county,administered_date,total_doses,cumulative_total_doses,pfizer_doses,cumulative_pfizer_doses,moderna_doses,cumulative_moderna_doses,jj_doses,cumulative_jj_doses,partially_vaccinated,total_partially_vaccinated,fully_vaccinated,cumulative_fully_vaccinated,at_least_one_dose,cumulative_at_least_one_dose,california_flag
All CA Counties,2020-12-15,1138,1138,1138,1138,0,0,0,0,1138,1138,0,0,1138,1138,
All CA Counties,2020-12-16,8274,9412,8274,9412,0,0,0,0,8274,9412,0,0,8274,9412,
All CA Counties,2020-12-17,25811,35223,25811,35223,0,0,0,0,25813,35225,0,0,25813,35225,
All CA Counties,2020-12-18,43844,79067,43788,79011,56,56,0,0,43845,79070,0,0,43845,79070,
All CA Counties,2020-12-19,25316,104383,25292,104303,24,80,0,0,25315,104384,1,1,25315,104385,
All CA Counties,2020-12-20,19000,123383,18973,123276,27,107,0,0,18999,123382,1,2,18999,123384,
All CA Counties,2020-12-21,49584,172967,49502,172778,82,189,0,0,49586,172967,1,3,49586,172970,
All CA Counties,2020-12-22,49918,222885,47794,220572,2124,2313,0,0,49916,222882,1,4,49916,222886,
All CA Counties,2020-12-23,50327,273212,41601,262173,8726,11039,0,0,50323,273205,0,4,50323,273209,
All CA Counties,2020-12-24,24034,297246,16331,278504,7703,18742,0,0,24031,297235,1,5,24031,297240,
All CA Counties,2020-12-25,2337,299583,2016,280520,321,19063,0,0,2337,299572,0,5,2337,299577,
All CA Counties,2020-12-26,14620,314203,9441,289961,5179,24242,0,0,14619,314190,1,6,14619,314196,
All CA Counties,2020-12-27,9401,323604,5571,295532,3830,28072,0,0,9400,323589,1,7,9400,323596,
All CA Counties,2020-12-28,45718,369322,29316,324848,16402,44474,0,0,45716,369302,3,10,45716,369312,
All CA Counties,2020-12-29,51069,420391,28521,353369,22548,67022,0,0,51064,420363,3,13,51064,420376,
All CA Counties,2020-12-30,62990,483381,35653,389022,27337,94359,0,0,62982,483342,3,16,62982,483358,
All CA Counties,2020-12-31,29335,512716,10857,399879,18478,112837,0,0,29327,512664,5,21,29327,512685,
All CA Counties,2021-01-01,4088,516804,1815,401694,2273,115110,0,0,4084,516745,3,24,4084,516769,
All CA Counties,2021-01-02,18490,535294,10245,411939,8245,123355,0,0,18489,535234,0,24,18489,535258,
All CA Counties,2021-01-03,6171,541465,3497,415436,2674,126029,0,0,6142,541364,12,36,6142,541400,
All CA Counties,2021-01-04,43574,585039,22094,437530,21480,147509,0,0,43495,584817,42,78,43495,584895,
All CA Counties,2021-01-05,56432,641471,29727,467257,26705,174214,0,0,50983,630497,5394,5472,51074,635969,
All CA Counties,2021-01-06,73336,714807,40500,507757,32836,207050,0,0,57991,673359,15167,20639,58029,693998,
All CA Counties,2021-01-07,91929,806736,52275,560032,39654,246704,0,0,61330,704304,30433,51072,61378,755376,
All CA Counties,2021-01-08,106570,913306,64043,624075,42527,289231,0,0,65460,728851,40978,92050,65525,820901,
All CA Counties,2021-01-09,44232,957538,25479,649554,18753,307984,0,0,27730,740132,16479,108529,27760,848661,
All CA Counties,2021-01-10,24294,981832,14842,664396,9452,317436,0,0,13064,742000,11213,119742,13081,861742,
All CA Counties,2021-01-11,104366,1086198,69457,733853,34909,352345,0,0,60609,759061,43717,163459,60778,922520,
All CA Counties,2021-01-12,112883,1199081,66606,800459,46277,398622,0,0,71906,790300,40898,204357,72137,994657,
All CA Counties,2021-01-13,118757,1317838,61492,861951,57265,455887,0,0,85104,841914,33569,237926,85183,1079840,
All CA Counties,2021-01-14,123642,1441480,49602,911553,74040,529927,0,0,104092,926716,19446,257372,104248,1184088,
All CA Counties,2021-01-15,141976,1583456,52128,963681,89848,619775,0,0,126945,1038924,14938,272310,127146,1311234,
All CA Counties,2021-01-16,80401,1663857,27398,991079,53003,672778,0,0,72866,1104329,7509,279819,72914,1384148,
All CA Counties,2021-01-17,48076,1711933,16799,1007878,31277,704055,0,0,44438,1145182,3631,283450,44484,1428632,
All CA Counties,2021-01-18,88117,1800050,46039,1053917,42078,746133,0,0,68918,1195138,19126,302576,69082,1497714,
All CA Counties,2021-01-19,141622,1941672,73415,1127332,68207,814340,0,0,110455,1274837,31076,333652,110775,1608489,
All CA Counties,2021-01-20,159759,2101431,81648,1208980,78111,892451,0,0,126141,1367829,33402,367054,126394,1734883,
All CA Counties,2021-01-21,173256,2274687,77037,1286017,96219,988670,0,0,154196,1503514,18854,385908,154539,1889422,
All CA Counties,2021-01-22,169414,2444101,69324,1355341,100090,1088760,0,0,155167,1644705,14117,400025,155308,2044730,
All CA Counties,2021-01-23,111191,2555292,49495,1404836,61696,1150456,0,0,98624,1730931,12509,412534,98735,2143465,
All CA Counties,2021-01-24,60970,2616262,29502,1434338,31468,1181924,0,0,56332,1782710,4607,417141,56386,2199851,
All CA Counties,2021-01-25,144447,2760709,65329,1499667,79118,1261042,0,0,109479,1857695,34845,451986,109830,2309681,
All CA Counties,2021-01-26,168120,2928829,82721,1582388,85399,1346441,0,0,130840,1951640,37153,489139,131098,2440779,
All CA Counties,2021-01-27,179702,3108531,87900,1670288,91802,1438243,0,0,140511,2053568,38790,527929,140718,2581497,
All CA Counties,2021-01-28,187252,3295783,86277,1756565,100975,1539218,0,0,153304,2173410,33661,561590,153503,2735000,
All CA Counties,2021-01-29,182894,3478677,88070,1844635,94824,1634042,0,0,148412,2288068,33917,595507,148575,2883575,
All CA Counties,2021-01-30,122876,3601553,55226,1899861,67650,1701692,0,0,107847,2381185,14866,610373,107983,2991558,
All CA Counties,2021-01-31,69300,3670853,38989,1938850,30311,1732003,0,0,64206,2440399,5046,615419,64260,3055818,
All CA Counties,2021-02-01,159314,3830167,73726,2012576,85588,1817591,0,0,120529,2522425,38633,654052,120659,3176477,
All CA Counties,2021-02-02,185877,4016044,79356,2091932,106521,1924112,0,0,140121,2617372,45393,699445,140340,3316817,
All CA Counties,2021-02-03,210682,4226726,95522,2187454,115160,2039272,0,0,156462,2720360,53714,753159,156702,3473519,
All CA Counties,2021-02-04,227781,4454507,99979,2287433,127802,2167074,0,0,167085,2827645,60152,813311,167437,3640956,
All CA Counties,2021-02-05,245794,4700301,106492,2393925,139302,2306376,0,0,167071,2917265,77962,891273,167582,3808538,
All CA Counties,2021-02-06,154695,4854996,74848,2468773,79847,2386223,0,0,119981,3003187,34548,925821,120470,3929008,
All CA Counties,2021-02-07,66813,4921809,43227,2512000,23586,2409809,0,0,50332,3037569,16399,942220,50781,3979789,
All CA Counties,2021-02-08,180309,5102118,88591,2600591,91718,2501527,0,0,119002,3096451,60853,1003073,119735,4099524,
All CA Counties,2021-02-09,210925,5313043,101905,2702496,109020,2610547,0,0,126533,3140188,83933,1087006,127670,4227194,
All CA Counties,2021-02-10,248241,5561284,119808,2822304,128433,2738980,0,0,137958,3170171,109444,1196450,139427,4366621,
All CA Counties,2021-02-11,264390,5825674,131130,2953434,133260,2872240,0,0,144853,3198346,118456,1314906,146631,4513252,
All CA Counties,2021-02-12,271766,6097440,119163,3072597,152603,3024843,0,0,146754,3223277,124176,1439082,149107,4662359,
All CA Counties,2021-02-13,166668,6264108,77238,3149835,89430,3114273,0,0,92149,3243280,74096,1513178,94099,4756458,
All CA Counties,2021-02-14,95362,6359470,47552,3197387,47810,3162083,0,0,51642,3252904,43560,1556738,53184,4809642,
All CA Counties,2021-02-15,142144,6501614,62431,3259818,79713,3241796,0,0,78651,3271557,63114,1619852,81767,4891409,
All CA Counties,2021-02-16,248443,6750057,117878,3377696,130565,3372361,0,0,133096,3292759,114976,1734828,136178,5027587,
All CA Counties,2021-02-17,258548,7008605,128724,3506420,129824,3502185,0,0,128936,3295818,129069,1863897,132128,5159715,
All CA Counties,2021-02-18,272199,7280804,142038,3648458,130161,3632346,0,0,131682,3291896,139791,2003688,135869,5295584,
All CA Counties,2021-02-19,252100,7532904,146295,3794753,105805,3738151,0,0,130318,3302983,121288,2124976,132375,5427959,
All CA Counties,2021-02-20,152533,7685437,97819,3892572,54714,3792865,0,0,84025,3320727,68246,2193222,85990,5513949,
All CA Counties,2021-02-21,81681,7767118,67657,3960229,14024,3806889,0,0,41238,3323310,40189,2233411,42772,5556721,
All CA Counties,2021-02-22,163464,7930582,109729,4069958,53735,3860624,0,0,82003,3325879,81132,2314543,83701,5640422,
All CA Counties,2021-02-23,224862,8155444,119207,4189165,105655,3966279,0,0,105011,3317590,119268,2433811,110979,5751401,
All CA Counties,2021-02-24,282415,8437859,142836,4332001,139579,4105858,0,0,134721,3312773,147061,2580872,142244,5893645,
All CA Counties,2021-02-25,319296,8757155,157266,4489267,162030,4267888,0,0,167823,3338330,150786,2731658,176343,6069988,
All CA Counties,2021-02-26,352201,9109356,164285,4653552,187916,4455804,0,0,197659,3389613,153616,2885274,204899,6274887,
All CA Counties,2021-02-27,250324,9359680,121800,4775352,128505,4584309,19,19,142134,3428570,107592,2992866,146549,6421436,
All CA Counties,2021-02-28,130357,9490037,77997,4853349,52355,4636664,5,24,76181,3453859,53728,3046594,79017,6500453,
All CA Counties,2021-03-01,239002,9729039,127531,4980880,111394,4748058,77,101,138098,3495811,100199,3146793,142151,6642604,
All CA Counties,2021-03-02,288137,10017176,145868,5126748,142251,4890309,18,119,174281,3563606,113367,3260160,181162,6823766,
All CA Counties,2021-03-03,331036,10348212,164359,5291107,166630,5056939,47,166,190885,3622332,139477,3399637,198203,7021969,
All CA Counties,2021-03-04,350305,10698517,177626,5468733,172591,5229530,88,254,205985,3691828,143582,3543219,213078,7235047,
All CA Counties,2021-03-05,338001,11036518,166590,5635323,170294,5399824,1117,1371,210661,3784280,126545,3669764,218997,7454044,
All CA Counties,2021-03-06,258242,11294760,132725,5768048,117719,5517543,7798,9169,160470,3859874,97356,3767120,172950,7626994,
All CA Counties,2021-03-07,127359,11422119,78403,5846451,44879,5562422,4077,13246,79837,3900117,47337,3814457,87580,7714574,
All CA Counties,2021-03-08,218201,11640320,106180,5952631,101634,5664056,10387,23633,143039,3983712,74784,3889241,158379,7872953,
All CA Counties,2021-03-09,290620,11930940,139128,6091759,135651,5799707,15841,39474,163216,4039910,126911,4016152,183109,8056062,
All CA Counties,2021-03-10,321413,12252353,160682,6252441,136355,5936062,24376,63850,174348,4096390,146407,4162559,202887,8258949,
All CA Counties,2021-03-11,375527,12627880,181687,6434128,160576,6096638,33264,97114,193059,4145396,181537,4344096,230543,8489492,
All CA Counties,2021-03-12,392616,13020496,175258,6609386,171126,6267764,46232,143346,192624,4189084,199202,4543298,242890,8732382,
All CA Counties,2021-03-13,281908,13302404,124747,6734133,126083,6393847,31078,174424,152329,4247604,129130,4672428,187650,8920032,
All CA Counties,2021-03-14,154603,13457007,83195,6817328,56432,6450279,14976,189400,78834,4268188,75491,4747919,96075,9016107,
All CA Counties,2021-03-15,289852,13746859,138547,6955875,130782,6581061,20523,209923,157947,4318854,131177,4879096,181843,9197950,
All CA Counties,2021-03-16,369506,14116365,173698,7129573,178546,6759607,17262,227185,214559,4399644,154222,5033318,235012,9432962,
All CA Counties,2021-03-17,382464,14498829,189359,7318932,174580,6934187,18525,245710,237154,4513319,144510,5177828,258185,9691147,
All CA Counties,2021-03-18,399715,14898544,204774,7523706,176998,7111185,17943,263653,238218,4611124,160425,5338253,258230,9949377,
All CA Counties,2021-03-19,407828,15306372,214087,7737793,172256,7283441,21485,285138,237965,4703643,168908,5507161,261427,10210804,
All CA Counties,2021-03-20,290383,15596755,152115,7889908,122568,7406009,15700,300838,184079,4799220,105645,5612806,201222,10412026,
All CA Counties,2021-03-21,141460,15738215,97321,7987229,36744,7442753,7395,308233,89092,4845027,52031,5664837,97838,10509864,
All CA Counties,2021-03-22,270782,16008997,157376,8144605,102430,7545183,10976,319209,177823,4944610,92222,5757059,191805,10701669,
All CA Counties,2021-03-23,354470,16363467,194529,8339134,149112,7694295,10829,330038,218979,5042365,134615,5891674,232370,10934039,
All CA Counties,2021-03-24,384104,16747571,219779,8558913,152155,7846450,12170,342208,224603,5122923,158317,6049991,238875,11172914,
All CA Counties,2021-03-25,414025,17161596,227835,8786748,171757,8018207,14433,356641,236043,5198836,176730,6226721,252643,11425557,
All CA Counties,2021-03-26,429676,17591272,229221,9015969,184647,8202854,15808,372449,233557,5256085,194965,6421686,252214,11677771,
All CA Counties,2021-03-27,308508,17899780,163468,9179437,133299,8336153,11741,384190,156996,5276366,150730,6572416,171011,11848782,
All CA Counties,2021-03-28,166409,18066189,106243,9285680,56595,8392748,3571,387761,88835,5293550,77132,6649548,94316,11943098,
All CA Counties,2021-03-29,307331,18373520,165620,9451300,133039,8525787,8672,396433,172599,5343297,134011,6783559,183758,12126856,
All CA Counties,2021-03-30,394540,18768060,199358,9650658,177399,8703186,17783,414216,223264,5415601,170539,6954098,242843,12369699,
All CA Counties,2021-03-31,421474,19189534,228718,9879376,171488,8874674,21268,435484,236712,5490863,183815,7137913,259077,12628776,
All CA Counties,2021-04-01,486416,19675950,249330,10128706,197874,9072548,39212,474696,269918,5586062,215337,7353250,310536,12939312,
All CA Counties,2021-04-02,467627,20143577,227672,10356378,197890,9270438,42065,516761,255056,5673660,211407,7564657,299005,13238317,
All CA Counties,2021-04-03,325451,20469028,165227,10521605,119725,9390163,40499,557260,162954,5716505,161894,7726551,204739,13443056,
All CA Counties,2021-04-04,132286,20601314,69014,10590619,44275,9434438,18997,576257,58163,5720044,73852,7800403,77391,13520447,
All CA Counties,2021-04-05,351804,20953118,181514,10772133,130948,9565386,39342,615599,174531,5759826,176633,7977036,216415,13736862,
All CA Counties,2021-04-06,455027,21408145,230917,11003050,158974,9724360,65136,680735,220836,5814485,233324,8210360,287983,14024845,
All CA Counties,2021-04-07,468655,21876800,243753,11246803,155494,9879854,69408,750143,228729,5874773,239045,8449405,299333,14324178,
All CA Counties,2021-04-08,494121,22370921,249673,11496476,161014,10040868,83434,833577,232846,5933089,260215,8709620,318531,14642709,
All CA Counties,2021-04-09,489004,22859925,244087,11740563,165925,10206793,78992,912569,226213,5979512,261803,8971423,308226,14950935,
All CA Counties,2021-04-10,362638,23222563,166359,11906922,123080,10329873,73199,985768,153361,6000136,208588,9180011,229212,15180147,
All CA Counties,2021-04-11,186145,23408708,104438,12011360,47763,10377636,33944,1019712,77741,6006549,108078,9288089,114491,15294638,
All CA Counties,2021-04-12,336942,23745650,173140,12184500,126068,10503704,37734,1057446,156867,6025463,179183,9467272,198097,15492735,
All CA Counties,2021-04-13,429598,24175248,240523,12425023,188147,10691851,928,1058374,240603,6081914,188061,9655333,244512,15737247,
All CA Counties,2021-04-14,447472,24622720,251348,12676371,195847,10887698,277,1058651,234947,6110153,211435,9866768,239674,15976921,
All CA Counties,2021-04-15,488098,25110818,284547,12960918,203312,11091010,239,1058890,274277,6174959,212459,10079227,277265,16254186,
All CA Counties,2021-04-16,473008,25583826,266737,13227655,205966,11296976,305,1059195,253926,6213623,217949,10297176,256613,16510799,
All CA Counties,2021-04-17,338949,25922775,190044,13417699,148863,11445839,42,1059237,193735,6266035,144473,10441649,196885,16707684,
All CA Counties,2021-04-18,153661,26076436,97538,13515237,56107,11501946,16,1059253,79774,6275288,73514,10515163,82767,16790451,
All CA Counties,2021-04-19,316231,26392667,182798,13698035,133346,11635292,87,1059340,150089,6262019,165301,10680464,152032,16942483,
All CA Counties,2021-04-20,404089,26796756,215474,13913509,188552,11823844,63,1059403,201828,6265649,201297,10881761,204927,17147410,
All CA Counties,2021-04-21,417481,27214237,237143,14150652,180085,12003929,253,1059656,201545,6255890,214625,11096386,204866,17352276,
All CA Counties,2021-04-22,443074,27657311,253070,14403722,189930,12193859,74,1059730,198286,6213915,243480,11339866,201505,17553781,
All CA Counties,2021-04-23,435019,28092330,248381,14652103,186555,12380414,83,1059813,198605,6180745,235122,11574988,201952,17755733,
All CA Counties,2021-04-24,320844,28413174,203044,14855147,117641,12498055,159,1059972,163731,6191641,156200,11731188,167096,17922829,
All CA Counties,2021-04-25,148865,28562039,98396,14953543,50404,12548459,65,1060037,80166,6204993,68282,11799470,81634,18004463,
All CA Counties,2021-04-26,278434,28840473,163762,15117305,113223,12661682,1449,1061486,120867,6174950,156682,11956152,126639,18131102,
All CA Counties,2021-04-27,347486,29187959,193766,15311071,148339,12810021,5381,1066867,140183,6117243,206266,12162418,148559,18279661,
All CA Counties,2021-04-28,345398,29533357,198215,15509286,139403,12949424,7780,1074647,140564,6064008,203859,12366277,150624,18430285,
All CA Counties,2021-04-29,354119,29887476,204433,15713719,141902,13091326,7784,1082431,127721,5975999,225335,12591612,137326,18567611,
All CA Counties,2021-04-30,369552,30257028,212568,15926287,148249,13239575,8735,1091166,139793,5897816,228608,12820220,150425,18718036,
All CA Counties,2021-05-01,244954,30501982,156801,16083088,82148,13321723,6005,1097171,89137,5840051,155113,12975333,97348,18815384,
All CA Counties,2021-05-02,115284,30617266,80235,16163323,31231,13352954,3818,1100989,40745,5810813,74165,13049498,44927,18860311,
All CA Counties,2021-05-03,250353,30867619,154736,16318059,87000,13439954,8617,1109606,75857,5722422,173707,13223205,85316,18945627,
All CA Counties,2021-05-04,323559,31191178,197401,16515460,116527,13556481,9631,1119237,95452,5601548,227097,13450302,106223,19051850,
All CA Counties,2021-05-05,326746,31517924,203266,16718726,113549,13670030,9931,1129168,91849,5470541,233746,13684048,102739,19154589,
All CA Counties,2021-05-06,345310,31863234,225894,16944620,109055,13779085,10361,1139529,87984,5315587,255783,13939831,100829,19255418,
All CA Counties,2021-05-07,341661,32204895,214501,17159121,117430,13896515,9730,1149259,93071,5172318,247293,14187124,104024,19359442,
All CA Counties,2021-05-08,222269,32427164,140952,17300073,74657,13971172,6660,1155919,61076,5081270,160169,14347293,69121,19428563,
All CA Counties,2021-05-09,93068,32520232,69941,17370014,20148,13991320,2979,1158898,25492,5043041,67125,14414418,28896,19457459,
All CA Counties,2021-05-10,198376,32718608,113601,17483615,77080,14068400,7695,1166593,49426,4953321,148090,14562508,58370,19515829,
All CA Counties,2021-05-11,256440,32975048,144265,17627880,104157,14172557,8018,1174611,67548,4842510,188020,14750528,77209,19593038,
All CA Counties,2021-05-12,249509,33224557,143784,17771664,97488,14270045,8237,1182848,68210,4739629,180353,14930881,77472,19670510,
All CA Counties,2021-05-13,285889,33510446,183972,17955636,94986,14365031,6931,1189779,106687,4677553,178109,15108990,116033,19786543,
All CA Counties,2021-05-14,326441,33836887,209161,18164797,108856,14473887,8424,1198203,128356,4619442,196975,15305965,138864,19925407,
All CA Counties,2021-05-15,267596,34104483,187419,18352216,74773,14548660,5404,1203607,110253,4579528,156546,15462511,116632,20042039,
All CA Counties,2021-05-16,129206,34233689,100347,18452563,25995,14574655,2864,1206471,52877,4559725,75932,15538443,56129,20098168,
All CA Counties,2021-05-17,231578,34465267,153351,18605914,71165,14645820,7062,1213533,96742,4530385,134005,15672448,104665,20202833,
All CA Counties,2021-05-18,270443,34735710,165670,18771584,97704,14743524,7069,1220602,110465,4490403,158904,15831352,118922,20321755,
All CA Counties,2021-05-19,252024,34987734,157348,18928932,87904,14831428,6772,1227374,107311,4461478,143795,15975147,114870,20436625,
All CA Counties,2021-05-20,114039,35101773,67100,18996032,43042,14874470,3897,1231271,41737,4435585,71782,16046929,45889,20482514,
All CA and Non-CA Counties,2020-12-15,1145,1145,1145,1145,0,0,0,0,1145,1145,0,0,1145,1145,
All CA and Non-CA Counties,2020-12-16,8542,9687,8542,9687,0,0,0,0,8542,9687,0,0,8542,9687,
All CA and Non-CA Counties,2020-12-17,27416,37103,27416,37103,0,0,0,0,27416,37103,0,0,27416,37103,
All CA and Non-CA Counties,2020-12-18,46409,83512,46346,83449,63,63,0,0,46409,83512,0,0,46409,83512,
All CA and Non-CA Counties,2020-12-19,26354,109866,26329,109778,25,88,0,0,26353,109864,1,1,26353,109865,
All CA and Non-CA Counties,2020-12-20,19678,129544,19648,129426,30,118,0,0,19677,129540,1,2,19677,129542,
All CA and Non-CA Counties,2020-12-21,51771,181315,51686,181112,85,203,0,0,51769,181308,1,3,51769,181311,
All CA and Non-CA Counties,2020-12-22,51975,233290,49778,230890,2197,2400,0,0,51973,233280,1,4,51973,233284,
All CA and Non-CA Counties,2020-12-23,51844,285134,42984,273874,8860,11260,0,0,51840,285120,0,4,51840,285124,
All CA and Non-CA Counties,2020-12-24,24839,309973,16942,290816,7897,19157,0,0,24836,309955,1,5,24836,309960,
All CA and Non-CA Counties,2020-12-25,2370,312343,2045,292861,325,19482,0,0,2370,312325,0,5,2370,312330,
All CA and Non-CA Counties,2020-12-26,14926,327269,9644,302505,5282,24764,0,0,14925,327249,1,6,14925,327255,
All CA and Non-CA Counties,2020-12-27,9591,336860,5645,308150,3946,28710,0,0,9590,336838,1,7,9590,336845,
All CA and Non-CA Counties,2020-12-28,47134,383994,30213,338363,16921,45631,0,0,47131,383966,3,10,47131,383976,
All CA and Non-CA Counties,2020-12-29,52622,436616,29541,367904,23081,68712,0,0,52618,436581,3,13,52618,436594,
All CA and Non-CA Counties,2020-12-30,64965,501581,36937,404841,28028,96740,0,0,64957,501535,3,16,64957,501551,
All CA and Non-CA Counties,2020-12-31,30455,532036,11457,416298,18998,115738,0,0,30445,531974,6,22,30445,531996,
All CA and Non-CA Counties,2021-01-01,4200,536236,1839,418137,2361,118099,0,0,4196,536167,3,25,4196,536192,
All CA and Non-CA Counties,2021-01-02,18730,554966,10378,428515,8352,126451,0,0,18728,554894,1,26,18728,554920,
All CA and Non-CA Counties,2021-01-03,6339,561305,3586,432101,2753,129204,0,0,6310,561192,12,38,6310,561230,
All CA and Non-CA Counties,2021-01-04,44728,606033,22612,454713,22116,151320,0,0,44643,605792,43,81,44643,605873,
All CA and Non-CA Counties,2021-01-05,57975,664008,30539,485252,27436,178756,0,0,52335,652636,5583,5664,52427,658300,
All CA and Non-CA Counties,2021-01-06,76051,740059,42102,527354,33949,212705,0,0,59972,696749,15898,21562,60011,718311,
All CA and Non-CA Counties,2021-01-07,96141,836200,54876,582230,41265,253970,0,0,63888,728603,32085,53647,63939,782250,
All CA and Non-CA Counties,2021-01-08,111084,947284,66964,649194,44120,298090,0,0,68097,753924,42846,96493,68167,850417,
All CA and Non-CA Counties,2021-01-09,45553,992837,26009,675203,19544,317634,0,0,28727,765880,16803,113296,28759,879176,
All CA and Non-CA Counties,2021-01-10,24598,1017435,15024,690227,9574,327208,0,0,13247,767810,11334,124630,13264,892440,
All CA and Non-CA Counties,2021-01-11,107684,1125119,71482,761709,36202,363410,0,0,62599,785534,45044,169674,62768,955208,
All CA and Non-CA Counties,2021-01-12,116769,1241888,68928,830637,47841,411251,0,0,74251,817584,42434,212108,74484,1029692,
All CA and Non-CA Counties,2021-01-13,122459,1364347,63310,893947,59149,470400,0,0,87631,870553,34744,246852,87713,1117405,
All CA and Non-CA Counties,2021-01-14,127376,1491723,50877,944824,76499,546899,0,0,107186,957824,20073,266925,107344,1224749,
All CA and Non-CA Counties,2021-01-15,146240,1637963,53124,997948,93116,640015,0,0,130742,1073375,15392,282317,130943,1355692,
All CA and Non-CA Counties,2021-01-16,83099,1721062,27785,1025733,55314,695329,0,0,75396,1141144,7675,289992,75444,1431136,
All CA and Non-CA Counties,2021-01-17,48575,1769637,16952,1042685,31623,726952,0,0,44887,1182396,3681,293673,44933,1476069,
All CA and Non-CA Counties,2021-01-18,89370,1859007,46863,1089548,42507,769459,0,0,69712,1232689,19584,313257,69877,1545946,
All CA and Non-CA Counties,2021-01-19,145681,2004688,74760,1164308,70921,840380,0,0,113619,1314661,31970,345227,113942,1659888,
All CA and Non-CA Counties,2021-01-20,164231,2168919,83138,1247446,81093,921473,0,0,129629,1410160,34384,379611,129883,1789771,
All CA and Non-CA Counties,2021-01-21,177445,2346364,78220,1325666,99225,1020698,0,0,157822,1548921,19404,399015,158165,1947936,
All CA and Non-CA Counties,2021-01-22,174069,2520433,70435,1396101,103634,1124332,0,0,159427,1693982,14508,413523,159569,2107505,
All CA and Non-CA Counties,2021-01-23,113451,2633884,49833,1445934,63618,1187950,0,0,100721,1782142,12672,426195,100832,2208337,
All CA and Non-CA Counties,2021-01-24,61576,2695460,29749,1475683,31827,1219777,0,0,56862,1834374,4684,430879,56916,2265253,
All CA and Non-CA Counties,2021-01-25,148940,2844400,67310,1542993,81630,1301407,0,0,113094,1912100,35720,466599,113446,2378699,
All CA and Non-CA Counties,2021-01-26,174153,3018553,85703,1628696,88450,1389857,0,0,136029,2010395,37999,504598,136294,2514993,
All CA and Non-CA Counties,2021-01-27,184541,3203094,90595,1719291,93946,1483803,0,0,144731,2115929,39405,544003,144939,2659932,
All CA and Non-CA Counties,2021-01-28,192690,3395784,89307,1808598,103383,1587186,0,0,158157,2240047,34238,578241,158356,2818288,
All CA and Non-CA Counties,2021-01-29,187976,3583760,91309,1899907,96667,1683853,0,0,152713,2358227,34698,612939,152878,2971166,
All CA and Non-CA Counties,2021-01-30,127389,3711149,57694,1957601,69695,1753548,0,0,112136,2455409,15091,628030,112273,3083439,
All CA and Non-CA Counties,2021-01-31,72479,3783628,41749,1999350,30730,1784278,0,0,67328,2517689,5103,633133,67383,3150822,
All CA and Non-CA Counties,2021-02-01,164831,3948459,76329,2075679,88502,1872780,0,0,125336,2603818,39337,672470,125466,3276288,
All CA and Non-CA Counties,2021-02-02,192705,4141164,81591,2157270,111114,1983894,0,0,146215,2704133,46119,718589,146434,3422722,
All CA and Non-CA Counties,2021-02-03,218056,4359220,97656,2254926,120400,2104294,0,0,162950,2812733,54591,773180,163191,3585913,
All CA and Non-CA Counties,2021-02-04,234652,4593872,102219,2357145,132433,2236727,0,0,172957,2924901,61142,834322,173310,3759223,
All CA and Non-CA Counties,2021-02-05,252629,4846501,108741,2465886,143888,2380615,0,0,172833,3019214,79031,913353,173344,3932567,
All CA and Non-CA Counties,2021-02-06,159187,5005688,77057,2542943,82130,2462745,0,0,124003,3108699,35010,948363,124495,4057062,
All CA and Non-CA Counties,2021-02-07,69083,5074771,45112,2588055,23971,2486716,0,0,52522,3145193,16479,964842,52973,4110035,
All CA and Non-CA Counties,2021-02-08,185790,5260561,92100,2680155,93690,2580406,0,0,123383,3207366,61943,1026785,124116,4234151,
All CA and Non-CA Counties,2021-02-09,215295,5475856,103901,2784056,111394,2691800,0,0,129579,3252849,85247,1112032,130730,4364881,
All CA and Non-CA Counties,2021-02-10,253903,5729759,121797,2905853,132106,2823906,0,0,141150,3283605,111906,1223938,142662,4507543,
All CA and Non-CA Counties,2021-02-11,269365,5999124,133503,3039356,135862,2959768,0,0,148454,3314035,119820,1343758,150250,4657793,
All CA and Non-CA Counties,2021-02-12,277060,6276184,121157,3160513,155903,3115671,0,0,150196,3340567,126021,1469779,152553,4810346,
All CA and Non-CA Counties,2021-02-13,169110,6445294,77968,3238481,91142,3206813,0,0,94044,3361930,74643,1544422,96006,4906352,
All CA and Non-CA Counties,2021-02-14,96716,6542010,47976,3286457,48740,3255553,0,0,52752,3372427,43799,1588221,54296,4960648,
All CA and Non-CA Counties,2021-02-15,144748,6686758,64014,3350471,80734,3336287,0,0,79917,3391027,64437,1652658,83037,5043685,
All CA and Non-CA Counties,2021-02-16,254999,6941757,120874,3471345,134125,3470412,0,0,135762,3411022,118855,1771513,138850,5182535,
All CA and Non-CA Counties,2021-02-17,264527,7206284,131729,3603074,132798,3603210,0,0,130812,3411864,133166,1904679,134008,5316543,
All CA and Non-CA Counties,2021-02-18,278755,7485039,145871,3748945,132884,3736094,0,0,133774,3405590,144236,2048915,137962,5454505,
All CA and Non-CA Counties,2021-02-19,258043,7743082,150464,3899409,107579,3843673,0,0,132810,3415726,124732,2173647,134868,5589373,
All CA and Non-CA Counties,2021-02-20,155904,7898986,100533,3999942,55371,3899044,0,0,85281,3432616,70357,2244004,87247,5676620,
All CA and Non-CA Counties,2021-02-21,84521,7983507,70280,4070222,14241,3913285,0,0,42090,3434068,42172,2286176,43624,5720244,
All CA and Non-CA Counties,2021-02-22,166950,8150457,112281,4182503,54669,3967954,0,0,83636,3436425,82982,2369158,85339,5805583,
All CA and Non-CA Counties,2021-02-23,230971,8381428,122643,4305146,108328,4076282,0,0,107395,3426817,122985,2492143,113377,5918960,
All CA and Non-CA Counties,2021-02-24,288890,8670318,146414,4451560,142476,4218758,0,0,137240,3420573,151012,2643155,144768,6063728,
All CA and Non-CA Counties,2021-02-25,326299,8996617,160834,4612394,165465,4384223,0,0,170997,3445510,154584,2797739,179521,6243249,
All CA and Non-CA Counties,2021-02-26,359086,9355703,167942,4780336,191144,4575367,0,0,200869,3496410,157210,2954949,208110,6451359,
All CA and Non-CA Counties,2021-02-27,255881,9611584,124617,4904953,131244,4706611,20,20,144037,3533639,111233,3066182,148462,6599821,
All CA and Non-CA Counties,2021-02-28,132825,9744409,79801,4984754,53018,4759629,6,26,76993,3558091,55380,3121562,79832,6679653,
All CA and Non-CA Counties,2021-03-01,244060,9988469,130768,5115522,113214,4872843,78,104,139470,3597744,103876,3225438,143529,6823182,
All CA and Non-CA Counties,2021-03-02,294961,10283430,148428,5263950,146515,5019358,18,122,176371,3662911,118087,3343525,183254,7006436,
All CA and Non-CA Counties,2021-03-03,338933,10622363,167450,5431400,171434,5190792,49,171,193534,3719057,144712,3488237,200858,7207294,
All CA and Non-CA Counties,2021-03-04,357161,10979524,180586,5611986,176483,5367275,92,263,208306,3786361,148101,3636338,215405,7422699,
All CA and Non-CA Counties,2021-03-05,343325,11322849,169307,5781293,172886,5540161,1132,1395,213406,3879007,129119,3765457,221765,7644464,
All CA and Non-CA Counties,2021-03-06,262870,11585719,134882,5916175,120033,5660194,7955,9350,162826,3954852,99626,3865083,175471,7819935,
All CA and Non-CA Counties,2021-03-07,128973,11714692,79441,5995616,45401,5705595,4131,13481,80826,3995515,47962,3913045,88625,7908560,
All CA and Non-CA Counties,2021-03-08,221353,11936045,108057,6103673,102663,5808258,10633,24114,145257,4080676,75690,3988735,160851,8069411,
All CA and Non-CA Counties,2021-03-09,295316,12231361,141537,6245210,137615,5945873,16164,40278,165965,4138002,128855,4117590,186181,8255592,
All CA and Non-CA Counties,2021-03-10,325839,12557200,162810,6408020,138140,6084013,24889,65167,177087,4196063,148085,4265675,206146,8461738,
All CA and Non-CA Counties,2021-03-11,381724,12938924,184849,6592869,162914,6246927,33961,99128,196397,4246251,184390,4450065,234578,8696316,
All CA and Non-CA Counties,2021-03-12,399158,13338082,179205,6772074,172981,6419908,46972,146100,196234,4291367,202125,4652190,247241,8943557,
All CA and Non-CA Counties,2021-03-13,285712,13623794,126945,6899019,127209,6547117,31558,177658,154934,4351782,130323,4782513,190738,9134295,
All CA and Non-CA Counties,2021-03-14,156423,13780217,84133,6983152,56972,6604089,15318,192976,79839,4372901,76304,4858817,97423,9231718,
All CA and Non-CA Counties,2021-03-15,293851,14074068,140597,7123749,132268,6736357,20986,213962,160051,4424246,133069,4991886,184414,9416132,
All CA and Non-CA Counties,2021-03-16,377056,14451124,178104,7301853,181314,6917671,17638,231600,218753,4506250,157575,5149461,239579,9655711,
All CA and Non-CA Counties,2021-03-17,390951,14842075,194838,7496691,177210,7094881,18903,250503,242268,4622050,147878,5297339,263678,9919389,
All CA and Non-CA Counties,2021-03-18,408043,15250118,209906,7706597,179654,7274535,18483,268986,243059,4721758,163903,5461242,263611,10183000,
All CA and Non-CA Counties,2021-03-19,415159,15665277,218425,7925022,174709,7449244,22025,291011,242370,4816304,171830,5633072,266376,10449376,
All CA and Non-CA Counties,2021-03-20,295092,15960369,155190,8080212,124117,7573361,15785,306796,187671,4914448,106755,5739827,204899,10654275,
All CA and Non-CA Counties,2021-03-21,143482,16103851,98687,8178899,37313,7610674,7482,314278,90708,4961555,52434,5792261,99541,10753816,
All CA and Non-CA Counties,2021-03-22,274042,16377893,159338,8338237,103641,7714315,11063,325341,180054,5062439,93239,5885500,194123,10947939,
All CA and Non-CA Counties,2021-03-23,360492,16738385,197596,8535833,151790,7866105,11106,336447,223089,5162685,136512,6022012,236758,11184697,
All CA and Non-CA Counties,2021-03-24,391395,17129780,223529,8759362,155273,8021378,12593,349040,229688,5246550,160516,6182528,244381,11429078,
All CA and Non-CA Counties,2021-03-25,422276,17552056,231692,8991054,175660,8197038,14924,363964,242081,5326794,178928,6361456,259172,11688250,
All CA and Non-CA Counties,2021-03-26,436302,17988358,232714,9223768,187604,8384642,15984,379948,237949,5386405,197170,6558626,256781,11945031,
All CA and Non-CA Counties,2021-03-27,313992,18302350,166547,9390315,135487,8520129,11958,391906,160455,5408341,152748,6711374,174684,12119715,
All CA and Non-CA Counties,2021-03-28,169452,18471802,107850,9498165,57873,8578002,3729,395635,90832,5426640,78172,6789546,96471,12216186,
All CA and Non-CA Counties,2021-03-29,312439,18784241,167898,9666063,135536,8713538,9005,404640,175550,5477520,136163,6925709,187043,12403229,
All CA and Non-CA Counties,2021-03-30,401356,19185597,202945,9869008,180083,8893621,18328,422968,227299,5551640,173310,7099019,247430,12650659,
All CA and Non-CA Counties,2021-03-31,427735,19613332,232474,10101482,173229,9066850,22032,445000,240084,5628152,186698,7285717,263210,12913869,
All CA and Non-CA Counties,2021-04-01,493847,20107179,253802,10355284,200207,9267057,39838,484838,274233,5725181,218443,7504160,315472,13229341,
All CA and Non-CA Counties,2021-04-02,476001,20583180,232104,10587388,200696,9467753,43201,528039,259425,5814288,215406,7719566,304513,13533854,
All CA and Non-CA Counties,2021-04-03,331565,20914745,168856,10756244,121060,9588813,41649,569688,166157,5858583,164799,7884365,209094,13742948,
All CA and Non-CA Counties,2021-04-04,134088,21048833,69895,10826139,44958,9633771,19235,588923,59149,5862530,74666,7959031,78613,13821561,
All CA and Non-CA Counties,2021-04-05,355927,21404760,183565,11009704,132361,9766132,40001,628924,176521,5902833,178761,8137792,219064,14040625,
All CA and Non-CA Counties,2021-04-06,461988,21866748,234670,11244374,160609,9926741,66709,695633,223645,5957732,237463,8375255,292362,14332987,
All CA and Non-CA Counties,2021-04-07,476825,22343573,248440,11492814,157297,10084038,71088,766721,231911,6017898,244026,8619281,304192,14637179,
All CA and Non-CA Counties,2021-04-08,502163,22845736,253946,11746760,162871,10246909,85346,852067,235968,6076333,265131,8884412,323566,14960745,
All CA and Non-CA Counties,2021-04-09,496482,23342218,247965,11994725,167608,10414517,80909,932976,229139,6123052,266350,9150762,313069,15273814,
All CA and Non-CA Counties,2021-04-10,368728,23710946,169440,12164165,124241,10538758,75047,1008023,155122,6142949,212918,9363680,232815,15506629,
All CA and Non-CA Counties,2021-04-11,188979,23899925,105978,12270143,48421,10587179,34580,1042603,78765,6149217,109884,9473564,116152,15622781,
All CA and Non-CA Counties,2021-04-12,340998,24240923,175400,12445543,127328,10714507,38270,1080873,158665,6168211,181436,9655000,200430,15823211,
All CA and Non-CA Counties,2021-04-13,435311,24676234,244203,12689746,190157,10904664,951,1081824,243553,6224871,190825,9845825,247485,16070696,
All CA and Non-CA Counties,2021-04-14,452700,25128934,254632,12944378,197787,11102451,281,1082105,237803,6253597,213808,10059633,242534,16313230,
All CA and Non-CA Counties,2021-04-15,494241,25623175,288360,13232738,205635,11308086,246,1082351,277598,6318955,215236,10274869,280594,16593824,
All CA and Non-CA Counties,2021-04-16,478895,26102070,270075,13502813,208508,11516594,312,1082663,257242,6358376,220517,10495386,259938,16853762,
All CA and Non-CA Counties,2021-04-17,344181,26446251,193144,13695957,150994,11667588,43,1082706,196738,6411559,146706,10642092,199889,17053651,
All CA and Non-CA Counties,2021-04-18,155766,26602017,98715,13794672,57034,11724622,17,1082723,80784,6420730,74608,10716700,83779,17137430,
All CA and Non-CA Counties,2021-04-19,320437,26922454,184811,13979483,135538,11860160,88,1082811,152307,6407694,167289,10883989,154253,17291683,
All CA and Non-CA Counties,2021-04-20,409503,27331957,217957,14197440,191483,12051643,63,1082874,204093,6410442,204444,11088433,207192,17498875,
All CA and Non-CA Counties,2021-04-21,423866,27755823,239813,14437253,183797,12235440,256,1083130,203871,6398953,218685,11307118,207196,17706071,
All CA and Non-CA Counties,2021-04-22,450142,28205965,256835,14694088,193230,12428670,77,1083207,201129,6355592,247713,11554831,204352,17910423,
All CA and Non-CA Counties,2021-04-23,441172,28647137,251606,14945694,189482,12618152,84,1083291,201353,6321773,238522,11793353,204703,18115126,
All CA and Non-CA Counties,2021-04-24,325785,28972922,206487,15152181,119135,12737287,163,1083454,165985,6332237,158893,11952246,169357,18284483,
All CA and Non-CA Counties,2021-04-25,151064,29123986,99705,15251886,51292,12788579,67,1083521,81315,6345694,69330,12021576,82787,18367270,
All CA and Non-CA Counties,2021-04-26,282147,29406133,165451,15417337,115224,12903803,1472,1084993,122586,6315400,158675,12180251,128381,18495651,
All CA and Non-CA Counties,2021-04-27,352907,29759040,195789,15613126,151445,13055248,5673,1090666,142247,6256702,209618,12389869,150920,18646571,
All CA and Non-CA Counties,2021-04-28,350356,30109396,200363,15813489,141816,13197064,8177,1098843,142591,6202972,206780,12596649,153050,18799621,
All CA and Non-CA Counties,2021-04-29,359112,30468508,206748,16020237,144147,13341211,8217,1107060,129706,6114394,228323,12824972,139745,18939366,
All CA and Non-CA Counties,2021-04-30,374594,30843102,215071,16235308,150356,13491567,9167,1116227,141800,6035628,231631,13056603,152865,19092231,
All CA and Non-CA Counties,2021-05-01,248233,31091335,158752,16394060,83047,13574614,6434,1122661,90516,5977780,157003,13213606,99155,19191386,
All CA and Non-CA Counties,2021-05-02,117174,31208509,81338,16475398,31894,13606508,3942,1126603,41611,5948510,75187,13288793,45917,19237303,
All CA and Non-CA Counties,2021-05-03,253390,31461899,156520,16631918,87973,13694481,8897,1135500,77138,5859929,175458,13464251,86877,19324180,
All CA and Non-CA Counties,2021-05-04,327833,31789732,199845,16831763,117911,13812392,10077,1145577,97115,5738558,229702,13693953,108331,19432511,
All CA and Non-CA Counties,2021-05-05,331394,32121126,206009,17037772,115086,13927478,10299,1155876,93733,5607051,236501,13930454,104994,19537505,
All CA and Non-CA Counties,2021-05-06,349842,32470968,228751,17266523,110393,14037871,10698,1166574,89738,5451415,258555,14189009,102919,19640424,
All CA and Non-CA Counties,2021-05-07,346611,32817579,217425,17483948,119076,14156947,10110,1176684,95049,5307545,250253,14439262,106383,19746807,
All CA and Non-CA Counties,2021-05-08,225869,33043448,143428,17627376,75533,14232480,6908,1183592,62619,5216295,162163,14601425,70913,19817720,
All CA and Non-CA Counties,2021-05-09,94472,33137920,70845,17698221,20520,14253000,3107,1186699,26088,5178001,67913,14669338,29619,19847339,
All CA and Non-CA Counties,2021-05-10,201080,33339000,114857,17813078,78202,14331202,8021,1194720,50513,5088098,149688,14819026,59785,19907124,
All CA and Non-CA Counties,2021-05-11,259416,33598416,145754,17958832,105361,14436563,8301,1203021,68805,4977111,189737,15008763,78750,19985874,
All CA and Non-CA Counties,2021-05-12,252654,33851070,145319,18104151,98767,14535330,8568,1211589,69579,4874158,182124,15190887,79171,20065045,
All CA and Non-CA Counties,2021-05-13,289480,34140550,186157,18290308,96159,14631489,7164,1218753,108336,4812031,180043,15370930,117916,20182961,
All CA and Non-CA Counties,2021-05-14,330937,34471487,211922,18502230,110325,14741814,8690,1227443,130545,4754076,199273,15570203,141318,20324279,
All CA and Non-CA Counties,2021-05-15,271303,34742790,189900,18692130,75843,14817657,5560,1233003,111870,4713852,158629,15728832,118405,20442684,
All CA and Non-CA Counties,2021-05-16,131136,34873926,101620,18793750,26570,14844227,2946,1235949,53924,4694300,76812,15805644,57260,20499944,
All CA and Non-CA Counties,2021-05-17,235346,35109272,155530,18949280,72517,14916744,7299,1243248,98745,4665440,135766,15941410,106906,20606850,
All CA and Non-CA Counties,2021-05-18,274453,35383725,167943,19117223,99103,15015847,7407,1250655,112618,4626098,160750,16102160,121408,20728258,
All CA and Non-CA Counties,2021-05-19,256019,35639744,159635,19276858,89356,15105203,7028,1257683,109418,4597656,145674,16247834,117232,20845490,
All CA and Non-CA Counties,2021-05-20,115385,35755129,67783,19344641,43581,15148784,4021,1261704,42256,4571587,72604,16320438,46535,20892025,
Outside California,2020-12-15,7,7,7,7,0,0,0,0,7,7,0,0,7,7,Not in California
Outside California,2020-12-16,268,275,268,275,0,0,0,0,268,275,0,0,268,275,Not in California
Outside California,2020-12-17,1603,1878,1603,1878,0,0,0,0,1603,1878,0,0,1603,1878,Not in California
Outside California,2020-12-18,2564,4442,2557,4435,7,7,0,0,2564,4442,0,0,2564,4442,Not in California
Outside California,2020-12-19,1038,5480,1037,5472,1,8,0,0,1038,5480,0,0,1038,5480,Not in California
Outside California,2020-12-20,678,6158,675,6147,3,11,0,0,678,6158,0,0,678,6158,Not in California
Outside California,2020-12-21,2183,8341,2180,8327,3,14,0,0,2183,8341,0,0,2183,8341,Not in California
Outside California,2020-12-22,2057,10398,1984,10311,73,87,0,0,2057,10398,0,0,2057,10398,Not in California
Outside California,2020-12-23,1517,11915,1383,11694,134,221,0,0,1517,11915,0,0,1517,11915,Not in California
Outside California,2020-12-24,805,12720,611,12305,194,415,0,0,805,12720,0,0,805,12720,Not in California
Outside California,2020-12-25,33,12753,29,12334,4,419,0,0,33,12753,0,0,33,12753,Not in California
Outside California,2020-12-26,306,13059,203,12537,103,522,0,0,306,13059,0,0,306,13059,Not in California
Outside California,2020-12-27,190,13249,74,12611,116,638,0,0,190,13249,0,0,190,13249,Not in California
Outside California,2020-12-28,1412,14661,893,13504,519,1157,0,0,1412,14661,0,0,1412,14661,Not in California
Outside California,2020-12-29,1550,16211,1017,14521,533,1690,0,0,1550,16211,0,0,1550,16211,Not in California
Outside California,2020-12-30,1919,18130,1228,15749,691,2381,0,0,1919,18130,0,0,1919,18130,Not in California
Outside California,2020-12-31,1119,19249,600,16349,519,2900,0,0,1118,19247,1,1,1118,19248,Not in California
Outside California,2021-01-01,112,19361,24,16373,88,2988,0,0,112,19359,0,1,112,19360,Not in California
Outside California,2021-01-02,239,19600,133,16506,106,3094,0,0,238,19596,1,2,238,19598,Not in California
Outside California,2021-01-03,168,19768,89,16595,79,3173,0,0,168,19764,0,2,168,19766,Not in California
Outside California,2021-01-04,1151,20919,515,17110,636,3809,0,0,1146,20909,1,3,1146,20912,Not in California
Outside California,2021-01-05,1543,22462,812,17922,731,4540,0,0,1352,22073,189,192,1353,22265,Not in California
Outside California,2021-01-06,2710,25172,1598,19520,1112,5652,0,0,1976,23319,731,923,1977,24242,Not in California
Outside California,2021-01-07,4142,29314,2532,22052,1610,7262,0,0,2488,24158,1652,2575,2491,26733,Not in California
Outside California,2021-01-08,4514,33828,2921,24973,1593,8855,0,0,2636,24931,1868,4443,2641,29374,Not in California
Outside California,2021-01-09,1319,35147,528,25501,791,9646,0,0,994,25603,324,4767,996,30370,Not in California
Outside California,2021-01-10,304,35451,182,25683,122,9768,0,0,183,25665,121,4888,183,30553,Not in California
Outside California,2021-01-11,3299,38750,2006,27689,1293,11061,0,0,1972,26310,1327,6215,1972,32525,Not in California
Outside California,2021-01-12,3877,42627,2314,30003,1563,12624,0,0,2338,27114,1535,7750,2339,34864,Not in California
Outside California,2021-01-13,3691,46318,1807,31810,1884,14508,0,0,2516,28458,1175,8925,2519,37383,Not in California
Outside California,2021-01-14,3731,50049,1272,33082,2459,16967,0,0,3091,30924,627,9552,3093,40476,Not in California
Outside California,2021-01-15,4259,54308,992,34074,3267,20234,0,0,3792,34262,454,10006,3792,44268,Not in California
Outside California,2021-01-16,2692,57000,381,34455,2311,22545,0,0,2524,36620,166,10172,2524,46792,Not in California
Outside California,2021-01-17,496,57496,150,34605,346,22891,0,0,446,37016,50,10222,446,47238,Not in California
Outside California,2021-01-18,1199,58695,770,35375,429,23320,0,0,742,37303,456,10678,743,47981,Not in California
Outside California,2021-01-19,4035,62730,1321,36696,2714,26034,0,0,3144,39559,891,11569,3147,51128,Not in California
Outside California,2021-01-20,4392,67122,1410,38106,2982,29016,0,0,3459,42089,930,12499,3460,54588,Not in California
Outside California,2021-01-21,4129,71251,1125,39231,3004,32020,0,0,3565,45105,549,13048,3565,58153,Not in California
Outside California,2021-01-22,4617,75868,1078,40309,3539,35559,0,0,4222,48937,391,13439,4223,62376,Not in California
Outside California,2021-01-23,2249,78117,333,40642,1916,37475,0,0,2086,50860,163,13602,2086,64462,Not in California
Outside California,2021-01-24,604,78721,245,40887,359,37834,0,0,527,51310,77,13679,527,64989,Not in California
Outside California,2021-01-25,4473,83194,1963,42850,2510,40344,0,0,3598,54037,872,14551,3599,68588,Not in California
Outside California,2021-01-26,5939,89133,2888,45738,3051,43395,0,0,5092,58290,846,15397,5099,73687,Not in California
Outside California,2021-01-27,4822,93955,2678,48416,2144,45539,0,0,4204,61881,614,16011,4205,77892,Not in California
Outside California,2021-01-28,5284,99239,2878,51294,2406,47945,0,0,4756,66120,517,16528,4756,82648,Not in California
Outside California,2021-01-29,4937,104176,3094,54388,1843,49788,0,0,4152,69494,780,17308,4154,86802,Not in California
Outside California,2021-01-30,4503,108679,2460,56848,2043,51831,0,0,4276,73547,224,17532,4277,91079,Not in California
Outside California,2021-01-31,3163,111842,2744,59592,419,52250,0,0,3106,76598,56,17588,3107,94186,Not in California
Outside California,2021-02-01,5480,117322,2568,62160,2912,55162,0,0,4785,80696,687,18275,4785,98971,Not in California
Outside California,2021-02-02,6761,124083,2169,64329,4592,59754,0,0,6034,86010,720,18995,6034,105005,Not in California
Outside California,2021-02-03,7327,131410,2089,66418,5238,64992,0,0,6453,91598,866,19861,6454,111459,Not in California
Outside California,2021-02-04,6810,138220,2183,68601,4627,69619,0,0,5816,96430,985,20846,5817,117276,Not in California
Outside California,2021-02-05,6815,145035,2233,70834,4582,74201,0,0,5746,101111,1065,21911,5746,123022,Not in California
Outside California,2021-02-06,4478,149513,2195,73029,2283,76484,0,0,4013,104671,456,22367,4016,127038,Not in California
Outside California,2021-02-07,2262,151775,1877,74906,385,76869,0,0,2184,106779,78,22445,2186,129224,Not in California
Outside California,2021-02-08,5428,157203,3459,78365,1969,78838,0,0,4366,110094,1051,23496,4366,133590,Not in California
Outside California,2021-02-09,4352,161555,1978,80343,2374,81212,0,0,3041,111849,1300,24796,3055,136645,Not in California
Outside California,2021-02-10,5628,167183,1959,82302,3669,84881,0,0,3183,112638,2437,27233,3226,139871,Not in California
Outside California,2021-02-11,4882,172065,2281,84583,2601,87482,0,0,3558,114901,1313,28546,3576,143447,Not in California
Outside California,2021-02-12,5254,177319,1961,86544,3293,90775,0,0,3431,116520,1816,30362,3435,146882,Not in California
Outside California,2021-02-13,2433,179752,728,87272,1705,92480,0,0,1887,117873,546,30908,1899,148781,Not in California
Outside California,2021-02-14,1347,181099,423,87695,924,93404,0,0,1105,118742,238,31146,1107,149888,Not in California
Outside California,2021-02-15,2560,183659,1545,89240,1015,94419,0,0,1237,118673,1310,32456,1241,151129,Not in California
Outside California,2021-02-16,6451,190110,2900,92140,3551,97970,0,0,2634,117507,3806,36262,2640,153769,Not in California
Outside California,2021-02-17,5969,196079,2997,95137,2972,100942,0,0,1872,115291,4092,40354,1876,155645,Not in California
Outside California,2021-02-18,6451,202530,3733,98870,2718,103660,0,0,2073,113006,4359,44713,2074,157719,Not in California
Outside California,2021-02-19,5749,208279,3980,102850,1769,105429,0,0,2435,112134,3308,48021,2436,160155,Not in California
Outside California,2021-02-20,3364,211643,2709,105559,655,106084,0,0,1254,111283,2106,50127,1255,161410,Not in California
Outside California,2021-02-21,2825,214468,2608,108167,217,106301,0,0,851,110165,1969,52096,851,162261,Not in California
Outside California,2021-02-22,3477,217945,2543,110710,934,107235,0,0,1627,109950,1847,53943,1632,163893,Not in California
Outside California,2021-02-23,6046,223991,3385,114095,2661,109896,0,0,2369,108663,3670,57613,2383,166276,Not in California
Outside California,2021-02-24,6432,230423,3543,117638,2889,112785,0,0,2504,107249,3923,61536,2509,168785,Not in California
Outside California,2021-02-25,6932,237355,3510,121148,3422,116207,0,0,3149,106650,3752,65288,3153,171938,Not in California
Outside California,2021-02-26,6846,244201,3632,124780,3214,119421,0,0,3188,106260,3579,68867,3189,175127,Not in California
Outside California,2021-02-27,5535,249736,2801,127581,2733,122154,1,1,1891,104528,3633,72500,1901,177028,Not in California
Outside California,2021-02-28,2451,252187,1791,129372,659,122813,1,2,802,103686,1647,74147,805,177833,Not in California
Outside California,2021-03-01,5013,257200,3210,132582,1802,124615,1,3,1347,101382,3657,77804,1353,179186,Not in California
Outside California,2021-03-02,6805,264005,2553,135135,4252,128867,0,3,2078,98747,4715,82519,2080,181266,Not in California
Outside California,2021-03-03,7885,271890,3084,138219,4799,133666,2,5,2641,96162,5232,87751,2647,183913,Not in California
Outside California,2021-03-04,6812,278702,2919,141138,3889,137555,4,9,2308,93988,4488,92239,2314,186227,Not in California
Outside California,2021-03-05,5299,284001,2702,143840,2582,140137,15,24,2723,94166,2568,94807,2746,188973,Not in California
Outside California,2021-03-06,4609,288610,2146,145986,2308,142445,155,179,2341,94404,2266,97073,2504,191477,Not in California
Outside California,2021-03-07,1612,290222,1037,147023,521,142966,54,233,986,94821,625,97698,1042,192519,Not in California
Outside California,2021-03-08,3120,293342,1854,148877,1022,143988,244,477,2210,96402,881,98579,2462,194981,Not in California
Outside California,2021-03-09,4657,297999,2377,151254,1961,145949,319,796,2740,97548,1913,100492,3059,198040,Not in California
Outside California,2021-03-10,4417,302416,2122,153376,1784,147733,511,1307,2734,99127,1673,102165,3252,201292,Not in California
Outside California,2021-03-11,6167,308583,3149,156525,2336,150069,682,1989,3330,100308,2831,104996,4012,205304,Not in California
Outside California,2021-03-12,6470,315053,3891,160416,1844,151913,735,2724,3599,101779,2864,107860,4335,209639,Not in California
Outside California,2021-03-13,3789,318842,2194,162610,1119,153032,476,3200,2598,103673,1183,109043,3077,212716,Not in California
Outside California,2021-03-14,1806,320648,932,163542,534,153566,340,3540,1000,104209,805,109848,1341,214057,Not in California
Outside California,2021-03-15,3969,324617,2039,165581,1469,155035,461,4001,2084,104879,1879,111727,2549,216606,Not in California
Outside California,2021-03-16,7504,332121,4386,169967,2746,157781,372,4373,4168,106082,3334,115061,4537,221143,Not in California
Outside California,2021-03-17,8449,340570,5465,175432,2607,160388,377,4750,5081,108177,3364,118425,5459,226602,Not in California
Outside California,2021-03-18,8297,348867,5114,180546,2643,163031,540,5290,4823,110074,3466,121891,5363,231965,Not in California
Outside California,2021-03-19,7303,356170,4320,184866,2443,165474,540,5830,4384,112087,2915,124806,4928,236893,Not in California
Outside California,2021-03-20,4682,360852,3060,187926,1537,167011,85,5915,3576,114649,1099,125905,3661,240554,Not in California
Outside California,2021-03-21,2003,362855,1353,189279,563,167574,87,6002,1601,115937,400,126305,1688,242242,Not in California
Outside California,2021-03-22,3224,366079,1943,191222,1195,168769,86,6088,2213,117231,1005,127310,2299,244541,Not in California
Outside California,2021-03-23,5999,372078,3058,194280,2669,171438,272,6360,4099,119717,1886,129196,4372,248913,Not in California
Outside California,2021-03-24,7268,379346,3741,198021,3104,174542,423,6783,5067,123011,2194,131390,5488,254401,Not in California
Outside California,2021-03-25,8214,387560,3833,201854,3890,178432,491,7274,6013,127326,2189,133579,6504,260905,Not in California
Outside California,2021-03-26,6590,394150,3473,205327,2946,181378,171,7445,4373,129679,2190,135769,4543,265448,Not in California
Outside California,2021-03-27,5453,399603,3065,208392,2174,183552,214,7659,3442,131330,2002,137771,3653,269101,Not in California
Outside California,2021-03-28,3027,402630,1598,209990,1271,184823,158,7817,1986,132438,1036,138807,2144,271245,Not in California
Outside California,2021-03-29,5070,407700,2260,212250,2478,187301,332,8149,2927,133558,2140,140947,3260,274505,Not in California
Outside California,2021-03-30,6775,414475,3562,215812,2668,189969,545,8694,4009,135363,2756,143703,4561,279066,Not in California
Outside California,2021-03-31,6227,420702,3735,219547,1728,191697,764,9458,3349,136601,2872,146575,4110,283176,Not in California
Outside California,2021-04-01,7411,428113,4457,224004,2328,194025,626,10084,4301,138422,3101,149676,4922,288098,Not in California
Outside California,2021-04-02,8334,436447,4416,228420,2791,196816,1127,11211,4351,139927,3976,153652,5481,293579,Not in California
Outside California,2021-04-03,6095,442542,3620,232040,1325,198141,1150,12361,3192,141376,2895,156547,4344,297923,Not in California
Outside California,2021-04-04,1785,444327,877,232917,670,198811,238,12599,976,141780,808,157355,1212,299135,Not in California
Outside California,2021-04-05,4091,448418,2033,234950,1400,200211,658,13257,1973,142297,2114,159469,2631,301766,Not in California
Outside California,2021-04-06,6940,455358,3740,238690,1628,201839,1572,14829,2797,142534,4129,163598,4366,306132,Not in California
Outside California,2021-04-07,8136,463494,4664,243354,1792,203631,1680,16509,3155,142393,4973,168571,4832,310964,Not in California
Outside California,2021-04-08,8012,471506,4253,247607,1851,205482,1908,18417,3106,142510,4898,173469,5015,315979,Not in California
Outside California,2021-04-09,7443,478949,3853,251460,1673,207155,1917,20334,2900,142791,4536,178005,4817,320796,Not in California
Outside California,2021-04-10,6080,485029,3072,254532,1160,208315,1848,22182,1752,142062,4323,182328,3594,324390,Not in California
Outside California,2021-04-11,2823,487852,1533,256065,654,208969,636,22818,1019,141917,1801,184129,1656,326046,Not in California
Outside California,2021-04-12,4018,491870,2239,258304,1244,210213,535,23353,1781,142002,2230,186359,2315,328361,Not in California
Outside California,2021-04-13,5669,497539,3654,261958,1992,212205,23,23376,2925,142212,2738,189097,2948,331309,Not in California
Outside California,2021-04-14,5202,502741,3276,265234,1922,214127,4,23380,2846,142711,2351,191448,2850,334159,Not in California
Outside California,2021-04-15,6112,508853,3797,269031,2309,216436,6,23386,3305,143268,2755,194203,3312,337471,Not in California
Outside California,2021-04-16,5862,514715,3323,272354,2532,218968,7,23393,3301,144026,2552,196755,3310,340781,Not in California
Outside California,2021-04-17,5213,519928,3088,275442,2124,221092,1,23394,2985,144791,2220,198975,2985,343766,Not in California
Outside California,2021-04-18,2085,522013,1169,276611,915,222007,1,23395,998,144709,1082,200057,1000,344766,Not in California
Outside California,2021-04-19,4170,526183,1991,278602,2178,224185,1,23396,2190,144932,1970,202027,2193,346959,Not in California
Outside California,2021-04-20,5388,531571,2468,281070,2920,227105,0,23396,2254,144059,3127,205154,2254,349213,Not in California
Outside California,2021-04-21,6350,537921,2655,283725,3692,230797,3,23399,2296,142323,4036,209190,2300,351513,Not in California
Outside California,2021-04-22,7046,544967,3751,287476,3292,234089,3,23402,2819,140930,4216,213406,2823,354336,Not in California
Outside California,2021-04-23,6122,551089,3210,290686,2911,237000,1,23403,2722,140269,3386,216792,2725,357061,Not in California
Outside California,2021-04-24,4915,556004,3429,294115,1482,238482,4,23407,2224,139816,2684,219476,2231,359292,Not in California
Outside California,2021-04-25,2176,558180,1300,295415,874,239356,2,23409,1135,139918,1037,220513,1139,360431,Not in California
Outside California,2021-04-26,3665,561845,1650,297065,1992,241348,23,23432,1678,139640,1979,222492,1701,362132,Not in California
Outside California,2021-04-27,5359,567204,1975,299040,3092,244440,292,23724,2017,138621,3333,225825,2314,364446,Not in California
Outside California,2021-04-28,4931,572135,2129,301169,2406,246846,396,24120,2018,138135,2902,228727,2416,366862,Not in California
Outside California,2021-04-29,4960,577095,2294,303463,2233,249079,433,24553,1973,137575,2967,231694,2407,369269,Not in California
Outside California,2021-04-30,5014,582109,2489,305952,2098,251177,427,24980,1994,136989,3008,234702,2422,371691,Not in California
Outside California,2021-05-01,3251,585360,1930,307882,892,252069,429,25409,1363,136902,1878,236580,1791,373482,Not in California
Outside California,2021-05-02,1876,587236,1096,308978,657,252726,123,25532,860,136871,1014,237594,983,374465,Not in California
Outside California,2021-05-03,3011,590247,1765,310743,968,253694,278,25810,1273,136689,1733,239327,1551,376016,Not in California
Outside California,2021-05-04,4253,594500,2433,313176,1378,255072,442,26252,1658,136199,2589,241916,2099,378115,Not in California
Outside California,2021-05-05,4619,599119,2732,315908,1520,256592,367,26619,1870,135699,2740,244656,2240,380355,Not in California
Outside California,2021-05-06,4511,603630,2845,318753,1331,257923,335,26954,1745,135018,2760,247416,2079,382434,Not in California
Outside California,2021-05-07,4924,608554,2910,321663,1636,259559,378,27332,1967,134419,2945,250361,2346,384780,Not in California
Outside California,2021-05-08,3584,612138,2466,324129,872,260431,246,27578,1536,134216,1986,252347,1783,386563,Not in California
Outside California,2021-05-09,1386,613524,899,325028,363,260794,124,27702,588,134149,778,253125,711,387274,Not in California
Outside California,2021-05-10,2686,616210,1245,326273,1116,261910,325,28027,1084,133976,1584,254709,1411,388685,Not in California
Outside California,2021-05-11,2872,619082,1422,327695,1178,263088,272,28299,1170,133719,1700,256409,1443,390128,Not in California
Outside California,2021-05-12,2877,621959,1337,329032,1237,264325,303,28602,1157,133463,1715,258124,1459,391587,Not in California
Outside California,2021-05-13,3288,625247,1956,330988,1105,265430,227,28829,1380,133170,1900,260024,1607,393194,Not in California
Outside California,2021-05-14,4045,629292,2388,333376,1398,266828,259,29088,1775,132941,2263,262287,2034,395228,Not in California
Outside California,2021-05-15,3306,632598,2159,335535,996,267824,151,29239,1255,132303,2044,264331,1406,396634,Not in California
Outside California,2021-05-16,1630,634228,1054,336589,500,268324,76,29315,779,132312,848,265179,857,397491,Not in California
Outside California,2021-05-17,3169,637397,1692,338281,1256,269580,221,29536,1467,132302,1698,266877,1688,399179,Not in California
Outside California,2021-05-18,3414,640811,1793,340074,1294,270874,327,29863,1611,132443,1792,268669,1933,401112,Not in California
Outside California,2021-05-19,3459,644270,1855,341929,1358,272232,246,30109,1611,132459,1840,270509,1856,402968,Not in California
Outside California,2021-05-20,1346,645616,683,342612,539,272771,124,30233,519,132283,822,271331,646,403614,Not in California
Unknown,2020-12-17,2,2,2,2,0,0,0,0,0,0,0,0,0,0,Not in California
Unknown,2020-12-18,1,3,1,3,0,0,0,0,0,0,0,0,0,0,Not in California
Unknown,2020-12-21,4,7,4,7,0,0,0,0,0,0,0,0,0,0,Not in California
Unknown,2020-12-28,4,11,4,11,0,0,0,0,3,3,0,0,3,3,Not in California
Unknown,2020-12-29,3,14,3,14,0,0,0,0,4,7,0,0,4,7,Not in California
Unknown,2020-12-30,56,70,56,70,0,0,0,0,56,63,0,0,56,63,Not in California
Unknown,2020-12-31,1,71,0,70,1,1,0,0,0,63,0,0,0,63,Not in California
Unknown,2021-01-02,1,72,0,70,1,2,0,0,1,64,0,0,1,64,Not in California
Unknown,2021-01-04,3,75,3,73,0,2,0,0,2,66,0,0,2,66,Not in California
Unknown,2021-01-06,5,80,4,77,1,3,0,0,5,71,0,0,5,71,Not in California
Unknown,2021-01-07,70,150,69,146,1,4,0,0,70,141,0,0,70,141,Not in California
Unknown,2021-01-09,2,152,2,148,0,4,0,0,3,144,0,0,3,144,Not in California
Unknown,2021-01-11,19,171,19,167,0,4,0,0,18,162,0,0,18,162,Not in California
Unknown,2021-01-12,9,180,8,175,1,5,0,0,7,169,1,1,8,170,Not in California
Unknown,2021-01-13,11,191,11,186,0,5,0,0,11,180,0,1,11,181,Not in California
Unknown,2021-01-14,3,194,3,189,0,5,0,0,3,183,0,1,3,184,Not in California
Unknown,2021-01-15,5,199,4,193,1,6,0,0,5,188,0,1,5,189,Not in California
Unknown,2021-01-16,6,205,6,199,0,6,0,0,6,194,0,1,6,195,Not in California
Unknown,2021-01-17,3,208,3,202,0,6,0,0,3,197,0,1,3,198,Not in California
Unknown,2021-01-18,54,262,54,256,0,6,0,0,52,247,2,3,52,250,Not in California
Unknown,2021-01-19,24,286,24,280,0,6,0,0,20,264,3,6,20,270,Not in California
Unknown,2021-01-20,80,366,80,360,0,6,0,0,29,241,52,58,29,299,Not in California
Unknown,2021-01-21,60,426,58,418,2,8,0,0,61,301,1,59,61,360,Not in California
Unknown,2021-01-22,38,464,33,451,5,13,0,0,38,339,0,59,38,398,Not in California
Unknown,2021-01-23,11,475,5,456,6,19,0,0,11,350,0,59,11,409,Not in California
Unknown,2021-01-24,2,477,2,458,0,19,0,0,3,353,0,59,3,412,Not in California
Unknown,2021-01-25,20,497,18,476,2,21,0,0,17,367,3,62,17,429,Not in California
Unknown,2021-01-26,94,591,94,570,0,21,0,0,97,464,0,62,97,526,Not in California
Unknown,2021-01-27,17,608,17,587,0,21,0,0,16,479,1,63,16,542,Not in California
Unknown,2021-01-28,154,762,152,739,2,23,0,0,97,516,60,123,97,639,Not in California
Unknown,2021-01-29,145,907,145,884,0,23,0,0,149,664,1,124,149,788,Not in California
Unknown,2021-01-30,10,917,8,892,2,25,0,0,13,676,1,125,13,801,Not in California
Unknown,2021-01-31,16,933,16,908,0,25,0,0,16,691,1,126,16,817,Not in California
Unknown,2021-02-01,37,970,35,943,2,27,0,0,22,696,17,143,22,839,Not in California
Unknown,2021-02-02,67,1037,66,1009,1,28,0,0,60,750,6,149,60,899,Not in California
Unknown,2021-02-03,47,1084,45,1054,2,30,0,0,35,774,11,160,35,934,Not in California
Unknown,2021-02-04,61,1145,57,1111,4,34,0,0,56,825,5,165,56,990,Not in California
Unknown,2021-02-05,20,1165,16,1127,4,38,0,0,16,837,4,169,16,1006,Not in California
Unknown,2021-02-06,14,1179,14,1141,0,38,0,0,9,840,6,175,9,1015,Not in California
Unknown,2021-02-07,8,1187,8,1149,0,38,0,0,6,844,2,177,6,1021,Not in California
Unknown,2021-02-08,53,1240,50,1199,3,41,0,0,15,820,39,216,15,1036,Not in California
Unknown,2021-02-09,18,1258,18,1217,0,41,0,0,5,811,14,230,5,1041,Not in California
Unknown,2021-02-10,34,1292,30,1247,4,45,0,0,9,795,25,255,9,1050,Not in California
Unknown,2021-02-11,93,1385,92,1339,1,46,0,0,43,787,51,306,43,1093,Not in California
Unknown,2021-02-12,40,1425,33,1372,7,53,0,0,11,769,29,335,11,1104,Not in California
Unknown,2021-02-13,9,1434,2,1374,7,60,0,0,8,776,1,336,8,1112,Not in California
Unknown,2021-02-14,7,1441,1,1375,6,66,0,0,5,780,1,337,5,1117,Not in California
Unknown,2021-02-15,44,1485,38,1413,6,72,0,0,29,796,13,350,29,1146,Not in California
Unknown,2021-02-16,105,1590,96,1509,9,81,0,0,32,755,73,423,32,1178,Not in California
Unknown,2021-02-17,10,1600,8,1517,2,83,0,0,4,754,5,428,4,1182,Not in California
Unknown,2021-02-18,105,1705,100,1617,5,88,0,0,19,687,86,514,19,1201,Not in California
Unknown,2021-02-19,194,1899,189,1806,5,93,0,0,57,608,136,650,57,1258,Not in California
Unknown,2021-02-20,7,1906,5,1811,2,95,0,0,2,605,5,655,2,1260,Not in California
Unknown,2021-02-21,15,1921,15,1826,0,95,0,0,1,592,14,669,1,1261,Not in California
Unknown,2021-02-22,9,1930,9,1835,0,95,0,0,6,595,3,672,6,1267,Not in California
Unknown,2021-02-23,63,1993,51,1886,12,107,0,0,15,563,47,719,15,1282,Not in California
Unknown,2021-02-24,43,2036,35,1921,8,115,0,0,15,550,28,747,15,1297,Not in California
Unknown,2021-02-25,71,2107,58,1979,13,128,0,0,25,529,46,793,25,1322,Not in California
Unknown,2021-02-26,39,2146,25,2004,14,142,0,0,22,536,15,808,22,1344,Not in California
Unknown,2021-02-27,22,2168,16,2020,6,148,0,0,12,540,8,816,12,1356,Not in California
Unknown,2021-02-28,17,2185,13,2033,4,152,0,0,10,545,5,821,10,1366,Not in California
Unknown,2021-03-01,45,2230,27,2060,18,170,0,0,25,550,20,841,25,1391,Not in California
Unknown,2021-03-02,19,2249,7,2067,12,182,0,0,12,557,5,846,12,1403,Not in California
Unknown,2021-03-03,12,2261,7,2074,5,187,0,0,8,562,3,849,8,1411,Not in California
Unknown,2021-03-04,44,2305,41,2115,3,190,0,0,13,544,31,880,13,1424,Not in California
Unknown,2021-03-05,25,2330,15,2130,10,200,0,0,22,560,6,886,22,1446,Not in California
Unknown,2021-03-06,19,2349,11,2141,6,206,2,2,15,573,4,890,17,1463,Not in California
Unknown,2021-03-07,2,2351,1,2142,1,207,0,2,3,576,0,890,3,1466,Not in California
Unknown,2021-03-08,32,2383,23,2165,7,214,2,4,8,561,25,915,10,1476,Not in California
Unknown,2021-03-09,39,2422,32,2197,3,217,4,8,9,543,31,946,13,1489,Not in California
Unknown,2021-03-10,9,2431,6,2203,1,218,2,10,5,545,5,951,7,1496,Not in California
Unknown,2021-03-11,30,2461,13,2216,2,220,15,25,8,546,22,973,23,1519,Not in California
Unknown,2021-03-12,72,2533,56,2272,11,231,5,30,11,503,59,1032,16,1535,Not in California
Unknown,2021-03-13,15,2548,4,2276,7,238,4,34,7,504,10,1042,11,1546,Not in California
Unknown,2021-03-14,14,2562,6,2282,6,244,2,36,5,503,8,1050,7,1553,Not in California
Unknown,2021-03-15,30,2592,11,2293,17,261,2,38,20,512,13,1063,22,1575,Not in California
Unknown,2021-03-16,46,2638,20,2313,22,283,4,42,26,523,19,1082,30,1605,Not in California
Unknown,2021-03-17,38,2676,14,2327,23,306,1,43,33,553,4,1086,34,1639,Not in California
Unknown,2021-03-18,31,2707,18,2345,13,319,0,43,18,559,12,1098,18,1657,Not in California
Unknown,2021-03-19,28,2735,18,2363,10,329,0,43,21,573,7,1105,21,1678,Not in California
Unknown,2021-03-20,27,2762,15,2378,12,341,0,43,16,578,11,1116,16,1694,Not in California
Unknown,2021-03-21,19,2781,13,2391,6,347,0,43,15,590,3,1119,15,1709,Not in California
Unknown,2021-03-22,36,2817,19,2410,16,363,1,44,18,597,12,1131,19,1728,Not in California
Unknown,2021-03-23,23,2840,9,2419,9,372,5,49,11,602,11,1142,16,1744,Not in California
Unknown,2021-03-24,23,2863,9,2428,14,386,0,49,18,615,5,1147,18,1762,Not in California
Unknown,2021-03-25,37,2900,24,2452,13,399,0,49,25,631,9,1156,25,1787,Not in California
Unknown,2021-03-26,36,2936,20,2472,11,410,5,54,19,640,15,1171,24,1811,Not in California
Unknown,2021-03-27,31,2967,14,2486,14,424,3,57,17,644,16,1187,20,1831,Not in California
Unknown,2021-03-28,16,2983,9,2495,7,431,0,57,11,651,4,1191,11,1842,Not in California
Unknown,2021-03-29,38,3021,18,2513,19,450,1,58,24,664,12,1203,25,1867,Not in California
Unknown,2021-03-30,41,3062,25,2538,16,466,0,58,26,675,15,1218,26,1893,Not in California
Unknown,2021-03-31,34,3096,21,2559,13,479,0,58,23,687,11,1229,23,1916,Not in California
Unknown,2021-04-01,20,3116,15,2574,5,484,0,58,14,696,5,1234,14,1930,Not in California
Unknown,2021-04-02,40,3156,16,2590,15,499,9,67,18,700,23,1257,27,1957,Not in California
Unknown,2021-04-03,19,3175,9,2599,10,509,0,67,11,701,10,1267,11,1968,Not in California
Unknown,2021-04-04,17,3192,4,2603,13,522,0,67,10,705,6,1273,10,1978,Not in California
Unknown,2021-04-05,32,3224,18,2621,13,535,1,68,17,709,14,1287,18,1996,Not in California
Unknown,2021-04-06,21,3245,13,2634,7,542,1,69,12,712,10,1297,13,2009,Not in California
Unknown,2021-04-07,34,3279,23,2657,11,553,0,69,27,731,8,1305,27,2036,Not in California
Unknown,2021-04-08,30,3309,20,2677,6,559,4,73,16,733,18,1323,20,2056,Not in California
Unknown,2021-04-09,35,3344,25,2702,10,569,0,73,26,748,11,1334,26,2082,Not in California
Unknown,2021-04-10,10,3354,9,2711,1,570,0,73,9,750,7,1341,9,2091,Not in California
Unknown,2021-04-11,11,3365,7,2718,4,574,0,73,5,750,5,1346,5,2096,Not in California
Unknown,2021-04-12,38,3403,21,2739,16,590,1,74,17,745,23,1369,18,2114,Not in California
Unknown,2021-04-13,44,3447,26,2765,18,608,0,74,25,744,26,1395,25,2139,Not in California
Unknown,2021-04-14,26,3473,8,2773,18,626,0,74,10,732,22,1417,10,2149,Not in California
Unknown,2021-04-15,31,3504,16,2789,14,640,1,75,16,727,22,1439,17,2166,Not in California
Unknown,2021-04-16,25,3529,15,2804,10,650,0,75,15,726,16,1455,15,2181,Not in California
Unknown,2021-04-17,19,3548,12,2816,7,657,0,75,18,732,13,1468,19,2200,Not in California
Unknown,2021-04-18,20,3568,8,2824,12,669,0,75,12,732,12,1480,12,2212,Not in California
Unknown,2021-04-19,36,3604,22,2846,14,683,0,75,28,742,18,1498,28,2240,Not in California
Unknown,2021-04-20,26,3630,15,2861,11,694,0,75,11,733,20,1518,11,2251,Not in California
Unknown,2021-04-21,35,3665,15,2876,20,714,0,75,30,739,24,1542,30,2281,Not in California
Unknown,2021-04-22,22,3687,14,2890,8,722,0,75,24,746,17,1559,24,2305,Not in California
Unknown,2021-04-23,31,3718,15,2905,16,738,0,75,26,758,14,1573,26,2331,Not in California
Unknown,2021-04-24,26,3744,14,2919,12,750,0,75,30,779,9,1582,30,2361,Not in California
Unknown,2021-04-25,23,3767,9,2928,14,764,0,75,14,782,11,1593,14,2375,Not in California
Unknown,2021-04-26,48,3815,39,2967,9,773,0,75,41,809,14,1607,41,2416,Not in California
Unknown,2021-04-27,62,3877,48,3015,14,787,0,75,47,837,19,1626,47,2463,Not in California
Unknown,2021-04-28,27,3904,19,3034,7,794,1,76,9,828,19,1645,10,2473,Not in California
Unknown,2021-04-29,33,3937,21,3055,12,806,0,76,12,819,21,1666,12,2485,Not in California
Unknown,2021-04-30,28,3965,14,3069,9,815,5,81,13,822,15,1681,18,2503,Not in California
Unknown,2021-05-01,28,3993,21,3090,7,822,0,81,16,826,12,1693,16,2519,Not in California
Unknown,2021-05-02,14,4007,7,3097,6,828,1,82,6,825,8,1701,7,2526,Not in California
Unknown,2021-05-03,26,4033,19,3116,5,833,2,84,8,817,18,1719,10,2536,Not in California
Unknown,2021-05-04,21,4054,11,3127,6,839,4,88,5,810,16,1735,9,2545,Not in California
Unknown,2021-05-05,29,4083,11,3138,17,856,1,89,14,810,15,1750,15,2560,Not in California
Unknown,2021-05-06,21,4104,12,3150,7,863,2,91,9,809,12,1762,11,2571,Not in California
Unknown,2021-05-07,26,4130,14,3164,10,873,2,93,11,807,15,1777,13,2584,Not in California
Unknown,2021-05-08,16,4146,10,3174,4,877,2,95,7,808,8,1785,9,2593,Not in California
Unknown,2021-05-09,18,4164,5,3179,9,886,4,99,8,810,10,1795,12,2605,Not in California
Unknown,2021-05-10,18,4182,11,3190,6,892,1,100,3,800,14,1809,4,2609,Not in California
Unknown,2021-05-11,104,4286,67,3257,26,918,11,111,87,881,17,1826,98,2707,Not in California
Unknown,2021-05-12,268,4554,198,3455,42,960,28,139,212,1065,56,1882,240,2947,Not in California
Unknown,2021-05-13,303,4857,229,3684,68,1028,6,145,269,1307,34,1916,276,3223,Not in California
Unknown,2021-05-14,451,5308,373,4057,71,1099,7,152,414,1692,35,1951,420,3643,Not in California
Unknown,2021-05-15,401,5709,322,4379,74,1173,5,157,362,2020,39,1990,367,4010,Not in California
Unknown,2021-05-16,300,6009,219,4598,75,1248,6,163,268,2262,32,2022,274,4284,Not in California
Unknown,2021-05-17,599,6608,487,5085,96,1344,16,179,536,2752,63,2085,553,4837,Not in California
Unknown,2021-05-18,596,7204,480,5565,105,1449,11,190,542,3251,54,2139,553,5390,Not in California
Unknown,2021-05-19,536,7740,432,5997,94,1543,10,200,496,3718,39,2178,506,5896,Not in California
Alameda,2020-12-15,36,36,36,36,0,0,0,0,36,36,0,0,36,36,California
Alameda,2020-12-16,207,243,207,243,0,0,0,0,207,243,0,0,207,243,California
Alameda,2020-12-17,399,642,399,642,0,0,0,0,399,642,0,0,399,642,California
Alameda,2020-12-18,1791,2433,1790,2432,1,1,0,0,1791,2433,0,0,1791,2433,California
Alameda,2020-12-19,1439,3872,1439,3871,0,1,0,0,1439,3872,0,0,1439,3872,California
Alameda,2020-12-20,1187,5059,1186,5057,1,2,0,0,1186,5057,1,1,1186,5058,California
Alameda,2020-12-21,1866,6925,1864,6921,2,4,0,0,1865,6922,0,1,1865,6923,California
Alameda,2020-12-22,2104,9029,2051,8972,53,57,0,0,2104,9026,0,1,2104,9027,California
Alameda,2020-12-23,1948,10977,1690,10662,258,315,0,0,1949,10975,0,1,1949,10976,California
Alameda,2020-12-24,1220,12197,760,11422,460,775,0,0,1220,12195,0,1,1220,12196,California
Alameda,2020-12-25,166,12363,129,11551,37,812,0,0,166,12361,0,1,166,12362,California
Alameda,2020-12-26,870,13233,326,11877,544,1356,0,0,870,13231,0,1,870,13232,California
Alameda,2020-12-27,499,13732,256,12133,243,1599,0,0,499,13730,0,1,499,13731,California
Alameda,2020-12-28,1886,15618,960,13093,926,2525,0,0,1886,15616,0,1,1886,15617,California
Alameda,2020-12-29,2433,18051,1025,14118,1408,3933,0,0,2432,18048,0,1,2432,18049,California
Alameda,2020-12-30,3136,21187,1364,15482,1772,5705,0,0,3136,21184,0,1,3136,21185,California
Alameda,2020-12-31,1798,22985,443,15925,1355,7060,0,0,1796,22979,1,2,1796,22981,California
Alameda,2021-01-01,172,23157,70,15995,102,7162,0,0,171,23149,1,3,171,23152,California
Alameda,2021-01-02,727,23884,524,16519,203,7365,0,0,726,23875,0,3,726,23878,California
Alameda,2021-01-03,343,24227,222,16741,121,7486,0,0,340,24212,3,6,340,24218,California
Alameda,2021-01-04,1651,25878,946,17687,705,8191,0,0,1639,25840,11,17,1639,25857,California
Alameda,2021-01-05,2217,28095,1273,18960,944,9135,0,0,1981,27588,233,250,1981,27838,California
Alameda,2021-01-06,3278,31373,1811,20771,1467,10602,0,0,2431,29177,844,1094,2433,30271,California
Alameda,2021-01-07,3818,35191,2152,22923,1666,12268,0,0,2689,30750,1120,2214,2693,32964,California
Alameda,2021-01-08,4771,39962,2730,25653,2041,14309,0,0,3118,32224,1648,3862,3122,36086,California
Alameda,2021-01-09,2037,41999,1388,27041,649,14958,0,0,1175,32537,862,4724,1175,37261,California
Alameda,2021-01-10,1070,43069,847,27888,223,15181,0,0,430,32326,641,5365,430,37691,California
Alameda,2021-01-11,4661,47730,3525,31413,1136,16317,0,0,2860,33393,1800,7165,2867,40558,California
Alameda,2021-01-12,4836,52566,3255,34668,1581,17898,0,0,3444,35449,1391,8556,3447,44005,California
Alameda,2021-01-13,5051,57617,2671,37339,2380,20278,0,0,3858,38120,1189,9745,3860,47865,California
Alameda,2021-01-14,5640,63257,2777,40116,2863,23141,0,0,4753,41998,878,10623,4756,52621,California
Alameda,2021-01-15,5848,69105,2316,42432,3532,26673,0,0,5080,46321,761,11384,5084,57705,California
Alameda,2021-01-16,3011,72116,1409,43841,1602,28275,0,0,2741,48793,270,11654,2742,60447,California
Alameda,2021-01-17,1869,73985,1083,44924,786,29061,0,0,1662,50250,206,11860,1663,62110,California
Alameda,2021-01-18,3205,77190,2057,46981,1148,30209,0,0,2608,52270,593,12453,2613,64723,California
Alameda,2021-01-19,5536,82726,3335,50316,2201,32410,0,0,4342,55422,1192,13645,4344,69067,California
Alameda,2021-01-20,6784,89510,4114,54430,2670,35080,0,0,5488,59631,1283,14928,5492,74559,California
Alameda,2021-01-21,7800,97310,3418,57848,4382,39462,0,0,6961,65764,833,15761,6966,81525,California
Alameda,2021-01-22,6859,104169,2046,59894,4813,44275,0,0,5720,70354,1132,16893,5722,87247,California
Alameda,2021-01-23,3291,107460,949,60843,2342,46617,0,0,2737,72537,554,17447,2737,89984,California
Alameda,2021-01-24,2054,109514,656,61499,1398,48015,0,0,1777,74041,273,17720,1777,91761,California
Alameda,2021-01-25,5223,114737,1986,63485,3237,51252,0,0,3632,76091,1583,19303,3633,95394,California
Alameda,2021-01-26,7263,122000,2299,65784,4964,56216,0,0,5396,79628,1860,21163,5397,100791,California
Alameda,2021-01-27,6673,128673,2079,67863,4594,60810,0,0,4820,82609,1839,23002,4820,105611,California
Alameda,2021-01-28,7912,136585,2557,70420,5355,66165,0,0,5665,86044,2231,25233,5666,111277,California
Alameda,2021-01-29,7936,144521,3188,73608,4748,70913,0,0,6113,90345,1813,27046,6114,117391,California
Alameda,2021-01-30,3433,147954,1682,75290,1751,72664,0,0,2726,92370,701,27747,2726,120117,California
Alameda,2021-01-31,1907,149861,966,76256,941,73605,0,0,1663,93792,241,27988,1663,121780,California
Alameda,2021-02-01,5985,155846,3378,79634,2607,76212,0,0,4337,96488,1642,29630,4338,126118,California
Alameda,2021-02-02,7482,163328,4263,83897,3219,79431,0,0,4678,98374,2792,32422,4678,130796,California
Alameda,2021-02-03,7093,170421,3739,87636,3354,82785,0,0,4410,100112,2677,35099,4415,135211,California
Alameda,2021-02-04,9574,179995,4176,91812,5398,88183,0,0,6438,103438,3117,38216,6443,141654,California
Alameda,2021-02-05,10363,190358,5408,97220,4955,93138,0,0,6483,106053,3874,42090,6489,148143,California
Alameda,2021-02-06,7002,197360,4439,101659,2563,95701,0,0,5873,110799,1127,43217,5873,154016,California
Alameda,2021-02-07,3588,200948,2896,104555,692,96393,0,0,2641,112497,944,44161,2642,156658,California
Alameda,2021-02-08,8108,209056,5796,110351,2312,98705,0,0,5549,115501,2547,46708,5551,162209,California
Alameda,2021-02-09,9726,218782,5866,116217,3860,102565,0,0,6060,117916,3647,50355,6062,168271,California
Alameda,2021-02-10,11482,230264,6791,123008,4691,107256,0,0,6571,119605,4890,55245,6579,174850,California
Alameda,2021-02-11,13955,244219,8005,131013,5950,113206,0,0,8386,122444,5550,60795,8389,183239,California
Alameda,2021-02-12,12556,256775,5706,136719,6850,120056,0,0,7761,125430,4778,65573,7764,191003,California
Alameda,2021-02-13,7825,264600,4073,140792,3752,123808,0,0,5854,129320,1966,67539,5856,196859,California
Alameda,2021-02-14,4038,268638,2541,143333,1497,125305,0,0,2874,131037,1160,68699,2877,199736,California
Alameda,2021-02-15,5725,274363,3231,146564,2494,127799,0,0,3709,132739,2011,70710,3713,203449,California
Alameda,2021-02-16,12567,286930,6981,153545,5586,133385,0,0,9335,138858,3222,73932,9341,212790,California
Alameda,2021-02-17,14193,301123,8428,161973,5765,139150,0,0,10554,145795,3619,77551,10556,223346,California
Alameda,2021-02-18,15919,317042,10105,172078,5814,144964,0,0,11551,152993,4359,81910,11557,234903,California
Alameda,2021-02-19,17689,334731,11472,183550,6217,151181,0,0,11715,158762,5951,87861,11720,246623,California
Alameda,2021-02-20,11897,346628,9639,193189,2258,153439,0,0,9161,165198,2731,90592,9167,255790,California
Alameda,2021-02-21,7668,354296,6736,199925,932,154371,0,0,5180,167901,2477,93069,5180,260970,California
Alameda,2021-02-22,10823,365119,8037,207962,2786,157157,0,0,6853,170807,3956,97025,6862,267832,California
Alameda,2021-02-23,12946,378065,7934,215896,5012,162169,0,0,8125,174130,4809,101834,8132,275964,California
Alameda,2021-02-24,14799,392864,8339,224235,6460,168629,0,0,9632,178662,5105,106939,9637,285601,California
Alameda,2021-02-25,15680,408544,9165,233400,6515,175144,0,0,9987,182997,5660,112599,9995,295596,California
Alameda,2021-02-26,18153,426697,10680,244080,7473,182617,0,0,11739,188369,6371,118970,11743,307339,California
Alameda,2021-02-27,14930,441627,11024,255104,3904,186521,2,2,9291,192050,5615,124585,9296,316635,California
Alameda,2021-02-28,9192,450819,7750,262854,1442,187963,0,2,6104,195090,3065,127650,6105,322740,California
Alameda,2021-03-01,13527,464346,9455,272309,4065,192028,7,9,8423,198469,5058,132708,8437,331177,California
Alameda,2021-03-02,15070,479416,10840,283149,4229,196257,1,10,9899,203225,5151,137859,9907,341084,California
Alameda,2021-03-03,15719,495135,10284,293433,5434,201691,1,11,10740,209020,4950,142809,10745,351829,California
Alameda,2021-03-04,17496,512631,11219,304652,6275,207966,2,13,11019,213600,6441,149250,11021,362850,California
Alameda,2021-03-05,16330,528961,10692,315344,5629,213595,9,22,11037,219402,5250,154500,11052,373902,California
Alameda,2021-03-06,14570,543531,10276,325620,4029,217624,265,287,9657,224457,4868,159368,9923,383825,California
Alameda,2021-03-07,9773,553304,8508,334128,1184,218808,81,368,6984,228764,2760,162128,7067,390892,California
Alameda,2021-03-08,12006,565310,7497,341625,4130,222938,379,747,8977,235141,2979,165107,9356,400248,California
Alameda,2021-03-09,14728,580038,10345,351970,3951,226889,432,1179,8052,236986,6640,171747,8485,408733,California
Alameda,2021-03-10,17557,597595,12190,364160,4807,231696,560,1739,7938,235887,9593,181340,8494,417227,California
Alameda,2021-03-11,19844,617439,11623,375783,6515,238211,1706,3445,6771,231314,13043,194383,8470,425697,California
Alameda,2021-03-12,21437,638876,12538,388321,7197,245408,1702,5147,7521,226636,13891,208274,9213,434910,California
Alameda,2021-03-13,16111,654987,10349,398670,4763,250171,999,6146,5159,221873,10916,219190,6153,441063,California
Alameda,2021-03-14,10931,665918,8037,406707,2100,252271,794,6940,3447,218640,7464,226654,4231,445294,California
Alameda,2021-03-15,14533,680451,9518,416225,4484,256755,531,7471,6322,217309,8181,234835,6850,452144,California
Alameda,2021-03-16,17322,697773,11246,427471,5538,262293,538,8009,7431,215441,9838,244673,7970,460114,California
Alameda,2021-03-17,17563,715336,9936,437407,6907,269200,720,8729,8126,214889,9396,254069,8844,468958,California
Alameda,2021-03-18,19267,734603,10503,447910,7865,277065,899,9628,8796,214149,10439,264508,9699,478657,California
Alameda,2021-03-19,19363,753966,10581,458491,6989,284054,1793,11421,7681,211982,11634,276142,9467,488124,California
Alameda,2021-03-20,15648,769614,10206,468697,4617,288671,825,12246,6398,209982,9220,285362,7220,495344,California
Alameda,2021-03-21,9070,778684,7109,475806,1428,290099,533,12779,3754,208964,5306,290668,4288,499632,California
Alameda,2021-03-22,14905,793589,10019,485825,3907,294006,979,13758,7008,209076,7870,298538,7982,507614,California
Alameda,2021-03-23,19139,812728,11530,497355,6818,300824,791,14549,9853,210487,9239,307777,10650,518264,California
Alameda,2021-03-24,19041,831769,11467,508822,6579,307403,995,15544,8403,209302,10574,318351,9389,527653,California
Alameda,2021-03-25,20404,852173,11279,520101,7739,315142,1386,16930,9481,209303,10855,329206,10856,538509,California
Alameda,2021-03-26,20724,872897,12406,532507,6781,321923,1537,18467,8539,207232,12137,341343,10066,548575,California
Alameda,2021-03-27,18216,891113,12352,544859,4901,326824,963,19430,7579,205166,10591,351934,8525,557100,California
Alameda,2021-03-28,10454,901567,8466,553325,1784,328608,204,19634,3510,201957,6931,358865,3722,560822,California
Alameda,2021-03-29,14615,916182,9303,562628,4315,332923,997,20631,6005,200384,8575,367440,7002,567824,California
Alameda,2021-03-30,18492,934674,9709,572337,7084,340007,1699,22330,9335,202286,9126,376566,11028,578852,California
Alameda,2021-03-31,19291,953965,10159,582496,7059,347066,2073,24403,9175,203434,10089,386655,11237,590089,California
Alameda,2021-04-01,23200,977165,10040,592536,7648,354714,5512,29915,11087,207959,12073,398728,16598,606687,California
Alameda,2021-04-02,23978,1001143,9933,602469,8327,363041,5718,35633,11668,213069,12271,410999,17381,624068,California
Alameda,2021-04-03,20219,1021362,9786,612255,5702,368743,4731,40364,10336,218272,9864,420863,15067,639135,California
Alameda,2021-04-04,10001,1031363,3995,616250,2293,371036,3713,44077,3468,218932,6518,427381,7178,646313,California
Alameda,2021-04-05,17826,1049189,7528,623778,5527,376563,4771,48848,7256,220413,10545,437926,12026,658339,California
Alameda,2021-04-06,22219,1071408,10723,634501,5658,382221,5838,54686,10076,224203,12107,450033,15897,674236,California
Alameda,2021-04-07,22550,1093958,11580,646081,5520,387741,5450,60136,11424,229986,11082,461115,16865,691101,California
Alameda,2021-04-08,25446,1119404,11513,657594,5970,393711,7963,68099,10855,234268,14520,475635,18802,709903,California
Alameda,2021-04-09,23337,1142741,10657,668251,7465,401176,5215,73314,12009,240194,11297,486932,17223,727126,California
Alameda,2021-04-10,18860,1161601,7434,675685,5600,406776,5826,79140,8188,243544,10648,497580,13998,741124,California
Alameda,2021-04-11,10998,1172599,4796,680481,2270,409046,3932,83072,4502,245489,6479,504059,8424,749548,California
Alameda,2021-04-12,18017,1190616,11721,692202,4310,413356,1986,85058,10127,249743,7854,511913,12108,761656,California
Alameda,2021-04-13,23025,1213641,14602,706804,8367,421723,56,85114,16957,260750,6016,517929,17023,778679,California
Alameda,2021-04-14,23136,1236777,15200,722004,7935,429658,1,85115,15660,268974,7444,525373,15668,794347,California
Alameda,2021-04-15,24113,1260890,15397,737401,8714,438372,2,85117,16013,276953,8043,533416,16022,810369,California
Alameda,2021-04-16,24406,1285296,14434,751835,9967,448339,5,85122,15737,284091,8616,542032,15754,826123,California
Alameda,2021-04-17,20903,1306199,14453,766288,6450,454789,0,85122,14438,292113,6431,548463,14453,840576,California
Alameda,2021-04-18,9958,1316157,7618,773906,2340,457129,0,85122,6899,295989,3028,551491,6904,847480,California
Alameda,2021-04-19,15676,1331833,9749,783655,5926,463055,1,85123,9092,298543,6548,558039,9102,856582,California
Alameda,2021-04-20,18199,1350032,11154,794809,7043,470098,2,85125,9991,300392,8164,566203,10013,866595,California
Alameda,2021-04-21,19190,1369222,11271,806080,7910,478008,9,85134,11215,303710,7925,574128,11243,877838,California
Alameda,2021-04-22,21408,1390630,13792,819872,7613,485621,3,85137,11372,305128,9982,584110,11400,889238,California
Alameda,2021-04-23,21685,1412315,14068,833940,7615,493236,2,85139,12123,307770,9509,593619,12151,901389,California
Alameda,2021-04-24,18980,1431295,14398,848338,4575,497811,7,85146,10026,308900,8913,602532,10043,911432,California
Alameda,2021-04-25,8838,1440133,6893,855231,1944,499755,1,85147,5734,311569,3076,605608,5745,917177,California
Alameda,2021-04-26,13759,1453892,9587,864818,4149,503904,23,85170,8528,314930,5199,610807,8560,925737,California
Alameda,2021-04-27,15741,1469633,9332,874150,6104,510008,305,85475,7394,314350,8303,619110,7723,933460,California
Alameda,2021-04-28,15972,1485605,10164,884314,5343,515351,465,85940,6225,311334,9719,628829,6703,940163,California
Alameda,2021-04-29,16762,1502367,10048,894362,6390,521741,324,86264,5997,306958,10717,639546,6341,946504,California
Alameda,2021-04-30,19461,1521828,12017,906379,7105,528846,339,86603,7871,303686,11518,651064,8246,954750,California
Alameda,2021-05-01,13985,1535813,9333,915712,4448,533294,204,86807,5210,300389,8743,659807,5446,960196,California
Alameda,2021-05-02,7045,1542858,4899,920611,1975,535269,171,86978,2872,299280,4157,663964,3048,963244,California
Alameda,2021-05-03,14420,1557278,10916,931527,3185,538454,319,87297,2830,290912,11546,675510,3178,966422,California
Alameda,2021-05-04,18239,1575517,13081,944608,4800,543254,358,87655,3648,280423,14526,690036,4037,970459,California
Alameda,2021-05-05,18325,1593842,13306,957914,4510,547764,509,88164,3745,270174,14516,704552,4267,974726,California
Alameda,2021-05-06,18566,1612408,14040,971954,3832,551596,694,88858,3600,259588,14893,719445,4307,979033,California
Alameda,2021-05-07,19105,1631513,12869,984823,5822,557418,414,89272,4354,249694,14682,734127,4788,983821,California
Alameda,2021-05-08,16465,1647978,11264,996087,4988,562406,213,89485,3095,239685,13331,747458,3322,987143,California
Alameda,2021-05-09,8517,1656495,6956,1003043,1414,563820,147,89632,1461,234263,7033,754491,1611,988754,California
Alameda,2021-05-10,10087,1666582,6890,1009933,2869,566689,328,89960,2487,229517,7568,762059,2822,991576,California
Alameda,2021-05-11,14944,1681526,7980,1017913,6667,573356,297,90257,2716,220380,12184,774243,3047,994623,California
Alameda,2021-05-12,12623,1694149,8287,1026200,3924,577280,412,90669,2623,213484,9959,784202,3063,997686,California
Alameda,2021-05-13,16689,1710838,11983,1038183,4209,581489,497,91166,5289,207941,11362,795564,5819,1003505,California
Alameda,2021-05-14,20369,1731207,13821,1052004,6139,587628,409,91575,7098,202270,13195,808759,7524,1011029,California
Alameda,2021-05-15,16973,1748180,12345,1064349,4404,592032,224,91799,5870,197311,11058,819817,6099,1017128,California
Alameda,2021-05-16,8253,1756433,7039,1071388,1113,593145,101,91900,2799,194791,5427,825244,2907,1020035,California
Alameda,2021-05-17,13267,1769700,9881,1081269,2870,596015,516,92416,4410,190912,8824,834068,4945,1024980,California
Alameda,2021-05-18,13974,1783674,10166,1091435,3412,599427,396,92812,5186,187752,8747,842815,5587,1030567,California
Alameda,2021-05-19,14140,1797814,9626,1101061,4179,603606,335,93147,6092,186177,8004,850819,6429,1036996,California
Alameda,2021-05-20,7723,1805537,4667,1105728,2757,606363,299,93446,3311,185398,4393,855212,3614,1040610,California
Alpine,2020-12-18,2,2,2,2,0,0,0,0,2,2,0,0,2,2,California
Alpine,2020-12-19,2,4,2,4,0,0,0,0,2,4,0,0,2,4,California
Alpine,2020-12-21,2,6,2,6,0,0,0,0,2,6,0,0,2,6,California
Alpine,2020-12-30,14,20,0,6,14,14,0,0,14,20,0,0,14,20,California
Alpine,2020-12-31,1,21,0,6,1,15,0,0,1,21,0,0,1,21,California
Alpine,2021-01-01,1,22,0,6,1,16,0,0,1,22,0,0,1,22,California
Alpine,2021-01-02,1,23,1,7,0,16,0,0,1,23,0,0,1,23,California
Alpine,2021-01-04,10,33,0,7,10,26,0,0,10,33,0,0,10,33,California
Alpine,2021-01-05,9,42,1,8,8,34,0,0,9,42,0,0,9,42,California
Alpine,2021-01-06,31,73,0,8,31,65,0,0,31,73,0,0,31,73,California
Alpine,2021-01-07,8,81,0,8,8,73,0,0,8,81,0,0,8,81,California
Alpine,2021-01-08,4,85,2,10,2,75,0,0,2,81,2,2,2,83,California
Alpine,2021-01-09,2,87,2,12,0,75,0,0,0,79,2,4,0,83,California
Alpine,2021-01-11,32,119,1,13,31,106,0,0,31,109,1,5,31,114,California
Alpine,2021-01-13,35,154,0,13,35,141,0,0,35,144,0,5,35,149,California
Alpine,2021-01-14,1,155,0,13,1,142,0,0,1,145,0,5,1,150,California
Alpine,2021-01-15,1,156,0,13,1,143,0,0,1,146,0,5,1,151,California
Alpine,2021-01-20,21,177,0,13,21,164,0,0,21,167,0,5,21,172,California
Alpine,2021-01-21,1,178,0,13,1,165,0,0,1,168,0,5,1,173,California
Alpine,2021-01-22,33,211,0,13,33,198,0,0,33,201,0,5,33,206,California
Alpine,2021-01-23,1,212,1,14,0,198,0,0,0,200,1,6,0,206,California
Alpine,2021-01-25,16,228,0,14,16,214,0,0,16,216,0,6,16,222,California
Alpine,2021-01-27,1,229,1,15,0,214,0,0,0,215,1,7,0,222,California
Alpine,2021-01-28,1,230,0,15,1,215,0,0,0,214,1,8,0,222,California
Alpine,2021-01-29,1,231,0,15,1,216,0,0,1,215,0,8,1,223,California
Alpine,2021-02-01,25,256,0,15,25,241,0,0,7,204,18,26,7,230,California
Alpine,2021-02-03,34,290,0,15,34,275,0,0,10,190,24,50,10,240,California
Alpine,2021-02-04,8,298,0,15,8,283,0,0,3,188,5,55,3,243,California
Alpine,2021-02-05,31,329,0,15,31,314,0,0,12,181,19,74,12,255,California
Alpine,2021-02-07,1,330,1,16,0,314,0,0,1,182,0,74,1,256,California
Alpine,2021-02-08,32,362,0,16,32,346,0,0,4,158,28,102,4,260,California
Alpine,2021-02-10,34,396,0,16,34,380,0,0,0,124,34,136,0,260,California
Alpine,2021-02-11,6,402,0,16,6,386,0,0,3,124,3,139,3,263,California
Alpine,2021-02-12,1,403,0,16,1,387,0,0,0,123,1,140,0,263,California
Alpine,2021-02-17,23,426,0,16,23,410,0,0,3,106,20,160,3,266,California
Alpine,2021-02-18,2,428,0,16,2,412,0,0,1,106,1,161,1,267,California
Alpine,2021-02-19,34,462,1,17,33,445,0,0,2,76,32,193,2,269,California
Alpine,2021-02-22,27,489,0,17,27,472,0,0,8,65,19,212,8,277,California
Alpine,2021-02-24,1,490,1,18,0,472,0,0,1,66,0,212,1,278,California
Alpine,2021-02-25,6,496,1,19,5,477,0,0,6,72,0,212,6,284,California
Alpine,2021-02-26,30,526,1,20,29,506,0,0,29,100,1,213,29,313,California
Alpine,2021-02-27,1,527,0,20,1,507,0,0,1,101,0,213,1,314,California
Alpine,2021-03-01,36,563,0,20,36,543,0,0,26,117,10,223,26,340,California
Alpine,2021-03-03,30,593,1,21,29,572,0,0,18,123,12,235,18,358,California
Alpine,2021-03-04,11,604,1,22,10,582,0,0,11,134,0,235,11,369,California
Alpine,2021-03-05,30,634,0,22,30,612,0,0,22,148,8,243,22,391,California
Alpine,2021-03-08,31,665,0,22,31,643,0,0,29,175,2,245,29,420,California
Alpine,2021-03-10,73,738,0,22,73,716,0,0,73,248,0,245,73,493,California
Alpine,2021-03-11,35,773,0,22,35,751,0,0,31,275,4,249,31,524,California
Alpine,2021-03-12,19,792,0,22,19,770,0,0,17,290,2,251,17,541,California
Alpine,2021-03-15,21,813,1,23,20,790,0,0,20,309,1,252,20,561,California
Alpine,2021-03-17,23,836,0,23,22,812,1,1,19,325,4,256,20,581,California
Alpine,2021-03-18,38,874,3,26,35,847,0,1,35,357,3,259,35,616,California
Alpine,2021-03-19,2,876,1,27,1,848,0,1,1,357,1,260,1,617,California
Alpine,2021-03-22,24,900,0,27,24,872,0,1,15,363,9,269,15,632,California
Alpine,2021-03-24,19,919,0,27,19,891,0,1,8,360,11,280,8,640,California
Alpine,2021-03-25,35,954,1,28,33,924,1,2,28,382,7,287,29,669,California
Alpine,2021-03-27,1,955,0,28,1,925,0,2,0,381,1,288,0,669,California
Alpine,2021-03-28,1,956,1,29,0,925,0,2,1,382,0,288,1,670,California
Alpine,2021-03-29,19,975,0,29,18,943,1,3,2,368,17,305,3,673,California
Alpine,2021-04-01,18,993,0,29,18,961,0,3,8,366,10,315,8,681,California
Alpine,2021-04-02,101,1094,1,30,100,1061,0,3,46,358,54,369,46,727,California
Alpine,2021-04-05,4,1098,1,31,3,1064,0,3,0,354,4,373,0,727,California
Alpine,2021-04-06,3,1101,2,33,1,1065,0,3,2,355,1,374,2,729,California
Alpine,2021-04-07,117,1218,0,33,116,1181,1,4,30,300,86,460,31,760,California
Alpine,2021-04-08,37,1255,0,33,35,1216,2,6,10,285,27,487,12,772,California
Alpine,2021-04-09,1,1256,0,33,1,1217,0,6,1,286,0,487,1,773,California
Alpine,2021-04-14,47,1303,0,33,47,1264,0,6,10,259,37,524,10,783,California
Alpine,2021-04-15,35,1338,0,33,35,1299,0,6,3,230,32,556,3,786,California
Alpine,2021-04-16,1,1339,0,33,1,1300,0,6,1,231,0,556,1,787,California
Alpine,2021-04-19,1,1340,0,33,1,1301,0,6,1,232,0,556,1,788,California
Alpine,2021-04-21,31,1371,0,33,31,1332,0,6,15,231,16,572,15,803,California
Alpine,2021-04-22,24,1395,0,33,24,1356,0,6,1,209,23,595,1,804,California
Alpine,2021-04-24,2,1397,2,35,0,1356,0,6,0,208,2,597,1,805,California
Alpine,2021-04-25,1,1398,1,36,0,1356,0,6,0,207,1,598,0,805,California
Alpine,2021-04-27,2,1400,1,37,1,1357,0,6,1,207,1,599,1,806,California
Alpine,2021-04-28,36,1436,0,37,36,1393,0,6,6,183,30,629,6,812,California
Alpine,2021-04-29,7,1443,1,38,6,1399,0,6,1,178,6,635,1,813,California
Alpine,2021-04-30,2,1445,1,39,0,1399,1,7,1,179,1,636,2,815,California
Alpine,2021-05-02,1,1446,0,39,0,1399,1,8,0,179,1,637,1,816,California
Alpine,2021-05-05,17,1463,0,39,17,1416,0,8,4,170,13,650,4,820,California
Alpine,2021-05-06,7,1470,0,39,7,1423,0,8,0,163,7,657,0,820,California
Alpine,2021-05-07,1,1471,0,39,1,1424,0,8,0,162,1,658,0,820,California
Alpine,2021-05-10,1,1472,0,39,1,1425,0,8,1,163,0,658,1,821,California
Alpine,2021-05-12,1,1473,0,39,0,1425,1,9,0,163,1,659,1,822,California
Alpine,2021-05-13,3,1476,0,39,3,1428,0,9,0,160,3,662,0,822,California
Alpine,2021-05-17,2,1478,0,39,2,1430,0,9,1,160,1,663,1,823,California
Alpine,2021-05-18,1,1479,0,39,1,1431,0,9,1,161,0,663,1,824,California
Alpine,2021-05-19,15,1494,0,39,15,1446,0,9,0,146,15,678,0,824,California
Amador,2020-12-16,2,2,2,2,0,0,0,0,2,2,0,0,2,2,California
Amador,2020-12-17,5,7,5,7,0,0,0,0,5,7,0,0,5,7,California
Amador,2020-12-18,45,52,45,52,0,0,0,0,45,52,0,0,45,52,California
Amador,2020-12-19,17,69,17,69,0,0,0,0,17,69,0,0,17,69,California
Amador,2020-12-20,4,73,4,73,0,0,0,0,4,73,0,0,4,73,California
Amador,2020-12-21,31,104,31,104,0,0,0,0,31,104,0,0,31,104,California
Amador,2020-12-22,35,139,34,138,1,1,0,0,35,139,0,0,35,139,California
Amador,2020-12-23,39,178,38,176,1,2,0,0,39,178,0,0,39,178,California
Amador,2020-12-24,5,183,3,179,2,4,0,0,5,183,0,0,5,183,California
Amador,2020-12-26,5,188,4,183,1,5,0,0,5,188,0,0,5,188,California
Amador,2020-12-27,1,189,0,183,1,6,0,0,1,189,0,0,1,189,California
Amador,2020-12-28,31,220,27,210,4,10,0,0,31,220,0,0,31,220,California
Amador,2020-12-29,26,246,19,229,7,17,0,0,26,246,0,0,26,246,California
Amador,2020-12-30,124,370,78,307,46,63,0,0,124,370,0,0,124,370,California
Amador,2020-12-31,192,562,167,474,25,88,0,0,192,562,0,0,192,562,California
Amador,2021-01-01,2,564,0,474,2,90,0,0,2,564,0,0,2,564,California
Amador,2021-01-02,56,620,56,530,0,90,0,0,56,620,0,0,56,620,California
Amador,2021-01-03,65,685,17,547,48,138,0,0,65,685,0,0,65,685,California
Amador,2021-01-04,124,809,1,548,123,261,0,0,124,809,0,0,124,809,California
Amador,2021-01-05,33,842,3,551,30,291,0,0,31,839,2,2,32,841,California
Amador,2021-01-06,40,882,10,561,30,321,0,0,36,871,4,6,36,877,California
Amador,2021-01-07,230,1112,69,630,161,482,0,0,218,1077,12,18,218,1095,California
Amador,2021-01-08,85,1197,70,700,15,497,0,0,41,1075,44,62,42,1137,California
Amador,2021-01-09,11,1208,11,711,0,497,0,0,2,1068,9,71,2,1139,California
Amador,2021-01-10,6,1214,4,715,2,499,0,0,2,1066,4,75,2,1141,California
Amador,2021-01-11,125,1339,44,759,81,580,0,0,88,1118,37,112,89,1230,California
Amador,2021-01-12,64,1403,49,808,15,595,0,0,40,1134,24,136,40,1270,California
Amador,2021-01-13,39,1442,23,831,16,611,0,0,27,1149,12,148,27,1297,California
Amador,2021-01-14,148,1590,20,851,128,739,0,0,138,1278,10,158,139,1436,California
Amador,2021-01-15,60,1650,25,876,35,774,0,0,52,1322,8,166,52,1488,California
Amador,2021-01-16,19,1669,12,888,7,781,0,0,13,1330,6,172,14,1502,California
Amador,2021-01-17,26,1695,6,894,20,801,0,0,26,1356,0,172,26,1528,California
Amador,2021-01-18,32,1727,28,922,4,805,0,0,10,1344,22,194,10,1538,California
Amador,2021-01-19,124,1851,99,1021,25,830,0,0,80,1380,44,238,80,1618,California
Amador,2021-01-20,184,2035,34,1055,150,980,0,0,168,1533,15,253,168,1786,California
Amador,2021-01-21,259,2294,228,1283,31,1011,0,0,148,1571,111,364,149,1935,California
Amador,2021-01-22,136,2430,73,1356,63,1074,0,0,129,1693,7,371,129,2064,California
Amador,2021-01-23,52,2482,32,1388,20,1094,0,0,50,1741,2,373,50,2114,California
Amador,2021-01-24,28,2510,12,1400,16,1110,0,0,25,1763,3,376,25,2139,California
Amador,2021-01-25,59,2569,28,1428,31,1141,0,0,42,1788,17,393,42,2181,California
Amador,2021-01-26,245,2814,17,1445,228,1369,0,0,235,2013,10,403,235,2416,California
Amador,2021-01-27,302,3116,32,1477,270,1639,0,0,255,2224,45,448,256,2672,California
Amador,2021-01-28,369,3485,97,1574,272,1911,0,0,288,2432,81,529,289,2961,California
Amador,2021-01-29,97,3582,31,1605,66,1977,0,0,82,2499,15,544,82,3043,California
Amador,2021-01-30,169,3751,36,1641,133,2110,0,0,164,2658,5,549,164,3207,California
Amador,2021-01-31,32,3783,28,1669,4,2114,0,0,31,2688,1,550,31,3238,California
Amador,2021-02-01,63,3846,23,1692,40,2154,0,0,36,2697,27,577,36,3274,California
Amador,2021-02-02,212,4058,63,1755,149,2303,0,0,126,2740,83,660,126,3400,California
Amador,2021-02-03,141,4199,38,1793,103,2406,0,0,90,2780,50,710,90,3490,California
Amador,2021-02-04,251,4450,74,1867,177,2583,0,0,164,2859,87,797,166,3656,California
Amador,2021-02-05,331,4781,63,1930,268,2851,0,0,315,3158,16,813,315,3971,California
Amador,2021-02-06,100,4881,81,2011,19,2870,0,0,96,3250,4,817,96,4067,California
Amador,2021-02-07,39,4920,35,2046,4,2874,0,0,35,3282,4,821,36,4103,California
Amador,2021-02-08,90,5010,62,2108,28,2902,0,0,73,3338,17,838,73,4176,California
Amador,2021-02-09,176,5186,83,2191,93,2995,0,0,110,3382,66,904,110,4286,California
Amador,2021-02-10,980,6166,80,2271,900,3895,0,0,946,4294,34,938,946,5232,California
Amador,2021-02-11,309,6475,119,2390,190,4085,0,0,199,4385,108,1046,199,5431,California
Amador,2021-02-12,330,6805,121,2511,209,4294,0,0,257,4569,73,1119,257,5688,California
Amador,2021-02-13,167,6972,82,2593,85,4379,0,0,141,4684,26,1145,141,5829,California
Amador,2021-02-14,123,7095,54,2647,69,4448,0,0,106,4773,17,1162,106,5935,California
Amador,2021-02-15,187,7282,61,2708,126,4574,0,0,170,4927,16,1178,170,6105,California
Amador,2021-02-16,464,7746,53,2761,411,4985,0,0,425,5314,39,1217,426,6531,California
Amador,2021-02-17,263,8009,84,2845,179,5164,0,0,166,5383,97,1314,166,6697,California
Amador,2021-02-18,398,8407,99,2944,299,5463,0,0,333,5652,65,1379,334,7031,California
Amador,2021-02-19,195,8602,77,3021,118,5581,0,0,111,5679,84,1463,111,7142,California
Amador,2021-02-20,95,8697,33,3054,62,5643,0,0,67,5718,28,1491,67,7209,California
Amador,2021-02-21,45,8742,34,3088,11,5654,0,0,14,5701,31,1522,14,7223,California
Amador,2021-02-22,65,8807,26,3114,39,5693,0,0,32,5701,32,1554,32,7255,California
Amador,2021-02-23,320,9127,54,3168,266,5959,0,0,140,5662,180,1734,141,7396,California
Amador,2021-02-24,394,9521,57,3225,337,6296,0,0,262,5796,128,1862,262,7658,California
Amador,2021-02-25,522,10043,117,3342,405,6701,0,0,278,5831,243,2105,278,7936,California
Amador,2021-02-26,619,10662,75,3417,544,7245,0,0,505,6223,114,2219,506,8442,California
Amador,2021-02-27,293,10955,93,3510,200,7445,0,0,102,6137,190,2409,104,8546,California
Amador,2021-02-28,103,11058,53,3563,50,7495,0,0,57,6150,46,2455,59,8605,California
Amador,2021-03-01,188,11246,67,3630,121,7616,0,0,119,6201,69,2524,120,8725,California
Amador,2021-03-02,382,11628,64,3694,318,7934,0,0,332,6484,50,2574,333,9058,California
Amador,2021-03-03,243,11871,79,3773,164,8098,0,0,167,6577,75,2649,168,9226,California
Amador,2021-03-04,497,12368,116,3889,381,8479,0,0,394,6869,102,2751,394,9620,California
Amador,2021-03-05,513,12881,77,3966,436,8915,0,0,294,6947,218,2969,296,9916,California
Amador,2021-03-06,99,12980,46,4012,52,8967,1,1,54,6957,45,3014,55,9971,California
Amador,2021-03-07,64,13044,43,4055,21,8988,0,1,21,6935,43,3057,21,9992,California
Amador,2021-03-08,152,13196,71,4126,80,9068,1,2,91,6966,61,3118,92,10084,California
Amador,2021-03-09,372,13568,50,4176,322,9390,0,2,293,7183,76,3194,293,10377,California
Amador,2021-03-10,512,14080,77,4253,433,9823,2,4,111,6896,401,3595,114,10491,California
Amador,2021-03-11,474,14554,118,4371,345,10168,11,15,299,7035,174,3769,313,10804,California
Amador,2021-03-12,570,15124,66,4437,496,10664,8,23,338,7155,231,4000,351,11155,California
Amador,2021-03-13,114,15238,18,4455,89,10753,7,30,74,7200,40,4040,85,11240,California
Amador,2021-03-14,89,15327,19,4474,67,10820,3,33,21,7156,68,4108,24,11264,California
Amador,2021-03-15,179,15506,26,4500,146,10966,7,40,55,7095,124,4232,63,11327,California
Amador,2021-03-16,451,15957,54,4554,387,11353,10,50,138,6932,311,4543,148,11475,California
Amador,2021-03-17,193,16150,42,4596,148,11501,3,53,116,6975,77,4620,120,11595,California
Amador,2021-03-18,477,16627,100,4696,373,11874,4,57,251,7008,226,4846,259,11854,California
Amador,2021-03-19,541,17168,56,4752,468,12342,17,74,391,7271,148,4994,411,12265,California
Amador,2021-03-20,110,17278,45,4797,64,12406,1,75,46,7257,63,5057,49,12314,California
Amador,2021-03-21,48,17326,36,4833,11,12417,1,76,31,7275,16,5073,34,12348,California
Amador,2021-03-22,116,17442,34,4867,53,12470,29,105,52,7292,64,5137,81,12429,California
Amador,2021-03-23,435,17877,47,4914,380,12850,8,113,275,7417,159,5296,284,12713,California
Amador,2021-03-24,342,18219,35,4949,54,12904,253,366,34,7397,307,5603,287,13000,California
Amador,2021-03-25,607,18826,85,5034,516,13420,6,372,395,7587,211,5814,401,13401,California
Amador,2021-03-26,743,19569,44,5078,693,14113,6,378,280,7415,461,6275,289,13690,California
Amador,2021-03-27,91,19660,15,5093,74,14187,2,380,27,7382,64,6339,31,13721,California
Amador,2021-03-28,69,19729,16,5109,51,14238,2,382,12,7341,56,6395,15,13736,California
Amador,2021-03-29,181,19910,27,5136,153,14391,1,383,82,7332,97,6492,88,13824,California
Amador,2021-03-30,535,20445,28,5164,506,14897,1,384,294,7387,240,6732,295,14119,California
Amador,2021-03-31,199,20644,57,5221,137,15034,5,389,43,7280,155,6887,48,14167,California
Amador,2021-04-01,615,21259,87,5308,528,15562,0,389,263,7196,349,7236,265,14432,California
Amador,2021-04-02,607,21866,38,5346,557,16119,12,401,382,7367,224,7460,395,14827,California
Amador,2021-04-03,84,21950,21,5367,43,16162,20,421,21,7347,63,7523,43,14870,California
Amador,2021-04-04,38,21988,3,5370,29,16191,6,427,15,7345,23,7546,21,14891,California
Amador,2021-04-05,144,22132,52,5422,75,16266,17,444,49,7319,94,7640,68,14959,California
Amador,2021-04-06,503,22635,38,5460,446,16712,19,463,223,7283,278,7918,242,15201,California
Amador,2021-04-07,99,22734,34,5494,46,16758,19,482,43,7291,54,7972,62,15263,California
Amador,2021-04-08,494,23228,84,5578,389,17147,21,503,221,7261,272,8244,242,15505,California
Amador,2021-04-09,481,23709,20,5598,442,17589,19,522,211,7220,269,8513,228,15733,California
Amador,2021-04-10,50,23759,14,5612,27,17616,9,531,22,7223,28,8541,31,15764,California
Amador,2021-04-11,50,23809,25,5637,21,17637,4,535,23,7224,26,8567,27,15791,California
Amador,2021-04-12,97,23906,25,5662,62,17699,10,545,41,7219,56,8623,51,15842,California
Amador,2021-04-13,344,24250,50,5712,294,17993,0,545,68,7012,275,8898,68,15910,California
Amador,2021-04-14,278,24528,26,5738,252,18245,0,545,177,7089,100,8998,177,16087,California
Amador,2021-04-15,330,24858,73,5811,257,18502,0,545,72,6908,253,9251,72,16159,California
Amador,2021-04-16,482,25340,29,5840,453,18955,0,545,385,7197,96,9347,385,16544,California
Amador,2021-04-17,61,25401,34,5874,27,18982,0,545,27,7190,34,9381,27,16571,California
Amador,2021-04-18,26,25427,6,5880,20,19002,0,545,11,7187,14,9395,11,16582,California
Amador,2021-04-19,70,25497,28,5908,42,19044,0,545,31,7182,38,9433,33,16615,California
Amador,2021-04-20,436,25933,54,5962,382,19426,0,545,111,6977,318,9751,113,16728,California
Amador,2021-04-21,85,26018,33,5995,52,19478,0,545,43,6979,41,9792,43,16771,California
Amador,2021-04-22,496,26514,78,6073,417,19895,1,546,104,6699,385,10177,105,16876,California
Amador,2021-04-23,358,26872,46,6119,312,20207,0,546,286,6916,71,10248,288,17164,California
Amador,2021-04-24,47,26919,23,6142,24,20231,0,546,26,6922,20,10268,26,17190,California
Amador,2021-04-25,41,26960,19,6161,22,20253,0,546,29,6939,12,10280,29,17219,California
Amador,2021-04-26,86,27046,26,6187,59,20312,1,547,40,6935,45,10325,41,17260,California
Amador,2021-04-27,488,27534,37,6224,451,20763,0,547,86,6622,400,10725,87,17347,California
Amador,2021-04-28,67,27601,29,6253,34,20797,4,551,39,6637,28,10753,43,17390,California
Amador,2021-04-29,222,27823,69,6322,44,20841,109,660,64,6651,158,10911,172,17562,California
Amador,2021-04-30,338,28161,26,6348,308,21149,4,664,95,6507,243,11154,99,17661,California
Amador,2021-05-01,42,28203,16,6364,22,21171,4,668,22,6515,18,11172,26,17687,California
Amador,2021-05-02,26,28229,14,6378,9,21180,3,671,9,6511,17,11189,13,17700,California
Amador,2021-05-03,67,28296,33,6411,24,21204,10,681,27,6508,40,11229,37,17737,California
Amador,2021-05-04,465,28761,26,6437,432,21636,7,688,68,6186,397,11626,75,17812,California
Amador,2021-05-05,202,28963,153,6590,40,21676,9,697,163,6319,39,11665,172,17984,California
Amador,2021-05-06,108,29071,54,6644,49,21725,5,702,63,6344,43,11708,68,18052,California
Amador,2021-05-07,127,29198,30,6674,90,21815,7,709,68,6360,59,11767,75,18127,California
Amador,2021-05-08,41,29239,8,6682,30,21845,3,712,20,6362,21,11788,23,18150,California
Amador,2021-05-09,15,29254,0,6682,9,21854,6,718,4,6361,11,11799,10,18160,California
Amador,2021-05-10,62,29316,15,6697,44,21898,3,721,26,6354,36,11835,29,18189,California
Amador,2021-05-11,101,29417,33,6730,42,21940,26,747,45,6369,56,11891,71,18260,California
Amador,2021-05-12,62,29479,20,6750,41,21981,1,748,28,6364,34,11925,29,18289,California
Amador,2021-05-13,72,29551,40,6790,28,22009,4,752,36,6369,35,11960,40,18329,California
Amador,2021-05-14,392,29943,32,6822,356,22365,4,756,83,6147,309,12269,87,18416,California
Amador,2021-05-15,51,29994,20,6842,21,22386,10,766,25,6156,26,12295,35,18451,California
Amador,2021-05-16,38,30032,15,6857,23,22409,0,766,17,6152,21,12316,17,18468,California
Amador,2021-05-17,70,30102,17,6874,51,22460,2,768,33,6151,36,12352,35,18503,California
Amador,2021-05-18,248,30350,166,7040,47,22507,35,803,165,6269,82,12434,200,18703,California
Amador,2021-05-19,61,30411,23,7063,36,22543,2,805,29,6270,30,12464,31,18734,California
Amador,2021-05-20,49,30460,36,7099,12,22555,1,806,17,6257,31,12495,18,18752,California
Butte,2020-12-16,3,3,3,3,0,0,0,0,3,3,0,0,3,3,California
Butte,2020-12-17,21,24,21,24,0,0,0,0,21,24,0,0,21,24,California
Butte,2020-12-18,50,74,50,74,0,0,0,0,50,74,0,0,50,74,California
Butte,2020-12-19,7,81,7,81,0,0,0,0,7,81,0,0,7,81,California
Butte,2020-12-20,10,91,10,91,0,0,0,0,10,91,0,0,10,91,California
Butte,2020-12-21,634,725,634,725,0,0,0,0,634,725,0,0,634,725,California
Butte,2020-12-22,618,1343,616,1341,2,2,0,0,618,1343,0,0,618,1343,California
Butte,2020-12-23,870,2213,854,2195,16,18,0,0,870,2213,0,0,870,2213,California
Butte,2020-12-24,159,2372,155,2350,4,22,0,0,159,2372,0,0,159,2372,California
Butte,2020-12-26,93,2465,91,2441,2,24,0,0,93,2465,0,0,93,2465,California
Butte,2020-12-27,35,2500,34,2475,1,25,0,0,35,2500,0,0,35,2500,California
Butte,2020-12-28,279,2779,273,2748,6,31,0,0,279,2779,0,0,279,2779,California
Butte,2020-12-29,203,2982,179,2927,24,55,0,0,203,2982,0,0,203,2982,California
Butte,2020-12-30,513,3495,291,3218,222,277,0,0,513,3495,0,0,513,3495,California
Butte,2020-12-31,211,3706,18,3236,193,470,0,0,211,3706,0,0,211,3706,California
Butte,2021-01-01,8,3714,1,3237,7,477,0,0,8,3714,0,0,8,3714,California
Butte,2021-01-02,41,3755,38,3275,3,480,0,0,41,3755,0,0,41,3755,California
Butte,2021-01-03,4,3759,1,3276,3,483,0,0,4,3759,0,0,4,3759,California
Butte,2021-01-04,208,3967,175,3451,33,516,0,0,208,3967,0,0,208,3967,California
Butte,2021-01-05,197,4164,152,3603,45,561,0,0,196,4162,1,1,196,4163,California
Butte,2021-01-06,624,4788,397,4000,227,788,0,0,619,4777,5,6,620,4783,California
Butte,2021-01-07,761,5549,369,4369,392,1180,0,0,741,5498,20,26,741,5524,California
Butte,2021-01-08,668,6217,529,4898,139,1319,0,0,622,6074,46,72,622,6146,California
Butte,2021-01-09,12,6229,7,4905,5,1324,0,0,7,6076,5,77,7,6153,California
Butte,2021-01-10,19,6248,5,4910,14,1338,0,0,14,6085,5,82,14,6167,California
Butte,2021-01-11,985,7233,949,5859,36,1374,0,0,357,5817,628,710,360,6527,California
Butte,2021-01-12,698,7931,653,6512,45,1419,0,0,274,5667,424,1134,274,6801,California
Butte,2021-01-13,1451,9382,957,7469,494,1913,0,0,616,5450,835,1969,618,7419,California
Butte,2021-01-14,1635,11017,894,8363,741,2654,0,0,1439,6694,195,2164,1439,8858,California
Butte,2021-01-15,1168,12185,926,9289,242,2896,0,0,1059,7643,110,2274,1059,9917,California
Butte,2021-01-16,586,12771,300,9589,286,3182,0,0,541,8139,45,2319,541,10458,California
Butte,2021-01-17,239,13010,64,9653,175,3357,0,0,202,8304,37,2356,202,10660,California
Butte,2021-01-18,344,13354,302,9955,42,3399,0,0,276,8513,67,2423,276,10936,California
Butte,2021-01-19,497,13851,433,10388,64,3463,0,0,224,8464,273,2696,224,11160,California
Butte,2021-01-20,1370,15221,689,11077,681,4144,0,0,1067,9228,303,2999,1067,12227,California
Butte,2021-01-21,1474,16695,866,11943,608,4752,0,0,1366,10487,107,3106,1366,13593,California
Butte,2021-01-22,1138,17833,479,12422,659,5411,0,0,1085,11519,53,3159,1085,14678,California
Butte,2021-01-23,129,17962,87,12509,42,5453,0,0,103,11596,26,3185,103,14781,California
Butte,2021-01-24,9,17971,7,12516,2,5455,0,0,9,11605,0,3185,9,14790,California
Butte,2021-01-25,655,18626,335,12851,320,5775,0,0,492,11934,163,3348,492,15282,California
Butte,2021-01-26,1468,20094,377,13228,1091,6866,0,0,1331,13128,137,3485,1331,16613,California
Butte,2021-01-27,2095,22189,706,13934,1389,8255,0,0,1365,13764,729,4214,1365,17978,California
Butte,2021-01-28,2261,24450,260,14194,2001,10256,0,0,1951,15406,309,4523,1951,19929,California
Butte,2021-01-29,1686,26136,487,14681,1199,11455,0,0,1307,16335,378,4901,1307,21236,California
Butte,2021-01-30,32,26168,9,14690,23,11478,0,0,29,16361,3,4904,29,21265,California
Butte,2021-01-31,16,26184,14,14704,2,11480,0,0,15,16375,1,4905,15,21280,California
Butte,2021-02-01,1750,27934,406,15110,1344,12824,0,0,1362,17351,386,5291,1362,22642,California
Butte,2021-02-02,1931,29865,363,15473,1568,14392,0,0,1628,18675,304,5595,1628,24270,California
Butte,2021-02-03,2739,32604,775,16248,1964,16356,0,0,1848,19634,889,6484,1848,26118,California
Butte,2021-02-04,2961,35565,327,16575,2634,18990,0,0,2404,21483,555,7039,2404,28522,California
Butte,2021-02-05,1273,36838,668,17243,605,19595,0,0,552,21315,721,7760,553,29075,California
Butte,2021-02-06,144,36982,103,17346,41,19636,0,0,62,21295,82,7842,62,29137,California
Butte,2021-02-07,37,37019,33,17379,4,19640,0,0,13,21284,24,7866,13,29150,California
Butte,2021-02-08,693,37712,544,17923,149,19789,0,0,239,21069,454,8320,239,29389,California
Butte,2021-02-09,953,38665,459,18382,494,20283,0,0,723,21562,230,8550,723,30112,California
Butte,2021-02-10,1706,40371,1190,19572,516,20799,0,0,675,21208,1029,9579,675,30787,California
Butte,2021-02-11,2203,42574,1349,20921,854,21653,0,0,1007,21019,1196,10775,1007,31794,California
Butte,2021-02-12,1003,43577,435,21356,568,22221,0,0,329,20675,673,11448,329,32123,California
Butte,2021-02-13,252,43829,44,21400,208,22429,0,0,150,20723,102,11550,150,32273,California
Butte,2021-02-14,161,43990,9,21409,152,22581,0,0,156,20874,5,11555,156,32429,California
Butte,2021-02-15,263,44253,47,21456,216,22797,0,0,198,21007,65,11620,198,32627,California
Butte,2021-02-16,733,44986,433,21889,300,23097,0,0,275,20823,459,12079,275,32902,California
Butte,2021-02-17,1516,46502,849,22738,667,23764,0,0,842,20993,672,12751,842,33744,California
Butte,2021-02-18,1557,48059,763,23501,794,24558,0,0,747,20930,810,13561,747,34491,California
Butte,2021-02-19,1166,49225,387,23888,779,25337,0,0,401,20573,758,14319,401,34892,California
Butte,2021-02-20,478,49703,32,23920,446,25783,0,0,125,20346,352,14671,125,35017,California
Butte,2021-02-21,18,49721,16,23936,2,25785,0,0,13,20354,5,14676,13,35030,California
Butte,2021-02-22,1501,51222,298,24234,1203,26988,0,0,379,19614,1119,15795,379,35409,California
Butte,2021-02-23,1634,52856,297,24531,1337,28325,0,0,462,18909,1167,16962,462,35871,California
Butte,2021-02-24,2135,54991,596,25127,1539,29864,0,0,726,18234,1401,18363,726,36597,California
Butte,2021-02-25,2078,57069,580,25707,1498,31362,0,0,656,17474,1417,19780,657,37254,California
Butte,2021-02-26,921,57990,311,26018,610,31972,0,0,396,17348,522,20302,396,37650,California
Butte,2021-02-27,236,58226,48,26066,188,32160,0,0,186,17486,48,20350,186,37836,California
Butte,2021-02-28,140,58366,16,26082,124,32284,0,0,132,17610,8,20358,132,37968,California
Butte,2021-03-01,1631,59997,178,26260,1452,33736,1,1,329,16641,1299,21657,330,38298,California
Butte,2021-03-02,1748,61745,198,26458,1550,35286,0,1,313,15523,1431,23088,313,38611,California
Butte,2021-03-03,2787,64532,850,27308,1937,37223,0,1,482,13702,2303,25391,482,39093,California
Butte,2021-03-04,3150,67682,682,27990,2468,39691,0,1,627,11807,2522,27913,627,39720,California
Butte,2021-03-05,1354,69036,616,28606,737,40428,1,2,739,11935,612,28525,740,40460,California
Butte,2021-03-06,247,69283,27,28633,197,40625,23,25,186,12084,60,28585,209,40669,California
Butte,2021-03-07,55,69338,3,28636,35,40660,17,42,30,12106,25,28610,47,40716,California
Butte,2021-03-08,1267,70605,129,28765,1061,41721,77,119,1102,13123,162,28772,1179,41895,California
Butte,2021-03-09,1904,72509,284,29049,1517,43238,103,222,1414,14153,487,29259,1517,43412,California
Butte,2021-03-10,2321,74830,966,30015,1254,44492,101,323,1579,15095,737,29996,1679,45091,California
Butte,2021-03-11,2809,77639,1317,31332,1366,45858,126,449,1982,16387,816,30812,2108,47199,California
Butte,2021-03-12,1146,78785,329,31661,468,46326,349,798,357,16310,783,31595,706,47905,California
Butte,2021-03-13,256,79041,69,31730,138,46464,49,847,64,16230,192,31787,112,48017,California
Butte,2021-03-14,162,79203,16,31746,104,46568,42,889,20,16151,141,31928,62,48079,California
Butte,2021-03-15,1743,80946,360,32106,1089,47657,294,1183,1147,17003,589,32517,1441,49520,California
Butte,2021-03-16,1652,82598,417,32523,1157,48814,78,1261,1112,17655,537,33054,1189,50709,California
Butte,2021-03-17,1954,84552,1358,33881,515,49329,81,1342,1136,18061,810,33864,1216,51925,California
Butte,2021-03-18,1806,86358,1464,35345,213,49542,129,1471,1062,18513,738,34602,1190,53115,California
Butte,2021-03-19,701,87059,315,35660,302,49844,84,1555,347,18600,344,34946,431,53546,California
Butte,2021-03-20,205,87264,32,35692,157,50001,16,1571,93,18597,112,35058,109,53655,California
Butte,2021-03-21,58,87322,27,35719,2,50003,29,1600,15,18598,43,35101,44,53699,California
Butte,2021-03-22,1463,88785,353,36072,1016,51019,94,1694,1198,19627,263,35364,1292,54991,California
Butte,2021-03-23,1805,90590,493,36565,1198,52217,114,1808,1455,20849,347,35711,1569,56560,California
Butte,2021-03-24,2253,92843,1270,37835,857,53074,126,1934,1704,22133,545,36256,1829,58389,California
Butte,2021-03-25,1485,94328,1202,39037,191,53265,92,2026,1019,22782,462,36718,1111,59500,California
Butte,2021-03-26,1211,95539,441,39478,524,53789,246,2272,564,22953,639,37357,810,60310,California
Butte,2021-03-27,300,95839,84,39562,192,53981,24,2296,134,22946,163,37520,156,60466,California
Butte,2021-03-28,227,96066,44,39606,175,54156,8,2304,102,22933,122,37642,109,60575,California
Butte,2021-03-29,1720,97786,381,39987,1269,55425,70,2374,1305,23898,410,38052,1375,61950,California
Butte,2021-03-30,1041,98827,471,40458,480,55905,90,2464,494,23941,541,38593,584,62534,California
Butte,2021-03-31,1779,100606,1305,41763,407,56312,67,2531,1089,24413,684,39277,1156,63690,California
Butte,2021-04-01,3292,103898,2670,44433,495,56807,127,2658,2221,25697,1065,40342,2349,66039,California
Butte,2021-04-02,1003,104901,421,44854,462,57269,120,2778,563,25946,432,40774,681,66720,California
Butte,2021-04-03,347,105248,47,44901,225,57494,75,2853,164,26002,183,40957,239,66959,California
Butte,2021-04-04,187,105435,23,44924,141,57635,23,2876,108,26057,77,41034,132,67091,California
Butte,2021-04-05,1956,107391,421,45345,1363,58998,172,3048,592,25464,1355,42389,762,67853,California
Butte,2021-04-06,2194,109585,619,45964,1155,60153,420,3468,795,25284,1393,43782,1213,69066,California
Butte,2021-04-07,3016,112601,1312,47276,1312,61465,392,3860,699,24071,2311,46093,1098,70164,California
Butte,2021-04-08,2720,115321,1189,48465,1266,62731,265,4125,438,22495,2279,48372,703,70867,California
Butte,2021-04-09,1366,116687,350,48815,536,63267,480,4605,324,22256,1038,49410,799,71666,California
Butte,2021-04-10,220,116907,48,48863,75,63342,97,4702,96,22325,123,49533,192,71858,California
Butte,2021-04-11,107,117014,45,48908,52,63394,10,4712,83,22396,22,49555,93,71951,California
Butte,2021-04-12,1407,118421,314,49222,960,64354,133,4845,233,21588,1174,50729,366,72317,California
Butte,2021-04-13,1641,120062,571,49793,1064,65418,6,4851,335,20630,1299,52028,341,72658,California
Butte,2021-04-14,2827,122889,2337,52130,490,65908,0,4851,1311,20431,1511,53539,1312,73970,California
Butte,2021-04-15,640,123529,395,52525,245,66153,0,4851,483,20760,154,53693,483,74453,California
Butte,2021-04-16,809,124338,415,52940,394,66547,0,4851,474,20902,332,54025,474,74927,California
Butte,2021-04-17,341,124679,62,53002,279,66826,0,4851,239,21041,100,54125,239,75166,California
Butte,2021-04-18,41,124720,11,53013,30,66856,0,4851,37,21074,4,54129,37,75203,California
Butte,2021-04-19,1559,126279,380,53393,1179,68035,0,4851,445,20408,1111,55240,445,75648,California
Butte,2021-04-20,1968,128247,714,54107,1254,69289,0,4851,773,19993,1188,56428,773,76421,California
Butte,2021-04-21,2050,130297,1166,55273,884,70173,0,4851,481,18911,1563,57991,481,76902,California
Butte,2021-04-22,2213,132510,1935,57208,278,70451,0,4851,634,17971,1574,59565,634,77536,California
Butte,2021-04-23,946,133456,446,57654,500,70951,0,4851,489,18005,455,60020,489,78025,California
Butte,2021-04-24,345,133801,138,57792,207,71158,0,4851,191,18042,154,60174,191,78216,California
Butte,2021-04-25,172,133973,67,57859,105,71263,0,4851,63,17996,109,60283,63,78279,California
Butte,2021-04-26,1486,135459,427,58286,1054,72317,5,4856,417,17352,1066,61349,422,78701,California
Butte,2021-04-27,934,136393,638,58924,269,72586,27,4883,561,17572,368,61717,588,79289,California
Butte,2021-04-28,1393,137786,938,59862,431,73017,24,4907,506,17216,886,62603,530,79819,California
Butte,2021-04-29,880,138666,541,60403,314,73331,25,4932,296,16958,579,63182,321,80140,California
Butte,2021-04-30,893,139559,387,60790,485,73816,21,4953,452,16995,435,63617,472,80612,California
Butte,2021-05-01,239,139798,64,60854,156,73972,19,4972,72,16920,166,63783,91,80703,California
Butte,2021-05-02,147,139945,61,60915,73,74045,13,4985,42,16870,105,63888,55,80758,California
Butte,2021-05-03,606,140551,250,61165,325,74370,31,5016,157,16619,439,64327,188,80946,California
Butte,2021-05-04,815,141366,314,61479,469,74839,32,5048,211,16263,598,64925,242,81188,California
Butte,2021-05-05,1340,142706,1091,62570,213,75052,36,5084,276,15516,1059,65984,312,81500,California
Butte,2021-05-06,927,143633,671,63241,219,75271,37,5121,366,15362,557,66541,403,81903,California
Butte,2021-05-07,563,144196,291,63532,235,75506,37,5158,288,15415,272,66813,325,82228,California
Butte,2021-05-08,169,144365,36,63568,124,75630,9,5167,90,15436,78,66891,99,82327,California
Butte,2021-05-09,94,144459,20,63588,71,75701,3,5170,50,15445,44,66935,53,82380,California
Butte,2021-05-10,520,144979,307,63895,170,75871,43,5213,214,15399,303,67238,257,82637,California
Butte,2021-05-11,858,145837,639,64534,162,76033,57,5270,272,15145,583,67821,329,82966,California
Butte,2021-05-12,726,146563,471,65005,210,76243,45,5315,320,15108,402,68223,365,83331,California
Butte,2021-05-13,837,147400,557,65562,221,76464,59,5374,287,14913,539,68762,344,83675,California
Butte,2021-05-14,814,148214,510,66072,278,76742,26,5400,344,14815,468,69230,370,84045,California
Butte,2021-05-15,451,148665,209,66281,214,76956,28,5428,200,14793,250,69480,228,84273,California
Butte,2021-05-16,156,148821,76,66357,62,77018,18,5446,89,14834,66,69546,107,84380,California
Butte,2021-05-17,724,149545,467,66824,215,77233,42,5488,307,14770,412,69958,348,84728,California
Butte,2021-05-18,1030,150575,703,67527,284,77517,43,5531,463,14714,562,70520,506,85234,California
Butte,2021-05-19,813,151388,539,68066,233,77750,41,5572,324,14594,485,71005,365,85599,California
Butte,2021-05-20,474,151862,350,68416,96,77846,28,5600,164,14478,308,71313,192,85791,California
Calaveras,2020-12-16,5,5,5,5,0,0,0,0,5,5,0,0,5,5,California
Calaveras,2020-12-17,3,8,3,8,0,0,0,0,3,8,0,0,3,8,California
Calaveras,2020-12-18,38,46,38,46,0,0,0,0,38,46,0,0,38,46,California
Calaveras,2020-12-19,3,49,3,49,0,0,0,0,3,49,0,0,3,49,California
Calaveras,2020-12-20,3,52,3,52,0,0,0,0,3,52,0,0,3,52,California
Calaveras,2020-12-21,55,107,48,100,7,7,0,0,55,107,0,0,55,107,California
Calaveras,2020-12-22,82,189,78,178,4,11,0,0,83,190,0,0,83,190,California
Calaveras,2020-12-23,76,265,74,252,2,13,0,0,76,266,0,0,76,266,California
Calaveras,2020-12-24,2,267,2,254,0,13,0,0,2,268,0,0,2,268,California
Calaveras,2020-12-26,3,270,3,257,0,13,0,0,3,271,0,0,3,271,California
Calaveras,2020-12-28,21,291,17,274,4,17,0,0,20,290,1,1,20,291,California
Calaveras,2020-12-29,167,458,147,421,20,37,0,0,167,457,0,1,167,458,California
Calaveras,2020-12-30,94,552,82,503,12,49,0,0,94,551,0,1,94,552,California
Calaveras,2020-12-31,37,589,26,529,11,60,0,0,37,588,0,1,37,589,California
Calaveras,2021-01-02,11,600,11,540,0,60,0,0,11,599,0,1,11,600,California
Calaveras,2021-01-03,10,610,4,544,6,66,0,0,10,609,0,1,10,610,California
Calaveras,2021-01-04,33,643,5,549,28,94,0,0,33,642,0,1,33,643,California
Calaveras,2021-01-05,40,683,9,558,31,125,0,0,31,669,9,10,36,679,California
Calaveras,2021-01-06,107,790,30,588,77,202,0,0,97,756,10,20,97,776,California
Calaveras,2021-01-07,105,895,26,614,79,281,0,0,92,838,11,31,93,869,California
Calaveras,2021-01-08,68,963,38,652,30,311,0,0,45,861,23,54,46,915,California
Calaveras,2021-01-09,5,968,5,657,0,311,0,0,2,860,3,57,2,917,California
Calaveras,2021-01-10,2,970,0,657,2,313,0,0,2,862,0,57,2,919,California
Calaveras,2021-01-11,65,1035,59,716,6,319,0,0,27,854,37,94,29,948,California
Calaveras,2021-01-12,85,1120,52,768,33,352,0,0,52,874,33,127,53,1001,California
Calaveras,2021-01-13,110,1230,45,813,65,417,0,0,76,917,34,161,77,1078,California
Calaveras,2021-01-14,139,1369,42,855,97,514,0,0,106,992,32,193,107,1185,California
Calaveras,2021-01-15,93,1462,29,884,64,578,0,0,73,1045,20,213,73,1258,California
Calaveras,2021-01-16,13,1475,2,886,11,589,0,0,12,1056,1,214,12,1270,California
Calaveras,2021-01-17,9,1484,1,887,8,597,0,0,9,1065,0,214,9,1279,California
Calaveras,2021-01-18,133,1617,20,907,113,710,0,0,119,1173,14,228,122,1401,California
Calaveras,2021-01-19,205,1822,175,1082,30,740,0,0,62,1094,142,370,63,1464,California
Calaveras,2021-01-20,378,2200,82,1164,296,1036,0,0,292,1311,85,455,302,1766,California
Calaveras,2021-01-21,463,2663,41,1205,422,1458,0,0,429,1717,34,489,440,2206,California
Calaveras,2021-01-22,401,3064,23,1228,378,1836,0,0,391,2105,10,499,398,2604,California
Calaveras,2021-01-23,22,3086,10,1238,12,1848,0,0,18,2119,4,503,18,2622,California
Calaveras,2021-01-24,14,3100,8,1246,6,1854,0,0,12,2129,2,505,12,2634,California
Calaveras,2021-01-25,86,3186,8,1254,78,1932,0,0,81,2205,5,510,81,2715,California
Calaveras,2021-01-26,47,3233,15,1269,32,1964,0,0,39,2236,8,518,39,2754,California
Calaveras,2021-01-27,135,3368,43,1312,92,2056,0,0,107,2316,27,545,107,2861,California
Calaveras,2021-01-28,165,3533,25,1337,140,2196,0,0,140,2435,25,570,144,3005,California
Calaveras,2021-01-29,390,3923,12,1349,378,2574,0,0,363,2782,27,597,374,3379,California
Calaveras,2021-01-30,27,3950,10,1359,17,2591,0,0,25,2807,0,597,25,3404,California
Calaveras,2021-01-31,6,3956,4,1363,2,2593,0,0,5,2811,1,598,5,3409,California
Calaveras,2021-02-01,25,3981,11,1374,14,2607,0,0,17,2820,8,606,17,3426,California
Calaveras,2021-02-02,109,4090,22,1396,87,2694,0,0,71,2859,33,639,72,3498,California
Calaveras,2021-02-03,433,4523,44,1440,389,3083,0,0,348,3125,84,723,350,3848,California
Calaveras,2021-02-04,381,4904,25,1465,356,3439,0,0,296,3339,85,808,299,4147,California
Calaveras,2021-02-05,78,4982,22,1487,56,3495,0,0,40,3342,38,846,41,4188,California
Calaveras,2021-02-06,21,5003,12,1499,9,3504,0,0,21,3363,0,846,21,4209,California
Calaveras,2021-02-07,4,5007,1,1500,3,3507,0,0,2,3363,2,848,2,4211,California
Calaveras,2021-02-08,39,5046,18,1518,21,3528,0,0,31,3388,6,854,31,4242,California
Calaveras,2021-02-09,193,5239,77,1595,116,3644,0,0,131,3466,54,908,132,4374,California
Calaveras,2021-02-10,514,5753,31,1626,483,4127,0,0,443,3842,71,979,447,4821,California
Calaveras,2021-02-11,584,6337,82,1708,502,4629,0,0,473,4211,108,1087,477,5298,California
Calaveras,2021-02-12,570,6907,325,2033,245,4874,0,0,493,4632,75,1162,496,5794,California
Calaveras,2021-02-13,201,7108,45,2078,156,5030,0,0,186,4803,15,1177,186,5980,California
Calaveras,2021-02-14,221,7329,71,2149,150,5180,0,0,206,4995,14,1191,206,6186,California
Calaveras,2021-02-15,383,7712,23,2172,360,5540,0,0,263,5141,117,1308,263,6449,California
Calaveras,2021-02-16,268,7980,144,2316,124,5664,0,0,230,5335,38,1346,232,6681,California
Calaveras,2021-02-17,511,8491,38,2354,473,6137,0,0,208,5252,294,1640,211,6892,California
Calaveras,2021-02-18,499,8990,91,2445,408,6545,0,0,97,4964,385,2025,97,6989,California
Calaveras,2021-02-19,440,9430,43,2488,397,6942,0,0,98,4729,333,2358,98,7087,California
Calaveras,2021-02-20,59,9489,15,2503,44,6986,0,0,48,4766,11,2369,48,7135,California
Calaveras,2021-02-21,24,9513,14,2517,10,6996,0,0,18,4779,5,2374,18,7153,California
Calaveras,2021-02-22,62,9575,38,2555,24,7020,0,0,33,4783,29,2403,33,7186,California
Calaveras,2021-02-23,127,9702,42,2597,85,7105,0,0,91,4839,36,2439,92,7278,California
Calaveras,2021-02-24,97,9799,48,2645,49,7154,0,0,67,4877,29,2468,67,7345,California
Calaveras,2021-02-25,550,10349,99,2744,451,7605,0,0,356,5047,189,2657,359,7704,California
Calaveras,2021-02-26,720,11069,48,2792,672,8277,0,0,371,5089,331,2988,373,8077,California
Calaveras,2021-02-27,204,11273,22,2814,182,8459,0,0,180,5245,24,3012,180,8257,California
Calaveras,2021-02-28,99,11372,16,2830,83,8542,0,0,93,5333,5,3017,93,8350,California
Calaveras,2021-03-01,229,11601,41,2871,188,8730,0,0,146,5400,80,3097,147,8497,California
Calaveras,2021-03-02,250,11851,97,2968,153,8883,0,0,204,5562,43,3140,205,8702,California
Calaveras,2021-03-03,513,12364,104,3072,409,9292,0,0,212,5479,295,3435,212,8914,California
Calaveras,2021-03-04,745,13109,69,3141,675,9967,1,1,354,5452,382,3817,355,9269,California
Calaveras,2021-03-05,456,13565,272,3413,180,10147,4,5,141,5287,310,4127,145,9414,California
Calaveras,2021-03-06,155,13720,42,3455,107,10254,6,11,115,5368,40,4167,121,9535,California
Calaveras,2021-03-07,75,13795,32,3487,36,10290,7,18,34,5368,41,4208,41,9576,California
Calaveras,2021-03-08,162,13957,27,3514,127,10417,8,26,128,5471,33,4241,136,9712,California
Calaveras,2021-03-09,360,14317,136,3650,218,10635,6,32,32,5186,323,4564,38,9750,California
Calaveras,2021-03-10,419,14736,30,3680,386,11021,3,35,57,4889,357,4921,60,9810,California
Calaveras,2021-03-11,850,15586,422,4102,415,11436,13,48,432,4923,413,5334,447,10257,California
Calaveras,2021-03-12,402,15988,213,4315,179,11615,10,58,327,5192,74,5408,343,10600,California
Calaveras,2021-03-13,177,16165,16,4331,153,11768,8,66,141,5308,35,5443,151,10751,California
Calaveras,2021-03-14,156,16321,11,4342,144,11912,1,67,18,5196,138,5581,26,10777,California
Calaveras,2021-03-15,331,16652,48,4390,257,12169,26,93,52,5000,278,5859,82,10859,California
Calaveras,2021-03-16,688,17340,552,4942,116,12285,20,113,545,5424,141,6000,565,11424,California
Calaveras,2021-03-17,280,17620,53,4995,213,12498,14,127,50,5263,226,6226,65,11489,California
Calaveras,2021-03-18,666,18286,570,5565,80,12578,16,143,549,5713,117,6343,567,12056,California
Calaveras,2021-03-19,231,18517,50,5615,107,12685,74,217,57,5672,170,6513,129,12185,California
Calaveras,2021-03-20,80,18597,21,5636,58,12743,1,218,23,5640,57,6570,25,12210,California
Calaveras,2021-03-21,48,18645,31,5667,6,12749,11,229,12,5627,36,6606,23,12233,California
Calaveras,2021-03-22,80,18725,36,5703,23,12772,21,250,26,5620,54,6660,47,12280,California
Calaveras,2021-03-23,294,19019,204,5907,80,12852,10,260,116,5578,168,6828,126,12406,California
Calaveras,2021-03-24,134,19153,51,5958,73,12925,10,270,43,5542,89,6917,53,12459,California
Calaveras,2021-03-25,742,19895,103,6061,636,13561,3,273,446,5701,290,7207,449,12908,California
Calaveras,2021-03-26,426,20321,28,6089,392,13953,6,279,88,5462,335,7542,96,13004,California
Calaveras,2021-03-27,212,20533,19,6108,189,14142,4,283,37,5333,172,7714,43,13047,California
Calaveras,2021-03-28,111,20644,12,6120,97,14239,2,285,8,5242,102,7816,11,13058,California
Calaveras,2021-03-29,179,20823,23,6143,153,14392,3,288,58,5185,119,7935,62,13120,California
Calaveras,2021-03-30,532,21355,24,6167,491,14883,17,305,356,5383,175,8110,373,13493,California
Calaveras,2021-03-31,322,21677,140,6307,172,15055,10,315,156,5384,166,8276,167,13660,California
Calaveras,2021-04-01,684,22361,442,6749,241,15296,1,316,186,5077,497,8773,190,13850,California
Calaveras,2021-04-02,394,22755,231,6980,155,15451,8,324,117,4929,274,9047,126,13976,California
Calaveras,2021-04-03,144,22899,34,7014,106,15557,4,328,39,4867,105,9152,43,14019,California
Calaveras,2021-04-04,78,22977,25,7039,53,15610,0,328,49,4887,29,9181,49,14068,California
Calaveras,2021-04-05,210,23187,80,7119,121,15731,9,337,99,4885,111,9292,109,14177,California
Calaveras,2021-04-06,650,23837,573,7692,64,15795,13,350,111,4474,535,9827,124,14301,California
Calaveras,2021-04-07,753,24590,657,8349,60,15855,36,386,617,4992,136,9963,654,14955,California
Calaveras,2021-04-08,947,25537,856,9205,70,15925,21,407,437,4944,507,10470,459,15414,California
Calaveras,2021-04-09,154,25691,58,9263,48,15973,48,455,57,4954,96,10566,106,15520,California
Calaveras,2021-04-10,190,25881,42,9305,130,16103,18,473,148,5080,41,10607,167,15687,California
Calaveras,2021-04-11,69,25950,44,9349,23,16126,2,475,48,5109,21,10628,50,15737,California
Calaveras,2021-04-12,103,26053,46,9395,38,16164,19,494,54,5134,49,10677,74,15811,California
Calaveras,2021-04-13,422,26475,367,9762,55,16219,0,494,363,5441,58,10735,365,16176,California
Calaveras,2021-04-14,182,26657,28,9790,154,16373,0,494,136,5532,46,10781,137,16313,California
Calaveras,2021-04-15,336,26993,287,10077,49,16422,0,494,253,5705,80,10861,253,16566,California
Calaveras,2021-04-16,99,27092,25,10102,74,16496,0,494,47,5704,48,10909,47,16613,California
Calaveras,2021-04-17,331,27423,128,10230,203,16699,0,494,288,5949,43,10952,288,16901,California
Calaveras,2021-04-18,18,27441,5,10235,13,16712,0,494,11,5953,7,10959,11,16912,California
Calaveras,2021-04-19,69,27510,27,10262,42,16754,0,494,42,5970,26,10985,43,16955,California
Calaveras,2021-04-20,260,27770,93,10355,167,16921,0,494,194,6100,64,11049,194,17149,California
Calaveras,2021-04-21,217,27987,148,10503,69,16990,0,494,86,6058,129,11178,87,17236,California
Calaveras,2021-04-22,542,28529,97,10600,445,17435,0,494,141,5803,399,11577,144,17380,California
Calaveras,2021-04-23,158,28687,80,10680,78,17513,0,494,65,5777,91,11668,65,17445,California
Calaveras,2021-04-24,172,28859,36,10716,136,17649,0,494,129,5865,42,11710,130,17575,California
Calaveras,2021-04-25,43,28902,28,10744,15,17664,0,494,22,5868,21,11731,24,17599,California
Calaveras,2021-04-26,96,28998,59,10803,37,17701,0,494,28,5829,68,11799,29,17628,California
Calaveras,2021-04-27,424,29422,58,10861,352,18053,14,508,58,5537,364,12163,72,17700,California
Calaveras,2021-04-28,641,30063,573,11434,37,18090,31,539,52,5040,589,12752,92,17792,California
Calaveras,2021-04-29,511,30574,441,11875,51,18141,19,558,72,4698,438,13190,96,17888,California
Calaveras,2021-04-30,148,30722,60,11935,83,18224,5,563,67,4695,81,13271,78,17966,California
Calaveras,2021-05-01,197,30919,109,12044,86,18310,2,565,130,4765,66,13337,136,18102,California
Calaveras,2021-05-02,52,30971,35,12079,16,18326,1,566,20,4756,31,13368,22,18124,California
Calaveras,2021-05-03,94,31065,70,12149,19,18345,5,571,30,4731,64,13432,39,18163,California
Calaveras,2021-05-04,413,31478,328,12477,48,18393,37,608,42,4441,370,13802,80,18243,California
Calaveras,2021-05-05,110,31588,56,12533,22,18415,32,640,48,4459,61,13863,79,18322,California
Calaveras,2021-05-06,253,31841,194,12727,36,18451,23,663,47,4325,205,14068,71,18393,California
Calaveras,2021-05-07,84,31925,24,12751,54,18505,6,669,54,4355,30,14098,60,18453,California
Calaveras,2021-05-08,289,32214,140,12891,147,18652,2,671,92,4254,195,14293,94,18547,California
Calaveras,2021-05-09,28,32242,12,12903,13,18665,3,674,12,4253,16,14309,15,18562,California
Calaveras,2021-05-10,52,32294,23,12926,28,18693,1,675,23,4250,28,14337,25,18587,California
Calaveras,2021-05-11,128,32422,85,13011,31,18724,12,687,89,4314,38,14375,102,18689,California
Calaveras,2021-05-12,155,32577,35,13046,120,18844,0,687,41,4242,113,14488,41,18730,California
Calaveras,2021-05-13,110,32687,59,13105,35,18879,16,703,54,4257,55,14543,70,18800,California
Calaveras,2021-05-14,147,32834,90,13195,54,18933,3,706,98,4310,48,14591,101,18901,California
Calaveras,2021-05-15,260,33094,91,13286,166,19099,3,709,102,4263,152,14743,105,19006,California
Calaveras,2021-05-16,28,33122,12,13298,16,19115,0,709,13,4262,15,14758,14,19020,California
Calaveras,2021-05-17,87,33209,39,13337,40,19155,8,717,46,4277,40,14798,55,19075,California
Calaveras,2021-05-18,217,33426,55,13392,140,19295,22,739,68,4218,149,14947,90,19165,California
Calaveras,2021-05-19,136,33562,53,13445,78,19373,5,744,64,4217,71,15018,70,19235,California
Calaveras,2021-05-20,146,33708,55,13500,69,19442,22,766,32,4159,111,15129,53,19288,California
Colusa,2020-12-18,1,1,1,1,0,0,0,0,1,1,0,0,1,1,California
Colusa,2020-12-21,2,3,2,3,0,0,0,0,2,3,0,0,2,3,California
Colusa,2020-12-22,10,13,10,13,0,0,0,0,10,13,0,0,10,13,California
Colusa,2020-12-23,10,23,10,23,0,0,0,0,10,23,0,0,10,23,California
Colusa,2020-12-24,2,25,1,24,1,1,0,0,2,25,0,0,2,25,California
Colusa,2020-12-27,1,26,1,25,0,1,0,0,1,26,0,0,1,26,California
Colusa,2020-12-28,7,33,3,28,4,5,0,0,7,33,0,0,7,33,California
Colusa,2020-12-29,11,44,8,36,3,8,0,0,11,44,0,0,11,44,California
Colusa,2020-12-30,50,94,13,49,37,45,0,0,50,94,0,0,50,94,California
Colusa,2020-12-31,18,112,1,50,17,62,0,0,18,112,0,0,18,112,California
Colusa,2021-01-04,4,116,0,50,4,66,0,0,4,116,0,0,4,116,California
Colusa,2021-01-05,67,183,1,51,66,132,0,0,67,183,0,0,67,183,California
Colusa,2021-01-06,15,198,9,60,6,138,0,0,15,198,0,0,15,198,California
Colusa,2021-01-07,38,236,4,64,34,172,0,0,37,234,1,1,37,235,California
Colusa,2021-01-08,9,245,7,71,2,174,0,0,8,241,1,2,8,243,California
Colusa,2021-01-09,2,247,1,72,1,175,0,0,2,243,0,2,2,245,California
Colusa,2021-01-10,1,248,0,72,1,176,0,0,1,244,0,2,1,246,California
Colusa,2021-01-11,12,260,6,78,6,182,0,0,7,246,5,7,7,253,California
Colusa,2021-01-12,11,271,9,87,2,184,0,0,6,247,5,12,6,259,California
Colusa,2021-01-13,21,292,13,100,8,192,0,0,13,252,8,20,13,272,California
Colusa,2021-01-14,35,327,28,128,7,199,0,0,33,283,2,22,33,305,California
Colusa,2021-01-15,42,369,5,133,37,236,0,0,40,321,2,24,40,345,California
Colusa,2021-01-16,12,381,1,134,11,247,0,0,11,331,1,25,11,356,California
Colusa,2021-01-17,3,384,2,136,1,248,0,0,2,332,1,26,2,358,California
Colusa,2021-01-18,4,388,0,136,4,252,0,0,4,336,0,26,4,362,California
Colusa,2021-01-19,9,397,8,144,1,253,0,0,5,337,4,30,5,367,California
Colusa,2021-01-20,115,512,101,245,14,267,0,0,102,426,13,43,102,469,California
Colusa,2021-01-21,56,568,41,286,15,282,0,0,55,480,1,44,55,524,California
Colusa,2021-01-22,40,608,17,303,23,305,0,0,35,510,5,49,35,559,California
Colusa,2021-01-23,35,643,6,309,29,334,0,0,35,545,0,49,35,594,California
Colusa,2021-01-25,7,650,0,309,7,341,0,0,7,552,0,49,7,601,California
Colusa,2021-01-26,8,658,5,314,3,344,0,0,5,554,3,52,5,606,California
Colusa,2021-01-27,109,767,31,345,78,422,0,0,107,659,2,54,107,713,California
Colusa,2021-01-28,79,846,46,391,33,455,0,0,72,724,7,61,72,785,California
Colusa,2021-01-29,41,887,7,398,34,489,0,0,40,763,1,62,40,825,California
Colusa,2021-01-30,27,914,4,402,23,512,0,0,27,790,0,62,27,852,California
Colusa,2021-01-31,7,921,7,409,0,512,0,0,7,797,0,62,7,859,California
Colusa,2021-02-01,27,948,10,419,17,529,0,0,22,814,5,67,22,881,California
Colusa,2021-02-02,42,990,8,427,34,563,0,0,36,844,6,73,36,917,California
Colusa,2021-02-03,69,1059,10,437,59,622,0,0,59,893,10,83,59,976,California
Colusa,2021-02-04,143,1202,81,518,62,684,0,0,115,980,28,111,115,1091,California
Colusa,2021-02-05,32,1234,8,526,24,708,0,0,29,1006,3,114,29,1120,California
Colusa,2021-02-06,285,1519,9,535,276,984,0,0,274,1269,11,125,274,1394,California
Colusa,2021-02-07,2,1521,1,536,1,985,0,0,0,1267,2,127,0,1394,California
Colusa,2021-02-08,40,1561,5,541,35,1020,0,0,37,1301,3,130,37,1431,California
Colusa,2021-02-09,231,1792,14,555,217,1237,0,0,176,1422,55,185,176,1607,California
Colusa,2021-02-10,116,1908,41,596,75,1312,0,0,73,1452,43,228,73,1680,California
Colusa,2021-02-11,98,2006,36,632,62,1374,0,0,73,1500,25,253,73,1753,California
Colusa,2021-02-12,118,2124,9,641,109,1483,0,0,79,1539,40,293,79,1832,California
Colusa,2021-02-13,60,2184,8,649,52,1535,0,0,52,1583,8,301,52,1884,California
Colusa,2021-02-14,20,2204,8,657,12,1547,0,0,14,1591,6,307,14,1898,California
Colusa,2021-02-15,45,2249,10,667,35,1582,0,0,38,1622,7,314,38,1936,California
Colusa,2021-02-16,67,2316,4,671,63,1645,0,0,66,1687,1,315,66,2002,California
Colusa,2021-02-17,206,2522,143,814,63,1708,0,0,60,1601,146,461,60,2062,California
Colusa,2021-02-18,135,2657,35,849,100,1808,0,0,112,1690,23,484,112,2174,California
Colusa,2021-02-19,155,2812,19,868,136,1944,0,0,129,1793,26,510,129,2303,California
Colusa,2021-02-20,28,2840,6,874,22,1966,0,0,12,1789,16,526,12,2315,California
Colusa,2021-02-21,1,2841,1,875,0,1966,0,0,0,1788,1,527,0,2315,California
Colusa,2021-02-22,43,2884,26,901,17,1983,0,0,29,1803,14,541,29,2344,California
Colusa,2021-02-23,22,2906,6,907,16,1999,0,0,18,1817,4,545,18,2362,California
Colusa,2021-02-24,301,3207,54,961,247,2246,0,0,159,1834,142,687,159,2521,California
Colusa,2021-02-25,102,3309,55,1016,47,2293,0,0,66,1864,36,723,66,2587,California
Colusa,2021-02-26,99,3408,14,1030,85,2378,0,0,60,1885,39,762,60,2647,California
Colusa,2021-02-27,55,3463,4,1034,51,2429,0,0,40,1910,15,777,40,2687,California
Colusa,2021-02-28,26,3489,14,1048,12,2441,0,0,17,1918,9,786,17,2704,California
Colusa,2021-03-01,46,3535,15,1063,31,2472,0,0,29,1930,17,803,29,2733,California
Colusa,2021-03-02,49,3584,13,1076,36,2508,0,0,26,1933,23,826,26,2759,California
Colusa,2021-03-03,242,3826,43,1119,199,2707,0,0,185,2061,57,883,185,2944,California
Colusa,2021-03-04,138,3964,58,1177,80,2787,0,0,79,2081,59,942,79,3023,California
Colusa,2021-03-05,98,4062,25,1202,64,2851,9,9,53,2098,45,987,62,3085,California
Colusa,2021-03-06,274,4336,9,1211,265,3116,0,9,37,1898,237,1224,37,3122,California
Colusa,2021-03-07,8,4344,5,1216,3,3119,0,9,6,1902,2,1226,6,3128,California
Colusa,2021-03-08,89,4433,21,1237,33,3152,35,44,45,1938,44,1270,80,3208,California
Colusa,2021-03-09,276,4709,74,1311,179,3331,23,67,85,1855,191,1461,108,3316,California
Colusa,2021-03-10,289,4998,37,1348,216,3547,36,103,203,2008,86,1547,239,3555,California
Colusa,2021-03-11,420,5418,60,1408,339,3886,21,124,339,2285,81,1628,358,3913,California
Colusa,2021-03-12,109,5527,18,1426,78,3964,13,137,19,2227,90,1718,32,3945,California
Colusa,2021-03-13,61,5588,16,1442,36,4000,9,146,18,2211,43,1761,27,3972,California
Colusa,2021-03-14,20,5608,0,1442,18,4018,2,148,6,2206,13,1774,8,3980,California
Colusa,2021-03-15,69,5677,26,1468,35,4053,8,156,14,2173,55,1829,22,4002,California
Colusa,2021-03-16,296,5973,16,1484,234,4287,46,202,189,2301,107,1936,235,4237,California
Colusa,2021-03-17,195,6168,49,1533,146,4433,0,202,110,2326,85,2021,110,4347,California
Colusa,2021-03-18,324,6492,37,1570,216,4649,71,273,201,2475,123,2144,272,4619,California
Colusa,2021-03-19,78,6570,20,1590,56,4705,2,275,53,2505,25,2169,55,4674,California
Colusa,2021-03-20,49,6619,7,1597,41,4746,1,276,36,2529,13,2182,37,4711,California
Colusa,2021-03-21,6,6625,4,1601,2,4748,0,276,4,2531,2,2184,4,4715,California
Colusa,2021-03-22,62,6687,10,1611,43,4791,9,285,40,2558,22,2206,49,4764,California
Colusa,2021-03-23,81,6768,16,1627,63,4854,2,287,54,2587,27,2233,56,4820,California
Colusa,2021-03-24,340,7108,58,1685,276,5130,6,293,69,2390,271,2504,74,4894,California
Colusa,2021-03-25,109,7217,60,1745,44,5174,5,298,53,2392,56,2560,58,4952,California
Colusa,2021-03-26,298,7515,47,1792,247,5421,4,302,245,2588,53,2613,249,5201,California
Colusa,2021-03-27,63,7578,5,1797,58,5479,0,302,25,2575,38,2651,25,5226,California
Colusa,2021-03-28,16,7594,7,1804,9,5488,0,302,8,2575,8,2659,8,5234,California
Colusa,2021-03-29,71,7665,20,1824,45,5533,6,308,31,2572,40,2699,37,5271,California
Colusa,2021-03-30,148,7813,79,1903,67,5600,2,310,73,2572,75,2774,75,5346,California
Colusa,2021-03-31,234,8047,42,1945,192,5792,0,310,74,2487,159,2933,74,5420,California
Colusa,2021-04-01,428,8475,70,2015,304,6096,54,364,306,2725,121,3054,359,5779,California
Colusa,2021-04-02,81,8556,12,2027,55,6151,14,378,37,2732,44,3098,51,5830,California
Colusa,2021-04-03,61,8617,10,2037,28,6179,23,401,13,2720,48,3146,36,5866,California
Colusa,2021-04-04,18,8635,0,2037,8,6187,10,411,3,2718,15,3161,13,5879,California
Colusa,2021-04-05,96,8731,26,2063,55,6242,15,426,39,2715,57,3218,54,5933,California
Colusa,2021-04-06,128,8859,33,2096,45,6287,50,476,43,2723,85,3303,93,6026,California
Colusa,2021-04-07,355,9214,40,2136,292,6579,23,499,129,2650,226,3529,153,6179,California
Colusa,2021-04-08,428,9642,34,2170,367,6946,27,526,123,2498,302,3831,150,6329,California
Colusa,2021-04-09,76,9718,21,2191,32,6978,23,549,28,2501,48,3879,51,6380,California
Colusa,2021-04-10,44,9762,9,2200,15,6993,20,569,12,2501,32,3911,32,6412,California
Colusa,2021-04-11,16,9778,3,2203,11,7004,2,571,8,2503,8,3919,10,6422,California
Colusa,2021-04-12,31,9809,3,2206,28,7032,0,571,24,2520,7,3926,24,6446,California
Colusa,2021-04-13,277,10086,23,2229,254,7286,0,571,92,2428,184,4110,92,6538,California
Colusa,2021-04-14,95,10181,19,2248,76,7362,0,571,34,2401,61,4171,34,6572,California
Colusa,2021-04-15,323,10504,47,2295,276,7638,0,571,130,2338,193,4364,130,6702,California
Colusa,2021-04-16,80,10584,11,2306,69,7707,0,571,36,2331,43,4407,36,6738,California
Colusa,2021-04-17,53,10637,7,2313,46,7753,0,571,31,2340,22,4429,31,6769,California
Colusa,2021-04-18,9,10646,2,2315,7,7760,0,571,7,2345,2,4431,7,6776,California
Colusa,2021-04-19,61,10707,22,2337,39,7799,0,571,17,2318,44,4475,17,6793,California
Colusa,2021-04-20,177,10884,32,2369,145,7944,0,571,129,2399,48,4523,129,6922,California
Colusa,2021-04-21,170,11054,59,2428,111,8055,0,571,110,2449,60,4583,110,7032,California
Colusa,2021-04-22,418,11472,27,2455,390,8445,1,572,215,2462,202,4785,215,7247,California
Colusa,2021-04-23,91,11563,17,2472,74,8519,0,572,37,2445,54,4839,37,7284,California
Colusa,2021-04-24,237,11800,19,2491,217,8736,1,573,204,2617,33,4872,205,7489,California
Colusa,2021-04-25,12,11812,6,2497,6,8742,0,573,8,2621,4,4876,8,7497,California
Colusa,2021-04-26,23,11835,5,2502,17,8759,1,574,7,2613,15,4891,7,7504,California
Colusa,2021-04-27,94,11929,23,2525,67,8826,4,578,43,2609,51,4942,47,7551,California
Colusa,2021-04-28,188,12117,27,2552,158,8984,3,581,138,2701,49,4991,141,7692,California
Colusa,2021-04-29,317,12434,27,2579,286,9270,4,585,48,2486,267,5258,52,7744,California
Colusa,2021-04-30,65,12499,18,2597,47,9317,0,585,41,2503,24,5282,41,7785,California
Colusa,2021-05-01,19,12518,8,2605,8,9325,3,588,9,2505,10,5292,12,7797,California
Colusa,2021-05-02,3,12521,0,2605,2,9327,1,589,2,2507,1,5293,3,7800,California
Colusa,2021-05-03,21,12542,7,2612,14,9341,0,589,6,2498,15,5308,6,7806,California
Colusa,2021-05-04,86,12628,44,2656,41,9382,1,590,63,2539,23,5331,64,7870,California
Colusa,2021-05-05,67,12695,16,2672,50,9432,1,591,32,2537,35,5366,33,7903,California
Colusa,2021-05-06,253,12948,16,2688,235,9667,2,593,110,2506,143,5509,112,8015,California
Colusa,2021-05-07,67,13015,5,2693,58,9725,4,597,30,2503,37,5546,34,8049,California
Colusa,2021-05-08,18,13033,5,2698,13,9738,0,597,9,2503,9,5555,9,8058,California
Colusa,2021-05-09,13,13046,5,2703,5,9743,3,600,6,2505,7,5562,9,8067,California
Colusa,2021-05-10,16,13062,7,2710,9,9752,0,600,6,2501,10,5572,6,8073,California
Colusa,2021-05-11,93,13155,34,2744,59,9811,0,600,50,2508,43,5615,50,8123,California
Colusa,2021-05-12,74,13229,32,2776,37,9848,5,605,21,2481,53,5668,26,8149,California
Colusa,2021-05-13,226,13455,15,2791,210,10058,1,606,69,2394,157,5825,70,8219,California
Colusa,2021-05-14,80,13535,15,2806,52,10110,13,619,30,2388,49,5874,43,8262,California
Colusa,2021-05-15,40,13575,11,2817,27,10137,2,621,21,2392,19,5893,23,8285,California
Colusa,2021-05-16,22,13597,6,2823,11,10148,5,626,11,2397,11,5904,16,8301,California
Colusa,2021-05-17,26,13623,8,2831,15,10163,3,629,18,2410,8,5912,21,8322,California
Colusa,2021-05-18,100,13723,26,2857,72,10235,2,631,43,2398,57,5969,45,8367,California
Colusa,2021-05-19,168,13891,42,2899,106,10341,20,651,60,2370,108,6077,80,8447,California
Colusa,2021-05-20,56,13947,13,2912,39,10380,4,655,21,2360,35,6112,25,8472,California
Contra Costa,2020-12-15,18,18,18,18,0,0,0,0,18,18,0,0,18,18,California
Contra Costa,2020-12-16,521,539,521,539,0,0,0,0,521,539,0,0,521,539,California
Contra Costa,2020-12-17,919,1458,919,1458,0,0,0,0,919,1458,0,0,919,1458,California
Contra Costa,2020-12-18,1592,3050,1591,3049,1,1,0,0,1592,3050,0,0,1592,3050,California
Contra Costa,2020-12-19,1104,4154,1103,4152,1,2,0,0,1104,4154,0,0,1104,4154,California
Contra Costa,2020-12-20,584,4738,583,4735,1,3,0,0,584,4738,0,0,584,4738,California
Contra Costa,2020-12-21,1654,6392,1652,6387,2,5,0,0,1654,6392,0,0,1654,6392,California
Contra Costa,2020-12-22,1668,8060,1563,7950,105,110,0,0,1668,8060,0,0,1668,8060,California
Contra Costa,2020-12-23,1598,9658,1350,9300,248,358,0,0,1598,9658,0,0,1598,9658,California
Contra Costa,2020-12-24,656,10314,336,9636,320,678,0,0,656,10314,0,0,656,10314,California
Contra Costa,2020-12-25,39,10353,17,9653,22,700,0,0,39,10353,0,0,39,10353,California
Contra Costa,2020-12-26,642,10995,132,9785,510,1210,0,0,642,10995,0,0,642,10995,California
Contra Costa,2020-12-27,240,11235,87,9872,153,1363,0,0,240,11235,0,0,240,11235,California
Contra Costa,2020-12-28,1834,13069,863,10735,971,2334,0,0,1834,13069,0,0,1834,13069,California
Contra Costa,2020-12-29,1829,14898,823,11558,1006,3340,0,0,1829,14898,0,0,1829,14898,California
Contra Costa,2020-12-30,2392,17290,1213,12771,1179,4519,0,0,2391,17289,0,0,2391,17289,California
Contra Costa,2020-12-31,915,18205,308,13079,607,5126,0,0,914,18203,0,0,914,18203,California
Contra Costa,2021-01-01,61,18266,23,13102,38,5164,0,0,61,18264,0,0,61,18264,California
Contra Costa,2021-01-02,335,18601,173,13275,162,5326,0,0,335,18599,0,0,335,18599,California
Contra Costa,2021-01-03,177,18778,119,13394,58,5384,0,0,176,18775,0,0,176,18775,California
Contra Costa,2021-01-04,1905,20683,1250,14644,655,6039,0,0,1885,20642,18,18,1885,20660,California
Contra Costa,2021-01-05,2102,22785,1256,15900,846,6885,0,0,1843,22228,258,276,1844,22504,California
Contra Costa,2021-01-06,3280,26065,2248,18148,1032,7917,0,0,2520,23997,754,1030,2523,25027,California
Contra Costa,2021-01-07,3093,29158,2059,20207,1034,8951,0,0,1880,24667,1210,2240,1880,26907,California
Contra Costa,2021-01-08,3386,32544,2394,22601,992,9943,0,0,1823,24936,1558,3798,1827,28734,California
Contra Costa,2021-01-09,1585,34129,1134,23735,451,10394,0,0,748,24850,836,4634,750,29484,California
Contra Costa,2021-01-10,362,34491,286,24021,76,10470,0,0,153,24794,209,4843,153,29637,California
Contra Costa,2021-01-11,3838,38329,3146,27167,692,11162,0,0,2234,25427,1604,6447,2237,31874,California
Contra Costa,2021-01-12,3913,42242,2938,30105,975,12137,0,0,2586,26689,1327,7774,2589,34463,California
Contra Costa,2021-01-13,4728,46970,2936,33041,1792,13929,0,0,3780,29526,944,8718,3781,38244,California
Contra Costa,2021-01-14,4311,51281,1558,34599,2753,16682,0,0,3929,33073,382,9100,3929,42173,California
Contra Costa,2021-01-15,5335,56616,2459,37058,2876,19558,0,0,5012,37767,322,9422,5016,47189,California
Contra Costa,2021-01-16,1721,58337,556,37614,1165,20723,0,0,1646,39338,75,9497,1646,48835,California
Contra Costa,2021-01-17,1638,59975,975,38589,663,21386,0,0,1515,40733,123,9620,1518,50353,California
Contra Costa,2021-01-18,3202,63177,1261,39850,1941,23327,0,0,2578,42694,618,10238,2579,52932,California
Contra Costa,2021-01-19,7066,70243,3161,43011,3905,27232,0,0,6061,47758,1002,11240,6066,58998,California
Contra Costa,2021-01-20,6668,76911,4107,47118,2561,29793,0,0,5435,51969,1229,12469,5440,64438,California
Contra Costa,2021-01-21,6987,83898,3120,50238,3867,33660,0,0,6258,57511,724,13193,6266,70704,California
Contra Costa,2021-01-22,6376,90274,2708,52946,3668,37328,0,0,5517,62181,850,14043,5520,76224,California
Contra Costa,2021-01-23,2032,92306,363,53309,1669,38997,0,0,1774,63701,256,14299,1776,78000,California
Contra Costa,2021-01-24,1581,93887,217,53526,1364,40361,0,0,1436,64996,145,14444,1440,79440,California
Contra Costa,2021-01-25,6673,100560,3031,56557,3642,44003,0,0,5109,68546,1562,16006,5112,84552,California
Contra Costa,2021-01-26,8093,108653,4688,61245,3405,47408,0,0,6249,72964,1836,17842,6254,90806,California
Contra Costa,2021-01-27,8247,116900,5503,66748,2744,50152,0,0,6341,77484,1825,19667,6345,97151,California
Contra Costa,2021-01-28,7446,124346,4085,70833,3361,53513,0,0,5840,81728,1600,21267,5844,102995,California
Contra Costa,2021-01-29,7441,131787,3890,74723,3551,57064,0,0,6128,86549,1309,22576,6130,109125,California
Contra Costa,2021-01-30,2083,133870,598,75321,1485,58549,0,0,1717,87907,359,22935,1717,110842,California
Contra Costa,2021-01-31,698,134568,479,75800,219,58768,0,0,572,88356,123,23058,572,111414,California
Contra Costa,2021-02-01,5540,140108,3775,79575,1765,60533,0,0,3898,90621,1636,24694,3901,115315,California
Contra Costa,2021-02-02,7756,147864,5269,84844,2487,63020,0,0,5893,94654,1861,26555,5894,121209,California
Contra Costa,2021-02-03,8289,156153,5480,90324,2809,65829,0,0,5612,97603,2664,29219,5613,126822,California
Contra Costa,2021-02-04,7446,163599,3538,93862,3908,69737,0,0,5711,101586,1731,30950,5714,132536,California
Contra Costa,2021-02-05,8436,172035,4827,98689,3609,73346,0,0,5724,104605,2705,33655,5724,138260,California
Contra Costa,2021-02-06,3476,175511,2158,100847,1318,74664,0,0,2823,106777,652,34307,2824,141084,California
Contra Costa,2021-02-07,984,176495,713,101560,271,74935,0,0,606,107006,377,34684,606,141690,California
Contra Costa,2021-02-08,5832,182327,3455,105015,2377,77312,0,0,4348,109877,1478,36162,4349,146039,California
Contra Costa,2021-02-09,8667,190994,4781,109796,3886,81198,0,0,5771,112758,2891,39053,5772,151811,California
Contra Costa,2021-02-10,8636,199630,4650,114446,3986,85184,0,0,5358,114857,3263,42316,5362,157173,California
Contra Costa,2021-02-11,9317,208947,4219,118665,5098,90282,0,0,5261,116073,4050,46366,5266,162439,California
Contra Costa,2021-02-12,10076,219023,4618,123283,5458,95740,0,0,5453,116913,4616,50982,5456,167895,California
Contra Costa,2021-02-13,4883,223906,1368,124651,3515,99255,0,0,3403,118840,1477,52459,3404,171299,California
Contra Costa,2021-02-14,2092,225998,867,125518,1225,100480,0,0,1229,119208,861,53320,1229,172528,California
Contra Costa,2021-02-15,4459,230457,2469,127987,1990,102470,0,0,2339,119435,2113,55433,2340,174868,California
Contra Costa,2021-02-16,10419,240876,4911,132898,5508,107978,0,0,4645,118318,5766,61199,4649,179517,California
Contra Costa,2021-02-17,12294,253170,6146,139044,6148,114126,0,0,5637,117314,6642,67841,5638,185155,California
Contra Costa,2021-02-18,11479,264649,5976,145020,5503,119629,0,0,5327,116505,6138,73979,5329,190484,California
Contra Costa,2021-02-19,11413,276062,7111,152131,4302,123931,0,0,5180,115470,6216,80195,5181,195665,California
Contra Costa,2021-02-20,6457,282519,2904,155035,3553,127484,0,0,4576,118183,1865,82060,4578,200243,California
Contra Costa,2021-02-21,2264,284783,1713,156748,551,128035,0,0,1538,118996,725,82785,1538,201781,California
Contra Costa,2021-02-22,7581,292364,5135,161883,2446,130481,0,0,3494,118417,4075,86860,3496,205277,California
Contra Costa,2021-02-23,12077,304441,7419,169302,4658,135139,0,0,6090,118538,5973,92833,6094,211371,California
Contra Costa,2021-02-24,10561,315002,7752,177054,2809,137948,0,0,5112,118220,5432,98265,5114,216485,California
Contra Costa,2021-02-25,11501,326503,7239,184293,4262,142210,0,0,5232,117208,6248,104513,5236,221721,California
Contra Costa,2021-02-26,10729,337232,6770,191063,3959,146169,0,0,5324,117143,5390,109903,5325,227046,California
Contra Costa,2021-02-27,6767,343999,4351,195414,2416,148585,0,0,4244,118873,2515,112418,4245,231291,California
Contra Costa,2021-02-28,3806,347805,3134,198548,672,149257,0,0,3206,121484,596,113014,3207,234498,California
Contra Costa,2021-03-01,8222,356027,6195,204743,2022,151279,5,5,5073,123431,3133,116147,5080,239578,California
Contra Costa,2021-03-02,10630,366657,6799,211542,3830,155109,1,6,5703,124224,4911,121058,5704,245282,California
Contra Costa,2021-03-03,11297,377954,7097,218639,4199,159308,1,7,6369,125681,4914,125972,6371,251653,California
Contra Costa,2021-03-04,11951,389905,7159,225798,4792,164100,0,7,6218,126185,5714,131686,6218,257871,California
Contra Costa,2021-03-05,11459,401364,6887,232685,4566,168666,6,13,6589,127926,4854,136540,6595,264466,California
Contra Costa,2021-03-06,7499,408863,4209,236894,2980,171646,310,323,4910,130567,2577,139117,5218,269684,California
Contra Costa,2021-03-07,3826,412689,2458,239352,1307,172953,61,384,3150,133104,674,139791,3211,272895,California
Contra Costa,2021-03-08,8213,420902,3917,243269,3992,176945,304,688,5519,136248,2683,142474,5827,278722,California
Contra Costa,2021-03-09,11151,432053,5921,249190,4935,181880,295,983,5839,137082,5302,147776,6136,284858,California
Contra Costa,2021-03-10,12396,444449,6196,255386,4702,186582,1498,2481,5658,137505,6725,154501,7148,292006,California
Contra Costa,2021-03-11,12486,456935,6576,261962,5345,191927,565,3046,6369,138346,6093,160594,6934,298940,California
Contra Costa,2021-03-12,12623,469558,5209,267171,6856,198783,558,3604,6304,138902,6304,166898,6860,305800,California
Contra Costa,2021-03-13,7831,477389,3140,270311,4266,203049,425,4029,3107,137722,4706,171604,3526,309326,California
Contra Costa,2021-03-14,4429,481818,2623,272934,1320,204369,486,4515,1706,137198,2715,174319,2191,311517,California
Contra Costa,2021-03-15,9460,491278,5133,278067,3571,207940,756,5271,4751,138012,4692,179011,5506,317023,California
Contra Costa,2021-03-16,14325,505603,8530,286597,5396,213336,399,5670,7146,138399,7157,186168,7544,324567,California
Contra Costa,2021-03-17,15061,520664,10404,297001,4442,217778,215,5885,8540,140662,6498,192666,8761,333328,California
Contra Costa,2021-03-18,15446,536110,8611,305612,6351,224129,484,6369,8792,143313,6623,199289,9274,342602,California
Contra Costa,2021-03-19,15588,551698,8988,314600,5206,229335,1394,7763,8295,145729,7278,206567,9694,352296,California
Contra Costa,2021-03-20,10617,562315,6344,320944,3970,233305,303,8066,5121,145676,5478,212045,5425,357721,California
Contra Costa,2021-03-21,4448,566763,3893,324837,467,233772,88,8154,2072,145467,2368,214413,2159,359880,California
Contra Costa,2021-03-22,11538,578301,8696,333533,2593,236365,249,8403,7001,148194,4522,218935,7249,367129,California
Contra Costa,2021-03-23,15612,593913,10756,344289,4686,241051,170,8573,9094,150969,6490,225425,9265,376394,California
Contra Costa,2021-03-24,14990,608903,11687,355976,3091,244142,212,8785,9113,154452,5845,231270,9328,385722,California
Contra Costa,2021-03-25,15275,624178,11897,367873,3093,247235,285,9070,9391,158280,5847,237117,9675,395397,California
Contra Costa,2021-03-26,14938,639116,10701,378574,3842,251077,395,9465,8650,161057,6263,243380,9040,404437,California
Contra Costa,2021-03-27,10436,649552,6756,385330,3168,254245,512,9977,5597,162332,4828,248208,6103,410540,California
Contra Costa,2021-03-28,4131,653683,2926,388256,1153,255398,52,10029,1609,161482,2511,250719,1661,412201,California
Contra Costa,2021-03-29,10836,664519,8450,396706,2271,257669,115,10144,6931,164644,3886,254605,7048,419249,California
Contra Costa,2021-03-30,16730,681249,9126,405832,6251,263920,1353,11497,10353,169988,6358,260963,11702,430951,California
Contra Costa,2021-03-31,17961,699210,12562,418394,3958,267878,1441,12938,11365,176232,6558,267521,12802,443753,California
Contra Costa,2021-04-01,17531,716741,12262,430656,3899,271777,1370,14308,11416,182932,6090,273611,12790,456543,California
Contra Costa,2021-04-02,17424,734165,12848,443504,3568,275345,1008,15316,11570,189670,5842,279453,12580,469123,California
Contra Costa,2021-04-03,10796,744961,6445,449949,2814,278159,1537,16853,6184,192791,4598,284051,7719,476842,California
Contra Costa,2021-04-04,3336,748297,1321,451270,1419,279578,596,17449,847,191753,2482,286533,1444,478286,California
Contra Costa,2021-04-05,12092,760389,7894,459164,3222,282800,976,18425,6580,193812,5499,292032,7558,485844,California
Contra Costa,2021-04-06,17294,777683,11981,471145,3025,285825,2288,20713,9704,198233,7570,299602,11991,497835,California
Contra Costa,2021-04-07,18565,796248,12570,483715,3177,289002,2818,23531,10534,203614,8012,307614,13393,511228,California
Contra Costa,2021-04-08,18603,814851,12399,496114,3295,292297,2909,26440,9975,207882,8601,316215,12869,524097,California
Contra Costa,2021-04-09,18654,833505,11902,508016,4278,296575,2474,28914,9949,211623,8679,324894,12420,536517,California
Contra Costa,2021-04-10,10505,844010,3800,511816,2158,298733,4547,33461,3284,212236,7204,332098,7817,544334,California
Contra Costa,2021-04-11,3318,847328,1983,513799,681,299414,654,34115,1121,211819,2191,334289,1774,546108,California
Contra Costa,2021-04-12,11876,859204,7843,521642,2968,302382,1065,35180,5587,212200,6275,340564,6656,552764,California
Contra Costa,2021-04-13,17769,876973,10895,532537,6868,309250,6,35186,11858,218180,5890,346454,11870,564634,California
Contra Costa,2021-04-14,17566,894539,11016,543553,6549,315799,1,35187,9722,220083,7823,354277,9726,574360,California
Contra Costa,2021-04-15,17486,912025,10724,554277,6761,322560,1,35188,8109,218864,9348,363625,8129,582489,California
Contra Costa,2021-04-16,16845,928870,10509,564786,6334,328894,2,35190,7595,217239,9227,372852,7602,590091,California
Contra Costa,2021-04-17,11431,940301,6273,571059,5158,334052,0,35190,6146,218118,5273,378125,6152,596243,California
Contra Costa,2021-04-18,2735,943036,2115,573174,620,334672,0,35190,1777,218946,949,379074,1777,598020,California
Contra Costa,2021-04-19,11363,954399,8498,581672,2865,337537,0,35190,3571,214752,7767,386841,3573,601593,California
Contra Costa,2021-04-20,16629,971028,10801,592473,5828,343365,0,35190,6236,210634,10358,397199,6240,607833,California
Contra Costa,2021-04-21,17311,988339,14126,606599,3185,346550,0,35190,6161,205688,11115,408314,6169,614002,California
Contra Costa,2021-04-22,17149,1005488,13889,620488,3259,349809,1,35191,6080,200739,11039,419353,6090,620092,California
Contra Costa,2021-04-23,16963,1022451,13494,633982,3469,353278,0,35191,5481,194779,11449,430802,5489,625581,California
Contra Costa,2021-04-24,10905,1033356,8420,642402,2485,355763,0,35191,4176,192250,6709,437511,4180,629761,California
Contra Costa,2021-04-25,3231,1036587,2179,644581,1050,356813,2,35193,2042,193107,1190,438701,2047,631808,California
Contra Costa,2021-04-26,9797,1046384,8209,652790,1564,358377,24,35217,2881,189122,6901,445602,2916,634724,California
Contra Costa,2021-04-27,14439,1060823,10588,663378,3699,362076,152,35369,3874,182615,10543,456145,4036,638760,California
Contra Costa,2021-04-28,13832,1074655,10759,674137,2786,364862,287,35656,3463,176032,10337,466482,3754,642514,California
Contra Costa,2021-04-29,13011,1087666,10058,684195,2783,367645,170,35826,2832,168887,10153,476635,3008,645522,California
Contra Costa,2021-04-30,13646,1101312,10759,694954,2637,370282,250,36076,3098,161718,10521,487156,3352,648874,California
Contra Costa,2021-05-01,7997,1109309,5841,700795,1839,372121,317,36393,1909,157877,6068,493224,2227,651101,California
Contra Costa,2021-05-02,2323,1111632,1578,702373,666,372787,79,36472,989,157621,1324,494548,1068,652169,California
Contra Costa,2021-05-03,9108,1120740,8013,710386,920,373707,175,36647,1927,152561,7166,501714,2106,654275,California
Contra Costa,2021-05-04,14060,1134800,12131,722517,1601,375308,328,36975,2297,143446,11740,513454,2625,656900,California
Contra Costa,2021-05-05,12480,1147280,10759,733276,1521,376829,200,37175,2399,135993,10054,523508,2601,659501,California
Contra Costa,2021-05-06,10268,1157548,8533,741809,1406,378235,329,37504,1943,129972,8301,531809,2280,661781,California
Contra Costa,2021-05-07,9595,1167143,7708,749517,1663,379898,224,37728,2217,125067,7343,539152,2438,664219,California
Contra Costa,2021-05-08,5268,1172411,3964,753481,1137,381035,167,37895,1246,122479,4005,543157,1417,665636,California
Contra Costa,2021-05-09,2103,1174514,1775,755256,269,381304,59,37954,462,121366,1637,544794,524,666160,California
Contra Costa,2021-05-10,4926,1179440,3946,759202,762,382066,218,38172,1346,119370,3559,548353,1563,667723,California
Contra Costa,2021-05-11,8654,1188094,4497,763699,3929,385995,228,38400,1699,114367,6936,555289,1933,669656,California
Contra Costa,2021-05-12,8982,1197076,4554,768253,4179,390174,249,38649,1548,108760,7410,562699,1803,671459,California
Contra Costa,2021-05-13,11233,1208309,7383,775636,3661,393835,189,38838,3839,105422,7365,570064,4027,675486,California
Contra Costa,2021-05-14,12023,1220332,7951,783587,3789,397624,283,39121,4890,103490,7106,577170,5174,680660,California
Contra Costa,2021-05-15,9800,1230132,7082,790669,2598,400222,120,39241,4228,102284,5557,582727,4351,685011,California
Contra Costa,2021-05-16,2419,1232551,2114,792783,259,400481,46,39287,1100,102119,1311,584038,1146,686157,California
Contra Costa,2021-05-17,6917,1239468,5564,798347,1178,401659,175,39462,3510,102413,3395,587433,3689,689846,California
Contra Costa,2021-05-18,10092,1249560,6855,805202,3020,404679,217,39679,4388,101348,5676,593109,4611,694457,California
Contra Costa,2021-05-19,8172,1257732,6612,811814,1371,406050,189,39868,3865,101120,4286,597395,4058,698515,California
Contra Costa,2021-05-20,4805,1262537,3888,815702,790,406840,127,39995,2234,100922,2559,599954,2361,700876,California
Del Norte,2020-12-21,23,23,23,23,0,0,0,0,23,23,0,0,23,23,California
Del Norte,2020-12-22,45,68,45,68,0,0,0,0,45,68,0,0,45,68,California
Del Norte,2020-12-23,58,126,48,116,10,10,0,0,56,124,0,0,56,124,California
Del Norte,2020-12-28,34,160,34,150,0,10,0,0,34,158,0,0,34,158,California
Del Norte,2020-12-29,4,164,4,154,0,10,0,0,4,162,0,0,4,162,California
Del Norte,2020-12-30,67,231,55,209,12,22,0,0,68,230,0,0,68,230,California
Del Norte,2020-12-31,16,247,13,222,3,25,0,0,16,246,0,0,16,246,California
Del Norte,2021-01-04,102,349,49,271,53,78,0,0,102,348,0,0,102,348,California
Del Norte,2021-01-05,33,382,0,271,33,111,0,0,32,380,1,1,33,381,California
Del Norte,2021-01-06,77,459,18,289,59,170,0,0,77,457,0,1,77,458,California
Del Norte,2021-01-07,21,480,1,290,20,190,0,0,21,478,0,1,21,479,California
Del Norte,2021-01-08,78,558,7,297,71,261,0,0,78,556,0,1,78,557,California
Del Norte,2021-01-11,40,598,21,318,19,280,0,0,18,553,22,23,19,576,California
Del Norte,2021-01-12,50,648,31,349,19,299,0,0,30,563,20,43,30,606,California
Del Norte,2021-01-13,86,734,40,389,46,345,0,0,53,583,33,76,53,659,California
Del Norte,2021-01-14,52,786,14,403,38,383,0,0,46,623,6,82,46,705,California
Del Norte,2021-01-15,107,893,18,421,89,472,0,0,95,706,12,94,95,800,California
Del Norte,2021-01-17,1,894,1,422,0,472,0,0,1,707,0,94,1,801,California
Del Norte,2021-01-18,2,896,0,422,2,474,0,0,2,709,0,94,2,803,California
Del Norte,2021-01-19,119,1015,56,478,63,537,0,0,77,744,42,136,77,880,California
Del Norte,2021-01-20,159,1174,84,562,75,612,0,0,96,778,62,198,96,976,California
Del Norte,2021-01-21,43,1217,40,602,3,615,0,0,32,799,11,209,32,1008,California
Del Norte,2021-01-22,20,1237,17,619,3,618,0,0,13,805,7,216,13,1021,California
Del Norte,2021-01-23,1,1238,0,619,1,619,0,0,1,806,0,216,1,1022,California
Del Norte,2021-01-24,1,1239,0,619,1,620,0,0,1,807,0,216,1,1023,California
Del Norte,2021-01-25,100,1339,82,701,18,638,0,0,56,819,44,260,56,1079,California
Del Norte,2021-01-26,18,1357,11,712,7,645,0,0,7,815,11,271,7,1086,California
Del Norte,2021-01-27,64,1421,21,733,43,688,0,0,61,873,3,274,61,1147,California
Del Norte,2021-01-28,292,1713,20,753,272,960,0,0,287,1155,5,279,287,1434,California
Del Norte,2021-01-29,55,1768,21,774,34,994,0,0,44,1188,11,290,44,1478,California
Del Norte,2021-01-30,8,1776,1,775,7,1001,0,0,8,1196,0,290,8,1486,California
Del Norte,2021-02-01,41,1817,1,776,40,1041,0,0,26,1207,15,305,26,1512,California
Del Norte,2021-02-02,142,1959,34,810,108,1149,0,0,73,1212,68,373,73,1585,California
Del Norte,2021-02-03,126,2085,40,850,86,1235,0,0,71,1228,55,428,71,1656,California
Del Norte,2021-02-04,71,2156,29,879,42,1277,0,0,42,1241,29,457,42,1698,California
Del Norte,2021-02-05,184,2340,22,901,162,1439,0,0,119,1296,64,521,119,1817,California
Del Norte,2021-02-06,312,2652,6,907,306,1745,0,0,312,1608,0,521,312,2129,California
Del Norte,2021-02-07,2,2654,1,908,1,1746,0,0,2,1610,0,521,2,2131,California
Del Norte,2021-02-08,36,2690,1,909,35,1781,0,0,32,1638,4,525,32,2163,California
Del Norte,2021-02-09,8,2698,5,914,3,1784,0,0,2,1634,6,531,2,2165,California
Del Norte,2021-02-10,143,2841,20,934,123,1907,0,0,86,1664,56,587,86,2251,California
Del Norte,2021-02-11,177,3018,59,993,118,2025,0,0,64,1615,113,700,64,2315,California
Del Norte,2021-02-12,121,3139,14,1007,107,2132,0,0,67,1628,54,754,67,2382,California
Del Norte,2021-02-13,2,3141,1,1008,1,2133,0,0,2,1630,0,754,2,2384,California
Del Norte,2021-02-14,3,3144,1,1009,2,2135,0,0,2,1631,1,755,2,2386,California
Del Norte,2021-02-15,4,3148,0,1009,4,2139,0,0,2,1631,2,757,2,2388,California
Del Norte,2021-02-16,132,3280,1,1010,131,2270,0,0,13,1525,119,876,13,2401,California
Del Norte,2021-02-17,91,3371,20,1030,71,2341,0,0,24,1482,67,943,24,2425,California
Del Norte,2021-02-18,77,3448,24,1054,53,2394,0,0,51,1507,26,969,51,2476,California
Del Norte,2021-02-19,43,3491,17,1071,26,2420,0,0,33,1530,10,979,33,2509,California
Del Norte,2021-02-20,8,3499,5,1076,3,2423,0,0,6,1534,2,981,6,2515,California
Del Norte,2021-02-22,2,3501,0,1076,2,2425,0,0,2,1536,0,981,2,2517,California
Del Norte,2021-02-23,107,3608,89,1165,18,2443,0,0,31,1492,76,1057,32,2549,California
Del Norte,2021-02-24,152,3760,98,1263,54,2497,0,0,79,1498,73,1130,79,2628,California
Del Norte,2021-02-25,477,4237,131,1394,346,2843,0,0,213,1449,262,1392,213,2841,California
Del Norte,2021-02-26,213,4450,176,1570,37,2880,0,0,167,1570,46,1438,167,3008,California
Del Norte,2021-02-27,152,4602,145,1715,6,2886,1,1,141,1701,11,1449,142,3150,California
Del Norte,2021-02-28,4,4606,1,1716,3,2889,0,1,3,1703,1,1450,3,3153,California
Del Norte,2021-03-01,29,4635,2,1718,27,2916,0,1,4,1683,24,1474,4,3157,California
Del Norte,2021-03-02,221,4856,141,1859,80,2996,0,1,187,1836,34,1508,187,3344,California
Del Norte,2021-03-03,168,5024,100,1959,68,3064,0,1,127,1922,41,1549,127,3471,California
Del Norte,2021-03-04,120,5144,83,2042,37,3101,0,1,91,1985,28,1577,91,3562,California
Del Norte,2021-03-05,121,5265,11,2053,110,3211,0,1,73,2010,48,1625,73,3635,California
Del Norte,2021-03-06,465,5730,78,2131,338,3549,49,50,164,1880,301,1926,171,3806,California
Del Norte,2021-03-07,2,5732,1,2132,1,3550,0,50,1,1880,1,1927,1,3807,California
Del Norte,2021-03-08,28,5760,1,2133,25,3575,2,52,5,1864,23,1950,7,3814,California
Del Norte,2021-03-09,194,5954,113,2246,78,3653,3,55,183,2039,11,1961,186,4000,California
Del Norte,2021-03-10,233,6187,96,2342,109,3762,28,83,134,2102,99,2060,162,4162,California
Del Norte,2021-03-11,151,6338,55,2397,91,3853,5,88,103,2162,48,2108,108,4270,California
Del Norte,2021-03-12,178,6516,89,2486,89,3942,0,88,125,2234,53,2161,125,4395,California
Del Norte,2021-03-13,94,6610,93,2579,1,3943,0,88,91,2322,3,2164,91,4486,California
Del Norte,2021-03-14,1,6611,0,2579,1,3944,0,88,1,2322,1,2165,1,4487,California
Del Norte,2021-03-15,39,6650,0,2579,38,3982,1,89,34,2352,5,2170,35,4522,California
Del Norte,2021-03-16,281,6931,135,2714,146,4128,0,89,260,2591,21,2191,260,4782,California
Del Norte,2021-03-17,283,7214,95,2809,186,4314,2,91,169,2648,114,2305,171,4953,California
Del Norte,2021-03-18,285,7499,107,2916,175,4489,3,94,149,2665,135,2440,152,5105,California
Del Norte,2021-03-19,267,7766,159,3075,102,4591,6,100,91,2586,176,2616,97,5202,California
Del Norte,2021-03-20,157,7923,154,3229,3,4594,0,100,15,2459,142,2758,15,5217,California
Del Norte,2021-03-21,4,7927,2,3231,2,4596,0,100,2,2459,2,2760,2,5219,California
Del Norte,2021-03-22,43,7970,3,3234,39,4635,1,101,39,2496,3,2763,40,5259,California
Del Norte,2021-03-23,335,8305,164,3398,153,4788,18,119,165,2510,168,2931,182,5441,California
Del Norte,2021-03-24,397,8702,107,3505,249,5037,41,160,235,2624,162,3093,276,5717,California
Del Norte,2021-03-25,193,8895,89,3594,104,5141,0,160,84,2600,108,3201,84,5801,California
Del Norte,2021-03-26,233,9128,113,3707,120,5261,0,160,197,2761,36,3237,197,5998,California
Del Norte,2021-03-27,108,9236,87,3794,4,5265,17,177,17,2704,91,3328,34,6032,California
Del Norte,2021-03-28,4,9240,2,3796,2,5267,0,177,1,2702,3,3331,1,6033,California
Del Norte,2021-03-29,57,9297,6,3802,34,5301,17,194,32,2726,25,3356,49,6082,California
Del Norte,2021-03-30,339,9636,118,3920,210,5511,11,205,128,2654,211,3567,139,6221,California
Del Norte,2021-03-31,353,9989,100,4020,236,5747,17,222,198,2716,153,3720,215,6436,California
Del Norte,2021-04-01,164,10153,58,4078,72,5819,34,256,69,2725,94,3814,103,6539,California
Del Norte,2021-04-02,232,10385,78,4156,105,5924,49,305,49,2641,183,3997,99,6638,California
Del Norte,2021-04-03,108,10493,83,4239,2,5926,23,328,5,2567,102,4099,28,6666,California
Del Norte,2021-04-04,4,10497,0,4239,0,5926,4,332,0,2567,4,4103,4,6670,California
Del Norte,2021-04-05,47,10544,5,4244,38,5964,4,336,40,2604,7,4110,44,6714,California
Del Norte,2021-04-06,378,10922,119,4363,222,6186,37,373,145,2558,229,4339,183,6897,California
Del Norte,2021-04-07,436,11358,115,4478,260,6446,61,434,289,2762,146,4485,350,7247,California
Del Norte,2021-04-08,227,11585,54,4532,105,6551,68,502,105,2813,122,4607,173,7420,California
Del Norte,2021-04-09,205,11790,47,4579,81,6632,77,579,98,2880,106,4713,173,7593,California
Del Norte,2021-04-10,47,11837,26,4605,4,6636,17,596,27,2904,20,4733,44,7637,California
Del Norte,2021-04-11,12,11849,3,4608,2,6638,7,603,2,2903,10,4743,9,7646,California
Del Norte,2021-04-12,28,11877,1,4609,9,6647,18,621,1,2896,26,4769,19,7665,California
Del Norte,2021-04-13,298,12175,50,4659,248,6895,0,621,155,2908,143,4912,155,7820,California
Del Norte,2021-04-14,328,12503,23,4682,305,7200,0,621,137,2860,190,5102,142,7962,California
Del Norte,2021-04-15,164,12667,31,4713,133,7333,0,621,45,2787,119,5221,46,8008,California
Del Norte,2021-04-16,161,12828,40,4753,121,7454,0,621,59,2745,102,5323,60,8068,California
Del Norte,2021-04-17,102,12930,70,4823,32,7486,0,621,97,2837,5,5328,97,8165,California
Del Norte,2021-04-18,5,12935,4,4827,1,7487,0,621,4,2840,1,5329,4,8169,California
Del Norte,2021-04-19,50,12985,6,4833,44,7531,0,621,8,2806,42,5371,8,8177,California
Del Norte,2021-04-20,209,13194,40,4873,169,7700,0,621,73,2744,135,5506,73,8250,California
Del Norte,2021-04-21,288,13482,23,4896,265,7965,0,621,64,2587,224,5730,67,8317,California
Del Norte,2021-04-22,114,13596,15,4911,99,8064,0,621,62,2597,52,5782,62,8379,California
Del Norte,2021-04-23,152,13748,21,4932,131,8195,0,621,39,2524,112,5894,39,8418,California
Del Norte,2021-04-24,25,13773,14,4946,11,8206,0,621,20,2539,5,5899,20,8438,California
Del Norte,2021-04-25,2,13775,0,4946,2,8208,0,621,2,2541,0,5899,2,8440,California
Del Norte,2021-04-26,30,13805,0,4946,30,8238,0,621,8,2527,22,5921,8,8448,California
Del Norte,2021-04-27,181,13986,19,4965,157,8395,5,626,49,2449,132,6053,54,8502,California
Del Norte,2021-04-28,352,14338,101,5066,246,8641,5,631,63,2231,287,6340,69,8571,California
Del Norte,2021-04-29,92,14430,5,5071,83,8724,4,635,26,2195,66,6406,30,8601,California
Del Norte,2021-04-30,84,14514,6,5077,68,8792,10,645,44,2209,40,6446,54,8655,California
Del Norte,2021-05-01,8,14522,3,5080,5,8797,0,645,6,2213,2,6448,6,8661,California
Del Norte,2021-05-02,8,14530,0,5080,8,8805,0,645,8,2221,0,6448,8,8669,California
Del Norte,2021-05-03,40,14570,3,5083,34,8839,3,648,2,2189,37,6485,5,8674,California
Del Norte,2021-05-04,221,14791,36,5119,180,9019,5,653,47,2067,174,6659,52,8726,California
Del Norte,2021-05-05,231,15022,19,5138,204,9223,8,661,56,1956,175,6834,64,8790,California
Del Norte,2021-05-06,112,15134,24,5162,75,9298,13,674,27,1911,85,6919,40,8830,California
Del Norte,2021-05-07,152,15286,29,5191,119,9417,4,678,32,1827,120,7039,36,8866,California
Del Norte,2021-05-08,64,15350,55,5246,7,9424,2,680,7,1779,57,7096,9,8875,California
Del Norte,2021-05-09,9,15359,3,5249,3,9427,3,683,2,1777,7,7103,5,8880,California
Del Norte,2021-05-10,25,15384,3,5252,18,9445,4,687,15,1786,10,7113,19,8899,California
Del Norte,2021-05-11,169,15553,49,5301,118,9563,2,689,32,1683,137,7250,34,8933,California
Del Norte,2021-05-12,147,15700,23,5324,114,9677,10,699,26,1599,120,7370,36,8969,California
Del Norte,2021-05-13,59,15759,29,5353,30,9707,0,699,32,1604,27,7397,32,9001,California
Del Norte,2021-05-14,73,15832,25,5378,47,9754,1,700,39,1610,34,7431,40,9041,California
Del Norte,2021-05-15,81,15913,52,5430,28,9782,1,701,52,1634,29,7460,53,9094,California
Del Norte,2021-05-16,11,15924,0,5430,11,9793,0,701,11,1645,0,7460,11,9105,California
Del Norte,2021-05-17,29,15953,5,5435,20,9813,4,705,16,1653,12,7472,20,9125,California
Del Norte,2021-05-18,120,16073,66,5501,53,9866,1,706,77,1688,43,7515,78,9203,California
Del Norte,2021-05-19,78,16151,13,5514,60,9926,5,711,36,1687,42,7557,41,9244,California
Del Norte,2021-05-20,70,16221,13,5527,54,9980,3,714,27,1675,42,7599,30,9274,California
El Dorado,2020-12-15,12,12,12,12,0,0,0,0,12,12,0,0,12,12,California
El Dorado,2020-12-16,40,52,40,52,0,0,0,0,40,52,0,0,40,52,California
El Dorado,2020-12-17,31,83,31,83,0,0,0,0,31,83,0,0,31,83,California
El Dorado,2020-12-18,237,320,237,320,0,0,0,0,237,320,0,0,237,320,California
El Dorado,2020-12-19,116,436,116,436,0,0,0,0,116,436,0,0,116,436,California
El Dorado,2020-12-20,85,521,85,521,0,0,0,0,85,521,0,0,85,521,California
El Dorado,2020-12-21,309,830,308,829,1,1,0,0,309,830,0,0,309,830,California
El Dorado,2020-12-22,238,1068,214,1043,24,25,0,0,238,1068,0,0,238,1068,California
El Dorado,2020-12-23,189,1257,140,1183,49,74,0,0,189,1257,0,0,189,1257,California
El Dorado,2020-12-24,87,1344,66,1249,21,95,0,0,87,1344,0,0,87,1344,California
El Dorado,2020-12-25,8,1352,8,1257,0,95,0,0,8,1352,0,0,8,1352,California
El Dorado,2020-12-26,44,1396,26,1283,18,113,0,0,44,1396,0,0,44,1396,California
El Dorado,2020-12-27,37,1433,33,1316,4,117,0,0,37,1433,0,0,37,1433,California
El Dorado,2020-12-28,215,1648,168,1484,47,164,0,0,215,1648,0,0,215,1648,California
El Dorado,2020-12-29,459,2107,142,1626,317,481,0,0,459,2107,0,0,459,2107,California
El Dorado,2020-12-30,506,2613,136,1762,370,851,0,0,506,2613,0,0,506,2613,California
El Dorado,2020-12-31,110,2723,70,1832,40,891,0,0,110,2723,0,0,110,2723,California
El Dorado,2021-01-01,7,2730,4,1836,3,894,0,0,7,2730,0,0,7,2730,California
El Dorado,2021-01-02,153,2883,141,1977,12,906,0,0,153,2883,0,0,153,2883,California
El Dorado,2021-01-03,92,2975,17,1994,75,981,0,0,92,2975,0,0,92,2975,California
El Dorado,2021-01-04,190,3165,62,2056,128,1109,0,0,190,3165,0,0,190,3165,California
El Dorado,2021-01-05,208,3373,51,2107,157,1266,0,0,192,3341,16,16,192,3357,California
El Dorado,2021-01-06,261,3634,189,2296,72,1338,0,0,197,3474,64,80,197,3554,California
El Dorado,2021-01-07,330,3964,136,2432,194,1532,0,0,259,3662,71,151,259,3813,California
El Dorado,2021-01-08,977,4941,502,2934,475,2007,0,0,774,4234,203,354,775,4588,California
El Dorado,2021-01-09,193,5134,156,3090,37,2044,0,0,125,4291,68,422,125,4713,California
El Dorado,2021-01-10,180,5314,129,3219,51,2095,0,0,110,4332,70,492,111,4824,California
El Dorado,2021-01-11,661,5975,293,3512,368,2463,0,0,461,4595,199,691,462,5286,California
El Dorado,2021-01-12,804,6779,423,3935,381,2844,0,0,555,4901,249,940,555,5841,California
El Dorado,2021-01-13,700,7479,296,4231,404,3248,0,0,539,5279,161,1101,539,6380,California
El Dorado,2021-01-14,792,8271,220,4451,572,3820,0,0,697,5881,95,1196,697,7077,California
El Dorado,2021-01-15,790,9061,185,4636,605,4425,0,0,718,6527,72,1268,718,7795,California
El Dorado,2021-01-16,173,9234,104,4740,69,4494,0,0,146,6646,27,1295,146,7941,California
El Dorado,2021-01-17,100,9334,47,4787,53,4547,0,0,83,6712,17,1312,83,8024,California
El Dorado,2021-01-18,423,9757,140,4927,283,4830,0,0,354,6997,69,1381,354,8378,California
El Dorado,2021-01-19,754,10511,454,5381,300,5130,0,0,604,7452,150,1531,605,8983,California
El Dorado,2021-01-20,1013,11524,688,6069,325,5455,0,0,901,8242,111,1642,901,9884,California
El Dorado,2021-01-21,1266,12790,680,6749,586,6041,0,0,1058,9133,167,1809,1058,10942,California
El Dorado,2021-01-22,1226,14016,831,7580,395,6436,0,0,1172,10252,53,1862,1172,12114,California
El Dorado,2021-01-23,738,14754,617,8197,121,6557,0,0,627,10768,111,1973,627,12741,California
El Dorado,2021-01-24,126,14880,76,8273,50,6607,0,0,107,10856,19,1992,107,12848,California
El Dorado,2021-01-25,697,15577,290,8563,407,7014,0,0,609,11377,88,2080,609,13457,California
El Dorado,2021-01-26,676,16253,366,8929,310,7324,0,0,572,11846,104,2184,573,14030,California
El Dorado,2021-01-27,987,17240,388,9317,599,7923,0,0,650,12158,338,2522,650,14680,California
El Dorado,2021-01-28,1107,18347,453,9770,654,8577,0,0,746,12543,361,2883,746,15426,California
El Dorado,2021-01-29,976,19323,490,10260,486,9063,0,0,746,13061,229,3112,747,16173,California
El Dorado,2021-01-30,611,19934,359,10619,252,9315,0,0,450,13351,160,3272,450,16623,California
El Dorado,2021-01-31,210,20144,189,10808,21,9336,0,0,181,13503,29,3301,181,16804,California
El Dorado,2021-02-01,796,20940,367,11175,429,9765,0,0,652,14011,144,3445,652,17456,California
El Dorado,2021-02-02,839,21779,368,11543,471,10236,0,0,675,14522,164,3609,675,18131,California
El Dorado,2021-02-03,900,22679,475,12018,425,10661,0,0,688,14998,212,3821,688,18819,California
El Dorado,2021-02-04,1268,23947,725,12743,543,11204,0,0,872,15475,395,4216,872,19691,California
El Dorado,2021-02-05,1484,25431,597,13340,887,12091,0,0,864,15756,583,4799,864,20555,California
El Dorado,2021-02-06,640,26071,335,13675,305,12396,0,0,530,16177,110,4909,531,21086,California
El Dorado,2021-02-07,259,26330,177,13852,82,12478,0,0,195,16308,64,4973,195,21281,California
El Dorado,2021-02-08,882,27212,417,14269,465,12943,0,0,608,16642,274,5247,608,21889,California
El Dorado,2021-02-09,968,28180,545,14814,423,13366,0,0,538,16750,430,5677,538,22427,California
El Dorado,2021-02-10,1257,29437,736,15550,521,13887,0,0,663,16820,593,6270,663,23090,California
El Dorado,2021-02-11,2155,31592,892,16442,1263,15150,0,0,760,16189,1392,7662,761,23851,California
El Dorado,2021-02-12,1574,33166,827,17269,747,15897,0,0,673,15963,900,8562,674,24525,California
El Dorado,2021-02-13,978,34144,668,17937,310,16207,0,0,434,15856,541,9103,434,24959,California
El Dorado,2021-02-14,487,34631,155,18092,332,16539,0,0,400,16169,87,9190,400,25359,California
El Dorado,2021-02-15,1183,35814,385,18477,798,17337,0,0,820,16629,363,9553,823,26182,California
El Dorado,2021-02-16,1204,37018,532,19009,672,18009,0,0,670,16767,533,10086,671,26853,California
El Dorado,2021-02-17,951,37969,418,19427,533,18542,0,0,458,16734,493,10579,460,27313,California
El Dorado,2021-02-18,2092,40061,1019,20446,1073,19615,0,0,1059,16761,1032,11611,1059,28372,California
El Dorado,2021-02-19,1208,41269,641,21087,567,20182,0,0,675,16904,532,12143,675,29047,California
El Dorado,2021-02-20,924,42193,440,21527,484,20666,0,0,672,17330,246,12389,672,29719,California
El Dorado,2021-02-21,284,42477,227,21754,57,20723,0,0,100,17247,183,12572,100,29819,California
El Dorado,2021-02-22,871,43348,436,22190,435,21158,0,0,270,16917,600,13172,270,30089,California
El Dorado,2021-02-23,846,44194,473,22663,373,21531,0,0,339,16750,506,13678,339,30428,California
El Dorado,2021-02-24,1027,45221,438,23101,589,22120,0,0,427,16578,600,14278,428,30856,California
El Dorado,2021-02-25,1887,47108,1136,24237,751,22871,0,0,674,16048,1206,15484,676,31532,California
El Dorado,2021-02-26,2356,49464,1481,25718,875,23746,0,0,1587,16869,766,16250,1587,33119,California
El Dorado,2021-02-27,1661,51125,439,26157,1222,24968,0,0,1221,17653,437,16687,1221,34340,California
El Dorado,2021-02-28,591,51716,205,26362,386,25354,0,0,436,17935,155,16842,437,34777,California
El Dorado,2021-03-01,1138,52854,453,26815,684,26038,1,1,626,18053,509,17351,627,35404,California
El Dorado,2021-03-02,921,53775,268,27083,653,26691,0,1,482,18098,437,17788,482,35886,California
El Dorado,2021-03-03,1687,55462,463,27546,1224,27915,0,1,1153,18726,527,18315,1155,37041,California
El Dorado,2021-03-04,2516,57978,1552,29098,964,28879,0,1,1195,18603,1318,19633,1195,38236,California
El Dorado,2021-03-05,1579,59557,425,29523,1149,30028,5,6,1044,19123,529,20162,1049,39285,California
El Dorado,2021-03-06,743,60300,214,29737,494,30522,35,41,394,19204,348,20510,429,39714,California
El Dorado,2021-03-07,406,60706,198,29935,190,30712,18,59,242,19302,162,20672,260,39974,California
El Dorado,2021-03-08,1330,62036,367,30302,891,31603,72,131,860,19766,467,21139,931,40905,California
El Dorado,2021-03-09,988,63024,231,30533,690,32293,67,198,587,20035,385,21524,654,41559,California
El Dorado,2021-03-10,949,63973,344,30877,549,32842,56,254,548,20243,395,21919,603,42162,California
El Dorado,2021-03-11,3020,66993,1834,32711,1004,33846,182,436,1287,19998,1713,23632,1468,43630,California
El Dorado,2021-03-12,1781,68774,620,33331,914,34760,247,683,744,19970,1019,24651,991,44621,California
El Dorado,2021-03-13,1065,69839,344,33675,438,35198,283,966,374,19937,688,25339,655,45276,California
El Dorado,2021-03-14,794,70633,208,33883,474,35672,112,1078,279,19813,515,25854,391,45667,California
El Dorado,2021-03-15,1402,72035,303,34186,973,36645,126,1204,613,19768,785,26639,740,46407,California
El Dorado,2021-03-16,1218,73253,410,34596,663,37308,145,1349,571,19843,641,27280,716,47123,California
El Dorado,2021-03-17,1112,74365,350,34946,667,37975,95,1444,726,20278,386,27666,821,47944,California
El Dorado,2021-03-18,2997,77362,1772,36718,1180,39155,45,1489,1976,21286,1013,28679,2021,49965,California
El Dorado,2021-03-19,1116,78478,364,37082,606,39761,146,1635,640,21596,476,29155,786,50751,California
El Dorado,2021-03-20,950,79428,270,37352,663,40424,17,1652,369,21413,569,29724,386,51137,California
El Dorado,2021-03-21,1025,80453,418,37770,602,41026,5,1657,934,22263,89,29813,939,52076,California
El Dorado,2021-03-22,1505,81958,489,38259,934,41960,82,1739,1194,23233,306,30119,1276,53352,California
El Dorado,2021-03-23,1145,83103,450,38709,603,42563,92,1831,731,23654,402,30521,823,54175,California
El Dorado,2021-03-24,1455,84558,621,39330,638,43201,196,2027,661,23745,766,31287,857,55032,California
El Dorado,2021-03-25,2510,87068,1685,41015,722,43923,103,2130,1381,24106,1123,32410,1484,56516,California
El Dorado,2021-03-26,1819,88887,697,41712,1012,44935,110,2240,945,24310,852,33262,1056,57572,California
El Dorado,2021-03-27,1317,90204,188,41900,1125,46060,4,2244,333,23671,978,34240,339,57911,California
El Dorado,2021-03-28,634,90838,182,42082,443,46503,9,2253,202,23455,428,34668,212,58123,California
El Dorado,2021-03-29,1316,92154,431,42513,869,47372,16,2269,826,23810,487,35155,842,58965,California
El Dorado,2021-03-30,1362,93516,411,42924,858,48230,93,2362,686,23919,668,35823,777,59742,California
El Dorado,2021-03-31,1560,95076,582,43506,915,49145,63,2425,699,23821,859,36682,761,60503,California
El Dorado,2021-04-01,3235,98311,1769,45275,1383,50528,83,2508,1537,23747,1696,38378,1622,62125,California
El Dorado,2021-04-02,1885,100196,561,45836,1229,51757,95,2603,749,23462,1130,39508,845,62970,California
El Dorado,2021-04-03,748,100944,294,46130,333,52090,121,2724,229,23294,517,40025,349,63319,California
El Dorado,2021-04-04,271,101215,85,46215,139,52229,47,2771,98,23267,172,40197,145,63464,California
El Dorado,2021-04-05,1423,102638,426,46641,903,53132,94,2865,592,23127,826,41023,686,64150,California
El Dorado,2021-04-06,1415,104053,525,47166,668,53800,222,3087,452,22841,960,41983,674,64824,California
El Dorado,2021-04-07,1580,105633,555,47721,577,54377,448,3535,556,22821,1021,43004,1001,65825,California
El Dorado,2021-04-08,2664,108297,1716,49437,713,55090,235,3770,1108,22615,1547,44551,1341,67166,California
El Dorado,2021-04-09,1422,109719,450,49887,752,55842,220,3990,568,22548,851,45402,784,67950,California
El Dorado,2021-04-10,818,110537,224,50111,484,56326,110,4100,471,22784,344,45746,580,68530,California
El Dorado,2021-04-11,703,111240,454,50565,233,56559,16,4116,208,22514,494,46240,224,68754,California
El Dorado,2021-04-12,1276,112516,498,51063,630,57189,148,4264,558,22508,711,46951,705,69459,California
El Dorado,2021-04-13,1119,113635,608,51671,511,57700,0,4264,511,22415,604,47555,511,69970,California
El Dorado,2021-04-14,1086,114721,459,52130,626,58326,1,4265,387,22117,686,48241,388,70358,California
El Dorado,2021-04-15,2494,117215,1673,53803,821,59147,0,4265,960,21547,1531,49772,961,71319,California
El Dorado,2021-04-16,1472,118687,519,54322,953,60100,0,4265,610,21300,858,50630,611,71930,California
El Dorado,2021-04-17,786,119473,200,54522,586,60686,0,4265,486,21489,297,50927,486,72416,California
El Dorado,2021-04-18,998,120471,88,54610,910,61596,0,4265,402,21296,595,51522,402,72818,California
El Dorado,2021-04-19,1714,122185,438,55048,1276,62872,0,4265,691,20970,1017,52539,691,73509,California
El Dorado,2021-04-20,1110,123295,359,55407,751,63623,0,4265,460,20785,645,53184,460,73969,California
El Dorado,2021-04-21,1152,124447,464,55871,684,64307,4,4269,586,20813,559,53743,587,74556,California
El Dorado,2021-04-22,2550,126997,1682,57553,868,65175,0,4269,1067,20400,1480,55223,1067,75623,California
El Dorado,2021-04-23,1403,128400,497,58050,906,66081,0,4269,714,20429,686,55909,715,76338,California
El Dorado,2021-04-24,964,129364,512,58562,452,66533,0,4269,733,20933,229,56138,733,77071,California
El Dorado,2021-04-25,652,130016,448,59010,204,66737,0,4269,464,21209,188,56326,464,77535,California
El Dorado,2021-04-26,1131,131147,449,59459,666,67403,16,4285,531,21157,599,56925,547,78082,California
El Dorado,2021-04-27,1049,132196,374,59833,647,68050,28,4313,471,21084,572,57497,499,78581,California
El Dorado,2021-04-28,1031,133227,346,60179,645,68695,40,4353,401,20897,628,58125,441,79022,California
El Dorado,2021-04-29,1931,135158,1306,61485,593,69288,32,4385,541,20083,1387,59512,573,79595,California
El Dorado,2021-04-30,2118,137276,1328,62813,749,70037,41,4426,1359,20736,746,60258,1399,80994,California
El Dorado,2021-05-01,615,137891,282,63095,306,70343,27,4453,277,20709,331,60589,304,81298,California
El Dorado,2021-05-02,298,138189,212,63307,57,70400,29,4482,101,20644,194,60783,129,81427,California
El Dorado,2021-05-03,820,139009,402,63709,368,70768,50,4532,275,20427,543,61326,326,81753,California
El Dorado,2021-05-04,877,139886,432,64141,387,71155,58,4590,309,20230,564,61890,367,82120,California
El Dorado,2021-05-05,873,140759,431,64572,369,71524,73,4663,415,20262,456,62346,488,82608,California
El Dorado,2021-05-06,1112,141871,481,65053,584,72108,47,4710,475,20147,633,62979,518,83126,California
El Dorado,2021-05-07,976,142847,371,65424,547,72655,58,4768,400,20028,576,63555,457,83583,California
El Dorado,2021-05-08,484,143331,147,65571,299,72954,38,4806,186,19956,296,63851,224,83807,California
El Dorado,2021-05-09,217,143548,78,65649,112,73066,27,4833,100,19967,116,63967,127,83934,California
El Dorado,2021-05-10,828,144376,274,65923,495,73561,59,4892,241,19688,577,64544,298,84232,California
El Dorado,2021-05-11,663,145039,287,66210,322,73883,54,4946,291,19665,369,64913,346,84578,California
El Dorado,2021-05-12,589,145628,316,66526,239,74122,34,4980,239,19589,350,65263,274,84852,California
El Dorado,2021-05-13,1121,146749,718,67244,364,74486,39,5019,375,19260,742,66005,413,85265,California
El Dorado,2021-05-14,1362,148111,775,68019,505,74991,82,5101,637,19260,719,66724,719,85984,California
El Dorado,2021-05-15,888,148999,536,68555,294,75285,58,5159,304,19039,583,67307,362,86346,California
El Dorado,2021-05-16,571,149570,439,68994,109,75394,23,5182,212,18915,359,67666,235,86581,California
El Dorado,2021-05-17,1563,151133,669,69663,846,76240,48,5230,568,18540,990,68656,615,87196,California
El Dorado,2021-05-18,965,152098,475,70138,441,76681,49,5279,410,18445,554,69210,459,87655,California
El Dorado,2021-05-19,758,152856,307,70445,410,77091,41,5320,286,18305,467,69677,327,87982,California
El Dorado,2021-05-20,517,153373,389,70834,118,77209,10,5330,220,18240,295,69972,230,88212,California
Fresno,2020-12-15,2,2,2,2,0,0,0,0,2,2,0,0,2,2,California
Fresno,2020-12-16,123,125,123,125,0,0,0,0,123,125,0,0,123,125,California
Fresno,2020-12-17,121,246,121,246,0,0,0,0,121,246,0,0,121,246,California
Fresno,2020-12-18,345,591,345,591,0,0,0,0,345,591,0,0,345,591,California
Fresno,2020-12-19,159,750,159,750,0,0,0,0,159,750,0,0,159,750,California
Fresno,2020-12-20,258,1008,256,1006,2,2,0,0,258,1008,0,0,258,1008,California
Fresno,2020-12-21,926,1934,925,1931,1,3,0,0,957,1965,0,0,957,1965,California
Fresno,2020-12-22,903,2837,873,2804,30,33,0,0,907,2872,0,0,907,2872,California
Fresno,2020-12-23,1087,3924,1046,3850,41,74,0,0,1088,3960,0,0,1088,3960,California
Fresno,2020-12-24,584,4508,563,4413,21,95,0,0,584,4544,0,0,584,4544,California
Fresno,2020-12-25,2,4510,1,4414,1,96,0,0,2,4546,0,0,2,4546,California
Fresno,2020-12-26,723,5233,714,5128,9,105,0,0,723,5269,0,0,723,5269,California
Fresno,2020-12-27,300,5533,204,5332,96,201,0,0,300,5569,0,0,300,5569,California
Fresno,2020-12-28,1065,6598,777,6109,288,489,0,0,1066,6635,0,0,1066,6635,California
Fresno,2020-12-29,1784,8382,1039,7148,745,1234,0,0,1782,8416,1,1,1782,8417,California
Fresno,2020-12-30,988,9370,480,7628,508,1742,0,0,988,9404,0,1,988,9405,California
Fresno,2020-12-31,899,10269,309,7937,590,2332,0,0,898,10302,0,1,898,10303,California
Fresno,2021-01-01,9,10278,3,7940,6,2338,0,0,9,10311,0,1,9,10312,California
Fresno,2021-01-02,1031,11309,717,8657,314,2652,0,0,1031,11342,0,1,1031,11343,California
Fresno,2021-01-03,153,11462,128,8785,25,2677,0,0,153,11495,0,1,153,11496,California
Fresno,2021-01-04,619,12081,376,9161,243,2920,0,0,619,12114,0,1,619,12115,California
Fresno,2021-01-05,780,12861,312,9473,468,3388,0,0,706,12746,74,75,706,12821,California
Fresno,2021-01-06,982,13843,346,9819,636,4024,0,0,810,13384,172,247,810,13631,California
Fresno,2021-01-07,1892,15735,916,10735,976,5000,0,0,1638,14771,254,501,1641,15272,California
Fresno,2021-01-08,1788,17523,614,11349,1174,6174,0,0,1424,15833,362,863,1424,16696,California
Fresno,2021-01-09,630,18153,388,11737,242,6416,0,0,355,15913,275,1138,355,17051,California
Fresno,2021-01-10,518,18671,488,12225,30,6446,0,0,204,15803,314,1452,204,17255,California
Fresno,2021-01-11,2207,20878,1799,14024,408,6854,0,0,1514,16627,693,2145,1517,18772,California
Fresno,2021-01-12,2529,23407,1830,15854,699,7553,0,0,1680,17458,851,2996,1682,20454,California
Fresno,2021-01-13,3540,26947,2422,18276,1118,8671,0,0,2682,19285,858,3854,2685,23139,California
Fresno,2021-01-14,4160,31107,2204,20480,1956,10627,0,0,3689,22504,470,4324,3689,26828,California
Fresno,2021-01-15,3657,34764,2530,23010,1127,11754,0,0,3299,25449,358,4682,3303,30131,California
Fresno,2021-01-16,3153,37917,2310,25320,843,12597,0,0,2688,27674,464,5146,2689,32820,California
Fresno,2021-01-17,979,38896,558,25878,421,13018,0,0,781,28257,198,5344,781,33601,California
Fresno,2021-01-18,3077,41973,2370,28248,707,13725,0,0,2411,30006,664,6008,2413,36014,California
Fresno,2021-01-19,4407,46380,2615,30863,1792,15517,0,0,3696,32995,711,6719,3700,39714,California
Fresno,2021-01-20,3022,49402,1211,32074,1811,17328,0,0,2698,35374,322,7041,2701,42415,California
Fresno,2021-01-21,4390,53792,2031,34105,2359,19687,0,0,4034,39080,334,7375,4040,46455,California
Fresno,2021-01-22,3316,57108,1348,35453,1968,21655,0,0,2921,41624,378,7753,2922,49377,California
Fresno,2021-01-23,3047,60155,1973,37426,1074,22729,0,0,2322,43227,724,8477,2327,51704,California
Fresno,2021-01-24,557,60712,376,37802,181,22910,0,0,352,43376,205,8682,354,52058,California
Fresno,2021-01-25,2366,63078,868,38670,1498,24408,0,0,1861,44735,505,9187,1864,53922,California
Fresno,2021-01-26,2023,65101,584,39254,1439,25847,0,0,1312,45339,709,9896,1313,55235,California
Fresno,2021-01-27,2286,67387,1167,40421,1119,26966,0,0,1755,46568,529,10425,1758,56993,California
Fresno,2021-01-28,4510,71897,3068,43489,1442,28408,0,0,3484,49033,1022,11447,3487,60480,California
Fresno,2021-01-29,1709,73606,984,44473,725,29133,0,0,1411,50150,295,11742,1412,61892,California
Fresno,2021-01-30,1454,75060,552,45025,902,30035,0,0,1036,50768,418,12160,1036,62928,California
Fresno,2021-01-31,227,75287,218,45243,9,30044,0,0,73,50687,154,12314,73,63001,California
Fresno,2021-02-01,3344,78631,1670,46913,1674,31718,0,0,1785,50932,1558,13872,1803,64804,California
Fresno,2021-02-02,2726,81357,554,47467,2172,33890,0,0,1583,51403,1128,15000,1599,66403,California
Fresno,2021-02-03,3554,84911,2101,49568,1453,35343,0,0,1534,50935,2003,17003,1535,67938,California
Fresno,2021-02-04,4202,89113,1900,51468,2302,37645,0,0,1932,50632,2240,19243,1937,69875,California
Fresno,2021-02-05,5339,94452,2725,54193,2614,40259,0,0,2308,49918,3026,22269,2312,72187,California
Fresno,2021-02-06,2937,97389,2048,56241,889,41148,0,0,977,48939,1957,24226,978,73165,California
Fresno,2021-02-07,471,97860,289,56530,182,41330,0,0,275,49019,195,24421,275,73440,California
Fresno,2021-02-08,4278,102138,2292,58822,1986,43316,0,0,1812,48398,2442,26863,1821,75261,California
Fresno,2021-02-09,5336,107474,2087,60909,3249,46565,0,0,3119,49384,2142,29005,3128,78389,California
Fresno,2021-02-10,3890,111364,1237,62146,2653,49218,0,0,1996,49554,1838,30843,2008,80397,California
Fresno,2021-02-11,6459,117823,2097,64243,4362,53580,0,0,3362,49841,3080,33923,3367,83764,California
Fresno,2021-02-12,5395,123218,1384,65627,4011,57591,0,0,2739,49952,2636,36559,2747,86511,California
Fresno,2021-02-13,3752,126970,1560,67187,2192,59783,0,0,2084,50386,1656,38215,2090,88601,California
Fresno,2021-02-14,1563,128533,283,67470,1280,61063,0,0,839,50503,724,38939,841,89442,California
Fresno,2021-02-15,2892,131425,272,67742,2620,63683,0,0,1787,51193,1101,40040,1791,91233,California
Fresno,2021-02-16,6702,138127,2409,70151,4293,67976,0,0,4254,53022,2431,42471,4260,95493,California
Fresno,2021-02-17,5347,143474,2459,72610,2888,70864,0,0,2986,53697,2316,44787,2991,98484,California
Fresno,2021-02-18,6870,150344,2905,75515,3965,74829,0,0,2571,52031,4248,49035,2582,101066,California
Fresno,2021-02-19,3845,154189,1105,76620,2740,77569,0,0,1830,51860,2004,51039,1833,102899,California
Fresno,2021-02-20,4549,158738,2505,79125,2044,79613,0,0,3066,53456,1476,52515,3072,105971,California
Fresno,2021-02-21,196,158934,176,79301,20,79633,0,0,133,53539,50,52565,133,106104,California
Fresno,2021-02-22,2252,161186,1008,80309,1244,80877,0,0,1240,53779,1002,53567,1242,107346,California
Fresno,2021-02-23,4672,165858,2247,82556,2425,83302,0,0,3796,56713,864,54431,3798,111144,California
Fresno,2021-02-24,4208,170066,1501,84057,2707,86009,0,0,3455,59428,741,55172,3456,114600,California
Fresno,2021-02-25,8688,178754,3712,87769,4976,90985,0,0,7198,65209,1425,56597,7206,121806,California
Fresno,2021-02-26,9004,187758,3689,91458,5315,96300,0,0,7700,71636,1279,57876,7706,129512,California
Fresno,2021-02-27,7241,194999,3129,94587,4111,100411,1,1,6531,77475,694,58570,6533,136045,California
Fresno,2021-02-28,1655,196654,536,95123,1119,101530,0,1,1564,78962,78,58648,1565,137610,California
Fresno,2021-03-01,4975,201629,1316,96439,3659,105189,0,1,3656,81315,1307,59955,3660,141270,California
Fresno,2021-03-02,9842,211471,3384,99823,6458,111647,0,1,8459,88437,1359,61314,8481,149751,California
Fresno,2021-03-03,6954,218425,1705,101528,5248,116895,1,2,5935,93480,1007,62321,6050,155801,California
Fresno,2021-03-04,10231,228656,4107,105635,6124,123019,0,2,8689,100665,1512,63833,8697,164498,California
Fresno,2021-03-05,9018,237674,3628,109263,5388,128407,2,4,7982,107821,903,64736,8059,172557,California
Fresno,2021-03-06,6744,244418,3678,112941,2948,131355,118,122,5756,112718,981,65717,5878,178435,California
Fresno,2021-03-07,1489,245907,684,113625,769,132124,36,158,1260,113787,228,65945,1297,179732,California
Fresno,2021-03-08,5150,251057,2029,115654,2968,135092,153,311,3966,116742,1175,67120,4130,183862,California
Fresno,2021-03-09,8550,259607,3775,119429,4505,139597,270,581,4649,117817,3880,71000,4955,188817,California
Fresno,2021-03-10,6754,266361,2859,122288,3502,143099,393,974,5346,122167,1399,72399,5749,194566,California
Fresno,2021-03-11,11488,277849,4581,126869,6341,149440,566,1540,6235,123835,5209,77608,6877,201443,California
Fresno,2021-03-12,11940,289789,5132,132001,6355,155795,453,1993,8932,130372,2989,80597,9526,210969,California
Fresno,2021-03-13,8351,298140,4056,136057,3262,159057,1033,3026,4043,131232,4287,84884,5147,216116,California
Fresno,2021-03-14,1770,299910,479,136536,1001,160058,290,3316,668,131099,1090,85974,957,217073,California
Fresno,2021-03-15,7135,307045,3187,139723,3776,163834,172,3488,4952,134243,2167,88141,5311,222384,California
Fresno,2021-03-16,10218,317263,4538,144261,5283,169117,397,3885,5425,135402,4759,92900,5918,228302,California
Fresno,2021-03-17,8665,325928,3931,148192,4041,173158,693,4578,5872,139575,2771,95671,6944,235246,California
Fresno,2021-03-18,12445,338373,6722,154914,5090,178248,633,5211,7061,142361,5332,101003,8118,243364,California
Fresno,2021-03-19,11068,349441,5775,160689,4679,182927,614,5825,6919,146070,4119,105122,7828,251192,California
Fresno,2021-03-20,7397,356838,4428,165117,2657,185584,312,6137,3692,146675,3675,108797,4280,255472,California
Fresno,2021-03-21,1777,358615,1204,166321,203,185787,370,6507,957,147187,816,109613,1328,256800,California
Fresno,2021-03-22,5654,364269,2890,169211,2169,187956,595,7102,3838,150020,1800,111413,4633,261433,California
Fresno,2021-03-23,10541,374810,5244,174455,4804,192760,493,7595,5065,150551,5455,116868,5986,267419,California
Fresno,2021-03-24,8833,383643,3808,178263,4197,196957,828,8423,4901,152436,3896,120764,5781,273200,California
Fresno,2021-03-25,12079,395722,5582,183845,5715,202672,782,9205,4740,150749,7292,128056,5605,278805,California
Fresno,2021-03-26,12055,407777,5340,189185,6069,208741,646,9851,4447,148310,7555,135611,5116,283921,California
Fresno,2021-03-27,9384,417161,4138,193323,4160,212901,1086,10937,2864,145783,6483,142094,3956,287877,California
Fresno,2021-03-28,3381,420542,1294,194617,1399,214300,688,11625,1265,145905,2108,144202,2230,290107,California
Fresno,2021-03-29,5987,426529,1981,196598,3462,217762,544,12169,2874,146250,3086,147288,3431,293538,California
Fresno,2021-03-30,10820,437349,4221,200819,5712,223474,887,13056,3855,144053,6939,154227,4742,298280,California
Fresno,2021-03-31,9442,446791,3329,204148,5125,228599,988,14044,3709,143054,5694,159921,4695,302975,California
Fresno,2021-04-01,11769,458560,4097,208245,6809,235408,863,14907,3920,140061,7747,167668,4754,307729,California
Fresno,2021-04-02,11648,470208,4436,212681,6424,241832,788,15695,4146,137662,7344,175012,4945,312674,California
Fresno,2021-04-03,6256,476464,3405,216086,2595,244427,256,15951,2110,135942,4130,179142,2410,315084,California
Fresno,2021-04-04,1495,477959,538,216624,912,245339,45,15996,550,135602,937,180079,597,315681,California
Fresno,2021-04-05,8330,486289,4477,221101,3054,248393,799,16795,2453,133065,5861,185940,3324,319005,California
Fresno,2021-04-06,9588,495877,4028,225129,4380,252773,1180,17975,3545,131805,6006,191946,4746,323751,California
Fresno,2021-04-07,10357,506234,5329,230458,3832,256605,1196,19171,3525,129772,6790,198736,4757,328508,California
Fresno,2021-04-08,10835,517069,5133,235591,4556,261161,1146,20317,3419,127010,7369,206105,4607,333115,California
Fresno,2021-04-09,11144,528213,5330,240921,4435,265596,1379,21696,3620,124549,7481,213586,5020,338135,California
Fresno,2021-04-10,7875,536088,5160,246081,2193,267789,522,22218,3743,124692,4120,217706,4263,342398,California
Fresno,2021-04-11,1390,537478,929,247010,372,268161,89,22307,448,124293,937,218643,538,342936,California
Fresno,2021-04-12,7156,544634,3773,250783,2465,270626,918,23225,2327,122732,4805,223448,3244,346180,California
Fresno,2021-04-13,8919,553553,4244,255027,4605,275231,70,23295,3492,120992,5393,228841,3653,349833,California
Fresno,2021-04-14,9451,563004,5737,260764,3713,278944,1,23296,3737,119107,5669,234510,3784,353617,California
Fresno,2021-04-15,8384,571388,4184,264948,4197,283141,3,23299,3174,117106,5181,239691,3180,356797,California
Fresno,2021-04-16,9371,580759,4626,269574,4743,287884,2,23301,3908,115596,5425,245116,3915,360712,California
Fresno,2021-04-17,5576,586335,3730,273304,1845,289729,1,23302,2709,115459,2849,247965,2712,363424,California
Fresno,2021-04-18,1026,587361,558,273862,468,290197,0,23302,478,115394,543,248508,478,363902,California
Fresno,2021-04-19,5530,592891,3027,276889,2500,292697,3,23305,2263,114440,3222,251730,2268,366170,California
Fresno,2021-04-20,6951,599842,3437,280326,3506,296203,8,23313,2628,112776,4301,256031,2637,368807,California
Fresno,2021-04-21,6376,606218,3523,283849,2845,299048,8,23321,2659,111766,3680,259711,2670,371477,California
Fresno,2021-04-22,6350,612568,3157,287006,3192,302240,1,23322,2341,110156,3955,263666,2345,373822,California
Fresno,2021-04-23,7046,619614,3781,290787,3247,305487,18,23340,2721,108600,4283,267949,2727,376549,California
Fresno,2021-04-24,4158,623772,2484,293271,1674,307161,0,23340,1954,108365,2189,270138,1954,378503,California
Fresno,2021-04-25,1383,625155,568,293839,813,307974,2,23342,695,108377,684,270822,696,379199,California
Fresno,2021-04-26,3925,629080,1969,295808,1913,309887,43,23385,1657,107838,2237,273059,1698,380897,California
Fresno,2021-04-27,4524,633604,2290,298098,2124,312011,110,23495,1783,107010,2721,275780,1893,382790,California
Fresno,2021-04-28,4706,638310,2625,300723,1954,313965,127,23622,1919,106290,2766,278546,2046,384836,California
Fresno,2021-04-29,4721,643031,2647,303370,1942,315907,132,23754,1738,105207,2953,281499,1870,386706,California
Fresno,2021-04-30,5373,648404,3282,306652,1961,317868,130,23884,2105,104206,3235,284734,2234,388940,California
Fresno,2021-05-01,4182,652586,3467,310119,579,318447,136,24020,1211,102596,2956,287690,1346,390286,California
Fresno,2021-05-02,1241,653827,776,310895,414,318861,51,24071,600,102616,630,288320,650,390936,California
Fresno,2021-05-03,4028,657855,2726,313621,1116,319977,186,24257,1314,101424,2688,291008,1496,392432,California
Fresno,2021-05-04,4823,662678,2499,316120,2174,322151,150,24407,1550,99878,3248,294256,1702,394134,California
Fresno,2021-05-05,4815,667493,2889,319009,1701,323852,225,24632,1463,98230,3329,297585,1681,395815,California
Fresno,2021-05-06,4065,671558,2486,321495,1474,325326,105,24737,1358,97014,2679,300264,1463,397278,California
Fresno,2021-05-07,4988,676546,3278,324773,1549,326875,161,24898,1541,95289,3425,303689,1700,398978,California
Fresno,2021-05-08,3886,680432,2486,327259,1256,328131,144,25042,1171,93910,2695,306384,1316,400294,California
Fresno,2021-05-09,708,681140,375,327634,289,328420,44,25086,347,93945,355,306739,390,400684,California
Fresno,2021-05-10,2962,684102,1595,329229,1226,329646,141,25227,930,92991,2025,308764,1071,401755,California
Fresno,2021-05-11,3572,687674,1846,331075,1637,331283,89,25316,1116,91754,2443,311207,1206,402961,California
Fresno,2021-05-12,3687,691361,2325,333400,1217,332500,145,25461,1317,90870,2347,313554,1463,404424,California
Fresno,2021-05-13,3590,694951,1941,335341,1545,334045,104,25565,1586,90594,1966,315520,1690,406114,California
Fresno,2021-05-14,4993,699944,3017,338358,1796,335841,180,25745,2127,90062,2835,318355,2303,408417,California
Fresno,2021-05-15,3529,703473,2635,340993,772,336613,122,25867,1793,90250,1726,320081,1914,410331,California
Fresno,2021-05-16,1410,704883,922,341915,452,337065,36,25903,767,90415,637,320718,802,411133,California
Fresno,2021-05-17,3987,708870,2665,344580,1171,338236,151,26054,2186,90973,1779,322497,2337,413470,California
Fresno,2021-05-18,3932,712802,2395,346975,1401,339637,136,26190,2065,91331,1841,324338,2199,415669,California
Fresno,2021-05-19,4025,716827,2541,349516,1354,340991,130,26320,1957,91372,2044,326382,2085,417754,California
Fresno,2021-05-20,2073,718900,1154,350670,839,341830,80,26400,806,91007,1251,327633,886,418640,California
Glenn,2020-12-17,1,1,1,1,0,0,0,0,1,1,0,0,1,1,California
Glenn,2020-12-19,1,2,1,2,0,0,0,0,1,2,0,0,1,2,California
Glenn,2020-12-20,1,3,1,3,0,0,0,0,1,3,0,0,1,3,California
Glenn,2020-12-21,11,14,11,14,0,0,0,0,11,14,0,0,11,14,California
Glenn,2020-12-22,59,73,59,73,0,0,0,0,59,73,0,0,59,73,California
Glenn,2020-12-23,27,100,27,100,0,0,0,0,27,100,0,0,27,100,California
Glenn,2020-12-24,9,109,9,109,0,0,0,0,9,109,0,0,9,109,California
Glenn,2020-12-26,2,111,2,111,0,0,0,0,2,111,0,0,2,111,California
Glenn,2020-12-27,4,115,4,115,0,0,0,0,4,115,0,0,4,115,California
Glenn,2020-12-28,21,136,21,136,0,0,0,0,21,136,0,0,21,136,California
Glenn,2020-12-29,82,218,82,218,0,0,0,0,82,218,0,0,82,218,California
Glenn,2020-12-30,129,347,106,324,23,23,0,0,129,347,0,0,129,347,California
Glenn,2020-12-31,38,385,9,333,29,52,0,0,38,385,0,0,38,385,California
Glenn,2021-01-02,2,387,2,335,0,52,0,0,2,387,0,0,2,387,California
Glenn,2021-01-04,7,394,5,340,2,54,0,0,7,394,0,0,7,394,California
Glenn,2021-01-05,9,403,8,348,1,55,0,0,9,403,0,0,9,403,California
Glenn,2021-01-06,60,463,8,356,52,107,0,0,60,463,0,0,60,463,California
Glenn,2021-01-07,67,530,12,368,55,162,0,0,65,526,2,2,65,528,California
Glenn,2021-01-08,12,542,9,377,3,165,0,0,12,538,0,2,12,540,California
Glenn,2021-01-10,1,543,1,378,0,165,0,0,0,537,1,3,0,540,California
Glenn,2021-01-11,30,573,30,408,0,165,0,0,12,531,18,21,12,552,California
Glenn,2021-01-12,42,615,37,445,5,170,0,0,14,517,28,49,14,566,California
Glenn,2021-01-13,152,767,87,532,65,235,0,0,108,581,44,93,108,674,California
Glenn,2021-01-14,185,952,96,628,89,324,0,0,175,746,10,103,175,849,California
Glenn,2021-01-15,42,994,34,662,8,332,0,0,37,778,5,108,37,886,California
Glenn,2021-01-16,34,1028,14,676,20,352,0,0,24,792,10,118,24,910,California
Glenn,2021-01-17,4,1032,2,678,2,354,0,0,2,792,2,120,2,912,California
Glenn,2021-01-18,17,1049,16,694,1,355,0,0,9,793,8,128,9,921,California
Glenn,2021-01-19,31,1080,20,714,11,366,0,0,14,790,17,145,14,935,California
Glenn,2021-01-20,163,1243,94,808,69,435,0,0,82,791,81,226,82,1017,California
Glenn,2021-01-21,124,1367,98,906,26,461,0,0,30,727,94,320,30,1047,California
Glenn,2021-01-22,339,1706,65,971,274,735,0,0,332,1052,7,327,332,1379,California
Glenn,2021-01-23,14,1720,7,978,7,742,0,0,12,1062,2,329,12,1391,California
Glenn,2021-01-24,2,1722,2,980,0,742,0,0,2,1064,0,329,2,1393,California
Glenn,2021-01-25,27,1749,9,989,18,760,0,0,24,1085,3,332,24,1417,California
Glenn,2021-01-26,29,1778,13,1002,16,776,0,0,23,1102,6,338,23,1440,California
Glenn,2021-01-27,188,1966,13,1015,175,951,0,0,166,1246,22,360,166,1606,California
Glenn,2021-01-28,146,2112,8,1023,138,1089,0,0,116,1332,30,390,116,1722,California
Glenn,2021-01-29,296,2408,12,1035,284,1373,0,0,282,1600,14,404,282,2004,California
Glenn,2021-01-30,4,2412,0,1035,4,1377,0,0,4,1604,0,404,4,2008,California
Glenn,2021-01-31,1,2413,0,1035,1,1378,0,0,1,1605,0,404,1,2009,California
Glenn,2021-02-01,28,2441,10,1045,18,1396,0,0,16,1609,12,416,16,2025,California
Glenn,2021-02-02,28,2469,13,1058,15,1411,0,0,19,1619,9,425,19,2044,California
Glenn,2021-02-03,206,2675,57,1115,149,1560,0,0,111,1636,95,520,112,2156,California
Glenn,2021-02-04,150,2825,84,1199,66,1626,0,0,45,1576,105,625,45,2201,California
Glenn,2021-02-05,319,3144,24,1223,295,1921,0,0,299,1855,20,645,299,2500,California
Glenn,2021-02-06,14,3158,2,1225,12,1933,0,0,13,1867,1,646,13,2513,California
Glenn,2021-02-07,2,3160,2,1227,0,1933,0,0,2,1869,0,646,2,2515,California
Glenn,2021-02-08,21,3181,17,1244,4,1937,0,0,4,1856,17,663,4,2519,California
Glenn,2021-02-09,49,3230,20,1264,29,1966,0,0,36,1879,13,676,36,2555,California
Glenn,2021-02-10,139,3369,19,1283,120,2086,0,0,65,1870,74,750,65,2620,California
Glenn,2021-02-11,233,3602,133,1416,100,2186,0,0,151,1938,83,833,151,2771,California
Glenn,2021-02-12,421,4023,100,1516,321,2507,0,0,355,2227,66,899,355,3126,California
Glenn,2021-02-13,34,4057,7,1523,27,2534,0,0,16,2225,18,917,16,3142,California
Glenn,2021-02-14,1,4058,0,1523,1,2535,0,0,1,2226,0,917,1,3143,California
Glenn,2021-02-15,8,4066,0,1523,8,2543,0,0,8,2234,0,917,8,3151,California
Glenn,2021-02-16,39,4105,9,1532,30,2573,0,0,21,2237,18,935,21,3172,California
Glenn,2021-02-17,380,4485,14,1546,366,2939,0,0,302,2461,78,1013,302,3474,California
Glenn,2021-02-18,135,4620,100,1646,35,2974,0,0,111,2548,24,1037,111,3585,California
Glenn,2021-02-19,303,4923,17,1663,286,3260,0,0,29,2303,274,1311,29,3614,California
Glenn,2021-02-20,8,4931,0,1663,8,3268,0,0,0,2295,8,1319,0,3614,California
Glenn,2021-02-21,1,4932,1,1664,0,3268,0,0,1,2296,0,1319,1,3615,California
Glenn,2021-02-22,33,4965,14,1678,19,3287,0,0,17,2297,16,1335,17,3632,California
Glenn,2021-02-23,40,5005,10,1688,30,3317,0,0,28,2313,12,1347,28,3660,California
Glenn,2021-02-24,229,5234,23,1711,206,3523,0,0,47,2178,182,1529,47,3707,California
Glenn,2021-02-25,262,5496,148,1859,114,3637,0,0,118,2160,136,1665,118,3825,California
Glenn,2021-02-26,304,5800,24,1883,280,3917,0,0,20,1897,283,1948,20,3845,California
Glenn,2021-02-27,15,5815,5,1888,10,3927,0,0,5,1893,9,1957,5,3850,California
Glenn,2021-02-28,6,5821,3,1891,3,3930,0,0,3,1894,2,1959,3,3853,California
Glenn,2021-03-01,28,5849,6,1897,22,3952,0,0,12,1890,16,1975,12,3865,California
Glenn,2021-03-02,35,5884,7,1904,28,3980,0,0,17,1889,18,1993,17,3882,California
Glenn,2021-03-03,192,6076,37,1941,155,4135,0,0,101,1901,89,2082,101,3983,California
Glenn,2021-03-04,521,6597,175,2116,346,4481,0,0,375,2130,146,2228,375,4358,California
Glenn,2021-03-05,357,6954,49,2165,308,4789,0,0,35,1843,322,2550,35,4393,California
Glenn,2021-03-06,26,6980,3,2168,22,4811,1,1,9,1836,17,2567,10,4403,California
Glenn,2021-03-07,5,6985,0,2168,5,4816,0,1,3,1838,1,2568,3,4406,California
Glenn,2021-03-08,20,7005,2,2170,17,4833,1,2,18,1855,2,2570,19,4425,California
Glenn,2021-03-09,82,7087,11,2181,68,4901,3,5,54,1883,28,2598,56,4481,California
Glenn,2021-03-10,172,7259,69,2250,101,5002,2,7,95,1903,77,2675,97,4578,California
Glenn,2021-03-11,584,7843,170,2420,391,5393,23,30,454,2250,130,2805,477,5055,California
Glenn,2021-03-12,418,8261,14,2434,342,5735,62,92,41,1976,377,3182,103,5158,California
Glenn,2021-03-13,12,8273,1,2435,3,5738,8,100,1,1974,11,3193,9,5167,California
Glenn,2021-03-14,3,8276,1,2436,2,5740,0,100,1,1973,2,3195,1,5168,California
Glenn,2021-03-15,76,8352,15,2451,56,5796,5,105,61,2024,15,3210,66,5234,California
Glenn,2021-03-16,110,8462,34,2485,65,5861,11,116,69,2063,41,3251,80,5314,California
Glenn,2021-03-17,416,8878,97,2582,312,6173,7,123,115,1882,301,3552,120,5434,California
Glenn,2021-03-18,521,9399,215,2797,50,6223,256,379,145,1906,376,3928,400,5834,California
Glenn,2021-03-19,92,9491,16,2813,70,6293,6,385,71,1963,20,3948,77,5911,California
Glenn,2021-03-20,121,9612,1,2814,119,6412,1,386,119,2081,2,3950,120,6031,California
Glenn,2021-03-21,6,9618,5,2819,0,6412,1,387,3,2083,2,3952,4,6035,California
Glenn,2021-03-22,117,9735,54,2873,55,6467,8,395,97,2170,18,3970,105,6140,California
Glenn,2021-03-23,173,9908,66,2939,56,6523,51,446,100,2249,72,4042,151,6291,California
Glenn,2021-03-24,206,10114,100,3039,101,6624,5,451,134,2317,71,4113,139,6430,California
Glenn,2021-03-25,458,10572,229,3268,135,6759,94,545,330,2614,127,4240,424,6854,California
Glenn,2021-03-26,229,10801,37,3305,156,6915,36,581,178,2777,51,4291,214,7068,California
Glenn,2021-03-27,152,10953,22,3327,124,7039,6,587,141,2913,11,4302,147,7215,California
Glenn,2021-03-28,15,10968,10,3337,5,7044,0,587,10,2918,5,4307,10,7225,California
Glenn,2021-03-29,60,11028,20,3357,37,7081,3,590,46,2953,14,4321,49,7274,California
Glenn,2021-03-30,74,11102,42,3399,31,7112,1,591,42,2966,30,4351,43,7317,California
Glenn,2021-03-31,125,11227,35,3434,89,7201,1,592,54,2951,70,4421,55,7372,California
Glenn,2021-04-01,647,11874,188,3622,450,7651,9,601,235,2785,410,4831,244,7616,California
Glenn,2021-04-02,161,12035,26,3648,123,7774,12,613,125,2886,36,4867,137,7753,California
Glenn,2021-04-03,91,12126,4,3652,80,7854,7,620,80,2962,11,4878,87,7840,California
Glenn,2021-04-04,9,12135,3,3655,4,7858,2,622,5,2965,4,4882,7,7847,California
Glenn,2021-04-05,65,12200,25,3680,27,7885,13,635,28,2969,37,4919,41,7888,California
Glenn,2021-04-06,144,12344,52,3732,53,7938,39,674,37,2938,106,5025,75,7963,California
Glenn,2021-04-07,159,12503,46,3778,59,7997,54,728,73,2979,86,5111,127,8090,California
Glenn,2021-04-08,641,13144,189,3967,418,8415,34,762,139,2652,500,5611,173,8263,California
Glenn,2021-04-09,157,13301,57,4024,84,8499,16,778,101,2713,56,5667,117,8380,California
Glenn,2021-04-10,74,13375,1,4025,61,8560,12,790,61,2773,13,5680,73,8453,California
Glenn,2021-04-11,17,13392,8,4033,4,8564,5,795,7,2775,10,5690,12,8465,California
Glenn,2021-04-12,114,13506,25,4058,60,8624,29,824,19,2728,95,5785,48,8513,California
Glenn,2021-04-13,118,13624,63,4121,55,8679,0,824,29,2669,88,5873,29,8542,California
Glenn,2021-04-14,123,13747,47,4168,76,8755,0,824,69,2684,54,5927,69,8611,California
Glenn,2021-04-15,361,14108,275,4443,86,8841,0,824,124,2571,237,6164,124,8735,California
Glenn,2021-04-16,164,14272,40,4483,124,8965,0,824,78,2563,86,6250,78,8813,California
Glenn,2021-04-17,166,14438,18,4501,148,9113,0,824,36,2476,123,6373,36,8849,California
Glenn,2021-04-18,16,14454,3,4504,13,9126,0,824,13,2486,3,6376,13,8862,California
Glenn,2021-04-19,82,14536,17,4521,65,9191,0,824,27,2459,54,6430,27,8889,California
Glenn,2021-04-20,125,14661,81,4602,44,9235,0,824,56,2446,69,6499,56,8945,California
Glenn,2021-04-21,412,15073,309,4911,103,9338,0,824,286,2606,126,6625,286,9231,California
Glenn,2021-04-22,208,15281,48,4959,160,9498,0,824,43,2485,164,6789,43,9274,California
Glenn,2021-04-23,178,15459,24,4983,154,9652,0,824,48,2404,129,6918,48,9322,California
Glenn,2021-04-24,179,15638,32,5015,147,9799,0,824,44,2313,135,7053,44,9366,California
Glenn,2021-04-25,28,15666,16,5031,12,9811,0,824,21,2327,7,7060,21,9387,California
Glenn,2021-04-26,46,15712,11,5042,35,9846,0,824,19,2319,27,7087,19,9406,California
Glenn,2021-04-27,58,15770,45,5087,8,9854,5,829,29,2323,29,7116,33,9439,California
Glenn,2021-04-28,260,16030,182,5269,67,9921,11,840,127,2332,129,7245,138,9577,California
Glenn,2021-04-29,181,16211,22,5291,157,10078,2,842,43,2239,138,7383,45,9622,California
Glenn,2021-04-30,156,16367,35,5326,119,10197,2,844,46,2177,110,7493,48,9670,California
Glenn,2021-05-01,108,16475,13,5339,94,10291,1,845,30,2130,78,7571,31,9701,California
Glenn,2021-05-02,30,16505,12,5351,9,10300,9,854,15,2139,15,7586,24,9725,California
Glenn,2021-05-03,36,16541,23,5374,12,10312,1,855,14,2132,22,7608,15,9740,California
Glenn,2021-05-04,57,16598,33,5407,19,10331,5,860,28,2136,29,7637,33,9773,California
Glenn,2021-05-05,122,16720,35,5442,77,10408,10,870,51,2126,71,7708,61,9834,California
Glenn,2021-05-06,106,16826,41,5483,60,10468,5,875,40,2105,66,7774,45,9879,California
Glenn,2021-05-07,120,16946,33,5516,78,10546,9,884,31,2057,88,7862,40,9919,California
Glenn,2021-05-08,66,17012,12,5528,50,10596,4,888,21,2038,44,7906,25,9944,California
Glenn,2021-05-09,17,17029,11,5539,6,10602,0,888,13,2047,4,7910,13,9957,California
Glenn,2021-05-10,36,17065,15,5554,16,10618,5,893,15,2046,21,7931,20,9977,California
Glenn,2021-05-11,76,17141,53,5607,14,10632,9,902,16,2011,60,7991,25,10002,California
Glenn,2021-05-12,327,17468,245,5852,68,10700,14,916,46,1790,281,8272,60,10062,California
Glenn,2021-05-13,123,17591,31,5883,74,10774,18,934,40,1765,83,8355,58,10120,California
Glenn,2021-05-14,106,17697,23,5906,78,10852,5,939,41,1747,64,8419,46,10166,California
Glenn,2021-05-15,72,17769,40,5946,29,10881,3,942,39,1756,32,8451,41,10207,California
Glenn,2021-05-16,27,17796,15,5961,12,10893,0,942,6,1741,21,8472,6,10213,California
Glenn,2021-05-17,74,17870,51,6012,19,10912,4,946,48,1767,26,8498,52,10265,California
Glenn,2021-05-18,68,17938,49,6061,14,10926,5,951,25,1754,43,8541,30,10295,California
Glenn,2021-05-19,178,18116,101,6162,66,10992,11,962,62,1712,114,8655,72,10367,California
Glenn,2021-05-20,77,18193,51,6213,25,11017,1,963,60,1756,17,8672,61,10428,California
Humboldt,2020-12-15,2,2,2,2,0,0,0,0,2,2,0,0,2,2,California
Humboldt,2020-12-16,16,18,16,18,0,0,0,0,16,18,0,0,16,18,California
Humboldt,2020-12-17,117,135,117,135,0,0,0,0,117,135,0,0,117,135,California
Humboldt,2020-12-18,177,312,177,312,0,0,0,0,177,312,0,0,177,312,California
Humboldt,2020-12-19,10,322,10,322,0,0,0,0,10,322,0,0,10,322,California
Humboldt,2020-12-20,28,350,28,350,0,0,0,0,28,350,0,0,28,350,California
Humboldt,2020-12-21,166,516,166,516,0,0,0,0,166,516,0,0,166,516,California
Humboldt,2020-12-22,297,813,297,813,0,0,0,0,297,813,0,0,297,813,California
Humboldt,2020-12-23,310,1123,262,1075,48,48,0,0,312,1125,0,0,312,1125,California
Humboldt,2020-12-24,25,1148,2,1077,23,71,0,0,25,1150,0,0,25,1150,California
Humboldt,2020-12-25,2,1150,2,1079,0,71,0,0,2,1152,0,0,2,1152,California
Humboldt,2020-12-26,6,1156,5,1084,1,72,0,0,6,1158,0,0,6,1158,California
Humboldt,2020-12-28,157,1313,145,1229,12,84,0,0,157,1315,0,0,157,1315,California
Humboldt,2020-12-29,171,1484,124,1353,47,131,0,0,171,1486,0,0,171,1486,California
Humboldt,2020-12-30,224,1708,124,1477,100,231,0,0,224,1710,0,0,224,1710,California
Humboldt,2020-12-31,242,1950,79,1556,163,394,0,0,242,1952,0,0,242,1952,California
Humboldt,2021-01-01,2,1952,1,1557,1,395,0,0,2,1954,0,0,2,1954,California
Humboldt,2021-01-02,38,1990,1,1558,37,432,0,0,38,1992,0,0,38,1992,California
Humboldt,2021-01-04,218,2208,142,1700,76,508,0,0,220,2212,0,0,220,2212,California
Humboldt,2021-01-05,130,2338,18,1718,112,620,0,0,129,2340,1,1,129,2341,California
Humboldt,2021-01-06,302,2640,204,1922,98,718,0,0,229,2508,61,62,229,2570,California
Humboldt,2021-01-07,423,3063,311,2233,112,830,0,0,309,2718,99,161,309,2879,California
Humboldt,2021-01-08,420,3483,281,2514,139,969,0,0,285,2872,131,292,285,3164,California
Humboldt,2021-01-09,69,3552,45,2559,24,993,0,0,66,2936,3,295,67,3231,California
Humboldt,2021-01-10,84,3636,84,2643,0,993,0,0,4,2860,80,375,4,3235,California
Humboldt,2021-01-11,289,3925,278,2921,11,1004,0,0,72,2719,213,588,72,3307,California
Humboldt,2021-01-12,483,4408,320,3241,163,1167,0,0,299,2856,162,750,299,3606,California
Humboldt,2021-01-13,492,4900,277,3518,215,1382,0,0,315,2998,174,924,316,3922,California
Humboldt,2021-01-14,523,5423,165,3683,358,1740,0,0,467,3410,56,980,468,4390,California
Humboldt,2021-01-15,375,5798,39,3722,336,2076,0,0,358,3751,17,997,358,4748,California
Humboldt,2021-01-16,170,5968,6,3728,164,2240,0,0,169,3919,1,998,169,4917,California
Humboldt,2021-01-17,6,5974,4,3732,2,2242,0,0,6,3925,0,998,6,4923,California
Humboldt,2021-01-18,294,6268,259,3991,35,2277,0,0,144,3919,150,1148,144,5067,California
Humboldt,2021-01-19,625,6893,372,4363,253,2530,0,0,498,4296,121,1269,498,5565,California
Humboldt,2021-01-20,918,7811,406,4769,512,3042,0,0,769,4926,141,1410,771,6336,California
Humboldt,2021-01-21,959,8770,261,5030,698,3740,0,0,917,5801,42,1452,917,7253,California
Humboldt,2021-01-22,676,9446,376,5406,300,4040,0,0,667,6460,9,1461,668,7921,California
Humboldt,2021-01-23,827,10273,273,5679,554,4594,0,0,818,7270,9,1470,819,8740,California
Humboldt,2021-01-24,227,10500,1,5680,226,4820,0,0,226,7495,1,1471,226,8966,California
Humboldt,2021-01-25,305,10805,233,5913,72,4892,0,0,149,7488,156,1627,149,9115,California
Humboldt,2021-01-26,525,11330,141,6054,384,5276,0,0,475,7913,50,1677,475,9590,California
Humboldt,2021-01-27,1260,12590,587,6641,673,5949,0,0,1194,9050,59,1736,1196,10786,California
Humboldt,2021-01-28,1457,14047,634,7275,823,6772,0,0,1320,10238,134,1870,1322,12108,California
Humboldt,2021-01-29,1133,15180,546,7821,587,7359,0,0,705,10516,428,2298,706,12814,California
Humboldt,2021-01-30,975,16155,457,8278,518,7877,0,0,962,11466,13,2311,963,13777,California
Humboldt,2021-01-31,314,16469,313,8591,1,7878,0,0,313,11778,1,2312,313,14090,California
Humboldt,2021-02-01,334,16803,192,8783,142,8020,0,0,187,11819,146,2458,187,14277,California
Humboldt,2021-02-02,444,17247,74,8857,370,8390,0,0,339,12058,102,2560,341,14618,California
Humboldt,2021-02-03,661,17908,258,9115,403,8793,0,0,510,12417,151,2711,510,15128,California
Humboldt,2021-02-04,638,18546,262,9377,376,9169,0,0,440,12662,195,2906,440,15568,California
Humboldt,2021-02-05,814,19360,94,9471,720,9889,0,0,626,13100,188,3094,626,16194,California
Humboldt,2021-02-06,1058,20418,447,9918,611,10500,0,0,1015,14074,42,3136,1016,17210,California
Humboldt,2021-02-07,378,20796,9,9927,369,10869,0,0,373,14444,4,3140,374,17584,California
Humboldt,2021-02-08,324,21120,142,10069,182,11051,0,0,183,14487,140,3280,183,17767,California
Humboldt,2021-02-09,494,21614,220,10289,274,11325,0,0,179,14351,315,3595,179,17946,California
Humboldt,2021-02-10,564,22178,371,10660,193,11518,0,0,233,14258,326,3921,233,18179,California
Humboldt,2021-02-11,1298,23476,395,11055,903,12421,0,0,500,13964,795,4716,501,18680,California
Humboldt,2021-02-12,1146,24622,736,11791,410,12831,0,0,706,14230,440,5156,706,19386,California
Humboldt,2021-02-13,1507,26129,558,12349,949,13780,0,0,916,14557,589,5745,916,20302,California
Humboldt,2021-02-14,112,26241,5,12354,107,13887,0,0,109,14664,2,5747,109,20411,California
Humboldt,2021-02-15,292,26533,78,12432,214,14101,0,0,195,14763,96,5843,195,20606,California
Humboldt,2021-02-16,534,27067,118,12550,416,14517,0,0,253,14736,281,6124,254,20860,California
Humboldt,2021-02-17,453,27520,281,12831,172,14689,0,0,137,14558,315,6439,137,20997,California
Humboldt,2021-02-18,970,28490,596,13427,374,15063,0,0,229,14048,739,7178,229,21226,California
Humboldt,2021-02-19,476,28966,434,13861,42,15105,0,0,89,13753,384,7562,89,21315,California
Humboldt,2021-02-20,1612,30578,988,14849,624,15729,0,0,475,13097,1134,8696,478,21793,California
Humboldt,2021-02-21,479,31057,471,15320,8,15737,0,0,182,12983,297,8993,183,21976,California
Humboldt,2021-02-22,127,31184,92,15412,35,15772,0,0,27,12912,98,9091,27,22003,California
Humboldt,2021-02-23,172,31356,70,15482,102,15874,0,0,40,12822,130,9221,40,22043,California
Humboldt,2021-02-24,1166,32522,706,16188,460,16334,0,0,587,12831,578,9799,587,22630,California
Humboldt,2021-02-25,834,33356,318,16506,516,16850,0,0,230,12459,602,10401,230,22860,California
Humboldt,2021-02-26,2147,35503,106,16612,2041,18891,0,0,449,11217,1692,12093,450,23310,California
Humboldt,2021-02-27,1695,37198,1076,17688,619,19510,0,0,869,11266,824,12917,873,24183,California
Humboldt,2021-02-28,121,37319,10,17698,111,19621,0,0,116,11377,5,12922,116,24299,California
Humboldt,2021-03-01,260,37579,47,17745,213,19834,0,0,185,11487,75,12997,185,24484,California
Humboldt,2021-03-02,290,37869,50,17795,240,20074,0,0,160,11517,130,13127,160,24644,California
Humboldt,2021-03-03,1658,39527,1098,18893,560,20634,0,0,1220,12307,431,13558,1221,25865,California
Humboldt,2021-03-04,901,40428,112,19005,789,21423,0,0,282,11972,619,14177,284,26149,California
Humboldt,2021-03-05,951,41379,188,19193,752,22175,11,11,393,11822,554,14731,404,26553,California
Humboldt,2021-03-06,1701,43080,842,20035,810,22985,49,60,716,11603,984,15715,765,27318,California
Humboldt,2021-03-07,365,43445,296,20331,51,23036,18,78,158,11572,207,15922,176,27494,California
Humboldt,2021-03-08,275,43720,7,20338,190,23226,78,156,181,11737,94,16016,259,27753,California
Humboldt,2021-03-09,488,44208,210,20548,130,23356,148,304,238,11874,248,16264,385,28138,California
Humboldt,2021-03-10,690,44898,467,21015,70,23426,153,457,420,12176,269,16533,571,28709,California
Humboldt,2021-03-11,1460,46358,463,21478,897,24323,100,557,638,12096,817,17350,737,29446,California
Humboldt,2021-03-12,1745,48103,1082,22560,441,24764,222,779,1053,12690,684,18034,1278,30724,California
Humboldt,2021-03-13,1570,49673,1022,23582,496,25260,52,831,676,12530,888,18922,728,31452,California
Humboldt,2021-03-14,142,49815,18,23600,115,25375,9,840,28,12453,114,19036,37,31489,California
Humboldt,2021-03-15,276,50091,51,23651,204,25579,21,861,59,12316,217,19253,80,31569,California
Humboldt,2021-03-16,636,50727,201,23852,174,25753,261,1122,260,12460,375,19628,519,32088,California
Humboldt,2021-03-17,732,51459,397,24249,227,25980,108,1230,339,12515,392,20020,447,32535,California
Humboldt,2021-03-18,1735,53194,1166,25415,526,26506,43,1273,1040,12908,690,20710,1083,33618,California
Humboldt,2021-03-19,1074,54268,59,25474,701,27207,314,1587,439,13028,632,21342,752,34370,California
Humboldt,2021-03-20,1375,55643,751,26225,611,27818,13,1600,427,12523,946,22288,441,34811,California
Humboldt,2021-03-21,248,55891,32,26257,187,28005,29,1629,203,12709,45,22333,231,35042,California
Humboldt,2021-03-22,118,56009,15,26272,53,28058,50,1679,61,12765,55,22388,111,35153,California
Humboldt,2021-03-23,411,56420,41,26313,327,28385,43,1722,319,13037,90,22478,362,35515,California
Humboldt,2021-03-24,1415,57835,389,26702,978,29363,48,1770,1038,13752,369,22847,1084,36599,California
Humboldt,2021-03-25,1833,59668,1208,27910,563,29926,62,1832,946,13875,885,23732,1008,37607,California
Humboldt,2021-03-26,2041,61709,437,28347,1547,31473,57,1889,1595,15085,441,24173,1651,39258,California
Humboldt,2021-03-27,2016,63725,1439,29786,407,31880,170,2059,1141,15526,870,25043,1311,40569,California
Humboldt,2021-03-28,267,63992,81,29867,115,31995,71,2130,85,15501,182,25225,157,40726,California
Humboldt,2021-03-29,471,64463,127,29994,249,32244,95,2225,201,15527,269,25494,295,41021,California
Humboldt,2021-03-30,941,65404,304,30298,523,32767,114,2339,561,15826,375,25869,674,41695,California
Humboldt,2021-03-31,1862,67266,517,30815,1249,34016,96,2435,1409,16884,450,26319,1508,43203,California
Humboldt,2021-04-01,2107,69373,706,31521,1309,35325,92,2527,1479,17835,621,26940,1572,44775,California
Humboldt,2021-04-02,1722,71095,1109,32630,509,35834,104,2631,620,17466,1096,28036,727,45502,California
Humboldt,2021-04-03,1665,72760,1504,34134,145,35979,16,2647,669,17165,986,29022,685,46187,California
Humboldt,2021-04-04,485,73245,373,34507,103,36082,9,2656,407,17504,78,29100,417,46604,California
Humboldt,2021-04-05,775,74020,460,34967,267,36349,48,2704,441,17662,332,29432,490,47094,California
Humboldt,2021-04-06,839,74859,317,35284,388,36737,134,2838,587,18135,246,29678,719,47813,California
Humboldt,2021-04-07,1488,76347,1058,36342,291,37028,139,2977,985,18758,501,30179,1124,48937,California
Humboldt,2021-04-08,1731,78078,1085,37427,488,37516,158,3135,736,18659,993,31172,894,49831,California
Humboldt,2021-04-09,1432,79510,432,37859,847,38363,153,3288,1147,19667,285,31457,1293,51124,California
Humboldt,2021-04-10,930,80440,137,37996,617,38980,176,3464,730,20373,198,31655,904,52028,California
Humboldt,2021-04-11,638,81078,137,38133,35,39015,466,3930,127,20454,511,32166,592,52620,California
Humboldt,2021-04-12,430,81508,222,38355,83,39098,125,4055,273,20695,157,32323,398,53018,California
Humboldt,2021-04-13,581,82089,322,38677,256,39354,3,4058,545,21211,31,32354,547,53565,California
Humboldt,2021-04-14,1423,83512,1030,39707,393,39747,0,4058,1312,22413,110,32464,1312,54877,California
Humboldt,2021-04-15,1811,85323,1195,40902,612,40359,4,4062,1242,23106,551,33015,1244,56121,California
Humboldt,2021-04-16,1122,86445,518,41420,604,40963,0,4062,539,23065,580,33595,539,56660,California
Humboldt,2021-04-17,1601,88046,1278,42698,323,41286,0,4062,1012,23494,583,34178,1012,57672,California
Humboldt,2021-04-18,653,88699,342,43040,310,41596,1,4063,93,23033,554,34732,93,57765,California
Humboldt,2021-04-19,185,88884,82,43122,103,41699,0,4063,70,22990,113,34845,70,57835,California
Humboldt,2021-04-20,475,89359,129,43251,346,42045,0,4063,230,22976,244,35089,230,58065,California
Humboldt,2021-04-21,1083,90442,375,43626,708,42753,0,4063,426,22756,647,35736,427,58492,California
Humboldt,2021-04-22,873,91315,520,44146,351,43104,2,4065,438,22762,432,36168,438,58930,California
Humboldt,2021-04-23,2156,93471,303,44449,1853,44957,0,4065,312,21233,1841,38009,312,59242,California
Humboldt,2021-04-24,1079,94550,875,45324,199,45156,5,4070,358,20877,719,38728,363,59605,California
Humboldt,2021-04-25,373,94923,238,45562,135,45291,0,4070,187,20881,183,38911,187,59792,California
Humboldt,2021-04-26,304,95227,210,45772,90,45381,4,4074,86,20753,216,39127,88,59880,California
Humboldt,2021-04-27,694,95921,225,45997,451,45832,18,4092,140,20360,551,39678,158,60038,California
Humboldt,2021-04-28,1538,97459,795,46792,697,46529,46,4138,398,19666,1138,40816,444,60482,California
Humboldt,2021-04-29,1723,99182,580,47372,1105,47634,38,4176,278,18541,1441,42257,316,60798,California
Humboldt,2021-04-30,1246,100428,390,47762,822,48456,34,4210,197,17727,1043,43300,229,61027,California
Humboldt,2021-05-01,458,100886,378,48140,58,48514,22,4232,283,17858,174,43474,305,61332,California
Humboldt,2021-05-02,227,101113,182,48322,36,48550,9,4241,113,17868,113,43587,123,61455,California
Humboldt,2021-05-03,610,101723,377,48699,209,48759,24,4265,98,17480,510,44097,122,61577,California
Humboldt,2021-05-04,816,102539,481,49180,291,49050,44,4309,247,17204,566,44663,290,61867,California
Humboldt,2021-05-05,1685,104224,1075,50255,553,49603,57,4366,180,15941,1498,46161,235,62102,California
Humboldt,2021-05-06,1650,105874,1041,51296,357,49960,252,4618,134,14814,1513,47674,386,62488,California
Humboldt,2021-05-07,1426,107300,304,51600,1063,51023,59,4677,237,13921,1187,48861,294,62782,California
Humboldt,2021-05-08,697,107997,105,51705,570,51593,22,4699,88,13423,608,49469,110,62892,California
Humboldt,2021-05-09,908,108905,855,52560,43,51636,10,4709,48,12621,860,50329,58,62950,California
Humboldt,2021-05-10,214,109119,36,52596,141,51777,37,4746,81,12606,133,50462,118,63068,California
Humboldt,2021-05-11,485,109604,145,52741,270,52047,70,4816,183,12557,302,50764,253,63321,California
Humboldt,2021-05-12,571,110175,119,52860,411,52458,41,4857,204,12435,367,51131,245,63566,California
Humboldt,2021-05-13,480,110655,233,53093,222,52680,25,4882,214,12410,265,51396,240,63806,California
Humboldt,2021-05-14,687,111342,133,53226,449,53129,105,4987,231,12292,453,51849,335,64141,California
Humboldt,2021-05-15,769,112111,634,53860,127,53256,8,4995,202,11936,566,52415,210,64351,California
Humboldt,2021-05-16,118,112229,52,53912,62,53318,4,4999,67,11956,51,52466,71,64422,California
Humboldt,2021-05-17,382,112611,207,54119,154,53472,21,5020,210,12016,170,52636,230,64652,California
Humboldt,2021-05-18,643,113254,323,54442,291,53763,29,5049,356,12115,286,52922,385,65037,California
Humboldt,2021-05-19,934,114188,526,54968,366,54129,42,5091,330,11885,600,53522,370,65407,California
Humboldt,2021-05-20,141,114329,54,55022,82,54211,5,5096,48,11847,91,53613,53,65460,California
Imperial,2020-12-16,1,1,1,1,0,0,0,0,1,1,0,0,1,1,California
Imperial,2020-12-17,4,5,4,5,0,0,0,0,4,5,0,0,4,5,California
Imperial,2020-12-18,12,17,12,17,0,0,0,0,12,17,0,0,12,17,California
Imperial,2020-12-20,2,19,2,19,0,0,0,0,2,19,0,0,2,19,California
Imperial,2020-12-21,186,205,186,205,0,0,0,0,186,205,0,0,186,205,California
Imperial,2020-12-22,241,446,239,444,2,2,0,0,241,446,0,0,241,446,California
Imperial,2020-12-23,210,656,209,653,1,3,0,0,209,655,0,0,209,655,California
Imperial,2020-12-24,5,661,5,658,0,3,0,0,5,660,0,0,5,660,California
Imperial,2020-12-26,1,662,0,658,1,4,0,0,1,661,0,0,1,661,California
Imperial,2020-12-27,62,724,0,658,62,66,0,0,62,723,0,0,62,723,California
Imperial,2020-12-28,214,938,114,772,100,166,0,0,214,937,0,0,214,937,California
Imperial,2020-12-29,189,1127,36,808,153,319,0,0,189,1126,0,0,189,1126,California
Imperial,2020-12-30,366,1493,50,858,316,635,0,0,366,1492,0,0,366,1492,California
Imperial,2020-12-31,197,1690,26,884,171,806,0,0,197,1689,0,0,197,1689,California
Imperial,2021-01-01,47,1737,5,889,42,848,0,0,47,1736,0,0,47,1736,California
Imperial,2021-01-02,4,1741,0,889,4,852,0,0,4,1740,0,0,4,1740,California
Imperial,2021-01-03,90,1831,0,889,90,942,0,0,90,1830,0,0,90,1830,California
Imperial,2021-01-04,85,1916,5,894,80,1022,0,0,85,1915,0,0,85,1915,California
Imperial,2021-01-05,174,2090,14,908,160,1182,0,0,174,2089,0,0,174,2089,California
Imperial,2021-01-06,190,2280,25,933,165,1347,0,0,189,2277,1,1,189,2278,California
Imperial,2021-01-07,321,2601,10,943,311,1658,0,0,318,2592,3,4,318,2596,California
Imperial,2021-01-08,192,2793,52,995,140,1798,0,0,182,2764,10,14,182,2778,California
Imperial,2021-01-09,24,2817,21,1016,3,1801,0,0,24,2788,0,14,24,2802,California
Imperial,2021-01-10,1,2818,0,1016,1,1802,0,0,1,2789,0,14,1,2803,California
Imperial,2021-01-11,402,3220,243,1259,159,1961,0,0,174,2735,228,242,174,2977,California
Imperial,2021-01-12,404,3624,302,1561,102,2063,0,0,142,2616,261,503,142,3119,California
Imperial,2021-01-13,379,4003,132,1693,247,2310,0,0,280,2797,99,602,280,3399,California
Imperial,2021-01-14,260,4263,151,1844,109,2419,0,0,254,3046,5,607,254,3653,California
Imperial,2021-01-15,241,4504,182,2026,59,2478,0,0,234,3273,7,614,234,3887,California
Imperial,2021-01-16,77,4581,73,2099,4,2482,0,0,76,3348,1,615,76,3963,California
Imperial,2021-01-17,10,4591,2,2101,8,2490,0,0,10,3358,0,615,10,3973,California
Imperial,2021-01-18,1053,5644,399,2500,654,3144,0,0,955,4216,98,713,956,4929,California
Imperial,2021-01-19,165,5809,129,2629,36,3180,0,0,118,4287,47,760,118,5047,California
Imperial,2021-01-20,292,6101,195,2824,97,3277,0,0,254,4503,38,798,254,5301,California
Imperial,2021-01-21,415,6516,183,3007,232,3509,0,0,395,4878,20,818,395,5696,California
Imperial,2021-01-22,457,6973,189,3196,268,3777,0,0,448,5317,9,827,448,6144,California
Imperial,2021-01-23,1040,8013,290,3486,750,4527,0,0,1039,6355,1,828,1039,7183,California
Imperial,2021-01-24,11,8024,4,3490,7,4534,0,0,11,6366,0,828,11,7194,California
Imperial,2021-01-25,214,8238,5,3495,209,4743,0,0,34,6222,178,1006,34,7228,California
Imperial,2021-01-26,364,8602,185,3680,179,4922,0,0,221,6300,143,1149,221,7449,California
Imperial,2021-01-27,570,9172,162,3842,408,5330,0,0,237,6204,333,1482,237,7686,California
Imperial,2021-01-28,633,9805,160,4002,473,5803,0,0,525,6621,108,1590,525,8211,California
Imperial,2021-01-29,424,10229,296,4298,128,5931,0,0,374,6945,50,1640,374,8585,California
Imperial,2021-01-30,56,10285,31,4329,25,5956,0,0,39,6967,17,1657,39,8624,California
Imperial,2021-01-31,17,10302,7,4336,10,5966,0,0,16,6982,1,1658,16,8640,California
Imperial,2021-02-01,421,10723,55,4391,366,6332,0,0,210,6983,209,1867,210,8850,California
Imperial,2021-02-02,683,11406,56,4447,627,6959,0,0,502,7304,181,2048,502,9352,California
Imperial,2021-02-03,457,11863,48,4495,409,7368,0,0,264,7376,192,2240,264,9616,California
Imperial,2021-02-04,1724,13587,1203,5698,521,7889,0,0,1408,8470,314,2554,1408,11024,California
Imperial,2021-02-05,389,13976,241,5939,148,8037,0,0,155,8390,235,2789,155,11179,California
Imperial,2021-02-06,863,14839,838,6777,25,8062,0,0,828,9182,36,2825,828,12007,California
Imperial,2021-02-07,21,14860,9,6786,12,8074,0,0,20,9201,1,2826,20,12027,California
Imperial,2021-02-08,249,15109,42,6828,207,8281,0,0,181,9314,68,2894,181,12208,California
Imperial,2021-02-09,463,15572,146,6974,317,8598,0,0,305,9461,158,3052,305,12513,California
Imperial,2021-02-10,386,15958,56,7030,330,8928,0,0,96,9268,290,3342,97,12610,California
Imperial,2021-02-11,466,16424,260,7290,206,9134,0,0,90,8982,376,3718,90,12700,California
Imperial,2021-02-12,2130,18554,1411,8701,719,9853,0,0,1782,10413,351,4069,1782,14482,California
Imperial,2021-02-13,47,18601,18,8719,29,9882,0,0,42,10448,8,4077,43,14525,California
Imperial,2021-02-14,24,18625,12,8731,12,9894,0,0,21,10466,3,4080,21,14546,California
Imperial,2021-02-15,32,18657,11,8742,21,9915,0,0,25,10484,7,4087,25,14571,California
Imperial,2021-02-16,514,19171,267,9009,247,10162,0,0,293,10556,221,4308,293,14864,California
Imperial,2021-02-17,439,19610,285,9294,154,10316,0,0,83,10283,356,4664,83,14947,California
Imperial,2021-02-18,646,20256,308,9602,338,10654,0,0,140,9919,504,5168,140,15087,California
Imperial,2021-02-19,768,21024,382,9984,386,11040,0,0,193,9538,574,5742,193,15280,California
Imperial,2021-02-20,1042,22066,191,10175,851,11891,0,0,327,9155,712,6454,329,15609,California
Imperial,2021-02-21,591,22657,557,10732,34,11925,0,0,580,9725,10,6464,580,16189,California
Imperial,2021-02-22,806,23463,567,11299,239,12164,0,0,757,10433,49,6513,757,16946,California
Imperial,2021-02-23,963,24426,395,11694,568,12732,0,0,908,11287,55,6568,909,17855,California
Imperial,2021-02-24,718,25144,302,11996,416,13148,0,0,621,11812,96,6664,621,18476,California
Imperial,2021-02-25,820,25964,340,12336,480,13628,0,0,454,11906,365,7029,459,18935,California
Imperial,2021-02-26,1746,27710,1351,13687,395,14023,0,0,1572,13306,173,7202,1573,20508,California
Imperial,2021-02-27,866,28576,811,14498,55,14078,0,0,130,12698,739,7941,131,20639,California
Imperial,2021-02-28,32,28608,20,14518,12,14090,0,0,22,12710,10,7951,22,20661,California
Imperial,2021-03-01,500,29108,296,14814,202,14292,2,2,433,13081,65,8016,436,21097,California
Imperial,2021-03-02,677,29785,247,15061,430,14722,0,2,387,13181,289,8305,389,21486,California
Imperial,2021-03-03,927,30712,49,15110,877,15599,1,3,558,13385,366,8671,570,22056,California
Imperial,2021-03-04,756,31468,86,15196,669,16268,1,4,493,13647,261,8932,523,22579,California
Imperial,2021-03-05,2598,34066,1939,17135,659,16927,0,4,1280,13607,1322,10254,1282,23861,California
Imperial,2021-03-06,703,34769,238,17373,465,17392,0,4,658,14227,42,10296,662,24523,California
Imperial,2021-03-07,85,34854,41,17414,44,17436,0,4,60,14264,24,10320,61,24584,California
Imperial,2021-03-08,416,35270,331,17745,50,17486,35,39,363,14610,52,10372,398,24982,California
Imperial,2021-03-09,682,35952,311,18056,124,17610,247,286,398,14970,284,10656,644,25626,California
Imperial,2021-03-10,685,36637,313,18369,267,17877,105,391,321,15033,363,11019,426,26052,California
Imperial,2021-03-11,1794,38431,478,18847,1124,19001,192,583,1191,15827,600,11619,1394,27446,California
Imperial,2021-03-12,3717,42148,2543,21390,988,19989,186,769,2110,16520,1603,13222,2296,29742,California
Imperial,2021-03-13,1156,43304,94,21484,837,20826,225,994,861,17318,292,13514,1090,30832,California
Imperial,2021-03-14,176,43480,36,21520,126,20952,14,1008,140,17437,36,13550,155,30987,California
Imperial,2021-03-15,684,44164,225,21745,200,21152,259,1267,387,17788,295,13845,646,31633,California
Imperial,2021-03-16,1102,45266,275,22020,359,21511,468,1735,551,18257,549,14394,1018,32651,California
Imperial,2021-03-17,1600,46866,692,22712,771,22282,137,1872,1015,18831,579,14973,1153,33804,California
Imperial,2021-03-18,1802,48668,1191,23903,551,22833,60,1932,1269,19632,530,15503,1331,35135,California
Imperial,2021-03-19,3361,52029,2469,26372,889,23722,3,1935,1523,19329,1830,17333,1527,36662,California
Imperial,2021-03-20,875,52904,550,26922,320,24042,5,1940,429,19328,441,17774,440,37102,California
Imperial,2021-03-21,217,53121,35,26957,178,24220,4,1944,159,19437,58,17832,167,37269,California
Imperial,2021-03-22,1047,54168,339,27296,701,24921,7,1951,622,19644,424,18256,631,37900,California
Imperial,2021-03-23,1391,55559,412,27708,972,25893,7,1958,891,20047,497,18753,900,38800,California
Imperial,2021-03-24,1871,57430,543,28251,901,26794,427,2385,900,20405,968,19721,1326,40126,California
Imperial,2021-03-25,2958,60388,519,28770,885,27679,1554,3939,1028,21050,1926,21647,2571,42697,California
Imperial,2021-03-26,2504,62892,888,29658,745,28424,871,4810,789,21003,1708,23355,1661,44358,California
Imperial,2021-03-27,611,63503,282,29940,277,28701,52,4862,443,21333,165,23520,495,44853,California
Imperial,2021-03-28,210,63713,51,29991,157,28858,2,4864,172,21470,37,23557,174,45027,California
Imperial,2021-03-29,1327,65040,348,30339,392,29250,587,5451,319,21370,1006,24563,906,45933,California
Imperial,2021-03-30,1919,66959,675,31014,594,29844,650,6101,675,21452,1244,25807,1326,47259,California
Imperial,2021-03-31,1527,68486,714,31728,808,30652,5,6106,1009,21950,516,26323,1014,48273,California
Imperial,2021-04-01,1933,70419,401,32129,1290,31942,242,6348,853,21969,1075,27398,1094,49367,California
Imperial,2021-04-02,1895,72314,450,32579,1371,33313,74,6422,1364,22878,528,27926,1437,50804,California
Imperial,2021-04-03,1499,73813,411,32990,1009,34322,79,6501,688,22837,808,28734,767,51571,California
Imperial,2021-04-04,85,73898,40,33030,28,34350,17,6518,23,22815,62,28796,40,51611,California
Imperial,2021-04-05,3370,77268,2302,35332,905,35255,163,6681,1516,22655,1846,30642,1686,53297,California
Imperial,2021-04-06,1307,78575,527,35859,591,35846,189,6870,686,22914,618,31260,877,54174,California
Imperial,2021-04-07,2154,80729,553,36412,1225,37071,376,7246,1552,24236,606,31866,1928,56102,California
Imperial,2021-04-08,2192,82921,1073,37485,825,37896,294,7540,1068,24475,1121,32987,1360,57462,California
Imperial,2021-04-09,3165,86086,1625,39110,924,38820,616,8156,1782,25494,1378,34365,2397,59859,California
Imperial,2021-04-10,1277,87363,184,39294,822,39642,271,8427,215,24918,1060,35425,484,60343,California
Imperial,2021-04-11,219,87582,30,39324,157,39799,32,8459,77,24884,142,35567,108,60451,California
Imperial,2021-04-12,1433,89015,766,40090,447,40246,220,8679,814,25303,615,36182,1034,61485,California
Imperial,2021-04-13,2883,91898,1893,41983,988,41234,2,8681,2047,26518,832,37014,2047,63532,California
Imperial,2021-04-14,2022,93920,942,42925,1080,42314,0,8681,1414,27331,602,37616,1415,64947,California
Imperial,2021-04-15,1977,95897,908,43833,1069,43383,0,8681,1385,28129,589,38205,1387,66334,California
Imperial,2021-04-16,3405,99302,1777,45610,1628,45011,0,8681,2452,29637,944,39149,2452,68786,California
Imperial,2021-04-17,1818,101120,934,46544,882,45893,2,8683,1430,30687,383,39532,1433,70219,California
Imperial,2021-04-18,250,101370,69,46613,181,46074,0,8683,90,30618,159,39691,90,70309,California
Imperial,2021-04-19,834,102204,266,46879,568,46642,0,8683,490,30770,342,40033,494,70803,California
Imperial,2021-04-20,1321,103525,525,47404,796,47438,0,8683,776,31006,541,40574,777,71580,California
Imperial,2021-04-21,1369,104894,338,47742,1031,48469,0,8683,826,31293,539,41113,826,72406,California
Imperial,2021-04-22,2200,107094,805,48547,1395,49864,0,8683,1542,32188,649,41762,1544,73950,California
Imperial,2021-04-23,2773,109867,528,49075,2245,52109,0,8683,1963,33370,785,42547,1967,75917,California
Imperial,2021-04-24,547,110414,324,49399,223,52332,0,8683,215,33255,330,42877,215,76132,California
Imperial,2021-04-25,264,110678,97,49496,167,52499,0,8683,135,33262,128,43005,135,76267,California
Imperial,2021-04-26,1131,111809,460,49956,668,53167,3,8686,685,33508,442,43447,688,76955,California
Imperial,2021-04-27,1027,112836,339,50295,679,53846,9,8695,524,33542,499,43946,533,77488,California
Imperial,2021-04-28,1476,114312,636,50931,811,54657,29,8724,672,33443,800,44746,701,78189,California
Imperial,2021-04-29,1791,116103,852,51783,893,55550,46,8770,821,33349,962,45708,868,79057,California
Imperial,2021-04-30,3179,119282,1647,53430,1499,57049,33,8803,1584,33385,1582,47290,1618,80675,California
Imperial,2021-05-01,311,119593,123,53553,185,57234,3,8806,158,33394,153,47443,162,80837,California
Imperial,2021-05-02,83,119676,25,53578,56,57290,2,8808,51,33416,32,47475,54,80891,California
Imperial,2021-05-03,1615,121291,543,54121,1025,58315,47,8855,369,32596,1237,48712,417,81308,California
Imperial,2021-05-04,1734,123025,953,55074,755,59070,26,8881,536,31967,1191,49903,562,81870,California
Imperial,2021-05-05,1504,124529,891,55965,592,59662,21,8902,443,31382,1050,50953,465,82335,California
Imperial,2021-05-06,1660,126189,1110,57075,516,60178,34,8936,531,30824,1123,52076,565,82900,California
Imperial,2021-05-07,2104,128293,1225,58300,834,61012,45,8981,792,30364,1299,53375,839,83739,California
Imperial,2021-05-08,503,128796,369,58669,126,61138,8,8989,157,30191,338,53713,165,83904,California
Imperial,2021-05-09,93,128889,62,58731,30,61168,1,8990,28,30158,62,53775,29,83933,California
Imperial,2021-05-10,639,129528,219,58950,298,61466,122,9112,224,30092,411,54186,345,84278,California
Imperial,2021-05-11,1249,130777,439,59389,791,62257,19,9131,439,29749,804,54990,461,84739,California
Imperial,2021-05-12,696,131473,260,59649,397,62654,39,9170,258,29613,433,55423,297,85036,California
Imperial,2021-05-13,1384,132857,913,60562,399,63053,72,9242,612,29533,764,56187,684,85720,California
Imperial,2021-05-14,1320,134177,777,61339,502,63555,41,9283,913,30083,404,56591,954,86674,California
Imperial,2021-05-15,1136,135313,428,61767,688,64243,20,9303,426,29826,703,57294,446,87120,California
Imperial,2021-05-16,122,135435,85,61852,35,64278,2,9305,52,29811,69,57363,54,87174,California
Imperial,2021-05-17,1340,136775,534,62386,782,65060,24,9329,486,29472,850,58213,511,87685,California
Imperial,2021-05-18,1081,137856,602,62988,430,65490,49,9378,634,29710,446,58659,684,88369,California
Imperial,2021-05-19,1074,138930,500,63488,514,66004,60,9438,482,29664,588,59247,542,88911,California
Imperial,2021-05-20,588,139518,453,63941,97,66101,38,9476,265,29647,321,59568,304,89215,California
Inyo,2020-12-19,85,85,85,85,0,0,0,0,85,85,0,0,85,85,California
Inyo,2020-12-20,58,143,58,143,0,0,0,0,58,143,0,0,58,143,California
Inyo,2020-12-21,88,231,85,228,3,3,0,0,88,231,0,0,88,231,California
Inyo,2020-12-22,105,336,105,333,0,3,0,0,105,336,0,0,105,336,California
Inyo,2020-12-23,70,406,67,400,3,6,0,0,70,406,0,0,70,406,California
Inyo,2020-12-24,16,422,16,416,0,6,0,0,16,422,0,0,16,422,California
Inyo,2020-12-25,1,423,0,416,1,7,0,0,1,423,0,0,1,423,California
Inyo,2020-12-26,74,497,74,490,0,7,0,0,74,497,0,0,74,497,California
Inyo,2020-12-28,48,545,36,526,12,19,0,0,48,545,0,0,48,545,California
Inyo,2020-12-29,19,564,19,545,0,19,0,0,19,564,0,0,19,564,California
Inyo,2020-12-30,56,620,54,599,2,21,0,0,56,620,0,0,56,620,California
Inyo,2020-12-31,29,649,0,599,29,50,0,0,29,649,0,0,29,649,California
Inyo,2021-01-01,1,650,0,599,1,51,0,0,1,650,0,0,1,650,California
Inyo,2021-01-03,1,651,0,599,1,52,0,0,1,651,0,0,1,651,California
Inyo,2021-01-04,2,653,1,600,1,53,0,0,2,653,0,0,2,653,California
Inyo,2021-01-05,34,687,0,600,34,87,0,0,34,687,0,0,34,687,California
Inyo,2021-01-06,68,755,0,600,68,155,0,0,68,755,0,0,68,755,California
Inyo,2021-01-07,31,786,1,601,30,185,0,0,31,786,0,0,31,786,California
Inyo,2021-01-08,9,795,8,609,1,186,0,0,4,786,5,5,5,791,California
Inyo,2021-01-09,87,882,86,695,1,187,0,0,1,701,86,91,1,792,California
Inyo,2021-01-10,52,934,52,747,0,187,0,0,0,649,52,143,0,792,California
Inyo,2021-01-11,97,1031,82,829,15,202,0,0,16,584,81,224,16,808,California
Inyo,2021-01-12,139,1170,118,947,21,223,0,0,28,501,111,335,28,836,California
Inyo,2021-01-13,86,1256,68,1015,18,241,0,0,21,458,65,400,22,858,California
Inyo,2021-01-14,59,1315,13,1028,46,287,0,0,49,497,10,410,49,907,California
Inyo,2021-01-15,163,1478,28,1056,135,422,0,0,163,660,0,410,163,1070,California
Inyo,2021-01-16,74,1552,73,1129,1,423,0,0,1,588,73,483,1,1071,California
Inyo,2021-01-18,58,1610,36,1165,22,445,0,0,19,568,39,522,19,1090,California
Inyo,2021-01-19,114,1724,72,1237,42,487,0,0,97,648,17,539,97,1187,California
Inyo,2021-01-20,147,1871,71,1308,76,563,0,0,93,687,54,593,93,1280,California
Inyo,2021-01-21,121,1992,57,1365,64,627,0,0,120,806,1,594,120,1400,California
Inyo,2021-01-22,62,2054,0,1365,62,689,0,0,61,866,1,595,61,1461,California
Inyo,2021-01-23,52,2106,52,1417,0,689,0,0,52,918,0,595,52,1513,California
Inyo,2021-01-25,49,2155,6,1423,43,732,0,0,37,943,12,607,37,1550,California
Inyo,2021-01-26,135,2290,54,1477,81,813,0,0,129,1066,6,613,129,1679,California
Inyo,2021-01-27,24,2314,2,1479,22,835,0,0,23,1088,1,614,23,1702,California
Inyo,2021-01-28,92,2406,2,1481,90,925,0,0,63,1122,29,643,63,1765,California
Inyo,2021-01-29,25,2431,3,1484,22,947,0,0,23,1143,2,645,23,1788,California
Inyo,2021-01-30,11,2442,1,1485,10,957,0,0,11,1154,0,645,11,1799,California
Inyo,2021-01-31,32,2474,4,1489,28,985,0,0,4,1130,28,673,4,1803,California
Inyo,2021-02-01,10,2484,9,1498,1,986,0,0,0,1120,10,683,0,1803,California
Inyo,2021-02-02,130,2614,14,1512,116,1102,0,0,104,1198,26,709,104,1907,California
Inyo,2021-02-03,116,2730,0,1512,116,1218,0,0,74,1230,42,751,74,1981,California
Inyo,2021-02-04,149,2879,31,1543,118,1336,0,0,90,1261,59,810,90,2071,California
Inyo,2021-02-05,117,2996,61,1604,56,1392,0,0,115,1374,2,812,115,2186,California
Inyo,2021-02-06,4,3000,2,1606,2,1394,0,0,3,1376,1,813,3,2189,California
Inyo,2021-02-07,4,3004,2,1608,2,1396,0,0,4,1380,0,813,4,2193,California
Inyo,2021-02-08,117,3121,7,1615,110,1506,0,0,97,1457,20,833,97,2290,California
Inyo,2021-02-09,196,3317,52,1667,144,1650,0,0,125,1511,71,904,125,2415,California
Inyo,2021-02-10,143,3460,18,1685,125,1775,0,0,109,1586,34,938,109,2524,California
Inyo,2021-02-11,220,3680,56,1741,164,1939,0,0,126,1618,94,1032,126,2650,California
Inyo,2021-02-12,299,3979,51,1792,248,2187,0,0,167,1653,132,1164,167,2817,California
Inyo,2021-02-13,60,4039,55,1847,5,2192,0,0,8,1609,52,1216,8,2825,California
Inyo,2021-02-14,1,4040,0,1847,1,2193,0,0,1,1610,0,1216,1,2826,California
Inyo,2021-02-15,29,4069,9,1856,20,2213,0,0,5,1591,24,1240,5,2831,California
Inyo,2021-02-16,179,4248,50,1906,129,2342,0,0,92,1597,86,1326,92,2923,California
Inyo,2021-02-17,38,4286,4,1910,34,2376,0,0,8,1575,30,1356,8,2931,California
Inyo,2021-02-18,123,4409,6,1916,117,2493,0,0,79,1610,44,1400,79,3010,California
Inyo,2021-02-19,52,4461,4,1920,48,2541,0,0,9,1576,43,1443,9,3019,California
Inyo,2021-02-20,506,4967,502,2422,4,2545,0,0,504,2078,2,1445,504,3523,California
Inyo,2021-02-21,438,5405,438,2860,0,2545,0,0,438,2516,0,1445,438,3961,California
Inyo,2021-02-22,61,5466,19,2879,42,2587,0,0,27,2509,34,1479,27,3988,California
Inyo,2021-02-23,199,5665,20,2899,179,2766,0,0,95,2501,103,1582,95,4083,California
Inyo,2021-02-24,118,5783,0,2899,118,2884,0,0,57,2497,61,1643,57,4140,California
Inyo,2021-02-25,130,5913,3,2902,127,3011,0,0,62,2491,68,1711,62,4202,California
Inyo,2021-02-26,103,6016,60,2962,43,3054,0,0,19,2426,84,1795,19,4221,California
Inyo,2021-02-27,15,6031,4,2966,11,3065,0,0,3,2417,12,1807,3,4224,California
Inyo,2021-02-28,3,6034,1,2967,2,3067,0,0,2,2418,1,1808,2,4226,California
Inyo,2021-03-01,19,6053,2,2969,17,3084,0,0,17,2433,2,1810,17,4243,California
Inyo,2021-03-02,196,6249,1,2970,195,3279,0,0,111,2459,85,1895,111,4354,California
Inyo,2021-03-03,85,6334,4,2974,81,3360,0,0,41,2456,44,1939,41,4395,California
Inyo,2021-03-04,128,6462,4,2978,124,3484,0,0,46,2420,82,2021,46,4441,California
Inyo,2021-03-05,141,6603,56,3034,85,3569,0,0,38,2355,103,2124,38,4479,California
Inyo,2021-03-06,31,6634,1,3035,30,3599,0,0,30,2384,1,2125,30,4509,California
Inyo,2021-03-07,7,6641,4,3039,3,3602,0,0,5,2387,2,2127,5,4514,California
Inyo,2021-03-08,182,6823,5,3044,177,3779,0,0,91,2387,91,2218,91,4605,California
Inyo,2021-03-09,191,7014,3,3047,188,3967,0,0,74,2344,117,2335,74,4679,California
Inyo,2021-03-10,70,7084,8,3055,61,4028,1,1,30,2335,40,2375,31,4710,California
Inyo,2021-03-11,204,7288,1,3056,198,4226,5,6,74,2284,130,2505,79,4789,California
Inyo,2021-03-12,175,7463,4,3060,166,4392,5,11,77,2268,98,2603,82,4871,California
Inyo,2021-03-13,583,8046,548,3608,25,4417,10,21,72,1840,510,3113,82,4953,California
Inyo,2021-03-14,439,8485,438,4046,1,4418,0,21,7,1416,431,3544,7,4960,California
Inyo,2021-03-15,51,8536,15,4061,34,4452,2,23,30,1427,21,3565,32,4992,California
Inyo,2021-03-16,163,8699,4,4065,153,4605,6,29,63,1397,99,3664,69,5061,California
Inyo,2021-03-17,108,8807,3,4068,98,4703,7,36,92,1480,16,3680,99,5160,California
Inyo,2021-03-18,185,8992,16,4084,162,4865,7,43,104,1510,81,3761,111,5271,California
Inyo,2021-03-19,46,9038,4,4088,38,4903,4,47,36,1540,10,3771,40,5311,California
Inyo,2021-03-20,20,9058,1,4089,10,4913,9,56,1,1531,19,3790,10,5321,California
Inyo,2021-03-22,59,9117,2,4091,52,4965,5,61,39,1555,20,3810,44,5365,California
Inyo,2021-03-23,194,9311,4,4095,186,5151,4,65,104,1573,90,3900,108,5473,California
Inyo,2021-03-24,140,9451,3,4098,133,5284,4,69,86,1609,54,3954,90,5563,California
Inyo,2021-03-25,325,9776,104,4202,217,5501,4,73,258,1804,67,4021,262,5825,California
Inyo,2021-03-26,91,9867,3,4205,84,5585,4,77,71,1859,20,4041,75,5900,California
Inyo,2021-03-27,52,9919,44,4249,5,5590,3,80,46,1902,6,4047,49,5949,California
Inyo,2021-03-28,4,9923,1,4250,2,5592,1,81,1,1901,3,4050,2,5951,California
Inyo,2021-03-29,109,10032,2,4252,102,5694,5,86,82,1962,26,4076,87,6038,California
Inyo,2021-03-30,215,10247,2,4254,208,5902,5,91,103,1958,112,4188,108,6146,California
Inyo,2021-03-31,149,10396,4,4258,140,6042,5,96,108,2030,41,4229,113,6259,California
Inyo,2021-04-01,164,10560,4,4262,159,6201,1,97,115,2097,49,4278,116,6375,California
Inyo,2021-04-02,80,10640,1,4263,77,6278,2,99,51,2121,29,4307,53,6428,California
Inyo,2021-04-03,94,10734,47,4310,33,6311,14,113,5,2052,87,4394,18,6446,California
Inyo,2021-04-04,5,10739,4,4314,0,6311,1,114,1,2050,4,4398,2,6448,California
Inyo,2021-04-05,117,10856,1,4315,112,6423,4,118,29,1995,88,4486,33,6481,California
Inyo,2021-04-06,236,11092,6,4321,167,6590,63,181,104,2030,132,4618,167,6648,California
Inyo,2021-04-07,202,11294,2,4323,73,6663,127,308,46,2046,157,4775,173,6821,California
Inyo,2021-04-08,179,11473,15,4338,147,6810,17,325,80,2044,99,4874,97,6918,California
Inyo,2021-04-09,125,11598,7,4345,95,6905,23,348,38,2019,86,4960,61,6979,California
Inyo,2021-04-10,42,11640,1,4346,24,6929,17,365,3,2000,39,4999,20,6999,California
Inyo,2021-04-11,1,11641,0,4346,1,6930,0,365,1,2001,0,4999,1,7000,California
Inyo,2021-04-12,80,11721,0,4346,75,7005,5,370,41,2008,39,5038,46,7046,California
Inyo,2021-04-13,120,11841,4,4350,113,7118,3,373,62,2016,57,5095,65,7111,California
Inyo,2021-04-14,127,11968,2,4352,125,7243,0,373,42,1973,85,5180,42,7153,California
Inyo,2021-04-15,273,12241,115,4467,158,7401,0,373,83,1866,190,5370,83,7236,California
Inyo,2021-04-16,49,12290,6,4473,43,7444,0,373,21,1859,28,5398,21,7257,California
Inyo,2021-04-17,2,12292,1,4474,1,7445,0,373,1,1859,1,5399,1,7258,California
Inyo,2021-04-19,130,12422,43,4517,87,7532,0,373,44,1817,86,5485,44,7302,California
Inyo,2021-04-20,164,12586,3,4520,161,7693,0,373,81,1815,83,5568,81,7383,California
Inyo,2021-04-21,113,12699,4,4524,109,7802,0,373,32,1766,81,5649,32,7415,California
Inyo,2021-04-22,196,12895,1,4525,195,7997,0,373,52,1674,144,5793,52,7467,California
Inyo,2021-04-23,95,12990,4,4529,91,8088,0,373,22,1623,73,5866,22,7489,California
Inyo,2021-04-24,310,13300,309,4838,1,8089,0,373,305,1923,5,5871,305,7794,California
Inyo,2021-04-25,136,13436,135,4973,1,8090,0,373,136,2059,0,5871,136,7930,California
Inyo,2021-04-26,91,13527,0,4973,90,8180,1,374,10,1989,81,5952,11,7941,California
Inyo,2021-04-27,181,13708,7,4980,169,8349,5,379,49,1911,132,6084,54,7995,California
Inyo,2021-04-28,121,13829,2,4982,117,8466,2,381,20,1832,101,6185,22,8017,California
Inyo,2021-04-29,172,14001,56,5038,116,8582,0,381,79,1819,92,6277,79,8096,California
Inyo,2021-04-30,85,14086,5,5043,79,8661,1,382,24,1783,61,6338,25,8121,California
Inyo,2021-05-01,11,14097,3,5046,8,8669,0,382,9,1790,2,6340,9,8130,California
Inyo,2021-05-02,7,14104,3,5049,2,8671,2,384,4,1793,3,6343,6,8136,California
Inyo,2021-05-03,38,14142,1,5050,33,8704,4,388,5,1769,33,6376,9,8145,California
Inyo,2021-05-04,123,14265,2,5052,117,8821,4,392,22,1694,101,6477,26,8171,California
Inyo,2021-05-05,35,14300,0,5052,33,8854,2,394,11,1683,24,6501,13,8184,California
Inyo,2021-05-06,93,14393,5,5057,80,8934,8,402,13,1624,80,6581,21,8205,California
Inyo,2021-05-07,48,14441,4,5061,36,8970,8,410,24,1633,23,6604,32,8237,California
Inyo,2021-05-08,11,14452,2,5063,4,8974,5,415,4,1635,7,6611,9,8246,California
Inyo,2021-05-09,1,14453,0,5063,1,8975,0,415,0,1634,1,6612,0,8246,California
Inyo,2021-05-10,69,14522,1,5064,66,9041,2,417,30,1628,39,6651,33,8279,California
Inyo,2021-05-11,87,14609,1,5065,83,9124,3,420,20,1584,67,6718,23,8302,California
Inyo,2021-05-12,45,14654,2,5067,41,9165,2,422,11,1564,33,6751,13,8315,California
Inyo,2021-05-13,74,14728,1,5068,72,9237,1,423,11,1514,62,6813,12,8327,California
Inyo,2021-05-14,27,14755,3,5071,19,9256,5,428,13,1518,14,6827,18,8345,California
Inyo,2021-05-15,381,15136,367,5438,11,9267,3,431,86,1312,295,7122,89,8434,California
Inyo,2021-05-16,197,15333,196,5634,0,9267,1,432,69,1254,128,7250,70,8504,California
Inyo,2021-05-17,67,15400,4,5638,58,9325,5,437,21,1234,46,7296,26,8530,California
Inyo,2021-05-18,83,15483,5,5643,77,9402,1,438,18,1188,65,7361,19,8549,California
Inyo,2021-05-19,49,15532,4,5647,40,9442,5,443,15,1174,34,7395,20,8569,California
Inyo,2021-05-20,86,15618,49,5696,36,9478,1,444,19,1127,67,7462,20,8589,California
Kern,2020-12-15,1,1,1,1,0,0,0,0,1,1,0,0,1,1,California
Kern,2020-12-16,18,19,18,19,0,0,0,0,18,19,0,0,18,19,California
Kern,2020-12-17,164,183,164,183,0,0,0,0,164,183,0,0,164,183,California
Kern,2020-12-18,322,505,322,505,0,0,0,0,322,505,0,0,322,505,California
Kern,2020-12-19,98,603,98,603,0,0,0,0,99,604,0,0,99,604,California
Kern,2020-12-20,61,664,61,664,0,0,0,0,61,665,0,0,61,665,California
Kern,2020-12-21,671,1335,670,1334,1,1,0,0,671,1336,0,0,671,1336,California
Kern,2020-12-22,530,1865,527,1861,3,4,0,0,530,1866,0,0,530,1866,California
Kern,2020-12-23,555,2420,417,2278,138,142,0,0,555,2421,0,0,555,2421,California
Kern,2020-12-24,122,2542,43,2321,79,221,0,0,122,2543,0,0,122,2543,California
Kern,2020-12-25,1,2543,1,2322,0,221,0,0,1,2544,0,0,1,2544,California
Kern,2020-12-26,33,2576,1,2323,32,253,0,0,33,2577,0,0,33,2577,California
Kern,2020-12-27,35,2611,3,2326,32,285,0,0,35,2612,0,0,35,2612,California
Kern,2020-12-28,827,3438,663,2989,164,449,0,0,827,3439,0,0,827,3439,California
Kern,2020-12-29,745,4183,452,3441,293,742,0,0,744,4182,1,1,744,4183,California
Kern,2020-12-30,1203,5386,910,4351,293,1035,0,0,1203,5385,0,1,1203,5386,California
Kern,2020-12-31,277,5663,99,4450,178,1213,0,0,277,5662,0,1,277,5663,California
Kern,2021-01-01,13,5676,6,4456,7,1220,0,0,13,5675,0,1,13,5676,California
Kern,2021-01-02,79,5755,18,4474,61,1281,0,0,79,5754,0,1,79,5755,California
Kern,2021-01-03,23,5778,4,4478,19,1300,0,0,23,5777,0,1,23,5778,California
Kern,2021-01-04,555,6333,361,4839,194,1494,0,0,555,6332,0,1,555,6333,California
Kern,2021-01-05,1134,7467,739,5578,395,1889,0,0,1122,7442,12,13,1122,7455,California
Kern,2021-01-06,1167,8634,455,6033,712,2601,0,0,1137,8549,30,43,1137,8592,California
Kern,2021-01-07,1406,10040,493,6526,913,3514,0,0,1238,9620,167,210,1238,9830,California
Kern,2021-01-08,1629,11669,769,7295,860,4374,0,0,1331,10653,299,509,1332,11162,California
Kern,2021-01-09,226,11895,77,7372,149,4523,0,0,192,10811,34,543,192,11354,California
Kern,2021-01-10,194,12089,148,7520,46,4569,0,0,153,10923,41,584,153,11507,California
Kern,2021-01-11,1556,13645,984,8504,572,5141,0,0,1001,11369,555,1139,1001,12508,California
Kern,2021-01-12,1868,15513,810,9314,1058,6199,0,0,1357,12215,511,1650,1357,13865,California
Kern,2021-01-13,1852,17365,869,10183,983,7182,0,0,1432,13227,420,2070,1432,15297,California
Kern,2021-01-14,2186,19551,645,10828,1541,8723,0,0,2141,15322,46,2116,2141,17438,California
Kern,2021-01-15,2709,22260,858,11686,1851,10574,0,0,2612,17840,95,2211,2613,20051,California
Kern,2021-01-16,673,22933,214,11900,459,11033,0,0,638,18443,35,2246,638,20689,California
Kern,2021-01-17,73,23006,7,11907,66,11099,0,0,71,18512,2,2248,71,20760,California
Kern,2021-01-18,1645,24651,659,12566,986,12085,0,0,1477,19821,168,2416,1477,22237,California
Kern,2021-01-19,1855,26506,1035,13601,820,12905,0,0,1388,20743,467,2883,1389,23626,California
Kern,2021-01-20,2557,29063,1622,15223,935,13840,0,0,1856,21905,696,3579,1858,25484,California
Kern,2021-01-21,2172,31235,925,16148,1247,15087,0,0,1976,23686,195,3774,1976,27460,California
Kern,2021-01-22,2713,33948,1295,17443,1418,16505,0,0,2435,25844,277,4051,2435,29895,California
Kern,2021-01-23,1244,35192,535,17978,709,17214,0,0,1198,26996,46,4097,1198,31093,California
Kern,2021-01-24,160,35352,18,17996,142,17356,0,0,154,27144,6,4103,154,31247,California
Kern,2021-01-25,2386,37738,1086,19082,1300,18656,0,0,1901,28562,484,4587,1902,33149,California
Kern,2021-01-26,2770,40508,1129,20211,1641,20297,0,0,1912,29617,857,5444,1912,35061,California
Kern,2021-01-27,3565,44073,1907,22118,1658,21955,0,0,2864,31783,698,6142,2864,37925,California
Kern,2021-01-28,2866,46939,1354,23472,1512,23467,0,0,2432,33789,429,6571,2435,40360,California
Kern,2021-01-29,3788,50727,1808,25280,1980,25447,0,0,3241,36486,544,7115,3241,43601,California
Kern,2021-01-30,1326,52053,497,25777,829,26276,0,0,1277,37716,47,7162,1277,44878,California
Kern,2021-01-31,404,52457,276,26053,128,26404,0,0,269,37850,135,7297,269,45147,California
Kern,2021-02-01,2426,54883,820,26873,1606,28010,0,0,1872,39172,551,7848,1873,47020,California
Kern,2021-02-02,2923,57806,973,27846,1950,29960,0,0,2060,40370,863,8711,2061,49081,California
Kern,2021-02-03,3664,61470,1551,29397,2113,32073,0,0,2695,42103,962,9673,2695,51776,California
Kern,2021-02-04,3804,65274,1452,30849,2352,34425,0,0,2589,43488,1204,10877,2589,54365,California
Kern,2021-02-05,4855,70129,1990,32839,2865,37290,0,0,3095,44842,1741,12618,3095,57460,California
Kern,2021-02-06,1737,71866,768,33607,969,38259,0,0,1511,46130,223,12841,1511,58971,California
Kern,2021-02-07,283,72149,151,33758,132,38391,0,0,267,46383,14,12855,267,59238,California
Kern,2021-02-08,2569,74718,790,34548,1779,40170,0,0,1258,46349,1293,14148,1259,60497,California
Kern,2021-02-09,3041,77759,988,35536,2053,42223,0,0,1467,46251,1565,15713,1467,61964,California
Kern,2021-02-10,3791,81550,1660,37196,2131,44354,0,0,1874,46225,1901,17614,1875,63839,California
Kern,2021-02-11,4268,85818,1538,38734,2730,47084,0,0,2222,46415,2033,19647,2223,66062,California
Kern,2021-02-12,4955,90773,1894,40628,3061,50145,0,0,2477,46428,2464,22111,2477,68539,California
Kern,2021-02-13,2010,92783,728,41356,1282,51427,0,0,1164,46748,844,22955,1164,69703,California
Kern,2021-02-14,351,93134,12,41368,339,51766,0,0,270,46938,80,23035,270,69973,California
Kern,2021-02-15,2743,95877,894,42262,1849,53615,0,0,1210,46624,1524,24559,1210,71183,California
Kern,2021-02-16,2944,98821,720,42982,2224,55839,0,0,1650,46992,1283,25842,1651,72834,California
Kern,2021-02-17,4070,102891,2079,45061,1991,57830,0,0,1927,46783,2137,27979,1928,74762,California
Kern,2021-02-18,3758,106649,1484,46545,2274,60104,0,0,1622,46282,2123,30102,1622,76384,California
Kern,2021-02-19,4202,110851,1917,48462,2285,62389,0,0,1741,45571,2452,32554,1741,78125,California
Kern,2021-02-20,2584,113435,967,49429,1617,64006,0,0,1354,45698,1227,33781,1354,79479,California
Kern,2021-02-21,258,113693,152,49581,106,64112,0,0,90,45622,166,33947,90,79569,California
Kern,2021-02-22,2666,116359,1150,50731,1516,65628,0,0,1429,45820,1231,35178,1429,80998,California
Kern,2021-02-23,3558,119917,1130,51861,2428,68056,0,0,1982,46229,1574,36752,1983,82981,California
Kern,2021-02-24,5195,125112,2287,54148,2908,70964,0,0,3102,47242,2089,38841,3102,86083,California
Kern,2021-02-25,5368,130480,2455,56603,2913,73877,0,0,3186,48265,2163,41004,3186,89269,California
Kern,2021-02-26,6900,137380,3530,60133,3370,77247,0,0,4355,50083,2538,43542,4356,93625,California
Kern,2021-02-27,3951,141331,1986,62119,1965,79212,0,0,2614,51368,1329,44871,2614,96239,California
Kern,2021-02-28,915,142246,503,62622,411,79623,1,1,694,51844,219,45090,695,96934,California
Kern,2021-03-01,3999,146245,1816,64438,2180,81803,3,4,2684,53225,1306,46396,2687,99621,California
Kern,2021-03-02,4462,150707,1414,65852,3047,84850,1,5,2942,54658,1509,47905,2942,102563,California
Kern,2021-03-03,5928,156635,2815,68667,3113,87963,0,5,3834,56413,2080,49985,3835,106398,California
Kern,2021-03-04,5605,162240,2205,70872,3397,91360,3,8,3607,58038,1984,51969,3609,110007,California
Kern,2021-03-05,6663,168903,2853,73725,3791,95151,19,27,4229,59860,2426,54395,4248,114255,California
Kern,2021-03-06,4734,173637,1928,75653,2705,97856,101,128,3463,62160,1263,55658,3563,117818,California
Kern,2021-03-07,2053,175690,1591,77244,412,98268,50,178,1860,63878,192,55850,1910,119728,California
Kern,2021-03-08,2881,178571,921,78165,1747,100015,213,391,1517,64248,1358,57208,1728,121456,California
Kern,2021-03-09,3706,182277,811,78976,2512,102527,383,774,2304,65538,1394,58602,2684,124140,California
Kern,2021-03-10,6126,188403,2559,81535,2496,105023,1071,1845,3592,67680,2519,61121,4661,128801,California
Kern,2021-03-11,6329,194732,2438,83973,2865,107888,1026,2871,3771,69929,2546,63667,4795,133596,California
Kern,2021-03-12,7816,202548,3062,87035,3402,111290,1352,4223,4307,72082,3496,67163,5649,139245,California
Kern,2021-03-13,4660,207208,2527,89562,1798,113088,335,4558,3240,74237,1414,68577,3569,142814,California
Kern,2021-03-14,2299,209507,1525,91087,534,113622,240,4798,1779,75734,520,69097,2017,144831,California
Kern,2021-03-15,4258,213765,1093,92180,2451,116073,714,5512,2188,76572,2058,71155,2896,147727,California
Kern,2021-03-16,4341,218106,1014,93194,2799,118872,528,6040,2335,77436,1996,73151,2860,150587,California
Kern,2021-03-17,7481,225587,4047,97241,2876,121748,558,6598,4509,79540,2961,76112,5065,155652,California
Kern,2021-03-18,7253,232840,3666,100907,3007,124755,580,7178,4394,81671,2839,78951,4970,160622,California
Kern,2021-03-19,8856,241696,4861,105768,3342,128097,653,7831,4618,82713,4224,83175,5266,165888,California
Kern,2021-03-20,5941,247637,3595,109363,2172,130269,174,8005,3725,84407,2206,85381,3900,169788,California
Kern,2021-03-21,2870,250507,1755,111118,236,130505,879,8884,1681,85783,1183,86564,2559,172347,California
Kern,2021-03-22,3956,254463,1549,112667,2050,132555,357,9241,1914,86025,2029,88593,2271,174618,California
Kern,2021-03-23,4701,259164,1654,114321,2849,135404,198,9439,2463,86475,2209,90802,2659,177277,California
Kern,2021-03-24,7004,266168,3509,117830,3022,138426,473,9912,3566,87090,3423,94225,4038,181315,California
Kern,2021-03-25,6643,272811,2889,120719,3423,141849,331,10243,3231,87255,3394,97619,3559,184874,California
Kern,2021-03-26,9604,282415,4157,124876,4191,146040,1256,11499,4607,88136,4980,102599,5861,190735,California
Kern,2021-03-27,5445,287860,3748,128624,1569,147609,128,11627,3291,89402,2152,104751,3418,194153,California
Kern,2021-03-28,4348,292208,3857,132481,477,148086,14,11641,2768,90605,1579,106330,2782,196935,California
Kern,2021-03-29,4202,296410,1635,134116,2289,150375,278,11919,2575,91840,1615,107945,2850,199785,California
Kern,2021-03-30,5539,301949,1825,135941,3330,153705,384,12303,3028,92744,2506,110451,3410,203195,California
Kern,2021-03-31,8145,310094,4293,140234,3204,156909,648,12951,4217,93695,3914,114365,4865,208060,California
Kern,2021-04-01,7654,317748,3658,143892,3698,160607,298,13249,4124,94609,3513,117878,4427,212487,California
Kern,2021-04-02,8180,325928,4213,148105,3360,163967,607,13856,4088,95228,4077,121955,4696,217183,California
Kern,2021-04-03,5726,331654,3419,151524,2124,166091,183,14039,2558,94810,3161,125116,2743,219926,California
Kern,2021-04-04,1337,332991,874,152398,379,166470,84,14123,476,94514,858,125974,562,220488,California
Kern,2021-04-05,5340,338331,2202,154600,2371,168841,767,14890,2886,95703,2443,128417,3632,224120,California
Kern,2021-04-06,7081,345412,2465,157065,3253,172094,1363,16253,3566,97136,3492,131909,4925,229045,California
Kern,2021-04-07,9319,354731,5427,162492,2933,175027,959,17212,4542,97890,4759,136668,5513,234558,California
Kern,2021-04-08,8596,363327,4759,167251,2934,177961,903,18115,3688,97591,4885,141553,4586,239144,California
Kern,2021-04-09,10140,373467,5093,172344,4063,182024,984,19099,4375,97206,5741,147294,5356,244500,California
Kern,2021-04-10,6524,379991,3425,175769,1860,183884,1239,20338,2283,96488,4233,151527,3515,248015,California
Kern,2021-04-11,3815,383806,2888,178657,356,184240,571,20909,1396,96044,2407,153934,1963,249978,California
Kern,2021-04-12,4380,388186,984,179641,2425,186665,971,21880,1576,95802,2788,156722,2546,252524,California
Kern,2021-04-13,4276,392462,1410,181051,2841,189506,25,21905,2123,95808,2143,158865,2149,254673,California
Kern,2021-04-14,6029,398491,2963,184014,3044,192550,22,21927,3049,95913,2965,161830,3070,257743,California
Kern,2021-04-15,5262,403753,2467,186481,2793,195343,2,21929,2535,95739,2711,164541,2537,260280,California
Kern,2021-04-16,7251,411004,3438,189919,3812,199155,1,21930,3074,94661,4154,168695,3076,263356,California
Kern,2021-04-17,5898,416902,3856,193775,2042,201197,0,21930,2253,93284,3631,172326,2254,265610,California
Kern,2021-04-18,3705,420607,3468,197243,237,201434,0,21930,1079,91744,2619,174945,1079,266689,California
Kern,2021-04-19,3805,424412,1726,198969,2077,203511,2,21932,1443,90845,2342,177287,1443,268132,California
Kern,2021-04-20,4322,428734,1552,200521,2769,206280,1,21933,1674,89886,2635,179922,1676,269808,California
Kern,2021-04-21,5855,434589,3125,203646,2725,209005,5,21938,2248,88552,3586,183508,2252,272060,California
Kern,2021-04-22,4782,439371,2313,205959,2469,211474,0,21938,1767,87325,2995,186503,1768,273828,California
Kern,2021-04-23,6044,445415,2936,208895,3107,214581,1,21939,2000,85318,4009,190512,2002,275830,California
Kern,2021-04-24,3933,449348,2731,211626,1192,215773,10,21949,1485,84381,2432,192944,1495,277325,California
Kern,2021-04-25,1341,450689,1063,212689,278,216051,0,21949,772,84590,563,193507,772,278097,California
Kern,2021-04-26,3775,454464,1818,214507,1905,217956,52,22001,1042,82964,2722,196229,1096,279193,California
Kern,2021-04-27,4637,459101,2278,216785,2257,220213,102,22103,1414,81266,3210,199439,1512,280705,California
Kern,2021-04-28,6245,465346,3672,220457,2449,222662,124,22227,1781,78719,4449,203888,1902,282607,California
Kern,2021-04-29,5508,470854,3062,223519,2346,225008,100,22327,1635,76602,3853,207741,1736,284343,California
Kern,2021-04-30,5588,476442,3126,226645,2303,227311,159,22486,1627,74439,3948,211689,1785,286128,California
Kern,2021-05-01,2572,479014,1800,228445,713,228024,59,22545,955,73842,1610,213299,1013,287141,California
Kern,2021-05-02,1885,480899,1601,230046,263,228287,21,22566,695,73373,1185,214484,716,287857,California
Kern,2021-05-03,2489,483388,993,231039,1364,229651,132,22698,766,72563,1709,216193,899,288756,California
Kern,2021-05-04,3608,486996,1285,232324,2214,231865,109,22807,1258,71593,2335,218528,1365,290121,California
Kern,2021-05-05,4137,491133,2133,234457,1853,233718,151,22958,1363,70346,2760,221288,1513,291634,California
Kern,2021-05-06,3528,494661,1568,236025,1817,235535,143,23101,1083,69145,2425,223713,1224,292858,California
Kern,2021-05-07,4559,499220,2285,238310,2099,237634,175,23276,1277,67340,3255,226968,1450,294308,California
Kern,2021-05-08,2883,502103,1827,240137,941,238575,115,23391,907,66399,1962,228930,1021,295329,California
Kern,2021-05-09,1299,503402,1124,241261,145,238720,30,23421,449,66035,843,229773,479,295808,California
Kern,2021-05-10,2195,505597,841,242102,1255,239975,99,23520,636,65227,1541,231314,733,296541,California
Kern,2021-05-11,2600,508197,910,243012,1566,241541,124,23644,947,64655,1644,232958,1072,297613,California
Kern,2021-05-12,3470,511667,1399,244411,1921,243462,150,23794,1097,63540,2362,235320,1247,298860,California
Kern,2021-05-13,3247,514914,1690,246101,1414,244876,143,23937,1499,63442,1737,237057,1639,300499,California
Kern,2021-05-14,4238,519152,2524,248625,1517,246393,197,24134,1965,63351,2252,239309,2161,302660,California
Kern,2021-05-15,2891,522043,1892,250517,911,247304,88,24222,1535,63629,1345,240654,1623,304283,California
Kern,2021-05-16,1544,523587,1324,251841,183,247487,37,24259,891,63910,647,241301,928,305211,California
Kern,2021-05-17,2263,525850,1001,252842,1124,248611,138,24397,1169,64137,1079,242380,1306,306517,California
Kern,2021-05-18,3085,528935,1399,254241,1556,250167,130,24527,1566,64322,1509,243889,1694,308211,California
Kern,2021-05-19,3704,532639,2331,256572,1263,251430,110,24637,1785,64309,1906,245795,1893,310104,California
Kern,2021-05-20,1540,534179,720,257292,724,252154,96,24733,608,64094,916,246711,701,310805,California
Kings,2020-12-16,1,1,1,1,0,0,0,0,1,1,0,0,1,1,California
Kings,2020-12-17,8,9,8,9,0,0,0,0,8,9,0,0,8,9,California
Kings,2020-12-18,12,21,12,21,0,0,0,0,12,21,0,0,12,21,California
Kings,2020-12-19,11,32,11,32,0,0,0,0,11,32,0,0,11,32,California
Kings,2020-12-20,13,45,13,45,0,0,0,0,13,45,0,0,13,45,California
Kings,2020-12-21,156,201,156,201,0,0,0,0,269,314,0,0,269,314,California
Kings,2020-12-22,143,344,143,344,0,0,0,0,140,454,0,0,140,454,California
Kings,2020-12-23,135,479,123,467,12,12,0,0,136,590,0,0,136,590,California
Kings,2020-12-24,11,490,9,476,2,14,0,0,11,601,0,0,11,601,California
Kings,2020-12-26,7,497,4,480,3,17,0,0,7,608,0,0,7,608,California
Kings,2020-12-27,4,501,4,484,0,17,0,0,4,612,0,0,4,612,California
Kings,2020-12-28,131,632,103,587,28,45,0,0,132,744,0,0,132,744,California
Kings,2020-12-29,78,710,51,638,27,72,0,0,79,823,0,0,79,823,California
Kings,2020-12-30,149,859,109,747,40,112,0,0,149,972,0,0,149,972,California
Kings,2020-12-31,45,904,6,753,39,151,0,0,45,1017,0,0,45,1017,California
Kings,2021-01-01,1,905,0,753,1,152,0,0,1,1018,0,0,1,1018,California
Kings,2021-01-02,10,915,9,762,1,153,0,0,10,1028,0,0,10,1028,California
Kings,2021-01-04,112,1027,42,804,70,223,0,0,112,1140,0,0,112,1140,California
Kings,2021-01-05,196,1223,39,843,157,380,0,0,196,1336,0,0,196,1336,California
Kings,2021-01-06,277,1500,178,1021,99,479,0,0,274,1607,3,3,274,1610,California
Kings,2021-01-07,179,1679,81,1102,98,577,0,0,171,1770,8,11,171,1781,California
Kings,2021-01-08,247,1926,54,1156,193,770,0,0,228,1979,19,30,228,2009,California
Kings,2021-01-09,63,1989,9,1165,54,824,0,0,55,2026,8,38,55,2064,California
Kings,2021-01-10,15,2004,3,1168,12,836,0,0,12,2035,3,41,12,2076,California
Kings,2021-01-11,518,2522,354,1522,164,1000,0,0,276,2070,242,283,277,2353,California
Kings,2021-01-12,350,2872,253,1775,97,1097,0,0,216,2155,131,414,216,2569,California
Kings,2021-01-13,416,3288,270,2045,146,1243,0,0,324,2387,92,506,324,2893,California
Kings,2021-01-14,210,3498,32,2077,178,1421,0,0,200,2567,21,527,201,3094,California
Kings,2021-01-15,418,3916,30,2107,388,1809,0,0,406,2961,12,539,406,3500,California
Kings,2021-01-16,31,3947,12,2119,19,1828,0,0,30,2990,1,540,30,3530,California
Kings,2021-01-17,9,3956,6,2125,3,1831,0,0,7,2995,2,542,7,3537,California
Kings,2021-01-18,172,4128,40,2165,132,1963,0,0,146,3115,26,568,146,3683,California
Kings,2021-01-19,378,4506,159,2324,219,2182,0,0,249,3235,129,697,249,3932,California
Kings,2021-01-20,237,4743,146,2470,91,2273,0,0,127,3257,105,802,127,4059,California
Kings,2021-01-21,190,4933,35,2505,155,2428,0,0,174,3413,18,820,174,4233,California
Kings,2021-01-22,126,5059,40,2545,86,2514,0,0,126,3534,5,825,126,4359,California
Kings,2021-01-23,26,5085,14,2559,12,2526,0,0,20,3548,6,831,20,4379,California
Kings,2021-01-24,4,5089,4,2563,0,2526,0,0,2,3548,2,833,2,4381,California
Kings,2021-01-25,124,5213,26,2589,98,2624,0,0,90,3604,34,867,90,4471,California
Kings,2021-01-26,154,5367,35,2624,119,2743,0,0,115,3680,39,906,115,4586,California
Kings,2021-01-27,319,5686,34,2658,285,3028,0,0,248,3858,70,976,248,4834,California
Kings,2021-01-28,326,6012,46,2704,280,3308,0,0,271,4074,55,1031,271,5105,California
Kings,2021-01-29,86,6098,26,2730,60,3368,0,0,69,4126,17,1048,69,5174,California
Kings,2021-01-30,1556,7654,31,2761,1525,4893,0,0,1553,5678,3,1051,1555,6729,California
Kings,2021-02-01,199,7853,64,2825,135,5028,0,0,72,5625,125,1176,72,6801,California
Kings,2021-02-02,232,8085,14,2839,218,5246,0,0,82,5558,149,1325,82,6883,California
Kings,2021-02-03,357,8442,191,3030,166,5412,0,0,201,5604,155,1480,201,7084,California
Kings,2021-02-04,397,8839,99,3129,298,5710,0,0,199,5606,197,1677,199,7283,California
Kings,2021-02-05,259,9098,15,3144,244,5954,0,0,101,5551,156,1833,101,7384,California
Kings,2021-02-06,61,9159,10,3154,51,6005,0,0,28,5546,33,1866,28,7412,California
Kings,2021-02-07,5,9164,3,3157,2,6007,0,0,3,5547,2,1868,3,7415,California
Kings,2021-02-08,172,9336,29,3186,143,6150,0,0,68,5511,104,1972,68,7483,California
Kings,2021-02-09,254,9590,57,3243,197,6347,0,0,110,5479,142,2114,110,7593,California
Kings,2021-02-10,286,9876,113,3356,173,6520,0,0,169,5531,117,2231,169,7762,California
Kings,2021-02-11,432,10308,65,3421,367,6887,0,0,316,5732,115,2346,316,8078,California
Kings,2021-02-12,623,10931,36,3457,587,7474,0,0,347,5804,275,2621,347,8425,California
Kings,2021-02-13,104,11035,6,3463,98,7572,0,0,78,5856,26,2647,78,8503,California
Kings,2021-02-14,102,11137,4,3467,98,7670,0,0,94,5942,8,2655,94,8597,California
Kings,2021-02-15,246,11383,5,3472,241,7911,0,0,137,5971,108,2763,137,8734,California
Kings,2021-02-16,486,11869,33,3505,453,8364,0,0,251,5988,234,2997,251,8985,California
Kings,2021-02-17,380,12249,23,3528,357,8721,0,0,243,6095,137,3134,244,9229,California
Kings,2021-02-18,155,12404,23,3551,132,8853,0,0,98,6136,57,3191,98,9327,California
Kings,2021-02-19,159,12563,24,3575,135,8988,0,0,103,6186,53,3244,103,9430,California
Kings,2021-02-20,171,12734,40,3615,131,9119,0,0,134,6283,37,3281,134,9564,California
Kings,2021-02-21,3,12737,2,3617,1,9120,0,0,3,6286,0,3281,3,9567,California
Kings,2021-02-22,110,12847,19,3636,91,9211,0,0,51,6278,59,3340,51,9618,California
Kings,2021-02-23,297,13144,70,3706,227,9438,0,0,180,6341,117,3457,180,9798,California
Kings,2021-02-24,597,13741,154,3860,443,9881,0,0,385,6514,212,3669,385,10183,California
Kings,2021-02-25,685,14426,132,3992,553,10434,0,0,467,6765,216,3885,467,10650,California
Kings,2021-02-26,668,15094,137,4129,531,10965,0,0,606,7309,62,3947,606,11256,California
Kings,2021-02-27,1516,16610,65,4194,1451,12416,0,0,580,6954,935,4882,580,11836,California
Kings,2021-02-28,1171,17781,597,4791,574,12990,0,0,674,7134,494,5376,674,12510,California
Kings,2021-03-01,261,18042,80,4871,181,13171,0,0,216,7305,45,5421,216,12726,California
Kings,2021-03-02,508,18550,242,5113,266,13437,0,0,458,7714,50,5471,459,13185,California
Kings,2021-03-03,640,19190,314,5427,326,13763,0,0,449,7974,189,5660,449,13634,California
Kings,2021-03-04,729,19919,353,5780,376,14139,0,0,633,8512,96,5756,634,14268,California
Kings,2021-03-05,1079,20998,368,6148,702,14841,9,9,962,9367,117,5873,972,15240,California
Kings,2021-03-06,514,21512,186,6334,315,15156,13,22,484,9834,30,5903,497,15737,California
Kings,2021-03-07,366,21878,224,6558,138,15294,4,26,358,10188,8,5911,362,16099,California
Kings,2021-03-08,370,22248,96,6654,221,15515,53,79,262,10394,108,6019,314,16413,California
Kings,2021-03-09,551,22799,252,6906,244,15759,55,134,443,10786,107,6126,499,16912,California
Kings,2021-03-10,573,23372,128,7034,354,16113,91,225,388,11080,184,6310,478,17390,California
Kings,2021-03-11,1032,24404,306,7340,616,16729,110,335,626,11412,404,6714,736,18126,California
Kings,2021-03-12,1372,25776,444,7784,834,17563,94,429,970,12078,400,7114,1066,19192,California
Kings,2021-03-13,682,26458,333,8117,305,17868,44,473,556,12553,126,7240,601,19793,California
Kings,2021-03-14,671,27129,101,8218,184,18052,386,859,200,12668,471,7711,586,20379,California
Kings,2021-03-15,703,27832,266,8484,322,18374,115,974,466,13015,236,7947,583,20962,California
Kings,2021-03-16,1055,28887,445,8929,549,18923,61,1035,718,13457,337,8284,779,21741,California
Kings,2021-03-17,1097,29984,417,9346,619,19542,61,1096,778,13984,319,8603,846,22587,California
Kings,2021-03-18,1122,31106,473,9819,426,19968,223,1319,772,14633,349,8952,998,23585,California
Kings,2021-03-19,960,32066,468,10287,407,20375,85,1404,734,15240,225,9177,832,24417,California
Kings,2021-03-20,624,32690,255,10542,338,20713,31,1435,449,15554,173,9350,487,24904,California
Kings,2021-03-21,1401,34091,1086,11628,304,21017,11,1446,847,15858,554,9904,858,25762,California
Kings,2021-03-22,450,34541,203,11831,164,21181,83,1529,276,16047,174,10078,363,26125,California
Kings,2021-03-23,899,35440,493,12324,343,21524,63,1592,546,16308,351,10429,612,26737,California
Kings,2021-03-24,936,36376,482,12806,431,21955,23,1615,503,16404,432,10861,528,27265,California
Kings,2021-03-25,896,37272,446,13252,424,22379,26,1641,436,16409,458,11319,463,27728,California
Kings,2021-03-26,1282,38554,374,13626,823,23202,85,1726,513,16242,764,12083,597,28325,California
Kings,2021-03-27,616,39170,245,13871,359,23561,12,1738,154,15948,460,12543,166,28491,California
Kings,2021-03-28,549,39719,478,14349,64,23625,7,1745,342,16098,207,12750,357,28848,California
Kings,2021-03-29,459,40178,202,14551,196,23821,61,1806,251,16203,206,12956,311,29159,California
Kings,2021-03-30,842,41020,463,15014,341,24162,38,1844,410,16220,431,13387,448,29607,California
Kings,2021-03-31,754,41774,375,15389,313,24475,66,1910,418,16376,328,13715,484,30091,California
Kings,2021-04-01,760,42534,380,15769,297,24772,83,1993,344,16393,410,14125,427,30518,California
Kings,2021-04-02,985,43519,430,16199,433,25205,122,2115,389,16312,591,14716,510,31028,California
Kings,2021-04-03,477,43996,331,16530,137,25342,9,2124,160,16171,311,15027,170,31198,California
Kings,2021-04-04,156,44152,82,16612,68,25410,6,2130,42,16106,113,15140,48,31246,California
Kings,2021-04-05,1052,45204,325,16937,475,25885,252,2382,234,15777,817,15957,488,31734,California
Kings,2021-04-06,1196,46400,449,17386,437,26322,310,2692,278,15450,915,16872,588,32322,California
Kings,2021-04-07,1342,47742,643,18029,514,26836,185,2877,351,14999,988,17860,537,32859,California
Kings,2021-04-08,1590,49332,626,18655,713,27549,251,3128,354,14375,1229,19089,605,33464,California
Kings,2021-04-09,1144,50476,538,19193,429,27978,177,3305,231,13869,911,20000,405,33869,California
Kings,2021-04-10,589,51065,327,19520,160,28138,102,3407,168,13720,419,20419,270,34139,California
Kings,2021-04-11,352,51417,74,19594,272,28410,6,3413,196,13767,155,20574,202,34341,California
Kings,2021-04-12,698,52115,311,19905,187,28597,200,3613,191,13652,506,21080,391,34732,California
Kings,2021-04-13,896,53011,508,20413,388,28985,0,3613,287,13336,608,21688,292,35024,California
Kings,2021-04-14,1027,54038,569,20982,458,29443,0,3613,365,13040,662,22350,366,35390,California
Kings,2021-04-15,1049,55087,521,21503,527,29970,1,3614,456,12905,592,22942,457,35847,California
Kings,2021-04-16,767,55854,360,21863,407,30377,0,3614,257,12653,509,23451,257,36104,California
Kings,2021-04-17,458,56312,244,22107,214,30591,0,3614,201,12598,256,23707,201,36305,California
Kings,2021-04-18,560,56872,241,22348,319,30910,0,3614,76,12190,484,24191,76,36381,California
Kings,2021-04-19,527,57399,290,22638,237,31147,0,3614,288,12241,237,24428,288,36669,California
Kings,2021-04-20,736,58135,445,23083,291,31438,0,3614,248,12002,487,24915,248,36917,California
Kings,2021-04-21,639,58774,307,23390,332,31770,0,3614,223,11816,409,25324,223,37140,California
Kings,2021-04-22,550,59324,276,23666,274,32044,0,3614,201,11672,346,25670,202,37342,California
Kings,2021-04-23,664,59988,290,23956,374,32418,0,3614,330,11671,331,26001,330,37672,California
Kings,2021-04-24,246,60234,178,24134,67,32485,1,3615,122,11671,123,26124,123,37795,California
Kings,2021-04-25,195,60429,176,24310,19,32504,0,3615,159,11794,36,26160,159,37954,California
Kings,2021-04-26,297,60726,155,24465,139,32643,3,3618,186,11873,110,26270,189,38143,California
Kings,2021-04-27,404,61130,178,24643,207,32850,19,3637,170,11829,233,26503,189,38332,California
Kings,2021-04-28,509,61639,253,24896,236,33086,20,3657,265,11870,244,26747,285,38617,California
Kings,2021-04-29,285,61924,112,25008,162,33248,11,3668,133,11864,150,26897,144,38761,California
Kings,2021-04-30,367,62291,164,25172,186,33434,17,3685,153,11824,210,27107,170,38931,California
Kings,2021-05-01,229,62520,166,25338,53,33487,10,3695,74,11755,153,27260,84,39015,California
Kings,2021-05-02,168,62688,146,25484,22,33509,0,3695,126,11839,42,27302,126,39141,California
Kings,2021-05-03,470,63158,255,25739,202,33711,13,3708,122,11627,347,27649,135,39276,California
Kings,2021-05-04,510,63668,255,25994,235,33946,20,3728,158,11453,352,28001,178,39454,California
Kings,2021-05-05,540,64208,279,26273,241,34187,20,3748,136,11205,404,28405,156,39610,California
Kings,2021-05-06,536,64744,266,26539,247,34434,23,3771,122,10938,412,28817,145,39755,California
Kings,2021-05-07,367,65111,211,26750,142,34576,14,3785,148,10884,216,29033,162,39917,California
Kings,2021-05-08,229,65340,166,26916,52,34628,11,3796,74,10814,155,29188,85,40002,California
Kings,2021-05-09,193,65533,64,26980,129,34757,0,3796,40,10701,153,29341,40,40042,California
Kings,2021-05-10,334,65867,257,27237,67,34824,10,3806,115,10608,217,29558,124,40166,California
Kings,2021-05-11,371,66238,229,27466,115,34939,27,3833,117,10499,254,29812,145,40311,California
Kings,2021-05-12,374,66612,143,27609,218,35157,13,3846,161,10461,212,30024,174,40485,California
Kings,2021-05-13,368,66980,137,27746,225,35382,6,3852,150,10398,218,30242,155,40640,California
Kings,2021-05-14,460,67440,308,28054,119,35501,33,3885,233,10437,225,30467,264,40904,California
Kings,2021-05-15,344,67784,245,28299,80,35581,19,3904,190,10492,154,30621,209,41113,California
Kings,2021-05-16,242,68026,218,28517,24,35605,0,3904,78,10406,164,30785,78,41191,California
Kings,2021-05-17,406,68432,323,28840,66,35671,17,3921,223,10465,181,30966,240,41431,California
Kings,2021-05-18,380,68812,262,29102,104,35775,14,3935,218,10536,162,31128,233,41664,California
Kings,2021-05-19,562,69374,285,29387,256,36031,21,3956,231,10459,329,31457,252,41916,California
Kings,2021-05-20,170,69544,28,29415,118,36149,24,3980,55,10424,115,31572,80,41996,California
Lake,2020-12-17,4,4,4,4,0,0,0,0,4,4,0,0,4,4,California
Lake,2020-12-18,51,55,51,55,0,0,0,0,51,55,0,0,51,55,California
Lake,2020-12-19,3,58,3,58,0,0,0,0,3,58,0,0,3,58,California
Lake,2020-12-20,6,64,6,64,0,0,0,0,6,64,0,0,6,64,California
Lake,2020-12-21,86,150,86,150,0,0,0,0,86,150,0,0,86,150,California
Lake,2020-12-22,63,213,60,210,3,3,0,0,63,213,0,0,63,213,California
Lake,2020-12-23,123,336,114,324,9,12,0,0,123,336,0,0,123,336,California
Lake,2020-12-24,2,338,0,324,2,14,0,0,2,338,0,0,2,338,California
Lake,2020-12-26,2,340,2,326,0,14,0,0,2,340,0,0,2,340,California
Lake,2020-12-27,2,342,2,328,0,14,0,0,2,342,0,0,2,342,California
Lake,2020-12-28,52,394,43,371,9,23,0,0,52,394,0,0,52,394,California
Lake,2020-12-29,50,444,45,416,5,28,0,0,50,444,0,0,50,444,California
Lake,2020-12-30,125,569,118,534,7,35,0,0,125,569,0,0,125,569,California
Lake,2020-12-31,67,636,64,598,3,38,0,0,67,636,0,0,67,636,California
Lake,2021-01-01,1,637,0,598,1,39,0,0,1,637,0,0,1,637,California
Lake,2021-01-02,2,639,1,599,1,40,0,0,2,639,0,0,2,639,California
Lake,2021-01-04,87,726,21,620,66,106,0,0,87,726,0,0,87,726,California
Lake,2021-01-05,120,846,59,679,61,167,0,0,118,842,2,2,118,844,California
Lake,2021-01-06,105,951,65,744,40,207,0,0,103,943,2,4,103,947,California
Lake,2021-01-07,108,1059,85,829,23,230,0,0,99,1033,9,13,99,1046,California
Lake,2021-01-08,152,1211,124,953,28,258,0,0,100,1081,52,65,100,1146,California
Lake,2021-01-09,63,1274,61,1014,2,260,0,0,59,1136,4,69,59,1205,California
Lake,2021-01-10,3,1277,3,1017,0,260,0,0,0,1133,3,72,0,1205,California
Lake,2021-01-11,192,1469,151,1168,41,301,0,0,112,1165,80,152,112,1317,California
Lake,2021-01-12,81,1550,48,1216,33,334,0,0,57,1198,24,176,57,1374,California
Lake,2021-01-13,165,1715,112,1328,53,387,0,0,108,1249,57,233,108,1482,California
Lake,2021-01-14,147,1862,46,1374,101,488,0,0,125,1352,22,255,125,1607,California
Lake,2021-01-15,215,2077,92,1466,123,611,0,0,188,1513,27,282,188,1795,California
Lake,2021-01-16,134,2211,81,1547,53,664,0,0,132,1643,2,284,132,1927,California
Lake,2021-01-17,18,2229,6,1553,12,676,0,0,12,1649,6,290,12,1939,California
Lake,2021-01-18,246,2475,227,1780,19,695,0,0,126,1655,120,410,126,2065,California
Lake,2021-01-19,311,2786,117,1897,194,889,0,0,266,1877,45,455,267,2332,California
Lake,2021-01-20,422,3208,80,1977,342,1231,0,0,358,2172,63,518,358,2690,California
Lake,2021-01-21,433,3641,49,2026,384,1615,0,0,398,2535,35,553,398,3088,California
Lake,2021-01-22,318,3959,46,2072,272,1887,0,0,282,2781,36,589,282,3370,California
Lake,2021-01-23,122,4081,5,2077,117,2004,0,0,121,2901,1,590,121,3491,California
Lake,2021-01-24,5,4086,2,2079,3,2007,0,0,5,2906,0,590,5,3496,California
Lake,2021-01-25,257,4343,95,2174,162,2169,0,0,176,3001,81,671,176,3672,California
Lake,2021-01-26,429,4772,36,2210,393,2562,0,0,406,3384,23,694,406,4078,California
Lake,2021-01-27,359,5131,41,2251,318,2880,0,0,331,3688,28,722,332,4410,California
Lake,2021-01-28,498,5629,161,2412,337,3217,0,0,368,3926,130,852,368,4778,California
Lake,2021-01-29,637,6266,84,2496,553,3770,0,0,577,4443,60,912,577,5355,California
Lake,2021-01-30,554,6820,44,2540,510,4280,0,0,548,4985,6,918,548,5903,California
Lake,2021-01-31,14,6834,8,2548,6,4286,0,0,12,4995,2,920,12,5915,California
Lake,2021-02-01,179,7013,18,2566,161,4447,0,0,166,5148,13,933,166,6081,California
Lake,2021-02-02,564,7577,152,2718,412,4859,0,0,398,5380,166,1099,398,6479,California
Lake,2021-02-03,445,8022,33,2751,412,5271,0,0,340,5615,105,1204,340,6819,California
Lake,2021-02-04,119,8141,68,2819,51,5322,0,0,72,5640,47,1251,72,6891,California
Lake,2021-02-05,379,8520,70,2889,309,5631,0,0,288,5839,89,1340,288,7179,California
Lake,2021-02-06,276,8796,41,2930,235,5866,0,0,265,6093,11,1351,265,7444,California
Lake,2021-02-07,2,8798,1,2931,1,5867,0,0,2,6095,0,1351,2,7446,California
Lake,2021-02-08,279,9077,207,3138,72,5939,0,0,159,6134,120,1471,159,7605,California
Lake,2021-02-09,346,9423,25,3163,321,6260,0,0,302,6393,43,1514,302,7907,California
Lake,2021-02-10,352,9775,54,3217,298,6558,0,0,274,6589,78,1592,274,8181,California
Lake,2021-02-11,174,9949,18,3235,156,6714,0,0,58,6531,116,1708,58,8239,California
Lake,2021-02-12,376,10325,29,3264,347,7061,0,0,288,6733,87,1795,289,8528,California
Lake,2021-02-13,247,10572,7,3271,240,7301,0,0,236,6958,11,1806,236,8764,California
Lake,2021-02-14,20,10592,5,3276,15,7316,0,0,6,6950,14,1820,6,8770,California
Lake,2021-02-15,172,10764,13,3289,159,7475,0,0,8,6795,163,1983,8,8778,California
Lake,2021-02-16,423,11187,23,3312,400,7875,0,0,176,6724,247,2230,176,8954,California
Lake,2021-02-17,351,11538,54,3366,297,8172,0,0,70,6514,280,2510,70,9024,California
Lake,2021-02-18,457,11995,69,3435,388,8560,0,0,114,6285,343,2853,114,9138,California
Lake,2021-02-19,418,12413,25,3460,393,8953,0,0,93,6053,325,3178,93,9231,California
Lake,2021-02-20,294,12707,60,3520,234,9187,0,0,251,6262,42,3220,251,9482,California
Lake,2021-02-21,6,12713,6,3526,0,9187,0,0,0,6256,6,3226,0,9482,California
Lake,2021-02-22,142,12855,24,3550,118,9305,0,0,44,6202,98,3324,44,9526,California
Lake,2021-02-23,214,13069,14,3564,200,9505,0,0,28,6044,186,3510,28,9554,California
Lake,2021-02-24,955,14024,377,3941,578,10083,0,0,416,5922,538,4048,416,9970,California
Lake,2021-02-25,733,14757,466,4407,267,10350,0,0,473,6138,257,4305,473,10443,California
Lake,2021-02-26,995,15752,304,4711,691,11041,0,0,350,5846,642,4947,350,10793,California
Lake,2021-02-27,411,16163,98,4809,313,11354,0,0,328,6091,83,5030,328,11121,California
Lake,2021-02-28,18,16181,12,4821,6,11360,0,0,10,6093,8,5038,10,11131,California
Lake,2021-03-01,595,16776,53,4874,542,11902,0,0,442,6382,153,5191,442,11573,California
Lake,2021-03-02,745,17521,18,4892,727,12629,0,0,289,6215,456,5647,289,11862,California
Lake,2021-03-03,369,17890,195,5087,174,12803,0,0,146,6138,223,5870,146,12008,California
Lake,2021-03-04,581,18471,509,5596,72,12875,0,0,564,6685,17,5887,564,12572,California
Lake,2021-03-05,1048,19519,52,5648,996,13871,0,0,186,6013,858,6745,186,12758,California
Lake,2021-03-06,34,19553,9,5657,24,13895,1,1,21,6022,13,6758,22,12780,California
Lake,2021-03-07,7,19560,5,5662,2,13897,0,1,4,6023,3,6761,4,12784,California
Lake,2021-03-08,339,19899,267,5929,63,13960,9,10,299,6291,40,6801,308,13092,California
Lake,2021-03-09,930,20829,43,5972,870,14830,17,27,407,6193,522,7323,424,13516,California
Lake,2021-03-10,205,21034,60,6032,132,14962,13,40,136,6273,69,7392,149,13665,California
Lake,2021-03-11,583,21617,47,6079,62,15024,474,514,48,6260,535,7927,522,14187,California
Lake,2021-03-12,851,22468,202,6281,625,15649,24,538,362,6158,488,8415,386,14573,California
Lake,2021-03-13,277,22745,21,6302,20,15669,236,774,16,6149,260,8675,251,14824,California
Lake,2021-03-14,11,22756,2,6304,9,15678,0,774,7,6152,4,8679,7,14831,California
Lake,2021-03-15,642,23398,14,6318,611,16289,17,791,482,6491,160,8839,499,15330,California
Lake,2021-03-16,1113,24511,834,7152,262,16551,17,808,445,6288,664,9503,461,15791,California
Lake,2021-03-17,248,24759,121,7273,105,16656,22,830,92,6246,156,9659,114,15905,California
Lake,2021-03-18,748,25507,373,7646,338,16994,37,867,372,6279,375,10034,408,16313,California
Lake,2021-03-19,580,26087,313,7959,247,17241,20,887,473,6666,106,10140,493,16806,California
Lake,2021-03-20,248,26335,8,7967,237,17478,3,890,29,6481,217,10357,32,16838,California
Lake,2021-03-21,16,26351,11,7978,4,17482,1,891,11,6488,5,10362,12,16850,California
Lake,2021-03-22,325,26676,245,8223,66,17548,14,905,239,6655,86,10448,253,17103,California
Lake,2021-03-23,419,27095,21,8244,385,17933,13,918,353,6956,65,10513,366,17469,California
Lake,2021-03-24,414,27509,61,8305,345,18278,8,926,318,7188,95,10608,327,17796,California
Lake,2021-03-25,660,28169,469,8774,185,18463,6,932,175,6884,485,11093,181,17977,California
Lake,2021-03-26,68,28237,33,8807,34,18497,1,933,32,6881,36,11129,33,18010,California
Lake,2021-03-27,309,28546,7,8814,299,18796,3,936,17,6611,290,11419,20,18030,California
Lake,2021-03-28,17,28563,8,8822,9,18805,0,936,11,6616,6,11425,11,18041,California
Lake,2021-03-29,899,29462,268,9090,629,19434,2,938,193,6107,704,12129,195,18236,California
Lake,2021-03-30,452,29914,303,9393,147,19581,2,940,355,6368,96,12225,357,18593,California
Lake,2021-03-31,582,30496,60,9453,522,20103,0,940,407,6608,167,12392,407,19000,California
Lake,2021-04-01,424,30920,219,9672,193,20296,12,952,179,6557,242,12634,191,19191,California
Lake,2021-04-02,222,31142,41,9713,153,20449,28,980,97,6557,125,12759,125,19316,California
Lake,2021-04-03,32,31174,6,9719,23,20472,3,983,13,6554,19,12778,16,19332,California
Lake,2021-04-04,20,31194,11,9730,7,20479,2,985,15,6566,5,12783,17,19349,California
Lake,2021-04-05,638,31832,70,9800,549,21028,19,1004,399,6747,236,13019,417,19766,California
Lake,2021-04-06,477,32309,16,9816,435,21463,26,1030,304,6905,172,13191,330,20096,California
Lake,2021-04-07,518,32827,56,9872,411,21874,51,1081,350,7140,166,13357,401,20497,California
Lake,2021-04-08,597,33424,486,10358,45,21919,66,1147,100,6812,494,13851,166,20663,California
Lake,2021-04-09,281,33705,39,10397,173,22092,69,1216,48,6698,230,14081,116,20779,California
Lake,2021-04-10,251,33956,14,10411,13,22105,224,1440,9,6689,242,14323,233,21012,California
Lake,2021-04-11,22,33978,17,10428,3,22108,2,1442,7,6683,15,14338,9,21021,California
Lake,2021-04-12,1069,35047,232,10660,804,22912,33,1475,248,6144,820,15158,281,21302,California
Lake,2021-04-13,180,35227,109,10769,71,22983,0,1475,54,6072,126,15284,54,21356,California
Lake,2021-04-14,613,35840,38,10807,575,23558,0,1475,548,6556,64,15348,548,21904,California
Lake,2021-04-15,640,36480,192,10999,448,24006,0,1475,331,6578,309,15657,331,22235,California
Lake,2021-04-16,263,36743,29,11028,233,24239,1,1476,73,6463,189,15846,74,22309,California
Lake,2021-04-17,41,36784,12,11040,29,24268,0,1476,31,6484,10,15856,31,22340,California
Lake,2021-04-18,8,36792,5,11045,3,24271,0,1476,0,6476,8,15864,0,22340,California
Lake,2021-04-19,295,37087,38,11083,257,24528,0,1476,245,6671,50,15914,245,22585,California
Lake,2021-04-20,692,37779,278,11361,414,24942,0,1476,113,6207,578,16492,114,22699,California
Lake,2021-04-21,532,38311,64,11425,468,25410,0,1476,204,6083,328,16820,204,22903,California
Lake,2021-04-22,463,38774,50,11475,413,25823,0,1476,316,6253,146,16966,316,23219,California
Lake,2021-04-23,113,38887,58,11533,55,25878,0,1476,67,6274,46,17012,67,23286,California
Lake,2021-04-24,53,38940,9,11542,44,25922,0,1476,39,6299,14,17026,39,23325,California
Lake,2021-04-25,35,38975,18,11560,17,25939,0,1476,23,6310,12,17038,23,23348,California
Lake,2021-04-26,286,39261,78,11638,207,26146,1,1477,83,6191,203,17241,84,23432,California
Lake,2021-04-27,244,39505,22,11660,204,26350,18,1495,83,6131,161,17402,101,23533,California
Lake,2021-04-28,507,40012,47,11707,445,26795,15,1510,117,5874,388,17790,131,23664,California
Lake,2021-04-29,212,40224,83,11790,113,26908,16,1526,115,5908,97,17887,131,23795,California
Lake,2021-04-30,289,40513,46,11836,212,27120,31,1557,149,5948,140,18027,180,23975,California
Lake,2021-05-01,47,40560,26,11862,19,27139,2,1559,32,5967,15,18042,34,24009,California
Lake,2021-05-02,18,40578,9,11871,8,27147,1,1560,9,5968,9,18051,10,24019,California
Lake,2021-05-03,409,40987,26,11897,348,27495,35,1595,63,5721,345,18396,98,24117,California
Lake,2021-05-04,405,41392,216,12113,141,27636,48,1643,125,5615,279,18675,173,24290,California
Lake,2021-05-05,631,42023,45,12158,574,28210,12,1655,89,5176,539,19214,100,24390,California
Lake,2021-05-06,141,42164,19,12177,93,28303,29,1684,72,5207,69,19283,100,24490,California
Lake,2021-05-07,164,42328,28,12205,116,28419,20,1704,103,5271,59,19342,123,24613,California
Lake,2021-05-08,43,42371,8,12213,35,28454,0,1704,36,5300,7,19349,36,24649,California
Lake,2021-05-09,17,42388,2,12215,10,28464,5,1709,10,5308,7,19356,15,24664,California
Lake,2021-05-10,244,42632,12,12227,205,28669,27,1736,59,5210,184,19540,86,24750,California
Lake,2021-05-11,193,42825,27,12254,151,28820,15,1751,117,5267,76,19616,133,24883,California
Lake,2021-05-12,542,43367,33,12287,490,29310,19,1770,57,4857,485,20101,75,24958,California
Lake,2021-05-13,305,43672,62,12349,232,29542,11,1781,71,4707,232,20333,82,25040,California
Lake,2021-05-14,260,43932,79,12428,163,29705,18,1799,160,4787,97,20430,177,25217,California
Lake,2021-05-15,43,43975,18,12446,21,29726,4,1803,25,4798,18,20448,29,25246,California
Lake,2021-05-16,30,44005,17,12463,11,29737,2,1805,15,4800,15,20463,17,25263,California
Lake,2021-05-17,306,44311,40,12503,252,29989,14,1819,81,4673,222,20685,95,25358,California
Lake,2021-05-18,289,44600,61,12564,209,30198,19,1838,164,4731,125,20810,183,25541,California
Lake,2021-05-19,273,44873,52,12616,214,30412,7,1845,73,4612,199,21009,80,25621,California
Lake,2021-05-20,113,44986,17,12633,94,30506,2,1847,32,4565,81,21090,34,25655,California
Lassen,2020-12-16,8,8,8,8,0,0,0,0,8,8,0,0,8,8,California
Lassen,2020-12-17,6,14,6,14,0,0,0,0,6,14,0,0,6,14,California
Lassen,2020-12-18,1,15,1,15,0,0,0,0,1,15,0,0,1,15,California
Lassen,2020-12-19,5,20,5,20,0,0,0,0,5,20,0,0,5,20,California
Lassen,2020-12-20,2,22,2,22,0,0,0,0,2,22,0,0,2,22,California
Lassen,2020-12-21,11,33,11,33,0,0,0,0,11,33,0,0,11,33,California
Lassen,2020-12-22,23,56,23,56,0,0,0,0,23,56,0,0,23,56,California
Lassen,2020-12-23,6,62,6,62,0,0,0,0,6,62,0,0,6,62,California
Lassen,2020-12-24,11,73,11,73,0,0,0,0,11,73,0,0,11,73,California
Lassen,2020-12-28,3,76,2,75,1,1,0,0,3,76,0,0,3,76,California
Lassen,2020-12-29,35,111,35,110,0,1,0,0,35,111,0,0,35,111,California
Lassen,2020-12-30,36,147,35,145,1,2,0,0,36,147,0,0,36,147,California
Lassen,2020-12-31,49,196,42,187,7,9,0,0,49,196,0,0,49,196,California
Lassen,2021-01-02,1,197,0,187,1,10,0,0,1,197,0,0,1,197,California
Lassen,2021-01-04,16,213,2,189,14,24,0,0,16,213,0,0,16,213,California
Lassen,2021-01-05,194,407,53,242,141,165,0,0,194,407,0,0,194,407,California
Lassen,2021-01-06,95,502,44,286,51,216,0,0,87,487,8,8,88,495,California
Lassen,2021-01-07,43,545,7,293,36,252,0,0,37,518,6,14,37,532,California
Lassen,2021-01-08,50,595,2,295,48,300,0,0,50,568,0,14,50,582,California
Lassen,2021-01-09,12,607,6,301,6,306,0,0,12,580,0,14,12,594,California
Lassen,2021-01-11,27,634,5,306,22,328,0,0,27,607,0,14,27,621,California
Lassen,2021-01-12,49,683,29,335,20,348,0,0,30,618,19,33,30,651,California
Lassen,2021-01-13,161,844,18,353,143,491,0,0,146,749,15,48,146,797,California
Lassen,2021-01-14,163,1007,18,371,145,636,0,0,151,888,12,60,151,948,California
Lassen,2021-01-15,33,1040,6,377,27,663,0,0,33,921,0,60,33,981,California
Lassen,2021-01-16,34,1074,33,410,1,664,0,0,34,955,0,60,34,1015,California
Lassen,2021-01-17,1,1075,0,410,1,665,0,0,1,956,0,60,1,1016,California
Lassen,2021-01-18,5,1080,2,412,3,668,0,0,4,959,1,61,4,1020,California
Lassen,2021-01-19,185,1265,36,448,149,817,0,0,157,1088,28,89,157,1177,California
Lassen,2021-01-20,188,1453,100,548,88,905,0,0,105,1125,68,157,105,1282,California
Lassen,2021-01-21,145,1598,93,641,52,957,0,0,121,1228,18,175,121,1403,California
Lassen,2021-01-22,31,1629,18,659,13,970,0,0,21,1239,10,185,21,1424,California
Lassen,2021-01-23,2,1631,0,659,2,972,0,0,2,1241,0,185,2,1426,California
Lassen,2021-01-24,1,1632,0,659,1,973,0,0,1,1242,0,185,1,1427,California
Lassen,2021-01-25,12,1644,1,660,11,984,0,0,11,1252,1,186,11,1438,California
Lassen,2021-01-26,126,1770,12,672,114,1098,0,0,122,1370,4,190,122,1560,California
Lassen,2021-01-27,87,1857,35,707,52,1150,0,0,69,1421,18,208,69,1629,California
Lassen,2021-01-28,85,1942,15,722,70,1220,0,0,84,1504,1,209,84,1713,California
Lassen,2021-01-29,23,1965,7,729,16,1236,0,0,22,1525,1,210,22,1735,California
Lassen,2021-02-01,62,2027,4,733,58,1294,0,0,36,1535,26,236,36,1771,California
Lassen,2021-02-02,177,2204,12,745,165,1459,0,0,44,1446,133,369,44,1815,California
Lassen,2021-02-03,96,2300,21,766,75,1534,0,0,51,1452,45,414,51,1866,California
Lassen,2021-02-04,112,2412,15,781,97,1631,0,0,63,1466,49,463,63,1929,California
Lassen,2021-02-05,66,2478,12,793,54,1685,0,0,24,1448,42,505,24,1953,California
Lassen,2021-02-06,69,2547,34,827,35,1720,0,0,36,1452,32,537,36,1989,California
Lassen,2021-02-07,2,2549,2,829,0,1720,0,0,2,1454,0,537,2,1991,California
Lassen,2021-02-08,44,2593,4,833,40,1760,0,0,18,1446,26,563,18,2009,California
Lassen,2021-02-09,129,2722,8,841,121,1881,0,0,50,1417,79,642,50,2059,California
Lassen,2021-02-10,184,2906,21,862,163,2044,0,0,76,1385,108,750,76,2135,California
Lassen,2021-02-11,184,3090,16,878,168,2212,0,0,80,1362,103,853,80,2215,California
Lassen,2021-02-12,42,3132,11,889,31,2243,0,0,14,1348,28,881,14,2229,California
Lassen,2021-02-13,12,3144,3,892,9,2252,0,0,10,1356,2,883,10,2239,California
Lassen,2021-02-14,13,3157,0,892,13,2265,0,0,12,1367,1,884,12,2251,California
Lassen,2021-02-15,21,3178,2,894,19,2284,0,0,17,1380,4,888,17,2268,California
Lassen,2021-02-16,192,3370,4,898,188,2472,0,0,31,1252,159,1047,31,2299,California
Lassen,2021-02-17,183,3553,94,992,89,2561,0,0,10,1089,173,1220,10,2309,California
Lassen,2021-02-18,80,3633,22,1014,58,2619,0,0,20,1049,60,1280,20,2329,California
Lassen,2021-02-19,82,3715,62,1076,20,2639,0,0,18,1003,64,1344,18,2347,California
Lassen,2021-02-20,8,3723,0,1076,8,2647,0,0,6,1007,2,1346,6,2353,California
Lassen,2021-02-21,22,3745,2,1078,20,2667,0,0,18,1021,4,1350,18,2371,California
Lassen,2021-02-22,24,3769,10,1088,14,2681,0,0,6,1009,18,1368,6,2377,California
Lassen,2021-02-23,155,3924,11,1099,144,2825,0,0,43,940,112,1480,43,2420,California
Lassen,2021-02-24,165,4089,16,1115,149,2974,0,0,107,990,57,1537,107,2527,California
Lassen,2021-02-25,158,4247,21,1136,137,3111,0,0,99,1030,59,1596,99,2626,California
Lassen,2021-02-26,73,4320,16,1152,57,3168,0,0,36,1029,37,1633,36,2662,California
Lassen,2021-02-27,8,4328,7,1159,1,3169,0,0,3,1027,5,1638,3,2665,California
Lassen,2021-02-28,6,4334,1,1160,5,3174,0,0,3,1027,3,1641,3,2668,California
Lassen,2021-03-01,42,4376,4,1164,38,3212,0,0,8,1002,33,1674,8,2676,California
Lassen,2021-03-02,107,4483,8,1172,99,3311,0,0,80,1056,26,1700,80,2756,California
Lassen,2021-03-03,170,4653,12,1184,158,3469,0,0,113,1112,57,1757,113,2869,California
Lassen,2021-03-04,150,4803,17,1201,133,3602,0,0,100,1163,49,1806,100,2969,California
Lassen,2021-03-05,48,4851,7,1208,18,3620,23,23,11,1160,37,1843,34,3003,California
Lassen,2021-03-06,55,4906,4,1212,29,3649,22,45,5,1137,50,1893,27,3030,California
Lassen,2021-03-07,57,4963,2,1214,0,3649,55,100,2,1139,55,1948,57,3087,California
Lassen,2021-03-08,89,5052,2,1216,7,3656,80,180,3,1136,86,2034,83,3170,California
Lassen,2021-03-09,137,5189,11,1227,109,3765,17,197,89,1194,48,2082,106,3276,California
Lassen,2021-03-10,175,5364,10,1237,163,3928,2,199,79,1180,95,2177,81,3357,California
Lassen,2021-03-11,185,5549,16,1253,162,4090,7,206,113,1231,69,2246,120,3477,California
Lassen,2021-03-12,35,5584,18,1271,13,4103,4,210,12,1224,23,2269,16,3493,California
Lassen,2021-03-13,49,5633,0,1271,3,4106,46,256,1,1222,48,2317,46,3539,California
Lassen,2021-03-14,14,5647,2,1273,11,4117,1,257,2,1213,12,2329,3,3542,California
Lassen,2021-03-15,34,5681,3,1276,31,4148,0,257,16,1211,18,2347,16,3558,California
Lassen,2021-03-16,93,5774,2,1278,85,4233,6,263,74,1272,19,2366,80,3638,California
Lassen,2021-03-17,1083,6857,9,1287,1069,5302,5,268,1064,2322,19,2385,1069,4707,California
Lassen,2021-03-18,95,6952,9,1296,85,5387,1,269,81,2390,14,2399,82,4789,California
Lassen,2021-03-19,17,6969,11,1307,2,5389,4,273,7,2391,10,2409,11,4800,California
Lassen,2021-03-20,29,6998,3,1310,23,5412,3,276,22,2409,7,2416,25,4825,California
Lassen,2021-03-21,34,7032,0,1310,34,5446,0,276,14,2404,19,2435,14,4839,California
Lassen,2021-03-22,57,7089,1,1311,56,5502,0,276,54,2455,3,2438,54,4893,California
Lassen,2021-03-23,120,7209,11,1322,108,5610,1,277,67,2470,53,2491,68,4961,California
Lassen,2021-03-24,213,7422,13,1335,199,5809,1,278,107,2473,105,2596,108,5069,California
Lassen,2021-03-25,153,7575,22,1357,131,5940,0,278,70,2460,83,2679,70,5139,California
Lassen,2021-03-26,78,7653,13,1370,26,5966,39,317,19,2459,58,2737,57,5196,California
Lassen,2021-03-27,20,7673,4,1374,1,5967,15,332,3,2460,17,2754,18,5214,California
Lassen,2021-03-28,18,7691,3,1377,5,5972,10,342,3,2458,15,2769,13,5227,California
Lassen,2021-03-29,52,7743,0,1377,27,5999,25,367,20,2472,31,2800,45,5272,California
Lassen,2021-03-30,198,7941,10,1387,163,6162,25,392,51,2401,147,2947,76,5348,California
Lassen,2021-03-31,146,8087,12,1399,112,6274,22,414,62,2401,84,3031,84,5432,California
Lassen,2021-04-01,165,8252,15,1414,131,6405,19,433,48,2352,116,3147,67,5499,California
Lassen,2021-04-02,29,8281,4,1418,3,6408,22,455,2,2349,27,3174,24,5523,California
Lassen,2021-04-03,12,8293,0,1418,2,6410,10,465,0,2347,12,3186,10,5533,California
Lassen,2021-04-04,7,8300,2,1420,0,6410,5,470,1,2347,6,3192,6,5539,California
Lassen,2021-04-05,22,8322,4,1424,11,6421,7,477,11,2354,11,3203,18,5557,California
Lassen,2021-04-06,184,8506,9,1433,145,6566,30,507,53,2306,131,3334,83,5640,California
Lassen,2021-04-07,135,8641,6,1439,92,6658,37,544,32,2274,103,3437,71,5711,California
Lassen,2021-04-08,168,8809,9,1448,103,6761,56,600,32,2230,132,3569,88,5799,California
Lassen,2021-04-09,52,8861,6,1454,11,6772,35,635,9,2231,42,3611,43,5842,California
Lassen,2021-04-10,9,8870,0,1454,2,6774,7,642,0,2230,8,3619,7,5849,California
Lassen,2021-04-11,5,8875,2,1456,0,6774,3,645,2,2232,3,3622,5,5854,California
Lassen,2021-04-12,31,8906,3,1459,15,6789,13,658,3,2220,28,3650,16,5870,California
Lassen,2021-04-13,129,9035,6,1465,123,6912,0,658,40,2172,88,3738,40,5910,California
Lassen,2021-04-14,988,10023,16,1481,972,7884,0,658,51,1288,936,4674,52,5962,California
Lassen,2021-04-15,147,10170,14,1495,133,8017,0,658,19,1179,128,4802,19,5981,California
Lassen,2021-04-16,12,10182,5,1500,7,8024,0,658,6,1179,6,4808,6,5987,California
Lassen,2021-04-17,23,10205,2,1502,21,8045,0,658,3,1162,20,4828,3,5990,California
Lassen,2021-04-18,5,10210,2,1504,3,8048,0,658,2,1161,3,4831,2,5992,California
Lassen,2021-04-19,33,10243,0,1504,33,8081,0,658,17,1162,16,4847,17,6009,California
Lassen,2021-04-20,138,10381,7,1511,131,8212,0,658,52,1128,86,4933,52,6061,California
Lassen,2021-04-21,163,10544,10,1521,153,8365,0,658,32,1031,129,5062,32,6093,California
Lassen,2021-04-22,102,10646,16,1537,86,8451,0,658,33,995,69,5131,33,6126,California
Lassen,2021-04-23,28,10674,3,1540,25,8476,0,658,22,1011,6,5137,22,6148,California
Lassen,2021-04-24,10,10684,6,1546,4,8480,0,658,4,1009,6,5143,4,6152,California
Lassen,2021-04-25,5,10689,0,1546,4,8484,1,659,3,1011,2,5145,4,6156,California
Lassen,2021-04-26,42,10731,1,1547,37,8521,4,663,9,991,33,5178,13,6169,California
Lassen,2021-04-27,122,10853,10,1557,109,8630,3,666,70,1012,52,5230,73,6242,California
Lassen,2021-04-28,84,10937,8,1565,74,8704,2,668,31,992,53,5283,33,6275,California
Lassen,2021-04-29,67,11004,7,1572,57,8761,3,671,22,973,44,5327,25,6300,California
Lassen,2021-04-30,12,11016,8,1580,1,8762,3,674,3,970,9,5336,6,6306,California
Lassen,2021-05-01,4,11020,0,1580,3,8765,1,675,3,973,1,5337,4,6310,California
Lassen,2021-05-02,12,11032,8,1588,4,8769,0,675,8,977,4,5341,8,6318,California
Lassen,2021-05-03,19,11051,1,1589,11,8780,7,682,4,973,15,5356,11,6329,California
Lassen,2021-05-04,72,11123,4,1593,60,8840,8,690,20,949,52,5408,28,6357,California
Lassen,2021-05-05,81,11204,4,1597,67,8907,10,700,26,931,54,5462,36,6393,California
Lassen,2021-05-06,84,11288,21,1618,41,8948,22,722,24,917,60,5522,46,6439,California
Lassen,2021-05-07,48,11336,33,1651,10,8958,5,727,39,952,9,5531,44,6483,California
Lassen,2021-05-08,11,11347,0,1651,5,8963,6,733,4,955,7,5538,10,6493,California
Lassen,2021-05-09,3,11350,1,1652,0,8963,2,735,0,954,3,5541,2,6495,California
Lassen,2021-05-10,13,11363,1,1653,9,8972,3,738,7,958,6,5547,10,6505,California
Lassen,2021-05-11,71,11434,1,1654,61,9033,9,747,20,936,51,5598,29,6534,California
Lassen,2021-05-12,41,11475,4,1658,32,9065,5,752,12,924,29,5627,17,6551,California
Lassen,2021-05-13,37,11512,12,1670,20,9085,5,757,14,920,23,5650,19,6570,California
Lassen,2021-05-14,18,11530,3,1673,8,9093,7,764,8,925,10,5660,15,6585,California
Lassen,2021-05-15,22,11552,7,1680,5,9098,10,774,6,926,15,5675,16,6601,California
Lassen,2021-05-16,9,11561,3,1683,4,9102,2,776,4,928,4,5679,6,6607,California
Lassen,2021-05-17,37,11598,5,1688,20,9122,12,788,11,925,26,5705,23,6630,California
Lassen,2021-05-18,93,11691,12,1700,68,9190,13,801,28,901,65,5770,41,6671,California
Lassen,2021-05-19,62,11753,4,1704,47,9237,11,812,11,872,50,5820,21,6692,California
Lassen,2021-05-20,11,11764,4,1708,5,9242,2,814,3,869,8,5828,5,6697,California
Los Angeles,2020-12-15,394,394,394,394,0,0,0,0,394,394,0,0,394,394,California
Los Angeles,2020-12-16,3466,3860,3466,3860,0,0,0,0,3466,3860,0,0,3466,3860,California
Los Angeles,2020-12-17,10271,14131,10271,14131,0,0,0,0,10272,14132,0,0,10272,14132,California
Los Angeles,2020-12-18,14556,28687,14533,28664,23,23,0,0,14556,28688,0,0,14556,28688,California
Los Angeles,2020-12-19,7234,35921,7226,35890,8,31,0,0,7235,35923,0,0,7235,35923,California
Los Angeles,2020-12-20,4604,40525,4596,40486,8,39,0,0,4606,40529,0,0,4606,40529,California
Los Angeles,2020-12-21,13715,54240,13700,54186,15,54,0,0,13715,54243,1,1,13715,54244,California
Los Angeles,2020-12-22,11543,65783,11153,65339,390,444,0,0,11544,65786,1,2,11544,65788,California
Los Angeles,2020-12-23,11902,77685,10145,75484,1757,2201,0,0,11903,77689,0,2,11903,77691,California
Los Angeles,2020-12-24,7025,84710,4257,79741,2768,4969,0,0,7028,84717,0,2,7028,84719,California
Los Angeles,2020-12-25,526,85236,420,80161,106,5075,0,0,526,85243,0,2,526,85245,California
Los Angeles,2020-12-26,2530,87766,2182,82343,348,5423,0,0,2530,87772,1,3,2530,87775,California
Los Angeles,2020-12-27,1763,89529,1028,83371,735,6158,0,0,1763,89535,0,3,1763,89538,California
Los Angeles,2020-12-28,10302,99831,6390,89761,3912,10070,0,0,10300,99834,1,4,10300,99838,California
Los Angeles,2020-12-29,11608,111439,6084,95845,5524,15594,0,0,11609,111443,0,4,11609,111447,California
Los Angeles,2020-12-30,14882,126321,8094,103939,6788,22382,0,0,14881,126324,0,4,14881,126328,California
Los Angeles,2020-12-31,7951,134272,2759,106698,5192,27574,0,0,7948,134270,2,6,7948,134276,California
Los Angeles,2021-01-01,1017,135289,278,106976,739,28313,0,0,1017,135287,0,6,1017,135293,California
Los Angeles,2021-01-02,4479,139768,1664,108640,2815,31128,0,0,4479,139766,0,6,4479,139772,California
Los Angeles,2021-01-03,954,140722,218,108858,736,31864,0,0,953,140718,1,7,953,140725,California
Los Angeles,2021-01-04,12728,153450,4894,113752,7834,39698,0,0,12713,153428,3,10,12713,153438,California
Los Angeles,2021-01-05,16069,169519,7099,120851,8970,48668,0,0,14163,165715,1880,1890,14167,167605,California
Los Angeles,2021-01-06,22711,192230,12094,132945,10617,59285,0,0,17105,177294,5538,7428,17117,184722,California
Los Angeles,2021-01-07,29414,221644,15832,148777,13582,72867,0,0,18888,185719,10479,17907,18904,203626,California
Los Angeles,2021-01-08,33164,254808,17923,166700,15241,88108,0,0,20922,194438,12216,30123,20935,224561,California
Los Angeles,2021-01-09,12395,267203,7094,173794,5301,93409,0,0,7518,197090,4875,34998,7527,232088,California
Los Angeles,2021-01-10,4688,271891,3637,177431,1051,94460,0,0,1954,196311,2734,37732,1955,234043,California
Los Angeles,2021-01-11,25840,297731,16274,193705,9566,104026,0,0,14889,200270,10940,48672,14899,248942,California
Los Angeles,2021-01-12,29273,327004,16108,209813,13165,117191,0,0,19127,209282,10128,58800,19140,268082,California
Los Angeles,2021-01-13,29299,356303,15652,225465,13647,130838,0,0,20348,220701,8934,67734,20353,288435,California
Los Angeles,2021-01-14,29319,385622,12762,238227,16557,147395,0,0,23798,239009,5501,73235,23809,312244,California
Los Angeles,2021-01-15,33854,419476,12385,250612,21469,168864,0,0,30274,265736,3555,76790,30282,342526,California
Los Angeles,2021-01-16,17576,437052,4972,255584,12604,181468,0,0,15797,279766,1771,78561,15801,358327,California
Los Angeles,2021-01-17,5202,442254,2317,257901,2885,184353,0,0,4954,284475,247,78808,4956,363283,California
Los Angeles,2021-01-18,15606,457860,10075,267976,5531,189884,0,0,10898,290680,4695,83503,10900,374183,California
Los Angeles,2021-01-19,38546,496406,20637,288613,17909,207793,0,0,30739,313664,7766,91269,30750,404933,California
Los Angeles,2021-01-20,46017,542423,24012,312625,22005,229798,0,0,38518,344723,7469,98738,38528,443461,California
Los Angeles,2021-01-21,48796,591219,22497,335122,26299,256097,0,0,44515,385035,4217,102955,44529,487990,California
Los Angeles,2021-01-22,48053,639272,22316,357438,25737,281834,0,0,44614,426265,3394,106349,44624,532614,California
Los Angeles,2021-01-23,34015,673287,15730,373168,18285,300119,0,0,31958,456211,2024,108373,31970,564584,California
Los Angeles,2021-01-24,15753,689040,12225,385393,3528,303647,0,0,15205,470877,540,108913,15206,579790,California
Los Angeles,2021-01-25,38963,728003,16618,402011,22345,325992,0,0,30342,492643,8592,117505,30358,610148,California
Los Angeles,2021-01-26,49382,777385,24538,426549,24844,350836,0,0,41162,525640,8185,125690,41182,651330,California
Los Angeles,2021-01-27,48642,826027,25880,452429,22762,373598,0,0,39374,555904,9130,134820,39394,690724,California
Los Angeles,2021-01-28,48717,874744,23179,475608,25538,399136,0,0,40271,587866,8323,143143,40285,731009,California
Los Angeles,2021-01-29,49339,924083,25445,501053,23894,423030,0,0,39256,617410,9728,152871,39272,770281,California
Los Angeles,2021-01-30,30047,954130,15437,516490,14610,437640,0,0,25886,639216,4084,156955,25890,796171,California
Los Angeles,2021-01-31,13046,967176,10400,526890,2646,440286,0,0,12108,650404,924,157879,12112,808283,California
Los Angeles,2021-02-01,38327,1005503,16337,543227,21990,462276,0,0,27967,668056,10325,168204,27977,836260,California
Los Angeles,2021-02-02,44438,1049941,17944,561171,26494,488770,0,0,32210,688086,12184,180388,32214,868474,California
Los Angeles,2021-02-03,52225,1102166,19617,580788,32608,521378,0,0,37297,710704,14685,195073,37303,905777,California
Los Angeles,2021-02-04,57280,1159446,20761,601549,36519,557897,0,0,39113,731972,17859,212932,39127,944904,California
Los Angeles,2021-02-05,61381,1220827,21156,622705,40225,598122,0,0,39402,749823,21560,234492,39411,984315,California
Los Angeles,2021-02-06,35603,1256430,13374,636079,22229,620351,0,0,27141,768601,8385,242877,27163,1011478,California
Los Angeles,2021-02-07,10882,1267312,8453,644532,2429,622780,0,0,8473,774687,2394,245271,8480,1019958,California
Los Angeles,2021-02-08,46853,1314165,21594,666126,25259,648039,0,0,30638,789248,16079,261350,30640,1050598,California
Los Angeles,2021-02-09,55886,1370051,24639,690765,31247,679286,0,0,28399,790249,27409,288759,28410,1079008,California
Los Angeles,2021-02-10,67003,1437054,29471,720236,37532,716818,0,0,30848,785336,35772,324531,30859,1109867,California
Los Angeles,2021-02-11,58305,1495359,31145,751381,27160,743978,0,0,28211,783900,29651,354182,28215,1138082,California
Los Angeles,2021-02-12,59709,1555068,29931,781312,29778,773756,0,0,26019,776592,33343,387525,26035,1164117,California
Los Angeles,2021-02-13,33868,1588936,19669,800981,14199,787955,0,0,15513,773874,18269,405794,15551,1179668,California
Los Angeles,2021-02-14,21932,1610868,15010,815991,6922,794877,0,0,8810,769626,13061,418855,8813,1188481,California
Los Angeles,2021-02-15,32819,1643687,15947,831938,16872,811749,0,0,18038,772955,14715,433570,18044,1206525,California
Los Angeles,2021-02-16,64277,1707964,32645,864583,31632,843381,0,0,29969,768720,34216,467786,29981,1236506,California
Los Angeles,2021-02-17,64873,1772837,34552,899135,30321,873702,0,0,26588,757208,38106,505892,26594,1263100,California
Los Angeles,2021-02-18,68593,1841430,34844,933979,33749,907451,0,0,28702,746221,39700,545592,28713,1291813,California
Los Angeles,2021-02-19,58315,1899745,36023,970002,22292,929743,0,0,28626,745275,29587,575179,28641,1320454,California
Los Angeles,2021-02-20,32921,1932666,23969,993971,8952,938695,0,0,15851,744118,17017,592196,15860,1336314,California
Los Angeles,2021-02-21,22036,1954702,20371,1014342,1665,940360,0,0,11085,744312,10894,603090,11088,1347402,California
Los Angeles,2021-02-22,34583,1989285,25200,1039542,9383,949743,0,0,17901,745619,16605,619695,17912,1365314,California
Los Angeles,2021-02-23,54840,2044125,23692,1063234,31148,980891,0,0,21710,734323,33017,652712,21721,1387035,California
Los Angeles,2021-02-24,64998,2109123,28941,1092175,36057,1016948,0,0,28579,726677,36243,688955,28597,1415632,California
Los Angeles,2021-02-25,74114,2183237,33923,1126098,40191,1057139,0,0,39013,730768,34937,723892,39028,1454660,California
Los Angeles,2021-02-26,83732,2266969,38797,1164895,44935,1102074,0,0,48097,743507,35389,759281,48128,1502788,California
Los Angeles,2021-02-27,60154,2327123,26416,1191311,33734,1135808,4,4,30973,745478,29029,788310,31000,1533788,California
Los Angeles,2021-02-28,26980,2354103,18643,1209954,8334,1144142,3,7,18921,756475,7933,796243,18930,1552718,California
Los Angeles,2021-03-01,56804,2410907,32267,1242221,24512,1168654,25,32,34187,768253,22449,818692,34227,1586945,California
Los Angeles,2021-03-02,77444,2488351,37620,1279841,39821,1208475,3,35,48947,788844,28370,847062,48961,1635906,California
Los Angeles,2021-03-03,84467,2572818,43058,1322899,41397,1249872,12,47,53431,811441,30869,877931,53466,1689372,California
Los Angeles,2021-03-04,90686,2663504,46612,1369511,44062,1293934,12,59,57241,835448,33264,911195,57271,1746643,California
Los Angeles,2021-03-05,89863,2753367,44368,1413879,45466,1339400,29,88,60264,866364,29410,940605,60326,1806969,California
Los Angeles,2021-03-06,67256,2820623,34277,1448156,31161,1370561,1818,1906,43379,887838,23726,964331,45200,1852169,California
Los Angeles,2021-03-07,27190,2847813,20759,1468915,5620,1376181,811,2717,21035,903554,6125,970456,21841,1874010,California
Los Angeles,2021-03-08,52705,2900518,27883,1496798,22872,1399053,1950,4667,39854,932612,12743,983199,41801,1915811,California
Los Angeles,2021-03-09,81270,2981788,38557,1535355,39436,1438489,3277,7944,51759,958288,29352,1012551,55028,1970839,California
Los Angeles,2021-03-10,82963,3064751,40835,1576190,37253,1475742,4875,12819,52528,985394,30258,1042809,57364,2028203,California
Los Angeles,2021-03-11,92709,3157460,45253,1621443,40773,1516515,6683,19502,54315,1008142,38208,1081017,60956,2089159,California
Los Angeles,2021-03-12,98738,3256198,44454,1665897,40382,1556897,13902,33404,57602,1038666,40933,1121950,71457,2160616,California
Los Angeles,2021-03-13,75480,3331678,35769,1701666,27748,1584645,11963,45367,45087,1065392,30274,1152224,57000,2217616,California
Los Angeles,2021-03-14,39044,3370722,26284,1727950,10230,1594875,2530,47897,24004,1076932,14973,1167197,26513,2244129,California
Los Angeles,2021-03-15,74795,3445517,36414,1764364,32938,1627813,5443,53340,45286,1098331,29306,1196503,50705,2294834,California
Los Angeles,2021-03-16,99812,3545329,43640,1808004,50297,1678110,5875,59215,64673,1133888,34947,1231450,70504,2365338,California
Los Angeles,2021-03-17,97042,3642371,43945,1851949,44795,1722905,8302,67517,64930,1175082,31907,1263357,73101,2438439,California
Los Angeles,2021-03-18,101614,3743985,48474,1900423,47823,1770728,5317,72834,64464,1207982,36867,1300224,69767,2508206,California
Los Angeles,2021-03-19,108317,3852302,56272,1956695,47311,1818039,4734,77568,66868,1238362,41172,1341396,71552,2579758,California
Los Angeles,2021-03-20,75191,3927493,36650,1993345,34022,1852061,4519,82087,51275,1270418,23721,1365117,55777,2635535,California
Los Angeles,2021-03-21,33621,3961114,24814,2018159,7962,1860023,845,82932,21746,1281252,11757,1376874,22591,2658126,California
Los Angeles,2021-03-22,69651,4030765,40655,2058814,26995,1887018,2001,84933,49046,1311949,20347,1397221,51044,2709170,California
Los Angeles,2021-03-23,95023,4125788,50970,2109784,40986,1928004,3067,88000,58070,1336369,36702,1433923,61122,2770292,California
Los Angeles,2021-03-24,103727,4229515,54853,2164637,45916,1973920,2958,90958,60508,1356914,42909,1476832,63454,2833746,California
Los Angeles,2021-03-25,109310,4338825,58339,2222976,47277,2021197,3694,94652,61860,1375283,47167,1523999,65536,2899282,California
Los Angeles,2021-03-26,113514,4452339,61812,2284788,47598,2068795,4104,98756,63014,1392146,50232,1574231,67095,2966377,California
Los Angeles,2021-03-27,82178,4534517,43065,2327853,36982,2105777,2131,100887,42303,1396964,39628,1613859,44446,3010823,California
Los Angeles,2021-03-28,40975,4575492,27412,2355265,12980,2118757,583,101470,19771,1396247,21070,1634929,20353,3031176,California
Los Angeles,2021-03-29,81778,4657270,46180,2401445,33997,2152754,1601,103071,45719,1407699,35864,1670793,47316,3078492,California
Los Angeles,2021-03-30,107214,4764484,50581,2452026,50870,2203624,5763,108834,56600,1419656,50383,1721176,62340,3140832,California
Los Angeles,2021-03-31,120507,4884991,60441,2512467,51524,2255148,8542,117376,67884,1443720,52339,1773515,76403,3217235,California
Los Angeles,2021-04-01,131458,5016449,61416,2573883,55156,2310304,14886,132262,71390,1470208,59775,1833290,86263,3303498,California
Los Angeles,2021-04-02,129460,5145909,57193,2631076,57313,2367617,14954,147216,69190,1494460,59947,1893237,84199,3387697,California
Los Angeles,2021-04-03,96789,5242698,44075,2675151,39624,2407241,13090,160306,47957,1506843,48653,1941890,61036,3448733,California
Los Angeles,2021-04-04,39180,5281878,20496,2695647,12058,2419299,6626,166932,16380,1507108,22726,1964616,22991,3471724,California
Los Angeles,2021-04-05,93562,5375440,44266,2739913,39123,2458422,10173,177105,44435,1512742,48929,2013545,54563,3526287,California
Los Angeles,2021-04-06,120635,5496075,56818,2796731,43592,2502014,20225,197330,55258,1523003,65142,2078687,75403,3601690,California
Los Angeles,2021-04-07,119464,5615539,54373,2851104,44088,2546102,21003,218333,54042,1532772,65176,2143863,74945,3676635,California
Los Angeles,2021-04-08,131814,5747353,58037,2909141,49838,2595940,23939,242272,59568,1544186,71975,2215838,83389,3760024,California
Los Angeles,2021-04-09,130319,5877672,56391,2965532,50127,2646067,23801,266073,56054,1549918,73978,2289816,79710,3839734,California
Los Angeles,2021-04-10,100736,5978408,42758,3008290,34073,2680140,23905,289978,37274,1547740,63238,2353054,61060,3900794,California
Los Angeles,2021-04-11,41628,6020036,22503,3030793,9604,2689744,9521,299499,14489,1544639,27060,2380114,23959,3924753,California
Los Angeles,2021-04-12,78538,6098574,38424,3069217,33841,2723585,6273,305772,32614,1537746,45725,2425839,38832,3963585,California
Los Angeles,2021-04-13,116888,6215462,58856,3128073,57609,2781194,423,306195,61857,1545225,54807,2480646,62286,4025871,California
Los Angeles,2021-04-14,118428,6333890,59396,3187469,58902,2840096,130,306325,64399,1555979,53771,2534417,64525,4090396,California
Los Angeles,2021-04-15,129356,6463246,69939,3257408,59246,2899342,171,306496,74156,1575233,54936,2589353,74190,4164586,California
Los Angeles,2021-04-16,129830,6593076,68702,3326110,60988,2960330,140,306636,68711,1583171,60846,2650199,68784,4233370,California
Los Angeles,2021-04-17,97909,6690985,51253,3377363,46631,3006961,25,306661,56020,1597529,41684,2691883,56042,4289412,California
Los Angeles,2021-04-18,33814,6724799,22419,3399782,11394,3018355,1,306662,18657,1601109,15083,2706966,18663,4308075,California
Los Angeles,2021-04-19,74672,6799471,39578,3439360,35082,3053437,12,306674,33404,1593439,41095,2748061,33425,4341500,California
Los Angeles,2021-04-20,101485,6900956,49808,3489168,51656,3105093,21,306695,50444,1593093,50811,2798872,50465,4391965,California
Los Angeles,2021-04-21,109037,7009993,52524,3541692,56325,3161418,188,306883,48557,1581665,60172,2859044,48744,4440709,California
Los Angeles,2021-04-22,114645,7124638,59072,3600764,55541,3216959,32,306915,50402,1568160,63944,2922988,50439,4491148,California
Los Angeles,2021-04-23,113486,7238124,62236,3663000,51232,3268191,18,306933,54023,1563038,59163,2982151,54041,4545189,California
Los Angeles,2021-04-24,87637,7325761,56321,3719321,31290,3299481,26,306959,48870,1573398,38543,3020694,48903,4594092,California
Los Angeles,2021-04-25,37792,7363553,25118,3744439,12669,3312150,5,306964,20418,1576546,17275,3037969,20423,4614515,California
Los Angeles,2021-04-26,69162,7432715,37142,3781581,31571,3343721,449,307413,34056,1576133,34912,3072881,34499,4649014,California
Los Angeles,2021-04-27,86184,7518899,41718,3823299,42776,3386497,1690,309103,32843,1557567,53089,3125970,34523,4683537,California
Los Angeles,2021-04-28,84454,7603353,40822,3864121,41609,3428106,2023,311126,32910,1541233,51258,3177228,34924,4718461,California
Los Angeles,2021-04-29,90812,7694165,45373,3909494,43317,3471423,2122,313248,32167,1517232,58291,3235519,34290,4752751,California
Los Angeles,2021-04-30,98758,7792923,49109,3958603,47259,3518682,2390,315638,35850,1492916,62542,3298061,38226,4790977,California
Los Angeles,2021-05-01,74791,7867714,42118,4000721,31180,3549862,1493,317131,28317,1476487,46234,3344295,29805,4820782,California
Los Angeles,2021-05-02,27915,7895629,17905,4018626,9278,3559140,732,317863,10088,1469592,17713,3362008,10818,4831600,California
Los Angeles,2021-05-03,60361,7955990,29667,4048293,28537,3587677,2157,320020,21242,1454084,38894,3400902,23386,4854986,California
Los Angeles,2021-05-04,85017,8041007,46879,4095172,35932,3623609,2206,322226,25931,1423414,58793,3459695,28123,4883109,California
Los Angeles,2021-05-05,87913,8128920,51329,4146501,34252,3657861,2332,324558,23940,1386006,63671,3523366,26263,4909372,California
Los Angeles,2021-05-06,95365,8224285,57632,4204133,35264,3693125,2469,327027,22665,1338799,72326,3595692,25119,4934491,California
Los Angeles,2021-05-07,94816,8319101,56577,4260710,35910,3729035,2329,329356,25717,1298065,68760,3664452,28026,4962517,California
Los Angeles,2021-05-08,63200,8382301,41677,4302387,19913,3748948,1610,330966,17063,1271063,45666,3710118,18664,4981181,California
Los Angeles,2021-05-09,23712,8406013,17898,4320285,5084,3754032,730,331696,6055,1260399,17445,3727563,6781,4987962,California
Los Angeles,2021-05-10,47956,8453969,25256,4345541,20871,3774903,1829,333525,14348,1243266,33302,3760865,16169,5004131,California
Los Angeles,2021-05-11,66506,8520475,35743,4381284,28790,3803693,1973,335498,16953,1212859,49313,3810178,18906,5023037,California
Los Angeles,2021-05-12,66450,8586925,35887,4417171,28488,3832181,2075,337573,18647,1186048,47513,3857691,20702,5043739,California
Los Angeles,2021-05-13,68774,8655699,41520,4458691,25643,3857824,1611,339184,24172,1167641,44179,3901870,25772,5069511,California
Los Angeles,2021-05-14,85847,8741546,54834,4513525,29249,3887073,1764,340948,32580,1149008,52965,3954835,34332,5103843,California
Los Angeles,2021-05-15,72378,8813924,51161,4564686,19937,3907010,1280,342228,28374,1134894,43762,3998597,29648,5133491,California
Los Angeles,2021-05-16,30104,8844028,23853,4588539,5651,3912661,600,342828,12012,1129508,17996,4016593,12610,5146101,California
Los Angeles,2021-05-17,60033,8904061,39415,4627954,18934,3931595,1684,344512,25759,1122857,34078,4050671,27427,5173528,California
Los Angeles,2021-05-18,62585,8966646,37846,4665800,22992,3954587,1747,346259,26661,1115587,35648,4086319,28378,5201906,California
Los Angeles,2021-05-19,63942,9030588,38796,4704596,23458,3978045,1688,347947,27717,1108994,35979,4122298,29386,5231292,California
Los Angeles,2021-05-20,31474,9062062,17955,4722551,12471,3990516,1048,348995,10780,1100309,20508,4142806,11823,5243115,California
Madera,2020-12-16,22,22,22,22,0,0,0,0,22,22,0,0,22,22,California
Madera,2020-12-17,13,35,13,35,0,0,0,0,13,35,0,0,13,35,California
Madera,2020-12-18,60,95,60,95,0,0,0,0,60,95,0,0,60,95,California
Madera,2020-12-19,5,100,5,100,0,0,0,0,5,100,0,0,5,100,California
Madera,2020-12-20,14,114,14,114,0,0,0,0,14,114,0,0,14,114,California
Madera,2020-12-21,60,174,60,174,0,0,0,0,60,174,0,0,60,174,California
Madera,2020-12-22,98,272,96,270,2,2,0,0,98,272,0,0,98,272,California
Madera,2020-12-23,67,339,67,337,0,2,0,0,67,339,0,0,67,339,California
Madera,2020-12-24,45,384,40,377,5,7,0,0,45,384,0,0,45,384,California
Madera,2020-12-26,28,412,26,403,2,9,0,0,28,412,0,0,28,412,California
Madera,2020-12-27,30,442,12,415,18,27,0,0,30,442,0,0,30,442,California
Madera,2020-12-28,107,549,37,452,70,97,0,0,107,549,0,0,107,549,California
Madera,2020-12-29,175,724,40,492,135,232,0,0,175,724,0,0,175,724,California
Madera,2020-12-30,219,943,86,578,133,365,0,0,219,943,0,0,219,943,California
Madera,2020-12-31,200,1143,80,658,120,485,0,0,200,1143,0,0,200,1143,California
Madera,2021-01-01,1,1144,1,659,0,485,0,0,1,1144,0,0,1,1144,California
Madera,2021-01-02,89,1233,33,692,56,541,0,0,89,1233,0,0,89,1233,California
Madera,2021-01-03,5,1238,5,697,0,541,0,0,5,1238,0,0,5,1238,California
Madera,2021-01-04,129,1367,65,762,64,605,0,0,129,1367,0,0,129,1367,California
Madera,2021-01-05,279,1646,143,905,136,741,0,0,275,1638,4,4,275,1642,California
Madera,2021-01-06,184,1830,27,932,157,898,0,0,164,1782,20,24,164,1806,California
Madera,2021-01-07,398,2228,115,1047,283,1181,0,0,376,2136,22,46,376,2182,California
Madera,2021-01-08,418,2646,72,1119,346,1527,0,0,363,2446,54,100,364,2546,California
Madera,2021-01-09,37,2683,14,1133,23,1550,0,0,28,2465,9,109,28,2574,California
Madera,2021-01-10,17,2700,14,1147,3,1553,0,0,5,2458,12,121,5,2579,California
Madera,2021-01-11,237,2937,189,1336,48,1601,0,0,195,2611,42,163,195,2774,California
Madera,2021-01-12,391,3328,158,1494,233,1834,0,0,285,2790,106,269,285,3059,California
Madera,2021-01-13,185,3513,91,1585,94,1928,0,0,129,2864,56,325,130,3189,California
Madera,2021-01-14,554,4067,82,1667,472,2400,0,0,520,3350,34,359,520,3709,California
Madera,2021-01-15,599,4666,160,1827,439,2839,0,0,578,3907,21,380,578,4287,California
Madera,2021-01-16,382,5048,47,1874,335,3174,0,0,353,4231,29,409,353,4640,California
Madera,2021-01-17,335,5383,15,1889,320,3494,0,0,331,4558,4,413,331,4971,California
Madera,2021-01-18,77,5460,61,1950,16,3510,0,0,58,4598,18,431,58,5029,California
Madera,2021-01-19,575,6035,139,2089,436,3946,0,0,544,5112,31,462,545,5574,California
Madera,2021-01-20,235,6270,80,2169,155,4101,0,0,207,5292,27,489,207,5781,California
Madera,2021-01-21,238,6508,131,2300,107,4208,0,0,205,5466,31,520,205,5986,California
Madera,2021-01-22,257,6765,83,2383,174,4382,0,0,243,5695,14,534,243,6229,California
Madera,2021-01-23,100,6865,52,2435,48,4430,0,0,76,5747,24,558,76,6305,California
Madera,2021-01-24,101,6966,82,2517,19,4449,0,0,78,5802,23,581,78,6383,California
Madera,2021-01-25,257,7223,124,2641,133,4582,0,0,142,5829,115,696,142,6525,California
Madera,2021-01-26,483,7706,189,2830,294,4876,0,0,294,5936,188,884,295,6820,California
Madera,2021-01-27,737,8443,63,2893,674,5550,0,0,600,6401,137,1021,602,7422,California
Madera,2021-01-28,543,8986,107,3000,436,5986,0,0,440,6738,103,1124,440,7862,California
Madera,2021-01-29,467,9453,95,3095,372,6358,0,0,412,7095,55,1179,412,8274,California
Madera,2021-01-30,505,9958,16,3111,489,6847,0,0,451,7492,54,1233,451,8725,California
Madera,2021-01-31,9,9967,6,3117,3,6850,0,0,8,7499,1,1234,8,8733,California
Madera,2021-02-01,331,10298,147,3264,184,7034,0,0,206,7580,125,1359,206,8939,California
Madera,2021-02-02,253,10551,88,3352,165,7199,0,0,162,7654,89,1448,163,9102,California
Madera,2021-02-03,595,11146,461,3813,134,7333,0,0,474,8010,119,1567,475,9577,California
Madera,2021-02-04,390,11536,122,3935,268,7601,0,0,113,7848,276,1843,114,9691,California
Madera,2021-02-05,975,12511,297,4232,678,8279,0,0,369,7617,601,2444,370,10061,California
Madera,2021-02-06,359,12870,324,4556,35,8314,0,0,320,7899,38,2482,320,10381,California
Madera,2021-02-07,35,12905,7,4563,28,8342,0,0,30,7924,5,2487,30,10411,California
Madera,2021-02-08,384,13289,308,4871,76,8418,0,0,270,8081,113,2600,270,10681,California
Madera,2021-02-09,481,13770,119,4990,362,8780,0,0,199,8002,279,2879,200,10881,California
Madera,2021-02-10,431,14201,149,5139,282,9062,0,0,325,8221,106,2985,325,11206,California
Madera,2021-02-11,937,15138,307,5446,630,9692,0,0,407,8100,529,3514,408,11614,California
Madera,2021-02-12,843,15981,120,5566,723,10415,0,0,311,7888,526,4040,314,11928,California
Madera,2021-02-13,484,16465,43,5609,441,10856,0,0,138,7683,345,4385,140,12068,California
Madera,2021-02-14,399,16864,75,5684,324,11180,0,0,135,7555,264,4649,136,12204,California
Madera,2021-02-15,244,17108,98,5782,146,11326,0,0,175,7662,68,4717,175,12379,California
Madera,2021-02-16,774,17882,183,5965,591,11917,0,0,228,7347,544,5261,229,12608,California
Madera,2021-02-17,610,18492,274,6239,336,12253,0,0,340,7424,265,5526,342,12950,California
Madera,2021-02-18,1300,19792,541,6780,759,13012,0,0,1121,8367,179,5705,1122,14072,California
Madera,2021-02-19,860,20652,544,7324,316,13328,0,0,718,8944,142,5847,719,14791,California
Madera,2021-02-20,1071,21723,980,8304,91,13419,0,0,999,9873,71,5918,1000,15791,California
Madera,2021-02-21,962,22685,819,9123,143,13562,0,0,957,10825,5,5923,957,16748,California
Madera,2021-02-22,910,23595,834,9957,76,13638,0,0,855,11625,55,5978,855,17603,California
Madera,2021-02-23,774,24369,501,10458,273,13911,0,0,546,11946,225,6203,546,18149,California
Madera,2021-02-24,907,25276,299,10757,608,14519,0,0,378,11796,528,6731,378,18527,California
Madera,2021-02-25,1030,26306,316,11073,714,15233,0,0,599,11966,429,7160,599,19126,California
Madera,2021-02-26,1087,27393,197,11270,890,16123,0,0,711,12303,374,7534,711,19837,California
Madera,2021-02-27,893,28286,261,11531,632,16755,0,0,469,12354,421,7955,472,20309,California
Madera,2021-02-28,189,28475,29,11560,160,16915,0,0,183,12531,6,7961,183,20492,California
Madera,2021-03-01,375,28850,120,11680,255,17170,0,0,195,12548,178,8139,195,20687,California
Madera,2021-03-02,741,29591,349,12029,392,17562,0,0,628,13064,113,8252,629,21316,California
Madera,2021-03-03,1346,30937,718,12747,628,18190,0,0,944,13633,399,8651,968,22284,California
Madera,2021-03-04,1201,32138,527,13274,674,18864,0,0,956,14346,246,8897,959,23243,California
Madera,2021-03-05,1344,33482,421,13695,910,19774,13,13,1079,15186,263,9160,1103,24346,California
Madera,2021-03-06,811,34293,629,14324,150,19924,32,45,493,15395,317,9477,526,24872,California
Madera,2021-03-07,154,34447,28,14352,104,20028,22,67,104,15471,50,9527,126,24998,California
Madera,2021-03-08,598,35045,336,14688,203,20231,59,126,305,15544,293,9820,366,25364,California
Madera,2021-03-09,592,35637,295,14983,263,20494,34,160,406,15808,184,10004,448,25812,California
Madera,2021-03-10,1186,36823,559,15542,549,21043,78,238,756,16217,426,10430,835,26647,California
Madera,2021-03-11,1681,38504,864,16406,485,21528,332,570,768,16417,911,11341,1111,27758,California
Madera,2021-03-12,1564,40068,810,17216,599,22127,155,725,788,16611,774,12115,968,28726,California
Madera,2021-03-13,1874,41942,1328,18544,348,22475,198,923,805,16565,1065,13180,1019,29745,California
Madera,2021-03-14,583,42525,448,18992,102,22577,33,956,293,16604,287,13467,326,30071,California
Madera,2021-03-15,740,43265,223,19215,470,23047,47,1003,515,16969,222,13689,587,30658,California
Madera,2021-03-16,927,44192,524,19739,356,23403,47,1050,738,17585,186,13875,802,31460,California
Madera,2021-03-17,1462,45654,978,20717,421,23824,63,1113,908,18100,546,14421,1061,32521,California
Madera,2021-03-18,1943,47597,683,21400,1200,25024,60,1173,973,18252,965,15386,1117,33638,California
Madera,2021-03-19,1553,49150,589,21989,880,25904,84,1257,1010,18872,540,15926,1160,34798,California
Madera,2021-03-20,1132,50282,772,22761,309,26213,51,1308,570,18980,561,16487,669,35467,California
Madera,2021-03-21,1077,51359,876,23637,156,26369,45,1353,360,18672,714,17201,406,35873,California
Madera,2021-03-22,1360,52719,852,24489,440,26809,68,1421,686,18797,671,17872,796,36669,California
Madera,2021-03-23,1397,54116,839,25328,467,27276,91,1512,668,18911,727,18599,841,37510,California
Madera,2021-03-24,920,55036,481,25809,408,27684,31,1543,600,19229,317,18916,635,38145,California
Madera,2021-03-25,1128,56164,492,26301,612,28296,24,1567,630,19408,488,19404,667,38812,California
Madera,2021-03-26,1442,57606,512,26813,798,29094,132,1699,667,19439,771,20175,802,39614,California
Madera,2021-03-27,832,58438,530,27343,279,29373,23,1722,366,19367,462,20637,390,40004,California
Madera,2021-03-28,420,58858,137,27480,222,29595,61,1783,229,19520,190,20827,343,40347,California
Madera,2021-03-29,681,59539,179,27659,475,30070,27,1810,489,19852,188,21015,520,40867,California
Madera,2021-03-30,1019,60558,562,28221,425,30495,32,1842,452,19773,564,21579,485,41352,California
Madera,2021-03-31,1326,61884,488,28709,703,31198,135,1977,404,19401,916,22495,544,41896,California
Madera,2021-04-01,1257,63141,541,29250,664,31862,52,2029,438,19079,813,23308,491,42387,California
Madera,2021-04-02,1547,64688,410,29660,1078,32940,59,2088,468,18543,1068,24376,532,42919,California
Madera,2021-04-03,885,65573,689,30349,176,33116,20,2108,380,18450,503,24879,410,43329,California
Madera,2021-04-04,187,65760,65,30414,120,33236,2,2110,88,18441,99,24978,90,43419,California
Madera,2021-04-05,738,66498,256,30670,424,33660,58,2168,342,18460,395,25373,414,43833,California
Madera,2021-04-06,1700,68198,886,31556,464,34124,350,2518,531,18175,1167,26540,882,44715,California
Madera,2021-04-07,1200,69398,372,31928,679,34803,149,2667,410,17953,787,27327,565,45280,California
Madera,2021-04-08,1700,71098,657,32585,786,35589,257,2924,542,17606,1152,28479,805,46085,California
Madera,2021-04-09,1621,72719,682,33267,790,36379,149,3073,937,18016,679,29158,1089,47174,California
Madera,2021-04-10,955,73674,679,33946,209,36588,67,3140,706,18540,250,29408,774,47948,California
Madera,2021-04-11,797,74471,645,34591,74,36662,78,3218,300,18422,494,29902,376,48324,California
Madera,2021-04-12,783,75254,270,34861,435,37097,78,3296,303,18324,480,30382,382,48706,California
Madera,2021-04-13,1232,76486,608,35469,583,37680,41,3337,724,18593,506,30888,775,49481,California
Madera,2021-04-14,1378,77864,853,36322,525,38205,0,3337,581,18382,798,31686,587,50068,California
Madera,2021-04-15,1154,79018,498,36820,655,38860,1,3338,432,18106,710,32396,434,50502,California
Madera,2021-04-16,1305,80323,534,37354,771,39631,0,3338,422,17657,872,33268,423,50925,California
Madera,2021-04-17,1266,81589,1067,38421,199,39830,0,3338,819,18030,446,33714,819,51744,California
Madera,2021-04-18,244,81833,207,38628,37,39867,0,3338,99,17985,144,33858,99,51843,California
Madera,2021-04-19,802,82635,236,38864,565,40432,1,3339,274,17738,522,34380,275,52118,California
Madera,2021-04-20,875,83510,430,39294,445,40877,0,3339,240,17348,632,35012,242,52360,California
Madera,2021-04-21,857,84367,449,39743,408,41285,0,3339,301,17095,556,35568,303,52663,California
Madera,2021-04-22,1061,85428,511,40254,550,41835,0,3339,393,16825,664,36232,394,53057,California
Madera,2021-04-23,963,86391,306,40560,656,42491,1,3340,344,16555,614,36846,344,53401,California
Madera,2021-04-24,704,87095,463,41023,241,42732,0,3340,282,16420,418,37264,283,53684,California
Madera,2021-04-25,265,87360,161,41184,101,42833,3,3343,118,16399,143,37407,122,53806,California
Madera,2021-04-26,516,87876,97,41281,413,43246,6,3349,111,16113,403,37810,117,53923,California
Madera,2021-04-27,567,88443,268,41549,278,43524,21,3370,303,16175,263,38073,325,54248,California
Madera,2021-04-28,472,88915,196,41745,257,43781,19,3389,234,16191,236,38309,252,54500,California
Madera,2021-04-29,518,89433,240,41985,251,44032,27,3416,253,16213,258,38567,280,54780,California
Madera,2021-04-30,920,90353,503,42488,401,44433,16,3432,260,15834,655,39222,276,55056,California
Madera,2021-05-01,959,91312,865,43353,81,44514,13,3445,390,15669,568,39790,403,55459,California
Madera,2021-05-02,398,91710,350,43703,44,44558,4,3449,149,15573,249,40039,153,55612,California
Madera,2021-05-03,505,92215,203,43906,262,44820,40,3489,102,15315,400,40439,142,55754,California
Madera,2021-05-04,878,93093,433,44339,405,45225,40,3529,212,14901,666,41105,252,56006,California
Madera,2021-05-05,995,94088,474,44813,462,45687,59,3588,274,14515,719,41824,333,56339,California
Madera,2021-05-06,694,94782,247,45060,416,46103,31,3619,153,14163,536,42360,184,56523,California
Madera,2021-05-07,807,95589,280,45340,506,46609,21,3640,194,13769,608,42968,214,56737,California
Madera,2021-05-08,967,96556,755,46095,202,46811,10,3650,186,13185,780,43748,196,56933,California
Madera,2021-05-09,145,96701,19,46114,115,46926,11,3661,34,13120,110,43858,45,56978,California
Madera,2021-05-10,344,97045,73,46187,259,47185,12,3673,101,12991,242,44100,113,57091,California
Madera,2021-05-11,515,97560,176,46363,331,47516,8,3681,162,12810,351,44451,170,57261,California
Madera,2021-05-12,478,98038,227,46590,215,47731,36,3717,124,12618,352,44803,160,57421,California
Madera,2021-05-13,480,98518,289,46879,161,47892,30,3747,155,12481,322,45125,185,57606,California
Madera,2021-05-14,504,99022,262,47141,228,48120,14,3761,227,12448,274,45399,241,57847,California
Madera,2021-05-15,557,99579,471,47612,77,48197,9,3770,358,12618,197,45596,367,58214,California
Madera,2021-05-16,253,99832,188,47800,35,48232,30,3800,103,12601,150,45746,133,58347,California
Madera,2021-05-17,442,100274,199,47999,214,48446,29,3829,216,12623,223,45969,245,58592,California
Madera,2021-05-18,548,100822,374,48373,157,48603,17,3846,295,12687,249,46218,313,58905,California
Madera,2021-05-19,466,101288,214,48587,231,48834,21,3867,209,12661,256,46474,230,59135,California
Madera,2021-05-20,298,101586,92,48679,183,49017,23,3890,91,12570,205,46679,114,59249,California
Marin,2020-12-15,2,2,2,2,0,0,0,0,2,2,0,0,2,2,California
Marin,2020-12-16,109,111,109,111,0,0,0,0,109,111,0,0,109,111,California
Marin,2020-12-17,261,372,261,372,0,0,0,0,261,372,0,0,261,372,California
Marin,2020-12-18,373,745,373,745,0,0,0,0,373,745,0,0,373,745,California
Marin,2020-12-19,348,1093,347,1092,1,1,0,0,348,1093,0,0,348,1093,California
Marin,2020-12-20,167,1260,166,1258,1,2,0,0,167,1260,0,0,167,1260,California
Marin,2020-12-21,238,1498,235,1493,3,5,0,0,238,1498,0,0,238,1498,California
Marin,2020-12-22,523,2021,319,1812,204,209,0,0,523,2021,0,0,523,2021,California
Marin,2020-12-23,733,2754,321,2133,412,621,0,0,733,2754,0,0,733,2754,California
Marin,2020-12-24,357,3111,159,2292,198,819,0,0,357,3111,0,0,357,3111,California
Marin,2020-12-25,27,3138,0,2292,27,846,0,0,27,3138,0,0,27,3138,California
Marin,2020-12-26,143,3281,93,2385,50,896,0,0,143,3281,0,0,143,3281,California
Marin,2020-12-27,92,3373,55,2440,37,933,0,0,92,3373,0,0,92,3373,California
Marin,2020-12-28,408,3781,99,2539,309,1242,0,0,408,3781,0,0,408,3781,California
Marin,2020-12-29,402,4183,88,2627,314,1556,0,0,402,4183,0,0,402,4183,California
Marin,2020-12-30,626,4809,388,3015,238,1794,0,0,626,4809,0,0,626,4809,California
Marin,2020-12-31,197,5006,34,3049,163,1957,0,0,197,5006,0,0,197,5006,California
Marin,2021-01-01,18,5024,8,3057,10,1967,0,0,18,5024,0,0,18,5024,California
Marin,2021-01-02,108,5132,102,3159,6,1973,0,0,108,5132,0,0,108,5132,California
Marin,2021-01-03,54,5186,36,3195,18,1991,0,0,51,5183,0,0,51,5183,California
Marin,2021-01-04,296,5482,192,3387,104,2095,0,0,295,5477,1,1,295,5478,California
Marin,2021-01-05,369,5851,222,3609,147,2242,0,0,326,5760,43,44,326,5804,California
Marin,2021-01-06,819,6670,318,3927,501,2743,0,0,641,6223,178,222,641,6445,California
Marin,2021-01-07,890,7560,503,4430,387,3130,0,0,543,6419,347,569,543,6988,California
Marin,2021-01-08,970,8530,514,4944,456,3586,0,0,594,6638,375,944,594,7582,California
Marin,2021-01-09,620,9150,224,5168,396,3982,0,0,488,6994,132,1076,488,8070,California
Marin,2021-01-10,129,9279,100,5268,29,4011,0,0,55,6975,74,1150,55,8125,California
Marin,2021-01-11,468,9747,326,5594,142,4153,0,0,248,7005,220,1370,250,8375,California
Marin,2021-01-12,936,10683,540,6134,396,4549,0,0,569,7210,364,1734,569,8944,California
Marin,2021-01-13,1177,11860,499,6633,678,5227,0,0,939,7911,238,1972,939,9883,California
Marin,2021-01-14,1069,12929,318,6951,751,5978,0,0,919,8682,148,2120,919,10802,California
Marin,2021-01-15,1157,14086,354,7305,803,6781,0,0,1027,9581,129,2249,1028,11830,California
Marin,2021-01-16,1121,15207,914,8219,207,6988,0,0,1047,10554,74,2323,1047,12877,California
Marin,2021-01-17,1232,16439,1113,9332,119,7107,0,0,1203,11732,28,2351,1206,14083,California
Marin,2021-01-18,360,16799,159,9491,201,7308,0,0,309,11990,51,2402,309,14392,California
Marin,2021-01-19,1154,17953,912,10403,242,7550,0,0,982,12801,171,2573,982,15374,California
Marin,2021-01-20,1792,19745,1210,11613,582,8132,0,0,1062,13144,719,3292,1062,16436,California
Marin,2021-01-21,1687,21432,1062,12675,625,8757,0,0,1333,14128,351,3643,1335,17771,California
Marin,2021-01-22,1701,23133,1089,13764,612,9369,0,0,1532,15491,169,3812,1532,19303,California
Marin,2021-01-23,1844,24977,1342,15106,502,9871,0,0,1755,17158,88,3900,1755,21058,California
Marin,2021-01-24,615,25592,166,15272,449,10320,0,0,583,17709,32,3932,583,21641,California
Marin,2021-01-25,1129,26721,229,15501,900,11220,0,0,694,17969,435,4367,695,22336,California
Marin,2021-01-26,1505,28226,783,16284,722,11942,0,0,1130,18725,374,4741,1130,23466,California
Marin,2021-01-27,1714,29940,886,17170,828,12770,0,0,1352,19718,360,5101,1353,24819,California
Marin,2021-01-28,2081,32021,1071,18241,1010,13780,0,0,1817,21273,263,5364,1818,26637,California
Marin,2021-01-29,2196,34217,1447,19688,749,14529,0,0,1991,23072,193,5557,1992,28629,California
Marin,2021-01-30,1721,35938,906,20594,815,15344,0,0,1641,24634,80,5637,1642,30271,California
Marin,2021-01-31,458,36396,321,20915,137,15481,0,0,432,25040,26,5663,432,30703,California
Marin,2021-02-01,1094,37490,419,21334,675,16156,0,0,894,25736,199,5862,895,31598,California
Marin,2021-02-02,1352,38842,464,21798,888,17044,0,0,722,25839,619,6481,722,32320,California
Marin,2021-02-03,1783,40625,431,22229,1352,18396,0,0,1257,26571,525,7006,1257,33577,California
Marin,2021-02-04,1540,42165,513,22742,1027,19423,0,0,937,26908,600,7606,937,34514,California
Marin,2021-02-05,2181,44346,684,23426,1497,20920,0,0,1343,27417,834,8440,1343,35857,California
Marin,2021-02-06,1427,45773,851,24277,576,21496,0,0,605,27201,821,9261,605,36462,California
Marin,2021-02-07,1292,47065,1010,25287,282,21778,0,0,490,26890,801,10062,490,36952,California
Marin,2021-02-08,1522,48587,754,26041,768,22546,0,0,726,26822,794,10856,726,37678,California
Marin,2021-02-09,1781,50368,1122,27163,659,23205,0,0,835,26711,946,11802,835,38513,California
Marin,2021-02-10,2340,52708,1493,28656,847,24052,0,0,1217,26808,1121,12923,1218,39731,California
Marin,2021-02-11,2872,55580,1646,30302,1226,25278,0,0,1452,26849,1414,14337,1455,41186,California
Marin,2021-02-12,3064,58644,1540,31842,1524,26802,0,0,1563,26914,1498,15835,1563,42749,California
Marin,2021-02-13,2339,60983,1243,33085,1096,27898,0,0,1131,26839,1206,17041,1131,43880,California
Marin,2021-02-14,812,61795,302,33387,510,28408,0,0,719,27466,93,17134,720,44600,California
Marin,2021-02-15,1215,63010,355,33742,860,29268,0,0,835,27923,379,17513,836,45436,California
Marin,2021-02-16,2467,65477,1057,34799,1410,30678,0,0,1506,28469,960,18473,1506,46942,California
Marin,2021-02-17,2103,67580,944,35743,1159,31837,0,0,1089,28547,1012,19485,1090,48032,California
Marin,2021-02-18,2418,69998,1583,37326,835,32672,0,0,1059,28248,1358,20843,1059,49091,California
Marin,2021-02-19,2764,72762,2159,39485,605,33277,0,0,1221,27940,1530,22373,1222,50313,California
Marin,2021-02-20,2566,75328,2112,41597,454,33731,0,0,1217,27817,1341,23714,1218,51531,California
Marin,2021-02-21,1307,76635,1113,42710,194,33925,0,0,929,28372,374,24088,929,52460,California
Marin,2021-02-22,1833,78468,1412,44122,421,34346,0,0,1219,28979,612,24700,1219,53679,California
Marin,2021-02-23,2861,81329,1640,45762,1221,35567,0,0,1928,29986,922,25622,1929,55608,California
Marin,2021-02-24,3516,84845,1615,47377,1901,37468,0,0,2256,30990,1253,26875,2257,57865,California
Marin,2021-02-25,3938,88783,1814,49191,2124,39592,0,0,2779,32618,1152,28027,2780,60645,California
Marin,2021-02-26,3499,92282,1893,51084,1606,41198,0,0,2540,34212,947,28974,2541,63186,California
Marin,2021-02-27,2624,94906,1506,52590,1118,42316,0,0,1786,35165,835,29809,1788,64974,California
Marin,2021-02-28,1381,96287,920,53510,461,42777,0,0,1043,35873,335,30144,1043,66017,California
Marin,2021-03-01,2511,98798,1561,55071,950,43727,0,0,1688,36745,816,30960,1688,67705,California
Marin,2021-03-02,2524,101322,1684,56755,839,44566,1,1,1755,37735,766,31726,1756,69461,California
Marin,2021-03-03,4330,105652,2409,59164,1917,46483,4,5,2803,39021,1521,33247,2807,72268,California
Marin,2021-03-04,3390,109042,1668,60832,1721,48204,1,6,2372,40386,1011,34258,2376,74644,California
Marin,2021-03-05,3078,112120,1180,62012,1886,50090,12,18,1804,40932,1270,35528,1816,76460,California
Marin,2021-03-06,3235,115355,2321,64333,836,50926,78,96,2660,43099,570,36098,2737,79197,California
Marin,2021-03-07,1391,116746,1171,65504,196,51122,24,120,999,43735,387,36485,1023,80220,California
Marin,2021-03-08,1897,118643,1392,66896,388,51510,117,237,1427,44812,467,36952,1544,81764,California
Marin,2021-03-09,2225,120868,1342,68238,775,52285,108,345,1545,45786,678,37630,1652,83416,California
Marin,2021-03-10,4452,125320,2506,70744,1663,53948,283,628,3215,48054,1232,38862,3500,86916,California
Marin,2021-03-11,4569,129889,1878,72622,2556,56504,135,763,3274,50175,1288,40150,3409,90325,California
Marin,2021-03-12,3991,133880,1550,74172,2084,58588,357,1120,1573,49698,2407,42557,1930,92255,California
Marin,2021-03-13,4102,137982,2864,77036,1166,59754,72,1192,2425,50515,1675,44232,2492,94747,California
Marin,2021-03-14,2281,140263,1103,78139,1061,60815,117,1309,712,49776,1567,45799,828,95575,California
Marin,2021-03-15,3245,143508,1778,79917,1419,62234,48,1357,1229,49047,2005,47804,1276,96851,California
Marin,2021-03-16,4310,147818,2322,82239,1624,63858,364,1721,1503,48108,2804,50608,1865,98716,California
Marin,2021-03-17,4193,152011,2280,84519,1866,65724,47,1768,2059,48091,2122,52730,2105,100821,California
Marin,2021-03-18,4498,156509,2270,86789,2153,67877,75,1843,2255,48191,2227,54957,2327,103148,California
Marin,2021-03-19,4481,160990,2296,89085,1966,69843,219,2062,2432,48801,2039,56996,2649,105797,California
Marin,2021-03-20,3577,164567,1981,91066,1482,71325,114,2176,2024,49396,1544,58540,2139,107936,California
Marin,2021-03-21,1537,166104,1132,92198,380,71705,25,2201,799,49484,736,59276,824,108760,California
Marin,2021-03-22,2468,168572,2134,94332,169,71874,165,2366,988,49161,1476,60752,1153,109913,California
Marin,2021-03-23,4248,172820,2200,96532,1918,73792,130,2496,1875,48799,2367,63119,2005,111918,California
Marin,2021-03-24,4422,177242,2900,99432,1418,75210,104,2600,1798,48088,2611,65730,1900,113818,California
Marin,2021-03-25,4647,181889,2837,102269,1742,76952,68,2668,2257,48034,2377,68107,2323,116141,California
Marin,2021-03-26,4293,186182,2330,104599,1749,78701,214,2882,2405,48782,1871,69978,2619,118760,California
Marin,2021-03-27,3708,189890,2661,107260,1028,79729,19,2901,1136,47383,2562,72540,1163,119923,California
Marin,2021-03-28,2382,192272,1721,108981,655,80384,6,2907,1091,47196,1284,73824,1097,121020,California
Marin,2021-03-29,2688,194960,2092,111073,571,80955,25,2932,1164,46864,1522,75346,1190,122210,California
Marin,2021-03-30,4655,199615,3645,114718,977,81932,33,2965,2949,48144,1703,77049,2983,125193,California
Marin,2021-03-31,5806,205421,4109,118827,1648,83580,49,3014,2542,47485,3252,80301,2593,127786,California
Marin,2021-04-01,4426,209847,2282,121109,1893,85473,251,3265,2109,47543,2308,82609,2366,130152,California
Marin,2021-04-02,3728,213575,1854,122963,1510,86983,364,3629,2000,48187,1720,84329,2364,132516,California
Marin,2021-04-03,3901,217476,2560,125523,969,87952,372,4001,1500,47687,2389,86718,1889,134405,California
Marin,2021-04-04,1652,219128,1241,126764,207,88159,204,4205,1201,48643,449,87167,1405,135810,California
Marin,2021-04-05,2203,221331,1530,128294,301,88460,372,4577,1261,49337,937,88104,1631,137441,California
Marin,2021-04-06,3952,225283,2111,130405,1291,89751,550,5127,2193,50324,1754,89858,2741,140182,California
Marin,2021-04-07,3940,229223,1997,132402,1304,91055,639,5766,1443,49917,2490,92348,2083,142265,California
Marin,2021-04-08,5001,234224,1959,134361,2435,93490,607,6373,2281,50084,2711,95059,2878,145143,California
Marin,2021-04-09,3955,238179,1544,135905,1686,95176,725,7098,1299,49454,2651,97710,2021,147164,California
Marin,2021-04-10,3188,241367,1462,137367,1294,96470,432,7530,1435,49578,1741,99451,1865,149029,California
Marin,2021-04-11,1059,242426,804,138171,93,96563,162,7692,474,49630,583,100034,635,149664,California
Marin,2021-04-12,1736,244162,1236,139407,340,96903,160,7852,924,49907,808,100842,1085,150749,California
Marin,2021-04-13,3712,247874,2273,141680,1432,98335,7,7859,1348,48908,2354,103196,1355,152104,California
Marin,2021-04-14,4162,252036,2482,144162,1677,100012,3,7862,1712,48181,2440,105636,1713,153817,California
Marin,2021-04-15,5557,257593,3936,148098,1621,101633,0,7862,3181,48999,2364,108000,3182,156999,California
Marin,2021-04-16,4242,261835,2236,150334,2003,103636,3,7865,2062,48897,2168,110168,2066,159065,California
Marin,2021-04-17,3524,265359,2153,152487,1371,105007,0,7865,1763,48904,1756,111924,1763,160828,California
Marin,2021-04-18,3178,268537,3075,155562,103,105110,0,7865,2541,50811,634,112558,2541,163369,California
Marin,2021-04-19,2042,270579,1871,157433,171,105281,0,7865,1160,51095,878,113436,1162,164531,California
Marin,2021-04-20,3695,274274,2555,159988,1140,106421,0,7865,1475,50357,2214,115650,1476,166007,California
Marin,2021-04-21,4004,278278,2944,162932,1057,107478,3,7868,1376,49122,2612,118262,1377,167384,California
Marin,2021-04-22,4214,282492,3211,166143,1003,108481,0,7868,1486,47891,2720,120982,1489,168873,California
Marin,2021-04-23,3230,285722,1828,167971,1402,109883,0,7868,1235,47141,1986,122968,1236,170109,California
Marin,2021-04-24,2523,288245,1693,169664,829,110712,1,7869,926,46480,1588,124556,927,171036,California
Marin,2021-04-25,1387,289632,1269,170933,118,110830,0,7869,311,45721,1070,125626,311,171347,California
Marin,2021-04-26,1551,291183,1348,172281,200,111030,3,7872,348,44874,1199,126825,352,171699,California
Marin,2021-04-27,2972,294155,2169,174450,765,111795,38,7910,971,43887,1992,128817,1005,172704,California
Marin,2021-04-28,2302,296457,1589,176039,665,112460,48,7958,728,43091,1571,130388,775,173479,California
Marin,2021-04-29,2875,299332,1970,178009,843,113303,62,8020,788,41861,2080,132468,850,174329,California
Marin,2021-04-30,1950,301282,1275,179284,587,113890,88,8108,698,41401,1246,133714,786,175115,California
Marin,2021-05-01,1810,303092,1004,180288,783,114673,23,8131,523,40667,1280,134994,546,175661,California
Marin,2021-05-02,724,303816,587,180875,108,114781,29,8160,200,40375,520,135514,228,175889,California
Marin,2021-05-03,1215,305031,990,181865,170,114951,55,8215,263,39743,949,136463,317,176206,California
Marin,2021-05-04,2918,307949,1961,183826,867,115818,90,8305,470,37862,2441,138904,560,176766,California
Marin,2021-05-05,2717,310666,1994,185820,601,116419,122,8427,440,36153,2271,141175,562,177328,California
Marin,2021-05-06,3256,313922,2530,188350,637,117056,89,8516,426,33844,2822,143997,513,177841,California
Marin,2021-05-07,2028,315950,1542,189892,400,117456,86,8602,379,32666,1641,145638,463,178304,California
Marin,2021-05-08,2464,318414,1858,191750,484,117940,122,8724,338,31008,2118,147756,460,178764,California
Marin,2021-05-09,987,319401,901,192651,65,118005,21,8745,118,30283,865,148621,140,178904,California
Marin,2021-05-10,1405,320806,1149,193800,186,118191,70,8815,200,29351,1201,149822,269,179173,California
Marin,2021-05-11,2283,323089,1835,195635,394,118585,54,8869,292,27707,1989,151811,345,179518,California
Marin,2021-05-12,1392,324481,1030,196665,291,118876,71,8940,272,26933,1115,152926,341,179859,California
Marin,2021-05-13,2476,326957,2147,198812,271,119147,58,8998,1328,27176,1142,154068,1385,181244,California
Marin,2021-05-14,2232,329189,1463,200275,666,119813,103,9101,908,26871,1316,155384,1011,182255,California
Marin,2021-05-15,2704,331893,2232,202507,389,120202,83,9184,1624,27500,1078,156462,1707,183962,California
Marin,2021-05-16,1633,333526,1571,204078,57,120259,5,9189,1308,28490,323,156785,1313,185275,California
Marin,2021-05-17,2022,335548,1877,205955,99,120358,46,9235,1611,29744,403,157188,1657,186932,California
Marin,2021-05-18,1510,337058,1206,207161,256,120614,48,9283,815,29917,689,157877,862,187794,California
Marin,2021-05-19,1490,338548,1211,208372,221,120835,58,9341,779,30049,705,158582,837,188631,California
Marin,2021-05-20,1107,339655,969,209341,109,120944,29,9370,436,29847,667,159249,465,189096,California
Mariposa,2020-12-17,37,37,37,37,0,0,0,0,39,39,0,0,39,39,California
Mariposa,2020-12-18,55,92,55,92,0,0,0,0,56,95,0,0,56,95,California
Mariposa,2020-12-20,2,94,2,94,0,0,0,0,2,97,0,0,2,97,California
Mariposa,2020-12-21,49,143,49,143,0,0,0,0,53,150,0,0,53,150,California
Mariposa,2020-12-22,5,148,5,148,0,0,0,0,5,155,0,0,5,155,California
Mariposa,2020-12-23,16,164,16,164,0,0,0,0,16,171,0,0,16,171,California
Mariposa,2020-12-24,1,165,0,164,1,1,0,0,0,171,0,0,0,171,California
Mariposa,2020-12-26,1,166,1,165,0,1,0,0,1,172,0,0,1,172,California
Mariposa,2020-12-27,1,167,0,165,1,2,0,0,1,173,0,0,1,173,California
Mariposa,2020-12-28,6,173,3,168,3,5,0,0,6,179,0,0,6,179,California
Mariposa,2020-12-29,33,206,3,171,30,35,0,0,33,212,0,0,33,212,California
Mariposa,2020-12-30,25,231,4,175,21,56,0,0,25,237,0,0,25,237,California
Mariposa,2020-12-31,16,247,0,175,16,72,0,0,16,253,0,0,16,253,California
Mariposa,2021-01-02,1,248,1,176,0,72,0,0,1,254,0,0,1,254,California
Mariposa,2021-01-04,8,256,1,177,7,79,0,0,8,262,0,0,8,262,California
Mariposa,2021-01-05,24,280,14,191,10,89,0,0,14,266,10,10,14,276,California
Mariposa,2021-01-06,6,286,3,194,3,92,0,0,3,266,3,13,3,279,California
Mariposa,2021-01-07,51,337,46,240,5,97,0,0,5,225,46,59,5,284,California
Mariposa,2021-01-08,108,445,79,319,29,126,0,0,33,183,75,134,33,317,California
Mariposa,2021-01-09,1,446,0,319,1,127,0,0,1,184,0,134,1,318,California
Mariposa,2021-01-11,31,477,10,329,21,148,0,0,23,199,8,142,23,341,California
Mariposa,2021-01-12,20,497,5,334,15,163,0,0,16,211,4,146,16,357,California
Mariposa,2021-01-13,21,518,4,338,17,180,0,0,18,226,3,149,18,375,California
Mariposa,2021-01-14,73,591,7,345,66,246,0,0,67,287,6,155,67,442,California
Mariposa,2021-01-15,68,659,27,372,41,287,0,0,58,335,10,165,58,500,California
Mariposa,2021-01-16,14,673,2,374,12,299,0,0,13,347,1,166,13,513,California
Mariposa,2021-01-17,2,675,0,374,2,301,0,0,2,349,0,166,2,515,California
Mariposa,2021-01-18,3,678,3,377,0,301,0,0,1,348,2,168,1,516,California
Mariposa,2021-01-19,8,686,4,381,4,305,0,0,5,351,2,170,5,521,California
Mariposa,2021-01-20,23,709,1,382,22,327,0,0,22,372,1,171,22,543,California
Mariposa,2021-01-21,65,774,7,389,58,385,0,0,61,429,4,175,61,604,California
Mariposa,2021-01-22,56,830,2,391,54,439,0,0,56,485,0,175,56,660,California
Mariposa,2021-01-23,116,946,2,393,114,553,0,0,115,599,1,176,115,775,California
Mariposa,2021-01-24,2,948,2,395,0,553,0,0,2,601,0,176,2,777,California
Mariposa,2021-01-25,4,952,1,396,3,556,0,0,0,597,4,180,0,777,California
Mariposa,2021-01-26,36,988,4,400,32,588,0,0,4,573,32,212,8,785,California
Mariposa,2021-01-27,23,1011,1,401,22,610,0,0,13,576,10,222,13,798,California
Mariposa,2021-01-28,126,1137,3,404,123,733,0,0,113,677,12,234,113,911,California
Mariposa,2021-01-29,84,1221,22,426,62,795,0,0,83,759,1,235,83,994,California
Mariposa,2021-01-30,9,1230,1,427,8,803,0,0,8,766,1,236,8,1002,California
Mariposa,2021-01-31,1,1231,0,427,1,804,0,0,1,767,0,236,1,1003,California
Mariposa,2021-02-01,87,1318,30,457,57,861,0,0,66,812,21,257,66,1069,California
Mariposa,2021-02-02,15,1333,3,460,12,873,0,0,9,815,6,263,9,1078,California
Mariposa,2021-02-03,20,1353,1,461,19,892,0,0,14,823,6,269,14,1092,California
Mariposa,2021-02-04,98,1451,8,469,90,982,0,0,93,913,4,273,94,1186,California
Mariposa,2021-02-05,191,1642,5,474,186,1168,0,0,165,1052,26,299,165,1351,California
Mariposa,2021-02-06,11,1653,4,478,7,1175,0,0,10,1061,1,300,10,1361,California
Mariposa,2021-02-07,1,1654,0,478,1,1176,0,0,1,1062,0,300,1,1362,California
Mariposa,2021-02-08,40,1694,2,480,38,1214,0,0,21,1064,19,319,21,1383,California
Mariposa,2021-02-09,43,1737,25,505,18,1232,0,0,37,1095,6,325,37,1420,California
Mariposa,2021-02-10,28,1765,5,510,23,1255,0,0,17,1108,10,335,23,1443,California
Mariposa,2021-02-11,375,2140,5,515,370,1625,0,0,361,1458,14,349,364,1807,California
Mariposa,2021-02-12,185,2325,8,523,177,1802,0,0,141,1555,44,393,141,1948,California
Mariposa,2021-02-13,11,2336,3,526,8,1810,0,0,9,1562,2,395,9,1957,California
Mariposa,2021-02-14,8,2344,4,530,4,1814,0,0,5,1564,3,398,5,1962,California
Mariposa,2021-02-15,9,2353,3,533,6,1820,0,0,7,1569,2,400,7,1969,California
Mariposa,2021-02-16,57,2410,34,567,23,1843,0,0,34,1580,23,423,34,2003,California
Mariposa,2021-02-17,36,2446,8,575,28,1871,0,0,27,1600,8,431,28,2031,California
Mariposa,2021-02-18,57,2503,7,582,50,1921,0,0,20,1583,37,468,20,2051,California
Mariposa,2021-02-19,82,2585,3,585,79,2000,0,0,76,1653,6,474,76,2127,California
Mariposa,2021-02-20,252,2837,4,589,248,2248,0,0,222,1846,29,503,222,2349,California
Mariposa,2021-02-21,236,3073,3,592,233,2481,0,0,235,2080,1,504,235,2584,California
Mariposa,2021-02-22,23,3096,7,599,16,2497,0,0,21,2099,2,506,21,2605,California
Mariposa,2021-02-23,42,3138,36,635,6,2503,0,0,25,2107,17,523,25,2630,California
Mariposa,2021-02-24,20,3158,3,638,17,2520,0,0,8,2104,11,534,8,2638,California
Mariposa,2021-02-25,17,3175,8,646,9,2529,0,0,11,2109,6,540,11,2649,California
Mariposa,2021-02-26,422,3597,7,653,415,2944,0,0,361,2410,61,601,362,3011,California
Mariposa,2021-02-27,170,3767,5,658,165,3109,0,0,159,2558,11,612,159,3170,California
Mariposa,2021-02-28,2,3769,1,659,1,3110,0,0,0,2556,2,614,0,3170,California
Mariposa,2021-03-01,82,3851,26,685,56,3166,0,0,17,2509,64,678,17,3187,California
Mariposa,2021-03-02,21,3872,14,699,7,3173,0,0,11,2511,9,687,11,3198,California
Mariposa,2021-03-03,71,3943,5,704,66,3239,0,0,65,2571,6,693,66,3264,California
Mariposa,2021-03-04,38,3981,9,713,29,3268,0,0,20,2574,18,711,21,3285,California
Mariposa,2021-03-05,55,4036,9,722,46,3314,0,0,38,2600,17,728,43,3328,California
Mariposa,2021-03-06,15,4051,6,728,9,3323,0,0,7,2599,8,736,7,3335,California
Mariposa,2021-03-07,1,4052,1,729,0,3323,0,0,0,2598,1,737,0,3335,California
Mariposa,2021-03-08,38,4090,4,733,23,3346,11,11,9,2589,29,766,20,3355,California
Mariposa,2021-03-09,45,4135,18,751,17,3363,10,21,14,2582,31,797,24,3379,California
Mariposa,2021-03-10,31,4166,9,760,12,3375,10,31,10,2581,21,818,20,3399,California
Mariposa,2021-03-11,468,4634,6,766,443,3818,19,50,226,2588,241,1059,248,3647,California
Mariposa,2021-03-12,254,4888,8,774,219,4037,27,77,114,2588,140,1199,140,3787,California
Mariposa,2021-03-13,32,4920,6,780,11,4048,15,92,11,2592,21,1220,25,3812,California
Mariposa,2021-03-14,17,4937,2,782,4,4052,11,103,3,2592,14,1234,14,3826,California
Mariposa,2021-03-15,76,5013,7,789,31,4083,38,141,31,2616,45,1279,69,3895,California
Mariposa,2021-03-16,82,5095,32,821,15,4098,35,176,24,2617,58,1337,59,3954,California
Mariposa,2021-03-17,71,5166,10,831,53,4151,8,184,51,2657,19,1356,59,4013,California
Mariposa,2021-03-18,66,5232,15,846,41,4192,10,194,41,2683,25,1381,51,4064,California
Mariposa,2021-03-19,338,5570,11,857,322,4514,5,199,303,2956,35,1416,308,4372,California
Mariposa,2021-03-20,425,5995,5,862,418,4932,2,201,46,2626,379,1795,49,4421,California
Mariposa,2021-03-21,15,6010,9,871,5,4937,1,202,10,2633,4,1799,11,4432,California
Mariposa,2021-03-22,37,6047,7,878,22,4959,8,210,25,2655,12,1811,34,4466,California
Mariposa,2021-03-23,53,6100,33,911,10,4969,10,220,32,2676,21,1832,42,4508,California
Mariposa,2021-03-24,55,6155,5,916,48,5017,2,222,50,2723,5,1837,52,4560,California
Mariposa,2021-03-25,76,6231,15,931,53,5070,8,230,54,2765,20,1857,62,4622,California
Mariposa,2021-03-26,488,6719,9,940,478,5548,1,231,252,2782,236,2093,253,4875,California
Mariposa,2021-03-27,225,6944,8,948,217,5765,0,231,90,2740,135,2228,93,4968,California
Mariposa,2021-03-28,5,6949,0,948,2,5767,3,234,1,2740,4,2232,4,4972,California
Mariposa,2021-03-29,19,6968,6,954,13,5780,0,234,12,2745,7,2239,12,4984,California
Mariposa,2021-03-30,36,7004,13,967,7,5787,16,250,13,2751,23,2262,29,5013,California
Mariposa,2021-03-31,89,7093,16,983,66,5853,7,257,69,2807,20,2282,76,5089,California
Mariposa,2021-04-01,54,7147,10,993,36,5889,8,265,34,2829,20,2302,42,5131,California
Mariposa,2021-04-02,347,7494,11,1004,334,6223,2,267,307,3099,39,2341,309,5440,California
Mariposa,2021-04-03,10,7504,7,1011,3,6226,0,267,5,3099,5,2346,5,5445,California
Mariposa,2021-04-04,2,7506,1,1012,0,6226,1,268,0,3098,2,2348,1,5446,California
Mariposa,2021-04-05,33,7539,23,1035,7,6233,3,271,17,3102,16,2364,20,5466,California
Mariposa,2021-04-06,43,7582,20,1055,7,6240,16,287,13,3102,29,2393,29,5495,California
Mariposa,2021-04-07,98,7680,6,1061,73,6313,19,306,28,3079,70,2463,47,5542,California
Mariposa,2021-04-08,277,7957,13,1074,245,6558,19,325,142,3108,133,2596,162,5704,California
Mariposa,2021-04-09,38,7995,9,1083,14,6572,15,340,11,3107,27,2623,26,5730,California
Mariposa,2021-04-10,201,8196,3,1086,188,6760,10,350,186,3289,13,2636,195,5925,California
Mariposa,2021-04-11,124,8320,4,1090,118,6878,2,352,57,3282,67,2703,60,5985,California
Mariposa,2021-04-12,42,8362,13,1103,27,6905,2,354,13,3268,29,2732,15,6000,California
Mariposa,2021-04-13,53,8415,45,1148,8,6913,0,354,34,3283,19,2751,34,6034,California
Mariposa,2021-04-14,112,8527,7,1155,105,7018,0,354,58,3288,53,2804,58,6092,California
Mariposa,2021-04-15,58,8585,16,1171,42,7060,0,354,43,3319,12,2816,43,6135,California
Mariposa,2021-04-16,381,8966,11,1182,370,7430,0,354,106,3150,275,3091,106,6241,California
Mariposa,2021-04-17,10,8976,5,1187,5,7435,0,354,7,3154,3,3094,7,6248,California
Mariposa,2021-04-18,7,8983,0,1187,7,7442,0,354,3,3153,4,3098,3,6251,California
Mariposa,2021-04-19,56,9039,25,1212,31,7473,0,354,29,3157,25,3123,29,6280,California
Mariposa,2021-04-20,63,9102,50,1262,13,7486,0,354,40,3176,21,3144,40,6320,California
Mariposa,2021-04-21,90,9192,13,1275,77,7563,0,354,41,3169,48,3192,41,6361,California
Mariposa,2021-04-22,47,9239,8,1283,39,7602,0,354,37,3197,9,3201,37,6398,California
Mariposa,2021-04-23,314,9553,69,1352,245,7847,0,354,144,3172,170,3371,145,6543,California
Mariposa,2021-04-24,105,9658,10,1362,95,7942,0,354,42,3152,62,3433,42,6585,California
Mariposa,2021-04-26,15,9673,10,1372,5,7947,0,354,5,3147,10,3443,5,6590,California
Mariposa,2021-04-27,31,9704,16,1388,14,7961,1,355,15,3150,13,3456,16,6606,California
Mariposa,2021-04-28,74,9778,13,1401,54,8015,7,362,29,3141,45,3501,36,6642,California
Mariposa,2021-04-29,84,9862,12,1413,71,8086,1,363,79,3216,5,3506,80,6722,California
Mariposa,2021-04-30,209,10071,5,1418,199,8285,5,368,63,3138,146,3652,68,6790,California
Mariposa,2021-05-01,2,10073,2,1420,0,8285,0,368,0,3136,2,3654,0,6790,California
Mariposa,2021-05-02,3,10076,2,1422,0,8285,1,369,0,3134,3,3657,1,6791,California
Mariposa,2021-05-03,16,10092,12,1434,3,8288,1,370,7,3134,8,3665,8,6799,California
Mariposa,2021-05-04,50,10142,31,1465,15,8303,4,374,36,3160,14,3679,40,6839,California
Mariposa,2021-05-05,56,10198,8,1473,46,8349,2,376,17,3140,39,3718,19,6858,California
Mariposa,2021-05-06,54,10252,35,1508,14,8363,5,381,38,3167,16,3734,43,6901,California
Mariposa,2021-05-07,27,10279,7,1515,17,8380,3,384,13,3169,14,3748,16,6917,California
Mariposa,2021-05-08,281,10560,4,1519,277,8657,0,384,34,2958,247,3995,36,6953,California
Mariposa,2021-05-09,2,10562,1,1520,1,8658,0,384,0,2956,2,3997,0,6953,California
Mariposa,2021-05-10,19,10581,8,1528,9,8667,2,386,4,2947,15,4012,6,6959,California
Mariposa,2021-05-11,29,10610,19,1547,10,8677,0,386,20,2959,8,4020,20,6979,California
Mariposa,2021-05-12,65,10675,4,1551,58,8735,3,389,6,2909,59,4079,9,6988,California
Mariposa,2021-05-13,48,10723,8,1559,38,8773,2,391,14,2891,34,4113,16,7004,California
Mariposa,2021-05-14,250,10973,121,1680,122,8895,7,398,118,2884,132,4245,125,7129,California
Mariposa,2021-05-15,18,10991,7,1687,10,8905,1,399,9,2885,9,4254,10,7139,California
Mariposa,2021-05-16,3,10994,1,1688,1,8906,1,400,1,2885,2,4256,2,7141,California
Mariposa,2021-05-17,15,11009,6,1694,5,8911,4,404,6,2886,9,4265,10,7151,California
Mariposa,2021-05-18,62,11071,42,1736,15,8926,5,409,46,2922,15,4280,51,7202,California
Mariposa,2021-05-19,66,11137,33,1769,32,8958,1,410,48,2954,17,4297,49,7251,California
Mariposa,2021-05-20,25,11162,15,1784,9,8967,1,411,10,2950,15,4312,11,7262,California
Mendocino,2020-12-17,70,70,70,70,0,0,0,0,70,70,0,0,70,70,California
Mendocino,2020-12-18,85,155,84,154,1,1,0,0,84,154,0,0,84,154,California
Mendocino,2020-12-19,4,159,4,158,0,1,0,0,4,158,0,0,4,158,California
Mendocino,2020-12-20,7,166,7,165,0,1,0,0,7,165,0,0,7,165,California
Mendocino,2020-12-21,241,407,241,406,0,1,0,0,77,242,0,0,77,242,California
Mendocino,2020-12-22,251,658,190,596,61,62,0,0,251,493,0,0,251,493,California
Mendocino,2020-12-23,270,928,47,643,223,285,0,0,269,762,0,0,269,762,California
Mendocino,2020-12-24,49,977,8,651,41,326,0,0,49,811,0,0,49,811,California
Mendocino,2020-12-25,1,978,0,651,1,327,0,0,1,812,0,0,1,812,California
Mendocino,2020-12-26,2,980,2,653,0,327,0,0,2,814,0,0,2,814,California
Mendocino,2020-12-27,1,981,0,653,1,328,0,0,1,815,0,0,1,815,California
Mendocino,2020-12-28,74,1055,9,662,65,393,0,0,74,889,0,0,74,889,California
Mendocino,2020-12-29,122,1177,61,723,61,454,0,0,122,1011,0,0,122,1011,California
Mendocino,2020-12-30,123,1300,68,791,55,509,0,0,123,1134,0,0,123,1134,California
Mendocino,2020-12-31,132,1432,97,888,35,544,0,0,132,1266,0,0,132,1266,California
Mendocino,2021-01-01,8,1440,6,894,2,546,0,0,8,1274,0,0,8,1274,California
Mendocino,2021-01-04,839,2279,19,913,820,1366,0,0,839,2113,0,0,839,2113,California
Mendocino,2021-01-05,72,2351,36,949,36,1402,0,0,59,2159,13,13,59,2172,California
Mendocino,2021-01-06,155,2506,133,1082,22,1424,0,0,145,2294,10,23,145,2317,California
Mendocino,2021-01-07,358,2864,238,1320,120,1544,0,0,295,2526,63,86,295,2612,California
Mendocino,2021-01-08,95,2959,82,1402,13,1557,0,0,41,2514,54,140,42,2654,California
Mendocino,2021-01-09,10,2969,6,1408,4,1561,0,0,8,2520,2,142,8,2662,California
Mendocino,2021-01-10,9,2978,8,1416,1,1562,0,0,2,2515,7,149,2,2664,California
Mendocino,2021-01-11,101,3079,92,1508,9,1571,0,0,43,2501,57,206,43,2707,California
Mendocino,2021-01-12,385,3464,375,1883,10,1581,0,0,269,2654,116,322,269,2976,California
Mendocino,2021-01-13,487,3951,145,2028,342,1923,0,0,445,3060,40,362,446,3422,California
Mendocino,2021-01-14,639,4590,20,2048,619,2542,0,0,630,3681,9,371,630,4052,California
Mendocino,2021-01-15,1860,6450,861,2909,999,3541,0,0,1855,5532,5,376,1856,5908,California
Mendocino,2021-01-16,791,7241,50,2959,741,4282,0,0,789,6319,2,378,789,6697,California
Mendocino,2021-01-17,553,7794,1,2960,552,4834,0,0,552,6870,1,379,552,7249,California
Mendocino,2021-01-18,487,8281,462,3422,25,4859,0,0,475,7333,12,391,475,7724,California
Mendocino,2021-01-19,334,8615,148,3570,186,5045,0,0,158,7315,176,567,158,7882,California
Mendocino,2021-01-20,554,9169,407,3977,147,5192,0,0,448,7660,104,671,449,8331,California
Mendocino,2021-01-21,538,9707,225,4202,313,5505,0,0,352,7827,185,856,352,8683,California
Mendocino,2021-01-22,149,9856,58,4260,91,5596,0,0,110,7898,39,895,110,8793,California
Mendocino,2021-01-23,156,10012,84,4344,72,5668,0,0,150,8042,6,901,150,8943,California
Mendocino,2021-01-24,5,10017,3,4347,2,5670,0,0,5,8047,0,901,5,8948,California
Mendocino,2021-01-25,191,10208,18,4365,173,5843,0,0,121,8098,70,971,121,9069,California
Mendocino,2021-01-26,155,10363,55,4420,100,5943,0,0,95,8133,60,1031,95,9164,California
Mendocino,2021-01-27,441,10804,371,4791,70,6013,0,0,175,8049,259,1290,175,9339,California
Mendocino,2021-01-28,590,11394,526,5317,64,6077,0,0,495,8450,94,1384,495,9834,California
Mendocino,2021-01-29,392,11786,351,5668,41,6118,0,0,363,8785,29,1413,364,10198,California
Mendocino,2021-01-30,49,11835,31,5699,18,6136,0,0,42,8820,7,1420,42,10240,California
Mendocino,2021-01-31,274,12109,2,5701,272,6408,0,0,4,8554,270,1690,4,10244,California
Mendocino,2021-02-01,381,12490,52,5753,329,6737,0,0,59,8291,322,2012,59,10303,California
Mendocino,2021-02-02,733,13223,513,6266,220,6957,0,0,374,8306,359,2371,374,10677,California
Mendocino,2021-02-03,392,13615,207,6473,185,7142,0,0,223,8362,167,2538,223,10900,California
Mendocino,2021-02-04,625,14240,530,7003,95,7237,0,0,501,8739,124,2662,501,11401,California
Mendocino,2021-02-05,1302,15542,1214,8217,88,7325,0,0,584,8607,716,3378,584,11985,California
Mendocino,2021-02-06,559,16101,158,8375,401,7726,0,0,544,9136,15,3393,544,12529,California
Mendocino,2021-02-07,32,16133,28,8403,4,7730,0,0,32,9168,0,3393,32,12561,California
Mendocino,2021-02-08,747,16880,715,9118,32,7762,0,0,285,8991,462,3855,285,12846,California
Mendocino,2021-02-09,141,17021,58,9176,83,7845,0,0,89,9028,52,3907,89,12935,California
Mendocino,2021-02-10,1490,18511,924,10100,566,8411,0,0,744,9033,739,4646,744,13679,California
Mendocino,2021-02-11,1192,19703,208,10308,984,9395,0,0,298,8437,894,5540,298,13977,California
Mendocino,2021-02-12,1445,21148,163,10471,1282,10677,0,0,654,8307,790,6330,660,14637,California
Mendocino,2021-02-13,497,21645,12,10483,485,11162,0,0,104,8024,392,6722,109,14746,California
Mendocino,2021-02-14,693,22338,3,10486,690,11852,0,0,134,7599,559,7281,134,14880,California
Mendocino,2021-02-15,330,22668,42,10528,288,12140,0,0,175,7619,155,7436,175,15055,California
Mendocino,2021-02-16,201,22869,51,10579,150,12290,0,0,130,7678,71,7507,130,15185,California
Mendocino,2021-02-17,1352,24221,1190,11769,162,12452,0,0,877,8082,473,7980,877,16062,California
Mendocino,2021-02-18,1791,26012,645,12414,1146,13598,0,0,1225,8742,565,8545,1225,17287,California
Mendocino,2021-02-19,754,26766,147,12561,607,14205,0,0,615,9218,139,8684,615,17902,California
Mendocino,2021-02-20,578,27344,552,13113,26,14231,0,0,547,9736,29,8713,547,18449,California
Mendocino,2021-02-21,325,27669,6,13119,319,14550,0,0,313,10038,11,8724,313,18762,California
Mendocino,2021-02-22,162,27831,30,13149,132,14682,0,0,69,10016,91,8815,69,18831,California
Mendocino,2021-02-23,855,28686,841,13990,14,14696,0,0,646,10455,207,9022,646,19477,California
Mendocino,2021-02-24,1849,30535,1769,15759,80,14776,0,0,1438,11489,406,9428,1440,20917,California
Mendocino,2021-02-25,1708,32243,533,16292,1175,15951,0,0,1287,12356,420,9848,1287,22204,California
Mendocino,2021-02-26,1415,33658,749,17041,666,16617,0,0,1048,13040,364,10212,1048,23252,California
Mendocino,2021-02-27,200,33858,152,17193,48,16665,0,0,77,12995,122,10334,77,23329,California
Mendocino,2021-02-28,36,33894,14,17207,22,16687,0,0,24,13007,12,10346,24,23353,California
Mendocino,2021-03-01,589,34483,545,17752,44,16731,0,0,549,13519,37,10383,549,23902,California
Mendocino,2021-03-02,75,34558,28,17780,47,16778,0,0,41,13527,33,10416,41,23943,California
Mendocino,2021-03-03,2029,36587,1332,19112,697,17475,0,0,1379,14258,648,11064,1379,25322,California
Mendocino,2021-03-04,1849,38436,147,19259,1702,19177,0,0,1630,15673,216,11280,1631,26953,California
Mendocino,2021-03-05,474,38910,414,19673,51,19228,9,9,370,15952,100,11380,379,27332,California
Mendocino,2021-03-06,244,39154,21,19694,198,19426,25,34,203,16140,40,11420,228,27560,California
Mendocino,2021-03-07,506,39660,8,19702,478,19904,20,54,118,15890,387,11807,137,27697,California
Mendocino,2021-03-08,126,39786,30,19732,58,19962,38,92,64,15932,60,11867,102,27799,California
Mendocino,2021-03-09,939,40725,599,20331,299,20261,41,133,834,16702,105,11972,875,28674,California
Mendocino,2021-03-10,1144,41869,983,21314,96,20357,65,198,272,16174,868,12840,340,29014,California
Mendocino,2021-03-11,840,42709,626,21940,160,20517,54,252,398,16187,439,13279,452,29466,California
Mendocino,2021-03-12,2061,44770,1052,22992,897,21414,112,364,1233,16711,821,14100,1345,30811,California
Mendocino,2021-03-13,702,45472,571,23563,73,21487,58,422,107,16285,591,14691,165,30976,California
Mendocino,2021-03-14,105,45577,3,23566,95,21582,7,429,12,16215,89,14780,19,30995,California
Mendocino,2021-03-15,598,46175,50,23616,490,22072,58,487,209,16093,388,15168,266,31261,California
Mendocino,2021-03-16,583,46758,386,24002,151,22223,46,533,123,15804,458,15626,169,31430,California
Mendocino,2021-03-17,1580,48338,1377,25379,55,22278,148,681,215,14812,1362,16988,370,31800,California
Mendocino,2021-03-18,1312,49650,248,25627,1026,23304,38,719,283,14114,1021,18009,323,32123,California
Mendocino,2021-03-19,1772,51422,857,26484,854,24158,61,780,333,13075,1435,19444,396,32519,California
Mendocino,2021-03-20,68,51490,10,26494,37,24195,21,801,11,13050,57,19501,32,32551,California
Mendocino,2021-03-21,8,51498,1,26495,2,24197,5,806,3,13053,5,19506,8,32559,California
Mendocino,2021-03-22,624,52122,580,27075,15,24212,29,835,140,12741,480,19986,168,32727,California
Mendocino,2021-03-23,165,52287,33,27108,102,24314,30,865,115,12836,50,20036,145,32872,California
Mendocino,2021-03-24,913,53200,840,27948,26,24340,47,912,113,12198,798,20834,160,33032,California
Mendocino,2021-03-25,1991,55191,50,27998,1921,26261,20,932,170,10571,1815,22649,188,33220,California
Mendocino,2021-03-26,509,55700,359,28357,125,26386,25,957,110,10307,399,23048,135,33355,California
Mendocino,2021-03-27,143,55843,13,28370,118,26504,12,969,81,10338,61,23109,92,33447,California
Mendocino,2021-03-28,25,55868,5,28375,16,26520,4,973,3,10324,21,23130,7,33454,California
Mendocino,2021-03-29,187,56055,99,28474,46,26566,42,1015,95,10369,92,23222,137,33591,California
Mendocino,2021-03-30,686,56741,601,29075,48,26614,37,1052,105,9931,580,23802,142,33733,California
Mendocino,2021-03-31,873,57614,275,29350,538,27152,60,1112,143,9407,728,24530,204,33937,California
Mendocino,2021-04-01,1717,59331,400,29750,1238,28390,79,1191,375,8533,1334,25864,460,34397,California
Mendocino,2021-04-02,1288,60619,1058,30808,157,28547,73,1264,156,7635,1128,26992,230,34627,California
Mendocino,2021-04-03,706,61325,9,30817,676,29223,21,1285,84,7123,618,27610,106,34733,California
Mendocino,2021-04-04,69,61394,34,30851,29,29252,6,1291,53,7166,16,27626,59,34792,California
Mendocino,2021-04-05,213,61607,142,30993,47,29299,24,1315,128,7230,85,27711,149,34941,California
Mendocino,2021-04-06,396,62003,121,31114,180,29479,95,1410,104,7137,292,28003,199,35140,California
Mendocino,2021-04-07,486,62489,176,31290,65,29544,245,1655,114,7126,369,28372,358,35498,California
Mendocino,2021-04-08,1489,63978,911,32201,463,30007,115,1770,997,7752,486,28858,1112,36610,California
Mendocino,2021-04-09,756,64734,425,32626,170,30177,161,1931,395,7948,360,29218,556,37166,California
Mendocino,2021-04-10,404,65138,91,32717,267,30444,46,1977,99,7788,305,29523,145,37311,California
Mendocino,2021-04-11,122,65260,47,32764,19,30463,56,2033,59,7840,63,29586,115,37426,California
Mendocino,2021-04-12,621,65881,513,33277,48,30511,60,2093,413,8105,208,29794,473,37899,California
Mendocino,2021-04-13,289,66170,226,33503,63,30574,0,2093,221,8258,68,29862,221,38120,California
Mendocino,2021-04-14,515,66685,424,33927,91,30665,0,2093,412,8567,103,29965,412,38532,California
Mendocino,2021-04-15,656,67341,326,34253,330,30995,0,2093,387,8689,265,30230,387,38919,California
Mendocino,2021-04-16,125,67466,52,34305,72,31067,1,2094,77,8720,46,30276,77,38996,California
Mendocino,2021-04-17,197,67663,12,34317,185,31252,0,2094,68,8661,127,30403,68,39064,California
Mendocino,2021-04-18,13,67676,6,34323,7,31259,0,2094,8,8665,4,30407,8,39072,California
Mendocino,2021-04-19,539,68215,514,34837,24,31283,1,2095,432,8992,106,30513,433,39505,California
Mendocino,2021-04-20,418,68633,291,35128,127,31410,0,2095,262,9098,156,30669,262,39767,California
Mendocino,2021-04-21,193,68826,133,35261,59,31469,1,2096,114,9135,77,30746,114,39881,California
Mendocino,2021-04-22,489,69315,314,35575,174,31643,1,2097,321,9290,166,30912,321,40202,California
Mendocino,2021-04-23,851,70166,709,36284,142,31785,0,2097,693,9828,155,31067,693,40895,California
Mendocino,2021-04-24,108,70274,14,36298,94,31879,0,2097,101,9922,7,31074,101,40996,California
Mendocino,2021-04-25,56,70330,32,36330,20,31899,4,2101,18,9906,38,31112,22,41018,California
Mendocino,2021-04-26,293,70623,227,36557,61,31960,5,2106,192,10003,100,31212,197,41215,California
Mendocino,2021-04-27,201,70824,89,36646,85,32045,27,2133,92,10013,108,31320,118,41333,California
Mendocino,2021-04-28,219,71043,147,36793,53,32098,19,2152,125,10063,94,31414,144,41477,California
Mendocino,2021-04-29,1137,72180,840,37633,282,32380,15,2167,105,9153,1030,32444,120,41597,California
Mendocino,2021-04-30,608,72788,386,38019,212,32592,10,2177,229,9014,378,32822,239,41836,California
Mendocino,2021-05-01,472,73260,434,38453,32,32624,6,2183,367,9283,104,32926,373,42209,California
Mendocino,2021-05-02,56,73316,47,38500,6,32630,3,2186,9,9249,46,32972,12,42221,California
Mendocino,2021-05-03,137,73453,75,38575,40,32670,22,2208,40,9216,95,33067,62,42283,California
Mendocino,2021-05-04,377,73830,252,38827,92,32762,33,2241,140,9152,237,33304,173,42456,California
Mendocino,2021-05-05,869,74699,785,39612,69,32831,15,2256,219,8737,649,33953,234,42690,California
Mendocino,2021-05-06,628,75327,380,39992,226,33057,22,2278,152,8437,474,34427,174,42864,California
Mendocino,2021-05-07,179,75506,36,40028,119,33176,24,2302,116,8515,62,34489,140,43004,California
Mendocino,2021-05-08,125,75631,4,40032,120,33296,1,2303,109,8610,15,34504,110,43114,California
Mendocino,2021-05-09,20,75651,5,40037,14,33310,1,2304,3,8597,17,34521,4,43118,California
Mendocino,2021-05-10,232,75883,149,40186,78,33388,5,2309,142,8654,90,34611,147,43265,California
Mendocino,2021-05-11,274,76157,142,40328,115,33503,17,2326,126,8648,148,34759,142,43407,California
Mendocino,2021-05-12,126,76283,79,40407,39,33542,8,2334,36,8604,88,34847,44,43451,California
Mendocino,2021-05-13,1198,77481,1099,41506,84,33626,15,2349,298,8017,900,35747,313,43764,California
Mendocino,2021-05-14,697,78178,485,41991,153,33779,59,2408,234,7853,458,36205,294,44058,California
Mendocino,2021-05-15,88,78266,31,42022,54,33833,3,2411,43,7854,45,36250,46,44104,California
Mendocino,2021-05-16,115,78381,103,42125,11,33844,1,2412,100,7940,15,36265,101,44205,California
Mendocino,2021-05-17,165,78546,78,42203,71,33915,16,2428,93,7977,72,36337,109,44314,California
Mendocino,2021-05-18,243,78789,121,42324,96,34011,26,2454,112,7985,129,36466,137,44451,California
Mendocino,2021-05-19,307,79096,182,42506,108,34119,17,2471,230,8157,75,36541,247,44698,California
Mendocino,2021-05-20,84,79180,5,42511,59,34178,20,2491,30,8154,53,36594,50,44748,California
Merced,2020-12-16,3,3,3,3,0,0,0,0,3,3,0,0,3,3,California
Merced,2020-12-17,5,8,5,8,0,0,0,0,5,8,0,0,5,8,California
Merced,2020-12-18,143,151,143,151,0,0,0,0,143,151,0,0,143,151,California
Merced,2020-12-19,39,190,39,190,0,0,0,0,39,190,0,0,39,190,California
Merced,2020-12-20,18,208,18,208,0,0,0,0,18,208,0,0,18,208,California
Merced,2020-12-21,125,333,122,330,3,3,0,0,125,333,0,0,125,333,California
Merced,2020-12-22,152,485,152,482,0,3,0,0,152,485,0,0,152,485,California
Merced,2020-12-23,247,732,241,723,6,9,0,0,247,732,0,0,247,732,California
Merced,2020-12-24,72,804,72,795,0,9,0,0,72,804,0,0,72,804,California
Merced,2020-12-25,4,808,4,799,0,9,0,0,4,808,0,0,4,808,California
Merced,2020-12-26,6,814,3,802,3,12,0,0,6,814,0,0,6,814,California
Merced,2020-12-27,12,826,11,813,1,13,0,0,12,826,0,0,12,826,California
Merced,2020-12-28,123,949,98,911,25,38,0,0,123,949,0,0,123,949,California
Merced,2020-12-29,180,1129,124,1035,56,94,0,0,180,1129,0,0,180,1129,California
Merced,2020-12-30,214,1343,89,1124,125,219,0,0,214,1343,0,0,214,1343,California
Merced,2020-12-31,103,1446,34,1158,69,288,0,0,103,1446,0,0,103,1446,California
Merced,2021-01-01,5,1451,1,1159,4,292,0,0,5,1451,0,0,5,1451,California
Merced,2021-01-02,129,1580,118,1277,11,303,0,0,129,1580,0,0,129,1580,California
Merced,2021-01-03,9,1589,5,1282,4,307,0,0,9,1589,0,0,9,1589,California
Merced,2021-01-04,80,1669,42,1324,38,345,0,0,80,1669,0,0,80,1669,California
Merced,2021-01-05,319,1988,231,1555,88,433,0,0,313,1978,6,6,315,1984,California
Merced,2021-01-06,254,2242,104,1659,150,583,0,0,248,2220,6,12,248,2232,California
Merced,2021-01-07,185,2427,81,1740,104,687,0,0,175,2384,11,23,175,2407,California
Merced,2021-01-08,527,2954,393,2133,134,821,0,0,376,2610,150,173,376,2783,California
Merced,2021-01-09,23,2977,10,2143,13,834,0,0,17,2621,6,179,17,2800,California
Merced,2021-01-10,11,2988,7,2150,4,838,0,0,7,2624,4,183,7,2807,California
Merced,2021-01-11,227,3215,168,2318,59,897,0,0,102,2603,125,308,104,2911,California
Merced,2021-01-12,292,3507,169,2487,123,1020,0,0,242,2794,51,359,242,3153,California
Merced,2021-01-13,373,3880,174,2661,199,1219,0,0,222,2868,151,510,225,3378,California
Merced,2021-01-14,324,4204,200,2861,124,1343,0,0,159,2864,164,674,160,3538,California
Merced,2021-01-15,580,4784,128,2989,452,1795,0,0,542,3369,39,713,544,4082,California
Merced,2021-01-16,203,4987,122,3111,81,1876,0,0,198,3562,5,718,198,4280,California
Merced,2021-01-17,50,5037,12,3123,38,1914,0,0,49,3610,1,719,49,4329,California
Merced,2021-01-18,261,5298,126,3249,135,2049,0,0,239,3830,22,741,242,4571,California
Merced,2021-01-19,711,6009,587,3836,124,2173,0,0,539,4201,172,913,543,5114,California
Merced,2021-01-20,571,6580,466,4302,105,2278,0,0,514,4661,57,970,517,5631,California
Merced,2021-01-21,1011,7591,649,4951,362,2640,0,0,911,5475,100,1070,914,6545,California
Merced,2021-01-22,1312,8903,693,5644,619,3259,0,0,1285,6745,27,1097,1297,7842,California
Merced,2021-01-23,324,9227,197,5841,127,3386,0,0,217,6855,107,1204,217,8059,California
Merced,2021-01-24,37,9264,15,5856,22,3408,0,0,28,6875,8,1212,28,8087,California
Merced,2021-01-25,729,9993,241,6097,488,3896,0,0,670,7488,58,1270,671,8758,California
Merced,2021-01-26,916,10909,486,6583,430,4326,0,0,675,7950,214,1484,676,9434,California
Merced,2021-01-27,979,11888,582,7165,397,4723,0,0,812,8597,165,1649,812,10246,California
Merced,2021-01-28,1139,13027,593,7758,546,5269,0,0,1016,9492,122,1771,1017,11263,California
Merced,2021-01-29,846,13873,321,8079,525,5794,0,0,600,9856,239,2010,603,11866,California
Merced,2021-01-30,261,14134,28,8107,233,6027,0,0,244,10083,17,2027,244,12110,California
Merced,2021-01-31,46,14180,10,8117,36,6063,0,0,45,10127,1,2028,45,12155,California
Merced,2021-02-01,375,14555,52,8169,323,6386,0,0,325,10404,49,2077,326,12481,California
Merced,2021-02-02,295,14850,181,8350,114,6500,0,0,176,10464,117,2194,177,12658,California
Merced,2021-02-03,348,15198,72,8422,276,6776,0,0,168,10452,180,2374,168,12826,California
Merced,2021-02-04,372,15570,146,8568,226,7002,0,0,241,10564,130,2504,242,13068,California
Merced,2021-02-05,512,16082,172,8740,340,7342,0,0,272,10599,239,2743,274,13342,California
Merced,2021-02-06,389,16471,219,8959,170,7512,0,0,246,10704,142,2885,247,13589,California
Merced,2021-02-07,21,16492,13,8972,8,7520,0,0,14,10711,7,2892,14,13603,California
Merced,2021-02-08,280,16772,197,9169,83,7603,0,0,170,10773,109,3001,171,13774,California
Merced,2021-02-09,1216,17988,955,10124,261,7864,0,0,773,11112,435,3436,774,14548,California
Merced,2021-02-10,1853,19841,1431,11555,422,8286,0,0,1274,11817,569,4005,1274,15822,California
Merced,2021-02-11,2502,22343,2006,13561,496,8782,0,0,1812,12949,680,4685,1812,17634,California
Merced,2021-02-12,1717,24060,1015,14576,702,9484,0,0,745,12733,963,5648,747,18381,California
Merced,2021-02-13,361,24421,206,14782,155,9639,0,0,262,12899,98,5746,264,18645,California
Merced,2021-02-14,117,24538,26,14808,91,9730,0,0,95,12973,22,5768,96,18741,California
Merced,2021-02-15,273,24811,41,14849,232,9962,0,0,168,13043,99,5867,169,18910,California
Merced,2021-02-16,1216,26027,844,15693,372,10334,0,0,837,13521,361,6228,839,19749,California
Merced,2021-02-17,1877,27904,1632,17325,245,10579,0,0,1315,14291,548,6776,1318,21067,California
Merced,2021-02-18,1211,29115,820,18145,391,10970,0,0,407,13915,783,7559,407,21474,California
Merced,2021-02-19,1264,30379,414,18559,850,11820,0,0,537,13733,721,8280,539,22013,California
Merced,2021-02-20,276,30655,31,18590,245,12065,0,0,138,13735,136,8416,138,22151,California
Merced,2021-02-21,77,30732,62,18652,15,12080,0,0,31,13721,45,8461,31,22182,California
Merced,2021-02-22,832,31564,294,18946,538,12618,0,0,482,13855,348,8809,482,22664,California
Merced,2021-02-23,1084,32648,422,19368,662,13280,0,0,639,14056,439,9248,640,23304,California
Merced,2021-02-24,818,33466,302,19670,516,13796,0,0,446,14140,363,9611,447,23751,California
Merced,2021-02-25,1762,35228,870,20540,892,14688,0,0,1311,15005,448,10059,1313,25064,California
Merced,2021-02-26,2151,37379,1378,21918,773,15461,0,0,1739,16335,410,10469,1740,26804,California
Merced,2021-02-27,2530,39909,1104,23022,1426,16887,0,0,2245,18296,284,10753,2245,29049,California
Merced,2021-02-28,307,40216,72,23094,235,17122,0,0,252,18497,51,10804,252,29301,California
Merced,2021-03-01,1119,41335,281,23375,837,17959,1,1,778,18944,332,11136,779,30080,California
Merced,2021-03-02,1754,43089,910,24285,843,18802,1,2,1364,19928,381,11517,1365,31445,California
Merced,2021-03-03,2220,45309,1729,26014,490,19292,1,3,1461,20651,740,12257,1463,32908,California
Merced,2021-03-04,2889,48198,2273,28287,614,19906,2,5,1919,21620,953,13210,1922,34830,California
Merced,2021-03-05,2064,50262,1194,29481,846,20752,24,29,1526,22647,524,13734,1551,36381,California
Merced,2021-03-06,1166,51428,662,30143,482,21234,22,51,910,23324,255,13989,932,37313,California
Merced,2021-03-07,230,51658,66,30209,139,21373,25,76,201,23521,29,14018,226,37539,California
Merced,2021-03-08,1408,53066,810,31019,533,21906,65,141,1194,24565,214,14232,1258,38797,California
Merced,2021-03-09,1698,54764,1003,32022,588,22494,107,248,1099,25179,593,14825,1207,40004,California
Merced,2021-03-10,2694,57458,1867,33889,627,23121,200,448,1620,25943,1060,15885,1824,41828,California
Merced,2021-03-11,1942,59400,692,34581,1046,24167,204,652,1224,26690,703,16588,1450,43278,California
Merced,2021-03-12,2208,61608,903,35484,1037,25204,268,920,1494,27755,709,17297,1774,45052,California
Merced,2021-03-13,725,62333,309,35793,174,25378,242,1162,418,28117,299,17596,661,45713,California
Merced,2021-03-14,249,62582,136,35929,83,25461,30,1192,149,28198,99,17695,180,45893,California
Merced,2021-03-15,1502,64084,494,36423,753,26214,255,1447,985,28927,510,18205,1239,47132,California
Merced,2021-03-16,1461,65545,712,37135,523,26737,226,1673,973,29648,477,18682,1198,48330,California
Merced,2021-03-17,1961,67506,1058,38193,724,27461,179,1852,1510,30897,442,19124,1691,50021,California
Merced,2021-03-18,2048,69554,1178,39371,723,28184,147,1999,1395,31812,640,19764,1555,51576,California
Merced,2021-03-19,2664,72218,1452,40823,1019,29203,193,2192,1385,32123,1268,21032,1579,53155,California
Merced,2021-03-20,2416,74634,1488,42311,533,29736,395,2587,957,32023,1456,22488,1356,54511,California
Merced,2021-03-21,557,75191,343,42654,201,29937,13,2600,437,32355,120,22608,452,54963,California
Merced,2021-03-22,1262,76453,629,43283,557,30494,76,2676,885,32948,370,22978,963,55926,California
Merced,2021-03-23,1833,78286,1106,44389,663,31157,64,2740,1349,33883,479,23457,1414,57340,California
Merced,2021-03-24,1444,79730,908,45297,501,31658,35,2775,965,34410,474,23931,1001,58341,California
Merced,2021-03-25,3310,83040,2274,47571,1014,32672,22,2797,2078,35290,1223,25154,2103,60444,California
Merced,2021-03-26,1932,84972,1084,48655,813,33485,35,2832,890,35182,1032,26186,924,61368,California
Merced,2021-03-27,3515,88487,1895,50550,1223,34708,397,3229,1530,35137,1973,28159,1928,63296,California
Merced,2021-03-28,518,89005,214,50764,297,35005,7,3236,214,35058,302,28461,223,63519,California
Merced,2021-03-29,1823,90828,776,51540,881,35886,166,3402,667,34747,1148,29609,837,64356,California
Merced,2021-03-30,2148,92976,802,52342,1287,37173,59,3461,991,34645,1153,30762,1051,65407,California
Merced,2021-03-31,2131,95107,1404,53746,689,37862,38,3499,952,34473,1164,31926,992,66399,California
Merced,2021-04-01,2185,97292,1022,54768,1038,38900,125,3624,998,34418,1181,33107,1126,67525,California
Merced,2021-04-02,2335,99627,638,55406,1293,40193,404,4028,784,34074,1534,34641,1190,68715,California
Merced,2021-04-03,905,100532,428,55834,464,40657,13,4041,496,34181,405,35046,512,69227,California
Merced,2021-04-04,369,100901,143,55977,222,40879,4,4045,140,34099,228,35274,146,69373,California
Merced,2021-04-05,1267,102168,604,56581,452,41331,211,4256,418,33885,842,36116,628,70001,California
Merced,2021-04-06,2420,104588,897,57478,696,42027,827,5083,890,34075,1526,37642,1716,71717,California
Merced,2021-04-07,1653,106241,888,58366,658,42685,107,5190,586,33718,1052,38694,695,72412,California
Merced,2021-04-08,2294,108535,1170,59536,909,43594,215,5405,811,33290,1452,40146,1024,73436,California
Merced,2021-04-09,1686,110221,472,60008,639,44233,575,5980,562,33321,1108,41254,1139,74575,California
Merced,2021-04-10,697,110918,363,60371,146,44379,188,6168,176,33167,516,41770,362,74937,California
Merced,2021-04-11,488,111406,281,60652,72,44451,135,6303,147,33111,339,42109,283,75220,California
Merced,2021-04-12,1423,112829,930,61582,370,44821,123,6426,815,33477,572,42681,938,76158,California
Merced,2021-04-13,2031,114860,1454,63036,574,45395,3,6429,938,33419,1003,43684,945,77103,California
Merced,2021-04-14,2041,116901,1209,64245,832,46227,0,6429,903,33317,1007,44691,905,78008,California
Merced,2021-04-15,3016,119917,1975,66220,1041,47268,0,6429,955,32444,1833,46524,960,78968,California
Merced,2021-04-16,2360,122277,1148,67368,1212,48480,0,6429,966,32113,1297,47821,966,79934,California
Merced,2021-04-17,1502,123779,854,68222,647,49127,1,6430,376,31370,1120,48941,377,80311,California
Merced,2021-04-18,467,124246,246,68468,221,49348,0,6430,190,31310,250,49191,190,80501,California
Merced,2021-04-19,1326,125572,744,69212,582,49930,0,6430,704,31487,527,49718,704,81205,California
Merced,2021-04-20,1413,126985,733,69945,680,50610,0,6430,787,31717,558,50276,788,81993,California
Merced,2021-04-21,1463,128448,880,70825,583,51193,0,6430,748,31861,604,50880,748,82741,California
Merced,2021-04-22,1603,130051,739,71564,864,52057,0,6430,773,31885,749,51629,773,83514,California
Merced,2021-04-23,1629,131680,668,72232,961,53018,0,6430,882,32068,700,52329,883,84397,California
Merced,2021-04-24,569,132249,399,72631,170,53188,0,6430,390,32284,175,52504,391,84788,California
Merced,2021-04-25,326,132575,186,72817,140,53328,0,6430,192,32344,132,52636,192,84980,California
Merced,2021-04-26,1179,133754,514,73331,665,53993,0,6430,614,32428,532,53168,616,85596,California
Merced,2021-04-27,1721,135475,862,74193,849,54842,10,6440,684,32152,971,54139,695,86291,California
Merced,2021-04-28,1364,136839,676,74869,679,55521,9,6449,781,32382,561,54700,791,87082,California
Merced,2021-04-29,1392,138231,589,75458,778,56299,25,6474,648,32322,735,55435,675,87757,California
Merced,2021-04-30,1443,139674,605,76063,794,57093,44,6518,743,32413,697,56132,788,88545,California
Merced,2021-05-01,556,140230,240,76303,311,57404,5,6523,257,32379,295,56427,261,88806,California
Merced,2021-05-02,291,140521,117,76420,159,57563,15,6538,128,32360,163,56590,144,88950,California
Merced,2021-05-03,789,141310,545,76965,197,57760,47,6585,275,32175,508,57098,323,89273,California
Merced,2021-05-04,1011,142321,540,77505,419,58179,52,6637,371,31962,636,57734,423,89696,California
Merced,2021-05-05,1154,143475,716,78221,362,58541,76,6713,487,31867,658,58392,563,90259,California
Merced,2021-05-06,901,144376,469,78690,383,58924,49,6762,306,31632,590,58982,355,90614,California
Merced,2021-05-07,907,145283,287,78977,579,59503,41,6803,394,31560,509,59491,437,91051,California
Merced,2021-05-08,397,145680,201,79178,160,59663,36,6839,181,31562,215,59706,217,91268,California
Merced,2021-05-09,214,145894,107,79285,99,59762,8,6847,102,31561,111,59817,110,91378,California
Merced,2021-05-10,688,146582,351,79636,301,60063,36,6883,191,31292,496,60313,227,91605,California
Merced,2021-05-11,1095,147677,649,80285,399,60462,47,6930,421,31091,669,60982,468,92073,California
Merced,2021-05-12,840,148517,501,80786,302,60764,37,6967,238,30768,598,61580,275,92348,California
Merced,2021-05-13,708,149225,364,81150,303,61067,41,7008,253,30610,453,62033,295,92643,California
Merced,2021-05-14,928,150153,609,81759,279,61346,40,7048,498,30725,423,62456,538,93181,California
Merced,2021-05-15,710,150863,529,82288,162,61508,19,7067,409,30857,296,62752,428,93609,California
Merced,2021-05-16,325,151188,219,82507,98,61606,8,7075,186,30916,137,62889,196,93805,California
Merced,2021-05-17,1000,152188,630,83137,341,61947,29,7104,468,30885,529,63418,498,94303,California
Merced,2021-05-18,1161,153349,762,83899,373,62320,26,7130,667,31091,487,63905,693,94996,California
Merced,2021-05-19,954,154303,659,84558,289,62609,6,7136,508,31168,442,64347,519,95515,California
Merced,2021-05-20,531,154834,296,84854,204,62813,31,7167,159,30992,371,64718,195,95710,California
Modoc,2020-12-16,1,1,1,1,0,0,0,0,1,1,0,0,1,1,California
Modoc,2020-12-21,99,100,99,100,0,0,0,0,99,100,0,0,99,100,California
Modoc,2020-12-22,14,114,14,114,0,0,0,0,14,114,0,0,14,114,California
Modoc,2020-12-23,4,118,4,118,0,0,0,0,4,118,0,0,4,118,California
Modoc,2020-12-24,1,119,1,119,0,0,0,0,1,119,0,0,1,119,California
Modoc,2020-12-28,2,121,2,121,0,0,0,0,2,121,0,0,2,121,California
Modoc,2020-12-29,10,131,1,122,9,9,0,0,10,131,0,0,10,131,California
Modoc,2020-12-30,7,138,0,122,7,16,0,0,7,138,0,0,7,138,California
Modoc,2021-01-02,3,141,1,123,2,18,0,0,3,141,0,0,3,141,California
Modoc,2021-01-04,8,149,0,123,8,26,0,0,8,149,0,0,8,149,California
Modoc,2021-01-05,2,151,1,124,1,27,0,0,2,151,0,0,2,151,California
Modoc,2021-01-06,3,154,2,126,1,28,0,0,2,152,1,1,2,153,California
Modoc,2021-01-07,72,226,0,126,72,100,0,0,72,224,0,1,72,225,California
Modoc,2021-01-08,105,331,0,126,105,205,0,0,105,329,0,1,105,330,California
Modoc,2021-01-10,1,332,1,127,0,205,0,0,0,328,1,2,0,330,California
Modoc,2021-01-11,90,422,81,208,9,214,0,0,19,276,71,73,19,349,California
Modoc,2021-01-12,94,516,25,233,69,283,0,0,68,318,26,99,68,417,California
Modoc,2021-01-13,24,540,4,237,20,303,0,0,22,338,2,101,22,439,California
Modoc,2021-01-14,129,669,6,243,123,426,0,0,124,457,5,106,124,563,California
Modoc,2021-01-15,6,675,1,244,5,431,0,0,6,463,0,106,6,569,California
Modoc,2021-01-16,1,676,1,245,0,431,0,0,1,464,0,106,1,570,California
Modoc,2021-01-18,1,677,1,246,0,431,0,0,1,465,0,106,1,571,California
Modoc,2021-01-19,5,682,3,249,2,433,0,0,3,466,2,108,3,574,California
Modoc,2021-01-20,11,693,1,250,10,443,0,0,11,477,0,108,11,585,California
Modoc,2021-01-21,157,850,2,252,155,598,0,0,157,634,0,108,157,742,California
Modoc,2021-01-22,2,852,0,252,2,600,0,0,2,636,0,108,2,744,California
Modoc,2021-01-25,11,863,0,252,11,611,0,0,11,647,0,108,11,755,California
Modoc,2021-01-26,65,928,1,253,64,675,0,0,65,712,0,108,65,820,California
Modoc,2021-01-27,41,969,2,255,39,714,0,0,25,721,16,124,25,845,California
Modoc,2021-01-28,145,1114,2,257,143,857,0,0,144,864,1,125,144,989,California
Modoc,2021-01-29,3,1117,1,258,2,859,0,0,3,867,0,125,3,992,California
Modoc,2021-02-01,26,1143,13,271,13,872,0,0,12,865,14,139,12,1004,California
Modoc,2021-02-02,170,1313,2,273,168,1040,0,0,167,1029,3,142,167,1171,California
Modoc,2021-02-03,18,1331,13,286,5,1045,0,0,11,1033,7,149,11,1182,California
Modoc,2021-02-04,155,1486,4,290,151,1196,0,0,27,932,128,277,27,1209,California
Modoc,2021-02-05,4,1490,3,293,1,1197,0,0,3,934,1,278,3,1212,California
Modoc,2021-02-08,9,1499,2,295,7,1204,0,0,8,941,1,279,8,1220,California
Modoc,2021-02-09,197,1696,13,308,184,1388,0,0,65,874,132,411,65,1285,California
Modoc,2021-02-10,5,1701,2,310,3,1391,0,0,4,877,1,412,4,1289,California
Modoc,2021-02-11,201,1902,3,313,198,1589,0,0,83,842,118,530,83,1372,California
Modoc,2021-02-12,4,1906,0,313,4,1593,0,0,2,842,2,532,2,1374,California
Modoc,2021-02-13,1,1907,0,313,1,1594,0,0,1,843,0,532,1,1375,California
Modoc,2021-02-16,147,2054,6,319,141,1735,0,0,143,982,4,536,143,1518,California
Modoc,2021-02-17,24,2078,1,320,23,1758,0,0,12,982,12,548,12,1530,California
Modoc,2021-02-18,188,2266,2,322,186,1944,0,0,25,846,162,710,26,1556,California
Modoc,2021-02-19,2,2268,2,324,0,1944,0,0,2,848,0,710,2,1558,California
Modoc,2021-02-20,1,2269,1,325,0,1944,0,0,0,847,1,711,0,1558,California
Modoc,2021-02-22,17,2286,9,334,8,1952,0,0,3,836,14,725,3,1561,California
Modoc,2021-02-23,20,2306,2,336,18,1970,0,0,1,818,19,744,1,1562,California
Modoc,2021-02-24,91,2397,1,337,90,2060,0,0,31,789,60,804,31,1593,California
Modoc,2021-02-25,169,2566,1,338,168,2228,0,0,13,646,156,960,13,1606,California
Modoc,2021-02-26,3,2569,0,338,3,2231,0,0,1,645,2,962,1,1607,California
Modoc,2021-02-27,5,2574,5,343,0,2231,0,0,2,644,3,965,2,1609,California
Modoc,2021-03-01,5,2579,0,343,5,2236,0,0,0,640,4,969,0,1609,California
Modoc,2021-03-02,193,2772,12,355,181,2417,0,0,26,499,167,1136,26,1635,California
Modoc,2021-03-03,12,2784,6,361,6,2423,0,0,2,491,10,1146,2,1637,California
Modoc,2021-03-04,175,2959,2,363,173,2596,0,0,148,612,27,1173,148,1785,California
Modoc,2021-03-05,4,2963,3,366,1,2597,0,0,2,612,2,1175,2,1787,California
Modoc,2021-03-06,11,2974,0,366,1,2598,10,10,1,613,10,1185,11,1798,California
Modoc,2021-03-07,6,2980,1,367,0,2598,5,15,1,614,5,1190,6,1804,California
Modoc,2021-03-08,8,2988,1,368,3,2601,4,19,1,613,6,1196,5,1809,California
Modoc,2021-03-09,126,3114,10,378,108,2709,8,27,61,617,65,1261,69,1878,California
Modoc,2021-03-10,9,3123,3,381,2,2711,4,31,4,620,5,1266,8,1886,California
Modoc,2021-03-11,207,3330,0,381,99,2810,108,139,22,565,185,1451,130,2016,California
Modoc,2021-03-12,10,3340,1,382,4,2814,5,144,4,568,6,1457,9,2025,California
Modoc,2021-03-13,4,3344,0,382,1,2815,3,147,1,569,3,1460,4,2029,California
Modoc,2021-03-15,12,3356,1,383,10,2825,1,148,10,578,2,1462,11,2040,California
Modoc,2021-03-16,173,3529,1,384,168,2993,4,152,42,492,131,1593,45,2085,California
Modoc,2021-03-17,10,3539,1,385,4,2997,5,157,2,491,8,1601,7,2092,California
Modoc,2021-03-18,67,3606,2,387,58,3055,7,164,35,501,32,1633,42,2134,California
Modoc,2021-03-19,5,3611,0,387,0,3055,5,169,0,501,5,1638,5,2139,California
Modoc,2021-03-20,5,3616,2,389,0,3055,3,172,0,499,5,1643,3,2142,California
Modoc,2021-03-21,4,3620,1,390,1,3056,2,174,2,501,2,1645,4,2146,California
Modoc,2021-03-22,18,3638,1,391,11,3067,6,180,12,513,6,1651,18,2164,California
Modoc,2021-03-23,37,3675,7,398,27,3094,3,183,28,535,9,1660,31,2195,California
Modoc,2021-03-24,29,3704,1,399,18,3112,10,193,1,518,28,1688,11,2206,California
Modoc,2021-03-25,77,3781,1,400,74,3186,2,195,45,533,32,1720,47,2253,California
Modoc,2021-03-26,7,3788,2,402,2,3188,3,198,2,533,5,1725,5,2258,California
Modoc,2021-03-27,2,3790,0,402,1,3189,1,199,1,534,1,1726,2,2260,California
Modoc,2021-03-28,2,3792,1,403,0,3189,1,200,0,533,2,1728,1,2261,California
Modoc,2021-03-29,14,3806,1,404,5,3194,8,208,5,537,9,1737,13,2274,California
Modoc,2021-03-30,55,3861,10,414,38,3232,7,215,21,531,34,1771,28,2302,California
Modoc,2021-03-31,9,3870,3,417,2,3234,4,219,3,532,6,1777,7,2309,California
Modoc,2021-04-01,167,4037,2,419,160,3394,5,224,32,434,135,1912,37,2346,California
Modoc,2021-04-02,5,4042,0,419,2,3396,3,227,1,435,3,1915,4,2350,California
Modoc,2021-04-03,5,4047,2,421,0,3396,3,230,2,437,2,1917,4,2354,California
Modoc,2021-04-05,9,4056,0,421,9,3405,0,230,9,446,0,1917,9,2363,California
Modoc,2021-04-06,24,4080,5,426,9,3414,10,240,6,444,18,1935,16,2379,California
Modoc,2021-04-07,12,4092,1,427,4,3418,7,247,3,445,9,1944,10,2389,California
Modoc,2021-04-08,97,4189,1,428,93,3511,3,250,26,403,71,2015,29,2418,California
Modoc,2021-04-09,11,4200,2,430,6,3517,3,253,2,398,9,2024,4,2422,California
Modoc,2021-04-10,5,4205,0,430,1,3518,4,257,0,397,5,2029,4,2426,California
Modoc,2021-04-11,2,4207,2,432,0,3518,0,257,1,397,1,2030,1,2427,California
Modoc,2021-04-12,14,4221,0,432,10,3528,4,261,1,391,11,2041,5,2432,California
Modoc,2021-04-13,30,4251,29,461,1,3529,0,261,21,403,9,2050,21,2453,California
Modoc,2021-04-14,2,4253,2,463,0,3529,0,261,1,403,1,2051,1,2454,California
Modoc,2021-04-15,100,4353,0,463,100,3629,0,261,27,357,73,2124,27,2481,California
Modoc,2021-04-16,4,4357,4,467,0,3629,0,261,3,359,1,2125,3,2484,California
Modoc,2021-04-17,2,4359,2,469,0,3629,0,261,2,361,0,2125,2,2486,California
Modoc,2021-04-18,1,4360,0,469,1,3630,0,261,1,362,0,2125,1,2487,California
Modoc,2021-04-19,6,4366,0,469,6,3636,0,261,1,358,5,2130,1,2488,California
Modoc,2021-04-20,27,4393,2,471,25,3661,0,261,9,349,18,2148,9,2497,California
Modoc,2021-04-21,4,4397,4,475,0,3661,0,261,1,347,3,2151,1,2498,California
Modoc,2021-04-22,98,4495,4,479,94,3755,0,261,41,331,57,2208,41,2539,California
Modoc,2021-04-23,5,4500,1,480,4,3759,0,261,4,334,1,2209,4,2543,California
Modoc,2021-04-24,3,4503,1,481,1,3760,1,262,2,336,1,2210,3,2546,California
Modoc,2021-04-25,1,4504,1,482,0,3760,0,262,1,337,0,2210,1,2547,California
Modoc,2021-04-26,8,4512,1,483,7,3767,0,262,3,335,5,2215,3,2550,California
Modoc,2021-04-27,6,4518,4,487,1,3768,1,263,1,332,5,2220,2,2552,California
Modoc,2021-04-28,5,4523,1,488,3,3771,1,264,1,330,4,2224,2,2554,California
Modoc,2021-04-29,65,4588,2,490,63,3834,0,264,24,313,41,2265,24,2578,California
Modoc,2021-04-30,5,4593,4,494,1,3835,0,264,3,314,2,2267,3,2581,California
Modoc,2021-05-01,1,4594,1,495,0,3835,0,264,0,313,1,2268,0,2581,California
Modoc,2021-05-02,4,4598,3,498,1,3836,0,264,3,315,1,2269,3,2584,California
Modoc,2021-05-03,10,4608,0,498,9,3845,1,265,0,306,10,2279,1,2585,California
Modoc,2021-05-04,11,4619,3,501,6,3851,2,267,5,307,6,2285,7,2592,California
Modoc,2021-05-05,27,4646,24,525,2,3853,1,268,8,297,19,2304,9,2601,California
Modoc,2021-05-06,54,4700,3,528,49,3902,2,270,21,287,33,2337,23,2624,California
Modoc,2021-05-07,8,4708,3,531,3,3905,2,272,2,285,6,2343,4,2628,California
Modoc,2021-05-08,3,4711,2,533,0,3905,1,273,1,285,2,2345,2,2630,California
Modoc,2021-05-09,2,4713,2,535,0,3905,0,273,1,285,1,2346,1,2631,California
Modoc,2021-05-10,2,4715,0,535,1,3906,1,274,1,286,1,2347,2,2633,California
Modoc,2021-05-11,2,4717,1,536,0,3906,1,275,0,285,2,2349,1,2634,California
Modoc,2021-05-12,3,4720,1,537,0,3906,2,277,1,286,2,2351,3,2637,California
Modoc,2021-05-13,43,4763,2,539,37,3943,4,281,13,273,30,2381,17,2654,California
Modoc,2021-05-14,10,4773,5,544,0,3943,5,286,2,272,8,2389,7,2661,California
Modoc,2021-05-15,5,4778,4,548,1,3944,0,286,5,277,0,2389,5,2666,California
Modoc,2021-05-16,2,4780,1,549,1,3945,0,286,0,275,2,2391,0,2666,California
Modoc,2021-05-17,6,4786,4,553,2,3947,0,286,5,279,1,2392,5,2671,California
Modoc,2021-05-18,23,4809,10,563,11,3958,2,288,13,284,10,2402,15,2686,California
Modoc,2021-05-19,6,4815,1,564,2,3960,3,291,3,287,3,2405,6,2692,California
Modoc,2021-05-20,54,4869,1,565,46,4006,7,298,6,252,48,2453,13,2705,California
Mono,2020-12-18,1,1,1,1,0,0,0,0,1,1,0,0,1,1,California
Mono,2020-12-19,5,6,5,6,0,0,0,0,5,6,0,0,5,6,California
Mono,2020-12-20,7,13,7,13,0,0,0,0,7,13,0,0,7,13,California
Mono,2020-12-21,24,37,17,30,7,7,0,0,24,37,0,0,24,37,California
Mono,2020-12-22,66,103,65,95,1,8,0,0,66,103,0,0,66,103,California
Mono,2020-12-23,70,173,42,137,28,36,0,0,70,173,0,0,70,173,California
Mono,2020-12-24,3,176,1,138,2,38,0,0,3,176,0,0,3,176,California
Mono,2020-12-26,3,179,3,141,0,38,0,0,3,179,0,0,3,179,California
Mono,2020-12-28,94,273,63,204,31,69,0,0,94,273,0,0,94,273,California
Mono,2020-12-29,29,302,29,233,0,69,0,0,29,302,0,0,29,302,California
Mono,2020-12-30,77,379,36,269,41,110,0,0,77,379,0,0,77,379,California
Mono,2020-12-31,4,383,1,270,3,113,0,0,4,383,0,0,4,383,California
Mono,2021-01-01,4,387,4,274,0,113,0,0,4,387,0,0,4,387,California
Mono,2021-01-02,2,389,2,276,0,113,0,0,2,389,0,0,2,389,California
Mono,2021-01-04,2,391,0,276,2,115,0,0,2,391,0,0,2,391,California
Mono,2021-01-05,45,436,2,278,43,158,0,0,44,434,1,1,44,435,California
Mono,2021-01-06,44,480,0,278,44,202,0,0,44,478,0,1,44,479,California
Mono,2021-01-07,55,535,3,281,52,254,0,0,54,531,1,2,54,533,California
Mono,2021-01-08,2,537,1,282,1,255,0,0,1,531,1,3,1,534,California
Mono,2021-01-09,4,541,4,286,0,255,0,0,0,527,4,7,0,534,California
Mono,2021-01-10,5,546,5,291,0,255,0,0,0,522,5,12,0,534,California
Mono,2021-01-11,8,554,5,296,3,258,0,0,4,522,4,16,4,538,California
Mono,2021-01-12,282,836,75,371,207,465,0,0,218,677,63,79,218,756,California
Mono,2021-01-13,233,1069,73,444,160,625,0,0,178,800,55,134,178,934,California
Mono,2021-01-14,73,1142,71,515,2,627,0,0,73,873,0,134,73,1007,California
Mono,2021-01-15,62,1204,2,517,60,687,0,0,62,935,0,134,62,1069,California
Mono,2021-01-16,4,1208,3,520,1,688,0,0,1,933,3,137,1,1070,California
Mono,2021-01-18,64,1272,55,575,9,697,0,0,2,873,62,199,2,1072,California
Mono,2021-01-19,210,1482,208,783,2,699,0,0,172,1008,38,237,173,1245,California
Mono,2021-01-20,230,1712,198,981,32,731,0,0,169,1116,61,298,169,1414,California
Mono,2021-01-21,3,1715,3,984,0,731,0,0,3,1119,0,298,3,1417,California
Mono,2021-01-22,4,1719,0,984,4,735,0,0,4,1123,0,298,4,1421,California
Mono,2021-01-23,595,2314,595,1579,0,735,0,0,594,1716,1,299,594,2015,California
Mono,2021-01-25,202,2516,164,1743,38,773,0,0,163,1840,39,338,163,2178,California
Mono,2021-01-26,505,3021,503,2246,2,775,0,0,499,2333,6,344,499,2677,California
Mono,2021-01-27,5,3026,1,2247,4,779,0,0,5,2338,0,344,5,2682,California
Mono,2021-01-28,6,3032,2,2249,4,783,0,0,2,2336,4,348,2,2684,California
Mono,2021-01-30,202,3234,200,2449,2,785,0,0,201,2536,1,349,201,2885,California
Mono,2021-01-31,243,3477,138,2587,105,890,0,0,139,2571,104,453,139,3024,California
Mono,2021-02-01,27,3504,27,2614,0,890,0,0,0,2544,27,480,0,3024,California
Mono,2021-02-02,5,3509,0,2614,5,895,0,0,2,2543,3,483,2,3026,California
Mono,2021-02-03,4,3513,2,2616,2,897,0,0,2,2543,2,485,2,3028,California
Mono,2021-02-04,211,3724,158,2774,53,950,0,0,90,2512,121,606,90,3118,California
Mono,2021-02-05,617,4341,611,3385,6,956,0,0,614,3123,3,609,614,3732,California
Mono,2021-02-06,138,4479,137,3522,1,957,0,0,137,3259,1,610,137,3869,California
Mono,2021-02-07,2,4481,0,3522,2,959,0,0,2,3261,0,610,2,3871,California
Mono,2021-02-08,172,4653,172,3694,0,959,0,0,15,3120,156,766,15,3886,California
Mono,2021-02-09,226,4879,6,3700,220,1179,0,0,14,2922,212,978,14,3900,California
Mono,2021-02-10,536,5415,186,3886,350,1529,0,0,193,2773,343,1321,194,4094,California
Mono,2021-02-11,7,5422,4,3890,3,1532,0,0,2,2770,5,1326,2,4096,California
Mono,2021-02-12,84,5506,20,3910,64,1596,0,0,26,2738,58,1384,26,4122,California
Mono,2021-02-13,586,6092,586,4496,0,1596,0,0,25,2203,560,1944,25,4147,California
Mono,2021-02-15,166,6258,164,4660,2,1598,0,0,3,2045,161,2105,3,4150,California
Mono,2021-02-16,517,6775,514,5174,3,1601,0,0,45,1621,469,2574,45,4195,California
Mono,2021-02-17,7,6782,2,5176,5,1606,0,0,2,1618,5,2579,2,4197,California
Mono,2021-02-18,3,6785,2,5178,1,1607,0,0,2,1619,1,2580,2,4199,California
Mono,2021-02-19,54,6839,53,5231,1,1608,0,0,54,1673,0,2580,54,4253,California
Mono,2021-02-20,4,6843,4,5235,0,1608,0,0,4,1677,0,2580,4,4257,California
Mono,2021-02-21,6,6849,6,5241,0,1608,0,0,4,1679,2,2582,4,4261,California
Mono,2021-02-22,285,7134,284,5525,1,1609,0,0,24,1443,260,2842,24,4285,California
Mono,2021-02-23,137,7271,117,5642,20,1629,0,0,22,1350,115,2957,22,4307,California
Mono,2021-02-24,10,7281,3,5645,7,1636,0,0,4,1348,6,2963,4,4311,California
Mono,2021-02-25,5,7286,2,5647,3,1639,0,0,3,1350,1,2964,3,4314,California
Mono,2021-02-26,598,7884,596,6243,2,1641,0,0,21,795,576,3540,21,4335,California
Mono,2021-02-27,140,8024,136,6379,4,1645,0,0,4,665,134,3674,4,4339,California
Mono,2021-03-01,3,8027,2,6381,1,1646,0,0,2,667,0,3674,2,4341,California
Mono,2021-03-02,6,8033,4,6385,2,1648,0,0,4,669,2,3676,4,4345,California
Mono,2021-03-03,111,8144,2,6387,109,1757,0,0,108,775,2,3678,108,4453,California
Mono,2021-03-04,5,8149,1,6388,4,1761,0,0,3,776,2,3680,3,4456,California
Mono,2021-03-05,37,8186,27,6415,10,1771,0,0,14,767,23,3703,14,4470,California
Mono,2021-03-06,508,8694,17,6432,491,2262,0,0,500,1262,6,3709,501,4971,California
Mono,2021-03-07,1,8695,0,6432,1,2263,0,0,0,1261,1,3710,0,4971,California
Mono,2021-03-08,538,9233,11,6443,524,2787,3,3,529,1784,9,3719,532,5503,California
Mono,2021-03-09,6,9239,2,6445,3,2790,1,4,3,1786,2,3721,4,5507,California
Mono,2021-03-10,286,9525,90,6535,193,2983,3,7,9,1524,274,3995,12,5519,California
Mono,2021-03-11,10,9535,0,6535,1,2984,9,16,0,1523,10,4005,9,5528,California
Mono,2021-03-12,7,9542,1,6536,1,2985,5,21,0,1521,7,4012,5,5533,California
Mono,2021-03-13,823,10365,386,6922,437,3422,0,21,815,2328,8,4020,815,6348,California
Mono,2021-03-14,4,10369,4,6926,0,3422,0,21,0,2324,4,4024,0,6348,California
Mono,2021-03-15,31,10400,23,6949,3,3425,5,26,14,2327,16,4040,19,6367,California
Mono,2021-03-16,16,10416,6,6955,4,3429,6,32,8,2333,8,4048,14,6381,California
Mono,2021-03-17,34,10450,5,6960,21,3450,8,40,22,2351,12,4060,30,6411,California
Mono,2021-03-18,21,10471,2,6962,11,3461,8,48,9,2356,12,4072,17,6428,California
Mono,2021-03-19,21,10492,1,6963,17,3478,3,51,17,2373,3,4075,20,6448,California
Mono,2021-03-20,5,10497,3,6966,1,3479,1,52,4,2377,1,4076,5,6453,California
Mono,2021-03-21,1,10498,1,6967,0,3479,0,52,1,2378,0,4076,1,6454,California
Mono,2021-03-22,11,10509,0,6967,6,3485,5,57,5,2382,6,4082,10,6464,California
Mono,2021-03-23,42,10551,6,6973,31,3516,5,62,17,2379,25,4107,22,6486,California
Mono,2021-03-24,13,10564,1,6974,7,3523,5,67,5,2381,8,4115,10,6496,California
Mono,2021-03-25,19,10583,3,6977,12,3535,4,71,12,2390,7,4122,16,6512,California
Mono,2021-03-26,19,10602,3,6980,11,3546,5,76,10,2397,8,4130,15,6527,California
Mono,2021-03-27,350,10952,347,7327,3,3549,0,76,324,2695,26,4156,324,6851,California
Mono,2021-03-28,1,10953,1,7328,0,3549,0,76,1,2696,0,4156,1,6852,California
Mono,2021-03-29,10,10963,3,7331,6,3555,1,77,8,2703,2,4158,9,6861,California
Mono,2021-03-30,12,10975,0,7331,8,3563,4,81,7,2709,5,4163,11,6872,California
Mono,2021-03-31,127,11102,7,7338,119,3682,1,82,22,2628,104,4267,23,6895,California
Mono,2021-04-01,8,11110,0,7338,7,3689,1,83,3,2627,5,4272,4,6899,California
Mono,2021-04-02,18,11128,2,7340,16,3705,0,83,7,2623,11,4283,7,6906,California
Mono,2021-04-03,868,11996,372,7712,496,4201,0,83,50,1863,816,5099,56,6962,California
Mono,2021-04-05,530,12526,18,7730,511,4712,1,84,31,1398,498,5597,33,6995,California
Mono,2021-04-06,19,12545,1,7731,5,4717,13,97,1,1394,18,5615,14,7009,California
Mono,2021-04-07,25,12570,3,7734,3,4720,19,116,4,1396,21,5636,23,7032,California
Mono,2021-04-08,22,12592,3,7737,2,4722,17,133,4,1399,18,5654,21,7053,California
Mono,2021-04-09,37,12629,4,7741,4,4726,29,162,7,1405,30,5684,36,7089,California
Mono,2021-04-10,446,13075,2,7743,437,5163,7,169,28,1022,418,6102,35,7124,California
Mono,2021-04-11,1,13076,1,7744,0,5163,0,169,0,1021,1,6103,0,7124,California
Mono,2021-04-12,6,13082,0,7744,3,5166,3,172,3,1024,3,6106,6,7130,California
Mono,2021-04-13,19,13101,2,7746,16,5182,1,173,13,1032,6,6112,14,7144,California
Mono,2021-04-14,26,13127,1,7747,25,5207,0,173,7,1020,19,6131,7,7151,California
Mono,2021-04-15,18,13145,3,7750,15,5222,0,173,9,1020,9,6140,9,7160,California
Mono,2021-04-16,16,13161,1,7751,15,5237,0,173,5,1014,11,6151,5,7165,California
Mono,2021-04-17,51,13212,2,7753,49,5286,0,173,44,1051,7,6158,44,7209,California
Mono,2021-04-18,1,13213,0,7753,1,5287,0,173,1,1052,0,6158,1,7210,California
Mono,2021-04-19,527,13740,319,8072,208,5495,0,173,201,929,324,6482,201,7411,California
Mono,2021-04-20,17,13757,2,8074,15,5510,0,173,12,936,5,6487,12,7423,California
Mono,2021-04-21,9,13766,1,8075,8,5518,0,173,4,935,5,6492,4,7427,California
Mono,2021-04-22,27,13793,13,8088,14,5532,0,173,13,934,14,6506,13,7440,California
Mono,2021-04-23,22,13815,2,8090,20,5552,0,173,12,936,10,6516,12,7452,California
Mono,2021-04-24,33,13848,20,8110,13,5565,0,173,18,939,15,6531,18,7470,California
Mono,2021-04-25,3,13851,2,8112,1,5566,0,173,3,942,0,6531,3,7473,California
Mono,2021-04-26,10,13861,1,8113,9,5575,0,173,2,936,8,6539,2,7475,California
Mono,2021-04-27,66,13927,40,8153,19,5594,7,180,50,977,16,6555,57,7532,California
Mono,2021-04-28,63,13990,41,8194,18,5612,4,184,48,1016,13,6568,52,7584,California
Mono,2021-04-29,8,13998,1,8195,4,5616,3,187,2,1015,6,6574,5,7589,California
Mono,2021-04-30,16,14014,3,8198,10,5626,3,190,8,1018,8,6582,11,7600,California
Mono,2021-05-01,110,14124,4,8202,106,5732,0,190,98,1104,12,6594,98,7698,California
Mono,2021-05-03,1,14125,0,8202,1,5733,0,190,0,1103,1,6595,0,7698,California
Mono,2021-05-04,19,14144,0,8202,13,5746,6,196,10,1110,9,6604,16,7714,California
Mono,2021-05-05,53,14197,8,8210,41,5787,4,200,45,1151,8,6612,49,7763,California
Mono,2021-05-06,13,14210,3,8213,9,5796,1,201,9,1157,4,6616,10,7773,California
Mono,2021-05-07,29,14239,22,8235,7,5803,0,201,25,1178,4,6620,25,7798,California
Mono,2021-05-08,50,14289,5,8240,45,5848,0,201,22,1172,28,6648,22,7820,California
Mono,2021-05-10,17,14306,1,8241,12,5860,4,205,9,1177,8,6656,13,7833,California
Mono,2021-05-11,15,14321,2,8243,10,5870,3,208,5,1175,10,6666,8,7841,California
Mono,2021-05-12,12,14333,0,8243,11,5881,1,209,4,1172,8,6674,5,7846,California
Mono,2021-05-13,49,14382,35,8278,14,5895,0,209,40,1203,9,6683,40,7886,California
Mono,2021-05-14,8,14390,1,8279,6,5901,1,210,3,1202,5,6688,4,7890,California
Mono,2021-05-15,68,14458,27,8306,35,5936,6,216,20,1180,48,6736,26,7916,California
Mono,2021-05-16,9,14467,8,8314,1,5937,0,216,6,1183,3,6739,6,7922,California
Mono,2021-05-17,245,14712,32,8346,206,6143,7,223,56,1058,188,6927,63,7985,California
Mono,2021-05-18,127,14839,107,8453,20,6163,0,223,82,1095,45,6972,82,8067,California
Mono,2021-05-19,115,14954,112,8565,2,6165,1,224,75,1131,40,7012,76,8143,California
Mono,2021-05-20,24,14978,23,8588,1,6166,0,224,21,1150,2,7014,21,8164,California
Monterey,2020-12-16,5,5,5,5,0,0,0,0,5,5,0,0,5,5,California
Monterey,2020-12-17,83,88,83,88,0,0,0,0,83,88,0,0,83,88,California
Monterey,2020-12-18,482,570,482,570,0,0,0,0,482,570,0,0,482,570,California
Monterey,2020-12-19,581,1151,580,1150,1,1,0,0,581,1151,0,0,581,1151,California
Monterey,2020-12-20,422,1573,422,1572,0,1,0,0,422,1573,0,0,422,1573,California
Monterey,2020-12-21,718,2291,718,2290,0,1,0,0,718,2291,0,0,718,2291,California
Monterey,2020-12-22,533,2824,520,2810,13,14,0,0,533,2824,0,0,533,2824,California
Monterey,2020-12-23,437,3261,262,3072,175,189,0,0,437,3261,0,0,437,3261,California
Monterey,2020-12-24,84,3345,10,3082,74,263,0,0,84,3345,0,0,84,3345,California
Monterey,2020-12-25,6,3351,0,3082,6,269,0,0,6,3351,0,0,6,3351,California
Monterey,2020-12-26,92,3443,5,3087,87,356,0,0,92,3443,0,0,92,3443,California
Monterey,2020-12-27,7,3450,4,3091,3,359,0,0,7,3450,0,0,7,3450,California
Monterey,2020-12-28,475,3925,25,3116,450,809,0,0,475,3925,0,0,475,3925,California
Monterey,2020-12-29,898,4823,167,3283,731,1540,0,0,898,4823,0,0,898,4823,California
Monterey,2020-12-30,567,5390,98,3381,469,2009,0,0,567,5390,0,0,567,5390,California
Monterey,2020-12-31,33,5423,11,3392,22,2031,0,0,33,5423,0,0,33,5423,California
Monterey,2021-01-01,12,5435,2,3394,10,2041,0,0,12,5435,0,0,12,5435,California
Monterey,2021-01-02,137,5572,134,3528,3,2044,0,0,137,5572,0,0,137,5572,California
Monterey,2021-01-03,30,5602,29,3557,1,2045,0,0,30,5602,0,0,30,5602,California
Monterey,2021-01-04,411,6013,18,3575,393,2438,0,0,411,6013,0,0,411,6013,California
Monterey,2021-01-05,752,6765,327,3902,425,2863,0,0,738,6737,14,14,738,6751,California
Monterey,2021-01-06,656,7421,172,4074,484,3347,0,0,634,7349,22,36,634,7385,California
Monterey,2021-01-07,745,8166,571,4645,174,3521,0,0,422,7450,321,357,422,7807,California
Monterey,2021-01-08,1087,9253,734,5379,353,3874,0,0,394,7151,693,1050,394,8201,California
Monterey,2021-01-09,965,10218,936,6315,29,3903,0,0,312,6811,652,1702,312,8513,California
Monterey,2021-01-10,274,10492,271,6586,3,3906,0,0,9,6555,265,1967,9,8522,California
Monterey,2021-01-11,1064,11556,984,7570,80,3986,0,0,362,6215,702,2669,362,8884,California
Monterey,2021-01-12,465,12021,388,7958,77,4063,0,0,204,6158,261,2930,204,9088,California
Monterey,2021-01-13,1217,13238,593,8551,624,4687,0,0,1171,7283,46,2976,1171,10259,California
Monterey,2021-01-14,1119,14357,165,8716,954,5641,0,0,1100,8368,19,2995,1104,11363,California
Monterey,2021-01-15,1046,15403,45,8761,1001,6642,0,0,1033,9388,13,3008,1033,12396,California
Monterey,2021-01-16,363,15766,300,9061,63,6705,0,0,358,9741,5,3013,358,12754,California
Monterey,2021-01-17,310,16076,289,9350,21,6726,0,0,297,10025,13,3026,297,13051,California
Monterey,2021-01-18,401,16477,50,9400,351,7077,0,0,380,10384,21,3047,380,13431,California
Monterey,2021-01-19,578,17055,396,9796,182,7259,0,0,419,10646,157,3204,419,13850,California
Monterey,2021-01-20,538,17593,270,10066,268,7527,0,0,332,10772,206,3410,332,14182,California
Monterey,2021-01-21,841,18434,92,10158,749,8276,0,0,731,11397,110,3520,735,14917,California
Monterey,2021-01-22,1050,19484,193,10351,857,9133,0,0,1011,12369,39,3559,1011,15928,California
Monterey,2021-01-23,241,19725,175,10526,66,9199,0,0,118,12366,122,3681,119,16047,California
Monterey,2021-01-24,56,19781,38,10564,18,9217,0,0,22,12354,34,3715,22,16069,California
Monterey,2021-01-25,797,20578,173,10737,624,9841,0,0,172,11908,618,4333,172,16241,California
Monterey,2021-01-26,939,21517,224,10961,715,10556,0,0,247,11463,692,5025,247,16488,California
Monterey,2021-01-27,861,22378,312,11273,549,11105,0,0,383,11368,478,5503,383,16871,California
Monterey,2021-01-28,2023,24401,739,12012,1284,12389,0,0,1682,12711,341,5844,1684,18555,California
Monterey,2021-01-29,1230,25631,707,12719,523,12912,0,0,1113,13709,116,5960,1114,19669,California
Monterey,2021-01-30,457,26088,294,13013,163,13075,0,0,201,13654,256,6216,201,19870,California
Monterey,2021-01-31,493,26581,71,13084,422,13497,0,0,483,14128,10,6226,484,20354,California
Monterey,2021-02-01,1652,28233,1140,14224,512,14009,0,0,1089,14655,562,6788,1089,21443,California
Monterey,2021-02-02,2168,30401,463,14687,1705,15714,0,0,1561,15610,606,7394,1561,23004,California
Monterey,2021-02-03,2328,32729,1045,15732,1283,16997,0,0,1553,16392,771,8165,1553,24557,California
Monterey,2021-02-04,2788,35517,2088,17820,700,17697,0,0,2479,18564,307,8472,2479,27036,California
Monterey,2021-02-05,3657,39174,2821,20641,836,18533,0,0,3221,21354,431,8903,3221,30257,California
Monterey,2021-02-06,1098,40272,379,21020,719,19252,0,0,756,21770,340,9243,756,31013,California
Monterey,2021-02-07,315,40587,270,21290,45,19297,0,0,96,21647,219,9462,96,31109,California
Monterey,2021-02-08,515,41102,290,21580,225,19522,0,0,426,21984,89,9551,426,31535,California
Monterey,2021-02-09,863,41965,675,22255,188,19710,0,0,553,22229,310,9861,555,32090,California
Monterey,2021-02-10,2085,44050,1113,23368,972,20682,0,0,1235,22615,850,10711,1236,33326,California
Monterey,2021-02-11,2500,46550,971,24339,1529,22211,0,0,1545,23209,953,11664,1547,34873,California
Monterey,2021-02-12,2585,49135,429,24768,2156,24367,0,0,1517,23660,1067,12731,1518,36391,California
Monterey,2021-02-13,1069,50204,50,24818,1019,25386,0,0,978,24547,91,12822,978,37369,California
Monterey,2021-02-14,592,50796,73,24891,519,25905,0,0,519,24993,73,12895,519,37888,California
Monterey,2021-02-15,1366,52162,160,25051,1206,27111,0,0,981,25592,383,13278,982,38870,California
Monterey,2021-02-16,1091,53253,245,25296,846,27957,0,0,867,26235,224,13502,867,39737,California
Monterey,2021-02-17,1942,55195,1164,26460,778,28735,0,0,1639,27575,301,13803,1641,41378,California
Monterey,2021-02-18,2226,57421,1177,27637,1049,29784,0,0,909,27183,1303,15106,911,42289,California
Monterey,2021-02-19,2937,60358,1534,29171,1403,31187,0,0,1346,26940,1590,16696,1347,43636,California
Monterey,2021-02-20,1008,61366,608,29779,400,31587,0,0,952,27837,55,16751,952,44588,California
Monterey,2021-02-21,1247,62613,1219,30998,28,31615,0,0,1177,28946,68,16819,1177,45765,California
Monterey,2021-02-22,991,63604,844,31842,147,31762,0,0,644,29245,345,17164,644,46409,California
Monterey,2021-02-23,966,64570,622,32464,344,32106,0,0,303,28887,662,17826,304,46713,California
Monterey,2021-02-24,2465,67035,1316,33780,1149,33255,0,0,1852,30132,608,18434,1853,48566,California
Monterey,2021-02-25,4409,71444,2419,36199,1990,35245,0,0,1477,28685,2925,21359,1478,50044,California
Monterey,2021-02-26,5248,76692,3081,39280,2167,37412,0,0,2623,28687,2622,23981,2624,52668,California
Monterey,2021-02-27,1018,77710,187,39467,831,38243,0,0,810,29294,203,24184,810,53478,California
Monterey,2021-02-28,1529,79239,82,39549,1447,39690,0,0,1067,29904,457,24641,1067,54545,California
Monterey,2021-03-01,1284,80523,139,39688,1142,40832,3,3,746,30121,533,25174,750,55295,California
Monterey,2021-03-02,2790,83313,1729,41417,1061,41893,0,3,1931,31197,855,26029,1931,57226,California
Monterey,2021-03-03,3209,86522,1245,42662,1964,43857,0,3,1268,30527,1939,27968,1269,58495,California
Monterey,2021-03-04,4571,91093,1472,44134,3099,46956,0,3,2955,31870,1612,29580,2955,61450,California
Monterey,2021-03-05,3605,94698,1623,45757,1705,48661,277,280,2961,34465,643,30223,3238,64688,California
Monterey,2021-03-06,5057,99755,1068,46825,3686,52347,303,583,4153,38018,901,31124,4454,69142,California
Monterey,2021-03-07,520,100275,108,46933,167,52514,245,828,233,38207,287,31411,476,69618,California
Monterey,2021-03-08,1658,101933,327,47260,942,53456,389,1217,1118,39172,540,31951,1505,71123,California
Monterey,2021-03-09,1924,103857,696,47956,952,54408,276,1493,1427,40377,496,32447,1701,72824,California
Monterey,2021-03-10,3131,106988,1029,48985,1614,56022,488,1981,1424,40588,1700,34147,1911,74735,California
Monterey,2021-03-11,4110,111098,1409,50394,2328,58350,373,2354,2349,41556,1754,35901,2722,77457,California
Monterey,2021-03-12,4317,115415,2048,52442,2133,60483,136,2490,2632,42641,1682,37583,2767,80224,California
Monterey,2021-03-13,5273,120688,961,53403,3965,64448,347,2837,3964,45643,1309,38892,4311,84535,California
Monterey,2021-03-14,2149,122837,1327,54730,797,65245,25,2862,572,44674,1566,40458,597,85132,California
Monterey,2021-03-15,3939,126776,1267,55997,2383,67628,289,3151,2254,45536,1680,42138,2542,87674,California
Monterey,2021-03-16,3490,130266,575,56572,2540,70168,375,3526,2078,46574,1411,43549,2449,90123,California
Monterey,2021-03-17,5722,135988,2346,58918,3119,73287,257,3783,4118,49357,1597,45146,4380,94503,California
Monterey,2021-03-18,4356,140344,2154,61072,2034,75321,168,3951,2998,51208,1352,46498,3203,97706,California
Monterey,2021-03-19,5392,145736,2559,63631,2689,78010,144,4095,4117,54200,1270,47768,4262,101968,California
Monterey,2021-03-20,3362,149098,419,64050,2248,80258,695,4790,2276,56088,1083,48851,2971,104939,California
Monterey,2021-03-21,623,149721,200,64250,415,80673,8,4798,555,56584,66,48917,562,105501,California
Monterey,2021-03-22,2460,152181,1435,65685,963,81636,62,4860,2251,58690,205,49122,2311,107812,California
Monterey,2021-03-23,3974,156155,2350,68035,1581,83217,43,4903,2512,59787,1457,50579,2554,110366,California
Monterey,2021-03-24,4994,161149,2088,70123,2594,85811,312,5215,3633,62372,1357,51936,3942,114308,California
Monterey,2021-03-25,5212,166361,1210,71333,3645,89456,357,5572,2585,62696,2620,54556,2944,117252,California
Monterey,2021-03-26,5318,171679,2602,73935,2639,92095,77,5649,2668,62803,2641,57197,2748,120000,California
Monterey,2021-03-27,4830,176509,1439,75374,3135,95230,256,5905,3112,64462,1715,58912,3374,123374,California
Monterey,2021-03-28,1106,177615,332,75706,765,95995,9,5914,621,64613,480,59392,631,124005,California
Monterey,2021-03-29,3170,180785,1404,77110,1752,97747,14,5928,1949,65367,1213,60605,1967,125972,California
Monterey,2021-03-30,4438,185223,2131,79241,2264,100011,43,5971,2712,66410,1716,62321,2759,128731,California
Monterey,2021-03-31,5305,190528,2377,81618,2134,102145,794,6765,3336,68566,1966,64287,4122,132853,California
Monterey,2021-04-01,6117,196645,2114,83732,3590,105735,413,7178,3086,69053,3016,67303,3503,136356,California
Monterey,2021-04-02,4694,201339,2252,85984,2381,108116,61,7239,3192,70810,1501,68804,3258,139614,California
Monterey,2021-04-03,5916,207255,1111,87095,3779,111895,1026,8265,1229,68387,4674,73478,2251,141865,California
Monterey,2021-04-04,764,208019,157,87252,593,112488,14,8279,494,68627,270,73748,510,142375,California
Monterey,2021-04-05,3991,212010,2473,89725,1288,113776,230,8509,1475,67822,2511,76259,1706,144081,California
Monterey,2021-04-06,3347,215357,1325,91050,1549,115325,473,8982,1121,67190,2224,78483,1592,145673,California
Monterey,2021-04-07,5505,220862,1365,92415,3629,118954,511,9493,2655,67514,2839,81322,3163,148836,California
Monterey,2021-04-08,6472,227334,3450,95865,2220,121174,802,10295,3173,68197,3293,84615,3976,152812,California
Monterey,2021-04-09,5511,232845,3358,99223,1520,122694,633,10928,2221,67762,3286,87901,2851,155663,California
Monterey,2021-04-10,10086,242931,4876,104099,3061,125755,2149,13077,4898,69630,5177,93078,7045,162708,California
Monterey,2021-04-11,5407,248338,4240,108339,566,126321,601,13678,4364,73555,1037,94115,4962,167670,California
Monterey,2021-04-12,4061,252399,1844,110183,1904,128225,313,13991,907,71759,3016,97131,1220,168890,California
Monterey,2021-04-13,3099,255498,720,110903,2374,130599,5,13996,1471,71628,1609,98740,1478,170368,California
Monterey,2021-04-14,6569,262067,3115,114018,3451,134050,3,13999,1801,68677,4755,103495,1804,172172,California
Monterey,2021-04-15,5745,267812,3888,117906,1857,135907,0,13999,3829,70620,1887,105382,3830,176002,California
Monterey,2021-04-16,4673,272485,2395,120301,2264,138171,14,14013,2178,70327,2485,107867,2192,178194,California
Monterey,2021-04-17,5557,278042,1352,121653,4205,142376,0,14013,3698,72180,1845,109712,3698,181892,California
Monterey,2021-04-18,833,278875,252,121905,581,142957,0,14013,235,71821,594,110306,235,182127,California
Monterey,2021-04-19,3671,282546,1286,123191,2385,145342,0,14013,1752,71662,1911,112217,1752,183879,California
Monterey,2021-04-20,3775,286321,1578,124769,2197,147539,0,14013,1562,71033,2192,114409,1563,185442,California
Monterey,2021-04-21,5780,292101,3154,127923,2626,150165,0,14013,2833,70956,2912,117321,2835,188277,California
Monterey,2021-04-22,4701,296802,1017,128940,3684,153849,0,14013,1952,70198,2710,120031,1952,190229,California
Monterey,2021-04-23,5639,302441,2627,131567,3011,156860,1,14014,2208,68997,3413,123444,2212,192441,California
Monterey,2021-04-24,4144,306585,584,132151,3560,160420,0,14014,1526,67924,2599,126043,1526,193967,California
Monterey,2021-04-25,1236,307821,604,132755,632,161052,0,14014,789,68275,438,126481,789,194756,California
Monterey,2021-04-26,3466,311287,2171,134926,1278,162330,17,14031,875,66601,2566,129047,892,195648,California
Monterey,2021-04-27,2562,313849,900,135826,1545,163875,117,14148,1117,66394,1440,130487,1233,196881,California
Monterey,2021-04-28,3509,317358,1357,137183,1999,165874,153,14301,2172,67392,1324,131811,2322,199203,California
Monterey,2021-04-29,4379,321737,2406,139589,1897,167771,76,14377,1629,66359,2739,134550,1706,200909,California
Monterey,2021-04-30,3079,324816,1655,141244,1348,169119,76,14453,760,64883,2310,136860,834,201743,California
Monterey,2021-05-01,5604,330420,4230,145474,1334,170453,40,14493,676,60686,4911,141771,714,202457,California
Monterey,2021-05-02,4349,334769,3923,149397,399,170852,27,14520,323,57023,4013,145784,350,202807,California
Monterey,2021-05-03,2540,337309,1563,150960,861,171713,116,14636,607,55823,1923,147707,723,203530,California
Monterey,2021-05-04,1775,339084,586,151546,1099,172812,90,14726,674,55500,1088,148795,765,204295,California
Monterey,2021-05-05,3291,342375,1183,152729,2023,174835,85,14811,1072,54452,2206,151001,1158,205453,California
Monterey,2021-05-06,4138,346513,2740,155469,1181,176016,217,15028,1145,52837,2977,153978,1362,206815,California
Monterey,2021-05-07,1916,348429,934,156403,883,176899,99,15127,702,52430,1207,155185,800,207615,California
Monterey,2021-05-08,2575,351004,1366,157769,886,177785,323,15450,912,52010,1652,156837,1232,208847,California
Monterey,2021-05-09,394,351398,113,157882,255,178040,26,15476,143,51929,250,157087,169,209016,California
Monterey,2021-05-10,2587,353985,1854,159736,686,178726,47,15523,346,50091,2232,159319,394,209410,California
Monterey,2021-05-11,1743,355728,891,160627,788,179514,64,15587,740,49906,989,160308,804,210214,California
Monterey,2021-05-12,3606,359334,1948,162575,1588,181102,70,15657,797,47977,2797,163105,868,211082,California
Monterey,2021-05-13,2249,361583,1293,163868,901,182003,55,15712,1259,48313,975,164080,1311,212393,California
Monterey,2021-05-14,1717,363300,500,164368,1152,183155,65,15777,711,48093,996,165076,776,213169,California
Monterey,2021-05-15,2963,366263,525,164893,2206,185361,232,16009,635,46644,2315,167391,866,214035,California
Monterey,2021-05-16,880,367143,538,165431,276,185637,66,16075,228,46293,644,168035,293,214328,California
Monterey,2021-05-17,2147,369290,1257,166688,817,186454,73,16148,1019,46269,1116,169151,1092,215420,California
Monterey,2021-05-18,1712,371002,652,167340,1016,187470,44,16192,816,46242,889,170040,862,216282,California
Monterey,2021-05-19,3433,374435,2293,169633,1052,188522,88,16280,1895,46696,1529,171569,1983,218265,California
Monterey,2021-05-20,1639,376074,498,170131,1093,189615,48,16328,471,46058,1160,172729,522,218787,California
Napa,2020-12-16,12,12,12,12,0,0,0,0,12,12,0,0,12,12,California
Napa,2020-12-17,44,56,44,56,0,0,0,0,44,56,0,0,44,56,California
Napa,2020-12-18,102,158,102,158,0,0,0,0,102,158,0,0,102,158,California
Napa,2020-12-19,221,379,221,379,0,0,0,0,221,379,0,0,221,379,California
Napa,2020-12-20,190,569,190,569,0,0,0,0,190,569,0,0,190,569,California
Napa,2020-12-21,312,881,312,881,0,0,0,0,313,882,0,0,313,882,California
Napa,2020-12-22,340,1221,331,1212,9,9,0,0,340,1222,0,0,340,1222,California
Napa,2020-12-23,430,1651,320,1532,110,119,0,0,430,1652,0,0,430,1652,California
Napa,2020-12-24,139,1790,78,1610,61,180,0,0,139,1791,0,0,139,1791,California
Napa,2020-12-25,1,1791,1,1611,0,180,0,0,1,1792,0,0,1,1792,California
Napa,2020-12-26,39,1830,11,1622,28,208,0,0,39,1831,0,0,39,1831,California
Napa,2020-12-27,32,1862,16,1638,16,224,0,0,32,1863,0,0,32,1863,California
Napa,2020-12-28,252,2114,186,1824,66,290,0,0,281,2144,0,0,281,2144,California
Napa,2020-12-29,274,2388,215,2039,59,349,0,0,307,2451,0,0,307,2451,California
Napa,2020-12-30,628,3016,485,2524,143,492,0,0,636,3087,0,0,636,3087,California
Napa,2020-12-31,460,3476,371,2895,89,581,0,0,460,3547,0,0,460,3547,California
Napa,2021-01-01,1,3477,1,2896,0,581,0,0,1,3548,0,0,1,3548,California
Napa,2021-01-02,98,3575,93,2989,5,586,0,0,98,3646,0,0,98,3646,California
Napa,2021-01-03,13,3588,11,3000,2,588,0,0,9,3655,0,0,9,3655,California
Napa,2021-01-04,107,3695,64,3064,43,631,0,0,107,3762,0,0,107,3762,California
Napa,2021-01-05,162,3857,85,3149,77,708,0,0,145,3883,24,24,145,3907,California
Napa,2021-01-06,460,4317,115,3264,345,1053,0,0,396,4217,62,86,396,4303,California
Napa,2021-01-07,498,4815,235,3499,263,1316,0,0,397,4514,100,186,397,4700,California
Napa,2021-01-08,446,5261,229,3728,217,1533,0,0,263,4595,182,368,263,4963,California
Napa,2021-01-09,325,5586,300,4028,25,1558,0,0,189,4648,136,504,189,5152,California
Napa,2021-01-10,186,5772,103,4131,83,1641,0,0,109,4680,77,581,109,5261,California
Napa,2021-01-11,882,6654,426,4557,456,2097,0,0,509,4817,374,955,511,5772,California
Napa,2021-01-12,1315,7969,372,4929,943,3040,0,0,997,5496,318,1273,997,6769,California
Napa,2021-01-13,1311,9280,264,5193,1047,4087,0,0,1149,6485,161,1434,1150,7919,California
Napa,2021-01-14,1054,10334,173,5366,881,4968,0,0,936,7305,116,1550,936,8855,California
Napa,2021-01-15,1457,11791,385,5751,1072,6040,0,0,1308,8457,157,1707,1309,10164,California
Napa,2021-01-16,358,12149,134,5885,224,6264,0,0,340,8779,18,1725,340,10504,California
Napa,2021-01-17,341,12490,176,6061,165,6429,0,0,331,9100,10,1735,331,10835,California
Napa,2021-01-18,1081,13571,197,6258,884,7313,0,0,990,9999,91,1826,990,11825,California
Napa,2021-01-19,1009,14580,404,6662,605,7918,0,0,767,10525,241,2067,767,12592,California
Napa,2021-01-20,825,15405,185,6847,640,8558,0,0,642,10986,181,2248,642,13234,California
Napa,2021-01-21,1336,16741,374,7221,962,9520,0,0,1081,11814,254,2502,1082,14316,California
Napa,2021-01-22,1541,18282,412,7633,1129,10649,0,0,1214,12703,326,2828,1215,15531,California
Napa,2021-01-23,398,18680,318,7951,80,10729,0,0,336,12977,62,2890,336,15867,California
Napa,2021-01-24,266,18946,188,8139,78,10807,0,0,209,13129,57,2947,209,16076,California
Napa,2021-01-25,1522,20468,231,8370,1291,12098,0,0,1432,14471,90,3037,1432,17508,California
Napa,2021-01-26,880,21348,286,8656,594,12692,0,0,786,15164,94,3131,787,18295,California
Napa,2021-01-27,626,21974,221,8877,405,13097,0,0,470,15479,156,3287,471,18766,California
Napa,2021-01-28,389,22363,176,9053,213,13310,0,0,197,15486,190,3477,197,18963,California
Napa,2021-01-29,256,22619,65,9118,191,13501,0,0,161,15552,95,3572,161,19124,California
Napa,2021-01-30,805,23424,696,9814,109,13610,0,0,641,16029,164,3736,641,19765,California
Napa,2021-01-31,656,24080,625,10439,31,13641,0,0,630,16633,26,3762,630,20395,California
Napa,2021-02-01,316,24396,110,10549,206,13847,0,0,163,16643,153,3915,163,20558,California
Napa,2021-02-02,608,25004,280,10829,328,14175,0,0,297,16632,308,4223,297,20855,California
Napa,2021-02-03,745,25749,309,11138,436,14611,0,0,430,16748,314,4537,430,21285,California
Napa,2021-02-04,790,26539,373,11511,417,15028,0,0,441,16842,347,4884,441,21726,California
Napa,2021-02-05,712,27251,310,11821,402,15430,0,0,343,16816,369,5253,343,22069,California
Napa,2021-02-06,434,27685,146,11967,288,15718,0,0,328,17038,106,5359,328,22397,California
Napa,2021-02-07,176,27861,163,12130,13,15731,0,0,71,17004,105,5464,71,22468,California
Napa,2021-02-08,836,28697,191,12321,645,16376,0,0,274,16719,559,6023,274,22742,California
Napa,2021-02-09,1081,29778,447,12768,634,17010,0,0,441,16520,640,6663,441,23183,California
Napa,2021-02-10,1720,31498,193,12961,1527,18537,0,0,451,15706,1266,7929,452,23635,California
Napa,2021-02-11,1496,32994,195,13156,1301,19838,0,0,407,15037,1076,9005,407,24042,California
Napa,2021-02-12,2165,35159,842,13998,1323,21161,0,0,725,14326,1436,10441,725,24767,California
Napa,2021-02-13,501,35660,53,14051,448,21609,0,0,315,14455,186,10627,315,25082,California
Napa,2021-02-14,357,36017,89,14140,268,21877,0,0,195,14488,162,10789,195,25277,California
Napa,2021-02-15,877,36894,183,14323,694,22571,0,0,222,14057,653,11442,222,25499,California
Napa,2021-02-16,1289,38183,597,14920,692,23263,0,0,612,13994,675,12117,612,26111,California
Napa,2021-02-17,1051,39234,534,15454,517,23780,0,0,482,13909,567,12684,482,26593,California
Napa,2021-02-18,1904,41138,486,15940,1418,25198,0,0,661,13330,1240,13924,661,27254,California
Napa,2021-02-19,1482,42620,587,16527,895,26093,0,0,676,13201,805,14729,676,27930,California
Napa,2021-02-20,823,43443,597,17124,226,26319,0,0,274,12926,549,15278,274,28204,California
Napa,2021-02-21,817,44260,753,17877,64,26383,0,0,213,12535,604,15882,213,28417,California
Napa,2021-02-22,446,44706,189,18066,257,26640,0,0,140,12369,306,16188,140,28557,California
Napa,2021-02-23,1129,45835,305,18371,824,27464,0,0,313,11866,816,17004,313,28870,California
Napa,2021-02-24,1163,46998,644,19015,519,27983,0,0,577,11859,584,17588,577,29447,California
Napa,2021-02-25,2558,49556,1224,20239,1334,29317,0,0,1847,12996,710,18298,1847,31294,California
Napa,2021-02-26,1509,51065,531,20770,978,30295,0,0,597,12683,910,19208,597,31891,California
Napa,2021-02-27,1128,52193,386,21156,742,31037,0,0,876,13309,250,19458,876,32767,California
Napa,2021-02-28,562,52755,461,21617,101,31138,0,0,462,13673,98,19556,462,33229,California
Napa,2021-03-01,1105,53860,819,22436,286,31424,0,0,833,14236,270,19826,833,34062,California
Napa,2021-03-02,1507,55367,1046,23482,461,31885,0,0,1165,15060,341,20167,1165,35227,California
Napa,2021-03-03,1564,56931,696,24178,868,32753,0,0,1377,16251,186,20353,1377,36604,California
Napa,2021-03-04,1715,58646,789,24967,926,33679,0,0,1476,17492,235,20588,1476,38080,California
Napa,2021-03-05,1899,60545,792,25759,1103,34782,4,4,1479,18557,418,21006,1483,39563,California
Napa,2021-03-06,653,61198,286,26045,336,35118,31,35,541,19019,110,21116,572,40135,California
Napa,2021-03-07,524,61722,321,26366,188,35306,15,50,375,19260,149,21265,390,40525,California
Napa,2021-03-08,713,62435,335,26701,325,35631,53,103,536,19674,175,21440,589,41114,California
Napa,2021-03-09,1685,64120,605,27306,1034,36665,46,149,1251,20540,431,21871,1297,42411,California
Napa,2021-03-10,1495,65615,925,28231,477,37142,93,242,794,20729,697,22568,886,43297,California
Napa,2021-03-11,1878,67493,1060,29291,688,37830,130,372,985,20951,893,23461,1115,44412,California
Napa,2021-03-12,1513,69006,916,30207,501,38331,96,468,807,21149,704,24165,902,45314,California
Napa,2021-03-13,1168,70174,303,30510,840,39171,25,493,829,21666,337,24502,854,46168,California
Napa,2021-03-14,616,70790,334,30844,134,39305,148,641,216,21630,399,24901,363,46531,California
Napa,2021-03-15,952,71742,410,31254,473,39778,69,710,481,21711,469,25370,550,47081,California
Napa,2021-03-16,1845,73587,392,31646,1327,41105,126,836,1378,22753,463,25833,1505,48586,California
Napa,2021-03-17,2511,76098,1852,33498,480,41585,179,1015,1597,23616,913,26746,1776,50362,California
Napa,2021-03-18,2126,78224,935,34433,1181,42766,10,1025,1297,24097,826,27572,1307,51669,California
Napa,2021-03-19,1453,79677,880,35313,545,43311,28,1053,713,24101,737,28309,741,52410,California
Napa,2021-03-20,1008,80685,529,35842,326,43637,153,1206,427,24101,580,28889,580,52990,California
Napa,2021-03-21,702,81387,680,36522,20,43657,2,1208,349,24100,352,29241,351,53341,California
Napa,2021-03-22,1296,82683,1120,37642,165,43822,11,1219,493,23806,798,30039,504,53845,California
Napa,2021-03-23,1870,84553,1177,38819,676,44498,17,1236,1003,23963,863,30902,1020,54865,California
Napa,2021-03-24,1707,86260,945,39764,754,45252,8,1244,815,23895,891,31793,823,55688,California
Napa,2021-03-25,1917,88177,1052,40816,811,46063,54,1298,764,23566,1147,32940,818,56506,California
Napa,2021-03-26,1301,89478,831,41647,464,46527,6,1304,589,23454,707,33647,595,57101,California
Napa,2021-03-27,952,90430,432,42079,493,47020,27,1331,312,23153,640,34287,339,57440,California
Napa,2021-03-28,484,90914,374,42453,103,47123,7,1338,181,23039,302,34589,188,57628,California
Napa,2021-03-29,1195,92109,871,43324,319,47442,5,1343,729,23308,465,35054,734,58362,California
Napa,2021-03-30,2558,94667,932,44256,1622,49064,4,1347,1745,24245,813,35867,1750,60112,California
Napa,2021-03-31,1968,96635,959,45215,940,50004,69,1416,798,23943,1167,37034,865,60977,California
Napa,2021-04-01,1743,98378,840,46055,786,50790,117,1533,477,23278,1260,38294,595,61572,California
Napa,2021-04-02,1851,100229,826,46881,884,51674,141,1674,470,22518,1378,39672,618,62190,California
Napa,2021-04-03,629,100858,364,47245,206,51880,59,1733,212,22371,417,40089,270,62460,California
Napa,2021-04-04,355,101213,144,47389,153,52033,58,1791,122,22319,232,40321,180,62640,California
Napa,2021-04-05,1272,102485,758,48147,295,52328,219,2010,576,22420,695,41016,796,63436,California
Napa,2021-04-06,2235,104720,560,48707,1421,53749,254,2264,512,21467,1720,42736,767,64203,California
Napa,2021-04-07,1728,106448,704,49411,803,54552,221,2485,518,21001,1205,43941,739,64942,California
Napa,2021-04-08,1849,108297,1058,50469,420,54972,371,2856,956,21438,889,44830,1326,66268,California
Napa,2021-04-09,1531,109828,919,51388,310,55282,302,3158,673,21556,856,45686,974,67242,California
Napa,2021-04-10,1031,110859,346,51734,584,55866,101,3259,238,21102,792,46478,338,67580,California
Napa,2021-04-11,384,111243,299,52033,62,55928,23,3282,155,21051,229,46707,178,67758,California
Napa,2021-04-12,784,112027,302,52335,358,56286,124,3406,289,20967,494,47201,410,68168,California
Napa,2021-04-13,2537,114564,845,53180,1692,57978,0,3406,927,20289,1605,48806,927,69095,California
Napa,2021-04-14,2070,116634,981,54161,1089,59067,0,3406,1002,20232,1059,49865,1002,70097,California
Napa,2021-04-15,2057,118691,529,54690,1528,60595,0,3406,879,19939,1172,51037,879,70976,California
Napa,2021-04-16,2895,121586,1571,56261,1324,61919,0,3406,2183,21412,710,51747,2183,73159,California
Napa,2021-04-17,1129,122715,265,56526,864,62783,0,3406,828,21941,299,52046,828,73987,California
Napa,2021-04-18,264,122979,172,56698,92,62875,0,3406,118,21913,146,52192,118,74105,California
Napa,2021-04-19,610,123589,339,57037,271,63146,0,3406,266,21836,343,52535,266,74371,California
Napa,2021-04-20,3031,126620,2057,59094,974,64120,0,3406,2079,22965,951,53486,2080,76451,California
Napa,2021-04-21,2916,129536,2153,61247,763,64883,0,3406,1857,23770,1053,54539,1858,78309,California
Napa,2021-04-22,1631,131167,1130,62377,501,65384,0,3406,832,23808,794,55333,832,79141,California
Napa,2021-04-23,1624,132791,1246,63623,376,65760,2,3408,1151,24490,469,55802,1151,80292,California
Napa,2021-04-24,557,133348,316,63939,241,66001,0,3408,284,24504,270,56072,284,80576,California
Napa,2021-04-25,250,133598,192,64131,58,66059,0,3408,130,24515,119,56191,130,80706,California
Napa,2021-04-26,509,134107,264,64395,245,66304,0,3408,264,24538,241,56432,264,80970,California
Napa,2021-04-27,1678,135785,438,64833,1229,67533,11,3419,697,24268,978,57410,708,81678,California
Napa,2021-04-28,973,136758,428,65261,528,68061,17,3436,320,23953,652,58062,337,82015,California
Napa,2021-04-29,647,137405,325,65586,303,68364,19,3455,202,23733,440,58502,220,82235,California
Napa,2021-04-30,604,138009,304,65890,236,68600,64,3519,249,23691,354,58856,312,82547,California
Napa,2021-05-01,325,138334,268,66158,46,68646,11,3530,120,23617,205,59061,131,82678,California
Napa,2021-05-02,237,138571,193,66351,38,68684,6,3536,99,23585,137,59198,105,82783,California
Napa,2021-05-03,623,139194,497,66848,91,68775,35,3571,102,23206,517,59715,138,82921,California
Napa,2021-05-04,1125,140319,717,67565,299,69074,109,3680,297,22788,824,60539,406,83327,California
Napa,2021-05-05,1019,141338,687,68252,296,69370,36,3716,256,22320,760,61299,292,83619,California
Napa,2021-05-06,713,142051,315,68567,375,69745,23,3739,368,22374,337,61636,391,84010,California
Napa,2021-05-07,560,142611,358,68925,158,69903,44,3783,174,22208,383,62019,217,84227,California
Napa,2021-05-08,250,142861,159,69084,80,69983,11,3794,89,22148,160,62179,100,84327,California
Napa,2021-05-09,108,142969,77,69161,31,70014,0,3794,50,22140,58,62237,50,84377,California
Napa,2021-05-10,411,143380,137,69298,255,70269,19,3813,105,21959,305,62542,124,84501,California
Napa,2021-05-11,2149,145529,1770,71068,354,70623,25,3838,369,20579,1774,64316,394,84895,California
Napa,2021-05-12,2159,147688,1352,72420,753,71376,54,3892,312,19102,1843,66159,366,85261,California
Napa,2021-05-13,1825,149513,1138,73558,651,72027,36,3928,769,18858,1049,67208,805,86066,California
Napa,2021-05-14,1861,151374,1095,74653,686,72713,80,4008,509,18101,1347,68555,590,86656,California
Napa,2021-05-15,1053,152427,347,75000,696,73409,10,4018,267,17595,783,69338,277,86933,California
Napa,2021-05-16,242,152669,160,75160,80,73489,2,4020,68,17491,174,69512,70,87003,California
Napa,2021-05-17,898,153567,370,75530,498,73987,30,4050,335,17351,505,70017,365,87368,California
Napa,2021-05-18,1038,154605,538,76068,443,74430,57,4107,498,17372,534,70551,555,87923,California
Napa,2021-05-19,900,155505,525,76593,344,74774,31,4138,498,17499,401,70952,528,88451,California
Napa,2021-05-20,198,155703,98,76691,93,74867,7,4145,98,17505,99,71051,105,88556,California
Nevada,2020-12-16,3,3,3,3,0,0,0,0,3,3,0,0,3,3,California
Nevada,2020-12-17,6,9,6,9,0,0,0,0,6,9,0,0,6,9,California
Nevada,2020-12-18,52,61,52,61,0,0,0,0,52,61,0,0,52,61,California
Nevada,2020-12-19,55,116,55,116,0,0,0,0,55,116,0,0,55,116,California
Nevada,2020-12-20,12,128,12,128,0,0,0,0,12,128,0,0,12,128,California
Nevada,2020-12-21,69,197,69,197,0,0,0,0,69,197,0,0,69,197,California
Nevada,2020-12-22,91,288,89,286,2,2,0,0,91,288,0,0,91,288,California
Nevada,2020-12-23,233,521,202,488,31,33,0,0,233,521,0,0,233,521,California
Nevada,2020-12-24,13,534,11,499,2,35,0,0,13,534,0,0,13,534,California
Nevada,2020-12-25,3,537,3,502,0,35,0,0,3,537,0,0,3,537,California
Nevada,2020-12-26,6,543,4,506,2,37,0,0,6,543,0,0,6,543,California
Nevada,2020-12-27,88,631,88,594,0,37,0,0,88,631,0,0,88,631,California
Nevada,2020-12-28,170,801,93,687,77,114,0,0,170,801,0,0,170,801,California
Nevada,2020-12-29,99,900,73,760,26,140,0,0,99,900,0,0,99,900,California
Nevada,2020-12-30,86,986,66,826,20,160,0,0,86,986,0,0,86,986,California
Nevada,2020-12-31,39,1025,9,835,30,190,0,0,39,1025,0,0,39,1025,California
Nevada,2021-01-01,2,1027,0,835,2,192,0,0,2,1027,0,0,2,1027,California
Nevada,2021-01-02,1,1028,1,836,0,192,0,0,1,1028,0,0,1,1028,California
Nevada,2021-01-03,129,1157,126,962,3,195,0,0,129,1157,0,0,129,1157,California
Nevada,2021-01-04,71,1228,47,1009,24,219,0,0,71,1228,0,0,71,1228,California
Nevada,2021-01-05,273,1501,132,1141,141,360,0,0,272,1499,1,1,272,1500,California
Nevada,2021-01-06,91,1592,43,1184,48,408,0,0,83,1574,8,9,83,1583,California
Nevada,2021-01-07,215,1807,43,1227,172,580,0,0,208,1777,6,15,209,1792,California
Nevada,2021-01-08,221,2028,129,1356,92,672,0,0,168,1893,53,68,169,1961,California
Nevada,2021-01-09,64,2092,56,1412,8,680,0,0,16,1861,48,116,16,1977,California
Nevada,2021-01-10,18,2110,9,1421,9,689,0,0,10,1863,8,124,10,1987,California
Nevada,2021-01-11,185,2295,131,1552,54,743,0,0,57,1792,128,252,57,2044,California
Nevada,2021-01-12,597,2892,451,2003,146,889,0,0,531,2257,66,318,531,2575,California
Nevada,2021-01-13,260,3152,147,2150,113,1002,0,0,125,2247,135,453,125,2700,California
Nevada,2021-01-14,238,3390,127,2277,111,1113,0,0,220,2450,17,470,220,2920,California
Nevada,2021-01-15,395,3785,170,2447,225,1338,0,0,297,2649,98,568,297,3217,California
Nevada,2021-01-16,296,4081,15,2462,281,1619,0,0,292,2937,4,572,292,3509,California
Nevada,2021-01-17,35,4116,31,2493,4,1623,0,0,33,2968,2,574,33,3542,California
Nevada,2021-01-18,155,4271,45,2538,110,1733,0,0,143,3099,12,586,143,3685,California
Nevada,2021-01-19,244,4515,85,2623,159,1892,0,0,225,3305,19,605,225,3910,California
Nevada,2021-01-20,266,4781,161,2784,105,1997,0,0,253,3545,13,618,253,4163,California
Nevada,2021-01-21,338,5119,207,2991,131,2128,0,0,325,3857,13,631,325,4488,California
Nevada,2021-01-22,363,5482,226,3217,137,2265,0,0,333,4160,30,661,333,4821,California
Nevada,2021-01-23,179,5661,105,3322,74,2339,0,0,179,4339,0,661,179,5000,California
Nevada,2021-01-24,105,5766,98,3420,7,2346,0,0,66,4366,39,700,66,5066,California
Nevada,2021-01-25,267,6033,137,3557,130,2476,0,0,206,4511,61,761,206,5272,California
Nevada,2021-01-26,402,6435,141,3698,261,2737,0,0,298,4705,104,865,298,5570,California
Nevada,2021-01-27,419,6854,248,3946,171,2908,0,0,395,5076,24,889,395,5965,California
Nevada,2021-01-28,471,7325,320,4266,151,3059,0,0,427,5460,43,932,427,6392,California
Nevada,2021-01-29,604,7929,393,4659,211,3270,0,0,577,6012,26,958,578,6970,California
Nevada,2021-01-30,232,8161,105,4764,127,3397,0,0,229,6238,3,961,229,7199,California
Nevada,2021-01-31,103,8264,86,4850,17,3414,0,0,101,6339,1,962,102,7301,California
Nevada,2021-02-01,291,8555,71,4921,220,3634,0,0,277,6602,14,976,277,7578,California
Nevada,2021-02-02,521,9076,184,5105,337,3971,0,0,322,6725,199,1175,322,7900,California
Nevada,2021-02-03,812,9888,572,5677,240,4211,0,0,758,7430,53,1228,758,8658,California
Nevada,2021-02-04,738,10626,391,6068,347,4558,0,0,488,7669,249,1477,488,9146,California
Nevada,2021-02-05,644,11270,367,6435,277,4835,0,0,455,7937,187,1664,455,9601,California
Nevada,2021-02-06,269,11539,83,6518,186,5021,0,0,242,8152,27,1691,242,9843,California
Nevada,2021-02-07,245,11784,192,6710,53,5074,0,0,190,8287,55,1746,190,10033,California
Nevada,2021-02-08,651,12435,407,7117,244,5318,0,0,551,8738,100,1846,551,10584,California
Nevada,2021-02-09,602,13037,337,7454,265,5583,0,0,463,9062,139,1985,463,11047,California
Nevada,2021-02-10,648,13685,323,7777,325,5908,0,0,417,9249,231,2216,418,11465,California
Nevada,2021-02-11,871,14556,505,8282,366,6274,0,0,542,9463,328,2544,542,12007,California
Nevada,2021-02-12,940,15496,437,8719,503,6777,0,0,619,9764,318,2862,619,12626,California
Nevada,2021-02-13,600,16096,236,8955,364,7141,0,0,387,9944,208,3070,388,13014,California
Nevada,2021-02-14,229,16325,119,9074,110,7251,0,0,201,10117,28,3098,201,13215,California
Nevada,2021-02-15,710,17035,438,9512,272,7523,0,0,536,10479,174,3272,536,13751,California
Nevada,2021-02-16,624,17659,199,9711,425,7948,0,0,454,10764,169,3441,454,14205,California
Nevada,2021-02-17,1188,18847,766,10477,422,8370,0,0,858,11292,330,3771,858,15063,California
Nevada,2021-02-18,1009,19856,550,11027,459,8829,0,0,601,11487,406,4177,601,15664,California
Nevada,2021-02-19,1015,20871,630,11657,385,9214,0,0,653,11780,361,4538,654,16318,California
Nevada,2021-02-20,298,21169,106,11763,192,9406,0,0,173,11829,124,4662,173,16491,California
Nevada,2021-02-21,92,21261,86,11849,6,9412,0,0,8,11754,83,4745,8,16499,California
Nevada,2021-02-22,498,21759,331,12180,167,9579,0,0,350,11957,147,4892,350,16849,California
Nevada,2021-02-23,484,22243,235,12415,249,9828,0,0,221,11918,260,5152,221,17070,California
Nevada,2021-02-24,480,22723,242,12657,238,10066,0,0,255,11950,225,5377,257,17327,California
Nevada,2021-02-25,862,23585,467,13124,395,10461,0,0,432,11954,428,5805,432,17759,California
Nevada,2021-02-26,1238,24823,882,14006,356,10817,0,0,409,11537,826,6631,409,18168,California
Nevada,2021-02-27,356,25179,112,14118,244,11061,0,0,186,11553,170,6801,186,18354,California
Nevada,2021-02-28,269,25448,156,14274,113,11174,0,0,124,11533,144,6945,124,18478,California
Nevada,2021-03-01,830,26278,433,14707,397,11571,0,0,364,11433,464,7409,364,18842,California
Nevada,2021-03-02,738,27016,292,14999,446,12017,0,0,510,11719,224,7633,510,19352,California
Nevada,2021-03-03,981,27997,505,15504,475,12492,1,1,510,11760,470,8103,511,19863,California
Nevada,2021-03-04,1106,29103,617,16121,489,12981,0,1,467,11592,635,8738,467,20330,California
Nevada,2021-03-05,834,29937,472,16593,352,13333,10,11,375,11520,457,9195,385,20715,California
Nevada,2021-03-06,361,30298,123,16716,211,13544,27,38,145,11476,216,9411,172,20887,California
Nevada,2021-03-07,211,30509,109,16825,83,13627,19,57,70,11424,141,9552,89,20976,California
Nevada,2021-03-08,824,31333,555,17380,224,13851,45,102,376,11399,447,9999,422,21398,California
Nevada,2021-03-09,790,32123,402,17782,338,14189,50,152,464,11588,324,10323,513,21911,California
Nevada,2021-03-10,1004,33127,648,18430,300,14489,56,208,340,11324,659,10982,395,22306,California
Nevada,2021-03-11,1105,34232,725,19155,355,14844,25,233,549,11350,548,11530,574,22880,California
Nevada,2021-03-12,1201,35433,729,19884,442,15286,30,263,509,11198,690,12220,538,23418,California
Nevada,2021-03-13,272,35705,53,19937,214,15500,5,268,101,11133,170,12390,105,23523,California
Nevada,2021-03-14,155,35860,21,19958,128,15628,6,274,33,11050,122,12512,39,23562,California
Nevada,2021-03-15,845,36705,459,20417,374,16002,12,286,357,10934,485,12997,369,23931,California
Nevada,2021-03-16,1000,37705,470,20887,468,16470,62,348,641,11279,357,13354,702,24633,California
Nevada,2021-03-17,1022,38727,453,21340,559,17029,10,358,584,11438,435,13789,594,25227,California
Nevada,2021-03-18,978,39705,530,21870,425,17454,23,381,478,11443,496,14285,501,25728,California
Nevada,2021-03-19,760,40465,439,22309,284,17738,37,418,354,11432,402,14687,391,26119,California
Nevada,2021-03-20,820,41285,92,22401,304,18042,424,842,231,11500,583,15270,651,26770,California
Nevada,2021-03-21,58,41343,32,22433,25,18067,1,843,40,11524,17,15287,41,26811,California
Nevada,2021-03-22,797,42140,516,22949,276,18343,5,848,531,11796,264,15551,536,27347,California
Nevada,2021-03-23,851,42991,382,23331,443,18786,26,874,611,12196,237,15788,637,27984,California
Nevada,2021-03-24,1021,44012,542,23873,472,19258,7,881,637,12461,378,16166,643,28627,California
Nevada,2021-03-25,902,44914,454,24327,423,19681,25,906,493,12570,408,16574,517,29144,California
Nevada,2021-03-26,1139,46053,433,24760,668,20349,38,944,817,13105,319,16893,854,29998,California
Nevada,2021-03-27,568,46621,71,24831,481,20830,16,960,386,13325,182,17075,402,30400,California
Nevada,2021-03-28,175,46796,50,24881,112,20942,13,973,38,13242,134,17209,51,30451,California
Nevada,2021-03-29,822,47618,502,25383,298,21240,22,995,377,13198,442,17651,398,30849,California
Nevada,2021-03-30,1042,48660,475,25858,533,21773,34,1029,482,13162,552,18203,516,31365,California
Nevada,2021-03-31,1176,49836,660,26518,499,22272,17,1046,674,13361,493,18696,692,32057,California
Nevada,2021-04-01,1236,51072,720,27238,463,22735,53,1099,546,13279,681,19377,599,32656,California
Nevada,2021-04-02,1289,52361,658,27896,595,23330,36,1135,762,13556,523,19900,800,33456,California
Nevada,2021-04-03,288,52649,89,27985,161,23491,38,1173,83,13473,204,20104,121,33577,California
Nevada,2021-04-04,128,52777,42,28027,79,23570,7,1180,77,13506,51,20155,84,33661,California
Nevada,2021-04-05,930,53707,611,28638,300,23870,19,1199,617,13832,310,20465,636,34297,California
Nevada,2021-04-06,1073,54780,664,29302,265,24135,144,1343,434,13777,632,21097,577,34874,California
Nevada,2021-04-07,1147,55927,819,30121,246,24381,82,1425,608,13934,532,21629,689,35563,California
Nevada,2021-04-08,1278,57205,889,31010,306,24687,83,1508,703,14148,572,22201,786,36349,California
Nevada,2021-04-09,1244,58449,847,31857,328,25015,69,1577,843,14661,399,22600,912,37261,California
Nevada,2021-04-10,262,58711,76,31933,110,25125,76,1653,107,14690,154,22754,183,37444,California
Nevada,2021-04-11,100,58811,31,31964,65,25190,4,1657,39,14672,61,22815,43,37487,California
Nevada,2021-04-12,742,59553,539,32503,186,25376,17,1674,315,14581,423,23238,332,37819,California
Nevada,2021-04-13,882,60435,350,32853,532,25908,0,1674,473,14647,407,23645,473,38292,California
Nevada,2021-04-14,1049,61484,566,33419,483,26391,0,1674,534,14674,507,24152,534,38826,California
Nevada,2021-04-15,1074,62558,706,34125,368,26759,0,1674,622,14856,440,24592,622,39448,California
Nevada,2021-04-16,892,63450,691,34816,201,26960,0,1674,520,15005,371,24963,520,39968,California
Nevada,2021-04-17,196,63646,50,34866,146,27106,0,1674,85,14980,110,25073,85,40053,California
Nevada,2021-04-18,185,63831,21,34887,164,27270,0,1674,103,15001,82,25155,103,40156,California
Nevada,2021-04-19,748,64579,480,35367,268,27538,0,1674,304,14869,436,25591,304,40460,California
Nevada,2021-04-20,798,65377,308,35675,490,28028,0,1674,300,14676,493,26084,300,40760,California
Nevada,2021-04-21,901,66278,494,36169,407,28435,0,1674,268,14320,624,26708,268,41028,California
Nevada,2021-04-22,996,67274,621,36790,375,28810,0,1674,341,14018,643,27351,341,41369,California
Nevada,2021-04-23,1218,68492,539,37329,679,29489,0,1674,394,13599,813,28164,394,41763,California
Nevada,2021-04-24,522,69014,73,37402,449,29938,0,1674,171,13421,349,28513,171,41934,California
Nevada,2021-04-25,117,69131,61,37463,51,29989,5,1679,52,13414,64,28577,57,41991,California
Nevada,2021-04-26,704,69835,527,37990,169,30158,8,1687,198,13124,496,29073,206,42197,California
Nevada,2021-04-27,774,70609,348,38338,421,30579,5,1692,403,13169,363,29436,408,42605,California
Nevada,2021-04-28,984,71593,580,38918,399,30978,5,1697,387,12969,592,30028,392,42997,California
Nevada,2021-04-29,1012,72605,709,39627,299,31277,4,1701,277,12518,732,30760,281,43278,California
Nevada,2021-04-30,1222,73827,723,40350,490,31767,9,1710,200,11707,1020,31780,209,43487,California
Nevada,2021-05-01,142,73969,64,40414,74,31841,4,1714,63,11697,77,31857,67,43554,California
Nevada,2021-05-02,53,74022,29,40443,20,31861,4,1718,19,11686,34,31891,23,43577,California
Nevada,2021-05-03,607,74629,404,40847,183,32044,20,1738,178,11458,425,32316,197,43774,California
Nevada,2021-05-04,584,75213,169,41016,397,32441,18,1756,331,11558,249,32565,349,44123,California
Nevada,2021-05-05,732,75945,381,41397,337,32778,14,1770,321,11491,402,32967,335,44458,California
Nevada,2021-05-06,799,76744,561,41958,227,33005,11,1781,196,11103,595,33562,207,44665,California
Nevada,2021-05-07,879,77623,487,42445,357,33362,35,1816,193,10648,683,34245,228,44893,California
Nevada,2021-05-08,173,77796,20,42465,133,33495,20,1836,82,10660,90,34335,102,44995,California
Nevada,2021-05-09,42,77838,8,42473,32,33527,2,1838,19,10658,23,34358,21,45016,California
Nevada,2021-05-10,386,78224,245,42718,117,33644,24,1862,74,10444,312,34670,98,45114,California
Nevada,2021-05-11,510,78734,150,42868,347,33991,13,1875,127,10209,375,35045,140,45254,California
Nevada,2021-05-12,538,79272,227,43095,299,34290,12,1887,151,9994,378,35423,163,45417,California
Nevada,2021-05-13,792,80064,529,43624,257,34547,6,1893,409,10035,374,35797,415,45832,California
Nevada,2021-05-14,756,80820,571,44195,170,34717,15,1908,420,10137,333,36130,435,46267,California
Nevada,2021-05-15,190,81010,90,44285,94,34811,6,1914,89,10132,100,36230,95,46362,California
Nevada,2021-05-16,151,81161,49,44334,102,34913,0,1914,51,10083,100,36330,51,46413,California
Nevada,2021-05-17,490,81651,312,44646,150,35063,28,1942,218,10066,263,36593,246,46659,California
Nevada,2021-05-18,391,82042,249,44895,139,35202,3,1945,212,10102,179,36772,215,46874,California
Nevada,2021-05-19,483,82525,352,45247,128,35330,3,1948,252,10136,222,36994,256,47130,California
Nevada,2021-05-20,328,82853,177,45424,149,35479,2,1950,107,10028,217,37211,109,47239,California
Orange,2020-12-15,16,16,16,16,0,0,0,0,16,16,0,0,16,16,California
Orange,2020-12-16,381,397,381,397,0,0,0,0,381,397,0,0,381,397,California
Orange,2020-12-17,3735,4132,3735,4132,0,0,0,0,3734,4131,0,0,3734,4131,California
Orange,2020-12-18,5067,9199,5059,9191,8,8,0,0,5066,9197,0,0,5066,9197,California
Orange,2020-12-19,2235,11434,2228,11419,7,15,0,0,2234,11431,0,0,2234,11431,California
Orange,2020-12-20,1989,13423,1986,13405,3,18,0,0,1990,13421,0,0,1990,13421,California
Orange,2020-12-21,4256,17679,4250,17655,6,24,0,0,4256,17677,0,0,4256,17677,California
Orange,2020-12-22,3985,21664,3950,21605,35,59,0,0,3985,21662,0,0,3985,21662,California
Orange,2020-12-23,3567,25231,3204,24809,363,422,0,0,3569,25231,0,0,3569,25231,California
Orange,2020-12-24,1381,26612,1079,25888,302,724,0,0,1381,26612,0,0,1381,26612,California
Orange,2020-12-25,17,26629,12,25900,5,729,0,0,17,26629,0,0,17,26629,California
Orange,2020-12-26,1025,27654,423,26323,602,1331,0,0,1025,27654,0,0,1025,27654,California
Orange,2020-12-27,582,28236,275,26598,307,1638,0,0,582,28236,0,0,582,28236,California
Orange,2020-12-28,3545,31781,2569,29167,976,2614,0,0,3545,31781,0,0,3545,31781,California
Orange,2020-12-29,3576,35357,2564,31731,1012,3626,0,0,3575,35355,1,1,3575,35356,California
Orange,2020-12-30,5132,40489,3556,35287,1576,5202,0,0,5132,40487,0,1,5132,40488,California
Orange,2020-12-31,1501,41990,803,36090,698,5900,0,0,1501,41988,0,1,1501,41989,California
Orange,2021-01-01,558,42548,304,36394,254,6154,0,0,557,42544,1,2,557,42546,California
Orange,2021-01-02,1418,43966,904,37298,514,6668,0,0,1418,43962,0,2,1418,43964,California
Orange,2021-01-03,586,44552,325,37623,261,6929,0,0,586,44548,0,2,586,44550,California
Orange,2021-01-04,2748,47300,1561,39184,1187,8116,0,0,2749,47296,1,3,2749,47299,California
Orange,2021-01-05,3528,50828,2297,41481,1231,9347,0,0,3120,50015,404,407,3123,50422,California
Orange,2021-01-06,5018,55846,3471,44952,1547,10894,0,0,3649,52308,1357,1764,3650,54072,California
Orange,2021-01-07,9282,65128,5175,50127,4107,15001,0,0,5706,54455,3563,5327,5710,59782,California
Orange,2021-01-08,9431,74559,5273,55400,4158,19159,0,0,5665,56367,3756,9083,5668,65450,California
Orange,2021-01-09,5015,79574,1745,57145,3270,22429,0,0,3732,58817,1283,10366,3733,69183,California
Orange,2021-01-10,4241,83815,1043,58188,3198,25627,0,0,3361,61303,879,11245,3365,72548,California
Orange,2021-01-11,9452,93267,4912,63100,4540,30167,0,0,5826,63501,3629,14874,5827,78375,California
Orange,2021-01-12,8835,102102,4735,67835,4100,34267,0,0,5367,65403,3466,18340,5368,83743,California
Orange,2021-01-13,10273,112375,4929,72764,5344,39611,0,0,7065,69271,3204,21544,7072,90815,California
Orange,2021-01-14,9981,122356,3782,76546,6199,45810,0,0,8390,76078,1589,23133,8396,99211,California
Orange,2021-01-15,10189,132545,2634,79180,7555,53365,0,0,9309,84505,888,24021,9315,108526,California
Orange,2021-01-16,8713,141258,2096,81276,6617,59982,0,0,8316,92430,396,24417,8321,116847,California
Orange,2021-01-17,8162,149420,1485,82761,6677,66659,0,0,8015,100308,147,24564,8025,124872,California
Orange,2021-01-18,9772,159192,4473,87234,5299,71958,0,0,7517,105570,2258,26822,7520,132392,California
Orange,2021-01-19,7504,166696,5421,92655,2083,74041,0,0,4872,107811,2632,29454,4873,137265,California
Orange,2021-01-20,8412,175108,5943,98598,2469,76510,0,0,5344,110093,3069,32523,5351,142616,California
Orange,2021-01-21,11021,186129,4908,103506,6113,82623,0,0,10207,119498,813,33336,10218,152834,California
Orange,2021-01-22,13683,199812,5155,108661,8528,91151,0,0,12825,131480,851,34187,12833,165667,California
Orange,2021-01-23,13147,212959,6191,114852,6956,98107,0,0,12160,142664,985,35172,12169,177836,California
Orange,2021-01-24,9825,222784,4295,119147,5530,103637,0,0,9494,151833,328,35500,9497,187333,California
Orange,2021-01-25,10474,233258,5883,125030,4591,108228,0,0,7736,156842,2732,38232,7741,195074,California
Orange,2021-01-26,11914,245172,7727,132757,4187,112415,0,0,9743,164421,2167,40399,9746,204820,California
Orange,2021-01-27,13447,258619,8015,140772,5432,117847,0,0,10737,172464,2699,43098,10742,215562,California
Orange,2021-01-28,13065,271684,7229,148001,5836,123683,0,0,11178,181778,1872,44970,11186,226748,California
Orange,2021-01-29,13658,285342,8463,156464,5195,128878,0,0,10757,189653,2886,47856,10761,237509,California
Orange,2021-01-30,12943,298285,4449,160913,8494,137372,0,0,12192,201112,736,48592,12195,249704,California
Orange,2021-01-31,13726,312011,4947,165860,8779,146151,0,0,13260,213919,460,49052,13267,262971,California
Orange,2021-02-01,14200,326211,5898,171758,8302,154453,0,0,12100,223947,2078,51130,12106,275077,California
Orange,2021-02-02,15453,341664,8386,180144,7067,161520,0,0,12689,233983,2656,53786,12692,287769,California
Orange,2021-02-03,16782,358446,12597,192741,4185,165705,0,0,13743,244771,2961,56747,13749,301518,California
Orange,2021-02-04,19893,378339,13006,205747,6887,172592,0,0,14795,254506,5068,61815,14803,316321,California
Orange,2021-02-05,20792,399131,12038,217785,8754,181346,0,0,14479,262719,6271,68086,14484,330805,California
Orange,2021-02-06,16352,415483,10805,228590,5547,186893,0,0,11087,268774,5250,73336,11305,342110,California
Orange,2021-02-07,11537,427020,8111,236701,3426,190319,0,0,7557,272536,3964,77300,7726,349836,California
Orange,2021-02-08,14997,442017,8621,245322,6376,196695,0,0,8966,275502,6001,83301,8967,358803,California
Orange,2021-02-09,17690,459707,12045,257367,5645,202340,0,0,10705,279302,6910,90211,10710,369513,California
Orange,2021-02-10,20949,480656,11216,268583,9733,212073,0,0,12687,283833,8165,98376,12696,382209,California
Orange,2021-02-11,22164,502820,11539,280122,10625,222698,0,0,12417,286653,9615,107991,12435,394644,California
Orange,2021-02-12,24821,527641,11928,292050,12893,235591,0,0,14636,291175,10120,118111,14642,409286,California
Orange,2021-02-13,22048,549689,11931,303981,10117,245708,0,0,11169,292310,10676,128787,11811,421097,California
Orange,2021-02-14,16209,565898,6580,310561,9629,255337,0,0,9555,295238,6628,135415,9556,430653,California
Orange,2021-02-15,17265,583163,7405,317966,9860,265197,0,0,8895,295816,8326,143741,8904,439557,California
Orange,2021-02-16,19971,603134,9000,326966,10971,276168,0,0,10738,297395,9183,152924,10762,450319,California
Orange,2021-02-17,17938,621072,9356,336322,8582,284750,0,0,9210,297959,8678,161602,9242,459561,California
Orange,2021-02-18,15061,636133,9892,346214,5169,289919,0,0,6792,296547,8213,169815,6801,466362,California
Orange,2021-02-19,18218,654351,10907,357121,7311,297230,0,0,6947,292287,11219,181034,6959,473321,California
Orange,2021-02-20,7538,661889,5626,362747,1912,299142,0,0,3785,292351,3731,184765,3795,477116,California
Orange,2021-02-21,4574,666463,3886,366633,688,299830,0,0,937,289690,3598,188363,937,478053,California
Orange,2021-02-22,9686,676149,7903,374536,1783,301613,0,0,3910,287871,5744,194107,3925,481978,California
Orange,2021-02-23,13333,689482,7304,381840,6029,307642,0,0,3520,281652,9750,203857,3531,485509,California
Orange,2021-02-24,21218,710700,12879,394719,8339,315981,0,0,5405,271343,15732,219589,5423,490932,California
Orange,2021-02-25,22724,733424,12326,407045,10398,326379,0,0,8011,264735,14635,234224,8027,498959,California
Orange,2021-02-26,27870,761294,14118,421163,13752,340131,0,0,11252,259535,16477,250701,11277,510236,California
Orange,2021-02-27,25112,786406,10195,431358,14915,355046,2,2,7329,249207,17674,268375,7346,517582,California
Orange,2021-02-28,19123,805529,7428,438786,11695,366741,0,2,4833,239889,14168,282543,4850,522432,California
Orange,2021-03-01,18555,824084,8486,447272,10061,376802,8,10,7191,235825,11276,293819,7212,529644,California
Orange,2021-03-02,19269,843353,9292,456564,9974,386776,3,13,9445,235531,9770,303589,9476,539120,California
Orange,2021-03-03,20644,863997,9744,466308,10896,397672,4,17,11083,237161,9479,313068,11109,550229,California
Orange,2021-03-04,22473,886470,12969,479277,9490,407162,14,31,11624,238017,10810,323878,11666,561895,California
Orange,2021-03-05,21077,907547,10997,490274,10034,417196,46,77,12954,243000,8078,331956,13061,574956,California
Orange,2021-03-06,24128,931675,13285,503559,9978,427174,865,942,12756,245314,11330,343286,13644,588600,California
Orange,2021-03-07,15053,946728,8483,512042,6166,433340,404,1346,8786,248296,6228,349514,9210,597810,California
Orange,2021-03-08,16442,963170,7607,519649,7569,440909,1266,2612,10608,254410,5785,355299,11899,609709,California
Orange,2021-03-09,20869,984039,9671,529320,8760,449669,2438,5050,12350,260724,8472,363771,14786,624495,California
Orange,2021-03-10,24721,1008760,12135,541455,9133,458802,3453,8503,12491,264495,12166,375937,15937,640432,California
Orange,2021-03-11,29038,1037798,15719,557174,9101,467903,4218,12721,13465,266702,15472,391409,17679,658111,California
Orange,2021-03-12,29383,1067181,14327,571501,11198,479101,3858,16579,14782,270846,14518,405927,18662,676773,California
Orange,2021-03-13,27826,1095007,10252,581753,13641,492742,3933,20512,14101,275216,13662,419589,18032,694805,California
Orange,2021-03-14,18876,1113883,8216,589969,8133,500875,2527,23039,11790,282468,7055,426644,14307,709112,California
Orange,2021-03-15,23058,1136941,10164,600133,12133,513008,761,23800,14370,288989,8605,435249,15126,724238,California
Orange,2021-03-16,26416,1163357,11171,611304,15013,528021,232,24032,17146,297185,9187,444436,17383,741621,California
Orange,2021-03-17,27377,1190734,13582,624886,13199,541220,596,24628,19465,309404,7839,452275,20058,761679,California
Orange,2021-03-18,27803,1218537,13986,638872,13537,554757,280,24908,21610,325175,6123,458398,21894,783573,California
Orange,2021-03-19,33589,1252126,18452,657324,14692,569449,445,25353,24944,342045,8531,466929,25401,808974,California
Orange,2021-03-20,25769,1277895,13559,670883,12004,581453,206,25559,21986,360521,3720,470649,22196,831170,California
Orange,2021-03-21,18484,1296379,10675,681558,7081,588534,728,26287,15713,374220,2742,473391,16441,847611,California
Orange,2021-03-22,22724,1319103,11746,693304,10656,599190,322,26609,19172,390259,3464,476855,19503,867114,California
Orange,2021-03-23,25979,1345082,13481,706785,11863,611053,635,27244,20647,406296,5249,482104,21286,888400,California
Orange,2021-03-24,29081,1374163,16217,723002,11952,623005,912,28156,21956,422134,7033,489137,22871,911271,California
Orange,2021-03-25,32299,1406462,17199,740201,14396,637401,704,28860,24168,438968,8039,497176,24873,936144,California
Orange,2021-03-26,34793,1441255,18013,758214,15917,653318,863,29723,24835,454821,9847,507023,25700,961844,California
Orange,2021-03-27,28374,1469629,13575,771789,14484,667802,315,30038,19723,466308,8556,515579,20043,981887,California
Orange,2021-03-28,24725,1494354,12792,784581,11865,679667,68,30106,18533,478796,6116,521695,18604,1000491,California
Orange,2021-03-29,26488,1520842,12082,796663,13840,693507,566,30672,17829,488620,8572,530267,18396,1018887,California
Orange,2021-03-30,30816,1551658,13879,810542,16304,709811,633,31305,20441,499399,10297,540564,21076,1039963,California
Orange,2021-03-31,37078,1588736,19420,829962,16947,726758,711,32016,23825,510791,13149,553713,24541,1064504,California
Orange,2021-04-01,40354,1629090,21153,851115,17348,744106,1853,33869,26155,524726,14072,567785,28007,1092511,California
Orange,2021-04-02,39981,1669071,20140,871255,18054,762160,1787,35656,22630,531913,17248,585033,24435,1116946,California
Orange,2021-04-03,30088,1699159,15668,886923,12716,774876,1704,37360,14241,532084,15772,600805,15943,1132889,California
Orange,2021-04-04,18471,1717630,10726,897649,6980,781856,765,38125,8214,530893,10202,611007,9011,1141900,California
Orange,2021-04-05,29997,1747627,14003,911652,12595,794451,3399,41524,13924,532228,15998,627005,17333,1159233,California
Orange,2021-04-06,33289,1780916,15583,927235,14281,808732,3425,44949,14351,531144,18846,645851,17762,1176995,California
Orange,2021-04-07,36010,1816926,20089,947324,11344,820076,4577,49526,15821,531466,20110,665961,20432,1197427,California
Orange,2021-04-08,38567,1855493,21454,968778,11675,831751,5438,54964,18767,535940,19698,685659,24172,1221599,California
Orange,2021-04-09,40571,1896064,23615,992393,11807,843558,5149,60113,17955,536487,22527,708186,23074,1244673,California
Orange,2021-04-10,34101,1930165,18092,1010485,11804,855362,4205,64318,14148,534945,19867,728053,18325,1262998,California
Orange,2021-04-11,25465,1955630,14389,1024874,7816,863178,3260,67578,9790,532352,15627,743680,13034,1276032,California
Orange,2021-04-12,30354,1985984,15362,1040236,11450,874628,3542,71120,11953,529479,18342,762022,15469,1291501,California
Orange,2021-04-13,32291,2018275,18162,1058398,14062,888690,67,71187,15068,527457,17155,779177,15133,1306634,California
Orange,2021-04-14,34363,2052638,20109,1078507,14221,902911,33,71220,15090,523400,19182,798359,15125,1321759,California
Orange,2021-04-15,39906,2092544,24352,1102859,15538,918449,16,71236,18556,520721,21246,819605,18567,1340326,California
Orange,2021-04-16,41209,2133753,24219,1127078,16961,935410,29,71265,18623,516895,22482,842087,18656,1358982,California
Orange,2021-04-17,30205,2163958,17265,1144343,12937,948347,3,71268,13293,513365,16831,858918,13301,1372283,California
Orange,2021-04-18,21394,2185352,12937,1157280,8457,956804,0,71268,8494,509011,12851,871769,8497,1380780,California
Orange,2021-04-19,32439,2217791,17908,1175188,14529,971333,2,71270,14916,506499,17434,889203,14922,1395702,California
Orange,2021-04-20,35148,2252939,18259,1193447,16885,988218,4,71274,17583,506597,17489,906692,17587,1413289,California
Orange,2021-04-21,40600,2293539,23393,1216840,17198,1005416,9,71283,19256,504618,21244,927936,19265,1432554,California
Orange,2021-04-22,39216,2332755,20728,1237568,18478,1023894,10,71293,16309,498157,22783,950719,16322,1448876,California
Orange,2021-04-23,40117,2372872,20735,1258303,19376,1043270,6,71299,17927,494012,22081,972800,17936,1466812,California
Orange,2021-04-24,31830,2404702,16683,1274986,15112,1058382,35,71334,13385,489073,18362,991162,13423,1480235,California
Orange,2021-04-25,22993,2427695,12992,1287978,9988,1068370,13,71347,9880,485915,13056,1004218,9898,1490133,California
Orange,2021-04-26,26043,2453738,12708,1300686,13142,1081512,193,71540,11451,483054,14504,1018722,11643,1501776,California
Orange,2021-04-27,28507,2482245,13329,1314015,14677,1096189,501,72041,10944,477089,17415,1036137,11450,1513226,California
Orange,2021-04-28,30695,2512940,15333,1329348,14487,1110676,875,72916,12253,471877,18337,1054474,13125,1526351,California
Orange,2021-04-29,31438,2544378,17181,1346529,13297,1123973,960,73876,11232,463947,20115,1074589,12185,1538536,California
Orange,2021-04-30,29409,2573787,16715,1363244,11756,1135729,938,74814,12390,460338,16929,1091518,13320,1551856,California
Orange,2021-05-01,21755,2595542,14647,1377891,6120,1141849,988,75802,8654,456944,13030,1104548,9636,1561492,California
Orange,2021-05-02,15378,2610920,10221,1388112,4513,1146362,644,76446,5370,453008,9945,1114493,6009,1567501,California
Orange,2021-05-03,20521,2631441,12528,1400640,7234,1153596,759,77205,6449,446210,14003,1128496,7205,1574706,California
Orange,2021-05-04,23486,2654927,13401,1414041,9180,1162776,905,78110,8111,439939,15275,1143771,9004,1583710,California
Orange,2021-05-05,24693,2679620,13775,1427816,10022,1172798,896,79006,8062,432389,16505,1160276,8955,1592665,California
Orange,2021-05-06,26271,2705891,15925,1443741,9348,1182146,998,80004,7261,421757,18883,1179159,8251,1600916,California
Orange,2021-05-07,28069,2733960,16659,1460400,10361,1192507,1049,81053,7969,410869,19902,1199061,9014,1609930,California
Orange,2021-05-08,18349,2752309,12114,1472514,5461,1197968,774,81827,5400,404162,12877,1211938,6170,1616100,California
Orange,2021-05-09,10974,2763283,8333,1480847,2265,1200233,376,82203,2901,399415,8023,1219961,3276,1619376,California
Orange,2021-05-10,18937,2782220,11533,1492380,6629,1206862,775,82978,4267,389875,14582,1234543,5042,1624418,California
Orange,2021-05-11,21149,2803369,11681,1504061,8812,1215674,656,83634,5014,379502,16040,1250583,5667,1630085,California
Orange,2021-05-12,22490,2825859,13853,1517914,7883,1223557,754,84388,6268,370414,16109,1266692,7021,1637106,California
Orange,2021-05-13,19743,2845602,12058,1529972,7160,1230717,525,84913,7178,365645,12474,1279166,7705,1644811,California
Orange,2021-05-14,25136,2870738,16313,1546285,8012,1238729,811,85724,10195,361803,14843,1294009,11001,1655812,California
Orange,2021-05-15,19280,2890018,14112,1560397,4652,1243381,516,86240,7886,358876,11332,1305341,8405,1664217,California
Orange,2021-05-16,15031,2905049,12378,1572775,2319,1245700,334,86574,6464,357156,8517,1313858,6797,1671014,California
Orange,2021-05-17,19019,2924068,12414,1585189,5920,1251620,685,87259,7126,353159,11802,1325660,7805,1678819,California
Orange,2021-05-18,20082,2944150,11771,1596960,7697,1259317,614,87873,8397,350560,11610,1337270,9011,1687830,California
Orange,2021-05-19,21324,2965474,12343,1609303,8370,1267687,611,88484,7718,345378,13509,1350779,8327,1696157,California
Orange,2021-05-20,10875,2976349,5420,1614723,5068,1272755,387,88871,2609,340155,8216,1358995,2993,1699150,California
Placer,2020-12-15,29,29,29,29,0,0,0,0,29,29,0,0,29,29,California
Placer,2020-12-16,56,85,56,85,0,0,0,0,56,85,0,0,56,85,California
Placer,2020-12-17,140,225,140,225,0,0,0,0,140,225,0,0,140,225,California
Placer,2020-12-18,332,557,332,557,0,0,0,0,332,557,0,0,332,557,California
Placer,2020-12-19,252,809,252,809,0,0,0,0,252,809,0,0,252,809,California
Placer,2020-12-20,235,1044,235,1044,0,0,0,0,235,1044,0,0,235,1044,California
Placer,2020-12-21,493,1537,492,1536,1,1,0,0,493,1537,0,0,493,1537,California
Placer,2020-12-22,674,2211,667,2203,7,8,0,0,674,2211,0,0,674,2211,California
Placer,2020-12-23,750,2961,663,2866,87,95,0,0,750,2961,0,0,750,2961,California
Placer,2020-12-24,398,3359,346,3212,52,147,0,0,398,3359,0,0,398,3359,California
Placer,2020-12-26,156,3515,111,3323,45,192,0,0,156,3515,0,0,156,3515,California
Placer,2020-12-27,186,3701,163,3486,23,215,0,0,186,3701,0,0,186,3701,California
Placer,2020-12-28,665,4366,538,4024,127,342,0,0,665,4366,0,0,665,4366,California
Placer,2020-12-29,764,5130,515,4539,249,591,0,0,764,5130,0,0,764,5130,California
Placer,2020-12-30,728,5858,454,4993,274,865,0,0,726,5856,0,0,726,5856,California
Placer,2020-12-31,529,6387,343,5336,186,1051,0,0,529,6385,0,0,529,6385,California
Placer,2021-01-01,15,6402,11,5347,4,1055,0,0,15,6400,0,0,15,6400,California
Placer,2021-01-02,185,6587,153,5500,32,1087,0,0,185,6585,0,0,185,6585,California
Placer,2021-01-03,154,6741,79,5579,75,1162,0,0,154,6739,0,0,154,6739,California
Placer,2021-01-04,619,7360,180,5759,439,1601,0,0,619,7358,0,0,619,7358,California
Placer,2021-01-05,725,8085,159,5918,566,2167,0,0,642,7919,82,82,643,8001,California
Placer,2021-01-06,763,8848,246,6164,517,2684,0,0,620,8396,143,225,620,8621,California
Placer,2021-01-07,986,9834,368,6532,618,3302,0,0,781,8972,205,430,781,9402,California
Placer,2021-01-08,1184,11018,528,7060,656,3958,0,0,855,9501,326,756,855,10257,California
Placer,2021-01-09,450,11468,321,7381,129,4087,0,0,234,9520,215,971,234,10491,California
Placer,2021-01-10,329,11797,186,7567,143,4230,0,0,164,9519,165,1136,164,10655,California
Placer,2021-01-11,1424,13221,806,8373,618,4848,0,0,835,9766,589,1725,836,11491,California
Placer,2021-01-12,1653,14874,877,9250,776,5624,0,0,1052,10217,601,2326,1052,12543,California
Placer,2021-01-13,1634,16508,821,10071,813,6437,0,0,1210,11008,422,2748,1213,13756,California
Placer,2021-01-14,1785,18293,654,10725,1131,7568,0,0,1429,12085,353,3101,1430,15186,California
Placer,2021-01-15,1938,20231,721,11446,1217,8785,0,0,1588,13325,349,3450,1589,16775,California
Placer,2021-01-16,1472,21703,720,12166,752,9537,0,0,1351,14556,121,3571,1352,18127,California
Placer,2021-01-17,563,22266,397,12563,166,9703,0,0,430,14853,133,3704,430,18557,California
Placer,2021-01-18,989,23255,552,13115,437,10140,0,0,751,15367,238,3942,752,19309,California
Placer,2021-01-19,2624,25879,1959,15074,665,10805,0,0,2169,17081,455,4397,2169,21478,California
Placer,2021-01-20,2274,28153,1704,16778,570,11375,0,0,1944,18696,330,4727,1945,23423,California
Placer,2021-01-21,2560,30713,1118,17896,1442,12817,0,0,2167,20472,392,5119,2168,25591,California
Placer,2021-01-22,2347,33060,640,18536,1707,14524,0,0,2172,22472,173,5292,2173,27764,California
Placer,2021-01-23,1188,34248,380,18916,808,15332,0,0,1033,23350,155,5447,1033,28797,California
Placer,2021-01-24,507,34755,265,19181,242,15574,0,0,431,23706,76,5523,432,29229,California
Placer,2021-01-25,1677,36432,808,19989,869,16443,0,0,1384,24798,293,5816,1385,30614,California
Placer,2021-01-26,1857,38289,1033,21022,824,17267,0,0,1593,26127,264,6080,1593,32207,California
Placer,2021-01-27,1841,40130,1153,22175,688,17955,0,0,1597,27483,242,6322,1598,33805,California
Placer,2021-01-28,1808,41938,1118,23293,690,18645,0,0,1560,28797,246,6568,1560,35365,California
Placer,2021-01-29,1894,43832,1171,24464,723,19368,0,0,1702,30310,191,6759,1704,37069,California
Placer,2021-01-30,1727,45559,973,25437,754,20122,0,0,1606,31796,120,6879,1606,38675,California
Placer,2021-01-31,783,46342,626,26063,157,20279,0,0,715,32444,68,6947,716,39391,California
Placer,2021-02-01,2069,48411,1090,27153,979,21258,0,0,1756,33887,313,7260,1756,41147,California
Placer,2021-02-02,2381,50792,1542,28695,839,22097,0,0,1889,35287,489,7749,1889,43036,California
Placer,2021-02-03,2921,53713,1878,30573,1043,23140,0,0,2296,36962,621,8370,2296,45332,California
Placer,2021-02-04,2764,56477,1192,31765,1572,24712,0,0,1938,38079,822,9192,1939,47271,California
Placer,2021-02-05,2739,59216,1214,32979,1525,26237,0,0,1406,38157,1328,10520,1406,48677,California
Placer,2021-02-06,1957,61173,1316,34295,641,26878,0,0,1406,39012,551,11071,1406,50083,California
Placer,2021-02-07,1228,62401,918,35213,310,27188,0,0,940,39665,287,11358,940,51023,California
Placer,2021-02-08,3302,65703,1767,36980,1535,28723,0,0,1945,40262,1349,12707,1946,52969,California
Placer,2021-02-09,3551,69254,2180,39160,1371,30094,0,0,1646,40005,1903,14610,1646,54615,California
Placer,2021-02-10,3751,73005,2191,41351,1560,31654,0,0,1745,39749,2003,16613,1747,56362,California
Placer,2021-02-11,3696,76701,1907,43258,1789,33443,0,0,1579,39225,2104,18717,1580,57942,California
Placer,2021-02-12,2852,79553,1325,44583,1527,34970,0,0,1669,39749,1146,19863,1670,59612,California
Placer,2021-02-13,2545,82098,1487,46070,1058,36028,0,0,1892,40988,653,20516,1892,61504,California
Placer,2021-02-14,1083,83181,677,46747,406,36434,0,0,737,41382,343,20859,737,62241,California
Placer,2021-02-15,2251,85432,1047,47794,1204,37638,0,0,1534,42200,717,21576,1535,63776,California
Placer,2021-02-16,3578,89010,1783,49577,1795,39433,0,0,1589,41810,1980,23556,1590,65366,California
Placer,2021-02-17,3544,92554,1964,51541,1580,41013,0,0,1511,41292,2029,25585,1511,66877,California
Placer,2021-02-18,3800,96354,2048,53589,1752,42765,0,0,1616,40734,2175,27760,1617,68494,California
Placer,2021-02-19,3589,99943,1915,55504,1674,44439,0,0,1329,39809,2255,30015,1330,69824,California
Placer,2021-02-20,2004,101947,1259,56763,745,45184,0,0,913,39640,1085,31100,916,70740,California
Placer,2021-02-21,975,102922,731,57494,244,45428,0,0,279,39227,693,31793,280,71020,California
Placer,2021-02-22,2526,105448,1776,59270,750,46178,0,0,605,37912,1920,33713,605,71625,California
Placer,2021-02-23,2562,108010,1588,60858,974,47152,0,0,885,37121,1676,35389,885,72510,California
Placer,2021-02-24,3298,111308,1185,62043,2113,49265,0,0,1799,37433,1489,36878,1801,74311,California
Placer,2021-02-25,3639,114947,1526,63569,2113,51378,0,0,1968,37740,1663,38541,1970,76281,California
Placer,2021-02-26,4101,119048,2374,65943,1727,53105,0,0,2356,38356,1740,40281,2356,78637,California
Placer,2021-02-27,2824,121872,1495,67438,1329,54434,0,0,1451,38443,1367,41648,1454,80091,California
Placer,2021-02-28,1405,123277,798,68236,607,55041,0,0,589,38222,810,42458,589,80680,California
Placer,2021-03-01,3003,126280,1992,70228,1011,56052,0,0,1555,38334,1443,43901,1555,82235,California
Placer,2021-03-02,2885,129165,1777,72005,1108,57160,0,0,1884,39222,996,44897,1884,84119,California
Placer,2021-03-03,3326,132491,1424,73429,1902,59062,0,0,1818,39539,1502,46399,1819,85938,California
Placer,2021-03-04,3632,136123,1460,74889,2172,61234,0,0,1895,39710,1725,48124,1896,87834,California
Placer,2021-03-05,3016,139139,1038,75927,1956,63190,22,22,1811,40341,1202,49326,1833,89667,California
Placer,2021-03-06,2430,141569,1502,77429,832,64022,96,118,935,39885,1487,50813,1031,90698,California
Placer,2021-03-07,1301,142870,754,78183,509,64531,38,156,533,39691,765,51578,571,91269,California
Placer,2021-03-08,2912,145782,1830,80013,969,65500,113,269,1651,40196,1259,52837,1764,93033,California
Placer,2021-03-09,3189,148971,1696,81709,1402,66902,91,360,1825,40751,1361,54198,1916,94949,California
Placer,2021-03-10,3291,152262,1330,83039,1854,68756,107,467,1714,41000,1572,55770,1821,96770,California
Placer,2021-03-11,3642,155904,1649,84688,1867,70623,126,593,1749,40994,1884,57654,1878,98648,California
Placer,2021-03-12,3681,159585,1489,86177,1411,72034,781,1374,1256,40613,2419,60073,2038,100686,California
Placer,2021-03-13,2114,161699,744,86921,1251,73285,119,1493,1115,40853,994,61067,1234,101920,California
Placer,2021-03-14,1639,163338,671,87592,819,74104,149,1642,891,41145,748,61815,1040,102960,California
Placer,2021-03-15,3185,166523,1535,89127,1518,75622,132,1774,1767,41628,1417,63232,1900,104860,California
Placer,2021-03-16,3569,170092,1918,91045,1518,77140,133,1907,2285,42774,1273,64505,2419,107279,California
Placer,2021-03-17,3433,173525,1736,92781,1598,78738,99,2006,2210,43866,1219,65724,2311,109590,California
Placer,2021-03-18,4099,177624,2329,95110,1732,80470,38,2044,2866,45543,1226,66950,2903,112493,California
Placer,2021-03-19,3440,181064,2071,97181,1105,81575,264,2308,2198,46770,1234,68184,2461,114954,California
Placer,2021-03-20,2138,183202,897,98078,1143,82718,98,2406,1301,47336,832,69016,1398,116352,California
Placer,2021-03-21,1254,184456,575,98653,670,83388,9,2415,946,47986,305,69321,955,117307,California
Placer,2021-03-22,3269,187725,2101,100754,1078,84466,90,2505,2189,49189,1076,70397,2279,119586,California
Placer,2021-03-23,3530,191255,2100,102854,1339,85805,91,2596,2518,50792,1007,71404,2610,122196,California
Placer,2021-03-24,3790,195045,1999,104853,1694,87499,97,2693,1948,51018,1820,73224,2046,124242,California
Placer,2021-03-25,3855,198900,1867,106720,1891,89390,97,2790,1787,50844,2057,75281,1883,126125,California
Placer,2021-03-26,3767,202667,1665,108385,1871,91261,231,3021,1583,50489,2169,77450,1814,127939,California
Placer,2021-03-27,1594,204261,469,108854,1105,92366,20,3041,648,50218,939,78389,668,128607,California
Placer,2021-03-28,1110,205371,528,109382,572,92938,10,3051,364,49851,741,79130,374,128981,California
Placer,2021-03-29,3563,208934,1991,111373,1538,94476,34,3085,1723,49778,1831,80961,1758,130739,California
Placer,2021-03-30,3974,212908,2096,113469,1835,96311,43,3128,2084,50028,1876,82837,2126,132865,California
Placer,2021-03-31,4097,217005,1831,115300,2191,98502,75,3203,1691,49395,2399,85236,1766,134631,California
Placer,2021-04-01,2980,219985,1435,116735,1498,100000,47,3250,1663,49792,1315,86551,1712,136343,California
Placer,2021-04-02,2845,222830,1454,118189,1327,101327,64,3314,1593,50204,1245,87796,1657,138000,California
Placer,2021-04-03,1852,224682,985,119174,739,102066,128,3442,889,50265,956,88752,1017,139017,California
Placer,2021-04-04,711,225393,361,119535,297,102363,53,3495,285,50181,422,89174,338,139355,California
Placer,2021-04-05,3003,228396,1902,121437,917,103280,184,3679,1749,50864,1250,90424,1933,141288,California
Placer,2021-04-06,4288,232684,2478,123915,1511,104791,299,3978,1526,49936,2756,93180,1828,143116,California
Placer,2021-04-07,4514,237198,2575,126490,1478,106269,461,4439,2063,50013,2445,95625,2522,145638,California
Placer,2021-04-08,4689,241887,2592,129082,1552,107821,545,4984,1569,49017,3109,98734,2113,147751,California
Placer,2021-04-09,4106,245993,2263,131345,1225,109046,618,5602,1224,47987,2874,101608,1844,149595,California
Placer,2021-04-10,2025,248018,879,132224,961,110007,185,5787,865,47879,1157,102765,1049,150644,California
Placer,2021-04-11,1353,249371,531,132755,789,110796,33,5820,455,47472,894,103659,487,151131,California
Placer,2021-04-12,4098,253469,2645,135400,1073,111869,380,6200,2463,48690,1624,105283,2842,153973,California
Placer,2021-04-13,4345,257814,2994,138394,1350,113219,1,6201,2190,48730,2151,107434,2191,156164,California
Placer,2021-04-14,4124,261938,2566,140960,1557,114776,1,6202,1845,48305,2270,109704,1845,158009,California
Placer,2021-04-15,4494,266432,2510,143470,1983,116759,1,6203,2349,48521,2134,111838,2350,160359,California
Placer,2021-04-16,3675,270107,2185,145655,1490,118249,0,6203,1433,47718,2236,114074,1433,161792,California
Placer,2021-04-17,2421,272528,842,146497,1579,119828,0,6203,1517,48336,899,114973,1517,163309,California
Placer,2021-04-18,1183,273711,256,146753,927,120755,0,6203,412,47979,769,115742,412,163721,California
Placer,2021-04-19,2936,276647,1806,148559,1130,121885,0,6203,1166,47379,1767,117509,1167,164888,California
Placer,2021-04-20,3787,280434,2457,151016,1330,123215,0,6203,2414,48428,1365,118874,2414,167302,California
Placer,2021-04-21,3657,284091,2397,153413,1259,124474,1,6204,2382,49540,1271,120145,2383,169685,California
Placer,2021-04-22,3662,287753,2265,155678,1397,125871,0,6204,1749,49378,1911,122056,1749,171434,California
Placer,2021-04-23,3499,291252,2322,158000,1176,127047,1,6205,1374,48635,2118,124174,1375,172809,California
Placer,2021-04-24,2085,293337,1265,159265,819,127866,1,6206,1220,48998,857,125031,1220,174029,California
Placer,2021-04-25,913,294250,504,159769,409,128275,0,6206,565,49215,348,125379,565,174594,California
Placer,2021-04-26,2355,296605,1252,161021,1080,129355,23,6229,1156,49204,1189,126568,1178,175772,California
Placer,2021-04-27,2638,299243,1370,162391,1233,130588,35,6264,1517,49642,1115,127683,1553,177325,California
Placer,2021-04-28,2913,302156,1805,164196,1071,131659,37,6301,1521,49815,1385,129068,1558,178883,California
Placer,2021-04-29,3262,305418,2075,166271,1135,132794,52,6353,1317,49245,1939,131007,1369,180252,California
Placer,2021-04-30,2985,308403,1804,168075,1132,133926,49,6402,1190,48695,1789,132796,1239,181491,California
Placer,2021-05-01,1331,309734,933,169008,374,134300,24,6426,607,48607,718,133514,630,182121,California
Placer,2021-05-02,715,310449,553,169561,141,134441,21,6447,333,48581,380,133894,354,182475,California
Placer,2021-05-03,1611,312060,993,170554,553,134994,65,6512,438,47916,1168,135062,503,182978,California
Placer,2021-05-04,2296,314356,1295,171849,835,135829,166,6678,864,47519,1427,136489,1030,184008,California
Placer,2021-05-05,3668,318024,2475,174324,1086,136915,107,6785,968,45900,2694,139183,1075,185083,California
Placer,2021-05-06,3093,321117,1894,176218,1123,138038,76,6861,814,44537,2253,141436,890,185973,California
Placer,2021-05-07,2800,323917,1884,178102,824,138862,92,6953,785,43409,2005,143441,877,186850,California
Placer,2021-05-08,1331,325248,707,178809,582,139444,42,6995,392,42904,937,144378,432,187282,California
Placer,2021-05-09,440,325688,203,179012,216,139660,21,7016,217,42918,223,144601,237,187519,California
Placer,2021-05-10,1926,327614,1031,180043,798,140458,97,7113,435,41963,1487,146088,532,188051,California
Placer,2021-05-11,2800,330414,2022,182065,673,141131,105,7218,573,40424,2217,148305,678,188729,California
Placer,2021-05-12,2748,333162,1921,183986,781,141912,46,7264,647,39023,2094,150399,693,189422,California
Placer,2021-05-13,2654,335816,1726,185712,883,142795,45,7309,924,38264,1727,152126,968,190390,California
Placer,2021-05-14,2686,338502,1773,187485,782,143577,131,7440,1283,38284,1391,153517,1411,191801,California
Placer,2021-05-15,2031,340533,1327,188812,680,144257,24,7464,896,38075,1129,154646,920,192721,California
Placer,2021-05-16,730,341263,500,189312,211,144468,19,7483,311,37987,418,155064,330,193051,California
Placer,2021-05-17,2249,343512,1505,190817,679,145147,65,7548,975,37759,1269,156333,1041,194092,California
Placer,2021-05-18,2379,345891,1606,192423,694,145841,79,7627,1056,37576,1317,157650,1134,195226,California
Placer,2021-05-19,2404,348295,1533,193956,831,146672,40,7667,867,36953,1530,159180,907,196133,California
Placer,2021-05-20,1513,349808,1010,194966,488,147160,15,7682,458,36374,1051,160231,472,196605,California
Plumas,2020-12-18,4,4,4,4,0,0,0,0,4,4,0,0,4,4,California
Plumas,2020-12-19,1,5,1,5,0,0,0,0,1,5,0,0,1,5,California
Plumas,2020-12-21,45,50,45,50,0,0,0,0,45,50,0,0,45,50,California
Plumas,2020-12-22,92,142,92,142,0,0,0,0,92,142,0,0,92,142,California
Plumas,2020-12-23,50,192,50,192,0,0,0,0,50,192,0,0,50,192,California
Plumas,2020-12-24,6,198,6,198,0,0,0,0,6,198,0,0,6,198,California
Plumas,2020-12-28,8,206,0,198,8,8,0,0,8,206,0,0,8,206,California
Plumas,2020-12-29,32,238,22,220,10,18,0,0,32,238,0,0,32,238,California
Plumas,2020-12-30,23,261,1,221,22,40,0,0,23,261,0,0,23,261,California
Plumas,2020-12-31,4,265,1,222,3,43,0,0,4,265,0,0,4,265,California
Plumas,2021-01-04,10,275,4,226,6,49,0,0,10,275,0,0,10,275,California
Plumas,2021-01-05,22,297,2,228,20,69,0,0,22,297,0,0,22,297,California
Plumas,2021-01-06,123,420,5,233,118,187,0,0,123,420,0,0,123,420,California
Plumas,2021-01-07,53,473,2,235,51,238,0,0,52,471,1,1,52,472,California
Plumas,2021-01-08,12,485,5,240,7,245,0,0,8,475,4,5,8,480,California
Plumas,2021-01-09,2,487,2,242,0,245,0,0,1,475,1,6,1,481,California
Plumas,2021-01-11,58,545,50,292,8,253,0,0,11,439,47,53,11,492,California
Plumas,2021-01-12,155,700,86,378,69,322,0,0,71,426,84,137,71,563,California
Plumas,2021-01-13,56,756,50,428,6,328,0,0,10,390,46,183,10,573,California
Plumas,2021-01-14,96,852,14,442,82,410,0,0,91,476,5,188,91,664,California
Plumas,2021-01-15,62,914,7,449,55,465,0,0,60,534,2,190,60,724,California
Plumas,2021-01-16,58,972,1,450,57,522,0,0,58,592,0,190,58,782,California
Plumas,2021-01-18,2,974,1,451,1,523,0,0,2,594,0,190,2,784,California
Plumas,2021-01-19,36,1010,5,456,31,554,0,0,32,622,4,194,32,816,California
Plumas,2021-01-20,121,1131,3,459,118,672,0,0,119,739,2,196,119,935,California
Plumas,2021-01-21,112,1243,2,461,110,782,0,0,112,851,0,196,112,1047,California
Plumas,2021-01-22,5,1248,1,462,4,786,0,0,5,856,0,196,5,1052,California
Plumas,2021-01-23,93,1341,2,464,91,877,0,0,93,949,0,196,93,1145,California
Plumas,2021-01-24,1,1342,1,465,0,877,0,0,1,950,0,196,1,1146,California
Plumas,2021-01-25,10,1352,7,472,3,880,0,0,7,954,3,199,7,1153,California
Plumas,2021-01-26,60,1412,2,474,58,938,0,0,52,998,8,207,52,1205,California
Plumas,2021-01-27,25,1437,20,494,5,943,0,0,5,983,20,227,5,1210,California
Plumas,2021-01-28,23,1460,0,494,23,966,0,0,21,1002,2,229,21,1231,California
Plumas,2021-01-29,8,1468,2,496,6,972,0,0,7,1008,1,230,7,1238,California
Plumas,2021-01-30,8,1476,4,500,4,976,0,0,7,1014,1,231,7,1245,California
Plumas,2021-01-31,3,1479,3,503,0,976,0,0,3,1017,0,231,3,1248,California
Plumas,2021-02-01,16,1495,2,505,14,990,0,0,8,1017,8,239,8,1256,California
Plumas,2021-02-02,21,1516,2,507,19,1009,0,0,2,1000,19,258,2,1258,California
Plumas,2021-02-03,127,1643,8,515,119,1128,0,0,13,900,113,371,13,1271,California
Plumas,2021-02-04,102,1745,8,523,94,1222,0,0,23,844,79,450,23,1294,California
Plumas,2021-02-05,24,1769,11,534,13,1235,0,0,9,838,15,465,9,1303,California
Plumas,2021-02-06,7,1776,0,534,7,1242,0,0,7,845,0,465,7,1310,California
Plumas,2021-02-08,16,1792,7,541,9,1251,0,0,4,837,12,477,4,1314,California
Plumas,2021-02-09,171,1963,1,542,170,1421,0,0,111,888,60,537,111,1425,California
Plumas,2021-02-10,89,2052,9,551,80,1501,0,0,80,960,9,546,81,1506,California
Plumas,2021-02-11,322,2374,7,558,315,1816,0,0,263,1164,59,605,263,1769,California
Plumas,2021-02-12,123,2497,4,562,119,1935,0,0,118,1277,5,610,118,1887,California
Plumas,2021-02-13,74,2571,5,567,69,2004,0,0,14,1231,60,670,14,1901,California
Plumas,2021-02-14,8,2579,5,572,3,2007,0,0,8,1239,0,670,8,1909,California
Plumas,2021-02-15,27,2606,5,577,22,2029,0,0,24,1260,3,673,24,1933,California
Plumas,2021-02-16,76,2682,4,581,72,2101,0,0,14,1212,62,735,14,1947,California
Plumas,2021-02-17,136,2818,5,586,131,2232,0,0,12,1100,124,859,12,1959,California
Plumas,2021-02-18,128,2946,6,592,122,2354,0,0,19,1011,109,968,20,1979,California
Plumas,2021-02-19,42,2988,5,597,37,2391,0,0,7,983,35,1003,7,1986,California
Plumas,2021-02-20,105,3093,7,604,98,2489,0,0,13,904,92,1095,13,1999,California
Plumas,2021-02-21,6,3099,5,609,1,2490,0,0,2,902,4,1099,2,2001,California
Plumas,2021-02-22,3,3102,1,610,2,2492,0,0,0,899,3,1102,0,2001,California
Plumas,2021-02-23,25,3127,5,615,20,2512,0,0,17,908,8,1110,17,2018,California
Plumas,2021-02-24,457,3584,7,622,450,2962,0,0,444,1339,13,1123,444,2462,California
Plumas,2021-02-25,230,3814,10,632,220,3182,0,0,169,1447,61,1184,169,2631,California
Plumas,2021-02-26,267,4081,8,640,259,3441,0,0,259,1699,8,1192,260,2891,California
Plumas,2021-02-27,40,4121,4,644,36,3477,0,0,33,1725,7,1199,33,2924,California
Plumas,2021-02-28,1,4122,0,644,1,3478,0,0,1,1726,0,1199,1,2925,California
Plumas,2021-03-01,14,4136,3,647,11,3489,0,0,8,1729,5,1204,8,2933,California
Plumas,2021-03-02,9,4145,0,647,9,3498,0,0,7,1734,2,1206,7,2940,California
Plumas,2021-03-03,151,4296,9,656,142,3640,0,0,135,1853,16,1222,135,3075,California
Plumas,2021-03-04,252,4548,9,665,243,3883,0,0,230,2061,22,1244,230,3305,California
Plumas,2021-03-05,400,4948,7,672,388,4271,5,5,389,2444,11,1255,394,3699,California
Plumas,2021-03-06,19,4967,2,674,9,4280,8,13,3,2439,16,1271,11,3710,California
Plumas,2021-03-07,13,4980,2,676,2,4282,9,22,3,2441,10,1281,12,3722,California
Plumas,2021-03-08,29,5009,3,679,2,4284,24,46,3,2442,26,1307,27,3749,California
Plumas,2021-03-09,133,5142,2,681,116,4400,15,61,18,2360,115,1422,33,3782,California
Plumas,2021-03-10,254,5396,3,684,237,4637,14,75,107,2335,146,1568,121,3903,California
Plumas,2021-03-11,179,5575,8,692,166,4803,5,80,144,2449,35,1603,149,4052,California
Plumas,2021-03-12,594,6169,4,696,303,5106,287,367,23,2188,571,2174,310,4362,California
Plumas,2021-03-13,25,6194,4,700,10,5116,11,378,5,2184,20,2194,16,4378,California
Plumas,2021-03-14,12,6206,3,703,4,5120,5,383,1,2180,10,2204,6,4384,California
Plumas,2021-03-15,31,6237,0,703,24,5144,7,390,5,2166,26,2230,12,4396,California
Plumas,2021-03-16,60,6297,3,706,56,5200,1,391,49,2205,11,2241,50,4446,California
Plumas,2021-03-17,73,6370,9,715,63,5263,1,392,58,2250,14,2255,59,4505,California
Plumas,2021-03-18,60,6430,6,721,38,5301,16,408,12,2230,48,2303,28,4533,California
Plumas,2021-03-19,164,6594,6,727,156,5457,2,410,155,2381,7,2310,158,4691,California
Plumas,2021-03-20,692,7286,4,731,687,6144,1,411,671,3034,19,2329,672,5363,California
Plumas,2021-03-21,2,7288,1,732,1,6145,0,411,1,3035,0,2329,1,5364,California
Plumas,2021-03-22,183,7471,2,734,181,6326,0,411,176,3204,7,2336,176,5540,California
Plumas,2021-03-23,27,7498,2,736,25,6351,0,411,13,3203,14,2350,13,5553,California
Plumas,2021-03-24,654,8152,6,742,647,6998,1,412,224,2999,429,2779,225,5778,California
Plumas,2021-03-25,302,8454,7,749,293,7291,2,414,158,3013,144,2923,158,5936,California
Plumas,2021-03-26,315,8769,9,758,306,7597,0,414,46,2791,268,3191,46,5982,California
Plumas,2021-03-27,13,8782,1,759,11,7608,1,415,3,2785,10,3201,4,5986,California
Plumas,2021-03-28,5,8787,3,762,1,7609,1,416,3,2787,2,3203,4,5990,California
Plumas,2021-03-29,12,8799,4,766,7,7616,1,417,4,2784,8,3211,5,5995,California
Plumas,2021-03-30,151,8950,3,769,147,7763,1,418,24,2682,127,3338,25,6020,California
Plumas,2021-03-31,288,9238,2,771,285,8048,1,419,267,2929,21,3359,268,6288,California
Plumas,2021-04-01,299,9537,11,782,287,8335,1,420,61,2754,236,3595,61,6349,California
Plumas,2021-04-02,375,9912,5,787,369,8704,1,421,29,2449,335,3930,30,6379,California
Plumas,2021-04-03,16,9928,3,790,5,8709,8,429,4,2449,12,3942,12,6391,California
Plumas,2021-04-04,3,9931,1,791,1,8710,1,430,0,2447,3,3945,1,6392,California
Plumas,2021-04-05,10,9941,3,794,6,8716,1,431,3,2444,7,3952,4,6396,California
Plumas,2021-04-06,120,10061,6,800,88,8804,26,457,13,2376,107,4059,39,6435,California
Plumas,2021-04-07,282,10343,7,807,99,8903,176,633,28,2326,254,4313,204,6639,California
Plumas,2021-04-08,150,10493,3,810,132,9035,15,648,34,2259,115,4428,48,6687,California
Plumas,2021-04-09,51,10544,10,820,25,9060,16,664,19,2261,32,4460,34,6721,California
Plumas,2021-04-10,24,10568,2,822,6,9066,16,680,5,2263,19,4479,21,6742,California
Plumas,2021-04-11,4,10572,3,825,0,9066,1,681,3,2266,1,4480,4,6746,California
Plumas,2021-04-12,11,10583,5,830,3,9069,3,684,7,2272,4,4484,10,6756,California
Plumas,2021-04-13,207,10790,5,835,202,9271,0,684,139,2343,68,4552,139,6895,California
Plumas,2021-04-14,109,10899,8,843,101,9372,0,684,55,2344,54,4606,55,6950,California
Plumas,2021-04-15,50,10949,2,845,48,9420,0,684,32,2358,18,4624,32,6982,California
Plumas,2021-04-16,142,11091,2,847,140,9560,0,684,2,2220,140,4764,2,6984,California
Plumas,2021-04-17,666,11757,2,849,664,10224,0,684,21,1598,643,5407,21,7005,California
Plumas,2021-04-18,4,11761,3,852,1,10225,0,684,1,1596,3,5410,1,7006,California
Plumas,2021-04-19,38,11799,3,855,35,10260,0,684,5,1568,33,5443,5,7011,California
Plumas,2021-04-20,42,11841,5,860,37,10297,0,684,26,1579,15,5458,26,7037,California
Plumas,2021-04-21,312,12153,5,865,306,10603,1,685,18,1303,294,5752,18,7055,California
Plumas,2021-04-22,272,12425,8,873,264,10867,0,685,129,1289,143,5895,129,7184,California
Plumas,2021-04-23,73,12498,6,879,67,10934,0,685,16,1248,57,5952,16,7200,California
Plumas,2021-04-24,171,12669,5,884,166,11100,0,685,145,1368,25,5977,145,7345,California
Plumas,2021-04-26,29,12698,4,888,25,11125,0,685,9,1358,19,5996,9,7354,California
Plumas,2021-04-27,87,12785,3,891,84,11209,0,685,51,1373,36,6032,51,7405,California
Plumas,2021-04-28,283,13068,4,895,279,11488,0,685,37,1165,245,6277,37,7442,California
Plumas,2021-04-29,172,13240,69,964,103,11591,0,685,119,1231,53,6330,119,7561,California
Plumas,2021-04-30,23,13263,11,975,12,11603,0,685,7,1222,16,6346,7,7568,California
Plumas,2021-05-01,2,13265,1,976,0,11603,1,686,0,1221,2,6348,1,7569,California
Plumas,2021-05-02,3,13268,3,979,0,11603,0,686,1,1220,2,6350,1,7570,California
Plumas,2021-05-03,16,13284,6,985,4,11607,6,692,5,1220,11,6361,11,7581,California
Plumas,2021-05-04,27,13311,3,988,18,11625,6,698,16,1231,11,6372,22,7603,California
Plumas,2021-05-05,47,13358,6,994,40,11665,1,699,21,1227,26,6398,22,7625,California
Plumas,2021-05-06,56,13414,2,996,49,11714,5,704,15,1206,41,6439,20,7645,California
Plumas,2021-05-07,22,13436,5,1001,16,11730,1,705,8,1201,14,6453,9,7654,California
Plumas,2021-05-08,6,13442,0,1001,4,11734,2,707,4,1205,2,6455,6,7660,California
Plumas,2021-05-10,49,13491,1,1002,25,11759,23,730,22,1223,27,6482,45,7705,California
Plumas,2021-05-11,164,13655,3,1005,142,11901,19,749,14,1106,150,6632,33,7738,California
Plumas,2021-05-12,98,13753,2,1007,88,11989,8,757,36,1089,61,6693,44,7782,California
Plumas,2021-05-13,41,13794,5,1012,34,12023,2,759,18,1086,23,6716,20,7802,California
Plumas,2021-05-14,18,13812,2,1014,10,12033,6,765,7,1088,11,6727,13,7815,California
Plumas,2021-05-15,11,13823,4,1018,5,12038,2,767,5,1089,6,6733,7,7822,California
Plumas,2021-05-16,3,13826,2,1020,1,12039,0,767,2,1090,1,6734,2,7824,California
Plumas,2021-05-17,13,13839,1,1021,4,12043,8,775,4,1093,9,6743,12,7836,California
Plumas,2021-05-18,40,13879,7,1028,32,12075,1,776,20,1094,20,6763,21,7857,California
Plumas,2021-05-19,46,13925,3,1031,30,12105,13,789,12,1086,34,6797,26,7883,California
Plumas,2021-05-20,131,14056,90,1121,32,12137,9,798,46,1056,85,6882,55,7938,California
Riverside,2020-12-15,5,5,5,5,0,0,0,0,5,5,0,0,5,5,California
Riverside,2020-12-16,65,70,65,70,0,0,0,0,65,70,0,0,65,70,California
Riverside,2020-12-17,806,876,806,876,0,0,0,0,806,876,0,0,806,876,California
Riverside,2020-12-18,1727,2603,1726,2602,1,1,0,0,1727,2603,0,0,1727,2603,California
Riverside,2020-12-19,1027,3630,1024,3626,3,4,0,0,1025,3627,1,1,1025,3628,California
Riverside,2020-12-20,1085,4715,1084,4710,1,5,0,0,1085,4712,0,1,1085,4713,California
Riverside,2020-12-21,2275,6990,2273,6983,2,7,0,0,2275,6987,0,1,2275,6988,California
Riverside,2020-12-22,2258,9248,2219,9202,39,46,0,0,2257,9244,0,1,2257,9245,California
Riverside,2020-12-23,2130,11378,1793,10995,337,383,0,0,2131,11375,0,1,2131,11376,California
Riverside,2020-12-24,828,12206,626,11621,202,585,0,0,828,12203,0,1,828,12204,California
Riverside,2020-12-25,28,12234,5,11626,23,608,0,0,28,12231,0,1,28,12232,California
Riverside,2020-12-26,401,12635,257,11883,144,752,0,0,401,12632,0,1,401,12633,California
Riverside,2020-12-27,363,12998,244,12127,119,871,0,0,363,12995,0,1,363,12996,California
Riverside,2020-12-28,1628,14626,1126,13253,502,1373,0,0,1628,14623,0,1,1628,14624,California
Riverside,2020-12-29,1739,16365,973,14226,766,2139,0,0,1739,16362,0,1,1739,16363,California
Riverside,2020-12-30,2583,18948,1688,15914,895,3034,0,0,2582,18944,0,1,2582,18945,California
Riverside,2020-12-31,1021,19969,394,16308,627,3661,0,0,1023,19967,0,1,1023,19968,California
Riverside,2021-01-01,117,20086,46,16354,71,3732,0,0,117,20084,0,1,117,20085,California
Riverside,2021-01-02,834,20920,694,17048,140,3872,0,0,834,20918,0,1,834,20919,California
Riverside,2021-01-03,343,21263,298,17346,45,3917,0,0,342,21260,0,1,342,21261,California
Riverside,2021-01-04,1268,22531,798,18144,470,4387,0,0,1268,22528,0,1,1268,22529,California
Riverside,2021-01-05,1990,24521,1368,19512,622,5009,0,0,1894,24332,90,91,1894,24423,California
Riverside,2021-01-06,2500,27021,1115,20627,1385,6394,0,0,2192,26221,304,395,2193,26616,California
Riverside,2021-01-07,2766,29787,1813,22440,953,7347,0,0,1705,26872,1056,1451,1707,28323,California
Riverside,2021-01-08,4060,33847,2938,25378,1122,8469,0,0,2248,27312,1808,3259,2248,30571,California
Riverside,2021-01-09,2072,35919,843,26221,1229,9698,0,0,1725,28691,346,3605,1725,32296,California
Riverside,2021-01-10,1669,37588,737,26958,932,10630,0,0,1065,29152,604,4209,1065,33361,California
Riverside,2021-01-11,4529,42117,3103,30061,1426,12056,0,0,2794,30214,1733,5942,2795,36156,California
Riverside,2021-01-12,3417,45534,2738,32799,679,12735,0,0,1723,30248,1689,7631,1723,37879,California
Riverside,2021-01-13,4396,49930,2876,35675,1520,14255,0,0,2786,31427,1607,9238,2786,40665,California
Riverside,2021-01-14,5497,55427,1896,37571,3601,17856,0,0,4909,35748,588,9826,4909,45574,California
Riverside,2021-01-15,6168,61595,2103,39674,4065,21921,0,0,5879,41339,288,10114,5879,51453,California
Riverside,2021-01-16,3609,65204,1017,40691,2592,24513,0,0,3363,44457,246,10360,3364,54817,California
Riverside,2021-01-17,3595,68799,584,41275,3011,27524,0,0,3398,47660,195,10555,3398,58215,California
Riverside,2021-01-18,3740,72539,2030,43305,1710,29234,0,0,2734,49388,1006,11561,2734,60949,California
Riverside,2021-01-19,7415,79954,2648,45953,4767,34001,0,0,6298,54570,1117,12678,6299,67248,California
Riverside,2021-01-20,8223,88177,3140,49093,5083,39084,0,0,6540,59443,1671,14349,6544,73792,California
Riverside,2021-01-21,8379,96556,3533,52626,4846,43930,0,0,7720,66504,660,15009,7721,81513,California
Riverside,2021-01-22,8732,105288,2981,55607,5751,49681,0,0,8301,74377,429,15438,8302,89815,California
Riverside,2021-01-23,5929,111217,2393,58000,3536,53217,0,0,5200,78849,729,16167,5201,95016,California
Riverside,2021-01-24,3037,114254,1432,59432,1605,54822,0,0,2822,81460,212,16379,2823,97839,California
Riverside,2021-01-25,7886,122140,4541,63973,3345,58167,0,0,6758,87092,1127,17506,6759,104598,California
Riverside,2021-01-26,9125,131265,5733,69706,3392,61559,0,0,7610,93191,1512,19018,7611,112209,California
Riverside,2021-01-27,10916,142181,6394,76100,4522,66081,0,0,9303,100888,1609,20627,9306,121515,California
Riverside,2021-01-28,11504,153685,6792,82892,4712,70793,0,0,10342,110077,1154,21781,10343,131858,California
Riverside,2021-01-29,11934,165619,7281,90173,4653,75446,0,0,10562,119297,1346,23127,10566,142424,California
Riverside,2021-01-30,9057,174676,4609,94782,4448,79894,0,0,8594,127432,460,23587,8595,151019,California
Riverside,2021-01-31,5169,179845,4257,99039,912,80806,0,0,5036,132340,132,23719,5040,156059,California
Riverside,2021-02-01,10929,190774,6759,105798,4170,84976,0,0,9108,139637,1814,25533,9111,165170,California
Riverside,2021-02-02,9520,200294,4855,110653,4665,89641,0,0,8022,146171,1491,27024,8025,173195,California
Riverside,2021-02-03,12141,212435,5107,115760,7034,96675,0,0,9803,153646,2328,29352,9803,182998,California
Riverside,2021-02-04,13560,225995,6051,121811,7509,104184,0,0,11445,162986,2107,31459,11447,194445,California
Riverside,2021-02-05,14348,240343,5405,127216,8943,113127,0,0,11286,171222,3054,34513,11290,205735,California
Riverside,2021-02-06,7266,247609,4294,131510,2972,116099,0,0,5619,175205,1639,36152,5622,211357,California
Riverside,2021-02-07,2169,249778,799,132309,1370,117469,0,0,1849,176737,318,36470,1850,213207,California
Riverside,2021-02-08,12466,262244,5540,137849,6926,124395,0,0,10145,184583,2303,38773,10149,223356,California
Riverside,2021-02-09,9678,271922,4552,142401,5126,129521,0,0,7729,190377,1940,40713,7734,231090,California
Riverside,2021-02-10,12087,284009,6986,149387,5101,134622,0,0,8907,196125,3168,43881,8916,240006,California
Riverside,2021-02-11,16612,300621,9060,158447,7552,142174,0,0,12095,203740,4495,48376,12110,252116,California
Riverside,2021-02-12,17694,318315,10814,169261,6880,149054,0,0,12809,211720,4841,53217,12821,264937,California
Riverside,2021-02-13,6337,324652,2136,171397,4201,153255,0,0,3108,211638,3211,56428,3129,268066,California
Riverside,2021-02-14,4933,329585,1127,172524,3806,157061,0,0,2181,211072,2748,59176,2182,270248,California
Riverside,2021-02-15,9832,339417,5001,177525,4831,161892,0,0,5409,212074,4414,63590,5416,275664,California
Riverside,2021-02-16,16117,355534,10111,187636,6006,167898,0,0,9250,214472,6860,70450,9258,284922,California
Riverside,2021-02-17,15027,370561,8211,195847,6816,174714,0,0,7450,214368,7564,78014,7460,292382,California
Riverside,2021-02-18,15543,386104,8997,204844,6546,181260,0,0,8015,214893,7504,85518,8029,300411,California
Riverside,2021-02-19,15300,401404,8228,213072,7072,188332,0,0,7224,214068,8057,93575,7232,307643,California
Riverside,2021-02-20,8311,409715,4497,217569,3814,192146,0,0,2167,210111,6127,99702,2170,309813,California
Riverside,2021-02-21,4398,414113,3878,221447,520,192666,0,0,1234,208195,3150,102852,1234,311047,California
Riverside,2021-02-22,12367,426480,7765,229212,4602,197268,0,0,5107,206065,7242,110094,5112,316159,California
Riverside,2021-02-23,11118,437598,7577,236789,3541,200809,0,0,5398,205776,5691,115785,5402,321561,California
Riverside,2021-02-24,14807,452405,8101,244890,6706,207515,0,0,6295,203615,8473,124258,6312,327873,California
Riverside,2021-02-25,17359,469764,7404,252294,9955,217470,0,0,8063,202429,9274,133532,8088,335961,California
Riverside,2021-02-26,18634,488398,6730,259024,11904,229374,0,0,9304,202496,9271,142803,9338,345299,California
Riverside,2021-02-27,12080,500478,5609,264633,6471,235845,0,0,5766,202010,6279,149082,5793,351092,California
Riverside,2021-02-28,4881,505359,3217,267850,1664,237509,0,0,2409,201966,2460,151542,2416,353508,California
Riverside,2021-03-01,14369,519728,6119,273969,8248,245757,2,2,8462,204586,5871,157413,8491,361999,California
Riverside,2021-03-02,15363,535091,7504,281473,7858,253615,1,3,9016,207308,6323,163736,9045,371044,California
Riverside,2021-03-03,16904,551995,8375,289848,8529,262144,0,3,7309,205199,9545,173281,7436,378480,California
Riverside,2021-03-04,18759,570754,7467,297315,11287,273431,5,8,8908,204456,9806,183087,9063,387543,California
Riverside,2021-03-05,18908,589662,7615,304930,11249,284680,44,52,9404,204730,9453,192540,9727,397270,California
Riverside,2021-03-06,9526,599188,5072,310002,3973,288653,481,533,4745,205221,4766,197306,5257,402527,California
Riverside,2021-03-07,4248,603436,2748,312750,1111,289764,389,922,2001,205378,2237,199543,2394,404921,California
Riverside,2021-03-08,11969,615405,4765,317515,6793,296557,411,1333,5337,204558,6613,206156,5793,410714,California
Riverside,2021-03-09,14817,630222,6912,324427,7405,303962,500,1833,5915,202227,8880,215036,6549,417263,California
Riverside,2021-03-10,15907,646129,8519,332946,6463,310425,925,2758,6210,199861,9653,224689,7287,424550,California
Riverside,2021-03-11,19262,665391,9466,342412,7948,318373,1848,4606,7603,197900,11622,236311,9661,434211,California
Riverside,2021-03-12,21199,686590,7946,350358,8512,326885,4741,9347,7126,196055,14039,250350,12194,446405,California
Riverside,2021-03-13,8482,695072,2540,352898,4718,331603,1224,10571,4365,197622,4098,254448,5665,452070,California
Riverside,2021-03-14,4680,699752,1620,354518,1752,333355,1308,11879,2083,198424,2586,257034,3388,455458,California
Riverside,2021-03-15,18702,718454,7862,362380,9168,342523,1672,13551,9209,199955,9450,266484,10981,466439,California
Riverside,2021-03-16,20910,739364,10147,372527,9948,352471,815,14366,11390,202773,9480,275964,12298,478737,California
Riverside,2021-03-17,21340,760704,10960,383487,9322,361793,1058,15424,12823,208232,8480,284444,13939,492676,California
Riverside,2021-03-18,22636,783340,11787,395274,9181,370974,1668,17092,12566,212452,10022,294466,14242,506918,California
Riverside,2021-03-19,24124,807464,12657,407931,10496,381470,971,18063,14092,217907,9975,304441,15430,522348,California
Riverside,2021-03-20,10608,818072,6845,414776,2597,384067,1166,19229,6820,222136,3757,308198,7986,530334,California
Riverside,2021-03-21,3685,821757,2879,417655,554,384621,252,19481,2523,223767,1145,309343,2776,533110,California
Riverside,2021-03-22,16645,838402,9930,427585,6162,390783,553,20034,10592,228909,6000,315343,11142,544252,California
Riverside,2021-03-23,18565,856967,10506,438091,7636,398419,423,20457,11942,234722,6566,321909,12379,556631,California
Riverside,2021-03-24,18700,875667,10423,448514,8157,406576,120,20577,12834,241864,5818,327727,12960,569591,California
Riverside,2021-03-25,21120,896787,11658,460172,9282,415858,180,20757,14164,249329,6886,334613,14351,583942,California
Riverside,2021-03-26,24109,920896,11900,472072,12036,427894,173,20930,14987,255471,9021,343634,15163,599105,California
Riverside,2021-03-27,9287,930183,4875,476947,3358,431252,1054,21984,4789,256839,4476,348110,5844,604949,California
Riverside,2021-03-28,4723,934906,3105,480052,1526,432778,92,22076,2814,257850,1896,350006,2907,607856,California
Riverside,2021-03-29,17668,952574,8444,488496,9106,441884,118,22194,10945,262244,6683,356689,11077,618933,California
Riverside,2021-03-30,18343,970917,9547,498043,8591,450475,205,22399,11705,267559,6599,363288,11914,630847,California
Riverside,2021-03-31,18063,988980,8400,506443,9362,459837,301,22700,11402,272658,6617,369905,11716,642563,California
Riverside,2021-04-01,25523,1014503,12472,518915,12286,472123,765,23465,16504,280991,8960,378865,17293,659856,California
Riverside,2021-04-02,26070,1040573,14038,532953,11089,483212,943,24408,16334,288815,9682,388547,17506,677362,California
Riverside,2021-04-03,9323,1049896,5925,538878,2816,486028,582,24990,6027,292152,3277,391824,6614,683976,California
Riverside,2021-04-04,3396,1053292,2064,540942,1092,487120,240,25230,1722,292455,1665,393489,1968,685944,California
Riverside,2021-04-05,18447,1071739,9451,550393,7152,494272,1844,27074,9945,295790,8465,401954,11800,697744,California
Riverside,2021-04-06,23750,1095489,12349,562742,9276,503548,2125,29199,13241,300699,10459,412413,15368,713112,California
Riverside,2021-04-07,24683,1120172,13277,576019,8912,512460,2494,31693,13688,305957,10951,423364,16209,729321,California
Riverside,2021-04-08,26955,1147127,14797,590816,9218,521678,2940,34633,16390,314766,10505,433869,19314,748635,California
Riverside,2021-04-09,26073,1173200,15335,606151,8307,529985,2431,37064,15896,322977,10135,444004,18346,766981,California
Riverside,2021-04-10,11942,1185142,6709,612860,3844,533829,1389,38453,5220,322897,6679,450683,6599,773580,California
Riverside,2021-04-11,4599,1189741,2730,615590,1249,535078,620,39073,2165,323258,2423,453106,2784,776364,California
Riverside,2021-04-12,20069,1209810,8912,624502,8520,543598,2637,41710,10056,325974,9975,463081,12691,789055,California
Riverside,2021-04-13,19896,1229706,11133,635635,8737,552335,26,41736,11355,328857,8500,471581,11383,800438,California
Riverside,2021-04-14,22034,1251740,12102,647737,9918,562253,14,41750,10792,328494,11173,482754,10810,811248,California
Riverside,2021-04-15,21679,1273419,12176,659913,9495,571748,8,41758,11338,329567,10274,493028,11347,822595,California
Riverside,2021-04-16,24938,1298357,14427,674340,10505,582253,6,41764,11590,327872,13299,506327,11604,834199,California
Riverside,2021-04-17,9858,1308215,6494,680834,3364,585617,0,41764,4970,327977,4872,511199,4977,839176,California
Riverside,2021-04-18,3857,1312072,2813,683647,1037,586654,7,41771,1838,327818,2006,513205,1847,841023,California
Riverside,2021-04-19,19482,1331554,11598,695245,7881,594535,3,41774,6975,322337,12464,525669,6983,848006,California
Riverside,2021-04-20,18856,1350410,9944,705189,8902,603437,10,41784,7729,318990,11088,536757,7741,855747,California
Riverside,2021-04-21,19486,1369896,11078,716267,8400,611837,8,41792,7677,314936,11746,548503,7692,863439,California
Riverside,2021-04-22,23226,1393122,13547,729814,9676,621513,3,41795,8674,309133,14484,562987,8681,872120,California
Riverside,2021-04-23,23322,1416444,13738,743552,9570,631083,14,41809,9183,304257,14081,577068,9205,881325,California
Riverside,2021-04-24,10470,1426914,7314,750866,3154,634237,2,41811,4850,303525,5585,582653,4853,886178,California
Riverside,2021-04-25,4202,1431116,2814,753680,1387,635624,1,41812,2191,303721,1997,584650,2193,888371,California
Riverside,2021-04-26,16483,1447599,10360,764040,6078,641702,45,41857,5536,298393,10913,595563,5585,893956,California
Riverside,2021-04-27,17648,1465247,10120,774160,7366,649068,162,42019,6099,293146,11507,607070,6260,900216,California
Riverside,2021-04-28,16417,1481664,8851,783011,7307,656375,259,42278,5544,288132,10817,617887,5803,906019,California
Riverside,2021-04-29,18674,1500338,11427,794438,6898,663273,349,42627,5389,280646,13222,631109,5736,911755,California
Riverside,2021-04-30,19680,1520018,11329,805767,7973,671246,378,43005,6305,274008,13324,644433,6686,918441,California
Riverside,2021-05-01,6751,1526769,4869,810636,1714,672960,168,43173,2314,272074,4414,648847,2480,920921,California
Riverside,2021-05-02,3350,1530119,2184,812820,958,673918,208,43381,1064,271082,2270,651117,1278,922199,California
Riverside,2021-05-03,17972,1548091,11025,823845,6460,680378,487,43868,4150,261954,13763,664880,4635,926834,California
Riverside,2021-05-04,17234,1565325,10944,834789,5874,686252,416,44284,4863,254922,12310,677190,5278,932112,California
Riverside,2021-05-05,15733,1581058,8917,843706,6462,692714,354,44638,4537,248671,11142,688332,4891,937003,California
Riverside,2021-05-06,17716,1598774,9941,853647,7367,700081,408,45046,4504,240442,13143,701475,4914,941917,California
Riverside,2021-05-07,20211,1618985,11560,865207,8224,708305,427,45473,5310,231354,14825,716300,5737,947654,California
Riverside,2021-05-08,6792,1625777,4521,869728,2046,710351,225,45698,2545,229909,4214,720514,2769,950423,California
Riverside,2021-05-09,2312,1628089,1518,871246,639,710990,155,45853,855,229473,1446,721960,1010,951433,California
Riverside,2021-05-10,9997,1638086,5120,876366,4501,715491,376,46229,2838,225580,7107,729067,3214,954647,California
Riverside,2021-05-11,13469,1651555,8107,884473,4868,720359,494,46723,3674,220037,9712,738779,4169,958816,California
Riverside,2021-05-12,11864,1663419,5744,890217,5847,726206,273,46996,3541,215576,8274,747053,3813,962629,California
Riverside,2021-05-13,13447,1676866,7951,898168,5232,731438,264,47260,4631,211707,8769,755822,4900,967529,California
Riverside,2021-05-14,17350,1694216,10995,909163,5638,737076,717,47977,6720,208575,10571,766393,7439,974968,California
Riverside,2021-05-15,9410,1703626,6765,915928,2330,739406,315,48292,4753,209018,4629,771022,5072,980040,California
Riverside,2021-05-16,3343,1706969,2436,918364,801,740207,106,48398,1606,209002,1726,772748,1710,981750,California
Riverside,2021-05-17,11511,1718480,7448,925812,3738,743945,325,48723,5093,208038,6383,779131,5419,987169,California
Riverside,2021-05-18,14583,1733063,9028,934840,5226,749171,329,49052,5916,205668,8614,787745,6244,993413,California
Riverside,2021-05-19,11552,1744615,7250,942090,4097,753268,205,49257,5515,205396,5995,793740,5723,999136,California
Riverside,2021-05-20,6260,1750875,3820,945910,2280,755548,160,49417,2373,204069,3861,797601,2534,1001670,California
Sacramento,2020-12-15,317,317,317,317,0,0,0,0,317,317,0,0,317,317,California
Sacramento,2020-12-16,646,963,646,963,0,0,0,0,646,963,0,0,646,963,California
Sacramento,2020-12-17,650,1613,650,1613,0,0,0,0,650,1613,0,0,650,1613,California
Sacramento,2020-12-18,970,2583,970,2583,0,0,0,0,970,2583,0,0,970,2583,California
Sacramento,2020-12-19,612,3195,612,3195,0,0,0,0,612,3195,0,0,612,3195,California
Sacramento,2020-12-20,635,3830,635,3830,0,0,0,0,635,3830,0,0,635,3830,California
Sacramento,2020-12-21,1677,5507,1677,5507,0,0,0,0,1678,5508,0,0,1678,5508,California
Sacramento,2020-12-22,2099,7606,2066,7573,33,33,0,0,2099,7607,0,0,2099,7607,California
Sacramento,2020-12-23,2255,9861,2084,9657,171,204,0,0,2255,9862,0,0,2255,9862,California
Sacramento,2020-12-24,1046,10907,834,10491,212,416,0,0,1046,10908,0,0,1046,10908,California
Sacramento,2020-12-25,1,10908,0,10491,1,417,0,0,1,10909,0,0,1,10909,California
Sacramento,2020-12-26,509,11417,291,10782,218,635,0,0,509,11418,0,0,509,11418,California
Sacramento,2020-12-27,351,11768,247,11029,104,739,0,0,351,11769,0,0,351,11769,California
Sacramento,2020-12-28,1905,13673,1325,12354,580,1319,0,0,1904,13672,1,1,1904,13673,California
Sacramento,2020-12-29,1956,15629,1190,13544,766,2085,0,0,1956,15628,0,1,1956,15629,California
Sacramento,2020-12-30,2562,18191,1457,15001,1105,3190,0,0,2563,18191,0,1,2563,18192,California
Sacramento,2020-12-31,1230,19421,695,15696,535,3725,0,0,1231,19422,0,1,1231,19423,California
Sacramento,2021-01-01,81,19502,70,15766,11,3736,0,0,81,19503,0,1,81,19504,California
Sacramento,2021-01-02,565,20067,363,16129,202,3938,0,0,565,20068,0,1,565,20069,California
Sacramento,2021-01-03,412,20479,223,16352,189,4127,0,0,412,20480,0,1,412,20481,California
Sacramento,2021-01-04,1961,22440,848,17200,1113,5240,0,0,1959,22438,1,2,1959,22440,California
Sacramento,2021-01-05,2214,24654,987,18187,1227,6467,0,0,1860,23951,354,356,1867,24307,California
Sacramento,2021-01-06,2736,27390,1624,19811,1112,7579,0,0,1961,25140,772,1128,1961,26268,California
Sacramento,2021-01-07,2837,30227,1507,21318,1330,8909,0,0,1975,26256,859,1987,1975,28243,California
Sacramento,2021-01-08,3303,33530,2096,23414,1207,10116,0,0,2268,27494,1031,3018,2269,30512,California
Sacramento,2021-01-09,1291,34821,799,24213,492,10608,0,0,902,28009,387,3405,902,31414,California
Sacramento,2021-01-10,1247,36068,710,24923,537,11145,0,0,776,28316,470,3875,777,32191,California
Sacramento,2021-01-11,4353,40421,2963,27886,1390,12535,0,0,2413,28802,1939,5814,2425,34616,California
Sacramento,2021-01-12,4473,44894,3091,30977,1382,13917,0,0,2504,29342,1968,7782,2508,37124,California
Sacramento,2021-01-13,3796,48690,2172,33149,1624,15541,0,0,2385,30318,1410,9192,2386,39510,California
Sacramento,2021-01-14,4656,53346,2371,35520,2285,17826,0,0,3733,33132,919,10111,3733,43243,California
Sacramento,2021-01-15,4445,57791,2266,37786,2179,20005,0,0,3723,36135,721,10832,3724,46967,California
Sacramento,2021-01-16,2096,59887,1293,39079,803,20808,0,0,1879,37797,217,11049,1879,48846,California
Sacramento,2021-01-17,1647,61534,954,40033,693,21501,0,0,1469,39091,178,11227,1472,50318,California
Sacramento,2021-01-18,2872,64406,1777,41810,1095,22596,0,0,2338,40897,533,11760,2339,52657,California
Sacramento,2021-01-19,5029,69435,3078,44888,1951,24547,0,0,3754,43378,1275,13035,3756,56413,California
Sacramento,2021-01-20,4814,74249,2852,47740,1962,26509,0,0,3591,45749,1225,14260,3596,60009,California
Sacramento,2021-01-21,5218,79467,3011,50751,2207,28716,0,0,4251,49041,961,15221,4253,64262,California
Sacramento,2021-01-22,5012,84479,2679,53430,2333,31049,0,0,4711,53453,300,15521,4712,68974,California
Sacramento,2021-01-23,3738,88217,1563,54993,2175,33224,0,0,3279,56273,459,15980,3279,72253,California
Sacramento,2021-01-24,1610,89827,1002,55995,608,33832,0,0,1369,57402,241,16221,1370,73623,California
Sacramento,2021-01-25,4426,94253,2175,58170,2251,36083,0,0,2951,58880,1475,17696,2953,76576,California
Sacramento,2021-01-26,4728,98981,2140,60310,2588,38671,0,0,3524,61204,1202,18898,3526,80102,California
Sacramento,2021-01-27,5813,104794,3055,63365,2758,41429,0,0,4204,63804,1606,20504,4206,84308,California
Sacramento,2021-01-28,5382,110176,2728,66093,2654,44083,0,0,4287,66998,1094,21598,4288,88596,California
Sacramento,2021-01-29,5401,115577,2939,69032,2462,46545,0,0,4371,70348,1021,22619,4371,92967,California
Sacramento,2021-01-30,4516,120093,2208,71240,2308,48853,0,0,4080,73994,434,23053,4080,97047,California
Sacramento,2021-01-31,2321,122414,2027,73267,294,49147,0,0,2044,75765,275,23328,2046,99093,California
Sacramento,2021-02-01,5927,128341,3027,76294,2900,52047,0,0,4256,78355,1666,24994,4256,103349,California
Sacramento,2021-02-02,6939,135280,3769,80063,3170,55217,0,0,4799,81035,2121,27115,4801,108150,California
Sacramento,2021-02-03,7151,142431,3606,83669,3545,58762,0,0,5284,84464,1857,28972,5286,113436,California
Sacramento,2021-02-04,7727,150158,3646,87315,4081,62843,0,0,5502,87751,2215,31187,5502,118938,California
Sacramento,2021-02-05,7859,158017,4494,91809,3365,66208,0,0,4908,89734,2928,34115,4911,123849,California
Sacramento,2021-02-06,8461,166478,3470,95279,4991,71199,0,0,7120,95518,1337,35452,7121,130970,California
Sacramento,2021-02-07,4087,170565,2200,97479,1887,73086,0,0,2859,97159,1220,36672,2861,133831,California
Sacramento,2021-02-08,6201,176766,3209,100688,2992,76078,0,0,3887,98736,2310,38982,3887,137718,California
Sacramento,2021-02-09,6803,183569,3586,104274,3217,79295,0,0,4003,99951,2789,41771,4004,141722,California
Sacramento,2021-02-10,7671,191240,4179,108453,3492,82787,0,0,4534,101363,3124,44895,4536,146258,California
Sacramento,2021-02-11,9615,200855,5748,114201,3867,86654,0,0,5508,102782,4091,48986,5510,151768,California
Sacramento,2021-02-12,10676,211531,4145,118346,6531,93185,0,0,6406,104982,4209,53195,6409,158177,California
Sacramento,2021-02-13,7679,219210,2992,121338,4687,97872,0,0,6085,109477,1591,54786,6086,164263,California
Sacramento,2021-02-14,3174,222384,1954,123292,1220,99092,0,0,2087,110484,1084,55870,2091,166354,California
Sacramento,2021-02-15,5996,228380,2047,125339,3949,103041,0,0,4168,112834,1820,57690,4170,170524,California
Sacramento,2021-02-16,9234,237614,4204,129543,5030,108071,0,0,5316,114243,3911,61601,5320,175844,California
Sacramento,2021-02-17,8844,246458,4991,134534,3853,111924,0,0,5142,115698,3690,65291,5145,180989,California
Sacramento,2021-02-18,9564,256022,5722,140256,3842,115766,0,0,5706,117557,3850,69141,5709,186698,California
Sacramento,2021-02-19,10015,266037,6141,146397,3874,119640,0,0,5916,119393,4086,73227,5922,192620,California
Sacramento,2021-02-20,7753,273790,5729,152126,2024,121664,0,0,4695,121039,3050,76277,4696,197316,California
Sacramento,2021-02-21,2967,276757,2357,154483,610,122274,0,0,1037,120152,1924,78201,1037,198353,California
Sacramento,2021-02-22,6196,282953,3751,158234,2445,124719,0,0,2686,119343,3499,81700,2690,201043,California
Sacramento,2021-02-23,7151,290104,4447,162681,2704,127423,0,0,3470,119153,3665,85365,3475,204518,California
Sacramento,2021-02-24,9667,299771,5304,167985,4363,131786,0,0,5259,120025,4391,89756,5263,209781,California
Sacramento,2021-02-25,10941,310712,6243,174228,4698,136484,0,0,6412,121924,4513,94269,6412,216193,California
Sacramento,2021-02-26,13929,324641,6482,180710,7447,143931,0,0,9592,127214,4305,98574,9595,225788,California
Sacramento,2021-02-27,10832,335473,6731,187441,4098,148029,3,3,7959,132326,2850,101424,7962,233750,California
Sacramento,2021-02-28,5631,341104,2236,189677,3395,151424,0,3,2595,131901,3021,104445,2596,236346,California
Sacramento,2021-03-01,8068,349172,3484,193161,4583,156007,1,4,4362,132581,3685,108130,4365,240711,California
Sacramento,2021-03-02,9281,358453,4044,197205,5236,161243,1,5,5708,134737,3556,111686,5712,246423,California
Sacramento,2021-03-03,10959,369412,5019,202224,5937,167180,3,8,6539,136883,4399,116085,6545,252968,California
Sacramento,2021-03-04,13429,382841,6180,208404,7245,174425,4,12,7469,138434,5928,122013,7479,260447,California
Sacramento,2021-03-05,10603,393444,4899,213303,5674,180099,30,42,7047,141977,3534,125547,7077,267524,California
Sacramento,2021-03-06,8119,401563,3122,216425,4875,184974,122,164,4111,142219,3990,129537,4232,271756,California
Sacramento,2021-03-07,7602,409165,2210,218635,5305,190279,87,251,3739,142186,3857,133394,3824,275580,California
Sacramento,2021-03-08,9115,418280,4255,222890,4636,194915,224,475,5974,145253,3129,136523,6196,281776,California
Sacramento,2021-03-09,9592,427872,4558,227448,4743,199658,291,766,5519,147007,4057,140580,5811,287587,California
Sacramento,2021-03-10,11749,439621,7495,234943,3898,203556,356,1122,6866,149382,4848,145428,7223,294810,California
Sacramento,2021-03-11,15022,454643,9969,244912,4242,207798,811,1933,8929,153068,6053,151481,9739,304549,California
Sacramento,2021-03-12,18003,472646,8315,253227,8828,216626,860,2793,8846,153677,9105,160586,9714,314263,California
Sacramento,2021-03-13,12957,485603,3571,256798,8962,225588,424,3217,7862,156876,5084,165670,8283,322546,California
Sacramento,2021-03-14,8382,493985,3468,260266,4283,229871,631,3848,4468,158084,3890,169560,5098,327644,California
Sacramento,2021-03-15,12192,506177,4826,265092,6704,236575,662,4510,7087,160750,5084,174644,7750,335394,California
Sacramento,2021-03-16,13997,520174,6214,271306,7135,243710,648,5158,8644,164716,5320,179964,9286,344680,California
Sacramento,2021-03-17,13679,533853,6581,277887,6465,250175,633,5791,8823,169348,4829,184793,9461,354141,California
Sacramento,2021-03-18,15665,549518,8226,286113,6857,257032,582,6373,10108,174512,5526,190319,10690,364831,California
Sacramento,2021-03-19,15601,565119,7972,294085,6257,263289,1372,7745,8127,176561,7447,197766,9496,374327,California
Sacramento,2021-03-20,12898,578017,7533,301618,5026,268315,339,8084,8159,180354,4707,202473,8500,382827,California
Sacramento,2021-03-21,5594,583611,2750,304368,2805,271120,39,8123,4942,184697,640,203113,4983,387810,California
Sacramento,2021-03-22,9377,592988,4802,309170,3722,274842,853,8976,6286,188772,3064,206177,7139,394949,California
Sacramento,2021-03-23,11334,604322,6753,315923,3772,278614,809,9785,7309,192902,3986,210163,8116,403065,California
Sacramento,2021-03-24,11864,616186,7273,323196,3961,282575,630,10415,6754,195260,5029,215192,7387,410452,California
Sacramento,2021-03-25,14111,630297,8332,331528,4969,287544,810,11225,8563,199127,5504,220696,9371,419823,California
Sacramento,2021-03-26,18252,648549,8941,340469,8823,296367,488,11713,9231,199895,8953,229649,9721,429544,California
Sacramento,2021-03-27,9687,658236,3566,344035,5832,302199,289,12002,5209,200943,4446,234095,5494,435038,California
Sacramento,2021-03-28,6526,664762,3216,347251,3062,305261,248,12250,3125,200928,3391,237486,3376,438414,California
Sacramento,2021-03-29,11011,675773,5895,353146,4745,310006,371,12621,5206,200730,5777,243263,5579,443993,California
Sacramento,2021-03-30,11848,687621,6083,359229,5373,315379,392,13013,6036,201368,5789,249052,6427,450420,California
Sacramento,2021-03-31,13432,701053,7849,367078,5187,320566,396,13409,5680,199712,7724,256776,6068,456488,California
Sacramento,2021-04-01,17357,718410,10432,377510,6703,327269,222,13631,7331,197291,9989,266765,7568,464056,California
Sacramento,2021-04-02,17066,735476,9670,387180,6665,333934,731,14362,8984,198963,8051,274816,9723,473779,California
Sacramento,2021-04-03,10384,745860,6189,393369,3646,337580,549,14911,6385,201926,3971,278787,6934,480713,California
Sacramento,2021-04-04,3700,749560,1526,394895,1984,339564,190,15101,1456,201330,2239,281026,1643,482356,California
Sacramento,2021-04-05,12029,761589,7548,402443,3649,343213,832,15933,5381,200923,6614,287640,6207,488563,California
Sacramento,2021-04-06,15554,777143,8842,411285,5385,348598,1327,17260,6880,200489,8640,296280,8206,496769,California
Sacramento,2021-04-07,14726,791869,7975,419260,5169,353767,1582,18842,7118,201610,7574,303854,8695,505464,California
Sacramento,2021-04-08,14917,806786,6691,425951,5273,359040,2953,21795,5924,201514,8960,312814,8864,514328,California
Sacramento,2021-04-09,18106,824892,9258,435209,6663,365703,2185,23980,7321,200264,10748,323562,9498,523826,California
Sacramento,2021-04-10,12558,837450,3822,439031,7531,373234,1205,25185,5094,199100,7438,331000,6274,530100,California
Sacramento,2021-04-11,10717,848167,4320,443351,6173,379407,224,25409,3794,196220,6897,337897,4017,534117,California
Sacramento,2021-04-12,12887,861054,5007,448358,6017,385424,1863,27272,4926,195089,7905,345802,6774,540891,California
Sacramento,2021-04-13,16213,877267,9923,458281,6286,391710,4,27276,7542,193994,8644,354446,7549,548440,California
Sacramento,2021-04-14,14887,892154,7940,466221,6945,398655,2,27278,5889,190918,8970,363416,5894,554334,California
Sacramento,2021-04-15,16293,908447,8390,474611,7901,406556,2,27280,6609,187884,9647,373063,6613,560947,California
Sacramento,2021-04-16,17380,925827,9613,484224,7767,414323,0,27280,7877,186300,9463,382526,7879,568826,California
Sacramento,2021-04-17,15253,941080,6127,490351,9126,423449,0,27280,11040,193156,4189,386715,11045,579871,California
Sacramento,2021-04-18,8435,949515,3067,493418,5368,428817,0,27280,3745,192226,4676,391391,3746,583617,California
Sacramento,2021-04-19,10580,960095,5712,499130,4863,433680,5,27285,4703,191079,5858,397249,4711,588328,California
Sacramento,2021-04-20,11101,971196,6745,505875,4353,438033,3,27288,5912,191828,5170,402419,5919,594247,California
Sacramento,2021-04-21,11464,982660,6627,512502,4835,442868,2,27290,6224,192838,5217,407636,6227,600474,California
Sacramento,2021-04-22,14783,997443,9874,522376,4905,447773,4,27294,6814,191715,7943,415579,6820,607294,California
Sacramento,2021-04-23,15816,1013259,10004,532380,5812,453585,0,27294,7338,190613,8441,424020,7339,614633,California
Sacramento,2021-04-24,11316,1024575,7011,539391,4304,457889,1,27295,5937,191210,5342,429362,5939,620572,California
Sacramento,2021-04-25,7978,1032553,4482,543873,3496,461385,0,27295,4160,191566,3805,433167,4161,624733,California
Sacramento,2021-04-26,10208,1042761,6409,550282,3774,465159,25,27320,4682,190777,5497,438664,4708,629441,California
Sacramento,2021-04-27,11620,1054381,7639,557921,3861,469020,120,27440,5624,190553,5969,444633,5745,635186,California
Sacramento,2021-04-28,10000,1064381,5704,563625,4095,473115,201,27641,5355,191497,4617,449250,5561,640747,California
Sacramento,2021-04-29,10163,1074544,6791,570416,3067,476182,305,27946,5343,192359,4786,454036,5648,646395,California
Sacramento,2021-04-30,12418,1086962,7799,578215,4356,480538,263,28209,5866,191983,6506,460542,6130,652525,California
Sacramento,2021-05-01,7555,1094517,5464,583679,1918,482456,173,28382,2749,190134,4771,465313,2922,655447,California
Sacramento,2021-05-02,3813,1098330,3163,586842,542,482998,108,28490,2160,190765,1635,466948,2266,657713,California
Sacramento,2021-05-03,9086,1107416,7269,594111,1537,484535,280,28770,3940,189858,5122,472070,4215,661928,California
Sacramento,2021-05-04,9365,1116781,5686,599797,3369,487904,310,29080,3793,188430,5530,477600,4102,666030,California
Sacramento,2021-05-05,10948,1127729,5908,605705,4588,492492,452,29532,4417,186803,6491,484091,4864,670894,California
Sacramento,2021-05-06,11184,1138913,6210,611915,4673,497165,301,29833,4655,185535,6222,490313,4954,675848,California
Sacramento,2021-05-07,10602,1149515,6167,618082,4060,501225,375,30208,4472,184304,6079,496392,4848,680696,California
Sacramento,2021-05-08,8155,1157670,3817,621899,4109,505334,229,30437,2701,181812,5417,501809,2925,683621,California
Sacramento,2021-05-09,3168,1160838,1655,623554,1401,506735,112,30549,1192,181154,1962,503771,1304,684925,California
Sacramento,2021-05-10,8062,1168900,3729,627283,4064,510799,269,30818,1985,177361,6048,509819,2255,687180,California
Sacramento,2021-05-11,8066,1176966,5032,632315,2790,513589,244,31062,2786,175139,5250,515069,3028,690208,California
Sacramento,2021-05-12,7988,1184954,4741,637056,3015,516604,232,31294,2700,172817,5253,520322,2931,693139,California
Sacramento,2021-05-13,10801,1195755,6890,643946,3676,520280,235,31529,4081,170449,6688,527010,4320,697459,California
Sacramento,2021-05-14,12068,1207823,6814,650760,4963,525243,291,31820,4967,168655,7051,534061,5257,702716,California
Sacramento,2021-05-15,12810,1220633,7945,658705,4719,529962,146,31966,5674,167377,7097,541158,5819,708535,California
Sacramento,2021-05-16,5777,1226410,3980,662685,1693,531655,104,32070,1980,165684,3777,544935,2084,710619,California
Sacramento,2021-05-17,10297,1236707,6288,668973,3724,535379,285,32355,4014,163735,6252,551187,4303,714922,California
Sacramento,2021-05-18,9557,1246264,6017,674990,3332,538711,208,32563,3765,161954,5759,556946,3978,718900,California
Sacramento,2021-05-19,9332,1255596,5924,680914,3155,541866,253,32816,4312,161548,4977,561923,4571,723471,California
Sacramento,2021-05-20,5978,1261574,4264,685178,1574,543440,140,32956,2411,160553,3547,565470,2552,726023,California
San Benito,2020-12-16,13,13,13,13,0,0,0,0,13,13,0,0,13,13,California
San Benito,2020-12-17,8,21,8,21,0,0,0,0,8,21,0,0,8,21,California
San Benito,2020-12-18,32,53,32,53,0,0,0,0,32,53,0,0,32,53,California
San Benito,2020-12-19,47,100,47,100,0,0,0,0,47,100,0,0,47,100,California
San Benito,2020-12-20,23,123,23,123,0,0,0,0,23,123,0,0,23,123,California
San Benito,2020-12-21,48,171,48,171,0,0,0,0,48,171,0,0,48,171,California
San Benito,2020-12-22,65,236,65,236,0,0,0,0,65,236,0,0,65,236,California
San Benito,2020-12-23,48,284,36,272,12,12,0,0,48,284,0,0,48,284,California
San Benito,2020-12-24,12,296,4,276,8,20,0,0,12,296,0,0,12,296,California
San Benito,2020-12-25,4,300,4,280,0,20,0,0,4,300,0,0,4,300,California
San Benito,2020-12-26,13,313,4,284,9,29,0,0,13,313,0,0,13,313,California
San Benito,2020-12-27,8,321,7,291,1,30,0,0,8,321,0,0,8,321,California
San Benito,2020-12-28,63,384,36,327,27,57,0,0,63,384,0,0,63,384,California
San Benito,2020-12-29,50,434,21,348,29,86,0,0,50,434,0,0,50,434,California
San Benito,2020-12-30,59,493,37,385,22,108,0,0,59,493,0,0,59,493,California
San Benito,2020-12-31,19,512,2,387,17,125,0,0,19,512,0,0,19,512,California
San Benito,2021-01-02,25,537,24,411,1,126,0,0,25,537,0,0,25,537,California
San Benito,2021-01-03,3,540,1,412,2,128,0,0,3,540,0,0,3,540,California
San Benito,2021-01-04,62,602,23,435,39,167,0,0,62,602,0,0,62,602,California
San Benito,2021-01-05,119,721,37,472,82,249,0,0,116,715,3,3,116,718,California
San Benito,2021-01-06,97,818,42,514,55,304,0,0,83,784,14,17,83,801,California
San Benito,2021-01-07,80,898,43,557,37,341,0,0,52,808,28,45,52,853,California
San Benito,2021-01-08,132,1030,68,625,64,405,0,0,88,852,44,89,88,941,California
San Benito,2021-01-09,43,1073,30,655,13,418,0,0,30,869,13,102,30,971,California
San Benito,2021-01-10,16,1089,14,669,2,420,0,0,5,863,11,113,5,976,California
San Benito,2021-01-11,100,1189,59,728,41,461,0,0,47,857,53,166,47,1023,California
San Benito,2021-01-12,157,1346,53,781,104,565,0,0,121,942,36,202,121,1144,California
San Benito,2021-01-13,191,1537,35,816,156,721,0,0,164,1079,27,229,164,1308,California
San Benito,2021-01-14,116,1653,23,839,93,814,0,0,99,1161,17,246,99,1407,California
San Benito,2021-01-15,214,1867,21,860,193,1007,0,0,200,1347,14,260,200,1607,California
San Benito,2021-01-16,27,1894,9,869,18,1025,0,0,21,1362,6,266,21,1628,California
San Benito,2021-01-17,11,1905,5,874,6,1031,0,0,8,1367,3,269,8,1636,California
San Benito,2021-01-18,36,1941,23,897,13,1044,0,0,21,1373,15,284,21,1657,California
San Benito,2021-01-19,152,2093,65,962,87,1131,0,0,125,1471,27,311,125,1782,California
San Benito,2021-01-20,275,2368,94,1056,181,1312,0,0,229,1655,45,356,229,2011,California
San Benito,2021-01-21,125,2493,32,1088,93,1405,0,0,100,1730,25,381,100,2111,California
San Benito,2021-01-22,231,2724,19,1107,212,1617,0,0,221,1941,10,391,221,2332,California
San Benito,2021-01-23,31,2755,17,1124,14,1631,0,0,13,1936,18,409,13,2345,California
San Benito,2021-01-24,11,2766,3,1127,8,1639,0,0,7,1939,4,413,7,2352,California
San Benito,2021-01-25,67,2833,25,1152,42,1681,0,0,21,1914,46,459,21,2373,California
San Benito,2021-01-26,138,2971,41,1193,97,1778,0,0,85,1946,53,512,85,2458,California
San Benito,2021-01-27,230,3201,69,1262,161,1939,0,0,190,2096,40,552,190,2648,California
San Benito,2021-01-28,155,3356,32,1294,123,2062,0,0,123,2188,31,583,123,2771,California
San Benito,2021-01-29,284,3640,31,1325,253,2315,0,0,261,2427,22,605,261,3032,California
San Benito,2021-01-30,51,3691,32,1357,19,2334,0,0,28,2432,23,628,28,3060,California
San Benito,2021-01-31,16,3707,5,1362,11,2345,0,0,11,2438,5,633,11,3071,California
San Benito,2021-02-01,133,3840,28,1390,105,2450,0,0,89,2483,44,677,89,3160,California
San Benito,2021-02-02,227,4067,49,1439,178,2628,0,0,137,2530,90,767,137,3297,California
San Benito,2021-02-03,336,4403,42,1481,294,2922,0,0,272,2738,64,831,272,3569,California
San Benito,2021-02-04,163,4566,24,1505,139,3061,0,0,119,2813,44,875,119,3688,California
San Benito,2021-02-05,291,4857,40,1545,251,3312,0,0,228,2978,63,938,228,3916,California
San Benito,2021-02-06,49,4906,9,1554,40,3352,0,0,32,2993,17,955,32,3948,California
San Benito,2021-02-07,15,4921,7,1561,8,3360,0,0,14,3006,1,956,14,3962,California
San Benito,2021-02-08,138,5059,15,1576,123,3483,0,0,92,3052,46,1002,92,4054,California
San Benito,2021-02-09,327,5386,64,1640,263,3746,0,0,194,3113,133,1135,194,4248,California
San Benito,2021-02-10,320,5706,88,1728,232,3978,0,0,111,3016,208,1343,111,4359,California
San Benito,2021-02-11,297,6003,33,1761,264,4242,0,0,199,3117,98,1441,199,4558,California
San Benito,2021-02-12,411,6414,30,1791,381,4623,0,0,207,3121,203,1644,207,4765,California
San Benito,2021-02-13,57,6471,8,1799,49,4672,0,0,43,3150,14,1658,43,4808,California
San Benito,2021-02-14,40,6511,5,1804,35,4707,0,0,30,3170,10,1668,30,4838,California
San Benito,2021-02-15,105,6616,9,1813,96,4803,0,0,94,3253,11,1679,94,4932,California
San Benito,2021-02-16,205,6821,11,1824,194,4997,0,0,101,3250,104,1783,101,5033,California
San Benito,2021-02-17,327,7148,30,1854,297,5294,0,0,278,3479,49,1832,278,5311,California
San Benito,2021-02-18,293,7441,38,1892,255,5549,0,0,72,3330,221,2053,72,5383,California
San Benito,2021-02-19,342,7783,45,1937,297,5846,0,0,177,3342,165,2218,177,5560,California
San Benito,2021-02-20,45,7828,26,1963,19,5865,0,0,36,3369,9,2227,36,5596,California
San Benito,2021-02-21,23,7851,8,1971,15,5880,0,0,14,3374,9,2236,14,5610,California
San Benito,2021-02-22,133,7984,36,2007,97,5977,0,0,99,3440,33,2269,99,5709,California
San Benito,2021-02-23,378,8362,92,2099,286,6263,0,0,262,3586,116,2385,262,5971,California
San Benito,2021-02-24,378,8740,64,2163,314,6577,0,0,238,3684,140,2525,238,6209,California
San Benito,2021-02-25,393,9133,63,2226,330,6907,0,0,272,3833,123,2648,272,6481,California
San Benito,2021-02-26,640,9773,72,2298,568,7475,0,0,397,3987,243,2891,397,6878,California
San Benito,2021-02-27,98,9871,36,2334,62,7537,0,0,83,4055,15,2906,83,6961,California
San Benito,2021-02-28,249,10120,24,2358,225,7762,0,0,240,4286,9,2915,240,7201,California
San Benito,2021-03-01,224,10344,59,2417,165,7927,0,0,155,4371,70,2985,155,7356,California
San Benito,2021-03-02,280,10624,93,2510,187,8114,0,0,209,4509,71,3056,209,7565,California
San Benito,2021-03-03,396,11020,58,2568,338,8452,0,0,220,4555,174,3230,220,7785,California
San Benito,2021-03-04,613,11633,126,2694,472,8924,15,15,430,4806,183,3413,434,8219,California
San Benito,2021-03-05,582,12215,305,2999,265,9189,12,27,373,4983,208,3621,385,8604,California
San Benito,2021-03-06,192,12407,68,3067,110,9299,14,41,140,5085,52,3673,154,8758,California
San Benito,2021-03-07,647,13054,603,3670,22,9321,22,63,615,5690,32,3705,637,9395,California
San Benito,2021-03-08,288,13342,66,3736,176,9497,46,109,167,5782,121,3826,213,9608,California
San Benito,2021-03-09,424,13766,84,3820,241,9738,99,208,138,5707,285,4111,210,9818,California
San Benito,2021-03-10,403,14169,114,3934,194,9932,95,303,233,5865,170,4281,328,10146,California
San Benito,2021-03-11,467,14636,119,4053,196,10128,152,455,206,5962,261,4542,358,10504,California
San Benito,2021-03-12,513,15149,117,4170,301,10429,95,550,230,6007,281,4823,326,10830,California
San Benito,2021-03-13,202,15351,101,4271,83,10512,18,568,128,6082,71,4894,146,10976,California
San Benito,2021-03-14,232,15583,40,4311,172,10684,20,588,180,6231,51,4945,200,11176,California
San Benito,2021-03-15,325,15908,100,4411,206,10890,19,607,191,6307,134,5079,210,11386,California
San Benito,2021-03-16,499,16407,219,4630,249,11139,31,638,352,6542,147,5226,382,11768,California
San Benito,2021-03-17,787,17194,477,5107,288,11427,22,660,559,6891,224,5450,573,12341,California
San Benito,2021-03-18,786,17980,525,5632,206,11633,55,715,572,7297,212,5662,618,12959,California
San Benito,2021-03-19,777,18757,404,6036,350,11983,23,738,577,7697,200,5862,600,13559,California
San Benito,2021-03-20,242,18999,148,6184,82,12065,12,750,186,7839,56,5918,198,13757,California
San Benito,2021-03-21,108,19107,56,6240,47,12112,5,755,81,7898,27,5945,86,13843,California
San Benito,2021-03-22,345,19452,170,6410,150,12262,25,780,221,8020,124,6069,246,14089,California
San Benito,2021-03-23,478,19930,199,6609,269,12531,10,790,215,7981,263,6332,224,14313,California
San Benito,2021-03-24,575,20505,305,6914,263,12794,7,797,360,8134,214,6546,367,14680,California
San Benito,2021-03-25,742,21247,441,7355,297,13091,4,801,441,8282,297,6843,445,15125,California
San Benito,2021-03-26,1003,22250,518,7873,481,13572,4,805,333,7950,669,7512,337,15462,California
San Benito,2021-03-27,335,22585,186,8059,116,13688,33,838,216,8082,118,7630,250,15712,California
San Benito,2021-03-28,694,23279,571,8630,118,13806,5,843,125,7643,569,8199,130,15842,California
San Benito,2021-03-29,344,23623,109,8739,215,14021,20,863,149,7616,195,8394,168,16010,California
San Benito,2021-03-30,573,24196,269,9008,210,14231,94,957,288,7713,285,8679,382,16392,California
San Benito,2021-03-31,585,24781,358,9366,203,14434,24,981,334,7823,248,8927,358,16750,California
San Benito,2021-04-01,937,25718,378,9744,521,14955,38,1019,561,8041,375,9302,593,17343,California
San Benito,2021-04-02,541,26259,264,10008,142,15097,135,1154,267,8169,274,9576,402,17745,California
San Benito,2021-04-03,253,26512,87,10095,104,15201,62,1216,75,8128,178,9754,137,17882,California
San Benito,2021-04-04,144,26656,109,10204,30,15231,5,1221,107,8203,37,9791,112,17994,California
San Benito,2021-04-05,352,27008,170,10374,140,15371,42,1263,143,8178,209,10000,184,18178,California
San Benito,2021-04-06,460,27468,161,10535,124,15495,175,1438,156,8205,304,10304,331,18509,California
San Benito,2021-04-07,935,28403,522,11057,224,15719,189,1627,263,7987,670,10974,452,18961,California
San Benito,2021-04-08,855,29258,429,11486,176,15895,250,1877,223,7829,631,11605,473,19434,California
San Benito,2021-04-09,837,30095,496,11982,251,16146,90,1967,289,7660,548,12153,379,19813,California
San Benito,2021-04-10,327,30422,199,12181,71,16217,57,2024,181,7752,146,12299,238,20051,California
San Benito,2021-04-11,471,30893,270,12451,167,16384,34,2058,263,7821,208,12507,277,20328,California
San Benito,2021-04-12,529,31422,286,12737,131,16515,112,2170,278,7957,250,12757,386,20714,California
San Benito,2021-04-13,754,32176,291,13028,440,16955,23,2193,523,8274,230,12987,547,21261,California
San Benito,2021-04-14,829,33005,651,13679,178,17133,0,2193,395,8240,429,13416,395,21656,California
San Benito,2021-04-15,940,33945,732,14411,207,17340,1,2194,467,8236,472,13888,468,22124,California
San Benito,2021-04-16,700,34645,367,14778,324,17664,9,2203,295,8138,402,14290,304,22428,California
San Benito,2021-04-17,315,34960,225,15003,90,17754,0,2203,127,8075,190,14480,127,22555,California
San Benito,2021-04-18,492,35452,411,15414,81,17835,0,2203,241,8066,251,14731,242,22797,California
San Benito,2021-04-19,730,36182,588,16002,142,17977,0,2203,411,8160,318,15049,412,23209,California
San Benito,2021-04-20,765,36947,400,16402,363,18340,2,2205,490,8381,270,15319,491,23700,California
San Benito,2021-04-21,954,37901,702,17104,252,18592,0,2205,521,8483,419,15738,521,24221,California
San Benito,2021-04-22,895,38796,693,17797,202,18794,0,2205,569,8734,318,16056,569,24790,California
San Benito,2021-04-23,627,39423,395,18192,231,19025,1,2206,339,8835,239,16295,340,25130,California
San Benito,2021-04-24,356,39779,203,18395,153,19178,0,2206,165,8848,152,16447,165,25295,California
San Benito,2021-04-25,200,39979,123,18518,77,19255,0,2206,89,8845,92,16539,89,25384,California
San Benito,2021-04-26,480,40459,384,18902,96,19351,0,2206,254,8933,166,16705,254,25638,California
San Benito,2021-04-27,537,40996,278,19180,252,19603,7,2213,402,9217,125,16830,409,26047,California
San Benito,2021-04-28,541,41537,384,19564,148,19751,9,2222,378,9445,158,16988,386,26433,California
San Benito,2021-04-29,621,42158,230,19794,381,20132,10,2232,246,9343,375,17363,273,26706,California
San Benito,2021-04-30,370,42528,205,19999,158,20290,7,2239,198,9378,170,17533,205,26911,California
San Benito,2021-05-01,194,42722,143,20142,43,20333,8,2247,65,9324,127,17660,73,26984,California
San Benito,2021-05-02,189,42911,161,20303,24,20357,4,2251,58,9255,131,17791,62,27046,California
San Benito,2021-05-03,356,43267,281,20584,66,20423,9,2260,84,9078,272,18063,95,27141,California
San Benito,2021-05-04,403,43670,243,20827,152,20575,8,2268,150,8984,251,18314,157,27298,California
San Benito,2021-05-05,600,44270,423,21250,161,20736,16,2284,210,8822,388,18702,226,27524,California
San Benito,2021-05-06,610,44880,484,21734,111,20847,15,2299,220,8671,386,19088,235,27759,California
San Benito,2021-05-07,447,45327,284,22018,153,21000,10,2309,172,8583,273,19361,185,27944,California
San Benito,2021-05-08,275,45602,224,22242,46,21046,5,2314,158,8629,117,19478,163,28107,California
San Benito,2021-05-09,100,45702,75,22317,22,21068,3,2317,47,8626,53,19531,50,28157,California
San Benito,2021-05-10,406,46108,320,22637,62,21130,24,2341,51,8347,355,19886,76,28233,California
San Benito,2021-05-11,806,46914,407,23044,385,21515,14,2355,177,7912,627,20513,192,28425,California
San Benito,2021-05-12,482,47396,388,23432,83,21598,11,2366,114,7671,367,20880,126,28551,California
San Benito,2021-05-13,658,48054,560,23992,86,21684,12,2378,166,7358,490,21370,177,28728,California
San Benito,2021-05-14,586,48640,429,24421,150,21834,7,2385,224,7228,361,21731,231,28959,California
San Benito,2021-05-15,215,48855,162,24583,46,21880,7,2392,119,7258,96,21827,126,29085,California
San Benito,2021-05-16,153,49008,124,24707,27,21907,2,2394,87,7281,66,21893,89,29174,California
San Benito,2021-05-17,373,49381,304,25011,60,21967,9,2403,178,7274,194,22087,187,29361,California
San Benito,2021-05-18,668,50049,352,25363,310,22277,6,2409,209,7031,459,22546,216,29577,California
San Benito,2021-05-19,551,50600,396,25759,148,22425,7,2416,223,6934,327,22873,230,29807,California
San Benito,2021-05-20,288,50888,234,25993,45,22470,9,2425,181,7017,107,22980,190,29997,California
San Bernardino,2020-12-15,13,13,13,13,0,0,0,0,13,13,0,0,13,13,California
San Bernardino,2020-12-16,112,125,112,125,0,0,0,0,112,125,0,0,112,125,California
San Bernardino,2020-12-17,2365,2490,2365,2490,0,0,0,0,2365,2490,0,0,2365,2490,California
San Bernardino,2020-12-18,3151,5641,3148,5638,3,3,0,0,3152,5642,0,0,3152,5642,California
San Bernardino,2020-12-19,1070,6711,1069,6707,1,4,0,0,1071,6713,0,0,1071,6713,California
San Bernardino,2020-12-20,1179,7890,1176,7883,3,7,0,0,1179,7892,0,0,1179,7892,California
San Bernardino,2020-12-21,2453,10343,2448,10331,5,12,0,0,2453,10345,0,0,2453,10345,California
San Bernardino,2020-12-22,2272,12615,2144,12475,128,140,0,0,2273,12618,0,0,2273,12618,California
San Bernardino,2020-12-23,2649,15264,1456,13931,1193,1333,0,0,2647,15265,0,0,2647,15265,California
San Bernardino,2020-12-24,1158,16422,581,14512,577,1910,0,0,1160,16425,0,0,1160,16425,California
San Bernardino,2020-12-25,75,16497,14,14526,61,1971,0,0,75,16500,0,0,75,16500,California
San Bernardino,2020-12-26,462,16959,254,14780,208,2179,0,0,462,16962,0,0,462,16962,California
San Bernardino,2020-12-27,344,17303,161,14941,183,2362,0,0,344,17306,0,0,344,17306,California
San Bernardino,2020-12-28,1570,18873,713,15654,857,3219,0,0,1571,18877,0,0,1571,18877,California
San Bernardino,2020-12-29,2215,21088,1045,16699,1170,4389,0,0,2215,21092,0,0,2215,21092,California
San Bernardino,2020-12-30,2896,23984,1460,18159,1436,5825,0,0,2897,23989,0,0,2897,23989,California
San Bernardino,2020-12-31,1358,25342,439,18598,919,6744,0,0,1356,25345,0,0,1356,25345,California
San Bernardino,2021-01-01,284,25626,151,18749,133,6877,0,0,283,25628,0,0,283,25628,California
San Bernardino,2021-01-02,476,26102,339,19088,137,7014,0,0,476,26104,0,0,476,26104,California
San Bernardino,2021-01-03,136,26238,86,19174,50,7064,0,0,136,26240,0,0,136,26240,California
San Bernardino,2021-01-04,2126,28364,1289,20463,837,7901,0,0,2125,28365,0,0,2125,28365,California
San Bernardino,2021-01-05,2337,30701,1462,21925,875,8776,0,0,2227,30483,109,109,2227,30592,California
San Bernardino,2021-01-06,3440,34141,2354,24279,1086,9862,0,0,2945,32941,489,598,2947,33539,California
San Bernardino,2021-01-07,5423,39564,4509,28788,914,10776,0,0,2483,32503,2921,3519,2483,36022,California
San Bernardino,2021-01-08,5372,44936,4449,33237,923,11699,0,0,2292,31720,3076,6595,2293,38315,California
San Bernardino,2021-01-09,1403,46339,1101,34338,302,12001,0,0,905,32128,498,7093,906,39221,California
San Bernardino,2021-01-10,1025,47364,597,34935,428,12429,0,0,576,32255,449,7542,576,39797,California
San Bernardino,2021-01-11,4983,52347,4075,39010,908,13337,0,0,2769,32813,2211,9753,2769,42566,California
San Bernardino,2021-01-12,4234,56581,3219,42229,1015,14352,0,0,2520,33620,1713,11466,2520,45086,California
San Bernardino,2021-01-13,4564,61145,2848,45077,1716,16068,0,0,3343,35755,1209,12675,3344,48430,California
San Bernardino,2021-01-14,4798,65943,2820,47897,1978,18046,0,0,4216,39393,578,13253,4216,52646,California
San Bernardino,2021-01-15,5990,71933,2978,50875,3012,21058,0,0,5593,44602,387,13640,5596,58242,California
San Bernardino,2021-01-16,2261,74194,1294,52169,967,22025,0,0,2119,46579,142,13782,2119,60361,California
San Bernardino,2021-01-17,1192,75386,517,52686,675,22700,0,0,1102,47594,89,13871,1104,61465,California
San Bernardino,2021-01-18,4272,79658,2640,55326,1632,24332,0,0,3649,50624,622,14493,3652,65117,California
San Bernardino,2021-01-19,6318,85976,3715,59041,2603,26935,0,0,5226,54762,1090,15583,5228,70345,California
San Bernardino,2021-01-20,6829,92805,3757,62798,3072,30007,0,0,4882,57707,1939,17522,4884,75229,California
San Bernardino,2021-01-21,5996,98801,3083,65881,2913,32920,0,0,4876,61475,1111,18633,4879,80108,California
San Bernardino,2021-01-22,6527,105328,3055,68936,3472,36392,0,0,5803,66557,722,19355,5804,85912,California
San Bernardino,2021-01-23,3111,108439,1892,70828,1219,37611,0,0,2721,68889,389,19744,2721,88633,California
San Bernardino,2021-01-24,1195,109634,462,71290,733,38344,0,0,1094,69882,101,19845,1094,89727,California
San Bernardino,2021-01-25,6885,116519,3406,74696,3479,41823,0,0,5026,73055,1856,21701,5029,94756,California
San Bernardino,2021-01-26,7113,123632,3572,78268,3541,45364,0,0,5016,75975,2097,23798,5017,99773,California
San Bernardino,2021-01-27,8497,132129,4146,82414,4351,49715,0,0,5699,78884,2790,26588,5699,105472,California
San Bernardino,2021-01-28,8596,140725,4084,86498,4512,54227,0,0,6271,82835,2320,28908,6271,111743,California
San Bernardino,2021-01-29,8194,148919,3774,90272,4420,58647,0,0,6222,87100,1958,30866,6223,117966,California
San Bernardino,2021-01-30,3096,152015,1903,92175,1193,59840,0,0,2807,89619,288,31154,2807,120773,California
San Bernardino,2021-01-31,924,152939,494,92669,430,60270,0,0,870,90436,53,31207,870,121643,California
San Bernardino,2021-02-01,7568,160507,4244,96913,3324,63594,0,0,4941,92754,2624,33831,4942,126585,California
San Bernardino,2021-02-02,10444,170951,3657,100570,6787,70381,0,0,8377,99069,2063,35894,8378,134963,California
San Bernardino,2021-02-03,9006,179957,4152,104722,4854,75235,0,0,6507,103086,2491,38385,6508,141471,California
San Bernardino,2021-02-04,10533,190490,5203,109925,5330,80565,0,0,7421,107406,3101,41486,7421,148892,California
San Bernardino,2021-02-05,11008,201498,5914,115839,5094,85659,0,0,7480,111370,3517,45003,7481,156373,California
San Bernardino,2021-02-06,5264,206762,2213,118052,3051,88710,0,0,3624,113382,1615,46618,3627,160000,California
San Bernardino,2021-02-07,844,207606,490,118542,354,89064,0,0,466,113474,375,46993,467,160467,California
San Bernardino,2021-02-08,7281,214887,3880,122422,3401,92465,0,0,5609,117414,1669,48662,5609,166076,California
San Bernardino,2021-02-09,10040,224927,5813,128235,4227,96692,0,0,6802,120985,3234,51896,6805,172881,California
San Bernardino,2021-02-10,12163,237090,6542,134777,5621,102313,0,0,7981,124796,4171,56067,7982,180863,California
San Bernardino,2021-02-11,12429,249519,7127,141904,5302,107615,0,0,7923,128239,4483,60550,7926,188789,California
San Bernardino,2021-02-12,10428,259947,5948,147852,4480,112095,0,0,5691,129209,4721,65271,5691,194480,California
San Bernardino,2021-02-13,6040,265987,4014,151866,2026,114121,0,0,3796,130782,2228,67499,3801,198281,California
San Bernardino,2021-02-14,1553,267540,652,152518,901,115022,0,0,874,130985,671,68170,874,199155,California
San Bernardino,2021-02-15,5474,273014,2995,155513,2479,117501,0,0,3056,131637,2404,70574,3056,202211,California
San Bernardino,2021-02-16,12615,285629,7383,162896,5232,122733,0,0,7968,134972,4634,75208,7969,210180,California
San Bernardino,2021-02-17,11799,297428,6458,169354,5341,128074,0,0,7143,137478,4639,79847,7145,217325,California
San Bernardino,2021-02-18,12480,309908,7592,176946,4888,132962,0,0,7702,140418,4763,84610,7703,225028,California
San Bernardino,2021-02-19,11516,321424,5941,182887,5575,138537,0,0,6812,142547,4683,89293,6812,231840,California
San Bernardino,2021-02-20,4524,325948,3473,186360,1051,139588,0,0,2042,142112,2479,91772,2044,233884,California
San Bernardino,2021-02-21,1125,327073,668,187028,457,140045,0,0,389,141765,736,92508,389,234273,California
San Bernardino,2021-02-22,8656,335729,5340,192368,3316,143361,0,0,4040,141201,4605,97113,4041,238314,California
San Bernardino,2021-02-23,9127,344856,5449,197817,3678,147039,0,0,4592,141289,4504,101617,4592,242906,California
San Bernardino,2021-02-24,12434,357290,7173,204990,5261,152300,0,0,6151,141184,6257,107874,6152,249058,California
San Bernardino,2021-02-25,13070,370360,6289,211279,6781,159081,0,0,7615,143365,5437,113311,7618,256676,California
San Bernardino,2021-02-26,13613,383973,6381,217660,7232,166313,0,0,7584,144985,5966,119277,7586,264262,California
San Bernardino,2021-02-27,6662,390635,3725,221385,2936,169249,1,1,4812,147960,1838,121115,4813,269075,California
San Bernardino,2021-02-28,1760,392395,730,222115,1030,170279,0,1,1135,148475,620,121735,1135,270210,California
San Bernardino,2021-03-01,8438,400833,4361,226476,4074,174353,3,4,3840,147752,4574,126309,3851,274061,California
San Bernardino,2021-03-02,13843,414676,5535,232011,8308,182661,0,4,6539,147022,7272,133581,6542,280603,California
San Bernardino,2021-03-03,12857,427533,6516,238527,6338,188999,3,7,6006,146207,6830,140411,6015,286618,California
San Bernardino,2021-03-04,13749,441282,6905,245432,6844,195843,0,7,5977,144437,7751,148162,5981,292599,California
San Bernardino,2021-03-05,14396,455678,7536,252968,6859,202702,1,8,7028,144147,7337,155499,7047,299646,California
San Bernardino,2021-03-06,9716,465394,5457,258425,4044,206746,215,223,4549,143758,5151,160650,4762,304408,California
San Bernardino,2021-03-07,1649,467043,1001,259426,592,207338,56,279,1045,144257,602,161252,1101,305509,California
San Bernardino,2021-03-08,8070,475113,3569,262995,4342,211680,159,438,3591,143539,4471,165723,3753,309262,California
San Bernardino,2021-03-09,13069,488182,7480,270475,5345,217025,244,682,5280,141290,7774,173497,5525,314787,California
San Bernardino,2021-03-10,14203,502385,7846,278321,5802,222827,555,1237,6354,140382,7821,181318,6913,321700,California
San Bernardino,2021-03-11,15565,517950,7196,285517,6782,229609,1587,2824,7382,141185,8161,189479,8964,330664,California
San Bernardino,2021-03-12,15488,533438,6879,292396,6562,236171,2047,4871,7349,142517,8109,197588,9441,340105,California
San Bernardino,2021-03-13,8376,541814,4583,296979,3281,239452,512,5383,4977,144620,3388,200976,5491,345596,California
San Bernardino,2021-03-14,3271,545085,1658,298637,1037,240489,576,5959,1829,145584,1435,202411,2399,347995,California
San Bernardino,2021-03-15,11378,556463,5367,304004,3976,244465,2035,7994,5575,147398,5789,208200,7603,355598,California
San Bernardino,2021-03-16,16198,572661,8034,312038,7219,251684,945,8939,9913,151993,6259,214459,10854,366452,California
San Bernardino,2021-03-17,17345,590006,8628,320666,7967,259651,750,9689,10517,156452,6807,221266,11266,377718,California
San Bernardino,2021-03-18,16622,606628,8233,328899,8002,267653,387,10076,9849,159939,6747,228013,10234,387952,California
San Bernardino,2021-03-19,16943,623571,8397,337296,7957,275610,589,10665,9726,163116,7192,235205,10369,398321,California
San Bernardino,2021-03-20,9396,632967,5918,343214,2889,278499,589,11254,5548,165425,3824,239029,6133,404454,California
San Bernardino,2021-03-21,2761,635728,2241,345455,471,278970,49,11303,2228,167181,521,239550,2277,406731,California
San Bernardino,2021-03-22,9589,645317,4499,349954,4655,283625,435,11738,6944,171935,2625,242175,7379,414110,California
San Bernardino,2021-03-23,15463,660780,8770,358724,6074,289699,619,12357,9573,176256,5870,248045,10191,424301,California
San Bernardino,2021-03-24,15101,675881,7793,366517,7007,296706,301,12658,10032,181555,5035,253080,10334,434635,California
San Bernardino,2021-03-25,16976,692857,8314,374831,8365,305071,297,12955,10768,186458,6159,259239,11062,445697,California
San Bernardino,2021-03-26,18079,710936,8597,383428,8713,313784,769,13724,10815,190809,7234,266473,11585,457282,California
San Bernardino,2021-03-27,10773,721709,6940,390368,3081,316865,752,14476,6158,193126,4591,271064,6908,464190,California
San Bernardino,2021-03-28,3537,725246,2469,392837,955,317820,113,14589,2464,194636,1066,272130,2576,466766,California
San Bernardino,2021-03-29,11741,736987,6087,398924,5255,323075,399,14988,7945,199201,3779,275909,8344,475110,California
San Bernardino,2021-03-30,16920,753907,9441,408365,6767,329842,712,15700,10502,204024,6383,282292,11206,486316,California
San Bernardino,2021-03-31,16409,770316,9193,417558,6582,336424,634,16334,10808,209897,5573,287865,11446,497762,California
San Bernardino,2021-04-01,19522,789838,10287,427845,7868,344292,1367,17701,12581,216941,6901,294766,13945,511707,California
San Bernardino,2021-04-02,18685,808523,9382,437227,8026,352318,1277,18978,11288,222182,7373,302139,12614,524321,California
San Bernardino,2021-04-03,11034,819557,6879,444106,3030,355348,1125,20103,6025,224349,4991,307130,7158,531479,California
San Bernardino,2021-04-04,2486,822043,1497,445603,740,356088,249,20352,1252,224624,1229,308359,1504,532983,California
San Bernardino,2021-04-05,11758,833801,5278,450881,4747,360835,1733,22085,5995,226603,5744,314103,7723,540706,California
San Bernardino,2021-04-06,19682,853483,11071,461952,6504,367339,2107,24192,10407,229879,9234,323337,12510,553216,California
San Bernardino,2021-04-07,20872,874355,11166,473118,7239,374578,2467,26659,11387,234276,9456,332793,13853,567069,California
San Bernardino,2021-04-08,21712,896067,11091,484209,8030,382608,2591,29250,11943,239059,9743,342536,14526,581595,California
San Bernardino,2021-04-09,21608,917675,10983,495192,8077,390685,2548,31798,11767,243556,9806,352342,14303,595898,California
San Bernardino,2021-04-10,15574,933249,8062,503254,3817,394502,3695,35493,7744,247171,7810,360152,11425,607323,California
San Bernardino,2021-04-11,4405,937654,2568,505822,885,395387,952,36445,2041,247802,2358,362510,2989,610312,California
San Bernardino,2021-04-12,13343,950997,6182,512004,5520,400907,1641,38086,6329,248772,6994,369504,7964,618276,California
San Bernardino,2021-04-13,19220,970217,10951,522955,8250,409157,19,38105,11012,251622,8182,377686,11032,629308,California
San Bernardino,2021-04-14,19177,989394,10257,533212,8917,418074,3,38108,10854,254188,8292,385978,10858,640166,California
San Bernardino,2021-04-15,20236,1009630,11313,544525,8917,426991,6,38114,10764,255522,9436,395414,10770,650936,California
San Bernardino,2021-04-16,18543,1028173,10527,555052,8015,435006,1,38115,9143,255307,9358,404772,9143,660079,California
San Bernardino,2021-04-17,11912,1040085,7840,562892,4072,439078,0,38115,6257,255942,5622,410394,6257,666336,California
San Bernardino,2021-04-18,2885,1042970,1977,564869,908,439986,0,38115,1315,255699,1558,411952,1315,667651,California
San Bernardino,2021-04-19,12529,1055499,6678,571547,5851,445837,0,38115,4881,252958,7626,419578,4885,672536,California
San Bernardino,2021-04-20,17587,1073086,9809,581356,7775,453612,3,38118,8057,251511,9507,429085,8060,680596,California
San Bernardino,2021-04-21,18026,1091112,10301,591657,7723,461335,2,38120,7972,249489,9996,439081,7974,688570,California
San Bernardino,2021-04-22,19118,1110230,10916,602573,8198,469533,4,38124,7849,246127,11215,450296,7853,696423,California
San Bernardino,2021-04-23,18393,1128623,10523,613096,7869,477402,1,38125,8097,243976,10251,460547,8100,704523,California
San Bernardino,2021-04-24,12780,1141403,9459,622555,3319,480721,2,38127,6887,244988,5877,466424,6889,711412,California
San Bernardino,2021-04-25,3409,1144812,2237,624792,1172,481893,0,38127,1689,244972,1706,468130,1690,713102,California
San Bernardino,2021-04-26,10459,1155271,5604,630396,4766,486659,89,38216,4425,243487,5998,474128,4513,717615,California
San Bernardino,2021-04-27,15853,1171124,9565,639961,6119,492778,169,38385,6481,240807,9329,483457,6649,724264,California
San Bernardino,2021-04-28,14642,1185766,8694,648655,5678,498456,270,38655,5269,236991,9346,492803,5530,729794,California
San Bernardino,2021-04-29,16086,1201852,9272,657927,6545,505001,269,38924,5351,231902,10706,503509,5617,735411,California
San Bernardino,2021-04-30,16503,1218355,10424,668351,5800,510801,279,39203,6048,227819,10407,513916,6324,741735,California
San Bernardino,2021-05-01,10684,1229039,8396,676747,1980,512781,308,39511,3634,224747,7011,520927,3939,745674,California
San Bernardino,2021-05-02,2918,1231957,2112,678859,674,513455,132,39643,1039,224045,1872,522799,1170,746844,California
San Bernardino,2021-05-03,10010,1241967,5759,684618,3847,517302,404,40047,2874,220212,7110,529909,3277,750121,California
San Bernardino,2021-05-04,15649,1257616,9506,694124,5692,522994,451,40498,4531,214118,11074,540983,4980,755101,California
San Bernardino,2021-05-05,15296,1272912,8799,702923,6088,529082,409,40907,4295,207871,10947,551930,4700,759801,California
San Bernardino,2021-05-06,15685,1288597,8954,711877,6319,535401,412,41319,4249,201137,11394,563324,4660,764461,California
San Bernardino,2021-05-07,15400,1303997,8645,720522,6387,541788,368,41687,4601,195361,10741,574065,4965,769426,California
San Bernardino,2021-05-08,9152,1313149,6097,726619,2812,544600,243,41930,3105,192697,6011,580076,3347,772773,California
San Bernardino,2021-05-09,1832,1314981,1133,727752,607,545207,92,42022,734,192434,1088,581164,825,773598,California
San Bernardino,2021-05-10,7374,1322355,3390,731142,3672,548879,312,42334,2249,189915,5077,586241,2558,776156,California
San Bernardino,2021-05-11,11863,1334218,6529,737671,5013,553892,321,42655,3728,185870,8097,594338,4052,780208,California
San Bernardino,2021-05-12,11991,1346209,6358,744029,5329,559221,304,42959,3412,181046,8536,602874,3712,783920,California
San Bernardino,2021-05-13,12425,1358634,7393,751422,4695,563916,337,43296,4752,178508,7622,610496,5084,789004,California
San Bernardino,2021-05-14,13362,1371996,8883,760305,4133,568049,346,43642,5495,176537,7812,618308,5841,794845,California
San Bernardino,2021-05-15,11110,1383106,8273,768578,2663,570712,174,43816,4424,174477,6654,624962,4594,799439,California
San Bernardino,2021-05-16,2747,1385853,2020,770598,662,571374,65,43881,1278,174365,1455,626417,1343,800782,California
San Bernardino,2021-05-17,9724,1395577,6613,777211,2854,574228,257,44138,4485,173906,5200,631617,4741,805523,California
San Bernardino,2021-05-18,13103,1408680,8669,785880,4178,578406,256,44394,6057,173203,7016,638633,6313,811836,California
San Bernardino,2021-05-19,11085,1419765,7037,792917,3701,582107,347,44741,5143,172779,5912,644545,5488,817324,California
San Bernardino,2021-05-20,4915,1424680,2605,795522,2131,584238,179,44920,2056,172174,2838,647383,2233,819557,California
San Diego,2020-12-15,119,119,119,119,0,0,0,0,119,119,0,0,119,119,California
San Diego,2020-12-16,1103,1222,1103,1222,0,0,0,0,1103,1222,0,0,1103,1222,California
San Diego,2020-12-17,2349,3571,2349,3571,0,0,0,0,2349,3571,0,0,2349,3571,California
San Diego,2020-12-18,3670,7241,3669,7240,1,1,0,0,3670,7241,0,0,3670,7241,California
San Diego,2020-12-19,2313,9554,2313,9553,0,1,0,0,2313,9554,0,0,2313,9554,California
San Diego,2020-12-20,1184,10738,1183,10736,1,2,0,0,1184,10738,0,0,1184,10738,California
San Diego,2020-12-21,3522,14260,3521,14257,1,3,0,0,3522,14260,0,0,3522,14260,California
San Diego,2020-12-22,4059,18319,3416,17673,643,646,0,0,4059,18319,0,0,4059,18319,California
San Diego,2020-12-23,3180,21499,1977,19650,1203,1849,0,0,3180,21499,0,0,3180,21499,California
San Diego,2020-12-24,2737,24236,2219,21869,518,2367,0,0,2737,24236,0,0,2737,24236,California
San Diego,2020-12-25,876,25112,875,22744,1,2368,0,0,876,25112,0,0,876,25112,California
San Diego,2020-12-26,3294,28406,2144,24888,1150,3518,0,0,3294,28406,0,0,3294,28406,California
San Diego,2020-12-27,2508,30914,1618,26506,890,4408,0,0,2507,30912,1,1,2507,30913,California
San Diego,2020-12-28,5914,36828,4227,30733,1687,6095,0,0,5914,36826,0,1,5914,36827,California
San Diego,2020-12-29,5573,42401,3000,33733,2573,8668,0,0,5573,42399,0,1,5573,42400,California
San Diego,2020-12-30,5943,48344,3098,36831,2845,11513,0,0,5943,48342,0,1,5943,48343,California
San Diego,2020-12-31,3038,51382,1055,37886,1983,13496,0,0,3038,51380,0,1,3038,51381,California
San Diego,2021-01-01,1006,52388,452,38338,554,14050,0,0,1006,52386,0,1,1006,52387,California
San Diego,2021-01-02,3745,56133,1302,39640,2443,16493,0,0,3745,56131,0,1,3745,56132,California
San Diego,2021-01-03,859,56992,632,40272,227,16720,0,0,858,56989,0,1,858,56990,California
San Diego,2021-01-04,3702,60694,2049,42321,1653,18373,0,0,3695,60684,0,1,3695,60685,California
San Diego,2021-01-05,4371,65065,2182,44503,2189,20562,0,0,3755,63839,612,613,3767,64452,California
San Diego,2021-01-06,4947,70012,2292,46795,2655,23217,0,0,3713,66345,1211,1824,3717,68169,California
San Diego,2021-01-07,5664,75676,2982,49777,2682,25899,0,0,3506,67706,2151,3975,3512,71681,California
San Diego,2021-01-08,7868,83544,4940,54717,2928,28827,0,0,4083,68037,3768,7743,4099,75780,California
San Diego,2021-01-09,3501,87045,1940,56657,1561,30388,0,0,1951,68461,1538,9281,1962,77742,California
San Diego,2021-01-10,1882,88927,1293,57950,589,30977,0,0,778,68156,1092,10373,787,78529,California
San Diego,2021-01-11,10334,99261,5862,63812,4472,35449,0,0,6805,71457,3522,13895,6823,85352,California
San Diego,2021-01-12,11199,110460,5312,69124,5887,41336,0,0,7822,76025,3368,17263,7936,93288,California
San Diego,2021-01-13,11504,121964,5048,74172,6456,47792,0,0,8959,82475,2533,19796,8983,102271,California
San Diego,2021-01-14,12371,134335,4752,78924,7619,55411,0,0,10203,90553,2160,21956,10238,112509,California
San Diego,2021-01-15,15137,149472,5357,84281,9780,65191,0,0,12492,100473,2626,24582,12546,125055,California
San Diego,2021-01-16,10772,160244,3594,87875,7178,72369,0,0,9327,108391,1440,26022,9358,134413,California
San Diego,2021-01-17,8679,168923,2496,90371,6183,78552,0,0,7839,115410,840,26862,7859,142272,California
San Diego,2021-01-18,12869,181792,6308,96679,6561,85113,0,0,10029,122691,2808,29670,10089,152361,California
San Diego,2021-01-19,14429,196221,5500,102179,8929,94042,0,0,11307,131153,3111,32781,11573,163934,California
San Diego,2021-01-20,18330,214551,6389,108568,11941,105983,0,0,15008,143044,3300,36081,15191,179125,California
San Diego,2021-01-21,17455,232006,5940,114508,11515,117498,0,0,16063,157869,1383,37464,16208,195333,California
San Diego,2021-01-22,17613,249619,4692,119200,12921,130419,0,0,15581,171512,2018,39482,15661,210994,California
San Diego,2021-01-23,14494,264113,5282,124482,9212,139631,0,0,12136,181360,2347,41829,12195,223189,California
San Diego,2021-01-24,11905,276018,3344,127826,8561,148192,0,0,10933,191360,970,42799,10970,234159,California
San Diego,2021-01-25,12271,288289,5799,133625,6472,154664,0,0,9253,197758,3011,45810,9409,243568,California
San Diego,2021-01-26,15156,303445,7857,141482,7299,161963,0,0,11770,206331,3384,49194,11957,255525,California
San Diego,2021-01-27,20577,324022,7938,149420,12639,174602,0,0,17557,221023,3011,52205,17703,273228,California
San Diego,2021-01-28,21309,345331,7652,157072,13657,188259,0,0,19040,237886,2259,54464,19122,292350,California
San Diego,2021-01-29,19725,365056,6481,163553,13244,201503,0,0,17285,252788,2430,56894,17332,309682,California
San Diego,2021-01-30,15906,380962,3667,167220,12239,213742,0,0,13224,263437,2672,59566,13321,323003,California
San Diego,2021-01-31,14812,395774,5764,172984,9048,222790,0,0,14450,277560,358,59924,14481,337484,California
San Diego,2021-02-01,20928,416702,7626,180610,13302,236092,0,0,17471,291664,3443,63367,17547,355031,California
San Diego,2021-02-02,22966,439668,8449,189059,14517,250609,0,0,19607,308090,3350,66717,19776,374807,California
San Diego,2021-02-03,27663,467331,11766,200825,15897,266506,0,0,23352,327340,4292,71009,23542,398349,California
San Diego,2021-02-04,24263,491594,9909,210734,14354,280860,0,0,19628,342631,4618,75627,19909,418258,California
San Diego,2021-02-05,24977,516571,8935,219669,16042,296902,0,0,18284,354695,6669,82296,18733,436991,California
San Diego,2021-02-06,20780,537351,8554,228223,12226,309128,0,0,17529,369197,3248,85544,17750,454741,California
San Diego,2021-02-07,12137,549488,5377,233600,6760,315888,0,0,10253,377835,1873,87417,10511,465252,California
San Diego,2021-02-08,20127,569615,8537,242137,11590,327478,0,0,12678,383759,7438,94855,13362,478614,California
San Diego,2021-02-09,20483,590098,8320,250457,12163,339641,0,0,13195,390758,7267,102122,14266,492880,California
San Diego,2021-02-10,22977,613075,9346,259803,13631,353272,0,0,13852,396919,9068,111190,15229,508109,California
San Diego,2021-02-11,23837,636912,10177,269980,13660,366932,0,0,12756,400310,11052,122242,14443,522552,California
San Diego,2021-02-12,23848,660760,7454,277434,16394,383326,0,0,11902,402548,11928,134170,14166,536718,California
San Diego,2021-02-13,20053,680813,9043,286477,11010,394336,0,0,10907,405521,9140,143310,12113,548831,California
San Diego,2021-02-14,11187,692000,7432,293909,3755,398091,0,0,6323,408500,4860,148170,7839,556670,California
San Diego,2021-02-15,15271,707271,7761,301670,7510,405601,0,0,7832,411980,7417,155587,10897,567567,California
San Diego,2021-02-16,19290,726561,11263,312933,8027,413628,0,0,9226,414138,10052,165639,12210,579777,California
San Diego,2021-02-17,23414,749975,10999,323932,12415,426043,0,0,8122,410072,15277,180916,11211,590988,California
San Diego,2021-02-18,23575,773550,12010,335942,11565,437608,0,0,7782,406152,15782,196698,11862,602850,California
San Diego,2021-02-19,15916,789466,10923,346865,4993,442601,0,0,6633,405499,9261,205959,8608,611458,California
San Diego,2021-02-20,10263,799729,6365,353230,3898,446499,0,0,5809,408763,4452,210411,7716,619174,California
San Diego,2021-02-21,11561,811290,10147,363377,1414,447913,0,0,5183,409108,6349,216760,6694,625868,California
San Diego,2021-02-22,12457,823747,10599,373976,1858,449771,0,0,5759,409813,6692,223452,7397,633265,California
San Diego,2021-02-23,25870,849617,14494,388470,11376,461147,0,0,9628,409105,16234,239686,15526,648791,California
San Diego,2021-02-24,28963,878580,12769,401239,16194,477341,0,0,6862,401323,22080,261766,14298,663089,California
San Diego,2021-02-25,33203,911783,14729,415968,18474,495815,0,0,10137,396812,23046,284812,18535,681624,California
San Diego,2021-02-26,33479,945262,12408,428376,21071,516886,0,0,12125,394708,21324,306136,19220,700844,California
San Diego,2021-02-27,21247,966509,9686,438062,11561,528447,0,0,11447,400629,9795,315931,15716,716560,California
San Diego,2021-02-28,15286,981795,9988,448050,5298,533745,0,0,9527,407186,5758,321689,12315,728875,California
San Diego,2021-03-01,24255,1006050,14316,462366,9937,543682,2,2,14735,416337,9444,331133,18595,747470,California
San Diego,2021-03-02,26182,1032232,14095,476461,12087,555769,0,2,12770,422397,13402,344535,19462,766932,California
San Diego,2021-03-03,34033,1066265,15952,492413,18078,573847,3,5,14087,423471,19924,364459,20998,787930,California
San Diego,2021-03-04,28327,1094592,14112,506525,14215,588062,0,5,12637,427190,15668,380127,19387,807317,California
San Diego,2021-03-05,29011,1123603,14910,521435,14019,602081,82,87,13536,432058,15451,395578,20319,827636,California
San Diego,2021-03-06,23436,1147039,9597,531032,13138,615219,701,788,10356,434722,13066,408644,15730,843366,California
San Diego,2021-03-07,18246,1165285,9337,540369,8338,623557,571,1359,6933,434582,11305,419949,11165,854531,California
San Diego,2021-03-08,23103,1188388,11224,551593,10972,634529,907,2266,11451,440185,11632,431581,17235,871766,California
San Diego,2021-03-09,25925,1214313,12008,563601,12159,646688,1758,4024,10147,440253,15763,447344,15831,887597,California
San Diego,2021-03-10,25563,1239876,10813,574414,12353,659041,2397,6421,10138,441452,15409,462753,16608,904205,California
San Diego,2021-03-11,28700,1268576,11034,585448,14067,673108,3599,10020,10025,440383,18652,481405,17583,921788,California
San Diego,2021-03-12,27106,1295682,9458,594906,14508,687616,3140,13160,9984,439935,17107,498512,16659,938447,California
San Diego,2021-03-13,26233,1321915,7307,602213,17137,704753,1789,14949,10142,439950,16087,514599,16102,954549,California
San Diego,2021-03-14,13882,1335797,5500,607713,7644,712397,738,15687,4823,438784,9051,523650,7885,962434,California
San Diego,2021-03-15,22032,1357829,10173,617886,11079,723476,780,16467,9028,438694,12991,536641,12901,975335,California
San Diego,2021-03-16,30007,1387836,15794,633680,13801,737277,412,16879,15742,443656,14241,550882,19203,994538,California
San Diego,2021-03-17,26352,1414188,12239,645919,13393,750670,720,17599,16797,453683,9540,560422,19567,1014105,California
San Diego,2021-03-18,31527,1445715,17812,663731,12799,763469,916,18515,17030,458693,14465,574887,19475,1033580,California
San Diego,2021-03-19,30318,1476033,14396,678127,14897,778366,1025,19540,19382,469378,10915,585802,21600,1055180,California
San Diego,2021-03-20,27853,1503886,8433,686560,17626,795992,1794,21334,21396,487229,6446,592248,24297,1079477,California
San Diego,2021-03-21,16560,1520446,12082,698642,3761,799753,717,22051,7695,488106,8851,601099,9728,1089205,California
San Diego,2021-03-22,22533,1542979,13150,711792,9117,808870,266,22317,14326,497265,8194,609293,17353,1106558,California
San Diego,2021-03-23,25984,1568963,13639,725431,12081,820951,264,22581,17134,507849,8834,618127,19418,1125976,California
San Diego,2021-03-24,29551,1598514,19766,745197,9422,830373,363,22944,17089,514902,12453,630580,19506,1145482,California
San Diego,2021-03-25,30324,1628838,18283,763480,11382,841755,659,23603,17982,523331,12326,642906,20755,1166237,California
San Diego,2021-03-26,32095,1660933,17906,781386,13631,855386,558,24161,17490,529622,14579,657485,20870,1187107,California
San Diego,2021-03-27,25449,1686382,10994,792380,14062,869448,393,24554,15658,538138,9775,667260,18291,1205398,California
San Diego,2021-03-28,15040,1701422,9196,801576,5787,875235,57,24611,9246,543121,5788,673048,10771,1216169,California
San Diego,2021-03-29,26679,1728101,12908,814484,13175,888410,596,25207,16438,552357,10232,683280,19468,1235637,California
San Diego,2021-03-30,33221,1761322,17900,832384,14549,902959,772,25979,22020,565771,11189,694469,24603,1260240,California
San Diego,2021-03-31,30420,1791742,18781,851165,10962,913921,677,26656,20618,578370,9785,704254,22384,1282624,California
San Diego,2021-04-01,34313,1826055,20049,871214,12794,926715,1470,28126,23239,593338,11049,715303,26017,1308641,California
San Diego,2021-04-02,35755,1861810,20658,891872,12324,939039,2773,30899,24106,610005,11630,726933,28297,1336938,California
San Diego,2021-04-03,30808,1892618,14420,906292,11788,950827,4600,35499,19679,624360,11116,738049,25471,1362409,California
San Diego,2021-04-04,9062,1901680,5205,911497,2929,953756,928,36427,4825,626055,4232,742281,5927,1368336,California
San Diego,2021-04-05,29726,1931406,15405,926902,11700,965456,2621,39048,19387,640218,10324,752605,24487,1392823,California
San Diego,2021-04-06,38733,1970139,20397,947299,12449,977905,5887,44935,22339,654164,16379,768984,30325,1423148,California
San Diego,2021-04-07,35802,2005941,21975,969274,9284,987189,4543,49478,20315,664749,15462,784446,26047,1449195,California
San Diego,2021-04-08,35204,2041145,21363,990637,9703,996892,4138,53616,21305,678862,13880,798326,27993,1477188,California
San Diego,2021-04-09,38287,2079432,22824,1013461,10287,1007179,5176,58792,20810,690706,17408,815734,29252,1506440,California
San Diego,2021-04-10,29178,2108610,11783,1025244,13394,1020573,4001,62793,15121,698777,14047,829781,22118,1528558,California
San Diego,2021-04-11,16254,2124864,10075,1035319,3866,1024439,2313,65106,7278,702358,8972,838753,12553,1541111,California
San Diego,2021-04-12,30798,2155662,12859,1048178,13644,1038083,4295,69401,17179,713863,13605,852358,25110,1566221,California
San Diego,2021-04-13,37194,2192856,17783,1065961,19374,1057457,37,69438,24775,729089,12399,864757,27625,1593846,California
San Diego,2021-04-14,33070,2225926,18929,1084890,14129,1071586,12,69450,17912,736196,15143,879900,22250,1616096,California
San Diego,2021-04-15,39522,2265448,20365,1105255,19153,1090739,4,69454,24103,747718,15399,895299,26921,1643017,California
San Diego,2021-04-16,33808,2299256,18580,1123835,15225,1105964,3,69457,19620,755576,14127,909426,21985,1665002,California
San Diego,2021-04-17,27889,2327145,13544,1137379,14345,1120309,0,69457,12419,755643,15373,924799,15440,1680442,California
San Diego,2021-04-18,14502,2341647,8917,1146296,5582,1125891,3,69460,6805,757699,7684,932483,9740,1690182,California
San Diego,2021-04-19,26548,2368195,13566,1159862,12981,1138872,1,69461,12499,757908,14031,946514,14240,1704422,California
San Diego,2021-04-20,39064,2407259,17774,1177636,21290,1160162,0,69461,19989,761779,19056,965570,22927,1727349,California
San Diego,2021-04-21,35012,2442271,20925,1198561,14087,1174249,0,69461,16974,763722,18003,983573,19946,1747295,California
San Diego,2021-04-22,44604,2486875,22956,1221517,21642,1195891,6,69467,22390,766933,22172,1005745,25383,1772678,California
San Diego,2021-04-23,42207,2529082,26022,1247539,16183,1212074,2,69469,15782,759446,26394,1032139,18907,1791585,California
San Diego,2021-04-24,34616,2563698,18853,1266392,15748,1227822,15,69484,15625,759249,18958,1051097,18761,1810346,California
San Diego,2021-04-25,12489,2576187,7713,1274105,4776,1232598,0,69484,5889,759882,6592,1057689,7225,1817571,California
San Diego,2021-04-26,30939,2607126,15523,1289628,15284,1247882,132,69616,10572,754485,20354,1078043,14957,1832528,California
San Diego,2021-04-27,42482,2649608,23506,1313134,18574,1266456,402,70018,18741,752835,23708,1101751,22058,1854586,California
San Diego,2021-04-28,38196,2687804,22586,1335720,14964,1281420,646,70664,17331,752180,20832,1122583,20177,1874763,California
San Diego,2021-04-29,37976,2725780,24217,1359937,13137,1294557,622,71286,15361,747263,22581,1145164,17664,1892427,California
San Diego,2021-04-30,37942,2763722,23107,1383044,13843,1308400,992,72278,14827,741787,23079,1168243,17603,1910030,California
San Diego,2021-05-01,24261,2787983,10696,1393740,12920,1321320,645,72923,9512,739322,14739,1182982,12274,1922304,California
San Diego,2021-05-02,10702,2798685,7510,1401250,2605,1323925,587,73510,3264,736063,7433,1190415,4174,1926478,California
San Diego,2021-05-03,25314,2823999,12460,1413710,11698,1335623,1156,74666,9351,731411,15939,1206354,11287,1937765,California
San Diego,2021-05-04,31825,2855824,17552,1431262,12973,1348596,1300,75966,11520,725038,20274,1226628,13901,1951666,California
San Diego,2021-05-05,27643,2883467,17022,1448284,9345,1357941,1276,77242,10594,720817,17026,1243654,12805,1964471,California
San Diego,2021-05-06,28318,2911785,18834,1467118,8586,1366527,898,78140,10830,717543,17458,1261112,14184,1978655,California
San Diego,2021-05-07,29519,2941304,19535,1486653,8941,1375468,1043,79183,11051,712386,18431,1279543,13274,1991929,California
San Diego,2021-05-08,22621,2963925,10733,1497386,11174,1386642,714,79897,7307,706467,15293,1294836,9374,2001303,California
San Diego,2021-05-09,7494,2971419,5678,1503064,1407,1388049,409,80306,2616,705032,4871,1299707,3436,2004739,California
San Diego,2021-05-10,21609,2993028,8452,1511516,12349,1400398,808,81114,5969,697427,15609,1315316,8004,2012743,California
San Diego,2021-05-11,27593,3020621,11215,1522731,15615,1416013,763,81877,9598,691397,17969,1333285,11939,2024682,California
San Diego,2021-05-12,21884,3042505,11645,1534376,9454,1425467,785,82662,7997,687311,13863,1347148,9777,2034459,California
San Diego,2021-05-13,29427,3071932,17514,1551890,11304,1436771,609,83271,12239,685397,17137,1364285,15223,2049682,California
San Diego,2021-05-14,30592,3102524,19576,1571466,10176,1446947,840,84111,13906,685547,16649,1380934,16799,2066481,California
San Diego,2021-05-15,26040,3128564,16478,1587944,8793,1455740,769,84880,10934,683111,15053,1395987,12617,2079098,California
San Diego,2021-05-16,12884,3141448,9659,1597603,2651,1458391,574,85454,6419,684015,6455,1402442,7359,2086457,California
San Diego,2021-05-17,21319,3162767,12963,1610566,7612,1466003,744,86198,9373,683056,11911,1414353,10952,2097409,California
San Diego,2021-05-18,33771,3196538,19044,1629610,13862,1479865,865,87063,13622,678832,20113,1434466,15889,2113298,California
San Diego,2021-05-19,21081,3217619,13087,1642697,7305,1487170,689,87752,9394,678024,11664,1446130,10856,2124154,California
San Diego,2021-05-20,5015,3222634,2728,1645425,2069,1489239,218,87970,2545,678582,2464,1448594,3022,2127176,California
San Francisco,2020-12-15,7,7,7,7,0,0,0,0,7,7,0,0,7,7,California
San Francisco,2020-12-16,229,236,229,236,0,0,0,0,229,236,0,0,229,236,California
San Francisco,2020-12-17,395,631,395,631,0,0,0,0,395,631,0,0,395,631,California
San Francisco,2020-12-18,878,1509,877,1508,1,1,0,0,878,1509,0,0,878,1509,California
San Francisco,2020-12-19,601,2110,601,2109,0,1,0,0,601,2110,0,0,601,2110,California
San Francisco,2020-12-20,483,2593,483,2592,0,1,0,0,483,2593,0,0,483,2593,California
San Francisco,2020-12-21,1162,3755,1162,3754,0,1,0,0,1162,3755,0,0,1162,3755,California
San Francisco,2020-12-22,1403,5158,1369,5123,34,35,0,0,1403,5158,0,0,1403,5158,California
San Francisco,2020-12-23,1339,6497,1049,6172,290,325,0,0,1339,6497,0,0,1339,6497,California
San Francisco,2020-12-24,842,7339,504,6676,338,663,0,0,842,7339,0,0,842,7339,California
San Francisco,2020-12-25,34,7373,29,6705,5,668,0,0,34,7373,0,0,34,7373,California
San Francisco,2020-12-26,245,7618,151,6856,94,762,0,0,245,7618,0,0,245,7618,California
San Francisco,2020-12-27,274,7892,60,6916,214,976,0,0,274,7892,0,0,274,7892,California
San Francisco,2020-12-28,1270,9162,686,7602,584,1560,0,0,1270,9162,0,0,1270,9162,California
San Francisco,2020-12-29,1249,10411,624,8226,625,2185,0,0,1249,10411,0,0,1249,10411,California
San Francisco,2020-12-30,1487,11898,780,9006,707,2892,0,0,1487,11898,0,0,1487,11898,California
San Francisco,2020-12-31,963,12861,410,9416,553,3445,0,0,962,12860,0,0,962,12860,California
San Francisco,2021-01-01,91,12952,72,9488,19,3464,0,0,91,12951,0,0,91,12951,California
San Francisco,2021-01-02,333,13285,301,9789,32,3496,0,0,333,13284,0,0,333,13284,California
San Francisco,2021-01-03,296,13581,103,9892,193,3689,0,0,295,13578,1,1,295,13579,California
San Francisco,2021-01-04,1841,15422,1356,11248,485,4174,0,0,1838,15413,3,4,1838,15417,California
San Francisco,2021-01-05,2232,17654,1417,12665,815,4989,0,0,2197,17577,35,39,2199,17616,California
San Francisco,2021-01-06,1872,19526,1160,13825,712,5701,0,0,1607,18922,263,302,1608,19224,California
San Francisco,2021-01-07,2064,21590,1204,15029,860,6561,0,0,1608,20077,453,755,1608,20832,California
San Francisco,2021-01-08,2331,23921,1635,16664,696,7257,0,0,1494,20739,832,1587,1494,22326,California
San Francisco,2021-01-09,1389,25310,893,17557,496,7753,0,0,884,21120,505,2092,886,23212,California
San Francisco,2021-01-10,919,26229,541,18098,378,8131,0,0,460,21122,458,2550,460,23672,California
San Francisco,2021-01-11,2505,28734,1872,19970,633,8764,0,0,1402,21420,1104,3654,1402,25074,California
San Francisco,2021-01-12,3089,31823,2058,22028,1031,9795,0,0,1895,22124,1194,4848,1898,26972,California
San Francisco,2021-01-13,2827,34650,1601,23629,1226,11021,0,0,1997,23291,830,5678,1997,28969,California
San Francisco,2021-01-14,2446,37096,1103,24732,1343,12364,0,0,1885,24615,561,6239,1885,30854,California
San Francisco,2021-01-15,2749,39845,1149,25881,1600,13964,0,0,2357,26584,390,6629,2359,33213,California
San Francisco,2021-01-16,2254,42099,963,26844,1291,15255,0,0,2087,28505,167,6796,2088,35301,California
San Francisco,2021-01-17,1916,44015,530,27374,1386,16641,0,0,1702,29993,214,7010,1702,37003,California
San Francisco,2021-01-18,1378,45393,593,27967,785,17426,0,0,1114,30846,263,7273,1116,38119,California
San Francisco,2021-01-19,2576,47969,1472,29439,1104,18530,0,0,1827,31924,749,8022,1827,39946,California
San Francisco,2021-01-20,2753,50722,1124,30563,1629,20159,0,0,2002,33179,748,8770,2003,41949,California
San Francisco,2021-01-21,3325,54047,947,31510,2378,22537,0,0,2489,34834,834,9604,2489,44438,California
San Francisco,2021-01-22,3189,57236,644,32154,2545,25082,0,0,2746,37139,441,10045,2746,47184,California
San Francisco,2021-01-23,3090,60326,610,32764,2480,27562,0,0,2724,39499,365,10410,2725,49909,California
San Francisco,2021-01-24,2427,62753,363,33127,2064,29626,0,0,2198,41471,226,10636,2198,52107,California
San Francisco,2021-01-25,4594,67347,1792,34919,2802,32428,0,0,3038,42956,1554,12190,3039,55146,California
San Francisco,2021-01-26,4672,72019,2136,37055,2536,34964,0,0,3079,44447,1590,13780,3081,58227,California
San Francisco,2021-01-27,4431,76450,2075,39130,2356,37320,0,0,3081,46182,1346,15126,3081,61308,California
San Francisco,2021-01-28,3757,80207,1555,40685,2202,39522,0,0,2595,47620,1157,16283,2595,63903,California
San Francisco,2021-01-29,4725,84932,1682,42367,3043,42565,0,0,3453,49808,1265,17548,3453,67356,California
San Francisco,2021-01-30,3776,88708,1840,44207,1936,44501,0,0,3327,52691,448,17996,3331,70687,California
San Francisco,2021-01-31,2351,91059,824,45031,1527,46028,0,0,2199,54740,151,18147,2200,72887,California
San Francisco,2021-02-01,3803,94862,1531,46562,2272,48300,0,0,2895,56728,908,19055,2896,75783,California
San Francisco,2021-02-02,4648,99510,1961,48523,2687,50987,0,0,2889,57864,1753,20808,2889,78672,California
San Francisco,2021-02-03,5059,104569,2367,50890,2692,53679,0,0,3752,60312,1305,22113,3753,82425,California
San Francisco,2021-02-04,5033,109602,2438,53328,2595,56274,0,0,3865,63011,1166,23279,3865,86290,California
San Francisco,2021-02-05,5951,115553,3206,56534,2745,59019,0,0,4608,66279,1341,24620,4609,90899,California
San Francisco,2021-02-06,5481,121034,3662,60196,1819,60838,0,0,4584,69969,896,25516,4586,95485,California
San Francisco,2021-02-07,4340,125374,3191,63387,1149,61987,0,0,3763,73161,574,26090,3766,99251,California
San Francisco,2021-02-08,6720,132094,4626,68013,2094,64081,0,0,5501,77461,1203,27293,5503,104754,California
San Francisco,2021-02-09,5932,138026,3990,72003,1942,66023,0,0,4386,80293,1555,28848,4387,109141,California
San Francisco,2021-02-10,6876,144902,4184,76187,2692,68715,0,0,5074,83573,1797,30645,5077,114218,California
San Francisco,2021-02-11,6718,151620,3984,80171,2734,71449,0,0,4897,86655,1816,32461,4898,119116,California
San Francisco,2021-02-12,5322,156942,2669,82840,2653,74102,0,0,3488,88307,1836,34297,3488,122604,California
San Francisco,2021-02-13,4369,161311,2554,85394,1815,75917,0,0,3042,90024,1327,35624,3044,125648,California
San Francisco,2021-02-14,3426,164737,2250,87644,1176,77093,0,0,2301,91202,1125,36749,2303,127951,California
San Francisco,2021-02-15,2775,167512,1508,89152,1267,78360,0,0,1679,91787,1094,37843,1679,129630,California
San Francisco,2021-02-16,5020,172532,2749,91901,2271,80631,0,0,2963,92706,2050,39893,2969,132599,California
San Francisco,2021-02-17,5415,177947,2688,94589,2727,83358,0,0,2965,93252,2420,42313,2966,135565,California
San Francisco,2021-02-18,5379,183326,2637,97226,2742,86100,0,0,2790,93460,2585,44898,2793,138358,California
San Francisco,2021-02-19,5636,188962,2645,99871,2991,89091,0,0,2928,93688,2702,47600,2930,141288,California
San Francisco,2021-02-20,4528,193490,2181,102052,2347,91438,0,0,1704,92577,2816,50416,1705,142993,California
San Francisco,2021-02-21,2885,196375,1514,103566,1371,92809,0,0,1281,92262,1597,52013,1282,144275,California
San Francisco,2021-02-22,5109,201484,3182,106748,1927,94736,0,0,2574,92311,2527,54540,2576,146851,California
San Francisco,2021-02-23,5535,207019,3156,109904,2379,97115,0,0,2834,92450,2695,57235,2834,149685,California
San Francisco,2021-02-24,9024,216043,5121,115025,3903,101018,0,0,4827,93091,4187,61422,4828,154513,California
San Francisco,2021-02-25,9797,225840,6884,121909,2913,103931,0,0,6332,95963,3462,64884,6334,160847,California
San Francisco,2021-02-26,11958,237798,7761,129670,4197,108128,0,0,7086,98177,4873,69757,7087,167934,California
San Francisco,2021-02-27,9237,247035,5990,135660,3246,111374,1,1,4641,98240,4581,74338,4644,172578,California
San Francisco,2021-02-28,7751,254786,5570,141230,2181,113555,0,1,3849,98191,3899,78237,3850,176428,California
San Francisco,2021-03-01,11002,265788,7479,148709,3520,117075,3,4,5319,97857,5659,83896,5325,181753,California
San Francisco,2021-03-02,9948,275736,6719,155428,3229,120304,0,4,5642,99203,4297,88193,5643,187396,California
San Francisco,2021-03-03,11253,286989,6539,161967,4713,125017,1,5,6140,100246,5101,93294,6144,193540,California
San Francisco,2021-03-04,8750,295739,5512,167479,3238,128255,0,5,4935,101373,3808,97102,4935,198475,California
San Francisco,2021-03-05,9200,304939,5643,173122,3553,131808,4,9,5760,103715,3423,100525,5765,204240,California
San Francisco,2021-03-06,7111,312050,4654,177776,2248,134056,209,218,4436,105670,2687,103212,4642,208882,California
San Francisco,2021-03-07,5387,317437,4216,181992,1113,135169,58,276,3103,106534,2297,105509,3161,212043,California
San Francisco,2021-03-08,7451,324888,5460,187452,1805,136974,186,462,5883,111005,1598,107107,6069,218112,California
San Francisco,2021-03-09,8315,333203,5524,192976,2415,139389,376,838,6083,115223,2236,109343,6454,224566,California
San Francisco,2021-03-10,11121,344324,6596,199572,4026,143415,499,1337,7028,118681,4070,113413,7528,232094,California
San Francisco,2021-03-11,10075,354399,6377,205949,2733,146148,965,2302,6613,122806,3445,116858,7570,239664,California
San Francisco,2021-03-12,10855,365254,6350,212299,3166,149314,1339,3641,6049,125407,4782,121640,7383,247047,California
San Francisco,2021-03-13,6697,371951,3941,216240,1695,151009,1061,4702,4165,128109,2522,124162,5224,252271,California
San Francisco,2021-03-14,7580,379531,4931,221171,2406,153415,243,4945,3988,128763,3577,127739,4231,256502,California
San Francisco,2021-03-15,12087,391618,9246,230417,1896,155311,945,5890,8385,134395,3689,131428,9321,265823,California
San Francisco,2021-03-16,12213,403831,8331,238748,3422,158733,460,6350,8833,140327,3360,134788,9292,275115,California
San Francisco,2021-03-17,13345,417176,8283,247031,4501,163234,561,6911,9617,146803,3698,138486,10174,285289,California
San Francisco,2021-03-18,10079,427255,6859,253890,2598,165832,622,7533,5743,148854,4310,142796,6361,291650,California
San Francisco,2021-03-19,12276,439531,8951,262841,2860,168692,465,7998,6517,150099,5732,148528,6977,298627,California
San Francisco,2021-03-20,8726,448257,6388,269229,1877,170569,461,8459,5087,152041,3608,152136,5550,304177,California
San Francisco,2021-03-21,6461,454718,5909,275138,416,170985,136,8595,3670,153072,2774,154910,3805,307982,California
San Francisco,2021-03-22,9760,464478,6847,281985,2070,173055,843,9438,5080,154334,4655,159565,5917,313899,California
San Francisco,2021-03-23,11158,475636,7369,289354,3141,176196,648,10086,6273,156397,4854,164419,6917,320816,California
San Francisco,2021-03-24,12294,487930,9400,298754,2358,178554,536,10622,6236,157148,6017,170436,6768,327584,California
San Francisco,2021-03-25,11829,499759,8652,307406,2614,181168,563,11185,5857,157661,5903,176339,6416,334000,California
San Francisco,2021-03-26,11872,511631,8205,315611,3437,184605,230,11415,5846,157741,5994,182333,6074,340074,California
San Francisco,2021-03-27,8654,520285,5768,321379,2538,187143,348,11763,3723,156899,4912,187245,4070,344144,California
San Francisco,2021-03-28,6583,526868,5245,326624,1296,188439,42,11805,2973,156326,3585,190830,3012,347156,California
San Francisco,2021-03-29,11385,538253,7883,334507,3319,191758,183,11988,4845,154839,6513,197343,5026,352182,California
San Francisco,2021-03-30,11518,549771,7190,341697,4038,195796,290,12278,5504,154649,5989,203332,5799,357981,California
San Francisco,2021-03-31,12141,561912,8048,349745,3797,199593,296,12574,4950,152734,7157,210489,5242,363223,California
San Francisco,2021-04-01,13842,575754,7348,357093,4837,204430,1657,14231,6016,152605,7794,218283,7665,370888,California
San Francisco,2021-04-02,14724,590478,6491,363584,6406,210836,1827,16058,6936,153599,7765,226048,8759,379647,California
San Francisco,2021-04-03,10476,600954,4821,368405,3851,214687,1804,17862,4830,154599,5631,231679,6631,386278,California
San Francisco,2021-04-04,9044,609998,4791,373196,2595,217282,1658,19520,3569,154368,5462,237141,5231,391509,California
San Francisco,2021-04-05,15975,625973,9777,382973,4321,221603,1877,21397,6275,152842,9672,246813,8146,399655,California
San Francisco,2021-04-06,16009,641982,9487,392460,4461,226064,2061,23458,6201,151312,9784,256597,8254,407909,California
San Francisco,2021-04-07,16788,658770,9986,402446,4574,230638,2228,25686,6954,150667,9811,266408,9166,417075,California
San Francisco,2021-04-08,14130,672900,6722,409168,3010,233648,4398,30084,4589,150122,9510,275918,8965,426040,California
San Francisco,2021-04-09,15718,688618,7599,416767,4784,238432,3335,33419,6565,150883,9122,285040,9883,435923,California
San Francisco,2021-04-10,13224,701842,5660,422427,5830,244262,1734,35153,7113,153633,6086,291126,8836,444759,California
San Francisco,2021-04-11,9978,711820,7473,429900,1335,245597,1170,36323,5206,155246,4760,295886,6373,451132,California
San Francisco,2021-04-12,10594,722414,6879,436779,2567,248164,1148,37471,4875,155567,5697,301583,6018,457150,California
San Francisco,2021-04-13,10729,733143,7283,444062,3433,251597,13,37484,5434,155744,5274,306857,5451,462601,California
San Francisco,2021-04-14,13258,746401,7986,452048,5271,256868,1,37485,6406,155335,6817,313674,6408,469009,California
San Francisco,2021-04-15,13695,760096,9507,461555,4187,261055,1,37486,8072,157820,5591,319265,8076,477085,California
San Francisco,2021-04-16,12914,773010,8692,470247,4178,265233,44,37530,7664,160310,5222,324487,7712,484797,California
San Francisco,2021-04-17,10027,783037,7298,477545,2728,267961,1,37531,7097,164500,2912,327399,7102,491899,California
San Francisco,2021-04-18,6591,789628,5038,482583,1551,269512,2,37533,4096,166122,2478,329877,4100,495999,California
San Francisco,2021-04-19,10856,800484,8155,490738,2697,272209,4,37537,6983,169263,3856,333733,6997,502996,California
San Francisco,2021-04-20,12301,812785,7194,497932,5106,277315,1,37538,8491,173969,3788,337521,8494,511490,California
San Francisco,2021-04-21,10529,823314,7526,505458,2999,280314,4,37542,6414,176299,4093,341614,6423,517913,California
San Francisco,2021-04-22,10407,833721,7706,513164,2700,283014,1,37543,6007,177939,4374,345988,6014,523927,California
San Francisco,2021-04-23,10334,844055,5946,519110,4388,287402,0,37543,6165,179971,4140,350128,6172,530099,California
San Francisco,2021-04-24,7976,852031,5500,524610,2476,289878,0,37543,4743,181509,3213,353341,4751,534850,California
San Francisco,2021-04-25,5040,857071,4344,528954,690,290568,6,37549,2956,182404,2070,355411,2965,537815,California
San Francisco,2021-04-26,7887,864958,5612,534566,2263,292831,12,37561,3896,182358,3966,359377,3920,541735,California
San Francisco,2021-04-27,8455,873413,5725,540291,2602,295433,128,37689,4221,182508,4209,363586,4359,546094,California
San Francisco,2021-04-28,9247,882660,6526,546817,2530,297963,191,37880,4772,183029,4447,368033,4968,551062,California
San Francisco,2021-04-29,9101,891761,5388,552205,3520,301483,193,38073,4378,182912,4700,372733,4583,555645,California
San Francisco,2021-04-30,10862,902623,5190,557395,5472,306955,200,38273,3988,180270,6835,379568,4193,559838,California
San Francisco,2021-05-01,6927,909550,3583,560978,3231,310186,113,38386,1705,176893,5197,384765,1820,561658,California
San Francisco,2021-05-02,5317,914867,3086,564064,2133,312319,98,38484,972,173630,4336,389101,1073,562731,California
San Francisco,2021-05-03,9641,924508,6584,570648,2896,315215,161,38645,2465,169117,7147,396248,2634,565365,California
San Francisco,2021-05-04,9305,933813,5974,576622,3081,318296,250,38895,2279,164655,6996,403244,2534,567899,California
San Francisco,2021-05-05,8739,942552,6127,582749,2303,320599,309,39204,2145,160565,6549,409793,2459,570358,California
San Francisco,2021-05-06,10710,953262,8563,591312,1678,322277,469,39673,1862,154082,8817,418610,2334,572692,California
San Francisco,2021-05-07,10087,963349,6453,597765,3365,325642,269,39942,1636,147562,8425,427035,1905,574597,California
San Francisco,2021-05-08,8362,971711,3544,601309,4688,330330,130,40072,985,141333,7345,434380,1116,575713,California
San Francisco,2021-05-09,6692,978403,5828,607137,781,331111,83,40155,1220,137183,5446,439826,1296,577009,California
San Francisco,2021-05-10,6923,985326,4925,612062,1750,332861,248,40403,1032,132599,5863,445689,1279,578288,California
San Francisco,2021-05-11,7084,992410,5091,617153,1789,334650,204,40607,1364,128479,5690,451379,1570,579858,California
San Francisco,2021-05-12,7381,999791,5303,622456,1640,336290,438,41045,1493,124543,5858,457237,1922,581780,California
San Francisco,2021-05-13,10258,1010049,7475,629931,2567,338857,216,41261,3786,122101,6447,463684,4005,585785,California
San Francisco,2021-05-14,9301,1019350,6591,636522,2544,341401,166,41427,3028,119062,6246,469930,3207,588992,California
San Francisco,2021-05-15,7729,1027079,6250,642772,1421,342822,58,41485,2995,117415,4712,474642,3065,592057,California
San Francisco,2021-05-16,4925,1032004,4146,646918,716,343538,63,41548,1799,116170,3108,477750,1863,593920,California
San Francisco,2021-05-17,7244,1039248,5395,652313,1674,345212,175,41723,2566,114256,4659,482409,2745,596665,California
San Francisco,2021-05-18,8580,1047828,4916,657229,3495,348707,169,41892,1983,109858,6549,488958,2151,598816,California
San Francisco,2021-05-19,7371,1055199,5517,662746,1629,350336,225,42117,2441,107617,4904,493862,2663,601479,California
San Francisco,2021-05-20,3635,1058834,2280,665026,1187,351523,168,42285,833,105835,2779,496641,997,602476,California
San Joaquin,2020-12-15,12,12,12,12,0,0,0,0,12,12,0,0,12,12,California
San Joaquin,2020-12-16,307,319,307,319,0,0,0,0,307,319,0,0,307,319,California
San Joaquin,2020-12-17,312,631,312,631,0,0,0,0,312,631,0,0,312,631,California
San Joaquin,2020-12-18,523,1154,519,1150,4,4,0,0,523,1154,0,0,523,1154,California
San Joaquin,2020-12-19,188,1342,188,1338,0,4,0,0,188,1342,0,0,188,1342,California
San Joaquin,2020-12-20,114,1456,113,1451,1,5,0,0,114,1456,0,0,114,1456,California
San Joaquin,2020-12-21,491,1947,491,1942,0,5,0,0,491,1947,0,0,491,1947,California
San Joaquin,2020-12-22,967,2914,847,2789,120,125,0,0,966,2913,0,0,966,2913,California
San Joaquin,2020-12-23,979,3893,919,3708,60,185,0,0,977,3890,0,0,977,3890,California
San Joaquin,2020-12-24,215,4108,187,3895,28,213,0,0,214,4104,0,0,214,4104,California
San Joaquin,2020-12-25,14,4122,14,3909,0,213,0,0,14,4118,0,0,14,4118,California
San Joaquin,2020-12-26,102,4224,30,3939,72,285,0,0,102,4220,0,0,102,4220,California
San Joaquin,2020-12-27,42,4266,29,3968,13,298,0,0,42,4262,0,0,42,4262,California
San Joaquin,2020-12-28,621,4887,420,4388,201,499,0,0,621,4883,0,0,621,4883,California
San Joaquin,2020-12-29,799,5686,672,5060,127,626,0,0,799,5682,0,0,799,5682,California
San Joaquin,2020-12-30,1009,6695,717,5777,292,918,0,0,1007,6689,0,0,1007,6689,California
San Joaquin,2020-12-31,454,7149,203,5980,251,1169,0,0,454,7143,0,0,454,7143,California
San Joaquin,2021-01-01,22,7171,13,5993,9,1178,0,0,22,7165,0,0,22,7165,California
San Joaquin,2021-01-02,262,7433,240,6233,22,1200,0,0,262,7427,0,0,262,7427,California
San Joaquin,2021-01-03,38,7471,20,6253,18,1218,0,0,37,7463,1,1,37,7464,California
San Joaquin,2021-01-04,477,7948,338,6591,139,1357,0,0,475,7937,1,2,475,7939,California
San Joaquin,2021-01-05,979,8927,647,7238,332,1689,0,0,809,8613,170,172,846,8785,California
San Joaquin,2021-01-06,1220,10147,707,7945,513,2202,0,0,917,9235,298,470,920,9705,California
San Joaquin,2021-01-07,1079,11226,682,8627,397,2599,0,0,790,9740,286,756,791,10496,California
San Joaquin,2021-01-08,1193,12419,820,9447,373,2972,0,0,708,9968,484,1240,712,11208,California
San Joaquin,2021-01-09,376,12795,300,9747,76,3048,0,0,247,10086,129,1369,247,11455,California
San Joaquin,2021-01-10,224,13019,116,9863,108,3156,0,0,171,10205,52,1421,171,11626,California
San Joaquin,2021-01-11,1527,14546,1321,11184,206,3362,0,0,863,10472,663,2084,930,12556,California
San Joaquin,2021-01-12,1461,16007,1051,12235,410,3772,0,0,692,10469,765,2849,762,13318,California
San Joaquin,2021-01-13,1530,17537,895,13130,635,4407,0,0,957,10860,571,3420,962,14280,California
San Joaquin,2021-01-14,1656,19193,880,14010,776,5183,0,0,1317,11874,318,3738,1332,15612,California
San Joaquin,2021-01-15,1604,20797,622,14632,982,6165,0,0,1381,13062,208,3946,1396,17008,California
San Joaquin,2021-01-16,1143,21940,193,14825,950,7115,0,0,1115,14150,27,3973,1115,18123,California
San Joaquin,2021-01-17,1613,23553,130,14955,1483,8598,0,0,1573,15685,40,4013,1575,19698,California
San Joaquin,2021-01-18,740,24293,238,15193,502,9100,0,0,620,16189,116,4129,620,20318,California
San Joaquin,2021-01-19,1872,26165,898,16091,974,10074,0,0,1191,16711,676,4805,1198,21516,California
San Joaquin,2021-01-20,2086,28251,1285,17376,801,10875,0,0,1433,17502,648,5453,1439,22955,California
San Joaquin,2021-01-21,1975,30226,898,18274,1077,11952,0,0,1578,18698,390,5843,1586,24541,California
San Joaquin,2021-01-22,1969,32195,914,19188,1055,13007,0,0,1826,20388,138,5981,1828,26369,California
San Joaquin,2021-01-23,906,33101,403,19591,503,13510,0,0,620,20725,285,6266,622,26991,California
San Joaquin,2021-01-24,351,33452,135,19726,216,13726,0,0,328,21033,20,6286,328,27319,California
San Joaquin,2021-01-25,1994,35446,1141,20867,853,14579,0,0,1430,21905,561,6847,1433,28752,California
San Joaquin,2021-01-26,2149,37595,1117,21984,1032,15611,0,0,1539,22844,605,7452,1544,30296,California
San Joaquin,2021-01-27,1729,39324,768,22752,961,16572,0,0,1233,23592,492,7944,1240,31536,California
San Joaquin,2021-01-28,2033,41357,766,23518,1267,17839,0,0,1381,24330,648,8592,1386,32922,California
San Joaquin,2021-01-29,2149,43506,1047,24565,1102,18941,0,0,1802,25798,342,8934,1810,34732,California
San Joaquin,2021-01-30,2167,45673,350,24915,1817,20758,0,0,1990,27615,175,9109,1992,36724,California
San Joaquin,2021-01-31,1559,47232,181,25096,1378,22136,0,0,1496,29050,62,9171,1497,38221,California
San Joaquin,2021-02-01,2498,49730,1316,26412,1182,23318,0,0,1761,30078,736,9907,1764,39985,California
San Joaquin,2021-02-02,2593,52323,1173,27585,1420,24738,0,0,1968,31484,566,10473,1972,41957,California
San Joaquin,2021-02-03,3071,55394,1214,28799,1857,26595,0,0,2207,32840,857,11330,2213,44170,California
San Joaquin,2021-02-04,3443,58837,1720,30519,1723,28318,0,0,2632,34672,806,12136,2638,46808,California
San Joaquin,2021-02-05,3219,62056,1861,32380,1358,29676,0,0,2355,36175,857,12993,2360,49168,California
San Joaquin,2021-02-06,1125,63181,788,33168,337,30013,0,0,947,36949,175,13168,949,50117,California
San Joaquin,2021-02-07,618,63799,488,33656,130,30143,0,0,414,37168,196,13364,415,50532,California
San Joaquin,2021-02-08,1783,65582,1035,34691,748,30891,0,0,1443,38300,317,13681,1449,51981,California
San Joaquin,2021-02-09,2104,67686,1141,35832,963,31854,0,0,1574,39416,460,14141,1576,53557,California
San Joaquin,2021-02-10,2560,70246,1250,37082,1310,33164,0,0,1336,39558,1194,15335,1336,54893,California
San Joaquin,2021-02-11,2932,73178,1504,38586,1428,34592,0,0,1716,40094,1185,16520,1721,56614,California
San Joaquin,2021-02-12,2826,76004,1140,39726,1686,36278,0,0,1590,40472,1217,17737,1595,58209,California
San Joaquin,2021-02-13,2120,78124,400,40126,1720,37998,0,0,856,40084,1250,18987,862,59071,California
San Joaquin,2021-02-14,1904,80028,262,40388,1642,39640,0,0,691,39590,1186,20173,692,59763,California
San Joaquin,2021-02-15,1986,82014,838,41226,1148,40788,0,0,1193,40024,763,20936,1197,60960,California
San Joaquin,2021-02-16,3153,85167,1372,42598,1781,42569,0,0,1742,40378,1396,22332,1750,62710,California
San Joaquin,2021-02-17,3273,88440,1265,43863,2008,44577,0,0,1865,40852,1395,23727,1869,64579,California
San Joaquin,2021-02-18,3331,91771,1370,45233,1961,46538,0,0,1899,41357,1399,25126,1904,66483,California
San Joaquin,2021-02-19,4257,96028,2408,47641,1849,48387,0,0,2383,41921,1819,26945,2383,68866,California
San Joaquin,2021-02-20,1547,97575,656,48297,891,49278,0,0,1054,42483,492,27437,1054,69920,California
San Joaquin,2021-02-21,660,98235,501,48798,159,49437,0,0,414,42656,243,27680,416,70336,California
San Joaquin,2021-02-22,3532,101767,2491,51289,1041,50478,0,0,2525,44209,976,28656,2529,72865,California
San Joaquin,2021-02-23,4298,106065,2616,53905,1682,52160,0,0,2645,45235,1623,30279,2649,75514,California
San Joaquin,2021-02-24,5722,111787,3405,57310,2317,54477,0,0,4111,47762,1586,31865,4113,79627,California
San Joaquin,2021-02-25,6315,118102,3901,61211,2414,56891,0,0,4078,49645,2205,34070,4088,83715,California
San Joaquin,2021-02-26,5471,123573,2850,64061,2621,59512,0,0,3756,51726,1681,35751,3762,87477,California
San Joaquin,2021-02-27,5454,129027,1622,65683,3832,63344,0,0,2623,51581,2780,38531,2635,90112,California
San Joaquin,2021-02-28,3082,132109,1106,66789,1976,65320,0,0,2035,52595,1023,39554,2037,92149,California
San Joaquin,2021-03-01,4093,136202,1801,68590,2291,67611,1,1,2322,53170,1755,41309,2330,94479,California
San Joaquin,2021-03-02,4200,140402,1681,70271,2519,70130,0,1,2638,54322,1541,42850,2693,97172,California
San Joaquin,2021-03-03,5765,146167,3424,73695,2339,72469,2,3,4157,56898,1582,44432,4158,101330,California
San Joaquin,2021-03-04,5704,151871,2267,75962,3434,75903,3,6,3729,58671,1960,46392,3733,105063,California
San Joaquin,2021-03-05,4429,156300,1877,77839,2547,78450,5,11,3052,60371,1361,47753,3061,108124,California
San Joaquin,2021-03-06,3293,159593,2173,80012,990,79440,130,141,2707,62628,583,48336,2840,110964,California
San Joaquin,2021-03-07,1216,160809,563,80575,606,80046,47,188,931,63324,267,48603,963,111927,California
San Joaquin,2021-03-08,3141,163950,1262,81837,1754,81800,125,313,2129,64577,1000,49603,2253,114180,California
San Joaquin,2021-03-09,4011,167961,1817,83654,2066,83866,128,441,2663,66040,1332,50935,2795,116975,California
San Joaquin,2021-03-10,4640,172601,2467,86121,2035,85901,138,579,3416,68385,1210,52145,3555,120530,California
San Joaquin,2021-03-11,4935,177536,2344,88465,1991,87892,600,1179,2933,69931,1992,54137,3538,124068,California
San Joaquin,2021-03-12,6269,183805,3131,91596,2804,90696,334,1513,4153,72332,2093,56230,4494,128562,California
San Joaquin,2021-03-13,3065,186870,1454,93050,1484,92180,127,1640,2290,73987,768,56998,2423,130985,California
San Joaquin,2021-03-14,2155,189025,668,93718,1184,93364,303,1943,1024,74194,1125,58123,1332,132317,California
San Joaquin,2021-03-15,6061,195086,3489,97207,2168,95532,404,2347,3172,74923,2860,60983,3589,135906,California
San Joaquin,2021-03-16,6836,201922,3892,101099,2688,98220,256,2603,4031,76430,2788,63771,4295,140201,California
San Joaquin,2021-03-17,7783,209705,4663,105762,3050,101270,70,2673,4325,77413,3421,67192,4404,144605,California
San Joaquin,2021-03-18,7628,217333,4485,110247,2637,103907,506,3179,3770,77878,3818,71010,4283,148888,California
San Joaquin,2021-03-19,7917,225250,4639,114886,2736,106643,542,3721,4797,80167,3097,74107,5386,154274,California
San Joaquin,2021-03-20,3673,228923,2123,117009,1307,107950,243,3964,1823,80410,1835,75942,2078,156352,California
San Joaquin,2021-03-21,2104,231027,1493,118502,404,108354,207,4171,1183,80933,911,76853,1434,157786,California
San Joaquin,2021-03-22,3952,234979,2020,120522,1516,109870,416,4587,2336,82088,1602,78455,2757,160543,California
San Joaquin,2021-03-23,5367,240346,2632,123154,2568,112438,167,4754,3706,84325,1643,80098,3880,164423,California
San Joaquin,2021-03-24,6820,247166,4231,127385,2502,114940,87,4841,3022,83676,3766,83864,3117,167540,California
San Joaquin,2021-03-25,5533,252699,3283,130668,2208,117148,42,4883,3289,84790,2224,86088,3338,170878,California
San Joaquin,2021-03-26,6151,258850,2545,133213,3456,120604,150,5033,3238,85307,2890,88978,3407,174285,California
San Joaquin,2021-03-27,4646,263496,2614,135827,1962,122566,70,5103,1805,84374,2818,91796,1885,176170,California
San Joaquin,2021-03-28,2708,266204,1795,137622,888,123454,25,5128,1287,84362,1402,93198,1390,177560,California
San Joaquin,2021-03-29,4023,270227,2172,139794,1829,125283,22,5150,2015,84421,1993,95191,2052,179612,California
San Joaquin,2021-03-30,6200,276427,3154,142948,2954,128237,92,5242,3421,85199,2754,97945,3532,183144,California
San Joaquin,2021-03-31,6574,283001,4143,147091,2372,130609,59,5301,3331,85386,3226,101171,3413,186557,California
San Joaquin,2021-04-01,6394,289395,2971,150062,3340,133949,83,5384,2831,84815,3543,104714,2972,189529,California
San Joaquin,2021-04-02,6319,295714,2876,152938,2954,136903,489,5873,2525,84091,3770,108484,3046,192575,California
San Joaquin,2021-04-03,4129,299843,2327,155265,1476,138379,326,6199,1993,84298,2119,110603,2326,194901,California
San Joaquin,2021-04-04,2278,302121,1363,156628,713,139092,202,6401,1547,85340,722,111325,1764,196665,California
San Joaquin,2021-04-05,4696,306817,2819,159447,1695,140787,182,6583,2631,86107,2056,113381,2823,199488,California
San Joaquin,2021-04-06,7018,313835,4512,163959,2244,143031,262,6845,3326,86042,3667,117048,3602,203090,California
San Joaquin,2021-04-07,8313,322148,4522,168481,2209,145240,1582,8427,3496,86332,4803,121851,5093,208183,California
San Joaquin,2021-04-08,8648,330796,4693,173174,1933,147173,2022,10449,3307,86345,5316,127167,5329,213512,California
San Joaquin,2021-04-09,8846,339642,4266,177440,3025,150198,1555,12004,3213,85523,5610,132777,4788,218300,California
San Joaquin,2021-04-10,5205,344847,1625,179065,1674,151872,1906,13910,1758,85746,3437,136214,3660,221960,California
San Joaquin,2021-04-11,4073,348920,1546,180611,1361,153233,1166,15076,1766,86376,2297,138511,2927,224887,California
San Joaquin,2021-04-12,5956,354876,2370,182981,2050,155283,1536,16612,2325,86630,3612,142123,3866,228753,California
San Joaquin,2021-04-13,7442,362318,4290,187271,3146,158429,6,16618,4561,88345,2860,144983,4575,233328,California
San Joaquin,2021-04-14,7428,369746,3714,190985,3714,162143,0,16618,4446,89835,2965,147948,4455,237783,California
San Joaquin,2021-04-15,7778,377524,4588,195573,3190,165333,0,16618,4347,90792,3396,151344,4353,242136,California
San Joaquin,2021-04-16,7622,385146,4070,199643,3549,168882,3,16621,4575,92358,3022,154366,4588,246724,California
San Joaquin,2021-04-17,5137,390283,2771,202414,2364,171246,2,16623,3647,94543,1480,155846,3665,250389,California
San Joaquin,2021-04-18,2455,392738,1358,203772,1097,172343,0,16623,1308,94727,1132,156978,1316,251705,California
San Joaquin,2021-04-19,5143,397881,2788,206560,2355,174698,0,16623,2756,95130,2363,159341,2766,254471,California
San Joaquin,2021-04-20,6207,404088,3265,209825,2942,177640,0,16623,2941,94842,3240,162581,2952,257423,California
San Joaquin,2021-04-21,5628,409716,3113,212938,2515,180155,0,16623,2912,95091,2670,165251,2919,260342,California
San Joaquin,2021-04-22,5267,414983,3115,216053,2151,182306,1,16624,3045,95956,2196,167447,3061,263403,California
San Joaquin,2021-04-23,5876,420859,2829,218882,3046,185352,1,16625,3732,97570,2125,169572,3739,267142,California
San Joaquin,2021-04-24,5218,426077,3602,222484,1615,186967,1,16626,3401,99184,1794,171366,3408,270550,California
San Joaquin,2021-04-25,3037,429114,2558,225042,479,187446,0,16626,2008,100190,1009,172375,2015,272565,California
San Joaquin,2021-04-26,3897,433011,2583,227625,1312,188758,2,16628,2041,100394,1843,174218,2047,274612,California
San Joaquin,2021-04-27,4484,437495,2600,230225,1835,190593,49,16677,1890,99768,2573,176791,1947,276559,California
San Joaquin,2021-04-28,5478,442973,3290,233515,2113,192706,75,16752,2688,99779,2760,179551,2771,279330,California
San Joaquin,2021-04-29,4807,447780,2808,236323,1943,194649,56,16808,2430,99914,2357,181908,2492,281822,California
San Joaquin,2021-04-30,4889,452669,2389,238712,2433,197082,67,16875,2512,100142,2359,184267,2587,284409,California
San Joaquin,2021-05-01,3299,455968,1896,240608,1344,198426,59,16934,2091,101103,1202,185469,2163,286572,California
San Joaquin,2021-05-02,2275,458243,1582,242190,638,199064,55,16989,1159,101208,1111,186580,1216,287788,California
San Joaquin,2021-05-03,3267,461510,2205,244395,988,200052,74,17063,1361,100757,1893,188473,1442,289230,California
San Joaquin,2021-05-04,4815,466325,3277,247672,1386,201438,152,17215,1769,99661,3027,191500,1931,291161,California
San Joaquin,2021-05-05,4553,470878,3004,250676,1387,202825,162,17377,1801,98901,2730,194230,1970,293131,California
San Joaquin,2021-05-06,4611,475489,3077,253753,1406,204231,128,17505,2038,98518,2558,196788,2175,295306,California
San Joaquin,2021-05-07,5049,480538,2920,256673,1977,206208,152,17657,1871,97391,3159,199947,2032,297338,California
San Joaquin,2021-05-08,3250,483788,2090,258763,1059,207267,101,17758,1203,96671,2032,201979,1312,298650,California
San Joaquin,2021-05-09,1471,485259,833,259596,568,207835,70,17828,591,96460,877,202856,666,299316,California
San Joaquin,2021-05-10,2771,488030,1462,261058,1187,209022,122,17950,910,95649,1849,204705,1038,300354,California
San Joaquin,2021-05-11,4042,492072,2153,263211,1776,210798,113,18063,1291,94345,2737,207442,1433,301787,California
San Joaquin,2021-05-12,3918,495990,1831,265042,1992,212790,95,18158,1215,92975,2692,210134,1322,303109,California
San Joaquin,2021-05-13,4184,500174,2392,267434,1708,214498,84,18242,1557,92013,2616,212750,1654,304763,California
San Joaquin,2021-05-14,5400,505574,3157,270591,2135,216633,108,18350,2173,91098,3203,215953,2288,307051,California
San Joaquin,2021-05-15,5001,510575,2972,273563,1951,218584,78,18428,1593,89393,3379,219332,1674,308725,California
San Joaquin,2021-05-16,3281,513856,2532,276095,707,219291,42,18470,1420,89016,1848,221180,1471,310196,California
San Joaquin,2021-05-17,3656,517512,2068,278163,1493,220784,95,18565,1692,88864,1950,223130,1798,311994,California
San Joaquin,2021-05-18,3764,521276,2150,280313,1504,222288,110,18675,1757,88741,1993,225123,1870,313864,California
San Joaquin,2021-05-19,4418,525694,2534,282847,1766,224054,118,18793,1984,88450,2404,227527,2113,315977,California
San Joaquin,2021-05-20,1954,527648,1204,284051,684,224738,66,18859,734,88041,1209,228736,800,316777,California
San Luis Obispo,2020-12-16,4,4,4,4,0,0,0,0,4,4,0,0,4,4,California
San Luis Obispo,2020-12-17,196,200,196,200,0,0,0,0,196,200,0,0,196,200,California
San Luis Obispo,2020-12-18,224,424,224,424,0,0,0,0,224,424,0,0,224,424,California
San Luis Obispo,2020-12-19,162,586,162,586,0,0,0,0,162,586,0,0,162,586,California
San Luis Obispo,2020-12-20,215,801,215,801,0,0,0,0,215,801,0,0,215,801,California
San Luis Obispo,2020-12-21,549,1350,548,1349,1,1,0,0,549,1350,0,0,549,1350,California
San Luis Obispo,2020-12-22,312,1662,308,1657,4,5,0,0,312,1662,0,0,312,1662,California
San Luis Obispo,2020-12-23,683,2345,369,2026,314,319,0,0,683,2345,0,0,683,2345,California
San Luis Obispo,2020-12-24,194,2539,19,2045,175,494,0,0,194,2539,0,0,194,2539,California
San Luis Obispo,2020-12-25,2,2541,1,2046,1,495,0,0,2,2541,0,0,2,2541,California
San Luis Obispo,2020-12-26,89,2630,12,2058,77,572,0,0,89,2630,0,0,89,2630,California
San Luis Obispo,2020-12-27,76,2706,0,2058,76,648,0,0,76,2706,0,0,76,2706,California
San Luis Obispo,2020-12-28,880,3586,430,2488,450,1098,0,0,880,3586,0,0,880,3586,California
San Luis Obispo,2020-12-29,902,4488,502,2990,400,1498,0,0,902,4488,0,0,902,4488,California
San Luis Obispo,2020-12-30,1172,5660,681,3671,491,1989,0,0,1172,5660,0,0,1172,5660,California
San Luis Obispo,2020-12-31,107,5767,4,3675,103,2092,0,0,107,5767,0,0,107,5767,California
San Luis Obispo,2021-01-01,13,5780,8,3683,5,2097,0,0,13,5780,0,0,13,5780,California
San Luis Obispo,2021-01-02,33,5813,8,3691,25,2122,0,0,33,5813,0,0,33,5813,California
San Luis Obispo,2021-01-03,16,5829,6,3697,10,2132,0,0,16,5829,0,0,16,5829,California
San Luis Obispo,2021-01-04,679,6508,525,4222,154,2286,0,0,679,6508,0,0,679,6508,California
San Luis Obispo,2021-01-05,975,7483,757,4979,218,2504,0,0,973,7479,2,2,973,7481,California
San Luis Obispo,2021-01-06,725,8208,480,5459,245,2749,0,0,717,8189,7,9,717,8198,California
San Luis Obispo,2021-01-07,1126,9334,948,6407,178,2927,0,0,683,8429,443,452,683,8881,California
San Luis Obispo,2021-01-08,882,10216,804,7211,78,3005,0,0,513,8574,368,820,513,9394,California
San Luis Obispo,2021-01-09,205,10421,195,7406,10,3015,0,0,28,8425,177,997,28,9422,California
San Luis Obispo,2021-01-10,12,10433,8,7414,4,3019,0,0,8,8429,4,1001,8,9430,California
San Luis Obispo,2021-01-11,559,10992,508,7922,51,3070,0,0,298,8467,260,1261,298,9728,California
San Luis Obispo,2021-01-12,598,11590,381,8303,217,3287,0,0,318,8505,280,1541,318,10046,California
San Luis Obispo,2021-01-13,883,12473,256,8559,627,3914,0,0,644,8912,237,1778,644,10690,California
San Luis Obispo,2021-01-14,729,13202,244,8803,485,4399,0,0,603,9402,113,1891,603,11293,California
San Luis Obispo,2021-01-15,729,13931,288,9091,441,4840,0,0,554,9786,170,2061,554,11847,California
San Luis Obispo,2021-01-16,100,14031,81,9172,19,4859,0,0,95,9876,5,2066,95,11942,California
San Luis Obispo,2021-01-17,67,14098,61,9233,6,4865,0,0,67,9943,0,2066,67,12009,California
San Luis Obispo,2021-01-18,1371,15469,389,9622,982,5847,0,0,1109,10790,262,2328,1109,13118,California
San Luis Obispo,2021-01-19,1584,17053,417,10039,1167,7014,0,0,1176,11558,408,2736,1176,14294,California
San Luis Obispo,2021-01-20,1885,18938,597,10636,1288,8302,0,0,1294,12264,589,3325,1295,15589,California
San Luis Obispo,2021-01-21,1572,20510,467,11103,1105,9407,0,0,1199,13095,369,3694,1200,16789,California
San Luis Obispo,2021-01-22,1522,22032,509,11612,1013,10420,0,0,1207,13989,313,4007,1207,17996,California
San Luis Obispo,2021-01-23,312,22344,294,11906,18,10438,0,0,296,14269,16,4023,296,18292,California
San Luis Obispo,2021-01-24,245,22589,237,12143,8,10446,0,0,239,14502,6,4029,239,18531,California
San Luis Obispo,2021-01-25,2077,24666,606,12749,1471,11917,0,0,1245,14915,832,4861,1245,19776,California
San Luis Obispo,2021-01-26,2004,26670,705,13454,1299,13216,0,0,1136,15183,868,5729,1136,20912,California
San Luis Obispo,2021-01-27,1611,28281,284,13738,1327,14543,0,0,1152,15876,459,6188,1152,22064,California
San Luis Obispo,2021-01-28,1492,29773,343,14081,1149,15692,0,0,1231,16847,260,6448,1231,23295,California
San Luis Obispo,2021-01-29,1735,31508,681,14762,1054,16746,0,0,1451,18014,284,6732,1451,24746,California
San Luis Obispo,2021-01-30,37,31545,18,14780,19,16765,0,0,26,18030,10,6742,26,24772,California
San Luis Obispo,2021-01-31,28,31573,20,14800,8,16773,0,0,25,18052,3,6745,25,24797,California
San Luis Obispo,2021-02-01,1705,33278,739,15539,966,17739,0,0,1402,19152,302,7047,1402,26199,California
San Luis Obispo,2021-02-02,1895,35173,677,16216,1218,18957,0,0,1521,20299,374,7421,1521,27720,California
San Luis Obispo,2021-02-03,1707,36880,729,16945,978,19935,0,0,1294,21180,413,7834,1294,29014,California
San Luis Obispo,2021-02-04,1658,38538,801,17746,857,20792,0,0,1091,21704,567,8401,1091,30105,California
San Luis Obispo,2021-02-05,1603,40141,716,18462,887,21679,0,0,1058,22217,546,8947,1059,31164,California
San Luis Obispo,2021-02-06,159,40300,92,18554,67,21746,0,0,93,22244,66,9013,93,31257,California
San Luis Obispo,2021-02-07,144,40444,99,18653,45,21791,0,0,74,22249,70,9083,75,31332,California
San Luis Obispo,2021-02-08,858,41302,470,19123,388,22179,0,0,498,22388,359,9442,498,31830,California
San Luis Obispo,2021-02-09,1123,42425,449,19572,674,22853,0,0,542,22362,575,10017,549,32379,California
San Luis Obispo,2021-02-10,1432,43857,488,20060,944,23797,0,0,523,21982,906,10923,526,32905,California
San Luis Obispo,2021-02-11,1334,45191,847,20907,487,24284,0,0,656,21964,674,11597,656,33561,California
San Luis Obispo,2021-02-12,787,45978,363,21270,424,24708,0,0,418,22013,369,11966,418,33979,California
San Luis Obispo,2021-02-13,393,46371,127,21397,266,24974,0,0,285,22191,107,12073,285,34264,California
San Luis Obispo,2021-02-14,319,46690,41,21438,278,25252,0,0,282,22437,37,12110,283,34547,California
San Luis Obispo,2021-02-15,727,47417,137,21575,590,25842,0,0,471,22655,253,12363,471,35018,California
San Luis Obispo,2021-02-16,2965,50382,1198,22773,1767,27609,0,0,1361,22418,1598,13961,1361,36379,California
San Luis Obispo,2021-02-17,2777,53159,1238,24011,1539,29148,0,0,1029,21708,1739,15700,1029,37408,California
San Luis Obispo,2021-02-18,2824,55983,1457,25468,1367,30515,0,0,1133,21159,1683,17383,1134,38542,California
San Luis Obispo,2021-02-19,1457,57440,1336,26804,121,30636,0,0,1133,21969,323,17706,1133,39675,California
San Luis Obispo,2021-02-20,252,57692,81,26885,171,30807,0,0,215,22147,37,17743,215,39890,California
San Luis Obispo,2021-02-21,57,57749,53,26938,4,30811,0,0,32,22154,25,17768,32,39922,California
San Luis Obispo,2021-02-22,2410,60159,1863,28801,547,31358,0,0,1465,22675,945,18713,1466,41388,California
San Luis Obispo,2021-02-23,1858,62017,1743,30544,115,31473,0,0,1365,23549,492,19205,1366,42754,California
San Luis Obispo,2021-02-24,2645,64662,1301,31845,1344,32817,0,0,835,22577,1807,21012,835,43589,California
San Luis Obispo,2021-02-25,2131,66793,1243,33088,888,33705,0,0,1206,22866,918,21930,1207,44796,California
San Luis Obispo,2021-02-26,2647,69440,1151,34239,1496,35201,0,0,1327,22881,1312,23242,1327,46123,California
San Luis Obispo,2021-02-27,570,70010,344,34583,226,35427,0,0,523,23357,47,23289,523,46646,California
San Luis Obispo,2021-02-28,201,70211,74,34657,127,35554,0,0,162,23484,35,23324,162,46808,California
San Luis Obispo,2021-03-01,2972,73183,1849,36506,1121,36675,2,2,2046,24606,927,24251,2049,48857,California
San Luis Obispo,2021-03-02,3008,76191,1894,38400,1114,37789,0,2,1861,25325,1143,25394,1862,50719,California
San Luis Obispo,2021-03-03,2285,78476,338,38738,1947,39736,0,2,837,24722,1441,26835,838,51557,California
San Luis Obispo,2021-03-04,2192,80668,1160,39898,1032,40768,0,2,1179,24892,1011,27846,1181,52738,California
San Luis Obispo,2021-03-05,2300,82968,1021,40919,1209,41977,70,72,1296,25270,988,28834,1366,54104,California
San Luis Obispo,2021-03-06,836,83804,309,41228,420,42397,107,179,616,25767,220,29054,717,54821,California
San Luis Obispo,2021-03-07,203,84007,33,41261,86,42483,84,263,72,25796,128,29182,157,54978,California
San Luis Obispo,2021-03-08,2734,86741,759,42020,1660,44143,315,578,1542,26466,1188,30370,1858,56836,California
San Luis Obispo,2021-03-09,2948,89689,968,42988,1732,45875,248,826,1524,26818,1420,31790,1772,58608,California
San Luis Obispo,2021-03-10,3195,92884,1241,44229,1672,47547,282,1108,1818,27545,1373,33163,2100,60708,California
San Luis Obispo,2021-03-11,3296,96180,1273,45502,1700,49247,323,1431,1807,28195,1479,34642,2129,62837,California
San Luis Obispo,2021-03-12,3248,99428,1282,46784,1628,50875,338,1769,1617,28530,1623,36265,1958,64795,California
San Luis Obispo,2021-03-13,795,100223,263,47047,423,51298,109,1878,432,28708,362,36627,540,65335,California
San Luis Obispo,2021-03-14,514,100737,53,47100,350,51648,111,1989,134,28574,379,37006,245,65580,California
San Luis Obispo,2021-03-15,3057,103794,1097,48197,1862,53510,98,2087,1530,28680,1523,38529,1629,67209,California
San Luis Obispo,2021-03-16,2849,106643,1510,49707,1229,54739,110,2197,1437,28820,1406,39935,1546,68755,California
San Luis Obispo,2021-03-17,3424,110067,1448,51155,1715,56454,261,2458,1978,29623,1435,41370,2238,70993,California
San Luis Obispo,2021-03-18,2813,112880,1448,52603,1151,57605,214,2672,1339,29706,1469,42839,1552,72545,California
San Luis Obispo,2021-03-19,2588,115468,1565,54168,702,58307,321,2993,957,29363,1623,44462,1280,73825,California
San Luis Obispo,2021-03-20,834,116302,496,54664,301,58608,37,3030,383,29333,450,44912,420,74245,California
San Luis Obispo,2021-03-21,187,116489,45,54709,139,58747,3,3033,157,29464,29,44941,160,74405,California
San Luis Obispo,2021-03-22,2690,119179,1169,55878,1473,60220,48,3081,1868,30563,817,45758,1916,76321,California
San Luis Obispo,2021-03-23,3377,122556,2210,58088,1136,61356,31,3112,2266,31754,1106,46864,2297,78618,California
San Luis Obispo,2021-03-24,3516,126072,2138,60226,1293,62649,85,3197,2620,33567,891,47755,2704,81322,California
San Luis Obispo,2021-03-25,3677,129749,2294,62520,1371,64020,12,3209,2637,35180,1035,48790,2648,83970,California
San Luis Obispo,2021-03-26,3181,132930,1759,64279,990,65010,432,3641,1781,35999,1394,50184,2213,86183,California
San Luis Obispo,2021-03-27,993,133923,507,64786,394,65404,92,3733,452,36004,539,50723,544,86727,California
San Luis Obispo,2021-03-28,444,134367,152,64938,236,65640,56,3789,243,36103,200,50923,299,87026,California
San Luis Obispo,2021-03-29,2580,136947,1278,66216,1169,66809,133,3922,1647,36964,919,51842,1780,88806,California
San Luis Obispo,2021-03-30,3502,140449,1910,68126,1450,68259,142,4064,2332,38272,1164,53006,2472,91278,California
San Luis Obispo,2021-03-31,3875,144324,2463,70589,1265,69524,147,4211,2501,39555,1364,54370,2647,93925,California
San Luis Obispo,2021-04-01,3849,148173,2428,73017,1303,70827,118,4329,2697,41235,1139,55509,2819,96744,California
San Luis Obispo,2021-04-02,1745,149918,687,73704,745,71572,313,4642,944,41691,799,56308,1255,97999,California
San Luis Obispo,2021-04-03,1110,151028,558,74262,425,71997,127,4769,492,41696,614,56922,619,98618,California
San Luis Obispo,2021-04-04,383,151411,131,74393,212,72209,40,4809,236,41825,147,57069,276,98894,California
San Luis Obispo,2021-04-05,3609,155020,1946,76339,1552,73761,111,4920,2023,42376,1583,58652,2134,101028,California
San Luis Obispo,2021-04-06,4028,159048,2146,78485,1558,75319,324,5244,1930,42543,2090,60742,2257,103285,California
San Luis Obispo,2021-04-07,4285,163333,2337,80822,1585,76904,363,5607,2451,43535,1820,62562,2812,106097,California
San Luis Obispo,2021-04-08,4026,167359,2192,83014,1432,78336,402,6009,2150,44218,1869,64431,2552,108649,California
San Luis Obispo,2021-04-09,3644,171003,1734,84748,1155,79491,755,6764,1497,44327,2138,66569,2247,110896,California
San Luis Obispo,2021-04-10,1572,172575,557,85305,351,79842,664,7428,483,44383,1089,67658,1145,112041,California
San Luis Obispo,2021-04-11,313,172888,64,85369,186,80028,63,7491,126,44387,185,67843,189,112230,California
San Luis Obispo,2021-04-12,3374,176262,1698,87067,1512,81540,164,7655,1412,44000,1962,69805,1575,113805,California
San Luis Obispo,2021-04-13,3638,179900,2095,89162,1542,83082,1,7656,1965,44297,1670,71475,1967,115772,California
San Luis Obispo,2021-04-14,2857,182757,1688,90850,1166,84248,3,7659,1665,44782,1180,72655,1665,117437,California
San Luis Obispo,2021-04-15,3687,186444,2398,93248,1288,85536,1,7660,1970,45056,1698,74353,1972,119409,California
San Luis Obispo,2021-04-16,3620,190064,2201,95449,1415,86951,4,7664,1802,45047,1813,76166,1804,121213,California
San Luis Obispo,2021-04-17,1098,191162,433,95882,663,87614,2,7666,716,45384,381,76547,718,121931,California
San Luis Obispo,2021-04-18,321,191483,100,95982,220,87834,1,7667,111,45288,207,76754,111,122042,California
San Luis Obispo,2021-04-19,3130,194613,1286,97268,1806,89640,38,7705,1144,44488,1982,78736,1182,123224,California
San Luis Obispo,2021-04-20,3512,198125,1936,99204,1576,91216,0,7705,1326,43641,2173,80909,1326,124550,California
San Luis Obispo,2021-04-21,3906,202031,1796,101000,2110,93326,0,7705,1605,42966,2280,83189,1605,126155,California
San Luis Obispo,2021-04-22,4577,206608,2058,103058,2519,95845,0,7705,1460,41326,3102,86291,1462,127617,California
San Luis Obispo,2021-04-23,1465,208073,849,103907,612,96457,4,7709,702,41282,757,87048,713,128330,California
San Luis Obispo,2021-04-24,1080,209153,442,104349,619,97076,19,7728,494,41214,581,87629,513,128843,California
San Luis Obispo,2021-04-25,347,209500,164,104513,183,97259,0,7728,115,41098,231,87860,115,128958,California
San Luis Obispo,2021-04-26,968,210468,341,104854,610,97869,17,7745,363,40884,593,88453,379,129337,California
San Luis Obispo,2021-04-27,3693,214161,1911,106765,1713,99582,69,7814,1429,40125,2257,90710,1498,130835,California
San Luis Obispo,2021-04-28,3727,217888,2088,108853,1567,101149,72,7886,1287,39057,2427,93137,1359,132194,California
San Luis Obispo,2021-04-29,3657,221545,2110,110963,1477,102626,70,7956,1211,37909,2432,95569,1284,133478,California
San Luis Obispo,2021-04-30,2963,224508,1660,112623,1230,103856,73,8029,928,36889,2021,97590,1001,134479,California
San Luis Obispo,2021-05-01,467,224975,158,112781,273,104129,36,8065,97,36655,366,97956,132,134611,California
San Luis Obispo,2021-05-02,169,225144,52,112833,97,104226,20,8085,42,36590,127,98083,62,134673,California
San Luis Obispo,2021-05-03,886,226030,289,113122,494,104720,103,8188,225,36256,660,98743,326,134999,California
San Luis Obispo,2021-05-04,2925,228955,1897,115019,964,105684,64,8252,867,35134,2051,100794,929,135928,California
San Luis Obispo,2021-05-05,2804,231759,1851,116870,886,106570,67,8319,694,33797,2099,102893,762,136690,California
San Luis Obispo,2021-05-06,2787,234546,1886,118756,849,107419,52,8371,729,32535,2043,104936,781,137471,California
San Luis Obispo,2021-05-07,2306,236852,1750,120506,495,107914,61,8432,608,31527,1678,106614,670,138141,California
San Luis Obispo,2021-05-08,568,237420,335,120841,209,108123,24,8456,191,31383,359,106973,215,138356,California
San Luis Obispo,2021-05-09,164,237584,41,120882,104,108227,19,8475,46,31331,117,107090,65,138421,California
San Luis Obispo,2021-05-10,717,238301,150,121032,520,108747,47,8522,154,30973,558,107648,200,138621,California
San Luis Obispo,2021-05-11,1167,239468,596,121628,501,109248,70,8592,360,30600,803,108451,430,139051,California
San Luis Obispo,2021-05-12,2348,241816,1570,123198,695,109943,83,8675,682,29714,1651,110102,765,139816,California
San Luis Obispo,2021-05-13,1018,242834,635,123833,324,110267,59,8734,427,29611,588,110690,485,140301,California
San Luis Obispo,2021-05-14,2194,245028,1620,125453,532,110799,42,8776,938,29351,1240,111930,980,141281,California
San Luis Obispo,2021-05-15,978,246006,451,125904,495,111294,32,8808,454,29317,521,112451,487,141768,California
San Luis Obispo,2021-05-16,306,246312,167,126071,132,111426,7,8815,171,29362,133,112584,178,141946,California
San Luis Obispo,2021-05-17,1683,247995,983,127054,647,112073,53,8868,683,29107,991,113575,736,142682,California
San Luis Obispo,2021-05-18,1857,249852,1141,128195,684,112757,32,8900,725,28736,1129,114704,758,143440,California
San Luis Obispo,2021-05-19,1377,251229,601,128796,728,113485,48,8948,382,28175,990,115694,429,143869,California
San Luis Obispo,2021-05-20,264,251493,23,128819,234,113719,7,8955,52,28028,206,115900,59,143928,California
San Mateo,2020-12-15,26,26,26,26,0,0,0,0,26,26,0,0,26,26,California
San Mateo,2020-12-16,111,137,111,137,0,0,0,0,111,137,0,0,111,137,California
San Mateo,2020-12-17,165,302,165,302,0,0,0,0,165,302,0,0,165,302,California
San Mateo,2020-12-18,743,1045,741,1043,2,2,0,0,743,1045,0,0,743,1045,California
San Mateo,2020-12-19,518,1563,518,1561,0,2,0,0,518,1563,0,0,518,1563,California
San Mateo,2020-12-20,510,2073,509,2070,1,3,0,0,510,2073,0,0,510,2073,California
San Mateo,2020-12-21,1156,3229,1156,3226,0,3,0,0,1156,3229,0,0,1156,3229,California
San Mateo,2020-12-22,1526,4755,1519,4745,7,10,0,0,1526,4755,0,0,1526,4755,California
San Mateo,2020-12-23,1576,6331,1387,6132,189,199,0,0,1576,6331,0,0,1576,6331,California
San Mateo,2020-12-24,868,7199,611,6743,257,456,0,0,868,7199,0,0,868,7199,California
San Mateo,2020-12-25,115,7314,111,6854,4,460,0,0,115,7314,0,0,115,7314,California
San Mateo,2020-12-26,561,7875,418,7272,143,603,0,0,561,7875,0,0,561,7875,California
San Mateo,2020-12-27,307,8182,176,7448,131,734,0,0,307,8182,0,0,307,8182,California
San Mateo,2020-12-28,1054,9236,707,8155,347,1081,0,0,1054,9236,0,0,1054,9236,California
San Mateo,2020-12-29,1130,10366,705,8860,425,1506,0,0,1130,10366,0,0,1130,10366,California
San Mateo,2020-12-30,1266,11632,760,9620,506,2012,0,0,1266,11632,0,0,1266,11632,California
San Mateo,2020-12-31,716,12348,231,9851,485,2497,0,0,715,12346,1,1,715,12347,California
San Mateo,2021-01-01,80,12428,55,9906,25,2522,0,0,80,12426,0,1,80,12427,California
San Mateo,2021-01-02,401,12829,271,10177,130,2652,0,0,401,12827,0,1,401,12828,California
San Mateo,2021-01-03,284,13113,209,10386,75,2727,0,0,281,13105,3,4,281,13109,California
San Mateo,2021-01-04,1053,14166,680,11066,373,3100,0,0,1053,14158,0,4,1053,14162,California
San Mateo,2021-01-05,1207,15373,710,11776,497,3597,0,0,1177,15306,30,34,1178,15340,California
San Mateo,2021-01-06,1454,16827,955,12731,499,4096,0,0,1270,16396,181,215,1271,16611,California
San Mateo,2021-01-07,1457,18284,811,13542,646,4742,0,0,1167,17281,283,498,1168,17779,California
San Mateo,2021-01-08,1843,20127,1193,14735,650,5392,0,0,1144,17734,692,1190,1145,18924,California
San Mateo,2021-01-09,1183,21310,779,15514,404,5796,0,0,722,17995,461,1651,722,19646,California
San Mateo,2021-01-10,706,22016,577,16091,129,5925,0,0,267,17823,439,2090,267,19913,California
San Mateo,2021-01-11,2594,24610,1487,17578,1107,7032,0,0,1525,18280,1070,3160,1527,21440,California
San Mateo,2021-01-12,3287,27897,1780,19358,1507,8539,0,0,2101,19200,1184,4344,2104,23544,California
San Mateo,2021-01-13,3490,31387,1756,21114,1734,10273,0,0,2454,20621,1036,5380,2457,26001,California
San Mateo,2021-01-14,3780,35167,1587,22701,2193,12466,0,0,3092,23030,688,6068,3097,29098,California
San Mateo,2021-01-15,4328,39495,1708,24409,2620,15086,0,0,3799,26304,527,6595,3801,32899,California
San Mateo,2021-01-16,3087,42582,778,25187,2309,17395,0,0,2767,28751,320,6915,2767,35666,California
San Mateo,2021-01-17,1313,43895,310,25497,1003,18398,0,0,1103,29644,210,7125,1103,36769,California
San Mateo,2021-01-18,1366,45261,535,26032,831,19229,0,0,992,30268,371,7496,995,37764,California
San Mateo,2021-01-19,2801,48062,1790,27822,1011,20240,0,0,2007,31484,791,8287,2007,39771,California
San Mateo,2021-01-20,2804,50866,1547,29369,1257,21497,0,0,1960,32604,841,9128,1961,41732,California
San Mateo,2021-01-21,2865,53731,1310,30679,1555,23052,0,0,2272,34288,591,9719,2275,44007,California
San Mateo,2021-01-22,2801,56532,1139,31818,1662,24714,0,0,2501,36492,298,10017,2502,46509,California
San Mateo,2021-01-23,2888,59420,1692,33510,1196,25910,0,0,2522,38649,366,10383,2523,49032,California
San Mateo,2021-01-24,1522,60942,376,33886,1146,27056,0,0,1209,39547,312,10695,1210,50242,California
San Mateo,2021-01-25,4433,65375,3149,37035,1284,28340,0,0,3535,42189,896,11591,3538,53780,California
San Mateo,2021-01-26,4296,69671,2980,40015,1316,29656,0,0,3388,44671,907,12498,3389,57169,California
San Mateo,2021-01-27,2796,72467,1476,41491,1320,30976,0,0,1797,45477,992,13490,1798,58967,California
San Mateo,2021-01-28,2808,75275,1357,42848,1451,32427,0,0,1954,46592,839,14329,1954,60921,California
San Mateo,2021-01-29,2989,78264,1343,44191,1646,34073,0,0,2152,47913,834,15163,2155,63076,California
San Mateo,2021-01-30,3379,81643,1479,45670,1900,35973,0,0,2921,50378,457,15620,2922,65998,California
San Mateo,2021-01-31,1682,83325,898,46568,784,36757,0,0,1519,51736,161,15781,1519,67517,California
San Mateo,2021-02-01,2936,86261,1348,47916,1588,38345,0,0,2227,53259,705,16486,2228,69745,California
San Mateo,2021-02-02,3185,89446,1735,49651,1450,39795,0,0,2162,54401,1020,17506,2162,71907,California
San Mateo,2021-02-03,4890,94336,1955,51606,2935,42730,0,0,3836,57187,1051,18557,3837,75744,California
San Mateo,2021-02-04,6302,100638,2594,54200,3708,46438,0,0,4940,60774,1356,19913,4943,80687,California
San Mateo,2021-02-05,6800,107438,2551,56751,4249,50687,0,0,4974,63939,1809,21722,4974,85661,California
San Mateo,2021-02-06,3289,110727,1921,58672,1368,52055,0,0,2622,65897,666,22388,2624,88285,California
San Mateo,2021-02-07,1903,112630,1349,60021,554,52609,0,0,1711,67416,192,22580,1711,89996,California
San Mateo,2021-02-08,5284,117914,2251,62272,3033,55642,0,0,3110,68417,2109,24689,3110,93106,California
San Mateo,2021-02-09,6195,124109,3230,65502,2965,58607,0,0,3342,68912,2847,27536,3342,96448,California
San Mateo,2021-02-10,6499,130608,3272,68774,3227,61834,0,0,3422,69266,3068,30604,3422,99870,California
San Mateo,2021-02-11,7069,137677,3588,72362,3481,65315,0,0,3798,69805,3262,33866,3801,103671,California
San Mateo,2021-02-12,6633,144310,2961,75323,3672,68987,0,0,4707,72590,1924,35790,4709,108380,California
San Mateo,2021-02-13,6118,150428,4014,79337,2104,71091,0,0,2646,71769,3467,39257,2646,111026,California
San Mateo,2021-02-14,4640,155068,3024,82361,1616,72707,0,0,1989,71115,2644,41901,1990,113016,California
San Mateo,2021-02-15,3167,158235,1459,83820,1708,74415,0,0,1786,71526,1376,43277,1787,114803,California
San Mateo,2021-02-16,7156,165391,1880,85700,5276,79691,0,0,5286,74945,1869,45146,5288,120091,California
San Mateo,2021-02-17,7074,172465,1951,87651,5123,84814,0,0,5066,78011,2002,47148,5068,125159,California
San Mateo,2021-02-18,6709,179174,4638,92289,2071,86885,0,0,4447,80212,2249,49397,4450,129609,California
San Mateo,2021-02-19,7820,186994,5619,97908,2201,89086,0,0,5821,84041,1992,51389,5821,135430,California
San Mateo,2021-02-20,3737,190731,2421,100329,1316,90402,0,0,2307,84925,1423,52812,2307,137737,California
San Mateo,2021-02-21,2605,193336,1761,102090,844,91246,0,0,1556,85438,1043,53855,1556,139293,California
San Mateo,2021-02-22,4438,197774,3216,105306,1222,92468,0,0,2797,86601,1635,55490,2798,142091,California
San Mateo,2021-02-23,4352,202126,3106,108412,1246,93714,0,0,2542,87342,1801,57291,2542,144633,California
San Mateo,2021-02-24,7312,209438,3287,111699,4025,97739,0,0,4879,89794,2428,59719,4880,149513,California
San Mateo,2021-02-25,9105,218543,4026,115725,5079,102818,0,0,6028,92761,3061,62780,6028,155541,California
San Mateo,2021-02-26,9782,228325,3728,119453,6054,108872,0,0,6852,96703,2914,65694,6856,162397,California
San Mateo,2021-02-27,6767,235092,3497,122950,3269,112141,1,1,3690,97328,3071,68765,3696,166093,California
San Mateo,2021-02-28,4135,239227,2517,125467,1618,113759,0,1,2561,98322,1568,70333,2562,168655,California
San Mateo,2021-03-01,5742,244969,3618,129085,2122,115881,2,3,2857,98309,2872,73205,2859,171514,California
San Mateo,2021-03-02,6266,251235,4451,133536,1814,117695,1,4,3633,99319,2625,75830,3635,175149,California
San Mateo,2021-03-03,8466,259701,3997,137533,4467,122162,2,6,3663,98195,4790,80620,3666,178815,California
San Mateo,2021-03-04,8486,268187,3990,141523,4493,126655,3,9,3834,97402,4632,85252,3839,182654,California
San Mateo,2021-03-05,9354,277541,6239,147762,3111,129766,4,13,6575,101225,2759,88011,6582,189236,California
San Mateo,2021-03-06,7970,285511,5554,153316,2240,132006,176,189,5848,105135,2113,90124,6023,195259,California
San Mateo,2021-03-07,3608,289119,2445,155761,1095,133101,68,257,2133,105865,1471,91595,2201,197460,California
San Mateo,2021-03-08,4551,293670,2577,158338,1754,134855,220,477,3324,108188,1220,92815,3543,201003,California
San Mateo,2021-03-09,5309,298979,2871,161209,2162,137017,276,753,3712,110586,1587,94402,3985,204988,California
San Mateo,2021-03-10,7184,306163,2904,164113,3993,141010,287,1040,4803,113309,2366,96768,5089,210077,California
San Mateo,2021-03-11,9163,315326,5761,169874,3009,144019,393,1433,3729,112026,5404,102172,4121,214198,California
San Mateo,2021-03-12,10608,325934,6695,176569,3525,147544,388,1821,3558,108943,7029,109201,3946,218144,California
San Mateo,2021-03-13,8193,334127,3503,180072,3061,150605,1629,3450,3960,110302,4221,113422,5580,223724,California
San Mateo,2021-03-14,5006,339133,3374,183446,1525,152130,107,3557,2674,110758,2324,115746,2780,226504,California
San Mateo,2021-03-15,7212,346345,4663,188109,2373,154503,176,3733,3807,111343,3399,119145,3984,230488,California
San Mateo,2021-03-16,11956,358301,4404,192513,7429,161932,123,3856,4832,109192,7108,126253,4957,235445,California
San Mateo,2021-03-17,10862,369163,4424,196937,6312,168244,126,3982,4907,108300,5929,132182,5037,240482,California
San Mateo,2021-03-18,7312,376475,4108,201045,3021,171265,183,4165,4341,109857,2965,135147,4522,245004,California
San Mateo,2021-03-19,7451,383926,4804,205849,1978,173243,669,4834,3639,110363,3802,138949,4308,249312,California
San Mateo,2021-03-20,8301,392227,6441,212290,1524,174767,336,5170,5374,113160,2912,141861,5709,255021,California
San Mateo,2021-03-21,4166,396393,3132,215422,802,175569,232,5402,2342,113918,1813,143674,2571,257592,California
San Mateo,2021-03-22,5228,401621,3548,218970,1262,176831,418,5820,2814,114750,2401,146075,3233,260825,California
San Mateo,2021-03-23,9788,411409,4454,223424,5138,181969,196,6016,4398,113983,5360,151435,4593,265418,California
San Mateo,2021-03-24,9454,420863,5453,228877,3860,185829,141,6157,4066,112874,5316,156751,4207,269625,California
San Mateo,2021-03-25,10032,430895,4891,233768,4873,190702,268,6425,4412,112040,5518,162269,4684,274309,California
San Mateo,2021-03-26,11170,442065,7672,241440,3332,194034,166,6591,4315,109707,6817,169086,4484,278793,California
San Mateo,2021-03-27,10449,452514,7972,249412,2371,196405,106,6697,4614,108611,5816,174902,4720,283513,California
San Mateo,2021-03-28,4214,456728,2699,252111,1403,197808,112,6809,1995,108509,2210,177112,2108,285621,California
San Mateo,2021-03-29,6025,462753,3748,255859,2024,199832,253,7062,2763,108282,3243,180355,3016,288637,California
San Mateo,2021-03-30,7096,469849,4025,259884,2916,202748,155,7217,3851,109059,3230,183585,4007,292644,California
San Mateo,2021-03-31,7231,477080,4558,264442,2534,205282,139,7356,3846,109680,3368,186953,3989,296633,California
San Mateo,2021-04-01,10474,487554,5142,269584,4146,209428,1186,8542,5624,111689,4807,191760,6816,303449,California
San Mateo,2021-04-02,10716,498270,5107,274691,4040,213468,1569,10111,5622,113807,5074,196834,7192,310641,California
San Mateo,2021-04-03,9738,508008,5528,280219,2467,215935,1743,11854,4918,115659,4812,201646,6664,317305,California
San Mateo,2021-04-04,5442,513450,2624,282843,1567,217502,1251,13105,1704,114891,3723,205369,2955,320260,California
San Mateo,2021-04-05,8979,522429,4786,287629,2457,219959,1736,14841,3817,115297,5146,210515,5552,325812,California
San Mateo,2021-04-06,13184,535613,8248,295877,3080,223039,1856,16697,7511,119017,5660,216175,9380,335192,California
San Mateo,2021-04-07,11395,547008,5271,301148,4442,227481,1682,18379,4835,118988,6539,222714,6510,341702,California
San Mateo,2021-04-08,10106,557114,5042,306190,2477,229958,2587,20966,4472,120417,5618,228332,7047,348749,California
San Mateo,2021-04-09,11267,568381,5481,311671,3309,233267,2477,23443,5052,121725,6213,234545,7521,356270,California
San Mateo,2021-04-10,11170,579551,5676,317347,4067,237334,1427,24870,4633,121269,6512,241057,6056,362326,California
San Mateo,2021-04-11,6611,586162,3288,320635,873,238207,2450,27320,2331,121772,4273,245330,4776,367102,California
San Mateo,2021-04-12,7313,593475,4473,325108,1879,240086,961,28281,3552,122546,3739,249069,4513,371615,California
San Mateo,2021-04-13,8146,601621,5087,330195,3050,243136,9,28290,4320,123058,3819,252888,4331,375946,California
San Mateo,2021-04-14,8314,609935,5369,335564,2944,246080,1,28291,4277,123320,4022,256910,4284,380230,California
San Mateo,2021-04-15,11078,621013,7367,342931,3709,249789,2,28293,7266,126800,3789,260699,7269,387499,California
San Mateo,2021-04-16,9948,630961,6858,349789,3074,252863,16,28309,6330,129550,3601,264300,6351,393850,California
San Mateo,2021-04-17,9671,640632,6441,356230,3227,256090,3,28312,6144,132183,3518,267818,6151,400001,California
San Mateo,2021-04-18,5412,646044,2598,358828,2814,258904,0,28312,3661,134109,1741,269559,3667,403668,California
San Mateo,2021-04-19,8356,654400,5443,364271,2913,261817,0,28312,5423,136619,2922,272481,5432,409100,California
San Mateo,2021-04-20,10247,664647,5704,369975,4542,266359,1,28313,6582,139566,3646,276127,6593,415693,California
San Mateo,2021-04-21,9008,673655,6105,376080,2903,269262,0,28313,5583,141747,3409,279536,5590,421283,California
San Mateo,2021-04-22,9593,683248,6421,382501,3171,272433,1,28314,5346,142883,4216,283752,5352,426635,California
San Mateo,2021-04-23,9461,692709,6228,388729,3233,275666,0,28314,5319,144099,4118,287870,5334,431969,California
San Mateo,2021-04-24,11229,703938,8024,396753,3205,278871,0,28314,6049,144999,5157,293027,6057,438026,California
San Mateo,2021-04-25,5526,709464,3868,400621,1656,280527,2,28316,3920,147337,1593,294620,3931,441957,California
San Mateo,2021-04-26,6324,715788,4634,405255,1682,282209,8,28324,3655,148350,2661,297281,3674,445631,California
San Mateo,2021-04-27,10980,726768,7808,413063,3067,285276,105,28429,4423,146351,6531,303812,4532,450163,California
San Mateo,2021-04-28,7666,734434,4427,417490,3035,288311,204,28633,4013,146927,3645,307457,4221,454384,California
San Mateo,2021-04-29,7925,742359,3715,421205,4035,292346,175,28808,3507,146228,4392,311849,3693,458077,California
San Mateo,2021-04-30,8080,750439,5071,426276,2856,295202,153,28961,3425,145185,4634,316483,3591,461668,California
San Mateo,2021-05-01,6148,756587,4116,430392,1913,297115,119,29080,2654,144489,3480,319963,2784,464452,California
San Mateo,2021-05-02,3171,759758,1741,432133,1359,298474,71,29151,1145,143691,2018,321981,1220,465672,California
San Mateo,2021-05-03,6045,765803,4527,436660,1374,299848,144,29295,1906,141610,4131,326112,2050,467722,California
San Mateo,2021-05-04,7234,773037,4897,441557,2165,302013,172,29467,2456,139488,4762,330874,2640,470362,California
San Mateo,2021-05-05,6853,779890,4480,446037,2211,304224,162,29629,2463,137753,4362,335236,2627,472989,California
San Mateo,2021-05-06,8506,788396,6648,452685,1684,305908,174,29803,1739,132922,6749,341985,1918,474907,California
San Mateo,2021-05-07,8192,796588,5858,458543,2051,307959,283,30086,1838,128730,6324,348309,2132,477039,California
San Mateo,2021-05-08,6651,803239,4034,462577,2379,310338,238,30324,1831,125997,4807,353116,2074,479113,California
San Mateo,2021-05-09,3118,806357,2434,465011,611,310949,73,30397,1063,125085,2049,355165,1137,480250,California
San Mateo,2021-05-10,4613,810970,3321,468332,1122,312071,170,30567,773,122205,3831,358996,951,481201,California
San Mateo,2021-05-11,6482,817452,4868,473200,1500,313571,114,30681,1652,119160,4814,363810,1769,482970,California
San Mateo,2021-05-12,6379,823831,4615,477815,1579,315150,185,30866,1513,116007,4854,368664,1701,484671,California
San Mateo,2021-05-13,8976,832807,6741,484556,2144,317294,91,30957,3348,113852,5599,374263,3444,488115,California
San Mateo,2021-05-14,8335,841142,6165,490721,2068,319362,102,31059,2720,111083,5602,379865,2833,490948,California
San Mateo,2021-05-15,10257,851399,8017,498738,2143,321505,97,31156,4471,109905,5768,385633,4590,495538,California
San Mateo,2021-05-16,7033,858432,5009,503747,1959,323464,65,31221,2113,107179,4906,390539,2180,497718,California
San Mateo,2021-05-17,7006,865438,4979,508726,1921,325385,106,31327,2204,104705,4787,395326,2313,500031,California
San Mateo,2021-05-18,8111,873549,5530,514256,2488,327873,93,31420,2893,102604,5093,400419,2992,503023,California
San Mateo,2021-05-19,7198,880747,5246,519502,1829,329702,123,31543,3152,101867,4014,404433,3277,506300,California
San Mateo,2021-05-20,2741,883488,1390,520892,1296,330998,55,31598,991,101172,1741,406174,1046,507346,California
Santa Barbara,2020-12-15,2,2,2,2,0,0,0,0,2,2,0,0,2,2,California
Santa Barbara,2020-12-16,2,4,2,4,0,0,0,0,2,4,0,0,2,4,California
Santa Barbara,2020-12-17,56,60,56,60,0,0,0,0,56,60,0,0,56,60,California
Santa Barbara,2020-12-18,378,438,377,437,1,1,0,0,378,438,0,0,378,438,California
Santa Barbara,2020-12-19,325,763,325,762,0,1,0,0,325,763,0,0,325,763,California
Santa Barbara,2020-12-20,235,998,235,997,0,1,0,0,235,998,0,0,235,998,California
Santa Barbara,2020-12-21,652,1650,650,1647,2,3,0,0,652,1650,0,0,652,1650,California
Santa Barbara,2020-12-22,245,1895,243,1890,2,5,0,0,245,1895,0,0,245,1895,California
Santa Barbara,2020-12-23,321,2216,203,2093,118,123,0,0,321,2216,0,0,321,2216,California
Santa Barbara,2020-12-24,88,2304,40,2133,48,171,0,0,88,2304,0,0,88,2304,California
Santa Barbara,2020-12-26,326,2630,66,2199,260,431,0,0,326,2630,0,0,326,2630,California
Santa Barbara,2020-12-27,62,2692,1,2200,61,492,0,0,62,2692,0,0,62,2692,California
Santa Barbara,2020-12-28,356,3048,223,2423,133,625,0,0,356,3048,0,0,356,3048,California
Santa Barbara,2020-12-29,555,3603,361,2784,194,819,0,0,555,3603,0,0,555,3603,California
Santa Barbara,2020-12-30,585,4188,403,3187,182,1001,0,0,585,4188,0,0,585,4188,California
Santa Barbara,2020-12-31,240,4428,114,3301,126,1127,0,0,240,4428,0,0,240,4428,California
Santa Barbara,2021-01-01,114,4542,109,3410,5,1132,0,0,114,4542,0,0,114,4542,California
Santa Barbara,2021-01-02,591,5133,225,3635,366,1498,0,0,591,5133,0,0,591,5133,California
Santa Barbara,2021-01-03,23,5156,15,3650,8,1506,0,0,23,5156,0,0,23,5156,California
Santa Barbara,2021-01-04,310,5466,247,3897,63,1569,0,0,309,5465,0,0,309,5465,California
Santa Barbara,2021-01-05,754,6220,381,4278,373,1942,0,0,727,6165,27,27,727,6192,California
Santa Barbara,2021-01-06,656,6876,276,4554,380,2322,0,0,595,6700,60,87,595,6787,California
Santa Barbara,2021-01-07,1033,7909,711,5265,322,2644,0,0,527,6725,502,589,527,7314,California
Santa Barbara,2021-01-08,1203,9112,843,6108,360,3004,0,0,710,6942,493,1082,710,8024,California
Santa Barbara,2021-01-09,566,9678,293,6401,273,3277,0,0,320,7016,246,1328,320,8344,California
Santa Barbara,2021-01-10,62,9740,50,6451,12,3289,0,0,46,7046,16,1344,46,8390,California
Santa Barbara,2021-01-11,839,10579,670,7121,169,3458,0,0,616,7440,222,1566,616,9006,California
Santa Barbara,2021-01-12,1429,12008,635,7756,794,4252,0,0,1272,8555,157,1723,1272,10278,California
Santa Barbara,2021-01-13,1229,13237,281,8037,948,5200,0,0,1102,9530,127,1850,1102,11380,California
Santa Barbara,2021-01-14,1250,14487,133,8170,1117,6317,0,0,1195,10672,54,1904,1196,12576,California
Santa Barbara,2021-01-15,1802,16289,421,8591,1381,7698,0,0,1721,12313,80,1984,1721,14297,California
Santa Barbara,2021-01-16,1272,17561,202,8793,1070,8768,0,0,1233,13508,38,2022,1233,15530,California
Santa Barbara,2021-01-17,123,17684,20,8813,103,8871,0,0,120,13625,3,2025,120,15650,California
Santa Barbara,2021-01-18,1151,18835,417,9230,734,9605,0,0,966,14406,185,2210,966,16616,California
Santa Barbara,2021-01-19,1639,20474,570,9800,1069,10674,0,0,1359,15486,279,2489,1359,17975,California
Santa Barbara,2021-01-20,2096,22570,545,10345,1551,12225,0,0,1736,16863,359,2848,1736,19711,California
Santa Barbara,2021-01-21,3090,25660,1819,12164,1271,13496,0,0,2931,19636,159,3007,2932,22643,California
Santa Barbara,2021-01-22,3020,28680,1865,14029,1155,14651,0,0,2856,22332,161,3168,2857,25500,California
Santa Barbara,2021-01-23,1734,30414,1106,15135,628,15279,0,0,1222,23043,511,3679,1222,26722,California
Santa Barbara,2021-01-24,844,31258,752,15887,92,15371,0,0,835,23869,9,3688,835,27557,California
Santa Barbara,2021-01-25,1245,32503,501,16388,744,16115,0,0,1005,24634,240,3928,1005,28562,California
Santa Barbara,2021-01-26,2051,34554,468,16856,1583,17698,0,0,1664,25913,385,4313,1664,30226,California
Santa Barbara,2021-01-27,1163,35717,400,17256,763,18461,0,0,901,26555,261,4574,903,31129,California
Santa Barbara,2021-01-28,895,36612,298,17554,597,19058,0,0,680,27023,212,4786,680,31809,California
Santa Barbara,2021-01-29,1334,37946,537,18091,797,19855,0,0,980,27654,351,5137,982,32791,California
Santa Barbara,2021-01-30,1892,39838,1420,19511,472,20327,0,0,1488,28741,401,5538,1488,34279,California
Santa Barbara,2021-01-31,1454,41292,1216,20727,238,20565,0,0,1415,30117,39,5577,1415,35694,California
Santa Barbara,2021-02-01,947,42239,522,21249,425,20990,0,0,559,30288,388,5965,559,36253,California
Santa Barbara,2021-02-02,1829,44068,701,21950,1128,22118,0,0,1052,30566,774,6739,1052,37305,California
Santa Barbara,2021-02-03,1941,46009,1077,23027,864,22982,0,0,1498,31631,433,7172,1498,38803,California
Santa Barbara,2021-02-04,2779,48788,1865,24892,914,23896,0,0,2482,33822,291,7463,2482,41285,California
Santa Barbara,2021-02-05,2904,51692,2060,26952,844,24740,0,0,2260,35440,642,8105,2260,43545,California
Santa Barbara,2021-02-06,1205,52897,339,27291,866,25606,0,0,794,35823,411,8516,794,44339,California
Santa Barbara,2021-02-07,301,53198,263,27554,38,25644,0,0,266,36055,34,8550,266,44605,California
Santa Barbara,2021-02-08,956,54154,311,27865,645,26289,0,0,668,36435,288,8838,668,45273,California
Santa Barbara,2021-02-09,2438,56592,313,28178,2125,28414,0,0,1118,36244,1309,10147,1118,46391,California
Santa Barbara,2021-02-10,2764,59356,1497,29675,1267,29681,0,0,782,35053,1973,12120,782,47173,California
Santa Barbara,2021-02-11,4187,63543,2809,32484,1378,31059,0,0,624,32123,3554,15674,624,47797,California
Santa Barbara,2021-02-12,3308,66851,949,33433,2359,33418,0,0,774,30369,2528,18202,774,48571,California
Santa Barbara,2021-02-13,1235,68086,341,33774,894,34312,0,0,561,30260,670,18872,561,49132,California
Santa Barbara,2021-02-14,331,68417,34,33808,297,34609,0,0,285,30499,46,18918,285,49417,California
Santa Barbara,2021-02-15,968,69385,339,34147,629,35238,0,0,492,30520,471,19389,492,49909,California
Santa Barbara,2021-02-16,2109,71494,396,34543,1713,36951,0,0,717,29849,1388,20777,717,50626,California
Santa Barbara,2021-02-17,1437,72931,321,34864,1116,38067,0,0,522,29459,912,21689,522,51148,California
Santa Barbara,2021-02-18,3256,76187,2648,37512,608,38675,0,0,1518,29275,1702,23391,1518,52666,California
Santa Barbara,2021-02-19,3597,79784,2643,40155,954,39629,0,0,2331,30343,1263,24654,2331,54997,California
Santa Barbara,2021-02-20,2224,82008,1438,41593,786,40415,0,0,1668,31464,547,25201,1668,56665,California
Santa Barbara,2021-02-21,133,82141,104,41697,29,40444,0,0,59,31450,73,25274,59,56724,California
Santa Barbara,2021-02-22,942,83083,249,41946,693,41137,0,0,262,31039,673,25947,262,56986,California
Santa Barbara,2021-02-23,3189,86272,1047,42993,2142,43279,0,0,422,28698,2763,28710,422,57408,California
Santa Barbara,2021-02-24,3203,89475,1091,44084,2112,45391,0,0,722,26952,2468,31178,722,58130,California
Santa Barbara,2021-02-25,3454,92929,1920,46004,1534,46925,0,0,989,25484,2458,33636,990,59120,California
Santa Barbara,2021-02-26,3665,96594,2175,48179,1490,48415,0,0,1977,25781,1680,35316,1977,61097,California
Santa Barbara,2021-02-27,1532,98126,567,48746,965,49380,0,0,849,25956,676,35992,851,61948,California
Santa Barbara,2021-02-28,1086,99212,221,48967,865,50245,0,0,894,26664,187,36179,895,62843,California
Santa Barbara,2021-03-01,1641,100853,469,49436,1172,51417,0,0,1088,27214,539,36718,1089,63932,California
Santa Barbara,2021-03-02,2644,103497,420,49856,2224,53641,0,0,2143,28870,488,37206,2144,66076,California
Santa Barbara,2021-03-03,4629,108126,2101,51957,2526,56167,2,2,4032,32320,587,37793,4037,70113,California
Santa Barbara,2021-03-04,3423,111549,2285,54242,1138,57305,0,2,2868,34641,547,38340,2868,72981,California
Santa Barbara,2021-03-05,3817,115366,2165,56407,1593,58898,59,61,3091,37071,720,39060,3150,76131,California
Santa Barbara,2021-03-06,2433,117799,726,57133,1488,60386,219,280,1668,38196,761,39821,1886,78017,California
Santa Barbara,2021-03-07,564,118363,123,57256,310,60696,131,411,384,38533,179,40000,516,78533,California
Santa Barbara,2021-03-08,1577,119940,380,57636,855,61551,342,753,795,38894,776,40776,1137,79670,California
Santa Barbara,2021-03-09,2796,122736,344,57980,1678,63229,774,1527,739,38349,2054,42830,1509,81179,California
Santa Barbara,2021-03-10,2758,125494,553,58533,1159,64388,1046,2573,1040,38722,1712,44542,2085,83264,California
Santa Barbara,2021-03-11,5580,131074,3029,61562,1436,65824,1115,3688,2282,38830,3283,47825,3391,86655,California
Santa Barbara,2021-03-12,3677,134751,2098,63660,1149,66973,430,4118,2179,39946,1490,49315,2606,89261,California
Santa Barbara,2021-03-13,3486,138237,1929,65589,1348,68321,209,4327,2697,42065,787,50102,2906,92167,California
Santa Barbara,2021-03-14,788,139025,374,65963,357,68678,57,4384,467,42268,321,50423,524,92691,California
Santa Barbara,2021-03-15,2109,141134,694,66657,1124,69802,291,4675,1267,42989,835,51258,1556,94247,California
Santa Barbara,2021-03-16,3725,144859,1173,67830,2210,72012,342,5017,2736,45082,985,52243,3078,97325,California
Santa Barbara,2021-03-17,3310,148169,974,68804,1931,73943,405,5422,2318,46811,990,53233,2719,100044,California
Santa Barbara,2021-03-18,5228,153397,2800,71604,2226,76169,202,5624,4003,49807,1209,54442,4205,104249,California
Santa Barbara,2021-03-19,4446,157843,2768,74372,1345,77514,333,5957,3054,51805,1388,55830,3386,107635,California
Santa Barbara,2021-03-20,2170,160013,828,75200,1328,78842,14,5971,1330,52311,837,56667,1343,108978,California
Santa Barbara,2021-03-21,1164,161177,382,75582,752,79594,30,6001,838,52855,324,56991,868,109846,California
Santa Barbara,2021-03-22,2780,163957,1912,77494,824,80418,44,6045,2223,54574,548,57539,2267,112113,California
Santa Barbara,2021-03-23,4478,168435,2251,79745,2127,82545,100,6145,3708,57621,761,58300,3808,115921,California
Santa Barbara,2021-03-24,5411,173846,3156,82901,1514,84059,741,6886,2974,58918,2415,60715,3712,119633,California
Santa Barbara,2021-03-25,5552,179398,3277,86178,2087,86146,188,7074,2776,59123,2759,63474,2964,122597,California
Santa Barbara,2021-03-26,5084,184482,3221,89399,1564,87710,299,7373,2238,58830,2830,66304,2537,125134,California
Santa Barbara,2021-03-27,2925,187407,1219,90618,1663,89373,43,7416,1596,59143,1324,67628,1637,126771,California
Santa Barbara,2021-03-28,2771,190178,1647,92265,1096,90469,28,7444,1886,60178,880,68508,1915,128686,California
Santa Barbara,2021-03-29,4043,194221,2086,94351,1886,92355,71,7515,3229,62668,810,69318,3300,131986,California
Santa Barbara,2021-03-30,6794,201015,3510,97861,3134,95489,150,7665,4539,65114,2240,71558,4686,136672,California
Santa Barbara,2021-03-31,8667,209682,5521,103382,3079,98568,67,7732,5053,66645,3594,75152,5125,141797,California
Santa Barbara,2021-04-01,7031,216713,5199,108581,1573,100141,259,7991,4168,68229,2845,77997,4429,146226,California
Santa Barbara,2021-04-02,6619,223332,4538,113119,1487,101628,594,8585,3401,69014,3211,81208,3996,150222,California
Santa Barbara,2021-04-03,3802,227134,2112,115231,1622,103250,68,8653,2512,70310,1286,82494,2582,152804,California
Santa Barbara,2021-04-04,899,228033,444,115675,415,103665,40,8693,500,70453,397,82891,540,153344,California
Santa Barbara,2021-04-05,3459,231492,2284,117959,917,104582,258,8951,2164,71588,1288,84179,2423,155767,California
Santa Barbara,2021-04-06,5446,236938,2810,120769,2100,106682,536,9487,3326,73344,2104,86283,3860,159627,California
Santa Barbara,2021-04-07,5970,242908,3284,124053,2145,108827,541,10028,4061,76046,1899,88182,4601,164228,California
Santa Barbara,2021-04-08,7363,250271,5009,129062,643,109470,1711,11739,3392,77178,3968,92150,5100,169328,California
Santa Barbara,2021-04-09,7256,257527,4826,133888,1084,110554,1346,13085,3261,77794,3986,96136,4602,173930,California
Santa Barbara,2021-04-10,6630,264157,4587,138475,1426,111980,617,13702,4500,80788,2121,98257,5115,179045,California
Santa Barbara,2021-04-11,2641,266798,1930,140405,412,112392,299,14001,1820,82087,815,99072,2114,181159,California
Santa Barbara,2021-04-12,4426,271224,2848,143253,1025,113417,553,14554,1924,82067,2495,101567,2475,183634,California
Santa Barbara,2021-04-13,6308,277532,4150,147403,2152,115569,6,14560,2624,81016,3680,105247,2629,186263,California
Santa Barbara,2021-04-14,6725,284257,4402,151805,2321,117890,2,14562,4203,82709,2512,107759,4205,190468,California
Santa Barbara,2021-04-15,6936,291193,4083,155888,2852,120742,1,14563,3751,83287,3175,110934,3753,194221,California
Santa Barbara,2021-04-16,6382,297575,3752,159640,2619,123361,11,14574,4394,85718,1973,112907,4404,198625,California
Santa Barbara,2021-04-17,5301,302876,3855,163495,1446,124807,0,14574,4090,88607,1201,114108,4090,202715,California
Santa Barbara,2021-04-18,2128,305004,1477,164972,651,125458,0,14574,372,87228,1752,115860,373,203088,California
Santa Barbara,2021-04-19,3225,308229,2220,167192,999,126457,6,14580,1022,86059,2198,118058,1029,204117,California
Santa Barbara,2021-04-20,5857,314086,3943,171135,1913,128370,1,14581,1646,83506,4199,122257,1646,205763,California
Santa Barbara,2021-04-21,5432,319518,3593,174728,1839,130209,0,14581,1695,81478,3723,125980,1695,207458,California
Santa Barbara,2021-04-22,5078,324596,2550,177278,2527,132736,1,14582,1452,79323,3610,129590,1455,208913,California
Santa Barbara,2021-04-23,5526,330122,3871,181149,1655,134391,0,14582,1951,77710,3564,133154,1951,210864,California
Santa Barbara,2021-04-24,4423,334545,2878,184027,1540,135931,5,14587,1664,76628,2751,135905,1669,212533,California
Santa Barbara,2021-04-25,1833,336378,1186,185213,647,136578,0,14587,500,75803,1325,137230,500,213033,California
Santa Barbara,2021-04-26,2924,339302,1805,187018,1098,137676,21,14608,460,73826,2458,139688,481,213514,California
Santa Barbara,2021-04-27,3682,342984,2031,189049,1564,139240,87,14695,1108,72455,2565,142253,1194,214708,California
Santa Barbara,2021-04-28,4902,347886,2863,191912,1923,141163,116,14811,1402,70489,3487,145740,1521,216229,California
Santa Barbara,2021-04-29,5247,353133,3797,195709,1223,142386,227,15038,1443,68371,3787,149527,1669,217898,California
Santa Barbara,2021-04-30,4944,358077,3694,199403,1086,143472,164,15202,1422,66448,3508,153035,1585,219483,California
Santa Barbara,2021-05-01,5238,363315,4059,203462,1146,144618,33,15235,906,63065,4324,157359,941,220424,California
Santa Barbara,2021-05-02,1131,364446,666,204128,337,144955,128,15363,308,62679,822,158181,436,220860,California
Santa Barbara,2021-05-03,2205,366651,1479,205607,587,145542,139,15502,443,61505,1756,159937,582,221442,California
Santa Barbara,2021-05-04,3278,369929,1661,207268,1547,147089,70,15572,1140,60589,2125,162062,1209,222651,California
Santa Barbara,2021-05-05,5419,375348,3670,210938,1602,148691,147,15719,628,56586,4779,166841,776,223427,California
Santa Barbara,2021-05-06,5042,380390,3903,214841,1035,149726,104,15823,963,53590,4063,170904,1067,224494,California
Santa Barbara,2021-05-07,4661,385051,3655,218496,829,150555,177,16000,1006,51126,3645,174549,1181,225675,California
Santa Barbara,2021-05-08,4212,389263,3153,221649,961,151516,98,16098,870,48767,3327,177876,968,226643,California
Santa Barbara,2021-05-09,703,389966,110,221759,553,152069,40,16138,467,49040,235,178111,508,227151,California
Santa Barbara,2021-05-10,1301,391267,622,222381,595,152664,84,16222,351,48526,948,179059,434,227585,California
Santa Barbara,2021-05-11,1796,393063,770,223151,733,153397,293,16515,387,47802,1402,180461,678,228263,California
Santa Barbara,2021-05-12,1459,394522,641,223792,615,154012,203,16718,415,47383,1037,181498,618,228881,California
Santa Barbara,2021-05-13,3497,398019,2666,226458,635,154647,196,16914,1106,46301,2382,183880,1300,230181,California
Santa Barbara,2021-05-14,4040,402059,2484,228942,1481,156128,75,16989,1549,45444,2478,186358,1621,231802,California
Santa Barbara,2021-05-15,3446,405505,2510,231452,917,157045,19,17008,1801,45630,1635,187993,1821,233623,California
Santa Barbara,2021-05-16,1064,406569,465,231917,482,157527,117,17125,468,45622,593,188586,585,234208,California
Santa Barbara,2021-05-17,1621,408190,935,232852,624,158151,62,17187,902,45872,714,189300,964,235172,California
Santa Barbara,2021-05-18,1794,409984,1139,233991,560,158711,95,17282,985,46164,790,190090,1082,236254,California
Santa Barbara,2021-05-19,1733,411717,977,234968,710,159421,46,17328,805,46097,917,191007,850,237104,California
Santa Barbara,2021-05-20,380,412097,53,235021,253,159674,74,17402,116,46024,262,191269,189,237293,California
Santa Clara,2020-12-15,65,65,65,65,0,0,0,0,65,65,0,0,65,65,California
Santa Clara,2020-12-16,140,205,140,205,0,0,0,0,140,205,0,0,140,205,California
Santa Clara,2020-12-17,394,599,394,599,0,0,0,0,394,599,0,0,394,599,California
Santa Clara,2020-12-18,1676,2275,1676,2275,0,0,0,0,1676,2275,0,0,1676,2275,California
Santa Clara,2020-12-19,2077,4352,2077,4352,0,0,0,0,2076,4351,0,0,2076,4351,California
Santa Clara,2020-12-20,1896,6248,1895,6247,1,1,0,0,1893,6244,0,0,1893,6244,California
Santa Clara,2020-12-21,2673,8921,2673,8920,0,1,0,0,2672,8916,0,0,2672,8916,California
Santa Clara,2020-12-22,3124,12045,3117,12037,7,8,0,0,3121,12037,0,0,3121,12037,California
Santa Clara,2020-12-23,3266,15311,3078,15115,188,196,0,0,3264,15301,0,0,3264,15301,California
Santa Clara,2020-12-24,1896,17207,1711,16826,185,381,0,0,1890,17190,1,1,1890,17191,California
Santa Clara,2020-12-25,343,17550,342,17168,1,382,0,0,343,17533,0,1,343,17534,California
Santa Clara,2020-12-26,1264,18814,1031,18199,233,615,0,0,1263,18796,0,1,1263,18797,California
Santa Clara,2020-12-27,648,19462,508,18707,140,755,0,0,648,19444,0,1,648,19445,California
Santa Clara,2020-12-28,2334,21796,1732,20439,602,1357,0,0,2334,21778,0,1,2334,21779,California
Santa Clara,2020-12-29,2331,24127,1472,21911,859,2216,0,0,2329,24107,0,1,2329,24108,California
Santa Clara,2020-12-30,2995,27122,1903,23814,1092,3308,0,0,2993,27098,2,3,2993,27101,California
Santa Clara,2020-12-31,1217,28339,392,24206,825,4133,0,0,1216,28313,1,4,1216,28317,California
Santa Clara,2021-01-01,145,28484,12,24218,133,4266,0,0,144,28456,1,5,144,28461,California
Santa Clara,2021-01-02,1087,29571,817,25035,270,4536,0,0,1087,29543,0,5,1087,29548,California
Santa Clara,2021-01-03,584,30155,368,25403,216,4752,0,0,579,30119,3,8,579,30127,California
Santa Clara,2021-01-04,2470,32625,1670,27073,800,5552,0,0,2467,32586,0,8,2467,32594,California
Santa Clara,2021-01-05,3069,35694,2012,29085,1057,6609,0,0,2882,35288,186,194,2888,35482,California
Santa Clara,2021-01-06,3329,39023,1963,31048,1366,7975,0,0,2753,37471,572,766,2755,38237,California
Santa Clara,2021-01-07,4218,43241,2560,33608,1658,9633,0,0,3150,39568,1058,1824,3155,41392,California
Santa Clara,2021-01-08,5849,49090,3822,37430,2027,11660,0,0,3796,41315,2049,3873,3796,45188,California
Santa Clara,2021-01-09,2974,52064,1866,39296,1108,12768,0,0,1689,41722,1285,5158,1692,46880,California
Santa Clara,2021-01-10,1953,54017,1508,40804,445,13213,0,0,745,41260,1207,6365,745,47625,California
Santa Clara,2021-01-11,5946,59963,3743,44547,2203,15416,0,0,3381,42082,2564,8929,3386,51011,California
Santa Clara,2021-01-12,6804,66767,3400,47947,3404,18820,0,0,4563,44406,2240,11169,4564,55575,California
Santa Clara,2021-01-13,7364,74131,3044,50991,4320,23140,0,0,5197,47439,2165,13334,5198,60773,California
Santa Clara,2021-01-14,8229,82360,2795,53786,5434,28574,0,0,6491,52199,1733,15067,6493,67266,California
Santa Clara,2021-01-15,9459,91819,2688,56474,6771,35345,0,0,8139,59026,1317,16384,8144,75410,California
Santa Clara,2021-01-16,4301,96120,1230,57704,3071,38416,0,0,3465,61659,832,17216,3465,78875,California
Santa Clara,2021-01-17,3217,99337,606,58310,2611,41027,0,0,2720,63882,497,17713,2720,81595,California
Santa Clara,2021-01-18,5090,104427,1153,59463,3937,44964,0,0,4535,67863,555,18268,4536,86131,California
Santa Clara,2021-01-19,8489,112916,2681,62144,5808,50772,0,0,6810,73000,1676,19944,6813,92944,California
Santa Clara,2021-01-20,8090,121006,4116,66260,3974,54746,0,0,6539,77993,1546,21490,6539,99483,California
Santa Clara,2021-01-21,8667,129673,3753,70013,4914,59660,0,0,7466,84262,1199,22689,7468,106951,California
Santa Clara,2021-01-22,8625,138298,3247,73260,5378,65038,0,0,8059,91759,565,23254,8062,115013,California
Santa Clara,2021-01-23,3782,142080,1691,74951,2091,67129,0,0,2822,93622,960,24214,2823,117836,California
Santa Clara,2021-01-24,2828,144908,1423,76374,1405,68534,0,0,2342,95481,483,24697,2342,120178,California
Santa Clara,2021-01-25,8383,153291,3794,80168,4589,73123,0,0,6315,99739,2060,26757,6318,126496,California
Santa Clara,2021-01-26,8239,161530,3771,83939,4468,77591,0,0,6120,103752,2109,28866,6122,132618,California
Santa Clara,2021-01-27,8715,170245,3830,87769,4885,82476,0,0,6792,108643,1902,30768,6793,139411,California
Santa Clara,2021-01-28,9465,179710,3799,91568,5666,88142,0,0,7506,114215,1938,32706,7510,146921,California
Santa Clara,2021-01-29,9511,189221,3948,95516,5563,93705,0,0,7337,119388,2165,34871,7338,154259,California
Santa Clara,2021-01-30,4188,193409,2079,97595,2109,95814,0,0,2980,121168,1201,36072,2981,157240,California
Santa Clara,2021-01-31,2175,195584,1306,98901,869,96683,0,0,1582,122160,590,36662,1582,158822,California
Santa Clara,2021-02-01,7834,203418,3492,102393,4342,101025,0,0,6143,126621,1683,38345,6144,164966,California
Santa Clara,2021-02-02,8531,211949,2877,105270,5654,106679,0,0,6531,131162,1993,40338,6534,171500,California
Santa Clara,2021-02-03,9197,221146,3481,108751,5716,112395,0,0,6917,135811,2274,42612,6923,178423,California
Santa Clara,2021-02-04,10928,232074,4133,112884,6795,119190,0,0,8641,142178,2277,44889,8644,187067,California
Santa Clara,2021-02-05,11920,243994,4350,117234,7570,126760,0,0,8457,147188,3448,48337,8458,195525,California
Santa Clara,2021-02-06,5187,249181,2821,120055,2366,129126,0,0,4022,150051,1161,49498,4024,199549,California
Santa Clara,2021-02-07,3476,252657,2350,122405,1126,130252,0,0,3022,152621,453,49951,3023,202572,California
Santa Clara,2021-02-08,10007,262664,3481,125886,6526,136778,0,0,7294,157218,2698,52649,7295,209867,California
Santa Clara,2021-02-09,11166,273830,3821,129707,7345,144123,0,0,7670,161406,3485,56134,7673,217540,California
Santa Clara,2021-02-10,12646,286476,4915,134622,7731,151854,0,0,6837,162449,5796,61930,6839,224379,California
Santa Clara,2021-02-11,13509,299985,4721,139343,8788,160642,0,0,7669,164294,5825,67755,7670,232049,California
Santa Clara,2021-02-12,14545,314530,4495,143838,10050,170692,0,0,6980,163731,7545,75300,6982,239031,California
Santa Clara,2021-02-13,6078,320608,1461,145299,4617,175309,0,0,2222,162106,3849,79149,2224,241255,California
Santa Clara,2021-02-14,4612,325220,1143,146442,3469,178778,0,0,1467,160432,3143,82292,1469,242724,California
Santa Clara,2021-02-15,6256,331476,2800,149242,3456,182234,0,0,2694,159573,3553,85845,2694,245418,California
Santa Clara,2021-02-16,13770,345246,4000,153242,9770,192004,0,0,6928,159677,6824,92669,6928,252346,California
Santa Clara,2021-02-17,14076,359322,5495,158737,8581,200585,0,0,7049,159722,7009,99678,7054,259400,California
Santa Clara,2021-02-18,14202,373524,8367,167104,5835,206420,0,0,7234,160034,6925,106603,7237,266637,California
Santa Clara,2021-02-19,14808,388332,9520,176624,5288,211708,0,0,8616,162479,6176,112779,8621,275258,California
Santa Clara,2021-02-20,6822,395154,5107,181731,1715,213423,0,0,3675,163017,3137,115916,3675,278933,California
Santa Clara,2021-02-21,3294,398448,2475,184206,819,214242,0,0,1207,162147,2079,117995,1209,280142,California
Santa Clara,2021-02-22,10166,408614,6091,190297,4075,218317,0,0,4733,161459,5422,123417,4734,284876,California
Santa Clara,2021-02-23,11904,420518,7731,198028,4173,222490,0,0,6761,163094,5130,128547,6765,291641,California
Santa Clara,2021-02-24,14154,434672,9117,207145,5037,227527,0,0,8763,166482,5375,133922,8763,300404,California
Santa Clara,2021-02-25,14621,449293,9253,216398,5368,232895,0,0,7886,167660,6714,140636,7892,308296,California
Santa Clara,2021-02-26,14565,463858,8443,224841,6122,239017,0,0,8003,169129,6537,147173,8006,316302,California
Santa Clara,2021-02-27,8080,471938,5520,230361,2559,241576,1,1,4472,170011,3598,150771,4480,320782,California
Santa Clara,2021-02-28,4727,476665,3078,233439,1649,243225,0,1,2207,169707,2511,153282,2207,322989,California
Santa Clara,2021-03-01,14091,490756,7997,241436,6091,249316,3,4,8728,173096,5342,158624,8731,331720,California
Santa Clara,2021-03-02,16018,506774,9519,250955,6498,255814,1,5,10249,177603,5744,164368,10251,341971,California
Santa Clara,2021-03-03,18455,525229,9067,260022,9386,265200,2,7,11461,182116,6956,171324,11469,353440,California
Santa Clara,2021-03-04,16447,541676,8961,268983,7483,272683,3,10,9571,184896,6796,178120,9576,363016,California
Santa Clara,2021-03-05,16563,558239,9218,278201,7220,279903,125,135,9195,186874,7346,185466,9324,372340,California
Santa Clara,2021-03-06,9395,567634,6303,284504,2655,282558,437,572,7075,192078,2307,187773,7511,379851,California
Santa Clara,2021-03-07,6792,574426,4472,288976,2087,284645,233,805,5419,196364,1365,189138,5651,385502,California
Santa Clara,2021-03-08,12890,587316,6733,295709,5596,290241,561,1366,8274,200600,4599,193737,8835,394337,California
Santa Clara,2021-03-09,15218,602534,6500,302209,7385,297626,1333,2699,6864,200456,8335,202072,8191,402528,California
Santa Clara,2021-03-10,15099,617633,6571,308780,6423,304049,2105,4804,6195,199856,8878,210950,8278,410806,California
Santa Clara,2021-03-11,17027,634660,7758,316538,7762,311811,1507,6311,6042,196435,10957,221907,7536,418342,California
Santa Clara,2021-03-12,17656,652316,9088,325626,6998,318809,1570,7881,5964,192301,11652,233559,7518,425860,California
Santa Clara,2021-03-13,10741,663057,6220,331846,3026,321835,1495,9376,4823,192705,5895,239454,6299,432159,California
Santa Clara,2021-03-14,6504,669561,3369,335215,1827,323662,1308,10684,3178,193870,3310,242764,4475,436634,California
Santa Clara,2021-03-15,12765,682326,6535,341750,5960,329622,270,10954,5984,193365,6759,249523,6254,442888,California
Santa Clara,2021-03-16,18182,700508,10290,352040,7683,337305,209,11163,8806,193030,9347,258870,9012,451900,California
Santa Clara,2021-03-17,19874,720382,11270,363310,8432,345737,172,11335,10264,193899,9561,268431,10430,462330,California
Santa Clara,2021-03-18,19042,739424,8925,372235,8956,354693,1161,12496,9073,194213,9913,278344,10227,472557,California
Santa Clara,2021-03-19,19207,758631,9889,382124,8318,363011,1000,13496,9973,196002,9175,287519,10964,483521,California
Santa Clara,2021-03-20,11482,770113,6302,388426,4352,367363,828,14324,6748,198869,4705,292224,7572,491093,California
Santa Clara,2021-03-21,8259,778372,3733,392159,3128,370491,1398,15722,5542,203092,2705,294929,6928,498021,California
Santa Clara,2021-03-22,16266,794638,9074,401233,6848,377339,344,16066,9282,205759,6958,301887,9625,507646,California
Santa Clara,2021-03-23,19186,813824,12201,413434,6470,383809,515,16581,11153,209442,7985,309872,11668,519314,California
Santa Clara,2021-03-24,22540,836364,14519,427953,7611,391420,410,16991,14630,216617,7868,317740,15043,534357,California
Santa Clara,2021-03-25,22867,859231,13093,441046,8790,400210,984,17975,14752,224288,8052,325792,15723,550080,California
Santa Clara,2021-03-26,21863,881094,13927,454973,7552,407762,384,18359,13488,229816,8338,334130,13866,563946,California
Santa Clara,2021-03-27,15641,896735,10403,465376,4471,412233,767,19126,8421,231823,7178,341308,9185,573131,California
Santa Clara,2021-03-28,12001,908736,8304,473680,2984,415217,713,19839,6447,233450,5529,346837,7156,580287,California
Santa Clara,2021-03-29,20537,929273,12594,486274,7218,422435,725,20564,11146,235963,9350,356187,11863,592150,California
Santa Clara,2021-03-30,25555,954828,15209,501483,8411,430846,1935,22499,16130,244630,9391,365578,18058,610208,California
Santa Clara,2021-03-31,20404,975232,11831,513314,7446,438292,1127,23626,12572,250530,7792,373370,13692,623900,California
Santa Clara,2021-04-01,31703,1006935,19807,533121,8888,447180,3008,26634,20088,262059,11553,384923,23082,646982,California
Santa Clara,2021-04-02,25014,1031949,14256,547377,8621,455801,2137,28771,16337,271883,8641,393564,18465,665447,California
Santa Clara,2021-04-03,15205,1047154,9209,556586,3493,459294,2503,31274,8458,276105,6728,400292,10950,676397,California
Santa Clara,2021-04-04,7629,1054783,4033,560619,2429,461723,1167,32441,3963,277574,3657,403949,5126,681523,California
Santa Clara,2021-04-05,21816,1076599,14552,575171,4801,466524,2463,34904,14248,286740,7543,411492,16709,698232,California
Santa Clara,2021-04-06,29383,1105982,16201,591372,7766,474290,5416,40320,17612,298021,11729,423221,23010,721242,California
Santa Clara,2021-04-07,30724,1136706,15863,607235,8408,482698,6453,46773,18760,311300,11911,435132,25190,746432,California
Santa Clara,2021-04-08,29687,1166393,16234,623469,5946,488644,7507,54280,16181,321512,13437,448569,23649,770081,California
Santa Clara,2021-04-09,27741,1194134,13746,637215,6830,495474,7165,61445,14169,329296,13517,462086,21301,791382,California
Santa Clara,2021-04-10,21264,1215398,12311,649526,3753,499227,5200,66645,11409,336039,9824,471910,16567,807949,California
Santa Clara,2021-04-11,15966,1231364,9565,659091,2640,501867,3761,70406,8296,340435,7640,479550,12036,819985,California
Santa Clara,2021-04-12,26757,1258121,18833,677924,5505,507372,2419,72825,18262,352656,8445,487995,20666,840651,California
Santa Clara,2021-04-13,34250,1292371,26978,704902,7244,514616,28,72853,26446,371422,7729,495724,26495,867146,California
Santa Clara,2021-04-14,36718,1329089,27860,732762,8854,523470,4,72857,26155,387105,10502,506226,26185,893331,California
Santa Clara,2021-04-15,43992,1373081,34141,766903,9849,533319,2,72859,33950,411140,9939,516165,33974,927305,California
Santa Clara,2021-04-16,38301,1411382,26262,793165,12037,545356,2,72861,27499,427927,10740,526905,27527,954832,California
Santa Clara,2021-04-17,21990,1433372,15052,808217,6937,552293,1,72862,15092,436181,6854,533759,15108,969940,California
Santa Clara,2021-04-18,16391,1449763,10652,818869,5739,558032,0,72862,10277,440382,6087,539846,10288,980228,California
Santa Clara,2021-04-19,28814,1478577,20868,839737,7945,565977,1,72863,17257,446180,11489,551335,17287,997515,California
Santa Clara,2021-04-20,36814,1515391,22369,862106,14445,580422,0,72863,22486,454470,14225,565560,22515,1020030,California
Santa Clara,2021-04-21,36684,1552075,21242,883348,15441,595863,1,72864,24288,466479,12312,577872,24321,1044351,California
Santa Clara,2021-04-22,37163,1589238,24778,908126,12384,608247,1,72865,17598,464672,19469,597341,17662,1062013,California
Santa Clara,2021-04-23,31875,1621113,19416,927542,12459,620706,0,72865,14991,462924,16790,614131,15042,1077055,California
Santa Clara,2021-04-24,21076,1642189,15428,942970,5647,626353,1,72866,11985,465912,9025,623156,12013,1089068,California
Santa Clara,2021-04-25,13544,1655733,9800,952770,3737,630090,7,72873,8641,469720,4862,628018,8670,1097738,California
Santa Clara,2021-04-26,24214,1679947,18934,971704,5222,635312,58,72931,10108,465893,14016,642034,10189,1107927,California
Santa Clara,2021-04-27,26672,1706619,19267,990971,7116,642428,289,73220,11721,463081,14859,656893,12047,1119974,California
Santa Clara,2021-04-28,25248,1731867,18622,1009593,6187,648615,439,73659,10394,459194,14775,671668,10888,1130862,California
Santa Clara,2021-04-29,23128,1754995,16802,1026395,5929,654544,397,74056,8337,453268,14723,686391,8797,1139659,California
Santa Clara,2021-04-30,22876,1777871,15672,1042067,6844,661388,360,74416,9727,450367,13061,699452,10160,1149819,California
Santa Clara,2021-05-01,17418,1795289,14489,1056556,2668,664056,261,74677,5481,444261,11889,711341,5783,1155602,California
Santa Clara,2021-05-02,11286,1806575,9364,1065920,1693,665749,229,74906,3496,440260,7748,719089,3747,1159349,California
Santa Clara,2021-05-03,22762,1829337,19354,1085274,2980,668729,428,75334,5142,428316,17548,736637,5604,1164953,California
Santa Clara,2021-05-04,30541,1859878,23934,1109208,6066,674795,541,75875,5484,409419,24960,761597,6063,1171016,California
Santa Clara,2021-05-05,32186,1892064,24473,1133681,7170,681965,543,76418,5450,388797,26640,788237,6018,1177034,California
Santa Clara,2021-05-06,35400,1927464,29500,1163181,5428,687393,472,76890,4683,363392,30581,818818,5176,1182210,California
Santa Clara,2021-05-07,32513,1959977,26160,1189341,5865,693258,488,77378,4654,340852,27723,846541,5183,1187393,California
Santa Clara,2021-05-08,16436,1976413,13368,1202709,2644,695902,424,77802,3477,331895,12874,859415,3917,1191310,California
Santa Clara,2021-05-09,10319,1986732,8954,1211663,1178,697080,187,77989,2445,326701,7839,867254,2645,1193955,California
Santa Clara,2021-05-10,20743,2007475,16648,1228311,3694,700774,401,78390,2737,311935,17926,885180,3160,1197115,California
Santa Clara,2021-05-11,21469,2028944,16168,1244479,4891,705665,410,78800,3825,298619,17558,902738,4242,1201357,California
Santa Clara,2021-05-12,19983,2048927,14641,1259120,4886,710551,456,79256,4119,287418,15789,918527,4588,1205945,California
Santa Clara,2021-05-13,26707,2075634,21741,1280861,4681,715232,285,79541,10612,282303,16017,934544,10902,1216847,California
Santa Clara,2021-05-14,26860,2102494,18629,1299490,7858,723090,373,79914,9071,274060,17698,952242,9455,1226302,California
Santa Clara,2021-05-15,19286,2121780,15243,1314733,3777,726867,266,80180,7285,269690,11935,964177,7565,1233867,California
Santa Clara,2021-05-16,14189,2135969,11191,1325924,2825,729692,173,80353,4226,264189,9904,974081,4403,1238270,California
Santa Clara,2021-05-17,19434,2155403,15143,1341067,3940,733632,351,80704,6669,258515,12694,986775,7020,1245290,California
Santa Clara,2021-05-18,24817,2180220,15620,1356687,8786,742418,411,81115,6939,248104,17757,1004532,7346,1252636,California
Santa Clara,2021-05-19,21803,2202023,12339,1369026,9153,751571,311,81426,7123,240960,14584,1019116,7440,1260076,California
Santa Clara,2021-05-20,5320,2207343,3801,1372827,1394,752965,125,81551,2256,240296,3045,1022161,2381,1262457,California
Santa Cruz,2020-12-15,2,2,2,2,0,0,0,0,2,2,0,0,2,2,California
Santa Cruz,2020-12-16,58,60,58,60,0,0,0,0,58,60,0,0,58,60,California
Santa Cruz,2020-12-17,390,450,390,450,0,0,0,0,390,450,0,0,390,450,California
Santa Cruz,2020-12-18,464,914,464,914,0,0,0,0,464,914,0,0,464,914,California
Santa Cruz,2020-12-19,179,1093,178,1092,1,1,0,0,179,1093,0,0,179,1093,California
Santa Cruz,2020-12-20,95,1188,95,1187,0,1,0,0,95,1188,0,0,95,1188,California
Santa Cruz,2020-12-21,437,1625,437,1624,0,1,0,0,437,1625,0,0,437,1625,California
Santa Cruz,2020-12-22,423,2048,422,2046,1,2,0,0,423,2048,0,0,423,2048,California
Santa Cruz,2020-12-23,371,2419,328,2374,43,45,0,0,371,2419,0,0,371,2419,California
Santa Cruz,2020-12-24,125,2544,49,2423,76,121,0,0,125,2544,0,0,125,2544,California
Santa Cruz,2020-12-25,11,2555,11,2434,0,121,0,0,11,2555,0,0,11,2555,California
Santa Cruz,2020-12-26,65,2620,46,2480,19,140,0,0,65,2620,0,0,65,2620,California
Santa Cruz,2020-12-27,32,2652,27,2507,5,145,0,0,32,2652,0,0,32,2652,California
Santa Cruz,2020-12-28,485,3137,108,2615,377,522,0,0,485,3137,0,0,485,3137,California
Santa Cruz,2020-12-29,799,3936,370,2985,429,951,0,0,799,3936,0,0,799,3936,California
Santa Cruz,2020-12-30,356,4292,164,3149,192,1143,0,0,356,4292,0,0,356,4292,California
Santa Cruz,2020-12-31,312,4604,11,3160,301,1444,0,0,312,4604,0,0,312,4604,California
Santa Cruz,2021-01-01,33,4637,1,3161,32,1476,0,0,33,4637,0,0,33,4637,California
Santa Cruz,2021-01-02,71,4708,57,3218,14,1490,0,0,71,4708,0,0,71,4708,California
Santa Cruz,2021-01-03,15,4723,7,3225,8,1498,0,0,15,4723,0,0,15,4723,California
Santa Cruz,2021-01-04,282,5005,124,3349,158,1656,0,0,280,5003,0,0,280,5003,California
Santa Cruz,2021-01-05,566,5571,429,3778,137,1793,0,0,264,4965,302,302,264,5267,California
Santa Cruz,2021-01-06,803,6374,670,4448,133,1926,0,0,464,5091,338,640,464,5731,California
Santa Cruz,2021-01-07,538,6912,211,4659,327,2253,0,0,385,5324,153,793,386,6117,California
Santa Cruz,2021-01-08,936,7848,562,5221,374,2627,0,0,488,5365,448,1241,489,6606,California
Santa Cruz,2021-01-09,464,8312,123,5344,341,2968,0,0,410,5721,54,1295,410,7016,California
Santa Cruz,2021-01-10,80,8392,70,5414,10,2978,0,0,21,5683,59,1354,21,7037,California
Santa Cruz,2021-01-11,725,9117,591,6005,134,3112,0,0,191,5341,534,1888,192,7229,California
Santa Cruz,2021-01-12,734,9851,530,6535,204,3316,0,0,492,5591,242,2130,492,7721,California
Santa Cruz,2021-01-13,526,10377,229,6764,297,3613,0,0,442,5952,81,2211,442,8163,California
Santa Cruz,2021-01-14,560,10937,104,6868,456,4069,0,0,493,6378,67,2278,493,8656,California
Santa Cruz,2021-01-15,1458,12395,77,6945,1381,5450,0,0,1393,7709,64,2342,1395,10051,California
Santa Cruz,2021-01-16,426,12821,53,6998,373,5823,0,0,407,8097,19,2361,407,10458,California
Santa Cruz,2021-01-17,297,13118,41,7039,256,6079,0,0,272,8344,25,2386,272,10730,California
Santa Cruz,2021-01-18,1016,14134,106,7145,910,6989,0,0,954,9236,62,2448,954,11684,California
Santa Cruz,2021-01-19,1623,15757,525,7670,1098,8087,0,0,1269,10154,352,2800,1270,12954,California
Santa Cruz,2021-01-20,1242,16999,182,7852,1060,9147,0,0,1046,11007,193,2993,1046,14000,California
Santa Cruz,2021-01-21,1712,18711,201,8053,1511,10658,0,0,1604,12505,108,3101,1606,15606,California
Santa Cruz,2021-01-22,1802,20513,532,8585,1270,11928,0,0,1700,14107,99,3200,1701,17307,California
Santa Cruz,2021-01-23,402,20915,147,8732,255,12183,0,0,342,14390,59,3259,342,17649,California
Santa Cruz,2021-01-24,117,21032,21,8753,96,12279,0,0,99,14471,18,3277,99,17748,California
Santa Cruz,2021-01-25,1066,22098,363,9116,703,12982,0,0,554,14513,512,3789,554,18302,California
Santa Cruz,2021-01-26,1698,23796,249,9365,1449,14431,0,0,1185,15185,513,4302,1185,19487,California
Santa Cruz,2021-01-27,1654,25450,450,9815,1204,15635,0,0,1270,16073,382,4684,1270,20757,California
Santa Cruz,2021-01-28,1756,27206,291,10106,1465,17100,0,0,1479,17276,277,4961,1480,22237,California
Santa Cruz,2021-01-29,1735,28941,490,10596,1245,18345,0,0,1605,18752,129,5090,1605,23842,California
Santa Cruz,2021-01-30,1061,30002,310,10906,751,19096,0,0,927,19545,134,5224,927,24769,California
Santa Cruz,2021-01-31,223,30225,113,11019,110,19206,0,0,209,19740,14,5238,209,24978,California
Santa Cruz,2021-02-01,1234,31459,760,11779,474,19680,0,0,828,20162,406,5644,828,25806,California
Santa Cruz,2021-02-02,1009,32468,128,11907,881,20561,0,0,855,20864,153,5797,855,26661,California
Santa Cruz,2021-02-03,2241,34709,964,12871,1277,21838,0,0,1925,22477,312,6109,1925,28586,California
Santa Cruz,2021-02-04,1857,36566,775,13646,1082,22920,0,0,1519,23659,337,6446,1519,30105,California
Santa Cruz,2021-02-05,3169,39735,793,14439,2376,25296,0,0,2848,26187,320,6766,2848,32953,California
Santa Cruz,2021-02-06,2587,42322,163,14602,2424,27720,0,0,2241,28082,346,7112,2241,35194,California
Santa Cruz,2021-02-07,910,43232,122,14724,788,28508,0,0,892,28956,18,7130,892,36086,California
Santa Cruz,2021-02-08,717,43949,203,14927,514,29022,0,0,516,29272,200,7330,516,36602,California
Santa Cruz,2021-02-09,2377,46326,1055,15982,1322,30344,0,0,2109,31117,264,7594,2109,38711,California
Santa Cruz,2021-02-10,2203,48529,582,16564,1621,31965,0,0,1502,31928,692,8286,1503,40214,California
Santa Cruz,2021-02-11,1861,50390,319,16883,1542,33507,0,0,1333,32735,526,8812,1333,41547,California
Santa Cruz,2021-02-12,3230,53620,421,17304,2809,36316,0,0,1820,33156,1401,10213,1822,43369,California
Santa Cruz,2021-02-13,1713,55333,123,17427,1590,37906,0,0,1298,34040,414,10627,1298,44667,California
Santa Cruz,2021-02-14,1410,56743,70,17497,1340,39246,0,0,1146,34922,264,10891,1146,45813,California
Santa Cruz,2021-02-15,1585,58328,281,17778,1304,40550,0,0,567,34472,1018,11909,568,46381,California
Santa Cruz,2021-02-16,1698,60026,208,17986,1490,42040,0,0,539,33874,1137,13046,539,46920,California
Santa Cruz,2021-02-17,2925,62951,977,18963,1948,43988,0,0,1220,33405,1692,14738,1223,48143,California
Santa Cruz,2021-02-18,2886,65837,638,19601,2248,46236,0,0,1233,32989,1649,16387,1233,49376,California
Santa Cruz,2021-02-19,3274,69111,1148,20749,2126,48362,0,0,2012,33742,1259,17646,2012,51388,California
Santa Cruz,2021-02-20,2389,71500,1500,22249,889,49251,0,0,1891,35135,498,18144,1891,53279,California
Santa Cruz,2021-02-21,841,72341,373,22622,468,49719,0,0,713,35722,126,18270,713,53992,California
Santa Cruz,2021-02-22,1262,73603,969,23591,293,50012,0,0,537,35536,723,18993,537,54529,California
Santa Cruz,2021-02-23,2106,75709,941,24532,1165,51177,0,0,713,34857,1392,20385,713,55242,California
Santa Cruz,2021-02-24,3200,78909,1676,26208,1524,52701,0,0,1217,34096,1978,22363,1217,56459,California
Santa Cruz,2021-02-25,3249,82158,1437,27645,1812,54513,0,0,1784,34423,1458,23821,1785,58244,California
Santa Cruz,2021-02-26,2732,84890,768,28413,1964,56477,0,0,1556,34809,1172,24993,1558,59802,California
Santa Cruz,2021-02-27,2636,87526,933,29346,1703,58180,0,0,1835,35845,799,25792,1835,61637,California
Santa Cruz,2021-02-28,1301,88827,361,29707,940,59120,0,0,1084,36715,214,26006,1084,62721,California
Santa Cruz,2021-03-01,1831,90658,1256,30963,575,59695,0,0,691,36268,1138,27144,691,63412,California
Santa Cruz,2021-03-02,1562,92220,374,31337,1188,60883,0,0,884,36479,676,27820,887,64299,California
Santa Cruz,2021-03-03,2371,94591,635,31972,1736,62619,0,0,1300,36711,1068,28888,1300,65599,California
Santa Cruz,2021-03-04,3022,97613,1419,33391,1602,64221,1,1,2035,37772,976,29864,2037,67636,California
Santa Cruz,2021-03-05,2627,100240,500,33891,2109,66330,18,19,1146,37458,1478,31342,1164,68800,California
Santa Cruz,2021-03-06,3880,104120,1354,35245,2421,68751,105,124,2166,38013,1714,33056,2269,71069,California
Santa Cruz,2021-03-07,1348,105468,130,35375,1144,69895,74,198,558,37856,789,33845,632,71701,California
Santa Cruz,2021-03-08,1094,106562,224,35599,741,70636,129,327,660,38212,433,34278,789,72490,California
Santa Cruz,2021-03-09,1801,108363,266,35865,1387,72023,148,475,719,38000,1079,35357,867,73357,California
Santa Cruz,2021-03-10,3880,112243,2098,37963,1632,73655,150,625,2012,38298,1866,37223,2164,75521,California
Santa Cruz,2021-03-11,2814,115057,1221,39184,1418,75073,175,800,1548,38758,1265,38488,1725,77246,California
Santa Cruz,2021-03-12,2774,117831,894,40078,1585,76658,295,1095,913,38108,1857,40345,1207,78453,California
Santa Cruz,2021-03-13,2324,120155,1337,41415,943,77601,44,1139,1183,38199,1138,41483,1229,79682,California
Santa Cruz,2021-03-14,911,121066,220,41635,677,78278,14,1153,434,38172,474,41957,447,80129,California
Santa Cruz,2021-03-15,1358,122424,483,42118,839,79117,36,1189,583,38020,772,42729,620,80749,California
Santa Cruz,2021-03-16,2328,124752,1095,43213,1191,80308,42,1231,1345,38427,979,43708,1386,82135,California
Santa Cruz,2021-03-17,3988,128740,2347,45560,1631,81939,10,1241,2630,39716,1354,45062,2643,84778,California
Santa Cruz,2021-03-18,3872,132612,2093,47653,1659,83598,120,1361,2068,40103,1801,46863,2188,86966,California
Santa Cruz,2021-03-19,3283,135895,1323,48976,1734,85332,226,1587,1652,40354,1626,48489,1877,88843,California
Santa Cruz,2021-03-20,2173,138068,1616,50592,519,85851,38,1625,1095,40411,1076,49565,1133,89976,California
Santa Cruz,2021-03-21,832,138900,443,51035,266,86117,123,1748,448,40601,382,49947,572,90548,California
Santa Cruz,2021-03-22,1385,140285,857,51892,505,86622,23,1771,949,41142,432,50379,973,91521,California
Santa Cruz,2021-03-23,2571,142856,1446,53338,1075,87697,50,1821,1705,42034,863,51242,1755,93276,California
Santa Cruz,2021-03-24,3038,145894,2041,55379,976,88673,21,1842,2000,43021,1033,52275,2020,95296,California
Santa Cruz,2021-03-25,2659,148553,1336,56715,1286,89959,37,1879,1360,43126,1292,53567,1397,96693,California
Santa Cruz,2021-03-26,3042,151595,1835,58550,1179,91138,28,1907,2047,44213,988,54555,2075,98768,California
Santa Cruz,2021-03-27,3255,154850,2028,60578,1202,92340,25,1932,1532,44062,1714,56269,1563,100331,California
Santa Cruz,2021-03-28,932,155782,573,61151,345,92685,14,1946,493,44134,435,56704,507,100838,California
Santa Cruz,2021-03-29,1984,157766,890,62041,1026,93711,68,2014,1280,44781,701,57405,1348,102186,California
Santa Cruz,2021-03-30,2732,160498,822,62863,1746,95457,164,2178,1732,45679,997,58402,1895,104081,California
Santa Cruz,2021-03-31,4102,164600,2743,65606,1310,96767,49,2227,2109,45848,1989,60391,2158,106239,California
Santa Cruz,2021-04-01,4077,168677,2177,67783,1793,98560,107,2334,2074,46033,1998,62389,2183,108422,California
Santa Cruz,2021-04-02,3189,171866,1435,69218,1572,100132,182,2516,1774,46581,1410,63799,1958,110380,California
Santa Cruz,2021-04-03,2268,174134,1236,70454,897,101029,135,2651,894,46237,1372,65171,1028,111408,California
Santa Cruz,2021-04-04,945,175079,495,70949,394,101423,56,2707,555,46458,390,65561,611,112019,California
Santa Cruz,2021-04-05,2286,177365,797,71746,1318,102741,171,2878,1412,47170,873,66434,1585,113604,California
Santa Cruz,2021-04-06,3424,180789,1660,73406,1379,104120,385,3263,1980,48096,1434,67868,2360,115964,California
Santa Cruz,2021-04-07,4188,184977,1647,75053,2174,106294,367,3630,1813,47904,2371,70239,2179,118143,California
Santa Cruz,2021-04-08,4284,189261,2355,77408,1411,107705,518,4148,2525,49195,1750,71989,3041,121184,California
Santa Cruz,2021-04-09,3589,192850,1513,78921,1675,109380,401,4549,1982,49977,1602,73591,2384,123568,California
Santa Cruz,2021-04-10,2270,195120,1097,80018,921,110301,252,4801,1071,50104,1195,74786,1322,124890,California
Santa Cruz,2021-04-11,1002,196122,523,80541,385,110686,94,4895,485,50165,517,75303,578,125468,California
Santa Cruz,2021-04-12,2303,198425,833,81374,1039,111725,431,5326,1098,50503,1190,76493,1528,126996,California
Santa Cruz,2021-04-13,2907,201332,1466,82840,1439,113164,2,5328,1635,50875,1265,77758,1637,128633,California
Santa Cruz,2021-04-14,4660,205992,2279,85119,2381,115545,0,5328,2372,50968,2281,80039,2374,131007,California
Santa Cruz,2021-04-15,5041,211033,3220,88339,1821,117366,0,5328,3174,52286,1856,81895,3174,134181,California
Santa Cruz,2021-04-16,4430,215463,2547,90886,1881,119247,2,5330,2467,52800,1956,83851,2470,136651,California
Santa Cruz,2021-04-17,2281,217744,901,91787,1380,120627,0,5330,1517,53555,762,84613,1517,138168,California
Santa Cruz,2021-04-18,1077,218821,516,92303,560,121187,1,5331,600,53681,475,85088,601,138769,California
Santa Cruz,2021-04-19,2441,221262,1527,93830,913,122100,1,5332,1505,54253,933,86021,1505,140274,California
Santa Cruz,2021-04-20,3133,224395,1693,95523,1440,123540,0,5332,1775,54682,1347,87368,1776,142050,California
Santa Cruz,2021-04-21,4287,228682,2898,98421,1389,124929,0,5332,2417,55244,1855,89223,2417,144467,California
Santa Cruz,2021-04-22,4353,233035,2938,101359,1415,126344,0,5332,2447,55795,1896,91119,2447,146914,California
Santa Cruz,2021-04-23,3105,236140,1752,103111,1352,127696,1,5333,1398,55496,1698,92817,1399,148313,California
Santa Cruz,2021-04-24,2266,238406,1095,104206,1168,128864,3,5336,705,54653,1551,94368,708,149021,California
Santa Cruz,2021-04-25,1106,239512,709,104915,385,129249,12,5348,463,54492,635,95003,474,149495,California
Santa Cruz,2021-04-26,1829,241341,944,105859,871,130120,14,5362,692,54073,1126,96129,707,150202,California
Santa Cruz,2021-04-27,2816,244157,882,106741,1867,131987,67,5429,1402,54134,1408,97537,1469,151671,California
Santa Cruz,2021-04-28,3453,247610,1918,108659,1459,133446,76,5505,1818,54401,1624,99161,1891,153562,California
Santa Cruz,2021-04-29,3747,251357,2488,111147,1196,134642,63,5568,1294,53319,2440,101601,1358,154920,California
Santa Cruz,2021-04-30,2277,253634,1221,112368,1013,135655,43,5611,1016,53126,1253,102854,1060,155980,California
Santa Cruz,2021-05-01,1308,254942,1040,113408,235,135890,33,5644,605,53063,701,103555,638,156618,California
Santa Cruz,2021-05-02,647,255589,465,113873,157,136047,25,5669,211,52864,436,103991,237,156855,California
Santa Cruz,2021-05-03,1937,257526,1002,114875,868,136915,67,5736,665,52336,1261,105252,733,157588,California
Santa Cruz,2021-05-04,2715,260241,1584,116459,1061,137976,70,5806,876,51446,1835,107087,945,158533,California
Santa Cruz,2021-05-05,2770,263011,1382,117841,1327,139303,61,5867,729,50241,1999,109086,794,159327,California
Santa Cruz,2021-05-06,3866,266877,2466,120307,1181,140484,219,6086,869,48348,2978,112064,1085,160412,California
Santa Cruz,2021-05-07,2802,269679,1290,121597,1430,141914,82,6168,539,46712,2258,114322,622,161034,California
Santa Cruz,2021-05-08,1374,271053,692,122289,654,142568,28,6196,385,46139,988,115310,415,161449,California
Santa Cruz,2021-05-09,505,271558,330,122619,152,142720,23,6219,144,45948,358,115668,167,161616,California
Santa Cruz,2021-05-10,1589,273147,1225,123844,299,143019,65,6284,434,45297,1150,116818,499,162115,California
Santa Cruz,2021-05-11,1823,274970,1328,125172,419,143438,76,6360,632,44816,1188,118006,707,162822,California
Santa Cruz,2021-05-12,2543,277513,1240,126412,1229,144667,74,6434,506,43368,2029,120035,581,163403,California
Santa Cruz,2021-05-13,3203,280716,2469,128881,648,145315,86,6520,1285,42825,1915,121950,1372,164775,California
Santa Cruz,2021-05-14,2572,283288,1535,130416,997,146312,40,6560,1073,42453,1488,123438,1116,165891,California
Santa Cruz,2021-05-15,2289,285577,1316,131732,963,147275,10,6570,1115,42406,1172,124610,1125,167016,California
Santa Cruz,2021-05-16,713,286290,360,132092,333,147608,20,6590,213,42140,499,125109,233,167249,California
Santa Cruz,2021-05-17,1305,287595,835,132927,429,148037,41,6631,690,42258,614,125723,732,167981,California
Santa Cruz,2021-05-18,2089,289684,1416,134343,649,148686,24,6655,1155,42512,925,126648,1179,169160,California
Santa Cruz,2021-05-19,2602,292286,1449,135792,1121,149807,32,6687,956,41862,1640,128288,990,170150,California
Santa Cruz,2021-05-20,1327,293613,1106,136898,198,150005,23,6710,491,41545,831,129119,514,170664,California
Shasta,2020-12-16,131,131,131,131,0,0,0,0,131,131,0,0,131,131,California
Shasta,2020-12-17,422,553,422,553,0,0,0,0,422,553,0,0,422,553,California
Shasta,2020-12-18,166,719,166,719,0,0,0,0,166,719,0,0,166,719,California
Shasta,2020-12-19,1,720,1,720,0,0,0,0,1,720,0,0,1,720,California
Shasta,2020-12-21,79,799,79,799,0,0,0,0,79,799,0,0,79,799,California
Shasta,2020-12-22,192,991,187,986,5,5,0,0,192,991,0,0,192,991,California
Shasta,2020-12-23,173,1164,169,1155,4,9,0,0,173,1164,0,0,173,1164,California
Shasta,2020-12-24,18,1182,18,1173,0,9,0,0,18,1182,0,0,18,1182,California
Shasta,2020-12-26,4,1186,1,1174,3,12,0,0,4,1186,0,0,4,1186,California
Shasta,2020-12-27,1,1187,0,1174,1,13,0,0,1,1187,0,0,1,1187,California
Shasta,2020-12-28,40,1227,31,1205,9,22,0,0,40,1227,0,0,40,1227,California
Shasta,2020-12-29,186,1413,185,1390,1,23,0,0,186,1413,0,0,186,1413,California
Shasta,2020-12-30,178,1591,168,1558,10,33,0,0,178,1591,0,0,178,1591,California
Shasta,2020-12-31,83,1674,2,1560,81,114,0,0,83,1674,0,0,83,1674,California
Shasta,2021-01-02,2,1676,0,1560,2,116,0,0,2,1676,0,0,2,1676,California
Shasta,2021-01-03,1,1677,1,1561,0,116,0,0,1,1677,0,0,1,1677,California
Shasta,2021-01-04,372,2049,306,1867,66,182,0,0,373,2050,0,0,373,2050,California
Shasta,2021-01-05,335,2384,314,2181,21,203,0,0,254,2223,81,81,254,2304,California
Shasta,2021-01-06,466,2850,395,2576,71,274,0,0,204,2166,261,342,204,2508,California
Shasta,2021-01-07,125,2975,36,2612,89,363,0,0,104,2249,21,363,104,2612,California
Shasta,2021-01-08,525,3500,448,3060,77,440,0,0,317,2358,208,571,317,2929,California
Shasta,2021-01-09,72,3572,63,3123,9,449,0,0,70,2426,2,573,70,2999,California
Shasta,2021-01-10,5,3577,0,3123,5,454,0,0,4,2430,1,574,5,3004,California
Shasta,2021-01-11,406,3983,184,3307,222,676,0,0,371,2766,35,609,371,3375,California
Shasta,2021-01-12,485,4468,328,3635,157,833,0,0,310,2901,175,784,310,3685,California
Shasta,2021-01-13,599,5067,267,3902,332,1165,0,0,430,3162,169,953,430,4115,California
Shasta,2021-01-14,500,5567,51,3953,449,1614,0,0,482,3626,18,971,482,4597,California
Shasta,2021-01-15,691,6258,136,4089,555,2169,0,0,689,4313,2,973,689,5286,California
Shasta,2021-01-16,897,7155,54,4143,843,3012,0,0,894,5204,3,976,894,6180,California
Shasta,2021-01-17,27,7182,6,4149,21,3033,0,0,23,5223,4,980,23,6203,California
Shasta,2021-01-18,599,7781,129,4278,470,3503,0,0,591,5806,8,988,591,6794,California
Shasta,2021-01-19,1058,8839,398,4676,660,4163,0,0,910,6568,148,1136,910,7704,California
Shasta,2021-01-20,681,9520,413,5089,268,4431,0,0,494,6880,182,1318,494,8198,California
Shasta,2021-01-21,633,10153,280,5369,353,4784,0,0,610,7467,23,1341,610,8808,California
Shasta,2021-01-22,446,10599,172,5541,274,5058,0,0,440,7901,6,1347,440,9248,California
Shasta,2021-01-23,68,10667,5,5546,63,5121,0,0,67,7967,1,1348,67,9315,California
Shasta,2021-01-24,25,10692,2,5548,23,5144,0,0,24,7990,1,1349,24,9339,California
Shasta,2021-01-25,750,11442,491,6039,259,5403,0,0,464,8169,285,1634,464,9803,California
Shasta,2021-01-26,710,12152,333,6372,377,5780,0,0,476,8413,232,1866,476,10279,California
Shasta,2021-01-27,459,12611,179,6551,280,6060,0,0,410,8774,49,1915,410,10689,California
Shasta,2021-01-28,886,13497,576,7127,310,6370,0,0,664,9216,222,2137,664,11353,California
Shasta,2021-01-29,833,14330,332,7459,501,6871,0,0,643,9670,190,2327,644,11997,California
Shasta,2021-01-30,615,14945,14,7473,601,7472,0,0,606,10267,9,2336,606,12603,California
Shasta,2021-01-31,28,14973,4,7477,24,7496,0,0,26,10291,2,2338,26,12629,California
Shasta,2021-02-01,530,15503,148,7625,382,7878,0,0,386,10533,144,2482,386,13015,California
Shasta,2021-02-02,988,16491,500,8125,488,8366,0,0,896,11339,90,2572,896,13911,California
Shasta,2021-02-03,722,17213,211,8336,511,8877,0,0,487,11591,235,2807,487,14398,California
Shasta,2021-02-04,1096,18309,675,9011,421,9298,0,0,903,12302,192,2999,903,15301,California
Shasta,2021-02-05,1250,19559,165,9176,1085,10383,0,0,1043,13139,206,3205,1043,16344,California
Shasta,2021-02-06,1745,21304,41,9217,1704,12087,0,0,1722,14838,23,3228,1722,18066,California
Shasta,2021-02-07,26,21330,3,9220,23,12110,0,0,24,14860,2,3230,24,18090,California
Shasta,2021-02-08,597,21927,168,9388,429,12539,0,0,306,14875,291,3521,306,18396,California
Shasta,2021-02-09,1125,23052,655,10043,470,13009,0,0,733,15216,392,3913,733,19129,California
Shasta,2021-02-10,1125,24177,789,10832,336,13345,0,0,600,15291,526,4439,601,19730,California
Shasta,2021-02-11,890,25067,186,11018,704,14049,0,0,368,15142,517,4956,368,20098,California
Shasta,2021-02-12,1731,26798,1150,12168,581,14630,0,0,1179,15769,552,5508,1179,21277,California
Shasta,2021-02-13,1382,28180,368,12536,1014,15644,0,0,570,15527,813,6321,571,21848,California
Shasta,2021-02-14,150,28330,4,12540,146,15790,0,0,126,15629,24,6345,126,21974,California
Shasta,2021-02-15,379,28709,90,12630,289,16079,0,0,210,15670,169,6514,210,22184,California
Shasta,2021-02-16,1196,29905,522,13152,674,16753,0,0,422,15319,773,7287,422,22606,California
Shasta,2021-02-17,1034,30939,438,13590,596,17349,0,0,414,15113,620,7907,414,23020,California
Shasta,2021-02-18,949,31888,467,14057,482,17831,0,0,459,15083,490,8397,460,23480,California
Shasta,2021-02-19,1328,33216,935,14992,393,18224,0,0,861,15477,467,8864,861,24341,California
Shasta,2021-02-20,802,34018,89,15081,713,18937,0,0,303,15281,499,9363,303,24644,California
Shasta,2021-02-21,32,34050,3,15084,29,18966,0,0,10,15269,22,9385,10,24654,California
Shasta,2021-02-22,429,34479,76,15160,353,19319,0,0,178,15197,250,9635,178,24832,California
Shasta,2021-02-23,913,35392,472,15632,441,19760,0,0,327,14940,584,10219,327,25159,California
Shasta,2021-02-24,890,36282,508,16140,382,20142,0,0,273,14597,616,10835,273,25432,California
Shasta,2021-02-25,519,36801,163,16303,356,20498,0,0,163,14405,355,11190,163,25595,California
Shasta,2021-02-26,791,37592,94,16397,697,21195,0,0,331,14278,458,11648,331,25926,California
Shasta,2021-02-27,828,38420,27,16424,801,21996,0,0,188,13828,638,12286,188,26114,California
Shasta,2021-02-28,176,38596,4,16428,172,22168,0,0,126,13904,50,12336,126,26240,California
Shasta,2021-03-01,584,39180,59,16487,525,22693,0,0,295,13911,288,12624,295,26535,California
Shasta,2021-03-02,1028,40208,473,16960,555,23248,0,0,337,13559,689,13313,337,26872,California
Shasta,2021-03-03,668,40876,168,17128,500,23748,0,0,244,13379,424,13737,244,27116,California
Shasta,2021-03-04,3024,43900,2411,19539,613,24361,0,0,1790,13937,1233,14970,1791,28907,California
Shasta,2021-03-05,1554,45454,162,19701,1363,25724,29,29,792,13995,763,15733,821,29728,California
Shasta,2021-03-06,2744,48198,387,20088,2310,28034,47,76,857,13014,1885,17618,904,30632,California
Shasta,2021-03-07,92,48290,4,20092,56,28090,32,108,38,13030,54,17672,70,30702,California
Shasta,2021-03-08,570,48860,46,20138,385,28475,139,247,157,12915,411,18083,296,30998,California
Shasta,2021-03-09,1256,50116,595,20733,483,28958,178,425,701,13238,555,18638,878,31876,California
Shasta,2021-03-10,801,50917,258,20991,341,29299,202,627,137,12912,663,19301,337,32213,California
Shasta,2021-03-11,1559,52476,471,21462,816,30115,272,899,941,13510,615,19916,1213,33426,California
Shasta,2021-03-12,1531,54007,834,22296,447,30562,250,1149,397,13022,1133,21049,645,34071,California
Shasta,2021-03-13,758,54765,425,22721,232,30794,101,1250,475,13314,282,21331,574,34645,California
Shasta,2021-03-14,1019,55784,8,22729,989,31783,22,1272,880,14078,139,21470,903,35548,California
Shasta,2021-03-15,497,56281,35,22764,362,32145,100,1372,210,14100,287,21757,309,35857,California
Shasta,2021-03-16,1134,57415,148,22912,919,33064,67,1439,850,14733,284,22041,917,36774,California
Shasta,2021-03-17,735,58150,191,23103,486,33550,58,1497,396,14854,333,22374,454,37228,California
Shasta,2021-03-18,1542,59692,586,23689,852,34402,104,1601,1116,15652,422,22796,1220,38448,California
Shasta,2021-03-19,648,60340,196,23885,396,34798,56,1657,414,15889,233,23029,470,38918,California
Shasta,2021-03-20,748,61088,490,24375,244,35042,14,1671,600,16355,148,23177,614,39532,California
Shasta,2021-03-21,313,61401,298,24673,4,35046,11,1682,286,16626,26,23203,297,39829,California
Shasta,2021-03-22,347,61748,37,24710,274,35320,36,1718,199,16714,147,23350,235,40064,California
Shasta,2021-03-23,1310,63058,652,25362,599,35919,59,1777,756,16980,549,23899,815,40879,California
Shasta,2021-03-24,608,63666,156,25518,415,36334,37,1814,365,17140,242,24141,402,41281,California
Shasta,2021-03-25,1138,64804,452,25970,665,36999,21,1835,823,17673,312,24453,845,42126,California
Shasta,2021-03-26,1838,66642,1406,27376,402,37401,30,1865,1479,18824,359,24812,1510,43636,California
Shasta,2021-03-27,1597,68239,408,27784,317,37718,872,2737,576,19250,1019,25831,1445,45081,California
Shasta,2021-03-28,405,68644,299,28083,96,37814,10,2747,301,19459,102,25933,311,45392,California
Shasta,2021-03-29,418,69062,40,28123,366,38180,12,2759,164,19382,253,26186,176,45568,California
Shasta,2021-03-30,1245,70307,766,28889,462,38642,17,2776,624,19405,618,26804,641,46209,California
Shasta,2021-03-31,620,70927,207,29096,407,39049,6,2782,383,19562,232,27036,389,46598,California
Shasta,2021-04-01,893,71820,247,29343,634,39683,12,2794,574,19830,318,27354,586,47184,California
Shasta,2021-04-02,756,72576,201,29544,502,40185,53,2847,414,19958,340,27694,468,47652,California
Shasta,2021-04-03,516,73092,363,29907,134,40319,19,2866,391,20243,125,27819,410,48062,California
Shasta,2021-04-04,292,73384,176,30083,95,40414,21,2887,217,20406,75,27894,238,48300,California
Shasta,2021-04-05,444,73828,68,30151,312,40726,64,2951,254,20534,190,28084,318,48618,California
Shasta,2021-04-06,1165,74993,486,30637,504,41230,175,3126,540,20628,620,28704,714,49332,California
Shasta,2021-04-07,656,75649,213,30850,280,41510,163,3289,259,20656,393,29097,421,49753,California
Shasta,2021-04-08,1140,76789,259,31109,726,42236,155,3444,230,20132,908,30005,384,50137,California
Shasta,2021-04-09,2581,79370,2063,33172,309,42545,209,3653,2006,21777,568,30573,2213,52350,California
Shasta,2021-04-10,879,80249,592,33764,158,42703,129,3782,266,21558,613,31186,394,52744,California
Shasta,2021-04-11,1251,81500,396,34160,835,43538,20,3802,144,20619,1103,32289,164,52908,California
Shasta,2021-04-12,339,81839,8,34168,269,43807,62,3864,98,20538,240,32529,159,53067,California
Shasta,2021-04-13,1268,83107,366,34534,900,44707,2,3866,341,19957,923,33452,342,53409,California
Shasta,2021-04-14,593,83700,143,34677,448,45155,2,3868,220,19807,372,33824,222,53631,California
Shasta,2021-04-15,1069,84769,259,34936,810,45965,0,3868,303,19347,763,34587,303,53934,California
Shasta,2021-04-16,2342,87111,1848,36784,494,46459,0,3868,935,18877,1405,35992,935,54869,California
Shasta,2021-04-17,644,87755,412,37196,232,46691,0,3868,191,18616,453,36445,192,55061,California
Shasta,2021-04-18,265,88020,240,37436,25,46716,0,3868,32,18417,231,36676,32,55093,California
Shasta,2021-04-19,381,88401,27,37463,354,47070,0,3868,161,18358,220,36896,161,55254,California
Shasta,2021-04-20,1013,89414,257,37720,756,47826,0,3868,379,18104,633,37529,379,55633,California
Shasta,2021-04-21,607,90021,221,37941,386,48212,0,3868,305,18107,302,37831,305,55938,California
Shasta,2021-04-22,966,90987,285,38226,681,48893,0,3868,302,17746,663,38494,302,56240,California
Shasta,2021-04-23,660,91647,265,38491,395,49288,0,3868,329,17745,330,38824,329,56569,California
Shasta,2021-04-24,602,92249,359,38850,242,49530,1,3869,110,17364,491,39315,110,56679,California
Shasta,2021-04-25,211,92460,182,39032,28,49558,1,3870,37,17228,174,39489,38,56717,California
Shasta,2021-04-26,485,92945,53,39085,427,49985,5,3875,338,17425,145,39634,342,57059,California
Shasta,2021-04-27,536,93481,178,39263,322,50307,36,3911,297,17520,236,39870,331,57390,California
Shasta,2021-04-28,577,94058,157,39420,387,50694,33,3944,252,17479,325,40195,284,57674,California
Shasta,2021-04-29,782,94840,120,39540,639,51333,23,3967,185,17091,596,40791,208,57882,California
Shasta,2021-04-30,2265,97105,1839,41379,395,51728,31,3998,269,15395,1996,42787,300,58182,California
Shasta,2021-05-01,223,97328,20,41399,127,51855,76,4074,95,15438,128,42915,171,58353,California
Shasta,2021-05-02,46,97374,16,41415,17,51872,13,4087,19,15443,27,42942,32,58385,California
Shasta,2021-05-03,350,97724,94,41509,230,52102,26,4113,111,15342,238,43180,137,58522,California
Shasta,2021-05-04,509,98233,173,41682,298,52400,38,4151,244,15362,262,43442,282,58804,California
Shasta,2021-05-05,433,98666,140,41822,276,52676,17,4168,201,15348,232,43674,218,59022,California
Shasta,2021-05-06,693,99359,263,42085,390,53066,40,4208,297,15298,387,44061,337,59359,California
Shasta,2021-05-07,1112,100471,732,42817,341,53407,39,4247,301,14828,810,44871,340,59699,California
Shasta,2021-05-08,167,100638,83,42900,74,53481,10,4257,98,14867,68,44939,107,59806,California
Shasta,2021-05-09,66,100704,15,42915,46,53527,5,4262,35,14876,31,44970,40,59846,California
Shasta,2021-05-10,258,100962,21,42936,189,53716,48,4310,113,14892,144,45114,160,60006,California
Shasta,2021-05-11,501,101463,162,43098,191,53907,148,4458,171,14882,329,45443,319,60325,California
Shasta,2021-05-12,357,101820,142,43240,192,54099,23,4481,119,14787,237,45680,142,60467,California
Shasta,2021-05-13,528,102348,222,43462,292,54391,14,4495,192,14659,334,46014,206,60673,California
Shasta,2021-05-14,616,102964,267,43729,322,54713,27,4522,281,14634,333,46347,308,60981,California
Shasta,2021-05-15,385,103349,120,43849,163,54876,102,4624,154,14660,229,46576,255,61236,California
Shasta,2021-05-16,220,103569,153,44002,56,54932,11,4635,160,14771,60,46636,171,61407,California
Shasta,2021-05-17,535,104104,235,44237,243,55175,57,4692,279,14852,255,46891,336,61743,California
Shasta,2021-05-18,584,104688,292,44529,269,55444,23,4715,313,14917,271,47162,336,62079,California
Shasta,2021-05-19,549,105237,274,44803,207,55651,68,4783,270,14981,275,47437,339,62418,California
Shasta,2021-05-20,269,105506,118,44921,147,55798,4,4787,105,14926,164,47601,109,62527,California
Sierra,2020-12-18,1,1,1,1,0,0,0,0,1,1,0,0,1,1,California
Sierra,2020-12-21,2,3,2,3,0,0,0,0,2,3,0,0,2,3,California
Sierra,2020-12-22,12,15,12,15,0,0,0,0,12,15,0,0,12,15,California
Sierra,2020-12-23,4,19,4,19,0,0,0,0,4,19,0,0,4,19,California
Sierra,2020-12-28,1,20,0,19,1,1,0,0,1,20,0,0,1,20,California
Sierra,2020-12-29,49,69,7,26,42,43,0,0,49,69,0,0,49,69,California
Sierra,2020-12-30,2,71,0,26,2,45,0,0,2,71,0,0,2,71,California
Sierra,2020-12-31,13,84,0,26,13,58,0,0,13,84,0,0,13,84,California
Sierra,2021-01-01,1,85,1,27,0,58,0,0,1,85,0,0,1,85,California
Sierra,2021-01-05,64,149,2,29,62,120,0,0,64,149,0,0,64,149,California
Sierra,2021-01-06,1,150,1,30,0,120,0,0,1,150,0,0,1,150,California
Sierra,2021-01-07,21,171,1,31,20,140,0,0,20,169,1,1,20,170,California
Sierra,2021-01-08,1,172,1,32,0,140,0,0,1,170,0,1,1,171,California
Sierra,2021-01-11,3,175,3,35,0,140,0,0,0,167,3,4,0,171,California
Sierra,2021-01-12,40,215,12,47,28,168,0,0,28,183,12,16,28,199,California
Sierra,2021-01-13,4,219,3,50,1,169,0,0,1,181,3,19,1,200,California
Sierra,2021-01-14,35,254,2,52,33,202,0,0,35,216,0,19,35,235,California
Sierra,2021-01-15,3,257,1,53,2,204,0,0,3,219,0,19,3,238,California
Sierra,2021-01-18,2,259,0,53,2,206,0,0,2,221,0,19,2,240,California
Sierra,2021-01-19,32,291,0,53,32,238,0,0,32,253,0,19,32,272,California
Sierra,2021-01-20,1,292,1,54,0,238,0,0,1,254,0,19,1,273,California
Sierra,2021-01-21,52,344,0,54,52,290,0,0,52,306,0,19,52,325,California
Sierra,2021-01-22,2,346,0,54,2,292,0,0,2,308,0,19,2,327,California
Sierra,2021-01-23,2,348,0,54,2,294,0,0,2,310,0,19,2,329,California
Sierra,2021-01-26,62,410,0,54,62,356,0,0,24,296,38,57,24,353,California
Sierra,2021-01-27,4,414,4,58,0,356,0,0,0,292,4,61,0,353,California
Sierra,2021-01-28,53,467,0,58,53,409,0,0,43,325,10,71,43,396,California
Sierra,2021-01-29,2,469,0,58,2,411,0,0,2,327,0,71,2,398,California
Sierra,2021-01-30,3,472,3,61,0,411,0,0,2,328,1,72,2,400,California
Sierra,2021-02-01,1,473,0,61,1,412,0,0,0,327,1,73,0,400,California
Sierra,2021-02-02,58,531,1,62,57,469,0,0,19,307,39,112,19,419,California
Sierra,2021-02-03,6,537,5,67,1,470,0,0,5,311,1,113,5,424,California
Sierra,2021-02-04,103,640,5,72,98,568,0,0,54,316,49,162,54,478,California
Sierra,2021-02-05,6,646,4,76,2,570,0,0,5,320,1,163,5,483,California
Sierra,2021-02-09,51,697,0,76,51,621,0,0,48,365,3,166,48,531,California
Sierra,2021-02-10,5,702,2,78,3,624,0,0,4,368,1,167,4,535,California
Sierra,2021-02-11,196,898,1,79,195,819,0,0,134,440,62,229,134,669,California
Sierra,2021-02-12,20,918,0,79,20,839,0,0,20,460,0,229,20,689,California
Sierra,2021-02-13,1,919,1,80,0,839,0,0,1,461,0,229,1,690,California
Sierra,2021-02-15,2,921,2,82,0,839,0,0,0,459,2,231,0,690,California
Sierra,2021-02-16,43,964,0,82,43,882,0,0,10,436,33,264,10,700,California
Sierra,2021-02-17,4,968,0,82,4,886,0,0,1,434,3,267,1,701,California
Sierra,2021-02-18,140,1108,0,82,140,1026,0,0,91,476,49,316,91,792,California
Sierra,2021-02-19,2,1110,1,83,1,1027,0,0,1,476,1,317,1,793,California
Sierra,2021-02-20,2,1112,2,85,0,1027,0,0,0,474,2,319,0,793,California
Sierra,2021-02-22,1,1113,1,86,0,1027,0,0,1,475,0,319,1,794,California
Sierra,2021-02-23,4,1117,0,86,4,1031,0,0,4,479,0,319,4,798,California
Sierra,2021-02-24,3,1120,2,88,1,1032,0,0,3,482,0,319,3,801,California
Sierra,2021-02-25,125,1245,2,90,123,1155,0,0,58,474,66,385,58,859,California
Sierra,2021-02-26,11,1256,6,96,5,1160,0,0,4,471,7,392,4,863,California
Sierra,2021-02-27,2,1258,2,98,0,1160,0,0,0,469,2,394,0,863,California
Sierra,2021-03-01,2,1260,2,100,0,1160,0,0,0,467,2,396,0,863,California
Sierra,2021-03-02,56,1316,0,100,56,1216,0,0,38,487,18,414,38,901,California
Sierra,2021-03-03,2,1318,2,102,0,1216,0,0,1,487,1,415,1,902,California
Sierra,2021-03-04,109,1427,0,102,109,1325,0,0,60,498,49,464,60,962,California
Sierra,2021-03-05,14,1441,2,104,12,1337,0,0,12,508,2,466,12,974,California
Sierra,2021-03-07,1,1442,1,105,0,1337,0,0,0,507,1,467,0,974,California
Sierra,2021-03-08,2,1444,2,107,0,1337,0,0,2,509,0,467,2,976,California
Sierra,2021-03-09,56,1500,0,107,56,1393,0,0,12,477,44,511,12,988,California
Sierra,2021-03-10,6,1506,0,107,6,1399,0,0,4,479,2,513,4,992,California
Sierra,2021-03-11,176,1682,0,107,176,1575,0,0,44,391,132,645,44,1036,California
Sierra,2021-03-12,20,1702,1,108,19,1594,0,0,0,371,20,665,0,1036,California
Sierra,2021-03-13,28,1730,0,108,28,1622,0,0,28,399,0,665,28,1064,California
Sierra,2021-03-14,1,1731,0,108,0,1622,1,1,0,399,1,666,1,1065,California
Sierra,2021-03-15,1,1732,1,109,0,1622,0,1,0,398,1,667,0,1065,California
Sierra,2021-03-16,35,1767,0,109,34,1656,1,2,22,408,13,680,23,1088,California
Sierra,2021-03-17,4,1771,3,112,1,1657,0,2,1,406,3,683,1,1089,California
Sierra,2021-03-18,158,1929,0,112,158,1815,0,2,65,378,93,776,65,1154,California
Sierra,2021-03-19,4,1933,2,114,2,1817,0,2,1,376,3,779,1,1155,California
Sierra,2021-03-20,1,1934,0,114,1,1818,0,2,1,377,0,779,1,1156,California
Sierra,2021-03-23,22,1956,0,114,22,1840,0,2,13,381,9,788,13,1169,California
Sierra,2021-03-24,3,1959,1,115,2,1842,0,2,1,380,2,790,1,1170,California
Sierra,2021-03-25,99,2058,1,116,98,1940,0,2,50,381,49,839,50,1220,California
Sierra,2021-03-26,12,2070,1,117,11,1951,0,2,8,385,4,843,8,1228,California
Sierra,2021-03-27,2,2072,1,118,1,1952,0,2,0,383,2,845,0,1228,California
Sierra,2021-03-29,1,2073,1,119,0,1952,0,2,0,382,1,846,0,1228,California
Sierra,2021-03-30,55,2128,1,120,54,2006,0,2,22,371,33,879,22,1250,California
Sierra,2021-03-31,8,2136,0,120,8,2014,0,2,8,379,0,879,8,1258,California
Sierra,2021-04-01,64,2200,2,122,62,2076,0,2,6,329,56,935,6,1264,California
Sierra,2021-04-02,3,2203,2,124,1,2077,0,2,2,330,1,936,2,1266,California
Sierra,2021-04-04,1,2204,0,124,1,2078,0,2,0,330,0,936,0,1266,California
Sierra,2021-04-06,11,2215,0,124,11,2089,0,2,1,321,10,946,1,1267,California
Sierra,2021-04-07,14,2229,3,127,6,2095,5,7,3,319,10,956,8,1275,California
Sierra,2021-04-08,54,2283,2,129,52,2147,0,7,16,297,38,994,16,1291,California
Sierra,2021-04-09,2,2285,2,131,0,2147,0,7,1,297,1,995,1,1292,California
Sierra,2021-04-10,27,2312,0,131,27,2174,0,7,0,270,27,1022,0,1292,California
Sierra,2021-04-13,45,2357,0,131,45,2219,0,7,5,235,40,1062,5,1297,California
Sierra,2021-04-14,1,2358,0,131,1,2220,0,7,1,236,0,1062,1,1298,California
Sierra,2021-04-15,49,2407,1,132,48,2268,0,7,2,191,47,1109,2,1300,California
Sierra,2021-04-16,1,2408,0,132,1,2269,0,7,1,192,0,1109,1,1301,California
Sierra,2021-04-17,2,2410,1,133,1,2270,0,7,1,192,1,1110,1,1302,California
Sierra,2021-04-19,1,2411,1,134,0,2270,0,7,0,191,1,1111,0,1302,California
Sierra,2021-04-20,34,2445,1,135,33,2303,0,7,7,171,27,1138,7,1309,California
Sierra,2021-04-21,2,2447,1,136,1,2304,0,7,1,171,1,1139,1,1310,California
Sierra,2021-04-22,65,2512,2,138,63,2367,0,7,5,117,59,1198,5,1315,California
Sierra,2021-04-23,13,2525,0,138,13,2380,0,7,5,114,8,1206,5,1320,California
Sierra,2021-04-24,4,2529,0,138,4,2384,0,7,4,118,0,1206,4,1324,California
Sierra,2021-04-25,1,2530,1,139,0,2384,0,7,1,119,0,1206,1,1325,California
Sierra,2021-04-27,28,2558,1,140,27,2411,0,7,5,101,23,1229,5,1330,California
Sierra,2021-04-28,10,2568,2,142,8,2419,0,7,1,93,9,1238,1,1331,California
Sierra,2021-04-29,20,2588,2,144,18,2437,0,7,14,101,6,1244,14,1345,California
Sierra,2021-04-30,4,2592,2,146,2,2439,0,7,2,101,2,1246,2,1347,California
Sierra,2021-05-03,1,2593,1,147,0,2439,0,7,1,102,0,1246,1,1348,California
Sierra,2021-05-04,1,2594,0,147,1,2440,0,7,0,101,1,1247,0,1348,California
Sierra,2021-05-05,23,2617,0,147,23,2463,0,7,8,94,15,1262,8,1356,California
Sierra,2021-05-06,1,2618,1,148,0,2463,0,7,0,93,1,1263,0,1356,California
Sierra,2021-05-07,1,2619,1,149,0,2463,0,7,1,94,0,1263,1,1357,California
Sierra,2021-05-08,1,2620,0,149,0,2463,1,8,0,94,1,1264,1,1358,California
Sierra,2021-05-11,11,2631,0,149,4,2467,7,15,0,90,11,1275,7,1365,California
Sierra,2021-05-12,10,2641,1,150,9,2476,0,15,7,94,3,1278,7,1372,California
Sierra,2021-05-13,4,2645,3,153,1,2477,0,15,3,96,1,1279,3,1375,California
Sierra,2021-05-14,6,2651,2,155,4,2481,0,15,5,100,1,1280,5,1380,California
Sierra,2021-05-15,1,2652,0,155,0,2481,1,16,0,100,1,1281,1,1381,California
Sierra,2021-05-17,2,2654,1,156,1,2482,0,16,1,100,1,1282,1,1382,California
Sierra,2021-05-18,4,2658,2,158,1,2483,1,17,1,99,3,1285,2,1384,California
Sierra,2021-05-19,5,2663,2,160,3,2486,0,17,1,96,4,1289,1,1385,California
Sierra,2021-05-20,2,2665,2,162,0,2486,0,17,2,98,0,1289,2,1387,California
Siskiyou,2020-12-16,2,2,2,2,0,0,0,0,2,2,0,0,2,2,California
Siskiyou,2020-12-17,4,6,4,6,0,0,0,0,4,6,0,0,4,6,California
Siskiyou,2020-12-18,2,8,2,8,0,0,0,0,2,8,0,0,2,8,California
Siskiyou,2020-12-19,4,12,4,12,0,0,0,0,4,12,0,0,4,12,California
Siskiyou,2020-12-20,1,13,1,13,0,0,0,0,1,13,0,0,1,13,California
Siskiyou,2020-12-21,132,145,132,145,0,0,0,0,132,145,0,0,132,145,California
Siskiyou,2020-12-22,158,303,158,303,0,0,0,0,158,303,0,0,158,303,California
Siskiyou,2020-12-23,142,445,142,445,0,0,0,0,142,445,0,0,142,445,California
Siskiyou,2020-12-24,5,450,5,450,0,0,0,0,5,450,0,0,5,450,California
Siskiyou,2020-12-26,2,452,0,450,2,2,0,0,2,452,0,0,2,452,California
Siskiyou,2020-12-27,2,454,0,450,2,4,0,0,2,454,0,0,2,454,California
Siskiyou,2020-12-28,3,457,1,451,2,6,0,0,3,457,0,0,3,457,California
Siskiyou,2020-12-29,6,463,2,453,4,10,0,0,6,463,0,0,6,463,California
Siskiyou,2020-12-30,98,561,3,456,95,105,0,0,98,561,0,0,98,561,California
Siskiyou,2020-12-31,12,573,0,456,12,117,0,0,12,573,0,0,12,573,California
Siskiyou,2021-01-02,1,574,1,457,0,117,0,0,1,574,0,0,1,574,California
Siskiyou,2021-01-03,1,575,0,457,1,118,0,0,1,575,0,0,1,575,California
Siskiyou,2021-01-04,130,705,3,460,127,245,0,0,130,705,0,0,130,705,California
Siskiyou,2021-01-05,116,821,4,464,112,357,0,0,115,819,1,1,115,820,California
Siskiyou,2021-01-06,59,880,6,470,53,410,0,0,55,870,4,5,55,875,California
Siskiyou,2021-01-07,177,1057,4,474,173,583,0,0,176,1045,1,6,176,1051,California
Siskiyou,2021-01-08,41,1098,3,477,38,621,0,0,39,1082,2,8,39,1090,California
Siskiyou,2021-01-09,2,1100,2,479,0,621,0,0,0,1080,2,10,0,1090,California
Siskiyou,2021-01-11,226,1326,65,544,161,782,0,0,163,1180,63,73,163,1253,California
Siskiyou,2021-01-12,322,1648,274,818,48,830,0,0,89,1037,233,306,90,1343,California
Siskiyou,2021-01-13,157,1805,137,955,20,850,0,0,23,926,134,440,23,1366,California
Siskiyou,2021-01-14,26,1831,1,956,25,875,0,0,25,950,1,441,25,1391,California
Siskiyou,2021-01-15,35,1866,3,959,32,907,0,0,35,985,0,441,35,1426,California
Siskiyou,2021-01-16,7,1873,2,961,5,912,0,0,7,992,0,441,7,1433,California
Siskiyou,2021-01-17,1,1874,1,962,0,912,0,0,0,991,1,442,0,1433,California
Siskiyou,2021-01-18,77,1951,4,966,73,985,0,0,75,1064,2,444,75,1508,California
Siskiyou,2021-01-19,21,1972,1,967,20,1005,0,0,20,1083,1,445,20,1528,California
Siskiyou,2021-01-20,47,2019,35,1002,12,1017,0,0,43,1122,4,449,43,1571,California
Siskiyou,2021-01-21,42,2061,1,1003,41,1058,0,0,42,1164,0,449,42,1613,California
Siskiyou,2021-01-22,1327,3388,1175,2178,152,1210,0,0,1327,2491,0,449,1327,2940,California
Siskiyou,2021-01-23,5,3393,1,2179,4,1214,0,0,2,2490,3,452,2,2942,California
Siskiyou,2021-01-25,182,3575,8,2187,174,1388,0,0,178,2664,4,456,178,3120,California
Siskiyou,2021-01-26,148,3723,3,2190,145,1533,0,0,140,2796,8,464,140,3260,California
Siskiyou,2021-01-27,181,3904,1,2191,180,1713,0,0,126,2867,55,519,126,3386,California
Siskiyou,2021-01-28,231,4135,117,2308,114,1827,0,0,225,3086,6,525,225,3611,California
Siskiyou,2021-01-29,249,4384,3,2311,246,2073,0,0,247,3331,2,527,247,3858,California
Siskiyou,2021-01-30,3,4387,2,2313,1,2074,0,0,3,3334,0,527,3,3861,California
Siskiyou,2021-02-01,195,4582,3,2316,192,2266,0,0,105,3349,90,617,105,3966,California
Siskiyou,2021-02-02,289,4871,45,2361,244,2510,0,0,147,3354,142,759,147,4113,California
Siskiyou,2021-02-03,314,5185,1,2362,313,2823,0,0,264,3568,50,809,264,4377,California
Siskiyou,2021-02-04,322,5507,7,2369,315,3138,0,0,200,3646,122,931,200,4577,California
Siskiyou,2021-02-05,513,6020,4,2373,509,3647,0,0,349,3831,164,1095,349,4926,California
Siskiyou,2021-02-06,15,6035,0,2373,15,3662,0,0,15,3846,0,1095,15,4941,California
Siskiyou,2021-02-07,3,6038,2,2375,1,3663,0,0,3,3849,0,1095,3,4944,California
Siskiyou,2021-02-08,221,6259,5,2380,216,3879,0,0,216,4060,5,1100,216,5160,California
Siskiyou,2021-02-09,196,6455,4,2384,192,4071,0,0,163,4190,33,1133,163,5323,California
Siskiyou,2021-02-10,370,6825,40,2424,330,4401,0,0,317,4455,52,1185,317,5640,California
Siskiyou,2021-02-11,190,7015,1,2425,189,4590,0,0,174,4613,16,1201,174,5814,California
Siskiyou,2021-02-12,1690,8705,1198,3623,492,5082,0,0,501,3925,1189,2390,501,6315,California
Siskiyou,2021-02-13,36,8741,2,3625,34,5116,0,0,32,3953,4,2394,32,6347,California
Siskiyou,2021-02-14,5,8746,1,3626,4,5120,0,0,5,3958,0,2394,5,6352,California
Siskiyou,2021-02-15,107,8853,10,3636,97,5217,0,0,105,4061,2,2396,105,6457,California
Siskiyou,2021-02-16,114,8967,2,3638,112,5329,0,0,99,4145,15,2411,99,6556,California
Siskiyou,2021-02-17,185,9152,15,3653,170,5499,0,0,171,4302,14,2425,171,6727,California
Siskiyou,2021-02-18,221,9373,88,3741,133,5632,0,0,98,4277,123,2548,98,6825,California
Siskiyou,2021-02-19,71,9444,34,3775,37,5669,0,0,34,4274,37,2585,34,6859,California
Siskiyou,2021-02-20,21,9465,3,3778,18,5687,0,0,17,4287,4,2589,17,6876,California
Siskiyou,2021-02-21,1,9466,1,3779,0,5687,0,0,1,4288,0,2589,1,6877,California
Siskiyou,2021-02-22,125,9591,2,3781,123,5810,0,0,19,4201,106,2695,19,6896,California
Siskiyou,2021-02-23,197,9788,15,3796,182,5992,0,0,53,4110,144,2839,53,6949,California
Siskiyou,2021-02-24,147,9935,4,3800,143,6135,0,0,35,4033,112,2951,35,6984,California
Siskiyou,2021-02-25,301,10236,24,3824,277,6412,0,0,155,4042,146,3097,155,7139,California
Siskiyou,2021-02-26,670,10906,11,3835,659,7071,0,0,368,4108,302,3399,368,7507,California
Siskiyou,2021-02-27,33,10939,5,3840,28,7099,0,0,28,4131,5,3404,28,7535,California
Siskiyou,2021-02-28,5,10944,4,3844,1,7100,0,0,4,4134,1,3405,4,7539,California
Siskiyou,2021-03-01,280,11224,6,3850,274,7374,0,0,50,3954,230,3635,50,7589,California
Siskiyou,2021-03-02,190,11414,1,3851,189,7563,0,0,70,3904,120,3755,70,7659,California
Siskiyou,2021-03-03,345,11759,7,3858,338,7901,0,0,155,3869,190,3945,155,7814,California
Siskiyou,2021-03-04,794,12553,621,4479,173,8074,0,0,637,4349,157,4102,637,8451,California
Siskiyou,2021-03-05,326,12879,6,4485,309,8383,11,11,105,4247,218,4320,116,8567,California
Siskiyou,2021-03-06,43,12922,3,4488,33,8416,7,18,28,4267,15,4335,35,8602,California
Siskiyou,2021-03-07,12,12934,4,4492,0,8416,8,26,3,4269,9,4344,11,8613,California
Siskiyou,2021-03-08,361,13295,31,4523,295,8711,35,61,59,4061,302,4646,94,8707,California
Siskiyou,2021-03-09,164,13459,2,4525,108,8819,54,115,57,4065,107,4753,111,8818,California
Siskiyou,2021-03-10,222,13681,7,4532,185,9004,30,145,31,3935,191,4944,61,8879,California
Siskiyou,2021-03-11,475,14156,206,4738,222,9226,47,192,275,4058,199,5143,322,9201,California
Siskiyou,2021-03-12,648,14804,141,4879,468,9694,39,231,184,3819,462,5605,223,9424,California
Siskiyou,2021-03-13,428,15232,381,5260,24,9718,23,254,382,4178,46,5651,405,9829,California
Siskiyou,2021-03-14,20,15252,1,5261,3,9721,16,270,2,4178,18,5669,18,9847,California
Siskiyou,2021-03-15,456,15708,258,5519,176,9897,22,292,322,4388,134,5803,344,10191,California
Siskiyou,2021-03-16,256,15964,33,5552,206,10103,17,309,140,4430,115,5918,157,10348,California
Siskiyou,2021-03-17,202,16166,9,5561,185,10288,8,317,34,4304,168,6086,42,10390,California
Siskiyou,2021-03-18,926,17092,788,6349,126,10414,12,329,810,5010,116,6202,822,11212,California
Siskiyou,2021-03-19,68,17160,10,6359,45,10459,13,342,20,4995,48,6250,33,11245,California
Siskiyou,2021-03-20,30,17190,7,6366,18,10477,5,347,6,4982,24,6274,11,11256,California
Siskiyou,2021-03-21,10,17200,4,6370,1,10478,5,352,4,4985,6,6280,9,11265,California
Siskiyou,2021-03-22,208,17408,21,6391,165,10643,22,374,145,5092,60,6340,167,11432,California
Siskiyou,2021-03-23,196,17604,19,6410,167,10810,10,384,141,5188,55,6395,151,11583,California
Siskiyou,2021-03-24,140,17744,47,6457,93,10903,0,384,115,5278,25,6420,115,11698,California
Siskiyou,2021-03-25,572,18316,320,6777,249,11152,3,387,400,5509,172,6592,403,12101,California
Siskiyou,2021-03-26,305,18621,35,6812,270,11422,0,387,104,5414,199,6791,104,12205,California
Siskiyou,2021-03-27,37,18658,4,6816,28,11450,5,392,9,5400,28,6819,14,12219,California
Siskiyou,2021-03-28,8,18666,7,6823,1,11451,0,392,5,5402,3,6822,5,12224,California
Siskiyou,2021-03-29,98,18764,11,6834,85,11536,2,394,47,5401,50,6872,49,12273,California
Siskiyou,2021-03-30,102,18866,7,6841,94,11630,1,395,41,5382,61,6933,42,12315,California
Siskiyou,2021-03-31,189,19055,20,6861,166,11796,3,398,48,5294,140,7073,52,12367,California
Siskiyou,2021-04-01,830,19885,672,7533,158,11954,0,398,214,4892,616,7689,214,12581,California
Siskiyou,2021-04-02,347,20232,197,7730,146,12100,4,402,66,4683,279,7968,70,12651,California
Siskiyou,2021-04-03,26,20258,5,7735,14,12114,7,409,5,4674,21,7989,12,12663,California
Siskiyou,2021-04-04,2,20260,1,7736,1,12115,0,409,1,4674,1,7990,1,12664,California
Siskiyou,2021-04-05,439,20699,333,8069,80,12195,26,435,27,4317,411,8401,54,12718,California
Siskiyou,2021-04-06,220,20919,36,8105,130,12325,54,489,125,4401,94,8495,178,12896,California
Siskiyou,2021-04-07,117,21036,11,8116,64,12389,42,531,67,4460,50,8545,109,13005,California
Siskiyou,2021-04-08,349,21385,183,8299,125,12514,41,572,62,4276,287,8832,103,13108,California
Siskiyou,2021-04-09,546,21931,379,8678,130,12644,37,609,83,3935,462,9294,121,13229,California
Siskiyou,2021-04-10,46,21977,6,8684,3,12647,37,646,7,3940,39,9333,44,13273,California
Siskiyou,2021-04-11,8,21985,5,8689,1,12648,2,648,2,3938,6,9339,4,13277,California
Siskiyou,2021-04-12,129,22114,25,8714,103,12751,1,649,49,3908,80,9419,50,13327,California
Siskiyou,2021-04-13,205,22319,36,8750,168,12919,1,650,79,3862,126,9545,80,13407,California
Siskiyou,2021-04-14,157,22476,65,8815,92,13011,0,650,86,3879,69,9614,86,13493,California
Siskiyou,2021-04-15,1115,23591,955,9770,160,13171,0,650,434,3633,680,10294,434,13927,California
Siskiyou,2021-04-16,299,23890,207,9977,92,13263,0,650,268,3871,30,10324,268,14195,California
Siskiyou,2021-04-17,11,23901,8,9985,3,13266,0,650,7,3874,4,10328,7,14202,California
Siskiyou,2021-04-18,6,23907,3,9988,3,13269,0,650,2,3872,4,10332,2,14204,California
Siskiyou,2021-04-19,128,24035,25,10013,103,13372,0,650,45,3834,83,10415,45,14249,California
Siskiyou,2021-04-20,238,24273,5,10018,233,13605,0,650,95,3786,143,10558,95,14344,California
Siskiyou,2021-04-21,94,24367,10,10028,84,13689,0,650,25,3742,69,10627,25,14369,California
Siskiyou,2021-04-22,415,24782,302,10330,113,13802,0,650,50,3427,365,10992,50,14419,California
Siskiyou,2021-04-23,178,24960,13,10343,165,13967,0,650,156,3562,21,11013,156,14575,California
Siskiyou,2021-04-24,27,24987,4,10347,23,13990,0,650,19,3573,8,11021,19,14594,California
Siskiyou,2021-04-25,3,24990,0,10347,3,13993,0,650,3,3576,0,11021,3,14597,California
Siskiyou,2021-04-26,101,25091,7,10354,89,14082,5,655,25,3530,76,11097,30,14627,California
Siskiyou,2021-04-27,104,25195,4,10358,98,14180,2,657,84,3599,17,11114,86,14713,California
Siskiyou,2021-04-28,110,25305,8,10366,94,14274,8,665,52,3601,58,11172,60,14773,California
Siskiyou,2021-04-29,105,25410,14,10380,91,14365,0,665,25,3546,80,11252,25,14798,California
Siskiyou,2021-04-30,101,25511,20,10400,80,14445,1,666,44,3536,54,11306,44,14842,California
Siskiyou,2021-05-01,11,25522,7,10407,1,14446,3,669,7,3542,4,11310,10,14852,California
Siskiyou,2021-05-02,11,25533,5,10412,6,14452,0,669,9,3549,2,11312,9,14861,California
Siskiyou,2021-05-03,110,25643,23,10435,85,14537,2,671,47,3535,63,11375,49,14910,California
Siskiyou,2021-05-04,113,25756,6,10441,105,14642,2,673,60,3545,52,11427,62,14972,California
Siskiyou,2021-05-05,117,25873,21,10462,87,14729,9,682,39,3516,77,11504,48,15020,California
Siskiyou,2021-05-06,364,26237,293,10755,65,14794,6,688,187,3532,177,11681,193,15213,California
Siskiyou,2021-05-07,309,26546,219,10974,85,14879,5,693,33,3295,275,11956,38,15251,California
Siskiyou,2021-05-08,24,26570,4,10978,19,14898,1,694,18,3308,6,11962,19,15270,California
Siskiyou,2021-05-09,1,26571,0,10978,1,14899,0,694,0,3307,1,11963,0,15270,California
Siskiyou,2021-05-10,68,26639,37,11015,30,14929,1,695,20,3280,48,12011,21,15291,California
Siskiyou,2021-05-11,83,26722,4,11019,74,15003,5,700,48,3298,35,12046,53,15344,California
Siskiyou,2021-05-12,53,26775,4,11023,45,15048,4,704,16,3281,37,12083,20,15364,California
Siskiyou,2021-05-13,74,26849,31,11054,35,15083,8,712,33,3281,41,12124,41,15405,California
Siskiyou,2021-05-14,171,27020,79,11133,91,15174,1,713,106,3324,64,12188,107,15512,California
Siskiyou,2021-05-15,42,27062,16,11149,24,15198,2,715,35,3355,6,12194,37,15549,California
Siskiyou,2021-05-16,6,27068,2,11151,4,15202,0,715,4,3357,2,12196,4,15553,California
Siskiyou,2021-05-17,61,27129,2,11153,38,15240,21,736,8,3333,53,12249,29,15582,California
Siskiyou,2021-05-18,212,27341,80,11233,128,15368,4,740,117,3361,93,12342,121,15703,California
Siskiyou,2021-05-19,126,27467,82,11315,43,15411,1,741,101,3438,25,12367,102,15805,California
Siskiyou,2021-05-20,239,27706,199,11514,39,15450,1,742,121,3442,118,12485,122,15927,California
Solano,2020-12-15,4,4,4,4,0,0,0,0,4,4,0,0,4,4,California
Solano,2020-12-16,71,75,71,75,0,0,0,0,71,75,0,0,71,75,California
Solano,2020-12-17,154,229,154,229,0,0,0,0,154,229,0,0,154,229,California
Solano,2020-12-18,445,674,444,673,1,1,0,0,445,674,0,0,445,674,California
Solano,2020-12-19,518,1192,518,1191,0,1,0,0,518,1192,0,0,518,1192,California
Solano,2020-12-20,355,1547,353,1544,2,3,0,0,355,1547,0,0,355,1547,California
Solano,2020-12-21,573,2120,571,2115,2,5,0,0,573,2120,0,0,573,2120,California
Solano,2020-12-22,663,2783,630,2745,33,38,0,0,663,2783,0,0,663,2783,California
Solano,2020-12-23,863,3646,774,3519,89,127,0,0,862,3645,0,0,862,3645,California
Solano,2020-12-24,422,4068,171,3690,251,378,0,0,422,4067,0,0,422,4067,California
Solano,2020-12-25,10,4078,2,3692,8,386,0,0,10,4077,0,0,10,4077,California
Solano,2020-12-26,175,4253,48,3740,127,513,0,0,175,4252,0,0,175,4252,California
Solano,2020-12-27,104,4357,29,3769,75,588,0,0,104,4356,0,0,104,4356,California
Solano,2020-12-28,862,5219,420,4189,442,1030,0,0,862,5218,0,0,862,5218,California
Solano,2020-12-29,899,6118,376,4565,523,1553,0,0,899,6117,0,0,899,6117,California
Solano,2020-12-30,1237,7355,600,5165,637,2190,0,0,1237,7354,0,0,1237,7354,California
Solano,2020-12-31,537,7892,137,5302,400,2590,0,0,537,7891,0,0,537,7891,California
Solano,2021-01-01,15,7907,14,5316,1,2591,0,0,15,7906,0,0,15,7906,California
Solano,2021-01-02,213,8120,165,5481,48,2639,0,0,213,8119,0,0,213,8119,California
Solano,2021-01-03,57,8177,40,5521,17,2656,0,0,52,8171,0,0,52,8171,California
Solano,2021-01-04,451,8628,246,5767,205,2861,0,0,441,8609,3,3,441,8612,California
Solano,2021-01-05,730,9358,377,6144,353,3214,0,0,576,9036,149,152,576,9188,California
Solano,2021-01-06,845,10203,437,6581,408,3622,0,0,582,9357,261,413,582,9770,California
Solano,2021-01-07,1069,11272,684,7265,385,4007,0,0,612,9515,455,868,613,10383,California
Solano,2021-01-08,1142,12414,779,8044,363,4370,0,0,549,9491,575,1443,551,10934,California
Solano,2021-01-09,886,13300,763,8807,123,4493,0,0,429,9466,454,1897,429,11363,California
Solano,2021-01-10,254,13554,194,9001,60,4553,0,0,152,9516,102,1999,152,11515,California
Solano,2021-01-11,1330,14884,1119,10120,211,4764,0,0,813,9812,517,2516,813,12328,California
Solano,2021-01-12,1571,16455,1171,11291,400,5164,0,0,1020,10283,550,3066,1021,13349,California
Solano,2021-01-13,1468,17923,1007,12298,461,5625,0,0,1209,11235,257,3323,1209,14558,California
Solano,2021-01-14,1890,19813,816,13114,1074,6699,0,0,1576,12497,314,3637,1576,16134,California
Solano,2021-01-15,1696,21509,1060,14174,636,7335,0,0,1398,13597,298,3935,1398,17532,California
Solano,2021-01-16,1288,22797,902,15076,386,7721,0,0,1113,14535,175,4110,1113,18645,California
Solano,2021-01-17,1046,23843,762,15838,284,8005,0,0,1027,15543,19,4129,1027,19672,California
Solano,2021-01-18,1414,25257,856,16694,558,8563,0,0,1297,16725,117,4246,1299,20971,California
Solano,2021-01-19,1652,26909,1340,18034,312,8875,0,0,1380,17834,271,4517,1380,22351,California
Solano,2021-01-20,2034,28943,1423,19457,611,9486,0,0,1546,18895,485,5002,1546,23897,California
Solano,2021-01-21,3177,32120,1011,20468,2166,11652,0,0,2825,21369,352,5354,2826,26723,California
Solano,2021-01-22,1774,33894,846,21314,928,12580,0,0,1584,22763,190,5544,1584,28307,California
Solano,2021-01-23,737,34631,243,21557,494,13074,0,0,532,23090,206,5750,533,28840,California
Solano,2021-01-24,405,35036,61,21618,344,13418,0,0,338,23361,67,5817,338,29178,California
Solano,2021-01-25,1665,36701,628,22246,1037,14455,0,0,1111,23920,553,6370,1112,30290,California
Solano,2021-01-26,1774,38475,738,22984,1036,15491,0,0,1142,24432,631,7001,1143,31433,California
Solano,2021-01-27,1796,40271,726,23710,1070,16561,0,0,1183,25015,600,7601,1183,32616,California
Solano,2021-01-28,1959,42230,707,24417,1252,17813,0,0,1366,25790,592,8193,1367,33983,California
Solano,2021-01-29,1703,43933,786,25203,917,18730,0,0,1345,26779,356,8549,1345,35328,California
Solano,2021-01-30,713,44646,221,25424,492,19222,0,0,552,27170,161,8710,552,35880,California
Solano,2021-01-31,484,45130,394,25818,90,19312,0,0,229,27145,255,8965,230,36110,California
Solano,2021-02-01,1511,46641,990,26808,521,19833,0,0,769,27175,739,9704,769,36879,California
Solano,2021-02-02,3358,49999,1113,27921,2245,22078,0,0,2528,28877,826,10530,2528,39407,California
Solano,2021-02-03,2267,52266,1309,29230,958,23036,0,0,1163,28940,1100,11630,1163,40570,California
Solano,2021-02-04,1804,54070,912,30142,892,23928,0,0,1077,29295,722,12352,1077,41647,California
Solano,2021-02-05,3096,57166,1418,31560,1678,25606,0,0,2092,30391,996,13348,2092,43739,California
Solano,2021-02-06,3055,60221,1169,32729,1886,27492,0,0,2240,31820,811,14159,2240,45979,California
Solano,2021-02-07,847,61068,783,33512,64,27556,0,0,231,31435,616,14775,231,46210,California
Solano,2021-02-08,1752,62820,1234,34746,518,28074,0,0,711,31107,1039,15814,711,46921,California
Solano,2021-02-09,1949,64769,1486,36232,463,28537,0,0,699,30557,1249,17063,699,47620,California
Solano,2021-02-10,2266,67035,1497,37729,769,29306,0,0,821,29933,1445,18508,821,48441,California
Solano,2021-02-11,2506,69541,1488,39217,1018,30324,0,0,1198,29833,1298,19806,1198,49639,California
Solano,2021-02-12,4211,73752,1619,40836,2592,32916,0,0,2866,31361,1338,21144,2866,52505,California
Solano,2021-02-13,2866,76618,249,41085,2617,35533,0,0,2452,33402,411,21555,2452,54957,California
Solano,2021-02-14,704,77322,202,41287,502,36035,0,0,412,33525,290,21845,413,55370,California
Solano,2021-02-15,1314,78636,324,41611,990,37025,0,0,679,33570,634,22479,679,56049,California
Solano,2021-02-16,2562,81198,1388,42999,1174,38199,0,0,1667,34344,894,23373,1668,57717,California
Solano,2021-02-17,3203,84401,1452,44451,1751,39950,0,0,2165,35475,1035,24408,2166,59883,California
Solano,2021-02-18,2856,87257,845,45296,2011,41961,0,0,852,34330,1998,26406,853,60736,California
Solano,2021-02-19,2400,89657,1448,46744,952,42913,0,0,1172,34280,1224,27630,1174,61910,California
Solano,2021-02-20,2569,92226,382,47126,2187,45100,0,0,2096,35902,474,28104,2096,64006,California
Solano,2021-02-21,2195,94421,1881,49007,314,45414,0,0,1884,37479,307,28411,1884,65890,California
Solano,2021-02-22,1724,96145,1050,50057,674,46088,0,0,910,37578,812,29223,911,66801,California
Solano,2021-02-23,2860,99005,1096,51153,1764,47852,0,0,1955,38631,902,30125,1955,68756,California
Solano,2021-02-24,2478,101483,1245,52398,1233,49085,0,0,1387,38929,1089,31214,1387,70143,California
Solano,2021-02-25,2406,103889,1448,53846,958,50043,0,0,1316,39161,1084,32298,1316,71459,California
Solano,2021-02-26,3187,107076,2029,55875,1158,51201,0,0,1867,39713,1315,33613,1867,73326,California
Solano,2021-02-27,3667,110743,1387,57262,2279,53480,1,1,2967,41989,692,34305,2968,76294,California
Solano,2021-02-28,1372,112115,1041,58303,331,53811,0,1,1093,42807,276,34581,1094,77388,California
Solano,2021-03-01,2456,114571,1063,59366,1392,55203,1,2,1850,44057,601,35182,1851,79239,California
Solano,2021-03-02,2234,116805,1400,60766,834,56037,0,2,1291,44405,943,36125,1291,80530,California
Solano,2021-03-03,2216,119021,1258,62024,958,56995,0,2,1379,44956,829,36954,1380,81910,California
Solano,2021-03-04,4365,123386,3420,65444,943,57938,2,4,3146,46898,1209,38163,3151,85061,California
Solano,2021-03-05,4919,128305,1681,67125,3233,61171,5,9,3952,49898,957,39120,3957,89018,California
Solano,2021-03-06,3841,132146,831,67956,2971,64142,39,48,2644,51394,1187,40307,2683,91701,California
Solano,2021-03-07,3562,135708,756,68712,2796,66938,10,58,1964,51783,1586,41893,1975,93676,California
Solano,2021-03-08,2127,137835,1331,70043,526,67464,270,328,1609,53148,512,42405,1877,95553,California
Solano,2021-03-09,3219,141054,1568,71611,1597,69061,54,382,2316,54613,902,43307,2367,97920,California
Solano,2021-03-10,2417,143471,1760,73371,571,69632,86,468,1270,54824,1143,44450,1354,99274,California
Solano,2021-03-11,6014,149485,1752,75123,4008,73640,254,722,4964,58996,1046,45496,5218,104492,California
Solano,2021-03-12,6002,155487,1567,76690,4257,77897,178,900,3175,59526,2823,48319,3353,107845,California
Solano,2021-03-13,4579,160066,805,77495,3689,81586,85,985,2237,59515,2335,50654,2324,110169,California
Solano,2021-03-14,3997,164063,3121,80616,423,82009,453,1438,1639,59251,2353,53007,2089,112258,California
Solano,2021-03-15,4015,168078,2453,83069,1243,83252,319,1757,2517,60596,1490,54497,2835,115093,California
Solano,2021-03-16,3090,171168,1325,84394,1531,84783,234,1991,1573,60891,1512,56009,1807,116900,California
Solano,2021-03-17,6374,177542,1669,86063,4614,89397,91,2082,4902,64415,1469,57478,4993,121893,California
Solano,2021-03-18,5197,182739,1846,87909,3313,92710,38,2120,3823,66910,1366,58844,3861,125754,California
Solano,2021-03-19,3547,186286,2625,90534,849,93559,73,2193,1804,67053,1735,60579,1878,127632,California
Solano,2021-03-20,5527,191813,1667,92201,3806,97365,54,2247,2831,67251,2687,63266,2885,130517,California
Solano,2021-03-21,1668,193481,1563,93764,81,97446,24,2271,854,67316,811,64077,876,131393,California
Solano,2021-03-22,2665,196146,2035,95799,580,98026,50,2321,1667,68037,992,65069,1713,133106,California
Solano,2021-03-23,3509,199655,1665,97464,1802,99828,42,2363,1412,67397,2093,67162,1453,134559,California
Solano,2021-03-24,2817,202472,1763,99227,1019,100847,35,2398,1369,67358,1442,68604,1403,135962,California
Solano,2021-03-25,4856,207328,3980,103207,841,101688,35,2433,2279,67100,2573,71177,2315,138277,California
Solano,2021-03-26,3216,210544,2088,105295,1092,102780,36,2469,1735,67400,1472,72649,1772,140049,California
Solano,2021-03-27,4190,214734,1149,106444,3004,105784,37,2506,1793,66839,2391,75040,1830,141879,California
Solano,2021-03-28,1415,216149,1105,107549,292,106076,18,2524,548,66542,863,75903,566,142445,California
Solano,2021-03-29,3496,219645,2040,109589,1439,107515,17,2541,1582,66240,1901,77804,1599,144044,California
Solano,2021-03-30,3004,222649,2011,111600,903,108418,90,2631,1868,67063,1135,78939,1958,146002,California
Solano,2021-03-31,3128,225777,2131,113731,839,109257,158,2789,1838,67769,1287,80226,1993,147995,California
Solano,2021-04-01,5536,231313,2107,115838,3283,112540,146,2935,3500,69394,2024,82250,3649,151644,California
Solano,2021-04-02,6574,237887,2219,118057,4188,116728,167,3102,2544,68095,4015,86265,2716,154360,California
Solano,2021-04-03,1533,239420,966,119023,413,117141,154,3256,568,67854,963,87228,722,155082,California
Solano,2021-04-04,779,240199,287,119310,190,117331,302,3558,240,67861,535,87763,542,155624,California
Solano,2021-04-05,2982,243181,2038,121348,738,118069,206,3764,1513,68116,1467,89230,1722,157346,California
Solano,2021-04-06,5991,249172,1627,122975,3874,121943,490,4254,1628,65879,4357,93587,2120,159466,California
Solano,2021-04-07,5883,255055,4554,127529,936,122879,393,4647,3347,67101,2519,96106,3741,163207,California
Solano,2021-04-08,6410,261465,1782,129311,3771,126650,857,5504,1799,65166,4583,100689,2648,165855,California
Solano,2021-04-09,6244,267709,1657,130968,3746,130396,841,6345,1512,62804,4709,105398,2347,168202,California
Solano,2021-04-10,1721,269430,949,131917,450,130846,322,6667,794,62993,926,106324,1115,169317,California
Solano,2021-04-11,1226,270656,760,132677,337,131183,129,6796,637,63173,586,106910,766,170083,California
Solano,2021-04-12,3250,273906,1669,134346,1223,132406,358,7154,1339,62962,1906,108816,1695,171778,California
Solano,2021-04-13,2529,276435,1091,135437,1437,133843,1,7155,1319,63076,1206,110022,1320,173098,California
Solano,2021-04-14,6443,282878,1945,137382,4498,138341,0,7155,1848,60337,4588,114610,1849,174947,California
Solano,2021-04-15,5669,288547,2137,139519,3532,141873,0,7155,1720,58121,3936,118546,1720,176667,California
Solano,2021-04-16,3663,292210,2573,142092,1088,142961,2,7157,2277,59021,1379,119925,2279,178946,California
Solano,2021-04-17,3255,295465,1060,143152,2195,145156,0,7157,1130,58035,2117,122042,1131,180077,California
Solano,2021-04-18,1005,296470,611,143763,394,145550,0,7157,530,58091,474,122516,530,180607,California
Solano,2021-04-19,2108,298578,1161,144924,947,146497,0,7157,1173,58337,929,123445,1175,181782,California
Solano,2021-04-20,3011,301589,1836,146760,1175,147672,0,7157,1677,58684,1330,124775,1677,183459,California
Solano,2021-04-21,3557,305146,2328,149088,1229,148901,0,7157,1787,58705,1766,126541,1787,185246,California
Solano,2021-04-22,2920,308066,1474,150562,1446,150347,0,7157,1774,59335,1144,127685,1774,187020,California
Solano,2021-04-23,4132,312198,2073,152635,2059,152406,0,7157,2476,60164,1648,129333,2477,189497,California
Solano,2021-04-24,3812,316010,2280,154915,1530,153936,2,7159,2520,61482,1204,130537,2522,192019,California
Solano,2021-04-25,1431,317441,1117,156032,314,154250,0,7159,1131,62320,293,130830,1131,193150,California
Solano,2021-04-26,2457,319898,1595,157627,858,155108,4,7163,1315,62509,1130,131960,1319,194469,California
Solano,2021-04-27,2503,322401,1244,158871,1235,156343,24,7187,1431,62900,1066,133026,1457,195926,California
Solano,2021-04-28,5164,327565,4186,163057,932,157275,46,7233,3191,64175,1962,134988,3237,199163,California
Solano,2021-04-29,4150,331715,1264,164321,2855,160130,31,7264,1690,63445,2451,137439,1721,200884,California
Solano,2021-04-30,4025,335740,2186,166507,1707,161837,132,7396,1873,63310,2140,139579,2005,202889,California
Solano,2021-05-01,2170,337910,1672,168179,298,162135,200,7596,1294,63932,872,140451,1494,204383,California
Solano,2021-05-02,1192,339102,934,169113,234,162369,24,7620,669,64107,518,140969,693,205076,California
Solano,2021-05-03,1446,340548,1004,170117,354,162723,88,7708,591,63933,854,141823,680,205756,California
Solano,2021-05-04,1784,342332,1041,171158,678,163401,65,7773,799,63813,984,142807,864,206620,California
Solano,2021-05-05,2248,344580,1408,172566,729,164130,111,7884,1082,63843,1161,143968,1191,207811,California
Solano,2021-05-06,1934,346514,1175,173741,586,164716,173,8057,707,63504,1219,145187,880,208691,California
Solano,2021-05-07,2730,349244,1880,175621,735,165451,115,8172,951,62794,1774,146961,1064,209755,California
Solano,2021-05-08,1369,350613,829,176450,425,165876,115,8287,475,62493,891,147852,590,210345,California
Solano,2021-05-09,418,351031,242,176692,165,166041,11,8298,157,62404,258,148110,169,210514,California
Solano,2021-05-10,1324,352355,608,177300,614,166655,102,8400,387,61960,934,149044,490,211004,California
Solano,2021-05-11,2222,354577,1113,178413,1023,167678,86,8486,614,61057,1603,150647,700,211704,California
Solano,2021-05-12,2043,356620,1151,179564,725,168403,167,8653,680,60551,1351,151998,845,212549,California
Solano,2021-05-13,2848,359468,1955,181519,685,169088,208,8861,1497,60907,1349,153347,1705,214254,California
Solano,2021-05-14,2340,361808,1567,183086,660,169748,113,8974,995,60681,1334,154681,1108,215362,California
Solano,2021-05-15,2783,364591,2165,185251,555,170303,63,9037,1130,60232,1642,156323,1193,216555,California
Solano,2021-05-16,1480,366071,1094,186345,355,170658,31,9068,249,59282,1229,157552,279,216834,California
Solano,2021-05-17,2400,368471,1390,187735,931,171589,79,9147,921,58816,1464,159016,998,217832,California
Solano,2021-05-18,2705,371176,1440,189175,1183,172772,82,9229,1321,58844,1376,160392,1404,219236,California
Solano,2021-05-19,4603,375779,3086,192261,1414,174186,103,9332,2133,58621,2460,162852,2237,221473,California
Solano,2021-05-20,1626,377405,1014,193275,587,174773,25,9357,684,58392,938,163790,709,222182,California
Sonoma,2020-12-15,4,4,4,4,0,0,0,0,4,4,0,0,4,4,California
Sonoma,2020-12-16,27,31,27,31,0,0,0,0,27,31,0,0,27,31,California
Sonoma,2020-12-17,103,134,103,134,0,0,0,0,103,134,0,0,103,134,California
Sonoma,2020-12-18,421,555,421,555,0,0,0,0,421,555,0,0,421,555,California
Sonoma,2020-12-19,111,666,110,665,1,1,0,0,111,666,0,0,111,666,California
Sonoma,2020-12-20,174,840,174,839,0,1,0,0,174,840,0,0,174,840,California
Sonoma,2020-12-21,911,1751,909,1748,2,3,0,0,910,1750,0,0,910,1750,California
Sonoma,2020-12-22,1357,3108,1266,3014,91,94,0,0,1357,3107,0,0,1357,3107,California
Sonoma,2020-12-23,1609,4717,1233,4247,376,470,0,0,1610,4717,0,0,1610,4717,California
Sonoma,2020-12-24,305,5022,101,4348,204,674,0,0,305,5022,0,0,305,5022,California
Sonoma,2020-12-25,8,5030,2,4350,6,680,0,0,8,5030,0,0,8,5030,California
Sonoma,2020-12-26,268,5298,257,4607,11,691,0,0,268,5298,0,0,268,5298,California
Sonoma,2020-12-27,93,5391,80,4687,13,704,0,0,93,5391,0,0,93,5391,California
Sonoma,2020-12-28,988,6379,554,5241,434,1138,0,0,959,6350,0,0,959,6350,California
Sonoma,2020-12-29,1127,7506,775,6016,352,1490,0,0,1094,7444,0,0,1094,7444,California
Sonoma,2020-12-30,1093,8599,479,6495,614,2104,0,0,1085,8529,0,0,1085,8529,California
Sonoma,2020-12-31,517,9116,71,6566,446,2550,0,0,518,9047,0,0,518,9047,California
Sonoma,2021-01-01,12,9128,6,6572,6,2556,0,0,12,9059,0,0,12,9059,California
Sonoma,2021-01-02,132,9260,126,6698,6,2562,0,0,132,9191,0,0,132,9191,California
Sonoma,2021-01-03,25,9285,11,6709,14,2576,0,0,25,9216,0,0,25,9216,California
Sonoma,2021-01-04,341,9626,105,6814,236,2812,0,0,340,9556,0,0,340,9556,California
Sonoma,2021-01-05,438,10064,103,6917,335,3147,0,0,414,9955,15,15,414,9970,California
Sonoma,2021-01-06,947,11011,432,7349,515,3662,0,0,836,10686,105,120,836,10806,California
Sonoma,2021-01-07,1031,12042,534,7883,497,4159,0,0,862,11380,168,288,862,11668,California
Sonoma,2021-01-08,1792,13834,1234,9117,558,4717,0,0,1319,12228,471,759,1319,12987,California
Sonoma,2021-01-09,639,14473,402,9519,237,4954,0,0,591,12771,48,807,591,13578,California
Sonoma,2021-01-10,472,14945,461,9980,11,4965,0,0,278,12855,194,1001,278,13856,California
Sonoma,2021-01-11,1386,16331,1239,11219,147,5112,0,0,414,12302,967,1968,414,14270,California
Sonoma,2021-01-12,1546,17877,1293,12512,253,5365,0,0,395,11548,1149,3117,395,14665,California
Sonoma,2021-01-13,2044,19921,1367,13879,677,6042,0,0,1180,11868,861,3978,1181,15846,California
Sonoma,2021-01-14,1531,21452,800,14679,731,6773,0,0,1301,12939,230,4208,1301,17147,California
Sonoma,2021-01-15,1569,23021,638,15317,931,7704,0,0,1349,14078,211,4419,1350,18497,California
Sonoma,2021-01-16,1145,24166,617,15934,528,8232,0,0,898,14733,243,4662,898,19395,California
Sonoma,2021-01-17,670,24836,549,16483,121,8353,0,0,590,15243,80,4742,590,19985,California
Sonoma,2021-01-18,1108,25944,934,17417,174,8527,0,0,617,15370,491,5233,618,20603,California
Sonoma,2021-01-19,2102,28046,1006,18423,1096,9623,0,0,1390,16051,710,5943,1391,21994,California
Sonoma,2021-01-20,2084,30130,628,19051,1456,11079,0,0,1419,16816,655,6598,1420,23414,California
Sonoma,2021-01-21,2266,32396,648,19699,1618,12697,0,0,2046,18645,218,6816,2047,25461,California
Sonoma,2021-01-22,2742,35138,1044,20743,1698,14395,0,0,2594,21092,147,6963,2594,28055,California
Sonoma,2021-01-23,768,35906,593,21336,175,14570,0,0,660,21645,107,7070,660,28715,California
Sonoma,2021-01-24,852,36758,716,22052,136,14706,0,0,836,22465,16,7086,836,29551,California
Sonoma,2021-01-25,2173,38931,520,22572,1653,16359,0,0,1686,23664,487,7573,1686,31237,California
Sonoma,2021-01-26,2017,40948,302,22874,1715,18074,0,0,1562,24772,454,8027,1562,32799,California
Sonoma,2021-01-27,3704,44652,1282,24156,2422,20496,0,0,3131,27335,571,8598,3134,35933,California
Sonoma,2021-01-28,4120,48772,1848,26004,2272,22768,0,0,3448,30115,669,9267,3449,39382,California
Sonoma,2021-01-29,2969,51741,1412,27416,1557,24325,0,0,2134,31417,833,10100,2135,41517,California
Sonoma,2021-01-30,2585,54326,2396,29812,189,24514,0,0,2243,33319,342,10442,2244,43761,California
Sonoma,2021-01-31,777,55103,665,30477,112,24626,0,0,579,33701,197,10639,579,44340,California
Sonoma,2021-02-01,2508,57611,884,31361,1624,26250,0,0,2101,35398,404,11043,2101,46441,California
Sonoma,2021-02-02,3528,61139,1373,32734,2155,28405,0,0,2958,37788,568,11611,2958,49399,California
Sonoma,2021-02-03,4043,65182,1324,34058,2719,31124,0,0,3112,39972,928,12539,3112,52511,California
Sonoma,2021-02-04,4216,69398,1725,35783,2491,33615,0,0,3425,42609,789,13328,3426,55937,California
Sonoma,2021-02-05,4819,74217,1741,37524,3078,36693,0,0,3797,45389,1018,14346,3798,59735,California
Sonoma,2021-02-06,2661,76878,2300,39824,361,37054,0,0,2100,46929,560,14906,2100,61835,California
Sonoma,2021-02-07,1538,78416,1403,41227,135,37189,0,0,1286,47963,252,15158,1286,63121,California
Sonoma,2021-02-08,3260,81676,1034,42261,2226,39415,0,0,2677,50058,582,15740,2677,65798,California
Sonoma,2021-02-09,3573,85249,1702,43963,1871,41286,0,0,3093,52674,478,16218,3094,68892,California
Sonoma,2021-02-10,4546,89795,2482,46445,2064,43350,0,0,3538,55211,1002,17220,3539,72431,California
Sonoma,2021-02-11,5579,95374,3018,49463,2561,45911,0,0,4392,58418,1185,18405,4392,76823,California
Sonoma,2021-02-12,5906,101280,3246,52709,2660,48571,0,0,4480,61479,1422,19827,4483,81306,California
Sonoma,2021-02-13,1987,103267,1152,53861,835,49406,0,0,1202,61899,782,20609,1202,82508,California
Sonoma,2021-02-14,2317,105584,1823,55684,494,49900,0,0,1569,62721,747,21356,1569,84077,California
Sonoma,2021-02-15,2141,107725,792,56476,1349,51249,0,0,1606,63793,534,21890,1606,85683,California
Sonoma,2021-02-16,4902,112627,2055,58531,2847,54096,0,0,3643,66182,1255,23145,3644,89327,California
Sonoma,2021-02-17,5599,118226,2899,61430,2700,56796,0,0,3572,67737,2019,25164,3574,92901,California
Sonoma,2021-02-18,6925,125151,3130,64560,3795,60591,0,0,3998,68817,2919,28083,3999,96900,California
Sonoma,2021-02-19,5521,130672,1667,66227,3854,64445,0,0,3421,70144,2095,30178,3422,100322,California
Sonoma,2021-02-20,3120,133792,2840,69067,280,64725,0,0,1217,69464,1897,32075,1217,101539,California
Sonoma,2021-02-21,535,134327,426,69493,109,64834,0,0,141,69214,391,32466,141,101680,California
Sonoma,2021-02-22,2879,137206,1357,70850,1522,66356,0,0,1197,68734,1677,34143,1197,102877,California
Sonoma,2021-02-23,3376,140582,2081,72931,1295,67651,0,0,1627,68616,1745,35888,1627,104504,California
Sonoma,2021-02-24,5643,146225,2546,75477,3097,70748,0,0,2918,68815,2720,38608,2919,107423,California
Sonoma,2021-02-25,5799,152024,2240,77717,3559,74307,0,0,3110,69258,2667,41275,3110,110533,California
Sonoma,2021-02-26,6263,158287,2758,80475,3505,77812,0,0,3971,70943,2286,43561,3971,114504,California
Sonoma,2021-02-27,4037,162324,1915,82390,2122,79934,0,0,2691,72290,1344,44905,2691,117195,California
Sonoma,2021-02-28,2339,164663,1854,84244,485,80419,0,0,613,71196,1707,46612,613,117808,California
Sonoma,2021-03-01,3752,168415,1142,85386,2610,83029,0,0,1888,71231,1854,48466,1889,119697,California
Sonoma,2021-03-02,4382,172797,1510,86896,2872,85901,0,0,2558,71973,1816,50282,2558,122255,California
Sonoma,2021-03-03,5061,177858,2642,89538,2419,88320,0,0,2332,71583,2722,53004,2332,124587,California
Sonoma,2021-03-04,5938,183796,2677,92215,3261,91581,0,0,2577,70813,3347,56351,2577,127164,California
Sonoma,2021-03-05,6473,190269,2852,95067,3606,95187,15,15,2739,69850,3718,60069,2755,129919,California
Sonoma,2021-03-06,2790,193059,1221,96288,1434,96621,135,150,1919,71039,864,60933,2053,131972,California
Sonoma,2021-03-07,1710,194769,1398,97686,277,96898,35,185,381,70128,1327,62260,416,132388,California
Sonoma,2021-03-08,4064,198833,662,98348,3227,100125,175,360,2391,71030,1662,63922,2564,134952,California
Sonoma,2021-03-09,5571,204404,3080,101428,2248,102373,243,603,2749,71207,2815,66737,2992,137944,California
Sonoma,2021-03-10,5990,210394,3200,104628,2462,104835,328,931,2428,70414,3548,70285,2755,140699,California
Sonoma,2021-03-11,7539,217933,3006,107634,3712,108547,821,1752,2571,68849,4958,75243,3393,144092,California
Sonoma,2021-03-12,7403,225336,2269,109903,3771,112318,1363,3115,2108,67039,5276,80519,3466,147558,California
Sonoma,2021-03-13,3421,228757,1710,111613,1475,113793,236,3351,2017,67886,1403,81922,2250,149808,California
Sonoma,2021-03-14,1383,230140,386,111999,856,114649,141,3492,844,68334,536,82458,984,150792,California
Sonoma,2021-03-15,5237,235377,1513,113512,3339,117988,385,3877,2198,67885,3030,85488,2581,153373,California
Sonoma,2021-03-16,6289,241666,2251,115763,3806,121794,232,4109,2906,67644,3377,88865,3136,156509,California
Sonoma,2021-03-17,6750,248416,3527,119290,3043,124837,180,4289,3281,67647,3457,92322,3460,159969,California
Sonoma,2021-03-18,7133,255549,2941,122231,3576,128413,616,4905,3183,67502,3940,96262,3795,163764,California
Sonoma,2021-03-19,7498,263047,3246,125477,4021,132434,231,5136,3198,66655,4281,100543,3434,167198,California
Sonoma,2021-03-20,3713,266760,1747,127224,1137,133571,829,5965,2036,67846,1670,102213,2861,170059,California
Sonoma,2021-03-21,1384,268144,602,127826,749,134320,33,5998,1215,68929,165,102378,1248,171307,California
Sonoma,2021-03-22,4535,272679,3103,130929,1329,135649,103,6101,3423,71348,1107,103485,3526,174833,California
Sonoma,2021-03-23,5830,278509,3629,134558,2125,137774,76,6177,4409,74422,1411,104896,4485,179318,California
Sonoma,2021-03-24,6787,285296,4272,138830,2449,140223,66,6243,4154,76026,2615,107511,4219,183537,California
Sonoma,2021-03-25,7017,292313,4195,143025,2714,142937,108,6351,4247,77636,2746,110257,4356,187893,California
Sonoma,2021-03-26,7323,299636,3454,146479,3776,146713,93,6444,3806,78035,3500,113757,3899,191792,California
Sonoma,2021-03-27,3840,303476,1503,147982,1975,148688,362,6806,1117,76799,2716,116473,1480,193272,California
Sonoma,2021-03-28,1509,304985,949,148931,533,149221,27,6833,942,77204,564,117037,969,194241,California
Sonoma,2021-03-29,2902,307887,1100,150031,1769,150990,33,6866,1614,77569,1282,118319,1647,195888,California
Sonoma,2021-03-30,5794,313681,3193,153224,2539,153529,62,6928,3006,77858,2782,121101,3071,198959,California
Sonoma,2021-03-31,5589,319270,3398,156622,1976,155505,215,7143,3214,78927,2362,123463,3431,202390,California
Sonoma,2021-04-01,6751,326021,4020,160642,2393,157898,338,7481,3613,79759,3116,126579,3948,206338,California
Sonoma,2021-04-02,5928,331949,3552,164194,2267,160165,109,7590,3557,81066,2365,128944,3672,210010,California
Sonoma,2021-04-03,3669,335618,1850,166044,1594,161759,225,7815,1577,80788,2080,131024,1802,211812,California
Sonoma,2021-04-04,1062,336680,692,166736,279,162038,91,7906,657,81135,401,131425,748,212560,California
Sonoma,2021-04-05,4393,341073,619,167355,3433,165471,341,8247,1647,80383,2739,134164,1987,214547,California
Sonoma,2021-04-06,6863,347936,3475,170830,2983,168454,405,8652,3977,81891,2872,137036,4380,218927,California
Sonoma,2021-04-07,6774,354710,3824,174654,2115,170569,835,9487,3290,82536,3475,140511,4120,223047,California
Sonoma,2021-04-08,7507,362217,4102,178756,2634,173203,771,10258,4085,83974,3412,143923,4850,227897,California
Sonoma,2021-04-09,6781,368998,3770,182526,2128,175331,883,11141,3483,85049,3285,147208,4360,232257,California
Sonoma,2021-04-10,3874,372872,1686,184212,1634,176965,554,11695,1129,83992,2735,149943,1678,233935,California
Sonoma,2021-04-11,1282,374154,607,184819,593,177558,82,11777,436,83665,845,150788,518,234453,California
Sonoma,2021-04-12,4929,379083,2051,186870,2397,179955,481,12258,1840,82901,3078,153866,2314,236767,California
Sonoma,2021-04-13,7801,386884,4619,191489,3180,183135,2,12260,2960,81033,4830,158696,2962,239729,California
Sonoma,2021-04-14,6547,393431,3731,195220,2796,185931,20,12280,2530,79579,4003,162699,2549,242278,California
Sonoma,2021-04-15,7223,400654,4096,199316,3127,189058,0,12280,3567,79501,3645,166344,3567,245845,California
Sonoma,2021-04-16,6790,407444,3408,202724,3380,192438,2,12282,3847,80412,2938,169282,3849,249694,California
Sonoma,2021-04-17,3175,410619,1537,204261,1638,194076,0,12282,1532,80314,1631,170913,1533,251227,California
Sonoma,2021-04-18,1268,411887,875,205136,393,194469,0,12282,432,79911,835,171748,432,251659,California
Sonoma,2021-04-19,3311,415198,1872,207008,1438,195907,1,12283,1452,79509,1855,173603,1453,253112,California
Sonoma,2021-04-20,6266,421464,3461,210469,2805,198712,0,12283,2370,77996,3884,177487,2371,255483,California
Sonoma,2021-04-21,6496,427960,4209,214678,2285,200997,2,12285,2961,77439,3519,181006,2962,258445,California
Sonoma,2021-04-22,6180,434140,4459,219137,1721,202718,0,12285,2508,76290,3657,184663,2508,260953,California
Sonoma,2021-04-23,7383,441523,4617,223754,2760,205478,6,12291,3689,76304,3682,188345,3696,264649,California
Sonoma,2021-04-24,2751,444274,1495,225249,1242,206720,14,12305,1555,76680,1193,189538,1569,266218,California
Sonoma,2021-04-25,1082,445356,785,226034,297,207017,0,12305,431,76463,648,190186,431,266649,California
Sonoma,2021-04-26,2758,448114,1287,227321,1443,208460,28,12333,1559,76859,1191,191377,1587,268236,California
Sonoma,2021-04-27,5315,453429,3634,230955,1582,210042,99,12432,2185,76026,3117,194494,2284,270520,California
Sonoma,2021-04-28,4863,458292,3199,234154,1468,211510,196,12628,2105,75581,2741,197235,2296,272816,California
Sonoma,2021-04-29,4817,463109,3432,237586,1240,212750,145,12773,1757,74431,3052,200287,1902,274718,California
Sonoma,2021-04-30,5437,468546,3622,241208,1522,214272,293,13066,1816,72930,3609,203896,2108,276826,California
Sonoma,2021-05-01,2473,471019,1777,242985,590,214862,106,13172,1237,73041,1229,205125,1340,278166,California
Sonoma,2021-05-02,863,471882,643,243628,169,215031,51,13223,553,73336,310,205435,605,278771,California
Sonoma,2021-05-03,3177,475059,1680,245308,1352,216383,145,13368,1055,72421,2113,207548,1198,279969,California
Sonoma,2021-05-04,4575,479634,2404,247712,1994,218377,177,13545,1474,70987,3081,210629,1647,281616,California
Sonoma,2021-05-05,3669,483303,2185,249897,1291,219668,193,13738,1318,70155,2341,212970,1509,283125,California
Sonoma,2021-05-06,4500,487803,2407,252304,1966,221634,127,13865,1369,68532,3117,216087,1494,284619,California
Sonoma,2021-05-07,3584,491387,2310,254614,1152,222786,122,13987,1083,67245,2492,218579,1205,285824,California
Sonoma,2021-05-08,1846,493233,1256,255870,498,223284,92,14079,755,67005,1087,219666,847,286671,California
Sonoma,2021-05-09,513,493746,296,256166,176,223460,41,14120,184,66904,326,219992,225,286896,California
Sonoma,2021-05-10,2298,496044,1035,257201,1130,224590,133,14253,282,65313,2003,221995,412,287308,California
Sonoma,2021-05-11,3500,499544,1896,259097,1489,226079,115,14368,950,63839,2539,224534,1065,288373,California
Sonoma,2021-05-12,3901,503445,2437,261534,1329,227408,135,14503,869,61819,3024,227558,1004,289377,California
Sonoma,2021-05-13,4718,508163,2700,264234,1899,229307,119,14622,1567,60363,3140,230698,1684,291061,California
Sonoma,2021-05-14,5793,513956,3587,267821,2065,231372,141,14763,2211,59149,3567,234265,2353,293414,California
Sonoma,2021-05-15,2842,516798,2065,269886,715,232087,62,14825,1795,59965,1040,235305,1856,295270,California
Sonoma,2021-05-16,904,517702,704,270590,155,232242,45,14870,591,60290,311,235616,636,295906,California
Sonoma,2021-05-17,2422,520124,1806,272396,526,232768,90,14960,945,59856,1469,237085,1035,296941,California
Sonoma,2021-05-18,4291,524415,2828,275224,1366,234134,97,15057,1525,58734,2744,239829,1622,298563,California
Sonoma,2021-05-19,3616,528031,2358,277582,1158,235292,100,15157,1507,58244,2098,241927,1608,300171,California
Sonoma,2021-05-20,1781,529812,1262,278844,479,235771,40,15197,651,57811,1123,243050,690,300861,California
Stanislaus,2020-12-15,3,3,3,3,0,0,0,0,3,3,0,0,3,3,California
Stanislaus,2020-12-16,37,40,37,40,0,0,0,0,37,40,0,0,37,40,California
Stanislaus,2020-12-17,74,114,74,114,0,0,0,0,74,114,0,0,74,114,California
Stanislaus,2020-12-18,338,452,332,446,6,6,0,0,338,452,0,0,338,452,California
Stanislaus,2020-12-19,135,587,135,581,0,6,0,0,135,587,0,0,135,587,California
Stanislaus,2020-12-20,86,673,86,667,0,6,0,0,86,673,0,0,86,673,California
Stanislaus,2020-12-21,999,1672,998,1665,1,7,0,0,998,1671,0,0,998,1671,California
Stanislaus,2020-12-22,795,2467,783,2448,12,19,0,0,795,2466,0,0,795,2466,California
Stanislaus,2020-12-23,448,2915,430,2878,18,37,0,0,447,2913,0,0,447,2913,California
Stanislaus,2020-12-24,97,3012,88,2966,9,46,0,0,97,3010,0,0,97,3010,California
Stanislaus,2020-12-26,51,3063,8,2974,43,89,0,0,51,3061,0,0,51,3061,California
Stanislaus,2020-12-27,11,3074,6,2980,5,94,0,0,11,3072,0,0,11,3072,California
Stanislaus,2020-12-28,489,3563,395,3375,94,188,0,0,489,3561,0,0,489,3561,California
Stanislaus,2020-12-29,494,4057,415,3790,79,267,0,0,494,4055,0,0,494,4055,California
Stanislaus,2020-12-30,534,4591,279,4069,255,522,0,0,533,4587,1,1,533,4588,California
Stanislaus,2020-12-31,276,4867,157,4226,119,641,0,0,276,4863,0,1,276,4864,California
Stanislaus,2021-01-01,12,4879,4,4230,8,649,0,0,12,4875,0,1,12,4876,California
Stanislaus,2021-01-02,33,4912,26,4256,7,656,0,0,33,4908,0,1,33,4909,California
Stanislaus,2021-01-03,90,5002,87,4343,3,659,0,0,90,4998,0,1,90,4999,California
Stanislaus,2021-01-04,231,5233,151,4494,80,739,0,0,231,5229,0,1,231,5230,California
Stanislaus,2021-01-05,834,6067,343,4837,491,1230,0,0,810,6023,23,24,817,6047,California
Stanislaus,2021-01-06,1004,7071,600,5437,404,1634,0,0,931,6886,70,94,933,6980,California
Stanislaus,2021-01-07,1083,8154,707,6144,376,2010,0,0,892,7595,185,279,894,7874,California
Stanislaus,2021-01-08,1279,9433,723,6867,556,2566,0,0,937,8198,339,618,942,8816,California
Stanislaus,2021-01-09,287,9720,142,7009,145,2711,0,0,197,8305,90,708,197,9013,California
Stanislaus,2021-01-10,48,9768,21,7030,27,2738,0,0,29,8315,19,727,29,9042,California
Stanislaus,2021-01-11,1526,11294,1247,8277,279,3017,0,0,599,8010,922,1649,617,9659,California
Stanislaus,2021-01-12,1472,12766,865,9142,607,3624,0,0,833,8217,635,2284,842,10501,California
Stanislaus,2021-01-13,1443,14209,687,9829,756,4380,0,0,1121,9025,322,2606,1130,11631,California
Stanislaus,2021-01-14,2235,16444,282,10111,1953,6333,0,0,2066,10992,166,2772,2133,13764,California
Stanislaus,2021-01-15,2825,19269,1160,11271,1665,7998,0,0,2672,13595,149,2921,2752,16516,California
Stanislaus,2021-01-16,472,19741,51,11322,421,8419,0,0,455,14036,16,2937,457,16973,California
Stanislaus,2021-01-17,245,19986,203,11525,42,8461,0,0,238,14268,6,2943,238,17211,California
Stanislaus,2021-01-18,2189,22175,1027,12552,1162,9623,0,0,1805,15763,379,3322,1874,19085,California
Stanislaus,2021-01-19,1252,23427,723,13275,529,10152,0,0,806,16127,443,3765,807,19892,California
Stanislaus,2021-01-20,1008,24435,489,13764,519,10671,0,0,714,16548,293,4058,714,20606,California
Stanislaus,2021-01-21,3685,28120,2972,16736,713,11384,0,0,3362,19694,320,4378,3466,24072,California
Stanislaus,2021-01-22,1095,29215,309,17045,786,12170,0,0,1050,20707,41,4419,1054,25126,California
Stanislaus,2021-01-23,358,29573,44,17089,314,12484,0,0,300,20951,57,4476,301,25427,California
Stanislaus,2021-01-24,302,29875,101,17190,201,12685,0,0,236,21123,66,4542,238,25665,California
Stanislaus,2021-01-25,3157,33032,228,17418,2929,15614,0,0,2836,23818,285,4827,2980,28645,California
Stanislaus,2021-01-26,1725,34757,745,18163,980,16594,0,0,1300,24715,419,5246,1316,29961,California
Stanislaus,2021-01-27,1893,36650,1054,19217,839,17433,0,0,1189,25245,660,5906,1190,31151,California
Stanislaus,2021-01-28,2213,38863,1515,20732,698,18131,0,0,1724,26546,481,6387,1782,32933,California
Stanislaus,2021-01-29,2437,41300,1193,21925,1244,19375,0,0,1908,28019,484,6871,1957,34890,California
Stanislaus,2021-01-30,292,41592,131,22056,161,19536,0,0,229,28196,52,6923,229,35119,California
Stanislaus,2021-01-31,369,41961,315,22371,54,19590,0,0,353,28536,13,6936,353,35472,California
Stanislaus,2021-02-01,1269,43230,559,22930,710,20300,0,0,920,29118,338,7274,920,36392,California
Stanislaus,2021-02-02,1238,44468,376,23306,862,21162,0,0,781,29457,446,7720,785,37177,California
Stanislaus,2021-02-03,2579,47047,1197,24503,1382,22544,0,0,1903,30698,671,8391,1912,39089,California
Stanislaus,2021-02-04,2106,49153,727,25230,1379,23923,0,0,1585,31783,507,8898,1592,40681,California
Stanislaus,2021-02-05,2847,52000,1468,26698,1379,25302,0,0,1588,32184,1200,10098,1601,42282,California
Stanislaus,2021-02-06,887,52887,302,27000,585,25887,0,0,694,32689,191,10289,696,42978,California
Stanislaus,2021-02-07,232,53119,207,27207,25,25912,0,0,42,32545,187,10476,43,43021,California
Stanislaus,2021-02-08,2032,55151,1332,28539,700,26612,0,0,1099,32767,895,11371,1117,44138,California
Stanislaus,2021-02-09,1838,56989,781,29320,1057,27669,0,0,1044,33045,773,12144,1051,45189,California
Stanislaus,2021-02-10,1934,58923,534,29854,1400,29069,0,0,1011,33156,902,13046,1013,46202,California
Stanislaus,2021-02-11,5383,64306,3265,33119,2118,31187,0,0,1227,30433,3956,17002,1233,47435,California
Stanislaus,2021-02-12,3295,67601,914,34033,2381,33568,0,0,1450,30121,1768,18770,1456,48891,California
Stanislaus,2021-02-13,1352,68953,652,34685,700,34268,0,0,982,30742,365,19135,986,49877,California
Stanislaus,2021-02-14,422,69375,167,34852,255,34523,0,0,354,31030,66,19201,354,50231,California
Stanislaus,2021-02-15,1813,71188,230,35082,1583,36106,0,0,581,30493,1122,20323,585,50816,California
Stanislaus,2021-02-16,1360,72548,421,35503,939,37045,0,0,580,30305,770,21093,582,51398,California
Stanislaus,2021-02-17,2753,75301,1687,37190,1066,38111,0,0,1925,31415,823,21916,1933,53331,California
Stanislaus,2021-02-18,3361,78662,1902,39092,1459,39570,0,0,1786,31733,1491,23407,1809,55140,California
Stanislaus,2021-02-19,2755,81417,1062,40154,1693,41263,0,0,1522,32076,1192,24599,1535,56675,California
Stanislaus,2021-02-20,747,82164,379,40533,368,41631,0,0,472,32293,257,24856,474,57149,California
Stanislaus,2021-02-21,907,83071,692,41225,215,41846,0,0,546,32513,337,25193,557,57706,California
Stanislaus,2021-02-22,2342,85413,1691,42916,651,42497,0,0,1627,33453,688,25881,1628,59334,California
Stanislaus,2021-02-23,3691,89104,678,43594,3013,45510,0,0,1722,33365,1817,27698,1729,61063,California
Stanislaus,2021-02-24,4171,93275,2846,46440,1325,46835,0,0,3116,35447,1037,28735,3119,64182,California
Stanislaus,2021-02-25,3886,97161,2649,49089,1237,48072,0,0,3082,37747,785,29520,3085,67267,California
Stanislaus,2021-02-26,4186,101347,1217,50306,2969,51041,0,0,2827,39279,1305,30825,2837,70104,California
Stanislaus,2021-02-27,2090,103437,708,51014,1381,52422,1,1,1857,40933,205,31030,1859,71963,California
Stanislaus,2021-02-28,819,104256,262,51276,557,52979,0,1,770,41665,39,31069,771,72734,California
Stanislaus,2021-03-01,2769,107025,1629,52905,1139,54118,1,2,1630,42201,1104,32173,1640,74374,California
Stanislaus,2021-03-02,2388,109413,1421,54326,966,55084,1,3,1657,43140,721,32894,1660,76034,California
Stanislaus,2021-03-03,3709,113122,2228,56554,1479,56563,2,5,2904,45257,788,33682,2905,78939,California
Stanislaus,2021-03-04,5434,118556,3102,59656,2316,58879,16,21,4189,48243,1215,34897,4201,83140,California
Stanislaus,2021-03-05,4023,122579,1116,60772,2891,61770,16,37,3053,50368,944,35841,3069,86209,California
Stanislaus,2021-03-06,3574,126153,2226,62998,1255,63025,93,130,2722,52337,848,36689,2817,89026,California
Stanislaus,2021-03-07,849,127002,388,63386,425,63450,36,166,661,52852,182,36871,697,89723,California
Stanislaus,2021-03-08,1987,128989,858,64244,1040,64490,89,255,1327,53625,642,37513,1415,91138,California
Stanislaus,2021-03-09,2183,131172,905,65149,1185,65675,93,348,1639,54829,532,38045,1736,92874,California
Stanislaus,2021-03-10,5061,136233,2499,67648,2340,68015,222,570,3739,57499,1304,39349,3974,96848,California
Stanislaus,2021-03-11,5714,141947,3139,70787,2099,70114,476,1046,4124,60678,1426,40775,4605,101453,California
Stanislaus,2021-03-12,5762,147709,1227,72014,2614,72728,1921,2967,2911,62678,2827,43602,4827,106280,California
Stanislaus,2021-03-13,3382,151091,2182,74196,1132,73860,68,3035,2690,64757,684,44286,2763,109043,California
Stanislaus,2021-03-14,997,152088,595,74791,351,74211,51,3086,489,64795,505,44791,543,109586,California
Stanislaus,2021-03-15,3687,155775,1972,76763,1355,75566,360,3446,1604,64777,1988,46779,1970,111556,California
Stanislaus,2021-03-16,4916,160691,2448,79211,2057,77623,411,3857,3539,67370,1356,48135,3949,115505,California
Stanislaus,2021-03-17,4720,165411,2857,82068,1685,79308,178,4035,2884,68629,1809,49944,3068,118573,California
Stanislaus,2021-03-18,5420,170831,3419,85487,1935,81243,66,4101,2976,69383,2292,52236,3046,121619,California
Stanislaus,2021-03-19,5918,176749,1532,87019,2862,84105,1524,5625,3098,71213,2789,55025,4619,126238,California
Stanislaus,2021-03-20,3839,180588,3003,90022,768,84873,68,5693,3364,74178,468,55493,3433,129671,California
Stanislaus,2021-03-21,985,181573,885,90907,35,84908,65,5758,747,74754,236,55729,812,130483,California
Stanislaus,2021-03-22,2814,184387,1323,92230,766,85674,725,6483,1242,75173,1549,57278,1968,132451,California
Stanislaus,2021-03-23,3943,188330,2018,94248,1665,87339,260,6743,2810,77145,1117,58395,3089,135540,California
Stanislaus,2021-03-24,4539,192869,3214,97462,1257,88596,68,6811,2639,78000,1855,60250,2710,138250,California
Stanislaus,2021-03-25,4233,197102,2906,100368,1311,89907,16,6827,1812,77486,2344,62594,1830,140080,California
Stanislaus,2021-03-26,4713,201815,1333,101701,3305,93212,75,6902,2368,77632,2311,64905,2457,142537,California
Stanislaus,2021-03-27,4382,206197,2718,104419,1584,94796,80,6982,1382,76118,2984,67889,1470,144007,California
Stanislaus,2021-03-28,1103,207300,440,104859,557,95353,106,7088,319,75776,772,68661,430,144437,California
Stanislaus,2021-03-29,2973,210273,1822,106681,1112,96465,39,7127,1983,76824,980,69641,2028,146465,California
Stanislaus,2021-03-30,3666,213939,2054,108735,1585,98050,27,7154,2229,77657,1429,71070,2262,148727,California
Stanislaus,2021-03-31,5400,219339,3829,112564,1453,99503,118,7272,2765,77927,2616,73686,2886,151613,California
Stanislaus,2021-04-01,5732,225071,3834,116398,1808,101311,90,7362,2626,77567,3088,76774,2728,154341,California
Stanislaus,2021-04-02,5000,230071,1213,117611,3635,104946,152,7514,2250,77316,2664,79438,2413,156754,California
Stanislaus,2021-04-03,4544,234615,3300,120911,1207,106153,37,7551,2241,77312,2294,81732,2290,159044,California
Stanislaus,2021-04-04,1319,235934,472,121383,817,106970,30,7581,650,77335,663,82395,686,159730,California
Stanislaus,2021-04-05,3633,239567,2530,123913,854,107824,249,7830,2355,78675,1269,83664,2609,162339,California
Stanislaus,2021-04-06,5741,245308,4163,128076,1304,109128,274,8104,3074,79377,2654,86318,3356,165695,California
Stanislaus,2021-04-07,6347,251655,3600,131676,2327,111455,420,8524,2829,79130,3502,89820,3255,168950,California
Stanislaus,2021-04-08,5672,257327,3320,134996,1921,113376,431,8955,2768,79450,2884,92704,3204,172154,California
Stanislaus,2021-04-09,4817,262144,2105,137101,2341,115717,371,9326,2185,79409,2609,95313,2568,174722,California
Stanislaus,2021-04-10,6482,268626,3983,141084,860,116577,1639,10965,1999,78582,4458,99771,3631,178353,California
Stanislaus,2021-04-11,1523,270149,851,141935,539,117116,133,11098,667,78529,854,100625,801,179154,California
Stanislaus,2021-04-12,3591,273740,2045,143980,1101,118217,445,11543,1874,79155,1701,102326,2327,181481,California
Stanislaus,2021-04-13,5193,278933,3419,147399,1761,119978,13,11556,2922,79850,2233,104559,2928,184409,California
Stanislaus,2021-04-14,4648,283581,3252,150651,1395,121373,1,11557,2257,79753,2359,106918,2262,186671,California
Stanislaus,2021-04-15,5382,288963,3311,153962,2069,123442,2,11559,3238,80886,2108,109026,3241,189912,California
Stanislaus,2021-04-16,4291,293254,991,154953,3299,126741,1,11560,1819,80278,2430,111456,1822,191734,California
Stanislaus,2021-04-17,3140,296394,2106,157059,1034,127775,0,11560,1835,80822,1295,112751,1839,193573,California
Stanislaus,2021-04-18,530,296924,217,157276,313,128088,0,11560,406,81113,117,112868,408,193981,California
Stanislaus,2021-04-19,3448,300372,2445,159721,1002,129090,1,11561,1634,80973,1783,114651,1643,195624,California
Stanislaus,2021-04-20,3978,304350,2416,162137,1562,130652,0,11561,1748,80521,2202,116853,1750,197374,California
Stanislaus,2021-04-21,3816,308166,2553,164690,1262,131914,1,11562,1606,79959,2175,119028,1613,198987,California
Stanislaus,2021-04-22,3946,312112,2403,167093,1543,133457,0,11562,1575,79213,2327,121355,1581,200568,California
Stanislaus,2021-04-23,3591,315703,845,167938,2745,136202,1,11563,1476,78673,2024,123379,1484,202052,California
Stanislaus,2021-04-24,3783,319486,2930,170868,853,137055,0,11563,1789,78493,1976,125355,1796,203848,California
Stanislaus,2021-04-25,932,320418,476,171344,456,137511,0,11563,683,78936,244,125599,687,204535,California
Stanislaus,2021-04-26,3249,323667,2285,173629,958,138469,6,11569,966,77651,2265,127864,980,205515,California
Stanislaus,2021-04-27,3930,327597,2742,176371,1146,139615,42,11611,1106,75997,2803,130667,1149,206664,California
Stanislaus,2021-04-28,4133,331730,2911,179282,1160,140775,62,11673,1810,75574,2307,132974,1884,208548,California
Stanislaus,2021-04-29,3595,335325,2246,181528,1301,142076,48,11721,1414,74879,2166,135140,1471,210019,California
Stanislaus,2021-04-30,4489,339814,2046,183574,2359,144435,84,11805,1777,74047,2701,137841,1869,211888,California
Stanislaus,2021-05-01,2700,342514,1920,185494,740,145175,40,11845,1009,73422,1682,139523,1057,212945,California
Stanislaus,2021-05-02,1072,343586,613,186107,423,145598,36,11881,518,73433,548,140071,559,213504,California
Stanislaus,2021-05-03,2409,345995,1924,188031,415,146013,70,11951,909,72928,1487,141558,982,214486,California
Stanislaus,2021-05-04,3426,349421,2433,190464,905,146918,88,12039,1029,71665,2387,143945,1124,215610,California
Stanislaus,2021-05-05,3155,352576,2118,192582,963,147881,74,12113,1069,70745,2067,146012,1147,216757,California
Stanislaus,2021-05-06,3090,355666,2297,194879,687,148568,106,12219,1014,69813,2059,148071,1127,217884,California
Stanislaus,2021-05-07,2282,357948,886,195765,1254,149822,142,12361,939,69561,1335,149406,1083,218967,California
Stanislaus,2021-05-08,1956,359904,1336,197101,587,150409,33,12394,712,69082,1231,150637,752,219719,California
Stanislaus,2021-05-09,704,360608,336,197437,341,150750,27,12421,305,69016,398,151035,332,220051,California
Stanislaus,2021-05-10,1656,362264,1135,198572,443,151193,78,12499,447,68344,1198,152233,526,220577,California
Stanislaus,2021-05-11,2325,364589,1467,200039,703,151896,155,12654,653,67493,1663,153896,812,221389,California
Stanislaus,2021-05-12,2129,366718,1217,201256,810,152706,102,12756,818,67116,1299,155195,922,222311,California
Stanislaus,2021-05-13,1842,368560,1021,202277,706,153412,115,12871,833,67062,1004,156199,950,223261,California
Stanislaus,2021-05-14,2554,371114,1124,203401,1297,154709,133,13004,1166,66987,1375,157574,1300,224561,California
Stanislaus,2021-05-15,2447,373561,1754,205155,645,155354,48,13052,1184,66973,1254,158828,1240,225801,California
Stanislaus,2021-05-16,991,374552,654,205809,329,155683,8,13060,539,67077,446,159274,550,226351,California
Stanislaus,2021-05-17,1857,376409,1239,207048,539,156222,79,13139,913,67133,941,160215,997,227348,California
Stanislaus,2021-05-18,2154,378563,1468,208516,573,156795,113,13252,1149,67398,997,161212,1262,228610,California
Stanislaus,2021-05-19,2924,381487,2027,210543,758,157553,139,13391,1302,67228,1615,162827,1445,230055,California
Stanislaus,2021-05-20,1289,382776,594,211137,614,158167,81,13472,401,66828,884,163711,484,230539,California
Sutter,2020-12-15,1,1,1,1,0,0,0,0,1,1,0,0,1,1,California
Sutter,2020-12-16,4,5,4,5,0,0,0,0,4,5,0,0,4,5,California
Sutter,2020-12-17,2,7,2,7,0,0,0,0,2,7,0,0,2,7,California
Sutter,2020-12-18,20,27,20,27,0,0,0,0,20,27,0,0,20,27,California
Sutter,2020-12-19,44,71,44,71,0,0,0,0,44,71,0,0,44,71,California
Sutter,2020-12-20,42,113,42,113,0,0,0,0,42,113,0,0,42,113,California
Sutter,2020-12-21,100,213,100,213,0,0,0,0,100,213,0,0,100,213,California
Sutter,2020-12-22,172,385,172,385,0,0,0,0,172,385,0,0,172,385,California
Sutter,2020-12-23,116,501,111,496,5,5,0,0,116,501,0,0,116,501,California
Sutter,2020-12-24,17,518,11,507,6,11,0,0,17,518,0,0,17,518,California
Sutter,2020-12-26,38,556,34,541,4,15,0,0,38,556,0,0,38,556,California
Sutter,2020-12-27,24,580,23,564,1,16,0,0,24,580,0,0,24,580,California
Sutter,2020-12-28,83,663,55,619,28,44,0,0,83,663,0,0,83,663,California
Sutter,2020-12-29,101,764,14,633,87,131,0,0,101,764,0,0,101,764,California
Sutter,2020-12-30,137,901,34,667,103,234,0,0,137,901,0,0,137,901,California
Sutter,2020-12-31,70,971,6,673,64,298,0,0,70,971,0,0,70,971,California
Sutter,2021-01-01,3,974,3,676,0,298,0,0,3,974,0,0,3,974,California
Sutter,2021-01-02,131,1105,129,805,2,300,0,0,131,1105,0,0,131,1105,California
Sutter,2021-01-03,1,1106,0,805,1,301,0,0,1,1106,0,0,1,1106,California
Sutter,2021-01-04,247,1353,139,944,108,409,0,0,247,1353,0,0,247,1353,California
Sutter,2021-01-05,100,1453,57,1001,43,452,0,0,98,1449,2,2,98,1451,California
Sutter,2021-01-06,204,1657,50,1051,154,606,0,0,199,1643,5,7,199,1650,California
Sutter,2021-01-07,251,1908,151,1202,100,706,0,0,242,1877,8,15,242,1892,California
Sutter,2021-01-08,147,2055,40,1242,107,813,0,0,130,1990,17,32,130,2022,California
Sutter,2021-01-09,46,2101,43,1285,3,816,0,0,5,1954,41,73,5,2027,California
Sutter,2021-01-10,397,2498,37,1322,360,1176,0,0,359,2276,37,110,359,2386,California
Sutter,2021-01-11,132,2630,114,1436,18,1194,0,0,26,2196,106,216,26,2412,California
Sutter,2021-01-12,201,2831,164,1600,37,1231,0,0,58,2111,143,359,58,2470,California
Sutter,2021-01-13,161,2992,98,1698,63,1294,0,0,71,2093,89,448,71,2541,California
Sutter,2021-01-14,145,3137,49,1747,96,1390,0,0,126,2200,19,467,126,2667,California
Sutter,2021-01-15,437,3574,132,1879,305,1695,0,0,422,2607,15,482,422,3089,California
Sutter,2021-01-16,384,3958,41,1920,343,2038,0,0,353,2930,30,512,353,3442,California
Sutter,2021-01-17,26,3984,24,1944,2,2040,0,0,10,2924,16,528,10,3452,California
Sutter,2021-01-18,117,4101,62,2006,55,2095,0,0,70,2947,47,575,70,3522,California
Sutter,2021-01-19,104,4205,43,2049,61,2156,0,0,79,3001,25,600,79,3601,California
Sutter,2021-01-20,254,4459,190,2239,64,2220,0,0,234,3215,20,620,234,3835,California
Sutter,2021-01-21,472,4931,303,2542,169,2389,0,0,453,3649,19,639,453,4288,California
Sutter,2021-01-22,269,5200,81,2623,188,2577,0,0,260,3900,9,648,260,4548,California
Sutter,2021-01-23,396,5596,39,2662,357,2934,0,0,370,4244,26,674,370,4918,California
Sutter,2021-01-24,17,5613,14,2676,3,2937,0,0,15,4257,2,676,15,4933,California
Sutter,2021-01-25,307,5920,197,2873,110,3047,0,0,152,4255,154,830,152,5085,California
Sutter,2021-01-26,248,6168,108,2981,140,3187,0,0,144,4296,103,933,144,5229,California
Sutter,2021-01-27,386,6554,255,3236,131,3318,0,0,320,4550,66,999,320,5549,California
Sutter,2021-01-28,524,7078,301,3537,223,3541,0,0,394,4815,129,1128,394,5943,California
Sutter,2021-01-29,419,7497,146,3683,273,3814,0,0,254,4904,165,1293,254,6197,California
Sutter,2021-01-30,775,8272,38,3721,737,4551,0,0,764,5657,11,1304,764,6961,California
Sutter,2021-01-31,27,8299,27,3748,0,4551,0,0,27,5684,0,1304,27,6988,California
Sutter,2021-02-01,166,8465,50,3798,116,4667,0,0,135,5788,31,1335,135,7123,California
Sutter,2021-02-02,244,8709,27,3825,217,4884,0,0,212,5968,32,1367,212,7335,California
Sutter,2021-02-03,443,9152,38,3863,405,5289,0,0,210,5945,233,1600,210,7545,California
Sutter,2021-02-04,670,9822,366,4229,304,5593,0,0,620,6515,50,1650,620,8165,California
Sutter,2021-02-05,286,10108,33,4262,253,5846,0,0,137,6503,149,1799,137,8302,California
Sutter,2021-02-06,735,10843,29,4291,706,6552,0,0,713,7194,22,1821,713,9015,California
Sutter,2021-02-07,23,10866,20,4311,3,6555,0,0,19,7209,4,1825,19,9034,California
Sutter,2021-02-08,134,11000,29,4340,105,6660,0,0,98,7271,36,1861,98,9132,California
Sutter,2021-02-09,244,11244,45,4385,199,6859,0,0,183,7393,61,1922,183,9315,California
Sutter,2021-02-10,818,12062,379,4764,439,7298,0,0,177,6930,640,2562,177,9492,California
Sutter,2021-02-11,603,12665,275,5039,328,7626,0,0,345,7017,258,2820,345,9837,California
Sutter,2021-02-12,633,13298,67,5106,566,8192,0,0,310,7005,322,3142,310,10147,California
Sutter,2021-02-13,898,14196,49,5155,849,9041,0,0,781,7669,117,3259,781,10928,California
Sutter,2021-02-14,90,14286,25,5180,65,9106,0,0,79,7737,11,3270,79,11007,California
Sutter,2021-02-15,198,14484,73,5253,125,9231,0,0,119,7777,79,3349,119,11126,California
Sutter,2021-02-16,289,14773,45,5298,244,9475,0,0,205,7899,83,3432,205,11331,California
Sutter,2021-02-17,823,15596,428,5726,395,9870,0,0,129,7334,694,4126,129,11460,California
Sutter,2021-02-18,701,16297,55,5781,646,10516,0,0,490,7614,210,4336,490,11950,California
Sutter,2021-02-19,664,16961,378,6159,286,10802,0,0,461,7874,201,4537,461,12411,California
Sutter,2021-02-20,622,17583,55,6214,567,11369,0,0,519,8291,102,4639,519,12930,California
Sutter,2021-02-21,29,17612,26,6240,3,11372,0,0,6,8274,23,4662,6,12936,California
Sutter,2021-02-22,207,17819,122,6362,85,11457,0,0,87,8241,120,4782,87,13023,California
Sutter,2021-02-23,223,18042,33,6395,190,11647,0,0,97,8212,126,4908,97,13120,California
Sutter,2021-02-24,962,19004,349,6744,613,12260,0,0,192,7635,769,5677,192,13312,California
Sutter,2021-02-25,786,19790,499,7243,287,12547,0,0,605,8062,178,5855,605,13917,California
Sutter,2021-02-26,370,20160,59,7302,311,12858,0,0,154,8002,214,6069,154,14071,California
Sutter,2021-02-27,866,21026,45,7347,821,13679,0,0,711,8556,157,6226,711,14782,California
Sutter,2021-02-28,83,21109,38,7385,45,13724,0,0,64,8602,18,6244,64,14846,California
Sutter,2021-03-01,247,21356,61,7446,186,13910,0,0,150,8655,97,6341,150,14996,California
Sutter,2021-03-02,334,21690,57,7503,277,14187,0,0,160,8642,173,6514,160,15156,California
Sutter,2021-03-03,1383,23073,513,8016,870,15057,0,0,645,8555,732,7246,645,15801,California
Sutter,2021-03-04,1258,24331,869,8885,389,15446,0,0,950,9201,304,7550,950,16751,California
Sutter,2021-03-05,338,24669,78,8963,259,15705,1,1,205,9275,132,7682,206,16957,California
Sutter,2021-03-06,1022,25691,46,9009,971,16676,5,6,860,9978,162,7844,865,17822,California
Sutter,2021-03-07,64,25755,23,9032,40,16716,1,7,44,10003,20,7864,45,17867,California
Sutter,2021-03-08,226,25981,79,9111,135,16851,12,19,158,10105,68,7932,170,18037,California
Sutter,2021-03-09,385,26366,136,9247,236,17087,13,32,183,10099,202,8134,196,18233,California
Sutter,2021-03-10,1571,27937,683,9930,827,17914,61,93,527,9646,1041,9175,588,18821,California
Sutter,2021-03-11,895,28832,442,10372,434,18348,19,112,648,10069,244,9419,667,19488,California
Sutter,2021-03-12,673,29505,110,10482,381,18729,182,294,199,9977,471,9890,379,19867,California
Sutter,2021-03-13,982,30487,748,11230,217,18946,17,311,779,10572,201,10091,796,20663,California
Sutter,2021-03-14,128,30615,21,11251,96,19042,11,322,43,10541,85,10176,54,20717,California
Sutter,2021-03-15,320,30935,66,11317,205,19247,49,371,153,10577,166,10342,202,20919,California
Sutter,2021-03-16,391,31326,86,11403,258,19505,47,418,212,10656,179,10521,258,21177,California
Sutter,2021-03-17,1498,32824,564,11967,914,20419,20,438,312,9809,1178,11699,331,21508,California
Sutter,2021-03-18,969,33793,180,12147,587,21006,202,640,569,10180,399,12098,770,22278,California
Sutter,2021-03-19,463,34256,165,12312,269,21275,29,669,284,10316,177,12275,313,22591,California
Sutter,2021-03-20,949,35205,116,12428,822,22097,11,680,860,11098,89,12364,871,23462,California
Sutter,2021-03-21,67,35272,47,12475,17,22114,3,683,37,11108,30,12394,40,23502,California
Sutter,2021-03-22,287,35559,120,12595,141,22255,26,709,212,11272,74,12468,238,23740,California
Sutter,2021-03-23,377,35936,116,12711,229,22484,32,741,256,11438,121,12589,287,24027,California
Sutter,2021-03-24,1688,37624,774,13485,844,23328,70,811,317,10468,1357,13946,387,24414,California
Sutter,2021-03-25,1041,38665,681,14166,319,23647,41,852,370,10211,668,14614,411,24825,California
Sutter,2021-03-26,486,39151,173,14339,296,23943,17,869,294,10333,189,14803,311,25136,California
Sutter,2021-03-27,931,40082,63,14402,866,24809,2,871,823,11053,105,14908,825,25961,California
Sutter,2021-03-28,125,40207,71,14473,54,24863,0,871,78,11086,45,14953,78,26039,California
Sutter,2021-03-29,427,40634,144,14617,228,25091,55,926,225,11166,200,15153,280,26319,California
Sutter,2021-03-30,478,41112,160,14777,308,25399,10,936,318,11334,160,15313,328,26647,California
Sutter,2021-03-31,1251,42363,177,14954,1058,26457,16,952,449,11007,792,16105,465,27112,California
Sutter,2021-04-01,1381,43744,736,15690,458,26915,187,1139,425,10671,949,17054,613,27725,California
Sutter,2021-04-02,513,44257,100,15790,295,27210,118,1257,201,10676,311,17365,316,28041,California
Sutter,2021-04-03,910,45167,77,15867,210,27420,623,1880,121,10633,787,18152,744,28785,California
Sutter,2021-04-04,118,45285,22,15889,90,27510,6,1886,55,10631,63,18215,61,28846,California
Sutter,2021-04-05,369,45654,146,16035,187,27697,36,1922,178,10657,188,18403,214,29060,California
Sutter,2021-04-06,508,46162,197,16232,255,27952,56,1978,272,10750,235,18638,328,29388,California
Sutter,2021-04-07,1463,47625,865,17097,523,28475,75,2053,601,10571,855,19493,676,30064,California
Sutter,2021-04-08,1036,48661,576,17673,351,28826,109,2162,570,10787,461,19954,677,30741,California
Sutter,2021-04-09,560,49221,247,17920,249,29075,64,2226,234,10761,324,20278,298,31039,California
Sutter,2021-04-10,818,50039,106,18026,87,29162,625,2851,106,10774,710,20988,723,31762,California
Sutter,2021-04-11,111,50150,28,18054,40,29202,43,2894,32,10770,79,21067,75,31837,California
Sutter,2021-04-12,336,50486,91,18145,191,29393,54,2948,134,10756,202,21269,188,32025,California
Sutter,2021-04-13,430,50916,128,18273,302,29695,0,2948,213,10754,215,21484,213,32238,California
Sutter,2021-04-14,1292,52208,161,18434,1130,30825,1,2949,213,9895,1073,22557,214,32452,California
Sutter,2021-04-15,535,52743,175,18609,360,31185,0,2949,213,9788,320,22877,213,32665,California
Sutter,2021-04-16,393,53136,123,18732,270,31455,0,2949,180,9756,212,23089,180,32845,California
Sutter,2021-04-17,577,53713,84,18816,493,31948,0,2949,505,10191,70,23159,505,33350,California
Sutter,2021-04-18,69,53782,10,18826,59,32007,0,2949,42,10207,26,23185,42,33392,California
Sutter,2021-04-19,288,54070,110,18936,178,32185,0,2949,120,10161,166,23351,120,33512,California
Sutter,2021-04-20,416,54486,136,19072,279,32464,1,2950,202,10150,213,23564,202,33714,California
Sutter,2021-04-21,1234,55720,421,19493,813,33277,0,2950,476,9877,749,24313,476,34190,California
Sutter,2021-04-22,483,56203,167,19660,316,33593,0,2950,250,9896,231,24544,250,34440,California
Sutter,2021-04-23,397,56600,115,19775,282,33875,0,2950,186,9872,210,24754,186,34626,California
Sutter,2021-04-24,326,56926,106,19881,219,34094,1,2951,185,9918,140,24894,186,34812,California
Sutter,2021-04-25,157,57083,75,19956,82,34176,0,2951,86,9936,68,24962,86,34898,California
Sutter,2021-04-26,287,57370,88,20044,197,34373,2,2953,123,9899,162,25124,125,35023,California
Sutter,2021-04-27,526,57896,265,20309,257,34630,4,2957,242,9864,281,25405,246,35269,California
Sutter,2021-04-28,816,58712,340,20649,468,35098,8,2965,260,9581,551,25956,268,35537,California
Sutter,2021-04-29,776,59488,136,20785,639,35737,1,2966,311,9431,462,26418,312,35849,California
Sutter,2021-04-30,357,59845,108,20893,236,35973,13,2979,145,9379,209,26627,157,36006,California
Sutter,2021-05-01,294,60139,105,20998,148,36121,41,3020,124,9377,167,26794,165,36171,California
Sutter,2021-05-02,79,60218,52,21050,25,36146,2,3022,45,9390,34,26828,47,36218,California
Sutter,2021-05-03,169,60387,107,21157,53,36199,9,3031,69,9368,100,26928,78,36296,California
Sutter,2021-05-04,522,60909,236,21393,222,36421,64,3095,221,9354,298,27226,284,36580,California
Sutter,2021-05-05,535,61444,141,21534,386,36807,8,3103,159,9152,369,27595,167,36747,California
Sutter,2021-05-06,426,61870,231,21765,175,36982,20,3123,192,9130,234,27829,212,36959,California
Sutter,2021-05-07,406,62276,145,21910,239,37221,22,3145,153,9053,252,28081,175,37134,California
Sutter,2021-05-08,196,62472,49,21959,141,37362,6,3151,106,9075,90,28171,112,37246,California
Sutter,2021-05-09,81,62553,52,22011,24,37386,5,3156,56,9111,25,28196,61,37307,California
Sutter,2021-05-10,188,62741,42,22053,129,37515,17,3173,47,9036,139,28335,64,37371,California
Sutter,2021-05-11,431,63172,212,22265,202,37717,17,3190,178,8981,249,28584,194,37565,California
Sutter,2021-05-12,394,63566,208,22473,176,37893,10,3200,131,8864,258,28842,141,37706,California
Sutter,2021-05-13,436,64002,223,22696,191,38084,22,3222,163,8779,270,29112,185,37891,California
Sutter,2021-05-14,429,64431,179,22875,235,38319,15,3237,211,8789,216,29328,226,38117,California
Sutter,2021-05-15,830,65261,305,23180,493,38812,32,3269,296,8585,532,29860,328,38445,California
Sutter,2021-05-16,127,65388,77,23257,43,38855,7,3276,68,8601,59,29919,75,38520,California
Sutter,2021-05-17,291,65679,120,23377,159,39014,12,3288,159,8640,132,30051,171,38691,California
Sutter,2021-05-18,513,66192,321,23698,187,39201,5,3293,293,8722,216,30267,298,38989,California
Sutter,2021-05-19,460,66652,260,23958,193,39394,7,3300,242,8757,214,30481,249,39238,California
Sutter,2021-05-20,196,66848,106,24064,85,39479,5,3305,96,8760,98,30579,101,39339,California
Tehama,2020-12-15,1,1,1,1,0,0,0,0,1,1,0,0,1,1,California
Tehama,2020-12-16,2,3,2,3,0,0,0,0,2,3,0,0,2,3,California
Tehama,2020-12-17,12,15,12,15,0,0,0,0,12,15,0,0,12,15,California
Tehama,2020-12-18,2,17,2,17,0,0,0,0,3,18,0,0,3,18,California
Tehama,2020-12-21,33,50,33,50,0,0,0,0,33,51,0,0,33,51,California
Tehama,2020-12-22,68,118,62,112,6,6,0,0,68,119,0,0,68,119,California
Tehama,2020-12-23,48,166,40,152,8,14,0,0,48,167,0,0,48,167,California
Tehama,2020-12-24,5,171,3,155,2,16,0,0,5,172,0,0,5,172,California
Tehama,2020-12-26,3,174,2,157,1,17,0,0,3,175,0,0,3,175,California
Tehama,2020-12-27,2,176,2,159,0,17,0,0,2,177,0,0,2,177,California
Tehama,2020-12-28,56,232,43,202,13,30,0,0,56,233,0,0,56,233,California
Tehama,2020-12-29,31,263,31,233,0,30,0,0,31,264,0,0,31,264,California
Tehama,2020-12-30,54,317,38,271,16,46,0,0,53,317,0,0,53,317,California
Tehama,2020-12-31,14,331,4,275,10,56,0,0,14,331,0,0,14,331,California
Tehama,2021-01-01,2,333,0,275,2,58,0,0,2,333,0,0,2,333,California
Tehama,2021-01-04,32,365,9,284,23,81,0,0,32,365,0,0,32,365,California
Tehama,2021-01-05,70,435,43,327,27,108,0,0,67,429,3,3,67,432,California
Tehama,2021-01-06,71,506,21,348,50,158,0,0,62,483,8,11,62,494,California
Tehama,2021-01-07,57,563,7,355,50,208,0,0,56,538,1,12,56,550,California
Tehama,2021-01-08,33,596,24,379,9,217,0,0,28,561,5,17,28,578,California
Tehama,2021-01-09,7,603,5,384,2,219,0,0,5,564,2,19,5,583,California
Tehama,2021-01-10,1,604,0,384,1,220,0,0,1,565,0,19,1,584,California
Tehama,2021-01-11,48,652,46,430,2,222,0,0,15,547,33,52,15,599,California
Tehama,2021-01-12,116,768,96,526,20,242,0,0,71,573,45,97,71,670,California
Tehama,2021-01-13,73,841,55,581,18,260,0,0,27,554,46,143,27,697,California
Tehama,2021-01-14,225,1066,51,632,174,434,0,0,223,775,2,145,223,920,California
Tehama,2021-01-15,247,1313,74,706,173,607,0,0,243,1014,4,149,243,1163,California
Tehama,2021-01-16,272,1585,27,733,245,852,0,0,269,1280,3,152,269,1432,California
Tehama,2021-01-17,13,1598,9,742,4,856,0,0,11,1289,2,154,11,1443,California
Tehama,2021-01-18,10,1608,6,748,4,860,0,0,5,1289,5,159,5,1448,California
Tehama,2021-01-19,288,1896,62,810,226,1086,0,0,233,1467,55,214,233,1681,California
Tehama,2021-01-20,301,2197,87,897,214,1300,0,0,251,1669,49,263,251,1932,California
Tehama,2021-01-21,214,2411,11,908,203,1503,0,0,204,1863,10,273,204,2136,California
Tehama,2021-01-22,223,2634,21,929,202,1705,0,0,220,2080,3,276,220,2356,California
Tehama,2021-01-23,261,2895,10,939,251,1956,0,0,260,2339,1,277,260,2616,California
Tehama,2021-01-24,1,2896,1,940,0,1956,0,0,1,2340,0,277,1,2617,California
Tehama,2021-01-25,32,2928,14,954,18,1974,0,0,14,2336,18,295,14,2631,California
Tehama,2021-01-26,323,3251,42,996,281,2255,0,0,286,2585,37,332,286,2917,California
Tehama,2021-01-27,299,3550,21,1017,278,2533,0,0,279,2844,20,352,279,3196,California
Tehama,2021-01-28,340,3890,29,1046,311,2844,0,0,325,3154,15,367,325,3521,California
Tehama,2021-01-29,321,4211,19,1065,302,3146,0,0,304,3441,17,384,304,3825,California
Tehama,2021-01-30,103,4314,2,1067,101,3247,0,0,102,3542,1,385,102,3927,California
Tehama,2021-01-31,1,4315,0,1067,1,3248,0,0,1,3543,0,385,1,3928,California
Tehama,2021-02-01,78,4393,22,1089,56,3304,0,0,36,3537,42,427,36,3964,California
Tehama,2021-02-02,349,4742,63,1152,286,3590,0,0,252,3695,94,521,252,4216,California
Tehama,2021-02-03,387,5129,12,1164,375,3965,0,0,343,3994,44,565,343,4559,California
Tehama,2021-02-04,481,5610,99,1263,382,4347,0,0,400,4314,81,646,401,4960,California
Tehama,2021-02-05,175,5785,73,1336,102,4449,0,0,113,4365,62,708,113,5073,California
Tehama,2021-02-06,28,5813,13,1349,15,4464,0,0,16,4369,12,720,16,5089,California
Tehama,2021-02-07,5,5818,4,1353,1,4465,0,0,2,4368,3,723,2,5091,California
Tehama,2021-02-08,36,5854,14,1367,22,4487,0,0,27,4386,9,732,27,5118,California
Tehama,2021-02-09,78,5932,34,1401,44,4531,0,0,44,4396,34,766,44,5162,California
Tehama,2021-02-10,233,6165,62,1463,171,4702,0,0,157,4477,76,842,157,5319,California
Tehama,2021-02-11,221,6386,16,1479,205,4907,0,0,82,4422,137,979,82,5401,California
Tehama,2021-02-12,364,6750,65,1544,299,5206,0,0,174,4406,190,1169,174,5575,California
Tehama,2021-02-13,386,7136,13,1557,373,5579,0,0,147,4314,239,1408,147,5722,California
Tehama,2021-02-14,34,7170,1,1558,33,5612,0,0,32,4344,2,1410,32,5754,California
Tehama,2021-02-15,51,7221,9,1567,42,5654,0,0,45,4383,6,1416,45,5799,California
Tehama,2021-02-16,242,7463,16,1583,226,5880,0,0,60,4261,182,1598,60,5859,California
Tehama,2021-02-17,280,7743,12,1595,268,6148,0,0,54,4089,226,1824,54,5913,California
Tehama,2021-02-18,368,8111,32,1627,336,6484,0,0,144,4009,224,2048,144,6057,California
Tehama,2021-02-19,213,8324,18,1645,195,6679,0,0,42,3880,171,2219,42,6099,California
Tehama,2021-02-20,271,8595,6,1651,265,6944,0,0,26,3661,245,2464,26,6125,California
Tehama,2021-02-21,1,8596,1,1652,0,6944,0,0,1,3662,0,2464,1,6126,California
Tehama,2021-02-22,39,8635,15,1667,24,6968,0,0,26,3675,13,2477,26,6152,California
Tehama,2021-02-23,46,8681,19,1686,27,6995,0,0,26,3681,20,2497,26,6178,California
Tehama,2021-02-24,299,8980,13,1699,286,7281,0,0,26,3434,273,2770,26,6204,California
Tehama,2021-02-25,378,9358,62,1761,316,7597,0,0,39,3135,338,3108,39,6243,California
Tehama,2021-02-26,455,9813,19,1780,436,8033,0,0,70,2820,385,3493,70,6313,California
Tehama,2021-02-27,294,10107,5,1785,289,8322,0,0,34,2594,260,3753,34,6347,California
Tehama,2021-02-28,23,10130,2,1787,21,8343,0,0,20,2611,3,3756,20,6367,California
Tehama,2021-03-01,67,10197,8,1795,59,8402,0,0,33,2610,34,3790,33,6400,California
Tehama,2021-03-02,135,10332,18,1813,117,8519,0,0,30,2535,105,3895,30,6430,California
Tehama,2021-03-03,149,10481,33,1846,116,8635,0,0,48,2482,101,3996,48,6478,California
Tehama,2021-03-04,626,11107,36,1882,590,9225,0,0,222,2307,397,4393,222,6700,California
Tehama,2021-03-05,397,11504,18,1900,379,9604,0,0,214,2339,182,4575,214,6914,California
Tehama,2021-03-06,299,11803,17,1917,282,9886,0,0,81,2204,217,4792,82,6996,California
Tehama,2021-03-07,5,11808,1,1918,4,9890,0,0,3,2206,1,4793,3,6999,California
Tehama,2021-03-08,58,11866,12,1930,31,9921,15,15,27,2218,30,4823,42,7041,California
Tehama,2021-03-09,364,12230,8,1938,337,10258,19,34,309,2491,55,4878,328,7369,California
Tehama,2021-03-10,352,12582,13,1951,318,10576,21,55,69,2299,282,5160,90,7459,California
Tehama,2021-03-11,486,13068,17,1968,423,10999,46,101,343,2545,143,5303,389,7848,California
Tehama,2021-03-12,304,13372,19,1987,220,11219,65,166,179,2664,125,5428,244,8092,California
Tehama,2021-03-13,45,13417,8,1995,31,11250,6,172,6,2637,39,5467,12,8104,California
Tehama,2021-03-14,51,13468,3,1998,37,11287,11,183,9,2615,42,5509,20,8124,California
Tehama,2021-03-15,153,13621,21,2019,112,11399,20,203,84,2650,69,5578,104,8228,California
Tehama,2021-03-16,418,14039,14,2033,366,11765,38,241,315,2901,102,5680,353,8581,California
Tehama,2021-03-17,416,14455,22,2055,362,12127,32,273,333,3185,81,5761,365,8946,California
Tehama,2021-03-18,490,14945,26,2081,440,12567,24,297,311,3343,177,5938,335,9281,California
Tehama,2021-03-19,317,15262,23,2104,281,12848,13,310,275,3589,42,5980,288,9569,California
Tehama,2021-03-20,40,15302,8,2112,30,12878,2,312,28,3607,12,5992,30,9599,California
Tehama,2021-03-21,12,15314,5,2117,7,12885,0,312,12,3619,0,5992,12,9611,California
Tehama,2021-03-22,90,15404,7,2124,66,12951,17,329,49,3644,41,6033,66,9677,California
Tehama,2021-03-23,87,15491,26,2150,54,13005,7,336,68,3700,19,6052,75,9752,California
Tehama,2021-03-24,86,15577,16,2166,68,13073,2,338,55,3726,31,6083,57,9809,California
Tehama,2021-03-25,516,16093,352,2518,151,13224,13,351,466,4156,49,6132,479,10288,California
Tehama,2021-03-26,506,16599,398,2916,96,13320,12,363,431,4525,74,6206,443,10731,California
Tehama,2021-03-27,452,17051,360,3276,67,13387,25,388,385,4869,66,6272,410,11141,California
Tehama,2021-03-28,34,17085,13,3289,21,13408,0,388,22,4879,12,6284,22,11163,California
Tehama,2021-03-29,123,17208,31,3320,91,13499,1,389,77,4910,46,6330,77,11240,California
Tehama,2021-03-30,372,17580,222,3542,148,13647,2,391,254,5048,118,6448,256,11496,California
Tehama,2021-03-31,397,17977,296,3838,98,13745,3,394,325,5304,71,6519,327,11823,California
Tehama,2021-04-01,528,18505,248,4086,274,14019,6,400,395,5572,133,6652,401,12224,California
Tehama,2021-04-02,453,18958,213,4299,234,14253,6,406,269,5662,184,6836,274,12498,California
Tehama,2021-04-03,60,19018,3,4302,52,14305,5,411,30,5667,30,6866,35,12533,California
Tehama,2021-04-04,34,19052,6,4308,27,14332,1,412,22,5678,12,6878,23,12556,California
Tehama,2021-04-05,116,19168,21,4329,69,14401,26,438,61,5710,55,6933,87,12643,California
Tehama,2021-04-06,493,19661,110,4439,332,14733,51,489,141,5550,352,7285,192,12835,California
Tehama,2021-04-07,417,20078,282,4721,91,14824,44,533,303,5784,113,7398,347,13182,California
Tehama,2021-04-08,600,20678,174,4895,388,15212,38,571,229,5681,370,7768,267,13449,California
Tehama,2021-04-09,430,21108,193,5088,204,15416,33,604,215,5715,214,7982,248,13697,California
Tehama,2021-04-10,72,21180,9,5097,37,15453,26,630,39,5747,33,8015,65,13762,California
Tehama,2021-04-11,33,21213,7,5104,15,15468,11,641,8,5741,25,8040,19,13781,California
Tehama,2021-04-12,112,21325,6,5110,87,15555,19,660,40,5728,72,8112,59,13840,California
Tehama,2021-04-13,387,21712,63,5173,324,15879,0,660,67,5475,320,8432,67,13907,California
Tehama,2021-04-14,405,22117,52,5225,353,16232,0,660,53,5178,350,8782,53,13960,California
Tehama,2021-04-15,496,22613,192,5417,304,16536,0,660,85,4852,411,9193,85,14045,California
Tehama,2021-04-16,587,23200,336,5753,251,16787,0,660,76,4417,511,9704,76,14121,California
Tehama,2021-04-17,347,23547,268,6021,79,16866,0,660,41,4154,305,10009,42,14163,California
Tehama,2021-04-18,17,23564,3,6024,14,16880,0,660,13,4163,4,10013,13,14176,California
Tehama,2021-04-19,93,23657,7,6031,86,16966,0,660,40,4150,53,10066,40,14216,California
Tehama,2021-04-20,500,24157,412,6443,88,17054,0,660,146,3946,352,10418,148,14364,California
Tehama,2021-04-21,519,24676,445,6888,74,17128,0,660,168,3764,350,10768,168,14532,California
Tehama,2021-04-22,515,25191,364,7252,151,17279,0,660,149,3549,364,11132,149,14681,California
Tehama,2021-04-23,445,25636,346,7598,99,17378,0,660,204,3513,241,11373,205,14886,California
Tehama,2021-04-24,104,25740,18,7616,86,17464,0,660,30,3469,74,11447,30,14916,California
Tehama,2021-04-25,29,25769,18,7634,11,17475,0,660,11,3462,18,11465,11,14927,California
Tehama,2021-04-26,74,25843,10,7644,64,17539,0,660,43,3474,31,11496,43,14970,California
Tehama,2021-04-27,251,26094,206,7850,45,17584,0,660,92,3407,159,11655,92,15062,California
Tehama,2021-04-28,395,26489,318,8168,60,17644,17,677,65,3159,330,11985,82,15144,California
Tehama,2021-04-29,352,26841,171,8339,175,17819,6,683,68,2950,283,12268,74,15218,California
Tehama,2021-04-30,325,27166,241,8580,78,17897,6,689,112,2855,213,12481,118,15336,California
Tehama,2021-05-01,72,27238,4,8584,65,17962,3,692,14,2814,58,12539,17,15353,California
Tehama,2021-05-02,46,27284,24,8608,10,17972,12,704,26,2832,20,12559,38,15391,California
Tehama,2021-05-03,117,27401,41,8649,68,18040,8,712,62,2847,55,12614,70,15461,California
Tehama,2021-05-04,156,27557,55,8704,94,18134,7,719,67,2832,89,12703,74,15535,California
Tehama,2021-05-05,86,27643,21,8725,55,18189,10,729,38,2832,48,12751,48,15583,California
Tehama,2021-05-06,162,27805,90,8815,57,18246,15,744,97,2879,65,12816,112,15695,California
Tehama,2021-05-07,170,27975,71,8886,88,18334,11,755,48,2818,120,12936,59,15754,California
Tehama,2021-05-08,49,28024,6,8892,42,18376,1,756,13,2796,36,12972,14,15768,California
Tehama,2021-05-09,15,28039,3,8895,12,18388,0,756,6,2793,9,12981,6,15774,California
Tehama,2021-05-10,77,28116,7,8902,64,18452,6,762,36,2795,40,13021,42,15816,California
Tehama,2021-05-11,163,28279,115,9017,37,18489,11,773,32,2707,131,13152,43,15859,California
Tehama,2021-05-12,197,28476,134,9151,55,18544,8,781,40,2599,156,13308,48,15907,California
Tehama,2021-05-13,223,28699,158,9309,56,18600,9,790,97,2579,126,13434,106,16013,California
Tehama,2021-05-14,238,28937,129,9438,88,18688,21,811,54,2470,184,13618,75,16088,California
Tehama,2021-05-15,218,29155,131,9569,52,18740,35,846,155,2598,62,13680,190,16278,California
Tehama,2021-05-16,28,29183,9,9578,17,18757,2,848,17,2606,11,13691,19,16297,California
Tehama,2021-05-17,111,29294,30,9608,64,18821,17,865,51,2615,59,13750,68,16365,California
Tehama,2021-05-18,156,29450,82,9690,59,18880,15,880,54,2584,100,13850,69,16434,California
Tehama,2021-05-19,127,29577,54,9744,63,18943,10,890,46,2559,81,13931,56,16490,California
Tehama,2021-05-20,176,29753,126,9870,40,18983,10,900,119,2631,57,13988,129,16619,California
Trinity,2020-12-17,4,4,4,4,0,0,0,0,4,4,0,0,4,4,California
Trinity,2020-12-18,2,6,2,6,0,0,0,0,2,6,0,0,2,6,California
Trinity,2020-12-21,39,45,39,45,0,0,0,0,39,45,0,0,39,45,California
Trinity,2020-12-22,5,50,5,50,0,0,0,0,5,50,0,0,5,50,California
Trinity,2020-12-23,5,55,5,55,0,0,0,0,5,55,0,0,5,55,California
Trinity,2020-12-28,30,85,30,85,0,0,0,0,30,85,0,0,30,85,California
Trinity,2020-12-29,8,93,7,92,1,1,0,0,8,93,0,0,8,93,California
Trinity,2020-12-30,10,103,8,100,2,3,0,0,10,103,0,0,10,103,California
Trinity,2020-12-31,2,105,1,101,1,4,0,0,2,105,0,0,2,105,California
Trinity,2021-01-04,28,133,0,101,28,32,0,0,26,131,0,0,26,131,California
Trinity,2021-01-05,3,136,1,102,2,34,0,0,3,134,0,0,3,134,California
Trinity,2021-01-06,24,160,4,106,20,54,0,0,20,150,4,4,20,154,California
Trinity,2021-01-08,49,209,2,108,47,101,0,0,48,196,2,6,48,202,California
Trinity,2021-01-11,42,251,39,147,3,104,0,0,4,162,38,44,4,206,California
Trinity,2021-01-12,9,260,7,154,2,106,0,0,4,161,5,49,4,210,California
Trinity,2021-01-13,7,267,4,158,3,109,0,0,4,162,3,52,4,214,California
Trinity,2021-01-14,4,271,1,159,3,112,0,0,4,166,0,52,4,218,California
Trinity,2021-01-15,4,275,0,159,4,116,0,0,4,170,0,52,4,222,California
Trinity,2021-01-16,4,279,0,159,4,120,0,0,4,174,0,52,4,226,California
Trinity,2021-01-18,31,310,31,190,0,120,0,0,1,145,30,82,1,227,California
Trinity,2021-01-19,96,406,14,204,82,202,0,0,82,213,14,96,82,309,California
Trinity,2021-01-20,19,425,3,207,16,218,0,0,17,228,2,98,17,326,California
Trinity,2021-01-21,17,442,7,214,10,228,0,0,17,245,0,98,17,343,California
Trinity,2021-01-22,5,447,1,215,4,232,0,0,5,250,0,98,5,348,California
Trinity,2021-01-23,7,454,3,218,4,236,0,0,7,257,0,98,7,355,California
Trinity,2021-01-25,14,468,1,219,13,249,0,0,13,269,1,99,13,368,California
Trinity,2021-01-26,10,478,1,220,9,258,0,0,9,277,1,100,9,377,California
Trinity,2021-01-27,12,490,0,220,12,270,0,0,12,289,0,100,12,389,California
Trinity,2021-01-28,13,503,3,223,10,280,0,0,10,296,3,103,10,399,California
Trinity,2021-01-29,2,505,0,223,2,282,0,0,1,296,1,104,1,400,California
Trinity,2021-01-30,12,517,11,234,1,283,0,0,12,308,0,104,12,412,California
Trinity,2021-02-01,2,519,1,235,1,284,0,0,1,308,1,105,1,413,California
Trinity,2021-02-02,14,533,3,238,11,295,0,0,13,320,1,106,13,426,California
Trinity,2021-02-03,6,539,1,239,5,300,0,0,3,320,3,109,3,429,California
Trinity,2021-02-04,42,581,32,271,10,310,0,0,35,348,7,116,35,464,California
Trinity,2021-02-05,350,931,0,271,350,660,0,0,320,638,30,146,320,784,California
Trinity,2021-02-06,210,1141,5,276,205,865,0,0,203,834,7,153,203,987,California
Trinity,2021-02-07,1,1142,0,276,1,866,0,0,1,835,0,153,1,988,California
Trinity,2021-02-08,25,1167,0,276,25,891,0,0,15,840,10,163,15,1003,California
Trinity,2021-02-09,27,1194,2,278,25,916,0,0,11,835,16,179,11,1014,California
Trinity,2021-02-10,122,1316,10,288,112,1028,0,0,102,917,20,199,102,1116,California
Trinity,2021-02-11,339,1655,2,290,337,1365,0,0,332,1242,7,206,332,1448,California
Trinity,2021-02-12,15,1670,7,297,8,1373,0,0,11,1249,4,210,11,1459,California
Trinity,2021-02-13,12,1682,5,302,7,1380,0,0,5,1247,7,217,5,1464,California
Trinity,2021-02-14,2,1684,2,304,0,1380,0,0,2,1249,0,217,2,1466,California
Trinity,2021-02-15,47,1731,0,304,47,1427,0,0,47,1296,0,217,47,1513,California
Trinity,2021-02-16,5,1736,1,305,4,1431,0,0,3,1297,2,219,3,1516,California
Trinity,2021-02-17,94,1830,2,307,92,1523,0,0,84,1371,10,229,84,1600,California
Trinity,2021-02-18,4,1834,0,307,4,1527,0,0,1,1369,3,232,1,1601,California
Trinity,2021-02-19,304,2138,2,309,302,1829,0,0,290,1645,14,246,290,1891,California
Trinity,2021-02-20,141,2279,14,323,127,1956,0,0,113,1730,28,274,113,2004,California
Trinity,2021-02-21,1,2280,1,324,0,1956,0,0,1,1731,0,274,1,2005,California
Trinity,2021-02-22,8,2288,0,324,8,1964,0,0,5,1733,3,277,5,2010,California
Trinity,2021-02-23,11,2299,4,328,7,1971,0,0,6,1734,5,282,6,2016,California
Trinity,2021-02-24,30,2329,8,336,22,1993,0,0,7,1718,23,305,7,2023,California
Trinity,2021-02-25,36,2365,23,359,13,2006,0,0,5,1692,31,336,5,2028,California
Trinity,2021-02-26,11,2376,1,360,10,2016,0,0,5,1691,6,342,5,2033,California
Trinity,2021-02-27,9,2385,7,367,2,2018,0,0,4,1690,5,347,4,2037,California
Trinity,2021-03-01,9,2394,0,367,9,2027,0,0,5,1691,4,351,5,2042,California
Trinity,2021-03-02,9,2403,3,370,6,2033,0,0,2,1686,7,358,2,2044,California
Trinity,2021-03-03,5,2408,0,370,5,2038,0,0,4,1689,1,359,4,2048,California
Trinity,2021-03-04,24,2432,19,389,5,2043,0,0,13,1691,11,370,13,2061,California
Trinity,2021-03-05,388,2820,1,390,387,2430,0,0,121,1549,263,633,121,2182,California
Trinity,2021-03-06,202,3022,7,397,195,2625,0,0,27,1401,175,808,27,2209,California
Trinity,2021-03-07,4,3026,3,400,1,2626,0,0,3,1403,1,809,3,2212,California
Trinity,2021-03-08,3,3029,0,400,2,2628,1,1,1,1403,2,811,2,2214,California
Trinity,2021-03-09,94,3123,0,400,92,2720,2,3,89,1489,5,816,91,2305,California
Trinity,2021-03-10,126,3249,3,403,120,2840,3,6,38,1442,88,904,41,2346,California
Trinity,2021-03-11,15,3264,4,407,9,2849,2,8,5,1439,10,914,7,2353,California
Trinity,2021-03-12,398,3662,5,412,387,3236,6,14,96,1239,302,1216,102,2455,California
Trinity,2021-03-13,13,3675,8,420,3,3239,2,16,8,1244,5,1221,10,2465,California
Trinity,2021-03-14,3,3678,1,421,2,3241,0,16,2,1245,1,1222,2,2467,California
Trinity,2021-03-15,67,3745,0,421,66,3307,1,17,14,1207,53,1275,15,2482,California
Trinity,2021-03-16,116,3861,7,428,109,3416,0,17,102,1295,14,1289,102,2584,California
Trinity,2021-03-17,100,3961,3,431,97,3513,0,17,26,1247,74,1363,26,2610,California
Trinity,2021-03-18,10,3971,2,433,5,3518,3,20,5,1250,5,1368,8,2618,California
Trinity,2021-03-19,459,4430,4,437,345,3863,110,130,36,973,423,1791,146,2764,California
Trinity,2021-03-20,105,4535,7,444,98,3961,0,130,70,1009,34,1825,70,2834,California
Trinity,2021-03-21,4,4539,0,444,3,3964,1,131,3,1012,1,1826,4,2838,California
Trinity,2021-03-22,2,4541,0,444,2,3966,0,131,2,1014,0,1826,2,2840,California
Trinity,2021-03-23,96,4637,2,446,94,4060,0,131,78,1074,18,1844,78,2918,California
Trinity,2021-03-24,12,4649,1,447,11,4071,0,131,9,1080,3,1847,9,2927,California
Trinity,2021-03-25,110,4759,8,455,96,4167,6,137,84,1144,26,1873,90,3017,California
Trinity,2021-03-26,85,4844,8,463,77,4244,0,137,78,1215,7,1880,78,3095,California
Trinity,2021-03-27,19,4863,4,467,6,4250,9,146,8,1221,11,1891,17,3112,California
Trinity,2021-03-28,5,4868,3,470,2,4252,0,146,1,1218,4,1895,1,3113,California
Trinity,2021-03-29,5,4873,0,470,5,4257,0,146,2,1217,3,1898,2,3115,California
Trinity,2021-03-30,77,4950,5,475,72,4329,0,146,67,1274,10,1908,67,3182,California
Trinity,2021-03-31,56,5006,5,480,19,4348,32,178,21,1291,35,1943,52,3234,California
Trinity,2021-04-01,41,5047,11,491,19,4367,11,189,21,1303,20,1963,32,3266,California
Trinity,2021-04-02,244,5291,5,496,165,4532,74,263,73,1281,170,2133,148,3414,California
Trinity,2021-04-03,17,5308,12,508,5,4537,0,263,7,1278,10,2143,7,3421,California
Trinity,2021-04-04,10,5318,8,516,2,4539,0,263,8,1284,2,2145,8,3429,California
Trinity,2021-04-05,59,5377,6,522,52,4591,1,264,55,1336,4,2149,56,3485,California
Trinity,2021-04-06,116,5493,15,537,98,4689,3,267,28,1279,88,2237,31,3516,California
Trinity,2021-04-07,24,5517,12,549,7,4696,5,272,16,1292,8,2245,21,3537,California
Trinity,2021-04-08,87,5604,10,559,75,4771,2,274,50,1307,37,2282,52,3589,California
Trinity,2021-04-09,169,5773,20,579,144,4915,5,279,89,1322,79,2361,94,3683,California
Trinity,2021-04-10,11,5784,7,586,4,4919,0,279,10,1331,1,2362,10,3693,California
Trinity,2021-04-11,9,5793,5,591,2,4921,2,281,4,1332,5,2367,6,3699,California
Trinity,2021-04-12,77,5870,5,596,71,4992,1,282,64,1384,12,2379,64,3763,California
Trinity,2021-04-13,98,5968,5,601,93,5085,0,282,10,1306,88,2467,10,3773,California
Trinity,2021-04-14,10,5978,5,606,5,5090,0,282,6,1308,4,2471,6,3779,California
Trinity,2021-04-15,43,6021,10,616,33,5123,0,282,14,1293,29,2500,14,3793,California
Trinity,2021-04-16,144,6165,12,628,132,5255,0,282,72,1293,72,2572,72,3865,California
Trinity,2021-04-17,11,6176,5,633,6,5261,0,282,9,1300,2,2574,9,3874,California
Trinity,2021-04-18,3,6179,1,634,2,5263,0,282,0,1297,3,2577,0,3874,California
Trinity,2021-04-19,5,6184,2,636,3,5266,0,282,4,1300,1,2578,4,3878,California
Trinity,2021-04-20,92,6276,8,644,84,5350,0,282,20,1248,72,2650,20,3898,California
Trinity,2021-04-21,22,6298,9,653,13,5363,0,282,9,1244,13,2663,9,3907,California
Trinity,2021-04-22,91,6389,5,658,86,5449,0,282,14,1181,77,2740,14,3921,California
Trinity,2021-04-23,183,6572,6,664,177,5626,0,282,114,1226,69,2809,114,4035,California
Trinity,2021-04-24,22,6594,13,677,9,5635,0,282,6,1216,16,2825,6,4041,California
Trinity,2021-04-25,10,6604,9,686,1,5636,0,282,3,1213,6,2831,3,4044,California
Trinity,2021-04-26,45,6649,6,692,39,5675,0,282,40,1248,5,2836,40,4084,California
Trinity,2021-04-27,85,6734,7,699,78,5753,0,282,22,1207,63,2899,22,4106,California
Trinity,2021-04-28,33,6767,11,710,22,5775,0,282,12,1198,21,2920,12,4118,California
Trinity,2021-04-29,34,6801,13,723,21,5796,0,282,12,1188,22,2942,12,4130,California
Trinity,2021-04-30,26,6827,20,743,6,5802,0,282,8,1178,18,2960,8,4138,California
Trinity,2021-05-01,14,6841,8,751,1,5803,5,287,4,1177,10,2970,9,4147,California
Trinity,2021-05-02,8,6849,5,756,1,5804,2,289,2,1175,6,2976,4,4151,California
Trinity,2021-05-03,58,6907,13,769,44,5848,1,290,9,1137,48,3024,10,4161,California
Trinity,2021-05-04,23,6930,11,780,11,5859,1,291,8,1131,15,3039,9,4170,California
Trinity,2021-05-05,10,6940,6,786,4,5863,0,291,3,1127,7,3046,3,4173,California
Trinity,2021-05-06,72,7012,10,796,60,5923,2,293,15,1087,57,3103,17,4190,California
Trinity,2021-05-07,174,7186,12,808,128,6051,34,327,14,975,160,3263,48,4238,California
Trinity,2021-05-08,7,7193,3,811,4,6055,0,327,3,974,4,3267,3,4241,California
Trinity,2021-05-09,11,7204,8,819,3,6058,0,327,7,977,4,3271,7,4248,California
Trinity,2021-05-10,15,7219,4,823,10,6068,1,328,9,981,6,3277,10,4258,California
Trinity,2021-05-11,9,7228,3,826,5,6073,1,329,5,983,4,3281,6,4264,California
Trinity,2021-05-12,16,7244,13,839,2,6075,1,330,12,992,4,3285,13,4277,California
Trinity,2021-05-13,8,7252,5,844,3,6078,0,330,6,996,2,3287,6,4283,California
Trinity,2021-05-14,123,7375,17,861,78,6156,28,358,32,965,91,3378,60,4343,California
Trinity,2021-05-15,16,7391,10,871,3,6159,3,361,8,968,8,3386,11,4354,California
Trinity,2021-05-16,7,7398,5,876,2,6161,0,361,5,971,2,3388,5,4359,California
Trinity,2021-05-17,108,7506,19,895,87,6248,2,363,42,949,66,3454,44,4403,California
Trinity,2021-05-18,35,7541,6,901,28,6276,1,364,10,935,25,3479,11,4414,California
Trinity,2021-05-19,143,7684,15,916,99,6375,29,393,27,875,116,3595,56,4470,California
Trinity,2021-05-20,9,7693,4,920,3,6378,2,395,4,876,5,3600,6,4476,California
Tulare,2020-12-15,1,1,1,1,0,0,0,0,1,1,0,0,1,1,California
Tulare,2020-12-16,4,5,4,5,0,0,0,0,4,5,0,0,4,5,California
Tulare,2020-12-17,110,115,110,115,0,0,0,0,110,115,0,0,110,115,California
Tulare,2020-12-18,290,405,289,404,1,1,0,0,290,405,0,0,290,405,California
Tulare,2020-12-19,327,732,327,731,0,1,0,0,327,732,0,0,327,732,California
Tulare,2020-12-20,166,898,165,896,1,2,0,0,166,898,0,0,166,898,California
Tulare,2020-12-21,423,1321,423,1319,0,2,0,0,443,1341,0,0,443,1341,California
Tulare,2020-12-22,469,1790,467,1786,2,4,0,0,468,1809,0,0,468,1809,California
Tulare,2020-12-23,327,2117,319,2105,8,12,0,0,325,2134,0,0,325,2134,California
Tulare,2020-12-24,18,2135,16,2121,2,14,0,0,18,2152,0,0,18,2152,California
Tulare,2020-12-26,8,2143,7,2128,1,15,0,0,8,2160,0,0,8,2160,California
Tulare,2020-12-27,16,2159,12,2140,4,19,0,0,16,2176,0,0,16,2176,California
Tulare,2020-12-28,481,2640,469,2609,12,31,0,0,480,2656,0,0,480,2656,California
Tulare,2020-12-29,547,3187,478,3087,69,100,0,0,547,3203,0,0,547,3203,California
Tulare,2020-12-30,474,3661,435,3522,39,139,0,0,474,3677,0,0,474,3677,California
Tulare,2020-12-31,95,3756,22,3544,73,212,0,0,95,3772,0,0,95,3772,California
Tulare,2021-01-01,2,3758,1,3545,1,213,0,0,2,3774,0,0,2,3774,California
Tulare,2021-01-02,30,3788,17,3562,13,226,0,0,30,3804,0,0,30,3804,California
Tulare,2021-01-03,23,3811,9,3571,14,240,0,0,23,3827,0,0,23,3827,California
Tulare,2021-01-04,92,3903,16,3587,76,316,0,0,92,3919,0,0,92,3919,California
Tulare,2021-01-05,461,4364,278,3865,183,499,0,0,459,4376,2,2,459,4378,California
Tulare,2021-01-06,864,5228,634,4499,230,729,0,0,854,5220,10,12,854,5232,California
Tulare,2021-01-07,782,6010,583,5082,199,928,0,0,675,5788,107,119,675,5907,California
Tulare,2021-01-08,1266,7276,574,5656,692,1620,0,0,928,6379,337,456,928,6835,California
Tulare,2021-01-09,742,8018,203,5859,539,2159,0,0,555,6747,187,643,555,7390,California
Tulare,2021-01-10,50,8068,44,5903,6,2165,0,0,11,6719,39,682,11,7401,California
Tulare,2021-01-11,1272,9340,769,6672,503,2668,0,0,836,7119,436,1118,836,8237,California
Tulare,2021-01-12,1404,10744,489,7161,915,3583,0,0,995,7707,408,1526,996,9233,California
Tulare,2021-01-13,440,11184,211,7372,229,3812,0,0,365,7997,75,1601,365,9598,California
Tulare,2021-01-14,492,11676,141,7513,351,4163,0,0,466,8448,15,1616,466,10064,California
Tulare,2021-01-15,1623,13299,154,7667,1469,5632,0,0,1614,10053,9,1625,1614,11678,California
Tulare,2021-01-16,1901,15200,114,7781,1787,7419,0,0,1887,11926,14,1639,1887,13565,California
Tulare,2021-01-17,141,15341,122,7903,19,7438,0,0,131,12047,10,1649,131,13696,California
Tulare,2021-01-18,693,16034,660,8563,33,7471,0,0,295,11944,398,2047,295,13991,California
Tulare,2021-01-19,1008,17042,685,9248,323,7794,0,0,579,12094,429,2476,579,14570,California
Tulare,2021-01-20,2426,19468,613,9861,1813,9607,0,0,2010,13714,390,2866,2010,16580,California
Tulare,2021-01-21,1551,21019,186,10047,1365,10972,0,0,1525,15218,21,2887,1525,18105,California
Tulare,2021-01-22,1060,22079,190,10237,870,11842,0,0,1035,16229,24,2911,1035,19140,California
Tulare,2021-01-23,438,22517,156,10393,282,12124,0,0,417,16625,21,2932,417,19557,California
Tulare,2021-01-24,30,22547,27,10420,3,12127,0,0,28,16651,2,2934,28,19585,California
Tulare,2021-01-25,1331,23878,982,11402,349,12476,0,0,1298,17916,33,2967,1298,20883,California
Tulare,2021-01-26,1496,25374,1098,12500,398,12874,0,0,1171,18763,324,3291,1171,22054,California
Tulare,2021-01-27,1498,26872,1070,13570,428,13302,0,0,920,19106,577,3868,920,22974,California
Tulare,2021-01-28,1215,28087,777,14347,438,13740,0,0,819,19529,396,4264,819,23793,California
Tulare,2021-01-29,1130,29217,720,15067,410,14150,0,0,820,20039,310,4574,820,24613,California
Tulare,2021-01-30,1674,30891,1580,16647,94,14244,0,0,1650,21666,24,4598,1651,26264,California
Tulare,2021-01-31,63,30954,58,16705,5,14249,0,0,60,21723,3,4601,60,26324,California
Tulare,2021-02-01,1185,32139,915,17620,270,14519,0,0,830,22199,354,4955,830,27154,California
Tulare,2021-02-02,677,32816,328,17948,349,14868,0,0,445,22415,230,5185,446,27600,California
Tulare,2021-02-03,587,33403,261,18209,326,15194,0,0,336,22520,231,5416,336,27936,California
Tulare,2021-02-04,555,33958,169,18378,386,15580,0,0,265,22497,289,5705,266,28202,California
Tulare,2021-02-05,1237,35195,238,18616,999,16579,0,0,416,22094,819,6524,416,28618,California
Tulare,2021-02-06,836,36031,158,18774,678,17257,0,0,267,21794,567,7091,267,28885,California
Tulare,2021-02-07,83,36114,71,18845,12,17269,0,0,23,21757,60,7151,23,28908,California
Tulare,2021-02-08,945,37059,329,19174,616,17885,0,0,245,21305,697,7848,245,29153,California
Tulare,2021-02-09,1416,38475,334,19508,1082,18967,0,0,369,20632,1042,8890,369,29522,California
Tulare,2021-02-10,2472,40947,1986,21494,486,19453,0,0,2071,22305,398,9288,2071,31593,California
Tulare,2021-02-11,1326,42273,377,21871,949,20402,0,0,906,22791,420,9708,906,32499,California
Tulare,2021-02-12,2783,45056,575,22446,2208,22610,0,0,1210,22435,1566,11274,1210,33709,California
Tulare,2021-02-13,2480,47536,157,22603,2323,24933,0,0,666,21291,1810,13084,666,34375,California
Tulare,2021-02-14,337,47873,40,22643,297,25230,0,0,300,21554,37,13121,300,34675,California
Tulare,2021-02-15,921,48794,294,22937,627,25857,0,0,664,21962,256,13377,664,35339,California
Tulare,2021-02-16,2833,51627,1595,24532,1238,27095,0,0,1078,21286,1754,15131,1078,36417,California
Tulare,2021-02-17,2698,54325,511,25043,2187,29282,0,0,461,19516,2231,17362,461,36878,California
Tulare,2021-02-18,2307,56632,456,25499,1851,31133,0,0,627,18471,1672,19034,627,37505,California
Tulare,2021-02-19,2307,58939,865,26364,1442,32575,0,0,949,18064,1356,20390,949,38454,California
Tulare,2021-02-20,2990,61929,1892,28256,1098,33673,0,0,1263,17606,1721,22111,1263,39717,California
Tulare,2021-02-21,94,62023,90,28346,4,33677,0,0,48,17609,45,22156,48,39765,California
Tulare,2021-02-22,1106,63129,700,29046,406,34083,0,0,210,16924,895,23051,210,39975,California
Tulare,2021-02-23,1953,65082,944,29990,1009,35092,0,0,1464,17900,488,23539,1464,41439,California
Tulare,2021-02-24,2484,67566,1549,31539,935,36027,0,0,2105,19628,378,23917,2106,43545,California
Tulare,2021-02-25,3503,71069,1975,33514,1528,37555,0,0,3088,22305,411,24328,3088,46633,California
Tulare,2021-02-26,3856,74925,1894,35408,1962,39517,0,0,3388,25227,466,24794,3388,50021,California
Tulare,2021-02-27,2994,77919,1486,36894,1508,41025,0,0,2860,27965,122,24916,2860,52881,California
Tulare,2021-02-28,1308,79227,1036,37930,272,41297,0,0,1289,29237,17,24933,1289,54170,California
Tulare,2021-03-01,1767,80994,797,38727,970,42267,0,0,1582,30636,183,25116,1582,55752,California
Tulare,2021-03-02,2766,83760,1264,39991,1502,43769,0,0,2593,33059,171,25287,2594,58346,California
Tulare,2021-03-03,3956,87716,2622,42613,1334,45103,0,0,2004,33116,1949,27236,2006,60352,California
Tulare,2021-03-04,2948,90664,1339,43952,1609,46712,0,0,2627,35426,317,27553,2627,62979,California
Tulare,2021-03-05,3431,94095,1763,45715,1653,48365,15,15,2922,37860,505,28058,2939,65918,California
Tulare,2021-03-06,3081,97176,1438,47153,1584,49949,59,74,2832,40503,246,28304,2889,68807,California
Tulare,2021-03-07,1136,98312,702,47855,413,50362,21,95,1095,41579,40,28344,1116,69923,California
Tulare,2021-03-08,1709,100021,1005,48860,535,50897,169,264,1387,42817,317,28661,1555,71478,California
Tulare,2021-03-09,3255,103276,2246,51106,862,51759,147,411,2848,45404,407,29068,2994,74472,California
Tulare,2021-03-10,2824,106100,1396,52502,1253,53012,175,586,2427,47616,388,29456,2600,77072,California
Tulare,2021-03-11,4168,110268,1980,54482,1888,54900,300,886,3231,50210,937,30393,3531,80603,California
Tulare,2021-03-12,4402,114670,2432,56914,1621,56521,349,1235,3125,52421,1265,31658,3476,84079,California
Tulare,2021-03-13,4131,118801,1940,58854,2086,58607,105,1340,3189,54780,936,32594,3295,87374,California
Tulare,2021-03-14,1864,120665,987,59841,657,59264,220,1560,1338,55810,525,33119,1555,88929,California
Tulare,2021-03-15,2746,123411,1626,61467,1005,60269,115,1675,1971,57124,773,33892,2087,91016,California
Tulare,2021-03-16,3433,126844,2124,63591,1232,61501,77,1752,1879,57533,1550,35442,1959,92975,California
Tulare,2021-03-17,4054,130898,2640,66231,1337,62838,77,1829,2310,58189,1738,37180,2394,95369,California
Tulare,2021-03-18,4629,135527,3377,69608,1180,64018,72,1901,2454,58551,2166,39346,2528,97897,California
Tulare,2021-03-19,5075,140602,3326,72934,1554,65572,195,2096,2710,59112,2346,41692,2907,100804,California
Tulare,2021-03-20,4453,145055,2763,75697,1318,66890,372,2468,2045,59132,2400,44092,2420,103224,California
Tulare,2021-03-21,1919,146974,1631,77328,262,67152,26,2494,986,59213,930,45022,1011,104235,California
Tulare,2021-03-22,2498,149472,1710,79038,676,67828,112,2606,1644,60123,848,45870,1758,105993,California
Tulare,2021-03-23,3730,153202,2140,81178,1538,69366,52,2658,2044,60549,1676,47546,2102,108095,California
Tulare,2021-03-24,3168,156370,1957,83135,1169,70535,42,2700,1785,61002,1375,48921,1828,109923,California
Tulare,2021-03-25,3465,159835,1805,84940,1488,72023,172,2872,1685,61088,1773,50694,1859,111782,California
Tulare,2021-03-26,5212,165047,3109,88049,1994,74017,109,2981,2528,61059,2666,53360,2637,114419,California
Tulare,2021-03-27,3521,168568,1806,89855,1617,75634,98,3079,988,59619,2525,55885,1085,115504,California
Tulare,2021-03-28,1456,170024,1052,90907,373,76007,31,3110,671,59545,782,56667,708,116212,California
Tulare,2021-03-29,2894,172918,1674,92581,1109,77116,111,3221,1226,59221,1663,58330,1339,117551,California
Tulare,2021-03-30,4807,177725,2769,95350,1808,78924,230,3451,1517,57683,3281,61611,1743,119294,California
Tulare,2021-03-31,3888,181613,2304,97654,1471,80395,113,3564,1563,57046,2317,63928,1680,120974,California
Tulare,2021-04-01,4420,186033,2373,100027,1981,82376,66,3630,1532,55769,2878,66806,1601,122575,California
Tulare,2021-04-02,5245,191278,2998,103025,2130,84506,117,3747,1560,53791,3669,70475,1691,124266,California
Tulare,2021-04-03,3509,194787,2019,105044,1127,85633,363,4110,824,52337,2647,73122,1193,125459,California
Tulare,2021-04-04,1633,196420,1146,106190,480,86113,7,4117,361,51439,1270,74392,372,125831,California
Tulare,2021-04-05,3333,199753,2338,108528,731,86844,264,4381,848,50082,2473,76865,1116,126947,California
Tulare,2021-04-06,3420,203173,1465,109993,1461,88305,494,4875,919,49004,2494,79359,1416,128363,California
Tulare,2021-04-07,3848,207021,1815,111808,1603,89908,430,5305,1273,48134,2567,81926,1697,130060,California
Tulare,2021-04-08,4718,211739,2594,114402,1667,91575,457,5762,1511,46903,3195,85121,1964,132024,California
Tulare,2021-04-09,4777,216516,2945,117347,1402,92977,430,6192,1816,46197,2953,88074,2247,134271,California
Tulare,2021-04-10,3805,220321,2057,119404,1432,94409,316,6508,942,44598,2855,90929,1256,135527,California
Tulare,2021-04-11,1577,221898,1038,120442,468,94877,71,6579,547,44189,1027,91956,618,136145,California
Tulare,2021-04-12,3360,225258,2105,122547,662,95539,593,7172,1083,43597,2269,94225,1677,137822,California
Tulare,2021-04-13,2414,227672,1585,124132,819,96358,10,7182,917,43041,1485,95710,929,138751,California
Tulare,2021-04-14,2844,230516,1680,125812,1164,97522,0,7182,923,42048,1916,97626,923,139674,California
Tulare,2021-04-15,3276,233792,2135,127947,1141,98663,0,7182,1471,41726,1793,99419,1471,141145,California
Tulare,2021-04-16,3649,237441,2215,130162,1434,100097,0,7182,1476,41039,2163,101582,1476,142621,California
Tulare,2021-04-17,2212,239653,1297,131459,915,101012,0,7182,1179,41190,1029,102611,1180,143801,California
Tulare,2021-04-18,1518,241171,1188,132647,330,101342,0,7182,815,41303,702,103313,815,144616,California
Tulare,2021-04-19,2120,243291,1223,133870,895,102237,2,7184,899,40985,1219,104532,901,145517,California
Tulare,2021-04-20,2336,245627,1310,135180,1026,103263,0,7184,1002,40666,1321,105853,1002,146519,California
Tulare,2021-04-21,2198,247825,1325,136505,873,104136,0,7184,810,40125,1351,107204,810,147329,California
Tulare,2021-04-22,2104,249929,1171,137676,933,105069,0,7184,744,39528,1341,108545,744,148073,California
Tulare,2021-04-23,2567,252496,1573,139249,993,106062,1,7185,1020,39011,1537,110082,1020,149093,California
Tulare,2021-04-24,1640,254136,1056,140305,582,106644,2,7187,863,39105,771,110853,865,149958,California
Tulare,2021-04-25,692,254828,519,140824,173,106817,0,7187,264,38941,428,111281,264,150222,California
Tulare,2021-04-26,1463,256291,874,141698,570,107387,19,7206,617,38736,839,112120,634,150856,California
Tulare,2021-04-27,1588,257879,627,142325,924,108311,37,7243,671,38529,914,113034,707,151563,California
Tulare,2021-04-28,1702,259581,971,143296,690,109001,41,7284,673,38219,1024,114058,714,152277,California
Tulare,2021-04-29,1986,261567,1190,144486,759,109760,37,7321,777,37832,1199,115257,812,153089,California
Tulare,2021-04-30,2421,263988,1765,146251,606,110366,50,7371,896,37259,1518,116775,945,154034,California
Tulare,2021-05-01,1407,265395,1209,147460,186,110552,12,7383,723,37317,677,117452,735,154769,California
Tulare,2021-05-02,584,265979,496,147956,72,110624,16,7399,188,37128,393,117845,204,154973,California
Tulare,2021-05-03,1608,267587,1092,149048,391,111015,125,7524,349,36350,1252,119097,474,155447,California
Tulare,2021-05-04,1541,269128,823,149871,649,111664,69,7593,623,36129,911,120008,690,156137,California
Tulare,2021-05-05,1262,270390,608,150479,567,112231,87,7680,435,35835,816,120824,522,156659,California
Tulare,2021-05-06,1955,272345,1328,151807,578,112809,49,7729,590,35117,1357,122181,639,157298,California
Tulare,2021-05-07,1847,274192,1254,153061,525,113334,68,7797,529,34403,1310,123491,596,157894,California
Tulare,2021-05-08,1230,275422,800,153861,405,113739,25,7822,523,34251,700,124191,548,158442,California
Tulare,2021-05-09,593,276015,469,154330,103,113842,21,7843,120,33924,469,124660,142,158584,California
Tulare,2021-05-10,1014,277029,590,154920,359,114201,65,7908,308,33592,705,125365,373,158957,California
Tulare,2021-05-11,1212,278241,614,155534,522,114723,76,7984,504,33470,702,126067,580,159537,California
Tulare,2021-05-12,1491,279732,956,156490,483,115206,52,8036,396,32835,1082,127149,447,159984,California
Tulare,2021-05-13,1445,281177,898,157388,510,115716,37,8073,646,32725,793,127942,683,160667,California
Tulare,2021-05-14,1901,283078,1222,158610,616,116332,63,8136,841,32583,1046,128988,904,161571,California
Tulare,2021-05-15,1553,284631,878,159488,647,116979,28,8164,666,32397,880,129868,694,162265,California
Tulare,2021-05-16,680,285311,545,160033,124,117103,11,8175,315,32359,364,130232,326,162591,California
Tulare,2021-05-17,1530,286841,949,160982,505,117608,76,8251,738,32390,783,131015,814,163405,California
Tulare,2021-05-18,1566,288407,842,161824,672,118280,52,8303,799,32478,760,131775,848,164253,California
Tulare,2021-05-19,1406,289813,903,162727,474,118754,29,8332,757,32622,643,132418,787,165040,California
Tulare,2021-05-20,602,290415,404,163131,163,118917,35,8367,259,32575,341,132759,294,165334,California
Tuolumne,2020-12-16,47,47,47,47,0,0,0,0,47,47,0,0,47,47,California
Tuolumne,2020-12-17,17,64,17,64,0,0,0,0,17,64,0,0,17,64,California
Tuolumne,2020-12-18,101,165,100,164,1,1,0,0,101,165,0,0,101,165,California
Tuolumne,2020-12-19,5,170,5,169,0,1,0,0,5,170,0,0,5,170,California
Tuolumne,2020-12-20,1,171,1,170,0,1,0,0,1,171,0,0,1,171,California
Tuolumne,2020-12-21,115,286,101,271,14,15,0,0,115,286,0,0,115,286,California
Tuolumne,2020-12-22,172,458,172,443,0,15,0,0,172,458,0,0,172,458,California
Tuolumne,2020-12-23,185,643,183,626,2,17,0,0,185,643,0,0,185,643,California
Tuolumne,2020-12-26,2,645,2,628,0,17,0,0,2,645,0,0,2,645,California
Tuolumne,2020-12-28,77,722,75,703,2,19,0,0,77,722,0,0,77,722,California
Tuolumne,2020-12-29,102,824,39,742,63,82,0,0,102,824,0,0,102,824,California
Tuolumne,2020-12-30,78,902,22,764,56,138,0,0,78,902,0,0,78,902,California
Tuolumne,2020-12-31,27,929,20,784,7,145,0,0,27,929,0,0,27,929,California
Tuolumne,2021-01-01,6,935,5,789,1,146,0,0,6,935,0,0,6,935,California
Tuolumne,2021-01-02,118,1053,115,904,3,149,0,0,118,1053,0,0,118,1053,California
Tuolumne,2021-01-03,2,1055,2,906,0,149,0,0,2,1055,0,0,2,1055,California
Tuolumne,2021-01-04,69,1124,26,932,43,192,0,0,69,1124,0,0,69,1124,California
Tuolumne,2021-01-05,93,1217,27,959,66,258,0,0,90,1212,3,3,91,1215,California
Tuolumne,2021-01-06,132,1349,72,1031,60,318,0,0,68,1216,64,67,68,1283,California
Tuolumne,2021-01-07,119,1468,63,1094,56,374,0,0,64,1225,55,122,64,1347,California
Tuolumne,2021-01-08,104,1572,80,1174,24,398,0,0,27,1177,76,198,28,1375,California
Tuolumne,2021-01-09,2,1574,0,1174,2,400,0,0,2,1179,0,198,2,1377,California
Tuolumne,2021-01-10,3,1577,1,1175,2,402,0,0,3,1182,0,198,3,1380,California
Tuolumne,2021-01-11,116,1693,90,1265,26,428,0,0,34,1134,82,280,34,1414,California
Tuolumne,2021-01-12,101,1794,85,1350,16,444,0,0,17,1067,84,364,17,1431,California
Tuolumne,2021-01-13,231,2025,125,1475,106,550,0,0,182,1201,49,413,183,1614,California
Tuolumne,2021-01-14,148,2173,108,1583,40,590,0,0,43,1140,104,517,43,1657,California
Tuolumne,2021-01-15,474,2647,72,1655,402,992,0,0,412,1492,61,578,413,2070,California
Tuolumne,2021-01-16,7,2654,3,1658,4,996,0,0,6,1497,1,579,6,2076,California
Tuolumne,2021-01-17,7,2661,4,1662,3,999,0,0,7,1504,0,579,7,2083,California
Tuolumne,2021-01-18,46,2707,38,1700,8,1007,0,0,9,1477,36,615,9,2092,California
Tuolumne,2021-01-19,477,3184,73,1773,404,1411,0,0,431,1862,46,661,431,2523,California
Tuolumne,2021-01-20,76,3260,58,1831,18,1429,0,0,24,1835,51,712,24,2547,California
Tuolumne,2021-01-21,56,3316,23,1854,33,1462,0,0,40,1859,16,728,40,2587,California
Tuolumne,2021-01-22,169,3485,16,1870,153,1615,0,0,162,2014,7,735,162,2749,California
Tuolumne,2021-01-23,664,4149,145,2015,519,2134,0,0,549,2460,115,850,561,3310,California
Tuolumne,2021-01-24,522,4671,1,2016,521,2655,0,0,520,2979,2,852,521,3831,California
Tuolumne,2021-01-25,48,4719,28,2044,20,2675,0,0,22,2976,26,878,23,3854,California
Tuolumne,2021-01-26,80,4799,68,2112,12,2687,0,0,40,2977,40,918,41,3895,California
Tuolumne,2021-01-27,61,4860,4,2116,57,2744,0,0,8,2933,52,970,8,3903,California
Tuolumne,2021-01-28,27,4887,7,2123,20,2764,0,0,18,2942,9,979,18,3921,California
Tuolumne,2021-01-29,74,4961,6,2129,68,2832,0,0,35,2938,39,1018,35,3956,California
Tuolumne,2021-01-30,711,5672,553,2682,158,2990,0,0,689,3621,22,1040,705,4661,California
Tuolumne,2021-01-31,8,5680,2,2684,6,2996,0,0,5,3623,3,1043,5,4666,California
Tuolumne,2021-02-01,25,5705,6,2690,19,3015,0,0,22,3642,3,1046,22,4688,California
Tuolumne,2021-02-02,647,6352,39,2729,608,3623,0,0,636,4269,9,1055,636,5324,California
Tuolumne,2021-02-03,240,6592,111,2840,129,3752,0,0,88,4205,152,1207,88,5412,California
Tuolumne,2021-02-04,123,6715,13,2853,110,3862,0,0,60,4202,63,1270,60,5472,California
Tuolumne,2021-02-05,99,6814,13,2866,86,3948,0,0,35,4174,63,1333,35,5507,California
Tuolumne,2021-02-06,855,7669,581,3447,274,4222,0,0,847,5018,8,1341,852,6359,California
Tuolumne,2021-02-07,8,7677,4,3451,4,4226,0,0,4,5018,4,1345,4,6363,California
Tuolumne,2021-02-08,91,7768,40,3491,51,4277,0,0,67,5061,24,1369,67,6430,California
Tuolumne,2021-02-09,862,8630,53,3544,809,5086,0,0,821,5841,41,1410,821,7251,California
Tuolumne,2021-02-10,92,8722,17,3561,75,5161,0,0,31,5812,60,1470,31,7282,California
Tuolumne,2021-02-11,143,8865,67,3628,76,5237,0,0,77,5823,66,1536,77,7359,California
Tuolumne,2021-02-12,646,9511,19,3647,627,5864,0,0,205,5588,440,1976,205,7564,California
Tuolumne,2021-02-13,150,9661,42,3689,108,5972,0,0,119,5682,25,2001,119,7683,California
Tuolumne,2021-02-14,149,9810,13,3702,136,6108,0,0,148,5829,1,2002,148,7831,California
Tuolumne,2021-02-15,186,9996,10,3712,176,6284,0,0,177,5997,9,2011,177,8008,California
Tuolumne,2021-02-16,529,10525,17,3729,512,6796,0,0,121,5716,404,2415,123,8131,California
Tuolumne,2021-02-17,111,10636,63,3792,48,6844,0,0,61,5728,49,2464,61,8192,California
Tuolumne,2021-02-18,680,11316,25,3817,655,7499,0,0,629,6307,51,2515,630,8822,California
Tuolumne,2021-02-19,142,11458,23,3840,119,7618,0,0,43,6251,99,2614,43,8865,California
Tuolumne,2021-02-20,904,12362,341,4181,563,8181,0,0,385,6132,505,3119,386,9251,California
Tuolumne,2021-02-21,975,13337,38,4219,937,9118,0,0,470,6100,504,3623,472,9723,California
Tuolumne,2021-02-22,79,13416,58,4277,21,9139,0,0,47,6116,31,3654,47,9770,California
Tuolumne,2021-02-23,48,13464,24,4301,24,9163,0,0,26,6121,21,3675,26,9796,California
Tuolumne,2021-02-24,103,13567,58,4359,45,9208,0,0,42,6103,60,3735,42,9838,California
Tuolumne,2021-02-25,1050,14617,34,4393,1016,10224,0,0,1019,7091,31,3766,1019,10857,California
Tuolumne,2021-02-26,146,14763,10,4403,136,10360,0,0,121,7187,25,3791,121,10978,California
Tuolumne,2021-02-27,952,15715,578,4981,374,10734,0,0,248,6751,687,4478,251,11229,California
Tuolumne,2021-02-28,56,15771,4,4985,52,10786,0,0,52,6800,3,4481,52,11281,California
Tuolumne,2021-03-01,112,15883,21,5006,91,10877,0,0,77,6844,34,4515,78,11359,California
Tuolumne,2021-03-02,705,16588,73,5079,632,11509,0,0,106,6351,599,5114,106,11465,California
Tuolumne,2021-03-03,89,16677,22,5101,67,11576,0,0,64,6390,25,5139,64,11529,California
Tuolumne,2021-03-04,1168,17845,74,5175,1094,12670,0,0,1105,7432,63,5202,1105,12634,California
Tuolumne,2021-03-05,85,17930,10,5185,75,12745,0,0,48,7445,36,5238,49,12683,California
Tuolumne,2021-03-06,1056,18986,605,5790,449,13194,2,2,204,6805,847,6085,207,12890,California
Tuolumne,2021-03-07,41,19027,12,5802,14,13208,15,17,18,6815,23,6108,33,12923,California
Tuolumne,2021-03-08,195,19222,89,5891,99,13307,7,24,139,6905,56,6164,146,13069,California
Tuolumne,2021-03-09,857,20079,16,5907,830,14137,11,35,68,6201,784,6948,80,13149,California
Tuolumne,2021-03-10,78,20157,12,5919,55,14192,11,46,53,6240,25,6973,64,13213,California
Tuolumne,2021-03-11,1282,21439,36,5955,1240,15432,6,52,1255,7476,27,7000,1263,14476,California
Tuolumne,2021-03-12,299,21738,36,5991,248,15680,15,67,190,7576,108,7108,208,14684,California
Tuolumne,2021-03-13,113,21851,12,6003,101,15781,0,67,84,7633,28,7136,85,14769,California
Tuolumne,2021-03-14,142,21993,8,6011,125,15906,9,76,7,7518,135,7271,20,14789,California
Tuolumne,2021-03-15,296,22289,80,6091,213,16119,3,79,101,7434,194,7465,110,14899,California
Tuolumne,2021-03-16,802,23091,40,6131,751,16870,11,90,665,7974,136,7601,676,15575,California
Tuolumne,2021-03-17,152,23243,30,6161,109,16979,13,103,79,7994,71,7672,91,15666,California
Tuolumne,2021-03-18,948,24191,27,6188,908,17887,13,116,318,7697,628,8300,331,15997,California
Tuolumne,2021-03-19,135,24326,17,6205,87,17974,31,147,74,7742,59,8359,104,16101,California
Tuolumne,2021-03-20,89,24415,7,6212,72,18046,10,157,37,7737,51,8410,46,16147,California
Tuolumne,2021-03-21,833,25248,389,6601,434,18480,10,167,40,7002,786,9196,51,16198,California
Tuolumne,2021-03-22,164,25412,73,6674,72,18552,19,186,97,7052,66,9262,116,16314,California
Tuolumne,2021-03-23,708,26120,637,7311,57,18609,14,200,671,7699,37,9299,684,16998,California
Tuolumne,2021-03-24,110,26230,20,7331,72,18681,18,218,77,7762,32,9331,95,17093,California
Tuolumne,2021-03-25,1298,27528,23,7354,1272,19953,3,221,326,7121,970,10301,329,17422,California
Tuolumne,2021-03-26,275,27803,16,7370,236,20189,23,244,117,7114,148,10449,141,17563,California
Tuolumne,2021-03-27,579,28382,53,7423,526,20715,0,244,318,7174,259,10708,319,17882,California
Tuolumne,2021-03-28,48,28430,7,7430,41,20756,0,244,8,7144,39,10747,9,17891,California
Tuolumne,2021-03-29,206,28636,83,7513,123,20879,0,244,109,7159,94,10841,109,18000,California
Tuolumne,2021-03-30,162,28798,11,7524,150,21029,1,245,120,7239,41,10882,121,18121,California
Tuolumne,2021-03-31,95,28893,14,7538,79,21108,2,247,38,7224,55,10937,40,18161,California
Tuolumne,2021-04-01,1249,30142,30,7568,1219,22327,0,247,228,6433,1019,11956,228,18389,California
Tuolumne,2021-04-02,164,30306,11,7579,127,22454,26,273,91,6479,71,12027,117,18506,California
Tuolumne,2021-04-03,426,30732,35,7614,390,22844,1,274,239,6534,187,12214,242,18748,California
Tuolumne,2021-04-04,33,30765,3,7617,30,22874,0,274,21,6544,11,12225,21,18769,California
Tuolumne,2021-04-05,130,30895,19,7636,104,22978,7,281,59,6539,71,12296,66,18835,California
Tuolumne,2021-04-06,648,31543,517,8153,104,23082,27,308,513,6946,135,12431,542,19377,California
Tuolumne,2021-04-07,128,31671,37,8190,75,23157,16,324,50,6934,78,12509,66,19443,California
Tuolumne,2021-04-08,1445,33116,32,8222,1399,24556,14,338,247,6001,1194,13703,261,19704,California
Tuolumne,2021-04-09,275,33391,41,8263,190,24746,44,382,132,6038,143,13846,180,19884,California
Tuolumne,2021-04-10,56,33447,2,8265,34,24780,20,402,23,6049,32,13878,43,19927,California
Tuolumne,2021-04-11,17,33464,2,8267,12,24792,3,405,12,6059,5,13883,15,19942,California
Tuolumne,2021-04-12,164,33628,66,8333,93,24885,5,410,90,6086,68,13951,95,20037,California
Tuolumne,2021-04-13,783,34411,35,8368,748,25633,0,410,169,5649,606,14557,169,20206,California
Tuolumne,2021-04-14,154,34565,27,8395,127,25760,0,410,78,5655,73,14630,79,20285,California
Tuolumne,2021-04-15,341,34906,20,8415,321,26081,0,410,59,5438,276,14906,59,20344,California
Tuolumne,2021-04-16,250,35156,50,8465,200,26281,0,410,140,5476,103,15009,141,20485,California
Tuolumne,2021-04-17,43,35199,6,8471,37,26318,0,410,27,5487,16,15025,27,20512,California
Tuolumne,2021-04-18,8,35207,3,8474,5,26323,0,410,4,5487,4,15029,4,20516,California
Tuolumne,2021-04-19,170,35377,79,8553,91,26414,0,410,92,5503,76,15105,92,20608,California
Tuolumne,2021-04-20,712,36089,615,9168,97,26511,0,410,76,4950,629,15734,76,20684,California
Tuolumne,2021-04-21,118,36207,26,9194,92,26603,0,410,62,4961,51,15785,62,20746,California
Tuolumne,2021-04-22,706,36913,46,9240,660,27263,0,410,427,5118,270,16055,427,21173,California
Tuolumne,2021-04-23,177,37090,31,9271,146,27409,0,410,86,5115,89,16144,86,21259,California
Tuolumne,2021-04-24,80,37170,18,9289,62,27471,0,410,52,5139,28,16172,52,21311,California
Tuolumne,2021-04-25,27,37197,10,9299,17,27488,0,410,24,5160,3,16175,24,21335,California
Tuolumne,2021-04-26,153,37350,56,9355,97,27585,0,410,70,5149,82,16257,71,21406,California
Tuolumne,2021-04-27,135,37485,22,9377,106,27691,7,417,62,5147,71,16328,69,21475,California
Tuolumne,2021-04-28,115,37600,25,9402,79,27770,11,428,64,5172,50,16378,75,21550,California
Tuolumne,2021-04-29,277,37877,16,9418,253,28023,8,436,53,5011,222,16600,61,21611,California
Tuolumne,2021-04-30,351,38228,21,9439,318,28341,12,448,67,4809,281,16881,79,21690,California
Tuolumne,2021-05-01,24,38252,7,9446,13,28354,4,452,16,4821,8,16889,20,21710,California
Tuolumne,2021-05-02,26,38278,3,9449,21,28375,2,454,19,4835,7,16896,21,21731,California
Tuolumne,2021-05-03,98,38376,14,9463,79,28454,5,459,28,4799,69,16965,33,21764,California
Tuolumne,2021-05-04,692,39068,603,10066,84,28538,5,464,205,4522,486,17451,209,21973,California
Tuolumne,2021-05-05,107,39175,25,10091,76,28614,6,470,55,4534,50,17501,62,22035,California
Tuolumne,2021-05-06,286,39461,13,10104,259,28873,14,484,40,4346,241,17742,53,22088,California
Tuolumne,2021-05-07,323,39784,25,10129,290,29163,8,492,65,4162,257,17999,73,22161,California
Tuolumne,2021-05-08,47,39831,7,10136,36,29199,4,496,29,4177,18,18017,33,22194,California
Tuolumne,2021-05-09,15,39846,2,10138,11,29210,2,498,2,4168,13,18030,4,22198,California
Tuolumne,2021-05-10,109,39955,44,10182,60,29270,5,503,30,4125,78,18108,35,22233,California
Tuolumne,2021-05-11,197,40152,64,10246,121,29391,12,515,56,4053,140,18248,68,22301,California
Tuolumne,2021-05-12,127,40279,19,10265,105,29496,3,518,49,4027,78,18326,52,22353,California
Tuolumne,2021-05-13,101,40380,18,10283,75,29571,8,526,61,4056,40,18366,69,22422,California
Tuolumne,2021-05-14,207,40587,76,10359,119,29690,12,538,107,4077,98,18464,119,22541,California
Tuolumne,2021-05-15,57,40644,15,10374,35,29725,7,545,21,4070,36,18500,29,22570,California
Tuolumne,2021-05-16,24,40668,6,10380,16,29741,2,547,12,4072,12,18512,14,22584,California
Tuolumne,2021-05-17,106,40774,28,10408,75,29816,3,550,44,4057,62,18574,47,22631,California
Tuolumne,2021-05-18,174,40948,54,10462,74,29890,46,596,58,4045,116,18690,104,22735,California
Tuolumne,2021-05-19,112,41060,16,10478,67,29957,29,625,47,4057,64,18754,76,22811,California
Tuolumne,2021-05-20,352,41412,14,10492,333,30290,5,630,49,3809,302,19056,54,22865,California
Ventura,2020-12-15,5,5,5,5,0,0,0,0,5,5,0,0,5,5,California
Ventura,2020-12-16,74,79,74,79,0,0,0,0,74,79,0,0,74,79,California
Ventura,2020-12-17,250,329,250,329,0,0,0,0,250,329,0,0,250,329,California
Ventura,2020-12-18,1414,1743,1414,1743,0,0,0,0,1414,1743,0,0,1414,1743,California
Ventura,2020-12-19,912,2655,912,2655,0,0,0,0,912,2655,0,0,912,2655,California
Ventura,2020-12-20,432,3087,432,3087,0,0,0,0,432,3087,0,0,432,3087,California
Ventura,2020-12-21,1468,4555,1468,4555,0,0,0,0,1468,4555,0,0,1468,4555,California
Ventura,2020-12-22,1104,5659,1099,5654,5,5,0,0,1104,5659,0,0,1104,5659,California
Ventura,2020-12-23,1027,6686,979,6633,48,53,0,0,1027,6686,0,0,1027,6686,California
Ventura,2020-12-24,477,7163,379,7012,98,151,0,0,477,7163,0,0,477,7163,California
Ventura,2020-12-25,11,7174,7,7019,4,155,0,0,11,7174,0,0,11,7174,California
Ventura,2020-12-26,112,7286,92,7111,20,175,0,0,112,7286,0,0,112,7286,California
Ventura,2020-12-27,58,7344,27,7138,31,206,0,0,58,7344,0,0,58,7344,California
Ventura,2020-12-28,1074,8418,934,8072,140,346,0,0,1074,8418,0,0,1074,8418,California
Ventura,2020-12-29,1171,9589,764,8836,407,753,0,0,1171,9589,0,0,1171,9589,California
Ventura,2020-12-30,1987,11576,1522,10358,465,1218,0,0,1987,11576,0,0,1987,11576,California
Ventura,2020-12-31,481,12057,162,10520,319,1537,0,0,481,12057,0,0,481,12057,California
Ventura,2021-01-01,25,12082,7,10527,18,1555,0,0,25,12082,0,0,25,12082,California
Ventura,2021-01-02,174,12256,79,10606,95,1650,0,0,174,12256,0,0,174,12256,California
Ventura,2021-01-03,16,12272,8,10614,8,1658,0,0,16,12272,0,0,16,12272,California
Ventura,2021-01-04,1083,13355,552,11166,531,2189,0,0,1082,13354,0,0,1082,13354,California
Ventura,2021-01-05,1373,14728,777,11943,596,2785,0,0,1331,14643,42,42,1331,14685,California
Ventura,2021-01-06,2060,16788,1181,13124,879,3664,0,0,1628,15850,423,465,1630,16315,California
Ventura,2021-01-07,2069,18857,1327,14451,742,4406,0,0,1180,16143,887,1352,1180,17495,California
Ventura,2021-01-08,2197,21054,1474,15925,723,5129,0,0,906,15761,1289,2641,907,18402,California
Ventura,2021-01-09,721,21775,500,16425,221,5350,0,0,319,15678,402,3043,319,18721,California
Ventura,2021-01-10,343,22118,327,16752,16,5366,0,0,129,15593,214,3257,129,18850,California
Ventura,2021-01-11,2446,24564,1489,18241,957,6323,0,0,1494,16138,952,4209,1497,20347,California
Ventura,2021-01-12,3045,27609,1612,19853,1433,7756,0,0,2020,17133,1025,5234,2020,22367,California
Ventura,2021-01-13,2927,30536,1424,21277,1503,9259,0,0,2043,18296,881,6115,2044,24411,California
Ventura,2021-01-14,2737,33273,1062,22339,1675,10934,0,0,2289,20139,447,6562,2290,26701,California
Ventura,2021-01-15,2889,36162,972,23311,1917,12851,0,0,2676,22603,213,6775,2677,29378,California
Ventura,2021-01-16,485,36647,187,23498,298,13149,0,0,405,22928,80,6855,405,29783,California
Ventura,2021-01-17,260,36907,138,23636,122,13271,0,0,254,23176,6,6861,254,30037,California
Ventura,2021-01-18,2220,39127,1672,25308,548,13819,0,0,1668,24294,551,7412,1669,31706,California
Ventura,2021-01-19,3045,42172,2122,27430,923,14742,0,0,2149,25550,896,8308,2152,33858,California
Ventura,2021-01-20,4100,46272,3147,30577,953,15695,0,0,3046,27546,1051,9359,3047,36905,California
Ventura,2021-01-21,3847,50119,2677,33254,1170,16865,0,0,3170,30044,674,10033,3172,40077,California
Ventura,2021-01-22,3616,53735,2496,35750,1120,17985,0,0,3455,33338,161,10194,3455,43532,California
Ventura,2021-01-23,1182,54917,648,36398,534,18519,0,0,1082,34323,99,10293,1084,44616,California
Ventura,2021-01-24,453,55370,137,36535,316,18835,0,0,440,34750,13,10306,440,45056,California
Ventura,2021-01-25,3156,58526,2032,38567,1124,19959,0,0,2600,36796,555,10861,2601,47657,California
Ventura,2021-01-26,3718,62244,2209,40776,1509,21468,0,0,2719,38518,998,11859,2720,50377,California
Ventura,2021-01-27,3463,65707,1561,42337,1902,23370,0,0,2720,40499,739,12598,2720,53097,California
Ventura,2021-01-28,3879,69586,1997,44334,1882,25252,0,0,3263,43164,599,13197,3264,56361,California
Ventura,2021-01-29,4272,73858,2525,46859,1747,26999,0,0,3769,46443,490,13687,3769,60130,California
Ventura,2021-01-30,3040,76898,1966,48825,1074,28073,0,0,2869,49146,167,13854,2870,63000,California
Ventura,2021-01-31,836,77734,448,49273,388,28461,0,0,749,49809,86,13940,749,63749,California
Ventura,2021-02-01,3954,81688,2120,51393,1834,30295,0,0,3177,52215,773,14713,3179,66928,California
Ventura,2021-02-02,4409,86097,2377,53770,2032,32327,0,0,3385,54581,1020,15733,3386,70314,California
Ventura,2021-02-03,4456,90553,2090,55860,2366,34693,0,0,3446,57023,1005,16738,3447,73761,California
Ventura,2021-02-04,4786,95339,2297,58157,2489,37182,0,0,3521,59289,1257,17995,3523,77284,California
Ventura,2021-02-05,4843,100182,2322,60479,2521,39703,0,0,3349,61159,1481,19476,3351,80635,California
Ventura,2021-02-06,2841,103023,1517,61996,1324,41027,0,0,2438,63195,402,19878,2438,83073,California
Ventura,2021-02-07,715,103738,243,62239,472,41499,0,0,589,63659,126,20004,590,83663,California
Ventura,2021-02-08,3502,107240,1626,63865,1876,43375,0,0,2430,65022,1067,21071,2430,86093,California
Ventura,2021-02-09,4723,111963,1974,65839,2749,46124,0,0,2464,65231,2258,23329,2467,88560,California
Ventura,2021-02-10,4718,116681,2238,68077,2480,48604,0,0,2389,65303,2318,25647,2390,90950,California
Ventura,2021-02-11,4669,121350,1864,69941,2805,51409,0,0,2450,65544,2212,27859,2453,93403,California
Ventura,2021-02-12,6311,127661,2665,72606,3646,55055,0,0,3228,65694,3078,30937,3228,96631,California
Ventura,2021-02-13,3304,130965,1829,74435,1475,56530,0,0,1849,66094,1451,32388,1851,98482,California
Ventura,2021-02-14,1227,132192,124,74559,1103,57633,0,0,1011,66890,216,32604,1012,99494,California
Ventura,2021-02-15,3989,136181,1799,76358,2190,59823,0,0,2119,67142,1867,34471,2119,101613,California
Ventura,2021-02-16,5554,141735,2708,79066,2846,62669,0,0,3015,67626,2531,37002,3015,104628,California
Ventura,2021-02-17,5240,146975,1925,80991,3315,65984,0,0,3270,68936,1960,38962,3270,107898,California
Ventura,2021-02-18,5785,152760,1832,82823,3953,69937,0,0,3637,70436,2137,41099,3637,111535,California
Ventura,2021-02-19,6458,159218,3773,86596,2685,72622,0,0,3013,70013,3438,44537,3015,114550,California
Ventura,2021-02-20,4940,164158,3172,89768,1768,74390,0,0,2771,70625,2163,46700,2775,117325,California
Ventura,2021-02-21,1102,165260,812,90580,290,74680,0,0,451,70431,645,47345,451,117776,California
Ventura,2021-02-22,5376,170636,2413,92993,2963,77643,0,0,3459,71982,1908,49253,3459,121235,California
Ventura,2021-02-23,5948,176584,2979,95972,2969,80612,0,0,3419,72891,2512,51765,3421,124656,California
Ventura,2021-02-24,7012,183596,2616,98588,4396,85008,0,0,4254,74402,2745,54510,4256,128912,California
Ventura,2021-02-25,7498,191094,2573,101161,4925,89933,0,0,4576,76072,2908,57418,4578,133490,California
Ventura,2021-02-26,9359,200453,2774,103935,6585,96518,0,0,6166,79074,3166,60584,6168,139658,California
Ventura,2021-02-27,10012,210465,5288,109223,4724,101242,0,0,7383,83854,2613,63197,7393,147051,California
Ventura,2021-02-28,2572,213037,1638,110861,933,102175,1,1,2097,85483,468,63665,2097,149148,California
Ventura,2021-03-01,6966,220003,2827,113688,4139,106314,0,1,4639,87820,2315,65980,4652,153800,California
Ventura,2021-03-02,7594,227597,4043,117731,3549,109863,2,3,5358,90952,2226,68206,5358,159158,California
Ventura,2021-03-03,8541,236138,3918,121649,4622,114485,1,4,6088,94608,2437,70643,6093,165251,California
Ventura,2021-03-04,8118,244256,3877,125526,4241,118726,0,4,5485,97477,2619,73262,5488,170739,California
Ventura,2021-03-05,9991,254247,4815,130341,5166,123892,10,14,7094,101707,2882,76144,7112,177851,California
Ventura,2021-03-06,7244,261491,4403,134744,2688,126580,153,167,5325,105276,1911,78055,5480,183331,California
Ventura,2021-03-07,1665,263156,618,135362,947,127527,100,267,1246,106203,419,78474,1346,184677,California
Ventura,2021-03-08,6764,269920,3437,138799,3173,130700,154,421,4656,108914,2102,80576,4813,189490,California
Ventura,2021-03-09,6760,276680,3026,141825,3534,134234,200,621,3883,110136,2863,83439,4085,193575,California
Ventura,2021-03-10,6860,283540,3014,144839,3607,137841,239,860,4534,112597,2312,85751,4773,198348,California
Ventura,2021-03-11,6383,289923,2892,147731,3178,141019,313,1173,3429,113396,2941,88692,3740,202088,California
Ventura,2021-03-12,8556,298479,3049,150780,4662,145681,845,2018,4136,113974,4402,93094,4980,207068,California
Ventura,2021-03-13,6701,305180,2509,153289,3350,149031,842,2860,3770,115662,2922,96016,4610,211678,California
Ventura,2021-03-14,2143,307323,487,153776,1159,150190,497,3357,722,115462,1420,97436,1220,212898,California
Ventura,2021-03-15,6939,314262,2055,155831,3535,153725,1349,4706,2989,115871,3925,101361,4334,217232,California
Ventura,2021-03-16,7957,322219,2471,158302,4372,158097,1114,5820,4019,117078,3924,105285,5131,222363,California
Ventura,2021-03-17,7542,329761,2778,161080,4416,162513,348,6168,4530,118968,2989,108274,4879,227242,California
Ventura,2021-03-18,7265,337026,3281,164361,3832,166345,152,6320,4743,121353,2508,110782,4893,232135,California
Ventura,2021-03-19,8454,345480,3790,168151,4550,170895,114,6434,5065,123161,3368,114150,5176,237311,California
Ventura,2021-03-20,8153,353633,5249,173400,2883,173778,21,6455,3894,122843,4234,118384,3916,241227,California
Ventura,2021-03-21,2789,356422,1514,174914,903,174681,372,6827,1321,123078,1456,119840,1691,242918,California
Ventura,2021-03-22,7353,363775,3695,178609,3556,178237,102,6929,4842,125529,2495,122335,4946,247864,California
Ventura,2021-03-23,8188,371963,3888,182497,4228,182465,72,7001,4580,126598,3582,125917,4651,252515,California
Ventura,2021-03-24,8876,380839,3410,185907,5391,187856,75,7076,4423,126672,4424,130341,4498,257013,California
Ventura,2021-03-25,8801,389640,3909,189816,4791,192647,101,7177,4445,126879,4339,134680,4546,261559,California
Ventura,2021-03-26,9830,399470,3352,193168,5825,198472,653,7830,3901,125529,5902,140582,4552,266111,California
Ventura,2021-03-27,8119,407589,3905,197073,4174,202646,40,7870,2394,122262,5703,146285,2436,268547,California
Ventura,2021-03-28,2532,410121,1412,198485,1111,203757,9,7879,1375,122498,1148,147433,1384,269931,California
Ventura,2021-03-29,8450,418571,4258,202743,4149,207906,43,7922,4201,122521,4221,151654,4244,274175,California
Ventura,2021-03-30,8944,427515,4416,207159,4400,212306,128,8050,4355,122430,4575,156229,4484,278659,California
Ventura,2021-03-31,10720,438235,4835,211994,5257,217563,628,8678,4622,121608,6075,162304,5253,283912,California
Ventura,2021-04-01,10718,448953,5213,217207,4624,222187,881,9559,5409,122621,5285,167589,6298,290210,California
Ventura,2021-04-02,11681,460634,4620,221827,5752,227939,1309,10868,5572,123440,6079,173668,6898,297108,California
Ventura,2021-04-03,8044,468678,3961,225788,2935,230874,1148,12016,3370,123295,4663,178331,4518,301626,California
Ventura,2021-04-04,1722,470400,964,226752,624,231498,134,12150,1153,124021,562,178893,1288,302914,California
Ventura,2021-04-05,9350,479750,4884,231636,3359,234857,1107,13257,4747,125293,4592,183485,5864,308778,California
Ventura,2021-04-06,10875,490625,5564,237200,3824,238681,1487,14744,5572,127078,5277,188762,7062,315840,California
Ventura,2021-04-07,11349,501974,5446,242646,4406,243087,1497,16241,5180,127600,6153,194915,6675,322515,California
Ventura,2021-04-08,10265,512239,5314,247960,4006,247093,945,17186,5121,128529,5129,200044,6058,328573,California
Ventura,2021-04-09,11109,523348,4345,252305,5050,252143,1714,18900,4832,128815,6254,206298,6540,335113,California
Ventura,2021-04-10,9141,532489,3510,255815,3476,255619,2155,21055,3000,127841,6125,212423,5151,340264,California
Ventura,2021-04-11,2423,534912,861,256676,993,256612,569,21624,685,127362,1731,214154,1252,341516,California
Ventura,2021-04-12,8893,543805,4474,261150,3612,260224,807,22431,3733,126753,5142,219296,4533,346049,California
Ventura,2021-04-13,8769,552574,4438,265588,4325,264549,6,22437,3725,125472,5012,224308,3731,349780,California
Ventura,2021-04-14,8673,561247,4068,269656,4590,269139,15,22452,3325,123501,5313,229621,3342,353122,California
Ventura,2021-04-15,9313,570560,4537,274193,4769,273908,7,22459,4076,122370,5214,234835,4083,357205,California
Ventura,2021-04-16,10134,580694,4489,278682,5644,279552,1,22460,4824,121903,5294,240129,4827,362032,California
Ventura,2021-04-17,8568,589262,5324,284006,3243,282795,1,22461,5031,123410,3525,243654,5032,367064,California
Ventura,2021-04-18,2138,591400,1016,285022,1122,283917,0,22461,907,123091,1226,244880,907,367971,California
Ventura,2021-04-19,8037,599437,4852,289874,3184,287101,1,22462,4639,124352,3380,248260,4641,372612,California
Ventura,2021-04-20,9252,608689,4916,294790,4331,291432,5,22467,4378,123879,4856,253116,4383,376995,California
Ventura,2021-04-21,8862,617551,4535,299325,4323,295755,4,22471,4221,123478,4627,257743,4226,381221,California
Ventura,2021-04-22,10041,627592,5489,304814,4552,300307,0,22471,4502,122461,5519,263262,4502,385723,California
Ventura,2021-04-23,10806,638398,5397,310211,5408,305715,1,22472,5414,122507,5368,268630,5414,391137,California
Ventura,2021-04-24,10329,648727,5899,316110,4430,310145,0,22472,6122,124437,4193,272823,6123,397260,California
Ventura,2021-04-25,2473,651200,1701,317811,772,310917,0,22472,1141,124250,1328,274151,1141,398401,California
Ventura,2021-04-26,7204,658404,4134,321945,3005,313922,65,22537,3001,123131,4181,278332,3062,401463,California
Ventura,2021-04-27,8366,666770,4627,326572,3570,317492,169,22706,3153,121254,5198,283530,3321,404784,California
Ventura,2021-04-28,8251,675021,4816,331388,3119,320611,316,23022,3211,119760,5021,288551,3527,408311,California
Ventura,2021-04-29,7760,682781,4221,335609,3275,323886,264,23286,2747,117781,4988,293539,3009,411320,California
Ventura,2021-04-30,9331,692112,5446,341055,3611,327497,274,23560,3859,116465,5441,298980,4125,415445,California
Ventura,2021-05-01,4942,697054,3631,344686,1209,328706,102,23662,1864,115372,3059,302039,1966,417411,California
Ventura,2021-05-02,2129,699183,1428,346114,612,329318,89,23751,1035,115406,1090,303129,1124,418535,California
Ventura,2021-05-03,6223,705406,3914,350028,2032,331350,277,24028,1954,113388,4248,307377,2230,420765,California
Ventura,2021-05-04,6273,711679,3318,353346,2656,334006,299,24327,2270,111967,3989,311366,2568,423333,California
Ventura,2021-05-05,5261,716940,3010,356356,1991,335997,260,24587,1898,110781,3338,314704,2152,425485,California
Ventura,2021-05-06,6104,723044,3211,359567,2623,338620,270,24857,1965,108895,4121,318825,2235,427720,California
Ventura,2021-05-07,6733,729777,3411,362978,3049,341669,273,25130,2311,107084,4395,323220,2584,430304,California
Ventura,2021-05-08,5292,735069,4113,367091,1027,342696,152,25282,1208,104373,4071,327291,1360,431664,California
Ventura,2021-05-09,1053,736122,733,367824,274,342970,46,25328,398,104171,646,327937,444,432108,California
Ventura,2021-05-10,6008,742130,4072,371896,1733,344703,203,25531,1355,101085,4643,332580,1557,433665,California
Ventura,2021-05-11,5093,747223,3202,375098,1682,346385,209,25740,1468,99145,3616,336196,1676,435341,California
Ventura,2021-05-12,4715,751938,2705,377803,1813,348198,197,25937,1450,97547,3245,339441,1647,436988,California
Ventura,2021-05-13,5620,757558,3332,381135,2092,350290,196,26133,1894,95924,3713,343154,2090,439078,California
Ventura,2021-05-14,7124,764682,4384,385519,2542,352832,198,26331,2686,94385,4419,347573,2880,441958,California
Ventura,2021-05-15,6417,771099,5305,390824,1042,353874,70,26401,2737,93531,3662,351235,2808,444766,California
Ventura,2021-05-16,2165,773264,1673,392497,441,354315,51,26452,1024,93471,1135,352370,1075,445841,California
Ventura,2021-05-17,5679,778943,3509,396006,1971,356286,199,26651,2477,92963,3183,355553,2675,448516,California
Ventura,2021-05-18,5218,784161,3104,399110,1939,358225,175,26826,2223,92382,2975,358528,2394,450910,California
Ventura,2021-05-19,5472,789633,3369,402479,1903,360128,200,27026,2309,91745,3145,361673,2508,453418,California
Ventura,2021-05-20,1822,791455,704,403183,1040,361168,78,27104,654,91319,1157,362830,731,454149,California
Yolo,2020-12-15,39,39,39,39,0,0,0,0,39,39,0,0,39,39,California
Yolo,2020-12-16,78,117,78,117,0,0,0,0,78,117,0,0,78,117,California
Yolo,2020-12-17,101,218,101,218,0,0,0,0,101,218,0,0,101,218,California
Yolo,2020-12-18,210,428,210,428,0,0,0,0,210,428,0,0,210,428,California
Yolo,2020-12-19,88,516,88,516,0,0,0,0,88,516,0,0,88,516,California
Yolo,2020-12-20,100,616,100,616,0,0,0,0,100,616,0,0,100,616,California
Yolo,2020-12-21,254,870,254,870,0,0,0,0,254,870,0,0,254,870,California
Yolo,2020-12-22,381,1251,380,1250,1,1,0,0,381,1251,0,0,381,1251,California
Yolo,2020-12-23,432,1683,412,1662,20,21,0,0,432,1683,0,0,432,1683,California
Yolo,2020-12-24,151,1834,95,1757,56,77,0,0,151,1834,0,0,151,1834,California
Yolo,2020-12-25,1,1835,1,1758,0,77,0,0,1,1835,0,0,1,1835,California
Yolo,2020-12-26,75,1910,25,1783,50,127,0,0,75,1910,0,0,75,1910,California
Yolo,2020-12-27,46,1956,19,1802,27,154,0,0,46,1956,0,0,46,1956,California
Yolo,2020-12-28,347,2303,180,1982,167,321,0,0,347,2303,0,0,347,2303,California
Yolo,2020-12-29,488,2791,267,2249,221,542,0,0,488,2791,0,0,488,2791,California
Yolo,2020-12-30,622,3413,254,2503,368,910,0,0,622,3413,0,0,622,3413,California
Yolo,2020-12-31,185,3598,95,2598,90,1000,0,0,185,3598,0,0,185,3598,California
Yolo,2021-01-01,58,3656,56,2654,2,1002,0,0,58,3656,0,0,58,3656,California
Yolo,2021-01-02,69,3725,26,2680,43,1045,0,0,69,3725,0,0,69,3725,California
Yolo,2021-01-03,44,3769,19,2699,25,1070,0,0,44,3769,0,0,44,3769,California
Yolo,2021-01-04,193,3962,43,2742,150,1220,0,0,193,3962,0,0,193,3962,California
Yolo,2021-01-05,614,4576,236,2978,378,1598,0,0,553,4454,61,61,553,4515,California
Yolo,2021-01-06,480,5056,183,3161,297,1895,0,0,349,4672,131,192,349,4864,California
Yolo,2021-01-07,709,5765,234,3395,475,2370,0,0,519,5002,189,381,519,5383,California
Yolo,2021-01-08,634,6399,312,3707,322,2692,0,0,418,5205,215,596,418,5801,California
Yolo,2021-01-09,410,6809,69,3776,341,3033,0,0,364,5523,46,642,364,6165,California
Yolo,2021-01-10,393,7202,80,3856,313,3346,0,0,323,5776,70,712,323,6488,California
Yolo,2021-01-11,563,7765,325,4181,238,3584,0,0,294,5803,269,981,296,6784,California
Yolo,2021-01-12,483,8248,364,4545,119,3703,0,0,175,5671,308,1289,176,6960,California
Yolo,2021-01-13,770,9018,312,4857,458,4161,0,0,520,5941,250,1539,520,7480,California
Yolo,2021-01-14,377,9395,183,5040,194,4355,0,0,273,6110,104,1643,273,7753,California
Yolo,2021-01-15,624,10019,318,5358,306,4661,0,0,545,6577,79,1722,546,8299,California
Yolo,2021-01-16,740,10759,95,5453,645,5306,0,0,709,7255,31,1753,709,9008,California
Yolo,2021-01-17,187,10946,118,5571,69,5375,0,0,180,7428,7,1760,180,9188,California
Yolo,2021-01-18,479,11425,303,5874,176,5551,0,0,379,7707,100,1860,379,9567,California
Yolo,2021-01-19,560,11985,375,6249,185,5736,0,0,385,7917,175,2035,385,9952,California
Yolo,2021-01-20,661,12646,381,6630,280,6016,0,0,475,8207,185,2220,475,10427,California
Yolo,2021-01-21,651,13297,384,7014,267,6283,0,0,463,8482,188,2408,463,10890,California
Yolo,2021-01-22,748,14045,251,7265,497,6780,0,0,631,8998,115,2523,631,11521,California
Yolo,2021-01-23,617,14662,124,7389,493,7273,0,0,569,9519,48,2571,569,12090,California
Yolo,2021-01-24,208,14870,124,7513,84,7357,0,0,167,9645,41,2612,167,12257,California
Yolo,2021-01-25,731,15601,156,7669,575,7932,0,0,514,9942,217,2829,514,12771,California
Yolo,2021-01-26,820,16421,327,7996,493,8425,0,0,429,9980,391,3220,429,13200,California
Yolo,2021-01-27,559,16980,223,8219,336,8761,0,0,383,10187,176,3396,383,13583,California
Yolo,2021-01-28,1052,18032,568,8787,484,9245,0,0,926,10988,125,3521,926,14509,California
Yolo,2021-01-29,888,18920,264,9051,624,9869,0,0,805,11711,82,3603,805,15314,California
Yolo,2021-01-30,1522,20442,919,9970,603,10472,0,0,1410,13015,106,3709,1410,16724,California
Yolo,2021-01-31,249,20691,211,10181,38,10510,0,0,214,13195,34,3743,214,16938,California
Yolo,2021-02-01,846,21537,360,10541,486,10996,0,0,613,13578,230,3973,613,17551,California
Yolo,2021-02-02,1336,22873,753,11294,583,11579,0,0,935,14113,401,4374,936,18487,California
Yolo,2021-02-03,1523,24396,399,11693,1124,12703,0,0,1186,14965,334,4708,1186,19673,California
Yolo,2021-02-04,1791,26187,283,11976,1508,14211,0,0,1240,15666,540,5248,1241,20914,California
Yolo,2021-02-05,1597,27784,906,12882,691,14902,0,0,1196,16463,400,5648,1197,22111,California
Yolo,2021-02-06,1922,29706,1252,14134,670,15572,0,0,1561,17664,361,6009,1562,23673,California
Yolo,2021-02-07,520,30226,250,14384,270,15842,0,0,171,17487,348,6357,171,23844,California
Yolo,2021-02-08,950,31176,332,14716,618,16460,0,0,604,17748,343,6700,604,24448,California
Yolo,2021-02-09,863,32039,389,15105,474,16934,0,0,578,18041,285,6985,578,25026,California
Yolo,2021-02-10,1459,33498,477,15582,982,17916,0,0,821,18226,638,7623,823,25849,California
Yolo,2021-02-11,1571,35069,803,16385,768,18684,0,0,1186,19027,385,8008,1186,27035,California
Yolo,2021-02-12,1915,36984,753,17138,1162,19846,0,0,1445,20006,466,8474,1445,28480,California
Yolo,2021-02-13,2060,39044,714,17852,1346,21192,0,0,1393,20732,667,9141,1393,29873,California
Yolo,2021-02-14,571,39615,155,18007,416,21608,0,0,446,21054,124,9265,446,30319,California
Yolo,2021-02-15,531,40146,189,18196,342,21950,0,0,266,21056,265,9530,267,30586,California
Yolo,2021-02-16,1131,41277,426,18622,705,22655,0,0,810,21546,321,9851,811,31397,California
Yolo,2021-02-17,1394,42671,701,19323,693,23348,0,0,999,22150,395,10246,999,32396,California
Yolo,2021-02-18,2501,45172,817,20140,1684,25032,0,0,1724,23099,776,11022,1725,34121,California
Yolo,2021-02-19,1746,46918,749,20889,997,26029,0,0,1125,23605,619,11641,1125,35246,California
Yolo,2021-02-20,2454,49372,956,21845,1498,27527,0,0,1372,23901,1077,12718,1373,36619,California
Yolo,2021-02-21,285,49657,227,22072,58,27585,0,0,75,23767,209,12927,75,36694,California
Yolo,2021-02-22,1362,51019,600,22672,762,28347,0,0,694,23794,667,13594,694,37388,California
Yolo,2021-02-23,1131,52150,847,23519,284,28631,0,0,434,23533,695,14289,434,37822,California
Yolo,2021-02-24,2094,54244,592,24111,1502,30133,0,0,1383,24207,709,14998,1383,39205,California
Yolo,2021-02-25,1381,55625,486,24597,895,31028,0,0,916,24659,464,15462,916,40121,California
Yolo,2021-02-26,2604,58229,1012,25609,1592,32620,0,0,1386,24830,1215,16677,1386,41507,California
Yolo,2021-02-27,1661,59890,768,26377,893,33513,0,0,1210,25589,451,17128,1210,42717,California
Yolo,2021-02-28,1776,61666,1495,27872,281,33794,0,0,675,25165,1099,18227,675,43392,California
Yolo,2021-03-01,1105,62771,368,28240,737,34531,0,0,673,25408,430,18657,673,44065,California
Yolo,2021-03-02,1472,64243,692,28932,780,35311,0,0,942,25820,530,19187,942,45007,California
Yolo,2021-03-03,1846,66089,634,29566,1212,36523,0,0,832,25640,1012,20199,832,45839,California
Yolo,2021-03-04,2923,69012,1464,31030,1459,37982,0,0,1574,25868,1346,21545,1574,47413,California
Yolo,2021-03-05,2362,71374,1408,32438,943,38925,11,11,1478,26474,883,22428,1489,48902,California
Yolo,2021-03-06,1476,72850,1128,33566,319,39244,29,40,840,26709,634,23062,869,49771,California
Yolo,2021-03-07,915,73765,679,34245,222,39466,14,54,779,27366,136,23198,793,50564,California
Yolo,2021-03-08,1096,74861,491,34736,562,40028,43,97,767,27849,328,23526,811,51375,California
Yolo,2021-03-09,1271,76132,687,35423,523,40551,61,158,777,28195,492,24018,838,52213,California
Yolo,2021-03-10,1806,77938,1055,36478,462,41013,289,447,754,28184,1048,25066,1037,53250,California
Yolo,2021-03-11,2351,80289,1604,38082,679,41692,68,515,1604,29111,746,25812,1673,54923,California
Yolo,2021-03-12,2905,83194,1354,39436,1471,43163,80,595,1373,29039,1524,27336,1452,56375,California
Yolo,2021-03-13,1847,85041,733,40169,937,44100,177,772,1001,29374,843,28179,1178,57553,California
Yolo,2021-03-14,1006,86047,213,40382,643,44743,150,922,525,29564,480,28659,670,58223,California
Yolo,2021-03-15,1325,87372,774,41156,375,45118,176,1098,708,29831,615,29274,882,59105,California
Yolo,2021-03-16,1870,89242,718,41874,1080,46198,72,1170,1105,30243,765,30039,1177,60282,California
Yolo,2021-03-17,2504,91746,977,42851,1455,47653,72,1242,1718,31281,783,30822,1821,62103,California
Yolo,2021-03-18,3028,94774,1029,43880,1775,49428,224,1466,1262,31005,1762,32584,1486,63589,California
Yolo,2021-03-19,2094,96868,871,44751,1155,50583,68,1534,1100,31185,988,33572,1168,64757,California
Yolo,2021-03-20,2770,99638,817,45568,1912,52495,41,1575,1109,30682,1655,35227,1152,65909,California
Yolo,2021-03-21,316,99954,215,45783,93,52588,8,1583,229,30833,86,35313,237,66146,California
Yolo,2021-03-22,1400,101354,488,46271,854,53442,58,1641,920,31333,477,35790,977,67123,California
Yolo,2021-03-23,1737,103091,935,47206,746,54188,56,1697,1073,31798,663,36453,1128,68251,California
Yolo,2021-03-24,2863,105954,1405,48611,1409,55597,49,1746,1412,31821,1439,37892,1462,69713,California
Yolo,2021-03-25,2545,108499,1412,50023,1106,56703,27,1773,1254,31822,1280,39172,1281,70994,California
Yolo,2021-03-26,2399,110898,1256,51279,1124,57827,19,1792,1025,31498,1367,40539,1043,72037,California
Yolo,2021-03-27,1653,112551,454,51733,1182,59009,17,1809,762,31387,890,41429,779,72816,California
Yolo,2021-03-28,1108,113659,864,52597,226,59235,18,1827,270,30841,834,42263,288,73104,California
Yolo,2021-03-29,2013,115672,822,53419,1161,60396,30,1857,979,30820,1030,43293,1009,74113,California
Yolo,2021-03-30,2275,117947,1074,54493,1178,61574,23,1880,1169,30911,1101,44394,1192,75305,California
Yolo,2021-03-31,2351,120298,1222,55715,1093,62667,36,1916,1194,30987,1156,45550,1232,76537,California
Yolo,2021-04-01,3839,124137,1847,57562,1517,64184,475,2391,1617,30860,2219,47769,2092,78629,California
Yolo,2021-04-02,3391,127528,1511,59073,1735,65919,145,2536,2100,31821,1285,49054,2246,80875,California
Yolo,2021-04-03,1797,129325,1082,60155,497,66416,218,2754,801,31846,995,50049,1020,81895,California
Yolo,2021-04-04,391,129716,154,60309,175,66591,62,2816,146,31809,245,50294,208,82103,California
Yolo,2021-04-05,1912,131628,732,61041,1080,67671,100,2916,1013,32028,894,51188,1113,83216,California
Yolo,2021-04-06,2574,134202,1307,62348,1096,68767,171,3087,1302,32240,1263,52451,1475,84691,California
Yolo,2021-04-07,2975,137177,1512,63860,1112,69879,351,3438,1923,33472,1046,53497,2278,86969,California
Yolo,2021-04-08,2417,139594,1002,64862,942,70821,473,3911,1022,33571,1392,54889,1491,88460,California
Yolo,2021-04-09,2572,142166,913,65775,1081,71902,578,4489,843,33259,1726,56615,1414,89874,California
Yolo,2021-04-10,1733,143899,818,66593,739,72641,176,4665,1024,33753,705,57320,1199,91073,California
Yolo,2021-04-11,887,144786,282,66875,561,73202,44,4709,364,33640,520,57840,407,91480,California
Yolo,2021-04-12,1763,146549,520,67395,1099,74301,144,4853,1090,34205,670,58510,1235,92715,California
Yolo,2021-04-13,1970,148519,911,68306,1059,75360,0,4853,1039,34314,930,59440,1039,93754,California
Yolo,2021-04-14,2758,151277,762,69068,1996,77356,0,4853,1360,34282,1392,60832,1360,95114,California
Yolo,2021-04-15,3307,154584,1133,70201,2174,79530,0,4853,2263,35510,1035,61867,2263,97377,California
Yolo,2021-04-16,3038,157622,1957,72158,1081,80611,0,4853,1934,36346,1098,62965,1934,99311,California
Yolo,2021-04-17,1603,159225,471,72629,1132,81743,0,4853,830,36406,770,63735,830,100141,California
Yolo,2021-04-18,634,159859,306,72935,328,82071,0,4853,355,36485,276,64011,355,100496,California
Yolo,2021-04-19,1665,161524,716,73651,948,83019,1,4854,767,36360,893,64904,768,101264,California
Yolo,2021-04-20,1998,163522,1009,74660,989,84008,0,4854,1070,36504,926,65830,1070,102334,California
Yolo,2021-04-21,1981,165503,983,75643,998,85006,0,4854,1080,36688,896,66726,1080,103414,California
Yolo,2021-04-22,1935,167438,877,76520,1058,86064,0,4854,961,36681,969,67695,962,104376,California
Yolo,2021-04-23,2614,170052,1527,78047,1087,87151,0,4854,1164,36407,1438,69133,1164,105540,California
Yolo,2021-04-24,1159,171211,632,78679,525,87676,2,4856,455,36168,696,69829,457,105997,California
Yolo,2021-04-25,942,172153,401,79080,541,88217,0,4856,722,36671,219,70048,722,106719,California
Yolo,2021-04-26,1177,173330,450,79530,724,88941,3,4859,483,36466,692,70740,487,107206,California
Yolo,2021-04-27,1488,174818,697,80227,782,89723,9,4868,572,36134,915,71655,583,107789,California
Yolo,2021-04-28,2014,176832,995,81222,992,90715,27,4895,705,35560,1306,72961,732,108521,California
Yolo,2021-04-29,1713,178545,791,82013,839,91554,83,4978,651,35233,1061,74022,734,109255,California
Yolo,2021-04-30,2006,180551,991,83004,958,92512,57,5035,957,35204,1043,75065,1014,110269,California
Yolo,2021-05-01,1284,181835,998,84002,266,92778,20,5055,382,34705,901,75966,402,110671,California
Yolo,2021-05-02,496,182331,402,84404,71,92849,23,5078,321,34874,175,76141,344,111015,California
Yolo,2021-05-03,1122,183453,407,84811,681,93530,34,5112,304,34395,816,76957,337,111352,California
Yolo,2021-05-04,1439,184892,659,85470,756,94286,24,5136,487,33958,948,77905,511,111863,California
Yolo,2021-05-05,1552,186444,422,85892,1064,95350,66,5202,437,33353,1108,79013,503,112366,California
Yolo,2021-05-06,1509,187953,700,86592,729,96079,80,5282,503,32943,993,80006,583,112949,California
Yolo,2021-05-07,2300,190253,1374,87966,875,96954,51,5333,458,31617,1834,81840,508,113457,California
Yolo,2021-05-08,835,191088,360,88326,418,97372,57,5390,312,31465,520,82360,368,113825,California
Yolo,2021-05-09,393,191481,163,88489,217,97589,13,5403,90,31266,302,82662,103,113928,California
Yolo,2021-05-10,902,192383,356,88845,500,98089,46,5449,154,30719,746,83408,199,114127,California
Yolo,2021-05-11,1121,193504,649,89494,450,98539,22,5471,275,30173,842,84250,296,114423,California
Yolo,2021-05-12,1496,195000,661,90155,807,99346,28,5499,276,29263,1217,85467,307,114730,California
Yolo,2021-05-13,2061,197061,776,90931,1227,100573,58,5557,588,28440,1469,86936,646,115376,California
Yolo,2021-05-14,1911,198972,1403,92334,477,101050,31,5588,1044,28653,863,87799,1076,116452,California
Yolo,2021-05-15,1218,200190,690,93024,482,101532,46,5634,622,28725,596,88395,668,117120,California
Yolo,2021-05-16,1346,201536,1190,94214,149,101681,7,5641,985,29362,356,88751,993,118113,California
Yolo,2021-05-17,805,202341,400,94614,387,102068,18,5659,291,29163,508,89259,309,118422,California
Yolo,2021-05-18,1498,203839,1073,95687,405,102473,20,5679,890,29472,602,89861,911,119333,California
Yolo,2021-05-19,979,204818,587,96274,363,102836,29,5708,494,29511,484,90345,523,119856,California
Yolo,2021-05-20,512,205330,343,96617,156,102992,13,5721,219,29453,290,90635,232,120088,California
Yuba,2020-12-16,4,4,4,4,0,0,0,0,4,4,0,0,4,4,California
Yuba,2020-12-17,4,8,4,8,0,0,0,0,4,8,0,0,4,8,California
Yuba,2020-12-18,8,16,8,16,0,0,0,0,8,16,0,0,8,16,California
Yuba,2020-12-19,12,28,12,28,0,0,0,0,12,28,0,0,12,28,California
Yuba,2020-12-20,20,48,20,48,0,0,0,0,20,48,0,0,20,48,California
Yuba,2020-12-21,40,88,40,88,0,0,0,0,40,88,0,0,40,88,California
Yuba,2020-12-22,86,174,86,174,0,0,0,0,86,174,0,0,86,174,California
Yuba,2020-12-23,64,238,62,236,2,2,0,0,64,238,0,0,64,238,California
Yuba,2020-12-24,20,258,10,246,10,12,0,0,20,258,0,0,20,258,California
Yuba,2020-12-26,15,273,13,259,2,14,0,0,15,273,0,0,15,273,California
Yuba,2020-12-27,15,288,15,274,0,14,0,0,15,288,0,0,15,288,California
Yuba,2020-12-28,51,339,35,309,16,30,0,0,51,339,0,0,51,339,California
Yuba,2020-12-29,75,414,10,319,65,95,0,0,75,414,0,0,75,414,California
Yuba,2020-12-30,64,478,20,339,44,139,0,0,64,478,0,0,64,478,California
Yuba,2020-12-31,38,516,7,346,31,170,0,0,38,516,0,0,38,516,California
Yuba,2021-01-02,23,539,22,368,1,171,0,0,23,539,0,0,23,539,California
Yuba,2021-01-03,10,549,6,374,4,175,0,0,10,549,0,0,10,549,California
Yuba,2021-01-04,90,639,21,395,69,244,0,0,90,639,0,0,90,639,California
Yuba,2021-01-05,70,709,38,433,32,276,0,0,69,707,1,1,69,708,California
Yuba,2021-01-06,154,863,76,509,78,354,0,0,148,849,6,7,148,856,California
Yuba,2021-01-07,75,938,19,528,56,410,0,0,72,917,4,11,72,928,California
Yuba,2021-01-08,73,1011,25,553,48,458,0,0,66,976,7,18,66,994,California
Yuba,2021-01-09,19,1030,16,569,3,461,0,0,11,979,8,26,11,1005,California
Yuba,2021-01-10,117,1147,22,591,95,556,0,0,95,1052,22,48,95,1100,California
Yuba,2021-01-11,72,1219,50,641,22,578,0,0,32,1044,40,88,32,1132,California
Yuba,2021-01-12,107,1326,77,718,30,608,0,0,42,1021,65,153,42,1174,California
Yuba,2021-01-13,119,1445,72,790,47,655,0,0,54,1011,64,217,54,1228,California
Yuba,2021-01-14,110,1555,43,833,67,722,0,0,98,1097,12,229,98,1326,California
Yuba,2021-01-15,206,1761,88,921,118,840,0,0,195,1281,11,240,195,1521,California
Yuba,2021-01-16,184,1945,21,942,163,1003,0,0,172,1440,13,253,172,1693,California
Yuba,2021-01-17,13,1958,9,951,4,1007,0,0,7,1441,6,259,7,1700,California
Yuba,2021-01-18,60,2018,32,983,28,1035,0,0,35,1451,25,284,35,1735,California
Yuba,2021-01-19,81,2099,30,1013,51,1086,0,0,66,1502,15,299,66,1801,California
Yuba,2021-01-20,133,2232,87,1100,46,1132,0,0,110,1589,23,322,110,1911,California
Yuba,2021-01-21,213,2445,97,1197,116,1248,0,0,205,1786,8,330,205,2116,California
Yuba,2021-01-22,105,2550,7,1204,98,1346,0,0,96,1873,9,339,96,2212,California
Yuba,2021-01-23,200,2750,7,1211,193,1539,0,0,197,2067,3,342,197,2409,California
Yuba,2021-01-24,10,2760,7,1218,3,1542,0,0,8,2073,2,344,8,2417,California
Yuba,2021-01-25,85,2845,29,1247,56,1598,0,0,53,2095,31,375,53,2470,California
Yuba,2021-01-26,148,2993,39,1286,109,1707,0,0,90,2127,58,433,90,2560,California
Yuba,2021-01-27,183,3176,128,1414,55,1762,0,0,115,2174,68,501,115,2675,California
Yuba,2021-01-28,217,3393,79,1493,138,1900,0,0,175,2307,42,543,175,2850,California
Yuba,2021-01-29,158,3551,55,1548,103,2003,0,0,111,2371,47,590,111,2961,California
Yuba,2021-01-30,410,3961,23,1571,387,2390,0,0,399,2759,11,601,399,3360,California
Yuba,2021-01-31,18,3979,12,1583,6,2396,0,0,16,2773,2,603,16,3376,California
Yuba,2021-02-01,155,4134,75,1658,80,2476,0,0,131,2882,23,626,132,3508,California
Yuba,2021-02-02,123,4257,23,1681,100,2576,0,0,101,2961,22,648,101,3609,California
Yuba,2021-02-03,226,4483,29,1710,197,2773,0,0,114,2964,111,759,114,3723,California
Yuba,2021-02-04,296,4779,121,1831,175,2948,0,0,253,3174,43,802,253,3976,California
Yuba,2021-02-05,147,4926,32,1863,115,3063,0,0,71,3169,76,878,71,4047,California
Yuba,2021-02-06,450,5376,26,1889,424,3487,0,0,442,3603,8,886,442,4489,California
Yuba,2021-02-07,18,5394,11,1900,7,3494,0,0,15,3615,3,889,15,4504,California
Yuba,2021-02-08,97,5491,35,1935,62,3556,0,0,66,3650,31,920,66,4570,California
Yuba,2021-02-09,155,5646,57,1992,98,3654,0,0,85,3665,70,990,85,4655,California
Yuba,2021-02-10,352,5998,172,2164,180,3834,0,0,114,3542,237,1227,114,4769,California
Yuba,2021-02-11,396,6394,63,2227,333,4167,0,0,298,3744,96,1323,298,5067,California
Yuba,2021-02-12,265,6659,27,2254,238,4405,0,0,151,3781,114,1437,151,5218,California
Yuba,2021-02-13,437,7096,37,2291,400,4805,0,0,387,4118,50,1487,387,5605,California
Yuba,2021-02-14,54,7150,11,2302,43,4848,0,0,49,4162,5,1492,49,5654,California
Yuba,2021-02-15,87,7237,36,2338,51,4899,0,0,68,4211,19,1511,68,5722,California
Yuba,2021-02-16,199,7436,53,2391,146,5045,0,0,140,4293,58,1569,140,5862,California
Yuba,2021-02-17,372,7808,156,2547,216,5261,0,0,99,4120,272,1841,99,5961,California
Yuba,2021-02-18,318,8126,47,2594,271,5532,0,0,194,4190,124,1965,194,6155,California
Yuba,2021-02-19,225,8351,82,2676,143,5675,0,0,142,4249,83,2048,142,6297,California
Yuba,2021-02-20,390,8741,31,2707,359,6034,0,0,336,4531,54,2102,336,6633,California
Yuba,2021-02-21,17,8758,14,2721,3,6037,0,0,7,4528,10,2112,7,6640,California
Yuba,2021-02-22,128,8886,79,2800,49,6086,0,0,38,4477,89,2201,38,6678,California
Yuba,2021-02-23,114,9000,25,2825,89,6175,0,0,47,4458,66,2267,47,6725,California
Yuba,2021-02-24,482,9482,136,2961,346,6521,0,0,107,4190,375,2642,107,6832,California
Yuba,2021-02-25,344,9826,139,3100,205,6726,0,0,214,4274,130,2772,214,7046,California
Yuba,2021-02-26,257,10083,68,3168,189,6915,0,0,143,4305,112,2884,143,7189,California
Yuba,2021-02-27,473,10556,48,3216,425,7340,0,0,384,4602,87,2971,384,7573,California
Yuba,2021-02-28,66,10622,21,3237,45,7385,0,0,45,4626,21,2992,45,7618,California
Yuba,2021-03-01,156,10778,40,3277,116,7501,0,0,80,4631,75,3067,80,7698,California
Yuba,2021-03-02,160,10938,36,3313,124,7625,0,0,80,4631,80,3147,80,7778,California
Yuba,2021-03-03,623,11561,159,3472,464,8089,0,0,200,4409,422,3569,200,7978,California
Yuba,2021-03-04,467,12028,271,3743,196,8285,0,0,325,4593,141,3710,325,8303,California
Yuba,2021-03-05,317,12345,60,3803,256,8541,1,1,249,4775,68,3778,250,8553,California
Yuba,2021-03-06,475,12820,35,3838,436,8977,4,5,369,5042,106,3884,373,8926,California
Yuba,2021-03-07,49,12869,27,3865,21,8998,1,6,33,5060,16,3900,34,8960,California
Yuba,2021-03-08,160,13029,49,3914,95,9093,16,22,101,5118,59,3959,117,9077,California
Yuba,2021-03-09,179,13208,48,3962,111,9204,20,42,85,5129,94,4053,105,9182,California
Yuba,2021-03-10,737,13945,234,4196,473,9677,30,72,232,4887,504,4557,262,9444,California
Yuba,2021-03-11,438,14383,197,4393,229,9906,12,84,295,5051,143,4700,307,9751,California
Yuba,2021-03-12,461,14844,86,4479,321,10227,54,138,150,4944,311,5011,204,9955,California
Yuba,2021-03-13,460,15304,340,4819,105,10332,15,153,361,5222,98,5109,376,10331,California
Yuba,2021-03-14,107,15411,21,4840,76,10408,10,163,46,5218,60,5169,56,10387,California
Yuba,2021-03-15,190,15601,49,4889,124,10532,17,180,96,5237,94,5263,113,10500,California
Yuba,2021-03-16,291,15892,71,4960,195,10727,25,205,178,5328,112,5375,203,10703,California
Yuba,2021-03-17,739,16631,162,5122,548,11275,29,234,193,5006,544,5919,222,10925,California
Yuba,2021-03-18,587,17218,161,5283,313,11588,113,347,356,5243,231,6150,468,11393,California
Yuba,2021-03-19,327,17545,120,5403,158,11746,49,396,188,5342,138,6288,237,11630,California
Yuba,2021-03-20,556,18101,81,5484,457,12203,18,414,476,5757,79,6367,494,12124,California
Yuba,2021-03-21,60,18161,35,5519,25,12228,0,414,48,5793,12,6379,48,12172,California
Yuba,2021-03-22,190,18351,70,5589,113,12341,7,421,148,5906,42,6421,155,12327,California
Yuba,2021-03-23,264,18615,80,5669,157,12498,27,448,177,6025,85,6506,204,12531,California
Yuba,2021-03-24,770,19385,255,5924,434,12932,81,529,189,5715,579,7085,269,12800,California
Yuba,2021-03-25,502,19887,268,6192,212,13144,22,551,248,5731,254,7339,270,13070,California
Yuba,2021-03-26,394,20281,143,6335,224,13368,27,578,227,5819,166,7505,254,13324,California
Yuba,2021-03-27,459,20740,27,6362,429,13797,3,581,404,6171,54,7559,406,13730,California
Yuba,2021-03-28,99,20839,40,6402,55,13852,4,585,37,6150,62,7621,41,13771,California
Yuba,2021-03-29,295,21134,86,6488,177,14029,32,617,179,6245,116,7737,211,13982,California
Yuba,2021-03-30,274,21408,68,6556,198,14227,8,625,189,6357,85,7822,197,14179,California
Yuba,2021-03-31,668,22076,114,6670,542,14769,12,637,238,6178,429,8251,250,14429,California
Yuba,2021-04-01,621,22697,288,6958,304,15073,29,666,287,6160,334,8585,316,14745,California
Yuba,2021-04-02,495,23192,94,7052,318,15391,83,749,187,6123,307,8892,270,15015,California
Yuba,2021-04-03,653,23845,54,7106,117,15508,482,1231,86,6125,566,9458,568,15583,California
Yuba,2021-04-04,59,23904,11,7117,42,15550,6,1237,34,6140,25,9483,40,15623,California
Yuba,2021-04-05,247,24151,79,7196,147,15697,21,1258,124,6164,121,9604,145,15768,California
Yuba,2021-04-06,354,24505,114,7310,180,15877,60,1318,171,6213,182,9786,231,15999,California
Yuba,2021-04-07,770,25275,396,7706,321,16198,53,1371,347,6192,420,10206,399,16398,California
Yuba,2021-04-08,740,26015,288,7994,190,16388,262,1633,274,6262,465,10671,535,16933,California
Yuba,2021-04-09,396,26411,173,8167,157,16545,66,1699,162,6257,233,10904,228,17161,California
Yuba,2021-04-10,593,27004,71,8238,74,16619,448,2147,70,6253,521,11425,517,17678,California
Yuba,2021-04-11,102,27106,26,8264,64,16683,12,2159,43,6249,59,11484,55,17733,California
Yuba,2021-04-12,211,27317,45,8309,137,16820,29,2188,80,6228,130,11614,109,17842,California
Yuba,2021-04-13,397,27714,103,8412,294,17114,0,2188,203,6238,193,11807,203,18045,California
Yuba,2021-04-14,694,28408,109,8521,585,17699,0,2188,120,5785,573,12380,120,18165,California
Yuba,2021-04-15,337,28745,128,8649,209,17908,0,2188,147,5742,190,12570,147,18312,California
Yuba,2021-04-16,333,29078,100,8749,233,18141,0,2188,178,5765,155,12725,178,18490,California
Yuba,2021-04-17,403,29481,58,8807,345,18486,0,2188,332,6027,70,12795,332,18822,California
Yuba,2021-04-18,53,29534,10,8817,43,18529,0,2188,25,6024,28,12823,25,18847,California
Yuba,2021-04-19,246,29780,103,8920,143,18672,0,2188,105,5988,141,12964,105,18952,California
Yuba,2021-04-20,313,30093,77,8997,236,18908,0,2188,176,6029,136,13100,177,19129,California
Yuba,2021-04-21,700,30793,282,9279,418,19326,0,2188,299,5927,401,13501,299,19428,California
Yuba,2021-04-22,343,31136,132,9411,211,19537,0,2188,187,5958,156,13657,187,19615,California
Yuba,2021-04-23,343,31479,110,9521,233,19770,0,2188,163,5942,179,13836,163,19778,California
Yuba,2021-04-24,216,31695,68,9589,148,19918,0,2188,123,5972,93,13929,123,19901,California
Yuba,2021-04-25,73,31768,30,9619,43,19961,0,2188,36,5971,37,13966,36,19937,California
Yuba,2021-04-26,224,31992,54,9673,166,20127,4,2192,102,5955,122,14088,106,20043,California
Yuba,2021-04-27,472,32464,162,9835,300,20427,10,2202,233,5961,237,14325,243,20286,California
Yuba,2021-04-28,430,32894,174,10009,251,20678,5,2207,143,5828,281,14606,148,20434,California
Yuba,2021-04-29,426,33320,63,10072,362,21040,1,2208,144,5692,281,14887,145,20579,California
Yuba,2021-04-30,329,33649,93,10165,206,21246,30,2238,140,5675,187,15074,170,20749,California
Yuba,2021-05-01,206,33855,91,10256,96,21342,19,2257,93,5675,112,15186,112,20861,California
Yuba,2021-05-02,64,33919,34,10290,26,21368,4,2261,37,5689,27,15213,41,20902,California
Yuba,2021-05-03,142,34061,66,10356,67,21435,9,2270,45,5649,94,15307,54,20956,California
Yuba,2021-05-04,318,34379,94,10450,203,21638,21,2291,140,5632,178,15485,161,21117,California
Yuba,2021-05-05,315,34694,78,10528,231,21869,6,2297,114,5551,201,15686,120,21237,California
Yuba,2021-05-06,275,34969,103,10631,134,22003,38,2335,90,5497,182,15868,128,21365,California
Yuba,2021-05-07,360,35329,95,10726,236,22239,29,2364,121,5407,239,16107,149,21514,California
Yuba,2021-05-08,104,35433,32,10758,69,22308,3,2367,46,5398,58,16165,49,21563,California
Yuba,2021-05-09,52,35485,23,10781,26,22334,3,2370,37,5423,15,16180,40,21603,California
Yuba,2021-05-10,172,35657,56,10837,98,22432,18,2388,54,5378,117,16297,72,21675,California
Yuba,2021-05-11,364,36021,161,10998,191,22623,12,2400,135,5297,227,16524,146,21821,California
Yuba,2021-05-12,243,36264,119,11117,118,22741,6,2406,92,5244,151,16675,98,21919,California
Yuba,2021-05-13,342,36606,186,11303,113,22854,43,2449,109,5165,231,16906,152,22071,California
Yuba,2021-05-14,349,36955,127,11430,201,23055,21,2470,148,5131,201,17107,167,22238,California
Yuba,2021-05-15,429,37384,104,11534,305,23360,20,2490,108,4939,319,17426,127,22365,California
Yuba,2021-05-16,135,37519,42,11576,85,23445,8,2498,87,4987,47,17473,95,22460,California
Yuba,2021-05-17,207,37726,89,11665,100,23545,18,2516,89,4978,116,17589,107,22567,California
Yuba,2021-05-18,337,38063,145,11810,185,23730,7,2523,141,4930,196,17785,148,22715,California
Yuba,2021-05-19,261,38324,142,11952,111,23841,8,2531,132,4941,129,17914,140,22855,California
Yuba,2021-05-20,167,38491,112,12064,51,23892,4,2535,90,4958,77,17991,94,22949,California
