county,administered_date,total_doses,cumulative_total_doses,pfizer_doses,cumulative_pfizer_doses,moderna_doses,cumulative_moderna_doses,jj_doses,cumulative_jj_doses,partially_vaccinated,total_partially_vaccinated,fully_vaccinated,cumulative_fully_vaccinated,at_least_one_dose,cumulative_at_least_one_dose,california_flag
All CA Counties,2020-12-15,1138,1138,1138,1138,0,0,0,0,1138,1138,0,0,1138,1138,
All CA Counties,2020-12-16,8147,9285,8147,9285,0,0,0,0,8147,9285,0,0,8147,9285,
All CA Counties,2020-12-17,25760,35045,25760,35045,0,0,0,0,25762,35047,0,0,25762,35047,
All CA Counties,2020-12-18,43789,78834,43733,78778,56,56,0,0,43790,78837,0,0,43790,78837,
All CA Counties,2020-12-19,25303,104137,25280,104058,23,79,0,0,25302,104138,1,1,25302,104139,
All CA Counties,2020-12-20,18990,123127,18963,123021,27,106,0,0,18989,123126,1,2,18989,123128,
All CA Counties,2020-12-21,49563,172690,49481,172502,82,188,0,0,49565,172690,1,3,49565,172693,
All CA Counties,2020-12-22,49896,222586,47781,220283,2115,2303,0,0,49894,222583,1,4,49894,222587,
All CA Counties,2020-12-23,50299,272885,41580,261863,8719,11022,0,0,50295,272878,0,4,50295,272882,
All CA Counties,2020-12-24,24032,296917,16330,278193,7702,18724,0,0,24029,296906,1,5,24029,296911,
All CA Counties,2020-12-25,2336,299253,2015,280208,321,19045,0,0,2336,299242,0,5,2336,299247,
All CA Counties,2020-12-26,14619,313872,9441,289649,5178,24223,0,0,14618,313859,1,6,14618,313865,
All CA Counties,2020-12-27,9401,323273,5571,295220,3830,28053,0,0,9400,323258,1,7,9400,323265,
All CA Counties,2020-12-28,45714,368987,29314,324534,16400,44453,0,0,45712,368967,3,10,45712,368977,
All CA Counties,2020-12-29,51066,420053,28519,353053,22547,67000,0,0,51061,420025,3,13,51061,420038,
All CA Counties,2020-12-30,62984,483037,35650,388703,27334,94334,0,0,62976,482998,3,16,62976,483014,
All CA Counties,2020-12-31,29331,512368,10856,399559,18475,112809,0,0,29323,512316,5,21,29323,512337,
All CA Counties,2021-01-01,4078,516446,1809,401368,2269,115078,0,0,4074,516387,3,24,4074,516411,
All CA Counties,2021-01-02,18483,534929,10243,411611,8240,123318,0,0,18482,534869,0,24,18482,534893,
All CA Counties,2021-01-03,6168,541097,3495,415106,2673,125991,0,0,6139,540996,12,36,6139,541032,
All CA Counties,2021-01-04,43571,584668,22092,437198,21479,147470,0,0,43492,584446,42,78,43492,584524,
All CA Counties,2021-01-05,56426,641094,29726,466924,26700,174170,0,0,50980,630126,5391,5469,51071,635595,
All CA Counties,2021-01-06,73321,714415,40487,507411,32834,207004,0,0,57987,672988,15156,20625,58018,693613,
All CA Counties,2021-01-07,91912,806327,52265,559676,39647,246651,0,0,61319,703927,30427,51052,61366,754979,
All CA Counties,2021-01-08,106553,912880,64035,623711,42518,289169,0,0,65451,728468,40970,92022,65511,820490,
All CA Counties,2021-01-09,44216,957096,25470,649181,18746,307915,0,0,27720,739741,16474,108496,27747,848237,
All CA Counties,2021-01-10,24292,981388,14841,664022,9451,317366,0,0,13063,741609,11212,119708,13080,861317,
All CA Counties,2021-01-11,104350,1085738,69447,733469,34903,352269,0,0,60598,758663,43712,163420,60766,922083,
All CA Counties,2021-01-12,112875,1198613,66601,800070,46274,398543,0,0,71903,789903,40893,204313,72133,994216,
All CA Counties,2021-01-13,118750,1317363,61489,861559,57261,455804,0,0,85102,841519,33565,237878,85181,1079397,
All CA Counties,2021-01-14,123626,1440989,49595,911154,74031,529835,0,0,104079,926310,19443,257321,104234,1183631,
All CA Counties,2021-01-15,141966,1582955,52124,963278,89842,619677,0,0,126937,1038513,14936,272257,127139,1310770,
All CA Counties,2021-01-16,80399,1663354,27397,990675,53002,672679,0,0,72864,1103916,7509,279766,72912,1383682,
All CA Counties,2021-01-17,48071,1711425,16796,1007471,31275,703954,0,0,44434,1144766,3630,283396,44480,1428162,
All CA Counties,2021-01-18,88113,1799538,46038,1053509,42075,746029,0,0,68916,1194721,19124,302520,69079,1497241,
All CA Counties,2021-01-19,141612,1941150,73409,1126918,68203,814232,0,0,110451,1274421,31070,333590,110770,1608011,
All CA Counties,2021-01-20,159729,2100879,81637,1208555,78092,892324,0,0,126119,1367399,33394,366984,126372,1734383,
All CA Counties,2021-01-21,173236,2274115,77029,1285584,96207,988531,0,0,154178,1503067,18853,385837,154521,1888904,
All CA Counties,2021-01-22,169397,2443512,69315,1354899,100082,1088613,0,0,155151,1644243,14116,399953,155292,2044196,
All CA Counties,2021-01-23,111173,2554685,49491,1404390,61682,1150295,0,0,98607,1730454,12508,412461,98719,2142915,
All CA Counties,2021-01-24,60967,2615652,29501,1433891,31466,1181761,0,0,56328,1782229,4607,417068,56382,2199297,
All CA Counties,2021-01-25,144408,2760060,65326,1499217,79082,1260843,0,0,109458,1857210,34827,451895,109808,2309105,
All CA Counties,2021-01-26,168092,2928152,82716,1581933,85376,1346219,0,0,130817,1951136,37149,489044,131075,2440180,
All CA Counties,2021-01-27,179691,3107843,87894,1669827,91797,1438016,0,0,140506,2053066,38784,527828,140714,2580894,
All CA Counties,2021-01-28,187246,3295089,86275,1756102,100971,1538987,0,0,153302,2172910,33657,561485,153501,2734395,
All CA Counties,2021-01-29,182872,3477961,88058,1844160,94814,1633801,0,0,148398,2287561,33909,595394,148560,2882955,
All CA Counties,2021-01-30,122849,3600810,55219,1899379,67630,1701431,0,0,107823,2380657,14863,610257,107959,2990914,
All CA Counties,2021-01-31,69297,3670107,38987,1938366,30310,1731741,0,0,64204,2439870,5045,615302,64258,3055172,
All CA Counties,2021-02-01,159285,3829392,73714,2012080,85571,1817312,0,0,120506,2521879,38627,653929,120636,3175808,
All CA Counties,2021-02-02,185847,4015239,79349,2091429,106498,1923810,0,0,140095,2616804,45389,699318,140314,3316122,
All CA Counties,2021-02-03,210670,4225909,95519,2186948,115151,2038961,0,0,156457,2719793,53708,753026,156697,3472819,
All CA Counties,2021-02-04,227746,4453655,99972,2286920,127774,2166735,0,0,167061,2827065,60141,813167,167413,3640232,
All CA Counties,2021-02-05,245741,4699396,106487,2393407,139254,2305989,0,0,167027,2916649,77954,891121,167538,3807770,
All CA Counties,2021-02-06,154685,4854081,74842,2468249,79843,2385832,0,0,119975,3002567,34544,925665,120462,3928232,
All CA Counties,2021-02-07,66801,4920882,43220,2511469,23581,2409413,0,0,50323,3036943,16396,942061,50772,3979004,
All CA Counties,2021-02-08,180292,5101174,88584,2600053,91708,2501121,0,0,118994,3095825,60844,1002905,119726,4098730,
All CA Counties,2021-02-09,210905,5312079,101900,2701953,109005,2610126,0,0,126528,3139567,83919,1086824,127661,4226391,
All CA Counties,2021-02-10,248228,5560307,119801,2821754,128427,2738553,0,0,137956,3169558,109434,1196258,139425,4365816,
All CA Counties,2021-02-11,264353,5824660,131123,2952877,133230,2871783,0,0,144842,3197746,118432,1314690,146620,4512436,
All CA Counties,2021-02-12,271700,6096360,119149,3072026,152551,3024334,0,0,146733,3222699,124133,1438823,149086,4661522,
All CA Counties,2021-02-13,166646,6263006,77236,3149262,89410,3113744,0,0,92132,3242691,74090,1512913,94082,4755604,
All CA Counties,2021-02-14,95357,6358363,47550,3196812,47807,3161551,0,0,51641,3252318,43556,1556469,53183,4808787,
All CA Counties,2021-02-15,142109,6500472,62428,3259240,79681,3241232,0,0,78643,3270986,63090,1619559,81758,4890545,
All CA Counties,2021-02-16,248424,6748896,117871,3377111,130553,3371785,0,0,133091,3292193,114963,1734522,136170,5026715,
All CA Counties,2021-02-17,258521,7007417,128711,3505822,129810,3501595,0,0,128933,3295269,129049,1863571,132125,5158840,
All CA Counties,2021-02-18,272156,7279573,142021,3647843,130135,3631730,0,0,131665,3291348,139768,2003339,135847,5294687,
All CA Counties,2021-02-19,252078,7531651,146280,3794123,105798,3737528,0,0,130313,3302446,121272,2124611,132370,5427057,
All CA Counties,2021-02-20,152507,7684158,97810,3891933,54697,3792225,0,0,84022,3320209,68222,2192833,85985,5513042,
All CA Counties,2021-02-21,81667,7765825,67648,3959581,14019,3806244,0,0,41234,3322798,40179,2233012,42768,5555810,
All CA Counties,2021-02-22,163426,7929251,109721,4069302,53705,3859949,0,0,81997,3325388,81103,2314115,83693,5639503,
All CA Counties,2021-02-23,224808,8154059,119187,4188489,105621,3965570,0,0,104999,3317125,119229,2433344,110966,5750469,
All CA Counties,2021-02-24,282388,8436447,142826,4331315,139562,4105132,0,0,134705,3312303,147051,2580395,142229,5892698,
All CA Counties,2021-02-25,319270,8755717,157256,4488571,162014,4267146,0,0,167811,3337861,150772,2731167,176330,6069028,
All CA Counties,2021-02-26,352150,9107867,164270,4652841,187880,4455026,0,0,197663,3389194,153561,2884728,204894,6273922,
All CA Counties,2021-02-27,250282,9358149,121784,4774625,128479,4583505,19,19,142126,3428174,107559,2992287,146539,6420461,
All CA Counties,2021-02-28,130343,9488492,77989,4852614,52349,4635854,5,24,76177,3453467,53720,3046007,79013,6499474,
All CA Counties,2021-03-01,238960,9727452,127514,4980128,111369,4747223,77,101,138073,3495408,100184,3146191,142125,6641599,
All CA Counties,2021-03-02,288080,10015532,145845,5125973,142217,4889440,18,119,174265,3563226,113327,3259518,181145,6822744,
All CA Counties,2021-03-03,330989,10346521,164338,5290311,166604,5056044,47,166,190865,3621951,139452,3398970,198177,7020921,
All CA Counties,2021-03-04,350244,10696765,177611,5467922,172545,5228589,88,254,205963,3691462,143545,3542515,213056,7233977,
All CA Counties,2021-03-05,337921,11034686,166571,5634493,170233,5398822,1117,1371,210648,3783963,126479,3668994,218980,7452957,
All CA Counties,2021-03-06,258181,11292867,132673,5767166,117711,5516533,7797,9168,160423,3859520,97343,3766337,172900,7625857,
All CA Counties,2021-03-07,127338,11420205,78396,5845562,44869,5561402,4073,13241,79829,3899760,47325,3813662,87565,7713422,
All CA Counties,2021-03-08,218166,11638371,106166,5951728,101615,5663017,10385,23626,143016,3983341,74773,3888435,158354,7871776,
All CA Counties,2021-03-09,290574,11928945,139107,6090835,135626,5798643,15841,39467,163185,4039523,126897,4015332,183079,8054855,
All CA Counties,2021-03-10,321387,12250332,160672,6251507,136340,5934983,24375,63842,174332,4095995,146400,4161732,202872,8257727,
All CA Counties,2021-03-11,375096,12625428,181314,6432821,160526,6095509,33256,97098,192756,4144814,181412,4343144,230231,8487958,
All CA Counties,2021-03-12,390188,13015616,173202,6606023,170930,6266439,46056,143154,190959,4187413,198446,4541590,241045,8729003,
All CA Counties,2021-03-13,278972,13294588,122155,6728178,125835,6392274,30982,174136,150062,4244239,128464,4670054,185290,8914293,
All CA Counties,2021-03-14,152787,13447375,81574,6809752,56330,6448604,14883,189019,77557,4263989,74954,4745008,94704,9008997,
All CA Counties,2021-03-15,288025,13735400,137098,6946850,130535,6579139,20392,209411,156870,4314190,130433,4875441,180634,9189631,
All CA Counties,2021-03-16,367375,14102775,172002,7118852,178244,6757383,17129,226540,213231,4394323,153424,5028865,233557,9423188,
All CA Counties,2021-03-17,380046,14482821,187434,7306286,174224,6931607,18388,244928,235533,4507036,143719,5172584,256432,9679620,
All CA Counties,2021-03-18,397203,14880024,202781,7509067,176625,7108232,17797,262725,236896,4604554,159245,5331829,256763,9936383,
All CA Counties,2021-03-19,405033,15285057,211874,7720941,171772,7280004,21387,284112,236880,4697587,167207,5499036,260240,10196623,
All CA Counties,2021-03-20,290300,15575357,152099,7873040,122505,7402509,15696,299808,184021,4793121,105626,5604662,201160,10397783,
All CA Counties,2021-03-21,141443,15716800,97314,7970354,36738,7439247,7391,307199,89087,4838930,52020,5656682,97829,10495612,
All CA Counties,2021-03-22,270743,15987543,157359,8127713,102409,7541656,10975,318174,177806,4938509,92207,5748889,191786,10687398,
All CA Counties,2021-03-23,354436,16341979,194518,8322231,149089,7690745,10829,329003,218966,5036271,134596,5883485,232358,10919756,
All CA Counties,2021-03-24,384022,16726001,219724,8541955,152131,7842876,12167,341170,224557,5116816,158282,6041767,238827,11158583,
All CA Counties,2021-03-25,413979,17139980,227810,8769765,171737,8014613,14432,355602,236028,5192740,176701,6218468,252625,11411208,
All CA Counties,2021-03-26,429288,17569268,228904,8998669,184594,8199207,15790,371392,233485,5250215,194650,6413118,252125,11663333,
All CA Counties,2021-03-27,308151,17877419,163454,9162123,133247,8332454,11450,382842,156955,5270471,150418,6563536,170674,11834007,
All CA Counties,2021-03-28,166396,18043815,106236,9268359,56589,8389043,3571,386413,88833,5287662,77123,6640659,94314,11928321,
All CA Counties,2021-03-29,307187,18351002,165601,9433960,133030,8522073,8556,394969,172596,5337425,133874,6774533,183637,12111958,
All CA Counties,2021-03-30,394491,18745493,199329,9633289,177381,8699454,17781,412750,223250,5409742,170509,6945042,242826,12354784,
All CA Counties,2021-03-31,421361,19166854,228679,9861968,171424,8870878,21258,434008,236655,5484978,183767,7128809,259003,12613787,
All CA Counties,2021-04-01,485999,19652853,249029,10110997,197768,9068646,39202,473210,269798,5580321,215048,7343857,310391,12924178,
All CA Counties,2021-04-02,466725,20119578,227550,10338547,197125,9265771,42050,515260,254545,5667745,211028,7554885,298452,13222630,
All CA Counties,2021-04-03,325312,20444890,165148,10503695,119676,9385447,40488,555748,163439,5711680,161275,7716160,205210,13427840,
All CA Counties,2021-04-04,132245,20577135,68990,10572685,44260,9429707,18995,574743,59013,5716951,72965,7789125,78236,13506076,
All CA Counties,2021-04-05,350283,20927418,180339,10753024,130726,9560433,39218,613961,174148,5757335,175508,7964633,215892,13721968,
All CA Counties,2021-04-06,454818,21382236,230851,10983875,158893,9719326,65074,679035,221919,5814275,232039,8196672,288979,14010947,
All CA Counties,2021-04-07,468137,21850373,243483,11227358,155330,9874656,69324,748359,229568,5876607,237696,8434368,300028,14310975,
All CA Counties,2021-04-08,493896,22344269,249601,11476959,160877,10035533,83418,831777,233800,5937023,259042,8693410,319458,14630433,
All CA Counties,2021-04-09,487947,22832216,243065,11720024,165905,10201438,78977,910754,226131,5984322,260835,8954245,308134,14938567,
All CA Counties,2021-04-10,362598,23194814,166350,11886374,123055,10324493,73193,983947,153552,6005359,208365,9162610,229402,15167969,
All CA Counties,2021-04-11,186107,23380921,104430,11990804,47759,10372252,33918,1017865,77863,6012030,107919,9270529,114590,15282559,
All CA Counties,2021-04-12,336892,23717813,173123,12163927,126038,10498290,37731,1055596,156948,6031151,179054,9449583,198175,15480734,
All CA Counties,2021-04-13,429517,24147330,240510,12404437,188080,10686370,927,1056523,240738,6087946,187850,9637433,244645,15725379,
All CA Counties,2021-04-14,447422,24594752,251326,12655763,195819,10882189,277,1056800,235112,6116555,211229,9848662,239838,15965217,
All CA Counties,2021-04-15,488041,25082793,284512,12940275,203291,11085480,238,1057038,274398,6181654,212288,10060950,277387,16242604,
All CA Counties,2021-04-16,471826,25554619,266054,13206329,205468,11290948,304,1057342,253040,6219716,217665,10278615,255727,16498331,
All CA Counties,2021-04-17,338794,25893413,189983,13396312,148770,11439718,41,1057383,193710,6272228,144349,10422964,196861,16695192,
All CA Counties,2021-04-18,153641,26047054,97528,13493840,56097,11495815,16,1057399,79777,6281504,73494,10496458,82770,16777962,
All CA Counties,2021-04-19,316162,26363216,182774,13676614,133301,11629116,87,1057486,150056,6268229,165273,10661731,151998,16929960,
All CA Counties,2021-04-20,404020,26767236,215445,13892059,188516,11817632,59,1057545,201817,6271894,201249,10862980,204914,17134874,
All CA Counties,2021-04-21,417393,27184629,237098,14129157,180042,11997674,253,1057798,201530,6262189,214555,11077535,204850,17339724,
All CA Counties,2021-04-22,442770,27627399,253017,14382174,189677,12187351,76,1057874,198073,6220102,243390,11320925,201303,17541027,
All CA Counties,2021-04-23,433775,28061174,248249,14630423,185443,12372794,83,1057957,197445,6185852,235040,11555965,200790,17741817,
All CA Counties,2021-04-24,320500,28381674,202963,14833386,117378,12490172,159,1058116,163481,6196585,156112,11712077,166845,17908662,
All CA Counties,2021-04-25,148834,28530508,98371,14931757,50398,12540570,65,1058181,80148,6209929,68272,11780349,81616,17990278,
All CA Counties,2021-04-26,278368,28808876,163730,15095487,113195,12653765,1443,1059624,120851,6179908,156638,11936987,126617,18116895,
All CA Counties,2021-04-27,347344,29156220,193643,15289130,148324,12802089,5377,1065001,140144,6122253,206170,12143157,148515,18265410,
All CA Counties,2021-04-28,345191,29501411,198041,15487171,139388,12941477,7762,1072763,140431,6068935,203788,12346945,150470,18415880,
All CA Counties,2021-04-29,353992,29855403,204351,15691522,141862,13083339,7779,1080542,127642,5980888,225292,12572237,137245,18553125,
All CA Counties,2021-04-30,367757,30223160,211574,15903096,147449,13230788,8734,1089276,139201,5903297,227421,12799658,149830,18702955,
All CA Counties,2021-05-01,244871,30468031,156737,16059833,82129,13312917,6005,1095281,89132,5845596,155047,12954705,97346,18800301,
All CA Counties,2021-05-02,115275,30583306,80227,16140060,31230,13344147,3818,1099099,40747,5816370,74157,13028862,44931,18845232,
All CA Counties,2021-05-03,250226,30833532,154711,16294771,86899,13431046,8616,1107715,75777,5727944,173662,13202524,85236,18930468,
All CA Counties,2021-05-04,323309,31156841,197251,16492022,116432,13547478,9626,1117341,95309,5607018,227000,13429524,106074,19036542,
All CA Counties,2021-05-05,326597,31483438,203242,16695264,113428,13660906,9927,1127268,91804,5476058,233651,13663175,102691,19139233,
All CA Counties,2021-05-06,345087,31828525,225867,16921131,108876,13769782,10344,1137612,87897,5321125,255656,13918831,100723,19239956,
All CA Counties,2021-05-07,340773,32169298,213970,17135101,117078,13886860,9725,1147337,92858,5178294,246635,14165466,103804,19343760,
All CA Counties,2021-05-08,222188,32391486,140894,17275995,74637,13961497,6657,1153994,61056,5087278,160113,14325579,69097,19412857,
All CA Counties,2021-05-09,93045,32484531,69920,17345915,20146,13981643,2979,1156973,25488,5049061,67109,14392688,28892,19441749,
All CA Counties,2021-05-10,198126,32682657,113479,17459394,76958,14058601,7689,1164662,49367,4959461,147905,14540593,58305,19500054,
All CA Counties,2021-05-11,256209,32938866,144188,17603582,104030,14162631,7991,1172653,67479,4848709,187864,14728457,77112,19577166,
All CA Counties,2021-05-12,248996,33187862,143596,17747178,97305,14259936,8095,1180748,68099,4745967,179960,14908417,77218,19654384,
All CA Counties,2021-05-13,284357,33472219,183072,17930250,94491,14354427,6794,1187542,106240,4684155,177141,15085558,115329,19769713,
All CA Counties,2021-05-14,324765,33796984,207803,18138053,108587,14463014,8375,1195917,127700,4626342,195969,15281527,138156,19907869,
All CA Counties,2021-05-15,266030,34063014,186388,18324441,74259,14537273,5383,1201300,109571,4586599,155676,15437203,115933,20023802,
All CA Counties,2021-05-16,128818,34191832,100032,18424473,25976,14563249,2810,1204110,52660,4566692,75768,15512971,55861,20079663,
All CA Counties,2021-05-17,228053,34419885,150982,18575455,70135,14633384,6936,1211046,94712,4536633,132521,15645492,102462,20182125,
All CA Counties,2021-05-18,212184,34632069,123359,18698814,83166,14716550,5659,1216705,78987,4489798,132337,15777829,85502,20267627,
All CA Counties,2021-05-19,135357,34767426,85960,18784774,45364,14761914,4033,1220738,55990,4471306,78868,15856697,60376,20328003,
All CA and Non-CA Counties,2020-12-15,1145,1145,1145,1145,0,0,0,0,1145,1145,0,0,1145,1145,
All CA and Non-CA Counties,2020-12-16,8415,9560,8415,9560,0,0,0,0,8415,9560,0,0,8415,9560,
All CA and Non-CA Counties,2020-12-17,27361,36921,27361,36921,0,0,0,0,27361,36921,0,0,27361,36921,
All CA and Non-CA Counties,2020-12-18,46344,83265,46281,83202,63,63,0,0,46344,83265,0,0,46344,83265,
All CA and Non-CA Counties,2020-12-19,26340,109605,26316,109518,24,87,0,0,26339,109603,1,1,26339,109604,
All CA and Non-CA Counties,2020-12-20,19666,129271,19636,129154,30,117,0,0,19665,129267,1,2,19665,129269,
All CA and Non-CA Counties,2020-12-21,51749,181020,51664,180818,85,202,0,0,51747,181013,1,3,51747,181016,
All CA and Non-CA Counties,2020-12-22,51953,232973,49765,230583,2188,2390,0,0,51951,232963,1,4,51951,232967,
All CA and Non-CA Counties,2020-12-23,51816,284789,42963,273546,8853,11243,0,0,51812,284775,0,4,51812,284779,
All CA and Non-CA Counties,2020-12-24,24836,309625,16941,290487,7895,19138,0,0,24833,309607,1,5,24833,309612,
All CA and Non-CA Counties,2020-12-25,2369,311994,2044,292531,325,19463,0,0,2369,311976,0,5,2369,311981,
All CA and Non-CA Counties,2020-12-26,14925,326919,9644,302175,5281,24744,0,0,14924,326899,1,6,14924,326905,
All CA and Non-CA Counties,2020-12-27,9591,336510,5645,307820,3946,28690,0,0,9590,336488,1,7,9590,336495,
All CA and Non-CA Counties,2020-12-28,47130,383640,30211,338031,16919,45609,0,0,47127,383612,3,10,47127,383622,
All CA and Non-CA Counties,2020-12-29,52619,436259,29539,367570,23080,68689,0,0,52615,436224,3,13,52615,436237,
All CA and Non-CA Counties,2020-12-30,64959,501218,36934,404504,28025,96714,0,0,64951,501172,3,16,64951,501188,
All CA and Non-CA Counties,2020-12-31,30451,531669,11456,415960,18995,115709,0,0,30441,531607,6,22,30441,531629,
All CA and Non-CA Counties,2021-01-01,4190,535859,1833,417793,2357,118066,0,0,4186,535790,3,25,4186,535815,
All CA and Non-CA Counties,2021-01-02,18723,554582,10376,428169,8347,126413,0,0,18721,554510,1,26,18721,554536,
All CA and Non-CA Counties,2021-01-03,6336,560918,3584,431753,2752,129165,0,0,6307,560805,12,38,6307,560843,
All CA and Non-CA Counties,2021-01-04,44725,605643,22610,454363,22115,151280,0,0,44640,605402,43,81,44640,605483,
All CA and Non-CA Counties,2021-01-05,57969,663612,30538,484901,27431,178711,0,0,52332,652246,5580,5661,52424,657907,
All CA and Non-CA Counties,2021-01-06,76034,739646,42088,526989,33946,212657,0,0,59967,696358,15886,21547,59998,717905,
All CA and Non-CA Counties,2021-01-07,96120,835766,54864,581853,41256,253913,0,0,63874,728203,32078,53625,63923,781828,
All CA and Non-CA Counties,2021-01-08,111064,946830,66952,648805,44112,298025,0,0,68087,753517,42836,96461,68150,849978,
All CA and Non-CA Counties,2021-01-09,45537,992367,26000,674805,19537,317562,0,0,28717,765465,16798,113259,28746,878724,
All CA and Non-CA Counties,2021-01-10,24596,1016963,15023,689828,9573,327135,0,0,13246,767395,11333,124592,13263,891987,
All CA and Non-CA Counties,2021-01-11,107668,1124631,71472,761300,36196,363331,0,0,62588,785112,45039,169631,62756,954743,
All CA and Non-CA Counties,2021-01-12,116761,1241392,68923,830223,47838,411169,0,0,74248,817163,42429,212060,74480,1029223,
All CA and Non-CA Counties,2021-01-13,122452,1363844,63307,893530,59145,470314,0,0,87629,870134,34740,246800,87711,1116934,
All CA and Non-CA Counties,2021-01-14,127360,1491204,50870,944400,76490,546804,0,0,107173,957394,20070,266870,107330,1224264,
All CA and Non-CA Counties,2021-01-15,146230,1637434,53120,997520,93110,639914,0,0,130734,1072940,15390,282260,130936,1355200,
All CA and Non-CA Counties,2021-01-16,83097,1720531,27784,1025304,55313,695227,0,0,75394,1140707,7675,289935,75442,1430642,
All CA and Non-CA Counties,2021-01-17,48569,1769100,16949,1042253,31620,726847,0,0,44882,1181955,3680,293615,44928,1475570,
All CA and Non-CA Counties,2021-01-18,89366,1858466,46862,1089115,42504,769351,0,0,69710,1232247,19582,313197,69874,1545444,
All CA and Non-CA Counties,2021-01-19,145671,2004137,74754,1163869,70917,840268,0,0,113615,1314220,31964,345161,113937,1659381,
All CA and Non-CA Counties,2021-01-20,164201,2168338,83127,1246996,81074,921342,0,0,129607,1409705,34376,379537,129861,1789242,
All CA and Non-CA Counties,2021-01-21,177424,2345762,78211,1325207,99213,1020555,0,0,157804,1548450,19402,398939,158147,1947389,
All CA and Non-CA Counties,2021-01-22,174052,2519814,70426,1395633,103626,1124181,0,0,159411,1693496,14507,413446,159553,2106942,
All CA and Non-CA Counties,2021-01-23,113433,2633247,49829,1445462,63604,1187785,0,0,100704,1781641,12671,426117,100816,2207758,
All CA and Non-CA Counties,2021-01-24,61573,2694820,29748,1475210,31825,1219610,0,0,56858,1833869,4684,430801,56912,2264670,
All CA and Non-CA Counties,2021-01-25,148893,2843713,67307,1542517,81586,1301196,0,0,113071,1911595,35696,466497,113422,2378092,
All CA and Non-CA Counties,2021-01-26,174124,3017837,85698,1628215,88426,1389622,0,0,136005,2009870,37995,504492,136270,2514362,
All CA and Non-CA Counties,2021-01-27,184530,3202367,90589,1718804,93941,1483563,0,0,144726,2115406,39399,543891,144935,2659297,
All CA and Non-CA Counties,2021-01-28,192683,3395050,89304,1808108,103379,1586942,0,0,158154,2239525,34234,578125,158353,2817650,
All CA and Non-CA Counties,2021-01-29,187954,3583004,91297,1899405,96657,1683599,0,0,152699,2357698,34690,612815,152863,2970513,
All CA and Non-CA Counties,2021-01-30,127359,3710363,57685,1957090,69674,1753273,0,0,112109,2454856,15088,627903,112246,3082759,
All CA and Non-CA Counties,2021-01-31,72475,3782838,41747,1998837,30728,1784001,0,0,67325,2517134,5102,633005,67380,3150139,
All CA and Non-CA Counties,2021-02-01,164802,3947640,76317,2075154,88485,1872486,0,0,125313,2603246,39331,672336,125443,3275582,
All CA and Non-CA Counties,2021-02-02,192675,4140315,81584,2156738,111091,1983577,0,0,146189,2703539,46115,718451,146408,3421990,
All CA and Non-CA Counties,2021-02-03,218043,4358358,97653,2254391,120390,2103967,0,0,162945,2812141,54584,773035,163186,3585176,
All CA and Non-CA Counties,2021-02-04,234615,4592973,102212,2356603,132403,2236370,0,0,172932,2924296,61130,834165,173285,3758461,
All CA and Non-CA Counties,2021-02-05,252576,4845549,108736,2465339,143840,2380210,0,0,172789,3018573,79023,913188,173300,3931761,
All CA and Non-CA Counties,2021-02-06,159177,5004726,77051,2542390,82126,2462336,0,0,123997,3108054,35006,948194,124487,4056248,
All CA and Non-CA Counties,2021-02-07,69071,5073797,45105,2587495,23966,2486302,0,0,52513,3144542,16476,964670,52964,4109212,
All CA and Non-CA Counties,2021-02-08,185772,5259569,92092,2679587,93680,2579982,0,0,123374,3206714,61934,1026604,124106,4233318,
All CA and Non-CA Counties,2021-02-09,215275,5474844,103896,2783483,111379,2691361,0,0,129573,3252201,85233,1111837,130720,4364038,
All CA and Non-CA Counties,2021-02-10,253889,5728733,121789,2905272,132100,2823461,0,0,141147,3282964,111896,1223733,142659,4506697,
All CA and Non-CA Counties,2021-02-11,269328,5998061,133496,3038768,135832,2959293,0,0,148443,3313407,119796,1343529,150239,4656936,
All CA and Non-CA Counties,2021-02-12,276993,6275054,121142,3159910,155851,3115144,0,0,150175,3339962,125977,1469506,152532,4809468,
All CA and Non-CA Counties,2021-02-13,169088,6444142,77967,3237877,91121,3206265,0,0,94028,3361316,74636,1544142,95990,4905458,
All CA and Non-CA Counties,2021-02-14,96710,6540852,47973,3285850,48737,3255002,0,0,52751,3371816,43795,1587937,54295,4959753,
All CA and Non-CA Counties,2021-02-15,144712,6685564,64011,3349861,80701,3335703,0,0,79908,3390430,64413,1652350,83027,5042780,
All CA and Non-CA Counties,2021-02-16,254979,6940543,120866,3470727,134113,3469816,0,0,135756,3410429,118842,1771192,138841,5181621,
All CA and Non-CA Counties,2021-02-17,264501,7205044,131716,3602443,132785,3602601,0,0,130810,3411289,133146,1904338,134006,5315627,
All CA and Non-CA Counties,2021-02-18,278713,7483757,145854,3748297,132859,3735460,0,0,133757,3405015,144214,2048552,137940,5453567,
All CA and Non-CA Counties,2021-02-19,258021,7741778,150449,3898746,107572,3843032,0,0,132805,3415162,124716,2173268,134863,5588430,
All CA and Non-CA Counties,2021-02-20,155879,7897657,100524,3999270,55355,3898387,0,0,85279,3432072,70333,2243601,87243,5675673,
All CA and Non-CA Counties,2021-02-21,84506,7982163,70270,4069540,14236,3912623,0,0,42085,3433529,42162,2285763,43619,5719292,
All CA and Non-CA Counties,2021-02-22,166911,8149074,112273,4181813,54638,3967261,0,0,83630,3435907,82953,2368716,85331,5804623,
All CA and Non-CA Counties,2021-02-23,230917,8379991,122624,4304437,108293,4075554,0,0,107384,3426327,122945,2491661,113365,5917988,
All CA and Non-CA Counties,2021-02-24,288863,8668854,146404,4450841,142459,4218013,0,0,137225,3420080,151001,2642662,144754,6062742,
All CA and Non-CA Counties,2021-02-25,326272,8995126,160824,4611665,165448,4383461,0,0,170985,3445019,154569,2797231,179508,6242250,
All CA and Non-CA Counties,2021-02-26,359025,9354151,167927,4779592,191098,4574559,0,0,200873,3495979,157145,2954376,208105,6450355,
All CA and Non-CA Counties,2021-02-27,255834,9609985,124597,4904189,131217,4705776,20,20,144026,3533230,111198,3065574,148449,6598804,
All CA and Non-CA Counties,2021-02-28,132810,9742795,79793,4983982,53011,4758787,6,26,76988,3557685,55372,3120946,79827,6678631,
All CA and Non-CA Counties,2021-03-01,244015,9986810,130749,5114731,113188,4871975,78,104,139443,3597326,103860,3224806,143501,6822132,
All CA and Non-CA Counties,2021-03-02,294902,10281712,148403,5263134,146481,5018456,18,122,176353,3662514,118047,3342853,183235,7005367,
All CA and Non-CA Counties,2021-03-03,338885,10620597,167428,5430562,171408,5189864,49,171,193514,3718660,144686,3487539,200832,7206199,
All CA and Non-CA Counties,2021-03-04,357098,10977695,180570,5611132,176436,5366300,92,263,208284,3785981,148062,3635601,215383,7421582,
All CA and Non-CA Counties,2021-03-05,343241,11320936,169285,5780417,172824,5539124,1132,1395,213389,3878672,129053,3764654,221744,7643326,
All CA and Non-CA Counties,2021-03-06,262809,11583745,134830,5915247,120025,5659149,7954,9349,162778,3954478,99614,3864268,175420,7818746,
All CA and Non-CA Counties,2021-03-07,128951,11712696,79433,5994680,45391,5704540,4127,13476,80817,3995137,47950,3912218,88609,7907355,
All CA and Non-CA Counties,2021-03-08,221317,11934013,108043,6102723,102643,5807183,10631,24107,145233,4080283,75679,3987897,160825,8068180,
All CA and Non-CA Counties,2021-03-09,295267,12229280,141513,6244236,137590,5944773,16164,40271,165932,4137592,128840,4116737,186149,8254329,
All CA and Non-CA Counties,2021-03-10,325811,12555091,162798,6407034,138125,6082898,24888,65159,177069,4195643,148078,4264815,206129,8460458,
All CA and Non-CA Counties,2021-03-11,381281,12936372,184466,6591500,162864,6245762,33951,99110,196084,4245634,184263,4449078,234254,8694712,
All CA and Non-CA Counties,2021-03-12,396594,13332966,177040,6768540,172767,6418529,46787,145897,194453,4289556,201349,4650427,245271,8939983,
All CA and Non-CA Counties,2021-03-13,282711,13615677,124305,6892845,126956,6545485,31450,177347,152625,4348246,129634,4780061,188324,9128307,
All CA and Non-CA Counties,2021-03-14,154561,13770238,82481,6975326,56870,6602355,15210,192557,78535,4368508,75748,4855809,96010,9224317,
All CA and Non-CA Counties,2021-03-15,291983,14062221,139129,7114455,132014,6734369,20840,213397,158956,4419378,132302,4988111,183172,9407489,
All CA and Non-CA Counties,2021-03-16,374871,14437092,176366,7290821,181004,6915373,17501,230898,217393,4500711,156755,5144866,238088,9645577,
All CA and Non-CA Counties,2021-03-17,388422,14825514,192819,7483640,176845,7092218,18758,249656,240562,4615482,147061,5291927,261832,9907409,
All CA and Non-CA Counties,2021-03-18,405380,15230894,207793,7691433,179266,7271484,18321,267977,241614,4714792,162695,5454622,262005,10169414,
All CA and Non-CA Counties,2021-03-19,412321,15643215,216186,7907619,174210,7445694,21925,289902,241263,4809848,170108,5624730,265164,10434578,
All CA and Non-CA Counties,2021-03-20,295007,15938222,155172,8062791,124054,7569748,15781,305683,187613,4907951,106734,5731464,204837,10639415,
All CA and Non-CA Counties,2021-03-21,143465,16081687,98680,8161471,37307,7607055,7478,313161,90703,4955060,52423,5783887,99532,10738947,
All CA and Non-CA Counties,2021-03-22,274002,16355689,159321,8320792,103619,7710674,11062,324223,180037,5055941,93223,5877110,194104,10933051,
All CA and Non-CA Counties,2021-03-23,360456,16716145,197583,8518375,151767,7862441,11106,335329,223075,5156194,136492,6013602,236745,11169796,
All CA and Non-CA Counties,2021-03-24,391310,17107455,223473,8741848,155247,8017688,12590,347919,229639,5240043,160481,6174083,244330,11414126,
All CA and Non-CA Counties,2021-03-25,422222,17529677,231661,8973509,175640,8193328,14921,362840,242060,5320292,178897,6352980,259146,11673272,
All CA and Non-CA Counties,2021-03-26,435909,17965586,232391,9205900,187552,8380880,15966,378806,237873,5380126,196854,6549834,256688,11929960,
All CA and Non-CA Counties,2021-03-27,313504,18279090,166532,9372432,135414,8516294,11558,390364,160393,5402018,152326,6702160,174218,12104178,
All CA and Non-CA Counties,2021-03-28,169437,18448527,107842,9480274,57866,8574160,3729,394093,90829,5420324,78162,6780322,96468,12200646,
All CA and Non-CA Counties,2021-03-29,312293,18760820,167878,9648152,135526,8709686,8889,402982,175547,5471222,136024,6916346,186922,12387568,
All CA and Non-CA Counties,2021-03-30,401305,19162125,202914,9851066,180065,8889751,18326,421308,227285,5545357,173278,7089624,247413,12634981,
All CA and Non-CA Counties,2021-03-31,427618,19589743,232433,10083499,173163,9062914,22022,443330,240025,5621843,186648,7276272,263134,12898115,
All CA and Non-CA Counties,2021-04-01,493422,20083165,253496,10336995,200099,9263013,39827,483157,274109,5719014,218150,7494422,315321,13213436,
All CA and Non-CA Counties,2021-04-02,475087,20558252,231978,10568973,199923,9462936,43186,526343,258921,5807972,215009,7709431,303967,13517403,
All CA and Non-CA Counties,2021-04-03,331419,20889671,168772,10737745,121010,9583946,41637,567980,166642,5853363,164173,7873604,209564,13726967,
All CA and Non-CA Counties,2021-04-04,134046,21023717,69870,10807615,44943,9628889,19233,587213,60015,5859075,73762,7947366,79474,13806441,
All CA and Non-CA Counties,2021-04-05,354387,21378104,182379,10989994,132135,9761024,39873,627086,176133,5899985,177622,8124988,218532,14024973,
All CA and Non-CA Counties,2021-04-06,461763,21839867,234595,11224589,160528,9921552,66640,693726,224739,5957195,236151,8361139,293361,14318334,
All CA and Non-CA Counties,2021-04-07,476287,22316154,248159,11472748,157131,10078683,70997,764723,232798,6019509,242609,8603748,304923,14623257,
All CA and Non-CA Counties,2021-04-08,501916,22818070,253863,11726611,162730,10241413,85323,850046,237022,6080252,263836,8867584,324579,14947836,
All CA and Non-CA Counties,2021-04-09,495403,23313473,246931,11973542,167578,10408991,80894,930940,229059,6127875,265357,9132941,312980,15260816,
All CA and Non-CA Counties,2021-04-10,368687,23682160,169428,12142970,124218,10533209,75041,1005981,155316,6148192,212691,9345632,233008,15493824,
All CA and Non-CA Counties,2021-04-11,188937,23871097,105969,12248939,48416,10581625,34552,1040533,78885,6154716,109723,9455355,116247,15610071,
All CA and Non-CA Counties,2021-04-12,340945,24212042,175383,12424322,127295,10708920,38267,1078800,158747,6173922,181303,9636658,200509,15810580,
All CA and Non-CA Counties,2021-04-13,435227,24647269,244187,12668509,190090,10899010,950,1079750,243684,6230923,190613,9827271,247614,16058194,
All CA and Non-CA Counties,2021-04-14,452649,25099918,254604,12923113,197765,11096775,280,1080030,237973,6260031,213594,10040865,242702,16300896,
All CA and Non-CA Counties,2021-04-15,494181,25594099,288321,13211434,205615,11302390,245,1080275,277725,6325697,215056,10255921,280722,16581618,
All CA and Non-CA Counties,2021-04-16,477696,26071795,269382,13480816,208003,11510393,311,1080586,256346,6364516,220223,10476144,259042,16840660,
All CA and Non-CA Counties,2021-04-17,344009,26415804,193066,13673882,150901,11661294,42,1080628,196699,6417788,146579,10622723,199851,17040511,
All CA and Non-CA Counties,2021-04-18,155744,26571548,98703,13772585,57024,11718318,17,1080645,80785,6426981,74587,10697310,83780,17124291,
All CA and Non-CA Counties,2021-04-19,320370,26891918,184789,13957374,135493,11853811,88,1080733,152276,6413943,167259,10864569,154221,17278512,
All CA and Non-CA Counties,2021-04-20,409430,27301348,217926,14175300,191445,12045256,59,1080792,204077,6416723,204394,11068963,207174,17485686,
All CA and Non-CA Counties,2021-04-21,423770,27725118,239762,14415062,183752,12229008,256,1081048,203847,6405281,218613,11287576,207171,17692857,
All CA and Non-CA Counties,2021-04-22,449826,28174944,256780,14671842,192967,12421975,79,1081127,200907,6361802,247620,11535196,204141,17896998,
All CA and Non-CA Counties,2021-04-23,439906,28614850,251466,14923308,188356,12610331,84,1081211,200176,6326891,238435,11773631,203524,18100522,
All CA and Non-CA Counties,2021-04-24,325436,28940286,206403,15129711,118870,12729201,163,1081374,165732,6337191,158803,11932434,169103,18269625,
All CA and Non-CA Counties,2021-04-25,151031,29091317,99678,15229389,51286,12780487,67,1081441,81296,6350640,69319,12001753,82768,18352393,
All CA and Non-CA Counties,2021-04-26,282078,29373395,165417,15394806,115195,12895682,1466,1082907,122567,6320367,158629,12160382,128356,18480749,
All CA and Non-CA Counties,2021-04-27,352710,29726105,195612,15590418,151430,13047112,5668,1088575,142187,6261737,209484,12369866,150854,18631603,
All CA and Non-CA Counties,2021-04-28,350139,30076244,200180,15790598,141800,13188912,8159,1096734,142450,6207919,206706,12576572,152888,18784491,
All CA and Non-CA Counties,2021-04-29,358978,30435222,206661,15997259,144105,13333017,8212,1104946,129627,6119311,228272,12804844,139664,18924155,
All CA and Non-CA Counties,2021-04-30,372778,30808000,214060,16211319,149552,13482569,9166,1114112,141200,6041141,230432,13035276,152262,19076417,
All CA and Non-CA Counties,2021-05-01,248141,31056141,158681,16370000,83027,13565596,6433,1120545,90509,5983361,156930,13192206,99150,19175567,
All CA and Non-CA Counties,2021-05-02,117164,31173305,81329,16451329,31893,13597489,3942,1124487,41613,5954104,75178,13267384,45921,19221488,
All CA and Non-CA Counties,2021-05-03,253260,31426565,156495,16607824,87869,13685358,8896,1133383,77056,5865487,175412,13442796,86795,19308283,
All CA and Non-CA Counties,2021-05-04,327573,31754138,199688,16807512,117813,13803171,10072,1143455,96969,5744068,229598,13672394,108179,19416462,
All CA and Non-CA Counties,2021-05-05,331244,32085382,205984,17013496,114965,13918136,10295,1153750,93689,5612611,236404,13908798,104947,19521409,
All CA and Non-CA Counties,2021-05-06,349614,32434996,228722,17242218,110212,14028348,10680,1164430,89651,5457000,258423,14167221,102812,19624221,
All CA and Non-CA Counties,2021-05-07,345711,32780707,216887,17459105,118719,14147067,10105,1174535,94830,5313568,249589,14416810,106157,19730378,
All CA and Non-CA Counties,2021-05-08,225787,33006494,143369,17602474,75513,14222580,6905,1181440,62599,5222351,162106,14578916,70889,19801267,
All CA and Non-CA Counties,2021-05-09,94448,33100942,70823,17673297,20518,14243098,3107,1184547,26084,5184070,67896,14646812,29615,19830882,
All CA and Non-CA Counties,2021-05-10,200828,33301770,114735,17788032,78078,14321176,8015,1192562,50454,5094289,149501,14796313,59720,19890602,
All CA and Non-CA Counties,2021-05-11,259172,33560942,145674,17933706,105226,14426402,8272,1200834,68732,4983364,189572,14985885,78647,19969249,
All CA and Non-CA Counties,2021-05-12,252125,33813067,145125,18078831,98582,14524984,8418,1209252,69467,4880556,181716,15167601,78908,20048157,
All CA and Non-CA Counties,2021-05-13,287936,34101003,185255,18264086,95662,14620646,7019,1216271,107888,4818695,179064,15346665,117203,20165360,
All CA and Non-CA Counties,2021-05-14,329248,34430251,210556,18474642,110051,14730697,8641,1224912,129880,4761033,198263,15544928,140601,20305961,
All CA and Non-CA Counties,2021-05-15,269726,34699977,188861,18663503,75326,14806023,5539,1230451,111182,4720979,157754,15702682,117700,20423661,
All CA and Non-CA Counties,2021-05-16,130745,34830722,101303,18764806,26550,14832573,2892,1233343,53707,4701326,76645,15779327,56992,20480653,
All CA and Non-CA Counties,2021-05-17,231790,35062512,153144,18917950,71475,14904048,7171,1240514,96697,4671740,134269,15913596,104683,20585336,
All CA and Non-CA Counties,2021-05-18,214588,35277100,124612,19042562,84113,14988161,5863,1246377,80129,4624991,133592,16047188,86843,20672179,
All CA and Non-CA Counties,2021-05-19,137133,35414233,86886,19129448,46043,15034204,4204,1250581,56752,4606421,79877,16127065,61307,20733486,
Outside California,2020-12-15,7,7,7,7,0,0,0,0,7,7,0,0,7,7,Not in California
Outside California,2020-12-16,268,275,268,275,0,0,0,0,268,275,0,0,268,275,Not in California
Outside California,2020-12-17,1599,1874,1599,1874,0,0,0,0,1599,1874,0,0,1599,1874,Not in California
Outside California,2020-12-18,2554,4428,2547,4421,7,7,0,0,2554,4428,0,0,2554,4428,Not in California
Outside California,2020-12-19,1037,5465,1036,5457,1,8,0,0,1037,5465,0,0,1037,5465,Not in California
Outside California,2020-12-20,676,6141,673,6130,3,11,0,0,676,6141,0,0,676,6141,Not in California
Outside California,2020-12-21,2182,8323,2179,8309,3,14,0,0,2182,8323,0,0,2182,8323,Not in California
Outside California,2020-12-22,2057,10380,1984,10293,73,87,0,0,2057,10380,0,0,2057,10380,Not in California
Outside California,2020-12-23,1517,11897,1383,11676,134,221,0,0,1517,11897,0,0,1517,11897,Not in California
Outside California,2020-12-24,804,12701,611,12287,193,414,0,0,804,12701,0,0,804,12701,Not in California
Outside California,2020-12-25,33,12734,29,12316,4,418,0,0,33,12734,0,0,33,12734,Not in California
Outside California,2020-12-26,306,13040,203,12519,103,521,0,0,306,13040,0,0,306,13040,Not in California
Outside California,2020-12-27,190,13230,74,12593,116,637,0,0,190,13230,0,0,190,13230,Not in California
Outside California,2020-12-28,1412,14642,893,13486,519,1156,0,0,1412,14642,0,0,1412,14642,Not in California
Outside California,2020-12-29,1550,16192,1017,14503,533,1689,0,0,1550,16192,0,0,1550,16192,Not in California
Outside California,2020-12-30,1919,18111,1228,15731,691,2380,0,0,1919,18111,0,0,1919,18111,Not in California
Outside California,2020-12-31,1119,19230,600,16331,519,2899,0,0,1118,19228,1,1,1118,19229,Not in California
Outside California,2021-01-01,112,19342,24,16355,88,2987,0,0,112,19340,0,1,112,19341,Not in California
Outside California,2021-01-02,239,19581,133,16488,106,3093,0,0,238,19577,1,2,238,19579,Not in California
Outside California,2021-01-03,168,19749,89,16577,79,3172,0,0,168,19745,0,2,168,19747,Not in California
Outside California,2021-01-04,1151,20900,515,17092,636,3808,0,0,1146,20890,1,3,1146,20893,Not in California
Outside California,2021-01-05,1543,22443,812,17904,731,4539,0,0,1352,22054,189,192,1353,22246,Not in California
Outside California,2021-01-06,2708,25151,1597,19501,1111,5650,0,0,1975,23299,730,922,1975,24221,Not in California
Outside California,2021-01-07,4138,29289,2530,22031,1608,7258,0,0,2485,24135,1651,2573,2487,26708,Not in California
Outside California,2021-01-08,4511,33800,2917,24948,1594,8852,0,0,2635,24907,1866,4439,2638,29346,Not in California
Outside California,2021-01-09,1319,35119,528,25476,791,9643,0,0,994,25579,324,4763,996,30342,Not in California
Outside California,2021-01-10,304,35423,182,25658,122,9765,0,0,183,25641,121,4884,183,30525,Not in California
Outside California,2021-01-11,3299,38722,2006,27664,1293,11058,0,0,1972,26286,1327,6211,1972,32497,Not in California
Outside California,2021-01-12,3877,42599,2314,29978,1563,12621,0,0,2338,27090,1535,7746,2339,34836,Not in California
Outside California,2021-01-13,3691,46290,1807,31785,1884,14505,0,0,2516,28434,1175,8921,2519,37355,Not in California
Outside California,2021-01-14,3731,50021,1272,33057,2459,16964,0,0,3091,30900,627,9548,3093,40448,Not in California
Outside California,2021-01-15,4259,54280,992,34049,3267,20231,0,0,3792,34238,454,10002,3792,44240,Not in California
Outside California,2021-01-16,2692,56972,381,34430,2311,22542,0,0,2524,36596,166,10168,2524,46764,Not in California
Outside California,2021-01-17,495,57467,150,34580,345,22887,0,0,445,36991,50,10218,445,47209,Not in California
Outside California,2021-01-18,1199,58666,770,35350,429,23316,0,0,742,37278,456,10674,743,47952,Not in California
Outside California,2021-01-19,4035,62701,1321,36671,2714,26030,0,0,3144,39534,891,11565,3147,51099,Not in California
Outside California,2021-01-20,4392,67093,1410,38081,2982,29012,0,0,3459,42064,930,12495,3460,54559,Not in California
Outside California,2021-01-21,4128,71221,1124,39205,3004,32016,0,0,3565,45081,548,13043,3565,58124,Not in California
Outside California,2021-01-22,4617,75838,1078,40283,3539,35555,0,0,4222,48913,391,13434,4223,62347,Not in California
Outside California,2021-01-23,2249,78087,333,40616,1916,37471,0,0,2086,50836,163,13597,2086,64433,Not in California
Outside California,2021-01-24,604,78691,245,40861,359,37830,0,0,527,51286,77,13674,527,64960,Not in California
Outside California,2021-01-25,4465,83156,1963,42824,2502,40332,0,0,3596,54017,866,14540,3597,68557,Not in California
Outside California,2021-01-26,5938,89094,2888,45712,3050,43382,0,0,5091,58269,846,15386,5098,73655,Not in California
Outside California,2021-01-27,4822,93916,2678,48390,2144,45526,0,0,4204,61860,614,16000,4205,77860,Not in California
Outside California,2021-01-28,5283,99199,2877,51267,2406,47932,0,0,4755,66098,517,16517,4755,82615,Not in California
Outside California,2021-01-29,4937,104136,3094,54361,1843,49775,0,0,4152,69472,780,17297,4154,86769,Not in California
Outside California,2021-01-30,4500,108636,2458,56819,2042,51817,0,0,4273,73522,224,17521,4274,91043,Not in California
Outside California,2021-01-31,3162,111798,2744,59563,418,52235,0,0,3105,76572,56,17577,3106,94149,Not in California
Outside California,2021-02-01,5480,117278,2568,62131,2912,55147,0,0,4785,80670,687,18264,4785,98934,Not in California
Outside California,2021-02-02,6761,124039,2169,64300,4592,59739,0,0,6034,85984,720,18984,6034,104968,Not in California
Outside California,2021-02-03,7326,131365,2089,66389,5237,64976,0,0,6453,91573,865,19849,6454,111422,Not in California
Outside California,2021-02-04,6808,138173,2183,68572,4625,69601,0,0,5815,96405,984,20833,5816,117238,Not in California
Outside California,2021-02-05,6815,144988,2233,70805,4582,74183,0,0,5746,101086,1065,21898,5746,122984,Not in California
Outside California,2021-02-06,4478,149466,2195,73000,2283,76466,0,0,4013,104646,456,22354,4016,127000,Not in California
Outside California,2021-02-07,2262,151728,1877,74877,385,76851,0,0,2184,106754,78,22432,2186,129186,Not in California
Outside California,2021-02-08,5427,157155,3458,78335,1969,78820,0,0,4365,110068,1051,23483,4365,133551,Not in California
Outside California,2021-02-09,4352,161507,1978,80313,2374,81194,0,0,3041,111823,1300,24783,3055,136606,Not in California
Outside California,2021-02-10,5627,167134,1958,82271,3669,84863,0,0,3182,112611,2437,27220,3225,139831,Not in California
Outside California,2021-02-11,4882,172016,2281,84552,2601,87464,0,0,3558,114874,1313,28533,3576,143407,Not in California
Outside California,2021-02-12,5253,177269,1960,86512,3293,90757,0,0,3431,116494,1815,30348,3435,146842,Not in California
Outside California,2021-02-13,2433,179702,729,87241,1704,92461,0,0,1888,117849,545,30893,1900,148742,Not in California
Outside California,2021-02-14,1346,181048,422,87663,924,93385,0,0,1105,118718,238,31131,1107,149849,Not in California
Outside California,2021-02-15,2559,183607,1545,89208,1014,94399,0,0,1236,118648,1310,32441,1240,151089,Not in California
Outside California,2021-02-16,6450,190057,2899,92107,3551,97950,0,0,2633,117481,3806,36247,2639,153728,Not in California
Outside California,2021-02-17,5970,196027,2997,95104,2973,100923,0,0,1873,115266,4092,40339,1877,155605,Not in California
Outside California,2021-02-18,6452,202479,3733,98837,2719,103642,0,0,2073,112980,4360,44699,2074,157679,Not in California
Outside California,2021-02-19,5749,208228,3980,102817,1769,105411,0,0,2435,112108,3308,48007,2436,160115,Not in California
Outside California,2021-02-20,3365,211593,2709,105526,656,106067,0,0,1255,111258,2106,50113,1256,161371,Not in California
Outside California,2021-02-21,2824,214417,2607,108133,217,106284,0,0,850,110139,1969,52082,850,162221,Not in California
Outside California,2021-02-22,3476,217893,2543,110676,933,107217,0,0,1627,109924,1847,53929,1632,163853,Not in California
Outside California,2021-02-23,6046,223939,3386,114062,2660,109877,0,0,2370,108639,3669,57598,2384,166237,Not in California
Outside California,2021-02-24,6432,230371,3543,117605,2889,112766,0,0,2505,107227,3922,61520,2510,168747,Not in California
Outside California,2021-02-25,6931,237302,3510,121115,3421,116187,0,0,3149,106629,3751,65271,3153,171900,Not in California
Outside California,2021-02-26,6836,244138,3632,124747,3204,119391,0,0,3188,106249,3569,68840,3189,175089,Not in California
Outside California,2021-02-27,5530,249668,2797,127544,2732,122123,1,1,1888,104516,3631,72471,1898,176987,Not in California
Outside California,2021-02-28,2450,252118,1791,129335,658,122781,1,2,801,103673,1647,74118,804,177791,Not in California
Outside California,2021-03-01,5010,257128,3208,132543,1801,124582,1,3,1345,101368,3656,77774,1351,179142,Not in California
Outside California,2021-03-02,6803,263931,2551,135094,4252,128834,0,3,2076,98731,4715,82489,2078,181220,Not in California
Outside California,2021-03-03,7884,271815,3083,138177,4799,133633,2,5,2641,96147,5231,87720,2647,183867,Not in California
Outside California,2021-03-04,6810,278625,2918,141095,3888,137521,4,9,2308,93975,4486,92206,2314,186181,Not in California
Outside California,2021-03-05,5295,283920,2699,143794,2581,140102,15,24,2719,94149,2568,94774,2742,188923,Not in California
Outside California,2021-03-06,4609,288529,2146,145940,2308,142410,155,179,2340,94385,2267,97041,2503,191426,Not in California
Outside California,2021-03-07,1611,290140,1036,146976,521,142931,54,233,985,94801,625,97666,1041,192467,Not in California
Outside California,2021-03-08,3119,293259,1854,148830,1021,143952,244,477,2209,96381,881,98547,2461,194928,Not in California
Outside California,2021-03-09,4654,297913,2374,151204,1961,145913,319,796,2738,97526,1912,100459,3057,197985,Not in California
Outside California,2021-03-10,4415,302328,2120,153324,1784,147697,511,1307,2732,99103,1673,102132,3250,201235,Not in California
Outside California,2021-03-11,6155,308483,3139,156463,2336,150033,680,1987,3320,100274,2829,104961,4000,205235,Not in California
Outside California,2021-03-12,6334,314817,3782,160245,1826,151859,726,2713,3483,101640,2844,107805,4210,209445,Not in California
Outside California,2021-03-13,3724,318541,2146,162391,1114,152973,464,3177,2556,103503,1160,108965,3023,212468,Not in California
Outside California,2021-03-14,1760,320301,901,163292,534,153507,325,3502,973,104016,786,109751,1299,213767,Not in California
Outside California,2021-03-15,3928,324229,2020,165312,1462,154969,446,3948,2066,104676,1856,111607,2516,216283,Not in California
Outside California,2021-03-16,7450,331679,4344,169656,2738,157707,368,4316,4136,105865,3312,114919,4501,220784,Not in California
Outside California,2021-03-17,8338,340017,5371,175027,2598,160305,369,4685,4996,107893,3338,118257,5366,226150,Not in California
Outside California,2021-03-18,8146,348163,4994,180021,2628,162933,524,5209,4700,109679,3438,121695,5224,231374,Not in California
Outside California,2021-03-19,7260,355423,4294,184315,2428,165361,538,5747,4362,111688,2894,124589,4903,236277,Not in California
Outside California,2021-03-20,4680,360103,3058,187373,1537,166898,85,5832,3576,114252,1097,125686,3661,239938,Not in California
Outside California,2021-03-21,2003,362106,1353,188726,563,167461,87,5919,1601,115540,400,126086,1688,241626,Not in California
Outside California,2021-03-22,3223,365329,1943,190669,1194,168655,86,6005,2213,116835,1004,127090,2299,243925,Not in California
Outside California,2021-03-23,5997,371326,3056,193725,2669,171324,272,6277,4098,119321,1885,128975,4371,248296,Not in California
Outside California,2021-03-24,7265,378591,3740,197465,3102,174426,423,6700,5064,122612,2194,131169,5485,253781,Not in California
Outside California,2021-03-25,8206,386797,3827,201292,3890,178316,489,7189,6007,126921,2187,133356,6496,260277,Not in California
Outside California,2021-03-26,6585,393382,3467,204759,2947,181263,171,7360,4369,129271,2189,135545,4539,264816,Not in California
Outside California,2021-03-27,5325,398707,3064,207823,2153,183416,108,7468,3421,130903,1895,137440,3527,268343,Not in California
Outside California,2021-03-28,3025,401732,1597,209420,1270,184686,158,7626,1985,132011,1035,138475,2143,270486,Not in California
Outside California,2021-03-29,5068,406800,2259,211679,2477,187163,332,7958,2927,133133,2138,140613,3260,273746,Not in California
Outside California,2021-03-30,6773,413573,3560,215239,2668,189831,545,8503,4009,134940,2754,143367,4561,278307,Not in California
Outside California,2021-03-31,6223,419796,3733,218972,1726,191557,764,9267,3347,136178,2870,146237,4108,282415,Not in California
Outside California,2021-04-01,7403,427199,4452,223424,2326,193883,625,9892,4297,137997,3097,149334,4916,287331,Not in California
Outside California,2021-04-02,8322,435521,4412,227836,2783,196666,1127,11019,4358,139527,3958,153292,5488,292819,Not in California
Outside California,2021-04-03,6088,441609,3615,231451,1324,197990,1149,12168,3192,140982,2888,156180,4343,297162,Not in California
Outside California,2021-04-04,1784,443393,876,232327,670,198660,238,12406,992,141419,791,156971,1228,298390,Not in California
Outside California,2021-04-05,4072,447465,2022,234349,1396,200056,654,13060,1968,141941,2100,159071,2622,301012,Not in California
Outside California,2021-04-06,6924,454389,3731,238080,1628,201684,1565,14625,2808,142208,4102,163173,4369,305381,Not in California
Outside California,2021-04-07,8116,462505,4653,242733,1790,203474,1673,16298,3203,142171,4905,168078,4868,310249,Not in California
Outside California,2021-04-08,7990,470495,4242,246975,1847,205321,1901,18199,3206,142496,4776,172854,5101,315350,Not in California
Outside California,2021-04-09,7421,477916,3841,250816,1663,206984,1917,20116,2903,142806,4511,177365,4821,320171,Not in California
Outside California,2021-04-10,6079,483995,3069,253885,1162,208146,1848,21964,1755,142084,4319,181684,3597,323768,Not in California
Outside California,2021-04-11,2819,486814,1532,255417,653,208799,634,22598,1017,141937,1799,183483,1652,325420,Not in California
Outside California,2021-04-12,4015,490829,2239,257656,1241,210040,535,23133,1782,142027,2226,185709,2316,327736,Not in California
Outside California,2021-04-13,5666,496495,3651,261307,1992,212032,23,23156,2923,142236,2737,188446,2946,330682,Not in California
Outside California,2021-04-14,5201,501696,3270,264577,1928,213960,3,23159,2853,142749,2343,190789,2856,333538,Not in California
Outside California,2021-04-15,6109,507805,3793,268370,2310,216270,6,23165,3311,143321,2746,193535,3318,336856,Not in California
Outside California,2021-04-16,5845,513650,3313,271683,2525,218795,7,23172,3294,144082,2542,196077,3303,340159,Not in California
Outside California,2021-04-17,5196,518846,3071,274754,2124,220919,1,23173,2971,144836,2217,198294,2971,343130,Not in California
Outside California,2021-04-18,2083,520929,1167,275921,915,221834,1,23174,997,144754,1081,199375,999,344129,Not in California
Outside California,2021-04-19,4172,525101,1993,277914,2178,224012,1,23175,2194,144983,1968,201343,2197,346326,Not in California
Outside California,2021-04-20,5384,530485,2466,280380,2918,226930,0,23175,2251,144109,3125,204468,2251,348577,Not in California
Outside California,2021-04-21,6342,536827,2649,283029,3690,230620,3,23178,2290,142369,4034,208502,2294,350871,Not in California
Outside California,2021-04-22,7034,543861,3749,286778,3282,233902,3,23181,2811,140971,4213,212715,2815,353686,Not in California
Outside California,2021-04-23,6100,549961,3202,289980,2897,236799,1,23182,2705,140298,3381,216096,2708,356394,Not in California
Outside California,2021-04-24,4910,554871,3426,293406,1480,238279,4,23186,2222,139845,2682,218778,2229,358623,Not in California
Outside California,2021-04-25,2174,557045,1298,294704,874,239153,2,23188,1134,139947,1036,219814,1138,359761,Not in California
Outside California,2021-04-26,3662,560707,1648,296352,1991,241144,23,23211,1677,139670,1977,221791,1700,361461,Not in California
Outside California,2021-04-27,5304,566011,1921,298273,3092,244236,291,23502,2000,138671,3295,225086,2296,363757,Not in California
Outside California,2021-04-28,4921,570932,2120,300393,2405,246641,396,23898,2011,138181,2899,227985,2409,366166,Not in California
Outside California,2021-04-29,4953,575885,2289,302682,2231,248872,433,24331,1973,137629,2959,230944,2407,368573,Not in California
Outside California,2021-04-30,4993,580878,2472,305154,2094,250966,427,24758,1986,137047,2996,233940,2414,370987,Not in California
Outside California,2021-05-01,3243,584121,1923,307077,892,251858,428,25186,1361,136963,1872,235812,1788,372775,Not in California
Outside California,2021-05-02,1875,585996,1095,308172,657,252515,123,25309,860,136933,1013,236825,983,373758,Not in California
Outside California,2021-05-03,3008,589004,1765,309937,965,253480,278,25587,1271,136750,1732,238557,1549,375307,Not in California
Outside California,2021-05-04,4243,593247,2426,312363,1375,254855,442,26029,1655,136264,2582,241139,2096,377403,Not in California
Outside California,2021-05-05,4618,597865,2731,315094,1520,256375,367,26396,1871,135767,2738,243877,2241,379644,Not in California
Outside California,2021-05-06,4506,602371,2843,317937,1329,257704,334,26730,1745,135090,2755,246632,2078,381722,Not in California
Outside California,2021-05-07,4912,607283,2903,320840,1631,259335,378,27108,1961,134491,2939,249571,2340,384062,Not in California
Outside California,2021-05-08,3583,610866,2465,323305,872,260207,246,27354,1536,134289,1985,251556,1783,385845,Not in California
Outside California,2021-05-09,1385,612251,898,324203,363,260570,124,27478,588,134223,777,252333,711,386556,Not in California
Outside California,2021-05-10,2684,614935,1245,325448,1114,261684,325,27803,1084,134052,1582,253915,1411,387967,Not in California
Outside California,2021-05-11,2859,617794,1419,326867,1170,262854,270,28073,1166,133798,1691,255606,1437,389404,Not in California
Outside California,2021-05-12,2861,620655,1331,328198,1235,264089,295,28368,1156,133548,1700,257306,1450,390854,Not in California
Outside California,2021-05-13,3276,623931,1954,330152,1103,265192,219,28587,1379,133257,1889,259195,1598,392452,Not in California
Outside California,2021-05-14,4032,627963,2380,332532,1393,266585,259,28846,1766,133023,2259,261454,2025,394477,Not in California
Outside California,2021-05-15,3295,631258,2151,334683,993,267578,151,28997,1249,132384,2039,263493,1400,395877,Not in California
Outside California,2021-05-16,1627,632885,1052,335735,499,268077,76,29073,779,132396,845,264338,857,396734,Not in California
Outside California,2021-05-17,3138,636023,1675,337410,1244,269321,219,29292,1449,132379,1685,266023,1668,398402,Not in California
Outside California,2021-05-18,2288,638311,1170,338580,915,270236,203,29495,1033,132362,1248,267271,1231,399633,Not in California
Outside California,2021-05-19,1774,640085,924,339504,679,270915,171,29666,761,132283,1009,268280,930,400563,Not in California
Unknown,2020-12-17,2,2,2,2,0,0,0,0,0,0,0,0,0,0,Not in California
Unknown,2020-12-18,1,3,1,3,0,0,0,0,0,0,0,0,0,0,Not in California
Unknown,2020-12-21,4,7,4,7,0,0,0,0,0,0,0,0,0,0,Not in California
Unknown,2020-12-28,4,11,4,11,0,0,0,0,3,3,0,0,3,3,Not in California
Unknown,2020-12-29,3,14,3,14,0,0,0,0,4,7,0,0,4,7,Not in California
Unknown,2020-12-30,56,70,56,70,0,0,0,0,56,63,0,0,56,63,Not in California
Unknown,2020-12-31,1,71,0,70,1,1,0,0,0,63,0,0,0,63,Not in California
Unknown,2021-01-02,1,72,0,70,1,2,0,0,1,64,0,0,1,64,Not in California
Unknown,2021-01-04,3,75,3,73,0,2,0,0,2,66,0,0,2,66,Not in California
Unknown,2021-01-06,5,80,4,77,1,3,0,0,5,71,0,0,5,71,Not in California
Unknown,2021-01-07,70,150,69,146,1,4,0,0,70,141,0,0,70,141,Not in California
Unknown,2021-01-09,2,152,2,148,0,4,0,0,3,144,0,0,3,144,Not in California
Unknown,2021-01-11,19,171,19,167,0,4,0,0,18,162,0,0,18,162,Not in California
Unknown,2021-01-12,9,180,8,175,1,5,0,0,7,169,1,1,8,170,Not in California
Unknown,2021-01-13,11,191,11,186,0,5,0,0,11,180,0,1,11,181,Not in California
Unknown,2021-01-14,3,194,3,189,0,5,0,0,3,183,0,1,3,184,Not in California
Unknown,2021-01-15,5,199,4,193,1,6,0,0,5,188,0,1,5,189,Not in California
Unknown,2021-01-16,6,205,6,199,0,6,0,0,6,194,0,1,6,195,Not in California
Unknown,2021-01-17,3,208,3,202,0,6,0,0,3,197,0,1,3,198,Not in California
Unknown,2021-01-18,54,262,54,256,0,6,0,0,52,247,2,3,52,250,Not in California
Unknown,2021-01-19,24,286,24,280,0,6,0,0,20,264,3,6,20,270,Not in California
Unknown,2021-01-20,80,366,80,360,0,6,0,0,29,241,52,58,29,299,Not in California
Unknown,2021-01-21,60,426,58,418,2,8,0,0,61,301,1,59,61,360,Not in California
Unknown,2021-01-22,38,464,33,451,5,13,0,0,38,339,0,59,38,398,Not in California
Unknown,2021-01-23,11,475,5,456,6,19,0,0,11,350,0,59,11,409,Not in California
Unknown,2021-01-24,2,477,2,458,0,19,0,0,3,353,0,59,3,412,Not in California
Unknown,2021-01-25,20,497,18,476,2,21,0,0,17,367,3,62,17,429,Not in California
Unknown,2021-01-26,94,591,94,570,0,21,0,0,97,464,0,62,97,526,Not in California
Unknown,2021-01-27,17,608,17,587,0,21,0,0,16,479,1,63,16,542,Not in California
Unknown,2021-01-28,154,762,152,739,2,23,0,0,97,516,60,123,97,639,Not in California
Unknown,2021-01-29,145,907,145,884,0,23,0,0,149,664,1,124,149,788,Not in California
Unknown,2021-01-30,10,917,8,892,2,25,0,0,13,676,1,125,13,801,Not in California
Unknown,2021-01-31,16,933,16,908,0,25,0,0,16,691,1,126,16,817,Not in California
Unknown,2021-02-01,37,970,35,943,2,27,0,0,22,696,17,143,22,839,Not in California
Unknown,2021-02-02,67,1037,66,1009,1,28,0,0,60,750,6,149,60,899,Not in California
Unknown,2021-02-03,47,1084,45,1054,2,30,0,0,35,774,11,160,35,934,Not in California
Unknown,2021-02-04,61,1145,57,1111,4,34,0,0,56,825,5,165,56,990,Not in California
Unknown,2021-02-05,20,1165,16,1127,4,38,0,0,16,837,4,169,16,1006,Not in California
Unknown,2021-02-06,14,1179,14,1141,0,38,0,0,9,840,6,175,9,1015,Not in California
Unknown,2021-02-07,8,1187,8,1149,0,38,0,0,6,844,2,177,6,1021,Not in California
Unknown,2021-02-08,53,1240,50,1199,3,41,0,0,15,820,39,216,15,1036,Not in California
Unknown,2021-02-09,18,1258,18,1217,0,41,0,0,4,810,14,230,4,1040,Not in California
Unknown,2021-02-10,34,1292,30,1247,4,45,0,0,9,794,25,255,9,1049,Not in California
Unknown,2021-02-11,93,1385,92,1339,1,46,0,0,43,786,51,306,43,1092,Not in California
Unknown,2021-02-12,40,1425,33,1372,7,53,0,0,11,768,29,335,11,1103,Not in California
Unknown,2021-02-13,9,1434,2,1374,7,60,0,0,8,775,1,336,8,1111,Not in California
Unknown,2021-02-14,7,1441,1,1375,6,66,0,0,5,779,1,337,5,1116,Not in California
Unknown,2021-02-15,44,1485,38,1413,6,72,0,0,29,795,13,350,29,1145,Not in California
Unknown,2021-02-16,105,1590,96,1509,9,81,0,0,32,754,73,423,32,1177,Not in California
Unknown,2021-02-17,10,1600,8,1517,2,83,0,0,4,753,5,428,4,1181,Not in California
Unknown,2021-02-18,105,1705,100,1617,5,88,0,0,19,686,86,514,19,1200,Not in California
Unknown,2021-02-19,194,1899,189,1806,5,93,0,0,57,607,136,650,57,1257,Not in California
Unknown,2021-02-20,7,1906,5,1811,2,95,0,0,2,604,5,655,2,1259,Not in California
Unknown,2021-02-21,15,1921,15,1826,0,95,0,0,1,591,14,669,1,1260,Not in California
Unknown,2021-02-22,9,1930,9,1835,0,95,0,0,6,594,3,672,6,1266,Not in California
Unknown,2021-02-23,63,1993,51,1886,12,107,0,0,15,562,47,719,15,1281,Not in California
Unknown,2021-02-24,43,2036,35,1921,8,115,0,0,15,549,28,747,15,1296,Not in California
Unknown,2021-02-25,71,2107,58,1979,13,128,0,0,25,528,46,793,25,1321,Not in California
Unknown,2021-02-26,39,2146,25,2004,14,142,0,0,22,535,15,808,22,1343,Not in California
Unknown,2021-02-27,22,2168,16,2020,6,148,0,0,12,539,8,816,12,1355,Not in California
Unknown,2021-02-28,17,2185,13,2033,4,152,0,0,10,544,5,821,10,1365,Not in California
Unknown,2021-03-01,45,2230,27,2060,18,170,0,0,25,549,20,841,25,1390,Not in California
Unknown,2021-03-02,19,2249,7,2067,12,182,0,0,12,556,5,846,12,1402,Not in California
Unknown,2021-03-03,12,2261,7,2074,5,187,0,0,8,561,3,849,8,1410,Not in California
Unknown,2021-03-04,44,2305,41,2115,3,190,0,0,13,543,31,880,13,1423,Not in California
Unknown,2021-03-05,25,2330,15,2130,10,200,0,0,22,559,6,886,22,1445,Not in California
Unknown,2021-03-06,19,2349,11,2141,6,206,2,2,15,572,4,890,17,1462,Not in California
Unknown,2021-03-07,2,2351,1,2142,1,207,0,2,3,575,0,890,3,1465,Not in California
Unknown,2021-03-08,32,2383,23,2165,7,214,2,4,8,560,25,915,10,1475,Not in California
Unknown,2021-03-09,39,2422,32,2197,3,217,4,8,9,542,31,946,13,1488,Not in California
Unknown,2021-03-10,9,2431,6,2203,1,218,2,10,5,544,5,951,7,1495,Not in California
Unknown,2021-03-11,30,2461,13,2216,2,220,15,25,8,545,22,973,23,1518,Not in California
Unknown,2021-03-12,72,2533,56,2272,11,231,5,30,11,502,59,1032,16,1534,Not in California
Unknown,2021-03-13,15,2548,4,2276,7,238,4,34,7,503,10,1042,11,1545,Not in California
Unknown,2021-03-14,14,2562,6,2282,6,244,2,36,5,502,8,1050,7,1552,Not in California
Unknown,2021-03-15,30,2592,11,2293,17,261,2,38,20,511,13,1063,22,1574,Not in California
Unknown,2021-03-16,46,2638,20,2313,22,283,4,42,26,522,19,1082,30,1604,Not in California
Unknown,2021-03-17,38,2676,14,2327,23,306,1,43,33,552,4,1086,34,1638,Not in California
Unknown,2021-03-18,31,2707,18,2345,13,319,0,43,18,558,12,1098,18,1656,Not in California
Unknown,2021-03-19,28,2735,18,2363,10,329,0,43,21,572,7,1105,21,1677,Not in California
Unknown,2021-03-20,27,2762,15,2378,12,341,0,43,16,577,11,1116,16,1693,Not in California
Unknown,2021-03-21,19,2781,13,2391,6,347,0,43,15,589,3,1119,15,1708,Not in California
Unknown,2021-03-22,36,2817,19,2410,16,363,1,44,18,596,12,1131,19,1727,Not in California
Unknown,2021-03-23,23,2840,9,2419,9,372,5,49,11,601,11,1142,16,1743,Not in California
Unknown,2021-03-24,23,2863,9,2428,14,386,0,49,18,614,5,1147,18,1761,Not in California
Unknown,2021-03-25,37,2900,24,2452,13,399,0,49,25,630,9,1156,25,1786,Not in California
Unknown,2021-03-26,36,2936,20,2472,11,410,5,54,19,639,15,1171,24,1810,Not in California
Unknown,2021-03-27,28,2964,14,2486,14,424,0,54,17,643,13,1184,17,1827,Not in California
Unknown,2021-03-28,16,2980,9,2495,7,431,0,54,11,650,4,1188,11,1838,Not in California
Unknown,2021-03-29,38,3018,18,2513,19,450,1,55,24,663,12,1200,25,1863,Not in California
Unknown,2021-03-30,41,3059,25,2538,16,466,0,55,26,674,15,1215,26,1889,Not in California
Unknown,2021-03-31,34,3093,21,2559,13,479,0,55,23,686,11,1226,23,1912,Not in California
Unknown,2021-04-01,20,3113,15,2574,5,484,0,55,14,695,5,1231,14,1926,Not in California
Unknown,2021-04-02,40,3153,16,2590,15,499,9,64,18,699,23,1254,27,1953,Not in California
Unknown,2021-04-03,19,3172,9,2599,10,509,0,64,11,700,10,1264,11,1964,Not in California
Unknown,2021-04-04,17,3189,4,2603,13,522,0,64,10,704,6,1270,10,1974,Not in California
Unknown,2021-04-05,32,3221,18,2621,13,535,1,65,17,708,14,1284,18,1992,Not in California
Unknown,2021-04-06,21,3242,13,2634,7,542,1,66,12,711,10,1294,13,2005,Not in California
Unknown,2021-04-07,34,3276,23,2657,11,553,0,66,27,730,8,1302,27,2032,Not in California
Unknown,2021-04-08,30,3306,20,2677,6,559,4,70,16,732,18,1320,20,2052,Not in California
Unknown,2021-04-09,35,3341,25,2702,10,569,0,70,25,746,11,1331,25,2077,Not in California
Unknown,2021-04-10,10,3351,9,2711,1,570,0,70,9,748,7,1338,9,2086,Not in California
Unknown,2021-04-11,11,3362,7,2718,4,574,0,70,5,748,5,1343,5,2091,Not in California
Unknown,2021-04-12,38,3400,21,2739,16,590,1,71,17,743,23,1366,18,2109,Not in California
Unknown,2021-04-13,44,3444,26,2765,18,608,0,71,23,740,26,1392,23,2132,Not in California
Unknown,2021-04-14,26,3470,8,2773,18,626,0,71,8,726,22,1414,8,2140,Not in California
Unknown,2021-04-15,31,3501,16,2789,14,640,1,72,16,721,22,1436,17,2157,Not in California
Unknown,2021-04-16,25,3526,15,2804,10,650,0,72,12,717,16,1452,12,2169,Not in California
Unknown,2021-04-17,19,3545,12,2816,7,657,0,72,18,723,13,1465,19,2188,Not in California
Unknown,2021-04-18,20,3565,8,2824,12,669,0,72,11,722,12,1477,11,2199,Not in California
Unknown,2021-04-19,36,3601,22,2846,14,683,0,72,26,730,18,1495,26,2225,Not in California
Unknown,2021-04-20,26,3627,15,2861,11,694,0,72,9,719,20,1515,9,2234,Not in California
Unknown,2021-04-21,35,3662,15,2876,20,714,0,72,27,722,24,1539,27,2261,Not in California
Unknown,2021-04-22,22,3684,14,2890,8,722,0,72,23,728,17,1556,23,2284,Not in California
Unknown,2021-04-23,31,3715,15,2905,16,738,0,72,26,740,14,1570,26,2310,Not in California
Unknown,2021-04-24,26,3741,14,2919,12,750,0,72,29,760,9,1579,29,2339,Not in California
Unknown,2021-04-25,23,3764,9,2928,14,764,0,72,14,763,11,1590,14,2353,Not in California
Unknown,2021-04-26,48,3812,39,2967,9,773,0,72,39,788,14,1604,39,2392,Not in California
Unknown,2021-04-27,62,3874,48,3015,14,787,0,72,43,812,19,1623,43,2435,Not in California
Unknown,2021-04-28,27,3901,19,3034,7,794,1,73,8,802,19,1642,9,2444,Not in California
Unknown,2021-04-29,33,3934,21,3055,12,806,0,73,12,793,21,1663,12,2456,Not in California
Unknown,2021-04-30,28,3962,14,3069,9,815,5,78,13,796,15,1678,18,2474,Not in California
Unknown,2021-05-01,27,3989,21,3090,6,821,0,78,16,801,11,1689,16,2490,Not in California
Unknown,2021-05-02,14,4003,7,3097,6,827,1,79,6,800,8,1697,7,2497,Not in California
Unknown,2021-05-03,26,4029,19,3116,5,832,2,81,8,792,18,1715,10,2507,Not in California
Unknown,2021-05-04,21,4050,11,3127,6,838,4,85,5,785,16,1731,9,2516,Not in California
Unknown,2021-05-05,29,4079,11,3138,17,855,1,86,14,785,15,1746,15,2531,Not in California
Unknown,2021-05-06,21,4100,12,3150,7,862,2,88,9,784,12,1758,11,2542,Not in California
Unknown,2021-05-07,26,4126,14,3164,10,872,2,90,11,782,15,1773,13,2555,Not in California
Unknown,2021-05-08,16,4142,10,3174,4,876,2,92,7,783,8,1781,9,2564,Not in California
Unknown,2021-05-09,18,4160,5,3179,9,885,4,96,8,785,10,1791,12,2576,Not in California
Unknown,2021-05-10,18,4178,11,3190,6,891,1,97,3,775,14,1805,4,2580,Not in California
Unknown,2021-05-11,104,4282,67,3257,26,917,11,108,87,856,17,1822,98,2678,Not in California
Unknown,2021-05-12,268,4550,198,3455,42,959,28,136,212,1040,56,1878,240,2918,Not in California
Unknown,2021-05-13,303,4853,229,3684,68,1027,6,142,269,1282,34,1912,276,3194,Not in California
Unknown,2021-05-14,451,5304,373,4057,71,1098,7,149,414,1667,35,1947,420,3614,Not in California
Unknown,2021-05-15,401,5705,322,4379,74,1172,5,154,362,1995,39,1986,367,3981,Not in California
Unknown,2021-05-16,300,6005,219,4598,75,1247,6,160,268,2237,32,2018,274,4255,Not in California
Unknown,2021-05-17,599,6604,487,5085,96,1343,16,176,536,2727,63,2081,553,4808,Not in California
Unknown,2021-05-18,116,6720,83,5168,32,1375,1,177,109,2830,7,2088,110,4918,Not in California
Unknown,2021-05-19,2,6722,2,5170,0,1375,0,177,1,2831,0,2088,1,4919,Not in California
Alameda,2020-12-15,36,36,36,36,0,0,0,0,36,36,0,0,36,36,California
Alameda,2020-12-16,206,242,206,242,0,0,0,0,206,242,0,0,206,242,California
Alameda,2020-12-17,397,639,397,639,0,0,0,0,397,639,0,0,397,639,California
Alameda,2020-12-18,1786,2425,1785,2424,1,1,0,0,1786,2425,0,0,1786,2425,California
Alameda,2020-12-19,1437,3862,1437,3861,0,1,0,0,1437,3862,0,0,1437,3862,California
Alameda,2020-12-20,1187,5049,1186,5047,1,2,0,0,1186,5047,1,1,1186,5048,California
Alameda,2020-12-21,1863,6912,1861,6908,2,4,0,0,1862,6909,0,1,1862,6910,California
Alameda,2020-12-22,2104,9016,2051,8959,53,57,0,0,2104,9013,0,1,2104,9014,California
Alameda,2020-12-23,1947,10963,1689,10648,258,315,0,0,1948,10961,0,1,1948,10962,California
Alameda,2020-12-24,1220,12183,760,11408,460,775,0,0,1220,12181,0,1,1220,12182,California
Alameda,2020-12-25,166,12349,129,11537,37,812,0,0,166,12347,0,1,166,12348,California
Alameda,2020-12-26,870,13219,326,11863,544,1356,0,0,870,13217,0,1,870,13218,California
Alameda,2020-12-27,499,13718,256,12119,243,1599,0,0,499,13716,0,1,499,13717,California
Alameda,2020-12-28,1886,15604,960,13079,926,2525,0,0,1886,15602,0,1,1886,15603,California
Alameda,2020-12-29,2433,18037,1025,14104,1408,3933,0,0,2432,18034,0,1,2432,18035,California
Alameda,2020-12-30,3136,21173,1364,15468,1772,5705,0,0,3136,21170,0,1,3136,21171,California
Alameda,2020-12-31,1798,22971,443,15911,1355,7060,0,0,1796,22965,1,2,1796,22967,California
Alameda,2021-01-01,172,23143,70,15981,102,7162,0,0,171,23135,1,3,171,23138,California
Alameda,2021-01-02,727,23870,524,16505,203,7365,0,0,726,23861,0,3,726,23864,California
Alameda,2021-01-03,343,24213,222,16727,121,7486,0,0,340,24198,3,6,340,24204,California
Alameda,2021-01-04,1651,25864,946,17673,705,8191,0,0,1639,25826,11,17,1639,25843,California
Alameda,2021-01-05,2217,28081,1273,18946,944,9135,0,0,1981,27574,233,250,1981,27824,California
Alameda,2021-01-06,3278,31359,1811,20757,1467,10602,0,0,2431,29163,844,1094,2433,30257,California
Alameda,2021-01-07,3818,35177,2152,22909,1666,12268,0,0,2689,30736,1120,2214,2693,32950,California
Alameda,2021-01-08,4770,39947,2729,25638,2041,14309,0,0,3118,32211,1647,3861,3122,36072,California
Alameda,2021-01-09,2036,41983,1388,27026,648,14957,0,0,1174,32523,862,4723,1174,37246,California
Alameda,2021-01-10,1070,43053,847,27873,223,15180,0,0,430,32312,641,5364,430,37676,California
Alameda,2021-01-11,4661,47714,3525,31398,1136,16316,0,0,2860,33379,1800,7164,2867,40543,California
Alameda,2021-01-12,4836,52550,3255,34653,1581,17897,0,0,3444,35435,1391,8555,3447,43990,California
Alameda,2021-01-13,5051,57601,2671,37324,2380,20277,0,0,3858,38106,1189,9744,3860,47850,California
Alameda,2021-01-14,5638,63239,2775,40099,2863,23140,0,0,4751,41982,878,10622,4754,52604,California
Alameda,2021-01-15,5847,69086,2316,42415,3531,26671,0,0,5079,46304,761,11383,5083,57687,California
Alameda,2021-01-16,3011,72097,1409,43824,1602,28273,0,0,2741,48776,270,11653,2742,60429,California
Alameda,2021-01-17,1869,73966,1083,44907,786,29059,0,0,1662,50233,206,11859,1663,62092,California
Alameda,2021-01-18,3205,77171,2057,46964,1148,30207,0,0,2608,52253,593,12452,2613,64705,California
Alameda,2021-01-19,5536,82707,3335,50299,2201,32408,0,0,4342,55405,1192,13644,4344,69049,California
Alameda,2021-01-20,6783,89490,4113,54412,2670,35078,0,0,5487,59613,1283,14927,5491,74540,California
Alameda,2021-01-21,7797,97287,3416,57828,4381,39459,0,0,6958,65743,833,15760,6963,81503,California
Alameda,2021-01-22,6859,104146,2046,59874,4813,44272,0,0,5720,70333,1132,16892,5722,87225,California
Alameda,2021-01-23,3290,107436,948,60822,2342,46614,0,0,2736,72515,554,17446,2736,89961,California
Alameda,2021-01-24,2054,109490,656,61478,1398,48012,0,0,1777,74019,273,17719,1777,91738,California
Alameda,2021-01-25,5223,114713,1986,63464,3237,51249,0,0,3632,76069,1583,19302,3633,95371,California
Alameda,2021-01-26,7263,121976,2299,65763,4964,56213,0,0,5396,79606,1860,21162,5397,100768,California
Alameda,2021-01-27,6673,128649,2079,67842,4594,60807,0,0,4820,82587,1839,23001,4820,105588,California
Alameda,2021-01-28,7912,136561,2557,70399,5355,66162,0,0,5665,86022,2231,25232,5666,111254,California
Alameda,2021-01-29,7932,144493,3185,73584,4747,70909,0,0,6109,90319,1813,27045,6110,117364,California
Alameda,2021-01-30,3433,147926,1682,75266,1751,72660,0,0,2727,92346,700,27745,2727,120091,California
Alameda,2021-01-31,1907,149833,966,76232,941,73601,0,0,1663,93768,241,27986,1663,121754,California
Alameda,2021-02-01,5984,155817,3377,79609,2607,76208,0,0,4336,96463,1642,29628,4337,126091,California
Alameda,2021-02-02,7482,163299,4263,83872,3219,79427,0,0,4678,98349,2792,32420,4678,130769,California
Alameda,2021-02-03,7093,170392,3739,87611,3354,82781,0,0,4411,100089,2676,35096,4416,135185,California
Alameda,2021-02-04,9572,179964,4174,91785,5398,88179,0,0,6439,103419,3114,38210,6444,141629,California
Alameda,2021-02-05,10362,190326,5408,97193,4954,93133,0,0,6482,106033,3874,42084,6488,148117,California
Alameda,2021-02-06,7001,197327,4438,101631,2563,95696,0,0,5873,110780,1126,43210,5873,153990,California
Alameda,2021-02-07,3588,200915,2896,104527,692,96388,0,0,2641,112478,944,44154,2642,156632,California
Alameda,2021-02-08,8108,209023,5796,110323,2312,98700,0,0,5549,115482,2547,46701,5551,162183,California
Alameda,2021-02-09,9725,218748,5865,116188,3860,102560,0,0,6060,117898,3646,50347,6062,168245,California
Alameda,2021-02-10,11480,230228,6791,122979,4689,107249,0,0,6570,119587,4889,55236,6578,174823,California
Alameda,2021-02-11,13954,244182,8005,130984,5949,113198,0,0,8387,122429,5548,60784,8390,183213,California
Alameda,2021-02-12,12553,256735,5705,136689,6848,120046,0,0,7759,125414,4777,65561,7762,190975,California
Alameda,2021-02-13,7825,264560,4073,140762,3752,123798,0,0,5854,129304,1966,67527,5856,196831,California
Alameda,2021-02-14,4038,268598,2541,143303,1497,125295,0,0,2874,131021,1160,68687,2877,199708,California
Alameda,2021-02-15,5724,274322,3231,146534,2493,127788,0,0,3709,132723,2010,70697,3712,203420,California
Alameda,2021-02-16,12567,286889,6981,153515,5586,133374,0,0,9335,138842,3222,73919,9341,212761,California
Alameda,2021-02-17,14192,301081,8427,161942,5765,139139,0,0,10554,145780,3618,77537,10556,223317,California
Alameda,2021-02-18,15917,316998,10103,172045,5814,144953,0,0,11550,152978,4358,81895,11556,234873,California
Alameda,2021-02-19,17685,334683,11469,183514,6216,151169,0,0,11715,158751,5947,87842,11720,246593,California
Alameda,2021-02-20,11896,346579,9638,193152,2258,153427,0,0,9160,165186,2731,90573,9166,255759,California
Alameda,2021-02-21,7665,354244,6733,199885,932,154359,0,0,5179,167890,2475,93048,5179,260938,California
Alameda,2021-02-22,10823,365067,8037,207922,2786,157145,0,0,6853,170796,3956,97004,6862,267800,California
Alameda,2021-02-23,12946,378013,7934,215856,5012,162157,0,0,8125,174119,4809,101813,8132,275932,California
Alameda,2021-02-24,14798,392811,8338,224194,6460,168617,0,0,9631,178650,5105,106918,9636,285568,California
Alameda,2021-02-25,15680,408491,9165,233359,6515,175132,0,0,9987,182985,5660,112578,9995,295563,California
Alameda,2021-02-26,18152,426643,10680,244039,7472,182604,0,0,11739,188358,6370,118948,11743,307306,California
Alameda,2021-02-27,14930,441573,11024,255063,3904,186508,2,2,9291,192038,5616,124564,9296,316602,California
Alameda,2021-02-28,9192,450765,7750,262813,1442,187950,0,2,6104,195078,3065,127629,6105,322707,California
Alameda,2021-03-01,13525,464290,9455,272268,4063,192013,7,9,8423,198459,5056,132685,8437,331144,California
Alameda,2021-03-02,15069,479359,10839,283107,4229,196242,1,10,9898,203214,5151,137836,9906,341050,California
Alameda,2021-03-03,15717,495076,10282,293389,5434,201676,1,11,10739,209009,4949,142785,10744,351794,California
Alameda,2021-03-04,17492,512568,11217,304606,6273,207949,2,13,11017,213589,6439,149224,11019,362813,California
Alameda,2021-03-05,16329,528897,10692,315298,5628,213577,9,22,11037,219392,5249,154473,11052,373865,California
Alameda,2021-03-06,14570,543467,10276,325574,4029,217606,265,287,9657,224447,4868,159341,9923,383788,California
Alameda,2021-03-07,9772,553239,8508,334082,1183,218789,81,368,6983,228753,2760,162101,7066,390854,California
Alameda,2021-03-08,12003,565242,7496,341578,4128,222917,379,747,8975,235129,2978,165079,9354,400208,California
Alameda,2021-03-09,14726,579968,10343,351921,3951,226868,432,1179,8051,236974,6639,171718,8484,408692,California
Alameda,2021-03-10,17554,597522,12188,364109,4806,231674,560,1739,7936,235874,9592,181310,8492,417184,California
Alameda,2021-03-11,19803,617325,11584,375693,6514,238188,1705,3444,6759,231317,13014,194324,8457,425641,California
Alameda,2021-03-12,21182,638507,12331,388024,7195,245383,1656,5100,7473,226752,13684,208008,9119,434760,California
Alameda,2021-03-13,15853,654360,10102,398126,4763,250146,988,6088,5079,222076,10738,218746,6062,440822,California
Alameda,2021-03-14,10711,665071,7825,405951,2100,252246,786,6874,3391,218943,7300,226046,4167,444989,California
Alameda,2021-03-15,14346,679417,9346,415297,4482,256728,518,7392,6294,217730,8022,234068,6809,451798,California
Alameda,2021-03-16,17199,696616,11128,426425,5537,262265,534,7926,7396,215911,9750,243818,7931,459729,California
Alameda,2021-03-17,17408,714024,9805,436230,6907,269172,696,8622,8079,215397,9288,253106,8774,468503,California
Alameda,2021-03-18,19109,733133,10364,446594,7865,277037,880,9502,8766,214736,10311,263417,9650,478153,California
Alameda,2021-03-19,19141,752274,10369,456963,6987,284024,1785,11287,7629,212679,11464,274881,9407,487560,California
Alameda,2021-03-20,15645,767919,10204,467167,4616,288640,825,12112,6397,210679,9219,284100,7219,494779,California
Alameda,2021-03-21,9070,776989,7109,474276,1428,290068,533,12645,3754,209661,5306,289406,4288,499067,California
Alameda,2021-03-22,14903,791892,10018,484294,3906,293974,979,13624,7008,209774,7869,297275,7982,507049,California
Alameda,2021-03-23,19138,811030,11530,495824,6817,300791,791,14415,9852,211184,9239,306514,10649,517698,California
Alameda,2021-03-24,19039,830069,11465,507289,6579,307370,995,15410,8403,210001,10572,317086,9389,527087,California
Alameda,2021-03-25,20402,850471,11278,518567,7738,315108,1386,16796,9480,210002,10854,327940,10855,537942,California
Alameda,2021-03-26,20721,871192,12404,530971,6780,321888,1537,18333,8537,207930,12136,340076,10064,548006,California
Alameda,2021-03-27,18214,889406,12352,543323,4901,326789,961,19294,7579,205864,10589,350665,8523,556529,California
Alameda,2021-03-28,10454,899860,8466,551789,1784,328573,204,19498,3510,202655,6931,357596,3722,560251,California
Alameda,2021-03-29,14614,914474,9302,561091,4315,332888,997,20495,6004,201081,8575,366171,7001,567252,California
Alameda,2021-03-30,18491,932965,9708,570799,7084,339972,1699,22194,9336,202986,9124,375295,11029,578281,California
Alameda,2021-03-31,19284,952249,10155,580954,7058,347030,2071,24265,9172,204133,10085,385380,11232,589513,California
Alameda,2021-04-01,23197,975446,10038,590992,7647,354677,5512,29777,11086,208658,12072,397452,16597,606110,California
Alameda,2021-04-02,23956,999402,9922,600914,8318,362995,5716,35493,11659,213769,12258,409710,17369,623479,California
Alameda,2021-04-03,20206,1019608,9773,610687,5702,368697,4731,40224,10348,219008,9839,419549,15078,638557,California
Alameda,2021-04-04,9999,1029607,3994,614681,2293,370990,3712,43936,3521,219774,6464,426013,7230,645787,California
Alameda,2021-04-05,17822,1047429,7526,622207,5527,376517,4769,48705,7274,221292,10524,436537,12042,657829,California
Alameda,2021-04-06,22210,1069639,10720,632927,5655,382172,5835,54540,10106,225149,12068,448605,15925,673754,California
Alameda,2021-04-07,22516,1092155,11559,644486,5513,387685,5444,59984,11434,230979,11038,459643,16868,690622,California
Alameda,2021-04-08,25443,1117598,11511,655997,5969,393654,7963,67947,10873,235299,14500,474143,18820,709442,California
Alameda,2021-04-09,23337,1140935,10657,666654,7465,401119,5215,73162,12049,241305,11257,485400,17263,726705,California
Alameda,2021-04-10,18858,1159793,7433,674087,5599,406718,5826,78988,8190,244661,10644,496044,14000,740705,California
Alameda,2021-04-11,10997,1170790,4795,678882,2270,408988,3932,82920,4502,246607,6478,502522,8424,749129,California
Alameda,2021-04-12,18016,1188806,11721,690603,4309,413297,1986,84906,10127,250862,7853,510375,12108,761237,California
Alameda,2021-04-13,23023,1211829,14602,705205,8366,421663,55,84961,16956,261868,6016,516391,17022,778259,California
Alameda,2021-04-14,23135,1234964,15200,720405,7934,429597,1,84962,15660,270092,7444,523835,15668,793927,California
Alameda,2021-04-15,24113,1259077,15397,735802,8714,438311,2,84964,16013,278071,8043,531878,16022,809949,California
Alameda,2021-04-16,24406,1283483,14434,750236,9967,448278,5,84969,15739,285213,8614,540492,15756,825705,California
Alameda,2021-04-17,20899,1304382,14450,764686,6449,454727,0,84969,14436,293235,6429,546921,14451,840156,California
Alameda,2021-04-18,9957,1314339,7617,772303,2340,457067,0,84969,6899,297111,3028,549949,6904,847060,California
Alameda,2021-04-19,15676,1330015,9749,782052,5926,462993,1,84970,9092,299665,6548,556497,9102,856162,California
Alameda,2021-04-20,18198,1348213,11153,793205,7043,470036,2,84972,9992,301516,8163,564660,10014,866176,California
Alameda,2021-04-21,19184,1367397,11267,804472,7908,477944,9,84981,11211,304831,7924,572584,11239,877415,California
Alameda,2021-04-22,21407,1388804,13791,818263,7613,485557,3,84984,11373,306250,9982,582566,11401,888816,California
Alameda,2021-04-23,21683,1410487,14067,832330,7614,493171,2,84986,12124,308896,9506,592072,12152,900968,California
Alameda,2021-04-24,18979,1429466,14397,846727,4575,497746,7,84993,10025,310025,8913,600985,10042,911010,California
Alameda,2021-04-25,8834,1438300,6890,853617,1943,499689,1,84994,5731,312691,3076,604061,5742,916752,California
Alameda,2021-04-26,13757,1452057,9586,863203,4148,503837,23,85017,8526,316050,5199,609260,8558,925310,California
Alameda,2021-04-27,15739,1467796,9331,872534,6103,509940,305,85322,7394,315471,8301,617561,7722,933032,California
Alameda,2021-04-28,15968,1483764,10161,882695,5343,515283,464,85786,6225,312457,9716,627277,6702,939734,California
Alameda,2021-04-29,16754,1500518,10040,892735,6390,521673,324,86110,5991,308075,10717,637994,6335,946069,California
Alameda,2021-04-30,19454,1519972,12015,904750,7100,528773,339,86449,7871,304810,11511,649505,8246,954315,California
Alameda,2021-05-01,13983,1533955,9331,914081,4448,533221,204,86653,5210,301514,8742,658247,5446,959761,California
Alameda,2021-05-02,7044,1540999,4898,918979,1975,535196,171,86824,2871,300404,4157,662404,3047,962808,California
Alameda,2021-05-03,14417,1555416,10915,929894,3183,538379,319,87143,2827,292033,11546,673950,3175,965983,California
Alameda,2021-05-04,18237,1573653,13079,942973,4800,543179,358,87501,3648,281543,14526,688476,4036,970019,California
Alameda,2021-05-05,18324,1591977,13306,956279,4509,547688,509,88010,3745,271295,14515,702991,4267,974286,California
Alameda,2021-05-06,18565,1610542,14040,970319,3831,551519,694,88704,3600,260710,14892,717883,4307,978593,California
Alameda,2021-05-07,19105,1629647,12869,983188,5822,557341,414,89118,4354,250816,14682,732565,4788,983381,California
Alameda,2021-05-08,16461,1646108,11262,994450,4986,562327,213,89331,3096,240812,13326,745891,3322,986703,California
Alameda,2021-05-09,8516,1654624,6955,1001405,1414,563741,147,89478,1461,235391,7032,752923,1611,988314,California
Alameda,2021-05-10,10006,1664630,6811,1008216,2867,566608,328,89806,2485,230720,7491,760414,2820,991134,California
Alameda,2021-05-11,14941,1679571,7979,1016195,6666,573274,296,90102,2716,221584,12182,772596,3046,994180,California
Alameda,2021-05-12,12613,1692184,8278,1024473,3924,577198,411,90513,2623,214696,9950,782546,3062,997242,California
Alameda,2021-05-13,16637,1708821,11935,1036408,4206,581404,496,91009,5280,209185,11320,793866,5809,1003051,California
Alameda,2021-05-14,20280,1729101,13736,1050144,6135,587539,409,91418,7090,203585,13116,806982,7516,1010567,California
Alameda,2021-05-15,16913,1746014,12292,1062436,4397,591936,224,91642,5868,198681,11001,817983,6097,1016664,California
Alameda,2021-05-16,8220,1754234,7012,1069448,1111,593047,97,91739,2800,196192,5394,823377,2905,1019569,California
Alameda,2021-05-17,13238,1767472,9858,1079306,2864,595911,516,92255,4394,192307,8812,832189,4927,1024496,California
Alameda,2021-05-18,11582,1779054,8361,1087667,2895,598806,326,92581,3912,188909,7638,839827,4240,1028736,California
Alameda,2021-05-19,9309,1788363,6108,1093775,3051,601857,150,92731,3627,187027,5661,845488,3779,1032515,California
Alpine,2020-12-18,2,2,2,2,0,0,0,0,2,2,0,0,2,2,California
Alpine,2020-12-19,2,4,2,4,0,0,0,0,2,4,0,0,2,4,California
Alpine,2020-12-21,2,6,2,6,0,0,0,0,2,6,0,0,2,6,California
Alpine,2020-12-30,14,20,0,6,14,14,0,0,14,20,0,0,14,20,California
Alpine,2020-12-31,1,21,0,6,1,15,0,0,1,21,0,0,1,21,California
Alpine,2021-01-01,1,22,0,6,1,16,0,0,1,22,0,0,1,22,California
Alpine,2021-01-02,1,23,1,7,0,16,0,0,1,23,0,0,1,23,California
Alpine,2021-01-04,10,33,0,7,10,26,0,0,10,33,0,0,10,33,California
Alpine,2021-01-05,9,42,1,8,8,34,0,0,9,42,0,0,9,42,California
Alpine,2021-01-06,31,73,0,8,31,65,0,0,31,73,0,0,31,73,California
Alpine,2021-01-07,8,81,0,8,8,73,0,0,8,81,0,0,8,81,California
Alpine,2021-01-08,4,85,2,10,2,75,0,0,2,81,2,2,2,83,California
Alpine,2021-01-09,2,87,2,12,0,75,0,0,0,79,2,4,0,83,California
Alpine,2021-01-11,32,119,1,13,31,106,0,0,31,109,1,5,31,114,California
Alpine,2021-01-13,35,154,0,13,35,141,0,0,35,144,0,5,35,149,California
Alpine,2021-01-14,1,155,0,13,1,142,0,0,1,145,0,5,1,150,California
Alpine,2021-01-15,1,156,0,13,1,143,0,0,1,146,0,5,1,151,California
Alpine,2021-01-20,21,177,0,13,21,164,0,0,21,167,0,5,21,172,California
Alpine,2021-01-21,1,178,0,13,1,165,0,0,1,168,0,5,1,173,California
Alpine,2021-01-22,32,210,0,13,32,197,0,0,32,200,0,5,32,205,California
Alpine,2021-01-23,1,211,1,14,0,197,0,0,0,199,1,6,0,205,California
Alpine,2021-01-25,16,227,0,14,16,213,0,0,16,215,0,6,16,221,California
Alpine,2021-01-27,1,228,1,15,0,213,0,0,0,214,1,7,0,221,California
Alpine,2021-01-28,1,229,0,15,1,214,0,0,0,213,1,8,0,221,California
Alpine,2021-01-29,1,230,0,15,1,215,0,0,1,214,0,8,1,222,California
Alpine,2021-02-01,25,255,0,15,25,240,0,0,7,203,18,26,7,229,California
Alpine,2021-02-03,34,289,0,15,34,274,0,0,10,189,24,50,10,239,California
Alpine,2021-02-04,8,297,0,15,8,282,0,0,3,187,5,55,3,242,California
Alpine,2021-02-05,31,328,0,15,31,313,0,0,12,180,19,74,12,254,California
Alpine,2021-02-07,1,329,1,16,0,313,0,0,1,181,0,74,1,255,California
Alpine,2021-02-08,32,361,0,16,32,345,0,0,4,157,28,102,4,259,California
Alpine,2021-02-10,34,395,0,16,34,379,0,0,0,123,34,136,0,259,California
Alpine,2021-02-11,6,401,0,16,6,385,0,0,3,123,3,139,3,262,California
Alpine,2021-02-12,1,402,0,16,1,386,0,0,0,122,1,140,0,262,California
Alpine,2021-02-17,23,425,0,16,23,409,0,0,3,105,20,160,3,265,California
Alpine,2021-02-18,2,427,0,16,2,411,0,0,1,105,1,161,1,266,California
Alpine,2021-02-19,34,461,1,17,33,444,0,0,2,75,32,193,2,268,California
Alpine,2021-02-22,27,488,0,17,27,471,0,0,8,64,19,212,8,276,California
Alpine,2021-02-24,1,489,1,18,0,471,0,0,1,65,0,212,1,277,California
Alpine,2021-02-25,6,495,1,19,5,476,0,0,6,71,0,212,6,283,California
Alpine,2021-02-26,30,525,1,20,29,505,0,0,29,99,1,213,29,312,California
Alpine,2021-02-27,1,526,0,20,1,506,0,0,1,100,0,213,1,313,California
Alpine,2021-03-01,36,562,0,20,36,542,0,0,26,116,10,223,26,339,California
Alpine,2021-03-03,30,592,1,21,29,571,0,0,18,122,12,235,18,357,California
Alpine,2021-03-04,11,603,1,22,10,581,0,0,11,133,0,235,11,368,California
Alpine,2021-03-05,30,633,0,22,30,611,0,0,22,147,8,243,22,390,California
Alpine,2021-03-08,31,664,0,22,31,642,0,0,29,174,2,245,29,419,California
Alpine,2021-03-10,73,737,0,22,73,715,0,0,73,247,0,245,73,492,California
Alpine,2021-03-11,35,772,0,22,35,750,0,0,31,274,4,249,31,523,California
Alpine,2021-03-12,19,791,0,22,19,769,0,0,17,289,2,251,17,540,California
Alpine,2021-03-15,21,812,1,23,20,789,0,0,20,308,1,252,20,560,California
Alpine,2021-03-17,23,835,0,23,22,811,1,1,19,324,4,256,20,580,California
Alpine,2021-03-18,38,873,3,26,35,846,0,1,35,356,3,259,35,615,California
Alpine,2021-03-19,2,875,1,27,1,847,0,1,1,356,1,260,1,616,California
Alpine,2021-03-22,24,899,0,27,24,871,0,1,15,362,9,269,15,631,California
Alpine,2021-03-24,19,918,0,27,19,890,0,1,8,359,11,280,8,639,California
Alpine,2021-03-25,35,953,1,28,33,923,1,2,28,381,7,287,29,668,California
Alpine,2021-03-27,1,954,0,28,1,924,0,2,0,380,1,288,0,668,California
Alpine,2021-03-28,1,955,1,29,0,924,0,2,1,381,0,288,1,669,California
Alpine,2021-03-29,19,974,0,29,18,942,1,3,2,367,17,305,3,672,California
Alpine,2021-04-01,18,992,0,29,18,960,0,3,8,365,10,315,8,680,California
Alpine,2021-04-02,101,1093,1,30,100,1060,0,3,46,357,54,369,46,726,California
Alpine,2021-04-05,4,1097,1,31,3,1063,0,3,0,353,4,373,0,726,California
Alpine,2021-04-06,3,1100,2,33,1,1064,0,3,2,354,1,374,2,728,California
Alpine,2021-04-07,117,1217,0,33,116,1180,1,4,30,299,86,460,31,759,California
Alpine,2021-04-08,37,1254,0,33,35,1215,2,6,10,284,27,487,12,771,California
Alpine,2021-04-09,1,1255,0,33,1,1216,0,6,1,285,0,487,1,772,California
Alpine,2021-04-14,47,1302,0,33,47,1263,0,6,10,258,37,524,10,782,California
Alpine,2021-04-15,35,1337,0,33,35,1298,0,6,3,229,32,556,3,785,California
Alpine,2021-04-16,1,1338,0,33,1,1299,0,6,1,230,0,556,1,786,California
Alpine,2021-04-19,1,1339,0,33,1,1300,0,6,1,231,0,556,1,787,California
Alpine,2021-04-21,31,1370,0,33,31,1331,0,6,15,230,16,572,15,802,California
Alpine,2021-04-22,24,1394,0,33,24,1355,0,6,1,208,23,595,1,803,California
Alpine,2021-04-24,2,1396,2,35,0,1355,0,6,0,207,2,597,1,804,California
Alpine,2021-04-25,1,1397,1,36,0,1355,0,6,0,206,1,598,0,804,California
Alpine,2021-04-27,2,1399,1,37,1,1356,0,6,1,206,1,599,1,805,California
Alpine,2021-04-28,36,1435,0,37,36,1392,0,6,6,182,30,629,6,811,California
Alpine,2021-04-29,7,1442,1,38,6,1398,0,6,1,177,6,635,1,812,California
Alpine,2021-04-30,2,1444,1,39,0,1398,1,7,1,178,1,636,2,814,California
Alpine,2021-05-02,1,1445,0,39,0,1398,1,8,0,178,1,637,1,815,California
Alpine,2021-05-05,17,1462,0,39,17,1415,0,8,4,169,13,650,4,819,California
Alpine,2021-05-06,7,1469,0,39,7,1422,0,8,0,162,7,657,0,819,California
Alpine,2021-05-07,1,1470,0,39,1,1423,0,8,0,161,1,658,0,819,California
Alpine,2021-05-10,1,1471,0,39,1,1424,0,8,1,162,0,658,1,820,California
Alpine,2021-05-12,1,1472,0,39,0,1424,1,9,0,162,1,659,1,821,California
Alpine,2021-05-13,3,1475,0,39,3,1427,0,9,0,159,3,662,0,821,California
Alpine,2021-05-17,2,1477,0,39,2,1429,0,9,1,159,1,663,1,822,California
Alpine,2021-05-18,1,1478,0,39,1,1430,0,9,1,160,0,663,1,823,California
Alpine,2021-05-19,8,1486,0,39,8,1438,0,9,0,152,8,671,0,823,California
Amador,2020-12-16,2,2,2,2,0,0,0,0,2,2,0,0,2,2,California
Amador,2020-12-17,5,7,5,7,0,0,0,0,5,7,0,0,5,7,California
Amador,2020-12-18,45,52,45,52,0,0,0,0,45,52,0,0,45,52,California
Amador,2020-12-19,17,69,17,69,0,0,0,0,17,69,0,0,17,69,California
Amador,2020-12-20,4,73,4,73,0,0,0,0,4,73,0,0,4,73,California
Amador,2020-12-21,31,104,31,104,0,0,0,0,31,104,0,0,31,104,California
Amador,2020-12-22,35,139,34,138,1,1,0,0,35,139,0,0,35,139,California
Amador,2020-12-23,39,178,38,176,1,2,0,0,39,178,0,0,39,178,California
Amador,2020-12-24,5,183,3,179,2,4,0,0,5,183,0,0,5,183,California
Amador,2020-12-26,5,188,4,183,1,5,0,0,5,188,0,0,5,188,California
Amador,2020-12-27,1,189,0,183,1,6,0,0,1,189,0,0,1,189,California
Amador,2020-12-28,31,220,27,210,4,10,0,0,31,220,0,0,31,220,California
Amador,2020-12-29,26,246,19,229,7,17,0,0,26,246,0,0,26,246,California
Amador,2020-12-30,124,370,78,307,46,63,0,0,124,370,0,0,124,370,California
Amador,2020-12-31,192,562,167,474,25,88,0,0,192,562,0,0,192,562,California
Amador,2021-01-01,2,564,0,474,2,90,0,0,2,564,0,0,2,564,California
Amador,2021-01-02,56,620,56,530,0,90,0,0,56,620,0,0,56,620,California
Amador,2021-01-03,65,685,17,547,48,138,0,0,65,685,0,0,65,685,California
Amador,2021-01-04,124,809,1,548,123,261,0,0,124,809,0,0,124,809,California
Amador,2021-01-05,33,842,3,551,30,291,0,0,31,839,2,2,32,841,California
Amador,2021-01-06,40,882,10,561,30,321,0,0,36,871,4,6,36,877,California
Amador,2021-01-07,230,1112,69,630,161,482,0,0,218,1077,12,18,218,1095,California
Amador,2021-01-08,85,1197,70,700,15,497,0,0,41,1075,44,62,42,1137,California
Amador,2021-01-09,11,1208,11,711,0,497,0,0,2,1068,9,71,2,1139,California
Amador,2021-01-10,6,1214,4,715,2,499,0,0,2,1066,4,75,2,1141,California
Amador,2021-01-11,124,1338,44,759,80,579,0,0,87,1117,37,112,88,1229,California
Amador,2021-01-12,64,1402,49,808,15,594,0,0,40,1133,24,136,40,1269,California
Amador,2021-01-13,39,1441,23,831,16,610,0,0,27,1148,12,148,27,1296,California
Amador,2021-01-14,148,1589,20,851,128,738,0,0,138,1277,10,158,139,1435,California
Amador,2021-01-15,60,1649,25,876,35,773,0,0,52,1321,8,166,52,1487,California
Amador,2021-01-16,19,1668,12,888,7,780,0,0,13,1329,6,172,14,1501,California
Amador,2021-01-17,26,1694,6,894,20,800,0,0,26,1355,0,172,26,1527,California
Amador,2021-01-18,32,1726,28,922,4,804,0,0,10,1343,22,194,10,1537,California
Amador,2021-01-19,124,1850,99,1021,25,829,0,0,80,1379,44,238,80,1617,California
Amador,2021-01-20,184,2034,34,1055,150,979,0,0,168,1532,15,253,168,1785,California
Amador,2021-01-21,259,2293,228,1283,31,1010,0,0,148,1570,111,364,149,1934,California
Amador,2021-01-22,136,2429,73,1356,63,1073,0,0,129,1692,7,371,129,2063,California
Amador,2021-01-23,52,2481,32,1388,20,1093,0,0,50,1740,2,373,50,2113,California
Amador,2021-01-24,28,2509,12,1400,16,1109,0,0,25,1762,3,376,25,2138,California
Amador,2021-01-25,59,2568,28,1428,31,1140,0,0,42,1787,17,393,42,2180,California
Amador,2021-01-26,245,2813,17,1445,228,1368,0,0,235,2012,10,403,235,2415,California
Amador,2021-01-27,301,3114,32,1477,269,1637,0,0,254,2222,45,448,255,2670,California
Amador,2021-01-28,368,3482,97,1574,271,1908,0,0,287,2429,81,529,288,2958,California
Amador,2021-01-29,97,3579,31,1605,66,1974,0,0,82,2496,15,544,82,3040,California
Amador,2021-01-30,169,3748,36,1641,133,2107,0,0,164,2655,5,549,164,3204,California
Amador,2021-01-31,32,3780,28,1669,4,2111,0,0,31,2685,1,550,31,3235,California
Amador,2021-02-01,63,3843,23,1692,40,2151,0,0,36,2694,27,577,36,3271,California
Amador,2021-02-02,212,4055,63,1755,149,2300,0,0,126,2737,83,660,126,3397,California
Amador,2021-02-03,141,4196,38,1793,103,2403,0,0,90,2777,50,710,90,3487,California
Amador,2021-02-04,251,4447,74,1867,177,2580,0,0,164,2856,87,797,166,3653,California
Amador,2021-02-05,331,4778,63,1930,268,2848,0,0,315,3155,16,813,315,3968,California
Amador,2021-02-06,100,4878,81,2011,19,2867,0,0,96,3247,4,817,96,4064,California
Amador,2021-02-07,39,4917,35,2046,4,2871,0,0,35,3279,4,821,36,4100,California
Amador,2021-02-08,90,5007,62,2108,28,2899,0,0,73,3335,17,838,73,4173,California
Amador,2021-02-09,175,5182,83,2191,92,2991,0,0,110,3380,65,903,110,4283,California
Amador,2021-02-10,980,6162,80,2271,900,3891,0,0,946,4292,34,937,946,5229,California
Amador,2021-02-11,308,6470,119,2390,189,4080,0,0,198,4382,108,1045,198,5427,California
Amador,2021-02-12,330,6800,121,2511,209,4289,0,0,257,4566,73,1118,257,5684,California
Amador,2021-02-13,167,6967,82,2593,85,4374,0,0,141,4681,26,1144,141,5825,California
Amador,2021-02-14,123,7090,54,2647,69,4443,0,0,106,4770,17,1161,106,5931,California
Amador,2021-02-15,187,7277,61,2708,126,4569,0,0,170,4924,16,1177,170,6101,California
Amador,2021-02-16,464,7741,53,2761,411,4980,0,0,425,5311,39,1216,426,6527,California
Amador,2021-02-17,263,8004,84,2845,179,5159,0,0,166,5380,97,1313,166,6693,California
Amador,2021-02-18,398,8402,99,2944,299,5458,0,0,333,5649,65,1378,334,7027,California
Amador,2021-02-19,195,8597,77,3021,118,5576,0,0,111,5676,84,1462,111,7138,California
Amador,2021-02-20,95,8692,33,3054,62,5638,0,0,67,5715,28,1490,67,7205,California
Amador,2021-02-21,45,8737,34,3088,11,5649,0,0,14,5698,31,1521,14,7219,California
Amador,2021-02-22,65,8802,26,3114,39,5688,0,0,32,5698,32,1553,32,7251,California
Amador,2021-02-23,320,9122,54,3168,266,5954,0,0,140,5659,180,1733,141,7392,California
Amador,2021-02-24,394,9516,57,3225,337,6291,0,0,262,5793,128,1861,262,7654,California
Amador,2021-02-25,522,10038,117,3342,405,6696,0,0,278,5828,243,2104,278,7932,California
Amador,2021-02-26,613,10651,75,3417,538,7234,0,0,505,6226,108,2212,506,8438,California
Amador,2021-02-27,293,10944,93,3510,200,7434,0,0,102,6140,190,2402,104,8542,California
Amador,2021-02-28,103,11047,53,3563,50,7484,0,0,57,6153,46,2448,59,8601,California
Amador,2021-03-01,188,11235,66,3629,122,7606,0,0,119,6204,69,2517,120,8721,California
Amador,2021-03-02,381,11616,64,3693,317,7923,0,0,331,6486,50,2567,332,9053,California
Amador,2021-03-03,243,11859,79,3772,164,8087,0,0,167,6579,75,2642,168,9221,California
Amador,2021-03-04,497,12356,116,3888,381,8468,0,0,394,6871,102,2744,394,9615,California
Amador,2021-03-05,513,12869,77,3965,436,8904,0,0,294,6949,218,2962,296,9911,California
Amador,2021-03-06,99,12968,46,4011,52,8956,1,1,54,6959,45,3007,55,9966,California
Amador,2021-03-07,64,13032,43,4054,21,8977,0,1,21,6937,43,3050,21,9987,California
Amador,2021-03-08,152,13184,71,4125,80,9057,1,2,91,6968,61,3111,92,10079,California
Amador,2021-03-09,372,13556,50,4175,322,9379,0,2,293,7185,76,3187,293,10372,California
Amador,2021-03-10,512,14068,77,4252,433,9812,2,4,111,6898,401,3588,114,10486,California
Amador,2021-03-11,474,14542,118,4370,345,10157,11,15,299,7037,174,3762,313,10799,California
Amador,2021-03-12,570,15112,66,4436,496,10653,8,23,338,7157,231,3993,351,11150,California
Amador,2021-03-13,114,15226,18,4454,89,10742,7,30,74,7202,40,4033,85,11235,California
Amador,2021-03-14,89,15315,19,4473,67,10809,3,33,21,7158,68,4101,24,11259,California
Amador,2021-03-15,179,15494,26,4499,146,10955,7,40,55,7098,124,4225,64,11323,California
Amador,2021-03-16,450,15944,54,4553,386,11341,10,50,138,6936,310,4535,148,11471,California
Amador,2021-03-17,192,16136,42,4595,147,11488,3,53,116,6980,76,4611,120,11591,California
Amador,2021-03-18,477,16613,100,4695,373,11861,4,57,251,7013,226,4837,259,11850,California
Amador,2021-03-19,541,17154,56,4751,468,12329,17,74,391,7276,148,4985,411,12261,California
Amador,2021-03-20,110,17264,45,4796,64,12393,1,75,46,7262,63,5048,49,12310,California
Amador,2021-03-21,48,17312,36,4832,11,12404,1,76,31,7280,16,5064,34,12344,California
Amador,2021-03-22,115,17427,33,4865,53,12457,29,105,51,7296,64,5128,80,12424,California
Amador,2021-03-23,435,17862,47,4912,380,12837,8,113,275,7421,159,5287,284,12708,California
Amador,2021-03-24,342,18204,35,4947,54,12891,253,366,34,7401,307,5594,287,12995,California
Amador,2021-03-25,607,18811,85,5032,516,13407,6,372,395,7591,211,5805,401,13396,California
Amador,2021-03-26,743,19554,44,5076,693,14100,6,378,280,7419,461,6266,289,13685,California
Amador,2021-03-27,91,19645,15,5091,74,14174,2,380,27,7386,64,6330,31,13716,California
Amador,2021-03-28,69,19714,16,5107,51,14225,2,382,12,7345,56,6386,15,13731,California
Amador,2021-03-29,181,19895,26,5133,154,14379,1,383,82,7336,97,6483,88,13819,California
Amador,2021-03-30,535,20430,28,5161,506,14885,1,384,294,7391,240,6723,295,14114,California
Amador,2021-03-31,199,20629,57,5218,137,15022,5,389,43,7284,155,6878,48,14162,California
Amador,2021-04-01,615,21244,87,5305,528,15550,0,389,263,7200,349,7227,265,14427,California
Amador,2021-04-02,607,21851,38,5343,557,16107,12,401,382,7371,224,7451,395,14822,California
Amador,2021-04-03,84,21935,21,5364,43,16150,20,421,21,7351,63,7514,43,14865,California
Amador,2021-04-04,38,21973,3,5367,29,16179,6,427,15,7349,23,7537,21,14886,California
Amador,2021-04-05,144,22117,52,5419,75,16254,17,444,49,7323,94,7631,68,14954,California
Amador,2021-04-06,503,22620,38,5457,446,16700,19,463,223,7287,278,7909,242,15196,California
Amador,2021-04-07,99,22719,34,5491,46,16746,19,482,43,7295,54,7963,62,15258,California
Amador,2021-04-08,494,23213,84,5575,389,17135,21,503,221,7265,272,8235,242,15500,California
Amador,2021-04-09,481,23694,20,5595,442,17577,19,522,211,7224,269,8504,228,15728,California
Amador,2021-04-10,50,23744,14,5609,27,17604,9,531,22,7227,28,8532,31,15759,California
Amador,2021-04-11,50,23794,25,5634,21,17625,4,535,23,7228,26,8558,27,15786,California
Amador,2021-04-12,97,23891,25,5659,62,17687,10,545,41,7223,56,8614,51,15837,California
Amador,2021-04-13,344,24235,50,5709,294,17981,0,545,68,7016,275,8889,68,15905,California
Amador,2021-04-14,278,24513,26,5735,252,18233,0,545,177,7093,100,8989,177,16082,California
Amador,2021-04-15,330,24843,73,5808,257,18490,0,545,72,6912,253,9242,72,16154,California
Amador,2021-04-16,482,25325,29,5837,453,18943,0,545,385,7201,96,9338,385,16539,California
Amador,2021-04-17,60,25385,34,5871,26,18969,0,545,26,7193,34,9372,26,16565,California
Amador,2021-04-18,26,25411,6,5877,20,18989,0,545,11,7190,14,9386,11,16576,California
Amador,2021-04-19,69,25480,27,5904,42,19031,0,545,31,7186,37,9423,33,16609,California
Amador,2021-04-20,436,25916,54,5958,382,19413,0,545,111,6981,318,9741,113,16722,California
Amador,2021-04-21,85,26001,33,5991,52,19465,0,545,43,6983,41,9782,43,16765,California
Amador,2021-04-22,496,26497,78,6069,417,19882,1,546,104,6703,385,10167,105,16870,California
Amador,2021-04-23,358,26855,46,6115,312,20194,0,546,286,6920,71,10238,288,17158,California
Amador,2021-04-24,47,26902,23,6138,24,20218,0,546,26,6926,20,10258,26,17184,California
Amador,2021-04-25,41,26943,19,6157,22,20240,0,546,29,6943,12,10270,29,17213,California
Amador,2021-04-26,86,27029,26,6183,59,20299,1,547,40,6939,45,10315,41,17254,California
Amador,2021-04-27,488,27517,37,6220,451,20750,0,547,86,6626,400,10715,87,17341,California
Amador,2021-04-28,67,27584,29,6249,34,20784,4,551,39,6641,28,10743,43,17384,California
Amador,2021-04-29,222,27806,69,6318,44,20828,109,660,64,6655,158,10901,172,17556,California
Amador,2021-04-30,338,28144,26,6344,308,21136,4,664,95,6511,243,11144,99,17655,California
Amador,2021-05-01,42,28186,16,6360,22,21158,4,668,22,6519,18,11162,26,17681,California
Amador,2021-05-02,26,28212,14,6374,9,21167,3,671,9,6515,17,11179,13,17694,California
Amador,2021-05-03,67,28279,33,6407,24,21191,10,681,27,6512,40,11219,37,17731,California
Amador,2021-05-04,465,28744,26,6433,432,21623,7,688,68,6190,397,11616,75,17806,California
Amador,2021-05-05,202,28946,153,6586,40,21663,9,697,163,6323,39,11655,172,17978,California
Amador,2021-05-06,108,29054,54,6640,49,21712,5,702,63,6348,43,11698,68,18046,California
Amador,2021-05-07,127,29181,30,6670,90,21802,7,709,68,6364,59,11757,75,18121,California
Amador,2021-05-08,41,29222,8,6678,30,21832,3,712,20,6366,21,11778,23,18144,California
Amador,2021-05-09,15,29237,0,6678,9,21841,6,718,4,6365,11,11789,10,18154,California
Amador,2021-05-10,62,29299,15,6693,44,21885,3,721,26,6358,36,11825,29,18183,California
Amador,2021-05-11,101,29400,33,6726,42,21927,26,747,45,6373,56,11881,71,18254,California
Amador,2021-05-12,62,29462,20,6746,41,21968,1,748,28,6368,34,11915,29,18283,California
Amador,2021-05-13,72,29534,40,6786,28,21996,4,752,36,6373,35,11950,40,18323,California
Amador,2021-05-14,388,29922,32,6818,352,22348,4,756,83,6155,305,12255,87,18410,California
Amador,2021-05-15,51,29973,20,6838,21,22369,10,766,25,6164,26,12281,35,18445,California
Amador,2021-05-16,37,30010,15,6853,22,22391,0,766,17,6161,20,12301,17,18462,California
Amador,2021-05-17,70,30080,17,6870,51,22442,2,768,33,6160,36,12337,35,18497,California
Amador,2021-05-18,227,30307,161,7031,34,22476,32,800,157,6279,70,12407,189,18686,California
Amador,2021-05-19,37,30344,12,7043,24,22500,1,801,13,6270,22,12429,13,18699,California
Butte,2020-12-16,3,3,3,3,0,0,0,0,3,3,0,0,3,3,California
Butte,2020-12-17,21,24,21,24,0,0,0,0,21,24,0,0,21,24,California
Butte,2020-12-18,50,74,50,74,0,0,0,0,50,74,0,0,50,74,California
Butte,2020-12-19,7,81,7,81,0,0,0,0,7,81,0,0,7,81,California
Butte,2020-12-20,10,91,10,91,0,0,0,0,10,91,0,0,10,91,California
Butte,2020-12-21,634,725,634,725,0,0,0,0,634,725,0,0,634,725,California
Butte,2020-12-22,618,1343,616,1341,2,2,0,0,618,1343,0,0,618,1343,California
Butte,2020-12-23,870,2213,854,2195,16,18,0,0,870,2213,0,0,870,2213,California
Butte,2020-12-24,159,2372,155,2350,4,22,0,0,159,2372,0,0,159,2372,California
Butte,2020-12-26,93,2465,91,2441,2,24,0,0,93,2465,0,0,93,2465,California
Butte,2020-12-27,35,2500,34,2475,1,25,0,0,35,2500,0,0,35,2500,California
Butte,2020-12-28,279,2779,273,2748,6,31,0,0,279,2779,0,0,279,2779,California
Butte,2020-12-29,203,2982,179,2927,24,55,0,0,203,2982,0,0,203,2982,California
Butte,2020-12-30,513,3495,291,3218,222,277,0,0,513,3495,0,0,513,3495,California
Butte,2020-12-31,211,3706,18,3236,193,470,0,0,211,3706,0,0,211,3706,California
Butte,2021-01-01,8,3714,1,3237,7,477,0,0,8,3714,0,0,8,3714,California
Butte,2021-01-02,41,3755,38,3275,3,480,0,0,41,3755,0,0,41,3755,California
Butte,2021-01-03,4,3759,1,3276,3,483,0,0,4,3759,0,0,4,3759,California
Butte,2021-01-04,208,3967,175,3451,33,516,0,0,208,3967,0,0,208,3967,California
Butte,2021-01-05,197,4164,152,3603,45,561,0,0,196,4162,1,1,196,4163,California
Butte,2021-01-06,624,4788,397,4000,227,788,0,0,619,4777,5,6,620,4783,California
Butte,2021-01-07,761,5549,369,4369,392,1180,0,0,741,5498,20,26,741,5524,California
Butte,2021-01-08,668,6217,529,4898,139,1319,0,0,622,6074,46,72,622,6146,California
Butte,2021-01-09,12,6229,7,4905,5,1324,0,0,7,6076,5,77,7,6153,California
Butte,2021-01-10,19,6248,5,4910,14,1338,0,0,14,6085,5,82,14,6167,California
Butte,2021-01-11,985,7233,949,5859,36,1374,0,0,357,5817,628,710,360,6527,California
Butte,2021-01-12,698,7931,653,6512,45,1419,0,0,274,5667,424,1134,274,6801,California
Butte,2021-01-13,1451,9382,957,7469,494,1913,0,0,616,5450,835,1969,618,7419,California
Butte,2021-01-14,1635,11017,894,8363,741,2654,0,0,1439,6694,195,2164,1439,8858,California
Butte,2021-01-15,1168,12185,926,9289,242,2896,0,0,1059,7643,110,2274,1059,9917,California
Butte,2021-01-16,586,12771,300,9589,286,3182,0,0,541,8139,45,2319,541,10458,California
Butte,2021-01-17,239,13010,64,9653,175,3357,0,0,202,8304,37,2356,202,10660,California
Butte,2021-01-18,344,13354,302,9955,42,3399,0,0,276,8513,67,2423,276,10936,California
Butte,2021-01-19,497,13851,433,10388,64,3463,0,0,224,8464,273,2696,224,11160,California
Butte,2021-01-20,1370,15221,689,11077,681,4144,0,0,1067,9228,303,2999,1067,12227,California
Butte,2021-01-21,1474,16695,866,11943,608,4752,0,0,1366,10487,107,3106,1366,13593,California
Butte,2021-01-22,1136,17831,477,12420,659,5411,0,0,1083,11517,53,3159,1083,14676,California
Butte,2021-01-23,129,17960,87,12507,42,5453,0,0,103,11594,26,3185,103,14779,California
Butte,2021-01-24,9,17969,7,12514,2,5455,0,0,9,11603,0,3185,9,14788,California
Butte,2021-01-25,655,18624,335,12849,320,5775,0,0,492,11932,163,3348,492,15280,California
Butte,2021-01-26,1468,20092,377,13226,1091,6866,0,0,1331,13126,137,3485,1331,16611,California
Butte,2021-01-27,2095,22187,706,13932,1389,8255,0,0,1365,13762,729,4214,1365,17976,California
Butte,2021-01-28,2261,24448,260,14192,2001,10256,0,0,1951,15404,309,4523,1951,19927,California
Butte,2021-01-29,1686,26134,487,14679,1199,11455,0,0,1307,16333,378,4901,1307,21234,California
Butte,2021-01-30,32,26166,9,14688,23,11478,0,0,29,16359,3,4904,29,21263,California
Butte,2021-01-31,16,26182,14,14702,2,11480,0,0,15,16373,1,4905,15,21278,California
Butte,2021-02-01,1750,27932,406,15108,1344,12824,0,0,1362,17349,386,5291,1362,22640,California
Butte,2021-02-02,1931,29863,363,15471,1568,14392,0,0,1628,18673,304,5595,1628,24268,California
Butte,2021-02-03,2739,32602,775,16246,1964,16356,0,0,1848,19632,889,6484,1848,26116,California
Butte,2021-02-04,2961,35563,327,16573,2634,18990,0,0,2404,21481,555,7039,2404,28520,California
Butte,2021-02-05,1271,36834,668,17241,603,19593,0,0,550,21311,721,7760,551,29071,California
Butte,2021-02-06,144,36978,103,17344,41,19634,0,0,62,21291,82,7842,62,29133,California
Butte,2021-02-07,37,37015,33,17377,4,19638,0,0,13,21280,24,7866,13,29146,California
Butte,2021-02-08,693,37708,544,17921,149,19787,0,0,239,21065,454,8320,239,29385,California
Butte,2021-02-09,953,38661,459,18380,494,20281,0,0,723,21558,230,8550,723,30108,California
Butte,2021-02-10,1706,40367,1190,19570,516,20797,0,0,675,21204,1029,9579,675,30783,California
Butte,2021-02-11,2203,42570,1349,20919,854,21651,0,0,1007,21015,1196,10775,1007,31790,California
Butte,2021-02-12,1001,43571,433,21352,568,22219,0,0,330,20675,670,11445,330,32120,California
Butte,2021-02-13,252,43823,44,21396,208,22427,0,0,150,20723,102,11547,150,32270,California
Butte,2021-02-14,161,43984,9,21405,152,22579,0,0,156,20874,5,11552,156,32426,California
Butte,2021-02-15,263,44247,47,21452,216,22795,0,0,198,21007,65,11617,198,32624,California
Butte,2021-02-16,733,44980,433,21885,300,23095,0,0,275,20823,459,12076,275,32899,California
Butte,2021-02-17,1516,46496,849,22734,667,23762,0,0,842,20993,672,12748,842,33741,California
Butte,2021-02-18,1557,48053,763,23497,794,24556,0,0,747,20930,810,13558,747,34488,California
Butte,2021-02-19,1166,49219,387,23884,779,25335,0,0,401,20573,758,14316,401,34889,California
Butte,2021-02-20,478,49697,32,23916,446,25781,0,0,125,20346,352,14668,125,35014,California
Butte,2021-02-21,18,49715,16,23932,2,25783,0,0,13,20354,5,14673,13,35027,California
Butte,2021-02-22,1501,51216,298,24230,1203,26986,0,0,379,19614,1119,15792,379,35406,California
Butte,2021-02-23,1634,52850,297,24527,1337,28323,0,0,462,18909,1167,16959,462,35868,California
Butte,2021-02-24,2135,54985,596,25123,1539,29862,0,0,726,18234,1401,18360,726,36594,California
Butte,2021-02-25,2078,57063,580,25703,1498,31360,0,0,656,17474,1417,19777,657,37251,California
Butte,2021-02-26,921,57984,311,26014,610,31970,0,0,396,17348,522,20299,396,37647,California
Butte,2021-02-27,236,58220,48,26062,188,32158,0,0,186,17486,48,20347,186,37833,California
Butte,2021-02-28,140,58360,16,26078,124,32282,0,0,132,17610,8,20355,132,37965,California
Butte,2021-03-01,1631,59991,178,26256,1452,33734,1,1,329,16641,1299,21654,330,38295,California
Butte,2021-03-02,1747,61738,198,26454,1549,35283,0,1,313,15524,1430,23084,313,38608,California
Butte,2021-03-03,2786,64524,850,27304,1936,37219,0,1,481,13702,2303,25387,481,39089,California
Butte,2021-03-04,3150,67674,682,27986,2468,39687,0,1,627,11807,2522,27909,627,39716,California
Butte,2021-03-05,1351,69025,616,28602,734,40421,1,2,738,11936,610,28519,739,40455,California
Butte,2021-03-06,247,69272,27,28629,197,40618,23,25,186,12085,60,28579,209,40664,California
Butte,2021-03-07,55,69327,3,28632,35,40653,17,42,30,12107,25,28604,47,40711,California
Butte,2021-03-08,1267,70594,129,28761,1061,41714,77,119,1102,13124,162,28766,1179,41890,California
Butte,2021-03-09,1904,72498,284,29045,1517,43231,103,222,1414,14154,487,29253,1517,43407,California
Butte,2021-03-10,2321,74819,966,30011,1254,44485,101,323,1579,15096,737,29990,1679,45086,California
Butte,2021-03-11,2809,77628,1317,31328,1366,45851,126,449,1982,16388,816,30806,2108,47194,California
Butte,2021-03-12,1146,78774,329,31657,468,46319,349,798,357,16311,783,31589,706,47900,California
Butte,2021-03-13,256,79030,69,31726,138,46457,49,847,64,16231,192,31781,112,48012,California
Butte,2021-03-14,161,79191,15,31741,104,46561,42,889,20,16153,140,31921,62,48074,California
Butte,2021-03-15,1723,80914,360,32101,1069,47630,294,1183,1127,16985,589,32510,1421,49495,California
Butte,2021-03-16,1632,82546,417,32518,1137,48767,78,1261,1092,17617,537,33047,1169,50664,California
Butte,2021-03-17,1954,84500,1358,33876,515,49282,81,1342,1136,18023,810,33857,1216,51880,California
Butte,2021-03-18,1806,86306,1464,35340,213,49495,129,1471,1062,18475,738,34595,1190,53070,California
Butte,2021-03-19,700,87006,314,35654,302,49797,84,1555,346,18561,344,34939,430,53500,California
Butte,2021-03-20,205,87211,32,35686,157,49954,16,1571,93,18558,112,35051,109,53609,California
Butte,2021-03-21,58,87269,27,35713,2,49956,29,1600,15,18559,43,35094,44,53653,California
Butte,2021-03-22,1463,88732,353,36066,1016,50972,94,1694,1198,19588,263,35357,1292,54945,California
Butte,2021-03-23,1805,90537,493,36559,1198,52170,114,1808,1455,20810,347,35704,1569,56514,California
Butte,2021-03-24,2253,92790,1270,37829,857,53027,126,1934,1704,22094,545,36249,1829,58343,California
Butte,2021-03-25,1485,94275,1202,39031,191,53218,92,2026,1019,22743,462,36711,1111,59454,California
Butte,2021-03-26,1211,95486,441,39472,524,53742,246,2272,564,22914,639,37350,810,60264,California
Butte,2021-03-27,300,95786,84,39556,192,53934,24,2296,134,22907,163,37513,156,60420,California
Butte,2021-03-28,227,96013,44,39600,175,54109,8,2304,102,22894,122,37635,109,60529,California
Butte,2021-03-29,1720,97733,381,39981,1269,55378,70,2374,1305,23859,410,38045,1375,61904,California
Butte,2021-03-30,1041,98774,471,40452,480,55858,90,2464,494,23902,541,38586,584,62488,California
Butte,2021-03-31,1779,100553,1305,41757,407,56265,67,2531,1089,24374,684,39270,1156,63644,California
Butte,2021-04-01,3291,103844,2670,44427,494,56759,127,2658,2221,25659,1064,40334,2349,65993,California
Butte,2021-04-02,1003,104847,421,44848,462,57221,120,2778,564,25910,431,40765,682,66675,California
Butte,2021-04-03,347,105194,47,44895,225,57446,75,2853,164,25966,183,40948,239,66914,California
Butte,2021-04-04,187,105381,23,44918,141,57587,23,2876,108,26021,77,41025,132,67046,California
Butte,2021-04-05,1955,107336,421,45339,1363,58950,171,3047,592,25428,1354,42379,761,67807,California
Butte,2021-04-06,2194,109530,619,45958,1155,60105,420,3467,795,25248,1393,43772,1213,69020,California
Butte,2021-04-07,3015,112545,1312,47270,1311,61416,392,3859,699,24035,2310,46082,1097,70117,California
Butte,2021-04-08,2720,115265,1189,48459,1266,62682,265,4124,438,22459,2279,48361,703,70820,California
Butte,2021-04-09,1365,116630,349,48808,536,63218,480,4604,324,22220,1038,49399,799,71619,California
Butte,2021-04-10,220,116850,48,48856,75,63293,97,4701,96,22289,123,49522,192,71811,California
Butte,2021-04-11,107,116957,45,48901,52,63345,10,4711,83,22360,22,49544,93,71904,California
Butte,2021-04-12,1407,118364,314,49215,960,64305,133,4844,252,21590,1155,50699,385,72289,California
Butte,2021-04-13,1641,120005,571,49786,1064,65369,6,4850,350,20662,1284,51983,356,72645,California
Butte,2021-04-14,2827,122832,2337,52123,490,65859,0,4850,1311,20463,1511,53494,1312,73957,California
Butte,2021-04-15,640,123472,395,52518,245,66104,0,4850,483,20792,154,53648,483,74440,California
Butte,2021-04-16,809,124281,415,52933,394,66498,0,4850,474,20934,332,53980,474,74914,California
Butte,2021-04-17,341,124622,62,52995,279,66777,0,4850,239,21073,100,54080,239,75153,California
Butte,2021-04-18,41,124663,11,53006,30,66807,0,4850,37,21106,4,54084,37,75190,California
Butte,2021-04-19,1559,126222,380,53386,1179,67986,0,4850,447,20444,1109,55193,447,75637,California
Butte,2021-04-20,1968,128190,714,54100,1254,69240,0,4850,774,20031,1187,56380,774,76411,California
Butte,2021-04-21,2050,130240,1166,55266,884,70124,0,4850,481,18949,1563,57943,481,76892,California
Butte,2021-04-22,2213,132453,1935,57201,278,70402,0,4850,634,18009,1574,59517,634,77526,California
Butte,2021-04-23,946,133399,446,57647,500,70902,0,4850,489,18043,455,59972,489,78015,California
Butte,2021-04-24,345,133744,138,57785,207,71109,0,4850,191,18080,154,60126,191,78206,California
Butte,2021-04-25,172,133916,67,57852,105,71214,0,4850,63,18034,109,60235,63,78269,California
Butte,2021-04-26,1485,135401,426,58278,1054,72268,5,4855,417,17391,1065,61300,422,78691,California
Butte,2021-04-27,934,136335,638,58916,269,72537,27,4882,562,17612,368,61668,589,79280,California
Butte,2021-04-28,1393,137728,938,59854,431,72968,24,4906,506,17256,886,62554,530,79810,California
Butte,2021-04-29,880,138608,541,60395,314,73282,25,4931,296,16998,579,63133,321,80131,California
Butte,2021-04-30,893,139501,387,60782,485,73767,21,4952,452,17035,435,63568,472,80603,California
Butte,2021-05-01,239,139740,64,60846,156,73923,19,4971,72,16960,166,63734,91,80694,California
Butte,2021-05-02,147,139887,61,60907,73,73996,13,4984,42,16910,105,63839,55,80749,California
Butte,2021-05-03,606,140493,250,61157,325,74321,31,5015,157,16659,439,64278,188,80937,California
Butte,2021-05-04,815,141308,314,61471,469,74790,32,5047,211,16303,598,64876,242,81179,California
Butte,2021-05-05,1340,142648,1091,62562,213,75003,36,5083,276,15556,1059,65935,312,81491,California
Butte,2021-05-06,927,143575,671,63233,219,75222,37,5120,366,15402,557,66492,403,81894,California
Butte,2021-05-07,563,144138,291,63524,235,75457,37,5157,288,15455,272,66764,325,82219,California
Butte,2021-05-08,169,144307,36,63560,124,75581,9,5166,90,15476,78,66842,99,82318,California
Butte,2021-05-09,94,144401,20,63580,71,75652,3,5169,50,15485,44,66886,53,82371,California
Butte,2021-05-10,520,144921,307,63887,170,75822,43,5212,214,15439,303,67189,257,82628,California
Butte,2021-05-11,858,145779,639,64526,162,75984,57,5269,272,15185,583,67772,329,82957,California
Butte,2021-05-12,726,146505,471,64997,210,76194,45,5314,320,15148,402,68174,365,83322,California
Butte,2021-05-13,837,147342,557,65554,221,76415,59,5373,287,14953,539,68713,344,83666,California
Butte,2021-05-14,814,148156,510,66064,278,76693,26,5399,344,14855,468,69181,370,84036,California
Butte,2021-05-15,449,148605,208,66272,213,76906,28,5427,200,14835,248,69429,228,84264,California
Butte,2021-05-16,156,148761,76,66348,62,76968,18,5445,89,14876,66,69495,107,84371,California
Butte,2021-05-17,714,149475,460,66808,212,77180,42,5487,299,14806,410,69905,340,84711,California
Butte,2021-05-18,854,150329,576,67384,241,77421,37,5524,349,14692,500,70405,386,85097,California
Butte,2021-05-19,453,150782,335,67719,103,77524,15,5539,132,14521,318,70723,147,85244,California
Calaveras,2020-12-16,5,5,5,5,0,0,0,0,5,5,0,0,5,5,California
Calaveras,2020-12-17,3,8,3,8,0,0,0,0,3,8,0,0,3,8,California
Calaveras,2020-12-18,38,46,38,46,0,0,0,0,38,46,0,0,38,46,California
Calaveras,2020-12-19,3,49,3,49,0,0,0,0,3,49,0,0,3,49,California
Calaveras,2020-12-20,3,52,3,52,0,0,0,0,3,52,0,0,3,52,California
Calaveras,2020-12-21,55,107,48,100,7,7,0,0,55,107,0,0,55,107,California
Calaveras,2020-12-22,82,189,78,178,4,11,0,0,83,190,0,0,83,190,California
Calaveras,2020-12-23,76,265,74,252,2,13,0,0,76,266,0,0,76,266,California
Calaveras,2020-12-24,2,267,2,254,0,13,0,0,2,268,0,0,2,268,California
Calaveras,2020-12-26,3,270,3,257,0,13,0,0,3,271,0,0,3,271,California
Calaveras,2020-12-28,21,291,17,274,4,17,0,0,20,290,1,1,20,291,California
Calaveras,2020-12-29,167,458,147,421,20,37,0,0,167,457,0,1,167,458,California
Calaveras,2020-12-30,94,552,82,503,12,49,0,0,94,551,0,1,94,552,California
Calaveras,2020-12-31,37,589,26,529,11,60,0,0,37,588,0,1,37,589,California
Calaveras,2021-01-02,11,600,11,540,0,60,0,0,11,599,0,1,11,600,California
Calaveras,2021-01-03,10,610,4,544,6,66,0,0,10,609,0,1,10,610,California
Calaveras,2021-01-04,33,643,5,549,28,94,0,0,33,642,0,1,33,643,California
Calaveras,2021-01-05,40,683,9,558,31,125,0,0,31,669,9,10,36,679,California
Calaveras,2021-01-06,107,790,30,588,77,202,0,0,97,756,10,20,97,776,California
Calaveras,2021-01-07,105,895,26,614,79,281,0,0,92,838,11,31,93,869,California
Calaveras,2021-01-08,68,963,38,652,30,311,0,0,45,861,23,54,46,915,California
Calaveras,2021-01-09,5,968,5,657,0,311,0,0,2,860,3,57,2,917,California
Calaveras,2021-01-10,2,970,0,657,2,313,0,0,2,862,0,57,2,919,California
Calaveras,2021-01-11,65,1035,59,716,6,319,0,0,27,854,37,94,29,948,California
Calaveras,2021-01-12,85,1120,52,768,33,352,0,0,52,874,33,127,53,1001,California
Calaveras,2021-01-13,110,1230,45,813,65,417,0,0,76,917,34,161,77,1078,California
Calaveras,2021-01-14,139,1369,42,855,97,514,0,0,106,992,32,193,107,1185,California
Calaveras,2021-01-15,93,1462,29,884,64,578,0,0,73,1045,20,213,73,1258,California
Calaveras,2021-01-16,13,1475,2,886,11,589,0,0,12,1056,1,214,12,1270,California
Calaveras,2021-01-17,9,1484,1,887,8,597,0,0,9,1065,0,214,9,1279,California
Calaveras,2021-01-18,133,1617,20,907,113,710,0,0,119,1173,14,228,122,1401,California
Calaveras,2021-01-19,205,1822,175,1082,30,740,0,0,62,1094,142,370,63,1464,California
Calaveras,2021-01-20,378,2200,82,1164,296,1036,0,0,292,1311,85,455,302,1766,California
Calaveras,2021-01-21,463,2663,41,1205,422,1458,0,0,429,1717,34,489,440,2206,California
Calaveras,2021-01-22,401,3064,23,1228,378,1836,0,0,391,2105,10,499,398,2604,California
Calaveras,2021-01-23,22,3086,10,1238,12,1848,0,0,18,2119,4,503,18,2622,California
Calaveras,2021-01-24,14,3100,8,1246,6,1854,0,0,12,2129,2,505,12,2634,California
Calaveras,2021-01-25,86,3186,8,1254,78,1932,0,0,81,2205,5,510,81,2715,California
Calaveras,2021-01-26,47,3233,15,1269,32,1964,0,0,39,2236,8,518,39,2754,California
Calaveras,2021-01-27,135,3368,43,1312,92,2056,0,0,107,2316,27,545,107,2861,California
Calaveras,2021-01-28,165,3533,25,1337,140,2196,0,0,140,2435,25,570,144,3005,California
Calaveras,2021-01-29,390,3923,12,1349,378,2574,0,0,363,2782,27,597,374,3379,California
Calaveras,2021-01-30,27,3950,10,1359,17,2591,0,0,25,2807,0,597,25,3404,California
Calaveras,2021-01-31,6,3956,4,1363,2,2593,0,0,5,2811,1,598,5,3409,California
Calaveras,2021-02-01,25,3981,11,1374,14,2607,0,0,17,2820,8,606,17,3426,California
Calaveras,2021-02-02,109,4090,22,1396,87,2694,0,0,71,2859,33,639,72,3498,California
Calaveras,2021-02-03,433,4523,44,1440,389,3083,0,0,348,3125,84,723,350,3848,California
Calaveras,2021-02-04,381,4904,25,1465,356,3439,0,0,296,3339,85,808,299,4147,California
Calaveras,2021-02-05,78,4982,22,1487,56,3495,0,0,40,3342,38,846,41,4188,California
Calaveras,2021-02-06,21,5003,12,1499,9,3504,0,0,21,3363,0,846,21,4209,California
Calaveras,2021-02-07,4,5007,1,1500,3,3507,0,0,2,3363,2,848,2,4211,California
Calaveras,2021-02-08,39,5046,18,1518,21,3528,0,0,31,3388,6,854,31,4242,California
Calaveras,2021-02-09,193,5239,77,1595,116,3644,0,0,131,3466,54,908,132,4374,California
Calaveras,2021-02-10,514,5753,31,1626,483,4127,0,0,443,3842,71,979,447,4821,California
Calaveras,2021-02-11,583,6336,81,1707,502,4629,0,0,472,4210,108,1087,476,5297,California
Calaveras,2021-02-12,570,6906,325,2032,245,4874,0,0,493,4631,75,1162,496,5793,California
Calaveras,2021-02-13,201,7107,45,2077,156,5030,0,0,186,4802,15,1177,186,5979,California
Calaveras,2021-02-14,221,7328,71,2148,150,5180,0,0,206,4994,14,1191,206,6185,California
Calaveras,2021-02-15,383,7711,23,2171,360,5540,0,0,263,5140,117,1308,263,6448,California
Calaveras,2021-02-16,268,7979,144,2315,124,5664,0,0,230,5334,38,1346,232,6680,California
Calaveras,2021-02-17,511,8490,38,2353,473,6137,0,0,208,5251,294,1640,211,6891,California
Calaveras,2021-02-18,499,8989,91,2444,408,6545,0,0,97,4963,385,2025,97,6988,California
Calaveras,2021-02-19,440,9429,43,2487,397,6942,0,0,98,4728,333,2358,98,7086,California
Calaveras,2021-02-20,59,9488,15,2502,44,6986,0,0,48,4765,11,2369,48,7134,California
Calaveras,2021-02-21,24,9512,14,2516,10,6996,0,0,18,4778,5,2374,18,7152,California
Calaveras,2021-02-22,62,9574,38,2554,24,7020,0,0,33,4782,29,2403,33,7185,California
Calaveras,2021-02-23,127,9701,42,2596,85,7105,0,0,91,4838,36,2439,92,7277,California
Calaveras,2021-02-24,97,9798,48,2644,49,7154,0,0,67,4876,29,2468,67,7344,California
Calaveras,2021-02-25,550,10348,99,2743,451,7605,0,0,356,5046,189,2657,359,7703,California
Calaveras,2021-02-26,709,11057,48,2791,661,8266,0,0,370,5097,321,2978,372,8075,California
Calaveras,2021-02-27,204,11261,22,2813,182,8448,0,0,180,5253,24,3002,180,8255,California
Calaveras,2021-02-28,99,11360,16,2829,83,8531,0,0,93,5341,5,3007,93,8348,California
Calaveras,2021-03-01,229,11589,41,2870,188,8719,0,0,146,5408,80,3087,147,8495,California
Calaveras,2021-03-02,250,11839,97,2967,153,8872,0,0,204,5570,43,3130,205,8700,California
Calaveras,2021-03-03,513,12352,104,3071,409,9281,0,0,212,5487,295,3425,212,8912,California
Calaveras,2021-03-04,745,13097,69,3140,675,9956,1,1,354,5460,382,3807,355,9267,California
Calaveras,2021-03-05,456,13553,272,3412,180,10136,4,5,141,5295,310,4117,145,9412,California
Calaveras,2021-03-06,155,13708,42,3454,107,10243,6,11,115,5376,40,4157,121,9533,California
Calaveras,2021-03-07,75,13783,32,3486,36,10279,7,18,34,5376,41,4198,41,9574,California
Calaveras,2021-03-08,162,13945,27,3513,127,10406,8,26,128,5479,33,4231,136,9710,California
Calaveras,2021-03-09,360,14305,136,3649,218,10624,6,32,32,5194,323,4554,38,9748,California
Calaveras,2021-03-10,419,14724,30,3679,386,11010,3,35,57,4897,357,4911,60,9808,California
Calaveras,2021-03-11,849,15573,421,4100,415,11425,13,48,432,4932,412,5323,447,10255,California
Calaveras,2021-03-12,401,15974,213,4313,178,11603,10,58,326,5200,74,5397,342,10597,California
Calaveras,2021-03-13,177,16151,16,4329,153,11756,8,66,141,5316,35,5432,151,10748,California
Calaveras,2021-03-14,156,16307,11,4340,144,11900,1,67,18,5204,138,5570,26,10774,California
Calaveras,2021-03-15,331,16638,48,4388,257,12157,26,93,52,5008,278,5848,82,10856,California
Calaveras,2021-03-16,688,17326,552,4940,116,12273,20,113,545,5432,141,5989,565,11421,California
Calaveras,2021-03-17,280,17606,53,4993,213,12486,14,127,50,5271,226,6215,65,11486,California
Calaveras,2021-03-18,666,18272,570,5563,80,12566,16,143,549,5721,117,6332,567,12053,California
Calaveras,2021-03-19,231,18503,50,5613,107,12673,74,217,57,5680,170,6502,129,12182,California
Calaveras,2021-03-20,80,18583,21,5634,58,12731,1,218,23,5648,57,6559,25,12207,California
Calaveras,2021-03-21,48,18631,31,5665,6,12737,11,229,12,5635,36,6595,23,12230,California
Calaveras,2021-03-22,80,18711,36,5701,23,12760,21,250,26,5628,54,6649,47,12277,California
Calaveras,2021-03-23,294,19005,204,5905,80,12840,10,260,116,5586,168,6817,126,12403,California
Calaveras,2021-03-24,134,19139,51,5956,73,12913,10,270,43,5550,89,6906,53,12456,California
Calaveras,2021-03-25,742,19881,103,6059,636,13549,3,273,446,5709,290,7196,449,12905,California
Calaveras,2021-03-26,426,20307,28,6087,392,13941,6,279,88,5470,335,7531,96,13001,California
Calaveras,2021-03-27,212,20519,19,6106,189,14130,4,283,37,5341,172,7703,43,13044,California
Calaveras,2021-03-28,111,20630,12,6118,97,14227,2,285,8,5250,102,7805,11,13055,California
Calaveras,2021-03-29,179,20809,23,6141,153,14380,3,288,58,5193,119,7924,62,13117,California
Calaveras,2021-03-30,532,21341,24,6165,491,14871,17,305,356,5391,175,8099,373,13490,California
Calaveras,2021-03-31,322,21663,140,6305,172,15043,10,315,156,5392,166,8265,167,13657,California
Calaveras,2021-04-01,684,22347,442,6747,241,15284,1,316,186,5085,497,8762,190,13847,California
Calaveras,2021-04-02,394,22741,231,6978,155,15439,8,324,117,4937,274,9036,126,13973,California
Calaveras,2021-04-03,144,22885,34,7012,106,15545,4,328,39,4875,105,9141,43,14016,California
Calaveras,2021-04-04,78,22963,25,7037,53,15598,0,328,49,4895,29,9170,49,14065,California
Calaveras,2021-04-05,210,23173,80,7117,121,15719,9,337,99,4893,111,9281,109,14174,California
Calaveras,2021-04-06,650,23823,573,7690,64,15783,13,350,111,4482,535,9816,124,14298,California
Calaveras,2021-04-07,753,24576,657,8347,60,15843,36,386,617,5000,136,9952,654,14952,California
Calaveras,2021-04-08,947,25523,856,9203,70,15913,21,407,437,4952,507,10459,459,15411,California
Calaveras,2021-04-09,154,25677,58,9261,48,15961,48,455,57,4962,96,10555,106,15517,California
Calaveras,2021-04-10,190,25867,42,9303,130,16091,18,473,148,5088,41,10596,167,15684,California
Calaveras,2021-04-11,69,25936,44,9347,23,16114,2,475,48,5117,21,10617,50,15734,California
Calaveras,2021-04-12,103,26039,46,9393,38,16152,19,494,54,5142,49,10666,74,15808,California
Calaveras,2021-04-13,422,26461,367,9760,55,16207,0,494,363,5449,58,10724,365,16173,California
Calaveras,2021-04-14,182,26643,28,9788,154,16361,0,494,136,5540,46,10770,137,16310,California
Calaveras,2021-04-15,336,26979,287,10075,49,16410,0,494,253,5713,80,10850,253,16563,California
Calaveras,2021-04-16,99,27078,25,10100,74,16484,0,494,47,5712,48,10898,47,16610,California
Calaveras,2021-04-17,331,27409,128,10228,203,16687,0,494,288,5957,43,10941,288,16898,California
Calaveras,2021-04-18,18,27427,5,10233,13,16700,0,494,11,5961,7,10948,11,16909,California
Calaveras,2021-04-19,69,27496,27,10260,42,16742,0,494,42,5978,26,10974,43,16952,California
Calaveras,2021-04-20,260,27756,93,10353,167,16909,0,494,194,6108,64,11038,194,17146,California
Calaveras,2021-04-21,217,27973,148,10501,69,16978,0,494,86,6066,129,11167,87,17233,California
Calaveras,2021-04-22,542,28515,97,10598,445,17423,0,494,141,5811,399,11566,144,17377,California
Calaveras,2021-04-23,158,28673,80,10678,78,17501,0,494,65,5785,91,11657,65,17442,California
Calaveras,2021-04-24,172,28845,36,10714,136,17637,0,494,129,5873,42,11699,130,17572,California
Calaveras,2021-04-25,43,28888,28,10742,15,17652,0,494,22,5876,21,11720,24,17596,California
Calaveras,2021-04-26,96,28984,59,10801,37,17689,0,494,28,5837,68,11788,29,17625,California
Calaveras,2021-04-27,424,29408,58,10859,352,18041,14,508,58,5545,364,12152,72,17697,California
Calaveras,2021-04-28,641,30049,573,11432,37,18078,31,539,52,5048,589,12741,92,17789,California
Calaveras,2021-04-29,511,30560,441,11873,51,18129,19,558,72,4706,438,13179,96,17885,California
Calaveras,2021-04-30,148,30708,60,11933,83,18212,5,563,67,4703,81,13260,78,17963,California
Calaveras,2021-05-01,197,30905,109,12042,86,18298,2,565,130,4773,66,13326,136,18099,California
Calaveras,2021-05-02,52,30957,35,12077,16,18314,1,566,20,4764,31,13357,22,18121,California
Calaveras,2021-05-03,94,31051,70,12147,19,18333,5,571,30,4739,64,13421,39,18160,California
Calaveras,2021-05-04,413,31464,328,12475,48,18381,37,608,42,4449,370,13791,80,18240,California
Calaveras,2021-05-05,110,31574,56,12531,22,18403,32,640,48,4467,61,13852,79,18319,California
Calaveras,2021-05-06,253,31827,194,12725,36,18439,23,663,47,4333,205,14057,71,18390,California
Calaveras,2021-05-07,84,31911,24,12749,54,18493,6,669,54,4363,30,14087,60,18450,California
Calaveras,2021-05-08,289,32200,140,12889,147,18640,2,671,92,4262,195,14282,94,18544,California
Calaveras,2021-05-09,28,32228,12,12901,13,18653,3,674,12,4261,16,14298,15,18559,California
Calaveras,2021-05-10,52,32280,23,12924,28,18681,1,675,23,4258,28,14326,25,18584,California
Calaveras,2021-05-11,128,32408,85,13009,31,18712,12,687,89,4322,38,14364,102,18686,California
Calaveras,2021-05-12,155,32563,35,13044,120,18832,0,687,41,4250,113,14477,41,18727,California
Calaveras,2021-05-13,110,32673,59,13103,35,18867,16,703,54,4265,55,14532,70,18797,California
Calaveras,2021-05-14,147,32820,90,13193,54,18921,3,706,98,4318,48,14580,101,18898,California
Calaveras,2021-05-15,260,33080,91,13284,166,19087,3,709,102,4271,152,14732,105,19003,California
Calaveras,2021-05-16,28,33108,12,13296,16,19103,0,709,13,4270,15,14747,14,19017,California
Calaveras,2021-05-17,85,33193,37,13333,40,19143,8,717,44,4283,40,14787,53,19070,California
Calaveras,2021-05-18,188,33381,40,13373,129,19272,19,736,52,4218,136,14923,71,19141,California
Calaveras,2021-05-19,57,33438,17,13390,35,19307,5,741,15,4196,42,14965,20,19161,California
Colusa,2020-12-18,1,1,1,1,0,0,0,0,1,1,0,0,1,1,California
Colusa,2020-12-21,2,3,2,3,0,0,0,0,2,3,0,0,2,3,California
Colusa,2020-12-22,10,13,10,13,0,0,0,0,10,13,0,0,10,13,California
Colusa,2020-12-23,10,23,10,23,0,0,0,0,10,23,0,0,10,23,California
Colusa,2020-12-24,2,25,1,24,1,1,0,0,2,25,0,0,2,25,California
Colusa,2020-12-27,1,26,1,25,0,1,0,0,1,26,0,0,1,26,California
Colusa,2020-12-28,7,33,3,28,4,5,0,0,7,33,0,0,7,33,California
Colusa,2020-12-29,11,44,8,36,3,8,0,0,11,44,0,0,11,44,California
Colusa,2020-12-30,50,94,13,49,37,45,0,0,50,94,0,0,50,94,California
Colusa,2020-12-31,18,112,1,50,17,62,0,0,18,112,0,0,18,112,California
Colusa,2021-01-04,4,116,0,50,4,66,0,0,4,116,0,0,4,116,California
Colusa,2021-01-05,67,183,1,51,66,132,0,0,67,183,0,0,67,183,California
Colusa,2021-01-06,15,198,9,60,6,138,0,0,15,198,0,0,15,198,California
Colusa,2021-01-07,38,236,4,64,34,172,0,0,37,234,1,1,37,235,California
Colusa,2021-01-08,9,245,7,71,2,174,0,0,8,241,1,2,8,243,California
Colusa,2021-01-09,2,247,1,72,1,175,0,0,2,243,0,2,2,245,California
Colusa,2021-01-10,1,248,0,72,1,176,0,0,1,244,0,2,1,246,California
Colusa,2021-01-11,12,260,6,78,6,182,0,0,7,246,5,7,7,253,California
Colusa,2021-01-12,11,271,9,87,2,184,0,0,6,247,5,12,6,259,California
Colusa,2021-01-13,21,292,13,100,8,192,0,0,13,252,8,20,13,272,California
Colusa,2021-01-14,35,327,28,128,7,199,0,0,33,283,2,22,33,305,California
Colusa,2021-01-15,42,369,5,133,37,236,0,0,40,321,2,24,40,345,California
Colusa,2021-01-16,12,381,1,134,11,247,0,0,11,331,1,25,11,356,California
Colusa,2021-01-17,3,384,2,136,1,248,0,0,2,332,1,26,2,358,California
Colusa,2021-01-18,4,388,0,136,4,252,0,0,4,336,0,26,4,362,California
Colusa,2021-01-19,9,397,8,144,1,253,0,0,5,337,4,30,5,367,California
Colusa,2021-01-20,115,512,101,245,14,267,0,0,102,426,13,43,102,469,California
Colusa,2021-01-21,56,568,41,286,15,282,0,0,55,480,1,44,55,524,California
Colusa,2021-01-22,40,608,17,303,23,305,0,0,35,510,5,49,35,559,California
Colusa,2021-01-23,35,643,6,309,29,334,0,0,35,545,0,49,35,594,California
Colusa,2021-01-25,7,650,0,309,7,341,0,0,7,552,0,49,7,601,California
Colusa,2021-01-26,8,658,5,314,3,344,0,0,5,554,3,52,5,606,California
Colusa,2021-01-27,109,767,31,345,78,422,0,0,107,659,2,54,107,713,California
Colusa,2021-01-28,79,846,46,391,33,455,0,0,72,724,7,61,72,785,California
Colusa,2021-01-29,41,887,7,398,34,489,0,0,40,763,1,62,40,825,California
Colusa,2021-01-30,27,914,4,402,23,512,0,0,27,790,0,62,27,852,California
Colusa,2021-01-31,7,921,7,409,0,512,0,0,7,797,0,62,7,859,California
Colusa,2021-02-01,27,948,10,419,17,529,0,0,22,814,5,67,22,881,California
Colusa,2021-02-02,42,990,8,427,34,563,0,0,36,844,6,73,36,917,California
Colusa,2021-02-03,69,1059,10,437,59,622,0,0,59,893,10,83,59,976,California
Colusa,2021-02-04,143,1202,81,518,62,684,0,0,115,980,28,111,115,1091,California
Colusa,2021-02-05,32,1234,8,526,24,708,0,0,29,1006,3,114,29,1120,California
Colusa,2021-02-06,285,1519,9,535,276,984,0,0,274,1269,11,125,274,1394,California
Colusa,2021-02-07,2,1521,1,536,1,985,0,0,0,1267,2,127,0,1394,California
Colusa,2021-02-08,40,1561,5,541,35,1020,0,0,37,1301,3,130,37,1431,California
Colusa,2021-02-09,231,1792,14,555,217,1237,0,0,176,1422,55,185,176,1607,California
Colusa,2021-02-10,116,1908,41,596,75,1312,0,0,73,1452,43,228,73,1680,California
Colusa,2021-02-11,98,2006,36,632,62,1374,0,0,73,1500,25,253,73,1753,California
Colusa,2021-02-12,118,2124,9,641,109,1483,0,0,79,1539,40,293,79,1832,California
Colusa,2021-02-13,60,2184,8,649,52,1535,0,0,52,1583,8,301,52,1884,California
Colusa,2021-02-14,20,2204,8,657,12,1547,0,0,14,1591,6,307,14,1898,California
Colusa,2021-02-15,45,2249,10,667,35,1582,0,0,38,1622,7,314,38,1936,California
Colusa,2021-02-16,67,2316,4,671,63,1645,0,0,66,1687,1,315,66,2002,California
Colusa,2021-02-17,206,2522,143,814,63,1708,0,0,60,1601,146,461,60,2062,California
Colusa,2021-02-18,135,2657,35,849,100,1808,0,0,112,1690,23,484,112,2174,California
Colusa,2021-02-19,155,2812,19,868,136,1944,0,0,129,1793,26,510,129,2303,California
Colusa,2021-02-20,28,2840,6,874,22,1966,0,0,12,1789,16,526,12,2315,California
Colusa,2021-02-21,1,2841,1,875,0,1966,0,0,0,1788,1,527,0,2315,California
Colusa,2021-02-22,43,2884,26,901,17,1983,0,0,29,1803,14,541,29,2344,California
Colusa,2021-02-23,22,2906,6,907,16,1999,0,0,18,1817,4,545,18,2362,California
Colusa,2021-02-24,301,3207,54,961,247,2246,0,0,159,1834,142,687,159,2521,California
Colusa,2021-02-25,102,3309,55,1016,47,2293,0,0,66,1864,36,723,66,2587,California
Colusa,2021-02-26,99,3408,14,1030,85,2378,0,0,60,1885,39,762,60,2647,California
Colusa,2021-02-27,55,3463,4,1034,51,2429,0,0,40,1910,15,777,40,2687,California
Colusa,2021-02-28,26,3489,14,1048,12,2441,0,0,17,1918,9,786,17,2704,California
Colusa,2021-03-01,46,3535,15,1063,31,2472,0,0,29,1930,17,803,29,2733,California
Colusa,2021-03-02,49,3584,13,1076,36,2508,0,0,26,1933,23,826,26,2759,California
Colusa,2021-03-03,242,3826,43,1119,199,2707,0,0,185,2061,57,883,185,2944,California
Colusa,2021-03-04,138,3964,58,1177,80,2787,0,0,79,2081,59,942,79,3023,California
Colusa,2021-03-05,98,4062,25,1202,64,2851,9,9,53,2098,45,987,62,3085,California
Colusa,2021-03-06,274,4336,9,1211,265,3116,0,9,37,1898,237,1224,37,3122,California
Colusa,2021-03-07,8,4344,5,1216,3,3119,0,9,6,1902,2,1226,6,3128,California
Colusa,2021-03-08,89,4433,21,1237,33,3152,35,44,45,1938,44,1270,80,3208,California
Colusa,2021-03-09,276,4709,74,1311,179,3331,23,67,85,1855,191,1461,108,3316,California
Colusa,2021-03-10,289,4998,37,1348,216,3547,36,103,203,2008,86,1547,239,3555,California
Colusa,2021-03-11,420,5418,60,1408,339,3886,21,124,339,2285,81,1628,358,3913,California
Colusa,2021-03-12,109,5527,18,1426,78,3964,13,137,19,2227,90,1718,32,3945,California
Colusa,2021-03-13,61,5588,16,1442,36,4000,9,146,18,2211,43,1761,27,3972,California
Colusa,2021-03-14,20,5608,0,1442,18,4018,2,148,6,2206,13,1774,8,3980,California
Colusa,2021-03-15,69,5677,26,1468,35,4053,8,156,14,2173,55,1829,22,4002,California
Colusa,2021-03-16,296,5973,16,1484,234,4287,46,202,189,2301,107,1936,235,4237,California
Colusa,2021-03-17,195,6168,49,1533,146,4433,0,202,110,2326,85,2021,110,4347,California
Colusa,2021-03-18,324,6492,37,1570,216,4649,71,273,201,2475,123,2144,272,4619,California
Colusa,2021-03-19,78,6570,20,1590,56,4705,2,275,53,2505,25,2169,55,4674,California
Colusa,2021-03-20,49,6619,7,1597,41,4746,1,276,36,2529,13,2182,37,4711,California
Colusa,2021-03-21,6,6625,4,1601,2,4748,0,276,4,2531,2,2184,4,4715,California
Colusa,2021-03-22,62,6687,10,1611,43,4791,9,285,40,2558,22,2206,49,4764,California
Colusa,2021-03-23,81,6768,16,1627,63,4854,2,287,54,2587,27,2233,56,4820,California
Colusa,2021-03-24,340,7108,58,1685,276,5130,6,293,69,2390,271,2504,74,4894,California
Colusa,2021-03-25,109,7217,60,1745,44,5174,5,298,53,2392,56,2560,58,4952,California
Colusa,2021-03-26,298,7515,47,1792,247,5421,4,302,245,2588,53,2613,249,5201,California
Colusa,2021-03-27,63,7578,5,1797,58,5479,0,302,25,2575,38,2651,25,5226,California
Colusa,2021-03-28,16,7594,7,1804,9,5488,0,302,8,2575,8,2659,8,5234,California
Colusa,2021-03-29,71,7665,20,1824,45,5533,6,308,31,2572,40,2699,37,5271,California
Colusa,2021-03-30,148,7813,79,1903,67,5600,2,310,73,2572,75,2774,75,5346,California
Colusa,2021-03-31,234,8047,42,1945,192,5792,0,310,74,2487,159,2933,74,5420,California
Colusa,2021-04-01,428,8475,70,2015,304,6096,54,364,306,2725,121,3054,359,5779,California
Colusa,2021-04-02,81,8556,12,2027,55,6151,14,378,37,2732,44,3098,51,5830,California
Colusa,2021-04-03,61,8617,10,2037,28,6179,23,401,13,2720,48,3146,36,5866,California
Colusa,2021-04-04,18,8635,0,2037,8,6187,10,411,3,2718,15,3161,13,5879,California
Colusa,2021-04-05,96,8731,26,2063,55,6242,15,426,39,2715,57,3218,54,5933,California
Colusa,2021-04-06,128,8859,33,2096,45,6287,50,476,43,2723,85,3303,93,6026,California
Colusa,2021-04-07,355,9214,40,2136,292,6579,23,499,129,2650,226,3529,153,6179,California
Colusa,2021-04-08,428,9642,34,2170,367,6946,27,526,123,2498,302,3831,150,6329,California
Colusa,2021-04-09,76,9718,21,2191,32,6978,23,549,28,2501,48,3879,51,6380,California
Colusa,2021-04-10,44,9762,9,2200,15,6993,20,569,12,2501,32,3911,32,6412,California
Colusa,2021-04-11,16,9778,3,2203,11,7004,2,571,8,2503,8,3919,10,6422,California
Colusa,2021-04-12,31,9809,3,2206,28,7032,0,571,24,2520,7,3926,24,6446,California
Colusa,2021-04-13,277,10086,23,2229,254,7286,0,571,92,2428,184,4110,92,6538,California
Colusa,2021-04-14,95,10181,19,2248,76,7362,0,571,34,2401,61,4171,34,6572,California
Colusa,2021-04-15,323,10504,47,2295,276,7638,0,571,130,2338,193,4364,130,6702,California
Colusa,2021-04-16,80,10584,11,2306,69,7707,0,571,36,2331,43,4407,36,6738,California
Colusa,2021-04-17,53,10637,7,2313,46,7753,0,571,31,2340,22,4429,31,6769,California
Colusa,2021-04-18,9,10646,2,2315,7,7760,0,571,7,2345,2,4431,7,6776,California
Colusa,2021-04-19,61,10707,22,2337,39,7799,0,571,17,2318,44,4475,17,6793,California
Colusa,2021-04-20,176,10883,32,2369,144,7943,0,571,128,2398,48,4523,128,6921,California
Colusa,2021-04-21,170,11053,59,2428,111,8054,0,571,110,2448,60,4583,110,7031,California
Colusa,2021-04-22,418,11471,27,2455,390,8444,1,572,215,2461,202,4785,215,7246,California
Colusa,2021-04-23,91,11562,17,2472,74,8518,0,572,37,2444,54,4839,37,7283,California
Colusa,2021-04-24,237,11799,19,2491,217,8735,1,573,204,2616,33,4872,205,7488,California
Colusa,2021-04-25,12,11811,6,2497,6,8741,0,573,8,2620,4,4876,8,7496,California
Colusa,2021-04-26,23,11834,5,2502,17,8758,1,574,7,2612,15,4891,7,7503,California
Colusa,2021-04-27,94,11928,23,2525,67,8825,4,578,43,2608,51,4942,47,7550,California
Colusa,2021-04-28,188,12116,27,2552,158,8983,3,581,138,2700,49,4991,141,7691,California
Colusa,2021-04-29,317,12433,27,2579,286,9269,4,585,48,2485,267,5258,52,7743,California
Colusa,2021-04-30,65,12498,18,2597,47,9316,0,585,41,2502,24,5282,41,7784,California
Colusa,2021-05-01,19,12517,8,2605,8,9324,3,588,9,2504,10,5292,12,7796,California
Colusa,2021-05-02,3,12520,0,2605,2,9326,1,589,2,2506,1,5293,3,7799,California
Colusa,2021-05-03,21,12541,7,2612,14,9340,0,589,6,2497,15,5308,6,7805,California
Colusa,2021-05-04,86,12627,44,2656,41,9381,1,590,63,2538,23,5331,64,7869,California
Colusa,2021-05-05,67,12694,16,2672,50,9431,1,591,32,2536,35,5366,33,7902,California
Colusa,2021-05-06,253,12947,16,2688,235,9666,2,593,110,2505,143,5509,112,8014,California
Colusa,2021-05-07,67,13014,5,2693,58,9724,4,597,30,2502,37,5546,34,8048,California
Colusa,2021-05-08,18,13032,5,2698,13,9737,0,597,9,2502,9,5555,9,8057,California
Colusa,2021-05-09,13,13045,5,2703,5,9742,3,600,6,2504,7,5562,9,8066,California
Colusa,2021-05-10,16,13061,7,2710,9,9751,0,600,6,2500,10,5572,6,8072,California
Colusa,2021-05-11,93,13154,34,2744,59,9810,0,600,50,2507,43,5615,50,8122,California
Colusa,2021-05-12,74,13228,32,2776,37,9847,5,605,21,2480,53,5668,26,8148,California
Colusa,2021-05-13,226,13454,15,2791,210,10057,1,606,69,2393,157,5825,70,8218,California
Colusa,2021-05-14,80,13534,15,2806,52,10109,13,619,30,2387,49,5874,43,8261,California
Colusa,2021-05-15,40,13574,11,2817,27,10136,2,621,21,2391,19,5893,23,8284,California
Colusa,2021-05-16,22,13596,6,2823,11,10147,5,626,11,2396,11,5904,16,8300,California
Colusa,2021-05-17,26,13622,8,2831,15,10162,3,629,18,2409,8,5912,21,8321,California
Colusa,2021-05-18,93,13715,20,2851,72,10234,1,630,41,2399,52,5964,42,8363,California
Colusa,2021-05-19,80,13795,24,2875,52,10286,4,634,26,2375,54,6018,30,8393,California
Contra Costa,2020-12-15,18,18,18,18,0,0,0,0,18,18,0,0,18,18,California
Contra Costa,2020-12-16,521,539,521,539,0,0,0,0,521,539,0,0,521,539,California
Contra Costa,2020-12-17,911,1450,911,1450,0,0,0,0,911,1450,0,0,911,1450,California
Contra Costa,2020-12-18,1591,3041,1590,3040,1,1,0,0,1591,3041,0,0,1591,3041,California
Contra Costa,2020-12-19,1104,4145,1103,4143,1,2,0,0,1104,4145,0,0,1104,4145,California
Contra Costa,2020-12-20,584,4729,583,4726,1,3,0,0,584,4729,0,0,584,4729,California
Contra Costa,2020-12-21,1653,6382,1651,6377,2,5,0,0,1653,6382,0,0,1653,6382,California
Contra Costa,2020-12-22,1668,8050,1563,7940,105,110,0,0,1668,8050,0,0,1668,8050,California
Contra Costa,2020-12-23,1593,9643,1345,9285,248,358,0,0,1593,9643,0,0,1593,9643,California
Contra Costa,2020-12-24,656,10299,336,9621,320,678,0,0,656,10299,0,0,656,10299,California
Contra Costa,2020-12-25,39,10338,17,9638,22,700,0,0,39,10338,0,0,39,10338,California
Contra Costa,2020-12-26,642,10980,132,9770,510,1210,0,0,642,10980,0,0,642,10980,California
Contra Costa,2020-12-27,240,11220,87,9857,153,1363,0,0,240,11220,0,0,240,11220,California
Contra Costa,2020-12-28,1834,13054,863,10720,971,2334,0,0,1834,13054,0,0,1834,13054,California
Contra Costa,2020-12-29,1829,14883,823,11543,1006,3340,0,0,1829,14883,0,0,1829,14883,California
Contra Costa,2020-12-30,2392,17275,1213,12756,1179,4519,0,0,2391,17274,0,0,2391,17274,California
Contra Costa,2020-12-31,915,18190,308,13064,607,5126,0,0,914,18188,0,0,914,18188,California
Contra Costa,2021-01-01,61,18251,23,13087,38,5164,0,0,61,18249,0,0,61,18249,California
Contra Costa,2021-01-02,335,18586,173,13260,162,5326,0,0,335,18584,0,0,335,18584,California
Contra Costa,2021-01-03,176,18762,118,13378,58,5384,0,0,175,18759,0,0,175,18759,California
Contra Costa,2021-01-04,1905,20667,1250,14628,655,6039,0,0,1885,20626,18,18,1885,20644,California
Contra Costa,2021-01-05,2102,22769,1256,15884,846,6885,0,0,1843,22212,258,276,1844,22488,California
Contra Costa,2021-01-06,3280,26049,2248,18132,1032,7917,0,0,2520,23981,754,1030,2523,25011,California
Contra Costa,2021-01-07,3093,29142,2059,20191,1034,8951,0,0,1880,24651,1210,2240,1880,26891,California
Contra Costa,2021-01-08,3385,32527,2393,22584,992,9943,0,0,1823,24920,1557,3797,1826,28717,California
Contra Costa,2021-01-09,1585,34112,1134,23718,451,10394,0,0,748,24834,836,4633,750,29467,California
Contra Costa,2021-01-10,362,34474,286,24004,76,10470,0,0,153,24778,209,4842,153,29620,California
Contra Costa,2021-01-11,3838,38312,3146,27150,692,11162,0,0,2234,25411,1604,6446,2237,31857,California
Contra Costa,2021-01-12,3913,42225,2938,30088,975,12137,0,0,2586,26673,1327,7773,2589,34446,California
Contra Costa,2021-01-13,4728,46953,2936,33024,1792,13929,0,0,3782,29514,942,8715,3783,38229,California
Contra Costa,2021-01-14,4310,51263,1558,34582,2752,16681,0,0,3928,33060,382,9097,3928,42157,California
Contra Costa,2021-01-15,5335,56598,2459,37041,2876,19557,0,0,5012,37754,322,9419,5016,47173,California
Contra Costa,2021-01-16,1720,58318,555,37596,1165,20722,0,0,1645,39324,75,9494,1645,48818,California
Contra Costa,2021-01-17,1637,59955,975,38571,662,21384,0,0,1514,40718,123,9617,1517,50335,California
Contra Costa,2021-01-18,3202,63157,1261,39832,1941,23325,0,0,2578,42679,618,10235,2579,52914,California
Contra Costa,2021-01-19,7066,70223,3161,42993,3905,27230,0,0,6061,47743,1002,11237,6066,58980,California
Contra Costa,2021-01-20,6668,76891,4107,47100,2561,29791,0,0,5435,51954,1229,12466,5440,64420,California
Contra Costa,2021-01-21,6985,83876,3119,50219,3866,33657,0,0,6256,57494,724,13190,6264,70684,California
Contra Costa,2021-01-22,6376,90252,2708,52927,3668,37325,0,0,5517,62164,850,14040,5520,76204,California
Contra Costa,2021-01-23,2032,92284,363,53290,1669,38994,0,0,1774,63684,256,14296,1776,77980,California
Contra Costa,2021-01-24,1581,93865,217,53507,1364,40358,0,0,1436,64979,145,14441,1440,79420,California
Contra Costa,2021-01-25,6672,100537,3031,56538,3641,43999,0,0,5108,68528,1562,16003,5111,84531,California
Contra Costa,2021-01-26,8092,108629,4687,61225,3405,47404,0,0,6249,72947,1835,17838,6254,90785,California
Contra Costa,2021-01-27,8247,116876,5503,66728,2744,50148,0,0,6341,77467,1825,19663,6345,97130,California
Contra Costa,2021-01-28,7446,124322,4085,70813,3361,53509,0,0,5840,81711,1600,21263,5844,102974,California
Contra Costa,2021-01-29,7441,131763,3890,74703,3551,57060,0,0,6128,86532,1309,22572,6130,109104,California
Contra Costa,2021-01-30,2083,133846,598,75301,1485,58545,0,0,1717,87890,359,22931,1717,110821,California
Contra Costa,2021-01-31,698,134544,479,75780,219,58764,0,0,572,88339,123,23054,572,111393,California
Contra Costa,2021-02-01,5540,140084,3775,79555,1765,60529,0,0,3898,90604,1636,24690,3901,115294,California
Contra Costa,2021-02-02,7756,147840,5269,84824,2487,63016,0,0,5893,94637,1861,26551,5894,121188,California
Contra Costa,2021-02-03,8288,156128,5479,90303,2809,65825,0,0,5612,97587,2663,29214,5613,126801,California
Contra Costa,2021-02-04,7446,163574,3538,93841,3908,69733,0,0,5711,101570,1731,30945,5714,132515,California
Contra Costa,2021-02-05,8437,172011,4828,98669,3609,73342,0,0,5725,104590,2705,33650,5725,138240,California
Contra Costa,2021-02-06,3475,175486,2158,100827,1317,74659,0,0,2822,106761,652,34302,2823,141063,California
Contra Costa,2021-02-07,983,176469,712,101539,271,74930,0,0,605,106989,377,34679,605,141668,California
Contra Costa,2021-02-08,5832,182301,3455,104994,2377,77307,0,0,4348,109860,1478,36157,4349,146017,California
Contra Costa,2021-02-09,8667,190968,4781,109775,3886,81193,0,0,5771,112741,2891,39048,5772,151789,California
Contra Costa,2021-02-10,8636,199604,4650,114425,3986,85179,0,0,5358,114840,3263,42311,5362,157151,California
Contra Costa,2021-02-11,9315,208919,4218,118643,5097,90276,0,0,5260,116056,4049,46360,5265,162416,California
Contra Costa,2021-02-12,10076,218995,4618,123261,5458,95734,0,0,5454,116898,4615,50975,5457,167873,California
Contra Costa,2021-02-13,4883,223878,1368,124629,3515,99249,0,0,3403,118825,1477,52452,3404,171277,California
Contra Costa,2021-02-14,2092,225970,867,125496,1225,100474,0,0,1230,119195,860,53312,1230,172507,California
Contra Costa,2021-02-15,4459,230429,2469,127965,1990,102464,0,0,2339,119422,2113,55425,2340,174847,California
Contra Costa,2021-02-16,10419,240848,4911,132876,5508,107972,0,0,4645,118305,5766,61191,4649,179496,California
Contra Costa,2021-02-17,12294,253142,6146,139022,6148,114120,0,0,5637,117301,6642,67833,5638,185134,California
Contra Costa,2021-02-18,11479,264621,5976,144998,5503,119623,0,0,5327,116492,6138,73971,5329,190463,California
Contra Costa,2021-02-19,11412,276033,7111,152109,4301,123924,0,0,5179,115456,6216,80187,5180,195643,California
Contra Costa,2021-02-20,6457,282490,2904,155013,3553,127477,0,0,4576,118169,1865,82052,4578,200221,California
Contra Costa,2021-02-21,2263,284753,1713,156726,550,128027,0,0,1538,118983,724,82776,1538,201759,California
Contra Costa,2021-02-22,7578,292331,5134,161860,2444,130471,0,0,3493,118405,4073,86849,3495,205254,California
Contra Costa,2021-02-23,12077,304408,7419,169279,4658,135129,0,0,6090,118526,5973,92822,6094,211348,California
Contra Costa,2021-02-24,10560,314968,7751,177030,2809,137938,0,0,5111,118207,5432,98254,5113,216461,California
Contra Costa,2021-02-25,11501,326469,7239,184269,4262,142200,0,0,5232,117195,6248,104502,5236,221697,California
Contra Costa,2021-02-26,10727,337196,6771,191040,3956,146156,0,0,5323,117130,5389,109891,5324,227021,California
Contra Costa,2021-02-27,6767,343963,4351,195391,2416,148572,0,0,4244,118860,2515,112406,4245,231266,California
Contra Costa,2021-02-28,3806,347769,3134,198525,672,149244,0,0,3206,121471,596,113002,3207,234473,California
Contra Costa,2021-03-01,8221,355990,6194,204719,2022,151266,5,5,5072,123417,3133,116135,5079,239552,California
Contra Costa,2021-03-02,10630,366620,6799,211518,3830,155096,1,6,5703,124210,4911,121046,5704,245256,California
Contra Costa,2021-03-03,11296,377916,7096,218614,4199,159295,1,7,6368,125666,4914,125960,6370,251626,California
Contra Costa,2021-03-04,11951,389867,7159,225773,4792,164087,0,7,6218,126170,5714,131674,6218,257844,California
Contra Costa,2021-03-05,11459,401326,6887,232660,4566,168653,6,13,6589,127911,4854,136528,6595,264439,California
Contra Costa,2021-03-06,7498,408824,4209,236869,2979,171632,310,323,4910,130553,2576,139104,5218,269657,California
Contra Costa,2021-03-07,3825,412649,2458,239327,1306,172938,61,384,3149,133089,674,139778,3210,272867,California
Contra Costa,2021-03-08,8211,420860,3916,243243,3991,176929,304,688,5517,136231,2683,142461,5825,278692,California
Contra Costa,2021-03-09,11150,432010,5920,249163,4935,181864,295,983,5838,137064,5302,147763,6135,284827,California
Contra Costa,2021-03-10,12394,444404,6195,255358,4701,186565,1498,2481,5657,137487,6724,154487,7147,291974,California
Contra Costa,2021-03-11,12478,456882,6568,261926,5345,191910,565,3046,6364,138326,6090,160577,6929,298903,California
Contra Costa,2021-03-12,12556,469438,5156,267082,6854,198764,546,3592,6274,138877,6267,166844,6818,305721,California
Contra Costa,2021-03-13,7764,477202,3074,270156,4266,203030,424,4016,3067,137683,4679,171523,3485,309206,California
Contra Costa,2021-03-14,4354,481556,2549,272705,1320,204350,485,4501,1651,137123,2695,174218,2135,311341,California
Contra Costa,2021-03-15,9396,490952,5072,277777,3571,207921,753,5254,4727,137950,4652,178870,5479,316820,California
Contra Costa,2021-03-16,14263,505215,8471,286248,5394,213315,398,5652,7123,138352,7118,185988,7520,324340,California
Contra Costa,2021-03-17,14998,520213,10345,296593,4440,217755,213,5865,8519,140634,6456,192444,8738,333078,California
Contra Costa,2021-03-18,15377,535590,8548,305141,6348,224103,481,6346,8775,143316,6572,199016,9254,342332,California
Contra Costa,2021-03-19,15509,551099,8913,314054,5205,229308,1391,7737,8286,145789,7209,206225,9682,352014,California
Contra Costa,2021-03-20,10617,561716,6344,320398,3970,233278,303,8040,5121,145736,5478,211703,5425,357439,California
Contra Costa,2021-03-21,4446,566162,3892,324290,466,233744,88,8128,2070,145525,2368,214071,2157,359596,California
Contra Costa,2021-03-22,11536,577698,8694,332984,2593,236337,249,8377,7001,148253,4521,218592,7249,366845,California
Contra Costa,2021-03-23,15610,593308,10755,343739,4685,241022,170,8547,9093,151028,6489,225081,9264,376109,California
Contra Costa,2021-03-24,14989,608297,11686,355425,3091,244113,212,8759,9113,154512,5844,230925,9328,385437,California
Contra Costa,2021-03-25,15275,623572,11897,367322,3093,247206,285,9044,9391,158340,5847,236772,9675,395112,California
Contra Costa,2021-03-26,14936,638508,10700,378022,3841,251047,395,9439,8649,161117,6262,243034,9039,404151,California
Contra Costa,2021-03-27,10434,648942,6756,384778,3168,254215,510,9949,5598,162393,4826,247860,6102,410253,California
Contra Costa,2021-03-28,4131,653073,2926,387704,1153,255368,52,10001,1609,161543,2511,250371,1661,411914,California
Contra Costa,2021-03-29,10836,663909,8450,396154,2271,257639,115,10116,6931,164705,3886,254257,7048,418962,California
Contra Costa,2021-03-30,16729,680638,9126,405280,6251,263890,1352,11468,10352,170048,6358,260615,11701,430663,California
Contra Costa,2021-03-31,17958,698596,12560,417840,3957,267847,1441,12909,11364,176291,6558,267173,12801,443464,California
Contra Costa,2021-04-01,17528,716124,12261,430101,3897,271744,1370,14279,11416,182994,6087,273260,12790,456254,California
Contra Costa,2021-04-02,17416,733540,12844,442945,3565,275309,1007,15286,11570,189737,5834,279094,12577,468831,California
Contra Costa,2021-04-03,10761,744301,6411,449356,2813,278122,1537,16823,6161,192847,4586,283680,7696,476527,California
Contra Costa,2021-04-04,3333,747634,1320,450676,1417,279539,596,17419,896,191910,2430,286110,1493,478020,California
Contra Costa,2021-04-05,12087,759721,7890,458566,3221,282760,976,18395,6596,194006,5478,291588,7574,485594,California
Contra Costa,2021-04-06,17291,777012,11981,470547,3023,285783,2287,20682,9724,198469,7547,299135,12010,497604,California
Contra Costa,2021-04-07,18556,795568,12563,483110,3175,288958,2818,23500,10542,203875,7995,307130,13401,511005,California
Contra Costa,2021-04-08,18603,814171,12399,495509,3295,292253,2909,26409,9988,208169,8588,315718,12882,523887,California
Contra Costa,2021-04-09,18654,832825,11902,507411,4278,296531,2474,28883,9956,211924,8672,324390,12427,536314,California
Contra Costa,2021-04-10,10505,843330,3800,511211,2158,298689,4547,33430,3285,212539,7203,331593,7818,544132,California
Contra Costa,2021-04-11,3317,846647,1982,513193,681,299370,654,34084,1121,212123,2190,333783,1774,545906,California
Contra Costa,2021-04-12,11876,858523,7843,521036,2968,302338,1065,35149,5587,212504,6275,340058,6656,552562,California
Contra Costa,2021-04-13,17769,876292,10895,531931,6868,309206,6,35155,11861,218490,5887,345945,11873,564435,California
Contra Costa,2021-04-14,17566,893858,11016,542947,6549,315755,1,35156,9722,220393,7823,353768,9726,574161,California
Contra Costa,2021-04-15,17481,911339,10722,553669,6758,322513,1,35157,8105,219171,9347,363115,8125,582286,California
Contra Costa,2021-04-16,16842,928181,10507,564176,6333,328846,2,35159,7593,217545,9226,372341,7600,589886,California
Contra Costa,2021-04-17,11430,939611,6273,570449,5157,334003,0,35159,6146,218425,5272,377613,6152,596038,California
Contra Costa,2021-04-18,2735,942346,2115,572564,620,334623,0,35159,1777,219253,949,378562,1777,597815,California
Contra Costa,2021-04-19,11362,953708,8498,581062,2864,337487,0,35159,3570,215058,7767,386329,3572,601387,California
Contra Costa,2021-04-20,16626,970334,10801,591863,5825,343312,0,35159,6233,210936,10359,396688,6237,607624,California
Contra Costa,2021-04-21,17308,987642,14125,605988,3183,346495,0,35159,6160,205991,11113,407801,6168,613792,California
Contra Costa,2021-04-22,17147,1004789,13889,619877,3257,349752,1,35160,6077,201039,11039,418840,6087,619879,California
Contra Costa,2021-04-23,16962,1021751,13493,633370,3469,353221,0,35160,5482,195082,11447,430287,5490,625369,California
Contra Costa,2021-04-24,10901,1032652,8416,641786,2485,355706,0,35160,4173,192551,6708,436995,4177,629546,California
Contra Costa,2021-04-25,3231,1035883,2179,643965,1050,356756,2,35162,2041,193407,1190,438185,2046,631592,California
Contra Costa,2021-04-26,9797,1045680,8209,652174,1564,358320,24,35186,2881,189422,6901,445086,2916,634508,California
Contra Costa,2021-04-27,14439,1060119,10588,662762,3699,362019,152,35338,3875,182916,10543,455629,4037,638545,California
Contra Costa,2021-04-28,13832,1073951,10759,673521,2786,364805,287,35625,3463,176333,10337,465966,3754,642299,California
Contra Costa,2021-04-29,13007,1086958,10054,683575,2783,367588,170,35795,2828,169184,10153,476119,3004,645303,California
Contra Costa,2021-04-30,13644,1100602,10757,694332,2637,370225,250,36045,3097,162014,10521,486640,3351,648654,California
Contra Costa,2021-05-01,7996,1108598,5841,700173,1838,372063,317,36362,1909,158174,6067,492707,2227,650881,California
Contra Costa,2021-05-02,2323,1110921,1578,701751,666,372729,79,36441,989,157918,1324,494031,1068,651949,California
Contra Costa,2021-05-03,9108,1120029,8013,709764,920,373649,175,36616,1927,152858,7166,501197,2106,654055,California
Contra Costa,2021-05-04,14059,1134088,12130,721894,1601,375250,328,36944,2297,143744,11739,512936,2625,656680,California
Contra Costa,2021-05-05,12478,1146566,10759,732653,1519,376769,200,37144,2399,136293,10052,522988,2601,659281,California
Contra Costa,2021-05-06,10263,1156829,8533,741186,1401,378170,329,37473,1939,130269,8300,531288,2276,661557,California
Contra Costa,2021-05-07,9591,1166420,7705,748891,1662,379832,224,37697,2215,125363,7342,538630,2436,663993,California
Contra Costa,2021-05-08,5268,1171688,3964,752855,1137,380969,167,37864,1246,122775,4005,542635,1417,665410,California
Contra Costa,2021-05-09,2103,1173791,1775,754630,269,381238,59,37923,462,121662,1637,544272,524,665934,California
Contra Costa,2021-05-10,4920,1178711,3941,758571,761,381999,218,38141,1346,119672,3553,547825,1563,667497,California
Contra Costa,2021-05-11,8648,1187359,4493,763064,3927,385926,228,38369,1695,114667,6934,554759,1929,669426,California
Contra Costa,2021-05-12,8981,1196340,4554,767618,4178,390104,249,38618,1547,109059,7410,562169,1802,671228,California
Contra Costa,2021-05-13,11193,1207533,7355,774973,3650,393754,188,38806,3811,105703,7354,569523,3998,675226,California
Contra Costa,2021-05-14,11994,1219527,7930,782903,3781,397535,283,39089,4867,103754,7100,576623,5151,680377,California
Contra Costa,2021-05-15,9773,1229300,7063,789966,2592,400127,118,39207,4224,102565,5534,582157,4345,684722,California
Contra Costa,2021-05-16,2404,1231704,2101,792067,258,400385,45,39252,1089,102392,1307,583464,1134,685856,California
Contra Costa,2021-05-17,6823,1238527,5515,797582,1137,401522,171,39423,3449,102653,3363,586827,3624,689480,California
Contra Costa,2021-05-18,8844,1247371,5848,803430,2802,404324,194,39617,3562,101155,5257,592084,3759,693239,California
Contra Costa,2021-05-19,6263,1253634,5228,808658,893,405217,142,39759,2788,100630,3458,595542,2933,696172,California
Del Norte,2020-12-21,23,23,23,23,0,0,0,0,23,23,0,0,23,23,California
Del Norte,2020-12-22,45,68,45,68,0,0,0,0,45,68,0,0,45,68,California
Del Norte,2020-12-23,58,126,48,116,10,10,0,0,56,124,0,0,56,124,California
Del Norte,2020-12-28,34,160,34,150,0,10,0,0,34,158,0,0,34,158,California
Del Norte,2020-12-29,4,164,4,154,0,10,0,0,4,162,0,0,4,162,California
Del Norte,2020-12-30,67,231,55,209,12,22,0,0,68,230,0,0,68,230,California
Del Norte,2020-12-31,16,247,13,222,3,25,0,0,16,246,0,0,16,246,California
Del Norte,2021-01-04,102,349,49,271,53,78,0,0,102,348,0,0,102,348,California
Del Norte,2021-01-05,33,382,0,271,33,111,0,0,32,380,1,1,33,381,California
Del Norte,2021-01-06,77,459,18,289,59,170,0,0,77,457,0,1,77,458,California
Del Norte,2021-01-07,21,480,1,290,20,190,0,0,21,478,0,1,21,479,California
Del Norte,2021-01-08,78,558,7,297,71,261,0,0,78,556,0,1,78,557,California
Del Norte,2021-01-11,40,598,21,318,19,280,0,0,18,553,22,23,19,576,California
Del Norte,2021-01-12,50,648,31,349,19,299,0,0,30,563,20,43,30,606,California
Del Norte,2021-01-13,86,734,40,389,46,345,0,0,53,583,33,76,53,659,California
Del Norte,2021-01-14,52,786,14,403,38,383,0,0,46,623,6,82,46,705,California
Del Norte,2021-01-15,107,893,18,421,89,472,0,0,95,706,12,94,95,800,California
Del Norte,2021-01-17,1,894,1,422,0,472,0,0,1,707,0,94,1,801,California
Del Norte,2021-01-18,2,896,0,422,2,474,0,0,2,709,0,94,2,803,California
Del Norte,2021-01-19,119,1015,56,478,63,537,0,0,77,744,42,136,77,880,California
Del Norte,2021-01-20,159,1174,84,562,75,612,0,0,96,778,62,198,96,976,California
Del Norte,2021-01-21,43,1217,40,602,3,615,0,0,32,799,11,209,32,1008,California
Del Norte,2021-01-22,20,1237,17,619,3,618,0,0,13,805,7,216,13,1021,California
Del Norte,2021-01-23,1,1238,0,619,1,619,0,0,1,806,0,216,1,1022,California
Del Norte,2021-01-24,1,1239,0,619,1,620,0,0,1,807,0,216,1,1023,California
Del Norte,2021-01-25,100,1339,82,701,18,638,0,0,56,819,44,260,56,1079,California
Del Norte,2021-01-26,18,1357,11,712,7,645,0,0,7,815,11,271,7,1086,California
Del Norte,2021-01-27,64,1421,21,733,43,688,0,0,61,873,3,274,61,1147,California
Del Norte,2021-01-28,292,1713,20,753,272,960,0,0,287,1155,5,279,287,1434,California
Del Norte,2021-01-29,55,1768,21,774,34,994,0,0,44,1188,11,290,44,1478,California
Del Norte,2021-01-30,8,1776,1,775,7,1001,0,0,8,1196,0,290,8,1486,California
Del Norte,2021-02-01,41,1817,1,776,40,1041,0,0,26,1207,15,305,26,1512,California
Del Norte,2021-02-02,142,1959,34,810,108,1149,0,0,73,1212,68,373,73,1585,California
Del Norte,2021-02-03,126,2085,40,850,86,1235,0,0,71,1228,55,428,71,1656,California
Del Norte,2021-02-04,71,2156,29,879,42,1277,0,0,42,1241,29,457,42,1698,California
Del Norte,2021-02-05,184,2340,22,901,162,1439,0,0,119,1296,64,521,119,1817,California
Del Norte,2021-02-06,312,2652,6,907,306,1745,0,0,312,1608,0,521,312,2129,California
Del Norte,2021-02-07,2,2654,1,908,1,1746,0,0,2,1610,0,521,2,2131,California
Del Norte,2021-02-08,36,2690,1,909,35,1781,0,0,32,1638,4,525,32,2163,California
Del Norte,2021-02-09,8,2698,5,914,3,1784,0,0,2,1634,6,531,2,2165,California
Del Norte,2021-02-10,143,2841,20,934,123,1907,0,0,86,1664,56,587,86,2251,California
Del Norte,2021-02-11,177,3018,59,993,118,2025,0,0,64,1615,113,700,64,2315,California
Del Norte,2021-02-12,121,3139,14,1007,107,2132,0,0,67,1628,54,754,67,2382,California
Del Norte,2021-02-13,2,3141,1,1008,1,2133,0,0,2,1630,0,754,2,2384,California
Del Norte,2021-02-14,3,3144,1,1009,2,2135,0,0,2,1631,1,755,2,2386,California
Del Norte,2021-02-15,4,3148,0,1009,4,2139,0,0,2,1631,2,757,2,2388,California
Del Norte,2021-02-16,132,3280,1,1010,131,2270,0,0,13,1525,119,876,13,2401,California
Del Norte,2021-02-17,91,3371,20,1030,71,2341,0,0,24,1482,67,943,24,2425,California
Del Norte,2021-02-18,77,3448,24,1054,53,2394,0,0,51,1507,26,969,51,2476,California
Del Norte,2021-02-19,43,3491,17,1071,26,2420,0,0,33,1530,10,979,33,2509,California
Del Norte,2021-02-20,8,3499,5,1076,3,2423,0,0,6,1534,2,981,6,2515,California
Del Norte,2021-02-22,2,3501,0,1076,2,2425,0,0,2,1536,0,981,2,2517,California
Del Norte,2021-02-23,107,3608,89,1165,18,2443,0,0,31,1492,76,1057,32,2549,California
Del Norte,2021-02-24,152,3760,98,1263,54,2497,0,0,79,1498,73,1130,79,2628,California
Del Norte,2021-02-25,477,4237,131,1394,346,2843,0,0,213,1449,262,1392,213,2841,California
Del Norte,2021-02-26,213,4450,176,1570,37,2880,0,0,167,1570,46,1438,167,3008,California
Del Norte,2021-02-27,152,4602,145,1715,6,2886,1,1,141,1701,11,1449,142,3150,California
Del Norte,2021-02-28,4,4606,1,1716,3,2889,0,1,3,1703,1,1450,3,3153,California
Del Norte,2021-03-01,29,4635,2,1718,27,2916,0,1,4,1683,24,1474,4,3157,California
Del Norte,2021-03-02,220,4855,141,1859,79,2995,0,1,187,1837,33,1507,187,3344,California
Del Norte,2021-03-03,168,5023,100,1959,68,3063,0,1,127,1923,41,1548,127,3471,California
Del Norte,2021-03-04,120,5143,83,2042,37,3100,0,1,91,1986,28,1576,91,3562,California
Del Norte,2021-03-05,121,5264,11,2053,110,3210,0,1,73,2011,48,1624,73,3635,California
Del Norte,2021-03-06,465,5729,78,2131,338,3548,49,50,164,1881,301,1925,171,3806,California
Del Norte,2021-03-07,2,5731,1,2132,1,3549,0,50,1,1881,1,1926,1,3807,California
Del Norte,2021-03-08,28,5759,1,2133,25,3574,2,52,5,1865,23,1949,7,3814,California
Del Norte,2021-03-09,194,5953,113,2246,78,3652,3,55,183,2040,11,1960,186,4000,California
Del Norte,2021-03-10,233,6186,96,2342,109,3761,28,83,134,2103,99,2059,162,4162,California
Del Norte,2021-03-11,151,6337,55,2397,91,3852,5,88,103,2163,48,2107,108,4270,California
Del Norte,2021-03-12,178,6515,89,2486,89,3941,0,88,125,2235,53,2160,125,4395,California
Del Norte,2021-03-13,94,6609,93,2579,1,3942,0,88,91,2323,3,2163,91,4486,California
Del Norte,2021-03-14,1,6610,0,2579,1,3943,0,88,1,2323,1,2164,1,4487,California
Del Norte,2021-03-15,39,6649,0,2579,38,3981,1,89,34,2353,5,2169,35,4522,California
Del Norte,2021-03-16,281,6930,135,2714,146,4127,0,89,260,2592,21,2190,260,4782,California
Del Norte,2021-03-17,283,7213,95,2809,186,4313,2,91,169,2649,114,2304,171,4953,California
Del Norte,2021-03-18,285,7498,107,2916,175,4488,3,94,149,2666,135,2439,152,5105,California
Del Norte,2021-03-19,266,7764,159,3075,101,4589,6,100,91,2588,175,2614,97,5202,California
Del Norte,2021-03-20,157,7921,154,3229,3,4592,0,100,15,2461,142,2756,15,5217,California
Del Norte,2021-03-21,4,7925,2,3231,2,4594,0,100,2,2461,2,2758,2,5219,California
Del Norte,2021-03-22,43,7968,3,3234,39,4633,1,101,39,2498,3,2761,40,5259,California
Del Norte,2021-03-23,335,8303,164,3398,153,4786,18,119,165,2512,168,2929,182,5441,California
Del Norte,2021-03-24,397,8700,107,3505,249,5035,41,160,235,2626,162,3091,276,5717,California
Del Norte,2021-03-25,193,8893,89,3594,104,5139,0,160,84,2602,108,3199,84,5801,California
Del Norte,2021-03-26,233,9126,113,3707,120,5259,0,160,197,2763,36,3235,197,5998,California
Del Norte,2021-03-27,108,9234,87,3794,4,5263,17,177,17,2706,91,3326,34,6032,California
Del Norte,2021-03-28,4,9238,2,3796,2,5265,0,177,1,2704,3,3329,1,6033,California
Del Norte,2021-03-29,57,9295,6,3802,34,5299,17,194,32,2728,25,3354,49,6082,California
Del Norte,2021-03-30,339,9634,118,3920,210,5509,11,205,128,2656,211,3565,139,6221,California
Del Norte,2021-03-31,353,9987,100,4020,236,5745,17,222,198,2718,153,3718,215,6436,California
Del Norte,2021-04-01,164,10151,58,4078,72,5817,34,256,69,2727,94,3812,103,6539,California
Del Norte,2021-04-02,231,10382,78,4156,104,5921,49,305,48,2642,183,3995,98,6637,California
Del Norte,2021-04-03,108,10490,83,4239,2,5923,23,328,5,2568,102,4097,28,6665,California
Del Norte,2021-04-04,4,10494,0,4239,0,5923,4,332,0,2568,4,4101,4,6669,California
Del Norte,2021-04-05,47,10541,5,4244,38,5961,4,336,40,2605,7,4108,44,6713,California
Del Norte,2021-04-06,378,10919,119,4363,222,6183,37,373,145,2559,229,4337,183,6896,California
Del Norte,2021-04-07,436,11355,115,4478,260,6443,61,434,289,2763,146,4483,350,7246,California
Del Norte,2021-04-08,227,11582,54,4532,105,6548,68,502,105,2814,122,4605,173,7419,California
Del Norte,2021-04-09,205,11787,47,4579,81,6629,77,579,98,2881,106,4711,173,7592,California
Del Norte,2021-04-10,47,11834,26,4605,4,6633,17,596,27,2905,20,4731,44,7636,California
Del Norte,2021-04-11,12,11846,3,4608,2,6635,7,603,2,2904,10,4741,9,7645,California
Del Norte,2021-04-12,28,11874,1,4609,9,6644,18,621,1,2897,26,4767,19,7664,California
Del Norte,2021-04-13,298,12172,50,4659,248,6892,0,621,155,2909,143,4910,155,7819,California
Del Norte,2021-04-14,328,12500,23,4682,305,7197,0,621,138,2862,190,5100,143,7962,California
Del Norte,2021-04-15,164,12664,31,4713,133,7330,0,621,45,2789,119,5219,46,8008,California
Del Norte,2021-04-16,161,12825,40,4753,121,7451,0,621,59,2747,102,5321,60,8068,California
Del Norte,2021-04-17,102,12927,70,4823,32,7483,0,621,97,2839,5,5326,97,8165,California
Del Norte,2021-04-18,5,12932,4,4827,1,7484,0,621,4,2842,1,5327,4,8169,California
Del Norte,2021-04-19,50,12982,6,4833,44,7528,0,621,8,2808,42,5369,8,8177,California
Del Norte,2021-04-20,209,13191,40,4873,169,7697,0,621,74,2747,135,5504,74,8251,California
Del Norte,2021-04-21,288,13479,23,4896,265,7962,0,621,64,2590,224,5728,67,8318,California
Del Norte,2021-04-22,114,13593,15,4911,99,8061,0,621,62,2600,52,5780,62,8380,California
Del Norte,2021-04-23,152,13745,21,4932,131,8192,0,621,39,2527,112,5892,39,8419,California
Del Norte,2021-04-24,25,13770,14,4946,11,8203,0,621,20,2542,5,5897,20,8439,California
Del Norte,2021-04-25,2,13772,0,4946,2,8205,0,621,2,2544,0,5897,2,8441,California
Del Norte,2021-04-26,30,13802,0,4946,30,8235,0,621,8,2530,22,5919,8,8449,California
Del Norte,2021-04-27,181,13983,19,4965,157,8392,5,626,49,2452,132,6051,54,8503,California
Del Norte,2021-04-28,352,14335,101,5066,246,8638,5,631,63,2234,287,6338,69,8572,California
Del Norte,2021-04-29,92,14427,5,5071,83,8721,4,635,26,2198,66,6404,30,8602,California
Del Norte,2021-04-30,83,14510,6,5077,67,8788,10,645,44,2213,39,6443,54,8656,California
Del Norte,2021-05-01,8,14518,3,5080,5,8793,0,645,6,2217,2,6445,6,8662,California
Del Norte,2021-05-02,8,14526,0,5080,8,8801,0,645,8,2225,0,6445,8,8670,California
Del Norte,2021-05-03,40,14566,3,5083,34,8835,3,648,2,2193,37,6482,5,8675,California
Del Norte,2021-05-04,221,14787,36,5119,180,9015,5,653,47,2071,174,6656,52,8727,California
Del Norte,2021-05-05,231,15018,19,5138,204,9219,8,661,56,1960,175,6831,64,8791,California
Del Norte,2021-05-06,112,15130,24,5162,75,9294,13,674,27,1915,85,6916,40,8831,California
Del Norte,2021-05-07,152,15282,29,5191,119,9413,4,678,32,1831,120,7036,36,8867,California
Del Norte,2021-05-08,64,15346,55,5246,7,9420,2,680,7,1783,57,7093,9,8876,California
Del Norte,2021-05-09,9,15355,3,5249,3,9423,3,683,2,1781,7,7100,5,8881,California
Del Norte,2021-05-10,25,15380,3,5252,18,9441,4,687,15,1790,10,7110,19,8900,California
Del Norte,2021-05-11,169,15549,49,5301,118,9559,2,689,32,1687,137,7247,34,8934,California
Del Norte,2021-05-12,147,15696,23,5324,114,9673,10,699,26,1603,120,7367,36,8970,California
Del Norte,2021-05-13,59,15755,29,5353,30,9703,0,699,32,1608,27,7394,32,9002,California
Del Norte,2021-05-14,73,15828,25,5378,47,9750,1,700,39,1614,34,7428,40,9042,California
Del Norte,2021-05-15,68,15896,39,5417,28,9778,1,701,39,1625,29,7457,40,9082,California
Del Norte,2021-05-16,11,15907,0,5417,11,9789,0,701,11,1636,0,7457,11,9093,California
Del Norte,2021-05-17,29,15936,5,5422,20,9809,4,705,16,1644,12,7469,20,9113,California
Del Norte,2021-05-18,116,16052,66,5488,49,9858,1,706,74,1677,42,7511,75,9188,California
Del Norte,2021-05-19,54,16106,3,5491,49,9907,2,708,22,1669,32,7543,24,9212,California
El Dorado,2020-12-15,12,12,12,12,0,0,0,0,12,12,0,0,12,12,California
El Dorado,2020-12-16,40,52,40,52,0,0,0,0,40,52,0,0,40,52,California
El Dorado,2020-12-17,31,83,31,83,0,0,0,0,31,83,0,0,31,83,California
El Dorado,2020-12-18,236,319,236,319,0,0,0,0,236,319,0,0,236,319,California
El Dorado,2020-12-19,116,435,116,435,0,0,0,0,116,435,0,0,116,435,California
El Dorado,2020-12-20,85,520,85,520,0,0,0,0,85,520,0,0,85,520,California
El Dorado,2020-12-21,309,829,308,828,1,1,0,0,309,829,0,0,309,829,California
El Dorado,2020-12-22,238,1067,214,1042,24,25,0,0,238,1067,0,0,238,1067,California
El Dorado,2020-12-23,189,1256,140,1182,49,74,0,0,189,1256,0,0,189,1256,California
El Dorado,2020-12-24,87,1343,66,1248,21,95,0,0,87,1343,0,0,87,1343,California
El Dorado,2020-12-25,8,1351,8,1256,0,95,0,0,8,1351,0,0,8,1351,California
El Dorado,2020-12-26,44,1395,26,1282,18,113,0,0,44,1395,0,0,44,1395,California
El Dorado,2020-12-27,37,1432,33,1315,4,117,0,0,37,1432,0,0,37,1432,California
El Dorado,2020-12-28,215,1647,168,1483,47,164,0,0,215,1647,0,0,215,1647,California
El Dorado,2020-12-29,459,2106,142,1625,317,481,0,0,459,2106,0,0,459,2106,California
El Dorado,2020-12-30,506,2612,136,1761,370,851,0,0,506,2612,0,0,506,2612,California
El Dorado,2020-12-31,110,2722,70,1831,40,891,0,0,110,2722,0,0,110,2722,California
El Dorado,2021-01-01,7,2729,4,1835,3,894,0,0,7,2729,0,0,7,2729,California
El Dorado,2021-01-02,153,2882,141,1976,12,906,0,0,153,2882,0,0,153,2882,California
El Dorado,2021-01-03,92,2974,17,1993,75,981,0,0,92,2974,0,0,92,2974,California
El Dorado,2021-01-04,190,3164,62,2055,128,1109,0,0,190,3164,0,0,190,3164,California
El Dorado,2021-01-05,208,3372,51,2106,157,1266,0,0,192,3340,16,16,192,3356,California
El Dorado,2021-01-06,261,3633,189,2295,72,1338,0,0,197,3473,64,80,197,3553,California
El Dorado,2021-01-07,330,3963,136,2431,194,1532,0,0,259,3661,71,151,259,3812,California
El Dorado,2021-01-08,977,4940,502,2933,475,2007,0,0,774,4233,203,354,775,4587,California
El Dorado,2021-01-09,193,5133,156,3089,37,2044,0,0,125,4290,68,422,125,4712,California
El Dorado,2021-01-10,180,5313,129,3218,51,2095,0,0,110,4331,70,492,111,4823,California
El Dorado,2021-01-11,660,5973,293,3511,367,2462,0,0,460,4593,199,691,461,5284,California
El Dorado,2021-01-12,804,6777,423,3934,381,2843,0,0,555,4899,249,940,555,5839,California
El Dorado,2021-01-13,700,7477,296,4230,404,3247,0,0,539,5277,161,1101,539,6378,California
El Dorado,2021-01-14,792,8269,220,4450,572,3819,0,0,697,5879,95,1196,697,7075,California
El Dorado,2021-01-15,790,9059,185,4635,605,4424,0,0,718,6525,72,1268,718,7793,California
El Dorado,2021-01-16,173,9232,104,4739,69,4493,0,0,146,6644,27,1295,146,7939,California
El Dorado,2021-01-17,100,9332,47,4786,53,4546,0,0,83,6710,17,1312,83,8022,California
El Dorado,2021-01-18,423,9755,140,4926,283,4829,0,0,354,6995,69,1381,354,8376,California
El Dorado,2021-01-19,754,10509,454,5380,300,5129,0,0,604,7450,150,1531,605,8981,California
El Dorado,2021-01-20,1013,11522,688,6068,325,5454,0,0,901,8240,111,1642,901,9882,California
El Dorado,2021-01-21,1266,12788,680,6748,586,6040,0,0,1058,9131,167,1809,1058,10940,California
El Dorado,2021-01-22,1226,14014,831,7579,395,6435,0,0,1172,10250,53,1862,1172,12112,California
El Dorado,2021-01-23,738,14752,617,8196,121,6556,0,0,627,10766,111,1973,627,12739,California
El Dorado,2021-01-24,126,14878,76,8272,50,6606,0,0,107,10854,19,1992,107,12846,California
El Dorado,2021-01-25,697,15575,290,8562,407,7013,0,0,609,11375,88,2080,609,13455,California
El Dorado,2021-01-26,676,16251,366,8928,310,7323,0,0,572,11844,104,2184,573,14028,California
El Dorado,2021-01-27,987,17238,388,9316,599,7922,0,0,650,12156,338,2522,650,14678,California
El Dorado,2021-01-28,1107,18345,453,9769,654,8576,0,0,746,12541,361,2883,746,15424,California
El Dorado,2021-01-29,976,19321,490,10259,486,9062,0,0,746,13059,229,3112,747,16171,California
El Dorado,2021-01-30,611,19932,359,10618,252,9314,0,0,450,13349,160,3272,450,16621,California
El Dorado,2021-01-31,210,20142,189,10807,21,9335,0,0,181,13501,29,3301,181,16802,California
El Dorado,2021-02-01,796,20938,367,11174,429,9764,0,0,652,14009,144,3445,652,17454,California
El Dorado,2021-02-02,839,21777,368,11542,471,10235,0,0,675,14520,164,3609,675,18129,California
El Dorado,2021-02-03,900,22677,475,12017,425,10660,0,0,688,14996,212,3821,688,18817,California
El Dorado,2021-02-04,1268,23945,725,12742,543,11203,0,0,872,15473,395,4216,872,19689,California
El Dorado,2021-02-05,1484,25429,597,13339,887,12090,0,0,864,15754,583,4799,864,20553,California
El Dorado,2021-02-06,640,26069,335,13674,305,12395,0,0,530,16175,110,4909,531,21084,California
El Dorado,2021-02-07,258,26327,176,13850,82,12477,0,0,194,16305,64,4973,194,21278,California
El Dorado,2021-02-08,882,27209,417,14267,465,12942,0,0,608,16639,274,5247,608,21886,California
El Dorado,2021-02-09,968,28177,545,14812,423,13365,0,0,538,16747,430,5677,538,22424,California
El Dorado,2021-02-10,1257,29434,736,15548,521,13886,0,0,663,16817,593,6270,663,23087,California
El Dorado,2021-02-11,2155,31589,892,16440,1263,15149,0,0,761,16188,1391,7661,762,23849,California
El Dorado,2021-02-12,1574,33163,827,17267,747,15896,0,0,673,15962,900,8561,674,24523,California
El Dorado,2021-02-13,978,34141,668,17935,310,16206,0,0,434,15855,541,9102,434,24957,California
El Dorado,2021-02-14,487,34628,155,18090,332,16538,0,0,400,16168,87,9189,400,25357,California
El Dorado,2021-02-15,1183,35811,385,18475,798,17336,0,0,820,16628,363,9552,823,26180,California
El Dorado,2021-02-16,1204,37015,532,19007,672,18008,0,0,670,16766,533,10085,671,26851,California
El Dorado,2021-02-17,951,37966,418,19425,533,18541,0,0,458,16733,493,10578,460,27311,California
El Dorado,2021-02-18,2091,40057,1019,20444,1072,19613,0,0,1058,16759,1032,11610,1058,28369,California
El Dorado,2021-02-19,1208,41265,641,21085,567,20180,0,0,675,16902,532,12142,675,29044,California
El Dorado,2021-02-20,924,42189,440,21525,484,20664,0,0,672,17328,246,12388,672,29716,California
El Dorado,2021-02-21,284,42473,227,21752,57,20721,0,0,100,17245,183,12571,100,29816,California
El Dorado,2021-02-22,871,43344,436,22188,435,21156,0,0,270,16915,600,13171,270,30086,California
El Dorado,2021-02-23,846,44190,473,22661,373,21529,0,0,339,16748,506,13677,339,30425,California
El Dorado,2021-02-24,1027,45217,438,23099,589,22118,0,0,427,16576,600,14277,428,30853,California
El Dorado,2021-02-25,1887,47104,1136,24235,751,22869,0,0,674,16046,1206,15483,676,31529,California
El Dorado,2021-02-26,2356,49460,1481,25716,875,23744,0,0,1587,16867,766,16249,1587,33116,California
El Dorado,2021-02-27,1661,51121,439,26155,1222,24966,0,0,1221,17651,437,16686,1221,34337,California
El Dorado,2021-02-28,591,51712,205,26360,386,25352,0,0,436,17933,155,16841,437,34774,California
El Dorado,2021-03-01,1138,52850,453,26813,684,26036,1,1,626,18051,509,17350,627,35401,California
El Dorado,2021-03-02,921,53771,268,27081,653,26689,0,1,482,18096,437,17787,482,35883,California
El Dorado,2021-03-03,1686,55457,463,27544,1223,27912,0,1,1152,18723,527,18314,1154,37037,California
El Dorado,2021-03-04,2516,57973,1552,29096,964,28876,0,1,1195,18600,1318,19632,1195,38232,California
El Dorado,2021-03-05,1579,59552,425,29521,1149,30025,5,6,1044,19120,529,20161,1049,39281,California
El Dorado,2021-03-06,743,60295,214,29735,494,30519,35,41,394,19201,348,20509,429,39710,California
El Dorado,2021-03-07,406,60701,198,29933,190,30709,18,59,242,19299,162,20671,260,39970,California
El Dorado,2021-03-08,1330,62031,367,30300,891,31600,72,131,860,19763,467,21138,931,40901,California
El Dorado,2021-03-09,988,63019,231,30531,690,32290,67,198,587,20032,385,21523,654,41555,California
El Dorado,2021-03-10,949,63968,344,30875,549,32839,56,254,548,20240,395,21918,603,42158,California
El Dorado,2021-03-11,3020,66988,1834,32709,1004,33843,182,436,1287,19995,1713,23631,1468,43626,California
El Dorado,2021-03-12,1780,68768,620,33329,913,34756,247,683,744,19967,1019,24650,991,44617,California
El Dorado,2021-03-13,1065,69833,344,33673,438,35194,283,966,374,19934,688,25338,655,45272,California
El Dorado,2021-03-14,794,70627,208,33881,474,35668,112,1078,279,19810,515,25853,391,45663,California
El Dorado,2021-03-15,1402,72029,303,34184,973,36641,126,1204,613,19765,785,26638,740,46403,California
El Dorado,2021-03-16,1218,73247,410,34594,663,37304,145,1349,571,19840,641,27279,716,47119,California
El Dorado,2021-03-17,1112,74359,350,34944,667,37971,95,1444,726,20275,386,27665,821,47940,California
El Dorado,2021-03-18,2996,77355,1772,36716,1179,39150,45,1489,1976,21284,1012,28677,2021,49961,California
El Dorado,2021-03-19,1114,78469,363,37079,606,39756,145,1634,639,21593,475,29152,784,50745,California
El Dorado,2021-03-20,950,79419,270,37349,663,40419,17,1651,369,21410,569,29721,386,51131,California
El Dorado,2021-03-21,1025,80444,418,37767,602,41021,5,1656,934,22260,89,29810,939,52070,California
El Dorado,2021-03-22,1505,81949,489,38256,934,41955,82,1738,1194,23230,306,30116,1276,53346,California
El Dorado,2021-03-23,1145,83094,450,38706,603,42558,92,1830,731,23651,402,30518,823,54169,California
El Dorado,2021-03-24,1455,84549,621,39327,638,43196,196,2026,661,23742,766,31284,857,55026,California
El Dorado,2021-03-25,2510,87059,1685,41012,722,43918,103,2129,1381,24103,1123,32407,1484,56510,California
El Dorado,2021-03-26,1819,88878,697,41709,1012,44930,110,2239,945,24307,852,33259,1056,57566,California
El Dorado,2021-03-27,1315,90193,188,41897,1123,46053,4,2243,333,23668,976,34235,337,57903,California
El Dorado,2021-03-28,634,90827,182,42079,443,46496,9,2252,202,23452,428,34663,212,58115,California
El Dorado,2021-03-29,1316,92143,431,42510,869,47365,16,2268,826,23807,487,35150,842,58957,California
El Dorado,2021-03-30,1362,93505,411,42921,858,48223,93,2361,686,23916,668,35818,777,59734,California
El Dorado,2021-03-31,1559,95064,582,43503,914,49137,63,2424,699,23819,858,36676,761,60495,California
El Dorado,2021-04-01,3233,98297,1767,45270,1383,50520,83,2507,1535,23743,1696,38372,1620,62115,California
El Dorado,2021-04-02,1885,100182,561,45831,1229,51749,95,2602,749,23458,1130,39502,845,62960,California
El Dorado,2021-04-03,748,100930,294,46125,333,52082,121,2723,229,23290,517,40019,349,63309,California
El Dorado,2021-04-04,271,101201,85,46210,139,52221,47,2770,98,23263,172,40191,145,63454,California
El Dorado,2021-04-05,1422,102623,426,46636,902,53123,94,2864,591,23122,826,41017,685,64139,California
El Dorado,2021-04-06,1415,104038,525,47161,668,53791,222,3086,452,22836,960,41977,674,64813,California
El Dorado,2021-04-07,1579,105617,554,47715,577,54368,448,3534,556,22817,1020,42997,1001,65814,California
El Dorado,2021-04-08,2664,108281,1716,49431,713,55081,235,3769,1108,22611,1547,44544,1341,67155,California
El Dorado,2021-04-09,1422,109703,450,49881,752,55833,220,3989,568,22544,851,45395,784,67939,California
El Dorado,2021-04-10,818,110521,224,50105,484,56317,110,4099,471,22780,344,45739,580,68519,California
El Dorado,2021-04-11,703,111224,454,50559,233,56550,16,4115,208,22510,494,46233,224,68743,California
El Dorado,2021-04-12,1276,112500,498,51057,630,57180,148,4263,558,22504,711,46944,705,69448,California
El Dorado,2021-04-13,1119,113619,608,51665,511,57691,0,4263,511,22411,604,47548,511,69959,California
El Dorado,2021-04-14,1086,114705,459,52124,626,58317,1,4264,387,22113,686,48234,388,70347,California
El Dorado,2021-04-15,2494,117199,1673,53797,821,59138,0,4264,960,21543,1531,49765,961,71308,California
El Dorado,2021-04-16,1473,118672,519,54316,954,60092,0,4264,611,21297,858,50623,612,71920,California
El Dorado,2021-04-17,786,119458,200,54516,586,60678,0,4264,486,21486,297,50920,486,72406,California
El Dorado,2021-04-18,998,120456,88,54604,910,61588,0,4264,402,21293,595,51515,402,72808,California
El Dorado,2021-04-19,1713,122169,437,55041,1276,62864,0,4264,690,20966,1017,52532,690,73498,California
El Dorado,2021-04-20,1110,123279,359,55400,751,63615,0,4264,460,20781,645,53177,460,73958,California
El Dorado,2021-04-21,1152,124431,464,55864,684,64299,4,4268,586,20809,559,53736,587,74545,California
El Dorado,2021-04-22,2550,126981,1682,57546,868,65167,0,4268,1067,20396,1480,55216,1067,75612,California
El Dorado,2021-04-23,1403,128384,497,58043,906,66073,0,4268,714,20425,686,55902,715,76327,California
El Dorado,2021-04-24,964,129348,512,58555,452,66525,0,4268,733,20929,229,56131,733,77060,California
El Dorado,2021-04-25,652,130000,448,59003,204,66729,0,4268,464,21205,188,56319,464,77524,California
El Dorado,2021-04-26,1131,131131,449,59452,666,67395,16,4284,531,21153,599,56918,547,78071,California
El Dorado,2021-04-27,1048,132179,373,59825,647,68042,28,4312,471,21081,571,57489,499,78570,California
El Dorado,2021-04-28,1031,133210,346,60171,645,68687,40,4352,401,20894,628,58117,441,79011,California
El Dorado,2021-04-29,1931,135141,1306,61477,593,69280,32,4384,541,20080,1387,59504,573,79584,California
El Dorado,2021-04-30,2117,137258,1327,62804,749,70029,41,4425,1358,20732,746,60250,1398,80982,California
El Dorado,2021-05-01,615,137873,282,63086,306,70335,27,4452,277,20705,331,60581,304,81286,California
El Dorado,2021-05-02,298,138171,212,63298,57,70392,29,4481,101,20640,194,60775,129,81415,California
El Dorado,2021-05-03,820,138991,402,63700,368,70760,50,4531,275,20423,543,61318,326,81741,California
El Dorado,2021-05-04,877,139868,432,64132,387,71147,58,4589,309,20226,564,61882,367,82108,California
El Dorado,2021-05-05,873,140741,431,64563,369,71516,73,4662,415,20258,456,62338,488,82596,California
El Dorado,2021-05-06,1112,141853,481,65044,584,72100,47,4709,475,20143,633,62971,518,83114,California
El Dorado,2021-05-07,976,142829,371,65415,547,72647,58,4767,400,20024,576,63547,457,83571,California
El Dorado,2021-05-08,484,143313,147,65562,299,72946,38,4805,186,19952,296,63843,224,83795,California
El Dorado,2021-05-09,217,143530,78,65640,112,73058,27,4832,100,19963,116,63959,127,83922,California
El Dorado,2021-05-10,827,144357,274,65914,494,73552,59,4891,241,19685,576,64535,298,84220,California
El Dorado,2021-05-11,663,145020,287,66201,322,73874,54,4945,291,19662,369,64904,346,84566,California
El Dorado,2021-05-12,589,145609,316,66517,239,74113,34,4979,239,19586,350,65254,274,84840,California
El Dorado,2021-05-13,1120,146729,718,67235,364,74477,38,5017,375,19257,741,65995,412,85252,California
El Dorado,2021-05-14,1362,148091,775,68010,505,74982,82,5099,637,19257,719,66714,719,85971,California
El Dorado,2021-05-15,886,148977,534,68544,294,75276,58,5157,302,19034,583,67297,360,86331,California
El Dorado,2021-05-16,561,149538,429,68973,109,75385,23,5180,211,18918,350,67647,234,86565,California
El Dorado,2021-05-17,1495,151033,628,69601,819,76204,48,5228,528,18531,962,68609,575,87140,California
El Dorado,2021-05-18,652,151685,306,69907,315,76519,31,5259,273,18457,378,68987,304,87444,California
El Dorado,2021-05-19,182,151867,68,69975,99,76618,15,5274,38,18369,141,69128,53,87497,California
Fresno,2020-12-15,2,2,2,2,0,0,0,0,2,2,0,0,2,2,California
Fresno,2020-12-16,123,125,123,125,0,0,0,0,123,125,0,0,123,125,California
Fresno,2020-12-17,121,246,121,246,0,0,0,0,121,246,0,0,121,246,California
Fresno,2020-12-18,344,590,344,590,0,0,0,0,344,590,0,0,344,590,California
Fresno,2020-12-19,159,749,159,749,0,0,0,0,159,749,0,0,159,749,California
Fresno,2020-12-20,258,1007,256,1005,2,2,0,0,258,1007,0,0,258,1007,California
Fresno,2020-12-21,926,1933,925,1930,1,3,0,0,957,1964,0,0,957,1964,California
Fresno,2020-12-22,903,2836,873,2803,30,33,0,0,907,2871,0,0,907,2871,California
Fresno,2020-12-23,1087,3923,1046,3849,41,74,0,0,1088,3959,0,0,1088,3959,California
Fresno,2020-12-24,584,4507,563,4412,21,95,0,0,584,4543,0,0,584,4543,California
Fresno,2020-12-25,2,4509,1,4413,1,96,0,0,2,4545,0,0,2,4545,California
Fresno,2020-12-26,723,5232,714,5127,9,105,0,0,723,5268,0,0,723,5268,California
Fresno,2020-12-27,300,5532,204,5331,96,201,0,0,300,5568,0,0,300,5568,California
Fresno,2020-12-28,1065,6597,777,6108,288,489,0,0,1066,6634,0,0,1066,6634,California
Fresno,2020-12-29,1783,8380,1038,7146,745,1234,0,0,1781,8414,1,1,1781,8415,California
Fresno,2020-12-30,988,9368,480,7626,508,1742,0,0,988,9402,0,1,988,9403,California
Fresno,2020-12-31,899,10267,309,7935,590,2332,0,0,898,10300,0,1,898,10301,California
Fresno,2021-01-01,9,10276,3,7938,6,2338,0,0,9,10309,0,1,9,10310,California
Fresno,2021-01-02,1030,11306,717,8655,313,2651,0,0,1030,11339,0,1,1030,11340,California
Fresno,2021-01-03,153,11459,128,8783,25,2676,0,0,153,11492,0,1,153,11493,California
Fresno,2021-01-04,619,12078,376,9159,243,2919,0,0,619,12111,0,1,619,12112,California
Fresno,2021-01-05,780,12858,312,9471,468,3387,0,0,706,12743,74,75,706,12818,California
Fresno,2021-01-06,982,13840,346,9817,636,4023,0,0,810,13381,172,247,810,13628,California
Fresno,2021-01-07,1892,15732,916,10733,976,4999,0,0,1638,14768,254,501,1641,15269,California
Fresno,2021-01-08,1788,17520,614,11347,1174,6173,0,0,1424,15830,362,863,1424,16693,California
Fresno,2021-01-09,630,18150,388,11735,242,6415,0,0,355,15910,275,1138,355,17048,California
Fresno,2021-01-10,518,18668,488,12223,30,6445,0,0,204,15800,314,1452,204,17252,California
Fresno,2021-01-11,2207,20875,1799,14022,408,6853,0,0,1514,16624,693,2145,1517,18769,California
Fresno,2021-01-12,2529,23404,1830,15852,699,7552,0,0,1680,17455,851,2996,1682,20451,California
Fresno,2021-01-13,3540,26944,2422,18274,1118,8670,0,0,2682,19282,858,3854,2685,23136,California
Fresno,2021-01-14,4159,31103,2204,20478,1955,10625,0,0,3688,22500,470,4324,3688,26824,California
Fresno,2021-01-15,3656,34759,2530,23008,1126,11751,0,0,3298,25444,358,4682,3302,30126,California
Fresno,2021-01-16,3153,37912,2310,25318,843,12594,0,0,2688,27669,464,5146,2689,32815,California
Fresno,2021-01-17,979,38891,558,25876,421,13015,0,0,781,28252,198,5344,781,33596,California
Fresno,2021-01-18,3077,41968,2370,28246,707,13722,0,0,2411,30001,664,6008,2413,36009,California
Fresno,2021-01-19,4406,46374,2614,30860,1792,15514,0,0,3696,32991,710,6718,3700,39709,California
Fresno,2021-01-20,3022,49396,1211,32071,1811,17325,0,0,2698,35370,322,7040,2701,42410,California
Fresno,2021-01-21,4390,53786,2031,34102,2359,19684,0,0,4034,39076,334,7374,4040,46450,California
Fresno,2021-01-22,3316,57102,1348,35450,1968,21652,0,0,2921,41620,378,7752,2922,49372,California
Fresno,2021-01-23,3047,60149,1973,37423,1074,22726,0,0,2322,43223,724,8476,2327,51699,California
Fresno,2021-01-24,557,60706,376,37799,181,22907,0,0,352,43372,205,8681,354,52053,California
Fresno,2021-01-25,2353,63059,868,38667,1485,24392,0,0,1859,44740,494,9175,1862,53915,California
Fresno,2021-01-26,2023,65082,584,39251,1439,25831,0,0,1312,45344,709,9884,1313,55228,California
Fresno,2021-01-27,2285,67367,1166,40417,1119,26950,0,0,1754,46572,529,10413,1757,56985,California
Fresno,2021-01-28,4510,71877,3068,43485,1442,28392,0,0,3484,49037,1022,11435,3487,60472,California
Fresno,2021-01-29,1709,73586,984,44469,725,29117,0,0,1411,50154,295,11730,1412,61884,California
Fresno,2021-01-30,1454,75040,552,45021,902,30019,0,0,1036,50772,418,12148,1036,62920,California
Fresno,2021-01-31,227,75267,218,45239,9,30028,0,0,73,50691,154,12302,73,62993,California
Fresno,2021-02-01,3344,78611,1670,46909,1674,31702,0,0,1785,50936,1558,13860,1803,64796,California
Fresno,2021-02-02,2726,81337,554,47463,2172,33874,0,0,1583,51407,1128,14988,1599,66395,California
Fresno,2021-02-03,3554,84891,2101,49564,1453,35327,0,0,1534,50939,2003,16991,1535,67930,California
Fresno,2021-02-04,4202,89093,1900,51464,2302,37629,0,0,1932,50636,2240,19231,1937,69867,California
Fresno,2021-02-05,5339,94432,2725,54189,2614,40243,0,0,2308,49922,3026,22257,2312,72179,California
Fresno,2021-02-06,2937,97369,2048,56237,889,41132,0,0,977,48943,1957,24214,978,73157,California
Fresno,2021-02-07,470,97839,289,56526,181,41313,0,0,275,49024,194,24408,275,73432,California
Fresno,2021-02-08,4278,102117,2292,58818,1986,43299,0,0,1812,48403,2442,26850,1821,75253,California
Fresno,2021-02-09,5336,107453,2087,60905,3249,46548,0,0,3119,49389,2142,28992,3128,78381,California
Fresno,2021-02-10,3890,111343,1237,62142,2653,49201,0,0,1996,49559,1838,30830,2008,80389,California
Fresno,2021-02-11,6459,117802,2097,64239,4362,53563,0,0,3363,49848,3079,33909,3368,83757,California
Fresno,2021-02-12,5395,123197,1384,65623,4011,57574,0,0,2740,49961,2635,36544,2748,86505,California
Fresno,2021-02-13,3752,126949,1560,67183,2192,59766,0,0,2084,50395,1656,38200,2090,88595,California
Fresno,2021-02-14,1563,128512,283,67466,1280,61046,0,0,839,50512,724,38924,841,89436,California
Fresno,2021-02-15,2892,131404,272,67738,2620,63666,0,0,1787,51202,1101,40025,1791,91227,California
Fresno,2021-02-16,6701,138105,2409,70147,4292,67958,0,0,4254,53032,2430,42455,4260,95487,California
Fresno,2021-02-17,5346,143451,2458,72605,2888,70846,0,0,2986,53708,2315,44770,2991,98478,California
Fresno,2021-02-18,6869,150320,2905,75510,3964,74810,0,0,2571,52042,4248,49018,2582,101060,California
Fresno,2021-02-19,3845,154165,1105,76615,2740,77550,0,0,1830,51871,2004,51022,1833,102893,California
Fresno,2021-02-20,4549,158714,2505,79120,2044,79594,0,0,3066,53467,1476,52498,3072,105965,California
Fresno,2021-02-21,196,158910,176,79296,20,79614,0,0,133,53550,50,52548,133,106098,California
Fresno,2021-02-22,2251,161161,1008,80304,1243,80857,0,0,1240,53791,1001,53549,1242,107340,California
Fresno,2021-02-23,4672,165833,2247,82551,2425,83282,0,0,3796,56725,864,54413,3798,111138,California
Fresno,2021-02-24,4208,170041,1501,84052,2707,85989,0,0,3455,59440,741,55154,3456,114594,California
Fresno,2021-02-25,8688,178729,3712,87764,4976,90965,0,0,7198,65221,1425,56579,7206,121800,California
Fresno,2021-02-26,9003,187732,3688,91452,5315,96280,0,0,7699,71647,1279,57858,7705,129505,California
Fresno,2021-02-27,7239,194971,3129,94581,4109,100389,1,1,6529,77484,694,58552,6531,136036,California
Fresno,2021-02-28,1655,196626,536,95117,1119,101508,0,1,1564,78971,78,58630,1565,137601,California
Fresno,2021-03-01,4974,201600,1315,96432,3659,105167,0,1,3655,81323,1307,59937,3659,141260,California
Fresno,2021-03-02,9842,211442,3384,99816,6458,111625,0,1,8459,88445,1359,61296,8481,149741,California
Fresno,2021-03-03,6951,218393,1705,101521,5245,116870,1,2,5932,93485,1007,62303,6047,155788,California
Fresno,2021-03-04,10229,228622,4107,105628,6122,122992,0,2,8687,100668,1512,63815,8695,164483,California
Fresno,2021-03-05,9017,237639,3628,109256,5387,128379,2,4,7982,107825,902,64717,8059,172542,California
Fresno,2021-03-06,6706,244345,3641,112897,2947,131326,118,122,5718,112684,981,65698,5840,178382,California
Fresno,2021-03-07,1489,245834,684,113581,769,132095,36,158,1260,113753,228,65926,1297,179679,California
Fresno,2021-03-08,5146,250980,2028,115609,2965,135060,153,311,3962,116704,1175,67101,4126,183805,California
Fresno,2021-03-09,8549,259529,3774,119383,4505,139565,270,581,4648,117778,3880,70981,4954,188759,California
Fresno,2021-03-10,6750,266279,2859,122242,3498,143063,393,974,5342,122124,1399,72380,5745,194504,California
Fresno,2021-03-11,11470,277749,4565,126807,6339,149402,566,1540,6220,123780,5206,77586,6862,201366,California
Fresno,2021-03-12,11809,289558,5030,131837,6326,155728,453,1993,8805,130194,2985,80571,9399,210765,California
Fresno,2021-03-13,8183,297741,3908,135745,3243,158971,1032,3025,3924,130984,4237,84808,5027,215792,California
Fresno,2021-03-14,1763,299504,472,136217,1001,159972,290,3315,661,130844,1090,85898,950,216742,California
Fresno,2021-03-15,7086,306590,3152,139369,3762,163734,172,3487,4914,133960,2156,88054,5272,222014,California
Fresno,2021-03-16,10106,316696,4433,143802,5278,169012,395,3882,5369,135117,4703,92757,5860,227874,California
Fresno,2021-03-17,8609,325305,3886,147688,4030,173042,693,4575,5825,139252,2762,95519,6897,234771,California
Fresno,2021-03-18,12287,337592,6584,154272,5070,178112,633,5208,6958,141990,5277,100796,8015,242786,California
Fresno,2021-03-19,10912,348504,5648,159920,4650,182762,614,5822,6888,145793,3994,104790,7797,250583,California
Fresno,2021-03-20,7397,355901,4428,164348,2657,185419,312,6134,3692,146398,3675,108465,4280,254863,California
Fresno,2021-03-21,1777,357678,1204,165552,203,185622,370,6504,957,146910,816,109281,1328,256191,California
Fresno,2021-03-22,5654,363332,2890,168442,2169,187791,595,7099,3838,149743,1800,111081,4633,260824,California
Fresno,2021-03-23,10540,373872,5244,173686,4803,192594,493,7592,5064,150273,5455,116536,5985,266809,California
Fresno,2021-03-24,8807,382679,3783,177469,4196,196790,828,8420,4875,152132,3896,120432,5755,272564,California
Fresno,2021-03-25,12078,394757,5581,183050,5715,202505,782,9202,4740,150447,7290,127722,5605,278169,California
Fresno,2021-03-26,12055,406812,5340,188390,6069,208574,646,9848,4447,148008,7555,135277,5116,283285,California
Fresno,2021-03-27,9382,416194,4138,192528,4159,212733,1085,10933,2865,145484,6480,141757,3956,287241,California
Fresno,2021-03-28,3381,419575,1294,193822,1399,214132,688,11621,1265,145606,2108,143865,2230,289471,California
Fresno,2021-03-29,5986,425561,1981,195803,3461,217593,544,12165,2875,145953,3085,146950,3432,292903,California
Fresno,2021-03-30,10820,436381,4221,200024,5712,223305,887,13052,3856,143758,6938,153888,4743,297646,California
Fresno,2021-03-31,9438,445819,3328,203352,5123,228428,987,14039,3709,142762,5690,159578,4694,302340,California
Fresno,2021-04-01,11763,457582,4095,207447,6805,235233,863,14902,3921,139775,7741,167319,4754,307094,California
Fresno,2021-04-02,11646,469228,4436,211883,6422,241655,788,15690,4173,137430,7317,174636,4972,312066,California
Fresno,2021-04-03,6255,475483,3405,215288,2595,244250,255,15945,2140,135769,4100,178736,2439,314505,California
Fresno,2021-04-04,1493,476976,537,215825,911,245161,45,15990,555,135440,930,179666,601,315106,California
Fresno,2021-04-05,8325,485301,4473,220298,3054,248215,798,16788,2488,132975,5821,185487,3356,318462,California
Fresno,2021-04-06,9568,494869,4023,224321,4371,252586,1174,17962,3594,131823,5937,191424,4785,323247,California
Fresno,2021-04-07,10328,505197,5315,229636,3821,256407,1192,19154,3555,129865,6731,198155,4773,328020,California
Fresno,2021-04-08,10833,516030,5133,234769,4554,260961,1146,20300,3500,127266,7287,205442,4688,332708,California
Fresno,2021-04-09,11143,527173,5329,240098,4435,265396,1379,21679,3643,124852,7457,212899,5043,337751,California
Fresno,2021-04-10,7875,535048,5160,245258,2193,267589,522,22201,3745,125000,4118,217017,4266,342017,California
Fresno,2021-04-11,1390,536438,929,246187,372,267961,89,22290,448,124601,937,217954,538,342555,California
Fresno,2021-04-12,7154,543592,3771,249958,2465,270426,918,23208,2328,123044,4802,222756,3245,345800,California
Fresno,2021-04-13,8917,552509,4243,254201,4604,275030,70,23278,3498,121318,5385,228141,3659,349459,California
Fresno,2021-04-14,9450,561959,5737,259938,3712,278742,1,23279,3740,119438,5667,233808,3787,353246,California
Fresno,2021-04-15,8384,570343,4184,264122,4197,282939,3,23282,3181,117451,5174,238982,3187,356433,California
Fresno,2021-04-16,9368,579711,4626,268748,4740,287679,2,23284,3913,115953,5418,244400,3920,360353,California
Fresno,2021-04-17,5573,585284,3729,272477,1843,289522,1,23285,2707,115814,2849,247249,2710,363063,California
Fresno,2021-04-18,1026,586310,558,273035,468,289990,0,23285,478,115749,543,247792,478,363541,California
Fresno,2021-04-19,5529,591839,3026,276061,2500,292490,3,23288,2264,114796,3222,251014,2269,365810,California
Fresno,2021-04-20,6950,598789,3437,279498,3505,295995,8,23296,2631,113139,4297,255311,2640,368450,California
Fresno,2021-04-21,6372,605161,3522,283020,2842,298837,8,23304,2657,112129,3678,258989,2668,371118,California
Fresno,2021-04-22,6347,611508,3157,286177,3189,302026,1,23305,2338,110518,3953,262942,2342,373460,California
Fresno,2021-04-23,7044,618552,3780,289957,3246,305272,18,23323,2721,108964,4281,267223,2727,376187,California
Fresno,2021-04-24,4158,622710,2484,292441,1674,306946,0,23323,1955,108730,2189,269412,1955,378142,California
Fresno,2021-04-25,1383,624093,568,293009,813,307759,2,23325,695,108742,684,270096,696,378838,California
Fresno,2021-04-26,3922,628015,1967,294976,1912,309671,43,23368,1656,108203,2236,272332,1697,380535,California
Fresno,2021-04-27,4523,632538,2290,297266,2123,311794,110,23478,1783,107375,2721,275053,1893,382428,California
Fresno,2021-04-28,4704,637242,2624,299890,1953,313747,127,23605,1919,106657,2764,277817,2046,384474,California
Fresno,2021-04-29,4720,641962,2647,302537,1941,315688,132,23737,1738,105575,2952,280769,1870,386344,California
Fresno,2021-04-30,5372,647334,3281,305818,1961,317649,130,23867,2105,104575,3234,284003,2234,388578,California
Fresno,2021-05-01,4182,651516,3467,309285,579,318228,136,24003,1211,102965,2956,286959,1346,389924,California
Fresno,2021-05-02,1241,652757,776,310061,414,318642,51,24054,600,102985,630,287589,650,390574,California
Fresno,2021-05-03,4028,656785,2726,312787,1116,319758,186,24240,1314,101793,2688,290277,1496,392070,California
Fresno,2021-05-04,4823,661608,2499,315286,2174,321932,150,24390,1550,100246,3249,293526,1702,393772,California
Fresno,2021-05-05,4815,666423,2889,318175,1701,323633,225,24615,1463,98598,3329,296855,1681,395453,California
Fresno,2021-05-06,4063,670486,2486,320661,1472,325105,105,24720,1357,97382,2678,299533,1462,396915,California
Fresno,2021-05-07,4985,675471,3277,323938,1547,326652,161,24881,1539,95655,3425,302958,1698,398613,California
Fresno,2021-05-08,3881,679352,2486,326424,1251,327903,144,25025,1167,94273,2694,305652,1312,399925,California
Fresno,2021-05-09,708,680060,375,326799,289,328192,44,25069,347,94308,355,306007,390,400315,California
Fresno,2021-05-10,2936,682996,1595,328394,1201,329393,140,25209,930,93379,1999,308006,1070,401385,California
Fresno,2021-05-11,3571,686567,1846,330240,1637,331030,88,25297,1116,92142,2442,310448,1205,402590,California
Fresno,2021-05-12,3680,690247,2322,332562,1213,332243,145,25442,1313,91257,2344,312792,1459,404049,California
Fresno,2021-05-13,3587,693834,1941,334503,1543,333786,103,25545,1585,90981,1964,314756,1688,405737,California
Fresno,2021-05-14,4991,698825,3017,337520,1795,335581,179,25724,2126,90448,2834,317590,2301,408038,California
Fresno,2021-05-15,3527,702352,2635,340155,770,336351,122,25846,1793,90638,1724,319314,1914,409952,California
Fresno,2021-05-16,1410,703762,922,341077,452,336803,36,25882,767,90803,637,319951,802,410754,California
Fresno,2021-05-17,3955,707717,2659,343736,1148,337951,148,26030,2177,91372,1756,321707,2325,413079,California
Fresno,2021-05-18,2797,710514,1461,345197,1202,339153,134,26164,1326,91382,1449,323156,1459,414538,California
Fresno,2021-05-19,2111,712625,1347,346544,660,339813,104,26268,952,91292,1145,324301,1055,415593,California
Glenn,2020-12-17,1,1,1,1,0,0,0,0,1,1,0,0,1,1,California
Glenn,2020-12-19,1,2,1,2,0,0,0,0,1,2,0,0,1,2,California
Glenn,2020-12-20,1,3,1,3,0,0,0,0,1,3,0,0,1,3,California
Glenn,2020-12-21,11,14,11,14,0,0,0,0,11,14,0,0,11,14,California
Glenn,2020-12-22,59,73,59,73,0,0,0,0,59,73,0,0,59,73,California
Glenn,2020-12-23,27,100,27,100,0,0,0,0,27,100,0,0,27,100,California
Glenn,2020-12-24,9,109,9,109,0,0,0,0,9,109,0,0,9,109,California
Glenn,2020-12-26,2,111,2,111,0,0,0,0,2,111,0,0,2,111,California
Glenn,2020-12-27,4,115,4,115,0,0,0,0,4,115,0,0,4,115,California
Glenn,2020-12-28,21,136,21,136,0,0,0,0,21,136,0,0,21,136,California
Glenn,2020-12-29,82,218,82,218,0,0,0,0,82,218,0,0,82,218,California
Glenn,2020-12-30,129,347,106,324,23,23,0,0,129,347,0,0,129,347,California
Glenn,2020-12-31,38,385,9,333,29,52,0,0,38,385,0,0,38,385,California
Glenn,2021-01-02,2,387,2,335,0,52,0,0,2,387,0,0,2,387,California
Glenn,2021-01-04,7,394,5,340,2,54,0,0,7,394,0,0,7,394,California
Glenn,2021-01-05,9,403,8,348,1,55,0,0,9,403,0,0,9,403,California
Glenn,2021-01-06,60,463,8,356,52,107,0,0,60,463,0,0,60,463,California
Glenn,2021-01-07,67,530,12,368,55,162,0,0,65,526,2,2,65,528,California
Glenn,2021-01-08,12,542,9,377,3,165,0,0,12,538,0,2,12,540,California
Glenn,2021-01-10,1,543,1,378,0,165,0,0,0,537,1,3,0,540,California
Glenn,2021-01-11,30,573,30,408,0,165,0,0,12,531,18,21,12,552,California
Glenn,2021-01-12,42,615,37,445,5,170,0,0,14,517,28,49,14,566,California
Glenn,2021-01-13,152,767,87,532,65,235,0,0,108,581,44,93,108,674,California
Glenn,2021-01-14,185,952,96,628,89,324,0,0,175,746,10,103,175,849,California
Glenn,2021-01-15,42,994,34,662,8,332,0,0,37,778,5,108,37,886,California
Glenn,2021-01-16,34,1028,14,676,20,352,0,0,24,792,10,118,24,910,California
Glenn,2021-01-17,4,1032,2,678,2,354,0,0,2,792,2,120,2,912,California
Glenn,2021-01-18,17,1049,16,694,1,355,0,0,9,793,8,128,9,921,California
Glenn,2021-01-19,31,1080,20,714,11,366,0,0,14,790,17,145,14,935,California
Glenn,2021-01-20,163,1243,94,808,69,435,0,0,82,791,81,226,82,1017,California
Glenn,2021-01-21,124,1367,98,906,26,461,0,0,30,727,94,320,30,1047,California
Glenn,2021-01-22,339,1706,65,971,274,735,0,0,332,1052,7,327,332,1379,California
Glenn,2021-01-23,14,1720,7,978,7,742,0,0,12,1062,2,329,12,1391,California
Glenn,2021-01-24,2,1722,2,980,0,742,0,0,2,1064,0,329,2,1393,California
Glenn,2021-01-25,27,1749,9,989,18,760,0,0,24,1085,3,332,24,1417,California
Glenn,2021-01-26,29,1778,13,1002,16,776,0,0,23,1102,6,338,23,1440,California
Glenn,2021-01-27,188,1966,13,1015,175,951,0,0,166,1246,22,360,166,1606,California
Glenn,2021-01-28,146,2112,8,1023,138,1089,0,0,116,1332,30,390,116,1722,California
Glenn,2021-01-29,296,2408,12,1035,284,1373,0,0,282,1600,14,404,282,2004,California
Glenn,2021-01-30,4,2412,0,1035,4,1377,0,0,4,1604,0,404,4,2008,California
Glenn,2021-01-31,1,2413,0,1035,1,1378,0,0,1,1605,0,404,1,2009,California
Glenn,2021-02-01,28,2441,10,1045,18,1396,0,0,16,1609,12,416,16,2025,California
Glenn,2021-02-02,28,2469,13,1058,15,1411,0,0,19,1619,9,425,19,2044,California
Glenn,2021-02-03,206,2675,57,1115,149,1560,0,0,111,1636,95,520,112,2156,California
Glenn,2021-02-04,150,2825,84,1199,66,1626,0,0,45,1576,105,625,45,2201,California
Glenn,2021-02-05,319,3144,24,1223,295,1921,0,0,299,1855,20,645,299,2500,California
Glenn,2021-02-06,14,3158,2,1225,12,1933,0,0,13,1867,1,646,13,2513,California
Glenn,2021-02-07,2,3160,2,1227,0,1933,0,0,2,1869,0,646,2,2515,California
Glenn,2021-02-08,21,3181,17,1244,4,1937,0,0,4,1856,17,663,4,2519,California
Glenn,2021-02-09,49,3230,20,1264,29,1966,0,0,36,1879,13,676,36,2555,California
Glenn,2021-02-10,139,3369,19,1283,120,2086,0,0,65,1870,74,750,65,2620,California
Glenn,2021-02-11,233,3602,133,1416,100,2186,0,0,151,1938,83,833,151,2771,California
Glenn,2021-02-12,420,4022,99,1515,321,2507,0,0,354,2226,66,899,354,3125,California
Glenn,2021-02-13,34,4056,7,1522,27,2534,0,0,16,2224,18,917,16,3141,California
Glenn,2021-02-14,1,4057,0,1522,1,2535,0,0,1,2225,0,917,1,3142,California
Glenn,2021-02-15,8,4065,0,1522,8,2543,0,0,8,2233,0,917,8,3150,California
Glenn,2021-02-16,39,4104,9,1531,30,2573,0,0,21,2236,18,935,21,3171,California
Glenn,2021-02-17,380,4484,14,1545,366,2939,0,0,302,2460,78,1013,302,3473,California
Glenn,2021-02-18,135,4619,100,1645,35,2974,0,0,111,2547,24,1037,111,3584,California
Glenn,2021-02-19,303,4922,17,1662,286,3260,0,0,29,2302,274,1311,29,3613,California
Glenn,2021-02-20,8,4930,0,1662,8,3268,0,0,0,2294,8,1319,0,3613,California
Glenn,2021-02-21,1,4931,1,1663,0,3268,0,0,1,2295,0,1319,1,3614,California
Glenn,2021-02-22,33,4964,14,1677,19,3287,0,0,17,2296,16,1335,17,3631,California
Glenn,2021-02-23,40,5004,10,1687,30,3317,0,0,28,2312,12,1347,28,3659,California
Glenn,2021-02-24,229,5233,23,1710,206,3523,0,0,47,2177,182,1529,47,3706,California
Glenn,2021-02-25,262,5495,148,1858,114,3637,0,0,118,2159,136,1665,118,3824,California
Glenn,2021-02-26,304,5799,24,1882,280,3917,0,0,20,1896,283,1948,20,3844,California
Glenn,2021-02-27,15,5814,5,1887,10,3927,0,0,5,1892,9,1957,5,3849,California
Glenn,2021-02-28,6,5820,3,1890,3,3930,0,0,3,1893,2,1959,3,3852,California
Glenn,2021-03-01,28,5848,6,1896,22,3952,0,0,12,1889,16,1975,12,3864,California
Glenn,2021-03-02,35,5883,7,1903,28,3980,0,0,17,1888,18,1993,17,3881,California
Glenn,2021-03-03,192,6075,37,1940,155,4135,0,0,101,1900,89,2082,101,3982,California
Glenn,2021-03-04,521,6596,175,2115,346,4481,0,0,375,2129,146,2228,375,4357,California
Glenn,2021-03-05,356,6952,48,2163,308,4789,0,0,35,1843,321,2549,35,4392,California
Glenn,2021-03-06,26,6978,3,2166,22,4811,1,1,9,1836,17,2566,10,4402,California
Glenn,2021-03-07,5,6983,0,2166,5,4816,0,1,3,1838,1,2567,3,4405,California
Glenn,2021-03-08,20,7003,2,2168,17,4833,1,2,18,1855,2,2569,19,4424,California
Glenn,2021-03-09,82,7085,11,2179,68,4901,3,5,54,1883,28,2597,56,4480,California
Glenn,2021-03-10,172,7257,69,2248,101,5002,2,7,95,1903,77,2674,97,4577,California
Glenn,2021-03-11,584,7841,170,2418,391,5393,23,30,454,2250,130,2804,477,5054,California
Glenn,2021-03-12,418,8259,14,2432,342,5735,62,92,41,1976,377,3181,103,5157,California
Glenn,2021-03-13,12,8271,1,2433,3,5738,8,100,1,1974,11,3192,9,5166,California
Glenn,2021-03-14,3,8274,1,2434,2,5740,0,100,1,1973,2,3194,1,5167,California
Glenn,2021-03-15,75,8349,15,2449,55,5795,5,105,60,2023,15,3209,65,5232,California
Glenn,2021-03-16,107,8456,33,2482,63,5858,11,116,66,2059,41,3250,77,5309,California
Glenn,2021-03-17,416,8872,97,2579,312,6170,7,123,115,1878,301,3551,120,5429,California
Glenn,2021-03-18,521,9393,215,2794,50,6220,256,379,145,1902,376,3927,400,5829,California
Glenn,2021-03-19,92,9485,16,2810,70,6290,6,385,71,1959,20,3947,77,5906,California
Glenn,2021-03-20,121,9606,1,2811,119,6409,1,386,119,2077,2,3949,120,6026,California
Glenn,2021-03-21,6,9612,5,2816,0,6409,1,387,3,2079,2,3951,4,6030,California
Glenn,2021-03-22,117,9729,54,2870,55,6464,8,395,97,2166,18,3969,105,6135,California
Glenn,2021-03-23,173,9902,66,2936,56,6520,51,446,100,2245,72,4041,151,6286,California
Glenn,2021-03-24,206,10108,100,3036,101,6621,5,451,134,2313,71,4112,139,6425,California
Glenn,2021-03-25,458,10566,229,3265,135,6756,94,545,330,2610,127,4239,424,6849,California
Glenn,2021-03-26,229,10795,37,3302,156,6912,36,581,178,2773,51,4290,214,7063,California
Glenn,2021-03-27,151,10946,22,3324,124,7036,5,586,141,2909,10,4300,146,7209,California
Glenn,2021-03-28,15,10961,10,3334,5,7041,0,586,10,2914,5,4305,10,7219,California
Glenn,2021-03-29,60,11021,20,3354,37,7078,3,589,46,2949,14,4319,49,7268,California
Glenn,2021-03-30,74,11095,42,3396,31,7109,1,590,42,2962,30,4349,43,7311,California
Glenn,2021-03-31,125,11220,35,3431,89,7198,1,591,54,2947,70,4419,55,7366,California
Glenn,2021-04-01,647,11867,188,3619,450,7648,9,600,235,2781,410,4829,244,7610,California
Glenn,2021-04-02,161,12028,26,3645,123,7771,12,612,125,2882,36,4865,137,7747,California
Glenn,2021-04-03,91,12119,4,3649,80,7851,7,619,80,2958,11,4876,87,7834,California
Glenn,2021-04-04,9,12128,3,3652,4,7855,2,621,5,2961,4,4880,7,7841,California
Glenn,2021-04-05,65,12193,25,3677,27,7882,13,634,28,2965,37,4917,41,7882,California
Glenn,2021-04-06,144,12337,52,3729,53,7935,39,673,38,2936,105,5022,76,7958,California
Glenn,2021-04-07,159,12496,46,3775,59,7994,54,727,73,2977,86,5108,127,8085,California
Glenn,2021-04-08,641,13137,189,3964,418,8412,34,761,139,2650,500,5608,173,8258,California
Glenn,2021-04-09,157,13294,57,4021,84,8496,16,777,101,2711,56,5664,117,8375,California
Glenn,2021-04-10,74,13368,1,4022,61,8557,12,789,61,2771,13,5677,73,8448,California
Glenn,2021-04-11,17,13385,8,4030,4,8561,5,794,7,2773,10,5687,12,8460,California
Glenn,2021-04-12,114,13499,25,4055,60,8621,29,823,20,2728,94,5781,49,8509,California
Glenn,2021-04-13,118,13617,63,4118,55,8676,0,823,31,2673,86,5867,31,8540,California
Glenn,2021-04-14,123,13740,47,4165,76,8752,0,823,69,2688,54,5921,69,8609,California
Glenn,2021-04-15,361,14101,275,4440,86,8838,0,823,124,2575,237,6158,124,8733,California
Glenn,2021-04-16,164,14265,40,4480,124,8962,0,823,78,2567,86,6244,78,8811,California
Glenn,2021-04-17,166,14431,18,4498,148,9110,0,823,36,2480,123,6367,36,8847,California
Glenn,2021-04-18,16,14447,3,4501,13,9123,0,823,13,2490,3,6370,13,8860,California
Glenn,2021-04-19,82,14529,17,4518,65,9188,0,823,27,2463,54,6424,27,8887,California
Glenn,2021-04-20,125,14654,81,4599,44,9232,0,823,56,2450,69,6493,56,8943,California
Glenn,2021-04-21,412,15066,309,4908,103,9335,0,823,286,2610,126,6619,286,9229,California
Glenn,2021-04-22,208,15274,48,4956,160,9495,0,823,43,2489,164,6783,43,9272,California
Glenn,2021-04-23,178,15452,24,4980,154,9649,0,823,48,2408,129,6912,48,9320,California
Glenn,2021-04-24,179,15631,32,5012,147,9796,0,823,44,2317,135,7047,44,9364,California
Glenn,2021-04-25,28,15659,16,5028,12,9808,0,823,21,2331,7,7054,21,9385,California
Glenn,2021-04-26,46,15705,11,5039,35,9843,0,823,19,2323,27,7081,19,9404,California
Glenn,2021-04-27,58,15763,45,5084,8,9851,5,828,28,2326,29,7110,32,9436,California
Glenn,2021-04-28,260,16023,182,5266,67,9918,11,839,127,2335,129,7239,138,9574,California
Glenn,2021-04-29,181,16204,22,5288,157,10075,2,841,43,2242,138,7377,45,9619,California
Glenn,2021-04-30,156,16360,35,5323,119,10194,2,843,46,2180,110,7487,48,9667,California
Glenn,2021-05-01,108,16468,13,5336,94,10288,1,844,30,2133,78,7565,31,9698,California
Glenn,2021-05-02,30,16498,12,5348,9,10297,9,853,15,2142,15,7580,24,9722,California
Glenn,2021-05-03,36,16534,23,5371,12,10309,1,854,14,2135,22,7602,15,9737,California
Glenn,2021-05-04,57,16591,33,5404,19,10328,5,859,28,2139,29,7631,33,9770,California
Glenn,2021-05-05,122,16713,35,5439,77,10405,10,869,51,2129,71,7702,61,9831,California
Glenn,2021-05-06,106,16819,41,5480,60,10465,5,874,40,2108,66,7768,45,9876,California
Glenn,2021-05-07,120,16939,33,5513,78,10543,9,883,31,2060,88,7856,40,9916,California
Glenn,2021-05-08,66,17005,12,5525,50,10593,4,887,21,2041,44,7900,25,9941,California
Glenn,2021-05-09,17,17022,11,5536,6,10599,0,887,13,2050,4,7904,13,9954,California
Glenn,2021-05-10,36,17058,15,5551,16,10615,5,892,15,2049,21,7925,20,9974,California
Glenn,2021-05-11,76,17134,53,5604,14,10629,9,901,16,2014,60,7985,25,9999,California
Glenn,2021-05-12,327,17461,245,5849,68,10697,14,915,46,1793,281,8266,60,10059,California
Glenn,2021-05-13,123,17584,31,5880,74,10771,18,933,40,1768,83,8349,58,10117,California
Glenn,2021-05-14,106,17690,23,5903,78,10849,5,938,41,1750,64,8413,46,10163,California
Glenn,2021-05-15,72,17762,40,5943,29,10878,3,941,39,1759,32,8445,41,10204,California
Glenn,2021-05-16,27,17789,15,5958,12,10890,0,941,6,1744,21,8466,6,10210,California
Glenn,2021-05-17,43,17832,20,5978,19,10909,4,945,18,1741,25,8491,22,10232,California
Glenn,2021-05-18,42,17874,28,6006,13,10922,1,946,15,1730,27,8518,16,10248,California
Glenn,2021-05-19,156,18030,87,6093,64,10986,5,951,56,1692,98,8616,60,10308,California
Humboldt,2020-12-15,2,2,2,2,0,0,0,0,2,2,0,0,2,2,California
Humboldt,2020-12-16,15,17,15,17,0,0,0,0,15,17,0,0,15,17,California
Humboldt,2020-12-17,117,134,117,134,0,0,0,0,117,134,0,0,117,134,California
Humboldt,2020-12-18,177,311,177,311,0,0,0,0,177,311,0,0,177,311,California
Humboldt,2020-12-19,10,321,10,321,0,0,0,0,10,321,0,0,10,321,California
Humboldt,2020-12-20,28,349,28,349,0,0,0,0,28,349,0,0,28,349,California
Humboldt,2020-12-21,166,515,166,515,0,0,0,0,166,515,0,0,166,515,California
Humboldt,2020-12-22,297,812,297,812,0,0,0,0,297,812,0,0,297,812,California
Humboldt,2020-12-23,310,1122,262,1074,48,48,0,0,312,1124,0,0,312,1124,California
Humboldt,2020-12-24,25,1147,2,1076,23,71,0,0,25,1149,0,0,25,1149,California
Humboldt,2020-12-25,2,1149,2,1078,0,71,0,0,2,1151,0,0,2,1151,California
Humboldt,2020-12-26,6,1155,5,1083,1,72,0,0,6,1157,0,0,6,1157,California
Humboldt,2020-12-28,157,1312,145,1228,12,84,0,0,157,1314,0,0,157,1314,California
Humboldt,2020-12-29,171,1483,124,1352,47,131,0,0,171,1485,0,0,171,1485,California
Humboldt,2020-12-30,224,1707,124,1476,100,231,0,0,224,1709,0,0,224,1709,California
Humboldt,2020-12-31,242,1949,79,1555,163,394,0,0,242,1951,0,0,242,1951,California
Humboldt,2021-01-01,2,1951,1,1556,1,395,0,0,2,1953,0,0,2,1953,California
Humboldt,2021-01-02,38,1989,1,1557,37,432,0,0,38,1991,0,0,38,1991,California
Humboldt,2021-01-04,218,2207,142,1699,76,508,0,0,220,2211,0,0,220,2211,California
Humboldt,2021-01-05,130,2337,18,1717,112,620,0,0,129,2339,1,1,129,2340,California
Humboldt,2021-01-06,302,2639,204,1921,98,718,0,0,229,2507,61,62,229,2569,California
Humboldt,2021-01-07,423,3062,311,2232,112,830,0,0,309,2717,99,161,309,2878,California
Humboldt,2021-01-08,420,3482,281,2513,139,969,0,0,285,2871,131,292,285,3163,California
Humboldt,2021-01-09,69,3551,45,2558,24,993,0,0,66,2935,3,295,67,3230,California
Humboldt,2021-01-10,84,3635,84,2642,0,993,0,0,4,2859,80,375,4,3234,California
Humboldt,2021-01-11,289,3924,278,2920,11,1004,0,0,72,2718,213,588,72,3306,California
Humboldt,2021-01-12,483,4407,320,3240,163,1167,0,0,299,2855,162,750,299,3605,California
Humboldt,2021-01-13,492,4899,277,3517,215,1382,0,0,315,2997,174,924,316,3921,California
Humboldt,2021-01-14,522,5421,164,3681,358,1740,0,0,466,3408,56,980,467,4388,California
Humboldt,2021-01-15,375,5796,39,3720,336,2076,0,0,358,3749,17,997,358,4746,California
Humboldt,2021-01-16,170,5966,6,3726,164,2240,0,0,169,3917,1,998,169,4915,California
Humboldt,2021-01-17,6,5972,4,3730,2,2242,0,0,6,3923,0,998,6,4921,California
Humboldt,2021-01-18,294,6266,259,3989,35,2277,0,0,144,3917,150,1148,144,5065,California
Humboldt,2021-01-19,625,6891,372,4361,253,2530,0,0,498,4294,121,1269,498,5563,California
Humboldt,2021-01-20,917,7808,406,4767,511,3041,0,0,768,4923,141,1410,770,6333,California
Humboldt,2021-01-21,959,8767,261,5028,698,3739,0,0,917,5798,42,1452,917,7250,California
Humboldt,2021-01-22,676,9443,376,5404,300,4039,0,0,667,6457,9,1461,668,7918,California
Humboldt,2021-01-23,818,10261,273,5677,545,4584,0,0,809,7258,9,1470,810,8728,California
Humboldt,2021-01-24,227,10488,1,5678,226,4810,0,0,226,7483,1,1471,226,8954,California
Humboldt,2021-01-25,305,10793,233,5911,72,4882,0,0,149,7476,156,1627,149,9103,California
Humboldt,2021-01-26,525,11318,141,6052,384,5266,0,0,475,7901,50,1677,475,9578,California
Humboldt,2021-01-27,1260,12578,587,6639,673,5939,0,0,1194,9038,59,1736,1196,10774,California
Humboldt,2021-01-28,1457,14035,634,7273,823,6762,0,0,1320,10226,134,1870,1322,12096,California
Humboldt,2021-01-29,1132,15167,546,7819,586,7348,0,0,704,10503,428,2298,705,12801,California
Humboldt,2021-01-30,975,16142,457,8276,518,7866,0,0,962,11453,13,2311,963,13764,California
Humboldt,2021-01-31,313,16455,312,8588,1,7867,0,0,312,11764,1,2312,312,14076,California
Humboldt,2021-02-01,334,16789,192,8780,142,8009,0,0,187,11805,146,2458,187,14263,California
Humboldt,2021-02-02,444,17233,74,8854,370,8379,0,0,339,12044,102,2560,341,14604,California
Humboldt,2021-02-03,661,17894,258,9112,403,8782,0,0,510,12403,151,2711,510,15114,California
Humboldt,2021-02-04,638,18532,262,9374,376,9158,0,0,440,12648,195,2906,440,15554,California
Humboldt,2021-02-05,814,19346,94,9468,720,9878,0,0,626,13086,188,3094,626,16180,California
Humboldt,2021-02-06,1057,20403,446,9914,611,10489,0,0,1014,14059,42,3136,1015,17195,California
Humboldt,2021-02-07,378,20781,9,9923,369,10858,0,0,373,14429,4,3140,374,17569,California
Humboldt,2021-02-08,324,21105,142,10065,182,11040,0,0,183,14472,140,3280,183,17752,California
Humboldt,2021-02-09,494,21599,220,10285,274,11314,0,0,179,14336,315,3595,179,17931,California
Humboldt,2021-02-10,564,22163,371,10656,193,11507,0,0,233,14243,326,3921,233,18164,California
Humboldt,2021-02-11,1297,23460,395,11051,902,12409,0,0,500,13950,794,4715,501,18665,California
Humboldt,2021-02-12,1146,24606,736,11787,410,12819,0,0,706,14216,440,5155,706,19371,California
Humboldt,2021-02-13,1506,26112,558,12345,948,13767,0,0,916,14544,588,5743,916,20287,California
Humboldt,2021-02-14,112,26224,5,12350,107,13874,0,0,109,14651,2,5745,109,20396,California
Humboldt,2021-02-15,292,26516,78,12428,214,14088,0,0,195,14750,96,5841,195,20591,California
Humboldt,2021-02-16,534,27050,118,12546,416,14504,0,0,253,14723,281,6122,254,20845,California
Humboldt,2021-02-17,453,27503,281,12827,172,14676,0,0,137,14545,315,6437,137,20982,California
Humboldt,2021-02-18,970,28473,596,13423,374,15050,0,0,229,14035,739,7176,229,21211,California
Humboldt,2021-02-19,476,28949,434,13857,42,15092,0,0,89,13740,384,7560,89,21300,California
Humboldt,2021-02-20,1599,30548,984,14841,615,15707,0,0,475,13096,1121,8681,477,21777,California
Humboldt,2021-02-21,479,31027,471,15312,8,15715,0,0,183,12984,296,8977,184,21961,California
Humboldt,2021-02-22,127,31154,92,15404,35,15750,0,0,28,12915,97,9074,28,21989,California
Humboldt,2021-02-23,172,31326,70,15474,102,15852,0,0,40,12825,130,9204,40,22029,California
Humboldt,2021-02-24,1166,32492,706,16180,460,16312,0,0,587,12834,578,9782,587,22616,California
Humboldt,2021-02-25,834,33326,318,16498,516,16828,0,0,230,12462,602,10384,230,22846,California
Humboldt,2021-02-26,2147,35473,106,16604,2041,18869,0,0,450,11222,1691,12075,451,23297,California
Humboldt,2021-02-27,1694,37167,1075,17679,619,19488,0,0,869,11272,823,12898,873,24170,California
Humboldt,2021-02-28,121,37288,10,17689,111,19599,0,0,116,11383,5,12903,116,24286,California
Humboldt,2021-03-01,260,37548,47,17736,213,19812,0,0,185,11493,75,12978,185,24471,California
Humboldt,2021-03-02,289,37837,49,17785,240,20052,0,0,159,11522,130,13108,159,24630,California
Humboldt,2021-03-03,1658,39495,1098,18883,560,20612,0,0,1220,12312,431,13539,1221,25851,California
Humboldt,2021-03-04,901,40396,112,18995,789,21401,0,0,282,11977,619,14158,284,26135,California
Humboldt,2021-03-05,950,41346,188,19183,751,22152,11,11,393,11828,553,14711,404,26539,California
Humboldt,2021-03-06,1700,43046,842,20025,809,22961,49,60,715,11608,984,15695,764,27303,California
Humboldt,2021-03-07,365,43411,296,20321,51,23012,18,78,158,11577,207,15902,176,27479,California
Humboldt,2021-03-08,274,43685,7,20328,189,23201,78,156,180,11741,94,15996,258,27737,California
Humboldt,2021-03-09,488,44173,210,20538,130,23331,148,304,237,11877,249,16245,385,28122,California
Humboldt,2021-03-10,690,44863,467,21005,70,23401,153,457,420,12179,269,16514,571,28693,California
Humboldt,2021-03-11,1453,46316,463,21468,890,24291,100,557,631,12092,817,17331,730,29423,California
Humboldt,2021-03-12,1745,48061,1082,22550,441,24732,222,779,1053,12686,684,18015,1278,30701,California
Humboldt,2021-03-13,1570,49631,1022,23572,496,25228,52,831,676,12526,888,18903,728,31429,California
Humboldt,2021-03-14,142,49773,18,23590,115,25343,9,840,28,12449,114,19017,37,31466,California
Humboldt,2021-03-15,276,50049,51,23641,204,25547,21,861,59,12312,217,19234,80,31546,California
Humboldt,2021-03-16,635,50684,200,23841,174,25721,261,1122,260,12457,374,19608,519,32065,California
Humboldt,2021-03-17,732,51416,397,24238,227,25948,108,1230,339,12512,392,20000,447,32512,California
Humboldt,2021-03-18,1735,53151,1166,25404,526,26474,43,1273,1040,12905,690,20690,1083,33595,California
Humboldt,2021-03-19,1073,54224,58,25462,701,27175,314,1587,439,13026,631,21321,752,34347,California
Humboldt,2021-03-20,1375,55599,751,26213,611,27786,13,1600,428,12523,945,22266,442,34789,California
Humboldt,2021-03-21,248,55847,32,26245,187,27973,29,1629,203,12709,45,22311,231,35020,California
Humboldt,2021-03-22,115,55962,15,26260,50,28023,50,1679,58,12762,55,22366,108,35128,California
Humboldt,2021-03-23,411,56373,41,26301,327,28350,43,1722,319,13034,90,22456,362,35490,California
Humboldt,2021-03-24,1415,57788,389,26690,978,29328,48,1770,1038,13749,369,22825,1084,36574,California
Humboldt,2021-03-25,1833,59621,1208,27898,563,29891,62,1832,946,13872,885,23710,1008,37582,California
Humboldt,2021-03-26,2041,61662,437,28335,1547,31438,57,1889,1595,15082,441,24151,1651,39233,California
Humboldt,2021-03-27,2016,63678,1439,29774,407,31845,170,2059,1141,15523,870,25021,1311,40544,California
Humboldt,2021-03-28,267,63945,81,29855,115,31960,71,2130,85,15498,182,25203,157,40701,California
Humboldt,2021-03-29,471,64416,127,29982,249,32209,95,2225,201,15524,269,25472,295,40996,California
Humboldt,2021-03-30,941,65357,304,30286,523,32732,114,2339,561,15823,375,25847,674,41670,California
Humboldt,2021-03-31,1861,67218,517,30803,1248,33980,96,2435,1408,16880,450,26297,1507,43177,California
Humboldt,2021-04-01,2105,69323,706,31509,1307,35287,92,2527,1478,17830,620,26917,1570,44747,California
Humboldt,2021-04-02,1721,71044,1109,32618,508,35795,104,2631,620,17462,1095,28012,727,45474,California
Humboldt,2021-04-03,1664,72708,1503,34121,145,35940,16,2647,669,17162,985,28997,685,46159,California
Humboldt,2021-04-04,483,73191,372,34493,102,36042,9,2656,405,17499,78,29075,415,46574,California
Humboldt,2021-04-05,775,73966,460,34953,267,36309,48,2704,441,17657,332,29407,490,47064,California
Humboldt,2021-04-06,839,74805,317,35270,388,36697,134,2838,587,18130,246,29653,719,47783,California
Humboldt,2021-04-07,1487,76292,1057,36327,291,36988,139,2977,984,18752,501,30154,1123,48906,California
Humboldt,2021-04-08,1728,78020,1085,37412,485,37473,158,3135,736,18656,990,31144,894,49800,California
Humboldt,2021-04-09,1432,79452,432,37844,847,38320,153,3288,1147,19664,285,31429,1293,51093,California
Humboldt,2021-04-10,930,80382,137,37981,617,38937,176,3464,730,20370,198,31627,904,51997,California
Humboldt,2021-04-11,638,81020,137,38118,35,38972,466,3930,127,20451,511,32138,592,52589,California
Humboldt,2021-04-12,430,81450,222,38340,83,39055,125,4055,273,20692,157,32295,398,52987,California
Humboldt,2021-04-13,581,82031,322,38662,256,39311,3,4058,546,21209,31,32326,548,53535,California
Humboldt,2021-04-14,1416,83447,1026,39688,390,39701,0,4058,1305,22404,110,32436,1305,54840,California
Humboldt,2021-04-15,1811,85258,1195,40883,612,40313,4,4062,1244,23101,549,32985,1246,56086,California
Humboldt,2021-04-16,1121,86379,518,41401,603,40916,0,4062,539,23061,579,33564,539,56625,California
Humboldt,2021-04-17,1601,87980,1278,42679,323,41239,0,4062,1012,23490,583,34147,1012,57637,California
Humboldt,2021-04-18,653,88633,342,43021,310,41549,1,4063,93,23029,554,34701,93,57730,California
Humboldt,2021-04-19,185,88818,82,43103,103,41652,0,4063,70,22986,113,34814,70,57800,California
Humboldt,2021-04-20,475,89293,129,43232,346,41998,0,4063,231,22974,243,35057,231,58031,California
Humboldt,2021-04-21,1082,90375,375,43607,707,42705,0,4063,427,22757,645,35702,428,58459,California
Humboldt,2021-04-22,873,91248,520,44127,351,43056,2,4065,438,22763,432,36134,438,58897,California
Humboldt,2021-04-23,2155,93403,303,44430,1852,44908,0,4065,311,21233,1841,37975,311,59208,California
Humboldt,2021-04-24,1079,94482,875,45305,199,45107,5,4070,360,20881,717,38692,365,59573,California
Humboldt,2021-04-25,373,94855,238,45543,135,45242,0,4070,187,20885,183,38875,187,59760,California
Humboldt,2021-04-26,304,95159,210,45753,90,45332,4,4074,86,20757,216,39091,88,59848,California
Humboldt,2021-04-27,693,95852,225,45978,450,45782,18,4092,140,20365,550,39641,158,60006,California
Humboldt,2021-04-28,1537,97389,794,46772,697,46479,46,4138,397,19670,1138,40779,443,60449,California
Humboldt,2021-04-29,1723,99112,580,47352,1105,47584,38,4176,278,18545,1441,42220,316,60765,California
Humboldt,2021-04-30,1245,100357,390,47742,821,48405,34,4210,197,17732,1042,43262,229,60994,California
Humboldt,2021-05-01,458,100815,378,48120,58,48463,22,4232,283,17863,174,43436,305,61299,California
Humboldt,2021-05-02,227,101042,182,48302,36,48499,9,4241,113,17873,113,43549,123,61422,California
Humboldt,2021-05-03,610,101652,377,48679,209,48708,24,4265,98,17485,510,44059,122,61544,California
Humboldt,2021-05-04,816,102468,481,49160,291,48999,44,4309,247,17209,566,44625,290,61834,California
Humboldt,2021-05-05,1685,104153,1075,50235,553,49552,57,4366,180,15946,1498,46123,235,62069,California
Humboldt,2021-05-06,1650,105803,1041,51276,357,49909,252,4618,135,14821,1512,47635,387,62456,California
Humboldt,2021-05-07,1426,107229,304,51580,1063,50972,59,4677,237,13928,1187,48822,294,62750,California
Humboldt,2021-05-08,697,107926,105,51685,570,51542,22,4699,88,13430,608,49430,110,62860,California
Humboldt,2021-05-09,908,108834,855,52540,43,51585,10,4709,48,12628,860,50290,58,62918,California
Humboldt,2021-05-10,211,109045,36,52576,139,51724,36,4745,81,12615,130,50420,117,63035,California
Humboldt,2021-05-11,485,109530,145,52721,270,51994,70,4815,183,12566,302,50722,253,63288,California
Humboldt,2021-05-12,571,110101,119,52840,411,52405,41,4856,204,12444,367,51089,245,63533,California
Humboldt,2021-05-13,463,110564,227,53067,212,52617,24,4880,212,12431,250,51339,237,63770,California
Humboldt,2021-05-14,687,111251,133,53200,449,53066,105,4985,231,12313,453,51792,335,64105,California
Humboldt,2021-05-15,769,112020,634,53834,127,53193,8,4993,202,11957,566,52358,210,64315,California
Humboldt,2021-05-16,117,112137,52,53886,62,53255,3,4996,67,11977,50,52408,70,64385,California
Humboldt,2021-05-17,382,112519,207,54093,154,53409,21,5017,210,12037,170,52578,230,64615,California
Humboldt,2021-05-18,426,112945,173,54266,225,53634,28,5045,199,12037,227,52805,227,64842,California
Humboldt,2021-05-19,592,113537,341,54607,229,53863,22,5067,93,11654,496,53301,113,64955,California
Imperial,2020-12-16,1,1,1,1,0,0,0,0,1,1,0,0,1,1,California
Imperial,2020-12-17,4,5,4,5,0,0,0,0,4,5,0,0,4,5,California
Imperial,2020-12-18,12,17,12,17,0,0,0,0,12,17,0,0,12,17,California
Imperial,2020-12-20,2,19,2,19,0,0,0,0,2,19,0,0,2,19,California
Imperial,2020-12-21,186,205,186,205,0,0,0,0,186,205,0,0,186,205,California
Imperial,2020-12-22,241,446,239,444,2,2,0,0,241,446,0,0,241,446,California
Imperial,2020-12-23,210,656,209,653,1,3,0,0,209,655,0,0,209,655,California
Imperial,2020-12-24,5,661,5,658,0,3,0,0,5,660,0,0,5,660,California
Imperial,2020-12-26,1,662,0,658,1,4,0,0,1,661,0,0,1,661,California
Imperial,2020-12-27,62,724,0,658,62,66,0,0,62,723,0,0,62,723,California
Imperial,2020-12-28,214,938,114,772,100,166,0,0,214,937,0,0,214,937,California
Imperial,2020-12-29,189,1127,36,808,153,319,0,0,189,1126,0,0,189,1126,California
Imperial,2020-12-30,366,1493,50,858,316,635,0,0,366,1492,0,0,366,1492,California
Imperial,2020-12-31,197,1690,26,884,171,806,0,0,197,1689,0,0,197,1689,California
Imperial,2021-01-01,47,1737,5,889,42,848,0,0,47,1736,0,0,47,1736,California
Imperial,2021-01-02,4,1741,0,889,4,852,0,0,4,1740,0,0,4,1740,California
Imperial,2021-01-03,90,1831,0,889,90,942,0,0,90,1830,0,0,90,1830,California
Imperial,2021-01-04,85,1916,5,894,80,1022,0,0,85,1915,0,0,85,1915,California
Imperial,2021-01-05,174,2090,14,908,160,1182,0,0,174,2089,0,0,174,2089,California
Imperial,2021-01-06,190,2280,25,933,165,1347,0,0,189,2277,1,1,189,2278,California
Imperial,2021-01-07,321,2601,10,943,311,1658,0,0,318,2592,3,4,318,2596,California
Imperial,2021-01-08,192,2793,52,995,140,1798,0,0,182,2764,10,14,182,2778,California
Imperial,2021-01-09,24,2817,21,1016,3,1801,0,0,24,2788,0,14,24,2802,California
Imperial,2021-01-10,1,2818,0,1016,1,1802,0,0,1,2789,0,14,1,2803,California
Imperial,2021-01-11,402,3220,243,1259,159,1961,0,0,174,2735,228,242,174,2977,California
Imperial,2021-01-12,404,3624,302,1561,102,2063,0,0,142,2616,261,503,142,3119,California
Imperial,2021-01-13,379,4003,132,1693,247,2310,0,0,280,2797,99,602,280,3399,California
Imperial,2021-01-14,260,4263,151,1844,109,2419,0,0,254,3046,5,607,254,3653,California
Imperial,2021-01-15,241,4504,182,2026,59,2478,0,0,234,3273,7,614,234,3887,California
Imperial,2021-01-16,77,4581,73,2099,4,2482,0,0,76,3348,1,615,76,3963,California
Imperial,2021-01-17,10,4591,2,2101,8,2490,0,0,10,3358,0,615,10,3973,California
Imperial,2021-01-18,1053,5644,399,2500,654,3144,0,0,955,4216,98,713,956,4929,California
Imperial,2021-01-19,165,5809,129,2629,36,3180,0,0,118,4287,47,760,118,5047,California
Imperial,2021-01-20,292,6101,195,2824,97,3277,0,0,254,4503,38,798,254,5301,California
Imperial,2021-01-21,415,6516,183,3007,232,3509,0,0,395,4878,20,818,395,5696,California
Imperial,2021-01-22,457,6973,189,3196,268,3777,0,0,448,5317,9,827,448,6144,California
Imperial,2021-01-23,1040,8013,290,3486,750,4527,0,0,1039,6355,1,828,1039,7183,California
Imperial,2021-01-24,11,8024,4,3490,7,4534,0,0,11,6366,0,828,11,7194,California
Imperial,2021-01-25,214,8238,5,3495,209,4743,0,0,34,6222,178,1006,34,7228,California
Imperial,2021-01-26,364,8602,185,3680,179,4922,0,0,221,6300,143,1149,221,7449,California
Imperial,2021-01-27,570,9172,162,3842,408,5330,0,0,237,6204,333,1482,237,7686,California
Imperial,2021-01-28,633,9805,160,4002,473,5803,0,0,525,6621,108,1590,525,8211,California
Imperial,2021-01-29,424,10229,296,4298,128,5931,0,0,374,6945,50,1640,374,8585,California
Imperial,2021-01-30,56,10285,31,4329,25,5956,0,0,39,6967,17,1657,39,8624,California
Imperial,2021-01-31,17,10302,7,4336,10,5966,0,0,16,6982,1,1658,16,8640,California
Imperial,2021-02-01,421,10723,55,4391,366,6332,0,0,210,6983,209,1867,210,8850,California
Imperial,2021-02-02,683,11406,56,4447,627,6959,0,0,502,7304,181,2048,502,9352,California
Imperial,2021-02-03,457,11863,48,4495,409,7368,0,0,264,7376,192,2240,264,9616,California
Imperial,2021-02-04,1724,13587,1203,5698,521,7889,0,0,1408,8470,314,2554,1408,11024,California
Imperial,2021-02-05,389,13976,241,5939,148,8037,0,0,155,8390,235,2789,155,11179,California
Imperial,2021-02-06,863,14839,838,6777,25,8062,0,0,828,9182,36,2825,828,12007,California
Imperial,2021-02-07,21,14860,9,6786,12,8074,0,0,20,9201,1,2826,20,12027,California
Imperial,2021-02-08,249,15109,42,6828,207,8281,0,0,181,9314,68,2894,181,12208,California
Imperial,2021-02-09,463,15572,146,6974,317,8598,0,0,305,9461,158,3052,305,12513,California
Imperial,2021-02-10,386,15958,56,7030,330,8928,0,0,96,9268,290,3342,97,12610,California
Imperial,2021-02-11,466,16424,260,7290,206,9134,0,0,90,8982,376,3718,90,12700,California
Imperial,2021-02-12,2130,18554,1411,8701,719,9853,0,0,1782,10413,351,4069,1782,14482,California
Imperial,2021-02-13,47,18601,18,8719,29,9882,0,0,42,10448,8,4077,43,14525,California
Imperial,2021-02-14,24,18625,12,8731,12,9894,0,0,21,10466,3,4080,21,14546,California
Imperial,2021-02-15,32,18657,11,8742,21,9915,0,0,25,10484,7,4087,25,14571,California
Imperial,2021-02-16,514,19171,267,9009,247,10162,0,0,293,10556,221,4308,293,14864,California
Imperial,2021-02-17,439,19610,285,9294,154,10316,0,0,83,10283,356,4664,83,14947,California
Imperial,2021-02-18,646,20256,308,9602,338,10654,0,0,140,9919,504,5168,140,15087,California
Imperial,2021-02-19,767,21023,382,9984,385,11039,0,0,192,9537,574,5742,192,15279,California
Imperial,2021-02-20,1042,22065,191,10175,851,11890,0,0,327,9154,712,6454,329,15608,California
Imperial,2021-02-21,591,22656,557,10732,34,11924,0,0,580,9724,10,6464,580,16188,California
Imperial,2021-02-22,806,23462,567,11299,239,12163,0,0,757,10432,49,6513,757,16945,California
Imperial,2021-02-23,963,24425,395,11694,568,12731,0,0,908,11286,55,6568,909,17854,California
Imperial,2021-02-24,718,25143,302,11996,416,13147,0,0,621,11811,96,6664,621,18475,California
Imperial,2021-02-25,820,25963,340,12336,480,13627,0,0,454,11905,365,7029,459,18934,California
Imperial,2021-02-26,1745,27708,1351,13687,394,14021,0,0,1571,13304,173,7202,1572,20506,California
Imperial,2021-02-27,866,28574,811,14498,55,14076,0,0,130,12696,739,7941,131,20637,California
Imperial,2021-02-28,32,28606,20,14518,12,14088,0,0,22,12708,10,7951,22,20659,California
Imperial,2021-03-01,499,29105,296,14814,201,14289,2,2,432,13078,65,8016,435,21094,California
Imperial,2021-03-02,677,29782,247,15061,430,14719,0,2,387,13178,289,8305,389,21483,California
Imperial,2021-03-03,927,30709,49,15110,877,15596,1,3,558,13382,366,8671,570,22053,California
Imperial,2021-03-04,756,31465,86,15196,669,16265,1,4,493,13644,261,8932,523,22576,California
Imperial,2021-03-05,2597,34062,1939,17135,658,16923,0,4,1279,13603,1322,10254,1281,23857,California
Imperial,2021-03-06,703,34765,238,17373,465,17388,0,4,658,14223,42,10296,662,24519,California
Imperial,2021-03-07,85,34850,41,17414,44,17432,0,4,60,14260,24,10320,61,24580,California
Imperial,2021-03-08,416,35266,331,17745,50,17482,35,39,363,14606,52,10372,398,24978,California
Imperial,2021-03-09,682,35948,311,18056,124,17606,247,286,398,14966,284,10656,644,25622,California
Imperial,2021-03-10,685,36633,313,18369,267,17873,105,391,321,15029,363,11019,426,26048,California
Imperial,2021-03-11,1794,38427,478,18847,1124,18997,192,583,1191,15823,600,11619,1394,27442,California
Imperial,2021-03-12,3713,42140,2540,21387,987,19984,186,769,2108,16515,1602,13221,2294,29736,California
Imperial,2021-03-13,1153,43293,93,21480,837,20821,223,992,860,17312,290,13511,1087,30823,California
Imperial,2021-03-14,173,43466,35,21515,126,20947,12,1004,140,17432,33,13544,153,30976,California
Imperial,2021-03-15,672,44138,214,21729,199,21146,259,1263,375,17771,295,13839,634,31610,California
Imperial,2021-03-16,1083,45221,275,22004,355,21501,453,1716,547,18236,534,14373,999,32609,California
Imperial,2021-03-17,1581,46802,690,22694,754,22255,137,1853,999,18797,576,14949,1137,33746,California
Imperial,2021-03-18,1788,48590,1177,23871,551,22806,60,1913,1256,19586,529,15478,1318,35064,California
Imperial,2021-03-19,3339,51929,2448,26319,888,23694,3,1916,1502,19263,1829,17307,1506,36570,California
Imperial,2021-03-20,872,52801,550,26869,317,24011,5,1921,426,19259,441,17748,437,37007,California
Imperial,2021-03-21,217,53018,35,26904,178,24189,4,1925,159,19368,58,17806,167,37174,California
Imperial,2021-03-22,1047,54065,339,27243,701,24890,7,1932,622,19575,424,18230,631,37805,California
Imperial,2021-03-23,1390,55455,411,27654,972,25862,7,1939,890,19977,497,18727,899,38704,California
Imperial,2021-03-24,1871,57326,543,28197,901,26763,427,2366,900,20335,968,19695,1326,40030,California
Imperial,2021-03-25,2957,60283,519,28716,884,27647,1554,3920,1028,20981,1925,21620,2571,42601,California
Imperial,2021-03-26,2490,62773,880,29596,739,28386,871,4791,778,20926,1705,23325,1650,44251,California
Imperial,2021-03-27,610,63383,282,29878,276,28662,52,4843,442,21255,165,23490,494,44745,California
Imperial,2021-03-28,210,63593,51,29929,157,28819,2,4845,172,21392,37,23527,174,44919,California
Imperial,2021-03-29,1215,64808,348,30277,392,29211,475,5320,318,21291,895,24422,794,45713,California
Imperial,2021-03-30,1919,66727,675,30952,594,29805,650,5970,675,21373,1244,25666,1326,47039,California
Imperial,2021-03-31,1527,68254,714,31666,808,30613,5,5975,1009,21871,516,26182,1014,48053,California
Imperial,2021-04-01,1932,70186,401,32067,1289,31902,242,6217,853,21891,1074,27256,1094,49147,California
Imperial,2021-04-02,1294,71480,450,32517,770,32672,74,6291,763,22200,528,27784,837,49984,California
Imperial,2021-04-03,1499,72979,411,32928,1009,33681,79,6370,688,22159,808,28592,767,50751,California
Imperial,2021-04-04,85,73064,40,32968,28,33709,17,6387,23,22137,62,28654,40,50791,California
Imperial,2021-04-05,2131,75195,1291,34259,773,34482,67,6454,411,20911,1712,30366,486,51277,California
Imperial,2021-04-06,1305,76500,527,34786,589,35071,189,6643,685,21169,617,30983,875,52152,California
Imperial,2021-04-07,2154,78654,553,35339,1225,36296,376,7019,1552,22491,606,31589,1928,54080,California
Imperial,2021-04-08,2192,80846,1073,36412,825,37121,294,7313,1080,22754,1109,32698,1372,55452,California
Imperial,2021-04-09,2174,83020,635,37047,923,38044,616,7929,838,22874,1332,34030,1452,56904,California
Imperial,2021-04-10,1277,84297,184,37231,822,38866,271,8200,215,22298,1060,35090,484,57388,California
Imperial,2021-04-11,219,84516,30,37261,157,39023,32,8232,77,22264,142,35232,108,57496,California
Imperial,2021-04-12,1417,85933,766,38027,431,39454,220,8452,799,22669,614,35846,1019,58515,California
Imperial,2021-04-13,2839,88772,1893,39920,944,40398,2,8454,2050,23934,785,36631,2050,60565,California
Imperial,2021-04-14,2022,90794,942,40862,1080,41478,0,8454,1429,24777,587,37218,1430,61995,California
Imperial,2021-04-15,1977,92771,908,41770,1069,42547,0,8454,1385,25575,589,37807,1387,63382,California
Imperial,2021-04-16,2381,95152,1207,42977,1174,43721,0,8454,1459,26121,913,38720,1459,64841,California
Imperial,2021-04-17,1818,96970,934,43911,882,44603,2,8456,1430,27171,383,39103,1433,66274,California
Imperial,2021-04-18,250,97220,69,43980,181,44784,0,8456,90,27102,159,39262,90,66364,California
Imperial,2021-04-19,833,98053,265,44245,568,45352,0,8456,489,27253,342,39604,493,66857,California
Imperial,2021-04-20,1320,99373,524,44769,796,46148,0,8456,777,27492,539,40143,778,67635,California
Imperial,2021-04-21,1367,100740,337,45106,1030,47178,0,8456,825,27778,539,40682,825,68460,California
Imperial,2021-04-22,2042,102782,786,45892,1256,48434,0,8456,1438,28622,596,41278,1440,69900,California
Imperial,2021-04-23,1696,104478,422,46314,1274,49708,0,8456,897,28749,774,42052,901,70801,California
Imperial,2021-04-24,547,105025,324,46638,223,49931,0,8456,215,28634,330,42382,215,71016,California
Imperial,2021-04-25,264,105289,97,46735,167,50098,0,8456,136,28643,127,42509,136,71152,California
Imperial,2021-04-26,1130,106419,460,47195,667,50765,3,8459,691,28902,435,42944,694,71846,California
Imperial,2021-04-27,1027,107446,339,47534,679,51444,9,8468,525,28937,499,43443,534,72380,California
Imperial,2021-04-28,1476,108922,636,48170,811,52255,29,8497,675,28846,795,44238,704,73084,California
Imperial,2021-04-29,1791,110713,852,49022,893,53148,46,8543,828,28766,955,45193,875,73959,California
Imperial,2021-04-30,1522,112235,736,49758,753,53901,33,8576,1043,29375,467,45660,1076,75035,California
Imperial,2021-05-01,311,112546,123,49881,185,54086,3,8579,161,29390,150,45810,165,75200,California
Imperial,2021-05-02,83,112629,25,49906,56,54142,2,8581,53,29416,30,45840,56,75256,California
Imperial,2021-05-03,1609,114238,542,50448,1020,55162,47,8628,372,28608,1228,47068,420,75676,California
Imperial,2021-05-04,1633,115871,857,51305,750,55912,26,8654,480,27968,1146,48214,506,76182,California
Imperial,2021-05-05,1479,117350,891,52196,567,56479,21,8675,442,27403,1029,49243,464,76646,California
Imperial,2021-05-06,1609,118959,1110,53306,465,56944,34,8709,529,26890,1076,50319,563,77209,California
Imperial,2021-05-07,1542,120501,923,54229,574,57518,45,8754,629,26657,907,51226,674,77883,California
Imperial,2021-05-08,460,120961,328,54557,124,57642,8,8762,151,26515,301,51527,159,78042,California
Imperial,2021-05-09,93,121054,62,54619,30,57672,1,8763,30,26486,60,51587,31,78073,California
Imperial,2021-05-10,628,121682,208,54827,298,57970,122,8885,235,26453,389,51976,356,78429,California
Imperial,2021-05-11,1249,122931,439,55266,791,58761,19,8904,449,26130,794,52770,471,78900,California
Imperial,2021-05-12,695,123626,260,55526,397,59158,38,8942,266,26010,424,53194,304,79204,California
Imperial,2021-05-13,1321,124947,850,56376,399,59557,72,9014,558,25885,755,53949,630,79834,California
Imperial,2021-05-14,1259,126206,737,57113,482,60039,40,9054,897,26463,359,54308,937,80771,California
Imperial,2021-05-15,1072,127278,365,57478,687,60726,20,9074,369,26155,697,55005,389,81160,California
Imperial,2021-05-16,122,127400,85,57563,35,60761,2,9076,53,26141,69,55074,55,81215,California
Imperial,2021-05-17,780,128180,354,57917,402,61163,24,9100,285,25959,492,55566,310,81525,California
Imperial,2021-05-18,916,129096,515,58432,353,61516,48,9148,550,26193,365,55931,599,82124,California
Imperial,2021-05-19,818,129914,346,58778,422,61938,50,9198,350,26128,465,56396,400,82524,California
Inyo,2020-12-19,85,85,85,85,0,0,0,0,85,85,0,0,85,85,California
Inyo,2020-12-20,58,143,58,143,0,0,0,0,58,143,0,0,58,143,California
Inyo,2020-12-21,88,231,85,228,3,3,0,0,88,231,0,0,88,231,California
Inyo,2020-12-22,105,336,105,333,0,3,0,0,105,336,0,0,105,336,California
Inyo,2020-12-23,70,406,67,400,3,6,0,0,70,406,0,0,70,406,California
Inyo,2020-12-24,16,422,16,416,0,6,0,0,16,422,0,0,16,422,California
Inyo,2020-12-25,1,423,0,416,1,7,0,0,1,423,0,0,1,423,California
Inyo,2020-12-26,74,497,74,490,0,7,0,0,74,497,0,0,74,497,California
Inyo,2020-12-28,48,545,36,526,12,19,0,0,48,545,0,0,48,545,California
Inyo,2020-12-29,19,564,19,545,0,19,0,0,19,564,0,0,19,564,California
Inyo,2020-12-30,56,620,54,599,2,21,0,0,56,620,0,0,56,620,California
Inyo,2020-12-31,29,649,0,599,29,50,0,0,29,649,0,0,29,649,California
Inyo,2021-01-01,1,650,0,599,1,51,0,0,1,650,0,0,1,650,California
Inyo,2021-01-03,1,651,0,599,1,52,0,0,1,651,0,0,1,651,California
Inyo,2021-01-04,2,653,1,600,1,53,0,0,2,653,0,0,2,653,California
Inyo,2021-01-05,34,687,0,600,34,87,0,0,34,687,0,0,34,687,California
Inyo,2021-01-06,68,755,0,600,68,155,0,0,68,755,0,0,68,755,California
Inyo,2021-01-07,31,786,1,601,30,185,0,0,31,786,0,0,31,786,California
Inyo,2021-01-08,9,795,8,609,1,186,0,0,4,786,5,5,5,791,California
Inyo,2021-01-09,87,882,86,695,1,187,0,0,1,701,86,91,1,792,California
Inyo,2021-01-10,52,934,52,747,0,187,0,0,0,649,52,143,0,792,California
Inyo,2021-01-11,97,1031,82,829,15,202,0,0,16,584,81,224,16,808,California
Inyo,2021-01-12,139,1170,118,947,21,223,0,0,28,501,111,335,28,836,California
Inyo,2021-01-13,86,1256,68,1015,18,241,0,0,21,458,65,400,22,858,California
Inyo,2021-01-14,59,1315,13,1028,46,287,0,0,49,497,10,410,49,907,California
Inyo,2021-01-15,163,1478,28,1056,135,422,0,0,163,660,0,410,163,1070,California
Inyo,2021-01-16,74,1552,73,1129,1,423,0,0,1,588,73,483,1,1071,California
Inyo,2021-01-18,58,1610,36,1165,22,445,0,0,19,568,39,522,19,1090,California
Inyo,2021-01-19,114,1724,72,1237,42,487,0,0,97,648,17,539,97,1187,California
Inyo,2021-01-20,147,1871,71,1308,76,563,0,0,93,687,54,593,93,1280,California
Inyo,2021-01-21,121,1992,57,1365,64,627,0,0,120,806,1,594,120,1400,California
Inyo,2021-01-22,62,2054,0,1365,62,689,0,0,61,866,1,595,61,1461,California
Inyo,2021-01-23,52,2106,52,1417,0,689,0,0,52,918,0,595,52,1513,California
Inyo,2021-01-25,49,2155,6,1423,43,732,0,0,37,943,12,607,37,1550,California
Inyo,2021-01-26,135,2290,54,1477,81,813,0,0,129,1066,6,613,129,1679,California
Inyo,2021-01-27,24,2314,2,1479,22,835,0,0,23,1088,1,614,23,1702,California
Inyo,2021-01-28,92,2406,2,1481,90,925,0,0,63,1122,29,643,63,1765,California
Inyo,2021-01-29,25,2431,3,1484,22,947,0,0,23,1143,2,645,23,1788,California
Inyo,2021-01-30,11,2442,1,1485,10,957,0,0,11,1154,0,645,11,1799,California
Inyo,2021-01-31,32,2474,4,1489,28,985,0,0,4,1130,28,673,4,1803,California
Inyo,2021-02-01,10,2484,9,1498,1,986,0,0,0,1120,10,683,0,1803,California
Inyo,2021-02-02,130,2614,14,1512,116,1102,0,0,104,1198,26,709,104,1907,California
Inyo,2021-02-03,116,2730,0,1512,116,1218,0,0,74,1230,42,751,74,1981,California
Inyo,2021-02-04,149,2879,31,1543,118,1336,0,0,90,1261,59,810,90,2071,California
Inyo,2021-02-05,117,2996,61,1604,56,1392,0,0,115,1374,2,812,115,2186,California
Inyo,2021-02-06,4,3000,2,1606,2,1394,0,0,3,1376,1,813,3,2189,California
Inyo,2021-02-07,4,3004,2,1608,2,1396,0,0,4,1380,0,813,4,2193,California
Inyo,2021-02-08,117,3121,7,1615,110,1506,0,0,97,1457,20,833,97,2290,California
Inyo,2021-02-09,196,3317,52,1667,144,1650,0,0,125,1511,71,904,125,2415,California
Inyo,2021-02-10,143,3460,18,1685,125,1775,0,0,109,1586,34,938,109,2524,California
Inyo,2021-02-11,220,3680,56,1741,164,1939,0,0,126,1618,94,1032,126,2650,California
Inyo,2021-02-12,299,3979,51,1792,248,2187,0,0,167,1653,132,1164,167,2817,California
Inyo,2021-02-13,60,4039,55,1847,5,2192,0,0,8,1609,52,1216,8,2825,California
Inyo,2021-02-14,1,4040,0,1847,1,2193,0,0,1,1610,0,1216,1,2826,California
Inyo,2021-02-15,29,4069,9,1856,20,2213,0,0,5,1591,24,1240,5,2831,California
Inyo,2021-02-16,179,4248,50,1906,129,2342,0,0,92,1597,86,1326,92,2923,California
Inyo,2021-02-17,38,4286,4,1910,34,2376,0,0,8,1575,30,1356,8,2931,California
Inyo,2021-02-18,123,4409,6,1916,117,2493,0,0,79,1610,44,1400,79,3010,California
Inyo,2021-02-19,52,4461,4,1920,48,2541,0,0,9,1576,43,1443,9,3019,California
Inyo,2021-02-20,506,4967,502,2422,4,2545,0,0,504,2078,2,1445,504,3523,California
Inyo,2021-02-21,438,5405,438,2860,0,2545,0,0,438,2516,0,1445,438,3961,California
Inyo,2021-02-22,61,5466,19,2879,42,2587,0,0,27,2509,34,1479,27,3988,California
Inyo,2021-02-23,199,5665,20,2899,179,2766,0,0,95,2501,103,1582,95,4083,California
Inyo,2021-02-24,118,5783,0,2899,118,2884,0,0,57,2497,61,1643,57,4140,California
Inyo,2021-02-25,130,5913,3,2902,127,3011,0,0,62,2491,68,1711,62,4202,California
Inyo,2021-02-26,103,6016,60,2962,43,3054,0,0,19,2426,84,1795,19,4221,California
Inyo,2021-02-27,15,6031,4,2966,11,3065,0,0,3,2417,12,1807,3,4224,California
Inyo,2021-02-28,3,6034,1,2967,2,3067,0,0,2,2418,1,1808,2,4226,California
Inyo,2021-03-01,19,6053,2,2969,17,3084,0,0,17,2433,2,1810,17,4243,California
Inyo,2021-03-02,196,6249,1,2970,195,3279,0,0,111,2459,85,1895,111,4354,California
Inyo,2021-03-03,85,6334,4,2974,81,3360,0,0,41,2456,44,1939,41,4395,California
Inyo,2021-03-04,128,6462,4,2978,124,3484,0,0,46,2420,82,2021,46,4441,California
Inyo,2021-03-05,141,6603,56,3034,85,3569,0,0,38,2355,103,2124,38,4479,California
Inyo,2021-03-06,31,6634,1,3035,30,3599,0,0,30,2384,1,2125,30,4509,California
Inyo,2021-03-07,7,6641,4,3039,3,3602,0,0,5,2387,2,2127,5,4514,California
Inyo,2021-03-08,182,6823,5,3044,177,3779,0,0,91,2387,91,2218,91,4605,California
Inyo,2021-03-09,191,7014,3,3047,188,3967,0,0,74,2344,117,2335,74,4679,California
Inyo,2021-03-10,70,7084,8,3055,61,4028,1,1,30,2335,40,2375,31,4710,California
Inyo,2021-03-11,204,7288,1,3056,198,4226,5,6,74,2284,130,2505,79,4789,California
Inyo,2021-03-12,175,7463,4,3060,166,4392,5,11,77,2268,98,2603,82,4871,California
Inyo,2021-03-13,576,8039,541,3601,25,4417,10,21,72,1847,503,3106,82,4953,California
Inyo,2021-03-14,431,8470,430,4031,1,4418,0,21,7,1431,423,3529,7,4960,California
Inyo,2021-03-15,51,8521,15,4046,34,4452,2,23,30,1442,21,3550,32,4992,California
Inyo,2021-03-16,163,8684,4,4050,153,4605,6,29,63,1412,99,3649,69,5061,California
Inyo,2021-03-17,108,8792,3,4053,98,4703,7,36,92,1495,16,3665,99,5160,California
Inyo,2021-03-18,184,8976,15,4068,162,4865,7,43,103,1524,81,3746,110,5270,California
Inyo,2021-03-19,46,9022,4,4072,38,4903,4,47,36,1554,10,3756,40,5310,California
Inyo,2021-03-20,20,9042,1,4073,10,4913,9,56,1,1545,19,3775,10,5320,California
Inyo,2021-03-22,59,9101,2,4075,52,4965,5,61,39,1569,20,3795,44,5364,California
Inyo,2021-03-23,194,9295,4,4079,186,5151,4,65,104,1587,90,3885,108,5472,California
Inyo,2021-03-24,140,9435,3,4082,133,5284,4,69,86,1623,54,3939,90,5562,California
Inyo,2021-03-25,325,9760,104,4186,217,5501,4,73,258,1818,67,4006,262,5824,California
Inyo,2021-03-26,91,9851,3,4189,84,5585,4,77,71,1873,20,4026,75,5899,California
Inyo,2021-03-27,52,9903,44,4233,5,5590,3,80,46,1916,6,4032,49,5948,California
Inyo,2021-03-28,4,9907,1,4234,2,5592,1,81,1,1915,3,4035,2,5950,California
Inyo,2021-03-29,109,10016,2,4236,102,5694,5,86,82,1976,26,4061,87,6037,California
Inyo,2021-03-30,215,10231,2,4238,208,5902,5,91,103,1972,112,4173,108,6145,California
Inyo,2021-03-31,149,10380,4,4242,140,6042,5,96,108,2044,41,4214,113,6258,California
Inyo,2021-04-01,164,10544,4,4246,159,6201,1,97,115,2111,49,4263,116,6374,California
Inyo,2021-04-02,80,10624,1,4247,77,6278,2,99,51,2135,29,4292,53,6427,California
Inyo,2021-04-03,94,10718,47,4294,33,6311,14,113,5,2066,87,4379,18,6445,California
Inyo,2021-04-04,5,10723,4,4298,0,6311,1,114,1,2064,4,4383,2,6447,California
Inyo,2021-04-05,117,10840,1,4299,112,6423,4,118,29,2009,88,4471,33,6480,California
Inyo,2021-04-06,236,11076,6,4305,167,6590,63,181,104,2044,132,4603,167,6647,California
Inyo,2021-04-07,201,11277,2,4307,73,6663,126,307,46,2060,156,4759,172,6819,California
Inyo,2021-04-08,179,11456,15,4322,147,6810,17,324,81,2060,98,4857,98,6917,California
Inyo,2021-04-09,125,11581,7,4329,95,6905,23,347,38,2035,86,4943,61,6978,California
Inyo,2021-04-10,42,11623,1,4330,24,6929,17,364,3,2016,39,4982,20,6998,California
Inyo,2021-04-11,1,11624,0,4330,1,6930,0,364,1,2017,0,4982,1,6999,California
Inyo,2021-04-12,80,11704,0,4330,75,7005,5,369,41,2024,39,5021,46,7045,California
Inyo,2021-04-13,120,11824,4,4334,113,7118,3,372,62,2032,57,5078,65,7110,California
Inyo,2021-04-14,127,11951,2,4336,125,7243,0,372,42,1989,85,5163,42,7152,California
Inyo,2021-04-15,273,12224,115,4451,158,7401,0,372,83,1882,190,5353,83,7235,California
Inyo,2021-04-16,49,12273,6,4457,43,7444,0,372,21,1875,28,5381,21,7256,California
Inyo,2021-04-17,2,12275,1,4458,1,7445,0,372,1,1875,1,5382,1,7257,California
Inyo,2021-04-19,130,12405,43,4501,87,7532,0,372,44,1833,86,5468,44,7301,California
Inyo,2021-04-20,164,12569,3,4504,161,7693,0,372,81,1831,83,5551,81,7382,California
Inyo,2021-04-21,113,12682,4,4508,109,7802,0,372,32,1782,81,5632,32,7414,California
Inyo,2021-04-22,196,12878,1,4509,195,7997,0,372,52,1690,144,5776,52,7466,California
Inyo,2021-04-23,95,12973,4,4513,91,8088,0,372,22,1639,73,5849,22,7488,California
Inyo,2021-04-24,310,13283,309,4822,1,8089,0,372,305,1939,5,5854,305,7793,California
Inyo,2021-04-25,136,13419,135,4957,1,8090,0,372,136,2075,0,5854,136,7929,California
Inyo,2021-04-26,91,13510,0,4957,90,8180,1,373,10,2005,81,5935,11,7940,California
Inyo,2021-04-27,181,13691,7,4964,169,8349,5,378,49,1927,132,6067,54,7994,California
Inyo,2021-04-28,121,13812,2,4966,117,8466,2,380,20,1848,101,6168,22,8016,California
Inyo,2021-04-29,172,13984,56,5022,116,8582,0,380,79,1835,92,6260,79,8095,California
Inyo,2021-04-30,85,14069,5,5027,79,8661,1,381,24,1799,61,6321,25,8120,California
Inyo,2021-05-01,11,14080,3,5030,8,8669,0,381,9,1806,2,6323,9,8129,California
Inyo,2021-05-02,7,14087,3,5033,2,8671,2,383,4,1809,3,6326,6,8135,California
Inyo,2021-05-03,38,14125,1,5034,33,8704,4,387,5,1785,33,6359,9,8144,California
Inyo,2021-05-04,123,14248,2,5036,117,8821,4,391,22,1710,101,6460,26,8170,California
Inyo,2021-05-05,35,14283,0,5036,33,8854,2,393,11,1699,24,6484,13,8183,California
Inyo,2021-05-06,93,14376,5,5041,80,8934,8,401,13,1640,80,6564,21,8204,California
Inyo,2021-05-07,48,14424,4,5045,36,8970,8,409,24,1649,23,6587,32,8236,California
Inyo,2021-05-08,11,14435,2,5047,4,8974,5,414,4,1651,7,6594,9,8245,California
Inyo,2021-05-09,1,14436,0,5047,1,8975,0,414,0,1650,1,6595,0,8245,California
Inyo,2021-05-10,69,14505,1,5048,66,9041,2,416,30,1644,39,6634,33,8278,California
Inyo,2021-05-11,87,14592,1,5049,83,9124,3,419,20,1600,67,6701,23,8301,California
Inyo,2021-05-12,45,14637,2,5051,41,9165,2,421,11,1580,33,6734,13,8314,California
Inyo,2021-05-13,74,14711,1,5052,72,9237,1,422,11,1530,62,6796,12,8326,California
Inyo,2021-05-14,27,14738,3,5055,19,9256,5,427,13,1534,14,6810,18,8344,California
Inyo,2021-05-15,381,15119,367,5422,11,9267,3,430,86,1328,295,7105,89,8433,California
Inyo,2021-05-16,197,15316,196,5618,0,9267,1,431,69,1270,128,7233,70,8503,California
Inyo,2021-05-17,67,15383,4,5622,58,9325,5,436,21,1250,46,7279,26,8529,California
Inyo,2021-05-18,63,15446,4,5626,58,9383,1,437,8,1204,55,7334,9,8538,California
Inyo,2021-05-19,16,15462,2,5628,13,9396,1,438,5,1199,11,7345,6,8544,California
Kern,2020-12-15,1,1,1,1,0,0,0,0,1,1,0,0,1,1,California
Kern,2020-12-16,18,19,18,19,0,0,0,0,18,19,0,0,18,19,California
Kern,2020-12-17,163,182,163,182,0,0,0,0,163,182,0,0,163,182,California
Kern,2020-12-18,322,504,322,504,0,0,0,0,322,504,0,0,322,504,California
Kern,2020-12-19,98,602,98,602,0,0,0,0,99,603,0,0,99,603,California
Kern,2020-12-20,61,663,61,663,0,0,0,0,61,664,0,0,61,664,California
Kern,2020-12-21,671,1334,670,1333,1,1,0,0,671,1335,0,0,671,1335,California
Kern,2020-12-22,530,1864,527,1860,3,4,0,0,530,1865,0,0,530,1865,California
Kern,2020-12-23,555,2419,417,2277,138,142,0,0,555,2420,0,0,555,2420,California
Kern,2020-12-24,122,2541,43,2320,79,221,0,0,122,2542,0,0,122,2542,California
Kern,2020-12-25,1,2542,1,2321,0,221,0,0,1,2543,0,0,1,2543,California
Kern,2020-12-26,33,2575,1,2322,32,253,0,0,33,2576,0,0,33,2576,California
Kern,2020-12-27,35,2610,3,2325,32,285,0,0,35,2611,0,0,35,2611,California
Kern,2020-12-28,827,3437,663,2988,164,449,0,0,827,3438,0,0,827,3438,California
Kern,2020-12-29,745,4182,452,3440,293,742,0,0,744,4181,1,1,744,4182,California
Kern,2020-12-30,1203,5385,910,4350,293,1035,0,0,1203,5384,0,1,1203,5385,California
Kern,2020-12-31,277,5662,99,4449,178,1213,0,0,277,5661,0,1,277,5662,California
Kern,2021-01-01,13,5675,6,4455,7,1220,0,0,13,5674,0,1,13,5675,California
Kern,2021-01-02,79,5754,18,4473,61,1281,0,0,79,5753,0,1,79,5754,California
Kern,2021-01-03,23,5777,4,4477,19,1300,0,0,23,5776,0,1,23,5777,California
Kern,2021-01-04,555,6332,361,4838,194,1494,0,0,555,6331,0,1,555,6332,California
Kern,2021-01-05,1134,7466,739,5577,395,1889,0,0,1122,7441,12,13,1122,7454,California
Kern,2021-01-06,1167,8633,455,6032,712,2601,0,0,1137,8548,30,43,1137,8591,California
Kern,2021-01-07,1406,10039,493,6525,913,3514,0,0,1238,9619,167,210,1238,9829,California
Kern,2021-01-08,1629,11668,769,7294,860,4374,0,0,1331,10652,299,509,1332,11161,California
Kern,2021-01-09,226,11894,77,7371,149,4523,0,0,192,10810,34,543,192,11353,California
Kern,2021-01-10,194,12088,148,7519,46,4569,0,0,153,10922,41,584,153,11506,California
Kern,2021-01-11,1556,13644,984,8503,572,5141,0,0,1001,11368,555,1139,1001,12507,California
Kern,2021-01-12,1868,15512,810,9313,1058,6199,0,0,1357,12214,511,1650,1357,13864,California
Kern,2021-01-13,1852,17364,869,10182,983,7182,0,0,1432,13226,420,2070,1432,15296,California
Kern,2021-01-14,2186,19550,645,10827,1541,8723,0,0,2141,15321,46,2116,2141,17437,California
Kern,2021-01-15,2709,22259,858,11685,1851,10574,0,0,2612,17839,95,2211,2613,20050,California
Kern,2021-01-16,672,22931,214,11899,458,11032,0,0,637,18441,35,2246,637,20687,California
Kern,2021-01-17,73,23004,7,11906,66,11098,0,0,71,18510,2,2248,71,20758,California
Kern,2021-01-18,1645,24649,659,12565,986,12084,0,0,1477,19819,168,2416,1477,22235,California
Kern,2021-01-19,1855,26504,1035,13600,820,12904,0,0,1388,20741,467,2883,1389,23624,California
Kern,2021-01-20,2557,29061,1622,15222,935,13839,0,0,1856,21903,696,3579,1858,25482,California
Kern,2021-01-21,2172,31233,925,16147,1247,15086,0,0,1976,23684,195,3774,1976,27458,California
Kern,2021-01-22,2713,33946,1295,17442,1418,16504,0,0,2435,25842,277,4051,2435,29893,California
Kern,2021-01-23,1244,35190,535,17977,709,17213,0,0,1198,26994,46,4097,1198,31091,California
Kern,2021-01-24,160,35350,18,17995,142,17355,0,0,154,27142,6,4103,154,31245,California
Kern,2021-01-25,2385,37735,1086,19081,1299,18654,0,0,1900,28559,484,4587,1901,33146,California
Kern,2021-01-26,2770,40505,1129,20210,1641,20295,0,0,1912,29614,857,5444,1912,35058,California
Kern,2021-01-27,3565,44070,1907,22117,1658,21953,0,0,2864,31780,698,6142,2864,37922,California
Kern,2021-01-28,2866,46936,1354,23471,1512,23465,0,0,2432,33786,429,6571,2435,40357,California
Kern,2021-01-29,3788,50724,1808,25279,1980,25445,0,0,3241,36483,544,7115,3241,43598,California
Kern,2021-01-30,1326,52050,497,25776,829,26274,0,0,1277,37713,47,7162,1277,44875,California
Kern,2021-01-31,403,52453,276,26052,127,26401,0,0,268,37846,135,7297,268,45143,California
Kern,2021-02-01,2425,54878,820,26872,1605,28006,0,0,1871,39167,551,7848,1872,47015,California
Kern,2021-02-02,2923,57801,973,27845,1950,29956,0,0,2060,40365,863,8711,2061,49076,California
Kern,2021-02-03,3664,61465,1551,29396,2113,32069,0,0,2695,42098,962,9673,2695,51771,California
Kern,2021-02-04,3804,65269,1452,30848,2352,34421,0,0,2589,43483,1204,10877,2589,54360,California
Kern,2021-02-05,4854,70123,1990,32838,2864,37285,0,0,3094,44836,1741,12618,3094,57454,California
Kern,2021-02-06,1737,71860,768,33606,969,38254,0,0,1511,46124,223,12841,1511,58965,California
Kern,2021-02-07,283,72143,151,33757,132,38386,0,0,267,46377,14,12855,267,59232,California
Kern,2021-02-08,2569,74712,790,34547,1779,40165,0,0,1258,46343,1293,14148,1259,60491,California
Kern,2021-02-09,3041,77753,988,35535,2053,42218,0,0,1467,46245,1565,15713,1467,61958,California
Kern,2021-02-10,3791,81544,1660,37195,2131,44349,0,0,1874,46219,1901,17614,1875,63833,California
Kern,2021-02-11,4268,85812,1538,38733,2730,47079,0,0,2222,46409,2033,19647,2223,66056,California
Kern,2021-02-12,4954,90766,1894,40627,3060,50139,0,0,2476,46421,2464,22111,2476,68532,California
Kern,2021-02-13,2010,92776,728,41355,1282,51421,0,0,1165,46743,843,22954,1165,69697,California
Kern,2021-02-14,351,93127,12,41367,339,51760,0,0,270,46933,80,23034,270,69967,California
Kern,2021-02-15,2743,95870,894,42261,1849,53609,0,0,1210,46619,1524,24558,1210,71177,California
Kern,2021-02-16,2944,98814,720,42981,2224,55833,0,0,1650,46987,1283,25841,1651,72828,California
Kern,2021-02-17,4070,102884,2079,45060,1991,57824,0,0,1927,46778,2137,27978,1928,74756,California
Kern,2021-02-18,3758,106642,1484,46544,2274,60098,0,0,1622,46277,2123,30101,1622,76378,California
Kern,2021-02-19,4202,110844,1917,48461,2285,62383,0,0,1741,45566,2452,32553,1741,78119,California
Kern,2021-02-20,2584,113428,967,49428,1617,64000,0,0,1354,45693,1227,33780,1354,79473,California
Kern,2021-02-21,258,113686,152,49580,106,64106,0,0,90,45617,166,33946,90,79563,California
Kern,2021-02-22,2665,116351,1150,50730,1515,65621,0,0,1429,45816,1230,35176,1429,80992,California
Kern,2021-02-23,3558,119909,1130,51860,2428,68049,0,0,1982,46225,1574,36750,1983,82975,California
Kern,2021-02-24,5194,125103,2287,54147,2907,70956,0,0,3101,47237,2089,38839,3101,86076,California
Kern,2021-02-25,5368,130471,2455,56602,2913,73869,0,0,3186,48260,2163,41002,3186,89262,California
Kern,2021-02-26,6900,137371,3530,60132,3370,77239,0,0,4356,50080,2537,43539,4357,93619,California
Kern,2021-02-27,3951,141322,1986,62118,1965,79204,0,0,2614,51365,1329,44868,2614,96233,California
Kern,2021-02-28,915,142237,503,62621,411,79615,1,1,694,51841,219,45087,695,96928,California
Kern,2021-03-01,3998,146235,1815,64436,2180,81795,3,4,2684,53222,1306,46393,2687,99615,California
Kern,2021-03-02,4462,150697,1414,65850,3047,84842,1,5,2942,54655,1509,47902,2942,102557,California
Kern,2021-03-03,5926,156623,2813,68663,3113,87955,0,5,3832,56408,2080,49982,3833,106390,California
Kern,2021-03-04,5603,162226,2205,70868,3395,91350,3,8,3606,58033,1983,51965,3608,109998,California
Kern,2021-03-05,6663,168889,2853,73721,3791,95141,19,27,4229,59855,2426,54391,4248,114246,California
Kern,2021-03-06,4734,173623,1928,75649,2705,97846,101,128,3463,62155,1263,55654,3563,117809,California
Kern,2021-03-07,2052,175675,1591,77240,411,98257,50,178,1860,63874,191,55845,1910,119719,California
Kern,2021-03-08,2881,178556,921,78161,1747,100004,213,391,1517,64244,1358,57203,1728,121447,California
Kern,2021-03-09,3706,182262,811,78972,2512,102516,383,774,2304,65534,1394,58597,2684,124131,California
Kern,2021-03-10,6125,188387,2559,81531,2495,105011,1071,1845,3592,67677,2518,61115,4661,128792,California
Kern,2021-03-11,6302,194689,2412,83943,2864,107875,1026,2871,3745,69901,2545,63660,4769,133561,California
Kern,2021-03-12,7672,202361,2925,86868,3395,111270,1352,4223,4163,71910,3496,67156,5505,139066,California
Kern,2021-03-13,4429,206790,2303,89171,1791,113061,335,4558,3011,73838,1412,68568,3340,142406,California
Kern,2021-03-14,2187,208977,1413,90584,534,113595,240,4798,1668,75225,519,69087,1906,144312,California
Kern,2021-03-15,4250,213227,1087,91671,2449,116044,714,5512,2181,76057,2057,71144,2889,147201,California
Kern,2021-03-16,4334,217561,1009,92680,2797,118841,528,6040,2330,76918,1994,73138,2855,150056,California
Kern,2021-03-17,7251,224812,3820,96500,2873,121714,558,6598,4292,78818,2948,76086,4848,154904,California
Kern,2021-03-18,6994,231806,3411,99911,3003,124717,580,7178,4163,80746,2811,78897,4739,159643,California
Kern,2021-03-19,8752,240558,4772,104683,3332,128049,648,7826,4547,81745,4191,83088,5190,164833,California
Kern,2021-03-20,5941,246499,3595,108278,2172,130221,174,8000,3725,83439,2206,85294,3900,168733,California
Kern,2021-03-21,2869,249368,1755,110033,236,130457,878,8878,1681,84815,1182,86476,2558,171291,California
Kern,2021-03-22,3955,253323,1548,111581,2050,132507,357,9235,1914,85058,2028,88504,2271,173562,California
Kern,2021-03-23,4699,258022,1653,113234,2848,135355,198,9433,2462,85508,2208,90712,2658,176220,California
Kern,2021-03-24,7001,265023,3509,116743,3019,138374,473,9906,3566,86126,3420,94132,4038,180258,California
Kern,2021-03-25,6639,271662,2886,119629,3422,141796,331,10237,3227,86287,3394,97526,3555,183813,California
Kern,2021-03-26,9602,281264,4157,123786,4191,145987,1254,11491,4607,87168,4978,102504,5859,189672,California
Kern,2021-03-27,5445,286709,3748,127534,1569,147556,128,11619,3291,88434,2152,104656,3418,193090,California
Kern,2021-03-28,4348,291057,3857,131391,477,148033,14,11633,2768,89637,1579,106235,2782,195872,California
Kern,2021-03-29,4201,295258,1634,133025,2289,150322,278,11911,2575,90872,1615,107850,2850,198722,California
Kern,2021-03-30,5538,300796,1825,134850,3329,153651,384,12295,3029,91779,2504,110354,3411,202133,California
Kern,2021-03-31,8141,308937,4293,139143,3200,156851,648,12943,4216,92731,3911,114265,4863,206996,California
Kern,2021-04-01,7650,316587,3656,142799,3696,160547,298,13241,4123,93647,3510,117775,4426,211422,California
Kern,2021-04-02,8174,324761,4212,147011,3355,163902,607,13848,4097,94290,4062,121837,4705,216127,California
Kern,2021-04-03,5726,330487,3419,150430,2124,166026,183,14031,2632,94020,3087,124924,2817,218944,California
Kern,2021-04-04,1336,331823,873,151303,379,166405,84,14115,548,93868,785,125709,633,219577,California
Kern,2021-04-05,5332,337155,2195,153498,2371,168776,766,14881,2887,95063,2435,128144,3630,223207,California
Kern,2021-04-06,7075,344230,2464,155962,3249,172025,1362,16243,3566,96501,3486,131630,4924,228131,California
Kern,2021-04-07,9297,353527,5411,161373,2927,174952,959,17202,4669,97524,4610,136240,5633,233764,California
Kern,2021-04-08,8594,362121,4757,166130,2934,177886,903,18105,3925,97700,4646,140886,4822,238586,California
Kern,2021-04-09,10139,372260,5093,171223,4063,181949,983,19088,4456,97477,5659,146545,5436,244022,California
Kern,2021-04-10,6524,378784,3425,174648,1860,183809,1239,20327,2294,96781,4222,150767,3526,247548,California
Kern,2021-04-11,3792,382576,2888,177536,356,184165,548,20875,1428,96401,2352,153119,1972,249520,California
Kern,2021-04-12,4379,386955,984,178520,2425,186590,970,21845,1578,96163,2785,155904,2547,252067,California
Kern,2021-04-13,4275,391230,1410,179930,2840,189430,25,21870,2130,96183,2136,158040,2156,254223,California
Kern,2021-04-14,6028,397258,2963,182893,3043,192473,22,21892,3066,96323,2947,160987,3087,257310,California
Kern,2021-04-15,5259,402517,2465,185358,2792,195265,2,21894,2537,96156,2706,163693,2539,259849,California
Kern,2021-04-16,7248,409765,3437,188795,3810,199075,1,21895,3082,95096,4144,167837,3084,262933,California
Kern,2021-04-17,5898,415663,3856,192651,2042,201117,0,21895,2254,93721,3630,171467,2255,265188,California
Kern,2021-04-18,3705,419368,3468,196119,237,201354,0,21895,1081,92185,2617,174084,1081,266269,California
Kern,2021-04-19,3805,423173,1726,197845,2077,203431,2,21897,1443,91286,2342,176426,1443,267712,California
Kern,2021-04-20,4321,427494,1551,199396,2769,206200,1,21898,1674,90326,2636,179062,1676,269388,California
Kern,2021-04-21,5855,433349,3125,202521,2725,208925,5,21903,2248,88992,3586,182648,2252,271640,California
Kern,2021-04-22,4782,438131,2313,204834,2469,211394,0,21903,1768,87767,2994,185642,1769,273409,California
Kern,2021-04-23,6044,444175,2937,207771,3106,214500,1,21904,2000,85760,4009,189651,2002,275411,California
Kern,2021-04-24,3932,448107,2731,210502,1191,215691,10,21914,1484,84822,2432,192083,1494,276905,California
Kern,2021-04-25,1341,449448,1063,211565,278,215969,0,21914,772,85031,563,192646,772,277677,California
Kern,2021-04-26,3775,453223,1818,213383,1905,217874,52,21966,1042,83405,2722,195368,1096,278773,California
Kern,2021-04-27,4636,457859,2277,215660,2257,220131,102,22068,1414,81708,3209,198577,1512,280285,California
Kern,2021-04-28,6245,464104,3672,219332,2449,222580,124,22192,1781,79160,4450,203027,1902,282187,California
Kern,2021-04-29,5508,469612,3062,222394,2346,224926,100,22292,1635,77044,3852,206879,1736,283923,California
Kern,2021-04-30,5587,475199,3125,225519,2303,227229,159,22451,1626,74880,3948,210827,1784,285707,California
Kern,2021-05-01,2572,477771,1800,227319,713,227942,59,22510,957,74287,1608,212435,1015,286722,California
Kern,2021-05-02,1885,479656,1601,228920,263,228205,21,22531,695,73818,1185,213620,716,287438,California
Kern,2021-05-03,2488,482144,993,229913,1363,229568,132,22663,767,73011,1707,215327,900,288338,California
Kern,2021-05-04,3608,485752,1285,231198,2214,231782,109,22772,1258,72040,2336,217663,1365,289703,California
Kern,2021-05-05,4137,489889,2133,233331,1853,233635,151,22923,1363,70793,2760,220423,1513,291216,California
Kern,2021-05-06,3527,493416,1567,234898,1817,235452,143,23066,1084,69595,2423,222846,1225,292441,California
Kern,2021-05-07,4559,497975,2285,237183,2099,237551,175,23241,1279,67792,3255,226101,1452,293893,California
Kern,2021-05-08,2882,500857,1827,239010,940,238491,115,23356,906,66850,1962,228063,1020,294913,California
Kern,2021-05-09,1299,502156,1124,240134,145,238636,30,23386,449,66486,843,228906,479,295392,California
Kern,2021-05-10,2189,504345,841,240975,1249,239885,99,23485,630,65672,1541,230447,727,296119,California
Kern,2021-05-11,2597,506942,907,241882,1566,241451,124,23609,944,65097,1644,232091,1069,297188,California
Kern,2021-05-12,3466,510408,1399,243281,1918,243369,149,23758,1094,63979,2361,234452,1243,298431,California
Kern,2021-05-13,3240,513648,1690,244971,1407,244776,143,23901,1494,63878,1735,236187,1634,300065,California
Kern,2021-05-14,4235,517883,2524,247495,1515,246291,196,24097,1965,63789,2249,238436,2160,302225,California
Kern,2021-05-15,2891,520774,1892,249387,911,247202,88,24185,1535,64067,1345,239781,1623,303848,California
Kern,2021-05-16,1543,522317,1323,250710,183,247385,37,24222,890,64347,647,240428,927,304775,California
Kern,2021-05-17,2254,524571,999,251709,1117,248502,138,24360,1164,64573,1075,241503,1301,306076,California
Kern,2021-05-18,2436,527007,949,252658,1370,249872,117,24477,1199,64658,1229,242732,1314,307390,California
Kern,2021-05-19,2289,529296,1526,254184,680,250552,83,24560,951,64361,1330,244062,1033,308423,California
Kings,2020-12-16,1,1,1,1,0,0,0,0,1,1,0,0,1,1,California
Kings,2020-12-17,8,9,8,9,0,0,0,0,8,9,0,0,8,9,California
Kings,2020-12-18,12,21,12,21,0,0,0,0,12,21,0,0,12,21,California
Kings,2020-12-19,11,32,11,32,0,0,0,0,11,32,0,0,11,32,California
Kings,2020-12-20,13,45,13,45,0,0,0,0,13,45,0,0,13,45,California
Kings,2020-12-21,156,201,156,201,0,0,0,0,269,314,0,0,269,314,California
Kings,2020-12-22,143,344,143,344,0,0,0,0,140,454,0,0,140,454,California
Kings,2020-12-23,135,479,123,467,12,12,0,0,136,590,0,0,136,590,California
Kings,2020-12-24,11,490,9,476,2,14,0,0,11,601,0,0,11,601,California
Kings,2020-12-26,7,497,4,480,3,17,0,0,7,608,0,0,7,608,California
Kings,2020-12-27,4,501,4,484,0,17,0,0,4,612,0,0,4,612,California
Kings,2020-12-28,131,632,103,587,28,45,0,0,132,744,0,0,132,744,California
Kings,2020-12-29,78,710,51,638,27,72,0,0,79,823,0,0,79,823,California
Kings,2020-12-30,149,859,109,747,40,112,0,0,149,972,0,0,149,972,California
Kings,2020-12-31,45,904,6,753,39,151,0,0,45,1017,0,0,45,1017,California
Kings,2021-01-01,1,905,0,753,1,152,0,0,1,1018,0,0,1,1018,California
Kings,2021-01-02,10,915,9,762,1,153,0,0,10,1028,0,0,10,1028,California
Kings,2021-01-04,112,1027,42,804,70,223,0,0,112,1140,0,0,112,1140,California
Kings,2021-01-05,196,1223,39,843,157,380,0,0,196,1336,0,0,196,1336,California
Kings,2021-01-06,277,1500,178,1021,99,479,0,0,274,1607,3,3,274,1610,California
Kings,2021-01-07,178,1678,81,1102,97,576,0,0,170,1769,8,11,170,1780,California
Kings,2021-01-08,247,1925,54,1156,193,769,0,0,228,1978,19,30,228,2008,California
Kings,2021-01-09,63,1988,9,1165,54,823,0,0,55,2025,8,38,55,2063,California
Kings,2021-01-10,15,2003,3,1168,12,835,0,0,12,2034,3,41,12,2075,California
Kings,2021-01-11,518,2521,354,1522,164,999,0,0,276,2069,242,283,277,2352,California
Kings,2021-01-12,350,2871,253,1775,97,1096,0,0,216,2154,131,414,216,2568,California
Kings,2021-01-13,416,3287,270,2045,146,1242,0,0,324,2386,92,506,324,2892,California
Kings,2021-01-14,210,3497,32,2077,178,1420,0,0,200,2566,21,527,201,3093,California
Kings,2021-01-15,418,3915,30,2107,388,1808,0,0,406,2960,12,539,406,3499,California
Kings,2021-01-16,31,3946,12,2119,19,1827,0,0,30,2989,1,540,30,3529,California
Kings,2021-01-17,9,3955,6,2125,3,1830,0,0,7,2994,2,542,7,3536,California
Kings,2021-01-18,172,4127,40,2165,132,1962,0,0,146,3114,26,568,146,3682,California
Kings,2021-01-19,378,4505,159,2324,219,2181,0,0,249,3234,129,697,249,3931,California
Kings,2021-01-20,237,4742,146,2470,91,2272,0,0,127,3256,105,802,127,4058,California
Kings,2021-01-21,190,4932,35,2505,155,2427,0,0,174,3412,18,820,174,4232,California
Kings,2021-01-22,126,5058,40,2545,86,2513,0,0,126,3533,5,825,126,4358,California
Kings,2021-01-23,26,5084,14,2559,12,2525,0,0,20,3547,6,831,20,4378,California
Kings,2021-01-24,4,5088,4,2563,0,2525,0,0,2,3547,2,833,2,4380,California
Kings,2021-01-25,124,5212,26,2589,98,2623,0,0,90,3603,34,867,90,4470,California
Kings,2021-01-26,154,5366,35,2624,119,2742,0,0,115,3679,39,906,115,4585,California
Kings,2021-01-27,319,5685,34,2658,285,3027,0,0,248,3857,70,976,248,4833,California
Kings,2021-01-28,326,6011,46,2704,280,3307,0,0,271,4073,55,1031,271,5104,California
Kings,2021-01-29,86,6097,26,2730,60,3367,0,0,69,4125,17,1048,69,5173,California
Kings,2021-01-30,1556,7653,31,2761,1525,4892,0,0,1553,5677,3,1051,1555,6728,California
Kings,2021-02-01,199,7852,64,2825,135,5027,0,0,72,5624,125,1176,72,6800,California
Kings,2021-02-02,232,8084,14,2839,218,5245,0,0,82,5557,149,1325,82,6882,California
Kings,2021-02-03,357,8441,191,3030,166,5411,0,0,201,5603,155,1480,201,7083,California
Kings,2021-02-04,396,8837,99,3129,297,5708,0,0,198,5604,197,1677,198,7281,California
Kings,2021-02-05,259,9096,15,3144,244,5952,0,0,101,5549,156,1833,101,7382,California
Kings,2021-02-06,61,9157,10,3154,51,6003,0,0,28,5544,33,1866,28,7410,California
Kings,2021-02-07,5,9162,3,3157,2,6005,0,0,3,5545,2,1868,3,7413,California
Kings,2021-02-08,172,9334,29,3186,143,6148,0,0,68,5509,104,1972,68,7481,California
Kings,2021-02-09,254,9588,57,3243,197,6345,0,0,110,5477,142,2114,110,7591,California
Kings,2021-02-10,286,9874,113,3356,173,6518,0,0,169,5529,117,2231,169,7760,California
Kings,2021-02-11,431,10305,65,3421,366,6884,0,0,316,5731,114,2345,316,8076,California
Kings,2021-02-12,623,10928,36,3457,587,7471,0,0,347,5803,275,2620,347,8423,California
Kings,2021-02-13,104,11032,6,3463,98,7569,0,0,78,5855,26,2646,78,8501,California
Kings,2021-02-14,102,11134,4,3467,98,7667,0,0,94,5941,8,2654,94,8595,California
Kings,2021-02-15,246,11380,5,3472,241,7908,0,0,137,5970,108,2762,137,8732,California
Kings,2021-02-16,486,11866,33,3505,453,8361,0,0,251,5987,234,2996,251,8983,California
Kings,2021-02-17,380,12246,23,3528,357,8718,0,0,243,6094,137,3133,244,9227,California
Kings,2021-02-18,155,12401,23,3551,132,8850,0,0,98,6135,57,3190,98,9325,California
Kings,2021-02-19,159,12560,24,3575,135,8985,0,0,103,6185,53,3243,103,9428,California
Kings,2021-02-20,171,12731,40,3615,131,9116,0,0,134,6282,37,3280,134,9562,California
Kings,2021-02-21,3,12734,2,3617,1,9117,0,0,3,6285,0,3280,3,9565,California
Kings,2021-02-22,110,12844,19,3636,91,9208,0,0,51,6277,59,3339,51,9616,California
Kings,2021-02-23,297,13141,70,3706,227,9435,0,0,180,6340,117,3456,180,9796,California
Kings,2021-02-24,597,13738,154,3860,443,9878,0,0,385,6513,212,3668,385,10181,California
Kings,2021-02-25,685,14423,132,3992,553,10431,0,0,467,6764,216,3884,467,10648,California
Kings,2021-02-26,668,15091,137,4129,531,10962,0,0,606,7308,62,3946,606,11254,California
Kings,2021-02-27,1516,16607,65,4194,1451,12413,0,0,580,6953,935,4881,580,11834,California
Kings,2021-02-28,1171,17778,597,4791,574,12987,0,0,674,7133,494,5375,674,12508,California
Kings,2021-03-01,261,18039,80,4871,181,13168,0,0,216,7304,45,5420,216,12724,California
Kings,2021-03-02,508,18547,242,5113,266,13434,0,0,458,7713,50,5470,459,13183,California
Kings,2021-03-03,640,19187,314,5427,326,13760,0,0,449,7973,189,5659,449,13632,California
Kings,2021-03-04,729,19916,353,5780,376,14136,0,0,633,8511,96,5755,634,14266,California
Kings,2021-03-05,1079,20995,368,6148,702,14838,9,9,962,9366,117,5872,972,15238,California
Kings,2021-03-06,514,21509,186,6334,315,15153,13,22,484,9833,30,5902,497,15735,California
Kings,2021-03-07,366,21875,224,6558,138,15291,4,26,358,10187,8,5910,362,16097,California
Kings,2021-03-08,370,22245,96,6654,221,15512,53,79,262,10393,108,6018,314,16411,California
Kings,2021-03-09,551,22796,252,6906,244,15756,55,134,443,10785,107,6125,499,16910,California
Kings,2021-03-10,573,23369,128,7034,354,16110,91,225,388,11079,184,6309,478,17388,California
Kings,2021-03-11,1026,24395,305,7339,611,16721,110,335,620,11405,404,6713,730,18118,California
Kings,2021-03-12,1359,25754,441,7780,824,17545,94,429,957,12058,400,7113,1053,19171,California
Kings,2021-03-13,670,26424,331,8111,295,17840,44,473,544,12521,126,7239,589,19760,California
Kings,2021-03-14,671,27095,101,8212,184,18024,386,859,200,12636,471,7710,586,20346,California
Kings,2021-03-15,703,27798,266,8478,322,18346,115,974,466,12983,236,7946,583,20929,California
Kings,2021-03-16,1039,28837,438,8916,540,18886,61,1035,702,13409,337,8283,763,21692,California
Kings,2021-03-17,1089,29926,417,9333,611,19497,61,1096,770,13928,319,8602,838,22530,California
Kings,2021-03-18,1102,31028,467,9800,412,19909,223,1319,752,14557,349,8951,978,23508,California
Kings,2021-03-19,949,31977,468,10268,396,20305,85,1404,723,15153,225,9176,821,24329,California
Kings,2021-03-20,624,32601,255,10523,338,20643,31,1435,449,15467,173,9349,487,24816,California
Kings,2021-03-21,1401,34002,1086,11609,304,20947,11,1446,847,15771,554,9903,858,25674,California
Kings,2021-03-22,450,34452,203,11812,164,21111,83,1529,276,15960,174,10077,363,26037,California
Kings,2021-03-23,899,35351,493,12305,343,21454,63,1592,546,16221,351,10428,612,26649,California
Kings,2021-03-24,928,36279,482,12787,423,21877,23,1615,503,16325,424,10852,528,27177,California
Kings,2021-03-25,895,37174,445,13232,424,22301,26,1641,436,16330,457,11309,462,27639,California
Kings,2021-03-26,1282,38456,374,13606,823,23124,85,1726,513,16163,764,12073,597,28236,California
Kings,2021-03-27,616,39072,245,13851,359,23483,12,1738,154,15869,460,12533,166,28402,California
Kings,2021-03-28,549,39621,478,14329,64,23547,7,1745,342,16019,207,12740,357,28759,California
Kings,2021-03-29,459,40080,202,14531,196,23743,61,1806,251,16124,206,12946,311,29070,California
Kings,2021-03-30,842,40922,463,14994,341,24084,38,1844,410,16141,431,13377,448,29518,California
Kings,2021-03-31,753,41675,374,15368,313,24397,66,1910,418,16297,328,13705,484,30002,California
Kings,2021-04-01,760,42435,380,15748,297,24694,83,1993,344,16314,410,14115,427,30429,California
Kings,2021-04-02,985,43420,430,16178,433,25127,122,2115,389,16233,591,14706,510,30939,California
Kings,2021-04-03,476,43896,330,16508,137,25264,9,2124,160,16093,310,15016,170,31109,California
Kings,2021-04-04,156,44052,82,16590,68,25332,6,2130,42,16028,113,15129,48,31157,California
Kings,2021-04-05,1051,45103,325,16915,475,25807,251,2381,235,15701,815,15944,488,31645,California
Kings,2021-04-06,1192,46295,449,17364,435,26242,308,2689,283,15386,906,16850,591,32236,California
Kings,2021-04-07,1342,47637,643,18007,514,26756,185,2874,351,14935,988,17838,537,32773,California
Kings,2021-04-08,1590,49227,626,18633,713,27469,251,3125,361,14325,1222,19060,612,33385,California
Kings,2021-04-09,1144,50371,538,19171,429,27898,177,3302,242,13841,900,19960,416,33801,California
Kings,2021-04-10,589,50960,327,19498,160,28058,102,3404,177,13710,410,20370,279,34080,California
Kings,2021-04-11,352,51312,74,19572,272,28330,6,3410,196,13757,155,20525,202,34282,California
Kings,2021-04-12,698,52010,311,19883,187,28517,200,3610,191,13642,506,21031,391,34673,California
Kings,2021-04-13,896,52906,508,20391,388,28905,0,3610,295,13342,600,21631,300,34973,California
Kings,2021-04-14,1027,53933,569,20960,458,29363,0,3610,374,13064,653,22284,375,35348,California
Kings,2021-04-15,1049,54982,521,21481,527,29890,1,3611,467,12951,581,22865,468,35816,California
Kings,2021-04-16,767,55749,360,21841,407,30297,0,3611,268,12721,498,23363,268,36084,California
Kings,2021-04-17,458,56207,244,22085,214,30511,0,3611,201,12666,256,23619,201,36285,California
Kings,2021-04-18,559,56766,241,22326,318,30829,0,3611,76,12259,483,24102,76,36361,California
Kings,2021-04-19,527,57293,290,22616,237,31066,0,3611,288,12310,237,24339,288,36649,California
Kings,2021-04-20,734,58027,443,23059,291,31357,0,3611,247,12071,486,24825,247,36896,California
Kings,2021-04-21,639,58666,307,23366,332,31689,0,3611,223,11885,409,25234,223,37119,California
Kings,2021-04-22,550,59216,276,23642,274,31963,0,3611,201,11741,346,25580,202,37321,California
Kings,2021-04-23,664,59880,290,23932,374,32337,0,3611,330,11740,331,25911,330,37651,California
Kings,2021-04-24,246,60126,178,24110,67,32404,1,3612,122,11740,123,26034,123,37774,California
Kings,2021-04-25,195,60321,176,24286,19,32423,0,3612,159,11863,36,26070,159,37933,California
Kings,2021-04-26,295,60616,153,24439,139,32562,3,3615,184,11940,110,26180,187,38120,California
Kings,2021-04-27,404,61020,178,24617,207,32769,19,3634,170,11896,233,26413,189,38309,California
Kings,2021-04-28,509,61529,253,24870,236,33005,20,3654,265,11937,244,26657,285,38594,California
Kings,2021-04-29,285,61814,112,24982,162,33167,11,3665,133,11931,150,26807,144,38738,California
Kings,2021-04-30,366,62180,163,25145,186,33353,17,3682,152,11890,210,27017,169,38907,California
Kings,2021-05-01,229,62409,166,25311,53,33406,10,3692,74,11821,153,27170,84,38991,California
Kings,2021-05-02,168,62577,146,25457,22,33428,0,3692,126,11905,42,27212,126,39117,California
Kings,2021-05-03,470,63047,255,25712,202,33630,13,3705,122,11693,347,27559,135,39252,California
Kings,2021-05-04,510,63557,255,25967,235,33865,20,3725,158,11519,352,27911,178,39430,California
Kings,2021-05-05,538,64095,278,26245,240,34105,20,3745,135,11271,403,28314,155,39585,California
Kings,2021-05-06,536,64631,266,26511,247,34352,23,3768,122,11004,412,28726,145,39730,California
Kings,2021-05-07,367,64998,211,26722,142,34494,14,3782,148,10950,216,28942,162,39892,California
Kings,2021-05-08,229,65227,166,26888,52,34546,11,3793,74,10880,155,29097,85,39977,California
Kings,2021-05-09,193,65420,64,26952,129,34675,0,3793,40,10767,153,29250,40,40017,California
Kings,2021-05-10,333,65753,256,27208,67,34742,10,3803,114,10673,217,29467,123,40140,California
Kings,2021-05-11,370,66123,229,27437,114,34856,27,3830,117,10565,253,29720,145,40285,California
Kings,2021-05-12,364,66487,133,27570,218,35074,13,3843,151,10517,212,29932,164,40449,California
Kings,2021-05-13,367,66854,137,27707,225,35299,5,3848,150,10455,217,30149,155,40604,California
Kings,2021-05-14,460,67314,308,28015,119,35418,33,3881,233,10494,225,30374,264,40868,California
Kings,2021-05-15,341,67655,245,28260,79,35497,17,3898,190,10550,151,30525,207,41075,California
Kings,2021-05-16,242,67897,218,28478,24,35521,0,3898,78,10464,164,30689,78,41153,California
Kings,2021-05-17,406,68303,323,28801,66,35587,17,3915,224,10525,180,30869,241,41394,California
Kings,2021-05-18,307,68610,218,29019,77,35664,12,3927,186,10603,121,30990,199,41593,California
Kings,2021-05-19,278,68888,111,29130,154,35818,13,3940,101,10542,175,31165,114,41707,California
Lake,2020-12-17,4,4,4,4,0,0,0,0,4,4,0,0,4,4,California
Lake,2020-12-18,51,55,51,55,0,0,0,0,51,55,0,0,51,55,California
Lake,2020-12-19,3,58,3,58,0,0,0,0,3,58,0,0,3,58,California
Lake,2020-12-20,6,64,6,64,0,0,0,0,6,64,0,0,6,64,California
Lake,2020-12-21,86,150,86,150,0,0,0,0,86,150,0,0,86,150,California
Lake,2020-12-22,63,213,60,210,3,3,0,0,63,213,0,0,63,213,California
Lake,2020-12-23,123,336,114,324,9,12,0,0,123,336,0,0,123,336,California
Lake,2020-12-24,2,338,0,324,2,14,0,0,2,338,0,0,2,338,California
Lake,2020-12-26,2,340,2,326,0,14,0,0,2,340,0,0,2,340,California
Lake,2020-12-27,2,342,2,328,0,14,0,0,2,342,0,0,2,342,California
Lake,2020-12-28,52,394,43,371,9,23,0,0,52,394,0,0,52,394,California
Lake,2020-12-29,50,444,45,416,5,28,0,0,50,444,0,0,50,444,California
Lake,2020-12-30,125,569,118,534,7,35,0,0,125,569,0,0,125,569,California
Lake,2020-12-31,67,636,64,598,3,38,0,0,67,636,0,0,67,636,California
Lake,2021-01-01,1,637,0,598,1,39,0,0,1,637,0,0,1,637,California
Lake,2021-01-02,2,639,1,599,1,40,0,0,2,639,0,0,2,639,California
Lake,2021-01-04,87,726,21,620,66,106,0,0,87,726,0,0,87,726,California
Lake,2021-01-05,120,846,59,679,61,167,0,0,118,842,2,2,118,844,California
Lake,2021-01-06,105,951,65,744,40,207,0,0,103,943,2,4,103,947,California
Lake,2021-01-07,108,1059,85,829,23,230,0,0,99,1033,9,13,99,1046,California
Lake,2021-01-08,152,1211,124,953,28,258,0,0,100,1081,52,65,100,1146,California
Lake,2021-01-09,63,1274,61,1014,2,260,0,0,59,1136,4,69,59,1205,California
Lake,2021-01-10,3,1277,3,1017,0,260,0,0,0,1133,3,72,0,1205,California
Lake,2021-01-11,192,1469,151,1168,41,301,0,0,112,1165,80,152,112,1317,California
Lake,2021-01-12,81,1550,48,1216,33,334,0,0,57,1198,24,176,57,1374,California
Lake,2021-01-13,165,1715,112,1328,53,387,0,0,108,1249,57,233,108,1482,California
Lake,2021-01-14,147,1862,46,1374,101,488,0,0,125,1352,22,255,125,1607,California
Lake,2021-01-15,215,2077,92,1466,123,611,0,0,188,1513,27,282,188,1795,California
Lake,2021-01-16,134,2211,81,1547,53,664,0,0,132,1643,2,284,132,1927,California
Lake,2021-01-17,18,2229,6,1553,12,676,0,0,12,1649,6,290,12,1939,California
Lake,2021-01-18,246,2475,227,1780,19,695,0,0,126,1655,120,410,126,2065,California
Lake,2021-01-19,311,2786,117,1897,194,889,0,0,266,1877,45,455,267,2332,California
Lake,2021-01-20,422,3208,80,1977,342,1231,0,0,358,2172,63,518,358,2690,California
Lake,2021-01-21,433,3641,49,2026,384,1615,0,0,398,2535,35,553,398,3088,California
Lake,2021-01-22,318,3959,46,2072,272,1887,0,0,282,2781,36,589,282,3370,California
Lake,2021-01-23,122,4081,5,2077,117,2004,0,0,121,2901,1,590,121,3491,California
Lake,2021-01-24,5,4086,2,2079,3,2007,0,0,5,2906,0,590,5,3496,California
Lake,2021-01-25,257,4343,95,2174,162,2169,0,0,176,3001,81,671,176,3672,California
Lake,2021-01-26,429,4772,36,2210,393,2562,0,0,406,3384,23,694,406,4078,California
Lake,2021-01-27,359,5131,41,2251,318,2880,0,0,331,3688,28,722,332,4410,California
Lake,2021-01-28,498,5629,161,2412,337,3217,0,0,368,3926,130,852,368,4778,California
Lake,2021-01-29,637,6266,84,2496,553,3770,0,0,577,4443,60,912,577,5355,California
Lake,2021-01-30,554,6820,44,2540,510,4280,0,0,548,4985,6,918,548,5903,California
Lake,2021-01-31,14,6834,8,2548,6,4286,0,0,12,4995,2,920,12,5915,California
Lake,2021-02-01,179,7013,18,2566,161,4447,0,0,166,5148,13,933,166,6081,California
Lake,2021-02-02,564,7577,152,2718,412,4859,0,0,398,5380,166,1099,398,6479,California
Lake,2021-02-03,445,8022,33,2751,412,5271,0,0,340,5615,105,1204,340,6819,California
Lake,2021-02-04,119,8141,68,2819,51,5322,0,0,72,5640,47,1251,72,6891,California
Lake,2021-02-05,379,8520,70,2889,309,5631,0,0,288,5839,89,1340,288,7179,California
Lake,2021-02-06,276,8796,41,2930,235,5866,0,0,265,6093,11,1351,265,7444,California
Lake,2021-02-07,2,8798,1,2931,1,5867,0,0,2,6095,0,1351,2,7446,California
Lake,2021-02-08,279,9077,207,3138,72,5939,0,0,159,6134,120,1471,159,7605,California
Lake,2021-02-09,346,9423,25,3163,321,6260,0,0,302,6393,43,1514,302,7907,California
Lake,2021-02-10,352,9775,54,3217,298,6558,0,0,274,6589,78,1592,274,8181,California
Lake,2021-02-11,174,9949,18,3235,156,6714,0,0,58,6531,116,1708,58,8239,California
Lake,2021-02-12,376,10325,29,3264,347,7061,0,0,288,6733,87,1795,289,8528,California
Lake,2021-02-13,247,10572,7,3271,240,7301,0,0,236,6958,11,1806,236,8764,California
Lake,2021-02-14,20,10592,5,3276,15,7316,0,0,6,6950,14,1820,6,8770,California
Lake,2021-02-15,172,10764,13,3289,159,7475,0,0,8,6795,163,1983,8,8778,California
Lake,2021-02-16,423,11187,23,3312,400,7875,0,0,176,6724,247,2230,176,8954,California
Lake,2021-02-17,351,11538,54,3366,297,8172,0,0,70,6514,280,2510,70,9024,California
Lake,2021-02-18,457,11995,69,3435,388,8560,0,0,114,6285,343,2853,114,9138,California
Lake,2021-02-19,418,12413,25,3460,393,8953,0,0,93,6053,325,3178,93,9231,California
Lake,2021-02-20,294,12707,60,3520,234,9187,0,0,251,6262,42,3220,251,9482,California
Lake,2021-02-21,6,12713,6,3526,0,9187,0,0,0,6256,6,3226,0,9482,California
Lake,2021-02-22,142,12855,24,3550,118,9305,0,0,44,6202,98,3324,44,9526,California
Lake,2021-02-23,214,13069,14,3564,200,9505,0,0,28,6044,186,3510,28,9554,California
Lake,2021-02-24,955,14024,377,3941,578,10083,0,0,416,5922,538,4048,416,9970,California
Lake,2021-02-25,733,14757,466,4407,267,10350,0,0,473,6138,257,4305,473,10443,California
Lake,2021-02-26,995,15752,304,4711,691,11041,0,0,350,5846,642,4947,350,10793,California
Lake,2021-02-27,411,16163,98,4809,313,11354,0,0,328,6091,83,5030,328,11121,California
Lake,2021-02-28,18,16181,12,4821,6,11360,0,0,10,6093,8,5038,10,11131,California
Lake,2021-03-01,595,16776,53,4874,542,11902,0,0,442,6382,153,5191,442,11573,California
Lake,2021-03-02,745,17521,18,4892,727,12629,0,0,289,6215,456,5647,289,11862,California
Lake,2021-03-03,369,17890,195,5087,174,12803,0,0,146,6138,223,5870,146,12008,California
Lake,2021-03-04,581,18471,509,5596,72,12875,0,0,564,6685,17,5887,564,12572,California
Lake,2021-03-05,1048,19519,52,5648,996,13871,0,0,186,6013,858,6745,186,12758,California
Lake,2021-03-06,34,19553,9,5657,24,13895,1,1,21,6022,13,6758,22,12780,California
Lake,2021-03-07,7,19560,5,5662,2,13897,0,1,4,6023,3,6761,4,12784,California
Lake,2021-03-08,339,19899,267,5929,63,13960,9,10,299,6291,40,6801,308,13092,California
Lake,2021-03-09,930,20829,43,5972,870,14830,17,27,407,6193,522,7323,424,13516,California
Lake,2021-03-10,205,21034,60,6032,132,14962,13,40,136,6273,69,7392,149,13665,California
Lake,2021-03-11,583,21617,47,6079,62,15024,474,514,48,6260,535,7927,522,14187,California
Lake,2021-03-12,851,22468,202,6281,625,15649,24,538,362,6158,488,8415,386,14573,California
Lake,2021-03-13,277,22745,21,6302,20,15669,236,774,16,6149,260,8675,251,14824,California
Lake,2021-03-14,11,22756,2,6304,9,15678,0,774,7,6152,4,8679,7,14831,California
Lake,2021-03-15,642,23398,14,6318,611,16289,17,791,482,6491,160,8839,499,15330,California
Lake,2021-03-16,1113,24511,834,7152,262,16551,17,808,445,6288,664,9503,461,15791,California
Lake,2021-03-17,248,24759,121,7273,105,16656,22,830,92,6246,156,9659,114,15905,California
Lake,2021-03-18,748,25507,373,7646,338,16994,37,867,372,6279,375,10034,408,16313,California
Lake,2021-03-19,580,26087,313,7959,247,17241,20,887,473,6666,106,10140,493,16806,California
Lake,2021-03-20,248,26335,8,7967,237,17478,3,890,29,6481,217,10357,32,16838,California
Lake,2021-03-21,16,26351,11,7978,4,17482,1,891,11,6488,5,10362,12,16850,California
Lake,2021-03-22,325,26676,245,8223,66,17548,14,905,239,6655,86,10448,253,17103,California
Lake,2021-03-23,419,27095,21,8244,385,17933,13,918,353,6956,65,10513,366,17469,California
Lake,2021-03-24,414,27509,61,8305,345,18278,8,926,318,7188,95,10608,327,17796,California
Lake,2021-03-25,660,28169,469,8774,185,18463,6,932,175,6884,485,11093,181,17977,California
Lake,2021-03-26,68,28237,33,8807,34,18497,1,933,32,6881,36,11129,33,18010,California
Lake,2021-03-27,309,28546,7,8814,299,18796,3,936,17,6611,290,11419,20,18030,California
Lake,2021-03-28,17,28563,8,8822,9,18805,0,936,11,6616,6,11425,11,18041,California
Lake,2021-03-29,899,29462,268,9090,629,19434,2,938,193,6107,704,12129,195,18236,California
Lake,2021-03-30,452,29914,303,9393,147,19581,2,940,355,6368,96,12225,357,18593,California
Lake,2021-03-31,582,30496,60,9453,522,20103,0,940,407,6608,167,12392,407,19000,California
Lake,2021-04-01,424,30920,219,9672,193,20296,12,952,179,6557,242,12634,191,19191,California
Lake,2021-04-02,221,31141,41,9713,152,20448,28,980,96,6556,125,12759,124,19315,California
Lake,2021-04-03,32,31173,6,9719,23,20471,3,983,13,6553,19,12778,16,19331,California
Lake,2021-04-04,20,31193,11,9730,7,20478,2,985,15,6565,5,12783,17,19348,California
Lake,2021-04-05,638,31831,70,9800,549,21027,19,1004,399,6746,236,13019,417,19765,California
Lake,2021-04-06,476,32307,16,9816,434,21461,26,1030,303,6903,172,13191,329,20094,California
Lake,2021-04-07,518,32825,56,9872,411,21872,51,1081,350,7138,166,13357,401,20495,California
Lake,2021-04-08,597,33422,486,10358,45,21917,66,1147,100,6810,494,13851,166,20661,California
Lake,2021-04-09,281,33703,39,10397,173,22090,69,1216,48,6696,230,14081,116,20777,California
Lake,2021-04-10,251,33954,14,10411,13,22103,224,1440,9,6687,242,14323,233,21010,California
Lake,2021-04-11,22,33976,17,10428,3,22106,2,1442,7,6681,15,14338,9,21019,California
Lake,2021-04-12,1069,35045,232,10660,804,22910,33,1475,248,6142,820,15158,281,21300,California
Lake,2021-04-13,180,35225,109,10769,71,22981,0,1475,54,6070,126,15284,54,21354,California
Lake,2021-04-14,613,35838,38,10807,575,23556,0,1475,548,6554,64,15348,548,21902,California
Lake,2021-04-15,640,36478,192,10999,448,24004,0,1475,331,6576,309,15657,331,22233,California
Lake,2021-04-16,263,36741,29,11028,233,24237,1,1476,73,6461,189,15846,74,22307,California
Lake,2021-04-17,41,36782,12,11040,29,24266,0,1476,31,6482,10,15856,31,22338,California
Lake,2021-04-18,8,36790,5,11045,3,24269,0,1476,0,6474,8,15864,0,22338,California
Lake,2021-04-19,295,37085,38,11083,257,24526,0,1476,245,6669,50,15914,245,22583,California
Lake,2021-04-20,692,37777,278,11361,414,24940,0,1476,113,6205,578,16492,114,22697,California
Lake,2021-04-21,532,38309,64,11425,468,25408,0,1476,204,6081,328,16820,204,22901,California
Lake,2021-04-22,462,38771,50,11475,412,25820,0,1476,315,6250,146,16966,315,23216,California
Lake,2021-04-23,113,38884,58,11533,55,25875,0,1476,67,6271,46,17012,67,23283,California
Lake,2021-04-24,53,38937,9,11542,44,25919,0,1476,39,6296,14,17026,39,23322,California
Lake,2021-04-25,35,38972,18,11560,17,25936,0,1476,23,6307,12,17038,23,23345,California
Lake,2021-04-26,286,39258,78,11638,207,26143,1,1477,83,6188,203,17241,84,23429,California
Lake,2021-04-27,244,39502,22,11660,204,26347,18,1495,83,6128,161,17402,101,23530,California
Lake,2021-04-28,507,40009,47,11707,445,26792,15,1510,117,5871,388,17790,131,23661,California
Lake,2021-04-29,212,40221,83,11790,113,26905,16,1526,115,5905,97,17887,131,23792,California
Lake,2021-04-30,289,40510,46,11836,212,27117,31,1557,150,5947,139,18026,181,23973,California
Lake,2021-05-01,47,40557,26,11862,19,27136,2,1559,32,5966,15,18041,34,24007,California
Lake,2021-05-02,18,40575,9,11871,8,27144,1,1560,9,5967,9,18050,10,24017,California
Lake,2021-05-03,409,40984,26,11897,348,27492,35,1595,63,5720,345,18395,98,24115,California
Lake,2021-05-04,405,41389,216,12113,141,27633,48,1643,125,5614,279,18674,173,24288,California
Lake,2021-05-05,631,42020,45,12158,574,28207,12,1655,89,5175,539,19213,100,24388,California
Lake,2021-05-06,141,42161,19,12177,93,28300,29,1684,72,5206,69,19282,100,24488,California
Lake,2021-05-07,164,42325,28,12205,116,28416,20,1704,103,5270,59,19341,123,24611,California
Lake,2021-05-08,43,42368,8,12213,35,28451,0,1704,36,5299,7,19348,36,24647,California
Lake,2021-05-09,17,42385,2,12215,10,28461,5,1709,10,5307,7,19355,15,24662,California
Lake,2021-05-10,244,42629,12,12227,205,28666,27,1736,59,5209,184,19539,86,24748,California
Lake,2021-05-11,193,42822,27,12254,151,28817,15,1751,117,5266,76,19615,133,24881,California
Lake,2021-05-12,542,43364,33,12287,490,29307,19,1770,57,4856,485,20100,75,24956,California
Lake,2021-05-13,304,43668,61,12348,232,29539,11,1781,70,4705,232,20332,81,25037,California
Lake,2021-05-14,260,43928,79,12427,163,29702,18,1799,160,4785,97,20429,177,25214,California
Lake,2021-05-15,43,43971,18,12445,21,29723,4,1803,25,4796,18,20447,29,25243,California
Lake,2021-05-16,30,44001,17,12462,11,29734,2,1805,15,4798,15,20462,17,25260,California
Lake,2021-05-17,278,44279,21,12483,250,29984,7,1812,60,4650,215,20677,67,25327,California
Lake,2021-05-18,228,44507,42,12525,178,30162,8,1820,139,4708,89,20766,147,25474,California
Lake,2021-05-19,215,44722,12,12537,199,30361,4,1824,34,4566,180,20946,38,25512,California
Lassen,2020-12-16,8,8,8,8,0,0,0,0,8,8,0,0,8,8,California
Lassen,2020-12-17,6,14,6,14,0,0,0,0,6,14,0,0,6,14,California
Lassen,2020-12-18,1,15,1,15,0,0,0,0,1,15,0,0,1,15,California
Lassen,2020-12-19,5,20,5,20,0,0,0,0,5,20,0,0,5,20,California
Lassen,2020-12-20,2,22,2,22,0,0,0,0,2,22,0,0,2,22,California
Lassen,2020-12-21,11,33,11,33,0,0,0,0,11,33,0,0,11,33,California
Lassen,2020-12-22,23,56,23,56,0,0,0,0,23,56,0,0,23,56,California
Lassen,2020-12-23,6,62,6,62,0,0,0,0,6,62,0,0,6,62,California
Lassen,2020-12-24,11,73,11,73,0,0,0,0,11,73,0,0,11,73,California
Lassen,2020-12-28,3,76,2,75,1,1,0,0,3,76,0,0,3,76,California
Lassen,2020-12-29,35,111,35,110,0,1,0,0,35,111,0,0,35,111,California
Lassen,2020-12-30,36,147,35,145,1,2,0,0,36,147,0,0,36,147,California
Lassen,2020-12-31,49,196,42,187,7,9,0,0,49,196,0,0,49,196,California
Lassen,2021-01-02,1,197,0,187,1,10,0,0,1,197,0,0,1,197,California
Lassen,2021-01-04,15,212,1,188,14,24,0,0,15,212,0,0,15,212,California
Lassen,2021-01-05,194,406,53,241,141,165,0,0,194,406,0,0,194,406,California
Lassen,2021-01-06,95,501,44,285,51,216,0,0,87,486,8,8,88,494,California
Lassen,2021-01-07,43,544,7,292,36,252,0,0,37,517,6,14,37,531,California
Lassen,2021-01-08,50,594,2,294,48,300,0,0,50,567,0,14,50,581,California
Lassen,2021-01-09,12,606,6,300,6,306,0,0,12,579,0,14,12,593,California
Lassen,2021-01-11,27,633,5,305,22,328,0,0,27,606,0,14,27,620,California
Lassen,2021-01-12,49,682,29,334,20,348,0,0,30,617,19,33,30,650,California
Lassen,2021-01-13,161,843,18,352,143,491,0,0,146,748,15,48,146,796,California
Lassen,2021-01-14,163,1006,18,370,145,636,0,0,151,887,12,60,151,947,California
Lassen,2021-01-15,33,1039,6,376,27,663,0,0,33,920,0,60,33,980,California
Lassen,2021-01-16,34,1073,33,409,1,664,0,0,34,954,0,60,34,1014,California
Lassen,2021-01-17,1,1074,0,409,1,665,0,0,1,955,0,60,1,1015,California
Lassen,2021-01-18,5,1079,2,411,3,668,0,0,4,958,1,61,4,1019,California
Lassen,2021-01-19,185,1264,36,447,149,817,0,0,157,1087,28,89,157,1176,California
Lassen,2021-01-20,188,1452,100,547,88,905,0,0,105,1124,68,157,105,1281,California
Lassen,2021-01-21,145,1597,93,640,52,957,0,0,121,1227,18,175,121,1402,California
Lassen,2021-01-22,31,1628,18,658,13,970,0,0,21,1238,10,185,21,1423,California
Lassen,2021-01-23,2,1630,0,658,2,972,0,0,2,1240,0,185,2,1425,California
Lassen,2021-01-24,1,1631,0,658,1,973,0,0,1,1241,0,185,1,1426,California
Lassen,2021-01-25,11,1642,0,658,11,984,0,0,11,1252,0,185,11,1437,California
Lassen,2021-01-26,126,1768,12,670,114,1098,0,0,122,1370,4,189,122,1559,California
Lassen,2021-01-27,87,1855,35,705,52,1150,0,0,69,1421,18,207,69,1628,California
Lassen,2021-01-28,85,1940,15,720,70,1220,0,0,84,1504,1,208,84,1712,California
Lassen,2021-01-29,23,1963,7,727,16,1236,0,0,22,1525,1,209,22,1734,California
Lassen,2021-02-01,62,2025,4,731,58,1294,0,0,36,1535,26,235,36,1770,California
Lassen,2021-02-02,177,2202,12,743,165,1459,0,0,44,1446,133,368,44,1814,California
Lassen,2021-02-03,96,2298,21,764,75,1534,0,0,51,1452,45,413,51,1865,California
Lassen,2021-02-04,112,2410,15,779,97,1631,0,0,63,1466,49,462,63,1928,California
Lassen,2021-02-05,65,2475,12,791,53,1684,0,0,23,1447,42,504,23,1951,California
Lassen,2021-02-06,69,2544,34,825,35,1719,0,0,36,1451,32,536,36,1987,California
Lassen,2021-02-07,2,2546,2,827,0,1719,0,0,2,1453,0,536,2,1989,California
Lassen,2021-02-08,44,2590,4,831,40,1759,0,0,18,1445,26,562,18,2007,California
Lassen,2021-02-09,129,2719,8,839,121,1880,0,0,50,1416,79,641,50,2057,California
Lassen,2021-02-10,184,2903,21,860,163,2043,0,0,76,1384,108,749,76,2133,California
Lassen,2021-02-11,184,3087,16,876,168,2211,0,0,80,1361,103,852,80,2213,California
Lassen,2021-02-12,42,3129,11,887,31,2242,0,0,14,1347,28,880,14,2227,California
Lassen,2021-02-13,12,3141,3,890,9,2251,0,0,10,1355,2,882,10,2237,California
Lassen,2021-02-14,13,3154,0,890,13,2264,0,0,12,1366,1,883,12,2249,California
Lassen,2021-02-15,21,3175,2,892,19,2283,0,0,17,1379,4,887,17,2266,California
Lassen,2021-02-16,192,3367,4,896,188,2471,0,0,31,1251,159,1046,31,2297,California
Lassen,2021-02-17,183,3550,94,990,89,2560,0,0,10,1088,173,1219,10,2307,California
Lassen,2021-02-18,80,3630,22,1012,58,2618,0,0,20,1048,60,1279,20,2327,California
Lassen,2021-02-19,82,3712,62,1074,20,2638,0,0,18,1002,64,1343,18,2345,California
Lassen,2021-02-20,8,3720,0,1074,8,2646,0,0,6,1006,2,1345,6,2351,California
Lassen,2021-02-21,22,3742,2,1076,20,2666,0,0,18,1020,4,1349,18,2369,California
Lassen,2021-02-22,24,3766,10,1086,14,2680,0,0,6,1008,18,1367,6,2375,California
Lassen,2021-02-23,153,3919,10,1096,143,2823,0,0,41,937,112,1479,41,2416,California
Lassen,2021-02-24,165,4084,16,1112,149,2972,0,0,107,987,57,1536,107,2523,California
Lassen,2021-02-25,158,4242,21,1133,137,3109,0,0,99,1027,59,1595,99,2622,California
Lassen,2021-02-26,73,4315,16,1149,57,3166,0,0,36,1026,37,1632,36,2658,California
Lassen,2021-02-27,8,4323,7,1156,1,3167,0,0,3,1024,5,1637,3,2661,California
Lassen,2021-02-28,6,4329,1,1157,5,3172,0,0,3,1024,3,1640,3,2664,California
Lassen,2021-03-01,42,4371,4,1161,38,3210,0,0,8,999,33,1673,8,2672,California
Lassen,2021-03-02,106,4477,8,1169,98,3308,0,0,80,1053,26,1699,80,2752,California
Lassen,2021-03-03,170,4647,12,1181,158,3466,0,0,113,1109,57,1756,113,2865,California
Lassen,2021-03-04,150,4797,17,1198,133,3599,0,0,100,1160,49,1805,100,2965,California
Lassen,2021-03-05,47,4844,7,1205,17,3616,23,23,11,1158,36,1841,34,2999,California
Lassen,2021-03-06,55,4899,4,1209,29,3645,22,45,5,1135,50,1891,27,3026,California
Lassen,2021-03-07,57,4956,2,1211,0,3645,55,100,2,1137,55,1946,57,3083,California
Lassen,2021-03-08,89,5045,2,1213,7,3652,80,180,3,1134,86,2032,83,3166,California
Lassen,2021-03-09,137,5182,11,1224,109,3761,17,197,89,1192,48,2080,106,3272,California
Lassen,2021-03-10,175,5357,10,1234,163,3924,2,199,79,1178,95,2175,81,3353,California
Lassen,2021-03-11,185,5542,16,1250,162,4086,7,206,113,1229,69,2244,120,3473,California
Lassen,2021-03-12,35,5577,18,1268,13,4099,4,210,12,1222,23,2267,16,3489,California
Lassen,2021-03-13,49,5626,0,1268,3,4102,46,256,1,1220,48,2315,46,3535,California
Lassen,2021-03-14,14,5640,2,1270,11,4113,1,257,2,1211,12,2327,3,3538,California
Lassen,2021-03-15,33,5673,2,1272,31,4144,0,257,16,1210,17,2344,16,3554,California
Lassen,2021-03-16,93,5766,2,1274,85,4229,6,263,74,1271,19,2363,80,3634,California
Lassen,2021-03-17,1083,6849,9,1283,1069,5298,5,268,1064,2321,19,2382,1069,4703,California
Lassen,2021-03-18,95,6944,9,1292,85,5383,1,269,81,2389,14,2396,82,4785,California
Lassen,2021-03-19,17,6961,11,1303,2,5385,4,273,7,2390,10,2406,11,4796,California
Lassen,2021-03-20,29,6990,3,1306,23,5408,3,276,22,2408,7,2413,25,4821,California
Lassen,2021-03-21,34,7024,0,1306,34,5442,0,276,14,2403,19,2432,14,4835,California
Lassen,2021-03-22,57,7081,1,1307,56,5498,0,276,54,2454,3,2435,54,4889,California
Lassen,2021-03-23,119,7200,11,1318,107,5605,1,277,67,2470,52,2487,68,4957,California
Lassen,2021-03-24,213,7413,13,1331,199,5804,1,278,107,2473,105,2592,108,5065,California
Lassen,2021-03-25,153,7566,22,1353,131,5935,0,278,70,2460,83,2675,70,5135,California
Lassen,2021-03-26,78,7644,13,1366,26,5961,39,317,19,2459,58,2733,57,5192,California
Lassen,2021-03-27,20,7664,4,1370,1,5962,15,332,3,2460,17,2750,18,5210,California
Lassen,2021-03-28,18,7682,3,1373,5,5967,10,342,3,2458,15,2765,13,5223,California
Lassen,2021-03-29,52,7734,0,1373,27,5994,25,367,20,2472,31,2796,45,5268,California
Lassen,2021-03-30,198,7932,10,1383,163,6157,25,392,51,2401,147,2943,76,5344,California
Lassen,2021-03-31,146,8078,12,1395,112,6269,22,414,62,2401,84,3027,84,5428,California
Lassen,2021-04-01,165,8243,15,1410,131,6400,19,433,48,2352,116,3143,67,5495,California
Lassen,2021-04-02,29,8272,4,1414,3,6403,22,455,2,2349,27,3170,24,5519,California
Lassen,2021-04-03,12,8284,0,1414,2,6405,10,465,0,2347,12,3182,10,5529,California
Lassen,2021-04-04,7,8291,2,1416,0,6405,5,470,1,2347,6,3188,6,5535,California
Lassen,2021-04-05,22,8313,4,1420,11,6416,7,477,11,2354,11,3199,18,5553,California
Lassen,2021-04-06,184,8497,9,1429,145,6561,30,507,53,2306,131,3330,83,5636,California
Lassen,2021-04-07,135,8632,6,1435,92,6653,37,544,32,2274,103,3433,71,5707,California
Lassen,2021-04-08,168,8800,9,1444,103,6756,56,600,32,2230,132,3565,88,5795,California
Lassen,2021-04-09,52,8852,6,1450,11,6767,35,635,9,2231,42,3607,43,5838,California
Lassen,2021-04-10,9,8861,0,1450,2,6769,7,642,0,2230,8,3615,7,5845,California
Lassen,2021-04-11,5,8866,2,1452,0,6769,3,645,2,2232,3,3618,5,5850,California
Lassen,2021-04-12,30,8896,2,1454,15,6784,13,658,2,2219,28,3646,15,5865,California
Lassen,2021-04-13,129,9025,6,1460,123,6907,0,658,40,2171,88,3734,40,5905,California
Lassen,2021-04-14,988,10013,16,1476,972,7879,0,658,51,1287,936,4670,52,5957,California
Lassen,2021-04-15,147,10160,14,1490,133,8012,0,658,19,1178,128,4798,19,5976,California
Lassen,2021-04-16,11,10171,4,1494,7,8019,0,658,5,1177,6,4804,5,5981,California
Lassen,2021-04-17,23,10194,2,1496,21,8040,0,658,3,1160,20,4824,3,5984,California
Lassen,2021-04-18,5,10199,2,1498,3,8043,0,658,2,1159,3,4827,2,5986,California
Lassen,2021-04-19,33,10232,0,1498,33,8076,0,658,17,1160,16,4843,17,6003,California
Lassen,2021-04-20,138,10370,7,1505,131,8207,0,658,52,1126,86,4929,52,6055,California
Lassen,2021-04-21,163,10533,10,1515,153,8360,0,658,32,1029,129,5058,32,6087,California
Lassen,2021-04-22,102,10635,16,1531,86,8446,0,658,33,993,69,5127,33,6120,California
Lassen,2021-04-23,28,10663,3,1534,25,8471,0,658,22,1009,6,5133,22,6142,California
Lassen,2021-04-24,10,10673,6,1540,4,8475,0,658,4,1007,6,5139,4,6146,California
Lassen,2021-04-25,5,10678,0,1540,4,8479,1,659,3,1009,2,5141,4,6150,California
Lassen,2021-04-26,42,10720,1,1541,37,8516,4,663,9,989,33,5174,13,6163,California
Lassen,2021-04-27,122,10842,10,1551,109,8625,3,666,70,1010,52,5226,73,6236,California
Lassen,2021-04-28,84,10926,8,1559,74,8699,2,668,31,990,53,5279,33,6269,California
Lassen,2021-04-29,67,10993,7,1566,57,8756,3,671,22,971,44,5323,25,6294,California
Lassen,2021-04-30,11,11004,7,1573,1,8757,3,674,3,969,8,5331,6,6300,California
Lassen,2021-05-01,4,11008,0,1573,3,8760,1,675,3,972,1,5332,4,6304,California
Lassen,2021-05-02,12,11020,8,1581,4,8764,0,675,8,976,4,5336,8,6312,California
Lassen,2021-05-03,19,11039,1,1582,11,8775,7,682,4,972,15,5351,11,6323,California
Lassen,2021-05-04,72,11111,4,1586,60,8835,8,690,20,948,52,5403,28,6351,California
Lassen,2021-05-05,81,11192,4,1590,67,8902,10,700,26,930,54,5457,36,6387,California
Lassen,2021-05-06,84,11276,21,1611,41,8943,22,722,24,916,60,5517,46,6433,California
Lassen,2021-05-07,47,11323,32,1643,10,8953,5,727,39,952,8,5525,44,6477,California
Lassen,2021-05-08,11,11334,0,1643,5,8958,6,733,4,955,7,5532,10,6487,California
Lassen,2021-05-09,3,11337,1,1644,0,8958,2,735,0,954,3,5535,2,6489,California
Lassen,2021-05-10,13,11350,1,1645,9,8967,3,738,7,958,6,5541,10,6499,California
Lassen,2021-05-11,71,11421,1,1646,61,9028,9,747,20,936,51,5592,29,6528,California
Lassen,2021-05-12,41,11462,4,1650,32,9060,5,752,12,924,29,5621,17,6545,California
Lassen,2021-05-13,37,11499,12,1662,20,9080,5,757,14,920,23,5644,19,6564,California
Lassen,2021-05-14,18,11517,3,1665,8,9088,7,764,8,925,10,5654,15,6579,California
Lassen,2021-05-15,22,11539,7,1672,5,9093,10,774,6,926,15,5669,16,6595,California
Lassen,2021-05-16,9,11548,3,1675,4,9097,2,776,4,928,4,5673,6,6601,California
Lassen,2021-05-17,37,11585,5,1680,20,9117,12,788,11,925,26,5699,23,6624,California
Lassen,2021-05-18,89,11674,12,1692,66,9183,11,799,28,903,61,5760,39,6663,California
Lassen,2021-05-19,34,11708,2,1694,21,9204,11,810,6,891,28,5788,16,6679,California
Los Angeles,2020-12-15,394,394,394,394,0,0,0,0,394,394,0,0,394,394,California
Los Angeles,2020-12-16,3376,3770,3376,3770,0,0,0,0,3376,3770,0,0,3376,3770,California
Los Angeles,2020-12-17,10252,14022,10252,14022,0,0,0,0,10253,14023,0,0,10253,14023,California
Los Angeles,2020-12-18,14529,28551,14506,28528,23,23,0,0,14529,28552,0,0,14529,28552,California
Los Angeles,2020-12-19,7230,35781,7222,35750,8,31,0,0,7231,35783,0,0,7231,35783,California
Los Angeles,2020-12-20,4601,40382,4593,40343,8,39,0,0,4603,40386,0,0,4603,40386,California
Los Angeles,2020-12-21,13706,54088,13691,54034,15,54,0,0,13706,54091,1,1,13706,54092,California
Los Angeles,2020-12-22,11534,65622,11152,65186,382,436,0,0,11535,65625,1,2,11535,65627,California
Los Angeles,2020-12-23,11900,77522,10143,75329,1757,2193,0,0,11901,77526,0,2,11901,77528,California
Los Angeles,2020-12-24,7024,84546,4257,79586,2767,4960,0,0,7027,84553,0,2,7027,84555,California
Los Angeles,2020-12-25,525,85071,419,80005,106,5066,0,0,525,85078,0,2,525,85080,California
Los Angeles,2020-12-26,2530,87601,2182,82187,348,5414,0,0,2530,87607,1,3,2530,87610,California
Los Angeles,2020-12-27,1763,89364,1028,83215,735,6149,0,0,1763,89370,0,3,1763,89373,California
Los Angeles,2020-12-28,10300,99664,6389,89604,3911,10060,0,0,10298,99667,1,4,10298,99671,California
Los Angeles,2020-12-29,11607,111271,6083,95687,5524,15584,0,0,11608,111275,0,4,11608,111279,California
Los Angeles,2020-12-30,14878,126149,8092,103779,6786,22370,0,0,14877,126152,0,4,14877,126156,California
Los Angeles,2020-12-31,7948,134097,2758,106537,5190,27560,0,0,7945,134095,2,6,7945,134101,California
Los Angeles,2021-01-01,1015,135112,276,106813,739,28299,0,0,1015,135110,0,6,1015,135116,California
Los Angeles,2021-01-02,4476,139588,1663,108476,2813,31112,0,0,4476,139586,0,6,4476,139592,California
Los Angeles,2021-01-03,953,140541,218,108694,735,31847,0,0,952,140537,1,7,952,140544,California
Los Angeles,2021-01-04,12728,153269,4894,113588,7834,39681,0,0,12713,153247,3,10,12713,153257,California
Los Angeles,2021-01-05,16069,169338,7099,120687,8970,48651,0,0,14165,165538,1878,1888,14169,167426,California
Los Angeles,2021-01-06,22703,192041,12087,132774,10616,59267,0,0,17105,177121,5530,7418,17113,184539,California
Los Angeles,2021-01-07,29406,221447,15829,148603,13577,72844,0,0,18883,185543,10476,17894,18898,203437,California
Los Angeles,2021-01-08,33153,254600,17917,166520,15236,88080,0,0,20918,194261,12209,30103,20927,224364,California
Los Angeles,2021-01-09,12387,266987,7089,173609,5298,93378,0,0,7512,196907,4873,34976,7519,231883,California
Los Angeles,2021-01-10,4686,271673,3636,177245,1050,94428,0,0,1953,196128,2733,37709,1954,233837,California
Los Angeles,2021-01-11,25832,297505,16270,193515,9562,103990,0,0,14883,200082,10938,48647,14892,248729,California
Los Angeles,2021-01-12,29271,326776,16107,209622,13164,117154,0,0,19127,209095,10126,58773,19139,267868,California
Los Angeles,2021-01-13,29294,356070,15650,225272,13644,130798,0,0,20344,220511,8933,67706,20349,288217,California
Los Angeles,2021-01-14,29317,385387,12761,238033,16556,147354,0,0,23797,238819,5500,73206,23808,312025,California
Los Angeles,2021-01-15,33852,419239,12384,250417,21468,168822,0,0,30273,265546,3554,76760,30281,342306,California
Los Angeles,2021-01-16,17576,436815,4972,255389,12604,181426,0,0,15797,279576,1771,78531,15801,358107,California
Los Angeles,2021-01-17,5200,442015,2315,257704,2885,184311,0,0,4953,284285,246,78777,4955,363062,California
Los Angeles,2021-01-18,15605,457620,10074,267778,5531,189842,0,0,10897,290489,4695,83472,10899,373961,California
Los Angeles,2021-01-19,38540,496160,20633,288411,17907,207749,0,0,30734,313469,7765,91237,30745,404706,California
Los Angeles,2021-01-20,46012,542172,24009,312420,22003,229752,0,0,38515,344527,7467,98704,38525,443231,California
Los Angeles,2021-01-21,48790,590962,22494,334914,26296,256048,0,0,44509,384833,4217,102921,44523,487754,California
Los Angeles,2021-01-22,48047,639009,22313,357227,25734,281782,0,0,44608,426057,3394,106315,44618,532372,California
Los Angeles,2021-01-23,34010,673019,15728,372955,18282,300064,0,0,31954,456000,2023,108338,31966,564338,California
Los Angeles,2021-01-24,15753,688772,12225,385180,3528,303592,0,0,15205,470666,540,108878,15206,579544,California
Los Angeles,2021-01-25,38961,727733,16617,401797,22344,325936,0,0,30343,492436,8589,117467,30359,609903,California
Los Angeles,2021-01-26,49376,777109,24536,426333,24840,350776,0,0,41158,525431,8183,125650,41178,651081,California
Los Angeles,2021-01-27,48636,825745,25878,452211,22758,373534,0,0,39372,555698,9126,134776,39393,690474,California
Los Angeles,2021-01-28,48716,874461,23178,475389,25538,399072,0,0,40270,587659,8323,143099,40284,730758,California
Los Angeles,2021-01-29,49336,923797,25442,500831,23894,422966,0,0,39254,617202,9727,152826,39270,770028,California
Los Angeles,2021-01-30,30043,953840,15434,516265,14609,437575,0,0,25884,639008,4082,156908,25888,795916,California
Los Angeles,2021-01-31,13045,966885,10399,526664,2646,440221,0,0,12108,650197,923,157831,12112,808028,California
Los Angeles,2021-02-01,38322,1005207,16336,543000,21986,462207,0,0,27962,667844,10325,168156,27972,836000,California
Los Angeles,2021-02-02,44431,1049638,17942,560942,26489,488696,0,0,32204,687869,12183,180339,32208,868208,California
Los Angeles,2021-02-03,52219,1101857,19616,580558,32603,521299,0,0,37295,710488,14682,195021,37301,905509,California
Los Angeles,2021-02-04,57272,1159129,20758,601316,36514,557813,0,0,39111,731759,17854,212875,39125,944634,California
Los Angeles,2021-02-05,61366,1220495,21154,622470,40212,598025,0,0,39392,749604,21556,234431,39401,984035,California
Los Angeles,2021-02-06,35602,1256097,13374,635844,22228,620253,0,0,27141,768383,8384,242815,27163,1011198,California
Los Angeles,2021-02-07,10880,1266977,8452,644296,2428,622681,0,0,8472,774469,2393,245208,8479,1019677,California
Los Angeles,2021-02-08,46847,1313824,21592,665888,25255,647936,0,0,30637,789034,16074,261282,30639,1050316,California
Los Angeles,2021-02-09,55875,1369699,24638,690526,31237,679173,0,0,28395,790034,27402,288684,28402,1078718,California
Los Angeles,2021-02-10,66998,1436697,29470,719996,37528,716701,0,0,30848,785125,35768,324452,30859,1109577,California
Los Angeles,2021-02-11,58293,1494990,31141,751137,27152,743853,0,0,28203,783685,29647,354099,28207,1137784,California
Los Angeles,2021-02-12,59694,1554684,29927,781064,29767,773620,0,0,26014,776382,33333,387432,26030,1163814,California
Los Angeles,2021-02-13,33860,1588544,19668,800732,14192,787812,0,0,15508,773662,18266,405698,15546,1179360,California
Los Angeles,2021-02-14,21931,1610475,15010,815742,6921,794733,0,0,8809,769413,13061,418759,8812,1188172,California
Los Angeles,2021-02-15,32810,1643285,15947,831689,16863,811596,0,0,18035,772744,14710,433469,18041,1206213,California
Los Angeles,2021-02-16,64271,1707556,32641,864330,31630,843226,0,0,29968,768513,34211,467680,29980,1236193,California
Los Angeles,2021-02-17,64864,1772420,34547,898877,30317,873543,0,0,26587,757008,38098,505778,26593,1262786,California
Los Angeles,2021-02-18,68578,1840998,34836,933713,33742,907285,0,0,28693,746018,39694,545472,28704,1291490,California
Los Angeles,2021-02-19,58310,1899308,36019,969732,22291,929576,0,0,28626,745077,29582,575054,28641,1320131,California
Los Angeles,2021-02-20,32914,1932222,23967,993699,8947,938523,0,0,15849,743923,17012,592066,15858,1335989,California
Los Angeles,2021-02-21,22033,1954255,20368,1014067,1665,940188,0,0,11083,744116,10893,602959,11086,1347075,California
Los Angeles,2021-02-22,34579,1988834,25199,1039266,9380,949568,0,0,17899,745422,16604,619563,17910,1364985,California
Los Angeles,2021-02-23,54826,2043660,23687,1062953,31139,980707,0,0,21707,734134,33006,652569,21718,1386703,California
Los Angeles,2021-02-24,64990,2108650,28938,1091891,36052,1016759,0,0,28577,726492,36237,688806,28595,1415298,California
Los Angeles,2021-02-25,74107,2182757,33920,1125811,40187,1056946,0,0,39009,730583,34933,723739,39024,1454322,California
Los Angeles,2021-02-26,83724,2266481,38793,1164604,44931,1101877,0,0,48096,743328,35382,759121,48127,1502449,California
Los Angeles,2021-02-27,60145,2326626,26411,1191015,33730,1135607,4,4,30968,745298,29025,788146,30995,1533444,California
Los Angeles,2021-02-28,26976,2353602,18641,1209656,8332,1143939,3,7,18919,756294,7932,796078,18928,1552372,California
Los Angeles,2021-03-01,56793,2410395,32264,1241920,24504,1168443,25,32,34179,768067,22446,818524,34219,1586591,California
Los Angeles,2021-03-02,77432,2487827,37616,1279536,39813,1208256,3,35,48943,788662,28362,846886,48957,1635548,California
Los Angeles,2021-03-03,84454,2572281,43052,1322588,41390,1249646,12,47,53428,811265,30859,877745,53462,1689010,California
Los Angeles,2021-03-04,90677,2662958,46609,1369197,44056,1293702,12,59,57235,835270,33260,911005,57265,1746275,California
Los Angeles,2021-03-05,89847,2752805,44360,1413557,45458,1339160,29,88,60260,866194,29398,940403,60322,1806597,California
Los Angeles,2021-03-06,67250,2820055,34273,1447830,31159,1370319,1818,1906,43376,887668,23723,964126,45197,1851794,California
Los Angeles,2021-03-07,27182,2847237,20757,1468587,5616,1375935,809,2715,21030,903380,6122,970248,21834,1873628,California
Los Angeles,2021-03-08,52697,2899934,27879,1496466,22869,1398804,1949,4664,39849,932435,12740,982988,41795,1915423,California
Los Angeles,2021-03-09,81256,2981190,38550,1535016,39429,1438233,3277,7941,51754,958114,29344,1012332,55023,1970446,California
Los Angeles,2021-03-10,82955,3064145,40832,1575848,37248,1475481,4875,12816,52526,985221,30255,1042587,57362,2027808,California
Los Angeles,2021-03-11,92535,3156680,45097,1620945,40758,1516239,6680,19496,54191,1007891,38158,1080745,60828,2088636,California
Los Angeles,2021-03-12,97541,3254221,43361,1664306,40341,1556580,13839,33335,56754,1037846,40588,1121333,70543,2159179,California
Los Angeles,2021-03-13,74094,3328315,34500,1698806,27690,1584270,11904,45239,43959,1063643,30018,1151351,55815,2214994,California
Los Angeles,2021-03-14,38134,3366449,25441,1724247,10228,1594498,2465,47704,23359,1074736,14710,1166061,25803,2240797,California
Los Angeles,2021-03-15,73703,3440152,35596,1759843,32771,1627269,5336,53040,44627,1095801,28875,1194936,49940,2290737,California
Los Angeles,2021-03-16,98576,3538728,42700,1802543,50106,1677375,5770,58810,63919,1130986,34465,1229401,69650,2360387,California
Los Angeles,2021-03-17,95887,3634615,43066,1845609,44604,1721979,8217,67027,64272,1171935,31411,1260812,72360,2432747,California
Los Angeles,2021-03-18,100329,3734944,47513,1893122,47607,1769586,5209,72236,63889,1204860,36159,1296971,69084,2501831,California
Los Angeles,2021-03-19,106903,3841847,55211,1948333,47012,1816598,4680,76916,66377,1235617,40251,1337222,71008,2572839,California
Los Angeles,2021-03-20,75178,3917025,36643,1984976,34018,1850616,4517,81433,51269,1267670,23716,1360938,55769,2628608,California
Los Angeles,2021-03-21,33619,3950644,24813,2009789,7961,1858577,845,82278,21746,1278506,11755,1372693,22591,2651199,California
Los Angeles,2021-03-22,69641,4020285,40650,2050439,26990,1885567,2001,84279,49043,1309205,20342,1393035,51041,2702240,California
Los Angeles,2021-03-23,95018,4115303,50968,2101407,40983,1926550,3067,87346,58071,1333632,36696,1429731,61123,2763363,California
Los Angeles,2021-03-24,103716,4219019,54845,2156252,45914,1972464,2957,90303,60506,1354183,42900,1472631,63451,2826814,California
Los Angeles,2021-03-25,109293,4328312,58333,2214585,47267,2019731,3693,93996,61856,1372559,47155,1519786,65531,2892345,California
Los Angeles,2021-03-26,113218,4441530,61520,2276105,47594,2067325,4104,98100,62994,1389680,49956,1569742,67077,2959422,California
Los Angeles,2021-03-27,82161,4523691,43056,2319161,36974,2104299,2131,100231,42300,1394505,39616,1609358,44441,3003863,California
Los Angeles,2021-03-28,40968,4564659,27408,2346569,12977,2117276,583,100814,19770,1393792,21065,1630423,20352,3024215,California
Los Angeles,2021-03-29,81765,4646424,46173,2392742,33991,2151267,1601,102415,45716,1405250,35855,1666278,47313,3071528,California
Los Angeles,2021-03-30,107192,4753616,50565,2443307,50865,2202132,5762,108177,56590,1417206,50373,1716651,62329,3133857,California
Los Angeles,2021-03-31,120479,4874095,60431,2503738,51506,2253638,8542,116719,67861,1441251,52334,1768985,76379,3210236,California
Los Angeles,2021-04-01,131178,5005273,61174,2564912,55120,2308758,14884,131603,71342,1467915,59544,1828529,86208,3296444,California
Los Angeles,2021-04-02,129409,5134682,57168,2622080,57290,2366048,14951,146554,69316,1492457,59776,1888305,84318,3380762,California
Los Angeles,2021-04-03,96778,5231460,44070,2666150,39619,2405667,13089,159643,48268,1505469,48333,1936638,61345,3442107,California
Los Angeles,2021-04-04,39167,5270627,20486,2686636,12055,2417722,6626,166269,16814,1506615,22279,1958917,23425,3465532,California
Los Angeles,2021-04-05,93494,5364121,44226,2730862,39103,2456825,10165,176434,44974,1513379,48328,2007245,55092,3520624,California
Los Angeles,2021-04-06,120554,5484675,56790,2787652,43571,2500396,20193,196627,55905,1524975,64414,2071659,76010,3596634,California
Los Angeles,2021-04-07,119325,5604000,54313,2841965,44047,2544443,20965,217592,54515,1535777,64569,2136228,75371,3672005,California
Los Angeles,2021-04-08,131681,5735681,57993,2899958,49757,2594200,23931,241523,59971,1548110,71440,2207668,83773,3755778,California
Los Angeles,2021-04-09,130305,5865986,56383,2956341,50124,2644324,23798,265321,56479,1554705,73542,2281210,80137,3835915,California
Los Angeles,2021-04-10,100725,5966711,42752,2999093,34069,2678393,23904,289225,37337,1552662,63168,2344378,61125,3897040,California
Los Angeles,2021-04-11,41624,6008335,22500,3021593,9604,2687997,9520,298745,14497,1549580,27049,2371427,23967,3921007,California
Los Angeles,2021-04-12,78527,6086862,38420,3060013,33834,2721831,6273,305018,32654,1542780,45673,2417100,38873,3959880,California
Los Angeles,2021-04-13,116880,6203742,58853,3118866,57604,2779435,423,305441,61881,1550314,54776,2471876,62310,4022190,California
Los Angeles,2021-04-14,118413,6322155,59385,3178251,58898,2838333,130,305571,64444,1561171,53713,2525589,64570,4086760,California
Los Angeles,2021-04-15,129334,6451489,69920,3248171,59243,2897576,171,305742,74183,1580498,54890,2580479,74217,4160977,California
Los Angeles,2021-04-16,129734,6581223,68621,3316792,60974,2958550,139,305881,68720,1588548,60743,2641222,68793,4229770,California
Los Angeles,2021-04-17,97902,6679125,51250,3368042,46627,3005177,25,305906,56024,1602919,41675,2682897,56046,4285816,California
Los Angeles,2021-04-18,33810,6712935,22417,3390459,11392,3016569,1,305907,18662,1606512,15075,2697972,18668,4304484,California
Los Angeles,2021-04-19,74639,6787574,39576,3430035,35051,3051620,12,305919,33377,1598819,41091,2739063,33398,4337882,California
Los Angeles,2021-04-20,101469,6889043,49799,3479834,51650,3103270,20,305939,50447,1598493,50794,2789857,50468,4388350,California
Los Angeles,2021-04-21,109011,6998054,52519,3532353,56304,3159574,188,306127,48548,1587074,60154,2850011,48735,4437085,California
Los Angeles,2021-04-22,114592,7112646,59067,3591420,55491,3215065,34,306161,50355,1573532,63936,2913947,50394,4487479,California
Los Angeles,2021-04-23,113457,7226103,62228,3653648,51211,3266276,18,306179,54009,1568409,59150,2973097,54027,4541506,California
Los Angeles,2021-04-24,87599,7313702,56312,3709960,31261,3297537,26,306205,48842,1578748,38536,3011633,48875,4590381,California
Los Angeles,2021-04-25,37783,7351485,25111,3735071,12667,3310204,5,306210,20415,1581896,17272,3028905,20420,4610801,California
Los Angeles,2021-04-26,69148,7420633,37136,3772207,31564,3341768,448,306658,34055,1581491,34902,3063807,34497,4645298,California
Los Angeles,2021-04-27,86167,7506800,41708,3813915,42770,3384538,1689,308347,32837,1562929,53079,3116886,34517,4679815,California
Los Angeles,2021-04-28,84418,7591218,40795,3854710,41600,3426138,2023,310370,32900,1546609,51234,3168120,34914,4714729,California
Los Angeles,2021-04-29,90752,7681970,45347,3900057,43286,3469424,2119,312489,32142,1522598,58273,3226393,34262,4748991,California
Los Angeles,2021-04-30,98715,7780685,49077,3949134,47249,3516673,2389,314878,35839,1498299,62513,3288906,38214,4787205,California
Los Angeles,2021-05-01,74770,7855455,42104,3991238,31173,3547846,1493,316371,28307,1481868,46226,3335132,29795,4817000,California
Los Angeles,2021-05-02,27911,7883366,17902,4009140,9277,3557123,732,317103,10089,1474976,17711,3352843,10819,4827819,California
Los Angeles,2021-05-03,60335,7943701,29661,4038801,28517,3585640,2157,319260,21230,1459469,38881,3391724,23374,4851193,California
Los Angeles,2021-05-04,84988,8028689,46864,4085665,35919,3621559,2205,321465,25912,1428788,58784,3450508,28103,4879296,California
Los Angeles,2021-05-05,87879,8116568,51314,4136979,34233,3655792,2332,323797,23926,1391384,63653,3514161,26249,4905545,California
Los Angeles,2021-05-06,95340,8211908,57627,4194606,35257,3691049,2456,326253,22663,1344182,72306,3586467,25104,4930649,California
Los Angeles,2021-05-07,94637,8306545,56436,4251042,35874,3726923,2327,328580,25700,1303587,68603,3655070,28008,4958657,California
Los Angeles,2021-05-08,63189,8369734,41674,4292716,19905,3746828,1610,330190,17058,1276582,45664,3700734,18659,4977316,California
Los Angeles,2021-05-09,23709,8393443,17895,4310611,5084,3751912,730,330920,6056,1265921,17443,3718177,6782,4984098,California
Los Angeles,2021-05-10,47946,8441389,25255,4335866,20863,3772775,1828,332748,14343,1248786,33298,3751475,16163,5000261,California
Los Angeles,2021-05-11,66414,8507803,35688,4371554,28757,3801532,1969,334717,16898,1218356,49277,3800752,18847,5019108,California
Los Angeles,2021-05-12,66254,8574057,35851,4407405,28457,3829989,1946,336663,18610,1191536,47357,3848109,20537,5039645,California
Los Angeles,2021-05-13,68580,8642637,41509,4448914,25530,3855519,1541,338204,24157,1173141,44083,3892192,25688,5065333,California
Los Angeles,2021-05-14,85610,8728247,54667,4503581,29215,3884734,1728,339932,32434,1154412,52879,3945071,34150,5099483,California
Los Angeles,2021-05-15,72341,8800588,51135,4554716,19926,3904660,1280,341212,28356,1140295,43747,3988818,29630,5129113,California
Los Angeles,2021-05-16,30097,8830685,23846,4578562,5651,3910311,600,341812,12010,1134911,17992,4006810,12608,5141721,California
Los Angeles,2021-05-17,59777,8890462,39262,4617824,18840,3929151,1675,343487,25590,1128167,33992,4040802,27248,5168969,California
Los Angeles,2021-05-18,46788,8937250,26891,4644715,18457,3947608,1440,344927,18347,1119700,28240,4069042,19773,5188742,California
Los Angeles,2021-05-19,36938,8974188,22840,4667555,12935,3960543,1163,346090,15407,1114874,21383,4090425,16557,5205299,California
Madera,2020-12-16,22,22,22,22,0,0,0,0,22,22,0,0,22,22,California
Madera,2020-12-17,13,35,13,35,0,0,0,0,13,35,0,0,13,35,California
Madera,2020-12-18,60,95,60,95,0,0,0,0,60,95,0,0,60,95,California
Madera,2020-12-19,5,100,5,100,0,0,0,0,5,100,0,0,5,100,California
Madera,2020-12-20,14,114,14,114,0,0,0,0,14,114,0,0,14,114,California
Madera,2020-12-21,60,174,60,174,0,0,0,0,60,174,0,0,60,174,California
Madera,2020-12-22,98,272,96,270,2,2,0,0,98,272,0,0,98,272,California
Madera,2020-12-23,67,339,67,337,0,2,0,0,67,339,0,0,67,339,California
Madera,2020-12-24,45,384,40,377,5,7,0,0,45,384,0,0,45,384,California
Madera,2020-12-26,28,412,26,403,2,9,0,0,28,412,0,0,28,412,California
Madera,2020-12-27,30,442,12,415,18,27,0,0,30,442,0,0,30,442,California
Madera,2020-12-28,107,549,37,452,70,97,0,0,107,549,0,0,107,549,California
Madera,2020-12-29,175,724,40,492,135,232,0,0,175,724,0,0,175,724,California
Madera,2020-12-30,219,943,86,578,133,365,0,0,219,943,0,0,219,943,California
Madera,2020-12-31,200,1143,80,658,120,485,0,0,200,1143,0,0,200,1143,California
Madera,2021-01-01,1,1144,1,659,0,485,0,0,1,1144,0,0,1,1144,California
Madera,2021-01-02,89,1233,33,692,56,541,0,0,89,1233,0,0,89,1233,California
Madera,2021-01-03,5,1238,5,697,0,541,0,0,5,1238,0,0,5,1238,California
Madera,2021-01-04,129,1367,65,762,64,605,0,0,129,1367,0,0,129,1367,California
Madera,2021-01-05,279,1646,143,905,136,741,0,0,275,1638,4,4,275,1642,California
Madera,2021-01-06,184,1830,27,932,157,898,0,0,164,1782,20,24,164,1806,California
Madera,2021-01-07,396,2226,113,1045,283,1181,0,0,374,2134,22,46,374,2180,California
Madera,2021-01-08,418,2644,72,1117,346,1527,0,0,363,2444,54,100,364,2544,California
Madera,2021-01-09,37,2681,14,1131,23,1550,0,0,28,2463,9,109,28,2572,California
Madera,2021-01-10,17,2698,14,1145,3,1553,0,0,5,2456,12,121,5,2577,California
Madera,2021-01-11,237,2935,189,1334,48,1601,0,0,195,2609,42,163,195,2772,California
Madera,2021-01-12,391,3326,158,1492,233,1834,0,0,285,2788,106,269,285,3057,California
Madera,2021-01-13,185,3511,91,1583,94,1928,0,0,129,2862,56,325,130,3187,California
Madera,2021-01-14,554,4065,82,1665,472,2400,0,0,520,3348,34,359,520,3707,California
Madera,2021-01-15,599,4664,160,1825,439,2839,0,0,578,3905,21,380,578,4285,California
Madera,2021-01-16,382,5046,47,1872,335,3174,0,0,353,4229,29,409,353,4638,California
Madera,2021-01-17,335,5381,15,1887,320,3494,0,0,331,4556,4,413,331,4969,California
Madera,2021-01-18,77,5458,61,1948,16,3510,0,0,58,4596,18,431,58,5027,California
Madera,2021-01-19,575,6033,139,2087,436,3946,0,0,544,5110,31,462,545,5572,California
Madera,2021-01-20,235,6268,80,2167,155,4101,0,0,207,5290,27,489,207,5779,California
Madera,2021-01-21,238,6506,131,2298,107,4208,0,0,205,5464,31,520,205,5984,California
Madera,2021-01-22,257,6763,83,2381,174,4382,0,0,243,5693,14,534,243,6227,California
Madera,2021-01-23,100,6863,52,2433,48,4430,0,0,76,5745,24,558,76,6303,California
Madera,2021-01-24,101,6964,82,2515,19,4449,0,0,78,5800,23,581,78,6381,California
Madera,2021-01-25,257,7221,124,2639,133,4582,0,0,142,5827,115,696,142,6523,California
Madera,2021-01-26,483,7704,189,2828,294,4876,0,0,294,5934,188,884,295,6818,California
Madera,2021-01-27,737,8441,63,2891,674,5550,0,0,600,6399,137,1021,602,7420,California
Madera,2021-01-28,543,8984,107,2998,436,5986,0,0,440,6736,103,1124,440,7860,California
Madera,2021-01-29,467,9451,95,3093,372,6358,0,0,412,7093,55,1179,412,8272,California
Madera,2021-01-30,505,9956,16,3109,489,6847,0,0,451,7490,54,1233,451,8723,California
Madera,2021-01-31,9,9965,6,3115,3,6850,0,0,8,7497,1,1234,8,8731,California
Madera,2021-02-01,331,10296,147,3262,184,7034,0,0,206,7578,125,1359,206,8937,California
Madera,2021-02-02,253,10549,88,3350,165,7199,0,0,162,7652,89,1448,163,9100,California
Madera,2021-02-03,595,11144,461,3811,134,7333,0,0,474,8008,119,1567,475,9575,California
Madera,2021-02-04,390,11534,122,3933,268,7601,0,0,113,7846,276,1843,114,9689,California
Madera,2021-02-05,975,12509,297,4230,678,8279,0,0,369,7615,601,2444,370,10059,California
Madera,2021-02-06,359,12868,324,4554,35,8314,0,0,320,7897,38,2482,320,10379,California
Madera,2021-02-07,35,12903,7,4561,28,8342,0,0,30,7922,5,2487,30,10409,California
Madera,2021-02-08,384,13287,308,4869,76,8418,0,0,270,8079,113,2600,270,10679,California
Madera,2021-02-09,481,13768,119,4988,362,8780,0,0,199,8000,279,2879,200,10879,California
Madera,2021-02-10,431,14199,149,5137,282,9062,0,0,325,8219,106,2985,325,11204,California
Madera,2021-02-11,937,15136,307,5444,630,9692,0,0,407,8098,529,3514,408,11612,California
Madera,2021-02-12,843,15979,120,5564,723,10415,0,0,311,7886,526,4040,314,11926,California
Madera,2021-02-13,484,16463,43,5607,441,10856,0,0,138,7681,345,4385,140,12066,California
Madera,2021-02-14,399,16862,75,5682,324,11180,0,0,135,7553,264,4649,136,12202,California
Madera,2021-02-15,244,17106,98,5780,146,11326,0,0,175,7660,68,4717,175,12377,California
Madera,2021-02-16,774,17880,183,5963,591,11917,0,0,228,7345,544,5261,229,12606,California
Madera,2021-02-17,610,18490,274,6237,336,12253,0,0,340,7422,265,5526,342,12948,California
Madera,2021-02-18,1300,19790,541,6778,759,13012,0,0,1121,8365,179,5705,1122,14070,California
Madera,2021-02-19,860,20650,544,7322,316,13328,0,0,718,8942,142,5847,719,14789,California
Madera,2021-02-20,1071,21721,980,8302,91,13419,0,0,999,9871,71,5918,1000,15789,California
Madera,2021-02-21,962,22683,819,9121,143,13562,0,0,957,10823,5,5923,957,16746,California
Madera,2021-02-22,910,23593,834,9955,76,13638,0,0,855,11623,55,5978,855,17601,California
Madera,2021-02-23,774,24367,501,10456,273,13911,0,0,546,11944,225,6203,546,18147,California
Madera,2021-02-24,907,25274,299,10755,608,14519,0,0,378,11794,528,6731,378,18525,California
Madera,2021-02-25,1029,26303,316,11071,713,15232,0,0,598,11963,429,7160,598,19123,California
Madera,2021-02-26,1087,27390,197,11268,890,16122,0,0,711,12300,374,7534,711,19834,California
Madera,2021-02-27,893,28283,261,11529,632,16754,0,0,469,12351,421,7955,472,20306,California
Madera,2021-02-28,189,28472,29,11558,160,16914,0,0,183,12528,6,7961,183,20489,California
Madera,2021-03-01,375,28847,120,11678,255,17169,0,0,195,12545,178,8139,195,20684,California
Madera,2021-03-02,741,29588,349,12027,392,17561,0,0,628,13061,113,8252,629,21313,California
Madera,2021-03-03,1344,30932,718,12745,626,18187,0,0,942,13628,399,8651,966,22279,California
Madera,2021-03-04,1201,32133,527,13272,674,18861,0,0,956,14341,246,8897,959,23238,California
Madera,2021-03-05,1344,33477,421,13693,910,19771,13,13,1079,15181,263,9160,1103,24341,California
Madera,2021-03-06,810,34287,628,14321,150,19921,32,45,492,15389,317,9477,525,24866,California
Madera,2021-03-07,154,34441,28,14349,104,20025,22,67,104,15465,50,9527,126,24992,California
Madera,2021-03-08,598,35039,336,14685,203,20228,59,126,305,15538,293,9820,366,25358,California
Madera,2021-03-09,592,35631,295,14980,263,20491,34,160,406,15802,184,10004,448,25806,California
Madera,2021-03-10,1186,36817,559,15539,549,21040,78,238,756,16211,426,10430,835,26641,California
Madera,2021-03-11,1664,38481,847,16386,485,21525,332,570,751,16394,911,11341,1094,27735,California
Madera,2021-03-12,1530,40011,777,17163,598,22123,155,725,754,16554,774,12115,934,28669,California
Madera,2021-03-13,1816,41827,1271,18434,347,22470,198,923,748,16451,1065,13180,962,29631,California
Madera,2021-03-14,583,42410,448,18882,102,22572,33,956,293,16490,287,13467,326,29957,California
Madera,2021-03-15,739,43149,223,19105,469,23041,47,1003,515,16856,221,13688,587,30544,California
Madera,2021-03-16,827,43976,424,19529,356,23397,47,1050,639,17374,185,13873,703,31247,California
Madera,2021-03-17,1416,45392,932,20461,421,23818,63,1113,862,17843,546,14419,1015,32262,California
Madera,2021-03-18,1877,47269,651,21112,1166,24984,60,1173,908,17931,964,15383,1052,33314,California
Madera,2021-03-19,1523,48792,587,21699,852,25836,84,1257,981,18523,539,15922,1131,34445,California
Madera,2021-03-20,1132,49924,772,22471,309,26145,51,1308,570,18631,561,16483,669,35114,California
Madera,2021-03-21,1077,51001,876,23347,156,26301,45,1353,360,18323,714,17197,406,35520,California
Madera,2021-03-22,1360,52361,852,24199,440,26741,68,1421,686,18448,671,17868,796,36316,California
Madera,2021-03-23,1397,53758,839,25038,467,27208,91,1512,668,18562,727,18595,841,37157,California
Madera,2021-03-24,917,54675,478,25516,408,27616,31,1543,598,18878,317,18912,633,37790,California
Madera,2021-03-25,1128,55803,492,26008,612,28228,24,1567,631,19059,487,19399,668,38458,California
Madera,2021-03-26,1442,57245,512,26520,798,29026,132,1699,667,19090,771,20170,802,39260,California
Madera,2021-03-27,831,58076,530,27050,279,29305,22,1721,366,19018,461,20631,389,39649,California
Madera,2021-03-28,420,58496,137,27187,222,29527,61,1782,229,19171,190,20821,343,39992,California
Madera,2021-03-29,681,59177,179,27366,475,30002,27,1809,489,19503,188,21009,520,40512,California
Madera,2021-03-30,1019,60196,562,27928,425,30427,32,1841,452,19424,564,21573,485,40997,California
Madera,2021-03-31,1326,61522,488,28416,703,31130,135,1976,406,19056,914,22487,546,41543,California
Madera,2021-04-01,1256,62778,541,28957,663,31793,52,2028,439,18737,811,23298,492,42035,California
Madera,2021-04-02,1546,64324,410,29367,1077,32870,59,2087,473,18212,1062,24360,537,42572,California
Madera,2021-04-03,885,65209,689,30056,176,33046,20,2107,384,18127,499,24859,414,42986,California
Madera,2021-04-04,187,65396,65,30121,120,33166,2,2109,88,18118,99,24958,90,43076,California
Madera,2021-04-05,738,66134,256,30377,424,33590,58,2167,342,18137,395,25353,414,43490,California
Madera,2021-04-06,1698,67832,885,31262,464,34054,349,2516,634,18058,1062,26415,983,44473,California
Madera,2021-04-07,1199,69031,371,31633,679,34733,149,2665,454,17924,742,27157,608,45081,California
Madera,2021-04-08,1700,70731,657,32290,786,35519,257,2922,569,17631,1125,28282,832,45913,California
Madera,2021-04-09,1621,72352,682,32972,790,36309,149,3071,938,18043,678,28960,1090,47003,California
Madera,2021-04-10,955,73307,679,33651,209,36518,67,3138,709,18573,247,29207,777,47780,California
Madera,2021-04-11,797,74104,645,34296,74,36592,78,3216,302,18459,492,29699,378,48158,California
Madera,2021-04-12,783,74887,270,34566,435,37027,78,3294,303,18361,480,30179,382,48540,California
Madera,2021-04-13,1232,76119,608,35174,583,37610,41,3335,725,18632,505,30684,776,49316,California
Madera,2021-04-14,1378,77497,853,36027,525,38135,0,3335,583,18425,796,31480,589,49905,California
Madera,2021-04-15,1154,78651,498,36525,655,38790,1,3336,453,18191,689,32169,455,50360,California
Madera,2021-04-16,1304,79955,534,37059,770,39560,0,3336,446,17791,847,33016,447,50807,California
Madera,2021-04-17,1265,81220,1066,38125,199,39759,0,3336,822,18171,442,33458,822,51629,California
Madera,2021-04-18,244,81464,207,38332,37,39796,0,3336,99,18126,144,33602,99,51728,California
Madera,2021-04-19,802,82266,236,38568,565,40361,1,3337,274,17879,522,34124,275,52003,California
Madera,2021-04-20,875,83141,430,38998,445,40806,0,3337,240,17489,632,34756,242,52245,California
Madera,2021-04-21,857,83998,449,39447,408,41214,0,3337,302,17238,555,35311,304,52549,California
Madera,2021-04-22,1060,85058,510,39957,550,41764,0,3337,394,16971,662,35973,395,52944,California
Madera,2021-04-23,963,86021,306,40263,656,42420,1,3338,349,16711,609,36582,349,53293,California
Madera,2021-04-24,704,86725,463,40726,241,42661,0,3338,282,16576,418,37000,283,53576,California
Madera,2021-04-25,265,86990,161,40887,101,42762,3,3341,118,16555,143,37143,122,53698,California
Madera,2021-04-26,516,87506,97,40984,413,43175,6,3347,111,16269,403,37546,117,53815,California
Madera,2021-04-27,567,88073,268,41252,278,43453,21,3368,304,16333,262,37808,326,54141,California
Madera,2021-04-28,472,88545,196,41448,257,43710,19,3387,234,16349,236,38044,252,54393,California
Madera,2021-04-29,518,89063,240,41688,251,43961,27,3414,253,16371,258,38302,280,54673,California
Madera,2021-04-30,919,89982,503,42191,400,44361,16,3430,260,15993,654,38956,276,54949,California
Madera,2021-05-01,959,90941,865,43056,81,44442,13,3443,390,15828,568,39524,403,55352,California
Madera,2021-05-02,398,91339,350,43406,44,44486,4,3447,149,15732,249,39773,153,55505,California
Madera,2021-05-03,505,91844,203,43609,262,44748,40,3487,102,15474,400,40173,142,55647,California
Madera,2021-05-04,878,92722,433,44042,405,45153,40,3527,212,15060,666,40839,252,55899,California
Madera,2021-05-05,995,93717,474,44516,462,45615,59,3586,274,14674,719,41558,333,56232,California
Madera,2021-05-06,694,94411,247,44763,416,46031,31,3617,153,14322,536,42094,184,56416,California
Madera,2021-05-07,807,95218,280,45043,506,46537,21,3638,194,13928,608,42702,214,56630,California
Madera,2021-05-08,967,96185,755,45798,202,46739,10,3648,186,13344,780,43482,196,56826,California
Madera,2021-05-09,145,96330,19,45817,115,46854,11,3659,34,13279,110,43592,45,56871,California
Madera,2021-05-10,343,96673,73,45890,258,47112,12,3671,101,13151,241,43833,113,56984,California
Madera,2021-05-11,515,97188,176,46066,331,47443,8,3679,163,12972,350,44183,171,57155,California
Madera,2021-05-12,478,97666,227,46293,215,47658,36,3715,124,12780,352,44535,160,57315,California
Madera,2021-05-13,479,98145,288,46581,161,47819,30,3745,155,12644,321,44856,185,57500,California
Madera,2021-05-14,504,98649,262,46843,228,48047,14,3759,227,12611,274,45130,241,57741,California
Madera,2021-05-15,557,99206,471,47314,77,48124,9,3768,358,12781,197,45327,367,58108,California
Madera,2021-05-16,253,99459,188,47502,35,48159,30,3798,103,12764,150,45477,133,58241,California
Madera,2021-05-17,442,99901,199,47701,214,48373,29,3827,216,12786,223,45700,245,58486,California
Madera,2021-05-18,486,100387,325,48026,144,48517,17,3844,258,12838,224,45924,276,58762,California
Madera,2021-05-19,328,100715,140,48166,168,48685,20,3864,124,12779,203,46127,144,58906,California
Marin,2020-12-15,2,2,2,2,0,0,0,0,2,2,0,0,2,2,California
Marin,2020-12-16,109,111,109,111,0,0,0,0,109,111,0,0,109,111,California
Marin,2020-12-17,261,372,261,372,0,0,0,0,261,372,0,0,261,372,California
Marin,2020-12-18,373,745,373,745,0,0,0,0,373,745,0,0,373,745,California
Marin,2020-12-19,348,1093,347,1092,1,1,0,0,348,1093,0,0,348,1093,California
Marin,2020-12-20,167,1260,166,1258,1,2,0,0,167,1260,0,0,167,1260,California
Marin,2020-12-21,238,1498,235,1493,3,5,0,0,238,1498,0,0,238,1498,California
Marin,2020-12-22,521,2019,317,1810,204,209,0,0,521,2019,0,0,521,2019,California
Marin,2020-12-23,730,2749,321,2131,409,618,0,0,730,2749,0,0,730,2749,California
Marin,2020-12-24,357,3106,159,2290,198,816,0,0,357,3106,0,0,357,3106,California
Marin,2020-12-25,27,3133,0,2290,27,843,0,0,27,3133,0,0,27,3133,California
Marin,2020-12-26,143,3276,93,2383,50,893,0,0,143,3276,0,0,143,3276,California
Marin,2020-12-27,92,3368,55,2438,37,930,0,0,92,3368,0,0,92,3368,California
Marin,2020-12-28,408,3776,99,2537,309,1239,0,0,408,3776,0,0,408,3776,California
Marin,2020-12-29,402,4178,88,2625,314,1553,0,0,402,4178,0,0,402,4178,California
Marin,2020-12-30,626,4804,388,3013,238,1791,0,0,626,4804,0,0,626,4804,California
Marin,2020-12-31,197,5001,34,3047,163,1954,0,0,197,5001,0,0,197,5001,California
Marin,2021-01-01,18,5019,8,3055,10,1964,0,0,18,5019,0,0,18,5019,California
Marin,2021-01-02,108,5127,102,3157,6,1970,0,0,108,5127,0,0,108,5127,California
Marin,2021-01-03,54,5181,36,3193,18,1988,0,0,51,5178,0,0,51,5178,California
Marin,2021-01-04,296,5477,192,3385,104,2092,0,0,295,5472,1,1,295,5473,California
Marin,2021-01-05,369,5846,222,3607,147,2239,0,0,326,5755,43,44,326,5799,California
Marin,2021-01-06,819,6665,318,3925,501,2740,0,0,641,6218,178,222,641,6440,California
Marin,2021-01-07,890,7555,503,4428,387,3127,0,0,543,6414,347,569,543,6983,California
Marin,2021-01-08,970,8525,514,4942,456,3583,0,0,594,6633,375,944,594,7577,California
Marin,2021-01-09,620,9145,224,5166,396,3979,0,0,488,6989,132,1076,488,8065,California
Marin,2021-01-10,129,9274,100,5266,29,4008,0,0,55,6970,74,1150,55,8120,California
Marin,2021-01-11,468,9742,326,5592,142,4150,0,0,248,7000,220,1370,250,8370,California
Marin,2021-01-12,936,10678,540,6132,396,4546,0,0,569,7205,364,1734,569,8939,California
Marin,2021-01-13,1177,11855,499,6631,678,5224,0,0,939,7906,238,1972,939,9878,California
Marin,2021-01-14,1069,12924,318,6949,751,5975,0,0,919,8677,148,2120,919,10797,California
Marin,2021-01-15,1157,14081,354,7303,803,6778,0,0,1027,9576,129,2249,1028,11825,California
Marin,2021-01-16,1121,15202,914,8217,207,6985,0,0,1047,10549,74,2323,1047,12872,California
Marin,2021-01-17,1232,16434,1113,9330,119,7104,0,0,1203,11727,28,2351,1206,14078,California
Marin,2021-01-18,360,16794,159,9489,201,7305,0,0,309,11985,51,2402,309,14387,California
Marin,2021-01-19,1154,17948,912,10401,242,7547,0,0,982,12796,171,2573,982,15369,California
Marin,2021-01-20,1792,19740,1210,11611,582,8129,0,0,1062,13139,719,3292,1062,16431,California
Marin,2021-01-21,1687,21427,1062,12673,625,8754,0,0,1333,14123,351,3643,1335,17766,California
Marin,2021-01-22,1701,23128,1089,13762,612,9366,0,0,1532,15486,169,3812,1532,19298,California
Marin,2021-01-23,1844,24972,1342,15104,502,9868,0,0,1755,17153,88,3900,1755,21053,California
Marin,2021-01-24,615,25587,166,15270,449,10317,0,0,583,17704,32,3932,583,21636,California
Marin,2021-01-25,1129,26716,229,15499,900,11217,0,0,694,17964,435,4367,695,22331,California
Marin,2021-01-26,1505,28221,783,16282,722,11939,0,0,1130,18720,374,4741,1130,23461,California
Marin,2021-01-27,1714,29935,886,17168,828,12767,0,0,1352,19713,360,5101,1353,24814,California
Marin,2021-01-28,2080,32015,1071,18239,1009,13776,0,0,1816,21267,263,5364,1817,26631,California
Marin,2021-01-29,2196,34211,1447,19686,749,14525,0,0,1991,23066,193,5557,1992,28623,California
Marin,2021-01-30,1721,35932,906,20592,815,15340,0,0,1641,24628,80,5637,1642,30265,California
Marin,2021-01-31,458,36390,321,20913,137,15477,0,0,432,25034,26,5663,432,30697,California
Marin,2021-02-01,1094,37484,419,21332,675,16152,0,0,894,25730,199,5862,895,31592,California
Marin,2021-02-02,1352,38836,464,21796,888,17040,0,0,722,25833,619,6481,722,32314,California
Marin,2021-02-03,1783,40619,431,22227,1352,18392,0,0,1257,26565,525,7006,1257,33571,California
Marin,2021-02-04,1540,42159,513,22740,1027,19419,0,0,937,26902,600,7606,937,34508,California
Marin,2021-02-05,2181,44340,684,23424,1497,20916,0,0,1343,27411,834,8440,1343,35851,California
Marin,2021-02-06,1427,45767,851,24275,576,21492,0,0,605,27195,821,9261,605,36456,California
Marin,2021-02-07,1291,47058,1009,25284,282,21774,0,0,489,26883,801,10062,489,36945,California
Marin,2021-02-08,1522,48580,754,26038,768,22542,0,0,726,26815,794,10856,726,37671,California
Marin,2021-02-09,1781,50361,1122,27160,659,23201,0,0,835,26704,946,11802,835,38506,California
Marin,2021-02-10,2340,52701,1493,28653,847,24048,0,0,1217,26801,1121,12923,1218,39724,California
Marin,2021-02-11,2872,55573,1646,30299,1226,25274,0,0,1452,26842,1414,14337,1455,41179,California
Marin,2021-02-12,3064,58637,1540,31839,1524,26798,0,0,1563,26907,1498,15835,1563,42742,California
Marin,2021-02-13,2339,60976,1243,33082,1096,27894,0,0,1131,26832,1206,17041,1131,43873,California
Marin,2021-02-14,812,61788,302,33384,510,28404,0,0,719,27459,93,17134,720,44593,California
Marin,2021-02-15,1215,63003,355,33739,860,29264,0,0,835,27916,379,17513,836,45429,California
Marin,2021-02-16,2465,65468,1057,34796,1408,30672,0,0,1504,28460,960,18473,1504,46933,California
Marin,2021-02-17,2103,67571,944,35740,1159,31831,0,0,1089,28538,1012,19485,1090,48023,California
Marin,2021-02-18,2418,69989,1583,37323,835,32666,0,0,1059,28239,1358,20843,1059,49082,California
Marin,2021-02-19,2764,72753,2159,39482,605,33271,0,0,1221,27931,1530,22373,1222,50304,California
Marin,2021-02-20,2566,75319,2112,41594,454,33725,0,0,1217,27808,1341,23714,1218,51522,California
Marin,2021-02-21,1307,76626,1113,42707,194,33919,0,0,929,28363,374,24088,929,52451,California
Marin,2021-02-22,1832,78458,1412,44119,420,34339,0,0,1218,28969,612,24700,1218,53669,California
Marin,2021-02-23,2861,81319,1640,45759,1221,35560,0,0,1928,29976,922,25622,1929,55598,California
Marin,2021-02-24,3516,84835,1615,47374,1901,37461,0,0,2256,30980,1253,26875,2257,57855,California
Marin,2021-02-25,3937,88772,1814,49188,2123,39584,0,0,2779,32609,1151,28026,2780,60635,California
Marin,2021-02-26,3499,92271,1893,51081,1606,41190,0,0,2540,34203,947,28973,2541,63176,California
Marin,2021-02-27,2624,94895,1506,52587,1118,42308,0,0,1786,35156,835,29808,1788,64964,California
Marin,2021-02-28,1381,96276,920,53507,461,42769,0,0,1044,35866,334,30142,1044,66008,California
Marin,2021-03-01,2511,98787,1561,55068,950,43719,0,0,1688,36738,816,30958,1688,67696,California
Marin,2021-03-02,2524,101311,1684,56752,839,44558,1,1,1755,37728,766,31724,1756,69452,California
Marin,2021-03-03,4330,105641,2409,59161,1917,46475,4,5,2803,39014,1521,33245,2807,72259,California
Marin,2021-03-04,3390,109031,1668,60829,1721,48196,1,6,2372,40379,1011,34256,2376,74635,California
Marin,2021-03-05,3077,112108,1179,62008,1886,50082,12,18,1804,40926,1269,35525,1816,76451,California
Marin,2021-03-06,3235,115343,2321,64329,836,50918,78,96,2660,43093,570,36095,2737,79188,California
Marin,2021-03-07,1390,116733,1170,65499,196,51114,24,120,999,43729,387,36482,1023,80211,California
Marin,2021-03-08,1897,118630,1392,66891,388,51502,117,237,1427,44806,467,36949,1544,81755,California
Marin,2021-03-09,2224,120854,1342,68233,774,52276,108,345,1544,45779,678,37627,1651,83406,California
Marin,2021-03-10,4452,125306,2506,70739,1663,53939,283,628,3215,48047,1232,38859,3500,86906,California
Marin,2021-03-11,4568,129874,1877,72616,2556,56495,135,763,3273,50167,1288,40147,3408,90314,California
Marin,2021-03-12,3979,133853,1539,74155,2084,58579,356,1119,1565,49685,2403,42550,1921,92235,California
Marin,2021-03-13,4096,137949,2858,77013,1166,59745,72,1191,2420,50498,1674,44224,2487,94722,California
Marin,2021-03-14,2276,140225,1098,78111,1061,60806,117,1308,707,49754,1567,45791,823,95545,California
Marin,2021-03-15,3232,143457,1765,79876,1419,62225,48,1356,1217,49014,2004,47795,1264,96809,California
Marin,2021-03-16,4304,147761,2316,82192,1624,63849,364,1720,1504,48083,2797,50592,1866,98675,California
Marin,2021-03-17,4176,151937,2265,84457,1866,65715,45,1765,2049,48060,2116,52708,2093,100768,California
Marin,2021-03-18,4488,156425,2260,86717,2153,67868,75,1840,2249,48158,2223,54931,2321,103089,California
Marin,2021-03-19,4468,160893,2283,89000,1966,69834,219,2059,2427,48771,2031,56962,2644,105733,California
Marin,2021-03-20,3577,164470,1981,90981,1482,71316,114,2173,2024,49366,1544,58506,2139,107872,California
Marin,2021-03-21,1537,166007,1132,92113,380,71696,25,2198,799,49454,736,59242,824,108696,California
Marin,2021-03-22,2468,168475,2134,94247,169,71865,165,2363,989,49133,1475,60717,1154,109850,California
Marin,2021-03-23,4248,172723,2200,96447,1918,73783,130,2493,1875,48771,2367,63084,2005,111855,California
Marin,2021-03-24,4422,177145,2900,99347,1418,75201,104,2597,1798,48060,2611,65695,1900,113755,California
Marin,2021-03-25,4647,181792,2837,102184,1742,76943,68,2665,2257,48006,2377,68072,2323,116078,California
Marin,2021-03-26,4292,186084,2330,104514,1748,78691,214,2879,2404,48753,1871,69943,2618,118696,California
Marin,2021-03-27,3708,189792,2661,107175,1028,79719,19,2898,1136,47354,2562,72505,1163,119859,California
Marin,2021-03-28,2382,192174,1721,108896,655,80374,6,2904,1091,47167,1284,73789,1097,120956,California
Marin,2021-03-29,2688,194862,2092,110988,571,80945,25,2929,1164,46835,1522,75311,1190,122146,California
Marin,2021-03-30,4655,199517,3645,114633,977,81922,33,2962,2949,48115,1703,77014,2983,125129,California
Marin,2021-03-31,5804,205321,4107,118740,1648,83570,49,3011,2540,47454,3252,80266,2591,127720,California
Marin,2021-04-01,4426,209747,2282,121022,1893,85463,251,3262,2109,47512,2308,82574,2366,130086,California
Marin,2021-04-02,3725,213472,1853,122875,1508,86971,364,3626,1999,48157,1718,84292,2363,132449,California
Marin,2021-04-03,3895,217367,2558,125433,966,87937,371,3997,1499,47660,2384,86676,1887,134336,California
Marin,2021-04-04,1652,219019,1241,126674,207,88144,204,4201,1206,48626,444,87120,1410,135746,California
Marin,2021-04-05,2203,221222,1530,128204,301,88445,372,4573,1271,49340,927,88047,1641,137387,California
Marin,2021-04-06,3951,225173,2111,130315,1290,89735,550,5123,2194,50330,1752,89799,2742,140129,California
Marin,2021-04-07,3926,229099,1986,132301,1301,91036,639,5762,1439,49928,2480,92279,2078,142207,California
Marin,2021-04-08,5001,234100,1959,134260,2435,93471,607,6369,2285,50103,2707,94986,2882,145089,California
Marin,2021-04-09,3955,238055,1544,135804,1686,95157,725,7094,1304,49483,2646,97632,2026,147115,California
Marin,2021-04-10,3188,241243,1462,137266,1294,96451,432,7526,1435,49607,1741,99373,1865,148980,California
Marin,2021-04-11,1059,242302,804,138070,93,96544,162,7688,474,49659,583,99956,635,149615,California
Marin,2021-04-12,1736,244038,1236,139306,340,96884,160,7848,924,49936,808,100764,1085,150700,California
Marin,2021-04-13,3712,247750,2273,141579,1432,98316,7,7855,1348,48937,2354,103118,1355,152055,California
Marin,2021-04-14,4162,251912,2482,144061,1677,99993,3,7858,1712,48210,2440,105558,1713,153768,California
Marin,2021-04-15,5556,257468,3935,147996,1621,101614,0,7858,3180,49027,2364,107922,3181,156949,California
Marin,2021-04-16,4242,261710,2236,150232,2003,103617,3,7861,2062,48925,2168,110090,2066,159015,California
Marin,2021-04-17,3524,265234,2153,152385,1371,104988,0,7861,1763,48932,1756,111846,1763,160778,California
Marin,2021-04-18,3178,268412,3075,155460,103,105091,0,7861,2541,50839,634,112480,2541,163319,California
Marin,2021-04-19,2042,270454,1871,157331,171,105262,0,7861,1160,51123,878,113358,1162,164481,California
Marin,2021-04-20,3694,274148,2554,159885,1140,106402,0,7861,1474,50384,2214,115572,1475,165956,California
Marin,2021-04-21,4004,278152,2944,162829,1057,107459,3,7864,1377,49151,2611,118183,1378,167334,California
Marin,2021-04-22,4213,282365,3211,166040,1002,108461,0,7864,1486,47921,2719,120902,1489,168823,California
Marin,2021-04-23,3230,285595,1828,167868,1402,109863,0,7864,1235,47171,1986,122888,1236,170059,California
Marin,2021-04-24,2523,288118,1693,169561,829,110692,1,7865,926,46510,1588,124476,927,170986,California
Marin,2021-04-25,1387,289505,1269,170830,118,110810,0,7865,311,45751,1070,125546,311,171297,California
Marin,2021-04-26,1551,291056,1348,172178,200,111010,3,7868,348,44904,1199,126745,352,171649,California
Marin,2021-04-27,2972,294028,2169,174347,765,111775,38,7906,971,43917,1992,128737,1005,172654,California
Marin,2021-04-28,2301,296329,1588,175935,665,112440,48,7954,727,43120,1571,130308,774,173428,California
Marin,2021-04-29,2874,299203,1969,177904,843,113283,62,8016,787,41889,2080,132388,849,174277,California
Marin,2021-04-30,1950,301153,1275,179179,587,113870,88,8104,698,41429,1246,133634,786,175063,California
Marin,2021-05-01,1810,302963,1004,180183,783,114653,23,8127,523,40695,1280,134914,546,175609,California
Marin,2021-05-02,724,303687,587,180770,108,114761,29,8156,200,40403,520,135434,228,175837,California
Marin,2021-05-03,1215,304902,990,181760,170,114931,55,8211,263,39771,949,136383,317,176154,California
Marin,2021-05-04,2918,307820,1961,183721,867,115798,90,8301,470,37890,2441,138824,560,176714,California
Marin,2021-05-05,2716,310536,1994,185715,600,116398,122,8423,440,36182,2270,141094,562,177276,California
Marin,2021-05-06,3255,313791,2530,188245,636,117034,89,8512,426,33874,2821,143915,513,177789,California
Marin,2021-05-07,2027,315818,1541,189786,400,117434,86,8598,378,32695,1641,145556,462,178251,California
Marin,2021-05-08,2464,318282,1858,191644,484,117918,122,8720,338,31037,2118,147674,460,178711,California
Marin,2021-05-09,987,319269,901,192545,65,117983,21,8741,118,30312,865,148539,140,178851,California
Marin,2021-05-10,1405,320674,1149,193694,186,118169,70,8811,200,29380,1201,149740,269,179120,California
Marin,2021-05-11,2283,322957,1835,195529,394,118563,54,8865,292,27736,1989,151729,345,179465,California
Marin,2021-05-12,1390,324347,1028,196557,291,118854,71,8936,272,26964,1113,152842,341,179806,California
Marin,2021-05-13,2472,326819,2144,198701,270,119124,58,8994,1326,27207,1140,153982,1383,181189,California
Marin,2021-05-14,2232,329051,1463,200164,666,119790,103,9097,908,26902,1316,155298,1011,182200,California
Marin,2021-05-15,2702,331753,2230,202394,389,120179,83,9180,1623,27531,1077,156375,1706,183906,California
Marin,2021-05-16,1633,333386,1571,203965,57,120236,5,9185,1308,28521,323,156698,1313,185219,California
Marin,2021-05-17,1913,335299,1770,205735,98,120334,45,9230,1503,29667,402,157100,1548,186767,California
Marin,2021-05-18,1246,336545,1019,206754,196,120530,31,9261,659,29774,582,157682,689,187456,California
Marin,2021-05-19,988,337533,851,207605,101,120631,36,9297,546,29918,439,158121,583,188039,California
Mariposa,2020-12-17,37,37,37,37,0,0,0,0,39,39,0,0,39,39,California
Mariposa,2020-12-18,55,92,55,92,0,0,0,0,56,95,0,0,56,95,California
Mariposa,2020-12-20,2,94,2,94,0,0,0,0,2,97,0,0,2,97,California
Mariposa,2020-12-21,49,143,49,143,0,0,0,0,53,150,0,0,53,150,California
Mariposa,2020-12-22,5,148,5,148,0,0,0,0,5,155,0,0,5,155,California
Mariposa,2020-12-23,16,164,16,164,0,0,0,0,16,171,0,0,16,171,California
Mariposa,2020-12-24,1,165,0,164,1,1,0,0,0,171,0,0,0,171,California
Mariposa,2020-12-26,1,166,1,165,0,1,0,0,1,172,0,0,1,172,California
Mariposa,2020-12-27,1,167,0,165,1,2,0,0,1,173,0,0,1,173,California
Mariposa,2020-12-28,6,173,3,168,3,5,0,0,6,179,0,0,6,179,California
Mariposa,2020-12-29,33,206,3,171,30,35,0,0,33,212,0,0,33,212,California
Mariposa,2020-12-30,25,231,4,175,21,56,0,0,25,237,0,0,25,237,California
Mariposa,2020-12-31,16,247,0,175,16,72,0,0,16,253,0,0,16,253,California
Mariposa,2021-01-02,1,248,1,176,0,72,0,0,1,254,0,0,1,254,California
Mariposa,2021-01-04,8,256,1,177,7,79,0,0,8,262,0,0,8,262,California
Mariposa,2021-01-05,24,280,14,191,10,89,0,0,14,266,10,10,14,276,California
Mariposa,2021-01-06,6,286,3,194,3,92,0,0,3,266,3,13,3,279,California
Mariposa,2021-01-07,51,337,46,240,5,97,0,0,5,225,46,59,5,284,California
Mariposa,2021-01-08,108,445,79,319,29,126,0,0,33,183,75,134,33,317,California
Mariposa,2021-01-09,1,446,0,319,1,127,0,0,1,184,0,134,1,318,California
Mariposa,2021-01-11,31,477,10,329,21,148,0,0,23,199,8,142,23,341,California
Mariposa,2021-01-12,20,497,5,334,15,163,0,0,16,211,4,146,16,357,California
Mariposa,2021-01-13,21,518,4,338,17,180,0,0,18,226,3,149,18,375,California
Mariposa,2021-01-14,73,591,7,345,66,246,0,0,67,287,6,155,67,442,California
Mariposa,2021-01-15,68,659,27,372,41,287,0,0,58,335,10,165,58,500,California
Mariposa,2021-01-16,14,673,2,374,12,299,0,0,13,347,1,166,13,513,California
Mariposa,2021-01-17,2,675,0,374,2,301,0,0,2,349,0,166,2,515,California
Mariposa,2021-01-18,3,678,3,377,0,301,0,0,1,348,2,168,1,516,California
Mariposa,2021-01-19,8,686,4,381,4,305,0,0,5,351,2,170,5,521,California
Mariposa,2021-01-20,23,709,1,382,22,327,0,0,22,372,1,171,22,543,California
Mariposa,2021-01-21,65,774,7,389,58,385,0,0,61,429,4,175,61,604,California
Mariposa,2021-01-22,56,830,2,391,54,439,0,0,56,485,0,175,56,660,California
Mariposa,2021-01-23,116,946,2,393,114,553,0,0,115,599,1,176,115,775,California
Mariposa,2021-01-24,2,948,2,395,0,553,0,0,2,601,0,176,2,777,California
Mariposa,2021-01-25,4,952,1,396,3,556,0,0,0,597,4,180,0,777,California
Mariposa,2021-01-26,36,988,4,400,32,588,0,0,4,573,32,212,8,785,California
Mariposa,2021-01-27,23,1011,1,401,22,610,0,0,13,576,10,222,13,798,California
Mariposa,2021-01-28,126,1137,3,404,123,733,0,0,113,677,12,234,113,911,California
Mariposa,2021-01-29,84,1221,22,426,62,795,0,0,83,759,1,235,83,994,California
Mariposa,2021-01-30,9,1230,1,427,8,803,0,0,8,766,1,236,8,1002,California
Mariposa,2021-01-31,1,1231,0,427,1,804,0,0,1,767,0,236,1,1003,California
Mariposa,2021-02-01,87,1318,30,457,57,861,0,0,66,812,21,257,66,1069,California
Mariposa,2021-02-02,15,1333,3,460,12,873,0,0,9,815,6,263,9,1078,California
Mariposa,2021-02-03,20,1353,1,461,19,892,0,0,14,823,6,269,14,1092,California
Mariposa,2021-02-04,98,1451,8,469,90,982,0,0,93,913,4,273,94,1186,California
Mariposa,2021-02-05,191,1642,5,474,186,1168,0,0,165,1052,26,299,165,1351,California
Mariposa,2021-02-06,11,1653,4,478,7,1175,0,0,10,1061,1,300,10,1361,California
Mariposa,2021-02-07,1,1654,0,478,1,1176,0,0,1,1062,0,300,1,1362,California
Mariposa,2021-02-08,40,1694,2,480,38,1214,0,0,21,1064,19,319,21,1383,California
Mariposa,2021-02-09,43,1737,25,505,18,1232,0,0,37,1095,6,325,37,1420,California
Mariposa,2021-02-10,28,1765,5,510,23,1255,0,0,17,1108,10,335,23,1443,California
Mariposa,2021-02-11,375,2140,5,515,370,1625,0,0,361,1458,14,349,364,1807,California
Mariposa,2021-02-12,185,2325,8,523,177,1802,0,0,141,1555,44,393,141,1948,California
Mariposa,2021-02-13,11,2336,3,526,8,1810,0,0,9,1562,2,395,9,1957,California
Mariposa,2021-02-14,8,2344,4,530,4,1814,0,0,5,1564,3,398,5,1962,California
Mariposa,2021-02-15,9,2353,3,533,6,1820,0,0,7,1569,2,400,7,1969,California
Mariposa,2021-02-16,57,2410,34,567,23,1843,0,0,34,1580,23,423,34,2003,California
Mariposa,2021-02-17,36,2446,8,575,28,1871,0,0,27,1600,8,431,28,2031,California
Mariposa,2021-02-18,57,2503,7,582,50,1921,0,0,20,1583,37,468,20,2051,California
Mariposa,2021-02-19,82,2585,3,585,79,2000,0,0,76,1653,6,474,76,2127,California
Mariposa,2021-02-20,252,2837,4,589,248,2248,0,0,222,1846,29,503,222,2349,California
Mariposa,2021-02-21,236,3073,3,592,233,2481,0,0,235,2080,1,504,235,2584,California
Mariposa,2021-02-22,23,3096,7,599,16,2497,0,0,21,2099,2,506,21,2605,California
Mariposa,2021-02-23,42,3138,36,635,6,2503,0,0,25,2107,17,523,25,2630,California
Mariposa,2021-02-24,20,3158,3,638,17,2520,0,0,8,2104,11,534,8,2638,California
Mariposa,2021-02-25,17,3175,8,646,9,2529,0,0,11,2109,6,540,11,2649,California
Mariposa,2021-02-26,422,3597,7,653,415,2944,0,0,361,2410,61,601,362,3011,California
Mariposa,2021-02-27,170,3767,5,658,165,3109,0,0,159,2558,11,612,159,3170,California
Mariposa,2021-02-28,2,3769,1,659,1,3110,0,0,0,2556,2,614,0,3170,California
Mariposa,2021-03-01,82,3851,26,685,56,3166,0,0,17,2509,64,678,17,3187,California
Mariposa,2021-03-02,21,3872,14,699,7,3173,0,0,11,2511,9,687,11,3198,California
Mariposa,2021-03-03,71,3943,5,704,66,3239,0,0,65,2571,6,693,66,3264,California
Mariposa,2021-03-04,38,3981,9,713,29,3268,0,0,20,2574,18,711,21,3285,California
Mariposa,2021-03-05,55,4036,9,722,46,3314,0,0,38,2600,17,728,43,3328,California
Mariposa,2021-03-06,15,4051,6,728,9,3323,0,0,7,2599,8,736,7,3335,California
Mariposa,2021-03-07,1,4052,1,729,0,3323,0,0,0,2598,1,737,0,3335,California
Mariposa,2021-03-08,38,4090,4,733,23,3346,11,11,9,2589,29,766,20,3355,California
Mariposa,2021-03-09,45,4135,18,751,17,3363,10,21,14,2582,31,797,24,3379,California
Mariposa,2021-03-10,31,4166,9,760,12,3375,10,31,10,2581,21,818,20,3399,California
Mariposa,2021-03-11,468,4634,6,766,443,3818,19,50,226,2588,241,1059,248,3647,California
Mariposa,2021-03-12,254,4888,8,774,219,4037,27,77,114,2588,140,1199,140,3787,California
Mariposa,2021-03-13,32,4920,6,780,11,4048,15,92,11,2592,21,1220,25,3812,California
Mariposa,2021-03-14,17,4937,2,782,4,4052,11,103,3,2592,14,1234,14,3826,California
Mariposa,2021-03-15,76,5013,7,789,31,4083,38,141,31,2616,45,1279,69,3895,California
Mariposa,2021-03-16,82,5095,32,821,15,4098,35,176,24,2617,58,1337,59,3954,California
Mariposa,2021-03-17,71,5166,10,831,53,4151,8,184,51,2657,19,1356,59,4013,California
Mariposa,2021-03-18,66,5232,15,846,41,4192,10,194,41,2683,25,1381,51,4064,California
Mariposa,2021-03-19,338,5570,11,857,322,4514,5,199,303,2956,35,1416,308,4372,California
Mariposa,2021-03-20,425,5995,5,862,418,4932,2,201,46,2626,379,1795,49,4421,California
Mariposa,2021-03-21,15,6010,9,871,5,4937,1,202,10,2633,4,1799,11,4432,California
Mariposa,2021-03-22,37,6047,7,878,22,4959,8,210,25,2655,12,1811,34,4466,California
Mariposa,2021-03-23,53,6100,33,911,10,4969,10,220,32,2676,21,1832,42,4508,California
Mariposa,2021-03-24,55,6155,5,916,48,5017,2,222,50,2723,5,1837,52,4560,California
Mariposa,2021-03-25,76,6231,15,931,53,5070,8,230,54,2765,20,1857,62,4622,California
Mariposa,2021-03-26,488,6719,9,940,478,5548,1,231,252,2782,236,2093,253,4875,California
Mariposa,2021-03-27,225,6944,8,948,217,5765,0,231,90,2740,135,2228,93,4968,California
Mariposa,2021-03-28,5,6949,0,948,2,5767,3,234,1,2740,4,2232,4,4972,California
Mariposa,2021-03-29,19,6968,6,954,13,5780,0,234,12,2745,7,2239,12,4984,California
Mariposa,2021-03-30,36,7004,13,967,7,5787,16,250,13,2751,23,2262,29,5013,California
Mariposa,2021-03-31,89,7093,16,983,66,5853,7,257,69,2807,20,2282,76,5089,California
Mariposa,2021-04-01,53,7146,9,992,36,5889,8,265,33,2828,20,2302,41,5130,California
Mariposa,2021-04-02,347,7493,11,1003,334,6223,2,267,307,3098,39,2341,309,5439,California
Mariposa,2021-04-03,10,7503,7,1010,3,6226,0,267,5,3098,5,2346,5,5444,California
Mariposa,2021-04-04,2,7505,1,1011,0,6226,1,268,0,3097,2,2348,1,5445,California
Mariposa,2021-04-05,33,7538,23,1034,7,6233,3,271,17,3101,16,2364,20,5465,California
Mariposa,2021-04-06,43,7581,20,1054,7,6240,16,287,13,3101,29,2393,29,5494,California
Mariposa,2021-04-07,98,7679,6,1060,73,6313,19,306,28,3078,70,2463,47,5541,California
Mariposa,2021-04-08,277,7956,13,1073,245,6558,19,325,142,3107,133,2596,162,5703,California
Mariposa,2021-04-09,38,7994,9,1082,14,6572,15,340,11,3106,27,2623,26,5729,California
Mariposa,2021-04-10,201,8195,3,1085,188,6760,10,350,186,3288,13,2636,195,5924,California
Mariposa,2021-04-11,124,8319,4,1089,118,6878,2,352,57,3281,67,2703,60,5984,California
Mariposa,2021-04-12,42,8361,13,1102,27,6905,2,354,13,3267,29,2732,15,5999,California
Mariposa,2021-04-13,53,8414,45,1147,8,6913,0,354,34,3282,19,2751,34,6033,California
Mariposa,2021-04-14,112,8526,7,1154,105,7018,0,354,58,3287,53,2804,58,6091,California
Mariposa,2021-04-15,57,8583,16,1170,41,7059,0,354,42,3317,12,2816,42,6133,California
Mariposa,2021-04-16,381,8964,11,1181,370,7429,0,354,106,3148,275,3091,106,6239,California
Mariposa,2021-04-17,10,8974,5,1186,5,7434,0,354,7,3152,3,3094,7,6246,California
Mariposa,2021-04-18,7,8981,0,1186,7,7441,0,354,3,3151,4,3098,3,6249,California
Mariposa,2021-04-19,56,9037,25,1211,31,7472,0,354,29,3155,25,3123,29,6278,California
Mariposa,2021-04-20,63,9100,50,1261,13,7485,0,354,40,3174,21,3144,40,6318,California
Mariposa,2021-04-21,90,9190,13,1274,77,7562,0,354,41,3167,48,3192,41,6359,California
Mariposa,2021-04-22,47,9237,8,1282,39,7601,0,354,37,3195,9,3201,37,6396,California
Mariposa,2021-04-23,314,9551,69,1351,245,7846,0,354,144,3170,170,3371,145,6541,California
Mariposa,2021-04-24,105,9656,10,1361,95,7941,0,354,42,3150,62,3433,42,6583,California
Mariposa,2021-04-26,15,9671,10,1371,5,7946,0,354,5,3145,10,3443,5,6588,California
Mariposa,2021-04-27,31,9702,16,1387,14,7960,1,355,15,3148,13,3456,16,6604,California
Mariposa,2021-04-28,74,9776,13,1400,54,8014,7,362,29,3139,45,3501,36,6640,California
Mariposa,2021-04-29,84,9860,12,1412,71,8085,1,363,79,3214,5,3506,80,6720,California
Mariposa,2021-04-30,209,10069,5,1417,199,8284,5,368,63,3136,146,3652,68,6788,California
Mariposa,2021-05-01,1,10070,1,1418,0,8284,0,368,0,3135,1,3653,0,6788,California
Mariposa,2021-05-02,3,10073,2,1420,0,8284,1,369,0,3133,3,3656,1,6789,California
Mariposa,2021-05-03,16,10089,12,1432,3,8287,1,370,7,3133,8,3664,8,6797,California
Mariposa,2021-05-04,50,10139,31,1463,15,8302,4,374,36,3159,14,3678,40,6837,California
Mariposa,2021-05-05,56,10195,8,1471,46,8348,2,376,17,3139,39,3717,19,6856,California
Mariposa,2021-05-06,54,10249,35,1506,14,8362,5,381,38,3166,16,3733,43,6899,California
Mariposa,2021-05-07,27,10276,7,1513,17,8379,3,384,13,3168,14,3747,16,6915,California
Mariposa,2021-05-08,281,10557,4,1517,277,8656,0,384,34,2957,247,3994,36,6951,California
Mariposa,2021-05-09,2,10559,1,1518,1,8657,0,384,0,2955,2,3996,0,6951,California
Mariposa,2021-05-10,18,10577,8,1526,8,8665,2,386,3,2945,15,4011,5,6956,California
Mariposa,2021-05-11,29,10606,19,1545,10,8675,0,386,20,2957,8,4019,20,6976,California
Mariposa,2021-05-12,64,10670,4,1549,57,8732,3,389,5,2906,59,4078,8,6984,California
Mariposa,2021-05-13,45,10715,8,1557,35,8767,2,391,13,2889,32,4110,15,6999,California
Mariposa,2021-05-14,250,10965,121,1678,122,8889,7,398,118,2882,132,4242,125,7124,California
Mariposa,2021-05-15,18,10983,7,1685,10,8899,1,399,9,2883,9,4251,10,7134,California
Mariposa,2021-05-16,3,10986,1,1686,1,8900,1,400,1,2883,2,4253,2,7136,California
Mariposa,2021-05-17,14,11000,6,1692,4,8904,4,404,6,2885,8,4261,10,7146,California
Mariposa,2021-05-18,62,11062,42,1734,15,8919,5,409,46,2921,15,4276,51,7197,California
Mariposa,2021-05-19,49,11111,24,1758,24,8943,1,410,38,2950,10,4286,39,7236,California
Mendocino,2020-12-17,70,70,70,70,0,0,0,0,70,70,0,0,70,70,California
Mendocino,2020-12-18,85,155,84,154,1,1,0,0,84,154,0,0,84,154,California
Mendocino,2020-12-19,4,159,4,158,0,1,0,0,4,158,0,0,4,158,California
Mendocino,2020-12-20,7,166,7,165,0,1,0,0,7,165,0,0,7,165,California
Mendocino,2020-12-21,241,407,241,406,0,1,0,0,77,242,0,0,77,242,California
Mendocino,2020-12-22,251,658,190,596,61,62,0,0,251,493,0,0,251,493,California
Mendocino,2020-12-23,270,928,47,643,223,285,0,0,269,762,0,0,269,762,California
Mendocino,2020-12-24,49,977,8,651,41,326,0,0,49,811,0,0,49,811,California
Mendocino,2020-12-25,1,978,0,651,1,327,0,0,1,812,0,0,1,812,California
Mendocino,2020-12-26,2,980,2,653,0,327,0,0,2,814,0,0,2,814,California
Mendocino,2020-12-27,1,981,0,653,1,328,0,0,1,815,0,0,1,815,California
Mendocino,2020-12-28,74,1055,9,662,65,393,0,0,74,889,0,0,74,889,California
Mendocino,2020-12-29,122,1177,61,723,61,454,0,0,122,1011,0,0,122,1011,California
Mendocino,2020-12-30,123,1300,68,791,55,509,0,0,123,1134,0,0,123,1134,California
Mendocino,2020-12-31,132,1432,97,888,35,544,0,0,132,1266,0,0,132,1266,California
Mendocino,2021-01-01,8,1440,6,894,2,546,0,0,8,1274,0,0,8,1274,California
Mendocino,2021-01-04,839,2279,19,913,820,1366,0,0,839,2113,0,0,839,2113,California
Mendocino,2021-01-05,72,2351,36,949,36,1402,0,0,59,2159,13,13,59,2172,California
Mendocino,2021-01-06,155,2506,133,1082,22,1424,0,0,145,2294,10,23,145,2317,California
Mendocino,2021-01-07,358,2864,238,1320,120,1544,0,0,295,2526,63,86,295,2612,California
Mendocino,2021-01-08,95,2959,82,1402,13,1557,0,0,41,2514,54,140,42,2654,California
Mendocino,2021-01-09,10,2969,6,1408,4,1561,0,0,8,2520,2,142,8,2662,California
Mendocino,2021-01-10,9,2978,8,1416,1,1562,0,0,2,2515,7,149,2,2664,California
Mendocino,2021-01-11,101,3079,92,1508,9,1571,0,0,43,2501,57,206,43,2707,California
Mendocino,2021-01-12,385,3464,375,1883,10,1581,0,0,269,2654,116,322,269,2976,California
Mendocino,2021-01-13,487,3951,145,2028,342,1923,0,0,445,3060,40,362,446,3422,California
Mendocino,2021-01-14,639,4590,20,2048,619,2542,0,0,630,3681,9,371,630,4052,California
Mendocino,2021-01-15,1860,6450,861,2909,999,3541,0,0,1855,5532,5,376,1856,5908,California
Mendocino,2021-01-16,791,7241,50,2959,741,4282,0,0,789,6319,2,378,789,6697,California
Mendocino,2021-01-17,553,7794,1,2960,552,4834,0,0,552,6870,1,379,552,7249,California
Mendocino,2021-01-18,487,8281,462,3422,25,4859,0,0,475,7333,12,391,475,7724,California
Mendocino,2021-01-19,334,8615,148,3570,186,5045,0,0,158,7315,176,567,158,7882,California
Mendocino,2021-01-20,554,9169,407,3977,147,5192,0,0,448,7660,104,671,449,8331,California
Mendocino,2021-01-21,538,9707,225,4202,313,5505,0,0,352,7827,185,856,352,8683,California
Mendocino,2021-01-22,149,9856,58,4260,91,5596,0,0,110,7898,39,895,110,8793,California
Mendocino,2021-01-23,156,10012,84,4344,72,5668,0,0,150,8042,6,901,150,8943,California
Mendocino,2021-01-24,5,10017,3,4347,2,5670,0,0,5,8047,0,901,5,8948,California
Mendocino,2021-01-25,191,10208,18,4365,173,5843,0,0,121,8098,70,971,121,9069,California
Mendocino,2021-01-26,155,10363,55,4420,100,5943,0,0,95,8133,60,1031,95,9164,California
Mendocino,2021-01-27,441,10804,371,4791,70,6013,0,0,175,8049,259,1290,175,9339,California
Mendocino,2021-01-28,590,11394,526,5317,64,6077,0,0,495,8450,94,1384,495,9834,California
Mendocino,2021-01-29,392,11786,351,5668,41,6118,0,0,363,8785,29,1413,364,10198,California
Mendocino,2021-01-30,49,11835,31,5699,18,6136,0,0,42,8820,7,1420,42,10240,California
Mendocino,2021-01-31,274,12109,2,5701,272,6408,0,0,4,8554,270,1690,4,10244,California
Mendocino,2021-02-01,381,12490,52,5753,329,6737,0,0,59,8291,322,2012,59,10303,California
Mendocino,2021-02-02,733,13223,513,6266,220,6957,0,0,374,8306,359,2371,374,10677,California
Mendocino,2021-02-03,392,13615,207,6473,185,7142,0,0,223,8362,167,2538,223,10900,California
Mendocino,2021-02-04,625,14240,530,7003,95,7237,0,0,501,8739,124,2662,501,11401,California
Mendocino,2021-02-05,1302,15542,1214,8217,88,7325,0,0,584,8607,716,3378,584,11985,California
Mendocino,2021-02-06,559,16101,158,8375,401,7726,0,0,544,9136,15,3393,544,12529,California
Mendocino,2021-02-07,32,16133,28,8403,4,7730,0,0,32,9168,0,3393,32,12561,California
Mendocino,2021-02-08,747,16880,715,9118,32,7762,0,0,285,8991,462,3855,285,12846,California
Mendocino,2021-02-09,141,17021,58,9176,83,7845,0,0,89,9028,52,3907,89,12935,California
Mendocino,2021-02-10,1490,18511,924,10100,566,8411,0,0,744,9033,739,4646,744,13679,California
Mendocino,2021-02-11,1191,19702,208,10308,983,9394,0,0,298,8438,893,5539,298,13977,California
Mendocino,2021-02-12,1445,21147,163,10471,1282,10676,0,0,654,8308,790,6329,660,14637,California
Mendocino,2021-02-13,497,21644,12,10483,485,11161,0,0,104,8025,392,6721,109,14746,California
Mendocino,2021-02-14,693,22337,3,10486,690,11851,0,0,134,7600,559,7280,134,14880,California
Mendocino,2021-02-15,330,22667,42,10528,288,12139,0,0,175,7620,155,7435,175,15055,California
Mendocino,2021-02-16,201,22868,51,10579,150,12289,0,0,130,7679,71,7506,130,15185,California
Mendocino,2021-02-17,1352,24220,1190,11769,162,12451,0,0,877,8083,473,7979,877,16062,California
Mendocino,2021-02-18,1791,26011,645,12414,1146,13597,0,0,1225,8743,565,8544,1225,17287,California
Mendocino,2021-02-19,753,26764,146,12560,607,14204,0,0,614,9218,139,8683,614,17901,California
Mendocino,2021-02-20,578,27342,552,13112,26,14230,0,0,547,9736,29,8712,547,18448,California
Mendocino,2021-02-21,325,27667,6,13118,319,14549,0,0,313,10038,11,8723,313,18761,California
Mendocino,2021-02-22,162,27829,30,13148,132,14681,0,0,69,10016,91,8814,69,18830,California
Mendocino,2021-02-23,854,28683,841,13989,13,14694,0,0,646,10456,206,9020,646,19476,California
Mendocino,2021-02-24,1848,30531,1768,15757,80,14774,0,0,1437,11489,406,9426,1439,20915,California
Mendocino,2021-02-25,1708,32239,533,16290,1175,15949,0,0,1287,12356,420,9846,1287,22202,California
Mendocino,2021-02-26,1414,33653,748,17038,666,16615,0,0,1048,13040,364,10210,1048,23250,California
Mendocino,2021-02-27,200,33853,152,17190,48,16663,0,0,77,12995,122,10332,77,23327,California
Mendocino,2021-02-28,36,33889,14,17204,22,16685,0,0,24,13007,12,10344,24,23351,California
Mendocino,2021-03-01,588,34477,544,17748,44,16729,0,0,548,13518,37,10381,548,23899,California
Mendocino,2021-03-02,75,34552,28,17776,47,16776,0,0,41,13526,33,10414,41,23940,California
Mendocino,2021-03-03,2029,36581,1332,19108,697,17473,0,0,1379,14257,648,11062,1379,25319,California
Mendocino,2021-03-04,1849,38430,147,19255,1702,19175,0,0,1630,15672,216,11278,1631,26950,California
Mendocino,2021-03-05,474,38904,414,19669,51,19226,9,9,370,15951,100,11378,379,27329,California
Mendocino,2021-03-06,244,39148,21,19690,198,19424,25,34,203,16139,40,11418,228,27557,California
Mendocino,2021-03-07,506,39654,8,19698,478,19902,20,54,118,15889,387,11805,137,27694,California
Mendocino,2021-03-08,126,39780,30,19728,58,19960,38,92,64,15931,60,11865,102,27796,California
Mendocino,2021-03-09,939,40719,599,20327,299,20259,41,133,834,16701,105,11970,875,28671,California
Mendocino,2021-03-10,1144,41863,983,21310,96,20355,65,198,272,16173,868,12838,340,29011,California
Mendocino,2021-03-11,830,42693,616,21926,160,20515,54,252,398,16196,429,13267,452,29463,California
Mendocino,2021-03-12,2024,44717,1032,22958,897,21412,95,347,1213,16700,804,14071,1308,30771,California
Mendocino,2021-03-13,657,45374,527,23485,73,21485,57,404,95,16294,558,14629,152,30923,California
Mendocino,2021-03-14,104,45478,2,23487,95,21580,7,411,11,16223,89,14718,18,30941,California
Mendocino,2021-03-15,597,46075,50,23537,489,22069,58,469,208,16100,388,15106,265,31206,California
Mendocino,2021-03-16,571,46646,374,23911,151,22220,46,515,117,15811,452,15558,163,31369,California
Mendocino,2021-03-17,1562,48208,1359,25270,55,22275,148,663,210,14827,1349,16907,365,31734,California
Mendocino,2021-03-18,1311,49519,247,25517,1026,23301,38,701,283,14130,1020,17927,323,32057,California
Mendocino,2021-03-19,1757,51276,857,26374,839,24140,61,762,330,13100,1423,19350,393,32450,California
Mendocino,2021-03-20,68,51344,10,26384,37,24177,21,783,11,13075,57,19407,32,32482,California
Mendocino,2021-03-21,8,51352,1,26385,2,24179,5,788,3,13078,5,19412,8,32490,California
Mendocino,2021-03-22,624,51976,580,26965,15,24194,29,817,141,12768,479,19891,169,32659,California
Mendocino,2021-03-23,165,52141,33,26998,102,24296,30,847,115,12863,50,19941,145,32804,California
Mendocino,2021-03-24,913,53054,840,27838,26,24322,47,894,113,12225,798,20739,160,32964,California
Mendocino,2021-03-25,1991,55045,50,27888,1921,26243,20,914,170,10598,1815,22554,188,33152,California
Mendocino,2021-03-26,509,55554,359,28247,125,26368,25,939,110,10334,399,22953,135,33287,California
Mendocino,2021-03-27,143,55697,13,28260,118,26486,12,951,81,10365,61,23014,92,33379,California
Mendocino,2021-03-28,25,55722,5,28265,16,26502,4,955,3,10351,21,23035,7,33386,California
Mendocino,2021-03-29,187,55909,99,28364,46,26548,42,997,95,10396,92,23127,137,33523,California
Mendocino,2021-03-30,686,56595,601,28965,48,26596,37,1034,105,9958,580,23707,142,33665,California
Mendocino,2021-03-31,872,57467,274,29239,538,27134,60,1094,142,9433,728,24435,203,33868,California
Mendocino,2021-04-01,1716,59183,400,29639,1237,28371,79,1173,375,8559,1333,25768,459,34327,California
Mendocino,2021-04-02,1288,60471,1058,30697,157,28528,73,1246,161,7671,1123,26891,235,34562,California
Mendocino,2021-04-03,706,61177,9,30706,676,29204,21,1267,84,7159,618,27509,106,34668,California
Mendocino,2021-04-04,69,61246,34,30740,29,29233,6,1273,54,7204,15,27524,60,34728,California
Mendocino,2021-04-05,213,61459,142,30882,47,29280,24,1297,130,7272,83,27607,151,34879,California
Mendocino,2021-04-06,396,61855,121,31003,180,29460,95,1392,107,7185,289,27896,202,35081,California
Mendocino,2021-04-07,485,62340,176,31179,64,29524,245,1637,113,7173,369,28265,357,35438,California
Mendocino,2021-04-08,1489,63829,911,32090,463,29987,115,1752,997,7799,486,28751,1112,36550,California
Mendocino,2021-04-09,756,64585,425,32515,170,30157,161,1913,395,7995,360,29111,556,37106,California
Mendocino,2021-04-10,404,64989,91,32606,267,30424,46,1959,99,7835,305,29416,145,37251,California
Mendocino,2021-04-11,122,65111,47,32653,19,30443,56,2015,59,7887,63,29479,115,37366,California
Mendocino,2021-04-12,621,65732,513,33166,48,30491,60,2075,414,8154,207,29686,474,37840,California
Mendocino,2021-04-13,289,66021,226,33392,63,30554,0,2075,221,8307,68,29754,221,38061,California
Mendocino,2021-04-14,515,66536,424,33816,91,30645,0,2075,412,8616,103,29857,412,38473,California
Mendocino,2021-04-15,656,67192,326,34142,330,30975,0,2075,389,8742,263,30120,389,38862,California
Mendocino,2021-04-16,124,67316,51,34193,72,31047,1,2076,77,8773,46,30166,77,38939,California
Mendocino,2021-04-17,197,67513,12,34205,185,31232,0,2076,69,8716,126,30292,69,39008,California
Mendocino,2021-04-18,13,67526,6,34211,7,31239,0,2076,8,8720,4,30296,8,39016,California
Mendocino,2021-04-19,539,68065,514,34725,24,31263,1,2077,432,9047,106,30402,433,39449,California
Mendocino,2021-04-20,418,68483,291,35016,127,31390,0,2077,262,9153,156,30558,262,39711,California
Mendocino,2021-04-21,193,68676,133,35149,59,31449,1,2078,114,9190,77,30635,114,39825,California
Mendocino,2021-04-22,489,69165,314,35463,174,31623,1,2079,321,9345,166,30801,321,40146,California
Mendocino,2021-04-23,851,70016,709,36172,142,31765,0,2079,693,9883,155,30956,693,40839,California
Mendocino,2021-04-24,108,70124,14,36186,94,31859,0,2079,101,9977,7,30963,101,40940,California
Mendocino,2021-04-25,56,70180,32,36218,20,31879,4,2083,18,9961,38,31001,22,40962,California
Mendocino,2021-04-26,293,70473,227,36445,61,31940,5,2088,192,10058,100,31101,197,41159,California
Mendocino,2021-04-27,201,70674,89,36534,85,32025,27,2115,92,10068,108,31209,118,41277,California
Mendocino,2021-04-28,219,70893,147,36681,53,32078,19,2134,125,10118,94,31303,144,41421,California
Mendocino,2021-04-29,1137,72030,840,37521,282,32360,15,2149,105,9208,1030,32333,120,41541,California
Mendocino,2021-04-30,608,72638,386,37907,212,32572,10,2159,229,9069,378,32711,239,41780,California
Mendocino,2021-05-01,472,73110,434,38341,32,32604,6,2165,367,9338,104,32815,373,42153,California
Mendocino,2021-05-02,56,73166,47,38388,6,32610,3,2168,9,9304,46,32861,12,42165,California
Mendocino,2021-05-03,136,73302,75,38463,39,32649,22,2190,39,9270,95,32956,61,42226,California
Mendocino,2021-05-04,377,73679,252,38715,92,32741,33,2223,140,9206,237,33193,173,42399,California
Mendocino,2021-05-05,869,74548,785,39500,69,32810,15,2238,219,8791,649,33842,234,42633,California
Mendocino,2021-05-06,628,75176,380,39880,226,33036,22,2260,152,8491,474,34316,174,42807,California
Mendocino,2021-05-07,179,75355,36,39916,119,33155,24,2284,116,8569,62,34378,140,42947,California
Mendocino,2021-05-08,125,75480,4,39920,120,33275,1,2285,109,8664,15,34393,110,43057,California
Mendocino,2021-05-09,20,75500,5,39925,14,33289,1,2286,3,8651,17,34410,4,43061,California
Mendocino,2021-05-10,232,75732,149,40074,78,33367,5,2291,142,8708,90,34500,147,43208,California
Mendocino,2021-05-11,274,76006,142,40216,115,33482,17,2308,126,8702,148,34648,142,43350,California
Mendocino,2021-05-12,126,76132,79,40295,39,33521,8,2316,36,8658,88,34736,44,43394,California
Mendocino,2021-05-13,1194,77326,1098,41393,81,33602,15,2331,298,8075,896,35632,313,43707,California
Mendocino,2021-05-14,696,78022,485,41878,152,33754,59,2390,234,7912,457,36089,294,44001,California
Mendocino,2021-05-15,87,78109,30,41908,54,33808,3,2393,42,7912,45,36134,45,44046,California
Mendocino,2021-05-16,115,78224,103,42011,11,33819,1,2394,100,7998,15,36149,101,44147,California
Mendocino,2021-05-17,151,78375,74,42085,66,33885,11,2405,84,8026,67,36216,95,44242,California
Mendocino,2021-05-18,197,78572,101,42186,79,33964,17,2422,86,8020,109,36325,103,44345,California
Mendocino,2021-05-19,147,78719,91,42277,53,34017,3,2425,123,8123,22,36347,125,44470,California
Merced,2020-12-16,3,3,3,3,0,0,0,0,3,3,0,0,3,3,California
Merced,2020-12-17,5,8,5,8,0,0,0,0,5,8,0,0,5,8,California
Merced,2020-12-18,143,151,143,151,0,0,0,0,143,151,0,0,143,151,California
Merced,2020-12-19,39,190,39,190,0,0,0,0,39,190,0,0,39,190,California
Merced,2020-12-20,18,208,18,208,0,0,0,0,18,208,0,0,18,208,California
Merced,2020-12-21,125,333,122,330,3,3,0,0,125,333,0,0,125,333,California
Merced,2020-12-22,152,485,152,482,0,3,0,0,152,485,0,0,152,485,California
Merced,2020-12-23,247,732,241,723,6,9,0,0,247,732,0,0,247,732,California
Merced,2020-12-24,72,804,72,795,0,9,0,0,72,804,0,0,72,804,California
Merced,2020-12-25,4,808,4,799,0,9,0,0,4,808,0,0,4,808,California
Merced,2020-12-26,6,814,3,802,3,12,0,0,6,814,0,0,6,814,California
Merced,2020-12-27,12,826,11,813,1,13,0,0,12,826,0,0,12,826,California
Merced,2020-12-28,123,949,98,911,25,38,0,0,123,949,0,0,123,949,California
Merced,2020-12-29,180,1129,124,1035,56,94,0,0,180,1129,0,0,180,1129,California
Merced,2020-12-30,214,1343,89,1124,125,219,0,0,214,1343,0,0,214,1343,California
Merced,2020-12-31,103,1446,34,1158,69,288,0,0,103,1446,0,0,103,1446,California
Merced,2021-01-01,5,1451,1,1159,4,292,0,0,5,1451,0,0,5,1451,California
Merced,2021-01-02,128,1579,117,1276,11,303,0,0,128,1579,0,0,128,1579,California
Merced,2021-01-03,9,1588,5,1281,4,307,0,0,9,1588,0,0,9,1588,California
Merced,2021-01-04,80,1668,42,1323,38,345,0,0,80,1668,0,0,80,1668,California
Merced,2021-01-05,319,1987,231,1554,88,433,0,0,313,1977,6,6,315,1983,California
Merced,2021-01-06,254,2241,104,1658,150,583,0,0,248,2219,6,12,248,2231,California
Merced,2021-01-07,185,2426,81,1739,104,687,0,0,175,2383,11,23,175,2406,California
Merced,2021-01-08,527,2953,393,2132,134,821,0,0,376,2609,150,173,376,2782,California
Merced,2021-01-09,23,2976,10,2142,13,834,0,0,17,2620,6,179,17,2799,California
Merced,2021-01-10,11,2987,7,2149,4,838,0,0,7,2623,4,183,7,2806,California
Merced,2021-01-11,227,3214,168,2317,59,897,0,0,102,2602,125,308,104,2910,California
Merced,2021-01-12,292,3506,169,2486,123,1020,0,0,242,2793,51,359,242,3152,California
Merced,2021-01-13,373,3879,174,2660,199,1219,0,0,222,2867,151,510,225,3377,California
Merced,2021-01-14,324,4203,200,2860,124,1343,0,0,159,2863,164,674,160,3537,California
Merced,2021-01-15,580,4783,128,2988,452,1795,0,0,542,3368,39,713,544,4081,California
Merced,2021-01-16,203,4986,122,3110,81,1876,0,0,198,3561,5,718,198,4279,California
Merced,2021-01-17,50,5036,12,3122,38,1914,0,0,49,3609,1,719,49,4328,California
Merced,2021-01-18,261,5297,126,3248,135,2049,0,0,239,3829,22,741,242,4570,California
Merced,2021-01-19,711,6008,587,3835,124,2173,0,0,539,4200,172,913,543,5113,California
Merced,2021-01-20,571,6579,466,4301,105,2278,0,0,514,4660,57,970,517,5630,California
Merced,2021-01-21,1010,7589,648,4949,362,2640,0,0,910,5473,100,1070,913,6543,California
Merced,2021-01-22,1311,8900,692,5641,619,3259,0,0,1284,6742,27,1097,1296,7839,California
Merced,2021-01-23,324,9224,197,5838,127,3386,0,0,217,6852,107,1204,217,8056,California
Merced,2021-01-24,37,9261,15,5853,22,3408,0,0,28,6872,8,1212,28,8084,California
Merced,2021-01-25,729,9990,241,6094,488,3896,0,0,670,7485,58,1270,671,8755,California
Merced,2021-01-26,916,10906,486,6580,430,4326,0,0,675,7947,214,1484,676,9431,California
Merced,2021-01-27,979,11885,582,7162,397,4723,0,0,812,8594,165,1649,812,10243,California
Merced,2021-01-28,1139,13024,593,7755,546,5269,0,0,1016,9489,122,1771,1017,11260,California
Merced,2021-01-29,846,13870,321,8076,525,5794,0,0,600,9853,239,2010,603,11863,California
Merced,2021-01-30,261,14131,28,8104,233,6027,0,0,244,10080,17,2027,244,12107,California
Merced,2021-01-31,46,14177,10,8114,36,6063,0,0,45,10124,1,2028,45,12152,California
Merced,2021-02-01,374,14551,52,8166,322,6385,0,0,325,10402,48,2076,326,12478,California
Merced,2021-02-02,295,14846,181,8347,114,6499,0,0,176,10462,117,2193,177,12655,California
Merced,2021-02-03,348,15194,72,8419,276,6775,0,0,168,10450,180,2373,168,12823,California
Merced,2021-02-04,372,15566,146,8565,226,7001,0,0,241,10562,130,2503,242,13065,California
Merced,2021-02-05,512,16078,172,8737,340,7341,0,0,272,10597,239,2742,274,13339,California
Merced,2021-02-06,389,16467,219,8956,170,7511,0,0,246,10702,142,2884,247,13586,California
Merced,2021-02-07,21,16488,13,8969,8,7519,0,0,14,10709,7,2891,14,13600,California
Merced,2021-02-08,280,16768,197,9166,83,7602,0,0,170,10771,109,3000,171,13771,California
Merced,2021-02-09,1216,17984,955,10121,261,7863,0,0,773,11110,435,3435,774,14545,California
Merced,2021-02-10,1853,19837,1431,11552,422,8285,0,0,1274,11815,569,4004,1274,15819,California
Merced,2021-02-11,2501,22338,2005,13557,496,8781,0,0,1812,12947,680,4684,1812,17631,California
Merced,2021-02-12,1717,24055,1015,14572,702,9483,0,0,745,12731,963,5647,747,18378,California
Merced,2021-02-13,361,24416,206,14778,155,9638,0,0,262,12897,98,5745,264,18642,California
Merced,2021-02-14,117,24533,26,14804,91,9729,0,0,95,12971,22,5767,96,18738,California
Merced,2021-02-15,273,24806,41,14845,232,9961,0,0,168,13041,99,5866,169,18907,California
Merced,2021-02-16,1216,26022,844,15689,372,10333,0,0,837,13519,361,6227,839,19746,California
Merced,2021-02-17,1877,27899,1632,17321,245,10578,0,0,1315,14289,548,6775,1318,21064,California
Merced,2021-02-18,1211,29110,820,18141,391,10969,0,0,407,13913,783,7558,407,21471,California
Merced,2021-02-19,1264,30374,414,18555,850,11819,0,0,537,13731,721,8279,539,22010,California
Merced,2021-02-20,276,30650,31,18586,245,12064,0,0,138,13733,136,8415,138,22148,California
Merced,2021-02-21,77,30727,62,18648,15,12079,0,0,31,13719,45,8460,31,22179,California
Merced,2021-02-22,832,31559,294,18942,538,12617,0,0,482,13853,348,8808,482,22661,California
Merced,2021-02-23,1082,32641,421,19363,661,13278,0,0,639,14054,438,9246,639,23300,California
Merced,2021-02-24,818,33459,302,19665,516,13794,0,0,446,14138,363,9609,447,23747,California
Merced,2021-02-25,1762,35221,870,20535,892,14686,0,0,1311,15003,448,10057,1313,25060,California
Merced,2021-02-26,2151,37372,1378,21913,773,15459,0,0,1739,16333,410,10467,1740,26800,California
Merced,2021-02-27,2529,39901,1103,23016,1426,16885,0,0,2244,18293,284,10751,2244,29044,California
Merced,2021-02-28,307,40208,72,23088,235,17120,0,0,252,18494,51,10802,252,29296,California
Merced,2021-03-01,1119,41327,281,23369,837,17957,1,1,778,18941,332,11134,779,30075,California
Merced,2021-03-02,1753,43080,909,24278,843,18800,1,2,1364,19926,380,11514,1365,31440,California
Merced,2021-03-03,2219,45299,1728,26006,490,19290,1,3,1461,20649,740,12254,1463,32903,California
Merced,2021-03-04,2888,48187,2272,28278,614,19904,2,5,1918,21617,953,13207,1921,34824,California
Merced,2021-03-05,2064,50251,1194,29472,846,20750,24,29,1526,22644,524,13731,1551,36375,California
Merced,2021-03-06,1166,51417,662,30134,482,21232,22,51,910,23321,255,13986,932,37307,California
Merced,2021-03-07,230,51647,66,30200,139,21371,25,76,201,23518,29,14015,226,37533,California
Merced,2021-03-08,1409,53056,810,31010,534,21905,65,141,1196,24565,213,14228,1260,38793,California
Merced,2021-03-09,1697,54753,1002,32012,588,22493,107,248,1098,25178,593,14821,1206,39999,California
Merced,2021-03-10,2693,57446,1866,33878,627,23120,200,448,1619,25941,1060,15881,1823,41822,California
Merced,2021-03-11,1941,59387,691,34569,1046,24166,204,652,1223,26687,703,16584,1449,43271,California
Merced,2021-03-12,2201,61588,904,35473,1029,25195,268,920,1487,27745,709,17293,1767,45038,California
Merced,2021-03-13,724,62312,309,35782,173,25368,242,1162,417,28106,299,17592,660,45698,California
Merced,2021-03-14,249,62561,136,35918,83,25451,30,1192,149,28187,99,17691,180,45878,California
Merced,2021-03-15,1502,64063,494,36412,753,26204,255,1447,985,28916,510,18201,1239,47117,California
Merced,2021-03-16,1445,65508,696,37108,523,26727,226,1673,958,29622,477,18678,1183,48300,California
Merced,2021-03-17,1958,67466,1056,38164,724,27451,178,1851,1509,30871,440,19118,1689,49989,California
Merced,2021-03-18,2043,69509,1173,39337,723,28174,147,1998,1390,31780,641,19759,1550,51539,California
Merced,2021-03-19,2664,72173,1452,40789,1019,29193,193,2191,1385,32091,1268,21027,1579,53118,California
Merced,2021-03-20,2414,74587,1486,42275,533,29726,395,2586,956,31991,1455,22482,1355,54473,California
Merced,2021-03-21,556,75143,343,42618,200,29926,13,2599,436,32322,120,22602,451,54924,California
Merced,2021-03-22,1262,76405,629,43247,557,30483,76,2675,887,32919,368,22970,965,55889,California
Merced,2021-03-23,1832,78237,1105,44352,663,31146,64,2739,1348,33853,479,23449,1413,57302,California
Merced,2021-03-24,1440,79677,904,45256,501,31647,35,2774,961,34376,474,23923,997,58299,California
Merced,2021-03-25,3308,82985,2273,47529,1013,32660,22,2796,2077,35255,1223,25146,2102,60401,California
Merced,2021-03-26,1931,84916,1084,48613,813,33473,34,2830,890,35146,1032,26178,923,61324,California
Merced,2021-03-27,3263,88179,1895,50508,1205,34678,163,2993,1512,35083,1739,27917,1676,63000,California
Merced,2021-03-28,518,88697,214,50722,297,34975,7,3000,214,35004,302,28219,223,63223,California
Merced,2021-03-29,1822,90519,776,51498,881,35856,165,3165,667,34693,1147,29366,836,64059,California
Merced,2021-03-30,2148,92667,802,52300,1287,37143,59,3224,991,34591,1153,30519,1051,65110,California
Merced,2021-03-31,2130,94797,1403,53703,689,37832,38,3262,952,34420,1163,31682,992,66102,California
Merced,2021-04-01,2186,96983,1023,54726,1038,38870,125,3387,999,34366,1181,32863,1127,67229,California
Merced,2021-04-02,2335,99318,638,55364,1293,40163,404,3791,784,34022,1534,34397,1190,68419,California
Merced,2021-04-03,905,100223,428,55792,464,40627,13,3804,496,34129,405,34802,512,68931,California
Merced,2021-04-04,369,100592,143,55935,222,40849,4,3808,140,34047,228,35030,146,69077,California
Merced,2021-04-05,1267,101859,604,56539,452,41301,211,4019,418,33833,842,35872,628,69705,California
Merced,2021-04-06,2419,104278,897,57436,695,41996,827,4846,904,34052,1511,37383,1730,71435,California
Merced,2021-04-07,1652,105930,887,58323,658,42654,107,4953,586,33695,1052,38435,695,72130,California
Merced,2021-04-08,2293,108223,1170,59493,908,43562,215,5168,815,33276,1447,39882,1028,73158,California
Merced,2021-04-09,1679,109902,472,59965,632,44194,575,5743,562,33314,1101,40983,1139,74297,California
Merced,2021-04-10,697,110599,363,60328,146,44340,188,5931,176,33160,516,41499,362,74659,California
Merced,2021-04-11,488,111087,281,60609,72,44412,135,6066,147,33104,339,41838,283,74942,California
Merced,2021-04-12,1421,112508,929,61538,369,44781,123,6189,815,33472,570,42408,938,75880,California
Merced,2021-04-13,2031,114539,1454,62992,574,45355,3,6192,938,33414,1003,43411,945,76825,California
Merced,2021-04-14,2041,116580,1209,64201,832,46187,0,6192,903,33312,1007,44418,905,77730,California
Merced,2021-04-15,3016,119596,1975,66176,1041,47228,0,6192,955,32438,1834,46252,960,78690,California
Merced,2021-04-16,2359,121955,1148,67324,1211,48439,0,6192,966,32107,1297,47549,966,79656,California
Merced,2021-04-17,1455,123410,809,68133,646,49085,0,6192,357,31373,1092,48641,358,80014,California
Merced,2021-04-18,467,123877,246,68379,221,49306,0,6192,190,31313,250,48891,190,80204,California
Merced,2021-04-19,1326,125203,744,69123,582,49888,0,6192,704,31489,528,49419,704,80908,California
Merced,2021-04-20,1412,126615,732,69855,680,50568,0,6192,787,31719,558,49977,788,81696,California
Merced,2021-04-21,1462,128077,880,70735,582,51150,0,6192,747,31862,604,50581,747,82443,California
Merced,2021-04-22,1604,129681,740,71475,864,52014,0,6192,774,31887,749,51330,774,83217,California
Merced,2021-04-23,1629,131310,668,72143,961,52975,0,6192,882,32070,700,52030,883,84100,California
Merced,2021-04-24,570,131880,400,72543,170,53145,0,6192,391,32287,175,52205,392,84492,California
Merced,2021-04-25,326,132206,186,72729,140,53285,0,6192,192,32347,132,52337,192,84684,California
Merced,2021-04-26,1178,133384,513,73242,665,53950,0,6192,614,32432,531,52868,616,85300,California
Merced,2021-04-27,1644,135028,785,74027,849,54799,10,6202,659,32183,919,53787,670,85970,California
Merced,2021-04-28,1363,136391,675,74702,679,55478,9,6211,781,32413,561,54348,791,86761,California
Merced,2021-04-29,1393,137784,590,75292,778,56256,25,6236,649,32354,735,55083,676,87437,California
Merced,2021-04-30,1442,139226,604,75896,794,57050,44,6280,742,32444,697,55780,787,88224,California
Merced,2021-05-01,556,139782,240,76136,311,57361,5,6285,257,32410,296,56076,262,88486,California
Merced,2021-05-02,291,140073,117,76253,159,57520,15,6300,128,32391,163,56239,144,88630,California
Merced,2021-05-03,789,140862,545,76798,197,57717,47,6347,275,32206,508,56747,323,88953,California
Merced,2021-05-04,1008,141870,540,77338,416,58133,52,6399,368,31990,636,57383,420,89373,California
Merced,2021-05-05,1154,143024,716,78054,362,58495,76,6475,488,31897,657,58040,564,89937,California
Merced,2021-05-06,901,143925,469,78523,383,58878,49,6524,306,31662,590,58630,355,90292,California
Merced,2021-05-07,907,144832,287,78810,579,59457,41,6565,394,31590,509,59139,437,90729,California
Merced,2021-05-08,397,145229,201,79011,160,59617,36,6601,181,31592,215,59354,217,90946,California
Merced,2021-05-09,215,145444,107,79118,100,59717,8,6609,103,31592,111,59465,111,91057,California
Merced,2021-05-10,687,146131,350,79468,301,60018,36,6645,190,31322,496,59961,226,91283,California
Merced,2021-05-11,1095,147226,649,80117,399,60417,47,6692,421,31121,669,60630,468,91751,California
Merced,2021-05-12,839,148065,501,80618,301,60718,37,6729,238,30799,597,61227,275,92026,California
Merced,2021-05-13,707,148772,364,80982,302,61020,41,6770,252,30640,453,61680,294,92320,California
Merced,2021-05-14,928,149700,609,81591,279,61299,40,6810,498,30755,423,62103,538,92858,California
Merced,2021-05-15,709,150409,528,82119,162,61461,19,6829,409,30888,295,62398,428,93286,California
Merced,2021-05-16,324,150733,219,82338,98,61559,7,6836,186,30947,136,62534,195,93481,California
Merced,2021-05-17,1000,151733,630,82968,341,61900,29,6865,468,30916,529,63063,498,93979,California
Merced,2021-05-18,931,152664,589,83557,318,62218,24,6889,515,31045,410,63473,539,94518,California
Merced,2021-05-19,433,153097,335,83892,95,62313,3,6892,234,31087,196,63669,238,94756,California
Modoc,2020-12-16,1,1,1,1,0,0,0,0,1,1,0,0,1,1,California
Modoc,2020-12-21,99,100,99,100,0,0,0,0,99,100,0,0,99,100,California
Modoc,2020-12-22,14,114,14,114,0,0,0,0,14,114,0,0,14,114,California
Modoc,2020-12-23,4,118,4,118,0,0,0,0,4,118,0,0,4,118,California
Modoc,2020-12-24,1,119,1,119,0,0,0,0,1,119,0,0,1,119,California
Modoc,2020-12-28,2,121,2,121,0,0,0,0,2,121,0,0,2,121,California
Modoc,2020-12-29,10,131,1,122,9,9,0,0,10,131,0,0,10,131,California
Modoc,2020-12-30,7,138,0,122,7,16,0,0,7,138,0,0,7,138,California
Modoc,2021-01-02,3,141,1,123,2,18,0,0,3,141,0,0,3,141,California
Modoc,2021-01-04,8,149,0,123,8,26,0,0,8,149,0,0,8,149,California
Modoc,2021-01-05,2,151,1,124,1,27,0,0,2,151,0,0,2,151,California
Modoc,2021-01-06,3,154,2,126,1,28,0,0,2,152,1,1,2,153,California
Modoc,2021-01-07,72,226,0,126,72,100,0,0,72,224,0,1,72,225,California
Modoc,2021-01-08,105,331,0,126,105,205,0,0,105,329,0,1,105,330,California
Modoc,2021-01-10,1,332,1,127,0,205,0,0,0,328,1,2,0,330,California
Modoc,2021-01-11,90,422,81,208,9,214,0,0,19,276,71,73,19,349,California
Modoc,2021-01-12,94,516,25,233,69,283,0,0,68,318,26,99,68,417,California
Modoc,2021-01-13,24,540,4,237,20,303,0,0,22,338,2,101,22,439,California
Modoc,2021-01-14,129,669,6,243,123,426,0,0,124,457,5,106,124,563,California
Modoc,2021-01-15,6,675,1,244,5,431,0,0,6,463,0,106,6,569,California
Modoc,2021-01-16,1,676,1,245,0,431,0,0,1,464,0,106,1,570,California
Modoc,2021-01-18,1,677,1,246,0,431,0,0,1,465,0,106,1,571,California
Modoc,2021-01-19,5,682,3,249,2,433,0,0,3,466,2,108,3,574,California
Modoc,2021-01-20,11,693,1,250,10,443,0,0,11,477,0,108,11,585,California
Modoc,2021-01-21,157,850,2,252,155,598,0,0,157,634,0,108,157,742,California
Modoc,2021-01-22,2,852,0,252,2,600,0,0,2,636,0,108,2,744,California
Modoc,2021-01-25,11,863,0,252,11,611,0,0,11,647,0,108,11,755,California
Modoc,2021-01-26,65,928,1,253,64,675,0,0,65,712,0,108,65,820,California
Modoc,2021-01-27,41,969,2,255,39,714,0,0,25,721,16,124,25,845,California
Modoc,2021-01-28,145,1114,2,257,143,857,0,0,144,864,1,125,144,989,California
Modoc,2021-01-29,3,1117,1,258,2,859,0,0,3,867,0,125,3,992,California
Modoc,2021-02-01,26,1143,13,271,13,872,0,0,12,865,14,139,12,1004,California
Modoc,2021-02-02,170,1313,2,273,168,1040,0,0,167,1029,3,142,167,1171,California
Modoc,2021-02-03,18,1331,13,286,5,1045,0,0,11,1033,7,149,11,1182,California
Modoc,2021-02-04,155,1486,4,290,151,1196,0,0,27,932,128,277,27,1209,California
Modoc,2021-02-05,4,1490,3,293,1,1197,0,0,3,934,1,278,3,1212,California
Modoc,2021-02-08,9,1499,2,295,7,1204,0,0,8,941,1,279,8,1220,California
Modoc,2021-02-09,197,1696,13,308,184,1388,0,0,65,874,132,411,65,1285,California
Modoc,2021-02-10,5,1701,2,310,3,1391,0,0,4,877,1,412,4,1289,California
Modoc,2021-02-11,201,1902,3,313,198,1589,0,0,83,842,118,530,83,1372,California
Modoc,2021-02-12,4,1906,0,313,4,1593,0,0,2,842,2,532,2,1374,California
Modoc,2021-02-13,1,1907,0,313,1,1594,0,0,1,843,0,532,1,1375,California
Modoc,2021-02-16,147,2054,6,319,141,1735,0,0,143,982,4,536,143,1518,California
Modoc,2021-02-17,24,2078,1,320,23,1758,0,0,12,982,12,548,12,1530,California
Modoc,2021-02-18,188,2266,2,322,186,1944,0,0,25,846,162,710,26,1556,California
Modoc,2021-02-19,2,2268,2,324,0,1944,0,0,2,848,0,710,2,1558,California
Modoc,2021-02-20,1,2269,1,325,0,1944,0,0,0,847,1,711,0,1558,California
Modoc,2021-02-22,17,2286,9,334,8,1952,0,0,3,836,14,725,3,1561,California
Modoc,2021-02-23,20,2306,2,336,18,1970,0,0,1,818,19,744,1,1562,California
Modoc,2021-02-24,91,2397,1,337,90,2060,0,0,31,789,60,804,31,1593,California
Modoc,2021-02-25,169,2566,1,338,168,2228,0,0,13,646,156,960,13,1606,California
Modoc,2021-02-26,3,2569,0,338,3,2231,0,0,1,645,2,962,1,1607,California
Modoc,2021-02-27,5,2574,5,343,0,2231,0,0,2,644,3,965,2,1609,California
Modoc,2021-03-01,5,2579,0,343,5,2236,0,0,0,640,4,969,0,1609,California
Modoc,2021-03-02,193,2772,12,355,181,2417,0,0,26,499,167,1136,26,1635,California
Modoc,2021-03-03,12,2784,6,361,6,2423,0,0,2,491,10,1146,2,1637,California
Modoc,2021-03-04,175,2959,2,363,173,2596,0,0,148,612,27,1173,148,1785,California
Modoc,2021-03-05,4,2963,3,366,1,2597,0,0,2,612,2,1175,2,1787,California
Modoc,2021-03-06,11,2974,0,366,1,2598,10,10,1,613,10,1185,11,1798,California
Modoc,2021-03-07,6,2980,1,367,0,2598,5,15,1,614,5,1190,6,1804,California
Modoc,2021-03-08,8,2988,1,368,3,2601,4,19,1,613,6,1196,5,1809,California
Modoc,2021-03-09,126,3114,10,378,108,2709,8,27,61,617,65,1261,69,1878,California
Modoc,2021-03-10,9,3123,3,381,2,2711,4,31,4,620,5,1266,8,1886,California
Modoc,2021-03-11,207,3330,0,381,99,2810,108,139,22,565,185,1451,130,2016,California
Modoc,2021-03-12,10,3340,1,382,4,2814,5,144,4,568,6,1457,9,2025,California
Modoc,2021-03-13,4,3344,0,382,1,2815,3,147,1,569,3,1460,4,2029,California
Modoc,2021-03-15,12,3356,1,383,10,2825,1,148,10,578,2,1462,11,2040,California
Modoc,2021-03-16,173,3529,1,384,168,2993,4,152,42,492,131,1593,45,2085,California
Modoc,2021-03-17,10,3539,1,385,4,2997,5,157,2,491,8,1601,7,2092,California
Modoc,2021-03-18,67,3606,2,387,58,3055,7,164,35,501,32,1633,42,2134,California
Modoc,2021-03-19,5,3611,0,387,0,3055,5,169,0,501,5,1638,5,2139,California
Modoc,2021-03-20,5,3616,2,389,0,3055,3,172,0,499,5,1643,3,2142,California
Modoc,2021-03-21,4,3620,1,390,1,3056,2,174,2,501,2,1645,4,2146,California
Modoc,2021-03-22,18,3638,1,391,11,3067,6,180,12,513,6,1651,18,2164,California
Modoc,2021-03-23,37,3675,7,398,27,3094,3,183,28,535,9,1660,31,2195,California
Modoc,2021-03-24,29,3704,1,399,18,3112,10,193,1,518,28,1688,11,2206,California
Modoc,2021-03-25,77,3781,1,400,74,3186,2,195,45,533,32,1720,47,2253,California
Modoc,2021-03-26,7,3788,2,402,2,3188,3,198,2,533,5,1725,5,2258,California
Modoc,2021-03-27,2,3790,0,402,1,3189,1,199,1,534,1,1726,2,2260,California
Modoc,2021-03-28,2,3792,1,403,0,3189,1,200,0,533,2,1728,1,2261,California
Modoc,2021-03-29,14,3806,1,404,5,3194,8,208,5,537,9,1737,13,2274,California
Modoc,2021-03-30,55,3861,10,414,38,3232,7,215,21,531,34,1771,28,2302,California
Modoc,2021-03-31,9,3870,3,417,2,3234,4,219,3,532,6,1777,7,2309,California
Modoc,2021-04-01,167,4037,2,419,160,3394,5,224,32,434,135,1912,37,2346,California
Modoc,2021-04-02,5,4042,0,419,2,3396,3,227,1,435,3,1915,4,2350,California
Modoc,2021-04-03,5,4047,2,421,0,3396,3,230,2,437,2,1917,4,2354,California
Modoc,2021-04-05,9,4056,0,421,9,3405,0,230,9,446,0,1917,9,2363,California
Modoc,2021-04-06,24,4080,5,426,9,3414,10,240,6,444,18,1935,16,2379,California
Modoc,2021-04-07,12,4092,1,427,4,3418,7,247,3,445,9,1944,10,2389,California
Modoc,2021-04-08,97,4189,1,428,93,3511,3,250,26,403,71,2015,29,2418,California
Modoc,2021-04-09,11,4200,2,430,6,3517,3,253,2,398,9,2024,4,2422,California
Modoc,2021-04-10,5,4205,0,430,1,3518,4,257,0,397,5,2029,4,2426,California
Modoc,2021-04-11,2,4207,2,432,0,3518,0,257,1,397,1,2030,1,2427,California
Modoc,2021-04-12,14,4221,0,432,10,3528,4,261,1,391,11,2041,5,2432,California
Modoc,2021-04-13,30,4251,29,461,1,3529,0,261,21,403,9,2050,21,2453,California
Modoc,2021-04-14,2,4253,2,463,0,3529,0,261,1,403,1,2051,1,2454,California
Modoc,2021-04-15,100,4353,0,463,100,3629,0,261,27,357,73,2124,27,2481,California
Modoc,2021-04-16,4,4357,4,467,0,3629,0,261,3,359,1,2125,3,2484,California
Modoc,2021-04-17,2,4359,2,469,0,3629,0,261,2,361,0,2125,2,2486,California
Modoc,2021-04-18,1,4360,0,469,1,3630,0,261,1,362,0,2125,1,2487,California
Modoc,2021-04-19,6,4366,0,469,6,3636,0,261,1,358,5,2130,1,2488,California
Modoc,2021-04-20,27,4393,2,471,25,3661,0,261,9,349,18,2148,9,2497,California
Modoc,2021-04-21,4,4397,4,475,0,3661,0,261,1,347,3,2151,1,2498,California
Modoc,2021-04-22,98,4495,4,479,94,3755,0,261,41,331,57,2208,41,2539,California
Modoc,2021-04-23,5,4500,1,480,4,3759,0,261,4,334,1,2209,4,2543,California
Modoc,2021-04-24,3,4503,1,481,1,3760,1,262,2,336,1,2210,3,2546,California
Modoc,2021-04-25,1,4504,1,482,0,3760,0,262,1,337,0,2210,1,2547,California
Modoc,2021-04-26,8,4512,1,483,7,3767,0,262,3,335,5,2215,3,2550,California
Modoc,2021-04-27,6,4518,4,487,1,3768,1,263,1,332,5,2220,2,2552,California
Modoc,2021-04-28,5,4523,1,488,3,3771,1,264,1,330,4,2224,2,2554,California
Modoc,2021-04-29,65,4588,2,490,63,3834,0,264,24,313,41,2265,24,2578,California
Modoc,2021-04-30,5,4593,4,494,1,3835,0,264,3,314,2,2267,3,2581,California
Modoc,2021-05-01,1,4594,1,495,0,3835,0,264,0,313,1,2268,0,2581,California
Modoc,2021-05-02,4,4598,3,498,1,3836,0,264,3,315,1,2269,3,2584,California
Modoc,2021-05-03,10,4608,0,498,9,3845,1,265,0,306,10,2279,1,2585,California
Modoc,2021-05-04,11,4619,3,501,6,3851,2,267,5,307,6,2285,7,2592,California
Modoc,2021-05-05,27,4646,24,525,2,3853,1,268,8,297,19,2304,9,2601,California
Modoc,2021-05-06,54,4700,3,528,49,3902,2,270,21,287,33,2337,23,2624,California
Modoc,2021-05-07,8,4708,3,531,3,3905,2,272,2,285,6,2343,4,2628,California
Modoc,2021-05-08,3,4711,2,533,0,3905,1,273,1,285,2,2345,2,2630,California
Modoc,2021-05-09,2,4713,2,535,0,3905,0,273,1,285,1,2346,1,2631,California
Modoc,2021-05-10,2,4715,0,535,1,3906,1,274,1,286,1,2347,2,2633,California
Modoc,2021-05-11,2,4717,1,536,0,3906,1,275,0,285,2,2349,1,2634,California
Modoc,2021-05-12,3,4720,1,537,0,3906,2,277,1,286,2,2351,3,2637,California
Modoc,2021-05-13,43,4763,2,539,37,3943,4,281,13,273,30,2381,17,2654,California
Modoc,2021-05-14,10,4773,5,544,0,3943,5,286,2,272,8,2389,7,2661,California
Modoc,2021-05-15,5,4778,4,548,1,3944,0,286,5,277,0,2389,5,2666,California
Modoc,2021-05-16,2,4780,1,549,1,3945,0,286,0,275,2,2391,0,2666,California
Modoc,2021-05-17,6,4786,4,553,2,3947,0,286,5,279,1,2392,5,2671,California
Modoc,2021-05-18,23,4809,10,563,11,3958,2,288,13,284,10,2402,15,2686,California
Modoc,2021-05-19,3,4812,1,564,2,3960,0,288,3,287,0,2402,3,2689,California
Mono,2020-12-18,1,1,1,1,0,0,0,0,1,1,0,0,1,1,California
Mono,2020-12-19,5,6,5,6,0,0,0,0,5,6,0,0,5,6,California
Mono,2020-12-20,7,13,7,13,0,0,0,0,7,13,0,0,7,13,California
Mono,2020-12-21,24,37,17,30,7,7,0,0,24,37,0,0,24,37,California
Mono,2020-12-22,66,103,65,95,1,8,0,0,66,103,0,0,66,103,California
Mono,2020-12-23,70,173,42,137,28,36,0,0,70,173,0,0,70,173,California
Mono,2020-12-24,3,176,1,138,2,38,0,0,3,176,0,0,3,176,California
Mono,2020-12-26,3,179,3,141,0,38,0,0,3,179,0,0,3,179,California
Mono,2020-12-28,94,273,63,204,31,69,0,0,94,273,0,0,94,273,California
Mono,2020-12-29,29,302,29,233,0,69,0,0,29,302,0,0,29,302,California
Mono,2020-12-30,77,379,36,269,41,110,0,0,77,379,0,0,77,379,California
Mono,2020-12-31,4,383,1,270,3,113,0,0,4,383,0,0,4,383,California
Mono,2021-01-01,4,387,4,274,0,113,0,0,4,387,0,0,4,387,California
Mono,2021-01-02,2,389,2,276,0,113,0,0,2,389,0,0,2,389,California
Mono,2021-01-04,2,391,0,276,2,115,0,0,2,391,0,0,2,391,California
Mono,2021-01-05,45,436,2,278,43,158,0,0,44,434,1,1,44,435,California
Mono,2021-01-06,44,480,0,278,44,202,0,0,44,478,0,1,44,479,California
Mono,2021-01-07,55,535,3,281,52,254,0,0,54,531,1,2,54,533,California
Mono,2021-01-08,2,537,1,282,1,255,0,0,1,531,1,3,1,534,California
Mono,2021-01-09,4,541,4,286,0,255,0,0,0,527,4,7,0,534,California
Mono,2021-01-10,5,546,5,291,0,255,0,0,0,522,5,12,0,534,California
Mono,2021-01-11,8,554,5,296,3,258,0,0,4,522,4,16,4,538,California
Mono,2021-01-12,282,836,75,371,207,465,0,0,218,677,63,79,218,756,California
Mono,2021-01-13,233,1069,73,444,160,625,0,0,178,800,55,134,178,934,California
Mono,2021-01-14,73,1142,71,515,2,627,0,0,73,873,0,134,73,1007,California
Mono,2021-01-15,62,1204,2,517,60,687,0,0,62,935,0,134,62,1069,California
Mono,2021-01-16,4,1208,3,520,1,688,0,0,1,933,3,137,1,1070,California
Mono,2021-01-18,64,1272,55,575,9,697,0,0,2,873,62,199,2,1072,California
Mono,2021-01-19,210,1482,208,783,2,699,0,0,172,1008,38,237,173,1245,California
Mono,2021-01-20,230,1712,198,981,32,731,0,0,169,1116,61,298,169,1414,California
Mono,2021-01-21,3,1715,3,984,0,731,0,0,3,1119,0,298,3,1417,California
Mono,2021-01-22,4,1719,0,984,4,735,0,0,4,1123,0,298,4,1421,California
Mono,2021-01-23,595,2314,595,1579,0,735,0,0,594,1716,1,299,594,2015,California
Mono,2021-01-25,202,2516,164,1743,38,773,0,0,163,1840,39,338,163,2178,California
Mono,2021-01-26,505,3021,503,2246,2,775,0,0,499,2333,6,344,499,2677,California
Mono,2021-01-27,5,3026,1,2247,4,779,0,0,5,2338,0,344,5,2682,California
Mono,2021-01-28,6,3032,2,2249,4,783,0,0,2,2336,4,348,2,2684,California
Mono,2021-01-30,202,3234,200,2449,2,785,0,0,201,2536,1,349,201,2885,California
Mono,2021-01-31,243,3477,138,2587,105,890,0,0,139,2571,104,453,139,3024,California
Mono,2021-02-01,27,3504,27,2614,0,890,0,0,0,2544,27,480,0,3024,California
Mono,2021-02-02,5,3509,0,2614,5,895,0,0,2,2543,3,483,2,3026,California
Mono,2021-02-03,4,3513,2,2616,2,897,0,0,2,2543,2,485,2,3028,California
Mono,2021-02-04,211,3724,158,2774,53,950,0,0,90,2512,121,606,90,3118,California
Mono,2021-02-05,617,4341,611,3385,6,956,0,0,614,3123,3,609,614,3732,California
Mono,2021-02-06,138,4479,137,3522,1,957,0,0,137,3259,1,610,137,3869,California
Mono,2021-02-07,2,4481,0,3522,2,959,0,0,2,3261,0,610,2,3871,California
Mono,2021-02-08,172,4653,172,3694,0,959,0,0,15,3120,156,766,15,3886,California
Mono,2021-02-09,226,4879,6,3700,220,1179,0,0,14,2922,212,978,14,3900,California
Mono,2021-02-10,536,5415,186,3886,350,1529,0,0,193,2773,343,1321,194,4094,California
Mono,2021-02-11,7,5422,4,3890,3,1532,0,0,2,2770,5,1326,2,4096,California
Mono,2021-02-12,84,5506,20,3910,64,1596,0,0,26,2738,58,1384,26,4122,California
Mono,2021-02-13,586,6092,586,4496,0,1596,0,0,25,2203,560,1944,25,4147,California
Mono,2021-02-15,166,6258,164,4660,2,1598,0,0,3,2045,161,2105,3,4150,California
Mono,2021-02-16,517,6775,514,5174,3,1601,0,0,45,1621,469,2574,45,4195,California
Mono,2021-02-17,7,6782,2,5176,5,1606,0,0,2,1618,5,2579,2,4197,California
Mono,2021-02-18,3,6785,2,5178,1,1607,0,0,2,1619,1,2580,2,4199,California
Mono,2021-02-19,54,6839,53,5231,1,1608,0,0,54,1673,0,2580,54,4253,California
Mono,2021-02-20,4,6843,4,5235,0,1608,0,0,4,1677,0,2580,4,4257,California
Mono,2021-02-21,6,6849,6,5241,0,1608,0,0,4,1679,2,2582,4,4261,California
Mono,2021-02-22,285,7134,284,5525,1,1609,0,0,24,1443,260,2842,24,4285,California
Mono,2021-02-23,136,7270,116,5641,20,1629,0,0,22,1351,114,2956,22,4307,California
Mono,2021-02-24,10,7280,3,5644,7,1636,0,0,4,1349,6,2962,4,4311,California
Mono,2021-02-25,5,7285,2,5646,3,1639,0,0,3,1351,1,2963,3,4314,California
Mono,2021-02-26,598,7883,596,6242,2,1641,0,0,21,796,576,3539,21,4335,California
Mono,2021-02-27,140,8023,136,6378,4,1645,0,0,4,666,134,3673,4,4339,California
Mono,2021-03-01,3,8026,2,6380,1,1646,0,0,2,668,0,3673,2,4341,California
Mono,2021-03-02,6,8032,4,6384,2,1648,0,0,4,670,2,3675,4,4345,California
Mono,2021-03-03,111,8143,2,6386,109,1757,0,0,108,776,2,3677,108,4453,California
Mono,2021-03-04,5,8148,1,6387,4,1761,0,0,3,777,2,3679,3,4456,California
Mono,2021-03-05,37,8185,27,6414,10,1771,0,0,14,768,23,3702,14,4470,California
Mono,2021-03-06,508,8693,17,6431,491,2262,0,0,500,1263,6,3708,501,4971,California
Mono,2021-03-07,1,8694,0,6431,1,2263,0,0,0,1262,1,3709,0,4971,California
Mono,2021-03-08,538,9232,11,6442,524,2787,3,3,529,1785,9,3718,532,5503,California
Mono,2021-03-09,6,9238,2,6444,3,2790,1,4,3,1787,2,3720,4,5507,California
Mono,2021-03-10,286,9524,90,6534,193,2983,3,7,9,1525,274,3994,12,5519,California
Mono,2021-03-11,10,9534,0,6534,1,2984,9,16,0,1524,10,4004,9,5528,California
Mono,2021-03-12,7,9541,1,6535,1,2985,5,21,0,1522,7,4011,5,5533,California
Mono,2021-03-13,823,10364,386,6921,437,3422,0,21,815,2329,8,4019,815,6348,California
Mono,2021-03-14,4,10368,4,6925,0,3422,0,21,0,2325,4,4023,0,6348,California
Mono,2021-03-15,31,10399,23,6948,3,3425,5,26,14,2328,16,4039,19,6367,California
Mono,2021-03-16,16,10415,6,6954,4,3429,6,32,8,2334,8,4047,14,6381,California
Mono,2021-03-17,34,10449,5,6959,21,3450,8,40,22,2352,12,4059,30,6411,California
Mono,2021-03-18,21,10470,2,6961,11,3461,8,48,9,2357,12,4071,17,6428,California
Mono,2021-03-19,21,10491,1,6962,17,3478,3,51,17,2374,3,4074,20,6448,California
Mono,2021-03-20,5,10496,3,6965,1,3479,1,52,4,2378,1,4075,5,6453,California
Mono,2021-03-21,1,10497,1,6966,0,3479,0,52,1,2379,0,4075,1,6454,California
Mono,2021-03-22,11,10508,0,6966,6,3485,5,57,5,2383,6,4081,10,6464,California
Mono,2021-03-23,41,10549,5,6971,31,3516,5,62,17,2381,24,4105,22,6486,California
Mono,2021-03-24,13,10562,1,6972,7,3523,5,67,5,2383,8,4113,10,6496,California
Mono,2021-03-25,19,10581,3,6975,12,3535,4,71,12,2392,7,4120,16,6512,California
Mono,2021-03-26,19,10600,3,6978,11,3546,5,76,10,2399,8,4128,15,6527,California
Mono,2021-03-27,350,10950,347,7325,3,3549,0,76,324,2697,26,4154,324,6851,California
Mono,2021-03-28,1,10951,1,7326,0,3549,0,76,1,2698,0,4154,1,6852,California
Mono,2021-03-29,10,10961,3,7329,6,3555,1,77,8,2705,2,4156,9,6861,California
Mono,2021-03-30,12,10973,0,7329,8,3563,4,81,7,2711,5,4161,11,6872,California
Mono,2021-03-31,127,11100,7,7336,119,3682,1,82,22,2630,104,4265,23,6895,California
Mono,2021-04-01,8,11108,0,7336,7,3689,1,83,3,2629,5,4270,4,6899,California
Mono,2021-04-02,18,11126,2,7338,16,3705,0,83,7,2625,11,4281,7,6906,California
Mono,2021-04-03,868,11994,372,7710,496,4201,0,83,50,1865,816,5097,56,6962,California
Mono,2021-04-05,528,12522,17,7727,510,4711,1,84,30,1399,497,5594,31,6993,California
Mono,2021-04-06,19,12541,1,7728,5,4716,13,97,1,1395,18,5612,14,7007,California
Mono,2021-04-07,25,12566,3,7731,3,4719,19,116,4,1397,21,5633,23,7030,California
Mono,2021-04-08,22,12588,3,7734,2,4721,17,133,4,1400,18,5651,21,7051,California
Mono,2021-04-09,37,12625,4,7738,4,4725,29,162,7,1406,30,5681,36,7087,California
Mono,2021-04-10,446,13071,2,7740,437,5162,7,169,28,1023,418,6099,35,7122,California
Mono,2021-04-11,1,13072,1,7741,0,5162,0,169,0,1022,1,6100,0,7122,California
Mono,2021-04-12,6,13078,0,7741,3,5165,3,172,3,1025,3,6103,6,7128,California
Mono,2021-04-13,19,13097,2,7743,16,5181,1,173,13,1033,6,6109,14,7142,California
Mono,2021-04-14,26,13123,1,7744,25,5206,0,173,7,1021,19,6128,7,7149,California
Mono,2021-04-15,18,13141,3,7747,15,5221,0,173,9,1021,9,6137,9,7158,California
Mono,2021-04-16,16,13157,1,7748,15,5236,0,173,5,1015,11,6148,5,7163,California
Mono,2021-04-17,51,13208,2,7750,49,5285,0,173,44,1052,7,6155,44,7207,California
Mono,2021-04-18,1,13209,0,7750,1,5286,0,173,1,1053,0,6155,1,7208,California
Mono,2021-04-19,527,13736,319,8069,208,5494,0,173,201,930,324,6479,201,7409,California
Mono,2021-04-20,17,13753,2,8071,15,5509,0,173,12,937,5,6484,12,7421,California
Mono,2021-04-21,9,13762,1,8072,8,5517,0,173,4,936,5,6489,4,7425,California
Mono,2021-04-22,27,13789,13,8085,14,5531,0,173,13,935,14,6503,13,7438,California
Mono,2021-04-23,22,13811,2,8087,20,5551,0,173,12,937,10,6513,12,7450,California
Mono,2021-04-24,33,13844,20,8107,13,5564,0,173,18,940,15,6528,18,7468,California
Mono,2021-04-25,3,13847,2,8109,1,5565,0,173,3,943,0,6528,3,7471,California
Mono,2021-04-26,10,13857,1,8110,9,5574,0,173,2,937,8,6536,2,7473,California
Mono,2021-04-27,66,13923,40,8150,19,5593,7,180,50,978,16,6552,57,7530,California
Mono,2021-04-28,63,13986,41,8191,18,5611,4,184,48,1017,13,6565,52,7582,California
Mono,2021-04-29,8,13994,1,8192,4,5615,3,187,2,1016,6,6571,5,7587,California
Mono,2021-04-30,16,14010,3,8195,10,5625,3,190,8,1019,8,6579,11,7598,California
Mono,2021-05-01,110,14120,4,8199,106,5731,0,190,98,1105,12,6591,98,7696,California
Mono,2021-05-03,1,14121,0,8199,1,5732,0,190,0,1104,1,6592,0,7696,California
Mono,2021-05-04,19,14140,0,8199,13,5745,6,196,10,1111,9,6601,16,7712,California
Mono,2021-05-05,53,14193,8,8207,41,5786,4,200,45,1152,8,6609,49,7761,California
Mono,2021-05-06,13,14206,3,8210,9,5795,1,201,9,1158,4,6613,10,7771,California
Mono,2021-05-07,29,14235,22,8232,7,5802,0,201,25,1179,4,6617,25,7796,California
Mono,2021-05-08,50,14285,5,8237,45,5847,0,201,22,1173,28,6645,22,7818,California
Mono,2021-05-10,17,14302,1,8238,12,5859,4,205,9,1178,8,6653,13,7831,California
Mono,2021-05-11,15,14317,2,8240,10,5869,3,208,5,1176,10,6663,8,7839,California
Mono,2021-05-12,12,14329,0,8240,11,5880,1,209,4,1173,8,6671,5,7844,California
Mono,2021-05-13,49,14378,35,8275,14,5894,0,209,40,1204,9,6680,40,7884,California
Mono,2021-05-14,8,14386,1,8276,6,5900,1,210,3,1203,5,6685,4,7888,California
Mono,2021-05-15,68,14454,27,8303,35,5935,6,216,20,1181,48,6733,26,7914,California
Mono,2021-05-16,9,14463,8,8311,1,5936,0,216,6,1184,3,6736,6,7920,California
Mono,2021-05-17,245,14708,32,8343,206,6142,7,223,56,1059,188,6924,63,7983,California
Mono,2021-05-18,125,14833,107,8450,18,6160,0,223,82,1098,43,6967,82,8065,California
Mono,2021-05-19,110,14943,109,8559,0,6160,1,224,73,1135,37,7004,74,8139,California
Monterey,2020-12-16,4,4,4,4,0,0,0,0,4,4,0,0,4,4,California
Monterey,2020-12-17,83,87,83,87,0,0,0,0,83,87,0,0,83,87,California
Monterey,2020-12-18,482,569,482,569,0,0,0,0,482,569,0,0,482,569,California
Monterey,2020-12-19,580,1149,580,1149,0,0,0,0,580,1149,0,0,580,1149,California
Monterey,2020-12-20,422,1571,422,1571,0,0,0,0,422,1571,0,0,422,1571,California
Monterey,2020-12-21,718,2289,718,2289,0,0,0,0,718,2289,0,0,718,2289,California
Monterey,2020-12-22,533,2822,520,2809,13,13,0,0,533,2822,0,0,533,2822,California
Monterey,2020-12-23,437,3259,262,3071,175,188,0,0,437,3259,0,0,437,3259,California
Monterey,2020-12-24,84,3343,10,3081,74,262,0,0,84,3343,0,0,84,3343,California
Monterey,2020-12-25,6,3349,0,3081,6,268,0,0,6,3349,0,0,6,3349,California
Monterey,2020-12-26,92,3441,5,3086,87,355,0,0,92,3441,0,0,92,3441,California
Monterey,2020-12-27,7,3448,4,3090,3,358,0,0,7,3448,0,0,7,3448,California
Monterey,2020-12-28,475,3923,25,3115,450,808,0,0,475,3923,0,0,475,3923,California
Monterey,2020-12-29,898,4821,167,3282,731,1539,0,0,898,4821,0,0,898,4821,California
Monterey,2020-12-30,567,5388,98,3380,469,2008,0,0,567,5388,0,0,567,5388,California
Monterey,2020-12-31,33,5421,11,3391,22,2030,0,0,33,5421,0,0,33,5421,California
Monterey,2021-01-01,12,5433,2,3393,10,2040,0,0,12,5433,0,0,12,5433,California
Monterey,2021-01-02,137,5570,134,3527,3,2043,0,0,137,5570,0,0,137,5570,California
Monterey,2021-01-03,30,5600,29,3556,1,2044,0,0,30,5600,0,0,30,5600,California
Monterey,2021-01-04,411,6011,18,3574,393,2437,0,0,411,6011,0,0,411,6011,California
Monterey,2021-01-05,752,6763,327,3901,425,2862,0,0,738,6735,14,14,738,6749,California
Monterey,2021-01-06,656,7419,172,4073,484,3346,0,0,634,7347,22,36,634,7383,California
Monterey,2021-01-07,745,8164,571,4644,174,3520,0,0,422,7448,321,357,422,7805,California
Monterey,2021-01-08,1087,9251,734,5378,353,3873,0,0,394,7149,693,1050,394,8199,California
Monterey,2021-01-09,964,10215,936,6314,28,3901,0,0,312,6809,652,1702,312,8511,California
Monterey,2021-01-10,274,10489,271,6585,3,3904,0,0,9,6553,265,1967,9,8520,California
Monterey,2021-01-11,1064,11553,984,7569,80,3984,0,0,362,6213,702,2669,362,8882,California
Monterey,2021-01-12,465,12018,388,7957,77,4061,0,0,204,6156,261,2930,204,9086,California
Monterey,2021-01-13,1217,13235,593,8550,624,4685,0,0,1171,7281,46,2976,1171,10257,California
Monterey,2021-01-14,1119,14354,165,8715,954,5639,0,0,1100,8366,19,2995,1104,11361,California
Monterey,2021-01-15,1046,15400,45,8760,1001,6640,0,0,1033,9386,13,3008,1033,12394,California
Monterey,2021-01-16,363,15763,300,9060,63,6703,0,0,358,9739,5,3013,358,12752,California
Monterey,2021-01-17,310,16073,289,9349,21,6724,0,0,297,10023,13,3026,297,13049,California
Monterey,2021-01-18,401,16474,50,9399,351,7075,0,0,380,10382,21,3047,380,13429,California
Monterey,2021-01-19,578,17052,396,9795,182,7257,0,0,419,10644,157,3204,419,13848,California
Monterey,2021-01-20,532,17584,270,10065,262,7519,0,0,326,10764,206,3410,326,14174,California
Monterey,2021-01-21,840,18424,92,10157,748,8267,0,0,730,11388,110,3520,734,14908,California
Monterey,2021-01-22,1048,19472,193,10350,855,9122,0,0,1009,12358,39,3559,1009,15917,California
Monterey,2021-01-23,241,19713,175,10525,66,9188,0,0,118,12355,122,3681,119,16036,California
Monterey,2021-01-24,56,19769,38,10563,18,9206,0,0,22,12343,34,3715,22,16058,California
Monterey,2021-01-25,782,20551,173,10736,609,9815,0,0,157,11882,618,4333,157,16215,California
Monterey,2021-01-26,927,21478,224,10960,703,10518,0,0,235,11425,692,5025,235,16450,California
Monterey,2021-01-27,861,22339,312,11272,549,11067,0,0,383,11330,478,5503,383,16833,California
Monterey,2021-01-28,2023,24362,739,12011,1284,12351,0,0,1682,12673,341,5844,1684,18517,California
Monterey,2021-01-29,1229,25591,707,12718,522,12873,0,0,1112,13670,116,5960,1113,19630,California
Monterey,2021-01-30,442,26033,294,13012,148,13021,0,0,186,13600,256,6216,186,19816,California
Monterey,2021-01-31,493,26526,71,13083,422,13443,0,0,483,14074,10,6226,484,20300,California
Monterey,2021-02-01,1652,28178,1140,14223,512,13955,0,0,1089,14601,562,6788,1089,21389,California
Monterey,2021-02-02,2160,30338,463,14686,1697,15652,0,0,1553,15548,606,7394,1553,22942,California
Monterey,2021-02-03,2328,32666,1045,15731,1283,16935,0,0,1553,16330,771,8165,1553,24495,California
Monterey,2021-02-04,2772,35438,2088,17819,684,17619,0,0,2463,18486,307,8472,2463,26958,California
Monterey,2021-02-05,3644,39082,2821,20640,823,18442,0,0,3208,21263,431,8903,3208,30166,California
Monterey,2021-02-06,1098,40180,379,21019,719,19161,0,0,756,21679,340,9243,756,30922,California
Monterey,2021-02-07,315,40495,270,21289,45,19206,0,0,96,21556,219,9462,96,31018,California
Monterey,2021-02-08,515,41010,290,21579,225,19431,0,0,426,21893,89,9551,426,31444,California
Monterey,2021-02-09,863,41873,675,22254,188,19619,0,0,553,22138,310,9861,555,31999,California
Monterey,2021-02-10,2085,43958,1113,23367,972,20591,0,0,1235,22524,850,10711,1236,33235,California
Monterey,2021-02-11,2500,46458,971,24338,1529,22120,0,0,1545,23118,953,11664,1547,34782,California
Monterey,2021-02-12,2585,49043,429,24767,2156,24276,0,0,1517,23569,1067,12731,1518,36300,California
Monterey,2021-02-13,1069,50112,50,24817,1019,25295,0,0,978,24456,91,12822,978,37278,California
Monterey,2021-02-14,592,50704,73,24890,519,25814,0,0,519,24902,73,12895,519,37797,California
Monterey,2021-02-15,1366,52070,160,25050,1206,27020,0,0,981,25501,383,13278,982,38779,California
Monterey,2021-02-16,1091,53161,245,25295,846,27866,0,0,867,26144,224,13502,867,39646,California
Monterey,2021-02-17,1937,55098,1164,26459,773,28639,0,0,1638,27487,297,13799,1640,41286,California
Monterey,2021-02-18,2226,57324,1177,27636,1049,29688,0,0,909,27095,1303,15102,911,42197,California
Monterey,2021-02-19,2937,60261,1534,29170,1403,31091,0,0,1346,26852,1590,16692,1347,43544,California
Monterey,2021-02-20,1008,61269,608,29778,400,31491,0,0,952,27749,55,16747,952,44496,California
Monterey,2021-02-21,1247,62516,1219,30997,28,31519,0,0,1177,28858,68,16815,1177,45673,California
Monterey,2021-02-22,976,63492,844,31841,132,31651,0,0,644,29172,330,17145,644,46317,California
Monterey,2021-02-23,955,64447,622,32463,333,31984,0,0,303,28825,651,17796,304,46621,California
Monterey,2021-02-24,2465,66912,1316,33779,1149,33133,0,0,1852,30070,608,18404,1853,48474,California
Monterey,2021-02-25,4409,71321,2419,36198,1990,35123,0,0,1477,28623,2925,21329,1478,49952,California
Monterey,2021-02-26,5247,76568,3080,39278,2167,37290,0,0,2623,28626,2621,23950,2624,52576,California
Monterey,2021-02-27,1001,77569,187,39465,814,38104,0,0,810,29250,186,24136,810,53386,California
Monterey,2021-02-28,1529,79098,82,39547,1447,39551,0,0,1067,29860,457,24593,1067,54453,California
Monterey,2021-03-01,1284,80382,139,39686,1142,40693,3,3,746,30077,533,25126,750,55203,California
Monterey,2021-03-02,2784,83166,1729,41415,1055,41748,0,3,1931,31159,849,25975,1931,57134,California
Monterey,2021-03-03,3209,86375,1245,42660,1964,43712,0,3,1268,30489,1939,27914,1269,58403,California
Monterey,2021-03-04,4555,90930,1472,44132,3083,46795,0,3,2955,31848,1596,29510,2955,61358,California
Monterey,2021-03-05,3593,94523,1623,45755,1693,48488,277,280,2960,34453,632,30142,3237,64595,California
Monterey,2021-03-06,5057,99580,1068,46823,3686,52174,303,583,4153,38006,901,31043,4454,69049,California
Monterey,2021-03-07,520,100100,108,46931,167,52341,245,828,233,38195,287,31330,476,69525,California
Monterey,2021-03-08,1658,101758,327,47258,942,53283,389,1217,1118,39160,540,31870,1505,71030,California
Monterey,2021-03-09,1924,103682,696,47954,952,54235,276,1493,1427,40365,496,32366,1701,72731,California
Monterey,2021-03-10,3131,106813,1029,48983,1614,55849,488,1981,1424,40576,1700,34066,1911,74642,California
Monterey,2021-03-11,4110,110923,1409,50392,2328,58177,373,2354,2349,41544,1754,35820,2722,77364,California
Monterey,2021-03-12,4315,115238,2047,52439,2133,60310,135,2489,2632,42630,1680,37500,2766,80130,California
Monterey,2021-03-13,5269,120507,959,53398,3963,64273,347,2836,3961,45630,1308,38808,4308,84438,California
Monterey,2021-03-14,2148,122655,1326,54724,797,65070,25,2861,571,44660,1566,40374,596,85034,California
Monterey,2021-03-15,3938,126593,1266,55990,2383,67453,289,3150,2253,45521,1680,42054,2541,87575,California
Monterey,2021-03-16,3488,130081,574,56564,2539,69992,375,3525,2076,46557,1411,43465,2447,90022,California
Monterey,2021-03-17,5707,135788,2336,58900,3118,73110,253,3778,4108,49331,1592,45057,4366,94388,California
Monterey,2021-03-18,4356,140144,2154,61054,2034,75144,168,3946,2998,51182,1352,46409,3203,97591,California
Monterey,2021-03-19,5392,145536,2559,63613,2689,77833,144,4090,4117,54174,1270,47679,4262,101853,California
Monterey,2021-03-20,3329,148865,419,64032,2215,80048,695,4785,2245,56033,1081,48760,2940,104793,California
Monterey,2021-03-21,623,149488,200,64232,415,80463,8,4793,555,56529,66,48826,562,105355,California
Monterey,2021-03-22,2459,151947,1434,65666,963,81426,62,4855,2250,58634,205,49031,2310,107665,California
Monterey,2021-03-23,3974,155921,2350,68016,1581,83007,43,4898,2512,59731,1457,50488,2554,110219,California
Monterey,2021-03-24,4992,160913,2088,70104,2594,85601,310,5208,3633,62316,1355,51843,3940,114159,California
Monterey,2021-03-25,5212,166125,1210,71314,3645,89246,357,5565,2585,62640,2620,54463,2944,117103,California
Monterey,2021-03-26,5291,171416,2601,73915,2624,91870,66,5631,2653,62732,2629,57092,2721,119824,California
Monterey,2021-03-27,4825,176241,1437,75352,3132,95002,256,5887,3107,64386,1715,58807,3369,123193,California
Monterey,2021-03-28,1106,177347,332,75684,765,95767,9,5896,621,64537,480,59287,631,123824,California
Monterey,2021-03-29,3170,180517,1404,77088,1752,97519,14,5910,1949,65291,1213,60500,1967,125791,California
Monterey,2021-03-30,4437,184954,2131,79219,2263,99782,43,5953,2711,66333,1716,62216,2758,128549,California
Monterey,2021-03-31,5301,190255,2377,81596,2134,101916,790,6743,3336,68489,1962,64178,4118,132667,California
Monterey,2021-04-01,6105,196360,2114,83710,3578,105494,413,7156,3074,68964,3016,67194,3491,136158,California
Monterey,2021-04-02,4669,201029,2244,85954,2364,107858,61,7217,3168,70697,1500,68694,3233,139391,California
Monterey,2021-04-03,5883,206912,1111,87065,3746,111604,1026,8243,1200,68246,4670,73364,2219,141610,California
Monterey,2021-04-04,764,207676,157,87222,593,112197,14,8257,495,68488,269,73633,511,142121,California
Monterey,2021-04-05,3987,211663,2471,89693,1287,113484,229,8486,1472,67680,2510,76143,1702,143823,California
Monterey,2021-04-06,3345,215008,1323,91016,1549,115033,473,8959,1120,67048,2223,78366,1591,145414,California
Monterey,2021-04-07,5489,220497,1365,92381,3613,118646,511,9470,2647,67372,2831,81197,3155,148569,California
Monterey,2021-04-08,6468,226965,3450,95831,2216,120862,802,10272,3169,68051,3293,84490,3972,152541,California
Monterey,2021-04-09,5508,232473,3357,99188,1518,122380,633,10905,2219,67614,3286,87776,2849,155390,California
Monterey,2021-04-10,10076,242549,4876,104064,3051,125431,2149,13054,4895,69486,5170,92946,7042,162432,California
Monterey,2021-04-11,5407,247956,4240,108304,566,125997,601,13655,4364,73411,1037,93983,4962,167394,California
Monterey,2021-04-12,4061,252017,1844,110148,1904,127901,313,13968,907,71615,3016,96999,1220,168614,California
Monterey,2021-04-13,3097,255114,720,110868,2372,130273,5,13973,1470,71484,1608,98607,1477,170091,California
Monterey,2021-04-14,6569,261683,3115,113983,3451,133724,3,13976,1801,68533,4755,103362,1804,171895,California
Monterey,2021-04-15,5744,267427,3887,117870,1857,135581,0,13976,3828,70475,1887,105249,3829,175724,California
Monterey,2021-04-16,4669,272096,2392,120262,2263,137844,14,13990,2175,70180,2484,107733,2189,177913,California
Monterey,2021-04-17,5527,277623,1352,121614,4175,142019,0,13990,3698,72062,1816,109549,3698,181611,California
Monterey,2021-04-18,832,278455,251,121865,581,142600,0,13990,235,71704,593,110142,235,181846,California
Monterey,2021-04-19,3671,282126,1286,123151,2385,144985,0,13990,1752,71545,1911,112053,1752,183598,California
Monterey,2021-04-20,3775,285901,1578,124729,2197,147182,0,13990,1562,70916,2192,114245,1563,185161,California
Monterey,2021-04-21,5780,291681,3154,127883,2626,149808,0,13990,2833,70839,2912,117157,2835,187996,California
Monterey,2021-04-22,4701,296382,1017,128900,3684,153492,0,13990,1952,70081,2710,119867,1952,189948,California
Monterey,2021-04-23,5626,302008,2627,131527,2998,156490,1,13991,2208,68893,3400,123267,2212,192160,California
Monterey,2021-04-24,4144,306152,584,132111,3560,160050,0,13991,1526,67820,2599,125866,1526,193686,California
Monterey,2021-04-25,1236,307388,604,132715,632,160682,0,13991,789,68171,438,126304,789,194475,California
Monterey,2021-04-26,3466,310854,2171,134886,1278,161960,17,14008,875,66497,2566,128870,892,195367,California
Monterey,2021-04-27,2562,313416,900,135786,1545,163505,117,14125,1117,66290,1440,130310,1233,196600,California
Monterey,2021-04-28,3494,316910,1357,137143,1999,165504,138,14263,2172,67288,1309,131619,2307,198907,California
Monterey,2021-04-29,4378,321288,2406,139549,1896,167400,76,14339,1629,66256,2738,134357,1706,200613,California
Monterey,2021-04-30,3078,324366,1654,141203,1348,168748,76,14415,760,64781,2309,136666,834,201447,California
Monterey,2021-05-01,5603,329969,4229,145432,1334,170082,40,14455,676,60584,4911,141577,714,202161,California
Monterey,2021-05-02,4349,334318,3923,149355,399,170481,27,14482,323,56921,4013,145590,350,202511,California
Monterey,2021-05-03,2520,336838,1563,150918,841,171322,116,14598,587,55701,1923,147513,703,203214,California
Monterey,2021-05-04,1726,338564,586,151504,1050,172372,90,14688,628,55335,1085,148598,719,203933,California
Monterey,2021-05-05,3240,341804,1183,152687,1972,174344,85,14773,1050,54294,2177,150775,1136,205069,California
Monterey,2021-05-06,4124,345928,2739,155426,1168,175512,217,14990,1143,52689,2965,153740,1360,206429,California
Monterey,2021-05-07,1914,347842,932,156358,883,176395,99,15089,700,52280,1207,154947,798,207227,California
Monterey,2021-05-08,2575,350417,1366,157724,886,177281,323,15412,912,51860,1652,156599,1232,208459,California
Monterey,2021-05-09,394,350811,113,157837,255,177536,26,15438,143,51779,250,156849,169,208628,California
Monterey,2021-05-10,2583,353394,1854,159691,682,178218,47,15485,342,49937,2232,159081,390,209018,California
Monterey,2021-05-11,1741,355135,890,160581,787,179005,64,15549,738,49750,989,160070,802,209820,California
Monterey,2021-05-12,3595,358730,1948,162529,1577,180582,70,15619,794,47826,2789,162859,865,210685,California
Monterey,2021-05-13,2231,360961,1291,163820,899,181481,41,15660,1257,48162,959,163818,1295,211980,California
Monterey,2021-05-14,1716,362677,500,164320,1151,182632,65,15725,710,47941,996,164814,775,212755,California
Monterey,2021-05-15,2729,365406,525,164845,1972,184604,232,15957,602,46659,2115,166929,833,213588,California
Monterey,2021-05-16,880,366286,538,165383,276,184880,66,16023,228,46308,644,167573,293,213881,California
Monterey,2021-05-17,2145,368431,1256,166639,816,185696,73,16096,1018,46284,1115,168688,1091,214972,California
Monterey,2021-05-18,1245,369676,403,167042,812,186508,30,16126,560,46198,678,169366,592,215564,California
Monterey,2021-05-19,2365,372041,1781,168823,530,187038,54,16180,1354,46604,1001,170367,1407,216971,California
Napa,2020-12-16,12,12,12,12,0,0,0,0,12,12,0,0,12,12,California
Napa,2020-12-17,44,56,44,56,0,0,0,0,44,56,0,0,44,56,California
Napa,2020-12-18,102,158,102,158,0,0,0,0,102,158,0,0,102,158,California
Napa,2020-12-19,221,379,221,379,0,0,0,0,221,379,0,0,221,379,California
Napa,2020-12-20,190,569,190,569,0,0,0,0,190,569,0,0,190,569,California
Napa,2020-12-21,312,881,312,881,0,0,0,0,313,882,0,0,313,882,California
Napa,2020-12-22,340,1221,331,1212,9,9,0,0,340,1222,0,0,340,1222,California
Napa,2020-12-23,429,1650,319,1531,110,119,0,0,429,1651,0,0,429,1651,California
Napa,2020-12-24,139,1789,78,1609,61,180,0,0,139,1790,0,0,139,1790,California
Napa,2020-12-25,1,1790,1,1610,0,180,0,0,1,1791,0,0,1,1791,California
Napa,2020-12-26,39,1829,11,1621,28,208,0,0,39,1830,0,0,39,1830,California
Napa,2020-12-27,32,1861,16,1637,16,224,0,0,32,1862,0,0,32,1862,California
Napa,2020-12-28,252,2113,186,1823,66,290,0,0,281,2143,0,0,281,2143,California
Napa,2020-12-29,274,2387,215,2038,59,349,0,0,307,2450,0,0,307,2450,California
Napa,2020-12-30,628,3015,485,2523,143,492,0,0,636,3086,0,0,636,3086,California
Napa,2020-12-31,460,3475,371,2894,89,581,0,0,460,3546,0,0,460,3546,California
Napa,2021-01-01,1,3476,1,2895,0,581,0,0,1,3547,0,0,1,3547,California
Napa,2021-01-02,98,3574,93,2988,5,586,0,0,98,3645,0,0,98,3645,California
Napa,2021-01-03,13,3587,11,2999,2,588,0,0,9,3654,0,0,9,3654,California
Napa,2021-01-04,107,3694,64,3063,43,631,0,0,107,3761,0,0,107,3761,California
Napa,2021-01-05,162,3856,85,3148,77,708,0,0,145,3882,24,24,145,3906,California
Napa,2021-01-06,460,4316,115,3263,345,1053,0,0,396,4216,62,86,396,4302,California
Napa,2021-01-07,498,4814,235,3498,263,1316,0,0,397,4513,100,186,397,4699,California
Napa,2021-01-08,445,5259,229,3727,216,1532,0,0,262,4593,182,368,262,4961,California
Napa,2021-01-09,325,5584,300,4027,25,1557,0,0,189,4646,136,504,189,5150,California
Napa,2021-01-10,186,5770,103,4130,83,1640,0,0,109,4678,77,581,109,5259,California
Napa,2021-01-11,882,6652,426,4556,456,2096,0,0,509,4815,374,955,511,5770,California
Napa,2021-01-12,1315,7967,372,4928,943,3039,0,0,998,5496,317,1272,998,6768,California
Napa,2021-01-13,1311,9278,264,5192,1047,4086,0,0,1149,6485,161,1433,1150,7918,California
Napa,2021-01-14,1054,10332,173,5365,881,4967,0,0,936,7305,116,1549,936,8854,California
Napa,2021-01-15,1456,11788,384,5749,1072,6039,0,0,1307,8456,157,1706,1308,10162,California
Napa,2021-01-16,358,12146,134,5883,224,6263,0,0,340,8778,18,1724,340,10502,California
Napa,2021-01-17,341,12487,176,6059,165,6428,0,0,331,9099,10,1734,331,10833,California
Napa,2021-01-18,1081,13568,197,6256,884,7312,0,0,990,9998,91,1825,990,11823,California
Napa,2021-01-19,1009,14577,404,6660,605,7917,0,0,767,10524,241,2066,767,12590,California
Napa,2021-01-20,825,15402,185,6845,640,8557,0,0,642,10985,181,2247,642,13232,California
Napa,2021-01-21,1336,16738,374,7219,962,9519,0,0,1081,11813,254,2501,1082,14314,California
Napa,2021-01-22,1541,18279,412,7631,1129,10648,0,0,1214,12702,326,2827,1215,15529,California
Napa,2021-01-23,398,18677,318,7949,80,10728,0,0,336,12976,62,2889,336,15865,California
Napa,2021-01-24,265,18942,188,8137,77,10805,0,0,208,13127,57,2946,208,16073,California
Napa,2021-01-25,1522,20464,231,8368,1291,12096,0,0,1432,14469,90,3036,1432,17505,California
Napa,2021-01-26,880,21344,286,8654,594,12690,0,0,786,15162,94,3130,787,18292,California
Napa,2021-01-27,626,21970,221,8875,405,13095,0,0,470,15477,156,3286,471,18763,California
Napa,2021-01-28,389,22359,176,9051,213,13308,0,0,197,15484,190,3476,197,18960,California
Napa,2021-01-29,256,22615,65,9116,191,13499,0,0,161,15550,95,3571,161,19121,California
Napa,2021-01-30,805,23420,696,9812,109,13608,0,0,641,16027,164,3735,641,19762,California
Napa,2021-01-31,656,24076,625,10437,31,13639,0,0,630,16631,26,3761,630,20392,California
Napa,2021-02-01,316,24392,110,10547,206,13845,0,0,163,16641,153,3914,163,20555,California
Napa,2021-02-02,608,25000,280,10827,328,14173,0,0,297,16630,308,4222,297,20852,California
Napa,2021-02-03,745,25745,309,11136,436,14609,0,0,430,16746,314,4536,430,21282,California
Napa,2021-02-04,790,26535,373,11509,417,15026,0,0,441,16840,347,4883,441,21723,California
Napa,2021-02-05,712,27247,310,11819,402,15428,0,0,344,16816,368,5251,344,22067,California
Napa,2021-02-06,434,27681,146,11965,288,15716,0,0,328,17038,106,5357,328,22395,California
Napa,2021-02-07,176,27857,163,12128,13,15729,0,0,71,17004,105,5462,71,22466,California
Napa,2021-02-08,836,28693,191,12319,645,16374,0,0,274,16719,559,6021,274,22740,California
Napa,2021-02-09,1081,29774,447,12766,634,17008,0,0,441,16520,640,6661,441,23181,California
Napa,2021-02-10,1720,31494,193,12959,1527,18535,0,0,451,15706,1266,7927,452,23633,California
Napa,2021-02-11,1496,32990,195,13154,1301,19836,0,0,407,15037,1076,9003,407,24040,California
Napa,2021-02-12,2165,35155,842,13996,1323,21159,0,0,725,14326,1436,10439,725,24765,California
Napa,2021-02-13,501,35656,53,14049,448,21607,0,0,315,14455,186,10625,315,25080,California
Napa,2021-02-14,357,36013,89,14138,268,21875,0,0,195,14488,162,10787,195,25275,California
Napa,2021-02-15,877,36890,183,14321,694,22569,0,0,222,14057,653,11440,222,25497,California
Napa,2021-02-16,1288,38178,597,14918,691,23260,0,0,612,13995,674,12114,612,26109,California
Napa,2021-02-17,1051,39229,534,15452,517,23777,0,0,482,13910,567,12681,482,26591,California
Napa,2021-02-18,1902,41131,486,15938,1416,25193,0,0,659,13329,1240,13921,659,27250,California
Napa,2021-02-19,1482,42613,587,16525,895,26088,0,0,676,13200,805,14726,676,27926,California
Napa,2021-02-20,823,43436,597,17122,226,26314,0,0,274,12925,549,15275,274,28200,California
Napa,2021-02-21,816,44252,753,17875,63,26377,0,0,213,12535,603,15878,213,28413,California
Napa,2021-02-22,446,44698,189,18064,257,26634,0,0,140,12369,306,16184,140,28553,California
Napa,2021-02-23,1129,45827,305,18369,824,27458,0,0,313,11866,816,17000,313,28866,California
Napa,2021-02-24,1163,46990,644,19013,519,27977,0,0,577,11859,584,17584,577,29443,California
Napa,2021-02-25,2558,49548,1224,20237,1334,29311,0,0,1847,12996,710,18294,1847,31290,California
Napa,2021-02-26,1509,51057,531,20768,978,30289,0,0,597,12683,910,19204,597,31887,California
Napa,2021-02-27,1128,52185,386,21154,742,31031,0,0,876,13309,250,19454,876,32763,California
Napa,2021-02-28,562,52747,461,21615,101,31132,0,0,462,13673,98,19552,462,33225,California
Napa,2021-03-01,1105,53852,819,22434,286,31418,0,0,833,14236,270,19822,833,34058,California
Napa,2021-03-02,1507,55359,1046,23480,461,31879,0,0,1165,15060,341,20163,1165,35223,California
Napa,2021-03-03,1564,56923,696,24176,868,32747,0,0,1377,16251,186,20349,1377,36600,California
Napa,2021-03-04,1714,58637,789,24965,925,33672,0,0,1476,17492,235,20584,1476,38076,California
Napa,2021-03-05,1899,60536,792,25757,1103,34775,4,4,1479,18557,418,21002,1483,39559,California
Napa,2021-03-06,653,61189,286,26043,336,35111,31,35,541,19019,110,21112,572,40131,California
Napa,2021-03-07,524,61713,321,26364,188,35299,15,50,375,19260,149,21261,390,40521,California
Napa,2021-03-08,713,62426,335,26699,325,35624,53,103,536,19674,175,21436,589,41110,California
Napa,2021-03-09,1685,64111,605,27304,1034,36658,46,149,1251,20540,431,21867,1297,42407,California
Napa,2021-03-10,1495,65606,925,28229,477,37135,93,242,794,20729,697,22564,886,43293,California
Napa,2021-03-11,1878,67484,1060,29289,688,37823,130,372,985,20951,893,23457,1115,44408,California
Napa,2021-03-12,1508,68992,914,30203,498,38321,96,468,802,21144,704,24161,897,45305,California
Napa,2021-03-13,1166,70158,301,30504,840,39161,25,493,827,21659,337,24498,852,46157,California
Napa,2021-03-14,612,70770,330,30834,134,39295,148,641,214,21623,397,24895,361,46518,California
Napa,2021-03-15,950,71720,409,31243,472,39767,69,710,479,21702,469,25364,548,47066,California
Napa,2021-03-16,1841,73561,389,31632,1326,41093,126,836,1375,22742,462,25826,1502,48568,California
Napa,2021-03-17,2504,76065,1851,33483,474,41567,179,1015,1590,23598,913,26739,1769,50337,California
Napa,2021-03-18,2124,78189,933,34416,1181,42748,10,1025,1296,24079,825,27564,1306,51643,California
Napa,2021-03-19,1447,79636,876,35292,543,43291,28,1053,712,24087,732,28296,740,52383,California
Napa,2021-03-20,1008,80644,529,35821,326,43617,153,1206,427,24087,580,28876,580,52963,California
Napa,2021-03-21,702,81346,680,36501,20,43637,2,1208,349,24086,352,29228,351,53314,California
Napa,2021-03-22,1295,82641,1119,37620,165,43802,11,1219,492,23791,798,30026,503,53817,California
Napa,2021-03-23,1869,84510,1177,38797,675,44477,17,1236,1003,23949,862,30888,1020,54837,California
Napa,2021-03-24,1707,86217,945,39742,754,45231,8,1244,815,23881,891,31779,823,55660,California
Napa,2021-03-25,1917,88134,1052,40794,811,46042,54,1298,764,23552,1147,32926,818,56478,California
Napa,2021-03-26,1300,89434,831,41625,463,46505,6,1304,588,23439,707,33633,594,57072,California
Napa,2021-03-27,952,90386,432,42057,493,46998,27,1331,312,23138,640,34273,339,57411,California
Napa,2021-03-28,484,90870,374,42431,103,47101,7,1338,181,23024,302,34575,188,57599,California
Napa,2021-03-29,1195,92065,871,43302,319,47420,5,1343,729,23293,465,35040,734,58333,California
Napa,2021-03-30,2558,94623,932,44234,1622,49042,4,1347,1745,24230,813,35853,1750,60083,California
Napa,2021-03-31,1967,96590,959,45193,939,49981,69,1416,797,23927,1167,37020,864,60947,California
Napa,2021-04-01,1743,98333,840,46033,786,50767,117,1533,477,23262,1260,38280,595,61542,California
Napa,2021-04-02,1851,100184,826,46859,884,51651,141,1674,470,22502,1378,39658,618,62160,California
Napa,2021-04-03,629,100813,364,47223,206,51857,59,1733,213,22357,416,40074,271,62431,California
Napa,2021-04-04,355,101168,144,47367,153,52010,58,1791,125,22311,229,40303,183,62614,California
Napa,2021-04-05,1268,102436,756,48123,293,52303,219,2010,574,22411,693,40996,793,63407,California
Napa,2021-04-06,2234,104670,560,48683,1420,53723,254,2264,513,21461,1718,42714,768,64175,California
Napa,2021-04-07,1728,106398,704,49387,803,54526,221,2485,519,20997,1204,43918,740,64915,California
Napa,2021-04-08,1849,108247,1058,50445,420,54946,371,2856,957,21436,888,44806,1327,66242,California
Napa,2021-04-09,1531,109778,919,51364,310,55256,302,3158,676,21560,853,45659,977,67219,California
Napa,2021-04-10,1031,110809,346,51710,584,55840,101,3259,238,21106,792,46451,338,67557,California
Napa,2021-04-11,384,111193,299,52009,62,55902,23,3282,155,21055,229,46680,178,67735,California
Napa,2021-04-12,784,111977,302,52311,358,56260,124,3406,290,20973,493,47173,411,68146,California
Napa,2021-04-13,2537,114514,845,53156,1692,57952,0,3406,928,20297,1604,48777,928,69074,California
Napa,2021-04-14,2070,116584,981,54137,1089,59041,0,3406,1008,20252,1053,49830,1008,70082,California
Napa,2021-04-15,2057,118641,529,54666,1528,60569,0,3406,879,19959,1172,51002,879,70961,California
Napa,2021-04-16,2895,121536,1571,56237,1324,61893,0,3406,2183,21432,710,51712,2183,73144,California
Napa,2021-04-17,1127,122663,265,56502,862,62755,0,3406,828,21963,297,52009,828,73972,California
Napa,2021-04-18,264,122927,172,56674,92,62847,0,3406,118,21935,146,52155,118,74090,California
Napa,2021-04-19,610,123537,339,57013,271,63118,0,3406,267,21860,342,52497,267,74357,California
Napa,2021-04-20,3029,126566,2055,59068,974,64092,0,3406,2077,22987,951,53448,2078,76435,California
Napa,2021-04-21,2916,129482,2153,61221,763,64855,0,3406,1858,23793,1053,54501,1859,78294,California
Napa,2021-04-22,1631,131113,1130,62351,501,65356,0,3406,832,23831,794,55295,832,79126,California
Napa,2021-04-23,1624,132737,1246,63597,376,65732,2,3408,1152,24515,468,55763,1152,80278,California
Napa,2021-04-24,557,133294,316,63913,241,65973,0,3408,284,24529,270,56033,284,80562,California
Napa,2021-04-25,250,133544,192,64105,58,66031,0,3408,130,24540,119,56152,130,80692,California
Napa,2021-04-26,509,134053,264,64369,245,66276,0,3408,264,24563,241,56393,264,80956,California
Napa,2021-04-27,1678,135731,438,64807,1229,67505,11,3419,697,24293,978,57371,708,81664,California
Napa,2021-04-28,973,136704,428,65235,528,68033,17,3436,320,23978,652,58023,337,82001,California
Napa,2021-04-29,647,137351,325,65560,303,68336,19,3455,202,23758,440,58463,220,82221,California
Napa,2021-04-30,604,137955,304,65864,236,68572,64,3519,249,23716,354,58817,312,82533,California
Napa,2021-05-01,324,138279,267,66131,46,68618,11,3530,119,23641,205,59022,130,82663,California
Napa,2021-05-02,237,138516,193,66324,38,68656,6,3536,99,23609,137,59159,105,82768,California
Napa,2021-05-03,623,139139,497,66821,91,68747,35,3571,102,23230,517,59676,138,82906,California
Napa,2021-05-04,1125,140264,717,67538,299,69046,109,3680,297,22812,824,60500,406,83312,California
Napa,2021-05-05,1019,141283,687,68225,296,69342,36,3716,256,22344,760,61260,292,83604,California
Napa,2021-05-06,712,141995,315,68540,374,69716,23,3739,368,22399,336,61596,391,83995,California
Napa,2021-05-07,559,142554,357,68897,158,69874,44,3783,174,22234,382,61978,217,84212,California
Napa,2021-05-08,250,142804,159,69056,80,69954,11,3794,89,22174,160,62138,100,84312,California
Napa,2021-05-09,108,142912,77,69133,31,69985,0,3794,50,22166,58,62196,50,84362,California
Napa,2021-05-10,411,143323,137,69270,255,70240,19,3813,105,21985,305,62501,124,84486,California
Napa,2021-05-11,2147,145470,1768,71038,354,70594,25,3838,370,20609,1771,64272,395,84881,California
Napa,2021-05-12,2159,147629,1352,72390,753,71347,54,3892,312,19132,1843,66115,366,85247,California
Napa,2021-05-13,1820,149449,1137,73527,647,71994,36,3928,765,18885,1048,67163,801,86048,California
Napa,2021-05-14,1861,151310,1095,74622,686,72680,80,4008,509,18128,1347,68510,590,86638,California
Napa,2021-05-15,1051,152361,346,74968,695,73375,10,4018,267,17623,782,69292,277,86915,California
Napa,2021-05-16,242,152603,160,75128,80,73455,2,4020,68,17519,174,69466,70,86985,California
Napa,2021-05-17,822,153425,334,75462,458,73913,30,4050,321,17427,443,69909,351,87336,California
Napa,2021-05-18,891,154316,430,75892,411,74324,50,4100,418,17428,467,70376,468,87804,California
Napa,2021-05-19,566,154882,286,76178,256,74580,24,4124,302,17490,263,70639,325,88129,California
Nevada,2020-12-16,3,3,3,3,0,0,0,0,3,3,0,0,3,3,California
Nevada,2020-12-17,6,9,6,9,0,0,0,0,6,9,0,0,6,9,California
Nevada,2020-12-18,52,61,52,61,0,0,0,0,52,61,0,0,52,61,California
Nevada,2020-12-19,55,116,55,116,0,0,0,0,55,116,0,0,55,116,California
Nevada,2020-12-20,12,128,12,128,0,0,0,0,12,128,0,0,12,128,California
Nevada,2020-12-21,69,197,69,197,0,0,0,0,69,197,0,0,69,197,California
Nevada,2020-12-22,91,288,89,286,2,2,0,0,91,288,0,0,91,288,California
Nevada,2020-12-23,233,521,202,488,31,33,0,0,233,521,0,0,233,521,California
Nevada,2020-12-24,13,534,11,499,2,35,0,0,13,534,0,0,13,534,California
Nevada,2020-12-25,3,537,3,502,0,35,0,0,3,537,0,0,3,537,California
Nevada,2020-12-26,6,543,4,506,2,37,0,0,6,543,0,0,6,543,California
Nevada,2020-12-27,88,631,88,594,0,37,0,0,88,631,0,0,88,631,California
Nevada,2020-12-28,170,801,93,687,77,114,0,0,170,801,0,0,170,801,California
Nevada,2020-12-29,99,900,73,760,26,140,0,0,99,900,0,0,99,900,California
Nevada,2020-12-30,86,986,66,826,20,160,0,0,86,986,0,0,86,986,California
Nevada,2020-12-31,39,1025,9,835,30,190,0,0,39,1025,0,0,39,1025,California
Nevada,2021-01-01,2,1027,0,835,2,192,0,0,2,1027,0,0,2,1027,California
Nevada,2021-01-02,1,1028,1,836,0,192,0,0,1,1028,0,0,1,1028,California
Nevada,2021-01-03,129,1157,126,962,3,195,0,0,129,1157,0,0,129,1157,California
Nevada,2021-01-04,71,1228,47,1009,24,219,0,0,71,1228,0,0,71,1228,California
Nevada,2021-01-05,273,1501,132,1141,141,360,0,0,272,1499,1,1,272,1500,California
Nevada,2021-01-06,91,1592,43,1184,48,408,0,0,83,1574,8,9,83,1583,California
Nevada,2021-01-07,215,1807,43,1227,172,580,0,0,208,1777,6,15,209,1792,California
Nevada,2021-01-08,221,2028,129,1356,92,672,0,0,168,1893,53,68,169,1961,California
Nevada,2021-01-09,64,2092,56,1412,8,680,0,0,16,1861,48,116,16,1977,California
Nevada,2021-01-10,18,2110,9,1421,9,689,0,0,10,1863,8,124,10,1987,California
Nevada,2021-01-11,185,2295,131,1552,54,743,0,0,57,1792,128,252,57,2044,California
Nevada,2021-01-12,597,2892,451,2003,146,889,0,0,531,2257,66,318,531,2575,California
Nevada,2021-01-13,260,3152,147,2150,113,1002,0,0,125,2247,135,453,125,2700,California
Nevada,2021-01-14,238,3390,127,2277,111,1113,0,0,220,2450,17,470,220,2920,California
Nevada,2021-01-15,395,3785,170,2447,225,1338,0,0,297,2649,98,568,297,3217,California
Nevada,2021-01-16,296,4081,15,2462,281,1619,0,0,292,2937,4,572,292,3509,California
Nevada,2021-01-17,35,4116,31,2493,4,1623,0,0,33,2968,2,574,33,3542,California
Nevada,2021-01-18,155,4271,45,2538,110,1733,0,0,143,3099,12,586,143,3685,California
Nevada,2021-01-19,244,4515,85,2623,159,1892,0,0,225,3305,19,605,225,3910,California
Nevada,2021-01-20,266,4781,161,2784,105,1997,0,0,253,3545,13,618,253,4163,California
Nevada,2021-01-21,338,5119,207,2991,131,2128,0,0,325,3857,13,631,325,4488,California
Nevada,2021-01-22,363,5482,226,3217,137,2265,0,0,333,4160,30,661,333,4821,California
Nevada,2021-01-23,179,5661,105,3322,74,2339,0,0,179,4339,0,661,179,5000,California
Nevada,2021-01-24,105,5766,98,3420,7,2346,0,0,66,4366,39,700,66,5066,California
Nevada,2021-01-25,267,6033,137,3557,130,2476,0,0,206,4511,61,761,206,5272,California
Nevada,2021-01-26,402,6435,141,3698,261,2737,0,0,298,4705,104,865,298,5570,California
Nevada,2021-01-27,419,6854,248,3946,171,2908,0,0,395,5076,24,889,395,5965,California
Nevada,2021-01-28,471,7325,320,4266,151,3059,0,0,427,5460,43,932,427,6392,California
Nevada,2021-01-29,604,7929,393,4659,211,3270,0,0,577,6012,26,958,578,6970,California
Nevada,2021-01-30,232,8161,105,4764,127,3397,0,0,229,6238,3,961,229,7199,California
Nevada,2021-01-31,103,8264,86,4850,17,3414,0,0,101,6339,1,962,102,7301,California
Nevada,2021-02-01,291,8555,71,4921,220,3634,0,0,277,6602,14,976,277,7578,California
Nevada,2021-02-02,521,9076,184,5105,337,3971,0,0,322,6725,199,1175,322,7900,California
Nevada,2021-02-03,812,9888,572,5677,240,4211,0,0,758,7430,53,1228,758,8658,California
Nevada,2021-02-04,738,10626,391,6068,347,4558,0,0,488,7669,249,1477,488,9146,California
Nevada,2021-02-05,644,11270,367,6435,277,4835,0,0,455,7937,187,1664,455,9601,California
Nevada,2021-02-06,269,11539,83,6518,186,5021,0,0,242,8152,27,1691,242,9843,California
Nevada,2021-02-07,245,11784,192,6710,53,5074,0,0,190,8287,55,1746,190,10033,California
Nevada,2021-02-08,651,12435,407,7117,244,5318,0,0,551,8738,100,1846,551,10584,California
Nevada,2021-02-09,602,13037,337,7454,265,5583,0,0,463,9062,139,1985,463,11047,California
Nevada,2021-02-10,648,13685,323,7777,325,5908,0,0,417,9249,231,2216,418,11465,California
Nevada,2021-02-11,871,14556,505,8282,366,6274,0,0,542,9463,328,2544,542,12007,California
Nevada,2021-02-12,940,15496,437,8719,503,6777,0,0,619,9764,318,2862,619,12626,California
Nevada,2021-02-13,600,16096,236,8955,364,7141,0,0,387,9944,208,3070,388,13014,California
Nevada,2021-02-14,229,16325,119,9074,110,7251,0,0,201,10117,28,3098,201,13215,California
Nevada,2021-02-15,710,17035,438,9512,272,7523,0,0,536,10479,174,3272,536,13751,California
Nevada,2021-02-16,624,17659,199,9711,425,7948,0,0,454,10764,169,3441,454,14205,California
Nevada,2021-02-17,1188,18847,766,10477,422,8370,0,0,858,11292,330,3771,858,15063,California
Nevada,2021-02-18,1009,19856,550,11027,459,8829,0,0,601,11487,406,4177,601,15664,California
Nevada,2021-02-19,1015,20871,630,11657,385,9214,0,0,653,11780,361,4538,654,16318,California
Nevada,2021-02-20,298,21169,106,11763,192,9406,0,0,173,11829,124,4662,173,16491,California
Nevada,2021-02-21,91,21260,86,11849,5,9411,0,0,8,11755,82,4744,8,16499,California
Nevada,2021-02-22,498,21758,331,12180,167,9578,0,0,350,11958,147,4891,350,16849,California
Nevada,2021-02-23,484,22242,235,12415,249,9827,0,0,221,11919,260,5151,221,17070,California
Nevada,2021-02-24,480,22722,242,12657,238,10065,0,0,255,11951,225,5376,257,17327,California
Nevada,2021-02-25,861,23583,467,13124,394,10459,0,0,432,11956,427,5803,432,17759,California
Nevada,2021-02-26,1238,24821,882,14006,356,10815,0,0,409,11539,826,6629,409,18168,California
Nevada,2021-02-27,356,25177,112,14118,244,11059,0,0,186,11555,170,6799,186,18354,California
Nevada,2021-02-28,269,25446,156,14274,113,11172,0,0,124,11535,144,6943,124,18478,California
Nevada,2021-03-01,830,26276,433,14707,397,11569,0,0,364,11435,464,7407,364,18842,California
Nevada,2021-03-02,738,27014,292,14999,446,12015,0,0,510,11721,224,7631,510,19352,California
Nevada,2021-03-03,980,27994,505,15504,474,12489,1,1,509,11761,470,8101,510,19862,California
Nevada,2021-03-04,1105,29099,617,16121,488,12977,0,1,467,11593,635,8736,467,20329,California
Nevada,2021-03-05,832,29931,471,16592,351,13328,10,11,374,11521,456,9192,384,20713,California
Nevada,2021-03-06,360,30291,122,16714,211,13539,27,38,145,11478,215,9407,172,20885,California
Nevada,2021-03-07,211,30502,109,16823,83,13622,19,57,70,11426,141,9548,89,20974,California
Nevada,2021-03-08,824,31326,555,17378,224,13846,45,102,376,11401,447,9995,422,21396,California
Nevada,2021-03-09,790,32116,402,17780,338,14184,50,152,464,11590,324,10319,513,21909,California
Nevada,2021-03-10,1004,33120,648,18428,300,14484,56,208,340,11326,659,10978,395,22304,California
Nevada,2021-03-11,1105,34225,725,19153,355,14839,25,233,549,11352,548,11526,574,22878,California
Nevada,2021-03-12,1195,35420,723,19876,442,15281,30,263,508,11204,685,12211,537,23415,California
Nevada,2021-03-13,272,35692,53,19929,214,15495,5,268,101,11139,170,12381,105,23520,California
Nevada,2021-03-14,155,35847,21,19950,128,15623,6,274,33,11056,122,12503,39,23559,California
Nevada,2021-03-15,843,36690,457,20407,374,15997,12,286,356,10940,484,12987,368,23927,California
Nevada,2021-03-16,995,37685,466,20873,467,16464,62,348,637,11282,356,13343,698,24625,California
Nevada,2021-03-17,1017,38702,451,21324,556,17020,10,358,580,11438,434,13777,590,25215,California
Nevada,2021-03-18,974,39676,529,21853,422,17442,23,381,476,11443,494,14271,499,25714,California
Nevada,2021-03-19,759,40435,439,22292,283,17725,37,418,353,11431,402,14673,390,26104,California
Nevada,2021-03-20,820,41255,92,22384,304,18029,424,842,231,11499,583,15256,651,26755,California
Nevada,2021-03-21,58,41313,32,22416,25,18054,1,843,40,11523,17,15273,41,26796,California
Nevada,2021-03-22,797,42110,516,22932,276,18330,5,848,531,11795,264,15537,536,27332,California
Nevada,2021-03-23,851,42961,382,23314,443,18773,26,874,611,12195,237,15774,637,27969,California
Nevada,2021-03-24,1021,43982,542,23856,472,19245,7,881,637,12460,378,16152,643,28612,California
Nevada,2021-03-25,901,44883,453,24309,423,19668,25,906,493,12570,407,16559,517,29129,California
Nevada,2021-03-26,1139,46022,433,24742,668,20336,38,944,817,13105,319,16878,854,29983,California
Nevada,2021-03-27,568,46590,71,24813,481,20817,16,960,386,13325,182,17060,402,30385,California
Nevada,2021-03-28,175,46765,50,24863,112,20929,13,973,38,13242,134,17194,51,30436,California
Nevada,2021-03-29,822,47587,502,25365,298,21227,22,995,377,13198,442,17636,398,30834,California
Nevada,2021-03-30,1042,48629,475,25840,533,21760,34,1029,482,13162,552,18188,516,31350,California
Nevada,2021-03-31,1176,49805,660,26500,499,22259,17,1046,674,13361,493,18681,692,32042,California
Nevada,2021-04-01,1236,51041,720,27220,463,22722,53,1099,546,13279,681,19362,599,32641,California
Nevada,2021-04-02,1286,52327,658,27878,592,23314,36,1135,761,13556,521,19883,798,33439,California
Nevada,2021-04-03,288,52615,89,27967,161,23475,38,1173,83,13473,204,20087,121,33560,California
Nevada,2021-04-04,128,52743,42,28009,79,23554,7,1180,77,13506,51,20138,84,33644,California
Nevada,2021-04-05,930,53673,611,28620,300,23854,19,1199,618,13834,309,20447,637,34281,California
Nevada,2021-04-06,1072,54745,663,29283,265,24119,144,1343,436,13784,629,21076,579,34860,California
Nevada,2021-04-07,1145,55890,817,30100,246,24365,82,1425,607,13941,531,21607,688,35548,California
Nevada,2021-04-08,1278,57168,889,30989,306,24671,83,1508,704,14157,571,22178,787,36335,California
Nevada,2021-04-09,1244,58412,847,31836,328,24999,69,1577,843,14670,399,22577,912,37247,California
Nevada,2021-04-10,262,58674,76,31912,110,25109,76,1653,107,14699,154,22731,183,37430,California
Nevada,2021-04-11,100,58774,31,31943,65,25174,4,1657,39,14681,61,22792,43,37473,California
Nevada,2021-04-12,742,59516,539,32482,186,25360,17,1674,315,14590,423,23215,332,37805,California
Nevada,2021-04-13,882,60398,350,32832,532,25892,0,1674,474,14658,406,23621,474,38279,California
Nevada,2021-04-14,1049,61447,566,33398,483,26375,0,1674,537,14691,504,24125,537,38816,California
Nevada,2021-04-15,1073,62520,706,34104,367,26742,0,1674,623,14874,440,24565,623,39439,California
Nevada,2021-04-16,892,63412,691,34795,201,26943,0,1674,521,15025,370,24935,521,39960,California
Nevada,2021-04-17,196,63608,50,34845,146,27089,0,1674,85,15000,110,25045,85,40045,California
Nevada,2021-04-18,185,63793,21,34866,164,27253,0,1674,103,15021,82,25127,103,40148,California
Nevada,2021-04-19,748,64541,480,35346,268,27521,0,1674,304,14889,436,25563,304,40452,California
Nevada,2021-04-20,798,65339,308,35654,490,28011,0,1674,300,14696,493,26056,300,40752,California
Nevada,2021-04-21,900,66239,493,36147,407,28418,0,1674,268,14341,623,26679,268,41020,California
Nevada,2021-04-22,994,67233,621,36768,373,28791,0,1674,339,14037,643,27322,339,41359,California
Nevada,2021-04-23,1218,68451,539,37307,679,29470,0,1674,394,13618,813,28135,394,41753,California
Nevada,2021-04-24,521,68972,73,37380,448,29918,0,1674,170,13439,349,28484,170,41923,California
Nevada,2021-04-25,117,69089,61,37441,51,29969,5,1679,52,13432,64,28548,57,41980,California
Nevada,2021-04-26,704,69793,527,37968,169,30138,8,1687,198,13142,496,29044,206,42186,California
Nevada,2021-04-27,774,70567,348,38316,421,30559,5,1692,403,13187,363,29407,408,42594,California
Nevada,2021-04-28,984,71551,580,38896,399,30958,5,1697,387,12987,592,29999,392,42986,California
Nevada,2021-04-29,1012,72563,709,39605,299,31257,4,1701,277,12536,732,30731,281,43267,California
Nevada,2021-04-30,1222,73785,723,40328,490,31747,9,1710,200,11725,1020,31751,209,43476,California
Nevada,2021-05-01,142,73927,64,40392,74,31821,4,1714,63,11715,77,31828,67,43543,California
Nevada,2021-05-02,53,73980,29,40421,20,31841,4,1718,19,11704,34,31862,23,43566,California
Nevada,2021-05-03,607,74587,404,40825,183,32024,20,1738,178,11476,425,32287,197,43763,California
Nevada,2021-05-04,584,75171,169,40994,397,32421,18,1756,331,11576,249,32536,349,44112,California
Nevada,2021-05-05,732,75903,381,41375,337,32758,14,1770,321,11508,403,32939,335,44447,California
Nevada,2021-05-06,799,76702,561,41936,227,32985,11,1781,196,11120,595,33534,207,44654,California
Nevada,2021-05-07,879,77581,487,42423,357,33342,35,1816,193,10665,683,34217,228,44882,California
Nevada,2021-05-08,173,77754,20,42443,133,33475,20,1836,82,10677,90,34307,102,44984,California
Nevada,2021-05-09,42,77796,8,42451,32,33507,2,1838,19,10675,23,34330,21,45005,California
Nevada,2021-05-10,386,78182,245,42696,117,33624,24,1862,74,10461,312,34642,98,45103,California
Nevada,2021-05-11,510,78692,150,42846,347,33971,13,1875,127,10226,375,35017,140,45243,California
Nevada,2021-05-12,538,79230,227,43073,299,34270,12,1887,151,10011,378,35395,163,45406,California
Nevada,2021-05-13,792,80022,529,43602,257,34527,6,1893,409,10052,374,35769,415,45821,California
Nevada,2021-05-14,753,80775,569,44171,169,34696,15,1908,418,10153,332,36101,433,46254,California
Nevada,2021-05-15,189,80964,90,44261,93,34789,6,1914,89,10149,99,36200,95,46349,California
Nevada,2021-05-16,151,81115,49,44310,102,34891,0,1914,51,10100,100,36300,51,46400,California
Nevada,2021-05-17,483,81598,306,44616,149,35040,28,1942,217,10088,257,36557,245,46645,California
Nevada,2021-05-18,342,81940,226,44842,113,35153,3,1945,184,10117,158,36715,187,46832,California
Nevada,2021-05-19,362,82302,285,45127,76,35229,1,1946,190,10145,163,36878,191,47023,California
Orange,2020-12-15,16,16,16,16,0,0,0,0,16,16,0,0,16,16,California
Orange,2020-12-16,368,384,368,384,0,0,0,0,368,384,0,0,368,384,California
Orange,2020-12-17,3729,4113,3729,4113,0,0,0,0,3728,4112,0,0,3728,4112,California
Orange,2020-12-18,5062,9175,5054,9167,8,8,0,0,5061,9173,0,0,5061,9173,California
Orange,2020-12-19,2234,11409,2227,11394,7,15,0,0,2233,11406,0,0,2233,11406,California
Orange,2020-12-20,1989,13398,1986,13380,3,18,0,0,1990,13396,0,0,1990,13396,California
Orange,2020-12-21,4254,17652,4248,17628,6,24,0,0,4254,17650,0,0,4254,17650,California
Orange,2020-12-22,3984,21636,3949,21577,35,59,0,0,3984,21634,0,0,3984,21634,California
Orange,2020-12-23,3566,25202,3203,24780,363,422,0,0,3568,25202,0,0,3568,25202,California
Orange,2020-12-24,1381,26583,1079,25859,302,724,0,0,1381,26583,0,0,1381,26583,California
Orange,2020-12-25,17,26600,12,25871,5,729,0,0,17,26600,0,0,17,26600,California
Orange,2020-12-26,1024,27624,423,26294,601,1330,0,0,1024,27624,0,0,1024,27624,California
Orange,2020-12-27,582,28206,275,26569,307,1637,0,0,582,28206,0,0,582,28206,California
Orange,2020-12-28,3544,31750,2569,29138,975,2612,0,0,3544,31750,0,0,3544,31750,California
Orange,2020-12-29,3576,35326,2564,31702,1012,3624,0,0,3575,35324,1,1,3575,35325,California
Orange,2020-12-30,5132,40458,3556,35258,1576,5200,0,0,5132,40456,0,1,5132,40457,California
Orange,2020-12-31,1501,41959,803,36061,698,5898,0,0,1501,41957,0,1,1501,41958,California
Orange,2021-01-01,556,42515,303,36364,253,6151,0,0,555,42511,1,2,555,42513,California
Orange,2021-01-02,1417,43932,904,37268,513,6664,0,0,1417,43928,0,2,1417,43930,California
Orange,2021-01-03,586,44518,325,37593,261,6925,0,0,586,44514,0,2,586,44516,California
Orange,2021-01-04,2748,47266,1561,39154,1187,8112,0,0,2749,47262,1,3,2749,47265,California
Orange,2021-01-05,3527,50793,2297,41451,1230,9342,0,0,3119,49980,404,407,3122,50387,California
Orange,2021-01-06,5015,55808,3468,44919,1547,10889,0,0,3647,52271,1356,1763,3647,54034,California
Orange,2021-01-07,9280,65088,5174,50093,4106,14995,0,0,5705,54418,3562,5325,5709,59743,California
Orange,2021-01-08,9431,74519,5273,55366,4158,19153,0,0,5665,56330,3756,9081,5668,65411,California
Orange,2021-01-09,5014,79533,1744,57110,3270,22423,0,0,3732,58780,1282,10363,3732,69143,California
Orange,2021-01-10,4241,83774,1043,58153,3198,25621,0,0,3361,61266,879,11242,3365,72508,California
Orange,2021-01-11,9451,93225,4911,63064,4540,30161,0,0,5825,63463,3629,14871,5826,78334,California
Orange,2021-01-12,8833,102058,4734,67798,4099,34260,0,0,5366,65365,3465,18336,5367,83701,California
Orange,2021-01-13,10273,112331,4929,72727,5344,39604,0,0,7066,69235,3203,21539,7073,90774,California
Orange,2021-01-14,9981,122312,3782,76509,6199,45803,0,0,8390,76042,1589,23128,8396,99170,California
Orange,2021-01-15,10187,132499,2634,79143,7553,53356,0,0,9307,84467,888,24016,9313,108483,California
Orange,2021-01-16,8713,141212,2096,81239,6617,59973,0,0,8316,92392,396,24412,8321,116804,California
Orange,2021-01-17,8162,149374,1485,82724,6677,66650,0,0,8015,100270,147,24559,8025,124829,California
Orange,2021-01-18,9771,159145,4473,87197,5298,71948,0,0,7517,105533,2257,26816,7520,132349,California
Orange,2021-01-19,7502,166647,5420,92617,2082,74030,0,0,4870,107772,2632,29448,4871,137220,California
Orange,2021-01-20,8412,175059,5943,98560,2469,76499,0,0,5344,110054,3069,32517,5351,142571,California
Orange,2021-01-21,11020,186079,4908,103468,6112,82611,0,0,10207,119460,812,33329,10218,152789,California
Orange,2021-01-22,13682,199761,5155,108623,8527,91138,0,0,12825,131443,850,34179,12833,165622,California
Orange,2021-01-23,13147,212908,6191,114814,6956,98094,0,0,12160,142627,985,35164,12169,177791,California
Orange,2021-01-24,9825,222733,4295,119109,5530,103624,0,0,9494,151796,328,35492,9497,187288,California
Orange,2021-01-25,10471,233204,5882,124991,4589,108213,0,0,7734,156804,2731,38223,7739,195027,California
Orange,2021-01-26,11913,245117,7726,132717,4187,112400,0,0,9742,164382,2167,40390,9745,204772,California
Orange,2021-01-27,13447,258564,8015,140732,5432,117832,0,0,10738,172427,2698,43088,10743,215515,California
Orange,2021-01-28,13065,271629,7229,147961,5836,123668,0,0,11178,181741,1872,44960,11186,226701,California
Orange,2021-01-29,13656,285285,8462,156423,5194,128862,0,0,10756,189616,2885,47845,10760,237461,California
Orange,2021-01-30,12942,298227,4449,160872,8493,137355,0,0,12191,201074,736,48581,12194,249655,California
Orange,2021-01-31,13726,311953,4947,165819,8779,146134,0,0,13260,213881,460,49041,13267,262922,California
Orange,2021-02-01,14197,326150,5897,171716,8300,154434,0,0,12098,223908,2077,51118,12104,275026,California
Orange,2021-02-02,15451,341601,8386,180102,7065,161499,0,0,12688,233944,2655,53773,12691,287717,California
Orange,2021-02-03,16781,358382,12596,192698,4185,165684,0,0,13742,244731,2961,56734,13748,301465,California
Orange,2021-02-04,19892,378274,13006,205704,6886,172570,0,0,14794,254466,5067,61801,14802,316267,California
Orange,2021-02-05,20792,399066,12038,217742,8754,181324,0,0,14479,262679,6271,68072,14484,330751,California
Orange,2021-02-06,16351,415417,10804,228546,5547,186871,0,0,11086,268733,5250,73322,11304,342055,California
Orange,2021-02-07,11537,426954,8111,236657,3426,190297,0,0,7557,272495,3964,77286,7726,349781,California
Orange,2021-02-08,14993,441947,8619,245276,6374,196671,0,0,8963,275459,6000,83286,8964,358745,California
Orange,2021-02-09,17690,459637,12045,257321,5645,202316,0,0,10706,279261,6909,90195,10711,369456,California
Orange,2021-02-10,20949,480586,11216,268537,9733,212049,0,0,12687,283792,8165,98360,12696,382152,California
Orange,2021-02-11,22161,502747,11538,280075,10623,222672,0,0,12416,286613,9613,107973,12434,394586,California
Orange,2021-02-12,24818,527565,11928,292003,12890,235562,0,0,14636,291136,10119,118092,14642,409228,California
Orange,2021-02-13,22038,549603,11931,303934,10107,245669,0,0,11159,292262,10675,128767,11801,421029,California
Orange,2021-02-14,16209,565812,6580,310514,9629,255298,0,0,9555,295190,6628,135395,9556,430585,California
Orange,2021-02-15,17260,583072,7404,317918,9856,265154,0,0,8895,295772,8322,143717,8904,439489,California
Orange,2021-02-16,19969,603041,9000,326918,10969,276123,0,0,10737,297350,9183,152900,10761,450250,California
Orange,2021-02-17,17937,620978,9355,336273,8582,284705,0,0,9210,297914,8678,161578,9242,459492,California
Orange,2021-02-18,15058,636036,9890,346163,5168,289873,0,0,6789,296499,8213,169791,6798,466290,California
Orange,2021-02-19,18218,654254,10907,357070,7311,297184,0,0,6947,292239,11219,181010,6959,473249,California
Orange,2021-02-20,7538,661792,5626,362696,1912,299096,0,0,3785,292303,3731,184741,3795,477044,California
Orange,2021-02-21,4573,666365,3885,366581,688,299784,0,0,937,289643,3597,188338,937,477981,California
Orange,2021-02-22,9683,676048,7900,374481,1783,301567,0,0,3908,287823,5743,194081,3923,481904,California
Orange,2021-02-23,13330,689378,7303,381784,6027,307594,0,0,3520,281607,9747,203828,3531,485435,California
Orange,2021-02-24,21215,710593,12877,394661,8338,315932,0,0,5403,271296,15732,219560,5421,490856,California
Orange,2021-02-25,22723,733316,12325,406986,10398,326330,0,0,8011,264689,14634,234194,8027,498883,California
Orange,2021-02-26,27868,761184,14116,421102,13752,340082,0,0,11252,259491,16475,250669,11277,510160,California
Orange,2021-02-27,25109,786293,10194,431296,14913,354995,2,2,7328,249164,17672,268341,7345,517505,California
Orange,2021-02-28,19121,805414,7428,438724,11693,366688,0,2,4833,239848,14166,282507,4850,522355,California
Orange,2021-03-01,18548,823962,8482,447206,10058,376746,8,10,7188,235785,11272,293779,7209,529564,California
Orange,2021-03-02,19263,843225,9289,456495,9971,386717,3,13,9444,235494,9766,303545,9475,539039,California
Orange,2021-03-03,20638,863863,9742,466237,10892,397609,4,17,11080,237124,9476,313021,11106,550145,California
Orange,2021-03-04,22468,886331,12966,479203,9488,407097,14,31,11621,237979,10808,323829,11663,561808,California
Orange,2021-03-05,21069,907400,10996,490199,10027,417124,46,77,12948,242957,8076,331905,13054,574862,California
Orange,2021-03-06,24125,931525,13284,503483,9977,427101,864,941,12755,245271,11328,343233,13642,588504,California
Orange,2021-03-07,15051,946576,8482,511965,6166,433267,403,1344,8785,248252,6227,349460,9208,597712,California
Orange,2021-03-08,16435,963011,7604,519569,7565,440832,1266,2610,10604,254365,5782,355242,11895,609607,California
Orange,2021-03-09,20864,983875,9667,529236,8759,449591,2438,5048,12345,260674,8472,363714,14781,624388,California
Orange,2021-03-10,24719,1008594,12133,541369,9133,458724,3453,8501,12489,264444,12166,375880,15936,640324,California
Orange,2021-03-11,29015,1037609,15702,557071,9096,467820,4217,12718,13446,266635,15468,391348,17659,657983,California
Orange,2021-03-12,29289,1066898,14247,571318,11185,479005,3857,16575,14701,270709,14505,405853,18579,676562,California
Orange,2021-03-13,27735,1094633,10170,581488,13633,492638,3932,20507,14027,275020,13646,419499,17957,694519,California
Orange,2021-03-14,18812,1113445,8153,589641,8132,500770,2527,23034,11734,282224,7047,426546,14251,708770,California
Orange,2021-03-15,23012,1136457,10129,599770,12123,512893,760,23794,14348,288743,8584,435130,15103,723873,California
Orange,2021-03-16,26373,1162830,11149,610919,14996,527889,228,24022,17127,296940,9163,444293,17360,741233,California
Orange,2021-03-17,27342,1190172,13561,624480,13188,541077,593,24615,19446,309152,7824,452117,20036,761269,California
Orange,2021-03-18,27745,1217917,13941,638421,13526,554603,278,24893,21595,324949,6080,458197,21877,783146,California
Orange,2021-03-19,33492,1251409,18387,656808,14662,569265,443,25336,24920,341864,8459,466656,25374,808520,California
Orange,2021-03-20,25766,1277175,13558,670366,12002,581267,206,25542,21985,360340,3719,470375,22195,830715,California
Orange,2021-03-21,18484,1295659,10675,681041,7081,588348,728,26270,15713,374039,2742,473117,16441,847156,California
Orange,2021-03-22,22724,1318383,11746,692787,10656,599004,322,26592,19173,390080,3463,476580,19504,866660,California
Orange,2021-03-23,25978,1344361,13480,706267,11863,610867,635,27227,20648,406118,5249,481829,21287,887947,California
Orange,2021-03-24,29080,1373441,16216,722483,11952,622819,912,28139,21956,421957,7032,488861,22871,910818,California
Orange,2021-03-25,32297,1405738,17198,739681,14395,637214,704,28843,24169,438794,8037,496898,24874,935692,California
Orange,2021-03-26,34788,1440526,18009,757690,15916,653130,863,29706,24834,454650,9843,506741,25699,961391,California
Orange,2021-03-27,28373,1468899,13575,771265,14484,667614,314,30020,19723,466137,8555,515296,20042,981433,California
Orange,2021-03-28,24723,1493622,12791,784056,11864,679478,68,30088,18534,478628,6114,521410,18605,1000038,California
Orange,2021-03-29,26486,1520108,12080,796136,13840,693318,566,30654,17829,488454,8570,529980,18396,1018434,California
Orange,2021-03-30,30810,1550918,13876,810012,16301,709619,633,31287,20439,499235,10293,540273,21074,1039508,California
Orange,2021-03-31,37065,1587983,19414,829426,16940,726559,711,31998,23819,510625,13145,553418,24535,1064043,California
Orange,2021-04-01,40333,1628316,21142,850568,17339,743898,1852,33850,26144,524556,14063,567481,27994,1092037,California
Orange,2021-04-02,39963,1668279,20127,870695,18049,761947,1787,35637,22639,531775,17221,584702,24440,1116477,California
Orange,2021-04-03,30085,1698364,15667,886362,12715,774662,1703,37340,14268,532002,15742,600444,15969,1132446,California
Orange,2021-04-04,18467,1716831,10725,897087,6977,781639,765,38105,8250,530887,10162,610606,9047,1141493,California
Orange,2021-04-05,29978,1746809,13997,911084,12587,794226,3394,41499,13933,532252,15972,626578,17337,1158830,California
Orange,2021-04-06,33282,1780091,15580,926664,14279,808505,3423,44922,14362,531195,18828,645406,17771,1176601,California
Orange,2021-04-07,36001,1816092,20084,946748,11341,819846,4576,49498,15830,531542,20092,665498,20439,1197040,California
Orange,2021-04-08,38549,1854641,21447,968195,11666,831512,5436,54934,18769,536037,19678,685176,24173,1221213,California
Orange,2021-04-09,40568,1895209,23613,991808,11806,843318,5149,60083,17980,536637,22499,707675,23099,1244312,California
Orange,2021-04-10,34099,1929308,18091,1009899,11804,855122,4204,64287,14155,535109,19859,727534,18331,1262643,California
Orange,2021-04-11,25464,1954772,14388,1024287,7816,862938,3260,67547,9791,532519,15625,743159,13035,1275678,California
Orange,2021-04-12,30354,1985126,15362,1039649,11450,874388,3542,71089,11956,529651,18340,761499,15472,1291150,California
Orange,2021-04-13,32289,2017415,18161,1057810,14061,888449,67,71156,15069,527633,17152,778651,15134,1306284,California
Orange,2021-04-14,34359,2051774,20107,1077917,14219,902668,33,71189,15089,523577,19180,797831,15124,1321408,California
Orange,2021-04-15,39905,2091679,24351,1102268,15538,918206,16,71205,18557,520902,21244,819075,18569,1339977,California
Orange,2021-04-16,41203,2132882,24215,1126483,16959,935165,29,71234,18623,517079,22479,841554,18656,1358633,California
Orange,2021-04-17,30197,2163079,17265,1143748,12929,948094,3,71237,13287,513544,16830,858384,13295,1371928,California
Orange,2021-04-18,21394,2184473,12937,1156685,8457,956551,0,71237,8493,509188,12852,871236,8496,1380424,California
Orange,2021-04-19,32434,2216907,17904,1174589,14528,971079,2,71239,14915,506679,17430,888666,14921,1395345,California
Orange,2021-04-20,35143,2252050,18257,1192846,16882,987961,4,71243,17580,506777,17486,906152,17584,1412929,California
Orange,2021-04-21,40592,2292642,23386,1216232,17197,1005158,9,71252,19250,504795,21241,927393,19259,1432188,California
Orange,2021-04-22,39201,2331843,20717,1236949,18474,1023632,10,71262,16301,498336,22776,950169,16317,1448505,California
Orange,2021-04-23,40106,2371949,20731,1257680,19369,1043001,6,71268,17919,494186,22078,972247,17928,1466433,California
Orange,2021-04-24,31821,2403770,16674,1274354,15112,1058113,35,71303,13378,489242,18360,990607,13416,1479849,California
Orange,2021-04-25,22989,2426759,12990,1287344,9986,1068099,13,71316,9877,486082,13055,1003662,9895,1489744,California
Orange,2021-04-26,26033,2452792,12704,1300048,13136,1081235,193,71509,11445,483218,14501,1018163,11637,1501381,California
Orange,2021-04-27,28505,2481297,13328,1313376,14676,1095911,501,72010,10944,477256,17412,1035575,11450,1512831,California
Orange,2021-04-28,30580,2511877,15222,1328598,14483,1110394,875,72885,12142,471936,18333,1053908,13013,1525844,California
Orange,2021-04-29,31431,2543308,17180,1345778,13292,1123686,959,73844,11229,464006,20112,1074020,12182,1538026,California
Orange,2021-04-30,29401,2572709,16711,1362489,11752,1135438,938,74782,12387,460397,16926,1090946,13317,1551343,California
Orange,2021-05-01,21755,2594464,14647,1377136,6120,1141558,988,75770,8654,457003,13030,1103976,9636,1560979,California
Orange,2021-05-02,15378,2609842,10221,1387357,4513,1146071,644,76414,5370,453069,9945,1113921,6011,1566990,California
Orange,2021-05-03,20518,2630360,12527,1399884,7233,1153304,758,77172,6448,446270,14002,1127923,7203,1574193,California
Orange,2021-05-04,23477,2653837,13393,1413277,9179,1162483,905,78077,8108,440001,15270,1143193,9001,1583194,California
Orange,2021-05-05,24689,2678526,13773,1427050,10020,1172503,896,78973,8060,432451,16503,1159696,8953,1592147,California
Orange,2021-05-06,26264,2704790,15921,1442971,9346,1181849,997,79970,7259,421819,18880,1178576,8248,1600395,California
Orange,2021-05-07,28039,2732829,16633,1459604,10359,1192208,1047,81017,7959,410939,19882,1198458,9002,1609397,California
Orange,2021-05-08,18346,2751175,12114,1471718,5461,1197669,771,81788,5400,404231,12875,1211333,6167,1615564,California
Orange,2021-05-09,10973,2762148,8332,1480050,2265,1199934,376,82164,2901,399485,8022,1219355,3276,1618840,California
Orange,2021-05-10,18935,2781083,11532,1491582,6628,1206562,775,82939,4265,389944,14582,1233937,5041,1623881,California
Orange,2021-05-11,21148,2802231,11680,1503262,8812,1215374,656,83595,5014,379572,16039,1249976,5667,1629548,California
Orange,2021-05-12,22483,2824714,13851,1517113,7880,1223254,752,84347,6267,370487,16103,1266079,7018,1636566,California
Orange,2021-05-13,19686,2844400,12024,1529137,7137,1230391,525,84872,7159,365723,12450,1278529,7686,1644252,California
Orange,2021-05-14,24975,2869375,16177,1545314,7987,1238378,811,85683,10162,361974,14717,1293246,10968,1655220,California
Orange,2021-05-15,19223,2888598,14084,1559398,4624,1243002,515,86198,7856,359043,11305,1304551,8374,1663594,California
Orange,2021-05-16,15020,2903618,12370,1571768,2319,1245321,331,86529,6458,357319,8513,1313064,6789,1670383,California
Orange,2021-05-17,18832,2922450,12255,1584023,5906,1251227,671,87200,7038,353319,11704,1324768,7704,1678087,California
Orange,2021-05-18,14396,2936846,7670,1591693,6232,1257459,494,87694,5282,350042,9054,1333822,5777,1683864,California
Orange,2021-05-19,8092,2944938,3608,1595301,4273,1261732,211,87905,2762,347720,5294,1339116,2972,1686836,California
Placer,2020-12-15,29,29,29,29,0,0,0,0,29,29,0,0,29,29,California
Placer,2020-12-16,56,85,56,85,0,0,0,0,56,85,0,0,56,85,California
Placer,2020-12-17,140,225,140,225,0,0,0,0,140,225,0,0,140,225,California
Placer,2020-12-18,332,557,332,557,0,0,0,0,332,557,0,0,332,557,California
Placer,2020-12-19,252,809,252,809,0,0,0,0,252,809,0,0,252,809,California
Placer,2020-12-20,234,1043,234,1043,0,0,0,0,234,1043,0,0,234,1043,California
Placer,2020-12-21,493,1536,492,1535,1,1,0,0,493,1536,0,0,493,1536,California
Placer,2020-12-22,674,2210,667,2202,7,8,0,0,674,2210,0,0,674,2210,California
Placer,2020-12-23,749,2959,662,2864,87,95,0,0,749,2959,0,0,749,2959,California
Placer,2020-12-24,398,3357,346,3210,52,147,0,0,398,3357,0,0,398,3357,California
Placer,2020-12-26,156,3513,111,3321,45,192,0,0,156,3513,0,0,156,3513,California
Placer,2020-12-27,186,3699,163,3484,23,215,0,0,186,3699,0,0,186,3699,California
Placer,2020-12-28,665,4364,538,4022,127,342,0,0,665,4364,0,0,665,4364,California
Placer,2020-12-29,764,5128,515,4537,249,591,0,0,764,5128,0,0,764,5128,California
Placer,2020-12-30,728,5856,454,4991,274,865,0,0,726,5854,0,0,726,5854,California
Placer,2020-12-31,529,6385,343,5334,186,1051,0,0,529,6383,0,0,529,6383,California
Placer,2021-01-01,15,6400,11,5345,4,1055,0,0,15,6398,0,0,15,6398,California
Placer,2021-01-02,185,6585,153,5498,32,1087,0,0,185,6583,0,0,185,6583,California
Placer,2021-01-03,154,6739,79,5577,75,1162,0,0,154,6737,0,0,154,6737,California
Placer,2021-01-04,619,7358,180,5757,439,1601,0,0,619,7356,0,0,619,7356,California
Placer,2021-01-05,725,8083,159,5916,566,2167,0,0,642,7917,82,82,643,7999,California
Placer,2021-01-06,763,8846,246,6162,517,2684,0,0,620,8394,143,225,620,8619,California
Placer,2021-01-07,986,9832,368,6530,618,3302,0,0,781,8970,205,430,781,9400,California
Placer,2021-01-08,1184,11016,528,7058,656,3958,0,0,855,9499,326,756,855,10255,California
Placer,2021-01-09,450,11466,321,7379,129,4087,0,0,234,9518,215,971,234,10489,California
Placer,2021-01-10,329,11795,186,7565,143,4230,0,0,164,9517,165,1136,164,10653,California
Placer,2021-01-11,1424,13219,806,8371,618,4848,0,0,835,9764,589,1725,836,11489,California
Placer,2021-01-12,1653,14872,877,9248,776,5624,0,0,1052,10215,601,2326,1052,12541,California
Placer,2021-01-13,1634,16506,821,10069,813,6437,0,0,1210,11006,422,2748,1213,13754,California
Placer,2021-01-14,1785,18291,654,10723,1131,7568,0,0,1429,12083,353,3101,1430,15184,California
Placer,2021-01-15,1938,20229,721,11444,1217,8785,0,0,1588,13323,349,3450,1589,16773,California
Placer,2021-01-16,1472,21701,720,12164,752,9537,0,0,1351,14554,121,3571,1352,18125,California
Placer,2021-01-17,563,22264,397,12561,166,9703,0,0,430,14851,133,3704,430,18555,California
Placer,2021-01-18,989,23253,552,13113,437,10140,0,0,751,15365,238,3942,752,19307,California
Placer,2021-01-19,2624,25877,1959,15072,665,10805,0,0,2169,17079,455,4397,2169,21476,California
Placer,2021-01-20,2274,28151,1704,16776,570,11375,0,0,1944,18694,330,4727,1945,23421,California
Placer,2021-01-21,2560,30711,1118,17894,1442,12817,0,0,2167,20470,392,5119,2168,25589,California
Placer,2021-01-22,2346,33057,639,18533,1707,14524,0,0,2171,22469,173,5292,2172,27761,California
Placer,2021-01-23,1188,34245,380,18913,808,15332,0,0,1033,23347,155,5447,1033,28794,California
Placer,2021-01-24,507,34752,265,19178,242,15574,0,0,431,23703,76,5523,432,29226,California
Placer,2021-01-25,1677,36429,808,19986,869,16443,0,0,1384,24795,293,5816,1385,30611,California
Placer,2021-01-26,1857,38286,1033,21019,824,17267,0,0,1593,26124,264,6080,1593,32204,California
Placer,2021-01-27,1841,40127,1153,22172,688,17955,0,0,1597,27480,242,6322,1598,33802,California
Placer,2021-01-28,1808,41935,1118,23290,690,18645,0,0,1560,28794,246,6568,1560,35362,California
Placer,2021-01-29,1894,43829,1171,24461,723,19368,0,0,1702,30307,191,6759,1704,37066,California
Placer,2021-01-30,1727,45556,973,25434,754,20122,0,0,1606,31793,120,6879,1606,38672,California
Placer,2021-01-31,783,46339,626,26060,157,20279,0,0,715,32441,68,6947,716,39388,California
Placer,2021-02-01,2069,48408,1090,27150,979,21258,0,0,1756,33884,313,7260,1756,41144,California
Placer,2021-02-02,2381,50789,1542,28692,839,22097,0,0,1889,35284,489,7749,1889,43033,California
Placer,2021-02-03,2921,53710,1878,30570,1043,23140,0,0,2296,36959,621,8370,2296,45329,California
Placer,2021-02-04,2764,56474,1192,31762,1572,24712,0,0,1938,38076,822,9192,1939,47268,California
Placer,2021-02-05,2739,59213,1214,32976,1525,26237,0,0,1406,38154,1328,10520,1406,48674,California
Placer,2021-02-06,1956,61169,1315,34291,641,26878,0,0,1405,39008,551,11071,1405,50079,California
Placer,2021-02-07,1228,62397,918,35209,310,27188,0,0,940,39661,287,11358,940,51019,California
Placer,2021-02-08,3302,65699,1767,36976,1535,28723,0,0,1945,40258,1349,12707,1946,52965,California
Placer,2021-02-09,3551,69250,2180,39156,1371,30094,0,0,1646,40001,1903,14610,1646,54611,California
Placer,2021-02-10,3751,73001,2191,41347,1560,31654,0,0,1745,39745,2003,16613,1747,56358,California
Placer,2021-02-11,3696,76697,1907,43254,1789,33443,0,0,1579,39221,2104,18717,1580,57938,California
Placer,2021-02-12,2852,79549,1325,44579,1527,34970,0,0,1670,39747,1145,19862,1671,59609,California
Placer,2021-02-13,2545,82094,1487,46066,1058,36028,0,0,1892,40986,653,20515,1892,61501,California
Placer,2021-02-14,1082,83176,677,46743,405,36433,0,0,737,41381,342,20857,737,62238,California
Placer,2021-02-15,2249,85425,1047,47790,1202,37635,0,0,1533,42199,716,21573,1534,63772,California
Placer,2021-02-16,3577,89002,1782,49572,1795,39430,0,0,1589,41810,1979,23552,1590,65362,California
Placer,2021-02-17,3544,92546,1964,51536,1580,41010,0,0,1511,41292,2029,25581,1511,66873,California
Placer,2021-02-18,3800,96346,2048,53584,1752,42762,0,0,1616,40734,2175,27756,1617,68490,California
Placer,2021-02-19,3589,99935,1915,55499,1674,44436,0,0,1329,39809,2255,30011,1330,69820,California
Placer,2021-02-20,2004,101939,1259,56758,745,45181,0,0,913,39640,1085,31096,916,70736,California
Placer,2021-02-21,975,102914,731,57489,244,45425,0,0,279,39227,693,31789,280,71016,California
Placer,2021-02-22,2525,105439,1775,59264,750,46175,0,0,604,37911,1920,33709,604,71620,California
Placer,2021-02-23,2562,108001,1588,60852,974,47149,0,0,885,37120,1676,35385,885,72505,California
Placer,2021-02-24,3297,111298,1184,62036,2113,49262,0,0,1798,37431,1489,36874,1800,74305,California
Placer,2021-02-25,3638,114936,1526,63562,2112,51374,0,0,1968,37739,1662,38536,1970,76275,California
Placer,2021-02-26,4100,119036,2374,65936,1726,53100,0,0,2355,38354,1740,40276,2355,78630,California
Placer,2021-02-27,2824,121860,1495,67431,1329,54429,0,0,1452,38443,1366,41642,1455,80085,California
Placer,2021-02-28,1405,123265,798,68229,607,55036,0,0,589,38222,810,42452,589,80674,California
Placer,2021-03-01,3003,126268,1992,70221,1011,56047,0,0,1555,38334,1443,43895,1555,82229,California
Placer,2021-03-02,2883,129151,1775,71996,1108,57155,0,0,1882,39220,996,44891,1882,84111,California
Placer,2021-03-03,3326,132477,1424,73420,1902,59057,0,0,1818,39537,1502,46393,1819,85930,California
Placer,2021-03-04,3631,136108,1459,74879,2172,61229,0,0,1895,39709,1724,48117,1896,87826,California
Placer,2021-03-05,3016,139124,1038,75917,1956,63185,22,22,1811,40340,1202,49319,1833,89659,California
Placer,2021-03-06,2430,141554,1502,77419,832,64017,96,118,935,39884,1487,50806,1031,90690,California
Placer,2021-03-07,1301,142855,754,78173,509,64526,38,156,533,39690,765,51571,571,91261,California
Placer,2021-03-08,2910,145765,1828,80001,969,65495,113,269,1650,40195,1258,52829,1763,93024,California
Placer,2021-03-09,3188,148953,1695,81696,1402,66897,91,360,1824,40749,1361,54190,1915,94939,California
Placer,2021-03-10,3291,152244,1330,83026,1854,68751,107,467,1714,40998,1572,55762,1821,96760,California
Placer,2021-03-11,3640,155884,1647,84673,1867,70618,126,593,1748,40992,1883,57645,1877,98637,California
Placer,2021-03-12,3677,159561,1485,86158,1411,72029,781,1374,1255,40613,2416,60061,2037,100674,California
Placer,2021-03-13,2114,161675,744,86902,1251,73280,119,1493,1115,40853,994,61055,1234,101908,California
Placer,2021-03-14,1639,163314,671,87573,819,74099,149,1642,891,41145,748,61803,1040,102948,California
Placer,2021-03-15,3185,166499,1535,89108,1518,75617,132,1774,1767,41628,1417,63220,1900,104848,California
Placer,2021-03-16,3566,170065,1917,91025,1516,77133,133,1907,2286,42779,1269,64489,2420,107268,California
Placer,2021-03-17,3431,173496,1734,92759,1598,78731,99,2006,2209,43871,1218,65707,2310,109578,California
Placer,2021-03-18,4097,177593,2328,95087,1731,80462,38,2044,2866,45550,1224,66931,2903,112481,California
Placer,2021-03-19,3440,181033,2071,97158,1105,81567,264,2308,2198,46777,1234,68165,2461,114942,California
Placer,2021-03-20,2138,183171,897,98055,1143,82710,98,2406,1301,47343,832,68997,1398,116340,California
Placer,2021-03-21,1254,184425,575,98630,670,83380,9,2415,946,47993,305,69302,955,117295,California
Placer,2021-03-22,3269,187694,2101,100731,1078,84458,90,2505,2189,49196,1076,70378,2279,119574,California
Placer,2021-03-23,3528,191222,2099,102830,1338,85796,91,2596,2518,50801,1005,71383,2610,122184,California
Placer,2021-03-24,3789,195011,1998,104828,1694,87490,97,2693,1948,51028,1819,73202,2046,124230,California
Placer,2021-03-25,3855,198866,1867,106695,1891,89381,97,2790,1787,50854,2057,75259,1883,126113,California
Placer,2021-03-26,3767,202633,1665,108360,1871,91252,231,3021,1583,50499,2169,77428,1814,127927,California
Placer,2021-03-27,1594,204227,469,108829,1105,92357,20,3041,648,50228,939,78367,668,128595,California
Placer,2021-03-28,1110,205337,528,109357,572,92929,10,3051,364,49861,741,79108,374,128969,California
Placer,2021-03-29,3560,208897,1988,111345,1538,94467,34,3085,1721,49787,1830,80938,1756,130725,California
Placer,2021-03-30,3974,212871,2096,113441,1835,96302,43,3128,2084,50037,1876,82814,2126,132851,California
Placer,2021-03-31,4096,216967,1831,115272,2190,98492,75,3203,1690,49403,2399,85213,1765,134616,California
Placer,2021-04-01,2980,219947,1435,116707,1498,99990,47,3250,1663,49800,1315,86528,1712,136328,California
Placer,2021-04-02,2845,222792,1454,118161,1327,101317,64,3314,1594,50214,1244,87772,1658,137986,California
Placer,2021-04-03,1852,224644,985,119146,739,102056,128,3442,889,50275,956,88728,1017,139003,California
Placer,2021-04-04,711,225355,361,119507,297,102353,53,3495,285,50191,422,89150,338,139341,California
Placer,2021-04-05,3003,228358,1902,121409,917,103270,184,3679,1749,50874,1250,90400,1933,141274,California
Placer,2021-04-06,4285,232643,2477,123886,1509,104779,299,3978,1525,49944,2755,93155,1825,143099,California
Placer,2021-04-07,4514,237157,2575,126461,1478,106257,461,4439,2065,50025,2443,95598,2524,145623,California
Placer,2021-04-08,4689,241846,2592,129053,1552,107809,545,4984,1570,49031,3108,98706,2114,147737,California
Placer,2021-04-09,4106,245952,2263,131316,1225,109034,618,5602,1224,48001,2874,101580,1844,149581,California
Placer,2021-04-10,2025,247977,879,132195,961,109995,185,5787,865,47893,1157,102737,1049,150630,California
Placer,2021-04-11,1352,249329,531,132726,788,110783,33,5820,454,47485,894,103631,486,151116,California
Placer,2021-04-12,4098,253427,2645,135371,1073,111856,380,6200,2463,48703,1624,105255,2842,153958,California
Placer,2021-04-13,4345,257772,2994,138365,1350,113206,1,6201,2190,48743,2151,107406,2191,156149,California
Placer,2021-04-14,4124,261896,2566,140931,1557,114763,1,6202,1845,48318,2270,109676,1845,157994,California
Placer,2021-04-15,4493,266389,2510,143441,1982,116745,1,6203,2348,48533,2134,111810,2349,160343,California
Placer,2021-04-16,3675,270064,2185,145626,1490,118235,0,6203,1433,47730,2236,114046,1433,161776,California
Placer,2021-04-17,2420,272484,841,146467,1579,119814,0,6203,1516,48347,899,114945,1516,163292,California
Placer,2021-04-18,1183,273667,256,146723,927,120741,0,6203,412,47990,769,115714,412,163704,California
Placer,2021-04-19,2935,276602,1805,148528,1130,121871,0,6203,1166,47391,1766,117480,1167,164871,California
Placer,2021-04-20,3787,280389,2457,150985,1330,123201,0,6203,2414,48440,1365,118845,2414,167285,California
Placer,2021-04-21,3657,284046,2397,153382,1259,124460,1,6204,2382,49552,1271,120116,2383,169668,California
Placer,2021-04-22,3662,287708,2265,155647,1397,125857,0,6204,1749,49390,1911,122027,1749,171417,California
Placer,2021-04-23,3499,291207,2322,157969,1176,127033,1,6205,1374,48647,2118,124145,1375,172792,California
Placer,2021-04-24,2085,293292,1265,159234,819,127852,1,6206,1220,49010,857,125002,1220,174012,California
Placer,2021-04-25,913,294205,504,159738,409,128261,0,6206,565,49227,348,125350,565,174577,California
Placer,2021-04-26,2354,296559,1251,160989,1080,129341,23,6229,1156,49217,1188,126538,1178,175755,California
Placer,2021-04-27,2638,299197,1370,162359,1233,130574,35,6264,1517,49655,1115,127653,1553,177308,California
Placer,2021-04-28,2912,302109,1804,164163,1071,131645,37,6301,1520,49828,1384,129037,1557,178865,California
Placer,2021-04-29,3261,305370,2074,166237,1135,132780,52,6353,1317,49259,1938,130975,1369,180234,California
Placer,2021-04-30,2985,308355,1804,168041,1132,133912,49,6402,1190,48709,1789,132764,1239,181473,California
Placer,2021-05-01,1331,309686,933,168974,374,134286,24,6426,607,48621,718,133482,630,182103,California
Placer,2021-05-02,715,310401,553,169527,141,134427,21,6447,333,48595,380,133862,354,182457,California
Placer,2021-05-03,1611,312012,993,170520,553,134980,65,6512,438,47930,1168,135030,503,182960,California
Placer,2021-05-04,2296,314308,1295,171815,835,135815,166,6678,864,47533,1427,136457,1030,183990,California
Placer,2021-05-05,3668,317976,2475,174290,1086,136901,107,6785,968,45914,2694,139151,1075,185065,California
Placer,2021-05-06,3093,321069,1894,176184,1123,138024,76,6861,814,44551,2253,141404,890,185955,California
Placer,2021-05-07,2800,323869,1884,178068,824,138848,92,6953,785,43423,2005,143409,877,186832,California
Placer,2021-05-08,1331,325200,707,178775,582,139430,42,6995,392,42918,937,144346,432,187264,California
Placer,2021-05-09,438,325638,202,178977,215,139645,21,7016,217,42934,221,144567,237,187501,California
Placer,2021-05-10,1926,327564,1031,180008,798,140443,97,7113,435,41979,1487,146054,532,188033,California
Placer,2021-05-11,2800,330364,2022,182030,673,141116,105,7218,573,40440,2217,148271,678,188711,California
Placer,2021-05-12,2746,333110,1920,183950,780,141896,46,7264,646,39039,2093,150364,692,189403,California
Placer,2021-05-13,2654,335764,1726,185676,883,142779,45,7309,924,38280,1727,152091,968,190371,California
Placer,2021-05-14,2686,338450,1773,187449,782,143561,131,7440,1283,38300,1391,153482,1411,191782,California
Placer,2021-05-15,2025,340475,1321,188770,680,144241,24,7464,895,38093,1126,154608,919,192701,California
Placer,2021-05-16,730,341205,500,189270,211,144452,19,7483,311,38005,418,155026,330,193031,California
Placer,2021-05-17,2223,343428,1493,190763,665,145117,65,7548,959,37771,1259,156285,1025,194056,California
Placer,2021-05-18,1850,345278,1236,191999,549,145666,65,7613,718,37427,1126,157411,782,194838,California
Placer,2021-05-19,1482,346760,937,192936,519,146185,26,7639,371,36716,1108,158519,397,195235,California
Plumas,2020-12-18,4,4,4,4,0,0,0,0,4,4,0,0,4,4,California
Plumas,2020-12-19,1,5,1,5,0,0,0,0,1,5,0,0,1,5,California
Plumas,2020-12-21,45,50,45,50,0,0,0,0,45,50,0,0,45,50,California
Plumas,2020-12-22,92,142,92,142,0,0,0,0,92,142,0,0,92,142,California
Plumas,2020-12-23,50,192,50,192,0,0,0,0,50,192,0,0,50,192,California
Plumas,2020-12-24,6,198,6,198,0,0,0,0,6,198,0,0,6,198,California
Plumas,2020-12-28,8,206,0,198,8,8,0,0,8,206,0,0,8,206,California
Plumas,2020-12-29,32,238,22,220,10,18,0,0,32,238,0,0,32,238,California
Plumas,2020-12-30,23,261,1,221,22,40,0,0,23,261,0,0,23,261,California
Plumas,2020-12-31,4,265,1,222,3,43,0,0,4,265,0,0,4,265,California
Plumas,2021-01-04,10,275,4,226,6,49,0,0,10,275,0,0,10,275,California
Plumas,2021-01-05,22,297,2,228,20,69,0,0,22,297,0,0,22,297,California
Plumas,2021-01-06,123,420,5,233,118,187,0,0,123,420,0,0,123,420,California
Plumas,2021-01-07,53,473,2,235,51,238,0,0,52,471,1,1,52,472,California
Plumas,2021-01-08,12,485,5,240,7,245,0,0,8,475,4,5,8,480,California
Plumas,2021-01-09,2,487,2,242,0,245,0,0,1,475,1,6,1,481,California
Plumas,2021-01-11,58,545,50,292,8,253,0,0,11,439,47,53,11,492,California
Plumas,2021-01-12,155,700,86,378,69,322,0,0,71,426,84,137,71,563,California
Plumas,2021-01-13,56,756,50,428,6,328,0,0,10,390,46,183,10,573,California
Plumas,2021-01-14,96,852,14,442,82,410,0,0,91,476,5,188,91,664,California
Plumas,2021-01-15,62,914,7,449,55,465,0,0,60,534,2,190,60,724,California
Plumas,2021-01-16,58,972,1,450,57,522,0,0,58,592,0,190,58,782,California
Plumas,2021-01-18,2,974,1,451,1,523,0,0,2,594,0,190,2,784,California
Plumas,2021-01-19,36,1010,5,456,31,554,0,0,32,622,4,194,32,816,California
Plumas,2021-01-20,121,1131,3,459,118,672,0,0,119,739,2,196,119,935,California
Plumas,2021-01-21,112,1243,2,461,110,782,0,0,112,851,0,196,112,1047,California
Plumas,2021-01-22,5,1248,1,462,4,786,0,0,5,856,0,196,5,1052,California
Plumas,2021-01-23,93,1341,2,464,91,877,0,0,93,949,0,196,93,1145,California
Plumas,2021-01-24,1,1342,1,465,0,877,0,0,1,950,0,196,1,1146,California
Plumas,2021-01-25,10,1352,7,472,3,880,0,0,7,954,3,199,7,1153,California
Plumas,2021-01-26,60,1412,2,474,58,938,0,0,52,998,8,207,52,1205,California
Plumas,2021-01-27,25,1437,20,494,5,943,0,0,5,983,20,227,5,1210,California
Plumas,2021-01-28,23,1460,0,494,23,966,0,0,21,1002,2,229,21,1231,California
Plumas,2021-01-29,8,1468,2,496,6,972,0,0,7,1008,1,230,7,1238,California
Plumas,2021-01-30,8,1476,4,500,4,976,0,0,7,1014,1,231,7,1245,California
Plumas,2021-01-31,3,1479,3,503,0,976,0,0,3,1017,0,231,3,1248,California
Plumas,2021-02-01,15,1494,2,505,13,989,0,0,7,1016,8,239,7,1255,California
Plumas,2021-02-02,21,1515,2,507,19,1008,0,0,2,999,19,258,2,1257,California
Plumas,2021-02-03,127,1642,8,515,119,1127,0,0,13,899,113,371,13,1270,California
Plumas,2021-02-04,102,1744,8,523,94,1221,0,0,23,843,79,450,23,1293,California
Plumas,2021-02-05,24,1768,11,534,13,1234,0,0,9,837,15,465,9,1302,California
Plumas,2021-02-06,7,1775,0,534,7,1241,0,0,7,844,0,465,7,1309,California
Plumas,2021-02-08,16,1791,7,541,9,1250,0,0,4,836,12,477,4,1313,California
Plumas,2021-02-09,171,1962,1,542,170,1420,0,0,111,887,60,537,111,1424,California
Plumas,2021-02-10,89,2051,9,551,80,1500,0,0,80,959,9,546,81,1505,California
Plumas,2021-02-11,322,2373,7,558,315,1815,0,0,263,1163,59,605,263,1768,California
Plumas,2021-02-12,123,2496,4,562,119,1934,0,0,118,1276,5,610,118,1886,California
Plumas,2021-02-13,74,2570,5,567,69,2003,0,0,14,1230,60,670,14,1900,California
Plumas,2021-02-14,8,2578,5,572,3,2006,0,0,8,1238,0,670,8,1908,California
Plumas,2021-02-15,27,2605,5,577,22,2028,0,0,24,1259,3,673,24,1932,California
Plumas,2021-02-16,76,2681,4,581,72,2100,0,0,14,1211,62,735,14,1946,California
Plumas,2021-02-17,136,2817,5,586,131,2231,0,0,12,1099,124,859,12,1958,California
Plumas,2021-02-18,128,2945,6,592,122,2353,0,0,19,1010,109,968,20,1978,California
Plumas,2021-02-19,42,2987,5,597,37,2390,0,0,7,982,35,1003,7,1985,California
Plumas,2021-02-20,105,3092,7,604,98,2488,0,0,13,903,92,1095,13,1998,California
Plumas,2021-02-21,6,3098,5,609,1,2489,0,0,2,901,4,1099,2,2000,California
Plumas,2021-02-22,3,3101,1,610,2,2491,0,0,0,898,3,1102,0,2000,California
Plumas,2021-02-23,25,3126,5,615,20,2511,0,0,17,907,8,1110,17,2017,California
Plumas,2021-02-24,457,3583,7,622,450,2961,0,0,444,1338,13,1123,444,2461,California
Plumas,2021-02-25,230,3813,10,632,220,3181,0,0,169,1446,61,1184,169,2630,California
Plumas,2021-02-26,267,4080,8,640,259,3440,0,0,259,1698,8,1192,260,2890,California
Plumas,2021-02-27,40,4120,4,644,36,3476,0,0,33,1724,7,1199,33,2923,California
Plumas,2021-02-28,1,4121,0,644,1,3477,0,0,1,1725,0,1199,1,2924,California
Plumas,2021-03-01,13,4134,3,647,10,3487,0,0,8,1729,4,1203,8,2932,California
Plumas,2021-03-02,9,4143,0,647,9,3496,0,0,7,1734,2,1205,7,2939,California
Plumas,2021-03-03,151,4294,9,656,142,3638,0,0,135,1853,16,1221,135,3074,California
Plumas,2021-03-04,252,4546,9,665,243,3881,0,0,230,2061,22,1243,230,3304,California
Plumas,2021-03-05,400,4946,7,672,388,4269,5,5,389,2444,11,1254,394,3698,California
Plumas,2021-03-06,19,4965,2,674,9,4278,8,13,3,2439,16,1270,11,3709,California
Plumas,2021-03-07,13,4978,2,676,2,4280,9,22,3,2441,10,1280,12,3721,California
Plumas,2021-03-08,29,5007,3,679,2,4282,24,46,3,2442,26,1306,27,3748,California
Plumas,2021-03-09,133,5140,2,681,116,4398,15,61,18,2360,115,1421,33,3781,California
Plumas,2021-03-10,254,5394,3,684,237,4635,14,75,107,2335,146,1567,121,3902,California
Plumas,2021-03-11,179,5573,8,692,166,4801,5,80,144,2449,35,1602,149,4051,California
Plumas,2021-03-12,594,6167,4,696,303,5104,287,367,23,2188,571,2173,310,4361,California
Plumas,2021-03-13,25,6192,4,700,10,5114,11,378,5,2184,20,2193,16,4377,California
Plumas,2021-03-14,12,6204,3,703,4,5118,5,383,1,2180,10,2203,6,4383,California
Plumas,2021-03-15,31,6235,0,703,24,5142,7,390,5,2166,26,2229,12,4395,California
Plumas,2021-03-16,60,6295,3,706,56,5198,1,391,49,2205,11,2240,50,4445,California
Plumas,2021-03-17,73,6368,9,715,63,5261,1,392,58,2250,14,2254,59,4504,California
Plumas,2021-03-18,60,6428,6,721,38,5299,16,408,12,2230,48,2302,28,4532,California
Plumas,2021-03-19,164,6592,6,727,156,5455,2,410,155,2381,7,2309,158,4690,California
Plumas,2021-03-20,692,7284,4,731,687,6142,1,411,671,3034,19,2328,672,5362,California
Plumas,2021-03-21,2,7286,1,732,1,6143,0,411,1,3035,0,2328,1,5363,California
Plumas,2021-03-22,183,7469,2,734,181,6324,0,411,176,3204,7,2335,176,5539,California
Plumas,2021-03-23,27,7496,2,736,25,6349,0,411,13,3203,14,2349,13,5552,California
Plumas,2021-03-24,653,8149,6,742,646,6995,1,412,223,2998,429,2778,224,5776,California
Plumas,2021-03-25,302,8451,7,749,293,7288,2,414,158,3012,144,2922,158,5934,California
Plumas,2021-03-26,315,8766,9,758,306,7594,0,414,46,2790,268,3190,46,5980,California
Plumas,2021-03-27,13,8779,1,759,11,7605,1,415,3,2784,10,3200,4,5984,California
Plumas,2021-03-28,5,8784,3,762,1,7606,1,416,3,2786,2,3202,4,5988,California
Plumas,2021-03-29,12,8796,4,766,7,7613,1,417,4,2783,8,3210,5,5993,California
Plumas,2021-03-30,151,8947,3,769,147,7760,1,418,24,2681,127,3337,25,6018,California
Plumas,2021-03-31,288,9235,2,771,285,8045,1,419,267,2928,21,3358,268,6286,California
Plumas,2021-04-01,299,9534,11,782,287,8332,1,420,61,2753,236,3594,61,6347,California
Plumas,2021-04-02,375,9909,5,787,369,8701,1,421,29,2448,335,3929,30,6377,California
Plumas,2021-04-03,16,9925,3,790,5,8706,8,429,4,2448,12,3941,12,6389,California
Plumas,2021-04-04,3,9928,1,791,1,8707,1,430,0,2446,3,3944,1,6390,California
Plumas,2021-04-05,10,9938,3,794,6,8713,1,431,3,2443,7,3951,4,6394,California
Plumas,2021-04-06,120,10058,6,800,88,8801,26,457,13,2375,107,4058,39,6433,California
Plumas,2021-04-07,282,10340,7,807,99,8900,176,633,28,2325,254,4312,204,6637,California
Plumas,2021-04-08,150,10490,3,810,132,9032,15,648,34,2258,115,4427,48,6685,California
Plumas,2021-04-09,51,10541,10,820,25,9057,16,664,19,2260,32,4459,34,6719,California
Plumas,2021-04-10,24,10565,2,822,6,9063,16,680,5,2262,19,4478,21,6740,California
Plumas,2021-04-11,4,10569,3,825,0,9063,1,681,3,2265,1,4479,4,6744,California
Plumas,2021-04-12,11,10580,5,830,3,9066,3,684,7,2271,4,4483,10,6754,California
Plumas,2021-04-13,207,10787,5,835,202,9268,0,684,139,2342,68,4551,139,6893,California
Plumas,2021-04-14,109,10896,8,843,101,9369,0,684,55,2343,54,4605,55,6948,California
Plumas,2021-04-15,50,10946,2,845,48,9417,0,684,32,2357,18,4623,32,6980,California
Plumas,2021-04-16,142,11088,2,847,140,9557,0,684,2,2219,140,4763,2,6982,California
Plumas,2021-04-17,666,11754,2,849,664,10221,0,684,21,1597,643,5406,21,7003,California
Plumas,2021-04-18,4,11758,3,852,1,10222,0,684,1,1595,3,5409,1,7004,California
Plumas,2021-04-19,38,11796,3,855,35,10257,0,684,5,1567,33,5442,5,7009,California
Plumas,2021-04-20,42,11838,5,860,37,10294,0,684,26,1578,15,5457,26,7035,California
Plumas,2021-04-21,312,12150,5,865,306,10600,1,685,18,1302,294,5751,18,7053,California
Plumas,2021-04-22,272,12422,8,873,264,10864,0,685,129,1288,143,5894,129,7182,California
Plumas,2021-04-23,73,12495,6,879,67,10931,0,685,16,1247,57,5951,16,7198,California
Plumas,2021-04-24,171,12666,5,884,166,11097,0,685,146,1369,24,5975,146,7344,California
Plumas,2021-04-26,29,12695,4,888,25,11122,0,685,9,1359,19,5994,9,7353,California
Plumas,2021-04-27,87,12782,3,891,84,11206,0,685,51,1374,36,6030,51,7404,California
Plumas,2021-04-28,283,13065,4,895,279,11485,0,685,37,1166,245,6275,37,7441,California
Plumas,2021-04-29,171,13236,68,963,103,11588,0,685,118,1231,53,6328,118,7559,California
Plumas,2021-04-30,23,13259,11,974,12,11600,0,685,7,1222,16,6344,7,7566,California
Plumas,2021-05-01,2,13261,1,975,0,11600,1,686,0,1221,2,6346,1,7567,California
Plumas,2021-05-02,3,13264,3,978,0,11600,0,686,1,1220,2,6348,1,7568,California
Plumas,2021-05-03,16,13280,6,984,4,11604,6,692,5,1220,11,6359,11,7579,California
Plumas,2021-05-04,27,13307,3,987,18,11622,6,698,16,1231,11,6370,22,7601,California
Plumas,2021-05-05,47,13354,6,993,40,11662,1,699,21,1227,26,6396,22,7623,California
Plumas,2021-05-06,56,13410,2,995,49,11711,5,704,15,1206,41,6437,20,7643,California
Plumas,2021-05-07,22,13432,5,1000,16,11727,1,705,8,1201,14,6451,9,7652,California
Plumas,2021-05-08,6,13438,0,1000,4,11731,2,707,4,1205,2,6453,6,7658,California
Plumas,2021-05-10,49,13487,1,1001,25,11756,23,730,22,1223,27,6480,45,7703,California
Plumas,2021-05-11,164,13651,3,1004,142,11898,19,749,14,1106,150,6630,33,7736,California
Plumas,2021-05-12,98,13749,2,1006,88,11986,8,757,36,1089,61,6691,44,7780,California
Plumas,2021-05-13,41,13790,5,1011,34,12020,2,759,18,1086,23,6714,20,7800,California
Plumas,2021-05-14,18,13808,2,1013,10,12030,6,765,7,1088,11,6725,13,7813,California
Plumas,2021-05-15,11,13819,4,1017,5,12035,2,767,5,1089,6,6731,7,7820,California
Plumas,2021-05-16,3,13822,2,1019,1,12036,0,767,2,1090,1,6732,2,7822,California
Plumas,2021-05-17,13,13835,1,1020,4,12040,8,775,4,1093,9,6741,12,7834,California
Plumas,2021-05-18,40,13875,7,1027,32,12072,1,776,20,1094,20,6761,21,7855,California
Plumas,2021-05-19,29,13904,3,1030,16,12088,10,786,9,1093,20,6781,19,7874,California
Riverside,2020-12-15,5,5,5,5,0,0,0,0,5,5,0,0,5,5,California
Riverside,2020-12-16,63,68,63,68,0,0,0,0,63,68,0,0,63,68,California
Riverside,2020-12-17,805,873,805,873,0,0,0,0,805,873,0,0,805,873,California
Riverside,2020-12-18,1724,2597,1723,2596,1,1,0,0,1724,2597,0,0,1724,2597,California
Riverside,2020-12-19,1027,3624,1024,3620,3,4,0,0,1025,3621,1,1,1025,3622,California
Riverside,2020-12-20,1085,4709,1084,4704,1,5,0,0,1085,4706,0,1,1085,4707,California
Riverside,2020-12-21,2275,6984,2273,6977,2,7,0,0,2275,6981,0,1,2275,6982,California
Riverside,2020-12-22,2258,9242,2219,9196,39,46,0,0,2257,9238,0,1,2257,9239,California
Riverside,2020-12-23,2130,11372,1793,10989,337,383,0,0,2131,11369,0,1,2131,11370,California
Riverside,2020-12-24,828,12200,626,11615,202,585,0,0,828,12197,0,1,828,12198,California
Riverside,2020-12-25,28,12228,5,11620,23,608,0,0,28,12225,0,1,28,12226,California
Riverside,2020-12-26,401,12629,257,11877,144,752,0,0,401,12626,0,1,401,12627,California
Riverside,2020-12-27,363,12992,244,12121,119,871,0,0,363,12989,0,1,363,12990,California
Riverside,2020-12-28,1628,14620,1126,13247,502,1373,0,0,1628,14617,0,1,1628,14618,California
Riverside,2020-12-29,1739,16359,973,14220,766,2139,0,0,1739,16356,0,1,1739,16357,California
Riverside,2020-12-30,2583,18942,1688,15908,895,3034,0,0,2582,18938,0,1,2582,18939,California
Riverside,2020-12-31,1021,19963,394,16302,627,3661,0,0,1023,19961,0,1,1023,19962,California
Riverside,2021-01-01,117,20080,46,16348,71,3732,0,0,117,20078,0,1,117,20079,California
Riverside,2021-01-02,834,20914,694,17042,140,3872,0,0,834,20912,0,1,834,20913,California
Riverside,2021-01-03,343,21257,298,17340,45,3917,0,0,342,21254,0,1,342,21255,California
Riverside,2021-01-04,1268,22525,798,18138,470,4387,0,0,1268,22522,0,1,1268,22523,California
Riverside,2021-01-05,1988,24513,1367,19505,621,5008,0,0,1892,24324,90,91,1892,24415,California
Riverside,2021-01-06,2498,27011,1114,20619,1384,6392,0,0,2191,26212,303,394,2191,26606,California
Riverside,2021-01-07,2765,29776,1812,22431,953,7345,0,0,1704,26862,1056,1450,1706,28312,California
Riverside,2021-01-08,4060,33836,2938,25369,1122,8467,0,0,2248,27302,1808,3258,2248,30560,California
Riverside,2021-01-09,2072,35908,843,26212,1229,9696,0,0,1725,28681,346,3604,1725,32285,California
Riverside,2021-01-10,1669,37577,737,26949,932,10628,0,0,1065,29142,604,4208,1065,33350,California
Riverside,2021-01-11,4529,42106,3103,30052,1426,12054,0,0,2794,30204,1733,5941,2795,36145,California
Riverside,2021-01-12,3416,45522,2737,32789,679,12733,0,0,1722,30237,1689,7630,1722,37867,California
Riverside,2021-01-13,4396,49918,2876,35665,1520,14253,0,0,2786,31416,1607,9237,2786,40653,California
Riverside,2021-01-14,5497,55415,1896,37561,3601,17854,0,0,4909,35737,588,9825,4909,45562,California
Riverside,2021-01-15,6168,61583,2103,39664,4065,21919,0,0,5879,41328,288,10113,5879,51441,California
Riverside,2021-01-16,3609,65192,1017,40681,2592,24511,0,0,3363,44446,246,10359,3364,54805,California
Riverside,2021-01-17,3594,68786,583,41264,3011,27522,0,0,3397,47648,195,10554,3397,58202,California
Riverside,2021-01-18,3740,72526,2030,43294,1710,29232,0,0,2734,49376,1006,11560,2734,60936,California
Riverside,2021-01-19,7415,79941,2648,45942,4767,33999,0,0,6298,54558,1117,12677,6299,67235,California
Riverside,2021-01-20,8221,88162,3139,49081,5082,39081,0,0,6538,59429,1671,14348,6542,73777,California
Riverside,2021-01-21,8378,96540,3532,52613,4846,43927,0,0,7719,66489,660,15008,7720,81497,California
Riverside,2021-01-22,8732,105272,2981,55594,5751,49678,0,0,8301,74362,429,15437,8302,89799,California
Riverside,2021-01-23,5929,111201,2393,57987,3536,53214,0,0,5200,78834,729,16166,5201,95000,California
Riverside,2021-01-24,3037,114238,1432,59419,1605,54819,0,0,2822,81445,212,16378,2823,97823,California
Riverside,2021-01-25,7886,122124,4541,63960,3345,58164,0,0,6758,87077,1127,17505,6759,104582,California
Riverside,2021-01-26,9124,131248,5732,69692,3392,61556,0,0,7610,93177,1511,19016,7611,112193,California
Riverside,2021-01-27,10915,142163,6393,76085,4522,66078,0,0,9302,100873,1609,20625,9305,121498,California
Riverside,2021-01-28,11503,153666,6791,82876,4712,70790,0,0,10343,110065,1152,21777,10344,131842,California
Riverside,2021-01-29,11932,165598,7280,90156,4652,75442,0,0,10561,119285,1345,23122,10565,142407,California
Riverside,2021-01-30,9056,174654,4609,94765,4447,79889,0,0,8593,127419,460,23582,8594,151001,California
Riverside,2021-01-31,5169,179823,4257,99022,912,80801,0,0,5036,132327,132,23714,5040,156041,California
Riverside,2021-02-01,10927,190750,6757,105779,4170,84971,0,0,9106,139622,1814,25528,9109,165150,California
Riverside,2021-02-02,9520,200270,4855,110634,4665,89636,0,0,8022,146156,1491,27019,8025,173175,California
Riverside,2021-02-03,12140,212410,5107,115741,7033,96669,0,0,9803,153632,2327,29346,9803,182978,California
Riverside,2021-02-04,13560,225970,6051,121792,7509,104178,0,0,11445,162972,2107,31453,11447,194425,California
Riverside,2021-02-05,14347,240317,5404,127196,8943,113121,0,0,11286,171209,3053,34506,11290,205715,California
Riverside,2021-02-06,7265,247582,4293,131489,2972,116093,0,0,5618,175191,1639,36145,5621,211336,California
Riverside,2021-02-07,2169,249751,799,132288,1370,117463,0,0,1849,176723,318,36463,1850,213186,California
Riverside,2021-02-08,12466,262217,5540,137828,6926,124389,0,0,10145,184569,2303,38766,10149,223335,California
Riverside,2021-02-09,9677,271894,4551,142379,5126,129515,0,0,7729,190364,1939,40705,7734,231069,California
Riverside,2021-02-10,12086,283980,6986,149365,5100,134615,0,0,8907,196113,3167,43872,8916,239985,California
Riverside,2021-02-11,16611,300591,9060,158425,7551,142166,0,0,12095,203729,4494,48366,12110,252095,California
Riverside,2021-02-12,17690,318281,10814,169239,6876,149042,0,0,12809,211713,4837,53203,12821,264916,California
Riverside,2021-02-13,6337,324618,2136,171375,4201,153243,0,0,3108,211631,3211,56414,3129,268045,California
Riverside,2021-02-14,4933,329551,1127,172502,3806,157049,0,0,2181,211065,2748,59162,2182,270227,California
Riverside,2021-02-15,9831,339382,5000,177502,4831,161880,0,0,5409,212068,4413,63575,5416,275643,California
Riverside,2021-02-16,16117,355499,10111,187613,6006,167886,0,0,9250,214466,6860,70435,9258,284901,California
Riverside,2021-02-17,15026,370525,8211,195824,6815,174701,0,0,7450,214363,7563,77998,7460,292361,California
Riverside,2021-02-18,15541,386066,8996,204820,6545,181246,0,0,8014,214887,7504,85502,8028,300389,California
Riverside,2021-02-19,15299,401365,8228,213048,7071,188317,0,0,7224,214063,8056,93558,7232,307621,California
Riverside,2021-02-20,8311,409676,4497,217545,3814,192131,0,0,2167,210106,6127,99685,2170,309791,California
Riverside,2021-02-21,4398,414074,3878,221423,520,192651,0,0,1234,208190,3150,102835,1234,311025,California
Riverside,2021-02-22,12366,426440,7765,229188,4601,197252,0,0,5107,206061,7241,110076,5112,316137,California
Riverside,2021-02-23,11118,437558,7577,236765,3541,200793,0,0,5398,205772,5691,115767,5402,321539,California
Riverside,2021-02-24,14807,452365,8101,244866,6706,207499,0,0,6295,203611,8473,124240,6312,327851,California
Riverside,2021-02-25,17358,469723,7403,252269,9955,217454,0,0,8062,202424,9274,133514,8087,335938,California
Riverside,2021-02-26,18631,488354,6728,258997,11903,229357,0,0,9305,202495,9267,142781,9338,345276,California
Riverside,2021-02-27,12079,500433,5608,264605,6471,235828,0,0,5768,202014,6276,149057,5795,351071,California
Riverside,2021-02-28,4881,505314,3217,267822,1664,237492,0,0,2409,201970,2460,151517,2416,353487,California
Riverside,2021-03-01,14367,519681,6119,273941,8246,245738,2,2,8461,204590,5870,157387,8490,361977,California
Riverside,2021-03-02,15359,535040,7501,281442,7857,253595,1,3,9014,207311,6321,163708,9042,371019,California
Riverside,2021-03-03,16903,551943,8374,289816,8529,262124,0,3,7308,205201,9545,173253,7435,378454,California
Riverside,2021-03-04,18758,570701,7467,297283,11286,273410,5,8,8907,204457,9806,183059,9062,387516,California
Riverside,2021-03-05,18906,589607,7615,304898,11247,284657,44,52,9403,204731,9452,192511,9726,397242,California
Riverside,2021-03-06,9525,599132,5072,309970,3972,288629,481,533,4745,205222,4765,197276,5256,402498,California
Riverside,2021-03-07,4247,603379,2748,312718,1110,289739,389,922,2000,205378,2237,199513,2393,404891,California
Riverside,2021-03-08,11969,615348,4765,317483,6793,296532,411,1333,5337,204558,6613,206126,5793,410684,California
Riverside,2021-03-09,14817,630165,6912,324395,7405,303937,500,1833,5915,202227,8880,215006,6549,417233,California
Riverside,2021-03-10,15904,646069,8518,332913,6461,310398,925,2758,6207,199858,9653,224659,7284,424517,California
Riverside,2021-03-11,19250,665319,9458,342371,7945,318343,1847,4605,7593,197888,11620,236279,9650,434167,California
Riverside,2021-03-12,21164,686483,7929,350300,8499,326842,4736,9341,7099,196019,14031,250310,12162,446329,California
Riverside,2021-03-13,8400,694883,2510,352810,4685,331527,1205,10546,4302,197523,4079,254389,5583,451912,California
Riverside,2021-03-14,4622,699505,1585,354395,1741,333268,1296,11842,2039,198283,2572,256961,3332,455244,California
Riverside,2021-03-15,18694,718199,7855,362250,9167,342435,1672,13514,9205,199814,9446,266407,10977,466221,California
Riverside,2021-03-16,20903,739102,10142,372392,9946,352381,815,14329,11385,202629,9478,275885,12293,478514,California
Riverside,2021-03-17,21295,760397,10926,383318,9321,361702,1048,15377,12788,208053,8470,284355,13894,492408,California
Riverside,2021-03-18,22585,782982,11748,395066,9179,370881,1658,17035,12536,212254,10001,294356,14202,506610,California
Riverside,2021-03-19,24022,807004,12577,407643,10494,381375,951,17986,14031,217668,9935,304291,15349,521959,California
Riverside,2021-03-20,10607,817611,6845,414488,2596,383971,1166,19152,6820,221898,3756,308047,7986,529945,California
Riverside,2021-03-21,3684,821295,2878,417366,554,384525,252,19404,2524,223532,1143,309190,2777,532722,California
Riverside,2021-03-22,16644,837939,9929,427295,6162,390687,553,19957,10592,228674,6000,315190,11142,543864,California
Riverside,2021-03-23,18565,856504,10506,437801,7636,398323,423,20380,11942,234487,6566,321756,12379,556243,California
Riverside,2021-03-24,18698,875202,10422,448223,8156,406479,120,20500,12833,241629,5817,327573,12959,569202,California
Riverside,2021-03-25,21119,896321,11657,459880,9282,415761,180,20680,14164,249095,6885,334458,14351,583553,California
Riverside,2021-03-26,24107,920428,11898,471778,12036,427797,173,20853,14985,255235,9021,343479,15161,598714,California
Riverside,2021-03-27,9287,929715,4875,476653,3358,431155,1054,21907,4789,256603,4476,347955,5844,604558,California
Riverside,2021-03-28,4723,934438,3105,479758,1526,432681,92,21999,2814,257614,1896,349851,2907,607465,California
Riverside,2021-03-29,17666,952104,8444,488202,9105,441786,117,22116,10945,262009,6681,356532,11076,618541,California
Riverside,2021-03-30,18339,970443,9545,497747,8589,450375,205,22321,11702,267322,6598,363130,11911,630452,California
Riverside,2021-03-31,18061,988504,8400,506147,9360,459735,301,22622,11400,272419,6617,369747,11714,642166,California
Riverside,2021-04-01,25512,1014016,12470,518617,12277,472012,765,23387,16496,280747,8957,378704,17285,659451,California
Riverside,2021-04-02,26056,1040072,14037,532654,11076,483088,943,24330,16327,288568,9676,388380,17497,676948,California
Riverside,2021-04-03,9322,1049394,5924,538578,2816,485904,582,24912,6036,291924,3267,391647,6623,683571,California
Riverside,2021-04-04,3393,1052787,2062,540640,1091,486995,240,25152,1750,292284,1635,393282,1995,685566,California
Riverside,2021-04-05,18396,1071183,9431,550071,7122,494117,1843,26995,9903,295579,8457,401739,11752,697318,California
Riverside,2021-04-06,23741,1094924,12345,562416,9273,503390,2123,29118,13242,300494,10449,412188,15364,712682,California
Riverside,2021-04-07,24633,1119557,13236,575652,8903,512293,2494,31612,13678,305767,10911,423099,16184,728866,California
Riverside,2021-04-08,26941,1146498,14793,590445,9208,521501,2940,34552,16401,314611,10480,433579,19324,748190,California
Riverside,2021-04-09,26060,1172558,15331,605776,8307,529808,2422,36974,15924,322882,10094,443673,18365,766555,California
Riverside,2021-04-10,11942,1184500,6709,612485,3844,533652,1389,38363,5240,322842,6659,450332,6619,773174,California
Riverside,2021-04-11,4599,1189099,2730,615215,1249,534901,620,38983,2176,323225,2412,452744,2795,775969,California
Riverside,2021-04-12,20068,1209167,8912,624127,8520,543421,2636,41619,10060,325949,9970,462714,12694,788663,California
Riverside,2021-04-13,19896,1229063,11133,635260,8737,552158,26,41645,11361,328844,8494,471208,11389,800052,California
Riverside,2021-04-14,22031,1251094,12102,647362,9915,562073,14,41659,10799,328498,11163,482371,10817,810869,California
Riverside,2021-04-15,21677,1272771,12175,659537,9494,571567,8,41667,11352,329601,10258,492629,11361,822230,California
Riverside,2021-04-16,24930,1297701,14423,673960,10501,582068,6,41673,11609,327951,13272,505901,11622,833852,California
Riverside,2021-04-17,9857,1307558,6494,680454,3363,585431,0,41673,4976,328069,4865,510766,4983,838835,California
Riverside,2021-04-18,3857,1311415,2813,683267,1037,586468,7,41680,1839,327912,2005,512771,1848,840683,California
Riverside,2021-04-19,19480,1330895,11597,694864,7880,594348,3,41683,6974,322430,12464,525235,6982,847665,California
Riverside,2021-04-20,18855,1349750,9944,704808,8902,603250,9,41692,7729,319082,11089,536324,7741,855406,California
Riverside,2021-04-21,19486,1369236,11078,715886,8400,611650,8,41700,7681,315034,11744,548068,7696,863102,California
Riverside,2021-04-22,23217,1392453,13544,729430,9670,621320,3,41703,8665,309223,14484,562552,8673,871775,California
Riverside,2021-04-23,23317,1415770,13738,743168,9565,630885,14,41717,9178,304342,14081,576633,9200,880975,California
Riverside,2021-04-24,10470,1426240,7314,750482,3154,634039,2,41719,4850,303609,5586,582219,4853,885828,California
Riverside,2021-04-25,4201,1430441,2813,753295,1387,635426,1,41720,2190,303804,1997,584216,2192,888020,California
Riverside,2021-04-26,16479,1446920,10359,763654,6075,641501,45,41765,5534,298475,10912,595128,5583,893603,California
Riverside,2021-04-27,17644,1464564,10117,773771,7365,648866,162,41927,6097,293228,11505,606633,6258,899861,California
Riverside,2021-04-28,16417,1480981,8851,782622,7307,656173,259,42186,5544,288215,10816,617449,5803,905664,California
Riverside,2021-04-29,18668,1499649,11421,794043,6898,663071,349,42535,5384,280725,13221,630670,5731,911395,California
Riverside,2021-04-30,19657,1519306,11315,805358,7964,671035,378,42913,6289,274078,13317,643987,6670,918065,California
Riverside,2021-05-01,6751,1526057,4869,810227,1714,672749,168,43081,2314,272143,4415,648402,2480,920545,California
Riverside,2021-05-02,3350,1529407,2184,812411,958,673707,208,43289,1064,271151,2270,650672,1278,921823,California
Riverside,2021-05-03,17961,1547368,11014,823425,6460,680167,487,43776,4151,262036,13751,664423,4636,926459,California
Riverside,2021-05-04,17203,1564571,10924,834349,5863,686030,416,44192,4857,255021,12287,676710,5272,931731,California
Riverside,2021-05-05,15723,1580294,8917,843266,6452,692482,354,44546,4537,248779,11133,687843,4891,936622,California
Riverside,2021-05-06,17680,1597974,9941,853207,7331,699813,408,44954,4477,240532,13134,700977,4887,941509,California
Riverside,2021-05-07,20203,1618177,11557,864764,8219,708032,427,45381,5304,231440,14823,715800,5731,947240,California
Riverside,2021-05-08,6790,1624967,4520,869284,2045,710077,225,45606,2544,229995,4213,720013,2768,950008,California
Riverside,2021-05-09,2312,1627279,1518,870802,639,710716,155,45761,855,229559,1446,721459,1010,951018,California
Riverside,2021-05-10,9991,1637270,5114,875916,4501,715217,376,46137,2839,225674,7100,728559,3215,954233,California
Riverside,2021-05-11,13460,1650730,8107,884023,4859,720076,494,46631,3673,220138,9704,738263,4168,958401,California
Riverside,2021-05-12,11831,1662561,5745,889768,5816,725892,270,46901,3523,215671,8259,746522,3792,962193,California
Riverside,2021-05-13,13423,1675984,7940,897708,5220,731112,263,47164,4624,211806,8757,755279,4892,967085,California
Riverside,2021-05-14,17136,1693120,10798,908506,5623,736735,715,47879,6699,208843,10379,765658,7416,974501,California
Riverside,2021-05-15,9379,1702499,6739,915245,2325,739060,315,48194,4726,209263,4625,770283,5045,979546,California
Riverside,2021-05-16,3336,1705835,2430,917675,800,739860,106,48300,1600,209242,1725,772008,1704,981250,California
Riverside,2021-05-17,11369,1717204,7359,925034,3687,743547,323,48623,4985,208202,6349,778357,5309,986559,California
Riverside,2021-05-18,12035,1729239,7017,932051,4742,748289,276,48899,4219,204924,7772,786129,4494,991053,California
Riverside,2021-05-19,6567,1735806,4032,936083,2386,750675,149,49048,2874,204280,3670,789799,3026,994079,California
Sacramento,2020-12-15,317,317,317,317,0,0,0,0,317,317,0,0,317,317,California
Sacramento,2020-12-16,646,963,646,963,0,0,0,0,646,963,0,0,646,963,California
Sacramento,2020-12-17,649,1612,649,1612,0,0,0,0,649,1612,0,0,649,1612,California
Sacramento,2020-12-18,970,2582,970,2582,0,0,0,0,970,2582,0,0,970,2582,California
Sacramento,2020-12-19,612,3194,612,3194,0,0,0,0,612,3194,0,0,612,3194,California
Sacramento,2020-12-20,635,3829,635,3829,0,0,0,0,635,3829,0,0,635,3829,California
Sacramento,2020-12-21,1677,5506,1677,5506,0,0,0,0,1678,5507,0,0,1678,5507,California
Sacramento,2020-12-22,2098,7604,2065,7571,33,33,0,0,2098,7605,0,0,2098,7605,California
Sacramento,2020-12-23,2252,9856,2081,9652,171,204,0,0,2252,9857,0,0,2252,9857,California
Sacramento,2020-12-24,1046,10902,834,10486,212,416,0,0,1046,10903,0,0,1046,10903,California
Sacramento,2020-12-25,1,10903,0,10486,1,417,0,0,1,10904,0,0,1,10904,California
Sacramento,2020-12-26,509,11412,291,10777,218,635,0,0,509,11413,0,0,509,11413,California
Sacramento,2020-12-27,351,11763,247,11024,104,739,0,0,351,11764,0,0,351,11764,California
Sacramento,2020-12-28,1905,13668,1325,12349,580,1319,0,0,1904,13667,1,1,1904,13668,California
Sacramento,2020-12-29,1956,15624,1190,13539,766,2085,0,0,1956,15623,0,1,1956,15624,California
Sacramento,2020-12-30,2562,18186,1457,14996,1105,3190,0,0,2563,18186,0,1,2563,18187,California
Sacramento,2020-12-31,1229,19415,695,15691,534,3724,0,0,1230,19416,0,1,1230,19417,California
Sacramento,2021-01-01,81,19496,70,15761,11,3735,0,0,81,19497,0,1,81,19498,California
Sacramento,2021-01-02,565,20061,363,16124,202,3937,0,0,565,20062,0,1,565,20063,California
Sacramento,2021-01-03,412,20473,223,16347,189,4126,0,0,412,20474,0,1,412,20475,California
Sacramento,2021-01-04,1961,22434,848,17195,1113,5239,0,0,1959,22432,1,2,1959,22434,California
Sacramento,2021-01-05,2214,24648,987,18182,1227,6466,0,0,1860,23945,354,356,1867,24301,California
Sacramento,2021-01-06,2735,27383,1623,19805,1112,7578,0,0,1960,25133,772,1128,1960,26261,California
Sacramento,2021-01-07,2837,30220,1507,21312,1330,8908,0,0,1975,26249,859,1987,1975,28236,California
Sacramento,2021-01-08,3303,33523,2096,23408,1207,10115,0,0,2268,27487,1031,3018,2269,30505,California
Sacramento,2021-01-09,1291,34814,799,24207,492,10607,0,0,902,28002,387,3405,902,31407,California
Sacramento,2021-01-10,1247,36061,710,24917,537,11144,0,0,776,28309,470,3875,777,32184,California
Sacramento,2021-01-11,4353,40414,2963,27880,1390,12534,0,0,2413,28795,1939,5814,2425,34609,California
Sacramento,2021-01-12,4472,44886,3090,30970,1382,13916,0,0,2504,29336,1967,7781,2508,37117,California
Sacramento,2021-01-13,3795,48681,2172,33142,1623,15539,0,0,2384,30311,1410,9191,2385,39502,California
Sacramento,2021-01-14,4656,53337,2371,35513,2285,17824,0,0,3733,33125,919,10110,3733,43235,California
Sacramento,2021-01-15,4445,57782,2266,37779,2179,20003,0,0,3723,36128,721,10831,3724,46959,California
Sacramento,2021-01-16,2096,59878,1293,39072,803,20806,0,0,1879,37790,217,11048,1879,48838,California
Sacramento,2021-01-17,1647,61525,954,40026,693,21499,0,0,1469,39084,178,11226,1472,50310,California
Sacramento,2021-01-18,2872,64397,1777,41803,1095,22594,0,0,2338,40890,533,11759,2339,52649,California
Sacramento,2021-01-19,5029,69426,3078,44881,1951,24545,0,0,3754,43371,1275,13034,3756,56405,California
Sacramento,2021-01-20,4814,74240,2852,47733,1962,26507,0,0,3591,45742,1225,14259,3596,60001,California
Sacramento,2021-01-21,5218,79458,3011,50744,2207,28714,0,0,4251,49034,961,15220,4253,64254,California
Sacramento,2021-01-22,5012,84470,2679,53423,2333,31047,0,0,4711,53446,300,15520,4712,68966,California
Sacramento,2021-01-23,3737,88207,1562,54985,2175,33222,0,0,3278,56265,459,15979,3278,72244,California
Sacramento,2021-01-24,1608,89815,1001,55986,607,33829,0,0,1367,57392,241,16220,1368,73612,California
Sacramento,2021-01-25,4426,94241,2175,58161,2251,36080,0,0,2951,58870,1475,17695,2953,76565,California
Sacramento,2021-01-26,4728,98969,2140,60301,2588,38668,0,0,3524,61194,1202,18897,3526,80091,California
Sacramento,2021-01-27,5813,104782,3055,63356,2758,41426,0,0,4205,63796,1605,20502,4207,84298,California
Sacramento,2021-01-28,5382,110164,2728,66084,2654,44080,0,0,4288,66992,1093,21595,4289,88587,California
Sacramento,2021-01-29,5400,115564,2939,69023,2461,46541,0,0,4370,70341,1021,22616,4370,92957,California
Sacramento,2021-01-30,4514,120078,2206,71229,2308,48849,0,0,4078,73985,434,23050,4078,97035,California
Sacramento,2021-01-31,2321,122399,2027,73256,294,49143,0,0,2044,75756,275,23325,2046,99081,California
Sacramento,2021-02-01,5927,128326,3027,76283,2900,52043,0,0,4256,78346,1666,24991,4256,103337,California
Sacramento,2021-02-02,6939,135265,3769,80052,3170,55213,0,0,4799,81026,2121,27112,4801,108138,California
Sacramento,2021-02-03,7151,142416,3606,83658,3545,58758,0,0,5284,84455,1857,28969,5286,113424,California
Sacramento,2021-02-04,7726,150142,3646,87304,4080,62838,0,0,5501,87741,2215,31184,5501,118925,California
Sacramento,2021-02-05,7859,158001,4494,91798,3365,66203,0,0,4908,89724,2928,34112,4911,123836,California
Sacramento,2021-02-06,8459,166460,3469,95267,4990,71193,0,0,7118,95506,1337,35449,7119,130955,California
Sacramento,2021-02-07,4085,170545,2199,97466,1886,73079,0,0,2857,97145,1220,36669,2859,133814,California
Sacramento,2021-02-08,6201,176746,3209,100675,2992,76071,0,0,3887,98722,2310,38979,3887,137701,California
Sacramento,2021-02-09,6803,183549,3586,104261,3217,79288,0,0,4004,99938,2789,41768,4005,141706,California
Sacramento,2021-02-10,7671,191220,4179,108440,3492,82780,0,0,4534,101350,3124,44892,4536,146242,California
Sacramento,2021-02-11,9614,200834,5748,114188,3866,86646,0,0,5508,102770,4090,48982,5510,151752,California
Sacramento,2021-02-12,10671,211505,4145,118333,6526,93172,0,0,6402,104967,4208,53190,6405,158157,California
Sacramento,2021-02-13,7679,219184,2992,121325,4687,97859,0,0,6085,109462,1591,54781,6086,164243,California
Sacramento,2021-02-14,3173,222357,1953,123278,1220,99079,0,0,2087,110470,1083,55864,2091,166334,California
Sacramento,2021-02-15,5995,228352,2047,125325,3948,103027,0,0,4167,112819,1820,57684,4169,170503,California
Sacramento,2021-02-16,9234,237586,4204,129529,5030,108057,0,0,5317,114230,3910,61594,5321,175824,California
Sacramento,2021-02-17,8843,246429,4990,134519,3853,111910,0,0,5141,115684,3690,65284,5144,180968,California
Sacramento,2021-02-18,9563,255992,5721,140240,3842,115752,0,0,5705,117542,3850,69134,5708,186676,California
Sacramento,2021-02-19,10015,266007,6141,146381,3874,119626,0,0,5916,119378,4086,73220,5922,192598,California
Sacramento,2021-02-20,7751,273758,5727,152108,2024,121650,0,0,4695,121026,3048,76268,4696,197294,California
Sacramento,2021-02-21,2966,276724,2357,154465,609,122259,0,0,1037,120140,1923,78191,1037,198331,California
Sacramento,2021-02-22,6196,282920,3751,158216,2445,124704,0,0,2686,119331,3499,81690,2690,201021,California
Sacramento,2021-02-23,7151,290071,4447,162663,2704,127408,0,0,3470,119141,3665,85355,3475,204496,California
Sacramento,2021-02-24,9666,299737,5303,167966,4363,131771,0,0,5259,120014,4390,89745,5263,209759,California
Sacramento,2021-02-25,10938,310675,6242,174208,4696,136467,0,0,6410,121912,4512,94257,6410,216169,California
Sacramento,2021-02-26,13927,324602,6481,180689,7446,143913,0,0,9591,127202,4304,98561,9594,225763,California
Sacramento,2021-02-27,10831,335433,6730,187419,4098,148011,3,3,7959,132315,2849,101410,7962,233725,California
Sacramento,2021-02-28,5628,341061,2234,189653,3394,151405,0,3,2594,131891,3019,104429,2595,236320,California
Sacramento,2021-03-01,8067,349128,3484,193137,4582,155987,1,4,4361,132570,3685,108114,4364,240684,California
Sacramento,2021-03-02,9280,358408,4044,197181,5235,161222,1,5,5707,134725,3556,111670,5711,246395,California
Sacramento,2021-03-03,10955,369363,5019,202200,5933,167155,3,8,6535,136867,4399,116069,6541,252936,California
Sacramento,2021-03-04,13429,382792,6180,208380,7245,174400,4,12,7470,138420,5927,121996,7480,260416,California
Sacramento,2021-03-05,10602,393394,4898,213278,5674,180074,30,42,7046,141962,3534,125530,7076,267492,California
Sacramento,2021-03-06,8118,401512,3122,216400,4874,184948,122,164,4111,142205,3989,129519,4232,271724,California
Sacramento,2021-03-07,7602,409114,2210,218610,5305,190253,87,251,3740,142174,3856,133375,3825,275549,California
Sacramento,2021-03-08,9114,418228,4255,222865,4635,194888,224,475,5973,145240,3129,136504,6195,281744,California
Sacramento,2021-03-09,9589,427817,4558,227423,4740,199628,291,766,5517,146992,4056,140560,5808,287552,California
Sacramento,2021-03-10,11747,439564,7495,234918,3896,203524,356,1122,6864,149365,4848,145408,7221,294773,California
Sacramento,2021-03-11,15021,454585,9968,244886,4242,207766,811,1933,8928,153050,6053,151461,9738,304511,California
Sacramento,2021-03-12,17997,472582,8313,253199,8824,216590,860,2793,8842,153657,9103,160564,9710,314221,California
Sacramento,2021-03-13,12955,485537,3570,256769,8961,225551,424,3217,7860,156854,5084,165648,8281,322502,California
Sacramento,2021-03-14,8381,493918,3468,260237,4283,229834,630,3847,4468,158062,3889,169537,5097,327599,California
Sacramento,2021-03-15,12188,506106,4823,265060,6703,236537,662,4509,7086,160730,5081,174618,7749,335348,California
Sacramento,2021-03-16,13995,520101,6213,271273,7134,243671,648,5157,8643,164696,5319,179937,9285,344633,California
Sacramento,2021-03-17,13673,533774,6577,277850,6463,250134,633,5790,8817,169322,4829,184766,9455,354088,California
Sacramento,2021-03-18,15661,549435,8225,286075,6854,256988,582,6372,10105,174484,5525,190291,10687,364775,California
Sacramento,2021-03-19,15594,565029,7967,294042,6255,263243,1372,7744,8123,176532,7444,197735,9492,374267,California
Sacramento,2021-03-20,12896,577925,7533,301575,5024,268267,339,8083,8157,180323,4707,202442,8498,382765,California
Sacramento,2021-03-21,5594,583519,2750,304325,2805,271072,39,8122,4942,184666,640,203082,4983,387748,California
Sacramento,2021-03-22,9377,592896,4802,309127,3722,274794,853,8975,6285,188740,3065,206147,7139,394887,California
Sacramento,2021-03-23,11332,604228,6753,315880,3770,278564,809,9784,7308,192870,3985,210132,8115,403002,California
Sacramento,2021-03-24,11861,616089,7273,323153,3958,282522,630,10414,6752,195227,5028,215160,7385,410387,California
Sacramento,2021-03-25,14110,630199,8331,331484,4969,287491,810,11224,8562,199093,5504,220664,9370,419757,California
Sacramento,2021-03-26,18251,648450,8940,340424,8823,296314,488,11712,9231,199862,8952,229616,9721,429478,California
Sacramento,2021-03-27,9687,658137,3566,343990,5832,302146,289,12001,5209,200910,4446,234062,5494,434972,California
Sacramento,2021-03-28,6526,664663,3216,347206,3062,305208,248,12249,3125,200895,3391,237453,3376,438348,California
Sacramento,2021-03-29,11011,675674,5895,353101,4745,309953,371,12620,5207,200699,5776,243229,5580,443928,California
Sacramento,2021-03-30,11848,687522,6083,359184,5373,315326,392,13012,6037,201339,5788,249017,6428,450356,California
Sacramento,2021-03-31,13427,700949,7849,367033,5182,320508,396,13408,5679,199686,7720,256737,6067,456423,California
Sacramento,2021-04-01,17347,718296,10429,377462,6697,327205,221,13629,7323,197258,9987,266724,7559,463982,California
Sacramento,2021-04-02,17055,735351,9669,387131,6656,333861,730,14359,8976,198922,8048,274772,9712,473694,California
Sacramento,2021-04-03,10384,745735,6189,393320,3646,337507,549,14908,6386,201887,3970,278742,6935,480629,California
Sacramento,2021-04-04,3698,749433,1525,394845,1983,339490,190,15098,1454,201289,2239,280981,1641,482270,California
Sacramento,2021-04-05,12024,761457,7545,402390,3647,343137,832,15930,5377,200879,6613,287594,6203,488473,California
Sacramento,2021-04-06,15548,777005,8841,411231,5381,348518,1326,17256,6881,200448,8634,296228,8203,496676,California
Sacramento,2021-04-07,14709,791714,7963,419194,5164,353682,1582,18838,7110,201564,7566,303794,8682,505358,California
Sacramento,2021-04-08,14915,806629,6691,425885,5272,358954,2952,21790,5923,201467,8959,312753,8862,514220,California
Sacramento,2021-04-09,18102,824731,9256,435141,6662,365616,2184,23974,7322,200222,10743,323496,9498,523718,California
Sacramento,2021-04-10,12555,837286,3821,438962,7529,373145,1205,25179,5092,199057,7437,330933,6272,529990,California
Sacramento,2021-04-11,10715,848001,4318,443280,6173,379318,224,25403,3793,196177,6896,337829,4016,534006,California
Sacramento,2021-04-12,12887,860888,5007,448287,6017,385335,1863,27266,4926,195046,7905,345734,6774,540780,California
Sacramento,2021-04-13,16213,877101,9923,458210,6286,391621,4,27270,7542,193951,8644,354378,7549,548329,California
Sacramento,2021-04-14,14887,891988,7940,466150,6945,398566,2,27272,5888,190874,8970,363348,5893,554222,California
Sacramento,2021-04-15,16292,908280,8389,474539,7901,406467,2,27274,6608,187839,9647,372995,6612,560834,California
Sacramento,2021-04-16,17378,925658,9611,484150,7767,414234,0,27274,7876,186255,9462,382457,7878,568712,California
Sacramento,2021-04-17,15249,940907,6127,490277,9122,423356,0,27274,11036,193107,4189,386646,11041,579753,California
Sacramento,2021-04-18,8434,949341,3067,493344,5367,428723,0,27274,3745,192178,4675,391321,3746,583499,California
Sacramento,2021-04-19,10579,959920,5712,499056,4862,433585,5,27279,4703,191031,5857,397178,4710,588209,California
Sacramento,2021-04-20,11097,971017,6744,505800,4350,437935,3,27282,5909,191779,5168,402346,5916,594125,California
Sacramento,2021-04-21,11462,982479,6627,512427,4833,442768,2,27284,6223,192790,5215,407561,6226,600351,California
Sacramento,2021-04-22,14779,997258,9872,522299,4903,447671,4,27288,6812,191667,7941,415502,6818,607169,California
Sacramento,2021-04-23,15815,1013073,10003,532302,5812,453483,0,27288,7338,190566,8440,423942,7339,614508,California
Sacramento,2021-04-24,11315,1024388,7010,539312,4304,457787,1,27289,5936,191162,5342,429284,5938,620446,California
Sacramento,2021-04-25,7978,1032366,4482,543794,3496,461283,0,27289,4160,191518,3805,433089,4161,624607,California
Sacramento,2021-04-26,10204,1042570,6407,550201,3772,465055,25,27314,4681,190731,5494,438583,4707,629314,California
Sacramento,2021-04-27,11617,1054187,7637,557838,3860,468915,120,27434,5623,190508,5967,444550,5744,635058,California
Sacramento,2021-04-28,9996,1064183,5701,563539,4094,473009,201,27635,5352,191450,4616,449166,5558,640616,California
Sacramento,2021-04-29,10163,1074346,6791,570330,3067,476076,305,27940,5342,192311,4787,453953,5648,646264,California
Sacramento,2021-04-30,12416,1086762,7798,578128,4355,480431,263,28203,5866,191937,6504,460457,6130,652394,California
Sacramento,2021-05-01,7555,1094317,5464,583592,1918,482349,173,28376,2749,190088,4771,465228,2922,655316,California
Sacramento,2021-05-02,3812,1098129,3162,586754,542,482891,108,28484,2160,190720,1634,466862,2266,657582,California
Sacramento,2021-05-03,9084,1107213,7269,594023,1535,484426,280,28764,3939,189813,5121,471983,4214,661796,California
Sacramento,2021-05-04,9362,1116575,5686,599709,3369,487795,307,29071,3793,188385,5527,477510,4099,665895,California
Sacramento,2021-05-05,10946,1127521,5908,605617,4586,492381,452,29523,4415,186757,6491,484001,4863,670758,California
Sacramento,2021-05-06,11182,1138703,6209,611826,4672,497053,301,29824,4655,185491,6220,490221,4954,675712,California
Sacramento,2021-05-07,10601,1149304,6167,617993,4059,501112,375,30199,4471,184259,6079,496300,4847,680559,California
Sacramento,2021-05-08,8155,1157459,3817,621810,4109,505221,229,30428,2701,181767,5417,501717,2925,683484,California
Sacramento,2021-05-09,3168,1160627,1655,623465,1401,506622,112,30540,1192,181109,1962,503679,1304,684788,California
Sacramento,2021-05-10,8055,1168682,3728,627193,4058,510680,269,30809,1984,177321,6042,509721,2254,687042,California
Sacramento,2021-05-11,8065,1176747,5032,632225,2790,513470,243,31052,2787,175101,5248,514969,3028,690070,California
Sacramento,2021-05-12,7981,1184728,4740,636965,3009,516479,232,31284,2697,172780,5249,520218,2928,692998,California
Sacramento,2021-05-13,10792,1195520,6890,643855,3669,520148,233,31517,4075,170407,6685,526903,4312,697310,California
Sacramento,2021-05-14,12055,1207575,6803,650658,4961,525109,291,31808,4956,168604,7049,533952,5246,702556,California
Sacramento,2021-05-15,12299,1219874,7493,658151,4669,529778,137,31945,5398,167280,6863,540815,5539,708095,California
Sacramento,2021-05-16,5771,1225645,3976,662127,1691,531469,104,32049,1977,165587,3774,544589,2081,710176,California
Sacramento,2021-05-17,10257,1235902,6261,668388,3716,535185,280,32329,3985,163615,6241,550830,4269,714445,California
Sacramento,2021-05-18,7693,1243595,4718,673106,2811,537996,164,32493,2797,161713,4867,555697,2965,717410,California
Sacramento,2021-05-19,5515,1249110,3713,676819,1636,539632,166,32659,2719,161828,2771,558468,2886,720296,California
San Benito,2020-12-16,2,2,2,2,0,0,0,0,2,2,0,0,2,2,California
San Benito,2020-12-17,8,10,8,10,0,0,0,0,8,10,0,0,8,10,California
San Benito,2020-12-18,32,42,32,42,0,0,0,0,32,42,0,0,32,42,California
San Benito,2020-12-19,47,89,47,89,0,0,0,0,47,89,0,0,47,89,California
San Benito,2020-12-20,23,112,23,112,0,0,0,0,23,112,0,0,23,112,California
San Benito,2020-12-21,48,160,48,160,0,0,0,0,48,160,0,0,48,160,California
San Benito,2020-12-22,65,225,65,225,0,0,0,0,65,225,0,0,65,225,California
San Benito,2020-12-23,48,273,36,261,12,12,0,0,48,273,0,0,48,273,California
San Benito,2020-12-24,12,285,4,265,8,20,0,0,12,285,0,0,12,285,California
San Benito,2020-12-25,4,289,4,269,0,20,0,0,4,289,0,0,4,289,California
San Benito,2020-12-26,13,302,4,273,9,29,0,0,13,302,0,0,13,302,California
San Benito,2020-12-27,8,310,7,280,1,30,0,0,8,310,0,0,8,310,California
San Benito,2020-12-28,63,373,36,316,27,57,0,0,63,373,0,0,63,373,California
San Benito,2020-12-29,50,423,21,337,29,86,0,0,50,423,0,0,50,423,California
San Benito,2020-12-30,59,482,37,374,22,108,0,0,59,482,0,0,59,482,California
San Benito,2020-12-31,19,501,2,376,17,125,0,0,19,501,0,0,19,501,California
San Benito,2021-01-02,25,526,24,400,1,126,0,0,25,526,0,0,25,526,California
San Benito,2021-01-03,3,529,1,401,2,128,0,0,3,529,0,0,3,529,California
San Benito,2021-01-04,62,591,23,424,39,167,0,0,62,591,0,0,62,591,California
San Benito,2021-01-05,119,710,37,461,82,249,0,0,116,704,3,3,116,707,California
San Benito,2021-01-06,97,807,42,503,55,304,0,0,83,773,14,17,83,790,California
San Benito,2021-01-07,80,887,43,546,37,341,0,0,52,797,28,45,52,842,California
San Benito,2021-01-08,132,1019,68,614,64,405,0,0,88,841,44,89,88,930,California
San Benito,2021-01-09,43,1062,30,644,13,418,0,0,30,858,13,102,30,960,California
San Benito,2021-01-10,16,1078,14,658,2,420,0,0,5,852,11,113,5,965,California
San Benito,2021-01-11,100,1178,59,717,41,461,0,0,47,846,53,166,47,1012,California
San Benito,2021-01-12,157,1335,53,770,104,565,0,0,121,931,36,202,121,1133,California
San Benito,2021-01-13,191,1526,35,805,156,721,0,0,164,1068,27,229,164,1297,California
San Benito,2021-01-14,116,1642,23,828,93,814,0,0,99,1150,17,246,99,1396,California
San Benito,2021-01-15,214,1856,21,849,193,1007,0,0,200,1336,14,260,200,1596,California
San Benito,2021-01-16,27,1883,9,858,18,1025,0,0,21,1351,6,266,21,1617,California
San Benito,2021-01-17,11,1894,5,863,6,1031,0,0,8,1356,3,269,8,1625,California
San Benito,2021-01-18,36,1930,23,886,13,1044,0,0,21,1362,15,284,21,1646,California
San Benito,2021-01-19,152,2082,65,951,87,1131,0,0,125,1460,27,311,125,1771,California
San Benito,2021-01-20,275,2357,94,1045,181,1312,0,0,229,1644,45,356,229,2000,California
San Benito,2021-01-21,125,2482,32,1077,93,1405,0,0,100,1719,25,381,100,2100,California
San Benito,2021-01-22,231,2713,19,1096,212,1617,0,0,221,1930,10,391,221,2321,California
San Benito,2021-01-23,31,2744,17,1113,14,1631,0,0,13,1925,18,409,13,2334,California
San Benito,2021-01-24,11,2755,3,1116,8,1639,0,0,7,1928,4,413,7,2341,California
San Benito,2021-01-25,67,2822,25,1141,42,1681,0,0,21,1903,46,459,21,2362,California
San Benito,2021-01-26,134,2956,41,1182,93,1774,0,0,81,1931,53,512,81,2443,California
San Benito,2021-01-27,230,3186,69,1251,161,1935,0,0,190,2081,40,552,190,2633,California
San Benito,2021-01-28,155,3341,32,1283,123,2058,0,0,123,2173,31,583,123,2756,California
San Benito,2021-01-29,284,3625,31,1314,253,2311,0,0,261,2412,22,605,261,3017,California
San Benito,2021-01-30,51,3676,32,1346,19,2330,0,0,28,2417,23,628,28,3045,California
San Benito,2021-01-31,16,3692,5,1351,11,2341,0,0,11,2423,5,633,11,3056,California
San Benito,2021-02-01,133,3825,28,1379,105,2446,0,0,89,2468,44,677,89,3145,California
San Benito,2021-02-02,226,4051,49,1428,177,2623,0,0,136,2514,90,767,136,3281,California
San Benito,2021-02-03,336,4387,42,1470,294,2917,0,0,272,2722,64,831,272,3553,California
San Benito,2021-02-04,162,4549,24,1494,138,3055,0,0,118,2796,44,875,118,3671,California
San Benito,2021-02-05,291,4840,40,1534,251,3306,0,0,228,2961,63,938,228,3899,California
San Benito,2021-02-06,49,4889,9,1543,40,3346,0,0,32,2976,17,955,32,3931,California
San Benito,2021-02-07,15,4904,7,1550,8,3354,0,0,14,2989,1,956,14,3945,California
San Benito,2021-02-08,138,5042,15,1565,123,3477,0,0,92,3035,46,1002,92,4037,California
San Benito,2021-02-09,327,5369,64,1629,263,3740,0,0,194,3096,133,1135,194,4231,California
San Benito,2021-02-10,320,5689,88,1717,232,3972,0,0,111,2999,208,1343,111,4342,California
San Benito,2021-02-11,297,5986,33,1750,264,4236,0,0,199,3100,98,1441,199,4541,California
San Benito,2021-02-12,411,6397,30,1780,381,4617,0,0,207,3104,203,1644,207,4748,California
San Benito,2021-02-13,57,6454,8,1788,49,4666,0,0,43,3133,14,1658,43,4791,California
San Benito,2021-02-14,40,6494,5,1793,35,4701,0,0,30,3153,10,1668,30,4821,California
San Benito,2021-02-15,105,6599,9,1802,96,4797,0,0,94,3236,11,1679,94,4915,California
San Benito,2021-02-16,205,6804,11,1813,194,4991,0,0,101,3233,104,1783,101,5016,California
San Benito,2021-02-17,327,7131,30,1843,297,5288,0,0,278,3462,49,1832,278,5294,California
San Benito,2021-02-18,293,7424,38,1881,255,5543,0,0,72,3313,221,2053,72,5366,California
San Benito,2021-02-19,342,7766,45,1926,297,5840,0,0,177,3325,165,2218,177,5543,California
San Benito,2021-02-20,45,7811,26,1952,19,5859,0,0,36,3352,9,2227,36,5579,California
San Benito,2021-02-21,23,7834,8,1960,15,5874,0,0,14,3357,9,2236,14,5593,California
San Benito,2021-02-22,133,7967,36,1996,97,5971,0,0,99,3423,33,2269,99,5692,California
San Benito,2021-02-23,374,8341,92,2088,282,6253,0,0,262,3573,112,2381,262,5954,California
San Benito,2021-02-24,378,8719,64,2152,314,6567,0,0,238,3671,140,2521,238,6192,California
San Benito,2021-02-25,393,9112,63,2215,330,6897,0,0,272,3820,123,2644,272,6464,California
San Benito,2021-02-26,640,9752,72,2287,568,7465,0,0,397,3974,243,2887,397,6861,California
San Benito,2021-02-27,98,9850,36,2323,62,7527,0,0,83,4042,15,2902,83,6944,California
San Benito,2021-02-28,249,10099,24,2347,225,7752,0,0,240,4273,9,2911,240,7184,California
San Benito,2021-03-01,224,10323,59,2406,165,7917,0,0,155,4358,70,2981,155,7339,California
San Benito,2021-03-02,279,10602,93,2499,186,8103,0,0,209,4497,70,3051,209,7548,California
San Benito,2021-03-03,396,10998,58,2557,338,8441,0,0,220,4543,174,3225,220,7768,California
San Benito,2021-03-04,612,11610,126,2683,471,8912,15,15,430,4795,182,3407,434,8202,California
San Benito,2021-03-05,582,12192,305,2988,265,9177,12,27,373,4972,208,3615,385,8587,California
San Benito,2021-03-06,192,12384,68,3056,110,9287,14,41,140,5074,52,3667,154,8741,California
San Benito,2021-03-07,647,13031,603,3659,22,9309,22,63,615,5679,32,3699,637,9378,California
San Benito,2021-03-08,288,13319,66,3725,176,9485,46,109,167,5771,121,3820,213,9591,California
San Benito,2021-03-09,424,13743,84,3809,241,9726,99,208,138,5696,285,4105,210,9801,California
San Benito,2021-03-10,403,14146,114,3923,194,9920,95,303,233,5854,170,4275,328,10129,California
San Benito,2021-03-11,467,14613,119,4042,196,10116,152,455,206,5951,261,4536,358,10487,California
San Benito,2021-03-12,513,15126,117,4159,301,10417,95,550,230,5996,281,4817,326,10813,California
San Benito,2021-03-13,202,15328,101,4260,83,10500,18,568,128,6071,71,4888,146,10959,California
San Benito,2021-03-14,232,15560,40,4300,172,10672,20,588,180,6220,51,4939,200,11159,California
San Benito,2021-03-15,325,15885,100,4400,206,10878,19,607,191,6296,134,5073,210,11369,California
San Benito,2021-03-16,499,16384,219,4619,249,11127,31,638,352,6531,147,5220,382,11751,California
San Benito,2021-03-17,785,17169,476,5095,288,11415,21,659,558,6879,223,5443,571,12322,California
San Benito,2021-03-18,786,17955,525,5620,206,11621,55,714,572,7285,212,5655,618,12940,California
San Benito,2021-03-19,777,18732,404,6024,350,11971,23,737,577,7685,200,5855,600,13540,California
San Benito,2021-03-20,241,18973,148,6172,81,12052,12,749,185,7826,56,5911,197,13737,California
San Benito,2021-03-21,108,19081,56,6228,47,12099,5,754,81,7885,27,5938,86,13823,California
San Benito,2021-03-22,345,19426,170,6398,150,12249,25,779,221,8007,124,6062,246,14069,California
San Benito,2021-03-23,478,19904,199,6597,269,12518,10,789,215,7968,263,6325,224,14293,California
San Benito,2021-03-24,575,20479,305,6902,263,12781,7,796,360,8121,214,6539,367,14660,California
San Benito,2021-03-25,742,21221,441,7343,297,13078,4,800,441,8269,297,6836,445,15105,California
San Benito,2021-03-26,1002,22223,518,7861,481,13559,3,803,333,7937,668,7504,336,15441,California
San Benito,2021-03-27,335,22558,186,8047,116,13675,33,836,216,8069,118,7622,250,15691,California
San Benito,2021-03-28,694,23252,571,8618,118,13793,5,841,125,7630,569,8191,130,15821,California
San Benito,2021-03-29,344,23596,109,8727,215,14008,20,861,149,7603,195,8386,168,15989,California
San Benito,2021-03-30,573,24169,269,8996,210,14218,94,955,288,7700,285,8671,382,16371,California
San Benito,2021-03-31,585,24754,358,9354,203,14421,24,979,334,7810,248,8919,358,16729,California
San Benito,2021-04-01,935,25689,376,9730,521,14942,38,1017,559,8026,375,9294,591,17320,California
San Benito,2021-04-02,541,26230,264,9994,142,15084,135,1152,267,8154,274,9568,402,17722,California
San Benito,2021-04-03,253,26483,87,10081,104,15188,62,1214,75,8113,178,9746,137,17859,California
San Benito,2021-04-04,144,26627,109,10190,30,15218,5,1219,107,8188,37,9783,112,17971,California
San Benito,2021-04-05,352,26979,170,10360,140,15358,42,1261,143,8163,209,9992,184,18155,California
San Benito,2021-04-06,460,27439,161,10521,124,15482,175,1436,156,8190,304,10296,331,18486,California
San Benito,2021-04-07,935,28374,522,11043,224,15706,189,1625,264,7974,669,10965,453,18939,California
San Benito,2021-04-08,855,29229,429,11472,176,15882,250,1875,223,7816,631,11596,473,19412,California
San Benito,2021-04-09,837,30066,496,11968,251,16133,90,1965,289,7647,548,12144,379,19791,California
San Benito,2021-04-10,327,30393,199,12167,71,16204,57,2022,181,7739,146,12290,238,20029,California
San Benito,2021-04-11,471,30864,270,12437,167,16371,34,2056,263,7808,208,12498,277,20306,California
San Benito,2021-04-12,529,31393,286,12723,131,16502,112,2168,278,7944,250,12748,386,20692,California
San Benito,2021-04-13,754,32147,291,13014,440,16942,23,2191,523,8261,230,12978,547,21239,California
San Benito,2021-04-14,829,32976,651,13665,178,17120,0,2191,395,8227,429,13407,395,21634,California
San Benito,2021-04-15,940,33916,732,14397,207,17327,1,2192,467,8223,472,13879,468,22102,California
San Benito,2021-04-16,700,34616,367,14764,324,17651,9,2201,295,8125,402,14281,304,22406,California
San Benito,2021-04-17,314,34930,225,14989,89,17740,0,2201,127,8063,189,14470,127,22533,California
San Benito,2021-04-18,492,35422,411,15400,81,17821,0,2201,241,8054,251,14721,242,22775,California
San Benito,2021-04-19,730,36152,588,15988,142,17963,0,2201,411,8148,318,15039,412,23187,California
San Benito,2021-04-20,764,36916,400,16388,363,18326,1,2202,490,8369,269,15308,490,23677,California
San Benito,2021-04-21,954,37870,702,17090,252,18578,0,2202,521,8471,419,15727,521,24198,California
San Benito,2021-04-22,894,38764,692,17782,202,18780,0,2202,568,8721,318,16045,568,24766,California
San Benito,2021-04-23,627,39391,395,18177,231,19011,1,2203,339,8822,239,16284,340,25106,California
San Benito,2021-04-24,356,39747,203,18380,153,19164,0,2203,165,8835,152,16436,165,25271,California
San Benito,2021-04-25,200,39947,123,18503,77,19241,0,2203,89,8832,92,16528,89,25360,California
San Benito,2021-04-26,480,40427,384,18887,96,19337,0,2203,254,8920,166,16694,254,25614,California
San Benito,2021-04-27,537,40964,278,19165,252,19589,7,2210,402,9204,125,16819,409,26023,California
San Benito,2021-04-28,541,41505,384,19549,148,19737,9,2219,378,9432,158,16977,386,26409,California
San Benito,2021-04-29,621,42126,230,19779,381,20118,10,2229,246,9330,375,17352,273,26682,California
San Benito,2021-04-30,370,42496,205,19984,158,20276,7,2236,198,9365,170,17522,205,26887,California
San Benito,2021-05-01,194,42690,143,20127,43,20319,8,2244,65,9311,127,17649,73,26960,California
San Benito,2021-05-02,189,42879,161,20288,24,20343,4,2248,58,9242,131,17780,62,27022,California
San Benito,2021-05-03,356,43235,281,20569,66,20409,9,2257,84,9065,272,18052,95,27117,California
San Benito,2021-05-04,401,43636,243,20812,150,20559,8,2265,148,8969,251,18303,155,27272,California
San Benito,2021-05-05,600,44236,423,21235,161,20720,16,2281,210,8807,388,18691,226,27498,California
San Benito,2021-05-06,610,44846,484,21719,111,20831,15,2296,220,8656,386,19077,235,27733,California
San Benito,2021-05-07,447,45293,284,22003,153,20984,10,2306,172,8568,273,19350,185,27918,California
San Benito,2021-05-08,275,45568,224,22227,46,21030,5,2311,158,8614,117,19467,163,28081,California
San Benito,2021-05-09,100,45668,75,22302,22,21052,3,2314,47,8611,53,19520,50,28131,California
San Benito,2021-05-10,406,46074,320,22622,62,21114,24,2338,51,8332,355,19875,76,28207,California
San Benito,2021-05-11,806,46880,407,23029,385,21499,14,2352,177,7897,627,20502,192,28399,California
San Benito,2021-05-12,481,47361,388,23417,82,21581,11,2363,114,7657,366,20868,126,28525,California
San Benito,2021-05-13,658,48019,560,23977,86,21667,12,2375,166,7344,490,21358,177,28702,California
San Benito,2021-05-14,585,48604,428,24405,150,21817,7,2382,224,7215,360,21718,231,28933,California
San Benito,2021-05-15,214,48818,162,24567,45,21862,7,2389,119,7246,95,21813,126,29059,California
San Benito,2021-05-16,151,48969,122,24689,27,21889,2,2391,85,7267,66,21879,87,29146,California
San Benito,2021-05-17,370,49339,303,24992,58,21947,9,2400,175,7257,194,22073,184,29330,California
San Benito,2021-05-18,612,49951,305,25297,301,22248,6,2406,175,7002,437,22510,182,29512,California
San Benito,2021-05-19,263,50214,177,25474,79,22327,7,2413,83,6913,179,22689,90,29602,California
San Bernardino,2020-12-15,13,13,13,13,0,0,0,0,13,13,0,0,13,13,California
San Bernardino,2020-12-16,108,121,108,121,0,0,0,0,108,121,0,0,108,121,California
San Bernardino,2020-12-17,2359,2480,2359,2480,0,0,0,0,2359,2480,0,0,2359,2480,California
San Bernardino,2020-12-18,3143,5623,3140,5620,3,3,0,0,3144,5624,0,0,3144,5624,California
San Bernardino,2020-12-19,1070,6693,1069,6689,1,4,0,0,1071,6695,0,0,1071,6695,California
San Bernardino,2020-12-20,1179,7872,1176,7865,3,7,0,0,1179,7874,0,0,1179,7874,California
San Bernardino,2020-12-21,2452,10324,2447,10312,5,12,0,0,2452,10326,0,0,2452,10326,California
San Bernardino,2020-12-22,2271,12595,2144,12456,127,139,0,0,2272,12598,0,0,2272,12598,California
San Bernardino,2020-12-23,2649,15244,1456,13912,1193,1332,0,0,2647,15245,0,0,2647,15245,California
San Bernardino,2020-12-24,1158,16402,581,14493,577,1909,0,0,1160,16405,0,0,1160,16405,California
San Bernardino,2020-12-25,75,16477,14,14507,61,1970,0,0,75,16480,0,0,75,16480,California
San Bernardino,2020-12-26,462,16939,254,14761,208,2178,0,0,462,16942,0,0,462,16942,California
San Bernardino,2020-12-27,344,17283,161,14922,183,2361,0,0,344,17286,0,0,344,17286,California
San Bernardino,2020-12-28,1570,18853,713,15635,857,3218,0,0,1571,18857,0,0,1571,18857,California
San Bernardino,2020-12-29,2215,21068,1045,16680,1170,4388,0,0,2215,21072,0,0,2215,21072,California
San Bernardino,2020-12-30,2896,23964,1460,18140,1436,5824,0,0,2897,23969,0,0,2897,23969,California
San Bernardino,2020-12-31,1358,25322,439,18579,919,6743,0,0,1356,25325,0,0,1356,25325,California
San Bernardino,2021-01-01,284,25606,151,18730,133,6876,0,0,283,25608,0,0,283,25608,California
San Bernardino,2021-01-02,475,26081,339,19069,136,7012,0,0,475,26083,0,0,475,26083,California
San Bernardino,2021-01-03,136,26217,86,19155,50,7062,0,0,136,26219,0,0,136,26219,California
San Bernardino,2021-01-04,2125,28342,1289,20444,836,7898,0,0,2124,28343,0,0,2124,28343,California
San Bernardino,2021-01-05,2336,30678,1462,21906,874,8772,0,0,2226,30460,109,109,2226,30569,California
San Bernardino,2021-01-06,3439,34117,2353,24259,1086,9858,0,0,2945,32918,488,597,2946,33515,California
San Bernardino,2021-01-07,5422,39539,4508,28767,914,10772,0,0,2483,32481,2920,3517,2483,35998,California
San Bernardino,2021-01-08,5372,44911,4450,33217,922,11694,0,0,2292,31698,3076,6593,2293,38291,California
San Bernardino,2021-01-09,1403,46314,1101,34318,302,11996,0,0,905,32106,498,7091,906,39197,California
San Bernardino,2021-01-10,1025,47339,597,34915,428,12424,0,0,576,32233,449,7540,576,39773,California
San Bernardino,2021-01-11,4982,52321,4074,38989,908,13332,0,0,2769,32792,2210,9750,2769,42542,California
San Bernardino,2021-01-12,4233,56554,3218,42207,1015,14347,0,0,2519,33598,1713,11463,2519,45061,California
San Bernardino,2021-01-13,4564,61118,2848,45055,1716,16063,0,0,3343,35733,1209,12672,3344,48405,California
San Bernardino,2021-01-14,4797,65915,2820,47875,1977,18040,0,0,4215,39370,578,13250,4215,52620,California
San Bernardino,2021-01-15,5990,71905,2978,50853,3012,21052,0,0,5593,44579,387,13637,5596,58216,California
San Bernardino,2021-01-16,2261,74166,1294,52147,967,22019,0,0,2119,46556,142,13779,2119,60335,California
San Bernardino,2021-01-17,1192,75358,517,52664,675,22694,0,0,1102,47571,89,13868,1104,61439,California
San Bernardino,2021-01-18,4272,79630,2640,55304,1632,24326,0,0,3649,50601,622,14490,3652,65091,California
San Bernardino,2021-01-19,6318,85948,3715,59019,2603,26929,0,0,5226,54739,1090,15580,5228,70319,California
San Bernardino,2021-01-20,6829,92777,3757,62776,3072,30001,0,0,4882,57684,1939,17519,4884,75203,California
San Bernardino,2021-01-21,5996,98773,3083,65859,2913,32914,0,0,4876,61452,1111,18630,4879,80082,California
San Bernardino,2021-01-22,6527,105300,3055,68914,3472,36386,0,0,5803,66534,722,19352,5804,85886,California
San Bernardino,2021-01-23,3111,108411,1892,70806,1219,37605,0,0,2721,68866,389,19741,2721,88607,California
San Bernardino,2021-01-24,1195,109606,462,71268,733,38338,0,0,1094,69859,101,19842,1094,89701,California
San Bernardino,2021-01-25,6885,116491,3406,74674,3479,41817,0,0,5026,73032,1856,21698,5029,94730,California
San Bernardino,2021-01-26,7113,123604,3572,78246,3541,45358,0,0,5016,75952,2097,23795,5017,99747,California
San Bernardino,2021-01-27,8497,132101,4146,82392,4351,49709,0,0,5699,78861,2790,26585,5699,105446,California
San Bernardino,2021-01-28,8596,140697,4084,86476,4512,54221,0,0,6271,82812,2320,28905,6271,111717,California
San Bernardino,2021-01-29,8194,148891,3774,90250,4420,58641,0,0,6222,87077,1958,30863,6223,117940,California
San Bernardino,2021-01-30,3096,151987,1903,92153,1193,59834,0,0,2807,89596,288,31151,2807,120747,California
San Bernardino,2021-01-31,924,152911,494,92647,430,60264,0,0,870,90413,53,31204,870,121617,California
San Bernardino,2021-02-01,7562,160473,4242,96889,3320,63584,0,0,4936,92727,2623,33827,4937,126554,California
San Bernardino,2021-02-02,10441,170914,3656,100545,6785,70369,0,0,8375,99041,2062,35889,8376,134930,California
San Bernardino,2021-02-03,9005,179919,4152,104697,4853,75222,0,0,6507,103059,2490,38379,6508,141438,California
San Bernardino,2021-02-04,10532,190451,5202,109899,5330,80552,0,0,7421,107380,3100,41479,7421,148859,California
San Bernardino,2021-02-05,11005,201456,5914,115813,5091,85643,0,0,7477,111341,3517,44996,7478,156337,California
San Bernardino,2021-02-06,5264,206720,2213,118026,3051,88694,0,0,3624,113353,1615,46611,3627,159964,California
San Bernardino,2021-02-07,844,207564,490,118516,354,89048,0,0,466,113445,375,46986,467,160431,California
San Bernardino,2021-02-08,7281,214845,3880,122396,3401,92449,0,0,5609,117385,1669,48655,5609,166040,California
San Bernardino,2021-02-09,10037,224882,5813,128209,4224,96673,0,0,6799,120953,3234,51889,6802,172842,California
San Bernardino,2021-02-10,12162,237044,6541,134750,5621,102294,0,0,7981,124765,4170,56059,7982,180824,California
San Bernardino,2021-02-11,12422,249466,7127,141877,5295,107589,0,0,7923,128215,4476,60535,7926,188750,California
San Bernardino,2021-02-12,10407,259873,5947,147824,4460,112049,0,0,5689,129202,4702,65237,5689,194439,California
San Bernardino,2021-02-13,6039,265912,4014,151838,2025,114074,0,0,3795,130774,2228,67465,3800,198239,California
San Bernardino,2021-02-14,1553,267465,652,152490,901,114975,0,0,874,130977,671,68136,874,199113,California
San Bernardino,2021-02-15,5463,272928,2995,155485,2468,117443,0,0,3056,131640,2393,70529,3056,202169,California
San Bernardino,2021-02-16,12613,285541,7382,162867,5231,122674,0,0,7966,134973,4634,75163,7967,210136,California
San Bernardino,2021-02-17,11799,297340,6458,169325,5341,128015,0,0,7143,137479,4639,79802,7145,217281,California
San Bernardino,2021-02-18,12479,309819,7592,176917,4887,132902,0,0,7702,140420,4762,84564,7703,224984,California
San Bernardino,2021-02-19,11515,321334,5940,182857,5575,138477,0,0,6811,142548,4683,89247,6811,231795,California
San Bernardino,2021-02-20,4524,325858,3473,186330,1051,139528,0,0,2042,142113,2479,91726,2044,233839,California
San Bernardino,2021-02-21,1124,326982,668,186998,456,139984,0,0,389,141767,735,92461,389,234228,California
San Bernardino,2021-02-22,8655,335637,5340,192338,3315,143299,0,0,4039,141202,4605,97066,4040,238268,California
San Bernardino,2021-02-23,9122,344759,5446,197784,3676,146975,0,0,4589,141289,4502,101568,4589,242857,California
San Bernardino,2021-02-24,12432,357191,7173,204957,5259,152234,0,0,6150,141184,6256,107824,6151,249008,California
San Bernardino,2021-02-25,13070,370261,6289,211246,6781,159015,0,0,7615,143365,5437,113261,7618,256626,California
San Bernardino,2021-02-26,13613,383874,6381,217627,7232,166247,0,0,7584,144986,5965,119226,7586,264212,California
San Bernardino,2021-02-27,6661,390535,3724,221351,2936,169183,1,1,4811,147960,1838,121064,4812,269024,California
San Bernardino,2021-02-28,1760,392295,730,222081,1030,170213,0,1,1135,148475,620,121684,1135,270159,California
San Bernardino,2021-03-01,8437,400732,4360,226441,4074,174287,3,4,3841,147755,4572,126256,3852,274011,California
San Bernardino,2021-03-02,13843,414575,5535,231976,8308,182595,0,4,6541,147029,7270,133526,6544,280555,California
San Bernardino,2021-03-03,12857,427432,6516,238492,6338,188933,3,7,6006,146214,6830,140356,6015,286570,California
San Bernardino,2021-03-04,13746,441178,6904,245396,6842,195775,0,7,5975,144443,7750,148106,5979,292549,California
San Bernardino,2021-03-05,14394,455572,7536,252932,6857,202632,1,8,7030,144159,7333,155439,7049,299598,California
San Bernardino,2021-03-06,9716,465288,5457,258389,4044,206676,215,223,4550,143772,5150,160589,4763,304361,California
San Bernardino,2021-03-07,1649,466937,1001,259390,592,207268,56,279,1045,144271,602,161191,1101,305462,California
San Bernardino,2021-03-08,8069,475006,3569,262959,4341,211609,159,438,3591,143553,4471,165662,3753,309215,California
San Bernardino,2021-03-09,13068,488074,7479,270438,5345,216954,244,682,5280,141305,7773,173435,5525,314740,California
San Bernardino,2021-03-10,14203,502277,7846,278284,5802,222756,555,1237,6354,140397,7821,181256,6913,321653,California
San Bernardino,2021-03-11,15548,517825,7181,285465,6780,229536,1587,2824,7368,141189,8158,189414,8950,330603,California
San Bernardino,2021-03-12,15444,533269,6839,292304,6560,236096,2045,4869,7311,142487,8103,197517,9401,340004,California
San Bernardino,2021-03-13,8295,541564,4502,296806,3281,239377,512,5381,4906,144529,3378,200895,5420,345424,California
San Bernardino,2021-03-14,3221,544785,1613,298419,1034,240411,574,5955,1785,145453,1429,202324,2353,347777,California
San Bernardino,2021-03-15,11349,556134,5339,303758,3976,244387,2034,7989,5548,147241,5787,208111,7575,355352,California
San Bernardino,2021-03-16,16148,572282,7985,311743,7218,251605,945,8934,9869,151798,6253,214364,10810,366162,California
San Bernardino,2021-03-17,17311,589593,8597,320340,7964,259569,750,9684,10490,156237,6800,221164,11239,377401,California
San Bernardino,2021-03-18,16577,606170,8196,328536,7996,267565,385,10069,9834,159737,6717,227881,10217,387618,California
San Bernardino,2021-03-19,16883,623053,8341,336877,7954,275519,588,10657,9696,162912,7163,235044,10338,397956,California
San Bernardino,2021-03-20,9395,632448,5918,342795,2888,278407,589,11246,5548,165222,3823,238867,6133,404089,California
San Bernardino,2021-03-21,2760,635208,2241,345036,471,278878,48,11294,2228,166978,520,239387,2276,406365,California
San Bernardino,2021-03-22,9587,644795,4499,349535,4653,283531,435,11729,6943,171732,2624,242011,7378,413743,California
San Bernardino,2021-03-23,15462,660257,8770,358305,6073,289604,619,12348,9575,176058,5867,247878,10193,423936,California
San Bernardino,2021-03-24,15100,675357,7793,366098,7006,296610,301,12649,10030,181355,5035,252913,10332,434268,California
San Bernardino,2021-03-25,16975,692332,8313,374411,8365,304975,297,12946,10767,186257,6159,259072,11061,445329,California
San Bernardino,2021-03-26,18077,710409,8595,383006,8713,313688,769,13715,10815,190610,7232,266304,11585,456914,California
San Bernardino,2021-03-27,10773,721182,6940,389946,3081,316769,752,14467,6158,192926,4592,270896,6908,463822,California
San Bernardino,2021-03-28,3535,724717,2469,392415,953,317722,113,14580,2462,194434,1066,271962,2574,466396,California
San Bernardino,2021-03-29,11737,736454,6086,398501,5254,322976,397,14977,7943,198997,3777,275739,8340,474736,California
San Bernardino,2021-03-30,16917,753371,9438,407939,6767,329743,712,15689,10501,203819,6382,282121,11204,485940,California
San Bernardino,2021-03-31,16408,769779,9193,417132,6581,336324,634,16323,10807,209691,5573,287694,11445,497385,California
San Bernardino,2021-04-01,19514,789293,10281,427413,7866,344190,1367,17690,12577,216733,6898,294592,13940,511325,California
San Bernardino,2021-04-02,18675,807968,9378,436791,8021,352211,1276,18966,11293,221991,7358,301950,12616,523941,California
San Bernardino,2021-04-03,11033,819001,6879,443670,3029,355240,1125,20091,6045,224198,4970,306920,7177,531118,California
San Bernardino,2021-04-04,2484,821485,1496,445166,740,355980,248,20339,1275,224520,1204,308124,1526,532644,California
San Bernardino,2021-04-05,11743,833228,5270,450436,4743,360723,1730,22069,6012,226545,5712,313836,7737,540381,California
San Bernardino,2021-04-06,19677,852905,11069,461505,6502,367225,2106,24175,10447,229903,9191,323027,12549,552930,California
San Bernardino,2021-04-07,20862,873767,11161,472666,7235,374460,2466,26641,11406,234343,9427,332454,13867,566797,California
San Bernardino,2021-04-08,21698,895465,11088,483754,8019,382479,2591,29232,11944,239142,9728,342182,14527,581324,California
San Bernardino,2021-04-09,21603,917068,10980,494734,8076,390555,2547,31779,11797,243703,9771,351953,14332,595656,California
San Bernardino,2021-04-10,15573,932641,8062,502796,3817,394372,3694,35473,7745,247320,7809,359762,11426,607082,California
San Bernardino,2021-04-11,4403,937044,2568,505364,885,395257,950,36423,2043,247955,2354,362116,2989,610071,California
San Bernardino,2021-04-12,13342,950386,6182,511546,5520,400777,1640,38063,6329,248925,6993,369109,7963,618034,California
San Bernardino,2021-04-13,19220,969606,10952,522498,8249,409026,19,38082,11015,251781,8179,377288,11035,629069,California
San Bernardino,2021-04-14,19177,988783,10257,532755,8917,417943,3,38085,10855,254349,8291,385579,10859,639928,California
San Bernardino,2021-04-15,20233,1009016,11311,544066,8916,426859,6,38091,10762,255682,9435,395014,10768,650696,California
San Bernardino,2021-04-16,18542,1027558,10526,554592,8015,434874,1,38092,9144,255470,9356,404370,9144,659840,California
San Bernardino,2021-04-17,11912,1039470,7840,562432,4072,438946,0,38092,6258,256107,5621,409991,6258,666098,California
San Bernardino,2021-04-18,2882,1042352,1975,564407,907,439853,0,38092,1315,255867,1555,411546,1315,667413,California
San Bernardino,2021-04-19,12527,1054879,6678,571085,5849,445702,0,38092,4880,253126,7625,419171,4884,672297,California
San Bernardino,2021-04-20,17582,1072461,9805,580890,7774,453476,3,38095,8056,251680,9505,428676,8059,680356,California
San Bernardino,2021-04-21,18026,1090487,10301,591191,7723,461199,2,38097,7972,249657,9997,438673,7974,688330,California
San Bernardino,2021-04-22,19114,1109601,10916,602107,8194,469393,4,38101,7846,246292,11215,449888,7850,696180,California
San Bernardino,2021-04-23,18388,1127989,10522,612629,7865,477258,1,38102,8093,244138,10250,460138,8096,704276,California
San Bernardino,2021-04-24,12780,1140769,9459,622088,3319,480577,2,38104,6887,245150,5877,466015,6889,711165,California
San Bernardino,2021-04-25,3407,1144176,2235,624323,1172,481749,0,38104,1689,245136,1704,467719,1690,712855,California
San Bernardino,2021-04-26,10457,1154633,5604,629927,4764,486513,89,38193,4425,243653,5996,473715,4513,717368,California
San Bernardino,2021-04-27,15850,1170483,9563,639490,6118,492631,169,38362,6482,240977,9326,483041,6650,724018,California
San Bernardino,2021-04-28,14641,1185124,8693,648183,5678,498309,270,38632,5268,237160,9346,492387,5529,729547,California
San Bernardino,2021-04-29,16084,1201208,9270,657453,6545,504854,269,38901,5336,232057,10705,503092,5602,735149,California
San Bernardino,2021-04-30,16502,1217710,10424,667877,5799,510653,279,39180,6047,227972,10408,513500,6323,741472,California
San Bernardino,2021-05-01,10683,1228393,8395,676272,1980,512633,308,39488,3634,224898,7013,520513,3939,745411,California
San Bernardino,2021-05-02,2918,1231311,2112,678384,674,513307,132,39620,1039,224196,1872,522385,1170,746581,California
San Bernardino,2021-05-03,10008,1241319,5757,684141,3847,517154,404,40024,2873,220363,7109,529494,3276,749857,California
San Bernardino,2021-05-04,15649,1256968,9506,693647,5692,522846,451,40475,4531,214269,11074,540568,4980,754837,California
San Bernardino,2021-05-05,15292,1272260,8799,702446,6088,528934,405,40880,4295,208021,10944,551512,4696,759533,California
San Bernardino,2021-05-06,15678,1287938,8953,711399,6313,535247,412,41292,4246,201288,11390,562902,4657,764190,California
San Bernardino,2021-05-07,15361,1303299,8641,720040,6352,541599,368,41660,4599,195547,10704,573606,4963,769153,California
San Bernardino,2021-05-08,9152,1312451,6097,726137,2812,544411,243,41903,3105,192883,6011,579617,3347,772500,California
San Bernardino,2021-05-09,1832,1314283,1133,727270,607,545018,92,41995,734,192620,1088,580705,825,773325,California
San Bernardino,2021-05-10,7366,1321649,3389,730659,3668,548686,309,42304,2245,190098,5073,585778,2551,775876,California
San Bernardino,2021-05-11,11842,1333491,6529,737188,4994,553680,319,42623,3723,186059,8084,593862,4045,779921,California
San Bernardino,2021-05-12,11945,1345436,6357,743545,5287,558967,301,42924,3399,181252,8503,602365,3696,783617,California
San Bernardino,2021-05-13,12368,1357804,7391,750936,4643,563610,334,43258,4729,178715,7595,609960,5058,788675,California
San Bernardino,2021-05-14,13322,1371126,8871,759807,4107,567717,344,43602,5480,176751,7788,617748,5824,794499,California
San Bernardino,2021-05-15,11108,1382234,8272,768079,2662,570379,174,43776,4422,174689,6654,624402,4592,799091,California
San Bernardino,2021-05-16,2746,1384980,2020,770099,661,571040,65,43841,1277,174576,1455,625857,1342,800433,California
San Bernardino,2021-05-17,9684,1394664,6610,776709,2817,573857,257,44098,4456,174098,5190,631047,4712,805145,California
San Bernardino,2021-05-18,10701,1405365,6819,783528,3646,577503,236,44334,4769,173198,5905,636952,5005,810150,California
San Bernardino,2021-05-19,6347,1411712,4272,787800,1806,579309,269,44603,2860,172856,3469,640421,3127,813277,California
San Diego,2020-12-15,119,119,119,119,0,0,0,0,119,119,0,0,119,119,California
San Diego,2020-12-16,1103,1222,1103,1222,0,0,0,0,1103,1222,0,0,1103,1222,California
San Diego,2020-12-17,2349,3571,2349,3571,0,0,0,0,2349,3571,0,0,2349,3571,California
San Diego,2020-12-18,3671,7242,3670,7241,1,1,0,0,3671,7242,0,0,3671,7242,California
San Diego,2020-12-19,2313,9555,2313,9554,0,1,0,0,2313,9555,0,0,2313,9555,California
San Diego,2020-12-20,1184,10739,1183,10737,1,2,0,0,1184,10739,0,0,1184,10739,California
San Diego,2020-12-21,3522,14261,3521,14258,1,3,0,0,3522,14261,0,0,3522,14261,California
San Diego,2020-12-22,4059,18320,3416,17674,643,646,0,0,4059,18320,0,0,4059,18320,California
San Diego,2020-12-23,3180,21500,1977,19651,1203,1849,0,0,3180,21500,0,0,3180,21500,California
San Diego,2020-12-24,2737,24237,2219,21870,518,2367,0,0,2737,24237,0,0,2737,24237,California
San Diego,2020-12-25,876,25113,875,22745,1,2368,0,0,876,25113,0,0,876,25113,California
San Diego,2020-12-26,3294,28407,2144,24889,1150,3518,0,0,3294,28407,0,0,3294,28407,California
San Diego,2020-12-27,2508,30915,1618,26507,890,4408,0,0,2507,30913,1,1,2507,30914,California
San Diego,2020-12-28,5914,36829,4227,30734,1687,6095,0,0,5914,36827,0,1,5914,36828,California
San Diego,2020-12-29,5573,42402,3000,33734,2573,8668,0,0,5573,42400,0,1,5573,42401,California
San Diego,2020-12-30,5943,48345,3098,36832,2845,11513,0,0,5943,48343,0,1,5943,48344,California
San Diego,2020-12-31,3038,51383,1055,37887,1983,13496,0,0,3038,51381,0,1,3038,51382,California
San Diego,2021-01-01,1006,52389,452,38339,554,14050,0,0,1006,52387,0,1,1006,52388,California
San Diego,2021-01-02,3745,56134,1302,39641,2443,16493,0,0,3745,56132,0,1,3745,56133,California
San Diego,2021-01-03,859,56993,632,40273,227,16720,0,0,858,56990,0,1,858,56991,California
San Diego,2021-01-04,3702,60695,2049,42322,1653,18373,0,0,3695,60685,0,1,3695,60686,California
San Diego,2021-01-05,4371,65066,2182,44504,2189,20562,0,0,3755,63840,612,613,3767,64453,California
San Diego,2021-01-06,4947,70013,2292,46796,2655,23217,0,0,3713,66346,1211,1824,3717,68170,California
San Diego,2021-01-07,5664,75677,2982,49778,2682,25899,0,0,3506,67707,2151,3975,3512,71682,California
San Diego,2021-01-08,7869,83546,4941,54719,2928,28827,0,0,4083,68037,3769,7744,4099,75781,California
San Diego,2021-01-09,3501,87047,1940,56659,1561,30388,0,0,1951,68461,1538,9282,1962,77743,California
San Diego,2021-01-10,1882,88929,1293,57952,589,30977,0,0,778,68156,1092,10374,787,78530,California
San Diego,2021-01-11,10334,99263,5862,63814,4472,35449,0,0,6805,71457,3522,13896,6823,85353,California
San Diego,2021-01-12,11199,110462,5312,69126,5887,41336,0,0,7822,76025,3368,17264,7936,93289,California
San Diego,2021-01-13,11504,121966,5048,74174,6456,47792,0,0,8959,82475,2533,19797,8983,102272,California
San Diego,2021-01-14,12370,134336,4752,78926,7618,55410,0,0,10202,90552,2160,21957,10237,112509,California
San Diego,2021-01-15,15137,149473,5357,84283,9780,65190,0,0,12492,100473,2626,24583,12547,125056,California
San Diego,2021-01-16,10772,160245,3594,87877,7178,72368,0,0,9327,108391,1440,26023,9358,134414,California
San Diego,2021-01-17,8679,168924,2496,90373,6183,78551,0,0,7839,115410,840,26863,7859,142273,California
San Diego,2021-01-18,12869,181793,6308,96681,6561,85112,0,0,10029,122691,2808,29671,10089,152362,California
San Diego,2021-01-19,14430,196223,5500,102181,8930,94042,0,0,11309,131155,3110,32781,11574,163936,California
San Diego,2021-01-20,18330,214553,6389,108570,11941,105983,0,0,15008,143046,3300,36081,15191,179127,California
San Diego,2021-01-21,17455,232008,5940,114510,11515,117498,0,0,16063,157871,1383,37464,16208,195335,California
San Diego,2021-01-22,17613,249621,4692,119202,12921,130419,0,0,15581,171514,2018,39482,15661,210996,California
San Diego,2021-01-23,14493,264114,5282,124484,9211,139630,0,0,12136,181363,2346,41828,12195,223191,California
San Diego,2021-01-24,11904,276018,3344,127828,8560,148190,0,0,10932,191362,970,42798,10969,234160,California
San Diego,2021-01-25,12271,288289,5799,133627,6472,154662,0,0,9253,197760,3011,45809,9409,243569,California
San Diego,2021-01-26,15156,303445,7857,141484,7299,161961,0,0,11770,206333,3384,49193,11957,255526,California
San Diego,2021-01-27,20577,324022,7938,149422,12639,174600,0,0,17557,221025,3011,52204,17703,273229,California
San Diego,2021-01-28,21310,345332,7652,157074,13658,188258,0,0,19041,237889,2259,54463,19123,292352,California
San Diego,2021-01-29,19725,365057,6481,163555,13244,201502,0,0,17285,252791,2430,56893,17332,309684,California
San Diego,2021-01-30,15906,380963,3667,167222,12239,213741,0,0,13224,263440,2672,59565,13321,323005,California
San Diego,2021-01-31,14812,395775,5764,172986,9048,222789,0,0,14450,277563,358,59923,14481,337486,California
San Diego,2021-02-01,20927,416702,7626,180612,13301,236090,0,0,17470,291666,3443,63366,17546,355032,California
San Diego,2021-02-02,22966,439668,8449,189061,14517,250607,0,0,19607,308092,3350,66716,19776,374808,California
San Diego,2021-02-03,27663,467331,11766,200827,15897,266504,0,0,23352,327342,4292,71008,23542,398350,California
San Diego,2021-02-04,24264,491595,9909,210736,14355,280859,0,0,19628,342632,4619,75627,19909,418259,California
San Diego,2021-02-05,24977,516572,8935,219671,16042,296901,0,0,18284,354696,6669,82296,18733,436992,California
San Diego,2021-02-06,20780,537352,8554,228225,12226,309127,0,0,17529,369198,3248,85544,17750,454742,California
San Diego,2021-02-07,12137,549489,5377,233602,6760,315887,0,0,10253,377836,1873,87417,10511,465253,California
San Diego,2021-02-08,20127,569616,8537,242139,11590,327477,0,0,12678,383760,7438,94855,13362,478615,California
San Diego,2021-02-09,20483,590099,8320,250459,12163,339640,0,0,13195,390759,7267,102122,14266,492881,California
San Diego,2021-02-10,22977,613076,9346,259805,13631,353271,0,0,13852,396920,9068,111190,15229,508110,California
San Diego,2021-02-11,23836,636912,10177,269982,13659,366930,0,0,12756,400312,11051,122241,14443,522553,California
San Diego,2021-02-12,23848,660760,7454,277436,16394,383324,0,0,11902,402550,11928,134169,14166,536719,California
San Diego,2021-02-13,20053,680813,9043,286479,11010,394334,0,0,10907,405523,9140,143309,12113,548832,California
San Diego,2021-02-14,11187,692000,7432,293911,3755,398089,0,0,6323,408502,4860,148169,7839,556671,California
San Diego,2021-02-15,15270,707270,7761,301672,7509,405598,0,0,7831,411981,7417,155586,10896,567567,California
San Diego,2021-02-16,19290,726560,11263,312935,8027,413625,0,0,9229,414142,10049,165635,12210,579777,California
San Diego,2021-02-17,23415,749975,10999,323934,12416,426041,0,0,8123,410076,15278,180913,11212,590989,California
San Diego,2021-02-18,23574,773549,12010,335944,11564,437605,0,0,7783,406158,15780,196693,11862,602851,California
San Diego,2021-02-19,15916,789465,10923,346867,4993,442598,0,0,6633,405505,9261,205954,8608,611459,California
San Diego,2021-02-20,10263,799728,6365,353232,3898,446496,0,0,5810,408770,4451,210405,7716,619175,California
San Diego,2021-02-21,11561,811289,10147,363379,1414,447910,0,0,5183,409115,6349,216754,6694,625869,California
San Diego,2021-02-22,12457,823746,10599,373978,1858,449768,0,0,5761,409822,6690,223444,7397,633266,California
San Diego,2021-02-23,25870,849616,14494,388472,11376,461144,0,0,9628,409114,16234,239678,15526,648792,California
San Diego,2021-02-24,28963,878579,12769,401241,16194,477338,0,0,6861,401331,22081,261759,14298,663090,California
San Diego,2021-02-25,33203,911782,14729,415970,18474,495812,0,0,10138,396821,23045,284804,18535,681625,California
San Diego,2021-02-26,33479,945261,12408,428378,21071,516883,0,0,12133,394725,21316,306120,19220,700845,California
San Diego,2021-02-27,21246,966507,9685,438063,11561,528444,0,0,11447,400646,9794,315914,15715,716560,California
San Diego,2021-02-28,15286,981793,9988,448051,5298,533742,0,0,9527,407203,5758,321672,12315,728875,California
San Diego,2021-03-01,24255,1006048,14316,462367,9937,543679,2,2,14736,416355,9443,331115,18595,747470,California
San Diego,2021-03-02,26182,1032230,14095,476462,12087,555766,0,2,12771,422417,13401,344516,19463,766933,California
San Diego,2021-03-03,34034,1066264,15952,492414,18079,573845,3,5,14092,423496,19920,364436,20999,787932,California
San Diego,2021-03-04,28328,1094592,14112,506526,14216,588061,0,5,12638,427216,15668,380104,19388,807320,California
San Diego,2021-03-05,29011,1123603,14910,521436,14019,602080,82,87,13539,432086,15449,395553,20319,827639,California
San Diego,2021-03-06,23436,1147039,9597,531033,13138,615218,701,788,10357,434751,13065,408618,15730,843369,California
San Diego,2021-03-07,18246,1165285,9337,540370,8338,623556,571,1359,6936,434614,11302,419920,11165,854534,California
San Diego,2021-03-08,23103,1188388,11224,551594,10972,634528,907,2266,11451,440217,11632,431552,17235,871769,California
San Diego,2021-03-09,25925,1214313,12008,563602,12159,646687,1758,4024,10147,440285,15763,447315,15831,887600,California
San Diego,2021-03-10,25564,1239877,10813,574415,12354,659041,2397,6421,10139,441485,15409,462724,16609,904209,California
San Diego,2021-03-11,28714,1268591,11037,585452,14078,673119,3599,10020,10041,440432,18650,481374,17597,921806,California
San Diego,2021-03-12,27083,1295674,9459,594911,14485,687604,3139,13159,9964,439964,17104,498478,16636,938442,California
San Diego,2021-03-13,26168,1321842,7304,602215,17075,704679,1789,14948,10077,439914,16087,514565,16037,954479,California
San Diego,2021-03-14,13846,1335688,5499,607714,7610,712289,737,15685,4791,438717,9047,523612,7850,962329,California
San Diego,2021-03-15,22027,1357715,10170,617884,11077,723366,780,16465,9028,438630,12986,536598,12899,975228,California
San Diego,2021-03-16,30003,1387718,15792,633676,13799,737165,412,16877,15740,443592,14239,550837,19201,994429,California
San Diego,2021-03-17,26334,1414052,12224,645900,13390,750555,720,17597,16778,453600,9541,560378,19549,1013978,California
San Diego,2021-03-18,31508,1445560,17797,663697,12795,763350,916,18513,17015,458599,14461,574839,19460,1033438,California
San Diego,2021-03-19,30288,1475848,14368,678065,14895,778245,1025,19538,19358,469262,10909,585748,21572,1055010,California
San Diego,2021-03-20,27854,1503702,8433,686498,17627,795872,1794,21332,21397,487114,6446,592194,24298,1079308,California
San Diego,2021-03-21,16559,1520261,12081,698579,3761,799633,717,22049,7695,487992,8850,601044,9728,1089036,California
San Diego,2021-03-22,22533,1542794,13150,711729,9117,808750,266,22315,14328,497153,8192,609236,17353,1106389,California
San Diego,2021-03-23,25984,1568778,13639,725368,12081,820831,264,22579,17134,507737,8834,618070,19418,1125807,California
San Diego,2021-03-24,29551,1598329,19766,745134,9422,830253,363,22942,17088,514789,12454,630524,19506,1145313,California
San Diego,2021-03-25,30325,1628654,18283,763417,11383,841636,659,23601,17984,523220,12325,642849,20756,1166069,California
San Diego,2021-03-26,32095,1660749,17906,781323,13631,855267,558,24159,17490,529511,14579,657428,20870,1186939,California
San Diego,2021-03-27,25448,1686197,10994,792317,14061,869328,393,24552,15657,538026,9775,667203,18290,1205229,California
San Diego,2021-03-28,15040,1701237,9196,801513,5787,875115,57,24609,9246,543009,5788,672991,10771,1216000,California
San Diego,2021-03-29,26680,1727917,12908,814421,13176,888291,596,25205,16441,552248,10230,683221,19469,1235469,California
San Diego,2021-03-30,33221,1761138,17900,832321,14549,902840,772,25977,22020,565661,11190,694411,24603,1260072,California
San Diego,2021-03-31,30420,1791558,18781,851102,10962,913802,677,26654,20618,578260,9785,704196,22384,1282456,California
San Diego,2021-04-01,34312,1825870,20049,871151,12794,926596,1469,28123,23240,593229,11047,715243,26016,1308472,California
San Diego,2021-04-02,35752,1861622,20656,891807,12323,938919,2773,30896,24105,609895,11628,726871,28294,1336766,California
San Diego,2021-04-03,30808,1892430,14420,906227,11789,950708,4599,35495,19680,624251,11115,737986,25471,1362237,California
San Diego,2021-04-04,9062,1901492,5205,911432,2929,953637,928,36423,4825,625946,4232,742218,5927,1368164,California
San Diego,2021-04-05,29723,1931215,15401,926833,11701,965338,2621,39044,19385,640108,10323,752541,24485,1392649,California
San Diego,2021-04-06,38732,1969947,20396,947229,12449,977787,5887,44931,22342,654059,16376,768917,30327,1422976,California
San Diego,2021-04-07,35802,2005749,21975,969204,9284,987071,4543,49474,20319,664652,15458,784375,26051,1449027,California
San Diego,2021-04-08,35202,2040951,21361,990565,9703,996774,4138,53612,21319,678793,13864,798239,28005,1477032,California
San Diego,2021-04-09,38281,2079232,22818,1013383,10287,1007061,5176,58788,20826,690673,17386,815625,29266,1506298,California
San Diego,2021-04-10,29178,2108410,11783,1025166,13394,1020455,4001,62789,15162,698825,14005,829630,22157,1528455,California
San Diego,2021-04-11,16254,2124664,10075,1035241,3866,1024321,2313,65102,7300,702450,8950,838580,12575,1541030,California
San Diego,2021-04-12,30797,2155461,12859,1048100,13643,1037964,4295,69397,17187,713971,13596,852176,25117,1566147,California
San Diego,2021-04-13,37192,2192653,17782,1065882,19373,1057337,37,69434,24798,729244,12374,864550,27647,1593794,California
San Diego,2021-04-14,33070,2225723,18930,1084812,14128,1071465,12,69446,17918,736362,15137,879687,22255,1616049,California
San Diego,2021-04-15,39523,2265246,20365,1105177,19154,1090619,4,69450,24110,747898,15392,895079,26928,1642977,California
San Diego,2021-04-16,33803,2299049,18577,1123754,15223,1105842,3,69453,19627,755776,14115,909194,21993,1664970,California
San Diego,2021-04-17,27889,2326938,13544,1137298,14345,1120187,0,69453,12418,755842,15374,924568,15440,1680410,California
San Diego,2021-04-18,14503,2341441,8918,1146216,5582,1125769,3,69456,6807,757901,7683,932251,9742,1690152,California
San Diego,2021-04-19,26544,2367985,13565,1159781,12978,1138747,1,69457,12495,758106,14031,946282,14236,1704388,California
San Diego,2021-04-20,39062,2407047,17774,1177555,21288,1160035,0,69457,19988,761976,19055,965337,22925,1727313,California
San Diego,2021-04-21,35014,2442061,20923,1198478,14091,1174126,0,69457,16977,763922,18002,983339,19948,1747261,California
San Diego,2021-04-22,44599,2486660,22955,1221433,21638,1195764,6,69463,22381,767124,22176,1005515,25378,1772639,California
San Diego,2021-04-23,42129,2528789,26021,1247454,16106,1211870,2,69465,15707,759563,26391,1031906,18830,1791469,California
San Diego,2021-04-24,34415,2563204,18853,1266307,15547,1227417,15,69480,15496,759309,18885,1050791,18631,1810100,California
San Diego,2021-04-25,12488,2575692,7712,1274019,4776,1232193,0,69480,5888,759941,6592,1057383,7224,1817324,California
San Diego,2021-04-26,30929,2606621,15520,1289539,15282,1247475,127,69607,10568,754541,20348,1077731,14948,1832272,California
San Diego,2021-04-27,42477,2649098,23505,1313044,18573,1266048,399,70006,18741,752891,23704,1101435,22054,1854326,California
San Diego,2021-04-28,38194,2687292,22584,1335628,14964,1281012,646,70652,17332,752238,20829,1122264,20176,1874502,California
San Diego,2021-04-29,37970,2725262,24213,1359841,13135,1294147,622,71274,15359,747322,22577,1144841,17661,1892163,California
San Diego,2021-04-30,37926,2763188,23094,1382935,13840,1307987,992,72266,14816,741838,23075,1167916,17591,1909754,California
San Diego,2021-05-01,24261,2787449,10696,1393631,12920,1320907,645,72911,9512,739375,14739,1182655,12276,1922030,California
San Diego,2021-05-02,10702,2798151,7510,1401141,2605,1323512,587,73498,3265,736118,7432,1190087,4175,1926205,California
San Diego,2021-05-03,25313,2823464,12460,1413601,11697,1335209,1156,74654,9349,731464,15940,1206027,11286,1937491,California
San Diego,2021-05-04,31823,2855287,17550,1431151,12973,1348182,1300,75954,11519,725091,20273,1226300,13900,1951391,California
San Diego,2021-05-05,27643,2882930,17022,1448173,9345,1357527,1276,77230,10594,720870,17026,1243326,12805,1964196,California
San Diego,2021-05-06,28307,2911237,18826,1466999,8586,1366113,895,78125,10828,717598,17449,1260775,14177,1978373,California
San Diego,2021-05-07,29516,2940753,19535,1486534,8938,1375051,1043,79168,11049,712439,18430,1279205,13271,1991644,California
San Diego,2021-05-08,22619,2963372,10731,1497265,11174,1386225,714,79882,7307,706522,15291,1294496,9374,2001018,California
San Diego,2021-05-09,7494,2970866,5678,1502943,1407,1387632,409,80291,2616,705087,4871,1299367,3436,2004454,California
San Diego,2021-05-10,21610,2992476,8452,1511395,12350,1399982,808,81099,5970,697482,15609,1314976,8004,2012458,California
San Diego,2021-05-11,27593,3020069,11215,1522610,15615,1415597,763,81862,9598,691451,17969,1332945,11938,2024396,California
San Diego,2021-05-12,21874,3041943,11645,1534255,9446,1425043,783,82645,7997,687369,13855,1346800,9773,2034169,California
San Diego,2021-05-13,29167,3071110,17254,1551509,11304,1436347,609,83254,12156,685427,16960,1363760,15018,2049187,California
San Diego,2021-05-14,30338,3101448,19362,1570871,10136,1446483,840,84094,13684,685383,16617,1380377,16573,2065760,California
San Diego,2021-05-15,26033,3127481,16478,1587349,8790,1455273,765,84859,10933,682948,15046,1395423,12611,2078371,California
San Diego,2021-05-16,12727,3140208,9505,1596854,2651,1457924,571,85430,6266,683699,6451,1401874,7202,2085573,California
San Diego,2021-05-17,20034,3160242,11834,1608688,7504,1465428,696,86126,8581,682345,11420,1413294,10066,2095639,California
San Diego,2021-05-18,26258,3186500,13240,1621928,12519,1477947,499,86625,9603,676684,16627,1429921,10966,2106605,California
San Diego,2021-05-19,7589,3194089,4899,1626827,2451,1480398,239,86864,3185,676079,4394,1434315,3789,2110394,California
San Francisco,2020-12-15,7,7,7,7,0,0,0,0,7,7,0,0,7,7,California
San Francisco,2020-12-16,229,236,229,236,0,0,0,0,229,236,0,0,229,236,California
San Francisco,2020-12-17,394,630,394,630,0,0,0,0,394,630,0,0,394,630,California
San Francisco,2020-12-18,877,1507,876,1506,1,1,0,0,877,1507,0,0,877,1507,California
San Francisco,2020-12-19,601,2108,601,2107,0,1,0,0,601,2108,0,0,601,2108,California
San Francisco,2020-12-20,483,2591,483,2590,0,1,0,0,483,2591,0,0,483,2591,California
San Francisco,2020-12-21,1161,3752,1161,3751,0,1,0,0,1161,3752,0,0,1161,3752,California
San Francisco,2020-12-22,1403,5155,1369,5120,34,35,0,0,1403,5155,0,0,1403,5155,California
San Francisco,2020-12-23,1337,6492,1048,6168,289,324,0,0,1337,6492,0,0,1337,6492,California
San Francisco,2020-12-24,841,7333,503,6671,338,662,0,0,841,7333,0,0,841,7333,California
San Francisco,2020-12-25,34,7367,29,6700,5,667,0,0,34,7367,0,0,34,7367,California
San Francisco,2020-12-26,245,7612,151,6851,94,761,0,0,245,7612,0,0,245,7612,California
San Francisco,2020-12-27,274,7886,60,6911,214,975,0,0,274,7886,0,0,274,7886,California
San Francisco,2020-12-28,1270,9156,686,7597,584,1559,0,0,1270,9156,0,0,1270,9156,California
San Francisco,2020-12-29,1249,10405,624,8221,625,2184,0,0,1249,10405,0,0,1249,10405,California
San Francisco,2020-12-30,1487,11892,780,9001,707,2891,0,0,1487,11892,0,0,1487,11892,California
San Francisco,2020-12-31,963,12855,410,9411,553,3444,0,0,962,12854,0,0,962,12854,California
San Francisco,2021-01-01,90,12945,71,9482,19,3463,0,0,90,12944,0,0,90,12944,California
San Francisco,2021-01-02,333,13278,301,9783,32,3495,0,0,333,13277,0,0,333,13277,California
San Francisco,2021-01-03,296,13574,103,9886,193,3688,0,0,295,13571,1,1,295,13572,California
San Francisco,2021-01-04,1840,15414,1355,11241,485,4173,0,0,1837,15405,3,4,1837,15409,California
San Francisco,2021-01-05,2232,17646,1417,12658,815,4988,0,0,2197,17569,35,39,2199,17608,California
San Francisco,2021-01-06,1872,19518,1160,13818,712,5700,0,0,1607,18914,263,302,1608,19216,California
San Francisco,2021-01-07,2064,21582,1204,15022,860,6560,0,0,1608,20069,453,755,1608,20824,California
San Francisco,2021-01-08,2330,23912,1634,16656,696,7256,0,0,1493,20730,832,1587,1493,22317,California
San Francisco,2021-01-09,1388,25300,892,17548,496,7752,0,0,884,21112,504,2091,886,23203,California
San Francisco,2021-01-10,919,26219,541,18089,378,8130,0,0,460,21114,458,2549,460,23663,California
San Francisco,2021-01-11,2505,28724,1872,19961,633,8763,0,0,1402,21412,1104,3653,1402,25065,California
San Francisco,2021-01-12,3089,31813,2058,22019,1031,9794,0,0,1895,22116,1194,4847,1898,26963,California
San Francisco,2021-01-13,2827,34640,1601,23620,1226,11020,0,0,1997,23283,830,5677,1997,28960,California
San Francisco,2021-01-14,2445,37085,1102,24722,1343,12363,0,0,1885,24608,560,6237,1885,30845,California
San Francisco,2021-01-15,2749,39834,1149,25871,1600,13963,0,0,2357,26577,390,6627,2359,33204,California
San Francisco,2021-01-16,2254,42088,963,26834,1291,15254,0,0,2087,28498,167,6794,2088,35292,California
San Francisco,2021-01-17,1916,44004,530,27364,1386,16640,0,0,1702,29986,214,7008,1702,36994,California
San Francisco,2021-01-18,1378,45382,593,27957,785,17425,0,0,1114,30839,263,7271,1116,38110,California
San Francisco,2021-01-19,2576,47958,1472,29429,1104,18529,0,0,1827,31917,749,8020,1827,39937,California
San Francisco,2021-01-20,2752,50710,1123,30552,1629,20158,0,0,2001,33171,748,8768,2002,41939,California
San Francisco,2021-01-21,3324,54034,947,31499,2377,22535,0,0,2488,34825,834,9602,2488,44427,California
San Francisco,2021-01-22,3188,57222,644,32143,2544,25079,0,0,2745,37129,441,10043,2745,47172,California
San Francisco,2021-01-23,3090,60312,610,32753,2480,27559,0,0,2724,39489,365,10408,2725,49897,California
San Francisco,2021-01-24,2427,62739,363,33116,2064,29623,0,0,2198,41461,226,10634,2198,52095,California
San Francisco,2021-01-25,4594,67333,1792,34908,2802,32425,0,0,3038,42946,1554,12188,3039,55134,California
San Francisco,2021-01-26,4672,72005,2136,37044,2536,34961,0,0,3079,44437,1590,13778,3081,58215,California
San Francisco,2021-01-27,4431,76436,2075,39119,2356,37317,0,0,3081,46172,1346,15124,3081,61296,California
San Francisco,2021-01-28,3757,80193,1555,40674,2202,39519,0,0,2595,47610,1157,16281,2595,63891,California
San Francisco,2021-01-29,4723,84916,1681,42355,3042,42561,0,0,3453,49800,1263,17544,3453,67344,California
San Francisco,2021-01-30,3774,88690,1839,44194,1935,44496,0,0,3325,52681,448,17992,3329,70673,California
San Francisco,2021-01-31,2351,91041,824,45018,1527,46023,0,0,2199,54730,151,18143,2200,72873,California
San Francisco,2021-02-01,3802,94843,1530,46548,2272,48295,0,0,2894,56717,908,19051,2895,75768,California
San Francisco,2021-02-02,4647,99490,1961,48509,2686,50981,0,0,2888,57852,1753,20804,2888,78656,California
San Francisco,2021-02-03,5059,104549,2367,50876,2692,53673,0,0,3752,60300,1305,22109,3753,82409,California
San Francisco,2021-02-04,5033,109582,2438,53314,2595,56268,0,0,3865,62999,1166,23275,3865,86274,California
San Francisco,2021-02-05,5949,115531,3205,56519,2744,59012,0,0,4606,66265,1341,24616,4607,90881,California
San Francisco,2021-02-06,5481,121012,3662,60181,1819,60831,0,0,4584,69955,896,25512,4586,95467,California
San Francisco,2021-02-07,4339,125351,3190,63371,1149,61980,0,0,3763,73148,573,26085,3766,99233,California
San Francisco,2021-02-08,6719,132070,4626,67997,2093,64073,0,0,5500,77447,1203,27288,5502,104735,California
San Francisco,2021-02-09,5932,138002,3990,71987,1942,66015,0,0,4386,80279,1555,28843,4387,109122,California
San Francisco,2021-02-10,6875,144877,4183,76170,2692,68707,0,0,5073,83558,1797,30640,5076,114198,California
San Francisco,2021-02-11,6718,151595,3984,80154,2734,71441,0,0,4897,86640,1816,32456,4898,119096,California
San Francisco,2021-02-12,5320,156915,2669,82823,2651,74092,0,0,3486,88290,1836,34292,3486,122582,California
San Francisco,2021-02-13,4369,161284,2554,85377,1815,75907,0,0,3042,90007,1327,35619,3044,125626,California
San Francisco,2021-02-14,3425,164709,2250,87627,1175,77082,0,0,2300,91184,1125,36744,2302,127928,California
San Francisco,2021-02-15,2775,167484,1508,89135,1267,78349,0,0,1679,91769,1094,37838,1679,129607,California
San Francisco,2021-02-16,5020,172504,2749,91884,2271,80620,0,0,2963,92688,2050,39888,2969,132576,California
San Francisco,2021-02-17,5414,177918,2687,94571,2727,83347,0,0,2965,93235,2419,42307,2966,135542,California
San Francisco,2021-02-18,5379,183297,2637,97208,2742,86089,0,0,2791,93445,2584,44891,2794,138336,California
San Francisco,2021-02-19,5635,188932,2645,99853,2990,89079,0,0,2928,93674,2701,47592,2930,141266,California
San Francisco,2021-02-20,4528,193460,2181,102034,2347,91426,0,0,1705,92565,2815,50407,1706,142972,California
San Francisco,2021-02-21,2885,196345,1514,103548,1371,92797,0,0,1281,92250,1597,52004,1282,144254,California
San Francisco,2021-02-22,5109,201454,3182,106730,1927,94724,0,0,2574,92299,2527,54531,2576,146830,California
San Francisco,2021-02-23,5535,206989,3156,109886,2379,97103,0,0,2834,92438,2695,57226,2834,149664,California
San Francisco,2021-02-24,9023,216012,5121,115007,3902,101005,0,0,4827,93080,4186,61412,4828,154492,California
San Francisco,2021-02-25,9795,225807,6883,121890,2912,103917,0,0,6332,95954,3460,64872,6334,160826,California
San Francisco,2021-02-26,11957,237764,7761,129651,4196,108113,0,0,7087,98171,4871,69743,7088,167914,California
San Francisco,2021-02-27,9236,247000,5990,135641,3245,111358,1,1,4641,98235,4580,74323,4644,172558,California
San Francisco,2021-02-28,7749,254749,5569,141210,2180,113538,0,1,3848,98185,3899,78222,3849,176407,California
San Francisco,2021-03-01,11001,265750,7478,148688,3520,117058,3,4,5318,97850,5659,83881,5324,181731,California
San Francisco,2021-03-02,9947,275697,6719,155407,3228,120286,0,4,5642,99197,4296,88177,5643,187374,California
San Francisco,2021-03-03,11251,286948,6538,161945,4712,124998,1,5,6140,100242,5099,93276,6144,193518,California
San Francisco,2021-03-04,8748,295696,5511,167456,3237,128235,0,5,4934,101369,3807,97083,4934,198452,California
San Francisco,2021-03-05,9200,304896,5643,173099,3553,131788,4,9,5761,103713,3422,100505,5766,204218,California
San Francisco,2021-03-06,7110,312006,4653,177752,2248,134036,209,218,4435,105667,2687,103192,4641,208859,California
San Francisco,2021-03-07,5387,317393,4216,181968,1113,135149,58,276,3103,106531,2297,105489,3161,212020,California
San Francisco,2021-03-08,7451,324844,5460,187428,1805,136954,186,462,5883,111002,1598,107087,6069,218089,California
San Francisco,2021-03-09,8311,333155,5523,192951,2412,139366,376,838,6081,115220,2234,109321,6452,224541,California
San Francisco,2021-03-10,11119,344274,6595,199546,4025,143391,499,1337,7027,118678,4069,113390,7527,232068,California
San Francisco,2021-03-11,10061,354335,6366,205912,2732,146123,963,2300,6605,122799,3439,116829,7560,239628,California
San Francisco,2021-03-12,10764,365099,6272,212184,3165,149288,1327,3627,5981,125344,4759,121588,7304,246932,California
San Francisco,2021-03-13,6596,371695,3840,216024,1695,150983,1061,4688,4078,127973,2508,124096,5137,252069,California
San Francisco,2021-03-14,7490,379185,4841,220865,2406,153389,243,4931,3908,128557,3567,127663,4151,256220,California
San Francisco,2021-03-15,11951,391136,9111,229976,1896,155285,944,5875,8267,134088,3671,131334,9202,265422,California
San Francisco,2021-03-16,12088,403224,8209,238185,3419,158704,460,6335,8727,139933,3341,134675,9186,274608,California
San Francisco,2021-03-17,13213,416437,8156,246341,4498,163202,559,6894,9501,146307,3682,138357,10056,284664,California
San Francisco,2021-03-18,9978,426415,6760,253101,2597,165799,621,7515,5677,148326,4275,142632,6294,290958,California
San Francisco,2021-03-19,12041,438456,8716,261817,2860,168659,465,7980,6396,149563,5619,148251,6856,297814,California
San Francisco,2021-03-20,8725,447181,6388,268205,1877,170536,460,8440,5088,151506,3607,151858,5550,303364,California
San Francisco,2021-03-21,6459,453640,5908,274113,415,170951,136,8576,3668,152535,2774,154632,3803,307167,California
San Francisco,2021-03-22,9758,463398,6846,280959,2069,173020,843,9419,5078,153795,4655,159287,5915,313082,California
San Francisco,2021-03-23,11156,474554,7369,288328,3139,176159,648,10067,6270,155855,4855,164142,6915,319997,California
San Francisco,2021-03-24,12294,486848,9400,297728,2358,178517,536,10603,6236,156606,6017,170159,6768,326765,California
San Francisco,2021-03-25,11828,498676,8651,306379,2614,181131,563,11166,5856,157118,5903,176062,6415,333180,California
San Francisco,2021-03-26,11871,510547,8205,314584,3436,184567,230,11396,5845,157197,5994,182056,6073,339253,California
San Francisco,2021-03-27,8651,519198,5767,320351,2536,187103,348,11744,3721,156355,4910,186966,4068,343321,California
San Francisco,2021-03-28,6583,525781,5245,325596,1296,188399,42,11786,2973,155782,3585,190551,3012,346333,California
San Francisco,2021-03-29,11384,537165,7883,333479,3318,191717,183,11969,4846,154298,6511,197062,5027,351360,California
San Francisco,2021-03-30,11516,548681,7190,340669,4036,195753,290,12259,5506,154114,5985,203047,5801,357161,California
San Francisco,2021-03-31,12136,560817,8046,348715,3794,199547,296,12555,4948,152199,7154,210201,5239,362400,California
San Francisco,2021-04-01,13835,574652,7346,356061,4832,204379,1657,14212,6013,152070,7790,217991,7661,370061,California
San Francisco,2021-04-02,14682,589334,6470,362531,6390,210769,1822,16034,6920,153066,7740,225731,8736,378797,California
San Francisco,2021-04-03,10469,599803,4819,367350,3848,214617,1802,17836,4853,154116,5602,231333,6652,385449,California
San Francisco,2021-04-04,9043,608846,4790,372140,2595,217212,1658,19494,3645,154038,5385,236718,5307,390756,California
San Francisco,2021-04-05,15961,624807,9771,381911,4313,221525,1877,21371,6375,152725,9558,246276,8245,399001,California
San Francisco,2021-04-06,16006,640813,9487,391398,4461,225986,2058,23429,6300,151394,9682,255958,8351,407352,California
San Francisco,2021-04-07,16776,657589,9979,401377,4571,230557,2226,25655,7054,150959,9699,265657,9264,416616,California
San Francisco,2021-04-08,14128,671717,6722,408099,3009,233566,4397,30052,4647,150531,9450,275107,9022,425638,California
San Francisco,2021-04-09,15718,687435,7599,415698,4784,238350,3335,33387,6676,151514,9011,284118,9994,435632,California
San Francisco,2021-04-10,13224,700659,5660,421358,5830,244180,1734,35121,7115,154269,6084,290202,8839,444471,California
San Francisco,2021-04-11,9976,710635,7472,428830,1334,245514,1170,36291,5208,155887,4757,294959,6375,450846,California
San Francisco,2021-04-12,10594,721229,6879,435709,2567,248081,1148,37439,4879,156216,5693,300652,6022,456868,California
San Francisco,2021-04-13,10729,731958,7283,442992,3433,251514,13,37452,5436,156397,5272,305924,5453,462321,California
San Francisco,2021-04-14,13258,745216,7986,450978,5271,256785,1,37453,6408,155991,6816,312740,6410,468731,California
San Francisco,2021-04-15,13694,758910,9507,460485,4186,260971,1,37454,8075,158483,5587,318327,8079,476810,California
San Francisco,2021-04-16,12912,771822,8691,469176,4177,265148,44,37498,7665,160976,5220,323547,7713,484523,California
San Francisco,2021-04-17,10027,781849,7298,476474,2728,267876,1,37499,7097,165166,2912,326459,7102,491625,California
San Francisco,2021-04-18,6591,788440,5038,481512,1551,269427,2,37501,4096,166788,2478,328937,4100,495725,California
San Francisco,2021-04-19,10854,799294,8153,489665,2697,272124,4,37505,6983,169930,3855,332792,6997,502722,California
San Francisco,2021-04-20,12297,811591,7194,496859,5102,277226,1,37506,8488,174635,3786,336578,8491,511213,California
San Francisco,2021-04-21,10527,822118,7525,504384,2998,280224,4,37510,6413,176965,4092,340670,6422,517635,California
San Francisco,2021-04-22,10401,832519,7705,512089,2695,282919,1,37511,6003,178603,4372,345042,6010,523645,California
San Francisco,2021-04-23,10332,842851,5945,518034,4387,287306,0,37511,6164,180635,4139,349181,6171,529816,California
San Francisco,2021-04-24,7976,850827,5500,523534,2476,289782,0,37511,4743,182172,3214,352395,4751,534567,California
San Francisco,2021-04-25,5039,855866,4343,527877,690,290472,6,37517,2956,183068,2069,354464,2965,537532,California
San Francisco,2021-04-26,7885,863751,5610,533487,2263,292735,12,37529,3895,183022,3965,358429,3919,541451,California
San Francisco,2021-04-27,8450,872201,5720,539207,2602,295337,128,37657,4218,183171,4207,362636,4356,545807,California
San Francisco,2021-04-28,9246,881447,6525,545732,2530,297867,191,37848,4772,183692,4447,367083,4968,550775,California
San Francisco,2021-04-29,9098,890545,5385,551117,3520,301387,193,38041,4375,183573,4699,371782,4580,555355,California
San Francisco,2021-04-30,10853,901398,5190,556307,5463,306850,200,38241,3986,180936,6828,378610,4191,559546,California
San Francisco,2021-05-01,6921,908319,3581,559888,3227,310077,113,38354,1705,177564,5192,383802,1820,561366,California
San Francisco,2021-05-02,5316,913635,3085,562973,2133,312210,98,38452,972,174302,4335,388137,1073,562439,California
San Francisco,2021-05-03,9641,923276,6584,569557,2896,315106,161,38613,2465,169789,7147,395284,2634,565073,California
San Francisco,2021-05-04,9304,932580,5973,575530,3081,318187,250,38863,2278,165326,6996,402280,2533,567606,California
San Francisco,2021-05-05,8738,941318,6127,581657,2302,320489,309,39172,2145,161237,6548,408828,2459,570065,California
San Francisco,2021-05-06,10710,952028,8563,590220,1678,322167,469,39641,1862,154754,8817,417645,2334,572399,California
San Francisco,2021-05-07,10086,962114,6453,596673,3365,325532,268,39909,1636,148234,8424,426069,1904,574303,California
San Francisco,2021-05-08,8362,970476,3544,600217,4688,330220,130,40039,985,142005,7345,433414,1116,575419,California
San Francisco,2021-05-09,6692,977168,5828,606045,781,331001,83,40122,1220,137855,5446,438860,1296,576715,California
San Francisco,2021-05-10,6921,984089,4923,610968,1750,332751,248,40370,1032,133273,5861,444721,1279,577994,California
San Francisco,2021-05-11,7084,991173,5091,616059,1789,334540,204,40574,1364,129153,5690,450411,1570,579564,California
San Francisco,2021-05-12,7373,998546,5298,621357,1637,336177,438,41012,1492,125221,5853,456264,1921,581485,California
San Francisco,2021-05-13,10204,1008750,7435,628792,2554,338731,215,41227,3752,122763,6428,462692,3970,585455,California
San Francisco,2021-05-14,9269,1018019,6563,635355,2541,341272,165,41392,3004,119707,6238,468930,3182,588637,California
San Francisco,2021-05-15,7721,1025740,6242,641597,1421,342693,58,41450,2996,118070,4703,473633,3066,591703,California
San Francisco,2021-05-16,4924,1030664,4145,645742,716,343409,63,41513,1800,116828,3106,476739,1864,593567,California
San Francisco,2021-05-17,7208,1037872,5370,651112,1665,345074,173,41686,2535,114886,4654,481393,2712,596279,California
San Francisco,2021-05-18,6703,1044575,3572,654684,2994,348068,137,41823,1197,110748,5471,486864,1333,597612,California
San Francisco,2021-05-19,4988,1049563,3813,658497,1014,349082,161,41984,1371,108677,3600,490464,1529,599141,California
San Joaquin,2020-12-15,12,12,12,12,0,0,0,0,12,12,0,0,12,12,California
San Joaquin,2020-12-16,307,319,307,319,0,0,0,0,307,319,0,0,307,319,California
San Joaquin,2020-12-17,312,631,312,631,0,0,0,0,312,631,0,0,312,631,California
San Joaquin,2020-12-18,523,1154,519,1150,4,4,0,0,523,1154,0,0,523,1154,California
San Joaquin,2020-12-19,188,1342,188,1338,0,4,0,0,188,1342,0,0,188,1342,California
San Joaquin,2020-12-20,113,1455,112,1450,1,5,0,0,113,1455,0,0,113,1455,California
San Joaquin,2020-12-21,491,1946,491,1941,0,5,0,0,491,1946,0,0,491,1946,California
San Joaquin,2020-12-22,967,2913,847,2788,120,125,0,0,966,2912,0,0,966,2912,California
San Joaquin,2020-12-23,978,3891,919,3707,59,184,0,0,976,3888,0,0,976,3888,California
San Joaquin,2020-12-24,215,4106,187,3894,28,212,0,0,214,4102,0,0,214,4102,California
San Joaquin,2020-12-25,14,4120,14,3908,0,212,0,0,14,4116,0,0,14,4116,California
San Joaquin,2020-12-26,102,4222,30,3938,72,284,0,0,102,4218,0,0,102,4218,California
San Joaquin,2020-12-27,42,4264,29,3967,13,297,0,0,42,4260,0,0,42,4260,California
San Joaquin,2020-12-28,621,4885,420,4387,201,498,0,0,621,4881,0,0,621,4881,California
San Joaquin,2020-12-29,799,5684,672,5059,127,625,0,0,799,5680,0,0,799,5680,California
San Joaquin,2020-12-30,1008,6692,716,5775,292,917,0,0,1006,6686,0,0,1006,6686,California
San Joaquin,2020-12-31,454,7146,203,5978,251,1168,0,0,454,7140,0,0,454,7140,California
San Joaquin,2021-01-01,22,7168,13,5991,9,1177,0,0,22,7162,0,0,22,7162,California
San Joaquin,2021-01-02,262,7430,240,6231,22,1199,0,0,262,7424,0,0,262,7424,California
San Joaquin,2021-01-03,37,7467,19,6250,18,1217,0,0,36,7459,1,1,36,7460,California
San Joaquin,2021-01-04,477,7944,338,6588,139,1356,0,0,475,7933,1,2,475,7935,California
San Joaquin,2021-01-05,979,8923,647,7235,332,1688,0,0,810,8611,169,171,847,8782,California
San Joaquin,2021-01-06,1220,10143,707,7942,513,2201,0,0,917,9233,298,469,920,9702,California
San Joaquin,2021-01-07,1079,11222,682,8624,397,2598,0,0,790,9738,286,755,791,10493,California
San Joaquin,2021-01-08,1193,12415,820,9444,373,2971,0,0,708,9966,484,1239,712,11205,California
San Joaquin,2021-01-09,376,12791,300,9744,76,3047,0,0,247,10084,129,1368,247,11452,California
San Joaquin,2021-01-10,224,13015,116,9860,108,3155,0,0,171,10203,52,1420,171,11623,California
San Joaquin,2021-01-11,1526,14541,1320,11180,206,3361,0,0,862,10469,663,2083,929,12552,California
San Joaquin,2021-01-12,1461,16002,1051,12231,410,3771,0,0,692,10466,765,2848,762,13314,California
San Joaquin,2021-01-13,1529,17531,894,13125,635,4406,0,0,957,10857,571,3419,962,14276,California
San Joaquin,2021-01-14,1655,19186,880,14005,775,5181,0,0,1316,11870,318,3737,1331,15607,California
San Joaquin,2021-01-15,1604,20790,622,14627,982,6163,0,0,1381,13058,208,3945,1396,17003,California
San Joaquin,2021-01-16,1143,21933,193,14820,950,7113,0,0,1115,14146,27,3972,1115,18118,California
San Joaquin,2021-01-17,1613,23546,130,14950,1483,8596,0,0,1573,15681,40,4012,1575,19693,California
San Joaquin,2021-01-18,739,24285,238,15188,501,9097,0,0,619,16184,116,4128,619,20312,California
San Joaquin,2021-01-19,1872,26157,898,16086,974,10071,0,0,1191,16706,676,4804,1198,21510,California
San Joaquin,2021-01-20,2085,28242,1285,17371,800,10871,0,0,1432,17496,648,5452,1438,22948,California
San Joaquin,2021-01-21,1974,30216,898,18269,1076,11947,0,0,1577,18691,390,5842,1585,24533,California
San Joaquin,2021-01-22,1969,32185,914,19183,1055,13002,0,0,1826,20381,138,5980,1828,26361,California
San Joaquin,2021-01-23,906,33091,403,19586,503,13505,0,0,620,20718,285,6265,622,26983,California
San Joaquin,2021-01-24,351,33442,135,19721,216,13721,0,0,328,21026,20,6285,328,27311,California
San Joaquin,2021-01-25,1994,35436,1141,20862,853,14574,0,0,1430,21898,561,6846,1433,28744,California
San Joaquin,2021-01-26,2149,37585,1117,21979,1032,15606,0,0,1539,22836,606,7452,1544,30288,California
San Joaquin,2021-01-27,1729,39314,768,22747,961,16567,0,0,1233,23584,492,7944,1240,31528,California
San Joaquin,2021-01-28,2033,41347,766,23513,1267,17834,0,0,1381,24322,648,8592,1386,32914,California
San Joaquin,2021-01-29,2149,43496,1047,24560,1102,18936,0,0,1802,25790,342,8934,1810,34724,California
San Joaquin,2021-01-30,2167,45663,350,24910,1817,20753,0,0,1990,27607,175,9109,1992,36716,California
San Joaquin,2021-01-31,1559,47222,181,25091,1378,22131,0,0,1496,29042,62,9171,1497,38213,California
San Joaquin,2021-02-01,2496,49718,1315,26406,1181,23312,0,0,1760,30070,735,9906,1763,39976,California
San Joaquin,2021-02-02,2592,52310,1173,27579,1419,24731,0,0,1967,31475,566,10472,1971,41947,California
San Joaquin,2021-02-03,3071,55381,1214,28793,1857,26588,0,0,2207,32831,857,11329,2213,44160,California
San Joaquin,2021-02-04,3443,58824,1720,30513,1723,28311,0,0,2632,34663,806,12135,2638,46798,California
San Joaquin,2021-02-05,3220,62044,1862,32375,1358,29669,0,0,2356,36167,857,12992,2361,49159,California
San Joaquin,2021-02-06,1125,63169,788,33163,337,30006,0,0,947,36941,175,13167,949,50108,California
San Joaquin,2021-02-07,617,63786,488,33651,129,30135,0,0,413,37159,196,13363,414,50522,California
San Joaquin,2021-02-08,1783,65569,1035,34686,748,30883,0,0,1443,38291,317,13680,1449,51971,California
San Joaquin,2021-02-09,2104,67673,1141,35827,963,31846,0,0,1574,39407,460,14140,1576,53547,California
San Joaquin,2021-02-10,2560,70233,1250,37077,1310,33156,0,0,1336,39549,1194,15334,1336,54883,California
San Joaquin,2021-02-11,2932,73165,1504,38581,1428,34584,0,0,1716,40085,1185,16519,1721,56604,California
San Joaquin,2021-02-12,2826,75991,1140,39721,1686,36270,0,0,1590,40463,1217,17736,1595,58199,California
San Joaquin,2021-02-13,2120,78111,400,40121,1720,37990,0,0,856,40075,1250,18986,862,59061,California
San Joaquin,2021-02-14,1904,80015,262,40383,1642,39632,0,0,691,39581,1186,20172,692,59753,California
San Joaquin,2021-02-15,1985,82000,838,41221,1147,40779,0,0,1193,40016,762,20934,1197,60950,California
San Joaquin,2021-02-16,3151,85151,1372,42593,1779,42558,0,0,1740,40368,1396,22330,1748,62698,California
San Joaquin,2021-02-17,3272,88423,1265,43858,2007,44565,0,0,1866,40844,1394,23724,1870,64568,California
San Joaquin,2021-02-18,3329,91752,1370,45228,1959,46524,0,0,1898,41349,1398,25122,1903,66471,California
San Joaquin,2021-02-19,4257,96009,2408,47636,1849,48373,0,0,2383,41913,1819,26941,2383,68854,California
San Joaquin,2021-02-20,1547,97556,656,48292,891,49264,0,0,1054,42475,492,27433,1054,69908,California
San Joaquin,2021-02-21,658,98214,499,48791,159,49423,0,0,412,42646,243,27676,414,70322,California
San Joaquin,2021-02-22,3531,101745,2490,51281,1041,50464,0,0,2524,44198,976,28652,2528,72850,California
San Joaquin,2021-02-23,4297,106042,2615,53896,1682,52146,0,0,2644,45223,1623,30275,2648,75498,California
San Joaquin,2021-02-24,5721,111763,3405,57301,2316,54462,0,0,4110,47749,1586,31861,4112,79610,California
San Joaquin,2021-02-25,6316,118079,3902,61203,2414,56876,0,0,4079,49633,2205,34066,4089,83699,California
San Joaquin,2021-02-26,5469,123548,2851,64054,2618,59494,0,0,3755,51714,1680,35746,3761,87460,California
San Joaquin,2021-02-27,5454,129002,1622,65676,3832,63326,0,0,2623,51569,2780,38526,2635,90095,California
San Joaquin,2021-02-28,3082,132084,1106,66782,1976,65302,0,0,2035,52583,1023,39549,2037,92132,California
San Joaquin,2021-03-01,4091,136175,1801,68583,2289,67591,1,1,2319,53154,1756,41305,2327,94459,California
San Joaquin,2021-03-02,4200,140375,1681,70264,2519,70110,0,1,2640,54310,1539,42844,2695,97154,California
San Joaquin,2021-03-03,5765,146140,3424,73688,2339,72449,2,3,4157,56886,1582,44426,4158,101312,California
San Joaquin,2021-03-04,5702,151842,2266,75954,3433,75882,3,6,3727,58657,1960,46386,3731,105043,California
San Joaquin,2021-03-05,4428,156270,1876,77830,2547,78429,5,11,3052,60358,1360,47746,3061,108104,California
San Joaquin,2021-03-06,3292,159562,2172,80002,990,79419,130,141,2707,62616,582,48328,2840,110944,California
San Joaquin,2021-03-07,1214,160776,563,80565,605,80024,46,187,931,63313,265,48593,962,111906,California
San Joaquin,2021-03-08,3140,163916,1262,81827,1753,81777,125,312,2128,64565,1000,49593,2252,114158,California
San Joaquin,2021-03-09,4011,167927,1817,83644,2066,83843,128,440,2663,66028,1332,50925,2795,116953,California
San Joaquin,2021-03-10,4641,172568,2468,86112,2035,85878,138,578,3417,68374,1210,52135,3556,120509,California
San Joaquin,2021-03-11,4932,177500,2341,88453,1991,87869,600,1178,2932,69921,1990,54125,3537,124046,California
San Joaquin,2021-03-12,6263,183763,3127,91580,2804,90673,332,1510,4151,72322,2089,56214,4490,128536,California
San Joaquin,2021-03-13,3057,186820,1449,93029,1481,92154,127,1637,2285,73975,765,56979,2418,130954,California
San Joaquin,2021-03-14,2155,188975,668,93697,1184,93338,303,1940,1024,74182,1125,58104,1332,132286,California
San Joaquin,2021-03-15,6058,195033,3487,97184,2167,95505,404,2344,3172,74913,2858,60962,3589,135875,California
San Joaquin,2021-03-16,6830,201863,3886,101070,2688,98193,256,2600,4027,76417,2787,63749,4291,140166,California
San Joaquin,2021-03-17,7781,209644,4661,105731,3050,101243,70,2670,4323,77398,3421,67170,4402,144568,California
San Joaquin,2021-03-18,7626,217270,4485,110216,2635,103878,506,3176,3770,77865,3816,70986,4283,148851,California
San Joaquin,2021-03-19,7909,225179,4632,114848,2735,106613,542,3718,4795,80158,3091,74077,5384,154235,California
San Joaquin,2021-03-20,3673,228852,2123,116971,1307,107920,243,3961,1823,80401,1835,75912,2078,156313,California
San Joaquin,2021-03-21,2103,230955,1493,118464,404,108324,206,4167,1183,80924,910,76822,1433,157746,California
San Joaquin,2021-03-22,3952,234907,2020,120484,1516,109840,416,4583,2336,82078,1603,78425,2757,160503,California
San Joaquin,2021-03-23,5367,240274,2632,123116,2568,112408,167,4750,3706,84315,1643,80068,3880,164383,California
San Joaquin,2021-03-24,6814,247088,4227,127343,2500,114908,87,4837,3018,83664,3764,83832,3113,167496,California
San Joaquin,2021-03-25,5532,252620,3282,130625,2208,117116,42,4879,3289,84779,2223,86055,3338,170834,California
San Joaquin,2021-03-26,6149,258769,2545,133170,3454,120570,150,5029,3239,85300,2887,88942,3408,174242,California
San Joaquin,2021-03-27,4625,263394,2614,135784,1957,122527,54,5083,1801,84363,2802,91744,1865,176107,California
San Joaquin,2021-03-28,2708,266102,1795,137579,888,123415,25,5108,1287,84351,1402,93146,1390,177497,California
San Joaquin,2021-03-29,4022,270124,2171,139750,1829,125244,22,5130,2015,84410,1992,95138,2051,179548,California
San Joaquin,2021-03-30,6199,276323,3154,142904,2953,128197,92,5222,3421,85189,2753,97891,3532,183080,California
San Joaquin,2021-03-31,6574,282897,4143,147047,2372,130569,59,5281,3332,85378,3225,101116,3414,186494,California
San Joaquin,2021-04-01,6392,289289,2970,150017,3339,133908,83,5364,2830,84807,3542,104658,2971,189465,California
San Joaquin,2021-04-02,6319,295608,2876,152893,2954,136862,489,5853,2525,84082,3771,108429,3046,192511,California
San Joaquin,2021-04-03,4128,299736,2326,155219,1476,138338,326,6179,1992,84289,2119,110548,2326,194837,California
San Joaquin,2021-04-04,2277,302013,1362,156581,713,139051,202,6381,1547,85332,721,111269,1764,196601,California
San Joaquin,2021-04-05,4693,306706,2817,159398,1694,140745,182,6563,2628,86096,2056,113325,2820,199421,California
San Joaquin,2021-04-06,7014,313720,4511,163909,2242,142987,261,6824,3327,86035,3663,116988,3602,203023,California
San Joaquin,2021-04-07,8312,322032,4522,168431,2208,145195,1582,8406,3495,86324,4803,121791,5092,208115,California
San Joaquin,2021-04-08,8647,330679,4692,173123,1933,147128,2022,10428,3308,86339,5315,127106,5330,213445,California
San Joaquin,2021-04-09,8845,339524,4265,177388,3025,150153,1555,11983,3213,85518,5609,132715,4788,218233,California
San Joaquin,2021-04-10,5202,344726,1626,179014,1670,151823,1906,13889,1757,85741,3436,136151,3659,221892,California
San Joaquin,2021-04-11,4073,348799,1546,180560,1361,153184,1166,15055,1766,86372,2296,138447,2927,224819,California
San Joaquin,2021-04-12,5954,354753,2368,182928,2050,155234,1536,16591,2323,86624,3612,142059,3864,228683,California
San Joaquin,2021-04-13,7440,362193,4289,187217,3145,158379,6,16597,4561,88340,2858,144917,4574,233257,California
San Joaquin,2021-04-14,7424,369617,3711,190928,3713,162092,0,16597,4444,89830,2963,147880,4453,237710,California
San Joaquin,2021-04-15,7778,377395,4588,195516,3190,165282,0,16597,4347,90787,3396,151276,4353,242063,California
San Joaquin,2021-04-16,7620,385015,4068,199584,3549,168831,3,16600,4572,92350,3022,154298,4585,246648,California
San Joaquin,2021-04-17,5137,390152,2771,202355,2364,171195,2,16602,3647,94535,1480,155778,3665,250313,California
San Joaquin,2021-04-18,2454,392606,1357,203712,1097,172292,0,16602,1307,94718,1132,156910,1315,251628,California
San Joaquin,2021-04-19,5140,397746,2785,206497,2355,174647,0,16602,2754,95120,2362,159272,2764,254392,California
San Joaquin,2021-04-20,6205,403951,3264,209761,2941,177588,0,16602,2941,94833,3239,162511,2952,257344,California
San Joaquin,2021-04-21,5613,409564,3100,212861,2513,180101,0,16602,2912,95097,2655,165166,2919,260263,California
San Joaquin,2021-04-22,5261,414825,3114,215975,2146,182247,1,16603,3040,95958,2195,167361,3056,263319,California
San Joaquin,2021-04-23,5875,420700,2828,218803,3046,185293,1,16604,3732,97573,2124,169485,3739,267058,California
San Joaquin,2021-04-24,5214,425914,3598,222401,1615,186908,1,16605,3397,99184,1793,171278,3404,270462,California
San Joaquin,2021-04-25,3035,428949,2557,224958,478,187386,0,16605,2007,100189,1008,172286,2013,272475,California
San Joaquin,2021-04-26,3894,432843,2580,227538,1312,188698,2,16607,2041,100396,1840,174126,2047,274522,California
San Joaquin,2021-04-27,4476,437319,2591,230129,1836,190534,49,16656,1881,99760,2574,176700,1938,276460,California
San Joaquin,2021-04-28,5477,442796,3289,233418,2113,192647,75,16731,2687,99771,2759,179459,2770,279230,California
San Joaquin,2021-04-29,4802,447598,2803,236221,1943,194590,56,16787,2427,99906,2354,181813,2489,281719,California
San Joaquin,2021-04-30,4889,452487,2389,238610,2433,197023,67,16854,2513,100135,2359,184172,2588,284307,California
San Joaquin,2021-05-01,3299,455786,1896,240506,1344,198367,59,16913,2091,101096,1202,185374,2163,286470,California
San Joaquin,2021-05-02,2275,458061,1582,242088,638,199005,55,16968,1159,101201,1111,186485,1216,287686,California
San Joaquin,2021-05-03,3259,461320,2203,244291,982,199987,74,17042,1355,100746,1891,188376,1436,289122,California
San Joaquin,2021-05-04,4814,466134,3276,247567,1386,201373,152,17194,1768,99650,3026,191402,1930,291052,California
San Joaquin,2021-05-05,4550,470684,3002,250569,1386,202759,162,17356,1800,98891,2728,194130,1969,293021,California
San Joaquin,2021-05-06,4609,475293,3077,253646,1404,204163,128,17484,2038,98510,2556,196686,2175,295196,California
San Joaquin,2021-05-07,5043,480336,2918,256564,1973,206136,152,17636,1868,97382,3157,199843,2029,297225,California
San Joaquin,2021-05-08,3249,483585,2090,258654,1058,207194,101,17737,1203,96663,2031,201874,1312,298537,California
San Joaquin,2021-05-09,1471,485056,833,259487,568,207762,70,17807,591,96452,877,202751,666,299203,California
San Joaquin,2021-05-10,2755,487811,1456,260943,1177,208939,122,17929,907,95651,1836,204587,1035,300238,California
San Joaquin,2021-05-11,4028,491839,2151,263094,1764,210703,113,18042,1290,94359,2724,207311,1432,301670,California
San Joaquin,2021-05-12,3904,495743,1823,264917,1986,212689,95,18137,1215,93003,2678,209989,1322,302992,California
San Joaquin,2021-05-13,4158,499901,2385,267302,1689,214378,84,18221,1556,92064,2592,212581,1653,304645,California
San Joaquin,2021-05-14,5336,505237,3119,270421,2109,216487,108,18329,2132,91132,3180,215761,2248,306893,California
San Joaquin,2021-05-15,4903,510140,2874,273295,1951,218438,78,18407,1593,89525,3281,219042,1674,308567,California
San Joaquin,2021-05-16,3238,513378,2489,275784,707,219145,42,18449,1420,89191,1805,220847,1471,310038,California
San Joaquin,2021-05-17,3646,517024,2062,277846,1489,220634,95,18544,1686,89037,1946,222793,1792,311830,California
San Joaquin,2021-05-18,2747,519771,1460,279306,1202,221836,85,18629,1177,88740,1559,224352,1262,313092,California
San Joaquin,2021-05-19,2356,522127,1297,280603,975,222811,84,18713,857,88198,1482,225834,940,314032,California
San Luis Obispo,2020-12-16,4,4,4,4,0,0,0,0,4,4,0,0,4,4,California
San Luis Obispo,2020-12-17,196,200,196,200,0,0,0,0,196,200,0,0,196,200,California
San Luis Obispo,2020-12-18,224,424,224,424,0,0,0,0,224,424,0,0,224,424,California
San Luis Obispo,2020-12-19,162,586,162,586,0,0,0,0,162,586,0,0,162,586,California
San Luis Obispo,2020-12-20,215,801,215,801,0,0,0,0,215,801,0,0,215,801,California
San Luis Obispo,2020-12-21,549,1350,548,1349,1,1,0,0,549,1350,0,0,549,1350,California
San Luis Obispo,2020-12-22,311,1661,307,1656,4,5,0,0,311,1661,0,0,311,1661,California
San Luis Obispo,2020-12-23,683,2344,369,2025,314,319,0,0,683,2344,0,0,683,2344,California
San Luis Obispo,2020-12-24,194,2538,19,2044,175,494,0,0,194,2538,0,0,194,2538,California
San Luis Obispo,2020-12-25,2,2540,1,2045,1,495,0,0,2,2540,0,0,2,2540,California
San Luis Obispo,2020-12-26,89,2629,12,2057,77,572,0,0,89,2629,0,0,89,2629,California
San Luis Obispo,2020-12-27,76,2705,0,2057,76,648,0,0,76,2705,0,0,76,2705,California
San Luis Obispo,2020-12-28,880,3585,430,2487,450,1098,0,0,880,3585,0,0,880,3585,California
San Luis Obispo,2020-12-29,902,4487,502,2989,400,1498,0,0,902,4487,0,0,902,4487,California
San Luis Obispo,2020-12-30,1172,5659,681,3670,491,1989,0,0,1172,5659,0,0,1172,5659,California
San Luis Obispo,2020-12-31,107,5766,4,3674,103,2092,0,0,107,5766,0,0,107,5766,California
San Luis Obispo,2021-01-01,13,5779,8,3682,5,2097,0,0,13,5779,0,0,13,5779,California
San Luis Obispo,2021-01-02,33,5812,8,3690,25,2122,0,0,33,5812,0,0,33,5812,California
San Luis Obispo,2021-01-03,16,5828,6,3696,10,2132,0,0,16,5828,0,0,16,5828,California
San Luis Obispo,2021-01-04,679,6507,525,4221,154,2286,0,0,679,6507,0,0,679,6507,California
San Luis Obispo,2021-01-05,975,7482,757,4978,218,2504,0,0,973,7478,2,2,973,7480,California
San Luis Obispo,2021-01-06,725,8207,480,5458,245,2749,0,0,717,8188,7,9,717,8197,California
San Luis Obispo,2021-01-07,1126,9333,948,6406,178,2927,0,0,683,8428,443,452,683,8880,California
San Luis Obispo,2021-01-08,882,10215,804,7210,78,3005,0,0,513,8573,368,820,513,9393,California
San Luis Obispo,2021-01-09,204,10419,195,7405,9,3014,0,0,27,8423,177,997,27,9420,California
San Luis Obispo,2021-01-10,12,10431,8,7413,4,3018,0,0,8,8427,4,1001,8,9428,California
San Luis Obispo,2021-01-11,559,10990,508,7921,51,3069,0,0,298,8465,260,1261,298,9726,California
San Luis Obispo,2021-01-12,598,11588,381,8302,217,3286,0,0,318,8503,280,1541,318,10044,California
San Luis Obispo,2021-01-13,883,12471,256,8558,627,3913,0,0,644,8910,237,1778,644,10688,California
San Luis Obispo,2021-01-14,729,13200,244,8802,485,4398,0,0,603,9400,113,1891,603,11291,California
San Luis Obispo,2021-01-15,729,13929,288,9090,441,4839,0,0,554,9784,170,2061,554,11845,California
San Luis Obispo,2021-01-16,100,14029,81,9171,19,4858,0,0,95,9874,5,2066,95,11940,California
San Luis Obispo,2021-01-17,67,14096,61,9232,6,4864,0,0,67,9941,0,2066,67,12007,California
San Luis Obispo,2021-01-18,1371,15467,389,9621,982,5846,0,0,1109,10788,262,2328,1109,13116,California
San Luis Obispo,2021-01-19,1584,17051,417,10038,1167,7013,0,0,1176,11556,408,2736,1176,14292,California
San Luis Obispo,2021-01-20,1885,18936,597,10635,1288,8301,0,0,1294,12262,589,3325,1295,15587,California
San Luis Obispo,2021-01-21,1572,20508,467,11102,1105,9406,0,0,1199,13093,369,3694,1200,16787,California
San Luis Obispo,2021-01-22,1522,22030,509,11611,1013,10419,0,0,1207,13987,313,4007,1207,17994,California
San Luis Obispo,2021-01-23,312,22342,294,11905,18,10437,0,0,296,14267,16,4023,296,18290,California
San Luis Obispo,2021-01-24,245,22587,237,12142,8,10445,0,0,239,14500,6,4029,239,18529,California
San Luis Obispo,2021-01-25,2077,24664,606,12748,1471,11916,0,0,1245,14913,832,4861,1245,19774,California
San Luis Obispo,2021-01-26,2004,26668,705,13453,1299,13215,0,0,1136,15181,868,5729,1136,20910,California
San Luis Obispo,2021-01-27,1611,28279,284,13737,1327,14542,0,0,1152,15874,459,6188,1152,22062,California
San Luis Obispo,2021-01-28,1492,29771,343,14080,1149,15691,0,0,1231,16845,260,6448,1231,23293,California
San Luis Obispo,2021-01-29,1735,31506,681,14761,1054,16745,0,0,1451,18012,284,6732,1451,24744,California
San Luis Obispo,2021-01-30,37,31543,18,14779,19,16764,0,0,26,18028,10,6742,26,24770,California
San Luis Obispo,2021-01-31,28,31571,20,14799,8,16772,0,0,25,18050,3,6745,25,24795,California
San Luis Obispo,2021-02-01,1704,33275,738,15537,966,17738,0,0,1402,19151,301,7046,1402,26197,California
San Luis Obispo,2021-02-02,1895,35170,677,16214,1218,18956,0,0,1521,20298,374,7420,1521,27718,California
San Luis Obispo,2021-02-03,1707,36877,729,16943,978,19934,0,0,1294,21179,413,7833,1294,29012,California
San Luis Obispo,2021-02-04,1658,38535,801,17744,857,20791,0,0,1091,21703,567,8400,1091,30103,California
San Luis Obispo,2021-02-05,1603,40138,716,18460,887,21678,0,0,1058,22216,546,8946,1059,31162,California
San Luis Obispo,2021-02-06,159,40297,92,18552,67,21745,0,0,93,22243,66,9012,93,31255,California
San Luis Obispo,2021-02-07,144,40441,99,18651,45,21790,0,0,74,22248,70,9082,75,31330,California
San Luis Obispo,2021-02-08,858,41299,470,19121,388,22178,0,0,498,22387,359,9441,498,31828,California
San Luis Obispo,2021-02-09,1123,42422,449,19570,674,22852,0,0,542,22361,575,10016,549,32377,California
San Luis Obispo,2021-02-10,1432,43854,488,20058,944,23796,0,0,523,21981,906,10922,526,32903,California
San Luis Obispo,2021-02-11,1334,45188,847,20905,487,24283,0,0,656,21963,674,11596,656,33559,California
San Luis Obispo,2021-02-12,786,45974,363,21268,423,24706,0,0,417,22011,369,11965,417,33976,California
San Luis Obispo,2021-02-13,393,46367,127,21395,266,24972,0,0,285,22189,107,12072,285,34261,California
San Luis Obispo,2021-02-14,319,46686,41,21436,278,25250,0,0,282,22435,37,12109,283,34544,California
San Luis Obispo,2021-02-15,727,47413,137,21573,590,25840,0,0,471,22653,253,12362,471,35015,California
San Luis Obispo,2021-02-16,2965,50378,1198,22771,1767,27607,0,0,1361,22416,1598,13960,1361,36376,California
San Luis Obispo,2021-02-17,2777,53155,1238,24009,1539,29146,0,0,1029,21706,1739,15699,1029,37405,California
San Luis Obispo,2021-02-18,2824,55979,1457,25466,1367,30513,0,0,1133,21157,1683,17382,1134,38539,California
San Luis Obispo,2021-02-19,1457,57436,1336,26802,121,30634,0,0,1133,21967,323,17705,1133,39672,California
San Luis Obispo,2021-02-20,252,57688,81,26883,171,30805,0,0,215,22145,37,17742,215,39887,California
San Luis Obispo,2021-02-21,57,57745,53,26936,4,30809,0,0,32,22152,25,17767,32,39919,California
San Luis Obispo,2021-02-22,2410,60155,1863,28799,547,31356,0,0,1465,22673,945,18712,1466,41385,California
San Luis Obispo,2021-02-23,1858,62013,1743,30542,115,31471,0,0,1365,23547,492,19204,1366,42751,California
San Luis Obispo,2021-02-24,2645,64658,1301,31843,1344,32815,0,0,835,22575,1807,21011,835,43586,California
San Luis Obispo,2021-02-25,2131,66789,1243,33086,888,33703,0,0,1206,22864,918,21929,1207,44793,California
San Luis Obispo,2021-02-26,2647,69436,1151,34237,1496,35199,0,0,1327,22879,1312,23241,1327,46120,California
San Luis Obispo,2021-02-27,570,70006,344,34581,226,35425,0,0,523,23355,47,23288,523,46643,California
San Luis Obispo,2021-02-28,200,70206,73,34654,127,35552,0,0,162,23483,34,23322,162,46805,California
San Luis Obispo,2021-03-01,2969,73175,1849,36503,1118,36670,2,2,2043,24602,927,24249,2046,48851,California
San Luis Obispo,2021-03-02,3006,76181,1892,38395,1114,37784,0,2,1859,25319,1143,25392,1860,50711,California
San Luis Obispo,2021-03-03,2284,78465,338,38733,1946,39730,0,2,836,24714,1442,26834,837,51548,California
San Luis Obispo,2021-03-04,2192,80657,1160,39893,1032,40762,0,2,1179,24884,1011,27845,1181,52729,California
San Luis Obispo,2021-03-05,2299,82956,1021,40914,1208,41970,70,72,1295,25261,988,28833,1365,54094,California
San Luis Obispo,2021-03-06,836,83792,309,41223,420,42390,107,179,616,25758,220,29053,717,54811,California
San Luis Obispo,2021-03-07,203,83995,33,41256,86,42476,84,263,72,25787,128,29181,157,54968,California
San Luis Obispo,2021-03-08,2733,86728,759,42015,1659,44135,315,578,1541,26456,1188,30369,1857,56825,California
San Luis Obispo,2021-03-09,2942,89670,968,42983,1726,45861,248,826,1518,26802,1420,31789,1766,58591,California
San Luis Obispo,2021-03-10,3195,92865,1241,44224,1672,47533,282,1108,1818,27529,1373,33162,2100,60691,California
San Luis Obispo,2021-03-11,3296,96161,1273,45497,1700,49233,323,1431,1807,28179,1479,34641,2129,62820,California
San Luis Obispo,2021-03-12,3247,99408,1281,46778,1628,50861,338,1769,1617,28515,1622,36263,1958,64778,California
San Luis Obispo,2021-03-13,795,100203,263,47041,423,51284,109,1878,432,28693,362,36625,540,65318,California
San Luis Obispo,2021-03-14,514,100717,53,47094,350,51634,111,1989,134,28559,379,37004,245,65563,California
San Luis Obispo,2021-03-15,3056,103773,1096,48190,1862,53496,98,2087,1529,28664,1523,38527,1628,67191,California
San Luis Obispo,2021-03-16,2848,106621,1509,49699,1229,54725,110,2197,1436,28803,1406,39933,1545,68736,California
San Luis Obispo,2021-03-17,3423,110044,1447,51146,1715,56440,261,2458,1977,29605,1435,41368,2237,70973,California
San Luis Obispo,2021-03-18,2813,112857,1448,52594,1151,57591,214,2672,1339,29688,1469,42837,1552,72525,California
San Luis Obispo,2021-03-19,2585,115442,1563,54157,701,58292,321,2993,957,29348,1620,44457,1280,73805,California
San Luis Obispo,2021-03-20,834,116276,496,54653,301,58593,37,3030,383,29318,450,44907,420,74225,California
San Luis Obispo,2021-03-21,187,116463,45,54698,139,58732,3,3033,157,29449,29,44936,160,74385,California
San Luis Obispo,2021-03-22,2684,119147,1169,55867,1467,60199,48,3081,1862,30542,817,45753,1910,76295,California
San Luis Obispo,2021-03-23,3371,122518,2210,58077,1130,61329,31,3112,2260,31727,1106,46859,2291,78586,California
San Luis Obispo,2021-03-24,3515,126033,2137,60214,1293,62622,85,3197,2622,33545,888,47747,2706,81292,California
San Luis Obispo,2021-03-25,3676,129709,2294,62508,1370,63992,12,3209,2636,35157,1035,48782,2647,83939,California
San Luis Obispo,2021-03-26,3181,132890,1759,64267,990,64982,432,3641,1781,35976,1394,50176,2213,86152,California
San Luis Obispo,2021-03-27,993,133883,507,64774,394,65376,92,3733,452,35981,539,50715,544,86696,California
San Luis Obispo,2021-03-28,444,134327,152,64926,236,65612,56,3789,243,36080,200,50915,299,86995,California
San Luis Obispo,2021-03-29,2579,136906,1277,66203,1169,66781,133,3922,1647,36942,918,51833,1780,88775,California
San Luis Obispo,2021-03-30,3501,140407,1910,68113,1449,68230,142,4064,2333,38252,1163,52996,2473,91248,California
San Luis Obispo,2021-03-31,3873,144280,2462,70575,1264,69494,147,4211,2500,39535,1363,54359,2646,93894,California
San Luis Obispo,2021-04-01,3845,148125,2425,73000,1302,70796,118,4329,2695,41214,1138,55497,2817,96711,California
San Luis Obispo,2021-04-02,1744,149869,686,73686,745,71541,313,4642,943,41669,799,56296,1254,97965,California
San Luis Obispo,2021-04-03,1110,150979,558,74244,425,71966,127,4769,492,41674,614,56910,619,98584,California
San Luis Obispo,2021-04-04,383,151362,131,74375,212,72178,40,4809,236,41803,147,57057,276,98860,California
San Luis Obispo,2021-04-05,3605,154967,1944,76319,1550,73728,111,4920,2023,42357,1579,58636,2133,100993,California
San Luis Obispo,2021-04-06,4026,158993,2146,78465,1557,75285,323,5243,1932,42528,2086,60722,2257,103250,California
San Luis Obispo,2021-04-07,4285,163278,2337,80802,1585,76870,363,5606,2453,43524,1818,62540,2814,106064,California
San Luis Obispo,2021-04-08,4026,167304,2192,82994,1432,78302,402,6008,2151,44209,1868,64408,2553,108617,California
San Luis Obispo,2021-04-09,3644,170948,1734,84728,1155,79457,755,6763,1498,44320,2137,66545,2248,110865,California
San Luis Obispo,2021-04-10,1572,172520,557,85285,351,79808,664,7427,483,44376,1089,67634,1145,112010,California
San Luis Obispo,2021-04-11,313,172833,64,85349,186,79994,63,7490,126,44380,185,67819,189,112199,California
San Luis Obispo,2021-04-12,3374,176207,1698,87047,1512,81506,164,7654,1412,43993,1962,69781,1575,113774,California
San Luis Obispo,2021-04-13,3636,179843,2095,89142,1540,83046,1,7655,1965,44292,1668,71449,1967,115741,California
San Luis Obispo,2021-04-14,2856,182699,1688,90830,1165,84211,3,7658,1665,44778,1179,72628,1665,117406,California
San Luis Obispo,2021-04-15,3687,186386,2398,93228,1288,85499,1,7659,1970,45052,1698,74326,1972,119378,California
San Luis Obispo,2021-04-16,3618,190004,2201,95429,1413,86912,4,7663,1804,45047,1811,76137,1806,121184,California
San Luis Obispo,2021-04-17,1098,191102,433,95862,663,87575,2,7665,716,45384,381,76518,718,121902,California
San Luis Obispo,2021-04-18,321,191423,100,95962,220,87795,1,7666,111,45288,207,76725,111,122013,California
San Luis Obispo,2021-04-19,3128,194551,1285,97247,1805,89600,38,7704,1150,44502,1974,78699,1188,123201,California
San Luis Obispo,2021-04-20,3509,198060,1935,99182,1574,91174,0,7704,1328,43662,2168,80867,1328,124529,California
San Luis Obispo,2021-04-21,3905,201965,1795,100977,2110,93284,0,7704,1610,42996,2276,83143,1610,126139,California
San Luis Obispo,2021-04-22,4577,206542,2058,103035,2519,95803,0,7704,1465,41366,3097,86240,1467,127606,California
San Luis Obispo,2021-04-23,1465,208007,849,103884,612,96415,4,7708,701,41321,757,86997,712,128318,California
San Luis Obispo,2021-04-24,1080,209087,442,104326,619,97034,19,7727,494,41253,581,87578,513,128831,California
San Luis Obispo,2021-04-25,347,209434,164,104490,183,97217,0,7727,115,41137,231,87809,115,128946,California
San Luis Obispo,2021-04-26,968,210402,341,104831,610,97827,17,7744,363,40923,593,88402,379,129325,California
San Luis Obispo,2021-04-27,3693,214095,1911,106742,1713,99540,69,7813,1429,40164,2257,90659,1498,130823,California
San Luis Obispo,2021-04-28,3727,217822,2088,108830,1567,101107,72,7885,1287,39096,2427,93086,1359,132182,California
San Luis Obispo,2021-04-29,3656,221478,2109,110939,1477,102584,70,7955,1210,37946,2433,95519,1283,133465,California
San Luis Obispo,2021-04-30,2963,224441,1660,112599,1230,103814,73,8028,928,36926,2021,97540,1001,134466,California
San Luis Obispo,2021-05-01,467,224908,158,112757,273,104087,36,8064,97,36692,366,97906,132,134598,California
San Luis Obispo,2021-05-02,169,225077,52,112809,97,104184,20,8084,42,36627,127,98033,62,134660,California
San Luis Obispo,2021-05-03,886,225963,289,113098,494,104678,103,8187,225,36293,660,98693,326,134986,California
San Luis Obispo,2021-05-04,2923,228886,1895,114993,964,105642,64,8251,866,35171,2050,100743,928,135914,California
San Luis Obispo,2021-05-05,2804,231690,1851,116844,886,106528,67,8318,694,33834,2099,102842,762,136676,California
San Luis Obispo,2021-05-06,2786,234476,1885,118729,849,107377,52,8370,729,32573,2042,104884,781,137457,California
San Luis Obispo,2021-05-07,2306,236782,1750,120479,495,107872,61,8431,608,31565,1678,106562,670,138127,California
San Luis Obispo,2021-05-08,566,237348,333,120812,209,108081,24,8455,190,31421,358,106920,214,138341,California
San Luis Obispo,2021-05-09,164,237512,41,120853,104,108185,19,8474,46,31369,117,107037,65,138406,California
San Luis Obispo,2021-05-10,717,238229,150,121003,520,108705,47,8521,154,31011,558,107595,200,138606,California
San Luis Obispo,2021-05-11,1167,239396,596,121599,501,109206,70,8591,360,30638,803,108398,430,139036,California
San Luis Obispo,2021-05-12,2348,241744,1570,123169,695,109901,83,8674,682,29752,1651,110049,765,139801,California
San Luis Obispo,2021-05-13,1017,242761,635,123804,323,110224,59,8733,427,29650,587,110636,485,140286,California
San Luis Obispo,2021-05-14,2192,244953,1618,125422,532,110756,42,8775,936,29388,1240,111876,978,141264,California
San Luis Obispo,2021-05-15,977,245930,451,125873,494,111250,32,8807,454,29355,520,112396,487,141751,California
San Luis Obispo,2021-05-16,306,246236,167,126040,132,111382,7,8814,171,29400,133,112529,178,141929,California
San Luis Obispo,2021-05-17,1682,247918,983,127023,646,112028,53,8867,683,29146,990,113519,736,142665,California
San Luis Obispo,2021-05-18,1561,249479,1008,128031,522,112550,31,8898,589,28798,969,114488,621,143286,California
San Luis Obispo,2021-05-19,539,250018,115,128146,417,112967,7,8905,92,28454,442,114930,98,143384,California
San Mateo,2020-12-15,26,26,26,26,0,0,0,0,26,26,0,0,26,26,California
San Mateo,2020-12-16,111,137,111,137,0,0,0,0,111,137,0,0,111,137,California
San Mateo,2020-12-17,164,301,164,301,0,0,0,0,164,301,0,0,164,301,California
San Mateo,2020-12-18,743,1044,741,1042,2,2,0,0,743,1044,0,0,743,1044,California
San Mateo,2020-12-19,517,1561,517,1559,0,2,0,0,517,1561,0,0,517,1561,California
San Mateo,2020-12-20,510,2071,509,2068,1,3,0,0,510,2071,0,0,510,2071,California
San Mateo,2020-12-21,1156,3227,1156,3224,0,3,0,0,1156,3227,0,0,1156,3227,California
San Mateo,2020-12-22,1525,4752,1518,4742,7,10,0,0,1525,4752,0,0,1525,4752,California
San Mateo,2020-12-23,1576,6328,1387,6129,189,199,0,0,1576,6328,0,0,1576,6328,California
San Mateo,2020-12-24,868,7196,611,6740,257,456,0,0,868,7196,0,0,868,7196,California
San Mateo,2020-12-25,115,7311,111,6851,4,460,0,0,115,7311,0,0,115,7311,California
San Mateo,2020-12-26,561,7872,418,7269,143,603,0,0,561,7872,0,0,561,7872,California
San Mateo,2020-12-27,307,8179,176,7445,131,734,0,0,307,8179,0,0,307,8179,California
San Mateo,2020-12-28,1054,9233,707,8152,347,1081,0,0,1054,9233,0,0,1054,9233,California
San Mateo,2020-12-29,1130,10363,705,8857,425,1506,0,0,1130,10363,0,0,1130,10363,California
San Mateo,2020-12-30,1265,11628,760,9617,505,2011,0,0,1265,11628,0,0,1265,11628,California
San Mateo,2020-12-31,716,12344,231,9848,485,2496,0,0,715,12342,1,1,715,12343,California
San Mateo,2021-01-01,75,12419,53,9901,22,2518,0,0,75,12417,0,1,75,12418,California
San Mateo,2021-01-02,401,12820,271,10172,130,2648,0,0,401,12818,0,1,401,12819,California
San Mateo,2021-01-03,284,13104,209,10381,75,2723,0,0,281,13096,3,4,281,13100,California
San Mateo,2021-01-04,1053,14157,680,11061,373,3096,0,0,1053,14149,0,4,1053,14153,California
San Mateo,2021-01-05,1206,15363,710,11771,496,3592,0,0,1176,15296,30,34,1177,15330,California
San Mateo,2021-01-06,1454,16817,955,12726,499,4091,0,0,1270,16386,181,215,1271,16601,California
San Mateo,2021-01-07,1456,18273,810,13536,646,4737,0,0,1166,17270,283,498,1167,17768,California
San Mateo,2021-01-08,1841,20114,1192,14728,649,5386,0,0,1142,17721,692,1190,1143,18911,California
San Mateo,2021-01-09,1182,21296,778,15506,404,5790,0,0,722,17983,460,1650,722,19633,California
San Mateo,2021-01-10,706,22002,577,16083,129,5919,0,0,267,17811,439,2089,267,19900,California
San Mateo,2021-01-11,2593,24595,1486,17569,1107,7026,0,0,1525,18269,1069,3158,1527,21427,California
San Mateo,2021-01-12,3287,27882,1780,19349,1507,8533,0,0,2101,19189,1184,4342,2104,23531,California
San Mateo,2021-01-13,3490,31372,1756,21105,1734,10267,0,0,2454,20610,1036,5378,2457,25988,California
San Mateo,2021-01-14,3780,35152,1587,22692,2193,12460,0,0,3092,23019,688,6066,3097,29085,California
San Mateo,2021-01-15,4328,39480,1708,24400,2620,15080,0,0,3799,26293,527,6593,3801,32886,California
San Mateo,2021-01-16,3087,42567,778,25178,2309,17389,0,0,2767,28740,320,6913,2767,35653,California
San Mateo,2021-01-17,1312,43879,310,25488,1002,18391,0,0,1102,29632,210,7123,1102,36755,California
San Mateo,2021-01-18,1366,45245,535,26023,831,19222,0,0,992,30256,371,7494,995,37750,California
San Mateo,2021-01-19,2801,48046,1790,27813,1011,20233,0,0,2007,31472,791,8285,2007,39757,California
San Mateo,2021-01-20,2804,50850,1547,29360,1257,21490,0,0,1960,32592,841,9126,1961,41718,California
San Mateo,2021-01-21,2865,53715,1310,30670,1555,23045,0,0,2272,34276,591,9717,2275,43993,California
San Mateo,2021-01-22,2800,56515,1138,31808,1662,24707,0,0,2500,36479,298,10015,2501,46494,California
San Mateo,2021-01-23,2888,59403,1692,33500,1196,25903,0,0,2522,38636,366,10381,2523,49017,California
San Mateo,2021-01-24,1522,60925,376,33876,1146,27049,0,0,1209,39534,312,10693,1210,50227,California
San Mateo,2021-01-25,4433,65358,3149,37025,1284,28333,0,0,3535,42176,896,11589,3538,53765,California
San Mateo,2021-01-26,4296,69654,2980,40005,1316,29649,0,0,3388,44658,907,12496,3389,57154,California
San Mateo,2021-01-27,2796,72450,1476,41481,1320,30969,0,0,1797,45464,992,13488,1798,58952,California
San Mateo,2021-01-28,2807,75257,1357,42838,1450,32419,0,0,1954,46580,838,14326,1954,60906,California
San Mateo,2021-01-29,2987,78244,1341,44179,1646,34065,0,0,2152,47903,832,15158,2155,63061,California
San Mateo,2021-01-30,3379,81623,1479,45658,1900,35965,0,0,2921,50368,457,15615,2922,65983,California
San Mateo,2021-01-31,1682,83305,898,46556,784,36749,0,0,1519,51726,161,15776,1519,67502,California
San Mateo,2021-02-01,2935,86240,1348,47904,1587,38336,0,0,2226,53248,705,16481,2227,69729,California
San Mateo,2021-02-02,3183,89423,1734,49638,1449,39785,0,0,2161,54390,1019,17500,2161,71890,California
San Mateo,2021-02-03,4890,94313,1955,51593,2935,42720,0,0,3836,57176,1051,18551,3837,75727,California
San Mateo,2021-02-04,6302,100615,2594,54187,3708,46428,0,0,4941,60765,1355,19906,4944,80671,California
San Mateo,2021-02-05,6800,107415,2551,56738,4249,50677,0,0,4975,63932,1808,21714,4975,85646,California
San Mateo,2021-02-06,3289,110704,1921,58659,1368,52045,0,0,2622,65890,666,22380,2624,88270,California
San Mateo,2021-02-07,1902,112606,1348,60007,554,52599,0,0,1710,67408,192,22572,1710,89980,California
San Mateo,2021-02-08,5283,117889,2250,62257,3033,55632,0,0,3109,68408,2109,24681,3109,93089,California
San Mateo,2021-02-09,6194,124083,3229,65486,2965,58597,0,0,3342,68904,2846,27527,3342,96431,California
San Mateo,2021-02-10,6499,130582,3272,68758,3227,61824,0,0,3422,69258,3068,30595,3422,99853,California
San Mateo,2021-02-11,7069,137651,3588,72346,3481,65305,0,0,3798,69797,3262,33857,3801,103654,California
San Mateo,2021-02-12,6633,144284,2961,75307,3672,68977,0,0,4708,72584,1923,35780,4710,108364,California
San Mateo,2021-02-13,6118,150402,4014,79321,2104,71081,0,0,2646,71763,3467,39247,2646,111010,California
San Mateo,2021-02-14,4639,155041,3023,82344,1616,72697,0,0,1989,71110,2643,41890,1990,113000,California
San Mateo,2021-02-15,3166,158207,1459,83803,1707,74404,0,0,1785,71520,1376,43266,1786,114786,California
San Mateo,2021-02-16,7156,165363,1880,85683,5276,79680,0,0,5286,74939,1869,45135,5288,120074,California
San Mateo,2021-02-17,7074,172437,1951,87634,5123,84803,0,0,5066,78005,2002,47137,5068,125142,California
San Mateo,2021-02-18,6708,179145,4637,92271,2071,86874,0,0,4446,80205,2249,49386,4449,129591,California
San Mateo,2021-02-19,7818,186963,5617,97888,2201,89075,0,0,5821,84036,1990,51376,5821,135412,California
San Mateo,2021-02-20,3737,190700,2421,100309,1316,90391,0,0,2307,84920,1423,52799,2307,137719,California
San Mateo,2021-02-21,2605,193305,1761,102070,844,91235,0,0,1556,85433,1043,53842,1556,139275,California
San Mateo,2021-02-22,4438,197743,3216,105286,1222,92457,0,0,2797,86596,1635,55477,2798,142073,California
San Mateo,2021-02-23,4352,202095,3106,108392,1246,93703,0,0,2542,87337,1801,57278,2542,144615,California
San Mateo,2021-02-24,7312,209407,3287,111679,4025,97728,0,0,4879,89789,2428,59706,4880,149495,California
San Mateo,2021-02-25,9104,218511,4025,115704,5079,102807,0,0,6027,92755,3061,62767,6027,155522,California
San Mateo,2021-02-26,9781,228292,3727,119431,6054,108861,0,0,6852,96698,2913,65680,6856,162378,California
San Mateo,2021-02-27,6766,235058,3496,122927,3269,112130,1,1,3689,97322,3071,68751,3695,166073,California
San Mateo,2021-02-28,4135,239193,2517,125444,1618,113748,0,1,2562,98318,1567,70318,2563,168636,California
San Mateo,2021-03-01,5741,244934,3617,129061,2122,115870,2,3,2856,98304,2872,73190,2858,171494,California
San Mateo,2021-03-02,6265,251199,4451,133512,1813,117683,1,4,3633,99315,2624,75814,3635,175129,California
San Mateo,2021-03-03,8462,259661,3995,137507,4465,122148,2,6,3661,98191,4788,80602,3664,178793,California
San Mateo,2021-03-04,8486,268147,3990,141497,4493,126641,3,9,3834,97397,4633,85235,3839,182632,California
San Mateo,2021-03-05,9353,277500,6239,147736,3110,129751,4,13,6575,101221,2758,87993,6582,189214,California
San Mateo,2021-03-06,7968,285468,5552,153288,2240,131991,176,189,5846,105129,2113,90106,6021,195235,California
San Mateo,2021-03-07,3606,289074,2443,155731,1095,133086,68,257,2132,105859,1470,91576,2200,197435,California
San Mateo,2021-03-08,4550,293624,2577,158308,1754,134840,219,476,3324,108182,1219,92795,3542,200977,California
San Mateo,2021-03-09,5309,298933,2871,161179,2162,137002,276,752,3712,110580,1587,94382,3985,204962,California
San Mateo,2021-03-10,7184,306117,2904,164083,3993,140995,287,1039,4803,113303,2366,96748,5089,210051,California
San Mateo,2021-03-11,9147,315264,5745,169828,3009,144004,393,1432,3720,112018,5397,102145,4112,214163,California
San Mateo,2021-03-12,10521,325785,6614,176442,3524,147528,383,1815,3508,108917,6993,109138,3892,218055,California
San Mateo,2021-03-13,8113,333898,3424,179866,3060,150588,1629,3444,3912,110260,4189,113327,5532,223587,California
San Mateo,2021-03-14,4941,338839,3309,183175,1525,152113,107,3551,2634,110701,2299,115626,2740,226327,California
San Mateo,2021-03-15,7136,345975,4589,187764,2371,154484,176,3727,3756,111260,3374,119000,3933,230260,California
San Mateo,2021-03-16,11915,357890,4363,192127,7429,161913,123,3850,4808,109102,7091,126091,4933,235193,California
San Mateo,2021-03-17,10804,368694,4368,196495,6310,168223,126,3976,4867,108188,5911,132002,4997,240190,California
San Mateo,2021-03-18,7247,375941,4044,200539,3020,171243,183,4159,4313,109754,2928,134930,4494,244684,California
San Mateo,2021-03-19,7374,383315,4729,205268,1978,173221,667,4826,3610,110277,3754,138684,4277,248961,California
San Mateo,2021-03-20,8300,391615,6440,211708,1524,174745,336,5162,5373,113073,2912,141596,5708,254669,California
San Mateo,2021-03-21,4165,395780,3132,214840,802,175547,231,5393,2342,113831,1812,143408,2570,257239,California
San Mateo,2021-03-22,5228,401008,3548,218388,1262,176809,418,5811,2814,114663,2401,145809,3233,260472,California
San Mateo,2021-03-23,9787,410795,4454,222842,5137,181946,196,6007,4397,113895,5360,151169,4592,265064,California
San Mateo,2021-03-24,9454,420249,5453,228295,3860,185806,141,6148,4066,112785,5317,156486,4207,269271,California
San Mateo,2021-03-25,10031,430280,4890,233185,4873,190679,268,6416,4412,111952,5517,162003,4684,273955,California
San Mateo,2021-03-26,11168,441448,7672,240857,3330,194009,166,6582,4315,109621,6815,168818,4484,278439,California
San Mateo,2021-03-27,10447,451895,7972,248829,2369,196378,106,6688,4614,108527,5814,174632,4720,283159,California
San Mateo,2021-03-28,4214,456109,2699,251528,1403,197781,112,6800,1995,108425,2210,176842,2108,285267,California
San Mateo,2021-03-29,6025,462134,3748,255276,2024,199805,253,7053,2763,108198,3243,180085,3016,288283,California
San Mateo,2021-03-30,7095,469229,4024,259300,2916,202721,155,7208,3850,108974,3230,183315,4006,292289,California
San Mateo,2021-03-31,7227,476456,4557,263857,2532,205253,138,7346,3846,109597,3364,186679,3987,296276,California
San Mateo,2021-04-01,10470,486926,5139,268996,4146,209399,1185,8531,5621,111603,4806,191485,6812,303088,California
San Mateo,2021-04-02,10704,497630,5100,274096,4035,213434,1569,10100,5619,113727,5065,196550,7189,310277,California
San Mateo,2021-04-03,9733,507363,5523,279619,2467,215901,1743,11843,4931,115610,4794,201344,6677,316954,California
San Mateo,2021-04-04,5440,512803,2624,282243,1565,217466,1251,13094,1741,114916,3686,205030,2992,319946,California
San Mateo,2021-04-05,8974,521777,4784,287027,2455,219921,1735,14829,3863,115417,5096,210126,5597,325543,California
San Mateo,2021-04-06,13181,534958,8247,295274,3080,223001,1854,16683,7534,119184,5634,215760,9401,334944,California
San Mateo,2021-04-07,11375,546333,5262,300536,4434,227435,1679,18362,4852,119207,6502,222262,6525,341469,California
San Mateo,2021-04-08,10105,556438,5041,305577,2477,229912,2587,20949,4497,120687,5592,227854,7072,348541,California
San Mateo,2021-04-09,11267,567705,5481,311058,3309,233221,2477,23426,5084,122059,6181,234035,7553,356094,California
San Mateo,2021-04-10,11169,578874,5676,316734,4066,237287,1427,24853,4635,121608,6509,240544,6058,362152,California
San Mateo,2021-04-11,6611,585485,3288,320022,873,238160,2450,27303,2332,122113,4272,244816,4777,366929,California
San Mateo,2021-04-12,7311,592796,4472,324494,1878,240038,961,28264,3551,122887,3738,248554,4512,371441,California
San Mateo,2021-04-13,8144,600940,5086,329580,3049,243087,9,28273,4319,123398,3819,252373,4330,375771,California
San Mateo,2021-04-14,8313,609253,5368,334948,2944,246031,1,28274,4277,123661,4021,256394,4284,380055,California
San Mateo,2021-04-15,11079,620332,7367,342315,3710,249741,2,28276,7267,127142,3789,260183,7270,387325,California
San Mateo,2021-04-16,9947,630279,6857,349172,3074,252815,16,28292,6330,129893,3600,263783,6351,393676,California
San Mateo,2021-04-17,9671,639950,6441,355613,3227,256042,3,28295,6144,132526,3518,267301,6151,399827,California
San Mateo,2021-04-18,5410,645360,2597,358210,2813,258855,0,28295,3660,134452,1740,269041,3666,403493,California
San Mateo,2021-04-19,8355,653715,5442,363652,2913,261768,0,28295,5423,136962,2922,271963,5432,408925,California
San Mateo,2021-04-20,10245,663960,5704,369356,4540,266308,1,28296,6582,139910,3645,275608,6593,415518,California
San Mateo,2021-04-21,9007,672967,6104,375460,2903,269211,0,28296,5584,142094,3407,279015,5591,421109,California
San Mateo,2021-04-22,9589,682556,6420,381880,3168,272379,1,28297,5343,143228,4215,283230,5349,426458,California
San Mateo,2021-04-23,9460,692016,6227,388107,3233,275612,0,28297,5319,144445,4117,287347,5334,431792,California
San Mateo,2021-04-24,11228,703244,8023,396130,3205,278817,0,28297,6048,145343,5158,292505,6056,437848,California
San Mateo,2021-04-25,5526,708770,3868,399998,1656,280473,2,28299,3920,147680,1594,294099,3931,441779,California
San Mateo,2021-04-26,6322,715092,4633,404631,1681,282154,8,28307,3654,148693,2660,296759,3673,445452,California
San Mateo,2021-04-27,10979,726071,7807,412438,3067,285221,105,28412,4424,146697,6529,303288,4533,449985,California
San Mateo,2021-04-28,7664,733735,4425,416863,3035,288256,204,28616,4016,147281,3640,306928,4224,454209,California
San Mateo,2021-04-29,7922,741657,3712,420575,4035,292291,175,28791,3503,146578,4393,311321,3690,457899,California
San Mateo,2021-04-30,8076,749733,5070,425645,2853,295144,153,28944,3426,145541,4629,315950,3592,461491,California
San Mateo,2021-05-01,6144,755877,4116,429761,1909,297053,119,29063,2655,144851,3475,319425,2785,464276,California
San Mateo,2021-05-02,3170,759047,1740,431501,1359,298412,71,29134,1144,144052,2018,321443,1219,465495,California
San Mateo,2021-05-03,6044,765091,4527,436028,1373,299785,144,29278,1906,141972,4130,325573,2050,467545,California
San Mateo,2021-05-04,7231,772322,4894,440922,2165,301950,172,29450,2455,139851,4760,330333,2639,470184,California
San Mateo,2021-05-05,6851,779173,4478,445400,2211,304161,162,29612,2463,138118,4360,334693,2627,472811,California
San Mateo,2021-05-06,8503,787676,6646,452046,1683,305844,174,29786,1738,133288,6747,341440,1917,474728,California
San Mateo,2021-05-07,8192,795868,5858,457904,2051,307895,283,30069,1838,129097,6323,347763,2132,476860,California
San Mateo,2021-05-08,6648,802516,4031,461935,2379,310274,238,30307,1831,126367,4804,352567,2074,478934,California
San Mateo,2021-05-09,3118,805634,2434,464369,611,310885,73,30380,1064,125457,2048,354615,1138,480072,California
San Mateo,2021-05-10,4610,810244,3318,467687,1122,312007,170,30550,773,122580,3828,358443,951,481023,California
San Mateo,2021-05-11,6477,816721,4866,472553,1499,313506,112,30662,1650,119534,4811,363254,1765,482788,California
San Mateo,2021-05-12,6359,823080,4596,477149,1578,315084,185,30847,1512,116399,4835,368089,1700,484488,California
San Mateo,2021-05-13,8868,831948,6639,483788,2138,317222,91,30938,3307,114268,5534,373623,3403,487891,California
San Mateo,2021-05-14,8280,840228,6114,489902,2066,319288,100,31038,2688,111488,5579,379202,2799,490690,California
San Mateo,2021-05-15,10248,850476,8010,497912,2141,321429,97,31135,4470,110317,5760,384962,4589,495279,California
San Mateo,2021-05-16,7027,857503,5009,502921,1954,323383,64,31199,2112,107594,4901,389863,2178,497457,California
San Mateo,2021-05-17,6983,864486,4971,507892,1907,325290,105,31304,2190,105115,4778,394641,2299,499756,California
San Mateo,2021-05-18,6539,871025,4424,512316,2058,327348,57,31361,2112,102957,4331,398972,2173,501929,California
San Mateo,2021-05-19,4672,875697,3563,515879,1062,328410,47,31408,2157,102657,2505,401477,2205,504134,California
Santa Barbara,2020-12-15,2,2,2,2,0,0,0,0,2,2,0,0,2,2,California
Santa Barbara,2020-12-16,2,4,2,4,0,0,0,0,2,4,0,0,2,4,California
Santa Barbara,2020-12-17,56,60,56,60,0,0,0,0,56,60,0,0,56,60,California
Santa Barbara,2020-12-18,378,438,377,437,1,1,0,0,378,438,0,0,378,438,California
Santa Barbara,2020-12-19,325,763,325,762,0,1,0,0,325,763,0,0,325,763,California
Santa Barbara,2020-12-20,235,998,235,997,0,1,0,0,235,998,0,0,235,998,California
Santa Barbara,2020-12-21,652,1650,650,1647,2,3,0,0,652,1650,0,0,652,1650,California
Santa Barbara,2020-12-22,245,1895,243,1890,2,5,0,0,245,1895,0,0,245,1895,California
Santa Barbara,2020-12-23,321,2216,203,2093,118,123,0,0,321,2216,0,0,321,2216,California
Santa Barbara,2020-12-24,88,2304,40,2133,48,171,0,0,88,2304,0,0,88,2304,California
Santa Barbara,2020-12-26,326,2630,66,2199,260,431,0,0,326,2630,0,0,326,2630,California
Santa Barbara,2020-12-27,62,2692,1,2200,61,492,0,0,62,2692,0,0,62,2692,California
Santa Barbara,2020-12-28,356,3048,223,2423,133,625,0,0,356,3048,0,0,356,3048,California
Santa Barbara,2020-12-29,555,3603,361,2784,194,819,0,0,555,3603,0,0,555,3603,California
Santa Barbara,2020-12-30,585,4188,403,3187,182,1001,0,0,585,4188,0,0,585,4188,California
Santa Barbara,2020-12-31,240,4428,114,3301,126,1127,0,0,240,4428,0,0,240,4428,California
Santa Barbara,2021-01-01,114,4542,109,3410,5,1132,0,0,114,4542,0,0,114,4542,California
Santa Barbara,2021-01-02,591,5133,225,3635,366,1498,0,0,591,5133,0,0,591,5133,California
Santa Barbara,2021-01-03,23,5156,15,3650,8,1506,0,0,23,5156,0,0,23,5156,California
Santa Barbara,2021-01-04,310,5466,247,3897,63,1569,0,0,309,5465,0,0,309,5465,California
Santa Barbara,2021-01-05,754,6220,381,4278,373,1942,0,0,727,6165,27,27,727,6192,California
Santa Barbara,2021-01-06,656,6876,276,4554,380,2322,0,0,595,6700,60,87,595,6787,California
Santa Barbara,2021-01-07,1033,7909,711,5265,322,2644,0,0,527,6725,502,589,527,7314,California
Santa Barbara,2021-01-08,1203,9112,843,6108,360,3004,0,0,710,6942,493,1082,710,8024,California
Santa Barbara,2021-01-09,566,9678,293,6401,273,3277,0,0,320,7016,246,1328,320,8344,California
Santa Barbara,2021-01-10,62,9740,50,6451,12,3289,0,0,46,7046,16,1344,46,8390,California
Santa Barbara,2021-01-11,839,10579,670,7121,169,3458,0,0,616,7440,222,1566,616,9006,California
Santa Barbara,2021-01-12,1429,12008,635,7756,794,4252,0,0,1272,8555,157,1723,1272,10278,California
Santa Barbara,2021-01-13,1229,13237,281,8037,948,5200,0,0,1102,9530,127,1850,1102,11380,California
Santa Barbara,2021-01-14,1250,14487,133,8170,1117,6317,0,0,1195,10672,54,1904,1196,12576,California
Santa Barbara,2021-01-15,1802,16289,421,8591,1381,7698,0,0,1721,12313,80,1984,1721,14297,California
Santa Barbara,2021-01-16,1272,17561,202,8793,1070,8768,0,0,1233,13508,38,2022,1233,15530,California
Santa Barbara,2021-01-17,123,17684,20,8813,103,8871,0,0,120,13625,3,2025,120,15650,California
Santa Barbara,2021-01-18,1151,18835,417,9230,734,9605,0,0,966,14406,185,2210,966,16616,California
Santa Barbara,2021-01-19,1639,20474,570,9800,1069,10674,0,0,1359,15486,279,2489,1359,17975,California
Santa Barbara,2021-01-20,2096,22570,545,10345,1551,12225,0,0,1736,16863,359,2848,1736,19711,California
Santa Barbara,2021-01-21,3090,25660,1819,12164,1271,13496,0,0,2931,19636,159,3007,2932,22643,California
Santa Barbara,2021-01-22,3020,28680,1865,14029,1155,14651,0,0,2856,22332,161,3168,2857,25500,California
Santa Barbara,2021-01-23,1734,30414,1106,15135,628,15279,0,0,1222,23043,511,3679,1222,26722,California
Santa Barbara,2021-01-24,844,31258,752,15887,92,15371,0,0,835,23869,9,3688,835,27557,California
Santa Barbara,2021-01-25,1245,32503,501,16388,744,16115,0,0,1005,24634,240,3928,1005,28562,California
Santa Barbara,2021-01-26,2051,34554,468,16856,1583,17698,0,0,1664,25913,385,4313,1664,30226,California
Santa Barbara,2021-01-27,1163,35717,400,17256,763,18461,0,0,901,26555,261,4574,903,31129,California
Santa Barbara,2021-01-28,895,36612,298,17554,597,19058,0,0,680,27023,212,4786,680,31809,California
Santa Barbara,2021-01-29,1333,37945,537,18091,796,19854,0,0,979,27653,351,5137,981,32790,California
Santa Barbara,2021-01-30,1892,39837,1420,19511,472,20326,0,0,1488,28740,401,5538,1488,34278,California
Santa Barbara,2021-01-31,1454,41291,1216,20727,238,20564,0,0,1415,30116,39,5577,1415,35693,California
Santa Barbara,2021-02-01,947,42238,522,21249,425,20989,0,0,559,30287,388,5965,559,36252,California
Santa Barbara,2021-02-02,1829,44067,701,21950,1128,22117,0,0,1052,30565,774,6739,1052,37304,California
Santa Barbara,2021-02-03,1941,46008,1077,23027,864,22981,0,0,1498,31630,433,7172,1498,38802,California
Santa Barbara,2021-02-04,2779,48787,1865,24892,914,23895,0,0,2482,33821,291,7463,2482,41284,California
Santa Barbara,2021-02-05,2904,51691,2060,26952,844,24739,0,0,2260,35439,642,8105,2260,43544,California
Santa Barbara,2021-02-06,1205,52896,339,27291,866,25605,0,0,794,35822,411,8516,794,44338,California
Santa Barbara,2021-02-07,301,53197,263,27554,38,25643,0,0,266,36054,34,8550,266,44604,California
Santa Barbara,2021-02-08,956,54153,311,27865,645,26288,0,0,668,36434,288,8838,668,45272,California
Santa Barbara,2021-02-09,2438,56591,313,28178,2125,28413,0,0,1118,36243,1309,10147,1118,46390,California
Santa Barbara,2021-02-10,2764,59355,1497,29675,1267,29680,0,0,782,35052,1973,12120,782,47172,California
Santa Barbara,2021-02-11,4187,63542,2809,32484,1378,31058,0,0,624,32122,3554,15674,624,47796,California
Santa Barbara,2021-02-12,3308,66850,949,33433,2359,33417,0,0,774,30368,2528,18202,774,48570,California
Santa Barbara,2021-02-13,1235,68085,341,33774,894,34311,0,0,561,30259,670,18872,561,49131,California
Santa Barbara,2021-02-14,331,68416,34,33808,297,34608,0,0,285,30498,46,18918,285,49416,California
Santa Barbara,2021-02-15,968,69384,339,34147,629,35237,0,0,492,30519,471,19389,492,49908,California
Santa Barbara,2021-02-16,2108,71492,396,34543,1712,36949,0,0,716,29847,1388,20777,716,50624,California
Santa Barbara,2021-02-17,1437,72929,321,34864,1116,38065,0,0,522,29457,912,21689,522,51146,California
Santa Barbara,2021-02-18,3255,76184,2647,37511,608,38673,0,0,1518,29273,1702,23391,1518,52664,California
Santa Barbara,2021-02-19,3597,79781,2643,40154,954,39627,0,0,2331,30341,1263,24654,2331,54995,California
Santa Barbara,2021-02-20,2224,82005,1438,41592,786,40413,0,0,1668,31462,547,25201,1668,56663,California
Santa Barbara,2021-02-21,133,82138,104,41696,29,40442,0,0,59,31448,73,25274,59,56722,California
Santa Barbara,2021-02-22,942,83080,249,41945,693,41135,0,0,262,31037,673,25947,262,56984,California
Santa Barbara,2021-02-23,3189,86269,1047,42992,2142,43277,0,0,422,28696,2763,28710,422,57406,California
Santa Barbara,2021-02-24,3202,89471,1091,44083,2111,45388,0,0,722,26951,2467,31177,722,58128,California
Santa Barbara,2021-02-25,3452,92923,1920,46003,1532,46920,0,0,987,25481,2458,33635,988,59116,California
Santa Barbara,2021-02-26,3665,96588,2175,48178,1490,48410,0,0,1978,25780,1679,35314,1978,61094,California
Santa Barbara,2021-02-27,1532,98120,567,48745,965,49375,0,0,849,25955,676,35990,851,61945,California
Santa Barbara,2021-02-28,1086,99206,221,48966,865,50240,0,0,894,26663,187,36177,895,62840,California
Santa Barbara,2021-03-01,1641,100847,469,49435,1172,51412,0,0,1088,27213,539,36716,1089,63929,California
Santa Barbara,2021-03-02,2644,103491,420,49855,2224,53636,0,0,2143,28869,488,37204,2144,66073,California
Santa Barbara,2021-03-03,4629,108120,2101,51956,2526,56162,2,2,4032,32319,587,37791,4037,70110,California
Santa Barbara,2021-03-04,3423,111543,2285,54241,1138,57300,0,2,2868,34640,547,38338,2868,72978,California
Santa Barbara,2021-03-05,3817,115360,2165,56406,1593,58893,59,61,3091,37070,720,39058,3150,76128,California
Santa Barbara,2021-03-06,2432,117792,725,57131,1488,60381,219,280,1667,38194,761,39819,1885,78013,California
Santa Barbara,2021-03-07,564,118356,123,57254,310,60691,131,411,384,38531,179,39998,516,78529,California
Santa Barbara,2021-03-08,1577,119933,380,57634,855,61546,342,753,795,38892,776,40774,1137,79666,California
Santa Barbara,2021-03-09,2795,122728,344,57978,1677,63223,774,1527,738,38346,2054,42828,1508,81174,California
Santa Barbara,2021-03-10,2758,125486,553,58531,1159,64382,1046,2573,1040,38719,1712,44540,2085,83259,California
Santa Barbara,2021-03-11,5578,131064,3029,61560,1434,65816,1115,3688,2281,38827,3283,47823,3391,86650,California
Santa Barbara,2021-03-12,3676,134740,2098,63658,1149,66965,429,4117,2179,39943,1489,49312,2605,89255,California
Santa Barbara,2021-03-13,3480,138220,1926,65584,1345,68310,209,4326,2694,42062,784,50096,2903,92158,California
Santa Barbara,2021-03-14,784,139004,371,65955,356,68666,57,4383,463,42261,321,50417,520,92678,California
Santa Barbara,2021-03-15,2106,141110,691,66646,1124,69790,291,4674,1266,42983,833,51250,1555,94233,California
Santa Barbara,2021-03-16,3723,144833,1172,67818,2209,71999,342,5016,2736,45077,984,52234,3078,97311,California
Santa Barbara,2021-03-17,3298,148131,973,68791,1920,73919,405,5421,2308,46798,988,53222,2709,100020,California
Santa Barbara,2021-03-18,5222,153353,2798,71589,2222,76141,202,5623,3998,49789,1209,54431,4200,104220,California
Santa Barbara,2021-03-19,4444,157797,2768,74357,1344,77485,332,5955,3053,51786,1387,55818,3384,107604,California
Santa Barbara,2021-03-20,2169,159966,828,75185,1327,78812,14,5969,1330,52292,837,56655,1343,108947,California
Santa Barbara,2021-03-21,1164,161130,382,75567,752,79564,30,5999,838,52836,324,56979,868,109815,California
Santa Barbara,2021-03-22,2779,163909,1912,77479,823,80387,44,6043,2222,54554,548,57527,2266,112081,California
Santa Barbara,2021-03-23,4477,168386,2250,79729,2127,82514,100,6143,3707,57600,761,58288,3807,115888,California
Santa Barbara,2021-03-24,5410,173796,3155,82884,1514,84028,741,6884,2973,58896,2415,60703,3711,119599,California
Santa Barbara,2021-03-25,5552,179348,3277,86161,2087,86115,188,7072,2776,59101,2759,63462,2964,122563,California
Santa Barbara,2021-03-26,5084,184432,3221,89382,1564,87679,299,7371,2238,58808,2830,66292,2537,125100,California
Santa Barbara,2021-03-27,2924,187356,1219,90601,1662,89341,43,7414,1595,59120,1324,67616,1636,126736,California
Santa Barbara,2021-03-28,2771,190127,1647,92248,1096,90437,28,7442,1886,60155,880,68496,1915,128651,California
Santa Barbara,2021-03-29,4043,194170,2086,94334,1886,92323,71,7513,3229,62645,810,69306,3300,131951,California
Santa Barbara,2021-03-30,6794,200964,3510,97844,3134,95457,150,7663,4539,65091,2240,71546,4686,136637,California
Santa Barbara,2021-03-31,8665,209629,5519,103363,3079,98536,67,7730,5054,66625,3591,75137,5125,141762,California
Santa Barbara,2021-04-01,7026,216655,5194,108557,1573,100109,259,7989,4164,68205,2844,77981,4424,146186,California
Santa Barbara,2021-04-02,6617,223272,4538,113095,1485,101594,594,8583,3399,68988,3211,81192,3994,150180,California
Santa Barbara,2021-04-03,3802,227074,2112,115207,1622,103216,68,8651,2512,70284,1286,82478,2582,152762,California
Santa Barbara,2021-04-04,899,227973,444,115651,415,103631,40,8691,500,70427,397,82875,540,153302,California
Santa Barbara,2021-04-05,3457,231430,2283,117934,916,104547,258,8949,2163,71562,1287,84162,2422,155724,California
Santa Barbara,2021-04-06,5446,236876,2810,120744,2100,106647,536,9485,3326,73318,2104,86266,3860,159584,California
Santa Barbara,2021-04-07,5970,242846,3284,124028,2145,108792,541,10026,4062,76022,1898,88164,4602,164186,California
Santa Barbara,2021-04-08,7363,250209,5009,129037,643,109435,1711,11737,3393,77156,3967,92131,5101,169287,California
Santa Barbara,2021-04-09,7256,257465,4826,133863,1084,110519,1346,13083,3262,77774,3985,96116,4603,173890,California
Santa Barbara,2021-04-10,6629,264094,4587,138450,1425,111944,617,13700,4501,80770,2120,98236,5116,179006,California
Santa Barbara,2021-04-11,2641,266735,1930,140380,412,112356,299,13999,1821,82071,814,99050,2115,181121,California
Santa Barbara,2021-04-12,4425,271160,2848,143228,1024,113380,553,14552,1923,82050,2495,101545,2474,183595,California
Santa Barbara,2021-04-13,6307,277467,4149,147377,2152,115532,6,14558,2624,81000,3679,105224,2629,186224,California
Santa Barbara,2021-04-14,6725,284192,4402,151779,2321,117853,2,14560,4205,82697,2510,107734,4207,190431,California
Santa Barbara,2021-04-15,6936,291128,4083,155862,2852,120705,1,14561,3762,83297,3164,110898,3764,194195,California
Santa Barbara,2021-04-16,6381,297509,3752,159614,2618,123323,11,14572,4394,85729,1972,112870,4404,198599,California
Santa Barbara,2021-04-17,5300,302809,3855,163469,1445,124768,0,14572,4090,88618,1201,114071,4090,202689,California
Santa Barbara,2021-04-18,2128,304937,1477,164946,651,125419,0,14572,372,87239,1752,115823,373,203062,California
Santa Barbara,2021-04-19,3225,308162,2220,167166,999,126418,6,14578,1022,86070,2198,118021,1029,204091,California
Santa Barbara,2021-04-20,5857,314019,3943,171109,1913,128331,1,14579,1646,83517,4199,122220,1646,205737,California
Santa Barbara,2021-04-21,5432,319451,3593,174702,1839,130170,0,14579,1696,81491,3722,125942,1696,207433,California
Santa Barbara,2021-04-22,5077,324528,2550,177252,2526,132696,1,14580,1451,79335,3610,129552,1454,208887,California
Santa Barbara,2021-04-23,5525,330053,3871,181123,1654,134350,0,14580,1951,77722,3564,133116,1951,210838,California
Santa Barbara,2021-04-24,4423,334476,2878,184001,1540,135890,5,14585,1664,76640,2751,135867,1669,212507,California
Santa Barbara,2021-04-25,1833,336309,1186,185187,647,136537,0,14585,500,75815,1325,137192,500,213007,California
Santa Barbara,2021-04-26,2924,339233,1805,186992,1098,137635,21,14606,460,73838,2458,139650,481,213488,California
Santa Barbara,2021-04-27,3682,342915,2031,189023,1564,139199,87,14693,1108,72467,2565,142215,1194,214682,California
Santa Barbara,2021-04-28,4902,347817,2863,191886,1923,141122,116,14809,1402,70501,3487,145702,1521,216203,California
Santa Barbara,2021-04-29,5247,353064,3797,195683,1223,142345,227,15036,1443,68383,3787,149489,1669,217872,California
Santa Barbara,2021-04-30,4944,358008,3694,199377,1086,143431,164,15200,1422,66459,3509,152998,1585,219457,California
Santa Barbara,2021-05-01,5238,363246,4059,203436,1146,144577,33,15233,906,63076,4324,157322,941,220398,California
Santa Barbara,2021-05-02,1131,364377,666,204102,337,144914,128,15361,308,62690,822,158144,436,220834,California
Santa Barbara,2021-05-03,2204,366581,1479,205581,586,145500,139,15500,443,61517,1755,159899,582,221416,California
Santa Barbara,2021-05-04,3278,369859,1661,207242,1547,147047,70,15570,1140,60601,2125,162024,1209,222625,California
Santa Barbara,2021-05-05,5418,375277,3670,210912,1601,148648,147,15717,627,56597,4779,166803,775,223400,California
Santa Barbara,2021-05-06,5038,380315,3903,214815,1031,149679,104,15821,961,53601,4061,170864,1065,224465,California
Santa Barbara,2021-05-07,4661,384976,3655,218470,829,150508,177,15998,1006,51137,3645,174509,1181,225646,California
Santa Barbara,2021-05-08,4212,389188,3153,221623,961,151469,98,16096,870,48778,3327,177836,968,226614,California
Santa Barbara,2021-05-09,702,389890,109,221732,553,152022,40,16136,467,49052,234,178070,508,227122,California
Santa Barbara,2021-05-10,1301,391191,622,222354,595,152617,84,16220,351,48538,948,179018,434,227556,California
Santa Barbara,2021-05-11,1796,392987,770,223124,733,153350,293,16513,387,47814,1402,180420,678,228234,California
Santa Barbara,2021-05-12,1458,394445,641,223765,614,153964,203,16716,414,47394,1037,181457,617,228851,California
Santa Barbara,2021-05-13,3496,397941,2666,226431,635,154599,195,16911,1106,46312,2381,183838,1299,230150,California
Santa Barbara,2021-05-14,4039,401980,2484,228915,1480,156079,75,16986,1548,45454,2478,186316,1620,231770,California
Santa Barbara,2021-05-15,3446,405426,2510,231425,917,156996,19,17005,1801,45640,1635,187951,1821,233591,California
Santa Barbara,2021-05-16,1063,406489,465,231890,482,157478,116,17121,468,45632,592,188543,584,234175,California
Santa Barbara,2021-05-17,1604,408093,922,232812,623,158101,59,17180,890,45872,709,189252,949,235124,California
Santa Barbara,2021-05-18,1233,409326,794,233606,358,158459,81,17261,671,46081,543,189795,752,235876,California
Santa Barbara,2021-05-19,617,409943,305,233911,299,158758,13,17274,338,46157,275,190070,351,236227,California
Santa Clara,2020-12-15,65,65,65,65,0,0,0,0,65,65,0,0,65,65,California
Santa Clara,2020-12-16,138,203,138,203,0,0,0,0,138,203,0,0,138,203,California
Santa Clara,2020-12-17,394,597,394,597,0,0,0,0,394,597,0,0,394,597,California
Santa Clara,2020-12-18,1674,2271,1674,2271,0,0,0,0,1674,2271,0,0,1674,2271,California
Santa Clara,2020-12-19,2075,4346,2075,4346,0,0,0,0,2074,4345,0,0,2074,4345,California
Santa Clara,2020-12-20,1893,6239,1892,6238,1,1,0,0,1890,6235,0,0,1890,6235,California
Santa Clara,2020-12-21,2670,8909,2670,8908,0,1,0,0,2669,8904,0,0,2669,8904,California
Santa Clara,2020-12-22,3119,12028,3112,12020,7,8,0,0,3116,12020,0,0,3116,12020,California
Santa Clara,2020-12-23,3262,15290,3075,15095,187,195,0,0,3260,15280,0,0,3260,15280,California
Santa Clara,2020-12-24,1896,17186,1711,16806,185,380,0,0,1890,17169,1,1,1890,17170,California
Santa Clara,2020-12-25,343,17529,342,17148,1,381,0,0,343,17512,0,1,343,17513,California
Santa Clara,2020-12-26,1264,18793,1031,18179,233,614,0,0,1263,18775,0,1,1263,18776,California
Santa Clara,2020-12-27,648,19441,508,18687,140,754,0,0,648,19423,0,1,648,19424,California
Santa Clara,2020-12-28,2334,21775,1732,20419,602,1356,0,0,2334,21757,0,1,2334,21758,California
Santa Clara,2020-12-29,2330,24105,1471,21890,859,2215,0,0,2328,24085,0,1,2328,24086,California
Santa Clara,2020-12-30,2995,27100,1903,23793,1092,3307,0,0,2993,27076,2,3,2993,27079,California
Santa Clara,2020-12-31,1217,28317,392,24185,825,4132,0,0,1216,28291,1,4,1216,28295,California
Santa Clara,2021-01-01,145,28462,12,24197,133,4265,0,0,144,28434,1,5,144,28439,California
Santa Clara,2021-01-02,1087,29549,817,25014,270,4535,0,0,1087,29521,0,5,1087,29526,California
Santa Clara,2021-01-03,584,30133,368,25382,216,4751,0,0,579,30097,3,8,579,30105,California
Santa Clara,2021-01-04,2470,32603,1670,27052,800,5551,0,0,2467,32564,0,8,2467,32572,California
Santa Clara,2021-01-05,3069,35672,2012,29064,1057,6608,0,0,2882,35266,186,194,2888,35460,California
Santa Clara,2021-01-06,3329,39001,1963,31027,1366,7974,0,0,2753,37449,572,766,2755,38215,California
Santa Clara,2021-01-07,4218,43219,2560,33587,1658,9632,0,0,3150,39546,1058,1824,3155,41370,California
Santa Clara,2021-01-08,5849,49068,3822,37409,2027,11659,0,0,3796,41293,2049,3873,3796,45166,California
Santa Clara,2021-01-09,2973,52041,1866,39275,1107,12766,0,0,1688,41699,1285,5158,1691,46857,California
Santa Clara,2021-01-10,1953,53994,1508,40783,445,13211,0,0,745,41237,1207,6365,745,47602,California
Santa Clara,2021-01-11,5945,59939,3742,44525,2203,15414,0,0,3381,42060,2563,8928,3386,50988,California
Santa Clara,2021-01-12,6804,66743,3400,47925,3404,18818,0,0,4563,44384,2240,11168,4564,55552,California
Santa Clara,2021-01-13,7364,74107,3044,50969,4320,23138,0,0,5197,47417,2165,13333,5198,60750,California
Santa Clara,2021-01-14,8227,82334,2793,53762,5434,28572,0,0,6489,52175,1733,15066,6491,67241,California
Santa Clara,2021-01-15,9458,91792,2687,56449,6771,35343,0,0,8139,59003,1316,16382,8144,75385,California
Santa Clara,2021-01-16,4301,96093,1230,57679,3071,38414,0,0,3465,61636,832,17214,3465,78850,California
Santa Clara,2021-01-17,3217,99310,606,58285,2611,41025,0,0,2720,63859,497,17711,2720,81570,California
Santa Clara,2021-01-18,5090,104400,1153,59438,3937,44962,0,0,4535,67840,555,18266,4536,86106,California
Santa Clara,2021-01-19,8489,112889,2681,62119,5808,50770,0,0,6810,72977,1676,19942,6813,92919,California
Santa Clara,2021-01-20,8086,120975,4114,66233,3972,54742,0,0,6536,77968,1545,21487,6536,99455,California
Santa Clara,2021-01-21,8664,129639,3752,69985,4912,59654,0,0,7463,84234,1199,22686,7465,106920,California
Santa Clara,2021-01-22,8624,138263,3246,73231,5378,65032,0,0,8058,91730,565,23251,8061,114981,California
Santa Clara,2021-01-23,3782,142045,1691,74922,2091,67123,0,0,2822,93593,960,24211,2823,117804,California
Santa Clara,2021-01-24,2828,144873,1423,76345,1405,68528,0,0,2342,95452,483,24694,2342,120146,California
Santa Clara,2021-01-25,8383,153256,3794,80139,4589,73117,0,0,6315,99710,2060,26754,6318,126464,California
Santa Clara,2021-01-26,8239,161495,3771,83910,4468,77585,0,0,6120,103723,2109,28863,6122,132586,California
Santa Clara,2021-01-27,8714,170209,3829,87739,4885,82470,0,0,6791,108613,1902,30765,6792,139378,California
Santa Clara,2021-01-28,9464,179673,3799,91538,5665,88135,0,0,7505,114184,1938,32703,7509,146887,California
Santa Clara,2021-01-29,9511,189184,3948,95486,5563,93698,0,0,7337,119357,2165,34868,7338,154225,California
Santa Clara,2021-01-30,4187,193371,2079,97565,2108,95806,0,0,2979,121136,1201,36069,2980,157205,California
Santa Clara,2021-01-31,2175,195546,1306,98871,869,96675,0,0,1582,122128,590,36659,1582,158787,California
Santa Clara,2021-02-01,7834,203380,3492,102363,4342,101017,0,0,6143,126589,1683,38342,6144,164931,California
Santa Clara,2021-02-02,8528,211908,2875,105238,5653,106670,0,0,6528,131127,1993,40335,6531,171462,California
Santa Clara,2021-02-03,9197,221105,3481,108719,5716,112386,0,0,6917,135776,2274,42609,6923,178385,California
Santa Clara,2021-02-04,10928,232033,4133,112852,6795,119181,0,0,8641,142143,2277,44886,8644,187029,California
Santa Clara,2021-02-05,11918,243951,4350,117202,7568,126749,0,0,8455,147151,3448,48334,8456,195485,California
Santa Clara,2021-02-06,5187,249138,2821,120023,2366,129115,0,0,4022,150014,1161,49495,4024,199509,California
Santa Clara,2021-02-07,3476,252614,2350,122373,1126,130241,0,0,3022,152584,453,49948,3023,202532,California
Santa Clara,2021-02-08,10007,262621,3481,125854,6526,136767,0,0,7294,157181,2698,52646,7295,209827,California
Santa Clara,2021-02-09,11166,273787,3821,129675,7345,144112,0,0,7671,161371,3484,56130,7674,217501,California
Santa Clara,2021-02-10,12644,286431,4913,134588,7731,151843,0,0,6837,162416,5794,61924,6839,224340,California
Santa Clara,2021-02-11,13508,299939,4721,139309,8787,160630,0,0,7668,164260,5825,67749,7669,232009,California
Santa Clara,2021-02-12,14542,314481,4493,143802,10049,170679,0,0,6977,163694,7545,75294,6979,238988,California
Santa Clara,2021-02-13,6078,320559,1461,145263,4617,175296,0,0,2222,162069,3849,79143,2224,241212,California
Santa Clara,2021-02-14,4612,325171,1143,146406,3469,178765,0,0,1467,160395,3143,82286,1469,242681,California
Santa Clara,2021-02-15,6256,331427,2800,149206,3456,182221,0,0,2694,159536,3553,85839,2694,245375,California
Santa Clara,2021-02-16,13770,345197,4000,153206,9770,191991,0,0,6928,159640,6824,92663,6928,252303,California
Santa Clara,2021-02-17,14073,359270,5493,158699,8580,200571,0,0,7049,159688,7006,99669,7054,259357,California
Santa Clara,2021-02-18,14200,373470,8366,167065,5834,206405,0,0,7234,160002,6923,106592,7237,266594,California
Santa Clara,2021-02-19,14808,388278,9520,176585,5288,211693,0,0,8616,162447,6176,112768,8621,275215,California
Santa Clara,2021-02-20,6821,395099,5107,181692,1714,213407,0,0,3674,162984,3137,115905,3674,278889,California
Santa Clara,2021-02-21,3294,398393,2475,184167,819,214226,0,0,1207,162114,2079,117984,1209,280098,California
Santa Clara,2021-02-22,10163,408556,6090,190257,4073,218299,0,0,4733,161428,5420,123404,4734,284832,California
Santa Clara,2021-02-23,11901,420457,7729,197986,4172,222471,0,0,6760,163064,5128,128532,6764,291596,California
Santa Clara,2021-02-24,14154,434611,9117,207103,5037,227508,0,0,8763,166452,5375,133907,8763,300359,California
Santa Clara,2021-02-25,14620,449231,9253,216356,5367,232875,0,0,7885,167629,6714,140621,7891,308250,California
Santa Clara,2021-02-26,14563,463794,8442,224798,6121,238996,0,0,8003,169100,6535,147156,8006,316256,California
Santa Clara,2021-02-27,8079,471873,5519,230317,2559,241555,1,1,4472,169983,3597,150753,4480,320736,California
Santa Clara,2021-02-28,4727,476600,3078,233395,1649,243204,0,1,2207,169679,2511,153264,2207,322943,California
Santa Clara,2021-03-01,14090,490690,7997,241392,6090,249294,3,4,8727,173067,5342,158606,8730,331673,California
Santa Clara,2021-03-02,16016,506706,9517,250909,6498,255792,1,5,10247,177572,5744,164350,10249,341922,California
Santa Clara,2021-03-03,18453,525159,9065,259974,9386,265178,2,7,11461,182087,6954,171304,11469,353391,California
Santa Clara,2021-03-04,16446,541605,8961,268935,7482,272660,3,10,9571,184868,6795,178099,9576,362967,California
Santa Clara,2021-03-05,16556,558161,9215,278150,7216,279876,125,135,9194,186851,7340,185439,9323,372290,California
Santa Clara,2021-03-06,9393,567554,6301,284451,2655,282531,437,572,7074,192055,2306,187745,7510,379800,California
Santa Clara,2021-03-07,6791,574345,4472,288923,2086,284617,233,805,5418,196340,1365,189110,5650,385450,California
Santa Clara,2021-03-08,12888,587233,6731,295654,5596,290213,561,1366,8272,200574,4599,193709,8833,394283,California
Santa Clara,2021-03-09,15217,602450,6500,302154,7384,297597,1333,2699,6863,200430,8335,202044,8191,402474,California
Santa Clara,2021-03-10,15099,617549,6571,308725,6423,304020,2105,4804,6195,199830,8878,210922,8278,410752,California
Santa Clara,2021-03-11,17021,634570,7752,316477,7762,311782,1507,6311,6037,196405,10956,221878,7531,418283,California
Santa Clara,2021-03-12,17639,652209,9073,325550,6997,318779,1569,7880,5957,192273,11642,233520,7510,425793,California
Santa Clara,2021-03-13,10714,662923,6196,331746,3023,321802,1495,9375,4797,192653,5894,239414,6274,432067,California
Santa Clara,2021-03-14,6483,669406,3350,335096,1825,323627,1308,10683,3159,193802,3308,242722,4457,436524,California
Santa Clara,2021-03-15,12747,682153,6519,341615,5959,329586,269,10952,5970,193286,6755,249477,6239,442763,California
Santa Clara,2021-03-16,18150,700303,10258,351873,7683,337269,209,11161,8782,192935,9339,258816,8988,451751,California
Santa Clara,2021-03-17,19837,720140,11236,363109,8432,345701,169,11330,10238,193786,9550,268366,10401,462152,California
Santa Clara,2021-03-18,19022,739162,8906,372015,8956,354657,1160,12490,9063,194100,9903,278269,10217,472369,California
Santa Clara,2021-03-19,19184,758346,9868,381883,8317,362974,999,13489,9962,195889,9163,287432,10952,483321,California
Santa Clara,2021-03-20,11481,769827,6302,388185,4351,367325,828,14317,6747,198755,4705,292137,7571,490892,California
Santa Clara,2021-03-21,8258,778085,3732,391917,3128,370453,1398,15715,5542,202978,2705,294842,6928,497820,California
Santa Clara,2021-03-22,16265,794350,9073,400990,6848,377301,344,16059,9281,205644,6958,301800,9624,507444,California
Santa Clara,2021-03-23,19186,813536,12201,413191,6470,383771,515,16574,11154,209329,7984,309784,11669,519113,California
Santa Clara,2021-03-24,22539,836075,14518,427709,7611,391382,410,16984,14629,216503,7868,317652,15042,534155,California
Santa Clara,2021-03-25,22865,858940,13092,440801,8789,400171,984,17968,14751,224174,8051,325703,15722,549877,California
Santa Clara,2021-03-26,21860,880800,13926,454727,7551,407722,383,18351,13487,229702,8336,334039,13864,563741,California
Santa Clara,2021-03-27,15637,896437,10401,465128,4471,412193,765,19116,8420,231709,7175,341214,9182,572923,California
Santa Clara,2021-03-28,12000,908437,8303,473431,2984,415177,713,19829,6447,233337,5528,346742,7156,580079,California
Santa Clara,2021-03-29,20536,928973,12593,486024,7218,422395,725,20554,11146,235850,9350,356092,11863,591942,California
Santa Clara,2021-03-30,25555,954528,15209,501233,8411,430806,1935,22489,16130,244517,9391,365483,18058,610000,California
Santa Clara,2021-03-31,20397,974925,11830,513063,7442,438248,1125,23614,12568,250413,7789,373272,13685,623685,California
Santa Clara,2021-04-01,31696,1006621,19803,532866,8886,447134,3007,26621,20083,261938,11551,384823,23076,646761,California
Santa Clara,2021-04-02,24979,1031600,14243,547109,8601,455735,2135,28756,16308,271735,8635,393458,18432,665193,California
Santa Clara,2021-04-03,15188,1046788,9197,556306,3492,459227,2499,31255,8452,275958,6718,400176,10941,676134,California
Santa Clara,2021-04-04,7627,1054415,4031,560337,2429,461656,1167,32422,3978,277459,3640,403816,5141,681275,California
Santa Clara,2021-04-05,21769,1076184,14511,574848,4796,466452,2462,34884,14216,286605,7529,411345,16675,697950,California
Santa Clara,2021-04-06,29377,1105561,16200,591048,7762,474214,5415,40299,17631,297929,11704,423049,23028,720978,California
Santa Clara,2021-04-07,30638,1136199,15829,606877,8383,482597,6426,46725,18725,311195,11860,434909,25126,746104,California
Santa Clara,2021-04-08,29680,1165879,16233,623110,5942,488539,7505,54230,16182,321416,13429,448338,23650,769754,California
Santa Clara,2021-04-09,27739,1193618,13744,636854,6830,495369,7165,61395,14177,329219,13508,461846,21311,791065,California
Santa Clara,2021-04-10,21263,1214881,12310,649164,3753,499122,5200,66595,11408,335962,9824,471670,16567,807632,California
Santa Clara,2021-04-11,15964,1230845,9565,658729,2638,501760,3761,70356,8294,340358,7640,479310,12036,819668,California
Santa Clara,2021-04-12,26752,1257597,18828,677557,5505,507265,2419,72775,18261,352581,8442,487752,20665,840333,California
Santa Clara,2021-04-13,34247,1291844,26975,704532,7244,514509,28,72803,26445,371348,7727,495479,26494,866827,California
Santa Clara,2021-04-14,36717,1328561,27859,732391,8854,523363,4,72807,26158,387038,10498,505977,26188,893015,California
Santa Clara,2021-04-15,43987,1372548,34137,766528,9849,533212,1,72808,33947,411071,9938,515915,33971,926986,California
Santa Clara,2021-04-16,38293,1410841,26258,792786,12033,545245,2,72810,27492,427852,10739,526654,27520,954506,California
Santa Clara,2021-04-17,21985,1432826,15050,807836,6934,552179,1,72811,15091,436109,6850,533504,15107,969613,California
Santa Clara,2021-04-18,16387,1449213,10650,818486,5737,557916,0,72811,10276,440311,6085,539589,10287,979900,California
Santa Clara,2021-04-19,28810,1478023,20865,839351,7944,565860,1,72812,17254,446107,11488,551077,17284,997184,California
Santa Clara,2021-04-20,36810,1514833,22368,861719,14442,580302,0,72812,22483,454396,14223,565300,22512,1019696,California
Santa Clara,2021-04-21,36674,1551507,21238,882957,15435,595737,1,72813,24282,466403,12308,577608,24315,1044011,California
Santa Clara,2021-04-22,37157,1588664,24776,907733,12380,608117,1,72814,17593,464592,19469,597077,17658,1061669,California
Santa Clara,2021-04-23,31869,1620533,19412,927145,12457,620574,0,72814,14988,462844,16787,613864,15039,1076708,California
Santa Clara,2021-04-24,21025,1641558,15377,942522,5647,626221,1,72815,11936,465785,9023,622887,11964,1088672,California
Santa Clara,2021-04-25,13537,1655095,9793,952315,3737,629958,7,72822,8635,469589,4860,627747,8664,1097336,California
Santa Clara,2021-04-26,24211,1679306,18932,971247,5221,635179,58,72880,10107,465763,14014,641761,10188,1107524,California
Santa Clara,2021-04-27,26669,1705975,19264,990511,7116,642295,289,73169,11719,462949,14859,656620,12045,1119569,California
Santa Clara,2021-04-28,25243,1731218,18617,1009128,6187,648482,439,73608,10390,459059,14774,671394,10884,1130453,California
Santa Clara,2021-04-29,23119,1754337,16794,1025922,5929,654411,396,74004,8329,453125,14723,686117,8789,1139242,California
Santa Clara,2021-04-30,22868,1777205,15666,1041588,6842,661253,360,74364,9724,450223,13059,699176,10157,1149399,California
Santa Clara,2021-05-01,17376,1794581,14447,1056035,2668,663921,261,74625,5480,444157,11848,711024,5782,1155181,California
Santa Clara,2021-05-02,11286,1805867,9364,1065399,1693,665614,229,74854,3496,440156,7748,718772,3747,1158928,California
Santa Clara,2021-05-03,22760,1828627,19353,1084752,2979,668593,428,75282,5140,428210,17548,736320,5602,1164530,California
Santa Clara,2021-05-04,30540,1859167,23934,1108686,6065,674658,541,75823,5484,409314,24959,761279,6063,1170593,California
Santa Clara,2021-05-05,32185,1891352,24473,1133159,7169,681827,543,76366,5449,388690,26641,787920,6017,1176610,California
Santa Clara,2021-05-06,35399,1926751,29499,1162658,5428,687255,472,76838,4687,363294,30576,818496,5180,1181790,California
Santa Clara,2021-05-07,32509,1959260,26159,1188817,5862,693117,488,77326,4654,340758,27719,846215,5183,1186973,California
Santa Clara,2021-05-08,16435,1975695,13367,1202184,2644,695761,424,77750,3477,331802,12873,859088,3917,1190890,California
Santa Clara,2021-05-09,10305,1986000,8941,1211125,1177,696938,187,77937,2436,326604,7834,866922,2636,1193526,California
Santa Clara,2021-05-10,20741,2006741,16646,1227771,3694,700632,401,78338,2737,311840,17924,884846,3160,1196686,California
Santa Clara,2021-05-11,21414,2028155,16167,1243938,4853,705485,394,78732,3825,298562,17504,902350,4226,1200912,California
Santa Clara,2021-05-12,19891,2048046,14559,1258497,4876,710361,456,79188,4110,287435,15706,918056,4579,1205491,California
Santa Clara,2021-05-13,26450,2074496,21486,1279983,4680,715041,284,79472,10573,282497,15800,933856,10862,1216353,California
Santa Clara,2021-05-14,26506,2101002,18289,1298272,7844,722885,373,79845,9039,274542,17378,951234,9423,1225776,California
Santa Clara,2021-05-15,19170,2120172,15139,1313411,3766,726651,265,80110,7201,270120,11903,963137,7481,1233257,California
Santa Clara,2021-05-16,14139,2134311,11183,1324594,2822,729473,134,80244,4224,264625,9859,972996,4364,1237621,California
Santa Clara,2021-05-17,19271,2153582,14993,1339587,3930,733403,348,80592,6581,258934,12620,985616,6929,1244550,California
Santa Clara,2021-05-18,20560,2174142,12109,1351696,8085,741488,366,80958,4854,248549,15602,1001218,5217,1249767,California
Santa Clara,2021-05-19,7013,2181155,4508,1356204,2387,743875,118,81076,2759,247206,4222,1005440,2879,1252646,California
Santa Cruz,2020-12-15,2,2,2,2,0,0,0,0,2,2,0,0,2,2,California
Santa Cruz,2020-12-16,58,60,58,60,0,0,0,0,58,60,0,0,58,60,California
Santa Cruz,2020-12-17,389,449,389,449,0,0,0,0,389,449,0,0,389,449,California
Santa Cruz,2020-12-18,464,913,464,913,0,0,0,0,464,913,0,0,464,913,California
Santa Cruz,2020-12-19,179,1092,178,1091,1,1,0,0,179,1092,0,0,179,1092,California
Santa Cruz,2020-12-20,95,1187,95,1186,0,1,0,0,95,1187,0,0,95,1187,California
Santa Cruz,2020-12-21,437,1624,437,1623,0,1,0,0,437,1624,0,0,437,1624,California
Santa Cruz,2020-12-22,423,2047,422,2045,1,2,0,0,423,2047,0,0,423,2047,California
Santa Cruz,2020-12-23,371,2418,328,2373,43,45,0,0,371,2418,0,0,371,2418,California
Santa Cruz,2020-12-24,125,2543,49,2422,76,121,0,0,125,2543,0,0,125,2543,California
Santa Cruz,2020-12-25,11,2554,11,2433,0,121,0,0,11,2554,0,0,11,2554,California
Santa Cruz,2020-12-26,65,2619,46,2479,19,140,0,0,65,2619,0,0,65,2619,California
Santa Cruz,2020-12-27,32,2651,27,2506,5,145,0,0,32,2651,0,0,32,2651,California
Santa Cruz,2020-12-28,485,3136,108,2614,377,522,0,0,485,3136,0,0,485,3136,California
Santa Cruz,2020-12-29,799,3935,370,2984,429,951,0,0,799,3935,0,0,799,3935,California
Santa Cruz,2020-12-30,356,4291,164,3148,192,1143,0,0,356,4291,0,0,356,4291,California
Santa Cruz,2020-12-31,312,4603,11,3159,301,1444,0,0,312,4603,0,0,312,4603,California
Santa Cruz,2021-01-01,33,4636,1,3160,32,1476,0,0,33,4636,0,0,33,4636,California
Santa Cruz,2021-01-02,71,4707,57,3217,14,1490,0,0,71,4707,0,0,71,4707,California
Santa Cruz,2021-01-03,15,4722,7,3224,8,1498,0,0,15,4722,0,0,15,4722,California
Santa Cruz,2021-01-04,282,5004,124,3348,158,1656,0,0,280,5002,0,0,280,5002,California
Santa Cruz,2021-01-05,566,5570,429,3777,137,1793,0,0,264,4964,302,302,264,5266,California
Santa Cruz,2021-01-06,803,6373,670,4447,133,1926,0,0,464,5090,338,640,464,5730,California
Santa Cruz,2021-01-07,538,6911,211,4658,327,2253,0,0,385,5323,153,793,386,6116,California
Santa Cruz,2021-01-08,936,7847,562,5220,374,2627,0,0,488,5364,448,1241,489,6605,California
Santa Cruz,2021-01-09,464,8311,123,5343,341,2968,0,0,410,5720,54,1295,410,7015,California
Santa Cruz,2021-01-10,80,8391,70,5413,10,2978,0,0,21,5682,59,1354,21,7036,California
Santa Cruz,2021-01-11,725,9116,591,6004,134,3112,0,0,191,5340,534,1888,192,7228,California
Santa Cruz,2021-01-12,734,9850,530,6534,204,3316,0,0,492,5590,242,2130,492,7720,California
Santa Cruz,2021-01-13,526,10376,229,6763,297,3613,0,0,442,5951,81,2211,442,8162,California
Santa Cruz,2021-01-14,560,10936,104,6867,456,4069,0,0,493,6377,67,2278,493,8655,California
Santa Cruz,2021-01-15,1458,12394,77,6944,1381,5450,0,0,1393,7708,64,2342,1395,10050,California
Santa Cruz,2021-01-16,426,12820,53,6997,373,5823,0,0,407,8096,19,2361,407,10457,California
Santa Cruz,2021-01-17,297,13117,41,7038,256,6079,0,0,272,8343,25,2386,272,10729,California
Santa Cruz,2021-01-18,1016,14133,106,7144,910,6989,0,0,954,9235,62,2448,954,11683,California
Santa Cruz,2021-01-19,1623,15756,525,7669,1098,8087,0,0,1269,10153,352,2800,1270,12953,California
Santa Cruz,2021-01-20,1242,16998,182,7851,1060,9147,0,0,1046,11006,193,2993,1046,13999,California
Santa Cruz,2021-01-21,1712,18710,201,8052,1511,10658,0,0,1604,12504,108,3101,1606,15605,California
Santa Cruz,2021-01-22,1802,20512,532,8584,1270,11928,0,0,1700,14106,99,3200,1701,17306,California
Santa Cruz,2021-01-23,402,20914,147,8731,255,12183,0,0,342,14389,59,3259,342,17648,California
Santa Cruz,2021-01-24,117,21031,21,8752,96,12279,0,0,99,14470,18,3277,99,17747,California
Santa Cruz,2021-01-25,1065,22096,363,9115,702,12981,0,0,553,14511,512,3789,553,18300,California
Santa Cruz,2021-01-26,1697,23793,249,9364,1448,14429,0,0,1184,15182,513,4302,1184,19484,California
Santa Cruz,2021-01-27,1654,25447,450,9814,1204,15633,0,0,1270,16070,382,4684,1270,20754,California
Santa Cruz,2021-01-28,1756,27203,291,10105,1465,17098,0,0,1479,17273,277,4961,1480,22234,California
Santa Cruz,2021-01-29,1735,28938,490,10595,1245,18343,0,0,1605,18749,129,5090,1605,23839,California
Santa Cruz,2021-01-30,1061,29999,310,10905,751,19094,0,0,927,19542,134,5224,927,24766,California
Santa Cruz,2021-01-31,223,30222,113,11018,110,19204,0,0,209,19737,14,5238,209,24975,California
Santa Cruz,2021-02-01,1234,31456,760,11778,474,19678,0,0,828,20159,406,5644,828,25803,California
Santa Cruz,2021-02-02,1009,32465,128,11906,881,20559,0,0,855,20861,153,5797,855,26658,California
Santa Cruz,2021-02-03,2241,34706,964,12870,1277,21836,0,0,1925,22474,312,6109,1925,28583,California
Santa Cruz,2021-02-04,1857,36563,775,13645,1082,22918,0,0,1519,23656,337,6446,1519,30102,California
Santa Cruz,2021-02-05,3169,39732,793,14438,2376,25294,0,0,2848,26184,320,6766,2848,32950,California
Santa Cruz,2021-02-06,2587,42319,163,14601,2424,27718,0,0,2241,28079,346,7112,2241,35191,California
Santa Cruz,2021-02-07,910,43229,122,14723,788,28506,0,0,892,28953,18,7130,892,36083,California
Santa Cruz,2021-02-08,717,43946,203,14926,514,29020,0,0,516,29269,200,7330,516,36599,California
Santa Cruz,2021-02-09,2377,46323,1055,15981,1322,30342,0,0,2109,31114,264,7594,2109,38708,California
Santa Cruz,2021-02-10,2203,48526,582,16563,1621,31963,0,0,1502,31925,692,8286,1503,40211,California
Santa Cruz,2021-02-11,1861,50387,319,16882,1542,33505,0,0,1333,32732,526,8812,1333,41544,California
Santa Cruz,2021-02-12,3230,53617,421,17303,2809,36314,0,0,1820,33153,1401,10213,1822,43366,California
Santa Cruz,2021-02-13,1713,55330,123,17426,1590,37904,0,0,1298,34037,414,10627,1298,44664,California
Santa Cruz,2021-02-14,1410,56740,70,17496,1340,39244,0,0,1146,34919,264,10891,1146,45810,California
Santa Cruz,2021-02-15,1585,58325,281,17777,1304,40548,0,0,567,34469,1018,11909,568,46378,California
Santa Cruz,2021-02-16,1698,60023,208,17985,1490,42038,0,0,539,33871,1137,13046,539,46917,California
Santa Cruz,2021-02-17,2925,62948,977,18962,1948,43986,0,0,1220,33402,1692,14738,1223,48140,California
Santa Cruz,2021-02-18,2885,65833,638,19600,2247,46233,0,0,1232,32985,1649,16387,1232,49372,California
Santa Cruz,2021-02-19,3274,69107,1148,20748,2126,48359,0,0,2012,33738,1259,17646,2012,51384,California
Santa Cruz,2021-02-20,2389,71496,1500,22248,889,49248,0,0,1891,35131,498,18144,1891,53275,California
Santa Cruz,2021-02-21,841,72337,373,22621,468,49716,0,0,713,35718,126,18270,713,53988,California
Santa Cruz,2021-02-22,1261,73598,969,23590,292,50008,0,0,537,35533,722,18992,537,54525,California
Santa Cruz,2021-02-23,2104,75702,940,24530,1164,51172,0,0,713,34856,1390,20382,713,55238,California
Santa Cruz,2021-02-24,3199,78901,1676,26206,1523,52695,0,0,1216,34094,1978,22360,1216,56454,California
Santa Cruz,2021-02-25,3249,82150,1437,27643,1812,54507,0,0,1784,34421,1458,23818,1785,58239,California
Santa Cruz,2021-02-26,2732,84882,768,28411,1964,56471,0,0,1556,34807,1172,24990,1558,59797,California
Santa Cruz,2021-02-27,2636,87518,933,29344,1703,58174,0,0,1835,35843,799,25789,1835,61632,California
Santa Cruz,2021-02-28,1301,88819,361,29705,940,59114,0,0,1084,36713,214,26003,1084,62716,California
Santa Cruz,2021-03-01,1831,90650,1256,30961,575,59689,0,0,691,36266,1138,27141,691,63407,California
Santa Cruz,2021-03-02,1562,92212,374,31335,1188,60877,0,0,884,36477,676,27817,887,64294,California
Santa Cruz,2021-03-03,2371,94583,635,31970,1736,62613,0,0,1300,36709,1068,28885,1300,65594,California
Santa Cruz,2021-03-04,3022,97605,1419,33389,1602,64215,1,1,2035,37770,976,29861,2037,67631,California
Santa Cruz,2021-03-05,2627,100232,500,33889,2109,66324,18,19,1146,37456,1478,31339,1164,68795,California
Santa Cruz,2021-03-06,3880,104112,1354,35243,2421,68745,105,124,2166,38011,1714,33053,2269,71064,California
Santa Cruz,2021-03-07,1348,105460,130,35373,1144,69889,74,198,558,37854,789,33842,632,71696,California
Santa Cruz,2021-03-08,1093,106553,224,35597,740,70629,129,327,660,38211,432,34274,789,72485,California
Santa Cruz,2021-03-09,1800,108353,266,35863,1386,72015,148,475,719,38000,1078,35352,867,73352,California
Santa Cruz,2021-03-10,3880,112233,2098,37961,1632,73647,150,625,2012,38298,1866,37218,2164,75516,California
Santa Cruz,2021-03-11,2813,115046,1220,39181,1418,75065,175,800,1547,38757,1265,38483,1724,77240,California
Santa Cruz,2021-03-12,2772,117818,893,40074,1585,76650,294,1094,912,38106,1856,40339,1205,78445,California
Santa Cruz,2021-03-13,2323,120141,1337,41411,942,77592,44,1138,1183,38198,1137,41476,1229,79674,California
Santa Cruz,2021-03-14,910,121051,219,41630,677,78269,14,1152,433,38170,474,41950,446,80120,California
Santa Cruz,2021-03-15,1358,122409,483,42113,839,79108,36,1188,583,38018,772,42722,620,80740,California
Santa Cruz,2021-03-16,2323,124732,1091,43204,1190,80298,42,1230,1342,38424,977,43699,1383,82123,California
Santa Cruz,2021-03-17,3879,128611,2239,45443,1630,81928,10,1240,2521,39604,1354,45053,2534,84657,California
Santa Cruz,2021-03-18,3871,132482,2093,47536,1658,83586,120,1360,2068,39992,1800,46853,2188,86845,California
Santa Cruz,2021-03-19,3283,135765,1323,48859,1734,85320,226,1586,1652,40243,1626,48479,1877,88722,California
Santa Cruz,2021-03-20,2171,137936,1615,50474,519,85839,37,1623,1095,40301,1074,49553,1132,89854,California
Santa Cruz,2021-03-21,832,138768,443,50917,266,86105,123,1746,448,40491,382,49935,572,90426,California
Santa Cruz,2021-03-22,1384,140152,857,51774,505,86610,22,1768,949,41032,431,50366,972,91398,California
Santa Cruz,2021-03-23,2571,142723,1446,53220,1075,87685,50,1818,1705,41924,863,51229,1755,93153,California
Santa Cruz,2021-03-24,3038,145761,2041,55261,976,88661,21,1839,2000,42911,1033,52262,2020,95173,California
Santa Cruz,2021-03-25,2659,148420,1336,56597,1286,89947,37,1876,1360,43016,1292,53554,1397,96570,California
Santa Cruz,2021-03-26,3040,151460,1835,58432,1178,91125,27,1903,2046,44102,987,54541,2073,98643,California
Santa Cruz,2021-03-27,3255,154715,2028,60460,1202,92327,25,1928,1532,43951,1714,56255,1563,100206,California
Santa Cruz,2021-03-28,932,155647,573,61033,345,92672,14,1942,493,44023,435,56690,507,100713,California
Santa Cruz,2021-03-29,1984,157631,890,61923,1026,93698,68,2010,1280,44670,701,57391,1348,102061,California
Santa Cruz,2021-03-30,2732,160363,822,62745,1746,95444,164,2174,1732,45568,997,58388,1895,103956,California
Santa Cruz,2021-03-31,4100,164463,2743,65488,1308,96752,49,2223,2107,45735,1989,60377,2156,106112,California
Santa Cruz,2021-04-01,4076,168539,2177,67665,1792,98544,107,2330,2073,45919,1998,62375,2182,108294,California
Santa Cruz,2021-04-02,3182,171721,1434,69099,1566,100110,182,2512,1770,46464,1407,63782,1952,110246,California
Santa Cruz,2021-04-03,2268,173989,1236,70335,897,101007,135,2647,894,46120,1372,65154,1028,111274,California
Santa Cruz,2021-04-04,944,174933,495,70830,393,101400,56,2703,555,46342,389,65543,611,111885,California
Santa Cruz,2021-04-05,2286,177219,797,71627,1318,102718,171,2874,1412,47054,873,66416,1585,113470,California
Santa Cruz,2021-04-06,3424,180643,1660,73287,1379,104097,385,3259,1983,47986,1431,67847,2363,115833,California
Santa Cruz,2021-04-07,4176,184819,1644,74931,2165,106262,367,3626,1875,47930,2297,70144,2241,118074,California
Santa Cruz,2021-04-08,4283,189102,2354,77285,1411,107673,518,4144,2524,49220,1750,71894,3040,121114,California
Santa Cruz,2021-04-09,3589,192691,1513,78798,1675,109348,401,4545,1981,50001,1602,73496,2383,123497,California
Santa Cruz,2021-04-10,2269,194960,1097,79895,920,110268,252,4797,1071,50129,1194,74690,1322,124819,California
Santa Cruz,2021-04-11,1002,195962,523,80418,385,110653,94,4891,485,50190,517,75207,578,125397,California
Santa Cruz,2021-04-12,2303,198265,833,81251,1039,111692,431,5322,1098,50528,1190,76397,1528,126925,California
Santa Cruz,2021-04-13,2907,201172,1466,82717,1439,113131,2,5324,1635,50900,1265,77662,1637,128562,California
Santa Cruz,2021-04-14,4660,205832,2279,84996,2381,115512,0,5324,2373,50995,2280,79942,2375,130937,California
Santa Cruz,2021-04-15,5041,210873,3220,88216,1821,117333,0,5324,3174,52313,1856,81798,3174,134111,California
Santa Cruz,2021-04-16,4430,215303,2547,90763,1881,119214,2,5326,2467,52827,1956,83754,2470,136581,California
Santa Cruz,2021-04-17,2280,217583,900,91663,1380,120594,0,5326,1516,53581,762,84516,1516,138097,California
Santa Cruz,2021-04-18,1077,218660,516,92179,560,121154,1,5327,600,53707,475,84991,601,138698,California
Santa Cruz,2021-04-19,2441,221101,1527,93706,913,122067,1,5328,1505,54279,933,85924,1505,140203,California
Santa Cruz,2021-04-20,3132,224233,1693,95399,1439,123506,0,5328,1774,54707,1347,87271,1775,141978,California
Santa Cruz,2021-04-21,4286,228519,2898,98297,1388,124894,0,5328,2416,55268,1855,89126,2416,144394,California
Santa Cruz,2021-04-22,4353,232872,2938,101235,1415,126309,0,5328,2447,55819,1896,91022,2447,146841,California
Santa Cruz,2021-04-23,3104,235976,1752,102987,1351,127660,1,5329,1398,55521,1697,92719,1399,148240,California
Santa Cruz,2021-04-24,2266,238242,1095,104082,1168,128828,3,5332,705,54678,1551,94270,708,148948,California
Santa Cruz,2021-04-25,1106,239348,709,104791,385,129213,12,5344,463,54517,635,94905,474,149422,California
Santa Cruz,2021-04-26,1829,241177,944,105735,871,130084,14,5358,692,54098,1126,96031,707,150129,California
Santa Cruz,2021-04-27,2816,243993,882,106617,1867,131951,67,5425,1402,54159,1408,97439,1469,151598,California
Santa Cruz,2021-04-28,3450,247443,1916,108533,1459,133410,75,5500,1816,54424,1623,99062,1888,153486,California
Santa Cruz,2021-04-29,3747,251190,2488,111021,1196,134606,63,5563,1295,53344,2439,101501,1359,154845,California
Santa Cruz,2021-04-30,2276,253466,1221,112242,1012,135618,43,5606,1015,53150,1253,102754,1059,155904,California
Santa Cruz,2021-05-01,1308,254774,1040,113282,235,135853,33,5639,605,53087,701,103455,638,156542,California
Santa Cruz,2021-05-02,647,255421,465,113747,157,136010,25,5664,211,52888,436,103891,237,156779,California
Santa Cruz,2021-05-03,1899,257320,1002,114749,830,136840,67,5731,630,52328,1258,105149,698,157477,California
Santa Cruz,2021-05-04,2712,260032,1584,116333,1058,137898,70,5801,873,51435,1835,106984,942,158419,California
Santa Cruz,2021-05-05,2768,262800,1382,117715,1325,139223,61,5862,728,50230,1998,108982,793,159212,California
Santa Cruz,2021-05-06,3866,266666,2466,120181,1181,140404,219,6081,869,48337,2978,111960,1085,160297,California
Santa Cruz,2021-05-07,2802,269468,1290,121471,1430,141834,82,6163,539,46701,2258,114218,622,160919,California
Santa Cruz,2021-05-08,1373,270841,691,122162,654,142488,28,6191,384,46127,988,115206,414,161333,California
Santa Cruz,2021-05-09,505,271346,330,122492,152,142640,23,6214,144,45936,358,115564,167,161500,California
Santa Cruz,2021-05-10,1548,272894,1225,123717,258,142898,65,6279,397,45252,1146,116710,462,161962,California
Santa Cruz,2021-05-11,1816,274710,1328,125045,412,143310,76,6355,626,44766,1187,117897,701,162663,California
Santa Cruz,2021-05-12,2537,277247,1237,126282,1226,144536,74,6429,504,43319,2026,119923,579,163242,California
Santa Cruz,2021-05-13,3196,280443,2463,128745,647,145183,86,6515,1284,42781,1909,121832,1371,164613,California
Santa Cruz,2021-05-14,2569,283012,1535,130280,994,146177,40,6555,1070,42406,1488,123320,1113,165726,California
Santa Cruz,2021-05-15,2277,285289,1314,131594,953,147130,10,6565,1112,42365,1163,124483,1122,166848,California
Santa Cruz,2021-05-16,712,286001,359,131953,333,147463,20,6585,213,42100,498,124981,233,167081,California
Santa Cruz,2021-05-17,1272,287273,833,132786,398,147861,41,6626,659,42189,612,125593,701,167782,California
Santa Cruz,2021-05-18,1586,288859,1160,133946,410,148271,16,6642,896,42419,682,126275,912,168694,California
Santa Cruz,2021-05-19,1705,290564,980,134926,706,148977,19,6661,608,41956,1091,127366,628,169322,California
Shasta,2020-12-16,131,131,131,131,0,0,0,0,131,131,0,0,131,131,California
Shasta,2020-12-17,418,549,418,549,0,0,0,0,418,549,0,0,418,549,California
Shasta,2020-12-18,166,715,166,715,0,0,0,0,166,715,0,0,166,715,California
Shasta,2020-12-19,1,716,1,716,0,0,0,0,1,716,0,0,1,716,California
Shasta,2020-12-21,79,795,79,795,0,0,0,0,79,795,0,0,79,795,California
Shasta,2020-12-22,192,987,187,982,5,5,0,0,192,987,0,0,192,987,California
Shasta,2020-12-23,173,1160,169,1151,4,9,0,0,173,1160,0,0,173,1160,California
Shasta,2020-12-24,18,1178,18,1169,0,9,0,0,18,1178,0,0,18,1178,California
Shasta,2020-12-26,4,1182,1,1170,3,12,0,0,4,1182,0,0,4,1182,California
Shasta,2020-12-27,1,1183,0,1170,1,13,0,0,1,1183,0,0,1,1183,California
Shasta,2020-12-28,40,1223,31,1201,9,22,0,0,40,1223,0,0,40,1223,California
Shasta,2020-12-29,186,1409,185,1386,1,23,0,0,186,1409,0,0,186,1409,California
Shasta,2020-12-30,178,1587,168,1554,10,33,0,0,178,1587,0,0,178,1587,California
Shasta,2020-12-31,83,1670,2,1556,81,114,0,0,83,1670,0,0,83,1670,California
Shasta,2021-01-02,2,1672,0,1556,2,116,0,0,2,1672,0,0,2,1672,California
Shasta,2021-01-03,1,1673,1,1557,0,116,0,0,1,1673,0,0,1,1673,California
Shasta,2021-01-04,372,2045,306,1863,66,182,0,0,373,2046,0,0,373,2046,California
Shasta,2021-01-05,335,2380,314,2177,21,203,0,0,254,2219,81,81,254,2300,California
Shasta,2021-01-06,466,2846,395,2572,71,274,0,0,204,2162,261,342,204,2504,California
Shasta,2021-01-07,125,2971,36,2608,89,363,0,0,104,2245,21,363,104,2608,California
Shasta,2021-01-08,525,3496,448,3056,77,440,0,0,317,2354,208,571,317,2925,California
Shasta,2021-01-09,72,3568,63,3119,9,449,0,0,70,2422,2,573,70,2995,California
Shasta,2021-01-10,5,3573,0,3119,5,454,0,0,4,2426,1,574,5,3000,California
Shasta,2021-01-11,406,3979,184,3303,222,676,0,0,371,2762,35,609,371,3371,California
Shasta,2021-01-12,485,4464,328,3631,157,833,0,0,310,2897,175,784,310,3681,California
Shasta,2021-01-13,599,5063,267,3898,332,1165,0,0,430,3158,169,953,430,4111,California
Shasta,2021-01-14,500,5563,51,3949,449,1614,0,0,482,3622,18,971,482,4593,California
Shasta,2021-01-15,691,6254,136,4085,555,2169,0,0,689,4309,2,973,689,5282,California
Shasta,2021-01-16,897,7151,54,4139,843,3012,0,0,894,5200,3,976,894,6176,California
Shasta,2021-01-17,27,7178,6,4145,21,3033,0,0,23,5219,4,980,23,6199,California
Shasta,2021-01-18,599,7777,129,4274,470,3503,0,0,591,5802,8,988,591,6790,California
Shasta,2021-01-19,1058,8835,398,4672,660,4163,0,0,910,6564,148,1136,910,7700,California
Shasta,2021-01-20,681,9516,413,5085,268,4431,0,0,494,6876,182,1318,494,8194,California
Shasta,2021-01-21,633,10149,280,5365,353,4784,0,0,610,7463,23,1341,610,8804,California
Shasta,2021-01-22,446,10595,172,5537,274,5058,0,0,440,7897,6,1347,440,9244,California
Shasta,2021-01-23,68,10663,5,5542,63,5121,0,0,67,7963,1,1348,67,9311,California
Shasta,2021-01-24,25,10688,2,5544,23,5144,0,0,24,7986,1,1349,24,9335,California
Shasta,2021-01-25,750,11438,491,6035,259,5403,0,0,464,8165,285,1634,464,9799,California
Shasta,2021-01-26,710,12148,333,6368,377,5780,0,0,476,8409,232,1866,476,10275,California
Shasta,2021-01-27,459,12607,179,6547,280,6060,0,0,410,8770,49,1915,410,10685,California
Shasta,2021-01-28,886,13493,576,7123,310,6370,0,0,664,9212,222,2137,664,11349,California
Shasta,2021-01-29,833,14326,332,7455,501,6871,0,0,643,9666,190,2327,644,11993,California
Shasta,2021-01-30,615,14941,14,7469,601,7472,0,0,606,10263,9,2336,606,12599,California
Shasta,2021-01-31,28,14969,4,7473,24,7496,0,0,26,10287,2,2338,26,12625,California
Shasta,2021-02-01,530,15499,148,7621,382,7878,0,0,386,10529,144,2482,386,13011,California
Shasta,2021-02-02,988,16487,500,8121,488,8366,0,0,896,11335,90,2572,896,13907,California
Shasta,2021-02-03,722,17209,211,8332,511,8877,0,0,487,11587,235,2807,487,14394,California
Shasta,2021-02-04,1096,18305,675,9007,421,9298,0,0,903,12298,192,2999,903,15297,California
Shasta,2021-02-05,1241,19546,165,9172,1076,10374,0,0,1034,13126,206,3205,1034,16331,California
Shasta,2021-02-06,1745,21291,41,9213,1704,12078,0,0,1722,14825,23,3228,1722,18053,California
Shasta,2021-02-07,26,21317,3,9216,23,12101,0,0,24,14847,2,3230,24,18077,California
Shasta,2021-02-08,597,21914,168,9384,429,12530,0,0,306,14862,291,3521,306,18383,California
Shasta,2021-02-09,1125,23039,655,10039,470,13000,0,0,733,15203,392,3913,733,19116,California
Shasta,2021-02-10,1125,24164,789,10828,336,13336,0,0,600,15278,526,4439,601,19717,California
Shasta,2021-02-11,890,25054,186,11014,704,14040,0,0,368,15129,517,4956,368,20085,California
Shasta,2021-02-12,1729,26783,1148,12162,581,14621,0,0,1177,15754,552,5508,1177,21262,California
Shasta,2021-02-13,1382,28165,368,12530,1014,15635,0,0,570,15512,813,6321,571,21833,California
Shasta,2021-02-14,150,28315,4,12534,146,15781,0,0,126,15614,24,6345,126,21959,California
Shasta,2021-02-15,379,28694,90,12624,289,16070,0,0,210,15655,169,6514,210,22169,California
Shasta,2021-02-16,1196,29890,522,13146,674,16744,0,0,422,15304,773,7287,422,22591,California
Shasta,2021-02-17,1034,30924,438,13584,596,17340,0,0,414,15098,620,7907,414,23005,California
Shasta,2021-02-18,948,31872,467,14051,481,17821,0,0,459,15069,489,8396,460,23465,California
Shasta,2021-02-19,1328,33200,935,14986,393,18214,0,0,861,15463,467,8863,861,24326,California
Shasta,2021-02-20,802,34002,89,15075,713,18927,0,0,303,15267,499,9362,303,24629,California
Shasta,2021-02-21,32,34034,3,15078,29,18956,0,0,10,15255,22,9384,10,24639,California
Shasta,2021-02-22,429,34463,76,15154,353,19309,0,0,178,15183,250,9634,178,24817,California
Shasta,2021-02-23,913,35376,472,15626,441,19750,0,0,327,14926,584,10218,327,25144,California
Shasta,2021-02-24,890,36266,508,16134,382,20132,0,0,273,14583,616,10834,273,25417,California
Shasta,2021-02-25,519,36785,163,16297,356,20488,0,0,163,14391,355,11189,163,25580,California
Shasta,2021-02-26,791,37576,94,16391,697,21185,0,0,331,14264,458,11647,331,25911,California
Shasta,2021-02-27,828,38404,27,16418,801,21986,0,0,188,13814,638,12285,188,26099,California
Shasta,2021-02-28,176,38580,4,16422,172,22158,0,0,126,13890,50,12335,126,26225,California
Shasta,2021-03-01,584,39164,59,16481,525,22683,0,0,295,13897,288,12623,295,26520,California
Shasta,2021-03-02,1028,40192,473,16954,555,23238,0,0,337,13545,689,13312,337,26857,California
Shasta,2021-03-03,668,40860,168,17122,500,23738,0,0,244,13365,424,13736,244,27101,California
Shasta,2021-03-04,3024,43884,2411,19533,613,24351,0,0,1791,13925,1232,14968,1792,28893,California
Shasta,2021-03-05,1543,45427,162,19695,1352,25703,29,29,793,13996,751,15719,822,29715,California
Shasta,2021-03-06,2744,48171,387,20082,2310,28013,47,76,857,13015,1885,17604,904,30619,California
Shasta,2021-03-07,92,48263,4,20086,56,28069,32,108,38,13031,54,17658,70,30689,California
Shasta,2021-03-08,570,48833,46,20132,385,28454,139,247,157,12916,411,18069,296,30985,California
Shasta,2021-03-09,1256,50089,595,20727,483,28937,178,425,701,13239,555,18624,878,31863,California
Shasta,2021-03-10,801,50890,258,20985,341,29278,202,627,136,12912,664,19288,337,32200,California
Shasta,2021-03-11,1559,52449,471,21456,816,30094,272,899,941,13510,615,19903,1213,33413,California
Shasta,2021-03-12,1529,53978,833,22289,447,30541,249,1148,397,13023,1131,21034,644,34057,California
Shasta,2021-03-13,758,54736,425,22714,232,30773,101,1249,475,13315,282,21316,574,34631,California
Shasta,2021-03-14,1019,55755,8,22722,989,31762,22,1271,880,14079,139,21455,903,35534,California
Shasta,2021-03-15,497,56252,35,22757,362,32124,100,1371,210,14101,287,21742,309,35843,California
Shasta,2021-03-16,1134,57386,148,22905,919,33043,67,1438,850,14734,284,22026,917,36760,California
Shasta,2021-03-17,735,58121,191,23096,486,33529,58,1496,396,14855,333,22359,454,37214,California
Shasta,2021-03-18,1542,59663,586,23682,852,34381,104,1600,1116,15653,422,22781,1220,38434,California
Shasta,2021-03-19,648,60311,196,23878,396,34777,56,1656,414,15890,233,23014,470,38904,California
Shasta,2021-03-20,748,61059,490,24368,244,35021,14,1670,600,16356,148,23162,614,39518,California
Shasta,2021-03-21,313,61372,298,24666,4,35025,11,1681,286,16627,26,23188,297,39815,California
Shasta,2021-03-22,347,61719,37,24703,274,35299,36,1717,199,16715,147,23335,235,40050,California
Shasta,2021-03-23,1310,63029,652,25355,599,35898,59,1776,756,16981,549,23884,815,40865,California
Shasta,2021-03-24,608,63637,156,25511,415,36313,37,1813,365,17141,242,24126,402,41267,California
Shasta,2021-03-25,1138,64775,452,25963,665,36978,21,1834,823,17674,312,24438,845,42112,California
Shasta,2021-03-26,1838,66613,1406,27369,402,37380,30,1864,1479,18825,359,24797,1510,43622,California
Shasta,2021-03-27,1597,68210,408,27777,317,37697,872,2736,576,19251,1019,25816,1445,45067,California
Shasta,2021-03-28,405,68615,299,28076,96,37793,10,2746,301,19460,102,25918,311,45378,California
Shasta,2021-03-29,418,69033,40,28116,366,38159,12,2758,164,19383,253,26171,176,45554,California
Shasta,2021-03-30,1245,70278,766,28882,462,38621,17,2775,624,19406,618,26789,641,46195,California
Shasta,2021-03-31,620,70898,207,29089,407,39028,6,2781,383,19563,232,27021,389,46584,California
Shasta,2021-04-01,893,71791,247,29336,634,39662,12,2793,574,19831,318,27339,586,47170,California
Shasta,2021-04-02,756,72547,201,29537,502,40164,53,2846,414,19959,340,27679,468,47638,California
Shasta,2021-04-03,516,73063,363,29900,134,40298,19,2865,391,20244,125,27804,410,48048,California
Shasta,2021-04-04,292,73355,176,30076,95,40393,21,2886,217,20407,75,27879,238,48286,California
Shasta,2021-04-05,444,73799,68,30144,312,40705,64,2950,254,20535,190,28069,318,48604,California
Shasta,2021-04-06,1165,74964,486,30630,504,41209,175,3125,540,20629,620,28689,714,49318,California
Shasta,2021-04-07,656,75620,213,30843,280,41489,163,3288,259,20657,393,29082,421,49739,California
Shasta,2021-04-08,1140,76760,259,31102,726,42215,155,3443,230,20133,908,29990,384,50123,California
Shasta,2021-04-09,2581,79341,2063,33165,309,42524,209,3652,2006,21778,568,30558,2213,52336,California
Shasta,2021-04-10,879,80220,592,33757,158,42682,129,3781,266,21559,613,31171,394,52730,California
Shasta,2021-04-11,1251,81471,396,34153,835,43517,20,3801,144,20620,1103,32274,164,52894,California
Shasta,2021-04-12,339,81810,8,34161,269,43786,62,3863,98,20539,240,32514,159,53053,California
Shasta,2021-04-13,1268,83078,366,34527,900,44686,2,3865,341,19958,923,33437,342,53395,California
Shasta,2021-04-14,593,83671,143,34670,448,45134,2,3867,220,19808,372,33809,222,53617,California
Shasta,2021-04-15,1069,84740,259,34929,810,45944,0,3867,303,19348,763,34572,303,53920,California
Shasta,2021-04-16,2342,87082,1848,36777,494,46438,0,3867,935,18878,1405,35977,935,54855,California
Shasta,2021-04-17,644,87726,412,37189,232,46670,0,3867,191,18617,453,36430,192,55047,California
Shasta,2021-04-18,265,87991,240,37429,25,46695,0,3867,32,18418,231,36661,32,55079,California
Shasta,2021-04-19,381,88372,27,37456,354,47049,0,3867,161,18359,220,36881,161,55240,California
Shasta,2021-04-20,1013,89385,257,37713,756,47805,0,3867,379,18105,633,37514,379,55619,California
Shasta,2021-04-21,607,89992,221,37934,386,48191,0,3867,305,18108,302,37816,305,55924,California
Shasta,2021-04-22,966,90958,285,38219,681,48872,0,3867,302,17747,663,38479,302,56226,California
Shasta,2021-04-23,660,91618,265,38484,395,49267,0,3867,329,17746,330,38809,329,56555,California
Shasta,2021-04-24,596,92214,359,38843,236,49503,1,3868,105,17361,490,39299,105,56660,California
Shasta,2021-04-25,211,92425,182,39025,28,49531,1,3869,37,17225,174,39473,38,56698,California
Shasta,2021-04-26,484,92909,53,39078,426,49957,5,3874,338,17423,144,39617,342,57040,California
Shasta,2021-04-27,536,93445,178,39256,322,50279,36,3910,297,17518,236,39853,331,57371,California
Shasta,2021-04-28,577,94022,157,39413,387,50666,33,3943,252,17477,325,40178,284,57655,California
Shasta,2021-04-29,782,94804,120,39533,639,51305,23,3966,185,17089,596,40774,208,57863,California
Shasta,2021-04-30,2265,97069,1839,41372,395,51700,31,3997,269,15393,1996,42770,300,58163,California
Shasta,2021-05-01,223,97292,20,41392,127,51827,76,4073,95,15436,128,42898,171,58334,California
Shasta,2021-05-02,46,97338,16,41408,17,51844,13,4086,19,15441,27,42925,32,58366,California
Shasta,2021-05-03,350,97688,94,41502,230,52074,26,4112,111,15340,238,43163,137,58503,California
Shasta,2021-05-04,508,98196,173,41675,298,52372,37,4149,244,15360,261,43424,281,58784,California
Shasta,2021-05-05,432,98628,139,41814,276,52648,17,4166,201,15347,231,43655,218,59002,California
Shasta,2021-05-06,693,99321,263,42077,390,53038,40,4206,297,15297,387,44042,337,59339,California
Shasta,2021-05-07,1112,100433,732,42809,341,53379,39,4245,301,14827,810,44852,340,59679,California
Shasta,2021-05-08,167,100600,83,42892,74,53453,10,4255,98,14866,68,44920,107,59786,California
Shasta,2021-05-09,66,100666,15,42907,46,53499,5,4260,35,14875,31,44951,40,59826,California
Shasta,2021-05-10,258,100924,21,42928,189,53688,48,4308,113,14891,144,45095,160,59986,California
Shasta,2021-05-11,501,101425,162,43090,191,53879,148,4456,171,14881,329,45424,319,60305,California
Shasta,2021-05-12,356,101781,141,43231,192,54071,23,4479,118,14785,237,45661,141,60446,California
Shasta,2021-05-13,524,102305,220,43451,290,54361,14,4493,189,14655,333,45994,203,60649,California
Shasta,2021-05-14,606,102911,266,43717,313,54674,27,4520,274,14626,330,46324,301,60950,California
Shasta,2021-05-15,384,103295,120,43837,162,54836,102,4622,154,14652,229,46553,255,61205,California
Shasta,2021-05-16,218,103513,152,43989,55,54891,11,4633,158,14761,60,46613,169,61374,California
Shasta,2021-05-17,495,104008,220,44209,220,55111,55,4688,248,14818,246,46859,303,61677,California
Shasta,2021-05-18,477,104485,260,44469,196,55307,21,4709,257,14876,220,47079,278,61955,California
Shasta,2021-05-19,309,104794,171,44640,88,55395,50,4759,156,14931,151,47230,206,62161,California
Sierra,2020-12-18,1,1,1,1,0,0,0,0,1,1,0,0,1,1,California
Sierra,2020-12-21,2,3,2,3,0,0,0,0,2,3,0,0,2,3,California
Sierra,2020-12-22,12,15,12,15,0,0,0,0,12,15,0,0,12,15,California
Sierra,2020-12-23,4,19,4,19,0,0,0,0,4,19,0,0,4,19,California
Sierra,2020-12-28,1,20,0,19,1,1,0,0,1,20,0,0,1,20,California
Sierra,2020-12-29,49,69,7,26,42,43,0,0,49,69,0,0,49,69,California
Sierra,2020-12-30,2,71,0,26,2,45,0,0,2,71,0,0,2,71,California
Sierra,2020-12-31,13,84,0,26,13,58,0,0,13,84,0,0,13,84,California
Sierra,2021-01-01,1,85,1,27,0,58,0,0,1,85,0,0,1,85,California
Sierra,2021-01-05,64,149,2,29,62,120,0,0,64,149,0,0,64,149,California
Sierra,2021-01-06,1,150,1,30,0,120,0,0,1,150,0,0,1,150,California
Sierra,2021-01-07,21,171,1,31,20,140,0,0,20,169,1,1,20,170,California
Sierra,2021-01-08,1,172,1,32,0,140,0,0,1,170,0,1,1,171,California
Sierra,2021-01-11,3,175,3,35,0,140,0,0,0,167,3,4,0,171,California
Sierra,2021-01-12,40,215,12,47,28,168,0,0,28,183,12,16,28,199,California
Sierra,2021-01-13,4,219,3,50,1,169,0,0,1,181,3,19,1,200,California
Sierra,2021-01-14,35,254,2,52,33,202,0,0,35,216,0,19,35,235,California
Sierra,2021-01-15,3,257,1,53,2,204,0,0,3,219,0,19,3,238,California
Sierra,2021-01-18,2,259,0,53,2,206,0,0,2,221,0,19,2,240,California
Sierra,2021-01-19,32,291,0,53,32,238,0,0,32,253,0,19,32,272,California
Sierra,2021-01-20,1,292,1,54,0,238,0,0,1,254,0,19,1,273,California
Sierra,2021-01-21,52,344,0,54,52,290,0,0,52,306,0,19,52,325,California
Sierra,2021-01-22,2,346,0,54,2,292,0,0,2,308,0,19,2,327,California
Sierra,2021-01-23,2,348,0,54,2,294,0,0,2,310,0,19,2,329,California
Sierra,2021-01-26,62,410,0,54,62,356,0,0,24,296,38,57,24,353,California
Sierra,2021-01-27,4,414,4,58,0,356,0,0,0,292,4,61,0,353,California
Sierra,2021-01-28,53,467,0,58,53,409,0,0,43,325,10,71,43,396,California
Sierra,2021-01-29,2,469,0,58,2,411,0,0,2,327,0,71,2,398,California
Sierra,2021-01-30,3,472,3,61,0,411,0,0,2,328,1,72,2,400,California
Sierra,2021-02-01,1,473,0,61,1,412,0,0,0,327,1,73,0,400,California
Sierra,2021-02-02,58,531,1,62,57,469,0,0,19,307,39,112,19,419,California
Sierra,2021-02-03,6,537,5,67,1,470,0,0,5,311,1,113,5,424,California
Sierra,2021-02-04,103,640,5,72,98,568,0,0,54,316,49,162,54,478,California
Sierra,2021-02-05,6,646,4,76,2,570,0,0,5,320,1,163,5,483,California
Sierra,2021-02-09,51,697,0,76,51,621,0,0,48,365,3,166,48,531,California
Sierra,2021-02-10,5,702,2,78,3,624,0,0,4,368,1,167,4,535,California
Sierra,2021-02-11,196,898,1,79,195,819,0,0,134,440,62,229,134,669,California
Sierra,2021-02-12,20,918,0,79,20,839,0,0,20,460,0,229,20,689,California
Sierra,2021-02-13,1,919,1,80,0,839,0,0,1,461,0,229,1,690,California
Sierra,2021-02-15,2,921,2,82,0,839,0,0,0,459,2,231,0,690,California
Sierra,2021-02-16,43,964,0,82,43,882,0,0,10,436,33,264,10,700,California
Sierra,2021-02-17,4,968,0,82,4,886,0,0,1,434,3,267,1,701,California
Sierra,2021-02-18,140,1108,0,82,140,1026,0,0,91,476,49,316,91,792,California
Sierra,2021-02-19,2,1110,1,83,1,1027,0,0,1,476,1,317,1,793,California
Sierra,2021-02-20,2,1112,2,85,0,1027,0,0,0,474,2,319,0,793,California
Sierra,2021-02-22,1,1113,1,86,0,1027,0,0,1,475,0,319,1,794,California
Sierra,2021-02-23,4,1117,0,86,4,1031,0,0,4,479,0,319,4,798,California
Sierra,2021-02-24,3,1120,2,88,1,1032,0,0,3,482,0,319,3,801,California
Sierra,2021-02-25,125,1245,2,90,123,1155,0,0,58,474,66,385,58,859,California
Sierra,2021-02-26,11,1256,6,96,5,1160,0,0,4,471,7,392,4,863,California
Sierra,2021-02-27,2,1258,2,98,0,1160,0,0,0,469,2,394,0,863,California
Sierra,2021-03-01,2,1260,2,100,0,1160,0,0,0,467,2,396,0,863,California
Sierra,2021-03-02,56,1316,0,100,56,1216,0,0,38,487,18,414,38,901,California
Sierra,2021-03-03,2,1318,2,102,0,1216,0,0,1,487,1,415,1,902,California
Sierra,2021-03-04,109,1427,0,102,109,1325,0,0,60,498,49,464,60,962,California
Sierra,2021-03-05,14,1441,2,104,12,1337,0,0,12,508,2,466,12,974,California
Sierra,2021-03-07,1,1442,1,105,0,1337,0,0,0,507,1,467,0,974,California
Sierra,2021-03-08,2,1444,2,107,0,1337,0,0,2,509,0,467,2,976,California
Sierra,2021-03-09,56,1500,0,107,56,1393,0,0,12,477,44,511,12,988,California
Sierra,2021-03-10,6,1506,0,107,6,1399,0,0,4,479,2,513,4,992,California
Sierra,2021-03-11,176,1682,0,107,176,1575,0,0,44,391,132,645,44,1036,California
Sierra,2021-03-12,20,1702,1,108,19,1594,0,0,0,371,20,665,0,1036,California
Sierra,2021-03-13,28,1730,0,108,28,1622,0,0,28,399,0,665,28,1064,California
Sierra,2021-03-14,1,1731,0,108,0,1622,1,1,0,399,1,666,1,1065,California
Sierra,2021-03-15,1,1732,1,109,0,1622,0,1,0,398,1,667,0,1065,California
Sierra,2021-03-16,35,1767,0,109,34,1656,1,2,22,408,13,680,23,1088,California
Sierra,2021-03-17,4,1771,3,112,1,1657,0,2,1,406,3,683,1,1089,California
Sierra,2021-03-18,158,1929,0,112,158,1815,0,2,65,378,93,776,65,1154,California
Sierra,2021-03-19,4,1933,2,114,2,1817,0,2,1,376,3,779,1,1155,California
Sierra,2021-03-20,1,1934,0,114,1,1818,0,2,1,377,0,779,1,1156,California
Sierra,2021-03-23,22,1956,0,114,22,1840,0,2,13,381,9,788,13,1169,California
Sierra,2021-03-24,3,1959,1,115,2,1842,0,2,1,380,2,790,1,1170,California
Sierra,2021-03-25,99,2058,1,116,98,1940,0,2,50,381,49,839,50,1220,California
Sierra,2021-03-26,12,2070,1,117,11,1951,0,2,8,385,4,843,8,1228,California
Sierra,2021-03-27,2,2072,1,118,1,1952,0,2,0,383,2,845,0,1228,California
Sierra,2021-03-29,1,2073,1,119,0,1952,0,2,0,382,1,846,0,1228,California
Sierra,2021-03-30,55,2128,1,120,54,2006,0,2,22,371,33,879,22,1250,California
Sierra,2021-03-31,8,2136,0,120,8,2014,0,2,8,379,0,879,8,1258,California
Sierra,2021-04-01,64,2200,2,122,62,2076,0,2,6,329,56,935,6,1264,California
Sierra,2021-04-02,3,2203,2,124,1,2077,0,2,2,330,1,936,2,1266,California
Sierra,2021-04-04,1,2204,0,124,1,2078,0,2,0,330,0,936,0,1266,California
Sierra,2021-04-06,10,2214,0,124,10,2088,0,2,0,320,10,946,0,1266,California
Sierra,2021-04-07,14,2228,3,127,6,2094,5,7,3,318,10,956,8,1274,California
Sierra,2021-04-08,54,2282,2,129,52,2146,0,7,16,296,38,994,16,1290,California
Sierra,2021-04-09,2,2284,2,131,0,2146,0,7,1,296,1,995,1,1291,California
Sierra,2021-04-10,27,2311,0,131,27,2173,0,7,0,269,27,1022,0,1291,California
Sierra,2021-04-13,45,2356,0,131,45,2218,0,7,5,234,40,1062,5,1296,California
Sierra,2021-04-14,1,2357,0,131,1,2219,0,7,1,235,0,1062,1,1297,California
Sierra,2021-04-15,49,2406,1,132,48,2267,0,7,2,190,47,1109,2,1299,California
Sierra,2021-04-16,1,2407,0,132,1,2268,0,7,1,191,0,1109,1,1300,California
Sierra,2021-04-17,2,2409,1,133,1,2269,0,7,1,191,1,1110,1,1301,California
Sierra,2021-04-19,1,2410,1,134,0,2269,0,7,0,190,1,1111,0,1301,California
Sierra,2021-04-20,34,2444,1,135,33,2302,0,7,7,170,27,1138,7,1308,California
Sierra,2021-04-21,2,2446,1,136,1,2303,0,7,1,170,1,1139,1,1309,California
Sierra,2021-04-22,65,2511,2,138,63,2366,0,7,5,116,59,1198,5,1314,California
Sierra,2021-04-23,13,2524,0,138,13,2379,0,7,5,113,8,1206,5,1319,California
Sierra,2021-04-24,4,2528,0,138,4,2383,0,7,4,117,0,1206,4,1323,California
Sierra,2021-04-25,1,2529,1,139,0,2383,0,7,1,118,0,1206,1,1324,California
Sierra,2021-04-27,28,2557,1,140,27,2410,0,7,5,100,23,1229,5,1329,California
Sierra,2021-04-28,10,2567,2,142,8,2418,0,7,1,92,9,1238,1,1330,California
Sierra,2021-04-29,20,2587,2,144,18,2436,0,7,14,100,6,1244,14,1344,California
Sierra,2021-04-30,4,2591,2,146,2,2438,0,7,2,100,2,1246,2,1346,California
Sierra,2021-05-03,1,2592,1,147,0,2438,0,7,1,101,0,1246,1,1347,California
Sierra,2021-05-05,23,2615,0,147,23,2461,0,7,8,94,15,1261,8,1355,California
Sierra,2021-05-06,1,2616,1,148,0,2461,0,7,0,93,1,1262,0,1355,California
Sierra,2021-05-07,1,2617,1,149,0,2461,0,7,1,94,0,1262,1,1356,California
Sierra,2021-05-08,1,2618,0,149,0,2461,1,8,0,94,1,1263,1,1357,California
Sierra,2021-05-11,11,2629,0,149,4,2465,7,15,0,90,11,1274,7,1364,California
Sierra,2021-05-12,10,2639,1,150,9,2474,0,15,7,94,3,1277,7,1371,California
Sierra,2021-05-13,4,2643,3,153,1,2475,0,15,3,96,1,1278,3,1374,California
Sierra,2021-05-14,6,2649,2,155,4,2479,0,15,5,100,1,1279,5,1379,California
Sierra,2021-05-15,1,2650,0,155,0,2479,1,16,0,100,1,1280,1,1380,California
Sierra,2021-05-17,2,2652,1,156,1,2480,0,16,1,100,1,1281,1,1381,California
Sierra,2021-05-18,2,2654,1,157,1,2481,0,16,0,98,2,1283,0,1381,California
Sierra,2021-05-19,5,2659,2,159,3,2484,0,16,1,95,4,1287,1,1382,California
Siskiyou,2020-12-16,2,2,2,2,0,0,0,0,2,2,0,0,2,2,California
Siskiyou,2020-12-17,4,6,4,6,0,0,0,0,4,6,0,0,4,6,California
Siskiyou,2020-12-18,2,8,2,8,0,0,0,0,2,8,0,0,2,8,California
Siskiyou,2020-12-19,4,12,4,12,0,0,0,0,4,12,0,0,4,12,California
Siskiyou,2020-12-20,1,13,1,13,0,0,0,0,1,13,0,0,1,13,California
Siskiyou,2020-12-21,132,145,132,145,0,0,0,0,132,145,0,0,132,145,California
Siskiyou,2020-12-22,158,303,158,303,0,0,0,0,158,303,0,0,158,303,California
Siskiyou,2020-12-23,142,445,142,445,0,0,0,0,142,445,0,0,142,445,California
Siskiyou,2020-12-24,5,450,5,450,0,0,0,0,5,450,0,0,5,450,California
Siskiyou,2020-12-26,2,452,0,450,2,2,0,0,2,452,0,0,2,452,California
Siskiyou,2020-12-27,2,454,0,450,2,4,0,0,2,454,0,0,2,454,California
Siskiyou,2020-12-28,3,457,1,451,2,6,0,0,3,457,0,0,3,457,California
Siskiyou,2020-12-29,6,463,2,453,4,10,0,0,6,463,0,0,6,463,California
Siskiyou,2020-12-30,98,561,3,456,95,105,0,0,98,561,0,0,98,561,California
Siskiyou,2020-12-31,12,573,0,456,12,117,0,0,12,573,0,0,12,573,California
Siskiyou,2021-01-02,1,574,1,457,0,117,0,0,1,574,0,0,1,574,California
Siskiyou,2021-01-03,1,575,0,457,1,118,0,0,1,575,0,0,1,575,California
Siskiyou,2021-01-04,130,705,3,460,127,245,0,0,130,705,0,0,130,705,California
Siskiyou,2021-01-05,116,821,4,464,112,357,0,0,115,819,1,1,115,820,California
Siskiyou,2021-01-06,59,880,6,470,53,410,0,0,55,870,4,5,55,875,California
Siskiyou,2021-01-07,177,1057,4,474,173,583,0,0,176,1045,1,6,176,1051,California
Siskiyou,2021-01-08,41,1098,3,477,38,621,0,0,39,1082,2,8,39,1090,California
Siskiyou,2021-01-09,2,1100,2,479,0,621,0,0,0,1080,2,10,0,1090,California
Siskiyou,2021-01-11,226,1326,65,544,161,782,0,0,163,1180,63,73,163,1253,California
Siskiyou,2021-01-12,322,1648,274,818,48,830,0,0,89,1037,233,306,90,1343,California
Siskiyou,2021-01-13,157,1805,137,955,20,850,0,0,23,926,134,440,23,1366,California
Siskiyou,2021-01-14,26,1831,1,956,25,875,0,0,25,950,1,441,25,1391,California
Siskiyou,2021-01-15,35,1866,3,959,32,907,0,0,35,985,0,441,35,1426,California
Siskiyou,2021-01-16,7,1873,2,961,5,912,0,0,7,992,0,441,7,1433,California
Siskiyou,2021-01-17,1,1874,1,962,0,912,0,0,0,991,1,442,0,1433,California
Siskiyou,2021-01-18,77,1951,4,966,73,985,0,0,75,1064,2,444,75,1508,California
Siskiyou,2021-01-19,21,1972,1,967,20,1005,0,0,20,1083,1,445,20,1528,California
Siskiyou,2021-01-20,47,2019,35,1002,12,1017,0,0,43,1122,4,449,43,1571,California
Siskiyou,2021-01-21,42,2061,1,1003,41,1058,0,0,42,1164,0,449,42,1613,California
Siskiyou,2021-01-22,1327,3388,1175,2178,152,1210,0,0,1327,2491,0,449,1327,2940,California
Siskiyou,2021-01-23,5,3393,1,2179,4,1214,0,0,2,2490,3,452,2,2942,California
Siskiyou,2021-01-25,182,3575,8,2187,174,1388,0,0,178,2664,4,456,178,3120,California
Siskiyou,2021-01-26,148,3723,3,2190,145,1533,0,0,140,2796,8,464,140,3260,California
Siskiyou,2021-01-27,181,3904,1,2191,180,1713,0,0,126,2867,55,519,126,3386,California
Siskiyou,2021-01-28,231,4135,117,2308,114,1827,0,0,225,3086,6,525,225,3611,California
Siskiyou,2021-01-29,249,4384,3,2311,246,2073,0,0,247,3331,2,527,247,3858,California
Siskiyou,2021-01-30,3,4387,2,2313,1,2074,0,0,3,3334,0,527,3,3861,California
Siskiyou,2021-02-01,195,4582,3,2316,192,2266,0,0,105,3349,90,617,105,3966,California
Siskiyou,2021-02-02,289,4871,45,2361,244,2510,0,0,147,3354,142,759,147,4113,California
Siskiyou,2021-02-03,314,5185,1,2362,313,2823,0,0,264,3568,50,809,264,4377,California
Siskiyou,2021-02-04,322,5507,7,2369,315,3138,0,0,200,3646,122,931,200,4577,California
Siskiyou,2021-02-05,513,6020,4,2373,509,3647,0,0,349,3831,164,1095,349,4926,California
Siskiyou,2021-02-06,15,6035,0,2373,15,3662,0,0,15,3846,0,1095,15,4941,California
Siskiyou,2021-02-07,3,6038,2,2375,1,3663,0,0,3,3849,0,1095,3,4944,California
Siskiyou,2021-02-08,221,6259,5,2380,216,3879,0,0,216,4060,5,1100,216,5160,California
Siskiyou,2021-02-09,196,6455,4,2384,192,4071,0,0,163,4190,33,1133,163,5323,California
Siskiyou,2021-02-10,370,6825,40,2424,330,4401,0,0,317,4455,52,1185,317,5640,California
Siskiyou,2021-02-11,190,7015,1,2425,189,4590,0,0,174,4613,16,1201,174,5814,California
Siskiyou,2021-02-12,1690,8705,1198,3623,492,5082,0,0,501,3925,1189,2390,501,6315,California
Siskiyou,2021-02-13,36,8741,2,3625,34,5116,0,0,32,3953,4,2394,32,6347,California
Siskiyou,2021-02-14,5,8746,1,3626,4,5120,0,0,5,3958,0,2394,5,6352,California
Siskiyou,2021-02-15,107,8853,10,3636,97,5217,0,0,105,4061,2,2396,105,6457,California
Siskiyou,2021-02-16,114,8967,2,3638,112,5329,0,0,99,4145,15,2411,99,6556,California
Siskiyou,2021-02-17,185,9152,15,3653,170,5499,0,0,171,4302,14,2425,171,6727,California
Siskiyou,2021-02-18,221,9373,88,3741,133,5632,0,0,98,4277,123,2548,98,6825,California
Siskiyou,2021-02-19,71,9444,34,3775,37,5669,0,0,34,4274,37,2585,34,6859,California
Siskiyou,2021-02-20,21,9465,3,3778,18,5687,0,0,17,4287,4,2589,17,6876,California
Siskiyou,2021-02-21,1,9466,1,3779,0,5687,0,0,1,4288,0,2589,1,6877,California
Siskiyou,2021-02-22,125,9591,2,3781,123,5810,0,0,19,4201,106,2695,19,6896,California
Siskiyou,2021-02-23,197,9788,15,3796,182,5992,0,0,53,4110,144,2839,53,6949,California
Siskiyou,2021-02-24,147,9935,4,3800,143,6135,0,0,35,4033,112,2951,35,6984,California
Siskiyou,2021-02-25,301,10236,24,3824,277,6412,0,0,155,4042,146,3097,155,7139,California
Siskiyou,2021-02-26,670,10906,11,3835,659,7071,0,0,368,4108,302,3399,368,7507,California
Siskiyou,2021-02-27,33,10939,5,3840,28,7099,0,0,28,4131,5,3404,28,7535,California
Siskiyou,2021-02-28,5,10944,4,3844,1,7100,0,0,4,4134,1,3405,4,7539,California
Siskiyou,2021-03-01,280,11224,6,3850,274,7374,0,0,50,3954,230,3635,50,7589,California
Siskiyou,2021-03-02,190,11414,1,3851,189,7563,0,0,70,3904,120,3755,70,7659,California
Siskiyou,2021-03-03,345,11759,7,3858,338,7901,0,0,155,3869,190,3945,155,7814,California
Siskiyou,2021-03-04,794,12553,621,4479,173,8074,0,0,637,4349,157,4102,637,8451,California
Siskiyou,2021-03-05,326,12879,6,4485,309,8383,11,11,105,4247,218,4320,116,8567,California
Siskiyou,2021-03-06,43,12922,3,4488,33,8416,7,18,28,4267,15,4335,35,8602,California
Siskiyou,2021-03-07,12,12934,4,4492,0,8416,8,26,3,4269,9,4344,11,8613,California
Siskiyou,2021-03-08,361,13295,31,4523,295,8711,35,61,59,4061,302,4646,94,8707,California
Siskiyou,2021-03-09,164,13459,2,4525,108,8819,54,115,57,4065,107,4753,111,8818,California
Siskiyou,2021-03-10,222,13681,7,4532,185,9004,30,145,31,3935,191,4944,61,8879,California
Siskiyou,2021-03-11,475,14156,206,4738,222,9226,47,192,275,4058,199,5143,322,9201,California
Siskiyou,2021-03-12,647,14803,141,4879,467,9693,39,231,184,3820,461,5604,223,9424,California
Siskiyou,2021-03-13,428,15231,381,5260,24,9717,23,254,382,4179,46,5650,405,9829,California
Siskiyou,2021-03-14,20,15251,1,5261,3,9720,16,270,2,4179,18,5668,18,9847,California
Siskiyou,2021-03-15,454,15705,258,5519,176,9896,20,290,322,4389,132,5800,342,10189,California
Siskiyou,2021-03-16,256,15961,33,5552,206,10102,17,307,140,4431,115,5915,157,10346,California
Siskiyou,2021-03-17,202,16163,9,5561,185,10287,8,315,34,4305,168,6083,42,10388,California
Siskiyou,2021-03-18,926,17089,788,6349,126,10413,12,327,810,5011,116,6199,822,11210,California
Siskiyou,2021-03-19,68,17157,10,6359,45,10458,13,340,20,4996,48,6247,33,11243,California
Siskiyou,2021-03-20,30,17187,7,6366,18,10476,5,345,6,4983,24,6271,11,11254,California
Siskiyou,2021-03-21,10,17197,4,6370,1,10477,5,350,4,4986,6,6277,9,11263,California
Siskiyou,2021-03-22,208,17405,21,6391,165,10642,22,372,145,5093,60,6337,167,11430,California
Siskiyou,2021-03-23,196,17601,19,6410,167,10809,10,382,141,5189,55,6392,151,11581,California
Siskiyou,2021-03-24,140,17741,47,6457,93,10902,0,382,115,5279,25,6417,115,11696,California
Siskiyou,2021-03-25,572,18313,320,6777,249,11151,3,385,400,5510,172,6589,403,12099,California
Siskiyou,2021-03-26,305,18618,35,6812,270,11421,0,385,104,5415,199,6788,104,12203,California
Siskiyou,2021-03-27,37,18655,4,6816,28,11449,5,390,9,5401,28,6816,14,12217,California
Siskiyou,2021-03-28,8,18663,7,6823,1,11450,0,390,5,5403,3,6819,5,12222,California
Siskiyou,2021-03-29,98,18761,11,6834,85,11535,2,392,47,5402,50,6869,49,12271,California
Siskiyou,2021-03-30,102,18863,7,6841,94,11629,1,393,41,5383,61,6930,42,12313,California
Siskiyou,2021-03-31,189,19052,20,6861,166,11795,3,396,48,5295,140,7070,52,12365,California
Siskiyou,2021-04-01,830,19882,672,7533,158,11953,0,396,214,4893,616,7686,214,12579,California
Siskiyou,2021-04-02,347,20229,197,7730,146,12099,4,400,66,4684,279,7965,70,12649,California
Siskiyou,2021-04-03,26,20255,5,7735,14,12113,7,407,5,4675,21,7986,12,12661,California
Siskiyou,2021-04-04,2,20257,1,7736,1,12114,0,407,1,4675,1,7987,1,12662,California
Siskiyou,2021-04-05,437,20694,331,8067,80,12194,26,433,26,4317,410,8397,52,12714,California
Siskiyou,2021-04-06,220,20914,36,8103,130,12324,54,487,125,4401,94,8491,178,12892,California
Siskiyou,2021-04-07,117,21031,11,8114,64,12388,42,529,67,4460,50,8541,109,13001,California
Siskiyou,2021-04-08,349,21380,183,8297,125,12513,41,570,62,4276,287,8828,103,13104,California
Siskiyou,2021-04-09,546,21926,379,8676,130,12643,37,607,83,3935,462,9290,121,13225,California
Siskiyou,2021-04-10,46,21972,6,8682,3,12646,37,644,7,3940,39,9329,44,13269,California
Siskiyou,2021-04-11,8,21980,5,8687,1,12647,2,646,2,3938,6,9335,4,13273,California
Siskiyou,2021-04-12,129,22109,25,8712,103,12750,1,647,49,3908,80,9415,50,13323,California
Siskiyou,2021-04-13,205,22314,36,8748,168,12918,1,648,79,3862,126,9541,80,13403,California
Siskiyou,2021-04-14,157,22471,65,8813,92,13010,0,648,86,3879,69,9610,86,13489,California
Siskiyou,2021-04-15,1115,23586,955,9768,160,13170,0,648,434,3633,680,10290,434,13923,California
Siskiyou,2021-04-16,299,23885,207,9975,92,13262,0,648,268,3871,30,10320,268,14191,California
Siskiyou,2021-04-17,11,23896,8,9983,3,13265,0,648,7,3874,4,10324,7,14198,California
Siskiyou,2021-04-18,6,23902,3,9986,3,13268,0,648,2,3872,4,10328,2,14200,California
Siskiyou,2021-04-19,128,24030,25,10011,103,13371,0,648,45,3834,83,10411,45,14245,California
Siskiyou,2021-04-20,238,24268,5,10016,233,13604,0,648,95,3786,143,10554,95,14340,California
Siskiyou,2021-04-21,94,24362,10,10026,84,13688,0,648,25,3742,69,10623,25,14365,California
Siskiyou,2021-04-22,415,24777,302,10328,113,13801,0,648,50,3427,365,10988,50,14415,California
Siskiyou,2021-04-23,178,24955,13,10341,165,13966,0,648,156,3562,21,11009,156,14571,California
Siskiyou,2021-04-24,27,24982,4,10345,23,13989,0,648,19,3573,8,11017,19,14590,California
Siskiyou,2021-04-25,3,24985,0,10345,3,13992,0,648,3,3576,0,11017,3,14593,California
Siskiyou,2021-04-26,101,25086,7,10352,89,14081,5,653,25,3530,76,11093,30,14623,California
Siskiyou,2021-04-27,104,25190,4,10356,98,14179,2,655,84,3599,17,11110,86,14709,California
Siskiyou,2021-04-28,110,25300,8,10364,94,14273,8,663,52,3601,58,11168,60,14769,California
Siskiyou,2021-04-29,105,25405,14,10378,91,14364,0,663,25,3546,80,11248,25,14794,California
Siskiyou,2021-04-30,101,25506,20,10398,80,14444,1,664,44,3536,54,11302,44,14838,California
Siskiyou,2021-05-01,11,25517,7,10405,1,14445,3,667,7,3542,4,11306,10,14848,California
Siskiyou,2021-05-02,11,25528,5,10410,6,14451,0,667,9,3549,2,11308,9,14857,California
Siskiyou,2021-05-03,110,25638,23,10433,85,14536,2,669,47,3535,63,11371,49,14906,California
Siskiyou,2021-05-04,113,25751,6,10439,105,14641,2,671,60,3545,52,11423,62,14968,California
Siskiyou,2021-05-05,117,25868,21,10460,87,14728,9,680,39,3516,77,11500,48,15016,California
Siskiyou,2021-05-06,364,26232,293,10753,65,14793,6,686,187,3532,177,11677,193,15209,California
Siskiyou,2021-05-07,309,26541,219,10972,85,14878,5,691,33,3295,275,11952,38,15247,California
Siskiyou,2021-05-08,24,26565,4,10976,19,14897,1,692,18,3308,6,11958,19,15266,California
Siskiyou,2021-05-09,1,26566,0,10976,1,14898,0,692,0,3307,1,11959,0,15266,California
Siskiyou,2021-05-10,68,26634,37,11013,30,14928,1,693,20,3280,48,12007,21,15287,California
Siskiyou,2021-05-11,83,26717,4,11017,74,15002,5,698,48,3298,35,12042,53,15340,California
Siskiyou,2021-05-12,53,26770,4,11021,45,15047,4,702,16,3281,37,12079,20,15360,California
Siskiyou,2021-05-13,74,26844,31,11052,35,15082,8,710,33,3281,41,12120,41,15401,California
Siskiyou,2021-05-14,171,27015,79,11131,91,15173,1,711,106,3324,64,12184,107,15508,California
Siskiyou,2021-05-15,42,27057,16,11147,24,15197,2,713,35,3355,6,12190,37,15545,California
Siskiyou,2021-05-16,6,27063,2,11149,4,15201,0,713,4,3357,2,12192,4,15549,California
Siskiyou,2021-05-17,61,27124,2,11151,38,15239,21,734,8,3333,53,12245,29,15578,California
Siskiyou,2021-05-18,195,27319,79,11230,113,15352,3,737,103,3348,91,12336,106,15684,California
Siskiyou,2021-05-19,26,27345,6,11236,20,15372,0,737,11,3344,15,12351,11,15695,California
Solano,2020-12-15,4,4,4,4,0,0,0,0,4,4,0,0,4,4,California
Solano,2020-12-16,71,75,71,75,0,0,0,0,71,75,0,0,71,75,California
Solano,2020-12-17,154,229,154,229,0,0,0,0,154,229,0,0,154,229,California
Solano,2020-12-18,445,674,444,673,1,1,0,0,445,674,0,0,445,674,California
Solano,2020-12-19,518,1192,518,1191,0,1,0,0,518,1192,0,0,518,1192,California
Solano,2020-12-20,355,1547,353,1544,2,3,0,0,355,1547,0,0,355,1547,California
Solano,2020-12-21,573,2120,571,2115,2,5,0,0,573,2120,0,0,573,2120,California
Solano,2020-12-22,663,2783,630,2745,33,38,0,0,663,2783,0,0,663,2783,California
Solano,2020-12-23,861,3644,773,3518,88,126,0,0,860,3643,0,0,860,3643,California
Solano,2020-12-24,422,4066,171,3689,251,377,0,0,422,4065,0,0,422,4065,California
Solano,2020-12-25,10,4076,2,3691,8,385,0,0,10,4075,0,0,10,4075,California
Solano,2020-12-26,175,4251,48,3739,127,512,0,0,175,4250,0,0,175,4250,California
Solano,2020-12-27,104,4355,29,3768,75,587,0,0,104,4354,0,0,104,4354,California
Solano,2020-12-28,862,5217,420,4188,442,1029,0,0,862,5216,0,0,862,5216,California
Solano,2020-12-29,898,6115,376,4564,522,1551,0,0,898,6114,0,0,898,6114,California
Solano,2020-12-30,1237,7352,600,5164,637,2188,0,0,1237,7351,0,0,1237,7351,California
Solano,2020-12-31,537,7889,137,5301,400,2588,0,0,537,7888,0,0,537,7888,California
Solano,2021-01-01,15,7904,14,5315,1,2589,0,0,15,7903,0,0,15,7903,California
Solano,2021-01-02,213,8117,165,5480,48,2637,0,0,213,8116,0,0,213,8116,California
Solano,2021-01-03,57,8174,40,5520,17,2654,0,0,52,8168,0,0,52,8168,California
Solano,2021-01-04,451,8625,246,5766,205,2859,0,0,441,8606,3,3,441,8609,California
Solano,2021-01-05,730,9355,377,6143,353,3212,0,0,576,9033,149,152,576,9185,California
Solano,2021-01-06,845,10200,437,6580,408,3620,0,0,582,9354,261,413,582,9767,California
Solano,2021-01-07,1069,11269,684,7264,385,4005,0,0,612,9512,455,868,613,10380,California
Solano,2021-01-08,1141,12410,779,8043,362,4367,0,0,548,9487,575,1443,550,10930,California
Solano,2021-01-09,886,13296,763,8806,123,4490,0,0,429,9462,454,1897,429,11359,California
Solano,2021-01-10,254,13550,194,9000,60,4550,0,0,152,9512,102,1999,152,11511,California
Solano,2021-01-11,1330,14880,1119,10119,211,4761,0,0,813,9808,517,2516,813,12324,California
Solano,2021-01-12,1571,16451,1171,11290,400,5161,0,0,1020,10279,550,3066,1021,13345,California
Solano,2021-01-13,1468,17919,1007,12297,461,5622,0,0,1209,11231,257,3323,1209,14554,California
Solano,2021-01-14,1889,19808,816,13113,1073,6695,0,0,1575,12492,314,3637,1575,16129,California
Solano,2021-01-15,1696,21504,1060,14173,636,7331,0,0,1398,13592,298,3935,1398,17527,California
Solano,2021-01-16,1288,22792,902,15075,386,7717,0,0,1113,14530,175,4110,1113,18640,California
Solano,2021-01-17,1046,23838,762,15837,284,8001,0,0,1027,15538,19,4129,1027,19667,California
Solano,2021-01-18,1414,25252,856,16693,558,8559,0,0,1297,16720,117,4246,1299,20966,California
Solano,2021-01-19,1652,26904,1340,18033,312,8871,0,0,1380,17829,271,4517,1380,22346,California
Solano,2021-01-20,2034,28938,1423,19456,611,9482,0,0,1546,18890,485,5002,1546,23892,California
Solano,2021-01-21,3177,32115,1011,20467,2166,11648,0,0,2825,21364,352,5354,2826,26718,California
Solano,2021-01-22,1774,33889,846,21313,928,12576,0,0,1584,22758,190,5544,1584,28302,California
Solano,2021-01-23,737,34626,243,21556,494,13070,0,0,532,23085,206,5750,533,28835,California
Solano,2021-01-24,405,35031,61,21617,344,13414,0,0,338,23356,67,5817,338,29173,California
Solano,2021-01-25,1665,36696,628,22245,1037,14451,0,0,1111,23915,553,6370,1112,30285,California
Solano,2021-01-26,1773,38469,738,22983,1035,15486,0,0,1142,24428,630,7000,1143,31428,California
Solano,2021-01-27,1796,40265,726,23709,1070,16556,0,0,1183,25011,600,7600,1183,32611,California
Solano,2021-01-28,1959,42224,707,24416,1252,17808,0,0,1366,25786,592,8192,1367,33978,California
Solano,2021-01-29,1703,43927,786,25202,917,18725,0,0,1345,26775,356,8548,1345,35323,California
Solano,2021-01-30,713,44640,221,25423,492,19217,0,0,552,27166,161,8709,552,35875,California
Solano,2021-01-31,484,45124,394,25817,90,19307,0,0,229,27141,255,8964,230,36105,California
Solano,2021-02-01,1510,46634,989,26806,521,19828,0,0,768,27170,739,9703,768,36873,California
Solano,2021-02-02,3358,49992,1113,27919,2245,22073,0,0,2528,28872,826,10529,2528,39401,California
Solano,2021-02-03,2267,52259,1309,29228,958,23031,0,0,1163,28935,1100,11629,1163,40564,California
Solano,2021-02-04,1803,54062,912,30140,891,23922,0,0,1077,29291,721,12350,1077,41641,California
Solano,2021-02-05,3096,57158,1418,31558,1678,25600,0,0,2092,30387,996,13346,2092,43733,California
Solano,2021-02-06,3055,60213,1169,32727,1886,27486,0,0,2240,31816,811,14157,2240,45973,California
Solano,2021-02-07,847,61060,783,33510,64,27550,0,0,231,31431,616,14773,231,46204,California
Solano,2021-02-08,1751,62811,1234,34744,517,28067,0,0,710,31102,1039,15812,710,46914,California
Solano,2021-02-09,1949,64760,1486,36230,463,28530,0,0,699,30552,1249,17061,699,47613,California
Solano,2021-02-10,2266,67026,1497,37727,769,29299,0,0,821,29928,1445,18506,821,48434,California
Solano,2021-02-11,2505,69531,1488,39215,1017,30316,0,0,1197,29827,1298,19804,1197,49631,California
Solano,2021-02-12,4211,73742,1619,40834,2592,32908,0,0,2866,31355,1338,21142,2866,52497,California
Solano,2021-02-13,2866,76608,249,41083,2617,35525,0,0,2452,33396,411,21553,2452,54949,California
Solano,2021-02-14,704,77312,202,41285,502,36027,0,0,412,33519,290,21843,413,55362,California
Solano,2021-02-15,1314,78626,324,41609,990,37017,0,0,679,33564,634,22477,679,56041,California
Solano,2021-02-16,2562,81188,1388,42997,1174,38191,0,0,1667,34338,894,23371,1668,57709,California
Solano,2021-02-17,3203,84391,1452,44449,1751,39942,0,0,2165,35469,1035,24406,2166,59875,California
Solano,2021-02-18,2853,87244,845,45294,2008,41950,0,0,852,34327,1995,26401,853,60728,California
Solano,2021-02-19,2399,89643,1447,46741,952,42902,0,0,1172,34278,1223,27624,1174,61902,California
Solano,2021-02-20,2569,92212,382,47123,2187,45089,0,0,2096,35900,474,28098,2096,63998,California
Solano,2021-02-21,2195,94407,1881,49004,314,45403,0,0,1884,37477,307,28405,1884,65882,California
Solano,2021-02-22,1723,96130,1050,50054,673,46076,0,0,909,37575,812,29217,910,66792,California
Solano,2021-02-23,2860,98990,1096,51150,1764,47840,0,0,1955,38628,902,30119,1955,68747,California
Solano,2021-02-24,2478,101468,1245,52395,1233,49073,0,0,1387,38926,1089,31208,1387,70134,California
Solano,2021-02-25,2406,103874,1448,53843,958,50031,0,0,1316,39158,1084,32292,1316,71450,California
Solano,2021-02-26,3186,107060,2028,55871,1158,51189,0,0,1866,39709,1315,33607,1866,73316,California
Solano,2021-02-27,3667,110727,1387,57258,2279,53468,1,1,2967,41985,692,34299,2968,76284,California
Solano,2021-02-28,1372,112099,1041,58299,331,53799,0,1,1093,42803,276,34575,1094,77378,California
Solano,2021-03-01,2454,114553,1062,59361,1391,55190,1,2,1850,44054,600,35175,1851,79229,California
Solano,2021-03-02,2230,116783,1400,60761,830,56020,0,2,1291,44406,939,36114,1291,80520,California
Solano,2021-03-03,2216,118999,1258,62019,958,56978,0,2,1379,44957,829,36943,1380,81900,California
Solano,2021-03-04,4364,123363,3420,65439,942,57920,2,4,3145,46898,1209,38152,3150,85050,California
Solano,2021-03-05,4919,128282,1681,67120,3233,61153,5,9,3952,49898,957,39109,3957,89007,California
Solano,2021-03-06,3841,132123,831,67951,2971,64124,39,48,2644,51394,1187,40296,2683,91690,California
Solano,2021-03-07,3562,135685,756,68707,2796,66920,10,58,1964,51783,1586,41882,1975,93665,California
Solano,2021-03-08,2127,137812,1331,70038,526,67446,270,328,1609,53148,512,42394,1877,95542,California
Solano,2021-03-09,3219,141031,1568,71606,1597,69043,54,382,2316,54613,902,43296,2367,97909,California
Solano,2021-03-10,2417,143448,1760,73366,571,69614,86,468,1270,54824,1143,44439,1354,99263,California
Solano,2021-03-11,6011,149459,1752,75118,4005,73619,254,722,4961,58993,1046,45485,5215,104478,California
Solano,2021-03-12,5990,155449,1562,76680,4251,77870,177,899,3165,59514,2821,48306,3342,107820,California
Solano,2021-03-13,4576,160025,803,77483,3689,81559,84,983,2237,59505,2332,50638,2323,110143,California
Solano,2021-03-14,3994,164019,3118,80601,423,81982,453,1436,1638,59242,2351,52989,2088,112231,California
Solano,2021-03-15,4011,168030,2451,83052,1241,83223,319,1755,2513,60583,1490,54479,2831,115062,California
Solano,2021-03-16,3084,171114,1324,84376,1526,84749,234,1989,1568,60874,1511,55990,1802,116864,California
Solano,2021-03-17,6362,177476,1665,86041,4606,89355,91,2080,4897,64400,1462,57452,4988,121852,California
Solano,2021-03-18,5190,182666,1840,87881,3312,92667,38,2118,3818,66892,1364,58816,3856,125708,California
Solano,2021-03-19,3541,186207,2619,90500,849,93516,73,2191,1805,67043,1728,60544,1879,127587,California
Solano,2021-03-20,5526,191733,1667,92167,3805,97321,54,2245,2831,67242,2686,63230,2885,130472,California
Solano,2021-03-21,1668,193401,1563,93730,81,97402,24,2269,854,67307,811,64041,876,131348,California
Solano,2021-03-22,2665,196066,2035,95765,580,97982,50,2319,1667,68028,992,65033,1713,133061,California
Solano,2021-03-23,3508,199574,1665,97430,1801,99783,42,2361,1411,67387,2093,67126,1452,134513,California
Solano,2021-03-24,2817,202391,1763,99193,1019,100802,35,2396,1369,67348,1442,68568,1403,135916,California
Solano,2021-03-25,4855,207246,3979,103172,841,101643,35,2431,2279,67091,2572,71140,2315,138231,California
Solano,2021-03-26,3216,210462,2088,105260,1092,102735,36,2467,1735,67391,1472,72612,1772,140003,California
Solano,2021-03-27,4190,214652,1149,106409,3004,105739,37,2504,1793,66830,2391,75003,1830,141833,California
Solano,2021-03-28,1415,216067,1105,107514,292,106031,18,2522,548,66533,863,75866,566,142399,California
Solano,2021-03-29,3495,219562,2040,109554,1438,107469,17,2539,1582,66232,1900,77766,1599,143998,California
Solano,2021-03-30,3004,222566,2011,111565,903,108372,90,2629,1867,67054,1136,78902,1958,145956,California
Solano,2021-03-31,3127,225693,2131,113696,838,109210,158,2787,1837,67759,1287,80189,1992,147948,California
Solano,2021-04-01,5535,231228,2106,115802,3283,112493,146,2933,3500,69385,2023,82212,3649,151597,California
Solano,2021-04-02,6574,237802,2219,118021,4188,116681,167,3100,2545,68088,4014,86226,2717,154314,California
Solano,2021-04-03,1531,239333,965,118986,412,117093,154,3254,566,67845,963,87189,720,155034,California
Solano,2021-04-04,779,240112,287,119273,190,117283,302,3556,240,67852,535,87724,542,155576,California
Solano,2021-04-05,2981,243093,2038,121311,737,118020,206,3762,1513,68108,1466,89190,1722,157298,California
Solano,2021-04-06,5987,249080,1626,122937,3871,121891,490,4252,1625,65868,4356,93546,2116,159414,California
Solano,2021-04-07,5882,254962,4554,127491,935,122826,393,4645,3348,67093,2517,96063,3742,163156,California
Solano,2021-04-08,6408,261370,1782,129273,3770,126596,856,5501,1804,65169,4576,100639,2652,165808,California
Solano,2021-04-09,6244,267614,1657,130930,3746,130342,841,6342,1517,62817,4704,105343,2352,168160,California
Solano,2021-04-10,1718,269332,949,131879,449,130791,320,6662,793,63005,924,106267,1112,169272,California
Solano,2021-04-11,1226,270558,760,132639,337,131128,129,6791,637,63185,586,106853,766,170038,California
Solano,2021-04-12,3250,273808,1669,134308,1223,132351,358,7149,1341,62978,1904,108757,1697,171735,California
Solano,2021-04-13,2528,276336,1090,135398,1437,133788,1,7150,1324,63103,1200,109957,1325,173060,California
Solano,2021-04-14,6443,282779,1945,137343,4498,138286,0,7150,1851,60370,4585,114542,1852,174912,California
Solano,2021-04-15,5669,288448,2137,139480,3532,141818,0,7150,1720,58154,3936,118478,1720,176632,California
Solano,2021-04-16,3663,292111,2573,142053,1088,142906,2,7152,2277,59054,1379,119857,2279,178911,California
Solano,2021-04-17,3254,295365,1059,143112,2195,145101,0,7152,1129,58067,2117,121974,1130,180041,California
Solano,2021-04-18,1005,296370,611,143723,394,145495,0,7152,530,58123,474,122448,530,180571,California
Solano,2021-04-19,2108,298478,1161,144884,947,146442,0,7152,1173,58369,929,123377,1175,181746,California
Solano,2021-04-20,3011,301489,1836,146720,1175,147617,0,7152,1678,58718,1329,124706,1678,183424,California
Solano,2021-04-21,3557,305046,2328,149048,1229,148846,0,7152,1785,58737,1766,126472,1785,185209,California
Solano,2021-04-22,2919,307965,1474,150522,1445,150291,0,7152,1773,59366,1144,127616,1773,186982,California
Solano,2021-04-23,4130,312095,2073,152595,2057,152348,0,7152,2475,60195,1647,129263,2476,189458,California
Solano,2021-04-24,3812,315907,2280,154875,1530,153878,2,7154,2520,61513,1204,130467,2522,191980,California
Solano,2021-04-25,1431,317338,1117,155992,314,154192,0,7154,1131,62351,293,130760,1131,193111,California
Solano,2021-04-26,2457,319795,1595,157587,858,155050,4,7158,1315,62540,1130,131890,1319,194430,California
Solano,2021-04-27,2503,322298,1244,158831,1235,156285,24,7182,1431,62931,1066,132956,1457,195887,California
Solano,2021-04-28,5158,327456,4180,163011,932,157217,46,7228,3188,64204,1961,134917,3234,199121,California
Solano,2021-04-29,4145,331601,1259,164270,2855,160072,31,7259,1685,63469,2451,137368,1716,200837,California
Solano,2021-04-30,4024,335625,2186,166456,1706,161778,132,7391,1872,63333,2140,139508,2004,202841,California
Solano,2021-05-01,2170,337795,1672,168128,298,162076,200,7591,1294,63955,872,140380,1494,204335,California
Solano,2021-05-02,1192,338987,934,169062,234,162310,24,7615,669,64130,518,140898,693,205028,California
Solano,2021-05-03,1446,340433,1004,170066,354,162664,88,7703,591,63956,854,141752,680,205708,California
Solano,2021-05-04,1784,342217,1041,171107,678,163342,65,7768,799,63836,984,142736,864,206572,California
Solano,2021-05-05,2248,344465,1408,172515,729,164071,111,7879,1082,63866,1161,143897,1191,207763,California
Solano,2021-05-06,1933,346398,1175,173690,585,164656,173,8052,706,63526,1219,145116,879,208642,California
Solano,2021-05-07,2730,349128,1880,175570,735,165391,115,8167,951,62816,1774,146890,1064,209706,California
Solano,2021-05-08,1368,350496,828,176398,425,165816,115,8282,474,62514,891,147781,589,210295,California
Solano,2021-05-09,417,350913,242,176640,164,165980,11,8293,157,62425,258,148039,169,210464,California
Solano,2021-05-10,1323,352236,607,177247,614,166594,102,8395,387,61982,933,148972,490,210954,California
Solano,2021-05-11,2222,354458,1113,178360,1023,167617,86,8481,614,61079,1603,150575,700,211654,California
Solano,2021-05-12,2043,356501,1151,179511,725,168342,167,8648,680,60573,1351,151926,845,212499,California
Solano,2021-05-13,2762,359263,1953,181464,637,168979,172,8820,1451,60887,1309,153235,1623,214122,California
Solano,2021-05-14,2339,361602,1566,183030,660,169639,113,8933,994,60660,1334,154569,1107,215229,California
Solano,2021-05-15,2699,364301,2153,185183,483,170122,63,8996,1055,60145,1633,156202,1118,216347,California
Solano,2021-05-16,1480,365781,1094,186277,355,170477,31,9027,249,59195,1229,157431,279,216626,California
Solano,2021-05-17,2359,368140,1365,187642,916,171393,78,9105,903,58733,1441,158872,979,217605,California
Solano,2021-05-18,2042,370182,975,188617,1014,172407,53,9158,962,58676,1073,159945,1016,218621,California
Solano,2021-05-19,2805,372987,1678,190295,1054,173461,73,9231,1334,58619,1466,161411,1409,220030,California
Sonoma,2020-12-15,4,4,4,4,0,0,0,0,4,4,0,0,4,4,California
Sonoma,2020-12-16,27,31,27,31,0,0,0,0,27,31,0,0,27,31,California
Sonoma,2020-12-17,103,134,103,134,0,0,0,0,103,134,0,0,103,134,California
Sonoma,2020-12-18,421,555,421,555,0,0,0,0,421,555,0,0,421,555,California
Sonoma,2020-12-19,111,666,110,665,1,1,0,0,111,666,0,0,111,666,California
Sonoma,2020-12-20,174,840,174,839,0,1,0,0,174,840,0,0,174,840,California
Sonoma,2020-12-21,911,1751,909,1748,2,3,0,0,910,1750,0,0,910,1750,California
Sonoma,2020-12-22,1356,3107,1265,3013,91,94,0,0,1356,3106,0,0,1356,3106,California
Sonoma,2020-12-23,1607,4714,1231,4244,376,470,0,0,1608,4714,0,0,1608,4714,California
Sonoma,2020-12-24,305,5019,101,4345,204,674,0,0,305,5019,0,0,305,5019,California
Sonoma,2020-12-25,8,5027,2,4347,6,680,0,0,8,5027,0,0,8,5027,California
Sonoma,2020-12-26,268,5295,257,4604,11,691,0,0,268,5295,0,0,268,5295,California
Sonoma,2020-12-27,93,5388,80,4684,13,704,0,0,93,5388,0,0,93,5388,California
Sonoma,2020-12-28,988,6376,554,5238,434,1138,0,0,959,6347,0,0,959,6347,California
Sonoma,2020-12-29,1127,7503,775,6013,352,1490,0,0,1094,7441,0,0,1094,7441,California
Sonoma,2020-12-30,1093,8596,479,6492,614,2104,0,0,1085,8526,0,0,1085,8526,California
Sonoma,2020-12-31,517,9113,71,6563,446,2550,0,0,518,9044,0,0,518,9044,California
Sonoma,2021-01-01,12,9125,6,6569,6,2556,0,0,12,9056,0,0,12,9056,California
Sonoma,2021-01-02,132,9257,126,6695,6,2562,0,0,132,9188,0,0,132,9188,California
Sonoma,2021-01-03,25,9282,11,6706,14,2576,0,0,25,9213,0,0,25,9213,California
Sonoma,2021-01-04,341,9623,105,6811,236,2812,0,0,340,9553,0,0,340,9553,California
Sonoma,2021-01-05,438,10061,103,6914,335,3147,0,0,414,9952,15,15,414,9967,California
Sonoma,2021-01-06,947,11008,432,7346,515,3662,0,0,836,10683,105,120,836,10803,California
Sonoma,2021-01-07,1031,12039,534,7880,497,4159,0,0,862,11377,168,288,862,11665,California
Sonoma,2021-01-08,1792,13831,1234,9114,558,4717,0,0,1319,12225,471,759,1319,12984,California
Sonoma,2021-01-09,639,14470,402,9516,237,4954,0,0,591,12768,48,807,591,13575,California
Sonoma,2021-01-10,472,14942,461,9977,11,4965,0,0,278,12852,194,1001,278,13853,California
Sonoma,2021-01-11,1386,16328,1239,11216,147,5112,0,0,414,12299,967,1968,414,14267,California
Sonoma,2021-01-12,1546,17874,1293,12509,253,5365,0,0,395,11545,1149,3117,395,14662,California
Sonoma,2021-01-13,2044,19918,1367,13876,677,6042,0,0,1180,11865,861,3978,1181,15843,California
Sonoma,2021-01-14,1530,21448,800,14676,730,6772,0,0,1300,12935,230,4208,1300,17143,California
Sonoma,2021-01-15,1567,23015,637,15313,930,7702,0,0,1347,14072,211,4419,1348,18491,California
Sonoma,2021-01-16,1145,24160,617,15930,528,8230,0,0,898,14727,243,4662,898,19389,California
Sonoma,2021-01-17,670,24830,549,16479,121,8351,0,0,590,15237,80,4742,590,19979,California
Sonoma,2021-01-18,1108,25938,934,17413,174,8525,0,0,617,15364,491,5233,618,20597,California
Sonoma,2021-01-19,2100,28038,1006,18419,1094,9619,0,0,1390,16047,708,5941,1391,21988,California
Sonoma,2021-01-20,2080,30118,628,19047,1452,11071,0,0,1418,16814,652,6593,1419,23407,California
Sonoma,2021-01-21,2265,32383,648,19695,1617,12688,0,0,2046,18644,217,6810,2047,25454,California
Sonoma,2021-01-22,2742,35125,1044,20739,1698,14386,0,0,2594,21091,147,6957,2594,28048,California
Sonoma,2021-01-23,768,35893,593,21332,175,14561,0,0,660,21644,107,7064,660,28708,California
Sonoma,2021-01-24,852,36745,716,22048,136,14697,0,0,836,22464,16,7080,836,29544,California
Sonoma,2021-01-25,2173,38918,520,22568,1653,16350,0,0,1686,23663,487,7567,1686,31230,California
Sonoma,2021-01-26,2017,40935,302,22870,1715,18065,0,0,1562,24771,454,8021,1562,32792,California
Sonoma,2021-01-27,3704,44639,1282,24152,2422,20487,0,0,3131,27334,571,8592,3134,35926,California
Sonoma,2021-01-28,4120,48759,1848,26000,2272,22759,0,0,3448,30114,669,9261,3449,39375,California
Sonoma,2021-01-29,2969,51728,1412,27412,1557,24316,0,0,2134,31416,833,10094,2135,41510,California
Sonoma,2021-01-30,2585,54313,2396,29808,189,24505,0,0,2243,33318,342,10436,2244,43754,California
Sonoma,2021-01-31,777,55090,665,30473,112,24617,0,0,579,33700,197,10633,579,44333,California
Sonoma,2021-02-01,2507,57597,884,31357,1623,26240,0,0,2101,35398,403,11036,2101,46434,California
Sonoma,2021-02-02,3528,61125,1373,32730,2155,28395,0,0,2958,37788,568,11604,2958,49392,California
Sonoma,2021-02-03,4042,65167,1324,34054,2718,31113,0,0,3111,39971,928,12532,3111,52503,California
Sonoma,2021-02-04,4216,69383,1725,35779,2491,33604,0,0,3425,42608,789,13321,3426,55929,California
Sonoma,2021-02-05,4818,74201,1741,37520,3077,36681,0,0,3796,45387,1018,14339,3797,59726,California
Sonoma,2021-02-06,2661,76862,2300,39820,361,37042,0,0,2100,46927,560,14899,2100,61826,California
Sonoma,2021-02-07,1538,78400,1403,41223,135,37177,0,0,1286,47961,252,15151,1286,63112,California
Sonoma,2021-02-08,3259,81659,1034,42257,2225,39402,0,0,2676,50055,582,15733,2676,65788,California
Sonoma,2021-02-09,3573,85232,1702,43959,1871,41273,0,0,3093,52671,478,16211,3094,68882,California
Sonoma,2021-02-10,4545,89777,2481,46440,2064,43337,0,0,3537,55207,1002,17213,3538,72420,California
Sonoma,2021-02-11,5578,95355,3018,49458,2560,45897,0,0,4392,58415,1184,18397,4392,76812,California
Sonoma,2021-02-12,5906,101261,3246,52704,2660,48557,0,0,4480,61476,1422,19819,4483,81295,California
Sonoma,2021-02-13,1986,103247,1152,53856,834,49391,0,0,1201,61895,782,20601,1201,82496,California
Sonoma,2021-02-14,2317,105564,1823,55679,494,49885,0,0,1569,62717,747,21348,1569,84065,California
Sonoma,2021-02-15,2140,107704,791,56470,1349,51234,0,0,1605,63788,534,21882,1605,85670,California
Sonoma,2021-02-16,4901,112605,2054,58524,2847,54081,0,0,3643,66178,1254,23136,3644,89314,California
Sonoma,2021-02-17,5599,118204,2899,61423,2700,56781,0,0,3572,67733,2019,25155,3574,92888,California
Sonoma,2021-02-18,6925,125129,3130,64553,3795,60576,0,0,3999,68815,2918,28073,4000,96888,California
Sonoma,2021-02-19,5521,130650,1667,66220,3854,64430,0,0,3421,70142,2095,30168,3422,100310,California
Sonoma,2021-02-20,3120,133770,2840,69060,280,64710,0,0,1217,69462,1897,32065,1217,101527,California
Sonoma,2021-02-21,534,134304,426,69486,108,64818,0,0,141,69213,390,32455,141,101668,California
Sonoma,2021-02-22,2879,137183,1357,70843,1522,66340,0,0,1197,68733,1677,34132,1197,102865,California
Sonoma,2021-02-23,3373,140556,2078,72921,1295,67635,0,0,1624,68612,1745,35877,1624,104489,California
Sonoma,2021-02-24,5642,146198,2546,75467,3096,70731,0,0,2918,68812,2719,38596,2919,107408,California
Sonoma,2021-02-25,5798,151996,2240,77707,3558,74289,0,0,3111,69257,2666,41262,3111,110519,California
Sonoma,2021-02-26,6263,158259,2758,80465,3505,77794,0,0,3971,70942,2286,43548,3971,114490,California
Sonoma,2021-02-27,4036,162295,1914,82379,2122,79916,0,0,2690,72288,1344,44892,2690,117180,California
Sonoma,2021-02-28,2338,164633,1853,84232,485,80401,0,0,612,71193,1707,46599,612,117792,California
Sonoma,2021-03-01,3751,168384,1141,85373,2610,83011,0,0,1887,71227,1854,48453,1888,119680,California
Sonoma,2021-03-02,4382,172766,1510,86883,2872,85883,0,0,2558,71969,1816,50269,2558,122238,California
Sonoma,2021-03-03,5061,177827,2642,89525,2419,88302,0,0,2333,71581,2721,52990,2333,124571,California
Sonoma,2021-03-04,5936,183763,2676,92201,3260,91562,0,0,2576,70811,3346,56336,2576,127147,California
Sonoma,2021-03-05,6471,190234,2851,95052,3605,95167,15,15,2738,69848,3717,60053,2754,129901,California
Sonoma,2021-03-06,2790,193024,1221,96273,1434,96601,135,150,1919,71037,864,60917,2053,131954,California
Sonoma,2021-03-07,1710,194734,1398,97671,277,96878,35,185,381,70126,1327,62244,416,132370,California
Sonoma,2021-03-08,4064,198798,662,98333,3227,100105,175,360,2391,71028,1662,63906,2564,134934,California
Sonoma,2021-03-09,5570,204368,3079,101412,2248,102353,243,603,2749,71206,2814,66720,2992,137926,California
Sonoma,2021-03-10,5990,210358,3200,104612,2462,104815,328,931,2428,70413,3548,70268,2755,140681,California
Sonoma,2021-03-11,7535,217893,3002,107614,3712,108527,821,1752,2568,68846,4957,75225,3390,144071,California
Sonoma,2021-03-12,7398,225291,2266,109880,3771,112298,1361,3113,2105,67033,5274,80499,3461,147532,California
Sonoma,2021-03-13,3416,228707,1706,111586,1474,113772,236,3349,2015,67881,1400,81899,2248,149780,California
Sonoma,2021-03-14,1381,230088,384,111970,856,114628,141,3490,843,68329,535,82434,983,150763,California
Sonoma,2021-03-15,5230,235318,1506,113476,3339,117967,385,3875,2195,67881,3026,85460,2578,153341,California
Sonoma,2021-03-16,6281,241599,2245,115721,3805,121772,231,4106,2903,67641,3372,88832,3132,156473,California
Sonoma,2021-03-17,6748,248347,3525,119246,3043,124815,180,4286,3280,67644,3456,92288,3459,159932,California
Sonoma,2021-03-18,7131,255478,2939,122185,3576,128391,616,4902,3182,67498,3940,96228,3794,163726,California
Sonoma,2021-03-19,7491,262969,3241,125426,4019,132410,231,5133,3194,66650,4278,100506,3430,167156,California
Sonoma,2021-03-20,3699,266668,1745,127171,1125,133535,829,5962,2022,67827,1670,102176,2847,170003,California
Sonoma,2021-03-21,1384,268052,602,127773,749,134284,33,5995,1215,68910,165,102341,1248,171251,California
Sonoma,2021-03-22,4535,272587,3103,130876,1329,135613,103,6098,3423,71329,1107,103448,3526,174777,California
Sonoma,2021-03-23,5829,278416,3628,134504,2125,137738,76,6174,4409,74404,1410,104858,4485,179262,California
Sonoma,2021-03-24,6787,285203,4272,138776,2449,140187,66,6240,4154,76008,2615,107473,4219,183481,California
Sonoma,2021-03-25,7016,292219,4195,142971,2713,142900,108,6348,4246,77617,2746,110219,4355,187836,California
Sonoma,2021-03-26,7306,299525,3453,146424,3761,146661,92,6440,3790,78000,3499,113718,3882,191718,California
Sonoma,2021-03-27,3840,303365,1503,147927,1975,148636,362,6802,1117,76764,2716,116434,1480,193198,California
Sonoma,2021-03-28,1509,304874,949,148876,533,149169,27,6829,942,77169,564,116998,969,194167,California
Sonoma,2021-03-29,2902,307776,1100,149976,1769,150938,33,6862,1614,77534,1282,118280,1647,195814,California
Sonoma,2021-03-30,5791,313567,3191,153167,2538,153476,62,6924,3004,77821,2781,121061,3068,198882,California
Sonoma,2021-03-31,5589,319156,3398,156565,1976,155452,215,7139,3214,78890,2362,123423,3431,202313,California
Sonoma,2021-04-01,6747,325903,4018,160583,2392,157844,337,7476,3610,79719,3115,126538,3944,206257,California
Sonoma,2021-04-02,5927,331830,3551,164134,2267,160111,109,7585,3557,81027,2364,128902,3672,209929,California
Sonoma,2021-04-03,3668,335498,1850,165984,1593,161704,225,7810,1577,80750,2079,130981,1802,211731,California
Sonoma,2021-04-04,1062,336560,692,166676,279,161983,91,7901,658,81099,400,131381,749,212480,California
Sonoma,2021-04-05,4393,340953,619,167295,3433,165416,341,8242,1650,80353,2736,134117,1990,214470,California
Sonoma,2021-04-06,6861,347814,3474,170769,2982,168398,405,8647,3976,81861,2871,136988,4379,218849,California
Sonoma,2021-04-07,6768,354582,3818,174587,2115,170513,835,9482,3285,82502,3474,140462,4115,222964,California
Sonoma,2021-04-08,7504,362086,4100,178687,2633,173146,771,10253,4082,83938,3412,143874,4848,227812,California
Sonoma,2021-04-09,6781,368867,3770,182457,2128,175274,883,11136,3484,85016,3284,147158,4362,232174,California
Sonoma,2021-04-10,3874,372741,1686,184143,1634,176908,554,11690,1130,83961,2734,149892,1679,233853,California
Sonoma,2021-04-11,1282,374023,607,184750,593,177501,82,11772,436,83634,845,150737,518,234371,California
Sonoma,2021-04-12,4929,378952,2051,186801,2397,179898,481,12253,1840,82869,3079,153816,2314,236685,California
Sonoma,2021-04-13,7801,386753,4619,191420,3180,183078,2,12255,2960,81001,4830,158646,2962,239647,California
Sonoma,2021-04-14,6546,393299,3731,195151,2795,185873,20,12275,2529,79546,4003,162649,2548,242195,California
Sonoma,2021-04-15,7220,400519,4095,199246,3125,188998,0,12275,3567,79470,3643,166292,3567,245762,California
Sonoma,2021-04-16,6790,407309,3408,202654,3380,192378,2,12277,3849,80385,2936,169228,3851,249613,California
Sonoma,2021-04-17,3142,410451,1536,204190,1606,193984,0,12277,1531,80318,1599,170827,1532,251145,California
Sonoma,2021-04-18,1268,411719,875,205065,393,194377,0,12277,432,79915,835,171662,432,251577,California
Sonoma,2021-04-19,3310,415029,1872,206937,1437,195814,1,12278,1451,79512,1855,173517,1452,253029,California
Sonoma,2021-04-20,6264,421293,3460,210397,2804,198618,0,12278,2369,77999,3883,177400,2370,255399,California
Sonoma,2021-04-21,6493,427786,4209,214606,2282,200900,2,12280,2959,77441,3518,180918,2960,258359,California
Sonoma,2021-04-22,6173,433959,4457,219063,1716,202616,0,12280,2504,76291,3654,184572,2504,260863,California
Sonoma,2021-04-23,7381,441340,4616,223679,2759,205375,6,12286,3700,76329,3669,188241,3707,264570,California
Sonoma,2021-04-24,2751,444091,1495,225174,1242,206617,14,12300,1555,76705,1193,189434,1569,266139,California
Sonoma,2021-04-25,1082,445173,785,225959,297,206914,0,12300,431,76488,648,190082,431,266570,California
Sonoma,2021-04-26,2758,447931,1287,227246,1443,208357,28,12328,1559,76884,1191,191273,1587,268157,California
Sonoma,2021-04-27,5312,453243,3632,230878,1581,209938,99,12427,2185,76054,3114,194387,2284,270441,California
Sonoma,2021-04-28,4861,458104,3198,234076,1468,211406,195,12622,2104,75608,2740,197127,2294,272735,California
Sonoma,2021-04-29,4816,462920,3431,237507,1240,212646,145,12767,1758,74461,3050,200177,1903,274638,California
Sonoma,2021-04-30,5436,468356,3621,241128,1522,214168,293,13060,1816,72960,3609,203786,2108,276746,California
Sonoma,2021-05-01,2472,470828,1777,242905,589,214757,106,13166,1238,73074,1227,205013,1341,278087,California
Sonoma,2021-05-02,863,471691,643,243548,169,214926,51,13217,553,73369,310,205323,605,278692,California
Sonoma,2021-05-03,3177,474868,1680,245228,1352,216278,145,13362,1055,72454,2113,207436,1198,279890,California
Sonoma,2021-05-04,4573,479441,2404,247632,1992,218270,177,13539,1474,71020,3081,210517,1647,281537,California
Sonoma,2021-05-05,3668,483109,2185,249817,1290,219560,193,13732,1318,70189,2340,212857,1509,283046,California
Sonoma,2021-05-06,4499,487608,2406,252223,1966,221526,127,13859,1369,68567,3116,215973,1494,284540,California
Sonoma,2021-05-07,3584,491192,2310,254533,1152,222678,122,13981,1083,67279,2493,218466,1205,285745,California
Sonoma,2021-05-08,1846,493038,1256,255789,498,223176,92,14073,755,67039,1087,219553,847,286592,California
Sonoma,2021-05-09,513,493551,296,256085,176,223352,41,14114,184,66938,326,219879,225,286817,California
Sonoma,2021-05-10,2297,495848,1035,257120,1129,224481,133,14247,281,65346,2003,221882,411,287228,California
Sonoma,2021-05-11,3500,499348,1896,259016,1489,225970,115,14362,950,63872,2539,224421,1065,288293,California
Sonoma,2021-05-12,3901,503249,2437,261453,1329,227299,135,14497,869,61852,3024,227445,1004,289297,California
Sonoma,2021-05-13,4577,507826,2691,264144,1769,229068,117,14614,1556,60513,3010,230455,1671,290968,California
Sonoma,2021-05-14,5789,513615,3585,267729,2063,231131,141,14755,2210,59301,3564,234019,2352,293320,California
Sonoma,2021-05-15,2703,516318,1975,269704,666,231797,62,14817,1763,60192,933,234952,1824,295144,California
Sonoma,2021-05-16,877,517195,677,270381,155,231952,45,14862,565,60492,310,235262,610,295754,California
Sonoma,2021-05-17,2368,519563,1783,272164,509,232461,76,14938,940,60088,1420,236682,1016,296770,California
Sonoma,2021-05-18,3657,523220,2467,274631,1132,233593,58,14996,1226,58958,2414,239096,1284,298054,California
Sonoma,2021-05-19,2396,525616,1535,276166,806,234399,55,15051,961,58546,1429,240525,1017,299071,California
Stanislaus,2020-12-15,3,3,3,3,0,0,0,0,3,3,0,0,3,3,California
Stanislaus,2020-12-16,37,40,37,40,0,0,0,0,37,40,0,0,37,40,California
Stanislaus,2020-12-17,74,114,74,114,0,0,0,0,74,114,0,0,74,114,California
Stanislaus,2020-12-18,338,452,332,446,6,6,0,0,338,452,0,0,338,452,California
Stanislaus,2020-12-19,134,586,134,580,0,6,0,0,134,586,0,0,134,586,California
Stanislaus,2020-12-20,85,671,85,665,0,6,0,0,85,671,0,0,85,671,California
Stanislaus,2020-12-21,999,1670,998,1663,1,7,0,0,998,1669,0,0,998,1669,California
Stanislaus,2020-12-22,795,2465,783,2446,12,19,0,0,795,2464,0,0,795,2464,California
Stanislaus,2020-12-23,448,2913,430,2876,18,37,0,0,447,2911,0,0,447,2911,California
Stanislaus,2020-12-24,97,3010,88,2964,9,46,0,0,97,3008,0,0,97,3008,California
Stanislaus,2020-12-26,51,3061,8,2972,43,89,0,0,51,3059,0,0,51,3059,California
Stanislaus,2020-12-27,11,3072,6,2978,5,94,0,0,11,3070,0,0,11,3070,California
Stanislaus,2020-12-28,489,3561,395,3373,94,188,0,0,489,3559,0,0,489,3559,California
Stanislaus,2020-12-29,495,4056,416,3789,79,267,0,0,495,4054,0,0,495,4054,California
Stanislaus,2020-12-30,534,4590,279,4068,255,522,0,0,533,4586,1,1,533,4587,California
Stanislaus,2020-12-31,276,4866,157,4225,119,641,0,0,276,4862,0,1,276,4863,California
Stanislaus,2021-01-01,12,4878,4,4229,8,649,0,0,12,4874,0,1,12,4875,California
Stanislaus,2021-01-02,33,4911,26,4255,7,656,0,0,33,4907,0,1,33,4908,California
Stanislaus,2021-01-03,90,5001,87,4342,3,659,0,0,90,4997,0,1,90,4998,California
Stanislaus,2021-01-04,231,5232,151,4493,80,739,0,0,231,5228,0,1,231,5229,California
Stanislaus,2021-01-05,834,6066,343,4836,491,1230,0,0,810,6022,23,24,817,6046,California
Stanislaus,2021-01-06,1004,7070,600,5436,404,1634,0,0,931,6885,70,94,933,6979,California
Stanislaus,2021-01-07,1082,8152,706,6142,376,2010,0,0,891,7593,185,279,893,7872,California
Stanislaus,2021-01-08,1279,9431,723,6865,556,2566,0,0,937,8196,339,618,942,8814,California
Stanislaus,2021-01-09,286,9717,141,7006,145,2711,0,0,196,8302,90,708,196,9010,California
Stanislaus,2021-01-10,48,9765,21,7027,27,2738,0,0,29,8312,19,727,29,9039,California
Stanislaus,2021-01-11,1526,11291,1247,8274,279,3017,0,0,599,8007,922,1649,617,9656,California
Stanislaus,2021-01-12,1471,12762,865,9139,606,3623,0,0,832,8213,635,2284,841,10497,California
Stanislaus,2021-01-13,1443,14205,687,9826,756,4379,0,0,1121,9021,322,2606,1130,11627,California
Stanislaus,2021-01-14,2234,16439,282,10108,1952,6331,0,0,2066,10988,165,2771,2132,13759,California
Stanislaus,2021-01-15,2825,19264,1160,11268,1665,7996,0,0,2672,13591,149,2920,2752,16511,California
Stanislaus,2021-01-16,472,19736,51,11319,421,8417,0,0,455,14032,16,2936,457,16968,California
Stanislaus,2021-01-17,245,19981,203,11522,42,8459,0,0,238,14264,6,2942,238,17206,California
Stanislaus,2021-01-18,2188,22169,1027,12549,1161,9620,0,0,1805,15759,378,3320,1873,19079,California
Stanislaus,2021-01-19,1252,23421,723,13272,529,10149,0,0,806,16123,443,3763,807,19886,California
Stanislaus,2021-01-20,1005,24426,488,13760,517,10666,0,0,712,16543,292,4055,712,20598,California
Stanislaus,2021-01-21,3686,28112,2973,16733,713,11379,0,0,3363,19689,321,4376,3467,24065,California
Stanislaus,2021-01-22,1095,29207,309,17042,786,12165,0,0,1050,20702,41,4417,1054,25119,California
Stanislaus,2021-01-23,358,29565,44,17086,314,12479,0,0,300,20946,57,4474,301,25420,California
Stanislaus,2021-01-24,302,29867,101,17187,201,12680,0,0,236,21118,66,4540,238,25658,California
Stanislaus,2021-01-25,3156,33023,228,17415,2928,15608,0,0,2836,23813,284,4824,2979,28637,California
Stanislaus,2021-01-26,1725,34748,745,18160,980,16588,0,0,1300,24710,419,5243,1316,29953,California
Stanislaus,2021-01-27,1892,36640,1053,19213,839,17427,0,0,1188,25239,660,5903,1189,31142,California
Stanislaus,2021-01-28,2213,38853,1515,20728,698,18125,0,0,1724,26540,481,6384,1782,32924,California
Stanislaus,2021-01-29,2435,41288,1192,21920,1243,19368,0,0,1907,28012,483,6867,1955,34879,California
Stanislaus,2021-01-30,292,41580,131,22051,161,19529,0,0,229,28189,52,6919,229,35108,California
Stanislaus,2021-01-31,369,41949,315,22366,54,19583,0,0,353,28529,13,6932,353,35461,California
Stanislaus,2021-02-01,1269,43218,559,22925,710,20293,0,0,920,29111,338,7270,920,36381,California
Stanislaus,2021-02-02,1237,44455,376,23301,861,21154,0,0,780,29449,446,7716,784,37165,California
Stanislaus,2021-02-03,2578,47033,1197,24498,1381,22535,0,0,1901,30687,672,8388,1910,39075,California
Stanislaus,2021-02-04,2106,49139,727,25225,1379,23914,0,0,1585,31772,507,8895,1592,40667,California
Stanislaus,2021-02-05,2845,51984,1466,26691,1379,25293,0,0,1586,32171,1200,10095,1599,42266,California
Stanislaus,2021-02-06,886,52870,302,26993,584,25877,0,0,694,32676,190,10285,695,42961,California
Stanislaus,2021-02-07,231,53101,207,27200,24,25901,0,0,41,32531,187,10472,42,43003,California
Stanislaus,2021-02-08,2031,55132,1331,28531,700,26601,0,0,1099,32753,894,11366,1116,44119,California
Stanislaus,2021-02-09,1836,56968,780,29311,1056,27657,0,0,1043,33031,772,12138,1050,45169,California
Stanislaus,2021-02-10,1934,58902,533,29844,1401,29058,0,0,1011,33142,902,13040,1013,46182,California
Stanislaus,2021-02-11,5383,64285,3266,33110,2117,31175,0,0,1227,30418,3957,16997,1233,47415,California
Stanislaus,2021-02-12,3295,67580,914,34024,2381,33556,0,0,1450,30106,1768,18765,1456,48871,California
Stanislaus,2021-02-13,1351,68931,651,34675,700,34256,0,0,981,30726,365,19130,985,49856,California
Stanislaus,2021-02-14,422,69353,167,34842,255,34511,0,0,354,31014,66,19196,354,50210,California
Stanislaus,2021-02-15,1812,71165,230,35072,1582,36093,0,0,581,30477,1122,20318,585,50795,California
Stanislaus,2021-02-16,1360,72525,421,35493,939,37032,0,0,580,30289,770,21088,582,51377,California
Stanislaus,2021-02-17,2749,75274,1686,37179,1063,38095,0,0,1923,31399,821,21909,1931,53308,California
Stanislaus,2021-02-18,3361,78635,1902,39081,1459,39554,0,0,1790,31721,1487,23396,1809,55117,California
Stanislaus,2021-02-19,2752,81387,1060,40141,1692,41246,0,0,1522,32066,1190,24586,1535,56652,California
Stanislaus,2021-02-20,746,82133,379,40520,367,41613,0,0,471,32282,257,24843,473,57125,California
Stanislaus,2021-02-21,907,83040,692,41212,215,41828,0,0,546,32502,337,25180,557,57682,California
Stanislaus,2021-02-22,2341,85381,1691,42903,650,42478,0,0,1627,33442,688,25868,1628,59310,California
Stanislaus,2021-02-23,3691,89072,678,43581,3013,45491,0,0,1723,33355,1817,27685,1730,61040,California
Stanislaus,2021-02-24,4171,93243,2846,46427,1325,46816,0,0,3116,35437,1037,28722,3119,64159,California
Stanislaus,2021-02-25,3884,97127,2647,49074,1237,48053,0,0,3080,37735,785,29507,3083,67242,California
Stanislaus,2021-02-26,4184,101311,1215,50289,2969,51022,0,0,2827,39269,1303,30810,2837,70079,California
Stanislaus,2021-02-27,2090,103401,708,50997,1381,52403,1,1,1857,40923,205,31015,1859,71938,California
Stanislaus,2021-02-28,819,104220,262,51259,557,52960,0,1,770,41655,39,31054,771,72709,California
Stanislaus,2021-03-01,2768,106988,1629,52888,1138,54098,1,2,1630,42191,1104,32158,1640,74349,California
Stanislaus,2021-03-02,2385,109373,1419,54307,965,55063,1,3,1656,43131,719,32877,1659,76008,California
Stanislaus,2021-03-03,3709,113082,2228,56535,1479,56542,2,5,2905,45249,787,33664,2905,78913,California
Stanislaus,2021-03-04,5433,118515,3102,59637,2315,58857,16,21,4188,48234,1215,34879,4200,83113,California
Stanislaus,2021-03-05,4021,122536,1116,60753,2889,61746,16,37,3053,50361,942,35821,3069,86182,California
Stanislaus,2021-03-06,3573,126109,2225,62978,1255,63001,93,130,2722,52331,847,36668,2817,88999,California
Stanislaus,2021-03-07,848,126957,387,63365,425,63426,36,166,660,52845,182,36850,696,89695,California
Stanislaus,2021-03-08,1987,128944,858,64223,1040,64466,89,255,1327,53618,642,37492,1415,91110,California
Stanislaus,2021-03-09,2183,131127,905,65128,1185,65651,93,348,1639,54822,532,38024,1736,92846,California
Stanislaus,2021-03-10,5062,136189,2499,67627,2341,67992,222,570,3740,57493,1304,39328,3975,96821,California
Stanislaus,2021-03-11,5713,141902,3138,70765,2099,70091,476,1046,4124,60672,1427,40755,4606,101427,California
Stanislaus,2021-03-12,5759,147661,1225,71990,2614,72705,1920,2966,2911,62674,2824,43579,4826,106253,California
Stanislaus,2021-03-13,3380,151041,2180,74170,1132,73837,68,3034,2688,64751,684,44263,2761,109014,California
Stanislaus,2021-03-14,997,152038,595,74765,351,74188,51,3085,489,64789,505,44768,543,109557,California
Stanislaus,2021-03-15,3685,155723,1972,76737,1355,75543,358,3443,1604,64771,1986,46754,1968,111525,California
Stanislaus,2021-03-16,4908,160631,2442,79179,2055,77598,411,3854,3534,67361,1355,48109,3945,115470,California
Stanislaus,2021-03-17,4717,165348,2855,82034,1684,79282,178,4032,2882,68616,1811,49920,3066,118536,California
Stanislaus,2021-03-18,5412,170760,3415,85449,1931,81213,66,4098,2975,69373,2288,52208,3045,121581,California
Stanislaus,2021-03-19,5913,176673,1528,86977,2861,84074,1524,5622,3099,71209,2784,54992,4620,126201,California
Stanislaus,2021-03-20,3838,180511,3003,89980,767,84841,68,5690,3365,74177,466,55458,3434,129635,California
Stanislaus,2021-03-21,984,181495,884,90864,35,84876,65,5755,747,74754,235,55693,812,130447,California
Stanislaus,2021-03-22,2812,184307,1322,92186,765,85641,725,6480,1240,75170,1550,57243,1966,132413,California
Stanislaus,2021-03-23,3943,188250,2018,94204,1665,87306,260,6740,2810,77142,1117,58360,3089,135502,California
Stanislaus,2021-03-24,4537,192787,3212,97416,1257,88563,68,6808,2637,77995,1855,60215,2708,138210,California
Stanislaus,2021-03-25,4231,197018,2905,100321,1310,89873,16,6824,1811,77481,2343,62558,1829,140039,California
Stanislaus,2021-03-26,4713,201731,1333,101654,3305,93178,75,6899,2368,77627,2311,64869,2457,142496,California
Stanislaus,2021-03-27,4347,206078,2718,104372,1580,94758,49,6948,1378,76109,2953,67822,1435,143931,California
Stanislaus,2021-03-28,1102,207180,439,104811,557,95315,106,7054,319,75768,771,68593,430,144361,California
Stanislaus,2021-03-29,2973,210153,1822,106633,1112,96427,39,7093,1983,76816,980,69573,2028,146389,California
Stanislaus,2021-03-30,3666,213819,2054,108687,1585,98012,27,7120,2229,77649,1429,71002,2262,148651,California
Stanislaus,2021-03-31,5400,219219,3829,112516,1453,99465,118,7238,2765,77917,2618,73620,2886,151537,California
Stanislaus,2021-04-01,5729,224948,3833,116349,1806,101271,90,7328,2624,77556,3087,76707,2726,154263,California
Stanislaus,2021-04-02,4998,229946,1213,117562,3633,104904,152,7480,2249,77304,2664,79371,2412,156675,California
Stanislaus,2021-04-03,4544,234490,3300,120862,1207,106111,37,7517,2241,77300,2294,81665,2290,158965,California
Stanislaus,2021-04-04,1319,235809,472,121334,817,106928,30,7547,650,77323,663,82328,686,159651,California
Stanislaus,2021-04-05,3633,239442,2530,123864,854,107782,249,7796,2355,78663,1269,83597,2609,162260,California
Stanislaus,2021-04-06,5739,245181,4162,128026,1303,109085,274,8070,3080,79378,2646,86243,3361,165621,California
Stanislaus,2021-04-07,6345,251526,3598,131624,2327,111412,420,8490,2830,79135,3499,89742,3256,168877,California
Stanislaus,2021-04-08,5672,257198,3320,134944,1921,113333,431,8921,2768,79455,2884,92626,3204,172081,California
Stanislaus,2021-04-09,4817,262015,2105,137049,2341,115674,371,9292,2185,79414,2609,95235,2568,174649,California
Stanislaus,2021-04-10,6482,268497,3983,141032,860,116534,1639,10931,1999,78586,4459,99694,3631,178280,California
Stanislaus,2021-04-11,1524,270021,852,141884,539,117073,133,11064,668,78534,854,100548,802,179082,California
Stanislaus,2021-04-12,3591,273612,2045,143929,1101,118174,445,11509,1875,79162,1700,102248,2328,181410,California
Stanislaus,2021-04-13,5193,278805,3419,147348,1761,119935,13,11522,2922,79857,2233,104481,2928,184338,California
Stanislaus,2021-04-14,4646,283451,3251,150599,1394,121329,1,11523,2256,79759,2359,106840,2261,186599,California
Stanislaus,2021-04-15,5381,288832,3311,153910,2068,123397,2,11525,3238,80893,2107,108947,3241,189840,California
Stanislaus,2021-04-16,4291,293123,991,154901,3299,126696,1,11526,1819,80284,2431,111378,1822,191662,California
Stanislaus,2021-04-17,3139,296262,2105,157006,1034,127730,0,11526,1834,80827,1295,112673,1838,193500,California
Stanislaus,2021-04-18,529,296791,216,157222,313,128043,0,11526,405,81117,117,112790,407,193907,California
Stanislaus,2021-04-19,3446,300237,2444,159666,1001,129044,1,11527,1633,80977,1782,114572,1642,195549,California
Stanislaus,2021-04-20,3978,304215,2416,162082,1562,130606,0,11527,1748,80525,2202,116774,1750,197299,California
Stanislaus,2021-04-21,3814,308029,2551,164633,1262,131868,1,11528,1606,79966,2172,118946,1613,198912,California
Stanislaus,2021-04-22,3943,311972,2402,167035,1541,133409,0,11528,1576,79225,2323,121269,1582,200494,California
Stanislaus,2021-04-23,3591,315563,845,167880,2745,136154,1,11529,1476,78685,2024,123293,1484,201978,California
Stanislaus,2021-04-24,3757,319320,2929,170809,828,136982,0,11529,1764,78480,1976,125269,1771,203749,California
Stanislaus,2021-04-25,932,320252,476,171285,456,137438,0,11529,683,78924,244,125513,688,204437,California
Stanislaus,2021-04-26,3249,323501,2285,173570,958,138396,6,11535,966,77639,2265,127778,980,205417,California
Stanislaus,2021-04-27,3928,327429,2741,176311,1145,139541,42,11577,1108,75991,2799,130577,1151,206568,California
Stanislaus,2021-04-28,4132,331561,2910,179221,1160,140701,62,11639,1809,75567,2307,132884,1883,208451,California
Stanislaus,2021-04-29,3593,335154,2244,181465,1301,142002,48,11687,1412,74870,2166,135050,1469,209920,California
Stanislaus,2021-04-30,4489,339643,2046,183511,2359,144361,84,11771,1777,74037,2702,137752,1869,211789,California
Stanislaus,2021-05-01,2699,342342,1920,185431,739,145100,40,11811,1008,73411,1682,139434,1056,212845,California
Stanislaus,2021-05-02,1071,343413,612,186043,423,145523,36,11847,517,73421,548,139982,558,213403,California
Stanislaus,2021-05-03,2409,345822,1924,187967,415,145938,70,11917,909,72916,1487,141469,982,214385,California
Stanislaus,2021-05-04,3423,349245,2434,190401,901,146839,88,12005,1029,71655,2385,143854,1124,215509,California
Stanislaus,2021-05-05,3155,352400,2118,192519,963,147802,74,12079,1069,70735,2067,145921,1147,216656,California
Stanislaus,2021-05-06,3090,355490,2297,194816,687,148489,106,12185,1014,69803,2059,147980,1127,217783,California
Stanislaus,2021-05-07,2282,357772,886,195702,1254,149743,142,12327,939,69551,1335,149315,1083,218866,California
Stanislaus,2021-05-08,1956,359728,1336,197038,587,150330,33,12360,712,69072,1231,150546,752,219618,California
Stanislaus,2021-05-09,703,360431,335,197373,341,150671,27,12387,305,69007,397,150943,332,219950,California
Stanislaus,2021-05-10,1656,362087,1135,198508,443,151114,78,12465,447,68334,1199,152142,526,220476,California
Stanislaus,2021-05-11,2325,364412,1467,199975,703,151817,155,12620,653,67483,1663,153805,812,221288,California
Stanislaus,2021-05-12,2126,366538,1215,201190,809,152626,102,12722,817,67107,1297,155102,921,222209,California
Stanislaus,2021-05-13,1841,368379,1020,202210,706,153332,115,12837,832,67052,1004,156106,949,223158,California
Stanislaus,2021-05-14,2541,370920,1121,203331,1287,154619,133,12970,1164,66985,1365,157471,1298,224456,California
Stanislaus,2021-05-15,2436,373356,1744,205075,644,155263,48,13018,1177,66966,1251,158722,1232,225688,California
Stanislaus,2021-05-16,989,374345,652,205727,329,155592,8,13026,537,67068,446,159168,548,226236,California
Stanislaus,2021-05-17,1842,376187,1239,206966,524,156116,79,13105,898,67109,941,160109,982,227218,California
Stanislaus,2021-05-18,1713,377900,1131,208097,472,156588,110,13215,857,67227,849,160958,967,228185,California
Stanislaus,2021-05-19,2007,379907,1380,209477,503,157091,124,13339,717,66784,1284,162242,841,229026,California
Sutter,2020-12-15,1,1,1,1,0,0,0,0,1,1,0,0,1,1,California
Sutter,2020-12-16,4,5,4,5,0,0,0,0,4,5,0,0,4,5,California
Sutter,2020-12-17,2,7,2,7,0,0,0,0,2,7,0,0,2,7,California
Sutter,2020-12-18,20,27,20,27,0,0,0,0,20,27,0,0,20,27,California
Sutter,2020-12-19,44,71,44,71,0,0,0,0,44,71,0,0,44,71,California
Sutter,2020-12-20,42,113,42,113,0,0,0,0,42,113,0,0,42,113,California
Sutter,2020-12-21,100,213,100,213,0,0,0,0,100,213,0,0,100,213,California
Sutter,2020-12-22,172,385,172,385,0,0,0,0,172,385,0,0,172,385,California
Sutter,2020-12-23,116,501,111,496,5,5,0,0,116,501,0,0,116,501,California
Sutter,2020-12-24,17,518,11,507,6,11,0,0,17,518,0,0,17,518,California
Sutter,2020-12-26,38,556,34,541,4,15,0,0,38,556,0,0,38,556,California
Sutter,2020-12-27,24,580,23,564,1,16,0,0,24,580,0,0,24,580,California
Sutter,2020-12-28,83,663,55,619,28,44,0,0,83,663,0,0,83,663,California
Sutter,2020-12-29,101,764,14,633,87,131,0,0,101,764,0,0,101,764,California
Sutter,2020-12-30,137,901,34,667,103,234,0,0,137,901,0,0,137,901,California
Sutter,2020-12-31,70,971,6,673,64,298,0,0,70,971,0,0,70,971,California
Sutter,2021-01-01,3,974,3,676,0,298,0,0,3,974,0,0,3,974,California
Sutter,2021-01-02,131,1105,129,805,2,300,0,0,131,1105,0,0,131,1105,California
Sutter,2021-01-03,1,1106,0,805,1,301,0,0,1,1106,0,0,1,1106,California
Sutter,2021-01-04,247,1353,139,944,108,409,0,0,247,1353,0,0,247,1353,California
Sutter,2021-01-05,100,1453,57,1001,43,452,0,0,98,1449,2,2,98,1451,California
Sutter,2021-01-06,204,1657,50,1051,154,606,0,0,199,1643,5,7,199,1650,California
Sutter,2021-01-07,251,1908,151,1202,100,706,0,0,242,1877,8,15,242,1892,California
Sutter,2021-01-08,147,2055,40,1242,107,813,0,0,130,1990,17,32,130,2022,California
Sutter,2021-01-09,46,2101,43,1285,3,816,0,0,5,1954,41,73,5,2027,California
Sutter,2021-01-10,397,2498,37,1322,360,1176,0,0,359,2276,37,110,359,2386,California
Sutter,2021-01-11,132,2630,114,1436,18,1194,0,0,26,2196,106,216,26,2412,California
Sutter,2021-01-12,201,2831,164,1600,37,1231,0,0,58,2111,143,359,58,2470,California
Sutter,2021-01-13,161,2992,98,1698,63,1294,0,0,71,2093,89,448,71,2541,California
Sutter,2021-01-14,145,3137,49,1747,96,1390,0,0,126,2200,19,467,126,2667,California
Sutter,2021-01-15,437,3574,132,1879,305,1695,0,0,422,2607,15,482,422,3089,California
Sutter,2021-01-16,384,3958,41,1920,343,2038,0,0,353,2930,30,512,353,3442,California
Sutter,2021-01-17,26,3984,24,1944,2,2040,0,0,10,2924,16,528,10,3452,California
Sutter,2021-01-18,117,4101,62,2006,55,2095,0,0,70,2947,47,575,70,3522,California
Sutter,2021-01-19,104,4205,43,2049,61,2156,0,0,79,3001,25,600,79,3601,California
Sutter,2021-01-20,254,4459,190,2239,64,2220,0,0,234,3215,20,620,234,3835,California
Sutter,2021-01-21,472,4931,303,2542,169,2389,0,0,453,3649,19,639,453,4288,California
Sutter,2021-01-22,269,5200,81,2623,188,2577,0,0,260,3900,9,648,260,4548,California
Sutter,2021-01-23,396,5596,39,2662,357,2934,0,0,370,4244,26,674,370,4918,California
Sutter,2021-01-24,17,5613,14,2676,3,2937,0,0,15,4257,2,676,15,4933,California
Sutter,2021-01-25,307,5920,197,2873,110,3047,0,0,152,4255,154,830,152,5085,California
Sutter,2021-01-26,248,6168,108,2981,140,3187,0,0,144,4296,103,933,144,5229,California
Sutter,2021-01-27,386,6554,255,3236,131,3318,0,0,320,4550,66,999,320,5549,California
Sutter,2021-01-28,524,7078,301,3537,223,3541,0,0,394,4815,129,1128,394,5943,California
Sutter,2021-01-29,419,7497,146,3683,273,3814,0,0,254,4904,165,1293,254,6197,California
Sutter,2021-01-30,775,8272,38,3721,737,4551,0,0,764,5657,11,1304,764,6961,California
Sutter,2021-01-31,27,8299,27,3748,0,4551,0,0,27,5684,0,1304,27,6988,California
Sutter,2021-02-01,166,8465,50,3798,116,4667,0,0,135,5788,31,1335,135,7123,California
Sutter,2021-02-02,244,8709,27,3825,217,4884,0,0,212,5968,32,1367,212,7335,California
Sutter,2021-02-03,443,9152,38,3863,405,5289,0,0,210,5945,233,1600,210,7545,California
Sutter,2021-02-04,670,9822,366,4229,304,5593,0,0,620,6515,50,1650,620,8165,California
Sutter,2021-02-05,286,10108,33,4262,253,5846,0,0,137,6503,149,1799,137,8302,California
Sutter,2021-02-06,735,10843,29,4291,706,6552,0,0,713,7194,22,1821,713,9015,California
Sutter,2021-02-07,23,10866,20,4311,3,6555,0,0,19,7209,4,1825,19,9034,California
Sutter,2021-02-08,134,11000,29,4340,105,6660,0,0,98,7271,36,1861,98,9132,California
Sutter,2021-02-09,244,11244,45,4385,199,6859,0,0,183,7393,61,1922,183,9315,California
Sutter,2021-02-10,818,12062,379,4764,439,7298,0,0,177,6930,640,2562,177,9492,California
Sutter,2021-02-11,603,12665,275,5039,328,7626,0,0,345,7017,258,2820,345,9837,California
Sutter,2021-02-12,633,13298,67,5106,566,8192,0,0,310,7005,322,3142,310,10147,California
Sutter,2021-02-13,898,14196,49,5155,849,9041,0,0,781,7669,117,3259,781,10928,California
Sutter,2021-02-14,90,14286,25,5180,65,9106,0,0,79,7737,11,3270,79,11007,California
Sutter,2021-02-15,198,14484,73,5253,125,9231,0,0,119,7777,79,3349,119,11126,California
Sutter,2021-02-16,289,14773,45,5298,244,9475,0,0,205,7899,83,3432,205,11331,California
Sutter,2021-02-17,823,15596,428,5726,395,9870,0,0,129,7334,694,4126,129,11460,California
Sutter,2021-02-18,700,16296,55,5781,645,10515,0,0,489,7613,210,4336,489,11949,California
Sutter,2021-02-19,664,16960,378,6159,286,10801,0,0,461,7873,201,4537,461,12410,California
Sutter,2021-02-20,622,17582,55,6214,567,11368,0,0,519,8290,102,4639,519,12929,California
Sutter,2021-02-21,29,17611,26,6240,3,11371,0,0,6,8273,23,4662,6,12935,California
Sutter,2021-02-22,207,17818,122,6362,85,11456,0,0,87,8240,120,4782,87,13022,California
Sutter,2021-02-23,223,18041,33,6395,190,11646,0,0,97,8211,126,4908,97,13119,California
Sutter,2021-02-24,962,19003,349,6744,613,12259,0,0,192,7634,769,5677,192,13311,California
Sutter,2021-02-25,786,19789,499,7243,287,12546,0,0,605,8061,178,5855,605,13916,California
Sutter,2021-02-26,370,20159,59,7302,311,12857,0,0,154,8001,214,6069,154,14070,California
Sutter,2021-02-27,866,21025,45,7347,821,13678,0,0,711,8555,157,6226,711,14781,California
Sutter,2021-02-28,83,21108,38,7385,45,13723,0,0,64,8601,18,6244,64,14845,California
Sutter,2021-03-01,247,21355,61,7446,186,13909,0,0,150,8654,97,6341,150,14995,California
Sutter,2021-03-02,334,21689,57,7503,277,14186,0,0,160,8641,173,6514,160,15155,California
Sutter,2021-03-03,1383,23072,513,8016,870,15056,0,0,645,8554,732,7246,645,15800,California
Sutter,2021-03-04,1258,24330,869,8885,389,15445,0,0,950,9200,304,7550,950,16750,California
Sutter,2021-03-05,338,24668,78,8963,259,15704,1,1,205,9274,132,7682,206,16956,California
Sutter,2021-03-06,1022,25690,46,9009,971,16675,5,6,860,9977,162,7844,865,17821,California
Sutter,2021-03-07,64,25754,23,9032,40,16715,1,7,44,10002,20,7864,45,17866,California
Sutter,2021-03-08,226,25980,79,9111,135,16850,12,19,158,10104,68,7932,170,18036,California
Sutter,2021-03-09,385,26365,136,9247,236,17086,13,32,183,10098,202,8134,196,18232,California
Sutter,2021-03-10,1571,27936,683,9930,827,17913,61,93,527,9645,1041,9175,588,18820,California
Sutter,2021-03-11,895,28831,442,10372,434,18347,19,112,648,10068,244,9419,667,19487,California
Sutter,2021-03-12,673,29504,110,10482,381,18728,182,294,199,9976,471,9890,379,19866,California
Sutter,2021-03-13,982,30486,748,11230,217,18945,17,311,779,10571,201,10091,796,20662,California
Sutter,2021-03-14,128,30614,21,11251,96,19041,11,322,43,10540,85,10176,54,20716,California
Sutter,2021-03-15,318,30932,66,11317,203,19244,49,371,151,10574,166,10342,200,20916,California
Sutter,2021-03-16,388,31320,86,11403,255,19499,47,418,210,10652,178,10520,256,21172,California
Sutter,2021-03-17,1498,32818,564,11967,914,20413,20,438,312,9805,1178,11698,331,21503,California
Sutter,2021-03-18,969,33787,180,12147,587,21000,202,640,569,10176,399,12097,770,22273,California
Sutter,2021-03-19,463,34250,165,12312,269,21269,29,669,284,10312,177,12274,313,22586,California
Sutter,2021-03-20,949,35199,116,12428,822,22091,11,680,860,11094,89,12363,871,23457,California
Sutter,2021-03-21,67,35266,47,12475,17,22108,3,683,37,11104,30,12393,40,23497,California
Sutter,2021-03-22,287,35553,120,12595,141,22249,26,709,212,11268,74,12467,238,23735,California
Sutter,2021-03-23,377,35930,116,12711,229,22478,32,741,256,11434,121,12588,287,24022,California
Sutter,2021-03-24,1688,37618,774,13485,844,23322,70,811,317,10464,1357,13945,387,24409,California
Sutter,2021-03-25,1041,38659,681,14166,319,23641,41,852,370,10207,668,14613,411,24820,California
Sutter,2021-03-26,486,39145,173,14339,296,23937,17,869,294,10329,189,14802,311,25131,California
Sutter,2021-03-27,931,40076,63,14402,866,24803,2,871,823,11049,105,14907,825,25956,California
Sutter,2021-03-28,125,40201,71,14473,54,24857,0,871,78,11082,45,14952,78,26034,California
Sutter,2021-03-29,427,40628,144,14617,228,25085,55,926,225,11162,200,15152,280,26314,California
Sutter,2021-03-30,478,41106,160,14777,308,25393,10,936,318,11330,160,15312,328,26642,California
Sutter,2021-03-31,1251,42357,177,14954,1058,26451,16,952,449,11003,792,16104,465,27107,California
Sutter,2021-04-01,1381,43738,736,15690,458,26909,187,1139,425,10667,949,17053,613,27720,California
Sutter,2021-04-02,513,44251,100,15790,295,27204,118,1257,201,10672,311,17364,316,28036,California
Sutter,2021-04-03,910,45161,77,15867,210,27414,623,1880,121,10629,787,18151,744,28780,California
Sutter,2021-04-04,118,45279,22,15889,90,27504,6,1886,55,10627,63,18214,61,28841,California
Sutter,2021-04-05,369,45648,146,16035,187,27691,36,1922,178,10653,188,18402,214,29055,California
Sutter,2021-04-06,508,46156,197,16232,255,27946,56,1978,272,10746,235,18637,328,29383,California
Sutter,2021-04-07,1463,47619,865,17097,523,28469,75,2053,601,10567,855,19492,676,30059,California
Sutter,2021-04-08,1036,48655,576,17673,351,28820,109,2162,570,10783,461,19953,677,30736,California
Sutter,2021-04-09,560,49215,247,17920,249,29069,64,2226,234,10757,324,20277,298,31034,California
Sutter,2021-04-10,818,50033,106,18026,87,29156,625,2851,106,10770,710,20987,723,31757,California
Sutter,2021-04-11,111,50144,28,18054,40,29196,43,2894,32,10766,79,21066,75,31832,California
Sutter,2021-04-12,336,50480,91,18145,191,29387,54,2948,136,10756,200,21266,190,32022,California
Sutter,2021-04-13,430,50910,128,18273,302,29689,0,2948,215,10758,213,21479,215,32237,California
Sutter,2021-04-14,1292,52202,161,18434,1130,30819,1,2949,213,9899,1073,22552,214,32451,California
Sutter,2021-04-15,535,52737,175,18609,360,31179,0,2949,213,9792,320,22872,213,32664,California
Sutter,2021-04-16,393,53130,123,18732,270,31449,0,2949,180,9760,212,23084,180,32844,California
Sutter,2021-04-17,577,53707,84,18816,493,31942,0,2949,505,10195,70,23154,505,33349,California
Sutter,2021-04-18,69,53776,10,18826,59,32001,0,2949,42,10211,26,23180,42,33391,California
Sutter,2021-04-19,288,54064,110,18936,178,32179,0,2949,120,10165,166,23346,120,33511,California
Sutter,2021-04-20,416,54480,136,19072,279,32458,1,2950,202,10154,213,23559,202,33713,California
Sutter,2021-04-21,1234,55714,421,19493,813,33271,0,2950,476,9881,749,24308,476,34189,California
Sutter,2021-04-22,480,56194,167,19660,313,33584,0,2950,247,9897,231,24539,247,34436,California
Sutter,2021-04-23,397,56591,115,19775,282,33866,0,2950,186,9873,210,24749,186,34622,California
Sutter,2021-04-24,326,56917,106,19881,219,34085,1,2951,185,9919,140,24889,186,34808,California
Sutter,2021-04-25,157,57074,75,19956,82,34167,0,2951,86,9937,68,24957,86,34894,California
Sutter,2021-04-26,287,57361,88,20044,197,34364,2,2953,123,9900,162,25119,125,35019,California
Sutter,2021-04-27,526,57887,265,20309,257,34621,4,2957,242,9865,281,25400,246,35265,California
Sutter,2021-04-28,816,58703,340,20649,468,35089,8,2965,260,9582,551,25951,268,35533,California
Sutter,2021-04-29,776,59479,136,20785,639,35728,1,2966,311,9432,462,26413,312,35845,California
Sutter,2021-04-30,357,59836,108,20893,236,35964,13,2979,145,9380,209,26622,157,36002,California
Sutter,2021-05-01,294,60130,105,20998,148,36112,41,3020,124,9378,167,26789,165,36167,California
Sutter,2021-05-02,79,60209,52,21050,25,36137,2,3022,45,9391,34,26823,47,36214,California
Sutter,2021-05-03,169,60378,107,21157,53,36190,9,3031,69,9369,100,26923,78,36292,California
Sutter,2021-05-04,522,60900,236,21393,222,36412,64,3095,221,9355,298,27221,284,36576,California
Sutter,2021-05-05,535,61435,141,21534,386,36798,8,3103,159,9153,369,27590,167,36743,California
Sutter,2021-05-06,426,61861,231,21765,175,36973,20,3123,192,9131,234,27824,212,36955,California
Sutter,2021-05-07,406,62267,145,21910,239,37212,22,3145,153,9054,252,28076,175,37130,California
Sutter,2021-05-08,196,62463,49,21959,141,37353,6,3151,106,9076,90,28166,112,37242,California
Sutter,2021-05-09,81,62544,52,22011,24,37377,5,3156,56,9112,25,28191,61,37303,California
Sutter,2021-05-10,188,62732,42,22053,129,37506,17,3173,47,9037,139,28330,64,37367,California
Sutter,2021-05-11,431,63163,212,22265,202,37708,17,3190,178,8982,249,28579,194,37561,California
Sutter,2021-05-12,394,63557,208,22473,176,37884,10,3200,131,8865,258,28837,141,37702,California
Sutter,2021-05-13,436,63993,223,22696,191,38075,22,3222,163,8780,270,29107,185,37887,California
Sutter,2021-05-14,428,64421,178,22874,235,38310,15,3237,210,8789,216,29323,225,38112,California
Sutter,2021-05-15,830,65251,305,23179,493,38803,32,3269,296,8585,532,29855,328,38440,California
Sutter,2021-05-16,127,65378,77,23256,43,38846,7,3276,68,8601,59,29914,75,38515,California
Sutter,2021-05-17,290,65668,120,23376,158,39004,12,3288,159,8641,131,30045,171,38686,California
Sutter,2021-05-18,384,66052,232,23608,150,39154,2,3290,226,8715,154,30199,228,38914,California
Sutter,2021-05-19,272,66324,136,23744,135,39289,1,3291,140,8727,129,30328,141,39055,California
Tehama,2020-12-15,1,1,1,1,0,0,0,0,1,1,0,0,1,1,California
Tehama,2020-12-16,2,3,2,3,0,0,0,0,2,3,0,0,2,3,California
Tehama,2020-12-17,12,15,12,15,0,0,0,0,12,15,0,0,12,15,California
Tehama,2020-12-18,2,17,2,17,0,0,0,0,3,18,0,0,3,18,California
Tehama,2020-12-21,33,50,33,50,0,0,0,0,33,51,0,0,33,51,California
Tehama,2020-12-22,68,118,62,112,6,6,0,0,68,119,0,0,68,119,California
Tehama,2020-12-23,48,166,40,152,8,14,0,0,48,167,0,0,48,167,California
Tehama,2020-12-24,5,171,3,155,2,16,0,0,5,172,0,0,5,172,California
Tehama,2020-12-26,3,174,2,157,1,17,0,0,3,175,0,0,3,175,California
Tehama,2020-12-27,2,176,2,159,0,17,0,0,2,177,0,0,2,177,California
Tehama,2020-12-28,56,232,43,202,13,30,0,0,56,233,0,0,56,233,California
Tehama,2020-12-29,31,263,31,233,0,30,0,0,31,264,0,0,31,264,California
Tehama,2020-12-30,54,317,38,271,16,46,0,0,53,317,0,0,53,317,California
Tehama,2020-12-31,14,331,4,275,10,56,0,0,14,331,0,0,14,331,California
Tehama,2021-01-01,2,333,0,275,2,58,0,0,2,333,0,0,2,333,California
Tehama,2021-01-04,32,365,9,284,23,81,0,0,32,365,0,0,32,365,California
Tehama,2021-01-05,70,435,43,327,27,108,0,0,67,429,3,3,67,432,California
Tehama,2021-01-06,71,506,21,348,50,158,0,0,62,483,8,11,62,494,California
Tehama,2021-01-07,57,563,7,355,50,208,0,0,56,538,1,12,56,550,California
Tehama,2021-01-08,33,596,24,379,9,217,0,0,28,561,5,17,28,578,California
Tehama,2021-01-09,7,603,5,384,2,219,0,0,5,564,2,19,5,583,California
Tehama,2021-01-10,1,604,0,384,1,220,0,0,1,565,0,19,1,584,California
Tehama,2021-01-11,48,652,46,430,2,222,0,0,15,547,33,52,15,599,California
Tehama,2021-01-12,116,768,96,526,20,242,0,0,71,573,45,97,71,670,California
Tehama,2021-01-13,73,841,55,581,18,260,0,0,27,554,46,143,27,697,California
Tehama,2021-01-14,225,1066,51,632,174,434,0,0,223,775,2,145,223,920,California
Tehama,2021-01-15,247,1313,74,706,173,607,0,0,243,1014,4,149,243,1163,California
Tehama,2021-01-16,272,1585,27,733,245,852,0,0,269,1280,3,152,269,1432,California
Tehama,2021-01-17,13,1598,9,742,4,856,0,0,11,1289,2,154,11,1443,California
Tehama,2021-01-18,10,1608,6,748,4,860,0,0,5,1289,5,159,5,1448,California
Tehama,2021-01-19,288,1896,62,810,226,1086,0,0,233,1467,55,214,233,1681,California
Tehama,2021-01-20,301,2197,87,897,214,1300,0,0,251,1669,49,263,251,1932,California
Tehama,2021-01-21,214,2411,11,908,203,1503,0,0,204,1863,10,273,204,2136,California
Tehama,2021-01-22,223,2634,21,929,202,1705,0,0,220,2080,3,276,220,2356,California
Tehama,2021-01-23,261,2895,10,939,251,1956,0,0,260,2339,1,277,260,2616,California
Tehama,2021-01-24,1,2896,1,940,0,1956,0,0,1,2340,0,277,1,2617,California
Tehama,2021-01-25,32,2928,14,954,18,1974,0,0,14,2336,18,295,14,2631,California
Tehama,2021-01-26,323,3251,42,996,281,2255,0,0,286,2585,37,332,286,2917,California
Tehama,2021-01-27,299,3550,21,1017,278,2533,0,0,279,2844,20,352,279,3196,California
Tehama,2021-01-28,340,3890,29,1046,311,2844,0,0,325,3154,15,367,325,3521,California
Tehama,2021-01-29,321,4211,19,1065,302,3146,0,0,304,3441,17,384,304,3825,California
Tehama,2021-01-30,103,4314,2,1067,101,3247,0,0,102,3542,1,385,102,3927,California
Tehama,2021-01-31,1,4315,0,1067,1,3248,0,0,1,3543,0,385,1,3928,California
Tehama,2021-02-01,78,4393,22,1089,56,3304,0,0,36,3537,42,427,36,3964,California
Tehama,2021-02-02,349,4742,63,1152,286,3590,0,0,252,3695,94,521,252,4216,California
Tehama,2021-02-03,387,5129,12,1164,375,3965,0,0,343,3994,44,565,343,4559,California
Tehama,2021-02-04,478,5607,99,1263,379,4344,0,0,397,4311,81,646,398,4957,California
Tehama,2021-02-05,174,5781,73,1336,101,4445,0,0,112,4361,62,708,112,5069,California
Tehama,2021-02-06,28,5809,13,1349,15,4460,0,0,16,4365,12,720,16,5085,California
Tehama,2021-02-07,5,5814,4,1353,1,4461,0,0,2,4364,3,723,2,5087,California
Tehama,2021-02-08,36,5850,14,1367,22,4483,0,0,27,4382,9,732,27,5114,California
Tehama,2021-02-09,78,5928,34,1401,44,4527,0,0,44,4392,34,766,44,5158,California
Tehama,2021-02-10,233,6161,62,1463,171,4698,0,0,157,4473,76,842,157,5315,California
Tehama,2021-02-11,221,6382,16,1479,205,4903,0,0,82,4418,137,979,82,5397,California
Tehama,2021-02-12,364,6746,65,1544,299,5202,0,0,174,4402,190,1169,174,5571,California
Tehama,2021-02-13,386,7132,13,1557,373,5575,0,0,147,4310,239,1408,147,5718,California
Tehama,2021-02-14,34,7166,1,1558,33,5608,0,0,32,4340,2,1410,32,5750,California
Tehama,2021-02-15,51,7217,9,1567,42,5650,0,0,45,4379,6,1416,45,5795,California
Tehama,2021-02-16,242,7459,16,1583,226,5876,0,0,60,4257,182,1598,60,5855,California
Tehama,2021-02-17,280,7739,12,1595,268,6144,0,0,54,4085,226,1824,54,5909,California
Tehama,2021-02-18,368,8107,32,1627,336,6480,0,0,144,4005,224,2048,144,6053,California
Tehama,2021-02-19,213,8320,18,1645,195,6675,0,0,42,3876,171,2219,42,6095,California
Tehama,2021-02-20,271,8591,6,1651,265,6940,0,0,26,3657,245,2464,26,6121,California
Tehama,2021-02-21,1,8592,1,1652,0,6940,0,0,1,3658,0,2464,1,6122,California
Tehama,2021-02-22,39,8631,15,1667,24,6964,0,0,26,3671,13,2477,26,6148,California
Tehama,2021-02-23,46,8677,19,1686,27,6991,0,0,26,3677,20,2497,26,6174,California
Tehama,2021-02-24,299,8976,13,1699,286,7277,0,0,26,3430,273,2770,26,6200,California
Tehama,2021-02-25,378,9354,62,1761,316,7593,0,0,39,3131,338,3108,39,6239,California
Tehama,2021-02-26,455,9809,19,1780,436,8029,0,0,70,2816,385,3493,70,6309,California
Tehama,2021-02-27,294,10103,5,1785,289,8318,0,0,34,2590,260,3753,34,6343,California
Tehama,2021-02-28,23,10126,2,1787,21,8339,0,0,20,2607,3,3756,20,6363,California
Tehama,2021-03-01,67,10193,8,1795,59,8398,0,0,33,2606,34,3790,33,6396,California
Tehama,2021-03-02,135,10328,18,1813,117,8515,0,0,30,2531,105,3895,30,6426,California
Tehama,2021-03-03,149,10477,33,1846,116,8631,0,0,48,2478,101,3996,48,6474,California
Tehama,2021-03-04,622,11099,36,1882,586,9217,0,0,222,2307,393,4389,222,6696,California
Tehama,2021-03-05,396,11495,18,1900,378,9595,0,0,214,2340,181,4570,214,6910,California
Tehama,2021-03-06,299,11794,17,1917,282,9877,0,0,81,2205,217,4787,82,6992,California
Tehama,2021-03-07,5,11799,1,1918,4,9881,0,0,3,2207,1,4788,3,6995,California
Tehama,2021-03-08,58,11857,12,1930,31,9912,15,15,27,2219,30,4818,42,7037,California
Tehama,2021-03-09,364,12221,8,1938,337,10249,19,34,309,2492,55,4873,328,7365,California
Tehama,2021-03-10,352,12573,13,1951,318,10567,21,55,69,2300,282,5155,90,7455,California
Tehama,2021-03-11,486,13059,17,1968,423,10990,46,101,343,2546,143,5298,389,7844,California
Tehama,2021-03-12,304,13363,19,1987,220,11210,65,166,179,2665,125,5423,244,8088,California
Tehama,2021-03-13,45,13408,8,1995,31,11241,6,172,6,2638,39,5462,12,8100,California
Tehama,2021-03-14,51,13459,3,1998,37,11278,11,183,9,2616,42,5504,20,8120,California
Tehama,2021-03-15,151,13610,21,2019,110,11388,20,203,82,2649,69,5573,102,8222,California
Tehama,2021-03-16,418,14028,14,2033,366,11754,38,241,315,2900,102,5675,353,8575,California
Tehama,2021-03-17,416,14444,22,2055,362,12116,32,273,333,3184,81,5756,365,8940,California
Tehama,2021-03-18,489,14933,26,2081,439,12555,24,297,310,3341,177,5933,334,9274,California
Tehama,2021-03-19,317,15250,23,2104,281,12836,13,310,275,3587,42,5975,288,9562,California
Tehama,2021-03-20,40,15290,8,2112,30,12866,2,312,28,3605,12,5987,30,9592,California
Tehama,2021-03-21,12,15302,5,2117,7,12873,0,312,12,3617,0,5987,12,9604,California
Tehama,2021-03-22,90,15392,7,2124,66,12939,17,329,49,3642,41,6028,66,9670,California
Tehama,2021-03-23,87,15479,26,2150,54,12993,7,336,68,3698,19,6047,75,9745,California
Tehama,2021-03-24,86,15565,16,2166,68,13061,2,338,55,3724,31,6078,57,9802,California
Tehama,2021-03-25,516,16081,352,2518,151,13212,13,351,466,4154,49,6127,479,10281,California
Tehama,2021-03-26,506,16587,398,2916,96,13308,12,363,431,4523,74,6201,443,10724,California
Tehama,2021-03-27,452,17039,360,3276,67,13375,25,388,385,4867,66,6267,410,11134,California
Tehama,2021-03-28,34,17073,13,3289,21,13396,0,388,22,4877,12,6279,22,11156,California
Tehama,2021-03-29,123,17196,31,3320,91,13487,1,389,77,4908,46,6325,77,11233,California
Tehama,2021-03-30,372,17568,222,3542,148,13635,2,391,254,5046,118,6443,256,11489,California
Tehama,2021-03-31,397,17965,296,3838,98,13733,3,394,325,5302,71,6514,327,11816,California
Tehama,2021-04-01,528,18493,248,4086,274,14007,6,400,395,5570,133,6647,401,12217,California
Tehama,2021-04-02,452,18945,213,4299,233,14240,6,406,268,5659,184,6831,273,12490,California
Tehama,2021-04-03,60,19005,3,4302,52,14292,5,411,30,5664,30,6861,35,12525,California
Tehama,2021-04-04,34,19039,6,4308,27,14319,1,412,22,5675,12,6873,23,12548,California
Tehama,2021-04-05,116,19155,21,4329,69,14388,26,438,61,5707,55,6928,87,12635,California
Tehama,2021-04-06,493,19648,110,4439,332,14720,51,489,141,5547,352,7280,192,12827,California
Tehama,2021-04-07,417,20065,282,4721,91,14811,44,533,303,5781,113,7393,347,13174,California
Tehama,2021-04-08,600,20665,174,4895,388,15199,38,571,229,5678,370,7763,267,13441,California
Tehama,2021-04-09,430,21095,193,5088,204,15403,33,604,215,5712,214,7977,248,13689,California
Tehama,2021-04-10,72,21167,9,5097,37,15440,26,630,39,5744,33,8010,65,13754,California
Tehama,2021-04-11,33,21200,7,5104,15,15455,11,641,8,5738,25,8035,19,13773,California
Tehama,2021-04-12,112,21312,6,5110,87,15542,19,660,42,5729,70,8105,61,13834,California
Tehama,2021-04-13,387,21699,63,5173,324,15866,0,660,67,5476,320,8425,67,13901,California
Tehama,2021-04-14,405,22104,52,5225,353,16219,0,660,53,5179,350,8775,53,13954,California
Tehama,2021-04-15,496,22600,192,5417,304,16523,0,660,85,4853,411,9186,85,14039,California
Tehama,2021-04-16,587,23187,336,5753,251,16774,0,660,76,4418,511,9697,76,14115,California
Tehama,2021-04-17,347,23534,268,6021,79,16853,0,660,41,4155,305,10002,42,14157,California
Tehama,2021-04-18,17,23551,3,6024,14,16867,0,660,13,4164,4,10006,13,14170,California
Tehama,2021-04-19,93,23644,7,6031,86,16953,0,660,40,4151,53,10059,40,14210,California
Tehama,2021-04-20,500,24144,412,6443,88,17041,0,660,146,3947,352,10411,148,14358,California
Tehama,2021-04-21,519,24663,445,6888,74,17115,0,660,168,3765,350,10761,168,14526,California
Tehama,2021-04-22,515,25178,364,7252,151,17266,0,660,149,3550,364,11125,149,14675,California
Tehama,2021-04-23,445,25623,346,7598,99,17365,0,660,204,3514,241,11366,205,14880,California
Tehama,2021-04-24,104,25727,18,7616,86,17451,0,660,30,3470,74,11440,30,14910,California
Tehama,2021-04-25,29,25756,18,7634,11,17462,0,660,11,3463,18,11458,11,14921,California
Tehama,2021-04-26,74,25830,10,7644,64,17526,0,660,43,3475,31,11489,43,14964,California
Tehama,2021-04-27,251,26081,206,7850,45,17571,0,660,92,3408,159,11648,92,15056,California
Tehama,2021-04-28,395,26476,318,8168,60,17631,17,677,65,3160,330,11978,82,15138,California
Tehama,2021-04-29,352,26828,171,8339,175,17806,6,683,68,2951,283,12261,74,15212,California
Tehama,2021-04-30,325,27153,241,8580,78,17884,6,689,112,2856,213,12474,118,15330,California
Tehama,2021-05-01,72,27225,4,8584,65,17949,3,692,14,2815,58,12532,17,15347,California
Tehama,2021-05-02,46,27271,24,8608,10,17959,12,704,26,2833,20,12552,38,15385,California
Tehama,2021-05-03,117,27388,41,8649,68,18027,8,712,62,2848,55,12607,70,15455,California
Tehama,2021-05-04,156,27544,55,8704,94,18121,7,719,67,2833,89,12696,74,15529,California
Tehama,2021-05-05,86,27630,21,8725,55,18176,10,729,38,2833,48,12744,48,15577,California
Tehama,2021-05-06,162,27792,90,8815,57,18233,15,744,97,2880,65,12809,112,15689,California
Tehama,2021-05-07,170,27962,71,8886,88,18321,11,755,48,2819,120,12929,59,15748,California
Tehama,2021-05-08,49,28011,6,8892,42,18363,1,756,13,2797,36,12965,14,15762,California
Tehama,2021-05-09,15,28026,3,8895,12,18375,0,756,6,2794,9,12974,6,15768,California
Tehama,2021-05-10,77,28103,7,8902,64,18439,6,762,36,2796,40,13014,42,15810,California
Tehama,2021-05-11,163,28266,115,9017,37,18476,11,773,32,2708,131,13145,43,15853,California
Tehama,2021-05-12,196,28462,133,9150,55,18531,8,781,40,2601,155,13300,48,15901,California
Tehama,2021-05-13,222,28684,157,9307,56,18587,9,790,96,2580,126,13426,105,16006,California
Tehama,2021-05-14,235,28919,129,9436,88,18675,18,808,54,2471,181,13607,72,16078,California
Tehama,2021-05-15,215,29134,130,9566,52,18727,33,841,154,2598,60,13667,187,16265,California
Tehama,2021-05-16,28,29162,9,9575,17,18744,2,843,17,2606,11,13678,19,16284,California
Tehama,2021-05-17,108,29270,28,9603,63,18807,17,860,48,2612,59,13737,65,16349,California
Tehama,2021-05-18,122,29392,63,9666,49,18856,10,870,35,2572,85,13822,45,16394,California
Tehama,2021-05-19,83,29475,44,9710,31,18887,8,878,15,2527,68,13890,23,16417,California
Trinity,2020-12-17,4,4,4,4,0,0,0,0,4,4,0,0,4,4,California
Trinity,2020-12-18,2,6,2,6,0,0,0,0,2,6,0,0,2,6,California
Trinity,2020-12-21,39,45,39,45,0,0,0,0,39,45,0,0,39,45,California
Trinity,2020-12-22,5,50,5,50,0,0,0,0,5,50,0,0,5,50,California
Trinity,2020-12-23,5,55,5,55,0,0,0,0,5,55,0,0,5,55,California
Trinity,2020-12-28,30,85,30,85,0,0,0,0,30,85,0,0,30,85,California
Trinity,2020-12-29,8,93,7,92,1,1,0,0,8,93,0,0,8,93,California
Trinity,2020-12-30,10,103,8,100,2,3,0,0,10,103,0,0,10,103,California
Trinity,2020-12-31,2,105,1,101,1,4,0,0,2,105,0,0,2,105,California
Trinity,2021-01-04,28,133,0,101,28,32,0,0,26,131,0,0,26,131,California
Trinity,2021-01-05,3,136,1,102,2,34,0,0,3,134,0,0,3,134,California
Trinity,2021-01-06,24,160,4,106,20,54,0,0,20,150,4,4,20,154,California
Trinity,2021-01-08,49,209,2,108,47,101,0,0,48,196,2,6,48,202,California
Trinity,2021-01-11,42,251,39,147,3,104,0,0,4,162,38,44,4,206,California
Trinity,2021-01-12,9,260,7,154,2,106,0,0,4,161,5,49,4,210,California
Trinity,2021-01-13,7,267,4,158,3,109,0,0,4,162,3,52,4,214,California
Trinity,2021-01-14,4,271,1,159,3,112,0,0,4,166,0,52,4,218,California
Trinity,2021-01-15,4,275,0,159,4,116,0,0,4,170,0,52,4,222,California
Trinity,2021-01-16,4,279,0,159,4,120,0,0,4,174,0,52,4,226,California
Trinity,2021-01-18,31,310,31,190,0,120,0,0,1,145,30,82,1,227,California
Trinity,2021-01-19,96,406,14,204,82,202,0,0,82,213,14,96,82,309,California
Trinity,2021-01-20,19,425,3,207,16,218,0,0,17,228,2,98,17,326,California
Trinity,2021-01-21,17,442,7,214,10,228,0,0,17,245,0,98,17,343,California
Trinity,2021-01-22,5,447,1,215,4,232,0,0,5,250,0,98,5,348,California
Trinity,2021-01-23,7,454,3,218,4,236,0,0,7,257,0,98,7,355,California
Trinity,2021-01-25,14,468,1,219,13,249,0,0,13,269,1,99,13,368,California
Trinity,2021-01-26,10,478,1,220,9,258,0,0,9,277,1,100,9,377,California
Trinity,2021-01-27,12,490,0,220,12,270,0,0,12,289,0,100,12,389,California
Trinity,2021-01-28,13,503,3,223,10,280,0,0,10,296,3,103,10,399,California
Trinity,2021-01-29,2,505,0,223,2,282,0,0,1,296,1,104,1,400,California
Trinity,2021-01-30,12,517,11,234,1,283,0,0,12,308,0,104,12,412,California
Trinity,2021-02-01,2,519,1,235,1,284,0,0,1,308,1,105,1,413,California
Trinity,2021-02-02,14,533,3,238,11,295,0,0,13,320,1,106,13,426,California
Trinity,2021-02-03,6,539,1,239,5,300,0,0,3,320,3,109,3,429,California
Trinity,2021-02-04,42,581,32,271,10,310,0,0,35,348,7,116,35,464,California
Trinity,2021-02-05,350,931,0,271,350,660,0,0,320,638,30,146,320,784,California
Trinity,2021-02-06,210,1141,5,276,205,865,0,0,203,834,7,153,203,987,California
Trinity,2021-02-07,1,1142,0,276,1,866,0,0,1,835,0,153,1,988,California
Trinity,2021-02-08,25,1167,0,276,25,891,0,0,15,840,10,163,15,1003,California
Trinity,2021-02-09,27,1194,2,278,25,916,0,0,11,835,16,179,11,1014,California
Trinity,2021-02-10,122,1316,10,288,112,1028,0,0,102,917,20,199,102,1116,California
Trinity,2021-02-11,339,1655,2,290,337,1365,0,0,332,1242,7,206,332,1448,California
Trinity,2021-02-12,14,1669,6,296,8,1373,0,0,10,1248,4,210,10,1458,California
Trinity,2021-02-13,12,1681,5,301,7,1380,0,0,5,1246,7,217,5,1463,California
Trinity,2021-02-14,2,1683,2,303,0,1380,0,0,2,1248,0,217,2,1465,California
Trinity,2021-02-15,47,1730,0,303,47,1427,0,0,47,1295,0,217,47,1512,California
Trinity,2021-02-16,5,1735,1,304,4,1431,0,0,3,1296,2,219,3,1515,California
Trinity,2021-02-17,94,1829,2,306,92,1523,0,0,84,1370,10,229,84,1599,California
Trinity,2021-02-18,4,1833,0,306,4,1527,0,0,1,1368,3,232,1,1600,California
Trinity,2021-02-19,304,2137,2,308,302,1829,0,0,290,1644,14,246,290,1890,California
Trinity,2021-02-20,141,2278,14,322,127,1956,0,0,113,1729,28,274,113,2003,California
Trinity,2021-02-21,1,2279,1,323,0,1956,0,0,1,1730,0,274,1,2004,California
Trinity,2021-02-22,8,2287,0,323,8,1964,0,0,5,1732,3,277,5,2009,California
Trinity,2021-02-23,11,2298,4,327,7,1971,0,0,6,1733,5,282,6,2015,California
Trinity,2021-02-24,30,2328,8,335,22,1993,0,0,7,1717,23,305,7,2022,California
Trinity,2021-02-25,36,2364,23,358,13,2006,0,0,5,1691,31,336,5,2027,California
Trinity,2021-02-26,11,2375,1,359,10,2016,0,0,5,1690,6,342,5,2032,California
Trinity,2021-02-27,9,2384,7,366,2,2018,0,0,4,1689,5,347,4,2036,California
Trinity,2021-03-01,9,2393,0,366,9,2027,0,0,5,1690,4,351,5,2041,California
Trinity,2021-03-02,9,2402,3,369,6,2033,0,0,2,1685,7,358,2,2043,California
Trinity,2021-03-03,5,2407,0,369,5,2038,0,0,4,1688,1,359,4,2047,California
Trinity,2021-03-04,24,2431,19,388,5,2043,0,0,14,1692,10,369,14,2061,California
Trinity,2021-03-05,388,2819,1,389,387,2430,0,0,121,1550,263,632,121,2182,California
Trinity,2021-03-06,202,3021,7,396,195,2625,0,0,27,1402,175,807,27,2209,California
Trinity,2021-03-07,4,3025,3,399,1,2626,0,0,3,1404,1,808,3,2212,California
Trinity,2021-03-08,3,3028,0,399,2,2628,1,1,1,1404,2,810,2,2214,California
Trinity,2021-03-09,94,3122,0,399,92,2720,2,3,89,1490,5,815,91,2305,California
Trinity,2021-03-10,126,3248,3,402,120,2840,3,6,38,1443,88,903,41,2346,California
Trinity,2021-03-11,15,3263,4,406,9,2849,2,8,5,1440,10,913,7,2353,California
Trinity,2021-03-12,385,3648,5,411,374,3223,6,14,90,1241,295,1208,96,2449,California
Trinity,2021-03-13,13,3661,8,419,3,3226,2,16,8,1246,5,1213,10,2459,California
Trinity,2021-03-14,3,3664,1,420,2,3228,0,16,2,1247,1,1214,2,2461,California
Trinity,2021-03-15,67,3731,0,420,66,3294,1,17,14,1209,53,1267,15,2476,California
Trinity,2021-03-16,116,3847,7,427,109,3403,0,17,102,1297,14,1281,102,2578,California
Trinity,2021-03-17,100,3947,3,430,97,3500,0,17,26,1249,74,1355,26,2604,California
Trinity,2021-03-18,10,3957,2,432,5,3505,3,20,5,1252,5,1360,8,2612,California
Trinity,2021-03-19,459,4416,4,436,345,3850,110,130,36,975,423,1783,146,2758,California
Trinity,2021-03-20,105,4521,7,443,98,3948,0,130,70,1011,34,1817,70,2828,California
Trinity,2021-03-21,4,4525,0,443,3,3951,1,131,3,1014,1,1818,4,2832,California
Trinity,2021-03-22,2,4527,0,443,2,3953,0,131,2,1016,0,1818,2,2834,California
Trinity,2021-03-23,96,4623,2,445,94,4047,0,131,78,1076,18,1836,78,2912,California
Trinity,2021-03-24,12,4635,1,446,11,4058,0,131,9,1082,3,1839,9,2921,California
Trinity,2021-03-25,110,4745,8,454,96,4154,6,137,84,1146,26,1865,90,3011,California
Trinity,2021-03-26,85,4830,8,462,77,4231,0,137,78,1217,7,1872,78,3089,California
Trinity,2021-03-27,19,4849,4,466,6,4237,9,146,8,1223,11,1883,17,3106,California
Trinity,2021-03-28,5,4854,3,469,2,4239,0,146,1,1220,4,1887,1,3107,California
Trinity,2021-03-29,5,4859,0,469,5,4244,0,146,2,1219,3,1890,2,3109,California
Trinity,2021-03-30,77,4936,5,474,72,4316,0,146,67,1276,10,1900,67,3176,California
Trinity,2021-03-31,56,4992,5,479,19,4335,32,178,21,1293,35,1935,52,3228,California
Trinity,2021-04-01,41,5033,11,490,19,4354,11,189,21,1305,20,1955,32,3260,California
Trinity,2021-04-02,244,5277,5,495,165,4519,74,263,73,1283,170,2125,148,3408,California
Trinity,2021-04-03,17,5294,12,507,5,4524,0,263,7,1280,10,2135,7,3415,California
Trinity,2021-04-04,10,5304,8,515,2,4526,0,263,8,1286,2,2137,8,3423,California
Trinity,2021-04-05,59,5363,6,521,52,4578,1,264,55,1338,4,2141,56,3479,California
Trinity,2021-04-06,116,5479,15,536,98,4676,3,267,28,1281,88,2229,31,3510,California
Trinity,2021-04-07,24,5503,12,548,7,4683,5,272,16,1294,8,2237,21,3531,California
Trinity,2021-04-08,87,5590,10,558,75,4758,2,274,50,1309,37,2274,52,3583,California
Trinity,2021-04-09,169,5759,20,578,144,4902,5,279,89,1324,79,2353,94,3677,California
Trinity,2021-04-10,11,5770,7,585,4,4906,0,279,10,1333,1,2354,10,3687,California
Trinity,2021-04-11,9,5779,5,590,2,4908,2,281,4,1334,5,2359,6,3693,California
Trinity,2021-04-12,77,5856,5,595,71,4979,1,282,64,1386,12,2371,64,3757,California
Trinity,2021-04-13,98,5954,5,600,93,5072,0,282,10,1308,88,2459,10,3767,California
Trinity,2021-04-14,10,5964,5,605,5,5077,0,282,6,1310,4,2463,6,3773,California
Trinity,2021-04-15,43,6007,10,615,33,5110,0,282,14,1295,29,2492,14,3787,California
Trinity,2021-04-16,144,6151,12,627,132,5242,0,282,72,1295,72,2564,72,3859,California
Trinity,2021-04-17,11,6162,5,632,6,5248,0,282,9,1302,2,2566,9,3868,California
Trinity,2021-04-18,3,6165,1,633,2,5250,0,282,0,1299,3,2569,0,3868,California
Trinity,2021-04-19,5,6170,2,635,3,5253,0,282,4,1302,1,2570,4,3872,California
Trinity,2021-04-20,92,6262,8,643,84,5337,0,282,20,1250,72,2642,20,3892,California
Trinity,2021-04-21,22,6284,9,652,13,5350,0,282,9,1246,13,2655,9,3901,California
Trinity,2021-04-22,91,6375,5,657,86,5436,0,282,14,1183,77,2732,14,3915,California
Trinity,2021-04-23,183,6558,6,663,177,5613,0,282,114,1228,69,2801,114,4029,California
Trinity,2021-04-24,22,6580,13,676,9,5622,0,282,6,1218,16,2817,6,4035,California
Trinity,2021-04-25,10,6590,9,685,1,5623,0,282,3,1215,6,2823,3,4038,California
Trinity,2021-04-26,45,6635,6,691,39,5662,0,282,40,1250,5,2828,40,4078,California
Trinity,2021-04-27,85,6720,7,698,78,5740,0,282,22,1209,63,2891,22,4100,California
Trinity,2021-04-28,33,6753,11,709,22,5762,0,282,12,1200,21,2912,12,4112,California
Trinity,2021-04-29,34,6787,13,722,21,5783,0,282,12,1190,22,2934,12,4124,California
Trinity,2021-04-30,26,6813,20,742,6,5789,0,282,8,1180,18,2952,8,4132,California
Trinity,2021-05-01,14,6827,8,750,1,5790,5,287,4,1179,10,2962,9,4141,California
Trinity,2021-05-02,8,6835,5,755,1,5791,2,289,2,1177,6,2968,4,4145,California
Trinity,2021-05-03,58,6893,13,768,44,5835,1,290,9,1139,48,3016,10,4155,California
Trinity,2021-05-04,23,6916,11,779,11,5846,1,291,8,1133,15,3031,9,4164,California
Trinity,2021-05-05,10,6926,6,785,4,5850,0,291,3,1129,7,3038,3,4167,California
Trinity,2021-05-06,72,6998,10,795,60,5910,2,293,15,1089,57,3095,17,4184,California
Trinity,2021-05-07,174,7172,12,807,128,6038,34,327,14,977,160,3255,48,4232,California
Trinity,2021-05-08,7,7179,3,810,4,6042,0,327,3,976,4,3259,3,4235,California
Trinity,2021-05-09,11,7190,8,818,3,6045,0,327,7,979,4,3263,7,4242,California
Trinity,2021-05-10,15,7205,4,822,10,6055,1,328,9,983,6,3269,10,4252,California
Trinity,2021-05-11,9,7214,3,825,5,6060,1,329,5,985,4,3273,6,4258,California
Trinity,2021-05-12,16,7230,13,838,2,6062,1,330,12,994,4,3277,13,4271,California
Trinity,2021-05-13,8,7238,5,843,3,6065,0,330,6,998,2,3279,6,4277,California
Trinity,2021-05-14,123,7361,17,860,78,6143,28,358,32,967,91,3370,60,4337,California
Trinity,2021-05-15,16,7377,10,870,3,6146,3,361,8,970,8,3378,11,4348,California
Trinity,2021-05-16,7,7384,5,875,2,6148,0,361,5,973,2,3380,5,4353,California
Trinity,2021-05-17,108,7492,19,894,87,6235,2,363,42,951,66,3446,44,4397,California
Trinity,2021-05-18,31,7523,3,897,27,6262,1,364,6,933,25,3471,7,4404,California
Trinity,2021-05-19,132,7655,6,903,98,6360,28,392,19,867,113,3584,47,4451,California
Tulare,2020-12-15,1,1,1,1,0,0,0,0,1,1,0,0,1,1,California
Tulare,2020-12-16,3,4,3,4,0,0,0,0,3,4,0,0,3,4,California
Tulare,2020-12-17,110,114,110,114,0,0,0,0,110,114,0,0,110,114,California
Tulare,2020-12-18,290,404,289,403,1,1,0,0,290,404,0,0,290,404,California
Tulare,2020-12-19,327,731,327,730,0,1,0,0,327,731,0,0,327,731,California
Tulare,2020-12-20,166,897,165,895,1,2,0,0,166,897,0,0,166,897,California
Tulare,2020-12-21,423,1320,423,1318,0,2,0,0,443,1340,0,0,443,1340,California
Tulare,2020-12-22,469,1789,467,1785,2,4,0,0,468,1808,0,0,468,1808,California
Tulare,2020-12-23,327,2116,319,2104,8,12,0,0,325,2133,0,0,325,2133,California
Tulare,2020-12-24,18,2134,16,2120,2,14,0,0,18,2151,0,0,18,2151,California
Tulare,2020-12-26,8,2142,7,2127,1,15,0,0,8,2159,0,0,8,2159,California
Tulare,2020-12-27,16,2158,12,2139,4,19,0,0,16,2175,0,0,16,2175,California
Tulare,2020-12-28,481,2639,469,2608,12,31,0,0,480,2655,0,0,480,2655,California
Tulare,2020-12-29,547,3186,478,3086,69,100,0,0,547,3202,0,0,547,3202,California
Tulare,2020-12-30,474,3660,435,3521,39,139,0,0,474,3676,0,0,474,3676,California
Tulare,2020-12-31,95,3755,22,3543,73,212,0,0,95,3771,0,0,95,3771,California
Tulare,2021-01-01,2,3757,1,3544,1,213,0,0,2,3773,0,0,2,3773,California
Tulare,2021-01-02,30,3787,17,3561,13,226,0,0,30,3803,0,0,30,3803,California
Tulare,2021-01-03,23,3810,9,3570,14,240,0,0,23,3826,0,0,23,3826,California
Tulare,2021-01-04,92,3902,16,3586,76,316,0,0,92,3918,0,0,92,3918,California
Tulare,2021-01-05,460,4362,278,3864,182,498,0,0,458,4374,2,2,458,4376,California
Tulare,2021-01-06,864,5226,634,4498,230,728,0,0,854,5218,10,12,854,5230,California
Tulare,2021-01-07,782,6008,583,5081,199,927,0,0,675,5786,107,119,675,5905,California
Tulare,2021-01-08,1266,7274,574,5655,692,1619,0,0,928,6377,337,456,928,6833,California
Tulare,2021-01-09,742,8016,203,5858,539,2158,0,0,555,6745,187,643,555,7388,California
Tulare,2021-01-10,50,8066,44,5902,6,2164,0,0,11,6717,39,682,11,7399,California
Tulare,2021-01-11,1272,9338,769,6671,503,2667,0,0,836,7117,436,1118,836,8235,California
Tulare,2021-01-12,1404,10742,489,7160,915,3582,0,0,995,7705,408,1526,996,9231,California
Tulare,2021-01-13,440,11182,211,7371,229,3811,0,0,365,7995,75,1601,365,9596,California
Tulare,2021-01-14,492,11674,141,7512,351,4162,0,0,466,8446,15,1616,466,10062,California
Tulare,2021-01-15,1623,13297,154,7666,1469,5631,0,0,1614,10051,9,1625,1614,11676,California
Tulare,2021-01-16,1901,15198,114,7780,1787,7418,0,0,1887,11924,14,1639,1887,13563,California
Tulare,2021-01-17,141,15339,122,7902,19,7437,0,0,131,12045,10,1649,131,13694,California
Tulare,2021-01-18,693,16032,660,8562,33,7470,0,0,295,11942,398,2047,295,13989,California
Tulare,2021-01-19,1008,17040,685,9247,323,7793,0,0,579,12092,429,2476,579,14568,California
Tulare,2021-01-20,2426,19466,613,9860,1813,9606,0,0,2011,13714,389,2865,2011,16579,California
Tulare,2021-01-21,1551,21017,186,10046,1365,10971,0,0,1525,15218,21,2886,1525,18104,California
Tulare,2021-01-22,1060,22077,190,10236,870,11841,0,0,1035,16229,24,2910,1035,19139,California
Tulare,2021-01-23,438,22515,156,10392,282,12123,0,0,417,16625,21,2931,417,19556,California
Tulare,2021-01-24,30,22545,27,10419,3,12126,0,0,28,16651,2,2933,28,19584,California
Tulare,2021-01-25,1330,23875,982,11401,348,12474,0,0,1298,17917,32,2965,1298,20882,California
Tulare,2021-01-26,1496,25371,1098,12499,398,12872,0,0,1171,18764,324,3289,1171,22053,California
Tulare,2021-01-27,1498,26869,1070,13569,428,13300,0,0,920,19107,577,3866,920,22973,California
Tulare,2021-01-28,1215,28084,777,14346,438,13738,0,0,819,19530,396,4262,819,23792,California
Tulare,2021-01-29,1130,29214,720,15066,410,14148,0,0,820,20040,310,4572,820,24612,California
Tulare,2021-01-30,1674,30888,1580,16646,94,14242,0,0,1650,21667,24,4596,1651,26263,California
Tulare,2021-01-31,63,30951,58,16704,5,14247,0,0,60,21724,3,4599,60,26323,California
Tulare,2021-02-01,1185,32136,915,17619,270,14517,0,0,830,22200,354,4953,830,27153,California
Tulare,2021-02-02,677,32813,328,17947,349,14866,0,0,445,22416,230,5183,446,27599,California
Tulare,2021-02-03,587,33400,261,18208,326,15192,0,0,336,22521,231,5414,336,27935,California
Tulare,2021-02-04,555,33955,169,18377,386,15578,0,0,265,22498,289,5703,266,28201,California
Tulare,2021-02-05,1237,35192,238,18615,999,16577,0,0,416,22095,819,6522,416,28617,California
Tulare,2021-02-06,836,36028,158,18773,678,17255,0,0,267,21795,567,7089,267,28884,California
Tulare,2021-02-07,83,36111,71,18844,12,17267,0,0,23,21758,60,7149,23,28907,California
Tulare,2021-02-08,945,37056,329,19173,616,17883,0,0,245,21306,697,7846,245,29152,California
Tulare,2021-02-09,1416,38472,334,19507,1082,18965,0,0,369,20633,1042,8888,369,29521,California
Tulare,2021-02-10,2472,40944,1986,21493,486,19451,0,0,2071,22306,398,9286,2071,31592,California
Tulare,2021-02-11,1326,42270,377,21870,949,20400,0,0,906,22792,420,9706,906,32498,California
Tulare,2021-02-12,2782,45052,575,22445,2207,22607,0,0,1209,22435,1566,11272,1209,33707,California
Tulare,2021-02-13,2480,47532,157,22602,2323,24930,0,0,666,21291,1810,13082,666,34373,California
Tulare,2021-02-14,337,47869,40,22642,297,25227,0,0,300,21554,37,13119,300,34673,California
Tulare,2021-02-15,921,48790,294,22936,627,25854,0,0,664,21962,256,13375,664,35337,California
Tulare,2021-02-16,2833,51623,1595,24531,1238,27092,0,0,1078,21286,1754,15129,1078,36415,California
Tulare,2021-02-17,2698,54321,511,25042,2187,29279,0,0,461,19515,2232,17361,461,36876,California
Tulare,2021-02-18,2306,56627,456,25498,1850,31129,0,0,626,18469,1672,19033,626,37502,California
Tulare,2021-02-19,2307,58934,865,26363,1442,32571,0,0,949,18062,1356,20389,949,38451,California
Tulare,2021-02-20,2990,61924,1892,28255,1098,33669,0,0,1263,17604,1721,22110,1263,39714,California
Tulare,2021-02-21,94,62018,90,28345,4,33673,0,0,48,17607,45,22155,48,39762,California
Tulare,2021-02-22,1106,63124,700,29045,406,34079,0,0,210,16922,895,23050,210,39972,California
Tulare,2021-02-23,1953,65077,944,29989,1009,35088,0,0,1464,17898,488,23538,1464,41436,California
Tulare,2021-02-24,2483,67560,1549,31538,934,36022,0,0,2104,19625,378,23916,2105,43541,California
Tulare,2021-02-25,3503,71063,1975,33513,1528,37550,0,0,3088,22302,411,24327,3088,46629,California
Tulare,2021-02-26,3856,74919,1894,35407,1962,39512,0,0,3388,25224,466,24793,3388,50017,California
Tulare,2021-02-27,2994,77913,1486,36893,1508,41020,0,0,2860,27962,122,24915,2860,52877,California
Tulare,2021-02-28,1307,79220,1035,37928,272,41292,0,0,1288,29233,17,24932,1288,54165,California
Tulare,2021-03-01,1767,80987,797,38725,970,42262,0,0,1582,30632,183,25115,1582,55747,California
Tulare,2021-03-02,2765,83752,1264,39989,1501,43763,0,0,2592,33054,171,25286,2593,58340,California
Tulare,2021-03-03,3956,87708,2622,42611,1334,45097,0,0,2004,33111,1949,27235,2006,60346,California
Tulare,2021-03-04,2948,90656,1339,43950,1609,46706,0,0,2627,35421,317,27552,2627,62973,California
Tulare,2021-03-05,3430,94086,1762,45712,1653,48359,15,15,2921,37854,505,28057,2938,65911,California
Tulare,2021-03-06,3081,97167,1438,47150,1584,49943,59,74,2832,40497,246,28303,2889,68800,California
Tulare,2021-03-07,1136,98303,702,47852,413,50356,21,95,1095,41573,40,28343,1116,69916,California
Tulare,2021-03-08,1709,100012,1005,48857,535,50891,169,264,1387,42811,317,28660,1555,71471,California
Tulare,2021-03-09,3255,103267,2246,51103,862,51753,147,411,2848,45398,407,29067,2994,74465,California
Tulare,2021-03-10,2823,106090,1396,52499,1253,53006,174,585,2427,47610,387,29454,2599,77064,California
Tulare,2021-03-11,4143,110233,1967,54466,1876,54882,300,885,3206,50179,937,30391,3506,80570,California
Tulare,2021-03-12,4349,114582,2389,56855,1611,56493,349,1234,3075,52343,1262,31653,3426,83996,California
Tulare,2021-03-13,4008,118590,1851,58706,2052,58545,105,1339,3069,54585,933,32586,3175,87171,California
Tulare,2021-03-14,1801,120391,972,59678,609,59154,220,1559,1275,55552,525,33111,1492,88663,California
Tulare,2021-03-15,2738,123129,1619,61297,1004,60158,115,1674,1964,56860,772,33883,2080,90743,California
Tulare,2021-03-16,3424,126553,2115,63412,1232,61390,77,1751,1871,57262,1549,35432,1951,92694,California
Tulare,2021-03-17,4012,130565,2608,66020,1327,62717,77,1828,2269,57878,1737,37169,2353,95047,California
Tulare,2021-03-18,4599,135164,3354,69374,1173,63890,72,1900,2431,58223,2160,39329,2505,97552,California
Tulare,2021-03-19,5067,140231,3320,72694,1552,65442,195,2095,2702,58776,2346,41675,2899,100451,California
Tulare,2021-03-20,4453,144684,2763,75457,1318,66760,372,2467,2045,58796,2400,44075,2420,102871,California
Tulare,2021-03-21,1919,146603,1631,77088,262,67022,26,2493,987,58879,929,45004,1012,103883,California
Tulare,2021-03-22,2498,149101,1710,78798,676,67698,112,2605,1644,59789,848,45852,1758,105641,California
Tulare,2021-03-23,3730,152831,2140,80938,1538,69236,52,2657,2044,60215,1676,47528,2102,107743,California
Tulare,2021-03-24,3168,155999,1957,82895,1169,70405,42,2699,1786,60670,1374,48902,1829,109572,California
Tulare,2021-03-25,3464,159463,1804,84699,1488,71893,172,2871,1684,60755,1773,50675,1858,111430,California
Tulare,2021-03-26,5212,164675,3109,87808,1994,73887,109,2980,2529,60728,2665,53340,2638,114068,California
Tulare,2021-03-27,3521,168196,1806,89614,1617,75504,98,3078,988,59288,2525,55865,1085,115153,California
Tulare,2021-03-28,1456,169652,1052,90666,373,75877,31,3109,671,59214,782,56647,708,115861,California
Tulare,2021-03-29,2894,172546,1674,92340,1109,76986,111,3220,1226,58890,1663,58310,1339,117200,California
Tulare,2021-03-30,4807,177353,2769,95109,1808,78794,230,3450,1518,57354,3280,61590,1744,118944,California
Tulare,2021-03-31,3888,181241,2304,97413,1471,80265,113,3563,1564,56719,2316,63906,1681,120625,California
Tulare,2021-04-01,4418,185659,2372,99785,1980,82245,66,3629,1534,55447,2874,66780,1602,122227,California
Tulare,2021-04-02,5242,190901,2996,102781,2129,84374,117,3746,1583,53518,3643,70423,1714,123941,California
Tulare,2021-04-03,3509,194410,2019,104800,1127,85501,363,4109,842,52100,2629,73052,1211,125152,California
Tulare,2021-04-04,1633,196043,1146,105946,480,85981,7,4116,368,51216,1263,74315,379,125531,California
Tulare,2021-04-05,3331,199374,2336,108282,731,86712,264,4380,866,49897,2453,76768,1134,126665,California
Tulare,2021-04-06,3415,202789,1465,109747,1457,88169,493,4873,926,48837,2482,79250,1422,128087,California
Tulare,2021-04-07,3838,206627,1812,111559,1596,89765,430,5303,1275,47977,2555,81805,1695,129782,California
Tulare,2021-04-08,4717,211344,2593,114152,1667,91432,457,5760,1542,46807,3165,84970,1995,131777,California
Tulare,2021-04-09,4776,216120,2944,117096,1402,92834,430,6190,1825,46120,2943,87913,2256,134033,California
Tulare,2021-04-10,3805,219925,2057,119153,1432,94266,316,6506,975,44587,2822,90735,1289,135322,California
Tulare,2021-04-11,1577,221502,1038,120191,468,94734,71,6577,590,44264,984,91719,661,135983,California
Tulare,2021-04-12,3360,224862,2105,122296,662,95396,593,7170,1083,43672,2269,93988,1677,137660,California
Tulare,2021-04-13,2409,227271,1585,123881,814,96210,10,7180,924,43135,1473,95461,936,138596,California
Tulare,2021-04-14,2844,230115,1680,125561,1164,97374,0,7180,935,42165,1905,97366,935,139531,California
Tulare,2021-04-15,3272,233387,2135,127696,1137,98511,0,7180,1472,41849,1788,99154,1472,141003,California
Tulare,2021-04-16,3649,237036,2215,129911,1434,99945,0,7180,1479,41168,2160,101314,1479,142482,California
Tulare,2021-04-17,2212,239248,1297,131208,915,100860,0,7180,1179,41319,1029,102343,1180,143662,California
Tulare,2021-04-18,1518,240766,1188,132396,330,101190,0,7180,815,41432,702,103045,815,144477,California
Tulare,2021-04-19,2120,242886,1223,133619,895,102085,2,7182,899,41114,1219,104264,901,145378,California
Tulare,2021-04-20,2334,245220,1310,134929,1024,103109,0,7182,1001,40796,1319,105583,1001,146379,California
Tulare,2021-04-21,2198,247418,1325,136254,873,103982,0,7182,811,40257,1350,106933,811,147190,California
Tulare,2021-04-22,2103,249521,1171,137425,932,104914,0,7182,743,39659,1341,108274,743,147933,California
Tulare,2021-04-23,2567,252088,1573,138998,993,105907,1,7183,1020,39142,1537,109811,1020,148953,California
Tulare,2021-04-24,1639,253727,1055,140053,582,106489,2,7185,863,39237,770,110581,865,149818,California
Tulare,2021-04-25,692,254419,519,140572,173,106662,0,7185,264,39073,428,111009,264,150082,California
Tulare,2021-04-26,1463,255882,874,141446,570,107232,19,7204,617,38868,839,111848,634,150716,California
Tulare,2021-04-27,1588,257470,627,142073,924,108156,37,7241,673,38664,913,112761,709,151425,California
Tulare,2021-04-28,1700,259170,969,143042,690,108846,41,7282,672,38354,1023,113784,713,152138,California
Tulare,2021-04-29,1985,261155,1189,144231,759,109605,37,7319,777,37968,1198,114982,812,152950,California
Tulare,2021-04-30,2420,263575,1765,145996,605,110210,50,7369,896,37396,1517,116499,945,153895,California
Tulare,2021-05-01,1407,264982,1209,147205,186,110396,12,7381,723,37454,677,117176,735,154630,California
Tulare,2021-05-02,584,265566,496,147701,72,110468,16,7397,189,37267,392,117568,205,154835,California
Tulare,2021-05-03,1607,267173,1092,148793,390,110858,125,7522,348,36488,1252,118820,473,155308,California
Tulare,2021-05-04,1541,268714,823,149616,649,111507,69,7591,623,36267,911,119731,690,155998,California
Tulare,2021-05-05,1262,269976,608,150224,567,112074,87,7678,435,35973,816,120547,522,156520,California
Tulare,2021-05-06,1955,271931,1328,151552,578,112652,49,7727,590,35254,1358,121905,639,157159,California
Tulare,2021-05-07,1846,273777,1253,152805,525,113177,68,7795,528,34539,1310,123215,595,157754,California
Tulare,2021-05-08,1230,275007,800,153605,405,113582,25,7820,523,34387,700,123915,548,158302,California
Tulare,2021-05-09,593,275600,469,154074,103,113685,21,7841,120,34060,469,124384,142,158444,California
Tulare,2021-05-10,1013,276613,589,154663,359,114044,65,7906,307,33727,705,125089,372,158816,California
Tulare,2021-05-11,1209,277822,612,155275,521,114565,76,7982,502,33604,701,125790,578,159394,California
Tulare,2021-05-12,1490,279312,955,156230,483,115048,52,8034,396,32970,1081,126871,447,159841,California
Tulare,2021-05-13,1436,280748,897,157127,502,115550,37,8071,646,32869,784,127655,683,160524,California
Tulare,2021-05-14,1897,282645,1221,158348,613,116163,63,8134,839,32727,1044,128699,902,161426,California
Tulare,2021-05-15,1552,284197,877,159225,647,116810,28,8162,665,32540,880,129579,693,162119,California
Tulare,2021-05-16,680,284877,545,159770,124,116934,11,8173,315,32502,364,129943,326,162445,California
Tulare,2021-05-17,1526,286403,949,160719,501,117435,76,8249,738,32537,779,130722,814,163259,California
Tulare,2021-05-18,1243,287646,600,161319,592,118027,51,8300,595,32538,642,131364,643,163902,California
Tulare,2021-05-19,661,288307,394,161713,250,118277,17,8317,350,32598,308,131672,368,164270,California
Tuolumne,2020-12-16,47,47,47,47,0,0,0,0,47,47,0,0,47,47,California
Tuolumne,2020-12-17,17,64,17,64,0,0,0,0,17,64,0,0,17,64,California
Tuolumne,2020-12-18,101,165,100,164,1,1,0,0,101,165,0,0,101,165,California
Tuolumne,2020-12-19,5,170,5,169,0,1,0,0,5,170,0,0,5,170,California
Tuolumne,2020-12-20,1,171,1,170,0,1,0,0,1,171,0,0,1,171,California
Tuolumne,2020-12-21,115,286,101,271,14,15,0,0,115,286,0,0,115,286,California
Tuolumne,2020-12-22,172,458,172,443,0,15,0,0,172,458,0,0,172,458,California
Tuolumne,2020-12-23,185,643,183,626,2,17,0,0,185,643,0,0,185,643,California
Tuolumne,2020-12-26,2,645,2,628,0,17,0,0,2,645,0,0,2,645,California
Tuolumne,2020-12-28,77,722,75,703,2,19,0,0,77,722,0,0,77,722,California
Tuolumne,2020-12-29,102,824,39,742,63,82,0,0,102,824,0,0,102,824,California
Tuolumne,2020-12-30,78,902,22,764,56,138,0,0,78,902,0,0,78,902,California
Tuolumne,2020-12-31,27,929,20,784,7,145,0,0,27,929,0,0,27,929,California
Tuolumne,2021-01-01,6,935,5,789,1,146,0,0,6,935,0,0,6,935,California
Tuolumne,2021-01-02,118,1053,115,904,3,149,0,0,118,1053,0,0,118,1053,California
Tuolumne,2021-01-03,2,1055,2,906,0,149,0,0,2,1055,0,0,2,1055,California
Tuolumne,2021-01-04,69,1124,26,932,43,192,0,0,69,1124,0,0,69,1124,California
Tuolumne,2021-01-05,93,1217,27,959,66,258,0,0,90,1212,3,3,91,1215,California
Tuolumne,2021-01-06,132,1349,72,1031,60,318,0,0,68,1216,64,67,68,1283,California
Tuolumne,2021-01-07,119,1468,63,1094,56,374,0,0,64,1225,55,122,64,1347,California
Tuolumne,2021-01-08,104,1572,80,1174,24,398,0,0,27,1177,76,198,28,1375,California
Tuolumne,2021-01-09,2,1574,0,1174,2,400,0,0,2,1179,0,198,2,1377,California
Tuolumne,2021-01-10,3,1577,1,1175,2,402,0,0,3,1182,0,198,3,1380,California
Tuolumne,2021-01-11,116,1693,90,1265,26,428,0,0,34,1134,82,280,34,1414,California
Tuolumne,2021-01-12,101,1794,85,1350,16,444,0,0,17,1067,84,364,17,1431,California
Tuolumne,2021-01-13,231,2025,125,1475,106,550,0,0,182,1201,49,413,183,1614,California
Tuolumne,2021-01-14,148,2173,108,1583,40,590,0,0,43,1140,104,517,43,1657,California
Tuolumne,2021-01-15,474,2647,72,1655,402,992,0,0,412,1492,61,578,413,2070,California
Tuolumne,2021-01-16,7,2654,3,1658,4,996,0,0,6,1497,1,579,6,2076,California
Tuolumne,2021-01-17,7,2661,4,1662,3,999,0,0,7,1504,0,579,7,2083,California
Tuolumne,2021-01-18,46,2707,38,1700,8,1007,0,0,9,1477,36,615,9,2092,California
Tuolumne,2021-01-19,477,3184,73,1773,404,1411,0,0,431,1862,46,661,431,2523,California
Tuolumne,2021-01-20,76,3260,58,1831,18,1429,0,0,24,1835,51,712,24,2547,California
Tuolumne,2021-01-21,56,3316,23,1854,33,1462,0,0,40,1859,16,728,40,2587,California
Tuolumne,2021-01-22,169,3485,16,1870,153,1615,0,0,162,2014,7,735,162,2749,California
Tuolumne,2021-01-23,663,4148,145,2015,518,2133,0,0,547,2458,116,851,560,3309,California
Tuolumne,2021-01-24,523,4671,1,2016,522,2655,0,0,520,2977,2,853,521,3830,California
Tuolumne,2021-01-25,48,4719,28,2044,20,2675,0,0,22,2974,26,879,23,3853,California
Tuolumne,2021-01-26,80,4799,68,2112,12,2687,0,0,40,2975,40,919,41,3894,California
Tuolumne,2021-01-27,61,4860,4,2116,57,2744,0,0,8,2931,52,971,8,3902,California
Tuolumne,2021-01-28,27,4887,7,2123,20,2764,0,0,18,2940,9,980,18,3920,California
Tuolumne,2021-01-29,74,4961,6,2129,68,2832,0,0,35,2936,39,1019,35,3955,California
Tuolumne,2021-01-30,710,5671,552,2681,158,2990,0,0,688,3618,22,1041,704,4659,California
Tuolumne,2021-01-31,8,5679,2,2683,6,2996,0,0,5,3620,3,1044,5,4664,California
Tuolumne,2021-02-01,25,5704,6,2689,19,3015,0,0,22,3639,3,1047,22,4686,California
Tuolumne,2021-02-02,647,6351,39,2728,608,3623,0,0,636,4266,9,1056,636,5322,California
Tuolumne,2021-02-03,240,6591,111,2839,129,3752,0,0,88,4202,152,1208,88,5410,California
Tuolumne,2021-02-04,123,6714,13,2852,110,3862,0,0,60,4199,63,1271,60,5470,California
Tuolumne,2021-02-05,99,6813,13,2865,86,3948,0,0,35,4171,63,1334,35,5505,California
Tuolumne,2021-02-06,855,7668,581,3446,274,4222,0,0,848,5016,7,1341,852,6357,California
Tuolumne,2021-02-07,8,7676,4,3450,4,4226,0,0,4,5016,4,1345,4,6361,California
Tuolumne,2021-02-08,91,7767,40,3490,51,4277,0,0,67,5059,24,1369,67,6428,California
Tuolumne,2021-02-09,862,8629,53,3543,809,5086,0,0,821,5839,41,1410,821,7249,California
Tuolumne,2021-02-10,92,8721,17,3560,75,5161,0,0,31,5810,60,1470,31,7280,California
Tuolumne,2021-02-11,143,8864,67,3627,76,5237,0,0,77,5821,66,1536,77,7357,California
Tuolumne,2021-02-12,646,9510,19,3646,627,5864,0,0,205,5586,440,1976,205,7562,California
Tuolumne,2021-02-13,150,9660,42,3688,108,5972,0,0,119,5680,25,2001,119,7681,California
Tuolumne,2021-02-14,149,9809,13,3701,136,6108,0,0,148,5827,1,2002,148,7829,California
Tuolumne,2021-02-15,186,9995,10,3711,176,6284,0,0,177,5995,9,2011,177,8006,California
Tuolumne,2021-02-16,529,10524,17,3728,512,6796,0,0,121,5714,404,2415,123,8129,California
Tuolumne,2021-02-17,111,10635,63,3791,48,6844,0,0,61,5726,49,2464,61,8190,California
Tuolumne,2021-02-18,679,11314,25,3816,654,7498,0,0,628,6304,51,2515,629,8819,California
Tuolumne,2021-02-19,142,11456,23,3839,119,7617,0,0,43,6248,99,2614,43,8862,California
Tuolumne,2021-02-20,903,12359,341,4180,562,8179,0,0,385,6131,503,3117,386,9248,California
Tuolumne,2021-02-21,976,13335,38,4218,938,9117,0,0,470,6098,505,3622,472,9720,California
Tuolumne,2021-02-22,79,13414,58,4276,21,9138,0,0,47,6114,31,3653,47,9767,California
Tuolumne,2021-02-23,48,13462,24,4300,24,9162,0,0,26,6119,21,3674,26,9793,California
Tuolumne,2021-02-24,103,13565,58,4358,45,9207,0,0,42,6101,60,3734,42,9835,California
Tuolumne,2021-02-25,1050,14615,34,4392,1016,10223,0,0,1019,7089,31,3765,1019,10854,California
Tuolumne,2021-02-26,145,14760,10,4402,135,10358,0,0,121,7186,24,3789,121,10975,California
Tuolumne,2021-02-27,951,15711,577,4979,374,10732,0,0,249,6752,685,4474,251,11226,California
Tuolumne,2021-02-28,56,15767,4,4983,52,10784,0,0,52,6801,3,4477,52,11278,California
Tuolumne,2021-03-01,113,15880,21,5004,92,10876,0,0,77,6845,34,4511,78,11356,California
Tuolumne,2021-03-02,705,16585,73,5077,632,11508,0,0,106,6353,598,5109,106,11462,California
Tuolumne,2021-03-03,89,16674,22,5099,67,11575,0,0,64,6392,25,5134,64,11526,California
Tuolumne,2021-03-04,1168,17842,74,5173,1094,12669,0,0,1105,7434,63,5197,1105,12631,California
Tuolumne,2021-03-05,85,17927,10,5183,75,12744,0,0,48,7447,36,5233,49,12680,California
Tuolumne,2021-03-06,1056,18983,605,5788,449,13193,2,2,204,6806,848,6081,207,12887,California
Tuolumne,2021-03-07,41,19024,12,5800,14,13207,15,17,18,6816,23,6104,33,12920,California
Tuolumne,2021-03-08,195,19219,89,5889,99,13306,7,24,139,6906,56,6160,146,13066,California
Tuolumne,2021-03-09,857,20076,16,5905,830,14136,11,35,68,6202,784,6944,80,13146,California
Tuolumne,2021-03-10,78,20154,12,5917,55,14191,11,46,53,6241,25,6969,64,13210,California
Tuolumne,2021-03-11,1282,21436,36,5953,1240,15431,6,52,1255,7477,27,6996,1263,14473,California
Tuolumne,2021-03-12,298,21734,35,5988,248,15679,15,67,189,7576,108,7104,207,14680,California
Tuolumne,2021-03-13,113,21847,12,6000,101,15780,0,67,84,7633,28,7132,85,14765,California
Tuolumne,2021-03-14,142,21989,8,6008,125,15905,9,76,7,7518,135,7267,20,14785,California
Tuolumne,2021-03-15,296,22285,80,6088,213,16118,3,79,101,7434,194,7461,110,14895,California
Tuolumne,2021-03-16,802,23087,40,6128,751,16869,11,90,665,7974,136,7597,676,15571,California
Tuolumne,2021-03-17,152,23239,30,6158,109,16978,13,103,79,7994,71,7668,91,15662,California
Tuolumne,2021-03-18,947,24186,27,6185,907,17885,13,116,318,7698,627,8295,331,15993,California
Tuolumne,2021-03-19,135,24321,17,6202,87,17972,31,147,74,7743,59,8354,104,16097,California
Tuolumne,2021-03-20,89,24410,7,6209,72,18044,10,157,37,7738,51,8405,46,16143,California
Tuolumne,2021-03-21,832,25242,389,6598,433,18477,10,167,39,7002,786,9191,50,16193,California
Tuolumne,2021-03-22,164,25406,73,6671,72,18549,19,186,97,7052,66,9257,116,16309,California
Tuolumne,2021-03-23,708,26114,637,7308,57,18606,14,200,671,7699,37,9294,684,16993,California
Tuolumne,2021-03-24,110,26224,20,7328,72,18678,18,218,77,7762,32,9326,95,17088,California
Tuolumne,2021-03-25,1298,27522,23,7351,1272,19950,3,221,326,7121,970,10296,329,17417,California
Tuolumne,2021-03-26,275,27797,16,7367,236,20186,23,244,117,7114,148,10444,141,17558,California
Tuolumne,2021-03-27,579,28376,53,7420,526,20712,0,244,318,7174,259,10703,319,17877,California
Tuolumne,2021-03-28,48,28424,7,7427,41,20753,0,244,8,7144,39,10742,9,17886,California
Tuolumne,2021-03-29,206,28630,83,7510,123,20876,0,244,109,7159,94,10836,109,17995,California
Tuolumne,2021-03-30,162,28792,11,7521,150,21026,1,245,120,7239,41,10877,121,18116,California
Tuolumne,2021-03-31,95,28887,14,7535,79,21105,2,247,38,7224,55,10932,40,18156,California
Tuolumne,2021-04-01,1248,30135,29,7564,1219,22324,0,247,227,6432,1019,11951,227,18383,California
Tuolumne,2021-04-02,164,30299,11,7575,127,22451,26,273,91,6478,71,12022,117,18500,California
Tuolumne,2021-04-03,426,30725,35,7610,390,22841,1,274,239,6533,187,12209,242,18742,California
Tuolumne,2021-04-04,33,30758,3,7613,30,22871,0,274,21,6543,11,12220,21,18763,California
Tuolumne,2021-04-05,130,30888,19,7632,104,22975,7,281,59,6538,71,12291,66,18829,California
Tuolumne,2021-04-06,648,31536,517,8149,104,23079,27,308,514,6947,134,12425,543,19372,California
Tuolumne,2021-04-07,128,31664,37,8186,75,23154,16,324,50,6935,78,12503,66,19438,California
Tuolumne,2021-04-08,1444,33108,32,8218,1398,24552,14,338,246,6001,1194,13697,260,19698,California
Tuolumne,2021-04-09,273,33381,41,8259,188,24740,44,382,130,6036,143,13840,178,19876,California
Tuolumne,2021-04-10,56,33437,2,8261,34,24774,20,402,23,6047,32,13872,43,19919,California
Tuolumne,2021-04-11,17,33454,2,8263,12,24786,3,405,12,6057,5,13877,15,19934,California
Tuolumne,2021-04-12,163,33617,66,8329,92,24878,5,410,89,6083,68,13945,94,20028,California
Tuolumne,2021-04-13,783,34400,35,8364,748,25626,0,410,169,5646,606,14551,169,20197,California
Tuolumne,2021-04-14,148,34548,27,8391,121,25747,0,410,72,5646,73,14624,73,20270,California
Tuolumne,2021-04-15,339,34887,20,8411,319,26066,0,410,57,5427,276,14900,57,20327,California
Tuolumne,2021-04-16,246,35133,50,8461,196,26262,0,410,136,5461,103,15003,137,20464,California
Tuolumne,2021-04-17,43,35176,6,8467,37,26299,0,410,27,5472,16,15019,27,20491,California
Tuolumne,2021-04-18,8,35184,3,8470,5,26304,0,410,4,5472,4,15023,4,20495,California
Tuolumne,2021-04-19,170,35354,79,8549,91,26395,0,410,92,5488,76,15099,92,20587,California
Tuolumne,2021-04-20,712,36066,615,9164,97,26492,0,410,76,4935,629,15728,76,20663,California
Tuolumne,2021-04-21,118,36184,26,9190,92,26584,0,410,62,4946,51,15779,62,20725,California
Tuolumne,2021-04-22,706,36890,46,9236,660,27244,0,410,427,5103,270,16049,427,21152,California
Tuolumne,2021-04-23,177,37067,31,9267,146,27390,0,410,86,5100,89,16138,86,21238,California
Tuolumne,2021-04-24,80,37147,18,9285,62,27452,0,410,52,5124,28,16166,52,21290,California
Tuolumne,2021-04-25,27,37174,10,9295,17,27469,0,410,24,5145,3,16169,24,21314,California
Tuolumne,2021-04-26,153,37327,56,9351,97,27566,0,410,70,5134,82,16251,71,21385,California
Tuolumne,2021-04-27,134,37461,21,9372,106,27672,7,417,62,5133,70,16321,69,21454,California
Tuolumne,2021-04-28,115,37576,25,9397,79,27751,11,428,64,5158,50,16371,75,21529,California
Tuolumne,2021-04-29,277,37853,16,9413,253,28004,8,436,53,4997,222,16593,61,21590,California
Tuolumne,2021-04-30,351,38204,21,9434,318,28322,12,448,67,4795,281,16874,79,21669,California
Tuolumne,2021-05-01,24,38228,7,9441,13,28335,4,452,16,4807,8,16882,20,21689,California
Tuolumne,2021-05-02,26,38254,3,9444,21,28356,2,454,19,4821,7,16889,21,21710,California
Tuolumne,2021-05-03,98,38352,14,9458,79,28435,5,459,28,4785,69,16958,33,21743,California
Tuolumne,2021-05-04,692,39044,603,10061,84,28519,5,464,205,4508,486,17444,209,21952,California
Tuolumne,2021-05-05,107,39151,25,10086,76,28595,6,470,55,4520,50,17494,62,22014,California
Tuolumne,2021-05-06,285,39436,13,10099,258,28853,14,484,39,4331,241,17735,52,22066,California
Tuolumne,2021-05-07,323,39759,25,10124,290,29143,8,492,65,4147,257,17992,73,22139,California
Tuolumne,2021-05-08,47,39806,7,10131,36,29179,4,496,29,4162,18,18010,33,22172,California
Tuolumne,2021-05-09,15,39821,2,10133,11,29190,2,498,2,4153,13,18023,4,22176,California
Tuolumne,2021-05-10,103,39924,44,10177,54,29244,5,503,30,4116,72,18095,35,22211,California
Tuolumne,2021-05-11,197,40121,64,10241,121,29365,12,515,56,4044,140,18235,68,22279,California
Tuolumne,2021-05-12,113,40234,17,10258,93,29458,3,518,43,4020,70,18305,46,22325,California
Tuolumne,2021-05-13,90,40324,18,10276,64,29522,8,526,56,4050,34,18339,64,22389,California
Tuolumne,2021-05-14,203,40527,76,10352,115,29637,12,538,106,4073,95,18434,118,22507,California
Tuolumne,2021-05-15,57,40584,15,10367,35,29672,7,545,21,4066,36,18470,29,22536,California
Tuolumne,2021-05-16,24,40608,6,10373,16,29688,2,547,12,4068,12,18482,14,22550,California
Tuolumne,2021-05-17,105,40713,28,10401,74,29762,3,550,43,4052,62,18544,46,22596,California
Tuolumne,2021-05-18,169,40882,54,10455,69,29831,46,596,55,4039,114,18658,101,22697,California
Tuolumne,2021-05-19,62,40944,12,10467,23,29854,27,623,25,4055,36,18694,52,22749,California
Ventura,2020-12-15,5,5,5,5,0,0,0,0,5,5,0,0,5,5,California
Ventura,2020-12-16,73,78,73,78,0,0,0,0,73,78,0,0,73,78,California
Ventura,2020-12-17,250,328,250,328,0,0,0,0,250,328,0,0,250,328,California
Ventura,2020-12-18,1412,1740,1412,1740,0,0,0,0,1412,1740,0,0,1412,1740,California
Ventura,2020-12-19,911,2651,911,2651,0,0,0,0,911,2651,0,0,911,2651,California
Ventura,2020-12-20,431,3082,431,3082,0,0,0,0,431,3082,0,0,431,3082,California
Ventura,2020-12-21,1467,4549,1467,4549,0,0,0,0,1467,4549,0,0,1467,4549,California
Ventura,2020-12-22,1104,5653,1099,5648,5,5,0,0,1104,5653,0,0,1104,5653,California
Ventura,2020-12-23,1027,6680,979,6627,48,53,0,0,1027,6680,0,0,1027,6680,California
Ventura,2020-12-24,477,7157,379,7006,98,151,0,0,477,7157,0,0,477,7157,California
Ventura,2020-12-25,11,7168,7,7013,4,155,0,0,11,7168,0,0,11,7168,California
Ventura,2020-12-26,112,7280,92,7105,20,175,0,0,112,7280,0,0,112,7280,California
Ventura,2020-12-27,58,7338,27,7132,31,206,0,0,58,7338,0,0,58,7338,California
Ventura,2020-12-28,1073,8411,933,8065,140,346,0,0,1073,8411,0,0,1073,8411,California
Ventura,2020-12-29,1171,9582,764,8829,407,753,0,0,1171,9582,0,0,1171,9582,California
Ventura,2020-12-30,1987,11569,1522,10351,465,1218,0,0,1987,11569,0,0,1987,11569,California
Ventura,2020-12-31,481,12050,162,10513,319,1537,0,0,481,12050,0,0,481,12050,California
Ventura,2021-01-01,25,12075,7,10520,18,1555,0,0,25,12075,0,0,25,12075,California
Ventura,2021-01-02,174,12249,79,10599,95,1650,0,0,174,12249,0,0,174,12249,California
Ventura,2021-01-03,16,12265,8,10607,8,1658,0,0,16,12265,0,0,16,12265,California
Ventura,2021-01-04,1083,13348,552,11159,531,2189,0,0,1082,13347,0,0,1082,13347,California
Ventura,2021-01-05,1373,14721,777,11936,596,2785,0,0,1331,14636,42,42,1331,14678,California
Ventura,2021-01-06,2060,16781,1181,13117,879,3664,0,0,1628,15843,423,465,1630,16308,California
Ventura,2021-01-07,2069,18850,1327,14444,742,4406,0,0,1181,16138,886,1351,1181,17489,California
Ventura,2021-01-08,2197,21047,1474,15918,723,5129,0,0,906,15756,1289,2640,907,18396,California
Ventura,2021-01-09,721,21768,500,16418,221,5350,0,0,319,15673,402,3042,319,18715,California
Ventura,2021-01-10,343,22111,327,16745,16,5366,0,0,129,15588,214,3256,129,18844,California
Ventura,2021-01-11,2445,24556,1488,18233,957,6323,0,0,1493,16132,952,4208,1496,20340,California
Ventura,2021-01-12,3045,27601,1612,19845,1433,7756,0,0,2020,17127,1025,5233,2020,22360,California
Ventura,2021-01-13,2927,30528,1424,21269,1503,9259,0,0,2043,18290,881,6114,2044,24404,California
Ventura,2021-01-14,2737,33265,1062,22331,1675,10934,0,0,2289,20133,447,6561,2290,26694,California
Ventura,2021-01-15,2889,36154,972,23303,1917,12851,0,0,2676,22597,213,6774,2677,29371,California
Ventura,2021-01-16,485,36639,187,23490,298,13149,0,0,405,22922,80,6854,405,29776,California
Ventura,2021-01-17,260,36899,138,23628,122,13271,0,0,254,23170,6,6860,254,30030,California
Ventura,2021-01-18,2220,39119,1672,25300,548,13819,0,0,1668,24288,551,7411,1669,31699,California
Ventura,2021-01-19,3045,42164,2122,27422,923,14742,0,0,2150,25546,895,8306,2153,33852,California
Ventura,2021-01-20,4098,46262,3145,30567,953,15695,0,0,3044,27540,1051,9357,3045,36897,California
Ventura,2021-01-21,3847,50109,2677,33244,1170,16865,0,0,3170,30038,674,10031,3172,40069,California
Ventura,2021-01-22,3616,53725,2496,35740,1120,17985,0,0,3455,33332,161,10192,3455,43524,California
Ventura,2021-01-23,1182,54907,648,36388,534,18519,0,0,1082,34317,99,10291,1084,44608,California
Ventura,2021-01-24,453,55360,137,36525,316,18835,0,0,440,34744,13,10304,440,45048,California
Ventura,2021-01-25,3156,58516,2032,38557,1124,19959,0,0,2600,36790,555,10859,2601,47649,California
Ventura,2021-01-26,3717,62233,2209,40766,1508,21467,0,0,2718,38511,998,11857,2719,50368,California
Ventura,2021-01-27,3463,65696,1561,42327,1902,23369,0,0,2720,40492,739,12596,2720,53088,California
Ventura,2021-01-28,3878,69574,1997,44324,1881,25250,0,0,3262,43156,599,13195,3263,56351,California
Ventura,2021-01-29,4272,73846,2525,46849,1747,26997,0,0,3769,46435,490,13685,3769,60120,California
Ventura,2021-01-30,3040,76886,1966,48815,1074,28071,0,0,2869,49138,167,13852,2870,62990,California
Ventura,2021-01-31,836,77722,448,49263,388,28459,0,0,749,49801,86,13938,749,63739,California
Ventura,2021-02-01,3953,81675,2119,51382,1834,30293,0,0,3176,52206,773,14711,3178,66917,California
Ventura,2021-02-02,4408,86083,2376,53758,2032,32325,0,0,3384,54571,1020,15731,3385,70302,California
Ventura,2021-02-03,4456,90539,2090,55848,2366,34691,0,0,3446,57013,1005,16736,3447,73749,California
Ventura,2021-02-04,4785,95324,2296,58144,2489,37180,0,0,3520,59278,1257,17993,3522,77271,California
Ventura,2021-02-05,4843,100167,2322,60466,2521,39701,0,0,3349,61148,1481,19474,3351,80622,California
Ventura,2021-02-06,2841,103008,1517,61983,1324,41025,0,0,2438,63184,402,19876,2438,83060,California
Ventura,2021-02-07,715,103723,243,62226,472,41497,0,0,589,63648,126,20002,590,83650,California
Ventura,2021-02-08,3501,107224,1625,63851,1876,43373,0,0,2430,65012,1066,21068,2430,86080,California
Ventura,2021-02-09,4723,111947,1974,65825,2749,46122,0,0,2464,65221,2258,23326,2467,88547,California
Ventura,2021-02-10,4718,116665,2238,68063,2480,48602,0,0,2390,65295,2317,25643,2391,90938,California
Ventura,2021-02-11,4669,121334,1864,69927,2805,51407,0,0,2450,65536,2212,27855,2453,93391,California
Ventura,2021-02-12,6310,127644,2665,72592,3645,55052,0,0,3227,65685,3078,30933,3227,96618,California
Ventura,2021-02-13,3304,130948,1829,74421,1475,56527,0,0,1849,66085,1451,32384,1851,98469,California
Ventura,2021-02-14,1227,132175,124,74545,1103,57630,0,0,1011,66881,216,32600,1012,99481,California
Ventura,2021-02-15,3989,136164,1799,76344,2190,59820,0,0,2119,67133,1867,34467,2119,101600,California
Ventura,2021-02-16,5554,141718,2708,79052,2846,62666,0,0,3015,67617,2531,36998,3015,104615,California
Ventura,2021-02-17,5240,146958,1925,80977,3315,65981,0,0,3270,68927,1960,38958,3270,107885,California
Ventura,2021-02-18,5785,152743,1832,82809,3953,69934,0,0,3637,70427,2137,41095,3637,111522,California
Ventura,2021-02-19,6458,159201,3773,86582,2685,72619,0,0,3013,70004,3438,44533,3015,114537,California
Ventura,2021-02-20,4940,164141,3172,89754,1768,74387,0,0,2771,70616,2163,46696,2775,117312,California
Ventura,2021-02-21,1102,165243,812,90566,290,74677,0,0,451,70422,645,47341,451,117763,California
Ventura,2021-02-22,5376,170619,2413,92979,2963,77640,0,0,3460,71975,1907,49248,3460,121223,California
Ventura,2021-02-23,5946,176565,2978,95957,2968,80608,0,0,3419,72885,2511,51759,3421,124644,California
Ventura,2021-02-24,7010,183575,2616,98573,4394,85002,0,0,4252,74394,2745,54504,4254,128898,California
Ventura,2021-02-25,7496,191071,2572,101145,4924,89926,0,0,4575,76064,2907,57411,4577,133475,California
Ventura,2021-02-26,9359,200430,2774,103919,6585,96511,0,0,6166,79066,3166,60577,6168,139643,California
Ventura,2021-02-27,10012,210442,5288,109207,4724,101235,0,0,7383,83846,2613,63190,7393,147036,California
Ventura,2021-02-28,2572,213014,1638,110845,933,102168,1,1,2097,85475,468,63658,2097,149133,California
Ventura,2021-03-01,6965,219979,2827,113672,4138,106306,0,1,4639,87813,2314,65972,4652,153785,California
Ventura,2021-03-02,7590,227569,4041,117713,3547,109853,2,3,5356,90945,2224,68196,5356,159141,California
Ventura,2021-03-03,8540,236109,3917,121630,4622,114475,1,4,6087,94600,2437,70633,6092,165233,California
Ventura,2021-03-04,8117,244226,3877,125507,4240,118715,0,4,5484,97468,2619,73252,5487,170720,California
Ventura,2021-03-05,9991,254217,4815,130322,5166,123881,10,14,7094,101698,2882,76134,7112,177832,California
Ventura,2021-03-06,7244,261461,4403,134725,2688,126569,153,167,5325,105267,1911,78045,5480,183312,California
Ventura,2021-03-07,1665,263126,618,135343,947,127516,100,267,1246,106194,419,78464,1346,184658,California
Ventura,2021-03-08,6763,269889,3437,138780,3172,130688,154,421,4655,108904,2102,80566,4812,189470,California
Ventura,2021-03-09,6759,276648,3025,141805,3534,134222,200,621,3882,110125,2863,83429,4084,193554,California
Ventura,2021-03-10,6860,283508,3014,144819,3607,137829,239,860,4534,112586,2312,85741,4773,198327,California
Ventura,2021-03-11,6379,289887,2890,147709,3176,141005,313,1173,3425,113381,2941,88682,3736,202063,California
Ventura,2021-03-12,8546,298433,3041,150750,4660,145665,845,2018,4128,113953,4400,93082,4972,207035,California
Ventura,2021-03-13,6691,305124,2499,153249,3350,149015,842,2860,3761,115633,2921,96003,4601,211636,California
Ventura,2021-03-14,2134,307258,479,153728,1159,150174,496,3356,715,115427,1418,97421,1212,212848,California
Ventura,2021-03-15,6924,314182,2052,155780,3523,153697,1349,4705,2975,115823,3924,101345,4320,217168,California
Ventura,2021-03-16,7929,322111,2463,158243,4353,158050,1113,5818,3993,117005,3922,105267,5104,222272,California
Ventura,2021-03-17,7478,329589,2771,161014,4359,162409,348,6166,4468,118836,2987,108254,4818,227090,California
Ventura,2021-03-18,7232,336821,3275,164289,3805,166214,152,6318,4710,121188,2508,110762,4860,231950,California
Ventura,2021-03-19,8408,345229,3780,168069,4514,170728,114,6432,5024,122959,3364,114126,5135,237085,California
Ventura,2021-03-20,8153,353382,5249,173318,2883,173611,21,6453,3894,122641,4234,118360,3916,241001,California
Ventura,2021-03-21,2788,356170,1514,174832,902,174513,372,6825,1320,122875,1456,119816,1690,242691,California
Ventura,2021-03-22,7351,363521,3694,178526,3555,178068,102,6927,4841,125326,2494,122310,4945,247636,California
Ventura,2021-03-23,8188,371709,3888,182414,4228,182296,72,6999,4581,126397,3581,125891,4652,252288,California
Ventura,2021-03-24,8874,380583,3410,185824,5389,187685,75,7074,4423,126473,4422,130313,4498,256786,California
Ventura,2021-03-25,8800,389383,3909,189733,4790,192475,101,7175,4445,126681,4338,134651,4546,261332,California
Ventura,2021-03-26,9829,399212,3351,193084,5825,198300,653,7828,3901,125332,5901,140552,4552,265884,California
Ventura,2021-03-27,8115,407327,3905,196989,4170,202470,40,7868,2391,122062,5702,146254,2432,268316,California
Ventura,2021-03-28,2532,409859,1412,198401,1111,203581,9,7877,1375,122298,1148,147402,1384,269700,California
Ventura,2021-03-29,8450,418309,4258,202659,4149,207730,43,7920,4201,122321,4221,151623,4244,273944,California
Ventura,2021-03-30,8942,427251,4415,207074,4399,212129,128,8048,4355,122231,4573,156196,4483,278427,California
Ventura,2021-03-31,10712,437963,4833,211907,5251,217380,628,8676,4616,121404,6073,162269,5246,283673,California
Ventura,2021-04-01,10711,448674,5211,217118,4621,222001,879,9555,5407,122415,5282,167551,6293,289966,California
Ventura,2021-04-02,11671,460345,4615,221733,5747,227748,1309,10864,5565,123229,6076,173627,6890,296856,California
Ventura,2021-04-03,8044,468389,3961,225694,2935,230683,1148,12012,3373,123091,4660,178287,4522,301378,California
Ventura,2021-04-04,1722,470111,964,226658,624,231307,134,12146,1159,123829,556,178843,1294,302672,California
Ventura,2021-04-05,9346,479457,4881,231539,3359,234666,1106,13252,4746,125102,4589,183432,5862,308534,California
Ventura,2021-04-06,10864,490321,5558,237097,3820,238486,1486,14738,5570,126891,5269,188701,7058,315592,California
Ventura,2021-04-07,11339,501660,5438,242535,4405,242891,1496,16234,5179,127419,6145,194846,6673,322265,California
Ventura,2021-04-08,10257,511917,5313,247848,4000,246891,944,17178,5122,128357,5120,199966,6058,328323,California
Ventura,2021-04-09,11107,523024,4345,252193,5048,251939,1714,18892,4835,128650,6250,206216,6543,334866,California
Ventura,2021-04-10,9141,532165,3510,255703,3476,255415,2155,21047,3000,127676,6125,212341,5151,340017,California
Ventura,2021-04-11,2423,534588,861,256564,993,256408,569,21616,685,127197,1731,214072,1252,341269,California
Ventura,2021-04-12,8891,543479,4473,261037,3611,260019,807,22423,3745,126614,5128,219200,4545,345814,California
Ventura,2021-04-13,8768,552247,4437,265474,4325,264344,6,22429,3742,125368,4994,224194,3748,349562,California
Ventura,2021-04-14,8671,560918,4068,269542,4588,268932,15,22444,3371,123491,5265,229459,3388,352950,California
Ventura,2021-04-15,9313,570231,4537,274079,4769,273701,7,22451,4103,122414,5187,234646,4110,357060,California
Ventura,2021-04-16,10131,580362,4487,278566,5643,279344,1,22452,4856,122014,5259,239905,4859,361919,California
Ventura,2021-04-17,8567,588929,5324,283890,3242,282586,1,22453,5032,123524,3523,243428,5033,366952,California
Ventura,2021-04-18,2136,591065,1016,284906,1120,283706,0,22453,905,123203,1226,244654,905,367857,California
Ventura,2021-04-19,8036,599101,4852,289758,3183,286889,1,22454,4640,124467,3378,248032,4642,372499,California
Ventura,2021-04-20,9251,608352,4916,294674,4331,291220,4,22458,4378,123994,4856,252888,4383,376882,California
Ventura,2021-04-21,8861,617213,4534,299208,4323,295543,4,22462,4222,123596,4625,257513,4227,381109,California
Ventura,2021-04-22,10039,627252,5488,304696,4551,300094,0,22462,4501,122578,5519,263032,4501,385610,California
Ventura,2021-04-23,10806,638058,5397,310093,5408,305502,1,22463,5416,122628,5366,268398,5416,391026,California
Ventura,2021-04-24,10329,648387,5899,315992,4430,309932,0,22463,6122,124558,4193,272591,6123,397149,California
Ventura,2021-04-25,2473,650860,1701,317693,772,310704,0,22463,1141,124371,1328,273919,1141,398290,California
Ventura,2021-04-26,7204,658064,4134,321827,3005,313709,65,22528,3001,123252,4181,278100,3062,401352,California
Ventura,2021-04-27,8364,666428,4625,326452,3570,317279,169,22697,3153,121377,5196,283296,3321,404673,California
Ventura,2021-04-28,8250,674678,4815,331267,3119,320398,316,23013,3212,119886,5019,288315,3528,408201,California
Ventura,2021-04-29,7760,682438,4221,335488,3275,323673,264,23277,2747,117907,4988,293303,3009,411210,California
Ventura,2021-04-30,9330,691768,5446,340934,3610,327283,274,23551,3859,116592,5440,298743,4125,415335,California
Ventura,2021-05-01,4941,696709,3631,344565,1208,328491,102,23653,1865,115501,3058,301801,1967,417302,California
Ventura,2021-05-02,2129,698838,1428,345993,612,329103,89,23742,1035,115535,1090,302891,1124,418426,California
Ventura,2021-05-03,6223,705061,3914,349907,2032,331135,277,24019,1954,113517,4248,307139,2230,420656,California
Ventura,2021-05-04,6273,711334,3318,353225,2656,333791,299,24318,2270,112096,3989,311128,2568,423224,California
Ventura,2021-05-05,5260,716594,3009,356234,1991,335782,260,24578,1898,110911,3337,314465,2152,425376,California
Ventura,2021-05-06,6059,722653,3210,359444,2579,338361,270,24848,1922,108983,4120,318585,2192,427568,California
Ventura,2021-05-07,6691,729344,3369,362813,3049,341410,273,25121,2308,107208,4356,322941,2581,430149,California
Ventura,2021-05-08,5292,734636,4113,366926,1027,342437,152,25273,1208,104497,4071,327012,1360,431509,California
Ventura,2021-05-09,1053,735689,733,367659,274,342711,46,25319,398,104295,646,327658,444,431953,California
Ventura,2021-05-10,6005,741694,4072,371731,1730,344441,203,25522,1352,101204,4645,332303,1554,433507,California
Ventura,2021-05-11,5089,746783,3199,374930,1681,346122,209,25731,1467,99266,3613,335916,1675,435182,California
Ventura,2021-05-12,4713,751496,2705,377635,1811,347933,197,25928,1448,97666,3245,339161,1645,436827,California
Ventura,2021-05-13,5617,757113,3330,380965,2091,350024,196,26124,1893,96043,3712,342873,2089,438916,California
Ventura,2021-05-14,7116,764229,4383,385348,2535,352559,198,26322,2683,94506,4414,347287,2877,441793,California
Ventura,2021-05-15,6415,770644,5305,390653,1040,353599,70,26392,2737,93652,3662,350949,2808,444601,California
Ventura,2021-05-16,2164,772808,1673,392326,440,354039,51,26443,1024,93593,1134,352083,1075,445676,California
Ventura,2021-05-17,5653,778461,3498,395824,1957,355996,198,26641,2464,93082,3172,355255,2661,448337,California
Ventura,2021-05-18,3792,782253,1948,397772,1692,357688,152,26793,1406,92266,2371,357626,1555,449892,California
Ventura,2021-05-19,2832,785085,1580,399352,1087,358775,165,26958,1197,92001,1627,359253,1362,451254,California
Yolo,2020-12-15,39,39,39,39,0,0,0,0,39,39,0,0,39,39,California
Yolo,2020-12-16,78,117,78,117,0,0,0,0,78,117,0,0,78,117,California
Yolo,2020-12-17,101,218,101,218,0,0,0,0,101,218,0,0,101,218,California
Yolo,2020-12-18,210,428,210,428,0,0,0,0,210,428,0,0,210,428,California
Yolo,2020-12-19,88,516,88,516,0,0,0,0,88,516,0,0,88,516,California
Yolo,2020-12-20,100,616,100,616,0,0,0,0,100,616,0,0,100,616,California
Yolo,2020-12-21,254,870,254,870,0,0,0,0,254,870,0,0,254,870,California
Yolo,2020-12-22,381,1251,380,1250,1,1,0,0,381,1251,0,0,381,1251,California
Yolo,2020-12-23,432,1683,412,1662,20,21,0,0,432,1683,0,0,432,1683,California
Yolo,2020-12-24,151,1834,95,1757,56,77,0,0,151,1834,0,0,151,1834,California
Yolo,2020-12-25,1,1835,1,1758,0,77,0,0,1,1835,0,0,1,1835,California
Yolo,2020-12-26,75,1910,25,1783,50,127,0,0,75,1910,0,0,75,1910,California
Yolo,2020-12-27,46,1956,19,1802,27,154,0,0,46,1956,0,0,46,1956,California
Yolo,2020-12-28,347,2303,180,1982,167,321,0,0,347,2303,0,0,347,2303,California
Yolo,2020-12-29,488,2791,267,2249,221,542,0,0,488,2791,0,0,488,2791,California
Yolo,2020-12-30,622,3413,254,2503,368,910,0,0,622,3413,0,0,622,3413,California
Yolo,2020-12-31,185,3598,95,2598,90,1000,0,0,185,3598,0,0,185,3598,California
Yolo,2021-01-01,58,3656,56,2654,2,1002,0,0,58,3656,0,0,58,3656,California
Yolo,2021-01-02,69,3725,26,2680,43,1045,0,0,69,3725,0,0,69,3725,California
Yolo,2021-01-03,44,3769,19,2699,25,1070,0,0,44,3769,0,0,44,3769,California
Yolo,2021-01-04,193,3962,43,2742,150,1220,0,0,193,3962,0,0,193,3962,California
Yolo,2021-01-05,614,4576,236,2978,378,1598,0,0,553,4454,61,61,553,4515,California
Yolo,2021-01-06,480,5056,183,3161,297,1895,0,0,349,4672,131,192,349,4864,California
Yolo,2021-01-07,709,5765,234,3395,475,2370,0,0,519,5002,189,381,519,5383,California
Yolo,2021-01-08,634,6399,312,3707,322,2692,0,0,418,5205,215,596,418,5801,California
Yolo,2021-01-09,410,6809,69,3776,341,3033,0,0,364,5523,46,642,364,6165,California
Yolo,2021-01-10,393,7202,80,3856,313,3346,0,0,323,5776,70,712,323,6488,California
Yolo,2021-01-11,563,7765,325,4181,238,3584,0,0,294,5803,269,981,296,6784,California
Yolo,2021-01-12,483,8248,364,4545,119,3703,0,0,175,5671,308,1289,176,6960,California
Yolo,2021-01-13,770,9018,312,4857,458,4161,0,0,520,5941,250,1539,520,7480,California
Yolo,2021-01-14,377,9395,183,5040,194,4355,0,0,273,6110,104,1643,273,7753,California
Yolo,2021-01-15,624,10019,318,5358,306,4661,0,0,545,6577,79,1722,546,8299,California
Yolo,2021-01-16,740,10759,95,5453,645,5306,0,0,709,7255,31,1753,709,9008,California
Yolo,2021-01-17,187,10946,118,5571,69,5375,0,0,180,7428,7,1760,180,9188,California
Yolo,2021-01-18,479,11425,303,5874,176,5551,0,0,379,7707,100,1860,379,9567,California
Yolo,2021-01-19,560,11985,375,6249,185,5736,0,0,385,7917,175,2035,385,9952,California
Yolo,2021-01-20,661,12646,381,6630,280,6016,0,0,475,8207,185,2220,475,10427,California
Yolo,2021-01-21,651,13297,384,7014,267,6283,0,0,463,8482,188,2408,463,10890,California
Yolo,2021-01-22,748,14045,251,7265,497,6780,0,0,631,8998,115,2523,631,11521,California
Yolo,2021-01-23,617,14662,124,7389,493,7273,0,0,569,9519,48,2571,569,12090,California
Yolo,2021-01-24,208,14870,124,7513,84,7357,0,0,167,9645,41,2612,167,12257,California
Yolo,2021-01-25,731,15601,156,7669,575,7932,0,0,514,9942,217,2829,514,12771,California
Yolo,2021-01-26,820,16421,327,7996,493,8425,0,0,429,9980,391,3220,429,13200,California
Yolo,2021-01-27,559,16980,223,8219,336,8761,0,0,383,10187,176,3396,383,13583,California
Yolo,2021-01-28,1052,18032,568,8787,484,9245,0,0,926,10988,125,3521,926,14509,California
Yolo,2021-01-29,887,18919,264,9051,623,9868,0,0,804,11710,82,3603,804,15313,California
Yolo,2021-01-30,1522,20441,919,9970,603,10471,0,0,1410,13014,106,3709,1410,16723,California
Yolo,2021-01-31,249,20690,211,10181,38,10509,0,0,214,13194,34,3743,214,16937,California
Yolo,2021-02-01,846,21536,360,10541,486,10995,0,0,613,13577,230,3973,613,17550,California
Yolo,2021-02-02,1336,22872,753,11294,583,11578,0,0,935,14112,401,4374,936,18486,California
Yolo,2021-02-03,1523,24395,399,11693,1124,12702,0,0,1186,14964,334,4708,1186,19672,California
Yolo,2021-02-04,1791,26186,283,11976,1508,14210,0,0,1240,15665,540,5248,1241,20913,California
Yolo,2021-02-05,1596,27782,905,12881,691,14901,0,0,1196,16463,399,5647,1197,22110,California
Yolo,2021-02-06,1922,29704,1252,14133,670,15571,0,0,1561,17664,361,6008,1562,23672,California
Yolo,2021-02-07,520,30224,250,14383,270,15841,0,0,171,17487,348,6356,171,23843,California
Yolo,2021-02-08,950,31174,332,14715,618,16459,0,0,604,17748,343,6699,604,24447,California
Yolo,2021-02-09,863,32037,389,15104,474,16933,0,0,578,18041,285,6984,578,25025,California
Yolo,2021-02-10,1459,33496,477,15581,982,17915,0,0,821,18226,638,7622,823,25848,California
Yolo,2021-02-11,1571,35067,803,16384,768,18683,0,0,1186,19027,385,8007,1186,27034,California
Yolo,2021-02-12,1915,36982,753,17137,1162,19845,0,0,1445,20006,466,8473,1445,28479,California
Yolo,2021-02-13,2060,39042,714,17851,1346,21191,0,0,1393,20732,667,9140,1393,29872,California
Yolo,2021-02-14,571,39613,155,18006,416,21607,0,0,446,21054,124,9264,446,30318,California
Yolo,2021-02-15,531,40144,189,18195,342,21949,0,0,266,21056,265,9529,267,30585,California
Yolo,2021-02-16,1131,41275,426,18621,705,22654,0,0,810,21546,321,9850,811,31396,California
Yolo,2021-02-17,1394,42669,701,19322,693,23347,0,0,999,22150,395,10245,999,32395,California
Yolo,2021-02-18,2501,45170,817,20139,1684,25031,0,0,1724,23099,776,11021,1725,34120,California
Yolo,2021-02-19,1745,46915,748,20887,997,26028,0,0,1124,23604,619,11640,1124,35244,California
Yolo,2021-02-20,2454,49369,956,21843,1498,27526,0,0,1372,23900,1077,12717,1373,36617,California
Yolo,2021-02-21,285,49654,227,22070,58,27584,0,0,75,23766,209,12926,75,36692,California
Yolo,2021-02-22,1362,51016,600,22670,762,28346,0,0,694,23793,667,13593,694,37386,California
Yolo,2021-02-23,1131,52147,847,23517,284,28630,0,0,434,23532,695,14288,434,37820,California
Yolo,2021-02-24,2094,54241,592,24109,1502,30132,0,0,1383,24206,709,14997,1383,39203,California
Yolo,2021-02-25,1381,55622,486,24595,895,31027,0,0,916,24658,464,15461,916,40119,California
Yolo,2021-02-26,2603,58225,1012,25607,1591,32618,0,0,1386,24830,1214,16675,1386,41505,California
Yolo,2021-02-27,1661,59886,768,26375,893,33511,0,0,1210,25589,451,17126,1210,42715,California
Yolo,2021-02-28,1776,61662,1495,27870,281,33792,0,0,675,25165,1099,18225,675,43390,California
Yolo,2021-03-01,1105,62767,368,28238,737,34529,0,0,673,25408,430,18655,673,44063,California
Yolo,2021-03-02,1472,64239,692,28930,780,35309,0,0,942,25820,530,19185,942,45005,California
Yolo,2021-03-03,1846,66085,634,29564,1212,36521,0,0,832,25640,1012,20197,832,45837,California
Yolo,2021-03-04,2922,69007,1463,31027,1459,37980,0,0,1573,25867,1346,21543,1573,47410,California
Yolo,2021-03-05,2362,71369,1408,32435,943,38923,11,11,1478,26473,883,22426,1489,48899,California
Yolo,2021-03-06,1476,72845,1128,33563,319,39242,29,40,840,26708,634,23060,869,49768,California
Yolo,2021-03-07,915,73760,679,34242,222,39464,14,54,779,27365,136,23196,793,50561,California
Yolo,2021-03-08,1096,74856,491,34733,562,40026,43,97,767,27848,328,23524,811,51372,California
Yolo,2021-03-09,1270,76126,687,35420,522,40548,61,158,776,28193,492,24016,837,52209,California
Yolo,2021-03-10,1806,77932,1055,36475,462,41010,289,447,754,28182,1048,25064,1037,53246,California
Yolo,2021-03-11,2351,80283,1604,38079,679,41689,68,515,1604,29109,746,25810,1673,54919,California
Yolo,2021-03-12,2904,83187,1353,39432,1471,43160,80,595,1373,29038,1523,27333,1452,56371,California
Yolo,2021-03-13,1846,85033,732,40164,937,44097,177,772,1000,29372,843,28176,1177,57548,California
Yolo,2021-03-14,1004,86037,211,40375,643,44740,150,922,523,29560,480,28656,668,58216,California
Yolo,2021-03-15,1323,87360,772,41147,375,45115,176,1098,708,29829,613,29269,882,59098,California
Yolo,2021-03-16,1868,89228,717,41864,1079,46194,72,1170,1103,30239,765,30034,1175,60273,California
Yolo,2021-03-17,2500,91728,973,42837,1455,47649,72,1242,1717,31279,780,30814,1820,62093,California
Yolo,2021-03-18,3027,94755,1028,43865,1775,49424,224,1466,1261,31002,1762,32576,1485,63578,California
Yolo,2021-03-19,2093,96848,870,44735,1155,50579,68,1534,1100,31183,987,33563,1168,64746,California
Yolo,2021-03-20,2770,99618,817,45552,1912,52491,41,1575,1109,30680,1655,35218,1152,65898,California
Yolo,2021-03-21,316,99934,215,45767,93,52584,8,1583,229,30831,86,35304,237,66135,California
Yolo,2021-03-22,1400,101334,488,46255,854,53438,58,1641,920,31331,477,35781,977,67112,California
Yolo,2021-03-23,1737,103071,935,47190,746,54184,56,1697,1073,31796,663,36444,1128,68240,California
Yolo,2021-03-24,2863,105934,1405,48595,1409,55593,49,1746,1412,31819,1439,37883,1462,69702,California
Yolo,2021-03-25,2544,108478,1412,50007,1105,56698,27,1773,1253,31819,1280,39163,1280,70982,California
Yolo,2021-03-26,2398,110876,1255,51262,1124,57822,19,1792,1025,31496,1366,40529,1043,72025,California
Yolo,2021-03-27,1653,112529,454,51716,1182,59004,17,1809,762,31385,890,41419,779,72804,California
Yolo,2021-03-28,1108,113637,864,52580,226,59230,18,1827,270,30839,834,42253,288,73092,California
Yolo,2021-03-29,2013,115650,822,53402,1161,60391,30,1857,979,30818,1030,43283,1009,74101,California
Yolo,2021-03-30,2275,117925,1074,54476,1178,61569,23,1880,1169,30909,1101,44384,1192,75293,California
Yolo,2021-03-31,2349,120274,1220,55696,1093,62662,36,1916,1192,30983,1156,45540,1230,76523,California
Yolo,2021-04-01,3839,124113,1847,57543,1517,64179,475,2391,1617,30856,2219,47759,2092,78615,California
Yolo,2021-04-02,3387,127500,1511,59054,1731,65910,145,2536,2096,31813,1285,49044,2242,80857,California
Yolo,2021-04-03,1797,129297,1082,60136,497,66407,218,2754,801,31838,995,50039,1020,81877,California
Yolo,2021-04-04,391,129688,154,60290,175,66582,62,2816,148,31805,243,50282,210,82087,California
Yolo,2021-04-05,1910,131598,732,61022,1079,67661,99,2915,1012,32023,893,51175,1111,83198,California
Yolo,2021-04-06,2573,134171,1306,62328,1096,68757,171,3086,1303,32238,1261,52436,1476,84674,California
Yolo,2021-04-07,2975,137146,1512,63840,1112,69869,351,3437,1923,33470,1046,53482,2278,86952,California
Yolo,2021-04-08,2417,139563,1002,64842,942,70811,473,3910,1023,33571,1391,54873,1492,88444,California
Yolo,2021-04-09,2572,142135,913,65755,1081,71892,578,4488,843,33259,1726,56599,1414,89858,California
Yolo,2021-04-10,1733,143868,818,66573,739,72631,176,4664,1024,33753,705,57304,1199,91057,California
Yolo,2021-04-11,887,144755,282,66855,561,73192,44,4708,364,33640,520,57824,407,91464,California
Yolo,2021-04-12,1763,146518,520,67375,1099,74291,144,4852,1090,34205,670,58494,1235,92699,California
Yolo,2021-04-13,1969,148487,911,68286,1058,75349,0,4852,1039,34315,929,59423,1039,93738,California
Yolo,2021-04-14,2758,151245,762,69048,1996,77345,0,4852,1360,34283,1392,60815,1360,95098,California
Yolo,2021-04-15,3306,154551,1133,70181,2173,79518,0,4852,2262,35510,1035,61850,2262,97360,California
Yolo,2021-04-16,3038,157589,1957,72138,1081,80599,0,4852,1934,36346,1098,62948,1934,99294,California
Yolo,2021-04-17,1602,159191,470,72608,1132,81731,0,4852,829,36405,770,63718,829,100123,California
Yolo,2021-04-18,634,159825,306,72914,328,82059,0,4852,355,36484,276,63994,355,100478,California
Yolo,2021-04-19,1665,161490,716,73630,948,83007,1,4853,767,36359,893,64887,768,101246,California
Yolo,2021-04-20,1998,163488,1009,74639,989,83996,0,4853,1070,36503,926,65813,1070,102316,California
Yolo,2021-04-21,1981,165469,983,75622,998,84994,0,4853,1082,36690,895,66708,1082,103398,California
Yolo,2021-04-22,1933,167402,876,76498,1057,86051,0,4853,961,36685,967,67675,962,104360,California
Yolo,2021-04-23,2613,170015,1526,78024,1087,87138,0,4853,1163,36410,1438,69113,1163,105523,California
Yolo,2021-04-24,1159,171174,632,78656,525,87663,2,4855,455,36171,696,69809,457,105980,California
Yolo,2021-04-25,942,172116,401,79057,541,88204,0,4855,722,36674,219,70028,722,106702,California
Yolo,2021-04-26,1177,173293,450,79507,724,88928,3,4858,483,36469,692,70720,487,107189,California
Yolo,2021-04-27,1488,174781,697,80204,782,89710,9,4867,572,36137,915,71635,583,107772,California
Yolo,2021-04-28,2014,176795,995,81199,992,90702,27,4894,705,35563,1306,72941,732,108504,California
Yolo,2021-04-29,1713,178508,791,81990,839,91541,83,4977,651,35236,1061,74002,734,109238,California
Yolo,2021-04-30,2006,180514,991,82981,958,92499,57,5034,957,35207,1043,75045,1014,110252,California
Yolo,2021-05-01,1284,181798,998,83979,266,92765,20,5054,382,34708,901,75946,402,110654,California
Yolo,2021-05-02,496,182294,402,84381,71,92836,23,5077,321,34877,175,76121,344,110998,California
Yolo,2021-05-03,1122,183416,407,84788,681,93517,34,5111,304,34398,816,76937,337,111335,California
Yolo,2021-05-04,1439,184855,659,85447,756,94273,24,5135,487,33961,948,77885,511,111846,California
Yolo,2021-05-05,1552,186407,422,85869,1064,95337,66,5201,437,33356,1108,78993,503,112349,California
Yolo,2021-05-06,1509,187916,700,86569,729,96066,80,5281,503,32946,993,79986,583,112932,California
Yolo,2021-05-07,2300,190216,1374,87943,875,96941,51,5332,458,31620,1834,81820,508,113440,California
Yolo,2021-05-08,834,191050,359,88302,418,97359,57,5389,311,31467,520,82340,367,113807,California
Yolo,2021-05-09,393,191443,163,88465,217,97576,13,5402,90,31268,302,82642,103,113910,California
Yolo,2021-05-10,902,192345,356,88821,500,98076,46,5448,154,30721,746,83388,199,114109,California
Yolo,2021-05-11,1120,193465,649,89470,449,98525,22,5470,275,30176,841,84229,296,114405,California
Yolo,2021-05-12,1496,194961,661,90131,807,99332,28,5498,276,29266,1217,85446,307,114712,California
Yolo,2021-05-13,2061,197022,776,90907,1227,100559,58,5556,588,28443,1469,86915,646,115358,California
Yolo,2021-05-14,1908,198930,1400,92307,477,101036,31,5587,1041,28653,863,87778,1073,116431,California
Yolo,2021-05-15,1203,200133,687,92994,470,101506,46,5633,611,28718,592,88370,657,117088,California
Yolo,2021-05-16,1345,201478,1190,94184,148,101654,7,5640,984,29354,356,88726,992,118080,California
Yolo,2021-05-17,799,202277,398,94582,384,102038,17,5657,288,29154,505,89231,305,118385,California
Yolo,2021-05-18,1381,203658,983,95565,381,102419,17,5674,831,29457,545,89776,848,119233,California
Yolo,2021-05-19,602,204260,404,95969,176,102595,22,5696,350,29578,251,90027,372,119605,California
Yuba,2020-12-16,4,4,4,4,0,0,0,0,4,4,0,0,4,4,California
Yuba,2020-12-17,4,8,4,8,0,0,0,0,4,8,0,0,4,8,California
Yuba,2020-12-18,8,16,8,16,0,0,0,0,8,16,0,0,8,16,California
Yuba,2020-12-19,12,28,12,28,0,0,0,0,12,28,0,0,12,28,California
Yuba,2020-12-20,20,48,20,48,0,0,0,0,20,48,0,0,20,48,California
Yuba,2020-12-21,40,88,40,88,0,0,0,0,40,88,0,0,40,88,California
Yuba,2020-12-22,86,174,86,174,0,0,0,0,86,174,0,0,86,174,California
Yuba,2020-12-23,64,238,62,236,2,2,0,0,64,238,0,0,64,238,California
Yuba,2020-12-24,20,258,10,246,10,12,0,0,20,258,0,0,20,258,California
Yuba,2020-12-26,15,273,13,259,2,14,0,0,15,273,0,0,15,273,California
Yuba,2020-12-27,15,288,15,274,0,14,0,0,15,288,0,0,15,288,California
Yuba,2020-12-28,51,339,35,309,16,30,0,0,51,339,0,0,51,339,California
Yuba,2020-12-29,75,414,10,319,65,95,0,0,75,414,0,0,75,414,California
Yuba,2020-12-30,64,478,20,339,44,139,0,0,64,478,0,0,64,478,California
Yuba,2020-12-31,38,516,7,346,31,170,0,0,38,516,0,0,38,516,California
Yuba,2021-01-02,23,539,22,368,1,171,0,0,23,539,0,0,23,539,California
Yuba,2021-01-03,10,549,6,374,4,175,0,0,10,549,0,0,10,549,California
Yuba,2021-01-04,90,639,21,395,69,244,0,0,90,639,0,0,90,639,California
Yuba,2021-01-05,70,709,38,433,32,276,0,0,69,707,1,1,69,708,California
Yuba,2021-01-06,154,863,76,509,78,354,0,0,148,849,6,7,148,856,California
Yuba,2021-01-07,75,938,19,528,56,410,0,0,72,917,4,11,72,928,California
Yuba,2021-01-08,73,1011,25,553,48,458,0,0,66,976,7,18,66,994,California
Yuba,2021-01-09,19,1030,16,569,3,461,0,0,11,979,8,26,11,1005,California
Yuba,2021-01-10,117,1147,22,591,95,556,0,0,95,1052,22,48,95,1100,California
Yuba,2021-01-11,72,1219,50,641,22,578,0,0,32,1044,40,88,32,1132,California
Yuba,2021-01-12,107,1326,77,718,30,608,0,0,42,1021,65,153,42,1174,California
Yuba,2021-01-13,119,1445,72,790,47,655,0,0,54,1011,64,217,54,1228,California
Yuba,2021-01-14,110,1555,43,833,67,722,0,0,98,1097,12,229,98,1326,California
Yuba,2021-01-15,206,1761,88,921,118,840,0,0,195,1281,11,240,195,1521,California
Yuba,2021-01-16,184,1945,21,942,163,1003,0,0,172,1440,13,253,172,1693,California
Yuba,2021-01-17,13,1958,9,951,4,1007,0,0,7,1441,6,259,7,1700,California
Yuba,2021-01-18,60,2018,32,983,28,1035,0,0,35,1451,25,284,35,1735,California
Yuba,2021-01-19,81,2099,30,1013,51,1086,0,0,66,1502,15,299,66,1801,California
Yuba,2021-01-20,133,2232,87,1100,46,1132,0,0,110,1589,23,322,110,1911,California
Yuba,2021-01-21,213,2445,97,1197,116,1248,0,0,205,1786,8,330,205,2116,California
Yuba,2021-01-22,105,2550,7,1204,98,1346,0,0,96,1873,9,339,96,2212,California
Yuba,2021-01-23,200,2750,7,1211,193,1539,0,0,197,2067,3,342,197,2409,California
Yuba,2021-01-24,10,2760,7,1218,3,1542,0,0,8,2073,2,344,8,2417,California
Yuba,2021-01-25,85,2845,29,1247,56,1598,0,0,53,2095,31,375,53,2470,California
Yuba,2021-01-26,148,2993,39,1286,109,1707,0,0,90,2127,58,433,90,2560,California
Yuba,2021-01-27,183,3176,128,1414,55,1762,0,0,115,2174,68,501,115,2675,California
Yuba,2021-01-28,217,3393,79,1493,138,1900,0,0,175,2307,42,543,175,2850,California
Yuba,2021-01-29,158,3551,55,1548,103,2003,0,0,111,2371,47,590,111,2961,California
Yuba,2021-01-30,410,3961,23,1571,387,2390,0,0,399,2759,11,601,399,3360,California
Yuba,2021-01-31,18,3979,12,1583,6,2396,0,0,16,2773,2,603,16,3376,California
Yuba,2021-02-01,155,4134,75,1658,80,2476,0,0,131,2882,23,626,132,3508,California
Yuba,2021-02-02,123,4257,23,1681,100,2576,0,0,101,2961,22,648,101,3609,California
Yuba,2021-02-03,226,4483,29,1710,197,2773,0,0,114,2964,111,759,114,3723,California
Yuba,2021-02-04,296,4779,121,1831,175,2948,0,0,253,3174,43,802,253,3976,California
Yuba,2021-02-05,147,4926,32,1863,115,3063,0,0,71,3169,76,878,71,4047,California
Yuba,2021-02-06,450,5376,26,1889,424,3487,0,0,442,3603,8,886,442,4489,California
Yuba,2021-02-07,18,5394,11,1900,7,3494,0,0,15,3615,3,889,15,4504,California
Yuba,2021-02-08,96,5490,35,1935,61,3555,0,0,66,3651,30,919,66,4570,California
Yuba,2021-02-09,155,5645,57,1992,98,3653,0,0,85,3666,70,989,85,4655,California
Yuba,2021-02-10,352,5997,172,2164,180,3833,0,0,114,3543,237,1226,114,4769,California
Yuba,2021-02-11,396,6393,63,2227,333,4166,0,0,298,3745,96,1322,298,5067,California
Yuba,2021-02-12,265,6658,27,2254,238,4404,0,0,151,3782,114,1436,151,5218,California
Yuba,2021-02-13,437,7095,37,2291,400,4804,0,0,387,4119,50,1486,387,5605,California
Yuba,2021-02-14,54,7149,11,2302,43,4847,0,0,49,4163,5,1491,49,5654,California
Yuba,2021-02-15,87,7236,36,2338,51,4898,0,0,68,4212,19,1510,68,5722,California
Yuba,2021-02-16,199,7435,53,2391,146,5044,0,0,140,4294,58,1568,140,5862,California
Yuba,2021-02-17,372,7807,156,2547,216,5260,0,0,99,4121,272,1840,99,5961,California
Yuba,2021-02-18,318,8125,47,2594,271,5531,0,0,194,4191,124,1964,194,6155,California
Yuba,2021-02-19,225,8350,82,2676,143,5674,0,0,142,4250,83,2047,142,6297,California
Yuba,2021-02-20,390,8740,31,2707,359,6033,0,0,336,4532,54,2101,336,6633,California
Yuba,2021-02-21,17,8757,14,2721,3,6036,0,0,7,4529,10,2111,7,6640,California
Yuba,2021-02-22,128,8885,79,2800,49,6085,0,0,38,4478,89,2200,38,6678,California
Yuba,2021-02-23,114,8999,25,2825,89,6174,0,0,47,4459,66,2266,47,6725,California
Yuba,2021-02-24,482,9481,136,2961,346,6520,0,0,107,4191,375,2641,107,6832,California
Yuba,2021-02-25,344,9825,139,3100,205,6725,0,0,214,4275,130,2771,214,7046,California
Yuba,2021-02-26,257,10082,68,3168,189,6914,0,0,143,4306,112,2883,143,7189,California
Yuba,2021-02-27,473,10555,48,3216,425,7339,0,0,384,4603,87,2970,384,7573,California
Yuba,2021-02-28,66,10621,21,3237,45,7384,0,0,45,4627,21,2991,45,7618,California
Yuba,2021-03-01,156,10777,40,3277,116,7500,0,0,80,4632,75,3066,80,7698,California
Yuba,2021-03-02,160,10937,36,3313,124,7624,0,0,80,4632,80,3146,80,7778,California
Yuba,2021-03-03,623,11560,159,3472,464,8088,0,0,200,4410,422,3568,200,7978,California
Yuba,2021-03-04,467,12027,271,3743,196,8284,0,0,325,4594,141,3709,325,8303,California
Yuba,2021-03-05,317,12344,60,3803,256,8540,1,1,249,4776,68,3777,250,8553,California
Yuba,2021-03-06,475,12819,35,3838,436,8976,4,5,369,5043,106,3883,373,8926,California
Yuba,2021-03-07,49,12868,27,3865,21,8997,1,6,33,5061,16,3899,34,8960,California
Yuba,2021-03-08,160,13028,49,3914,95,9092,16,22,101,5119,59,3958,117,9077,California
Yuba,2021-03-09,179,13207,48,3962,111,9203,20,42,85,5130,94,4052,105,9182,California
Yuba,2021-03-10,737,13944,234,4196,473,9676,30,72,232,4888,504,4556,262,9444,California
Yuba,2021-03-11,438,14382,197,4393,229,9905,12,84,295,5052,143,4699,307,9751,California
Yuba,2021-03-12,461,14843,86,4479,321,10226,54,138,150,4945,311,5010,204,9955,California
Yuba,2021-03-13,460,15303,340,4819,105,10331,15,153,361,5223,98,5108,376,10331,California
Yuba,2021-03-14,107,15410,21,4840,76,10407,10,163,46,5219,60,5168,56,10387,California
Yuba,2021-03-15,190,15600,49,4889,124,10531,17,180,96,5238,94,5262,113,10500,California
Yuba,2021-03-16,290,15890,71,4960,194,10725,25,205,177,5328,112,5374,202,10702,California
Yuba,2021-03-17,739,16629,162,5122,548,11273,29,234,193,5006,544,5918,222,10924,California
Yuba,2021-03-18,585,17214,160,5282,312,11585,113,347,355,5243,230,6148,467,11391,California
Yuba,2021-03-19,327,17541,120,5402,158,11743,49,396,188,5342,138,6286,237,11628,California
Yuba,2021-03-20,556,18097,81,5483,457,12200,18,414,476,5757,79,6365,494,12122,California
Yuba,2021-03-21,60,18157,35,5518,25,12225,0,414,48,5793,12,6377,48,12170,California
Yuba,2021-03-22,190,18347,70,5588,113,12338,7,421,148,5906,42,6419,155,12325,California
Yuba,2021-03-23,264,18611,80,5668,157,12495,27,448,177,6025,85,6504,204,12529,California
Yuba,2021-03-24,770,19381,255,5923,434,12929,81,529,189,5715,579,7083,269,12798,California
Yuba,2021-03-25,502,19883,268,6191,212,13141,22,551,248,5731,254,7337,270,13068,California
Yuba,2021-03-26,393,20276,143,6334,223,13364,27,578,226,5818,166,7503,253,13321,California
Yuba,2021-03-27,459,20735,27,6361,429,13793,3,581,404,6170,54,7557,406,13727,California
Yuba,2021-03-28,99,20834,40,6401,55,13848,4,585,37,6149,62,7619,41,13768,California
Yuba,2021-03-29,295,21129,86,6487,177,14025,32,617,179,6244,116,7735,211,13979,California
Yuba,2021-03-30,274,21403,68,6555,198,14223,8,625,189,6356,85,7820,197,14176,California
Yuba,2021-03-31,668,22071,114,6669,542,14765,12,637,238,6177,429,8249,250,14426,California
Yuba,2021-04-01,621,22692,288,6957,304,15069,29,666,287,6159,334,8583,316,14742,California
Yuba,2021-04-02,494,23186,94,7051,317,15386,83,749,186,6121,307,8890,269,15011,California
Yuba,2021-04-03,653,23839,54,7105,117,15503,482,1231,86,6123,566,9456,568,15579,California
Yuba,2021-04-04,59,23898,11,7116,42,15545,6,1237,34,6138,25,9481,40,15619,California
Yuba,2021-04-05,247,24145,79,7195,147,15692,21,1258,124,6162,121,9602,145,15764,California
Yuba,2021-04-06,354,24499,114,7309,180,15872,60,1318,171,6211,182,9784,231,15995,California
Yuba,2021-04-07,770,25269,396,7705,321,16193,53,1371,347,6190,420,10204,399,16394,California
Yuba,2021-04-08,740,26009,288,7993,190,16383,262,1633,275,6262,464,10668,536,16930,California
Yuba,2021-04-09,396,26405,173,8166,157,16540,66,1699,162,6257,233,10901,228,17158,California
Yuba,2021-04-10,592,26997,71,8237,74,16614,447,2146,70,6253,520,11421,516,17674,California
Yuba,2021-04-11,102,27099,26,8263,64,16678,12,2158,43,6249,59,11480,55,17729,California
Yuba,2021-04-12,211,27310,45,8308,137,16815,29,2187,80,6228,130,11610,109,17838,California
Yuba,2021-04-13,397,27707,103,8411,294,17109,0,2187,204,6240,192,11802,204,18042,California
Yuba,2021-04-14,694,28401,109,8520,585,17694,0,2187,120,5787,573,12375,120,18162,California
Yuba,2021-04-15,337,28738,128,8648,209,17903,0,2187,147,5744,190,12565,147,18309,California
Yuba,2021-04-16,333,29071,100,8748,233,18136,0,2187,178,5767,155,12720,178,18487,California
Yuba,2021-04-17,403,29474,58,8806,345,18481,0,2187,332,6029,70,12790,332,18819,California
Yuba,2021-04-18,53,29527,10,8816,43,18524,0,2187,25,6026,28,12818,25,18844,California
Yuba,2021-04-19,246,29773,103,8919,143,18667,0,2187,105,5990,141,12959,105,18949,California
Yuba,2021-04-20,313,30086,77,8996,236,18903,0,2187,176,6031,136,13095,177,19126,California
Yuba,2021-04-21,700,30786,282,9278,418,19321,0,2187,299,5929,401,13496,299,19425,California
Yuba,2021-04-22,340,31126,132,9410,208,19529,0,2187,184,5957,156,13652,184,19609,California
Yuba,2021-04-23,341,31467,110,9520,231,19760,0,2187,162,5941,178,13830,162,19771,California
Yuba,2021-04-24,216,31683,68,9588,148,19908,0,2187,123,5971,93,13923,123,19894,California
Yuba,2021-04-25,73,31756,30,9618,43,19951,0,2187,36,5970,37,13960,36,19930,California
Yuba,2021-04-26,224,31980,54,9672,166,20117,4,2191,102,5954,122,14082,106,20036,California
Yuba,2021-04-27,472,32452,162,9834,300,20417,10,2201,233,5960,237,14319,243,20279,California
Yuba,2021-04-28,430,32882,174,10008,251,20668,5,2206,143,5827,281,14600,148,20427,California
Yuba,2021-04-29,426,33308,63,10071,362,21030,1,2207,144,5691,281,14881,145,20572,California
Yuba,2021-04-30,329,33637,93,10164,206,21236,30,2237,140,5674,187,15068,170,20742,California
Yuba,2021-05-01,206,33843,91,10255,96,21332,19,2256,93,5674,112,15180,112,20854,California
Yuba,2021-05-02,64,33907,34,10289,26,21358,4,2260,37,5688,27,15207,41,20895,California
Yuba,2021-05-03,142,34049,66,10355,67,21425,9,2269,45,5648,94,15301,54,20949,California
Yuba,2021-05-04,318,34367,94,10449,203,21628,21,2290,140,5631,178,15479,161,21110,California
Yuba,2021-05-05,315,34682,78,10527,231,21859,6,2296,114,5550,201,15680,120,21230,California
Yuba,2021-05-06,275,34957,103,10630,134,21993,38,2334,90,5496,182,15862,128,21358,California
Yuba,2021-05-07,360,35317,95,10725,236,22229,29,2363,121,5406,239,16101,149,21507,California
Yuba,2021-05-08,104,35421,32,10757,69,22298,3,2366,46,5397,58,16159,49,21556,California
Yuba,2021-05-09,52,35473,23,10780,26,22324,3,2369,37,5422,15,16174,40,21596,California
Yuba,2021-05-10,172,35645,56,10836,98,22422,18,2387,54,5377,117,16291,72,21668,California
Yuba,2021-05-11,364,36009,161,10997,191,22613,12,2399,135,5296,227,16518,146,21814,California
Yuba,2021-05-12,243,36252,119,11116,118,22731,6,2405,92,5243,151,16669,98,21912,California
Yuba,2021-05-13,342,36594,186,11302,113,22844,43,2448,109,5164,231,16900,152,22064,California
Yuba,2021-05-14,348,36942,127,11429,200,23044,21,2469,147,5129,201,17101,166,22230,California
Yuba,2021-05-15,429,37371,104,11533,305,23349,20,2489,108,4937,319,17420,127,22357,California
Yuba,2021-05-16,135,37506,42,11575,85,23434,8,2497,87,4985,47,17467,95,22452,California
Yuba,2021-05-17,207,37713,89,11664,100,23534,18,2515,89,4976,116,17583,107,22559,California
Yuba,2021-05-18,265,37978,101,11765,163,23697,1,2516,110,4932,155,17738,111,22670,California
Yuba,2021-05-19,150,38128,78,11843,68,23765,4,2520,66,4918,84,17822,70,22740,California
