county,administered_date,total_doses,cumulative_total_doses,pfizer_doses,cumulative_pfizer_doses,moderna_doses,cumulative_moderna_doses,jj_doses,cumulative_jj_doses,partially_vaccinated,total_partially_vaccinated,fully_vaccinated,cumulative_fully_vaccinated,at_least_one_dose,cumulative_at_least_one_dose,california_flag
All CA Counties,2020-12-15,1141,1141,1141,1141,0,0,0,0,1141,1141,0,0,1141,1141,
All CA Counties,2020-12-16,8432,9573,8432,9573,0,0,0,0,8432,9573,0,0,8432,9573,
All CA Counties,2020-12-17,26290,35863,26290,35863,0,0,0,0,26292,35865,0,0,26292,35865,
All CA Counties,2020-12-18,44724,80587,44668,80531,56,56,0,0,44724,80588,1,1,44724,80589,
All CA Counties,2020-12-19,25325,105912,25300,105831,25,81,0,0,25324,105911,1,2,25324,105913,
All CA Counties,2020-12-20,18999,124911,18973,124804,26,107,0,0,18998,124908,1,3,18998,124911,
All CA Counties,2020-12-21,49652,174563,49564,174368,88,195,0,0,49654,174561,2,5,49655,174566,
All CA Counties,2020-12-22,49995,224558,47866,222234,2129,2324,0,0,49992,224551,2,7,49992,224558,
All CA Counties,2020-12-23,50587,275145,41803,264037,8784,11108,0,0,50583,275133,4,11,50586,275144,
All CA Counties,2020-12-24,24063,299208,16339,280376,7724,18832,0,0,24060,299192,3,14,24062,299206,
All CA Counties,2020-12-25,2342,301550,2019,282395,323,19155,0,0,2342,301534,0,14,2342,301548,
All CA Counties,2020-12-26,14610,316160,9458,291853,5152,24307,0,0,14608,316140,2,16,14608,316156,
All CA Counties,2020-12-27,9440,325600,5594,297447,3846,28153,0,0,9439,325578,1,17,9439,325595,
All CA Counties,2020-12-28,45891,371491,29426,326873,16465,44618,0,0,45888,371463,3,20,45888,371483,
All CA Counties,2020-12-29,51043,422534,28445,355318,22598,67216,0,0,51039,422499,3,23,51039,422522,
All CA Counties,2020-12-30,62943,485477,35538,390856,27405,94621,0,0,62935,485431,6,29,62938,485460,
All CA Counties,2020-12-31,29387,514864,10859,401715,18528,113149,0,0,29378,514803,7,36,29379,514839,
All CA Counties,2021-01-01,4271,519135,1920,403635,2351,115500,0,0,4266,519065,4,40,4266,519105,
All CA Counties,2021-01-02,18470,537605,10204,413839,8266,123766,0,0,18469,537534,0,40,18469,537574,
All CA Counties,2021-01-03,6173,543778,3494,417333,2679,126445,0,0,6137,543655,16,56,6137,543711,
All CA Counties,2021-01-04,43599,587377,22092,439425,21507,147952,0,0,43458,587009,104,160,43458,587169,
All CA Counties,2021-01-05,56544,643921,29798,469223,26746,174698,0,0,50999,632613,5488,5648,51092,638261,
All CA Counties,2021-01-06,73374,717295,40491,509714,32883,207581,0,0,57809,675073,15385,21033,57845,696106,
All CA Counties,2021-01-07,92086,809381,52380,562094,39706,247287,0,0,61016,705253,30898,51931,61078,757184,
All CA Counties,2021-01-08,106730,916111,64098,626192,42632,289919,0,0,65077,728877,41518,93449,65142,822326,
All CA Counties,2021-01-09,44359,960470,25509,651701,18850,308769,0,0,27786,740142,16548,109997,27813,850139,
All CA Counties,2021-01-10,24321,984791,14854,666555,9467,318236,0,0,13081,742019,11223,121220,13100,863239,
All CA Counties,2021-01-11,104517,1089308,69539,736094,34978,353214,0,0,60609,758934,43865,165085,60780,924019,
All CA Counties,2021-01-12,113420,1202728,67105,803199,46315,399529,0,0,72362,790550,40980,206065,72596,996615,
All CA Counties,2021-01-13,119115,1321843,61778,864977,57337,456866,0,0,85332,842265,33698,239763,85413,1082028,
All CA Counties,2021-01-14,123755,1445598,49582,914559,74173,531039,0,0,104164,927105,19489,259252,104329,1186357,
All CA Counties,2021-01-15,141834,1587432,51775,966334,90059,621098,0,0,126758,1039090,14983,274235,126968,1313325,
All CA Counties,2021-01-16,80419,1667851,27329,993663,53090,674188,0,0,72849,1104448,7543,281778,72901,1386226,
All CA Counties,2021-01-17,48228,1716079,16836,1010499,31392,705580,0,0,44571,1145417,3650,285428,44619,1430845,
All CA Counties,2021-01-18,88118,1804197,45978,1056477,42140,747720,0,0,68825,1195189,19218,304646,68990,1499835,
All CA Counties,2021-01-19,141908,1946105,73619,1130096,68289,816009,0,0,110758,1275215,31059,335705,111085,1610920,
All CA Counties,2021-01-20,160253,2106358,81882,1211978,78371,894380,0,0,126675,1368788,33359,369064,126932,1737852,
All CA Counties,2021-01-21,173310,2279668,76848,1288826,96462,990842,0,0,154209,1504457,18891,387955,154560,1892412,
All CA Counties,2021-01-22,169520,2449188,69175,1358001,100345,1091187,0,0,155238,1645695,14145,402100,155383,2047795,
All CA Counties,2021-01-23,111361,2560549,49442,1407443,61919,1153106,0,0,98847,1732203,12456,414556,98964,2146759,
All CA Counties,2021-01-24,60954,2621503,29467,1436910,31487,1184593,0,0,56303,1783947,4620,419176,56364,2203123,
All CA Counties,2021-01-25,145229,2766732,65422,1502332,79807,1264400,0,0,110076,1859356,35026,454202,110435,2313558,
All CA Counties,2021-01-26,168945,2935677,82981,1585313,85964,1350364,0,0,131409,1953619,37403,491605,131666,2445224,
All CA Counties,2021-01-27,182626,3118303,87983,1673296,94643,1445007,0,0,143258,2058042,39046,530651,143469,2588693,
All CA Counties,2021-01-28,187902,3306205,86738,1760034,101164,1546171,0,0,153789,2178221,33826,564477,154005,2742698,
All CA Counties,2021-01-29,183739,3489944,88359,1848393,95380,1641551,0,0,149100,2293426,34067,598544,149272,2891970,
All CA Counties,2021-01-30,123608,3613552,55788,1904181,67820,1709371,0,0,108200,2386525,15242,613786,108341,3000311,
All CA Counties,2021-01-31,69234,3682786,38809,1942990,30425,1739796,0,0,64441,2446277,4744,618530,64496,3064807,
All CA Counties,2021-02-01,161899,3844685,75948,2018938,85951,1825747,0,0,121186,2527047,40550,659080,121320,3186127,
All CA Counties,2021-02-02,185213,4029898,77991,2096929,107222,1932969,0,0,140768,2623871,44168,703248,140992,3327119,
All CA Counties,2021-02-03,210832,4240730,95516,2192445,115316,2048285,0,0,156485,2726752,53852,757100,156733,3483852,
All CA Counties,2021-02-04,227780,4468510,99827,2292272,127953,2176238,0,0,167209,2834289,60035,817135,167572,3651424,
All CA Counties,2021-02-05,245989,4714499,106481,2398753,139508,2315746,0,0,167253,2924116,77964,895099,167791,3819215,
All CA Counties,2021-02-06,154983,4869482,75051,2473804,79932,2395678,0,0,120208,3010211,34607,929706,120702,3939917,
All CA Counties,2021-02-07,67052,4936534,43431,2517235,23621,2419299,0,0,50611,3044911,16362,946068,51062,3990979,
All CA Counties,2021-02-08,181253,5117787,89409,2606644,91844,2511143,0,0,119768,3104371,61055,1007123,120515,4111494,
All CA Counties,2021-02-09,211445,5329232,102304,2708948,109141,2620284,0,0,126856,3148242,84137,1091260,128008,4239502,
All CA Counties,2021-02-10,248605,5577837,119782,2828730,128823,2749107,0,0,138082,3178091,109711,1200971,139560,4379062,
All CA Counties,2021-02-11,265489,5843326,131546,2960276,133943,2883050,0,0,145139,3205781,119239,1320210,146929,4525991,
All CA Counties,2021-02-12,272408,6115734,119374,3079650,153034,3036084,0,0,147102,3230829,124426,1444636,149474,4675465,
All CA Counties,2021-02-13,166693,6282427,77310,3156960,89383,3125467,0,0,92109,3250676,74212,1518848,94059,4769524,
All CA Counties,2021-02-14,95313,6377740,47423,3204383,47890,3173357,0,0,51568,3260207,43580,1562428,53111,4822635,
All CA Counties,2021-02-15,142425,6520165,62489,3266872,79936,3253293,0,0,78791,3278862,63260,1625688,81915,4904550,
All CA Counties,2021-02-16,248944,6769109,118221,3385093,130723,3384016,0,0,133142,3299677,115423,1741111,136238,5040788,
All CA Counties,2021-02-17,259104,7028213,129018,3514111,130086,3514102,0,0,129004,3302333,129557,1870668,132213,5173001,
All CA Counties,2021-02-18,272904,7301117,142397,3656508,130507,3644609,0,0,131930,3298211,140271,2010939,136149,5309150,
All CA Counties,2021-02-19,253312,7554429,146951,3803459,106361,3750970,0,0,130732,3308945,122086,2133025,132820,5441970,
All CA Counties,2021-02-20,153714,7708143,98490,3901949,55224,3806194,0,0,84574,3326621,68879,2201904,86555,5528525,
All CA Counties,2021-02-21,82845,7790988,68613,3970562,14232,3820426,0,0,41659,3328883,40944,2242848,43206,5571731,
All CA Counties,2021-02-22,164797,7955785,110438,4081000,54359,3874785,0,0,82491,3331110,81987,2324835,84214,5655945,
All CA Counties,2021-02-23,226252,8182037,119830,4200830,106422,3981207,0,0,105373,3322187,120283,2445118,111360,5767305,
All CA Counties,2021-02-24,283891,8465928,143637,4344467,140254,4121461,0,0,134780,3316021,148485,2593603,142319,5909624,
All CA Counties,2021-02-25,322653,8788581,159281,4503748,163372,4284833,0,0,169039,3340688,152922,2746525,177589,6087213,
All CA Counties,2021-02-26,357007,9145588,166503,4670251,190504,4475337,0,0,198756,3389381,157337,2903862,206030,6293243,
All CA Counties,2021-02-27,253536,9399124,123447,4793698,130067,4605404,22,22,144114,3429127,108802,3012664,148548,6441791,
All CA Counties,2021-02-28,135210,9534334,81136,4874834,54067,4659471,7,29,79565,3456321,55217,3067881,82411,6524202,
All CA Counties,2021-03-01,243960,9778294,130349,5005183,113508,4772979,103,132,140628,3498488,102569,3170450,144736,6668938,
All CA Counties,2021-03-02,289249,10067543,146377,5151560,142846,4915825,26,158,174459,3565593,114272,3284722,181377,6850315,
All CA Counties,2021-03-03,332318,10399861,164957,5316517,167304,5083129,57,215,191407,3624124,140220,3424942,198751,7049066,
All CA Counties,2021-03-04,351512,10751373,178059,5494576,173362,5256491,91,306,206356,3693195,144406,3569348,213477,7262543,
All CA Counties,2021-03-05,339683,11091056,167175,5661751,171385,5427876,1123,1429,211518,3785747,127353,3696701,219905,7482448,
All CA Counties,2021-03-06,259611,11350667,133315,5795066,118444,5546320,7852,9281,161511,3862134,97680,3794381,174067,7656515,
All CA Counties,2021-03-07,127861,11478528,78579,5873645,45132,5591452,4150,13431,80119,3902524,47555,3841936,87945,7744460,
All CA Counties,2021-03-08,219200,11697728,106399,5980044,102305,5693757,10496,23927,143533,3986237,75282,3917218,158995,7903455,
All CA Counties,2021-03-09,291519,11989247,139383,6119427,136214,5829971,15922,39849,163668,4042512,127362,4044580,183637,8087092,
All CA Counties,2021-03-10,322608,12311855,160970,6280397,137183,5967154,24455,64304,174969,4099120,146982,4191562,203590,8290682,
All CA Counties,2021-03-11,376505,12688360,181987,6462384,161202,6128356,33316,97620,193505,4148081,182071,4373633,231032,8521714,
All CA Counties,2021-03-12,395130,13083490,176640,6639024,172198,6300554,46292,143912,194035,4192296,200294,4573927,244509,8766223,
All CA Counties,2021-03-13,283388,13366878,124906,6763930,127352,6427906,31130,175042,153086,4250912,129847,4703774,188463,8954686,
All CA Counties,2021-03-14,154937,13521815,83289,6847219,56555,6484461,15093,190135,78556,4270727,76094,4779868,95909,9050595,
All CA Counties,2021-03-15,290579,13812394,138868,6986087,131159,6615620,20552,210687,158067,4320948,131770,4911638,181991,9232586,
All CA Counties,2021-03-16,370201,14182595,173903,7159990,178996,6794616,17302,227989,214621,4401227,154845,5066483,235124,9467710,
All CA Counties,2021-03-17,383611,14566206,189732,7349722,175327,6969943,18552,246541,237541,4514587,145248,5211731,258608,9726318,
All CA Counties,2021-03-18,400696,14966902,205271,7554993,177434,7147377,17991,264532,237614,4610278,161988,5373719,257679,9983997,
All CA Counties,2021-03-19,410703,15377605,215930,7770923,173164,7320541,21609,286141,238268,4700660,171461,5545180,261843,10245840,
All CA Counties,2021-03-20,294802,15672407,155059,7925982,123875,7444416,15868,302009,186145,4796114,107998,5653178,203452,10449292,
All CA Counties,2021-03-21,143735,15816142,99366,8025348,36841,7481257,7528,309537,88290,4838205,55082,5708260,97173,10546465,
All CA Counties,2021-03-22,273181,16089323,159046,8184394,102920,7584177,11215,320752,177502,4935027,94901,5803161,191723,10738188,
All CA Counties,2021-03-23,357178,16446501,196605,8380999,149504,7733681,11069,331821,219339,5031095,136922,5940083,232990,10971178,
All CA Counties,2021-03-24,387419,16833920,221903,8602902,153032,7886713,12484,344305,225720,5110931,160462,6100545,240298,11211476,
All CA Counties,2021-03-25,417685,17251605,230190,8833092,172664,8059377,14831,359136,236812,5185172,179561,6280106,253802,11465278,
All CA Counties,2021-03-26,434900,17686505,232693,9065785,186131,8245508,16076,375212,234806,5240005,198892,6478998,253725,11719003,
All CA Counties,2021-03-27,312518,17999023,166232,9232017,134512,8380020,11774,386986,157622,5257565,154082,6633080,171642,11890645,
All CA Counties,2021-03-28,169321,18168344,109027,9341044,56710,8436730,3584,390570,88724,5271646,80144,6713224,94225,11984870,
All CA Counties,2021-03-29,310157,18478501,166976,9508020,134135,8570865,9046,399616,172594,5318990,136792,6850016,184136,12169006,
All CA Counties,2021-03-30,398248,18876749,201825,9709845,178214,8749079,18209,417825,224203,5389917,173250,7023266,244177,12413183,
All CA Counties,2021-03-31,426150,19302899,231938,9941783,172543,8921622,21669,439494,238284,5464047,186843,7210109,260973,12674156,
All CA Counties,2021-04-01,491563,19794462,251806,10193589,199504,9121126,40253,479747,271574,5558360,218658,7428767,312971,12987127,
All CA Counties,2021-04-02,473513,20267975,230902,10424491,199453,9320579,43158,522905,257395,5645640,214887,7643654,302167,13289294,
All CA Counties,2021-04-03,329416,20597391,167794,10592285,120184,9440763,41438,564343,164287,5688000,164488,7808142,206848,13496142,
All CA Counties,2021-04-04,132431,20729822,69099,10661384,44316,9485079,19016,583359,58087,5691204,74042,7882184,77246,13573388,
All CA Counties,2021-04-05,353056,21082878,182006,10843390,131369,9616448,39681,623040,174053,5729037,178318,8060502,216151,13789539,
All CA Counties,2021-04-06,456987,21539865,231594,11074984,159965,9776413,65428,688468,221732,5783777,234319,8294821,289059,14078598,
All CA Counties,2021-04-07,471674,22011539,244761,11319745,157019,9933432,69894,758362,230014,5843984,240708,8535529,300915,14379513,
All CA Counties,2021-04-08,499285,22510824,251750,11571495,163257,10096689,84278,842640,235312,5903004,262803,8798332,321823,14701336,
All CA Counties,2021-04-09,494091,23004915,246311,11817806,168077,10264766,79703,922343,227868,5948480,265159,9063491,310635,15011971,
All CA Counties,2021-04-10,366763,23371678,167820,11985626,124782,10389548,74161,996504,154051,5967390,211963,9275454,230873,15242844,
All CA Counties,2021-04-11,187364,23559042,105158,12090784,48130,10437678,34076,1030580,77584,5972449,109438,9384892,114497,15357341,
All CA Counties,2021-04-12,339196,23898238,174059,12264843,127076,10564754,38061,1068641,157224,5990298,181013,9565905,198862,15556203,
All CA Counties,2021-04-13,431511,24329749,241402,12506245,189169,10753923,940,1069581,241225,6046198,189297,9755202,245197,15801400,
All CA Counties,2021-04-14,450226,24779975,252381,12758626,197560,10951483,285,1069866,235184,6072400,213884,9969086,240086,16041486,
All CA Counties,2021-04-15,490164,25270139,285472,13044098,204452,11155935,240,1070106,275047,6136882,213711,10182797,278193,16319679,
All CA Counties,2021-04-16,474126,25744265,266800,13310898,207020,11362955,306,1070412,253051,6172779,219885,10402682,255782,16575461,
All CA Counties,2021-04-17,340804,26085069,190870,13501768,149891,11512846,43,1070455,193720,6223433,146269,10548951,196923,16772384,
All CA Counties,2021-04-18,154278,26239347,97973,13599741,56288,11569134,17,1070472,79387,6231357,74493,10623444,82417,16854801,
All CA Counties,2021-04-19,317082,26556429,183058,13782799,133935,11703069,89,1070561,150013,6217145,166193,10789637,151981,17006782,
All CA Counties,2021-04-20,406369,26962798,216156,13998955,190143,11893212,70,1070631,202528,6220013,202824,10992461,205692,17212474,
All CA Counties,2021-04-21,419517,27382315,237738,14236693,181516,12074728,263,1070894,201677,6208627,216448,11208909,205062,17417536,
All CA Counties,2021-04-22,445823,27828138,254001,14490694,191746,12266474,76,1070970,199116,6165660,245357,11454266,202390,17619926,
All CA Counties,2021-04-23,437065,28265203,248930,14739624,188047,12454521,88,1071058,197897,6129173,237790,11692056,201303,17821229,
All CA Counties,2021-04-24,324689,28589892,204456,14944080,120061,12574582,172,1071230,165033,6138928,158708,11850764,168463,17989692,
All CA Counties,2021-04-25,149344,28739236,98473,15042553,50805,12625387,66,1071296,80360,6152253,68538,11919302,81863,18071555,
All CA Counties,2021-04-26,289279,29028515,168034,15210587,119733,12745120,1512,1072808,126275,6122453,162052,12081354,132252,18203807,
All CA Counties,2021-04-27,358227,29386742,198440,15409027,153768,12898888,6019,1078827,144355,6063213,212769,12294123,153529,18357336,
All CA Counties,2021-04-28,350507,29737249,201075,15610102,141592,13040480,7840,1086667,144320,6012550,205132,12499255,154469,18511805,
All CA Counties,2021-04-29,359839,30097088,207281,15817383,144699,13185179,7859,1094526,131657,5926855,227053,12726308,141358,18653163,
All CA Counties,2021-04-30,371670,30468758,213083,16030466,149735,13334914,8852,1103378,140422,5848054,230017,12956325,151216,18804379,
All CA Counties,2021-05-01,246845,30715603,157827,16188293,82987,13417901,6031,1109409,89501,5789247,156553,13112878,97746,18902125,
All CA Counties,2021-05-02,116755,30832358,81602,16269895,31286,13449187,3867,1113276,40892,5758906,75478,13188356,45137,18947262,
All CA Counties,2021-05-03,251267,31083625,154819,16424714,87789,13536976,8659,1121935,76231,5670425,174226,13362582,85745,19033007,
All CA Counties,2021-05-04,324973,31408598,198078,16622792,117169,13654145,9726,1131661,96134,5549643,227801,13590383,107019,19140026,
All CA Counties,2021-05-05,328687,31737285,204132,16826924,114570,13768715,9985,1141646,92724,5418549,234778,13825161,103684,19243710,
All CA Counties,2021-05-06,347108,32084393,226281,17053205,110330,13879045,10497,1152143,88427,5262879,257095,14082256,101425,19345135,
All CA Counties,2021-05-07,344206,32428599,215694,17268899,118706,13997751,9806,1161949,93637,5118296,249246,14331502,104663,19449798,
All CA Counties,2021-05-08,223166,32651765,141616,17410515,74877,14072628,6673,1168622,61446,5027020,160832,14492334,69556,19519354,
All CA Counties,2021-05-09,93043,32744808,70052,17480567,20019,14092647,2972,1171594,25457,4988623,67264,14559598,28867,19548221,
All CA Counties,2021-05-10,200285,32945093,114005,17594572,78544,14171191,7736,1179330,49767,4897662,149739,14709337,58778,19606999,
All CA Counties,2021-05-11,258453,33203546,144640,17739212,105703,14276894,8110,1187440,68056,4785974,189506,14898843,77818,19684817,
All CA Counties,2021-05-12,252003,33455549,144604,17883816,99057,14375951,8342,1195782,68845,4682015,182197,15081040,78238,19763055,
All CA Counties,2021-05-13,289797,33745346,185855,18069671,96924,14472875,7018,1202800,107995,4618789,180752,15261792,117526,19880581,
All CA Counties,2021-05-14,331704,34077050,212096,18281767,110891,14583766,8717,1211517,130862,4560770,199696,15461488,141677,20022258,
All CA Counties,2021-05-15,273438,34350488,191126,18472893,76445,14660211,5867,1217384,112294,4519562,160328,15621816,119120,20141378,
All CA Counties,2021-05-16,135289,34485777,103680,18576573,28694,14688905,2915,1220299,54860,4497731,79997,15701813,58166,20199544,
All CA Counties,2021-05-17,236986,34722763,156218,18732791,73458,14762363,7310,1227609,97432,4464639,138706,15840519,105614,20305158,
All CA Counties,2021-05-18,277463,35000226,169442,18902233,100695,14863058,7326,1234935,111811,4420639,164559,16005078,120559,20425717,
All CA Counties,2021-05-19,272114,35272340,170048,19072281,94586,14957644,7480,1242415,114766,4387656,156344,16161422,123361,20549078,
All CA Counties,2021-05-20,223252,35495592,133734,19206015,82185,15039829,7333,1249748,87398,4348744,134916,16296338,96004,20645082,
All CA Counties,2021-05-21,240715,35736307,149136,19355151,84453,15124282,7126,1256874,94269,4305705,145418,16441756,102379,20747461,
All CA Counties,2021-05-22,167566,35903873,113247,19468398,48852,15173134,5467,1262341,73834,4292753,93132,16534888,80180,20827641,
All CA Counties,2021-05-23,61783,35965656,46419,19514817,13229,15186363,2135,1264476,28843,4291296,32659,16567547,31202,20858843,
All CA Counties,2021-05-24,165596,36131252,96307,19611124,61136,15247499,8153,1272629,64005,4263453,100840,16668387,72997,20931840,
All CA Counties,2021-05-25,187331,36318583,110370,19721494,69109,15316608,7852,1280481,73197,4232437,113178,16781565,82162,21014002,
All CA Counties,2021-05-26,180905,36499488,104077,19825571,69196,15385804,7632,1288113,71744,4204565,108124,16889689,80252,21094254,
All CA Counties,2021-05-27,169764,36669252,97088,19922659,64263,15450067,8413,1296526,69673,4184512,99306,16988995,79253,21173507,
All CA Counties,2021-05-28,185575,36854827,107417,20030076,71227,15521294,6931,1303457,81016,4170065,103680,17092675,89233,21262740,
All CA Counties,2021-05-29,105513,36960340,64939,20095015,36837,15558131,3737,1307194,50709,4170796,54293,17146968,55024,21317764,
All CA Counties,2021-05-30,46699,37007039,30849,20125864,13411,15571542,2439,1309633,21069,4169161,25414,17172382,23779,21341543,
All CA Counties,2021-05-31,19737,37026776,11678,20137542,7090,15578632,969,1310602,6583,4163817,13032,17185414,7688,21349231,
All CA Counties,2021-06-01,166169,37192945,97290,20234832,61959,15640591,6920,1317522,63296,4133093,101958,17287372,71234,21420465,
All CA Counties,2021-06-02,139943,37332888,83040,20317872,49913,15690504,6990,1324512,57034,4115837,82069,17369441,64813,21485278,
All CA Counties,2021-06-03,163919,37496807,112747,20430619,44453,15734957,6719,1331231,57218,4074928,105958,17475399,65049,21550327,
All CA Counties,2021-06-04,186237,37683044,132471,20563090,48108,15783065,5658,1336889,58998,4015216,126357,17601756,66645,21616972,
All CA Counties,2021-06-05,144570,37827614,109801,20672891,29938,15813003,4831,1341720,41603,3960346,102361,17704117,47491,21664463,
All CA Counties,2021-06-06,26150,37853764,22181,20695072,3021,15816024,948,1342668,5617,3946731,20442,17724559,6827,21671290,
All CA and Non-CA Counties,2020-12-15,1148,1148,1148,1148,0,0,0,0,1148,1148,0,0,1148,1148,
All CA and Non-CA Counties,2020-12-16,8705,9853,8705,9853,0,0,0,0,8705,9853,0,0,8705,9853,
All CA and Non-CA Counties,2020-12-17,27897,37750,27897,37750,0,0,0,0,27897,37750,0,0,27897,37750,
All CA and Non-CA Counties,2020-12-18,47279,85029,47216,84966,63,63,0,0,47278,85027,1,1,47278,85028,
All CA and Non-CA Counties,2020-12-19,26361,111390,26335,111301,26,89,0,0,26360,111386,1,2,26360,111388,
All CA and Non-CA Counties,2020-12-20,19679,131069,19650,130951,29,118,0,0,19678,131063,1,3,19678,131066,
All CA and Non-CA Counties,2020-12-21,51838,182907,51747,182698,91,209,0,0,51836,182898,2,5,51837,182903,
All CA and Non-CA Counties,2020-12-22,52078,234985,49874,232572,2204,2413,0,0,52075,234971,2,7,52075,234978,
All CA and Non-CA Counties,2020-12-23,52119,287104,43193,275765,8926,11339,0,0,52114,287083,5,12,52117,287095,
All CA and Non-CA Counties,2020-12-24,24867,311971,16950,292715,7917,19256,0,0,24864,311946,3,15,24866,311961,
All CA and Non-CA Counties,2020-12-25,2377,314348,2049,294764,328,19584,0,0,2377,314323,0,15,2377,314338,
All CA and Non-CA Counties,2020-12-26,14916,329264,9662,304426,5254,24838,0,0,14914,329235,2,17,14914,329252,
All CA and Non-CA Counties,2020-12-27,9628,338892,5666,310092,3962,28800,0,0,9627,338861,1,18,9627,338879,
All CA and Non-CA Counties,2020-12-28,47302,386194,30323,340415,16979,45779,0,0,47299,386157,3,21,47299,386178,
All CA and Non-CA Counties,2020-12-29,52566,438760,29456,369871,23110,68889,0,0,52562,438716,3,24,52562,438740,
All CA and Non-CA Counties,2020-12-30,64874,503634,36819,406690,28055,96944,0,0,64866,503579,6,30,64869,503609,
All CA and Non-CA Counties,2020-12-31,30479,534113,11460,418150,19019,115963,0,0,30468,534040,8,38,30469,534078,
All CA and Non-CA Counties,2021-01-01,4383,538496,1945,420095,2438,118401,0,0,4378,538414,4,42,4378,538456,
All CA and Non-CA Counties,2021-01-02,18711,557207,10337,430432,8374,126775,0,0,18709,557122,1,43,18709,557165,
All CA and Non-CA Counties,2021-01-03,6345,563552,3585,434017,2760,129535,0,0,6309,563415,16,59,6309,563474,
All CA and Non-CA Counties,2021-01-04,44749,608301,22602,456619,22147,151682,0,0,44602,607912,105,164,44602,608076,
All CA and Non-CA Counties,2021-01-05,58086,666387,30614,487233,27472,179154,0,0,52349,654677,5678,5842,52443,660519,
All CA and Non-CA Counties,2021-01-06,76079,742466,42089,529322,33990,213144,0,0,59773,698363,16123,21965,59809,720328,
All CA and Non-CA Counties,2021-01-07,96289,838755,54978,584300,41311,254455,0,0,63560,729432,32555,54520,63624,783952,
All CA and Non-CA Counties,2021-01-08,111220,949975,67012,651312,44208,298663,0,0,67694,753812,43382,97902,67762,851714,
All CA and Non-CA Counties,2021-01-09,45667,995642,26040,677352,19627,318290,0,0,28767,765733,16875,114777,28796,880510,
All CA and Non-CA Counties,2021-01-10,24620,1020262,15036,692388,9584,327874,0,0,13259,767667,11344,126121,13278,893788,
All CA and Non-CA Counties,2021-01-11,107824,1128086,71562,763950,36262,364136,0,0,62582,785222,45198,171319,62753,956541,
All CA and Non-CA Counties,2021-01-12,117295,1245381,69429,833379,47866,412002,0,0,74678,817604,42534,213853,74916,1031457,
All CA and Non-CA Counties,2021-01-13,122791,1368172,63586,896965,59205,471207,0,0,87826,870633,34881,248734,87910,1119367,
All CA and Non-CA Counties,2021-01-14,127466,1495638,50862,947827,76604,547811,0,0,107233,957915,20118,268852,107400,1226767,
All CA and Non-CA Counties,2021-01-15,146041,1641679,52777,1000604,93264,641075,0,0,130495,1073180,15440,284292,130705,1357472,
All CA and Non-CA Counties,2021-01-16,83115,1724794,27722,1028326,55393,696468,0,0,75369,1140884,7717,292009,75421,1432893,
All CA and Non-CA Counties,2021-01-17,48729,1773523,16990,1045316,31739,728207,0,0,45022,1182254,3700,295709,45070,1477963,
All CA and Non-CA Counties,2021-01-18,89353,1862876,46782,1092098,42571,770778,0,0,69605,1232352,19672,315381,69770,1547733,
All CA and Non-CA Counties,2021-01-19,145983,2008859,74953,1167051,71030,841808,0,0,113945,1314681,31946,347327,114275,1662008,
All CA and Non-CA Counties,2021-01-20,164724,2173583,83359,1250410,81365,923173,0,0,130158,1410752,34345,381672,130416,1792424,
All CA and Non-CA Counties,2021-01-21,177449,2351032,78015,1328425,99434,1022607,0,0,157786,1549449,19440,401112,158137,1950561,
All CA and Non-CA Counties,2021-01-22,174098,2525130,70291,1398716,103807,1126414,0,0,159411,1694461,14546,415658,159558,2110119,
All CA and Non-CA Counties,2021-01-23,113595,2638725,49784,1448500,63811,1190225,0,0,100920,1782881,12617,428275,101037,2211156,
All CA and Non-CA Counties,2021-01-24,61548,2700273,29707,1478207,31841,1222066,0,0,56820,1835064,4698,432973,56881,2268037,
All CA and Non-CA Counties,2021-01-25,149641,2849914,67329,1545536,82312,1304378,0,0,113620,1913153,35891,468864,113980,2382017,
All CA and Non-CA Counties,2021-01-26,174766,3024680,85806,1631342,88960,1393338,0,0,136385,2011552,38250,507114,136649,2518666,
All CA and Non-CA Counties,2021-01-27,187440,3212120,90490,1721832,96950,1490288,0,0,147446,2119543,39668,546782,147659,2666325,
All CA and Non-CA Counties,2021-01-28,193060,3405180,89538,1811370,103522,1593810,0,0,158362,2243717,34404,581186,158578,2824903,
All CA and Non-CA Counties,2021-01-29,188592,3593772,91402,1902772,97190,1691000,0,0,153168,2362208,34850,616036,153341,2978244,
All CA and Non-CA Counties,2021-01-30,127910,3721682,58075,1960847,69835,1760835,0,0,112274,2459152,15472,631508,112416,3090660,
All CA and Non-CA Counties,2021-01-31,72132,3793814,41301,2002148,30831,1791666,0,0,67286,2521697,4797,636305,67342,3158002,
All CA and Non-CA Counties,2021-02-01,167282,3961096,78451,2080599,88831,1880497,0,0,125847,2606412,41266,677571,125981,3283983,
All CA and Non-CA Counties,2021-02-02,191868,4152964,80099,2160698,111769,1992266,0,0,146702,2708457,44881,722452,146926,3430909,
All CA and Non-CA Counties,2021-02-03,218071,4371035,97526,2258224,120545,2112811,0,0,162846,2816829,54723,777175,163095,3594004,
All CA and Non-CA Counties,2021-02-04,234494,4605529,101924,2360148,132570,2245381,0,0,172923,2929090,61026,838201,173287,3767291,
All CA and Non-CA Counties,2021-02-05,252671,4858200,108591,2468739,144080,2389461,0,0,172856,3023446,79038,917239,173394,3940685,
All CA and Non-CA Counties,2021-02-06,159230,5017430,77033,2545772,82197,2471658,0,0,123986,3112860,35069,952308,124483,4065168,
All CA and Non-CA Counties,2021-02-07,69085,5086515,45077,2590849,24008,2495666,0,0,52566,3149439,16440,968748,53019,4118187,
All CA and Non-CA Counties,2021-02-08,186221,5272736,92413,2683262,93808,2589474,0,0,123651,3211708,62129,1030877,124398,4242585,
All CA and Non-CA Counties,2021-02-09,215574,5488310,104080,2787342,111494,2700968,0,0,129677,3257115,85436,1116313,130843,4373428,
All CA and Non-CA Counties,2021-02-10,254090,5742400,121609,2908951,132481,2833449,0,0,141121,3287606,112149,1228462,142640,4516068,
All CA and Non-CA Counties,2021-02-11,270244,6012644,133725,3042676,136519,2969968,0,0,148560,3317410,120564,1349026,150368,4666436,
All CA and Non-CA Counties,2021-02-12,277626,6290270,121294,3163970,156332,3126300,0,0,150478,3344009,126255,1475281,152854,4819290,
All CA and Non-CA Counties,2021-02-13,169067,6459337,77997,3241967,91070,3217370,0,0,93927,3365131,74767,1550048,95889,4915179,
All CA and Non-CA Counties,2021-02-14,96625,6555962,47811,3289778,48814,3266184,0,0,52639,3375498,43817,1593865,54184,4969363,
All CA and Non-CA Counties,2021-02-15,144928,6700890,63985,3353763,80943,3347127,0,0,80021,3394128,64518,1658383,83148,5052511,
All CA and Non-CA Counties,2021-02-16,255286,6956176,121027,3474790,134259,3481386,0,0,135709,3413750,119187,1777570,138809,5191320,
All CA and Non-CA Counties,2021-02-17,264853,7221029,131814,3606604,133039,3614425,0,0,130823,3414306,133481,1911051,134037,5325357,
All CA and Non-CA Counties,2021-02-18,279181,7500210,145977,3752581,133204,3747629,0,0,133985,3408035,144475,2055526,138204,5463561,
All CA and Non-CA Counties,2021-02-19,258983,7759193,150876,3903457,108107,3855736,0,0,133163,3417968,125320,2180846,135253,5598814,
All CA and Non-CA Counties,2021-02-20,156892,7916085,101018,4004475,55874,3911610,0,0,85813,3434949,70814,2251660,87795,5686609,
All CA and Non-CA Counties,2021-02-21,85425,8001510,70976,4075451,14449,3926059,0,0,42502,3436322,42676,2294336,44049,5730658,
All CA and Non-CA Counties,2021-02-22,168173,8169683,112878,4188329,55295,3981354,0,0,84119,3438436,83732,2378068,85846,5816504,
All CA and Non-CA Counties,2021-02-23,232173,8401856,123133,4311462,109040,4090394,0,0,107716,3428300,123853,2501921,113717,5930221,
All CA and Non-CA Counties,2021-02-24,290190,8692046,147097,4458559,143093,4233487,0,0,137240,3420766,152318,2654239,144784,6075005,
All CA and Non-CA Counties,2021-02-25,329472,9021518,162731,4621290,166741,4400228,0,0,172121,3444810,156631,2810870,180675,6255680,
All CA and Non-CA Counties,2021-02-26,363740,9385258,170025,4791315,193715,4593943,0,0,201858,3493057,160886,2971756,209133,6464813,
All CA and Non-CA Counties,2021-02-27,258883,9644141,126077,4917392,132783,4726726,23,23,146001,3531247,112249,3084005,150439,6615252,
All CA and Non-CA Counties,2021-02-28,137497,9781638,82767,5000159,54722,4781448,8,31,80368,3557766,56697,3140702,83216,6698468,
All CA and Non-CA Counties,2021-03-01,248629,10030267,133215,5133374,115310,4896758,104,135,141987,3597997,105870,3246572,146101,6844569,
All CA and Non-CA Counties,2021-03-02,295849,10326116,148750,5282124,147073,5043831,26,161,176525,3662649,118793,3365365,183445,7028014,
All CA and Non-CA Counties,2021-03-03,340119,10666235,167961,5450085,172099,5215930,59,220,194077,3718740,145336,3510701,201427,7229441,
All CA and Non-CA Counties,2021-03-04,358233,11024468,180876,5630961,177260,5393190,97,317,208673,3785749,148793,3659494,215802,7445243,
All CA and Non-CA Counties,2021-03-05,344922,11369390,169800,5800761,173985,5567175,1137,1454,214253,3878563,129848,3789342,222662,7667905,
All CA and Non-CA Counties,2021-03-06,264190,11633580,135425,5936186,120756,5687931,8009,9463,163851,3955217,99919,3889261,176573,7844478,
All CA and Non-CA Counties,2021-03-07,129420,11763000,79578,6015764,45636,5733567,4206,13669,81074,3996017,48158,3937419,88958,7933436,
All CA and Non-CA Counties,2021-03-08,222311,11985311,108254,6124018,103324,5836891,10733,24402,145732,4081290,76165,4013584,161438,8094874,
All CA and Non-CA Counties,2021-03-09,296211,12281522,141808,6265826,138176,5975067,16227,40629,166448,4138741,129271,4142855,186722,8281596,
All CA and Non-CA Counties,2021-03-10,326977,12608499,163068,6428894,138950,6114017,24959,65588,177680,4196921,148632,4291487,206812,8488408,
All CA and Non-CA Counties,2021-03-11,382636,12991135,185124,6614018,163517,6277534,33995,99583,196810,4247047,184891,4476378,235017,8723425,
All CA and Non-CA Counties,2021-03-12,401599,13392734,180549,6794567,174034,6451568,47016,146599,197610,4292677,203179,4679557,248809,8972234,
All CA and Non-CA Counties,2021-03-13,287139,13679873,127087,6921654,128463,6580031,31589,178188,155652,4353142,131025,4810582,191490,9163724,
All CA and Non-CA Counties,2021-03-14,156736,13836609,84221,7005875,57082,6637113,15433,193621,79541,4373469,76908,4887490,97235,9260959,
All CA and Non-CA Counties,2021-03-15,294619,14131228,140984,7146859,132621,6769734,21014,214635,160231,4424448,133642,5021132,184621,9445580,
All CA and Non-CA Counties,2021-03-16,377740,14508968,178286,7325145,181764,6951498,17690,232325,218816,4505966,158185,5179317,239703,9685283,
All CA and Non-CA Counties,2021-03-17,392039,14901007,195189,7520334,177926,7129424,18924,251249,242622,4621438,148590,5327907,264062,9949345,
All CA and Non-CA Counties,2021-03-18,409017,15310024,210411,7730745,180077,7309501,18529,269778,242431,4718990,165482,5493389,263034,10212379,
All CA and Non-CA Counties,2021-03-19,418038,15728062,220279,7951024,175605,7485106,22154,291932,242668,4811390,174392,5667781,266792,10479171,
All CA and Non-CA Counties,2021-03-20,299562,16027624,158203,8109227,125404,7610510,15955,307887,189787,4909466,109106,5776887,207182,10686353,
All CA and Non-CA Counties,2021-03-21,145819,16173443,100800,8210027,37404,7647914,7615,315502,89958,4952898,55496,5832383,98928,10785281,
All CA and Non-CA Counties,2021-03-22,276451,16449894,161012,8371039,104135,7752049,11304,326806,179741,5051028,95921,5928304,194051,10979332,
All CA and Non-CA Counties,2021-03-23,363258,16813152,199699,8570738,152182,7904231,11377,338183,223461,5149583,138865,6067169,237420,11216752,
All CA and Non-CA Counties,2021-03-24,394764,17207916,225670,8796408,156162,8060393,12932,351115,230796,5232679,162724,6229893,245820,11462572,
All CA and Non-CA Counties,2021-03-25,425979,17633895,234048,9030456,176576,8236969,15355,366470,242852,5311243,181802,6411695,260366,11722938,
All CA and Non-CA Counties,2021-03-26,441575,18075470,236225,9266681,189096,8426065,16254,382724,239211,5368415,201135,6612830,258307,11981245,
All CA and Non-CA Counties,2021-03-27,318076,18393546,169358,9436039,136728,8562793,11990,394714,161114,5387621,156143,6768973,175349,12156594,
All CA and Non-CA Counties,2021-03-28,172410,18565956,110680,9546719,57985,8620778,3745,398459,90723,5402777,81229,6850202,96385,12252979,
All CA and Non-CA Counties,2021-03-29,315337,18881293,169275,9715994,136671,8757449,9391,407850,175553,5451208,139009,6989211,187440,12440419,
All CA and Non-CA Counties,2021-03-30,405135,19286428,205452,9921446,180910,8938359,18773,426623,228273,5523969,176057,7165268,248818,12689237,
All CA and Non-CA Counties,2021-03-31,432506,19718934,235734,10157180,174325,9112684,22447,449070,241661,5599278,189816,7355084,265125,12954362,
All CA and Non-CA Counties,2021-04-01,499069,20218003,256294,10413474,201877,9314561,40898,489968,275908,5695398,221821,7576905,317941,13272303,
All CA and Non-CA Counties,2021-04-02,482019,20700022,235440,10648914,202269,9516830,44310,534278,261799,5784139,218980,7795885,307721,13580024,
All CA and Non-CA Counties,2021-04-03,335579,21035601,171454,10820368,121530,9638360,42595,576873,167520,5827966,167410,7963295,211237,13791261,
All CA and Non-CA Counties,2021-04-04,134219,21169820,69976,10890344,44993,9683353,19250,596123,59068,5831578,74847,8038142,78459,13869720,
All CA and Non-CA Counties,2021-04-05,357182,21527002,184000,11074344,132835,9816188,40347,636470,176016,5869882,180475,8218617,218779,14088499,
All CA and Non-CA Counties,2021-04-06,464159,21991161,235458,11309802,161633,9977821,67068,703538,224613,5924863,238595,8457212,293576,14382075,
All CA and Non-CA Counties,2021-04-07,479902,22471063,249394,11559196,158917,10136738,71591,775129,233220,5984949,245723,8702935,305809,14687884,
All CA and Non-CA Counties,2021-04-08,507443,22978506,255987,11815183,165233,10301971,86223,861352,238503,6044136,267761,8970696,326948,15014832,
All CA and Non-CA Counties,2021-04-09,501566,23480072,250158,12065341,169784,10471755,81624,942976,230752,6089836,269741,9240437,315441,15330273,
All CA and Non-CA Counties,2021-04-10,372907,23852979,170862,12236203,126024,10597779,76021,1018997,155779,6107916,216372,9456809,234452,15564725,
All CA and Non-CA Counties,2021-04-11,190201,24043180,106705,12342908,48783,10646562,34713,1053710,78538,6112687,111317,9568126,116088,15680813,
All CA and Non-CA Counties,2021-04-12,343302,24386482,176345,12519253,128348,10774910,38609,1092319,159030,6130598,183306,9751432,201217,15882030,
All CA and Non-CA Counties,2021-04-13,437301,24823783,245103,12764356,191233,10966143,965,1093284,244196,6186681,192110,9943542,248193,16130223,
All CA and Non-CA Counties,2021-04-14,455550,25279333,255746,13020102,199515,11165658,289,1093573,238068,6213338,216319,10159861,242976,16373199,
All CA and Non-CA Counties,2021-04-15,496306,25775639,289344,13309446,206715,11372373,247,1093820,278331,6278307,216517,10376378,281486,16654685,
All CA and Non-CA Counties,2021-04-16,479975,26255614,270149,13579595,209514,11581887,312,1094132,256295,6314862,222479,10598857,259034,16913719,
All CA and Non-CA Counties,2021-04-17,346206,26601820,194233,13773828,151929,11733816,44,1094176,196797,6366279,148584,10747441,200001,17113720,
All CA and Non-CA Counties,2021-04-18,156392,26758212,99149,13872977,57225,11791041,18,1094194,80389,6374100,75600,10823041,83421,17197141,
All CA and Non-CA Counties,2021-04-19,321218,27079430,185056,14058033,136072,11927113,90,1094284,152133,6360007,168198,10991239,154105,17351246,
All CA and Non-CA Counties,2021-04-20,411737,27491167,218596,14276629,193071,12120184,70,1094354,204716,6361890,205997,11197236,207880,17559126,
All CA and Non-CA Counties,2021-04-21,425884,27917051,240389,14517018,185228,12305412,267,1094621,203929,6348663,220545,11417781,207318,17766444,
All CA and Non-CA Counties,2021-04-22,452562,28369613,257435,14774453,195047,12500459,80,1094701,201549,6303841,249651,11667432,204829,17971273,
All CA and Non-CA Counties,2021-04-23,442926,28812539,251906,15026359,190931,12691390,89,1094790,200276,6266271,241255,11908687,203685,18174958,
All CA and Non-CA Counties,2021-04-24,329225,29141764,207399,15233758,121649,12813039,177,1094967,166824,6275085,161448,12070135,170262,18345220,
All CA and Non-CA Counties,2021-04-25,151564,29293328,99724,15333482,51772,12864811,68,1095035,81532,6288542,69583,12139718,83040,18428260,
All CA and Non-CA Counties,2021-04-26,293125,29586453,169722,15503204,121866,12986677,1537,1096572,128012,6258402,164154,12303872,134014,18562274,
All CA and Non-CA Counties,2021-04-27,363687,29950140,200449,15703653,156883,13143560,6355,1102927,146251,6197847,216324,12520196,155769,18718043,
All CA and Non-CA Counties,2021-04-28,355356,30305496,203138,15906791,143983,13287543,8235,1111162,146206,6146515,208083,12728279,156751,18874794,
All CA and Non-CA Counties,2021-04-29,364687,30670183,209503,16116294,146893,13434436,8291,1119453,133476,6060063,230061,12958340,143609,19018403,
All CA and Non-CA Counties,2021-04-30,376566,31046749,215439,16331733,151852,13586288,9275,1128728,142261,5980483,233061,13191401,153481,19171884,
All CA and Non-CA Counties,2021-05-01,250025,31296774,159666,16491399,83901,13670189,6458,1135186,90768,5921468,158455,13349856,99440,19271324,
All CA and Non-CA Counties,2021-05-02,118619,31415393,82684,16574083,31945,13702134,3990,1139176,41727,5891059,76504,13426360,46095,19317419,
All CA and Non-CA Counties,2021-05-03,254139,31669532,156390,16730473,88809,13790943,8940,1148116,77344,5802216,175981,13602341,87138,19404557,
All CA and Non-CA Counties,2021-05-04,328896,31998428,200178,16930651,118547,13909490,10171,1158287,97444,5680579,230409,13832750,108772,19513329,
All CA and Non-CA Counties,2021-05-05,332940,32331368,206431,17137082,116156,14025646,10353,1168640,94221,5548603,237528,14070278,105552,19618881,
All CA and Non-CA Counties,2021-05-06,351426,32682794,228866,17365948,111721,14137367,10839,1179479,89941,5391989,259895,14330173,103281,19722162,
All CA and Non-CA Counties,2021-05-07,348836,33031630,218297,17584245,120344,14257711,10195,1189674,95303,5246506,252201,14582374,106718,19828880,
All CA and Non-CA Counties,2021-05-08,226508,33258138,143831,17728076,75757,14333468,6920,1196594,62653,5154560,162957,14745331,71011,19899891,
All CA and Non-CA Counties,2021-05-09,94420,33352558,70959,17799035,20362,14353830,3099,1199693,26054,5116110,68040,14813371,29590,19929481,
All CA and Non-CA Counties,2021-05-10,202904,33555462,115191,17914226,79650,14433480,8063,1207756,50768,5024867,151351,14964722,60108,19989589,
All CA and Non-CA Counties,2021-05-11,261279,33816741,145956,18060182,106927,14540407,8396,1216152,69132,4912795,191255,15155977,79183,20068772,
All CA and Non-CA Counties,2021-05-12,254872,34071613,145916,18206098,100315,14640722,8641,1224793,69941,4808462,183965,15339942,79632,20148404,
All CA and Non-CA Counties,2021-05-13,292557,34364170,187422,18393520,97912,14738634,7223,1232016,109219,4745129,182288,15522230,118955,20267359,
All CA and Non-CA Counties,2021-05-14,335245,34699415,214089,18607609,112201,14850835,8955,1240971,132494,4687074,201603,15723833,143548,20410907,
All CA and Non-CA Counties,2021-05-15,276082,34975497,192683,18800292,77389,14928224,6010,1246981,113460,4645700,161806,15885639,120432,20531339,
All CA and Non-CA Counties,2021-05-16,136930,35112427,104727,18905019,29218,14957442,2985,1249966,55617,4623815,80878,15966517,58993,20590332,
All CA and Non-CA Counties,2021-05-17,240060,35352487,157858,19062877,74658,15032100,7544,1257510,98831,4590687,140376,16106893,107248,20697580,
All CA and Non-CA Counties,2021-05-18,280702,35633189,171085,19233962,101976,15134076,7641,1265151,113322,4546799,166275,16273168,122387,20819967,
All CA and Non-CA Counties,2021-05-19,275462,35908651,171747,19405709,95967,15230043,7748,1272899,116276,4513763,158175,16431343,125139,20945106,
All CA and Non-CA Counties,2021-05-20,225378,36134029,134938,19540647,82910,15312953,7530,1280429,88407,4474949,136026,16567369,97212,21042318,
All CA and Non-CA Counties,2021-05-21,242959,36376988,150444,19691091,85169,15398122,7346,1287775,95287,4431930,146637,16714006,103618,21145936,
All CA and Non-CA Counties,2021-05-22,169608,36546596,114724,19805815,49241,15447363,5643,1293418,75078,4419603,93925,16807931,81598,21227534,
All CA and Non-CA Counties,2021-05-23,62744,36609340,47144,19852959,13407,15460770,2193,1295611,29363,4418284,33100,16841031,31781,21259315,
All CA and Non-CA Counties,2021-05-24,168026,36777366,97498,19950457,62029,15522799,8499,1304110,65142,4390639,102125,16943156,74480,21333795,
All CA and Non-CA Counties,2021-05-25,189705,36967071,111478,20061935,70042,15592841,8185,1312295,74264,4359724,114475,17057631,83560,21417355,
All CA and Non-CA Counties,2021-05-26,183257,37150328,105162,20167097,70110,15662951,7985,1320280,72744,4331861,109469,17167100,81606,21498961,
All CA and Non-CA Counties,2021-05-27,171956,37322284,98195,20265292,65060,15728011,8701,1328981,70705,4311971,100462,17267562,80572,21579533,
All CA and Non-CA Counties,2021-05-28,187986,37510270,108627,20373919,72074,15800085,7285,1336266,82131,4297705,104969,17372531,90703,21670236,
All CA and Non-CA Counties,2021-05-29,107199,37617469,65797,20439716,37309,15837394,4093,1340359,51451,4298594,55233,17427764,56122,21726358,
All CA and Non-CA Counties,2021-05-30,47616,37665085,31411,20471127,13641,15851035,2564,1342923,21537,4297107,25860,17453624,24373,21750731,
All CA and Non-CA Counties,2021-05-31,20151,37685236,11859,20482986,7285,15858320,1007,1343930,6759,4291752,13258,17466882,7903,21758634,
All CA and Non-CA Counties,2021-06-01,168281,37853517,98402,20581388,62666,15920986,7213,1351143,64371,4261363,102992,17569874,72603,21831237,
All CA and Non-CA Counties,2021-06-02,142009,37995526,84116,20665504,50567,15971553,7326,1358469,58091,4244496,83073,17652947,66206,21897443,
All CA and Non-CA Counties,2021-06-03,166078,38161604,113983,20779487,45080,16016633,7015,1365484,58331,4203956,106998,17759945,66458,21963901,
All CA and Non-CA Counties,2021-06-04,188988,38350592,134108,20913595,48923,16065556,5957,1371441,60328,4144457,127773,17887718,68274,22032175,
All CA and Non-CA Counties,2021-06-05,146615,38497207,111221,21024816,30409,16095965,4985,1376426,42639,4089771,103367,17991085,48681,22080856,
All CA and Non-CA Counties,2021-06-06,26510,38523717,22459,21047275,3056,16099021,995,1377421,5760,4076129,20659,18011744,7017,22087873,
Outside California,2020-12-15,7,7,7,7,0,0,0,0,7,7,0,0,7,7,Not in California
Outside California,2020-12-16,273,280,273,280,0,0,0,0,273,280,0,0,273,280,Not in California
Outside California,2020-12-17,1605,1885,1605,1885,0,0,0,0,1605,1885,0,0,1605,1885,Not in California
Outside California,2020-12-18,2554,4439,2547,4432,7,7,0,0,2554,4439,0,0,2554,4439,Not in California
Outside California,2020-12-19,1036,5475,1035,5467,1,8,0,0,1036,5475,0,0,1036,5475,Not in California
Outside California,2020-12-20,680,6155,677,6144,3,11,0,0,680,6155,0,0,680,6155,Not in California
Outside California,2020-12-21,2182,8337,2179,8323,3,14,0,0,2182,8337,0,0,2182,8337,Not in California
Outside California,2020-12-22,2083,10420,2008,10331,75,89,0,0,2083,10420,0,0,2083,10420,Not in California
Outside California,2020-12-23,1532,11952,1390,11721,142,231,0,0,1531,11950,1,1,1531,11951,Not in California
Outside California,2020-12-24,804,12756,611,12332,193,424,0,0,804,12754,0,1,804,12755,Not in California
Outside California,2020-12-25,35,12791,30,12362,5,429,0,0,35,12789,0,1,35,12790,Not in California
Outside California,2020-12-26,306,13097,204,12566,102,531,0,0,306,13095,0,1,306,13096,Not in California
Outside California,2020-12-27,188,13285,72,12638,116,647,0,0,188,13283,0,1,188,13284,Not in California
Outside California,2020-12-28,1409,14694,895,13533,514,1161,0,0,1409,14692,0,1,1409,14693,Not in California
Outside California,2020-12-29,1522,16216,1010,14543,512,1673,0,0,1522,16214,0,1,1522,16215,Not in California
Outside California,2020-12-30,1877,18093,1227,15770,650,2323,0,0,1877,18091,0,1,1877,18092,Not in California
Outside California,2020-12-31,1091,19184,601,16371,490,2813,0,0,1090,19180,1,2,1090,19182,Not in California
Outside California,2021-01-01,112,19296,25,16396,87,2900,0,0,112,19292,0,2,112,19294,Not in California
Outside California,2021-01-02,240,19536,133,16529,107,3007,0,0,239,19530,1,3,239,19533,Not in California
Outside California,2021-01-03,172,19708,91,16620,81,3088,0,0,172,19702,0,3,172,19705,Not in California
Outside California,2021-01-04,1148,20856,508,17128,640,3728,0,0,1143,20844,1,4,1143,20848,Not in California
Outside California,2021-01-05,1542,22398,816,17944,726,4454,0,0,1350,22005,190,194,1351,22199,Not in California
Outside California,2021-01-06,2699,25097,1594,19538,1105,5559,0,0,1958,23225,738,932,1958,24157,Not in California
Outside California,2021-01-07,4134,29231,2530,22068,1604,7163,0,0,2475,24045,1657,2589,2477,26634,Not in California
Outside California,2021-01-08,4490,33721,2914,24982,1576,8739,0,0,2616,24800,1864,4453,2619,29253,Not in California
Outside California,2021-01-09,1307,35028,530,25512,777,9516,0,0,979,25454,327,4780,981,30234,Not in California
Outside California,2021-01-10,299,35327,182,25694,117,9633,0,0,178,25511,121,4901,178,30412,Not in California
Outside California,2021-01-11,3288,38615,2004,27698,1284,10917,0,0,1955,26133,1333,6234,1955,32367,Not in California
Outside California,2021-01-12,3867,42482,2317,30015,1550,12467,0,0,2310,26893,1553,7787,2313,34680,Not in California
Outside California,2021-01-13,3669,46151,1801,31816,1868,14335,0,0,2486,28199,1183,8970,2489,37169,Not in California
Outside California,2021-01-14,3708,49859,1277,33093,2431,16766,0,0,3066,30638,629,9599,3068,40237,Not in California
Outside California,2021-01-15,4202,54061,998,34091,3204,19970,0,0,3732,33913,457,10056,3732,43969,Not in California
Outside California,2021-01-16,2690,56751,387,34478,2303,22273,0,0,2514,36253,174,10230,2514,46483,Not in California
Outside California,2021-01-17,500,57251,153,34631,347,22620,0,0,450,36653,50,10280,450,46933,Not in California
Outside California,2021-01-18,1201,58452,770,35401,431,23051,0,0,747,36947,453,10733,747,47680,Not in California
Outside California,2021-01-19,4062,62514,1321,36722,2741,25792,0,0,3175,39238,887,11620,3178,50858,Not in California
Outside California,2021-01-20,4404,66918,1410,38132,2994,28786,0,0,3466,41771,934,12554,3467,54325,Not in California
Outside California,2021-01-21,4101,71019,1131,39263,2970,31756,0,0,3538,44761,548,13102,3538,57863,Not in California
Outside California,2021-01-22,4555,75574,1098,40361,3457,35213,0,0,4150,48512,401,13503,4152,62015,Not in California
Outside California,2021-01-23,2223,77797,337,40698,1886,37099,0,0,2062,50413,161,13664,2062,64077,Not in California
Outside California,2021-01-24,592,78389,238,40936,354,37453,0,0,514,50849,78,13742,514,64591,Not in California
Outside California,2021-01-25,4399,82788,1896,42832,2503,39956,0,0,3533,53520,863,14605,3534,68125,Not in California
Outside California,2021-01-26,5762,88550,2766,45598,2996,42952,0,0,4914,57594,847,15452,4921,73046,Not in California
Outside California,2021-01-27,4801,93351,2494,48092,2307,45259,0,0,4176,61151,621,16073,4178,77224,Not in California
Outside California,2021-01-28,5041,98392,2685,50777,2356,47615,0,0,4512,65144,519,16592,4512,81736,Not in California
Outside California,2021-01-29,4726,103118,2916,53693,1810,49425,0,0,3937,68300,782,17374,3938,85674,Not in California
Outside California,2021-01-30,4293,107411,2280,55973,2013,51438,0,0,4062,72134,229,17603,4063,89737,Not in California
Outside California,2021-01-31,2888,110299,2482,58455,406,51844,0,0,2834,74916,53,17656,2835,92572,Not in California
Outside California,2021-02-01,5348,115647,2470,60925,2878,54722,0,0,4642,78860,698,18354,4642,97214,Not in California
Outside California,2021-02-02,6613,122260,2067,62992,4546,59268,0,0,5897,84048,709,19063,5897,103111,Not in California
Outside California,2021-02-03,7218,129478,1990,64982,5228,64496,0,0,6348,89534,863,19926,6349,109460,Not in California
Outside California,2021-02-04,6671,136149,2058,67040,4613,69109,0,0,5675,94223,987,20913,5676,115136,Not in California
Outside California,2021-02-05,6666,142815,2098,69138,4568,73677,0,0,5591,98744,1070,21983,5591,120727,Not in California
Outside California,2021-02-06,4237,147052,1972,71110,2265,75942,0,0,3772,102063,456,22439,3775,124502,Not in California
Outside California,2021-02-07,2028,149080,1641,72751,387,76329,0,0,1950,103937,78,22517,1952,126454,Not in California
Outside California,2021-02-08,4937,154017,2975,75726,1962,78291,0,0,3875,106761,1051,23568,3875,130329,Not in California
Outside California,2021-02-09,4116,158133,1763,77489,2353,80644,0,0,2816,108301,1290,24858,2830,133159,Not in California
Outside California,2021-02-10,5465,163598,1811,79300,3654,84298,0,0,3032,108949,2425,27283,3073,136232,Not in California
Outside California,2021-02-11,4707,168305,2132,81432,2575,86873,0,0,3400,111070,1297,28580,3418,139650,Not in California
Outside California,2021-02-12,5197,173502,1903,83335,3294,90167,0,0,3370,112630,1814,30394,3374,143024,Not in California
Outside California,2021-02-13,2365,175867,685,84020,1680,91847,0,0,1811,113900,553,30947,1823,144847,Not in California
Outside California,2021-02-14,1309,177176,387,84407,922,92769,0,0,1069,114735,236,31183,1071,145918,Not in California
Outside California,2021-02-15,2468,179644,1466,85873,1002,93771,0,0,1204,114691,1251,32434,1207,147125,Not in California
Outside California,2021-02-16,6277,185921,2750,88623,3527,97298,0,0,2542,113513,3724,36158,2546,149671,Not in California
Outside California,2021-02-17,5742,191663,2791,91414,2951,100249,0,0,1817,111415,3920,40078,1822,151493,Not in California
Outside California,2021-02-18,6216,197879,3524,94938,2692,102941,0,0,2043,109303,4155,44233,2043,153536,Not in California
Outside California,2021-02-19,5511,203390,3770,98708,1741,104682,0,0,2390,108579,3116,47349,2392,155928,Not in California
Outside California,2021-02-20,3174,206564,2524,101232,650,105332,0,0,1239,107888,1931,49280,1240,157168,Not in California
Outside California,2021-02-21,2571,209135,2354,103586,217,105549,0,0,843,107008,1723,51003,843,158011,Not in California
Outside California,2021-02-22,3374,212509,2438,106024,936,106485,0,0,1627,106895,1744,52747,1631,159642,Not in California
Outside California,2021-02-23,5877,218386,3271,109295,2606,109091,0,0,2331,105701,3539,56286,2345,161987,Not in California
Outside California,2021-02-24,6279,224665,3447,112742,2832,111923,0,0,2450,104333,3823,60109,2455,164442,Not in California
Outside California,2021-02-25,6766,231431,3410,116152,3356,115279,0,0,3062,103724,3675,63784,3066,167508,Not in California
Outside California,2021-02-26,6700,238131,3502,119654,3198,118477,0,0,3084,103273,3536,67320,3085,170593,Not in California
Outside California,2021-02-27,5332,243463,2620,122274,2711,121188,1,1,1878,101712,3443,70763,1882,172475,Not in California
Outside California,2021-02-28,2272,245735,1619,123893,652,121840,1,2,795,101034,1475,72238,797,173272,Not in California
Outside California,2021-03-01,4643,250378,2854,126747,1788,123628,1,3,1346,99097,3289,75527,1352,174624,Not in California
Outside California,2021-03-02,6583,256961,2368,129115,4215,127843,0,3,2055,96638,4516,80043,2057,176681,Not in California
Outside California,2021-03-03,7794,264755,3001,132116,4791,132634,2,5,2665,94194,5115,85158,2671,179352,Not in California
Outside California,2021-03-04,6697,271452,2796,134912,3895,136529,6,11,2308,92137,4373,89531,2316,181668,Not in California
Outside California,2021-03-05,5221,276673,2616,137528,2591,139120,14,25,2719,92387,2491,92022,2741,184409,Not in California
Outside California,2021-03-06,4564,281237,2101,139629,2308,141428,155,180,2326,92641,2236,94258,2490,186899,Not in California
Outside California,2021-03-07,1559,282796,999,140628,504,141932,56,236,955,93051,603,94861,1013,187912,Not in California
Outside California,2021-03-08,3082,285878,1833,142461,1013,142945,236,472,2192,94625,861,95722,2435,190347,Not in California
Outside California,2021-03-09,4666,290544,2404,144865,1960,144905,302,774,2774,95813,1888,97610,3076,193423,Not in California
Outside California,2021-03-10,4361,294905,2093,146958,1766,146671,502,1276,2706,97382,1646,99256,3215,196638,Not in California
Outside California,2021-03-11,6107,301012,3129,150087,2313,148984,665,1941,3299,98545,2802,102058,3965,200603,Not in California
Outside California,2021-03-12,6417,307429,3870,153957,1828,150812,719,2660,3565,99986,2844,104902,4285,204888,Not in California
Outside California,2021-03-13,3737,311166,2178,156135,1104,151916,455,3115,2561,101836,1168,106070,3018,207906,Not in California
Outside California,2021-03-14,1792,312958,930,157065,524,152440,338,3453,982,102347,810,106880,1321,209227,Not in California
Outside California,2021-03-15,4017,316975,2110,159175,1447,153887,460,3913,2149,103097,1863,108743,2613,211840,Not in California
Outside California,2021-03-16,7502,324477,4370,163545,2748,156635,384,4297,4176,104330,3323,112066,4556,216396,Not in California
Outside California,2021-03-17,8395,332872,5445,168990,2579,159214,371,4668,5052,106415,3339,115405,5424,221820,Not in California
Outside California,2021-03-18,8295,341167,5126,174116,2631,161845,538,5206,4803,108272,3484,118889,5341,227161,Not in California
Outside California,2021-03-19,7313,348480,4336,178452,2432,164277,545,5751,4384,110281,2924,121813,4933,232094,Not in California
Outside California,2021-03-20,4741,353221,3133,181585,1521,165798,87,5838,3633,112901,1101,122914,3721,235815,Not in California
Outside California,2021-03-21,2070,355291,1425,183010,558,166356,87,5925,1656,114232,412,123326,1743,237558,Not in California
Outside California,2021-03-22,3245,358536,1957,184967,1200,167556,88,6013,2228,115537,1011,124337,2316,239874,Not in California
Outside California,2021-03-23,6059,364595,3087,188054,2669,170225,303,6316,4112,118019,1933,126270,4415,244289,Not in California
Outside California,2021-03-24,7325,371920,3760,191814,3117,173342,448,6764,5061,121269,2257,128527,5507,249796,Not in California
Outside California,2021-03-25,8270,380190,3846,195660,3900,177242,524,7288,6023,125581,2235,130762,6547,256343,Not in California
Outside California,2021-03-26,6649,386839,3520,199180,2956,180198,173,7461,4392,127913,2232,132994,4564,260907,Not in California
Outside California,2021-03-27,5530,392369,3112,202292,2205,182403,213,7674,3476,129556,2045,135039,3688,264595,Not in California
Outside California,2021-03-28,3076,395445,1648,203940,1267,183670,161,7835,1989,130624,1082,136121,2150,266745,Not in California
Outside California,2021-03-29,5153,400598,2289,206229,2520,186190,344,8179,2941,131700,2209,138330,3285,270030,Not in California
Outside California,2021-03-30,6862,407460,3614,209843,2684,188874,564,8743,4053,133525,2799,141129,4624,274654,Not in California
Outside California,2021-03-31,6330,413790,3782,213625,1770,190644,778,9521,3359,134694,2965,144094,4134,278788,Not in California
Outside California,2021-04-01,7489,421279,4476,218101,2368,193012,645,10166,4321,136491,3160,147254,4957,283745,Not in California
Outside California,2021-04-02,8471,429750,4524,222625,2804,195816,1143,11309,4389,137948,4073,151327,5530,289275,Not in California
Outside California,2021-04-03,6145,435895,3652,226277,1336,197152,1157,12466,3224,139415,2913,154240,4380,293655,Not in California
Outside California,2021-04-04,1775,437670,873,227150,668,197820,234,12700,972,139817,802,155042,1204,294859,Not in California
Outside California,2021-04-05,4103,441773,1983,229133,1455,199275,665,13365,1952,140287,2146,157188,2616,297475,Not in California
Outside California,2021-04-06,7154,448927,3853,232986,1662,200937,1639,15004,2870,140524,4268,161456,4505,301980,Not in California
Outside California,2021-04-07,8198,457125,4613,237599,1888,202825,1697,16701,3181,140383,5010,166466,4869,306849,Not in California
Outside California,2021-04-08,8130,465255,4221,241820,1969,204794,1940,18641,3177,140545,4943,171409,5105,311954,Not in California
Outside California,2021-04-09,7449,472704,3829,245649,1699,206493,1921,20562,2864,140755,4576,175985,4786,316740,Not in California
Outside California,2021-04-10,6136,478840,3035,248684,1241,207734,1860,22422,1723,139925,4404,180389,3574,320314,Not in California
Outside California,2021-04-11,2829,481669,1542,250226,650,208384,637,23059,951,139638,1875,182264,1588,321902,Not in California
Outside California,2021-04-12,4076,485745,2270,252496,1259,209643,547,23606,1792,139702,2276,184540,2340,324242,Not in California
Outside California,2021-04-13,5758,491503,3685,256181,2048,211691,25,23631,2958,139891,2794,187334,2983,327225,Not in California
Outside California,2021-04-14,5303,496806,3361,259542,1938,213629,4,23635,2880,140359,2418,189752,2886,330111,Not in California
Outside California,2021-04-15,6116,502922,3860,263402,2250,215879,6,23641,3275,140853,2789,192541,3283,333394,Not in California
Outside California,2021-04-16,5832,508754,3340,266742,2486,218365,6,23647,3238,141515,2584,195125,3246,336640,Not in California
Outside California,2021-04-17,5384,514138,3351,270093,2032,220397,1,23648,3074,142287,2302,197427,3074,339714,Not in California
Outside California,2021-04-18,2099,516237,1170,271263,928,221325,1,23649,996,142188,1097,198524,998,340712,Not in California
Outside California,2021-04-19,4111,520348,1984,273247,2126,223451,1,23650,2108,142307,1993,200517,2112,342824,Not in California
Outside California,2021-04-20,5349,525697,2430,275677,2919,226370,0,23650,2184,141334,3157,203674,2184,345008,Not in California
Outside California,2021-04-21,6337,532034,2640,278317,3693,230063,4,23654,2240,139501,4077,207751,2244,347252,Not in California
Outside California,2021-04-22,6720,538754,3423,281740,3293,233356,4,23658,2429,137657,4279,212030,2435,349687,Not in California
Outside California,2021-04-23,5831,544585,2962,284702,2868,236224,1,23659,2363,136570,3453,215483,2366,352053,Not in California
Outside California,2021-04-24,4516,549101,2932,287634,1579,237803,5,23664,1780,135627,2731,218214,1788,353841,Not in California
Outside California,2021-04-25,2200,551301,1242,288876,956,238759,2,23666,1162,135760,1034,219248,1167,355008,Not in California
Outside California,2021-04-26,3823,555124,1676,290552,2122,240881,25,23691,1728,135426,2087,221335,1753,356761,Not in California
Outside California,2021-04-27,5432,560556,1996,292548,3102,243983,334,24025,1887,134119,3536,224871,2229,358990,Not in California
Outside California,2021-04-28,4824,565380,2045,294593,2386,246369,393,24418,1879,133459,2933,227804,2273,361263,Not in California
Outside California,2021-04-29,4820,570200,2204,296797,2184,248553,432,24850,1808,132708,2991,230795,2240,363503,Not in California
Outside California,2021-04-30,4871,575071,2344,299141,2108,250661,419,25269,1826,131924,3032,233827,2248,365751,Not in California
Outside California,2021-05-01,3153,578224,1818,300959,908,251569,427,25696,1252,131712,1891,235718,1679,367430,Not in California
Outside California,2021-05-02,1853,580077,1077,302036,653,252222,123,25819,832,131648,1019,236737,955,368385,Not in California
Outside California,2021-05-03,2850,582927,1556,303592,1016,253238,278,26097,1107,131294,1739,238476,1385,369770,Not in California
Outside California,2021-05-04,3905,586832,2092,305684,1372,254610,441,26538,1306,130446,2593,241069,1745,371515,Not in California
Outside California,2021-05-05,4228,591060,2292,307976,1569,256179,367,26905,1482,129561,2737,243806,1852,373367,Not in California
Outside California,2021-05-06,4297,595357,2577,310553,1385,257564,335,27240,1505,128615,2786,246592,1840,375207,Not in California
Outside California,2021-05-07,4607,599964,2591,313144,1630,259194,386,27626,1653,127713,2941,249533,2039,377246,Not in California
Outside California,2021-05-08,3331,603295,2208,315352,878,260072,245,27871,1202,127041,2120,251653,1448,378694,Not in California
Outside California,2021-05-09,1361,604656,903,316255,335,260407,123,27994,589,126984,768,252421,711,379405,Not in California
Outside California,2021-05-10,2604,607260,1177,317432,1102,261509,325,28319,998,126709,1600,254021,1325,380730,Not in California
Outside California,2021-05-11,2814,610074,1310,318742,1222,262731,282,28601,1071,126323,1742,255763,1356,382086,Not in California
Outside California,2021-05-12,2859,612933,1306,320048,1255,263986,298,28899,1092,125950,1762,257525,1389,383475,Not in California
Outside California,2021-05-13,2747,615680,1559,321607,987,264973,201,29100,1212,125832,1530,259055,1412,384887,Not in California
Outside California,2021-05-14,3523,619203,1978,323585,1308,266281,237,29337,1616,125787,1900,260955,1855,386742,Not in California
Outside California,2021-05-15,2628,621831,1543,325128,942,267223,143,29480,1153,125615,1471,262426,1299,388041,Not in California
Outside California,2021-05-16,1621,623452,1033,326161,519,267742,69,29549,744,125554,874,263300,813,388854,Not in California
Outside California,2021-05-17,3054,626506,1625,327786,1197,268939,232,29781,1386,125509,1664,264964,1619,390473,Not in California
Outside California,2021-05-18,3209,629715,1623,329409,1273,270212,313,30094,1491,125609,1706,266670,1806,392279,Not in California
Outside California,2021-05-19,3316,633031,1676,331085,1373,271585,267,30361,1494,125554,1816,268486,1761,394040,Not in California
Outside California,2021-05-20,2120,635151,1198,332283,725,272310,197,30558,1006,125652,1107,269593,1205,395245,Not in California
Outside California,2021-05-21,2240,637391,1305,333588,715,273025,220,30778,1017,125674,1216,270809,1238,396483,Not in California
Outside California,2021-05-22,2030,639421,1466,335054,388,273413,176,30954,1236,126295,789,271598,1410,397893,Not in California
Outside California,2021-05-23,961,640382,725,335779,178,273591,58,31012,520,126433,441,272039,579,398472,Not in California
Outside California,2021-05-24,2422,642804,1186,336965,891,274482,345,31357,1133,126630,1281,273320,1478,399950,Not in California
Outside California,2021-05-25,2357,645161,1102,338067,928,275410,327,31684,1059,126726,1288,274608,1384,401334,Not in California
Outside California,2021-05-26,2342,647503,1078,339145,912,276322,352,32036,995,126734,1340,275948,1348,402682,Not in California
Outside California,2021-05-27,2170,649673,1092,340237,792,277114,286,32322,1023,126898,1144,277092,1308,403990,Not in California
Outside California,2021-05-28,2388,652061,1197,341434,842,277956,349,32671,1102,127071,1279,278371,1452,405442,Not in California
Outside California,2021-05-29,1675,653736,848,342282,471,278427,356,33027,735,127226,936,279307,1091,406533,Not in California
Outside California,2021-05-30,911,654647,558,342840,229,278656,124,33151,465,127373,443,279750,590,407123,Not in California
Outside California,2021-05-31,413,655060,180,343020,195,278851,38,33189,176,127363,225,279975,215,407338,Not in California
Outside California,2021-06-01,2088,657148,1096,344116,701,279552,291,33480,1059,127688,1026,281001,1351,408689,Not in California
Outside California,2021-06-02,2059,659207,1073,345189,650,280202,336,33816,1054,128078,1000,282001,1390,410079,Not in California
Outside California,2021-06-03,2061,661268,1144,346333,621,280823,296,34112,1024,128367,1031,283032,1320,411399,Not in California
Outside California,2021-06-04,2412,663680,1360,347693,758,281581,294,34406,1016,128286,1391,284423,1310,412709,Not in California
Outside California,2021-06-05,1737,665417,1165,348858,426,282007,146,34552,757,128212,977,285400,903,413612,Not in California
Outside California,2021-06-06,360,665777,278,349136,35,282042,47,34599,143,128185,217,285617,190,413802,Not in California
Unknown,2020-12-17,2,2,2,2,0,0,0,0,0,0,0,0,0,0,Not in California
Unknown,2020-12-18,1,3,1,3,0,0,0,0,0,0,0,0,0,0,Not in California
Unknown,2020-12-21,4,7,4,7,0,0,0,0,0,0,0,0,0,0,Not in California
Unknown,2020-12-28,2,9,2,9,0,0,0,0,2,2,0,0,2,2,Not in California
Unknown,2020-12-29,1,10,1,10,0,0,0,0,1,3,0,0,1,3,Not in California
Unknown,2020-12-30,54,64,54,64,0,0,0,0,54,57,0,0,54,57,Not in California
Unknown,2020-12-31,1,65,0,64,1,1,0,0,0,57,0,0,0,57,Not in California
Unknown,2021-01-02,1,66,0,64,1,2,0,0,1,58,0,0,1,58,Not in California
Unknown,2021-01-04,2,68,2,66,0,2,0,0,1,59,0,0,1,59,Not in California
Unknown,2021-01-06,6,74,4,70,2,4,0,0,6,65,0,0,6,65,Not in California
Unknown,2021-01-07,69,143,68,138,1,5,0,0,69,134,0,0,69,134,Not in California
Unknown,2021-01-09,1,144,1,139,0,5,0,0,2,136,0,0,2,136,Not in California
Unknown,2021-01-11,19,163,19,158,0,5,0,0,18,154,0,0,18,154,Not in California
Unknown,2021-01-12,8,171,7,165,1,6,0,0,6,160,1,1,7,161,Not in California
Unknown,2021-01-13,7,178,7,172,0,6,0,0,8,168,0,1,8,169,Not in California
Unknown,2021-01-14,3,181,3,175,0,6,0,0,3,171,0,1,3,172,Not in California
Unknown,2021-01-15,5,186,4,179,1,7,0,0,5,176,0,1,5,177,Not in California
Unknown,2021-01-16,6,192,6,185,0,7,0,0,6,182,0,1,6,183,Not in California
Unknown,2021-01-17,1,193,1,186,0,7,0,0,1,183,0,1,1,184,Not in California
Unknown,2021-01-18,34,227,34,220,0,7,0,0,33,215,1,2,33,217,Not in California
Unknown,2021-01-19,13,240,13,233,0,7,0,0,12,227,0,2,12,229,Not in California
Unknown,2021-01-20,67,307,67,300,0,7,0,0,17,192,52,54,17,246,Not in California
Unknown,2021-01-21,38,345,36,336,2,9,0,0,39,230,1,55,39,285,Not in California
Unknown,2021-01-22,23,368,18,354,5,14,0,0,23,253,0,55,23,308,Not in California
Unknown,2021-01-23,11,379,5,359,6,20,0,0,11,264,0,55,11,319,Not in California
Unknown,2021-01-24,2,381,2,361,0,20,0,0,3,267,0,55,3,322,Not in California
Unknown,2021-01-25,13,394,11,372,2,22,0,0,11,276,2,57,11,333,Not in California
Unknown,2021-01-26,59,453,59,431,0,22,0,0,62,338,0,57,62,395,Not in California
Unknown,2021-01-27,13,466,13,444,0,22,0,0,12,349,1,58,12,407,Not in California
Unknown,2021-01-28,117,583,115,559,2,24,0,0,61,351,59,117,61,468,Not in California
Unknown,2021-01-29,127,710,127,686,0,24,0,0,131,481,1,118,131,599,Not in California
Unknown,2021-01-30,9,719,7,693,2,26,0,0,12,492,1,119,12,611,Not in California
Unknown,2021-01-31,10,729,10,703,0,26,0,0,11,503,0,119,11,622,Not in California
Unknown,2021-02-01,35,764,33,736,2,28,0,0,19,504,18,137,19,641,Not in California
Unknown,2021-02-02,42,806,41,777,1,29,0,0,37,537,4,141,37,678,Not in California
Unknown,2021-02-03,21,827,20,797,1,30,0,0,13,542,8,149,13,691,Not in California
Unknown,2021-02-04,43,870,39,836,4,34,0,0,39,577,4,153,39,730,Not in California
Unknown,2021-02-05,16,886,12,848,4,38,0,0,12,585,4,157,12,742,Not in California
Unknown,2021-02-06,10,896,10,858,0,38,0,0,6,585,6,163,6,748,Not in California
Unknown,2021-02-07,5,901,5,863,0,38,0,0,5,590,0,163,5,753,Not in California
Unknown,2021-02-08,31,932,29,892,2,40,0,0,8,575,23,186,8,761,Not in California
Unknown,2021-02-09,13,945,13,905,0,40,0,0,5,571,9,195,5,766,Not in California
Unknown,2021-02-10,20,965,16,921,4,44,0,0,7,565,13,208,7,773,Not in California
Unknown,2021-02-11,48,1013,47,968,1,45,0,0,21,558,28,236,21,794,Not in California
Unknown,2021-02-12,21,1034,17,985,4,49,0,0,6,549,15,251,6,800,Not in California
Unknown,2021-02-13,9,1043,2,987,7,56,0,0,7,554,2,253,7,807,Not in California
Unknown,2021-02-14,3,1046,1,988,2,58,0,0,2,555,1,254,2,809,Not in California
Unknown,2021-02-15,35,1081,30,1018,5,63,0,0,26,574,7,261,26,835,Not in California
Unknown,2021-02-16,65,1146,56,1074,9,72,0,0,25,559,40,301,25,860,Not in California
Unknown,2021-02-17,7,1153,5,1079,2,74,0,0,2,557,4,305,2,862,Not in California
Unknown,2021-02-18,61,1214,56,1135,5,79,0,0,12,520,49,354,12,874,Not in California
Unknown,2021-02-19,160,1374,155,1290,5,84,0,0,41,443,118,472,41,915,Not in California
Unknown,2021-02-20,4,1378,4,1294,0,84,0,0,0,439,4,476,0,915,Not in California
Unknown,2021-02-21,9,1387,9,1303,0,84,0,0,0,430,9,485,0,915,Not in California
Unknown,2021-02-22,2,1389,2,1305,0,84,0,0,1,430,1,486,1,916,Not in California
Unknown,2021-02-23,44,1433,32,1337,12,96,0,0,12,411,31,517,12,928,Not in California
Unknown,2021-02-24,20,1453,13,1350,7,103,0,0,10,411,10,527,10,938,Not in California
Unknown,2021-02-25,53,1506,40,1390,13,116,0,0,20,397,34,561,20,958,Not in California
Unknown,2021-02-26,33,1539,20,1410,13,129,0,0,18,402,13,574,18,976,Not in California
Unknown,2021-02-27,15,1554,10,1420,5,134,0,0,9,407,4,578,9,985,Not in California
Unknown,2021-02-28,15,1569,12,1432,3,137,0,0,8,410,5,583,8,993,Not in California
Unknown,2021-03-01,26,1595,12,1444,14,151,0,0,13,411,12,595,13,1006,Not in California
Unknown,2021-03-02,17,1612,5,1449,12,163,0,0,11,417,5,600,11,1017,Not in California
Unknown,2021-03-03,7,1619,3,1452,4,167,0,0,5,421,1,601,5,1022,Not in California
Unknown,2021-03-04,24,1643,21,1473,3,170,0,0,9,416,14,615,9,1031,Not in California
Unknown,2021-03-05,18,1661,9,1482,9,179,0,0,16,428,4,619,16,1047,Not in California
Unknown,2021-03-06,15,1676,9,1491,4,183,2,2,14,441,3,622,16,1063,Not in California
Unknown,2021-03-08,29,1705,22,1513,6,189,1,3,7,427,22,644,8,1071,Not in California
Unknown,2021-03-09,26,1731,21,1534,2,191,3,6,6,415,21,665,9,1080,Not in California
Unknown,2021-03-10,8,1739,5,1539,1,192,2,8,5,418,4,669,7,1087,Not in California
Unknown,2021-03-11,24,1763,8,1547,2,194,14,22,6,420,18,687,20,1107,Not in California
Unknown,2021-03-12,52,1815,39,1586,8,202,5,27,10,394,41,728,15,1122,Not in California
Unknown,2021-03-13,14,1829,3,1589,7,209,4,31,5,393,10,738,9,1131,Not in California
Unknown,2021-03-14,7,1836,2,1591,3,212,2,33,3,394,4,742,5,1136,Not in California
Unknown,2021-03-15,23,1859,6,1597,15,227,2,35,15,402,9,751,17,1153,Not in California
Unknown,2021-03-16,37,1896,13,1610,20,247,4,39,19,408,17,768,23,1176,Not in California
Unknown,2021-03-17,33,1929,12,1622,20,267,1,40,29,435,3,771,30,1206,Not in California
Unknown,2021-03-18,26,1955,14,1636,12,279,0,40,14,439,10,781,14,1220,Not in California
Unknown,2021-03-19,22,1977,13,1649,9,288,0,40,16,448,7,788,16,1236,Not in California
Unknown,2021-03-20,19,1996,11,1660,8,296,0,40,9,450,7,795,9,1245,Not in California
Unknown,2021-03-21,14,2010,9,1669,5,301,0,40,12,460,2,797,12,1257,Not in California
Unknown,2021-03-22,25,2035,9,1678,15,316,1,41,11,463,9,806,12,1269,Not in California
Unknown,2021-03-23,21,2056,7,1685,9,325,5,46,10,468,10,816,15,1284,Not in California
Unknown,2021-03-24,20,2076,7,1692,13,338,0,46,15,478,5,821,15,1299,Not in California
Unknown,2021-03-25,24,2100,12,1704,12,350,0,46,17,489,6,827,17,1316,Not in California
Unknown,2021-03-26,26,2126,12,1716,9,359,5,51,13,496,11,838,18,1334,Not in California
Unknown,2021-03-27,28,2154,14,1730,11,370,3,54,16,499,16,854,19,1353,Not in California
Unknown,2021-03-28,13,2167,5,1735,8,378,0,54,10,506,3,857,10,1363,Not in California
Unknown,2021-03-29,27,2194,10,1745,16,394,1,55,18,517,8,865,19,1382,Not in California
Unknown,2021-03-30,25,2219,13,1758,12,406,0,55,17,526,8,873,17,1399,Not in California
Unknown,2021-03-31,26,2245,14,1772,12,418,0,55,18,536,8,881,18,1417,Not in California
Unknown,2021-04-01,17,2262,12,1784,5,423,0,55,13,546,3,884,13,1430,Not in California
Unknown,2021-04-02,35,2297,14,1798,12,435,9,64,15,550,20,904,24,1454,Not in California
Unknown,2021-04-03,18,2315,8,1806,10,445,0,64,9,550,9,913,9,1463,Not in California
Unknown,2021-04-04,13,2328,4,1810,9,454,0,64,9,556,3,916,9,1472,Not in California
Unknown,2021-04-05,23,2351,11,1821,11,465,1,65,11,557,11,927,12,1484,Not in California
Unknown,2021-04-06,18,2369,11,1832,6,471,1,66,11,561,8,935,12,1496,Not in California
Unknown,2021-04-07,30,2399,20,1852,10,481,0,66,25,581,5,940,25,1521,Not in California
Unknown,2021-04-08,28,2427,16,1868,7,488,5,71,14,586,15,955,20,1541,Not in California
Unknown,2021-04-09,26,2453,18,1886,8,496,0,71,20,600,6,961,20,1561,Not in California
Unknown,2021-04-10,8,2461,7,1893,1,497,0,71,5,600,5,966,5,1566,Not in California
Unknown,2021-04-11,8,2469,5,1898,3,500,0,71,3,599,4,970,3,1569,Not in California
Unknown,2021-04-12,30,2499,16,1914,13,513,1,72,14,597,17,987,15,1584,Not in California
Unknown,2021-04-13,32,2531,16,1930,16,529,0,72,13,591,19,1006,13,1597,Not in California
Unknown,2021-04-14,21,2552,4,1934,17,546,0,72,4,578,17,1023,4,1601,Not in California
Unknown,2021-04-15,26,2578,12,1946,13,559,1,73,9,571,17,1040,10,1611,Not in California
Unknown,2021-04-16,17,2595,9,1955,8,567,0,73,6,567,10,1050,6,1617,Not in California
Unknown,2021-04-17,18,2613,12,1967,6,573,0,73,3,558,13,1063,4,1621,Not in California
Unknown,2021-04-18,15,2628,6,1973,9,582,0,73,6,554,10,1073,6,1627,Not in California
Unknown,2021-04-19,25,2653,14,1987,11,593,0,73,12,554,12,1085,12,1639,Not in California
Unknown,2021-04-20,19,2672,10,1997,9,602,0,73,4,542,16,1101,4,1643,Not in California
Unknown,2021-04-21,30,2702,11,2008,19,621,0,73,12,534,20,1121,12,1655,Not in California
Unknown,2021-04-22,19,2721,11,2019,8,629,0,73,4,523,15,1136,4,1659,Not in California
Unknown,2021-04-23,30,2751,14,2033,16,645,0,73,16,527,12,1148,16,1675,Not in California
Unknown,2021-04-24,20,2771,11,2044,9,654,0,73,11,529,9,1157,11,1686,Not in California
Unknown,2021-04-25,20,2791,9,2053,11,665,0,73,10,528,11,1168,10,1696,Not in California
Unknown,2021-04-26,23,2814,12,2065,11,676,0,73,9,522,15,1183,9,1705,Not in California
Unknown,2021-04-27,28,2842,13,2078,13,689,2,75,9,514,19,1202,11,1716,Not in California
Unknown,2021-04-28,25,2867,18,2096,5,694,2,77,7,505,18,1220,9,1725,Not in California
Unknown,2021-04-29,28,2895,18,2114,10,704,0,77,11,499,17,1237,11,1736,Not in California
Unknown,2021-04-30,25,2920,12,2126,9,713,4,81,13,504,12,1249,17,1753,Not in California
Unknown,2021-05-01,27,2947,21,2147,6,719,0,81,15,508,11,1260,15,1768,Not in California
Unknown,2021-05-02,11,2958,5,2152,6,725,0,81,3,504,7,1267,3,1771,Not in California
Unknown,2021-05-03,22,2980,15,2167,4,729,3,84,6,496,16,1283,8,1779,Not in California
Unknown,2021-05-04,18,2998,8,2175,6,735,4,88,4,489,15,1298,8,1787,Not in California
Unknown,2021-05-05,25,3023,7,2182,17,752,1,89,15,492,13,1311,16,1803,Not in California
Unknown,2021-05-06,21,3044,8,2190,6,758,7,96,9,494,14,1325,16,1819,Not in California
Unknown,2021-05-07,23,3067,12,2202,8,766,3,99,13,496,14,1339,16,1835,Not in California
Unknown,2021-05-08,11,3078,7,2209,2,768,2,101,5,498,5,1344,7,1842,Not in California
Unknown,2021-05-09,16,3094,4,2213,8,776,4,105,8,502,8,1352,12,1854,Not in California
Unknown,2021-05-10,15,3109,9,2222,4,780,2,107,3,495,12,1364,5,1859,Not in California
Unknown,2021-05-11,12,3121,6,2228,2,782,4,111,5,497,7,1371,9,1868,Not in California
Unknown,2021-05-12,10,3131,6,2234,3,785,1,112,4,496,6,1377,5,1873,Not in California
Unknown,2021-05-13,13,3144,8,2242,1,786,4,116,12,507,6,1383,17,1890,Not in California
Unknown,2021-05-14,18,3162,15,2257,2,788,1,117,16,516,7,1390,16,1906,Not in California
Unknown,2021-05-15,16,3178,14,2271,2,790,0,117,13,522,7,1397,13,1919,Not in California
Unknown,2021-05-16,20,3198,14,2285,5,795,1,118,13,529,7,1404,14,1933,Not in California
Unknown,2021-05-17,20,3218,15,2300,3,798,2,120,13,538,6,1410,15,1948,Not in California
Unknown,2021-05-18,30,3248,20,2320,8,806,2,122,20,550,10,1420,22,1970,Not in California
Unknown,2021-05-19,32,3280,23,2343,8,814,1,123,16,552,15,1435,17,1987,Not in California
Unknown,2021-05-20,6,3286,6,2349,0,814,0,123,3,552,3,1438,3,1990,Not in California
Unknown,2021-05-21,4,3290,3,2352,1,815,0,123,1,550,3,1441,1,1991,Not in California
Unknown,2021-05-22,12,3302,11,2363,1,816,0,123,8,554,4,1445,8,1999,Not in California
Unknown,2021-05-24,8,3310,5,2368,2,818,1,124,4,555,4,1449,5,2004,Not in California
Unknown,2021-05-25,17,3327,6,2374,5,823,6,130,8,560,9,1458,14,2018,Not in California
Unknown,2021-05-26,10,3337,7,2381,2,825,1,131,5,561,5,1463,6,2024,Not in California
Unknown,2021-05-27,22,3359,15,2396,5,830,2,133,9,560,12,1475,11,2035,Not in California
Unknown,2021-05-28,23,3382,13,2409,5,835,5,138,13,568,10,1485,18,2053,Not in California
Unknown,2021-05-29,11,3393,10,2419,1,836,0,138,7,571,4,1489,7,2060,Not in California
Unknown,2021-05-30,6,3399,4,2423,1,837,1,139,3,572,3,1492,4,2064,Not in California
Unknown,2021-05-31,1,3400,1,2424,0,837,0,139,0,571,1,1493,0,2064,Not in California
Unknown,2021-06-01,24,3424,16,2440,6,843,2,141,16,581,8,1501,18,2082,Not in California
Unknown,2021-06-02,7,3431,3,2443,4,847,0,141,3,580,4,1505,3,2085,Not in California
Unknown,2021-06-03,98,3529,92,2535,6,853,0,141,89,660,9,1514,89,2174,Not in California
Unknown,2021-06-04,339,3868,277,2812,57,910,5,146,314,954,25,1539,319,2493,Not in California
Unknown,2021-06-05,308,4176,255,3067,45,955,8,154,279,1212,29,1568,287,2780,Not in California
Alameda,2020-12-15,37,37,37,37,0,0,0,0,37,37,0,0,37,37,California
Alameda,2020-12-16,207,244,207,244,0,0,0,0,207,244,0,0,207,244,California
Alameda,2020-12-17,506,750,506,750,0,0,0,0,506,750,0,0,506,750,California
Alameda,2020-12-18,1915,2665,1914,2664,1,1,0,0,1915,2665,0,0,1915,2665,California
Alameda,2020-12-19,1424,4089,1424,4088,0,1,0,0,1424,4089,0,0,1424,4089,California
Alameda,2020-12-20,1177,5266,1176,5264,1,2,0,0,1176,5264,1,1,1176,5265,California
Alameda,2020-12-21,1848,7114,1846,7110,2,4,0,0,1847,7111,0,1,1847,7112,California
Alameda,2020-12-22,2094,9208,2041,9151,53,57,0,0,2094,9205,0,1,2094,9206,California
Alameda,2020-12-23,1925,11133,1667,10818,258,315,0,0,1926,11131,0,1,1926,11132,California
Alameda,2020-12-24,1213,12346,756,11574,457,772,0,0,1213,12344,0,1,1213,12345,California
Alameda,2020-12-25,165,12511,128,11702,37,809,0,0,165,12509,0,1,165,12510,California
Alameda,2020-12-26,857,13368,322,12024,535,1344,0,0,857,13366,0,1,857,13367,California
Alameda,2020-12-27,494,13862,253,12277,241,1585,0,0,494,13860,0,1,494,13861,California
Alameda,2020-12-28,1870,15732,957,13234,913,2498,0,0,1870,15730,0,1,1870,15731,California
Alameda,2020-12-29,2471,18203,1073,14307,1398,3896,0,0,2470,18200,0,1,2470,18201,California
Alameda,2020-12-30,3076,21279,1319,15626,1757,5653,0,0,3076,21276,0,1,3076,21277,California
Alameda,2020-12-31,1788,23067,446,16072,1342,6995,0,0,1786,23061,1,2,1786,23063,California
Alameda,2021-01-01,174,23241,72,16144,102,7097,0,0,173,23233,1,3,173,23236,California
Alameda,2021-01-02,728,23969,526,16670,202,7299,0,0,727,23960,0,3,727,23963,California
Alameda,2021-01-03,339,24308,219,16889,120,7419,0,0,333,24287,6,9,333,24296,California
Alameda,2021-01-04,1639,25947,936,17825,703,8122,0,0,1602,25853,36,45,1602,25898,California
Alameda,2021-01-05,2206,28153,1276,19101,930,9052,0,0,1951,27552,252,297,1951,27849,California
Alameda,2021-01-06,3259,31412,1800,20901,1459,10511,0,0,2384,29066,872,1169,2386,30235,California
Alameda,2021-01-07,3807,35219,2143,23044,1664,12175,0,0,2622,30517,1176,2345,2627,32862,California
Alameda,2021-01-08,4753,39972,2714,25758,2039,14214,0,0,3020,31815,1727,4072,3025,35887,California
Alameda,2021-01-09,2018,41990,1373,27131,645,14859,0,0,1163,32123,855,4927,1163,37050,California
Alameda,2021-01-10,1056,43046,839,27970,217,15076,0,0,422,31910,635,5562,422,37472,California
Alameda,2021-01-11,4644,47690,3515,31485,1129,16205,0,0,2843,32960,1800,7362,2850,40322,California
Alameda,2021-01-12,4831,52521,3249,34734,1582,17787,0,0,3450,35033,1380,8742,3453,43775,California
Alameda,2021-01-13,5011,57532,2642,37376,2369,20156,0,0,3826,37679,1182,9924,3828,47603,California
Alameda,2021-01-14,5637,63169,2772,40148,2865,23021,0,0,4753,41560,875,10799,4756,52359,California
Alameda,2021-01-15,5820,68989,2302,42450,3518,26539,0,0,5055,45861,758,11557,5059,57418,California
Alameda,2021-01-16,3004,71993,1403,43853,1601,28140,0,0,2735,48328,269,11826,2736,60154,California
Alameda,2021-01-17,1874,73867,1086,44939,788,28928,0,0,1669,49794,204,12030,1670,61824,California
Alameda,2021-01-18,3175,77042,2033,46972,1142,30070,0,0,2584,51794,586,12616,2586,64410,California
Alameda,2021-01-19,5514,82556,3317,50289,2197,32267,0,0,4323,54930,1189,13805,4325,68735,California
Alameda,2021-01-20,6769,89325,4101,54390,2668,34935,0,0,5476,59130,1280,15085,5480,74215,California
Alameda,2021-01-21,7777,97102,3420,57810,4357,39292,0,0,6935,65234,836,15921,6940,81155,California
Alameda,2021-01-22,6838,103940,2033,59843,4805,44097,0,0,5696,69799,1133,17054,5698,86853,California
Alameda,2021-01-23,3281,107221,958,60801,2323,46420,0,0,2724,71967,556,17610,2724,89577,California
Alameda,2021-01-24,2037,109258,653,61454,1384,47804,0,0,1764,73461,270,17880,1764,91341,California
Alameda,2021-01-25,5193,114451,1975,63429,3218,51022,0,0,3619,75515,1566,19446,3620,94961,California
Alameda,2021-01-26,7319,121770,2317,65746,5002,56024,0,0,5435,79075,1876,21322,5436,100397,California
Alameda,2021-01-27,6689,128459,2071,67817,4618,60642,0,0,4845,82086,1834,23156,4845,105242,California
Alameda,2021-01-28,7865,136324,2555,70372,5310,65952,0,0,5632,85502,2217,25373,5633,110875,California
Alameda,2021-01-29,7973,144297,3196,73568,4777,70729,0,0,6139,89819,1824,27197,6141,117016,California
Alameda,2021-01-30,3428,147725,1685,75253,1743,72472,0,0,2713,91823,709,27906,2713,119729,California
Alameda,2021-01-31,1924,149649,951,76204,973,73445,0,0,1686,93274,235,28141,1686,121415,California
Alameda,2021-02-01,6474,156123,3883,80087,2591,76036,0,0,4333,95476,2132,30273,4334,125749,California
Alameda,2021-02-02,7018,163141,3783,83870,3235,79271,0,0,4694,97853,2317,32590,4694,130443,California
Alameda,2021-02-03,7051,170192,3713,87583,3338,82609,0,0,4364,99542,2680,35270,4369,134812,California
Alameda,2021-02-04,9475,179667,4128,91711,5347,87956,0,0,6365,102815,3097,38367,6370,141182,California
Alameda,2021-02-05,10280,189947,5360,97071,4920,92876,0,0,6413,105373,3861,42228,6419,147601,California
Alameda,2021-02-06,6956,196903,4415,101486,2541,95417,0,0,5827,110071,1129,43357,5827,153428,California
Alameda,2021-02-07,3581,200484,2891,104377,690,96107,0,0,2635,111764,943,44300,2636,156064,California
Alameda,2021-02-08,8095,208579,5800,110177,2295,98402,0,0,5531,114741,2556,46856,5533,161597,California
Alameda,2021-02-09,9675,218254,5823,116000,3852,102254,0,0,6024,117133,3634,50490,6026,167623,California
Alameda,2021-02-10,11458,229712,6771,122771,4687,106941,0,0,6541,118782,4900,55390,6549,174172,California
Alameda,2021-02-11,13957,243669,8028,130799,5929,112870,0,0,8366,121580,5571,60961,8369,182541,California
Alameda,2021-02-12,12517,256186,5692,136491,6825,119695,0,0,7736,124554,4765,65726,7739,190280,California
Alameda,2021-02-13,7794,263980,4058,140549,3736,123431,0,0,5822,128412,1967,67693,5825,196105,California
Alameda,2021-02-14,4050,268030,2552,143101,1498,124929,0,0,2869,130107,1177,68870,2872,198977,California
Alameda,2021-02-15,5668,273698,3186,146287,2482,127411,0,0,3687,131817,1979,70849,3689,202666,California
Alameda,2021-02-16,12523,286221,6969,153256,5554,132965,0,0,9308,137926,3205,74054,9314,211980,California
Alameda,2021-02-17,14162,300383,8413,161669,5749,138714,0,0,10515,144812,3631,77685,10517,222497,California
Alameda,2021-02-18,15894,316277,10100,171769,5794,144508,0,0,11546,152025,4339,82024,11552,234049,California
Alameda,2021-02-19,17846,334123,11586,183355,6260,150768,0,0,11801,157810,6021,88045,11806,245855,California
Alameda,2021-02-20,12026,346149,9715,193070,2311,153079,0,0,9248,164291,2773,90818,9254,255109,California
Alameda,2021-02-21,7808,353957,6845,199915,963,154042,0,0,5288,167071,2508,93326,5288,260397,California
Alameda,2021-02-22,10962,364919,8074,207989,2888,156930,0,0,6880,169891,4069,97395,6889,267286,California
Alameda,2021-02-23,12996,377915,7923,215912,5073,162003,0,0,8086,173084,4900,102295,8093,275379,California
Alameda,2021-02-24,14847,392762,8349,224261,6498,168501,0,0,9605,177516,5179,107474,9611,284990,California
Alameda,2021-02-25,16013,408775,9296,233557,6717,175218,0,0,10126,181796,5855,113329,10135,295125,California
Alameda,2021-02-26,18657,427432,10877,244434,7780,182998,0,0,11846,186881,6765,120094,11850,306975,California
Alameda,2021-02-27,15159,442591,11180,255614,3977,186975,2,2,9372,190495,5762,125856,9376,316351,California
Alameda,2021-02-28,10123,452714,8442,264056,1681,188656,0,2,6555,193509,3542,129398,6556,322907,California
Alameda,2021-03-01,14065,466779,9728,273784,4327,192983,10,12,8600,196708,5418,134816,8617,331524,California
Alameda,2021-03-02,15038,481817,10817,284601,4220,197203,1,13,9845,201388,5173,139989,9853,341377,California
Alameda,2021-03-03,15680,497497,10265,294866,5413,202616,2,15,10717,207175,4936,144925,10723,352100,California
Alameda,2021-03-04,17421,514918,11193,306059,6226,208842,2,17,10976,211741,6412,151337,10978,363078,California
Alameda,2021-03-05,16253,531171,10650,316709,5593,214435,10,27,10978,217506,5230,156567,10995,374073,California
Alameda,2021-03-06,14551,545722,10275,326984,4011,218446,265,292,9642,222554,4860,161427,9908,383981,California
Alameda,2021-03-07,9768,555490,8514,335498,1171,219617,83,375,6960,226819,2780,164207,7045,391026,California
Alameda,2021-03-08,11954,567444,7464,342962,4113,223730,377,752,8946,233184,2958,167165,9323,400349,California
Alameda,2021-03-09,14681,582125,10319,353281,3931,227661,431,1183,8010,234988,6637,173802,8441,408790,California
Alameda,2021-03-10,17489,599614,12143,365424,4791,232452,555,1738,7891,233860,9570,183372,8442,417232,California
Alameda,2021-03-11,19780,619394,11594,377018,6473,238925,1713,3451,6722,229255,13028,196400,8423,425655,California
Alameda,2021-03-12,21379,640773,12537,389555,7136,246061,1706,5157,7372,224344,13977,210377,9066,434721,California
Alameda,2021-03-13,16072,656845,10330,399885,4742,250803,1000,6157,5065,219431,10971,221348,6058,440779,California
Alameda,2021-03-14,10890,667735,8023,407908,2081,252884,786,6943,3299,215937,7570,228918,4076,444855,California
Alameda,2021-03-15,14474,682209,9473,417381,4471,257355,530,7473,6246,214513,8197,237115,6773,451628,California
Alameda,2021-03-16,17224,699433,11193,428574,5495,262850,536,8009,7348,212574,9824,246939,7885,459513,California
Alameda,2021-03-17,17516,716949,9893,438467,6903,269753,720,8729,8065,211947,9408,256347,8781,468294,California
Alameda,2021-03-18,19205,736154,10467,448934,7836,277589,902,9631,8643,210967,10529,266876,9549,477843,California
Alameda,2021-03-19,19427,755581,10669,459603,6960,284549,1798,11429,7565,208509,11813,278689,9355,487198,California
Alameda,2021-03-20,15789,771370,10345,469948,4587,289136,857,12286,6311,206227,9445,288134,7163,494361,California
Alameda,2021-03-21,9233,780603,7262,477210,1418,290554,553,12839,3391,204339,5832,293966,3944,498305,California
Alameda,2021-03-22,15059,795662,10150,487360,3897,294451,1012,13851,6803,203920,8226,302192,7807,506112,California
Alameda,2021-03-23,19336,814998,11730,499090,6790,301241,816,14667,9785,205023,9501,311693,10604,516716,California
Alameda,2021-03-24,19293,834291,11701,510791,6567,307808,1025,15692,8394,203597,10834,322527,9408,526124,California
Alameda,2021-03-25,20570,854861,11436,522227,7725,315533,1409,17101,9384,203263,11115,333642,10781,536905,California
Alameda,2021-03-26,20996,875857,12687,534914,6744,322277,1565,18666,8449,200764,12501,346143,10002,546907,California
Alameda,2021-03-27,18384,894241,12552,547466,4878,327155,954,19620,7536,198442,10800,356943,8478,555385,California
Alameda,2021-03-28,10661,904902,8687,556153,1772,328927,202,19822,3468,194937,7180,364123,3675,559060,California
Alameda,2021-03-29,14750,919652,9454,565607,4301,333228,995,20817,5862,192941,8851,372974,6855,565915,California
Alameda,2021-03-30,18623,938275,9836,575443,7064,340292,1723,22540,9269,194606,9319,382293,10984,576899,California
Alameda,2021-03-31,19403,957678,10246,585689,7048,347340,2109,24649,9098,195524,10277,392570,11195,588094,California
Alameda,2021-04-01,23351,981029,10023,595712,7644,354984,5684,30333,11046,199975,12254,404824,16705,604799,California
Alameda,2021-04-02,24122,1005151,9930,605642,8321,363305,5871,36204,11656,205042,12428,417252,17495,622294,California
Alameda,2021-04-03,20377,1025528,9818,615460,5694,368999,4865,41069,10304,210152,10051,427303,15161,637455,California
Alameda,2021-04-04,9974,1035502,3987,619447,2277,371276,3710,44779,3460,210823,6494,433797,7165,644620,California
Alameda,2021-04-05,17844,1053346,7516,626963,5513,376789,4815,49594,7248,212311,10571,444368,12059,656679,California
Alameda,2021-04-06,22206,1075552,10677,637640,5667,382456,5862,55456,10066,216117,12103,456471,15909,672588,California
Alameda,2021-04-07,22590,1098142,11579,649219,5531,387987,5480,60936,11436,221909,11110,467581,16902,689490,California
Alameda,2021-04-08,25586,1123728,11524,660743,6043,394030,8019,68955,10925,226250,14583,482164,18924,708414,California
Alameda,2021-04-09,23440,1147168,10690,671433,7504,401534,5246,74201,12083,232254,11323,493487,17327,725741,California
Alameda,2021-04-10,19275,1166443,7449,678882,5638,407172,6188,80389,8203,235581,11045,504532,14372,740113,California
Alameda,2021-04-11,11009,1177452,4807,683689,2250,409422,3952,84341,4488,237503,6503,511035,8425,748538,California
Alameda,2021-04-12,18078,1195530,11742,695431,4353,413775,1983,86324,10210,241859,7831,518866,12187,760725,California
Alameda,2021-04-13,23072,1218602,14647,710078,8366,422141,59,86383,17014,252937,6005,524871,17083,777808,California
Alameda,2021-04-14,23125,1241727,15219,725297,7905,430046,1,86384,15637,261132,7450,532321,15645,793453,California
Alameda,2021-04-15,24102,1265829,15417,740714,8683,438729,2,86386,16027,269155,8015,540336,16038,809491,California
Alameda,2021-04-16,24410,1290239,14404,755118,10001,448730,5,86391,15722,276266,8629,548965,15740,825231,California
Alameda,2021-04-17,20874,1311113,14439,769557,6435,455165,0,86391,14437,284314,6403,555368,14451,839682,California
Alameda,2021-04-18,9974,1321087,7644,777201,2330,457495,0,86391,6904,288183,3041,558409,6910,846592,California
Alameda,2021-04-19,15645,1336732,9744,786945,5900,463395,1,86392,9085,290758,6520,564929,9095,855687,California
Alameda,2021-04-20,18149,1354881,11113,798058,7034,470429,2,86394,9983,292643,8122,573051,10007,865694,California
Alameda,2021-04-21,19127,1374008,11190,809248,7926,478355,11,86405,11189,295975,7885,580936,11217,876911,California
Alameda,2021-04-22,21409,1395417,13788,823036,7617,485972,4,86409,11414,297478,9940,590876,11443,888354,California
Alameda,2021-04-23,21822,1417239,14111,837147,7707,493679,4,86413,12249,300246,9512,600388,12280,900634,California
Alameda,2021-04-24,18983,1436222,14428,851575,4547,498226,8,86421,10064,301455,8873,609261,10082,910716,California
Alameda,2021-04-25,8993,1445215,6996,858571,1996,500222,1,86422,5893,304285,3073,612334,5903,916619,California
Alameda,2021-04-26,14095,1459310,9796,868367,4273,504495,26,86448,8779,307815,5284,617618,8814,925433,California
Alameda,2021-04-27,16053,1475363,9515,877882,6197,510692,341,86789,7596,307370,8405,626023,7960,933393,California
Alameda,2021-04-28,16442,1491805,10391,888273,5586,516278,465,87254,6688,304813,9722,635745,7165,940558,California
Alameda,2021-04-29,17194,1508999,10305,898578,6560,522838,329,87583,6406,300836,10733,646478,6756,947314,California
Alameda,2021-04-30,19464,1528463,11994,910572,7128,529966,342,87925,7895,297621,11492,657970,8277,955591,California
Alameda,2021-05-01,13980,1542443,9349,919921,4425,534391,206,88131,5222,294356,8721,666691,5456,961047,California
Alameda,2021-05-02,7071,1549514,4934,924855,1969,536360,168,88299,2893,293261,4161,670852,3066,964113,California
Alameda,2021-05-03,14507,1564021,10921,935776,3266,539626,320,88619,2852,284852,11609,682461,3200,967313,California
Alameda,2021-05-04,18321,1582342,13145,948921,4816,544442,360,88979,3686,274360,14569,697030,4077,971390,California
Alameda,2021-05-05,18338,1600680,13326,962247,4503,548945,509,89488,3722,264051,14553,711583,4244,975634,California
Alameda,2021-05-06,18676,1619356,14122,976369,3859,552804,695,90183,3662,253485,14939,726522,4373,980007,California
Alameda,2021-05-07,19169,1638525,12886,989255,5870,558674,413,90596,4397,243611,14701,741223,4827,984834,California
Alameda,2021-05-08,16466,1654991,11264,1000519,4991,563665,211,90807,3101,233610,13328,754551,3327,988161,California
Alameda,2021-05-09,8519,1663510,6971,1007490,1405,565070,143,90950,1452,228164,7045,761596,1599,989760,California
Alameda,2021-05-10,10079,1673589,6891,1014381,2864,567934,324,91274,2486,223420,7563,769159,2819,992579,California
Alameda,2021-05-11,14978,1688567,8009,1022390,6671,574605,298,91572,2699,214218,12232,781391,3030,995609,California
Alameda,2021-05-12,12609,1701176,8279,1030669,3919,578524,411,91983,2616,207319,9952,791343,3053,998662,California
Alameda,2021-05-13,16744,1717920,11968,1042637,4257,582781,519,92502,5163,201494,11538,802881,5713,1004375,California
Alameda,2021-05-14,20465,1738385,13864,1056501,6136,588917,465,92967,7031,195646,13359,816240,7511,1011886,California
Alameda,2021-05-15,17059,1755444,12415,1068916,4417,593334,227,93194,5770,190404,11244,827484,6002,1017888,California
Alameda,2021-05-16,8376,1763820,7158,1076074,1125,594459,93,93287,2791,187738,5555,833039,2889,1020777,California
Alameda,2021-05-17,13351,1777171,9936,1086010,2886,597345,529,93816,4234,183436,9080,842119,4778,1025555,California
Alameda,2021-05-18,14115,1791286,10250,1096260,3443,600788,422,94238,5085,179957,8990,851109,5511,1031066,California
Alameda,2021-05-19,14400,1805686,9870,1106130,4197,604985,333,94571,5998,177939,8351,859460,6333,1037399,California
Alameda,2021-05-20,11677,1817363,7812,1113942,3382,608367,483,95054,5169,177127,6467,865927,5655,1043054,California
Alameda,2021-05-21,13562,1830925,8927,1122869,4402,612769,233,95287,4553,172963,8951,874878,4787,1047841,California
Alameda,2021-05-22,8942,1839867,6596,1129465,2211,614980,135,95422,3690,171561,5228,880106,3826,1051667,California
Alameda,2021-05-23,3807,1843674,3108,1132573,633,615613,66,95488,1180,170198,2610,882716,1247,1052914,California
Alameda,2021-05-24,6952,1850626,3954,1136527,2747,618360,251,95739,2694,168931,4217,886933,2950,1055864,California
Alameda,2021-05-25,7956,1858582,5145,1141672,2555,620915,256,95995,3606,168471,4318,891251,3858,1059722,California
Alameda,2021-05-26,8220,1866802,5143,1146815,2777,623692,300,96295,3620,167807,4578,895829,3914,1063636,California
Alameda,2021-05-27,8057,1874859,4857,1151672,2853,626545,347,96642,3416,166962,4603,900432,3758,1067394,California
Alameda,2021-05-28,8588,1883447,5036,1156708,3329,629874,223,96865,3644,165913,4918,905350,3869,1071263,California
Alameda,2021-05-29,4886,1888333,2941,1159649,1761,631635,184,97049,2525,166281,2343,907693,2711,1073974,California
Alameda,2021-05-30,2422,1890755,1583,1161232,750,632385,89,97138,964,165884,1450,909143,1053,1075027,California
Alameda,2021-05-31,1153,1891908,854,1162086,244,632629,55,97193,347,165494,792,909935,402,1075429,California
Alameda,2021-06-01,7073,1898981,4972,1167058,1862,634491,239,97432,3119,164925,3929,913864,3360,1078789,California
Alameda,2021-06-02,5753,1904734,3578,1170636,1963,636454,212,97644,2383,164176,3342,917206,2593,1081382,California
Alameda,2021-06-03,8428,1913162,6375,1177011,1777,638231,276,97920,3192,162440,5201,922407,3465,1084847,California
Alameda,2021-06-04,10353,1923515,7634,1184645,2474,640705,245,98165,2971,158309,7347,929754,3216,1088063,California
Alameda,2021-06-05,7924,1931439,5757,1190402,2005,642710,162,98327,1890,154360,6000,935754,2051,1090114,California
Alameda,2021-06-06,1879,1933318,1721,1192123,121,642831,37,98364,332,153185,1543,937297,368,1090482,California
Alpine,2020-12-18,2,2,2,2,0,0,0,0,2,2,0,0,2,2,California
Alpine,2020-12-19,2,4,2,4,0,0,0,0,2,4,0,0,2,4,California
Alpine,2020-12-21,2,6,2,6,0,0,0,0,2,6,0,0,2,6,California
Alpine,2020-12-30,14,20,0,6,14,14,0,0,14,20,0,0,14,20,California
Alpine,2020-12-31,1,21,0,6,1,15,0,0,1,21,0,0,1,21,California
Alpine,2021-01-01,1,22,0,6,1,16,0,0,1,22,0,0,1,22,California
Alpine,2021-01-02,1,23,1,7,0,16,0,0,1,23,0,0,1,23,California
Alpine,2021-01-04,10,33,0,7,10,26,0,0,10,33,0,0,10,33,California
Alpine,2021-01-05,9,42,1,8,8,34,0,0,9,42,0,0,9,42,California
Alpine,2021-01-06,31,73,0,8,31,65,0,0,31,73,0,0,31,73,California
Alpine,2021-01-07,8,81,0,8,8,73,0,0,8,81,0,0,8,81,California
Alpine,2021-01-08,4,85,2,10,2,75,0,0,2,81,2,2,2,83,California
Alpine,2021-01-09,2,87,2,12,0,75,0,0,0,79,2,4,0,83,California
Alpine,2021-01-11,32,119,1,13,31,106,0,0,31,109,1,5,31,114,California
Alpine,2021-01-13,35,154,0,13,35,141,0,0,35,144,0,5,35,149,California
Alpine,2021-01-14,1,155,0,13,1,142,0,0,1,145,0,5,1,150,California
Alpine,2021-01-15,1,156,0,13,1,143,0,0,1,146,0,5,1,151,California
Alpine,2021-01-20,21,177,0,13,21,164,0,0,21,167,0,5,21,172,California
Alpine,2021-01-21,1,178,0,13,1,165,0,0,1,168,0,5,1,173,California
Alpine,2021-01-22,33,211,0,13,33,198,0,0,33,201,0,5,33,206,California
Alpine,2021-01-23,1,212,1,14,0,198,0,0,0,200,1,6,0,206,California
Alpine,2021-01-25,16,228,0,14,16,214,0,0,16,216,0,6,16,222,California
Alpine,2021-01-27,1,229,1,15,0,214,0,0,0,215,1,7,0,222,California
Alpine,2021-01-28,1,230,0,15,1,215,0,0,0,214,1,8,0,222,California
Alpine,2021-01-29,1,231,0,15,1,216,0,0,1,215,0,8,1,223,California
Alpine,2021-02-01,25,256,0,15,25,241,0,0,7,204,18,26,7,230,California
Alpine,2021-02-03,34,290,0,15,34,275,0,0,10,190,24,50,10,240,California
Alpine,2021-02-04,8,298,0,15,8,283,0,0,3,188,5,55,3,243,California
Alpine,2021-02-05,31,329,0,15,31,314,0,0,12,181,19,74,12,255,California
Alpine,2021-02-08,32,361,0,15,32,346,0,0,4,157,28,102,4,259,California
Alpine,2021-02-10,34,395,0,15,34,380,0,0,0,123,34,136,0,259,California
Alpine,2021-02-11,6,401,0,15,6,386,0,0,3,123,3,139,3,262,California
Alpine,2021-02-12,1,402,0,15,1,387,0,0,0,122,1,140,0,262,California
Alpine,2021-02-17,23,425,0,15,23,410,0,0,3,105,20,160,3,265,California
Alpine,2021-02-18,2,427,0,15,2,412,0,0,1,105,1,161,1,266,California
Alpine,2021-02-19,34,461,1,16,33,445,0,0,2,75,32,193,2,268,California
Alpine,2021-02-22,27,488,0,16,27,472,0,0,8,64,19,212,8,276,California
Alpine,2021-02-24,1,489,1,17,0,472,0,0,1,65,0,212,1,277,California
Alpine,2021-02-25,6,495,1,18,5,477,0,0,6,71,0,212,6,283,California
Alpine,2021-02-26,30,525,1,19,29,506,0,0,29,99,1,213,29,312,California
Alpine,2021-02-27,1,526,0,19,1,507,0,0,1,100,0,213,1,313,California
Alpine,2021-03-01,36,562,0,19,36,543,0,0,26,116,10,223,26,339,California
Alpine,2021-03-03,29,591,0,19,29,572,0,0,18,123,11,234,18,357,California
Alpine,2021-03-04,11,602,1,20,10,582,0,0,11,134,0,234,11,368,California
Alpine,2021-03-05,30,632,0,20,30,612,0,0,22,148,8,242,22,390,California
Alpine,2021-03-08,31,663,0,20,31,643,0,0,29,175,2,244,29,419,California
Alpine,2021-03-10,73,736,0,20,73,716,0,0,73,248,0,244,73,492,California
Alpine,2021-03-11,35,771,0,20,35,751,0,0,31,275,4,248,31,523,California
Alpine,2021-03-12,19,790,0,20,19,770,0,0,17,290,2,250,17,540,California
Alpine,2021-03-15,20,810,0,20,20,790,0,0,19,308,1,251,19,559,California
Alpine,2021-03-17,23,833,0,20,22,812,1,1,19,324,4,255,20,579,California
Alpine,2021-03-18,38,871,3,23,35,847,0,1,35,356,3,258,35,614,California
Alpine,2021-03-19,2,873,1,24,1,848,0,1,1,356,1,259,1,615,California
Alpine,2021-03-22,24,897,0,24,24,872,0,1,15,362,9,268,15,630,California
Alpine,2021-03-24,19,916,0,24,19,891,0,1,8,359,11,279,8,638,California
Alpine,2021-03-25,35,951,1,25,33,924,1,2,28,381,7,286,29,667,California
Alpine,2021-03-27,1,952,0,25,1,925,0,2,0,380,1,287,0,667,California
Alpine,2021-03-28,1,953,1,26,0,925,0,2,1,381,0,287,1,668,California
Alpine,2021-03-29,19,972,0,26,18,943,1,3,2,367,17,304,3,671,California
Alpine,2021-04-01,18,990,0,26,18,961,0,3,8,365,10,314,8,679,California
Alpine,2021-04-02,100,1090,0,26,100,1061,0,3,45,356,54,368,45,724,California
Alpine,2021-04-05,3,1093,0,26,3,1064,0,3,0,353,3,371,0,724,California
Alpine,2021-04-06,3,1096,2,28,1,1065,0,3,2,354,1,372,2,726,California
Alpine,2021-04-07,117,1213,0,28,116,1181,1,4,30,299,86,458,31,757,California
Alpine,2021-04-08,36,1249,0,28,35,1216,1,5,10,284,26,484,11,768,California
Alpine,2021-04-09,2,1251,0,28,2,1218,0,5,2,286,0,484,2,770,California
Alpine,2021-04-14,47,1298,0,28,47,1265,0,5,10,259,37,521,10,780,California
Alpine,2021-04-15,35,1333,0,28,35,1300,0,5,3,230,32,553,3,783,California
Alpine,2021-04-19,1,1334,0,28,1,1301,0,5,1,231,0,553,1,784,California
Alpine,2021-04-21,31,1365,0,28,31,1332,0,5,15,230,16,569,15,799,California
Alpine,2021-04-22,24,1389,0,28,24,1356,0,5,1,208,23,592,1,800,California
Alpine,2021-04-25,1,1390,1,29,0,1356,0,5,0,207,1,593,0,800,California
Alpine,2021-04-27,2,1392,1,30,1,1357,0,5,1,207,1,594,1,801,California
Alpine,2021-04-28,36,1428,0,30,36,1393,0,5,6,183,30,624,6,807,California
Alpine,2021-04-29,6,1434,0,30,6,1399,0,5,0,177,6,630,0,807,California
Alpine,2021-04-30,2,1436,1,31,0,1399,1,6,1,178,1,631,2,809,California
Alpine,2021-05-02,1,1437,0,31,0,1399,1,7,0,178,1,632,1,810,California
Alpine,2021-05-05,17,1454,0,31,17,1416,0,7,4,169,13,645,4,814,California
Alpine,2021-05-06,8,1462,0,31,8,1424,0,7,0,161,8,653,0,814,California
Alpine,2021-05-07,1,1463,0,31,1,1425,0,7,0,160,1,654,0,814,California
Alpine,2021-05-10,1,1464,0,31,1,1426,0,7,1,161,0,654,1,815,California
Alpine,2021-05-12,1,1465,0,31,0,1426,1,8,0,161,1,655,1,816,California
Alpine,2021-05-13,3,1468,0,31,3,1429,0,8,0,158,3,658,0,816,California
Alpine,2021-05-17,2,1470,0,31,2,1431,0,8,1,158,1,659,1,817,California
Alpine,2021-05-18,1,1471,0,31,1,1432,0,8,1,159,0,659,1,818,California
Alpine,2021-05-19,15,1486,0,31,15,1447,0,8,0,144,15,674,0,818,California
Alpine,2021-05-21,1,1487,1,32,0,1447,0,8,0,143,1,675,0,818,California
Alpine,2021-05-25,1,1488,0,32,1,1448,0,8,0,142,1,676,0,818,California
Alpine,2021-05-27,1,1489,0,32,1,1449,0,8,1,143,0,676,1,819,California
Alpine,2021-05-28,2,1491,1,33,1,1450,0,8,2,145,0,676,2,821,California
Alpine,2021-05-29,1,1492,0,33,1,1451,0,8,1,146,0,676,1,822,California
Alpine,2021-06-02,8,1500,0,33,8,1459,0,8,1,140,7,683,1,823,California
Amador,2020-12-16,2,2,2,2,0,0,0,0,2,2,0,0,2,2,California
Amador,2020-12-17,5,7,5,7,0,0,0,0,5,7,0,0,5,7,California
Amador,2020-12-18,45,52,45,52,0,0,0,0,45,52,0,0,45,52,California
Amador,2020-12-19,16,68,16,68,0,0,0,0,16,68,0,0,16,68,California
Amador,2020-12-20,4,72,4,72,0,0,0,0,4,72,0,0,4,72,California
Amador,2020-12-21,31,103,31,103,0,0,0,0,31,103,0,0,31,103,California
Amador,2020-12-22,35,138,34,137,1,1,0,0,35,138,0,0,35,138,California
Amador,2020-12-23,40,178,39,176,1,2,0,0,40,178,0,0,40,178,California
Amador,2020-12-24,5,183,3,179,2,4,0,0,5,183,0,0,5,183,California
Amador,2020-12-26,5,188,4,183,1,5,0,0,5,188,0,0,5,188,California
Amador,2020-12-27,1,189,0,183,1,6,0,0,1,189,0,0,1,189,California
Amador,2020-12-28,30,219,26,209,4,10,0,0,30,219,0,0,30,219,California
Amador,2020-12-29,26,245,19,228,7,17,0,0,26,245,0,0,26,245,California
Amador,2020-12-30,122,367,76,304,46,63,0,0,122,367,0,0,122,367,California
Amador,2020-12-31,192,559,167,471,25,88,0,0,192,559,0,0,192,559,California
Amador,2021-01-01,2,561,0,471,2,90,0,0,2,561,0,0,2,561,California
Amador,2021-01-02,57,618,57,528,0,90,0,0,57,618,0,0,57,618,California
Amador,2021-01-03,65,683,17,545,48,138,0,0,65,683,0,0,65,683,California
Amador,2021-01-04,124,807,1,546,123,261,0,0,124,807,0,0,124,807,California
Amador,2021-01-05,34,841,3,549,31,292,0,0,32,838,2,2,33,840,California
Amador,2021-01-06,40,881,10,559,30,322,0,0,36,870,4,6,36,876,California
Amador,2021-01-07,229,1110,69,628,160,482,0,0,217,1075,12,18,217,1093,California
Amador,2021-01-08,84,1194,69,697,15,497,0,0,41,1074,43,61,42,1135,California
Amador,2021-01-09,11,1205,11,708,0,497,0,0,2,1067,9,70,2,1137,California
Amador,2021-01-10,6,1211,4,712,2,499,0,0,2,1065,4,74,2,1139,California
Amador,2021-01-11,125,1336,44,756,81,580,0,0,88,1117,37,111,89,1228,California
Amador,2021-01-12,65,1401,50,806,15,595,0,0,41,1134,24,135,41,1269,California
Amador,2021-01-13,40,1441,24,830,16,611,0,0,28,1150,12,147,28,1297,California
Amador,2021-01-14,150,1591,22,852,128,739,0,0,140,1281,10,157,141,1438,California
Amador,2021-01-15,59,1650,25,877,34,773,0,0,51,1324,8,165,51,1489,California
Amador,2021-01-16,17,1667,11,888,6,779,0,0,11,1330,6,171,12,1501,California
Amador,2021-01-17,26,1693,5,893,21,800,0,0,26,1356,0,171,26,1527,California
Amador,2021-01-18,30,1723,26,919,4,804,0,0,9,1344,21,192,9,1536,California
Amador,2021-01-19,126,1849,101,1020,25,829,0,0,82,1382,44,236,82,1618,California
Amador,2021-01-20,182,2031,32,1052,150,979,0,0,168,1537,13,249,168,1786,California
Amador,2021-01-21,258,2289,228,1280,30,1009,0,0,147,1574,111,360,148,1934,California
Amador,2021-01-22,137,2426,74,1354,63,1072,0,0,130,1697,7,367,130,2064,California
Amador,2021-01-23,54,2480,33,1387,21,1093,0,0,51,1745,3,370,51,2115,California
Amador,2021-01-24,29,2509,12,1399,17,1110,0,0,26,1768,3,373,26,2141,California
Amador,2021-01-25,58,2567,28,1427,30,1140,0,0,41,1792,17,390,41,2182,California
Amador,2021-01-26,245,2812,17,1444,228,1368,0,0,235,2017,10,400,235,2417,California
Amador,2021-01-27,301,3113,33,1477,268,1636,0,0,254,2227,45,445,255,2672,California
Amador,2021-01-28,369,3482,97,1574,272,1908,0,0,288,2435,81,526,289,2961,California
Amador,2021-01-29,98,3580,33,1607,65,1973,0,0,83,2503,15,541,83,3044,California
Amador,2021-01-30,168,3748,36,1643,132,2105,0,0,163,2661,5,546,163,3207,California
Amador,2021-01-31,32,3780,28,1671,4,2109,0,0,31,2691,1,547,31,3238,California
Amador,2021-02-01,66,3846,24,1695,42,2151,0,0,39,2703,27,574,39,3277,California
Amador,2021-02-02,214,4060,64,1759,150,2301,0,0,127,2746,84,658,127,3404,California
Amador,2021-02-03,139,4199,38,1797,101,2402,0,0,88,2784,50,708,88,3492,California
Amador,2021-02-04,250,4449,74,1871,176,2578,0,0,164,2864,86,794,166,3658,California
Amador,2021-02-05,333,4782,63,1934,270,2848,0,0,317,3165,16,810,317,3975,California
Amador,2021-02-06,100,4882,81,2015,19,2867,0,0,96,3257,4,814,96,4071,California
Amador,2021-02-07,39,4921,35,2050,4,2871,0,0,35,3289,4,818,36,4107,California
Amador,2021-02-08,91,5012,63,2113,28,2899,0,0,73,3344,18,836,73,4180,California
Amador,2021-02-09,175,5187,82,2195,93,2992,0,0,109,3387,66,902,109,4289,California
Amador,2021-02-10,980,6167,81,2276,899,3891,0,0,946,4299,34,936,946,5235,California
Amador,2021-02-11,309,6476,120,2396,189,4080,0,0,198,4388,109,1045,198,5433,California
Amador,2021-02-12,329,6805,122,2518,207,4287,0,0,255,4569,74,1119,255,5688,California
Amador,2021-02-13,165,6970,82,2600,83,4370,0,0,141,4686,24,1143,141,5829,California
Amador,2021-02-14,123,7093,54,2654,69,4439,0,0,105,4773,18,1161,105,5934,California
Amador,2021-02-15,187,7280,61,2715,126,4565,0,0,170,4927,16,1177,170,6104,California
Amador,2021-02-16,466,7746,54,2769,412,4977,0,0,427,5316,39,1216,428,6532,California
Amador,2021-02-17,262,8008,83,2852,179,5156,0,0,164,5382,98,1314,164,6696,California
Amador,2021-02-18,395,8403,97,2949,298,5454,0,0,331,5649,64,1378,331,7027,California
Amador,2021-02-19,194,8597,77,3026,117,5571,0,0,110,5675,84,1462,110,7137,California
Amador,2021-02-20,95,8692,32,3058,63,5634,0,0,67,5714,28,1490,67,7204,California
Amador,2021-02-21,46,8738,34,3092,12,5646,0,0,14,5696,32,1522,14,7218,California
Amador,2021-02-22,66,8804,26,3118,40,5686,0,0,32,5695,33,1555,32,7250,California
Amador,2021-02-23,318,9122,53,3171,265,5951,0,0,138,5653,180,1735,138,7388,California
Amador,2021-02-24,397,9519,59,3230,338,6289,0,0,265,5790,128,1863,265,7653,California
Amador,2021-02-25,525,10044,120,3350,405,6694,0,0,279,5824,245,2108,279,7932,California
Amador,2021-02-26,628,10672,80,3430,548,7242,0,0,514,6224,114,2222,514,8446,California
Amador,2021-02-27,293,10965,95,3525,198,7440,0,0,101,6136,191,2413,103,8549,California
Amador,2021-02-28,106,11071,55,3580,51,7491,0,0,60,6152,46,2459,62,8611,California
Amador,2021-03-01,198,11269,69,3649,129,7620,0,0,126,6207,72,2531,127,8738,California
Amador,2021-03-02,381,11650,63,3712,318,7938,0,0,332,6491,49,2580,333,9071,California
Amador,2021-03-03,242,11892,81,3793,161,8099,0,0,166,6583,75,2655,167,9238,California
Amador,2021-03-04,495,12387,114,3907,381,8480,0,0,393,6875,101,2756,393,9631,California
Amador,2021-03-05,510,12897,74,3981,436,8916,0,0,290,6948,219,2975,292,9923,California
Amador,2021-03-06,98,12995,45,4026,52,8968,1,1,53,6957,45,3020,54,9977,California
Amador,2021-03-07,65,13060,44,4070,21,8989,0,1,22,6936,43,3063,22,9999,California
Amador,2021-03-08,151,13211,69,4139,81,9070,1,2,90,6966,61,3124,91,10090,California
Amador,2021-03-09,376,13587,51,4190,325,9395,0,2,294,7182,79,3203,295,10385,California
Amador,2021-03-10,512,14099,74,4264,436,9831,2,4,111,6896,401,3604,115,10500,California
Amador,2021-03-11,471,14570,116,4380,345,10176,10,14,299,7037,171,3775,312,10812,California
Amador,2021-03-12,567,15137,66,4446,495,10671,6,20,338,7159,228,4003,350,11162,California
Amador,2021-03-13,116,15253,18,4464,91,10762,7,27,76,7206,40,4043,87,11249,California
Amador,2021-03-14,86,15339,18,4482,66,10828,2,29,20,7162,66,4109,22,11271,California
Amador,2021-03-15,177,15516,25,4507,145,10973,7,36,52,7097,125,4234,60,11331,California
Amador,2021-03-16,450,15966,53,4560,388,11361,9,45,139,6936,309,4543,148,11479,California
Amador,2021-03-17,199,16165,43,4603,153,11514,3,48,120,6980,79,4622,123,11602,California
Amador,2021-03-18,476,16641,101,4704,371,11885,4,52,250,7012,226,4848,258,11860,California
Amador,2021-03-19,538,17179,55,4759,468,12353,15,67,388,7270,148,4996,406,12266,California
Amador,2021-03-20,110,17289,45,4804,64,12417,1,68,45,7254,64,5060,48,12314,California
Amador,2021-03-21,48,17337,34,4838,13,12430,1,69,29,7268,18,5078,32,12346,California
Amador,2021-03-22,112,17449,32,4870,52,12482,28,97,48,7280,64,5142,76,12422,California
Amador,2021-03-23,434,17883,47,4917,380,12862,7,104,275,7405,158,5300,283,12705,California
Amador,2021-03-24,345,18228,38,4955,55,12917,252,356,37,7387,307,5607,289,12994,California
Amador,2021-03-25,608,18836,85,5040,516,13433,7,363,393,7573,214,5821,400,13394,California
Amador,2021-03-26,746,19582,42,5082,698,14131,6,369,283,7404,461,6282,292,13686,California
Amador,2021-03-27,89,19671,15,5097,72,14203,2,371,28,7375,61,6343,32,13718,California
Amador,2021-03-28,69,19740,15,5112,52,14255,2,373,12,7334,56,6399,15,13733,California
Amador,2021-03-29,180,19920,24,5136,155,14410,1,374,78,7318,100,6499,84,13817,California
Amador,2021-03-30,535,20455,28,5164,506,14916,1,375,294,7373,240,6739,295,14112,California
Amador,2021-03-31,199,20654,57,5221,137,15053,5,380,43,7266,155,6894,48,14160,California
Amador,2021-04-01,611,21265,85,5306,526,15579,0,380,263,7185,346,7240,265,14425,California
Amador,2021-04-02,607,21872,38,5344,557,16136,12,392,380,7353,226,7466,394,14819,California
Amador,2021-04-03,84,21956,22,5366,43,16179,19,411,22,7334,62,7528,43,14862,California
Amador,2021-04-04,38,21994,3,5369,29,16208,6,417,15,7332,23,7551,21,14883,California
Amador,2021-04-05,144,22138,52,5421,76,16284,16,433,50,7307,93,7644,68,14951,California
Amador,2021-04-06,502,22640,37,5458,447,16731,18,451,222,7269,278,7922,240,15191,California
Amador,2021-04-07,97,22737,33,5491,45,16776,19,470,41,7275,54,7976,60,15251,California
Amador,2021-04-08,495,23232,85,5576,389,17165,21,491,222,7246,272,8248,243,15494,California
Amador,2021-04-09,482,23714,21,5597,441,17606,20,511,213,7208,268,8516,230,15724,California
Amador,2021-04-10,53,23767,15,5612,29,17635,9,520,22,7208,31,8547,31,15755,California
Amador,2021-04-11,48,23815,23,5635,21,17656,4,524,23,7211,24,8571,27,15782,California
Amador,2021-04-12,97,23912,27,5662,60,17716,10,534,42,7208,55,8626,52,15834,California
Amador,2021-04-13,345,24257,50,5712,295,18011,0,534,68,7001,276,8902,69,15903,California
Amador,2021-04-14,284,24541,28,5740,256,18267,0,534,175,7070,106,9008,175,16078,California
Amador,2021-04-15,330,24871,74,5814,256,18523,0,534,69,6883,256,9264,69,16147,California
Amador,2021-04-16,482,25353,29,5843,453,18976,0,534,386,7174,95,9359,386,16533,California
Amador,2021-04-17,64,25417,36,5879,28,19004,0,534,27,7164,37,9396,27,16560,California
Amador,2021-04-18,29,25446,7,5886,22,19026,0,534,11,7159,17,9413,12,16572,California
Amador,2021-04-19,68,25514,27,5913,41,19067,0,534,31,7156,36,9449,33,16605,California
Amador,2021-04-20,436,25950,55,5968,381,19448,0,534,111,6951,318,9767,113,16718,California
Amador,2021-04-21,87,26037,33,6001,54,19502,0,534,44,6953,42,9809,44,16762,California
Amador,2021-04-22,495,26532,78,6079,416,19918,1,535,103,6672,385,10194,104,16866,California
Amador,2021-04-23,358,26890,45,6124,313,20231,0,535,285,6887,72,10266,287,17153,California
Amador,2021-04-24,48,26938,24,6148,24,20255,0,535,27,6894,20,10286,27,17180,California
Amador,2021-04-25,41,26979,19,6167,22,20277,0,535,29,6911,12,10298,29,17209,California
Amador,2021-04-26,90,27069,28,6195,61,20338,1,536,43,6910,46,10344,45,17254,California
Amador,2021-04-27,493,27562,39,6234,453,20791,1,537,88,6597,403,10747,90,17344,California
Amador,2021-04-28,69,27631,29,6263,36,20827,4,541,41,6614,28,10775,45,17389,California
Amador,2021-04-29,223,27854,70,6333,44,20871,109,650,65,6629,158,10933,173,17562,California
Amador,2021-04-30,339,28193,27,6360,308,21179,4,654,95,6484,244,11177,99,17661,California
Amador,2021-05-01,41,28234,15,6375,22,21201,4,658,21,6491,18,11195,25,17686,California
Amador,2021-05-02,27,28261,14,6389,10,21211,3,661,10,6488,17,11212,14,17700,California
Amador,2021-05-03,67,28328,33,6422,24,21235,10,671,26,6483,41,11253,36,17736,California
Amador,2021-05-04,465,28793,26,6448,432,21667,7,678,68,6161,397,11650,75,17811,California
Amador,2021-05-05,202,28995,153,6601,39,21706,10,688,163,6294,38,11688,171,17982,California
Amador,2021-05-06,109,29104,55,6656,49,21755,5,693,64,6320,43,11731,69,18051,California
Amador,2021-05-07,126,29230,29,6685,90,21845,7,700,66,6333,60,11791,73,18124,California
Amador,2021-05-08,42,29272,9,6694,30,21875,3,703,20,6334,22,11813,23,18147,California
Amador,2021-05-09,15,29287,0,6694,9,21884,6,709,4,6333,11,11824,10,18157,California
Amador,2021-05-10,61,29348,14,6708,44,21928,3,712,25,6325,36,11860,28,18185,California
Amador,2021-05-11,101,29449,34,6742,41,21969,26,738,45,6340,56,11916,71,18256,California
Amador,2021-05-12,63,29512,21,6763,41,22010,1,739,29,6336,34,11950,30,18286,California
Amador,2021-05-13,73,29585,41,6804,26,22036,6,745,37,6345,34,11984,43,18329,California
Amador,2021-05-14,395,29980,34,6838,357,22393,4,749,86,6127,309,12293,91,18420,California
Amador,2021-05-15,52,30032,20,6858,21,22414,11,760,23,6133,29,12322,35,18455,California
Amador,2021-05-16,38,30070,15,6873,23,22437,0,760,17,6129,21,12343,17,18472,California
Amador,2021-05-17,76,30146,23,6896,51,22488,2,762,36,6128,39,12382,38,18510,California
Amador,2021-05-18,246,30392,168,7064,43,22531,35,797,162,6242,83,12465,197,18707,California
Amador,2021-05-19,72,30464,22,7086,47,22578,3,800,33,6242,38,12503,38,18745,California
Amador,2021-05-20,78,30542,46,7132,30,22608,2,802,31,6229,46,12549,33,18778,California
Amador,2021-05-21,265,30807,29,7161,234,22842,2,804,39,6044,226,12775,41,18819,California
Amador,2021-05-22,37,30844,13,7174,19,22861,5,809,13,6038,24,12799,18,18837,California
Amador,2021-05-23,22,30866,4,7178,15,22876,3,812,5,6029,17,12816,8,18845,California
Amador,2021-05-24,90,30956,31,7209,47,22923,12,824,43,6038,46,12862,55,18900,California
Amador,2021-05-25,141,31097,89,7298,27,22950,25,849,82,6088,57,12919,107,19007,California
Amador,2021-05-26,207,31304,163,7461,37,22987,7,856,42,5972,164,13083,48,19055,California
Amador,2021-05-27,81,31385,36,7497,36,23023,9,865,30,5960,51,13134,39,19094,California
Amador,2021-05-28,69,31454,26,7523,39,23062,4,869,29,5953,40,13174,33,19127,California
Amador,2021-05-29,26,31480,2,7525,21,23083,3,872,12,5954,14,13188,15,19142,California
Amador,2021-05-30,17,31497,3,7528,8,23091,6,878,4,5951,13,13201,10,19152,California
Amador,2021-05-31,10,31507,0,7528,9,23100,1,879,2,5946,8,13209,3,19155,California
Amador,2021-06-01,84,31591,61,7589,18,23118,5,884,36,5940,47,13256,41,19196,California
Amador,2021-06-02,39,31630,14,7603,17,23135,8,892,13,5936,26,13282,22,19218,California
Amador,2021-06-03,29,31659,5,7608,22,23157,2,894,8,5925,21,13303,10,19228,California
Amador,2021-06-04,23,31682,15,7623,8,23165,0,894,3,5908,20,13323,3,19231,California
Amador,2021-06-05,25,31707,13,7636,10,23175,2,896,2,5889,23,13346,4,19235,California
Amador,2021-06-06,1,31708,1,7637,0,23175,0,896,1,5890,0,13346,1,19236,California
Butte,2020-12-16,3,3,3,3,0,0,0,0,3,3,0,0,3,3,California
Butte,2020-12-17,21,24,21,24,0,0,0,0,21,24,0,0,21,24,California
Butte,2020-12-18,52,76,52,76,0,0,0,0,52,76,0,0,52,76,California
Butte,2020-12-19,7,83,7,83,0,0,0,0,7,83,0,0,7,83,California
Butte,2020-12-20,10,93,10,93,0,0,0,0,10,93,0,0,10,93,California
Butte,2020-12-21,633,726,633,726,0,0,0,0,633,726,0,0,633,726,California
Butte,2020-12-22,618,1344,616,1342,2,2,0,0,618,1344,0,0,618,1344,California
Butte,2020-12-23,876,2220,860,2202,16,18,0,0,876,2220,0,0,876,2220,California
Butte,2020-12-24,159,2379,155,2357,4,22,0,0,159,2379,0,0,159,2379,California
Butte,2020-12-26,90,2469,88,2445,2,24,0,0,90,2469,0,0,90,2469,California
Butte,2020-12-27,35,2504,34,2479,1,25,0,0,35,2504,0,0,35,2504,California
Butte,2020-12-28,279,2783,273,2752,6,31,0,0,279,2783,0,0,279,2783,California
Butte,2020-12-29,201,2984,178,2930,23,54,0,0,201,2984,0,0,201,2984,California
Butte,2020-12-30,513,3497,291,3221,222,276,0,0,513,3497,0,0,513,3497,California
Butte,2020-12-31,211,3708,18,3239,193,469,0,0,211,3708,0,0,211,3708,California
Butte,2021-01-01,8,3716,1,3240,7,476,0,0,8,3716,0,0,8,3716,California
Butte,2021-01-02,40,3756,37,3277,3,479,0,0,40,3756,0,0,40,3756,California
Butte,2021-01-03,3,3759,0,3277,3,482,0,0,3,3759,0,0,3,3759,California
Butte,2021-01-04,209,3968,176,3453,33,515,0,0,209,3968,0,0,209,3968,California
Butte,2021-01-05,197,4165,153,3606,44,559,0,0,196,4163,1,1,196,4164,California
Butte,2021-01-06,626,4791,397,4003,229,788,0,0,621,4780,5,6,622,4786,California
Butte,2021-01-07,761,5552,369,4372,392,1180,0,0,741,5501,20,26,741,5527,California
Butte,2021-01-08,673,6225,532,4904,141,1321,0,0,625,6078,48,74,625,6152,California
Butte,2021-01-09,11,6236,7,4911,4,1325,0,0,6,6079,5,79,6,6158,California
Butte,2021-01-10,19,6255,5,4916,14,1339,0,0,14,6088,5,84,14,6172,California
Butte,2021-01-11,985,7240,950,5866,35,1374,0,0,356,5818,629,713,359,6531,California
Butte,2021-01-12,696,7936,651,6517,45,1419,0,0,274,5670,422,1135,274,6805,California
Butte,2021-01-13,1566,9502,1074,7591,492,1911,0,0,725,5556,841,1976,727,7532,California
Butte,2021-01-14,1634,11136,892,8483,742,2653,0,0,1437,6797,196,2172,1437,8969,California
Butte,2021-01-15,1053,12189,813,9296,240,2893,0,0,943,7630,110,2282,943,9912,California
Butte,2021-01-16,584,12773,299,9595,285,3178,0,0,540,8126,44,2326,540,10452,California
Butte,2021-01-17,238,13011,64,9659,174,3352,0,0,201,8290,37,2363,201,10653,California
Butte,2021-01-18,344,13355,302,9961,42,3394,0,0,276,8499,67,2430,276,10929,California
Butte,2021-01-19,494,13849,431,10392,63,3457,0,0,224,8453,270,2700,224,11153,California
Butte,2021-01-20,1369,15218,689,11081,680,4137,0,0,1066,9216,303,3003,1066,12219,California
Butte,2021-01-21,1475,16693,867,11948,608,4745,0,0,1367,10476,107,3110,1367,13586,California
Butte,2021-01-22,1136,17829,478,12426,658,5403,0,0,1083,11506,53,3163,1083,14669,California
Butte,2021-01-23,125,17954,84,12510,41,5444,0,0,100,11581,25,3188,100,14769,California
Butte,2021-01-24,9,17963,7,12517,2,5446,0,0,9,11590,0,3188,9,14778,California
Butte,2021-01-25,655,18618,336,12853,319,5765,0,0,491,11917,164,3352,491,15269,California
Butte,2021-01-26,1472,20090,378,13231,1094,6859,0,0,1335,13115,137,3489,1335,16604,California
Butte,2021-01-27,2096,22186,705,13936,1391,8250,0,0,1365,13750,730,4219,1365,17969,California
Butte,2021-01-28,2261,24447,262,14198,1999,10249,0,0,1950,15390,310,4529,1950,19919,California
Butte,2021-01-29,1684,26131,487,14685,1197,11446,0,0,1307,16321,376,4905,1307,21226,California
Butte,2021-01-30,30,26161,8,14693,22,11468,0,0,28,16347,2,4907,28,21254,California
Butte,2021-01-31,16,26177,14,14707,2,11470,0,0,15,16361,1,4908,15,21269,California
Butte,2021-02-01,1751,27928,407,15114,1344,12814,0,0,1361,17334,388,5296,1361,22630,California
Butte,2021-02-02,1933,29861,362,15476,1571,14385,0,0,1632,18664,302,5598,1632,24262,California
Butte,2021-02-03,2739,32600,777,16253,1962,16347,0,0,1845,19617,892,6490,1845,26107,California
Butte,2021-02-04,2956,35556,323,16576,2633,18980,0,0,2400,21463,554,7044,2400,28507,California
Butte,2021-02-05,1273,36829,667,17243,606,19586,0,0,552,21295,721,7765,553,29060,California
Butte,2021-02-06,144,36973,103,17346,41,19627,0,0,61,21273,83,7848,61,29121,California
Butte,2021-02-07,38,37011,34,17380,4,19631,0,0,14,21263,24,7872,14,29135,California
Butte,2021-02-08,698,37709,548,17928,150,19781,0,0,242,21049,456,8328,242,29377,California
Butte,2021-02-09,951,38660,459,18387,492,20273,0,0,721,21540,230,8558,721,30098,California
Butte,2021-02-10,1701,40361,1187,19574,514,20787,0,0,671,21183,1028,9586,671,30769,California
Butte,2021-02-11,2202,42563,1346,20920,856,21643,0,0,1004,20989,1198,10784,1004,31773,California
Butte,2021-02-12,1002,43565,435,21355,567,22210,0,0,330,20648,671,11455,330,32103,California
Butte,2021-02-13,247,43812,43,21398,204,22414,0,0,146,20693,101,11556,146,32249,California
Butte,2021-02-14,161,43973,9,21407,152,22566,0,0,157,20846,4,11560,157,32406,California
Butte,2021-02-15,263,44236,47,21454,216,22782,0,0,198,20979,65,11625,198,32604,California
Butte,2021-02-16,730,44966,432,21886,298,23080,0,0,275,20798,456,12081,275,32879,California
Butte,2021-02-17,1513,46479,848,22734,665,23745,0,0,839,20965,672,12753,839,33718,California
Butte,2021-02-18,1559,48038,761,23495,798,24543,0,0,748,20902,811,13564,748,34466,California
Butte,2021-02-19,1171,49209,391,23886,780,25323,0,0,403,20544,761,14325,403,34869,California
Butte,2021-02-20,477,49686,32,23918,445,25768,0,0,126,20320,350,14675,126,34995,California
Butte,2021-02-21,18,49704,16,23934,2,25770,0,0,13,20328,5,14680,13,35008,California
Butte,2021-02-22,1501,51205,297,24231,1204,26974,0,0,378,19586,1120,15800,378,35386,California
Butte,2021-02-23,1635,52840,295,24526,1340,28314,0,0,463,18882,1167,16967,463,35849,California
Butte,2021-02-24,2137,54977,598,25124,1539,29853,0,0,726,18205,1403,18370,726,36575,California
Butte,2021-02-25,2077,57054,577,25701,1500,31353,0,0,657,17448,1415,19785,658,37233,California
Butte,2021-02-26,919,57973,310,26011,609,31962,0,0,396,17324,520,20305,396,37629,California
Butte,2021-02-27,234,58207,47,26058,187,32149,0,0,184,17460,48,20353,184,37813,California
Butte,2021-02-28,142,58349,16,26074,126,32275,0,0,135,17588,7,20360,135,37948,California
Butte,2021-03-01,1627,59976,175,26249,1451,33726,1,1,327,16619,1297,21657,328,38276,California
Butte,2021-03-02,1749,61725,198,26447,1551,35277,0,1,310,15494,1435,23092,310,38586,California
Butte,2021-03-03,2785,64510,849,27296,1936,37213,0,1,481,13673,2302,25394,481,39067,California
Butte,2021-03-04,3150,67660,681,27977,2469,39682,0,1,628,11780,2521,27915,628,39695,California
Butte,2021-03-05,1351,69011,616,28593,734,40416,1,2,734,11902,613,28528,735,40430,California
Butte,2021-03-06,247,69258,25,28618,199,40615,23,25,187,12053,59,28587,210,40640,California
Butte,2021-03-07,53,69311,3,28621,33,40648,17,42,29,12075,24,28611,46,40686,California
Butte,2021-03-08,1266,70577,128,28749,1060,41708,78,120,1100,13090,163,28774,1178,41864,California
Butte,2021-03-09,1906,72483,284,29033,1519,43227,103,223,1416,14122,487,29261,1519,43383,California
Butte,2021-03-10,2317,74800,967,30000,1249,44476,101,324,1578,15066,734,29995,1678,45061,California
Butte,2021-03-11,2812,77612,1318,31318,1367,45843,127,451,1982,16356,819,30814,2109,47170,California
Butte,2021-03-12,1147,78759,332,31650,467,46310,348,799,355,16273,786,31600,703,47873,California
Butte,2021-03-13,252,79011,67,31717,136,46446,49,848,59,16187,193,31793,107,47980,California
Butte,2021-03-14,163,79174,16,31733,105,46551,42,890,20,16107,142,31935,62,48042,California
Butte,2021-03-15,1743,80917,360,32093,1090,47641,293,1183,1147,16959,588,32523,1440,49482,California
Butte,2021-03-16,1651,82568,414,32507,1158,48799,79,1262,1112,17613,536,33059,1190,50672,California
Butte,2021-03-17,1953,84521,1356,33863,516,49315,81,1343,1137,18022,808,33867,1217,51889,California
Butte,2021-03-18,1810,86331,1466,35329,216,49531,128,1471,1063,18471,741,34608,1190,53079,California
Butte,2021-03-19,697,87028,310,35639,303,49834,84,1555,345,18558,342,34950,429,53508,California
Butte,2021-03-20,206,87234,31,35670,159,49993,16,1571,95,18558,111,35061,111,53619,California
Butte,2021-03-21,56,87290,25,35695,2,49995,29,1600,12,18555,44,35105,41,53660,California
Butte,2021-03-22,1480,88770,350,36045,1036,51031,94,1694,1219,19609,259,35364,1313,54973,California
Butte,2021-03-23,1826,90596,493,36538,1219,52250,114,1808,1476,20852,347,35711,1590,56563,California
Butte,2021-03-24,2262,92858,1265,37803,871,53121,126,1934,1713,22146,544,36255,1838,58401,California
Butte,2021-03-25,1483,94341,1198,39001,193,53314,92,2026,1017,22793,462,36717,1109,59510,California
Butte,2021-03-26,1206,95547,438,39439,522,53836,246,2272,559,22959,639,37356,805,60315,California
Butte,2021-03-27,300,95847,83,39522,193,54029,24,2296,135,22954,162,37518,157,60472,California
Butte,2021-03-28,230,96077,45,39567,177,54206,8,2304,103,22940,124,37642,110,60582,California
Butte,2021-03-29,1761,97838,379,39946,1312,55518,70,2374,1344,23942,412,38054,1414,61996,California
Butte,2021-03-30,1034,98872,470,40416,474,55992,90,2464,491,23986,537,38591,581,62577,California
Butte,2021-03-31,1778,100650,1305,41721,406,56398,67,2531,1085,24451,687,39278,1152,63729,California
Butte,2021-04-01,3330,103980,2706,44427,497,56895,127,2658,2260,25775,1064,40342,2388,66117,California
Butte,2021-04-02,1000,104980,416,44843,464,57359,120,2778,564,26029,428,40770,682,66799,California
Butte,2021-04-03,343,105323,45,44888,225,57584,73,2851,163,26085,180,40950,236,67035,California
Butte,2021-04-04,188,105511,24,44912,141,57725,23,2874,110,26142,76,41026,133,67168,California
Butte,2021-04-05,1974,107485,421,45333,1381,59106,172,3046,595,25537,1370,42396,765,67933,California
Butte,2021-04-06,2199,109684,616,45949,1160,60266,423,3469,797,25359,1396,43792,1218,69151,California
Butte,2021-04-07,3038,112722,1321,47270,1325,61591,392,3861,717,24153,2315,46107,1109,70260,California
Butte,2021-04-08,2755,115477,1202,48472,1285,62876,268,4129,459,22588,2292,48399,727,70987,California
Butte,2021-04-09,1375,116852,352,48824,541,63417,482,4611,329,22352,1042,49441,806,71793,California
Butte,2021-04-10,223,117075,47,48871,76,63493,100,4711,100,22428,123,49564,199,71992,California
Butte,2021-04-11,105,117180,42,48913,53,63546,10,4721,82,22498,22,49586,92,72084,California
Butte,2021-04-12,1405,118585,314,49227,959,64505,132,4853,232,21690,1173,50759,365,72449,California
Butte,2021-04-13,1650,120235,575,49802,1069,65574,6,4859,340,20733,1303,52062,346,72795,California
Butte,2021-04-14,2825,123060,2338,52140,487,66061,0,4859,1309,20532,1511,53573,1310,74105,California
Butte,2021-04-15,638,123698,396,52536,242,66303,0,4859,483,20863,152,53725,483,74588,California
Butte,2021-04-16,809,124507,413,52949,396,66699,0,4859,474,21004,333,54058,474,75062,California
Butte,2021-04-17,338,124845,61,53010,277,66976,0,4859,234,21136,102,54160,234,75296,California
Butte,2021-04-18,42,124887,9,53019,33,67009,0,4859,37,21168,5,54165,37,75333,California
Butte,2021-04-19,1560,126447,381,53400,1179,68188,0,4859,428,20467,1129,55294,428,75761,California
Butte,2021-04-20,1969,128416,718,54118,1251,69439,0,4859,752,20010,1209,56503,752,76513,California
Butte,2021-04-21,2042,130458,1161,55279,881,70320,0,4859,463,18900,1573,58076,463,76976,California
Butte,2021-04-22,2218,132676,1941,57220,277,70597,0,4859,612,17909,1603,59679,612,77588,California
Butte,2021-04-23,939,133615,443,57663,496,71093,0,4859,488,17946,451,60130,488,78076,California
Butte,2021-04-24,346,133961,138,57801,208,71301,0,4859,190,17981,155,60285,190,78266,California
Butte,2021-04-25,172,134133,67,57868,105,71406,0,4859,63,17935,109,60394,63,78329,California
Butte,2021-04-26,1524,135657,442,58310,1077,72483,5,4864,391,17201,1130,61524,396,78725,California
Butte,2021-04-27,988,136645,665,58975,296,72779,27,4891,575,17396,407,61931,602,79327,California
Butte,2021-04-28,1387,138032,932,59907,430,73209,25,4916,498,17034,885,62816,523,79850,California
Butte,2021-04-29,888,138920,543,60450,320,73529,25,4941,300,16777,582,63398,325,80175,California
Butte,2021-04-30,892,139812,388,60838,483,74012,21,4962,448,16807,438,63836,468,80643,California
Butte,2021-05-01,240,140052,64,60902,157,74169,19,4981,71,16728,168,64004,89,80732,California
Butte,2021-05-02,150,140202,62,60964,75,74244,13,4994,44,16679,106,64110,57,80789,California
Butte,2021-05-03,634,140836,256,61220,347,74591,31,5025,177,16440,447,64557,208,80997,California
Butte,2021-05-04,818,141654,317,61537,469,75060,32,5057,211,16081,601,65158,242,81239,California
Butte,2021-05-05,1337,142991,1092,62629,209,75269,36,5093,271,15328,1061,66219,308,81547,California
Butte,2021-05-06,933,143924,672,63301,224,75493,37,5130,358,15151,572,66791,395,81942,California
Butte,2021-05-07,561,144485,289,63590,236,75729,36,5166,287,15202,271,67062,322,82264,California
Butte,2021-05-08,169,144654,35,63625,125,75854,9,5175,89,15221,79,67141,98,82362,California
Butte,2021-05-09,93,144747,19,63644,71,75925,3,5178,50,15231,43,67184,53,82415,California
Butte,2021-05-10,514,145261,302,63946,169,76094,43,5221,210,15183,301,67485,253,82668,California
Butte,2021-05-11,864,146125,640,64586,165,76259,59,5280,275,14931,586,68071,334,83002,California
Butte,2021-05-12,728,146853,469,65055,213,76472,46,5326,325,14903,399,68470,371,83373,California
Butte,2021-05-13,850,147703,573,65628,218,76690,59,5385,295,14713,542,69012,352,83725,California
Butte,2021-05-14,831,148534,519,66147,282,76972,30,5415,359,14632,469,69481,388,84113,California
Butte,2021-05-15,480,149014,224,66371,224,77196,32,5447,224,14633,255,69736,256,84369,California
Butte,2021-05-16,167,149181,83,66454,66,77262,18,5465,98,14681,68,69804,116,84485,California
Butte,2021-05-17,754,149935,482,66936,224,77486,48,5513,331,14639,420,70224,378,84863,California
Butte,2021-05-18,1058,150993,726,67662,284,77770,48,5561,476,14587,576,70800,524,85387,California
Butte,2021-05-19,825,151818,533,68195,248,78018,44,5605,330,14470,490,71290,373,85760,California
Butte,2021-05-20,859,152677,595,68790,157,78175,107,5712,336,14392,520,71810,442,86202,California
Butte,2021-05-21,769,153446,474,69264,269,78444,26,5738,264,14179,502,72312,289,86491,California
Butte,2021-05-22,227,153673,108,69372,112,78556,7,5745,114,14190,110,72422,121,86612,California
Butte,2021-05-23,76,153749,49,69421,26,78582,1,5746,46,14207,30,72452,47,86659,California
Butte,2021-05-24,335,154084,149,69570,137,78719,49,5795,171,14264,162,72614,219,86878,California
Butte,2021-05-25,692,154776,443,70013,213,78932,36,5831,344,14303,341,72955,380,87258,California
Butte,2021-05-26,561,155337,181,70194,358,79290,22,5853,254,14281,298,73253,276,87534,California
Butte,2021-05-27,861,156198,620,70814,224,79514,17,5870,427,14297,429,73682,445,87979,California
Butte,2021-05-28,515,156713,139,70953,297,79811,79,5949,214,14291,299,73981,293,88272,California
Butte,2021-05-29,224,156937,116,71069,96,79907,12,5961,149,14377,75,74056,161,88433,California
Butte,2021-05-30,107,157044,56,71125,51,79958,0,5961,61,14392,46,74102,61,88494,California
Butte,2021-05-31,43,157087,23,71148,18,79976,2,5963,25,14401,18,74120,27,88521,California
Butte,2021-06-01,669,157756,422,71570,212,80188,35,5998,255,14280,411,74531,290,88811,California
Butte,2021-06-02,810,158566,571,72141,199,80387,40,6038,364,14242,442,74973,404,89215,California
Butte,2021-06-03,614,159180,412,72553,187,80574,15,6053,234,14114,377,75350,249,89464,California
Butte,2021-06-04,451,159631,257,72810,169,80743,25,6078,142,13977,304,75654,167,89631,California
Butte,2021-06-05,307,159938,197,73007,91,80834,19,6097,94,13877,213,75867,113,89744,California
Butte,2021-06-06,26,159964,12,73019,12,80846,2,6099,4,13862,21,75888,6,89750,California
Calaveras,2020-12-16,5,5,5,5,0,0,0,0,5,5,0,0,5,5,California
Calaveras,2020-12-17,3,8,3,8,0,0,0,0,3,8,0,0,3,8,California
Calaveras,2020-12-18,39,47,39,47,0,0,0,0,39,47,0,0,39,47,California
Calaveras,2020-12-19,3,50,3,50,0,0,0,0,3,50,0,0,3,50,California
Calaveras,2020-12-20,4,54,4,54,0,0,0,0,4,54,0,0,4,54,California
Calaveras,2020-12-21,55,109,48,102,7,7,0,0,55,109,0,0,55,109,California
Calaveras,2020-12-22,82,191,78,180,4,11,0,0,83,192,0,0,83,192,California
Calaveras,2020-12-23,76,267,74,254,2,13,0,0,76,268,0,0,76,268,California
Calaveras,2020-12-24,2,269,2,256,0,13,0,0,2,270,0,0,2,270,California
Calaveras,2020-12-26,3,272,3,259,0,13,0,0,3,273,0,0,3,273,California
Calaveras,2020-12-27,1,273,1,260,0,13,0,0,1,274,0,0,1,274,California
Calaveras,2020-12-28,21,294,17,277,4,17,0,0,20,293,1,1,20,294,California
Calaveras,2020-12-29,159,453,138,415,21,38,0,0,159,452,0,1,159,453,California
Calaveras,2020-12-30,93,546,81,496,12,50,0,0,93,545,0,1,93,546,California
Calaveras,2020-12-31,36,582,25,521,11,61,0,0,36,581,0,1,36,582,California
Calaveras,2021-01-02,11,593,11,532,0,61,0,0,11,592,0,1,11,593,California
Calaveras,2021-01-03,10,603,4,536,6,67,0,0,10,602,0,1,10,603,California
Calaveras,2021-01-04,33,636,5,541,28,95,0,0,33,635,0,1,33,636,California
Calaveras,2021-01-05,41,677,10,551,31,126,0,0,32,663,9,10,37,673,California
Calaveras,2021-01-06,107,784,30,581,77,203,0,0,97,750,10,20,97,770,California
Calaveras,2021-01-07,105,889,26,607,79,282,0,0,92,832,11,31,93,863,California
Calaveras,2021-01-08,69,958,39,646,30,312,0,0,45,854,24,55,46,909,California
Calaveras,2021-01-09,5,963,5,651,0,312,0,0,2,853,3,58,2,911,California
Calaveras,2021-01-10,2,965,0,651,2,314,0,0,2,855,0,58,2,913,California
Calaveras,2021-01-11,65,1030,59,710,6,320,0,0,27,847,37,95,29,942,California
Calaveras,2021-01-12,86,1116,53,763,33,353,0,0,52,866,34,129,53,995,California
Calaveras,2021-01-13,109,1225,45,808,64,417,0,0,75,908,34,163,76,1071,California
Calaveras,2021-01-14,139,1364,43,851,96,513,0,0,106,983,32,195,107,1178,California
Calaveras,2021-01-15,92,1456,28,879,64,577,0,0,72,1035,20,215,72,1250,California
Calaveras,2021-01-16,13,1469,2,881,11,588,0,0,12,1046,1,216,12,1262,California
Calaveras,2021-01-17,10,1479,2,883,8,596,0,0,9,1054,1,217,9,1271,California
Calaveras,2021-01-18,131,1610,19,902,112,708,0,0,118,1162,13,230,121,1392,California
Calaveras,2021-01-19,206,1816,175,1077,31,739,0,0,69,1096,136,366,70,1462,California
Calaveras,2021-01-20,378,2194,82,1159,296,1035,0,0,290,1311,87,453,302,1764,California
Calaveras,2021-01-21,463,2657,40,1199,423,1458,0,0,427,1715,36,489,440,2204,California
Calaveras,2021-01-22,402,3059,23,1222,379,1837,0,0,391,2103,11,500,399,2603,California
Calaveras,2021-01-23,18,3077,8,1230,10,1847,0,0,17,2119,1,501,17,2620,California
Calaveras,2021-01-24,14,3091,8,1238,6,1853,0,0,12,2129,2,503,12,2632,California
Calaveras,2021-01-25,86,3177,8,1246,78,1931,0,0,81,2205,5,508,81,2713,California
Calaveras,2021-01-26,48,3225,16,1262,32,1963,0,0,39,2235,9,517,39,2752,California
Calaveras,2021-01-27,131,3356,44,1306,87,2050,0,0,102,2309,28,545,102,2854,California
Calaveras,2021-01-28,165,3521,25,1331,140,2190,0,0,140,2428,25,570,144,2998,California
Calaveras,2021-01-29,375,3896,12,1343,363,2553,0,0,345,2756,30,600,358,3356,California
Calaveras,2021-01-30,27,3923,10,1353,17,2570,0,0,25,2781,0,600,25,3381,California
Calaveras,2021-01-31,6,3929,4,1357,2,2572,0,0,5,2785,1,601,5,3386,California
Calaveras,2021-02-01,26,3955,11,1368,15,2587,0,0,17,2793,9,610,17,3403,California
Calaveras,2021-02-02,110,4065,22,1390,88,2675,0,0,71,2831,34,644,72,3475,California
Calaveras,2021-02-03,434,4499,44,1434,390,3065,0,0,349,3098,84,728,351,3826,California
Calaveras,2021-02-04,383,4882,26,1460,357,3422,0,0,298,3314,85,813,301,4127,California
Calaveras,2021-02-05,79,4961,22,1482,57,3479,0,0,41,3318,38,851,42,4169,California
Calaveras,2021-02-06,21,4982,12,1494,9,3488,0,0,21,3339,0,851,21,4190,California
Calaveras,2021-02-07,5,4987,1,1495,4,3492,0,0,2,3339,2,853,2,4192,California
Calaveras,2021-02-08,38,5025,17,1512,21,3513,0,0,30,3363,6,859,30,4222,California
Calaveras,2021-02-09,193,5218,77,1589,116,3629,0,0,131,3435,60,919,132,4354,California
Calaveras,2021-02-10,514,5732,31,1620,483,4112,0,0,441,3809,73,992,447,4801,California
Calaveras,2021-02-11,581,6313,81,1701,500,4612,0,0,472,4179,106,1098,476,5277,California
Calaveras,2021-02-12,569,6882,324,2025,245,4857,0,0,492,4599,75,1173,495,5772,California
Calaveras,2021-02-13,200,7082,45,2070,155,5012,0,0,185,4769,15,1188,185,5957,California
Calaveras,2021-02-14,221,7303,71,2141,150,5162,0,0,206,4961,14,1202,206,6163,California
Calaveras,2021-02-15,382,7685,23,2164,359,5521,0,0,262,5106,117,1319,262,6425,California
Calaveras,2021-02-16,267,7952,144,2308,123,5644,0,0,229,5300,38,1357,232,6657,California
Calaveras,2021-02-17,512,8464,38,2346,474,6118,0,0,208,5220,292,1649,212,6869,California
Calaveras,2021-02-18,498,8962,91,2437,407,6525,0,0,95,4932,384,2033,96,6965,California
Calaveras,2021-02-19,438,9400,42,2479,396,6921,0,0,97,4699,330,2363,97,7062,California
Calaveras,2021-02-20,57,9457,15,2494,42,6963,0,0,47,4736,10,2373,47,7109,California
Calaveras,2021-02-21,25,9482,15,2509,10,6973,0,0,18,4748,6,2379,18,7127,California
Calaveras,2021-02-22,62,9544,38,2547,24,6997,0,0,33,4752,29,2408,33,7160,California
Calaveras,2021-02-23,128,9672,43,2590,85,7082,0,0,92,4809,36,2444,93,7253,California
Calaveras,2021-02-24,96,9768,47,2637,49,7131,0,0,66,4846,29,2473,66,7319,California
Calaveras,2021-02-25,552,10320,102,2739,450,7581,0,0,356,5016,191,2664,361,7680,California
Calaveras,2021-02-26,749,11069,46,2785,703,8284,0,0,396,5081,332,2996,397,8077,California
Calaveras,2021-02-27,205,11274,22,2807,183,8467,0,0,181,5238,24,3020,181,8258,California
Calaveras,2021-02-28,97,11371,15,2822,82,8549,0,0,91,5324,5,3025,91,8349,California
Calaveras,2021-03-01,232,11603,42,2864,190,8739,0,0,149,5395,79,3104,150,8499,California
Calaveras,2021-03-02,250,11853,97,2961,153,8892,0,0,204,5557,43,3147,205,8704,California
Calaveras,2021-03-03,515,12368,105,3066,410,9302,0,0,213,5474,296,3443,213,8917,California
Calaveras,2021-03-04,745,13113,69,3135,675,9977,1,1,353,5446,383,3826,355,9272,California
Calaveras,2021-03-05,454,13567,271,3406,179,10156,4,5,140,5281,309,4135,144,9416,California
Calaveras,2021-03-06,154,13721,41,3447,107,10263,6,11,114,5361,40,4175,120,9536,California
Calaveras,2021-03-07,76,13797,32,3479,37,10300,7,18,34,5360,42,4217,41,9577,California
Calaveras,2021-03-08,163,13960,27,3506,128,10428,8,26,129,5464,33,4250,137,9714,California
Calaveras,2021-03-09,360,14320,136,3642,218,10646,6,32,32,5180,322,4572,38,9752,California
Calaveras,2021-03-10,420,14740,32,3674,385,11031,3,35,59,4888,354,4926,62,9814,California
Calaveras,2021-03-11,850,15590,423,4097,414,11445,13,48,431,4921,413,5339,446,10260,California
Calaveras,2021-03-12,401,15991,212,4309,179,11624,10,58,325,5187,75,5414,341,10601,California
Calaveras,2021-03-13,177,16168,15,4324,154,11778,8,66,140,5303,36,5450,152,10753,California
Calaveras,2021-03-14,155,16323,11,4335,143,11921,1,67,17,5190,138,5588,25,10778,California
Calaveras,2021-03-15,329,16652,48,4383,256,12177,25,92,52,4995,276,5864,81,10859,California
Calaveras,2021-03-16,690,17342,554,4937,116,12293,20,112,546,5419,142,6006,566,11425,California
Calaveras,2021-03-17,279,17621,52,4989,213,12506,14,126,49,5258,225,6231,64,11489,California
Calaveras,2021-03-18,665,18286,570,5559,79,12585,16,142,547,5705,118,6349,565,12054,California
Calaveras,2021-03-19,232,18518,50,5609,108,12693,74,216,58,5665,170,6519,130,12184,California
Calaveras,2021-03-20,78,18596,22,5631,55,12748,1,217,21,5631,57,6576,23,12207,California
Calaveras,2021-03-21,46,18642,30,5661,5,12753,11,228,11,5618,35,6611,22,12229,California
Calaveras,2021-03-22,80,18722,36,5697,23,12776,21,249,25,5609,55,6666,46,12275,California
Calaveras,2021-03-23,296,19018,205,5902,81,12857,10,259,118,5569,168,6834,128,12403,California
Calaveras,2021-03-24,136,19154,52,5954,74,12931,10,269,44,5533,90,6924,54,12457,California
Calaveras,2021-03-25,743,19897,103,6057,636,13567,4,273,446,5694,289,7213,450,12907,California
Calaveras,2021-03-26,427,20324,28,6085,393,13960,6,279,88,5454,336,7549,96,13003,California
Calaveras,2021-03-27,211,20535,18,6103,189,14149,4,283,37,5326,171,7720,43,13046,California
Calaveras,2021-03-28,112,20647,12,6115,98,14247,2,285,8,5234,103,7823,11,13057,California
Calaveras,2021-03-29,177,20824,23,6138,151,14398,3,288,57,5177,118,7941,61,13118,California
Calaveras,2021-03-30,538,21362,25,6163,496,14894,17,305,360,5377,177,8118,377,13495,California
Calaveras,2021-03-31,322,21684,142,6305,170,15064,10,315,155,5376,167,8285,166,13661,California
Calaveras,2021-04-01,685,22369,444,6749,240,15304,1,316,186,5071,496,8781,191,13852,California
Calaveras,2021-04-02,392,22761,229,6978,155,15459,8,324,116,4923,273,9054,125,13977,California
Calaveras,2021-04-03,144,22905,33,7011,107,15566,4,328,40,4863,104,9158,44,14021,California
Calaveras,2021-04-04,78,22983,25,7036,53,15619,0,328,49,4883,29,9187,49,14070,California
Calaveras,2021-04-05,213,23196,82,7118,121,15740,10,338,101,4882,112,9299,111,14181,California
Calaveras,2021-04-06,652,23848,574,7692,64,15804,14,352,112,4472,536,9835,126,14307,California
Calaveras,2021-04-07,756,24604,659,8351,61,15865,36,388,619,4991,137,9972,656,14963,California
Calaveras,2021-04-08,946,25550,856,9207,69,15934,21,409,437,4944,506,10478,459,15422,California
Calaveras,2021-04-09,155,25705,59,9266,48,15982,48,457,57,4953,97,10575,106,15528,California
Calaveras,2021-04-10,192,25897,43,9309,131,16113,18,475,149,5079,42,10617,168,15696,California
Calaveras,2021-04-11,68,25965,44,9353,22,16135,2,477,48,5109,20,10637,50,15746,California
Calaveras,2021-04-12,101,26066,46,9399,37,16172,18,495,55,5137,46,10683,74,15820,California
Calaveras,2021-04-13,423,26489,368,9767,55,16227,0,495,364,5445,58,10741,366,16186,California
Calaveras,2021-04-14,181,26670,29,9796,152,16379,0,495,135,5535,46,10787,136,16322,California
Calaveras,2021-04-15,336,27006,287,10083,49,16428,0,495,253,5708,80,10867,253,16575,California
Calaveras,2021-04-16,99,27105,24,10107,75,16503,0,495,46,5705,49,10916,46,16621,California
Calaveras,2021-04-17,330,27435,126,10233,204,16707,0,495,288,5951,42,10958,288,16909,California
Calaveras,2021-04-18,17,27452,6,10239,11,16718,0,495,11,5956,6,10964,11,16920,California
Calaveras,2021-04-19,73,27525,27,10266,46,16764,0,495,45,5975,27,10991,46,16966,California
Calaveras,2021-04-20,261,27786,92,10358,169,16933,0,495,194,6104,65,11056,194,17160,California
Calaveras,2021-04-21,214,28000,144,10502,70,17003,0,495,81,6055,131,11187,82,17242,California
Calaveras,2021-04-22,542,28542,96,10598,446,17449,0,495,141,5799,399,11586,143,17385,California
Calaveras,2021-04-23,157,28699,79,10677,78,17527,0,495,64,5773,90,11676,64,17449,California
Calaveras,2021-04-24,172,28871,36,10713,136,17663,0,495,129,5861,42,11718,130,17579,California
Calaveras,2021-04-25,43,28914,28,10741,15,17678,0,495,22,5864,21,11739,24,17603,California
Calaveras,2021-04-26,103,29017,64,10805,39,17717,0,495,31,5824,72,11811,32,17635,California
Calaveras,2021-04-27,429,29446,65,10870,351,18068,13,508,53,5517,373,12184,66,17701,California
Calaveras,2021-04-28,642,30088,575,11445,36,18104,31,539,51,5016,590,12774,89,17790,California
Calaveras,2021-04-29,512,30600,440,11885,53,18157,19,558,72,4673,439,13213,96,17886,California
Calaveras,2021-04-30,147,30747,58,11943,84,18241,5,563,65,4668,81,13294,76,17962,California
Calaveras,2021-05-01,199,30946,110,12053,87,18328,2,565,132,4740,66,13360,138,18100,California
Calaveras,2021-05-02,51,30997,34,12087,16,18344,1,566,19,4730,31,13391,21,18121,California
Calaveras,2021-05-03,92,31089,68,12155,19,18363,5,571,29,4705,63,13454,38,18159,California
Calaveras,2021-05-04,412,31501,329,12484,46,18409,37,608,41,4414,370,13824,79,18238,California
Calaveras,2021-05-05,112,31613,57,12541,23,18432,32,640,49,4432,62,13886,80,18318,California
Calaveras,2021-05-06,254,31867,194,12735,36,18468,24,664,47,4297,207,14093,72,18390,California
Calaveras,2021-05-07,83,31950,23,12758,54,18522,6,670,54,4328,29,14122,60,18450,California
Calaveras,2021-05-08,290,32240,141,12899,147,18669,2,672,92,4226,196,14318,94,18544,California
Calaveras,2021-05-09,28,32268,12,12911,13,18682,3,675,12,4225,16,14334,15,18559,California
Calaveras,2021-05-10,55,32323,25,12936,29,18711,1,676,24,4222,29,14363,26,18585,California
Calaveras,2021-05-11,128,32451,84,13020,31,18742,13,689,89,4287,38,14401,103,18688,California
Calaveras,2021-05-12,156,32607,36,13056,120,18862,0,689,44,4220,111,14512,44,18732,California
Calaveras,2021-05-13,113,32720,60,13116,38,18900,15,704,60,4243,52,14564,75,18807,California
Calaveras,2021-05-14,150,32870,93,13209,54,18954,3,707,101,4299,48,14612,104,18911,California
Calaveras,2021-05-15,265,33135,92,13301,170,19124,3,710,105,4253,154,14766,108,19019,California
Calaveras,2021-05-16,28,33163,11,13312,17,19141,0,710,13,4252,15,14781,14,19033,California
Calaveras,2021-05-17,87,33250,40,13352,40,19181,7,717,45,4264,41,14822,53,19086,California
Calaveras,2021-05-18,223,33473,60,13412,141,19322,22,739,71,4206,151,14973,93,19179,California
Calaveras,2021-05-19,146,33619,59,13471,82,19404,5,744,71,4209,74,15047,77,19256,California
Calaveras,2021-05-20,184,33803,73,13544,87,19491,24,768,62,4175,119,15166,85,19341,California
Calaveras,2021-05-21,79,33882,49,13593,26,19517,4,772,50,4201,27,15193,53,19394,California
Calaveras,2021-05-22,282,34164,157,13750,125,19642,0,772,141,4203,139,15332,141,19535,California
Calaveras,2021-05-23,18,34182,14,13764,4,19646,0,772,10,4205,8,15340,10,19545,California
Calaveras,2021-05-24,73,34255,37,13801,20,19666,16,788,32,4213,41,15381,49,19594,California
Calaveras,2021-05-25,121,34376,46,13847,58,19724,17,805,60,4229,61,15442,77,19671,California
Calaveras,2021-05-26,119,34495,86,13933,29,19753,4,809,82,4278,36,15478,85,19756,California
Calaveras,2021-05-27,83,34578,43,13976,36,19789,4,813,27,4257,53,15531,32,19788,California
Calaveras,2021-05-28,83,34661,43,14019,36,19825,4,817,41,4260,42,15573,45,19833,California
Calaveras,2021-05-29,68,34729,23,14042,40,19865,5,822,33,4264,34,15607,38,19871,California
Calaveras,2021-05-30,36,34765,14,14056,17,19882,5,827,11,4255,25,15632,16,19887,California
Calaveras,2021-05-31,5,34770,0,14056,3,19885,2,829,0,4252,5,15637,2,19889,California
Calaveras,2021-06-01,144,34914,97,14153,41,19926,6,835,45,4204,99,15736,51,19940,California
Calaveras,2021-06-02,62,34976,32,14185,26,19952,4,839,25,4196,37,15773,29,19969,California
Calaveras,2021-06-03,59,35035,34,14219,21,19973,4,843,27,4198,31,15804,33,20002,California
Calaveras,2021-06-04,50,35085,33,14252,17,19990,0,843,24,4196,26,15830,24,20026,California
Calaveras,2021-06-05,31,35116,18,14270,13,20003,0,843,12,4189,19,15849,12,20038,California
Calaveras,2021-06-06,1,35117,1,14271,0,20003,0,843,1,4190,0,15849,1,20039,California
Colusa,2020-12-18,1,1,1,1,0,0,0,0,1,1,0,0,1,1,California
Colusa,2020-12-21,2,3,2,3,0,0,0,0,2,3,0,0,2,3,California
Colusa,2020-12-22,10,13,10,13,0,0,0,0,10,13,0,0,10,13,California
Colusa,2020-12-23,10,23,10,23,0,0,0,0,10,23,0,0,10,23,California
Colusa,2020-12-24,2,25,1,24,1,1,0,0,2,25,0,0,2,25,California
Colusa,2020-12-27,1,26,1,25,0,1,0,0,1,26,0,0,1,26,California
Colusa,2020-12-28,7,33,3,28,4,5,0,0,7,33,0,0,7,33,California
Colusa,2020-12-29,11,44,8,36,3,8,0,0,11,44,0,0,11,44,California
Colusa,2020-12-30,50,94,13,49,37,45,0,0,50,94,0,0,50,94,California
Colusa,2020-12-31,18,112,1,50,17,62,0,0,18,112,0,0,18,112,California
Colusa,2021-01-04,4,116,0,50,4,66,0,0,4,116,0,0,4,116,California
Colusa,2021-01-05,67,183,1,51,66,132,0,0,67,183,0,0,67,183,California
Colusa,2021-01-06,15,198,9,60,6,138,0,0,15,198,0,0,15,198,California
Colusa,2021-01-07,38,236,4,64,34,172,0,0,37,234,1,1,37,235,California
Colusa,2021-01-08,9,245,7,71,2,174,0,0,8,241,1,2,8,243,California
Colusa,2021-01-09,2,247,1,72,1,175,0,0,2,243,0,2,2,245,California
Colusa,2021-01-10,1,248,0,72,1,176,0,0,1,244,0,2,1,246,California
Colusa,2021-01-11,12,260,6,78,6,182,0,0,7,246,5,7,7,253,California
Colusa,2021-01-12,11,271,9,87,2,184,0,0,6,247,5,12,6,259,California
Colusa,2021-01-13,21,292,13,100,8,192,0,0,13,252,8,20,13,272,California
Colusa,2021-01-14,35,327,28,128,7,199,0,0,33,283,2,22,33,305,California
Colusa,2021-01-15,43,370,5,133,38,237,0,0,41,322,2,24,41,346,California
Colusa,2021-01-16,12,382,1,134,11,248,0,0,11,332,1,25,11,357,California
Colusa,2021-01-17,3,385,2,136,1,249,0,0,2,333,1,26,2,359,California
Colusa,2021-01-18,4,389,0,136,4,253,0,0,4,337,0,26,4,363,California
Colusa,2021-01-19,9,398,8,144,1,254,0,0,5,338,4,30,5,368,California
Colusa,2021-01-20,113,511,101,245,12,266,0,0,100,425,13,43,100,468,California
Colusa,2021-01-21,58,569,43,288,15,281,0,0,57,481,1,44,57,525,California
Colusa,2021-01-22,37,606,17,305,20,301,0,0,32,508,5,49,32,557,California
Colusa,2021-01-23,35,641,6,311,29,330,0,0,35,543,0,49,35,592,California
Colusa,2021-01-25,7,648,0,311,7,337,0,0,7,550,0,49,7,599,California
Colusa,2021-01-26,8,656,5,316,3,340,0,0,5,552,3,52,5,604,California
Colusa,2021-01-27,109,765,31,347,78,418,0,0,107,657,2,54,107,711,California
Colusa,2021-01-28,79,844,46,393,33,451,0,0,72,722,7,61,72,783,California
Colusa,2021-01-29,40,884,7,400,33,484,0,0,39,760,1,62,39,822,California
Colusa,2021-01-30,27,911,4,404,23,507,0,0,27,787,0,62,27,849,California
Colusa,2021-01-31,7,918,7,411,0,507,0,0,7,794,0,62,7,856,California
Colusa,2021-02-01,27,945,10,421,17,524,0,0,22,811,5,67,22,878,California
Colusa,2021-02-02,44,989,9,430,35,559,0,0,37,841,7,74,37,915,California
Colusa,2021-02-03,70,1059,11,441,59,618,0,0,60,891,10,84,60,975,California
Colusa,2021-02-04,143,1202,81,522,62,680,0,0,115,978,28,112,115,1090,California
Colusa,2021-02-05,29,1231,8,530,21,701,0,0,26,1001,3,115,26,1116,California
Colusa,2021-02-06,283,1514,9,539,274,975,0,0,272,1262,11,126,272,1388,California
Colusa,2021-02-07,2,1516,1,540,1,976,0,0,0,1260,2,128,0,1388,California
Colusa,2021-02-08,40,1556,5,545,35,1011,0,0,37,1294,3,131,37,1425,California
Colusa,2021-02-09,230,1786,14,559,216,1227,0,0,176,1416,54,185,176,1601,California
Colusa,2021-02-10,115,1901,41,600,74,1301,0,0,72,1445,43,228,72,1673,California
Colusa,2021-02-11,102,2003,39,639,63,1364,0,0,75,1493,27,255,75,1748,California
Colusa,2021-02-12,119,2122,9,648,110,1474,0,0,79,1531,41,296,79,1827,California
Colusa,2021-02-13,60,2182,8,656,52,1526,0,0,52,1575,8,304,52,1879,California
Colusa,2021-02-14,21,2203,8,664,13,1539,0,0,15,1584,6,310,15,1894,California
Colusa,2021-02-15,45,2248,10,674,35,1574,0,0,38,1615,7,317,38,1932,California
Colusa,2021-02-16,67,2315,4,678,63,1637,0,0,66,1680,1,318,66,1998,California
Colusa,2021-02-17,203,2518,143,821,60,1697,0,0,58,1593,145,463,58,2056,California
Colusa,2021-02-18,136,2654,36,857,100,1797,0,0,113,1683,23,486,113,2169,California
Colusa,2021-02-19,153,2807,19,876,134,1931,0,0,130,1790,23,509,130,2299,California
Colusa,2021-02-20,27,2834,5,881,22,1953,0,0,11,1785,16,525,11,2310,California
Colusa,2021-02-21,1,2835,1,882,0,1953,0,0,0,1784,1,526,0,2310,California
Colusa,2021-02-22,43,2878,26,908,17,1970,0,0,29,1799,14,540,29,2339,California
Colusa,2021-02-23,22,2900,7,915,15,1985,0,0,17,1811,5,545,17,2356,California
Colusa,2021-02-24,302,3202,55,970,247,2232,0,0,158,1825,144,689,158,2514,California
Colusa,2021-02-25,102,3304,55,1025,47,2279,0,0,66,1855,36,725,66,2580,California
Colusa,2021-02-26,96,3400,14,1039,82,2361,0,0,59,1877,37,762,59,2639,California
Colusa,2021-02-27,55,3455,4,1043,51,2412,0,0,40,1902,15,777,40,2679,California
Colusa,2021-02-28,27,3482,15,1058,12,2424,0,0,18,1911,9,786,18,2697,California
Colusa,2021-03-01,46,3528,15,1073,31,2455,0,0,29,1923,17,803,29,2726,California
Colusa,2021-03-02,49,3577,13,1086,36,2491,0,0,26,1926,23,826,26,2752,California
Colusa,2021-03-03,243,3820,43,1129,200,2691,0,0,186,2055,57,883,186,2938,California
Colusa,2021-03-04,140,3960,60,1189,80,2771,0,0,80,2075,60,943,80,3018,California
Colusa,2021-03-05,95,4055,25,1214,61,2832,9,9,53,2095,42,985,62,3080,California
Colusa,2021-03-06,272,4327,9,1223,263,3095,0,9,37,1897,235,1220,37,3117,California
Colusa,2021-03-07,8,4335,5,1228,3,3098,0,9,6,1901,2,1222,6,3123,California
Colusa,2021-03-08,89,4424,21,1249,33,3131,35,44,45,1937,44,1266,80,3203,California
Colusa,2021-03-09,276,4700,75,1324,178,3309,23,67,86,1856,190,1456,109,3312,California
Colusa,2021-03-10,290,4990,38,1362,216,3525,36,103,204,2010,86,1542,240,3552,California
Colusa,2021-03-11,419,5409,60,1422,338,3863,21,124,337,2284,82,1624,356,3908,California
Colusa,2021-03-12,109,5518,18,1440,78,3941,13,137,19,2226,90,1714,32,3940,California
Colusa,2021-03-13,60,5578,15,1455,36,3977,9,146,18,2211,42,1756,27,3967,California
Colusa,2021-03-14,20,5598,0,1455,18,3995,2,148,6,2206,13,1769,8,3975,California
Colusa,2021-03-15,71,5669,27,1482,36,4031,8,156,15,2173,56,1825,23,3998,California
Colusa,2021-03-16,296,5965,16,1498,234,4265,46,202,189,2301,107,1932,235,4233,California
Colusa,2021-03-17,193,6158,50,1548,143,4408,0,202,108,2324,85,2017,108,4341,California
Colusa,2021-03-18,324,6482,37,1585,216,4624,71,273,201,2473,123,2140,272,4613,California
Colusa,2021-03-19,78,6560,20,1605,56,4680,2,275,53,2503,25,2165,55,4668,California
Colusa,2021-03-20,49,6609,7,1612,41,4721,1,276,36,2527,13,2178,37,4705,California
Colusa,2021-03-21,6,6615,4,1616,2,4723,0,276,3,2527,3,2181,3,4708,California
Colusa,2021-03-22,62,6677,10,1626,43,4766,9,285,40,2554,22,2203,49,4757,California
Colusa,2021-03-23,81,6758,16,1642,63,4829,2,287,55,2585,26,2229,57,4814,California
Colusa,2021-03-24,341,7099,57,1699,278,5107,6,293,68,2385,273,2502,73,4887,California
Colusa,2021-03-25,107,7206,60,1759,42,5149,5,298,50,2383,57,2559,55,4942,California
Colusa,2021-03-26,298,7504,48,1807,246,5395,4,302,246,2581,52,2611,250,5192,California
Colusa,2021-03-27,64,7568,5,1812,59,5454,0,302,26,2569,38,2649,26,5218,California
Colusa,2021-03-28,16,7584,7,1819,9,5463,0,302,8,2569,8,2657,8,5226,California
Colusa,2021-03-29,73,7657,21,1840,46,5509,6,308,33,2568,40,2697,39,5265,California
Colusa,2021-03-30,151,7808,83,1923,66,5575,2,310,71,2561,80,2777,73,5338,California
Colusa,2021-03-31,234,8042,41,1964,193,5768,0,310,73,2474,160,2937,73,5411,California
Colusa,2021-04-01,435,8477,72,2036,308,6076,55,365,312,2718,122,3059,366,5777,California
Colusa,2021-04-02,83,8560,14,2050,55,6131,14,379,39,2727,44,3103,53,5830,California
Colusa,2021-04-03,61,8621,10,2060,28,6159,23,402,14,2716,47,3150,36,5866,California
Colusa,2021-04-04,18,8639,0,2060,8,6167,10,412,3,2714,15,3165,13,5879,California
Colusa,2021-04-05,97,8736,26,2086,55,6222,16,428,39,2711,58,3223,55,5934,California
Colusa,2021-04-06,130,8866,35,2121,45,6267,50,478,43,2717,87,3310,93,6027,California
Colusa,2021-04-07,358,9224,41,2162,294,6561,23,501,131,2645,227,3537,155,6182,California
Colusa,2021-04-08,425,9649,34,2196,365,6926,26,527,121,2491,301,3838,147,6329,California
Colusa,2021-04-09,77,9726,21,2217,32,6958,24,551,28,2494,49,3887,52,6381,California
Colusa,2021-04-10,44,9770,9,2226,14,6972,21,572,11,2493,33,3920,32,6413,California
Colusa,2021-04-11,17,9787,3,2229,12,6984,2,574,8,2494,9,3929,10,6423,California
Colusa,2021-04-12,32,9819,3,2232,29,7013,0,574,25,2512,7,3936,25,6448,California
Colusa,2021-04-13,278,10097,22,2254,256,7269,0,574,93,2421,184,4120,93,6541,California
Colusa,2021-04-14,94,10191,18,2272,76,7345,0,574,33,2393,61,4181,33,6574,California
Colusa,2021-04-15,325,10516,46,2318,279,7624,0,574,133,2334,192,4373,133,6707,California
Colusa,2021-04-16,79,10595,11,2329,68,7692,0,574,35,2326,43,4416,35,6742,California
Colusa,2021-04-17,51,10646,7,2336,44,7736,0,574,29,2333,22,4438,29,6771,California
Colusa,2021-04-18,9,10655,2,2338,7,7743,0,574,7,2338,2,4440,7,6778,California
Colusa,2021-04-19,61,10716,22,2360,39,7782,0,574,16,2309,45,4485,16,6794,California
Colusa,2021-04-20,178,10894,31,2391,147,7929,0,574,129,2389,49,4534,129,6923,California
Colusa,2021-04-21,170,11064,59,2450,111,8040,0,574,110,2439,60,4594,110,7033,California
Colusa,2021-04-22,420,11484,27,2477,392,8432,1,575,218,2456,201,4795,218,7251,California
Colusa,2021-04-23,92,11576,19,2496,73,8505,0,575,36,2436,56,4851,36,7287,California
Colusa,2021-04-24,241,11817,19,2515,221,8726,1,576,209,2613,32,4883,209,7496,California
Colusa,2021-04-25,12,11829,6,2521,6,8732,0,576,8,2617,4,4887,8,7504,California
Colusa,2021-04-26,23,11852,5,2526,17,8749,1,577,6,2607,16,4903,6,7510,California
Colusa,2021-04-27,94,11946,23,2549,67,8816,4,581,44,2605,50,4953,48,7558,California
Colusa,2021-04-28,189,12135,27,2576,159,8975,3,584,139,2698,49,5002,142,7700,California
Colusa,2021-04-29,319,12454,27,2603,288,9263,4,588,47,2479,270,5272,51,7751,California
Colusa,2021-04-30,65,12519,18,2621,47,9310,0,588,41,2496,24,5296,41,7792,California
Colusa,2021-05-01,19,12538,8,2629,8,9318,3,591,9,2498,10,5306,12,7804,California
Colusa,2021-05-02,4,12542,1,2630,2,9320,1,592,2,2499,2,5308,3,7807,California
Colusa,2021-05-03,31,12573,7,2637,24,9344,0,592,15,2498,16,5324,15,7822,California
Colusa,2021-05-04,95,12668,52,2689,42,9386,1,593,68,2540,27,5351,69,7891,California
Colusa,2021-05-05,79,12747,16,2705,62,9448,1,594,34,2530,45,5396,35,7926,California
Colusa,2021-05-06,254,13001,16,2721,236,9684,2,596,111,2500,143,5539,113,8039,California
Colusa,2021-05-07,67,13068,5,2726,58,9742,4,600,31,2499,36,5575,35,8074,California
Colusa,2021-05-08,17,13085,5,2731,12,9754,0,600,9,2500,8,5583,9,8083,California
Colusa,2021-05-09,13,13098,5,2736,5,9759,3,603,6,2502,7,5590,9,8092,California
Colusa,2021-05-10,16,13114,6,2742,10,9769,0,603,7,2500,9,5599,7,8099,California
Colusa,2021-05-11,92,13206,33,2775,59,9828,0,603,50,2508,42,5641,50,8149,California
Colusa,2021-05-12,71,13277,31,2806,36,9864,4,607,20,2481,51,5692,24,8173,California
Colusa,2021-05-13,239,13516,22,2828,216,10080,1,608,76,2395,163,5855,77,8250,California
Colusa,2021-05-14,86,13602,18,2846,53,10133,15,623,33,2391,52,5907,48,8298,California
Colusa,2021-05-15,37,13639,9,2855,26,10159,2,625,19,2394,18,5925,21,8319,California
Colusa,2021-05-16,22,13661,5,2860,10,10169,7,632,9,2397,13,5938,16,8335,California
Colusa,2021-05-17,24,13685,4,2864,18,10187,2,634,12,2399,12,5950,14,8349,California
Colusa,2021-05-18,98,13783,24,2888,72,10259,2,636,43,2389,55,6005,45,8394,California
Colusa,2021-05-19,217,14000,43,2931,154,10413,20,656,67,2326,150,6155,87,8481,California
Colusa,2021-05-20,281,14281,34,2965,243,10656,4,660,69,2187,212,6367,73,8554,California
Colusa,2021-05-21,68,14349,23,2988,43,10699,2,662,36,2193,32,6399,38,8592,California
Colusa,2021-05-22,214,14563,20,3008,194,10893,0,662,28,2035,186,6585,28,8620,California
Colusa,2021-05-23,15,14578,5,3013,6,10899,4,666,3,2030,12,6597,7,8627,California
Colusa,2021-05-24,26,14604,3,3016,18,10917,5,671,15,2039,11,6608,20,8647,California
Colusa,2021-05-25,132,14736,73,3089,57,10974,2,673,50,2009,82,6690,52,8699,California
Colusa,2021-05-26,71,14807,24,3113,47,11021,0,673,32,2002,39,6729,32,8731,California
Colusa,2021-05-27,170,14977,17,3130,153,11174,0,673,54,1940,116,6845,54,8785,California
Colusa,2021-05-28,80,15057,26,3156,53,11227,1,674,40,1941,40,6885,41,8826,California
Colusa,2021-05-29,37,15094,18,3174,18,11245,1,675,29,1963,8,6893,30,8856,California
Colusa,2021-05-30,8,15102,1,3175,2,11247,5,680,1,1962,7,6900,6,8862,California
Colusa,2021-05-31,4,15106,0,3175,4,11251,0,680,1,1960,3,6903,1,8863,California
Colusa,2021-06-01,53,15159,17,3192,35,11286,1,681,28,1965,24,6927,29,8892,California
Colusa,2021-06-02,146,15305,20,3212,124,11410,2,683,52,1926,93,7020,54,8946,California
Colusa,2021-06-03,63,15368,20,3232,42,11452,1,684,28,1923,32,7052,29,8975,California
Colusa,2021-06-04,54,15422,18,3250,33,11485,3,687,17,1907,36,7088,20,8995,California
Colusa,2021-06-05,33,15455,16,3266,16,11501,1,688,16,1907,17,7105,17,9012,California
Colusa,2021-06-06,6,15461,3,3269,3,11504,0,688,4,1909,2,7107,4,9016,California
Contra Costa,2020-12-15,18,18,18,18,0,0,0,0,18,18,0,0,18,18,California
Contra Costa,2020-12-16,523,541,523,541,0,0,0,0,523,541,0,0,523,541,California
Contra Costa,2020-12-17,1047,1588,1047,1588,0,0,0,0,1047,1588,0,0,1047,1588,California
Contra Costa,2020-12-18,1760,3348,1759,3347,1,1,0,0,1760,3348,0,0,1760,3348,California
Contra Costa,2020-12-19,1118,4466,1117,4464,1,2,0,0,1118,4466,0,0,1118,4466,California
Contra Costa,2020-12-20,598,5064,597,5061,1,3,0,0,598,5064,0,0,598,5064,California
Contra Costa,2020-12-21,1668,6732,1666,6727,2,5,0,0,1668,6732,0,0,1668,6732,California
Contra Costa,2020-12-22,1677,8409,1571,8298,106,111,0,0,1677,8409,0,0,1677,8409,California
Contra Costa,2020-12-23,1621,10030,1373,9671,248,359,0,0,1621,10030,0,0,1621,10030,California
Contra Costa,2020-12-24,662,10692,339,10010,323,682,0,0,662,10692,0,0,662,10692,California
Contra Costa,2020-12-25,40,10732,18,10028,22,704,0,0,40,10732,0,0,40,10732,California
Contra Costa,2020-12-26,656,11388,134,10162,522,1226,0,0,656,11388,0,0,656,11388,California
Contra Costa,2020-12-27,243,11631,86,10248,157,1383,0,0,243,11631,0,0,243,11631,California
Contra Costa,2020-12-28,1851,13482,869,11117,982,2365,0,0,1851,13482,0,0,1851,13482,California
Contra Costa,2020-12-29,1845,15327,824,11941,1021,3386,0,0,1845,15327,0,0,1845,15327,California
Contra Costa,2020-12-30,2415,17742,1215,13156,1200,4586,0,0,2414,17741,1,1,2415,17742,California
Contra Costa,2020-12-31,924,18666,307,13463,617,5203,0,0,923,18664,0,1,923,18665,California
Contra Costa,2021-01-01,64,18730,24,13487,40,5243,0,0,64,18728,0,1,64,18729,California
Contra Costa,2021-01-02,339,19069,174,13661,165,5408,0,0,339,19067,0,1,339,19068,California
Contra Costa,2021-01-03,180,19249,122,13783,58,5466,0,0,179,19246,0,1,179,19247,California
Contra Costa,2021-01-04,1918,21167,1256,15039,662,6128,0,0,1889,21108,27,28,1889,21136,California
Contra Costa,2021-01-05,2119,23286,1264,16303,855,6983,0,0,1833,22657,285,313,1834,22970,California
Contra Costa,2021-01-06,3308,26594,2268,18571,1040,8023,0,0,2494,24347,808,1121,2498,25468,California
Contra Costa,2021-01-07,3117,29711,2077,20648,1040,9063,0,0,1797,24827,1317,2438,1797,27265,California
Contra Costa,2021-01-08,3411,33122,2410,23058,1001,10064,0,0,1759,24942,1647,4085,1762,29027,California
Contra Costa,2021-01-09,1603,34725,1149,24207,454,10518,0,0,737,24816,865,4950,739,29766,California
Contra Costa,2021-01-10,368,35093,291,24498,77,10595,0,0,155,24758,213,5163,155,29921,California
Contra Costa,2021-01-11,3855,38948,3157,27655,698,11293,0,0,2229,25364,1626,6789,2232,32153,California
Contra Costa,2021-01-12,3936,42884,2956,30611,980,12273,0,0,2589,26610,1347,8136,2593,34746,California
Contra Costa,2021-01-13,4761,47645,2955,33566,1806,14079,0,0,3801,29456,956,9092,3802,38548,California
Contra Costa,2021-01-14,4340,51985,1574,35140,2766,16845,0,0,3953,33022,387,9479,3953,42501,California
Contra Costa,2021-01-15,5360,57345,2472,37612,2888,19733,0,0,5032,37731,327,9806,5036,47537,California
Contra Costa,2021-01-16,1735,59080,561,38173,1174,20907,0,0,1659,39314,76,9882,1659,49196,California
Contra Costa,2021-01-17,1663,60743,978,39151,685,21592,0,0,1541,40736,122,10004,1544,50740,California
Contra Costa,2021-01-18,3234,63977,1278,40429,1956,23548,0,0,2606,42721,622,10626,2607,53347,California
Contra Costa,2021-01-19,7084,71061,3170,43599,3914,27462,0,0,6075,47795,1006,11632,6080,59427,California
Contra Costa,2021-01-20,6717,77778,4136,47735,2581,30043,0,0,5479,52045,1234,12866,5484,64911,California
Contra Costa,2021-01-21,7005,84783,3110,50845,3895,33938,0,0,6271,57596,728,13594,6279,71190,California
Contra Costa,2021-01-22,6420,91203,2728,53573,3692,37630,0,0,5554,62296,857,14451,5557,76747,California
Contra Costa,2021-01-23,2055,93258,361,53934,1694,39324,0,0,1792,63829,261,14712,1794,78541,California
Contra Costa,2021-01-24,1600,94858,219,54153,1381,40705,0,0,1452,65137,148,14860,1456,79997,California
Contra Costa,2021-01-25,6720,101578,3051,57204,3669,44374,0,0,5135,68693,1583,16443,5139,85136,California
Contra Costa,2021-01-26,8185,109763,4725,61929,3460,47834,0,0,6307,73135,1870,18313,6312,91448,California
Contra Costa,2021-01-27,8257,118020,5437,67366,2820,50654,0,0,6393,77680,1852,20165,6397,97845,California
Contra Costa,2021-01-28,7512,125532,4097,71463,3415,54069,0,0,5889,81956,1617,21782,5893,103738,California
Contra Costa,2021-01-29,7498,133030,3907,75370,3591,57660,0,0,6171,86806,1323,23105,6173,109911,California
Contra Costa,2021-01-30,2155,135185,662,76032,1493,59153,0,0,1746,88150,402,23507,1746,111657,California
Contra Costa,2021-01-31,667,135852,438,76470,229,59382,0,0,574,88634,90,23597,574,112231,California
Contra Costa,2021-02-01,5896,141748,4103,80573,1793,61175,0,0,3984,90717,1904,25501,3987,116218,California
Contra Costa,2021-02-02,7627,149375,5110,85683,2517,63692,0,0,5916,94924,1710,27211,5917,122135,California
Contra Costa,2021-02-03,8339,157714,5509,91192,2830,66522,0,0,5658,97911,2672,29883,5659,127794,California
Contra Costa,2021-02-04,7568,165282,3602,94794,3966,70488,0,0,5798,101944,1768,31651,5801,133595,California
Contra Costa,2021-02-05,8487,173769,4837,99631,3650,74138,0,0,5779,105022,2701,34352,5779,139374,California
Contra Costa,2021-02-06,3510,177279,2174,101805,1336,75474,0,0,2853,107220,656,35008,2854,142228,California
Contra Costa,2021-02-07,993,178272,721,102526,272,75746,0,0,611,107450,381,35389,611,142839,California
Contra Costa,2021-02-08,5922,184194,3513,106039,2409,78155,0,0,4410,110356,1505,36894,4411,147250,California
Contra Costa,2021-02-09,8727,192921,4826,110865,3901,82056,0,0,5816,113268,2905,39799,5817,153067,California
Contra Costa,2021-02-10,8705,201626,4690,115555,4015,86071,0,0,5401,115384,3289,43088,5405,158472,California
Contra Costa,2021-02-11,9396,211022,4240,119795,5156,91227,0,0,5308,116615,4082,47170,5313,163785,California
Contra Costa,2021-02-12,10146,221168,4651,124446,5495,96722,0,0,5491,117461,4648,51818,5494,169279,California
Contra Costa,2021-02-13,4919,226087,1383,125829,3536,100258,0,0,3426,119398,1490,53308,3427,172706,California
Contra Costa,2021-02-14,2108,228195,868,126697,1240,101498,0,0,1226,119744,880,54188,1226,173932,California
Contra Costa,2021-02-15,4495,232690,2482,129179,2013,103511,0,0,2350,119957,2138,56326,2351,176283,California
Contra Costa,2021-02-16,10472,243162,4939,134118,5533,109044,0,0,4666,118829,5798,62124,4670,180953,California
Contra Costa,2021-02-17,12372,255534,6199,140317,6173,115217,0,0,5671,117815,6686,68810,5672,186625,California
Contra Costa,2021-02-18,11555,267089,6008,146325,5547,120764,0,0,5351,116975,6193,75003,5353,191978,California
Contra Costa,2021-02-19,11547,278636,7201,153526,4346,125110,0,0,5233,115910,6300,81303,5235,197213,California
Contra Costa,2021-02-20,6571,285207,2973,156499,3598,128708,0,0,4637,118631,1918,83221,4639,201852,California
Contra Costa,2021-02-21,2338,287545,1756,158255,582,129290,0,0,1579,119452,758,83979,1579,203431,California
Contra Costa,2021-02-22,7775,295320,5258,163513,2517,131807,0,0,3579,118852,4182,88161,3582,207013,California
Contra Costa,2021-02-23,12277,307597,7555,171068,4722,136529,0,0,6184,118964,6079,94240,6191,213204,California
Contra Costa,2021-02-24,10814,318411,7951,179019,2863,139392,0,0,5253,118675,5544,99784,5255,218459,California
Contra Costa,2021-02-25,11968,330379,7596,186615,4372,143764,0,0,5558,117849,6389,106173,5563,224022,California
Contra Costa,2021-02-26,11182,341561,7063,193678,4119,147883,0,0,5543,117769,5624,111797,5544,229566,California
Contra Costa,2021-02-27,6980,348541,4508,198186,2472,150355,0,0,4375,119549,2597,114394,4377,233943,California
Contra Costa,2021-02-28,4363,352904,3620,201806,742,151097,1,1,3682,122555,678,115072,3684,237627,California
Contra Costa,2021-03-01,8700,361604,6599,208405,2096,153193,5,6,5367,124612,3317,118389,5374,243001,California
Contra Costa,2021-03-02,10720,372324,6868,215273,3851,157044,1,7,5748,125406,4956,123345,5750,248751,California
Contra Costa,2021-03-03,11408,383732,7173,222446,4234,161278,1,8,6427,126868,4967,128312,6429,255180,California
Contra Costa,2021-03-04,12094,395826,7230,229676,4863,166141,1,9,6287,127369,5788,134100,6289,261469,California
Contra Costa,2021-03-05,11592,407418,6962,236638,4623,170764,7,16,6670,129142,4904,139004,6677,268146,California
Contra Costa,2021-03-06,7556,414974,4229,240867,3016,173780,311,327,4938,131783,2606,141610,5247,273393,California
Contra Costa,2021-03-07,3861,418835,2469,243336,1330,175110,62,389,3178,134342,681,142291,3240,276633,California
Contra Costa,2021-03-08,8319,427154,3946,247282,4064,179174,309,698,5591,137530,2716,145007,5904,282537,California
Contra Costa,2021-03-09,11231,438385,5963,253245,4971,184145,297,995,5888,138384,5333,150340,6187,288724,California
Contra Costa,2021-03-10,12544,450929,6288,259533,4748,188893,1508,2503,5721,138793,6811,157151,7220,295944,California
Contra Costa,2021-03-11,12626,463555,6638,266171,5423,194316,565,3068,6450,139656,6152,163303,7015,302959,California
Contra Costa,2021-03-12,12738,476293,5248,271419,6924,201240,566,3634,6353,140203,6368,169671,6915,309874,California
Contra Costa,2021-03-13,7934,484227,3189,274608,4314,205554,431,4065,3128,138969,4787,174458,3553,313427,California
Contra Costa,2021-03-14,4478,488705,2646,277254,1340,206894,492,4557,1712,138413,2758,177216,2202,315629,California
Contra Costa,2021-03-15,9542,498247,5181,282435,3595,210489,766,5323,4714,139081,4810,182026,5478,321107,California
Contra Costa,2021-03-16,14464,512711,8623,291058,5432,215921,409,5732,7146,139340,7295,189321,7554,328661,California
Contra Costa,2021-03-17,15196,527907,10509,301567,4468,220389,219,5951,8500,141392,6673,195994,8725,337386,California
Contra Costa,2021-03-18,15552,543459,8687,310254,6383,226772,482,6433,8591,143537,6926,202920,9071,346457,California
Contra Costa,2021-03-19,15767,559226,9115,319369,5237,232009,1415,7848,8169,145543,7580,210500,9586,356043,California
Contra Costa,2021-03-20,10827,570053,6500,325869,4011,236020,316,8164,5112,145276,5694,216194,5427,361470,California
Contra Costa,2021-03-21,4619,574672,4034,329903,487,236507,98,8262,1805,144374,2804,218998,1902,363372,California
Contra Costa,2021-03-22,11746,586418,8869,338772,2622,239129,255,8517,6825,146547,4904,223902,7077,370449,California
Contra Costa,2021-03-23,15782,602200,10890,349662,4721,243850,171,8688,9074,149114,6679,230581,9246,379695,California
Contra Costa,2021-03-24,15151,617351,11827,361489,3110,246960,214,8902,9161,152534,5957,236538,9377,389072,California
Contra Costa,2021-03-25,15484,632835,12086,373575,3107,250067,291,9193,9459,156292,5988,242526,9746,398818,California
Contra Costa,2021-03-26,15179,648014,10903,384478,3871,253938,405,9598,8705,158950,6447,248973,9105,407923,California
Contra Costa,2021-03-27,10640,658654,6922,391400,3203,257141,515,10113,5660,160148,4970,253943,6168,414091,California
Contra Costa,2021-03-28,4275,662929,3046,394446,1175,258316,54,10167,1632,159202,2632,256575,1686,415777,California
Contra Costa,2021-03-29,10997,673926,8583,403029,2296,260612,118,10285,6982,162309,3996,260571,7103,422880,California
Contra Costa,2021-03-30,16935,690861,9270,412299,6305,266917,1360,11645,10452,167653,6463,267034,11807,434687,California
Contra Costa,2021-03-31,18188,709049,12757,425056,3984,270901,1447,13092,11464,173879,6679,273713,12905,447592,California
Contra Costa,2021-04-01,17738,726787,12412,437468,3931,274832,1395,14487,11503,180570,6204,279917,12895,460487,California
Contra Costa,2021-04-02,17631,744418,12982,450450,3615,278447,1034,15521,11674,187330,5945,285862,12705,473192,California
Contra Costa,2021-04-03,10958,755376,6540,456990,2857,281304,1561,17082,6259,190461,4684,290546,7815,481007,California
Contra Costa,2021-04-04,3373,758749,1329,458319,1446,282750,598,17680,852,189396,2513,293059,1448,482455,California
Contra Costa,2021-04-05,12202,770951,7956,466275,3264,286014,982,18662,6626,191442,5562,298621,7608,490063,California
Contra Costa,2021-04-06,17430,788381,12079,478354,3056,289070,2295,20957,9763,195851,7646,306267,12055,502118,California
Contra Costa,2021-04-07,18676,807057,12652,491006,3197,292267,2827,23784,10583,201223,8071,314338,13443,515561,California
Contra Costa,2021-04-08,18826,825883,12547,503553,3346,295613,2933,26717,10085,205516,8714,323052,13007,528568,California
Contra Costa,2021-04-09,18967,844850,12098,515651,4364,299977,2505,29222,10148,209370,8790,331842,12644,541212,California
Contra Costa,2021-04-10,10616,855466,3829,519480,2193,302170,4594,33816,3296,209944,7303,339145,7877,549089,California
Contra Costa,2021-04-11,3384,858850,2019,521499,700,302870,665,34481,1133,209496,2245,341390,1797,550886,California
Contra Costa,2021-04-12,12048,870898,7950,529449,3024,305894,1074,35555,5659,209864,6371,347761,6739,557625,California
Contra Costa,2021-04-13,17895,888793,10988,540437,6900,312794,7,35562,11915,215836,5955,353716,11927,569552,California
Contra Costa,2021-04-14,17657,906450,11098,551535,6558,319352,1,35563,9741,217691,7890,361606,9745,579297,California
Contra Costa,2021-04-15,17583,924033,10805,562340,6777,326129,1,35564,8127,216410,9428,371034,8147,587444,California
Contra Costa,2021-04-16,16920,940953,10555,572895,6364,332493,1,35565,7583,214687,9314,380348,7591,595035,California
Contra Costa,2021-04-17,11480,952433,6319,579214,5161,337654,0,35565,6141,215512,5323,385671,6148,601183,California
Contra Costa,2021-04-18,2773,955206,2134,581348,639,338293,0,35565,1789,216326,975,386646,1789,602972,California
Contra Costa,2021-04-19,11436,966642,8541,589889,2895,341188,0,35565,3579,212078,7830,394476,3582,606554,California
Contra Costa,2021-04-20,16731,983373,10874,600763,5857,347045,0,35565,6250,207883,10450,404926,6255,612809,California
Contra Costa,2021-04-21,17416,1000789,14210,614973,3205,350250,1,35566,6175,202865,11201,416127,6183,618992,California
Contra Costa,2021-04-22,17250,1018039,13970,628943,3278,353528,2,35568,6078,197815,11139,427266,6089,625081,California
Contra Costa,2021-04-23,17085,1035124,13578,642521,3507,357035,0,35568,5506,191786,11543,438809,5514,630595,California
Contra Costa,2021-04-24,11010,1046134,8485,651006,2524,359559,1,35569,4215,189231,6774,445583,4219,634814,California
Contra Costa,2021-04-25,3291,1049425,2213,653219,1076,360635,2,35571,2079,190104,1211,446794,2084,636898,California
Contra Costa,2021-04-26,9944,1059369,8313,661532,1607,362242,24,35595,2950,186114,6976,453770,2986,639884,California
Contra Costa,2021-04-27,14638,1074007,10689,672221,3781,366023,168,35763,3969,179617,10645,464415,4148,644032,California
Contra Costa,2021-04-28,14284,1088291,11124,683345,2873,368896,287,36050,3821,173304,10428,474843,4115,648147,California
Contra Costa,2021-04-29,13484,1101775,10438,693783,2876,371772,170,36220,3218,166458,10239,485082,3393,651540,California
Contra Costa,2021-04-30,13766,1115541,10851,704634,2658,374430,257,36477,3110,159202,10627,495709,3371,654911,California
Contra Costa,2021-05-01,8063,1123604,5867,710501,1873,376303,323,36800,1919,155324,6120,501829,2242,657153,California
Contra Costa,2021-05-02,2347,1125951,1590,712091,675,376978,82,36882,987,155043,1350,503179,1069,658222,California
Contra Costa,2021-05-03,9139,1135090,8035,720126,927,377905,177,37059,1923,149944,7202,510381,2103,660325,California
Contra Costa,2021-05-04,14124,1149214,12190,732316,1605,379510,329,37388,2282,140738,11817,522198,2611,662936,California
Contra Costa,2021-05-05,12552,1161766,10826,743142,1526,381036,200,37588,2407,133229,10117,532315,2608,665544,California
Contra Costa,2021-05-06,10323,1172089,8573,751715,1414,382450,336,37924,1939,127153,8360,540675,2284,667828,California
Contra Costa,2021-05-07,9658,1181747,7759,759474,1673,384123,226,38150,2212,122174,7413,548088,2434,670262,California
Contra Costa,2021-05-08,5315,1187062,3999,763473,1147,385270,169,38319,1248,119544,4051,552139,1421,671683,California
Contra Costa,2021-05-09,2111,1189173,1778,765251,272,385542,61,38380,454,118407,1653,553792,516,672199,California
Contra Costa,2021-05-10,4934,1194107,3946,769197,770,386312,218,38598,1337,116386,3575,557367,1554,673753,California
Contra Costa,2021-05-11,8719,1202826,4536,773733,3954,390266,229,38827,1706,111334,6993,564360,1941,675694,California
Contra Costa,2021-05-12,9029,1211855,4582,778315,4201,394467,246,39073,1543,105669,7459,571819,1794,677488,California
Contra Costa,2021-05-13,11343,1223198,7499,785814,3660,398127,184,39257,3951,102441,7364,579183,4136,681624,California
Contra Costa,2021-05-14,12139,1235337,8083,793897,3779,401906,277,39534,5009,100622,7105,586288,5286,686910,California
Contra Costa,2021-05-15,9981,1245318,7235,801132,2627,404533,119,39653,4387,99550,5580,591868,4508,691418,California
Contra Costa,2021-05-16,2435,1247753,2129,803261,260,404793,46,39699,1090,99346,1339,593207,1135,692553,California
Contra Costa,2021-05-17,7033,1254786,5674,808935,1188,405981,171,39870,3568,99640,3446,596653,3740,696293,California
Contra Costa,2021-05-18,10214,1265000,6978,815913,3018,408999,218,40088,4451,98579,5734,602387,4673,700966,California
Contra Costa,2021-05-19,8448,1273448,6834,822747,1421,410420,193,40281,3835,98017,4594,606981,4032,704998,California
Contra Costa,2021-05-20,6582,1280030,5212,827959,1197,411617,173,40454,3042,97714,3520,610501,3217,708215,California
Contra Costa,2021-05-21,6493,1286523,4972,832931,1323,412940,198,40652,2953,97345,3518,614019,3149,711364,California
Contra Costa,2021-05-22,4570,1291093,3608,836539,794,413734,168,40820,2185,97332,2367,616386,2354,713718,California
Contra Costa,2021-05-23,910,1292003,595,837134,271,414005,44,40864,432,97334,473,616859,475,714193,California
Contra Costa,2021-05-24,4637,1296640,3838,840972,622,414627,177,41041,2188,97262,2439,619298,2367,716560,California
Contra Costa,2021-05-25,6251,1302891,5086,846058,915,415542,250,41291,2649,96576,3585,622883,2899,719459,California
Contra Costa,2021-05-26,5580,1308471,3580,849638,1814,417356,186,41477,1919,95041,3640,626523,2105,721564,California
Contra Costa,2021-05-27,3794,1312265,2684,852322,933,418289,177,41654,1627,94687,2153,628676,1799,723363,California
Contra Costa,2021-05-28,5342,1317607,3732,856054,1437,419726,173,41827,2237,94011,3084,631760,2408,725771,California
Contra Costa,2021-05-29,3236,1320843,2086,858140,1033,420759,117,41944,1614,94132,1610,633370,1731,727502,California
Contra Costa,2021-05-30,922,1321765,581,858721,313,421072,28,41972,361,93962,559,633929,389,727891,California
Contra Costa,2021-05-31,388,1322153,267,858988,110,421182,11,41983,129,93843,259,634188,140,728031,California
Contra Costa,2021-06-01,4783,1326936,3561,862549,1078,422260,144,42127,1730,92679,3038,637226,1874,729905,California
Contra Costa,2021-06-02,3411,1330347,2411,864960,854,423114,146,42273,1453,92329,1948,639174,1598,731503,California
Contra Costa,2021-06-03,5394,1335741,4498,869458,781,423895,115,42388,1600,90258,3786,642960,1715,733218,California
Contra Costa,2021-06-04,6314,1342055,5284,874742,892,424787,138,42526,1599,87301,4691,647651,1734,734952,California
Contra Costa,2021-06-05,5083,1347138,4301,879043,673,425460,109,42635,1072,84477,4004,651655,1180,736132,California
Contra Costa,2021-06-06,365,1347503,306,879349,39,425499,20,42655,75,84283,289,651944,95,736227,California
Del Norte,2020-12-21,23,23,23,23,0,0,0,0,23,23,0,0,23,23,California
Del Norte,2020-12-22,46,69,46,69,0,0,0,0,46,69,0,0,46,69,California
Del Norte,2020-12-23,59,128,48,117,11,11,0,0,57,126,0,0,57,126,California
Del Norte,2020-12-28,34,162,34,151,0,11,0,0,34,160,0,0,34,160,California
Del Norte,2020-12-29,4,166,4,155,0,11,0,0,4,164,0,0,4,164,California
Del Norte,2020-12-30,68,234,56,211,12,23,0,0,68,232,0,0,68,232,California
Del Norte,2020-12-31,16,250,13,224,3,26,0,0,16,248,0,0,16,248,California
Del Norte,2021-01-04,102,352,49,273,53,79,0,0,102,350,0,0,102,350,California
Del Norte,2021-01-05,32,384,0,273,32,111,0,0,31,381,1,1,32,382,California
Del Norte,2021-01-06,77,461,18,291,59,170,0,0,77,458,0,1,77,459,California
Del Norte,2021-01-07,21,482,1,292,20,190,0,0,21,479,0,1,21,480,California
Del Norte,2021-01-08,78,560,7,299,71,261,0,0,78,557,0,1,78,558,California
Del Norte,2021-01-11,40,600,21,320,19,280,0,0,18,554,22,23,19,577,California
Del Norte,2021-01-12,51,651,32,352,19,299,0,0,30,563,21,44,30,607,California
Del Norte,2021-01-13,84,735,40,392,44,343,0,0,51,581,33,77,51,658,California
Del Norte,2021-01-14,53,788,14,406,39,382,0,0,47,622,6,83,47,705,California
Del Norte,2021-01-15,107,895,18,424,89,471,0,0,95,705,12,95,95,800,California
Del Norte,2021-01-17,1,896,1,425,0,471,0,0,1,706,0,95,1,801,California
Del Norte,2021-01-18,2,898,0,425,2,473,0,0,2,708,0,95,2,803,California
Del Norte,2021-01-19,119,1017,56,481,63,536,0,0,77,743,42,137,77,880,California
Del Norte,2021-01-20,160,1177,84,565,76,612,0,0,96,776,63,200,96,976,California
Del Norte,2021-01-21,43,1220,40,605,3,615,0,0,32,797,11,211,32,1008,California
Del Norte,2021-01-22,20,1240,17,622,3,618,0,0,13,803,7,218,13,1021,California
Del Norte,2021-01-23,1,1241,0,622,1,619,0,0,1,804,0,218,1,1022,California
Del Norte,2021-01-24,1,1242,0,622,1,620,0,0,1,805,0,218,1,1023,California
Del Norte,2021-01-25,100,1342,82,704,18,638,0,0,56,817,44,262,56,1079,California
Del Norte,2021-01-26,18,1360,11,715,7,645,0,0,7,813,11,273,7,1086,California
Del Norte,2021-01-27,64,1424,21,736,43,688,0,0,61,871,3,276,61,1147,California
Del Norte,2021-01-28,292,1716,20,756,272,960,0,0,287,1153,5,281,287,1434,California
Del Norte,2021-01-29,61,1777,21,777,40,1000,0,0,43,1178,18,299,43,1477,California
Del Norte,2021-01-30,8,1785,1,778,7,1007,0,0,8,1186,0,299,8,1485,California
Del Norte,2021-02-01,41,1826,1,779,40,1047,0,0,26,1197,15,314,26,1511,California
Del Norte,2021-02-02,140,1966,34,813,106,1153,0,0,73,1204,66,380,73,1584,California
Del Norte,2021-02-03,128,2094,42,855,86,1239,0,0,73,1222,55,435,73,1657,California
Del Norte,2021-02-04,69,2163,27,882,42,1281,0,0,40,1233,29,464,40,1697,California
Del Norte,2021-02-05,184,2347,22,904,162,1443,0,0,118,1286,65,529,118,1815,California
Del Norte,2021-02-06,310,2657,4,908,306,1749,0,0,310,1596,0,529,310,2125,California
Del Norte,2021-02-07,1,2658,0,908,1,1750,0,0,1,1597,0,529,1,2126,California
Del Norte,2021-02-08,36,2694,1,909,35,1785,0,0,32,1625,4,533,32,2158,California
Del Norte,2021-02-09,8,2702,5,914,3,1788,0,0,2,1621,6,539,2,2160,California
Del Norte,2021-02-10,141,2843,20,934,121,1909,0,0,85,1651,55,594,85,2245,California
Del Norte,2021-02-11,176,3019,58,992,118,2027,0,0,63,1601,113,707,63,2308,California
Del Norte,2021-02-12,121,3140,14,1006,107,2134,0,0,67,1614,54,761,67,2375,California
Del Norte,2021-02-13,2,3142,1,1007,1,2135,0,0,2,1616,0,761,2,2377,California
Del Norte,2021-02-14,3,3145,1,1008,2,2137,0,0,2,1617,1,762,2,2379,California
Del Norte,2021-02-15,5,3150,0,1008,5,2142,0,0,3,1618,2,764,3,2382,California
Del Norte,2021-02-16,132,3282,1,1009,131,2273,0,0,13,1512,119,883,13,2395,California
Del Norte,2021-02-17,92,3374,20,1029,72,2345,0,0,25,1470,67,950,25,2420,California
Del Norte,2021-02-18,77,3451,24,1053,53,2398,0,0,51,1495,26,976,51,2471,California
Del Norte,2021-02-19,43,3494,17,1070,26,2424,0,0,33,1518,10,986,33,2504,California
Del Norte,2021-02-20,8,3502,5,1075,3,2427,0,0,6,1522,2,988,6,2510,California
Del Norte,2021-02-22,2,3504,0,1075,2,2429,0,0,2,1524,0,988,2,2512,California
Del Norte,2021-02-23,105,3609,88,1163,17,2446,0,0,29,1478,76,1064,30,2542,California
Del Norte,2021-02-24,154,3763,100,1263,54,2500,0,0,79,1482,75,1139,79,2621,California
Del Norte,2021-02-25,477,4240,131,1394,346,2846,0,0,213,1433,262,1401,213,2834,California
Del Norte,2021-02-26,213,4453,176,1570,37,2883,0,0,167,1554,46,1447,167,3001,California
Del Norte,2021-02-27,149,4602,143,1713,5,2888,1,1,141,1688,8,1455,142,3143,California
Del Norte,2021-02-28,3,4605,0,1713,3,2891,0,1,3,1691,0,1455,3,3146,California
Del Norte,2021-03-01,29,4634,2,1715,27,2918,0,1,4,1671,24,1479,4,3150,California
Del Norte,2021-03-02,222,4856,142,1857,80,2998,0,1,188,1825,34,1513,188,3338,California
Del Norte,2021-03-03,167,5023,99,1956,68,3066,0,1,126,1910,41,1554,126,3464,California
Del Norte,2021-03-04,119,5142,82,2038,37,3103,0,1,91,1974,27,1581,91,3555,California
Del Norte,2021-03-05,122,5264,11,2049,111,3214,0,1,74,2000,48,1629,74,3629,California
Del Norte,2021-03-06,464,5728,77,2126,338,3552,49,50,163,1869,301,1930,170,3799,California
Del Norte,2021-03-07,2,5730,1,2127,1,3553,0,50,1,1869,1,1931,1,3800,California
Del Norte,2021-03-08,28,5758,0,2127,26,3579,2,52,4,1852,23,1954,6,3806,California
Del Norte,2021-03-09,194,5952,113,2240,78,3657,3,55,183,2027,11,1965,186,3992,California
Del Norte,2021-03-10,233,6185,96,2336,109,3766,28,83,134,2090,99,2064,162,4154,California
Del Norte,2021-03-11,151,6336,56,2392,90,3856,5,88,103,2150,48,2112,108,4262,California
Del Norte,2021-03-12,178,6514,89,2481,89,3945,0,88,125,2222,53,2165,125,4387,California
Del Norte,2021-03-13,94,6608,93,2574,1,3946,0,88,91,2310,3,2168,91,4478,California
Del Norte,2021-03-14,1,6609,0,2574,1,3947,0,88,1,2310,1,2169,1,4479,California
Del Norte,2021-03-15,38,6647,0,2574,38,3985,0,88,34,2340,4,2173,34,4513,California
Del Norte,2021-03-16,280,6927,134,2708,146,4131,0,88,260,2580,20,2193,260,4773,California
Del Norte,2021-03-17,284,7211,95,2803,187,4318,2,90,170,2638,114,2307,172,4945,California
Del Norte,2021-03-18,285,7496,107,2910,175,4493,3,93,149,2655,135,2442,152,5097,California
Del Norte,2021-03-19,267,7763,159,3069,102,4595,6,99,91,2576,176,2618,97,5194,California
Del Norte,2021-03-20,157,7920,154,3223,3,4598,0,99,15,2449,142,2760,15,5209,California
Del Norte,2021-03-21,4,7924,2,3225,2,4600,0,99,2,2449,2,2762,2,5211,California
Del Norte,2021-03-22,43,7967,3,3228,39,4639,1,100,39,2486,3,2765,40,5251,California
Del Norte,2021-03-23,333,8300,164,3392,151,4790,18,118,163,2498,168,2933,180,5431,California
Del Norte,2021-03-24,395,8695,106,3498,249,5039,40,158,234,2611,161,3094,274,5705,California
Del Norte,2021-03-25,192,8887,88,3586,104,5143,0,158,84,2588,107,3201,84,5789,California
Del Norte,2021-03-26,232,9119,113,3699,119,5262,0,158,195,2746,37,3238,195,5984,California
Del Norte,2021-03-27,107,9226,86,3785,4,5266,17,175,17,2690,90,3328,34,6018,California
Del Norte,2021-03-28,4,9230,2,3787,2,5268,0,175,1,2688,3,3331,1,6019,California
Del Norte,2021-03-29,57,9287,6,3793,34,5302,17,192,32,2712,25,3356,49,6068,California
Del Norte,2021-03-30,338,9625,119,3912,208,5510,11,203,126,2637,212,3568,137,6205,California
Del Norte,2021-03-31,355,9980,100,4012,238,5748,17,220,199,2699,154,3722,216,6421,California
Del Norte,2021-04-01,164,10144,58,4070,72,5820,34,254,69,2708,94,3816,103,6524,California
Del Norte,2021-04-02,233,10377,79,4149,105,5925,49,303,49,2623,184,4000,99,6623,California
Del Norte,2021-04-03,108,10485,83,4232,2,5927,23,326,5,2549,102,4102,28,6651,California
Del Norte,2021-04-04,4,10489,0,4232,0,5927,4,330,0,2549,4,4106,4,6655,California
Del Norte,2021-04-05,46,10535,5,4237,37,5964,4,334,40,2587,6,4112,44,6699,California
Del Norte,2021-04-06,379,10914,120,4357,222,6186,37,371,146,2542,229,4341,184,6883,California
Del Norte,2021-04-07,438,11352,115,4472,261,6447,62,433,290,2747,148,4489,353,7236,California
Del Norte,2021-04-08,228,11580,54,4526,106,6553,68,501,105,2797,123,4612,173,7409,California
Del Norte,2021-04-09,206,11786,46,4572,83,6636,77,578,99,2865,106,4718,174,7583,California
Del Norte,2021-04-10,47,11833,26,4598,4,6640,17,595,27,2889,20,4738,44,7627,California
Del Norte,2021-04-11,11,11844,3,4601,1,6641,7,602,1,2887,10,4748,8,7635,California
Del Norte,2021-04-12,27,11871,1,4602,9,6650,17,619,1,2880,25,4773,18,7653,California
Del Norte,2021-04-13,298,12169,50,4652,248,6898,0,619,155,2892,143,4916,155,7808,California
Del Norte,2021-04-14,329,12498,23,4675,306,7204,0,619,138,2844,191,5107,143,7951,California
Del Norte,2021-04-15,164,12662,31,4706,133,7337,0,619,45,2771,119,5226,46,7997,California
Del Norte,2021-04-16,162,12824,40,4746,122,7459,0,619,60,2730,102,5328,61,8058,California
Del Norte,2021-04-17,103,12927,72,4818,31,7490,0,619,98,2823,5,5333,98,8156,California
Del Norte,2021-04-18,5,12932,4,4822,1,7491,0,619,4,2826,1,5334,4,8160,California
Del Norte,2021-04-19,50,12982,6,4828,44,7535,0,619,8,2792,42,5376,8,8168,California
Del Norte,2021-04-20,206,13188,40,4868,166,7701,0,619,72,2730,134,5510,72,8240,California
Del Norte,2021-04-21,289,13477,24,4892,265,7966,0,619,65,2574,224,5734,68,8308,California
Del Norte,2021-04-22,114,13591,15,4907,99,8065,0,619,62,2584,52,5786,62,8370,California
Del Norte,2021-04-23,150,13741,22,4929,128,8193,0,619,39,2512,111,5897,39,8409,California
Del Norte,2021-04-24,25,13766,14,4943,11,8204,0,619,20,2527,5,5902,20,8429,California
Del Norte,2021-04-25,2,13768,0,4943,2,8206,0,619,2,2529,0,5902,2,8431,California
Del Norte,2021-04-26,31,13799,0,4943,31,8237,0,619,9,2516,22,5924,9,8440,California
Del Norte,2021-04-27,179,13978,19,4962,155,8392,5,624,49,2440,130,6054,54,8494,California
Del Norte,2021-04-28,351,14329,100,5062,246,8638,5,629,63,2222,287,6341,69,8563,California
Del Norte,2021-04-29,93,14422,6,5068,83,8721,4,633,26,2185,67,6408,30,8593,California
Del Norte,2021-04-30,84,14506,6,5074,68,8789,10,643,45,2201,39,6447,55,8648,California
Del Norte,2021-05-01,8,14514,3,5077,5,8794,0,643,6,2205,2,6449,6,8654,California
Del Norte,2021-05-02,8,14522,0,5077,8,8802,0,643,8,2213,0,6449,8,8662,California
Del Norte,2021-05-03,40,14562,3,5080,34,8836,3,646,2,2181,37,6486,5,8667,California
Del Norte,2021-05-04,222,14784,36,5116,181,9017,5,651,47,2058,175,6661,52,8719,California
Del Norte,2021-05-05,232,15016,19,5135,205,9222,8,659,57,1948,175,6836,65,8784,California
Del Norte,2021-05-06,112,15128,26,5161,73,9295,13,672,26,1901,86,6922,39,8823,California
Del Norte,2021-05-07,151,15279,28,5189,119,9414,4,676,31,1816,120,7042,35,8858,California
Del Norte,2021-05-08,64,15343,55,5244,7,9421,2,678,6,1766,58,7100,8,8866,California
Del Norte,2021-05-09,8,15351,3,5247,2,9423,3,681,2,1765,6,7106,5,8871,California
Del Norte,2021-05-10,25,15376,3,5250,18,9441,4,685,15,1774,10,7116,19,8890,California
Del Norte,2021-05-11,171,15547,49,5299,120,9561,2,687,34,1673,137,7253,36,8926,California
Del Norte,2021-05-12,149,15696,24,5323,115,9676,10,697,27,1589,121,7374,37,8963,California
Del Norte,2021-05-13,60,15756,29,5352,30,9706,1,698,32,1594,28,7402,33,8996,California
Del Norte,2021-05-14,76,15832,26,5378,49,9755,1,699,41,1601,35,7437,42,9038,California
Del Norte,2021-05-15,81,15913,53,5431,28,9783,0,699,53,1626,28,7465,53,9091,California
Del Norte,2021-05-16,11,15924,0,5431,11,9794,0,699,11,1637,0,7465,11,9102,California
Del Norte,2021-05-17,26,15950,3,5434,20,9814,3,702,15,1644,11,7476,18,9120,California
Del Norte,2021-05-18,125,16075,68,5502,57,9871,0,702,80,1679,45,7521,80,9200,California
Del Norte,2021-05-19,97,16172,14,5516,66,9937,17,719,39,1676,58,7579,55,9255,California
Del Norte,2021-05-20,96,16268,30,5546,63,10000,3,722,37,1658,58,7637,40,9295,California
Del Norte,2021-05-21,77,16345,32,5578,42,10042,3,725,40,1664,37,7674,43,9338,California
Del Norte,2021-05-22,22,16367,8,5586,14,10056,0,725,10,1662,12,7686,10,9348,California
Del Norte,2021-05-23,13,16380,5,5591,8,10064,0,725,6,1661,7,7693,6,9354,California
Del Norte,2021-05-24,26,16406,10,5601,16,10080,0,725,17,1669,9,7702,17,9371,California
Del Norte,2021-05-25,43,16449,5,5606,32,10112,6,731,14,1662,27,7729,20,9391,California
Del Norte,2021-05-26,114,16563,35,5641,72,10184,7,738,52,1660,61,7790,59,9450,California
Del Norte,2021-05-27,67,16630,24,5665,39,10223,4,742,31,1659,36,7826,35,9485,California
Del Norte,2021-05-28,47,16677,6,5671,36,10259,5,747,7,1631,40,7866,12,9497,California
Del Norte,2021-05-29,8,16685,0,5671,4,10263,4,751,3,1633,5,7871,7,9504,California
Del Norte,2021-05-30,6,16691,0,5671,6,10269,0,751,1,1629,5,7876,1,9505,California
Del Norte,2021-05-31,4,16695,2,5673,2,10271,0,751,3,1631,1,7877,3,9508,California
Del Norte,2021-06-01,52,16747,6,5679,39,10310,7,758,11,1608,41,7918,18,9526,California
Del Norte,2021-06-02,82,16829,11,5690,68,10378,3,761,19,1567,63,7981,22,9548,California
Del Norte,2021-06-03,57,16886,33,5723,22,10400,2,763,24,1560,33,8014,26,9574,California
Del Norte,2021-06-04,64,16950,22,5745,38,10438,4,767,17,1534,47,8061,21,9595,California
Del Norte,2021-06-05,3,16953,0,5745,1,10439,2,769,0,1533,3,8064,2,9597,California
Del Norte,2021-06-06,7,16960,4,5749,2,10441,1,770,5,1537,2,8066,6,9603,California
El Dorado,2020-12-15,12,12,12,12,0,0,0,0,12,12,0,0,12,12,California
El Dorado,2020-12-16,40,52,40,52,0,0,0,0,40,52,0,0,40,52,California
El Dorado,2020-12-17,32,84,32,84,0,0,0,0,32,84,0,0,32,84,California
El Dorado,2020-12-18,262,346,262,346,0,0,0,0,262,346,0,0,262,346,California
El Dorado,2020-12-19,119,465,119,465,0,0,0,0,119,465,0,0,119,465,California
El Dorado,2020-12-20,87,552,87,552,0,0,0,0,87,552,0,0,87,552,California
El Dorado,2020-12-21,310,862,309,861,1,1,0,0,310,862,0,0,310,862,California
El Dorado,2020-12-22,242,1104,218,1079,24,25,0,0,242,1104,0,0,242,1104,California
El Dorado,2020-12-23,191,1295,141,1220,50,75,0,0,191,1295,0,0,191,1295,California
El Dorado,2020-12-24,86,1381,65,1285,21,96,0,0,86,1381,0,0,86,1381,California
El Dorado,2020-12-25,8,1389,8,1293,0,96,0,0,8,1389,0,0,8,1389,California
El Dorado,2020-12-26,45,1434,27,1320,18,114,0,0,45,1434,0,0,45,1434,California
El Dorado,2020-12-27,38,1472,34,1354,4,118,0,0,38,1472,0,0,38,1472,California
El Dorado,2020-12-28,215,1687,167,1521,48,166,0,0,215,1687,0,0,215,1687,California
El Dorado,2020-12-29,461,2148,144,1665,317,483,0,0,461,2148,0,0,461,2148,California
El Dorado,2020-12-30,509,2657,139,1804,370,853,0,0,509,2657,0,0,509,2657,California
El Dorado,2020-12-31,113,2770,71,1875,42,895,0,0,113,2770,0,0,113,2770,California
El Dorado,2021-01-01,6,2776,4,1879,2,897,0,0,6,2776,0,0,6,2776,California
El Dorado,2021-01-02,152,2928,140,2019,12,909,0,0,152,2928,0,0,152,2928,California
El Dorado,2021-01-03,93,3021,17,2036,76,985,0,0,93,3021,0,0,93,3021,California
El Dorado,2021-01-04,191,3212,63,2099,128,1113,0,0,189,3208,2,2,189,3210,California
El Dorado,2021-01-05,227,3439,73,2172,154,1267,0,0,210,3401,17,19,210,3420,California
El Dorado,2021-01-06,240,3679,167,2339,73,1340,0,0,175,3511,65,84,175,3595,California
El Dorado,2021-01-07,334,4013,137,2476,197,1537,0,0,257,3691,77,161,257,3852,California
El Dorado,2021-01-08,986,4999,509,2985,477,2014,0,0,765,4236,221,382,766,4618,California
El Dorado,2021-01-09,196,5195,159,3144,37,2051,0,0,125,4290,71,453,125,4743,California
El Dorado,2021-01-10,182,5377,131,3275,51,2102,0,0,109,4327,73,526,110,4853,California
El Dorado,2021-01-11,659,6036,292,3567,367,2469,0,0,459,4588,199,725,460,5313,California
El Dorado,2021-01-12,806,6842,424,3991,382,2851,0,0,556,4894,250,975,556,5869,California
El Dorado,2021-01-13,706,7548,299,4290,407,3258,0,0,542,5272,164,1139,542,6411,California
El Dorado,2021-01-14,795,8343,221,4511,574,3832,0,0,700,5877,95,1234,700,7111,California
El Dorado,2021-01-15,794,9137,185,4696,609,4441,0,0,720,6523,74,1308,720,7831,California
El Dorado,2021-01-16,176,9313,104,4800,72,4513,0,0,149,6645,27,1335,149,7980,California
El Dorado,2021-01-17,107,9420,50,4850,57,4570,0,0,89,6716,18,1353,89,8069,California
El Dorado,2021-01-18,427,9847,144,4994,283,4853,0,0,357,7003,70,1423,357,8426,California
El Dorado,2021-01-19,749,10596,447,5441,302,5155,0,0,598,7451,151,1574,599,9025,California
El Dorado,2021-01-20,1013,11609,689,6130,324,5479,0,0,899,8237,113,1687,899,9924,California
El Dorado,2021-01-21,1267,12876,679,6809,588,6067,0,0,1058,9127,168,1855,1058,10982,California
El Dorado,2021-01-22,1229,14105,833,7642,396,6463,0,0,1175,10249,53,1908,1175,12157,California
El Dorado,2021-01-23,729,14834,608,8250,121,6584,0,0,619,10758,110,2018,619,12776,California
El Dorado,2021-01-24,127,14961,77,8327,50,6634,0,0,107,10845,20,2038,107,12883,California
El Dorado,2021-01-25,703,15664,292,8619,411,7045,0,0,617,11376,86,2124,617,13500,California
El Dorado,2021-01-26,686,16350,372,8991,314,7359,0,0,579,11848,107,2231,579,14079,California
El Dorado,2021-01-27,994,17344,392,9383,602,7961,0,0,655,12163,340,2571,655,14734,California
El Dorado,2021-01-28,1106,18450,452,9835,654,8615,0,0,743,12543,363,2934,743,15477,California
El Dorado,2021-01-29,1049,19499,558,10393,491,9106,0,0,756,13008,292,3226,757,16234,California
El Dorado,2021-01-30,544,20043,289,10682,255,9361,0,0,447,13359,96,3322,447,16681,California
El Dorado,2021-01-31,240,20283,217,10899,23,9384,0,0,187,13494,52,3374,187,16868,California
El Dorado,2021-02-01,799,21082,368,11267,431,9815,0,0,652,13999,147,3521,652,17520,California
El Dorado,2021-02-02,845,21927,368,11635,477,10292,0,0,681,14516,164,3685,681,18201,California
El Dorado,2021-02-03,906,22833,477,12112,429,10721,0,0,696,15002,210,3895,696,18897,California
El Dorado,2021-02-04,1249,24082,703,12815,546,11267,0,0,874,15501,375,4270,874,19771,California
El Dorado,2021-02-05,1496,25578,605,13420,891,12158,0,0,869,15780,590,4860,869,20640,California
El Dorado,2021-02-06,638,26216,334,13754,304,12462,0,0,530,16203,108,4968,531,21171,California
El Dorado,2021-02-07,259,26475,178,13932,81,12543,0,0,193,16330,66,5034,193,21364,California
El Dorado,2021-02-08,890,27365,422,14354,468,13011,0,0,613,16666,277,5311,613,21977,California
El Dorado,2021-02-09,968,28333,543,14897,425,13436,0,0,542,16782,426,5737,542,22519,California
El Dorado,2021-02-10,1263,29596,737,15634,526,13962,0,0,664,16848,598,6335,664,23183,California
El Dorado,2021-02-11,2156,31752,893,16527,1263,15225,0,0,757,16210,1396,7731,758,23941,California
El Dorado,2021-02-12,1580,33332,827,17354,753,15978,0,0,676,15984,903,8634,677,24618,California
El Dorado,2021-02-13,974,34306,662,18016,312,16290,0,0,439,15889,534,9168,439,25057,California
El Dorado,2021-02-14,492,34798,155,18171,337,16627,0,0,401,16199,91,9259,401,25458,California
El Dorado,2021-02-15,1181,35979,383,18554,798,17425,0,0,819,16660,362,9621,823,26281,California
El Dorado,2021-02-16,1216,37195,535,19089,681,18106,0,0,677,16800,538,10159,678,26959,California
El Dorado,2021-02-17,957,38152,422,19511,535,18641,0,0,464,16773,493,10652,466,27425,California
El Dorado,2021-02-18,2096,40248,1024,20535,1072,19713,0,0,1063,16804,1032,11684,1063,28488,California
El Dorado,2021-02-19,1226,41474,657,21192,569,20282,0,0,688,16955,537,12221,688,29176,California
El Dorado,2021-02-20,942,42416,449,21641,493,20775,0,0,680,17378,257,12478,680,29856,California
El Dorado,2021-02-21,292,42708,234,21875,58,20833,0,0,105,17296,187,12665,105,29961,California
El Dorado,2021-02-22,884,43592,439,22314,445,21278,0,0,273,16959,610,13275,273,30234,California
El Dorado,2021-02-23,867,44459,488,22802,379,21657,0,0,355,16803,511,13786,355,30589,California
El Dorado,2021-02-24,1037,45496,446,23248,591,22248,0,0,432,16630,605,14391,432,31021,California
El Dorado,2021-02-25,1919,47415,1154,24402,765,23013,0,0,695,16110,1217,15608,697,31718,California
El Dorado,2021-02-26,2408,49823,1504,25906,904,23917,0,0,1620,16945,785,16393,1620,33338,California
El Dorado,2021-02-27,1709,51532,447,26353,1262,25179,0,0,1258,17755,448,16841,1258,34596,California
El Dorado,2021-02-28,655,52187,223,26576,432,25611,0,0,493,18087,162,17003,494,35090,California
El Dorado,2021-03-01,1168,53355,471,27047,695,26306,2,2,643,18208,524,17527,645,35735,California
El Dorado,2021-03-02,929,54284,273,27320,655,26961,1,3,484,18250,443,17970,485,36220,California
El Dorado,2021-03-03,1703,55987,468,27788,1235,28196,0,3,1159,18874,537,18507,1161,37381,California
El Dorado,2021-03-04,2526,58513,1551,29339,975,29171,0,3,1201,18753,1322,19829,1201,38582,California
El Dorado,2021-03-05,1595,60108,433,29772,1157,30328,5,8,1056,19281,533,20362,1061,39643,California
El Dorado,2021-03-06,743,60851,219,29991,491,30819,33,41,394,19360,348,20710,427,40070,California
El Dorado,2021-03-07,409,61260,199,30190,192,31011,18,59,247,19465,160,20870,265,40335,California
El Dorado,2021-03-08,1335,62595,367,30557,895,31906,73,132,864,19933,468,21338,936,41271,California
El Dorado,2021-03-09,993,63588,231,30788,694,32600,68,200,590,20203,388,21726,658,41929,California
El Dorado,2021-03-10,956,64544,348,31136,551,33151,57,257,552,20413,398,22124,608,42537,California
El Dorado,2021-03-11,3028,67572,1837,32973,1004,34155,187,444,1285,20161,1722,23846,1470,44007,California
El Dorado,2021-03-12,1799,69371,623,33596,926,35081,250,694,742,20114,1039,24885,992,44999,California
El Dorado,2021-03-13,1075,70446,350,33946,441,35522,284,978,371,20066,700,25585,652,45651,California
El Dorado,2021-03-14,796,71242,204,34150,482,36004,110,1088,275,19930,521,26106,385,46036,California
El Dorado,2021-03-15,1404,72646,301,34451,976,36980,127,1215,612,19882,788,26894,740,46776,California
El Dorado,2021-03-16,1233,73879,419,34870,670,37650,144,1359,564,19926,664,27558,708,47484,California
El Dorado,2021-03-17,1131,75010,363,35233,670,38320,98,1457,732,20358,398,27956,830,48314,California
El Dorado,2021-03-18,3010,78020,1783,37016,1184,39504,43,1500,1983,21365,1019,28975,2026,50340,California
El Dorado,2021-03-19,1123,79143,360,37376,611,40115,152,1652,625,21643,498,29473,776,51116,California
El Dorado,2021-03-20,953,80096,267,37643,670,40785,16,1668,369,21456,572,30045,385,51501,California
El Dorado,2021-03-21,1030,81126,422,38065,603,41388,5,1673,918,22269,110,30155,923,52424,California
El Dorado,2021-03-22,1508,82634,488,38553,938,42326,82,1755,1186,23220,317,30472,1268,53692,California
El Dorado,2021-03-23,1162,83796,461,39014,605,42931,96,1851,740,23645,411,30883,836,54528,California
El Dorado,2021-03-24,1464,85260,635,39649,636,43567,193,2044,664,23729,773,31656,857,55385,California
El Dorado,2021-03-25,2516,87776,1687,41336,722,44289,107,2151,1374,24075,1136,32792,1482,56867,California
El Dorado,2021-03-26,1825,89601,702,42038,1013,45302,110,2261,925,24234,877,33669,1036,57903,California
El Dorado,2021-03-27,1338,90939,189,42227,1144,46446,5,2266,317,23541,1015,34684,322,58225,California
El Dorado,2021-03-28,640,91579,184,42411,445,46891,11,2277,166,23248,470,35154,177,58402,California
El Dorado,2021-03-29,1323,92902,432,42843,875,47766,16,2293,826,23596,494,35648,842,59244,California
El Dorado,2021-03-30,1366,94268,416,43259,855,48621,95,2388,686,23703,672,36320,779,60023,California
El Dorado,2021-03-31,1565,95833,582,43841,918,49539,65,2453,695,23593,868,37188,758,60781,California
El Dorado,2021-04-01,3241,99074,1767,45608,1391,50930,83,2536,1538,23514,1701,38889,1622,62403,California
El Dorado,2021-04-02,1897,100971,566,46174,1236,52166,95,2631,748,23214,1143,40032,843,63246,California
El Dorado,2021-04-03,749,101720,297,46471,332,52498,120,2751,228,23044,518,40550,348,63594,California
El Dorado,2021-04-04,272,101992,83,46554,142,52640,47,2798,97,23014,174,40724,144,63738,California
El Dorado,2021-04-05,1422,103414,422,46976,906,53546,94,2892,592,22874,825,41549,685,64423,California
El Dorado,2021-04-06,1416,104830,523,47499,674,54220,219,3111,451,22580,961,42510,667,65090,California
El Dorado,2021-04-07,1599,106429,568,48067,582,54802,449,3560,562,22554,1034,43544,1008,66098,California
El Dorado,2021-04-08,2703,109132,1747,49814,720,55522,236,3796,1124,22343,1571,45115,1360,67458,California
El Dorado,2021-04-09,1435,110567,453,50267,762,56284,220,4016,572,22271,860,45975,788,68246,California
El Dorado,2021-04-10,821,111388,224,50491,487,56771,110,4126,474,22510,344,46319,583,68829,California
El Dorado,2021-04-11,707,112095,456,50947,235,57006,16,4142,209,22238,497,46816,225,69054,California
El Dorado,2021-04-12,1294,113389,504,51451,640,57646,150,4292,568,22237,719,47535,718,69772,California
El Dorado,2021-04-13,1125,114514,615,52066,510,58156,0,4292,508,22132,613,48148,508,70280,California
El Dorado,2021-04-14,1094,115608,468,52534,625,58781,1,4293,387,21826,694,48842,388,70668,California
El Dorado,2021-04-15,2492,118100,1679,54213,813,59594,0,4293,951,21240,1538,50380,952,71620,California
El Dorado,2021-04-16,1477,119577,524,54737,953,60547,0,4293,606,20980,867,51247,607,72227,California
El Dorado,2021-04-17,801,120378,203,54940,598,61145,0,4293,496,21174,302,51549,496,72723,California
El Dorado,2021-04-18,991,121369,88,55028,903,62048,0,4293,393,20970,597,52146,393,73116,California
El Dorado,2021-04-19,1718,123087,437,55465,1281,63329,0,4293,691,20640,1021,53167,691,73807,California
El Dorado,2021-04-20,1107,124194,359,55824,748,64077,0,4293,457,20452,646,53813,458,74265,California
El Dorado,2021-04-21,1160,125354,466,56290,690,64767,4,4297,592,20485,560,54373,593,74858,California
El Dorado,2021-04-22,2551,127905,1679,57969,872,65639,0,4297,1067,20070,1482,55855,1067,75925,California
El Dorado,2021-04-23,1408,129313,499,58468,909,66548,0,4297,720,20106,685,56540,721,76646,California
El Dorado,2021-04-24,973,130286,521,58989,452,67000,0,4297,737,20609,234,56774,737,77383,California
El Dorado,2021-04-25,655,130941,450,59439,205,67205,0,4297,469,20892,186,56960,469,77852,California
El Dorado,2021-04-26,1167,132108,468,59907,682,67887,17,4314,548,20839,617,57577,564,78416,California
El Dorado,2021-04-27,1086,133194,397,60304,658,68545,31,4345,487,20765,592,58169,518,78934,California
El Dorado,2021-04-28,1068,134262,355,60659,673,69218,40,4385,434,20606,633,58802,474,79408,California
El Dorado,2021-04-29,1983,136245,1359,62018,592,69810,32,4417,587,19831,1394,60196,619,80027,California
El Dorado,2021-04-30,2125,138370,1337,63355,747,70557,41,4458,1363,20484,750,60946,1403,81430,California
El Dorado,2021-05-01,612,138982,279,63634,306,70863,27,4485,275,20456,330,61276,302,81732,California
El Dorado,2021-05-02,302,139284,216,63850,57,70920,29,4514,100,20385,199,61475,128,81860,California
El Dorado,2021-05-03,821,140105,399,64249,372,71292,50,4564,274,20167,543,62018,325,82185,California
El Dorado,2021-05-04,881,140986,434,64683,388,71680,59,4623,313,19975,564,62582,372,82557,California
El Dorado,2021-05-05,879,141865,436,65119,370,72050,73,4696,417,20005,460,63042,490,83047,California
El Dorado,2021-05-06,1115,142980,485,65604,583,72633,47,4743,472,19883,637,63679,515,83562,California
El Dorado,2021-05-07,981,143961,375,65979,548,73181,58,4801,401,19761,580,64259,458,84020,California
El Dorado,2021-05-08,488,144449,153,66132,298,73479,37,4838,187,19686,299,64558,224,84244,California
El Dorado,2021-05-09,221,144670,82,66214,112,73591,27,4865,103,19699,117,64675,130,84374,California
El Dorado,2021-05-10,828,145498,273,66487,496,74087,59,4924,240,19417,579,65254,297,84671,California
El Dorado,2021-05-11,659,146157,286,66773,320,74407,53,4977,288,19391,368,65622,342,85013,California
El Dorado,2021-05-12,588,146745,309,67082,244,74651,35,5012,239,19317,349,65971,275,85288,California
El Dorado,2021-05-13,1139,147884,732,67814,370,75021,37,5049,392,19004,741,66712,428,85716,California
El Dorado,2021-05-14,1403,149287,810,68624,510,75531,83,5132,676,19041,722,67434,759,86475,California
El Dorado,2021-05-15,899,150186,553,69177,289,75820,57,5189,316,18831,583,68017,373,86848,California
El Dorado,2021-05-16,661,150847,461,69638,174,75994,26,5215,230,18656,431,68448,256,87104,California
El Dorado,2021-05-17,1564,152411,662,70300,853,76847,49,5264,563,18270,997,69445,611,87715,California
El Dorado,2021-05-18,1013,153424,509,70809,450,77297,54,5318,441,18194,571,70016,495,88210,California
El Dorado,2021-05-19,814,154238,330,71139,431,77728,53,5371,318,18074,490,70506,370,88580,California
El Dorado,2021-05-20,1043,155281,606,71745,388,78116,49,5420,407,17896,633,71139,455,89035,California
El Dorado,2021-05-21,2199,157480,1677,73422,498,78614,24,5444,766,17257,1429,72568,790,89825,California
El Dorado,2021-05-22,578,158058,154,73576,408,79022,16,5460,197,17090,380,72948,213,90038,California
El Dorado,2021-05-23,203,158261,94,73670,89,79111,20,5480,70,17049,131,73079,90,90128,California
El Dorado,2021-05-24,882,159143,452,74122,362,79473,68,5548,319,16875,559,73638,385,90513,California
El Dorado,2021-05-25,606,159749,254,74376,316,79789,36,5584,234,16776,369,74007,270,90783,California
El Dorado,2021-05-26,794,160543,388,74764,382,80171,24,5608,280,16567,513,74520,304,91087,California
El Dorado,2021-05-27,623,161166,245,75009,344,80515,34,5642,317,16613,304,74824,350,91437,California
El Dorado,2021-05-28,729,161895,252,75261,413,80928,64,5706,308,16567,418,75242,372,91809,California
El Dorado,2021-05-29,386,162281,107,75368,263,81191,16,5722,169,16535,217,75459,185,91994,California
El Dorado,2021-05-30,171,162452,100,75468,57,81248,14,5736,83,16544,88,75547,97,92091,California
El Dorado,2021-05-31,36,162488,11,75479,14,81262,11,5747,8,16535,28,75575,19,92110,California
El Dorado,2021-06-01,674,163162,288,75767,348,81610,38,5785,234,16370,437,76012,272,92382,California
El Dorado,2021-06-02,621,163783,297,76064,274,81884,50,5835,268,16336,352,76364,318,92700,California
El Dorado,2021-06-03,724,164507,338,76402,345,82229,41,5876,223,16100,501,76865,265,92965,California
El Dorado,2021-06-04,852,165359,500,76902,319,82548,33,5909,175,15633,675,77540,208,93173,California
El Dorado,2021-06-05,354,165713,204,77106,138,82686,12,5921,74,15441,278,77818,86,93259,California
El Dorado,2021-06-06,41,165754,25,77131,13,82699,3,5924,13,15429,27,77845,15,93274,California
Fresno,2020-12-15,2,2,2,2,0,0,0,0,2,2,0,0,2,2,California
Fresno,2020-12-16,125,127,125,127,0,0,0,0,125,127,0,0,125,127,California
Fresno,2020-12-17,123,250,123,250,0,0,0,0,123,250,0,0,123,250,California
Fresno,2020-12-18,348,598,348,598,0,0,0,0,348,598,0,0,348,598,California
Fresno,2020-12-19,161,759,161,759,0,0,0,0,161,759,0,0,161,759,California
Fresno,2020-12-20,258,1017,256,1015,2,2,0,0,258,1017,0,0,258,1017,California
Fresno,2020-12-21,924,1941,922,1937,2,4,0,0,954,1971,0,0,954,1971,California
Fresno,2020-12-22,902,2843,872,2809,30,34,0,0,906,2877,0,0,906,2877,California
Fresno,2020-12-23,1087,3930,1046,3855,41,75,0,0,1088,3965,0,0,1088,3965,California
Fresno,2020-12-24,592,4522,566,4421,26,101,0,0,592,4557,0,0,592,4557,California
Fresno,2020-12-25,2,4524,1,4422,1,102,0,0,2,4559,0,0,2,4559,California
Fresno,2020-12-26,723,5247,714,5136,9,111,0,0,723,5282,0,0,723,5282,California
Fresno,2020-12-27,305,5552,208,5344,97,208,0,0,305,5587,0,0,305,5587,California
Fresno,2020-12-28,1097,6649,804,6148,293,501,0,0,1097,6684,0,0,1097,6684,California
Fresno,2020-12-29,1755,8404,995,7143,760,1261,0,0,1753,8436,1,1,1753,8437,California
Fresno,2020-12-30,982,9386,444,7587,538,1799,0,0,982,9418,0,1,982,9419,California
Fresno,2020-12-31,922,10308,310,7897,612,2411,0,0,921,10339,0,1,921,10340,California
Fresno,2021-01-01,9,10317,3,7900,6,2417,0,0,9,10348,0,1,9,10349,California
Fresno,2021-01-02,1028,11345,713,8613,315,2732,0,0,1028,11376,0,1,1028,11377,California
Fresno,2021-01-03,154,11499,128,8741,26,2758,0,0,154,11530,0,1,154,11531,California
Fresno,2021-01-04,622,12121,377,9118,245,3003,0,0,622,12152,0,1,622,12153,California
Fresno,2021-01-05,780,12901,311,9429,469,3472,0,0,706,12784,74,75,706,12859,California
Fresno,2021-01-06,986,13887,348,9777,638,4110,0,0,810,13418,176,251,810,13669,California
Fresno,2021-01-07,1897,15784,918,10695,979,5089,0,0,1643,14810,254,505,1646,15315,California
Fresno,2021-01-08,1786,17570,612,11307,1174,6263,0,0,1422,15870,362,867,1422,16737,California
Fresno,2021-01-09,638,18208,390,11697,248,6511,0,0,360,15952,278,1145,360,17097,California
Fresno,2021-01-10,517,18725,487,12184,30,6541,0,0,204,15843,313,1458,204,17301,California
Fresno,2021-01-11,2214,20939,1806,13990,408,6949,0,0,1521,16674,693,2151,1524,18825,California
Fresno,2021-01-12,2519,23458,1823,15813,696,7645,0,0,1671,17497,850,3001,1673,20498,California
Fresno,2021-01-13,3556,27014,2436,18249,1120,8765,0,0,2703,19350,853,3854,2706,23204,California
Fresno,2021-01-14,4137,31151,2182,20431,1955,10720,0,0,3664,22542,472,4326,3664,26868,California
Fresno,2021-01-15,3659,34810,2529,22960,1130,11850,0,0,3300,25487,359,4685,3304,30172,California
Fresno,2021-01-16,3138,37948,2300,25260,838,12688,0,0,2672,27696,465,5150,2674,32846,California
Fresno,2021-01-17,978,38926,556,25816,422,13110,0,0,778,28274,200,5350,778,33624,California
Fresno,2021-01-18,3074,42000,2369,28185,705,13815,0,0,2417,30038,655,6005,2419,36043,California
Fresno,2021-01-19,4404,46404,2624,30809,1780,15595,0,0,3686,33010,718,6723,3690,39733,California
Fresno,2021-01-20,3017,49421,1210,32019,1807,17402,0,0,2704,35406,311,7034,2707,42440,California
Fresno,2021-01-21,4388,53809,2031,34050,2357,19759,0,0,4028,39103,337,7371,4034,46474,California
Fresno,2021-01-22,3296,57105,1343,35393,1953,21712,0,0,2912,41648,368,7739,2913,49387,California
Fresno,2021-01-23,3043,60148,1972,37365,1071,22783,0,0,2321,43253,721,8460,2326,51713,California
Fresno,2021-01-24,558,60706,377,37742,181,22964,0,0,352,43401,206,8666,354,52067,California
Fresno,2021-01-25,2440,63146,865,38607,1575,24539,0,0,1864,44692,576,9242,1867,53934,California
Fresno,2021-01-26,2080,65226,589,39196,1491,26030,0,0,1321,45257,757,9999,1322,55256,California
Fresno,2021-01-27,2323,67549,1153,40349,1170,27200,0,0,1746,46430,576,10575,1749,57005,California
Fresno,2021-01-28,4542,72091,3050,43399,1492,28692,0,0,3472,48838,1067,11642,3475,60480,California
Fresno,2021-01-29,1713,73804,983,44382,730,29422,0,0,1413,49956,296,11938,1414,61894,California
Fresno,2021-01-30,1447,75251,546,44928,901,30323,0,0,1029,50567,418,12356,1029,62923,California
Fresno,2021-01-31,229,75480,218,45146,11,30334,0,0,75,50488,154,12510,75,62998,California
Fresno,2021-02-01,3341,78821,1667,46813,1674,32008,0,0,1784,50726,1556,14066,1794,64792,California
Fresno,2021-02-02,2726,81547,555,47368,2171,34179,0,0,1583,51197,1128,15194,1599,66391,California
Fresno,2021-02-03,3556,85103,2104,49472,1452,35631,0,0,1543,50737,2004,17198,1544,67935,California
Fresno,2021-02-04,4191,89294,1891,51363,2300,37931,0,0,1927,50435,2234,19432,1932,69867,California
Fresno,2021-02-05,5343,94637,2727,54090,2616,40547,0,0,2307,49715,3031,22463,2311,72178,California
Fresno,2021-02-06,2928,97565,2039,56129,889,41436,0,0,968,48732,1952,24415,969,73147,California
Fresno,2021-02-07,467,98032,285,56414,182,41618,0,0,272,48810,194,24609,272,73419,California
Fresno,2021-02-08,4276,102308,2288,58702,1988,43606,0,0,1814,48183,2450,27059,1823,75242,California
Fresno,2021-02-09,5327,107635,2090,60792,3237,46843,0,0,3114,49168,2138,29197,3123,78365,California
Fresno,2021-02-10,3890,111525,1235,62027,2655,49498,0,0,1990,49322,1848,31045,2002,80367,California
Fresno,2021-02-11,6449,117974,2089,64116,4360,53858,0,0,3351,49598,3080,34125,3356,83723,California
Fresno,2021-02-12,5395,123369,1384,65500,4011,57869,0,0,2732,49695,2644,36769,2741,86464,California
Fresno,2021-02-13,3741,127110,1560,67060,2181,60050,0,0,2078,50127,1651,38420,2083,88547,California
Fresno,2021-02-14,1565,128675,283,67343,1282,61332,0,0,839,50243,725,39145,841,89388,California
Fresno,2021-02-15,2891,131566,268,67611,2623,63955,0,0,1793,50946,1094,40239,1797,91185,California
Fresno,2021-02-16,6687,138253,2402,70013,4285,68240,0,0,4233,52748,2437,42676,4239,95424,California
Fresno,2021-02-17,5323,143576,2445,72458,2878,71118,0,0,2984,53440,2296,44972,2988,98412,California
Fresno,2021-02-18,6848,150424,2895,75353,3953,75071,0,0,2578,51802,4227,49199,2589,101001,California
Fresno,2021-02-19,3833,154257,1098,76451,2735,77806,0,0,1820,51624,2001,51200,1823,102824,California
Fresno,2021-02-20,4525,158782,2481,78932,2044,79850,0,0,3046,53203,1473,52673,3052,105876,California
Fresno,2021-02-21,189,158971,170,79102,19,79869,0,0,126,53280,49,52722,126,106002,California
Fresno,2021-02-22,2241,161212,998,80100,1243,81112,0,0,1236,53523,995,53717,1238,107240,California
Fresno,2021-02-23,4686,165898,2262,82362,2424,83536,0,0,3806,56463,868,54585,3808,111048,California
Fresno,2021-02-24,4203,170101,1498,83860,2705,86241,0,0,3446,59165,745,55330,3447,114495,California
Fresno,2021-02-25,8705,178806,3743,87603,4962,91203,0,0,7217,64967,1423,56753,7225,121720,California
Fresno,2021-02-26,9024,187830,3704,91307,5320,96523,0,0,7707,71387,1293,58046,7713,129433,California
Fresno,2021-02-27,7290,195120,3168,94475,4121,100644,1,1,6577,77270,697,58743,6580,136013,California
Fresno,2021-02-28,1651,196771,531,95006,1120,101764,0,1,1563,78758,76,58819,1564,137577,California
Fresno,2021-03-01,5086,201857,1319,96325,3767,105531,0,1,3688,81065,1385,60204,3692,141269,California
Fresno,2021-03-02,9859,211716,3384,99709,6475,112006,0,1,8475,88205,1360,61564,8500,149769,California
Fresno,2021-03-03,6933,218649,1689,101398,5243,117249,1,2,5923,93244,996,62560,6035,155804,California
Fresno,2021-03-04,10447,229096,4126,105524,6321,123570,0,2,8708,100250,1711,64271,8717,164521,California
Fresno,2021-03-05,9311,238407,3629,109153,5680,129250,2,4,8031,107209,1148,65419,8107,172628,California
Fresno,2021-03-06,7002,245409,3950,113103,2934,132184,118,122,6009,112355,985,66404,6131,178759,California
Fresno,2021-03-07,1495,246904,682,113785,776,132960,37,159,1265,113431,227,66631,1303,180062,California
Fresno,2021-03-08,5289,252193,2022,115807,3116,136076,151,310,4000,116314,1279,67910,4162,184224,California
Fresno,2021-03-09,8610,260803,3782,119589,4557,140633,271,581,4642,117315,3947,71857,4948,189172,California
Fresno,2021-03-10,6838,267641,2859,122448,3588,144221,391,972,5377,121639,1452,73309,5776,194948,California
Fresno,2021-03-11,11603,279244,4578,127026,6469,150690,556,1528,6308,123312,5268,78577,6941,201889,California
Fresno,2021-03-12,12059,291303,5140,132166,6472,157162,447,1975,9057,129971,2983,81560,9642,211531,California
Fresno,2021-03-13,8344,299647,4057,136223,3255,160417,1032,3007,4024,130805,4298,85858,5132,216663,California
Fresno,2021-03-14,1766,301413,476,136699,1001,161418,289,3296,665,130669,1089,86947,953,217616,California
Fresno,2021-03-15,7132,308545,3175,139874,3786,165204,171,3467,4951,133805,2167,89114,5303,222919,California
Fresno,2021-03-16,10229,318774,4541,144415,5288,170492,400,3867,5423,134950,4774,93888,5919,228838,California
Fresno,2021-03-17,8671,327445,3930,148345,4047,174539,694,4561,5877,139140,2771,96659,6961,235799,California
Fresno,2021-03-18,12449,339894,6736,155081,5074,179613,639,5200,7058,141922,5342,102001,8124,243923,California
Fresno,2021-03-19,11175,351069,5888,160969,4669,184282,618,5818,6931,145550,4215,106216,7843,251766,California
Fresno,2021-03-20,7612,358681,4603,165572,2689,186971,320,6138,3800,146161,3785,110001,4396,256162,California
Fresno,2021-03-21,1792,360473,1205,166777,210,187181,377,6515,967,146688,817,110818,1344,257506,California
Fresno,2021-03-22,5672,366145,2897,169674,2175,189356,600,7115,3837,149507,1819,112637,4638,262144,California
Fresno,2021-03-23,10566,376711,5252,174926,4813,194169,501,7616,5066,150023,5478,118115,5994,268138,California
Fresno,2021-03-24,8851,385562,3822,178748,4197,198366,832,8448,4967,152027,3846,121961,5850,273988,California
Fresno,2021-03-25,12210,397772,5695,184443,5727,204093,788,9236,4765,150267,7395,129356,5635,279623,California
Fresno,2021-03-26,12231,410003,5458,189901,6128,210221,645,9881,4464,147683,7714,137070,5130,284753,California
Fresno,2021-03-27,9740,419743,4464,194365,4191,214412,1085,10966,2950,144972,6752,143822,4041,288794,California
Fresno,2021-03-28,3421,423164,1325,195690,1403,215815,693,11659,1280,145092,2133,145955,2253,291047,California
Fresno,2021-03-29,5994,429158,2003,197693,3442,219257,549,12208,2893,145472,3072,149027,3452,294499,California
Fresno,2021-03-30,10907,440065,4274,201967,5737,224994,896,13104,3850,143189,7028,156055,4745,299244,California
Fresno,2021-03-31,9694,449759,3382,205349,5319,230313,993,14097,3742,142009,5909,161964,4729,303973,California
Fresno,2021-04-01,12117,461876,4203,209552,7053,237366,861,14958,4040,138892,7975,169939,4858,308831,California
Fresno,2021-04-02,12053,473929,4596,214148,6664,244030,793,15751,4254,136309,7637,177576,5054,313885,California
Fresno,2021-04-03,6413,480342,3532,217680,2625,246655,256,16007,2148,134504,4246,181822,2441,316326,California
Fresno,2021-04-04,1499,481841,533,218213,921,247576,45,16052,546,134152,943,182765,591,316917,California
Fresno,2021-04-05,8328,490169,4471,222684,3054,250630,803,16855,2449,131610,5862,188627,3320,320237,California
Fresno,2021-04-06,9607,499776,4020,226704,4402,255032,1185,18040,3543,130331,6024,194651,4745,324982,California
Fresno,2021-04-07,10461,510237,5346,232050,3906,258938,1209,19249,3539,128229,6875,201526,4773,329755,California
Fresno,2021-04-08,10948,521185,5168,237218,4617,263555,1163,20412,3435,125407,7463,208989,4641,334396,California
Fresno,2021-04-09,11232,532417,5349,242567,4492,268047,1391,21803,3617,122866,7568,216557,5027,339423,California
Fresno,2021-04-10,7879,540296,5152,247719,2207,270254,520,22323,3676,122872,4191,220748,4197,343620,California
Fresno,2021-04-11,1394,541690,935,248654,368,270622,91,22414,446,122467,943,221691,538,344158,California
Fresno,2021-04-12,7265,548955,3796,252450,2541,273163,928,23342,2343,120845,4893,226584,3271,347429,California
Fresno,2021-04-13,8905,557860,4260,256710,4577,277740,68,23410,3475,119087,5394,231978,3636,351065,California
Fresno,2021-04-14,9437,567297,5739,262449,3697,281437,1,23411,3728,117195,5667,237645,3775,354840,California
Fresno,2021-04-15,8401,575698,4187,266636,4211,285648,3,23414,3167,115162,5206,242851,3173,358013,California
Fresno,2021-04-16,9367,585065,4634,271270,4731,290379,2,23416,3869,113576,5462,248313,3876,361889,California
Fresno,2021-04-17,5564,590629,3722,274992,1842,292221,0,23416,2646,113326,2898,251211,2648,364537,California
Fresno,2021-04-18,1030,591659,559,275551,471,292692,0,23416,473,113247,552,251763,473,365010,California
Fresno,2021-04-19,5546,597205,3016,278567,2527,295219,3,23419,2249,112241,3260,255023,2254,367264,California
Fresno,2021-04-20,6925,604130,3434,282001,3482,298701,9,23428,2616,110581,4285,259308,2625,369889,California
Fresno,2021-04-21,6371,610501,3525,285526,2838,301539,8,23436,2661,109577,3677,262985,2673,372562,California
Fresno,2021-04-22,6349,616850,3159,288685,3189,304728,1,23437,2310,107911,3980,266965,2314,374876,California
Fresno,2021-04-23,7104,623954,3825,292510,3262,307990,17,23454,2722,106344,4294,271259,2727,377603,California
Fresno,2021-04-24,4173,628127,2494,295004,1679,309669,0,23454,1919,106022,2241,273500,1919,379522,California
Fresno,2021-04-25,1373,629500,557,295561,814,310483,2,23456,692,106041,675,274175,694,380216,California
Fresno,2021-04-26,4076,633576,2047,297608,1984,312467,45,23501,1736,105512,2309,276484,1780,381996,California
Fresno,2021-04-27,4689,638265,2373,299981,2198,314665,118,23619,1853,104668,2814,279298,1970,383966,California
Fresno,2021-04-28,4759,643024,2670,302651,1959,316624,130,23749,1981,104024,2756,282054,2112,386078,California
Fresno,2021-04-29,4777,647801,2654,305305,1985,318609,138,23887,1800,103014,2946,285000,1936,388014,California
Fresno,2021-04-30,5398,653199,3285,308590,1979,320588,134,24021,2141,102061,3227,288227,2274,390288,California
Fresno,2021-05-01,4181,657380,3457,312047,585,321173,139,24160,1224,100483,2939,291166,1361,391649,California
Fresno,2021-05-02,1248,658628,771,312818,426,321599,51,24211,611,100519,625,291791,661,392310,California
Fresno,2021-05-03,4019,662647,2701,315519,1128,322727,190,24401,1297,99307,2694,294485,1482,393792,California
Fresno,2021-05-04,4826,667473,2500,318019,2174,324901,152,24553,1549,97759,3251,297736,1703,395495,California
Fresno,2021-05-05,5079,672552,3145,321164,1709,326610,225,24778,1584,96096,3469,301205,1806,397301,California
Fresno,2021-05-06,4112,676664,2544,323708,1463,328073,105,24883,1403,94924,2680,303885,1508,398809,California
Fresno,2021-05-07,5004,681668,3288,326996,1553,329626,163,25046,1554,93211,3427,307312,1714,400523,California
Fresno,2021-05-08,3895,685563,2490,329486,1257,330883,148,25194,1173,91830,2703,310015,1322,401845,California
Fresno,2021-05-09,678,686241,347,329833,288,331171,43,25237,336,91873,336,310351,379,402224,California
Fresno,2021-05-10,2948,689189,1578,331411,1229,332400,141,25378,915,90904,2025,312376,1056,403280,California
Fresno,2021-05-11,3611,692800,1840,333251,1681,334081,90,25468,1158,89710,2443,314819,1249,404529,California
Fresno,2021-05-12,3717,696517,2350,335601,1217,335298,150,25618,1339,88844,2355,317174,1489,406018,California
Fresno,2021-05-13,3604,700121,1953,337554,1546,336844,105,25723,1591,88565,1975,319149,1696,407714,California
Fresno,2021-05-14,5027,705148,3026,340580,1813,338657,188,25911,2135,88030,2859,322008,2324,410038,California
Fresno,2021-05-15,3575,708723,2671,343251,775,339432,129,26040,1816,88224,1749,323757,1943,411981,California
Fresno,2021-05-16,1443,710166,945,344196,464,339896,34,26074,806,88433,631,324388,840,412821,California
Fresno,2021-05-17,4169,714335,2820,347016,1191,341087,158,26232,2273,88994,1869,326257,2430,415251,California
Fresno,2021-05-18,4078,718413,2516,349532,1411,342498,151,26383,2107,89302,1948,328205,2256,417507,California
Fresno,2021-05-19,4333,722746,2760,352292,1399,343897,174,26557,2103,89370,2208,330413,2276,419783,California
Fresno,2021-05-20,3509,726255,2029,354321,1296,345193,184,26741,1622,89303,1872,332285,1805,421588,California
Fresno,2021-05-21,3826,730081,2469,356790,1266,346459,91,26832,1725,89037,2081,334366,1815,423403,California
Fresno,2021-05-22,3280,733361,2455,359245,654,347113,171,27003,1923,89786,1343,335709,2092,425495,California
Fresno,2021-05-23,537,733898,344,359589,165,347278,28,27031,301,89885,230,335939,329,425824,California
Fresno,2021-05-24,3217,737115,2024,361613,1079,348357,114,27145,1494,89794,1699,337638,1608,427432,California
Fresno,2021-05-25,3202,740317,1928,363541,1151,349508,123,27268,1381,89491,1808,339446,1505,428937,California
Fresno,2021-05-26,3233,743550,2141,365682,988,350496,104,27372,1656,89691,1558,341004,1758,430695,California
Fresno,2021-05-27,3127,746677,1907,367589,1113,351609,107,27479,1411,89519,1691,342695,1519,432214,California
Fresno,2021-05-28,3391,750068,2205,369794,1091,352700,95,27574,1875,89993,1497,344192,1971,434185,California
Fresno,2021-05-29,2271,752339,1654,371448,546,353246,71,27645,1249,90302,1012,345204,1321,435506,California
Fresno,2021-05-30,887,753226,535,371983,317,353563,35,27680,425,90317,445,345649,460,435966,California
Fresno,2021-05-31,314,753540,159,372142,144,353707,11,27691,134,90285,175,345824,143,436109,California
Fresno,2021-06-01,3005,756545,1812,373954,1100,354807,93,27784,1249,89893,1734,347558,1342,437451,California
Fresno,2021-06-02,2651,759196,1712,375666,849,355656,90,27874,1146,89654,1476,349034,1237,438688,California
Fresno,2021-06-03,2904,762100,2001,377667,803,356459,100,27974,1263,89392,1623,350657,1361,440049,California
Fresno,2021-06-04,3169,765269,2332,379999,743,357202,94,28068,1118,88580,2025,352682,1213,441262,California
Fresno,2021-06-05,2953,768222,2273,382272,565,357767,115,28183,1126,88008,1811,354493,1239,442501,California
Fresno,2021-06-06,345,768567,220,382492,95,357862,30,28213,84,87863,259,354752,114,442615,California
Glenn,2020-12-17,1,1,1,1,0,0,0,0,1,1,0,0,1,1,California
Glenn,2020-12-20,1,2,1,2,0,0,0,0,1,2,0,0,1,2,California
Glenn,2020-12-21,11,13,11,13,0,0,0,0,11,13,0,0,11,13,California
Glenn,2020-12-22,61,74,61,74,0,0,0,0,61,74,0,0,61,74,California
Glenn,2020-12-23,28,102,28,102,0,0,0,0,28,102,0,0,28,102,California
Glenn,2020-12-24,9,111,9,111,0,0,0,0,9,111,0,0,9,111,California
Glenn,2020-12-26,2,113,2,113,0,0,0,0,2,113,0,0,2,113,California
Glenn,2020-12-27,4,117,4,117,0,0,0,0,4,117,0,0,4,117,California
Glenn,2020-12-28,21,138,21,138,0,0,0,0,21,138,0,0,21,138,California
Glenn,2020-12-29,81,219,81,219,0,0,0,0,81,219,0,0,81,219,California
Glenn,2020-12-30,129,348,106,325,23,23,0,0,129,348,0,0,129,348,California
Glenn,2020-12-31,38,386,9,334,29,52,0,0,38,386,0,0,38,386,California
Glenn,2021-01-02,3,389,3,337,0,52,0,0,3,389,0,0,3,389,California
Glenn,2021-01-04,7,396,5,342,2,54,0,0,7,396,0,0,7,396,California
Glenn,2021-01-05,10,406,8,350,2,56,0,0,10,406,0,0,10,406,California
Glenn,2021-01-06,59,465,8,358,51,107,0,0,59,465,0,0,59,465,California
Glenn,2021-01-07,66,531,11,369,55,162,0,0,65,529,1,1,65,530,California
Glenn,2021-01-08,12,543,9,378,3,165,0,0,12,541,0,1,12,542,California
Glenn,2021-01-10,1,544,1,379,0,165,0,0,0,540,1,2,0,542,California
Glenn,2021-01-11,29,573,29,408,0,165,0,0,12,535,17,19,12,554,California
Glenn,2021-01-12,44,617,39,447,5,170,0,0,14,519,30,49,14,568,California
Glenn,2021-01-13,221,838,156,603,65,235,0,0,177,652,44,93,177,745,California
Glenn,2021-01-14,117,955,28,631,89,324,0,0,107,749,10,103,107,852,California
Glenn,2021-01-15,41,996,34,665,7,331,0,0,36,780,5,108,36,888,California
Glenn,2021-01-16,33,1029,14,679,19,350,0,0,23,793,10,118,23,911,California
Glenn,2021-01-17,4,1033,2,681,2,352,0,0,2,793,2,120,2,913,California
Glenn,2021-01-18,17,1050,16,697,1,353,0,0,9,794,8,128,9,922,California
Glenn,2021-01-19,30,1080,20,717,10,363,0,0,13,790,17,145,13,935,California
Glenn,2021-01-20,164,1244,94,811,70,433,0,0,83,792,81,226,83,1018,California
Glenn,2021-01-21,123,1367,97,908,26,459,0,0,30,729,93,319,30,1048,California
Glenn,2021-01-22,341,1708,64,972,277,736,0,0,334,1056,7,326,334,1382,California
Glenn,2021-01-23,14,1722,8,980,6,742,0,0,11,1064,3,329,11,1393,California
Glenn,2021-01-24,2,1724,2,982,0,742,0,0,2,1066,0,329,2,1395,California
Glenn,2021-01-25,27,1751,9,991,18,760,0,0,24,1087,3,332,24,1419,California
Glenn,2021-01-26,30,1781,14,1005,16,776,0,0,24,1105,6,338,24,1443,California
Glenn,2021-01-27,187,1968,12,1017,175,951,0,0,165,1248,22,360,165,1608,California
Glenn,2021-01-28,147,2115,8,1025,139,1090,0,0,117,1335,30,390,117,1725,California
Glenn,2021-01-29,299,2414,12,1037,287,1377,0,0,285,1606,14,404,285,2010,California
Glenn,2021-01-30,3,2417,0,1037,3,1380,0,0,3,1609,0,404,3,2013,California
Glenn,2021-01-31,1,2418,0,1037,1,1381,0,0,1,1610,0,404,1,2014,California
Glenn,2021-02-01,30,2448,11,1048,19,1400,0,0,18,1616,12,416,18,2032,California
Glenn,2021-02-02,30,2478,15,1063,15,1415,0,0,20,1626,10,426,20,2052,California
Glenn,2021-02-03,273,2751,125,1188,148,1563,0,0,129,1612,144,570,130,2182,California
Glenn,2021-02-04,80,2831,14,1202,66,1629,0,0,25,1582,55,625,25,2207,California
Glenn,2021-02-05,323,3154,25,1227,298,1927,0,0,302,1863,21,646,302,2509,California
Glenn,2021-02-06,16,3170,2,1229,14,1941,0,0,15,1877,1,647,15,2524,California
Glenn,2021-02-07,2,3172,2,1231,0,1941,0,0,2,1879,0,647,2,2526,California
Glenn,2021-02-08,21,3193,17,1248,4,1945,0,0,4,1866,17,664,4,2530,California
Glenn,2021-02-09,48,3241,19,1267,29,1974,0,0,34,1886,14,678,34,2564,California
Glenn,2021-02-10,139,3380,19,1286,120,2094,0,0,66,1879,73,751,66,2630,California
Glenn,2021-02-11,232,3612,132,1418,100,2194,0,0,150,1946,83,834,150,2780,California
Glenn,2021-02-12,419,4031,98,1516,321,2515,0,0,354,2235,65,899,354,3134,California
Glenn,2021-02-13,36,4067,8,1524,28,2543,0,0,17,2233,19,918,17,3151,California
Glenn,2021-02-14,1,4068,0,1524,1,2544,0,0,1,2234,0,918,1,3152,California
Glenn,2021-02-15,8,4076,0,1524,8,2552,0,0,8,2242,0,918,8,3160,California
Glenn,2021-02-16,39,4115,9,1533,30,2582,0,0,21,2245,18,936,21,3181,California
Glenn,2021-02-17,381,4496,13,1546,368,2950,0,0,304,2472,77,1013,304,3485,California
Glenn,2021-02-18,135,4631,100,1646,35,2985,0,0,111,2559,24,1037,111,3596,California
Glenn,2021-02-19,305,4936,16,1662,289,3274,0,0,28,2310,277,1314,28,3624,California
Glenn,2021-02-20,8,4944,0,1662,8,3282,0,0,0,2302,8,1322,0,3624,California
Glenn,2021-02-21,1,4945,1,1663,0,3282,0,0,1,2303,0,1322,1,3625,California
Glenn,2021-02-22,34,4979,15,1678,19,3301,0,0,17,2303,17,1339,17,3642,California
Glenn,2021-02-23,39,5018,10,1688,29,3330,0,0,27,2318,12,1351,27,3669,California
Glenn,2021-02-24,241,5259,39,1727,202,3532,0,0,46,2169,195,1546,46,3715,California
Glenn,2021-02-25,234,5493,120,1847,114,3646,0,0,118,2171,116,1662,118,3833,California
Glenn,2021-02-26,308,5801,24,1871,284,3930,0,0,20,1904,287,1949,20,3853,California
Glenn,2021-02-27,14,5815,5,1876,9,3939,0,0,6,1903,7,1956,6,3859,California
Glenn,2021-02-28,6,5821,3,1879,3,3942,0,0,3,1904,2,1958,3,3862,California
Glenn,2021-03-01,28,5849,6,1885,22,3964,0,0,12,1900,16,1974,12,3874,California
Glenn,2021-03-02,34,5883,7,1892,27,3991,0,0,16,1898,18,1992,16,3890,California
Glenn,2021-03-03,193,6076,38,1930,155,4146,0,0,102,1911,89,2081,102,3992,California
Glenn,2021-03-04,518,6594,174,2104,344,4490,0,0,374,2141,144,2225,374,4366,California
Glenn,2021-03-05,358,6952,47,2151,311,4801,0,0,34,1851,324,2549,34,4400,California
Glenn,2021-03-06,27,6979,2,2153,24,4825,1,1,8,1841,19,2568,9,4409,California
Glenn,2021-03-07,5,6984,0,2153,5,4830,0,1,3,1843,1,2569,3,4412,California
Glenn,2021-03-08,20,7004,2,2155,17,4847,1,2,18,1860,2,2571,19,4431,California
Glenn,2021-03-09,81,7085,11,2166,67,4914,3,5,53,1887,28,2599,55,4486,California
Glenn,2021-03-10,172,7257,69,2235,101,5015,2,7,95,1907,77,2676,97,4583,California
Glenn,2021-03-11,584,7841,169,2404,392,5407,23,30,454,2254,130,2806,477,5060,California
Glenn,2021-03-12,417,8258,13,2417,342,5749,62,92,41,1981,376,3182,103,5163,California
Glenn,2021-03-13,13,8271,1,2418,4,5753,8,100,1,1978,12,3194,9,5172,California
Glenn,2021-03-14,2,8273,1,2419,1,5754,0,100,0,1976,2,3196,0,5172,California
Glenn,2021-03-15,76,8349,15,2434,56,5810,5,105,61,2027,15,3211,66,5238,California
Glenn,2021-03-16,109,8458,34,2468,65,5875,10,115,69,2066,40,3251,79,5317,California
Glenn,2021-03-17,420,8878,99,2567,314,6189,7,122,116,1883,304,3555,121,5438,California
Glenn,2021-03-18,521,9399,216,2783,49,6238,256,378,144,1905,377,3932,399,5837,California
Glenn,2021-03-19,96,9495,16,2799,74,6312,6,384,75,1966,20,3952,81,5918,California
Glenn,2021-03-20,133,9628,2,2801,130,6442,1,385,131,2096,2,3954,132,6050,California
Glenn,2021-03-21,6,9634,5,2806,0,6442,1,386,3,2098,2,3956,4,6054,California
Glenn,2021-03-22,122,9756,54,2860,61,6503,7,393,103,2191,17,3973,110,6164,California
Glenn,2021-03-23,175,9931,66,2926,59,6562,50,443,104,2275,70,4043,154,6318,California
Glenn,2021-03-24,208,10139,101,3027,102,6664,5,448,135,2343,72,4115,140,6458,California
Glenn,2021-03-25,471,10610,229,3256,148,6812,94,542,344,2655,126,4241,438,6896,California
Glenn,2021-03-26,239,10849,36,3292,167,6979,36,578,189,2830,50,4291,225,7121,California
Glenn,2021-03-27,163,11012,19,3311,138,7117,6,584,153,2979,10,4301,159,7280,California
Glenn,2021-03-28,15,11027,10,3321,5,7122,0,584,10,2984,5,4306,10,7290,California
Glenn,2021-03-29,61,11088,20,3341,38,7160,3,587,47,3020,14,4320,50,7340,California
Glenn,2021-03-30,72,11160,41,3382,30,7190,1,588,41,3033,29,4349,42,7382,California
Glenn,2021-03-31,124,11284,35,3417,88,7278,1,589,54,3019,69,4418,55,7437,California
Glenn,2021-04-01,654,11938,188,3605,457,7735,9,598,243,2862,409,4827,252,7689,California
Glenn,2021-04-02,169,12107,26,3631,131,7866,12,610,133,2971,36,4863,145,7834,California
Glenn,2021-04-03,96,12203,4,3635,85,7951,7,617,85,3052,11,4874,92,7926,California
Glenn,2021-04-04,9,12212,3,3638,4,7955,2,619,5,3055,4,4878,7,7933,California
Glenn,2021-04-05,65,12277,25,3663,27,7982,13,632,28,3059,37,4915,41,7974,California
Glenn,2021-04-06,144,12421,52,3715,53,8035,39,671,37,3028,106,5021,75,8049,California
Glenn,2021-04-07,161,12582,47,3762,60,8095,54,725,74,3069,87,5108,128,8177,California
Glenn,2021-04-08,645,13227,191,3953,420,8515,34,759,139,2738,504,5612,173,8350,California
Glenn,2021-04-09,158,13385,57,4010,85,8600,16,775,101,2798,57,5669,117,8467,California
Glenn,2021-04-10,75,13460,1,4011,61,8661,13,788,59,2855,15,5684,72,8539,California
Glenn,2021-04-11,16,13476,8,4019,3,8664,5,793,7,2858,9,5693,12,8551,California
Glenn,2021-04-12,115,13591,25,4044,61,8725,29,822,20,2812,95,5788,49,8600,California
Glenn,2021-04-13,119,13710,63,4107,56,8781,0,822,30,2754,88,5876,30,8630,California
Glenn,2021-04-14,123,13833,46,4153,77,8858,0,822,69,2769,54,5930,69,8699,California
Glenn,2021-04-15,361,14194,276,4429,85,8943,0,822,123,2654,238,6168,123,8822,California
Glenn,2021-04-16,164,14358,41,4470,123,9066,0,822,76,2642,88,6256,76,8898,California
Glenn,2021-04-17,165,14523,16,4486,149,9215,0,822,27,2538,131,6387,27,8925,California
Glenn,2021-04-18,16,14539,3,4489,13,9228,0,822,13,2548,3,6390,13,8938,California
Glenn,2021-04-19,83,14622,17,4506,66,9294,0,822,22,2510,60,6450,22,8960,California
Glenn,2021-04-20,127,14749,82,4588,45,9339,0,822,54,2491,73,6523,54,9014,California
Glenn,2021-04-21,411,15160,310,4898,101,9440,0,822,280,2640,131,6654,280,9294,California
Glenn,2021-04-22,210,15370,48,4946,162,9602,0,822,33,2497,176,6830,33,9327,California
Glenn,2021-04-23,180,15550,24,4970,156,9758,0,822,41,2400,138,6968,41,9368,California
Glenn,2021-04-24,180,15730,32,5002,148,9906,0,822,31,2282,149,7117,31,9399,California
Glenn,2021-04-25,29,15759,18,5020,11,9917,0,822,21,2295,8,7125,21,9420,California
Glenn,2021-04-26,47,15806,11,5031,36,9953,0,822,18,2284,29,7154,18,9438,California
Glenn,2021-04-27,63,15869,49,5080,9,9962,5,827,32,2289,31,7185,36,9474,California
Glenn,2021-04-28,259,16128,180,5260,68,10030,11,838,129,2300,129,7314,140,9614,California
Glenn,2021-04-29,182,16310,23,5283,157,10187,2,840,36,2192,146,7460,38,9652,California
Glenn,2021-04-30,156,16466,35,5318,119,10306,2,842,37,2112,119,7579,39,9691,California
Glenn,2021-05-01,109,16575,13,5331,95,10401,1,843,26,2056,83,7662,27,9718,California
Glenn,2021-05-02,30,16605,12,5343,9,10410,9,852,15,2065,15,7677,24,9742,California
Glenn,2021-05-03,37,16642,23,5366,13,10423,1,853,14,2057,23,7700,15,9757,California
Glenn,2021-05-04,57,16699,33,5399,19,10442,5,858,28,2061,29,7729,33,9790,California
Glenn,2021-05-05,122,16821,35,5434,77,10519,10,868,51,2051,71,7800,61,9851,California
Glenn,2021-05-06,112,16933,41,5475,66,10585,5,873,41,2026,71,7871,46,9897,California
Glenn,2021-05-07,119,17052,32,5507,78,10663,9,882,31,1979,87,7958,40,9937,California
Glenn,2021-05-08,66,17118,12,5519,50,10713,4,886,21,1960,44,8002,25,9962,California
Glenn,2021-05-09,17,17135,11,5530,6,10719,0,886,13,1969,4,8006,13,9975,California
Glenn,2021-05-10,37,17172,15,5545,17,10736,5,891,14,1965,23,8029,19,9994,California
Glenn,2021-05-11,77,17249,54,5599,14,10750,9,900,15,1927,62,8091,24,10018,California
Glenn,2021-05-12,326,17575,245,5844,67,10817,14,914,45,1705,281,8372,59,10077,California
Glenn,2021-05-13,154,17729,59,5903,77,10894,18,932,68,1705,86,8458,86,10163,California
Glenn,2021-05-14,106,17835,25,5928,76,10970,5,937,42,1688,64,8522,47,10210,California
Glenn,2021-05-15,69,17904,40,5968,26,10996,3,940,36,1694,32,8554,38,10248,California
Glenn,2021-05-16,31,17935,18,5986,13,11009,0,940,9,1681,22,8576,9,10257,California
Glenn,2021-05-17,83,18018,58,6044,21,11030,4,944,58,1718,25,8601,62,10319,California
Glenn,2021-05-18,68,18086,49,6093,14,11044,5,949,22,1699,46,8647,27,10346,California
Glenn,2021-05-19,194,18280,114,6207,68,11112,12,961,72,1661,121,8768,83,10429,California
Glenn,2021-05-20,114,18394,72,6279,40,11152,2,963,81,1711,33,8801,83,10512,California
Glenn,2021-05-21,65,18459,22,6301,42,11194,1,964,26,1699,39,8840,27,10539,California
Glenn,2021-05-22,48,18507,18,6319,30,11224,0,964,22,1695,26,8866,22,10561,California
Glenn,2021-05-23,24,18531,14,6333,10,11234,0,964,11,1694,12,8878,11,10572,California
Glenn,2021-05-24,29,18560,10,6343,15,11249,4,968,10,1690,18,8896,14,10586,California
Glenn,2021-05-25,47,18607,36,6379,9,11258,2,970,24,1693,23,8919,26,10612,California
Glenn,2021-05-26,74,18681,15,6394,55,11313,4,974,26,1675,48,8967,30,10642,California
Glenn,2021-05-27,101,18782,62,6456,38,11351,1,975,47,1671,52,9019,48,10690,California
Glenn,2021-05-28,62,18844,18,6474,37,11388,7,982,32,1680,30,9049,39,10729,California
Glenn,2021-05-29,48,18892,11,6485,33,11421,4,986,21,1678,27,9076,25,10754,California
Glenn,2021-05-30,21,18913,13,6498,8,11429,0,986,8,1674,12,9088,8,10762,California
Glenn,2021-05-31,4,18917,0,6498,4,11433,0,986,0,1670,4,9092,0,10762,California
Glenn,2021-06-01,57,18974,31,6529,23,11456,3,989,24,1664,33,9125,27,10789,California
Glenn,2021-06-02,96,19070,48,6577,45,11501,3,992,44,1659,52,9177,47,10836,California
Glenn,2021-06-03,75,19145,42,6619,26,11527,7,999,18,1629,55,9232,25,10861,California
Glenn,2021-06-04,76,19221,36,6655,37,11564,3,1002,40,1636,36,9268,43,10904,California
Glenn,2021-06-05,58,19279,32,6687,23,11587,3,1005,20,1621,38,9306,23,10927,California
Glenn,2021-06-06,5,19284,2,6689,2,11589,1,1006,2,1621,3,9309,3,10930,California
Humboldt,2020-12-15,2,2,2,2,0,0,0,0,2,2,0,0,2,2,California
Humboldt,2020-12-16,16,18,16,18,0,0,0,0,16,18,0,0,16,18,California
Humboldt,2020-12-17,117,135,117,135,0,0,0,0,117,135,0,0,117,135,California
Humboldt,2020-12-18,177,312,177,312,0,0,0,0,177,312,0,0,177,312,California
Humboldt,2020-12-19,10,322,10,322,0,0,0,0,10,322,0,0,10,322,California
Humboldt,2020-12-20,27,349,27,349,0,0,0,0,27,349,0,0,27,349,California
Humboldt,2020-12-21,165,514,165,514,0,0,0,0,165,514,0,0,165,514,California
Humboldt,2020-12-22,297,811,297,811,0,0,0,0,297,811,0,0,297,811,California
Humboldt,2020-12-23,318,1129,263,1074,55,55,0,0,320,1131,0,0,320,1131,California
Humboldt,2020-12-24,25,1154,2,1076,23,78,0,0,25,1156,0,0,25,1156,California
Humboldt,2020-12-25,2,1156,2,1078,0,78,0,0,2,1158,0,0,2,1158,California
Humboldt,2020-12-26,6,1162,5,1083,1,79,0,0,6,1164,0,0,6,1164,California
Humboldt,2020-12-28,173,1335,148,1231,25,104,0,0,173,1337,0,0,173,1337,California
Humboldt,2020-12-29,170,1505,123,1354,47,151,0,0,170,1507,0,0,170,1507,California
Humboldt,2020-12-30,227,1732,125,1479,102,253,0,0,227,1734,0,0,227,1734,California
Humboldt,2020-12-31,241,1973,79,1558,162,415,0,0,241,1975,0,0,241,1975,California
Humboldt,2021-01-01,2,1975,1,1559,1,416,0,0,2,1977,0,0,2,1977,California
Humboldt,2021-01-02,39,2014,1,1560,38,454,0,0,39,2016,0,0,39,2016,California
Humboldt,2021-01-04,218,2232,142,1702,76,530,0,0,219,2235,0,0,219,2235,California
Humboldt,2021-01-05,130,2362,18,1720,112,642,0,0,130,2364,1,1,130,2365,California
Humboldt,2021-01-06,308,2670,210,1930,98,740,0,0,235,2538,61,62,235,2600,California
Humboldt,2021-01-07,437,3107,325,2255,112,852,0,0,320,2758,100,162,320,2920,California
Humboldt,2021-01-08,420,3527,282,2537,138,990,0,0,283,2910,131,293,283,3203,California
Humboldt,2021-01-09,68,3595,44,2581,24,1014,0,0,66,2975,2,295,67,3270,California
Humboldt,2021-01-10,84,3679,84,2665,0,1014,0,0,4,2899,80,375,4,3274,California
Humboldt,2021-01-11,288,3967,277,2942,11,1025,0,0,72,2759,212,587,72,3346,California
Humboldt,2021-01-12,482,4449,320,3262,162,1187,0,0,298,2895,162,749,298,3644,California
Humboldt,2021-01-13,496,4945,278,3540,218,1405,0,0,318,3039,175,924,319,3963,California
Humboldt,2021-01-14,525,5470,166,3706,359,1764,0,0,469,3453,56,980,470,4433,California
Humboldt,2021-01-15,375,5845,39,3745,336,2100,0,0,357,3792,18,998,357,4790,California
Humboldt,2021-01-16,170,6015,6,3751,164,2264,0,0,169,3960,1,999,169,4959,California
Humboldt,2021-01-17,6,6021,4,3755,2,2266,0,0,6,3966,0,999,6,4965,California
Humboldt,2021-01-18,296,6317,261,4016,35,2301,0,0,146,3962,150,1149,146,5111,California
Humboldt,2021-01-19,634,6951,390,4406,244,2545,0,0,507,4348,121,1270,507,5618,California
Humboldt,2021-01-20,906,7857,387,4793,519,3064,0,0,750,4952,148,1418,752,6370,California
Humboldt,2021-01-21,958,8815,261,5054,697,3761,0,0,916,5826,42,1460,916,7286,California
Humboldt,2021-01-22,678,9493,377,5431,301,4062,0,0,669,6487,9,1469,670,7956,California
Humboldt,2021-01-23,860,10353,273,5704,587,4649,0,0,851,7330,9,1478,852,8808,California
Humboldt,2021-01-24,229,10582,1,5705,228,4877,0,0,228,7557,1,1479,228,9036,California
Humboldt,2021-01-25,319,10901,235,5940,84,4961,0,0,151,7540,168,1647,151,9187,California
Humboldt,2021-01-26,529,11430,145,6085,384,5345,0,0,478,7967,51,1698,478,9665,California
Humboldt,2021-01-27,1259,12689,586,6671,673,6018,0,0,1192,9101,60,1758,1194,10859,California
Humboldt,2021-01-28,1459,14148,636,7307,823,6841,0,0,1321,10289,135,1893,1323,12182,California
Humboldt,2021-01-29,1150,15298,548,7855,602,7443,0,0,695,10529,455,2348,695,12877,California
Humboldt,2021-01-30,986,16284,468,8323,518,7961,0,0,973,11490,13,2361,974,13851,California
Humboldt,2021-01-31,315,16599,313,8636,2,7963,0,0,314,11803,1,2362,314,14165,California
Humboldt,2021-02-01,336,16935,193,8829,143,8106,0,0,189,11846,146,2508,189,14354,California
Humboldt,2021-02-02,450,17385,79,8908,371,8477,0,0,345,12091,102,2610,347,14701,California
Humboldt,2021-02-03,670,18055,264,9172,406,8883,0,0,519,12459,151,2761,519,15220,California
Humboldt,2021-02-04,638,18693,260,9432,378,9261,0,0,439,12702,196,2957,439,15659,California
Humboldt,2021-02-05,810,19503,94,9526,716,9977,0,0,626,13144,184,3141,626,16285,California
Humboldt,2021-02-06,1073,20576,461,9987,612,10589,0,0,1028,14129,44,3185,1029,17314,California
Humboldt,2021-02-07,379,20955,9,9996,370,10959,0,0,374,14500,4,3189,375,17689,California
Humboldt,2021-02-08,325,21280,142,10138,183,11142,0,0,183,14542,141,3330,183,17872,California
Humboldt,2021-02-09,494,21774,221,10359,273,11415,0,0,178,14404,316,3646,178,18050,California
Humboldt,2021-02-10,563,22337,371,10730,192,11607,0,0,234,14314,324,3970,234,18284,California
Humboldt,2021-02-11,1302,23639,396,11126,906,12513,0,0,498,14013,801,4771,500,18784,California
Humboldt,2021-02-12,1147,24786,738,11864,409,12922,0,0,706,14278,441,5212,706,19490,California
Humboldt,2021-02-13,1513,26299,562,12426,951,13873,0,0,921,14609,590,5802,921,20411,California
Humboldt,2021-02-14,111,26410,5,12431,106,13979,0,0,108,14715,2,5804,108,20519,California
Humboldt,2021-02-15,295,26705,81,12512,214,14193,0,0,194,14809,100,5904,194,20713,California
Humboldt,2021-02-16,537,27242,121,12633,416,14609,0,0,253,14779,284,6188,254,20967,California
Humboldt,2021-02-17,448,27690,276,12909,172,14781,0,0,131,14594,316,6504,131,21098,California
Humboldt,2021-02-18,973,28663,598,13507,375,15156,0,0,227,14077,744,7248,227,21325,California
Humboldt,2021-02-19,477,29140,435,13942,42,15198,0,0,89,13781,385,7633,89,21414,California
Humboldt,2021-02-20,1636,30776,1006,14948,630,15828,0,0,484,13119,1149,8782,487,21901,California
Humboldt,2021-02-21,479,31255,471,15419,8,15836,0,0,182,13005,297,9079,183,22084,California
Humboldt,2021-02-22,134,31389,94,15513,40,15876,0,0,29,12931,103,9182,29,22113,California
Humboldt,2021-02-23,177,31566,71,15584,106,15982,0,0,40,12836,135,9317,40,22153,California
Humboldt,2021-02-24,1201,32767,741,16325,460,16442,0,0,585,12806,615,9932,585,22738,California
Humboldt,2021-02-25,834,33601,319,16644,515,16957,0,0,232,12438,600,10532,232,22970,California
Humboldt,2021-02-26,2148,35749,106,16750,2042,18999,0,0,448,11193,1694,12226,449,23419,California
Humboldt,2021-02-27,1708,37457,1089,17839,619,19618,0,0,861,11213,845,13071,865,24284,California
Humboldt,2021-02-28,123,37580,11,17850,112,19730,0,0,117,11324,6,13077,117,24401,California
Humboldt,2021-03-01,257,37837,45,17895,212,19942,0,0,183,11433,74,13151,183,24584,California
Humboldt,2021-03-02,295,38132,51,17946,244,20186,0,0,163,11464,132,13283,163,24747,California
Humboldt,2021-03-03,1665,39797,1099,19045,566,20752,0,0,1221,12248,438,13721,1222,25969,California
Humboldt,2021-03-04,906,40703,112,19157,794,21546,0,0,285,11914,621,14342,287,26256,California
Humboldt,2021-03-05,947,41650,187,19344,749,22295,11,11,389,11760,554,14896,400,26656,California
Humboldt,2021-03-06,1795,43445,937,20281,809,23104,49,60,803,11621,991,15887,852,27508,California
Humboldt,2021-03-07,364,43809,294,20575,52,23156,18,78,156,11587,208,16095,174,27682,California
Humboldt,2021-03-08,277,44086,6,20581,192,23348,79,157,182,11753,95,16190,261,27943,California
Humboldt,2021-03-09,490,44576,207,20788,135,23483,148,305,236,11884,252,16442,383,28326,California
Humboldt,2021-03-10,690,45266,466,21254,70,23553,154,459,420,12187,269,16711,572,28898,California
Humboldt,2021-03-11,1462,46728,456,21710,906,24459,100,559,640,12109,817,17528,739,29637,California
Humboldt,2021-03-12,1746,48474,1083,22793,441,24900,222,781,1053,12702,685,18213,1278,30915,California
Humboldt,2021-03-13,1585,50059,1037,23830,496,25396,52,833,668,12511,911,19124,720,31635,California
Humboldt,2021-03-14,141,50200,19,23849,114,25510,8,841,29,12436,112,19236,37,31672,California
Humboldt,2021-03-15,277,50477,51,23900,205,25715,21,862,59,12298,218,19454,80,31752,California
Humboldt,2021-03-16,636,51113,201,24101,174,25889,261,1123,260,12442,375,19829,519,32271,California
Humboldt,2021-03-17,730,51843,394,24495,228,26117,108,1231,340,12501,389,20218,448,32719,California
Humboldt,2021-03-18,1739,53582,1169,25664,527,26644,43,1274,1042,12893,693,20911,1085,33804,California
Humboldt,2021-03-19,1076,54658,61,25725,701,27345,314,1588,441,13015,632,21543,754,34558,California
Humboldt,2021-03-20,1382,56040,754,26479,614,27959,14,1602,424,12498,956,22499,439,34997,California
Humboldt,2021-03-21,250,56290,33,26512,188,28147,29,1631,205,12686,45,22544,233,35230,California
Humboldt,2021-03-22,118,56408,15,26527,53,28200,50,1681,62,12744,54,22598,112,35342,California
Humboldt,2021-03-23,414,56822,43,26570,328,28528,43,1724,320,13015,92,22690,363,35705,California
Humboldt,2021-03-24,1414,58236,388,26958,978,29506,48,1772,1037,13730,369,23059,1084,36789,California
Humboldt,2021-03-25,1835,60071,1209,28167,564,30070,62,1834,945,13849,888,23947,1007,37796,California
Humboldt,2021-03-26,2041,62112,438,28605,1545,31615,58,1892,1594,15059,441,24388,1651,39447,California
Humboldt,2021-03-27,2066,64178,1487,30092,407,32022,172,2064,1089,15347,973,25361,1261,40708,California
Humboldt,2021-03-28,266,64444,81,30173,114,32136,71,2135,83,15320,182,25543,155,40863,California
Humboldt,2021-03-29,467,64911,125,30298,246,32382,96,2231,198,15345,268,25811,293,41156,California
Humboldt,2021-03-30,942,65853,305,30603,523,32905,114,2345,557,15635,380,26191,670,41826,California
Humboldt,2021-03-31,1867,67720,520,31123,1249,34154,98,2443,1410,16692,453,26644,1510,43336,California
Humboldt,2021-04-01,2112,69832,702,31825,1317,35471,93,2536,1483,17646,622,27266,1576,44912,California
Humboldt,2021-04-02,1721,71553,1111,32936,505,35976,105,2641,618,17271,1098,28364,723,45635,California
Humboldt,2021-04-03,1666,73219,1507,34443,145,36121,14,2655,670,16969,986,29350,684,46319,California
Humboldt,2021-04-04,485,73704,371,34814,105,36226,9,2664,405,17304,80,29430,415,46734,California
Humboldt,2021-04-05,777,74481,463,35277,266,36492,48,2712,443,17463,332,29762,491,47225,California
Humboldt,2021-04-06,841,75322,318,35595,389,36881,134,2846,586,17932,249,30011,718,47943,California
Humboldt,2021-04-07,1496,76818,1064,36659,292,37173,140,2986,991,18561,502,30513,1131,49074,California
Humboldt,2021-04-08,1747,78565,1096,37755,493,37666,158,3144,738,18450,1007,31520,896,49970,California
Humboldt,2021-04-09,1440,80005,439,38194,847,38513,154,3298,1152,19462,287,31807,1299,51269,California
Humboldt,2021-04-10,936,80941,139,38333,623,39136,174,3472,737,20174,197,32004,909,52178,California
Humboldt,2021-04-11,642,81583,138,38471,36,39172,468,3940,128,20255,514,32518,595,52773,California
Humboldt,2021-04-12,435,82018,226,38697,84,39256,125,4065,276,20497,159,32677,401,53174,California
Humboldt,2021-04-13,589,82607,323,39020,262,39518,4,4069,555,21024,31,32708,558,53732,California
Humboldt,2021-04-14,1428,84035,1032,40052,396,39914,0,4069,1316,22229,111,32819,1316,55048,California
Humboldt,2021-04-15,1818,85853,1194,41246,620,40534,4,4073,1251,22933,549,33368,1253,56301,California
Humboldt,2021-04-16,1138,86991,523,41769,615,41149,0,4073,552,22902,583,33951,552,56853,California
Humboldt,2021-04-17,1771,88762,1449,43218,322,41471,0,4073,1035,23207,730,34681,1035,57888,California
Humboldt,2021-04-18,661,89423,348,43566,312,41783,1,4074,94,22740,561,35242,94,57982,California
Humboldt,2021-04-19,201,89624,84,43650,117,41900,0,4074,86,22713,113,35355,86,58068,California
Humboldt,2021-04-20,487,90111,127,43777,360,42260,0,4074,241,22709,245,35600,241,58309,California
Humboldt,2021-04-21,1092,91203,381,44158,711,42971,0,4074,433,22493,650,36250,434,58743,California
Humboldt,2021-04-22,878,92081,525,44683,351,43322,2,4076,445,22507,431,36681,445,59188,California
Humboldt,2021-04-23,2164,94245,305,44988,1859,45181,0,4076,315,20977,1845,38526,315,59503,California
Humboldt,2021-04-24,1085,95330,880,45868,200,45381,5,4081,360,20619,723,39249,365,59868,California
Humboldt,2021-04-25,377,95707,240,46108,137,45518,0,4081,193,20631,181,39430,193,60061,California
Humboldt,2021-04-26,330,96037,230,46338,96,45614,4,4085,94,20493,234,39664,96,60157,California
Humboldt,2021-04-27,730,96767,239,46577,469,46083,22,4107,152,20091,576,40240,174,60331,California
Humboldt,2021-04-28,1540,98307,793,47370,702,46785,45,4152,400,19398,1138,41378,445,60776,California
Humboldt,2021-04-29,1737,100044,589,47959,1110,47895,38,4190,290,18283,1443,42821,328,61104,California
Humboldt,2021-04-30,1249,101293,392,48351,823,48718,34,4224,192,17456,1051,43872,224,61328,California
Humboldt,2021-05-01,465,101758,384,48735,59,48777,22,4246,288,17590,176,44048,310,61638,California
Humboldt,2021-05-02,230,101988,184,48919,37,48814,9,4255,114,17599,115,44163,124,61762,California
Humboldt,2021-05-03,610,102598,375,49294,211,49025,24,4279,97,17210,511,44674,122,61884,California
Humboldt,2021-05-04,819,103417,483,49777,290,49315,46,4325,248,16935,568,45242,293,62177,California
Humboldt,2021-05-05,1684,105101,1075,50852,552,49867,57,4382,178,15669,1499,46741,233,62410,California
Humboldt,2021-05-06,1688,106789,1073,51925,363,50230,252,4634,138,14512,1547,48288,390,62800,California
Humboldt,2021-05-07,1417,108206,303,52228,1055,51285,59,4693,234,13623,1180,49468,291,63091,California
Humboldt,2021-05-08,742,108948,147,52375,572,51857,23,4716,91,13087,650,50118,114,63205,California
Humboldt,2021-05-09,908,109856,856,53231,42,51899,10,4726,48,12285,860,50978,58,63263,California
Humboldt,2021-05-10,214,110070,36,53267,140,52039,38,4764,81,12271,133,51111,119,63382,California
Humboldt,2021-05-11,491,110561,146,53413,274,52313,71,4835,183,12217,308,51419,254,63636,California
Humboldt,2021-05-12,580,111141,120,53533,418,52731,42,4877,209,12097,370,51789,250,63886,California
Humboldt,2021-05-13,512,111653,240,53773,247,52978,25,4902,218,12048,292,52081,243,64129,California
Humboldt,2021-05-14,706,112359,140,53913,462,53440,104,5006,231,11910,472,52553,334,64463,California
Humboldt,2021-05-15,780,113139,641,54554,131,53571,8,5014,209,11557,570,53123,217,64680,California
Humboldt,2021-05-16,124,113263,54,54608,66,53637,4,5018,70,11577,54,53177,74,64754,California
Humboldt,2021-05-17,401,113664,213,54821,166,53803,22,5040,223,11645,176,53353,244,64998,California
Humboldt,2021-05-18,660,114324,321,55142,310,54113,29,5069,367,11748,293,53646,396,65394,California
Humboldt,2021-05-19,982,115306,548,55690,391,54504,43,5112,359,11529,619,54265,400,65794,California
Humboldt,2021-05-20,727,116033,550,56240,165,54669,12,5124,539,11896,185,54450,552,66346,California
Humboldt,2021-05-21,790,116823,226,56466,503,55172,61,5185,317,11801,473,54923,378,66724,California
Humboldt,2021-05-22,356,117179,277,56743,71,55243,8,5193,106,11667,248,55171,114,66838,California
Humboldt,2021-05-23,348,117527,302,57045,43,55286,3,5196,57,11436,291,55462,60,66898,California
Humboldt,2021-05-24,324,117851,171,57216,124,55410,29,5225,188,11518,135,55597,217,67115,California
Humboldt,2021-05-25,553,118404,367,57583,162,55572,24,5249,319,11630,231,55828,343,67458,California
Humboldt,2021-05-26,653,119057,320,57903,309,55881,24,5273,319,11639,334,56162,343,67801,California
Humboldt,2021-05-27,459,119516,245,58148,179,56060,35,5308,280,11775,179,56341,315,68116,California
Humboldt,2021-05-28,408,119924,194,58342,167,56227,47,5355,181,11777,226,56567,228,68344,California
Humboldt,2021-05-29,169,120093,102,58444,64,56291,3,5358,96,11803,73,56640,99,68443,California
Humboldt,2021-05-30,104,120197,45,58489,54,56345,5,5363,49,11803,54,56694,54,68497,California
Humboldt,2021-05-31,97,120294,51,58540,40,56385,6,5369,73,11858,23,56717,78,68575,California
Humboldt,2021-06-01,451,120745,268,58808,168,56553,15,5384,203,11829,247,56964,218,68793,California
Humboldt,2021-06-02,528,121273,249,59057,225,56778,54,5438,251,11861,271,57235,303,69096,California
Humboldt,2021-06-03,380,121653,225,59282,133,56911,22,5460,126,11783,226,57461,148,69244,California
Humboldt,2021-06-04,480,122133,305,59587,153,57064,22,5482,127,11623,308,57769,148,69392,California
Humboldt,2021-06-05,385,122518,294,59881,48,57112,43,5525,188,11709,145,57914,231,69623,California
Humboldt,2021-06-06,9,122527,2,59883,4,57116,3,5528,2,11707,7,57921,5,69628,California
Imperial,2020-12-16,1,1,1,1,0,0,0,0,1,1,0,0,1,1,California
Imperial,2020-12-17,4,5,4,5,0,0,0,0,4,5,0,0,4,5,California
Imperial,2020-12-18,12,17,12,17,0,0,0,0,12,17,0,0,12,17,California
Imperial,2020-12-20,2,19,2,19,0,0,0,0,2,19,0,0,2,19,California
Imperial,2020-12-21,186,205,186,205,0,0,0,0,186,205,0,0,186,205,California
Imperial,2020-12-22,241,446,239,444,2,2,0,0,241,446,0,0,241,446,California
Imperial,2020-12-23,211,657,210,654,1,3,0,0,210,656,0,0,210,656,California
Imperial,2020-12-24,5,662,5,659,0,3,0,0,5,661,0,0,5,661,California
Imperial,2020-12-26,2,664,1,660,1,4,0,0,2,663,0,0,2,663,California
Imperial,2020-12-27,62,726,0,660,62,66,0,0,62,725,0,0,62,725,California
Imperial,2020-12-28,214,940,114,774,100,166,0,0,214,939,0,0,214,939,California
Imperial,2020-12-29,189,1129,36,810,153,319,0,0,189,1128,0,0,189,1128,California
Imperial,2020-12-30,367,1496,50,860,317,636,0,0,367,1495,0,0,367,1495,California
Imperial,2020-12-31,198,1694,27,887,171,807,0,0,198,1693,0,0,198,1693,California
Imperial,2021-01-01,47,1741,5,892,42,849,0,0,47,1740,0,0,47,1740,California
Imperial,2021-01-02,4,1745,0,892,4,853,0,0,4,1744,0,0,4,1744,California
Imperial,2021-01-03,90,1835,0,892,90,943,0,0,90,1834,0,0,90,1834,California
Imperial,2021-01-04,85,1920,5,897,80,1023,0,0,85,1919,0,0,85,1919,California
Imperial,2021-01-05,172,2092,14,911,158,1181,0,0,172,2091,0,0,172,2091,California
Imperial,2021-01-06,189,2281,25,936,164,1345,0,0,188,2278,1,1,188,2279,California
Imperial,2021-01-07,322,2603,10,946,312,1657,0,0,319,2594,3,4,319,2598,California
Imperial,2021-01-08,192,2795,52,998,140,1797,0,0,182,2766,10,14,182,2780,California
Imperial,2021-01-09,24,2819,21,1019,3,1800,0,0,24,2790,0,14,24,2804,California
Imperial,2021-01-10,2,2821,0,1019,2,1802,0,0,2,2792,0,14,2,2806,California
Imperial,2021-01-11,403,3224,244,1263,159,1961,0,0,175,2739,228,242,175,2981,California
Imperial,2021-01-12,405,3629,302,1565,103,2064,0,0,143,2621,261,503,143,3124,California
Imperial,2021-01-13,378,4007,133,1698,245,2309,0,0,278,2799,100,603,278,3402,California
Imperial,2021-01-14,260,4267,150,1848,110,2419,0,0,254,3048,5,608,254,3656,California
Imperial,2021-01-15,239,4506,181,2029,58,2477,0,0,232,3273,7,615,232,3888,California
Imperial,2021-01-16,80,4586,74,2103,6,2483,0,0,79,3351,1,616,79,3967,California
Imperial,2021-01-17,10,4596,2,2105,8,2491,0,0,10,3361,0,616,10,3977,California
Imperial,2021-01-18,1063,5659,399,2504,664,3155,0,0,965,4229,98,714,966,4943,California
Imperial,2021-01-19,166,5825,130,2634,36,3191,0,0,119,4301,47,761,119,5062,California
Imperial,2021-01-20,295,6120,198,2832,97,3288,0,0,257,4520,38,799,257,5319,California
Imperial,2021-01-21,427,6547,193,3025,234,3522,0,0,405,4903,22,821,405,5724,California
Imperial,2021-01-22,462,7009,191,3216,271,3793,0,0,453,5347,9,830,453,6177,California
Imperial,2021-01-23,1041,8050,291,3507,750,4543,0,0,1040,6386,1,831,1040,7217,California
Imperial,2021-01-24,11,8061,4,3511,7,4550,0,0,11,6397,0,831,11,7228,California
Imperial,2021-01-25,215,8276,5,3516,210,4760,0,0,34,6252,179,1010,34,7262,California
Imperial,2021-01-26,374,8650,188,3704,186,4946,0,0,230,6339,143,1153,230,7492,California
Imperial,2021-01-27,580,9230,166,3870,414,5360,0,0,247,6253,333,1486,247,7739,California
Imperial,2021-01-28,640,9870,163,4033,477,5837,0,0,532,6677,108,1594,532,8271,California
Imperial,2021-01-29,430,10300,298,4331,132,5969,0,0,381,7009,49,1643,381,8652,California
Imperial,2021-01-30,60,10360,33,4364,27,5996,0,0,43,7035,17,1660,43,8695,California
Imperial,2021-01-31,19,10379,9,4373,10,6006,0,0,18,7052,1,1661,18,8713,California
Imperial,2021-02-01,425,10804,57,4430,368,6374,0,0,214,7057,209,1870,214,8927,California
Imperial,2021-02-02,689,11493,59,4489,630,7004,0,0,508,7384,181,2051,508,9435,California
Imperial,2021-02-03,463,11956,52,4541,411,7415,0,0,267,7456,195,2246,267,9702,California
Imperial,2021-02-04,1727,13683,1209,5750,518,7933,0,0,1415,8560,311,2557,1415,11117,California
Imperial,2021-02-05,401,14084,243,5993,158,8091,0,0,168,8494,234,2791,168,11285,California
Imperial,2021-02-06,860,14944,837,6830,23,8114,0,0,825,9282,37,2828,825,12110,California
Imperial,2021-02-07,22,14966,9,6839,13,8127,0,0,21,9302,1,2829,21,12131,California
Imperial,2021-02-08,260,15226,53,6892,207,8334,0,0,191,9424,69,2898,191,12322,California
Imperial,2021-02-09,481,15707,157,7049,324,8658,0,0,321,9585,160,3058,321,12643,California
Imperial,2021-02-10,468,16175,62,7111,406,9064,0,0,104,9326,364,3422,105,12748,California
Imperial,2021-02-11,1043,17218,371,7482,672,9736,0,0,151,8590,887,4309,151,12899,California
Imperial,2021-02-12,2153,19371,1429,8911,724,10460,0,0,1800,10035,356,4665,1801,14700,California
Imperial,2021-02-13,47,19418,17,8928,30,10490,0,0,43,10072,7,4672,44,14744,California
Imperial,2021-02-14,25,19443,12,8940,13,10503,0,0,22,10091,3,4675,22,14766,California
Imperial,2021-02-15,107,19550,19,8959,88,10591,0,0,90,10164,17,4692,90,14856,California
Imperial,2021-02-16,524,20074,273,9232,251,10842,0,0,304,10248,220,4912,304,15160,California
Imperial,2021-02-17,445,20519,288,9520,157,10999,0,0,87,9977,358,5270,87,15247,California
Imperial,2021-02-18,654,21173,316,9836,338,11337,0,0,146,9616,507,5777,146,15393,California
Imperial,2021-02-19,775,21948,384,10220,391,11728,0,0,195,9232,579,6356,195,15588,California
Imperial,2021-02-20,1046,22994,195,10415,851,12579,0,0,330,8850,714,7070,332,15920,California
Imperial,2021-02-21,593,23587,559,10974,34,12613,0,0,581,9420,11,7081,581,16501,California
Imperial,2021-02-22,809,24396,568,11542,241,12854,0,0,759,10129,50,7131,759,17260,California
Imperial,2021-02-23,974,25370,404,11946,570,13424,0,0,917,10990,57,7188,918,18178,California
Imperial,2021-02-24,731,26101,303,12249,428,13852,0,0,630,11520,100,7288,630,18808,California
Imperial,2021-02-25,871,26972,343,12592,528,14380,0,0,499,11654,371,7659,505,19313,California
Imperial,2021-02-26,2296,29268,1355,13947,941,15321,0,0,1812,12984,483,8142,1813,21126,California
Imperial,2021-02-27,870,30138,813,14760,57,15378,0,0,135,12383,737,8879,136,21262,California
Imperial,2021-02-28,33,30171,20,14780,13,15391,0,0,23,12396,10,8889,23,21285,California
Imperial,2021-03-01,520,30691,303,15083,214,15605,3,3,449,12781,68,8957,453,21738,California
Imperial,2021-03-02,691,31382,252,15335,438,16043,1,4,393,12881,296,9253,396,22134,California
Imperial,2021-03-03,932,32314,52,15387,879,16922,1,5,562,13088,367,9620,574,22708,California
Imperial,2021-03-04,773,33087,89,15476,683,17605,1,6,504,13355,267,9887,534,23242,California
Imperial,2021-03-05,3099,36186,2216,17692,883,18488,0,6,1740,13735,1362,11249,1742,24984,California
Imperial,2021-03-06,702,36888,238,17930,464,18952,0,6,658,14356,41,11290,662,25646,California
Imperial,2021-03-07,83,36971,41,17971,42,18994,0,6,58,14391,24,11314,59,25705,California
Imperial,2021-03-08,424,37395,339,18310,50,19044,35,41,366,14735,57,11371,401,26106,California
Imperial,2021-03-09,696,38091,321,18631,128,19172,247,288,404,15093,292,11663,650,26756,California
Imperial,2021-03-10,703,38794,327,18958,271,19443,105,393,329,15154,373,12036,434,27190,California
Imperial,2021-03-11,1806,40600,485,19443,1129,20572,192,585,1199,15952,603,12639,1401,28591,California
Imperial,2021-03-12,4784,45384,3467,22910,1133,21705,184,769,3078,17514,1700,14339,3262,31853,California
Imperial,2021-03-13,1158,46542,95,23005,838,22543,225,994,861,18310,294,14633,1090,32943,California
Imperial,2021-03-14,177,46719,36,23041,127,22670,14,1008,140,18428,37,14670,155,33098,California
Imperial,2021-03-15,695,47414,230,23271,203,22873,262,1270,394,18785,299,14969,656,33754,California
Imperial,2021-03-16,1126,48540,283,23554,373,23246,470,1740,562,19254,562,15531,1031,34785,California
Imperial,2021-03-17,1618,50158,703,24257,778,24024,137,1877,1025,19832,585,16116,1163,35948,California
Imperial,2021-03-18,1825,51983,1208,25465,557,24581,60,1937,1289,20651,532,16648,1351,37299,California
Imperial,2021-03-19,3753,55736,2755,28220,994,25575,4,1941,1892,20695,1853,18501,1897,39196,California
Imperial,2021-03-20,1770,57506,552,28772,1213,26788,5,1946,1320,21582,444,18945,1331,40527,California
Imperial,2021-03-21,218,57724,35,28807,179,26967,4,1950,160,21692,58,19003,168,40695,California
Imperial,2021-03-22,1064,58788,349,29156,707,27674,8,1958,630,21899,433,19436,640,41335,California
Imperial,2021-03-23,1451,60239,452,29608,993,28667,6,1964,942,22343,505,19941,949,42284,California
Imperial,2021-03-24,2162,62401,573,30181,1162,29829,427,2391,1169,22948,990,20931,1595,43879,California
Imperial,2021-03-25,3216,65617,697,30878,896,30725,1623,4014,1207,23764,2003,22934,2819,46698,California
Imperial,2021-03-26,3213,68830,1181,32059,1046,31771,986,5000,923,23393,2279,25213,1908,48606,California
Imperial,2021-03-27,621,69451,287,32346,282,32053,52,5052,449,23725,169,25382,501,49107,California
Imperial,2021-03-28,215,69666,54,32400,159,32212,2,5054,174,23861,40,25422,176,49283,California
Imperial,2021-03-29,1482,71148,361,32761,397,32609,724,5778,332,23768,1147,26569,1054,50337,California
Imperial,2021-03-30,2108,73256,693,33454,601,33210,814,6592,694,23861,1414,27983,1507,51844,California
Imperial,2021-03-31,1551,74807,734,34188,811,34021,6,6598,1028,24374,520,28503,1033,52877,California
Imperial,2021-04-01,2055,76862,435,34623,1375,35396,245,6843,883,24335,1166,29669,1127,54004,California
Imperial,2021-04-02,1947,78809,485,35108,1387,36783,75,6918,1325,25117,616,30285,1398,55402,California
Imperial,2021-04-03,1526,80335,436,35544,1011,37794,79,6997,708,25089,815,31100,787,56189,California
Imperial,2021-04-04,89,80424,45,35589,27,37821,17,7014,25,25067,64,31164,42,56231,California
Imperial,2021-04-05,3412,83836,2323,37912,924,38745,165,7179,808,23446,2594,33758,973,57204,California
Imperial,2021-04-06,1320,85156,534,38446,594,39339,192,7371,687,23698,628,34386,880,58084,California
Imperial,2021-04-07,2170,87326,561,39007,1233,40572,376,7747,1564,25026,611,34997,1939,60023,California
Imperial,2021-04-08,2218,89544,1086,40093,836,41408,296,8043,1075,25256,1139,36136,1369,61392,California
Imperial,2021-04-09,3220,92764,1661,41754,940,42348,619,8662,1511,25683,1701,37837,2128,63520,California
Imperial,2021-04-10,1300,94064,200,41954,826,43174,274,8936,236,25127,1061,38898,505,64025,California
Imperial,2021-04-11,220,94284,31,41985,157,43331,32,8968,76,25091,144,39042,108,64133,California
Imperial,2021-04-12,1451,95735,779,42764,451,43782,221,9189,823,25512,623,39665,1044,65177,California
Imperial,2021-04-13,2932,98667,1909,44673,1021,44803,2,9191,2040,26664,888,40553,2040,67217,California
Imperial,2021-04-14,2044,100711,956,45629,1088,45891,0,9191,1391,27408,648,41201,1392,68609,California
Imperial,2021-04-15,1980,102691,907,46536,1073,46964,0,9191,1356,28147,619,41820,1358,69967,California
Imperial,2021-04-16,3446,106137,1796,48332,1650,48614,0,9191,2152,29020,1280,43100,2153,72120,California
Imperial,2021-04-17,1819,107956,935,49267,882,49496,2,9193,1416,30041,398,43498,1419,73539,California
Imperial,2021-04-18,256,108212,74,49341,182,49678,0,9193,89,29965,165,43663,89,73628,California
Imperial,2021-04-19,849,109061,271,49612,578,50256,0,9193,472,30067,374,44037,476,74104,California
Imperial,2021-04-20,1334,110395,536,50148,798,51054,0,9193,747,30230,585,44622,748,74852,California
Imperial,2021-04-21,1387,111782,344,50492,1042,52096,1,9194,804,30457,577,45199,804,75656,California
Imperial,2021-04-22,2333,114115,819,51311,1514,53610,0,9194,1606,31349,716,45915,1608,77264,California
Imperial,2021-04-23,2828,116943,537,51848,2291,55901,0,9194,1093,30742,1704,47619,1097,78361,California
Imperial,2021-04-24,557,117500,332,52180,225,56126,0,9194,202,30592,352,47971,202,78563,California
Imperial,2021-04-25,269,117769,100,52280,169,56295,0,9194,136,30597,131,48102,136,78699,California
Imperial,2021-04-26,1219,118988,486,52766,729,57024,4,9198,708,30803,505,48607,711,79410,California
Imperial,2021-04-27,1100,120088,361,53127,729,57753,10,9208,546,30811,548,49155,556,79966,California
Imperial,2021-04-28,1495,121583,650,53777,816,58569,29,9237,678,30706,812,49967,707,80673,California
Imperial,2021-04-29,1847,123430,867,54644,933,59502,47,9284,819,30555,1018,50985,867,81540,California
Imperial,2021-04-30,3241,126671,1680,56324,1528,61030,33,9317,1575,30510,1655,52640,1610,83150,California
Imperial,2021-05-01,335,127006,140,56464,192,61222,3,9320,163,30505,172,52812,167,83317,California
Imperial,2021-05-02,85,127091,27,56491,56,61278,2,9322,51,30525,34,52846,54,83371,California
Imperial,2021-05-03,1639,128730,553,57044,1038,62316,48,9370,376,29696,1252,54098,423,83794,California
Imperial,2021-05-04,1760,130490,968,58012,765,63081,27,9397,541,29053,1211,55309,568,84362,California
Imperial,2021-05-05,1505,131995,894,58906,590,63671,21,9418,440,28462,1053,56362,462,84824,California
Imperial,2021-05-06,1686,133681,1110,60016,537,64208,39,9457,544,27909,1136,57498,583,85407,California
Imperial,2021-05-07,2432,136113,1348,61364,1039,65247,45,9502,840,27222,1575,59073,888,86295,California
Imperial,2021-05-08,562,136675,429,61793,125,65372,8,9510,166,27003,393,59466,174,86469,California
Imperial,2021-05-09,94,136769,63,61856,30,65402,1,9511,27,26967,64,59530,28,86497,California
Imperial,2021-05-10,1104,137873,282,62138,699,66101,123,9634,327,26646,770,60300,449,86946,California
Imperial,2021-05-11,1456,139329,466,62604,971,67072,19,9653,484,26189,964,61264,507,87453,California
Imperial,2021-05-12,846,140175,267,62871,541,67613,38,9691,295,25975,546,61810,332,87785,California
Imperial,2021-05-13,1642,141817,1050,63921,520,68133,72,9763,713,25839,920,62730,784,88569,California
Imperial,2021-05-14,1755,143572,967,64888,729,68862,59,9822,1153,26459,592,63322,1212,89781,California
Imperial,2021-05-15,1224,144796,469,65357,735,69597,20,9842,467,26195,751,64073,487,90268,California
Imperial,2021-05-16,120,144916,81,65438,36,69633,3,9845,48,26175,71,64144,51,90319,California
Imperial,2021-05-17,1908,146824,712,66150,1154,70787,42,9887,678,25672,1224,65368,721,91040,California
Imperial,2021-05-18,1591,148415,803,66953,716,71503,72,9959,870,25899,715,66083,942,91982,California
Imperial,2021-05-19,1282,149697,604,67557,609,72112,69,10028,611,25915,664,66747,680,92662,California
Imperial,2021-05-20,1464,151161,931,68488,467,72579,66,10094,672,25873,781,67528,739,93401,California
Imperial,2021-05-21,1740,152901,1104,69592,574,73153,62,10156,886,25976,846,68374,949,94350,California
Imperial,2021-05-22,240,153141,161,69753,63,73216,16,10172,127,26011,108,68482,143,94493,California
Imperial,2021-05-23,65,153206,17,69770,39,73255,9,10181,20,25997,43,68525,29,94522,California
Imperial,2021-05-24,1235,154441,604,70374,576,73831,55,10236,507,25838,721,69246,562,95084,California
Imperial,2021-05-25,1343,155784,460,70834,850,74681,33,10269,500,25537,834,70080,533,95617,California
Imperial,2021-05-26,931,156715,486,71320,404,75085,41,10310,397,25444,531,70611,438,96055,California
Imperial,2021-05-27,1307,158022,716,72036,521,75606,70,10380,636,25485,665,71276,706,96761,California
Imperial,2021-05-28,989,159011,568,72604,351,75957,70,10450,374,25321,608,71884,444,97205,California
Imperial,2021-05-29,215,159226,119,72723,90,76047,6,10456,109,25330,106,71990,115,97320,California
Imperial,2021-05-30,95,159321,27,72750,66,76113,2,10458,64,25365,31,72021,66,97386,California
Imperial,2021-05-31,77,159398,19,72769,52,76165,6,10464,35,25364,42,72063,41,97427,California
Imperial,2021-06-01,1148,160546,523,73292,562,76727,63,10527,453,25193,688,72751,517,97944,California
Imperial,2021-06-02,1041,161587,568,73860,386,77113,87,10614,526,25293,511,73262,611,98555,California
Imperial,2021-06-03,936,162523,532,74392,336,77449,68,10682,440,25310,491,73753,508,99063,California
Imperial,2021-06-04,1578,164101,1075,75467,415,77864,88,10770,684,25194,887,74640,771,99834,California
Imperial,2021-06-05,299,164400,190,75657,98,77962,11,10781,151,25211,145,74785,162,99996,California
Imperial,2021-06-06,33,164433,10,75667,12,77974,11,10792,10,25209,23,74808,21,100017,California
Inyo,2020-12-19,85,85,85,85,0,0,0,0,85,85,0,0,85,85,California
Inyo,2020-12-20,58,143,58,143,0,0,0,0,58,143,0,0,58,143,California
Inyo,2020-12-21,88,231,85,228,3,3,0,0,88,231,0,0,88,231,California
Inyo,2020-12-22,104,335,104,332,0,3,0,0,104,335,0,0,104,335,California
Inyo,2020-12-23,69,404,66,398,3,6,0,0,69,404,0,0,69,404,California
Inyo,2020-12-24,16,420,16,414,0,6,0,0,16,420,0,0,16,420,California
Inyo,2020-12-25,1,421,0,414,1,7,0,0,1,421,0,0,1,421,California
Inyo,2020-12-26,74,495,74,488,0,7,0,0,74,495,0,0,74,495,California
Inyo,2020-12-28,48,543,36,524,12,19,0,0,48,543,0,0,48,543,California
Inyo,2020-12-29,19,562,19,543,0,19,0,0,19,562,0,0,19,562,California
Inyo,2020-12-30,56,618,54,597,2,21,0,0,56,618,0,0,56,618,California
Inyo,2020-12-31,29,647,0,597,29,50,0,0,29,647,0,0,29,647,California
Inyo,2021-01-01,1,648,0,597,1,51,0,0,1,648,0,0,1,648,California
Inyo,2021-01-03,1,649,0,597,1,52,0,0,1,649,0,0,1,649,California
Inyo,2021-01-04,2,651,1,598,1,53,0,0,2,651,0,0,2,651,California
Inyo,2021-01-05,34,685,0,598,34,87,0,0,34,685,0,0,34,685,California
Inyo,2021-01-06,64,749,0,598,64,151,0,0,64,749,0,0,64,749,California
Inyo,2021-01-07,31,780,1,599,30,181,0,0,31,780,0,0,31,780,California
Inyo,2021-01-08,9,789,8,607,1,182,0,0,4,780,5,5,5,785,California
Inyo,2021-01-09,87,876,86,693,1,183,0,0,1,695,86,91,1,786,California
Inyo,2021-01-10,52,928,52,745,0,183,0,0,0,643,52,143,0,786,California
Inyo,2021-01-11,97,1025,82,827,15,198,0,0,16,578,81,224,16,802,California
Inyo,2021-01-12,137,1162,116,943,21,219,0,0,27,495,110,334,27,829,California
Inyo,2021-01-13,86,1248,68,1011,18,237,0,0,21,452,65,399,22,851,California
Inyo,2021-01-14,59,1307,13,1024,46,283,0,0,49,491,10,409,49,900,California
Inyo,2021-01-15,160,1467,28,1052,132,415,0,0,160,651,0,409,160,1060,California
Inyo,2021-01-16,74,1541,73,1125,1,416,0,0,1,579,73,482,1,1061,California
Inyo,2021-01-18,58,1599,36,1161,22,438,0,0,19,559,39,521,19,1080,California
Inyo,2021-01-19,112,1711,71,1232,41,479,0,0,95,637,17,538,95,1175,California
Inyo,2021-01-20,146,1857,70,1302,76,555,0,0,92,675,54,592,92,1267,California
Inyo,2021-01-21,117,1974,57,1359,60,615,0,0,116,790,1,593,116,1383,California
Inyo,2021-01-22,62,2036,0,1359,62,677,0,0,61,850,1,594,61,1444,California
Inyo,2021-01-23,52,2088,51,1410,1,678,0,0,52,902,0,594,52,1496,California
Inyo,2021-01-25,49,2137,6,1416,43,721,0,0,37,927,12,606,37,1533,California
Inyo,2021-01-26,134,2271,53,1469,81,802,0,0,128,1049,6,612,128,1661,California
Inyo,2021-01-27,24,2295,2,1471,22,824,0,0,23,1071,1,613,23,1684,California
Inyo,2021-01-28,92,2387,2,1473,90,914,0,0,63,1105,29,642,63,1747,California
Inyo,2021-01-29,25,2412,3,1476,22,936,0,0,23,1126,2,644,23,1770,California
Inyo,2021-01-30,10,2422,0,1476,10,946,0,0,10,1136,0,644,10,1780,California
Inyo,2021-01-31,28,2450,3,1479,25,971,0,0,3,1114,25,669,3,1783,California
Inyo,2021-02-01,10,2460,9,1488,1,972,0,0,0,1104,10,679,0,1783,California
Inyo,2021-02-02,130,2590,14,1502,116,1088,0,0,104,1182,26,705,104,1887,California
Inyo,2021-02-03,114,2704,0,1502,114,1202,0,0,73,1214,41,746,73,1960,California
Inyo,2021-02-04,148,2852,32,1534,116,1318,0,0,89,1244,59,805,89,2049,California
Inyo,2021-02-05,114,2966,58,1592,56,1374,0,0,112,1354,2,807,112,2161,California
Inyo,2021-02-06,4,2970,2,1594,2,1376,0,0,3,1356,1,808,3,2164,California
Inyo,2021-02-07,4,2974,2,1596,2,1378,0,0,4,1360,0,808,4,2168,California
Inyo,2021-02-08,116,3090,6,1602,110,1488,0,0,97,1438,19,827,97,2265,California
Inyo,2021-02-09,195,3285,52,1654,143,1631,0,0,124,1491,71,898,124,2389,California
Inyo,2021-02-10,140,3425,16,1670,124,1755,0,0,107,1565,33,931,107,2496,California
Inyo,2021-02-11,220,3645,56,1726,164,1919,0,0,126,1597,94,1025,126,2622,California
Inyo,2021-02-12,296,3941,51,1777,245,2164,0,0,167,1635,129,1154,167,2789,California
Inyo,2021-02-13,57,3998,52,1829,5,2169,0,0,6,1590,51,1205,6,2795,California
Inyo,2021-02-14,1,3999,0,1829,1,2170,0,0,1,1591,0,1205,1,2796,California
Inyo,2021-02-15,28,4027,9,1838,19,2189,0,0,5,1573,23,1228,5,2801,California
Inyo,2021-02-16,177,4204,49,1887,128,2317,0,0,91,1579,85,1313,91,2892,California
Inyo,2021-02-17,38,4242,4,1891,34,2351,0,0,8,1557,30,1343,8,2900,California
Inyo,2021-02-18,119,4361,6,1897,113,2464,0,0,79,1596,40,1383,79,2979,California
Inyo,2021-02-19,52,4413,5,1902,47,2511,0,0,9,1562,43,1426,9,2988,California
Inyo,2021-02-20,505,4918,500,2402,5,2516,0,0,503,2063,2,1428,503,3491,California
Inyo,2021-02-21,441,5359,441,2843,0,2516,0,0,441,2504,0,1428,441,3932,California
Inyo,2021-02-22,60,5419,18,2861,42,2558,0,0,26,2496,34,1462,26,3958,California
Inyo,2021-02-23,197,5616,18,2879,179,2737,0,0,94,2488,102,1564,94,4052,California
Inyo,2021-02-24,118,5734,0,2879,118,2855,0,0,57,2484,61,1625,57,4109,California
Inyo,2021-02-25,130,5864,3,2882,127,2982,0,0,61,2476,69,1694,61,4170,California
Inyo,2021-02-26,100,5964,57,2939,43,3025,0,0,19,2414,81,1775,19,4189,California
Inyo,2021-02-27,14,5978,3,2942,11,3036,0,0,2,2404,12,1787,2,4191,California
Inyo,2021-02-28,3,5981,1,2943,2,3038,0,0,2,2405,1,1788,2,4193,California
Inyo,2021-03-01,19,6000,2,2945,17,3055,0,0,17,2420,2,1790,17,4210,California
Inyo,2021-03-02,193,6193,0,2945,193,3248,0,0,108,2443,85,1875,108,4318,California
Inyo,2021-03-03,83,6276,3,2948,80,3328,0,0,41,2442,42,1917,41,4359,California
Inyo,2021-03-04,125,6401,3,2951,122,3450,0,0,45,2407,80,1997,45,4404,California
Inyo,2021-03-05,140,6541,54,3005,86,3536,0,0,39,2345,101,2098,39,4443,California
Inyo,2021-03-06,23,6564,1,3006,22,3558,0,0,22,2366,1,2099,22,4465,California
Inyo,2021-03-07,6,6570,3,3009,3,3561,0,0,4,2368,2,2101,4,4469,California
Inyo,2021-03-08,173,6743,5,3014,168,3729,0,0,82,2359,91,2192,82,4551,California
Inyo,2021-03-09,190,6933,3,3017,187,3916,0,0,74,2317,116,2308,74,4625,California
Inyo,2021-03-10,71,7004,9,3026,61,3977,1,1,30,2307,41,2349,31,4656,California
Inyo,2021-03-11,204,7208,1,3027,198,4175,5,6,74,2256,130,2479,79,4735,California
Inyo,2021-03-12,176,7384,4,3031,167,4342,5,11,78,2241,98,2577,83,4818,California
Inyo,2021-03-13,576,7960,542,3573,25,4367,9,20,67,1809,508,3085,76,4894,California
Inyo,2021-03-14,440,8400,439,4012,1,4368,0,20,5,1380,434,3519,5,4899,California
Inyo,2021-03-15,50,8450,14,4026,34,4402,2,22,30,1392,20,3539,32,4931,California
Inyo,2021-03-16,162,8612,3,4029,153,4555,6,28,63,1363,98,3637,69,5000,California
Inyo,2021-03-17,108,8720,3,4032,98,4653,7,35,92,1446,16,3653,99,5099,California
Inyo,2021-03-18,183,8903,15,4047,161,4814,7,42,103,1476,80,3733,110,5209,California
Inyo,2021-03-19,44,8947,3,4050,37,4851,4,46,35,1506,9,3742,39,5248,California
Inyo,2021-03-20,19,8966,1,4051,9,4860,9,55,0,1496,19,3761,9,5257,California
Inyo,2021-03-22,58,9024,2,4053,51,4911,5,60,38,1519,20,3781,43,5300,California
Inyo,2021-03-23,194,9218,3,4056,187,5098,4,64,105,1539,89,3870,109,5409,California
Inyo,2021-03-24,140,9358,3,4059,133,5231,4,68,86,1575,54,3924,90,5499,California
Inyo,2021-03-25,329,9687,109,4168,217,5448,3,71,264,1777,65,3989,267,5766,California
Inyo,2021-03-26,91,9778,3,4171,84,5532,4,75,71,1832,20,4009,75,5841,California
Inyo,2021-03-27,50,9828,42,4213,5,5537,3,78,44,1873,6,4015,47,5888,California
Inyo,2021-03-28,3,9831,0,4213,2,5539,1,79,1,1873,2,4017,2,5890,California
Inyo,2021-03-29,108,9939,2,4215,101,5640,5,84,81,1933,26,4043,86,5976,California
Inyo,2021-03-30,218,10157,2,4217,211,5851,5,89,108,1936,110,4153,113,6089,California
Inyo,2021-03-31,150,10307,3,4220,141,5992,6,95,108,2008,42,4195,114,6203,California
Inyo,2021-04-01,166,10473,4,4224,161,6153,1,96,117,2077,49,4244,118,6321,California
Inyo,2021-04-02,79,10552,1,4225,76,6229,2,98,49,2098,30,4274,51,6372,California
Inyo,2021-04-03,79,10631,40,4265,26,6255,13,111,3,2039,74,4348,15,6387,California
Inyo,2021-04-04,5,10636,4,4269,0,6255,1,112,1,2037,4,4352,2,6389,California
Inyo,2021-04-05,108,10744,1,4270,103,6358,4,116,29,1991,79,4431,33,6422,California
Inyo,2021-04-06,234,10978,4,4274,167,6525,63,179,103,2026,131,4562,166,6588,California
Inyo,2021-04-07,206,11184,2,4276,76,6601,128,307,47,2042,159,4721,175,6763,California
Inyo,2021-04-08,181,11365,15,4291,149,6750,17,324,81,2040,100,4821,98,6861,California
Inyo,2021-04-09,125,11490,6,4297,96,6846,23,347,37,2013,87,4908,60,6921,California
Inyo,2021-04-10,41,11531,1,4298,23,6869,17,364,3,1995,38,4946,20,6941,California
Inyo,2021-04-11,1,11532,0,4298,1,6870,0,364,1,1996,0,4946,1,6942,California
Inyo,2021-04-12,79,11611,0,4298,74,6944,5,369,41,2004,38,4984,46,6988,California
Inyo,2021-04-13,121,11732,4,4302,114,7058,3,372,62,2011,58,5042,65,7053,California
Inyo,2021-04-14,130,11862,2,4304,128,7186,0,372,45,1971,85,5127,45,7098,California
Inyo,2021-04-15,273,12135,116,4420,157,7343,0,372,78,1854,195,5322,78,7176,California
Inyo,2021-04-16,46,12181,5,4425,41,7384,0,372,18,1844,28,5350,18,7194,California
Inyo,2021-04-17,2,12183,1,4426,1,7385,0,372,1,1844,1,5351,1,7195,California
Inyo,2021-04-19,122,12305,39,4465,83,7468,0,372,41,1804,81,5432,41,7236,California
Inyo,2021-04-20,163,12468,2,4467,161,7629,0,372,79,1799,84,5516,79,7315,California
Inyo,2021-04-21,112,12580,3,4470,109,7738,0,372,32,1751,80,5596,32,7347,California
Inyo,2021-04-22,196,12776,1,4471,195,7933,0,372,51,1657,145,5741,51,7398,California
Inyo,2021-04-23,95,12871,4,4475,91,8024,0,372,22,1606,73,5814,22,7420,California
Inyo,2021-04-24,309,13180,308,4783,1,8025,0,372,305,1907,4,5818,305,7725,California
Inyo,2021-04-25,133,13313,132,4915,1,8026,0,372,133,2040,0,5818,133,7858,California
Inyo,2021-04-26,91,13404,1,4916,89,8115,1,373,10,1971,80,5898,11,7869,California
Inyo,2021-04-27,183,13587,6,4922,172,8287,5,378,47,1887,136,6034,52,7921,California
Inyo,2021-04-28,122,13709,2,4924,118,8405,2,380,20,1807,102,6136,22,7943,California
Inyo,2021-04-29,170,13879,55,4979,115,8520,0,380,76,1789,94,6230,76,8019,California
Inyo,2021-04-30,82,13961,5,4984,76,8596,1,381,23,1754,59,6289,24,8043,California
Inyo,2021-05-01,12,13973,3,4987,9,8605,0,381,10,1762,2,6291,10,8053,California
Inyo,2021-05-02,7,13980,3,4990,2,8607,2,383,4,1765,3,6294,6,8059,California
Inyo,2021-05-03,38,14018,1,4991,33,8640,4,387,5,1741,33,6327,9,8068,California
Inyo,2021-05-04,122,14140,2,4993,116,8756,4,391,21,1665,101,6428,25,8093,California
Inyo,2021-05-05,36,14176,0,4993,34,8790,2,393,11,1653,25,6453,13,8106,California
Inyo,2021-05-06,92,14268,4,4997,80,8870,8,401,12,1593,80,6533,20,8126,California
Inyo,2021-05-07,49,14317,4,5001,37,8907,8,409,24,1601,24,6557,32,8158,California
Inyo,2021-05-08,11,14328,2,5003,4,8911,5,414,4,1603,7,6564,9,8167,California
Inyo,2021-05-09,1,14329,0,5003,1,8912,0,414,0,1602,1,6565,0,8167,California
Inyo,2021-05-10,69,14398,1,5004,66,8978,2,416,30,1596,39,6604,33,8200,California
Inyo,2021-05-11,87,14485,1,5005,83,9061,3,419,20,1552,67,6671,23,8223,California
Inyo,2021-05-12,43,14528,1,5006,40,9101,2,421,11,1533,32,6703,13,8236,California
Inyo,2021-05-13,74,14602,1,5007,72,9173,1,422,11,1482,63,6766,12,8248,California
Inyo,2021-05-14,25,14627,3,5010,17,9190,5,427,12,1486,13,6779,17,8265,California
Inyo,2021-05-15,377,15004,365,5375,10,9200,2,429,85,1281,292,7071,87,8352,California
Inyo,2021-05-16,198,15202,198,5573,0,9200,0,429,71,1225,127,7198,71,8423,California
Inyo,2021-05-17,62,15264,3,5576,55,9255,4,433,19,1206,42,7240,23,8446,California
Inyo,2021-05-18,83,15347,2,5578,80,9335,1,434,17,1158,66,7306,18,8464,California
Inyo,2021-05-19,47,15394,2,5580,40,9375,5,439,13,1142,34,7340,18,8482,California
Inyo,2021-05-20,143,15537,80,5660,62,9437,1,440,34,1068,109,7449,35,8517,California
Inyo,2021-05-21,47,15584,18,5678,25,9462,4,444,19,1063,28,7477,23,8540,California
Inyo,2021-05-22,25,15609,15,5693,7,9469,3,447,18,1077,7,7484,21,8561,California
Inyo,2021-05-23,2,15611,1,5694,0,9469,1,448,0,1076,2,7486,1,8562,California
Inyo,2021-05-24,33,15644,6,5700,24,9493,3,451,13,1072,20,7506,16,8578,California
Inyo,2021-05-25,82,15726,39,5739,41,9534,2,453,47,1086,35,7541,49,8627,California
Inyo,2021-05-26,32,15758,5,5744,25,9559,2,455,10,1076,22,7563,12,8639,California
Inyo,2021-05-27,40,15798,11,5755,21,9580,8,463,13,1071,26,7589,21,8660,California
Inyo,2021-05-28,26,15824,6,5761,15,9595,5,468,8,1066,18,7607,13,8673,California
Inyo,2021-05-29,15,15839,5,5766,10,9605,0,468,6,1063,9,7616,6,8679,California
Inyo,2021-05-30,2,15841,0,5766,2,9607,0,468,0,1061,2,7618,0,8679,California
Inyo,2021-06-01,53,15894,16,5782,31,9638,6,474,23,1060,30,7648,29,8708,California
Inyo,2021-06-02,9,15903,7,5789,1,9639,1,475,8,1068,1,7649,9,8717,California
Inyo,2021-06-03,25,15928,0,5789,18,9657,7,482,1,1052,24,7673,8,8725,California
Inyo,2021-06-04,33,15961,7,5796,22,9679,4,486,13,1049,20,7693,17,8742,California
Inyo,2021-06-05,20,15981,11,5807,8,9687,1,487,6,1042,14,7707,7,8749,California
Inyo,2021-06-06,1,15982,1,5808,0,9687,0,487,1,1043,0,7707,1,8750,California
Kern,2020-12-15,1,1,1,1,0,0,0,0,1,1,0,0,1,1,California
Kern,2020-12-16,18,19,18,19,0,0,0,0,18,19,0,0,18,19,California
Kern,2020-12-17,163,182,163,182,0,0,0,0,163,182,0,0,163,182,California
Kern,2020-12-18,323,505,323,505,0,0,0,0,323,505,0,0,323,505,California
Kern,2020-12-19,99,604,99,604,0,0,0,0,100,605,0,0,100,605,California
Kern,2020-12-20,61,665,61,665,0,0,0,0,61,666,0,0,61,666,California
Kern,2020-12-21,670,1335,669,1334,1,1,0,0,670,1336,0,0,670,1336,California
Kern,2020-12-22,530,1865,528,1862,2,3,0,0,530,1866,0,0,530,1866,California
Kern,2020-12-23,556,2421,418,2280,138,141,0,0,556,2422,0,0,556,2422,California
Kern,2020-12-24,122,2543,43,2323,79,220,0,0,122,2544,0,0,122,2544,California
Kern,2020-12-25,1,2544,1,2324,0,220,0,0,1,2545,0,0,1,2545,California
Kern,2020-12-26,33,2577,1,2325,32,252,0,0,33,2578,0,0,33,2578,California
Kern,2020-12-27,35,2612,3,2328,32,284,0,0,35,2613,0,0,35,2613,California
Kern,2020-12-28,825,3437,661,2989,164,448,0,0,825,3438,0,0,825,3438,California
Kern,2020-12-29,743,4180,450,3439,293,741,0,0,742,4179,1,1,742,4180,California
Kern,2020-12-30,1204,5384,912,4351,292,1033,0,0,1204,5383,0,1,1204,5384,California
Kern,2020-12-31,277,5661,99,4450,178,1211,0,0,277,5660,0,1,277,5661,California
Kern,2021-01-01,16,5677,9,4459,7,1218,0,0,16,5676,0,1,16,5677,California
Kern,2021-01-02,79,5756,18,4477,61,1279,0,0,79,5755,0,1,79,5756,California
Kern,2021-01-03,23,5779,4,4481,19,1298,0,0,23,5778,0,1,23,5779,California
Kern,2021-01-04,556,6335,361,4842,195,1493,0,0,556,6334,0,1,556,6335,California
Kern,2021-01-05,1133,7468,738,5580,395,1888,0,0,1121,7443,12,13,1121,7456,California
Kern,2021-01-06,1161,8629,449,6029,712,2600,0,0,1131,8544,30,43,1131,8587,California
Kern,2021-01-07,1402,10031,486,6515,916,3516,0,0,1234,9611,167,210,1234,9821,California
Kern,2021-01-08,1625,11656,766,7281,859,4375,0,0,1328,10642,298,508,1329,11150,California
Kern,2021-01-09,228,11884,78,7359,150,4525,0,0,193,10800,35,543,193,11343,California
Kern,2021-01-10,194,12078,149,7508,45,4570,0,0,153,10912,41,584,153,11496,California
Kern,2021-01-11,1559,13637,987,8495,572,5142,0,0,1001,11355,558,1142,1001,12497,California
Kern,2021-01-12,1867,15504,812,9307,1055,6197,0,0,1355,12198,512,1654,1355,13852,California
Kern,2021-01-13,1852,17356,869,10176,983,7180,0,0,1433,13212,419,2073,1433,15285,California
Kern,2021-01-14,2188,19544,646,10822,1542,8722,0,0,2142,15308,46,2119,2142,17427,California
Kern,2021-01-15,2708,22252,854,11676,1854,10576,0,0,2611,17825,95,2214,2612,20039,California
Kern,2021-01-16,671,22923,211,11887,460,11036,0,0,636,18426,35,2249,636,20675,California
Kern,2021-01-17,73,22996,7,11894,66,11102,0,0,71,18495,2,2251,71,20746,California
Kern,2021-01-18,1645,24641,657,12551,988,12090,0,0,1479,19808,166,2417,1479,22225,California
Kern,2021-01-19,1853,26494,1032,13583,821,12911,0,0,1390,20736,463,2880,1391,23616,California
Kern,2021-01-20,2617,29111,1682,15265,935,13846,0,0,1913,21952,699,3579,1915,25531,California
Kern,2021-01-21,2110,31221,867,16132,1243,15089,0,0,1914,23671,195,3774,1914,27445,California
Kern,2021-01-22,2713,33934,1299,17431,1414,16503,0,0,2435,25829,277,4051,2435,29880,California
Kern,2021-01-23,1248,35182,541,17972,707,17210,0,0,1202,26985,46,4097,1202,31082,California
Kern,2021-01-24,152,35334,11,17983,141,17351,0,0,146,27125,6,4103,146,31228,California
Kern,2021-01-25,2387,37721,1087,19070,1300,18651,0,0,1902,28544,484,4587,1903,33131,California
Kern,2021-01-26,2771,40492,1128,20198,1643,20294,0,0,1911,29596,859,5446,1911,35042,California
Kern,2021-01-27,3557,44049,1902,22100,1655,21949,0,0,2859,31760,695,6141,2859,37901,California
Kern,2021-01-28,2874,46923,1358,23458,1516,23465,0,0,2443,33780,426,6567,2446,40347,California
Kern,2021-01-29,3784,50707,1798,25256,1986,25451,0,0,3238,36475,543,7110,3238,43585,California
Kern,2021-01-30,1329,52036,500,25756,829,26280,0,0,1279,37706,48,7158,1279,44864,California
Kern,2021-01-31,403,52439,276,26032,127,26407,0,0,268,37839,135,7293,268,45132,California
Kern,2021-02-01,2598,55037,990,27022,1608,28015,0,0,1885,39015,710,8003,1886,47018,California
Kern,2021-02-02,2752,57789,798,27820,1954,29969,0,0,2050,40364,702,8705,2051,49069,California
Kern,2021-02-03,3664,61453,1553,29373,2111,32080,0,0,2694,42095,963,9668,2694,51763,California
Kern,2021-02-04,3805,65258,1452,30825,2353,34433,0,0,2587,43474,1208,10876,2587,54350,California
Kern,2021-02-05,4854,70112,1989,32814,2865,37298,0,0,3094,44827,1741,12617,3094,57444,California
Kern,2021-02-06,1742,71854,769,33583,973,38271,0,0,1516,46120,223,12840,1516,58960,California
Kern,2021-02-07,284,72138,151,33734,133,38404,0,0,267,46372,15,12855,267,59227,California
Kern,2021-02-08,2562,74700,784,34518,1778,40182,0,0,1256,46341,1288,14143,1257,60484,California
Kern,2021-02-09,3039,77739,987,35505,2052,42234,0,0,1464,46239,1566,15709,1464,61948,California
Kern,2021-02-10,3792,81531,1661,37166,2131,44365,0,0,1872,46209,1903,17612,1873,63821,California
Kern,2021-02-11,4265,85796,1535,38701,2730,47095,0,0,2222,46402,2030,19642,2223,66044,California
Kern,2021-02-12,4950,90746,1891,40592,3059,50154,0,0,2468,46402,2468,22110,2468,68512,California
Kern,2021-02-13,2009,92755,727,41319,1282,51436,0,0,1161,46717,846,22956,1161,69673,California
Kern,2021-02-14,351,93106,12,41331,339,51775,0,0,269,46905,81,23037,269,69942,California
Kern,2021-02-15,2744,95850,896,42227,1848,53623,0,0,1211,46592,1524,24561,1211,71153,California
Kern,2021-02-16,2936,98786,711,42938,2225,55848,0,0,1647,46960,1280,25841,1648,72801,California
Kern,2021-02-17,4069,102855,2077,45015,1992,57840,0,0,1925,46748,2138,27979,1926,74727,California
Kern,2021-02-18,3762,106617,1487,46502,2275,60115,0,0,1628,46252,2124,30103,1628,76355,California
Kern,2021-02-19,4190,110807,1914,48416,2276,62391,0,0,1735,45539,2448,32551,1735,78090,California
Kern,2021-02-20,2580,113387,967,49383,1613,64004,0,0,1347,45657,1229,33780,1347,79437,California
Kern,2021-02-21,258,113645,152,49535,106,64110,0,0,89,45579,167,33947,89,79526,California
Kern,2021-02-22,2670,116315,1154,50689,1516,65626,0,0,1431,45776,1234,35181,1431,80957,California
Kern,2021-02-23,3565,119880,1131,51820,2434,68060,0,0,1993,46200,1570,36751,1994,82951,California
Kern,2021-02-24,5199,125079,2289,54109,2910,70970,0,0,3103,47211,2092,38843,3103,86054,California
Kern,2021-02-25,5375,130454,2457,56566,2918,73888,0,0,3194,48243,2162,41005,3194,89248,California
Kern,2021-02-26,6909,137363,3536,60102,3373,77261,0,0,4354,50050,2548,43553,4355,93603,California
Kern,2021-02-27,3952,141315,1982,62084,1970,79231,0,0,2613,51332,1331,44884,2613,96216,California
Kern,2021-02-28,916,142231,503,62587,412,79643,1,1,695,51809,219,45103,696,96912,California
Kern,2021-03-01,4004,146235,1819,64406,2181,81824,4,5,2691,53200,1304,46407,2695,99607,California
Kern,2021-03-02,4474,150709,1412,65818,3061,84885,1,6,2952,54641,1511,47918,2952,102559,California
Kern,2021-03-03,5938,156647,2814,68632,3124,88009,0,6,3840,56398,2084,50002,3841,106400,California
Kern,2021-03-04,5617,162264,2212,70844,3402,91411,3,9,3620,58037,1983,51985,3622,110022,California
Kern,2021-03-05,6653,168917,2860,73704,3774,95185,19,28,4215,59843,2428,54413,4234,114256,California
Kern,2021-03-06,4747,173664,1926,75630,2714,97899,107,135,3469,62148,1270,55683,3575,117831,California
Kern,2021-03-07,2064,175728,1596,77226,412,98311,56,191,1865,63871,198,55881,1921,119752,California
Kern,2021-03-08,2900,178628,924,78150,1754,100065,222,413,1525,64244,1372,57253,1745,121497,California
Kern,2021-03-09,3716,182344,804,78954,2530,102595,382,795,2318,65551,1390,58643,2697,124194,California
Kern,2021-03-10,6134,188478,2561,81515,2499,105094,1074,1869,3594,67692,2525,61168,4666,128860,California
Kern,2021-03-11,6336,194814,2444,83959,2866,107960,1026,2895,3777,69942,2548,63716,4798,133658,California
Kern,2021-03-12,7831,202645,3073,87032,3406,111366,1352,4247,4321,72107,3497,67213,5662,139320,California
Kern,2021-03-13,4665,207310,2529,89561,1800,113166,336,4583,3244,74267,1414,68627,3574,142894,California
Kern,2021-03-14,2295,209605,1519,91080,535,113701,241,4824,1774,75758,521,69148,2012,144906,California
Kern,2021-03-15,4270,213875,1103,92183,2454,116155,713,5537,2201,76608,2057,71205,2907,147813,California
Kern,2021-03-16,4342,218217,1013,93196,2793,118948,536,6073,2331,77470,2001,73206,2863,150676,California
Kern,2021-03-17,7491,225708,4057,97253,2885,121833,549,6622,4528,79596,2950,76156,5076,155752,California
Kern,2021-03-18,7278,232986,3684,100937,3007,124840,587,7209,4406,81733,2852,79008,4989,160741,California
Kern,2021-03-19,8987,241973,4988,105925,3345,128185,654,7863,4716,82843,4254,83262,5364,166105,California
Kern,2021-03-20,6174,248147,3821,109746,2179,130364,174,8037,3915,84685,2248,85510,4090,170195,California
Kern,2021-03-21,3051,251198,1933,111679,236,130600,882,8919,1847,86216,1197,86707,2728,172923,California
Kern,2021-03-22,3990,255188,1568,113247,2068,132668,354,9273,1937,86472,2036,88743,2292,175215,California
Kern,2021-03-23,4739,259927,1676,114923,2866,135534,197,9470,2487,86931,2223,90966,2682,177897,California
Kern,2021-03-24,7182,267109,3678,118601,3027,138561,477,9947,3653,87548,3511,94477,4128,182025,California
Kern,2021-03-25,6768,273877,3005,121606,3433,141994,330,10277,3277,87678,3474,97951,3604,185629,California
Kern,2021-03-26,9872,283749,4412,126018,4203,146197,1257,11534,4737,88554,5117,103068,5993,191622,California
Kern,2021-03-27,5708,289457,3998,130016,1582,147779,128,11662,3446,89868,2259,105327,3573,195195,California
Kern,2021-03-28,4693,294150,4202,134218,477,148256,14,11676,2958,91107,1733,107060,2972,198167,California
Kern,2021-03-29,4255,298405,1681,135899,2297,150553,277,11953,2611,92360,1632,108692,2885,201052,California
Kern,2021-03-30,5598,304003,1870,137769,3343,153896,385,12338,3069,93288,2524,111216,3452,204504,California
Kern,2021-03-31,8407,312410,4537,142306,3222,157118,648,12986,4340,94223,4051,115267,4986,209490,California
Kern,2021-04-01,7895,320305,3873,146179,3722,160840,300,13286,4227,95099,3647,118914,4523,214013,California
Kern,2021-04-02,8453,328758,4463,150642,3381,164221,609,13895,4225,95713,4212,123126,4826,218839,California
Kern,2021-04-03,5995,334753,3671,154313,2141,166362,183,14078,2663,95233,3323,126449,2843,221682,California
Kern,2021-04-04,1334,336087,871,155184,379,166741,84,14162,473,94932,858,127307,557,222239,California
Kern,2021-04-05,5367,341454,2221,157405,2376,169117,770,14932,2902,96124,2451,129758,3643,225882,California
Kern,2021-04-06,7112,348566,2465,159870,3272,172389,1375,16307,3568,97543,3521,133279,4940,230822,California
Kern,2021-04-07,9371,357937,5466,165336,2943,175332,962,17269,4567,98286,4786,138065,5529,236351,California
Kern,2021-04-08,8667,366604,4798,170134,2957,178289,912,18181,3730,98006,4913,142978,4633,240984,California
Kern,2021-04-09,10248,376852,5132,175266,4125,182414,991,19172,4334,97469,5889,148867,5352,246336,California
Kern,2021-04-10,6571,383423,3451,178717,1873,184287,1247,20419,2129,96408,4432,153299,3371,249707,California
Kern,2021-04-11,3864,387287,2899,181616,357,184644,608,21027,1256,95672,2595,155894,1859,251566,California
Kern,2021-04-12,4398,391685,989,182605,2436,187080,973,22000,1578,95422,2800,158694,2550,254116,California
Kern,2021-04-13,4278,395963,1408,184013,2845,189925,25,22025,2107,95395,2159,160853,2132,256248,California
Kern,2021-04-14,6041,402004,2967,186980,3052,192977,22,22047,2987,95366,3037,163890,3008,259256,California
Kern,2021-04-15,5265,407269,2468,189448,2795,195772,2,22049,2503,95126,2745,166635,2505,261761,California
Kern,2021-04-16,7245,414514,3433,192881,3811,199583,1,22050,2952,93812,4268,170903,2954,264715,California
Kern,2021-04-17,5892,420406,3848,196729,2044,201627,0,22050,2097,92129,3781,174684,2098,266813,California
Kern,2021-04-18,3774,424180,3538,200267,236,201863,0,22050,911,90185,2855,177539,911,267724,California
Kern,2021-04-19,3815,427995,1729,201996,2084,203947,2,22052,1412,89214,2383,179922,1412,269136,California
Kern,2021-04-20,4351,432346,1571,203567,2778,206725,2,22054,1640,88161,2694,182616,1641,270777,California
Kern,2021-04-21,5854,438200,3144,206711,2705,209430,5,22059,2132,86597,3699,186315,2135,272912,California
Kern,2021-04-22,4780,442980,2308,209019,2472,211902,0,22059,1688,85216,3070,189385,1689,274601,California
Kern,2021-04-23,6061,449041,2942,211961,3118,215020,1,22060,1895,82982,4130,193515,1896,276497,California
Kern,2021-04-24,4012,453053,2805,214766,1196,216216,11,22071,1445,81889,2548,196063,1455,277952,California
Kern,2021-04-25,1394,454447,1116,215882,278,216494,0,22071,819,82139,569,196632,819,278771,California
Kern,2021-04-26,3822,458269,1826,217708,1944,218438,52,22123,1048,80477,2764,199396,1102,279873,California
Kern,2021-04-27,4681,462950,2279,219987,2297,220735,105,22228,1421,78753,3248,202644,1524,281397,California
Kern,2021-04-28,6259,469209,3677,223664,2458,223193,124,22352,1774,76181,4467,207111,1895,283292,California
Kern,2021-04-29,5506,474715,3061,226725,2345,225538,100,22452,1613,74023,3872,210983,1714,285006,California
Kern,2021-04-30,5590,480305,3121,229846,2309,227847,160,22612,1609,71826,3965,214948,1768,286774,California
Kern,2021-05-01,2581,482886,1799,231645,722,228569,60,22672,952,71218,1619,216567,1011,287785,California
Kern,2021-05-02,1889,484775,1602,233247,265,228834,22,22694,692,70742,1191,217758,715,288500,California
Kern,2021-05-03,2497,487272,994,234241,1372,230206,131,22825,769,69931,1712,219470,901,289401,California
Kern,2021-05-04,3619,490891,1290,235531,2219,232425,110,22935,1269,68972,2336,221806,1377,290778,California
Kern,2021-05-05,4147,495038,2135,237666,1862,234287,150,23085,1373,67734,2759,224565,1521,292299,California
Kern,2021-05-06,3554,498592,1593,239259,1817,236104,144,23229,1106,66550,2430,226995,1246,293545,California
Kern,2021-05-07,4572,503164,2297,241556,2100,238204,175,23404,1284,64745,3262,230257,1457,295002,California
Kern,2021-05-08,2894,506058,1823,243379,956,239160,115,23519,899,63776,1981,232238,1012,296014,California
Kern,2021-05-09,1295,507353,1121,244500,145,239305,29,23548,448,63413,840,233078,477,296491,California
Kern,2021-05-10,2212,509565,848,245348,1265,240570,99,23647,644,62603,1551,234629,741,297232,California
Kern,2021-05-11,2597,512162,906,246254,1568,242138,123,23770,943,62026,1644,236273,1067,298299,California
Kern,2021-05-12,3515,515677,1391,247645,1975,244113,149,23919,1109,60890,2394,238667,1258,299557,California
Kern,2021-05-13,3334,519011,1734,249379,1459,245572,141,24060,1553,60811,1769,240436,1690,301247,California
Kern,2021-05-14,4275,523286,2531,251910,1523,247095,221,24281,1975,60727,2279,242715,2195,303442,California
Kern,2021-05-15,2914,526200,1898,253808,929,248024,87,24368,1546,61005,1355,244070,1633,305075,California
Kern,2021-05-16,1544,527744,1321,255129,184,248208,39,24407,888,61281,651,244721,927,306002,California
Kern,2021-05-17,2309,530053,996,256125,1167,249375,146,24553,1179,61487,1118,245839,1324,307326,California
Kern,2021-05-18,3126,533179,1422,257547,1574,250949,130,24683,1603,61710,1509,247348,1732,309058,California
Kern,2021-05-19,3803,536982,2371,259918,1306,252255,126,24809,1839,61721,1953,249301,1964,311022,California
Kern,2021-05-20,2909,539891,1576,261494,1203,253458,130,24939,1325,61611,1563,250864,1453,312475,California
Kern,2021-05-21,3398,543289,2082,263576,1196,254654,120,25059,1734,61822,1643,252507,1854,314329,California
Kern,2021-05-22,2592,545881,2015,265591,545,255199,32,25091,1221,61712,1362,253869,1252,315581,California
Kern,2021-05-23,1161,547042,1013,266604,131,255330,17,25108,613,61800,541,254410,629,316210,California
Kern,2021-05-24,1828,548870,771,267375,946,256276,111,25219,868,61824,954,255364,978,317188,California
Kern,2021-05-25,2389,551259,1107,268482,1198,257474,84,25303,1137,61806,1239,256603,1221,318409,California
Kern,2021-05-26,2745,554004,1577,270059,1069,258543,99,25402,1187,61547,1543,258146,1284,319693,California
Kern,2021-05-27,2319,556323,1160,271219,1054,259597,105,25507,1198,61746,1103,259249,1302,320995,California
Kern,2021-05-28,2725,559048,1387,272606,1229,260826,109,25616,1273,61686,1440,260689,1380,322375,California
Kern,2021-05-29,1895,560943,1258,273864,591,261417,46,25662,931,61713,950,261639,977,323352,California
Kern,2021-05-30,860,561803,704,274568,137,261554,19,25681,438,61754,415,262054,456,323808,California
Kern,2021-05-31,130,561933,40,274608,79,261633,11,25692,45,61727,82,262136,55,323863,California
Kern,2021-06-01,2260,564193,938,275546,1255,262888,67,25759,1000,61549,1245,263381,1067,324930,California
Kern,2021-06-02,2205,566398,1276,276822,827,263715,102,25861,943,61340,1253,264634,1044,325974,California
Kern,2021-06-03,2341,568739,1310,278132,879,264594,152,26013,896,60952,1435,266069,1047,327021,California
Kern,2021-06-04,2799,571538,1863,279995,831,265425,105,26118,844,59959,1940,268009,947,327968,California
Kern,2021-06-05,2477,574015,2016,282011,430,265855,31,26149,773,59067,1696,269705,804,328772,California
Kern,2021-06-06,819,574834,774,282785,31,265886,14,26163,222,58709,594,270299,236,329008,California
Kings,2020-12-16,1,1,1,1,0,0,0,0,1,1,0,0,1,1,California
Kings,2020-12-17,8,9,8,9,0,0,0,0,8,9,0,0,8,9,California
Kings,2020-12-18,13,22,13,22,0,0,0,0,13,22,0,0,13,22,California
Kings,2020-12-19,11,33,11,33,0,0,0,0,11,33,0,0,11,33,California
Kings,2020-12-20,13,46,13,46,0,0,0,0,13,46,0,0,13,46,California
Kings,2020-12-21,156,202,156,202,0,0,0,0,269,315,0,0,269,315,California
Kings,2020-12-22,143,345,143,345,0,0,0,0,140,455,0,0,140,455,California
Kings,2020-12-23,136,481,122,467,14,14,0,0,137,592,0,0,137,592,California
Kings,2020-12-24,11,492,9,476,2,16,0,0,11,603,0,0,11,603,California
Kings,2020-12-26,7,499,4,480,3,19,0,0,7,610,0,0,7,610,California
Kings,2020-12-27,4,503,4,484,0,19,0,0,4,614,0,0,4,614,California
Kings,2020-12-28,132,635,103,587,29,48,0,0,133,747,0,0,133,747,California
Kings,2020-12-29,80,715,52,639,28,76,0,0,81,828,0,0,81,828,California
Kings,2020-12-30,150,865,109,748,41,117,0,0,150,978,0,0,150,978,California
Kings,2020-12-31,47,912,6,754,41,158,0,0,47,1025,0,0,47,1025,California
Kings,2021-01-01,1,913,0,754,1,159,0,0,1,1026,0,0,1,1026,California
Kings,2021-01-02,10,923,9,763,1,160,0,0,10,1036,0,0,10,1036,California
Kings,2021-01-04,111,1034,41,804,70,230,0,0,111,1147,0,0,111,1147,California
Kings,2021-01-05,196,1230,40,844,156,386,0,0,196,1343,0,0,196,1343,California
Kings,2021-01-06,276,1506,177,1021,99,485,0,0,273,1613,3,3,273,1616,California
Kings,2021-01-07,181,1687,82,1103,99,584,0,0,173,1778,8,11,173,1789,California
Kings,2021-01-08,249,1936,56,1159,193,777,0,0,229,1987,20,31,229,2018,California
Kings,2021-01-09,63,1999,9,1168,54,831,0,0,55,2034,8,39,55,2073,California
Kings,2021-01-10,15,2014,3,1171,12,843,0,0,12,2043,3,42,12,2085,California
Kings,2021-01-11,518,2532,354,1525,164,1007,0,0,276,2078,242,284,277,2362,California
Kings,2021-01-12,348,2880,251,1776,97,1104,0,0,215,2163,130,414,215,2577,California
Kings,2021-01-13,421,3301,275,2051,146,1250,0,0,330,2402,91,505,330,2907,California
Kings,2021-01-14,210,3511,30,2081,180,1430,0,0,200,2582,21,526,201,3108,California
Kings,2021-01-15,420,3931,31,2112,389,1819,0,0,408,2978,12,538,408,3516,California
Kings,2021-01-16,28,3959,9,2121,19,1838,0,0,27,3004,1,539,27,3543,California
Kings,2021-01-17,9,3968,6,2127,3,1841,0,0,7,3009,2,541,7,3550,California
Kings,2021-01-18,173,4141,40,2167,133,1974,0,0,147,3130,26,567,147,3697,California
Kings,2021-01-19,380,4521,161,2328,219,2193,0,0,251,3252,129,696,251,3948,California
Kings,2021-01-20,235,4756,146,2474,89,2282,0,0,125,3272,105,801,125,4073,California
Kings,2021-01-21,213,4969,57,2531,156,2438,0,0,196,3449,19,820,196,4269,California
Kings,2021-01-22,106,5075,18,2549,88,2526,0,0,105,3549,5,825,105,4374,California
Kings,2021-01-23,27,5102,14,2563,13,2539,0,0,21,3564,6,831,21,4395,California
Kings,2021-01-24,4,5106,4,2567,0,2539,0,0,2,3564,2,833,2,4397,California
Kings,2021-01-25,131,5237,27,2594,104,2643,0,0,95,3623,36,869,95,4492,California
Kings,2021-01-26,154,5391,34,2628,120,2763,0,0,114,3697,40,909,114,4606,California
Kings,2021-01-27,325,5716,35,2663,290,3053,0,0,250,3873,74,983,250,4856,California
Kings,2021-01-28,331,6047,45,2708,286,3339,0,0,274,4090,57,1040,274,5130,California
Kings,2021-01-29,109,6156,26,2734,83,3422,0,0,92,4165,17,1057,92,5222,California
Kings,2021-01-30,1562,7718,26,2760,1536,4958,0,0,1559,5723,3,1060,1561,6783,California
Kings,2021-02-01,218,7936,65,2825,153,5111,0,0,89,5685,127,1187,89,6872,California
Kings,2021-02-02,244,8180,15,2840,229,5340,0,0,93,5628,150,1337,93,6965,California
Kings,2021-02-03,381,8561,192,3032,189,5529,0,0,225,5698,155,1492,225,7190,California
Kings,2021-02-04,408,8969,99,3131,309,5838,0,0,210,5711,197,1689,210,7400,California
Kings,2021-02-05,332,9301,53,3184,279,6117,0,0,172,5725,158,1847,172,7572,California
Kings,2021-02-06,61,9362,10,3194,51,6168,0,0,28,5720,33,1880,28,7600,California
Kings,2021-02-07,5,9367,3,3197,2,6170,0,0,3,5721,2,1882,3,7603,California
Kings,2021-02-08,174,9541,29,3226,145,6315,0,0,67,5681,107,1989,67,7670,California
Kings,2021-02-09,255,9796,57,3283,198,6513,0,0,111,5650,142,2131,111,7781,California
Kings,2021-02-10,373,10169,112,3395,261,6774,0,0,256,5789,117,2248,256,8037,California
Kings,2021-02-11,434,10603,65,3460,369,7143,0,0,318,5992,115,2363,318,8355,California
Kings,2021-02-12,624,11227,38,3498,586,7729,0,0,347,6063,276,2639,347,8702,California
Kings,2021-02-13,141,11368,6,3504,135,7864,0,0,115,6152,26,2665,115,8817,California
Kings,2021-02-14,102,11470,4,3508,98,7962,0,0,94,6238,8,2673,94,8911,California
Kings,2021-02-15,250,11720,5,3513,245,8207,0,0,138,6265,111,2784,138,9049,California
Kings,2021-02-16,517,12237,35,3548,482,8689,0,0,281,6311,235,3019,281,9330,California
Kings,2021-02-17,438,12675,25,3573,413,9102,0,0,300,6475,138,3157,302,9632,California
Kings,2021-02-18,238,12913,23,3596,215,9317,0,0,180,6597,58,3215,180,9812,California
Kings,2021-02-19,167,13080,24,3620,143,9460,0,0,112,6657,52,3267,112,9924,California
Kings,2021-02-20,168,13248,35,3655,133,9593,0,0,135,6759,33,3300,135,10059,California
Kings,2021-02-21,2,13250,1,3656,1,9594,0,0,2,6761,0,3300,2,10061,California
Kings,2021-02-22,114,13364,19,3675,95,9689,0,0,50,6747,64,3364,50,10111,California
Kings,2021-02-23,387,13751,70,3745,317,10006,0,0,270,6900,117,3481,270,10381,California
Kings,2021-02-24,627,14378,153,3898,474,10480,0,0,414,7101,213,3694,414,10795,California
Kings,2021-02-25,691,15069,134,4032,557,11037,0,0,471,7354,218,3912,471,11266,California
Kings,2021-02-26,707,15776,137,4169,570,11607,0,0,642,7931,65,3977,642,11908,California
Kings,2021-02-27,1524,17300,66,4235,1458,13065,0,0,582,7572,941,4918,582,12490,California
Kings,2021-02-28,1172,18472,598,4833,574,13639,0,0,675,7753,494,5412,675,13165,California
Kings,2021-03-01,271,18743,87,4920,184,13823,0,0,219,7920,52,5464,219,13384,California
Kings,2021-03-02,577,19320,255,5175,322,14145,0,0,513,8370,64,5528,514,13898,California
Kings,2021-03-03,686,20006,313,5488,373,14518,0,0,493,8673,190,5718,493,14391,California
Kings,2021-03-04,750,20756,356,5844,394,14912,0,0,648,9220,102,5820,649,15040,California
Kings,2021-03-05,1116,21872,368,6212,739,15651,9,9,977,10068,139,5959,987,16027,California
Kings,2021-03-06,517,22389,187,6399,317,15968,13,22,487,10538,30,5989,500,16527,California
Kings,2021-03-07,359,22748,218,6617,137,16105,4,26,351,10885,8,5997,355,16882,California
Kings,2021-03-08,374,23122,96,6713,225,16330,53,79,262,11088,112,6109,315,17197,California
Kings,2021-03-09,555,23677,256,6969,244,16574,55,134,444,11478,110,6219,500,17697,California
Kings,2021-03-10,583,24260,128,7097,363,16937,92,226,395,11777,187,6406,486,18183,California
Kings,2021-03-11,1033,25293,302,7399,621,17558,110,336,624,12105,407,6813,735,18918,California
Kings,2021-03-12,1392,26685,452,7851,847,18405,93,429,988,12786,402,7215,1083,20001,California
Kings,2021-03-13,677,27362,328,8179,305,18710,44,473,550,13255,127,7342,596,20597,California
Kings,2021-03-14,675,28037,102,8281,184,18894,389,862,202,13373,473,7815,591,21188,California
Kings,2021-03-15,702,28739,266,8547,322,19216,114,976,464,13717,237,8052,581,21769,California
Kings,2021-03-16,1065,29804,448,8995,553,19769,64,1040,723,14162,342,8394,787,22556,California
Kings,2021-03-17,1109,30913,424,9419,623,20392,62,1102,786,14694,323,8717,855,23411,California
Kings,2021-03-18,1131,32044,476,9895,432,20824,223,1325,776,15341,354,9071,1001,24412,California
Kings,2021-03-19,968,33012,469,10364,414,21238,85,1410,739,15950,228,9299,837,25249,California
Kings,2021-03-20,641,33653,254,10618,356,21594,31,1441,465,16279,174,9473,503,25752,California
Kings,2021-03-21,1420,35073,1088,11706,319,21913,13,1454,862,16596,558,10031,875,26627,California
Kings,2021-03-22,447,35520,200,11906,163,22076,84,1538,273,16783,174,10205,361,26988,California
Kings,2021-03-23,920,36440,508,12414,349,22425,63,1601,556,17045,362,10567,624,27612,California
Kings,2021-03-24,968,37408,489,12903,456,22881,23,1624,515,17134,451,11018,540,28152,California
Kings,2021-03-25,925,38333,468,13371,429,23310,28,1652,448,17135,475,11493,476,28628,California
Kings,2021-03-26,1304,39637,382,13753,837,24147,85,1737,521,16962,778,12271,605,29233,California
Kings,2021-03-27,645,40282,260,14013,373,24520,12,1749,160,16651,483,12754,172,29405,California
Kings,2021-03-28,671,40953,600,14613,64,24584,7,1756,409,16813,262,13016,424,29829,California
Kings,2021-03-29,469,41422,213,14826,195,24779,61,1817,260,16926,207,13223,320,30149,California
Kings,2021-03-30,863,42285,477,15303,348,25127,38,1855,429,16960,433,13656,467,30616,California
Kings,2021-03-31,772,43057,380,15683,319,25446,73,1928,423,17115,341,13997,496,31112,California
Kings,2021-04-01,785,43842,392,16075,304,25750,89,2017,358,17141,421,14418,447,31559,California
Kings,2021-04-02,1035,44877,451,16526,460,26210,124,2141,395,17025,634,15052,518,32077,California
Kings,2021-04-03,492,45369,346,16872,137,26347,9,2150,170,16889,316,15368,180,32257,California
Kings,2021-04-04,157,45526,84,16956,67,26414,6,2156,42,16823,114,15482,48,32305,California
Kings,2021-04-05,1060,46586,327,17283,481,26895,252,2408,241,16497,818,16300,492,32797,California
Kings,2021-04-06,1198,47784,448,17731,440,27335,310,2718,281,16173,914,17214,590,33387,California
Kings,2021-04-07,1369,49153,652,18383,531,27866,186,2904,358,15709,1008,18222,544,33931,California
Kings,2021-04-08,1630,50783,635,19018,741,28607,254,3158,376,15093,1247,19469,631,34562,California
Kings,2021-04-09,1162,51945,546,19564,437,29044,179,3337,235,14578,925,20394,410,34972,California
Kings,2021-04-10,596,52541,331,19895,162,29206,103,3440,172,14432,422,20816,276,35248,California
Kings,2021-04-11,356,52897,75,19970,274,29480,7,3447,197,14479,157,20973,204,35452,California
Kings,2021-04-12,704,53601,312,20282,190,29670,202,3649,196,14371,506,21479,398,35850,California
Kings,2021-04-13,911,54512,521,20803,390,30060,0,3649,290,14047,619,22098,295,36145,California
Kings,2021-04-14,1046,55558,579,21382,467,30527,0,3649,375,13752,671,22769,376,36521,California
Kings,2021-04-15,1051,56609,522,21904,528,31055,1,3650,449,13601,601,23370,450,36971,California
Kings,2021-04-16,774,57383,362,22266,412,31467,0,3650,259,13346,514,23884,259,37230,California
Kings,2021-04-17,465,57848,251,22517,214,31681,0,3650,190,13263,273,24157,190,37420,California
Kings,2021-04-18,562,58410,239,22756,323,32004,0,3650,39,12779,523,24680,39,37459,California
Kings,2021-04-19,531,58941,294,23050,237,32241,0,3650,285,12820,244,24924,285,37744,California
Kings,2021-04-20,744,59685,452,23502,292,32533,0,3650,237,12551,506,25430,237,37981,California
Kings,2021-04-21,646,60331,307,23809,339,32872,0,3650,222,12357,416,25846,222,38203,California
Kings,2021-04-22,559,60890,279,24088,280,33152,0,3650,205,12212,351,26197,206,38409,California
Kings,2021-04-23,673,61563,291,24379,382,33534,0,3650,329,12201,340,26537,329,38738,California
Kings,2021-04-24,248,61811,180,24559,67,33601,1,3651,120,12195,127,26664,121,38859,California
Kings,2021-04-25,200,62011,181,24740,19,33620,0,3651,164,12323,36,26700,164,39023,California
Kings,2021-04-26,308,62319,166,24906,139,33759,3,3654,194,12407,113,26813,197,39220,California
Kings,2021-04-27,414,62733,180,25086,215,33974,19,3673,176,12365,237,27050,195,39415,California
Kings,2021-04-28,513,63246,255,25341,238,34212,20,3693,267,12406,246,27296,287,39702,California
Kings,2021-04-29,288,63534,110,25451,166,34378,12,3705,133,12398,153,27449,145,39847,California
Kings,2021-04-30,367,63901,163,25614,187,34565,17,3722,152,12356,211,27660,169,40016,California
Kings,2021-05-01,225,64126,164,25778,51,34616,10,3732,70,12282,154,27814,80,40096,California
Kings,2021-05-02,169,64295,147,25925,22,34638,0,3732,127,12367,42,27856,127,40223,California
Kings,2021-05-03,473,64768,252,26177,208,34846,13,3745,120,12148,352,28208,133,40356,California
Kings,2021-05-04,519,65287,262,26439,237,35083,20,3765,159,11967,360,28568,179,40535,California
Kings,2021-05-05,551,65838,285,26724,246,35329,20,3785,136,11708,415,28983,156,40691,California
Kings,2021-05-06,548,66386,270,26994,255,35584,23,3808,122,11429,424,29407,145,40836,California
Kings,2021-05-07,366,66752,211,27205,139,35723,16,3824,147,11375,217,29624,163,40999,California
Kings,2021-05-08,233,66985,167,27372,54,35777,12,3836,74,11302,158,29782,85,41084,California
Kings,2021-05-09,190,67175,61,27433,129,35906,0,3836,40,11192,150,29932,40,41124,California
Kings,2021-05-10,339,67514,262,27695,67,35973,10,3846,115,11093,223,30155,124,41248,California
Kings,2021-05-11,373,67887,230,27925,115,36088,28,3874,116,10981,257,30412,145,41393,California
Kings,2021-05-12,372,68259,140,28065,219,36307,13,3887,160,10944,210,30622,173,41566,California
Kings,2021-05-13,378,68637,137,28202,233,36540,8,3895,151,10876,227,30849,159,41725,California
Kings,2021-05-14,467,69104,319,28521,117,36657,31,3926,242,10925,224,31073,273,41998,California
Kings,2021-05-15,352,69456,251,28772,83,36740,18,3944,194,10980,157,31230,212,42210,California
Kings,2021-05-16,247,69703,221,28993,25,36765,1,3945,76,10886,171,31401,77,42287,California
Kings,2021-05-17,400,70103,319,29312,64,36829,17,3962,214,10932,185,31586,231,42518,California
Kings,2021-05-18,390,70493,273,29585,104,36933,13,3975,223,11002,167,31753,237,42755,California
Kings,2021-05-19,577,71070,284,29869,269,37202,24,3999,231,10913,344,32097,255,43010,California
Kings,2021-05-20,398,71468,194,30063,177,37379,27,4026,242,11027,156,32253,270,43280,California
Kings,2021-05-21,462,71930,224,30287,228,37607,10,4036,236,11051,222,32475,246,43526,California
Kings,2021-05-22,255,72185,205,30492,39,37646,11,4047,194,11197,59,32534,205,43731,California
Kings,2021-05-23,201,72386,200,30692,1,37647,0,4047,95,11186,106,32640,95,43826,California
Kings,2021-05-24,248,72634,164,30856,70,37717,14,4061,121,11194,127,32767,135,43961,California
Kings,2021-05-25,406,73040,268,31124,105,37822,33,4094,242,11307,162,32929,275,44236,California
Kings,2021-05-26,303,73343,124,31248,162,37984,17,4111,129,11280,173,33102,146,44382,California
Kings,2021-05-27,321,73664,174,31422,129,38113,18,4129,172,11324,146,33248,190,44572,California
Kings,2021-05-28,288,73952,140,31562,131,38244,17,4146,140,11336,145,33393,157,44729,California
Kings,2021-05-29,174,74126,101,31663,62,38306,11,4157,92,11358,81,33474,103,44832,California
Kings,2021-05-30,130,74256,113,31776,15,38321,2,4159,70,11370,60,33534,72,44904,California
Kings,2021-05-31,42,74298,23,31799,16,38337,3,4162,15,11361,27,33561,18,44922,California
Kings,2021-06-01,315,74613,188,31987,111,38448,16,4178,122,11309,189,33750,137,45059,California
Kings,2021-06-02,273,74886,125,32112,140,38588,8,4186,89,11224,182,33932,97,45156,California
Kings,2021-06-03,226,75112,125,32237,90,38678,11,4197,93,11200,128,34060,104,45260,California
Kings,2021-06-04,421,75533,276,32513,132,38810,13,4210,153,11106,260,34320,166,45426,California
Kings,2021-06-05,237,75770,207,32720,25,38835,5,4215,63,11007,167,34487,68,45494,California
Kings,2021-06-06,73,75843,68,32788,2,38837,3,4218,55,11047,18,34505,58,45552,California
Lake,2020-12-17,4,4,4,4,0,0,0,0,4,4,0,0,4,4,California
Lake,2020-12-18,49,53,49,53,0,0,0,0,49,53,0,0,49,53,California
Lake,2020-12-19,3,56,3,56,0,0,0,0,3,56,0,0,3,56,California
Lake,2020-12-20,6,62,6,62,0,0,0,0,6,62,0,0,6,62,California
Lake,2020-12-21,87,149,87,149,0,0,0,0,87,149,0,0,87,149,California
Lake,2020-12-22,63,212,60,209,3,3,0,0,63,212,0,0,63,212,California
Lake,2020-12-23,124,336,115,324,9,12,0,0,124,336,0,0,124,336,California
Lake,2020-12-24,2,338,0,324,2,14,0,0,2,338,0,0,2,338,California
Lake,2020-12-26,2,340,2,326,0,14,0,0,2,340,0,0,2,340,California
Lake,2020-12-27,2,342,2,328,0,14,0,0,2,342,0,0,2,342,California
Lake,2020-12-28,52,394,43,371,9,23,0,0,52,394,0,0,52,394,California
Lake,2020-12-29,52,446,47,418,5,28,0,0,52,446,0,0,52,446,California
Lake,2020-12-30,132,578,124,542,8,36,0,0,132,578,0,0,132,578,California
Lake,2020-12-31,67,645,64,606,3,39,0,0,67,645,0,0,67,645,California
Lake,2021-01-01,1,646,0,606,1,40,0,0,1,646,0,0,1,646,California
Lake,2021-01-02,2,648,1,607,1,41,0,0,2,648,0,0,2,648,California
Lake,2021-01-04,90,738,21,628,69,110,0,0,90,738,0,0,90,738,California
Lake,2021-01-05,120,858,59,687,61,171,0,0,118,854,2,2,118,856,California
Lake,2021-01-06,104,962,65,752,39,210,0,0,102,954,2,4,102,958,California
Lake,2021-01-07,109,1071,85,837,24,234,0,0,100,1045,9,13,100,1058,California
Lake,2021-01-08,155,1226,126,963,29,263,0,0,104,1098,51,64,104,1162,California
Lake,2021-01-09,63,1289,61,1024,2,265,0,0,59,1153,4,68,59,1221,California
Lake,2021-01-10,3,1292,3,1027,0,265,0,0,0,1150,3,71,0,1221,California
Lake,2021-01-11,189,1481,149,1176,40,305,0,0,110,1181,79,150,110,1331,California
Lake,2021-01-12,82,1563,49,1225,33,338,0,0,58,1215,24,174,58,1389,California
Lake,2021-01-13,167,1730,114,1339,53,391,0,0,108,1264,59,233,108,1497,California
Lake,2021-01-14,147,1877,48,1387,99,490,0,0,125,1367,22,255,125,1622,California
Lake,2021-01-15,216,2093,92,1479,124,614,0,0,189,1529,27,282,189,1811,California
Lake,2021-01-16,133,2226,81,1560,52,666,0,0,131,1658,2,284,131,1942,California
Lake,2021-01-17,16,2242,6,1566,10,676,0,0,10,1662,6,290,10,1952,California
Lake,2021-01-18,247,2489,229,1795,18,694,0,0,124,1663,123,413,124,2076,California
Lake,2021-01-19,313,2802,120,1915,193,887,0,0,266,1883,47,460,267,2343,California
Lake,2021-01-20,422,3224,81,1996,341,1228,0,0,357,2176,64,524,357,2700,California
Lake,2021-01-21,434,3658,48,2044,386,1614,0,0,398,2538,36,560,398,3098,California
Lake,2021-01-22,317,3975,47,2091,270,1884,0,0,281,2783,36,596,281,3379,California
Lake,2021-01-23,123,4098,6,2097,117,2001,0,0,122,2904,1,597,122,3501,California
Lake,2021-01-24,5,4103,2,2099,3,2004,0,0,5,2909,0,597,5,3506,California
Lake,2021-01-25,258,4361,95,2194,163,2167,0,0,176,3003,82,679,176,3682,California
Lake,2021-01-26,428,4789,34,2228,394,2561,0,0,404,3383,24,703,404,4086,California
Lake,2021-01-27,361,5150,41,2269,320,2881,0,0,333,3689,28,731,334,4420,California
Lake,2021-01-28,494,5644,159,2428,335,3216,0,0,365,3925,129,860,365,4785,California
Lake,2021-01-29,634,6278,84,2512,550,3766,0,0,573,4437,61,921,573,5358,California
Lake,2021-01-30,553,6831,40,2552,513,4279,0,0,547,4978,6,927,547,5905,California
Lake,2021-01-31,14,6845,8,2560,6,4285,0,0,12,4988,2,929,12,5917,California
Lake,2021-02-01,176,7021,14,2574,162,4447,0,0,162,5136,14,943,162,6079,California
Lake,2021-02-02,562,7583,150,2724,412,4859,0,0,396,5366,166,1109,396,6475,California
Lake,2021-02-03,443,8026,32,2756,411,5270,0,0,338,5599,105,1214,338,6813,California
Lake,2021-02-04,122,8148,70,2826,52,5322,0,0,72,5621,50,1264,72,6885,California
Lake,2021-02-05,380,8528,70,2896,310,5632,0,0,288,5819,90,1354,288,7173,California
Lake,2021-02-06,276,8804,39,2935,237,5869,0,0,265,6073,11,1365,265,7438,California
Lake,2021-02-07,2,8806,1,2936,1,5870,0,0,2,6075,0,1365,2,7440,California
Lake,2021-02-08,277,9083,206,3142,71,5941,0,0,159,6116,118,1483,159,7599,California
Lake,2021-02-09,345,9428,24,3166,321,6262,0,0,301,6374,43,1526,301,7900,California
Lake,2021-02-10,348,9776,51,3217,297,6559,0,0,270,6566,78,1604,270,8170,California
Lake,2021-02-11,175,9951,18,3235,157,6716,0,0,58,6507,117,1721,58,8228,California
Lake,2021-02-12,373,10324,28,3263,345,7061,0,0,286,6707,86,1807,286,8514,California
Lake,2021-02-13,250,10574,8,3271,242,7303,0,0,239,6935,11,1818,239,8753,California
Lake,2021-02-14,17,10591,4,3275,13,7316,0,0,5,6928,12,1830,5,8758,California
Lake,2021-02-15,169,10760,11,3286,158,7474,0,0,8,6776,160,1990,8,8766,California
Lake,2021-02-16,425,11185,22,3308,403,7877,0,0,178,6707,247,2237,178,8944,California
Lake,2021-02-17,348,11533,53,3361,295,8172,0,0,69,6498,278,2515,69,9013,California
Lake,2021-02-18,457,11990,71,3432,386,8558,0,0,114,6269,343,2858,114,9127,California
Lake,2021-02-19,425,12415,26,3458,399,8957,0,0,93,6030,332,3190,93,9220,California
Lake,2021-02-20,289,12704,56,3514,233,9190,0,0,250,6242,38,3228,250,9470,California
Lake,2021-02-21,6,12710,6,3520,0,9190,0,0,0,6236,6,3234,0,9470,California
Lake,2021-02-22,134,12844,17,3537,117,9307,0,0,40,6182,94,3328,40,9510,California
Lake,2021-02-23,216,13060,16,3553,200,9507,0,0,30,6026,186,3514,30,9540,California
Lake,2021-02-24,959,14019,379,3932,580,10087,0,0,419,5906,539,4053,419,9959,California
Lake,2021-02-25,733,14752,468,4400,265,10352,0,0,474,6124,256,4309,474,10433,California
Lake,2021-02-26,995,15747,303,4703,692,11044,0,0,350,5831,643,4952,350,10783,California
Lake,2021-02-27,409,16156,98,4801,311,11355,0,0,327,6076,82,5034,327,11110,California
Lake,2021-02-28,19,16175,10,4811,9,11364,0,0,12,6081,7,5041,12,11122,California
Lake,2021-03-01,595,16770,53,4864,542,11906,0,0,443,6372,152,5193,443,11565,California
Lake,2021-03-02,745,17515,17,4881,728,12634,0,0,289,6205,456,5649,289,11854,California
Lake,2021-03-03,367,17882,193,5074,174,12808,0,0,146,6130,221,5870,146,12000,California
Lake,2021-03-04,577,18459,506,5580,71,12879,0,0,560,6673,17,5887,560,12560,California
Lake,2021-03-05,1051,19510,52,5632,999,13878,0,0,186,5998,861,6748,186,12746,California
Lake,2021-03-06,35,19545,9,5641,25,13903,1,1,22,6008,13,6761,23,12769,California
Lake,2021-03-07,6,19551,4,5645,2,13905,0,1,4,6010,2,6763,4,12773,California
Lake,2021-03-08,340,19891,267,5912,64,13969,9,10,300,6279,40,6803,309,13082,California
Lake,2021-03-09,930,20821,43,5955,870,14839,17,27,407,6181,522,7325,424,13506,California
Lake,2021-03-10,204,21025,58,6013,133,14972,13,40,136,6263,68,7393,150,13656,California
Lake,2021-03-11,588,21613,49,6062,62,15034,477,517,47,6246,541,7934,524,14180,California
Lake,2021-03-12,854,22467,203,6265,625,15659,26,543,362,6143,491,8425,388,14568,California
Lake,2021-03-13,278,22745,20,6285,22,15681,236,779,17,6135,260,8685,252,14820,California
Lake,2021-03-14,11,22756,2,6287,9,15690,0,779,7,6138,4,8689,7,14827,California
Lake,2021-03-15,641,23397,11,6298,613,16303,17,796,481,6476,160,8849,498,15325,California
Lake,2021-03-16,1118,24515,838,7136,263,16566,17,813,444,6266,670,9519,460,15785,California
Lake,2021-03-17,244,24759,120,7256,102,16668,22,835,89,6222,155,9674,111,15896,California
Lake,2021-03-18,746,25505,375,7631,335,17003,36,871,370,6253,374,10048,405,16301,California
Lake,2021-03-19,583,26088,315,7946,248,17251,20,891,478,6647,104,10152,498,16799,California
Lake,2021-03-20,249,26337,8,7954,238,17489,3,894,31,6465,216,10368,34,16833,California
Lake,2021-03-21,16,26353,11,7965,4,17493,1,895,11,6472,5,10373,12,16845,California
Lake,2021-03-22,338,26691,256,8221,67,17560,15,910,250,6649,88,10461,265,17110,California
Lake,2021-03-23,435,27126,23,8244,399,17959,13,923,369,6966,65,10526,382,17492,California
Lake,2021-03-24,422,27548,60,8304,354,18313,8,931,327,7208,94,10620,336,17828,California
Lake,2021-03-25,672,28220,480,8784,186,18499,6,937,176,6893,496,11116,181,18009,California
Lake,2021-03-26,68,28288,32,8816,35,18534,1,938,31,6888,37,11153,32,18041,California
Lake,2021-03-27,307,28595,7,8823,297,18831,3,941,16,6618,289,11442,19,18060,California
Lake,2021-03-28,16,28611,7,8830,9,18840,0,941,8,6618,8,11450,8,18068,California
Lake,2021-03-29,989,29600,287,9117,700,19540,2,943,205,6043,782,12232,207,18275,California
Lake,2021-03-30,468,30068,318,9435,148,19688,2,945,369,6316,98,12330,371,18646,California
Lake,2021-03-31,617,30685,59,9494,558,20246,0,945,434,6576,174,12504,434,19080,California
Lake,2021-04-01,449,31134,235,9729,202,20448,12,957,189,6521,256,12760,201,19281,California
Lake,2021-04-02,220,31354,38,9767,154,20602,28,985,94,6517,126,12886,122,19403,California
Lake,2021-04-03,32,31386,5,9772,24,20626,3,988,12,6512,20,12906,15,19418,California
Lake,2021-04-04,19,31405,11,9783,7,20633,1,989,15,6524,4,12910,16,19434,California
Lake,2021-04-05,646,32051,71,9854,556,21189,19,1008,406,6711,237,13147,424,19858,California
Lake,2021-04-06,479,32530,18,9872,435,21624,26,1034,306,6871,172,13319,332,20190,California
Lake,2021-04-07,523,33053,57,9929,415,22039,51,1085,352,7105,169,13488,403,20593,California
Lake,2021-04-08,606,33659,494,10423,46,22085,66,1151,103,6774,500,13988,169,20762,California
Lake,2021-04-09,279,33938,38,10461,173,22258,68,1219,47,6659,229,14217,114,20876,California
Lake,2021-04-10,252,34190,13,10474,13,22271,226,1445,8,6649,244,14461,234,21110,California
Lake,2021-04-11,22,34212,17,10491,3,22274,2,1447,7,6643,15,14476,9,21119,California
Lake,2021-04-12,1070,35282,232,10723,805,23079,33,1480,239,6085,830,15306,272,21391,California
Lake,2021-04-13,180,35462,110,10833,70,23149,0,1480,52,6009,128,15434,52,21443,California
Lake,2021-04-14,610,36072,35,10868,575,23724,0,1480,547,6493,63,15497,547,21990,California
Lake,2021-04-15,635,36707,191,11059,444,24168,0,1480,328,6514,307,15804,328,22318,California
Lake,2021-04-16,266,36973,28,11087,237,24405,1,1481,74,6397,191,15995,74,22392,California
Lake,2021-04-17,43,37016,11,11098,32,24437,0,1481,32,6418,11,16006,32,22424,California
Lake,2021-04-18,7,37023,4,11102,3,24440,0,1481,0,6411,7,16013,0,22424,California
Lake,2021-04-19,299,37322,40,11142,259,24699,0,1481,248,6608,51,16064,248,22672,California
Lake,2021-04-20,698,38020,280,11422,418,25117,0,1481,92,6096,605,16669,93,22765,California
Lake,2021-04-21,531,38551,62,11484,469,25586,0,1481,197,5959,334,17003,197,22962,California
Lake,2021-04-22,466,39017,48,11532,418,26004,0,1481,320,6134,145,17148,320,23282,California
Lake,2021-04-23,114,39131,56,11588,58,26062,0,1481,68,6157,45,17193,68,23350,California
Lake,2021-04-24,54,39185,9,11597,45,26107,0,1481,40,6183,14,17207,40,23390,California
Lake,2021-04-25,36,39221,19,11616,17,26124,0,1481,24,6195,12,17219,24,23414,California
Lake,2021-04-26,291,39512,82,11698,208,26332,1,1482,86,6077,205,17424,87,23501,California
Lake,2021-04-27,245,39757,22,11720,205,26537,18,1500,81,6012,164,17588,99,23600,California
Lake,2021-04-28,511,40268,49,11769,447,26984,15,1515,90,5697,419,18007,104,23704,California
Lake,2021-04-29,212,40480,83,11852,113,27097,16,1531,112,5725,100,18107,128,23832,California
Lake,2021-04-30,286,40766,43,11895,212,27309,31,1562,148,5766,138,18245,179,24011,California
Lake,2021-05-01,49,40815,28,11923,19,27328,2,1564,35,5789,14,18259,37,24048,California
Lake,2021-05-02,18,40833,9,11932,8,27336,1,1565,9,5790,9,18268,10,24058,California
Lake,2021-05-03,415,41248,28,11960,352,27688,35,1600,65,5541,349,18617,100,24158,California
Lake,2021-05-04,403,41651,216,12176,139,27827,48,1648,123,5433,279,18896,171,24329,California
Lake,2021-05-05,629,42280,44,12220,573,28400,12,1660,86,4990,540,19436,97,24426,California
Lake,2021-05-06,142,42422,19,12239,94,28494,29,1689,73,5022,69,19505,101,24527,California
Lake,2021-05-07,165,42587,29,12268,116,28610,20,1709,103,5085,60,19565,123,24650,California
Lake,2021-05-08,42,42629,6,12274,36,28646,0,1709,35,5113,7,19572,35,24685,California
Lake,2021-05-09,17,42646,2,12276,10,28656,5,1714,10,5121,7,19579,15,24700,California
Lake,2021-05-10,245,42891,11,12287,207,28863,27,1741,58,5020,186,19765,85,24785,California
Lake,2021-05-11,193,43084,25,12312,151,29014,17,1758,115,5075,78,19843,133,24918,California
Lake,2021-05-12,541,43625,32,12344,489,29503,20,1778,54,4661,487,20330,73,24991,California
Lake,2021-05-13,300,43925,58,12402,229,29732,13,1791,66,4508,232,20562,79,25070,California
Lake,2021-05-14,263,44188,79,12481,165,29897,19,1810,161,4587,100,20662,179,25249,California
Lake,2021-05-15,45,44233,19,12500,23,29920,3,1813,28,4601,17,20679,31,25280,California
Lake,2021-05-16,31,44264,17,12517,13,29933,1,1814,16,4603,15,20694,17,25297,California
Lake,2021-05-17,314,44578,42,12559,257,30190,15,1829,83,4473,228,20922,98,25395,California
Lake,2021-05-18,301,44879,65,12624,217,30407,19,1848,174,4540,126,21048,193,25588,California
Lake,2021-05-19,311,45190,57,12681,239,30646,15,1863,87,4419,223,21271,102,25690,California
Lake,2021-05-20,227,45417,59,12740,157,30803,11,1874,89,4381,138,21409,100,25790,California
Lake,2021-05-21,257,45674,47,12787,187,30990,23,1897,100,4349,155,21564,123,25913,California
Lake,2021-05-22,83,45757,48,12835,32,31022,3,1900,40,4349,43,21607,43,25956,California
Lake,2021-05-23,49,45806,25,12860,23,31045,1,1901,26,4353,23,21630,27,25983,California
Lake,2021-05-24,155,45961,35,12895,106,31151,14,1915,72,4356,83,21713,86,26069,California
Lake,2021-05-25,204,46165,55,12950,137,31288,12,1927,75,4315,128,21841,87,26156,California
Lake,2021-05-26,149,46314,44,12994,94,31382,11,1938,54,4287,93,21934,65,26221,California
Lake,2021-05-27,159,46473,47,13041,99,31481,13,1951,61,4264,97,22031,74,26295,California
Lake,2021-05-28,221,46694,19,13060,164,31645,38,1989,49,4181,169,22200,86,26381,California
Lake,2021-05-29,37,46731,10,13070,21,31666,6,1995,14,4178,23,22223,20,26401,California
Lake,2021-05-30,22,46753,6,13076,14,31680,2,1997,12,4182,10,22233,14,26415,California
Lake,2021-05-31,63,46816,21,13097,40,31720,2,1999,54,4229,9,22242,56,26471,California
Lake,2021-06-01,196,47012,37,13134,150,31870,9,2008,69,4181,126,22368,78,26549,California
Lake,2021-06-02,132,47144,45,13179,75,31945,12,2020,54,4169,78,22446,66,26615,California
Lake,2021-06-03,170,47314,54,13233,97,32042,19,2039,85,4188,85,22531,104,26719,California
Lake,2021-06-04,148,47462,24,13257,112,32154,12,2051,41,4136,105,22636,53,26772,California
Lake,2021-06-05,79,47541,50,13307,22,32176,7,2058,53,4170,26,22662,60,26832,California
Lake,2021-06-06,6,47547,2,13309,4,32180,0,2058,3,4170,3,22665,3,26835,California
Lassen,2020-12-16,7,7,7,7,0,0,0,0,7,7,0,0,7,7,California
Lassen,2020-12-17,2,9,2,9,0,0,0,0,2,9,0,0,2,9,California
Lassen,2020-12-18,1,10,1,10,0,0,0,0,1,10,0,0,1,10,California
Lassen,2020-12-19,5,15,5,15,0,0,0,0,5,15,0,0,5,15,California
Lassen,2020-12-20,2,17,2,17,0,0,0,0,2,17,0,0,2,17,California
Lassen,2020-12-21,11,28,11,28,0,0,0,0,11,28,0,0,11,28,California
Lassen,2020-12-22,21,49,21,49,0,0,0,0,21,49,0,0,21,49,California
Lassen,2020-12-23,5,54,5,54,0,0,0,0,5,54,0,0,5,54,California
Lassen,2020-12-24,8,62,8,62,0,0,0,0,8,62,0,0,8,62,California
Lassen,2020-12-28,3,65,2,64,1,1,0,0,3,65,0,0,3,65,California
Lassen,2020-12-29,35,100,35,99,0,1,0,0,35,100,0,0,35,100,California
Lassen,2020-12-30,31,131,30,129,1,2,0,0,31,131,0,0,31,131,California
Lassen,2020-12-31,49,180,42,171,7,9,0,0,49,180,0,0,49,180,California
Lassen,2021-01-02,1,181,0,171,1,10,0,0,1,181,0,0,1,181,California
Lassen,2021-01-04,14,195,2,173,12,22,0,0,14,195,0,0,14,195,California
Lassen,2021-01-05,192,387,52,225,140,162,0,0,192,387,0,0,192,387,California
Lassen,2021-01-06,94,481,43,268,51,213,0,0,86,466,8,8,87,474,California
Lassen,2021-01-07,39,520,3,271,36,249,0,0,37,501,2,10,37,511,California
Lassen,2021-01-08,49,569,2,273,47,296,0,0,49,550,0,10,49,560,California
Lassen,2021-01-09,12,581,6,279,6,302,0,0,12,562,0,10,12,572,California
Lassen,2021-01-11,27,608,5,284,22,324,0,0,27,589,0,10,27,599,California
Lassen,2021-01-12,47,655,27,311,20,344,0,0,29,600,18,28,29,628,California
Lassen,2021-01-13,159,814,16,327,143,487,0,0,146,733,13,41,146,774,California
Lassen,2021-01-14,158,972,16,343,142,629,0,0,148,871,10,51,148,922,California
Lassen,2021-01-15,22,994,3,346,19,648,0,0,22,893,0,51,22,944,California
Lassen,2021-01-16,34,1028,33,379,1,649,0,0,34,927,0,51,34,978,California
Lassen,2021-01-17,1,1029,0,379,1,650,0,0,1,928,0,51,1,979,California
Lassen,2021-01-18,4,1033,2,381,2,652,0,0,3,930,1,52,3,982,California
Lassen,2021-01-19,183,1216,35,416,148,800,0,0,155,1057,28,80,155,1137,California
Lassen,2021-01-20,169,1385,94,510,75,875,0,0,91,1085,63,143,91,1228,California
Lassen,2021-01-21,139,1524,89,599,50,925,0,0,115,1182,18,161,115,1343,California
Lassen,2021-01-22,30,1554,17,616,13,938,0,0,20,1192,10,171,20,1363,California
Lassen,2021-01-23,2,1556,0,616,2,940,0,0,2,1194,0,171,2,1365,California
Lassen,2021-01-24,1,1557,0,616,1,941,0,0,1,1195,0,171,1,1366,California
Lassen,2021-01-25,12,1569,1,617,11,952,0,0,11,1205,1,172,11,1377,California
Lassen,2021-01-26,119,1688,6,623,113,1065,0,0,116,1318,3,175,116,1493,California
Lassen,2021-01-27,71,1759,23,646,48,1113,0,0,54,1355,17,192,54,1547,California
Lassen,2021-01-28,83,1842,14,660,69,1182,0,0,82,1436,1,193,82,1629,California
Lassen,2021-01-29,17,1859,4,664,13,1195,0,0,16,1451,1,194,16,1645,California
Lassen,2021-02-01,51,1910,2,666,49,1244,0,0,27,1454,24,218,27,1672,California
Lassen,2021-02-02,169,2079,8,674,161,1405,0,0,37,1359,132,350,37,1709,California
Lassen,2021-02-03,91,2170,18,692,73,1478,0,0,47,1362,44,394,47,1756,California
Lassen,2021-02-04,107,2277,13,705,94,1572,0,0,58,1371,49,443,58,1814,California
Lassen,2021-02-05,57,2334,8,713,49,1621,0,0,19,1352,38,481,19,1833,California
Lassen,2021-02-06,69,2403,34,747,35,1656,0,0,36,1356,32,513,36,1869,California
Lassen,2021-02-08,41,2444,4,751,37,1693,0,0,15,1345,26,539,15,1884,California
Lassen,2021-02-09,124,2568,5,756,119,1812,0,0,46,1313,78,617,46,1930,California
Lassen,2021-02-10,166,2734,17,773,149,1961,0,0,60,1267,106,723,60,1990,California
Lassen,2021-02-11,160,2894,11,784,149,2110,0,0,62,1232,97,820,62,2052,California
Lassen,2021-02-12,33,2927,10,794,23,2133,0,0,14,1227,19,839,14,2066,California
Lassen,2021-02-13,10,2937,2,796,8,2141,0,0,8,1233,2,841,8,2074,California
Lassen,2021-02-14,13,2950,0,796,13,2154,0,0,12,1244,1,842,12,2086,California
Lassen,2021-02-15,21,2971,2,798,19,2173,0,0,17,1258,3,845,17,2103,California
Lassen,2021-02-16,185,3156,3,801,182,2355,0,0,25,1125,158,1003,25,2128,California
Lassen,2021-02-17,157,3313,82,883,75,2430,0,0,7,982,150,1153,7,2135,California
Lassen,2021-02-18,72,3385,18,901,54,2484,0,0,17,944,55,1208,17,2152,California
Lassen,2021-02-19,72,3457,53,954,19,2503,0,0,13,898,59,1267,13,2165,California
Lassen,2021-02-20,8,3465,0,954,8,2511,0,0,6,902,2,1269,6,2171,California
Lassen,2021-02-21,22,3487,2,956,20,2531,0,0,18,916,4,1273,18,2189,California
Lassen,2021-02-22,23,3510,10,966,13,2544,0,0,5,903,18,1291,5,2194,California
Lassen,2021-02-23,151,3661,7,973,144,2688,0,0,43,838,108,1399,43,2237,California
Lassen,2021-02-24,148,3809,14,987,134,2822,0,0,94,879,53,1452,94,2331,California
Lassen,2021-02-25,144,3953,16,1003,128,2950,0,0,90,915,54,1506,90,2421,California
Lassen,2021-02-26,68,4021,16,1019,52,3002,0,0,34,915,34,1540,34,2455,California
Lassen,2021-02-27,8,4029,7,1026,1,3003,0,0,3,913,5,1545,3,2458,California
Lassen,2021-02-28,4,4033,0,1026,4,3007,0,0,2,913,2,1547,2,2460,California
Lassen,2021-03-01,32,4065,3,1029,29,3036,0,0,6,894,25,1572,6,2466,California
Lassen,2021-03-02,99,4164,6,1035,93,3129,0,0,78,952,20,1592,78,2544,California
Lassen,2021-03-03,144,4308,9,1044,135,3264,0,0,91,990,53,1645,91,2635,California
Lassen,2021-03-04,145,4453,16,1060,129,3393,0,0,95,1036,49,1694,95,2730,California
Lassen,2021-03-05,47,4500,7,1067,16,3409,24,24,11,1035,36,1730,35,2765,California
Lassen,2021-03-06,54,4554,3,1070,29,3438,22,46,5,1013,49,1779,27,2792,California
Lassen,2021-03-07,56,4610,1,1071,0,3438,55,101,1,1014,55,1834,56,2848,California
Lassen,2021-03-08,86,4696,2,1073,6,3444,78,179,3,1012,83,1917,81,2929,California
Lassen,2021-03-09,131,4827,7,1080,107,3551,17,196,84,1066,47,1964,101,3030,California
Lassen,2021-03-10,141,4968,8,1088,132,3683,1,197,75,1077,65,2029,76,3106,California
Lassen,2021-03-11,170,5138,10,1098,153,3836,7,204,100,1117,67,2096,107,3213,California
Lassen,2021-03-12,25,5163,11,1109,11,3847,3,207,10,1115,15,2111,13,3226,California
Lassen,2021-03-13,48,5211,0,1109,2,3849,46,253,1,1114,47,2158,46,3272,California
Lassen,2021-03-14,13,5224,1,1110,11,3860,1,254,1,1104,12,2170,2,3274,California
Lassen,2021-03-15,32,5256,3,1113,29,3889,0,254,14,1100,18,2188,14,3288,California
Lassen,2021-03-16,89,5345,2,1115,82,3971,5,259,72,1160,17,2205,77,3365,California
Lassen,2021-03-17,1085,6430,9,1124,1071,5042,5,264,1066,2212,19,2224,1071,4436,California
Lassen,2021-03-18,88,6518,8,1132,79,5121,1,265,77,2279,11,2235,78,4514,California
Lassen,2021-03-19,14,6532,9,1141,2,5123,3,268,5,2278,9,2244,8,4522,California
Lassen,2021-03-20,17,6549,3,1144,12,5135,2,270,11,2285,6,2250,13,4535,California
Lassen,2021-03-21,33,6582,0,1144,33,5168,0,270,13,2279,19,2269,13,4548,California
Lassen,2021-03-22,49,6631,1,1145,48,5216,0,270,46,2322,3,2272,46,4594,California
Lassen,2021-03-23,116,6747,9,1154,106,5322,1,271,63,2333,53,2325,64,4658,California
Lassen,2021-03-24,188,6935,8,1162,179,5501,1,272,98,2344,88,2413,99,4757,California
Lassen,2021-03-25,147,7082,18,1180,129,5630,0,272,67,2331,80,2493,67,4824,California
Lassen,2021-03-26,73,7155,9,1189,26,5656,38,310,15,2326,57,2550,52,4876,California
Lassen,2021-03-27,19,7174,3,1192,1,5657,15,325,2,2326,17,2567,17,4893,California
Lassen,2021-03-28,13,7187,2,1194,2,5659,9,334,1,2324,12,2579,10,4903,California
Lassen,2021-03-29,51,7238,0,1194,26,5685,25,359,20,2339,30,2609,45,4948,California
Lassen,2021-03-30,178,7416,6,1200,147,5832,25,384,51,2288,127,2736,76,5024,California
Lassen,2021-03-31,143,7559,10,1210,111,5943,22,406,59,2286,83,2819,81,5105,California
Lassen,2021-04-01,153,7712,9,1219,124,6067,20,426,44,2242,108,2927,64,5169,California
Lassen,2021-04-02,27,7739,3,1222,2,6069,22,448,1,2239,26,2953,23,5192,California
Lassen,2021-04-03,12,7751,0,1222,2,6071,10,458,0,2237,12,2965,10,5202,California
Lassen,2021-04-04,6,7757,1,1223,0,6071,5,463,1,2238,5,2970,6,5208,California
Lassen,2021-04-05,21,7778,3,1226,11,6082,7,470,10,2244,11,2981,17,5225,California
Lassen,2021-04-06,175,7953,8,1234,137,6219,30,500,51,2201,124,3105,81,5306,California
Lassen,2021-04-07,126,8079,5,1239,87,6306,34,534,32,2175,94,3199,68,5374,California
Lassen,2021-04-08,157,8236,8,1247,97,6403,52,586,28,2130,125,3324,80,5454,California
Lassen,2021-04-09,49,8285,6,1253,9,6412,34,620,8,2131,40,3364,41,5495,California
Lassen,2021-04-10,9,8294,0,1253,2,6414,7,627,0,2130,8,3372,7,5502,California
Lassen,2021-04-11,5,8299,2,1255,0,6414,3,630,2,2132,3,3375,5,5507,California
Lassen,2021-04-12,30,8329,4,1259,13,6427,13,643,4,2123,26,3401,17,5524,California
Lassen,2021-04-13,122,8451,5,1264,117,6544,0,643,33,2068,88,3489,33,5557,California
Lassen,2021-04-14,983,9434,11,1275,972,7516,0,643,48,1182,934,4423,48,5605,California
Lassen,2021-04-15,137,9571,12,1287,125,7641,0,643,14,1073,123,4546,14,5619,California
Lassen,2021-04-16,10,9581,2,1289,8,7649,0,643,6,1075,4,4550,6,5625,California
Lassen,2021-04-17,11,9592,2,1291,9,7658,0,643,3,1070,8,4558,3,5628,California
Lassen,2021-04-18,4,9596,1,1292,3,7661,0,643,1,1068,3,4561,1,5629,California
Lassen,2021-04-19,30,9626,0,1292,30,7691,0,643,14,1066,16,4577,14,5643,California
Lassen,2021-04-20,132,9758,6,1298,126,7817,0,643,48,1030,84,4661,48,5691,California
Lassen,2021-04-21,153,9911,7,1305,146,7963,0,643,32,943,119,4780,32,5723,California
Lassen,2021-04-22,98,10009,14,1319,84,8047,0,643,31,907,67,4847,31,5754,California
Lassen,2021-04-23,22,10031,0,1319,22,8069,0,643,18,921,4,4851,18,5772,California
Lassen,2021-04-24,9,10040,5,1324,4,8073,0,643,3,918,6,4857,3,5775,California
Lassen,2021-04-25,5,10045,0,1324,4,8077,1,644,3,920,2,4859,4,5779,California
Lassen,2021-04-26,40,10085,1,1325,35,8112,4,648,8,900,32,4891,12,5791,California
Lassen,2021-04-27,115,10200,7,1332,105,8217,3,651,61,910,54,4945,64,5855,California
Lassen,2021-04-28,82,10282,6,1338,74,8291,2,653,30,890,52,4997,32,5887,California
Lassen,2021-04-29,61,10343,6,1344,52,8343,3,656,21,875,39,5036,24,5911,California
Lassen,2021-04-30,12,10355,7,1351,2,8345,3,659,3,872,9,5045,6,5917,California
Lassen,2021-05-01,4,10359,0,1351,3,8348,1,660,3,875,1,5046,4,5921,California
Lassen,2021-05-02,10,10369,6,1357,4,8352,0,660,6,877,4,5050,6,5927,California
Lassen,2021-05-03,19,10388,2,1359,10,8362,7,667,3,871,16,5066,10,5937,California
Lassen,2021-05-04,69,10457,4,1363,58,8420,7,674,19,847,50,5116,26,5963,California
Lassen,2021-05-05,80,10537,4,1367,66,8486,10,684,26,830,53,5169,36,5999,California
Lassen,2021-05-06,73,10610,20,1387,32,8518,21,705,19,816,54,5223,40,6039,California
Lassen,2021-05-07,49,10659,33,1420,11,8529,5,710,41,854,8,5231,46,6085,California
Lassen,2021-05-08,11,10670,0,1420,5,8534,6,716,4,857,7,5238,10,6095,California
Lassen,2021-05-09,2,10672,0,1420,0,8534,2,718,0,857,2,5240,2,6097,California
Lassen,2021-05-10,11,10683,1,1421,7,8541,3,721,5,859,6,5246,8,6105,California
Lassen,2021-05-11,60,10743,0,1421,52,8593,8,729,18,843,42,5288,26,6131,California
Lassen,2021-05-12,40,10783,4,1425,31,8624,5,734,12,832,28,5316,17,6148,California
Lassen,2021-05-13,29,10812,9,1434,15,8639,5,739,9,826,20,5336,14,6162,California
Lassen,2021-05-14,22,10834,4,1438,10,8649,8,747,12,836,10,5346,20,6182,California
Lassen,2021-05-15,16,10850,2,1440,4,8653,10,757,4,838,12,5358,14,6196,California
Lassen,2021-05-16,7,10857,2,1442,3,8656,2,759,2,838,4,5362,4,6200,California
Lassen,2021-05-17,35,10892,4,1446,19,8675,12,771,11,837,24,5386,23,6223,California
Lassen,2021-05-18,89,10981,10,1456,67,8742,12,783,27,814,62,5448,39,6262,California
Lassen,2021-05-19,58,11039,3,1459,44,8786,11,794,8,783,49,5497,18,6280,California
Lassen,2021-05-20,33,11072,8,1467,16,8802,9,803,12,783,21,5518,21,6301,California
Lassen,2021-05-21,62,11134,28,1495,20,8822,14,817,33,801,29,5547,47,6348,California
Lassen,2021-05-22,17,11151,2,1497,7,8829,8,825,7,806,10,5557,15,6363,California
Lassen,2021-05-23,5,11156,3,1500,1,8830,1,826,0,802,5,5562,1,6364,California
Lassen,2021-05-24,12,11168,1,1501,9,8839,2,828,6,805,5,5567,8,6372,California
Lassen,2021-05-25,93,11261,6,1507,78,8917,9,837,32,785,61,5628,41,6413,California
Lassen,2021-05-26,59,11320,0,1507,43,8960,16,853,11,764,48,5676,27,6440,California
Lassen,2021-05-27,41,11361,17,1524,18,8978,6,859,12,754,28,5704,18,6458,California
Lassen,2021-05-28,71,11432,45,1569,18,8996,8,867,29,749,42,5746,37,6495,California
Lassen,2021-05-29,15,11447,1,1570,12,9008,2,869,9,754,6,5752,11,6506,California
Lassen,2021-05-30,2,11449,0,1570,1,9009,1,870,1,755,1,5753,2,6508,California
Lassen,2021-05-31,7,11456,0,1570,6,9015,1,871,1,751,6,5759,2,6510,California
Lassen,2021-06-01,43,11499,1,1571,36,9051,6,877,16,746,27,5786,22,6532,California
Lassen,2021-06-02,54,11553,2,1573,37,9088,15,892,13,734,40,5826,28,6560,California
Lassen,2021-06-03,20,11573,3,1576,8,9096,9,901,7,737,13,5839,16,6576,California
Lassen,2021-06-04,33,11606,3,1579,26,9122,4,905,15,738,18,5857,19,6595,California
Lassen,2021-06-05,13,11619,3,1582,7,9129,3,908,4,736,9,5866,7,6602,California
Lassen,2021-06-06,4,11623,0,1582,2,9131,2,910,1,736,3,5869,3,6605,California
Los Angeles,2020-12-15,396,396,396,396,0,0,0,0,396,396,0,0,396,396,California
Los Angeles,2020-12-16,3581,3977,3581,3977,0,0,0,0,3581,3977,0,0,3581,3977,California
Los Angeles,2020-12-17,10308,14285,10308,14285,0,0,0,0,10309,14286,0,0,10309,14286,California
Los Angeles,2020-12-18,14566,28851,14543,28828,23,23,0,0,14566,28852,0,0,14566,28852,California
Los Angeles,2020-12-19,7236,36087,7227,36055,9,32,0,0,7238,36090,0,0,7238,36090,California
Los Angeles,2020-12-20,4611,40698,4603,40658,8,40,0,0,4613,40703,0,0,4613,40703,California
Los Angeles,2020-12-21,13732,54430,13715,54373,17,57,0,0,13732,54434,1,1,13732,54435,California
Los Angeles,2020-12-22,11556,65986,11163,65536,393,450,0,0,11556,65988,2,3,11556,65991,California
Los Angeles,2020-12-23,11978,77964,10208,75744,1770,2220,0,0,11978,77966,0,3,11978,77969,California
Los Angeles,2020-12-24,7041,85005,4267,80011,2774,4994,0,0,7044,85010,0,3,7044,85013,California
Los Angeles,2020-12-25,529,85534,422,80433,107,5101,0,0,529,85539,0,3,529,85542,California
Los Angeles,2020-12-26,2534,88068,2188,82621,346,5447,0,0,2533,88070,2,5,2533,88075,California
Los Angeles,2020-12-27,1772,89840,1036,83657,736,6183,0,0,1772,89842,0,5,1772,89847,California
Los Angeles,2020-12-28,10328,100168,6399,90056,3929,10112,0,0,10325,100166,1,6,10325,100172,California
Los Angeles,2020-12-29,11625,111793,6090,96146,5535,15647,0,0,11626,111792,0,6,11626,111798,California
Los Angeles,2020-12-30,14895,126688,8103,104249,6792,22439,0,0,14894,126686,0,6,14894,126692,California
Los Angeles,2020-12-31,7966,134654,2763,107012,5203,27642,0,0,7963,134647,2,8,7963,134655,California
Los Angeles,2021-01-01,1051,135705,299,107311,752,28394,0,0,1051,135698,0,8,1051,135706,California
Los Angeles,2021-01-02,4502,140207,1681,108992,2821,31215,0,0,4502,140200,0,8,4502,140208,California
Los Angeles,2021-01-03,957,141164,221,109213,736,31951,0,0,955,141153,2,10,955,141163,California
Los Angeles,2021-01-04,12723,153887,4893,114106,7830,39781,0,0,12709,153860,2,12,12709,153872,California
Los Angeles,2021-01-05,16094,169981,7110,121216,8984,48765,0,0,14180,166160,1885,1897,14185,168057,California
Los Angeles,2021-01-06,22749,192730,12118,133334,10631,59396,0,0,17097,177684,5583,7480,17107,185164,California
Los Angeles,2021-01-07,29435,222165,15836,149170,13599,72995,0,0,18863,186039,10524,18004,18879,204043,California
Los Angeles,2021-01-08,33202,255367,17946,167116,15256,88251,0,0,20922,194717,12254,30258,20932,224975,California
Los Angeles,2021-01-09,12409,267776,7103,174219,5306,93557,0,0,7523,197364,4883,35141,7530,232505,California
Los Angeles,2021-01-10,4703,272479,3647,177866,1056,94613,0,0,1966,196594,2737,37878,1967,234472,California
Los Angeles,2021-01-11,25887,298366,16290,194156,9597,104210,0,0,14919,200566,10957,48835,14929,249401,California
Los Angeles,2021-01-12,29399,327765,16221,210377,13178,117388,0,0,19244,209685,10138,58973,19257,268658,California
Los Angeles,2021-01-13,29351,357116,15661,226038,13690,131078,0,0,20368,221092,8966,67939,20373,289031,California
Los Angeles,2021-01-14,29320,386436,12707,238745,16613,147691,0,0,23778,239360,5522,73461,23790,312821,California
Los Angeles,2021-01-15,33869,420305,12355,251100,21514,169205,0,0,30282,266091,3560,77021,30291,343112,California
Los Angeles,2021-01-16,17628,437933,4971,256071,12657,181862,0,0,15838,280153,1782,78803,15844,358956,California
Los Angeles,2021-01-17,5203,443136,2314,258385,2889,184751,0,0,4957,284867,245,79048,4959,363915,California
Los Angeles,2021-01-18,15664,458800,10116,268501,5548,190299,0,0,10924,291066,4728,83776,10927,374842,California
Los Angeles,2021-01-19,38698,497498,20643,289144,18055,208354,0,0,30876,314174,7781,91557,30889,405731,California
Los Angeles,2021-01-20,46389,543887,24188,313332,22201,230555,0,0,38897,345621,7460,99017,38907,444638,California
Los Angeles,2021-01-21,48909,592796,22404,335736,26505,257060,0,0,44611,386016,4232,103249,44627,489265,California
Los Angeles,2021-01-22,48295,641091,22368,358104,25927,282987,0,0,44855,427490,3393,106642,44867,534132,California
Los Angeles,2021-01-23,34208,675299,15756,373860,18452,301439,0,0,32137,457602,2039,108681,32151,566283,California
Los Angeles,2021-01-24,15754,691053,12227,386087,3527,304966,0,0,15204,472267,542,109223,15207,581490,California
Los Angeles,2021-01-25,39536,730589,16697,402784,22839,327805,0,0,30884,494545,8622,117845,30900,612390,California
Los Angeles,2021-01-26,49770,780359,24697,427481,25073,352878,0,0,41532,527894,8203,126048,41552,653942,California
Los Angeles,2021-01-27,51228,831587,26075,453556,25153,378031,0,0,41805,560442,9282,135330,41830,695772,California
Los Angeles,2021-01-28,49148,880735,23567,477123,25581,403612,0,0,40690,592812,8335,143665,40705,736477,California
Los Angeles,2021-01-29,49864,930599,25761,502884,24103,427715,0,0,39745,622809,9765,153430,39762,776239,California
Los Angeles,2021-01-30,30486,961085,15759,518643,14727,442442,0,0,26173,644755,4232,157662,26178,802417,California
Los Angeles,2021-01-31,13159,974244,10495,529138,2664,445106,0,0,12338,656290,807,158469,12342,814759,California
Los Angeles,2021-02-01,38844,1013088,16650,545788,22194,467300,0,0,28275,674044,10532,169001,28286,843045,California
Los Angeles,2021-02-02,44779,1057867,18064,563852,26715,494015,0,0,32568,694449,12169,181170,32574,875619,California
Los Angeles,2021-02-03,52341,1110208,19679,583531,32662,526677,0,0,37429,717215,14669,195839,37435,913054,California
Los Angeles,2021-02-04,57349,1167557,20803,604334,36546,563223,0,0,39260,738709,17780,213619,39274,952328,California
Los Angeles,2021-02-05,61549,1229106,21259,625593,40290,603513,0,0,39559,756712,21567,235186,39570,991898,California
Los Angeles,2021-02-06,35827,1264933,13567,639160,22260,625773,0,0,27356,775696,8394,243580,27378,1019276,California
Los Angeles,2021-02-07,11064,1275997,8626,647786,2438,628211,0,0,8669,781993,2379,245959,8676,1027952,California
Los Angeles,2021-02-08,47328,1323325,22060,669846,25268,653479,0,0,31074,796950,16119,262078,31076,1059028,California
Los Angeles,2021-02-09,56116,1379441,24854,694700,31262,684741,0,0,28593,798111,27440,289518,28601,1087629,California
Los Angeles,2021-02-10,67116,1446557,29476,724176,37640,722381,0,0,30782,792953,35950,325468,30792,1118421,California
Los Angeles,2021-02-11,58502,1505059,31302,755478,27200,749581,0,0,28299,791503,29753,355221,28303,1146724,California
Los Angeles,2021-02-12,60019,1565078,29947,785425,30072,779653,0,0,26264,784402,33383,388604,26282,1173006,California
Los Angeles,2021-02-13,33927,1599005,19775,805200,14152,793805,0,0,15484,781570,18354,406958,15522,1188528,California
Los Angeles,2021-02-14,21830,1620835,14900,820100,6930,800735,0,0,8775,777356,12992,419950,8778,1197306,California
Los Angeles,2021-02-15,32999,1653834,16057,836157,16942,817677,0,0,18096,780621,14837,434787,18102,1215408,California
Los Angeles,2021-02-16,64517,1718351,32870,869027,31647,849324,0,0,29946,776109,34471,469258,29959,1245367,California
Los Angeles,2021-02-17,65207,1783558,34827,903854,30380,879704,0,0,26549,764201,38463,507721,26555,1271922,California
Los Angeles,2021-02-18,68923,1852481,35100,938954,33823,913527,0,0,28701,752876,40036,547757,28711,1300633,California
Los Angeles,2021-02-19,58673,1911154,36282,975236,22391,935918,0,0,28676,751676,29893,577650,28693,1329326,California
Los Angeles,2021-02-20,33170,1944324,24191,999427,8979,944897,0,0,15910,750383,17212,594862,15919,1345245,California
Los Angeles,2021-02-21,22441,1966765,20769,1020196,1672,946569,0,0,11109,750220,11275,606137,11112,1356357,California
Los Angeles,2021-02-22,34776,2001541,25359,1045555,9417,955986,0,0,17905,751346,16791,622928,17917,1374274,California
Los Angeles,2021-02-23,55142,2056683,23864,1069419,31278,987264,0,0,21634,739604,33387,656315,21645,1395919,California
Los Angeles,2021-02-24,65234,2121917,29083,1098502,36151,1023415,0,0,28123,730812,36933,693248,28141,1424060,California
Los Angeles,2021-02-25,74391,2196308,34103,1132605,40288,1063703,0,0,38306,733212,35919,729167,38319,1462379,California
Los Angeles,2021-02-26,83974,2280282,38928,1171533,45046,1108749,0,0,47070,743638,36673,765840,47099,1509478,California
Los Angeles,2021-02-27,60498,2340780,26679,1198212,33813,1142562,6,6,30859,745054,29472,795312,30888,1540366,California
Los Angeles,2021-02-28,27081,2367861,18711,1216923,8367,1150929,3,9,18932,755954,8041,803353,18941,1559307,California
Los Angeles,2021-03-01,57308,2425169,32664,1249587,24615,1175544,29,38,34299,767475,22825,826178,34346,1593653,California
Los Angeles,2021-03-02,77852,2503021,37867,1287454,39976,1215520,9,47,49016,787821,28691,854869,49037,1642690,California
Los Angeles,2021-03-03,84916,2587937,43364,1330818,41537,1257057,15,62,53657,810436,31080,885949,53695,1696385,California
Los Angeles,2021-03-04,90860,2678797,46716,1377534,44130,1301187,14,76,57323,834441,33351,919300,57356,1753741,California
Los Angeles,2021-03-05,90090,2768887,44498,1422032,45561,1346748,31,107,60338,865293,29553,948853,60405,1814146,California
Los Angeles,2021-03-06,67406,2836293,34354,1456386,31222,1377970,1830,1937,43462,886788,23799,972652,45294,1859440,California
Los Angeles,2021-03-07,27281,2863574,20789,1477175,5661,1383631,831,2768,21107,902575,6144,978796,21931,1881371,California
Los Angeles,2021-03-08,52820,2916394,27914,1505089,22936,1406567,1970,4738,39906,931639,12809,991605,41873,1923244,California
Los Angeles,2021-03-09,81490,2997884,38720,1543809,39483,1446050,3287,8025,51894,957364,29444,1021049,55169,1978413,California
Los Angeles,2021-03-10,83151,3081035,40928,1584737,37338,1483388,4885,12910,52616,984460,30364,1051413,57460,2035873,California
Los Angeles,2021-03-11,92848,3173883,45352,1630089,40803,1524191,6693,19603,54360,1007171,38295,1089708,61006,2096879,California
Los Angeles,2021-03-12,98983,3272866,44570,1674659,40496,1564687,13917,33520,57659,1037571,41118,1130826,71518,2168397,California
Los Angeles,2021-03-13,75761,3348627,35819,1710478,27968,1592655,11974,45494,45265,1064377,30379,1161205,57185,2225582,California
Los Angeles,2021-03-14,39112,3387739,26294,1736772,10269,1602924,2549,48043,24010,1075880,15033,1176238,26536,2252118,California
Los Angeles,2021-03-15,74981,3462720,36568,1773340,32960,1635884,5453,53496,45411,1097335,29381,1205619,50836,2302954,California
Los Angeles,2021-03-16,99967,3562687,43721,1817061,50357,1686241,5889,59385,64731,1132866,35043,1240662,70574,2373528,California
Los Angeles,2021-03-17,97263,3659950,44080,1861141,44862,1731103,8321,67706,65065,1174123,31993,1272655,73250,2446778,California
Los Angeles,2021-03-18,101928,3761878,48738,1909879,47857,1778960,5333,73039,64687,1207175,36949,1309604,70001,2516779,California
Los Angeles,2021-03-19,109237,3871115,56973,1966852,47485,1826445,4779,77818,67323,1237585,41642,1351246,72052,2588831,California
Los Angeles,2021-03-20,76395,3947510,37748,2004600,34063,1860508,4584,82402,51850,1269640,24361,1375607,56416,2645247,California
Los Angeles,2021-03-21,34640,3982150,25756,2030356,7983,1868491,901,83303,22226,1280470,12295,1387902,23125,2668372,California
Los Angeles,2021-03-22,70876,4053026,41618,2071974,27089,1895580,2169,85472,49724,1311469,20890,1408792,51889,2720261,California
Los Angeles,2021-03-23,96430,4149456,52137,2124111,41047,1936627,3246,88718,58367,1335275,37792,1446584,61598,2781859,California
Los Angeles,2021-03-24,105037,4254493,55715,2179826,46155,1982782,3167,91885,60816,1355347,43896,1490480,63968,2845827,California
Los Angeles,2021-03-25,110691,4365184,59275,2239101,47511,2030293,3905,95790,62188,1373218,48202,1538682,66073,2911900,California
Los Angeles,2021-03-26,115331,4480515,63221,2302322,47930,2078223,4180,99970,63602,1389529,51442,1590124,67753,2979653,California
Los Angeles,2021-03-27,83630,4564145,44017,2346339,37478,2115701,2135,102105,42706,1393703,40662,1630786,44836,3024489,California
Los Angeles,2021-03-28,42211,4606356,28629,2374968,12997,2128698,585,102690,20067,1392343,22010,1652796,20650,3045139,California
Los Angeles,2021-03-29,83052,4689408,46702,2421670,34577,2163275,1773,104463,46103,1403473,36737,1689533,47867,3093006,California
Los Angeles,2021-03-30,108966,4798374,51935,2473605,51087,2214362,5944,110407,56937,1414527,51789,1741322,62843,3155849,California
Los Angeles,2021-03-31,122701,4921075,62003,2535608,51867,2266229,8831,119238,68616,1438146,53773,1795095,77392,3233241,California
Los Angeles,2021-04-01,133405,5054480,62345,2597953,55628,2321857,15432,134670,71938,1464310,61128,1856223,87292,3320533,California
Los Angeles,2021-04-02,132351,5186831,58942,2656895,57844,2379701,15565,150235,70408,1488636,61599,1917822,85925,3406458,California
Los Angeles,2021-04-03,98663,5285494,45176,2702071,39837,2419538,13650,163885,48509,1500765,49963,1967785,62092,3468550,California
Los Angeles,2021-04-04,39224,5324718,20527,2722598,12061,2431599,6636,170521,16371,1500962,22769,1990554,22966,3491516,California
Los Angeles,2021-04-05,93963,5418681,44456,2767054,39220,2470819,10287,180808,44562,1506548,49194,2039748,54780,3546296,California
Los Angeles,2021-04-06,121163,5539844,56987,2824041,43841,2514660,20335,201143,55521,1516898,65381,2105129,75731,3622027,California
Los Angeles,2021-04-07,120327,5660171,54491,2878532,44632,2559292,21204,222347,54378,1526674,65685,2170814,75461,3697488,California
Los Angeles,2021-04-08,133043,5793214,58390,2936922,50509,2609801,24144,246491,60108,1538145,72620,2243434,84091,3781579,California
Los Angeles,2021-04-09,131656,5924870,56850,2993772,50806,2660607,24000,270491,56402,1543447,74946,2318380,80248,3861827,California
Los Angeles,2021-04-10,101636,6026506,42946,3036718,34579,2695186,24111,294602,37184,1540405,64205,2382585,61163,3922990,California
Los Angeles,2021-04-11,41839,6068345,22606,3059324,9732,2704918,9501,304103,14270,1536635,27488,2410073,23718,3946708,California
Los Angeles,2021-04-12,79006,6147351,38540,3097864,34078,2738996,6388,310491,32302,1528790,46493,2456566,38648,3985356,California
Los Angeles,2021-04-13,117540,6264891,59044,3156908,58067,2797063,429,310920,61989,1535921,55305,2511871,62436,4047792,California
Los Angeles,2021-04-14,119028,6383919,59334,3216242,59563,2856626,131,311051,64519,1546345,54236,2566107,64660,4112452,California
Los Angeles,2021-04-15,129930,6513849,70077,3286319,59681,2916307,172,311223,74388,1565518,55259,2621366,74432,4186884,California
Los Angeles,2021-04-16,130195,6644044,68606,3354925,61447,2977754,142,311365,68512,1572706,61398,2682764,68586,4255470,California
Los Angeles,2021-04-17,98368,6742412,51413,3406338,46930,3024684,25,311390,56136,1586854,42012,2724776,56160,4311630,California
Los Angeles,2021-04-18,34116,6776528,22607,3428945,11508,3036192,1,311391,18659,1590140,15379,2740155,18665,4330295,California
Los Angeles,2021-04-19,74947,6851475,39708,3468653,35226,3071418,13,311404,33279,1581967,41474,2781629,33301,4363596,California
Los Angeles,2021-04-20,102993,6954468,50097,3518750,52873,3124291,23,311427,51164,1581572,51584,2833213,51189,4414785,California
Los Angeles,2021-04-21,109576,7064044,52403,3571153,56984,3181275,189,311616,48284,1569080,60964,2894177,48472,4463257,California
Los Angeles,2021-04-22,116353,7180397,59620,3630773,56700,3237975,33,311649,51299,1555676,64740,2958917,51336,4514593,California
Los Angeles,2021-04-23,114419,7294816,62452,3693225,51946,3289921,21,311670,54260,1550095,59860,3018777,54279,4568872,California
Los Angeles,2021-04-24,90183,7384999,57383,3750608,32764,3322685,36,311706,50431,1561051,39521,3058298,50477,4619349,California
Los Angeles,2021-04-25,37786,7422785,25025,3775633,12755,3335440,6,311712,20356,1564090,17322,3075620,20361,4639710,California
Los Angeles,2021-04-26,73926,7496711,38450,3814083,34978,3370418,498,312210,36659,1564184,37057,3112677,37151,4676861,California
Los Angeles,2021-04-27,89923,7586634,43068,3857151,45010,3415428,1845,314055,34306,1544982,55341,3168018,36139,4713000,California
Los Angeles,2021-04-28,84908,7671542,40771,3897922,42094,3457522,2043,316098,33110,1528643,51481,3219499,35142,4748142,California
Los Angeles,2021-04-29,91441,7762983,45207,3943129,44081,3501603,2153,318251,32404,1504528,58664,3278163,34549,4782691,California
Los Angeles,2021-04-30,99226,7862209,48965,3992094,47849,3549452,2412,320663,35797,1479709,63010,3341173,38191,4820882,California
Los Angeles,2021-05-01,75267,7937476,42111,4034205,31654,3581106,1502,322165,28337,1462910,46632,3387805,29833,4850715,California
Los Angeles,2021-05-02,27963,7965439,17947,4052152,9282,3590388,734,322899,10123,1456036,17727,3405532,10853,4861568,California
Los Angeles,2021-05-03,60716,8026155,29694,4081846,28860,3619248,2162,325061,21500,1440717,38967,3444499,23648,4885216,California
Los Angeles,2021-05-04,85602,8111757,47111,4128957,36250,3655498,2241,327302,26338,1410319,58959,3503458,28561,4913777,California
Los Angeles,2021-05-05,88524,8200281,51370,4180327,34815,3690313,2339,329641,24308,1373062,63892,3567350,26635,4940412,California
Los Angeles,2021-05-06,96134,8296415,57684,4238011,35953,3726266,2497,332138,22989,1325761,72769,3640119,25468,4965880,California
Los Angeles,2021-05-07,95528,8391943,56811,4294822,36381,3762647,2336,334474,26110,1285100,69080,3709199,28419,4994299,California
Los Angeles,2021-05-08,63687,8455630,42056,4336878,20019,3782666,1612,336086,17361,1258040,46021,3755220,18961,5013260,California
Los Angeles,2021-05-09,23706,8479336,18033,4354911,4934,3787600,739,336825,6046,1247255,17564,3772784,6779,5020039,California
Los Angeles,2021-05-10,48443,8527779,25472,4380383,21125,3808725,1846,338671,14577,1230017,33652,3806436,16414,5036453,California
Los Angeles,2021-05-11,66853,8594632,35754,4416137,29095,3837820,2004,340675,17077,1199546,49530,3855966,19059,5055512,California
Los Angeles,2021-05-12,66929,8661561,35985,4452122,28822,3866642,2122,342797,18789,1172586,47855,3903821,20895,5076407,California
Los Angeles,2021-05-13,69716,8731277,41954,4494076,26129,3892771,1633,344430,24475,1153793,44885,3948706,26092,5102499,California
Los Angeles,2021-05-14,86783,8818060,55028,4549104,29939,3922710,1816,346246,32739,1134615,53722,4002428,34544,5137043,California
Los Angeles,2021-05-15,73688,8891748,52114,4601218,20085,3942795,1489,347735,28352,1119371,45074,4047502,29830,5166873,California
Los Angeles,2021-05-16,30426,8922174,24052,4625270,5770,3948565,604,348339,12009,1113658,18323,4065825,12610,5179483,California
Los Angeles,2021-05-17,61162,8983336,39863,4665133,19569,3968134,1730,350069,25772,1105976,35168,4100993,27486,5206969,California
Los Angeles,2021-05-18,63846,9047182,38104,4703237,23958,3992092,1784,351853,26384,1096917,37204,4138197,28145,5235114,California
Los Angeles,2021-05-19,66885,9114067,40332,4743569,24731,4016823,1822,353675,29363,1090823,37264,4175461,31170,5266284,California
Los Angeles,2021-05-20,52993,9167060,29803,4773372,21351,4038174,1839,355514,20824,1081610,31873,4207334,22660,5288944,California
Los Angeles,2021-05-21,55738,9222798,34518,4807890,19397,4057571,1823,357337,23118,1074206,32340,4239674,24936,5313880,California
Los Angeles,2021-05-22,44490,9267288,30054,4837944,12961,4070532,1475,358812,19066,1069481,25255,4264929,20530,5334410,California
Los Angeles,2021-05-23,14530,9281818,11331,4849275,2529,4073061,670,359482,7471,1070628,6990,4271919,8137,5342547,California
Los Angeles,2021-05-24,47851,9329669,26325,4875600,19694,4092755,1832,361314,18627,1062066,29012,4300931,20450,5362997,California
Los Angeles,2021-05-25,49297,9378966,28575,4904175,18970,4111725,1752,363066,19611,1053967,29454,4330385,21355,5384352,California
Los Angeles,2021-05-26,46411,9425377,26224,4930399,18384,4130109,1803,364869,19878,1049409,26121,4356506,21563,5405915,California
Los Angeles,2021-05-27,44864,9470241,25035,4955434,17970,4148079,1859,366728,18919,1044421,25720,4382226,20732,5426647,California
Los Angeles,2021-05-28,51367,9521608,29150,4984584,20370,4168449,1847,368575,23085,1041330,28009,4410235,24918,5451565,California
Los Angeles,2021-05-29,30123,9551731,17430,5002014,11668,4180117,1025,369600,14232,1040867,15709,4425944,15246,5466811,California
Los Angeles,2021-05-30,12438,9564169,8177,5010191,3536,4183653,725,370325,5944,1041085,6445,4432389,6663,5473474,California
Los Angeles,2021-05-31,5990,9570159,3712,5013903,1974,4185627,304,370629,1733,1038914,4206,4436595,2035,5475509,California
Los Angeles,2021-06-01,45564,9615723,25559,5039462,18457,4204084,1548,372177,18020,1031239,27221,4463816,19546,5495055,California
Los Angeles,2021-06-02,37693,9653416,21963,5061425,14295,4218379,1435,373612,15982,1027201,21432,4485248,17394,5512449,California
Los Angeles,2021-06-03,41690,9695106,27709,5089134,12502,4230881,1479,375091,16556,1020345,24877,4510125,18021,5530470,California
Los Angeles,2021-06-04,49809,9744915,33988,5123122,14239,4245120,1582,376673,17056,1006498,32462,4542587,18615,5549085,California
Los Angeles,2021-06-05,39620,9784535,28599,5151721,9719,4254839,1302,377975,11976,992285,27475,4570062,13262,5562347,California
Los Angeles,2021-06-06,5393,9789928,4734,5156455,394,4255233,265,378240,797,988771,4573,4574635,1059,5563406,California
Madera,2020-12-16,21,21,21,21,0,0,0,0,21,21,0,0,21,21,California
Madera,2020-12-17,13,34,13,34,0,0,0,0,13,34,0,0,13,34,California
Madera,2020-12-18,60,94,60,94,0,0,0,0,60,94,0,0,60,94,California
Madera,2020-12-19,5,99,5,99,0,0,0,0,5,99,0,0,5,99,California
Madera,2020-12-20,14,113,14,113,0,0,0,0,14,113,0,0,14,113,California
Madera,2020-12-21,60,173,60,173,0,0,0,0,60,173,0,0,60,173,California
Madera,2020-12-22,95,268,93,266,2,2,0,0,95,268,0,0,95,268,California
Madera,2020-12-23,68,336,68,334,0,2,0,0,68,336,0,0,68,336,California
Madera,2020-12-24,43,379,38,372,5,7,0,0,43,379,0,0,43,379,California
Madera,2020-12-26,27,406,26,398,1,8,0,0,27,406,0,0,27,406,California
Madera,2020-12-27,29,435,12,410,17,25,0,0,29,435,0,0,29,435,California
Madera,2020-12-28,107,542,36,446,71,96,0,0,107,542,0,0,107,542,California
Madera,2020-12-29,173,715,37,483,136,232,0,0,173,715,0,0,173,715,California
Madera,2020-12-30,223,938,87,570,136,368,0,0,223,938,0,0,223,938,California
Madera,2020-12-31,201,1139,80,650,121,489,0,0,201,1139,0,0,201,1139,California
Madera,2021-01-01,1,1140,1,651,0,489,0,0,1,1140,0,0,1,1140,California
Madera,2021-01-02,88,1228,33,684,55,544,0,0,88,1228,0,0,88,1228,California
Madera,2021-01-03,4,1232,4,688,0,544,0,0,4,1232,0,0,4,1232,California
Madera,2021-01-04,129,1361,65,753,64,608,0,0,129,1361,0,0,129,1361,California
Madera,2021-01-05,280,1641,143,896,137,745,0,0,276,1633,4,4,276,1637,California
Madera,2021-01-06,183,1824,26,922,157,902,0,0,164,1778,19,23,164,1801,California
Madera,2021-01-07,399,2223,116,1038,283,1185,0,0,376,2132,23,46,377,2178,California
Madera,2021-01-08,420,2643,72,1110,348,1533,0,0,365,2444,54,100,366,2544,California
Madera,2021-01-09,36,2679,14,1124,22,1555,0,0,27,2462,9,109,27,2571,California
Madera,2021-01-10,17,2696,14,1138,3,1558,0,0,5,2455,12,121,5,2576,California
Madera,2021-01-11,239,2935,191,1329,48,1606,0,0,198,2612,41,162,198,2774,California
Madera,2021-01-12,390,3325,159,1488,231,1837,0,0,285,2792,105,267,285,3059,California
Madera,2021-01-13,182,3507,90,1578,92,1929,0,0,127,2865,55,322,128,3187,California
Madera,2021-01-14,551,4058,79,1657,472,2401,0,0,519,3352,32,354,519,3706,California
Madera,2021-01-15,597,4655,158,1815,439,2840,0,0,576,3907,21,375,576,4282,California
Madera,2021-01-16,384,5039,48,1863,336,3176,0,0,356,4235,28,403,356,4638,California
Madera,2021-01-17,337,5376,15,1878,322,3498,0,0,333,4564,4,407,333,4971,California
Madera,2021-01-18,78,5454,62,1940,16,3514,0,0,59,4605,18,425,59,5030,California
Madera,2021-01-19,573,6027,136,2076,437,3951,0,0,546,5125,27,452,547,5577,California
Madera,2021-01-20,236,6263,80,2156,156,4107,0,0,208,5306,27,479,208,5785,California
Madera,2021-01-21,237,6500,128,2284,109,4216,0,0,203,5477,32,511,203,5988,California
Madera,2021-01-22,256,6756,81,2365,175,4391,0,0,241,5703,15,526,241,6229,California
Madera,2021-01-23,101,6857,53,2418,48,4439,0,0,77,5756,24,550,77,6306,California
Madera,2021-01-24,99,6956,81,2499,18,4457,0,0,78,5813,21,571,78,6384,California
Madera,2021-01-25,269,7225,126,2625,143,4600,0,0,147,5838,122,693,147,6531,California
Madera,2021-01-26,490,7715,189,2814,301,4901,0,0,299,5948,190,883,300,6831,California
Madera,2021-01-27,741,8456,63,2877,678,5579,0,0,604,6417,137,1020,606,7437,California
Madera,2021-01-28,546,9002,108,2985,438,6017,0,0,441,6754,105,1125,442,7879,California
Madera,2021-01-29,467,9469,94,3079,373,6390,0,0,412,7111,55,1180,412,8291,California
Madera,2021-01-30,504,9973,16,3095,488,6878,0,0,451,7509,53,1233,451,8742,California
Madera,2021-01-31,9,9982,6,3101,3,6881,0,0,8,7516,1,1234,8,8750,California
Madera,2021-02-01,332,10314,147,3248,185,7066,0,0,206,7596,126,1360,206,8956,California
Madera,2021-02-02,256,10570,88,3336,168,7234,0,0,162,7666,93,1453,163,9119,California
Madera,2021-02-03,597,11167,462,3798,135,7369,0,0,477,8026,118,1571,478,9597,California
Madera,2021-02-04,393,11560,126,3924,267,7636,0,0,115,7865,277,1848,116,9713,California
Madera,2021-02-05,976,12536,298,4222,678,8314,0,0,371,7638,599,2447,372,10085,California
Madera,2021-02-06,363,12899,329,4551,34,8348,0,0,323,7922,39,2486,323,10408,California
Madera,2021-02-07,34,12933,6,4557,28,8376,0,0,29,7946,5,2491,29,10437,California
Madera,2021-02-08,387,13320,311,4868,76,8452,0,0,270,8100,116,2607,270,10707,California
Madera,2021-02-09,479,13799,118,4986,361,8813,0,0,198,8021,278,2885,199,10906,California
Madera,2021-02-10,436,14235,148,5134,288,9101,0,0,332,8249,104,2989,332,11238,California
Madera,2021-02-11,937,15172,308,5442,629,9730,0,0,406,8126,530,3519,407,11645,California
Madera,2021-02-12,839,16011,117,5559,722,10452,0,0,311,7918,522,4041,314,11959,California
Madera,2021-02-13,485,16496,44,5603,441,10893,0,0,137,7711,347,4388,140,12099,California
Madera,2021-02-14,400,16896,74,5677,326,11219,0,0,135,7582,265,4653,136,12235,California
Madera,2021-02-15,246,17142,100,5777,146,11365,0,0,175,7687,70,4723,175,12410,California
Madera,2021-02-16,780,17922,182,5959,598,11963,0,0,231,7372,547,5270,232,12642,California
Madera,2021-02-17,613,18535,276,6235,337,12300,0,0,341,7450,265,5535,343,12985,California
Madera,2021-02-18,1301,19836,537,6772,764,13064,0,0,1122,8395,178,5713,1123,14108,California
Madera,2021-02-19,859,20695,542,7314,317,13381,0,0,717,8971,142,5855,718,14826,California
Madera,2021-02-20,1076,21771,985,8299,91,13472,0,0,1003,9903,72,5927,1004,15830,California
Madera,2021-02-21,962,22733,819,9118,143,13615,0,0,957,10855,5,5932,957,16787,California
Madera,2021-02-22,915,23648,837,9955,78,13693,0,0,858,11656,57,5989,858,17645,California
Madera,2021-02-23,773,24421,500,10455,273,13966,0,0,545,11976,225,6214,545,18190,California
Madera,2021-02-24,915,25336,302,10757,613,14579,0,0,383,11828,531,6745,383,18573,California
Madera,2021-02-25,1035,26371,317,11074,718,15297,0,0,599,11993,434,7179,599,19172,California
Madera,2021-02-26,1082,27453,198,11272,884,16181,0,0,701,12315,379,7558,701,19873,California
Madera,2021-02-27,900,28353,265,11537,635,16816,0,0,474,12369,423,7981,477,20350,California
Madera,2021-02-28,194,28547,29,11566,165,16981,0,0,189,12553,5,7986,189,20539,California
Madera,2021-03-01,380,28927,121,11687,259,17240,0,0,197,12569,181,8167,197,20736,California
Madera,2021-03-02,752,29679,349,12036,403,17643,0,0,638,13096,113,8280,640,21376,California
Madera,2021-03-03,1352,31031,724,12760,628,18271,0,0,945,13663,404,8684,971,22347,California
Madera,2021-03-04,1206,32237,529,13289,677,18948,0,0,953,14365,254,8938,956,23303,California
Madera,2021-03-05,1365,33602,421,13710,931,19879,13,13,1085,15196,278,9216,1109,24412,California
Madera,2021-03-06,823,34425,640,14350,151,20030,32,45,503,15413,319,9535,536,24948,California
Madera,2021-03-07,154,34579,27,14377,105,20135,22,67,105,15491,49,9584,127,25075,California
Madera,2021-03-08,605,35184,337,14714,209,20344,59,126,310,15567,295,9879,371,25446,California
Madera,2021-03-09,600,35784,296,15010,270,20614,34,160,410,15831,188,10067,452,25898,California
Madera,2021-03-10,1193,36977,560,15570,554,21168,79,239,758,16239,430,10497,838,26736,California
Madera,2021-03-11,1685,38662,865,16435,491,21659,329,568,770,16436,913,11410,1110,27846,California
Madera,2021-03-12,1577,40239,814,17249,609,22268,154,722,798,16640,777,12187,981,28827,California
Madera,2021-03-13,1881,42120,1330,18579,355,22623,196,918,813,16600,1065,13252,1025,29852,California
Madera,2021-03-14,587,42707,450,19029,104,22727,33,951,295,16639,289,13541,328,30180,California
Madera,2021-03-15,743,43450,228,19257,469,23196,46,997,517,17007,223,13764,591,30771,California
Madera,2021-03-16,933,44383,527,19784,359,23555,47,1044,742,17625,188,13952,806,31577,California
Madera,2021-03-17,1468,45851,982,20766,423,23978,63,1107,912,18141,547,14499,1063,32640,California
Madera,2021-03-18,1955,47806,683,21449,1207,25185,65,1172,977,18293,973,15472,1125,33765,California
Madera,2021-03-19,1587,49393,588,22037,919,26104,80,1252,1046,18949,537,16009,1193,34958,California
Madera,2021-03-20,1189,50582,777,22814,359,26463,53,1305,622,19106,565,16574,722,35680,California
Madera,2021-03-21,1105,51687,903,23717,157,26620,45,1350,383,18816,719,17293,429,36109,California
Madera,2021-03-22,1364,53051,857,24574,441,27061,66,1416,691,18945,670,17963,799,36908,California
Madera,2021-03-23,1419,54470,864,25438,467,27528,88,1504,677,19053,740,18703,848,37756,California
Madera,2021-03-24,955,55425,514,25952,409,27937,32,1536,618,19373,334,19037,654,38410,California
Madera,2021-03-25,1173,56598,532,26484,617,28554,24,1560,647,19541,516,19553,684,39094,California
Madera,2021-03-26,1514,58112,578,27062,802,29356,134,1694,712,19592,798,20351,849,39943,California
Madera,2021-03-27,926,59038,602,27664,301,29657,23,1717,415,19524,507,20858,439,40382,California
Madera,2021-03-28,440,59478,151,27815,228,29885,61,1778,245,19690,194,21052,360,40742,California
Madera,2021-03-29,695,60173,183,27998,482,30367,30,1808,499,20031,192,21244,533,41275,California
Madera,2021-03-30,1075,61248,605,28603,439,30806,31,1839,481,19953,591,21835,513,41788,California
Madera,2021-03-31,1390,62638,545,29148,716,31522,129,1968,429,19558,955,22790,560,42348,California
Madera,2021-04-01,1378,64016,621,29769,706,32228,51,2019,482,19203,887,23677,532,42880,California
Madera,2021-04-02,1607,65623,459,30228,1089,33317,59,2078,479,18625,1117,24794,539,43419,California
Madera,2021-04-03,960,66583,762,30990,179,33496,19,2097,393,18482,565,25359,422,43841,California
Madera,2021-04-04,187,66770,65,31055,120,33616,2,2099,87,18471,100,25459,89,43930,California
Madera,2021-04-05,741,67511,257,31312,425,34041,59,2158,342,18488,398,25857,415,44345,California
Madera,2021-04-06,1712,69223,892,32204,467,34508,353,2511,536,18203,1174,27031,889,45234,California
Madera,2021-04-07,1222,70445,378,32582,696,35204,148,2659,425,17987,794,27825,578,45812,California
Madera,2021-04-08,1731,72176,668,33250,802,36006,261,2920,559,17648,1165,28990,826,46638,California
Madera,2021-04-09,1634,73810,687,33937,799,36805,148,3068,943,18056,686,29676,1094,47732,California
Madera,2021-04-10,970,74780,683,34620,219,37024,68,3136,709,18572,262,29938,778,48510,California
Madera,2021-04-11,810,75590,656,35276,75,37099,79,3215,287,18416,520,30458,364,48874,California
Madera,2021-04-12,777,76367,267,35543,435,37534,75,3290,299,18313,478,30936,375,49249,California
Madera,2021-04-13,1237,77604,608,36151,587,38121,42,3332,719,18567,516,31452,770,50019,California
Madera,2021-04-14,1384,78988,855,37006,529,38650,0,3332,567,18323,817,32269,573,50592,California
Madera,2021-04-15,1159,80147,499,37505,659,39309,1,3333,419,18016,728,32997,421,51013,California
Madera,2021-04-16,1312,81459,532,38037,780,40089,0,3333,361,17439,939,33936,362,51375,California
Madera,2021-04-17,1276,82735,1073,39110,203,40292,0,3333,760,17684,515,34451,760,52135,California
Madera,2021-04-18,245,82980,206,39316,39,40331,0,3333,87,17615,156,34607,87,52222,California
Madera,2021-04-19,808,83788,239,39555,568,40899,1,3334,278,17369,524,35131,278,52500,California
Madera,2021-04-20,871,84659,426,39981,445,41344,0,3334,216,16935,652,35783,218,52718,California
Madera,2021-04-21,859,85518,454,40435,405,41749,0,3334,290,16658,569,36352,292,53010,California
Madera,2021-04-22,1074,86592,511,40946,563,42312,0,3334,372,16333,698,37050,373,53383,California
Madera,2021-04-23,963,87555,307,41253,656,42968,0,3334,334,16043,624,37674,334,53717,California
Madera,2021-04-24,707,88262,466,41719,241,43209,0,3334,248,15837,455,38129,249,53966,California
Madera,2021-04-25,267,88529,160,41879,104,43313,3,3337,118,15814,145,38274,122,54088,California
Madera,2021-04-26,542,89071,100,41979,436,43749,6,3343,126,15533,413,38687,132,54220,California
Madera,2021-04-27,611,89682,274,42253,313,44062,24,3367,309,15566,301,38988,334,54554,California
Madera,2021-04-28,495,90177,197,42450,279,44341,19,3386,243,15577,250,39238,261,54815,California
Madera,2021-04-29,550,90727,244,42694,278,44619,28,3414,258,15578,285,39523,286,55101,California
Madera,2021-04-30,933,91660,505,43199,412,45031,16,3430,264,15195,663,40186,280,55381,California
Madera,2021-05-01,961,92621,867,44066,81,45112,13,3443,385,15018,575,40761,398,55779,California
Madera,2021-05-02,398,93019,351,44417,43,45155,4,3447,145,14914,253,41014,149,55928,California
Madera,2021-05-03,498,93517,197,44614,261,45416,40,3487,100,14659,395,41409,140,56068,California
Madera,2021-05-04,902,94419,433,45047,425,45841,44,3531,213,14227,689,42098,257,56325,California
Madera,2021-05-05,1011,95430,477,45524,473,46314,61,3592,280,13840,728,42826,341,56666,California
Madera,2021-05-06,697,96127,247,45771,419,46733,31,3623,153,13485,539,43365,184,56850,California
Madera,2021-05-07,806,96933,277,46048,508,47241,21,3644,195,13095,605,43970,215,57065,California
Madera,2021-05-08,969,97902,757,46805,201,47442,11,3655,185,12508,783,44753,196,57261,California
Madera,2021-05-09,146,98048,20,46825,115,47557,11,3666,35,12444,110,44863,46,57307,California
Madera,2021-05-10,359,98407,73,46898,274,47831,12,3678,99,12296,259,45122,111,57418,California
Madera,2021-05-11,527,98934,177,47075,342,48173,8,3686,172,12123,353,45475,180,57598,California
Madera,2021-05-12,492,99426,222,47297,234,48407,36,3722,119,11907,371,45846,155,57753,California
Madera,2021-05-13,477,99903,287,47584,158,48565,32,3754,155,11774,320,46166,187,57940,California
Madera,2021-05-14,526,100429,264,47848,238,48803,24,3778,233,11741,290,46456,257,58197,California
Madera,2021-05-15,561,100990,476,48324,77,48880,8,3786,363,11916,196,46652,371,58568,California
Madera,2021-05-16,255,101245,186,48510,37,48917,32,3818,104,11901,151,46803,136,58704,California
Madera,2021-05-17,453,101698,188,48698,236,49153,29,3847,208,11896,242,47045,237,58941,California
Madera,2021-05-18,545,102243,364,49062,158,49311,23,3870,287,11952,254,47299,310,59251,California
Madera,2021-05-19,486,102729,225,49287,239,49550,22,3892,215,11919,270,47569,237,59488,California
Madera,2021-05-20,542,103271,243,49530,261,49811,38,3930,202,11825,334,47903,240,59728,California
Madera,2021-05-21,458,103729,168,49698,263,50074,27,3957,166,11731,287,48190,193,59921,California
Madera,2021-05-22,876,104605,802,50500,62,50136,12,3969,522,11912,353,48543,534,60455,California
Madera,2021-05-23,244,104849,228,50728,6,50142,10,3979,129,11937,114,48657,139,60594,California
Madera,2021-05-24,299,105148,135,50863,123,50265,41,4020,118,11916,180,48837,159,60753,California
Madera,2021-05-25,380,105528,167,51030,180,50445,33,4053,154,11879,224,49061,187,60940,California
Madera,2021-05-26,441,105969,257,51287,162,50607,22,4075,237,11936,202,49263,259,61199,California
Madera,2021-05-27,375,106344,136,51423,201,50808,38,4113,133,11869,238,49501,171,61370,California
Madera,2021-05-28,448,106792,174,51597,246,51054,28,4141,180,11811,266,49767,208,61578,California
Madera,2021-05-29,306,107098,215,51812,73,51127,18,4159,168,11859,138,49905,186,61764,California
Madera,2021-05-30,62,107160,27,51839,31,51158,4,4163,29,11860,32,49937,33,61797,California
Madera,2021-05-31,26,107186,9,51848,13,51171,4,4167,12,11862,14,49951,16,61813,California
Madera,2021-06-01,287,107473,144,51992,120,51291,23,4190,108,11815,178,50129,131,61944,California
Madera,2021-06-02,381,107854,125,52117,233,51524,23,4213,117,11692,263,50392,140,62084,California
Madera,2021-06-03,271,108125,147,52264,110,51634,14,4227,98,11631,173,50565,112,62196,California
Madera,2021-06-04,329,108454,208,52472,110,51744,11,4238,123,11559,206,50771,134,62330,California
Madera,2021-06-05,488,108942,378,52850,97,51841,13,4251,131,11351,352,51123,144,62474,California
Madera,2021-06-06,95,109037,81,52931,10,51851,4,4255,25,11310,70,51193,29,62503,California
Marin,2020-12-15,2,2,2,2,0,0,0,0,2,2,0,0,2,2,California
Marin,2020-12-16,109,111,109,111,0,0,0,0,109,111,0,0,109,111,California
Marin,2020-12-17,272,383,272,383,0,0,0,0,272,383,0,0,272,383,California
Marin,2020-12-18,386,769,386,769,0,0,0,0,386,769,0,0,386,769,California
Marin,2020-12-19,348,1117,347,1116,1,1,0,0,348,1117,0,0,348,1117,California
Marin,2020-12-20,165,1282,164,1280,1,2,0,0,165,1282,0,0,165,1282,California
Marin,2020-12-21,238,1520,235,1515,3,5,0,0,238,1520,0,0,238,1520,California
Marin,2020-12-22,521,2041,317,1832,204,209,0,0,521,2041,0,0,521,2041,California
Marin,2020-12-23,734,2775,322,2154,412,621,0,0,734,2775,0,0,734,2775,California
Marin,2020-12-24,357,3132,159,2313,198,819,0,0,357,3132,0,0,357,3132,California
Marin,2020-12-25,26,3158,0,2313,26,845,0,0,26,3158,0,0,26,3158,California
Marin,2020-12-26,143,3301,94,2407,49,894,0,0,143,3301,0,0,143,3301,California
Marin,2020-12-27,90,3391,54,2461,36,930,0,0,90,3391,0,0,90,3391,California
Marin,2020-12-28,408,3799,99,2560,309,1239,0,0,408,3799,0,0,408,3799,California
Marin,2020-12-29,402,4201,87,2647,315,1554,0,0,402,4201,0,0,402,4201,California
Marin,2020-12-30,627,4828,387,3034,240,1794,0,0,627,4828,0,0,627,4828,California
Marin,2020-12-31,199,5027,34,3068,165,1959,0,0,199,5027,0,0,199,5027,California
Marin,2021-01-01,22,5049,11,3079,11,1970,0,0,22,5049,0,0,22,5049,California
Marin,2021-01-02,113,5162,107,3186,6,1976,0,0,113,5162,0,0,113,5162,California
Marin,2021-01-03,49,5211,31,3217,18,1994,0,0,45,5207,0,0,45,5207,California
Marin,2021-01-04,295,5506,192,3409,103,2097,0,0,294,5500,1,1,294,5501,California
Marin,2021-01-05,366,5872,219,3628,147,2244,0,0,323,5780,43,44,323,5824,California
Marin,2021-01-06,813,6685,316,3944,497,2741,0,0,633,6233,180,224,633,6457,California
Marin,2021-01-07,885,7570,499,4443,386,3127,0,0,528,6404,357,581,528,6985,California
Marin,2021-01-08,964,8534,510,4953,454,3581,0,0,581,6603,382,963,581,7566,California
Marin,2021-01-09,622,9156,223,5176,399,3980,0,0,490,6961,132,1095,490,8056,California
Marin,2021-01-10,129,9285,100,5276,29,4009,0,0,55,6942,74,1169,55,8111,California
Marin,2021-01-11,466,9751,324,5600,142,4151,0,0,246,6970,220,1389,248,8359,California
Marin,2021-01-12,939,10690,544,6144,395,4546,0,0,569,7172,367,1756,569,8928,California
Marin,2021-01-13,1177,11867,496,6640,681,5227,0,0,940,7875,237,1993,940,9868,California
Marin,2021-01-14,1068,12935,316,6956,752,5979,0,0,917,8643,149,2142,917,10785,California
Marin,2021-01-15,1153,14088,350,7306,803,6782,0,0,1023,9539,129,2271,1025,11810,California
Marin,2021-01-16,1122,15210,915,8221,207,6989,0,0,1047,10511,75,2346,1047,12857,California
Marin,2021-01-17,1231,16441,1112,9333,119,7108,0,0,1202,11688,28,2374,1205,14062,California
Marin,2021-01-18,362,16803,160,9493,202,7310,0,0,311,11948,51,2425,311,14373,California
Marin,2021-01-19,1151,17954,910,10403,241,7551,0,0,981,12760,169,2594,981,15354,California
Marin,2021-01-20,1792,19746,1208,11611,584,8135,0,0,1063,13106,718,3312,1064,16418,California
Marin,2021-01-21,1679,21425,1062,12673,617,8752,0,0,1325,14082,351,3663,1327,17745,California
Marin,2021-01-22,1707,23132,1093,13766,614,9366,0,0,1535,15446,172,3835,1536,19281,California
Marin,2021-01-23,1843,24975,1344,15110,499,9865,0,0,1756,17115,87,3922,1756,21037,California
Marin,2021-01-24,615,25590,166,15276,449,10314,0,0,583,17666,32,3954,583,21620,California
Marin,2021-01-25,1126,26716,231,15507,895,11209,0,0,690,17921,436,4390,691,22311,California
Marin,2021-01-26,1521,28237,783,16290,738,11947,0,0,1137,18675,383,4773,1137,23448,California
Marin,2021-01-27,1727,29964,887,17177,840,12787,0,0,1363,19677,362,5135,1364,24812,California
Marin,2021-01-28,2083,32047,1069,18246,1014,13801,0,0,1820,21236,262,5397,1821,26633,California
Marin,2021-01-29,2199,34246,1436,19682,763,14564,0,0,2002,23054,185,5582,2003,28636,California
Marin,2021-01-30,1724,35970,909,20591,815,15379,0,0,1645,24621,79,5661,1646,30282,California
Marin,2021-01-31,459,36429,322,20913,137,15516,0,0,433,25028,26,5687,433,30715,California
Marin,2021-02-01,1093,37522,415,21328,678,16194,0,0,894,25725,198,5885,895,31610,California
Marin,2021-02-02,1413,38935,494,21822,919,17113,0,0,752,25827,650,6535,752,32362,California
Marin,2021-02-03,1780,40715,424,22246,1356,18469,0,0,1278,26604,501,7036,1278,33640,California
Marin,2021-02-04,1522,42237,499,22745,1023,19492,0,0,927,26939,592,7628,927,34567,California
Marin,2021-02-05,2166,44403,675,23420,1491,20983,0,0,1331,27439,831,8459,1331,35898,California
Marin,2021-02-06,1427,45830,848,24268,579,21562,0,0,603,27219,823,9282,603,36501,California
Marin,2021-02-07,1289,47119,1006,25274,283,21845,0,0,489,26909,799,10081,489,36990,California
Marin,2021-02-08,1533,48652,756,26030,777,22622,0,0,732,26842,799,10880,732,37722,California
Marin,2021-02-09,1783,50435,1124,27154,659,23281,0,0,836,26731,947,11827,836,38558,California
Marin,2021-02-10,2336,52771,1487,28641,849,24130,0,0,1214,26826,1120,12947,1215,39773,California
Marin,2021-02-11,2871,55642,1643,30284,1228,25358,0,0,1447,26857,1419,14366,1450,41223,California
Marin,2021-02-12,3057,58699,1536,31820,1521,26879,0,0,1555,26914,1499,15865,1556,42779,California
Marin,2021-02-13,2333,61032,1242,33062,1091,27970,0,0,1127,26837,1204,17069,1127,43906,California
Marin,2021-02-14,813,61845,301,33363,512,28482,0,0,719,27463,94,17163,720,44626,California
Marin,2021-02-15,1218,63063,355,33718,863,29345,0,0,839,27925,378,17541,840,45466,California
Marin,2021-02-16,2469,65532,1054,34772,1415,30760,0,0,1503,28463,965,18506,1503,46969,California
Marin,2021-02-17,2100,67632,942,35714,1158,31918,0,0,1084,28534,1014,19520,1085,48054,California
Marin,2021-02-18,2416,70048,1585,37299,831,32749,0,0,1058,28236,1356,20876,1058,49112,California
Marin,2021-02-19,2781,72829,2170,39469,611,33360,0,0,1234,27937,1534,22410,1235,50347,California
Marin,2021-02-20,2622,75451,2154,41623,468,33828,0,0,1254,27832,1360,23770,1255,51602,California
Marin,2021-02-21,1329,76780,1128,42751,201,34029,0,0,944,28395,381,24151,944,52546,California
Marin,2021-02-22,1858,78638,1425,44176,433,34462,0,0,1231,29001,625,24776,1231,53777,California
Marin,2021-02-23,2909,81547,1677,45853,1232,35694,0,0,1951,30008,945,25721,1952,55729,California
Marin,2021-02-24,3537,85084,1633,47486,1904,37598,0,0,2260,30999,1270,26991,2261,57990,California
Marin,2021-02-25,4091,89175,1929,49415,2162,39760,0,0,2892,32703,1190,28181,2894,60884,California
Marin,2021-02-26,3674,92849,2004,51419,1670,41430,0,0,2648,34338,1014,29195,2649,63533,California
Marin,2021-02-27,2743,95592,1614,53033,1129,42559,0,0,1900,35400,840,30035,1902,65435,California
Marin,2021-02-28,1644,97236,924,53957,720,43279,0,0,1298,36355,343,30378,1298,66733,California
Marin,2021-03-01,2686,99922,1666,55623,1019,44298,1,1,1809,37297,868,31246,1810,68543,California
Marin,2021-03-02,2529,102451,1688,57311,840,45138,1,2,1735,38243,790,32036,1736,70279,California
Marin,2021-03-03,4341,106792,2411,59722,1926,47064,4,6,2808,39528,1527,33563,2812,73091,California
Marin,2021-03-04,3395,110187,1665,61387,1729,48793,1,7,2373,40889,1015,34578,2376,75467,California
Marin,2021-03-05,3069,113256,1173,62560,1884,50677,12,19,1799,41435,1265,35843,1811,77278,California
Marin,2021-03-06,3238,116494,2325,64885,835,51512,78,97,2664,43607,569,36412,2741,80019,California
Marin,2021-03-07,1393,117887,1174,66059,195,51707,24,121,1001,44245,387,36799,1025,81044,California
Marin,2021-03-08,1889,119776,1387,67446,385,52092,117,238,1413,45302,473,37272,1530,82574,California
Marin,2021-03-09,2220,121996,1337,68783,774,52866,109,347,1542,46277,675,37947,1650,84224,California
Marin,2021-03-10,4459,126455,2506,71289,1659,54525,294,641,3216,48551,1238,39185,3512,87736,California
Marin,2021-03-11,4584,131039,1877,73166,2572,57097,135,776,3293,50695,1284,40469,3428,91164,California
Marin,2021-03-12,3977,135016,1544,74710,2082,59179,351,1127,1561,50202,2405,42874,1912,93076,California
Marin,2021-03-13,4100,139116,2867,77577,1161,60340,72,1199,2384,50939,1714,44588,2451,95527,California
Marin,2021-03-14,2283,141399,1102,78679,1063,61403,118,1317,696,50167,1585,46173,813,96340,California
Marin,2021-03-15,3250,144649,1779,80458,1423,62826,48,1365,1212,49400,2026,48199,1259,97599,California
Marin,2021-03-16,4304,148953,2320,82778,1618,64444,366,1731,1463,48390,2837,51036,1827,99426,California
Marin,2021-03-17,4210,153163,2279,85057,1880,66324,51,1782,2055,48352,2143,53179,2105,101531,California
Marin,2021-03-18,4489,157652,2263,87320,2151,68475,75,1857,2134,48220,2338,55517,2206,103737,California
Marin,2021-03-19,4475,162127,2289,89609,1966,70441,220,2077,2326,48624,2139,57656,2543,106280,California
Marin,2021-03-20,3602,165729,1996,91605,1491,71932,115,2192,1932,49011,1661,59317,2048,108328,California
Marin,2021-03-21,1539,167268,1138,92743,378,72310,23,2215,796,49090,740,60057,819,109147,California
Marin,2021-03-22,2481,169749,2138,94881,175,72485,168,2383,896,48575,1579,61636,1064,110211,California
Marin,2021-03-23,4246,173995,2202,97083,1916,74401,128,2511,1863,48190,2376,64012,1991,112202,California
Marin,2021-03-24,4442,178437,2898,99981,1438,75839,106,2617,1806,47477,2623,66635,1910,114112,California
Marin,2021-03-25,4653,183090,2845,102826,1739,77578,69,2686,2249,47403,2390,69025,2316,116428,California
Marin,2021-03-26,4308,187398,2346,105172,1749,79327,213,2899,2399,48122,1893,70918,2612,119040,California
Marin,2021-03-27,3711,191109,2667,107839,1025,80352,19,2918,1139,46717,2562,73480,1157,120197,California
Marin,2021-03-28,2389,193498,1728,109567,655,81007,6,2924,839,46019,1543,75023,845,121042,California
Marin,2021-03-29,2689,196187,2092,111659,571,81578,26,2950,1136,45631,1550,76573,1162,122204,California
Marin,2021-03-30,4668,200855,3649,115308,985,82563,34,2984,2952,46904,1713,78286,2986,125190,California
Marin,2021-03-31,5836,206691,4132,119440,1655,84218,49,3033,2549,46227,3275,81561,2598,127788,California
Marin,2021-04-01,4453,211144,2286,121726,1912,86130,255,3288,2111,46261,2331,83892,2365,130153,California
Marin,2021-04-02,3728,214872,1856,123582,1501,87631,371,3659,1988,46880,1732,85624,2351,132504,California
Marin,2021-04-03,3863,218735,2515,126097,971,88602,377,4036,1463,46332,2388,88012,1840,134344,California
Marin,2021-04-04,1645,220380,1240,127337,204,88806,201,4237,1200,47290,443,88455,1401,135745,California
Marin,2021-04-05,2207,222587,1531,128868,300,89106,376,4613,1264,47991,937,89392,1638,137383,California
Marin,2021-04-06,3965,226552,2109,130977,1304,90410,552,5165,2205,48991,1754,91146,2754,140137,California
Marin,2021-04-07,3961,230513,2000,132977,1319,91729,642,5807,1450,48580,2503,93649,2092,142229,California
Marin,2021-04-08,5055,235568,1975,134952,2470,94199,610,6417,2302,48741,2741,96390,2902,145131,California
Marin,2021-04-09,3992,239560,1556,136508,1705,95904,731,7148,1316,48114,2671,99061,2044,147175,California
Marin,2021-04-10,3214,242774,1483,137991,1298,97202,433,7581,1446,48236,1753,100814,1875,149050,California
Marin,2021-04-11,1059,243833,806,138797,92,97294,161,7742,474,48287,583,101397,634,149684,California
Marin,2021-04-12,1729,245562,1233,140030,338,97632,158,7900,916,48553,809,102206,1075,150759,California
Marin,2021-04-13,3730,249292,2284,142314,1439,99071,7,7907,1359,47561,2360,104566,1368,152127,California
Marin,2021-04-14,4200,253492,2514,144828,1683,100754,3,7910,1707,46803,2468,107034,1710,153837,California
Marin,2021-04-15,5583,259075,3955,148783,1628,102382,0,7910,3202,47638,2368,109402,3203,157040,California
Marin,2021-04-16,4257,263332,2237,151020,2017,104399,3,7913,2072,47544,2170,111572,2076,159116,California
Marin,2021-04-17,3532,266864,2157,153177,1375,105774,0,7913,1763,47543,1764,113336,1763,160879,California
Marin,2021-04-18,3168,270032,3070,156247,98,105872,0,7913,2535,49448,630,113966,2535,163414,California
Marin,2021-04-19,2036,272068,1867,158114,169,106041,0,7913,1153,49725,878,114844,1155,164569,California
Marin,2021-04-20,3683,275751,2545,160659,1138,107179,0,7913,1463,48976,2213,117057,1464,166033,California
Marin,2021-04-21,4001,279752,2935,163594,1063,108242,3,7916,1351,47694,2634,119691,1352,167385,California
Marin,2021-04-22,4220,283972,3221,166815,999,109241,0,7916,1488,46463,2722,122413,1491,168876,California
Marin,2021-04-23,3212,287184,1806,168621,1406,110647,0,7916,1225,45711,1978,124391,1226,170102,California
Marin,2021-04-24,2505,289689,1673,170294,832,111479,0,7916,913,45044,1580,125971,913,171015,California
Marin,2021-04-25,1379,291068,1263,171557,116,111595,0,7916,304,44281,1067,127038,304,171319,California
Marin,2021-04-26,1575,292643,1368,172925,204,111799,3,7919,367,43448,1204,128242,371,171690,California
Marin,2021-04-27,3003,295646,2185,175110,774,112573,44,7963,966,42426,2028,130270,1006,172696,California
Marin,2021-04-28,2302,297948,1584,176694,668,113241,50,8013,729,41633,1570,131840,777,173473,California
Marin,2021-04-29,2895,300843,1984,178678,849,114090,62,8075,800,40411,2084,133924,862,174335,California
Marin,2021-04-30,1951,302794,1274,179952,589,114679,88,8163,697,39950,1246,135170,785,175120,California
Marin,2021-05-01,1827,304621,1017,180969,787,115466,23,8186,538,39229,1281,136451,560,175680,California
Marin,2021-05-02,725,305346,587,181556,109,115575,29,8215,201,38940,518,136969,229,175909,California
Marin,2021-05-03,1211,306557,987,182543,167,115742,57,8272,260,38308,948,137917,316,176225,California
Marin,2021-05-04,2925,309482,1966,184509,868,116610,91,8363,470,36422,2447,140364,561,176786,California
Marin,2021-05-05,2721,312203,1997,186506,602,117212,122,8485,441,34711,2274,142638,563,177349,California
Marin,2021-05-06,3263,315466,2535,189041,640,117852,88,8573,425,32393,2829,145467,511,177860,California
Marin,2021-05-07,2031,317497,1543,190584,403,118255,85,8658,376,31203,1648,147115,458,178318,California
Marin,2021-05-08,2473,319970,1866,192450,485,118740,122,8780,342,29544,2123,149238,464,178782,California
Marin,2021-05-09,983,320953,898,193348,65,118805,20,8800,118,28821,862,150100,139,178921,California
Marin,2021-05-10,1407,322360,1151,194499,186,118991,70,8870,199,27886,1203,151303,268,179189,California
Marin,2021-05-11,2281,324641,1831,196330,397,119388,53,8923,292,26243,1987,153290,344,179533,California
Marin,2021-05-12,1389,326030,1029,197359,293,119681,67,8990,278,25480,1107,154397,344,179877,California
Marin,2021-05-13,2497,328527,2164,199523,279,119960,54,9044,1344,25731,1146,155543,1397,181274,California
Marin,2021-05-14,2200,330727,1451,200974,650,120610,99,9143,880,25396,1314,156857,979,182253,California
Marin,2021-05-15,2718,333445,2253,203227,385,120995,80,9223,1648,26055,1069,157926,1728,183981,California
Marin,2021-05-16,1640,335085,1586,204813,49,121044,5,9228,1327,27075,311,158237,1331,185312,California
Marin,2021-05-17,2124,337209,1978,206791,103,121147,43,9271,1706,28413,411,158648,1749,187061,California
Marin,2021-05-18,1524,338733,1183,207974,286,121433,55,9326,805,28559,713,159361,859,187920,California
Marin,2021-05-19,1533,340266,1235,209209,228,121661,70,9396,773,28647,754,160115,842,188762,California
Marin,2021-05-20,1693,341959,1406,210615,201,121862,86,9482,691,28430,994,161109,777,189539,California
Marin,2021-05-21,1341,343300,762,211377,530,122392,49,9531,373,27890,963,162072,423,189962,California
Marin,2021-05-22,1334,344634,1017,212394,261,122653,56,9587,916,28447,415,162487,972,190934,California
Marin,2021-05-23,415,345049,382,212776,24,122677,9,9596,193,28429,220,162707,202,191136,California
Marin,2021-05-24,643,345692,492,213268,110,122787,41,9637,355,28539,285,162992,395,191531,California
Marin,2021-05-25,991,346683,622,213890,324,123111,45,9682,315,28228,668,163660,357,191888,California
Marin,2021-05-26,707,347390,485,214375,176,123287,46,9728,259,28089,444,164104,305,192193,California
Marin,2021-05-27,1032,348422,664,215039,289,123576,79,9807,346,27830,684,164788,425,192618,California
Marin,2021-05-28,1095,349517,714,215753,302,123878,79,9886,321,27458,770,165558,398,193016,California
Marin,2021-05-29,373,349890,216,215969,147,124025,10,9896,214,27523,159,165717,224,193240,California
Marin,2021-05-30,100,349990,59,216028,36,124061,5,9901,58,27545,41,165758,63,193303,California
Marin,2021-05-31,27,350017,13,216041,13,124074,1,9902,14,27547,13,165771,15,193318,California
Marin,2021-06-01,752,350769,550,216591,159,124233,43,9945,329,27497,421,166192,371,193689,California
Marin,2021-06-02,622,351391,472,217063,98,124331,52,9997,222,27373,396,166588,272,193961,California
Marin,2021-06-03,1487,352878,1324,218387,108,124439,55,10052,276,26497,1208,167796,332,194293,California
Marin,2021-06-04,969,353847,824,219211,113,124552,32,10084,186,25933,782,168578,218,194511,California
Marin,2021-06-05,1757,355604,1550,220761,161,124713,46,10130,300,24829,1450,170028,346,194857,California
Marin,2021-06-06,1133,356737,1112,221873,4,124717,17,10147,89,23892,1043,171071,106,194963,California
Mariposa,2020-12-17,36,36,36,36,0,0,0,0,38,38,0,0,38,38,California
Mariposa,2020-12-18,55,91,55,91,0,0,0,0,56,94,0,0,56,94,California
Mariposa,2020-12-20,2,93,2,93,0,0,0,0,2,96,0,0,2,96,California
Mariposa,2020-12-21,49,142,49,142,0,0,0,0,53,149,0,0,53,149,California
Mariposa,2020-12-22,5,147,5,147,0,0,0,0,5,154,0,0,5,154,California
Mariposa,2020-12-23,17,164,17,164,0,0,0,0,17,171,0,0,17,171,California
Mariposa,2020-12-24,1,165,0,164,1,1,0,0,0,171,1,1,1,172,California
Mariposa,2020-12-26,1,166,1,165,0,1,0,0,1,172,0,1,1,173,California
Mariposa,2020-12-27,1,167,0,165,1,2,0,0,1,173,0,1,1,174,California
Mariposa,2020-12-28,6,173,3,168,3,5,0,0,6,179,0,1,6,180,California
Mariposa,2020-12-29,33,206,3,171,30,35,0,0,33,212,0,1,33,213,California
Mariposa,2020-12-30,26,232,4,175,22,57,0,0,26,238,0,1,26,239,California
Mariposa,2020-12-31,17,249,0,175,17,74,0,0,17,255,0,1,17,256,California
Mariposa,2021-01-02,1,250,1,176,0,74,0,0,1,256,0,1,1,257,California
Mariposa,2021-01-04,9,259,1,177,8,82,0,0,9,265,0,1,9,266,California
Mariposa,2021-01-05,24,283,14,191,10,92,0,0,14,269,10,11,14,280,California
Mariposa,2021-01-06,7,290,4,195,3,95,0,0,4,270,3,14,4,284,California
Mariposa,2021-01-07,50,340,45,240,5,100,0,0,5,230,45,59,5,289,California
Mariposa,2021-01-08,109,449,79,319,30,130,0,0,34,189,75,134,34,323,California
Mariposa,2021-01-11,31,480,10,329,21,151,0,0,23,204,8,142,23,346,California
Mariposa,2021-01-12,19,499,4,333,15,166,0,0,15,215,4,146,15,361,California
Mariposa,2021-01-13,22,521,5,338,17,183,0,0,18,229,4,150,18,379,California
Mariposa,2021-01-14,73,594,7,345,66,249,0,0,67,290,6,156,67,446,California
Mariposa,2021-01-15,68,662,27,372,41,290,0,0,58,338,10,166,58,504,California
Mariposa,2021-01-16,14,676,2,374,12,302,0,0,13,350,1,167,13,517,California
Mariposa,2021-01-17,3,679,0,374,3,305,0,0,3,353,0,167,3,520,California
Mariposa,2021-01-18,3,682,3,377,0,305,0,0,1,352,2,169,1,521,California
Mariposa,2021-01-19,8,690,4,381,4,309,0,0,5,355,2,171,5,526,California
Mariposa,2021-01-20,23,713,1,382,22,331,0,0,22,376,1,172,22,548,California
Mariposa,2021-01-21,66,779,8,390,58,389,0,0,62,434,4,176,62,610,California
Mariposa,2021-01-22,56,835,2,392,54,443,0,0,56,490,0,176,56,666,California
Mariposa,2021-01-23,116,951,2,394,114,557,0,0,114,602,2,178,114,780,California
Mariposa,2021-01-24,2,953,2,396,0,557,0,0,2,604,0,178,2,782,California
Mariposa,2021-01-25,4,957,1,397,3,560,0,0,0,600,4,182,0,782,California
Mariposa,2021-01-26,38,995,4,401,34,594,0,0,6,578,32,214,10,792,California
Mariposa,2021-01-27,26,1021,2,403,24,618,0,0,12,577,13,227,12,804,California
Mariposa,2021-01-28,126,1147,3,406,123,741,0,0,113,678,12,239,113,917,California
Mariposa,2021-01-29,83,1230,22,428,61,802,0,0,82,759,1,240,82,999,California
Mariposa,2021-01-30,9,1239,1,429,8,810,0,0,8,766,1,241,8,1007,California
Mariposa,2021-01-31,1,1240,0,429,1,811,0,0,1,767,0,241,1,1008,California
Mariposa,2021-02-01,88,1328,30,459,58,869,0,0,66,811,22,263,66,1074,California
Mariposa,2021-02-02,15,1343,3,462,12,881,0,0,9,814,6,269,9,1083,California
Mariposa,2021-02-03,21,1364,1,463,20,901,0,0,14,821,7,276,14,1097,California
Mariposa,2021-02-04,99,1463,8,471,91,992,0,0,94,912,4,280,95,1192,California
Mariposa,2021-02-05,192,1655,5,476,187,1179,0,0,166,1052,26,306,166,1358,California
Mariposa,2021-02-06,11,1666,4,480,7,1186,0,0,10,1061,1,307,10,1368,California
Mariposa,2021-02-07,1,1667,0,480,1,1187,0,0,1,1062,0,307,1,1369,California
Mariposa,2021-02-08,41,1708,2,482,39,1226,0,0,22,1065,19,326,22,1391,California
Mariposa,2021-02-09,42,1750,24,506,18,1244,0,0,36,1095,6,332,36,1427,California
Mariposa,2021-02-10,28,1778,5,511,23,1267,0,0,17,1108,10,342,23,1450,California
Mariposa,2021-02-11,375,2153,5,516,370,1637,0,0,361,1458,14,356,364,1814,California
Mariposa,2021-02-12,185,2338,8,524,177,1814,0,0,141,1555,44,400,141,1955,California
Mariposa,2021-02-13,11,2349,3,527,8,1822,0,0,9,1562,2,402,9,1964,California
Mariposa,2021-02-14,9,2358,4,531,5,1827,0,0,5,1563,4,406,5,1969,California
Mariposa,2021-02-15,9,2367,3,534,6,1833,0,0,7,1568,2,408,7,1976,California
Mariposa,2021-02-16,57,2424,34,568,23,1856,0,0,34,1579,23,431,34,2010,California
Mariposa,2021-02-17,37,2461,9,577,28,1884,0,0,27,1598,9,440,28,2038,California
Mariposa,2021-02-18,58,2519,7,584,51,1935,0,0,21,1582,37,477,21,2059,California
Mariposa,2021-02-19,83,2602,3,587,80,2015,0,0,77,1653,6,483,77,2136,California
Mariposa,2021-02-20,254,2856,5,592,249,2264,0,0,224,1848,29,512,224,2360,California
Mariposa,2021-02-21,238,3094,4,596,234,2498,0,0,236,2083,1,513,236,2596,California
Mariposa,2021-02-22,22,3116,7,603,15,2513,0,0,20,2101,2,515,20,2616,California
Mariposa,2021-02-23,44,3160,37,640,7,2520,0,0,26,2109,18,533,26,2642,California
Mariposa,2021-02-24,21,3181,3,643,18,2538,0,0,8,2105,12,545,8,2650,California
Mariposa,2021-02-25,18,3199,9,652,9,2547,0,0,12,2111,6,551,12,2662,California
Mariposa,2021-02-26,429,3628,7,659,422,2969,0,0,369,2421,60,611,370,3032,California
Mariposa,2021-02-27,174,3802,4,663,170,3139,0,0,163,2573,11,622,163,3195,California
Mariposa,2021-02-28,2,3804,1,664,1,3140,0,0,0,2571,2,624,0,3195,California
Mariposa,2021-03-01,81,3885,26,690,55,3195,0,0,16,2523,64,688,16,3211,California
Mariposa,2021-03-02,20,3905,13,703,7,3202,0,0,11,2526,8,696,11,3222,California
Mariposa,2021-03-03,71,3976,5,708,66,3268,0,0,65,2586,6,702,66,3288,California
Mariposa,2021-03-04,42,4018,10,718,32,3300,0,0,21,2587,21,723,22,3310,California
Mariposa,2021-03-05,57,4075,9,727,48,3348,0,0,40,2615,17,740,45,3355,California
Mariposa,2021-03-06,15,4090,6,733,9,3357,0,0,7,2614,8,748,7,3362,California
Mariposa,2021-03-07,1,4091,1,734,0,3357,0,0,0,2613,1,749,0,3362,California
Mariposa,2021-03-08,38,4129,4,738,23,3380,11,11,9,2604,29,778,20,3382,California
Mariposa,2021-03-09,46,4175,18,756,18,3398,10,21,15,2598,31,809,25,3407,California
Mariposa,2021-03-10,31,4206,9,765,12,3410,10,31,10,2597,21,830,20,3427,California
Mariposa,2021-03-11,468,4674,6,771,443,3853,19,50,226,2604,241,1071,248,3675,California
Mariposa,2021-03-12,256,4930,8,779,222,4075,26,76,118,2609,138,1209,143,3818,California
Mariposa,2021-03-13,33,4963,7,786,11,4086,15,91,11,2612,22,1231,25,3843,California
Mariposa,2021-03-14,16,4979,2,788,3,4089,11,102,2,2611,14,1245,13,3856,California
Mariposa,2021-03-15,76,5055,7,795,31,4120,38,140,31,2635,45,1290,69,3925,California
Mariposa,2021-03-16,83,5138,33,828,15,4135,35,175,24,2635,59,1349,59,3984,California
Mariposa,2021-03-17,73,5211,10,838,55,4190,8,183,52,2675,20,1369,60,4044,California
Mariposa,2021-03-18,66,5277,15,853,42,4232,9,192,40,2698,26,1395,49,4093,California
Mariposa,2021-03-19,343,5620,11,864,325,4557,7,199,304,2970,39,1434,311,4404,California
Mariposa,2021-03-20,424,6044,4,868,418,4975,2,201,46,2641,378,1812,49,4453,California
Mariposa,2021-03-21,16,6060,9,877,6,4981,1,202,10,2647,5,1817,11,4464,California
Mariposa,2021-03-22,39,6099,8,885,23,5004,8,210,27,2671,12,1829,36,4500,California
Mariposa,2021-03-23,53,6152,33,918,10,5014,10,220,32,2692,21,1850,42,4542,California
Mariposa,2021-03-24,55,6207,5,923,48,5062,2,222,50,2739,5,1855,52,4594,California
Mariposa,2021-03-25,76,6283,15,938,53,5115,8,230,53,2779,21,1876,61,4655,California
Mariposa,2021-03-26,494,6777,9,947,484,5599,1,231,251,2788,243,2119,252,4907,California
Mariposa,2021-03-27,232,7009,8,955,224,5823,0,231,94,2746,138,2257,96,5003,California
Mariposa,2021-03-28,5,7014,0,955,2,5825,3,234,1,2746,4,2261,4,5007,California
Mariposa,2021-03-29,19,7033,6,961,13,5838,0,234,12,2751,7,2268,12,5019,California
Mariposa,2021-03-30,36,7069,13,974,7,5845,16,250,13,2757,23,2291,29,5048,California
Mariposa,2021-03-31,89,7158,15,989,67,5912,7,257,68,2811,21,2312,75,5123,California
Mariposa,2021-04-01,54,7212,10,999,36,5948,8,265,34,2833,20,2332,42,5165,California
Mariposa,2021-04-02,349,7561,11,1010,336,6284,2,267,307,3101,41,2373,309,5474,California
Mariposa,2021-04-03,10,7571,7,1017,3,6287,0,267,5,3101,5,2378,5,5479,California
Mariposa,2021-04-04,2,7573,1,1018,0,6287,1,268,0,3100,2,2380,1,5480,California
Mariposa,2021-04-05,33,7606,22,1040,7,6294,4,272,16,3103,17,2397,20,5500,California
Mariposa,2021-04-06,45,7651,20,1060,9,6303,16,288,14,3103,30,2427,30,5530,California
Mariposa,2021-04-07,99,7750,7,1067,73,6376,19,307,29,3081,70,2497,48,5578,California
Mariposa,2021-04-08,281,8031,13,1080,249,6625,19,326,143,3108,136,2633,163,5741,California
Mariposa,2021-04-09,37,8068,9,1089,13,6638,15,341,10,3106,27,2660,25,5766,California
Mariposa,2021-04-10,202,8270,4,1093,188,6826,10,351,187,3289,13,2673,196,5962,California
Mariposa,2021-04-11,123,8393,4,1097,117,6943,2,353,57,3283,66,2739,60,6022,California
Mariposa,2021-04-12,42,8435,13,1110,27,6970,2,355,13,3269,29,2768,15,6037,California
Mariposa,2021-04-13,55,8490,47,1157,8,6978,0,355,35,3284,20,2788,35,6072,California
Mariposa,2021-04-14,114,8604,8,1165,106,7084,0,355,58,3287,55,2843,58,6130,California
Mariposa,2021-04-15,58,8662,16,1181,42,7126,0,355,44,3320,11,2854,44,6174,California
Mariposa,2021-04-16,382,9044,11,1192,371,7497,0,355,106,3150,276,3130,106,6280,California
Mariposa,2021-04-17,10,9054,6,1198,4,7501,0,355,7,3154,3,3133,7,6287,California
Mariposa,2021-04-18,7,9061,0,1198,7,7508,0,355,3,3153,4,3137,3,6290,California
Mariposa,2021-04-19,58,9119,26,1224,32,7540,0,355,30,3157,26,3163,30,6320,California
Mariposa,2021-04-20,62,9181,49,1273,13,7553,0,355,39,3175,21,3184,39,6359,California
Mariposa,2021-04-21,92,9273,14,1287,78,7631,0,355,43,3170,48,3232,43,6402,California
Mariposa,2021-04-22,47,9320,8,1295,39,7670,0,355,37,3198,9,3241,37,6439,California
Mariposa,2021-04-23,315,9635,70,1365,245,7915,0,355,144,3173,171,3412,146,6585,California
Mariposa,2021-04-24,107,9742,10,1375,97,8012,0,355,43,3153,63,3475,43,6628,California
Mariposa,2021-04-26,15,9757,11,1386,4,8016,0,355,5,3148,10,3485,5,6633,California
Mariposa,2021-04-27,33,9790,17,1403,14,8030,2,357,15,3150,15,3500,17,6650,California
Mariposa,2021-04-28,73,9863,14,1417,52,8082,7,364,27,3138,46,3546,34,6684,California
Mariposa,2021-04-29,84,9947,12,1429,71,8153,1,365,79,3213,5,3551,80,6764,California
Mariposa,2021-04-30,209,10156,3,1432,201,8354,5,370,62,3133,147,3698,67,6831,California
Mariposa,2021-05-01,3,10159,2,1434,1,8355,0,370,0,3130,3,3701,0,6831,California
Mariposa,2021-05-02,3,10162,2,1436,0,8355,1,371,0,3128,3,3704,1,6832,California
Mariposa,2021-05-03,16,10178,12,1448,3,8358,1,372,7,3128,8,3712,8,6840,California
Mariposa,2021-05-04,52,10230,32,1480,16,8374,4,376,36,3152,16,3728,40,6880,California
Mariposa,2021-05-05,56,10286,8,1488,46,8420,2,378,17,3132,39,3767,19,6899,California
Mariposa,2021-05-06,56,10342,37,1525,14,8434,5,383,40,3161,16,3783,45,6944,California
Mariposa,2021-05-07,27,10369,7,1532,17,8451,3,386,13,3163,14,3797,16,6960,California
Mariposa,2021-05-08,283,10652,7,1539,276,8727,0,386,33,2948,250,4047,35,6995,California
Mariposa,2021-05-09,2,10654,1,1540,1,8728,0,386,0,2946,2,4049,0,6995,California
Mariposa,2021-05-10,19,10673,8,1548,9,8737,2,388,4,2937,15,4064,6,7001,California
Mariposa,2021-05-11,28,10701,18,1566,9,8746,1,389,19,2949,8,4072,20,7021,California
Mariposa,2021-05-12,66,10767,4,1570,59,8805,3,392,6,2898,60,4132,9,7030,California
Mariposa,2021-05-13,47,10814,7,1577,38,8843,2,394,13,2879,34,4166,15,7045,California
Mariposa,2021-05-14,250,11064,122,1699,121,8964,7,401,118,2872,132,4298,125,7170,California
Mariposa,2021-05-15,18,11082,8,1707,8,8972,2,403,10,2877,6,4304,11,7181,California
Mariposa,2021-05-16,3,11085,1,1708,1,8973,1,404,1,2877,2,4306,2,7183,California
Mariposa,2021-05-17,16,11101,7,1715,6,8979,3,407,7,2878,9,4315,10,7193,California
Mariposa,2021-05-18,61,11162,41,1756,15,8994,5,412,44,2911,16,4331,49,7242,California
Mariposa,2021-05-19,70,11232,32,1788,37,9031,1,413,51,2945,18,4349,52,7294,California
Mariposa,2021-05-20,36,11268,20,1808,14,9045,2,415,15,2941,21,4370,17,7311,California
Mariposa,2021-05-21,92,11360,8,1816,82,9127,2,417,42,2937,48,4418,44,7355,California
Mariposa,2021-05-22,48,11408,6,1822,41,9168,1,418,17,2924,31,4449,18,7373,California
Mariposa,2021-05-23,4,11412,2,1824,1,9169,1,419,2,2925,2,4451,3,7376,California
Mariposa,2021-05-24,13,11425,8,1832,3,9172,2,421,9,2932,4,4455,11,7387,California
Mariposa,2021-05-25,27,11452,17,1849,10,9182,0,421,19,2943,8,4463,19,7406,California
Mariposa,2021-05-26,34,11486,3,1852,27,9209,4,425,28,2969,6,4469,32,7438,California
Mariposa,2021-05-27,119,11605,64,1916,55,9264,0,425,62,2974,57,4526,62,7500,California
Mariposa,2021-05-28,64,11669,4,1920,56,9320,4,429,23,2960,41,4567,27,7527,California
Mariposa,2021-05-29,8,11677,2,1922,5,9325,1,430,3,2961,3,4570,4,7531,California
Mariposa,2021-05-30,1,11678,0,1922,0,9325,1,431,0,2961,1,4571,1,7532,California
Mariposa,2021-05-31,2,11680,0,1922,1,9326,1,432,0,2960,2,4573,1,7533,California
Mariposa,2021-06-01,14,11694,3,1925,11,9337,0,432,5,2956,9,4582,5,7538,California
Mariposa,2021-06-02,11,11705,1,1926,5,9342,5,437,4,2958,7,4589,9,7547,California
Mariposa,2021-06-03,9,11714,6,1932,3,9345,0,437,2,2953,7,4596,2,7549,California
Mariposa,2021-06-04,6,11720,3,1935,2,9347,1,438,0,2947,6,4602,0,7549,California
Mariposa,2021-06-05,5,11725,1,1936,3,9350,1,439,1,2945,4,4606,2,7551,California
Mariposa,2021-06-06,1,11726,1,1937,0,9350,0,439,0,2944,1,4607,0,7551,California
Mendocino,2020-12-17,70,70,70,70,0,0,0,0,70,70,0,0,70,70,California
Mendocino,2020-12-18,85,155,84,154,1,1,0,0,84,154,0,0,84,154,California
Mendocino,2020-12-19,4,159,4,158,0,1,0,0,4,158,0,0,4,158,California
Mendocino,2020-12-20,7,166,7,165,0,1,0,0,7,165,0,0,7,165,California
Mendocino,2020-12-21,240,406,240,405,0,1,0,0,77,242,0,0,77,242,California
Mendocino,2020-12-22,251,657,190,595,61,62,0,0,251,493,0,0,251,493,California
Mendocino,2020-12-23,271,928,48,643,223,285,0,0,270,763,0,0,270,763,California
Mendocino,2020-12-24,48,976,8,651,40,325,0,0,48,811,0,0,48,811,California
Mendocino,2020-12-25,1,977,0,651,1,326,0,0,1,812,0,0,1,812,California
Mendocino,2020-12-26,2,979,2,653,0,326,0,0,2,814,0,0,2,814,California
Mendocino,2020-12-27,1,980,0,653,1,327,0,0,1,815,0,0,1,815,California
Mendocino,2020-12-28,74,1054,9,662,65,392,0,0,74,889,0,0,74,889,California
Mendocino,2020-12-29,120,1174,59,721,61,453,0,0,120,1009,0,0,120,1009,California
Mendocino,2020-12-30,119,1293,66,787,53,506,0,0,119,1128,0,0,119,1128,California
Mendocino,2020-12-31,132,1425,97,884,35,541,0,0,132,1260,0,0,132,1260,California
Mendocino,2021-01-01,9,1434,6,890,3,544,0,0,9,1269,0,0,9,1269,California
Mendocino,2021-01-04,838,2272,18,908,820,1364,0,0,838,2107,0,0,838,2107,California
Mendocino,2021-01-05,74,2346,36,944,38,1402,0,0,61,2155,13,13,61,2168,California
Mendocino,2021-01-06,156,2502,134,1078,22,1424,0,0,146,2291,10,23,146,2314,California
Mendocino,2021-01-07,360,2862,238,1316,122,1546,0,0,297,2525,63,86,297,2611,California
Mendocino,2021-01-08,95,2957,82,1398,13,1559,0,0,41,2513,54,140,42,2653,California
Mendocino,2021-01-09,10,2967,6,1404,4,1563,0,0,8,2519,2,142,8,2661,California
Mendocino,2021-01-10,9,2976,8,1412,1,1564,0,0,2,2514,7,149,2,2663,California
Mendocino,2021-01-11,101,3077,92,1504,9,1573,0,0,43,2500,57,206,43,2706,California
Mendocino,2021-01-12,387,3464,377,1881,10,1583,0,0,271,2655,116,322,271,2977,California
Mendocino,2021-01-13,494,3958,147,2028,347,1930,0,0,451,3066,41,363,452,3429,California
Mendocino,2021-01-14,651,4609,20,2048,631,2561,0,0,642,3699,9,372,642,4071,California
Mendocino,2021-01-15,1873,6482,862,2910,1011,3572,0,0,1868,5563,5,377,1869,5940,California
Mendocino,2021-01-16,793,7275,50,2960,743,4315,0,0,791,6352,2,379,791,6731,California
Mendocino,2021-01-17,554,7829,1,2961,553,4868,0,0,553,6904,1,380,553,7284,California
Mendocino,2021-01-18,486,8315,461,3422,25,4893,0,0,476,7370,10,390,476,7760,California
Mendocino,2021-01-19,330,8645,145,3567,185,5078,0,0,156,7352,174,564,156,7916,California
Mendocino,2021-01-20,555,9200,407,3974,148,5226,0,0,449,7698,104,668,450,8366,California
Mendocino,2021-01-21,538,9738,225,4199,313,5539,0,0,352,7865,185,853,352,8718,California
Mendocino,2021-01-22,152,9890,59,4258,93,5632,0,0,113,7939,39,892,113,8831,California
Mendocino,2021-01-23,156,10046,84,4342,72,5704,0,0,150,8083,6,898,150,8981,California
Mendocino,2021-01-24,5,10051,3,4345,2,5706,0,0,5,8088,0,898,5,8986,California
Mendocino,2021-01-25,192,10243,18,4363,174,5880,0,0,122,8140,70,968,122,9108,California
Mendocino,2021-01-26,153,10396,53,4416,100,5980,0,0,94,8175,59,1027,94,9202,California
Mendocino,2021-01-27,441,10837,371,4787,70,6050,0,0,176,8093,258,1285,176,9378,California
Mendocino,2021-01-28,592,11429,528,5315,64,6114,0,0,498,8498,93,1378,498,9876,California
Mendocino,2021-01-29,392,11821,352,5667,40,6154,0,0,363,8833,29,1407,364,10240,California
Mendocino,2021-01-30,50,11871,33,5700,17,6171,0,0,43,8869,7,1414,43,10283,California
Mendocino,2021-01-31,275,12146,2,5702,273,6444,0,0,4,8602,271,1685,4,10287,California
Mendocino,2021-02-01,382,12528,52,5754,330,6774,0,0,59,8338,323,2008,59,10346,California
Mendocino,2021-02-02,737,13265,517,6271,220,6994,0,0,376,8353,361,2369,376,10722,California
Mendocino,2021-02-03,393,13658,208,6479,185,7179,0,0,223,8408,168,2537,223,10945,California
Mendocino,2021-02-04,627,14285,531,7010,96,7275,0,0,502,8785,125,2662,502,11447,California
Mendocino,2021-02-05,1306,15591,1216,8226,90,7365,0,0,585,8651,719,3381,585,12032,California
Mendocino,2021-02-06,555,16146,154,8380,401,7766,0,0,540,9176,15,3396,540,12572,California
Mendocino,2021-02-07,33,16179,29,8409,4,7770,0,0,33,9209,0,3396,33,12605,California
Mendocino,2021-02-08,748,16927,716,9125,32,7802,0,0,285,9031,463,3859,285,12890,California
Mendocino,2021-02-09,140,17067,58,9183,82,7884,0,0,88,9067,52,3911,88,12978,California
Mendocino,2021-02-10,1489,18556,924,10107,565,8449,0,0,742,9069,740,4651,742,13720,California
Mendocino,2021-02-11,1210,19766,208,10315,1002,9451,0,0,300,8459,910,5561,300,14020,California
Mendocino,2021-02-12,1459,21225,163,10478,1296,10747,0,0,658,8317,800,6361,658,14678,California
Mendocino,2021-02-13,504,21729,15,10493,489,11236,0,0,106,8031,397,6758,111,14789,California
Mendocino,2021-02-14,696,22425,4,10497,692,11928,0,0,136,7607,560,7318,136,14925,California
Mendocino,2021-02-15,329,22754,41,10538,288,12216,0,0,174,7626,155,7473,174,15099,California
Mendocino,2021-02-16,199,22953,52,10590,147,12363,0,0,128,7683,71,7544,128,15227,California
Mendocino,2021-02-17,1356,24309,1193,11783,163,12526,0,0,879,8087,475,8019,879,16106,California
Mendocino,2021-02-18,1787,26096,645,12428,1142,13668,0,0,1220,8742,565,8584,1220,17326,California
Mendocino,2021-02-19,755,26851,147,12575,608,14276,0,0,613,9214,142,8726,614,17940,California
Mendocino,2021-02-20,581,27432,555,13130,26,14302,0,0,548,9731,31,8757,548,18488,California
Mendocino,2021-02-21,325,27757,6,13136,319,14621,0,0,313,10033,11,8768,313,18801,California
Mendocino,2021-02-22,161,27918,29,13165,132,14753,0,0,69,10012,90,8858,69,18870,California
Mendocino,2021-02-23,858,28776,845,14010,13,14766,0,0,646,10448,210,9068,646,19516,California
Mendocino,2021-02-24,1854,30630,1771,15781,83,14849,0,0,1441,11483,408,9476,1443,20959,California
Mendocino,2021-02-25,1708,32338,533,16314,1175,16024,0,0,1285,12346,422,9898,1285,22244,California
Mendocino,2021-02-26,1417,33755,751,17065,666,16690,0,0,1054,13040,360,10258,1054,23298,California
Mendocino,2021-02-27,198,33953,148,17213,50,16740,0,0,77,12997,120,10378,77,23375,California
Mendocino,2021-02-28,35,33988,13,17226,22,16762,0,0,24,13010,11,10389,24,23399,California
Mendocino,2021-03-01,592,34580,550,17776,42,16804,0,0,552,13525,37,10426,552,23951,California
Mendocino,2021-03-02,76,34656,27,17803,49,16853,0,0,41,13532,34,10460,41,23992,California
Mendocino,2021-03-03,2035,36691,1334,19137,701,17554,0,0,1383,14266,649,11109,1383,25375,California
Mendocino,2021-03-04,1851,38542,149,19286,1702,19256,0,0,1633,15685,215,11324,1634,27009,California
Mendocino,2021-03-05,473,39015,415,19701,49,19305,9,9,371,15967,98,11422,380,27389,California
Mendocino,2021-03-06,246,39261,24,19725,197,19502,25,34,203,16153,42,11464,228,27617,California
Mendocino,2021-03-07,507,39768,8,19733,479,19981,20,54,117,15900,389,11853,136,27753,California
Mendocino,2021-03-08,123,39891,27,19760,58,20039,38,92,63,15943,58,11911,101,27854,California
Mendocino,2021-03-09,938,40829,600,20360,297,20336,41,133,832,16710,106,12017,873,28727,California
Mendocino,2021-03-10,1147,41976,984,21344,98,20434,65,198,271,16177,872,12889,339,29066,California
Mendocino,2021-03-11,843,42819,628,21972,162,20596,53,251,401,16192,439,13328,454,29520,California
Mendocino,2021-03-12,2067,44886,1054,23026,899,21495,114,365,1235,16716,825,14153,1349,30869,California
Mendocino,2021-03-13,705,45591,572,23598,75,21570,58,423,105,16283,596,14749,163,31032,California
Mendocino,2021-03-14,106,45697,4,23602,95,21665,7,430,12,16212,90,14839,19,31051,California
Mendocino,2021-03-15,603,46300,50,23652,494,22159,59,489,214,16096,388,15227,272,31323,California
Mendocino,2021-03-16,580,46880,386,24038,148,22307,46,535,117,15798,461,15688,163,31486,California
Mendocino,2021-03-17,1586,48466,1384,25422,53,22360,149,684,217,14805,1365,17053,372,31858,California
Mendocino,2021-03-18,1311,49777,248,25670,1026,23386,37,721,284,14106,1019,18072,320,32178,California
Mendocino,2021-03-19,1780,51557,857,26527,863,24249,60,781,332,13057,1443,19515,394,32572,California
Mendocino,2021-03-20,67,51624,10,26537,37,24286,20,801,11,13032,56,19571,31,32603,California
Mendocino,2021-03-21,8,51632,1,26538,2,24288,5,806,3,13035,5,19576,8,32611,California
Mendocino,2021-03-22,660,52292,616,27154,15,24303,29,835,146,12699,510,20086,174,32785,California
Mendocino,2021-03-23,163,52455,32,27186,101,24404,30,865,112,12791,50,20136,142,32927,California
Mendocino,2021-03-24,913,53368,841,28027,25,24429,47,912,109,12145,802,20938,156,33083,California
Mendocino,2021-03-25,2018,55386,55,28082,1943,26372,20,932,178,10507,1834,22772,196,33279,California
Mendocino,2021-03-26,544,55930,393,28475,126,26498,25,957,113,10214,431,23203,138,33417,California
Mendocino,2021-03-27,144,56074,14,28489,118,26616,12,969,80,10242,63,23266,91,33508,California
Mendocino,2021-03-28,25,56099,5,28494,16,26632,4,973,4,10230,20,23286,8,33516,California
Mendocino,2021-03-29,189,56288,99,28593,46,26678,44,1017,96,10277,93,23379,140,33656,California
Mendocino,2021-03-30,716,57004,631,29224,48,26726,37,1054,104,9808,610,23989,141,33797,California
Mendocino,2021-03-31,914,57918,280,29504,573,27299,61,1115,153,9263,759,24748,214,34011,California
Mendocino,2021-04-01,1748,59666,420,29924,1247,28546,81,1196,378,8361,1360,26108,458,34469,California
Mendocino,2021-04-02,1307,60973,1075,30999,159,28705,73,1269,158,7446,1146,27254,231,34700,California
Mendocino,2021-04-03,710,61683,11,31010,678,29383,21,1290,87,6936,618,27872,108,34808,California
Mendocino,2021-04-04,71,61754,35,31045,30,29413,6,1296,55,6981,16,27888,61,34869,California
Mendocino,2021-04-05,211,61965,141,31186,46,29459,24,1320,125,7041,86,27974,146,35015,California
Mendocino,2021-04-06,395,62360,122,31308,178,29637,95,1415,106,6953,289,28263,201,35216,California
Mendocino,2021-04-07,489,62849,178,31486,65,29702,246,1661,115,6942,371,28634,360,35576,California
Mendocino,2021-04-08,1502,64351,922,32408,465,30167,115,1776,1009,7581,486,29120,1125,36701,California
Mendocino,2021-04-09,762,65113,429,32837,172,30339,161,1937,398,7777,363,29483,559,37260,California
Mendocino,2021-04-10,409,65522,92,32929,272,30611,45,1982,100,7613,309,29792,145,37405,California
Mendocino,2021-04-11,121,65643,47,32976,19,30630,55,2037,59,7665,62,29854,114,37519,California
Mendocino,2021-04-12,623,66266,514,33490,49,30679,60,2097,408,7918,215,30069,468,37987,California
Mendocino,2021-04-13,289,66555,227,33717,62,30741,0,2097,222,8073,67,30136,222,38209,California
Mendocino,2021-04-14,520,67075,427,34144,93,30834,0,2097,420,8393,100,30236,420,38629,California
Mendocino,2021-04-15,661,67736,330,34474,331,31165,0,2097,388,8513,268,30504,388,39017,California
Mendocino,2021-04-16,123,67859,53,34527,69,31234,1,2098,76,8543,46,30550,76,39093,California
Mendocino,2021-04-17,195,68054,13,34540,182,31416,0,2098,68,8486,125,30675,68,39161,California
Mendocino,2021-04-18,13,68067,6,34546,7,31423,0,2098,7,8488,5,30680,7,39168,California
Mendocino,2021-04-19,539,68606,515,35061,23,31446,1,2099,427,8805,111,30791,428,39596,California
Mendocino,2021-04-20,419,69025,291,35352,128,31574,0,2099,263,8913,155,30946,263,39859,California
Mendocino,2021-04-21,191,69216,134,35486,56,31630,1,2100,115,8954,74,31020,115,39974,California
Mendocino,2021-04-22,488,69704,314,35800,173,31803,1,2101,315,9099,170,31190,315,40289,California
Mendocino,2021-04-23,853,70557,703,36503,150,31953,0,2101,697,9643,153,31343,697,40986,California
Mendocino,2021-04-24,107,70664,14,36517,93,32046,0,2101,100,9736,7,31350,100,41086,California
Mendocino,2021-04-25,58,70722,34,36551,20,32066,4,2105,19,9720,39,31389,23,41109,California
Mendocino,2021-04-26,307,71029,239,36790,63,32129,5,2110,200,9819,106,31495,205,41314,California
Mendocino,2021-04-27,205,71234,90,36880,88,32217,27,2137,94,9829,110,31605,120,41434,California
Mendocino,2021-04-28,222,71456,150,37030,53,32270,19,2156,127,9881,95,31700,147,41581,California
Mendocino,2021-04-29,1143,72599,842,37872,286,32556,15,2171,108,8973,1031,32731,123,41704,California
Mendocino,2021-04-30,608,73207,384,38256,214,32770,10,2181,228,8832,379,33110,238,41942,California
Mendocino,2021-05-01,472,73679,433,38689,33,32803,6,2187,368,9103,103,33213,374,42316,California
Mendocino,2021-05-02,55,73734,45,38734,7,32810,3,2190,8,9067,47,33260,11,42327,California
Mendocino,2021-05-03,147,73881,85,38819,40,32850,22,2212,43,9030,102,33362,65,42392,California
Mendocino,2021-05-04,378,74259,252,39071,92,32942,34,2246,140,8966,238,33600,174,42566,California
Mendocino,2021-05-05,874,75133,788,39859,71,33013,15,2261,220,8547,653,34253,234,42800,California
Mendocino,2021-05-06,632,75765,381,40240,229,33242,22,2283,155,8249,475,34728,177,42977,California
Mendocino,2021-05-07,186,75951,35,40275,127,33369,24,2307,122,8332,63,34791,146,43123,California
Mendocino,2021-05-08,125,76076,4,40279,120,33489,1,2308,109,8427,15,34806,110,43233,California
Mendocino,2021-05-09,20,76096,5,40284,14,33503,1,2309,3,8414,17,34823,4,43237,California
Mendocino,2021-05-10,246,76342,163,40447,78,33581,5,2314,152,8477,94,34917,157,43394,California
Mendocino,2021-05-11,274,76616,141,40588,116,33697,17,2331,127,8473,147,35064,143,43537,California
Mendocino,2021-05-12,136,76752,80,40668,48,33745,8,2339,41,8429,93,35157,49,43586,California
Mendocino,2021-05-13,1211,77963,1108,41776,87,33832,16,2355,306,7846,905,36062,322,43908,California
Mendocino,2021-05-14,715,78678,488,42264,163,33995,64,2419,244,7688,466,36528,308,44216,California
Mendocino,2021-05-15,85,78763,29,42293,52,34047,4,2423,40,7687,45,36573,44,44260,California
Mendocino,2021-05-16,116,78879,103,42396,11,34058,2,2425,100,7773,16,36589,102,44362,California
Mendocino,2021-05-17,172,79051,84,42480,72,34130,16,2441,95,7807,77,36666,111,44473,California
Mendocino,2021-05-18,244,79295,118,42598,98,34228,28,2469,107,7805,136,36802,134,44607,California
Mendocino,2021-05-19,329,79624,194,42792,114,34342,21,2490,242,7983,85,36887,263,44870,California
Mendocino,2021-05-20,285,79909,113,42905,130,34472,42,2532,104,7951,178,37065,146,45016,California
Mendocino,2021-05-21,625,80534,459,43364,153,34625,13,2545,491,8322,133,37198,504,45520,California
Mendocino,2021-05-22,776,81310,674,44038,94,34719,8,2553,241,8037,534,37732,249,45769,California
Mendocino,2021-05-23,18,81328,9,44047,2,34721,7,2560,10,8045,8,37740,16,45785,California
Mendocino,2021-05-24,126,81454,43,44090,62,34783,21,2581,60,8061,65,37805,81,45866,California
Mendocino,2021-05-25,294,81748,176,44266,89,34872,29,2610,134,8064,160,37965,163,46029,California
Mendocino,2021-05-26,321,82069,242,44508,68,34940,11,2621,130,8015,190,38155,141,46170,California
Mendocino,2021-05-27,245,82314,112,44620,111,35051,22,2643,102,7997,141,38296,123,46293,California
Mendocino,2021-05-28,235,82549,97,44717,126,35177,12,2655,154,8084,79,38375,166,46459,California
Mendocino,2021-05-29,47,82596,16,44733,26,35203,5,2660,27,8096,20,38395,32,46491,California
Mendocino,2021-05-30,15,82611,2,44735,12,35215,1,2661,10,8102,5,38400,11,46502,California
Mendocino,2021-05-31,5,82616,0,44735,4,35219,1,2662,2,8102,3,38403,3,46505,California
Mendocino,2021-06-01,296,82912,91,44826,197,35416,8,2670,80,7974,216,38619,88,46593,California
Mendocino,2021-06-02,158,83070,60,44886,90,35506,8,2678,57,7941,98,38717,65,46658,California
Mendocino,2021-06-03,537,83607,443,45329,85,35591,9,2687,126,7670,406,39123,135,46793,California
Mendocino,2021-06-04,260,83867,180,45509,58,35649,22,2709,77,7586,183,39306,99,46892,California
Mendocino,2021-06-05,71,83938,36,45545,26,35675,9,2718,20,7565,50,39356,29,46921,California
Mendocino,2021-06-06,4,83942,1,45546,0,35675,3,2721,0,7564,4,39360,3,46924,California
Merced,2020-12-16,3,3,3,3,0,0,0,0,3,3,0,0,3,3,California
Merced,2020-12-17,7,10,7,10,0,0,0,0,7,10,0,0,7,10,California
Merced,2020-12-18,145,155,145,155,0,0,0,0,145,155,0,0,145,155,California
Merced,2020-12-19,37,192,37,192,0,0,0,0,37,192,0,0,37,192,California
Merced,2020-12-20,18,210,18,210,0,0,0,0,18,210,0,0,18,210,California
Merced,2020-12-21,124,334,121,331,3,3,0,0,124,334,0,0,124,334,California
Merced,2020-12-22,152,486,152,483,0,3,0,0,152,486,0,0,152,486,California
Merced,2020-12-23,249,735,243,726,6,9,0,0,249,735,0,0,249,735,California
Merced,2020-12-24,72,807,72,798,0,9,0,0,72,807,0,0,72,807,California
Merced,2020-12-25,4,811,4,802,0,9,0,0,4,811,0,0,4,811,California
Merced,2020-12-26,6,817,3,805,3,12,0,0,6,817,0,0,6,817,California
Merced,2020-12-27,12,829,11,816,1,13,0,0,12,829,0,0,12,829,California
Merced,2020-12-28,122,951,97,913,25,38,0,0,122,951,0,0,122,951,California
Merced,2020-12-29,181,1132,124,1037,57,95,0,0,181,1132,0,0,181,1132,California
Merced,2020-12-30,216,1348,89,1126,127,222,0,0,216,1348,0,0,216,1348,California
Merced,2020-12-31,103,1451,34,1160,69,291,0,0,103,1451,0,0,103,1451,California
Merced,2021-01-01,5,1456,1,1161,4,295,0,0,5,1456,0,0,5,1456,California
Merced,2021-01-02,129,1585,118,1279,11,306,0,0,129,1585,0,0,129,1585,California
Merced,2021-01-03,9,1594,5,1284,4,310,0,0,9,1594,0,0,9,1594,California
Merced,2021-01-04,81,1675,43,1327,38,348,0,0,81,1675,0,0,81,1675,California
Merced,2021-01-05,321,1996,232,1559,89,437,0,0,315,1986,6,6,317,1992,California
Merced,2021-01-06,256,2252,104,1663,152,589,0,0,251,2232,5,11,251,2243,California
Merced,2021-01-07,186,2438,83,1746,103,692,0,0,175,2395,12,23,175,2418,California
Merced,2021-01-08,527,2965,394,2140,133,825,0,0,374,2617,152,175,374,2792,California
Merced,2021-01-09,22,2987,9,2149,13,838,0,0,17,2629,5,180,17,2809,California
Merced,2021-01-10,11,2998,7,2156,4,842,0,0,7,2632,4,184,7,2816,California
Merced,2021-01-11,230,3228,171,2327,59,901,0,0,103,2610,127,311,105,2921,California
Merced,2021-01-12,291,3519,168,2495,123,1024,0,0,243,2804,49,360,243,3164,California
Merced,2021-01-13,377,3896,175,2670,202,1226,0,0,225,2880,152,512,228,3392,California
Merced,2021-01-14,322,4218,200,2870,122,1348,0,0,157,2874,164,676,158,3550,California
Merced,2021-01-15,585,4803,129,2999,456,1804,0,0,546,3383,40,716,549,4099,California
Merced,2021-01-16,213,5016,129,3128,84,1888,0,0,196,3562,17,733,196,4295,California
Merced,2021-01-17,50,5066,12,3140,38,1926,0,0,49,3610,1,734,49,4344,California
Merced,2021-01-18,262,5328,126,3266,136,2062,0,0,239,3830,23,757,243,4587,California
Merced,2021-01-19,713,6041,589,3855,124,2186,0,0,541,4204,172,929,546,5133,California
Merced,2021-01-20,572,6613,467,4322,105,2291,0,0,515,4665,57,986,518,5651,California
Merced,2021-01-21,1011,7624,651,4973,360,2651,0,0,911,5479,100,1086,914,6565,California
Merced,2021-01-22,1312,8936,692,5665,620,3271,0,0,1284,6748,27,1113,1296,7861,California
Merced,2021-01-23,325,9261,198,5863,127,3398,0,0,218,6859,107,1220,218,8079,California
Merced,2021-01-24,37,9298,15,5878,22,3420,0,0,28,6879,8,1228,28,8107,California
Merced,2021-01-25,729,10027,241,6119,488,3908,0,0,669,7490,59,1287,670,8777,California
Merced,2021-01-26,919,10946,488,6607,431,4339,0,0,676,7951,216,1503,677,9454,California
Merced,2021-01-27,985,11931,588,7195,397,4736,0,0,816,8600,167,1670,816,10270,California
Merced,2021-01-28,1141,13072,595,7790,546,5282,0,0,1017,9495,123,1793,1018,11288,California
Merced,2021-01-29,853,13925,323,8113,530,5812,0,0,599,9856,241,2034,602,11890,California
Merced,2021-01-30,260,14185,28,8141,232,6044,0,0,243,10082,17,2051,243,12133,California
Merced,2021-01-31,47,14232,11,8152,36,6080,0,0,46,10127,1,2052,46,12179,California
Merced,2021-02-01,378,14610,55,8207,323,6403,0,0,327,10405,50,2102,328,12507,California
Merced,2021-02-02,296,14906,179,8386,117,6520,0,0,176,10465,117,2219,177,12684,California
Merced,2021-02-03,350,15256,72,8458,278,6798,0,0,169,10453,181,2400,169,12853,California
Merced,2021-02-04,370,15626,145,8603,225,7023,0,0,239,10563,130,2530,240,13093,California
Merced,2021-02-05,508,16134,169,8772,339,7362,0,0,271,10600,236,2766,273,13366,California
Merced,2021-02-06,389,16523,218,8990,171,7533,0,0,245,10705,141,2907,246,13612,California
Merced,2021-02-07,20,16543,12,9002,8,7541,0,0,13,10711,7,2914,13,13625,California
Merced,2021-02-08,283,16826,198,9200,85,7626,0,0,171,10772,111,3025,172,13797,California
Merced,2021-02-09,1216,18042,956,10156,260,7886,0,0,772,11109,436,3461,773,14570,California
Merced,2021-02-10,1857,19899,1433,11589,424,8310,0,0,1274,11810,573,4034,1274,15844,California
Merced,2021-02-11,2506,22405,2012,13601,494,8804,0,0,1815,12946,679,4713,1815,17659,California
Merced,2021-02-12,1718,24123,1016,14617,702,9506,0,0,746,12740,955,5668,749,18408,California
Merced,2021-02-13,361,24484,207,14824,154,9660,0,0,262,12909,95,5763,264,18672,California
Merced,2021-02-14,118,24602,26,14850,92,9752,0,0,96,12984,22,5785,97,18769,California
Merced,2021-02-15,274,24876,42,14892,232,9984,0,0,169,13056,98,5883,170,18939,California
Merced,2021-02-16,1216,26092,844,15736,372,10356,0,0,834,13531,363,6246,838,19777,California
Merced,2021-02-17,1886,27978,1640,17376,246,10602,0,0,1311,14291,560,6806,1320,21097,California
Merced,2021-02-18,1214,29192,823,18199,391,10993,0,0,404,13909,789,7595,407,21504,California
Merced,2021-02-19,1264,30456,415,18614,849,11842,0,0,539,13731,719,8314,541,22045,California
Merced,2021-02-20,278,30734,31,18645,247,12089,0,0,139,13733,137,8451,139,22184,California
Merced,2021-02-21,77,30811,62,18707,15,12104,0,0,31,13719,45,8496,31,22215,California
Merced,2021-02-22,831,31642,294,19001,537,12641,0,0,481,13853,348,8844,482,22697,California
Merced,2021-02-23,1082,32724,422,19423,660,13301,0,0,638,14054,438,9282,639,23336,California
Merced,2021-02-24,819,33543,302,19725,517,13818,0,0,448,14141,362,9644,449,23785,California
Merced,2021-02-25,1770,35313,879,20604,891,14709,0,0,1316,15009,451,10095,1319,25104,California
Merced,2021-02-26,2155,37468,1379,21983,776,15485,0,0,1740,16342,408,10503,1741,26845,California
Merced,2021-02-27,2609,40077,1183,23166,1426,16911,0,0,2326,18386,282,10785,2326,29171,California
Merced,2021-02-28,310,40387,73,23239,237,17148,0,0,256,18592,50,10835,256,29427,California
Merced,2021-03-01,1123,41510,283,23522,839,17987,1,1,780,19039,334,11169,781,30208,California
Merced,2021-03-02,1756,43266,911,24433,844,18831,1,2,1362,20017,387,11556,1365,31573,California
Merced,2021-03-03,2231,45497,1734,26167,496,19327,1,3,1469,20745,743,12299,1471,33044,California
Merced,2021-03-04,2900,48397,2275,28442,623,19950,2,5,1925,21716,957,13256,1928,34972,California
Merced,2021-03-05,2076,50473,1198,29640,854,20804,24,29,1533,22745,529,13785,1558,36530,California
Merced,2021-03-06,1166,51639,663,30303,481,21285,22,51,910,23422,255,14040,932,37462,California
Merced,2021-03-07,231,51870,67,30370,139,21424,25,76,202,23620,29,14069,227,37689,California
Merced,2021-03-08,1406,53276,808,31178,533,21957,65,141,1190,24659,215,14284,1254,38943,California
Merced,2021-03-09,1697,54973,1003,32181,586,22543,108,249,1100,25276,591,14875,1208,40151,California
Merced,2021-03-10,2708,57681,1874,34055,633,23176,201,450,1631,26049,1062,15937,1835,41986,California
Merced,2021-03-11,1948,59629,699,34754,1047,24223,202,652,1231,26802,702,16639,1455,43441,California
Merced,2021-03-12,2217,61846,903,35657,1042,25265,272,924,1497,27868,715,17354,1781,45222,California
Merced,2021-03-13,884,62730,310,35967,333,25598,241,1165,580,28394,296,17650,822,46044,California
Merced,2021-03-14,251,62981,137,36104,84,25682,30,1195,150,28474,100,17750,180,46224,California
Merced,2021-03-15,1523,64504,496,36600,770,26452,257,1452,1002,29218,514,18264,1258,47482,California
Merced,2021-03-16,1469,65973,713,37313,529,26981,227,1679,978,29944,480,18744,1206,48688,California
Merced,2021-03-17,1969,67942,1064,38377,727,27708,178,1857,1513,31191,446,19190,1693,50381,California
Merced,2021-03-18,2124,70066,1251,39628,727,28435,146,2003,1397,32035,712,19902,1556,51937,California
Merced,2021-03-19,2667,72733,1455,41083,1017,29452,195,2198,1384,32342,1272,21174,1579,53516,California
Merced,2021-03-20,2448,75181,1518,42601,535,29987,395,2593,957,32211,1487,22661,1356,54872,California
Merced,2021-03-21,556,75737,343,42944,201,30188,12,2605,437,32543,119,22780,451,55323,California
Merced,2021-03-22,1264,77001,630,43574,557,30745,77,2682,885,33136,371,23151,964,56287,California
Merced,2021-03-23,1836,78837,1108,44682,664,31409,64,2746,1354,34078,476,23627,1418,57705,California
Merced,2021-03-24,1470,80307,930,45612,505,31914,35,2781,990,34629,474,24101,1025,58730,California
Merced,2021-03-25,3323,83630,2280,47892,1020,32934,23,2804,2083,35510,1228,25329,2109,60839,California
Merced,2021-03-26,1939,85569,1091,48983,814,33748,34,2838,893,35400,1036,26365,926,61765,California
Merced,2021-03-27,3563,89132,1906,50889,1240,34988,417,3255,1553,35374,1997,28362,1971,63736,California
Merced,2021-03-28,523,89655,216,51105,299,35287,8,3263,214,35289,307,28669,222,63958,California
Merced,2021-03-29,1829,91484,780,51885,882,36169,167,3430,670,34980,1150,29819,841,64799,California
Merced,2021-03-30,2148,93632,803,52688,1286,37455,59,3489,990,34879,1152,30971,1051,65850,California
Merced,2021-03-31,2149,95781,1412,54100,699,38154,38,3527,954,34692,1180,32151,993,66843,California
Merced,2021-04-01,2274,98055,1028,55128,1118,39272,128,3655,1018,34590,1250,33401,1148,67991,California
Merced,2021-04-02,2334,100389,638,55766,1292,40564,404,4059,782,34242,1535,34936,1187,69178,California
Merced,2021-04-03,917,101306,439,56205,463,41027,15,4074,506,34358,407,35343,523,69701,California
Merced,2021-04-04,369,101675,143,56348,223,41250,3,4077,141,34277,227,35570,146,69847,California
Merced,2021-04-05,1273,102948,608,56956,453,41703,212,4289,418,34058,848,36418,629,70476,California
Merced,2021-04-06,2419,105367,893,57849,698,42401,828,5117,889,34248,1525,37943,1715,72191,California
Merced,2021-04-07,1662,107029,891,58740,663,43064,108,5225,587,33889,1057,39000,698,72889,California
Merced,2021-04-08,2328,109357,1197,59937,916,43980,215,5440,842,33489,1455,40455,1055,73944,California
Merced,2021-04-09,1693,111050,471,60408,646,44626,576,6016,566,33522,1111,41566,1144,75088,California
Merced,2021-04-10,853,111903,366,60774,300,44926,187,6203,175,33210,672,42238,360,75448,California
Merced,2021-04-11,488,112391,282,61056,72,44998,134,6337,148,33155,338,42576,283,75731,California
Merced,2021-04-12,1460,113851,944,62000,392,45390,124,6461,828,33511,596,43172,952,76683,California
Merced,2021-04-13,2044,115895,1464,63464,577,45967,3,6464,939,33443,1014,44186,946,77629,California
Merced,2021-04-14,2050,117945,1219,64683,831,46798,0,6464,903,33333,1015,45201,905,78534,California
Merced,2021-04-15,3019,120964,1976,66659,1043,47841,0,6464,953,32458,1834,47035,959,79493,California
Merced,2021-04-16,2378,123342,1165,67824,1213,49054,0,6464,969,32117,1310,48345,969,80462,California
Merced,2021-04-17,1989,125331,1331,69155,657,49711,1,6465,595,31327,1387,49732,597,81059,California
Merced,2021-04-18,469,125800,247,69402,222,49933,0,6465,191,31267,251,49983,191,81250,California
Merced,2021-04-19,1337,127137,751,70153,586,50519,0,6465,707,31440,535,50518,708,81958,California
Merced,2021-04-20,1472,128609,739,70892,733,51252,0,6465,802,31642,600,51118,802,82760,California
Merced,2021-04-21,1478,130087,890,71782,588,51840,0,6465,752,31780,614,51732,752,83512,California
Merced,2021-04-22,1616,131703,743,72525,873,52713,0,6465,782,31810,753,52485,783,84295,California
Merced,2021-04-23,1647,133350,684,73209,963,53676,0,6465,887,31984,714,53199,888,85183,California
Merced,2021-04-24,575,133925,405,73614,170,53846,0,6465,390,32193,181,53380,390,85573,California
Merced,2021-04-25,325,134250,185,73799,140,53986,0,6465,191,32253,131,53511,191,85764,California
Merced,2021-04-26,1208,135458,528,74327,680,54666,0,6465,633,32346,542,54053,635,86399,California
Merced,2021-04-27,1749,137207,883,75210,856,55522,10,6475,704,32083,978,55031,715,87114,California
Merced,2021-04-28,1370,138577,678,75888,683,56205,9,6484,783,32311,565,55596,793,87907,California
Merced,2021-04-29,1412,139989,601,76489,786,56991,25,6509,657,32249,746,56342,684,88591,California
Merced,2021-04-30,1456,141445,615,77104,797,57788,44,6553,749,32340,703,57045,794,89385,California
Merced,2021-05-01,557,142002,240,77344,312,58100,5,6558,258,32307,295,57340,262,89647,California
Merced,2021-05-02,296,142298,121,77465,160,58260,15,6573,132,32293,163,57503,149,89796,California
Merced,2021-05-03,839,143137,548,78013,221,58481,70,6643,298,32124,538,58041,369,90165,California
Merced,2021-05-04,1014,144151,543,78556,419,58900,52,6695,373,31911,638,58679,425,90590,California
Merced,2021-05-05,1209,145360,714,79270,419,59319,76,6771,530,31850,668,59347,607,91197,California
Merced,2021-05-06,905,146265,471,79741,384,59703,50,6821,303,31609,594,59941,353,91550,California
Merced,2021-05-07,929,147194,291,80032,596,60299,42,6863,392,31512,533,60474,436,91986,California
Merced,2021-05-08,396,147590,202,80234,158,60457,36,6899,180,31513,215,60689,216,92202,California
Merced,2021-05-09,213,147803,107,80341,99,60556,7,6906,102,31512,110,60799,109,92311,California
Merced,2021-05-10,692,148495,355,80696,301,60857,36,6942,191,31240,500,61299,228,92539,California
Merced,2021-05-11,1111,149606,654,81350,404,61261,53,6995,427,31042,678,61977,480,93019,California
Merced,2021-05-12,985,150591,526,81876,420,61681,39,7034,314,30727,668,62645,353,93372,California
Merced,2021-05-13,799,151390,401,82277,356,62037,42,7076,296,30567,499,63144,339,93711,California
Merced,2021-05-14,1005,152395,615,82892,350,62387,40,7116,526,30660,473,63617,566,94277,California
Merced,2021-05-15,747,153142,565,83457,163,62550,19,7135,443,30826,297,63914,463,94740,California
Merced,2021-05-16,347,153489,232,83689,107,62657,8,7143,200,30891,144,64058,209,94949,California
Merced,2021-05-17,1046,154535,666,84355,350,63007,30,7173,502,30884,540,64598,533,95482,California
Merced,2021-05-18,1264,155799,844,85199,389,63396,31,7204,718,31094,539,65137,749,96231,California
Merced,2021-05-19,1089,156888,740,85939,342,63738,7,7211,612,31244,473,65610,623,96854,California
Merced,2021-05-20,907,157795,467,86406,385,64123,55,7266,335,31064,570,66180,390,97244,California
Merced,2021-05-21,1062,158857,607,87013,429,64552,26,7292,433,30904,619,66799,459,97703,California
Merced,2021-05-22,596,159453,413,87426,170,64722,13,7305,346,31015,248,67047,359,98062,California
Merced,2021-05-23,275,159728,204,87630,60,64782,11,7316,196,31143,79,67126,207,98269,California
Merced,2021-05-24,525,160253,239,87869,256,65038,30,7346,213,31078,309,67435,244,98513,California
Merced,2021-05-25,757,161010,428,88297,295,65333,34,7380,403,31164,351,67786,437,98950,California
Merced,2021-05-26,834,161844,509,88806,292,65625,33,7413,321,31006,512,68298,354,99304,California
Merced,2021-05-27,922,162766,651,89457,238,65863,33,7446,574,31271,343,68641,608,99912,California
Merced,2021-05-28,760,163526,345,89802,368,66231,47,7493,338,31242,415,69056,386,100298,California
Merced,2021-05-29,393,163919,273,90075,112,66343,8,7501,174,31209,216,69272,183,100481,California
Merced,2021-05-30,213,164132,145,90220,57,66400,11,7512,135,31277,78,69350,146,100627,California
Merced,2021-05-31,110,164242,24,90244,80,66480,6,7518,31,31238,77,69427,38,100665,California
Merced,2021-06-01,777,165019,466,90710,282,66762,29,7547,341,31175,433,69860,370,101035,California
Merced,2021-06-02,627,165646,450,91160,155,66917,22,7569,346,31268,275,70135,368,101403,California
Merced,2021-06-03,305,165951,147,91307,141,67058,17,7586,147,31275,157,70292,164,101567,California
Merced,2021-06-04,141,166092,84,91391,52,67110,5,7591,72,31287,69,70361,81,101648,California
Merced,2021-06-05,97,166189,61,91452,33,67143,3,7594,58,31309,39,70400,61,101709,California
Merced,2021-06-06,8,166197,6,91458,1,67144,1,7595,0,31302,8,70408,1,101710,California
Modoc,2020-12-16,1,1,1,1,0,0,0,0,1,1,0,0,1,1,California
Modoc,2020-12-21,100,101,100,101,0,0,0,0,100,101,0,0,100,101,California
Modoc,2020-12-22,14,115,14,115,0,0,0,0,14,115,0,0,14,115,California
Modoc,2020-12-23,4,119,4,119,0,0,0,0,4,119,0,0,4,119,California
Modoc,2020-12-24,1,120,1,120,0,0,0,0,1,120,0,0,1,120,California
Modoc,2020-12-28,2,122,2,122,0,0,0,0,2,122,0,0,2,122,California
Modoc,2020-12-29,9,131,1,123,8,8,0,0,9,131,0,0,9,131,California
Modoc,2020-12-30,8,139,1,124,7,15,0,0,8,139,0,0,8,139,California
Modoc,2021-01-02,3,142,1,125,2,17,0,0,3,142,0,0,3,142,California
Modoc,2021-01-04,8,150,0,125,8,25,0,0,8,150,0,0,8,150,California
Modoc,2021-01-05,3,153,2,127,1,26,0,0,3,153,0,0,3,153,California
Modoc,2021-01-06,3,156,2,129,1,27,0,0,2,154,1,1,2,155,California
Modoc,2021-01-07,73,229,0,129,73,100,0,0,73,227,0,1,73,228,California
Modoc,2021-01-08,106,335,0,129,106,206,0,0,106,333,0,1,106,334,California
Modoc,2021-01-10,1,336,1,130,0,206,0,0,0,332,1,2,0,334,California
Modoc,2021-01-11,91,427,82,212,9,215,0,0,19,279,72,74,19,353,California
Modoc,2021-01-12,94,521,25,237,69,284,0,0,68,321,26,100,68,421,California
Modoc,2021-01-13,24,545,4,241,20,304,0,0,22,341,2,102,22,443,California
Modoc,2021-01-14,129,674,6,247,123,427,0,0,124,460,5,107,124,567,California
Modoc,2021-01-15,6,680,1,248,5,432,0,0,6,466,0,107,6,573,California
Modoc,2021-01-16,1,681,1,249,0,432,0,0,1,467,0,107,1,574,California
Modoc,2021-01-18,1,682,1,250,0,432,0,0,1,468,0,107,1,575,California
Modoc,2021-01-19,5,687,3,253,2,434,0,0,3,469,2,109,3,578,California
Modoc,2021-01-20,13,700,3,256,10,444,0,0,12,480,1,110,12,590,California
Modoc,2021-01-21,158,858,2,258,156,600,0,0,158,638,0,110,158,748,California
Modoc,2021-01-22,3,861,1,259,2,602,0,0,3,641,0,110,3,751,California
Modoc,2021-01-25,11,872,0,259,11,613,0,0,11,652,0,110,11,762,California
Modoc,2021-01-26,90,962,1,260,89,702,0,0,90,742,0,110,90,852,California
Modoc,2021-01-27,40,1002,3,263,37,739,0,0,25,752,15,125,25,877,California
Modoc,2021-01-28,148,1150,3,266,145,884,0,0,147,898,1,126,147,1024,California
Modoc,2021-01-29,4,1154,1,267,3,887,0,0,4,902,0,126,4,1028,California
Modoc,2021-02-01,26,1180,13,280,13,900,0,0,12,900,14,140,12,1040,California
Modoc,2021-02-02,171,1351,2,282,169,1069,0,0,168,1065,3,143,168,1208,California
Modoc,2021-02-03,18,1369,13,295,5,1074,0,0,11,1069,7,150,11,1219,California
Modoc,2021-02-04,158,1527,3,298,155,1229,0,0,29,969,129,279,29,1248,California
Modoc,2021-02-05,3,1530,2,300,1,1230,0,0,2,970,1,280,2,1250,California
Modoc,2021-02-08,10,1540,2,302,8,1238,0,0,9,978,1,281,9,1259,California
Modoc,2021-02-09,198,1738,12,314,186,1424,0,0,65,910,133,414,65,1324,California
Modoc,2021-02-10,6,1744,3,317,3,1427,0,0,4,912,2,416,4,1328,California
Modoc,2021-02-11,201,1945,3,320,198,1625,0,0,83,877,118,534,83,1411,California
Modoc,2021-02-12,7,1952,1,321,6,1631,0,0,3,876,4,538,3,1414,California
Modoc,2021-02-13,1,1953,0,321,1,1632,0,0,1,877,0,538,1,1415,California
Modoc,2021-02-16,147,2100,6,327,141,1773,0,0,143,1016,4,542,143,1558,California
Modoc,2021-02-17,25,2125,2,329,23,1796,0,0,12,1015,13,555,12,1570,California
Modoc,2021-02-18,189,2314,3,332,186,1982,0,0,23,875,165,720,25,1595,California
Modoc,2021-02-19,3,2317,3,335,0,1982,0,0,2,876,1,721,2,1597,California
Modoc,2021-02-20,1,2318,1,336,0,1982,0,0,0,875,1,722,0,1597,California
Modoc,2021-02-22,17,2335,9,345,8,1990,0,0,3,864,14,736,3,1600,California
Modoc,2021-02-23,52,2387,2,347,50,2040,0,0,8,828,44,780,8,1608,California
Modoc,2021-02-24,90,2477,1,348,89,2129,0,0,31,800,59,839,31,1639,California
Modoc,2021-02-25,170,2647,0,348,170,2299,0,0,12,654,158,997,12,1651,California
Modoc,2021-02-26,3,2650,0,348,3,2302,0,0,1,653,2,999,1,1652,California
Modoc,2021-02-27,3,2653,3,351,0,2302,0,0,2,654,1,1000,2,1654,California
Modoc,2021-03-01,5,2658,0,351,5,2307,0,0,0,650,4,1004,0,1654,California
Modoc,2021-03-02,194,2852,12,363,182,2489,0,0,26,508,168,1172,26,1680,California
Modoc,2021-03-03,12,2864,6,369,6,2495,0,0,2,500,10,1182,2,1682,California
Modoc,2021-03-04,176,3040,2,371,174,2669,0,0,147,618,29,1211,147,1829,California
Modoc,2021-03-05,3,3043,2,373,1,2670,0,0,2,619,1,1212,2,1831,California
Modoc,2021-03-06,11,3054,0,373,1,2671,10,10,1,620,10,1222,11,1842,California
Modoc,2021-03-07,8,3062,2,375,0,2671,6,16,2,622,6,1228,8,1850,California
Modoc,2021-03-08,8,3070,1,376,3,2674,4,20,1,621,6,1234,5,1855,California
Modoc,2021-03-09,127,3197,10,386,109,2783,8,28,61,624,66,1300,69,1924,California
Modoc,2021-03-10,9,3206,3,389,2,2785,4,32,4,627,5,1305,8,1932,California
Modoc,2021-03-11,207,3413,0,389,99,2884,108,140,22,572,185,1490,130,2062,California
Modoc,2021-03-12,10,3423,1,390,4,2888,5,145,4,575,6,1496,9,2071,California
Modoc,2021-03-13,4,3427,0,390,1,2889,3,148,1,576,3,1499,4,2075,California
Modoc,2021-03-15,14,3441,1,391,12,2901,1,149,12,587,2,1501,13,2088,California
Modoc,2021-03-16,173,3614,1,392,168,3069,4,153,42,501,131,1632,45,2133,California
Modoc,2021-03-17,10,3624,1,393,4,3073,5,158,2,500,8,1640,7,2140,California
Modoc,2021-03-18,67,3691,2,395,58,3131,7,165,36,512,31,1671,43,2183,California
Modoc,2021-03-19,5,3696,0,395,0,3131,5,170,0,512,5,1676,5,2188,California
Modoc,2021-03-20,5,3701,2,397,0,3131,3,173,0,510,5,1681,3,2191,California
Modoc,2021-03-21,4,3705,1,398,1,3132,2,175,2,512,2,1683,4,2195,California
Modoc,2021-03-22,17,3722,1,399,11,3143,5,180,12,524,5,1688,17,2212,California
Modoc,2021-03-23,54,3776,7,406,44,3187,3,183,39,551,15,1703,42,2254,California
Modoc,2021-03-24,29,3805,1,407,18,3205,10,193,1,534,28,1731,11,2265,California
Modoc,2021-03-25,78,3883,2,409,74,3279,2,195,46,550,32,1763,48,2313,California
Modoc,2021-03-26,7,3890,2,411,2,3281,3,198,2,550,5,1768,5,2318,California
Modoc,2021-03-27,2,3892,0,411,1,3282,1,199,1,551,1,1769,2,2320,California
Modoc,2021-03-28,2,3894,1,412,0,3282,1,200,0,550,2,1771,1,2321,California
Modoc,2021-03-29,15,3909,1,413,6,3288,8,208,6,555,9,1780,14,2335,California
Modoc,2021-03-30,54,3963,9,422,38,3326,7,215,20,548,34,1814,27,2362,California
Modoc,2021-03-31,9,3972,3,425,2,3328,4,219,3,549,6,1820,7,2369,California
Modoc,2021-04-01,169,4141,2,427,162,3490,5,224,34,453,135,1955,39,2408,California
Modoc,2021-04-02,5,4146,0,427,2,3492,3,227,1,454,3,1958,4,2412,California
Modoc,2021-04-03,4,4150,1,428,0,3492,3,230,1,455,2,1960,3,2415,California
Modoc,2021-04-05,10,4160,0,428,9,3501,1,231,9,464,1,1961,10,2425,California
Modoc,2021-04-06,24,4184,5,433,9,3510,10,241,6,462,18,1979,16,2441,California
Modoc,2021-04-07,12,4196,1,434,4,3514,7,248,3,463,9,1988,10,2451,California
Modoc,2021-04-08,96,4292,1,435,92,3606,3,251,26,422,70,2058,29,2480,California
Modoc,2021-04-09,11,4303,2,437,6,3612,3,254,2,417,9,2067,4,2484,California
Modoc,2021-04-10,5,4308,0,437,1,3613,4,258,0,416,5,2072,4,2488,California
Modoc,2021-04-11,2,4310,2,439,0,3613,0,258,1,416,1,2073,1,2489,California
Modoc,2021-04-12,14,4324,0,439,10,3623,4,262,1,410,11,2084,5,2494,California
Modoc,2021-04-13,33,4357,30,469,3,3626,0,262,22,421,11,2095,22,2516,California
Modoc,2021-04-14,2,4359,2,471,0,3626,0,262,1,421,1,2096,1,2517,California
Modoc,2021-04-15,101,4460,0,471,101,3727,0,262,28,376,73,2169,28,2545,California
Modoc,2021-04-16,6,4466,4,475,2,3729,0,262,5,380,1,2170,5,2550,California
Modoc,2021-04-17,2,4468,2,477,0,3729,0,262,2,382,0,2170,2,2552,California
Modoc,2021-04-18,1,4469,0,477,1,3730,0,262,1,383,0,2170,1,2553,California
Modoc,2021-04-19,6,4475,0,477,6,3736,0,262,1,379,5,2175,1,2554,California
Modoc,2021-04-20,40,4515,2,479,38,3774,0,262,9,357,31,2206,9,2563,California
Modoc,2021-04-21,3,4518,3,482,0,3774,0,262,1,356,2,2208,1,2564,California
Modoc,2021-04-22,96,4614,2,484,94,3868,0,262,38,336,58,2266,38,2602,California
Modoc,2021-04-23,4,4618,0,484,4,3872,0,262,3,338,1,2267,3,2605,California
Modoc,2021-04-24,2,4620,0,484,1,3873,1,263,1,339,1,2268,2,2607,California
Modoc,2021-04-25,1,4621,1,485,0,3873,0,263,1,340,0,2268,1,2608,California
Modoc,2021-04-26,8,4629,0,485,8,3881,0,263,2,336,6,2274,2,2610,California
Modoc,2021-04-27,5,4634,4,489,0,3881,1,264,0,332,5,2279,1,2611,California
Modoc,2021-04-28,6,4640,1,490,4,3885,1,265,2,331,4,2283,3,2614,California
Modoc,2021-04-29,65,4705,1,491,64,3949,0,265,21,308,44,2327,21,2635,California
Modoc,2021-04-30,3,4708,2,493,1,3950,0,265,1,307,2,2329,1,2636,California
Modoc,2021-05-01,1,4709,1,494,0,3950,0,265,0,306,1,2330,0,2636,California
Modoc,2021-05-02,4,4713,3,497,1,3951,0,265,3,308,1,2331,3,2639,California
Modoc,2021-05-03,13,4726,0,497,12,3963,1,266,3,302,10,2341,4,2643,California
Modoc,2021-05-04,11,4737,3,500,6,3969,2,268,5,303,6,2347,7,2650,California
Modoc,2021-05-05,28,4765,25,525,2,3971,1,269,8,292,20,2367,9,2659,California
Modoc,2021-05-06,54,4819,3,528,49,4020,2,271,21,282,33,2400,23,2682,California
Modoc,2021-05-07,8,4827,3,531,3,4023,2,273,2,280,6,2406,4,2686,California
Modoc,2021-05-08,3,4830,2,533,0,4023,1,274,1,280,2,2408,2,2688,California
Modoc,2021-05-09,1,4831,1,534,0,4023,0,274,0,279,1,2409,0,2688,California
Modoc,2021-05-10,2,4833,0,534,1,4024,1,275,1,280,1,2410,2,2690,California
Modoc,2021-05-11,3,4836,2,536,0,4024,1,276,0,278,3,2413,1,2691,California
Modoc,2021-05-12,2,4838,0,536,0,4024,2,278,0,278,2,2415,2,2693,California
Modoc,2021-05-13,43,4881,0,536,39,4063,4,282,14,267,29,2444,18,2711,California
Modoc,2021-05-14,9,4890,3,539,1,4064,5,287,4,271,5,2449,9,2720,California
Modoc,2021-05-15,4,4894,3,542,1,4065,0,287,4,275,0,2449,4,2724,California
Modoc,2021-05-16,2,4896,1,543,1,4066,0,287,0,273,2,2451,0,2724,California
Modoc,2021-05-17,7,4903,3,546,4,4070,0,287,4,274,3,2454,4,2728,California
Modoc,2021-05-18,25,4928,12,558,11,4081,2,289,14,279,11,2465,16,2744,California
Modoc,2021-05-19,8,4936,1,559,3,4084,4,293,4,283,4,2469,8,2752,California
Modoc,2021-05-20,58,4994,3,562,46,4130,9,302,8,250,50,2519,17,2769,California
Modoc,2021-05-21,5,4999,3,565,1,4131,1,303,2,250,3,2522,3,2772,California
Modoc,2021-05-22,2,5001,2,567,0,4131,0,303,1,250,1,2523,1,2773,California
Modoc,2021-05-23,2,5003,2,569,0,4131,0,303,0,248,2,2525,0,2773,California
Modoc,2021-05-24,4,5007,1,570,1,4132,2,305,2,250,2,2527,4,2777,California
Modoc,2021-05-25,2,5009,1,571,1,4133,0,305,1,250,1,2528,1,2778,California
Modoc,2021-05-26,35,5044,32,603,3,4136,0,305,25,266,10,2538,26,2804,California
Modoc,2021-05-27,30,5074,2,605,22,4158,6,311,7,256,23,2561,13,2817,California
Modoc,2021-05-28,8,5082,1,606,4,4162,3,314,3,257,5,2566,6,2823,California
Modoc,2021-05-29,1,5083,1,607,0,4162,0,314,0,256,1,2567,0,2823,California
Modoc,2021-06-01,7,5090,0,607,6,4168,1,315,2,254,5,2572,3,2826,California
Modoc,2021-06-02,11,5101,0,607,9,4177,2,317,5,255,6,2578,7,2833,California
Modoc,2021-06-03,24,5125,1,608,21,4198,2,319,4,241,20,2598,6,2839,California
Modoc,2021-06-04,2,5127,1,609,1,4199,0,319,0,239,2,2600,0,2839,California
Mono,2020-12-18,1,1,1,1,0,0,0,0,1,1,0,0,1,1,California
Mono,2020-12-19,5,6,5,6,0,0,0,0,5,6,0,0,5,6,California
Mono,2020-12-20,7,13,7,13,0,0,0,0,7,13,0,0,7,13,California
Mono,2020-12-21,24,37,17,30,7,7,0,0,24,37,0,0,24,37,California
Mono,2020-12-22,67,104,66,96,1,8,0,0,67,104,0,0,67,104,California
Mono,2020-12-23,71,175,43,139,28,36,0,0,71,175,0,0,71,175,California
Mono,2020-12-24,3,178,1,140,2,38,0,0,3,178,0,0,3,178,California
Mono,2020-12-26,3,181,3,143,0,38,0,0,3,181,0,0,3,181,California
Mono,2020-12-27,1,182,0,143,1,39,0,0,1,182,0,0,1,182,California
Mono,2020-12-28,94,276,63,206,31,70,0,0,94,276,0,0,94,276,California
Mono,2020-12-29,29,305,29,235,0,70,0,0,29,305,0,0,29,305,California
Mono,2020-12-30,77,382,36,271,41,111,0,0,77,382,0,0,77,382,California
Mono,2020-12-31,4,386,1,272,3,114,0,0,4,386,0,0,4,386,California
Mono,2021-01-01,4,390,4,276,0,114,0,0,4,390,0,0,4,390,California
Mono,2021-01-02,2,392,2,278,0,114,0,0,2,392,0,0,2,392,California
Mono,2021-01-04,2,394,0,278,2,116,0,0,2,394,0,0,2,394,California
Mono,2021-01-05,45,439,2,280,43,159,0,0,44,437,1,1,44,438,California
Mono,2021-01-06,48,487,0,280,48,207,0,0,48,485,0,1,48,486,California
Mono,2021-01-07,55,542,3,283,52,259,0,0,53,537,2,3,54,540,California
Mono,2021-01-08,2,544,1,284,1,260,0,0,1,537,1,4,1,541,California
Mono,2021-01-09,4,548,4,288,0,260,0,0,0,533,4,8,0,541,California
Mono,2021-01-10,5,553,5,293,0,260,0,0,0,528,5,13,0,541,California
Mono,2021-01-11,8,561,5,298,3,263,0,0,4,528,4,17,4,545,California
Mono,2021-01-12,285,846,77,375,208,471,0,0,220,684,64,81,220,765,California
Mono,2021-01-13,233,1079,73,448,160,631,0,0,178,807,55,136,178,943,California
Mono,2021-01-14,74,1153,71,519,3,634,0,0,74,881,0,136,74,1017,California
Mono,2021-01-15,66,1219,2,521,64,698,0,0,66,947,0,136,66,1083,California
Mono,2021-01-16,4,1223,3,524,1,699,0,0,1,945,3,139,1,1084,California
Mono,2021-01-18,64,1287,55,579,9,708,0,0,2,885,62,201,2,1086,California
Mono,2021-01-19,211,1498,209,788,2,710,0,0,173,1021,38,239,174,1260,California
Mono,2021-01-20,231,1729,199,987,32,742,0,0,170,1130,61,300,170,1430,California
Mono,2021-01-21,6,1735,3,990,3,745,0,0,6,1136,0,300,6,1436,California
Mono,2021-01-22,4,1739,0,990,4,749,0,0,4,1140,0,300,4,1440,California
Mono,2021-01-23,591,2330,591,1581,0,749,0,0,590,1729,1,301,590,2030,California
Mono,2021-01-24,1,2331,0,1581,1,750,0,0,0,1728,1,302,0,2030,California
Mono,2021-01-25,202,2533,164,1745,38,788,0,0,163,1852,39,341,163,2193,California
Mono,2021-01-26,505,3038,503,2248,2,790,0,0,499,2345,6,347,499,2692,California
Mono,2021-01-27,5,3043,1,2249,4,794,0,0,5,2350,0,347,5,2697,California
Mono,2021-01-28,6,3049,2,2251,4,798,0,0,2,2348,4,351,2,2699,California
Mono,2021-01-30,200,3249,198,2449,2,800,0,0,199,2546,1,352,199,2898,California
Mono,2021-01-31,246,3495,138,2587,108,908,0,0,139,2578,107,459,139,3037,California
Mono,2021-02-01,27,3522,27,2614,0,908,0,0,0,2551,27,486,0,3037,California
Mono,2021-02-02,5,3527,0,2614,5,913,0,0,2,2550,3,489,2,3039,California
Mono,2021-02-03,5,3532,2,2616,3,916,0,0,2,2549,3,492,2,3041,California
Mono,2021-02-04,212,3744,158,2774,54,970,0,0,91,2520,120,612,91,3132,California
Mono,2021-02-05,619,4363,613,3387,6,976,0,0,616,3133,3,615,616,3748,California
Mono,2021-02-06,138,4501,137,3524,1,977,0,0,137,3269,1,616,137,3885,California
Mono,2021-02-07,2,4503,0,3524,2,979,0,0,2,3271,0,616,2,3887,California
Mono,2021-02-08,173,4676,173,3697,0,979,0,0,15,3129,157,773,15,3902,California
Mono,2021-02-09,227,4903,6,3703,221,1200,0,0,14,2930,213,986,14,3916,California
Mono,2021-02-10,537,5440,187,3890,350,1550,0,0,193,2780,344,1330,194,4110,California
Mono,2021-02-11,8,5448,4,3894,4,1554,0,0,2,2776,6,1336,2,4112,California
Mono,2021-02-12,89,5537,21,3915,68,1622,0,0,27,2741,62,1398,27,4139,California
Mono,2021-02-13,584,6121,584,4499,0,1622,0,0,27,2212,556,1954,27,4166,California
Mono,2021-02-15,166,6287,164,4663,2,1624,0,0,3,2054,161,2115,3,4169,California
Mono,2021-02-16,518,6805,514,5177,4,1628,0,0,46,1631,469,2584,46,4215,California
Mono,2021-02-17,6,6811,2,5179,4,1632,0,0,2,1629,4,2588,2,4217,California
Mono,2021-02-18,6,6817,2,5181,4,1636,0,0,2,1627,4,2592,2,4219,California
Mono,2021-02-19,53,6870,52,5233,1,1637,0,0,53,1680,0,2592,53,4272,California
Mono,2021-02-20,5,6875,5,5238,0,1637,0,0,5,1685,0,2592,5,4277,California
Mono,2021-02-21,6,6881,6,5244,0,1637,0,0,4,1687,2,2594,4,4281,California
Mono,2021-02-22,283,7164,282,5526,1,1638,0,0,24,1453,258,2852,24,4305,California
Mono,2021-02-23,138,7302,118,5644,20,1658,0,0,22,1359,116,2968,22,4327,California
Mono,2021-02-24,11,7313,3,5647,8,1666,0,0,4,1356,7,2975,4,4331,California
Mono,2021-02-25,5,7318,2,5649,3,1669,0,0,3,1358,1,2976,3,4334,California
Mono,2021-02-26,599,7917,597,6246,2,1671,0,0,20,800,578,3554,20,4354,California
Mono,2021-02-27,141,8058,137,6383,4,1675,0,0,4,669,135,3689,4,4358,California
Mono,2021-03-01,2,8060,2,6385,0,1675,0,0,1,670,0,3689,1,4359,California
Mono,2021-03-02,8,8068,4,6389,4,1679,0,0,6,674,2,3691,6,4365,California
Mono,2021-03-03,113,8181,2,6391,111,1790,0,0,110,782,2,3693,110,4475,California
Mono,2021-03-04,6,8187,1,6392,5,1795,0,0,3,782,3,3696,3,4478,California
Mono,2021-03-05,38,8225,29,6421,9,1804,0,0,12,768,26,3722,12,4490,California
Mono,2021-03-06,513,8738,18,6439,495,2299,0,0,504,1266,7,3729,505,4995,California
Mono,2021-03-07,1,8739,0,6439,1,2300,0,0,0,1265,1,3730,0,4995,California
Mono,2021-03-08,544,9283,11,6450,530,2830,3,3,535,1794,9,3739,538,5533,California
Mono,2021-03-09,6,9289,2,6452,3,2833,1,4,3,1796,2,3741,4,5537,California
Mono,2021-03-10,285,9574,89,6541,193,3026,3,7,9,1535,273,4014,12,5549,California
Mono,2021-03-11,10,9584,0,6541,1,3027,9,16,0,1534,10,4024,9,5558,California
Mono,2021-03-12,7,9591,1,6542,1,3028,5,21,0,1532,7,4031,5,5563,California
Mono,2021-03-13,831,10422,394,6936,436,3464,1,22,821,2344,10,4041,822,6385,California
Mono,2021-03-14,5,10427,5,6941,0,3464,0,22,1,2341,4,4045,1,6386,California
Mono,2021-03-15,31,10458,23,6964,3,3467,5,27,14,2344,16,4061,19,6405,California
Mono,2021-03-16,17,10475,6,6970,5,3472,6,33,8,2349,9,4070,14,6419,California
Mono,2021-03-17,32,10507,4,6974,20,3492,8,41,20,2365,12,4082,28,6447,California
Mono,2021-03-18,21,10528,2,6976,11,3503,8,49,9,2370,12,4094,17,6464,California
Mono,2021-03-19,21,10549,1,6977,17,3520,3,52,17,2387,3,4097,20,6484,California
Mono,2021-03-20,5,10554,3,6980,1,3521,1,53,4,2391,1,4098,5,6489,California
Mono,2021-03-22,11,10565,0,6980,6,3527,5,58,5,2395,6,4104,10,6499,California
Mono,2021-03-23,43,10608,6,6986,32,3559,5,63,17,2391,26,4130,22,6521,California
Mono,2021-03-24,13,10621,1,6987,7,3566,5,68,5,2393,8,4138,10,6531,California
Mono,2021-03-25,18,10639,2,6989,12,3578,4,72,12,2403,6,4144,16,6547,California
Mono,2021-03-26,19,10658,3,6992,11,3589,5,77,10,2410,8,4152,15,6562,California
Mono,2021-03-27,359,11017,356,7348,3,3592,0,77,333,2717,26,4178,333,6895,California
Mono,2021-03-29,11,11028,3,7351,7,3599,1,78,9,2725,2,4180,10,6905,California
Mono,2021-03-30,14,11042,0,7351,10,3609,4,82,7,2729,7,4187,11,6916,California
Mono,2021-03-31,134,11176,8,7359,125,3734,1,83,22,2641,111,4298,23,6939,California
Mono,2021-04-01,9,11185,0,7359,8,3742,1,84,4,2641,5,4303,5,6944,California
Mono,2021-04-02,18,11203,2,7361,16,3758,0,84,8,2639,10,4313,8,6952,California
Mono,2021-04-03,879,12082,380,7741,499,4257,0,84,51,1864,826,5139,51,7003,California
Mono,2021-04-04,1,12083,1,7742,0,4257,0,84,0,1863,1,5140,0,7003,California
Mono,2021-04-05,541,12624,18,7760,522,4779,1,85,34,1392,506,5646,35,7038,California
Mono,2021-04-06,19,12643,1,7761,5,4784,13,98,1,1388,18,5664,14,7052,California
Mono,2021-04-07,24,12667,3,7764,2,4786,19,117,3,1389,21,5685,22,7074,California
Mono,2021-04-08,23,12690,4,7768,2,4788,17,134,5,1393,18,5703,22,7096,California
Mono,2021-04-09,37,12727,4,7772,4,4792,29,163,7,1399,30,5733,36,7132,California
Mono,2021-04-10,452,13179,2,7774,443,5235,7,170,30,1014,422,6155,37,7169,California
Mono,2021-04-12,6,13185,0,7774,3,5238,3,173,3,1017,3,6158,6,7175,California
Mono,2021-04-13,20,13205,2,7776,17,5255,1,174,14,1026,6,6164,15,7190,California
Mono,2021-04-14,25,13230,1,7777,24,5279,0,174,7,1015,18,6182,7,7197,California
Mono,2021-04-15,20,13250,5,7782,15,5294,0,174,11,1017,9,6191,11,7208,California
Mono,2021-04-16,17,13267,1,7783,16,5310,0,174,6,1012,11,6202,6,7214,California
Mono,2021-04-17,51,13318,2,7785,49,5359,0,174,44,1049,7,6209,44,7258,California
Mono,2021-04-18,1,13319,0,7785,1,5360,0,174,1,1050,0,6209,1,7259,California
Mono,2021-04-19,533,13852,324,8109,209,5569,0,174,202,923,329,6538,202,7461,California
Mono,2021-04-20,15,13867,2,8111,13,5582,0,174,10,928,5,6543,10,7471,California
Mono,2021-04-21,8,13875,1,8112,7,5589,0,174,2,924,6,6549,2,7473,California
Mono,2021-04-22,25,13900,11,8123,14,5603,0,174,11,921,14,6563,11,7484,California
Mono,2021-04-23,22,13922,2,8125,20,5623,0,174,12,923,10,6573,12,7496,California
Mono,2021-04-24,36,13958,22,8147,14,5637,0,174,21,929,15,6588,21,7517,California
Mono,2021-04-25,5,13963,4,8151,1,5638,0,174,5,934,0,6588,5,7522,California
Mono,2021-04-26,12,13975,1,8152,11,5649,0,174,3,928,9,6597,3,7525,California
Mono,2021-04-27,66,14041,40,8192,19,5668,7,181,50,969,16,6613,57,7582,California
Mono,2021-04-28,64,14105,41,8233,18,5686,5,186,48,1008,14,6627,53,7635,California
Mono,2021-04-29,10,14115,3,8236,4,5690,3,189,3,1007,7,6634,6,7641,California
Mono,2021-04-30,18,14133,3,8239,12,5702,3,192,8,1008,10,6644,11,7652,California
Mono,2021-05-01,108,14241,4,8243,104,5806,0,192,96,1092,12,6656,96,7748,California
Mono,2021-05-02,1,14242,1,8244,0,5806,0,192,1,1093,0,6656,1,7749,California
Mono,2021-05-03,1,14243,0,8244,1,5807,0,192,0,1092,1,6657,0,7749,California
Mono,2021-05-04,18,14261,0,8244,13,5820,5,197,10,1099,8,6665,15,7764,California
Mono,2021-05-05,52,14313,8,8252,40,5860,4,201,45,1141,7,6672,49,7813,California
Mono,2021-05-06,12,14325,2,8254,9,5869,1,202,8,1146,4,6676,9,7822,California
Mono,2021-05-07,29,14354,22,8276,7,5876,0,202,25,1167,4,6680,25,7847,California
Mono,2021-05-08,52,14406,7,8283,45,5921,0,202,22,1159,30,6710,22,7869,California
Mono,2021-05-09,1,14407,1,8284,0,5921,0,202,0,1159,0,6710,0,7869,California
Mono,2021-05-10,17,14424,1,8285,12,5933,4,206,9,1164,8,6718,13,7882,California
Mono,2021-05-11,16,14440,2,8287,11,5944,3,209,5,1161,11,6729,8,7890,California
Mono,2021-05-12,12,14452,0,8287,11,5955,1,210,4,1158,8,6737,5,7895,California
Mono,2021-05-13,44,14496,31,8318,13,5968,0,210,36,1186,8,6745,36,7931,California
Mono,2021-05-14,10,14506,1,8319,8,5976,1,211,5,1187,5,6750,6,7937,California
Mono,2021-05-15,70,14576,28,8347,35,6011,7,218,20,1164,50,6800,27,7964,California
Mono,2021-05-16,6,14582,5,8352,1,6012,0,218,3,1164,3,6803,3,7967,California
Mono,2021-05-17,248,14830,33,8385,208,6220,7,225,53,1031,194,6997,61,8028,California
Mono,2021-05-18,133,14963,109,8494,23,6243,1,226,87,1073,46,7043,88,8116,California
Mono,2021-05-19,118,15081,112,8606,1,6244,5,231,75,1110,43,7086,80,8196,California
Mono,2021-05-20,69,15150,54,8660,10,6254,5,236,52,1150,17,7103,57,8253,California
Mono,2021-05-21,24,15174,4,8664,17,6271,3,239,11,1151,13,7116,14,8267,California
Mono,2021-05-22,19,15193,10,8674,7,6278,2,241,13,1160,6,7122,15,8282,California
Mono,2021-05-23,2,15195,0,8674,2,6280,0,241,1,1160,1,7123,1,8283,California
Mono,2021-05-24,16,15211,2,8676,13,6293,1,242,9,1164,7,7130,11,8294,California
Mono,2021-05-25,14,15225,5,8681,9,6302,0,242,7,1164,7,7137,7,8301,California
Mono,2021-05-26,18,15243,2,8683,15,6317,1,243,7,1161,11,7148,8,8309,California
Mono,2021-05-27,9,15252,0,8683,9,6326,0,243,6,1165,2,7150,6,8315,California
Mono,2021-05-28,41,15293,28,8711,13,6339,0,243,10,1144,31,7181,10,8325,California
Mono,2021-05-29,128,15421,27,8738,98,6437,3,246,32,1083,96,7277,35,8360,California
Mono,2021-06-01,15,15436,7,8745,8,6445,0,246,8,1084,7,7284,8,8368,California
Mono,2021-06-02,48,15484,4,8749,44,6489,0,246,11,1058,37,7321,11,8379,California
Mono,2021-06-03,11,15495,1,8750,7,6496,3,249,1,1052,10,7331,4,8383,California
Mono,2021-06-04,12,15507,1,8751,10,6506,1,250,3,1047,9,7340,4,8387,California
Mono,2021-06-05,40,15547,22,8773,18,6524,0,250,4,1015,36,7376,4,8391,California
Mono,2021-06-06,1,15548,0,8773,1,6525,0,250,0,1014,1,7377,0,8391,California
Monterey,2020-12-16,5,5,5,5,0,0,0,0,5,5,0,0,5,5,California
Monterey,2020-12-17,87,92,87,92,0,0,0,0,87,92,0,0,87,92,California
Monterey,2020-12-18,491,583,491,583,0,0,0,0,491,583,0,0,491,583,California
Monterey,2020-12-19,583,1166,582,1165,1,1,0,0,582,1165,0,0,582,1165,California
Monterey,2020-12-20,421,1587,421,1586,0,1,0,0,421,1586,0,0,421,1586,California
Monterey,2020-12-21,725,2312,725,2311,0,1,0,0,725,2311,0,0,725,2311,California
Monterey,2020-12-22,540,2852,527,2838,13,14,0,0,540,2851,0,0,540,2851,California
Monterey,2020-12-23,443,3295,266,3104,177,191,0,0,443,3294,0,0,443,3294,California
Monterey,2020-12-24,84,3379,10,3114,74,265,0,0,84,3378,0,0,84,3378,California
Monterey,2020-12-25,6,3385,0,3114,6,271,0,0,6,3384,0,0,6,3384,California
Monterey,2020-12-26,92,3477,5,3119,87,358,0,0,92,3476,0,0,92,3476,California
Monterey,2020-12-27,6,3483,3,3122,3,361,0,0,6,3482,0,0,6,3482,California
Monterey,2020-12-28,483,3966,25,3147,458,819,0,0,483,3965,0,0,483,3965,California
Monterey,2020-12-29,904,4870,168,3315,736,1555,0,0,904,4869,0,0,904,4869,California
Monterey,2020-12-30,572,5442,100,3415,472,2027,0,0,572,5441,0,0,572,5441,California
Monterey,2020-12-31,33,5475,11,3426,22,2049,0,0,33,5474,0,0,33,5474,California
Monterey,2021-01-01,13,5488,3,3429,10,2059,0,0,13,5487,0,0,13,5487,California
Monterey,2021-01-02,138,5626,135,3564,3,2062,0,0,138,5625,0,0,138,5625,California
Monterey,2021-01-03,31,5657,30,3594,1,2063,0,0,31,5656,0,0,31,5656,California
Monterey,2021-01-04,414,6071,19,3613,395,2458,0,0,414,6070,0,0,414,6070,California
Monterey,2021-01-05,759,6830,331,3944,428,2886,0,0,745,6801,14,14,745,6815,California
Monterey,2021-01-06,665,7495,177,4121,488,3374,0,0,642,7420,23,37,642,7457,California
Monterey,2021-01-07,754,8249,575,4696,179,3553,0,0,428,7524,324,361,428,7885,California
Monterey,2021-01-08,1102,9351,743,5439,359,3912,0,0,399,7220,703,1064,399,8284,California
Monterey,2021-01-09,968,10319,936,6375,32,3944,0,0,315,6884,651,1715,315,8599,California
Monterey,2021-01-10,275,10594,272,6647,3,3947,0,0,9,6627,266,1981,9,8608,California
Monterey,2021-01-11,1076,11670,991,7638,85,4032,0,0,368,6287,708,2689,368,8976,California
Monterey,2021-01-12,476,12146,394,8032,82,4114,0,0,214,6239,262,2951,214,9190,California
Monterey,2021-01-13,1221,13367,594,8626,627,4741,0,0,1175,7368,46,2997,1175,10365,California
Monterey,2021-01-14,1131,14498,169,8795,962,5703,0,0,1112,8465,19,3016,1116,11481,California
Monterey,2021-01-15,1064,15562,46,8841,1018,6721,0,0,1051,9503,13,3029,1051,12532,California
Monterey,2021-01-16,366,15928,301,9142,65,6786,0,0,361,9859,5,3034,361,12893,California
Monterey,2021-01-17,312,16240,292,9434,20,6806,0,0,300,10147,12,3046,300,13193,California
Monterey,2021-01-18,410,16650,49,9483,361,7167,0,0,388,10513,22,3068,388,13581,California
Monterey,2021-01-19,585,17235,397,9880,188,7355,0,0,425,10780,158,3226,425,14006,California
Monterey,2021-01-20,547,17782,270,10150,277,7632,0,0,339,10911,208,3434,339,14345,California
Monterey,2021-01-21,868,18650,94,10244,774,8406,0,0,756,11559,112,3546,760,15105,California
Monterey,2021-01-22,1066,19716,197,10441,869,9275,0,0,1027,12547,39,3585,1027,16132,California
Monterey,2021-01-23,245,19961,176,10617,69,9344,0,0,120,12545,124,3709,122,16254,California
Monterey,2021-01-24,57,20018,38,10655,19,9363,0,0,23,12534,34,3743,23,16277,California
Monterey,2021-01-25,822,20840,180,10835,642,10005,0,0,188,12095,627,4370,188,16465,California
Monterey,2021-01-26,968,21808,230,11065,738,10743,0,0,266,11659,702,5072,266,16731,California
Monterey,2021-01-27,893,22701,319,11384,574,11317,0,0,410,11586,483,5555,410,17141,California
Monterey,2021-01-28,2045,24746,743,12127,1302,12619,0,0,1703,12949,342,5897,1705,18846,California
Monterey,2021-01-29,1288,26034,712,12839,576,13195,0,0,1170,14003,117,6014,1171,20017,California
Monterey,2021-01-30,477,26511,297,13136,180,13375,0,0,220,13966,257,6271,220,20237,California
Monterey,2021-01-31,501,27012,76,13212,425,13800,0,0,490,14446,11,6282,491,20728,California
Monterey,2021-02-01,1668,28680,1155,14367,513,14313,0,0,1099,14977,568,6850,1099,21827,California
Monterey,2021-02-02,2183,30863,463,14830,1720,16033,0,0,1573,15941,609,7459,1573,23400,California
Monterey,2021-02-03,2361,33224,1068,15898,1293,17326,0,0,1579,16742,778,8237,1579,24979,California
Monterey,2021-02-04,2812,36036,2094,17992,718,18044,0,0,2498,18929,311,8548,2498,27477,California
Monterey,2021-02-05,3702,39738,2852,20844,850,18894,0,0,3260,21752,437,8985,3260,30737,California
Monterey,2021-02-06,1126,40864,380,21224,746,19640,0,0,778,22184,346,9331,778,31515,California
Monterey,2021-02-07,322,41186,270,21494,52,19692,0,0,104,22070,218,9549,104,31619,California
Monterey,2021-02-08,529,41715,292,21786,237,19929,0,0,434,22409,95,9644,434,32053,California
Monterey,2021-02-09,897,42612,692,22478,205,20134,0,0,582,22678,315,9959,584,32637,California
Monterey,2021-02-10,2121,44733,1113,23591,1008,21142,0,0,1267,23093,854,10813,1269,33906,California
Monterey,2021-02-11,2519,47252,973,24564,1546,22688,0,0,1553,23684,964,11777,1555,35461,California
Monterey,2021-02-12,2621,49873,435,24999,2186,24874,0,0,1538,24141,1082,12859,1539,37000,California
Monterey,2021-02-13,1089,50962,47,25046,1042,25916,0,0,999,25051,89,12948,999,37999,California
Monterey,2021-02-14,611,51573,74,25120,537,26453,0,0,538,25516,73,13021,538,38537,California
Monterey,2021-02-15,1390,52963,165,25285,1225,27678,0,0,993,26115,395,13416,994,39531,California
Monterey,2021-02-16,1104,54067,245,25530,859,28537,0,0,876,26763,228,13644,876,40407,California
Monterey,2021-02-17,1979,56046,1175,26705,804,29341,0,0,1660,28109,316,13960,1662,42069,California
Monterey,2021-02-18,2265,58311,1183,27888,1082,30423,0,0,918,27696,1333,15293,920,42989,California
Monterey,2021-02-19,2968,61279,1543,29431,1425,31848,0,0,1363,27456,1604,16897,1364,44353,California
Monterey,2021-02-20,1054,62333,643,30074,411,32259,0,0,992,28387,61,16958,992,45345,California
Monterey,2021-02-21,1261,63594,1230,31304,31,32290,0,0,1188,29504,71,17029,1188,46533,California
Monterey,2021-02-22,1031,64625,875,32179,156,32446,0,0,657,29789,372,17401,657,47190,California
Monterey,2021-02-23,988,65613,625,32804,363,32809,0,0,308,29419,679,18080,309,47499,California
Monterey,2021-02-24,2522,68135,1346,34150,1176,33985,0,0,1866,30635,651,18731,1867,49366,California
Monterey,2021-02-25,4463,72598,2444,36594,2019,36004,0,0,1506,29192,2950,21681,1507,50873,California
Monterey,2021-02-26,5323,77921,3099,39693,2224,38228,0,0,2642,29157,2678,24359,2643,53516,California
Monterey,2021-02-27,1047,78968,190,39883,857,39085,0,0,822,29759,220,24579,822,54338,California
Monterey,2021-02-28,1552,80520,87,39970,1465,40550,0,0,1084,30380,463,25042,1084,55422,California
Monterey,2021-03-01,1310,81830,157,40127,1150,41700,3,3,760,30599,545,25587,764,56186,California
Monterey,2021-03-02,2822,84652,1743,41870,1079,42779,0,3,1948,31677,870,26457,1948,58134,California
Monterey,2021-03-03,3237,87889,1250,43120,1987,44766,0,3,1292,31028,1942,28399,1293,59427,California
Monterey,2021-03-04,4635,92524,1486,44606,3149,47915,0,3,2999,32396,1631,30030,2999,62426,California
Monterey,2021-03-05,3697,96221,1628,46234,1791,49706,278,281,3021,35020,675,30705,3299,65725,California
Monterey,2021-03-06,5164,101385,1127,47361,3728,53434,309,590,4234,38634,927,31632,4541,70266,California
Monterey,2021-03-07,528,101913,106,47467,172,53606,250,840,231,38816,297,31929,479,70745,California
Monterey,2021-03-08,1671,103584,329,47796,954,54560,388,1228,1120,39771,551,32480,1506,72251,California
Monterey,2021-03-09,2010,105594,696,48492,1040,55600,274,1502,1506,41046,503,32983,1778,74029,California
Monterey,2021-03-10,3240,108834,1045,49537,1706,57306,489,1991,1491,41281,1745,34728,1980,76009,California
Monterey,2021-03-11,4194,113028,1419,50956,2400,59706,375,2366,2411,42291,1776,36504,2786,78795,California
Monterey,2021-03-12,4462,117490,2058,53014,2257,61963,147,2513,2752,43482,1707,38211,2898,81693,California
Monterey,2021-03-13,5350,122840,989,54003,4013,65976,348,2861,4002,46485,1347,39558,4350,86043,California
Monterey,2021-03-14,2178,125018,1346,55349,807,66783,25,2886,585,45512,1583,41141,610,86653,California
Monterey,2021-03-15,3987,129005,1276,56625,2421,69204,290,3176,2282,46382,1701,42842,2571,89224,California
Monterey,2021-03-16,3551,132556,585,57210,2589,71793,377,3553,2123,47452,1426,44268,2496,91720,California
Monterey,2021-03-17,5893,138449,2395,59605,3241,75034,257,3810,4271,50370,1615,45883,4533,96253,California
Monterey,2021-03-18,4509,142958,2194,61799,2144,77178,171,3981,3130,52334,1374,47257,3338,99591,California
Monterey,2021-03-19,5525,148483,2573,64372,2802,79980,150,4131,4226,55417,1294,48551,4377,103968,California
Monterey,2021-03-20,3372,151855,426,64798,2252,82232,694,4825,2280,57303,1088,49639,2974,106942,California
Monterey,2021-03-21,639,152494,207,65005,423,82655,9,4834,568,57810,69,49708,576,107518,California
Monterey,2021-03-22,2501,154995,1445,66450,993,83648,63,4897,2281,59936,216,49924,2342,109860,California
Monterey,2021-03-23,4059,159054,2383,68833,1633,85281,43,4940,2579,61084,1474,51398,2622,112482,California
Monterey,2021-03-24,5177,164231,2167,71000,2695,87976,315,5255,3804,63830,1370,52768,4116,116598,California
Monterey,2021-03-25,5352,169583,1239,72239,3754,91730,359,5614,2692,64230,2652,55420,3052,119650,California
Monterey,2021-03-26,5497,175080,2647,74886,2773,94503,77,5691,2827,64477,2659,58079,2906,122556,California
Monterey,2021-03-27,4943,180023,1514,76400,3172,97675,257,5948,3150,66096,1790,59869,3409,125965,California
Monterey,2021-03-28,1128,181151,350,76750,769,98444,9,5957,633,66248,490,60359,642,126607,California
Monterey,2021-03-29,3251,184402,1432,78182,1805,100249,14,5971,2020,67064,1223,61582,2039,128646,California
Monterey,2021-03-30,4560,188962,2148,80330,2359,102608,53,6024,2805,68180,1745,63327,2861,131507,California
Monterey,2021-03-31,5492,194454,2457,82787,2236,104844,799,6823,3487,70455,2002,65329,4277,135784,California
Monterey,2021-04-01,6227,200681,2091,84878,3724,108568,412,7235,3146,70942,3066,68395,3553,139337,California
Monterey,2021-04-02,4775,205456,2226,87104,2480,111048,69,7304,3205,72652,1567,69962,3277,142614,California
Monterey,2021-04-03,5976,211432,1131,88235,3796,114844,1049,8353,1242,70211,4725,74687,2284,144898,California
Monterey,2021-04-04,778,212210,166,88401,599,115443,13,8366,501,70451,277,74964,517,145415,California
Monterey,2021-04-05,4027,216237,2485,90886,1309,116752,233,8599,1497,69654,2525,77489,1728,147143,California
Monterey,2021-04-06,3476,219713,1361,92247,1638,118390,477,9076,1191,69038,2282,79771,1666,148809,California
Monterey,2021-04-07,5691,225404,1404,93651,3770,122160,517,9593,2719,69308,2961,82732,3231,152040,California
Monterey,2021-04-08,6772,232176,3559,97210,2397,124557,816,10409,3349,70060,3418,86150,4170,156210,California
Monterey,2021-04-09,5804,237980,3457,100667,1706,126263,641,11050,2315,69526,3486,89636,2952,159162,California
Monterey,2021-04-10,10286,248266,4988,105655,3113,129376,2185,13235,5014,71462,5260,94896,7196,166358,California
Monterey,2021-04-11,5524,253790,4339,109994,575,129951,610,13845,4468,75485,1050,95946,5073,171431,California
Monterey,2021-04-12,4167,257957,1887,111881,1955,131906,325,14170,959,73705,3069,99015,1289,172720,California
Monterey,2021-04-13,3223,261180,743,112624,2475,134381,5,14175,1545,73598,1659,100674,1552,174272,California
Monterey,2021-04-14,6844,268024,3187,115811,3654,138035,3,14178,1857,70495,4969,105643,1866,176138,California
Monterey,2021-04-15,5888,273912,3888,119699,2000,140035,0,14178,3840,72317,2019,107662,3841,179979,California
Monterey,2021-04-16,4920,278832,2488,122187,2421,142456,11,14189,2281,71983,2627,110289,2293,182272,California
Monterey,2021-04-17,5794,284626,1367,123554,4427,146883,0,14189,3741,73685,2039,112328,3741,186013,California
Monterey,2021-04-18,854,285480,263,123817,591,147474,0,14189,241,73317,609,112937,241,186254,California
Monterey,2021-04-19,3751,289231,1299,125116,2452,149926,0,14189,1779,73132,1964,114901,1779,188033,California
Monterey,2021-04-20,3880,293111,1603,126719,2277,152203,0,14189,1589,72455,2267,117168,1590,189623,California
Monterey,2021-04-21,6003,299114,3232,129951,2771,154974,0,14189,2893,72276,3074,120242,2895,192518,California
Monterey,2021-04-22,4878,303992,1058,131009,3820,158794,0,14189,2008,71456,2828,123070,2008,194526,California
Monterey,2021-04-23,5679,309671,2650,133659,3028,161822,1,14190,2244,70289,3417,126487,2250,196776,California
Monterey,2021-04-24,4327,313998,593,134252,3734,165556,0,14190,1563,69107,2745,129232,1563,198339,California
Monterey,2021-04-25,1248,315246,618,134870,630,166186,0,14190,797,69463,441,129673,797,199136,California
Monterey,2021-04-26,3632,318878,2207,137077,1408,167594,17,14207,943,67759,2664,132337,960,200096,California
Monterey,2021-04-27,2753,321631,923,138000,1704,169298,126,14333,1198,67531,1551,133888,1323,201419,California
Monterey,2021-04-28,3666,325297,1397,139397,2116,171414,153,14486,2270,68566,1383,135271,2418,203837,California
Monterey,2021-04-29,4568,329865,2461,141858,2032,173446,75,14561,1673,67432,2883,138154,1749,205586,California
Monterey,2021-04-30,3217,333082,1664,143522,1478,174924,75,14636,810,65918,2397,140551,883,206469,California
Monterey,2021-05-01,5650,338732,4260,147782,1349,176273,41,14677,681,61689,4949,145500,720,207189,California
Monterey,2021-05-02,4378,343110,3948,151730,403,176676,27,14704,315,57982,4049,149549,342,207531,California
Monterey,2021-05-03,2556,345666,1572,153302,867,177543,117,14821,597,56747,1949,151498,714,208245,California
Monterey,2021-05-04,1815,347481,624,153926,1101,178644,90,14911,647,56331,1154,152652,738,208983,California
Monterey,2021-05-05,3363,350844,1225,155151,2052,180696,86,14997,1065,55196,2287,154939,1152,210135,California
Monterey,2021-05-06,4203,355047,2762,157913,1221,181917,220,15217,1132,53491,3057,157996,1352,211487,California
Monterey,2021-05-07,2012,357059,990,158903,922,182839,100,15317,701,52988,1303,159299,800,212287,California
Monterey,2021-05-08,2614,359673,1379,160282,911,183750,324,15641,940,52584,1663,160962,1259,213546,California
Monterey,2021-05-09,405,360078,120,160402,259,184009,26,15667,146,52498,258,161220,172,213718,California
Monterey,2021-05-10,2610,362688,1869,162271,692,184701,49,15716,334,50617,2265,163485,384,214102,California
Monterey,2021-05-11,1790,364478,924,163195,801,185502,65,15781,741,50388,1036,164521,807,214909,California
Monterey,2021-05-12,3711,368189,1981,165176,1654,187156,76,15857,789,48343,2911,167432,866,215775,California
Monterey,2021-05-13,2310,370499,1317,166493,937,188093,56,15913,1272,48641,1028,168460,1326,217101,California
Monterey,2021-05-14,1780,372279,511,167004,1192,189285,77,15990,706,48358,1065,169525,782,217883,California
Monterey,2021-05-15,3035,375314,534,167538,2266,191551,235,16225,659,46885,2365,171890,892,218775,California
Monterey,2021-05-16,900,376214,546,168084,282,191833,72,16297,232,46526,662,172552,303,219078,California
Monterey,2021-05-17,2204,378418,1299,169383,826,192659,79,16376,1037,46487,1155,173707,1116,220194,California
Monterey,2021-05-18,1755,380173,684,170067,1026,193685,45,16421,811,46410,935,174642,858,221052,California
Monterey,2021-05-19,3635,383808,2364,172431,1183,194868,88,16509,1951,46774,1677,176319,2041,223093,California
Monterey,2021-05-20,2358,386166,843,173274,1406,196274,109,16618,759,46058,1586,177905,870,223963,California
Monterey,2021-05-21,2848,389014,1211,174485,1540,197814,97,16715,876,45069,1961,179866,972,224935,California
Monterey,2021-05-22,1724,390738,623,175108,823,198637,278,16993,649,44924,1070,180936,925,225860,California
Monterey,2021-05-23,553,391291,415,175523,122,198759,16,17009,390,45172,158,181094,406,226266,California
Monterey,2021-05-24,1679,392970,502,176025,1117,199876,60,17069,576,44710,1099,182193,637,226903,California
Monterey,2021-05-25,1437,394407,543,176568,825,200701,69,17138,587,44531,835,183028,656,227559,California
Monterey,2021-05-26,2606,397013,1037,177605,1515,202216,54,17192,1014,44026,1575,184603,1070,228629,California
Monterey,2021-05-27,2482,399495,1352,178957,1074,203290,56,17248,901,43420,1564,186167,958,229587,California
Monterey,2021-05-28,1735,401230,574,179531,1104,204394,57,17305,760,43275,963,187130,818,230405,California
Monterey,2021-05-29,977,402207,628,180159,319,204713,30,17335,413,43158,560,187690,443,230848,California
Monterey,2021-05-30,379,402586,161,180320,203,204916,15,17350,149,43093,229,187919,164,231012,California
Monterey,2021-05-31,184,402770,32,180352,143,205059,9,17359,54,43026,130,188049,63,231075,California
Monterey,2021-06-01,1716,404486,925,181277,659,205718,132,17491,711,42876,989,189038,839,231914,California
Monterey,2021-06-02,1637,406123,970,182247,617,206335,50,17541,713,42719,920,189958,763,232677,California
Monterey,2021-06-03,2015,408138,1219,183466,761,207096,35,17576,606,41959,1400,191358,640,233317,California
Monterey,2021-06-04,1311,409449,678,184144,602,207698,31,17607,560,41808,742,192100,591,233908,California
Monterey,2021-06-05,1229,410678,476,184620,610,208308,143,17750,356,41438,869,192969,499,234407,California
Monterey,2021-06-06,176,410854,165,184785,8,208316,3,17753,152,41568,24,192993,154,234561,California
Napa,2020-12-16,12,12,12,12,0,0,0,0,12,12,0,0,12,12,California
Napa,2020-12-17,47,59,47,59,0,0,0,0,47,59,0,0,47,59,California
Napa,2020-12-18,107,166,107,166,0,0,0,0,107,166,0,0,107,166,California
Napa,2020-12-19,221,387,221,387,0,0,0,0,221,387,0,0,221,387,California
Napa,2020-12-20,191,578,191,578,0,0,0,0,191,578,0,0,191,578,California
Napa,2020-12-21,314,892,314,892,0,0,0,0,315,893,0,0,315,893,California
Napa,2020-12-22,342,1234,333,1225,9,9,0,0,342,1235,0,0,342,1235,California
Napa,2020-12-23,436,1670,324,1549,112,121,0,0,436,1671,0,0,436,1671,California
Napa,2020-12-24,139,1809,77,1626,62,183,0,0,139,1810,0,0,139,1810,California
Napa,2020-12-25,1,1810,1,1627,0,183,0,0,1,1811,0,0,1,1811,California
Napa,2020-12-26,40,1850,11,1638,29,212,0,0,40,1851,0,0,40,1851,California
Napa,2020-12-27,32,1882,16,1654,16,228,0,0,32,1883,0,0,32,1883,California
Napa,2020-12-28,252,2134,185,1839,67,295,0,0,281,2164,0,0,281,2164,California
Napa,2020-12-29,272,2406,216,2055,56,351,0,0,305,2469,0,0,305,2469,California
Napa,2020-12-30,634,3040,489,2544,145,496,0,0,642,3111,0,0,642,3111,California
Napa,2020-12-31,459,3499,371,2915,88,584,0,0,459,3570,0,0,459,3570,California
Napa,2021-01-01,1,3500,1,2916,0,584,0,0,1,3571,0,0,1,3571,California
Napa,2021-01-02,98,3598,93,3009,5,589,0,0,98,3669,0,0,98,3669,California
Napa,2021-01-03,14,3612,12,3021,2,591,0,0,9,3678,0,0,9,3678,California
Napa,2021-01-04,105,3717,63,3084,42,633,0,0,105,3783,0,0,105,3783,California
Napa,2021-01-05,161,3878,85,3169,76,709,0,0,144,3903,24,24,144,3927,California
Napa,2021-01-06,463,4341,114,3283,349,1058,0,0,398,4238,63,87,398,4325,California
Napa,2021-01-07,499,4840,235,3518,264,1322,0,0,397,4534,101,188,397,4722,California
Napa,2021-01-08,448,5288,232,3750,216,1538,0,0,260,4607,187,375,260,4982,California
Napa,2021-01-09,328,5616,302,4052,26,1564,0,0,191,4661,137,512,191,5173,California
Napa,2021-01-10,185,5801,102,4154,83,1647,0,0,108,4692,77,589,108,5281,California
Napa,2021-01-11,880,6681,426,4580,454,2101,0,0,507,4827,374,963,509,5790,California
Napa,2021-01-12,1323,8004,377,4957,946,3047,0,0,1003,5510,320,1283,1003,6793,California
Napa,2021-01-13,1317,9321,268,5225,1049,4096,0,0,1153,6501,163,1446,1154,7947,California
Napa,2021-01-14,1051,10372,169,5394,882,4978,0,0,934,7320,115,1561,934,8881,California
Napa,2021-01-15,1464,11836,387,5781,1077,6055,0,0,1315,8479,157,1718,1316,10197,California
Napa,2021-01-16,355,12191,131,5912,224,6279,0,0,338,8800,17,1735,338,10535,California
Napa,2021-01-17,340,12531,176,6088,164,6443,0,0,330,9120,10,1745,330,10865,California
Napa,2021-01-18,1079,13610,197,6285,882,7325,0,0,988,10017,91,1836,988,11853,California
Napa,2021-01-19,1013,14623,410,6695,603,7928,0,0,766,10537,246,2082,766,12619,California
Napa,2021-01-20,832,15455,188,6883,644,8572,0,0,644,10995,186,2268,644,13263,California
Napa,2021-01-21,1327,16782,367,7250,960,9532,0,0,1073,11816,253,2521,1074,14337,California
Napa,2021-01-22,1547,18329,417,7667,1130,10662,0,0,1218,12707,328,2849,1219,15556,California
Napa,2021-01-23,398,18727,319,7986,79,10741,0,0,336,12981,62,2911,336,15892,California
Napa,2021-01-24,264,18991,186,8172,78,10819,0,0,206,13129,58,2969,206,16098,California
Napa,2021-01-25,1522,20513,229,8401,1293,12112,0,0,1433,14473,89,3058,1433,17531,California
Napa,2021-01-26,879,21392,284,8685,595,12707,0,0,787,15169,92,3150,788,18319,California
Napa,2021-01-27,627,22019,222,8907,405,13112,0,0,467,15476,161,3311,468,18787,California
Napa,2021-01-28,386,22405,176,9083,210,13322,0,0,195,15482,189,3500,195,18982,California
Napa,2021-01-29,260,22665,65,9148,195,13517,0,0,163,15548,97,3597,163,19145,California
Napa,2021-01-30,815,23480,703,9851,112,13629,0,0,646,16025,169,3766,646,19791,California
Napa,2021-01-31,692,24172,660,10511,32,13661,0,0,668,16669,24,3790,668,20459,California
Napa,2021-02-01,324,24496,114,10625,210,13871,0,0,165,16675,159,3949,165,20624,California
Napa,2021-02-02,612,25108,281,10906,331,14202,0,0,299,16664,310,4259,299,20923,California
Napa,2021-02-03,750,25858,311,11217,439,14641,0,0,432,16779,317,4576,432,21355,California
Napa,2021-02-04,783,26641,368,11585,415,15056,0,0,435,16868,346,4922,435,21790,California
Napa,2021-02-05,713,27354,311,11896,402,15458,0,0,341,16837,372,5294,341,22131,California
Napa,2021-02-06,437,27791,143,12039,294,15752,0,0,332,17064,105,5399,332,22463,California
Napa,2021-02-07,176,27967,163,12202,13,15765,0,0,69,17026,107,5506,69,22532,California
Napa,2021-02-08,834,28801,191,12393,643,16408,0,0,274,16742,558,6064,274,22806,California
Napa,2021-02-09,1085,29886,449,12842,636,17044,0,0,440,16538,644,6708,440,23246,California
Napa,2021-02-10,1725,31611,190,13032,1535,18579,0,0,451,15719,1271,7979,452,23698,California
Napa,2021-02-11,1490,33101,187,13219,1303,19882,0,0,402,15046,1075,9054,402,24100,California
Napa,2021-02-12,2156,35257,837,14056,1319,21201,0,0,717,14328,1435,10489,717,24817,California
Napa,2021-02-13,507,35764,54,14110,453,21654,0,0,320,14461,187,10676,320,25137,California
Napa,2021-02-14,344,36108,77,14187,267,21921,0,0,182,14481,162,10838,182,25319,California
Napa,2021-02-15,876,36984,182,14369,694,22615,0,0,224,14055,650,11488,224,25543,California
Napa,2021-02-16,1293,38277,599,14968,694,23309,0,0,618,14000,673,12161,618,26161,California
Napa,2021-02-17,1049,39326,529,15497,520,23829,0,0,478,13910,569,12730,479,26640,California
Napa,2021-02-18,1901,41227,481,15978,1420,25249,0,0,659,13330,1239,13969,659,27299,California
Napa,2021-02-19,1491,42718,584,16562,907,26156,0,0,678,13196,812,14781,678,27977,California
Napa,2021-02-20,865,43583,633,17195,232,26388,0,0,280,12891,585,15366,280,28257,California
Napa,2021-02-21,886,44469,817,18012,69,26457,0,0,191,12387,695,16061,191,28448,California
Napa,2021-02-22,477,44946,198,18210,279,26736,0,0,147,12204,330,16391,147,28595,California
Napa,2021-02-23,1153,46099,308,18518,845,27581,0,0,326,11703,827,17218,326,28921,California
Napa,2021-02-24,1172,47271,648,19166,524,28105,0,0,581,11695,589,17807,581,29502,California
Napa,2021-02-25,2586,49857,1247,20413,1339,29444,0,0,1875,12860,710,18517,1875,31377,California
Napa,2021-02-26,1550,51407,545,20958,1005,30449,0,0,615,12542,933,19450,615,31992,California
Napa,2021-02-27,1170,52577,426,21384,744,31193,0,0,912,13198,256,19706,912,32904,California
Napa,2021-02-28,725,53302,606,21990,119,31312,0,0,608,13691,115,19821,608,33512,California
Napa,2021-03-01,1172,54474,878,22868,294,31606,0,0,896,14312,275,20096,896,34408,California
Napa,2021-03-02,1510,55984,1051,23919,459,32065,0,0,1167,15137,342,20438,1167,35575,California
Napa,2021-03-03,1563,57547,689,24608,874,32939,0,0,1375,16325,187,20625,1375,36950,California
Napa,2021-03-04,1716,59263,788,25396,928,33867,0,0,1478,17568,235,20860,1478,38428,California
Napa,2021-03-05,1904,61167,785,26181,1115,34982,4,4,1489,18648,413,21273,1493,39921,California
Napa,2021-03-06,660,61827,290,26471,339,35321,31,35,548,19117,110,21383,579,40500,California
Napa,2021-03-07,522,62349,311,26782,196,35517,15,50,384,19379,137,21520,399,40899,California
Napa,2021-03-08,714,63063,335,27117,325,35842,54,104,538,19797,174,21694,592,41491,California
Napa,2021-03-09,1687,64750,611,27728,1030,36872,46,150,1249,20657,435,22129,1295,42786,California
Napa,2021-03-10,1501,66251,923,28651,484,37356,94,244,800,20851,697,22826,891,43677,California
Napa,2021-03-11,1887,68138,1064,29715,694,38050,129,373,994,21080,893,23719,1122,44799,California
Napa,2021-03-12,1507,69645,918,30633,497,38547,92,465,806,21279,699,24418,898,45697,California
Napa,2021-03-13,1182,70827,311,30944,846,39393,25,490,835,21794,345,24763,860,46557,California
Napa,2021-03-14,619,71446,334,31278,134,39527,151,641,209,21744,409,25172,359,46916,California
Napa,2021-03-15,956,72402,410,31688,476,40003,70,711,477,21814,477,25649,547,47463,California
Napa,2021-03-16,1848,74250,389,32077,1331,41334,128,839,1372,22842,473,26122,1501,48964,California
Napa,2021-03-17,2508,76758,1845,33922,484,41818,179,1018,1591,23696,916,27038,1770,50734,California
Napa,2021-03-18,2131,78889,942,34864,1176,42994,13,1031,1276,24133,852,27890,1289,52023,California
Napa,2021-03-19,1454,80343,880,35744,547,43541,27,1058,699,24107,752,28642,726,52749,California
Napa,2021-03-20,1011,81354,533,36277,324,43865,154,1212,382,24015,628,29270,536,53285,California
Napa,2021-03-21,710,82064,687,36964,20,43885,3,1215,217,23743,492,29762,220,53505,California
Napa,2021-03-22,1302,83366,1121,38085,169,44054,12,1227,440,23338,857,30619,452,53957,California
Napa,2021-03-23,1883,85249,1188,39273,678,44732,17,1244,996,23468,883,31502,1013,54970,California
Napa,2021-03-24,1704,86953,942,40215,754,45486,8,1252,811,23395,892,32394,819,55789,California
Napa,2021-03-25,1926,88879,1051,41266,821,46307,54,1306,762,23053,1158,33552,816,56605,California
Napa,2021-03-26,1312,90191,840,42106,466,46773,6,1312,589,22930,718,34270,595,57200,California
Napa,2021-03-27,938,91129,437,42543,474,47247,27,1339,296,22611,642,34912,323,57523,California
Napa,2021-03-28,490,91619,381,42924,102,47349,7,1346,178,22486,310,35222,185,57708,California
Napa,2021-03-29,1204,92823,875,43799,324,47673,5,1351,728,22744,475,35697,733,58441,California
Napa,2021-03-30,2743,95566,933,44732,1806,49479,4,1355,1919,23843,824,36521,1923,60364,California
Napa,2021-03-31,1985,97551,969,45701,947,50426,69,1424,812,23552,1170,37691,879,61243,California
Napa,2021-04-01,1758,99309,844,46545,798,51224,116,1540,485,22886,1266,38957,600,61843,California
Napa,2021-04-02,1867,101176,837,47382,888,52112,142,1682,476,22115,1388,40345,617,62460,California
Napa,2021-04-03,635,101811,371,47753,207,52319,57,1739,210,21957,424,40769,266,62726,California
Napa,2021-04-04,355,102166,142,47895,155,52474,58,1797,121,21903,233,41002,179,62905,California
Napa,2021-04-05,1271,103437,757,48652,296,52770,218,2015,570,21992,699,41701,788,63693,California
Napa,2021-04-06,2249,105686,560,49212,1428,54198,261,2276,520,21046,1726,43427,780,64473,California
Napa,2021-04-07,1749,107435,712,49924,817,55015,220,2496,526,20574,1217,44644,745,65218,California
Napa,2021-04-08,1866,109301,1065,50989,424,55439,377,2873,958,21005,903,45547,1334,66552,California
Napa,2021-04-09,1555,110856,934,51923,318,55757,303,3176,682,21118,871,46418,984,67536,California
Napa,2021-04-10,1040,111896,345,52268,595,56352,100,3276,241,20660,798,47216,340,67876,California
Napa,2021-04-11,386,112282,301,52569,62,56414,23,3299,159,20615,227,47443,182,68058,California
Napa,2021-04-12,790,113072,301,52870,364,56778,125,3424,290,20529,497,47940,411,68469,California
Napa,2021-04-13,2550,115622,853,53723,1697,58475,0,3424,929,19843,1616,49556,930,69399,California
Napa,2021-04-14,2082,117704,981,54704,1101,59576,0,3424,1010,19790,1064,50620,1011,70410,California
Napa,2021-04-15,2042,119746,524,55228,1518,61094,0,3424,870,19494,1166,51786,870,71280,California
Napa,2021-04-16,2921,122667,1594,56822,1327,62421,0,3424,2203,20981,716,52502,2203,73483,California
Napa,2021-04-17,1128,123795,270,57092,858,63279,0,3424,831,21516,296,52798,831,74314,California
Napa,2021-04-18,267,124062,173,57265,94,63373,0,3424,119,21487,148,52946,119,74433,California
Napa,2021-04-19,606,124668,337,57602,269,63642,0,3424,263,21408,342,53288,263,74696,California
Napa,2021-04-20,3046,127714,2070,59672,976,64618,0,3424,2094,22553,950,54238,2095,76791,California
Napa,2021-04-21,2934,130648,2169,61841,765,65383,0,3424,1865,23356,1063,55301,1866,78657,California
Napa,2021-04-22,1723,132371,1206,63047,517,65900,0,3424,837,23312,881,56182,837,79494,California
Napa,2021-04-23,1632,134003,1254,64301,376,66276,2,3426,1155,23994,473,56655,1155,80649,California
Napa,2021-04-24,559,134562,317,64618,242,66518,0,3426,283,24004,273,56928,283,80932,California
Napa,2021-04-25,247,134809,189,64807,58,66576,0,3426,129,24016,117,57045,129,81061,California
Napa,2021-04-26,525,135334,273,65080,252,66828,0,3426,272,24040,248,57293,272,81333,California
Napa,2021-04-27,1760,137094,447,65527,1301,68129,12,3438,601,23498,1155,58448,613,81946,California
Napa,2021-04-28,1008,138102,460,65987,531,68660,17,3455,341,23191,665,59113,358,82304,California
Napa,2021-04-29,707,138809,349,66336,339,68999,19,3474,250,23009,450,59563,268,82572,California
Napa,2021-04-30,607,139416,305,66641,237,69236,65,3539,249,22965,357,59920,313,82885,California
Napa,2021-05-01,321,139737,265,66906,45,69281,11,3550,120,22895,201,60121,131,83016,California
Napa,2021-05-02,240,139977,195,67101,39,69320,6,3556,100,22862,139,60260,106,83122,California
Napa,2021-05-03,621,140598,497,67598,89,69409,35,3591,103,22488,513,60773,139,83261,California
Napa,2021-05-04,1130,141728,717,68315,302,69711,111,3702,298,22069,828,61601,409,83670,California
Napa,2021-05-05,1013,142741,683,68998,294,70005,36,3738,253,21601,757,62358,289,83959,California
Napa,2021-05-06,713,143454,318,69316,372,70377,23,3761,368,21656,336,62694,391,84350,California
Napa,2021-05-07,1030,144484,807,70123,160,70537,63,3824,197,21100,815,63509,259,84609,California
Napa,2021-05-08,254,144738,163,70286,80,70617,11,3835,88,21034,165,63674,99,84708,California
Napa,2021-05-09,107,144845,76,70362,31,70648,0,3835,50,21027,57,63731,50,84758,California
Napa,2021-05-10,415,145260,141,70503,255,70903,19,3854,106,20844,308,64039,125,84883,California
Napa,2021-05-11,2169,147429,1789,72292,354,71257,26,3880,370,19447,1793,65832,396,85279,California
Napa,2021-05-12,2163,149592,1353,73645,755,72012,55,3935,298,17940,1860,67692,353,85632,California
Napa,2021-05-13,1820,151412,1131,74776,650,72662,39,3974,767,17700,1046,68738,806,86438,California
Napa,2021-05-14,1911,153323,1143,75919,682,73344,86,4060,511,16904,1394,70132,598,87036,California
Napa,2021-05-15,1051,154374,346,76265,694,74038,11,4071,261,16390,787,70919,273,87309,California
Napa,2021-05-16,240,154614,160,76425,78,74116,2,4073,67,16286,173,71092,69,87378,California
Napa,2021-05-17,877,155491,347,76772,500,74616,30,4103,304,16109,511,71603,334,87712,California
Napa,2021-05-18,1038,156529,545,77317,436,75052,57,4160,501,16135,532,72135,558,88270,California
Napa,2021-05-19,933,157462,551,77868,352,75404,30,4190,502,16238,428,72563,531,88801,California
Napa,2021-05-20,574,158036,382,78250,163,75567,29,4219,356,16405,218,72781,385,89186,California
Napa,2021-05-21,430,158466,213,78463,187,75754,30,4249,185,16375,245,73026,215,89401,California
Napa,2021-05-22,395,158861,219,78682,169,75923,7,4256,165,16318,230,73256,173,89574,California
Napa,2021-05-23,353,159214,321,79003,22,75945,10,4266,275,16525,78,73334,285,89859,California
Napa,2021-05-24,361,159575,178,79181,163,76108,20,4286,147,16479,213,73547,167,90026,California
Napa,2021-05-25,420,159995,174,79355,176,76284,70,4356,147,16423,273,73820,217,90243,California
Napa,2021-05-26,544,160539,353,79708,166,76450,25,4381,315,16537,226,74046,340,90583,California
Napa,2021-05-27,362,160901,157,79865,177,76627,28,4409,130,16463,232,74278,158,90741,California
Napa,2021-05-28,386,161287,199,80064,163,76790,24,4433,160,16423,222,74500,182,90923,California
Napa,2021-05-29,129,161416,79,80143,46,76836,4,4437,76,16451,52,74552,80,91003,California
Napa,2021-05-30,97,161513,60,80203,32,76868,5,4442,32,16424,64,74616,37,91040,California
Napa,2021-05-31,43,161556,17,80220,19,76887,7,4449,9,16406,34,74650,16,91056,California
Napa,2021-06-01,598,162154,310,80530,264,77151,24,4473,269,16375,323,74973,292,91348,California
Napa,2021-06-02,409,162563,240,80770,146,77297,23,4496,203,16397,204,75177,226,91574,California
Napa,2021-06-03,466,163029,362,81132,93,77390,11,4507,181,16305,283,75460,191,91765,California
Napa,2021-06-04,417,163446,264,81396,124,77514,29,4536,117,16153,298,75758,146,91911,California
Napa,2021-06-05,303,163749,245,81641,46,77560,12,4548,77,16016,226,75984,89,92000,California
Napa,2021-06-06,28,163777,17,81658,11,77571,0,4548,18,16024,10,75994,18,92018,California
Nevada,2020-12-16,3,3,3,3,0,0,0,0,3,3,0,0,3,3,California
Nevada,2020-12-17,6,9,6,9,0,0,0,0,6,9,0,0,6,9,California
Nevada,2020-12-18,58,67,58,67,0,0,0,0,58,67,0,0,58,67,California
Nevada,2020-12-19,55,122,55,122,0,0,0,0,55,122,0,0,55,122,California
Nevada,2020-12-20,14,136,14,136,0,0,0,0,14,136,0,0,14,136,California
Nevada,2020-12-21,70,206,70,206,0,0,0,0,70,206,0,0,70,206,California
Nevada,2020-12-22,90,296,88,294,2,2,0,0,90,296,0,0,90,296,California
Nevada,2020-12-23,240,536,208,502,32,34,0,0,240,536,0,0,240,536,California
Nevada,2020-12-24,13,549,11,513,2,36,0,0,13,549,0,0,13,549,California
Nevada,2020-12-25,3,552,3,516,0,36,0,0,3,552,0,0,3,552,California
Nevada,2020-12-26,6,558,4,520,2,38,0,0,6,558,0,0,6,558,California
Nevada,2020-12-27,90,648,90,610,0,38,0,0,90,648,0,0,90,648,California
Nevada,2020-12-28,173,821,93,703,80,118,0,0,173,821,0,0,173,821,California
Nevada,2020-12-29,98,919,72,775,26,144,0,0,98,919,0,0,98,919,California
Nevada,2020-12-30,89,1008,67,842,22,166,0,0,89,1008,0,0,89,1008,California
Nevada,2020-12-31,41,1049,8,850,33,199,0,0,41,1049,0,0,41,1049,California
Nevada,2021-01-01,2,1051,0,850,2,201,0,0,2,1051,0,0,2,1051,California
Nevada,2021-01-02,2,1053,1,851,1,202,0,0,2,1053,0,0,2,1053,California
Nevada,2021-01-03,131,1184,126,977,5,207,0,0,131,1184,0,0,131,1184,California
Nevada,2021-01-04,68,1252,43,1020,25,232,0,0,68,1252,0,0,68,1252,California
Nevada,2021-01-05,278,1530,131,1151,147,379,0,0,277,1528,1,1,277,1529,California
Nevada,2021-01-06,91,1621,43,1194,48,427,0,0,83,1603,8,9,83,1612,California
Nevada,2021-01-07,220,1841,44,1238,176,603,0,0,212,1809,7,16,213,1825,California
Nevada,2021-01-08,231,2072,132,1370,99,702,0,0,171,1921,60,76,172,1997,California
Nevada,2021-01-09,62,2134,55,1425,7,709,0,0,14,1887,48,124,14,2011,California
Nevada,2021-01-10,19,2153,10,1435,9,718,0,0,10,1888,9,133,10,2021,California
Nevada,2021-01-11,188,2341,133,1568,55,773,0,0,58,1816,130,263,58,2079,California
Nevada,2021-01-12,597,2938,449,2017,148,921,0,0,531,2281,66,329,531,2610,California
Nevada,2021-01-13,269,3207,151,2168,118,1039,0,0,131,2274,138,467,131,2741,California
Nevada,2021-01-14,238,3445,125,2293,113,1152,0,0,220,2477,17,484,220,2961,California
Nevada,2021-01-15,403,3848,171,2464,232,1384,0,0,303,2680,100,584,303,3264,California
Nevada,2021-01-16,315,4163,16,2480,299,1683,0,0,310,2985,5,589,310,3574,California
Nevada,2021-01-17,43,4206,38,2518,5,1688,0,0,41,3024,2,591,41,3615,California
Nevada,2021-01-18,157,4363,47,2565,110,1798,0,0,145,3157,12,603,145,3760,California
Nevada,2021-01-19,250,4613,90,2655,160,1958,0,0,228,3363,22,625,228,3988,California
Nevada,2021-01-20,275,4888,166,2821,109,2067,0,0,262,3612,13,638,262,4250,California
Nevada,2021-01-21,338,5226,202,3023,136,2203,0,0,325,3924,13,651,325,4575,California
Nevada,2021-01-22,377,5603,233,3256,144,2347,0,0,346,4239,31,682,346,4921,California
Nevada,2021-01-23,180,5783,105,3361,75,2422,0,0,180,4419,0,682,180,5101,California
Nevada,2021-01-24,109,5892,100,3461,9,2431,0,0,70,4450,39,721,70,5171,California
Nevada,2021-01-25,268,6160,135,3596,133,2564,0,0,204,4590,64,785,204,5375,California
Nevada,2021-01-26,410,6570,144,3740,266,2830,0,0,306,4792,104,889,306,5681,California
Nevada,2021-01-27,436,7006,259,3999,177,3007,0,0,412,5180,24,913,412,6093,California
Nevada,2021-01-28,483,7489,328,4327,155,3162,0,0,435,5568,47,960,435,6528,California
Nevada,2021-01-29,619,8108,401,4728,218,3380,0,0,590,6131,28,988,591,7119,California
Nevada,2021-01-30,243,8351,114,4842,129,3509,0,0,240,6368,3,991,240,7359,California
Nevada,2021-01-31,107,8458,89,4931,18,3527,0,0,103,6469,3,994,104,7463,California
Nevada,2021-02-01,293,8751,73,5004,220,3747,0,0,280,6736,13,1007,280,7743,California
Nevada,2021-02-02,531,9282,190,5194,341,4088,0,0,328,6861,203,1210,328,8071,California
Nevada,2021-02-03,817,10099,562,5756,255,4343,0,0,761,7567,55,1265,761,8832,California
Nevada,2021-02-04,757,10856,390,6146,367,4710,0,0,506,7823,250,1515,506,9338,California
Nevada,2021-02-05,677,11533,383,6529,294,5004,0,0,481,8110,194,1709,481,9819,California
Nevada,2021-02-06,280,11813,91,6620,189,5193,0,0,253,8336,27,1736,253,10072,California
Nevada,2021-02-07,282,12095,225,6845,57,5250,0,0,223,8500,59,1795,223,10295,California
Nevada,2021-02-08,673,12768,411,7256,262,5512,0,0,568,8963,105,1900,568,10863,California
Nevada,2021-02-09,623,13391,352,7608,271,5783,0,0,479,9298,144,2044,479,11342,California
Nevada,2021-02-10,663,14054,331,7939,332,6115,0,0,433,9502,230,2274,434,11776,California
Nevada,2021-02-11,897,14951,515,8454,382,6497,0,0,565,9736,331,2605,565,12341,California
Nevada,2021-02-12,973,15924,450,8904,523,7020,0,0,646,10058,324,2929,646,12987,California
Nevada,2021-02-13,634,16558,249,9153,385,7405,0,0,403,10235,227,3156,404,13391,California
Nevada,2021-02-14,238,16796,124,9277,114,7519,0,0,207,10411,31,3187,207,13598,California
Nevada,2021-02-15,732,17528,447,9724,285,7804,0,0,556,10791,176,3363,556,14154,California
Nevada,2021-02-16,643,18171,211,9935,432,8236,0,0,472,11093,170,3533,472,14626,California
Nevada,2021-02-17,1207,19378,784,10719,423,8659,0,0,867,11620,340,3873,867,15493,California
Nevada,2021-02-18,1027,20405,565,11284,462,9121,0,0,608,11811,417,4290,608,16101,California
Nevada,2021-02-19,1030,21435,644,11928,386,9507,0,0,658,12100,370,4660,659,16760,California
Nevada,2021-02-20,309,21744,111,12039,198,9705,0,0,176,12144,132,4792,176,16936,California
Nevada,2021-02-21,101,21845,93,12132,8,9713,0,0,7,12060,91,4883,7,16943,California
Nevada,2021-02-22,505,22350,340,12472,165,9878,0,0,355,12266,149,5032,355,17298,California
Nevada,2021-02-23,500,22850,242,12714,258,10136,0,0,225,12219,272,5304,225,17523,California
Nevada,2021-02-24,482,23332,245,12959,237,10373,0,0,252,12244,229,5533,254,17777,California
Nevada,2021-02-25,881,24213,481,13440,400,10773,0,0,441,12247,438,5971,441,18218,California
Nevada,2021-02-26,1275,25488,889,14329,386,11159,0,0,442,11859,830,6801,442,18660,California
Nevada,2021-02-27,384,25872,121,14450,263,11422,0,0,201,11877,183,6984,201,18861,California
Nevada,2021-02-28,313,26185,187,14637,126,11548,0,0,137,11839,175,7159,137,18998,California
Nevada,2021-03-01,850,27035,445,15082,405,11953,0,0,375,11741,473,7632,375,19373,California
Nevada,2021-03-02,761,27796,308,15390,453,12406,0,0,519,12023,237,7869,519,19892,California
Nevada,2021-03-03,995,28791,505,15895,489,12895,1,1,513,12057,481,8350,515,20407,California
Nevada,2021-03-04,1135,29926,628,16523,507,13402,0,1,482,11890,649,8999,482,20889,California
Nevada,2021-03-05,869,30795,492,17015,367,13769,10,11,387,11807,480,9479,397,21286,California
Nevada,2021-03-06,374,31169,130,17145,217,13986,27,38,147,11753,227,9706,173,21459,California
Nevada,2021-03-07,214,31383,111,17256,84,14070,19,57,71,11700,143,9849,90,21549,California
Nevada,2021-03-08,841,32224,564,17820,229,14299,48,105,378,11665,462,10311,427,21976,California
Nevada,2021-03-09,809,33033,411,18231,347,14646,51,156,465,11839,341,10652,515,22491,California
Nevada,2021-03-10,1025,34058,659,18890,308,14954,58,214,347,11570,673,11325,404,22895,California
Nevada,2021-03-11,1124,35182,730,19620,368,15322,26,240,554,11588,562,11887,580,23475,California
Nevada,2021-03-12,1219,36401,732,20352,457,15779,30,270,506,11414,709,12596,535,24010,California
Nevada,2021-03-13,295,36696,58,20410,232,16011,5,275,113,11351,180,12776,117,24127,California
Nevada,2021-03-14,158,36854,23,20433,130,16141,5,280,35,11268,123,12899,40,24167,California
Nevada,2021-03-15,869,37723,470,20903,387,16528,12,292,366,11146,500,13399,378,24545,California
Nevada,2021-03-16,1000,38723,468,21371,471,16999,61,353,642,11492,356,13755,702,25247,California
Nevada,2021-03-17,1030,39753,455,21826,565,17564,10,363,586,11647,441,14196,596,25843,California
Nevada,2021-03-18,1000,40753,548,22374,429,17993,23,386,490,11654,506,14702,513,26356,California
Nevada,2021-03-19,766,41519,450,22824,280,18273,36,422,365,11658,397,15099,401,26757,California
Nevada,2021-03-20,832,42351,94,22918,306,18579,432,854,232,11724,594,15693,660,27417,California
Nevada,2021-03-21,62,42413,33,22951,28,18607,1,855,43,11750,18,15711,44,27461,California
Nevada,2021-03-22,812,43225,523,23474,284,18891,5,860,540,12025,270,15981,545,28006,California
Nevada,2021-03-23,868,44093,396,23870,446,19337,26,886,625,12436,240,16221,651,28657,California
Nevada,2021-03-24,1025,45118,549,24419,469,19806,7,893,639,12703,378,16599,645,29302,California
Nevada,2021-03-25,924,46042,473,24892,426,20232,25,918,503,12811,419,17018,527,29829,California
Nevada,2021-03-26,1181,47223,453,25345,689,20921,39,957,836,13342,343,17361,874,30703,California
Nevada,2021-03-27,585,47808,72,25417,497,21418,16,973,390,13553,195,17556,406,31109,California
Nevada,2021-03-28,192,48000,51,25468,128,21546,13,986,38,13453,151,17707,51,31160,California
Nevada,2021-03-29,846,48846,509,25977,315,21861,22,1008,382,13395,461,18168,403,31563,California
Nevada,2021-03-30,1068,49914,486,26463,548,22409,34,1042,491,13351,569,18737,525,32088,California
Nevada,2021-03-31,1194,51108,666,27129,511,22920,17,1059,685,13552,500,19237,701,32789,California
Nevada,2021-04-01,1251,52359,728,27857,471,23391,52,1111,553,13468,689,19926,605,33394,California
Nevada,2021-04-02,1318,53677,667,28524,616,24007,35,1146,789,13767,525,20451,824,34218,California
Nevada,2021-04-03,297,53974,92,28616,168,24175,37,1183,86,13680,210,20661,123,34341,California
Nevada,2021-04-04,133,54107,45,28661,81,24256,7,1190,80,13714,53,20714,87,34428,California
Nevada,2021-04-05,947,55054,627,29288,298,24554,22,1212,626,14044,317,21031,647,35075,California
Nevada,2021-04-06,1088,56142,670,29958,273,24827,145,1357,444,13995,637,21668,588,35663,California
Nevada,2021-04-07,1167,57309,828,30786,252,25079,87,1444,624,14169,536,22204,710,36373,California
Nevada,2021-04-08,1304,58613,904,31690,313,25392,87,1531,711,14380,588,22792,799,37172,California
Nevada,2021-04-09,1266,59879,863,32553,330,25722,73,1604,844,14877,420,23212,917,38089,California
Nevada,2021-04-10,279,60158,79,32632,122,25844,78,1682,113,14903,165,23377,191,38280,California
Nevada,2021-04-11,101,60259,34,32666,63,25907,4,1686,39,14884,62,23439,43,38323,California
Nevada,2021-04-12,759,61018,548,33214,194,26101,17,1703,323,14793,431,23870,340,38663,California
Nevada,2021-04-13,900,61918,365,33579,535,26636,0,1703,472,14840,425,24295,472,39135,California
Nevada,2021-04-14,1057,62975,578,34157,479,27115,0,1703,533,14856,517,24812,533,39668,California
Nevada,2021-04-15,1095,64070,714,34871,381,27496,0,1703,629,15031,454,25266,629,40297,California
Nevada,2021-04-16,912,64982,704,35575,208,27704,0,1703,527,15174,384,25650,527,40824,California
Nevada,2021-04-17,196,65178,50,35625,146,27850,0,1703,83,15146,111,25761,83,40907,California
Nevada,2021-04-18,188,65366,22,35647,166,28016,0,1703,101,15160,87,25848,101,41008,California
Nevada,2021-04-19,776,66142,499,36146,277,28293,0,1703,315,15023,452,26300,315,41323,California
Nevada,2021-04-20,797,66939,315,36461,482,28775,0,1703,304,14840,487,26787,304,41627,California
Nevada,2021-04-21,911,67850,500,36961,411,29186,0,1703,278,14494,624,27411,278,41905,California
Nevada,2021-04-22,1005,68855,621,37582,384,29570,0,1703,343,14187,650,28061,343,42248,California
Nevada,2021-04-23,1232,70087,551,38133,681,30251,0,1703,398,13762,823,28884,398,42646,California
Nevada,2021-04-24,526,70613,75,38208,451,30702,0,1703,172,13582,352,29236,172,42818,California
Nevada,2021-04-25,120,70733,61,38269,54,30756,5,1708,55,13577,64,29300,59,42877,California
Nevada,2021-04-26,740,71473,559,38828,172,30928,9,1717,212,13280,518,29818,221,43098,California
Nevada,2021-04-27,812,72285,372,39200,435,31363,5,1722,414,13309,390,30208,419,43517,California
Nevada,2021-04-28,999,73284,586,39786,408,31771,5,1727,387,13094,607,30815,392,43909,California
Nevada,2021-04-29,1020,74304,714,40500,302,32073,4,1731,284,12648,734,31549,288,44197,California
Nevada,2021-04-30,1245,75549,733,41233,503,32576,9,1740,207,11828,1036,32585,216,44413,California
Nevada,2021-05-01,149,75698,63,41296,82,32658,4,1744,66,11817,81,32666,70,44483,California
Nevada,2021-05-02,62,75760,31,41327,27,32685,4,1748,21,11801,41,32707,25,44508,California
Nevada,2021-05-03,615,76375,413,41740,183,32868,19,1767,182,11572,429,33136,200,44708,California
Nevada,2021-05-04,594,76969,175,41915,401,33269,18,1785,334,11668,256,33392,352,45060,California
Nevada,2021-05-05,742,77711,385,42300,343,33612,14,1799,321,11591,412,33804,335,45395,California
Nevada,2021-05-06,812,78523,569,42869,232,33844,11,1810,201,11201,602,34406,212,45607,California
Nevada,2021-05-07,886,79409,494,43363,356,34200,36,1846,194,10744,687,35093,230,45837,California
Nevada,2021-05-08,178,79587,21,43384,137,34337,20,1866,83,10753,94,35187,103,45940,California
Nevada,2021-05-09,42,79629,7,43391,33,34370,2,1868,18,10749,24,35211,20,45960,California
Nevada,2021-05-10,398,80027,256,43647,117,34487,25,1893,76,10529,321,35532,101,46061,California
Nevada,2021-05-11,512,80539,155,43802,342,34829,15,1908,129,10298,375,35907,144,46205,California
Nevada,2021-05-12,531,81070,233,44035,287,35116,11,1919,151,10088,372,36279,162,46367,California
Nevada,2021-05-13,820,81890,544,44579,267,35383,9,1928,420,10125,392,36671,429,46796,California
Nevada,2021-05-14,777,82667,579,45158,181,35564,17,1945,427,10222,347,37018,444,47240,California
Nevada,2021-05-15,183,82850,86,45244,89,35653,8,1953,85,10218,97,37115,93,47333,California
Nevada,2021-05-16,153,83003,50,45294,103,35756,0,1953,52,10169,101,37216,52,47385,California
Nevada,2021-05-17,502,83505,319,45613,153,35909,30,1983,218,10144,273,37489,248,47633,California
Nevada,2021-05-18,417,83922,253,45866,159,36068,5,1988,222,10177,193,37682,226,47859,California
Nevada,2021-05-19,493,84415,353,46219,135,36203,5,1993,254,10206,230,37912,259,48118,California
Nevada,2021-05-20,566,84981,323,46542,232,36435,11,2004,197,10050,364,38276,208,48326,California
Nevada,2021-05-21,460,85441,293,46835,158,36593,9,2013,204,10011,252,38528,213,48539,California
Nevada,2021-05-22,215,85656,20,46855,106,36699,89,2102,41,9967,174,38702,130,48669,California
Nevada,2021-05-23,26,85682,5,46860,21,36720,0,2102,7,9956,18,38720,7,48676,California
Nevada,2021-05-24,313,85995,219,47079,79,36799,15,2117,108,9877,202,38922,123,48799,California
Nevada,2021-05-25,343,86338,83,47162,247,37046,13,2130,86,9724,252,39174,99,48898,California
Nevada,2021-05-26,430,86768,183,47345,240,37286,7,2137,118,9544,305,39479,125,49023,California
Nevada,2021-05-27,432,87200,230,47575,183,37469,19,2156,183,9501,245,39724,202,49225,California
Nevada,2021-05-28,342,87542,217,47792,114,37583,11,2167,200,9573,139,39863,211,49436,California
Nevada,2021-05-29,66,87608,12,47804,54,37637,0,2167,41,9589,25,39888,41,49477,California
Nevada,2021-05-30,38,87646,19,47823,17,37654,2,2169,25,9603,13,39901,27,49504,California
Nevada,2021-05-31,6,87652,4,47827,0,37654,2,2171,2,9603,4,39905,4,49508,California
Nevada,2021-06-01,394,88046,128,47955,257,37911,9,2180,101,9429,284,40189,110,49618,California
Nevada,2021-06-02,400,88446,163,48118,230,38141,7,2187,102,9247,291,40480,109,49727,California
Nevada,2021-06-03,564,89010,406,48524,153,38294,5,2192,106,8905,453,40933,111,49838,California
Nevada,2021-06-04,539,89549,430,48954,105,38399,4,2196,112,8598,423,41356,116,49954,California
Nevada,2021-06-05,160,89709,72,49026,86,38485,2,2198,58,8558,100,41456,60,50014,California
Nevada,2021-06-06,5,89714,5,49031,0,38485,0,2198,0,8553,5,41461,0,50014,California
Orange,2020-12-15,16,16,16,16,0,0,0,0,16,16,0,0,16,16,California
Orange,2020-12-16,390,406,390,406,0,0,0,0,390,406,0,0,390,406,California
Orange,2020-12-17,3741,4147,3741,4147,0,0,0,0,3740,4146,0,0,3740,4146,California
Orange,2020-12-18,5062,9209,5054,9201,8,8,0,0,5060,9205,1,1,5060,9206,California
Orange,2020-12-19,2225,11434,2218,11419,7,15,0,0,2224,11429,0,1,2224,11430,California
Orange,2020-12-20,1986,13420,1983,13402,3,18,0,0,1987,13416,0,1,1987,13417,California
Orange,2020-12-21,4269,17689,4263,17665,6,24,0,0,4269,17685,0,1,4269,17686,California
Orange,2020-12-22,3981,21670,3947,21612,34,58,0,0,3981,21666,0,1,3981,21667,California
Orange,2020-12-23,3586,25256,3219,24831,367,425,0,0,3588,25254,0,1,3588,25255,California
Orange,2020-12-24,1378,26634,1076,25907,302,727,0,0,1378,26632,0,1,1378,26633,California
Orange,2020-12-25,19,26653,14,25921,5,732,0,0,19,26651,0,1,19,26652,California
Orange,2020-12-26,997,27650,420,26341,577,1309,0,0,997,27648,0,1,997,27649,California
Orange,2020-12-27,584,28234,276,26617,308,1617,0,0,584,28232,0,1,584,28233,California
Orange,2020-12-28,3616,31850,2636,29253,980,2597,0,0,3616,31848,0,1,3616,31849,California
Orange,2020-12-29,3495,35345,2483,31736,1012,3609,0,0,3494,35341,1,2,3494,35343,California
Orange,2020-12-30,5120,40465,3541,35277,1579,5188,0,0,5120,40461,0,2,5120,40463,California
Orange,2020-12-31,1503,41968,804,36081,699,5887,0,0,1502,41962,1,3,1502,41965,California
Orange,2021-01-01,643,42611,352,36433,291,6178,0,0,641,42601,2,5,641,42606,California
Orange,2021-01-02,1357,43968,842,37275,515,6693,0,0,1357,43958,0,5,1357,43963,California
Orange,2021-01-03,583,44551,323,37598,260,6953,0,0,583,44541,0,5,583,44546,California
Orange,2021-01-04,2755,47306,1566,39164,1189,8142,0,0,2756,47296,1,6,2756,47302,California
Orange,2021-01-05,3541,50847,2305,41469,1236,9378,0,0,3128,50018,409,415,3131,50433,California
Orange,2021-01-06,4999,55846,3452,44921,1547,10925,0,0,3635,52301,1352,1767,3635,54068,California
Orange,2021-01-07,9283,65129,5177,50098,4106,15031,0,0,5698,54434,3571,5338,5704,59772,California
Orange,2021-01-08,9429,74558,5267,55365,4162,19193,0,0,5660,56340,3758,9096,5664,65436,California
Orange,2021-01-09,5028,79586,1746,57111,3282,22475,0,0,3746,58804,1282,10378,3746,69182,California
Orange,2021-01-10,4253,83839,1044,58155,3209,25684,0,0,3373,61302,879,11257,3377,72559,California
Orange,2021-01-11,9466,93305,4912,63067,4554,30238,0,0,5837,63508,3632,14889,5838,78397,California
Orange,2021-01-12,8938,102243,4831,67898,4107,34345,0,0,5465,65503,3471,18360,5466,83863,California
Orange,2021-01-13,10265,112508,4922,72820,5343,39688,0,0,7053,69355,3208,21568,7060,90923,California
Orange,2021-01-14,10002,122510,3785,76605,6217,45905,0,0,8407,76175,1593,23161,8413,99336,California
Orange,2021-01-15,10206,132716,2634,79239,7572,53477,0,0,9325,84617,889,24050,9331,108667,California
Orange,2021-01-16,8705,141421,2086,81325,6619,60096,0,0,8309,92536,395,24445,8314,116981,California
Orange,2021-01-17,8176,149597,1485,82810,6691,66787,0,0,8026,100422,150,24595,8036,125017,California
Orange,2021-01-18,9692,159289,4400,87210,5292,72079,0,0,7438,105609,2254,26849,7441,132458,California
Orange,2021-01-19,7529,166818,5454,92664,2075,74154,0,0,4896,107873,2633,29482,4897,137355,California
Orange,2021-01-20,8385,175203,5909,98573,2476,76630,0,0,5332,110160,3052,32534,5339,142694,California
Orange,2021-01-21,11022,186225,4902,103475,6120,82750,0,0,10197,119545,823,33357,10208,152902,California
Orange,2021-01-22,13708,199933,5167,108642,8541,91291,0,0,12844,131541,856,34213,12852,165754,California
Orange,2021-01-23,13152,213085,6187,114829,6965,98256,0,0,12218,142836,932,35145,12227,177981,California
Orange,2021-01-24,9827,222912,4294,119123,5533,103789,0,0,9494,152004,330,35475,9498,187479,California
Orange,2021-01-25,10465,233377,5870,124993,4595,108384,0,0,7722,156996,2735,38210,7727,195206,California
Orange,2021-01-26,11901,245278,7717,132710,4184,112568,0,0,9728,164559,2168,40378,9731,204937,California
Orange,2021-01-27,13493,258771,8018,140728,5475,118043,0,0,10777,172637,2704,43082,10782,215719,California
Orange,2021-01-28,13069,271840,7220,147948,5849,123892,0,0,11183,181957,1871,44953,11191,226910,California
Orange,2021-01-29,13666,285506,8475,156423,5191,129083,0,0,10765,189840,2885,47838,10768,237678,California
Orange,2021-01-30,12974,298480,4479,160902,8495,137578,0,0,12200,201284,759,48597,12203,249881,California
Orange,2021-01-31,13705,312185,4920,165822,8785,146363,0,0,13256,214105,443,49040,13264,263145,California
Orange,2021-02-01,14863,327048,6516,172338,8347,154710,0,0,12381,224035,2457,51497,12387,275532,California
Orange,2021-02-02,15046,342094,7973,180311,7073,161783,0,0,12574,234172,2441,53938,12578,288110,California
Orange,2021-02-03,16608,358702,12415,192726,4193,165976,0,0,13654,244957,2875,56813,13660,301770,California
Orange,2021-02-04,19958,378660,13063,205789,6895,172871,0,0,14849,254737,5077,61890,14857,316627,California
Orange,2021-02-05,20773,399433,12018,217807,8755,181626,0,0,14453,262919,6276,68166,14458,331085,California
Orange,2021-02-06,16401,415834,10843,228650,5558,187184,0,0,11120,268992,5266,73432,11339,342424,California
Orange,2021-02-07,11558,427392,8123,236773,3435,190619,0,0,7572,272763,3970,77402,7741,350165,California
Orange,2021-02-08,15065,442457,8676,245449,6389,197008,0,0,9026,275778,6012,83414,9027,359192,California
Orange,2021-02-09,17796,460253,12115,257564,5681,202689,0,0,10743,279547,6980,90394,10749,369941,California
Orange,2021-02-10,20915,481168,11180,268744,9735,212424,0,0,12696,284125,8127,98521,12705,382646,California
Orange,2021-02-11,22196,503364,11549,280293,10647,223071,0,0,12433,286946,9630,108151,12451,395097,California
Orange,2021-02-12,24897,528261,11997,292290,12900,235971,0,0,14640,291402,10190,118341,14646,409743,California
Orange,2021-02-13,22006,550267,11904,304194,10102,246073,0,0,11151,292494,10700,129041,11792,421535,California
Orange,2021-02-14,16186,566453,6539,310733,9647,255720,0,0,9541,295419,6617,135658,9542,431077,California
Orange,2021-02-15,17280,583733,7407,318140,9873,265593,0,0,8911,296018,8324,143982,8923,440000,California
Orange,2021-02-16,19991,603724,9003,327143,10988,276581,0,0,10769,297641,9170,153152,10793,450793,California
Orange,2021-02-17,17972,621696,9383,336526,8589,285170,0,0,9228,298210,8690,161842,9259,460052,California
Orange,2021-02-18,15072,636768,9890,346416,5182,290352,0,0,6809,296820,8209,170051,6819,466871,California
Orange,2021-02-19,18224,654992,10899,357315,7325,297677,0,0,6936,292534,11234,181285,6948,473819,California
Orange,2021-02-20,7542,662534,5627,362942,1915,299592,0,0,3790,292607,3728,185013,3801,477620,California
Orange,2021-02-21,4596,667130,3905,366847,691,300283,0,0,940,289932,3615,188628,940,478560,California
Orange,2021-02-22,9715,676845,7925,374772,1790,302073,0,0,3919,288103,5763,194391,3934,482494,California
Orange,2021-02-23,13361,690206,7327,382099,6034,308107,0,0,3508,281836,9787,204178,3520,486014,California
Orange,2021-02-24,21207,711413,12861,394960,8346,316453,0,0,5396,271509,15741,219919,5414,491428,California
Orange,2021-02-25,22748,734161,12321,407281,10427,326880,0,0,8004,264861,14668,234587,8020,499448,California
Orange,2021-02-26,27870,762031,14109,421390,13761,340641,0,0,11237,259624,16498,251085,11261,510709,California
Orange,2021-02-27,25151,787182,10228,431618,14920,355561,3,3,7332,249269,17705,268790,7350,518059,California
Orange,2021-02-28,19153,806335,7439,439057,11714,367275,0,3,4834,239926,14194,282984,4851,522910,California
Orange,2021-03-01,18662,824997,8528,447585,10123,377398,11,14,7231,235851,11331,294315,7256,530166,California
Orange,2021-03-02,19338,844335,9334,456919,10001,387399,3,17,9460,235520,9822,304137,9491,539657,California
Orange,2021-03-03,20808,865143,9829,466748,10974,398373,5,22,11161,237144,9562,313699,11186,550843,California
Orange,2021-03-04,22617,887760,13026,479774,9577,407950,14,36,11682,237972,10894,324593,11722,562565,California
Orange,2021-03-05,21118,908878,11027,490801,10044,417994,47,83,12961,242932,8109,332702,13069,575634,California
Orange,2021-03-06,24190,933068,13319,504120,9996,427990,875,958,12782,245249,11362,344064,13679,589313,California
Orange,2021-03-07,15275,948343,8580,512700,6284,434274,411,1369,8931,248309,6302,350366,9362,598675,California
Orange,2021-03-08,16780,965123,7734,520434,7731,442005,1315,2684,10777,254478,5949,356315,12118,610793,California
Orange,2021-03-09,21090,986213,9741,530175,8876,450881,2473,5157,12467,260834,8579,364894,14935,625728,California
Orange,2021-03-10,24805,1011018,12178,542353,9166,460047,3461,8618,12522,264592,12219,377113,15977,641705,California
Orange,2021-03-11,29097,1040115,15735,558088,9132,469179,4230,12848,13490,266797,15508,392621,17713,659418,California
Orange,2021-03-12,29450,1069565,14329,572417,11241,480420,3880,16728,14783,270901,14579,407200,18683,678101,California
Orange,2021-03-13,27886,1097451,10260,582677,13674,494094,3952,20680,14106,275237,13717,420917,18053,696154,California
Orange,2021-03-14,18934,1116385,8231,590908,8157,502251,2546,23226,11826,282519,7075,427992,14357,710511,California
Orange,2021-03-15,23114,1139499,10178,601086,12173,514424,763,23989,14412,289072,8613,436605,15166,725677,California
Orange,2021-03-16,26443,1165942,11178,612264,15037,529461,228,24217,17164,297272,9197,445802,17397,743074,California
Orange,2021-03-17,27406,1193348,13599,625863,13216,542677,591,24808,19478,309486,7851,453653,20065,763139,California
Orange,2021-03-18,27822,1221170,13980,639843,13565,556242,277,25085,21635,325282,6119,459772,21915,785054,California
Orange,2021-03-19,33643,1254813,18466,658309,14725,570967,452,25537,24960,342139,8566,468338,25423,810477,California
Orange,2021-03-20,25839,1280652,13607,671916,12024,582991,208,25745,22018,360617,3755,472093,22233,832710,California
Orange,2021-03-21,18555,1299207,10726,682642,7093,590084,736,26481,15751,374331,2772,474865,16486,849196,California
Orange,2021-03-22,22772,1321979,11787,694429,10664,600748,321,26802,19183,390351,3494,478359,19514,868710,California
Orange,2021-03-23,26058,1348037,13545,707974,11869,612617,644,27446,20685,406394,5291,483650,21334,890044,California
Orange,2021-03-24,29175,1377212,16298,724272,11951,624568,926,28372,21997,422234,7084,490734,22924,912968,California
Orange,2021-03-25,32483,1409695,17240,741512,14532,639100,711,29083,24252,439064,8133,498867,24963,937931,California
Orange,2021-03-26,34941,1444636,18141,759653,15934,655034,866,29949,24878,454866,9946,508813,25748,963679,California
Orange,2021-03-27,28522,1473158,13666,773319,14540,669574,316,30265,19787,466330,8640,517453,20104,983783,California
Orange,2021-03-28,24917,1498075,12943,786262,11906,681480,68,30333,18624,478811,6214,523667,18695,1002478,California
Orange,2021-03-29,26551,1524626,12157,798419,13828,695308,566,30899,17802,488530,8653,532320,18372,1020850,California
Orange,2021-03-30,30907,1555533,13968,812387,16308,711616,631,31530,20440,499225,10375,542695,21070,1041920,California
Orange,2021-03-31,37180,1592713,19519,831906,16950,728566,711,32241,23788,510451,13277,555972,24503,1066423,California
Orange,2021-04-01,40529,1633242,21279,853185,17372,745938,1878,34119,26163,524268,14211,570183,28028,1094451,California
Orange,2021-04-02,40197,1673439,20291,873476,18088,764026,1818,35937,22724,531450,17364,587547,24546,1118997,California
Orange,2021-04-03,30226,1703665,15734,889210,12746,776772,1746,37683,14279,531598,15868,603415,16016,1135013,California
Orange,2021-04-04,18472,1722137,10734,899944,6972,783744,766,38449,8162,530271,10251,613666,8924,1143937,California
Orange,2021-04-05,30040,1752177,14032,913976,12607,796351,3401,41850,13807,531312,16151,629817,17192,1161129,California
Orange,2021-04-06,33459,1785636,15648,929624,14376,810727,3435,45285,14356,530074,19009,648826,17771,1178900,California
Orange,2021-04-07,36193,1821829,20148,949772,11458,822185,4587,49872,15971,530465,20134,668960,20525,1199425,California
Orange,2021-04-08,39224,1861053,21706,971478,12038,834223,5480,55352,19020,534842,20090,689050,24467,1223892,California
Orange,2021-04-09,41070,1902123,23887,995365,11950,846173,5233,60585,18163,535400,22808,711858,23366,1247258,California
Orange,2021-04-10,34610,1936733,18316,1013681,12050,858223,4244,64829,14341,533780,20176,732034,18556,1265814,California
Orange,2021-04-11,25767,1962500,14587,1028268,7910,866133,3270,68099,9877,531074,15836,747870,13130,1278944,California
Orange,2021-04-12,30618,1993118,15486,1043754,11539,877672,3593,71692,12041,528181,18505,766375,15612,1294556,California
Orange,2021-04-13,32384,2025502,18245,1061999,14071,891743,68,71760,15075,526083,17239,783614,15141,1309697,California
Orange,2021-04-14,34748,2060250,20378,1082377,14336,906079,34,71794,15186,521907,19462,803076,15286,1324983,California
Orange,2021-04-15,40363,2100613,24590,1106967,15759,921838,14,71808,18756,519267,21497,824573,18857,1343840,California
Orange,2021-04-16,41287,2141900,24266,1131233,16993,938831,28,71836,18623,515372,22552,847125,18657,1362497,California
Orange,2021-04-17,30234,2172134,17121,1148354,13108,951939,5,71841,13228,511727,16882,864007,13237,1375734,California
Orange,2021-04-18,21470,2193604,12999,1161353,8471,960410,0,71841,8481,507276,12936,876943,8485,1384219,California
Orange,2021-04-19,32447,2226051,17928,1179281,14517,974927,2,71843,14909,504750,17442,894385,14916,1399135,California
Orange,2021-04-20,35206,2261257,18284,1197565,16916,991843,6,71849,17619,504874,17501,911886,17625,1416760,California
Orange,2021-04-21,40690,2301947,23451,1221016,17230,1009073,9,71858,19302,502910,21277,933163,19313,1436073,California
Orange,2021-04-22,39257,2341204,20721,1241737,18527,1027600,9,71867,16322,496438,22807,955970,16335,1452408,California
Orange,2021-04-23,40162,2381366,20786,1262523,19369,1046969,7,71874,17927,492258,22118,978088,17938,1470346,California
Orange,2021-04-24,31973,2413339,16711,1279234,15228,1062197,34,71908,13398,487202,18491,996579,13435,1483781,California
Orange,2021-04-25,22942,2436281,12947,1292181,9981,1072178,14,71922,9799,483939,13081,1009660,9818,1493599,California
Orange,2021-04-26,27261,2463542,13315,1305496,13749,1085927,197,72119,11909,480796,15247,1024907,12104,1505703,California
Orange,2021-04-27,29938,2493480,14018,1319514,15354,1101281,566,72685,11414,474414,18367,1043274,11985,1517688,California
Orange,2021-04-28,30859,2524339,15458,1334972,14523,1115804,878,73563,12386,469323,18350,1061624,13259,1530947,California
Orange,2021-04-29,31879,2556218,17411,1352383,13506,1129310,962,74525,11330,461156,20450,1082074,12283,1543230,California
Orange,2021-04-30,29808,2586026,17009,1369392,11858,1141168,941,75466,12678,457736,17033,1099107,13613,1556843,California
Orange,2021-05-01,22638,2608664,15481,1384873,6171,1147339,986,76452,8710,453591,13830,1112937,9685,1566528,California
Orange,2021-05-02,15390,2624054,10238,1395111,4507,1151846,645,77097,5369,449645,9955,1122892,6009,1572537,California
Orange,2021-05-03,20573,2644627,12561,1407672,7255,1159101,757,77854,6474,442855,14020,1136912,7230,1579767,California
Orange,2021-05-04,23599,2668226,13465,1421137,9225,1168326,909,78763,8172,436598,15323,1152235,9066,1588833,California
Orange,2021-05-05,24728,2692954,13797,1434934,10036,1178362,895,79658,8009,428907,16594,1168829,8903,1597736,California
Orange,2021-05-06,26385,2719339,15959,1450893,9424,1187786,1002,80660,7280,418205,18977,1187806,8275,1606011,California
Orange,2021-05-07,28385,2747724,16864,1467757,10474,1198260,1047,81707,8023,407114,20157,1207963,9066,1615077,California
Orange,2021-05-08,18367,2766091,12135,1479892,5457,1203717,775,82482,5403,400437,12849,1220812,6172,1621249,California
Orange,2021-05-09,10957,2777048,8333,1488225,2253,1205970,371,82853,2877,395653,8032,1228844,3248,1624497,California
Orange,2021-05-10,18983,2796031,11559,1499784,6653,1212623,771,83624,4267,386065,14625,1243469,5037,1629534,California
Orange,2021-05-11,21227,2817258,11708,1511492,8845,1221468,674,84298,5029,375661,16102,1259571,5698,1635232,California
Orange,2021-05-12,22521,2839779,13845,1525337,7921,1229389,755,85053,6265,366543,16138,1275709,7020,1642252,California
Orange,2021-05-13,19856,2859635,12094,1537431,7228,1236617,534,85587,7187,361696,12569,1288278,7722,1649974,California
Orange,2021-05-14,25633,2885268,16732,1554163,8099,1244716,802,86389,10400,357756,15134,1303412,11194,1661168,California
Orange,2021-05-15,19875,2905143,14335,1568498,4991,1249707,549,86938,8025,354534,11793,1315205,8571,1669739,California
Orange,2021-05-16,15091,2920234,12401,1580899,2349,1252056,341,87279,6489,352811,8551,1323756,6828,1676567,California
Orange,2021-05-17,19289,2939523,12636,1593535,5955,1258011,698,87977,7116,348502,12112,1335868,7803,1684370,California
Orange,2021-05-18,20399,2959922,11910,1605445,7821,1265832,668,88645,8263,345375,12048,1347916,8921,1693291,California
Orange,2021-05-19,22415,2982337,12814,1618259,8933,1274765,668,89313,7971,339677,14330,1362246,8632,1701923,California
Orange,2021-05-20,18163,3000500,10423,1628682,7154,1281919,586,89899,6175,334536,11901,1374147,6760,1708683,California
Orange,2021-05-21,21169,3021669,11830,1640512,8711,1290630,628,90527,6787,327656,14296,1388443,7416,1716099,California
Orange,2021-05-22,14305,3035974,9687,1650199,4155,1294785,463,90990,5534,324944,8708,1397151,5996,1722095,California
Orange,2021-05-23,6741,3042715,4781,1654980,1750,1296535,210,91200,2306,323050,4409,1401560,2515,1724610,California
Orange,2021-05-24,15327,3058042,9002,1663982,5708,1302243,617,91817,5796,320012,9445,1411005,6407,1731017,California
Orange,2021-05-25,15586,3073628,9185,1673167,5885,1308128,516,92333,5747,316537,9733,1420738,6258,1737275,California
Orange,2021-05-26,15172,3088800,8510,1681677,6173,1314301,489,92822,5726,313384,9365,1430103,6212,1743487,California
Orange,2021-05-27,14341,3103141,8624,1690301,5165,1319466,552,93374,6396,312435,7880,1437983,6931,1750418,California
Orange,2021-05-28,16628,3119769,9827,1700128,6178,1325644,623,93997,7375,311260,9164,1447147,7989,1758407,California
Orange,2021-05-29,8929,3128698,5230,1705358,3343,1328987,356,94353,4131,310996,4745,1451892,4481,1762888,California
Orange,2021-05-30,5975,3134673,3881,1709239,1820,1330807,274,94627,2163,309652,3778,1455670,2434,1765322,California
Orange,2021-05-31,1700,3136373,1049,1710288,605,1331412,46,94673,555,309121,1132,1456802,601,1765923,California
Orange,2021-06-01,13316,3149689,7711,1717999,5120,1336532,485,95158,5268,306918,7951,1464753,5748,1771671,California
Orange,2021-06-02,12932,3162621,8014,1726013,4505,1341037,413,95571,4759,304053,8032,1472785,5167,1776838,California
Orange,2021-06-03,12740,3175361,8820,1734833,3474,1344511,446,96017,4984,301781,7695,1480480,5423,1782261,California
Orange,2021-06-04,16464,3191825,11639,1746472,4269,1348780,556,96573,5235,296416,11154,1491634,5789,1788050,California
Orange,2021-06-05,12569,3204394,9486,1755958,2705,1351485,378,96951,3859,291986,8662,1500296,4232,1792282,California
Orange,2021-06-06,1651,3206045,1377,1757335,197,1351682,77,97028,606,291634,1035,1501331,683,1792965,California
Placer,2020-12-15,29,29,29,29,0,0,0,0,29,29,0,0,29,29,California
Placer,2020-12-16,55,84,55,84,0,0,0,0,55,84,0,0,55,84,California
Placer,2020-12-17,149,233,149,233,0,0,0,0,149,233,0,0,149,233,California
Placer,2020-12-18,422,655,422,655,0,0,0,0,422,655,0,0,422,655,California
Placer,2020-12-19,253,908,253,908,0,0,0,0,253,908,0,0,253,908,California
Placer,2020-12-20,231,1139,231,1139,0,0,0,0,231,1139,0,0,231,1139,California
Placer,2020-12-21,499,1638,497,1636,2,2,0,0,499,1638,0,0,499,1638,California
Placer,2020-12-22,679,2317,672,2308,7,9,0,0,679,2317,0,0,679,2317,California
Placer,2020-12-23,753,3070,666,2974,87,96,0,0,753,3070,0,0,753,3070,California
Placer,2020-12-24,410,3480,358,3332,52,148,0,0,410,3480,0,0,410,3480,California
Placer,2020-12-26,162,3642,117,3449,45,193,0,0,162,3642,0,0,162,3642,California
Placer,2020-12-27,183,3825,161,3610,22,215,0,0,183,3825,0,0,183,3825,California
Placer,2020-12-28,672,4497,548,4158,124,339,0,0,672,4497,0,0,672,4497,California
Placer,2020-12-29,769,5266,520,4678,249,588,0,0,769,5266,0,0,769,5266,California
Placer,2020-12-30,727,5993,455,5133,272,860,0,0,726,5992,0,0,726,5992,California
Placer,2020-12-31,540,6533,354,5487,186,1046,0,0,540,6532,0,0,540,6532,California
Placer,2021-01-01,15,6548,11,5498,4,1050,0,0,15,6547,0,0,15,6547,California
Placer,2021-01-02,187,6735,155,5653,32,1082,0,0,187,6734,0,0,187,6734,California
Placer,2021-01-03,153,6888,78,5731,75,1157,0,0,153,6887,0,0,153,6887,California
Placer,2021-01-04,628,7516,187,5918,441,1598,0,0,625,7509,3,3,625,7512,California
Placer,2021-01-05,729,8245,159,6077,570,2168,0,0,642,8066,86,89,643,8155,California
Placer,2021-01-06,763,9008,245,6322,518,2686,0,0,613,8529,150,239,613,8768,California
Placer,2021-01-07,982,9990,369,6691,613,3299,0,0,755,9057,227,466,755,9523,California
Placer,2021-01-08,1180,11170,527,7218,653,3952,0,0,792,9464,385,851,792,10315,California
Placer,2021-01-09,456,11626,325,7543,131,4083,0,0,236,9481,219,1070,236,10551,California
Placer,2021-01-10,333,11959,187,7730,146,4229,0,0,165,9478,168,1238,165,10716,California
Placer,2021-01-11,1431,13390,809,8539,622,4851,0,0,839,9726,592,1830,840,11556,California
Placer,2021-01-12,1657,15047,876,9415,781,5632,0,0,1055,10179,602,2432,1055,12611,California
Placer,2021-01-13,1631,16678,819,10234,812,6444,0,0,1208,10969,421,2853,1211,13822,California
Placer,2021-01-14,1804,18482,679,10913,1125,7569,0,0,1429,12027,372,3225,1430,15252,California
Placer,2021-01-15,1937,20419,726,11639,1211,8780,0,0,1582,13256,354,3579,1583,16835,California
Placer,2021-01-16,1446,21865,714,12353,732,9512,0,0,1325,14461,121,3700,1326,18161,California
Placer,2021-01-17,569,22434,397,12750,172,9684,0,0,431,14754,138,3838,431,18592,California
Placer,2021-01-18,993,23427,554,13304,439,10123,0,0,750,15262,243,4081,751,19343,California
Placer,2021-01-19,2639,26066,1973,15277,666,10789,0,0,2180,16984,459,4540,2181,21524,California
Placer,2021-01-20,2284,28350,1712,16989,572,11361,0,0,1948,18597,336,4876,1949,23473,California
Placer,2021-01-21,2577,30927,1133,18122,1444,12805,0,0,2183,20388,393,5269,2184,25657,California
Placer,2021-01-22,2348,33275,646,18768,1702,14507,0,0,2172,22387,174,5443,2173,27830,California
Placer,2021-01-23,1186,34461,382,19150,804,15311,0,0,1028,23257,158,5601,1028,28858,California
Placer,2021-01-24,500,34961,257,19407,243,15554,0,0,427,23612,73,5674,428,29286,California
Placer,2021-01-25,1680,36641,812,20219,868,16422,0,0,1386,24705,294,5968,1387,30673,California
Placer,2021-01-26,1866,38507,1038,21257,828,17250,0,0,1602,26043,264,6232,1602,32275,California
Placer,2021-01-27,1839,40346,1154,22411,685,17935,0,0,1590,27387,247,6479,1591,33866,California
Placer,2021-01-28,1804,42150,1115,23526,689,18624,0,0,1557,28699,245,6724,1557,35423,California
Placer,2021-01-29,1891,44041,1168,24694,723,19347,0,0,1696,30203,194,6918,1698,37121,California
Placer,2021-01-30,1713,45754,969,25663,744,20091,0,0,1592,31675,120,7038,1592,38713,California
Placer,2021-01-31,784,46538,625,26288,159,20250,0,0,713,32318,71,7109,714,39427,California
Placer,2021-02-01,2072,48610,1089,27377,983,21233,0,0,1756,33759,315,7424,1756,41183,California
Placer,2021-02-02,2394,51004,1541,28918,853,22086,0,0,1893,35154,498,7922,1893,43076,California
Placer,2021-02-03,2926,53930,1889,30807,1037,23123,0,0,2299,36830,623,8545,2299,45375,California
Placer,2021-02-04,2738,56668,1187,31994,1551,24674,0,0,1910,37917,824,9369,1911,47286,California
Placer,2021-02-05,2711,59379,1207,33201,1504,26178,0,0,1378,37967,1328,10697,1378,48664,California
Placer,2021-02-06,1949,61328,1313,34514,636,26814,0,0,1402,38822,547,11244,1402,50066,California
Placer,2021-02-07,1194,62522,882,35396,312,27126,0,0,909,39447,284,11528,909,50975,California
Placer,2021-02-08,3300,65822,1770,37166,1530,28656,0,0,1939,40033,1354,12882,1940,52915,California
Placer,2021-02-09,3544,69366,2178,39344,1366,30022,0,0,1627,39746,1914,14796,1627,54542,California
Placer,2021-02-10,3762,73128,2206,41550,1556,31578,0,0,1753,39495,2006,16802,1755,56297,California
Placer,2021-02-11,3701,76829,1912,43462,1789,33367,0,0,1566,38940,2122,18924,1567,57864,California
Placer,2021-02-12,2842,79671,1323,44785,1519,34886,0,0,1658,39452,1147,20071,1659,59523,California
Placer,2021-02-13,2510,82181,1463,46248,1047,35933,0,0,1883,40708,627,20698,1883,61406,California
Placer,2021-02-14,1088,83269,681,46929,407,36340,0,0,739,41100,347,21045,739,62145,California
Placer,2021-02-15,2239,85508,1037,47966,1202,37542,0,0,1522,41907,717,21762,1524,63669,California
Placer,2021-02-16,3577,89085,1783,49749,1794,39336,0,0,1582,41504,1986,23748,1583,65252,California
Placer,2021-02-17,3541,92626,1960,51709,1581,40917,0,0,1508,40983,2029,25777,1508,66760,California
Placer,2021-02-18,3816,96442,2061,53770,1755,42672,0,0,1630,40437,2177,27954,1631,68391,California
Placer,2021-02-19,3627,100069,1936,55706,1691,44363,0,0,1354,39524,2268,30222,1355,69746,California
Placer,2021-02-20,2032,102101,1276,56982,756,45119,0,0,921,39343,1105,31327,924,70670,California
Placer,2021-02-21,991,103092,731,57713,260,45379,0,0,286,38928,702,32029,287,70957,California
Placer,2021-02-22,2550,105642,1790,59503,760,46139,0,0,618,37614,1932,33961,618,71575,California
Placer,2021-02-23,2573,108215,1599,61102,974,47113,0,0,889,36820,1683,35644,889,72464,California
Placer,2021-02-24,3326,111541,1191,62293,2135,49248,0,0,1826,37157,1491,37135,1828,74292,California
Placer,2021-02-25,3741,115282,1545,63838,2196,51444,0,0,2055,37536,1678,38813,2057,76349,California
Placer,2021-02-26,4251,119533,2452,66290,1799,53243,0,0,2458,38205,1789,40602,2458,78807,California
Placer,2021-02-27,2872,122405,1518,67808,1354,54597,0,0,1479,38300,1387,41989,1482,80289,California
Placer,2021-02-28,1560,123965,854,68662,706,55303,0,0,728,38201,827,42816,728,81017,California
Placer,2021-03-01,3184,127149,2122,70784,1062,56365,0,0,1620,38264,1557,44373,1620,82637,California
Placer,2021-03-02,2871,130020,1768,72552,1103,57468,0,0,1878,39154,988,45361,1878,84515,California
Placer,2021-03-03,3336,133356,1438,73990,1898,59366,0,0,1821,39467,1509,46870,1822,86337,California
Placer,2021-03-04,3607,136963,1453,75443,2154,61520,0,0,1882,39637,1713,48583,1883,88220,California
Placer,2021-03-05,2993,139956,1030,76473,1942,63462,21,21,1806,40280,1184,49767,1827,90047,California
Placer,2021-03-06,2431,142387,1504,77977,830,64292,97,118,935,39824,1488,51255,1032,91079,California
Placer,2021-03-07,1311,143698,761,78738,512,64804,38,156,538,39630,770,52025,576,91655,California
Placer,2021-03-08,2896,146594,1820,80558,964,65768,112,268,1644,40136,1250,53275,1756,93411,California
Placer,2021-03-09,3175,149769,1693,82251,1393,67161,89,357,1828,40708,1345,54620,1917,95328,California
Placer,2021-03-10,3302,153071,1334,83585,1863,69024,105,462,1728,40973,1568,56188,1833,97161,California
Placer,2021-03-11,3655,156726,1665,85250,1864,70888,126,588,1754,40964,1891,58079,1882,99043,California
Placer,2021-03-12,3707,160433,1504,86754,1417,72305,786,1374,1256,40562,2445,60524,2043,101086,California
Placer,2021-03-13,2127,162560,741,87495,1262,73567,124,1498,1109,40780,1015,61539,1233,102319,California
Placer,2021-03-14,1656,164216,680,88175,825,74392,151,1649,899,41073,757,62296,1050,103369,California
Placer,2021-03-15,3192,167408,1542,89717,1521,75913,129,1778,1760,41535,1428,63724,1890,105259,California
Placer,2021-03-16,3594,171002,1929,91646,1531,77444,134,1912,2282,42650,1300,65024,2415,107674,California
Placer,2021-03-17,3455,174457,1745,93391,1606,79050,104,2016,2220,43743,1232,66256,2325,109999,California
Placer,2021-03-18,4102,178559,2330,95721,1731,80781,41,2057,2856,45400,1239,67495,2896,112895,California
Placer,2021-03-19,3445,182004,2064,97785,1114,81895,267,2324,2146,46520,1291,68786,2411,115306,California
Placer,2021-03-20,2145,184149,904,98689,1146,83041,95,2419,1305,47084,835,69621,1399,116705,California
Placer,2021-03-21,1266,185415,579,99268,677,83718,10,2429,881,47593,382,70003,891,117596,California
Placer,2021-03-22,3291,188706,2112,101380,1087,84805,92,2521,2134,48666,1153,71156,2226,119822,California
Placer,2021-03-23,3542,192248,2103,103483,1350,86155,89,2610,2524,50267,1013,72169,2614,122436,California
Placer,2021-03-24,3812,196060,2005,105488,1710,87865,97,2707,1947,50467,1844,74013,2044,124480,California
Placer,2021-03-25,3861,199921,1858,107346,1904,89769,99,2806,1727,50169,2123,76136,1825,126305,California
Placer,2021-03-26,3764,203685,1666,109012,1864,91633,234,3040,1503,49660,2246,78382,1737,128042,California
Placer,2021-03-27,1577,205262,465,109477,1093,92726,19,3059,605,49319,965,79347,624,128666,California
Placer,2021-03-28,1099,206361,528,110005,562,93288,9,3068,305,48844,789,80136,314,128980,California
Placer,2021-03-29,3560,209921,1992,111997,1534,94822,34,3102,1725,48780,1826,81962,1762,130742,California
Placer,2021-03-30,3979,213900,2099,114096,1837,96659,43,3145,2082,49021,1883,83845,2124,132866,California
Placer,2021-03-31,4104,218004,1834,115930,2196,98855,74,3219,1691,48379,2406,86251,1764,134630,California
Placer,2021-04-01,2987,220991,1440,117370,1499,100354,48,3267,1660,48765,1322,87573,1708,136338,California
Placer,2021-04-02,2836,223827,1465,118835,1306,101660,65,3332,1576,49152,1253,88826,1640,137978,California
Placer,2021-04-03,1845,225672,986,119821,731,102391,128,3460,886,49213,951,89777,1012,138990,California
Placer,2021-04-04,708,226380,360,120181,295,102686,53,3513,281,49123,424,90201,334,139324,California
Placer,2021-04-05,3022,229402,1912,122093,927,103613,183,3696,1754,49797,1262,91463,1936,141260,California
Placer,2021-04-06,4290,233692,2487,124580,1502,105115,301,3997,1519,48853,2763,94226,1819,143079,California
Placer,2021-04-07,4550,238242,2598,127178,1497,106612,455,4452,2072,48905,2471,96697,2523,145602,California
Placer,2021-04-08,4726,242968,2610,129788,1575,108187,541,4993,1586,47902,3129,99826,2126,147728,California
Placer,2021-04-09,4133,247101,2274,132062,1238,109425,621,5614,1245,46890,2880,102706,1868,149596,California
Placer,2021-04-10,2037,249138,888,132950,967,110392,182,5796,864,46765,1170,103876,1045,150641,California
Placer,2021-04-11,1368,250506,532,133482,803,111195,33,5829,461,46355,903,104779,493,151134,California
Placer,2021-04-12,4109,254615,2648,136130,1077,112272,384,6213,2474,47586,1626,106405,2857,153991,California
Placer,2021-04-13,4359,258974,2998,139128,1360,113632,1,6214,2204,47641,2151,108556,2206,156197,California
Placer,2021-04-14,4151,263125,2573,141701,1577,115209,1,6215,1854,47209,2287,110843,1855,158052,California
Placer,2021-04-15,4489,267614,2510,144211,1978,117187,1,6216,2338,47408,2140,112983,2339,160391,California
Placer,2021-04-16,3663,271277,2176,146387,1487,118674,0,6216,1421,46593,2236,115219,1421,161812,California
Placer,2021-04-17,2423,273700,843,147230,1580,120254,0,6216,1515,47205,903,116122,1515,163327,California
Placer,2021-04-18,1188,274888,255,147485,933,121187,0,6216,412,46843,774,116896,412,163739,California
Placer,2021-04-19,2928,277816,1797,149282,1131,122318,0,6216,1157,46233,1768,118664,1158,164897,California
Placer,2021-04-20,3814,281630,2467,151749,1347,123665,0,6216,2425,47278,1380,120044,2425,167322,California
Placer,2021-04-21,3663,285293,2396,154145,1266,124931,1,6217,2384,48387,1276,121320,2385,169707,California
Placer,2021-04-22,3661,288954,2271,156416,1390,126321,0,6217,1746,48221,1912,123232,1746,171453,California
Placer,2021-04-23,3503,292457,2318,158734,1184,127505,1,6218,1374,47474,2122,125354,1375,172828,California
Placer,2021-04-24,2087,294544,1266,160000,820,128325,1,6219,1220,47836,858,126212,1220,174048,California
Placer,2021-04-25,913,295457,501,160501,412,128737,0,6219,564,48051,349,126561,564,174612,California
Placer,2021-04-26,2404,297861,1278,161779,1103,129840,23,6242,1175,48028,1220,127781,1197,175809,California
Placer,2021-04-27,2689,300550,1406,163185,1243,131083,40,6282,1533,48450,1152,128933,1574,177383,California
Placer,2021-04-28,3002,303552,1881,165066,1084,132167,37,6319,1602,48698,1391,130324,1639,179022,California
Placer,2021-04-29,3378,306930,2186,167252,1139,133306,53,6372,1416,48211,1956,132280,1469,180491,California
Placer,2021-04-30,2975,309905,1798,169050,1128,134434,49,6421,1184,47659,1785,134065,1233,181724,California
Placer,2021-05-01,1326,311231,931,169981,369,134803,26,6447,602,47568,718,134783,627,182351,California
Placer,2021-05-02,730,311961,572,170553,136,134939,22,6469,331,47524,397,135180,353,182704,California
Placer,2021-05-03,1610,313571,989,171542,554,135493,67,6536,441,46865,1166,136346,507,183211,California
Placer,2021-05-04,2296,315867,1292,172834,838,136331,166,6702,858,46457,1432,137778,1024,184235,California
Placer,2021-05-05,3668,319535,2480,175314,1083,137414,105,6807,963,44827,2698,140476,1068,185303,California
Placer,2021-05-06,3091,322626,1887,177201,1127,138541,77,6884,814,43465,2253,142729,891,186194,California
Placer,2021-05-07,2811,325437,1890,179091,830,139371,91,6975,797,42349,2004,144733,888,187082,California
Placer,2021-05-08,1323,326760,706,179797,576,139947,41,7016,391,41849,930,145663,430,187512,California
Placer,2021-05-09,439,327199,204,180001,215,140162,20,7036,217,41863,222,145885,236,187748,California
Placer,2021-05-10,1923,329122,1023,181024,804,140966,96,7132,430,40900,1489,147374,526,188274,California
Placer,2021-05-11,2827,331949,2039,183063,684,141650,104,7236,583,39353,2234,149608,687,188961,California
Placer,2021-05-12,2770,334719,1914,184977,808,142458,48,7284,656,37950,2108,151716,705,189666,California
Placer,2021-05-13,2694,337413,1749,186726,899,143357,46,7330,950,37203,1742,153458,995,190661,California
Placer,2021-05-14,2742,340155,1816,188542,796,144153,130,7460,1343,37287,1386,154844,1470,192131,California
Placer,2021-05-15,2053,342208,1347,189889,682,144835,24,7484,906,37076,1141,155985,930,193061,California
Placer,2021-05-16,1012,343220,528,190417,465,145300,19,7503,343,36771,667,156652,362,193423,California
Placer,2021-05-17,2348,345568,1559,191976,713,146013,76,7579,1028,36559,1316,157968,1104,194527,California
Placer,2021-05-18,2490,348058,1675,193651,736,146749,79,7658,1128,36408,1358,159326,1207,195734,California
Placer,2021-05-19,2509,350567,1591,195242,873,147622,45,7703,880,35709,1624,160950,925,196659,California
Placer,2021-05-20,2265,352832,1497,196739,734,148356,34,7737,769,35021,1489,162439,801,197460,California
Placer,2021-05-21,2184,355016,1384,198123,665,149021,135,7872,969,34916,1207,163646,1102,198562,California
Placer,2021-05-22,1387,356403,973,199096,375,149396,39,7911,706,34985,676,164322,745,199307,California
Placer,2021-05-23,382,356785,233,199329,138,149534,11,7922,216,35048,165,164487,228,199535,California
Placer,2021-05-24,1463,358248,744,200073,604,150138,115,8037,442,34587,1018,165505,557,200092,California
Placer,2021-05-25,1781,360029,936,201009,746,150884,99,8136,660,34232,1114,166619,759,200851,California
Placer,2021-05-26,1558,361587,899,201908,629,151513,30,8166,606,33921,948,167567,637,201488,California
Placer,2021-05-27,1442,363029,708,202616,690,152203,44,8210,655,33842,778,168345,699,202187,California
Placer,2021-05-28,1676,364705,852,203468,735,152938,89,8299,719,33698,952,169297,808,202995,California
Placer,2021-05-29,721,365426,400,203868,291,153229,30,8329,363,33735,355,169652,392,203387,California
Placer,2021-05-30,343,365769,232,204100,97,153326,14,8343,221,33849,121,169773,235,203622,California
Placer,2021-05-31,145,365914,67,204167,61,153387,17,8360,28,33777,116,169889,44,203666,California
Placer,2021-06-01,1665,367579,877,205044,717,154104,71,8431,631,33450,1029,170918,702,204368,California
Placer,2021-06-02,1483,369062,755,205799,661,154765,67,8498,520,33075,962,171880,587,204955,California
Placer,2021-06-03,1673,370735,1021,206820,594,155359,58,8556,473,32409,1196,173076,530,205485,California
Placer,2021-06-04,1788,372523,1252,208072,481,155840,55,8611,433,31549,1346,174422,486,205971,California
Placer,2021-06-05,1039,373562,750,208822,253,156093,36,8647,261,31073,773,175195,297,206268,California
Placer,2021-06-06,83,373645,50,208872,32,156125,1,8648,27,31046,55,175250,28,206296,California
Plumas,2020-12-18,4,4,4,4,0,0,0,0,4,4,0,0,4,4,California
Plumas,2020-12-19,1,5,1,5,0,0,0,0,1,5,0,0,1,5,California
Plumas,2020-12-21,45,50,45,50,0,0,0,0,45,50,0,0,45,50,California
Plumas,2020-12-22,93,143,93,143,0,0,0,0,93,143,0,0,93,143,California
Plumas,2020-12-23,50,193,50,193,0,0,0,0,50,193,0,0,50,193,California
Plumas,2020-12-24,6,199,6,199,0,0,0,0,6,199,0,0,6,199,California
Plumas,2020-12-28,8,207,0,199,8,8,0,0,8,207,0,0,8,207,California
Plumas,2020-12-29,32,239,22,221,10,18,0,0,32,239,0,0,32,239,California
Plumas,2020-12-30,23,262,1,222,22,40,0,0,23,262,0,0,23,262,California
Plumas,2020-12-31,4,266,1,223,3,43,0,0,4,266,0,0,4,266,California
Plumas,2021-01-02,1,267,0,223,1,44,0,0,1,267,0,0,1,267,California
Plumas,2021-01-04,10,277,3,226,7,51,0,0,10,277,0,0,10,277,California
Plumas,2021-01-05,22,299,1,227,21,72,0,0,22,299,0,0,22,299,California
Plumas,2021-01-06,121,420,5,232,116,188,0,0,121,420,0,0,121,420,California
Plumas,2021-01-07,52,472,2,234,50,238,0,0,51,470,1,1,51,471,California
Plumas,2021-01-08,12,484,5,239,7,245,0,0,8,474,4,5,8,479,California
Plumas,2021-01-09,1,485,1,240,0,245,0,0,0,473,1,6,0,479,California
Plumas,2021-01-11,58,543,50,290,8,253,0,0,11,437,47,53,11,490,California
Plumas,2021-01-12,156,699,87,377,69,322,0,0,71,423,85,138,71,561,California
Plumas,2021-01-13,55,754,50,427,5,327,0,0,9,386,46,184,9,570,California
Plumas,2021-01-14,98,852,14,441,84,411,0,0,93,474,5,189,93,663,California
Plumas,2021-01-15,62,914,7,448,55,466,0,0,60,532,2,191,60,723,California
Plumas,2021-01-16,58,972,1,449,57,523,0,0,58,590,0,191,58,781,California
Plumas,2021-01-18,2,974,1,450,1,524,0,0,2,592,0,191,2,783,California
Plumas,2021-01-19,37,1011,5,455,32,556,0,0,33,621,4,195,33,816,California
Plumas,2021-01-20,130,1141,2,457,128,684,0,0,128,747,2,197,128,944,California
Plumas,2021-01-21,111,1252,2,459,109,793,0,0,111,858,0,197,111,1055,California
Plumas,2021-01-22,5,1257,1,460,4,797,0,0,5,863,0,197,5,1060,California
Plumas,2021-01-23,94,1351,2,462,92,889,0,0,94,957,0,197,94,1154,California
Plumas,2021-01-24,1,1352,1,463,0,889,0,0,1,958,0,197,1,1155,California
Plumas,2021-01-25,9,1361,6,469,3,892,0,0,7,963,2,199,7,1162,California
Plumas,2021-01-26,59,1420,2,471,57,949,0,0,51,1006,8,207,51,1213,California
Plumas,2021-01-27,27,1447,22,493,5,954,0,0,7,993,20,227,7,1220,California
Plumas,2021-01-28,24,1471,1,494,23,977,0,0,22,1013,2,229,22,1242,California
Plumas,2021-01-29,8,1479,2,496,6,983,0,0,7,1019,1,230,7,1249,California
Plumas,2021-01-30,7,1486,3,499,4,987,0,0,7,1026,0,230,7,1256,California
Plumas,2021-01-31,3,1489,3,502,0,987,0,0,3,1029,0,230,3,1259,California
Plumas,2021-02-01,16,1505,2,504,14,1001,0,0,8,1029,8,238,8,1267,California
Plumas,2021-02-02,23,1528,2,506,21,1022,0,0,2,1010,21,259,2,1269,California
Plumas,2021-02-03,126,1654,8,514,118,1140,0,0,13,911,112,371,13,1282,California
Plumas,2021-02-04,102,1756,8,522,94,1234,0,0,23,855,79,450,23,1305,California
Plumas,2021-02-05,27,1783,12,534,15,1249,0,0,12,852,15,465,12,1317,California
Plumas,2021-02-06,7,1790,0,534,7,1256,0,0,7,859,0,465,7,1324,California
Plumas,2021-02-08,14,1804,5,539,9,1265,0,0,2,849,12,477,2,1326,California
Plumas,2021-02-09,173,1977,3,542,170,1435,0,0,113,902,60,537,113,1439,California
Plumas,2021-02-10,98,2075,8,550,90,1525,0,0,92,989,6,543,93,1532,California
Plumas,2021-02-11,337,2412,6,556,331,1856,0,0,277,1206,60,603,277,1809,California
Plumas,2021-02-12,123,2535,4,560,119,1975,0,0,117,1317,6,609,117,1926,California
Plumas,2021-02-13,76,2611,6,566,70,2045,0,0,16,1273,60,669,16,1942,California
Plumas,2021-02-14,8,2619,5,571,3,2048,0,0,8,1281,0,669,8,1950,California
Plumas,2021-02-15,26,2645,5,576,21,2069,0,0,23,1301,3,672,23,1973,California
Plumas,2021-02-16,80,2725,5,581,75,2144,0,0,16,1253,64,736,16,1989,California
Plumas,2021-02-17,146,2871,5,586,141,2285,0,0,12,1131,134,870,12,2001,California
Plumas,2021-02-18,130,3001,7,593,123,2408,0,0,21,1044,109,979,22,2023,California
Plumas,2021-02-19,43,3044,6,599,37,2445,0,0,8,1017,35,1014,8,2031,California
Plumas,2021-02-20,105,3149,7,606,98,2543,0,0,13,938,92,1106,13,2044,California
Plumas,2021-02-21,6,3155,5,611,1,2544,0,0,2,936,4,1110,2,2046,California
Plumas,2021-02-22,3,3158,1,612,2,2546,0,0,0,933,3,1113,0,2046,California
Plumas,2021-02-23,24,3182,5,617,19,2565,0,0,17,943,7,1120,17,2063,California
Plumas,2021-02-24,470,3652,7,624,463,3028,0,0,457,1387,13,1133,457,2520,California
Plumas,2021-02-25,237,3889,12,636,225,3253,0,0,174,1498,63,1196,174,2694,California
Plumas,2021-02-26,267,4156,8,644,259,3512,0,0,258,1748,9,1205,259,2953,California
Plumas,2021-02-27,40,4196,4,648,36,3548,0,0,33,1774,7,1212,33,2986,California
Plumas,2021-02-28,2,4198,0,648,2,3550,0,0,2,1776,0,1212,2,2988,California
Plumas,2021-03-01,15,4213,2,650,13,3563,0,0,10,1782,4,1216,10,2998,California
Plumas,2021-03-02,11,4224,1,651,10,3573,0,0,7,1786,3,1219,7,3005,California
Plumas,2021-03-03,170,4394,9,660,161,3734,0,0,154,1924,16,1235,154,3159,California
Plumas,2021-03-04,251,4645,8,668,243,3977,0,0,229,2131,22,1257,229,3388,California
Plumas,2021-03-05,400,5045,6,674,389,4366,5,5,389,2514,11,1268,394,3782,California
Plumas,2021-03-06,20,5065,3,677,9,4375,8,13,3,2508,17,1285,11,3793,California
Plumas,2021-03-07,14,5079,3,680,2,4377,9,22,4,2511,10,1295,13,3806,California
Plumas,2021-03-08,30,5109,3,683,2,4379,25,47,3,2512,27,1322,28,3834,California
Plumas,2021-03-09,136,5245,3,686,118,4497,15,62,20,2431,116,1438,35,3869,California
Plumas,2021-03-10,284,5529,4,690,266,4763,14,76,110,2382,173,1611,124,3993,California
Plumas,2021-03-11,183,5712,9,699,169,4932,5,81,148,2500,35,1646,153,4146,California
Plumas,2021-03-12,594,6306,5,704,302,5234,287,368,23,2239,571,2217,310,4456,California
Plumas,2021-03-13,25,6331,4,708,10,5244,11,379,4,2233,21,2238,15,4471,California
Plumas,2021-03-14,12,6343,3,711,4,5248,5,384,1,2229,10,2248,6,4477,California
Plumas,2021-03-15,31,6374,0,711,24,5272,7,391,6,2217,25,2273,13,4490,California
Plumas,2021-03-16,61,6435,3,714,57,5329,1,392,49,2255,12,2285,50,4540,California
Plumas,2021-03-17,70,6505,8,722,61,5390,1,393,55,2297,14,2299,56,4596,California
Plumas,2021-03-18,61,6566,6,728,39,5429,16,409,11,2274,50,2349,27,4623,California
Plumas,2021-03-19,163,6729,5,733,156,5585,2,411,155,2426,6,2355,158,4781,California
Plumas,2021-03-20,709,7438,4,737,704,6289,1,412,688,3096,19,2374,689,5470,California
Plumas,2021-03-21,2,7440,1,738,1,6290,0,412,1,3097,0,2374,1,5471,California
Plumas,2021-03-22,191,7631,2,740,189,6479,0,412,184,3274,7,2381,184,5655,California
Plumas,2021-03-23,28,7659,2,742,26,6505,0,412,14,3274,14,2395,14,5669,California
Plumas,2021-03-24,673,8332,6,748,666,7171,1,413,226,3055,446,2841,227,5896,California
Plumas,2021-03-25,304,8636,7,755,295,7466,2,415,160,3071,144,2985,160,6056,California
Plumas,2021-03-26,316,8952,10,765,306,7772,0,415,47,2850,268,3253,47,6103,California
Plumas,2021-03-27,13,8965,1,766,11,7783,1,416,3,2844,10,3263,4,6107,California
Plumas,2021-03-28,8,8973,4,770,3,7786,1,417,4,2845,4,3267,5,6112,California
Plumas,2021-03-29,12,8985,4,774,7,7793,1,418,4,2842,8,3275,5,6117,California
Plumas,2021-03-30,169,9154,3,777,164,7957,2,420,26,2727,143,3418,28,6145,California
Plumas,2021-03-31,290,9444,3,780,286,8243,1,421,268,2974,22,3440,269,6414,California
Plumas,2021-04-01,302,9746,11,791,290,8533,1,422,59,2793,240,3680,59,6473,California
Plumas,2021-04-02,377,10123,4,795,371,8904,2,424,30,2489,336,4016,32,6505,California
Plumas,2021-04-03,15,10138,3,798,5,8909,7,431,4,2489,11,4027,11,6516,California
Plumas,2021-04-04,3,10141,1,799,1,8910,1,432,0,2487,3,4030,1,6517,California
Plumas,2021-04-05,12,10153,4,803,7,8917,1,433,4,2485,7,4037,5,6522,California
Plumas,2021-04-06,128,10281,6,809,96,9013,26,459,15,2413,113,4150,41,6563,California
Plumas,2021-04-07,287,10568,7,816,102,9115,178,637,28,2360,259,4409,206,6769,California
Plumas,2021-04-08,153,10721,3,819,134,9249,16,653,37,2297,115,4524,52,6821,California
Plumas,2021-04-09,50,10771,9,828,24,9273,17,670,17,2297,33,4557,33,6854,California
Plumas,2021-04-10,23,10794,2,830,5,9278,16,686,5,2300,18,4575,21,6875,California
Plumas,2021-04-11,2,10796,1,831,0,9278,1,687,1,2301,1,4576,2,6877,California
Plumas,2021-04-12,12,10808,4,835,5,9283,3,690,6,2304,6,4582,9,6886,California
Plumas,2021-04-13,210,11018,4,839,206,9489,0,690,145,2384,65,4647,145,7031,California
Plumas,2021-04-14,108,11126,6,845,102,9591,0,690,55,2386,53,4700,55,7086,California
Plumas,2021-04-15,52,11178,2,847,50,9641,0,690,34,2402,18,4718,34,7120,California
Plumas,2021-04-16,143,11321,3,850,140,9781,0,690,2,2263,141,4859,2,7122,California
Plumas,2021-04-17,679,12000,2,852,677,10458,0,690,19,1624,658,5517,19,7141,California
Plumas,2021-04-18,3,12003,3,855,0,10458,0,690,0,1621,3,5520,0,7141,California
Plumas,2021-04-19,38,12041,2,857,36,10494,0,690,5,1593,33,5553,5,7146,California
Plumas,2021-04-20,43,12084,5,862,38,10532,0,690,28,1607,14,5567,28,7174,California
Plumas,2021-04-21,318,12402,5,867,312,10844,1,691,17,1323,301,5868,17,7191,California
Plumas,2021-04-22,275,12677,7,874,268,11112,0,691,130,1308,145,6013,130,7321,California
Plumas,2021-04-23,74,12751,5,879,69,11181,0,691,16,1266,58,6071,16,7337,California
Plumas,2021-04-24,171,12922,5,884,166,11347,0,691,145,1386,25,6096,145,7482,California
Plumas,2021-04-26,31,12953,4,888,27,11374,0,691,8,1372,22,6118,8,7490,California
Plumas,2021-04-27,98,13051,4,892,94,11468,0,691,61,1396,37,6155,61,7551,California
Plumas,2021-04-28,284,13335,4,896,280,11748,0,691,38,1189,245,6400,38,7589,California
Plumas,2021-04-29,172,13507,68,964,104,11852,0,691,119,1255,53,6453,119,7708,California
Plumas,2021-04-30,22,13529,11,975,11,11863,0,691,7,1247,15,6468,7,7715,California
Plumas,2021-05-01,4,13533,1,976,2,11865,1,692,1,1247,2,6470,2,7717,California
Plumas,2021-05-02,1,13534,1,977,0,11865,0,692,1,1248,0,6470,1,7718,California
Plumas,2021-05-03,18,13552,6,983,6,11871,6,698,6,1249,11,6481,12,7730,California
Plumas,2021-05-04,31,13583,3,986,21,11892,7,705,18,1262,12,6493,25,7755,California
Plumas,2021-05-05,48,13631,4,990,43,11935,1,706,22,1259,26,6519,23,7778,California
Plumas,2021-05-06,65,13696,2,992,57,11992,6,712,20,1240,45,6564,26,7804,California
Plumas,2021-05-07,22,13718,5,997,16,12008,1,713,8,1235,14,6578,9,7813,California
Plumas,2021-05-08,6,13724,0,997,4,12012,2,715,4,1239,2,6580,6,7819,California
Plumas,2021-05-10,50,13774,0,997,27,12039,23,738,23,1258,27,6607,46,7865,California
Plumas,2021-05-11,171,13945,3,1000,149,12188,19,757,15,1136,156,6763,34,7899,California
Plumas,2021-05-12,100,14045,2,1002,91,12279,7,764,37,1118,62,6825,44,7943,California
Plumas,2021-05-13,37,14082,3,1005,32,12311,2,766,13,1109,24,6849,15,7958,California
Plumas,2021-05-14,19,14101,3,1008,11,12322,5,771,9,1113,10,6859,14,7972,California
Plumas,2021-05-15,10,14111,4,1012,4,12326,2,773,4,1113,6,6865,6,7978,California
Plumas,2021-05-16,1,14112,1,1013,0,12326,0,773,1,1114,0,6865,1,7979,California
Plumas,2021-05-17,14,14126,0,1013,5,12331,9,782,4,1117,10,6875,13,7992,California
Plumas,2021-05-18,45,14171,7,1020,37,12368,1,783,25,1123,20,6895,26,8018,California
Plumas,2021-05-19,47,14218,3,1023,30,12398,14,797,12,1115,35,6930,27,8045,California
Plumas,2021-05-20,187,14405,133,1156,43,12441,11,808,77,1093,110,7040,88,8133,California
Plumas,2021-05-21,30,14435,9,1165,15,12456,6,814,15,1099,15,7055,21,8154,California
Plumas,2021-05-22,136,14571,2,1167,134,12590,0,814,6,976,129,7184,6,8160,California
Plumas,2021-05-23,1,14572,1,1168,0,12590,0,814,0,975,1,7185,0,8160,California
Plumas,2021-05-24,50,14622,37,1205,12,12602,1,815,41,1008,9,7194,42,8202,California
Plumas,2021-05-25,73,14695,3,1208,69,12671,1,816,16,968,57,7251,17,8219,California
Plumas,2021-05-26,42,14737,7,1215,28,12699,7,823,17,967,25,7276,24,8243,California
Plumas,2021-05-27,102,14839,26,1241,63,12762,13,836,42,963,59,7335,55,8298,California
Plumas,2021-05-28,42,14881,16,1257,24,12786,2,838,23,969,19,7354,25,8323,California
Plumas,2021-05-29,8,14889,0,1257,8,12794,0,838,6,974,2,7356,7,8330,California
Plumas,2021-05-31,5,14894,0,1257,2,12796,3,841,0,973,4,7360,3,8333,California
Plumas,2021-06-01,34,14928,8,1265,20,12816,6,847,9,964,25,7385,16,8349,California
Plumas,2021-06-02,60,14988,5,1270,34,12850,21,868,10,945,50,7435,31,8380,California
Plumas,2021-06-03,64,15052,16,1286,38,12888,10,878,26,943,38,7473,36,8416,California
Plumas,2021-06-04,13,15065,2,1288,9,12897,2,880,7,946,6,7479,9,8425,California
Plumas,2021-06-05,6,15071,2,1290,4,12901,0,880,1,942,5,7484,1,8426,California
Plumas,2021-06-06,1,15072,0,1290,1,12902,0,880,0,941,1,7485,0,8426,California
Riverside,2020-12-15,5,5,5,5,0,0,0,0,5,5,0,0,5,5,California
Riverside,2020-12-16,70,75,70,75,0,0,0,0,70,75,0,0,70,75,California
Riverside,2020-12-17,814,889,814,889,0,0,0,0,814,889,0,0,814,889,California
Riverside,2020-12-18,1729,2618,1728,2617,1,1,0,0,1729,2618,0,0,1729,2618,California
Riverside,2020-12-19,1029,3647,1026,3643,3,4,0,0,1027,3644,1,1,1027,3645,California
Riverside,2020-12-20,1086,4733,1085,4728,1,5,0,0,1086,4730,0,1,1086,4731,California
Riverside,2020-12-21,2274,7007,2272,7000,2,7,0,0,2274,7004,0,1,2274,7005,California
Riverside,2020-12-22,2259,9266,2220,9220,39,46,0,0,2259,9263,0,1,2259,9264,California
Riverside,2020-12-23,2147,11413,1805,11025,342,388,0,0,2148,11411,0,1,2148,11412,California
Riverside,2020-12-24,822,12235,619,11644,203,591,0,0,822,12233,0,1,822,12234,California
Riverside,2020-12-25,28,12263,5,11649,23,614,0,0,28,12261,0,1,28,12262,California
Riverside,2020-12-26,400,12663,257,11906,143,757,0,0,400,12661,0,1,400,12662,California
Riverside,2020-12-27,368,13031,247,12153,121,878,0,0,368,13029,0,1,368,13030,California
Riverside,2020-12-28,1636,14667,1131,13284,505,1383,0,0,1637,14666,0,1,1637,14667,California
Riverside,2020-12-29,1741,16408,971,14255,770,2153,0,0,1741,16407,0,1,1741,16408,California
Riverside,2020-12-30,2578,18986,1682,15937,896,3049,0,0,2578,18985,0,1,2578,18986,California
Riverside,2020-12-31,1022,20008,396,16333,626,3675,0,0,1024,20009,0,1,1024,20010,California
Riverside,2021-01-01,122,20130,46,16379,76,3751,0,0,122,20131,0,1,122,20132,California
Riverside,2021-01-02,835,20965,694,17073,141,3892,0,0,835,20966,0,1,835,20967,California
Riverside,2021-01-03,344,21309,298,17371,46,3938,0,0,343,21309,0,1,343,21310,California
Riverside,2021-01-04,1267,22576,794,18165,473,4411,0,0,1267,22576,0,1,1267,22577,California
Riverside,2021-01-05,1990,24566,1366,19531,624,5035,0,0,1895,24381,90,91,1895,24472,California
Riverside,2021-01-06,2497,27063,1113,20644,1384,6419,0,0,2187,26262,306,397,2187,26659,California
Riverside,2021-01-07,2787,29850,1829,22473,958,7377,0,0,1720,26922,1061,1458,1721,28380,California
Riverside,2021-01-08,4069,33919,2938,25411,1131,8508,0,0,2252,27361,1813,3271,2252,30632,California
Riverside,2021-01-09,2077,35996,848,26259,1229,9737,0,0,1725,28735,351,3622,1725,32357,California
Riverside,2021-01-10,1669,37665,734,26993,935,10672,0,0,1068,29202,601,4223,1068,33425,California
Riverside,2021-01-11,4522,42187,3095,30088,1427,12099,0,0,2788,30259,1732,5955,2789,36214,California
Riverside,2021-01-12,3417,45604,2742,32830,675,12774,0,0,1721,30289,1691,7646,1721,37935,California
Riverside,2021-01-13,4463,50067,2944,35774,1519,14293,0,0,2844,31517,1616,9262,2844,40779,California
Riverside,2021-01-14,5525,55592,1917,37691,3608,17901,0,0,4942,35877,582,9844,4942,45721,California
Riverside,2021-01-15,6087,61679,2006,39697,4081,21982,0,0,5796,41383,290,10134,5796,51517,California
Riverside,2021-01-16,3616,65295,1020,40717,2596,24578,0,0,3369,44506,247,10381,3370,54887,California
Riverside,2021-01-17,3596,68891,588,41305,3008,27586,0,0,3397,47706,197,10578,3397,58284,California
Riverside,2021-01-18,3755,72646,2047,43352,1708,29294,0,0,2743,49437,1012,11590,2743,61027,California
Riverside,2021-01-19,7424,80070,2649,46001,4775,34069,0,0,6301,54616,1123,12713,6302,67329,California
Riverside,2021-01-20,8233,88303,3139,49140,5094,39163,0,0,6567,59533,1654,14367,6571,73900,California
Riverside,2021-01-21,8347,96650,3504,52644,4843,44006,0,0,7695,66576,653,15020,7696,81596,California
Riverside,2021-01-22,8732,105382,2964,55608,5768,49774,0,0,8300,74447,430,15450,8301,89897,California
Riverside,2021-01-23,5902,111284,2364,57972,3538,53312,0,0,5181,78909,720,16170,5182,95079,California
Riverside,2021-01-24,3041,114325,1436,59408,1605,54917,0,0,2826,81524,212,16382,2827,97906,California
Riverside,2021-01-25,7892,122217,4540,63948,3352,58269,0,0,6766,87166,1125,17507,6767,104673,California
Riverside,2021-01-26,9153,131370,5725,69673,3428,61697,0,0,7642,93301,1508,19015,7643,112316,California
Riverside,2021-01-27,10929,142299,6394,76067,4535,66232,0,0,9315,101009,1610,20625,9318,121634,California
Riverside,2021-01-28,11510,153809,6791,82858,4719,70951,0,0,10340,110188,1162,21787,10341,131975,California
Riverside,2021-01-29,11941,165750,7286,90144,4655,75606,0,0,10564,119405,1351,23138,10568,142543,California
Riverside,2021-01-30,9068,174818,4617,94761,4451,80057,0,0,8606,127552,460,23598,8607,151150,California
Riverside,2021-01-31,5172,179990,4260,99021,912,80969,0,0,5042,132469,129,23727,5046,156196,California
Riverside,2021-02-01,10984,190974,6790,105811,4194,85163,0,0,9133,139761,1844,25571,9136,165332,California
Riverside,2021-02-02,9480,200454,4820,110631,4660,89823,0,0,8012,146316,1460,27031,8015,173347,California
Riverside,2021-02-03,12192,212646,5148,115779,7044,96867,0,0,9821,153775,2362,29393,9821,183168,California
Riverside,2021-02-04,13520,226166,6010,121789,7510,104377,0,0,11432,163130,2080,31473,11435,194603,California
Riverside,2021-02-05,14327,240493,5391,127180,8936,113313,0,0,11276,171366,3044,34517,11280,205883,California
Riverside,2021-02-06,7233,247726,4264,131444,2969,116282,0,0,5592,175327,1634,36151,5595,211478,California
Riverside,2021-02-07,2167,249893,796,132240,1371,117653,0,0,1846,176855,319,36470,1847,213325,California
Riverside,2021-02-08,12475,262368,5551,137791,6924,124577,0,0,10160,184719,2300,38770,10164,223489,California
Riverside,2021-02-09,9638,272006,4516,142307,5122,129699,0,0,7693,190479,1938,40708,7698,231187,California
Riverside,2021-02-10,12084,284090,6972,149279,5112,134811,0,0,8911,196236,3163,43871,8920,240107,California
Riverside,2021-02-11,16631,300721,9062,158341,7569,142380,0,0,12111,203864,4498,48369,12126,252233,California
Riverside,2021-02-12,17699,318420,10797,169138,6902,149282,0,0,12810,211841,4845,53214,12822,265055,California
Riverside,2021-02-13,6313,324733,2133,171271,4180,153462,0,0,3090,211744,3208,56422,3111,268166,California
Riverside,2021-02-14,4920,329653,1118,172389,3802,157264,0,0,2178,211184,2738,59160,2178,270344,California
Riverside,2021-02-15,9819,339472,4999,177388,4820,162084,0,0,5400,212182,4410,63570,5408,275752,California
Riverside,2021-02-16,16127,355599,10117,187505,6010,168094,0,0,9249,214569,6870,70440,9257,285009,California
Riverside,2021-02-17,15034,370633,8214,195719,6820,174914,0,0,7446,214451,7574,78014,7456,292465,California
Riverside,2021-02-18,15554,386187,8985,204704,6569,181483,0,0,8017,214969,7514,85528,8032,300497,California
Riverside,2021-02-19,15305,401492,8225,212929,7080,188563,0,0,7227,214145,8059,93587,7235,307732,California
Riverside,2021-02-20,8319,409811,4500,217429,3819,192382,0,0,2161,210169,6141,99728,2165,309897,California
Riverside,2021-02-21,4404,414215,3882,221311,522,192904,0,0,1234,208248,3155,102883,1234,311131,California
Riverside,2021-02-22,12388,426603,7780,229091,4608,197512,0,0,5109,206099,7263,110146,5114,316245,California
Riverside,2021-02-23,11127,437730,7573,236664,3554,201066,0,0,5397,205797,5703,115849,5401,321646,California
Riverside,2021-02-24,14808,452538,8102,244766,6706,207772,0,0,6292,203628,8478,124327,6309,327955,California
Riverside,2021-02-25,17368,469906,7405,252171,9963,217735,0,0,8076,202460,9268,133595,8100,336055,California
Riverside,2021-02-26,18648,488554,6737,258908,11911,229646,0,0,9306,202516,9284,142879,9340,345395,California
Riverside,2021-02-27,12094,500648,5606,264514,6488,236134,0,0,5763,202008,6298,149177,5790,351185,California
Riverside,2021-02-28,4888,505536,3225,267739,1663,237797,0,0,2406,201951,2470,151647,2413,353598,California
Riverside,2021-03-01,14380,519916,6116,273855,8261,246058,3,3,8455,204550,5887,157534,8486,362084,California
Riverside,2021-03-02,15384,535300,7519,281374,7864,253922,1,4,9020,207258,6342,163876,9050,371134,California
Riverside,2021-03-03,16935,552235,8385,289759,8550,262472,0,4,7305,205112,9579,173455,7433,378567,California
Riverside,2021-03-04,18756,570991,7477,297236,11274,273746,5,9,8903,204362,9808,183263,9058,387625,California
Riverside,2021-03-05,18922,589913,7608,304844,11270,285016,44,53,9375,204562,9496,192759,9696,397321,California
Riverside,2021-03-06,9527,599440,5080,309924,3966,288982,481,534,4752,205060,4762,197521,5260,402581,California
Riverside,2021-03-07,4262,603702,2753,312677,1120,290102,389,923,2010,205220,2243,199764,2403,404984,California
Riverside,2021-03-08,11968,615670,4757,317434,6801,296903,410,1333,5342,204412,6606,206370,5798,410782,California
Riverside,2021-03-09,14799,630469,6895,324329,7402,304305,502,1835,5898,202070,8878,215248,6536,417318,California
Riverside,2021-03-10,15914,646383,8514,332843,6473,310778,927,2762,6212,199704,9657,224905,7291,424609,California
Riverside,2021-03-11,19312,665695,9470,342313,7992,318770,1850,4612,7612,197708,11665,236570,9669,434278,California
Riverside,2021-03-12,21199,686894,7933,350246,8522,327292,4744,9356,7089,195795,14071,250641,12158,446436,California
Riverside,2021-03-13,8514,695408,2547,352793,4736,332028,1231,10587,4371,197352,4121,254762,5678,452114,California
Riverside,2021-03-14,4748,700156,1621,354414,1755,333783,1372,11959,2088,198159,2649,257411,3456,455570,California
Riverside,2021-03-15,18701,718857,7871,362285,9164,342947,1666,13625,9210,199688,9447,266858,10976,466546,California
Riverside,2021-03-16,20901,739758,10145,372430,9943,352890,813,14438,11390,202509,9474,276332,12295,478841,California
Riverside,2021-03-17,21340,761098,10949,383379,9331,362221,1060,15498,12826,207976,8478,284810,13945,492786,California
Riverside,2021-03-18,22618,783716,11770,395149,9179,371400,1669,17167,12545,212177,10021,294831,14222,507008,California
Riverside,2021-03-19,24161,807877,12685,407834,10505,381905,971,18138,14107,217627,9994,304825,15444,522452,California
Riverside,2021-03-20,10687,818564,6898,414732,2606,384511,1183,19321,6875,221903,3781,308606,8057,530509,California
Riverside,2021-03-21,3748,822312,2922,417654,560,385071,266,19587,2556,223552,1174,309780,2823,533332,California
Riverside,2021-03-22,16646,838958,9930,427584,6165,391236,551,20138,10597,228705,5992,315772,11145,544477,California
Riverside,2021-03-23,18571,857529,10515,438099,7634,398870,422,20560,11933,234497,6577,322349,12369,556846,California
Riverside,2021-03-24,18733,876262,10457,448556,8155,407025,121,20681,12861,241663,5822,328171,12988,569834,California
Riverside,2021-03-25,21163,897425,11676,460232,9309,416334,178,20859,14182,249121,6906,335077,14364,584198,California
Riverside,2021-03-26,24153,921578,11940,472172,12048,428382,165,21024,15021,255280,9030,344107,15189,599387,California
Riverside,2021-03-27,9350,930928,4910,477082,3388,431770,1052,22076,4825,256658,4501,348608,5879,605266,California
Riverside,2021-03-28,4772,935700,3138,480220,1542,433312,92,22168,2840,257672,1919,350527,2933,608199,California
Riverside,2021-03-29,17663,953363,8448,488668,9096,442408,119,22287,10919,262024,6698,357225,11050,619249,California
Riverside,2021-03-30,18369,971732,9559,498227,8603,451011,207,22494,11711,267327,6617,363842,11920,631169,California
Riverside,2021-03-31,18153,989885,8444,506671,9402,460413,307,22801,11460,272458,6645,370487,11776,642945,California
Riverside,2021-04-01,25564,1015449,12496,519167,12290,472703,778,23579,16504,280748,8991,379478,17281,660226,California
Riverside,2021-04-02,26151,1041600,14073,533240,11126,483829,952,24531,16379,288592,9709,389187,17553,677779,California
Riverside,2021-04-03,9389,1050989,5967,539207,2829,486658,593,25124,6049,291911,3319,392506,6638,684417,California
Riverside,2021-04-04,3400,1054389,2066,541273,1090,487748,244,25368,1717,292199,1674,394180,1962,686379,California
Riverside,2021-04-05,18480,1072869,9463,550736,7156,494904,1861,27229,9942,295505,8496,402676,11802,698181,California
Riverside,2021-04-06,23802,1096671,12367,563103,9299,504203,2136,29365,13274,300429,10476,413152,15400,713581,California
Riverside,2021-04-07,24884,1121555,13431,576534,8932,513135,2521,31886,13842,305795,10993,424145,16359,729940,California
Riverside,2021-04-08,27457,1149012,15188,591722,9285,522420,2984,34870,16783,314940,10603,434748,19748,749688,California
Riverside,2021-04-09,26295,1175307,15458,607180,8379,530799,2458,37328,16043,323253,10205,444953,18518,768206,California
Riverside,2021-04-10,12023,1187330,6744,613924,3884,534683,1395,38723,5256,323174,6723,451676,6644,774850,California
Riverside,2021-04-11,4637,1191967,2758,616682,1259,535942,620,39343,2191,323549,2434,454110,2809,777659,California
Riverside,2021-04-12,20180,1212147,8980,625662,8553,544495,2647,41990,10112,326279,10029,464139,12759,790418,California
Riverside,2021-04-13,19996,1232143,11189,636851,8780,553275,27,42017,11428,329209,8529,472668,11459,801877,California
Riverside,2021-04-14,22108,1254251,12174,649025,9919,563194,15,42032,10835,328866,11204,483872,10861,812738,California
Riverside,2021-04-15,21966,1276217,12439,661464,9519,572713,8,42040,11570,330119,10329,494201,11582,824320,California
Riverside,2021-04-16,24897,1301114,14408,675872,10483,583196,6,42046,11512,328313,13331,507532,11525,835845,California
Riverside,2021-04-17,9870,1310984,6503,682375,3367,586563,0,42046,4959,328384,4895,512427,4966,840811,California
Riverside,2021-04-18,3850,1314834,2805,685180,1038,587601,7,42053,1808,328174,2028,514455,1818,842629,California
Riverside,2021-04-19,19460,1334294,11573,696753,7884,595485,3,42056,6955,322673,12464,526919,6963,849592,California
Riverside,2021-04-20,18877,1353171,9957,706710,8911,604396,9,42065,7732,319316,11101,538020,7744,857336,California
Riverside,2021-04-21,19847,1373018,11420,718130,8418,612814,9,42074,7987,315525,11793,549813,8002,865338,California
Riverside,2021-04-22,23242,1396260,13570,731700,9668,622482,4,42078,8668,309699,14503,564316,8677,874015,California
Riverside,2021-04-23,23312,1419572,13721,745421,9577,632059,14,42092,9138,304742,14117,578433,9160,883175,California
Riverside,2021-04-24,10470,1430042,7299,752720,3168,635227,3,42095,4817,303947,5615,584048,4820,887995,California
Riverside,2021-04-25,4214,1434256,2818,755538,1395,636622,1,42096,2185,304124,2010,586058,2187,890182,California
Riverside,2021-04-26,16772,1451028,10510,766048,6217,642839,45,42141,5648,298740,11081,597139,5697,895879,California
Riverside,2021-04-27,18004,1469032,10298,776346,7525,650364,181,42322,6244,293448,11717,608856,6425,902304,California
Riverside,2021-04-28,16473,1485505,8861,785207,7357,657721,255,42577,5546,288379,10870,619726,5801,908105,California
Riverside,2021-04-29,18712,1504217,11444,796651,6922,664643,346,42923,5378,280830,13270,632996,5721,913826,California
Riverside,2021-04-30,19762,1523979,11404,808055,7977,672620,381,43304,6353,274211,13356,646352,6737,920563,California
Riverside,2021-05-01,6752,1530731,4864,812919,1721,674341,167,43471,2323,272293,4406,650758,2488,923051,California
Riverside,2021-05-02,3352,1534083,2183,815102,961,675302,208,43679,1068,271308,2267,653025,1282,924333,California
Riverside,2021-05-03,17991,1552074,11050,826152,6452,681754,489,44168,4160,262186,13769,666794,4647,928980,California
Riverside,2021-05-04,17237,1569311,10946,837098,5874,687628,417,44585,4863,255155,12307,679101,5276,934256,California
Riverside,2021-05-05,15776,1585087,8926,846024,6490,694118,360,44945,4548,248895,11168,690269,4908,939164,California
Riverside,2021-05-06,17756,1602843,9944,855968,7403,701521,409,45354,4500,240620,13185,703454,4910,944074,California
Riverside,2021-05-07,20294,1623137,11570,867538,8295,709816,429,45783,5345,231519,14871,718325,5770,949844,California
Riverside,2021-05-08,6813,1629950,4534,872072,2051,711867,228,46011,2555,230073,4228,722553,2782,952626,California
Riverside,2021-05-09,2306,1632256,1511,873583,640,712507,155,46166,853,229636,1445,723998,1008,953634,California
Riverside,2021-05-10,10022,1642278,5139,878722,4513,717020,370,46536,2853,225740,7119,731117,3223,956857,California
Riverside,2021-05-11,13550,1655828,8128,886850,4930,721950,492,47028,3685,220132,9786,740903,4178,961035,California
Riverside,2021-05-12,11930,1667758,5821,892671,5823,727773,286,47314,3611,215760,8267,749170,3895,964930,California
Riverside,2021-05-13,13746,1681504,8155,900826,5327,733100,264,47578,4861,212054,8835,758005,5129,970059,California
Riverside,2021-05-14,17715,1699219,11195,912021,5729,738829,791,48369,6920,209036,10727,768732,7709,977768,California
Riverside,2021-05-15,9668,1708887,6921,918942,2350,741179,397,48766,4932,209660,4705,773437,5329,983097,California
Riverside,2021-05-16,3458,1712345,2509,921451,839,742018,110,48876,1703,209728,1743,775180,1811,984908,California
Riverside,2021-05-17,11731,1724076,7559,929010,3834,745852,338,49214,5216,208804,6482,781662,5558,990466,California
Riverside,2021-05-18,15013,1739089,9292,938302,5379,751231,342,49556,6180,206539,8786,790448,6521,996987,California
Riverside,2021-05-19,12105,1751194,7665,945967,4215,755446,225,49781,5990,206688,6067,796515,6216,1003203,California
Riverside,2021-05-20,10132,1761326,6211,952178,3671,759117,250,50031,4474,205799,5617,802132,4728,1007931,California
Riverside,2021-05-21,12550,1773876,7681,959859,4567,763684,302,50333,5365,204331,7135,809267,5667,1013598,California
Riverside,2021-05-22,5649,1779525,3877,963736,1585,765269,187,50520,3175,205252,2443,811710,3364,1016962,California
Riverside,2021-05-23,1553,1781078,1051,964787,429,765698,73,50593,836,205454,707,812417,909,1017871,California
Riverside,2021-05-24,8601,1789679,5557,970344,2737,768435,307,50900,3874,204940,4694,817111,4180,1022051,California
Riverside,2021-05-25,9573,1799252,5750,976094,3562,771997,261,51161,3933,203530,5605,822716,4195,1026246,California
Riverside,2021-05-26,8829,1808081,5471,981565,3033,775030,325,51486,3981,203041,4798,827514,4309,1030555,California
Riverside,2021-05-27,8490,1816571,5087,986652,3170,778200,233,51719,4027,202885,4415,831929,4259,1034814,California
Riverside,2021-05-28,10586,1827157,6462,993114,3825,782025,299,52018,5005,202670,5521,837450,5306,1040120,California
Riverside,2021-05-29,4967,1832124,3386,996500,1458,783483,123,52141,2837,203523,2109,839559,2962,1043082,California
Riverside,2021-05-30,1946,1834070,1405,997905,477,783960,64,52205,1069,203786,870,840429,1133,1044215,California
Riverside,2021-05-31,866,1834936,491,998396,342,784302,33,52238,334,203624,529,840958,367,1044582,California
Riverside,2021-06-01,9108,1844044,5636,1004032,3239,787541,233,52471,3656,202110,5403,846361,3889,1048471,California
Riverside,2021-06-02,7058,1851102,4293,1008325,2492,790033,273,52744,3051,201460,3974,850335,3324,1051795,California
Riverside,2021-06-03,7837,1858939,5224,1013549,2357,792390,256,53000,3078,200069,4723,855058,3332,1055127,California
Riverside,2021-06-04,10163,1869102,7255,1020804,2671,795061,237,53237,3682,197554,6434,861492,3919,1059046,California
Riverside,2021-06-05,6794,1875896,4999,1025803,1259,796320,536,53773,2194,195714,4572,866064,2732,1061778,California
Riverside,2021-06-06,452,1876348,291,1026094,142,796462,19,53792,133,195552,315,866379,153,1061931,California
Sacramento,2020-12-15,314,314,314,314,0,0,0,0,314,314,0,0,314,314,California
Sacramento,2020-12-16,647,961,647,961,0,0,0,0,647,961,0,0,647,961,California
Sacramento,2020-12-17,702,1663,702,1663,0,0,0,0,702,1663,0,0,702,1663,California
Sacramento,2020-12-18,1115,2778,1115,2778,0,0,0,0,1115,2778,0,0,1115,2778,California
Sacramento,2020-12-19,611,3389,611,3389,0,0,0,0,611,3389,0,0,611,3389,California
Sacramento,2020-12-20,636,4025,636,4025,0,0,0,0,636,4025,0,0,636,4025,California
Sacramento,2020-12-21,1678,5703,1678,5703,0,0,0,0,1679,5704,0,0,1679,5704,California
Sacramento,2020-12-22,2100,7803,2066,7769,34,34,0,0,2100,7804,0,0,2100,7804,California
Sacramento,2020-12-23,2256,10059,2083,9852,173,207,0,0,2256,10060,0,0,2256,10060,California
Sacramento,2020-12-24,1039,11098,827,10679,212,419,0,0,1039,11099,0,0,1039,11099,California
Sacramento,2020-12-25,1,11099,0,10679,1,420,0,0,1,11100,0,0,1,11100,California
Sacramento,2020-12-26,507,11606,288,10967,219,639,0,0,507,11607,0,0,507,11607,California
Sacramento,2020-12-27,357,11963,251,11218,106,745,0,0,357,11964,0,0,357,11964,California
Sacramento,2020-12-28,1897,13860,1322,12540,575,1320,0,0,1896,13859,1,1,1896,13860,California
Sacramento,2020-12-29,1957,15817,1193,13733,764,2084,0,0,1957,15816,0,1,1957,15817,California
Sacramento,2020-12-30,2557,18374,1455,15188,1102,3186,0,0,2558,18374,0,1,2558,18375,California
Sacramento,2020-12-31,1222,19596,688,15876,534,3720,0,0,1223,19597,0,1,1223,19598,California
Sacramento,2021-01-01,82,19678,71,15947,11,3731,0,0,82,19679,0,1,82,19680,California
Sacramento,2021-01-02,566,20244,365,16312,201,3932,0,0,566,20245,0,1,566,20246,California
Sacramento,2021-01-03,413,20657,224,16536,189,4121,0,0,413,20658,0,1,413,20659,California
Sacramento,2021-01-04,1949,22606,842,17378,1107,5228,0,0,1940,22590,8,9,1940,22599,California
Sacramento,2021-01-05,2212,24818,987,18365,1225,6453,0,0,1848,24081,364,373,1855,24454,California
Sacramento,2021-01-06,2731,27549,1619,19984,1112,7565,0,0,1932,25217,796,1169,1932,26386,California
Sacramento,2021-01-07,2839,30388,1511,21495,1328,8893,0,0,1910,26201,926,2095,1910,28296,California
Sacramento,2021-01-08,3285,33673,2084,23579,1201,10094,0,0,2167,27255,1114,3209,2168,30464,California
Sacramento,2021-01-09,1291,34964,798,24377,493,10587,0,0,896,27758,393,3602,896,31360,California
Sacramento,2021-01-10,1232,36196,709,25086,523,11110,0,0,764,28056,467,4069,765,32125,California
Sacramento,2021-01-11,4350,40546,2962,28048,1388,12498,0,0,2409,28537,1940,6009,2421,34546,California
Sacramento,2021-01-12,4578,45124,3200,31248,1378,13876,0,0,2607,29177,1971,7980,2611,37157,California
Sacramento,2021-01-13,3837,48961,2214,33462,1623,15499,0,0,2420,30182,1416,9396,2421,39578,California
Sacramento,2021-01-14,4612,53573,2323,35785,2289,17788,0,0,3703,32979,906,10302,3703,43281,California
Sacramento,2021-01-15,4435,58008,2251,38036,2184,19972,0,0,3724,35993,711,11013,3725,47006,California
Sacramento,2021-01-16,2082,60090,1276,39312,806,20778,0,0,1864,37639,218,11231,1864,48870,California
Sacramento,2021-01-17,1675,61765,979,40291,696,21474,0,0,1490,38947,185,11416,1493,50363,California
Sacramento,2021-01-18,2825,64590,1728,42019,1097,22571,0,0,2247,40618,577,11993,2248,52611,California
Sacramento,2021-01-19,4970,69560,3023,45042,1947,24518,0,0,3733,43116,1237,13230,3735,56346,California
Sacramento,2021-01-20,4814,74374,2847,47889,1967,26485,0,0,3591,45488,1225,14455,3597,59943,California
Sacramento,2021-01-21,5202,79576,3005,50894,2197,28682,0,0,4233,48760,963,15418,4235,64178,California
Sacramento,2021-01-22,5015,84591,2684,53578,2331,31013,0,0,4714,53175,300,15718,4715,68893,California
Sacramento,2021-01-23,3745,88336,1568,55146,2177,33190,0,0,3284,55998,461,16179,3284,72177,California
Sacramento,2021-01-24,1620,89956,1009,56155,611,33801,0,0,1377,57134,242,16421,1378,73555,California
Sacramento,2021-01-25,4411,94367,2163,58318,2248,36049,0,0,2947,58619,1464,17885,2949,76504,California
Sacramento,2021-01-26,4740,99107,2152,60470,2588,38637,0,0,3542,60967,1196,19081,3544,80048,California
Sacramento,2021-01-27,5851,104958,3051,63521,2800,41437,0,0,4233,63587,1615,20696,4235,84283,California
Sacramento,2021-01-28,5401,110359,2737,66258,2664,44101,0,0,4301,66790,1099,21795,4302,88585,California
Sacramento,2021-01-29,5409,115768,2937,69195,2472,46573,0,0,4390,70170,1010,22805,4390,92975,California
Sacramento,2021-01-30,4503,120271,2196,71391,2307,48880,0,0,4075,73819,426,23231,4075,97050,California
Sacramento,2021-01-31,2334,122605,2034,73425,300,49180,0,0,2055,75599,277,23508,2057,99107,California
Sacramento,2021-02-01,5939,128544,3034,76459,2905,52085,0,0,4257,78177,1679,25187,4257,103364,California
Sacramento,2021-02-02,7015,135559,3787,80246,3228,55313,0,0,4860,80902,2137,27324,4862,108226,California
Sacramento,2021-02-03,7145,142704,3605,83851,3540,58853,0,0,5283,84334,1853,29177,5285,113511,California
Sacramento,2021-02-04,7767,150471,3681,87532,4086,62939,0,0,5526,87628,2232,31409,5526,119037,California
Sacramento,2021-02-05,7858,158329,4482,92014,3376,66315,0,0,4921,89638,2914,34323,4924,123961,California
Sacramento,2021-02-06,8480,166809,3477,95491,5003,71318,0,0,7126,95413,1352,35675,7127,131088,California
Sacramento,2021-02-07,4063,170872,2188,97679,1875,73193,0,0,2875,97107,1183,36858,2877,133965,California
Sacramento,2021-02-08,6258,177130,3256,100935,3002,76195,0,0,3907,98667,2347,39205,3907,137872,California
Sacramento,2021-02-09,6767,183897,3551,104486,3216,79411,0,0,3993,99896,2765,41970,3994,141866,California
Sacramento,2021-02-10,7686,191583,4198,108684,3488,82899,0,0,4523,101272,3149,45119,4525,146391,California
Sacramento,2021-02-11,9604,201187,5738,114422,3866,86765,0,0,5510,102705,4079,49198,5512,151903,California
Sacramento,2021-02-12,10690,211877,4154,118576,6536,93301,0,0,6412,104903,4217,53415,6415,158318,California
Sacramento,2021-02-13,7687,219564,2992,121568,4695,97996,0,0,6091,109404,1591,55006,6092,164410,California
Sacramento,2021-02-14,3193,222757,1961,123529,1232,99228,0,0,2094,110405,1097,56103,2098,166508,California
Sacramento,2021-02-15,6011,228768,2057,125586,3954,103182,0,0,4177,112757,1828,57931,4180,170688,California
Sacramento,2021-02-16,9245,238013,4210,129796,5035,108217,0,0,5310,114143,3928,61859,5314,176002,California
Sacramento,2021-02-17,8849,246862,4995,134791,3854,112071,0,0,5147,115602,3690,65549,5149,181151,California
Sacramento,2021-02-18,9597,256459,5762,140553,3835,115906,0,0,5733,117484,3855,69404,5737,186888,California
Sacramento,2021-02-19,10087,266546,6183,146736,3904,119810,0,0,5977,119368,4099,73503,5983,192871,California
Sacramento,2021-02-20,7850,274396,5791,152527,2059,121869,0,0,4750,121025,3094,76597,4751,197622,California
Sacramento,2021-02-21,3057,277453,2417,154944,640,122509,0,0,1084,120142,1967,78564,1084,198706,California
Sacramento,2021-02-22,6326,283779,3824,158768,2502,125011,0,0,2785,119402,3529,82093,2789,201495,California
Sacramento,2021-02-23,7271,291050,4509,163277,2762,127773,0,0,3549,119250,3705,85798,3553,205048,California
Sacramento,2021-02-24,9836,300886,5422,168699,4414,132187,0,0,5371,120178,4449,90247,5377,210425,California
Sacramento,2021-02-25,11287,312173,6476,175175,4811,136998,0,0,6635,122177,4636,94883,6635,217060,California
Sacramento,2021-02-26,14413,326586,6800,181975,7613,144611,0,0,9882,127563,4500,99383,9886,226946,California
Sacramento,2021-02-27,11085,337671,6876,188851,4206,148817,3,3,8202,132908,2860,102243,8205,235151,California
Sacramento,2021-02-28,6197,343868,2336,191187,3861,152678,0,3,3104,132934,3079,105322,3105,238256,California
Sacramento,2021-03-01,8622,352490,3621,194808,5000,157678,1,4,4701,133740,3898,109220,4704,242960,California
Sacramento,2021-03-02,9296,361786,4048,198856,5247,162925,1,5,5699,135863,3580,112800,5703,248663,California
Sacramento,2021-03-03,10973,372759,5010,203866,5960,168885,3,8,6550,138016,4402,117202,6555,255218,California
Sacramento,2021-03-04,13484,386243,6200,210066,7280,176165,4,12,7496,139566,5956,123158,7506,262724,California
Sacramento,2021-03-05,10634,396877,4913,214979,5691,181856,30,42,7069,143122,3544,126702,7100,269824,California
Sacramento,2021-03-06,8133,405010,3120,218099,4891,186747,122,164,4124,143373,3994,130696,4245,274069,California
Sacramento,2021-03-07,7622,412632,2217,220316,5316,192063,89,253,3754,143351,3863,134559,3841,277910,California
Sacramento,2021-03-08,9118,421750,4263,224579,4631,196694,224,477,5957,146381,3149,137708,6179,284089,California
Sacramento,2021-03-09,9609,431359,4555,229134,4763,201457,291,768,5531,148143,4060,141768,5822,289911,California
Sacramento,2021-03-10,11788,443147,7527,236661,3908,205365,353,1121,6890,150525,4863,146631,7245,297156,California
Sacramento,2021-03-11,15060,458207,10004,246665,4232,209597,824,1945,8927,154178,6094,152725,9747,306903,California
Sacramento,2021-03-12,18052,476259,8345,255010,8846,218443,861,2806,8837,154718,9165,161890,9705,316608,California
Sacramento,2021-03-13,13025,489284,3582,258592,9014,227457,429,3235,7863,157854,5152,167042,8288,324896,California
Sacramento,2021-03-14,8399,497683,3474,262066,4290,231747,635,3870,4431,158975,3943,170985,5064,329960,California
Sacramento,2021-03-15,12239,509922,4863,266929,6714,238461,662,4532,7041,161506,5173,176158,7704,337664,California
Sacramento,2021-03-16,14019,523941,6227,273156,7141,245602,651,5183,8625,165417,5358,181516,9269,346933,California
Sacramento,2021-03-17,13762,537703,6618,279774,6508,252110,636,5819,8783,169884,4954,186470,9421,356354,California
Sacramento,2021-03-18,15695,553398,8222,287996,6881,258991,592,6411,9954,174722,5708,192178,10546,366900,California
Sacramento,2021-03-19,15625,569023,7988,295984,6263,265254,1374,7785,7896,176278,7703,199881,9259,376159,California
Sacramento,2021-03-20,12934,581957,7547,303531,5047,270301,340,8125,8049,179813,4856,204737,8391,384550,California
Sacramento,2021-03-21,5591,587548,2758,306289,2795,273096,38,8163,4857,183989,721,205458,4897,389447,California
Sacramento,2021-03-22,9389,596937,4809,311098,3728,276824,852,9015,6191,187862,3170,208628,7043,396490,California
Sacramento,2021-03-23,11351,608288,6763,317861,3779,280603,809,9824,7263,191884,4046,212674,8068,404558,California
Sacramento,2021-03-24,11862,620150,7266,325127,3965,284568,631,10455,6724,194184,5056,217730,7356,411914,California
Sacramento,2021-03-25,14168,634318,8359,333486,4985,289553,824,11279,8521,197922,5602,223332,9340,421254,California
Sacramento,2021-03-26,18264,652582,8927,342413,8846,298399,491,11770,9160,198540,9036,232368,9654,430908,California
Sacramento,2021-03-27,9690,662272,3576,345989,5824,304223,290,12060,5098,199363,4561,236929,5384,436292,California
Sacramento,2021-03-28,6529,668801,3226,349215,3054,307277,249,12309,2706,198507,3812,240741,2956,439248,California
Sacramento,2021-03-29,11019,679820,5900,355115,4744,312021,375,12684,4950,197793,6040,246781,5326,444574,California
Sacramento,2021-03-30,11855,691675,6087,361202,5379,317400,389,13073,6019,198389,5812,252593,6408,450982,California
Sacramento,2021-03-31,13451,705126,7871,369073,5182,322582,398,13471,5667,196692,7756,260349,6059,457041,California
Sacramento,2021-04-01,17447,722573,10474,379547,6745,329327,228,13699,7322,194168,10080,270429,7556,464597,California
Sacramento,2021-04-02,17128,739701,9699,389246,6692,336019,737,14436,9011,195830,8085,278514,9747,474344,California
Sacramento,2021-04-03,10453,750154,6247,395493,3658,339677,548,14984,6417,198784,4006,282520,6960,481304,California
Sacramento,2021-04-04,3710,753864,1530,397023,1989,341666,191,15175,1449,198164,2255,284775,1635,482939,California
Sacramento,2021-04-05,12046,765910,7565,404588,3651,345317,830,16005,5381,197739,6630,291405,6205,489144,California
Sacramento,2021-04-06,15639,781549,8872,413460,5438,350755,1329,17334,6925,197306,8681,300086,8248,497392,California
Sacramento,2021-04-07,14828,796377,8025,421485,5214,355969,1589,18923,7156,198408,7631,307717,8733,506125,California
Sacramento,2021-04-08,15051,811428,6775,428260,5302,361271,2974,21897,5995,198340,9021,316738,8953,515078,California
Sacramento,2021-04-09,18290,829718,9369,437629,6719,367990,2202,24099,7423,197127,10828,327566,9615,524693,California
Sacramento,2021-04-10,12836,842554,3836,441465,7782,375772,1218,25317,5318,196150,7488,335054,6511,531204,California
Sacramento,2021-04-11,10778,853332,4335,445800,6217,381989,226,25543,3840,193302,6914,341968,4066,535270,California
Sacramento,2021-04-12,12969,866301,5051,450851,6052,388041,1866,27409,4952,192152,7955,349923,6805,542075,California
Sacramento,2021-04-13,16249,882550,9939,460790,6307,394348,3,27412,7558,191055,8662,358585,7565,549640,California
Sacramento,2021-04-14,14888,897438,7930,468720,6956,401304,2,27414,5865,187931,8995,367580,5871,555511,California
Sacramento,2021-04-15,16315,913753,8380,477100,7932,409236,3,27417,6607,184874,9669,377249,6612,562123,California
Sacramento,2021-04-16,17380,931133,9605,486705,7775,417011,0,27417,7870,183276,9470,386719,7872,569995,California
Sacramento,2021-04-17,15297,946430,6143,492848,9154,426165,0,27417,11079,190161,4199,390918,11084,581079,California
Sacramento,2021-04-18,8438,954868,3067,495915,5371,431536,0,27417,3744,189231,4675,395593,3745,584824,California
Sacramento,2021-04-19,10558,965426,5716,501631,4837,436373,5,27422,4683,188066,5854,401447,4689,589513,California
Sacramento,2021-04-20,11101,976527,6740,508371,4358,440731,3,27425,5910,188814,5169,406616,5917,595430,California
Sacramento,2021-04-21,11479,988006,6637,515008,4840,445571,2,27427,6207,189776,5248,411864,6210,601640,California
Sacramento,2021-04-22,14816,1002822,9893,524901,4919,450490,4,27431,6811,188620,7973,419837,6817,608457,California
Sacramento,2021-04-23,15841,1018663,10010,534911,5831,456321,0,27431,7339,187493,8467,428304,7340,615797,California
Sacramento,2021-04-24,11329,1029992,7006,541917,4322,460643,1,27432,5931,188065,5361,433665,5933,621730,California
Sacramento,2021-04-25,7994,1037986,4482,546399,3512,464155,0,27432,4166,188418,3814,437479,4167,625897,California
Sacramento,2021-04-26,10386,1048372,6507,552906,3855,468010,24,27456,4826,187737,5531,443010,4850,630747,California
Sacramento,2021-04-27,11827,1060199,7763,560669,3929,471939,135,27591,5758,187595,6037,449047,5895,636642,California
Sacramento,2021-04-28,10473,1070672,5860,566529,4411,476350,202,27793,5815,188988,4629,453676,6022,642664,California
Sacramento,2021-04-29,10860,1081532,7308,573837,3247,479597,305,28098,6006,190479,4820,458496,6311,648975,California
Sacramento,2021-04-30,12455,1093987,7819,581656,4375,483972,261,28359,5868,190066,6543,465039,6130,655105,California
Sacramento,2021-05-01,7567,1101554,5474,587130,1921,485893,172,28531,2751,188206,4781,469820,2921,658026,California
Sacramento,2021-05-02,4983,1106537,4290,591420,542,486435,151,28682,2222,187840,2737,472557,2371,660397,California
Sacramento,2021-05-03,9112,1115649,7288,598708,1542,487977,282,28964,3957,186943,5132,477689,4235,664632,California
Sacramento,2021-05-04,9370,1125019,5692,604400,3368,491345,310,29274,3789,185504,5537,483226,4098,668730,California
Sacramento,2021-05-05,11054,1136073,5991,610391,4611,495956,452,29726,4513,183965,6499,489725,4960,673690,California
Sacramento,2021-05-06,11185,1147258,6197,616588,4686,500642,302,30028,4623,182644,6244,495969,4923,678613,California
Sacramento,2021-05-07,10603,1157861,6163,622751,4066,504708,374,30402,4467,181398,6087,502056,4841,683454,California
Sacramento,2021-05-08,8159,1166020,3814,626565,4115,508823,230,30632,2699,178896,5424,507480,2922,686376,California
Sacramento,2021-05-09,3148,1169168,1653,628218,1381,510204,114,30746,1172,178217,1965,509445,1286,687662,California
Sacramento,2021-05-10,8071,1177239,3741,631959,4063,514267,267,31013,1972,174391,6068,515513,2242,689904,California
Sacramento,2021-05-11,8074,1185313,5031,636990,2800,517067,243,31256,2784,172157,5259,520772,3025,692929,California
Sacramento,2021-05-12,8063,1193376,4792,641782,3033,520100,238,31494,2762,169886,5270,526042,2999,695928,California
Sacramento,2021-05-13,10868,1204244,6914,648696,3696,523796,258,31752,4083,167474,6753,532795,4341,700269,California
Sacramento,2021-05-14,12172,1216416,6881,655577,5005,528801,286,32038,5029,165700,7088,539883,5314,705583,California
Sacramento,2021-05-15,13065,1229481,7897,663474,5025,533826,143,32181,5793,164394,7238,547121,5932,711515,California
Sacramento,2021-05-16,7819,1237300,4066,667540,3640,537466,113,32294,2104,160921,5692,552813,2219,713734,California
Sacramento,2021-05-17,10381,1247681,6308,673848,3786,541252,287,32581,4055,158974,6292,559105,4345,718079,California
Sacramento,2021-05-18,9687,1257368,6082,679930,3396,544648,209,32790,3771,157085,5875,564980,3986,722065,California
Sacramento,2021-05-19,9743,1267111,6244,686174,3237,547885,262,33052,4525,156702,5176,570156,4793,726858,California
Sacramento,2021-05-20,8938,1276049,6074,692248,2642,550527,222,33274,3552,155130,5346,575502,3774,730632,California
Sacramento,2021-05-21,9365,1285414,6112,698360,2985,553512,268,33542,4255,154584,5075,580577,4529,735161,California
Sacramento,2021-05-22,6292,1291706,4012,702372,2148,555660,132,33674,3153,154752,3118,583695,3286,738447,California
Sacramento,2021-05-23,3367,1295073,2512,704884,792,556452,63,33737,1761,154987,1590,585285,1825,740272,California
Sacramento,2021-05-24,7616,1302689,4567,709451,2741,559193,308,34045,2452,152625,5121,590406,2759,743031,California
Sacramento,2021-05-25,6622,1309311,3846,713297,2485,561678,291,34336,2405,151126,4194,594600,2695,745726,California
Sacramento,2021-05-26,8404,1317715,4668,717965,3427,565105,309,34645,2794,148665,5560,600160,3099,748825,California
Sacramento,2021-05-27,6643,1324358,3626,721591,2776,567881,241,34886,2972,148245,3633,603793,3213,752038,California
Sacramento,2021-05-28,8207,1332565,4566,726157,3280,571161,361,35247,3494,147425,4676,608469,3856,755894,California
Sacramento,2021-05-29,4358,1336923,2668,728825,1534,572695,156,35403,2233,147713,2101,610570,2389,758283,California
Sacramento,2021-05-30,1648,1338571,1036,729861,574,573269,38,35441,764,147638,877,611447,802,759085,California
Sacramento,2021-05-31,883,1339454,443,730304,427,573696,13,35454,315,147399,567,612014,328,759413,California
Sacramento,2021-06-01,6931,1346385,4168,734472,2558,576254,205,35659,2740,146192,4149,616163,2942,762355,California
Sacramento,2021-06-02,6064,1352449,3343,737815,2508,578762,213,35872,2449,145281,3571,619734,2660,765015,California
Sacramento,2021-06-03,7324,1359773,5014,742829,2134,580896,176,36048,2409,142987,4877,624611,2583,767598,California
Sacramento,2021-06-04,6908,1366681,4434,747263,2272,583168,202,36250,2285,140881,4593,629204,2487,770085,California
Sacramento,2021-06-05,6040,1372721,4466,751729,1439,584607,135,36385,1761,138520,4256,633460,1895,771980,California
Sacramento,2021-06-06,1114,1373835,901,752630,195,584802,18,36403,406,138240,704,634164,424,772404,California
San Benito,2020-12-16,29,29,29,29,0,0,0,0,29,29,0,0,29,29,California
San Benito,2020-12-17,48,77,48,77,0,0,0,0,48,77,0,0,48,77,California
San Benito,2020-12-18,72,149,72,149,0,0,0,0,72,149,0,0,72,149,California
San Benito,2020-12-19,47,196,47,196,0,0,0,0,47,196,0,0,47,196,California
San Benito,2020-12-20,23,219,23,219,0,0,0,0,23,219,0,0,23,219,California
San Benito,2020-12-21,78,297,78,297,0,0,0,0,78,297,0,0,78,297,California
San Benito,2020-12-22,102,399,102,399,0,0,0,0,102,399,0,0,102,399,California
San Benito,2020-12-23,86,485,74,473,12,12,0,0,86,485,0,0,86,485,California
San Benito,2020-12-24,13,498,5,478,8,20,0,0,13,498,0,0,13,498,California
San Benito,2020-12-25,3,501,3,481,0,20,0,0,3,501,0,0,3,501,California
San Benito,2020-12-26,13,514,4,485,9,29,0,0,13,514,0,0,13,514,California
San Benito,2020-12-27,8,522,7,492,1,30,0,0,8,522,0,0,8,522,California
San Benito,2020-12-28,63,585,36,528,27,57,0,0,63,585,0,0,63,585,California
San Benito,2020-12-29,49,634,21,549,28,85,0,0,49,634,0,0,49,634,California
San Benito,2020-12-30,59,693,37,586,22,107,0,0,59,693,0,0,59,693,California
San Benito,2020-12-31,19,712,2,588,17,124,0,0,19,712,0,0,19,712,California
San Benito,2021-01-02,24,736,23,611,1,125,0,0,24,736,0,0,24,736,California
San Benito,2021-01-03,3,739,1,612,2,127,0,0,3,739,0,0,3,739,California
San Benito,2021-01-04,62,801,24,636,38,165,0,0,62,801,0,0,62,801,California
San Benito,2021-01-05,121,922,37,673,84,249,0,0,118,916,3,3,118,919,California
San Benito,2021-01-06,102,1024,42,715,60,309,0,0,87,988,15,18,87,1006,California
San Benito,2021-01-07,104,1128,67,782,37,346,0,0,52,988,52,70,52,1058,California
San Benito,2021-01-08,181,1309,89,871,92,438,0,0,116,1039,65,135,116,1174,California
San Benito,2021-01-09,44,1353,31,902,13,451,0,0,31,1057,13,148,31,1205,California
San Benito,2021-01-10,17,1370,15,917,2,453,0,0,5,1050,12,160,5,1210,California
San Benito,2021-01-11,172,1542,107,1024,65,518,0,0,72,1022,100,260,72,1282,California
San Benito,2021-01-12,160,1702,56,1080,104,622,0,0,121,1104,39,299,121,1403,California
San Benito,2021-01-13,221,1923,64,1144,157,779,0,0,174,1231,47,346,174,1577,California
San Benito,2021-01-14,117,2040,23,1167,94,873,0,0,99,1312,18,364,99,1676,California
San Benito,2021-01-15,217,2257,21,1188,196,1069,0,0,203,1501,14,378,203,1879,California
San Benito,2021-01-16,25,2282,8,1196,17,1086,0,0,20,1516,5,383,20,1899,California
San Benito,2021-01-17,11,2293,5,1201,6,1092,0,0,8,1521,3,386,8,1907,California
San Benito,2021-01-18,37,2330,23,1224,14,1106,0,0,22,1528,15,401,22,1929,California
San Benito,2021-01-19,151,2481,65,1289,86,1192,0,0,124,1625,27,428,124,2053,California
San Benito,2021-01-20,276,2757,95,1384,181,1373,0,0,230,1810,45,473,230,2283,California
San Benito,2021-01-21,124,2881,32,1416,92,1465,0,0,99,1884,25,498,99,2382,California
San Benito,2021-01-22,236,3117,19,1435,217,1682,0,0,226,2100,10,508,226,2608,California
San Benito,2021-01-23,30,3147,16,1451,14,1696,0,0,12,2094,18,526,12,2620,California
San Benito,2021-01-24,9,3156,3,1454,6,1702,0,0,5,2095,4,530,5,2625,California
San Benito,2021-01-25,66,3222,24,1478,42,1744,0,0,20,2069,46,576,20,2645,California
San Benito,2021-01-26,136,3358,41,1519,95,1839,0,0,84,2101,52,628,84,2729,California
San Benito,2021-01-27,230,3588,70,1589,160,1999,0,0,190,2251,40,668,190,2919,California
San Benito,2021-01-28,153,3741,32,1621,121,2120,0,0,122,2343,30,698,122,3041,California
San Benito,2021-01-29,291,4032,33,1654,258,2378,0,0,267,2587,23,721,267,3308,California
San Benito,2021-01-30,52,4084,33,1687,19,2397,0,0,28,2591,24,745,28,3336,California
San Benito,2021-01-31,15,4099,4,1691,11,2408,0,0,10,2596,5,750,10,3346,California
San Benito,2021-02-01,133,4232,28,1719,105,2513,0,0,90,2643,43,793,90,3436,California
San Benito,2021-02-02,231,4463,49,1768,182,2695,0,0,137,2686,94,887,137,3573,California
San Benito,2021-02-03,343,4806,43,1811,300,2995,0,0,273,2889,70,957,273,3846,California
San Benito,2021-02-04,167,4973,25,1836,142,3137,0,0,122,2966,45,1002,122,3968,California
San Benito,2021-02-05,297,5270,40,1876,257,3394,0,0,234,3137,63,1065,234,4202,California
San Benito,2021-02-06,46,5316,8,1884,38,3432,0,0,29,3149,17,1082,29,4231,California
San Benito,2021-02-07,15,5331,6,1890,9,3441,0,0,14,3162,1,1083,14,4245,California
San Benito,2021-02-08,139,5470,16,1906,123,3564,0,0,93,3209,46,1129,93,4338,California
San Benito,2021-02-09,326,5796,61,1967,265,3829,0,0,193,3269,133,1262,193,4531,California
San Benito,2021-02-10,323,6119,88,2055,235,4064,0,0,114,3175,208,1470,114,4645,California
San Benito,2021-02-11,298,6417,33,2088,265,4329,0,0,199,3275,99,1569,199,4844,California
San Benito,2021-02-12,420,6837,31,2119,389,4718,0,0,211,3278,208,1777,211,5055,California
San Benito,2021-02-13,55,6892,7,2126,48,4766,0,0,44,3311,11,1788,44,5099,California
San Benito,2021-02-14,40,6932,5,2131,35,4801,0,0,30,3331,10,1798,30,5129,California
San Benito,2021-02-15,106,7038,10,2141,96,4897,0,0,95,3415,11,1809,95,5224,California
San Benito,2021-02-16,209,7247,11,2152,198,5095,0,0,104,3415,105,1914,105,5329,California
San Benito,2021-02-17,330,7577,30,2182,300,5395,0,0,281,3647,49,1963,281,5610,California
San Benito,2021-02-18,292,7869,36,2218,256,5651,0,0,70,3495,222,2185,70,5680,California
San Benito,2021-02-19,350,8219,50,2268,300,5951,0,0,181,3507,169,2354,181,5861,California
San Benito,2021-02-20,45,8264,24,2292,21,5972,0,0,35,3532,10,2364,35,5896,California
San Benito,2021-02-21,25,8289,11,2303,14,5986,0,0,17,3541,8,2372,17,5913,California
San Benito,2021-02-22,135,8424,36,2339,99,6085,0,0,101,3609,33,2405,101,6014,California
San Benito,2021-02-23,375,8799,93,2432,282,6367,0,0,261,3756,114,2519,261,6275,California
San Benito,2021-02-24,384,9183,67,2499,317,6684,0,0,245,3862,139,2658,245,6520,California
San Benito,2021-02-25,396,9579,68,2567,328,7012,0,0,275,4014,123,2781,275,6795,California
San Benito,2021-02-26,657,10236,75,2642,582,7594,0,0,409,4175,248,3029,409,7204,California
San Benito,2021-02-27,109,10345,45,2687,64,7658,0,0,91,4248,18,3047,91,7295,California
San Benito,2021-02-28,254,10599,29,2716,225,7883,0,0,245,4484,9,3056,245,7540,California
San Benito,2021-03-01,232,10831,60,2776,172,8055,0,0,162,4575,71,3127,162,7702,California
San Benito,2021-03-02,280,11111,93,2869,187,8242,0,0,211,4717,69,3196,211,7913,California
San Benito,2021-03-03,403,11514,59,2928,344,8586,0,0,225,4766,176,3372,225,8138,California
San Benito,2021-03-04,620,12134,128,3056,477,9063,15,15,433,5016,187,3559,437,8575,California
San Benito,2021-03-05,587,12721,306,3362,269,9332,12,27,372,5187,213,3772,384,8959,California
San Benito,2021-03-06,198,12919,72,3434,112,9444,14,41,147,5297,51,3823,161,9120,California
San Benito,2021-03-07,646,13565,602,4036,21,9465,23,64,614,5902,32,3855,637,9757,California
San Benito,2021-03-08,293,13858,68,4104,178,9643,47,111,169,5994,124,3979,216,9973,California
San Benito,2021-03-09,428,14286,84,4188,244,9887,100,211,139,5918,288,4267,212,10185,California
San Benito,2021-03-10,406,14692,116,4304,194,10081,96,307,233,6074,173,4440,329,10514,California
San Benito,2021-03-11,475,15167,121,4425,199,10280,155,462,210,6174,265,4705,365,10879,California
San Benito,2021-03-12,521,15688,122,4547,306,10586,93,555,232,6213,287,4992,326,11205,California
San Benito,2021-03-13,199,15887,98,4645,83,10669,18,573,128,6291,68,5060,146,11351,California
San Benito,2021-03-14,233,16120,40,4685,173,10842,20,593,179,6437,53,5113,199,11550,California
San Benito,2021-03-15,323,16443,100,4785,204,11046,19,612,191,6515,132,5245,210,11760,California
San Benito,2021-03-16,506,16949,220,5005,254,11300,32,644,353,6745,153,5398,383,12143,California
San Benito,2021-03-17,798,17747,482,5487,294,11594,22,666,565,7095,229,5627,579,12722,California
San Benito,2021-03-18,789,18536,529,6016,207,11801,53,719,573,7497,215,5842,617,13339,California
San Benito,2021-03-19,776,19312,402,6418,351,12152,23,742,573,7890,203,6045,596,13935,California
San Benito,2021-03-20,250,19562,152,6570,85,12237,13,755,187,8027,63,6108,200,14135,California
San Benito,2021-03-21,111,19673,58,6628,48,12285,5,760,81,8083,30,6138,86,14221,California
San Benito,2021-03-22,355,20028,173,6801,157,12442,25,785,222,8197,133,6271,247,14468,California
San Benito,2021-03-23,482,20510,204,7005,268,12710,10,795,221,8166,261,6532,230,14698,California
San Benito,2021-03-24,583,21093,310,7315,266,12976,7,802,366,8323,216,6748,373,15071,California
San Benito,2021-03-25,747,21840,445,7760,298,13274,4,806,442,8468,301,7049,446,15517,California
San Benito,2021-03-26,1025,22865,521,8281,499,13773,5,811,337,8123,687,7736,342,15859,California
San Benito,2021-03-27,342,23207,192,8473,117,13890,33,844,220,8254,122,7858,253,16112,California
San Benito,2021-03-28,731,23938,604,9077,121,14011,6,850,128,7785,603,8461,134,16246,California
San Benito,2021-03-29,345,24283,110,9187,215,14226,20,870,144,7747,201,8662,163,16409,California
San Benito,2021-03-30,581,24864,273,9460,212,14438,96,966,294,7850,287,8949,390,16799,California
San Benito,2021-03-31,600,25464,369,9829,207,14645,24,990,344,7965,253,9202,368,17167,California
San Benito,2021-04-01,958,26422,385,10214,534,15179,39,1029,572,8185,385,9587,605,17772,California
San Benito,2021-04-02,538,26960,260,10474,142,15321,136,1165,263,8310,274,9861,399,18171,California
San Benito,2021-04-03,260,27220,88,10562,107,15428,65,1230,75,8265,185,10046,140,18311,California
San Benito,2021-04-04,143,27363,107,10669,30,15458,6,1236,105,8338,38,10084,111,18422,California
San Benito,2021-04-05,357,27720,170,10839,143,15601,44,1280,146,8316,211,10295,189,18611,California
San Benito,2021-04-06,469,28189,165,11004,126,15727,178,1458,160,8345,309,10604,338,18949,California
San Benito,2021-04-07,949,29138,530,11534,230,15957,189,1647,268,8123,679,11283,457,19406,California
San Benito,2021-04-08,862,30000,431,11965,179,16136,252,1899,225,7964,636,11919,477,19883,California
San Benito,2021-04-09,850,30850,502,12467,256,16392,92,1991,295,7796,555,12474,387,20270,California
San Benito,2021-04-10,347,31197,208,12675,77,16469,62,2053,193,7897,154,12628,255,20525,California
San Benito,2021-04-11,476,31673,272,12947,170,16639,34,2087,268,7970,208,12836,281,20806,California
San Benito,2021-04-12,533,32206,284,13231,134,16773,115,2202,279,8107,253,13089,390,21196,California
San Benito,2021-04-13,756,32962,295,13526,438,17211,23,2225,522,8420,233,13322,546,21742,California
San Benito,2021-04-14,839,33801,660,14186,179,17390,0,2225,397,8380,437,13759,397,22139,California
San Benito,2021-04-15,947,34748,737,14923,209,17599,1,2226,471,8377,475,14234,472,22611,California
San Benito,2021-04-16,700,35448,365,15288,324,17923,11,2237,293,8278,404,14638,305,22916,California
San Benito,2021-04-17,321,35769,224,15512,97,18020,0,2237,128,8211,195,14833,128,23044,California
San Benito,2021-04-18,490,36259,409,15921,81,18101,0,2237,233,8189,257,15090,235,23279,California
San Benito,2021-04-19,740,36999,592,16513,148,18249,0,2237,420,8291,319,15409,421,23700,California
San Benito,2021-04-20,774,37773,402,16915,370,18619,2,2239,490,8503,279,15688,491,24191,California
San Benito,2021-04-21,957,38730,702,17617,255,18874,0,2239,516,8592,427,16115,516,24707,California
San Benito,2021-04-22,900,39630,694,18311,206,19080,0,2239,568,8836,324,16439,568,25275,California
San Benito,2021-04-23,633,40263,399,18710,233,19313,1,2240,343,8938,241,16680,343,25618,California
San Benito,2021-04-24,366,40629,204,18914,162,19475,0,2240,172,8955,155,16835,172,25790,California
San Benito,2021-04-25,205,40834,127,19041,78,19553,0,2240,94,8956,93,16928,94,25884,California
San Benito,2021-04-26,485,41319,386,19427,99,19652,0,2240,255,9042,169,17097,255,26139,California
San Benito,2021-04-27,547,41866,279,19706,261,19913,7,2247,405,9322,132,17229,412,26551,California
San Benito,2021-04-28,554,42420,390,20096,155,20068,9,2256,392,9565,157,17386,400,26951,California
San Benito,2021-04-29,633,43053,231,20327,392,20460,10,2266,255,9469,378,17764,282,27233,California
San Benito,2021-04-30,378,43431,210,20537,161,20621,7,2273,204,9508,172,17936,211,27444,California
San Benito,2021-05-01,199,43630,144,20681,46,20667,9,2282,65,9450,132,18068,74,27518,California
San Benito,2021-05-02,191,43821,163,20844,24,20691,4,2286,59,9381,132,18200,63,27581,California
San Benito,2021-05-03,361,44182,284,21128,67,20758,10,2296,86,9204,275,18475,98,27679,California
San Benito,2021-05-04,407,44589,246,21374,153,20911,8,2304,151,9108,254,18729,158,27837,California
San Benito,2021-05-05,604,45193,421,21795,167,21078,16,2320,211,8945,390,19119,227,28064,California
San Benito,2021-05-06,614,45807,487,22282,112,21190,15,2335,223,8796,387,19506,238,28302,California
San Benito,2021-05-07,448,46255,282,22564,155,21345,11,2346,174,8710,272,19778,186,28488,California
San Benito,2021-05-08,275,46530,225,22789,45,21390,5,2351,157,8754,118,19896,162,28650,California
San Benito,2021-05-09,101,46631,76,22865,22,21412,3,2354,48,8752,53,19949,51,28701,California
San Benito,2021-05-10,413,47044,325,23190,64,21476,24,2378,51,8466,362,20311,76,28777,California
San Benito,2021-05-11,810,47854,406,23596,391,21867,13,2391,181,8034,627,20938,195,28972,California
San Benito,2021-05-12,483,48337,385,23981,85,21952,13,2404,113,7793,368,21306,127,29099,California
San Benito,2021-05-13,665,49002,569,24550,86,22038,10,2414,169,7478,493,21799,178,29277,California
San Benito,2021-05-14,596,49598,441,24991,148,22186,7,2421,232,7354,363,22162,239,29516,California
San Benito,2021-05-15,229,49827,173,25164,50,22236,6,2427,127,7385,102,22264,133,29649,California
San Benito,2021-05-16,168,49995,140,25304,26,22262,2,2429,93,7405,75,22339,95,29744,California
San Benito,2021-05-17,390,50385,315,25619,65,22327,10,2439,180,7387,208,22547,190,29934,California
San Benito,2021-05-18,667,51052,348,25967,314,22641,5,2444,209,7144,458,23005,215,30149,California
San Benito,2021-05-19,570,51622,417,26384,145,22786,8,2452,229,7040,341,23346,237,30386,California
San Benito,2021-05-20,569,52191,460,26844,98,22884,11,2463,310,7103,258,23604,321,30707,California
San Benito,2021-05-21,447,52638,271,27115,161,23045,15,2478,212,7097,233,23837,227,30934,California
San Benito,2021-05-22,280,52918,219,27334,56,23101,5,2483,178,7180,101,23938,184,31118,California
San Benito,2021-05-23,72,52990,50,27384,18,23119,4,2487,30,7171,42,23980,33,31151,California
San Benito,2021-05-24,298,53288,250,27634,41,23160,7,2494,187,7254,111,24091,194,31345,California
San Benito,2021-05-25,527,53815,241,27875,279,23439,7,2501,173,7082,352,24443,180,31525,California
San Benito,2021-05-26,292,54107,178,28053,108,23547,6,2507,116,7028,175,24618,121,31646,California
San Benito,2021-05-27,405,54512,309,28362,73,23620,23,2530,149,6947,256,24874,175,31821,California
San Benito,2021-05-28,286,54798,176,28538,103,23723,7,2537,111,6891,174,25048,118,31939,California
San Benito,2021-05-29,148,54946,126,28664,20,23743,2,2539,63,6871,85,25133,65,32004,California
San Benito,2021-05-30,271,55217,256,28920,15,23758,0,2539,94,6789,176,25309,94,32098,California
San Benito,2021-05-31,102,55319,89,29009,11,23769,2,2541,45,6780,56,25365,47,32145,California
San Benito,2021-06-01,267,55586,120,29129,121,23890,26,2567,98,6735,168,25533,123,32268,California
San Benito,2021-06-02,322,55908,242,29371,77,23967,3,2570,119,6655,203,25736,123,32391,California
San Benito,2021-06-03,339,56247,288,29659,44,24011,7,2577,134,6594,202,25938,141,32532,California
San Benito,2021-06-04,261,56508,193,29852,68,24079,0,2577,83,6500,177,26115,83,32615,California
San Benito,2021-06-05,92,56600,74,29926,17,24096,1,2578,20,6451,70,26185,21,32636,California
San Benito,2021-06-06,15,56615,12,29938,1,24097,2,2580,2,6442,13,26198,4,32640,California
San Bernardino,2020-12-15,13,13,13,13,0,0,0,0,13,13,0,0,13,13,California
San Bernardino,2020-12-16,113,126,113,126,0,0,0,0,113,126,0,0,113,126,California
San Bernardino,2020-12-17,2369,2495,2369,2495,0,0,0,0,2369,2495,0,0,2369,2495,California
San Bernardino,2020-12-18,3155,5650,3152,5647,3,3,0,0,3156,5651,0,0,3156,5651,California
San Bernardino,2020-12-19,1074,6724,1073,6720,1,4,0,0,1075,6726,0,0,1075,6726,California
San Bernardino,2020-12-20,1174,7898,1171,7891,3,7,0,0,1174,7900,0,0,1174,7900,California
San Bernardino,2020-12-21,2464,10362,2459,10350,5,12,0,0,2464,10364,0,0,2464,10364,California
San Bernardino,2020-12-22,2284,12646,2154,12504,130,142,0,0,2284,12648,0,0,2284,12648,California
San Bernardino,2020-12-23,2671,15317,1468,13972,1203,1345,0,0,2669,15317,0,0,2669,15317,California
San Bernardino,2020-12-24,1165,16482,586,14558,579,1924,0,0,1166,16483,0,0,1166,16483,California
San Bernardino,2020-12-25,75,16557,14,14572,61,1985,0,0,75,16558,0,0,75,16558,California
San Bernardino,2020-12-26,462,17019,254,14826,208,2193,0,0,462,17020,0,0,462,17020,California
San Bernardino,2020-12-27,346,17365,160,14986,186,2379,0,0,346,17366,0,0,346,17366,California
San Bernardino,2020-12-28,1575,18940,715,15701,860,3239,0,0,1576,18942,0,0,1576,18942,California
San Bernardino,2020-12-29,2213,21153,1041,16742,1172,4411,0,0,2213,21155,0,0,2213,21155,California
San Bernardino,2020-12-30,2893,24046,1456,18198,1437,5848,0,0,2893,24048,0,0,2893,24048,California
San Bernardino,2020-12-31,1356,25402,437,18635,919,6767,0,0,1354,25402,0,0,1354,25402,California
San Bernardino,2021-01-01,285,25687,153,18788,132,6899,0,0,284,25686,0,0,284,25686,California
San Bernardino,2021-01-02,479,26166,339,19127,140,7039,0,0,479,26165,0,0,479,26165,California
San Bernardino,2021-01-03,136,26302,86,19213,50,7089,0,0,136,26301,0,0,136,26301,California
San Bernardino,2021-01-04,2130,28432,1290,20503,840,7929,0,0,2129,28430,0,0,2129,28430,California
San Bernardino,2021-01-05,2337,30769,1462,21965,875,8804,0,0,2227,30548,109,109,2227,30657,California
San Bernardino,2021-01-06,3447,34216,2354,24319,1093,9897,0,0,2948,33004,493,602,2949,33606,California
San Bernardino,2021-01-07,5433,39649,4515,28834,918,10815,0,0,2479,32549,2935,3537,2480,36086,California
San Bernardino,2021-01-08,5368,45017,4444,33278,924,11739,0,0,2287,31760,3077,6614,2288,38374,California
San Bernardino,2021-01-09,1404,46421,1101,34379,303,12042,0,0,905,32166,499,7113,905,39279,California
San Bernardino,2021-01-10,1025,47446,599,34978,426,12468,0,0,575,32291,450,7563,575,39854,California
San Bernardino,2021-01-11,4984,52430,4081,39059,903,13371,0,0,2760,32831,2220,9783,2760,42614,California
San Bernardino,2021-01-12,4231,56661,3210,42269,1021,14392,0,0,2508,33619,1720,11503,2508,45122,California
San Bernardino,2021-01-13,4582,61243,2854,45123,1728,16120,0,0,3354,35758,1216,12719,3355,48477,California
San Bernardino,2021-01-14,4818,66061,2841,47964,1977,18097,0,0,4232,39408,582,13301,4232,52709,California
San Bernardino,2021-01-15,5990,72051,2977,50941,3013,21110,0,0,5592,44613,390,13691,5595,58304,California
San Bernardino,2021-01-16,2258,74309,1289,52230,969,22079,0,0,2116,46587,142,13833,2116,60420,California
San Bernardino,2021-01-17,1180,75489,506,52736,674,22753,0,0,1096,47602,83,13916,1098,61518,California
San Bernardino,2021-01-18,4272,79761,2638,55374,1634,24387,0,0,3650,50632,622,14538,3652,65170,California
San Bernardino,2021-01-19,6325,86086,3715,59089,2610,26997,0,0,5235,54781,1088,15626,5237,70407,California
San Bernardino,2021-01-20,6836,92922,3760,62849,3076,30073,0,0,4890,57734,1939,17565,4892,75299,California
San Bernardino,2021-01-21,5991,98913,3080,65929,2911,32984,0,0,4876,61506,1107,18672,4879,80178,California
San Bernardino,2021-01-22,6522,105435,3053,68982,3469,36453,0,0,5798,66583,722,19394,5799,85977,California
San Bernardino,2021-01-23,3121,108556,1897,70879,1224,37677,0,0,2729,68921,391,19785,2729,88706,California
San Bernardino,2021-01-24,1198,109754,462,71341,736,38413,0,0,1095,69913,103,19888,1095,89801,California
San Bernardino,2021-01-25,6892,116646,3408,74749,3484,41897,0,0,5051,73129,1838,21726,5054,94855,California
San Bernardino,2021-01-26,7054,123700,3513,78262,3541,45438,0,0,4950,75977,2103,23829,4951,99806,California
San Bernardino,2021-01-27,8533,132233,4155,82417,4378,49816,0,0,5722,78896,2803,26632,5722,105528,California
San Bernardino,2021-01-28,8588,140821,4079,86496,4509,54325,0,0,6268,82849,2315,28947,6268,111796,California
San Bernardino,2021-01-29,8202,149023,3777,90273,4425,58750,0,0,6226,87114,1962,30909,6227,118023,California
San Bernardino,2021-01-30,3094,152117,1896,92169,1198,59948,0,0,2803,89628,289,31198,2803,120826,California
San Bernardino,2021-01-31,928,153045,491,92660,437,60385,0,0,874,90449,53,31251,874,121700,California
San Bernardino,2021-02-01,7580,160625,4253,96913,3327,63712,0,0,4948,92769,2629,33880,4949,126649,California
San Bernardino,2021-02-02,10466,171091,3656,100569,6810,70522,0,0,8402,99112,2060,35940,8403,135052,California
San Bernardino,2021-02-03,9017,180108,4156,104725,4861,75383,0,0,6515,103133,2495,38435,6516,141568,California
San Bernardino,2021-02-04,10511,190619,5172,109897,5339,80722,0,0,7414,107461,3086,41521,7414,148982,California
San Bernardino,2021-02-05,11036,201655,5924,115821,5112,85834,0,0,7492,111421,3533,45054,7493,156475,California
San Bernardino,2021-02-06,5279,206934,2216,118037,3063,88897,0,0,3645,113459,1610,46664,3648,160123,California
San Bernardino,2021-02-07,844,207778,491,118528,353,89250,0,0,469,113557,372,47036,470,160593,California
San Bernardino,2021-02-08,7293,215071,3889,122417,3404,92654,0,0,5623,117511,1669,48705,5623,166216,California
San Bernardino,2021-02-09,10159,225230,5916,128333,4243,96897,0,0,6858,121073,3299,52004,6861,173077,California
San Bernardino,2021-02-10,12098,237328,6461,134794,5637,102534,0,0,7976,124936,4114,56118,7977,181054,California
San Bernardino,2021-02-11,12467,249795,7154,141948,5313,107847,0,0,7943,128381,4501,60619,7946,189000,California
San Bernardino,2021-02-12,10426,260221,5951,147899,4475,112322,0,0,5686,129344,4723,65342,5686,194686,California
San Bernardino,2021-02-13,6058,266279,4032,151931,2026,114348,0,0,3811,130929,2231,67573,3816,198502,California
San Bernardino,2021-02-14,1554,267833,649,152580,905,115253,0,0,874,131130,673,68246,874,199376,California
San Bernardino,2021-02-15,5484,273317,3000,155580,2484,117737,0,0,3067,131794,2403,70649,3067,202443,California
San Bernardino,2021-02-16,12601,285918,7354,162934,5247,122984,0,0,7964,135135,4624,75273,7965,210408,California
San Bernardino,2021-02-17,11817,297735,6469,169403,5348,128332,0,0,7154,137646,4645,79918,7156,217564,California
San Bernardino,2021-02-18,12493,310228,7590,176993,4903,133235,0,0,7710,140588,4769,84687,7711,225275,California
San Bernardino,2021-02-19,11555,321783,5958,182951,5597,138832,0,0,6838,142729,4697,89384,6838,232113,California
San Bernardino,2021-02-20,4529,326312,3476,186427,1053,139885,0,0,2046,142298,2479,91863,2048,234161,California
San Bernardino,2021-02-21,1136,327448,677,187104,459,140344,0,0,395,141952,741,92604,395,234556,California
San Bernardino,2021-02-22,8685,336133,5351,192455,3334,143678,0,0,4050,141379,4624,97228,4051,238607,California
San Bernardino,2021-02-23,9168,345301,5451,197906,3717,147395,0,0,4633,141502,4510,101738,4633,243240,California
San Bernardino,2021-02-24,12482,357783,7181,205087,5301,152696,0,0,6173,141387,6289,108027,6174,249414,California
San Bernardino,2021-02-25,13123,370906,6291,211378,6832,159528,0,0,7656,143597,5449,113476,7659,257073,California
San Bernardino,2021-02-26,13615,384521,6385,217763,7230,166758,0,0,7590,145226,5963,119439,7592,264665,California
San Bernardino,2021-02-27,6669,391190,3730,221493,2938,169696,1,1,4815,148196,1846,121285,4816,269481,California
San Bernardino,2021-02-28,1776,392966,739,222232,1037,170733,0,1,1140,148706,630,121915,1140,270621,California
San Bernardino,2021-03-01,8465,401431,4367,226599,4095,174828,3,4,3847,147970,4594,126509,3858,274479,California
San Bernardino,2021-03-02,13889,415320,5557,232156,8332,183160,0,4,6558,147230,7301,133810,6561,281040,California
San Bernardino,2021-03-03,12902,428222,6555,238711,6344,189504,3,7,6034,146426,6847,140657,6043,287083,California
San Bernardino,2021-03-04,13796,442018,6930,245641,6866,196370,0,7,6000,144655,7775,148432,6004,293087,California
San Bernardino,2021-03-05,14426,456444,7538,253179,6887,203257,1,8,7039,144358,7355,155787,7058,300145,California
San Bernardino,2021-03-06,9743,466187,5461,258640,4058,207315,224,232,4547,143949,5178,160965,4769,304914,California
San Bernardino,2021-03-07,1665,467852,1004,259644,590,207905,71,303,1048,144453,615,161580,1119,306033,California
San Bernardino,2021-03-08,8112,475964,3588,263232,4353,212258,171,474,3605,143733,4499,166079,3779,309812,California
San Bernardino,2021-03-09,13089,489053,7486,270718,5356,217614,247,721,5281,141469,7793,173872,5529,315341,California
San Bernardino,2021-03-10,14233,503286,7858,278576,5820,223434,555,1276,6375,140570,7831,181703,6932,322273,California
San Bernardino,2021-03-11,15643,518929,7252,285828,6799,230233,1592,2868,7404,141343,8218,189921,8991,331264,California
San Bernardino,2021-03-12,15571,534500,6947,292775,6577,236810,2047,4915,7359,142611,8183,198104,9451,340715,California
San Bernardino,2021-03-13,8405,542905,4584,297359,3304,240114,517,5432,4986,144707,3408,201512,5504,346219,California
San Bernardino,2021-03-14,3297,546202,1671,299030,1045,241159,581,6013,1843,145678,1447,202959,2418,348637,California
San Bernardino,2021-03-15,11420,557622,5386,304416,4001,245160,2033,8046,5605,147508,5800,208759,7630,356267,California
San Bernardino,2021-03-16,16229,573851,8035,312451,7250,252410,944,8990,9919,152084,6283,215042,10859,367126,California
San Bernardino,2021-03-17,17393,591244,8636,321087,8008,260418,749,9739,10542,156543,6833,221875,11292,378418,California
San Bernardino,2021-03-18,16674,607918,8252,329339,8034,268452,388,10127,9859,159999,6789,228664,10245,388663,California
San Bernardino,2021-03-19,17017,624935,8441,337780,7981,276433,595,10722,9770,163194,7222,235886,10417,399080,California
San Bernardino,2021-03-20,9462,634397,5972,343752,2896,279329,594,11316,5602,165549,3836,239722,6191,405271,California
San Bernardino,2021-03-21,2806,637203,2283,346035,472,279801,51,11367,2259,167325,534,240256,2310,407581,California
San Bernardino,2021-03-22,9629,646832,4523,350558,4669,284470,437,11804,6976,172106,2632,242888,7413,414994,California
San Bernardino,2021-03-23,15531,662363,8807,359365,6104,290574,620,12424,9607,176429,5903,248791,10226,425220,California
San Bernardino,2021-03-24,15193,677556,7843,367208,7045,297619,305,12729,10095,181767,5063,253854,10401,435621,California
San Bernardino,2021-03-25,17056,694612,8370,375578,8385,306004,301,13030,10804,186665,6202,260056,11100,446721,California
San Bernardino,2021-03-26,18248,712860,8693,384271,8785,314789,770,13800,10916,191050,7301,267357,11686,458407,California
San Bernardino,2021-03-27,10866,723726,7018,391289,3094,317883,754,14554,6200,193357,4646,272003,6953,465360,California
San Bernardino,2021-03-28,3626,727352,2553,393842,960,318843,113,14667,2516,194885,1100,273103,2628,467988,California
San Bernardino,2021-03-29,11797,739149,6129,399971,5267,324110,401,15068,7971,199449,3808,276911,8372,476360,California
San Bernardino,2021-03-30,17016,756165,9500,409471,6800,330910,716,15784,10542,204261,6437,283348,11249,487609,California
San Bernardino,2021-03-31,16612,772777,9359,418830,6615,337525,638,16422,10931,210176,5652,289000,11567,499176,California
San Bernardino,2021-04-01,19851,792628,10485,429315,7941,345466,1425,17847,12781,217344,7028,296028,14196,513372,California
San Bernardino,2021-04-02,18929,811557,9541,438856,8098,353564,1290,19137,11443,222660,7457,303485,12773,526145,California
San Bernardino,2021-04-03,11177,822734,6989,445845,3050,356614,1138,20275,6076,224787,5081,308566,7208,533353,California
San Bernardino,2021-04-04,2504,825238,1508,447353,746,357360,250,20525,1264,225068,1233,309799,1514,534867,California
San Bernardino,2021-04-05,11801,837039,5301,452654,4763,362123,1737,22262,6020,227058,5761,315560,7751,542618,California
San Bernardino,2021-04-06,19782,856821,11133,463787,6531,368654,2118,24380,10452,230334,9284,324844,12560,555178,California
San Bernardino,2021-04-07,21037,877858,11253,475040,7296,375950,2488,26868,11471,234744,9536,334380,13946,569124,California
San Bernardino,2021-04-08,21989,899847,11257,486297,8114,384064,2618,29486,12095,239582,9868,344248,14706,583830,California
San Bernardino,2021-04-09,21835,921682,11111,497408,8146,392210,2578,32064,11878,244106,9921,354169,14445,598275,California
San Bernardino,2021-04-10,15726,937408,8138,505546,3853,396063,3735,35799,7782,247686,7922,362091,11502,609777,California
San Bernardino,2021-04-11,4451,941859,2589,508135,894,396957,968,36767,2036,248274,2409,364500,2997,612774,California
San Bernardino,2021-04-12,13471,955330,6223,514358,5582,402539,1666,38433,6368,249223,7082,371582,8031,620805,California
San Bernardino,2021-04-13,19323,974653,11011,525369,8293,410832,19,38452,11063,252074,8234,379816,11085,631890,California
San Bernardino,2021-04-14,19303,993956,10325,535694,8975,419807,3,38455,10912,254631,8359,388175,10916,642806,California
San Bernardino,2021-04-15,20309,1014265,11350,547044,8953,428760,6,38461,10774,255915,9496,397671,10780,653586,California
San Bernardino,2021-04-16,18607,1032872,10560,557604,8046,436806,1,38462,9137,255623,9429,407100,9137,662723,California
San Bernardino,2021-04-17,11941,1044813,7859,565463,4082,440888,0,38462,6248,256212,5659,412759,6248,668971,California
San Bernardino,2021-04-18,2907,1047720,1997,567460,910,441798,0,38462,1281,255879,1614,414373,1281,670252,California
San Bernardino,2021-04-19,12535,1060255,6685,574145,5850,447648,0,38462,4860,253089,7654,422027,4864,675116,California
San Bernardino,2021-04-20,17632,1077887,9820,583965,7809,455457,3,38465,8052,251589,9556,431583,8056,683172,California
San Bernardino,2021-04-21,18132,1096019,10329,594294,7800,463257,3,38468,7938,249396,10134,441717,7941,691113,California
San Bernardino,2021-04-22,19210,1115229,10977,605271,8229,471486,4,38472,7801,245845,11356,453073,7805,698918,California
San Bernardino,2021-04-23,18478,1133707,10574,615845,7903,479389,1,38473,8044,243504,10388,463461,8047,706965,California
San Bernardino,2021-04-24,12874,1146581,9503,625348,3369,482758,2,38475,6923,244495,5934,469395,6925,713890,California
San Bernardino,2021-04-25,3398,1149979,2227,627575,1171,483929,0,38475,1674,244461,1709,471104,1675,715565,California
San Bernardino,2021-04-26,10767,1160746,5789,633364,4888,488817,90,38565,4579,242978,6150,477254,4667,720232,California
San Bernardino,2021-04-27,16197,1176943,9776,643140,6237,495054,184,38749,6639,240285,9514,486768,6821,727053,California
San Bernardino,2021-04-28,14689,1191632,8718,651858,5695,500749,276,39025,5274,236436,9390,496158,5541,732594,California
San Bernardino,2021-04-29,16193,1207825,9319,661177,6604,507353,270,39295,5363,231269,10796,506954,5629,738223,California
San Bernardino,2021-04-30,16552,1224377,10444,671621,5828,513181,280,39575,6088,227206,10428,517382,6365,744588,California
San Bernardino,2021-05-01,10752,1235129,8419,680040,2019,515200,314,39889,3710,224185,7041,524423,4020,748608,California
San Bernardino,2021-05-02,2931,1238060,2118,682158,681,515881,132,40021,1044,223480,1879,526302,1174,749782,California
San Bernardino,2021-05-03,10041,1248101,5763,687921,3876,519757,402,40423,2899,219650,7130,533432,3300,753082,California
San Bernardino,2021-05-04,15680,1263781,9539,697460,5689,525446,452,40875,4558,213575,11082,544514,5007,758089,California
San Bernardino,2021-05-05,15343,1279124,8823,706283,6105,531551,415,41290,4331,207351,10965,555479,4741,762830,California
San Bernardino,2021-05-06,15781,1294905,8998,715281,6369,537920,414,41704,4299,200620,11442,566921,4711,767541,California
San Bernardino,2021-05-07,15444,1310349,8666,723947,6404,544324,374,42078,4622,194846,10765,577686,4991,772532,California
San Bernardino,2021-05-08,9209,1319558,6129,730076,2839,547163,241,42319,3152,192217,6021,583707,3392,775924,California
San Bernardino,2021-05-09,1822,1321380,1127,731203,606,547769,89,42408,733,191957,1082,584789,822,776746,California
San Bernardino,2021-05-10,7430,1328810,3418,734621,3697,551466,315,42723,2280,189442,5107,589896,2592,779338,California
San Bernardino,2021-05-11,11898,1340708,6555,741176,5016,556482,327,43050,3736,185383,8122,598018,4063,783401,California
San Bernardino,2021-05-12,12028,1352736,6407,747583,5332,561814,289,43339,3431,180548,8551,606569,3716,787117,California
San Bernardino,2021-05-13,12468,1365204,7412,754995,4718,566532,338,43677,4768,177989,7660,614229,5101,792218,California
San Bernardino,2021-05-14,13594,1378798,9034,764029,4229,570761,331,44008,5666,176109,7876,622105,5996,798214,California
San Bernardino,2021-05-15,11251,1390049,8344,772373,2719,573480,188,44196,4517,174111,6699,628804,4701,802915,California
San Bernardino,2021-05-16,2775,1392824,2043,774416,671,574151,61,44257,1309,174031,1449,630253,1369,804284,California
San Bernardino,2021-05-17,9945,1402769,6752,781168,2902,577053,291,44548,4587,173585,5322,635575,4876,809160,California
San Bernardino,2021-05-18,13319,1416088,8781,789949,4290,581343,248,44796,6104,172752,7181,642756,6348,815508,California
San Bernardino,2021-05-19,11474,1427562,7179,797128,3917,585260,378,45174,5329,172348,6108,648864,5704,821212,California
San Bernardino,2021-05-20,9988,1437550,5913,803041,3776,589036,299,45473,4522,171736,5432,654296,4820,826032,California
San Bernardino,2021-05-21,10891,1448441,7204,810245,3328,592364,359,45832,4812,170869,6036,660332,5169,831201,California
San Bernardino,2021-05-22,7363,1455804,5615,815860,1554,593918,194,46026,3699,171126,3633,663965,3890,835091,California
San Bernardino,2021-05-23,1302,1457106,835,816695,395,594313,72,46098,663,171228,633,664598,735,835826,California
San Bernardino,2021-05-24,6557,1463663,4119,820814,2148,596461,290,46388,2912,170827,3603,668201,3202,839028,California
San Bernardino,2021-05-25,9259,1472922,5681,826495,3324,599785,254,46642,4170,170195,5058,673259,4426,843454,California
San Bernardino,2021-05-26,8135,1481057,5167,831662,2736,602521,232,46874,3768,169860,4331,677590,3996,847450,California
San Bernardino,2021-05-27,7589,1488646,4614,836276,2750,605271,225,47099,3494,169523,4056,681646,3719,851169,California
San Bernardino,2021-05-28,8742,1497388,5445,841721,3028,608299,269,47368,4388,169867,4311,685957,4655,855824,California
San Bernardino,2021-05-29,4981,1502369,3339,845060,1530,609829,112,47480,2621,170257,2342,688299,2732,858556,California
San Bernardino,2021-05-30,1757,1504126,1244,846304,432,610261,81,47561,915,170416,836,689135,995,859551,California
San Bernardino,2021-05-31,887,1505013,562,846866,309,610570,16,47577,318,170184,566,689701,334,859885,California
San Bernardino,2021-06-01,8588,1513601,5548,852414,2797,613367,243,47820,3600,169093,4933,694634,3842,863727,California
San Bernardino,2021-06-02,6815,1520416,4292,856706,2279,615646,244,48064,3134,168822,3647,698281,3376,867103,California
San Bernardino,2021-06-03,7847,1528263,5322,862028,2346,617992,179,48243,3018,167213,4805,703086,3196,870299,California
San Bernardino,2021-06-04,8879,1537142,6097,868125,2496,620488,286,48529,3234,165127,5604,708690,3518,873817,California
San Bernardino,2021-06-05,6272,1543414,4874,872999,1274,621762,124,48653,2278,163555,3973,712663,2401,876218,California
San Bernardino,2021-06-06,345,1543759,219,873218,112,621874,14,48667,124,163475,218,712881,138,876356,California
San Diego,2020-12-15,119,119,119,119,0,0,0,0,119,119,0,0,119,119,California
San Diego,2020-12-16,1103,1222,1103,1222,0,0,0,0,1103,1222,0,0,1103,1222,California
San Diego,2020-12-17,2351,3573,2351,3573,0,0,0,0,2351,3573,0,0,2351,3573,California
San Diego,2020-12-18,3672,7245,3671,7244,1,1,0,0,3672,7245,0,0,3672,7245,California
San Diego,2020-12-19,2313,9558,2313,9557,0,1,0,0,2313,9558,0,0,2313,9558,California
San Diego,2020-12-20,1185,10743,1184,10741,1,2,0,0,1185,10743,0,0,1185,10743,California
San Diego,2020-12-21,3522,14265,3520,14261,2,4,0,0,3522,14265,0,0,3522,14265,California
San Diego,2020-12-22,4062,18327,3418,17679,644,648,0,0,4062,18327,0,0,4062,18327,California
San Diego,2020-12-23,3179,21506,1977,19656,1202,1850,0,0,3179,21506,0,0,3179,21506,California
San Diego,2020-12-24,2736,24242,2219,21875,517,2367,0,0,2736,24242,0,0,2736,24242,California
San Diego,2020-12-25,876,25118,875,22750,1,2368,0,0,876,25118,0,0,876,25118,California
San Diego,2020-12-26,3290,28408,2141,24891,1149,3517,0,0,3290,28408,0,0,3290,28408,California
San Diego,2020-12-27,2510,30918,1619,26510,891,4408,0,0,2509,30916,1,1,2509,30917,California
San Diego,2020-12-28,5911,36829,4225,30735,1686,6094,0,0,5911,36827,0,1,5911,36828,California
San Diego,2020-12-29,5574,42403,3001,33736,2573,8667,0,0,5574,42401,0,1,5574,42402,California
San Diego,2020-12-30,5947,48350,3102,36838,2845,11512,0,0,5947,48348,0,1,5947,48349,California
San Diego,2020-12-31,3035,51385,1053,37891,1982,13494,0,0,3035,51383,0,1,3035,51384,California
San Diego,2021-01-01,1006,52391,452,38343,554,14048,0,0,1006,52389,0,1,1006,52390,California
San Diego,2021-01-02,3746,56137,1303,39646,2443,16491,0,0,3746,56135,0,1,3746,56136,California
San Diego,2021-01-03,858,56995,633,40279,225,16716,0,0,857,56992,0,1,857,56993,California
San Diego,2021-01-04,3706,60701,2053,42332,1653,18369,0,0,3699,60691,0,1,3699,60692,California
San Diego,2021-01-05,4381,65082,2186,44518,2195,20564,0,0,3765,63856,612,613,3777,64469,California
San Diego,2021-01-06,4946,70028,2289,46807,2657,23221,0,0,3713,66363,1210,1823,3717,68186,California
San Diego,2021-01-07,5664,75692,2984,49791,2680,25901,0,0,3504,67721,2153,3976,3511,71697,California
San Diego,2021-01-08,7861,83553,4940,54731,2921,28822,0,0,4077,68049,3767,7743,4095,75792,California
San Diego,2021-01-09,3503,87056,1943,56674,1560,30382,0,0,1953,68475,1538,9281,1964,77756,California
San Diego,2021-01-10,1881,88937,1294,57968,587,30969,0,0,777,68170,1092,10373,787,78543,California
San Diego,2021-01-11,10335,99272,5859,63827,4476,35445,0,0,6805,71471,3523,13896,6824,85367,California
San Diego,2021-01-12,11204,110476,5316,69143,5888,41333,0,0,7825,76040,3370,17266,7939,93306,California
San Diego,2021-01-13,11514,121990,5056,74199,6458,47791,0,0,8969,82500,2533,19799,8993,102299,California
San Diego,2021-01-14,12371,134361,4748,78947,7623,55414,0,0,10201,90576,2162,21961,10238,112537,California
San Diego,2021-01-15,15132,149493,5355,84302,9777,65191,0,0,12484,100486,2629,24590,12539,125076,California
San Diego,2021-01-16,10774,160267,3593,87895,7181,72372,0,0,9329,108406,1440,26030,9360,134436,California
San Diego,2021-01-17,8687,168954,2500,90395,6187,78559,0,0,7846,115432,841,26871,7867,142303,California
San Diego,2021-01-18,12885,181839,6318,96713,6567,85126,0,0,10035,122710,2818,29689,10096,152399,California
San Diego,2021-01-19,14601,196440,5671,102384,8930,94056,0,0,11489,131364,3102,32791,11756,164155,California
San Diego,2021-01-20,18331,214771,6388,108772,11943,105999,0,0,15010,143256,3301,36092,15193,179348,California
San Diego,2021-01-21,17303,232074,5782,114554,11521,117520,0,0,15916,157937,1378,37470,16059,195407,California
San Diego,2021-01-22,17579,249653,4654,119208,12925,130445,0,0,15545,171543,2020,39490,15626,211033,California
San Diego,2021-01-23,14488,264141,5275,124483,9213,139658,0,0,12128,181384,2349,41839,12190,223223,California
San Diego,2021-01-24,11867,276008,3309,127792,8558,148216,0,0,10893,191345,972,42811,10933,234156,California
San Diego,2021-01-25,12256,288264,5783,133575,6473,154689,0,0,9234,197721,3014,45825,9390,243546,California
San Diego,2021-01-26,15138,303402,7842,141417,7296,161985,0,0,11747,206265,3389,49214,11933,255479,California
San Diego,2021-01-27,20579,323981,7930,149347,12649,174634,0,0,17558,220955,3012,52226,17702,273181,California
San Diego,2021-01-28,21298,345279,7637,156984,13661,188295,0,0,19022,237800,2265,54491,19110,292291,California
San Diego,2021-01-29,19655,364934,6401,163385,13254,201549,0,0,17212,252631,2433,56924,17264,309555,California
San Diego,2021-01-30,15837,380771,3596,166981,12241,213790,0,0,13153,263209,2674,59598,13252,322807,California
San Diego,2021-01-31,14773,395544,5723,172704,9050,222840,0,0,14412,277296,357,59955,14444,337251,California
San Diego,2021-02-01,20876,416420,7582,180286,13294,236134,0,0,17318,291153,3545,63500,17402,354653,California
San Diego,2021-02-02,22911,439331,8375,188661,14536,250670,0,0,19637,307696,3265,66765,19808,374461,California
San Diego,2021-02-03,27499,466830,11597,200258,15902,266572,0,0,23183,326775,4297,71062,23376,397837,California
San Diego,2021-02-04,24183,491013,9818,210076,14365,280937,0,0,19547,341993,4619,75681,19837,417674,California
San Diego,2021-02-05,24891,515904,8846,218922,16045,296982,0,0,18195,353982,6672,82353,18661,436335,California
San Diego,2021-02-06,20765,536669,8542,227464,12223,309205,0,0,17512,368469,3250,85603,17737,454072,California
San Diego,2021-02-07,12141,548810,5377,232841,6764,315969,0,0,10255,377109,1875,87478,10515,464587,California
San Diego,2021-02-08,20118,568928,8523,241364,11595,327564,0,0,12665,383023,7442,94920,13356,477943,California
San Diego,2021-02-09,20493,589421,8320,249684,12173,339737,0,0,13184,390001,7288,102208,14266,492209,California
San Diego,2021-02-10,22969,612390,9331,259015,13638,353375,0,0,13838,396146,9076,111284,15221,507430,California
San Diego,2021-02-11,23845,636235,10181,269196,13664,367039,0,0,12756,399537,11062,122346,14453,521883,California
San Diego,2021-02-12,23822,660057,7429,276625,16393,383432,0,0,11855,401722,11950,134296,14135,536018,California
San Diego,2021-02-13,20025,680082,9020,285645,11005,394437,0,0,10891,404692,9127,143423,12097,548115,California
San Diego,2021-02-14,11185,691267,7430,293075,3755,398192,0,0,6317,407663,4864,148287,7835,555950,California
San Diego,2021-02-15,15249,706516,7737,300812,7512,405704,0,0,7803,411110,7424,155711,10871,566821,California
San Diego,2021-02-16,19296,725812,11269,312081,8027,413731,0,0,9214,413244,10070,165781,12204,579025,California
San Diego,2021-02-17,23414,749226,10998,323079,12416,426147,0,0,8112,409166,15287,181068,11209,590234,California
San Diego,2021-02-18,23578,772804,12007,335086,11571,437718,0,0,7762,405218,15805,196873,11857,602091,California
San Diego,2021-02-19,15902,788706,10909,345995,4993,442711,0,0,6614,404552,9270,206143,8604,610695,California
San Diego,2021-02-20,10261,798967,6361,352356,3900,446611,0,0,5790,407796,4468,210611,7712,618407,California
San Diego,2021-02-21,11572,810539,10157,362513,1415,448026,0,0,5176,408104,6391,217002,6699,625106,California
San Diego,2021-02-22,12452,822991,10590,373103,1862,449888,0,0,5743,408801,6704,223706,7401,632507,California
San Diego,2021-02-23,25868,848859,14485,387588,11383,461271,0,0,9613,408077,16246,239952,15522,648029,California
San Diego,2021-02-24,28946,877805,12751,400339,16195,477466,0,0,6833,400264,22093,262045,14280,662309,California
San Diego,2021-02-25,33186,910991,14704,415043,18482,495948,0,0,10093,395707,23073,285118,18516,680825,California
San Diego,2021-02-26,33481,944472,12400,427443,21081,517029,0,0,12097,393578,21354,306472,19225,700050,California
San Diego,2021-02-27,21240,965712,9680,437123,11560,528589,0,0,11427,399483,9807,316279,15712,715762,California
San Diego,2021-02-28,15281,980993,9985,447108,5296,533885,0,0,9509,406017,5771,322050,12305,728067,California
San Diego,2021-03-01,24250,1005243,14314,461422,9934,543819,2,2,14712,415149,9460,331510,18592,746659,California
San Diego,2021-03-02,26168,1031411,14085,475507,12083,555902,0,2,12734,421171,13423,344933,19445,766104,California
San Diego,2021-03-03,34029,1065440,15952,491459,18074,573976,3,5,14065,422222,19945,364878,20996,787100,California
San Diego,2021-03-04,28313,1093753,14107,505566,14206,588182,0,5,12598,425902,15693,380571,19373,806473,California
San Diego,2021-03-05,29003,1122756,14908,520474,14013,602195,82,87,13495,430738,15484,396055,20320,826793,California
San Diego,2021-03-06,23431,1146187,9586,530060,13144,615339,701,788,10328,433377,13091,409146,15730,842523,California
San Diego,2021-03-07,18235,1164422,9327,539387,8337,623676,571,1359,6909,433213,11318,420464,11154,853677,California
San Diego,2021-03-08,23110,1187532,11233,550620,10968,634644,909,2268,11441,438808,11648,432112,17243,870920,California
San Diego,2021-03-09,25886,1213418,11972,562592,12155,646799,1759,4027,10107,438850,15764,447876,15806,886726,California
San Diego,2021-03-10,25527,1238945,10782,573374,12347,659146,2398,6425,10081,439989,15431,463307,16570,903296,California
San Diego,2021-03-11,28642,1267587,11003,584377,14041,673187,3598,10023,9956,438860,18663,481970,17534,920830,California
San Diego,2021-03-12,27322,1294909,9555,593932,14627,687814,3140,13163,10025,438446,17285,499255,16871,937701,California
San Diego,2021-03-13,26217,1321126,7283,601215,17142,704956,1792,14955,10114,438437,16097,515352,16088,953789,California
San Diego,2021-03-14,13878,1335004,5496,606711,7642,712598,740,15695,4805,437252,9065,524417,7880,961669,California
San Diego,2021-03-15,22033,1357037,10170,616881,11082,723680,781,16476,9013,437149,13007,537424,12904,974573,California
San Diego,2021-03-16,30002,1387039,15790,632671,13801,737481,411,16887,15723,442095,14257,551681,19203,993776,California
San Diego,2021-03-17,26330,1413369,12235,644906,13375,750856,720,17607,16766,452093,9548,561229,19546,1013322,California
San Diego,2021-03-18,31520,1444889,17810,662716,12791,763647,919,18526,17008,457081,14478,575707,19466,1032788,California
San Diego,2021-03-19,30358,1475247,14405,677121,14913,778560,1040,19566,19394,467778,10943,586650,21640,1054428,California
San Diego,2021-03-20,27904,1503151,8458,685579,17642,796202,1804,21370,21432,485662,6460,593110,24344,1078772,California
San Diego,2021-03-21,16578,1519729,12102,697681,3759,799961,717,22087,7700,486546,8864,601974,9748,1088520,California
San Diego,2021-03-22,22549,1542278,13152,710833,9120,809081,277,22364,14325,495704,8213,610187,17371,1105891,California
San Diego,2021-03-23,25998,1568276,13635,724468,12084,821165,279,22643,17109,506263,8873,619060,19432,1125323,California
San Diego,2021-03-24,29581,1597857,19777,744245,9422,830587,382,23025,17084,513312,12484,631544,19533,1144856,California
San Diego,2021-03-25,30401,1628258,18317,762562,11400,841987,684,23709,17987,521716,12398,643942,20802,1165658,California
San Diego,2021-03-26,32169,1660427,17947,780509,13649,855636,573,24282,17497,527975,14647,658589,20906,1186564,California
San Diego,2021-03-27,25518,1685945,11047,791556,14077,869713,394,24676,15689,536501,9813,668402,18339,1204903,California
San Diego,2021-03-28,15086,1701031,9241,800797,5788,875501,57,24733,9257,541471,5823,674225,10793,1215696,California
San Diego,2021-03-29,26744,1727775,12928,813725,13183,888684,633,25366,16445,550712,10289,684514,19530,1235226,California
San Diego,2021-03-30,33248,1761023,17901,831626,14557,903241,790,26156,22013,564119,11221,695735,24628,1259854,California
San Diego,2021-03-31,30487,1791510,18805,850431,10976,914217,706,26862,20636,576731,9835,705570,22447,1282301,California
San Diego,2021-04-01,34359,1825869,20066,870497,12791,927008,1502,28364,23240,591700,11098,716668,26067,1308368,California
San Diego,2021-04-02,35813,1861682,20679,891176,12327,939335,2807,31171,24113,608373,11682,728350,28355,1336723,California
San Diego,2021-04-03,30889,1892571,14471,905647,11801,951136,4617,35788,19728,622769,11150,739500,25546,1362269,California
San Diego,2021-04-04,9061,1901632,5207,910854,2926,954062,928,36716,4814,624453,4242,743742,5926,1368195,California
San Diego,2021-04-05,29766,1931398,15407,926261,11705,965767,2654,39370,19380,638612,10371,754113,24530,1392725,California
San Diego,2021-04-06,38760,1970158,20392,946653,12450,978217,5918,45288,22323,652548,16421,770534,30357,1423082,California
San Diego,2021-04-07,35861,2006019,21991,968644,9292,987509,4578,49866,20314,663129,15525,786059,26106,1449188,California
San Diego,2021-04-08,35265,2041284,21380,990024,9713,997222,4172,54038,21298,677237,13949,800008,28057,1477245,California
San Diego,2021-04-09,38447,2079731,22936,1012960,10294,1007516,5217,59255,20787,688963,17595,817603,29321,1506566,California
San Diego,2021-04-10,29201,2108932,11789,1024749,13403,1020919,4009,63264,15094,696999,14098,831701,22134,1528700,California
San Diego,2021-04-11,16262,2125194,10078,1034827,3870,1024789,2314,65578,7237,700538,9021,840722,12560,1541260,California
San Diego,2021-04-12,30864,2156058,12867,1047694,13664,1038453,4333,69911,17158,712020,13691,854413,25173,1566433,California
San Diego,2021-04-13,37225,2193283,17791,1065485,19398,1057851,36,69947,24772,727238,12431,866844,27649,1594082,California
San Diego,2021-04-14,33094,2226377,18930,1084415,14151,1072002,13,69960,17879,734305,15203,882047,22270,1616352,California
San Diego,2021-04-15,39582,2265959,20386,1104801,19192,1091194,4,69964,24112,745830,15451,897498,26976,1643328,California
San Diego,2021-04-16,33851,2299810,18590,1123391,15258,1106452,3,69967,19610,753664,14180,911678,22014,1665342,California
San Diego,2021-04-17,27905,2327715,13542,1136933,14363,1120815,0,69967,12350,753620,15462,927140,15418,1680760,California
San Diego,2021-04-18,14489,2342204,8903,1145836,5583,1126398,3,69970,6743,755596,7732,934872,9708,1690468,California
San Diego,2021-04-19,26605,2368809,13577,1159413,13027,1139425,1,69971,12514,755799,14073,948945,14276,1704744,California
San Diego,2021-04-20,39053,2407862,17778,1177191,21273,1160698,2,69973,19923,759605,19110,968055,22916,1727660,California
San Diego,2021-04-21,35055,2442917,20940,1198131,14115,1174813,0,69973,16956,761526,18064,986119,19985,1747645,California
San Diego,2021-04-22,44697,2487614,22960,1221091,21733,1196546,4,69977,22428,764757,22234,1008353,25465,1773110,California
San Diego,2021-04-23,42283,2529897,26034,1247125,16247,1212793,2,69979,15764,757208,26489,1034842,18940,1792050,California
San Diego,2021-04-24,34968,2564865,18867,1265992,16086,1228879,15,69994,15606,756677,19326,1054168,18795,1810845,California
San Diego,2021-04-25,12652,2577517,7711,1273703,4941,1233820,0,69994,5916,757236,6728,1060896,7287,1818132,California
San Diego,2021-04-26,32077,2609594,16014,1289717,15932,1249752,131,70125,11091,751884,20971,1081867,15619,1833751,California
San Diego,2021-04-27,43765,2653359,24093,1313810,19184,1268936,488,70613,19279,750270,24453,1106320,22839,1856590,California
San Diego,2021-04-28,38350,2691709,22635,1336445,15041,1283977,674,71287,17372,749603,20945,1127265,20278,1876868,California
San Diego,2021-04-29,38143,2729852,24293,1360738,13197,1297174,653,71940,15428,744716,22678,1149943,17791,1894659,California
San Diego,2021-04-30,38176,2768028,23150,1383888,13972,1311146,1054,72994,14949,739355,23191,1173134,17830,1912489,California
San Diego,2021-05-01,24351,2792379,10729,1394617,12979,1324125,643,73637,9567,736934,14775,1187909,12354,1924843,California
San Diego,2021-05-02,10726,2803105,7537,1402154,2603,1326728,586,74223,3282,733698,7440,1195349,4204,1929047,California
San Diego,2021-05-03,25344,2828449,12481,1414635,11705,1338433,1158,75381,9359,729049,15965,1211314,11316,1940363,California
San Diego,2021-05-04,31985,2860434,17651,1432286,13004,1351437,1330,76711,11543,722615,20416,1231730,13982,1954345,California
San Diego,2021-05-05,27745,2888179,17043,1449329,9413,1360850,1289,78000,10606,718345,17119,1248849,12849,1967194,California
San Diego,2021-05-06,28458,2916637,18833,1468162,8712,1369562,913,78913,10841,714989,17590,1266439,14234,1981428,California
San Diego,2021-05-07,29712,2946349,19533,1487695,9128,1378690,1051,79964,11063,709693,18613,1285052,13317,1994745,California
San Diego,2021-05-08,22648,2968997,10761,1498456,11175,1389865,712,80676,7270,703735,15356,1300408,9398,2004143,California
San Diego,2021-05-09,7556,2976553,5681,1504137,1467,1391332,408,81084,2667,702349,4883,1305291,3497,2007640,California
San Diego,2021-05-10,21662,2998215,8447,1512584,12399,1403731,816,81900,5938,694661,15696,1320987,8008,2015648,California
San Diego,2021-05-11,27708,3025923,11252,1523836,15680,1419411,776,82676,9666,688679,18021,1339008,12039,2027687,California
San Diego,2021-05-12,21972,3047895,11706,1535542,9473,1428884,793,83469,8021,684585,13927,1352935,9833,2037520,California
San Diego,2021-05-13,29757,3077652,17733,1553275,11414,1440298,610,84079,12316,682598,17388,1370323,15401,2052921,California
San Diego,2021-05-14,30743,3108395,19686,1572961,10210,1450508,847,84926,14007,682828,16702,1387025,16932,2069853,California
San Diego,2021-05-15,26264,3134659,16497,1589458,8935,1459443,832,85758,10940,680252,15275,1402300,12699,2082552,California
San Diego,2021-05-16,12975,3147634,9704,1599162,2698,1462141,573,86331,6477,681188,6488,1408788,7424,2089976,California
San Diego,2021-05-17,21465,3169099,13039,1612201,7669,1469810,757,87088,9251,679883,12179,1420967,10874,2100850,California
San Diego,2021-05-18,34274,3203373,19392,1631593,14006,1483816,876,87964,13666,675286,20576,1441543,15979,2116829,California
San Diego,2021-05-19,28519,3231892,17930,1649523,9778,1493594,811,88775,12256,673228,16235,1457778,14177,2131006,California
San Diego,2021-05-20,30649,3262541,16351,1665874,13530,1507124,768,89543,10362,665385,20258,1478036,12415,2143421,California
San Diego,2021-05-21,22883,3285424,14380,1680254,7563,1514687,940,90483,9460,663379,13395,1491431,11389,2154810,California
San Diego,2021-05-22,17416,3302840,9661,1689915,6660,1521347,1095,91578,7437,662830,9961,1501392,9412,2164222,California
San Diego,2021-05-23,4824,3307664,3590,1693505,948,1522295,286,91864,2578,663696,2225,1503617,3091,2167313,California
San Diego,2021-05-24,17677,3325341,9012,1702517,6775,1529070,1890,93754,6474,661716,11187,1514804,9207,2176520,California
San Diego,2021-05-25,24250,3349591,13267,1715784,9154,1538224,1829,95583,8700,657863,15520,1530324,11667,2188187,California
San Diego,2021-05-26,19204,3368795,10671,1726455,6519,1544743,2014,97597,6710,655140,12463,1542787,9740,2197927,California
San Diego,2021-05-27,20630,3389425,12066,1738521,6170,1550913,2394,99991,7046,652259,13566,1556353,10685,2208612,California
San Diego,2021-05-28,21206,3410631,13299,1751820,7186,1558099,721,100712,8445,649984,12746,1569099,10471,2219083,California
San Diego,2021-05-29,12006,3422637,7653,1759473,3860,1561959,493,101205,5269,649621,6723,1575822,6360,2225443,California
San Diego,2021-05-30,4722,3427359,3229,1762702,1108,1563067,385,101590,2081,649733,2637,1578459,2749,2228192,California
San Diego,2021-05-31,2610,3429969,1765,1764467,674,1563741,171,101761,881,649204,1725,1580184,1196,2229388,California
San Diego,2021-06-01,21355,3451324,11431,1775898,8287,1572028,1637,103398,6203,642968,15129,1595313,8893,2238281,California
San Diego,2021-06-02,17065,3468389,8826,1784724,6162,1578190,2077,105475,5823,640495,11219,1606532,8746,2247027,California
San Diego,2021-06-03,18729,3487118,11891,1796615,5042,1583232,1796,107271,5673,636069,13038,1619570,8612,2255639,California
San Diego,2021-06-04,19590,3506708,13799,1810414,5195,1588427,596,107867,5978,631098,13587,1633157,8616,2264255,California
San Diego,2021-06-05,15492,3522200,11777,1822191,2940,1591367,775,108642,4435,626348,11043,1644200,6293,2270548,California
San Diego,2021-06-06,2330,3524530,1781,1823972,339,1591706,210,108852,642,625785,1687,1645887,1124,2271672,California
San Francisco,2020-12-15,8,8,8,8,0,0,0,0,8,8,0,0,8,8,California
San Francisco,2020-12-16,230,238,230,238,0,0,0,0,230,238,0,0,230,238,California
San Francisco,2020-12-17,417,655,417,655,0,0,0,0,417,655,0,0,417,655,California
San Francisco,2020-12-18,907,1562,906,1561,1,1,0,0,907,1562,0,0,907,1562,California
San Francisco,2020-12-19,607,2169,607,2168,0,1,0,0,607,2169,0,0,607,2169,California
San Francisco,2020-12-20,483,2652,483,2651,0,1,0,0,483,2652,0,0,483,2652,California
San Francisco,2020-12-21,1163,3815,1163,3814,0,1,0,0,1163,3815,0,0,1163,3815,California
San Francisco,2020-12-22,1401,5216,1367,5181,34,35,0,0,1401,5216,0,0,1401,5216,California
San Francisco,2020-12-23,1355,6571,1058,6239,297,332,0,0,1355,6571,0,0,1355,6571,California
San Francisco,2020-12-24,846,7417,505,6744,341,673,0,0,846,7417,0,0,846,7417,California
San Francisco,2020-12-25,33,7450,28,6772,5,678,0,0,33,7450,0,0,33,7450,California
San Francisco,2020-12-26,249,7699,154,6926,95,773,0,0,249,7699,0,0,249,7699,California
San Francisco,2020-12-27,274,7973,60,6986,214,987,0,0,274,7973,0,0,274,7973,California
San Francisco,2020-12-28,1278,9251,690,7676,588,1575,0,0,1278,9251,0,0,1278,9251,California
San Francisco,2020-12-29,1255,10506,629,8305,626,2201,0,0,1255,10506,0,0,1255,10506,California
San Francisco,2020-12-30,1491,11997,780,9085,711,2912,0,0,1491,11997,0,0,1491,11997,California
San Francisco,2020-12-31,970,12967,411,9496,559,3471,0,0,969,12966,0,0,969,12966,California
San Francisco,2021-01-01,98,13065,73,9569,25,3496,0,0,98,13064,0,0,98,13064,California
San Francisco,2021-01-02,340,13405,306,9875,34,3530,0,0,340,13404,0,0,340,13404,California
San Francisco,2021-01-03,299,13704,106,9981,193,3723,0,0,298,13701,1,1,298,13702,California
San Francisco,2021-01-04,1846,15550,1360,11341,486,4209,0,0,1840,15535,6,7,1840,15542,California
San Francisco,2021-01-05,2233,17783,1420,12761,813,5022,0,0,2194,17692,39,46,2196,17738,California
San Francisco,2021-01-06,1874,19657,1161,13922,713,5735,0,0,1606,19033,266,312,1607,19345,California
San Francisco,2021-01-07,2073,21730,1207,15129,866,6601,0,0,1600,20163,470,782,1600,20945,California
San Francisco,2021-01-08,2344,24074,1647,16776,697,7298,0,0,1480,20784,859,1641,1480,22425,California
San Francisco,2021-01-09,1395,25469,897,17673,498,7796,0,0,887,21165,508,2149,889,23314,California
San Francisco,2021-01-10,921,26390,541,18214,380,8176,0,0,462,21169,458,2607,462,23776,California
San Francisco,2021-01-11,2512,28902,1875,20089,637,8813,0,0,1406,21468,1107,3714,1406,25182,California
San Francisco,2021-01-12,3093,31995,2057,22146,1036,9849,0,0,1897,22171,1196,4910,1899,27081,California
San Francisco,2021-01-13,2834,34829,1608,23754,1226,11075,0,0,1997,23331,837,5747,1997,29078,California
San Francisco,2021-01-14,2444,37273,1102,24856,1342,12417,0,0,1884,24655,560,6307,1884,30962,California
San Francisco,2021-01-15,2753,40026,1148,26004,1605,14022,0,0,2362,26630,389,6696,2364,33326,California
San Francisco,2021-01-16,2263,42289,971,26975,1292,15314,0,0,2094,28556,169,6865,2095,35421,California
San Francisco,2021-01-17,1941,44230,535,27510,1406,16720,0,0,1724,30063,217,7082,1724,37145,California
San Francisco,2021-01-18,1381,45611,596,28106,785,17505,0,0,1115,30914,265,7347,1116,38261,California
San Francisco,2021-01-19,2589,48200,1478,29584,1111,18616,0,0,1834,31993,755,8102,1834,40095,California
San Francisco,2021-01-20,2764,50964,1130,30714,1634,20250,0,0,2006,33245,755,8857,2007,42102,California
San Francisco,2021-01-21,3329,54293,945,31659,2384,22634,0,0,2493,34903,835,9692,2493,44595,California
San Francisco,2021-01-22,3199,57492,647,32306,2552,25186,0,0,2756,37218,441,10133,2756,47351,California
San Francisco,2021-01-23,3093,60585,611,32917,2482,27668,0,0,2722,39571,370,10503,2723,50074,California
San Francisco,2021-01-24,2435,63020,366,33283,2069,29737,0,0,2202,41543,230,10733,2202,52276,California
San Francisco,2021-01-25,4648,67668,1833,35116,2815,32552,0,0,3058,43014,1588,12321,3059,55335,California
San Francisco,2021-01-26,4735,72403,2182,37298,2553,35105,0,0,3093,44470,1639,13960,3095,58430,California
San Francisco,2021-01-27,4389,76792,2006,39304,2383,37488,0,0,3087,46257,1300,15260,3087,61517,California
San Francisco,2021-01-28,3771,80563,1555,40859,2216,39704,0,0,2609,47709,1157,16417,2609,64126,California
San Francisco,2021-01-29,4745,85308,1688,42547,3057,42761,0,0,3465,49900,1274,17691,3465,67591,California
San Francisco,2021-01-30,3795,89103,1849,44396,1946,44707,0,0,3335,52780,459,18150,3339,70930,California
San Francisco,2021-01-31,2362,91465,827,45223,1535,46242,0,0,2210,54840,151,18301,2211,73141,California
San Francisco,2021-02-01,3984,95449,1705,46928,2279,48521,0,0,2911,56679,1073,19374,2912,76053,California
San Francisco,2021-02-02,4518,99967,1806,48734,2712,51233,0,0,2921,58008,1592,20966,2921,78974,California
San Francisco,2021-02-03,5072,105039,2378,51112,2694,53927,0,0,3757,60453,1313,22279,3758,82732,California
San Francisco,2021-02-04,5033,110072,2428,53540,2605,56532,0,0,3863,63148,1168,23447,3863,86595,California
San Francisco,2021-02-05,5994,116066,3239,56779,2755,59287,0,0,4643,66443,1349,24796,4644,91239,California
San Francisco,2021-02-06,5525,121591,3703,60482,1822,61109,0,0,4620,70163,902,25698,4622,95861,California
San Francisco,2021-02-07,4392,125983,3243,63725,1149,62258,0,0,3813,73403,576,26274,3816,99677,California
San Francisco,2021-02-08,6811,132794,4701,68426,2110,64368,0,0,5581,77772,1214,27488,5583,105260,California
San Francisco,2021-02-09,5982,138776,4034,72460,1948,66316,0,0,4426,80636,1563,29051,4427,109687,California
San Francisco,2021-02-10,6925,145701,4220,76680,2705,69021,0,0,5119,83957,1801,30852,5122,114809,California
San Francisco,2021-02-11,6762,152463,4022,80702,2740,71761,0,0,4936,87073,1821,32673,4937,119746,California
San Francisco,2021-02-12,5356,157819,2696,83398,2660,74421,0,0,3508,88732,1849,34522,3508,123254,California
San Francisco,2021-02-13,4399,162218,2578,85976,1821,76242,0,0,3062,90459,1337,35859,3064,126318,California
San Francisco,2021-02-14,3441,165659,2262,88238,1179,77421,0,0,2309,91639,1131,36990,2311,128629,California
San Francisco,2021-02-15,2776,168435,1507,89745,1269,78690,0,0,1673,92211,1101,38091,1673,130302,California
San Francisco,2021-02-16,5090,173525,2797,92542,2293,80983,0,0,2987,93108,2096,40187,2993,133295,California
San Francisco,2021-02-17,5343,178868,2612,95154,2731,83714,0,0,2954,93684,2379,42566,2955,136250,California
San Francisco,2021-02-18,5387,184255,2628,97782,2759,86473,0,0,2801,93903,2585,45151,2804,139054,California
San Francisco,2021-02-19,5675,189930,2657,100439,3018,89491,0,0,2940,94114,2730,47881,2941,141995,California
San Francisco,2021-02-20,4554,194484,2191,102630,2363,91854,0,0,1708,92986,2837,50718,1709,143704,California
San Francisco,2021-02-21,2898,197382,1526,104156,1372,93226,0,0,1286,92670,1603,52321,1287,144991,California
San Francisco,2021-02-22,5192,202574,3238,107394,1954,95180,0,0,2615,92719,2569,54890,2618,147609,California
San Francisco,2021-02-23,5611,208185,3199,110593,2412,97592,0,0,2868,92851,2736,57626,2868,150477,California
San Francisco,2021-02-24,9133,217318,5169,115762,3964,101556,0,0,4879,93488,4243,61869,4880,155357,California
San Francisco,2021-02-25,10043,227361,7021,122783,3022,104578,0,0,6453,96356,3587,65456,6455,161812,California
San Francisco,2021-02-26,12382,239743,8047,130830,4335,108913,0,0,7313,98602,5068,70524,7314,169126,California
San Francisco,2021-02-27,9413,249156,6062,136892,3350,112263,1,1,4683,98570,4717,75241,4685,173811,California
San Francisco,2021-02-28,7939,257095,5686,142578,2253,114516,0,1,3868,98370,4069,79310,3869,177680,California
San Francisco,2021-03-01,11433,268528,7728,150306,3701,118217,4,5,5551,98072,5855,85165,5557,183237,California
San Francisco,2021-03-02,10018,278546,6764,157070,3254,121471,0,5,5653,99372,4354,89519,5654,188891,California
San Francisco,2021-03-03,11323,289869,6592,163662,4730,126201,1,6,6160,100387,5149,94668,6164,195055,California
San Francisco,2021-03-04,8822,298691,5551,169213,3271,129472,0,6,4969,101513,3843,98511,4969,200024,California
San Francisco,2021-03-05,9242,307933,5679,174892,3559,133031,4,10,5777,103844,3451,101962,5782,205806,California
San Francisco,2021-03-06,7150,315083,4687,179579,2254,135285,209,219,4461,105809,2702,104664,4667,210473,California
San Francisco,2021-03-07,5409,320492,4232,183811,1118,136403,59,278,3107,106660,2315,106979,3166,213639,California
San Francisco,2021-03-08,7549,328041,5483,189294,1879,138282,187,465,5970,111206,1610,108589,6156,219795,California
San Francisco,2021-03-09,8352,336393,5536,194830,2440,140722,376,841,6100,115421,2256,110845,6471,226266,California
San Francisco,2021-03-10,11252,347645,6620,201450,4133,144855,499,1340,7058,118806,4172,115017,7557,233823,California
San Francisco,2021-03-11,10124,357769,6386,207836,2771,147626,967,2307,6646,122950,3461,118478,7605,241428,California
San Francisco,2021-03-12,10893,368662,6367,214203,3181,150807,1345,3652,6070,125560,4801,123279,7411,248839,California
San Francisco,2021-03-13,6714,375376,3944,218147,1708,152515,1062,4714,4179,128272,2526,125805,5238,254077,California
San Francisco,2021-03-14,7585,382961,4934,223081,2406,154921,245,4959,3983,128913,3585,129390,4226,258303,California
San Francisco,2021-03-15,12127,395088,9282,232363,1900,156821,945,5904,8402,134538,3709,133099,9334,267637,California
San Francisco,2021-03-16,12241,407329,8351,240714,3430,160251,460,6364,8817,140413,3401,136500,9276,276913,California
San Francisco,2021-03-17,13376,420705,8293,249007,4516,164767,567,6931,9620,146869,3727,140227,10183,287096,California
San Francisco,2021-03-18,10114,430819,6871,255878,2621,167388,622,7553,5723,148840,4367,144594,6338,293434,California
San Francisco,2021-03-19,12417,443236,9073,264951,2875,170263,469,8022,6452,149814,5939,150533,6913,300347,California
San Francisco,2021-03-20,8915,452151,6560,271511,1887,172150,468,8490,5179,151758,3705,154238,5649,305996,California
San Francisco,2021-03-21,6620,458771,6064,277575,418,172568,138,8628,3731,152754,2871,157109,3867,309863,California
San Francisco,2021-03-22,9877,468648,6859,284434,2177,174745,841,9469,5072,153880,4780,161889,5906,315769,California
San Francisco,2021-03-23,11290,479938,7487,291921,3151,177896,652,10121,6262,155791,4998,166887,6909,322678,California
San Francisco,2021-03-24,12407,492345,9511,301432,2361,180257,535,10656,6188,156330,6176,173063,6715,329393,California
San Francisco,2021-03-25,11982,504327,8758,310190,2660,182917,564,11220,5819,156618,6091,179154,6379,335772,California
San Francisco,2021-03-26,12047,516374,8360,318550,3454,186371,233,11453,5843,156520,6170,185324,6072,341844,California
San Francisco,2021-03-27,8809,525183,5911,324461,2549,188920,349,11802,3763,155607,5025,190349,4112,345956,California
San Francisco,2021-03-28,6694,531877,5347,329808,1305,190225,42,11844,3000,154978,3668,194017,3039,348995,California
San Francisco,2021-03-29,11622,543499,8008,337816,3430,193655,184,12028,4805,153178,6787,200804,4987,353982,California
San Francisco,2021-03-30,11678,555177,7325,345141,4063,197718,290,12318,5516,152847,6137,206941,5806,359788,California
San Francisco,2021-03-31,12309,567486,8196,353337,3814,201532,299,12617,4959,150784,7315,214256,5252,365040,California
San Francisco,2021-04-01,14007,581493,7439,360776,4869,206401,1699,14316,6016,150530,7952,222208,7698,372738,California
San Francisco,2021-04-02,14878,596371,6574,367350,6417,212818,1887,16203,6958,151466,7896,230104,8832,381570,California
San Francisco,2021-04-03,10608,606979,4924,372274,3857,216675,1827,18030,4862,152423,5727,235831,6684,388254,California
San Francisco,2021-04-04,9049,616028,4799,377073,2593,219268,1657,19687,3576,152194,5458,241289,5229,393483,California
San Francisco,2021-04-05,16074,632102,9846,386919,4339,223607,1889,21576,6261,150553,9783,251072,8142,401625,California
San Francisco,2021-04-06,16095,648197,9530,396449,4500,228107,2065,23641,6247,149036,9820,260892,8303,409928,California
San Francisco,2021-04-07,16870,665067,10036,406485,4599,232706,2235,25876,6992,148393,9852,270744,9209,419137,California
San Francisco,2021-04-08,14217,679284,6750,413235,3035,235741,4432,30308,4624,147862,9558,280302,9027,428164,California
San Francisco,2021-04-09,15861,695145,7660,420895,4835,240576,3366,33674,6598,148577,9230,289532,9945,438109,California
San Francisco,2021-04-10,13336,708481,5699,426594,5877,246453,1760,35434,7106,151227,6203,295735,8853,446962,California
San Francisco,2021-04-11,10047,718528,7528,434122,1345,247798,1174,36608,5202,152766,4832,300567,6371,453333,California
San Francisco,2021-04-12,10615,729143,6891,441013,2571,250369,1153,37761,4857,153036,5736,306303,6006,459339,California
San Francisco,2021-04-13,10821,739964,7334,448347,3475,253844,12,37773,5461,153179,5334,311637,5477,464816,California
San Francisco,2021-04-14,13298,753262,8022,456369,5275,259119,1,37774,6384,152690,6875,318512,6386,471202,California
San Francisco,2021-04-15,13757,767019,9534,465903,4222,263341,1,37775,8085,155138,5641,324153,8089,479291,California
San Francisco,2021-04-16,12942,779961,8701,474604,4197,267538,44,37819,7633,157539,5280,329433,7681,486972,California
San Francisco,2021-04-17,10067,790028,7306,481910,2760,270298,1,37820,7097,161688,2953,332386,7102,494074,California
San Francisco,2021-04-18,6607,796635,5048,486958,1557,271855,2,37822,4086,163275,2503,334889,4090,498164,California
San Francisco,2021-04-19,10883,807518,8179,495137,2699,274554,5,37827,6995,166414,3871,338760,7010,505174,California
San Francisco,2021-04-20,12338,819856,7219,502356,5117,279671,2,37829,8510,171126,3801,342561,8513,513687,California
San Francisco,2021-04-21,10584,830440,7565,509921,3014,282685,5,37834,6450,173477,4108,346669,6459,520146,California
San Francisco,2021-04-22,10460,840900,7739,517660,2720,285405,1,37835,6044,175139,4390,351059,6052,526198,California
San Francisco,2021-04-23,10352,851252,5931,523591,4421,289826,0,37835,6150,177124,4172,355231,6157,532355,California
San Francisco,2021-04-24,7961,859213,5479,529070,2482,292308,0,37835,4704,178601,3235,358466,4712,537067,California
San Francisco,2021-04-25,5044,864257,4339,533409,699,293007,6,37841,2952,179482,2080,360546,2961,540028,California
San Francisco,2021-04-26,8065,872322,5709,539118,2344,295351,12,37853,3990,179446,4050,364596,4014,544042,California
San Francisco,2021-04-27,8587,880909,5783,544901,2647,297998,157,38010,4268,179587,4294,368890,4435,548477,California
San Francisco,2021-04-28,9482,890391,6566,551467,2725,300723,191,38201,4969,180270,4481,373371,5164,553641,California
San Francisco,2021-04-29,9359,899750,5437,556904,3729,304452,193,38394,4597,180335,4737,378108,4802,558443,California
San Francisco,2021-04-30,10880,910630,5191,562095,5488,309940,201,38595,3978,177658,6861,384969,4184,562627,California
San Francisco,2021-05-01,6946,917576,3593,565688,3238,313178,115,38710,1705,174270,5209,390178,1821,564448,California
San Francisco,2021-05-02,5315,922891,3083,568771,2134,315312,98,38808,964,170993,4343,394521,1066,565514,California
San Francisco,2021-05-03,9669,932560,6585,575356,2922,318234,162,38970,2456,166433,7185,401706,2625,568139,California
San Francisco,2021-05-04,9354,941914,5992,581348,3112,321346,250,39220,2280,161927,7041,408747,2535,570674,California
San Francisco,2021-05-05,8770,950684,6128,587476,2333,323679,309,39529,2145,157803,6581,415328,2457,573131,California
San Francisco,2021-05-06,10726,961410,8571,596047,1683,325362,472,40001,1850,151284,8842,424170,2323,575454,California
San Francisco,2021-05-07,10108,971518,6471,602518,3367,328729,270,40271,1641,144754,8440,432610,1910,577364,California
San Francisco,2021-05-08,8363,979881,3553,606071,4680,333409,130,40401,973,138499,7359,439969,1104,578468,California
San Francisco,2021-05-09,6684,986565,5825,611896,777,334186,82,40483,1215,134344,5446,445415,1291,579759,California
San Francisco,2021-05-10,6977,993542,4939,616835,1787,335973,251,40734,1044,129732,5905,451320,1293,581052,California
San Francisco,2021-05-11,7141,1000683,5116,621951,1821,337794,204,40938,1370,125569,5738,457058,1575,582627,California
San Francisco,2021-05-12,7420,1008103,5331,627282,1656,339450,433,41371,1502,121608,5888,462946,1927,584554,California
San Francisco,2021-05-13,10377,1018480,7560,634842,2603,342053,214,41585,3826,119130,6524,469470,4046,588600,California
San Francisco,2021-05-14,9284,1027764,6578,641420,2535,344588,171,41756,3002,116060,6252,475722,3182,591782,California
San Francisco,2021-05-15,7899,1035663,6253,647673,1590,346178,56,41812,3111,114467,4772,480494,3179,594961,California
San Francisco,2021-05-16,4954,1040617,4174,651847,722,346900,58,41870,1835,113261,3100,483594,1894,596855,California
San Francisco,2021-05-17,7228,1047845,5381,657228,1681,348581,166,42036,2508,111238,4700,488294,2677,599532,California
San Francisco,2021-05-18,8658,1056503,4969,662197,3514,352095,175,42211,1999,106799,6614,494908,2175,601707,California
San Francisco,2021-05-19,7443,1063946,5530,667727,1681,353776,232,42443,2436,104487,4979,499887,2667,604374,California
San Francisco,2021-05-20,5381,1069327,3665,671392,1517,355293,199,42642,1537,102410,3811,503698,1734,606108,California
San Francisco,2021-05-21,6641,1075968,3749,675141,2750,358043,142,42784,1702,99356,4894,508592,1840,607948,California
San Francisco,2021-05-22,4332,1080300,3368,678509,919,358962,45,42829,2078,99243,2237,510829,2124,610072,California
San Francisco,2021-05-23,1522,1081822,1236,679745,256,359218,30,42859,767,99291,751,511580,799,610871,California
San Francisco,2021-05-24,4032,1085854,2852,682597,1017,360235,163,43022,1211,97870,2796,514376,1375,612246,California
San Francisco,2021-05-25,3669,1089523,2394,684991,1057,361292,218,43240,1105,96642,2547,516923,1319,613565,California
San Francisco,2021-05-26,3911,1093434,2533,687524,1232,362524,146,43386,1142,95185,2745,519668,1288,614853,California
San Francisco,2021-05-27,3689,1097123,2133,689657,1380,363904,176,43562,1199,94080,2480,522148,1375,616228,California
San Francisco,2021-05-28,3759,1100882,2150,691807,1449,365353,160,43722,1346,93197,2388,524536,1505,617733,California
San Francisco,2021-05-29,2021,1102903,1466,693273,455,365808,100,43822,881,93052,1120,525656,975,618708,California
San Francisco,2021-05-30,962,1103865,692,693965,233,366041,37,43859,403,92937,555,526211,440,619148,California
San Francisco,2021-05-31,253,1104118,206,694171,40,366081,7,43866,86,92864,166,526377,93,619241,California
San Francisco,2021-06-01,3556,1107674,2149,696320,1220,367301,187,44053,1282,92072,2258,528635,1466,620707,California
San Francisco,2021-06-02,2422,1110096,1747,698067,552,367853,123,44176,1019,91817,1392,530027,1137,621844,California
San Francisco,2021-06-03,3938,1114034,2712,700779,1026,368879,200,44376,1263,90616,2660,532687,1459,623303,California
San Francisco,2021-06-04,5609,1119643,4733,705512,736,369615,140,44516,1420,88018,4155,536842,1557,624860,California
San Francisco,2021-06-05,3633,1123276,3102,708614,389,370004,142,44658,961,86455,2661,539503,1098,625958,California
San Francisco,2021-06-06,1388,1124664,1362,709976,22,370026,4,44662,206,85487,1178,540681,210,626168,California
San Joaquin,2020-12-15,12,12,12,12,0,0,0,0,12,12,0,0,12,12,California
San Joaquin,2020-12-16,309,321,309,321,0,0,0,0,309,321,0,0,309,321,California
San Joaquin,2020-12-17,320,641,320,641,0,0,0,0,320,641,0,0,320,641,California
San Joaquin,2020-12-18,533,1174,529,1170,4,4,0,0,533,1174,0,0,533,1174,California
San Joaquin,2020-12-19,190,1364,190,1360,0,4,0,0,190,1364,0,0,190,1364,California
San Joaquin,2020-12-20,116,1480,115,1475,1,5,0,0,116,1480,0,0,116,1480,California
San Joaquin,2020-12-21,494,1974,493,1968,1,6,0,0,494,1974,0,0,494,1974,California
San Joaquin,2020-12-22,972,2946,853,2821,119,125,0,0,971,2945,0,0,971,2945,California
San Joaquin,2020-12-23,981,3927,922,3743,59,184,0,0,979,3924,2,2,981,3926,California
San Joaquin,2020-12-24,217,4144,188,3931,29,213,0,0,216,4140,1,3,217,4143,California
San Joaquin,2020-12-25,15,4159,15,3946,0,213,0,0,15,4155,0,3,15,4158,California
San Joaquin,2020-12-26,103,4262,31,3977,72,285,0,0,103,4258,0,3,103,4261,California
San Joaquin,2020-12-27,44,4306,31,4008,13,298,0,0,44,4302,0,3,44,4305,California
San Joaquin,2020-12-28,626,4932,423,4431,203,501,0,0,626,4928,0,3,626,4931,California
San Joaquin,2020-12-29,791,5723,664,5095,127,628,0,0,791,5719,0,3,791,5722,California
San Joaquin,2020-12-30,1011,6734,718,5813,293,921,0,0,1009,6728,2,5,1011,6733,California
San Joaquin,2020-12-31,455,7189,203,6016,252,1173,0,0,455,7183,1,6,456,7189,California
San Joaquin,2021-01-01,23,7212,13,6029,10,1183,0,0,23,7206,0,6,23,7212,California
San Joaquin,2021-01-02,266,7478,243,6272,23,1206,0,0,266,7472,0,6,266,7478,California
San Joaquin,2021-01-03,38,7516,20,6292,18,1224,0,0,37,7508,1,7,37,7515,California
San Joaquin,2021-01-04,478,7994,339,6631,139,1363,0,0,475,7981,2,9,475,7990,California
San Joaquin,2021-01-05,982,8976,647,7278,335,1698,0,0,811,8658,171,180,848,8838,California
San Joaquin,2021-01-06,1225,10201,710,7988,515,2213,0,0,920,9282,300,480,924,9762,California
San Joaquin,2021-01-07,1084,11285,685,8673,399,2612,0,0,787,9776,294,774,788,10550,California
San Joaquin,2021-01-08,1203,12488,823,9496,380,2992,0,0,710,9998,492,1266,714,11264,California
San Joaquin,2021-01-09,379,12867,300,9796,79,3071,0,0,247,10114,132,1398,248,11512,California
San Joaquin,2021-01-10,224,13091,116,9912,108,3179,0,0,171,10233,52,1450,171,11683,California
San Joaquin,2021-01-11,1533,14624,1325,11237,208,3387,0,0,866,10501,666,2116,934,12617,California
San Joaquin,2021-01-12,1475,16099,1060,12297,415,3802,0,0,698,10497,773,2889,769,13386,California
San Joaquin,2021-01-13,1534,17633,900,13197,634,4436,0,0,957,10885,574,3463,962,14348,California
San Joaquin,2021-01-14,1752,19385,973,14170,779,5215,0,0,1408,11987,323,3786,1425,15773,California
San Joaquin,2021-01-15,1532,20917,546,14716,986,6201,0,0,1302,13091,215,4001,1319,17092,California
San Joaquin,2021-01-16,1130,22047,180,14896,950,7151,0,0,1099,14160,30,4031,1099,18191,California
San Joaquin,2021-01-17,1621,23668,135,15031,1486,8637,0,0,1580,15701,41,4072,1582,19773,California
San Joaquin,2021-01-18,740,24408,238,15269,502,9139,0,0,619,16203,117,4189,619,20392,California
San Joaquin,2021-01-19,1875,26283,900,16169,975,10114,0,0,1193,16727,677,4866,1201,21593,California
San Joaquin,2021-01-20,2089,28372,1285,17454,804,10918,0,0,1441,17533,641,5507,1447,23040,California
San Joaquin,2021-01-21,1976,30348,898,18352,1078,11996,0,0,1577,18726,392,5899,1585,24625,California
San Joaquin,2021-01-22,1952,32300,894,19246,1058,13054,0,0,1810,20401,137,6036,1812,26437,California
San Joaquin,2021-01-23,896,33196,396,19642,500,13554,0,0,611,20730,284,6320,613,27050,California
San Joaquin,2021-01-24,352,33548,135,19777,217,13771,0,0,329,21039,20,6340,329,27379,California
San Joaquin,2021-01-25,2000,35548,1146,20923,854,14625,0,0,1433,21910,564,6904,1435,28814,California
San Joaquin,2021-01-26,2158,37706,1115,22038,1043,15668,0,0,1545,22854,606,7510,1550,30364,California
San Joaquin,2021-01-27,1738,39444,770,22808,968,16636,0,0,1239,23606,494,8004,1246,31610,California
San Joaquin,2021-01-28,2041,41485,768,23576,1273,17909,0,0,1386,24349,651,8655,1394,33004,California
San Joaquin,2021-01-29,2160,43645,1048,24624,1112,19021,0,0,1809,25822,345,9000,1818,34822,California
San Joaquin,2021-01-30,2173,45818,354,24978,1819,20840,0,0,1995,27642,177,9177,1997,36819,California
San Joaquin,2021-01-31,1558,47376,180,25158,1378,22218,0,0,1493,29072,64,9241,1494,38313,California
San Joaquin,2021-02-01,2528,49904,1341,26499,1187,23405,0,0,1769,30085,759,10000,1772,40085,California
San Joaquin,2021-02-02,2586,52490,1154,27653,1432,24837,0,0,1975,31513,551,10551,1979,42064,California
San Joaquin,2021-02-03,3077,55567,1213,28866,1864,26701,0,0,2208,32865,862,11413,2214,44278,California
San Joaquin,2021-02-04,3544,59111,1816,30682,1728,28429,0,0,2647,34626,892,12305,2653,46931,California
San Joaquin,2021-02-05,3168,62279,1807,32489,1361,29790,0,0,2342,36165,816,13121,2355,49286,California
San Joaquin,2021-02-06,1086,63365,747,33236,339,30129,0,0,943,36969,140,13261,944,50230,California
San Joaquin,2021-02-07,620,63985,491,33727,129,30258,0,0,416,37187,199,13460,417,50647,California
San Joaquin,2021-02-08,1787,65772,1037,34764,750,31008,0,0,1445,38319,319,13779,1451,52098,California
San Joaquin,2021-02-09,2128,67900,1156,35920,972,31980,0,0,1583,39430,475,14254,1586,53684,California
San Joaquin,2021-02-10,2563,70463,1248,37168,1315,33295,0,0,1342,39574,1199,15453,1343,55027,California
San Joaquin,2021-02-11,2917,73380,1484,38652,1433,34728,0,0,1702,40100,1183,16636,1709,56736,California
San Joaquin,2021-02-12,2816,76196,1127,39779,1689,36417,0,0,1597,40504,1198,17834,1602,58338,California
San Joaquin,2021-02-13,2116,78312,396,40175,1720,38137,0,0,853,40114,1249,19083,859,59197,California
San Joaquin,2021-02-14,1903,80215,260,40435,1643,39780,0,0,691,39623,1183,20266,692,59889,California
San Joaquin,2021-02-15,1988,82203,834,41269,1154,40934,0,0,1194,40057,764,21030,1198,61087,California
San Joaquin,2021-02-16,3161,85364,1375,42644,1786,42720,0,0,1749,40420,1397,22427,1760,62847,California
San Joaquin,2021-02-17,3275,88639,1265,43909,2010,44730,0,0,1865,40892,1397,23824,1869,64716,California
San Joaquin,2021-02-18,3349,91988,1381,45290,1968,46698,0,0,1910,41403,1404,25228,1915,66631,California
San Joaquin,2021-02-19,4272,96260,2414,47704,1858,48556,0,0,2391,41968,1826,27054,2391,69022,California
San Joaquin,2021-02-20,1557,97817,662,48366,895,49451,0,0,1060,42532,496,27550,1060,70082,California
San Joaquin,2021-02-21,673,98490,509,48875,164,49615,0,0,422,42708,248,27798,424,70506,California
San Joaquin,2021-02-22,3548,102038,2503,51378,1045,50660,0,0,2534,44262,984,28782,2538,73044,California
San Joaquin,2021-02-23,4311,106349,2622,54000,1689,52349,0,0,2651,45287,1632,30414,2657,75701,California
San Joaquin,2021-02-24,5766,112115,3423,57423,2343,54692,0,0,4141,47832,1599,32013,4144,79845,California
San Joaquin,2021-02-25,6355,118470,3928,61351,2427,57119,0,0,4102,49731,2214,34227,4113,83958,California
San Joaquin,2021-02-26,5513,123983,2861,64212,2652,59771,0,0,3783,51824,1696,35923,3789,87747,California
San Joaquin,2021-02-27,5480,129463,1632,65844,3848,63619,0,0,2645,51701,2780,38703,2657,90404,California
San Joaquin,2021-02-28,3104,132567,1120,66964,1984,65603,0,0,2053,52730,1026,39729,2055,92459,California
San Joaquin,2021-03-01,4136,136703,1827,68791,2307,67910,2,2,2343,53309,1775,41504,2354,94813,California
San Joaquin,2021-03-02,4212,140915,1682,70473,2530,70440,0,2,2644,54463,1545,43049,2699,97512,California
San Joaquin,2021-03-03,5799,146714,3443,73916,2354,72794,2,4,4181,57051,1594,44643,4182,101694,California
San Joaquin,2021-03-04,5722,152436,2271,76187,3448,76242,3,7,3741,58830,1966,46609,3745,105439,California
San Joaquin,2021-03-05,4464,156900,1900,78087,2559,78801,5,12,3082,60555,1366,47975,3091,108530,California
San Joaquin,2021-03-06,3298,160198,2172,80259,996,79797,130,142,2717,62828,577,48552,2850,111380,California
San Joaquin,2021-03-07,1221,161419,563,80822,610,80407,48,190,936,63530,267,48819,969,112349,California
San Joaquin,2021-03-08,3153,164572,1263,82085,1765,82172,125,315,2140,64793,1001,49820,2264,114613,California
San Joaquin,2021-03-09,4033,168605,1829,83914,2073,84245,131,446,2674,66259,1344,51164,2810,117423,California
San Joaquin,2021-03-10,4643,173248,2467,86381,2036,86281,140,586,3416,68603,1212,52376,3556,120979,California
San Joaquin,2021-03-11,4955,178203,2358,88739,1997,88278,600,1186,2940,70144,2003,54379,3544,124523,California
San Joaquin,2021-03-12,6295,184498,3143,91882,2815,91093,337,1523,4162,72543,2107,56486,4506,129029,California
San Joaquin,2021-03-13,3068,187566,1458,93340,1485,92578,125,1648,2286,74187,774,57260,2418,131447,California
San Joaquin,2021-03-14,2166,189732,674,94014,1189,93767,303,1951,1027,74389,1132,58392,1334,132781,California
San Joaquin,2021-03-15,6079,195811,3500,97514,2175,95942,404,2355,3176,75112,2870,61262,3593,136374,California
San Joaquin,2021-03-16,6858,202669,3903,101417,2698,98640,257,2612,4041,76621,2794,64056,4303,140677,California
San Joaquin,2021-03-17,7810,210479,4679,106096,3061,101701,70,2682,4340,77609,3431,67487,4419,145096,California
San Joaquin,2021-03-18,7640,218119,4495,110591,2640,104341,505,3187,3762,78050,3834,71321,4275,149371,California
San Joaquin,2021-03-19,7946,226065,4658,115249,2744,107085,544,3731,4808,80335,3114,74435,5399,154770,California
San Joaquin,2021-03-20,3687,229752,2127,117376,1317,108402,243,3974,1831,80582,1839,76274,2086,156856,California
San Joaquin,2021-03-21,2120,231872,1505,118881,408,108810,207,4181,1184,81093,924,77198,1435,158291,California
San Joaquin,2021-03-22,3981,235853,2042,120923,1523,110333,416,4597,2348,82247,1616,78814,2770,161061,California
San Joaquin,2021-03-23,5388,241241,2645,123568,2575,112908,168,4765,3712,84479,1655,80469,3887,164948,California
San Joaquin,2021-03-24,6846,248087,4249,127817,2511,115419,86,4851,3021,83807,3787,84256,3115,168063,California
San Joaquin,2021-03-25,5569,253656,3308,131125,2217,117636,44,4895,3299,84909,2248,86504,3350,171413,California
San Joaquin,2021-03-26,6185,259841,2562,133687,3472,121108,151,5046,3233,85385,2926,89430,3402,174815,California
San Joaquin,2021-03-27,4671,264512,2624,136311,1974,123082,73,5119,1807,84435,2841,92271,1891,176706,California
San Joaquin,2021-03-28,2730,267242,1808,138119,897,123979,25,5144,1292,84415,1418,93689,1398,178104,California
San Joaquin,2021-03-29,4045,271287,2185,140304,1838,125817,22,5166,2020,84463,2009,95698,2057,180161,California
San Joaquin,2021-03-30,6233,277520,3175,143479,2965,128782,93,5259,3436,85243,2768,98466,3548,183709,California
San Joaquin,2021-03-31,6599,284119,4152,147631,2387,131169,60,5319,3342,85430,3239,101705,3426,187135,California
San Joaquin,2021-04-01,6427,290546,2986,150617,3354,134523,87,5406,2840,84851,3564,105269,2985,190120,California
San Joaquin,2021-04-02,6345,296891,2882,153499,2970,137493,493,5899,2532,84119,3788,109057,3056,193176,California
San Joaquin,2021-04-03,4145,301036,2337,155836,1483,138976,325,6224,2001,84329,2128,111185,2338,195514,California
San Joaquin,2021-04-04,2288,303324,1366,157202,718,139694,204,6428,1551,85373,728,111913,1772,197286,California
San Joaquin,2021-04-05,4779,308103,2833,160035,1711,141405,235,6663,2637,86124,2131,114044,2882,200168,California
San Joaquin,2021-04-06,7060,315163,4541,164576,2251,143656,268,6931,3339,86055,3692,117736,3623,203791,California
San Joaquin,2021-04-07,8331,323494,4529,169105,2216,145872,1586,8517,3501,86341,4814,122550,5100,208891,California
San Joaquin,2021-04-08,8758,332252,4703,173808,1938,147810,2117,10634,3312,86351,5419,127969,5429,214320,California
San Joaquin,2021-04-09,8882,341134,4280,178088,3039,150849,1563,12197,3218,85509,5641,133610,4799,219119,California
San Joaquin,2021-04-10,5221,346355,1629,179717,1683,152532,1909,14106,1761,85729,3448,137058,3668,222787,California
San Joaquin,2021-04-11,4084,350439,1555,181272,1363,153895,1166,15272,1771,86358,2303,139361,2932,225719,California
San Joaquin,2021-04-12,5988,356427,2387,183659,2061,155956,1540,16812,2338,86614,3629,142990,3885,229604,California
San Joaquin,2021-04-13,7472,363899,4298,187957,3167,159123,7,16819,4580,88340,2869,145859,4595,234199,California
San Joaquin,2021-04-14,7475,371374,3735,191692,3739,162862,1,16820,4471,89838,2986,148845,4484,238683,California
San Joaquin,2021-04-15,7822,379196,4616,196308,3206,166068,0,16820,4372,90801,3417,152262,4380,243063,California
San Joaquin,2021-04-16,7641,386837,4080,200388,3558,169626,3,16823,4575,92351,3039,155301,4589,247652,California
San Joaquin,2021-04-17,5163,392000,2788,203176,2373,171999,2,16825,3666,94551,1486,156787,3686,251338,California
San Joaquin,2021-04-18,2474,394474,1374,204550,1100,173099,0,16825,1315,94729,1145,157932,1323,252661,California
San Joaquin,2021-04-19,5189,399663,2804,207354,2385,175484,0,16825,2770,95115,2394,160326,2780,255441,California
San Joaquin,2021-04-20,6238,405901,3291,210645,2947,178431,0,16825,2956,94825,3256,163582,2966,258407,California
San Joaquin,2021-04-21,5652,411553,3129,213774,2523,180954,0,16825,2924,95078,2679,166261,2932,261339,California
San Joaquin,2021-04-22,5304,416857,3140,216914,2162,183116,2,16827,3066,95951,2212,168473,3085,264424,California
San Joaquin,2021-04-23,5915,422772,2840,219754,3074,186190,1,16828,3752,97568,2142,170615,3759,268183,California
San Joaquin,2021-04-24,5245,428017,3614,223368,1630,187820,1,16829,3416,99188,1804,172419,3424,271607,California
San Joaquin,2021-04-25,3057,431074,2573,225941,484,188304,0,16829,2026,100210,1011,173430,2033,273640,California
San Joaquin,2021-04-26,3972,435046,2617,228558,1351,189655,4,16833,2098,100456,1862,175292,2108,275748,California
San Joaquin,2021-04-27,4570,439616,2640,231198,1876,191531,54,16887,1945,99859,2603,177895,2006,277754,California
San Joaquin,2021-04-28,5566,445182,3350,234548,2141,193672,75,16962,2762,99930,2776,180671,2847,280601,California
San Joaquin,2021-04-29,4906,450088,2873,237421,1977,195649,56,17018,2513,100140,2371,183042,2581,283182,California
San Joaquin,2021-04-30,4969,455057,2425,239846,2477,198126,67,17085,2576,100416,2377,185419,2653,285835,California
San Joaquin,2021-05-01,3342,458399,1911,241757,1372,199498,59,17144,2130,101415,1204,186623,2203,288038,California
San Joaquin,2021-05-02,2301,460700,1601,243358,644,200142,56,17200,1174,101523,1123,187746,1231,289269,California
San Joaquin,2021-05-03,3324,464024,2254,245612,996,201138,74,17274,1403,101102,1905,189651,1484,290753,California
San Joaquin,2021-05-04,4842,468866,3298,248910,1388,202526,156,17430,1782,100012,3039,192690,1949,292702,California
San Joaquin,2021-05-05,4928,473794,3370,252280,1396,203922,162,17592,2139,99559,2762,195452,2309,295011,California
San Joaquin,2021-05-06,4630,478424,3095,255375,1407,205329,128,17720,2034,99152,2579,198031,2172,297183,California
San Joaquin,2021-05-07,5078,483502,2946,258321,1980,207309,152,17872,1885,98027,3171,201202,2046,299229,California
San Joaquin,2021-05-08,3270,486772,2104,260425,1065,208374,101,17973,1207,97295,2049,203251,1317,300546,California
San Joaquin,2021-05-09,1486,488258,849,261274,567,208941,70,18043,596,97080,887,204138,672,301218,California
San Joaquin,2021-05-10,2809,491067,1475,262749,1209,210150,125,18168,927,96269,1868,206006,1057,302275,California
San Joaquin,2021-05-11,4084,495151,2161,264910,1807,211957,116,18284,1302,94949,2766,208772,1446,303721,California
San Joaquin,2021-05-12,4096,499247,1895,266805,2086,214043,115,18399,1300,93595,2782,211554,1428,305149,California
San Joaquin,2021-05-13,4270,503517,2406,269211,1780,215823,84,18483,1579,92594,2677,214231,1676,306825,California
San Joaquin,2021-05-14,5719,509236,3403,272614,2208,218031,108,18591,2404,91825,3289,217520,2520,309345,California
San Joaquin,2021-05-15,5219,514455,3096,275710,2044,220075,79,18670,1632,89985,3555,221075,1715,311060,California
San Joaquin,2021-05-16,3535,517990,2760,278470,726,220801,49,18719,1428,89376,2095,223170,1486,312546,California
San Joaquin,2021-05-17,4110,522100,2456,280926,1557,222358,97,18816,1787,88961,2308,225478,1893,314439,California
San Joaquin,2021-05-18,3930,526030,2266,283192,1545,223903,119,18935,1880,88933,2033,227511,2005,316444,California
San Joaquin,2021-05-19,4718,530748,2733,285925,1853,225756,132,19067,2077,88542,2610,230121,2219,318663,California
San Joaquin,2021-05-20,3500,534248,2156,288081,1258,227014,86,19153,1587,88320,1895,232016,1673,320336,California
San Joaquin,2021-05-21,4428,538676,2656,290737,1667,228681,105,19258,2077,88187,2322,234338,2189,322525,California
San Joaquin,2021-05-22,3520,542196,2253,292990,1190,229871,77,19335,1624,88011,1882,236220,1706,324231,California
San Joaquin,2021-05-23,2090,544286,1804,294794,252,230123,34,19369,1296,88553,789,237009,1331,325562,California
San Joaquin,2021-05-24,2933,547219,1678,296472,1164,231287,91,19460,1390,88512,1526,238535,1485,327047,California
San Joaquin,2021-05-25,3028,550247,1915,298387,1014,232301,99,19559,1474,88550,1534,240069,1572,328619,California
San Joaquin,2021-05-26,3142,553389,1666,300053,1401,233702,75,19634,1331,88161,1800,241869,1411,330030,California
San Joaquin,2021-05-27,2883,556272,1472,301525,1333,235035,78,19712,1131,87634,1739,243608,1212,331242,California
San Joaquin,2021-05-28,3010,559282,1588,303113,1334,236369,88,19800,1396,87537,1592,245200,1495,332737,California
San Joaquin,2021-05-29,2111,561393,1157,304270,918,237287,36,19836,948,87366,1160,246360,989,333726,California
San Joaquin,2021-05-30,960,562353,507,304777,427,237714,26,19862,398,87236,557,246917,427,334153,California
San Joaquin,2021-05-31,618,562971,258,305035,353,238067,7,19869,237,87104,377,247294,245,334398,California
San Joaquin,2021-06-01,2383,565354,1458,306493,837,238904,88,19957,1170,87165,1203,248497,1264,335662,California
San Joaquin,2021-06-02,2600,567954,1524,308017,1029,239933,47,20004,1168,86965,1418,249915,1218,336880,California
San Joaquin,2021-06-03,1683,569637,1078,309095,558,240491,47,20051,718,86774,960,250875,769,337649,California
San Joaquin,2021-06-04,498,570135,264,309359,219,240710,15,20066,244,86781,254,251129,261,337910,California
San Joaquin,2021-06-05,503,570638,314,309673,172,240882,17,20083,268,86843,231,251360,293,338203,California
San Joaquin,2021-06-06,51,570689,46,309719,5,240887,0,20083,32,86856,19,251379,32,338235,California
San Luis Obispo,2020-12-16,4,4,4,4,0,0,0,0,4,4,0,0,4,4,California
San Luis Obispo,2020-12-17,196,200,196,200,0,0,0,0,196,200,0,0,196,200,California
San Luis Obispo,2020-12-18,224,424,224,424,0,0,0,0,224,424,0,0,224,424,California
San Luis Obispo,2020-12-19,164,588,164,588,0,0,0,0,164,588,0,0,164,588,California
San Luis Obispo,2020-12-20,215,803,215,803,0,0,0,0,215,803,0,0,215,803,California
San Luis Obispo,2020-12-21,550,1353,549,1352,1,1,0,0,550,1353,0,0,550,1353,California
San Luis Obispo,2020-12-22,311,1664,307,1659,4,5,0,0,311,1664,0,0,311,1664,California
San Luis Obispo,2020-12-23,682,2346,368,2027,314,319,0,0,682,2346,0,0,682,2346,California
San Luis Obispo,2020-12-24,194,2540,19,2046,175,494,0,0,194,2540,0,0,194,2540,California
San Luis Obispo,2020-12-25,2,2542,1,2047,1,495,0,0,2,2542,0,0,2,2542,California
San Luis Obispo,2020-12-26,90,2632,13,2060,77,572,0,0,90,2632,0,0,90,2632,California
San Luis Obispo,2020-12-27,76,2708,0,2060,76,648,0,0,76,2708,0,0,76,2708,California
San Luis Obispo,2020-12-28,879,3587,429,2489,450,1098,0,0,879,3587,0,0,879,3587,California
San Luis Obispo,2020-12-29,903,4490,503,2992,400,1498,0,0,903,4490,0,0,903,4490,California
San Luis Obispo,2020-12-30,1171,5661,679,3671,492,1990,0,0,1171,5661,0,0,1171,5661,California
San Luis Obispo,2020-12-31,107,5768,4,3675,103,2093,0,0,107,5768,0,0,107,5768,California
San Luis Obispo,2021-01-01,14,5782,9,3684,5,2098,0,0,14,5782,0,0,14,5782,California
San Luis Obispo,2021-01-02,34,5816,8,3692,26,2124,0,0,34,5816,0,0,34,5816,California
San Luis Obispo,2021-01-03,17,5833,6,3698,11,2135,0,0,17,5833,0,0,17,5833,California
San Luis Obispo,2021-01-04,681,6514,524,4222,157,2292,0,0,681,6514,0,0,681,6514,California
San Luis Obispo,2021-01-05,973,7487,752,4974,221,2513,0,0,971,7483,2,2,971,7485,California
San Luis Obispo,2021-01-06,725,8212,479,5453,246,2759,0,0,717,8193,7,9,717,8202,California
San Luis Obispo,2021-01-07,1127,9339,949,6402,178,2937,0,0,684,8434,443,452,684,8886,California
San Luis Obispo,2021-01-08,880,10219,802,7204,78,3015,0,0,511,8577,368,820,511,9397,California
San Luis Obispo,2021-01-09,206,10425,196,7400,10,3025,0,0,28,8427,178,998,28,9425,California
San Luis Obispo,2021-01-10,12,10437,8,7408,4,3029,0,0,8,8431,4,1002,8,9433,California
San Luis Obispo,2021-01-11,560,10997,509,7917,51,3080,0,0,298,8468,261,1263,298,9731,California
San Luis Obispo,2021-01-12,598,11595,382,8299,216,3296,0,0,318,8506,280,1543,318,10049,California
San Luis Obispo,2021-01-13,890,12485,260,8559,630,3926,0,0,651,8920,237,1780,651,10700,California
San Luis Obispo,2021-01-14,725,13210,238,8797,487,4413,0,0,603,9410,113,1893,603,11303,California
San Luis Obispo,2021-01-15,734,13944,292,9089,442,4855,0,0,555,9791,174,2067,555,11858,California
San Luis Obispo,2021-01-16,100,14044,81,9170,19,4874,0,0,94,9879,6,2073,94,11952,California
San Luis Obispo,2021-01-17,65,14109,58,9228,7,4881,0,0,65,9944,0,2073,65,12017,California
San Luis Obispo,2021-01-18,1371,15480,388,9616,983,5864,0,0,1108,10789,263,2336,1108,13125,California
San Luis Obispo,2021-01-19,1578,17058,415,10031,1163,7027,0,0,1171,11554,407,2743,1172,14297,California
San Luis Obispo,2021-01-20,1887,18945,598,10629,1289,8316,0,0,1296,12262,589,3332,1297,15594,California
San Luis Obispo,2021-01-21,1576,20521,469,11098,1107,9423,0,0,1204,13099,368,3700,1205,16799,California
San Luis Obispo,2021-01-22,1517,22038,503,11601,1014,10437,0,0,1202,13988,313,4013,1202,18001,California
San Luis Obispo,2021-01-23,314,22352,295,11896,19,10456,0,0,298,14270,16,4029,298,18299,California
San Luis Obispo,2021-01-24,248,22600,240,12136,8,10464,0,0,242,14506,6,4035,242,18541,California
San Luis Obispo,2021-01-25,2077,24677,601,12737,1476,11940,0,0,1248,14925,829,4864,1248,19789,California
San Luis Obispo,2021-01-26,2001,26678,698,13435,1303,13243,0,0,1140,15204,861,5725,1140,20929,California
San Luis Obispo,2021-01-27,1612,28290,286,13721,1326,14569,0,0,1155,15902,457,6182,1155,22084,California
San Luis Obispo,2021-01-28,1499,29789,344,14065,1155,15724,0,0,1236,16877,261,6443,1236,23320,California
San Luis Obispo,2021-01-29,1740,31529,682,14747,1058,16782,0,0,1454,18045,286,6729,1454,24774,California
San Luis Obispo,2021-01-30,36,31565,18,14765,18,16800,0,0,25,18060,10,6739,25,24799,California
San Luis Obispo,2021-01-31,27,31592,19,14784,8,16808,0,0,25,18083,2,6741,25,24824,California
San Luis Obispo,2021-02-01,1710,33302,742,15526,968,17776,0,0,1406,19186,303,7044,1406,26230,California
San Luis Obispo,2021-02-02,1898,35200,679,16205,1219,18995,0,0,1521,20331,377,7421,1522,27752,California
San Luis Obispo,2021-02-03,1713,36913,730,16935,983,19978,0,0,1297,21212,416,7837,1297,29049,California
San Luis Obispo,2021-02-04,1661,38574,803,17738,858,20836,0,0,1094,21739,567,8404,1094,30143,California
San Luis Obispo,2021-02-05,1605,40179,715,18453,890,21726,0,0,1060,22254,546,8950,1061,31204,California
San Luis Obispo,2021-02-06,174,40353,107,18560,67,21793,0,0,94,22268,80,9030,94,31298,California
San Luis Obispo,2021-02-07,125,40478,80,18640,45,21838,0,0,72,22288,53,9083,73,31371,California
San Luis Obispo,2021-02-08,857,41335,470,19110,387,22225,0,0,500,22432,356,9439,500,31871,California
San Luis Obispo,2021-02-09,1127,42462,449,19559,678,22903,0,0,544,22406,577,10016,551,32422,California
San Luis Obispo,2021-02-10,1445,43907,492,20051,953,23856,0,0,529,22024,914,10930,532,32954,California
San Luis Obispo,2021-02-11,1330,45237,844,20895,486,24342,0,0,656,22008,672,11602,656,33610,California
San Luis Obispo,2021-02-12,788,46025,363,21258,425,24767,0,0,422,22064,366,11968,422,34032,California
San Luis Obispo,2021-02-13,391,46416,127,21385,264,25031,0,0,283,22240,107,12075,283,34315,California
San Luis Obispo,2021-02-14,318,46734,41,21426,277,25308,0,0,282,22487,36,12111,283,34598,California
San Luis Obispo,2021-02-15,729,47463,138,21564,591,25899,0,0,474,22707,254,12365,474,35072,California
San Luis Obispo,2021-02-16,2965,50428,1197,22761,1768,27667,0,0,1358,22458,1607,13972,1358,36430,California
San Luis Obispo,2021-02-17,2780,53208,1244,24005,1536,29203,0,0,1029,21743,1744,15716,1029,37459,California
San Luis Obispo,2021-02-18,2827,56035,1461,25466,1366,30569,0,0,1135,21195,1684,17400,1136,38595,California
San Luis Obispo,2021-02-19,1463,57498,1342,26808,121,30690,0,0,1136,22006,325,17725,1136,39731,California
San Luis Obispo,2021-02-20,254,57752,80,26888,174,30864,0,0,215,22182,39,17764,215,39946,California
San Luis Obispo,2021-02-21,57,57809,53,26941,4,30868,0,0,32,22189,25,17789,32,39978,California
San Luis Obispo,2021-02-22,2417,60226,1868,28809,549,31417,0,0,1468,22709,949,18738,1469,41447,California
San Luis Obispo,2021-02-23,1863,62089,1748,30557,115,31532,0,0,1367,23582,495,19233,1368,42815,California
San Luis Obispo,2021-02-24,2643,64732,1299,31856,1344,32876,0,0,836,22614,1804,21037,836,43651,California
San Luis Obispo,2021-02-25,2136,66868,1244,33100,892,33768,0,0,1207,22899,923,21960,1208,44859,California
San Luis Obispo,2021-02-26,2649,69517,1150,34250,1499,35267,0,0,1326,22911,1314,23274,1326,46185,California
San Luis Obispo,2021-02-27,576,70093,350,34600,226,35493,0,0,527,23389,49,23323,527,46712,California
San Luis Obispo,2021-02-28,196,70289,69,34669,127,35620,0,0,161,23516,34,23357,161,46873,California
San Luis Obispo,2021-03-01,3005,73294,1881,36550,1122,36742,2,2,2075,24663,931,24288,2078,48951,California
San Luis Obispo,2021-03-02,3029,76323,1910,38460,1119,37861,0,2,1875,25390,1149,25437,1876,50827,California
San Luis Obispo,2021-03-03,2346,78669,338,38798,2008,39869,0,2,849,24749,1491,26928,850,51677,California
San Luis Obispo,2021-03-04,2199,80868,1161,39959,1038,40907,0,2,1183,24921,1013,27941,1185,52862,California
San Luis Obispo,2021-03-05,2302,83170,1022,40981,1210,42117,70,72,1298,25299,990,28931,1368,54230,California
San Luis Obispo,2021-03-06,842,84012,311,41292,423,42540,108,180,621,25801,221,29152,723,54953,California
San Luis Obispo,2021-03-07,201,84213,32,41324,85,42625,84,264,73,25831,127,29279,157,55110,California
San Luis Obispo,2021-03-08,2742,86955,760,42084,1666,44291,316,580,1546,26502,1191,30470,1862,56972,California
San Luis Obispo,2021-03-09,2950,89905,968,43052,1734,46025,248,828,1524,26852,1422,31892,1772,58744,California
San Luis Obispo,2021-03-10,3198,93103,1239,44291,1675,47700,284,1112,1814,27571,1379,33271,2098,60842,California
San Luis Obispo,2021-03-11,3297,96400,1273,45564,1702,49402,322,1434,1805,28215,1482,34753,2126,62968,California
San Luis Obispo,2021-03-12,3250,99650,1283,46847,1628,51030,339,1773,1616,28545,1628,36381,1958,64926,California
San Luis Obispo,2021-03-13,796,100446,262,47109,426,51456,108,1881,431,28719,364,36745,538,65464,California
San Luis Obispo,2021-03-14,513,100959,53,47162,350,51806,110,1991,134,28585,378,37123,244,65708,California
San Luis Obispo,2021-03-15,3058,104017,1098,48260,1862,53668,98,2089,1530,28690,1524,38647,1629,67337,California
San Luis Obispo,2021-03-16,2852,106869,1511,49771,1231,54899,110,2199,1436,28825,1410,40057,1545,68882,California
San Luis Obispo,2021-03-17,3436,110305,1449,51220,1726,56625,261,2460,1991,29643,1433,41490,2251,71133,California
San Luis Obispo,2021-03-18,2812,113117,1447,52667,1151,57776,214,2674,1339,29727,1468,42958,1552,72685,California
San Luis Obispo,2021-03-19,2595,115712,1568,54235,705,58481,322,2996,960,29384,1627,44585,1284,73969,California
San Luis Obispo,2021-03-20,841,116553,501,54736,303,58784,37,3033,387,29355,453,45038,424,74393,California
San Luis Obispo,2021-03-21,188,116741,45,54781,140,58924,3,3036,158,29487,29,45067,161,74554,California
San Luis Obispo,2021-03-22,2699,119440,1173,55954,1478,60402,48,3084,1865,30570,830,45897,1913,76467,California
San Luis Obispo,2021-03-23,3384,122824,2211,58165,1142,61544,31,3115,2267,31756,1112,47009,2298,78765,California
San Luis Obispo,2021-03-24,3528,126352,2146,60311,1297,62841,85,3200,2624,33567,897,47906,2708,81473,California
San Luis Obispo,2021-03-25,3691,130043,2304,62615,1375,64216,12,3212,2641,35173,1046,48952,2652,84125,California
San Luis Obispo,2021-03-26,3240,133283,1795,64410,1012,65228,433,3645,1811,35993,1424,50376,2244,86369,California
San Luis Obispo,2021-03-27,994,134277,508,64918,395,65623,91,3736,452,35996,540,50916,543,86912,California
San Luis Obispo,2021-03-28,446,134723,152,65070,238,65861,56,3792,245,36097,200,51116,301,87213,California
San Luis Obispo,2021-03-29,2602,137325,1300,66370,1168,67029,134,3926,1658,36959,930,52046,1792,89005,California
San Luis Obispo,2021-03-30,3521,140846,1929,68299,1450,68479,142,4068,2345,38275,1169,53215,2485,91490,California
San Luis Obispo,2021-03-31,3887,144733,2474,70773,1267,69746,146,4214,2508,39560,1368,54583,2653,94143,California
San Luis Obispo,2021-04-01,3886,148619,2460,73233,1307,71053,119,4333,2716,41236,1157,55740,2833,96976,California
San Luis Obispo,2021-04-02,1752,150371,689,73922,750,71803,313,4646,951,41699,799,56539,1262,98238,California
San Luis Obispo,2021-04-03,1113,151484,558,74480,428,72231,127,4773,494,41705,615,57154,621,98859,California
San Luis Obispo,2021-04-04,387,151871,133,74613,214,72445,40,4813,238,41834,149,57303,278,99137,California
San Luis Obispo,2021-04-05,3614,155485,1943,76556,1560,74005,111,4924,2018,42369,1592,58895,2127,101264,California
San Luis Obispo,2021-04-06,4058,159543,2162,78718,1572,75577,324,5248,1941,42524,2109,61004,2264,103528,California
San Luis Obispo,2021-04-07,4307,163850,2344,81062,1597,77174,366,5614,2460,43515,1832,62836,2823,106351,California
San Luis Obispo,2021-04-08,4057,167907,2210,83272,1441,78615,406,6020,2160,44192,1889,64725,2566,108917,California
San Luis Obispo,2021-04-09,3682,171589,1750,85022,1171,79786,761,6781,1506,44291,2165,66890,2264,111181,California
San Luis Obispo,2021-04-10,1589,173178,565,85587,356,80142,668,7449,495,44359,1094,67984,1162,112343,California
San Luis Obispo,2021-04-11,314,173492,62,85649,187,80329,65,7514,125,44362,187,68171,190,112533,California
San Luis Obispo,2021-04-12,3404,176896,1713,87362,1529,81858,162,7676,1420,43960,1984,70155,1582,114115,California
San Luis Obispo,2021-04-13,3657,180553,2112,89474,1544,83402,1,7677,1970,44248,1684,71839,1972,116087,California
San Luis Obispo,2021-04-14,3548,184101,2011,91485,1532,84934,5,7682,1774,44264,1759,73598,1775,117862,California
San Luis Obispo,2021-04-15,3679,187780,2396,93881,1282,86216,1,7683,1979,44563,1682,75280,1981,119843,California
San Luis Obispo,2021-04-16,3631,191411,2214,96095,1413,87629,4,7687,1780,44500,1845,77125,1782,121625,California
San Luis Obispo,2021-04-17,1095,192506,433,96528,660,88289,2,7689,709,44826,385,77510,711,122336,California
San Luis Obispo,2021-04-18,320,192826,98,96626,221,88510,1,7690,110,44729,207,77717,110,122446,California
San Luis Obispo,2021-04-19,3190,196016,1346,97972,1806,90316,38,7728,1117,43816,2069,79786,1156,123602,California
San Luis Obispo,2021-04-20,3617,199633,2011,99983,1606,91922,0,7728,1336,42880,2272,82058,1336,124938,California
San Luis Obispo,2021-04-21,3925,203558,1809,101792,2116,94038,0,7728,1588,42151,2317,84375,1588,126526,California
San Luis Obispo,2021-04-22,4588,208146,2060,103852,2528,96566,0,7728,1426,40434,3145,87520,1428,127954,California
San Luis Obispo,2021-04-23,1462,209608,845,104697,613,97179,4,7732,704,40396,753,88273,715,128669,California
San Luis Obispo,2021-04-24,1083,210691,440,105137,624,97803,19,7751,508,40341,582,88855,527,129196,California
San Luis Obispo,2021-04-25,346,211037,162,105299,184,97987,0,7751,111,40219,233,89088,111,129307,California
San Luis Obispo,2021-04-26,1017,212054,365,105664,635,98622,17,7768,376,39982,629,89717,392,129699,California
San Luis Obispo,2021-04-27,3850,215904,1962,107626,1814,100436,74,7842,1512,39237,2330,92047,1585,131284,California
San Luis Obispo,2021-04-28,3803,219707,2101,109727,1631,102067,71,7913,1350,38218,2440,94487,1421,132705,California
San Luis Obispo,2021-04-29,3702,223409,2117,111844,1516,103583,69,7982,1240,37081,2447,96934,1310,134015,California
San Luis Obispo,2021-04-30,2977,226386,1665,113509,1238,104821,74,8056,926,36046,2033,98967,998,135013,California
San Luis Obispo,2021-05-01,468,226854,158,113667,274,105095,36,8092,97,35811,367,99334,132,135145,California
San Luis Obispo,2021-05-02,171,227025,52,113719,99,105194,20,8112,42,35744,129,99463,62,135207,California
San Luis Obispo,2021-05-03,884,227909,288,114007,494,105688,102,8214,224,35409,659,100122,324,135531,California
San Luis Obispo,2021-05-04,2931,230840,1902,115909,966,106654,63,8277,868,34282,2056,102178,929,136460,California
San Luis Obispo,2021-05-05,2804,233644,1851,117760,887,107541,66,8343,686,32928,2107,104285,753,137213,California
San Luis Obispo,2021-05-06,2812,236456,1892,119652,860,108401,60,8403,731,31655,2064,106349,791,138004,California
San Luis Obispo,2021-05-07,2322,238778,1760,121412,501,108902,61,8464,607,30631,1693,108042,669,138673,California
San Luis Obispo,2021-05-08,567,239345,333,121745,210,109112,24,8488,191,30488,358,108400,215,138888,California
San Luis Obispo,2021-05-09,163,239508,40,121785,104,109216,19,8507,46,30437,116,108516,65,138953,California
San Luis Obispo,2021-05-10,723,240231,154,121939,521,109737,48,8555,154,30074,564,109080,201,139154,California
San Luis Obispo,2021-05-11,1164,241395,593,122532,501,110238,70,8625,355,29695,804,109884,425,139579,California
San Luis Obispo,2021-05-12,2377,243772,1590,124122,705,110943,82,8707,659,28733,1703,111587,741,140320,California
San Luis Obispo,2021-05-13,1041,244813,651,124773,331,111274,59,8766,445,28644,592,112179,503,140823,California
San Luis Obispo,2021-05-14,2209,247022,1624,126397,541,111815,44,8810,913,28322,1279,113458,957,141780,California
San Luis Obispo,2021-05-15,991,248013,458,126855,499,112314,34,8844,468,28304,521,113979,503,142283,California
San Luis Obispo,2021-05-16,302,248315,162,127017,134,112448,6,8850,171,28351,130,114109,177,142460,California
San Luis Obispo,2021-05-17,1662,249977,965,127982,645,113093,52,8902,663,28076,990,115099,715,143175,California
San Luis Obispo,2021-05-18,1885,251862,1149,129131,704,113797,32,8934,718,27666,1161,116260,751,143926,California
San Luis Obispo,2021-05-19,1449,253311,624,129755,763,114560,62,8996,411,27106,1032,117292,472,144398,California
San Luis Obispo,2021-05-20,969,254280,441,130196,498,115058,30,9026,273,26724,685,117977,303,144701,California
San Luis Obispo,2021-05-21,887,255167,506,130702,343,115401,38,9064,428,26739,451,118428,466,145167,California
San Luis Obispo,2021-05-22,541,255708,292,130994,226,115627,23,9087,292,26811,243,118671,315,145482,California
San Luis Obispo,2021-05-23,71,255779,38,131032,27,115654,6,9093,29,26804,42,118713,35,145517,California
San Luis Obispo,2021-05-24,565,256344,266,131298,265,115919,34,9127,212,26699,351,119064,246,145763,California
San Luis Obispo,2021-05-25,872,257216,431,131729,414,116333,27,9154,355,26572,509,119573,382,146145,California
San Luis Obispo,2021-05-26,2138,259354,987,132716,1096,117429,55,9209,671,25835,1462,121035,725,146870,California
San Luis Obispo,2021-05-27,1872,261226,660,133376,1179,118608,33,9242,482,24964,1385,122420,514,147384,California
San Luis Obispo,2021-05-28,882,262108,451,133827,410,119018,21,9263,465,25034,416,122836,486,147870,California
San Luis Obispo,2021-05-29,374,262482,150,133977,213,119231,11,9274,211,25095,162,122998,223,148093,California
San Luis Obispo,2021-05-30,89,262571,36,134013,45,119276,8,9282,34,25082,54,123052,41,148134,California
San Luis Obispo,2021-05-31,43,262614,5,134018,24,119300,14,9296,16,25086,25,123077,29,148163,California
San Luis Obispo,2021-06-01,752,263366,327,134345,394,119694,31,9327,272,24913,476,123553,303,148466,California
San Luis Obispo,2021-06-02,632,263998,288,134633,306,120000,38,9365,193,24711,433,123986,231,148697,California
San Luis Obispo,2021-06-03,898,264896,440,135073,425,120425,33,9398,254,24357,641,124627,287,148984,California
San Luis Obispo,2021-06-04,2398,267294,1471,136544,887,121312,40,9438,673,23356,1712,126339,711,149695,California
San Luis Obispo,2021-06-05,655,267949,286,136830,346,121658,23,9461,323,23370,332,126671,346,150041,California
San Luis Obispo,2021-06-06,23,267972,10,136840,12,121670,1,9462,6,23360,17,126688,7,150048,California
San Mateo,2020-12-15,26,26,26,26,0,0,0,0,26,26,0,0,26,26,California
San Mateo,2020-12-16,111,137,111,137,0,0,0,0,111,137,0,0,111,137,California
San Mateo,2020-12-17,171,308,171,308,0,0,0,0,171,308,0,0,171,308,California
San Mateo,2020-12-18,785,1093,783,1091,2,2,0,0,785,1093,0,0,785,1093,California
San Mateo,2020-12-19,510,1603,510,1601,0,2,0,0,510,1603,0,0,510,1603,California
San Mateo,2020-12-20,506,2109,505,2106,1,3,0,0,506,2109,0,0,506,2109,California
San Mateo,2020-12-21,1149,3258,1149,3255,0,3,0,0,1149,3258,0,0,1149,3258,California
San Mateo,2020-12-22,1521,4779,1513,4768,8,11,0,0,1521,4779,0,0,1521,4779,California
San Mateo,2020-12-23,1575,6354,1386,6154,189,200,0,0,1575,6354,0,0,1575,6354,California
San Mateo,2020-12-24,863,7217,611,6765,252,452,0,0,863,7217,0,0,863,7217,California
San Mateo,2020-12-25,115,7332,111,6876,4,456,0,0,115,7332,0,0,115,7332,California
San Mateo,2020-12-26,563,7895,421,7297,142,598,0,0,563,7895,0,0,563,7895,California
San Mateo,2020-12-27,307,8202,176,7473,131,729,0,0,307,8202,0,0,307,8202,California
San Mateo,2020-12-28,1055,9257,710,8183,345,1074,0,0,1055,9257,0,0,1055,9257,California
San Mateo,2020-12-29,1124,10381,703,8886,421,1495,0,0,1124,10381,0,0,1124,10381,California
San Mateo,2020-12-30,1254,11635,756,9642,498,1993,0,0,1254,11635,0,0,1254,11635,California
San Mateo,2020-12-31,709,12344,229,9871,480,2473,0,0,708,12342,1,1,708,12343,California
San Mateo,2021-01-01,95,12439,65,9936,30,2503,0,0,95,12437,0,1,95,12438,California
San Mateo,2021-01-02,393,12832,265,10201,128,2631,0,0,393,12830,0,1,393,12831,California
San Mateo,2021-01-03,285,13117,209,10410,76,2707,0,0,282,13109,3,4,282,13113,California
San Mateo,2021-01-04,1045,14162,673,11083,372,3079,0,0,1044,14152,1,5,1044,14157,California
San Mateo,2021-01-05,1214,15376,715,11798,499,3578,0,0,1182,15303,32,37,1183,15340,California
San Mateo,2021-01-06,1456,16832,958,12756,498,4076,0,0,1263,16377,190,227,1264,16604,California
San Mateo,2021-01-07,1455,18287,813,13569,642,4718,0,0,1149,17228,299,526,1150,17754,California
San Mateo,2021-01-08,1844,20131,1197,14766,647,5365,0,0,1134,17658,704,1230,1134,18888,California
San Mateo,2021-01-09,1161,21292,766,15532,395,5760,0,0,708,17913,453,1683,708,19596,California
San Mateo,2021-01-10,706,21998,578,16110,128,5888,0,0,264,17735,442,2125,264,19860,California
San Mateo,2021-01-11,2600,24598,1496,17606,1104,6992,0,0,1528,18192,1073,3198,1530,21390,California
San Mateo,2021-01-12,3401,27999,1889,19495,1512,8504,0,0,2215,19227,1184,4382,2219,23609,California
San Mateo,2021-01-13,3387,31386,1650,21145,1737,10241,0,0,2356,20554,1031,5413,2358,25967,California
San Mateo,2021-01-14,3788,35174,1592,22737,2196,12437,0,0,3102,22975,686,6099,3107,29074,California
San Mateo,2021-01-15,4325,39499,1708,24445,2617,15054,0,0,3792,26238,531,6630,3794,32868,California
San Mateo,2021-01-16,3071,42570,764,25209,2307,17361,0,0,2747,28663,323,6953,2748,35616,California
San Mateo,2021-01-17,1317,43887,307,25516,1010,18371,0,0,1109,29564,208,7161,1109,36725,California
San Mateo,2021-01-18,1368,45255,538,26054,830,19201,0,0,990,30179,375,7536,990,37715,California
San Mateo,2021-01-19,2793,48048,1790,27844,1003,20204,0,0,1994,31377,796,8332,1994,39709,California
San Mateo,2021-01-20,2793,50841,1543,29387,1250,21454,0,0,1952,32492,838,9170,1953,41662,California
San Mateo,2021-01-21,2849,53690,1296,30683,1553,23007,0,0,2263,34174,584,9754,2266,43928,California
San Mateo,2021-01-22,2804,56494,1140,31823,1664,24671,0,0,2507,36387,295,10049,2508,46436,California
San Mateo,2021-01-23,2872,59366,1680,33503,1192,25863,0,0,2515,38546,357,10406,2516,48952,California
San Mateo,2021-01-24,1515,60881,377,33880,1138,27001,0,0,1204,39441,310,10716,1205,50157,California
San Mateo,2021-01-25,4425,65306,3153,37033,1272,28273,0,0,3529,42080,894,11610,3533,53690,California
San Mateo,2021-01-26,4311,69617,2995,40028,1316,29589,0,0,3383,44537,927,12537,3384,57074,California
San Mateo,2021-01-27,2814,72431,1479,41507,1335,30924,0,0,1812,45354,996,13533,1813,58887,California
San Mateo,2021-01-28,2792,75223,1353,42860,1439,32363,0,0,1940,46457,837,14370,1940,60827,California
San Mateo,2021-01-29,3002,78225,1355,44215,1647,34010,0,0,2162,47784,837,15207,2164,62991,California
San Mateo,2021-01-30,3427,81652,1479,45694,1948,35958,0,0,2971,50301,455,15662,2972,65963,California
San Mateo,2021-01-31,1686,83338,899,46593,787,36745,0,0,1526,51668,159,15821,1526,67489,California
San Mateo,2021-02-01,2942,86280,1361,47954,1581,38326,0,0,2219,53169,719,16540,2220,69709,California
San Mateo,2021-02-02,3220,89500,1737,49691,1483,39809,0,0,2190,54333,1026,17566,2190,71899,California
San Mateo,2021-02-03,4998,94498,2059,51750,2939,42748,0,0,3852,57043,1143,18709,3853,75752,California
San Mateo,2021-02-04,6201,100699,2502,54252,3699,46447,0,0,4920,60691,1276,19985,4924,80676,California
San Mateo,2021-02-05,6788,107487,2550,56802,4238,50685,0,0,4964,63848,1807,21792,4964,85640,California
San Mateo,2021-02-06,3277,110764,1919,58721,1358,52043,0,0,2623,65821,652,22444,2625,88265,California
San Mateo,2021-02-07,1898,112662,1349,60070,549,52592,0,0,1707,67337,191,22635,1707,89972,California
San Mateo,2021-02-08,5304,117966,2275,62345,3029,55621,0,0,3131,68359,2109,24744,3131,93103,California
San Mateo,2021-02-09,6171,124137,3216,65561,2955,58576,0,0,3333,68860,2832,27576,3333,96436,California
San Mateo,2021-02-10,6517,130654,3278,68839,3239,61815,0,0,3429,69212,3077,30653,3429,99865,California
San Mateo,2021-02-11,7047,137701,3573,72412,3474,65289,0,0,3789,69754,3249,33902,3791,103656,California
San Mateo,2021-02-12,6639,144340,2986,75398,3653,68942,0,0,4701,72523,1934,35836,4703,108359,California
San Mateo,2021-02-13,6121,150461,4029,79427,2092,71034,0,0,2645,71697,3471,39307,2645,111004,California
San Mateo,2021-02-14,4631,155092,3022,82449,1609,72643,0,0,1970,71014,2654,41961,1971,112975,California
San Mateo,2021-02-15,3154,158246,1451,83900,1703,74346,0,0,1779,71425,1369,43330,1780,114755,California
San Mateo,2021-02-16,7150,165396,1882,85782,5268,79614,0,0,5276,74831,1872,45202,5278,120033,California
San Mateo,2021-02-17,7067,172463,1943,87725,5124,84738,0,0,5043,77856,2020,47222,5045,125078,California
San Mateo,2021-02-18,6660,179123,4598,92323,2062,86800,0,0,4430,80063,2226,49448,4433,129511,California
San Mateo,2021-02-19,7826,186949,5612,97935,2214,89014,0,0,5795,83834,2024,51472,5795,135306,California
San Mateo,2021-02-20,3777,190726,2434,100369,1343,90357,0,0,2334,84732,1436,52908,2334,137640,California
San Mateo,2021-02-21,2640,193366,1792,102161,848,91205,0,0,1578,85255,1055,53963,1578,139218,California
San Mateo,2021-02-22,4472,197838,3245,105406,1227,92432,0,0,2824,86438,1642,55605,2825,142043,California
San Mateo,2021-02-23,4382,202220,3143,108549,1239,93671,0,0,2558,87180,1816,57421,2558,144601,California
San Mateo,2021-02-24,7363,209583,3311,111860,4052,97723,0,0,4888,89603,2466,59887,4889,149490,California
San Mateo,2021-02-25,9290,218873,4133,115993,5157,102880,0,0,6121,92573,3152,63039,6122,155612,California
San Mateo,2021-02-26,10033,228906,3871,119864,6162,109042,0,0,6952,96463,3066,66105,6956,162568,California
San Mateo,2021-02-27,6933,235839,3572,123436,3360,112402,1,1,3735,97013,3191,69296,3741,166309,California
San Mateo,2021-02-28,4449,240288,2753,126189,1696,114098,0,1,2672,97915,1771,71067,2673,168982,California
San Mateo,2021-03-01,6011,246299,3792,129981,2217,116315,2,3,2970,97860,3027,74094,2972,171954,California
San Mateo,2021-03-02,6248,252547,4442,134423,1805,118120,1,4,3591,98804,2649,76743,3593,175547,California
San Mateo,2021-03-03,8435,260982,3963,138386,4470,122590,2,6,3632,97647,4791,81534,3634,179181,California
San Mateo,2021-03-04,8511,269493,4000,142386,4508,127098,3,9,3839,96839,4652,86186,3844,183025,California
San Mateo,2021-03-05,9346,278839,6232,148618,3110,130208,4,13,6551,100622,2775,88961,6558,189583,California
San Mateo,2021-03-06,7974,286813,5560,154178,2239,132447,175,188,5846,104525,2117,91078,6020,195603,California
San Mateo,2021-03-07,3595,290408,2447,156625,1077,133524,71,259,2123,105251,1468,92546,2194,197797,California
San Mateo,2021-03-08,4530,294938,2570,159195,1743,135267,217,476,3310,107563,1213,93759,3525,201322,California
San Mateo,2021-03-09,5356,300294,2859,162054,2222,137489,275,751,3764,110019,1580,95339,4036,205358,California
San Mateo,2021-03-10,7200,307494,2898,164952,4017,141506,285,1036,4810,112736,2377,97716,5094,210452,California
San Mateo,2021-03-11,9118,316612,5735,170687,2990,144496,393,1429,3708,111456,5380,103096,4100,214552,California
San Mateo,2021-03-12,10599,327211,6692,177379,3523,148019,384,1813,3589,108437,6992,110088,3973,218525,California
San Mateo,2021-03-13,8225,335436,3511,180890,3086,151105,1628,3441,3988,109820,4224,114312,5607,224132,California
San Mateo,2021-03-14,5003,340439,3383,184273,1513,152618,107,3548,2649,110229,2346,116658,2755,226887,California
San Mateo,2021-03-15,7195,347634,4652,188925,2367,154985,176,3724,3766,110749,3423,120081,3943,230830,California
San Mateo,2021-03-16,11975,359609,4402,193327,7450,162435,123,3847,4805,108526,7153,127234,4930,235760,California
San Mateo,2021-03-17,10846,370455,4412,197739,6309,168744,125,3972,4873,107582,5945,133179,5001,240761,California
San Mateo,2021-03-18,7288,377743,4093,201832,3011,171755,184,4156,4306,109096,2975,136154,4489,245250,California
San Mateo,2021-03-19,7470,385213,4832,206664,1965,173720,673,4829,3561,109431,3899,140053,4234,249484,California
San Mateo,2021-03-20,8430,393643,6542,213206,1551,175271,337,5166,5381,112115,3033,143086,5717,255201,California
San Mateo,2021-03-21,4249,397892,3221,216427,795,176066,233,5399,2278,112663,1960,145046,2508,257709,California
San Mateo,2021-03-22,5274,403166,3589,220016,1259,177325,426,5825,2751,113331,2508,147554,3176,260885,California
San Mateo,2021-03-23,9810,412976,4485,224501,5130,182455,195,6020,4378,112504,5400,152954,4573,265458,California
San Mateo,2021-03-24,9506,422482,5488,229989,3871,186326,147,6167,4045,111303,5390,158344,4189,269647,California
San Mateo,2021-03-25,10134,432616,4963,234952,4881,191207,290,6457,4400,110367,5629,163973,4693,274340,California
San Mateo,2021-03-26,11272,443888,7768,242720,3336,194543,168,6625,4296,107895,6937,170910,4465,278805,California
San Mateo,2021-03-27,10596,454484,8124,250844,2370,196913,102,6727,4687,106793,5890,176800,4788,283593,California
San Mateo,2021-03-28,4296,458780,2791,253635,1393,198306,112,6839,2005,106631,2281,179081,2119,285712,California
San Mateo,2021-03-29,6057,464837,3771,257406,2032,200338,254,7093,2691,106230,3346,182427,2945,288657,California
San Mateo,2021-03-30,7150,471987,4081,261487,2916,203254,153,7246,3834,106918,3299,185726,3987,292644,California
San Mateo,2021-03-31,7278,479265,4603,266090,2533,205787,142,7388,3842,107485,3417,189143,3984,296628,California
San Mateo,2021-04-01,10607,489872,5244,271334,4151,209938,1212,8600,5689,109511,4871,194014,6897,303525,California
San Mateo,2021-04-02,10881,500753,5201,276535,4050,213988,1630,10230,5678,111634,5182,199196,7305,310830,California
San Mateo,2021-04-03,10004,510757,5744,282279,2464,216452,1796,12026,5085,113605,4910,204106,6881,317711,California
San Mateo,2021-04-04,5447,516204,2625,284904,1567,218019,1255,13281,1698,112822,3734,207840,2951,320662,California
San Mateo,2021-04-05,8963,525167,4776,289680,2452,220471,1735,15016,3825,113257,5121,212961,5556,326218,California
San Mateo,2021-04-06,13238,538405,8246,297926,3138,223609,1854,16870,7509,116912,5713,218674,9368,335586,California
San Mateo,2021-04-07,11417,549822,5267,303193,4458,228067,1692,18562,4831,116863,6565,225239,6516,342102,California
San Mateo,2021-04-08,10154,559976,5037,308230,2509,230576,2608,21170,4487,118295,5649,230888,7081,349183,California
San Mateo,2021-04-09,11372,571348,5540,313770,3352,233928,2480,23650,5107,119613,6262,237150,7580,356763,California
San Mateo,2021-04-10,11288,582636,5724,319494,4119,238047,1445,25095,4664,119119,6597,243747,6103,362866,California
San Mateo,2021-04-11,6645,589281,3296,322790,872,238919,2477,27572,2305,119564,4332,248079,4777,367643,California
San Mateo,2021-04-12,7347,596628,4477,327267,1899,240818,971,28543,3554,120314,3772,251851,4522,372165,California
San Mateo,2021-04-13,8211,604839,5114,332381,3087,243905,10,28553,4358,120841,3843,255694,4370,376535,California
San Mateo,2021-04-14,8323,613162,5398,337779,2924,246829,1,28554,4273,121090,4032,259726,4281,380816,California
San Mateo,2021-04-15,11136,624298,7410,345189,3724,250553,2,28556,7293,124568,3818,263544,7296,388112,California
San Mateo,2021-04-16,9957,634255,6863,352052,3078,253631,16,28572,6312,127276,3625,267169,6333,394445,California
San Mateo,2021-04-17,9769,644024,6493,358545,3274,256905,2,28574,6140,129805,3619,270788,6148,400593,California
San Mateo,2021-04-18,5430,649454,2591,361136,2839,259744,0,28574,3658,131710,1759,272547,3664,404257,California
San Mateo,2021-04-19,8351,657805,5433,366569,2918,262662,0,28574,5433,134248,2904,275451,5442,409699,California
San Mateo,2021-04-20,10318,668123,5757,372326,4560,267222,1,28575,6639,137240,3658,279109,6650,416349,California
San Mateo,2021-04-21,9014,677137,6094,378420,2920,270142,0,28575,5575,139400,3421,282530,5581,421930,California
San Mateo,2021-04-22,9582,686719,6405,384825,3176,273318,1,28576,5315,140485,4235,286765,5320,427250,California
San Mateo,2021-04-23,9431,696150,6196,391021,3235,276553,0,28576,5285,141665,4120,290885,5300,432550,California
San Mateo,2021-04-24,11276,707426,8033,399054,3243,279796,0,28576,5822,142064,5431,296316,5830,438380,California
San Mateo,2021-04-25,5536,712962,3857,402911,1677,281473,2,28578,3941,144435,1580,297896,3951,442331,California
San Mateo,2021-04-26,6477,719439,4702,407613,1767,283240,8,28586,3761,145512,2704,300600,3781,446112,California
San Mateo,2021-04-27,11190,730629,7928,415541,3131,286371,131,28717,4539,143565,6621,307221,4674,450786,California
San Mateo,2021-04-28,7871,738500,4497,420038,3169,289540,205,28922,4212,144339,3647,310868,4421,455207,California
San Mateo,2021-04-29,8083,746583,3751,423789,4158,293698,174,29096,3656,143782,4399,315267,3842,459049,California
San Mateo,2021-04-30,8050,754633,5050,428839,2847,296545,153,29249,3411,142746,4614,319881,3578,462627,California
San Mateo,2021-05-01,6159,760792,4131,432970,1910,298455,118,29367,2677,142086,3466,323347,2806,465433,California
San Mateo,2021-05-02,3186,763978,1746,434716,1370,299825,70,29437,1156,141294,2022,325369,1230,466663,California
San Mateo,2021-05-03,5975,769953,4454,439170,1377,301202,144,29581,1841,139153,4126,329495,1985,468648,California
San Mateo,2021-05-04,7282,777235,4946,444116,2165,303367,171,29752,2488,137045,4779,334274,2671,471319,California
San Mateo,2021-05-05,6875,784110,4498,448614,2218,305585,159,29911,2386,135133,4460,338734,2548,473867,California
San Mateo,2021-05-06,8552,792662,6675,455289,1701,307286,176,30087,1742,130264,6791,345525,1922,475789,California
San Mateo,2021-05-07,8205,800867,5864,461153,2057,309343,284,30371,1828,126035,6352,351877,2123,477912,California
San Mateo,2021-05-08,6640,807507,4018,465171,2382,311725,240,30611,1833,123319,4794,356671,2078,479990,California
San Mateo,2021-05-09,3116,810623,2427,467598,615,312340,74,30685,1061,122409,2046,358717,1136,481126,California
San Mateo,2021-05-10,4614,815237,3316,470914,1128,313468,170,30855,762,119507,3842,362559,940,482066,California
San Mateo,2021-05-11,6497,821734,4865,475779,1517,314985,115,30970,1673,116485,4811,367370,1789,483855,California
San Mateo,2021-05-12,6399,828133,4618,480397,1590,316575,191,31161,1525,113340,4863,372233,1718,485573,California
San Mateo,2021-05-13,8918,837051,6665,487062,2165,318740,88,31249,3284,111118,5603,377836,3381,488954,California
San Mateo,2021-05-14,8330,845381,6153,493215,2065,320805,112,31361,2702,108326,5613,383449,2821,491775,California
San Mateo,2021-05-15,10383,855764,8099,501314,2184,322989,100,31461,4554,107184,5817,389266,4675,496450,California
San Mateo,2021-05-16,7157,862921,5092,506406,1996,324985,69,31530,2185,104486,4954,394220,2256,498706,California
San Mateo,2021-05-17,7026,869947,4973,511379,1944,326929,109,31639,2175,101937,4836,399056,2287,500993,California
San Mateo,2021-05-18,8454,878401,5830,517209,2527,329456,97,31736,3125,99960,5203,404259,3226,504219,California
San Mateo,2021-05-19,7852,886253,5878,523087,1853,331309,121,31857,3679,99635,4126,408385,3801,508020,California
San Mateo,2021-05-20,4787,891040,3078,526165,1616,332925,93,31950,2009,98976,2760,411145,2101,510121,California
San Mateo,2021-05-21,6135,897175,4359,530524,1673,334598,103,32053,1765,96491,4351,415496,1866,511987,California
San Mateo,2021-05-22,5440,902615,3821,534345,1580,336178,39,32092,2218,95545,3205,418701,2259,514246,California
San Mateo,2021-05-23,2448,905063,1440,535785,950,337128,58,32150,996,95157,1442,420143,1054,515300,California
San Mateo,2021-05-24,3384,908447,2224,538009,1012,338140,148,32298,1140,94215,2227,422370,1285,516585,California
San Mateo,2021-05-25,4704,913151,2979,540988,1556,339696,169,32467,1642,92986,3042,425412,1813,518398,California
San Mateo,2021-05-26,5599,918750,3021,544009,2473,342169,105,32572,1769,91049,3811,429223,1874,520272,California
San Mateo,2021-05-27,3772,922522,2223,546232,1460,343629,89,32661,1290,89967,2457,431680,1375,521647,California
San Mateo,2021-05-28,3472,925994,2205,548437,1190,344819,77,32738,1347,89303,2086,433766,1422,523069,California
San Mateo,2021-05-29,3222,929216,2297,550734,873,345692,52,32790,1330,88817,1867,435633,1381,524450,California
San Mateo,2021-05-30,1654,930870,1123,551857,470,346162,61,32851,677,88587,968,436601,738,525188,California
San Mateo,2021-05-31,496,931366,332,552189,155,346317,9,32860,223,88548,271,436872,232,525420,California
San Mateo,2021-06-01,3395,934761,2042,554231,1259,347576,94,32954,1149,87556,2235,439107,1243,526663,California
San Mateo,2021-06-02,2753,937514,1830,556061,848,348424,75,33029,1191,87273,1547,440654,1264,527927,California
San Mateo,2021-06-03,3756,941270,2972,559033,681,349105,103,33132,991,85609,2754,443408,1090,529017,California
San Mateo,2021-06-04,4138,945408,3216,562249,843,349948,79,33211,1285,84125,2835,446243,1351,530368,California
San Mateo,2021-06-05,4726,950134,4117,566366,510,350458,99,33310,1076,81681,3619,449862,1175,531543,California
San Mateo,2021-06-06,1322,951456,1008,567374,287,350745,27,33337,282,80953,1034,450896,306,531849,California
Santa Barbara,2020-12-15,2,2,2,2,0,0,0,0,2,2,0,0,2,2,California
Santa Barbara,2020-12-16,2,4,2,4,0,0,0,0,2,4,0,0,2,4,California
Santa Barbara,2020-12-17,56,60,56,60,0,0,0,0,56,60,0,0,56,60,California
Santa Barbara,2020-12-18,380,440,379,439,1,1,0,0,380,440,0,0,380,440,California
Santa Barbara,2020-12-19,325,765,325,764,0,1,0,0,325,765,0,0,325,765,California
Santa Barbara,2020-12-20,235,1000,235,999,0,1,0,0,235,1000,0,0,235,1000,California
Santa Barbara,2020-12-21,652,1652,650,1649,2,3,0,0,652,1652,0,0,652,1652,California
Santa Barbara,2020-12-22,245,1897,243,1892,2,5,0,0,245,1897,0,0,245,1897,California
Santa Barbara,2020-12-23,324,2221,206,2098,118,123,0,0,324,2221,0,0,324,2221,California
Santa Barbara,2020-12-24,88,2309,40,2138,48,171,0,0,88,2309,0,0,88,2309,California
Santa Barbara,2020-12-26,326,2635,66,2204,260,431,0,0,326,2635,0,0,326,2635,California
Santa Barbara,2020-12-27,62,2697,1,2205,61,492,0,0,62,2697,0,0,62,2697,California
Santa Barbara,2020-12-28,358,3055,225,2430,133,625,0,0,358,3055,0,0,358,3055,California
Santa Barbara,2020-12-29,552,3607,357,2787,195,820,0,0,552,3607,0,0,552,3607,California
Santa Barbara,2020-12-30,577,4184,395,3182,182,1002,0,0,577,4184,0,0,577,4184,California
Santa Barbara,2020-12-31,240,4424,114,3296,126,1128,0,0,240,4424,0,0,240,4424,California
Santa Barbara,2021-01-01,116,4540,110,3406,6,1134,0,0,116,4540,0,0,116,4540,California
Santa Barbara,2021-01-02,588,5128,222,3628,366,1500,0,0,588,5128,0,0,588,5128,California
Santa Barbara,2021-01-03,23,5151,15,3643,8,1508,0,0,23,5151,0,0,23,5151,California
Santa Barbara,2021-01-04,305,5456,242,3885,63,1571,0,0,304,5455,0,0,304,5455,California
Santa Barbara,2021-01-05,750,6206,379,4264,371,1942,0,0,722,6149,28,28,722,6177,California
Santa Barbara,2021-01-06,657,6863,277,4541,380,2322,0,0,596,6685,60,88,596,6773,California
Santa Barbara,2021-01-07,1034,7897,711,5252,323,2645,0,0,529,6713,501,589,529,7302,California
Santa Barbara,2021-01-08,1204,9101,845,6097,359,3004,0,0,710,6929,494,1083,710,8012,California
Santa Barbara,2021-01-09,566,9667,293,6390,273,3277,0,0,320,7003,246,1329,320,8332,California
Santa Barbara,2021-01-10,62,9729,50,6440,12,3289,0,0,46,7033,16,1345,46,8378,California
Santa Barbara,2021-01-11,839,10568,670,7110,169,3458,0,0,614,7423,224,1569,614,8992,California
Santa Barbara,2021-01-12,1435,12003,640,7750,795,4253,0,0,1277,8542,158,1727,1277,10269,California
Santa Barbara,2021-01-13,1218,13221,270,8020,948,5201,0,0,1091,9506,127,1854,1091,11360,California
Santa Barbara,2021-01-14,1252,14473,136,8156,1116,6317,0,0,1197,10650,54,1908,1198,12558,California
Santa Barbara,2021-01-15,1801,16274,421,8577,1380,7697,0,0,1720,12290,80,1988,1720,14278,California
Santa Barbara,2021-01-16,1270,17544,200,8777,1070,8767,0,0,1231,13483,38,2026,1231,15509,California
Santa Barbara,2021-01-17,123,17667,20,8797,103,8870,0,0,120,13600,3,2029,120,15629,California
Santa Barbara,2021-01-18,1156,18823,419,9216,737,9607,0,0,970,14384,186,2215,970,16599,California
Santa Barbara,2021-01-19,1637,20460,571,9787,1066,10673,0,0,1358,15464,278,2493,1358,17957,California
Santa Barbara,2021-01-20,2099,22559,547,10334,1552,12225,0,0,1744,16854,354,2847,1744,19701,California
Santa Barbara,2021-01-21,3183,25742,1911,12245,1272,13497,0,0,3024,19720,159,3006,3025,22726,California
Santa Barbara,2021-01-22,2926,28668,1774,14019,1152,14649,0,0,2762,22322,161,3167,2763,25489,California
Santa Barbara,2021-01-23,1731,30399,1102,15121,629,15278,0,0,1222,23036,508,3675,1222,26711,California
Santa Barbara,2021-01-24,843,31242,751,15872,92,15370,0,0,834,23861,9,3684,834,27545,California
Santa Barbara,2021-01-25,1242,32484,498,16370,744,16114,0,0,1005,24629,237,3921,1005,28550,California
Santa Barbara,2021-01-26,2062,34546,482,16852,1580,17694,0,0,1679,25927,381,4302,1679,30229,California
Santa Barbara,2021-01-27,1165,35711,399,17251,766,18460,0,0,903,26571,261,4563,905,31134,California
Santa Barbara,2021-01-28,891,36602,295,17546,596,19056,0,0,677,27037,211,4774,677,31811,California
Santa Barbara,2021-01-29,1333,37935,535,18081,798,19854,0,0,979,27667,351,5125,981,32792,California
Santa Barbara,2021-01-30,1894,39829,1420,19501,474,20328,0,0,1489,28754,402,5527,1489,34281,California
Santa Barbara,2021-01-31,1454,41283,1216,20717,238,20566,0,0,1415,30130,39,5566,1415,35696,California
Santa Barbara,2021-02-01,956,42239,529,21246,427,20993,0,0,557,30288,399,5965,557,36253,California
Santa Barbara,2021-02-02,1808,44047,679,21925,1129,22122,0,0,1043,30569,762,6727,1043,37296,California
Santa Barbara,2021-02-03,1944,45991,1079,23004,865,22987,0,0,1504,31644,429,7156,1504,38800,California
Santa Barbara,2021-02-04,2779,48770,1867,24871,912,23899,0,0,2481,33833,292,7448,2481,41281,California
Santa Barbara,2021-02-05,2901,51671,2058,26929,843,24742,0,0,2258,35450,641,8089,2258,43539,California
Santa Barbara,2021-02-06,1203,52874,338,27267,865,25607,0,0,793,35833,410,8499,793,44332,California
Santa Barbara,2021-02-07,302,53176,263,27530,39,25646,0,0,267,36066,34,8533,267,44599,California
Santa Barbara,2021-02-08,952,54128,308,27838,644,26290,0,0,663,36440,289,8822,663,45262,California
Santa Barbara,2021-02-09,2436,56564,313,28151,2123,28413,0,0,1119,36251,1308,10130,1119,46381,California
Santa Barbara,2021-02-10,2756,59320,1494,29645,1262,29675,0,0,778,35058,1971,12101,778,47159,California
Santa Barbara,2021-02-11,4196,63516,2812,32457,1384,31059,0,0,629,32130,3557,15658,629,47788,California
Santa Barbara,2021-02-12,3310,66826,948,33405,2362,33421,0,0,777,30380,2527,18185,777,48565,California
Santa Barbara,2021-02-13,1230,68056,339,33744,891,34312,0,0,559,30270,669,18854,559,49124,California
Santa Barbara,2021-02-14,336,68392,40,33784,296,34608,0,0,289,30512,47,18901,289,49413,California
Santa Barbara,2021-02-15,968,69360,338,34122,630,35238,0,0,494,30535,471,19372,494,49907,California
Santa Barbara,2021-02-16,2133,71493,420,34542,1713,36951,0,0,720,29846,1409,20781,720,50627,California
Santa Barbara,2021-02-17,1432,72925,319,34861,1113,38064,0,0,520,29458,908,21689,520,51147,California
Santa Barbara,2021-02-18,3254,76179,2650,37511,604,38668,0,0,1522,29284,1696,23385,1522,52669,California
Santa Barbara,2021-02-19,3591,79770,2638,40149,953,39621,0,0,2327,30350,1261,24646,2327,54996,California
Santa Barbara,2021-02-20,2228,81998,1443,41592,785,40406,0,0,1670,31472,548,25194,1670,56666,California
Santa Barbara,2021-02-21,137,82135,108,41700,29,40435,0,0,61,31459,74,25268,61,56727,California
Santa Barbara,2021-02-22,934,83069,244,41944,690,41125,0,0,269,31066,662,25930,269,56996,California
Santa Barbara,2021-02-23,3189,86258,1046,42990,2143,43268,0,0,421,28723,2764,28694,421,57417,California
Santa Barbara,2021-02-24,3216,89474,1097,44087,2119,45387,0,0,723,26963,2483,31177,723,58140,California
Santa Barbara,2021-02-25,3457,92931,1922,46009,1535,46922,0,0,993,25501,2456,33633,994,59134,California
Santa Barbara,2021-02-26,3662,96593,2177,48186,1485,48407,0,0,1972,25791,1682,35315,1972,61106,California
Santa Barbara,2021-02-27,1536,98129,563,48749,973,49380,0,0,855,25971,677,35992,857,61963,California
Santa Barbara,2021-02-28,1087,99216,221,48970,866,50246,0,0,894,26679,187,36179,895,62858,California
Santa Barbara,2021-03-01,1649,100865,470,49440,1177,51423,2,2,1090,27229,543,36722,1093,63951,California
Santa Barbara,2021-03-02,2650,103515,423,49863,2227,53650,0,2,2149,28891,488,37210,2150,66101,California
Santa Barbara,2021-03-03,4630,108145,2099,51962,2529,56179,2,4,4034,32345,585,37795,4039,70140,California
Santa Barbara,2021-03-04,3417,111562,2280,54242,1137,57316,0,4,2863,34662,546,38341,2863,73003,California
Santa Barbara,2021-03-05,3817,115379,2164,56406,1594,58910,59,63,3092,37093,720,39061,3151,76154,California
Santa Barbara,2021-03-06,2433,117812,726,57132,1487,60397,220,283,1668,38218,761,39822,1886,78040,California
Santa Barbara,2021-03-07,565,118377,124,57256,310,60707,131,414,384,38554,180,40002,516,78556,California
Santa Barbara,2021-03-08,1579,119956,379,57635,857,61564,343,757,796,38916,777,40779,1139,79695,California
Santa Barbara,2021-03-09,2804,122760,348,57983,1684,63248,772,1529,744,38371,2057,42836,1512,81207,California
Santa Barbara,2021-03-10,2769,125529,555,58538,1164,64412,1050,2579,1048,38750,1716,44552,2095,83302,California
Santa Barbara,2021-03-11,5582,131111,3028,61566,1437,65849,1117,3696,2277,38846,3291,47843,3387,86689,California
Santa Barbara,2021-03-12,3686,134797,2101,63667,1155,67004,430,4126,2183,39961,1495,49338,2610,89299,California
Santa Barbara,2021-03-13,3492,138289,1935,65602,1349,68353,208,4334,2697,42074,792,50130,2905,92204,California
Santa Barbara,2021-03-14,798,139087,385,65987,357,68710,56,4390,477,42287,320,50450,533,92737,California
Santa Barbara,2021-03-15,2114,141201,696,66683,1127,69837,291,4681,1268,43006,838,51288,1557,94294,California
Santa Barbara,2021-03-16,3721,144922,1172,67855,2206,72043,343,5024,2733,45098,984,52272,3076,97370,California
Santa Barbara,2021-03-17,3312,148234,973,68828,1934,73977,405,5429,2321,46831,989,53261,2722,100092,California
Santa Barbara,2021-03-18,5227,153461,2799,71627,2226,76203,202,5631,4002,49826,1209,54470,4204,104296,California
Santa Barbara,2021-03-19,4447,157908,2769,74396,1345,77548,333,5964,3056,51827,1387,55857,3388,107684,California
Santa Barbara,2021-03-20,2178,160086,835,75231,1328,78876,15,5979,1330,52326,845,56702,1344,109028,California
Santa Barbara,2021-03-21,1167,161253,384,75615,753,79629,30,6009,840,52871,325,57027,870,109898,California
Santa Barbara,2021-03-22,2778,164031,1914,77529,820,80449,44,6053,2223,54592,546,57573,2267,112165,California
Santa Barbara,2021-03-23,4488,168519,2257,79786,2130,82579,101,6154,3713,57641,765,58338,3814,115979,California
Santa Barbara,2021-03-24,5420,173939,3154,82940,1515,84094,751,6905,2973,58937,2424,60762,3720,119699,California
Santa Barbara,2021-03-25,5567,179506,3275,86215,2100,86194,192,7097,2789,59156,2762,63524,2981,122680,California
Santa Barbara,2021-03-26,5095,184601,3231,89446,1565,87759,299,7396,2245,58868,2832,66356,2544,125224,California
Santa Barbara,2021-03-27,2958,187559,1224,90670,1691,89450,43,7439,1624,59203,1330,67686,1665,126889,California
Santa Barbara,2021-03-28,2781,190340,1656,92326,1097,90547,28,7467,1893,60241,884,68570,1922,128811,California
Santa Barbara,2021-03-29,4043,194383,2085,94411,1887,92434,71,7538,3229,62731,810,69380,3300,132111,California
Santa Barbara,2021-03-30,6804,201187,3514,97925,3139,95573,151,7689,4543,65176,2246,71626,4691,136802,California
Santa Barbara,2021-03-31,8691,209878,5533,103458,3092,98665,66,7755,5065,66702,3605,75231,5131,141933,California
Santa Barbara,2021-04-01,7044,216922,5212,108670,1573,100238,259,8014,4181,68295,2845,78076,4438,146371,California
Santa Barbara,2021-04-02,6650,223572,4563,113233,1492,101730,595,8609,3425,69098,3217,81293,4020,150391,California
Santa Barbara,2021-04-03,3812,227384,2116,115349,1631,103361,65,8674,2523,70400,1285,82578,2587,152978,California
Santa Barbara,2021-04-04,900,228284,444,115793,416,103777,40,8714,500,70542,398,82976,540,153518,California
Santa Barbara,2021-04-05,3465,231749,2291,118084,916,104693,258,8972,2170,71682,1288,84264,2428,155946,California
Santa Barbara,2021-04-06,5486,237235,2827,120911,2122,106815,537,9509,3359,73464,2111,86375,3893,159839,California
Santa Barbara,2021-04-07,6017,243252,3285,124196,2190,109005,542,10051,4085,76168,1922,88297,4626,164465,California
Santa Barbara,2021-04-08,7423,250675,5047,129243,646,109651,1730,11781,3429,77336,3988,92285,5156,169621,California
Santa Barbara,2021-04-09,7333,258008,4884,134127,1091,110742,1358,13139,3308,77980,4016,96301,4660,174281,California
Santa Barbara,2021-04-10,6723,264731,4659,138786,1446,112188,618,13757,4577,81036,2137,98438,5193,179474,California
Santa Barbara,2021-04-11,2677,267408,1962,140748,413,112601,302,14059,1853,82368,818,99256,2150,181624,California
Santa Barbara,2021-04-12,4426,271834,2850,143598,1023,113624,553,14612,1919,82338,2500,101756,2470,184094,California
Santa Barbara,2021-04-13,6348,278182,4185,147783,2157,115781,6,14618,2648,81296,3695,105451,2653,186747,California
Santa Barbara,2021-04-14,6741,284923,4400,152183,2339,118120,2,14620,4206,82981,2524,107975,4209,190956,California
Santa Barbara,2021-04-15,6944,291867,4082,156265,2861,120981,1,14621,3753,83555,3181,111156,3755,194711,California
Santa Barbara,2021-04-16,6373,298240,3741,160006,2621,123602,11,14632,4383,85974,1974,113130,4393,199104,California
Santa Barbara,2021-04-17,5305,303545,3853,163859,1452,125054,0,14632,4087,88855,1206,114336,4087,203191,California
Santa Barbara,2021-04-18,2134,305679,1481,165340,653,125707,0,14632,373,87472,1757,116093,374,203565,California
Santa Barbara,2021-04-19,3230,308909,2224,167564,1000,126707,6,14638,1026,86306,2199,118292,1033,204598,California
Santa Barbara,2021-04-20,5874,314783,3949,171513,1924,128631,1,14639,1651,83746,4211,122503,1651,206249,California
Santa Barbara,2021-04-21,5475,320258,3631,175144,1844,130475,0,14639,1738,81760,3724,126227,1738,207987,California
Santa Barbara,2021-04-22,5093,325351,2555,177699,2537,133012,1,14640,1455,79596,3622,129849,1458,209445,California
Santa Barbara,2021-04-23,5582,330933,3875,181574,1707,134719,0,14640,1964,77955,3605,133454,1964,211409,California
Santa Barbara,2021-04-24,4427,335360,2875,184449,1547,136266,5,14645,1631,76815,2777,136231,1637,213046,California
Santa Barbara,2021-04-25,1836,337196,1185,185634,651,136917,0,14645,499,75985,1329,137560,499,213545,California
Santa Barbara,2021-04-26,3065,340261,1879,187513,1165,138082,21,14666,502,73951,2557,140117,523,214068,California
Santa Barbara,2021-04-27,3830,344091,2098,189611,1637,139719,95,14761,1141,72506,2680,142797,1235,215303,California
Santa Barbara,2021-04-28,4906,348997,2858,192469,1931,141650,117,14878,1398,70529,3495,146292,1518,216821,California
Santa Barbara,2021-04-29,5250,354247,3800,196269,1223,142873,227,15105,1439,68398,3795,150087,1664,218485,California
Santa Barbara,2021-04-30,4943,359190,3695,199964,1084,143957,164,15269,1412,66458,3515,153602,1575,220060,California
Santa Barbara,2021-05-01,5250,364440,4068,204032,1148,145105,34,15303,887,63030,4350,157952,922,220982,California
Santa Barbara,2021-05-02,1132,365572,667,204699,337,145442,128,15431,308,62642,824,158776,436,221418,California
Santa Barbara,2021-05-03,2204,367776,1478,206177,587,146029,139,15570,442,61465,1756,160532,579,221997,California
Santa Barbara,2021-05-04,3284,371060,1664,207841,1549,147578,71,15641,1144,60552,2127,162659,1214,223211,California
Santa Barbara,2021-05-05,5428,376488,3669,211510,1612,149190,147,15788,622,56530,4793,167452,771,223982,California
Santa Barbara,2021-05-06,5051,381539,3912,215422,1035,150225,104,15892,964,53528,4070,171522,1068,225050,California
Santa Barbara,2021-05-07,4662,386201,3649,219071,833,151058,180,16072,1003,51059,3649,175171,1180,226230,California
Santa Barbara,2021-05-08,4237,390438,3158,222229,981,152039,98,16170,891,48715,3333,178504,989,227219,California
Santa Barbara,2021-05-09,700,391138,110,222339,550,152589,40,16210,467,48991,232,178736,508,227727,California
Santa Barbara,2021-05-10,1318,392456,621,222960,614,153203,83,16293,364,48485,952,179688,446,228173,California
Santa Barbara,2021-05-11,1822,394278,767,223727,764,153967,291,16584,410,47778,1405,181093,698,228871,California
Santa Barbara,2021-05-12,1549,395827,688,224415,659,154626,202,16786,443,47326,1097,182190,645,229516,California
Santa Barbara,2021-05-13,3569,399396,2713,227128,663,155289,193,16979,1177,46314,2381,184571,1369,230885,California
Santa Barbara,2021-05-14,4146,403542,2529,229657,1523,156812,94,17073,1634,45543,2497,187068,1726,232611,California
Santa Barbara,2021-05-15,3507,407049,2567,232224,921,157733,19,17092,1844,45755,1652,188720,1864,234475,California
Santa Barbara,2021-05-16,1065,408114,466,232690,484,158217,115,17207,470,45749,591,189311,585,235060,California
Santa Barbara,2021-05-17,1635,409749,931,233621,641,158858,63,17270,891,45964,738,190049,953,236013,California
Santa Barbara,2021-05-18,1842,411591,1162,234783,585,159443,95,17365,996,46226,830,190879,1092,237105,California
Santa Barbara,2021-05-19,1755,413346,967,235750,747,160190,41,17406,817,46153,930,191809,857,237962,California
Santa Barbara,2021-05-20,1267,414613,647,236397,503,160693,117,17523,665,46343,591,192400,781,238743,California
Santa Barbara,2021-05-21,2997,417610,2034,238431,909,161602,54,17577,1118,45650,1866,194266,1173,239916,California
Santa Barbara,2021-05-22,2202,419812,1559,239990,599,162201,44,17621,1309,46115,889,195155,1354,241270,California
Santa Barbara,2021-05-23,559,420371,204,240194,327,162528,28,17649,317,46218,242,195397,345,241615,California
Santa Barbara,2021-05-24,998,421369,584,240778,352,162880,62,17711,495,46276,499,195896,557,242172,California
Santa Barbara,2021-05-25,1398,422767,568,241346,761,163641,69,17780,462,45877,930,196826,531,242703,California
Santa Barbara,2021-05-26,2992,425759,1702,243048,1170,164811,120,17900,826,44671,2151,198977,945,243648,California
Santa Barbara,2021-05-27,1952,427711,1209,244257,599,165410,144,18044,827,44524,1118,200095,971,244619,California
Santa Barbara,2021-05-28,1510,429221,705,244962,654,166064,151,18195,624,44417,883,200978,776,245395,California
Santa Barbara,2021-05-29,896,430117,315,245277,544,166608,37,18232,367,44295,526,201504,404,245799,California
Santa Barbara,2021-05-30,499,430616,179,245456,223,166831,97,18329,186,44266,311,201815,282,246081,California
Santa Barbara,2021-05-31,95,430711,43,245499,42,166873,10,18339,23,44227,71,201886,32,246113,California
Santa Barbara,2021-06-01,1131,431842,594,246093,479,167352,58,18397,467,44094,658,202544,525,246638,California
Santa Barbara,2021-06-02,980,432822,586,246679,312,167664,82,18479,460,44120,515,203059,541,247179,California
Santa Barbara,2021-06-03,2048,434870,1544,248223,449,168113,55,18534,638,43407,1405,204464,692,247871,California
Santa Barbara,2021-06-04,1442,436312,662,248885,643,168756,137,18671,488,43084,948,205412,625,248496,California
Santa Barbara,2021-06-05,2893,439205,2198,251083,645,169401,50,18721,495,41243,2385,207797,544,249040,California
Santa Barbara,2021-06-06,618,439823,247,251330,364,169765,7,18728,133,40899,484,208281,140,249180,California
Santa Clara,2020-12-15,67,67,67,67,0,0,0,0,67,67,0,0,67,67,California
Santa Clara,2020-12-16,147,214,147,214,0,0,0,0,147,214,0,0,147,214,California
Santa Clara,2020-12-17,405,619,405,619,0,0,0,0,405,619,0,0,405,619,California
Santa Clara,2020-12-18,1763,2382,1763,2382,0,0,0,0,1763,2382,0,0,1763,2382,California
Santa Clara,2020-12-19,2088,4470,2088,4470,0,0,0,0,2087,4469,0,0,2087,4469,California
Santa Clara,2020-12-20,1898,6368,1897,6367,1,1,0,0,1895,6364,0,0,1895,6364,California
Santa Clara,2020-12-21,2676,9044,2676,9043,0,1,0,0,2675,9039,0,0,2675,9039,California
Santa Clara,2020-12-22,3137,12181,3130,12173,7,8,0,0,3134,12173,0,0,3134,12173,California
Santa Clara,2020-12-23,3281,15462,3091,15264,190,198,0,0,3280,15453,0,0,3280,15453,California
Santa Clara,2020-12-24,1900,17362,1710,16974,190,388,0,0,1895,17347,1,1,1895,17348,California
Santa Clara,2020-12-25,346,17708,345,17319,1,389,0,0,346,17693,0,1,346,17694,California
Santa Clara,2020-12-26,1273,18981,1038,18357,235,624,0,0,1272,18965,0,1,1272,18966,California
Santa Clara,2020-12-27,653,19634,511,18868,142,766,0,0,653,19618,0,1,653,19619,California
Santa Clara,2020-12-28,2342,21976,1731,20599,611,1377,0,0,2342,21960,0,1,2342,21961,California
Santa Clara,2020-12-29,2362,24338,1494,22093,868,2245,0,0,2361,24321,0,1,2361,24322,California
Santa Clara,2020-12-30,2994,27332,1896,23989,1098,3343,0,0,2992,27311,2,3,2992,27314,California
Santa Clara,2020-12-31,1221,28553,390,24379,831,4174,0,0,1220,28530,1,4,1220,28534,California
Santa Clara,2021-01-01,145,28698,11,24390,134,4308,0,0,144,28673,1,5,144,28678,California
Santa Clara,2021-01-02,1090,29788,816,25206,274,4582,0,0,1090,29763,0,5,1090,29768,California
Santa Clara,2021-01-03,583,30371,367,25573,216,4798,0,0,578,30338,3,8,578,30346,California
Santa Clara,2021-01-04,2477,32848,1672,27245,805,5603,0,0,2473,32810,1,9,2473,32819,California
Santa Clara,2021-01-05,3087,35935,2024,29269,1063,6666,0,0,2894,35518,192,201,2900,35719,California
Santa Clara,2021-01-06,3351,39286,1979,31248,1372,8038,0,0,2748,37670,598,799,2750,38469,California
Santa Clara,2021-01-07,4249,43535,2581,33829,1668,9706,0,0,3155,39752,1084,1883,3166,41635,California
Santa Clara,2021-01-08,5862,49397,3829,37658,2033,11739,0,0,3760,41414,2098,3981,3760,45395,California
Santa Clara,2021-01-09,2993,52390,1877,39535,1116,12855,0,0,1694,41812,1299,5280,1697,47092,California
Santa Clara,2021-01-10,1967,54357,1519,41054,448,13303,0,0,749,41344,1217,6497,749,47841,California
Santa Clara,2021-01-11,5963,60320,3761,44815,2202,15505,0,0,3376,42139,2586,9083,3381,51222,California
Santa Clara,2021-01-12,6814,67134,3414,48229,3400,18905,0,0,4557,44440,2257,11340,4558,55780,California
Santa Clara,2021-01-13,7390,74524,3063,51292,4327,23232,0,0,5204,47462,2184,13524,5206,60986,California
Santa Clara,2021-01-14,8243,82767,2807,54099,5436,28668,0,0,6492,52210,1746,15270,6494,67480,California
Santa Clara,2021-01-15,9482,92249,2688,56787,6794,35462,0,0,8153,59043,1325,16595,8158,75638,California
Santa Clara,2021-01-16,4306,96555,1230,58017,3076,38538,0,0,3467,61675,835,17430,3467,79105,California
Santa Clara,2021-01-17,3234,99789,610,58627,2624,41162,0,0,2731,63903,503,17933,2731,81836,California
Santa Clara,2021-01-18,5118,104907,1164,59791,3954,45116,0,0,4561,67908,557,18490,4562,86398,California
Santa Clara,2021-01-19,8524,113431,2695,62486,5829,50945,0,0,6833,73056,1688,20178,6836,93234,California
Santa Clara,2021-01-20,8099,121530,4126,66612,3973,54918,0,0,6552,78066,1542,21720,6552,99786,California
Santa Clara,2021-01-21,8717,130247,3786,70398,4931,59849,0,0,7508,84369,1207,22927,7510,107296,California
Santa Clara,2021-01-22,8643,138890,3247,73645,5396,65245,0,0,8070,91870,572,23499,8073,115369,California
Santa Clara,2021-01-23,3796,142686,1693,75338,2103,67348,0,0,2830,93735,966,24465,2831,118200,California
Santa Clara,2021-01-24,2841,145527,1423,76761,1418,68766,0,0,2356,95609,482,24947,2356,120556,California
Santa Clara,2021-01-25,8411,153938,3805,80566,4606,73372,0,0,6330,99868,2073,27020,6332,126888,California
Santa Clara,2021-01-26,8329,162267,3809,84375,4520,77892,0,0,6185,103921,2134,29154,6187,133075,California
Santa Clara,2021-01-27,8761,171028,3859,88234,4902,82794,0,0,6837,108854,1905,31059,6838,139913,California
Santa Clara,2021-01-28,9530,180558,3830,92064,5700,88494,0,0,7557,114464,1952,33011,7562,147475,California
Santa Clara,2021-01-29,9554,190112,3946,96010,5608,94102,0,0,7375,119670,2170,35181,7376,154851,California
Santa Clara,2021-01-30,4152,194264,2077,98087,2075,96177,0,0,2934,121394,1211,36392,2935,157786,California
Santa Clara,2021-01-31,2188,196452,1307,99394,881,97058,0,0,1590,122390,594,36986,1590,159376,California
Santa Clara,2021-02-01,7870,204322,3519,102913,4351,101409,0,0,6161,126852,1701,38687,6163,165539,California
Santa Clara,2021-02-02,8631,212953,2891,105804,5740,107149,0,0,6608,131447,2016,40703,6611,172150,California
Santa Clara,2021-02-03,9232,222185,3500,109304,5732,112881,0,0,6942,136113,2282,42985,6948,179098,California
Santa Clara,2021-02-04,10984,233169,4160,113464,6824,119705,0,0,8681,142504,2293,45278,8684,187782,California
Santa Clara,2021-02-05,11968,245137,4362,117826,7606,127311,0,0,8503,147557,3451,48729,8504,196286,California
Santa Clara,2021-02-06,5226,250363,2836,120662,2390,129701,0,0,4052,150440,1171,49900,4054,200340,California
Santa Clara,2021-02-07,3489,253852,2353,123015,1136,130837,0,0,3032,153017,456,50356,3033,203373,California
Santa Clara,2021-02-08,10069,263921,3525,126540,6544,137381,0,0,7346,157655,2709,53065,7347,210720,California
Santa Clara,2021-02-09,11192,275113,3828,130368,7364,144745,0,0,7686,161851,3494,56559,7690,218410,California
Santa Clara,2021-02-10,12695,287808,4946,135314,7749,152494,0,0,6860,162889,5824,62383,6862,225272,California
Santa Clara,2021-02-11,13610,301418,4773,140087,8837,161331,0,0,7735,164765,5860,68243,7736,233008,California
Santa Clara,2021-02-12,14609,316027,4499,144586,10110,171441,0,0,7014,164206,7575,75818,7016,240024,California
Santa Clara,2021-02-13,6101,322128,1470,146056,4631,176072,0,0,2228,162570,3866,79684,2230,242254,California
Santa Clara,2021-02-14,4628,326756,1149,147205,3479,179551,0,0,1477,160900,3149,82833,1479,243733,California
Santa Clara,2021-02-15,6282,333038,2795,150000,3487,183038,0,0,2710,160044,3566,86399,2710,246443,California
Santa Clara,2021-02-16,13850,346888,4043,154043,9807,192845,0,0,6952,160115,6881,93280,6952,253395,California
Santa Clara,2021-02-17,14118,361006,5519,159562,8599,201444,0,0,7055,160130,7045,100325,7060,260455,California
Santa Clara,2021-02-18,14300,375306,8433,167995,5867,207311,0,0,7288,160448,6973,107298,7291,267746,California
Santa Clara,2021-02-19,14959,390265,9595,177590,5364,212675,0,0,8712,162934,6231,113529,8717,276463,California
Santa Clara,2021-02-20,6960,397225,5199,182789,1761,214436,0,0,3754,163492,3196,116725,3754,280217,California
Santa Clara,2021-02-21,3387,400612,2517,185306,870,215306,0,0,1255,162625,2124,118849,1257,281474,California
Santa Clara,2021-02-22,10335,410947,6176,191482,4159,219465,0,0,4808,161918,5516,124365,4809,286283,California
Santa Clara,2021-02-23,12044,422991,7799,199281,4245,223710,0,0,6815,163522,5215,129580,6819,293102,California
Santa Clara,2021-02-24,14306,437297,9239,208520,5067,228777,0,0,8849,166930,5441,135021,8849,301951,California
Santa Clara,2021-02-25,15084,452381,9626,218146,5458,234235,0,0,8224,168324,6835,141856,8229,310180,California
Santa Clara,2021-02-26,15032,467413,8716,226862,6316,240551,0,0,8207,169734,6800,148656,8210,318390,California
Santa Clara,2021-02-27,8273,475686,5731,232593,2541,243092,1,1,4631,170741,3632,152288,4639,323029,California
Santa Clara,2021-02-28,5371,481057,3664,236257,1707,244799,0,1,2666,170711,2696,154984,2666,325695,California
Santa Clara,2021-03-01,14559,495616,8377,244634,6177,250976,5,6,9030,174237,5509,160493,9035,334730,California
Santa Clara,2021-03-02,16106,511722,9553,254187,6552,257528,1,7,10259,178677,5822,166315,10262,344992,California
Santa Clara,2021-03-03,18539,530261,9126,263313,9410,266938,3,10,11495,183173,7006,173321,11502,356494,California
Santa Clara,2021-03-04,16565,546826,9036,272349,7526,274464,3,13,9637,185968,6847,180168,9642,366136,California
Santa Clara,2021-03-05,16645,563471,9265,281614,7254,281718,126,139,9247,187970,7376,187544,9378,375514,California
Santa Clara,2021-03-06,9480,572951,6338,287952,2689,284407,453,592,7107,193169,2360,189904,7559,383073,California
Santa Clara,2021-03-07,6843,579794,4479,292431,2121,286528,243,835,5447,197471,1387,191291,5689,388762,California
Santa Clara,2021-03-08,12950,592744,6748,299179,5626,292154,576,1411,8314,201742,4618,195909,8889,397651,California
Santa Clara,2021-03-09,15249,607993,6526,305705,7385,299539,1338,2749,6839,201523,8390,204299,8171,405822,California
Santa Clara,2021-03-10,15166,623159,6606,312311,6441,305980,2119,4868,6229,200936,8909,213208,8322,414144,California
Santa Clara,2021-03-11,17105,640264,7781,320092,7815,313795,1509,6377,6054,197462,11022,224230,7548,421692,California
Santa Clara,2021-03-12,17773,658037,9132,329224,7065,320860,1576,7953,5973,193231,11759,235989,7528,429220,California
Santa Clara,2021-03-13,10793,668830,6250,335474,3045,323905,1498,9451,4782,193501,5988,241977,6258,435478,California
Santa Clara,2021-03-14,6538,675368,3383,338857,1847,325752,1308,10759,3164,194604,3357,245334,4460,439938,California
Santa Clara,2021-03-15,12842,688210,6564,345421,6004,331756,274,11033,5969,193996,6850,252184,6242,446180,California
Santa Clara,2021-03-16,18242,706452,10319,355740,7715,339471,208,11241,8807,193603,9406,261590,9013,455193,California
Santa Clara,2021-03-17,19995,726447,11326,367066,8501,347972,168,11409,10285,194391,9659,271249,10447,465640,California
Santa Clara,2021-03-18,19135,745582,8960,376026,9005,356977,1170,12579,8944,194363,10135,281384,10107,475747,California
Santa Clara,2021-03-19,19358,764940,9962,385988,8389,365366,1007,13586,9850,195760,9449,290833,10846,486593,California
Santa Clara,2021-03-20,11521,776461,6343,392331,4346,369712,832,14418,6691,198480,4800,295633,7520,494113,California
Santa Clara,2021-03-21,8337,784798,3783,396114,3151,372863,1403,15821,5323,202190,3001,298634,6711,500824,California
Santa Clara,2021-03-22,16373,801171,9149,405263,6873,379736,351,16172,9003,204197,7343,305977,9350,510174,California
Santa Clara,2021-03-23,19271,820442,12253,417516,6493,386229,525,16697,11082,207661,8142,314119,11606,521780,California
Santa Clara,2021-03-24,22650,843092,14595,432111,7639,393868,416,17113,14619,214709,7989,322108,15037,536817,California
Santa Clara,2021-03-25,22996,866088,13196,445307,8826,402694,974,18087,14769,222272,8163,330271,15726,552543,California
Santa Clara,2021-03-26,21998,888086,14006,459313,7603,410297,389,18476,13498,227689,8463,338734,13880,566423,California
Santa Clara,2021-03-27,15743,903829,10469,469782,4501,414798,773,19249,8417,229593,7281,346015,9185,575608,California
Santa Clara,2021-03-28,12100,915929,8389,478171,2996,417794,715,19964,6492,231213,5581,351596,7201,582809,California
Santa Clara,2021-03-29,20619,936548,12649,490820,7243,425037,727,20691,11133,233621,9444,361040,11852,594661,California
Santa Clara,2021-03-30,25705,962253,15286,506106,8467,433504,1952,22643,16184,242267,9480,370520,18126,612787,California
Santa Clara,2021-03-31,20537,982790,11935,518041,7472,440976,1130,23773,12626,248139,7868,378388,13740,626527,California
Santa Clara,2021-04-01,31909,1014699,19897,537938,8943,449919,3069,26842,20163,259660,11680,390068,23201,649728,California
Santa Clara,2021-04-02,25244,1039943,14401,552339,8689,458608,2154,28996,16502,269599,8701,398769,18640,668368,California
Santa Clara,2021-04-03,15325,1055268,9293,561632,3519,462127,2513,31509,8527,273847,6777,405546,11025,679393,California
Santa Clara,2021-04-04,7664,1062932,4053,565685,2440,464567,1171,32680,3978,275315,3675,409221,5143,684536,California
Santa Clara,2021-04-05,21933,1084865,14606,580291,4840,469407,2487,35167,14317,284517,7589,416810,16791,701327,California
Santa Clara,2021-04-06,29604,1114469,16321,596612,7827,477234,5456,40623,17800,295992,11757,428567,23232,724559,California
Santa Clara,2021-04-07,30966,1145435,15968,612580,8478,485712,6520,47143,18894,309355,12016,440583,25379,749938,California
Santa Clara,2021-04-08,30015,1175450,16413,628993,6000,491712,7602,54745,16378,319725,13565,454148,23935,773873,California
Santa Clara,2021-04-09,28125,1203575,13929,642922,6915,498627,7281,62026,14373,327651,13685,467833,21611,795484,California
Santa Clara,2021-04-10,21498,1225073,12425,655347,3764,502391,5309,67335,11489,334424,9976,477809,16749,812233,California
Santa Clara,2021-04-11,16070,1241143,9638,664985,2664,505055,3768,71103,8339,338809,7698,485507,12083,824316,California
Santa Clara,2021-04-12,27044,1268187,19035,684020,5571,510626,2438,73541,18460,351167,8525,494032,20883,845199,California
Santa Clara,2021-04-13,34325,1302512,26983,711003,7312,517938,30,73571,26454,369876,7796,501828,26505,871704,California
Santa Clara,2021-04-14,36875,1339387,27935,738938,8936,526874,4,73575,26211,385523,10600,512428,26247,897951,California
Santa Clara,2021-04-15,44090,1383477,34188,773126,9899,536773,3,73578,34001,409564,9984,522412,34025,931976,California
Santa Clara,2021-04-16,38439,1421916,26317,799443,12119,548892,3,73581,27562,426336,10815,533227,27587,959563,California
Santa Clara,2021-04-17,21997,1443913,15026,814469,6969,555861,2,73583,15104,434614,6843,540070,15121,974684,California
Santa Clara,2021-04-18,16433,1460346,10691,825160,5742,561603,0,73583,10265,438753,6138,546208,10277,984961,California
Santa Clara,2021-04-19,28830,1489176,20868,846028,7961,569564,1,73584,17257,444536,11505,557713,17288,1002249,California
Santa Clara,2021-04-20,36923,1526099,22466,868494,14456,584020,1,73585,22549,452849,14268,571981,22581,1024830,California
Santa Clara,2021-04-21,36827,1562926,21361,889855,15464,599484,2,73587,24364,464872,12374,584355,24397,1049227,California
Santa Clara,2021-04-22,37257,1600183,24844,914699,12412,611896,1,73588,17604,462986,19557,603912,17671,1066898,California
Santa Clara,2021-04-23,32071,1632254,19493,934192,12577,624473,1,73589,15064,461196,16906,620818,15116,1082014,California
Santa Clara,2021-04-24,21140,1653394,15478,949670,5661,630134,1,73590,11987,464133,9081,629899,12018,1094032,California
Santa Clara,2021-04-25,13616,1667010,9849,959519,3761,633895,6,73596,8689,467967,4885,634784,8719,1102751,California
Santa Clara,2021-04-26,24565,1691575,19086,978605,5421,639316,58,73654,10218,464015,14252,649036,10300,1113051,California
Santa Clara,2021-04-27,27143,1718718,19423,998028,7386,646702,334,73988,11862,461063,15189,664225,12237,1125288,California
Santa Clara,2021-04-28,25959,1744677,19244,1017272,6277,652979,438,74426,11015,457712,14861,679086,11510,1136798,California
Santa Clara,2021-04-29,23899,1768576,17476,1034748,6025,659004,398,74824,8969,452284,14859,693945,9431,1146229,California
Santa Clara,2021-04-30,22991,1791567,15748,1050496,6879,665883,364,75188,9751,449320,13153,707098,10189,1156418,California
Santa Clara,2021-05-01,17460,1809027,14518,1065014,2682,668565,260,75448,5469,443149,11942,719040,5771,1162189,California
Santa Clara,2021-05-02,11292,1820319,9369,1074383,1693,670258,230,75678,3483,439117,7767,726807,3735,1165924,California
Santa Clara,2021-05-03,22820,1843139,19374,1093757,3014,673272,432,76110,5129,427093,17620,744427,5596,1171520,California
Santa Clara,2021-05-04,30520,1873659,23874,1117631,6103,679375,543,76653,5481,408214,24942,769369,6063,1177583,California
Santa Clara,2021-05-05,32151,1905810,24402,1142033,7204,686579,545,77198,5434,387594,26623,795992,6003,1183586,California
Santa Clara,2021-05-06,35404,1941214,29507,1171540,5423,692002,474,77672,4682,362177,30593,826585,5176,1188762,California
Santa Clara,2021-05-07,32530,1973744,26163,1197703,5874,697876,493,78165,4637,339585,27762,854347,5170,1193932,California
Santa Clara,2021-05-08,16472,1990216,13397,1211100,2653,700529,422,78587,3476,330589,12910,867257,3914,1197846,California
Santa Clara,2021-05-09,10334,2000550,8966,1220066,1180,701709,188,78775,2456,325405,7841,875098,2657,1200503,California
Santa Clara,2021-05-10,20764,2021314,16637,1236703,3725,705434,402,79177,2720,310583,17966,893064,3144,1203647,California
Santa Clara,2021-05-11,21664,2042978,16294,1252997,4953,710387,417,79594,3901,297234,17674,910738,4325,1207972,California
Santa Clara,2021-05-12,20186,2063164,14798,1267795,4926,715313,462,80056,4184,285972,15923,926661,4661,1212633,California
Santa Clara,2021-05-13,26979,2090143,21973,1289768,4715,720028,291,80347,10746,280863,16152,942813,11043,1223676,California
Santa Clara,2021-05-14,27497,2117640,19159,1308927,7952,727980,386,80733,9592,273038,17814,960627,9989,1233665,California
Santa Clara,2021-05-15,20717,2138357,16617,1325544,3819,731799,281,81014,8065,268817,12572,973199,8351,1242016,California
Santa Clara,2021-05-16,16059,2154416,13060,1338604,2823,734622,176,81190,5241,263499,10738,983937,5420,1247436,California
Santa Clara,2021-05-17,20138,2174554,15838,1354442,3936,738558,364,81554,6884,257567,13182,997119,7250,1254686,California
Santa Clara,2021-05-18,26011,2200565,16592,1371034,9003,747561,416,81970,7306,246720,18569,1015688,7722,1262408,California
Santa Clara,2021-05-19,24471,2225036,14260,1385294,9790,757351,421,82391,7482,237749,16882,1032570,7911,1270319,California
Santa Clara,2021-05-20,16888,2241924,11367,1396661,5133,762484,388,82779,5611,232547,11198,1043768,5996,1276315,California
Santa Clara,2021-05-21,20670,2262594,14011,1410672,6236,768720,423,83202,7059,226525,13518,1057286,7496,1283811,California
Santa Clara,2021-05-22,11457,2274051,8945,1419617,2215,770935,297,83499,4921,225268,6478,1063764,5221,1289032,California
Santa Clara,2021-05-23,7003,2281054,5481,1425098,1368,772303,154,83653,2694,223847,4269,1068033,2848,1291880,California
Santa Clara,2021-05-24,10252,2291306,7264,1432362,2540,774843,448,84101,3604,221311,6588,1074621,4052,1295932,California
Santa Clara,2021-05-25,11229,2302535,7723,1440085,3089,777932,417,84518,4439,219448,6717,1081338,4854,1300786,California
Santa Clara,2021-05-26,10297,2312832,6701,1446786,3268,781200,328,84846,3986,217543,6214,1087552,4309,1305095,California
Santa Clara,2021-05-27,9267,2322099,5902,1452688,2891,784091,474,85320,3516,215841,5685,1093237,3983,1309078,California
Santa Clara,2021-05-28,10662,2332761,6888,1459576,3348,787439,426,85746,4324,214315,6277,1099514,4751,1313829,California
Santa Clara,2021-05-29,6290,2339051,4303,1463879,1707,789146,280,86026,2890,214121,3359,1102873,3165,1316994,California
Santa Clara,2021-05-30,3791,2342842,2843,1466722,738,789884,210,86236,1829,214223,1936,1104809,2038,1319032,California
Santa Clara,2021-05-31,1094,2343936,631,1467353,354,790238,109,86345,442,214128,646,1105455,551,1319583,California
Santa Clara,2021-06-01,9006,2352942,6354,1473707,2272,792510,380,86725,3301,212174,5635,1111090,3681,1323264,California
Santa Clara,2021-06-02,7624,2360566,5497,1479204,1778,794288,349,87074,3088,211117,4485,1115575,3428,1326692,California
Santa Clara,2021-06-03,12166,2372732,10085,1489289,1713,796001,368,87442,2996,205368,9117,1124692,3368,1330060,California
Santa Clara,2021-06-04,13319,2386051,11169,1500458,1828,797829,322,87764,3382,199193,9873,1134565,3698,1333758,California
Santa Clara,2021-06-05,9173,2395224,7751,1508209,1166,798995,256,88020,2143,194610,6980,1141545,2397,1336155,California
Santa Clara,2021-06-06,3837,2399061,3379,1511588,358,799353,100,88120,671,192230,3151,1144696,771,1336926,California
Santa Cruz,2020-12-15,2,2,2,2,0,0,0,0,2,2,0,0,2,2,California
Santa Cruz,2020-12-16,57,59,57,59,0,0,0,0,57,59,0,0,57,59,California
Santa Cruz,2020-12-17,385,444,385,444,0,0,0,0,385,444,0,0,385,444,California
Santa Cruz,2020-12-18,456,900,456,900,0,0,0,0,456,900,0,0,456,900,California
Santa Cruz,2020-12-19,177,1077,176,1076,1,1,0,0,177,1077,0,0,177,1077,California
Santa Cruz,2020-12-20,92,1169,92,1168,0,1,0,0,92,1169,0,0,92,1169,California
Santa Cruz,2020-12-21,433,1602,433,1601,0,1,0,0,433,1602,0,0,433,1602,California
Santa Cruz,2020-12-22,413,2015,412,2013,1,2,0,0,413,2015,0,0,413,2015,California
Santa Cruz,2020-12-23,358,2373,318,2331,40,42,0,0,358,2373,0,0,358,2373,California
Santa Cruz,2020-12-24,123,2496,47,2378,76,118,0,0,123,2496,0,0,123,2496,California
Santa Cruz,2020-12-25,9,2505,9,2387,0,118,0,0,9,2505,0,0,9,2505,California
Santa Cruz,2020-12-26,61,2566,43,2430,18,136,0,0,61,2566,0,0,61,2566,California
Santa Cruz,2020-12-27,31,2597,26,2456,5,141,0,0,31,2597,0,0,31,2597,California
Santa Cruz,2020-12-28,475,3072,107,2563,368,509,0,0,475,3072,0,0,475,3072,California
Santa Cruz,2020-12-29,781,3853,362,2925,419,928,0,0,781,3853,0,0,781,3853,California
Santa Cruz,2020-12-30,345,4198,157,3082,188,1116,0,0,345,4198,0,0,345,4198,California
Santa Cruz,2020-12-31,309,4507,10,3092,299,1415,0,0,309,4507,0,0,309,4507,California
Santa Cruz,2021-01-01,33,4540,1,3093,32,1447,0,0,33,4540,0,0,33,4540,California
Santa Cruz,2021-01-02,65,4605,52,3145,13,1460,0,0,65,4605,0,0,65,4605,California
Santa Cruz,2021-01-03,14,4619,6,3151,8,1468,0,0,14,4619,0,0,14,4619,California
Santa Cruz,2021-01-04,276,4895,122,3273,154,1622,0,0,274,4893,0,0,274,4893,California
Santa Cruz,2021-01-05,556,5451,423,3696,133,1755,0,0,258,4853,298,298,258,5151,California
Santa Cruz,2021-01-06,791,6242,662,4358,129,1884,0,0,455,4973,335,633,455,5606,California
Santa Cruz,2021-01-07,528,6770,210,4568,318,2202,0,0,373,5192,155,788,374,5980,California
Santa Cruz,2021-01-08,920,7690,552,5120,368,2570,0,0,481,5235,439,1227,482,6462,California
Santa Cruz,2021-01-09,461,8151,123,5243,338,2908,0,0,405,5584,56,1283,405,6867,California
Santa Cruz,2021-01-10,73,8224,64,5307,9,2917,0,0,19,5549,54,1337,19,6886,California
Santa Cruz,2021-01-11,711,8935,580,5887,131,3048,0,0,186,5211,525,1862,187,7073,California
Santa Cruz,2021-01-12,713,9648,520,6407,193,3241,0,0,471,5440,242,2104,471,7544,California
Santa Cruz,2021-01-13,503,10151,223,6630,280,3521,0,0,423,5786,77,2181,423,7967,California
Santa Cruz,2021-01-14,539,10690,98,6728,441,3962,0,0,478,6203,61,2242,478,8445,California
Santa Cruz,2021-01-15,1427,12117,71,6799,1356,5318,0,0,1366,7510,61,2303,1368,9813,California
Santa Cruz,2021-01-16,417,12534,49,6848,368,5686,0,0,401,7895,16,2319,401,10214,California
Santa Cruz,2021-01-17,296,12830,41,6889,255,5941,0,0,272,8143,24,2343,272,10486,California
Santa Cruz,2021-01-18,986,13816,99,6988,887,6828,0,0,925,9007,61,2404,925,11411,California
Santa Cruz,2021-01-19,1592,15408,513,7501,1079,7907,0,0,1248,9914,342,2746,1249,12660,California
Santa Cruz,2021-01-20,1221,16629,176,7677,1045,8952,0,0,1028,10752,190,2936,1028,13688,California
Santa Cruz,2021-01-21,1667,18296,194,7871,1473,10425,0,0,1561,12209,106,3042,1563,15251,California
Santa Cruz,2021-01-22,1759,20055,516,8387,1243,11668,0,0,1657,13769,98,3140,1658,16909,California
Santa Cruz,2021-01-23,393,20448,140,8527,253,11921,0,0,337,14051,55,3195,337,17246,California
Santa Cruz,2021-01-24,113,20561,18,8545,95,12016,0,0,95,14128,18,3213,95,17341,California
Santa Cruz,2021-01-25,1036,21597,352,8897,684,12700,0,0,537,14166,499,3712,537,17878,California
Santa Cruz,2021-01-26,1657,23254,241,9138,1416,14116,0,0,1157,14823,500,4212,1157,19035,California
Santa Cruz,2021-01-27,1627,24881,438,9576,1189,15305,0,0,1245,15688,380,4592,1245,20280,California
Santa Cruz,2021-01-28,1724,26605,284,9860,1440,16745,0,0,1450,16865,274,4866,1451,21731,California
Santa Cruz,2021-01-29,1714,28319,479,10339,1235,17980,0,0,1585,18322,128,4994,1585,23316,California
Santa Cruz,2021-01-30,1047,29366,309,10648,738,18718,0,0,915,19105,132,5126,915,24231,California
Santa Cruz,2021-01-31,218,29584,111,10759,107,18825,0,0,204,19295,14,5140,204,24435,California
Santa Cruz,2021-02-01,1202,30786,738,11497,464,19289,0,0,809,19711,393,5533,809,25244,California
Santa Cruz,2021-02-02,976,31762,122,11619,854,20143,0,0,826,20388,149,5682,826,26070,California
Santa Cruz,2021-02-03,2179,33941,934,12553,1245,21388,0,0,1873,21958,303,5985,1873,27943,California
Santa Cruz,2021-02-04,1815,35756,755,13308,1060,22448,0,0,1483,23110,331,6316,1483,29426,California
Santa Cruz,2021-02-05,3099,38855,756,14064,2343,24791,0,0,2788,25588,310,6626,2788,32214,California
Santa Cruz,2021-02-06,2537,41392,151,14215,2386,27177,0,0,2194,27439,343,6969,2194,34408,California
Santa Cruz,2021-02-07,901,42293,124,14339,777,27954,0,0,883,28304,18,6987,883,35291,California
Santa Cruz,2021-02-08,681,42974,192,14531,489,28443,0,0,490,28604,190,7177,490,35781,California
Santa Cruz,2021-02-09,2335,45309,1047,15578,1288,29731,0,0,2079,30427,256,7433,2079,37860,California
Santa Cruz,2021-02-10,2127,47436,560,16138,1567,31298,0,0,1444,31201,671,8104,1445,39305,California
Santa Cruz,2021-02-11,1805,49241,301,16439,1504,32802,0,0,1300,31998,503,8607,1300,40605,California
Santa Cruz,2021-02-12,3142,52383,408,16847,2734,35536,0,0,1758,32383,1375,9982,1760,42365,California
Santa Cruz,2021-02-13,1671,54054,119,16966,1552,37088,0,0,1266,33244,405,10387,1266,43631,California
Santa Cruz,2021-02-14,1387,55441,68,17034,1319,38407,0,0,1125,34107,262,10649,1125,44756,California
Santa Cruz,2021-02-15,1544,56985,274,17308,1270,39677,0,0,549,33662,995,11644,550,45306,California
Santa Cruz,2021-02-16,1655,58640,200,17508,1455,41132,0,0,513,33055,1120,12764,513,45819,California
Santa Cruz,2021-02-17,2862,61502,957,18465,1905,43037,0,0,1181,32571,1668,14432,1184,47003,California
Santa Cruz,2021-02-18,2819,64321,618,19083,2201,45238,0,0,1212,32180,1603,16035,1212,48215,California
Santa Cruz,2021-02-19,3194,67515,1113,20196,2081,47319,0,0,1964,32917,1227,17262,1964,50179,California
Santa Cruz,2021-02-20,2341,69856,1467,21663,874,48193,0,0,1846,34268,495,17757,1846,52025,California
Santa Cruz,2021-02-21,828,70684,364,22027,464,48657,0,0,699,34840,127,17884,699,52724,California
Santa Cruz,2021-02-22,1211,71895,931,22958,280,48937,0,0,517,34665,692,18576,517,53241,California
Santa Cruz,2021-02-23,2059,73954,918,23876,1141,50078,0,0,692,33991,1366,19942,692,53933,California
Santa Cruz,2021-02-24,3119,77073,1627,25503,1492,51570,0,0,1178,33233,1936,21878,1178,55111,California
Santa Cruz,2021-02-25,3169,80242,1389,26892,1780,53350,0,0,1744,33561,1417,23295,1745,56856,California
Santa Cruz,2021-02-26,2698,82940,742,27634,1956,55306,0,0,1538,33946,1155,24450,1540,58396,California
Santa Cruz,2021-02-27,2610,85550,919,28553,1691,56997,0,0,1825,34988,783,25233,1825,60221,California
Santa Cruz,2021-02-28,1278,86828,361,28914,917,57914,0,0,1067,35847,208,25441,1067,61288,California
Santa Cruz,2021-03-01,1874,88702,1231,30145,643,58557,0,0,696,35367,1176,26617,696,61984,California
Santa Cruz,2021-03-02,1503,90205,352,30497,1151,59708,0,0,851,35570,651,27268,854,62838,California
Santa Cruz,2021-03-03,2301,92506,609,31106,1692,61400,0,0,1254,35780,1044,28312,1254,64092,California
Santa Cruz,2021-03-04,2924,95430,1382,32488,1541,62941,1,1,1967,36803,946,29258,1969,66061,California
Santa Cruz,2021-03-05,2573,98003,468,32956,2088,65029,17,18,1116,36482,1454,30712,1133,67194,California
Santa Cruz,2021-03-06,3742,101745,1268,34224,2375,67404,99,117,2070,36978,1672,32384,2168,69362,California
Santa Cruz,2021-03-07,1332,103077,122,34346,1140,68544,70,187,552,36821,779,33163,622,69984,California
Santa Cruz,2021-03-08,1066,104143,215,34561,722,69266,129,316,644,37170,422,33585,771,70755,California
Santa Cruz,2021-03-09,1743,105886,253,34814,1345,70611,145,461,691,36957,1049,34634,836,71591,California
Santa Cruz,2021-03-10,3786,109672,2068,36882,1576,72187,142,603,1977,37271,1807,36441,2121,73712,California
Santa Cruz,2021-03-11,2764,112436,1202,38084,1392,73579,170,773,1529,37738,1234,37675,1701,75413,California
Santa Cruz,2021-03-12,2696,115132,866,38950,1545,75124,285,1058,903,37135,1789,39464,1186,76599,California
Santa Cruz,2021-03-13,2252,117384,1303,40253,909,76033,40,1098,1152,37232,1097,40561,1194,77793,California
Santa Cruz,2021-03-14,878,118262,201,40454,664,76697,13,1111,419,37206,457,41018,431,78224,California
Santa Cruz,2021-03-15,1300,119562,456,40910,810,77507,34,1145,555,37055,741,41759,590,78814,California
Santa Cruz,2021-03-16,2260,121822,1070,41980,1149,78656,41,1186,1307,37454,948,42707,1347,80161,California
Santa Cruz,2021-03-17,3858,125680,2275,44255,1573,80229,10,1196,2539,38693,1314,44021,2553,82714,California
Santa Cruz,2021-03-18,3784,129464,2034,46289,1633,81862,117,1313,2023,39075,1758,45779,2140,84854,California
Santa Cruz,2021-03-19,3301,132765,1290,47579,1792,83654,219,1532,1715,39427,1581,47360,1933,86787,California
Santa Cruz,2021-03-20,2136,134901,1602,49181,499,84153,35,1567,1068,39463,1067,48427,1103,87890,California
Santa Cruz,2021-03-21,813,135714,435,49616,254,84407,124,1691,423,39624,387,48814,548,88438,California
Santa Cruz,2021-03-22,1318,137032,815,50431,481,84888,22,1713,917,40166,398,49212,940,89378,California
Santa Cruz,2021-03-23,2496,139528,1397,51828,1050,85938,49,1762,1653,41026,842,50054,1702,91080,California
Santa Cruz,2021-03-24,3012,142540,2045,53873,946,86884,21,1783,1998,42036,1008,51062,2018,93098,California
Santa Cruz,2021-03-25,2574,145114,1289,55162,1250,88134,35,1818,1298,42100,1269,52331,1333,94431,California
Santa Cruz,2021-03-26,3044,148158,1760,56922,1256,89390,28,1846,2074,43238,963,53294,2101,96532,California
Santa Cruz,2021-03-27,3114,151272,1932,58854,1157,90547,25,1871,1462,43084,1642,54936,1488,98020,California
Santa Cruz,2021-03-28,902,152174,555,59409,333,90880,14,1885,472,43144,426,55362,486,98506,California
Santa Cruz,2021-03-29,1949,154123,850,60259,1032,91912,67,1952,1231,43727,715,56077,1298,99804,California
Santa Cruz,2021-03-30,2636,156759,791,61050,1695,93607,150,2102,1682,44606,952,57029,1831,101635,California
Santa Cruz,2021-03-31,4100,160859,2781,63831,1273,94880,46,2148,2147,44851,1948,58977,2193,103828,California
Santa Cruz,2021-04-01,3935,164794,2107,65938,1720,96600,108,2256,1988,45007,1940,60917,2096,105924,California
Santa Cruz,2021-04-02,3228,168022,1380,67318,1672,98272,176,2432,1836,45630,1389,62306,2012,107936,California
Santa Cruz,2021-04-03,2206,170228,1204,68522,876,99148,126,2558,863,45277,1341,63647,988,108924,California
Santa Cruz,2021-04-04,922,171150,480,69002,386,99534,56,2614,538,45487,384,64031,594,109518,California
Santa Cruz,2021-04-05,2227,173377,763,69765,1300,100834,164,2778,1378,46182,848,64879,1543,111061,California
Santa Cruz,2021-04-06,3330,176707,1613,71378,1344,102178,373,3151,1930,47090,1390,66269,2298,113359,California
Santa Cruz,2021-04-07,4059,180766,1598,72976,2111,104289,350,3501,1753,46889,2303,68572,2102,115461,California
Santa Cruz,2021-04-08,4172,184938,2284,75260,1388,105677,500,4001,2456,48136,1707,70279,2954,118415,California
Santa Cruz,2021-04-09,3654,188592,1474,76734,1785,107462,395,4396,2052,48989,1595,71874,2448,120863,California
Santa Cruz,2021-04-10,2189,190781,1043,77777,907,108369,239,4635,1019,49080,1166,73040,1257,122120,California
Santa Cruz,2021-04-11,963,191744,500,78277,374,108743,89,4724,460,49126,503,73543,549,122669,California
Santa Cruz,2021-04-12,2263,194007,795,79072,1057,109800,411,5135,1091,49470,1158,74701,1502,124171,California
Santa Cruz,2021-04-13,2852,196859,1411,80483,1440,111240,1,5136,1619,49865,1225,75926,1620,125791,California
Santa Cruz,2021-04-14,4537,201396,2172,82655,2365,113605,0,5136,2230,49798,2299,78225,2232,128023,California
Santa Cruz,2021-04-15,4944,206340,3133,85788,1811,115416,0,5136,3138,51141,1795,80020,3138,131161,California
Santa Cruz,2021-04-16,4388,210728,2411,88199,1975,117391,2,5138,2393,51550,1987,82007,2396,133557,California
Santa Cruz,2021-04-17,2199,212927,870,89069,1329,118720,0,5138,1461,52275,736,82743,1461,135018,California
Santa Cruz,2021-04-18,1034,213961,495,89564,538,119258,1,5139,578,52400,454,83197,579,135597,California
Santa Cruz,2021-04-19,2498,216459,1479,91043,1018,120276,1,5140,1593,53091,902,84099,1593,137190,California
Santa Cruz,2021-04-20,3076,219535,1619,92662,1457,121733,0,5140,1785,53594,1283,85382,1786,138976,California
Santa Cruz,2021-04-21,4141,223676,2767,95429,1374,123107,0,5140,2239,53950,1884,87266,2240,141216,California
Santa Cruz,2021-04-22,4214,227890,2844,98273,1370,124477,0,5140,2378,54501,1827,89093,2378,143594,California
Santa Cruz,2021-04-23,3114,231004,1679,99952,1434,125911,1,5141,1348,54093,1756,90849,1348,144942,California
Santa Cruz,2021-04-24,2194,233198,1060,101012,1131,127042,3,5144,685,53282,1499,92348,688,145630,California
Santa Cruz,2021-04-25,1066,234264,679,101691,375,127417,12,5156,436,53107,622,92970,447,146077,California
Santa Cruz,2021-04-26,1950,236214,942,102633,994,128411,14,5170,796,52774,1144,94114,811,146888,California
Santa Cruz,2021-04-27,2848,239062,905,103538,1864,130275,79,5249,1421,52853,1421,95535,1500,148388,California
Santa Cruz,2021-04-28,3387,242449,1879,105417,1433,131708,75,5324,1783,53116,1592,97127,1855,150243,California
Santa Cruz,2021-04-29,3692,246141,2458,107875,1172,132880,62,5386,1306,52111,2375,99502,1370,151613,California
Santa Cruz,2021-04-30,2341,248482,1182,109057,1116,133996,43,5429,992,51806,1341,100843,1036,152649,California
Santa Cruz,2021-05-01,1255,249737,992,110049,231,134227,32,5461,594,51773,659,101502,626,153275,California
Santa Cruz,2021-05-02,624,250361,442,110491,157,134384,25,5486,212,51599,412,101914,238,153513,California
Santa Cruz,2021-05-03,1881,252242,963,111454,854,135238,64,5550,653,51100,1217,103131,718,154231,California
Santa Cruz,2021-05-04,2623,254865,1512,112966,1041,136279,70,5620,856,50260,1764,104895,924,155155,California
Santa Cruz,2021-05-05,2703,257568,1337,114303,1287,137566,79,5699,710,49102,1951,106846,793,155948,California
Santa Cruz,2021-05-06,3758,261326,2388,116691,1155,138721,215,5914,842,47258,2898,109744,1054,157002,California
Santa Cruz,2021-05-07,2682,264008,1203,117894,1399,140120,80,5994,427,45516,2250,111994,508,157510,California
Santa Cruz,2021-05-08,1330,265338,659,118553,643,140763,28,6022,371,44958,959,112953,401,157911,California
Santa Cruz,2021-05-09,500,265838,323,118876,155,140918,22,6044,153,44789,344,113297,175,158086,California
Santa Cruz,2021-05-10,2015,267853,1195,120071,759,141677,61,6105,409,43661,1598,114895,470,158556,California
Santa Cruz,2021-05-11,2279,270132,1270,121341,932,142609,77,6182,628,42719,1646,116541,704,159260,California
Santa Cruz,2021-05-12,3019,273151,1261,122602,1687,144296,71,6253,518,40817,2492,119033,590,159850,California
Santa Cruz,2021-05-13,3705,276856,2504,125106,1112,145408,89,6342,1305,39817,2396,121429,1396,161246,California
Santa Cruz,2021-05-14,2942,279798,1613,126719,1291,146699,38,6380,1151,39225,1783,123212,1191,162437,California
Santa Cruz,2021-05-15,2259,282057,1315,128034,932,147631,12,6392,1107,39195,1149,124361,1119,163556,California
Santa Cruz,2021-05-16,707,282764,359,128393,327,147958,21,6413,202,38915,504,124865,224,163780,California
Santa Cruz,2021-05-17,1509,284273,787,129180,656,148614,66,6479,560,38593,948,125813,626,164406,California
Santa Cruz,2021-05-18,2280,286553,1399,130579,858,149472,23,6502,1126,38596,1146,126959,1149,165555,California
Santa Cruz,2021-05-19,3021,289574,1825,132404,1162,150634,34,6536,1292,38201,1721,128680,1326,166881,California
Santa Cruz,2021-05-20,2860,292434,2105,134509,609,151243,146,6682,1344,38182,1509,130189,1490,168371,California
Santa Cruz,2021-05-21,1344,293778,710,135219,549,151792,85,6767,517,37961,823,131012,602,168973,California
Santa Cruz,2021-05-22,1393,295171,1181,136400,206,151998,6,6773,526,37630,864,131876,533,169506,California
Santa Cruz,2021-05-23,217,295388,165,136565,36,152034,16,6789,92,37615,123,131999,108,169614,California
Santa Cruz,2021-05-24,1154,296542,664,137229,413,152447,77,6866,323,37192,823,132822,400,170014,California
Santa Cruz,2021-05-25,2262,298804,1302,138531,914,153361,46,6912,491,36104,1625,134447,537,170551,California
Santa Cruz,2021-05-26,1700,300504,796,139327,861,154222,43,6955,492,35443,1196,135643,535,171086,California
Santa Cruz,2021-05-27,1274,301778,674,140001,497,154719,103,7058,463,35205,804,136447,566,171652,California
Santa Cruz,2021-05-28,849,302627,379,140380,440,155159,30,7088,373,35142,467,136914,404,172056,California
Santa Cruz,2021-05-29,574,303201,326,140706,238,155397,10,7098,323,35226,250,137164,334,172390,California
Santa Cruz,2021-05-30,238,303439,121,140827,105,155502,12,7110,97,35196,138,137302,108,172498,California
Santa Cruz,2021-05-31,143,303582,64,140891,78,155580,1,7111,46,35147,96,137398,47,172545,California
Santa Cruz,2021-06-01,910,304492,560,141451,338,155918,12,7123,349,34948,559,137957,360,172905,California
Santa Cruz,2021-06-02,886,305378,530,141981,316,156234,40,7163,375,34857,506,138463,415,173320,California
Santa Cruz,2021-06-03,2239,307617,1524,143505,676,156910,39,7202,585,33837,1644,140107,624,173944,California
Santa Cruz,2021-06-04,1031,308648,719,144224,280,157190,32,7234,250,33342,776,140883,281,174225,California
Santa Cruz,2021-06-05,971,309619,790,145014,174,157364,7,7241,188,32759,778,141661,195,174420,California
Santa Cruz,2021-06-06,121,309740,115,145129,4,157368,2,7243,61,32763,59,141720,63,174483,California
Shasta,2020-12-16,130,130,130,130,0,0,0,0,130,130,0,0,130,130,California
Shasta,2020-12-17,421,551,421,551,0,0,0,0,421,551,0,0,421,551,California
Shasta,2020-12-18,164,715,164,715,0,0,0,0,164,715,0,0,164,715,California
Shasta,2020-12-19,1,716,1,716,0,0,0,0,1,716,0,0,1,716,California
Shasta,2020-12-21,75,791,75,791,0,0,0,0,75,791,0,0,75,791,California
Shasta,2020-12-22,190,981,185,976,5,5,0,0,190,981,0,0,190,981,California
Shasta,2020-12-23,170,1151,166,1142,4,9,0,0,170,1151,0,0,170,1151,California
Shasta,2020-12-24,21,1172,21,1163,0,9,0,0,21,1172,0,0,21,1172,California
Shasta,2020-12-26,4,1176,1,1164,3,12,0,0,4,1176,0,0,4,1176,California
Shasta,2020-12-27,1,1177,0,1164,1,13,0,0,1,1177,0,0,1,1177,California
Shasta,2020-12-28,38,1215,29,1193,9,22,0,0,38,1215,0,0,38,1215,California
Shasta,2020-12-29,179,1394,178,1371,1,23,0,0,179,1394,0,0,179,1394,California
Shasta,2020-12-30,179,1573,169,1540,10,33,0,0,179,1573,0,0,179,1573,California
Shasta,2020-12-31,83,1656,2,1542,81,114,0,0,83,1656,0,0,83,1656,California
Shasta,2021-01-02,2,1658,0,1542,2,116,0,0,2,1658,0,0,2,1658,California
Shasta,2021-01-03,1,1659,1,1543,0,116,0,0,1,1659,0,0,1,1659,California
Shasta,2021-01-04,365,2024,302,1845,63,179,0,0,366,2025,0,0,366,2025,California
Shasta,2021-01-05,332,2356,312,2157,20,199,0,0,252,2197,80,80,252,2277,California
Shasta,2021-01-06,461,2817,390,2547,71,270,0,0,201,2139,259,339,201,2478,California
Shasta,2021-01-07,129,2946,40,2587,89,359,0,0,104,2218,25,364,104,2582,California
Shasta,2021-01-08,521,3467,446,3033,75,434,0,0,313,2323,208,572,313,2895,California
Shasta,2021-01-09,72,3539,63,3096,9,443,0,0,70,2391,2,574,70,2965,California
Shasta,2021-01-10,5,3544,0,3096,5,448,0,0,3,2394,2,576,5,2970,California
Shasta,2021-01-11,399,3943,182,3278,217,665,0,0,366,2727,33,609,366,3336,California
Shasta,2021-01-12,479,4422,322,3600,157,822,0,0,309,2866,170,779,309,3645,California
Shasta,2021-01-13,596,5018,267,3867,329,1151,0,0,427,3124,169,948,427,4072,California
Shasta,2021-01-14,493,5511,54,3921,439,1590,0,0,473,3577,20,968,473,4545,California
Shasta,2021-01-15,677,6188,137,4058,540,2130,0,0,675,4250,2,970,675,5220,California
Shasta,2021-01-16,889,7077,53,4111,836,2966,0,0,886,5133,3,973,886,6106,California
Shasta,2021-01-17,27,7104,6,4117,21,2987,0,0,23,5152,4,977,23,6129,California
Shasta,2021-01-18,596,7700,127,4244,469,3456,0,0,589,5734,7,984,589,6718,California
Shasta,2021-01-19,1049,8749,392,4636,657,4113,0,0,906,6497,143,1127,906,7624,California
Shasta,2021-01-20,675,9424,413,5049,262,4375,0,0,488,6803,182,1309,488,8112,California
Shasta,2021-01-21,617,10041,279,5328,338,4713,0,0,596,7378,21,1330,596,8708,California
Shasta,2021-01-22,432,10473,173,5501,259,4972,0,0,426,7798,6,1336,426,9134,California
Shasta,2021-01-23,62,10535,5,5506,57,5029,0,0,61,7858,1,1337,61,9195,California
Shasta,2021-01-24,25,10560,2,5508,23,5052,0,0,24,7881,1,1338,24,9219,California
Shasta,2021-01-25,742,11302,485,5993,257,5309,0,0,460,8060,281,1619,460,9679,California
Shasta,2021-01-26,695,11997,336,6329,359,5668,0,0,461,8289,232,1851,461,10140,California
Shasta,2021-01-27,456,12453,187,6516,269,5937,0,0,407,8647,49,1900,407,10547,California
Shasta,2021-01-28,876,13329,571,7087,305,6242,0,0,657,9085,219,2119,657,11204,California
Shasta,2021-01-29,814,14143,330,7417,484,6726,0,0,626,9524,188,2307,627,11831,California
Shasta,2021-01-30,611,14754,15,7432,596,7322,0,0,601,10115,10,2317,601,12432,California
Shasta,2021-01-31,27,14781,3,7435,24,7346,0,0,26,10140,1,2318,26,12458,California
Shasta,2021-02-01,535,15316,149,7584,386,7732,0,0,392,10390,143,2461,393,12851,California
Shasta,2021-02-02,985,16301,499,8083,486,8218,0,0,895,11197,88,2549,895,13746,California
Shasta,2021-02-03,704,17005,211,8294,493,8711,0,0,471,11435,233,2782,471,14217,California
Shasta,2021-02-04,1088,18093,676,8970,412,9123,0,0,897,12142,190,2972,897,15114,California
Shasta,2021-02-05,1254,19347,166,9136,1088,10211,0,0,1046,12981,207,3179,1046,16160,California
Shasta,2021-02-06,1737,21084,40,9176,1697,11908,0,0,1714,14672,23,3202,1714,17874,California
Shasta,2021-02-07,25,21109,3,9179,22,11930,0,0,23,14693,2,3204,23,17897,California
Shasta,2021-02-08,592,21701,167,9346,425,12355,0,0,305,14711,287,3491,305,18202,California
Shasta,2021-02-09,1121,22822,647,9993,474,12829,0,0,732,15055,389,3880,733,18935,California
Shasta,2021-02-10,1124,23946,792,10785,332,13161,0,0,601,15133,524,4404,602,19537,California
Shasta,2021-02-11,877,24823,184,10969,693,13854,0,0,360,14981,512,4916,360,19897,California
Shasta,2021-02-12,1769,26592,1203,12172,566,14420,0,0,1229,15670,540,5456,1229,21126,California
Shasta,2021-02-13,1364,27956,365,12537,999,15419,0,0,558,15422,807,6263,559,21685,California
Shasta,2021-02-14,148,28104,4,12541,144,15563,0,0,125,15524,23,6286,125,21810,California
Shasta,2021-02-15,377,28481,95,12636,282,15845,0,0,210,15567,167,6453,210,22020,California
Shasta,2021-02-16,1190,29671,517,13153,673,16518,0,0,421,15220,768,7221,421,22441,California
Shasta,2021-02-17,1038,30709,451,13604,587,17105,0,0,420,15022,618,7839,420,22861,California
Shasta,2021-02-18,937,31646,469,14073,468,17573,0,0,455,14996,482,8321,456,23317,California
Shasta,2021-02-19,1334,32980,951,15024,383,17956,0,0,876,15414,458,8779,876,24193,California
Shasta,2021-02-20,792,33772,88,15112,704,18660,0,0,299,15220,493,9272,299,24492,California
Shasta,2021-02-21,31,33803,3,15115,28,18688,0,0,9,15207,22,9294,9,24501,California
Shasta,2021-02-22,430,34233,80,15195,350,19038,0,0,181,15140,248,9542,181,24682,California
Shasta,2021-02-23,909,35142,470,15665,439,19477,0,0,327,14885,582,10124,327,25009,California
Shasta,2021-02-24,871,36013,502,16167,369,19846,0,0,268,14551,602,10726,268,25277,California
Shasta,2021-02-25,521,36534,173,16340,348,20194,0,0,168,14367,352,11078,168,25445,California
Shasta,2021-02-26,775,37309,94,16434,681,20875,0,0,332,14257,442,11520,332,25777,California
Shasta,2021-02-27,808,38117,26,16460,782,21657,0,0,187,13825,619,12139,187,25964,California
Shasta,2021-02-28,177,38294,4,16464,173,21830,0,0,127,13902,50,12189,127,26091,California
Shasta,2021-03-01,588,38882,57,16521,531,22361,0,0,296,13907,291,12480,296,26387,California
Shasta,2021-03-02,1031,39913,473,16994,558,22919,0,0,340,13558,689,13169,340,26727,California
Shasta,2021-03-03,673,40586,174,17168,499,23418,0,0,242,13369,431,13600,242,26969,California
Shasta,2021-03-04,2989,43575,2401,19569,588,24006,0,0,1722,13826,1266,14866,1723,28692,California
Shasta,2021-03-05,1542,45117,159,19728,1354,25360,29,29,777,13866,766,15632,806,29498,California
Shasta,2021-03-06,2722,47839,383,20111,2294,27654,45,74,851,12893,1869,17501,896,30394,California
Shasta,2021-03-07,92,47931,4,20115,56,27710,32,106,38,12909,54,17555,70,30464,California
Shasta,2021-03-08,571,48502,52,20167,381,28091,138,244,157,12792,412,17967,295,30759,California
Shasta,2021-03-09,1235,49737,595,20762,464,28555,176,420,679,13091,555,18522,854,31613,California
Shasta,2021-03-10,798,50535,256,21018,340,28895,202,622,139,12772,658,19180,339,31952,California
Shasta,2021-03-11,1537,52072,471,21489,800,29695,266,888,926,13356,608,19788,1192,33144,California
Shasta,2021-03-12,1552,53624,850,22339,457,30152,245,1133,404,12856,1147,20935,647,33791,California
Shasta,2021-03-13,755,54379,424,22763,229,30381,102,1235,474,13150,280,21215,574,34365,California
Shasta,2021-03-14,1010,55389,8,22771,980,31361,22,1257,873,13909,137,21352,896,35261,California
Shasta,2021-03-15,493,55882,38,22809,356,31717,99,1356,209,13932,284,21636,307,35568,California
Shasta,2021-03-16,1132,57014,145,22954,919,32636,68,1424,848,14564,284,21920,916,36484,California
Shasta,2021-03-17,723,57737,184,23138,481,33117,58,1482,386,14678,330,22250,444,36928,California
Shasta,2021-03-18,1528,59265,584,23722,841,33958,103,1585,1104,15465,420,22670,1207,38135,California
Shasta,2021-03-19,635,59900,196,23918,383,34341,56,1641,402,15691,232,22902,458,38593,California
Shasta,2021-03-20,737,60637,485,24403,241,34582,11,1652,594,16153,143,23045,605,39198,California
Shasta,2021-03-21,313,60950,298,24701,4,34586,11,1663,286,16424,26,23071,297,39495,California
Shasta,2021-03-22,344,61294,37,24738,271,34857,36,1699,196,16509,147,23218,232,39727,California
Shasta,2021-03-23,1308,62602,652,25390,596,35453,60,1759,756,16778,547,23765,816,40543,California
Shasta,2021-03-24,612,63214,161,25551,414,35867,37,1796,371,16946,240,24005,408,40951,California
Shasta,2021-03-25,1117,64331,430,25981,666,36533,21,1817,802,17458,312,24317,824,41775,California
Shasta,2021-03-26,1809,66140,1381,27362,397,36930,31,1848,1452,18585,357,24674,1484,43259,California
Shasta,2021-03-27,1570,67710,387,27749,315,37245,868,2716,556,18993,1012,25686,1420,44679,California
Shasta,2021-03-28,402,68112,297,28046,95,37340,10,2726,299,19201,101,25787,309,44988,California
Shasta,2021-03-29,418,68530,40,28086,367,37707,11,2737,165,19125,252,26039,176,45164,California
Shasta,2021-03-30,1230,69760,756,28842,457,38164,17,2754,612,19139,615,26654,629,45793,California
Shasta,2021-03-31,614,70374,203,29045,405,38569,6,2760,374,19284,235,26889,380,46173,California
Shasta,2021-04-01,885,71259,237,29282,636,39205,12,2772,560,19533,323,27212,572,46745,California
Shasta,2021-04-02,733,71992,185,29467,495,39700,53,2825,398,19651,333,27545,451,47196,California
Shasta,2021-04-03,509,72501,362,29829,129,39829,18,2843,387,19934,122,27667,405,47601,California
Shasta,2021-04-04,289,72790,176,30005,94,39923,19,2862,217,20098,72,27739,236,47837,California
Shasta,2021-04-05,435,73225,68,30073,309,40232,58,2920,251,20223,184,27923,309,48146,California
Shasta,2021-04-06,1131,74356,485,30558,480,40712,166,3086,536,20334,590,28513,701,48847,California
Shasta,2021-04-07,645,75001,202,30760,281,40993,162,3248,249,20352,392,28905,410,49257,California
Shasta,2021-04-08,1134,76135,257,31017,722,41715,155,3403,212,19799,920,29825,367,49624,California
Shasta,2021-04-09,2564,78699,2053,33070,303,42018,208,3611,1991,21430,566,30391,2197,51821,California
Shasta,2021-04-10,872,79571,586,33656,158,42176,128,3739,262,21208,610,31001,388,52209,California
Shasta,2021-04-11,1244,80815,397,34053,827,43003,20,3759,143,20274,1097,32098,163,52372,California
Shasta,2021-04-12,334,81149,7,34060,267,43270,60,3819,96,20192,237,32335,155,52527,California
Shasta,2021-04-13,1261,82410,365,34425,894,44164,2,3821,338,19612,919,33254,339,52866,California
Shasta,2021-04-14,588,82998,148,34573,438,44602,2,3823,219,19465,368,33622,221,53087,California
Shasta,2021-04-15,1061,84059,253,34826,808,45410,0,3823,299,19005,759,34381,299,53386,California
Shasta,2021-04-16,2302,86361,1824,36650,478,45888,0,3823,928,18561,1372,35753,928,54314,California
Shasta,2021-04-17,619,86980,396,37046,223,46111,0,3823,178,18299,441,36194,179,54493,California
Shasta,2021-04-18,264,87244,239,37285,25,46136,0,3823,32,18101,230,36424,32,54525,California
Shasta,2021-04-19,376,87620,27,37312,349,46485,0,3823,160,18045,216,36640,160,54685,California
Shasta,2021-04-20,980,88600,231,37543,749,47234,0,3823,363,17792,616,37256,363,55048,California
Shasta,2021-04-21,587,89187,206,37749,381,47615,0,3823,299,17803,288,37544,299,55347,California
Shasta,2021-04-22,950,90137,269,38018,681,48296,0,3823,297,17449,651,38195,297,55644,California
Shasta,2021-04-23,641,90778,250,38268,391,48687,0,3823,323,17455,317,38512,323,55967,California
Shasta,2021-04-24,596,91374,357,38625,238,48925,1,3824,107,17075,487,38999,107,56074,California
Shasta,2021-04-25,209,91583,180,38805,28,48953,1,3825,36,16939,173,39172,37,56111,California
Shasta,2021-04-26,484,92067,50,38855,429,49382,5,3830,337,17135,145,39317,341,56452,California
Shasta,2021-04-27,530,92597,171,39026,322,49704,37,3867,295,17233,232,39549,330,56782,California
Shasta,2021-04-28,565,93162,144,39170,389,50093,32,3899,251,17201,314,39863,282,57064,California
Shasta,2021-04-29,767,93929,111,39281,633,50726,23,3922,180,16818,586,40449,203,57267,California
Shasta,2021-04-30,2235,96164,1818,41099,387,51113,30,3952,256,15126,1978,42427,286,57553,California
Shasta,2021-05-01,221,96385,19,41118,126,51239,76,4028,94,15169,127,42554,170,57723,California
Shasta,2021-05-02,46,96431,16,41134,17,51256,13,4041,19,15174,27,42581,32,57755,California
Shasta,2021-05-03,344,96775,93,41227,226,51482,25,4066,107,15070,236,42817,132,57887,California
Shasta,2021-05-04,522,97297,192,41419,293,51775,37,4103,253,15094,266,43083,290,58177,California
Shasta,2021-05-05,432,97729,140,41559,275,52050,17,4120,198,15075,234,43317,215,58392,California
Shasta,2021-05-06,686,98415,259,41818,389,52439,38,4158,291,15017,386,43703,328,58720,California
Shasta,2021-05-07,1102,99517,729,42547,335,52774,38,4196,299,14552,802,44505,337,59057,California
Shasta,2021-05-08,166,99683,82,42629,73,52847,11,4207,97,14590,69,44574,107,59164,California
Shasta,2021-05-09,64,99747,14,42643,45,52892,5,4212,34,14599,30,44604,39,59203,California
Shasta,2021-05-10,256,100003,19,42662,188,53080,49,4261,112,14616,141,44745,158,59361,California
Shasta,2021-05-11,495,100498,149,42811,199,53279,147,4408,175,14619,319,45064,322,59683,California
Shasta,2021-05-12,360,100858,138,42949,200,53479,22,4430,116,14514,243,45307,138,59821,California
Shasta,2021-05-13,536,101394,226,43175,295,53774,15,4445,197,14389,337,45644,212,60033,California
Shasta,2021-05-14,635,102029,269,43444,341,54115,25,4470,292,14365,342,45986,318,60351,California
Shasta,2021-05-15,382,102411,120,43564,161,54276,101,4571,159,14402,222,46208,259,60610,California
Shasta,2021-05-16,220,102631,154,43718,56,54332,10,4581,162,14516,58,46266,172,60782,California
Shasta,2021-05-17,526,103157,238,43956,229,54561,59,4640,280,14610,245,46511,339,61121,California
Shasta,2021-05-18,605,103762,290,44246,290,54851,25,4665,323,14676,282,46793,348,61469,California
Shasta,2021-05-19,586,104348,276,44522,243,55094,67,4732,286,14732,297,47090,353,61822,California
Shasta,2021-05-20,511,104859,232,44754,260,55354,19,4751,240,14723,268,47358,259,62081,California
Shasta,2021-05-21,553,105412,251,45005,283,55637,19,4770,295,14781,256,47614,314,62395,California
Shasta,2021-05-22,199,105611,113,45118,77,55714,9,4779,127,14847,70,47684,136,62531,California
Shasta,2021-05-23,93,105704,44,45162,41,55755,8,4787,61,14884,32,47716,69,62600,California
Shasta,2021-05-24,522,106226,161,45323,331,56086,30,4817,189,14771,332,48048,219,62819,California
Shasta,2021-05-25,441,106667,178,45501,218,56304,45,4862,157,14691,281,48329,201,63020,California
Shasta,2021-05-26,369,107036,142,45643,202,56506,25,4887,147,14641,222,48551,172,63192,California
Shasta,2021-05-27,420,107456,155,45798,256,56762,9,4896,157,14547,260,48811,166,63358,California
Shasta,2021-05-28,437,107893,197,45995,212,56974,28,4924,206,14553,228,49039,234,63592,California
Shasta,2021-05-29,223,108116,63,46058,130,57104,30,4954,94,14546,129,49168,122,63714,California
Shasta,2021-05-30,85,108201,49,46107,34,57138,2,4956,57,14577,28,49196,59,63773,California
Shasta,2021-05-31,35,108236,9,46116,25,57163,1,4957,12,14568,22,49218,13,63786,California
Shasta,2021-06-01,523,108759,153,46269,226,57389,144,5101,137,14471,379,49597,282,64068,California
Shasta,2021-06-02,291,109050,118,46387,164,57553,9,5110,124,14439,165,49762,133,64201,California
Shasta,2021-06-03,333,109383,157,46544,169,57722,7,5117,122,14358,210,49972,129,64330,California
Shasta,2021-06-04,532,109915,283,46827,221,57943,28,5145,192,14239,339,50311,220,64550,California
Shasta,2021-06-05,226,110141,139,46966,71,58014,16,5161,74,14178,151,50462,90,64640,California
Shasta,2021-06-06,11,110152,7,46973,1,58015,3,5164,5,14180,6,50468,8,64648,California
Sierra,2020-12-18,1,1,1,1,0,0,0,0,1,1,0,0,1,1,California
Sierra,2020-12-21,2,3,2,3,0,0,0,0,2,3,0,0,2,3,California
Sierra,2020-12-22,12,15,12,15,0,0,0,0,12,15,0,0,12,15,California
Sierra,2020-12-23,4,19,4,19,0,0,0,0,4,19,0,0,4,19,California
Sierra,2020-12-28,1,20,0,19,1,1,0,0,1,20,0,0,1,20,California
Sierra,2020-12-29,49,69,7,26,42,43,0,0,49,69,0,0,49,69,California
Sierra,2020-12-30,2,71,0,26,2,45,0,0,2,71,0,0,2,71,California
Sierra,2020-12-31,13,84,0,26,13,58,0,0,13,84,0,0,13,84,California
Sierra,2021-01-01,1,85,1,27,0,58,0,0,1,85,0,0,1,85,California
Sierra,2021-01-05,63,148,2,29,61,119,0,0,63,148,0,0,63,148,California
Sierra,2021-01-06,1,149,1,30,0,119,0,0,1,149,0,0,1,149,California
Sierra,2021-01-07,21,170,1,31,20,139,0,0,20,168,1,1,20,169,California
Sierra,2021-01-08,1,171,1,32,0,139,0,0,1,169,0,1,1,170,California
Sierra,2021-01-11,3,174,3,35,0,139,0,0,0,166,3,4,0,170,California
Sierra,2021-01-12,38,212,12,47,26,165,0,0,26,180,12,16,26,196,California
Sierra,2021-01-13,3,215,3,50,0,165,0,0,0,177,3,19,0,196,California
Sierra,2021-01-14,35,250,2,52,33,198,0,0,35,212,0,19,35,231,California
Sierra,2021-01-15,3,253,1,53,2,200,0,0,3,215,0,19,3,234,California
Sierra,2021-01-18,2,255,0,53,2,202,0,0,2,217,0,19,2,236,California
Sierra,2021-01-19,32,287,0,53,32,234,0,0,32,249,0,19,32,268,California
Sierra,2021-01-20,1,288,1,54,0,234,0,0,1,250,0,19,1,269,California
Sierra,2021-01-21,53,341,0,54,53,287,0,0,53,303,0,19,53,322,California
Sierra,2021-01-22,2,343,0,54,2,289,0,0,2,305,0,19,2,324,California
Sierra,2021-01-23,2,345,0,54,2,291,0,0,2,307,0,19,2,326,California
Sierra,2021-01-26,62,407,0,54,62,353,0,0,24,293,38,57,24,350,California
Sierra,2021-01-27,4,411,4,58,0,353,0,0,0,289,4,61,0,350,California
Sierra,2021-01-28,53,464,0,58,53,406,0,0,43,322,10,71,43,393,California
Sierra,2021-01-29,1,465,0,58,1,407,0,0,1,323,0,71,1,394,California
Sierra,2021-01-30,3,468,3,61,0,407,0,0,2,324,1,72,2,396,California
Sierra,2021-02-01,1,469,0,61,1,408,0,0,0,323,1,73,0,396,California
Sierra,2021-02-02,59,528,1,62,58,466,0,0,21,306,38,111,21,417,California
Sierra,2021-02-03,6,534,5,67,1,467,0,0,5,310,1,112,5,422,California
Sierra,2021-02-04,101,635,4,71,97,564,0,0,52,313,49,161,52,474,California
Sierra,2021-02-05,5,640,3,74,2,566,0,0,4,316,1,162,4,478,California
Sierra,2021-02-09,54,694,0,74,54,620,0,0,51,364,3,165,51,529,California
Sierra,2021-02-10,3,697,1,75,2,622,0,0,3,367,0,165,3,532,California
Sierra,2021-02-11,194,891,1,76,193,815,0,0,134,441,60,225,134,666,California
Sierra,2021-02-12,20,911,0,76,20,835,0,0,20,461,0,225,20,686,California
Sierra,2021-02-13,1,912,1,77,0,835,0,0,1,462,0,225,1,687,California
Sierra,2021-02-15,2,914,2,79,0,835,0,0,0,460,2,227,0,687,California
Sierra,2021-02-16,43,957,0,79,43,878,0,0,10,437,33,260,10,697,California
Sierra,2021-02-17,4,961,0,79,4,882,0,0,1,435,3,263,1,698,California
Sierra,2021-02-18,143,1104,0,79,143,1025,0,0,93,478,50,313,93,791,California
Sierra,2021-02-19,2,1106,1,80,1,1026,0,0,1,478,1,314,1,792,California
Sierra,2021-02-20,2,1108,2,82,0,1026,0,0,0,476,2,316,0,792,California
Sierra,2021-02-23,4,1112,0,82,4,1030,0,0,4,480,0,316,4,796,California
Sierra,2021-02-24,1,1113,0,82,1,1031,0,0,1,481,0,316,1,797,California
Sierra,2021-02-25,125,1238,1,83,124,1155,0,0,59,475,65,381,59,856,California
Sierra,2021-02-26,11,1249,6,89,5,1160,0,0,4,472,7,388,4,860,California
Sierra,2021-02-27,2,1251,2,91,0,1160,0,0,0,470,2,390,0,860,California
Sierra,2021-03-01,1,1252,1,92,0,1160,0,0,0,469,1,391,0,860,California
Sierra,2021-03-02,58,1310,0,92,58,1218,0,0,39,489,19,410,39,899,California
Sierra,2021-03-03,2,1312,2,94,0,1218,0,0,1,489,1,411,1,900,California
Sierra,2021-03-04,108,1420,0,94,108,1326,0,0,60,501,48,459,60,960,California
Sierra,2021-03-05,13,1433,1,95,12,1338,0,0,11,510,2,461,11,971,California
Sierra,2021-03-07,1,1434,1,96,0,1338,0,0,0,509,1,462,0,971,California
Sierra,2021-03-08,2,1436,2,98,0,1338,0,0,2,511,0,462,2,973,California
Sierra,2021-03-09,58,1494,0,98,58,1396,0,0,11,475,47,509,11,984,California
Sierra,2021-03-10,6,1500,0,98,6,1402,0,0,4,477,2,511,4,988,California
Sierra,2021-03-11,176,1676,0,98,176,1578,0,0,44,389,132,643,44,1032,California
Sierra,2021-03-12,20,1696,1,99,19,1597,0,0,0,369,20,663,0,1032,California
Sierra,2021-03-13,28,1724,0,99,28,1625,0,0,28,397,0,663,28,1060,California
Sierra,2021-03-15,2,1726,0,99,0,1625,2,2,0,397,2,665,2,1062,California
Sierra,2021-03-16,36,1762,0,99,35,1660,1,3,22,406,14,679,23,1085,California
Sierra,2021-03-17,1,1763,0,99,1,1661,0,3,0,405,1,680,0,1085,California
Sierra,2021-03-18,160,1923,0,99,160,1821,0,3,65,375,95,775,65,1150,California
Sierra,2021-03-19,4,1927,2,101,2,1823,0,3,1,373,3,778,1,1151,California
Sierra,2021-03-20,1,1928,0,101,1,1824,0,3,1,374,0,778,1,1152,California
Sierra,2021-03-23,22,1950,0,101,22,1846,0,3,13,378,9,787,13,1165,California
Sierra,2021-03-24,3,1953,1,102,2,1848,0,3,1,377,2,789,1,1166,California
Sierra,2021-03-25,99,2052,1,103,98,1946,0,3,50,378,49,838,50,1216,California
Sierra,2021-03-26,12,2064,1,104,11,1957,0,3,8,382,4,842,8,1224,California
Sierra,2021-03-27,1,2065,0,104,1,1958,0,3,0,381,1,843,0,1224,California
Sierra,2021-03-29,1,2066,1,105,0,1958,0,3,0,380,1,844,0,1224,California
Sierra,2021-03-30,56,2122,1,106,55,2013,0,3,22,368,34,878,22,1246,California
Sierra,2021-03-31,8,2130,0,106,8,2021,0,3,8,376,0,878,8,1254,California
Sierra,2021-04-01,63,2193,1,107,62,2083,0,3,5,325,56,934,5,1259,California
Sierra,2021-04-02,3,2196,2,109,1,2084,0,3,2,326,1,935,2,1261,California
Sierra,2021-04-04,1,2197,0,109,1,2085,0,3,0,326,0,935,0,1261,California
Sierra,2021-04-06,11,2208,0,109,11,2096,0,3,1,317,10,945,1,1262,California
Sierra,2021-04-07,14,2222,3,112,6,2102,5,8,3,315,10,955,8,1270,California
Sierra,2021-04-08,53,2275,2,114,51,2153,0,8,16,294,37,992,16,1286,California
Sierra,2021-04-09,2,2277,2,116,0,2153,0,8,1,294,1,993,1,1287,California
Sierra,2021-04-10,27,2304,0,116,27,2180,0,8,0,267,27,1020,0,1287,California
Sierra,2021-04-12,1,2305,0,116,0,2180,1,9,0,267,1,1021,1,1288,California
Sierra,2021-04-13,45,2350,0,116,45,2225,0,9,5,232,40,1061,5,1293,California
Sierra,2021-04-14,1,2351,0,116,1,2226,0,9,1,233,0,1061,1,1294,California
Sierra,2021-04-15,49,2400,1,117,48,2274,0,9,2,188,47,1108,2,1296,California
Sierra,2021-04-17,2,2402,1,118,1,2275,0,9,1,188,1,1109,1,1297,California
Sierra,2021-04-18,1,2403,0,118,1,2276,0,9,0,188,0,1109,0,1297,California
Sierra,2021-04-19,2,2405,1,119,1,2277,0,9,1,188,1,1110,1,1298,California
Sierra,2021-04-20,33,2438,1,120,32,2309,0,9,6,167,27,1137,6,1304,California
Sierra,2021-04-21,2,2440,1,121,1,2310,0,9,1,167,1,1138,1,1305,California
Sierra,2021-04-22,64,2504,1,122,63,2373,0,9,5,114,58,1196,5,1310,California
Sierra,2021-04-23,12,2516,0,122,12,2385,0,9,4,110,8,1204,4,1314,California
Sierra,2021-04-24,4,2520,0,122,4,2389,0,9,4,114,0,1204,4,1318,California
Sierra,2021-04-27,27,2547,0,122,27,2416,0,9,4,95,23,1227,4,1322,California
Sierra,2021-04-28,10,2557,2,124,8,2424,0,9,1,87,9,1236,1,1323,California
Sierra,2021-04-29,20,2577,2,126,18,2442,0,9,14,95,6,1242,14,1337,California
Sierra,2021-04-30,3,2580,1,127,2,2444,0,9,1,94,2,1244,1,1338,California
Sierra,2021-05-03,1,2581,1,128,0,2444,0,9,1,95,0,1244,1,1339,California
Sierra,2021-05-04,2,2583,0,128,1,2445,1,10,0,94,2,1246,1,1340,California
Sierra,2021-05-05,23,2606,1,129,22,2467,0,10,8,87,15,1261,8,1348,California
Sierra,2021-05-06,1,2607,1,130,0,2467,0,10,0,86,1,1262,0,1348,California
Sierra,2021-05-07,1,2608,1,131,0,2467,0,10,1,87,0,1262,1,1349,California
Sierra,2021-05-08,1,2609,0,131,0,2467,1,11,0,87,1,1263,1,1350,California
Sierra,2021-05-11,11,2620,0,131,4,2471,7,18,0,83,11,1274,7,1357,California
Sierra,2021-05-12,10,2630,1,132,9,2480,0,18,7,87,3,1277,7,1364,California
Sierra,2021-05-13,3,2633,2,134,1,2481,0,18,2,88,1,1278,2,1366,California
Sierra,2021-05-14,3,2636,1,135,2,2483,0,18,3,91,0,1278,3,1369,California
Sierra,2021-05-17,1,2637,1,136,0,2483,0,18,1,92,0,1278,1,1370,California
Sierra,2021-05-18,1,2638,0,136,0,2483,1,19,0,92,1,1279,1,1371,California
Sierra,2021-05-19,6,2644,3,139,3,2486,0,19,2,90,4,1283,2,1373,California
Sierra,2021-05-20,9,2653,8,147,0,2486,1,20,8,98,1,1284,9,1382,California
Sierra,2021-05-21,3,2656,1,148,2,2488,0,20,1,97,2,1286,1,1383,California
Sierra,2021-05-22,4,2660,0,148,4,2492,0,20,0,93,4,1290,0,1383,California
Sierra,2021-05-23,1,2661,0,148,1,2493,0,20,1,94,0,1290,1,1384,California
Sierra,2021-05-24,3,2664,1,149,2,2495,0,20,2,95,1,1291,2,1386,California
Sierra,2021-05-25,3,2667,0,149,3,2498,0,20,1,94,2,1293,1,1387,California
Sierra,2021-05-26,8,2675,0,149,8,2506,0,20,4,94,4,1297,4,1391,California
Sierra,2021-05-27,9,2684,1,150,7,2513,1,21,2,90,7,1304,3,1394,California
Sierra,2021-05-28,4,2688,2,152,2,2515,0,21,2,90,2,1306,2,1396,California
Sierra,2021-05-29,2,2690,0,152,2,2517,0,21,2,92,0,1306,2,1398,California
Sierra,2021-05-30,1,2691,1,153,0,2517,0,21,1,93,0,1306,1,1399,California
Sierra,2021-06-01,1,2692,0,153,1,2518,0,21,0,92,1,1307,0,1399,California
Sierra,2021-06-02,21,2713,0,153,21,2539,0,21,0,72,20,1327,0,1399,California
Sierra,2021-06-03,2,2715,2,155,0,2539,0,21,0,70,2,1329,0,1399,California
Sierra,2021-06-04,2,2717,2,157,0,2539,0,21,1,70,1,1330,1,1400,California
Siskiyou,2020-12-16,2,2,2,2,0,0,0,0,2,2,0,0,2,2,California
Siskiyou,2020-12-17,4,6,4,6,0,0,0,0,4,6,0,0,4,6,California
Siskiyou,2020-12-18,2,8,2,8,0,0,0,0,2,8,0,0,2,8,California
Siskiyou,2020-12-19,4,12,4,12,0,0,0,0,4,12,0,0,4,12,California
Siskiyou,2020-12-20,1,13,1,13,0,0,0,0,1,13,0,0,1,13,California
Siskiyou,2020-12-21,131,144,131,144,0,0,0,0,131,144,0,0,131,144,California
Siskiyou,2020-12-22,158,302,158,302,0,0,0,0,158,302,0,0,158,302,California
Siskiyou,2020-12-23,142,444,142,444,0,0,0,0,142,444,0,0,142,444,California
Siskiyou,2020-12-24,5,449,5,449,0,0,0,0,5,449,0,0,5,449,California
Siskiyou,2020-12-26,2,451,0,449,2,2,0,0,2,451,0,0,2,451,California
Siskiyou,2020-12-27,2,453,0,449,2,4,0,0,2,453,0,0,2,453,California
Siskiyou,2020-12-28,3,456,1,450,2,6,0,0,3,456,0,0,3,456,California
Siskiyou,2020-12-29,6,462,2,452,4,10,0,0,6,462,0,0,6,462,California
Siskiyou,2020-12-30,98,560,3,455,95,105,0,0,98,560,0,0,98,560,California
Siskiyou,2020-12-31,12,572,0,455,12,117,0,0,12,572,0,0,12,572,California
Siskiyou,2021-01-02,1,573,1,456,0,117,0,0,1,573,0,0,1,573,California
Siskiyou,2021-01-03,1,574,0,456,1,118,0,0,1,574,0,0,1,574,California
Siskiyou,2021-01-04,129,703,3,459,126,244,0,0,129,703,0,0,129,703,California
Siskiyou,2021-01-05,118,821,4,463,114,358,0,0,117,819,1,1,117,820,California
Siskiyou,2021-01-06,59,880,6,469,53,411,0,0,55,870,4,5,55,875,California
Siskiyou,2021-01-07,174,1054,4,473,170,581,0,0,173,1042,1,6,173,1048,California
Siskiyou,2021-01-08,40,1094,3,476,37,618,0,0,38,1078,2,8,38,1086,California
Siskiyou,2021-01-09,2,1096,2,478,0,618,0,0,0,1076,2,10,0,1086,California
Siskiyou,2021-01-11,225,1321,64,542,161,779,0,0,163,1177,62,72,163,1249,California
Siskiyou,2021-01-12,323,1644,274,816,49,828,0,0,90,1035,233,305,91,1340,California
Siskiyou,2021-01-13,157,1801,137,953,20,848,0,0,23,924,134,439,23,1363,California
Siskiyou,2021-01-14,25,1826,1,954,24,872,0,0,24,947,1,440,24,1387,California
Siskiyou,2021-01-15,35,1861,3,957,32,904,0,0,35,982,0,440,35,1422,California
Siskiyou,2021-01-16,7,1868,2,959,5,909,0,0,7,989,0,440,7,1429,California
Siskiyou,2021-01-17,1,1869,1,960,0,909,0,0,0,988,1,441,0,1429,California
Siskiyou,2021-01-18,76,1945,3,963,73,982,0,0,74,1060,2,443,74,1503,California
Siskiyou,2021-01-19,21,1966,1,964,20,1002,0,0,20,1079,1,444,20,1523,California
Siskiyou,2021-01-20,47,2013,35,999,12,1014,0,0,43,1118,4,448,43,1566,California
Siskiyou,2021-01-21,42,2055,1,1000,41,1055,0,0,42,1160,0,448,42,1608,California
Siskiyou,2021-01-22,1327,3382,1175,2175,152,1207,0,0,1327,2487,0,448,1327,2935,California
Siskiyou,2021-01-23,5,3387,1,2176,4,1211,0,0,2,2486,3,451,2,2937,California
Siskiyou,2021-01-25,182,3569,8,2184,174,1385,0,0,178,2660,4,455,178,3115,California
Siskiyou,2021-01-26,119,3688,3,2187,116,1501,0,0,111,2763,8,463,111,3226,California
Siskiyou,2021-01-27,182,3870,1,2188,181,1682,0,0,127,2835,55,518,127,3353,California
Siskiyou,2021-01-28,231,4101,117,2305,114,1796,0,0,225,3054,6,524,225,3578,California
Siskiyou,2021-01-29,249,4350,3,2308,246,2042,0,0,247,3299,2,526,247,3825,California
Siskiyou,2021-01-30,4,4354,3,2311,1,2043,0,0,4,3303,0,526,4,3829,California
Siskiyou,2021-02-01,194,4548,3,2314,191,2234,0,0,105,3319,89,615,105,3934,California
Siskiyou,2021-02-02,289,4837,45,2359,244,2478,0,0,146,3322,143,758,146,4080,California
Siskiyou,2021-02-03,315,5152,1,2360,314,2792,0,0,264,3535,51,809,264,4344,California
Siskiyou,2021-02-04,317,5469,7,2367,310,3102,0,0,196,3610,121,930,196,4540,California
Siskiyou,2021-02-05,511,5980,4,2371,507,3609,0,0,349,3797,162,1092,349,4889,California
Siskiyou,2021-02-06,15,5995,0,2371,15,3624,0,0,15,3812,0,1092,15,4904,California
Siskiyou,2021-02-07,3,5998,2,2373,1,3625,0,0,3,3815,0,1092,3,4907,California
Siskiyou,2021-02-08,218,6216,4,2377,214,3839,0,0,214,4025,4,1096,214,5121,California
Siskiyou,2021-02-09,217,6433,3,2380,214,4053,0,0,184,4176,33,1129,184,5305,California
Siskiyou,2021-02-10,371,6804,41,2421,330,4383,0,0,318,4442,52,1181,318,5623,California
Siskiyou,2021-02-11,189,6993,1,2422,188,4571,0,0,174,4601,15,1196,174,5797,California
Siskiyou,2021-02-12,1687,8680,1198,3620,489,5060,0,0,498,3910,1189,2385,498,6295,California
Siskiyou,2021-02-13,37,8717,2,3622,35,5095,0,0,33,3939,4,2389,33,6328,California
Siskiyou,2021-02-14,5,8722,1,3623,4,5099,0,0,5,3944,0,2389,5,6333,California
Siskiyou,2021-02-15,102,8824,4,3627,98,5197,0,0,100,4042,2,2391,100,6433,California
Siskiyou,2021-02-16,114,8938,2,3629,112,5309,0,0,99,4126,15,2406,99,6532,California
Siskiyou,2021-02-17,176,9114,8,3637,168,5477,0,0,162,4274,14,2420,162,6694,California
Siskiyou,2021-02-18,221,9335,88,3725,133,5610,0,0,98,4249,123,2543,98,6792,California
Siskiyou,2021-02-19,71,9406,34,3759,37,5647,0,0,34,4246,37,2580,34,6826,California
Siskiyou,2021-02-20,22,9428,3,3762,19,5666,0,0,17,4258,5,2585,17,6843,California
Siskiyou,2021-02-21,1,9429,1,3763,0,5666,0,0,1,4259,0,2585,1,6844,California
Siskiyou,2021-02-22,125,9554,2,3765,123,5789,0,0,19,4172,106,2691,19,6863,California
Siskiyou,2021-02-23,161,9715,15,3780,146,5935,0,0,46,4103,115,2806,46,6909,California
Siskiyou,2021-02-24,151,9866,5,3785,146,6081,0,0,38,4028,113,2919,38,6947,California
Siskiyou,2021-02-25,294,10160,18,3803,276,6357,0,0,148,4030,146,3065,148,7095,California
Siskiyou,2021-02-26,669,10829,9,3812,660,7017,0,0,367,4095,302,3367,367,7462,California
Siskiyou,2021-02-27,32,10861,5,3817,27,7044,0,0,28,4119,4,3371,28,7490,California
Siskiyou,2021-02-28,6,10867,5,3822,1,7045,0,0,4,4121,2,3373,4,7494,California
Siskiyou,2021-03-01,280,11147,6,3828,274,7319,0,0,50,3941,230,3603,50,7544,California
Siskiyou,2021-03-02,189,11336,1,3829,188,7507,0,0,70,3892,119,3722,70,7614,California
Siskiyou,2021-03-03,347,11683,10,3839,337,7844,0,0,153,3851,194,3916,153,7767,California
Siskiyou,2021-03-04,787,12470,617,4456,170,8014,0,0,632,4328,155,4071,632,8399,California
Siskiyou,2021-03-05,326,12796,5,4461,310,8324,11,11,106,4228,217,4288,117,8516,California
Siskiyou,2021-03-06,43,12839,3,4464,33,8357,7,18,28,4248,15,4303,35,8551,California
Siskiyou,2021-03-07,10,12849,2,4466,0,8357,8,26,1,4248,9,4312,9,8560,California
Siskiyou,2021-03-08,353,13202,24,4490,295,8652,34,60,59,4047,294,4606,93,8653,California
Siskiyou,2021-03-09,163,13365,2,4492,106,8758,55,115,38,4015,125,4731,93,8746,California
Siskiyou,2021-03-10,220,13585,6,4498,184,8942,30,145,24,3873,196,4927,54,8800,California
Siskiyou,2021-03-11,476,14061,206,4704,223,9165,47,192,276,3997,199,5126,323,9123,California
Siskiyou,2021-03-12,651,14712,141,4845,471,9636,39,231,184,3755,465,5591,223,9346,California
Siskiyou,2021-03-13,429,15141,380,5225,26,9662,23,254,380,4109,49,5640,403,9749,California
Siskiyou,2021-03-14,20,15161,1,5226,3,9665,16,270,2,4109,18,5658,18,9767,California
Siskiyou,2021-03-15,455,15616,258,5484,175,9840,22,292,320,4316,135,5793,342,10109,California
Siskiyou,2021-03-16,257,15873,34,5518,207,10047,16,308,141,4358,115,5908,157,10266,California
Siskiyou,2021-03-17,200,16073,9,5527,183,10230,8,316,34,4234,166,6074,42,10308,California
Siskiyou,2021-03-18,925,16998,787,6314,126,10356,12,328,810,4941,115,6189,822,11130,California
Siskiyou,2021-03-19,66,17064,7,6321,46,10402,13,341,19,4926,47,6236,32,11162,California
Siskiyou,2021-03-20,29,17093,7,6328,18,10420,4,345,6,4913,23,6259,10,11172,California
Siskiyou,2021-03-21,10,17103,4,6332,1,10421,5,350,4,4916,6,6265,9,11181,California
Siskiyou,2021-03-22,208,17311,21,6353,165,10586,22,372,145,5023,60,6325,167,11348,California
Siskiyou,2021-03-23,176,17487,19,6372,148,10734,9,381,128,5112,48,6373,137,11485,California
Siskiyou,2021-03-24,143,17630,47,6419,96,10830,0,381,116,5201,27,6400,116,11601,California
Siskiyou,2021-03-25,566,18196,316,6735,247,11077,3,384,396,5430,170,6570,399,12000,California
Siskiyou,2021-03-26,305,18501,35,6770,270,11347,0,384,104,5335,199,6769,104,12104,California
Siskiyou,2021-03-27,39,18540,6,6776,28,11375,5,389,11,5323,28,6797,16,12120,California
Siskiyou,2021-03-28,7,18547,6,6782,1,11376,0,389,5,5326,2,6799,5,12125,California
Siskiyou,2021-03-29,95,18642,10,6792,83,11459,2,391,45,5323,50,6849,47,12172,California
Siskiyou,2021-03-30,102,18744,6,6798,95,11554,1,392,41,5304,61,6910,42,12214,California
Siskiyou,2021-03-31,181,18925,12,6810,166,11720,3,395,48,5224,132,7042,52,12266,California
Siskiyou,2021-04-01,826,19751,669,7479,157,11877,0,395,213,4824,613,7655,213,12479,California
Siskiyou,2021-04-02,348,20099,197,7676,147,12024,4,399,66,4614,280,7935,70,12549,California
Siskiyou,2021-04-03,26,20125,5,7681,14,12038,7,406,5,4605,21,7956,12,12561,California
Siskiyou,2021-04-04,2,20127,1,7682,1,12039,0,406,1,4605,1,7957,1,12562,California
Siskiyou,2021-04-05,437,20564,332,8014,80,12119,25,431,27,4248,409,8366,52,12614,California
Siskiyou,2021-04-06,220,20784,36,8050,131,12250,53,484,126,4333,93,8459,178,12792,California
Siskiyou,2021-04-07,114,20898,10,8060,63,12313,41,525,65,4390,49,8508,106,12898,California
Siskiyou,2021-04-08,349,21247,179,8239,127,12440,43,568,64,4212,285,8793,107,13005,California
Siskiyou,2021-04-09,546,21793,378,8617,130,12570,38,606,84,3874,461,9254,123,13128,California
Siskiyou,2021-04-10,46,21839,6,8623,3,12573,37,643,7,3879,39,9293,44,13172,California
Siskiyou,2021-04-11,7,21846,5,8628,1,12574,1,644,2,3877,5,9298,3,13175,California
Siskiyou,2021-04-12,128,21974,24,8652,103,12677,1,645,48,3846,80,9378,49,13224,California
Siskiyou,2021-04-13,206,22180,37,8689,168,12845,1,646,82,3805,124,9502,83,13307,California
Siskiyou,2021-04-14,155,22335,64,8753,91,12936,0,646,84,3820,69,9571,84,13391,California
Siskiyou,2021-04-15,1116,23451,957,9710,159,13095,0,646,437,3578,679,10250,437,13828,California
Siskiyou,2021-04-16,300,23751,208,9918,92,13187,0,646,268,3815,31,10281,268,14096,California
Siskiyou,2021-04-17,12,23763,9,9927,3,13190,0,646,7,3817,5,10286,7,14103,California
Siskiyou,2021-04-18,5,23768,3,9930,2,13192,0,646,1,3814,4,10290,1,14104,California
Siskiyou,2021-04-19,127,23895,24,9954,103,13295,0,646,45,3777,82,10372,45,14149,California
Siskiyou,2021-04-20,220,24115,4,9958,216,13511,0,646,91,3739,129,10501,91,14240,California
Siskiyou,2021-04-21,95,24210,10,9968,85,13596,0,646,25,3694,70,10571,25,14265,California
Siskiyou,2021-04-22,410,24620,298,10266,112,13708,0,646,50,3384,360,10931,50,14315,California
Siskiyou,2021-04-23,181,24801,15,10281,166,13874,0,646,159,3522,21,10952,159,14474,California
Siskiyou,2021-04-24,28,24829,4,10285,24,13898,0,646,20,3534,8,10960,20,14494,California
Siskiyou,2021-04-25,2,24831,0,10285,2,13900,0,646,2,3536,0,10960,2,14496,California
Siskiyou,2021-04-26,101,24932,6,10291,90,13990,5,651,25,3490,76,11036,30,14526,California
Siskiyou,2021-04-27,104,25036,4,10295,98,14088,2,653,84,3558,18,11054,86,14612,California
Siskiyou,2021-04-28,109,25145,7,10302,94,14182,8,661,52,3561,57,11111,60,14672,California
Siskiyou,2021-04-29,105,25250,14,10316,91,14273,0,661,25,3506,80,11191,25,14697,California
Siskiyou,2021-04-30,103,25353,21,10337,81,14354,1,662,45,3496,55,11246,45,14742,California
Siskiyou,2021-05-01,11,25364,7,10344,1,14355,3,665,7,3502,4,11250,10,14752,California
Siskiyou,2021-05-02,10,25374,4,10348,6,14361,0,665,8,3508,2,11252,8,14760,California
Siskiyou,2021-05-03,108,25482,24,10372,82,14443,2,667,45,3492,63,11315,47,14807,California
Siskiyou,2021-05-04,121,25603,6,10378,113,14556,2,669,60,3494,60,11375,62,14869,California
Siskiyou,2021-05-05,114,25717,19,10397,86,14642,9,678,39,3468,74,11449,48,14917,California
Siskiyou,2021-05-06,367,26084,296,10693,65,14707,6,684,190,3487,177,11626,196,15113,California
Siskiyou,2021-05-07,309,26393,219,10912,85,14792,5,689,33,3250,275,11901,38,15151,California
Siskiyou,2021-05-08,25,26418,4,10916,20,14812,1,690,18,3262,7,11908,19,15170,California
Siskiyou,2021-05-09,1,26419,0,10916,1,14813,0,690,0,3261,1,11909,0,15170,California
Siskiyou,2021-05-10,99,26518,68,10984,30,14843,1,691,22,3207,77,11986,23,15193,California
Siskiyou,2021-05-11,86,26604,8,10992,73,14916,5,696,51,3228,35,12021,56,15249,California
Siskiyou,2021-05-12,53,26657,4,10996,45,14961,4,700,15,3209,38,12059,19,15268,California
Siskiyou,2021-05-13,76,26733,31,11027,36,14997,9,709,34,3210,42,12101,43,15311,California
Siskiyou,2021-05-14,169,26902,81,11108,87,15084,1,710,102,3247,66,12167,103,15414,California
Siskiyou,2021-05-15,44,26946,14,11122,28,15112,2,712,37,3280,6,12173,39,15453,California
Siskiyou,2021-05-16,6,26952,2,11124,4,15116,0,712,4,3282,2,12175,4,15457,California
Siskiyou,2021-05-17,64,27016,2,11126,39,15155,23,735,11,3263,53,12228,34,15491,California
Siskiyou,2021-05-18,216,27232,81,11207,131,15286,4,739,122,3296,93,12321,126,15617,California
Siskiyou,2021-05-19,155,27387,97,11304,57,15343,1,740,124,3390,31,12352,125,15742,California
Siskiyou,2021-05-20,493,27880,422,11726,69,15412,2,742,226,3351,267,12619,228,15970,California
Siskiyou,2021-05-21,181,28061,95,11821,86,15498,0,742,108,3387,72,12691,108,16078,California
Siskiyou,2021-05-22,41,28102,19,11840,22,15520,0,742,26,3398,15,12706,26,16104,California
Siskiyou,2021-05-23,4,28106,3,11843,1,15521,0,742,2,3398,2,12708,2,16106,California
Siskiyou,2021-05-24,18,28124,3,11846,15,15536,0,742,5,3391,12,12720,5,16111,California
Siskiyou,2021-05-25,156,28280,16,11862,120,15656,20,762,51,3359,103,12823,71,16182,California
Siskiyou,2021-05-26,75,28355,19,11881,56,15712,0,762,42,3368,33,12856,42,16224,California
Siskiyou,2021-05-27,129,28484,93,11974,35,15747,1,763,58,3356,71,12927,59,16283,California
Siskiyou,2021-05-28,153,28637,57,12031,95,15842,1,764,101,3407,51,12978,102,16385,California
Siskiyou,2021-05-29,16,28653,9,12040,4,15846,3,767,5,3404,11,12989,8,16393,California
Siskiyou,2021-05-31,2,28655,1,12041,0,15846,1,768,1,3405,1,12990,2,16395,California
Siskiyou,2021-06-01,86,28741,20,12061,66,15912,0,768,29,3378,56,13046,29,16424,California
Siskiyou,2021-06-02,121,28862,35,12096,86,15998,0,768,44,3345,77,13123,44,16468,California
Siskiyou,2021-06-03,148,29010,103,12199,40,16038,5,773,35,3272,113,13236,40,16508,California
Siskiyou,2021-06-04,103,29113,81,12280,22,16060,0,773,22,3213,81,13317,22,16530,California
Siskiyou,2021-06-05,35,29148,16,12296,18,16078,1,774,13,3205,22,13339,14,16544,California
Solano,2020-12-15,4,4,4,4,0,0,0,0,4,4,0,0,4,4,California
Solano,2020-12-16,70,74,70,74,0,0,0,0,70,74,0,0,70,74,California
Solano,2020-12-17,171,245,171,245,0,0,0,0,171,245,0,0,171,245,California
Solano,2020-12-18,477,722,476,721,1,1,0,0,477,722,0,0,477,722,California
Solano,2020-12-19,521,1243,521,1242,0,1,0,0,521,1243,0,0,521,1243,California
Solano,2020-12-20,353,1596,351,1593,2,3,0,0,353,1596,0,0,353,1596,California
Solano,2020-12-21,577,2173,575,2168,2,5,0,0,577,2173,0,0,577,2173,California
Solano,2020-12-22,662,2835,629,2797,33,38,0,0,662,2835,0,0,662,2835,California
Solano,2020-12-23,864,3699,772,3569,92,130,0,0,863,3697,1,1,863,3698,California
Solano,2020-12-24,422,4121,171,3740,251,381,0,0,422,4119,0,1,422,4120,California
Solano,2020-12-25,9,4130,1,3741,8,389,0,0,9,4128,0,1,9,4129,California
Solano,2020-12-26,172,4302,47,3788,125,514,0,0,172,4300,0,1,172,4301,California
Solano,2020-12-27,105,4407,29,3817,76,590,0,0,105,4405,0,1,105,4406,California
Solano,2020-12-28,867,5274,422,4239,445,1035,0,0,867,5272,0,1,867,5273,California
Solano,2020-12-29,905,6179,371,4610,534,1569,0,0,905,6177,0,1,905,6178,California
Solano,2020-12-30,1229,7408,593,5203,636,2205,0,0,1229,7406,0,1,1229,7407,California
Solano,2020-12-31,540,7948,137,5340,403,2608,0,0,540,7946,0,1,540,7947,California
Solano,2021-01-01,15,7963,14,5354,1,2609,0,0,15,7961,0,1,15,7962,California
Solano,2021-01-02,215,8178,166,5520,49,2658,0,0,215,8176,0,1,215,8177,California
Solano,2021-01-03,56,8234,40,5560,16,2674,0,0,50,8226,0,1,50,8227,California
Solano,2021-01-04,454,8688,246,5806,208,2882,0,0,437,8653,10,11,437,8664,California
Solano,2021-01-05,734,9422,379,6185,355,3237,0,0,574,9072,155,166,574,9238,California
Solano,2021-01-06,845,10267,437,6622,408,3645,0,0,573,9375,270,436,573,9811,California
Solano,2021-01-07,1068,11335,685,7307,383,4028,0,0,590,9490,476,912,591,10402,California
Solano,2021-01-08,1148,12483,781,8088,367,4395,0,0,550,9462,580,1492,552,10954,California
Solano,2021-01-09,886,13369,763,8851,123,4518,0,0,427,9433,456,1948,427,11381,California
Solano,2021-01-10,259,13628,193,9044,66,4584,0,0,158,9490,101,2049,158,11539,California
Solano,2021-01-11,1339,14967,1125,10169,214,4798,0,0,816,9784,522,2571,816,12355,California
Solano,2021-01-12,1568,16535,1167,11336,401,5199,0,0,1019,10256,548,3119,1020,13375,California
Solano,2021-01-13,1470,18005,1006,12342,464,5663,0,0,1210,11208,258,3377,1210,14585,California
Solano,2021-01-14,1891,19896,811,13153,1080,6743,0,0,1579,12476,311,3688,1579,16164,California
Solano,2021-01-15,1716,21612,1055,14208,661,7404,0,0,1422,13604,294,3982,1422,17586,California
Solano,2021-01-16,1297,22909,909,15117,388,7792,0,0,1122,14551,175,4157,1122,18708,California
Solano,2021-01-17,1055,23964,759,15876,296,8088,0,0,1035,15567,20,4177,1036,19744,California
Solano,2021-01-18,1423,25387,850,16726,573,8661,0,0,1307,16759,116,4293,1308,21052,California
Solano,2021-01-19,1656,27043,1339,18065,317,8978,0,0,1388,17880,267,4560,1388,22440,California
Solano,2021-01-20,2030,29073,1420,19485,610,9588,0,0,1544,18941,483,5043,1544,23984,California
Solano,2021-01-21,3208,32281,1018,20503,2190,11778,0,0,2855,21444,353,5396,2856,26840,California
Solano,2021-01-22,1773,34054,846,21349,927,12705,0,0,1579,22829,194,5590,1579,28419,California
Solano,2021-01-23,742,34796,243,21592,499,13204,0,0,536,23159,207,5797,537,28956,California
Solano,2021-01-24,408,35204,62,21654,346,13550,0,0,340,23431,68,5865,340,29296,California
Solano,2021-01-25,1679,36883,632,22286,1047,14597,0,0,1118,23990,560,6425,1119,30415,California
Solano,2021-01-26,1795,38678,742,23028,1053,15650,0,0,1157,24510,638,7063,1158,31573,California
Solano,2021-01-27,1812,40490,725,23753,1087,16737,0,0,1195,25095,610,7673,1195,32768,California
Solano,2021-01-28,1965,42455,712,24465,1253,17990,0,0,1371,25874,593,8266,1372,34140,California
Solano,2021-01-29,1723,44178,788,25253,935,18925,0,0,1355,26863,366,8632,1355,35495,California
Solano,2021-01-30,962,45140,461,25714,501,19426,0,0,617,27136,345,8977,618,36113,California
Solano,2021-01-31,248,45388,157,25871,91,19517,0,0,173,27234,75,9052,173,36286,California
Solano,2021-02-01,1557,46945,1032,26903,525,20042,0,0,777,27234,777,9829,777,37063,California
Solano,2021-02-02,3372,50317,1093,27996,2279,22321,0,0,2559,28984,809,10638,2559,39622,California
Solano,2021-02-03,2272,52589,1314,29310,958,23279,0,0,1169,29053,1100,11738,1169,40791,California
Solano,2021-02-04,1807,54396,907,30217,900,24179,0,0,1075,29401,727,12465,1075,41866,California
Solano,2021-02-05,3116,57512,1421,31638,1695,25874,0,0,2106,30505,1002,13467,2106,43972,California
Solano,2021-02-06,3073,60585,1173,32811,1900,27774,0,0,2250,31936,819,14286,2250,46222,California
Solano,2021-02-07,851,61436,783,33594,68,27842,0,0,235,31556,615,14901,235,46457,California
Solano,2021-02-08,1764,63200,1235,34829,529,28371,0,0,719,31232,1043,15944,719,47176,California
Solano,2021-02-09,1953,65153,1490,36319,463,28834,0,0,698,30676,1254,17198,698,47874,California
Solano,2021-02-10,2273,67426,1499,37818,774,29608,0,0,831,30065,1442,18640,831,48705,California
Solano,2021-02-11,2523,69949,1494,39312,1029,30637,0,0,1198,29949,1314,19954,1198,49903,California
Solano,2021-02-12,4258,74207,1628,40940,2630,33267,0,0,2904,31506,1347,21301,2904,52807,California
Solano,2021-02-13,2865,77072,243,41183,2622,35889,0,0,2451,33546,411,21712,2451,55258,California
Solano,2021-02-14,728,77800,205,41388,523,36412,0,0,406,33633,320,22032,407,55665,California
Solano,2021-02-15,1334,79134,328,41716,1006,37418,0,0,686,33672,647,22679,686,56351,California
Solano,2021-02-16,2559,81693,1385,43101,1174,38592,0,0,1664,34443,894,23573,1665,58016,California
Solano,2021-02-17,3226,84919,1450,44551,1776,40368,0,0,2188,35597,1035,24608,2189,60205,California
Solano,2021-02-18,2913,87832,845,45396,2068,42436,0,0,863,34417,2044,26652,864,61069,California
Solano,2021-02-19,2472,90304,1456,46852,1016,43452,0,0,1174,34300,1293,27945,1176,62245,California
Solano,2021-02-20,2749,93053,389,47241,2360,45812,0,0,2232,36014,518,28463,2232,64477,California
Solano,2021-02-21,2323,95376,1998,49239,325,46137,0,0,1998,37691,321,28784,1998,66475,California
Solano,2021-02-22,1806,97182,1064,50303,742,46879,0,0,941,37770,863,29647,942,67417,California
Solano,2021-02-23,2886,100068,1087,51390,1799,48678,0,0,1963,38815,918,30565,1963,69380,California
Solano,2021-02-24,2535,102603,1266,52656,1269,49947,0,0,1411,39105,1122,31687,1412,70792,California
Solano,2021-02-25,2573,105176,1568,54224,1005,50952,0,0,1424,39385,1144,32831,1424,72216,California
Solano,2021-02-26,3396,108572,2152,56376,1244,52196,0,0,1952,39899,1438,34269,1952,74168,California
Solano,2021-02-27,3981,112553,1531,57907,2449,54645,1,1,3218,42364,754,35023,3219,77387,California
Solano,2021-02-28,1941,114494,1564,59471,376,55021,1,2,1613,43653,325,35348,1614,79001,California
Solano,2021-03-01,2640,117134,1223,60694,1416,56437,1,3,1974,44969,659,36007,1975,80976,California
Solano,2021-03-02,2265,119399,1405,62099,860,57297,0,3,1292,45289,972,36979,1292,82268,California
Solano,2021-03-03,2247,121646,1266,63365,981,58278,0,3,1390,45832,848,37827,1391,83659,California
Solano,2021-03-04,4389,126035,3435,66800,952,59230,2,5,3159,47776,1220,39047,3164,86823,California
Solano,2021-03-05,4943,130978,1685,68485,3253,62483,5,10,3974,50796,959,40006,3979,90802,California
Solano,2021-03-06,3857,134835,829,69314,2989,65472,39,49,2651,52292,1194,41200,2690,93492,California
Solano,2021-03-07,3591,138426,760,70074,2821,68293,10,59,1968,52661,1610,42810,1979,95471,California
Solano,2021-03-08,2140,140566,1346,71420,526,68819,268,327,1618,54028,517,43327,1884,97355,California
Solano,2021-03-09,3229,143795,1569,72989,1606,70425,54,381,2330,55510,898,44225,2380,99735,California
Solano,2021-03-10,2426,146221,1762,74751,579,71004,85,466,1272,55717,1149,45374,1356,101091,California
Solano,2021-03-11,6030,152251,1757,76508,4020,75024,253,719,4979,59903,1047,46421,5233,106324,California
Solano,2021-03-12,6032,158283,1569,78077,4285,79309,178,897,3166,60384,2862,49283,3343,109667,California
Solano,2021-03-13,4587,162870,804,78881,3703,83012,80,977,2232,60351,2348,51631,2315,111982,California
Solano,2021-03-14,4016,166886,3137,82018,423,83435,456,1433,1548,59889,2463,54094,2001,113983,California
Solano,2021-03-15,4026,170912,2457,84475,1243,84678,326,1759,2509,61212,1510,55604,2833,116816,California
Solano,2021-03-16,3078,173990,1318,85793,1521,86199,239,1998,1561,61497,1513,57117,1798,118614,California
Solano,2021-03-17,6469,180459,1666,87459,4712,90911,91,2089,4941,65004,1525,58642,5032,123646,California
Solano,2021-03-18,5227,185686,1848,89307,3340,94251,39,2128,3749,67323,1470,60112,3789,127435,California
Solano,2021-03-19,3570,189256,2640,91947,854,95105,76,2204,1718,67275,1844,61956,1796,129231,California
Solano,2021-03-20,5594,194850,1681,93628,3860,98965,53,2257,2647,67038,2937,64893,2700,131931,California
Solano,2021-03-21,1685,196535,1579,95207,81,99046,25,2282,372,66123,1310,66203,395,132326,California
Solano,2021-03-22,2671,199206,2040,97247,580,99626,51,2333,1541,66588,1123,67326,1588,133914,California
Solano,2021-03-23,3563,202769,1682,98929,1839,101465,42,2375,1409,65887,2151,69477,1450,135364,California
Solano,2021-03-24,2832,205601,1773,100702,1024,102489,35,2410,1360,65814,1466,70943,1393,136757,California
Solano,2021-03-25,4879,210480,4005,104707,839,103328,35,2445,2272,65518,2603,73546,2307,139064,California
Solano,2021-03-26,3238,213718,2111,106818,1089,104417,38,2483,1738,65803,1491,75037,1776,140840,California
Solano,2021-03-27,4215,217933,1157,107975,3020,107437,38,2521,1660,64950,2549,77586,1696,142536,California
Solano,2021-03-28,1425,219358,1117,109092,290,107727,18,2539,545,64637,876,78462,563,143099,California
Solano,2021-03-29,3525,222883,2047,111139,1462,109189,16,2555,1576,64294,1935,80397,1592,144691,California
Solano,2021-03-30,3036,225919,2014,113153,928,110117,94,2649,1886,65125,1148,81545,1979,146670,California
Solano,2021-03-31,3139,229058,2137,115290,843,110960,159,2808,1837,65818,1299,82844,1992,148662,California
Solano,2021-04-01,5557,234615,2107,117397,3296,114256,154,2962,3509,67446,2035,84879,3663,152325,California
Solano,2021-04-02,6628,241243,2229,119626,4233,118489,166,3128,2552,66102,4061,88940,2717,155042,California
Solano,2021-04-03,1526,242769,963,120589,410,118899,153,3281,569,65868,955,89895,721,155763,California
Solano,2021-04-04,781,243550,291,120880,189,119088,301,3582,240,65872,537,90432,541,156304,California
Solano,2021-04-05,2979,246529,2038,122918,734,119822,207,3789,1512,66124,1465,91897,1717,158021,California
Solano,2021-04-06,6082,252611,1640,124558,3954,123776,488,4277,1652,63839,4423,96320,2138,160159,California
Solano,2021-04-07,5959,258570,4612,129170,947,124723,400,4677,3391,65081,2548,98868,3790,163949,California
Solano,2021-04-08,6470,265040,1791,130961,3807,128530,872,5549,1809,63123,4632,103500,2674,166623,California
Solano,2021-04-09,6296,271336,1664,132625,3778,132308,854,6403,1515,60731,4756,108256,2364,168987,California
Solano,2021-04-10,1744,273080,964,133589,450,132758,330,6733,803,60923,940,109196,1132,170119,California
Solano,2021-04-11,1217,274297,765,134354,333,133091,119,6852,641,61110,573,109769,760,170879,California
Solano,2021-04-12,3266,277563,1682,136036,1221,134312,363,7215,1348,60906,1913,111682,1709,172588,California
Solano,2021-04-13,2530,280093,1090,137126,1439,135751,1,7216,1318,61016,1209,112891,1319,173907,California
Solano,2021-04-14,6475,286568,1950,139076,4525,140276,0,7216,1815,58180,4652,117543,1816,175723,California
Solano,2021-04-15,5693,292261,2146,141222,3547,143823,0,7216,1720,55941,3959,121502,1720,177443,California
Solano,2021-04-16,3668,295929,2582,143804,1084,144907,2,7218,2276,56833,1386,122888,2278,179721,California
Solano,2021-04-17,3256,299185,1059,144863,2197,147104,0,7218,1111,55808,2137,125025,1112,180833,California
Solano,2021-04-18,1009,300194,618,145481,391,147495,0,7218,527,55854,481,125506,527,181360,California
Solano,2021-04-19,2104,302298,1156,146637,948,148443,0,7218,1169,56095,930,126436,1171,182531,California
Solano,2021-04-20,3004,305302,1828,148465,1176,149619,0,7218,1662,56421,1336,127772,1662,184193,California
Solano,2021-04-21,3790,309092,2332,150797,1458,151077,0,7218,1998,56635,1784,129556,1998,186191,California
Solano,2021-04-22,2938,312030,1487,152284,1451,152528,0,7218,1786,57272,1150,130706,1787,187978,California
Solano,2021-04-23,4149,316179,2095,154379,2054,154582,0,7218,2505,58139,1639,132345,2506,190484,California
Solano,2021-04-24,3886,320065,2344,156723,1540,156122,2,7220,2583,59508,1216,133561,2585,193069,California
Solano,2021-04-25,1425,321490,1110,157833,315,156437,0,7220,1125,60340,293,133854,1125,194194,California
Solano,2021-04-26,2524,324014,1628,159461,892,157329,4,7224,1377,60586,1135,134989,1381,195575,California
Solano,2021-04-27,2543,326557,1265,160726,1250,158579,28,7252,1438,60958,1095,136084,1467,197042,California
Solano,2021-04-28,6031,332588,4986,165712,999,159578,46,7298,3776,62536,2244,138328,3822,200864,California
Solano,2021-04-29,4519,337107,1433,167145,3054,162632,32,7330,2042,62141,2469,140797,2074,202938,California
Solano,2021-04-30,4106,341213,2183,169328,1785,164417,138,7468,1897,61981,2195,142992,2035,204973,California
Solano,2021-05-01,2175,343388,1676,171004,298,164715,201,7669,1291,62594,879,143871,1492,206465,California
Solano,2021-05-02,1198,344586,939,171943,233,164948,26,7695,663,62753,530,144401,689,207154,California
Solano,2021-05-03,1455,346041,1013,172956,355,165303,87,7782,596,62579,858,145259,684,207838,California
Solano,2021-05-04,1798,347839,1047,174003,685,165988,66,7848,811,62470,986,146245,877,208715,California
Solano,2021-05-05,2263,350102,1416,175419,733,166721,114,7962,1086,62495,1173,147418,1198,209913,California
Solano,2021-05-06,1996,352098,1189,176608,597,167318,210,8172,729,62176,1257,148675,938,210851,California
Solano,2021-05-07,2786,354884,1932,178540,734,168052,120,8292,964,61443,1815,150490,1082,211933,California
Solano,2021-05-08,1366,356250,826,179366,425,168477,115,8407,474,61143,889,151379,589,212522,California
Solano,2021-05-09,418,356668,241,179607,166,168643,11,8418,153,61046,262,151641,165,212687,California
Solano,2021-05-10,1322,357990,606,180213,611,169254,105,8523,383,60600,934,152575,488,213175,California
Solano,2021-05-11,2231,360221,1122,181335,1025,170279,84,8607,633,59724,1593,154168,717,213892,California
Solano,2021-05-12,2046,362267,1153,182488,724,171003,169,8776,672,59204,1359,155527,839,214731,California
Solano,2021-05-13,2889,365156,1985,184473,694,171697,210,8986,1526,59580,1360,156887,1736,216467,California
Solano,2021-05-14,2406,367562,1623,186096,662,172359,121,9107,1000,59304,1397,158284,1121,217588,California
Solano,2021-05-15,2859,370421,2228,188324,569,172928,62,9169,1123,58764,1725,160009,1185,218773,California
Solano,2021-05-16,1481,371902,1087,189411,361,173289,33,9202,242,57802,1236,161245,274,219047,California
Solano,2021-05-17,2447,374349,1400,190811,960,174249,87,9289,904,57266,1523,162768,987,220034,California
Solano,2021-05-18,2908,377257,1618,192429,1201,175450,89,9378,1474,57406,1422,164190,1562,221596,California
Solano,2021-05-19,4943,382200,3408,195837,1429,176879,106,9484,1910,56400,3023,167213,2017,223613,California
Solano,2021-05-20,2242,384442,1350,197187,843,177722,49,9533,836,55885,1400,168613,885,224498,California
Solano,2021-05-21,3169,387611,1625,198812,1488,179210,56,9589,1266,55315,1892,170505,1322,225820,California
Solano,2021-05-22,2153,389764,1667,200479,429,179639,57,9646,917,55061,1228,171733,974,226794,California
Solano,2021-05-23,1225,390989,1062,201541,152,179791,11,9657,691,55232,531,172264,702,227496,California
Solano,2021-05-24,1839,392828,1041,202582,726,180517,72,9729,625,54720,1208,173472,696,228192,California
Solano,2021-05-25,1627,394455,823,203405,746,181263,58,9787,594,54345,1027,174499,652,228844,California
Solano,2021-05-26,1878,396333,1079,204484,745,182008,54,9841,709,53946,1162,175661,763,229607,California
Solano,2021-05-27,1842,398175,821,205305,947,182955,74,9915,699,53583,1135,176796,772,230379,California
Solano,2021-05-28,1906,400081,918,206223,937,183892,51,9966,660,53057,1238,178034,712,231091,California
Solano,2021-05-29,648,400729,320,206543,298,184190,30,9996,322,53084,324,178358,351,231442,California
Solano,2021-05-30,323,401052,155,206698,143,184333,25,10021,119,53027,201,178559,144,231586,California
Solano,2021-05-31,127,401179,18,206716,100,184433,9,10030,24,52957,103,178662,33,231619,California
Solano,2021-06-01,1820,402999,1163,207879,579,185012,78,10108,756,52731,1059,179721,833,232452,California
Solano,2021-06-02,1549,404548,1019,208898,466,185478,64,10172,704,52658,838,180559,765,233217,California
Solano,2021-06-03,1503,406051,1059,209957,363,185841,81,10253,529,52300,969,181528,611,233828,California
Solano,2021-06-04,1614,407665,1111,211068,436,186277,67,10320,537,51831,1072,182600,603,234431,California
Solano,2021-06-05,1271,408936,997,212065,227,186504,47,10367,422,51453,846,183446,468,234899,California
Solano,2021-06-06,89,409025,39,212104,42,186546,8,10375,22,51416,67,183513,30,234929,California
Sonoma,2020-12-15,4,4,4,4,0,0,0,0,4,4,0,0,4,4,California
Sonoma,2020-12-16,28,32,28,32,0,0,0,0,28,32,0,0,28,32,California
Sonoma,2020-12-17,110,142,110,142,0,0,0,0,110,142,0,0,110,142,California
Sonoma,2020-12-18,436,578,436,578,0,0,0,0,436,578,0,0,436,578,California
Sonoma,2020-12-19,113,691,112,690,1,1,0,0,113,691,0,0,113,691,California
Sonoma,2020-12-20,175,866,175,865,0,1,0,0,175,866,0,0,175,866,California
Sonoma,2020-12-21,910,1776,908,1773,2,3,0,0,909,1775,0,0,909,1775,California
Sonoma,2020-12-22,1358,3134,1267,3040,91,94,0,0,1358,3133,0,0,1358,3133,California
Sonoma,2020-12-23,1606,4740,1232,4272,374,468,0,0,1607,4740,0,0,1607,4740,California
Sonoma,2020-12-24,309,5049,102,4374,207,675,0,0,309,5049,0,0,309,5049,California
Sonoma,2020-12-25,9,5058,2,4376,7,682,0,0,9,5058,0,0,9,5058,California
Sonoma,2020-12-26,268,5326,257,4633,11,693,0,0,268,5326,0,0,268,5326,California
Sonoma,2020-12-27,96,5422,81,4714,15,708,0,0,96,5422,0,0,96,5422,California
Sonoma,2020-12-28,987,6409,551,5265,436,1144,0,0,958,6380,0,0,958,6380,California
Sonoma,2020-12-29,1132,7541,780,6045,352,1496,0,0,1099,7479,0,0,1099,7479,California
Sonoma,2020-12-30,1097,8638,480,6525,617,2113,0,0,1089,8568,0,0,1089,8568,California
Sonoma,2020-12-31,521,9159,71,6596,450,2563,0,0,522,9090,0,0,522,9090,California
Sonoma,2021-01-01,21,9180,12,6608,9,2572,0,0,21,9111,0,0,21,9111,California
Sonoma,2021-01-02,132,9312,126,6734,6,2578,0,0,132,9243,0,0,132,9243,California
Sonoma,2021-01-03,25,9337,10,6744,15,2593,0,0,25,9268,0,0,25,9268,California
Sonoma,2021-01-04,342,9679,106,6850,236,2829,0,0,341,9609,0,0,341,9609,California
Sonoma,2021-01-05,431,10110,101,6951,330,3159,0,0,405,9998,16,16,405,10014,California
Sonoma,2021-01-06,952,11062,434,7385,518,3677,0,0,838,10728,108,124,838,10852,California
Sonoma,2021-01-07,1034,12096,538,7923,496,4173,0,0,859,11413,174,298,859,11711,California
Sonoma,2021-01-08,1797,13893,1236,9159,561,4734,0,0,1314,12246,481,779,1314,13025,California
Sonoma,2021-01-09,642,14535,404,9563,238,4972,0,0,593,12790,49,828,593,13618,California
Sonoma,2021-01-10,474,15009,463,10026,11,4983,0,0,278,12872,196,1024,278,13896,California
Sonoma,2021-01-11,1389,16398,1241,11267,148,5131,0,0,415,12318,969,1993,415,14311,California
Sonoma,2021-01-12,1547,17945,1291,12558,256,5387,0,0,397,11567,1148,3141,397,14708,California
Sonoma,2021-01-13,2048,19993,1371,13929,677,6064,0,0,1179,11881,866,4007,1180,15888,California
Sonoma,2021-01-14,1539,21532,806,14735,733,6797,0,0,1310,12962,229,4236,1310,17198,California
Sonoma,2021-01-15,1562,23094,628,15363,934,7731,0,0,1339,14088,214,4450,1340,18538,California
Sonoma,2021-01-16,1148,24242,618,15981,530,8261,0,0,900,14744,244,4694,900,19438,California
Sonoma,2021-01-17,673,24915,552,16533,121,8382,0,0,593,15257,80,4774,593,20031,California
Sonoma,2021-01-18,1108,26023,937,17470,171,8553,0,0,619,15388,489,5263,620,20651,California
Sonoma,2021-01-19,2100,28123,1003,18473,1097,9650,0,0,1387,16065,711,5974,1388,22039,California
Sonoma,2021-01-20,2095,30218,631,19104,1464,11114,0,0,1425,16831,660,6634,1426,23465,California
Sonoma,2021-01-21,2267,32485,647,19751,1620,12734,0,0,2047,18661,218,6852,2048,25513,California
Sonoma,2021-01-22,2744,35229,1046,20797,1698,14432,0,0,2594,21106,149,7001,2594,28107,California
Sonoma,2021-01-23,766,35995,592,21389,174,14606,0,0,658,21657,107,7108,658,28765,California
Sonoma,2021-01-24,848,36843,719,22108,129,14735,0,0,830,22469,18,7126,830,29595,California
Sonoma,2021-01-25,2182,39025,520,22628,1662,16397,0,0,1694,23675,488,7614,1694,31289,California
Sonoma,2021-01-26,2044,41069,301,22929,1743,18140,0,0,1584,24800,459,8073,1584,32873,California
Sonoma,2021-01-27,3748,44817,1285,24214,2463,20603,0,0,3166,27388,580,8653,3168,36041,California
Sonoma,2021-01-28,4134,48951,1850,26064,2284,22887,0,0,3452,30163,679,9332,3454,39495,California
Sonoma,2021-01-29,3007,51958,1419,27483,1588,24475,0,0,2161,31481,844,10176,2162,41657,California
Sonoma,2021-01-30,2593,54551,2405,29888,188,24663,0,0,2248,33385,345,10521,2249,43906,California
Sonoma,2021-01-31,813,55364,698,30586,115,24778,0,0,582,33737,230,10751,582,44488,California
Sonoma,2021-02-01,2483,57847,854,31440,1629,26407,0,0,2102,35462,377,11128,2102,46590,California
Sonoma,2021-02-02,3597,61444,1396,32836,2201,28608,0,0,3019,37906,575,11703,3019,49609,California
Sonoma,2021-02-03,4053,65497,1328,34164,2725,31333,0,0,3113,40083,936,12639,3113,52722,California
Sonoma,2021-02-04,4220,69717,1730,35894,2490,33823,0,0,3423,42712,795,13434,3424,56146,California
Sonoma,2021-02-05,4834,74551,1751,37645,3083,36906,0,0,3806,45495,1024,14458,3807,59953,California
Sonoma,2021-02-06,2650,77201,2289,39934,361,37267,0,0,2117,47080,532,14990,2117,62070,California
Sonoma,2021-02-07,1549,78750,1411,41345,138,37405,0,0,1292,48115,257,15247,1292,63362,California
Sonoma,2021-02-08,3279,82029,1042,42387,2237,39642,0,0,2685,50207,593,15840,2685,66047,California
Sonoma,2021-02-09,3582,85611,1702,44089,1880,41522,0,0,3101,52830,479,16319,3102,69149,California
Sonoma,2021-02-10,4560,90171,2492,46581,2068,43590,0,0,3553,55383,1001,17320,3554,72703,California
Sonoma,2021-02-11,5593,95764,3030,49611,2563,46153,0,0,4405,58602,1186,18506,4405,77108,California
Sonoma,2021-02-12,5934,101698,3262,52873,2672,48825,0,0,4496,61668,1434,19940,4500,81608,California
Sonoma,2021-02-13,1997,103695,1155,54028,842,49667,0,0,1204,62082,790,20730,1204,82812,California
Sonoma,2021-02-14,2322,106017,1830,55858,492,50159,0,0,1580,62921,741,21471,1580,84392,California
Sonoma,2021-02-15,2149,108166,797,56655,1352,51511,0,0,1611,63994,538,22009,1611,86003,California
Sonoma,2021-02-16,4916,113082,2056,58711,2860,54371,0,0,3647,66377,1265,23274,3648,89651,California
Sonoma,2021-02-17,5615,118697,2908,61619,2707,57078,0,0,3576,67925,2030,25304,3578,93229,California
Sonoma,2021-02-18,6960,125657,3143,64762,3817,60895,0,0,4017,69011,2932,28236,4018,97247,California
Sonoma,2021-02-19,5577,131234,1679,66441,3898,64793,0,0,3456,70353,2116,30352,3458,100705,California
Sonoma,2021-02-20,3135,134369,2842,69283,293,65086,0,0,1217,69658,1912,32264,1217,101922,California
Sonoma,2021-02-21,538,134907,429,69712,109,65195,0,0,142,69408,392,32656,142,102064,California
Sonoma,2021-02-22,2959,137866,1405,71117,1554,66749,0,0,1231,68916,1723,34379,1231,103295,California
Sonoma,2021-02-23,3443,141309,2113,73230,1330,68079,0,0,1609,68695,1830,36209,1609,104904,California
Sonoma,2021-02-24,5719,147028,2575,75805,3144,71223,0,0,2936,68856,2777,38986,2938,107842,California
Sonoma,2021-02-25,6020,153048,2354,78159,3666,74889,0,0,3233,69325,2764,41750,3233,111075,California
Sonoma,2021-02-26,6648,159696,2939,81098,3709,78598,0,0,4222,71128,2419,44169,4222,115297,California
Sonoma,2021-02-27,4211,163907,1967,83065,2244,80842,0,0,2840,72599,1369,45538,2840,118137,California
Sonoma,2021-02-28,2511,166418,1860,84925,651,81493,0,0,770,71642,1727,47265,770,118907,California
Sonoma,2021-03-01,4117,170535,1311,86236,2805,84298,1,1,2166,71869,1941,49206,2168,121075,California
Sonoma,2021-03-02,4410,174945,1521,87757,2889,87187,0,1,2550,72566,1853,51059,2550,123625,California
Sonoma,2021-03-03,5073,180018,2649,90406,2424,89611,0,1,2336,72173,2729,53788,2336,125961,California
Sonoma,2021-03-04,5975,185993,2695,93101,3280,92891,0,1,2599,71410,3362,57150,2599,128560,California
Sonoma,2021-03-05,6503,192496,2870,95971,3618,96509,15,16,2741,70419,3748,60898,2757,131317,California
Sonoma,2021-03-06,2792,195288,1222,97193,1435,97944,135,151,1920,71608,865,61763,2054,133371,California
Sonoma,2021-03-07,1729,197017,1413,98606,280,98224,36,187,384,70685,1343,63106,420,133791,California
Sonoma,2021-03-08,4084,201101,663,99269,3246,101470,175,362,2402,71589,1671,64777,2575,136366,California
Sonoma,2021-03-09,5612,206713,3092,102361,2250,103720,270,632,2761,71764,2843,67620,3018,139384,California
Sonoma,2021-03-10,6032,212745,3197,105558,2485,106205,350,982,2437,70968,3581,71201,2785,142169,California
Sonoma,2021-03-11,7568,220313,3029,108587,3714,109919,825,1807,2576,69387,4980,76181,3399,145568,California
Sonoma,2021-03-12,7426,227739,2264,110851,3795,113714,1367,3174,2102,67546,5305,81486,3464,149032,California
Sonoma,2021-03-13,3430,231169,1695,112546,1496,115210,239,3413,2006,68363,1423,82909,2240,151272,California
Sonoma,2021-03-14,1387,232556,381,112927,864,116074,142,3555,847,68814,537,83446,988,152260,California
Sonoma,2021-03-15,5251,237807,1518,114445,3348,119422,385,3940,2169,68295,3071,86517,2552,154812,California
Sonoma,2021-03-16,6303,244110,2254,116699,3819,123241,230,4170,2900,68028,3395,89912,3128,157940,California
Sonoma,2021-03-17,6803,250913,3560,120259,3063,126304,180,4350,3291,67998,3499,93411,3469,161409,California
Sonoma,2021-03-18,7145,258058,2944,123203,3585,129889,616,4966,3122,67719,4013,97424,3734,165143,California
Sonoma,2021-03-19,7530,265588,3269,126472,4033,133922,228,5194,3059,66558,4452,101876,3291,168434,California
Sonoma,2021-03-20,3718,269306,1755,128227,1137,135059,826,6020,2014,67697,1696,103572,2835,171269,California
Sonoma,2021-03-21,1385,270691,598,128825,752,135811,35,6055,1203,68758,177,103749,1238,172507,California
Sonoma,2021-03-22,4584,275275,3124,131949,1359,137170,101,6156,3340,70960,1238,104987,3440,175947,California
Sonoma,2021-03-23,5874,281149,3645,135594,2158,139328,71,6227,4434,74036,1430,106417,4506,180453,California
Sonoma,2021-03-24,6848,287997,4302,139896,2477,141805,69,6296,4180,75636,2648,109065,4248,184701,California
Sonoma,2021-03-25,7146,295143,4216,144112,2818,144623,112,6408,4294,77217,2826,111891,4407,189108,California
Sonoma,2021-03-26,7455,302598,3468,147580,3894,148517,93,6501,3812,77499,3622,115513,3904,193012,California
Sonoma,2021-03-27,3879,306477,1506,149086,2009,150526,364,6865,1037,76066,2832,118345,1399,194411,California
Sonoma,2021-03-28,1516,307993,950,150036,539,151065,27,6892,800,76180,713,119058,827,195238,California
Sonoma,2021-03-29,2966,310959,1106,151142,1827,152892,33,6925,1533,76321,1425,120483,1566,196804,California
Sonoma,2021-03-30,5866,316825,3225,154367,2579,155471,62,6987,3051,76626,2808,123291,3113,199917,California
Sonoma,2021-03-31,5624,322449,3410,157777,1998,157469,216,7203,3247,77726,2363,125654,3463,203380,California
Sonoma,2021-04-01,6937,329386,4068,161845,2525,159994,344,7547,3761,78673,3149,128803,4096,207476,California
Sonoma,2021-04-02,5962,335348,3571,165416,2281,162275,110,7657,3582,79993,2371,131174,3691,211167,California
Sonoma,2021-04-03,3646,338994,1824,167240,1599,163874,223,7880,1604,79788,2030,133204,1825,212992,California
Sonoma,2021-04-04,1068,340062,695,167935,282,164156,91,7971,663,80142,400,133604,754,213746,California
Sonoma,2021-04-05,4412,344474,617,168552,3451,167607,344,8315,1648,79376,2757,136361,1991,215737,California
Sonoma,2021-04-06,6905,351379,3495,172047,3003,170610,407,8722,4014,80918,2877,139238,4419,220156,California
Sonoma,2021-04-07,6854,358233,3872,175919,2144,172754,838,9560,3334,81575,3509,142747,4166,224322,California
Sonoma,2021-04-08,7647,365880,4151,180070,2722,175476,774,10334,4185,83077,3452,146199,4954,229276,California
Sonoma,2021-04-09,6862,372742,3826,183896,2147,177623,889,11223,3535,84181,3313,149512,4417,233693,California
Sonoma,2021-04-10,3908,376650,1703,185599,1646,179269,559,11782,1141,83117,2758,152270,1694,235387,California
Sonoma,2021-04-11,1284,377934,606,186205,597,179866,81,11863,439,82793,844,153114,520,235907,California
Sonoma,2021-04-12,4965,382899,2064,188269,2413,182279,488,12351,1849,82019,3104,156218,2330,238237,California
Sonoma,2021-04-13,7859,390758,4654,192923,3203,185482,2,12353,2989,80150,4860,161078,2991,241228,California
Sonoma,2021-04-14,6572,397330,3742,196665,2810,188292,20,12373,2517,78644,4042,165120,2536,243764,California
Sonoma,2021-04-15,7246,404576,4104,200769,3142,191434,0,12373,3579,78570,3655,168775,3581,247345,California
Sonoma,2021-04-16,6785,411361,3402,204171,3381,194815,2,12375,3831,79458,2945,171720,3833,251178,California
Sonoma,2021-04-17,3197,414558,1560,205731,1637,196452,0,12375,1545,79366,1638,173358,1546,252724,California
Sonoma,2021-04-18,1286,415844,892,206623,394,196846,0,12375,450,78981,835,174193,450,253174,California
Sonoma,2021-04-19,3320,419164,1881,208504,1438,198284,1,12376,1447,78560,1869,176062,1448,254622,California
Sonoma,2021-04-20,6273,425437,3467,211971,2806,201090,0,12376,2339,76977,3923,179985,2340,256962,California
Sonoma,2021-04-21,6613,432050,4230,216201,2381,203471,2,12378,3034,76453,3559,183544,3035,259997,California
Sonoma,2021-04-22,6247,438297,4483,220684,1764,205235,0,12378,2517,75257,3713,187257,2517,262514,California
Sonoma,2021-04-23,7429,445726,4631,225315,2792,208027,6,12384,3629,75107,3786,191043,3636,266150,California
Sonoma,2021-04-24,2777,448503,1507,226822,1255,209282,15,12399,1547,75444,1225,192268,1562,267712,California
Sonoma,2021-04-25,1086,449589,790,227612,296,209578,0,12399,430,75221,653,192921,430,268142,California
Sonoma,2021-04-26,2846,452435,1347,228959,1471,211049,28,12427,1573,75557,1265,194186,1601,269743,California
Sonoma,2021-04-27,5416,457851,3690,232649,1614,212663,112,12539,2219,74702,3186,197372,2331,272074,California
Sonoma,2021-04-28,4894,462745,3228,235877,1470,214133,196,12735,2095,74206,2782,200154,2286,274360,California
Sonoma,2021-04-29,5080,467825,3585,239462,1350,215483,145,12880,1912,73106,3157,203311,2057,276417,California
Sonoma,2021-04-30,5456,473281,3632,243094,1530,217013,294,13174,1811,71581,3630,206941,2105,278522,California
Sonoma,2021-05-01,2483,475764,1786,244880,592,217605,105,13279,1235,71677,1240,208181,1336,279858,California
Sonoma,2021-05-02,865,476629,645,245525,169,217774,51,13330,551,71966,314,208495,603,280461,California
Sonoma,2021-05-03,3183,479812,1682,247207,1356,219130,145,13475,1049,71033,2125,210620,1192,281653,California
Sonoma,2021-05-04,4585,484397,2404,249611,2003,221133,178,13653,1460,69561,3105,213725,1633,283286,California
Sonoma,2021-05-05,3670,488067,2179,251790,1297,222430,194,13847,1312,68719,2346,216071,1504,284790,California
Sonoma,2021-05-06,4543,492610,2407,254197,2008,224438,128,13975,1345,67030,3159,219230,1470,286260,California
Sonoma,2021-05-07,3598,496208,2314,256511,1161,225599,123,14098,1085,65734,2503,221733,1207,287467,California
Sonoma,2021-05-08,1850,498058,1260,257771,498,226097,92,14190,752,65485,1093,222826,844,288311,California
Sonoma,2021-05-09,500,498558,284,258055,175,226272,41,14231,172,65373,325,223151,213,288524,California
Sonoma,2021-05-10,2315,500873,1042,259097,1139,227411,134,14365,289,63781,2012,225163,420,288944,California
Sonoma,2021-05-11,3488,504361,1879,260976,1494,228905,115,14480,932,62287,2541,227704,1047,289991,California
Sonoma,2021-05-12,3891,508252,2414,263390,1338,230243,139,14619,813,60170,3068,230772,951,290942,California
Sonoma,2021-05-13,4740,512992,2723,266113,1902,232145,115,14734,1567,58689,3161,233933,1680,292622,California
Sonoma,2021-05-14,5808,518800,3609,269722,2061,234206,138,14872,2219,57472,3575,237508,2358,294980,California
Sonoma,2021-05-15,2923,521723,2151,271873,711,234917,61,14933,1846,58309,1069,238577,1906,296886,California
Sonoma,2021-05-16,1314,523037,1097,272970,158,235075,59,14992,979,59016,331,238908,1038,297924,California
Sonoma,2021-05-17,2446,525483,1821,274791,530,235605,95,15087,939,58547,1502,240410,1033,298957,California
Sonoma,2021-05-18,4325,529808,2857,277648,1359,236964,109,15196,1496,57343,2811,243221,1607,300564,California
Sonoma,2021-05-19,3734,533542,2402,280050,1217,238181,115,15311,1490,56716,2232,245453,1605,302169,California
Sonoma,2021-05-20,3036,536578,2072,282122,872,239053,92,15403,1239,56256,1786,247239,1326,303495,California
Sonoma,2021-05-21,3846,540424,2202,284324,1515,240568,129,15532,1390,55326,2436,249675,1506,305001,California
Sonoma,2021-05-22,2068,542492,1120,285444,908,241476,40,15572,564,54437,1493,251168,604,305605,California
Sonoma,2021-05-23,1224,543716,1079,286523,132,241608,13,15585,686,54603,533,251701,699,306304,California
Sonoma,2021-05-24,1961,545677,1246,287769,585,242193,130,15715,666,54134,1265,252966,796,307100,California
Sonoma,2021-05-25,2915,548592,1795,289564,1032,243225,88,15803,759,52836,2144,255110,846,307946,California
Sonoma,2021-05-26,2455,551047,1724,291288,625,243850,106,15909,1000,52494,1445,256555,1103,309049,California
Sonoma,2021-05-27,2072,553119,1133,292421,843,244693,96,16005,700,51924,1365,257920,795,309844,California
Sonoma,2021-05-28,2143,555262,1127,293548,924,245617,92,16097,621,51127,1510,259430,713,310557,California
Sonoma,2021-05-29,1333,556595,913,294461,353,245970,67,16164,646,51162,678,260108,713,311270,California
Sonoma,2021-05-30,340,556935,211,294672,119,246089,10,16174,136,51108,200,260308,146,311416,California
Sonoma,2021-05-31,71,557006,26,294698,44,246133,1,16175,17,51072,54,260362,18,311434,California
Sonoma,2021-06-01,1911,558917,1091,295789,743,246876,77,16252,693,50632,1205,261567,765,312199,California
Sonoma,2021-06-02,1568,560485,958,296747,496,247372,114,16366,682,50545,882,262449,795,312994,California
Sonoma,2021-06-03,1982,562467,1383,298130,519,247891,80,16446,505,49659,1469,263918,583,313577,California
Sonoma,2021-06-04,2660,565127,2175,300305,376,248267,109,16555,532,48178,2121,266039,640,314217,California
Sonoma,2021-06-05,1784,566911,1485,301790,270,248537,29,16584,295,47018,1484,267523,324,314541,California
Sonoma,2021-06-06,470,567381,432,302222,34,248571,4,16588,65,46684,403,267926,69,314610,California
Stanislaus,2020-12-15,3,3,3,3,0,0,0,0,3,3,0,0,3,3,California
Stanislaus,2020-12-16,37,40,37,40,0,0,0,0,37,40,0,0,37,40,California
Stanislaus,2020-12-17,74,114,74,114,0,0,0,0,74,114,0,0,74,114,California
Stanislaus,2020-12-18,341,455,335,449,6,6,0,0,341,455,0,0,341,455,California
Stanislaus,2020-12-19,132,587,132,581,0,6,0,0,132,587,0,0,132,587,California
Stanislaus,2020-12-20,86,673,86,667,0,6,0,0,86,673,0,0,86,673,California
Stanislaus,2020-12-21,996,1669,995,1662,1,7,0,0,995,1668,1,1,996,1669,California
Stanislaus,2020-12-22,793,2462,781,2443,12,19,0,0,793,2461,0,1,793,2462,California
Stanislaus,2020-12-23,448,2910,430,2873,18,37,0,0,447,2908,1,2,448,2910,California
Stanislaus,2020-12-24,97,3007,88,2961,9,46,0,0,97,3005,0,2,97,3007,California
Stanislaus,2020-12-26,52,3059,9,2970,43,89,0,0,52,3057,0,2,52,3059,California
Stanislaus,2020-12-27,11,3070,6,2976,5,94,0,0,11,3068,0,2,11,3070,California
Stanislaus,2020-12-28,487,3557,394,3370,93,187,0,0,487,3555,0,2,487,3557,California
Stanislaus,2020-12-29,495,4052,415,3785,80,267,0,0,495,4050,0,2,495,4052,California
Stanislaus,2020-12-30,532,4584,279,4064,253,520,0,0,531,4580,1,3,531,4583,California
Stanislaus,2020-12-31,277,4861,157,4221,120,640,0,0,277,4857,0,3,277,4860,California
Stanislaus,2021-01-01,14,4875,5,4226,9,649,0,0,14,4871,0,3,14,4874,California
Stanislaus,2021-01-02,33,4908,26,4252,7,656,0,0,33,4904,0,3,33,4907,California
Stanislaus,2021-01-03,90,4998,87,4339,3,659,0,0,90,4994,0,3,90,4997,California
Stanislaus,2021-01-04,232,5230,153,4492,79,738,0,0,231,5224,1,4,231,5228,California
Stanislaus,2021-01-05,838,6068,346,4838,492,1230,0,0,813,6021,24,28,821,6049,California
Stanislaus,2021-01-06,1001,7069,597,5435,404,1634,0,0,928,6882,70,98,931,6980,California
Stanislaus,2021-01-07,1077,8146,703,6138,374,2008,0,0,884,7582,187,285,887,7867,California
Stanislaus,2021-01-08,1272,9418,718,6856,554,2562,0,0,927,8173,342,627,933,8800,California
Stanislaus,2021-01-09,289,9707,141,6997,148,2710,0,0,200,8284,89,716,200,9000,California
Stanislaus,2021-01-10,47,9754,20,7017,27,2737,0,0,29,8295,18,734,29,9029,California
Stanislaus,2021-01-11,1496,11250,1213,8230,283,3020,0,0,572,7966,918,1652,589,9618,California
Stanislaus,2021-01-12,1472,12722,866,9096,606,3626,0,0,830,8168,638,2290,840,10458,California
Stanislaus,2021-01-13,1445,14167,687,9783,758,4384,0,0,1122,8979,322,2612,1133,11591,California
Stanislaus,2021-01-14,2240,16407,284,10067,1956,6340,0,0,2067,10947,170,2782,2138,13729,California
Stanislaus,2021-01-15,2824,19231,1158,11225,1666,8006,0,0,2667,13544,153,2935,2750,16479,California
Stanislaus,2021-01-16,472,19703,50,11275,422,8428,0,0,453,13981,18,2953,455,16934,California
Stanislaus,2021-01-17,244,19947,202,11477,42,8470,0,0,237,14212,6,2959,237,17171,California
Stanislaus,2021-01-18,2188,22135,1022,12499,1166,9636,0,0,1796,15697,387,3346,1872,19043,California
Stanislaus,2021-01-19,1253,23388,723,13222,530,10166,0,0,804,16057,445,3791,805,19848,California
Stanislaus,2021-01-20,1009,24397,489,13711,520,10686,0,0,715,16479,293,4084,715,20563,California
Stanislaus,2021-01-21,3693,28090,2978,16689,715,11401,0,0,3363,19626,326,4410,3473,24036,California
Stanislaus,2021-01-22,1097,29187,308,16997,789,12190,0,0,1052,20640,41,4451,1055,25091,California
Stanislaus,2021-01-23,356,29543,42,17039,314,12504,0,0,297,20880,58,4509,298,25389,California
Stanislaus,2021-01-24,302,29845,100,17139,202,12706,0,0,236,21052,66,4575,238,25627,California
Stanislaus,2021-01-25,3158,33003,227,17366,2931,15637,0,0,2828,23737,294,4869,2979,28606,California
Stanislaus,2021-01-26,1727,34730,747,18113,980,16617,0,0,1298,24630,422,5291,1315,29921,California
Stanislaus,2021-01-27,1892,36622,1051,19164,841,17458,0,0,1188,25161,658,5949,1189,31110,California
Stanislaus,2021-01-28,2208,38830,1511,20675,697,18155,0,0,1717,26458,482,6431,1779,32889,California
Stanislaus,2021-01-29,2444,41274,1196,21871,1248,19403,0,0,1911,27933,487,6918,1962,34851,California
Stanislaus,2021-01-30,293,41567,132,22003,161,19564,0,0,229,28109,53,6971,229,35080,California
Stanislaus,2021-01-31,368,41935,314,22317,54,19618,0,0,353,28450,12,6983,353,35433,California
Stanislaus,2021-02-01,1295,43230,585,22902,710,20328,0,0,941,29049,343,7326,942,36375,California
Stanislaus,2021-02-02,1211,44441,347,23249,864,21192,0,0,775,29401,425,7751,777,37152,California
Stanislaus,2021-02-03,2612,47053,1232,24481,1380,22572,0,0,1915,30638,692,8443,1929,39081,California
Stanislaus,2021-02-04,2090,49143,711,25192,1379,23951,0,0,1581,31730,495,8938,1587,40668,California
Stanislaus,2021-02-05,2852,51995,1470,26662,1382,25333,0,0,1591,32135,1199,10137,1604,42272,California
Stanislaus,2021-02-06,885,52880,299,26961,586,25919,0,0,692,32638,191,10328,694,42966,California
Stanislaus,2021-02-07,232,53112,207,27168,25,25944,0,0,43,32496,186,10514,44,43010,California
Stanislaus,2021-02-08,2037,55149,1336,28504,701,26645,0,0,1098,32722,896,11410,1122,44132,California
Stanislaus,2021-02-09,1839,56988,783,29287,1056,27701,0,0,1042,33000,774,12184,1052,45184,California
Stanislaus,2021-02-10,1934,58922,533,29820,1401,29102,0,0,1011,33112,901,13085,1013,46197,California
Stanislaus,2021-02-11,5398,64320,3275,33095,2123,31225,0,0,1231,30397,3952,17037,1237,47434,California
Stanislaus,2021-02-12,3300,67620,915,34010,2385,33610,0,0,1450,30088,1768,18805,1459,48893,California
Stanislaus,2021-02-13,1352,68972,650,34660,702,34312,0,0,983,30712,363,19168,987,49880,California
Stanislaus,2021-02-14,417,69389,165,34825,252,34564,0,0,350,30997,65,19233,350,50230,California
Stanislaus,2021-02-15,1816,71205,229,35054,1587,36151,0,0,580,30459,1122,20355,584,50814,California
Stanislaus,2021-02-16,1362,72567,423,35477,939,37090,0,0,578,30267,772,21127,580,51394,California
Stanislaus,2021-02-17,2754,75321,1686,37163,1068,38158,0,0,1920,31369,829,21956,1931,53325,California
Stanislaus,2021-02-18,3362,78683,1901,39064,1461,39619,0,0,1780,31689,1494,23450,1814,55139,California
Stanislaus,2021-02-19,2766,81449,1070,40134,1696,41315,0,0,1514,32019,1208,24658,1538,56677,California
Stanislaus,2021-02-20,753,82202,383,40517,370,41685,0,0,477,32241,256,24914,478,57155,California
Stanislaus,2021-02-21,906,83108,692,41209,214,41899,0,0,545,32460,337,25251,556,57711,California
Stanislaus,2021-02-22,2350,85458,1697,42906,653,42552,0,0,1632,33395,698,25949,1633,59344,California
Stanislaus,2021-02-23,3748,89206,680,43586,3068,45620,0,0,1741,33300,1847,27796,1752,61096,California
Stanislaus,2021-02-24,4186,93392,2853,46439,1333,46953,0,0,3125,35388,1040,28836,3128,64224,California
Stanislaus,2021-02-25,3952,97344,2718,49157,1234,48187,0,0,3150,37757,784,29620,3153,67377,California
Stanislaus,2021-02-26,4211,101555,1215,50372,2996,51183,0,0,2836,39286,1319,30939,2848,70225,California
Stanislaus,2021-02-27,2093,103648,711,51083,1381,52564,1,1,1860,40944,204,31143,1862,72087,California
Stanislaus,2021-02-28,825,104473,262,51345,563,53127,0,1,775,41681,39,31182,776,72863,California
Stanislaus,2021-03-01,2784,107257,1641,52986,1141,54268,2,3,1635,42222,1108,32290,1649,74512,California
Stanislaus,2021-03-02,2396,109653,1425,54411,970,55238,1,4,1660,43163,722,33012,1663,76175,California
Stanislaus,2021-03-03,3712,113365,2228,56639,1480,56718,4,8,2904,45279,791,33803,2907,79082,California
Stanislaus,2021-03-04,5439,118804,3104,59743,2319,59037,16,24,4190,48264,1217,35020,4202,83284,California
Stanislaus,2021-03-05,4080,122884,1117,60860,2947,61984,16,40,3084,50396,967,35987,3099,86383,California
Stanislaus,2021-03-06,3577,126461,2230,63090,1254,63238,93,133,2722,52362,851,36838,2817,89200,California
Stanislaus,2021-03-07,850,127311,387,63477,427,63665,36,169,664,52881,181,37019,700,89900,California
Stanislaus,2021-03-08,1989,129300,860,64337,1040,64705,89,258,1330,53659,640,37659,1418,91318,California
Stanislaus,2021-03-09,2177,131477,903,65240,1182,65887,92,350,1636,54862,529,38188,1732,93050,California
Stanislaus,2021-03-10,5065,136542,2503,67743,2339,68226,223,573,3737,57526,1309,39497,3973,97023,California
Stanislaus,2021-03-11,5717,142259,3140,70883,2101,70327,476,1049,4120,60699,1427,40924,4600,101623,California
Stanislaus,2021-03-12,5766,148025,1228,72111,2616,72943,1922,2971,2913,62704,2828,43752,4833,106456,California
Stanislaus,2021-03-13,3392,151417,2180,74291,1142,74085,70,3041,2694,64784,691,44443,2771,109227,California
Stanislaus,2021-03-14,989,152406,595,74886,343,74428,51,3092,485,64821,501,44944,538,109765,California
Stanislaus,2021-03-15,3689,156095,1975,76861,1353,75781,361,3453,1602,64800,1990,46934,1969,111734,California
Stanislaus,2021-03-16,4926,161021,2456,79317,2058,77839,412,3865,3545,67396,1360,48294,3956,115690,California
Stanislaus,2021-03-17,4720,165741,2854,82171,1688,79527,178,4043,2878,68646,1812,50106,3062,118752,California
Stanislaus,2021-03-18,5421,171162,3422,85593,1933,81460,66,4109,2928,69305,2340,52446,2999,121751,California
Stanislaus,2021-03-19,5924,177086,1539,87132,2864,84324,1521,5630,3104,71147,2780,55226,4622,126373,California
Stanislaus,2021-03-20,3841,180927,3007,90139,766,85090,68,5698,3364,74110,470,55696,3433,129806,California
Stanislaus,2021-03-21,1005,181932,903,91042,37,85127,65,5763,765,74703,237,55933,830,130636,California
Stanislaus,2021-03-22,2819,184751,1327,92369,767,85894,725,6488,1237,75114,1553,57486,1964,132600,California
Stanislaus,2021-03-23,3945,188696,2021,94390,1664,87558,260,6748,2804,77073,1124,58610,3083,135683,California
Stanislaus,2021-03-24,4550,193246,3221,97611,1261,88819,68,6816,2634,77909,1869,60479,2705,138388,California
Stanislaus,2021-03-25,4252,197498,2925,100536,1311,90130,16,6832,1818,77388,2356,62835,1835,140223,California
Stanislaus,2021-03-26,4747,202245,1334,101870,3338,93468,75,6907,2376,77514,2338,65173,2464,142687,California
Stanislaus,2021-03-27,4401,206646,2741,104611,1578,95046,82,6989,1379,75979,3004,68177,1469,144156,California
Stanislaus,2021-03-28,1105,207751,438,105049,559,95605,108,7097,317,75634,776,68953,431,144587,California
Stanislaus,2021-03-29,2976,210727,1825,106874,1112,96717,39,7136,1978,76669,988,69941,2023,146610,California
Stanislaus,2021-03-30,3676,214403,2064,108938,1586,98303,26,7162,2230,77494,1437,71378,2262,148872,California
Stanislaus,2021-03-31,5425,219828,3853,112791,1453,99756,119,7281,2771,77755,2633,74011,2894,151766,California
Stanislaus,2021-04-01,5734,225562,3836,116627,1809,101565,89,7370,2631,77403,3083,77094,2731,154497,California
Stanislaus,2021-04-02,5008,230570,1210,117837,3644,105209,154,7524,2235,77121,2683,79777,2401,156898,California
Stanislaus,2021-04-03,4542,235112,3299,121136,1206,106415,37,7561,2240,77119,2292,82069,2290,159188,California
Stanislaus,2021-04-04,1323,236435,473,121609,820,107235,30,7591,651,77139,665,82734,685,159873,California
Stanislaus,2021-04-05,3630,240065,2529,124138,853,108088,248,7839,2354,78479,1266,84000,2606,162479,California
Stanislaus,2021-04-06,5746,245811,4170,128308,1301,109389,275,8114,3074,79176,2658,86658,3355,165834,California
Stanislaus,2021-04-07,6344,252155,3596,131904,2325,111714,423,8537,2826,78933,3500,90158,3257,169091,California
Stanislaus,2021-04-08,5679,257834,3323,135227,1923,113637,433,8970,2772,79257,2884,93042,3208,172299,California
Stanislaus,2021-04-09,4819,262653,2103,137330,2344,115981,372,9342,2183,79213,2612,95654,2568,174867,California
Stanislaus,2021-04-10,6488,269141,3983,141313,866,116847,1639,10981,1997,78377,4465,100119,3629,178496,California
Stanislaus,2021-04-11,1518,270659,847,142160,538,117385,133,11114,664,78323,852,100971,798,179294,California
Stanislaus,2021-04-12,3590,274249,2046,144206,1099,118484,445,11559,1872,78950,1698,102669,2325,181619,California
Stanislaus,2021-04-13,5190,279439,3418,147624,1759,120243,13,11572,2916,79639,2234,104903,2923,184542,California
Stanislaus,2021-04-14,4643,284082,3247,150871,1394,121637,2,11574,2253,79541,2358,107261,2260,186802,California
Stanislaus,2021-04-15,5388,289470,3316,154187,2070,123707,2,11576,3238,80671,2111,109372,3241,190043,California
Stanislaus,2021-04-16,4304,293774,992,155179,3311,127018,1,11577,1816,80044,2446,111818,1819,191862,California
Stanislaus,2021-04-17,3162,296936,2127,157306,1035,128053,0,11577,1838,80573,1312,113130,1841,193703,California
Stanislaus,2021-04-18,532,297468,217,157523,314,128367,1,11578,409,80868,116,113246,411,194114,California
Stanislaus,2021-04-19,3455,300923,2448,159971,1006,129373,1,11579,1636,80726,1787,115033,1645,195759,California
Stanislaus,2021-04-20,3968,304891,2409,162380,1559,130932,0,11579,1731,80252,2207,117240,1733,197492,California
Stanislaus,2021-04-21,3825,308716,2558,164938,1266,132198,1,11580,1599,79672,2186,119426,1606,199098,California
Stanislaus,2021-04-22,3950,312666,2405,167343,1545,133743,0,11580,1571,78914,2334,121760,1576,200674,California
Stanislaus,2021-04-23,3584,316250,843,168186,2740,136483,1,11581,1462,78353,2031,123791,1470,202144,California
Stanislaus,2021-04-24,3783,320033,2928,171114,855,137338,0,11581,1790,78172,1976,125767,1795,203939,California
Stanislaus,2021-04-25,937,320970,480,171594,457,137795,0,11581,688,78621,243,126010,692,204631,California
Stanislaus,2021-04-26,3301,324271,2320,173914,975,138770,6,11587,1004,77359,2277,128287,1015,205646,California
Stanislaus,2021-04-27,3995,328266,2775,176689,1176,139946,44,11631,1140,75717,2830,131117,1188,206834,California
Stanislaus,2021-04-28,4255,332521,3023,179712,1170,141116,62,11693,1837,75227,2399,133516,1909,208743,California
Stanislaus,2021-04-29,3631,336152,2253,181965,1330,142446,48,11741,1445,74557,2173,135689,1503,210246,California
Stanislaus,2021-04-30,4492,340644,2042,184007,2366,144812,84,11825,1776,73721,2704,138393,1868,212114,California
Stanislaus,2021-05-01,2706,343350,1924,185931,742,145554,40,11865,1015,73100,1684,140077,1063,213177,California
Stanislaus,2021-05-02,1074,344424,614,186545,424,145978,36,11901,521,73116,547,140624,563,213740,California
Stanislaus,2021-05-03,2412,346836,1926,188471,415,146393,71,11972,910,72610,1490,142114,984,214724,California
Stanislaus,2021-05-04,3469,350305,2467,190938,912,147305,90,12062,1066,71384,2391,144505,1165,215889,California
Stanislaus,2021-05-05,3184,353489,2130,193068,979,148284,75,12137,1085,70469,2079,146584,1164,217053,California
Stanislaus,2021-05-06,3152,356641,2338,195406,690,148974,124,12261,1017,69501,2116,148700,1148,218201,California
Stanislaus,2021-05-07,2300,358941,882,196288,1255,150229,163,12424,937,69248,1355,150055,1102,219303,California
Stanislaus,2021-05-08,1958,360899,1340,197628,585,150814,33,12457,712,68769,1231,151286,752,220055,California
Stanislaus,2021-05-09,710,361609,340,197968,344,151158,26,12483,306,68700,402,151688,333,220388,California
Stanislaus,2021-05-10,1668,363277,1136,199104,445,151603,87,12570,449,68030,1208,152896,538,220926,California
Stanislaus,2021-05-11,2328,365605,1471,200575,703,152306,154,12724,658,67187,1659,154555,816,221742,California
Stanislaus,2021-05-12,2144,367749,1220,201795,824,153130,100,12824,829,66816,1302,155857,931,222673,California
Stanislaus,2021-05-13,1846,369595,1020,202815,712,153842,114,12938,843,66776,998,156855,958,223631,California
Stanislaus,2021-05-14,2593,372188,1155,203970,1302,155144,136,13074,1195,66725,1383,158238,1332,224963,California
Stanislaus,2021-05-15,2473,374661,1768,205738,655,155799,50,13124,1198,66715,1266,159504,1256,226219,California
Stanislaus,2021-05-16,1020,375681,665,206403,347,156146,8,13132,554,66822,459,159963,566,226785,California
Stanislaus,2021-05-17,1926,377607,1293,207696,552,156698,81,13213,950,66885,970,160933,1033,227818,California
Stanislaus,2021-05-18,2197,379804,1501,209197,582,157280,114,13327,1165,67143,1020,161953,1278,229096,California
Stanislaus,2021-05-19,3015,382819,2062,211259,803,158083,150,13477,1347,66986,1659,163612,1502,230598,California
Stanislaus,2021-05-20,1843,384662,960,212219,783,158866,100,13577,756,66765,1080,164692,859,231457,California
Stanislaus,2021-05-21,2063,386725,961,213180,1010,159876,92,13669,847,66504,1201,165893,940,232397,California
Stanislaus,2021-05-22,1671,388396,1007,214187,597,160473,67,13736,739,66385,925,166818,806,233203,California
Stanislaus,2021-05-23,863,389259,557,214744,294,160767,12,13748,401,66340,458,167276,413,233616,California
Stanislaus,2021-05-24,1574,390833,1082,215826,417,161184,75,13823,611,66075,959,168235,694,234310,California
Stanislaus,2021-05-25,1692,392525,1163,216989,433,161617,96,13919,833,66151,855,169090,931,235241,California
Stanislaus,2021-05-26,1875,394400,1177,218166,649,162266,49,13968,894,66122,972,170062,943,236184,California
Stanislaus,2021-05-27,1709,396109,940,219106,694,162960,75,14043,640,65777,1060,171122,715,236899,California
Stanislaus,2021-05-28,1946,398055,884,219990,983,163943,79,14122,856,65628,1084,172206,935,237834,California
Stanislaus,2021-05-29,1309,399364,842,220832,426,164369,41,14163,610,65586,695,172901,653,238487,California
Stanislaus,2021-05-30,453,399817,273,221105,146,164515,34,14197,215,65600,235,173136,249,238736,California
Stanislaus,2021-05-31,259,400076,122,221227,130,164645,7,14204,97,65543,161,173297,104,238840,California
Stanislaus,2021-06-01,1530,401606,971,222198,519,165164,40,14244,627,65315,898,174195,670,239510,California
Stanislaus,2021-06-02,1664,403270,1078,223276,522,165686,64,14308,766,65259,889,175084,833,240343,California
Stanislaus,2021-06-03,903,404173,486,223762,376,166062,41,14349,369,65143,529,175613,413,240756,California
Stanislaus,2021-06-04,441,404614,294,224056,140,166202,7,14356,233,65183,206,175819,246,241002,California
Stanislaus,2021-06-05,290,404904,194,224250,92,166294,4,14360,129,65160,158,175977,135,241137,California
Stanislaus,2021-06-06,12,404916,11,224261,1,166295,0,14360,8,65164,4,175981,8,241145,California
Sutter,2020-12-15,1,1,1,1,0,0,0,0,1,1,0,0,1,1,California
Sutter,2020-12-16,4,5,4,5,0,0,0,0,4,5,0,0,4,5,California
Sutter,2020-12-17,2,7,2,7,0,0,0,0,2,7,0,0,2,7,California
Sutter,2020-12-18,22,29,22,29,0,0,0,0,22,29,0,0,22,29,California
Sutter,2020-12-19,44,73,44,73,0,0,0,0,44,73,0,0,44,73,California
Sutter,2020-12-20,43,116,43,116,0,0,0,0,43,116,0,0,43,116,California
Sutter,2020-12-21,100,216,100,216,0,0,0,0,100,216,0,0,100,216,California
Sutter,2020-12-22,171,387,171,387,0,0,0,0,171,387,0,0,171,387,California
Sutter,2020-12-23,118,505,113,500,5,5,0,0,118,505,0,0,118,505,California
Sutter,2020-12-24,17,522,11,511,6,11,0,0,17,522,0,0,17,522,California
Sutter,2020-12-26,38,560,34,545,4,15,0,0,38,560,0,0,38,560,California
Sutter,2020-12-27,24,584,23,568,1,16,0,0,24,584,0,0,24,584,California
Sutter,2020-12-28,84,668,56,624,28,44,0,0,84,668,0,0,84,668,California
Sutter,2020-12-29,102,770,14,638,88,132,0,0,102,770,0,0,102,770,California
Sutter,2020-12-30,137,907,34,672,103,235,0,0,137,907,0,0,137,907,California
Sutter,2020-12-31,69,976,6,678,63,298,0,0,69,976,0,0,69,976,California
Sutter,2021-01-01,3,979,3,681,0,298,0,0,3,979,0,0,3,979,California
Sutter,2021-01-02,131,1110,129,810,2,300,0,0,131,1110,0,0,131,1110,California
Sutter,2021-01-03,1,1111,0,810,1,301,0,0,1,1111,0,0,1,1111,California
Sutter,2021-01-04,246,1357,138,948,108,409,0,0,246,1357,0,0,246,1357,California
Sutter,2021-01-05,100,1457,57,1005,43,452,0,0,97,1451,3,3,97,1454,California
Sutter,2021-01-06,204,1661,50,1055,154,606,0,0,199,1645,5,8,199,1653,California
Sutter,2021-01-07,253,1914,151,1206,102,708,0,0,244,1881,8,16,244,1897,California
Sutter,2021-01-08,152,2066,41,1247,111,819,0,0,134,1997,18,34,134,2031,California
Sutter,2021-01-09,44,2110,43,1290,1,820,0,0,3,1959,41,75,3,2034,California
Sutter,2021-01-10,395,2505,37,1327,358,1178,0,0,357,2279,37,112,357,2391,California
Sutter,2021-01-11,133,2638,116,1443,17,1195,0,0,25,2196,108,220,25,2416,California
Sutter,2021-01-12,201,2839,164,1607,37,1232,0,0,58,2111,143,363,58,2474,California
Sutter,2021-01-13,165,3004,101,1708,64,1296,0,0,74,2095,90,453,74,2548,California
Sutter,2021-01-14,148,3152,51,1759,97,1393,0,0,129,2205,19,472,129,2677,California
Sutter,2021-01-15,437,3589,132,1891,305,1698,0,0,422,2612,15,487,422,3099,California
Sutter,2021-01-16,384,3973,41,1932,343,2041,0,0,354,2936,30,517,354,3453,California
Sutter,2021-01-17,26,3999,24,1956,2,2043,0,0,10,2930,16,533,10,3463,California
Sutter,2021-01-18,119,4118,64,2020,55,2098,0,0,70,2951,49,582,70,3533,California
Sutter,2021-01-19,103,4221,42,2062,61,2159,0,0,79,3006,24,606,79,3612,California
Sutter,2021-01-20,270,4491,206,2268,64,2223,0,0,250,3236,20,626,250,3862,California
Sutter,2021-01-21,485,4976,316,2584,169,2392,0,0,466,3683,19,645,466,4328,California
Sutter,2021-01-22,242,5218,53,2637,189,2581,0,0,233,3907,9,654,233,4561,California
Sutter,2021-01-23,398,5616,39,2676,359,2940,0,0,372,4253,26,680,372,4933,California
Sutter,2021-01-24,16,5632,14,2690,2,2942,0,0,14,4265,2,682,14,4947,California
Sutter,2021-01-25,307,5939,195,2885,112,3054,0,0,152,4264,154,836,153,5100,California
Sutter,2021-01-26,249,6188,108,2993,141,3195,0,0,144,4304,104,940,144,5244,California
Sutter,2021-01-27,387,6575,255,3248,132,3327,0,0,321,4559,66,1006,321,5565,California
Sutter,2021-01-28,585,7160,361,3609,224,3551,0,0,410,4795,174,1180,410,5975,California
Sutter,2021-01-29,361,7521,85,3694,276,3827,0,0,242,4918,119,1299,242,6217,California
Sutter,2021-01-30,780,8301,39,3733,741,4568,0,0,769,5676,11,1310,769,6986,California
Sutter,2021-01-31,26,8327,25,3758,1,4569,0,0,26,5702,0,1310,26,7012,California
Sutter,2021-02-01,168,8495,51,3809,117,4686,0,0,137,5808,31,1341,137,7149,California
Sutter,2021-02-02,241,8736,24,3833,217,4903,0,0,208,5983,33,1374,208,7357,California
Sutter,2021-02-03,446,9182,39,3872,407,5310,0,0,211,5959,235,1609,211,7568,California
Sutter,2021-02-04,673,9855,363,4235,310,5620,0,0,620,6526,53,1662,620,8188,California
Sutter,2021-02-05,291,10146,32,4267,259,5879,0,0,139,6513,152,1814,139,8327,California
Sutter,2021-02-06,736,10882,31,4298,705,6584,0,0,716,7209,20,1834,716,9043,California
Sutter,2021-02-07,23,10905,20,4318,3,6587,0,0,19,7224,4,1838,19,9062,California
Sutter,2021-02-08,133,11038,29,4347,104,6691,0,0,98,7287,35,1873,98,9160,California
Sutter,2021-02-09,248,11286,45,4392,203,6894,0,0,185,7409,63,1936,185,9345,California
Sutter,2021-02-10,819,12105,381,4773,438,7332,0,0,179,6949,639,2575,179,9524,California
Sutter,2021-02-11,602,12707,270,5043,332,7664,0,0,344,7035,258,2833,344,9868,California
Sutter,2021-02-12,637,13344,67,5110,570,8234,0,0,312,7023,324,3157,312,10180,California
Sutter,2021-02-13,900,14244,48,5158,852,9086,0,0,784,7691,116,3273,784,10964,California
Sutter,2021-02-14,92,14336,26,5184,66,9152,0,0,81,7761,11,3284,81,11045,California
Sutter,2021-02-15,200,14536,73,5257,127,9279,0,0,121,7803,79,3363,121,11166,California
Sutter,2021-02-16,290,14826,45,5302,245,9524,0,0,206,7926,83,3446,206,11372,California
Sutter,2021-02-17,825,15651,430,5732,395,9919,0,0,131,7363,694,4140,131,11503,California
Sutter,2021-02-18,708,16359,56,5788,652,10571,0,0,493,7642,214,4354,493,11996,California
Sutter,2021-02-19,664,17023,378,6166,286,10857,0,0,460,7900,202,4556,460,12456,California
Sutter,2021-02-20,623,17646,56,6222,567,11424,0,0,518,8314,104,4660,518,12974,California
Sutter,2021-02-21,27,17673,25,6247,2,11426,0,0,8,8303,19,4679,8,12982,California
Sutter,2021-02-22,208,17881,122,6369,86,11512,0,0,88,8271,120,4799,88,13070,California
Sutter,2021-02-23,222,18103,32,6401,190,11702,0,0,97,8244,124,4923,97,13167,California
Sutter,2021-02-24,972,19075,347,6748,625,12327,0,0,198,7669,773,5696,198,13365,California
Sutter,2021-02-25,790,19865,502,7250,288,12615,0,0,607,8096,180,5876,607,13972,California
Sutter,2021-02-26,374,20239,61,7311,313,12928,0,0,154,8032,218,6094,154,14126,California
Sutter,2021-02-27,873,21112,49,7360,824,13752,0,0,713,8583,162,6256,713,14839,California
Sutter,2021-02-28,86,21198,42,7402,44,13796,0,0,66,8630,19,6275,66,14905,California
Sutter,2021-03-01,249,21447,61,7463,188,13984,0,0,152,8685,97,6372,152,15057,California
Sutter,2021-03-02,336,21783,59,7522,277,14261,0,0,162,8674,173,6545,162,15219,California
Sutter,2021-03-03,1387,23170,514,8036,873,15134,0,0,644,8581,737,7282,644,15863,California
Sutter,2021-03-04,1255,24425,862,8898,393,15527,0,0,946,9222,305,7587,946,16809,California
Sutter,2021-03-05,338,24763,78,8976,259,15786,1,1,207,9299,131,7718,208,17017,California
Sutter,2021-03-06,1024,25787,47,9023,972,16758,5,6,859,9998,165,7883,864,17881,California
Sutter,2021-03-07,65,25852,23,9046,41,16799,1,7,44,10022,21,7904,45,17926,California
Sutter,2021-03-08,229,26081,80,9126,137,16936,12,19,159,10123,70,7974,171,18097,California
Sutter,2021-03-09,392,26473,142,9268,237,17173,13,32,189,10122,203,8177,202,18299,California
Sutter,2021-03-10,1575,28048,684,9952,828,18001,63,95,527,9667,1045,9222,590,18889,California
Sutter,2021-03-11,892,28940,441,10393,433,18434,18,113,647,10090,242,9464,665,19554,California
Sutter,2021-03-12,681,29621,111,10504,388,18822,182,295,200,9992,478,9942,380,19934,California
Sutter,2021-03-13,993,30614,752,11256,223,19045,18,313,784,10586,207,10149,801,20735,California
Sutter,2021-03-14,132,30746,22,11278,99,19144,11,324,45,10555,87,10236,56,20791,California
Sutter,2021-03-15,325,31071,66,11344,210,19354,49,373,155,10591,168,10404,204,20995,California
Sutter,2021-03-16,393,31464,86,11430,260,19614,47,420,212,10668,181,10585,258,21253,California
Sutter,2021-03-17,1498,32962,562,11992,915,20529,21,441,313,9825,1176,11761,333,21586,California
Sutter,2021-03-18,973,33935,178,12170,595,21124,200,641,568,10189,403,12164,767,22353,California
Sutter,2021-03-19,462,34397,165,12335,268,21392,29,670,284,10326,176,12340,313,22666,California
Sutter,2021-03-20,948,35345,117,12452,820,22212,11,681,857,11103,91,12431,868,23534,California
Sutter,2021-03-21,68,35413,47,12499,18,22230,3,684,32,11102,36,12467,35,23569,California
Sutter,2021-03-22,291,35704,121,12620,143,22373,27,711,213,11265,77,12544,240,23809,California
Sutter,2021-03-23,375,36079,115,12735,228,22601,32,743,253,11427,122,12666,284,24093,California
Sutter,2021-03-24,1684,37763,768,13503,845,23446,71,814,312,10453,1357,14023,383,24476,California
Sutter,2021-03-25,1043,38806,681,14184,319,23765,43,857,369,10194,671,14694,412,24888,California
Sutter,2021-03-26,493,39299,176,14360,300,24065,17,874,294,10309,196,14890,311,25199,California
Sutter,2021-03-27,925,40224,63,14423,860,24925,2,876,819,11027,103,14993,821,26020,California
Sutter,2021-03-28,124,40348,71,14494,53,24978,0,876,77,11059,45,15038,77,26097,California
Sutter,2021-03-29,426,40774,143,14637,227,25205,56,932,223,11137,201,15239,279,26376,California
Sutter,2021-03-30,477,41251,162,14799,305,25510,10,942,315,11300,162,15401,325,26701,California
Sutter,2021-03-31,1260,42511,180,14979,1065,26575,15,957,457,10981,792,16193,473,27174,California
Sutter,2021-04-01,1386,43897,739,15718,459,27034,188,1145,428,10646,950,17143,615,27789,California
Sutter,2021-04-02,516,44413,101,15819,297,27331,118,1263,204,10654,310,17453,318,28107,California
Sutter,2021-04-03,917,45330,78,15897,210,27541,629,1892,121,10611,793,18246,750,28857,California
Sutter,2021-04-04,117,45447,22,15919,89,27630,6,1898,54,10608,63,18309,60,28917,California
Sutter,2021-04-05,370,45817,145,16064,189,27819,36,1934,178,10633,189,18498,214,29131,California
Sutter,2021-04-06,513,46330,199,16263,258,28077,56,1990,275,10727,237,18735,331,29462,California
Sutter,2021-04-07,1482,47812,885,17148,521,28598,76,2066,610,10549,864,19599,686,30148,California
Sutter,2021-04-08,1050,48862,581,17729,355,28953,114,2180,578,10770,469,20068,690,30838,California
Sutter,2021-04-09,570,49432,249,17978,256,29209,65,2245,240,10749,326,20394,305,31143,California
Sutter,2021-04-10,831,50263,109,18087,92,29301,630,2875,112,10768,715,21109,734,31877,California
Sutter,2021-04-11,115,50378,28,18115,41,29342,46,2921,34,10766,81,21190,79,31956,California
Sutter,2021-04-12,344,50722,94,18209,196,29538,54,2975,138,10753,205,21395,192,32148,California
Sutter,2021-04-13,435,51157,129,18338,306,29844,0,2975,215,10750,218,21613,215,32363,California
Sutter,2021-04-14,1303,52460,160,18498,1142,30986,1,2976,216,9889,1081,22694,220,32583,California
Sutter,2021-04-15,532,52992,171,18669,361,31347,0,2976,211,9781,319,23013,211,32794,California
Sutter,2021-04-16,393,53385,124,18793,269,31616,0,2976,180,9749,212,23225,180,32974,California
Sutter,2021-04-17,575,53960,84,18877,491,32107,0,2976,504,10183,70,23295,504,33478,California
Sutter,2021-04-18,70,54030,12,18889,58,32165,0,2976,42,10198,27,23322,42,33520,California
Sutter,2021-04-19,287,54317,109,18998,178,32343,0,2976,119,10151,166,23488,119,33639,California
Sutter,2021-04-20,410,54727,132,19130,278,32621,0,2976,202,10145,208,23696,202,33841,California
Sutter,2021-04-21,1232,55959,420,19550,812,33433,0,2976,475,9873,747,24443,475,34316,California
Sutter,2021-04-22,483,56442,164,19714,319,33752,0,2976,251,9894,230,24673,251,34567,California
Sutter,2021-04-23,398,56840,116,19830,282,34034,0,2976,184,9866,212,24885,184,34751,California
Sutter,2021-04-24,326,57166,106,19936,219,34253,1,2977,186,9913,139,25024,186,34937,California
Sutter,2021-04-25,157,57323,75,20011,82,34335,0,2977,86,9930,69,25093,86,35023,California
Sutter,2021-04-26,294,57617,89,20100,203,34538,2,2979,125,9890,167,25260,127,35150,California
Sutter,2021-04-27,531,58148,264,20364,263,34801,4,2983,246,9858,282,25542,250,35400,California
Sutter,2021-04-28,813,58961,341,20705,464,35265,8,2991,254,9566,554,26096,262,35662,California
Sutter,2021-04-29,778,59739,140,20845,637,35902,1,2992,312,9416,463,26559,313,35975,California
Sutter,2021-04-30,359,60098,109,20954,237,36139,13,3005,145,9362,211,26770,157,36132,California
Sutter,2021-05-01,293,60391,105,21059,148,36287,40,3045,125,9362,165,26935,165,36297,California
Sutter,2021-05-02,82,60473,54,21113,26,36313,2,3047,46,9374,36,26971,48,36345,California
Sutter,2021-05-03,217,60690,109,21222,99,36412,9,3056,86,9338,131,27102,95,36440,California
Sutter,2021-05-04,540,61230,237,21459,238,36650,65,3121,226,9317,311,27413,290,36730,California
Sutter,2021-05-05,534,61764,143,21602,383,37033,8,3129,155,9107,373,27786,163,36893,California
Sutter,2021-05-06,420,62184,227,21829,175,37208,18,3147,189,9083,231,28017,207,37100,California
Sutter,2021-05-07,408,62592,146,21975,241,37449,21,3168,153,9004,253,28270,174,37274,California
Sutter,2021-05-08,195,62787,48,22023,142,37591,5,3173,106,9026,89,28359,111,37385,California
Sutter,2021-05-09,82,62869,53,22076,24,37615,5,3178,56,9061,26,28385,61,37446,California
Sutter,2021-05-10,189,63058,42,22118,129,37744,18,3196,47,8986,140,28525,65,37511,California
Sutter,2021-05-11,433,63491,212,22330,202,37946,19,3215,180,8934,250,28775,198,37709,California
Sutter,2021-05-12,396,63887,209,22539,178,38124,9,3224,134,8819,258,29033,143,37852,California
Sutter,2021-05-13,442,64329,228,22767,192,38316,22,3246,171,8743,269,29302,193,38045,California
Sutter,2021-05-14,435,64764,186,22953,233,38549,16,3262,215,8759,215,29517,231,38276,California
Sutter,2021-05-15,840,65604,307,23260,502,39051,31,3293,305,8561,534,30051,336,38612,California
Sutter,2021-05-16,136,65740,82,23342,46,39097,8,3301,74,8582,61,30112,82,38694,California
Sutter,2021-05-17,292,66032,116,23458,162,39259,14,3315,155,8615,136,30248,169,38863,California
Sutter,2021-05-18,540,66572,310,23768,225,39484,5,3320,296,8675,241,30489,301,39164,California
Sutter,2021-05-19,463,67035,265,24033,191,39675,7,3327,245,8712,215,30704,252,39416,California
Sutter,2021-05-20,408,67443,224,24257,172,39847,12,3339,200,8718,206,30910,212,39628,California
Sutter,2021-05-21,453,67896,209,24466,232,40079,12,3351,221,8721,229,31139,232,39860,California
Sutter,2021-05-22,319,68215,184,24650,132,40211,3,3354,162,8733,152,31291,164,40024,California
Sutter,2021-05-23,163,68378,79,24729,76,40287,8,3362,85,8754,72,31363,93,40117,California
Sutter,2021-05-24,241,68619,89,24818,129,40416,23,3385,107,8752,132,31495,130,40247,California
Sutter,2021-05-25,400,69019,195,25013,192,40608,13,3398,169,8707,226,31721,181,40428,California
Sutter,2021-05-26,318,69337,157,25170,152,40760,9,3407,119,8640,195,31916,128,40556,California
Sutter,2021-05-27,432,69769,115,25285,298,41058,19,3426,126,8483,302,32218,145,40701,California
Sutter,2021-05-28,335,70104,164,25449,157,41215,14,3440,179,8525,151,32369,193,40894,California
Sutter,2021-05-29,252,70356,118,25567,119,41334,15,3455,140,8572,108,32477,155,41049,California
Sutter,2021-05-30,85,70441,61,25628,21,41355,3,3458,50,8591,34,32511,53,41102,California
Sutter,2021-05-31,19,70460,2,25630,13,41368,4,3462,5,8586,14,32525,9,41111,California
Sutter,2021-06-01,308,70768,133,25763,167,41535,8,3470,135,8557,172,32697,143,41254,California
Sutter,2021-06-02,281,71049,120,25883,155,41690,6,3476,118,8524,157,32854,124,41378,California
Sutter,2021-06-03,338,71387,225,26108,104,41794,9,3485,131,8463,201,33055,140,41518,California
Sutter,2021-06-04,337,71724,200,26308,130,41924,7,3492,128,8392,206,33261,135,41653,California
Sutter,2021-06-05,432,72156,365,26673,64,41988,3,3495,156,8278,273,33534,159,41812,California
Sutter,2021-06-06,18,72174,12,26685,6,41994,0,3495,5,8270,13,33547,5,41817,California
Tehama,2020-12-15,1,1,1,1,0,0,0,0,1,1,0,0,1,1,California
Tehama,2020-12-16,4,5,4,5,0,0,0,0,4,5,0,0,4,5,California
Tehama,2020-12-17,15,20,15,20,0,0,0,0,15,20,0,0,15,20,California
Tehama,2020-12-18,4,24,4,24,0,0,0,0,5,25,0,0,5,25,California
Tehama,2020-12-21,37,61,37,61,0,0,0,0,37,62,0,0,37,62,California
Tehama,2020-12-22,71,132,65,126,6,6,0,0,71,133,0,0,71,133,California
Tehama,2020-12-23,52,184,44,170,8,14,0,0,52,185,0,0,52,185,California
Tehama,2020-12-24,5,189,3,173,2,16,0,0,5,190,0,0,5,190,California
Tehama,2020-12-26,4,193,3,176,1,17,0,0,4,194,0,0,4,194,California
Tehama,2020-12-27,2,195,2,178,0,17,0,0,2,196,0,0,2,196,California
Tehama,2020-12-28,58,253,45,223,13,30,0,0,58,254,0,0,58,254,California
Tehama,2020-12-29,39,292,39,262,0,30,0,0,39,293,0,0,39,293,California
Tehama,2020-12-30,57,349,40,302,17,47,0,0,56,349,0,0,56,349,California
Tehama,2020-12-31,14,363,4,306,10,57,0,0,14,363,0,0,14,363,California
Tehama,2021-01-01,2,365,0,306,2,59,0,0,2,365,0,0,2,365,California
Tehama,2021-01-04,40,405,13,319,27,86,0,0,40,405,0,0,40,405,California
Tehama,2021-01-05,75,480,46,365,29,115,0,0,70,470,5,5,70,475,California
Tehama,2021-01-06,80,560,27,392,53,168,0,0,68,527,11,16,68,543,California
Tehama,2021-01-07,58,618,7,399,51,219,0,0,57,583,1,17,57,600,California
Tehama,2021-01-08,36,654,25,424,11,230,0,0,31,609,5,22,31,631,California
Tehama,2021-01-09,8,662,6,430,2,232,0,0,6,613,2,24,6,637,California
Tehama,2021-01-10,1,663,0,430,1,233,0,0,1,614,0,24,1,638,California
Tehama,2021-01-11,55,718,49,479,6,239,0,0,19,597,36,60,19,657,California
Tehama,2021-01-12,140,858,120,599,20,259,0,0,90,637,50,110,90,747,California
Tehama,2021-01-13,79,937,58,657,21,280,0,0,31,620,48,158,31,778,California
Tehama,2021-01-14,235,1172,50,707,185,465,0,0,233,851,2,160,233,1011,California
Tehama,2021-01-15,269,1441,75,782,194,659,0,0,265,1112,4,164,265,1276,California
Tehama,2021-01-16,272,1713,20,802,252,911,0,0,269,1378,3,167,269,1545,California
Tehama,2021-01-17,6,1719,2,804,4,915,0,0,4,1380,2,169,4,1549,California
Tehama,2021-01-18,13,1732,7,811,6,921,0,0,7,1381,6,175,7,1556,California
Tehama,2021-01-19,305,2037,73,884,232,1153,0,0,244,1564,61,236,244,1800,California
Tehama,2021-01-20,319,2356,95,979,224,1377,0,0,266,1778,52,288,266,2066,California
Tehama,2021-01-21,235,2591,15,994,220,1597,0,0,222,1987,13,301,222,2288,California
Tehama,2021-01-22,239,2830,21,1015,218,1815,0,0,236,2220,3,304,236,2524,California
Tehama,2021-01-23,265,3095,7,1022,258,2073,0,0,264,2483,1,305,264,2788,California
Tehama,2021-01-24,1,3096,1,1023,0,2073,0,0,1,2484,0,305,1,2789,California
Tehama,2021-01-25,40,3136,19,1042,21,2094,0,0,18,2480,22,327,18,2807,California
Tehama,2021-01-26,344,3480,44,1086,300,2394,0,0,306,2748,38,365,306,3113,California
Tehama,2021-01-27,316,3796,22,1108,294,2688,0,0,295,3022,21,386,295,3408,California
Tehama,2021-01-28,354,4150,35,1143,319,3007,0,0,335,3338,19,405,335,3743,California
Tehama,2021-01-29,344,4494,22,1165,322,3329,0,0,326,3646,18,423,326,4069,California
Tehama,2021-01-30,108,4602,2,1167,106,3435,0,0,107,3752,1,424,107,4176,California
Tehama,2021-01-31,1,4603,0,1167,1,3436,0,0,1,3753,0,424,1,4177,California
Tehama,2021-02-01,83,4686,22,1189,61,3497,0,0,38,3746,45,469,38,4215,California
Tehama,2021-02-02,364,5050,69,1258,295,3792,0,0,265,3912,99,568,265,4480,California
Tehama,2021-02-03,418,5468,15,1273,403,4195,0,0,367,4228,51,619,367,4847,California
Tehama,2021-02-04,508,5976,103,1376,405,4600,0,0,425,4571,83,702,426,5273,California
Tehama,2021-02-05,189,6165,73,1449,116,4716,0,0,125,4632,64,766,125,5398,California
Tehama,2021-02-06,37,6202,15,1464,22,4738,0,0,25,4645,12,778,25,5423,California
Tehama,2021-02-07,5,6207,4,1468,1,4739,0,0,2,4644,3,781,2,5425,California
Tehama,2021-02-08,42,6249,14,1482,28,4767,0,0,30,4662,12,793,30,5455,California
Tehama,2021-02-09,86,6335,41,1523,45,4812,0,0,47,4670,39,832,47,5502,California
Tehama,2021-02-10,244,6579,67,1590,177,4989,0,0,160,4746,84,916,160,5662,California
Tehama,2021-02-11,238,6817,18,1608,220,5209,0,0,90,4690,146,1062,90,5752,California
Tehama,2021-02-12,394,7211,74,1682,320,5529,0,0,186,4668,208,1270,186,5938,California
Tehama,2021-02-13,403,7614,16,1698,387,5916,0,0,159,4583,244,1514,159,6097,California
Tehama,2021-02-14,37,7651,2,1700,35,5951,0,0,34,4614,3,1517,34,6131,California
Tehama,2021-02-15,59,7710,10,1710,49,6000,0,0,51,4657,8,1525,51,6182,California
Tehama,2021-02-16,254,7964,19,1729,235,6235,0,0,66,4535,188,1713,66,6248,California
Tehama,2021-02-17,299,8263,15,1744,284,6519,0,0,57,4350,242,1955,57,6305,California
Tehama,2021-02-18,385,8648,33,1777,352,6871,0,0,148,4261,237,2192,148,6453,California
Tehama,2021-02-19,229,8877,22,1799,207,7078,0,0,45,4122,184,2376,45,6498,California
Tehama,2021-02-20,283,9160,8,1807,275,7353,0,0,31,3901,252,2628,31,6529,California
Tehama,2021-02-21,2,9162,1,1808,1,7354,0,0,2,3903,0,2628,2,6531,California
Tehama,2021-02-22,44,9206,15,1823,29,7383,0,0,27,3913,17,2645,27,6558,California
Tehama,2021-02-23,53,9259,23,1846,30,7413,0,0,27,3914,26,2671,27,6585,California
Tehama,2021-02-24,324,9583,20,1866,304,7717,0,0,33,3656,291,2962,33,6618,California
Tehama,2021-02-25,388,9971,60,1926,328,8045,0,0,41,3350,347,3309,41,6659,California
Tehama,2021-02-26,477,10448,20,1946,457,8502,0,0,73,3019,404,3713,73,6732,California
Tehama,2021-02-27,314,10762,6,1952,308,8810,0,0,35,2775,279,3992,35,6767,California
Tehama,2021-02-28,23,10785,2,1954,21,8831,0,0,20,2792,3,3995,20,6787,California
Tehama,2021-03-01,70,10855,8,1962,62,8893,0,0,33,2788,37,4032,33,6820,California
Tehama,2021-03-02,150,11005,19,1981,131,9024,0,0,31,2700,119,4151,31,6851,California
Tehama,2021-03-03,158,11163,33,2014,125,9149,0,0,53,2648,105,4256,53,6904,California
Tehama,2021-03-04,683,11846,54,2068,629,9778,0,0,244,2460,432,4688,244,7148,California
Tehama,2021-03-05,424,12270,23,2091,401,10179,0,0,224,2485,199,4887,224,7372,California
Tehama,2021-03-06,319,12589,16,2107,301,10480,2,2,84,2338,234,5121,87,7459,California
Tehama,2021-03-07,5,12594,1,2108,4,10484,0,2,3,2340,1,5122,3,7462,California
Tehama,2021-03-08,63,12657,11,2119,36,10520,16,18,26,2346,36,5158,42,7504,California
Tehama,2021-03-09,388,13045,11,2130,356,10876,21,39,330,2639,58,5216,351,7855,California
Tehama,2021-03-10,361,13406,17,2147,323,11199,21,60,73,2446,287,5503,94,7949,California
Tehama,2021-03-11,520,13926,20,2167,447,11646,53,113,366,2711,154,5657,419,8368,California
Tehama,2021-03-12,322,14248,24,2191,229,11875,69,182,188,2834,134,5791,257,8625,California
Tehama,2021-03-13,49,14297,9,2200,34,11909,6,188,5,2801,44,5835,11,8636,California
Tehama,2021-03-14,59,14356,3,2203,45,11954,11,199,15,2783,44,5879,26,8662,California
Tehama,2021-03-15,160,14516,21,2224,118,12072,21,220,85,2814,75,5954,106,8768,California
Tehama,2021-03-16,427,14943,18,2242,371,12443,38,258,322,3070,104,6058,360,9128,California
Tehama,2021-03-17,452,15395,28,2270,392,12835,32,290,365,3382,85,6143,397,9525,California
Tehama,2021-03-18,509,15904,33,2303,451,13286,25,315,326,3552,181,6324,351,9876,California
Tehama,2021-03-19,334,16238,26,2329,295,13581,13,328,290,3811,44,6368,303,10179,California
Tehama,2021-03-20,49,16287,12,2341,32,13613,5,333,33,3833,16,6384,38,10217,California
Tehama,2021-03-21,12,16299,5,2346,7,13620,0,333,12,3845,0,6384,12,10229,California
Tehama,2021-03-22,97,16396,8,2354,72,13692,17,350,55,3875,42,6426,72,10301,California
Tehama,2021-03-23,98,16494,31,2385,60,13752,7,357,74,3932,24,6450,81,10382,California
Tehama,2021-03-24,91,16585,16,2401,72,13824,3,360,57,3958,34,6484,60,10442,California
Tehama,2021-03-25,545,17130,378,2779,154,13978,13,373,493,4413,51,6535,506,10948,California
Tehama,2021-03-26,543,17673,428,3207,103,14081,12,385,462,4808,79,6614,474,11422,California
Tehama,2021-03-27,483,18156,380,3587,74,14155,29,414,412,5179,70,6684,441,11863,California
Tehama,2021-03-28,38,18194,15,3602,23,14178,0,414,24,5189,14,6698,24,11887,California
Tehama,2021-03-29,128,18322,31,3633,95,14273,2,416,80,5223,47,6745,81,11968,California
Tehama,2021-03-30,397,18719,237,3870,158,14431,2,418,270,5368,127,6872,272,12240,California
Tehama,2021-03-31,412,19131,307,4177,102,14533,3,421,335,5629,76,6948,337,12577,California
Tehama,2021-04-01,545,19676,260,4437,279,14812,6,427,407,5905,137,7085,413,12990,California
Tehama,2021-04-02,481,20157,230,4667,244,15056,7,434,290,6010,191,7276,296,13286,California
Tehama,2021-04-03,69,20226,6,4673,57,15113,6,440,35,6017,34,7310,41,13327,California
Tehama,2021-04-04,37,20263,6,4679,28,15141,3,443,23,6029,14,7324,26,13353,California
Tehama,2021-04-05,124,20387,21,4700,72,15213,31,474,63,6062,61,7385,94,13447,California
Tehama,2021-04-06,528,20915,114,4814,354,15567,60,534,144,5882,384,7769,204,13651,California
Tehama,2021-04-07,435,21350,295,5109,92,15659,48,582,313,6121,121,7890,360,14011,California
Tehama,2021-04-08,634,21984,186,5295,406,16065,42,624,237,6004,396,8286,279,14290,California
Tehama,2021-04-09,460,22444,213,5508,212,16277,35,659,233,6046,226,8512,268,14558,California
Tehama,2021-04-10,85,22529,17,5525,38,16315,30,689,45,6081,40,8552,75,14633,California
Tehama,2021-04-11,40,22569,8,5533,21,16336,11,700,9,6070,31,8583,20,14653,California
Tehama,2021-04-12,116,22685,6,5539,89,16425,21,721,41,6057,75,8658,62,14715,California
Tehama,2021-04-13,397,23082,69,5608,328,16753,0,721,67,5794,330,8988,67,14782,California
Tehama,2021-04-14,416,23498,53,5661,363,17116,0,721,49,5478,365,9353,49,14831,California
Tehama,2021-04-15,531,24029,200,5861,331,17447,0,721,81,5109,450,9803,81,14912,California
Tehama,2021-04-16,637,24666,368,6229,269,17716,0,721,81,4634,556,10359,81,14993,California
Tehama,2021-04-17,371,25037,283,6512,88,17804,0,721,51,4368,318,10677,52,15045,California
Tehama,2021-04-18,18,25055,4,6516,14,17818,0,721,12,4374,6,10683,12,15057,California
Tehama,2021-04-19,99,25154,7,6523,92,17910,0,721,41,4357,58,10741,41,15098,California
Tehama,2021-04-20,559,25713,462,6985,97,18007,0,721,161,4125,395,11136,163,15261,California
Tehama,2021-04-21,518,26231,442,7427,76,18083,0,721,168,3945,348,11484,168,15429,California
Tehama,2021-04-22,535,26766,381,7808,154,18237,0,721,153,3719,379,11863,153,15582,California
Tehama,2021-04-23,466,27232,363,8171,103,18340,0,721,205,3665,260,12123,206,15788,California
Tehama,2021-04-24,110,27342,20,8191,90,18430,0,721,27,3609,83,12206,27,15815,California
Tehama,2021-04-25,29,27371,18,8209,11,18441,0,721,10,3600,19,12225,10,15825,California
Tehama,2021-04-26,85,27456,12,8221,73,18514,0,721,48,3611,37,12262,48,15873,California
Tehama,2021-04-27,263,27719,214,8435,46,18560,3,724,95,3541,168,12430,98,15971,California
Tehama,2021-04-28,413,28132,334,8769,61,18621,18,742,70,3286,343,12773,88,16059,California
Tehama,2021-04-29,372,28504,178,8947,188,18809,6,748,73,3067,298,13071,79,16138,California
Tehama,2021-04-30,359,28863,264,9211,88,18897,7,755,126,2967,233,13304,133,16271,California
Tehama,2021-05-01,72,28935,3,9214,66,18963,3,758,13,2924,59,13363,16,16287,California
Tehama,2021-05-02,46,28981,24,9238,10,18973,12,770,26,2942,20,13383,38,16325,California
Tehama,2021-05-03,123,29104,40,9278,74,19047,9,779,65,2958,58,13441,74,16399,California
Tehama,2021-05-04,164,29268,57,9335,98,19145,9,788,68,2939,96,13537,77,16476,California
Tehama,2021-05-05,87,29355,22,9357,55,19200,10,798,40,2942,47,13584,50,16526,California
Tehama,2021-05-06,171,29526,95,9452,59,19259,17,815,104,2996,67,13651,121,16647,California
Tehama,2021-05-07,185,29711,77,9529,96,19355,12,827,52,2929,131,13782,64,16711,California
Tehama,2021-05-08,52,29763,7,9536,44,19399,1,828,14,2906,38,13820,15,16726,California
Tehama,2021-05-09,17,29780,4,9540,13,19412,0,828,7,2903,10,13830,7,16733,California
Tehama,2021-05-10,79,29859,6,9546,66,19478,7,835,37,2906,41,13871,44,16777,California
Tehama,2021-05-11,178,30037,126,9672,39,19517,13,848,33,2807,145,14016,46,16823,California
Tehama,2021-05-12,207,30244,135,9807,62,19579,10,858,45,2701,161,14177,55,16878,California
Tehama,2021-05-13,242,30486,166,9973,67,19646,9,867,109,2687,132,14309,118,16996,California
Tehama,2021-05-14,250,30736,137,10110,92,19738,21,888,59,2577,190,14499,80,17076,California
Tehama,2021-05-15,238,30974,139,10249,60,19798,39,927,167,2713,70,14569,206,17282,California
Tehama,2021-05-16,28,31002,7,10256,18,19816,3,930,16,2720,12,14581,19,17301,California
Tehama,2021-05-17,121,31123,33,10289,72,19888,16,946,59,2734,61,14642,75,17376,California
Tehama,2021-05-18,157,31280,82,10371,60,19948,15,961,49,2692,106,14748,64,17440,California
Tehama,2021-05-19,131,31411,57,10428,63,20011,11,972,44,2660,87,14835,55,17495,California
Tehama,2021-05-20,314,31725,229,10657,62,20073,23,995,222,2814,91,14926,245,17740,California
Tehama,2021-05-21,214,31939,103,10760,98,20171,13,1008,71,2757,141,15067,84,17824,California
Tehama,2021-05-22,58,31997,30,10790,24,20195,4,1012,36,2775,22,15089,40,17864,California
Tehama,2021-05-23,42,32039,22,10812,10,20205,10,1022,13,2769,29,15118,23,17887,California
Tehama,2021-05-24,101,32140,29,10841,63,20268,9,1031,35,2747,66,15184,44,17931,California
Tehama,2021-05-25,77,32217,18,10859,51,20319,8,1039,47,2772,29,15213,54,17985,California
Tehama,2021-05-26,81,32298,31,10890,47,20366,3,1042,53,2801,27,15240,56,18041,California
Tehama,2021-05-27,155,32453,98,10988,53,20419,4,1046,50,2752,103,15343,54,18095,California
Tehama,2021-05-28,141,32594,38,11026,95,20514,8,1054,65,2750,75,15418,73,18168,California
Tehama,2021-05-29,54,32648,8,11034,40,20554,6,1060,35,2772,19,15437,41,18209,California
Tehama,2021-05-30,13,32661,3,11037,9,20563,1,1061,5,2770,8,15445,6,18215,California
Tehama,2021-05-31,17,32678,1,11038,15,20578,1,1062,4,2762,13,15458,5,18220,California
Tehama,2021-06-01,100,32778,19,11057,62,20640,19,1081,33,2747,67,15525,52,18272,California
Tehama,2021-06-02,90,32868,32,11089,53,20693,5,1086,38,2738,52,15577,43,18315,California
Tehama,2021-06-03,134,33002,102,11191,23,20716,9,1095,33,2679,101,15678,42,18357,California
Tehama,2021-06-04,131,33133,31,11222,89,20805,11,1106,56,2670,74,15752,65,18422,California
Tehama,2021-06-05,153,33286,128,11350,22,20827,3,1109,29,2579,123,15875,32,18454,California
Tehama,2021-06-06,12,33298,6,11356,0,20827,6,1115,2,2576,10,15885,7,18461,California
Trinity,2020-12-17,4,4,4,4,0,0,0,0,4,4,0,0,4,4,California
Trinity,2020-12-18,2,6,2,6,0,0,0,0,2,6,0,0,2,6,California
Trinity,2020-12-21,39,45,39,45,0,0,0,0,39,45,0,0,39,45,California
Trinity,2020-12-22,4,49,4,49,0,0,0,0,4,49,0,0,4,49,California
Trinity,2020-12-23,6,55,5,54,1,1,0,0,6,55,0,0,6,55,California
Trinity,2020-12-28,31,86,31,85,0,1,0,0,31,86,0,0,31,86,California
Trinity,2020-12-29,8,94,7,92,1,2,0,0,8,94,0,0,8,94,California
Trinity,2020-12-30,10,104,8,100,2,4,0,0,10,104,0,0,10,104,California
Trinity,2020-12-31,2,106,1,101,1,5,0,0,2,106,0,0,2,106,California
Trinity,2021-01-04,28,134,0,101,28,33,0,0,27,133,0,0,27,133,California
Trinity,2021-01-05,2,136,1,102,1,34,0,0,2,135,0,0,2,135,California
Trinity,2021-01-06,24,160,4,106,20,54,0,0,20,151,4,4,20,155,California
Trinity,2021-01-08,49,209,2,108,47,101,0,0,48,197,2,6,48,203,California
Trinity,2021-01-11,41,250,38,146,3,104,0,0,4,164,37,43,4,207,California
Trinity,2021-01-12,9,259,6,152,3,107,0,0,4,163,5,48,4,211,California
Trinity,2021-01-13,7,266,4,156,3,110,0,0,4,164,3,51,4,215,California
Trinity,2021-01-14,4,270,1,157,3,113,0,0,4,168,0,51,4,219,California
Trinity,2021-01-15,5,275,0,157,5,118,0,0,5,173,0,51,5,224,California
Trinity,2021-01-16,3,278,0,157,3,121,0,0,3,176,0,51,3,227,California
Trinity,2021-01-18,31,309,31,188,0,121,0,0,0,145,31,82,0,227,California
Trinity,2021-01-19,35,344,15,203,20,141,0,0,21,152,14,96,21,248,California
Trinity,2021-01-20,20,364,3,206,17,158,0,0,17,166,3,99,17,265,California
Trinity,2021-01-21,18,382,7,213,11,169,0,0,18,184,0,99,18,283,California
Trinity,2021-01-22,5,387,1,214,4,173,0,0,5,189,0,99,5,288,California
Trinity,2021-01-23,7,394,3,217,4,177,0,0,7,196,0,99,7,295,California
Trinity,2021-01-25,14,408,1,218,13,190,0,0,13,208,1,100,13,308,California
Trinity,2021-01-26,10,418,1,219,9,199,0,0,9,216,1,101,9,317,California
Trinity,2021-01-27,12,430,0,219,12,211,0,0,12,228,0,101,12,329,California
Trinity,2021-01-28,13,443,3,222,10,221,0,0,10,235,3,104,10,339,California
Trinity,2021-01-29,2,445,0,222,2,223,0,0,1,235,1,105,1,340,California
Trinity,2021-01-30,12,457,11,233,1,224,0,0,12,247,0,105,12,352,California
Trinity,2021-02-01,2,459,1,234,1,225,0,0,1,247,1,106,1,353,California
Trinity,2021-02-02,15,474,3,237,12,237,0,0,14,260,1,107,14,367,California
Trinity,2021-02-03,6,480,1,238,5,242,0,0,4,262,2,109,4,371,California
Trinity,2021-02-04,41,521,32,270,9,251,0,0,34,289,7,116,34,405,California
Trinity,2021-02-05,351,872,0,270,351,602,0,0,320,578,31,147,320,725,California
Trinity,2021-02-06,210,1082,5,275,205,807,0,0,203,774,7,154,203,928,California
Trinity,2021-02-07,1,1083,0,275,1,808,0,0,1,775,0,154,1,929,California
Trinity,2021-02-08,28,1111,1,276,27,835,0,0,16,779,12,166,16,945,California
Trinity,2021-02-09,27,1138,2,278,25,860,0,0,11,774,16,182,11,956,California
Trinity,2021-02-10,122,1260,10,288,112,972,0,0,102,856,20,202,102,1058,California
Trinity,2021-02-11,339,1599,2,290,337,1309,0,0,332,1181,7,209,332,1390,California
Trinity,2021-02-12,19,1618,10,300,9,1318,0,0,14,1190,5,214,14,1404,California
Trinity,2021-02-13,11,1629,5,305,6,1324,0,0,5,1189,6,220,5,1409,California
Trinity,2021-02-14,2,1631,2,307,0,1324,0,0,2,1191,0,220,2,1411,California
Trinity,2021-02-15,47,1678,0,307,47,1371,0,0,47,1238,0,220,47,1458,California
Trinity,2021-02-16,4,1682,1,308,3,1374,0,0,2,1238,2,222,2,1460,California
Trinity,2021-02-17,94,1776,2,310,92,1466,0,0,84,1312,10,232,84,1544,California
Trinity,2021-02-18,4,1780,0,310,4,1470,0,0,1,1310,3,235,1,1545,California
Trinity,2021-02-19,306,2086,2,312,304,1774,0,0,292,1588,14,249,292,1837,California
Trinity,2021-02-20,140,2226,14,326,126,1900,0,0,112,1672,28,277,112,1949,California
Trinity,2021-02-21,1,2227,1,327,0,1900,0,0,1,1673,0,277,1,1950,California
Trinity,2021-02-22,8,2235,0,327,8,1908,0,0,5,1675,3,280,5,1955,California
Trinity,2021-02-23,10,2245,3,330,7,1915,0,0,5,1675,5,285,5,1960,California
Trinity,2021-02-24,30,2275,8,338,22,1937,0,0,7,1659,23,308,7,1967,California
Trinity,2021-02-25,37,2312,23,361,14,1951,0,0,5,1632,32,340,5,1972,California
Trinity,2021-02-26,11,2323,1,362,10,1961,0,0,5,1631,6,346,5,1977,California
Trinity,2021-02-27,10,2333,8,370,2,1963,0,0,4,1629,6,352,4,1981,California
Trinity,2021-03-01,10,2343,0,370,10,1973,0,0,5,1629,5,357,5,1986,California
Trinity,2021-03-02,9,2352,3,373,6,1979,0,0,2,1624,7,364,2,1988,California
Trinity,2021-03-03,5,2357,0,373,5,1984,0,0,4,1627,1,365,4,1992,California
Trinity,2021-03-04,23,2380,19,392,4,1988,0,0,10,1624,13,378,10,2002,California
Trinity,2021-03-05,388,2768,1,393,387,2375,0,0,121,1482,263,641,121,2123,California
Trinity,2021-03-06,202,2970,7,400,195,2570,0,0,27,1334,175,816,27,2150,California
Trinity,2021-03-07,4,2974,3,403,1,2571,0,0,3,1336,1,817,3,2153,California
Trinity,2021-03-08,4,2978,0,403,3,2574,1,1,1,1335,3,820,2,2155,California
Trinity,2021-03-09,98,3076,1,404,95,2669,2,3,93,1425,5,825,95,2250,California
Trinity,2021-03-10,126,3202,3,407,120,2789,3,6,38,1378,88,913,41,2291,California
Trinity,2021-03-11,16,3218,4,411,10,2799,2,8,5,1374,11,924,7,2298,California
Trinity,2021-03-12,399,3617,5,416,388,3187,6,14,97,1175,302,1226,103,2401,California
Trinity,2021-03-13,12,3629,7,423,3,3190,2,16,7,1179,5,1231,9,2410,California
Trinity,2021-03-14,4,3633,1,424,3,3193,0,16,3,1181,1,1232,3,2413,California
Trinity,2021-03-15,67,3700,0,424,66,3259,1,17,14,1143,53,1285,15,2428,California
Trinity,2021-03-16,115,3815,7,431,108,3367,0,17,102,1232,13,1298,102,2530,California
Trinity,2021-03-17,100,3915,3,434,97,3464,0,17,26,1184,74,1372,26,2556,California
Trinity,2021-03-18,9,3924,1,435,5,3469,3,20,4,1186,5,1377,7,2563,California
Trinity,2021-03-19,459,4383,4,439,345,3814,110,130,36,909,423,1800,146,2709,California
Trinity,2021-03-20,107,4490,7,446,100,3914,0,130,72,947,34,1834,72,2781,California
Trinity,2021-03-21,4,4494,0,446,3,3917,1,131,3,950,1,1835,4,2785,California
Trinity,2021-03-22,2,4496,0,446,2,3919,0,131,2,952,0,1835,2,2787,California
Trinity,2021-03-23,96,4592,2,448,94,4013,0,131,78,1012,18,1853,78,2865,California
Trinity,2021-03-24,12,4604,1,449,11,4024,0,131,9,1018,3,1856,9,2874,California
Trinity,2021-03-25,111,4715,8,457,97,4121,6,137,85,1083,26,1882,91,2965,California
Trinity,2021-03-26,84,4799,8,465,76,4197,0,137,77,1153,7,1889,77,3042,California
Trinity,2021-03-27,20,4819,4,469,7,4204,9,146,9,1160,11,1900,18,3060,California
Trinity,2021-03-28,5,4824,3,472,2,4206,0,146,1,1157,4,1904,1,3061,California
Trinity,2021-03-29,5,4829,0,472,5,4211,0,146,2,1156,3,1907,2,3063,California
Trinity,2021-03-30,78,4907,6,478,72,4283,0,146,67,1212,11,1918,67,3130,California
Trinity,2021-03-31,56,4963,5,483,18,4301,33,179,20,1228,36,1954,52,3182,California
Trinity,2021-04-01,40,5003,10,493,19,4320,11,190,21,1241,19,1973,32,3214,California
Trinity,2021-04-02,254,5257,5,498,174,4494,75,265,81,1225,172,2145,156,3370,California
Trinity,2021-04-03,17,5274,12,510,5,4499,0,265,7,1222,10,2155,7,3377,California
Trinity,2021-04-04,10,5284,8,518,2,4501,0,265,8,1228,2,2157,8,3385,California
Trinity,2021-04-05,59,5343,6,524,51,4552,2,267,54,1279,5,2162,56,3441,California
Trinity,2021-04-06,122,5465,15,539,104,4656,3,270,29,1218,93,2255,32,3473,California
Trinity,2021-04-07,26,5491,11,550,10,4666,5,275,19,1235,7,2262,24,3497,California
Trinity,2021-04-08,90,5581,11,561,77,4743,2,277,53,1253,37,2299,55,3552,California
Trinity,2021-04-09,166,5747,19,580,143,4886,4,281,88,1267,78,2377,92,3644,California
Trinity,2021-04-10,11,5758,7,587,4,4890,0,281,10,1276,1,2378,10,3654,California
Trinity,2021-04-11,10,5768,5,592,3,4893,2,283,4,1276,6,2384,6,3660,California
Trinity,2021-04-12,77,5845,5,597,71,4964,1,284,64,1328,12,2396,64,3724,California
Trinity,2021-04-13,98,5943,5,602,93,5057,0,284,10,1250,88,2484,10,3734,California
Trinity,2021-04-14,10,5953,5,607,5,5062,0,284,6,1252,4,2488,6,3740,California
Trinity,2021-04-15,44,5997,10,617,34,5096,0,284,14,1237,29,2517,14,3754,California
Trinity,2021-04-16,153,6150,13,630,140,5236,0,284,78,1241,74,2591,78,3832,California
Trinity,2021-04-17,11,6161,5,635,6,5242,0,284,9,1248,2,2593,9,3841,California
Trinity,2021-04-18,3,6164,1,636,2,5244,0,284,0,1245,3,2596,0,3841,California
Trinity,2021-04-19,67,6231,2,638,65,5309,0,284,66,1310,1,2597,66,3907,California
Trinity,2021-04-20,93,6324,8,646,85,5394,0,284,21,1259,72,2669,21,3928,California
Trinity,2021-04-21,22,6346,9,655,13,5407,0,284,9,1255,13,2682,9,3937,California
Trinity,2021-04-22,92,6438,5,660,87,5494,0,284,14,1191,78,2760,14,3951,California
Trinity,2021-04-23,183,6621,6,666,177,5671,0,284,114,1236,69,2829,114,4065,California
Trinity,2021-04-24,22,6643,12,678,10,5681,0,284,5,1224,17,2846,5,4070,California
Trinity,2021-04-25,10,6653,9,687,1,5682,0,284,3,1221,6,2852,3,4073,California
Trinity,2021-04-26,46,6699,7,694,39,5721,0,284,40,1255,6,2858,40,4113,California
Trinity,2021-04-27,86,6785,10,704,76,5797,0,284,22,1213,64,2922,22,4135,California
Trinity,2021-04-28,33,6818,11,715,22,5819,0,284,12,1204,21,2943,12,4147,California
Trinity,2021-04-29,34,6852,13,728,21,5840,0,284,12,1194,22,2965,12,4159,California
Trinity,2021-04-30,27,6879,22,750,5,5845,0,284,10,1188,16,2981,10,4169,California
Trinity,2021-05-01,14,6893,8,758,1,5846,5,289,4,1187,10,2991,9,4178,California
Trinity,2021-05-02,8,6901,5,763,1,5847,2,291,2,1185,6,2997,4,4182,California
Trinity,2021-05-03,58,6959,13,776,44,5891,1,292,9,1147,48,3045,10,4192,California
Trinity,2021-05-04,25,6984,11,787,13,5904,1,293,8,1139,17,3062,9,4201,California
Trinity,2021-05-05,11,6995,7,794,4,5908,0,293,4,1136,7,3069,4,4205,California
Trinity,2021-05-06,75,7070,11,805,62,5970,2,295,16,1095,59,3128,18,4223,California
Trinity,2021-05-07,178,7248,12,817,132,6102,34,329,14,979,164,3292,48,4271,California
Trinity,2021-05-08,6,7254,2,819,4,6106,0,329,2,977,4,3296,2,4273,California
Trinity,2021-05-09,11,7265,8,827,3,6109,0,329,7,980,4,3300,7,4280,California
Trinity,2021-05-10,15,7280,5,832,9,6118,1,330,8,982,7,3307,9,4289,California
Trinity,2021-05-11,8,7288,4,836,4,6122,0,330,6,986,2,3309,6,4295,California
Trinity,2021-05-12,17,7305,14,850,2,6124,1,331,13,996,4,3313,14,4309,California
Trinity,2021-05-13,10,7315,7,857,2,6126,1,332,7,1001,3,3316,8,4317,California
Trinity,2021-05-14,138,7453,19,876,91,6217,28,360,39,969,99,3415,67,4384,California
Trinity,2021-05-15,14,7467,9,885,4,6221,1,361,7,971,6,3421,8,4392,California
Trinity,2021-05-16,7,7474,6,891,1,6222,0,361,5,974,2,3423,5,4397,California
Trinity,2021-05-17,108,7582,20,911,86,6308,2,363,42,952,66,3489,44,4441,California
Trinity,2021-05-18,37,7619,7,918,29,6337,1,364,11,938,26,3515,12,4453,California
Trinity,2021-05-19,148,7767,16,934,103,6440,29,393,30,880,117,3632,59,4512,California
Trinity,2021-05-20,12,7779,6,940,3,6443,3,396,6,883,6,3638,9,4521,California
Trinity,2021-05-21,12,7791,3,943,9,6452,0,396,4,879,8,3646,4,4525,California
Trinity,2021-05-22,3,7794,2,945,1,6453,0,396,2,880,1,3647,2,4527,California
Trinity,2021-05-23,2,7796,2,947,0,6453,0,396,0,878,2,3649,0,4527,California
Trinity,2021-05-24,109,7905,12,959,96,6549,1,397,8,787,100,3749,9,4536,California
Trinity,2021-05-25,38,7943,13,972,25,6574,0,397,16,781,22,3771,16,4552,California
Trinity,2021-05-26,11,7954,5,977,6,6580,0,397,3,776,8,3779,3,4555,California
Trinity,2021-05-27,30,7984,13,990,12,6592,5,402,7,765,23,3802,12,4567,California
Trinity,2021-05-28,13,7997,10,1000,2,6594,1,403,6,765,7,3809,7,4574,California
Trinity,2021-05-29,10,8007,7,1007,2,6596,1,404,7,770,3,3812,8,4582,California
Trinity,2021-05-30,5,8012,4,1011,1,6597,0,404,0,765,5,3817,0,4582,California
Trinity,2021-05-31,4,8016,3,1014,1,6598,0,404,2,765,2,3819,2,4584,California
Trinity,2021-06-01,16,8032,9,1023,5,6603,2,406,5,762,10,3829,7,4591,California
Trinity,2021-06-02,24,8056,19,1042,3,6606,2,408,9,758,15,3844,11,4602,California
Trinity,2021-06-03,39,8095,13,1055,26,6632,0,408,16,751,23,3867,16,4618,California
Trinity,2021-06-04,29,8124,21,1076,8,6640,0,408,8,738,21,3888,8,4626,California
Trinity,2021-06-05,17,8141,16,1092,1,6641,0,408,11,743,6,3894,11,4637,California
Tulare,2020-12-15,1,1,1,1,0,0,0,0,1,1,0,0,1,1,California
Tulare,2020-12-16,4,5,4,5,0,0,0,0,4,5,0,0,4,5,California
Tulare,2020-12-17,110,115,110,115,0,0,0,0,110,115,0,0,110,115,California
Tulare,2020-12-18,290,405,289,404,1,1,0,0,290,405,0,0,290,405,California
Tulare,2020-12-19,325,730,325,729,0,1,0,0,325,730,0,0,325,730,California
Tulare,2020-12-20,165,895,165,894,0,1,0,0,165,895,0,0,165,895,California
Tulare,2020-12-21,421,1316,421,1315,0,1,0,0,441,1336,0,0,441,1336,California
Tulare,2020-12-22,472,1788,470,1785,2,3,0,0,471,1807,0,0,471,1807,California
Tulare,2020-12-23,327,2115,319,2104,8,11,0,0,325,2132,0,0,325,2132,California
Tulare,2020-12-24,18,2133,16,2120,2,13,0,0,18,2150,0,0,18,2150,California
Tulare,2020-12-26,8,2141,7,2127,1,14,0,0,8,2158,0,0,8,2158,California
Tulare,2020-12-27,16,2157,12,2139,4,18,0,0,16,2174,0,0,16,2174,California
Tulare,2020-12-28,477,2634,465,2604,12,30,0,0,476,2650,0,0,476,2650,California
Tulare,2020-12-29,547,3181,476,3080,71,101,0,0,547,3197,0,0,547,3197,California
Tulare,2020-12-30,469,3650,425,3505,44,145,0,0,469,3666,0,0,469,3666,California
Tulare,2020-12-31,100,3750,22,3527,78,223,0,0,100,3766,0,0,100,3766,California
Tulare,2021-01-01,2,3752,1,3528,1,224,0,0,2,3768,0,0,2,3768,California
Tulare,2021-01-02,32,3784,19,3547,13,237,0,0,32,3800,0,0,32,3800,California
Tulare,2021-01-03,23,3807,9,3556,14,251,0,0,23,3823,0,0,23,3823,California
Tulare,2021-01-04,92,3899,16,3572,76,327,0,0,92,3915,0,0,92,3915,California
Tulare,2021-01-05,465,4364,278,3850,187,514,0,0,463,4376,2,2,463,4378,California
Tulare,2021-01-06,866,5230,635,4485,231,745,0,0,856,5222,10,12,856,5234,California
Tulare,2021-01-07,785,6015,587,5072,198,943,0,0,678,5793,107,119,678,5912,California
Tulare,2021-01-08,1292,7307,573,5645,719,1662,0,0,955,6412,336,455,955,6867,California
Tulare,2021-01-09,802,8109,203,5848,599,2261,0,0,615,6840,187,642,615,7482,California
Tulare,2021-01-10,50,8159,43,5891,7,2268,0,0,12,6814,38,680,12,7494,California
Tulare,2021-01-11,1273,9432,769,6660,504,2772,0,0,837,7215,436,1116,837,8331,California
Tulare,2021-01-12,1423,10855,505,7165,918,3690,0,0,1011,7816,411,1527,1012,9343,California
Tulare,2021-01-13,428,11283,200,7365,228,3918,0,0,353,8094,75,1602,353,9696,California
Tulare,2021-01-14,492,11775,142,7507,350,4268,0,0,466,8545,15,1617,466,10162,California
Tulare,2021-01-15,1672,13447,158,7665,1514,5782,0,0,1663,10199,9,1626,1663,11825,California
Tulare,2021-01-16,1913,15360,121,7786,1792,7574,0,0,1899,12084,14,1640,1899,13724,California
Tulare,2021-01-17,141,15501,121,7907,20,7594,0,0,131,12205,10,1650,131,13855,California
Tulare,2021-01-18,692,16193,660,8567,32,7626,0,0,296,12105,396,2046,296,14151,California
Tulare,2021-01-19,1014,17207,688,9255,326,7952,0,0,588,12267,426,2472,588,14739,California
Tulare,2021-01-20,2432,19639,612,9867,1820,9772,0,0,2021,13903,385,2857,2021,16760,California
Tulare,2021-01-21,1560,21199,184,10051,1376,11148,0,0,1534,15416,21,2878,1534,18294,California
Tulare,2021-01-22,1070,22269,191,10242,879,12027,0,0,1043,16433,26,2904,1043,19337,California
Tulare,2021-01-23,440,22709,157,10399,283,12310,0,0,420,16833,20,2924,420,19757,California
Tulare,2021-01-24,30,22739,27,10426,3,12313,0,0,28,16859,2,2926,28,19785,California
Tulare,2021-01-25,1352,24091,983,11409,369,12682,0,0,1304,18115,48,2974,1304,21089,California
Tulare,2021-01-26,1509,25600,1098,12507,411,13093,0,0,1171,18949,337,3311,1171,22260,California
Tulare,2021-01-27,1505,27105,1076,13583,429,13522,0,0,926,19297,578,3889,926,23186,California
Tulare,2021-01-28,1219,28324,779,14362,440,13962,0,0,819,19716,400,4289,819,24005,California
Tulare,2021-01-29,1132,29456,722,15084,410,14372,0,0,823,20230,309,4598,823,24828,California
Tulare,2021-01-30,1683,31139,1588,16672,95,14467,0,0,1659,21866,24,4622,1660,26488,California
Tulare,2021-01-31,67,31206,62,16734,5,14472,0,0,64,21927,3,4625,64,26552,California
Tulare,2021-02-01,1195,32401,919,17653,276,14748,0,0,833,22399,361,4986,833,27385,California
Tulare,2021-02-02,699,33100,348,18001,351,15099,0,0,456,22615,241,5227,457,27842,California
Tulare,2021-02-03,572,33672,240,18241,332,15431,0,0,327,22717,225,5452,327,28169,California
Tulare,2021-02-04,567,34239,169,18410,398,15829,0,0,279,22710,287,5739,280,28449,California
Tulare,2021-02-05,1239,35478,237,18647,1002,16831,0,0,405,22283,832,6571,405,28854,California
Tulare,2021-02-06,842,36320,164,18811,678,17509,0,0,209,21861,631,7202,209,29063,California
Tulare,2021-02-07,83,36403,70,18881,13,17522,0,0,23,21824,60,7262,23,29086,California
Tulare,2021-02-08,946,37349,327,19208,619,18141,0,0,242,21364,702,7964,242,29328,California
Tulare,2021-02-09,1425,38774,335,19543,1090,19231,0,0,378,20700,1042,9006,378,29706,California
Tulare,2021-02-10,2476,41250,1989,21532,487,19718,0,0,2076,22377,399,9405,2076,31782,California
Tulare,2021-02-11,1334,42584,379,21911,955,20673,0,0,912,22867,422,9827,912,32694,California
Tulare,2021-02-12,2790,45374,576,22487,2214,22887,0,0,1198,22480,1585,11412,1198,33892,California
Tulare,2021-02-13,2479,47853,157,22644,2322,25209,0,0,658,21321,1817,13229,658,34550,California
Tulare,2021-02-14,335,48188,39,22683,296,25505,0,0,298,21582,37,13266,298,34848,California
Tulare,2021-02-15,920,49108,293,22976,627,26132,0,0,663,21989,256,13522,663,35511,California
Tulare,2021-02-16,2844,51952,1600,24576,1244,27376,0,0,1087,21320,1756,15278,1087,36598,California
Tulare,2021-02-17,2721,54673,517,25093,2204,29580,0,0,469,19543,2246,17524,469,37067,California
Tulare,2021-02-18,2332,57005,458,25551,1874,31454,0,0,643,18505,1681,19205,643,37710,California
Tulare,2021-02-19,2326,59331,877,26428,1449,32903,0,0,956,18092,1369,20574,956,38666,California
Tulare,2021-02-20,2997,62328,1892,28320,1105,34008,0,0,1266,17632,1726,22300,1266,39932,California
Tulare,2021-02-21,93,62421,90,28410,3,34011,0,0,47,17634,45,22345,47,39979,California
Tulare,2021-02-22,1111,63532,703,29113,408,34419,0,0,210,16944,900,23245,210,40189,California
Tulare,2021-02-23,1965,65497,951,30064,1014,35433,0,0,1471,17922,493,23738,1471,41660,California
Tulare,2021-02-24,2491,67988,1554,31618,937,36370,0,0,2115,19663,375,24113,2116,43776,California
Tulare,2021-02-25,3521,71509,1980,33598,1541,37911,0,0,3105,22356,412,24525,3105,46881,California
Tulare,2021-02-26,3867,75376,1895,35493,1972,39883,0,0,3399,25289,466,24991,3399,50280,California
Tulare,2021-02-27,3009,78385,1497,36990,1512,41395,0,0,2875,28042,122,25113,2875,53155,California
Tulare,2021-02-28,1312,79697,1040,38030,272,41667,0,0,1292,29317,17,25130,1292,54447,California
Tulare,2021-03-01,1791,81488,799,38829,992,42659,0,0,1594,30716,195,25325,1594,56041,California
Tulare,2021-03-02,2780,84268,1274,40103,1506,44165,0,0,2607,33153,171,25496,2608,58649,California
Tulare,2021-03-03,3983,88251,2635,42738,1348,45513,0,0,2028,33232,1952,27448,2031,60680,California
Tulare,2021-03-04,2971,91222,1342,44080,1629,47142,0,0,2633,35532,333,27781,2633,63313,California
Tulare,2021-03-05,3445,94667,1764,45844,1666,48808,15,15,2927,37962,515,28296,2945,66258,California
Tulare,2021-03-06,3099,97766,1446,47290,1593,50401,60,75,2848,40620,248,28544,2906,69164,California
Tulare,2021-03-07,1139,98905,704,47994,414,50815,21,96,1099,41701,39,28583,1120,70284,California
Tulare,2021-03-08,1722,100627,1008,49002,545,51360,169,265,1394,42940,323,28906,1562,71846,California
Tulare,2021-03-09,3279,103906,2251,51253,880,52240,148,413,2857,45523,421,29327,3004,74850,California
Tulare,2021-03-10,2977,106883,1404,52657,1398,53638,175,588,2573,47874,395,29722,2746,77596,California
Tulare,2021-03-11,4216,111099,1990,54647,1922,55560,304,892,3265,50493,951,30673,3570,81166,California
Tulare,2021-03-12,4432,115531,2434,57081,1645,57205,353,1245,3148,52719,1276,31949,3502,84668,California
Tulare,2021-03-13,4165,119696,1959,59040,2101,59306,105,1350,3214,55093,945,32894,3319,87987,California
Tulare,2021-03-14,1864,121560,989,60029,655,59961,220,1570,1339,56125,524,33418,1556,89543,California
Tulare,2021-03-15,2756,124316,1636,61665,1004,60965,116,1686,1980,57449,774,34192,2098,91641,California
Tulare,2021-03-16,3451,127767,2125,63790,1248,62213,78,1764,1890,57863,1557,35749,1971,93612,California
Tulare,2021-03-17,4061,131828,2643,66433,1343,63556,75,1839,2312,58513,1743,37492,2393,96005,California
Tulare,2021-03-18,4645,136473,3390,69823,1184,64740,71,1910,2461,58872,2177,39669,2536,98541,California
Tulare,2021-03-19,5118,141591,3363,73186,1558,66298,197,2107,2734,59440,2365,42034,2933,101474,California
Tulare,2021-03-20,4502,146093,2800,75986,1330,67628,372,2479,2071,59463,2423,44457,2446,103920,California
Tulare,2021-03-21,1996,148089,1707,77693,263,67891,26,2505,1054,59604,938,45395,1079,104999,California
Tulare,2021-03-22,2566,150655,1778,79471,677,68568,111,2616,1695,60547,865,46260,1808,106807,California
Tulare,2021-03-23,3764,154419,2157,81628,1555,70123,52,2668,2065,60980,1689,47949,2122,108929,California
Tulare,2021-03-24,3217,157636,2003,83631,1172,71295,42,2710,1808,61430,1401,49350,1851,110780,California
Tulare,2021-03-25,3495,161131,1823,85454,1500,72795,172,2882,1693,61503,1794,51144,1867,112647,California
Tulare,2021-03-26,5279,166410,3149,88603,2020,74815,110,2992,2559,61470,2702,53846,2669,115316,California
Tulare,2021-03-27,3548,169958,1820,90423,1629,76444,99,3091,991,60010,2549,56395,1089,116405,California
Tulare,2021-03-28,1475,171433,1070,91493,374,76818,31,3122,679,59932,794,57189,716,117121,California
Tulare,2021-03-29,2898,174331,1676,93169,1109,77927,113,3235,1231,59615,1663,58852,1346,118467,California
Tulare,2021-03-30,4848,179179,2793,95962,1824,79751,231,3466,1537,58075,3302,62154,1762,120229,California
Tulare,2021-03-31,3974,183153,2351,98313,1509,81260,114,3580,1578,57380,2389,64543,1694,121923,California
Tulare,2021-04-01,4531,187684,2455,100768,2009,83269,67,3647,1562,56051,2959,67502,1630,123553,California
Tulare,2021-04-02,5368,193052,3072,103840,2176,85445,120,3767,1590,54000,3762,71264,1711,125264,California
Tulare,2021-04-03,3637,196689,2102,105942,1162,86607,373,4140,841,52453,2759,74023,1212,126476,California
Tulare,2021-04-04,1635,198324,1149,107091,479,87086,7,4147,360,51549,1271,75294,367,126843,California
Tulare,2021-04-05,3365,201689,2345,109436,750,87836,270,4417,855,50177,2498,77792,1126,127969,California
Tulare,2021-04-06,3439,205128,1470,110906,1472,89308,497,4914,923,49091,2508,80300,1422,129391,California
Tulare,2021-04-07,3911,209039,1844,112750,1629,90937,438,5352,1187,47994,2713,83013,1616,131007,California
Tulare,2021-04-08,4799,213838,2627,115377,1709,92646,463,5815,1537,46740,3250,86263,1996,133003,California
Tulare,2021-04-09,4863,218701,3008,118385,1418,94064,437,6252,1838,46000,3016,89279,2276,135279,California
Tulare,2021-04-10,3867,222568,2088,120473,1456,95520,323,6575,952,44365,2906,92185,1271,136550,California
Tulare,2021-04-11,1591,224159,1052,121525,466,95986,73,6648,493,43836,1095,93280,566,137116,California
Tulare,2021-04-12,3399,227558,2125,123650,678,96664,596,7244,1063,43168,2328,95608,1660,138776,California
Tulare,2021-04-13,2411,229969,1590,125240,811,97475,10,7254,903,42586,1497,97105,915,139691,California
Tulare,2021-04-14,2860,232829,1686,126926,1174,98649,0,7254,911,41552,1945,99050,911,140602,California
Tulare,2021-04-15,3294,236123,2144,129070,1150,99799,0,7254,1477,41223,1806,100856,1477,142079,California
Tulare,2021-04-16,3653,239776,2214,131284,1439,101238,0,7254,1477,40535,2165,103021,1477,143556,California
Tulare,2021-04-17,2218,241994,1302,132586,916,102154,0,7254,1175,40672,1039,104060,1176,144732,California
Tulare,2021-04-18,1525,243519,1194,133780,331,102485,0,7254,818,40784,706,104766,818,145550,California
Tulare,2021-04-19,2132,245651,1225,135005,905,103390,2,7256,898,40454,1230,105996,900,146450,California
Tulare,2021-04-20,2336,247987,1314,136319,1022,104412,0,7256,993,40117,1330,107326,993,147443,California
Tulare,2021-04-21,2213,250200,1333,137652,880,105292,0,7256,811,39567,1362,108688,812,148255,California
Tulare,2021-04-22,2118,252318,1177,138829,941,106233,0,7256,730,38928,1369,110057,730,148985,California
Tulare,2021-04-23,2591,254909,1590,140419,1000,107233,1,7257,1022,38391,1559,111616,1022,150007,California
Tulare,2021-04-24,1643,256552,1052,141471,589,107822,2,7259,850,38455,788,112404,852,150859,California
Tulare,2021-04-25,698,257250,525,141996,173,107995,0,7259,267,38291,431,112835,267,151126,California
Tulare,2021-04-26,1492,258742,895,142891,578,108573,19,7278,622,38067,863,113698,639,151765,California
Tulare,2021-04-27,1635,260377,659,143550,938,109511,38,7316,692,37857,939,114637,729,152494,California
Tulare,2021-04-28,1714,262091,974,144524,698,110209,42,7358,674,37538,1035,115672,716,153210,California
Tulare,2021-04-29,2004,264095,1200,145724,765,110974,39,7397,774,37129,1220,116892,811,154021,California
Tulare,2021-04-30,2451,266546,1785,147509,616,111590,50,7447,906,36546,1538,118430,955,154976,California
Tulare,2021-05-01,1417,267963,1220,148729,185,111775,12,7459,720,36590,688,119118,732,155708,California
Tulare,2021-05-02,589,268552,500,149229,73,111848,16,7475,189,36398,397,119515,205,155913,California
Tulare,2021-05-03,1621,270173,1095,150324,401,112249,125,7600,348,35605,1266,120781,473,156386,California
Tulare,2021-05-04,1561,271734,836,151160,655,112904,70,7670,631,35381,922,121703,698,157084,California
Tulare,2021-05-05,1279,273013,620,151780,570,113474,89,7759,443,35088,825,122528,532,157616,California
Tulare,2021-05-06,1962,274975,1325,153105,588,114062,49,7808,586,34355,1368,123896,635,158251,California
Tulare,2021-05-07,1838,276813,1247,154352,523,114585,68,7876,525,33641,1306,125202,592,158843,California
Tulare,2021-05-08,1234,278047,806,155158,403,114988,25,7901,525,33489,702,125904,550,159393,California
Tulare,2021-05-09,592,278639,468,155626,103,115091,21,7922,115,33153,473,126377,137,159530,California
Tulare,2021-05-10,1018,279657,587,156213,366,115457,65,7987,308,32818,708,127085,373,159903,California
Tulare,2021-05-11,1213,280870,614,156827,521,115978,78,8065,503,32696,703,127788,581,160484,California
Tulare,2021-05-12,1514,282384,972,157799,490,116468,52,8117,404,32056,1095,128883,455,160939,California
Tulare,2021-05-13,1456,283840,907,158706,512,116980,37,8154,648,31936,804,129687,684,161623,California
Tulare,2021-05-14,1931,285771,1242,159948,626,117606,63,8217,861,31801,1058,130745,923,162546,California
Tulare,2021-05-15,1560,287331,876,160824,638,118244,46,8263,662,31618,890,131635,707,163253,California
Tulare,2021-05-16,697,288028,557,161381,128,118372,12,8275,324,31582,372,132007,336,163589,California
Tulare,2021-05-17,1542,289570,957,162338,512,118884,73,8348,744,31608,791,132798,817,164406,California
Tulare,2021-05-18,1579,291149,852,163190,673,119557,54,8402,798,31682,776,133574,850,165256,California
Tulare,2021-05-19,1470,292619,950,164140,487,120044,33,8435,766,31782,699,134273,799,166055,California
Tulare,2021-05-20,1359,293978,926,165066,347,120391,86,8521,658,31827,699,134972,744,166799,California
Tulare,2021-05-21,1682,295660,1267,166333,375,120766,40,8561,947,32087,727,135699,987,167786,California
Tulare,2021-05-22,1416,297076,1034,167367,359,121125,23,8584,535,31770,876,136575,559,168345,California
Tulare,2021-05-23,294,297370,251,167618,34,121159,9,8593,146,31778,147,136722,155,168500,California
Tulare,2021-05-24,905,298275,551,168169,294,121453,60,8653,411,31757,492,137214,471,168971,California
Tulare,2021-05-25,1186,299461,709,168878,445,121898,32,8685,517,31643,663,137877,549,169520,California
Tulare,2021-05-26,871,300332,485,169363,345,122243,41,8726,399,31615,467,138344,439,169959,California
Tulare,2021-05-27,1270,301602,808,170171,431,122674,31,8757,595,31571,672,139016,628,170587,California
Tulare,2021-05-28,1180,302782,655,170826,476,123150,49,8806,629,31704,544,139560,677,171264,California
Tulare,2021-05-29,868,303650,641,171467,208,123358,19,8825,500,31857,366,139926,519,171783,California
Tulare,2021-05-30,285,303935,206,171673,71,123429,8,8833,166,31914,117,140043,174,171957,California
Tulare,2021-05-31,129,304064,50,171723,68,123497,11,8844,54,31904,75,140118,65,172022,California
Tulare,2021-06-01,1042,305106,619,172342,393,123890,30,8874,411,31723,622,140740,441,172463,California
Tulare,2021-06-02,795,305901,468,172810,295,124185,32,8906,373,31716,410,141150,403,172866,California
Tulare,2021-06-03,1128,307029,805,173615,266,124451,57,8963,454,31572,654,141804,510,173376,California
Tulare,2021-06-04,1153,308182,825,174440,293,124744,35,8998,385,31228,764,142568,420,173796,California
Tulare,2021-06-05,840,309022,666,175106,162,124906,12,9010,287,30977,549,143117,298,174094,California
Tulare,2021-06-06,200,309222,165,175271,18,124924,17,9027,58,30910,142,143259,75,174169,California
Tuolumne,2020-12-16,47,47,47,47,0,0,0,0,47,47,0,0,47,47,California
Tuolumne,2020-12-17,18,65,18,65,0,0,0,0,18,65,0,0,18,65,California
Tuolumne,2020-12-18,101,166,100,165,1,1,0,0,101,166,0,0,101,166,California
Tuolumne,2020-12-19,4,170,4,169,0,1,0,0,4,170,0,0,4,170,California
Tuolumne,2020-12-20,2,172,2,171,0,1,0,0,2,172,0,0,2,172,California
Tuolumne,2020-12-21,115,287,101,272,14,15,0,0,115,287,0,0,115,287,California
Tuolumne,2020-12-22,171,458,171,443,0,15,0,0,171,458,0,0,171,458,California
Tuolumne,2020-12-23,185,643,183,626,2,17,0,0,185,643,0,0,185,643,California
Tuolumne,2020-12-26,2,645,2,628,0,17,0,0,2,645,0,0,2,645,California
Tuolumne,2020-12-28,77,722,75,703,2,19,0,0,77,722,0,0,77,722,California
Tuolumne,2020-12-29,102,824,39,742,63,82,0,0,102,824,0,0,102,824,California
Tuolumne,2020-12-30,80,904,22,764,58,140,0,0,80,904,0,0,80,904,California
Tuolumne,2020-12-31,27,931,20,784,7,147,0,0,27,931,0,0,27,931,California
Tuolumne,2021-01-01,6,937,5,789,1,148,0,0,6,937,0,0,6,937,California
Tuolumne,2021-01-02,118,1055,115,904,3,151,0,0,118,1055,0,0,118,1055,California
Tuolumne,2021-01-03,2,1057,2,906,0,151,0,0,2,1057,0,0,2,1057,California
Tuolumne,2021-01-04,69,1126,26,932,43,194,0,0,69,1126,0,0,69,1126,California
Tuolumne,2021-01-05,93,1219,27,959,66,260,0,0,90,1214,3,3,91,1217,California
Tuolumne,2021-01-06,131,1350,71,1030,60,320,0,0,67,1217,64,67,67,1284,California
Tuolumne,2021-01-07,119,1469,63,1093,56,376,0,0,64,1226,55,122,64,1348,California
Tuolumne,2021-01-08,105,1574,81,1174,24,400,0,0,27,1177,77,199,28,1376,California
Tuolumne,2021-01-09,2,1576,0,1174,2,402,0,0,2,1179,0,199,2,1378,California
Tuolumne,2021-01-10,3,1579,1,1175,2,404,0,0,3,1182,0,199,3,1381,California
Tuolumne,2021-01-11,115,1694,89,1264,26,430,0,0,34,1135,81,280,34,1415,California
Tuolumne,2021-01-12,102,1796,86,1350,16,446,0,0,18,1069,84,364,18,1433,California
Tuolumne,2021-01-13,231,2027,125,1475,106,552,0,0,182,1203,49,413,183,1616,California
Tuolumne,2021-01-14,147,2174,108,1583,39,591,0,0,42,1141,104,517,42,1658,California
Tuolumne,2021-01-15,475,2649,73,1656,402,993,0,0,413,1494,61,578,414,2072,California
Tuolumne,2021-01-16,7,2656,3,1659,4,997,0,0,6,1499,1,579,6,2078,California
Tuolumne,2021-01-17,7,2663,4,1663,3,1000,0,0,7,1506,0,579,7,2085,California
Tuolumne,2021-01-18,46,2709,38,1701,8,1008,0,0,9,1479,36,615,9,2094,California
Tuolumne,2021-01-19,478,3187,73,1774,405,1413,0,0,432,1865,46,661,432,2526,California
Tuolumne,2021-01-20,76,3263,58,1832,18,1431,0,0,24,1838,51,712,24,2550,California
Tuolumne,2021-01-21,56,3319,23,1855,33,1464,0,0,40,1862,16,728,40,2590,California
Tuolumne,2021-01-22,169,3488,16,1871,153,1617,0,0,162,2017,7,735,162,2752,California
Tuolumne,2021-01-23,653,4141,134,2005,519,2136,0,0,548,2472,105,840,560,3312,California
Tuolumne,2021-01-24,523,4664,2,2007,521,2657,0,0,520,2991,3,843,522,3834,California
Tuolumne,2021-01-25,50,4714,28,2035,22,2679,0,0,24,2990,26,869,25,3859,California
Tuolumne,2021-01-26,80,4794,68,2103,12,2691,0,0,40,2991,40,909,41,3900,California
Tuolumne,2021-01-27,61,4855,4,2107,57,2748,0,0,8,2947,52,961,8,3908,California
Tuolumne,2021-01-28,27,4882,7,2114,20,2768,0,0,18,2956,9,970,18,3926,California
Tuolumne,2021-01-29,71,4953,5,2119,66,2834,0,0,33,2951,38,1008,33,3959,California
Tuolumne,2021-01-30,711,5664,553,2672,158,2992,0,0,688,3633,23,1031,705,4664,California
Tuolumne,2021-01-31,8,5672,2,2674,6,2998,0,0,5,3635,3,1034,5,4669,California
Tuolumne,2021-02-01,26,5698,7,2681,19,3017,0,0,23,3655,3,1037,23,4692,California
Tuolumne,2021-02-02,647,6345,40,2721,607,3624,0,0,635,4280,10,1047,635,5327,California
Tuolumne,2021-02-03,241,6586,112,2833,129,3753,0,0,88,4215,153,1200,88,5415,California
Tuolumne,2021-02-04,123,6709,13,2846,110,3863,0,0,60,4212,63,1263,60,5475,California
Tuolumne,2021-02-05,101,6810,14,2860,87,3950,0,0,35,4182,65,1328,35,5510,California
Tuolumne,2021-02-06,857,7667,583,3443,274,4224,0,0,848,5027,9,1337,854,6364,California
Tuolumne,2021-02-07,8,7675,4,3447,4,4228,0,0,4,5027,4,1341,4,6368,California
Tuolumne,2021-02-08,91,7766,40,3487,51,4279,0,0,67,5070,24,1365,67,6435,California
Tuolumne,2021-02-09,861,8627,52,3539,809,5088,0,0,820,5849,41,1406,820,7255,California
Tuolumne,2021-02-10,92,8719,17,3556,75,5163,0,0,31,5820,60,1466,31,7286,California
Tuolumne,2021-02-11,143,8862,68,3624,75,5238,0,0,78,5833,65,1531,78,7364,California
Tuolumne,2021-02-12,647,9509,19,3643,628,5866,0,0,206,5599,440,1971,206,7570,California
Tuolumne,2021-02-13,150,9659,41,3684,109,5975,0,0,120,5690,29,2000,120,7690,California
Tuolumne,2021-02-14,152,9811,14,3698,138,6113,0,0,150,5838,2,2002,150,7840,California
Tuolumne,2021-02-15,187,9998,10,3708,177,6290,0,0,178,6007,9,2011,178,8018,California
Tuolumne,2021-02-16,531,10529,18,3726,513,6803,0,0,122,5726,405,2416,124,8142,California
Tuolumne,2021-02-17,111,10640,63,3789,48,6851,0,0,61,5738,49,2465,61,8203,California
Tuolumne,2021-02-18,680,11320,26,3815,654,7505,0,0,629,6317,51,2516,630,8833,California
Tuolumne,2021-02-19,142,11462,22,3837,120,7625,0,0,42,6259,100,2616,42,8875,California
Tuolumne,2021-02-20,905,12367,341,4178,564,8189,0,0,385,6139,506,3122,386,9261,California
Tuolumne,2021-02-21,977,13344,39,4217,938,9127,0,0,470,6107,505,3627,473,9734,California
Tuolumne,2021-02-22,80,13424,57,4274,23,9150,0,0,46,6120,33,3660,46,9780,California
Tuolumne,2021-02-23,48,13472,24,4298,24,9174,0,0,26,6125,21,3681,26,9806,California
Tuolumne,2021-02-24,104,13576,58,4356,46,9220,0,0,43,6108,60,3741,43,9849,California
Tuolumne,2021-02-25,1051,14627,35,4391,1016,10236,0,0,1020,7097,31,3772,1020,10869,California
Tuolumne,2021-02-26,150,14777,11,4402,139,10375,0,0,124,7196,26,3798,125,10994,California
Tuolumne,2021-02-27,955,15732,579,4981,376,10751,0,0,250,6762,687,4485,253,11247,California
Tuolumne,2021-02-28,56,15788,4,4985,52,10803,0,0,52,6811,3,4488,52,11299,California
Tuolumne,2021-03-01,114,15902,22,5007,91,10894,1,1,77,6854,36,4524,79,11378,California
Tuolumne,2021-03-02,705,16607,73,5080,632,11526,0,1,106,6361,599,5123,106,11484,California
Tuolumne,2021-03-03,89,16696,21,5101,68,11594,0,1,64,6400,25,5148,64,11548,California
Tuolumne,2021-03-04,1172,17868,75,5176,1097,12691,0,1,1107,7442,65,5213,1107,12655,California
Tuolumne,2021-03-05,87,17955,11,5187,76,12767,0,1,50,7457,36,5249,51,12706,California
Tuolumne,2021-03-06,1059,19014,606,5793,451,13218,2,3,205,6818,848,6097,209,12915,California
Tuolumne,2021-03-07,41,19055,12,5805,14,13232,15,18,18,6828,23,6120,33,12948,California
Tuolumne,2021-03-08,196,19251,90,5895,99,13331,7,25,139,6917,57,6177,146,13094,California
Tuolumne,2021-03-09,857,20108,16,5911,830,14161,11,36,68,6213,784,6961,80,13174,California
Tuolumne,2021-03-10,78,20186,12,5923,55,14216,11,47,53,6252,25,6986,64,13238,California
Tuolumne,2021-03-11,1283,21469,37,5960,1241,15457,5,52,1256,7488,27,7013,1263,14501,California
Tuolumne,2021-03-12,298,21767,34,5994,249,15706,15,67,189,7587,108,7121,207,14708,California
Tuolumne,2021-03-13,114,21881,13,6007,101,15807,0,67,84,7643,29,7150,85,14793,California
Tuolumne,2021-03-14,146,22027,8,6015,129,15936,9,76,7,7525,139,7289,21,14814,California
Tuolumne,2021-03-15,301,22328,82,6097,216,16152,3,79,105,7445,195,7484,115,14929,California
Tuolumne,2021-03-16,803,23131,40,6137,752,16904,11,90,666,7986,136,7620,677,15606,California
Tuolumne,2021-03-17,152,23283,32,6169,107,17011,13,103,79,8006,72,7692,92,15698,California
Tuolumne,2021-03-18,947,24230,27,6196,907,17918,13,116,317,7709,627,8319,330,16028,California
Tuolumne,2021-03-19,135,24365,18,6214,87,18005,30,146,74,7753,60,8379,104,16132,California
Tuolumne,2021-03-20,92,24457,7,6221,75,18080,10,156,38,7747,53,8432,47,16179,California
Tuolumne,2021-03-21,833,25290,389,6610,434,18514,10,166,41,7015,784,9216,52,16231,California
Tuolumne,2021-03-22,164,25454,73,6683,72,18586,19,185,97,7065,66,9282,116,16347,California
Tuolumne,2021-03-23,706,26160,636,7319,56,18642,14,199,668,7708,38,9320,681,17028,California
Tuolumne,2021-03-24,111,26271,20,7339,73,18715,18,217,77,7770,33,9353,95,17123,California
Tuolumne,2021-03-25,1299,27570,24,7363,1272,19987,3,220,327,7130,970,10323,330,17453,California
Tuolumne,2021-03-26,275,27845,16,7379,236,20223,23,243,116,7121,149,10472,140,17593,California
Tuolumne,2021-03-27,581,28426,54,7433,527,20750,0,243,316,7176,263,10735,318,17911,California
Tuolumne,2021-03-28,47,28473,6,7439,41,20791,0,243,8,7147,38,10773,9,17920,California
Tuolumne,2021-03-29,206,28679,83,7522,123,20914,0,243,109,7162,94,10867,109,18029,California
Tuolumne,2021-03-30,162,28841,9,7531,152,21066,1,244,119,7240,42,10909,120,18149,California
Tuolumne,2021-03-31,95,28936,14,7545,79,21145,2,246,38,7225,55,10964,40,18189,California
Tuolumne,2021-04-01,1251,30187,30,7575,1221,22366,0,246,228,6433,1020,11984,228,18417,California
Tuolumne,2021-04-02,164,30351,11,7586,127,22493,26,272,91,6479,71,12055,117,18534,California
Tuolumne,2021-04-03,427,30778,35,7621,391,22884,1,273,238,6530,188,12243,239,18773,California
Tuolumne,2021-04-04,33,30811,3,7624,30,22914,0,273,21,6540,11,12254,21,18794,California
Tuolumne,2021-04-05,132,30943,19,7643,106,23020,7,280,59,6534,72,12326,66,18860,California
Tuolumne,2021-04-06,648,31591,516,8159,105,23125,27,307,513,6941,134,12460,541,19401,California
Tuolumne,2021-04-07,128,31719,37,8196,75,23200,16,323,50,6929,78,12538,66,19467,California
Tuolumne,2021-04-08,1446,33165,33,8229,1398,24598,15,338,247,5996,1195,13733,262,19729,California
Tuolumne,2021-04-09,274,33439,41,8270,189,24787,44,382,131,6032,143,13876,179,19908,California
Tuolumne,2021-04-10,55,33494,2,8272,33,24820,20,402,22,6042,32,13908,42,19950,California
Tuolumne,2021-04-11,18,33512,3,8275,12,24832,3,405,12,6051,6,13914,15,19965,California
Tuolumne,2021-04-12,165,33677,66,8341,94,24926,5,410,90,6076,70,13984,95,20060,California
Tuolumne,2021-04-13,784,34461,35,8376,749,25675,0,410,169,5638,607,14591,169,20229,California
Tuolumne,2021-04-14,156,34617,29,8405,127,25802,0,410,79,5644,74,14665,80,20309,California
Tuolumne,2021-04-15,344,34961,21,8426,323,26125,0,410,60,5426,278,14943,60,20369,California
Tuolumne,2021-04-16,249,35210,48,8474,201,26326,0,410,140,5465,102,15045,141,20510,California
Tuolumne,2021-04-17,42,35252,5,8479,37,26363,0,410,26,5475,16,15061,26,20536,California
Tuolumne,2021-04-18,9,35261,3,8482,6,26369,0,410,4,5475,5,15066,5,20541,California
Tuolumne,2021-04-19,170,35431,78,8560,92,26461,0,410,92,5491,76,15142,92,20633,California
Tuolumne,2021-04-20,710,36141,614,9174,96,26557,0,410,77,4943,625,15767,77,20710,California
Tuolumne,2021-04-21,118,36259,25,9199,93,26650,0,410,62,4954,51,15818,62,20772,California
Tuolumne,2021-04-22,711,36970,46,9245,665,27315,0,410,431,5114,271,16089,431,21203,California
Tuolumne,2021-04-23,175,37145,31,9276,144,27459,0,410,83,5108,90,16179,84,21287,California
Tuolumne,2021-04-24,78,37223,17,9293,61,27520,0,410,50,5130,28,16207,50,21337,California
Tuolumne,2021-04-25,25,37248,9,9302,16,27536,0,410,22,5149,3,16210,22,21359,California
Tuolumne,2021-04-26,156,37404,56,9358,100,27636,0,410,73,5141,82,16292,74,21433,California
Tuolumne,2021-04-27,138,37542,23,9381,108,27744,7,417,64,5140,72,16364,71,21504,California
Tuolumne,2021-04-28,114,37656,23,9404,80,27824,11,428,61,5160,52,16416,72,21576,California
Tuolumne,2021-04-29,277,37933,16,9420,253,28077,8,436,53,4999,222,16638,61,21637,California
Tuolumne,2021-04-30,354,38287,22,9442,320,28397,12,448,68,4797,282,16920,80,21717,California
Tuolumne,2021-05-01,25,38312,7,9449,13,28410,5,453,16,4809,9,16929,21,21738,California
Tuolumne,2021-05-02,26,38338,3,9452,21,28431,2,455,19,4823,7,16936,21,21759,California
Tuolumne,2021-05-03,101,38439,14,9466,82,28513,5,460,29,4787,70,17006,34,21793,California
Tuolumne,2021-05-04,694,39133,600,10066,90,28603,4,464,208,4513,485,17491,211,22004,California
Tuolumne,2021-05-05,107,39240,25,10091,76,28679,6,470,56,4526,49,17540,62,22066,California
Tuolumne,2021-05-06,285,39525,12,10103,259,28938,14,484,41,4341,239,17779,54,22120,California
Tuolumne,2021-05-07,325,39850,26,10129,291,29229,8,492,67,4159,257,18036,75,22195,California
Tuolumne,2021-05-08,45,39895,6,10135,35,29264,4,496,30,4178,15,18051,34,22229,California
Tuolumne,2021-05-09,15,39910,2,10137,11,29275,2,498,2,4169,13,18064,4,22233,California
Tuolumne,2021-05-10,112,40022,44,10181,62,29337,6,504,31,4126,80,18144,37,22270,California
Tuolumne,2021-05-11,196,40218,62,10243,122,29459,12,516,56,4055,139,18283,68,22338,California
Tuolumne,2021-05-12,126,40344,18,10261,105,29564,3,519,49,4030,77,18360,52,22390,California
Tuolumne,2021-05-13,109,40453,18,10279,83,29647,8,527,68,4066,41,18401,77,22467,California
Tuolumne,2021-05-14,207,40660,75,10354,120,29767,12,539,106,4085,99,18500,118,22585,California
Tuolumne,2021-05-15,56,40716,14,10368,35,29802,7,546,19,4075,37,18537,27,22612,California
Tuolumne,2021-05-16,25,40741,7,10375,16,29818,2,548,12,4076,13,18550,14,22626,California
Tuolumne,2021-05-17,110,40851,29,10404,78,29896,3,551,47,4064,63,18613,51,22677,California
Tuolumne,2021-05-18,176,41027,54,10458,75,29971,47,598,58,4051,118,18731,105,22782,California
Tuolumne,2021-05-19,118,41145,20,10478,65,30036,33,631,47,4061,70,18801,80,22862,California
Tuolumne,2021-05-20,395,41540,19,10497,371,30407,5,636,51,3774,343,19144,56,22918,California
Tuolumne,2021-05-21,189,41729,89,10586,95,30502,5,641,115,3822,72,19216,120,23038,California
Tuolumne,2021-05-22,51,41780,15,10601,31,30533,5,646,21,3818,29,19245,25,23063,California
Tuolumne,2021-05-23,18,41798,5,10606,13,30546,0,646,9,3818,9,19254,9,23072,California
Tuolumne,2021-05-24,127,41925,40,10646,81,30627,6,652,53,3804,73,19327,59,23131,California
Tuolumne,2021-05-25,282,42207,217,10863,59,30686,6,658,108,3745,173,19500,114,23245,California
Tuolumne,2021-05-26,83,42290,22,10885,60,30746,1,659,35,3733,48,19548,36,23281,California
Tuolumne,2021-05-27,73,42363,14,10899,56,30802,3,662,29,3722,43,19591,32,23313,California
Tuolumne,2021-05-28,107,42470,53,10952,53,30855,1,663,65,3748,40,19631,66,23379,California
Tuolumne,2021-05-29,37,42507,7,10959,24,30879,6,669,16,3749,21,19652,22,23401,California
Tuolumne,2021-05-30,18,42525,1,10960,14,30893,3,672,4,3742,14,19666,7,23408,California
Tuolumne,2021-05-31,10,42535,2,10962,7,30900,1,673,2,3737,8,19674,3,23411,California
Tuolumne,2021-06-01,71,42606,19,10981,48,30948,4,677,22,3714,49,19723,26,23437,California
Tuolumne,2021-06-02,53,42659,4,10985,43,30991,6,683,15,3697,37,19760,20,23457,California
Tuolumne,2021-06-03,44,42703,16,11001,15,31006,13,696,10,3686,34,19794,23,23480,California
Tuolumne,2021-06-04,25,42728,2,11003,22,31028,1,697,6,3676,17,19811,7,23487,California
Tuolumne,2021-06-05,13,42741,6,11009,7,31035,0,697,5,3673,8,19819,5,23492,California
Tuolumne,2021-06-06,2,42743,2,11011,0,31035,0,697,1,3673,1,19820,1,23493,California
Ventura,2020-12-15,5,5,5,5,0,0,0,0,5,5,0,0,5,5,California
Ventura,2020-12-16,74,79,74,79,0,0,0,0,74,79,0,0,74,79,California
Ventura,2020-12-17,246,325,246,325,0,0,0,0,246,325,0,0,246,325,California
Ventura,2020-12-18,1416,1741,1416,1741,0,0,0,0,1416,1741,0,0,1416,1741,California
Ventura,2020-12-19,911,2652,911,2652,0,0,0,0,911,2652,0,0,911,2652,California
Ventura,2020-12-20,430,3082,430,3082,0,0,0,0,430,3082,0,0,430,3082,California
Ventura,2020-12-21,1467,4549,1467,4549,0,0,0,0,1467,4549,0,0,1467,4549,California
Ventura,2020-12-22,1107,5656,1103,5652,4,4,0,0,1107,5656,0,0,1107,5656,California
Ventura,2020-12-23,1037,6693,987,6639,50,54,0,0,1037,6693,0,0,1037,6693,California
Ventura,2020-12-24,476,7169,378,7017,98,152,0,0,476,7169,0,0,476,7169,California
Ventura,2020-12-25,12,7181,7,7024,5,157,0,0,12,7181,0,0,12,7181,California
Ventura,2020-12-26,116,7297,95,7119,21,178,0,0,116,7297,0,0,116,7297,California
Ventura,2020-12-27,60,7357,29,7148,31,209,0,0,60,7357,0,0,60,7357,California
Ventura,2020-12-28,1066,8423,926,8074,140,349,0,0,1066,8423,0,0,1066,8423,California
Ventura,2020-12-29,1170,9593,764,8838,406,755,0,0,1170,9593,0,0,1170,9593,California
Ventura,2020-12-30,1988,11581,1523,10361,465,1220,0,0,1988,11581,0,0,1988,11581,California
Ventura,2020-12-31,475,12056,160,10521,315,1535,0,0,475,12056,0,0,475,12056,California
Ventura,2021-01-01,33,12089,12,10533,21,1556,0,0,33,12089,0,0,33,12089,California
Ventura,2021-01-02,172,12261,77,10610,95,1651,0,0,172,12261,0,0,172,12261,California
Ventura,2021-01-03,17,12278,8,10618,9,1660,0,0,17,12278,0,0,17,12278,California
Ventura,2021-01-04,1094,13372,554,11172,540,2200,0,0,1093,13371,0,0,1093,13371,California
Ventura,2021-01-05,1376,14748,781,11953,595,2795,0,0,1332,14659,44,44,1332,14703,California
Ventura,2021-01-06,2052,16800,1173,13126,879,3674,0,0,1625,15868,418,462,1627,16330,California
Ventura,2021-01-07,2067,18867,1320,14446,747,4421,0,0,1181,16167,883,1345,1182,17512,California
Ventura,2021-01-08,2197,21064,1473,15919,724,5145,0,0,906,15785,1289,2634,907,18419,California
Ventura,2021-01-09,722,21786,499,16418,223,5368,0,0,318,15699,404,3038,318,18737,California
Ventura,2021-01-10,340,22126,323,16741,17,5385,0,0,127,15613,213,3251,127,18864,California
Ventura,2021-01-11,2439,24565,1492,18233,947,6332,0,0,1483,16144,956,4207,1487,20351,California
Ventura,2021-01-12,3042,27607,1609,19842,1433,7765,0,0,2012,17126,1030,5237,2012,22363,California
Ventura,2021-01-13,2940,30547,1438,21280,1502,9267,0,0,2048,18286,889,6126,2049,24412,California
Ventura,2021-01-14,2729,33276,1056,22336,1673,10940,0,0,2282,20123,446,6572,2283,26695,California
Ventura,2021-01-15,2889,36165,966,23302,1923,12863,0,0,2674,22583,215,6787,2675,29370,California
Ventura,2021-01-16,481,36646,186,23488,295,13158,0,0,402,22906,79,6866,402,29772,California
Ventura,2021-01-17,262,36908,142,23630,120,13278,0,0,254,23152,8,6874,254,30026,California
Ventura,2021-01-18,2208,39116,1664,25294,544,13822,0,0,1665,24276,542,7416,1666,31692,California
Ventura,2021-01-19,3045,42161,2125,27419,920,14742,0,0,2149,25532,896,8312,2152,33844,California
Ventura,2021-01-20,4086,46247,3142,30561,944,15686,0,0,3032,27514,1051,9363,3033,36877,California
Ventura,2021-01-21,3847,50094,2686,33247,1161,16847,0,0,3170,30012,674,10037,3172,40049,California
Ventura,2021-01-22,3589,53683,2477,35724,1112,17959,0,0,3424,33271,165,10202,3424,43473,California
Ventura,2021-01-23,1163,54846,638,36362,525,18484,0,0,1065,34241,97,10299,1067,44540,California
Ventura,2021-01-24,451,55297,134,36496,317,18801,0,0,438,34666,13,10312,438,44978,California
Ventura,2021-01-25,3137,58434,2019,38515,1118,19919,0,0,2582,36695,554,10866,2583,47561,California
Ventura,2021-01-26,3693,62127,2207,40722,1486,21405,0,0,2695,38394,997,11863,2696,50257,California
Ventura,2021-01-27,3447,65574,1548,42270,1899,23304,0,0,2702,40356,742,12605,2704,52961,California
Ventura,2021-01-28,3852,69426,1987,44257,1865,25169,0,0,3234,42988,603,13208,3235,56196,California
Ventura,2021-01-29,4256,73682,2519,46776,1737,26906,0,0,3758,46260,486,13694,3758,59954,California
Ventura,2021-01-30,3029,76711,1964,48740,1065,27971,0,0,2859,48954,166,13860,2860,62814,California
Ventura,2021-01-31,815,77526,432,49172,383,28354,0,0,729,49598,85,13945,729,63543,California
Ventura,2021-02-01,3955,81481,2111,51283,1844,30198,0,0,3177,52005,772,14717,3179,66722,California
Ventura,2021-02-02,4388,85869,2353,53636,2035,32233,0,0,3363,54349,1021,15738,3365,70087,California
Ventura,2021-02-03,4437,90306,2084,55720,2353,34586,0,0,3423,56764,1009,16747,3424,73511,California
Ventura,2021-02-04,4790,95096,2289,58009,2501,37087,0,0,3514,59013,1268,18015,3517,77028,California
Ventura,2021-02-05,4840,99936,2328,60337,2512,39599,0,0,3342,60872,1485,19500,3344,80372,California
Ventura,2021-02-06,2818,102754,1503,61840,1315,40914,0,0,2418,62891,399,19899,2418,82790,California
Ventura,2021-02-07,713,103467,240,62080,473,41387,0,0,584,63347,129,20028,585,83375,California
Ventura,2021-02-08,3521,106988,1642,63722,1879,43266,0,0,2440,64712,1076,21104,2441,85816,California
Ventura,2021-02-09,4710,111698,1969,65691,2741,46007,0,0,2456,64920,2251,23355,2459,88275,California
Ventura,2021-02-10,4695,116393,2224,67915,2471,48478,0,0,2381,64998,2304,25659,2382,90657,California
Ventura,2021-02-11,4654,121047,1866,69781,2788,51266,0,0,2438,65231,2208,27867,2441,93098,California
Ventura,2021-02-12,6291,127338,2650,72431,3641,54907,0,0,3221,65388,3064,30931,3221,96319,California
Ventura,2021-02-13,3285,130623,1821,74252,1464,56371,0,0,1836,65781,1445,32376,1838,98157,California
Ventura,2021-02-14,1213,131836,121,74373,1092,57463,0,0,1001,66571,212,32588,1002,99159,California
Ventura,2021-02-15,3976,135812,1790,76163,2186,59649,0,0,2112,66822,1861,34449,2112,101271,California
Ventura,2021-02-16,5534,141346,2698,78861,2836,62485,0,0,3003,67304,2521,36970,3003,104274,California
Ventura,2021-02-17,5281,146627,1909,80770,3372,65857,0,0,3330,68692,1942,38912,3330,107604,California
Ventura,2021-02-18,5771,152398,1825,82595,3946,69803,0,0,3636,70206,2122,41034,3636,111240,California
Ventura,2021-02-19,6462,158860,3758,86353,2704,72507,0,0,3009,69772,3446,44480,3012,114252,California
Ventura,2021-02-20,4925,163785,3167,89520,1758,74265,0,0,2762,70382,2156,46636,2766,117018,California
Ventura,2021-02-21,1091,164876,803,90323,288,74553,0,0,451,70198,635,47271,451,117469,California
Ventura,2021-02-22,5399,170275,2407,92730,2992,77545,0,0,3460,71730,1929,49200,3461,120930,California
Ventura,2021-02-23,5935,176210,2952,95682,2983,80528,0,0,3412,72638,2506,51706,3414,124344,California
Ventura,2021-02-24,7058,183268,2613,98295,4445,84973,0,0,4254,74106,2788,54494,4256,128600,California
Ventura,2021-02-25,7552,190820,2562,100857,4990,89963,0,0,4571,75711,2968,57462,4573,133173,California
Ventura,2021-02-26,9441,200261,2765,103622,6676,96639,0,0,6172,78643,3244,60706,6176,139349,California
Ventura,2021-02-27,10571,210832,5271,108893,5300,101939,0,0,7950,84000,2603,63309,7960,147309,California
Ventura,2021-02-28,2532,213364,1620,110513,911,102850,1,1,2072,85619,453,63762,2072,149381,California
Ventura,2021-03-01,7127,220491,2836,113349,4289,107139,2,3,4730,87983,2381,66143,4745,154126,California
Ventura,2021-03-02,7695,228186,4034,117383,3659,110798,2,5,5394,91087,2290,68433,5394,159520,California
Ventura,2021-03-03,8646,236832,3904,121287,4739,115537,3,8,6102,94669,2527,70960,6109,165629,California
Ventura,2021-03-04,8242,245074,3872,125159,4370,119907,0,8,5543,97530,2684,73644,5545,171174,California
Ventura,2021-03-05,10079,255153,4814,129973,5255,125162,10,18,7190,101865,2873,76517,7208,178382,California
Ventura,2021-03-06,7753,262906,4392,134365,3209,128371,152,170,5795,105864,1950,78467,5949,184331,California
Ventura,2021-03-07,1650,264556,613,134978,937,129308,100,270,1241,106796,409,78876,1341,185672,California
Ventura,2021-03-08,6835,271391,3437,138415,3244,132552,154,424,4726,109577,2102,80978,4883,190555,California
Ventura,2021-03-09,6838,278229,3016,141431,3626,136178,196,620,3968,110888,2857,83835,4168,194723,California
Ventura,2021-03-10,6995,285224,3012,144443,3744,139922,239,859,4678,113502,2302,86137,4916,199639,California
Ventura,2021-03-11,6518,291742,2890,147333,3315,143237,313,1172,3557,114423,2947,89084,3868,203507,California
Ventura,2021-03-12,8671,300413,3042,150375,4788,148025,841,2013,4249,115106,4405,93489,5088,208595,California
Ventura,2021-03-13,7239,307652,2505,152880,3897,151922,837,2850,4307,117326,2923,96412,5143,213738,California
Ventura,2021-03-14,2125,309777,477,153357,1149,153071,499,3349,715,117132,1409,97821,1215,214953,California
Ventura,2021-03-15,7063,316840,2045,155402,3671,156742,1347,4696,3121,117677,3919,101740,4464,219417,California
Ventura,2021-03-16,8111,324951,2455,157857,4544,161286,1112,5808,4175,119040,3922,105662,5285,224702,California
Ventura,2021-03-17,7697,332648,2767,160624,4583,165869,347,6155,4692,121098,2982,108644,5040,229742,California
Ventura,2021-03-18,7386,340034,3268,163892,3969,169838,149,6304,4819,123511,2554,111198,4967,234709,California
Ventura,2021-03-19,8630,348664,3781,167673,4738,174576,111,6415,5238,125489,3369,114567,5347,240056,California
Ventura,2021-03-20,8692,357356,5745,173418,2924,177500,23,6438,4433,125709,4237,118804,4457,244513,California
Ventura,2021-03-21,2786,360142,1518,174936,896,178396,372,6810,1314,125933,1458,120262,1682,246195,California
Ventura,2021-03-22,7412,367554,3689,178625,3620,182016,103,6913,4896,128436,2498,122760,5001,251196,California
Ventura,2021-03-23,8242,375796,3926,182551,4246,186262,70,6983,4631,129554,3582,126342,4700,255896,California
Ventura,2021-03-24,8924,384720,3407,185958,5441,191703,76,7059,4473,129684,4420,130762,4550,260446,California
Ventura,2021-03-25,8831,393551,3909,189867,4822,196525,100,7159,4476,129925,4335,135097,4576,265022,California
Ventura,2021-03-26,9926,403477,3367,193234,5904,202429,655,7814,3977,128637,5918,141015,4630,269652,California
Ventura,2021-03-27,8490,411967,3925,197159,4527,206956,38,7852,2412,125040,6048,147063,2451,272103,California
Ventura,2021-03-28,2526,414493,1420,198579,1098,208054,8,7860,1365,125258,1155,148218,1373,273476,California
Ventura,2021-03-29,8561,423054,4295,202874,4221,212275,45,7905,4256,125282,4277,152495,4301,277777,California
Ventura,2021-03-30,8994,432048,4465,207339,4401,216676,128,8033,4393,125216,4586,157081,4520,282297,California
Ventura,2021-03-31,10787,442835,4866,212205,5290,221966,631,8664,4674,124430,6089,163170,5303,287600,California
Ventura,2021-04-01,10838,453673,5280,217485,4680,226646,878,9542,5498,125497,5304,168474,6371,293971,California
Ventura,2021-04-02,11779,465452,4633,222118,5803,232449,1343,10885,5625,126345,6122,174596,6970,300941,California
Ventura,2021-04-03,8105,473557,4020,226138,2910,235359,1175,12060,3424,126267,4669,179265,4591,305532,California
Ventura,2021-04-04,1708,475265,956,227094,617,235976,135,12195,1144,126988,558,179823,1279,306811,California
Ventura,2021-04-05,9404,484669,4863,231957,3426,239402,1115,13310,4797,128301,4597,184420,5910,312721,California
Ventura,2021-04-06,10928,495597,5562,237519,3875,243277,1491,14801,5626,130140,5275,189695,7114,319835,California
Ventura,2021-04-07,11472,507069,5390,242909,4573,247850,1509,16310,5254,130696,6201,195896,6757,326592,California
Ventura,2021-04-08,10437,517506,5277,248186,4175,252025,985,17295,5208,131673,5208,201104,6185,332777,California
Ventura,2021-04-09,11307,528813,4365,252551,5220,257245,1722,19017,4937,131979,6345,207449,6651,339428,California
Ventura,2021-04-10,9557,538370,3880,256431,3518,260763,2159,21176,3134,130864,6404,213853,5289,344717,California
Ventura,2021-04-11,2434,540804,856,257287,1007,261770,571,21747,685,130379,1741,215594,1256,345973,California
Ventura,2021-04-12,8989,549793,4484,261771,3680,265450,825,22572,3757,129743,5213,220807,4577,350550,California
Ventura,2021-04-13,8862,558655,4498,266269,4358,269808,6,22578,3762,128451,5061,225868,3769,354319,California
Ventura,2021-04-14,8747,567402,4083,270352,4649,274457,15,22593,3359,126480,5352,231220,3381,357700,California
Ventura,2021-04-15,9330,576732,4534,274886,4789,279246,7,22600,4086,125358,5216,236436,4094,361794,California
Ventura,2021-04-16,10090,586822,4443,279329,5645,284891,2,22602,4762,124815,5311,241747,4768,366562,California
Ventura,2021-04-17,8747,595569,5321,284650,3425,288316,1,22603,5091,126266,3641,245388,5092,371654,California
Ventura,2021-04-18,2126,597695,1009,285659,1117,289433,0,22603,908,125962,1212,246600,908,372562,California
Ventura,2021-04-19,8058,605753,4838,290497,3219,292652,1,22604,4629,127183,3410,250010,4631,377193,California
Ventura,2021-04-20,9297,615050,4912,295409,4381,297033,4,22608,4366,126642,4911,254921,4370,381563,California
Ventura,2021-04-21,8917,623967,4567,299976,4345,301378,5,22613,4245,126235,4658,259579,4251,385814,California
Ventura,2021-04-22,10051,634018,5478,305454,4573,305951,0,22613,4467,125138,5565,265144,4468,390282,California
Ventura,2021-04-23,10847,644865,5380,310834,5466,311417,1,22614,5415,125149,5405,270549,5416,395698,California
Ventura,2021-04-24,10434,655299,5890,316724,4544,315961,0,22614,6137,127003,4284,274833,6138,401836,California
Ventura,2021-04-25,2461,657760,1697,318421,764,316725,0,22614,1147,126839,1311,276144,1147,402983,California
Ventura,2021-04-26,7532,665292,4294,322715,3172,319897,66,22680,3127,125647,4380,280524,3188,406171,California
Ventura,2021-04-27,8779,674071,4879,327594,3700,323597,200,22880,3317,123716,5446,285970,3515,409686,California
Ventura,2021-04-28,8296,682367,4822,332416,3158,326755,316,23196,3255,122268,5020,290990,3572,413258,California
Ventura,2021-04-29,7823,690190,4222,336638,3338,330093,263,23459,2797,120328,4999,295989,3059,416317,California
Ventura,2021-04-30,9377,699567,5439,342077,3665,333758,273,23732,3895,119037,5448,301437,4157,420474,California
Ventura,2021-05-01,5026,704593,3623,345700,1300,335058,103,23835,1948,118031,3056,304493,2050,422524,California
Ventura,2021-05-02,2118,706711,1420,347120,610,335668,88,23923,1028,118061,1087,305580,1117,423641,California
Ventura,2021-05-03,6243,712954,3863,350983,2102,337770,278,24201,1967,116046,4258,309838,2243,425884,California
Ventura,2021-05-04,6303,719257,3287,354270,2721,340491,295,24496,2307,114666,3982,313820,2602,428486,California
Ventura,2021-05-05,5315,724572,2965,357235,2091,342582,259,24755,1920,113469,3369,317189,2172,430658,California
Ventura,2021-05-06,6134,730706,3144,360379,2721,345303,269,25024,1964,111551,4152,321341,2234,432892,California
Ventura,2021-05-07,6755,737461,3376,363755,3108,348411,271,25295,2330,109755,4397,325738,2601,435493,California
Ventura,2021-05-08,5297,742758,4113,367868,1030,349441,154,25449,1219,107061,4065,329803,1371,436864,California
Ventura,2021-05-09,1040,743798,728,368596,267,349708,45,25494,394,106859,640,330443,438,437302,California
Ventura,2021-05-10,6068,749866,4069,372665,1790,351498,209,25703,1400,103810,4657,335100,1608,438910,California
Ventura,2021-05-11,5156,755022,3204,375869,1742,353240,210,25913,1506,101885,3640,338740,1715,440625,California
Ventura,2021-05-12,4784,759806,2770,378639,1809,355049,205,26118,1475,100271,3294,342034,1680,442305,California
Ventura,2021-05-13,5699,765505,3353,381992,2140,357189,206,26324,1929,98650,3757,345791,2136,444441,California
Ventura,2021-05-14,7227,772732,4448,386440,2581,359770,198,26522,2757,97151,4451,350242,2952,447393,California
Ventura,2021-05-15,6614,779346,5364,391804,1167,360937,83,26605,2827,96293,3769,354011,2911,450304,California
Ventura,2021-05-16,2157,781503,1669,393473,436,361373,52,26657,1026,96245,1126,355137,1078,451382,California
Ventura,2021-05-17,5825,787328,3548,397021,2070,363443,207,26864,2528,95700,3279,358416,2734,454116,California
Ventura,2021-05-18,5362,792690,3169,400190,2013,365456,180,27044,2234,95006,3108,361524,2414,456530,California
Ventura,2021-05-19,5797,798487,3519,403709,2068,367524,210,27254,2410,94261,3361,364885,2616,459146,California
Ventura,2021-05-20,4344,802831,2293,406002,1895,369419,156,27410,1771,93638,2546,367431,1923,461069,California
Ventura,2021-05-21,6756,809587,3690,409692,2893,372312,173,27583,2164,91414,4560,371991,2336,463405,California
Ventura,2021-05-22,4755,814342,2308,412000,2375,374687,72,27655,1490,89718,3258,375249,1562,464967,California
Ventura,2021-05-23,1276,815618,1066,413066,139,374826,71,27726,500,89515,774,376023,571,465538,California
Ventura,2021-05-24,4502,820120,2434,415500,1901,376727,167,27893,1494,88182,2991,379014,1658,467196,California
Ventura,2021-05-25,4264,824384,2207,417707,1907,378634,150,28043,1447,86977,2801,381815,1596,468792,California
Ventura,2021-05-26,4210,828594,2262,419969,1808,380442,140,28183,1663,86251,2530,384345,1804,470596,California
Ventura,2021-05-27,3784,832378,1841,421810,1828,382270,115,28298,1386,85367,2385,386730,1501,472097,California
Ventura,2021-05-28,4466,836844,2451,424261,1823,384093,192,28490,1981,85066,2471,389201,2170,474267,California
Ventura,2021-05-29,2139,838983,1335,425596,737,384830,67,28557,1053,85112,1074,390275,1120,475387,California
Ventura,2021-05-30,904,839887,580,426176,271,385101,53,28610,376,85015,526,390801,429,475816,California
Ventura,2021-05-31,255,840142,137,426313,109,385210,9,28619,60,84889,195,390996,69,475885,California
Ventura,2021-06-01,3893,844035,2262,428575,1469,386679,162,28781,1311,83795,2568,393564,1474,477359,California
Ventura,2021-06-02,2917,846952,1623,430198,1163,387842,131,28912,1068,83155,1839,395403,1199,478558,California
Ventura,2021-06-03,3165,850117,1980,432178,1050,388892,135,29047,1089,82312,2067,397470,1224,479782,California
Ventura,2021-06-04,4368,854485,2940,435118,1277,390169,151,29198,1480,81064,2879,400349,1631,481413,California
Ventura,2021-06-05,3694,858179,3087,438205,547,390716,60,29258,1134,79709,2549,402898,1194,482607,California
Ventura,2021-06-06,468,858647,437,438642,29,390745,2,29260,93,79431,372,403270,94,482701,California
Yolo,2020-12-15,39,39,39,39,0,0,0,0,39,39,0,0,39,39,California
Yolo,2020-12-16,78,117,78,117,0,0,0,0,78,117,0,0,78,117,California
Yolo,2020-12-17,105,222,105,222,0,0,0,0,105,222,0,0,105,222,California
Yolo,2020-12-18,228,450,228,450,0,0,0,0,228,450,0,0,228,450,California
Yolo,2020-12-19,87,537,87,537,0,0,0,0,87,537,0,0,87,537,California
Yolo,2020-12-20,101,638,101,638,0,0,0,0,101,638,0,0,101,638,California
Yolo,2020-12-21,250,888,250,888,0,0,0,0,250,888,0,0,250,888,California
Yolo,2020-12-22,381,1269,380,1268,1,1,0,0,381,1269,0,0,381,1269,California
Yolo,2020-12-23,436,1705,416,1684,20,21,0,0,436,1705,0,0,436,1705,California
Yolo,2020-12-24,152,1857,95,1779,57,78,0,0,152,1857,0,0,152,1857,California
Yolo,2020-12-25,1,1858,1,1780,0,78,0,0,1,1858,0,0,1,1858,California
Yolo,2020-12-26,75,1933,25,1805,50,128,0,0,75,1933,0,0,75,1933,California
Yolo,2020-12-27,46,1979,19,1824,27,155,0,0,46,1979,0,0,46,1979,California
Yolo,2020-12-28,353,2332,180,2004,173,328,0,0,353,2332,0,0,353,2332,California
Yolo,2020-12-29,487,2819,267,2271,220,548,0,0,487,2819,0,0,487,2819,California
Yolo,2020-12-30,628,3447,258,2529,370,918,0,0,628,3447,0,0,628,3447,California
Yolo,2020-12-31,183,3630,94,2623,89,1007,0,0,183,3630,0,0,183,3630,California
Yolo,2021-01-01,57,3687,55,2678,2,1009,0,0,57,3687,0,0,57,3687,California
Yolo,2021-01-02,70,3757,27,2705,43,1052,0,0,70,3757,0,0,70,3757,California
Yolo,2021-01-03,45,3802,19,2724,26,1078,0,0,45,3802,0,0,45,3802,California
Yolo,2021-01-04,193,3995,43,2767,150,1228,0,0,190,3989,3,3,190,3992,California
Yolo,2021-01-05,614,4609,237,3004,377,1605,0,0,552,4479,62,65,552,4544,California
Yolo,2021-01-06,481,5090,183,3187,298,1903,0,0,343,4684,138,203,343,4887,California
Yolo,2021-01-07,712,5802,231,3418,481,2384,0,0,523,5019,188,391,523,5410,California
Yolo,2021-01-08,635,6437,312,3730,323,2707,0,0,412,5209,222,613,412,5822,California
Yolo,2021-01-09,415,6852,70,3800,345,3052,0,0,369,5532,46,659,369,6191,California
Yolo,2021-01-10,399,7251,79,3879,320,3372,0,0,330,5793,69,728,330,6521,California
Yolo,2021-01-11,564,7815,324,4203,240,3612,0,0,292,5815,272,1000,294,6815,California
Yolo,2021-01-12,486,8301,367,4570,119,3731,0,0,179,5688,307,1307,180,6995,California
Yolo,2021-01-13,767,9068,311,4881,456,4187,0,0,517,5955,250,1557,517,7512,California
Yolo,2021-01-14,382,9450,183,5064,199,4386,0,0,278,6129,104,1661,278,7790,California
Yolo,2021-01-15,631,10081,324,5388,307,4693,0,0,549,6597,82,1743,550,8340,California
Yolo,2021-01-16,742,10823,94,5482,648,5341,0,0,711,7277,31,1774,711,9051,California
Yolo,2021-01-17,190,11013,117,5599,73,5414,0,0,184,7455,6,1780,184,9235,California
Yolo,2021-01-18,484,11497,305,5904,179,5593,0,0,380,7731,104,1884,380,9615,California
Yolo,2021-01-19,558,12055,372,6276,186,5779,0,0,385,7943,173,2057,385,10000,California
Yolo,2021-01-20,659,12714,380,6656,279,6058,0,0,474,8233,184,2241,474,10474,California
Yolo,2021-01-21,647,13361,384,7040,263,6321,0,0,461,8508,186,2427,461,10935,California
Yolo,2021-01-22,750,14111,251,7291,499,6820,0,0,633,9026,115,2542,633,11568,California
Yolo,2021-01-23,616,14727,123,7414,493,7313,0,0,568,9546,48,2590,568,12136,California
Yolo,2021-01-24,208,14935,123,7537,85,7398,0,0,167,9672,41,2631,167,12303,California
Yolo,2021-01-25,733,15668,157,7694,576,7974,0,0,511,9961,222,2853,511,12814,California
Yolo,2021-01-26,827,16495,327,8021,500,8474,0,0,431,9996,396,3249,431,13245,California
Yolo,2021-01-27,553,17048,219,8240,334,8808,0,0,378,10199,175,3424,378,13623,California
Yolo,2021-01-28,1049,18097,564,8804,485,9293,0,0,924,10999,124,3548,924,14547,California
Yolo,2021-01-29,903,19000,268,9072,635,9928,0,0,817,11731,85,3633,817,15364,California
Yolo,2021-01-30,1528,20528,928,10000,600,10528,0,0,1406,13021,116,3749,1406,16770,California
Yolo,2021-01-31,239,20767,200,10200,39,10567,0,0,212,13207,26,3775,212,16982,California
Yolo,2021-02-01,849,21616,364,10564,485,11052,0,0,614,13590,231,4006,614,17596,California
Yolo,2021-02-02,1339,22955,755,11319,584,11636,0,0,930,14112,409,4415,931,18527,California
Yolo,2021-02-03,1524,24479,397,11716,1127,12763,0,0,1186,14963,335,4750,1186,19713,California
Yolo,2021-02-04,1789,26268,281,11997,1508,14271,0,0,1236,15658,542,5292,1237,20950,California
Yolo,2021-02-05,1596,27864,908,12905,688,14959,0,0,1195,16454,400,5692,1196,22146,California
Yolo,2021-02-06,1943,29807,1266,14171,677,15636,0,0,1577,17666,366,6058,1578,23724,California
Yolo,2021-02-07,525,30332,248,14419,277,15913,0,0,169,17480,355,6413,169,23893,California
Yolo,2021-02-08,949,31281,331,14750,618,16531,0,0,603,17740,343,6756,603,24496,California
Yolo,2021-02-09,859,32140,389,15139,470,17001,0,0,574,18029,285,7041,574,25070,California
Yolo,2021-02-10,1464,33604,480,15619,984,17985,0,0,823,18213,641,7682,825,25895,California
Yolo,2021-02-11,1580,35184,810,16429,770,18755,0,0,1185,19003,395,8077,1185,27080,California
Yolo,2021-02-12,1923,37107,762,17191,1161,19916,0,0,1446,19976,473,8550,1446,28526,California
Yolo,2021-02-13,2055,39162,712,17903,1343,21259,0,0,1385,20691,670,9220,1385,29911,California
Yolo,2021-02-14,569,39731,152,18055,417,21676,0,0,441,21005,127,9347,441,30352,California
Yolo,2021-02-15,535,40266,194,18249,341,22017,0,0,266,21003,269,9616,267,30619,California
Yolo,2021-02-16,1131,41397,425,18674,706,22723,0,0,809,21491,322,9938,810,31429,California
Yolo,2021-02-17,1392,42789,701,19375,691,23414,0,0,996,22091,396,10334,996,32425,California
Yolo,2021-02-18,2489,45278,812,20187,1677,25091,0,0,1717,23038,771,11105,1718,34143,California
Yolo,2021-02-19,1754,47032,751,20938,1003,26094,0,0,1130,23546,622,11727,1130,35273,California
Yolo,2021-02-20,2460,49492,957,21895,1503,27597,0,0,1374,23840,1081,12808,1375,36648,California
Yolo,2021-02-21,286,49778,225,22120,61,27658,0,0,74,23703,211,13019,74,36722,California
Yolo,2021-02-22,1369,51147,599,22719,770,28428,0,0,695,23725,673,13692,695,37417,California
Yolo,2021-02-23,1147,52294,856,23575,291,28719,0,0,444,23468,701,14393,444,37861,California
Yolo,2021-02-24,2090,54384,593,24168,1497,30216,0,0,1382,24144,706,15099,1382,39243,California
Yolo,2021-02-25,1395,55779,487,24655,908,31124,0,0,922,24594,472,15571,922,40165,California
Yolo,2021-02-26,2624,58403,1028,25683,1596,32720,0,0,1383,24739,1238,16809,1383,41548,California
Yolo,2021-02-27,1685,60088,786,26469,899,33619,0,0,1228,25510,457,17266,1228,42776,California
Yolo,2021-02-28,1838,61926,1537,28006,301,33920,0,0,720,25115,1116,18382,721,43497,California
Yolo,2021-03-01,1129,63055,374,28380,755,34675,0,0,679,25346,448,18830,679,44176,California
Yolo,2021-03-02,1474,64529,694,29074,780,35455,0,0,942,25756,532,19362,942,45118,California
Yolo,2021-03-03,1857,66386,638,29712,1219,36674,0,0,832,25565,1023,20385,832,45950,California
Yolo,2021-03-04,2923,69309,1477,31189,1446,38120,0,0,1567,25779,1353,21738,1567,47517,California
Yolo,2021-03-05,2361,71670,1412,32601,938,39058,11,11,1470,26371,889,22627,1481,48998,California
Yolo,2021-03-06,1495,73165,1144,33745,322,39380,29,40,851,26609,642,23269,880,49878,California
Yolo,2021-03-07,916,74081,680,34425,222,39602,14,54,784,27275,132,23401,798,50676,California
Yolo,2021-03-08,1097,75178,490,34915,564,40166,43,97,763,27750,332,23733,807,51483,California
Yolo,2021-03-09,1272,76450,682,35597,527,40693,63,160,780,28103,490,24223,843,52326,California
Yolo,2021-03-10,1816,78266,1062,36659,464,41157,290,450,752,28078,1060,25283,1035,53361,California
Yolo,2021-03-11,2348,80614,1608,38267,672,41829,68,518,1609,29018,738,26021,1678,55039,California
Yolo,2021-03-12,2907,83521,1355,39622,1471,43300,81,599,1373,28945,1526,27547,1453,56492,California
Yolo,2021-03-13,1848,85369,731,40353,941,44241,176,775,1002,29280,843,28390,1178,57670,California
Yolo,2021-03-14,1016,86385,208,40561,660,44901,148,923,536,29479,479,28869,678,58348,California
Yolo,2021-03-15,1324,87709,772,41333,370,45271,182,1105,710,29756,612,29481,889,59237,California
Yolo,2021-03-16,1877,89586,719,42052,1086,46357,72,1177,1109,30169,768,30249,1181,60418,California
Yolo,2021-03-17,2508,92094,980,43032,1456,47813,72,1249,1719,31206,786,31035,1823,62241,California
Yolo,2021-03-18,3031,95125,1039,44071,1770,49583,222,1471,1260,30920,1767,32802,1481,63722,California
Yolo,2021-03-19,2097,97222,873,44944,1156,50739,68,1539,1090,31078,1000,33802,1158,64880,California
Yolo,2021-03-20,2779,100001,822,45766,1914,52653,43,1582,1096,30542,1677,35479,1141,66021,California
Yolo,2021-03-21,318,100319,215,45981,95,52748,8,1590,208,30649,109,35588,216,66237,California
Yolo,2021-03-22,1408,101727,490,46471,857,53605,61,1651,919,31142,486,36074,979,67216,California
Yolo,2021-03-23,1741,103468,937,47408,746,54351,58,1709,1066,31591,674,36748,1123,68339,California
Yolo,2021-03-24,2882,106350,1410,48818,1422,55773,50,1759,1407,31586,1463,38211,1458,69797,California
Yolo,2021-03-25,2552,108902,1415,50233,1109,56882,28,1787,1251,31575,1290,39501,1279,71076,California
Yolo,2021-03-26,2389,111291,1256,51489,1114,57996,19,1806,1018,31247,1364,40865,1036,72112,California
Yolo,2021-03-27,1657,112948,463,51952,1176,59172,18,1824,753,31115,903,41768,771,72883,California
Yolo,2021-03-28,1107,114055,865,52817,224,59396,18,1842,249,30528,853,42621,266,73149,California
Yolo,2021-03-29,2013,116068,819,53636,1164,60560,30,1872,963,30475,1046,43667,993,74142,California
Yolo,2021-03-30,2277,118345,1084,54720,1171,61731,22,1894,1167,30559,1105,44772,1189,75331,California
Yolo,2021-03-31,2357,120702,1229,55949,1092,62823,36,1930,1193,30625,1163,45935,1229,76560,California
Yolo,2021-04-01,3850,124552,1862,57811,1514,64337,474,2404,1614,30479,2233,48168,2087,78647,California
Yolo,2021-04-02,3394,127946,1517,59328,1730,66067,147,2551,2105,31448,1283,49451,2252,80899,California
Yolo,2021-04-03,1822,129768,1097,60425,504,66571,221,2772,812,31472,1009,50460,1033,81932,California
Yolo,2021-04-04,395,130163,156,60581,178,66749,61,2833,146,31430,249,50709,207,82139,California
Yolo,2021-04-05,1928,132091,741,61322,1087,67836,100,2933,1020,31648,903,51612,1121,83260,California
Yolo,2021-04-06,2579,134670,1319,62641,1091,68927,169,3102,1303,31854,1267,52879,1473,84733,California
Yolo,2021-04-07,2990,137660,1524,64165,1109,70036,357,3459,1926,33083,1058,53937,2287,87020,California
Yolo,2021-04-08,2422,140082,1007,65172,941,70977,474,3933,1024,33182,1395,55332,1494,88514,California
Yolo,2021-04-09,2577,142659,920,66092,1089,72066,568,4501,850,32869,1724,57056,1411,89925,California
Yolo,2021-04-10,1750,144409,820,66912,748,72814,182,4683,1030,33363,717,57773,1211,91136,California
Yolo,2021-04-11,915,145324,286,67198,575,73389,54,4737,372,33249,540,58313,426,91562,California
Yolo,2021-04-12,1764,147088,522,67720,1100,74489,142,4879,1096,33822,665,58978,1238,92800,California
Yolo,2021-04-13,1981,149069,915,68635,1066,75555,0,4879,1045,33932,935,59913,1045,93845,California
Yolo,2021-04-14,2776,151845,761,69396,2015,77570,0,4879,1367,33895,1404,61317,1367,95212,California
Yolo,2021-04-15,3317,155162,1137,70533,2180,79750,0,4879,2278,35139,1034,62351,2278,97490,California
Yolo,2021-04-16,3041,158203,1967,72500,1074,80824,0,4879,1942,35988,1093,63444,1942,99432,California
Yolo,2021-04-17,1606,159809,470,72970,1136,81960,0,4879,834,36053,769,64213,834,100266,California
Yolo,2021-04-18,629,160438,301,73271,328,82288,0,4879,351,36130,274,64487,351,100617,California
Yolo,2021-04-19,1669,162107,714,73985,954,83242,1,4880,765,35997,899,65386,766,101383,California
Yolo,2021-04-20,2005,164112,1017,75002,988,84230,0,4880,1076,36146,927,66313,1076,102459,California
Yolo,2021-04-21,1979,166091,985,75987,994,85224,0,4880,1070,36312,904,67217,1070,103529,California
Yolo,2021-04-22,1942,168033,879,76866,1063,86287,0,4880,964,36304,973,68190,965,104494,California
Yolo,2021-04-23,2614,170647,1530,78396,1084,87371,0,4880,1164,36029,1439,69629,1164,105658,California
Yolo,2021-04-24,1165,171812,644,79040,519,87890,2,4882,461,35795,697,70326,463,106121,California
Yolo,2021-04-25,951,172763,410,79450,541,88431,0,4882,731,36307,219,70545,731,106852,California
Yolo,2021-04-26,1199,173962,469,79919,727,89158,3,4885,505,36125,691,71236,509,107361,California
Yolo,2021-04-27,1515,175477,715,80634,789,89947,11,4896,591,35805,924,72160,604,107965,California
Yolo,2021-04-28,2047,177524,1009,81643,1011,90958,27,4923,742,35273,1301,73461,769,108734,California
Yolo,2021-04-29,1753,179277,817,82460,854,91812,82,5005,693,34990,1057,74518,774,109508,California
Yolo,2021-04-30,2007,181284,990,83450,959,92771,58,5063,957,34961,1043,75561,1014,110522,California
Yolo,2021-05-01,1288,182572,998,84448,270,93041,20,5083,378,34450,909,76470,398,110920,California
Yolo,2021-05-02,523,183095,430,84878,70,93111,23,5106,326,34602,197,76667,349,111269,California
Yolo,2021-05-03,1120,184215,407,85285,680,93791,33,5139,300,34116,818,77485,332,111601,California
Yolo,2021-05-04,1452,185667,675,85960,754,94545,23,5162,503,33697,945,78430,526,112127,California
Yolo,2021-05-05,1554,187221,426,86386,1063,95608,65,5227,444,33103,1103,79533,509,112636,California
Yolo,2021-05-06,1501,188722,702,87088,718,96326,81,5308,489,32673,1000,80533,570,113206,California
Yolo,2021-05-07,2316,191038,1394,88482,871,97197,51,5359,466,31346,1842,82375,515,113721,California
Yolo,2021-05-08,844,191882,363,88845,424,97621,57,5416,315,31191,526,82901,371,114092,California
Yolo,2021-05-09,393,192275,162,89007,218,97839,13,5429,90,30992,302,83203,103,114195,California
Yolo,2021-05-10,898,193173,353,89360,500,98339,45,5474,151,30442,745,83948,195,114390,California
Yolo,2021-05-11,1122,194295,649,90009,452,98791,21,5495,271,29886,848,84796,292,114682,California
Yolo,2021-05-12,1501,195796,663,90672,809,99600,29,5524,281,28982,1217,86013,313,114995,California
Yolo,2021-05-13,2077,197873,789,91461,1236,100836,52,5576,591,28143,1482,87495,643,115638,California
Yolo,2021-05-14,2035,199908,1518,92979,486,101322,31,5607,1158,28458,874,88369,1189,116827,California
Yolo,2021-05-15,1244,201152,704,93683,493,101815,47,5654,641,28543,603,88972,688,117515,California
Yolo,2021-05-16,1409,202561,1197,94880,206,102021,6,5660,986,29117,418,89390,992,118507,California
Yolo,2021-05-17,1083,203644,393,95273,671,102692,19,5679,325,28708,753,90143,344,118851,California
Yolo,2021-05-18,1687,205331,1107,96380,561,103253,19,5698,924,28893,758,90901,943,119794,California
Yolo,2021-05-19,996,206327,582,96962,378,103631,36,5734,488,28911,506,91407,524,120318,California
Yolo,2021-05-20,931,207258,618,97580,291,103922,22,5756,351,28710,574,91981,373,120691,California
Yolo,2021-05-21,1254,208512,841,98421,394,104316,19,5775,322,28122,927,92908,339,121030,California
Yolo,2021-05-22,670,209182,467,98888,196,104512,7,5782,258,27978,409,93317,265,121295,California
Yolo,2021-05-23,510,209692,112,99000,384,104896,14,5796,90,27663,419,93736,104,121399,California
Yolo,2021-05-24,704,210396,347,99347,338,105234,19,5815,218,27418,483,94219,238,121637,California
Yolo,2021-05-25,879,211275,509,99856,348,105582,22,5837,350,27267,523,94742,372,122009,California
Yolo,2021-05-26,799,212074,258,100114,509,106091,32,5869,248,27000,547,95289,280,122289,California
Yolo,2021-05-27,757,212831,379,100493,327,106418,51,5920,303,26904,450,95739,354,122643,California
Yolo,2021-05-28,865,213696,393,100886,444,106862,28,5948,369,26808,492,96231,396,123039,California
Yolo,2021-05-29,593,214289,342,101228,214,107076,37,5985,272,26796,319,96550,307,123346,California
Yolo,2021-05-30,127,214416,70,101298,51,107127,6,5991,54,26785,71,96621,60,123406,California
Yolo,2021-05-31,68,214484,18,101316,48,107175,2,5993,16,26750,52,96673,17,123423,California
Yolo,2021-06-01,747,215231,321,101637,402,107577,24,6017,261,26555,480,97153,285,123708,California
Yolo,2021-06-02,757,215988,302,101939,434,108011,21,6038,249,26320,505,97658,270,123978,California
Yolo,2021-06-03,921,216909,592,102531,306,108317,23,6061,249,25923,669,98327,272,124250,California
Yolo,2021-06-04,1401,218310,1135,103666,245,108562,21,6082,367,25280,1031,99358,388,124638,California
Yolo,2021-06-05,712,219022,546,104212,150,108712,16,6098,170,24925,540,99898,185,124823,California
Yolo,2021-06-06,997,220019,951,105163,41,108753,5,6103,127,24187,870,100768,132,124955,California
Yuba,2020-12-16,4,4,4,4,0,0,0,0,4,4,0,0,4,4,California
Yuba,2020-12-17,4,8,4,8,0,0,0,0,4,8,0,0,4,8,California
Yuba,2020-12-18,8,16,8,16,0,0,0,0,8,16,0,0,8,16,California
Yuba,2020-12-19,12,28,12,28,0,0,0,0,12,28,0,0,12,28,California
Yuba,2020-12-20,19,47,19,47,0,0,0,0,19,47,0,0,19,47,California
Yuba,2020-12-21,40,87,40,87,0,0,0,0,40,87,0,0,40,87,California
Yuba,2020-12-22,86,173,86,173,0,0,0,0,86,173,0,0,86,173,California
Yuba,2020-12-23,65,238,63,236,2,2,0,0,65,238,0,0,65,238,California
Yuba,2020-12-24,20,258,10,246,10,12,0,0,20,258,0,0,20,258,California
Yuba,2020-12-26,14,272,13,259,1,13,0,0,14,272,0,0,14,272,California
Yuba,2020-12-27,15,287,15,274,0,13,0,0,15,287,0,0,15,287,California
Yuba,2020-12-28,50,337,34,308,16,29,0,0,50,337,0,0,50,337,California
Yuba,2020-12-29,76,413,10,318,66,95,0,0,76,413,0,0,76,413,California
Yuba,2020-12-30,66,479,21,339,45,140,0,0,66,479,0,0,66,479,California
Yuba,2020-12-31,37,516,6,345,31,171,0,0,37,516,0,0,37,516,California
Yuba,2021-01-02,23,539,22,367,1,172,0,0,23,539,0,0,23,539,California
Yuba,2021-01-03,10,549,6,373,4,176,0,0,10,549,0,0,10,549,California
Yuba,2021-01-04,93,642,23,396,70,246,0,0,93,642,0,0,93,642,California
Yuba,2021-01-05,71,713,38,434,33,279,0,0,70,711,1,1,70,712,California
Yuba,2021-01-06,154,867,76,510,78,357,0,0,148,853,6,7,148,860,California
Yuba,2021-01-07,75,942,19,529,56,413,0,0,72,921,4,11,72,932,California
Yuba,2021-01-08,73,1015,24,553,49,462,0,0,66,980,7,18,66,998,California
Yuba,2021-01-09,18,1033,16,569,2,464,0,0,10,982,8,26,10,1008,California
Yuba,2021-01-10,117,1150,22,591,95,559,0,0,95,1055,22,48,95,1103,California
Yuba,2021-01-11,72,1222,50,641,22,581,0,0,32,1047,40,88,32,1135,California
Yuba,2021-01-12,107,1329,78,719,29,610,0,0,42,1024,65,153,42,1177,California
Yuba,2021-01-13,119,1448,72,791,47,657,0,0,54,1014,64,217,54,1231,California
Yuba,2021-01-14,112,1560,43,834,69,726,0,0,100,1102,12,229,100,1331,California
Yuba,2021-01-15,202,1762,87,921,115,841,0,0,191,1282,11,240,191,1522,California
Yuba,2021-01-16,186,1948,21,942,165,1006,0,0,173,1442,13,253,173,1695,California
Yuba,2021-01-17,13,1961,9,951,4,1010,0,0,7,1443,6,259,7,1702,California
Yuba,2021-01-18,61,2022,31,982,30,1040,0,0,37,1456,24,283,37,1739,California
Yuba,2021-01-19,82,2104,32,1014,50,1090,0,0,66,1506,16,299,66,1805,California
Yuba,2021-01-20,135,2239,87,1101,48,1138,0,0,112,1595,23,322,112,1917,California
Yuba,2021-01-21,215,2454,98,1199,117,1255,0,0,207,1794,8,330,207,2124,California
Yuba,2021-01-22,104,2558,6,1205,98,1353,0,0,95,1880,9,339,95,2219,California
Yuba,2021-01-23,201,2759,7,1212,194,1547,0,0,199,2077,2,341,199,2418,California
Yuba,2021-01-24,10,2769,7,1219,3,1550,0,0,8,2083,2,343,8,2426,California
Yuba,2021-01-25,86,2855,30,1249,56,1606,0,0,53,2104,32,375,53,2479,California
Yuba,2021-01-26,148,3003,39,1288,109,1715,0,0,90,2136,58,433,90,2569,California
Yuba,2021-01-27,186,3189,130,1418,56,1771,0,0,117,2184,69,502,117,2686,California
Yuba,2021-01-28,225,3414,89,1507,136,1907,0,0,173,2305,52,554,173,2859,California
Yuba,2021-01-29,152,3566,46,1553,106,2013,0,0,113,2379,39,593,113,2972,California
Yuba,2021-01-30,414,3980,23,1576,391,2404,0,0,403,2771,11,604,403,3375,California
Yuba,2021-01-31,18,3998,12,1588,6,2410,0,0,16,2785,2,606,16,3391,California
Yuba,2021-02-01,156,4154,75,1663,81,2491,0,0,131,2893,24,630,132,3523,California
Yuba,2021-02-02,123,4277,21,1684,102,2593,0,0,101,2972,22,652,101,3624,California
Yuba,2021-02-03,227,4504,30,1714,197,2790,0,0,115,2976,111,763,115,3739,California
Yuba,2021-02-04,294,4798,118,1832,176,2966,0,0,250,3182,44,807,250,3989,California
Yuba,2021-02-05,150,4948,33,1865,117,3083,0,0,73,3178,77,884,73,4062,California
Yuba,2021-02-06,448,5396,23,1888,425,3508,0,0,441,3612,7,891,441,4503,California
Yuba,2021-02-07,19,5415,13,1901,6,3514,0,0,15,3623,4,895,15,4518,California
Yuba,2021-02-08,97,5512,37,1938,60,3574,0,0,68,3662,29,924,68,4586,California
Yuba,2021-02-09,155,5667,57,1995,98,3672,0,0,86,3679,69,993,86,4672,California
Yuba,2021-02-10,361,6028,175,2170,186,3858,0,0,120,3559,240,1233,120,4792,California
Yuba,2021-02-11,398,6426,66,2236,332,4190,0,0,301,3765,95,1328,301,5093,California
Yuba,2021-02-12,263,6689,25,2261,238,4428,0,0,150,3802,113,1441,150,5243,California
Yuba,2021-02-13,434,7123,35,2296,399,4827,0,0,383,4134,51,1492,383,5626,California
Yuba,2021-02-14,51,7174,10,2306,41,4868,0,0,46,4175,5,1497,46,5672,California
Yuba,2021-02-15,88,7262,36,2342,52,4920,0,0,68,4223,20,1517,68,5740,California
Yuba,2021-02-16,199,7461,52,2394,147,5067,0,0,140,4305,58,1575,140,5880,California
Yuba,2021-02-17,380,7841,157,2551,223,5290,0,0,102,4130,277,1852,102,5982,California
Yuba,2021-02-18,314,8155,48,2599,266,5556,0,0,192,4200,122,1974,192,6174,California
Yuba,2021-02-19,226,8381,82,2681,144,5700,0,0,142,4258,84,2058,142,6316,California
Yuba,2021-02-20,391,8772,30,2711,361,6061,0,0,337,4541,54,2112,337,6653,California
Yuba,2021-02-21,17,8789,14,2725,3,6064,0,0,7,4538,10,2122,7,6660,California
Yuba,2021-02-22,128,8917,79,2804,49,6113,0,0,39,4489,88,2210,39,6699,California
Yuba,2021-02-23,116,9033,26,2830,90,6203,0,0,49,4472,66,2276,49,6748,California
Yuba,2021-02-24,485,9518,137,2967,348,6551,0,0,106,4199,379,2655,106,6854,California
Yuba,2021-02-25,340,9858,136,3103,204,6755,0,0,215,4289,125,2780,215,7069,California
Yuba,2021-02-26,264,10122,71,3174,193,6948,0,0,147,4321,115,2895,147,7216,California
Yuba,2021-02-27,470,10592,46,3220,424,7372,0,0,384,4621,84,2979,384,7600,California
Yuba,2021-02-28,69,10661,21,3241,48,7420,0,0,48,4648,21,3000,48,7648,California
Yuba,2021-03-01,161,10822,44,3285,117,7537,0,0,80,4648,80,3080,80,7728,California
Yuba,2021-03-02,163,10985,37,3322,126,7663,0,0,82,4649,81,3161,82,7810,California
Yuba,2021-03-03,631,11616,159,3481,472,8135,0,0,203,4425,427,3588,203,8013,California
Yuba,2021-03-04,471,12087,272,3753,199,8334,0,0,326,4607,144,3732,326,8339,California
Yuba,2021-03-05,317,12404,57,3810,259,8593,1,1,251,4793,66,3798,252,8591,California
Yuba,2021-03-06,474,12878,33,3843,437,9030,4,5,368,5060,105,3903,372,8963,California
Yuba,2021-03-07,52,12930,28,3871,23,9053,1,6,38,5085,14,3917,39,9002,California
Yuba,2021-03-08,161,13091,50,3921,95,9148,16,22,100,5140,61,3978,116,9118,California
Yuba,2021-03-09,176,13267,45,3966,111,9259,20,42,83,5150,93,4071,103,9221,California
Yuba,2021-03-10,741,14008,235,4201,476,9735,30,72,232,4904,508,4579,262,9483,California
Yuba,2021-03-11,440,14448,196,4397,231,9966,13,85,294,5065,146,4725,307,9790,California
Yuba,2021-03-12,462,14910,84,4481,324,10290,54,139,152,4961,310,5035,206,9996,California
Yuba,2021-03-13,459,15369,342,4823,102,10392,15,154,362,5242,96,5131,377,10373,California
Yuba,2021-03-14,107,15476,20,4843,77,10469,10,164,48,5242,58,5189,58,10431,California
Yuba,2021-03-15,193,15669,51,4894,126,10595,16,180,100,5265,93,5282,116,10547,California
Yuba,2021-03-16,299,15968,73,4967,202,10797,24,204,184,5359,114,5396,208,10755,California
Yuba,2021-03-17,748,16716,166,5133,552,11349,30,234,198,5039,548,5944,228,10983,California
Yuba,2021-03-18,583,17299,158,5291,310,11659,115,349,354,5278,229,6173,468,11451,California
Yuba,2021-03-19,330,17629,119,5410,161,11820,50,399,187,5373,142,6315,237,11688,California
Yuba,2021-03-20,559,18188,82,5492,460,12280,17,416,479,5790,79,6394,496,12184,California
Yuba,2021-03-21,62,18250,36,5528,26,12306,0,416,49,5826,13,6407,49,12233,California
Yuba,2021-03-22,194,18444,72,5600,115,12421,7,423,152,5943,42,6449,159,12392,California
Yuba,2021-03-23,266,18710,79,5679,159,12580,28,451,178,6063,86,6535,206,12598,California
Yuba,2021-03-24,768,19478,257,5936,432,13012,79,530,188,5752,578,7113,267,12865,California
Yuba,2021-03-25,511,19989,271,6207,218,13230,22,552,255,5773,256,7369,277,13142,California
Yuba,2021-03-26,397,20386,141,6348,227,13457,29,581,225,5856,171,7540,254,13396,California
Yuba,2021-03-27,460,20846,29,6377,428,13885,3,584,406,6211,53,7593,408,13804,California
Yuba,2021-03-28,101,20947,42,6419,55,13940,4,588,34,6182,67,7660,38,13842,California
Yuba,2021-03-29,298,21245,88,6507,178,14118,32,620,182,6280,116,7776,214,14056,California
Yuba,2021-03-30,276,21521,67,6574,201,14319,8,628,190,6392,86,7862,198,14254,California
Yuba,2021-03-31,678,22199,113,6687,553,14872,12,640,242,6212,434,8296,254,14508,California
Yuba,2021-04-01,623,22822,288,6975,307,15179,28,668,291,6199,332,8628,319,14827,California
Yuba,2021-04-02,500,23322,96,7071,320,15499,84,752,187,6157,312,8940,270,15097,California
Yuba,2021-04-03,657,23979,56,7127,117,15616,484,1236,88,6161,568,9508,572,15669,California
Yuba,2021-04-04,61,24040,11,7138,44,15660,6,1242,33,6172,28,9536,39,15708,California
Yuba,2021-04-05,249,24289,83,7221,145,15805,21,1263,125,6195,122,9658,145,15853,California
Yuba,2021-04-06,353,24642,113,7334,179,15984,61,1324,170,6243,182,9840,230,16083,California
Yuba,2021-04-07,789,25431,409,7743,326,16310,54,1378,357,6224,429,10269,410,16493,California
Yuba,2021-04-08,752,26183,293,8036,194,16504,265,1643,280,6298,471,10740,545,17038,California
Yuba,2021-04-09,407,26590,171,8207,168,16672,68,1711,171,6302,235,10975,239,17277,California
Yuba,2021-04-10,599,27189,72,8279,78,16750,449,2160,71,6295,526,11501,519,17796,California
Yuba,2021-04-11,108,27297,28,8307,68,16818,12,2172,46,6292,61,11562,58,17854,California
Yuba,2021-04-12,213,27510,46,8353,137,16955,30,2202,79,6268,133,11695,109,17963,California
Yuba,2021-04-13,400,27910,103,8456,297,17252,0,2202,203,6275,196,11891,203,18166,California
Yuba,2021-04-14,704,28614,110,8566,594,17846,0,2202,123,5820,579,12470,124,18290,California
Yuba,2021-04-15,342,28956,133,8699,209,18055,0,2202,150,5778,192,12662,150,18440,California
Yuba,2021-04-16,335,29291,96,8795,239,18294,0,2202,178,5800,156,12818,178,18618,California
Yuba,2021-04-17,407,29698,60,8855,347,18641,0,2202,333,6060,73,12891,333,18951,California
Yuba,2021-04-18,55,29753,10,8865,45,18686,0,2202,25,6055,30,12921,25,18976,California
Yuba,2021-04-19,249,30002,105,8970,144,18830,0,2202,104,6014,145,13066,104,19080,California
Yuba,2021-04-20,321,30323,81,9051,240,19070,0,2202,180,6055,140,13206,181,19261,California
Yuba,2021-04-21,698,31021,279,9330,419,19489,0,2202,295,5947,403,13609,295,19556,California
Yuba,2021-04-22,359,31380,138,9468,221,19710,0,2202,203,5994,156,13765,203,19759,California
Yuba,2021-04-23,352,31732,115,9583,237,19947,0,2202,167,5978,183,13948,167,19926,California
Yuba,2021-04-24,214,31946,67,9650,147,20094,0,2202,120,6004,94,14042,120,20046,California
Yuba,2021-04-25,73,32019,30,9680,43,20137,0,2202,36,6003,37,14079,36,20082,California
Yuba,2021-04-26,234,32253,56,9736,174,20311,4,2206,106,5985,128,14207,110,20192,California
Yuba,2021-04-27,480,32733,163,9899,307,20618,10,2216,239,5995,239,14446,249,20441,California
Yuba,2021-04-28,434,33167,175,10074,254,20872,5,2221,149,5870,279,14725,154,20595,California
Yuba,2021-04-29,438,33605,71,10145,366,21238,1,2222,152,5738,285,15010,153,20748,California
Yuba,2021-04-30,324,33929,90,10235,204,21442,30,2252,137,5720,185,15195,167,20915,California
Yuba,2021-05-01,206,34135,91,10326,96,21538,19,2271,92,5718,113,15308,111,21026,California
Yuba,2021-05-02,73,34208,43,10369,26,21564,4,2275,38,5725,35,15343,42,21068,California
Yuba,2021-05-03,163,34371,65,10434,90,21654,8,2283,52,5676,109,15452,60,21128,California
Yuba,2021-05-04,323,34694,94,10528,208,21862,21,2304,145,5664,178,15630,166,21294,California
Yuba,2021-05-05,315,35009,77,10605,231,22093,7,2311,112,5580,203,15833,119,21413,California
Yuba,2021-05-06,275,35284,102,10707,134,22227,39,2350,89,5525,183,16016,128,21541,California
Yuba,2021-05-07,357,35641,91,10798,238,22465,28,2378,120,5435,237,16253,147,21688,California
Yuba,2021-05-08,107,35748,32,10830,70,22535,5,2383,46,5425,61,16314,51,21739,California
Yuba,2021-05-09,52,35800,23,10853,26,22561,3,2386,37,5450,15,16329,40,21779,California
Yuba,2021-05-10,172,35972,56,10909,98,22659,18,2404,54,5405,117,16446,72,21851,California
Yuba,2021-05-11,371,36343,166,11075,192,22851,13,2417,137,5322,232,16678,149,22000,California
Yuba,2021-05-12,251,36594,126,11201,118,22969,7,2424,99,5276,152,16830,106,22106,California
Yuba,2021-05-13,347,36941,190,11391,114,23083,43,2467,110,5194,235,17065,153,22259,California
Yuba,2021-05-14,369,37310,140,11531,208,23291,21,2488,160,5165,209,17274,180,22439,California
Yuba,2021-05-15,435,37745,110,11641,304,23595,21,2509,111,4974,322,17596,131,22570,California
Yuba,2021-05-16,140,37885,44,11685,87,23682,9,2518,85,5014,54,17650,94,22664,California
Yuba,2021-05-17,215,38100,90,11775,105,23787,20,2538,93,5007,120,17770,113,22777,California
Yuba,2021-05-18,388,38488,159,11934,220,24007,9,2547,165,4958,223,17993,174,22951,California
Yuba,2021-05-19,261,38749,144,12078,111,24118,6,2553,135,4973,126,18119,141,23092,California
Yuba,2021-05-20,407,39156,290,12368,106,24224,11,2564,255,5088,151,18270,266,23358,California
Yuba,2021-05-21,476,39632,253,12621,216,24440,7,2571,299,5219,175,18445,306,23664,California
Yuba,2021-05-22,202,39834,116,12737,76,24516,10,2581,88,5203,114,18559,98,23762,California
Yuba,2021-05-23,38,39872,24,12761,12,24528,2,2583,28,5223,10,18569,30,23792,California
Yuba,2021-05-24,151,40023,47,12808,90,24618,14,2597,46,5179,104,18673,60,23852,California
Yuba,2021-05-25,314,40337,108,12916,190,24808,16,2613,116,5114,197,18870,132,23984,California
Yuba,2021-05-26,231,40568,100,13016,117,24925,14,2627,91,5080,139,19009,105,24089,California
Yuba,2021-05-27,248,40816,76,13092,160,25085,12,2639,109,5063,138,19147,121,24210,California
Yuba,2021-05-28,245,41061,113,13205,130,25215,2,2641,124,5070,119,19266,126,24336,California
Yuba,2021-05-29,161,41222,65,13270,74,25289,22,2663,92,5116,68,19334,114,24450,California
Yuba,2021-05-30,50,41272,20,13290,25,25314,5,2668,20,5111,30,19364,25,24475,California
Yuba,2021-05-31,31,41303,3,13293,21,25335,7,2675,11,5109,20,19384,18,24493,California
Yuba,2021-06-01,244,41547,106,13399,132,25467,6,2681,90,5054,150,19534,95,24588,California
Yuba,2021-06-02,198,41745,78,13477,113,25580,7,2688,71,5006,126,19660,78,24666,California
Yuba,2021-06-03,174,41919,101,13578,68,25648,5,2693,68,4973,106,19766,73,24739,California
Yuba,2021-06-04,247,42166,121,13699,115,25763,11,2704,83,4903,164,19930,94,24833,California
Yuba,2021-06-05,194,42360,148,13847,42,25805,4,2708,90,4894,103,20033,94,24927,California
Yuba,2021-06-06,55,42415,47,13894,7,25812,1,2709,4,4848,51,20084,5,24932,California
