county,administered_date,total_doses,cumulative_total_doses,pfizer_doses,cumulative_pfizer_doses,moderna_doses,cumulative_moderna_doses,jj_doses,cumulative_jj_doses,partially_vaccinated,total_partially_vaccinated,fully_vaccinated,cumulative_fully_vaccinated,at_least_one_dose,cumulative_at_least_one_dose,california_flag
All CA Counties,2020-12-15,1148,1148,1148,1148,0,0,0,0,1148,1148,0,0,1148,1148,
All CA Counties,2020-12-16,8439,9587,8439,9587,0,0,0,0,8439,9587,0,0,8439,9587,
All CA Counties,2020-12-17,26410,35997,26410,35997,0,0,0,0,26412,35999,0,0,26412,35999,
All CA Counties,2020-12-18,44913,80910,44833,80830,80,80,0,0,44888,80861,26,26,44888,80887,
All CA Counties,2020-12-19,25319,106229,25294,106124,25,105,0,0,25318,106178,1,27,25318,106205,
All CA Counties,2020-12-20,19007,125236,18980,125104,27,132,0,0,19005,125181,2,29,19005,125210,
All CA Counties,2020-12-21,49724,174960,49623,174727,101,233,0,0,49716,174886,12,41,49717,174927,
All CA Counties,2020-12-22,50044,225004,47908,222635,2136,2369,0,0,50036,224918,4,45,50036,224963,
All CA Counties,2020-12-23,50578,275582,41780,264415,8798,11167,0,0,50568,275481,8,53,50571,275534,
All CA Counties,2020-12-24,24063,299645,16327,280742,7736,18903,0,0,24057,299535,5,58,24059,299593,
All CA Counties,2020-12-25,2342,301987,2018,282760,324,19227,0,0,2342,301877,0,58,2342,301935,
All CA Counties,2020-12-26,14586,316573,9436,292196,5150,24377,0,0,14584,316459,2,60,14584,316519,
All CA Counties,2020-12-27,9442,326015,5592,297788,3850,28227,0,0,9439,325895,3,63,9439,325958,
All CA Counties,2020-12-28,46024,372039,29474,327262,16550,44777,0,0,46017,371905,7,70,46017,371975,
All CA Counties,2020-12-29,51240,423279,28561,355823,22679,67456,0,0,51233,423133,5,75,51233,423208,
All CA Counties,2020-12-30,63057,486336,35604,391427,27453,94909,0,0,63044,486169,11,86,63047,486255,
All CA Counties,2020-12-31,29520,515856,10910,402337,18610,113519,0,0,29498,515649,19,105,29499,515754,
All CA Counties,2021-01-01,4398,520254,1983,404320,2415,115934,0,0,4390,520032,7,112,4390,520144,
All CA Counties,2021-01-02,18500,538754,10232,414552,8268,124202,0,0,18499,538531,0,112,18499,538643,
All CA Counties,2021-01-03,6190,544944,3500,418052,2690,126892,0,0,6155,544673,13,125,6155,544798,
All CA Counties,2021-01-04,43602,588546,22074,440126,21528,148420,0,0,43521,588151,43,168,43521,588319,
All CA Counties,2021-01-05,56712,645258,29863,469989,26849,175269,0,0,51139,633809,5513,5681,51171,639490,
All CA Counties,2021-01-06,73494,718752,40563,510552,32931,208200,0,0,57882,676296,15426,21107,57913,697403,
All CA Counties,2021-01-07,92175,810927,52423,562975,39752,247952,0,0,61062,706479,30932,52039,61115,758518,
All CA Counties,2021-01-08,106909,917836,64218,627193,42691,290643,0,0,65165,730152,41553,93592,65226,823744,
All CA Counties,2021-01-09,44445,962281,25563,652756,18882,309525,0,0,27828,741420,16587,110179,27855,851599,
All CA Counties,2021-01-10,24345,986626,14871,667627,9474,318999,0,0,13100,743312,11227,121406,13119,864718,
All CA Counties,2021-01-11,104752,1091378,69683,737310,35069,354068,0,0,60727,760219,43894,165300,60801,925519,
All CA Counties,2021-01-12,113918,1205296,67374,804684,46544,400612,0,0,72581,791814,41177,206477,72772,998291,
All CA Counties,2021-01-13,119500,1324796,62004,866688,57496,458108,0,0,85531,843640,33868,240345,85694,1083985,
All CA Counties,2021-01-14,124292,1449088,49846,916534,74446,532554,0,0,104521,928698,19657,260002,104715,1188700,
All CA Counties,2021-01-15,142438,1591526,52088,968622,90350,622904,0,0,127185,1040928,15130,275132,127360,1316060,
All CA Counties,2021-01-16,80662,1672188,27438,996060,53224,676128,0,0,73042,1106458,7580,282712,73110,1389170,
All CA Counties,2021-01-17,48292,1720480,16887,1012947,31405,707533,0,0,44623,1147471,3657,286369,44670,1433840,
All CA Counties,2021-01-18,88401,1808881,46131,1059078,42270,749803,0,0,69011,1197255,19312,305681,69096,1502936,
All CA Counties,2021-01-19,142228,1951109,73757,1132835,68471,818274,0,0,110982,1277428,31136,336817,111309,1614245,
All CA Counties,2021-01-20,160950,2112059,82151,1214986,78799,897073,0,0,127207,1371384,33510,370327,127466,1741711,
All CA Counties,2021-01-21,174340,2286399,77355,1292341,96985,994058,0,0,155035,1507606,19062,389389,155284,1896995,
All CA Counties,2021-01-22,170079,2456478,69389,1361730,100690,1094748,0,0,155709,1649226,14230,403619,155850,2052845,
All CA Counties,2021-01-23,111612,2568090,49543,1411273,62069,1156817,0,0,99047,1735870,12506,416125,99150,2151995,
All CA Counties,2021-01-24,60987,2629077,29474,1440747,31513,1188330,0,0,56312,1787599,4643,420768,56372,2208367,
All CA Counties,2021-01-25,145594,2774671,65450,1506197,80144,1268474,0,0,110287,1862953,35149,455917,110503,2318870,
All CA Counties,2021-01-26,169465,2944136,83186,1589383,86279,1354753,0,0,131736,1957405,37542,493459,131994,2450864,
All CA Counties,2021-01-27,183092,3127228,88083,1677466,95009,1449762,0,0,143508,2061914,39227,532686,143736,2594600,
All CA Counties,2021-01-28,188753,3315981,87183,1764649,101570,1551332,0,0,154418,2182490,34013,566699,154589,2749189,
All CA Counties,2021-01-29,184507,3500488,88723,1853372,95784,1647116,0,0,149636,2298003,34258,600957,149771,2898960,
All CA Counties,2021-01-30,124111,3624599,56018,1909390,68093,1715209,0,0,108612,2391420,15327,616284,108744,3007704,
All CA Counties,2021-01-31,69355,3693954,38903,1948293,30452,1745661,0,0,64539,2451250,4766,621050,64596,3072300,
All CA Counties,2021-02-01,162051,3856005,75991,2024284,86060,1831721,0,0,121261,2532032,40614,661664,121396,3193696,
All CA Counties,2021-02-02,185543,4041548,78161,2102445,107382,1939103,0,0,140981,2628970,44265,705929,141203,3334899,
All CA Counties,2021-02-03,211101,4252649,95622,2198067,115479,2054582,0,0,156603,2731841,53976,759905,156847,3491746,
All CA Counties,2021-02-04,228072,4480721,99930,2297997,128142,2182724,0,0,167362,2839402,60156,820061,167717,3659463,
All CA Counties,2021-02-05,246453,4727174,106597,2404594,139856,2322580,0,0,167474,2929297,78108,898169,168003,3827466,
All CA Counties,2021-02-06,155199,4882373,75230,2479824,79969,2402549,0,0,120372,3015503,34654,932823,120860,3948326,
All CA Counties,2021-02-07,67182,4949555,43552,2523376,23630,2426179,0,0,50728,3050310,16373,949196,51180,3999506,
All CA Counties,2021-02-08,181840,5131395,89788,2613164,92052,2518231,0,0,120067,3109850,61251,1010447,120791,4120297,
All CA Counties,2021-02-09,211715,5343110,102472,2715636,109243,2627474,0,0,126933,3153647,84278,1094725,128075,4248372,
All CA Counties,2021-02-10,248944,5592054,119947,2835583,128997,2756471,0,0,138204,3183471,109854,1204579,139678,4388050,
All CA Counties,2021-02-11,266109,5858163,131829,2967412,134280,2890751,0,0,145306,3211196,119369,1323948,147094,4535144,
All CA Counties,2021-02-12,272762,6130925,119500,3086912,153262,3044013,0,0,147144,3236141,124566,1448514,149511,4684655,
All CA Counties,2021-02-13,166817,6297742,77393,3164305,89424,3133437,0,0,92119,3255910,74301,1522815,94070,4778725,
All CA Counties,2021-02-14,95375,6393117,47460,3211765,47915,3181352,0,0,51598,3265452,43599,1566414,53141,4831866,
All CA Counties,2021-02-15,142624,6535741,62546,3274311,80078,3261430,0,0,78816,3284069,63321,1629735,81938,4913804,
All CA Counties,2021-02-16,249319,6785060,118418,3392729,130901,3392331,0,0,133220,3304702,115683,1745418,136316,5050120,
All CA Counties,2021-02-17,259870,7044930,129565,3522294,130305,3522636,0,0,129117,3306932,130083,1875501,132313,5182433,
All CA Counties,2021-02-18,273795,7318725,142963,3665257,130832,3653468,0,0,132035,3302434,140733,2016234,136235,5318668,
All CA Counties,2021-02-19,253931,7572656,147227,3812484,106704,3760172,0,0,130763,3312702,122577,2138811,132845,5451513,
All CA Counties,2021-02-20,153981,7726637,98680,3911164,55301,3815473,0,0,84627,3330253,69059,2207870,86610,5538123,
All CA Counties,2021-02-21,83073,7809710,68798,3979962,14275,3829748,0,0,41710,3332421,41088,2248958,43256,5581379,
All CA Counties,2021-02-22,165084,7974794,110586,4090548,54498,3884246,0,0,82610,3334629,82126,2331084,84334,5665713,
All CA Counties,2021-02-23,226772,8201566,120017,4210565,106755,3991001,0,0,105601,3325753,120470,2451554,111594,5777307,
All CA Counties,2021-02-24,284383,8485949,143888,4354453,140495,4131496,0,0,134997,3319628,148671,2600225,142546,5919853,
All CA Counties,2021-02-25,323124,8809073,159515,4513968,163609,4295105,0,0,169178,3344176,153180,2753405,177728,6097581,
All CA Counties,2021-02-26,357559,9166632,166701,4680669,190858,4485963,0,0,199013,3392911,157559,2910964,206294,6303875,
All CA Counties,2021-02-27,253884,9420516,123679,4804348,130182,4616145,23,23,144162,3432464,109043,3020007,148596,6452471,
All CA Counties,2021-02-28,135388,9555904,81241,4885589,54136,4670281,11,34,79577,3459524,55368,3075375,82428,6534899,
All CA Counties,2021-03-01,244747,9800651,130769,5016358,113862,4784143,116,150,140971,3501796,102813,3178188,145085,6679984,
All CA Counties,2021-03-02,289872,10090523,146634,5162992,143211,4927354,27,177,174715,3568873,114551,3292739,181628,6861612,
All CA Counties,2021-03-03,334966,10425489,166872,5329864,168031,5095385,63,240,193438,3628888,140779,3433518,200794,7062406,
All CA Counties,2021-03-04,353099,10778588,178495,5508359,174510,5269895,94,334,207490,3698740,144758,3578276,214610,7277016,
All CA Counties,2021-03-05,340280,11118868,167351,5675710,171802,5441697,1127,1461,211727,3791232,127629,3705905,220121,7497137,
All CA Counties,2021-03-06,259860,11378728,133450,5809160,118553,5560250,7857,9318,161629,3867652,97769,3803674,174189,7671326,
All CA Counties,2021-03-07,128048,11506776,78656,5887816,45232,5605482,4160,13478,80267,3908164,47592,3851266,88104,7759430,
All CA Counties,2021-03-08,219450,11726226,106517,5994333,102429,5707911,10504,23982,143654,3991933,75354,3926620,159123,7918553,
All CA Counties,2021-03-09,291939,12018165,139573,6133906,136422,5844333,15944,39926,163843,4048232,127531,4054151,183830,8102383,
All CA Counties,2021-03-10,323052,12341217,161125,6295031,137453,5981786,24474,64400,175166,4105166,146865,4201016,203799,8306182,
All CA Counties,2021-03-11,376902,12718119,182190,6477221,161388,6143174,33324,97724,193663,4154342,181991,4383007,231167,8537349,
All CA Counties,2021-03-12,395636,13113755,176820,6654041,172500,6315674,46316,144040,194154,4198438,200537,4583544,244633,8781982,
All CA Counties,2021-03-13,283910,13397665,124969,6779010,127807,6443481,31134,175174,153445,4257210,129998,4713542,188770,8970752,
All CA Counties,2021-03-14,155093,13552758,83376,6862386,56613,6500094,15104,190278,78644,4277072,76151,4789693,96013,9066765,
All CA Counties,2021-03-15,290918,13843676,138999,7001385,131308,6631402,20611,210889,158206,4327277,131942,4921635,182147,9248912,
All CA Counties,2021-03-16,370525,14214201,174077,7175462,179149,6810551,17299,228188,214700,4407416,155057,5076692,235196,9484108,
All CA Counties,2021-03-17,383960,14598161,189873,7365335,175504,6986055,18583,246771,237629,4520781,145366,5222058,258731,9742839,
All CA Counties,2021-03-18,401077,14999238,205393,7570728,177642,7163697,18042,264813,237692,4616377,162226,5384284,257822,10000661,
All CA Counties,2021-03-19,411028,15410266,216065,7786793,173326,7337023,21637,286450,238284,4706793,171573,5555857,261989,10262650,
All CA Counties,2021-03-20,295047,15705313,155197,7941990,123967,7460990,15883,302333,186188,4802231,108134,5663991,203572,10466222,
All CA Counties,2021-03-21,143855,15849168,99442,8041432,36876,7497866,7537,309870,88283,4844287,55153,5719144,97209,10563431,
All CA Counties,2021-03-22,273406,16122574,159174,8200606,102994,7600860,11238,321108,177508,4941019,95049,5814193,191781,10755212,
All CA Counties,2021-03-23,357487,16480061,196766,8397372,149640,7750500,11081,332189,219319,5036811,137199,5951392,232991,10988203,
All CA Counties,2021-03-24,387814,16867875,222077,8619449,153213,7903713,12524,344713,225514,5115899,161041,6112433,240129,11228332,
All CA Counties,2021-03-25,418176,17286051,230432,8849881,172857,8076570,14887,359600,236760,5189670,180026,6292459,253797,11482129,
All CA Counties,2021-03-26,435256,17721307,232857,9082738,186295,8262865,16104,375704,234858,5244335,199137,6491596,253802,11735931,
All CA Counties,2021-03-27,312857,18034164,166476,9249214,134602,8397467,11779,387483,157612,5261574,154395,6645991,171634,11907565,
All CA Counties,2021-03-28,169478,18203642,109102,9358316,56788,8454255,3588,391071,88482,5275308,80503,6726494,94237,12001802,
All CA Counties,2021-03-29,310451,18514093,167138,9525454,134267,8588522,9046,400117,172615,5322430,137042,6863536,184164,12185966,
All CA Counties,2021-03-30,398602,18912695,201942,9727396,178430,8766952,18230,418347,224203,5393050,173578,7037114,244198,12430164,
All CA Counties,2021-03-31,426460,19339155,232104,9959500,172669,8939621,21687,440034,237234,5464844,188136,7225250,259930,12690094,
All CA Counties,2021-04-01,492392,19831547,252224,10211724,199873,9139494,40295,480329,271195,5557736,219727,7444977,312619,13002713,
All CA Counties,2021-04-02,473957,20305504,231116,10442840,199638,9339132,43203,523532,257446,5644748,215241,7660218,302253,13304966,
All CA Counties,2021-04-03,329737,20635241,168019,10610859,120259,9459391,41459,564991,164461,5687178,164597,7824815,207027,13511993,
All CA Counties,2021-04-04,132550,20767791,69160,10680019,44345,9503736,19045,584036,58076,5690264,74163,7898978,77249,13589242,
All CA Counties,2021-04-05,353404,21121195,182160,10862179,131495,9635231,39749,623785,174116,5727985,178563,8077541,216284,13805526,
All CA Counties,2021-04-06,457577,21578772,231917,11094096,160103,9795334,65557,689342,221926,5782659,234692,8312233,289366,14094892,
All CA Counties,2021-04-07,472485,22051257,245244,11339340,157257,9952591,69984,759326,230354,5842828,241147,8553380,301316,14396208,
All CA Counties,2021-04-08,500150,22551407,252219,11591559,163488,10116079,84443,843769,235743,5902050,263162,8816542,322384,14718592,
All CA Counties,2021-04-09,494894,23046301,246675,11838234,168336,10284415,79883,923652,228240,5947670,265538,9082080,311158,15029750,
All CA Counties,2021-04-10,367687,23413988,168135,12006369,125235,10409650,74317,997969,154523,5966763,212397,9294477,231490,15261240,
All CA Counties,2021-04-11,187668,23601656,105311,12111680,48166,10457816,34191,1032160,77708,5971885,109600,9404077,114722,15375962,
All CA Counties,2021-04-12,340126,23941782,174567,12286247,127388,10585204,38171,1070331,157690,5989866,181417,9585494,199398,15575360,
All CA Counties,2021-04-13,433375,24375157,242492,12528739,189925,10775129,958,1071289,242448,6046513,189874,9775368,246521,15821881,
All CA Counties,2021-04-14,453031,24828188,253958,12782697,198782,10973911,291,1071580,237077,6073800,214746,9990114,242033,16063914,
All CA Counties,2021-04-15,493131,25321319,287190,13069887,205654,11179565,287,1071867,276964,6139386,214705,10204819,280291,16344205,
All CA Counties,2021-04-16,475994,25797313,267866,13337753,207819,11387384,309,1072176,254269,6176265,220486,10425305,257365,16601570,
All CA Counties,2021-04-17,341611,26138924,191309,13529062,150238,11537622,64,1072240,194137,6227114,146631,10571936,197480,16799050,
All CA Counties,2021-04-18,154527,26293451,98139,13627201,56370,11593992,18,1072258,79449,6235009,74664,10646600,82559,16881609,
All CA Counties,2021-04-19,317355,26610806,183170,13810371,134093,11728085,92,1072350,150038,6220624,166404,10813004,152019,17033628,
All CA Counties,2021-04-20,406523,27017329,216335,14026706,190117,11918202,71,1072421,202476,6223272,202991,11015995,205639,17239267,
All CA Counties,2021-04-21,419901,27437230,237930,14264636,181707,12099909,264,1072685,201808,6211805,216668,11232663,205201,17444468,
All CA Counties,2021-04-22,446234,27883464,254234,14518870,191925,12291834,75,1072760,199177,6168592,245662,11478325,202449,17646917,
All CA Counties,2021-04-23,437597,28321061,249179,14768049,188330,12480164,88,1072848,198051,6131923,238129,11716454,201460,17848377,
All CA Counties,2021-04-24,325188,28646249,204854,14972903,120159,12600323,175,1073023,165242,6141647,158955,11875409,168679,18017056,
All CA Counties,2021-04-25,149684,28795933,98682,15071585,50934,12651257,68,1073091,80486,6154957,68684,11944093,81994,18099050,
All CA Counties,2021-04-26,299813,29095746,173263,15244848,125026,12776283,1524,1074615,131277,6124819,167533,12111626,137395,18236445,
All CA Counties,2021-04-27,367102,29462848,202671,15447519,157845,12934128,6586,1081201,147827,6064368,218114,12329740,157663,18394108,
All CA Counties,2021-04-28,352136,29814984,201564,15649083,142665,13076793,7907,1089108,145338,6014244,205693,12535433,155569,18549677,
All CA Counties,2021-04-29,360242,30175226,207456,15856539,144901,13221694,7885,1096993,131763,5928448,227289,12762722,141493,18691170,
All CA Counties,2021-04-30,372635,30547861,213795,16070334,149951,13371645,8889,1105882,140920,5849774,230424,12993146,151750,18842920,
All CA Counties,2021-05-01,247494,30795355,158262,16228596,83175,13454820,6057,1111939,89778,5790958,156869,13150015,98053,18940973,
All CA Counties,2021-05-02,116816,30912171,81643,16310239,31300,13486120,3873,1115812,40896,5760577,75523,13225538,45142,18986115,
All CA Counties,2021-05-03,252136,31164307,155106,16465345,88346,13574466,8684,1124496,76667,5672158,174625,13400163,86206,19072321,
All CA Counties,2021-05-04,325262,31489569,198202,16663547,117320,13691786,9740,1134236,96155,5551182,228028,13628191,107052,19179373,
All CA Counties,2021-05-05,329309,31818878,204636,16868183,114673,13806459,10000,1144236,92990,5420050,235102,13863293,103970,19283343,
All CA Counties,2021-05-06,348147,32167025,227081,17095264,110535,13916994,10531,1154767,88467,5263515,258031,14121324,101496,19384839,
All CA Counties,2021-05-07,345787,32512812,216905,17312169,119056,14036050,9826,1164593,94012,5118164,250411,14371735,105060,19489899,
All CA Counties,2021-05-08,224464,32737276,142285,17454454,75337,14111387,6842,1171435,61795,5026506,161752,14533487,70094,19559993,
All CA Counties,2021-05-09,93272,32830548,70305,17524759,20000,14131387,2967,1174402,25464,4987896,67483,14600970,28873,19588866,
All CA Counties,2021-05-10,201556,33032104,114845,17639604,78905,14210292,7806,1182208,50426,4897086,150333,14751303,59523,19648389,
All CA Counties,2021-05-11,264877,33296981,148519,17788123,107789,14318081,8569,1190777,70422,4784314,193526,14944829,80754,19729143,
All CA Counties,2021-05-12,265151,33562132,153754,17941877,102352,14420433,9045,1199822,75251,4680947,188873,15133702,85506,19814649,
All CA Counties,2021-05-13,308706,33870838,199188,18141065,102212,14522645,7306,1207128,117957,4619290,189640,15323342,127983,19942632,
All CA Counties,2021-05-14,332548,34203386,212608,18353673,111177,14633822,8763,1215891,131380,4561539,199993,15523335,142242,20084874,
All CA Counties,2021-05-15,274566,34477952,191991,18545664,76633,14710455,5942,1221833,112856,4520425,160862,15684197,119748,20204622,
All CA Counties,2021-05-16,136020,34613972,104382,18650046,28723,14739178,2915,1224748,55125,4498403,80460,15764657,58438,20263060,
All CA Counties,2021-05-17,237490,34851462,156498,18806544,73658,14812836,7334,1232082,95634,4461247,140987,15905644,103831,20366891,
All CA Counties,2021-05-18,278633,35130095,169879,18976423,101417,14914253,7337,1239419,110286,4413043,167238,16072882,119034,20485925,
All CA Counties,2021-05-19,272974,35403069,170712,19147135,94766,15009019,7496,1246915,114795,4379289,157158,16230040,123404,20609329,
All CA Counties,2021-05-20,260179,35663248,155473,19302608,96615,15105634,8091,1255006,101593,4333239,157469,16387509,111419,20720748,
All CA Counties,2021-05-21,279951,35943199,172436,19475044,99585,15205219,7930,1262936,108620,4281099,170115,16557624,117975,20838723,
All CA Counties,2021-05-22,201444,36144643,133355,19608399,62005,15267224,6084,1269020,85678,4259239,114989,16672613,93129,20931852,
All CA Counties,2021-05-23,85938,36230581,59743,19668142,23515,15290739,2680,1271700,37545,4251983,47996,16720609,40740,20972592,
All CA Counties,2021-05-24,166178,36396759,96509,19764651,61420,15352159,8249,1279949,62888,4221454,102497,16823106,71968,21044560,
All CA Counties,2021-05-25,188083,36584842,110730,19875381,69411,15421570,7942,1287891,72324,4188071,114773,16937879,81390,21125950,
All CA Counties,2021-05-26,182582,36767424,105088,19980469,69716,15491286,7778,1295669,72193,4159586,109332,17047211,80847,21206797,
All CA Counties,2021-05-27,170693,36938117,97599,20078068,64621,15555907,8473,1304142,69963,4139282,99921,17147132,79617,21286414,
All CA Counties,2021-05-28,186581,37124698,107993,20186061,71575,15627482,7013,1311155,81523,4124956,104159,17251291,89833,21376247,
All CA Counties,2021-05-29,105726,37230424,65011,20251072,36953,15664435,3762,1314917,50653,4125405,54557,17305848,55006,21431253,
All CA Counties,2021-05-30,46750,37277174,30888,20281960,13419,15677854,2443,1317360,21054,4123704,25473,17331321,23772,21455025,
All CA Counties,2021-05-31,19762,37296936,11684,20293644,7102,15684956,976,1318336,6554,4118295,13073,17344394,7664,21462689,
All CA Counties,2021-06-01,166772,37463708,97586,20391230,62207,15747163,6979,1325315,62174,4084820,103661,17448055,70186,21532875,
All CA Counties,2021-06-02,141187,37604895,83619,20474849,50517,15797680,7051,1332366,54807,4061965,85508,17533563,62653,21595528,
All CA Counties,2021-06-03,169314,37774209,115996,20590845,46358,15844038,6960,1339326,53765,4009070,114750,17648313,61855,21657383,
All CA Counties,2021-06-04,196941,37971150,139085,20729930,51785,15895823,6071,1345397,61728,3944648,134217,17782530,69795,21727178,
All CA Counties,2021-06-05,154844,38125994,117418,20847348,32386,15928209,5040,1350437,44903,3886479,109184,17891714,51015,21778193,
All CA Counties,2021-06-06,62783,38188777,52907,20900255,7703,15935912,2173,1352610,18386,3863824,44113,17935827,21458,21799651,
All CA Counties,2021-06-07,134776,38323553,99084,20999339,29888,15965800,5804,1358414,40756,3817797,93437,18029264,47410,21847061,
All CA Counties,2021-06-08,155774,38479327,113271,21112610,35837,16001637,6666,1365080,47416,3765612,107501,18136765,55316,21902377,
All CA Counties,2021-06-09,145862,38625189,106005,21218615,33374,16035011,6483,1371563,40469,3708737,104630,18241395,47755,21950132,
All CA Counties,2021-06-10,139725,38764914,100591,21319206,32147,16067158,6987,1378550,41275,3660187,97762,18339157,49212,21999344,
All CA Counties,2021-06-11,137146,38902060,93251,21412457,37703,16104861,6192,1384742,41673,3614001,94686,18433843,48500,22047844,
All CA Counties,2021-06-12,107847,39009907,81719,21494176,22640,16127501,3488,1388230,30225,3571181,77119,18510962,34299,22082143,
All CA Counties,2021-06-13,40027,39049934,29779,21523955,8527,16136028,1721,1389951,10134,3553707,29670,18540632,12196,22094339,
All CA Counties,2021-06-14,52692,39102626,36478,21560433,12261,16148289,3953,1393904,15268,3536012,37138,18577770,19443,22113782,
All CA and Non-CA Counties,2020-12-15,1156,1156,1156,1156,0,0,0,0,1156,1156,0,0,1156,1156,
All CA and Non-CA Counties,2020-12-16,8714,9870,8714,9870,0,0,0,0,8714,9870,0,0,8714,9870,
All CA and Non-CA Counties,2020-12-17,28020,37890,28020,37890,0,0,0,0,28020,37890,0,0,28020,37890,
All CA and Non-CA Counties,2020-12-18,47468,85358,47381,85271,87,87,0,0,47442,85306,26,26,47442,85332,
All CA and Non-CA Counties,2020-12-19,26356,111714,26330,111601,26,113,0,0,26355,111660,1,27,26355,111687,
All CA and Non-CA Counties,2020-12-20,19687,131401,19657,131258,30,143,0,0,19685,131343,2,29,19685,131372,
All CA and Non-CA Counties,2020-12-21,51917,183318,51813,183071,104,247,0,0,51905,183237,12,41,51906,183278,
All CA and Non-CA Counties,2020-12-22,52114,235432,49903,232974,2211,2458,0,0,52106,235339,4,45,52106,235384,
All CA and Non-CA Counties,2020-12-23,52119,287551,43176,276150,8943,11401,0,0,52108,287441,9,54,52111,287495,
All CA and Non-CA Counties,2020-12-24,24872,312423,16944,293094,7928,19329,0,0,24864,312301,6,60,24866,312361,
All CA and Non-CA Counties,2020-12-25,2377,314800,2048,295142,329,19658,0,0,2377,314678,0,60,2377,314738,
All CA and Non-CA Counties,2020-12-26,14893,329693,9641,304783,5252,24910,0,0,14891,329567,2,62,14891,329629,
All CA and Non-CA Counties,2020-12-27,9631,339324,5664,310447,3967,28877,0,0,9628,339192,3,65,9628,339257,
All CA and Non-CA Counties,2020-12-28,47437,386761,30374,340821,17063,45940,0,0,47430,386615,7,72,47430,386687,
All CA and Non-CA Counties,2020-12-29,52785,439546,29585,370406,23200,69140,0,0,52778,439388,5,77,52778,439465,
All CA and Non-CA Counties,2020-12-30,64994,504540,36886,407292,28108,97248,0,0,64981,504361,11,88,64984,504449,
All CA and Non-CA Counties,2020-12-31,30626,535166,11513,418805,19113,116361,0,0,30602,534944,20,108,30603,535052,
All CA and Non-CA Counties,2021-01-01,4512,539678,2009,420814,2503,118864,0,0,4504,539441,7,115,4504,539556,
All CA and Non-CA Counties,2021-01-02,18745,558423,10367,431181,8378,127242,0,0,18743,558183,1,116,18743,558299,
All CA and Non-CA Counties,2021-01-03,6362,564785,3591,434772,2771,130013,0,0,6327,564497,13,129,6327,564626,
All CA and Non-CA Counties,2021-01-04,44752,609537,22584,457356,22168,152181,0,0,44666,609119,44,173,44666,609292,
All CA and Non-CA Counties,2021-01-05,58266,667803,30688,488044,27578,179759,0,0,52499,655946,5705,5878,52532,661824,
All CA and Non-CA Counties,2021-01-06,76189,743992,42158,530202,34031,213790,0,0,59837,699652,16162,22040,59868,721692,
All CA and Non-CA Counties,2021-01-07,96391,840383,55026,585228,41365,255155,0,0,63620,730740,32588,54628,63676,785368,
All CA and Non-CA Counties,2021-01-08,111405,951788,67132,652360,44273,299428,0,0,67777,755155,43428,98056,67843,853211,
All CA and Non-CA Counties,2021-01-09,45749,997537,26096,678456,19653,319081,0,0,28805,767075,16914,114970,28834,882045,
All CA and Non-CA Counties,2021-01-10,24646,1022183,15055,693511,9591,328672,0,0,13278,769022,11350,126320,13297,895342,
All CA and Non-CA Counties,2021-01-11,108059,1130242,71714,765225,36345,365017,0,0,62693,786557,45234,171554,62769,958111,
All CA and Non-CA Counties,2021-01-12,117773,1248015,69688,834913,48085,413102,0,0,74887,818921,42720,214274,75084,1033195,
All CA and Non-CA Counties,2021-01-13,123177,1371192,63821,898734,59356,472458,0,0,88016,872041,35061,249335,88181,1121376,
All CA and Non-CA Counties,2021-01-14,128005,1499197,51133,949867,76872,549330,0,0,107585,959533,20293,269628,107785,1229161,
All CA and Non-CA Counties,2021-01-15,146644,1645841,53103,1002970,93541,642871,0,0,130910,1075021,15598,285226,131086,1360247,
All CA and Non-CA Counties,2021-01-16,83357,1729198,27836,1030806,55521,698392,0,0,75557,1142895,7751,292977,75625,1435872,
All CA and Non-CA Counties,2021-01-17,48800,1777998,17042,1047848,31758,730150,0,0,45081,1184316,3707,296684,45128,1481000,
All CA and Non-CA Counties,2021-01-18,89631,1867629,46923,1094771,42708,772858,0,0,69786,1234421,19766,316450,69871,1550871,
All CA and Non-CA Counties,2021-01-19,146350,2013979,75096,1169867,71254,844112,0,0,114206,1316924,32033,348483,114536,1665407,
All CA and Non-CA Counties,2021-01-20,165437,2179416,83635,1253502,81802,925914,0,0,130696,1413377,34505,382988,130958,1796365,
All CA and Non-CA Counties,2021-01-21,178588,2358004,78545,1332047,100043,1025957,0,0,158706,1552712,19624,402612,158959,1955324,
All CA and Non-CA Counties,2021-01-22,174685,2532689,70508,1402555,104177,1130134,0,0,159904,1698123,14636,417248,160047,2115371,
All CA and Non-CA Counties,2021-01-23,113843,2646532,49883,1452438,63960,1194094,0,0,101113,1786668,12671,429919,101216,2216587,
All CA and Non-CA Counties,2021-01-24,61573,2708105,29711,1482149,31862,1225956,0,0,56819,1838825,4722,434641,56879,2273466,
All CA and Non-CA Counties,2021-01-25,150054,2858159,67376,1549525,82678,1308634,0,0,113878,1916906,36014,470655,114095,2387561,
All CA and Non-CA Counties,2021-01-26,175330,3033489,86004,1635529,89326,1397960,0,0,136747,2015520,38398,509053,137012,2524573,
All CA and Non-CA Counties,2021-01-27,187949,3221438,90604,1726133,97345,1495305,0,0,147731,2123626,39857,548910,147963,2672536,
All CA and Non-CA Counties,2021-01-28,193788,3415226,89867,1816000,103921,1599226,0,0,158860,2248059,34598,583508,159031,2831567,
All CA and Non-CA Counties,2021-01-29,189259,3604485,91666,1907666,97593,1696819,0,0,153587,2366728,35054,618562,153723,2985290,
All CA and Non-CA Counties,2021-01-30,128303,3732788,58207,1965873,70096,1766915,0,0,112575,2463878,15558,634120,112708,3097998,
All CA and Non-CA Counties,2021-01-31,72155,3804943,41301,2007174,30854,1797769,0,0,67284,2526399,4821,638941,67342,3165340,
All CA and Non-CA Counties,2021-02-01,167384,3972327,78451,2085625,88933,1886702,0,0,125869,2611071,41332,680273,126004,3291344,
All CA and Non-CA Counties,2021-02-02,192114,4164441,80207,2165832,111907,1998609,0,0,146830,2713143,44980,725253,147052,3438396,
All CA and Non-CA Counties,2021-02-03,218269,4382710,97565,2263397,120704,2119313,0,0,162898,2821444,54842,780095,163143,3601539,
All CA and Non-CA Counties,2021-02-04,234717,4617427,101956,2365353,132761,2252074,0,0,172998,2933642,61156,841251,173354,3774893,
All CA and Non-CA Counties,2021-02-05,253074,4870501,108647,2474000,144427,2396501,0,0,173015,3028003,79183,920434,173544,3948437,
All CA and Non-CA Counties,2021-02-06,159324,5029825,77095,2551095,82229,2478730,0,0,124031,3117413,35112,955546,124522,4072959,
All CA and Non-CA Counties,2021-02-07,69130,5098955,45112,2596207,24018,2502748,0,0,52597,3154012,16452,971998,53051,4126010,
All CA and Non-CA Counties,2021-02-08,186616,5285571,92608,2688815,94008,2596756,0,0,123775,3216203,62308,1034306,124499,4250509,
All CA and Non-CA Counties,2021-02-09,215765,5501336,104175,2792990,111590,2708346,0,0,129680,3261468,85571,1119877,130836,4381345,
All CA and Non-CA Counties,2021-02-10,254340,5755676,121697,2914687,132643,2840989,0,0,141163,3291863,112283,1232160,142678,4524023,
All CA and Non-CA Counties,2021-02-11,270766,6026442,133926,3048613,136840,2977829,0,0,148634,3321615,120688,1352848,150440,4674463,
All CA and Non-CA Counties,2021-02-12,277938,6304380,121388,3170001,156550,3134379,0,0,150484,3348083,126388,1479236,152856,4827319,
All CA and Non-CA Counties,2021-02-13,169150,6473530,78058,3248059,91092,3225471,0,0,93896,3369087,74855,1554091,95859,4923178,
All CA and Non-CA Counties,2021-02-14,96669,6570199,47834,3295893,48835,3274306,0,0,52651,3379447,43836,1597927,54196,4977374,
All CA and Non-CA Counties,2021-02-15,145106,6715305,64023,3359916,81083,3355389,0,0,80032,3398032,64572,1662499,83157,5060531,
All CA and Non-CA Counties,2021-02-16,255574,6970879,121142,3481058,134432,3489821,0,0,135753,3417492,119393,1781892,138853,5199384,
All CA and Non-CA Counties,2021-02-17,265507,7236386,132259,3613317,133248,3623069,0,0,130905,3417672,133926,1915818,134106,5333490,
All CA and Non-CA Counties,2021-02-18,279963,7516349,146406,3759723,133557,3756626,0,0,134071,3411100,144843,2060661,138271,5471761,
All CA and Non-CA Counties,2021-02-19,259484,7775833,151030,3910753,108454,3865080,0,0,133176,3420650,125710,2186371,135260,5607021,
All CA and Non-CA Counties,2021-02-20,157056,7932889,101106,4011859,55950,3921030,0,0,85861,3437599,70896,2257267,87845,5694866,
All CA and Non-CA Counties,2021-02-21,85554,8018443,71061,4082920,14493,3935523,0,0,42539,3438950,42734,2300001,44085,5738951,
All CA and Non-CA Counties,2021-02-22,168415,8186858,112976,4195896,55439,3990962,0,0,84234,3441082,83830,2383831,85962,5824913,
All CA and Non-CA Counties,2021-02-23,232624,8419482,123253,4319149,109371,4100333,0,0,107934,3431042,123981,2507812,113941,5938854,
All CA and Non-CA Counties,2021-02-24,290599,8710081,147277,4466426,143322,4243655,0,0,137447,3423612,152430,2660242,145000,6083854,
All CA and Non-CA Counties,2021-02-25,329856,9039937,162899,4629325,166957,4410612,0,0,172257,3447620,156803,2817045,180811,6264665,
All CA and Non-CA Counties,2021-02-26,364230,9404167,170161,4799486,194069,4604681,0,0,202113,3495971,161044,2978089,209395,6474060,
All CA and Non-CA Counties,2021-02-27,259117,9663284,126213,4925699,132880,4737561,24,24,146042,3534068,112383,3090472,150480,6624540,
All CA and Non-CA Counties,2021-02-28,137607,9800891,82807,5008506,54788,4792349,12,36,80377,3560515,56783,3147255,83230,6707770,
All CA and Non-CA Counties,2021-03-01,249276,10050167,133507,5142013,115652,4908001,117,153,142323,3600980,105978,3253233,146443,6854213,
All CA and Non-CA Counties,2021-03-02,296397,10346564,148953,5290966,147417,5055418,27,180,176774,3665665,119004,3372237,183689,7037902,
All CA and Non-CA Counties,2021-03-03,342716,10689280,169821,5460787,172830,5228248,65,245,196123,3723320,145829,3518066,203484,7241386,
All CA and Non-CA Counties,2021-03-04,359766,11049046,181249,5642036,178417,5406665,100,345,209812,3791176,149084,3667150,216940,7458326,
All CA and Non-CA Counties,2021-03-05,345492,11394538,169948,5811984,174403,5581068,1141,1486,214462,3883956,130098,3797248,222878,7681204,
All CA and Non-CA Counties,2021-03-06,264425,11658963,135545,5947529,120865,5701933,8015,9501,163969,3960659,99993,3897241,176696,7857900,
All CA and Non-CA Counties,2021-03-07,129594,11788557,79642,6027171,45735,5747668,4217,13718,81217,4001585,48187,3945428,89113,7947013,
All CA and Non-CA Counties,2021-03-08,222559,12011116,108370,6135541,103450,5851118,10739,24457,145851,4086910,76237,4021665,161562,8108575,
All CA and Non-CA Counties,2021-03-09,296607,12307723,141986,6277527,138380,5989498,16241,40698,166619,4144393,129420,4151085,186903,8295478,
All CA and Non-CA Counties,2021-03-10,327380,12635103,163207,6440734,139206,6128704,24967,65665,177863,4202902,148487,4299572,206996,8502474,
All CA and Non-CA Counties,2021-03-11,383005,13018108,185305,6626039,163703,6292407,33997,99662,196957,4253244,184793,4484365,235135,8737609,
All CA and Non-CA Counties,2021-03-12,402077,13420185,180707,6806746,174335,6466742,47035,146697,197715,4298752,203406,4687771,248914,8986523,
All CA and Non-CA Counties,2021-03-13,287652,13707837,127142,6933888,128922,6595664,31588,178285,156004,4359366,131173,4818944,191787,9178310,
All CA and Non-CA Counties,2021-03-14,156863,13864700,84292,7018180,57132,6652796,15439,193724,79607,4379720,76958,4895902,97312,9275622,
All CA and Non-CA Counties,2021-03-15,294945,14159645,141116,7159296,132755,6785551,21074,214798,160362,4430682,133808,5029710,184770,9460392,
All CA and Non-CA Counties,2021-03-16,378033,14537678,178445,7337741,181899,6967450,17689,232487,218882,4512065,158381,5188091,239764,9700156,
All CA and Non-CA Counties,2021-03-17,392370,14930048,195323,7533064,178088,7145538,18959,251446,242697,4627536,148705,5336796,264176,9964332,
All CA and Non-CA Counties,2021-03-18,409383,15339431,210526,7743590,180275,7325813,18582,270028,242499,4724990,165715,5502511,263169,10227501,
All CA and Non-CA Counties,2021-03-19,418334,15757765,220401,7963991,175752,7501565,22181,292209,242660,4817404,174499,5677010,266913,10494414,
All CA and Non-CA Counties,2021-03-20,299783,16057548,158325,8122316,125487,7627052,15971,308180,189806,4915448,109235,5786245,207279,10701693,
All CA and Non-CA Counties,2021-03-21,145940,16203488,100875,8223191,37440,7664492,7625,315805,89951,4958845,55568,5841813,98965,10800658,
All CA and Non-CA Counties,2021-03-22,276681,16480169,161145,8384336,104208,7768700,11328,327133,179748,5056883,96072,5937885,194110,10994768,
All CA and Non-CA Counties,2021-03-23,363556,16843725,199853,8584189,152313,7921013,11390,338523,223430,5155152,139142,6077027,237411,11232179,
All CA and Non-CA Counties,2021-03-24,395132,17238857,225818,8810007,156345,8077358,12969,351492,230563,5237470,163303,6240330,245621,11477800,
All CA and Non-CA Counties,2021-03-25,426445,17665302,234266,9044273,176767,8254125,15412,366904,242773,5315536,182269,6422599,260335,11738135,
All CA and Non-CA Counties,2021-03-26,441919,18107221,236367,9280640,189267,8443392,16285,383189,239252,5372532,201380,6623979,258376,11996511,
All CA and Non-CA Counties,2021-03-27,318395,18425616,169578,9450218,136821,8580213,11996,395185,161086,5391402,156453,6780432,175323,12171834,
All CA and Non-CA Counties,2021-03-28,172566,18598182,110755,9560973,58061,8638274,3750,398935,90477,5406207,81588,6862020,96393,12268227,
All CA and Non-CA Counties,2021-03-29,315638,18913820,169440,9730413,136808,8775082,9390,408325,175584,5454430,139254,7001274,187477,12455704,
All CA and Non-CA Counties,2021-03-30,405485,19319305,205569,9935982,181123,8956205,18793,427118,228273,5526887,176381,7177655,248838,12704542,
All CA and Non-CA Counties,2021-03-31,432800,19752105,235881,10171863,174454,9130659,22465,449583,240596,5599845,191109,7368764,264067,12968609,
All CA and Non-CA Counties,2021-04-01,499908,20252013,256720,10428583,202246,9332905,40942,490525,275538,5694554,222891,7591655,317600,13286209,
All CA and Non-CA Counties,2021-04-02,482423,20734436,235612,10664195,202458,9535363,44353,534878,261817,5782999,219327,7810982,307772,13593981,
All CA and Non-CA Counties,2021-04-03,335986,21070422,171751,10835946,121618,9656981,42617,577495,167782,5826986,167518,7978500,211505,13805486,
All CA and Non-CA Counties,2021-04-04,134333,21204755,70034,10905980,45019,9702000,19280,596775,59053,5830478,74967,8053467,78459,13883945,
All CA and Non-CA Counties,2021-04-05,357552,21562307,184165,11090145,132970,9834970,40417,637192,176092,5868675,180729,8234196,218926,14102871,
All CA and Non-CA Counties,2021-04-06,464764,22027071,235793,11325938,161776,9996746,67195,704387,224821,5923601,238969,8473165,293895,14396766,
All CA and Non-CA Counties,2021-04-07,480704,22507775,249861,11575799,159164,10155910,71679,776066,233551,5983638,246160,8719325,306197,14702963,
All CA and Non-CA Counties,2021-04-08,508401,23016176,256551,11832350,165467,10321377,86383,862449,239024,6043109,268121,8987446,327592,15030555,
All CA and Non-CA Counties,2021-04-09,502453,23518629,250540,12082890,170070,10491447,81843,944292,231140,6088939,270185,9257631,316015,15346570,
All CA and Non-CA Counties,2021-04-10,373765,23892394,171107,12253997,126482,10617929,76176,1020468,156183,6107137,216808,9474439,235006,15581576,
All CA and Non-CA Counties,2021-04-11,190515,24082909,106867,12360864,48818,10666747,34830,1055298,78667,6111973,111484,9585923,116320,15697896,
All CA and Non-CA Counties,2021-04-12,344290,24427199,176898,12537762,128668,10795415,38724,1094022,159546,6130063,183716,9769639,201806,15899702,
All CA and Non-CA Counties,2021-04-13,439204,24866403,246211,12783973,192010,10987425,983,1095005,245454,6186928,192692,9962331,249557,16149259,
All CA and Non-CA Counties,2021-04-14,458402,25324805,257363,13041336,200744,11188169,295,1095300,240007,6214718,217181,10179512,244971,16394230,
All CA and Non-CA Counties,2021-04-15,499305,25824110,291083,13332419,207928,11396097,294,1095594,280291,6280844,217500,10397012,283626,16677856,
All CA and Non-CA Counties,2021-04-16,481867,26305977,271223,13603642,210328,11606425,316,1095910,257542,6318421,223075,10620087,260652,16938508,
All CA and Non-CA Counties,2021-04-17,347107,26653084,194760,13798402,152282,11758707,65,1095975,197326,6370167,148927,10769014,200673,17139181,
All CA and Non-CA Counties,2021-04-18,156645,26809729,99319,13897721,57307,11816014,19,1095994,80456,6377966,75770,10844784,83569,17222750,
All CA and Non-CA Counties,2021-04-19,321504,27131233,185173,14082894,136238,11952252,93,1096087,152173,6363717,168407,11013191,154158,17376908,
All CA and Non-CA Counties,2021-04-20,411904,27543137,218777,14301671,193056,12145308,71,1096158,204674,6365388,206166,11219357,207837,17584745,
All CA and Non-CA Counties,2021-04-21,426293,27969430,240599,14542270,185426,12330734,268,1096426,204091,6352120,220757,11440114,207489,17792234,
All CA and Non-CA Counties,2021-04-22,453001,28422431,257676,14799946,195246,12525980,79,1096505,201655,6307115,249938,11690052,204933,17997167,
All CA and Non-CA Counties,2021-04-23,443475,28865906,252170,15052116,191216,12717196,89,1096594,200483,6269450,241560,11931612,203895,18201062,
All CA and Non-CA Counties,2021-04-24,329839,29195745,207901,15260017,121758,12838954,180,1096774,167107,6278264,161738,12093350,170552,18371614,
All CA and Non-CA Counties,2021-04-25,151910,29347655,99936,15359953,51905,12890859,69,1096843,81664,6291711,69729,12163079,83176,18454790,
All CA and Non-CA Counties,2021-04-26,303952,29651607,175084,15535037,127316,13018175,1552,1098395,133151,6261220,169788,12332867,139297,18594087,
All CA and Non-CA Counties,2021-04-27,372789,30024396,204784,15739821,161049,13179224,6956,1105351,149815,6199444,221805,12554672,160029,18754116,
All CA and Non-CA Counties,2021-04-28,356996,30381392,203637,15943458,145055,13324279,8304,1113655,147256,6148698,208625,12763297,157879,18911995,
All CA and Non-CA Counties,2021-04-29,365086,30746478,209690,16153148,147079,13471358,8317,1121972,133586,6062156,230290,12993587,143748,19055743,
All CA and Non-CA Counties,2021-04-30,377535,31124013,216154,16369302,152068,13623426,9313,1131285,142776,5982734,233455,13227042,154033,19209776,
All CA and Non-CA Counties,2021-05-01,250670,31374683,160105,16529407,84080,13707506,6485,1137770,91091,5923807,158721,13385763,99794,19309570,
All CA and Non-CA Counties,2021-05-02,118687,31493370,82733,16612140,31958,13739464,3996,1141766,41741,5893371,76546,13462309,46110,19355680,
All CA and Non-CA Counties,2021-05-03,255027,31748397,156676,16768816,89383,13828847,8968,1150734,77786,5804587,176392,13638701,87608,19443288,
All CA and Non-CA Counties,2021-05-04,329194,32077591,200303,16969119,118708,13947555,10183,1160917,97464,5682745,230644,13869345,108802,19552090,
All CA and Non-CA Counties,2021-05-05,333689,32411280,207063,17176182,116255,14063810,10371,1171288,94593,5550820,237872,14107217,105947,19658037,
All CA and Non-CA Counties,2021-05-06,352618,32763898,229817,17405999,111926,14175736,10875,1182163,90034,5393295,260932,14368149,103407,19761444,
All CA and Non-CA Counties,2021-05-07,350414,33114312,219558,17625557,120641,14296377,10215,1192378,95620,5246935,253417,14621566,107057,19868501,
All CA and Non-CA Counties,2021-05-08,227684,33341996,144449,17770006,76140,14372517,7095,1199473,62871,5154475,163884,14785450,71424,19939925,
All CA and Non-CA Counties,2021-05-09,94642,33436638,71210,17841216,20338,14392855,3094,1202567,26052,5115801,68260,14853710,29586,19969511,
All CA and Non-CA Counties,2021-05-10,204097,33640735,116006,17957222,79952,14472807,8139,1210706,51336,5024611,151958,15005668,60768,20030279,
All CA and Non-CA Counties,2021-05-11,267826,33908561,149913,18107135,109043,14581850,8870,1219576,71534,4911418,195362,15201030,82169,20112448,
All CA and Non-CA Counties,2021-05-12,268324,34176885,155260,18262395,103691,14685541,9373,1228949,76519,4807745,190775,15391805,87102,20199550,
All CA and Non-CA Counties,2021-05-13,311827,34488712,200979,18463374,103330,14788871,7518,1236467,119336,4745941,191379,15583184,129575,20329125,
All CA and Non-CA Counties,2021-05-14,336069,34824781,214575,18677949,112491,14901362,9003,1245470,132980,4688114,201910,15785094,144083,20473208,
All CA and Non-CA Counties,2021-05-15,277189,35101970,193524,18871473,77580,14978942,6085,1251555,113993,4646801,162344,15947438,121031,20594239,
All CA and Non-CA Counties,2021-05-16,137661,35239631,105429,18976902,29247,15008189,2985,1254540,55875,4624712,81348,16028786,59259,20653498,
All CA and Non-CA Counties,2021-05-17,240548,35480179,158115,19135017,74863,15083052,7570,1262110,96970,4587411,142704,16171490,105403,20758901,
All CA and Non-CA Counties,2021-05-18,281875,35762054,171520,19306537,102704,15185756,7651,1269761,111761,4539240,168996,16340486,120825,20879726,
All CA and Non-CA Counties,2021-05-19,276310,36038364,172400,19478937,96146,15281902,7764,1277525,116285,4505401,159001,16499487,125162,21004888,
All CA and Non-CA Counties,2021-05-20,263276,36301640,157182,19636119,97769,15379671,8325,1285850,103019,4459348,159136,16658623,113083,21117971,
All CA and Non-CA Counties,2021-05-21,283164,36584804,174234,19810353,100747,15480418,8183,1294033,110030,4407076,171910,16830533,119638,21237609,
All CA and Non-CA Counties,2021-05-22,204292,36789096,135256,19945609,62750,15543168,6286,1300319,87267,4385751,116246,16946779,94921,21332530,
All CA and Non-CA Counties,2021-05-23,87487,36876583,60756,20006365,23973,15567141,2758,1303077,38326,4378586,48765,16995544,41600,21374130,
All CA and Non-CA Counties,2021-05-24,168635,37045218,97712,20104077,62326,15629467,8597,1311674,64013,4348206,103821,17099365,73441,21447571,
All CA and Non-CA Counties,2021-05-25,190462,37235680,111834,20215911,70351,15699818,8277,1319951,73364,4314866,116103,17215468,82763,21530334,
All CA and Non-CA Counties,2021-05-26,184962,37420642,106190,20322101,70638,15770456,8134,1328085,73205,4286389,110693,17326161,82216,21612550,
All CA and Non-CA Counties,2021-05-27,172879,37593521,98701,20420802,65417,15835873,8761,1336846,70988,4266240,101078,17427239,80929,21693479,
All CA and Non-CA Counties,2021-05-28,189009,37782530,109215,20530017,72428,15908301,7366,1344212,82640,4252081,105462,17532701,91303,21784782,
All CA and Non-CA Counties,2021-05-29,107414,37889944,65873,20595890,37424,15945725,4117,1348329,51394,4252683,55500,17588201,56102,21840884,
All CA and Non-CA Counties,2021-05-30,47668,37937612,31451,20627341,13649,15959374,2568,1350897,21521,4251127,25921,17614122,24365,21865249,
All CA and Non-CA Counties,2021-05-31,20178,37957790,11867,20639208,7298,15966672,1013,1351910,6731,4245706,13300,17627422,7879,21873128,
All CA and Non-CA Counties,2021-06-01,168907,38126697,98698,20737906,62923,16029595,7286,1359196,63232,4212524,104734,17732156,71552,21944680,
All CA and Non-CA Counties,2021-06-02,143273,38269970,84695,20822601,51185,16080780,7393,1366589,55820,4189960,86572,17818728,64008,22008688,
All CA and Non-CA Counties,2021-06-03,171485,38441455,117205,20939806,47010,16127790,7270,1373859,54776,4137233,115903,17934631,63176,22071864,
All CA and Non-CA Counties,2021-06-04,199501,38640956,140524,21080330,52592,16180382,6385,1380244,62864,4072842,135635,18070266,71244,22143108,
All CA and Non-CA Counties,2021-06-05,156576,38797532,118637,21198967,32739,16213121,5200,1385444,45721,4014741,110095,18180361,51994,22195102,
All CA and Non-CA Counties,2021-06-06,63729,38861261,53616,21252583,7856,16220977,2257,1387701,18845,3992144,44598,18224959,22001,22217103,
All CA and Non-CA Counties,2021-06-07,136696,38997957,100122,21352705,30442,16251419,6132,1393833,41579,3946171,94533,18319492,48560,22265663,
All CA and Non-CA Counties,2021-06-08,157821,39155778,114459,21467164,36356,16287775,7006,1400839,48225,3893902,108733,18428225,56464,22322127,
All CA and Non-CA Counties,2021-06-09,148008,39303786,107315,21574479,33924,16321699,6769,1407608,41446,3837126,105793,18534018,49017,22371144,
All CA and Non-CA Counties,2021-06-10,141852,39445638,101873,21676352,32699,16354398,7280,1414888,42300,3788797,98860,18632878,50531,22421675,
All CA and Non-CA Counties,2021-06-11,139313,39584951,94446,21770798,38355,16392753,6512,1421400,42667,3742757,95852,18728730,49812,22471487,
All CA and Non-CA Counties,2021-06-12,109716,39694667,83102,21853900,22992,16415745,3622,1425022,31080,3699916,78130,18806860,35289,22506776,
All CA and Non-CA Counties,2021-06-13,41050,39735717,30449,21884349,8770,16424515,1831,1426853,10611,3682486,30213,18837073,12783,22519559,
All CA and Non-CA Counties,2021-06-14,53773,39789490,36812,21921161,12505,16437020,4456,1431309,15523,3664725,37961,18875034,20200,22539759,
Outside California,2020-12-15,8,8,8,8,0,0,0,0,8,8,0,0,8,8,Not in California
Outside California,2020-12-16,275,283,275,283,0,0,0,0,275,283,0,0,275,283,Not in California
Outside California,2020-12-17,1608,1891,1608,1891,0,0,0,0,1608,1891,0,0,1608,1891,Not in California
Outside California,2020-12-18,2554,4445,2547,4438,7,7,0,0,2554,4445,0,0,2554,4445,Not in California
Outside California,2020-12-19,1037,5482,1036,5474,1,8,0,0,1037,5482,0,0,1037,5482,Not in California
Outside California,2020-12-20,680,6162,677,6151,3,11,0,0,680,6162,0,0,680,6162,Not in California
Outside California,2020-12-21,2189,8351,2186,8337,3,14,0,0,2189,8351,0,0,2189,8351,Not in California
Outside California,2020-12-22,2070,10421,1995,10332,75,89,0,0,2070,10421,0,0,2070,10421,Not in California
Outside California,2020-12-23,1541,11962,1396,11728,145,234,0,0,1540,11960,1,1,1540,11961,Not in California
Outside California,2020-12-24,809,12771,617,12345,192,426,0,0,807,12766,1,2,807,12768,Not in California
Outside California,2020-12-25,35,12806,30,12375,5,431,0,0,35,12801,0,2,35,12803,Not in California
Outside California,2020-12-26,307,13113,205,12580,102,533,0,0,307,13108,0,2,307,13110,Not in California
Outside California,2020-12-27,189,13302,72,12652,117,650,0,0,189,13297,0,2,189,13299,Not in California
Outside California,2020-12-28,1412,14714,899,13551,513,1163,0,0,1412,14709,0,2,1412,14711,Not in California
Outside California,2020-12-29,1544,16258,1023,14574,521,1684,0,0,1544,16253,0,2,1544,16255,Not in California
Outside California,2020-12-30,1883,18141,1228,15802,655,2339,0,0,1883,18136,0,2,1883,18138,Not in California
Outside California,2020-12-31,1105,19246,603,16405,502,2841,0,0,1104,19239,1,3,1104,19242,Not in California
Outside California,2021-01-01,114,19360,26,16431,88,2929,0,0,114,19353,0,3,114,19356,Not in California
Outside California,2021-01-02,244,19604,135,16566,109,3038,0,0,243,19595,1,4,243,19599,Not in California
Outside California,2021-01-03,172,19776,91,16657,81,3119,0,0,172,19767,0,4,172,19771,Not in California
Outside California,2021-01-04,1149,20925,509,17166,640,3759,0,0,1144,20910,1,5,1144,20915,Not in California
Outside California,2021-01-05,1554,22479,825,17991,729,4488,0,0,1360,22079,192,197,1361,22276,Not in California
Outside California,2021-01-06,2691,25170,1593,19584,1098,5586,0,0,1951,23294,736,933,1951,24227,Not in California
Outside California,2021-01-07,4149,29319,2536,22120,1613,7199,0,0,2491,24132,1656,2589,2494,26721,Not in California
Outside California,2021-01-08,4496,33815,2914,25034,1582,8781,0,0,2611,24873,1875,4464,2616,29337,Not in California
Outside California,2021-01-09,1303,35118,532,25566,771,9552,0,0,975,25523,327,4791,977,30314,Not in California
Outside California,2021-01-10,301,35419,184,25750,117,9669,0,0,178,25578,123,4914,178,30492,Not in California
Outside California,2021-01-11,3287,38706,2011,27761,1276,10945,0,0,1947,26187,1340,6254,1949,32441,Not in California
Outside California,2021-01-12,3846,42552,2306,30067,1540,12485,0,0,2299,26949,1542,7796,2304,34745,Not in California
Outside California,2021-01-13,3674,46226,1814,31881,1860,14345,0,0,2481,28239,1193,8989,2483,37228,Not in California
Outside California,2021-01-14,3710,49936,1284,33165,2426,16771,0,0,3061,30670,636,9625,3067,40295,Not in California
Outside California,2021-01-15,4200,54136,1010,34175,3190,19961,0,0,3719,33922,468,10093,3720,44015,Not in California
Outside California,2021-01-16,2689,56825,392,34567,2297,22258,0,0,2509,36260,171,10264,2509,46524,Not in California
Outside California,2021-01-17,506,57331,153,34720,353,22611,0,0,456,36666,50,10314,456,46980,Not in California
Outside California,2021-01-18,1209,58540,771,35491,438,23049,0,0,754,36966,454,10768,754,47734,Not in California
Outside California,2021-01-19,4113,62653,1330,36821,2783,25832,0,0,3216,39288,897,11665,3219,50953,Not in California
Outside California,2021-01-20,4423,67076,1420,38241,3003,28835,0,0,3476,41824,943,12608,3479,54432,Not in California
Outside California,2021-01-21,4219,71295,1163,39404,3056,31891,0,0,3641,44908,561,13169,3645,58077,Not in California
Outside California,2021-01-22,4590,75885,1108,40512,3482,35373,0,0,4179,48683,406,13575,4181,62258,Not in California
Outside California,2021-01-23,2221,78106,336,40848,1885,37258,0,0,2056,50574,165,13740,2056,64314,Not in California
Outside California,2021-01-24,584,78690,235,41083,349,37607,0,0,504,50999,79,13819,504,64818,Not in California
Outside California,2021-01-25,4452,83142,1920,43003,2532,40139,0,0,3585,53722,863,14682,3586,68404,Not in California
Outside California,2021-01-26,5833,88975,2786,45789,3047,43186,0,0,4976,57849,856,15538,4983,73387,Not in California
Outside California,2021-01-27,4847,93822,2511,48300,2336,45522,0,0,4214,61438,629,16167,4218,77605,Not in California
Outside California,2021-01-28,4940,98762,2591,50891,2349,47871,0,0,4403,65315,526,16693,4403,82008,Not in California
Outside California,2021-01-29,4636,103398,2827,53718,1809,49680,0,0,3831,68352,795,17488,3832,85840,Not in California
Outside California,2021-01-30,4184,107582,2183,55901,2001,51681,0,0,3952,72075,230,17718,3953,89793,Not in California
Outside California,2021-01-31,2795,110377,2393,58294,402,52083,0,0,2739,74760,55,17773,2740,92533,Not in California
Outside California,2021-02-01,5298,115675,2427,60721,2871,54954,0,0,4589,78649,700,18473,4589,97122,Not in California
Outside California,2021-02-02,6543,122218,2019,62740,4524,59478,0,0,5825,83763,711,19184,5825,102947,Not in California
Outside California,2021-02-03,7160,129378,1935,64675,5225,64703,0,0,6291,89193,862,20046,6292,109239,Not in California
Outside California,2021-02-04,6616,135994,2001,66676,4615,69318,0,0,5612,93811,995,21041,5613,114852,Not in California
Outside California,2021-02-05,6606,142600,2038,68714,4568,73886,0,0,5529,98268,1072,22113,5529,120381,Not in California
Outside California,2021-02-06,4117,146717,1857,70571,2260,76146,0,0,3656,101475,452,22565,3659,124040,Not in California
Outside California,2021-02-07,1945,148662,1557,72128,388,76534,0,0,1866,103264,79,22644,1868,125908,Not in California
Outside California,2021-02-08,4757,153419,2802,74930,1955,78489,0,0,3703,105924,1043,23687,3703,129611,Not in California
Outside California,2021-02-09,4043,157462,1696,76626,2347,80836,0,0,2745,107395,1288,24975,2759,132370,Not in California
Outside California,2021-02-10,5380,162842,1738,78364,3642,84478,0,0,2953,107970,2419,27394,2994,135364,Not in California
Outside California,2021-02-11,4623,167465,2064,80428,2559,87037,0,0,3314,110004,1298,28692,3332,138696,Not in California
Outside California,2021-02-12,5165,172630,1879,82307,3286,90323,0,0,3337,111532,1814,30506,3342,142038,Not in California
Outside California,2021-02-13,2327,174957,664,82971,1663,91986,0,0,1772,112763,553,31059,1784,143822,Not in California
Outside California,2021-02-14,1292,176249,373,83344,919,92905,0,0,1052,113581,236,31295,1054,144876,Not in California
Outside California,2021-02-15,2452,178701,1451,84795,1001,93906,0,0,1191,113527,1248,32543,1194,146070,Not in California
Outside California,2021-02-16,6220,184921,2696,87491,3524,97430,0,0,2517,112357,3691,36234,2521,148591,Not in California
Outside California,2021-02-17,5632,190553,2691,90182,2941,100371,0,0,1786,110307,3841,40075,1791,150382,Not in California
Outside California,2021-02-18,6134,196687,3414,93596,2720,103091,0,0,2028,108251,4084,44159,2028,152410,Not in California
Outside California,2021-02-19,5409,202096,3664,97260,1745,104836,0,0,2377,107604,3026,47185,2379,154789,Not in California
Outside California,2021-02-20,3073,205169,2424,99684,649,105485,0,0,1234,107004,1835,49020,1235,156024,Not in California
Outside California,2021-02-21,2477,207646,2259,101943,218,105703,0,0,829,106191,1642,50662,829,156853,Not in California
Outside California,2021-02-22,3330,210976,2389,104332,941,106644,0,0,1624,106116,1703,52365,1628,158481,Not in California
Outside California,2021-02-23,5820,216796,3216,107548,2604,109248,0,0,2323,104963,3490,55855,2337,160818,Not in California
Outside California,2021-02-24,6205,223001,3385,110933,2820,112068,0,0,2442,103653,3756,59611,2446,163264,Not in California
Outside California,2021-02-25,6694,229695,3359,114292,3335,115403,0,0,3063,103120,3600,63211,3067,166331,Not in California
Outside California,2021-02-26,6645,236340,3447,117739,3198,118601,0,0,3089,102738,3472,66683,3090,169421,Not in California
Outside California,2021-02-27,5222,241562,2526,120265,2695,121296,1,1,1873,101277,3338,70021,1877,171298,Not in California
Outside California,2021-02-28,2208,243770,1557,121822,650,121946,1,2,794,100661,1412,71433,796,172094,Not in California
Outside California,2021-03-01,4510,248280,2730,124552,1779,123725,1,3,1344,98856,3155,74588,1350,173444,Not in California
Outside California,2021-03-02,6511,254791,2314,126866,4197,127922,0,3,2051,96461,4448,79036,2053,175497,Not in California
Outside California,2021-03-03,7745,262536,2948,129814,4795,132717,2,5,2681,94097,5050,84086,2686,178183,Not in California
Outside California,2021-03-04,6649,269185,2739,132553,3904,136621,6,11,2314,92102,4317,88403,2322,180505,Not in California
Outside California,2021-03-05,5198,274383,2592,135145,2592,139213,14,25,2721,92379,2466,90869,2743,183248,Not in California
Outside California,2021-03-06,4551,278934,2087,137232,2308,141521,156,181,2328,92651,2221,93090,2493,185741,Not in California
Outside California,2021-03-07,1546,280480,986,138218,503,142024,57,238,950,93065,595,93685,1009,186750,Not in California
Outside California,2021-03-08,3081,283561,1831,140049,1016,143040,234,472,2190,94634,862,94547,2431,189181,Not in California
Outside California,2021-03-09,4649,288210,2399,142448,1956,144996,294,766,2770,95823,1875,96422,3064,192245,Not in California
Outside California,2021-03-10,4322,292532,2079,144527,1752,146748,491,1257,2693,97395,1619,98041,3191,195436,Not in California
Outside California,2021-03-11,6083,298615,3111,147638,2313,149061,659,1916,3292,98562,2785,100826,3952,199388,Not in California
Outside California,2021-03-12,6397,305012,3853,151491,1830,150891,714,2630,3554,99997,2834,103660,4269,203657,Not in California
Outside California,2021-03-13,3730,308742,2170,153661,1110,152001,450,3080,2555,101839,1167,104827,3009,206666,Not in California
Outside California,2021-03-14,1766,310508,916,154577,517,152518,333,3413,962,102331,804,105631,1296,207962,Not in California
Outside California,2021-03-15,4006,314514,2111,156688,1434,153952,461,3874,2142,103080,1858,107489,2607,210569,Not in California
Outside California,2021-03-16,7479,321993,4360,161048,2733,156685,386,4260,4165,104316,3311,110800,4547,215116,Not in California
Outside California,2021-03-17,8382,330375,5443,166491,2564,159249,375,4635,5041,106396,3337,114137,5417,220533,Not in California
Outside California,2021-03-18,8282,338657,5121,171612,2621,161870,540,5175,4792,108247,3481,117618,5332,225865,Not in California
Outside California,2021-03-19,7293,345950,4329,175941,2420,164290,544,5719,4364,110236,2923,120541,4912,230777,Not in California
Outside California,2021-03-20,4723,350673,3121,179062,1514,165804,88,5807,3614,112843,1096,121637,3703,234480,Not in California
Outside California,2021-03-21,2076,352749,1429,180491,559,166363,88,5895,1660,114177,414,122051,1748,236228,Not in California
Outside California,2021-03-22,3251,356000,1963,182454,1199,167562,89,5984,2230,115481,1014,123065,2318,238546,Not in California
Outside California,2021-03-23,6051,362051,3083,185537,2664,170226,304,6288,4104,117956,1933,124998,4408,242954,Not in California
Outside California,2021-03-24,7302,369353,3737,189274,3120,173346,445,6733,5037,121178,2258,127256,5480,248434,Not in California
Outside California,2021-03-25,8248,377601,3824,193098,3899,177245,525,7258,5998,125463,2238,129494,6523,254957,Not in California
Outside California,2021-03-26,6641,384242,3502,196600,2963,180208,176,7434,4382,127786,2234,131728,4557,259514,Not in California
Outside California,2021-03-27,5516,389758,3091,199691,2211,182419,214,7648,3461,129413,2046,133774,3673,263187,Not in California
Outside California,2021-03-28,3077,392835,1649,201340,1266,183685,162,7810,1986,130477,1083,134857,2147,265334,Not in California
Outside California,2021-03-29,5167,398002,2294,203634,2529,186214,344,8154,2954,131567,2208,137065,3298,268632,Not in California
Outside California,2021-03-30,6864,404866,3617,207251,2684,188898,563,8717,4056,133396,2797,139862,4626,273258,Not in California
Outside California,2021-03-31,6317,411183,3765,211016,1774,190672,778,9495,3345,134550,2966,142828,4120,277378,Not in California
Outside California,2021-04-01,7502,418685,4486,215502,2369,193041,647,10142,4332,136358,3162,145990,4970,282348,Not in California
Outside California,2021-04-02,8434,427119,4484,219986,2809,195850,1141,11283,4357,137786,4068,150058,5496,287844,Not in California
Outside California,2021-04-03,6233,433352,3726,223712,1349,197199,1158,12441,3310,139340,2913,152971,4467,292311,Not in California
Outside California,2021-04-04,1772,435124,871,224583,666,197865,235,12676,969,139740,802,153773,1202,293513,Not in California
Outside California,2021-04-05,4128,439252,1997,226580,1464,199329,667,13343,1968,140218,2155,155928,2633,296146,Not in California
Outside California,2021-04-06,7172,446424,3867,230447,1668,200997,1637,14980,2886,140467,4270,160198,4519,300665,Not in California
Outside California,2021-04-07,8191,454615,4599,235046,1898,202895,1694,16674,3176,140320,5007,165205,4860,305525,Not in California
Outside California,2021-04-08,8226,462841,4319,239365,1972,204867,1935,18609,3268,140564,4946,170151,5190,310715,Not in California
Outside California,2021-04-09,7541,470382,3854,243219,1727,206594,1960,20569,2884,140761,4644,174795,4841,315556,Not in California
Outside California,2021-04-10,6071,476453,2967,246186,1246,207840,1858,22427,1656,139865,4407,179202,3511,319067,Not in California
Outside California,2021-04-11,2840,479293,1551,247737,650,208490,639,23066,956,139579,1881,181083,1595,320662,Not in California
Outside California,2021-04-12,4141,483434,2321,250058,1268,209758,552,23618,1844,139687,2287,183370,2395,323057,Not in California
Outside California,2021-04-13,5801,489235,3706,253764,2070,211828,25,23643,2994,139909,2802,186172,3024,326081,Not in California
Outside California,2021-04-14,5350,494585,3401,257165,1945,213773,4,23647,2925,140423,2419,188591,2933,329014,Not in California
Outside California,2021-04-15,6148,500733,3881,261046,2261,216034,6,23653,3316,140967,2780,191371,3324,332338,Not in California
Outside California,2021-04-16,5859,506592,3349,264395,2503,218537,7,23660,3267,141666,2582,193953,3281,335619,Not in California
Outside California,2021-04-17,5482,512074,3441,267836,2040,220577,1,23661,3185,142567,2287,196240,3188,338807,Not in California
Outside California,2021-04-18,2105,514179,1175,269011,929,221506,1,23662,1001,142473,1098,197338,1004,339811,Not in California
Outside California,2021-04-19,4131,518310,1996,271007,2134,223640,1,23663,2128,142612,1993,199331,2132,341943,Not in California
Outside California,2021-04-20,5365,523675,2434,273441,2931,226571,0,23663,2196,141647,3161,202492,2196,344139,Not in California
Outside California,2021-04-21,6365,530040,2659,276100,3702,230273,4,23667,2273,139854,4071,206563,2278,346417,Not in California
Outside California,2021-04-22,6753,536793,3435,279535,3314,233587,4,23671,2473,138067,4266,210829,2479,348896,Not in California
Outside California,2021-04-23,5852,542645,2979,282514,2872,236459,1,23672,2416,137066,3420,214249,2419,351315,Not in California
Outside California,2021-04-24,4625,547270,3029,285543,1591,238050,5,23677,1848,136150,2772,217021,1856,353171,Not in California
Outside California,2021-04-25,2210,549480,1247,286790,962,239012,1,23678,1170,136288,1036,218057,1174,354345,Not in California
Outside California,2021-04-26,4122,553602,1813,288603,2281,241293,28,23706,1868,135939,2245,220302,1896,356241,Not in California
Outside California,2021-04-27,5662,559264,2100,290703,3193,244486,369,24075,1978,134619,3675,223977,2355,358596,Not in California
Outside California,2021-04-28,4837,564101,2056,292759,2386,246872,395,24470,1909,134002,2916,226893,2299,360895,Not in California
Outside California,2021-04-29,4817,568918,2215,294974,2170,249042,432,24902,1811,133259,2986,229879,2243,363138,Not in California
Outside California,2021-04-30,4878,573796,2350,297324,2108,251150,420,25322,1844,132506,3020,232899,2267,365405,Not in California
Outside California,2021-05-01,3151,576947,1823,299147,900,252050,428,25750,1300,132393,1841,234740,1728,367133,Not in California
Outside California,2021-05-02,1860,578807,1085,300232,652,252702,123,25873,842,132342,1016,235756,965,368098,Not in California
Outside California,2021-05-03,2872,581679,1558,301790,1033,253735,281,26154,1113,131982,1754,237510,1394,369492,Not in California
Outside California,2021-05-04,3915,585594,2093,303883,1383,255118,439,26593,1306,131123,2602,240112,1743,371235,Not in California
Outside California,2021-05-05,4362,589956,2422,306305,1570,256688,370,26963,1595,130332,2759,242871,1968,373203,Not in California
Outside California,2021-05-06,4444,594400,2721,309026,1386,258074,337,27300,1556,129343,2882,245753,1893,375096,Not in California
Outside California,2021-05-07,4604,599004,2640,311666,1578,259652,386,27686,1599,128336,2992,248745,1985,377081,Not in California
Outside California,2021-05-08,3209,602213,2157,313823,801,260453,251,27937,1071,127532,2127,250872,1323,378404,Not in California
Outside California,2021-05-09,1354,603567,901,314724,330,260783,123,28060,580,127464,769,251641,701,379105,Not in California
Outside California,2021-05-10,2528,606095,1156,315880,1042,261825,330,28390,906,127086,1616,253257,1238,380343,Not in California
Outside California,2021-05-11,2937,609032,1388,317268,1251,263076,298,28688,1106,126662,1830,255087,1406,381749,Not in California
Outside California,2021-05-12,3164,612196,1501,318769,1336,264412,327,29015,1261,126352,1898,256985,1588,383337,Not in California
Outside California,2021-05-13,3107,615303,1783,320552,1117,265529,207,29222,1368,126195,1732,258717,1575,384912,Not in California
Outside California,2021-05-14,3504,618807,1953,322505,1312,266841,239,29461,1586,126111,1911,260628,1827,386739,Not in California
Outside California,2021-05-15,2610,621417,1522,324027,945,267786,143,29604,1128,125908,1477,262105,1274,388013,Not in California
Outside California,2021-05-16,1622,623039,1034,325061,519,268305,69,29673,738,125835,881,262986,808,388821,Not in California
Outside California,2021-05-17,3039,626078,1603,326664,1202,269507,234,29907,1326,125686,1709,264695,1560,390381,Not in California
Outside California,2021-05-18,3216,629294,1624,328288,1280,270787,312,30219,1457,125709,1748,266443,1771,392152,Not in California
Outside California,2021-05-19,3307,632601,1666,329954,1374,272161,267,30486,1472,125620,1828,268271,1739,393891,Not in California
Outside California,2021-05-20,3081,635682,1696,331650,1152,273313,233,30719,1414,125611,1660,269931,1651,395542,Not in California
Outside California,2021-05-21,3192,638874,1788,333438,1155,274468,249,30968,1399,125477,1782,271713,1648,397190,Not in California
Outside California,2021-05-22,2825,641699,1882,335320,742,275210,201,31169,1574,126008,1245,272958,1776,398966,Not in California
Outside California,2021-05-23,1540,643239,1007,336327,455,275665,78,31247,773,126094,766,273724,852,399818,Not in California
Outside California,2021-05-24,2449,645688,1198,337525,904,276569,347,31594,1121,126242,1320,275044,1468,401286,Not in California
Outside California,2021-05-25,2362,648050,1098,338623,935,277504,329,31923,1032,126280,1321,276365,1359,402645,Not in California
Outside California,2021-05-26,2372,650422,1097,339720,920,278424,355,32278,1008,126287,1357,277722,1364,404009,Not in California
Outside California,2021-05-27,2168,652590,1090,340810,792,279216,286,32564,1019,126445,1146,278868,1304,405313,Not in California
Outside California,2021-05-28,2405,654995,1209,342019,848,280064,348,32912,1104,126604,1293,280161,1452,406765,Not in California
Outside California,2021-05-29,1678,656673,852,342871,471,280535,355,33267,734,126753,940,281101,1089,407854,Not in California
Outside California,2021-05-30,912,657585,559,343430,229,280764,124,33391,464,126897,445,281546,589,408443,Not in California
Outside California,2021-05-31,415,658000,182,343612,196,280960,37,33428,177,126886,226,281772,215,408658,Not in California
Outside California,2021-06-01,2112,660112,1101,344713,710,281670,301,33729,1046,127172,1062,282834,1348,410006,Not in California
Outside California,2021-06-02,2079,662191,1073,345786,664,282334,342,34071,1010,127464,1060,283894,1352,411358,Not in California
Outside California,2021-06-03,2153,664344,1191,346977,652,282986,310,34381,1002,127632,1144,285038,1312,412670,Not in California
Outside California,2021-06-04,2537,666881,1425,348402,798,283784,314,34695,1123,127660,1408,286446,1436,414106,Not in California
Outside California,2021-06-05,1720,668601,1212,349614,349,284133,159,34854,812,127727,905,287351,972,415078,Not in California
Outside California,2021-06-06,923,669524,694,350308,148,284281,81,34935,451,127789,470,287821,532,415610,Not in California
Outside California,2021-06-07,1903,671427,1031,351339,546,284827,326,35261,815,127842,1087,288908,1140,416750,Not in California
Outside California,2021-06-08,2032,673459,1178,352517,516,285343,338,35599,806,127764,1221,290129,1143,417893,Not in California
Outside California,2021-06-09,1956,675415,1174,353691,499,285842,283,35882,810,127716,1140,291269,1092,418985,Not in California
Outside California,2021-06-10,1887,677302,1101,354792,499,286341,287,36169,809,127739,1074,292343,1097,420082,Not in California
Outside California,2021-06-11,2000,679302,1090,355882,593,286934,317,36486,838,127736,1156,293499,1153,421235,Not in California
Outside California,2021-06-12,1628,680930,1199,357081,301,287235,128,36614,640,127519,986,294485,769,422004,Not in California
Outside California,2021-06-13,933,681863,629,357710,201,287436,103,36717,407,127506,523,295008,510,422514,Not in California
Outside California,2021-06-14,1079,682942,334,358044,242,287678,503,37220,253,127438,823,295831,755,423269,Not in California
Unknown,2020-12-17,2,2,2,2,0,0,0,0,0,0,0,0,0,0,Not in California
Unknown,2020-12-18,1,3,1,3,0,0,0,0,0,0,0,0,0,0,Not in California
Unknown,2020-12-21,4,7,4,7,0,0,0,0,0,0,0,0,0,0,Not in California
Unknown,2020-12-28,1,8,1,8,0,0,0,0,1,1,0,0,1,1,Not in California
Unknown,2020-12-29,1,9,1,9,0,0,0,0,1,2,0,0,1,2,Not in California
Unknown,2020-12-30,54,63,54,63,0,0,0,0,54,56,0,0,54,56,Not in California
Unknown,2020-12-31,1,64,0,63,1,1,0,0,0,56,0,0,0,56,Not in California
Unknown,2021-01-02,1,65,0,63,1,2,0,0,1,57,0,0,1,57,Not in California
Unknown,2021-01-04,1,66,1,64,0,2,0,0,1,58,0,0,1,58,Not in California
Unknown,2021-01-06,4,70,2,66,2,4,0,0,4,62,0,0,4,62,Not in California
Unknown,2021-01-07,67,137,67,133,0,4,0,0,67,129,0,0,67,129,Not in California
Unknown,2021-01-09,1,138,1,134,0,4,0,0,2,131,0,0,2,131,Not in California
Unknown,2021-01-11,20,158,20,154,0,4,0,0,19,150,0,0,19,150,Not in California
Unknown,2021-01-12,9,167,8,162,1,5,0,0,7,157,1,1,8,158,Not in California
Unknown,2021-01-13,3,170,3,165,0,5,0,0,4,161,0,1,4,162,Not in California
Unknown,2021-01-14,3,173,3,168,0,5,0,0,3,164,0,1,3,165,Not in California
Unknown,2021-01-15,6,179,5,173,1,6,0,0,6,170,0,1,6,171,Not in California
Unknown,2021-01-16,6,185,6,179,0,6,0,0,6,176,0,1,6,177,Not in California
Unknown,2021-01-17,2,187,2,181,0,6,0,0,2,178,0,1,2,179,Not in California
Unknown,2021-01-18,21,208,21,202,0,6,0,0,21,199,0,1,21,200,Not in California
Unknown,2021-01-19,9,217,9,211,0,6,0,0,8,207,0,1,8,208,Not in California
Unknown,2021-01-20,64,281,64,275,0,6,0,0,13,168,52,53,13,221,Not in California
Unknown,2021-01-21,29,310,27,302,2,8,0,0,30,197,1,54,30,251,Not in California
Unknown,2021-01-22,16,326,11,313,5,13,0,0,16,213,0,54,16,267,Not in California
Unknown,2021-01-23,10,336,4,317,6,19,0,0,10,223,0,54,10,277,Not in California
Unknown,2021-01-24,2,338,2,319,0,19,0,0,3,226,0,54,3,280,Not in California
Unknown,2021-01-25,8,346,6,325,2,21,0,0,6,230,2,56,6,286,Not in California
Unknown,2021-01-26,32,378,32,357,0,21,0,0,35,265,0,56,35,321,Not in California
Unknown,2021-01-27,10,388,10,367,0,21,0,0,9,273,1,57,9,330,Not in California
Unknown,2021-01-28,95,483,93,460,2,23,0,0,39,253,59,116,39,369,Not in California
Unknown,2021-01-29,116,599,116,576,0,23,0,0,120,372,1,117,120,489,Not in California
Unknown,2021-01-30,8,607,6,582,2,25,0,0,11,382,1,118,11,500,Not in California
Unknown,2021-01-31,5,612,5,587,0,25,0,0,6,388,0,118,6,506,Not in California
Unknown,2021-02-01,35,647,33,620,2,27,0,0,19,389,18,136,19,525,Not in California
Unknown,2021-02-02,28,675,27,647,1,28,0,0,24,409,4,140,24,549,Not in California
Unknown,2021-02-03,8,683,8,655,0,28,0,0,4,409,4,144,4,553,Not in California
Unknown,2021-02-04,29,712,25,680,4,32,0,0,24,428,5,149,24,577,Not in California
Unknown,2021-02-05,15,727,12,692,3,35,0,0,12,437,3,152,12,589,Not in California
Unknown,2021-02-06,8,735,8,700,0,35,0,0,3,434,6,158,3,592,Not in California
Unknown,2021-02-07,3,738,3,703,0,35,0,0,3,437,0,158,3,595,Not in California
Unknown,2021-02-08,19,757,18,721,1,36,0,0,5,428,14,172,5,600,Not in California
Unknown,2021-02-09,7,764,7,728,0,36,0,0,2,425,5,177,2,602,Not in California
Unknown,2021-02-10,16,780,12,740,4,40,0,0,6,421,10,187,6,608,Not in California
Unknown,2021-02-11,34,814,33,773,1,41,0,0,14,414,21,208,14,622,Not in California
Unknown,2021-02-12,11,825,9,782,2,43,0,0,3,409,8,216,3,625,Not in California
Unknown,2021-02-13,6,831,1,783,5,48,0,0,5,413,1,217,5,630,Not in California
Unknown,2021-02-14,2,833,1,784,1,49,0,0,1,413,1,218,1,631,Not in California
Unknown,2021-02-15,30,863,26,810,4,53,0,0,25,435,3,221,25,656,Not in California
Unknown,2021-02-16,35,898,28,838,7,60,0,0,16,432,19,240,16,672,Not in California
Unknown,2021-02-17,5,903,3,841,2,62,0,0,2,432,2,242,2,674,Not in California
Unknown,2021-02-18,34,937,29,870,5,67,0,0,8,414,26,268,8,682,Not in California
Unknown,2021-02-19,144,1081,139,1009,5,72,0,0,36,343,107,375,36,718,Not in California
Unknown,2021-02-20,2,1083,2,1011,0,72,0,0,0,341,2,377,0,718,Not in California
Unknown,2021-02-21,4,1087,4,1015,0,72,0,0,0,337,4,381,0,718,Not in California
Unknown,2021-02-22,1,1088,1,1016,0,72,0,0,0,336,1,382,0,718,Not in California
Unknown,2021-02-23,32,1120,20,1036,12,84,0,0,10,325,21,403,10,728,Not in California
Unknown,2021-02-24,11,1131,4,1040,7,91,0,0,8,330,3,406,8,736,Not in California
Unknown,2021-02-25,38,1169,25,1065,13,104,0,0,16,323,23,429,16,752,Not in California
Unknown,2021-02-26,26,1195,13,1078,13,117,0,0,11,321,13,442,11,763,Not in California
Unknown,2021-02-27,11,1206,8,1086,3,120,0,0,7,326,2,444,7,770,Not in California
Unknown,2021-02-28,11,1217,9,1095,2,122,0,0,6,329,3,447,6,776,Not in California
Unknown,2021-03-01,19,1236,8,1103,11,133,0,0,8,327,10,457,8,784,Not in California
Unknown,2021-03-02,14,1250,5,1108,9,142,0,0,8,330,5,462,8,792,Not in California
Unknown,2021-03-03,5,1255,1,1109,4,146,0,0,4,334,0,462,4,796,Not in California
Unknown,2021-03-04,18,1273,15,1124,3,149,0,0,8,333,9,471,8,804,Not in California
Unknown,2021-03-05,14,1287,5,1129,9,158,0,0,14,344,3,474,14,818,Not in California
Unknown,2021-03-06,14,1301,8,1137,4,162,2,2,12,355,3,477,14,832,Not in California
Unknown,2021-03-08,28,1329,22,1159,5,167,1,3,7,342,21,498,8,840,Not in California
Unknown,2021-03-09,19,1348,14,1173,2,169,3,6,6,337,14,512,9,849,Not in California
Unknown,2021-03-10,6,1354,3,1176,1,170,2,8,4,340,3,515,6,855,Not in California
Unknown,2021-03-11,20,1374,4,1180,2,172,14,22,2,339,17,532,16,871,Not in California
Unknown,2021-03-12,44,1418,34,1214,5,177,5,27,7,316,35,567,12,883,Not in California
Unknown,2021-03-13,12,1430,3,1217,5,182,4,31,4,316,8,575,8,891,Not in California
Unknown,2021-03-14,4,1434,0,1217,2,184,2,33,1,316,3,578,3,894,Not in California
Unknown,2021-03-15,21,1455,6,1223,13,197,2,35,14,324,8,586,16,910,Not in California
Unknown,2021-03-16,29,1484,8,1231,17,214,4,39,17,332,13,599,21,931,Not in California
Unknown,2021-03-17,28,1512,7,1238,20,234,1,40,27,358,2,601,28,959,Not in California
Unknown,2021-03-18,24,1536,12,1250,12,246,0,40,15,365,8,609,15,974,Not in California
Unknown,2021-03-19,13,1549,7,1257,6,252,0,40,12,374,3,612,12,986,Not in California
Unknown,2021-03-20,13,1562,7,1264,6,258,0,40,4,373,5,617,4,990,Not in California
Unknown,2021-03-21,9,1571,4,1268,5,263,0,40,8,380,1,618,8,998,Not in California
Unknown,2021-03-22,24,1595,8,1276,15,278,1,41,10,382,9,627,11,1009,Not in California
Unknown,2021-03-23,18,1613,4,1280,9,287,5,46,7,384,10,637,12,1021,Not in California
Unknown,2021-03-24,16,1629,4,1284,12,299,0,46,12,392,4,641,12,1033,Not in California
Unknown,2021-03-25,21,1650,10,1294,11,310,0,46,15,402,5,646,15,1048,Not in California
Unknown,2021-03-26,22,1672,8,1302,9,319,5,51,12,410,9,655,17,1065,Not in California
Unknown,2021-03-27,22,1694,11,1313,8,327,3,54,13,414,12,667,16,1081,Not in California
Unknown,2021-03-28,11,1705,4,1317,7,334,0,54,9,421,2,669,9,1090,Not in California
Unknown,2021-03-29,20,1725,8,1325,12,346,0,54,15,432,4,673,15,1105,Not in California
Unknown,2021-03-30,19,1744,10,1335,9,355,0,54,14,440,6,679,14,1119,Not in California
Unknown,2021-03-31,23,1767,12,1347,11,366,0,54,17,450,7,686,17,1136,Not in California
Unknown,2021-04-01,14,1781,10,1357,4,370,0,54,11,459,2,688,11,1147,Not in California
Unknown,2021-04-02,32,1813,12,1369,11,381,9,63,14,464,18,706,23,1170,Not in California
Unknown,2021-04-03,16,1829,6,1375,10,391,0,63,11,467,8,714,11,1181,Not in California
Unknown,2021-04-04,11,1840,3,1378,8,399,0,63,8,473,2,716,8,1189,Not in California
Unknown,2021-04-05,20,1860,8,1386,11,410,1,64,8,471,11,727,9,1198,Not in California
Unknown,2021-04-06,15,1875,9,1395,5,415,1,65,9,474,7,734,10,1208,Not in California
Unknown,2021-04-07,28,1903,18,1413,9,424,1,66,21,489,6,740,21,1229,Not in California
Unknown,2021-04-08,25,1928,13,1426,7,431,5,71,13,494,13,753,18,1247,Not in California
Unknown,2021-04-09,18,1946,11,1437,7,438,0,71,16,507,3,756,16,1263,Not in California
Unknown,2021-04-10,7,1953,5,1442,1,439,1,72,4,508,4,760,5,1268,Not in California
Unknown,2021-04-11,7,1960,5,1447,2,441,0,72,3,508,3,763,3,1271,Not in California
Unknown,2021-04-12,23,1983,10,1457,12,453,1,73,12,509,12,775,13,1284,Not in California
Unknown,2021-04-13,28,2011,13,1470,15,468,0,73,12,505,16,791,12,1296,Not in California
Unknown,2021-04-14,21,2032,4,1474,17,485,0,73,5,494,16,807,5,1301,Not in California
Unknown,2021-04-15,26,2058,12,1486,13,498,1,74,11,490,15,822,11,1312,Not in California
Unknown,2021-04-16,14,2072,8,1494,6,504,0,74,6,489,7,829,6,1318,Not in California
Unknown,2021-04-17,14,2086,10,1504,4,508,0,74,4,485,9,838,5,1323,Not in California
Unknown,2021-04-18,13,2099,5,1509,8,516,0,74,6,483,8,846,6,1329,Not in California
Unknown,2021-04-19,18,2117,7,1516,11,527,0,74,7,480,10,856,7,1336,Not in California
Unknown,2021-04-20,16,2133,8,1524,8,535,0,74,2,468,14,870,2,1338,Not in California
Unknown,2021-04-21,27,2160,10,1534,17,552,0,74,10,460,18,888,10,1348,Not in California
Unknown,2021-04-22,14,2174,7,1541,7,559,0,74,5,455,10,898,5,1353,Not in California
Unknown,2021-04-23,26,2200,12,1553,14,573,0,74,16,460,11,909,16,1369,Not in California
Unknown,2021-04-24,26,2226,18,1571,8,581,0,74,17,466,11,920,17,1386,Not in California
Unknown,2021-04-25,16,2242,7,1578,9,590,0,74,8,465,9,929,8,1394,Not in California
Unknown,2021-04-26,17,2259,8,1586,9,599,0,74,6,461,10,939,6,1400,Not in California
Unknown,2021-04-27,25,2284,13,1599,11,610,1,75,10,456,16,955,11,1411,Not in California
Unknown,2021-04-28,23,2307,17,1616,4,614,2,77,9,451,16,971,11,1422,Not in California
Unknown,2021-04-29,27,2334,19,1635,8,622,0,77,12,448,15,986,12,1434,Not in California
Unknown,2021-04-30,22,2356,9,1644,9,631,4,81,12,453,11,997,16,1450,Not in California
Unknown,2021-05-01,25,2381,20,1664,5,636,0,81,13,455,11,1008,13,1463,Not in California
Unknown,2021-05-02,11,2392,5,1669,6,642,0,81,3,451,7,1015,3,1466,Not in California
Unknown,2021-05-03,19,2411,12,1681,4,646,3,84,6,446,13,1028,8,1474,Not in California
Unknown,2021-05-04,17,2428,8,1689,5,651,4,88,3,439,14,1042,7,1481,Not in California
Unknown,2021-05-05,18,2446,5,1694,12,663,1,89,8,437,11,1053,9,1490,Not in California
Unknown,2021-05-06,27,2473,15,1709,5,668,7,96,11,436,19,1072,18,1508,Not in California
Unknown,2021-05-07,23,2496,13,1722,7,675,3,99,9,434,14,1086,12,1520,Not in California
Unknown,2021-05-08,11,2507,7,1729,2,677,2,101,5,436,5,1091,7,1527,Not in California
Unknown,2021-05-09,16,2523,4,1733,8,685,4,105,8,440,8,1099,12,1539,Not in California
Unknown,2021-05-10,13,2536,5,1738,5,690,3,108,4,438,9,1108,7,1546,Not in California
Unknown,2021-05-11,12,2548,6,1744,3,693,3,111,6,441,6,1114,9,1555,Not in California
Unknown,2021-05-12,9,2557,5,1749,3,696,1,112,7,445,4,1118,8,1563,Not in California
Unknown,2021-05-13,14,2571,8,1757,1,697,5,117,11,455,7,1125,17,1580,Not in California
Unknown,2021-05-14,17,2588,14,1771,2,699,1,118,14,463,6,1131,14,1594,Not in California
Unknown,2021-05-15,13,2601,11,1782,2,701,0,118,9,467,5,1136,9,1603,Not in California
Unknown,2021-05-16,19,2620,13,1795,5,706,1,119,12,473,7,1143,13,1616,Not in California
Unknown,2021-05-17,19,2639,14,1809,3,709,2,121,10,477,8,1151,12,1628,Not in California
Unknown,2021-05-18,26,2665,17,1826,7,716,2,123,18,487,10,1161,20,1648,Not in California
Unknown,2021-05-19,29,2694,22,1848,6,722,1,124,18,491,15,1176,19,1667,Not in California
Unknown,2021-05-20,16,2710,13,1861,2,724,1,125,12,497,7,1183,13,1680,Not in California
Unknown,2021-05-21,21,2731,10,1871,7,731,4,129,11,499,13,1196,15,1695,Not in California
Unknown,2021-05-22,23,2754,19,1890,3,734,1,130,15,503,12,1208,16,1711,Not in California
Unknown,2021-05-23,9,2763,6,1896,3,737,0,130,8,508,3,1211,8,1719,Not in California
Unknown,2021-05-24,8,2771,5,1901,2,739,1,131,4,509,4,1215,5,1724,Not in California
Unknown,2021-05-25,17,2788,6,1907,5,744,6,137,8,514,9,1224,14,1738,Not in California
Unknown,2021-05-26,8,2796,5,1912,2,746,1,138,4,515,4,1228,5,1743,Not in California
Unknown,2021-05-27,18,2814,12,1924,4,750,2,140,6,512,11,1239,8,1751,Not in California
Unknown,2021-05-28,23,2837,13,1937,5,755,5,145,13,520,10,1249,18,1769,Not in California
Unknown,2021-05-29,10,2847,10,1947,0,755,0,145,7,524,3,1252,7,1776,Not in California
Unknown,2021-05-30,6,2853,4,1951,1,756,1,146,3,525,3,1255,4,1780,Not in California
Unknown,2021-05-31,1,2854,1,1952,0,756,0,146,0,524,1,1256,0,1780,Not in California
Unknown,2021-06-01,23,2877,11,1963,6,762,6,152,12,531,11,1267,18,1798,Not in California
Unknown,2021-06-02,7,2884,3,1966,4,766,0,152,3,530,4,1271,3,1801,Not in California
Unknown,2021-06-03,18,2902,18,1984,0,766,0,152,9,530,9,1280,9,1810,Not in California
Unknown,2021-06-04,23,2925,14,1998,9,775,0,152,13,533,10,1290,13,1823,Not in California
Unknown,2021-06-05,12,2937,7,2005,4,779,1,153,6,534,6,1296,7,1830,Not in California
Unknown,2021-06-06,23,2960,15,2020,5,784,3,156,8,530,15,1311,11,1841,Not in California
Unknown,2021-06-07,17,2977,7,2027,8,792,2,158,8,531,9,1320,10,1851,Not in California
Unknown,2021-06-08,15,2992,10,2037,3,795,2,160,3,525,11,1331,5,1856,Not in California
Unknown,2021-06-09,190,3182,136,2173,51,846,3,163,167,672,23,1354,170,2026,Not in California
Unknown,2021-06-10,240,3422,181,2354,53,899,6,169,216,870,24,1378,222,2248,Not in California
Unknown,2021-06-11,167,3589,105,2459,59,958,3,172,156,1019,10,1388,159,2407,Not in California
Unknown,2021-06-12,241,3830,184,2643,51,1009,6,178,215,1215,25,1413,221,2628,Not in California
Unknown,2021-06-13,90,3920,41,2684,42,1051,7,185,70,1272,20,1433,77,2705,Not in California
Unknown,2021-06-14,2,3922,0,2684,2,1053,0,185,2,1274,0,1433,2,2707,Not in California
Alameda,2020-12-15,37,37,37,37,0,0,0,0,37,37,0,0,37,37,California
Alameda,2020-12-16,210,247,210,247,0,0,0,0,210,247,0,0,210,247,California
Alameda,2020-12-17,506,753,506,753,0,0,0,0,506,753,0,0,506,753,California
Alameda,2020-12-18,1904,2657,1902,2655,2,2,0,0,1903,2655,1,1,1903,2656,California
Alameda,2020-12-19,1421,4078,1421,4076,0,2,0,0,1421,4076,0,1,1421,4077,California
Alameda,2020-12-20,1173,5251,1172,5248,1,3,0,0,1172,5247,1,2,1172,5249,California
Alameda,2020-12-21,1835,7086,1833,7081,2,5,0,0,1834,7081,0,2,1834,7083,California
Alameda,2020-12-22,2086,9172,2032,9113,54,59,0,0,2085,9166,0,2,2085,9168,California
Alameda,2020-12-23,1911,11083,1654,10767,257,316,0,0,1910,11075,1,3,1910,11078,California
Alameda,2020-12-24,1202,12285,747,11514,455,771,0,0,1202,12277,0,3,1202,12280,California
Alameda,2020-12-25,160,12445,125,11639,35,806,0,0,160,12437,0,3,160,12440,California
Alameda,2020-12-26,851,13296,317,11956,534,1340,0,0,851,13288,0,3,851,13291,California
Alameda,2020-12-27,493,13789,254,12210,239,1579,0,0,493,13781,0,3,493,13784,California
Alameda,2020-12-28,1866,15655,958,13168,908,2487,0,0,1866,15647,0,3,1866,15650,California
Alameda,2020-12-29,2473,18128,1075,14243,1398,3885,0,0,2472,18119,0,3,2472,18122,California
Alameda,2020-12-30,3062,21190,1320,15563,1742,5627,0,0,3062,21181,0,3,3062,21184,California
Alameda,2020-12-31,1794,22984,446,16009,1348,6975,0,0,1792,22972,1,4,1792,22976,California
Alameda,2021-01-01,177,23161,74,16083,103,7078,0,0,175,23145,2,6,175,23151,California
Alameda,2021-01-02,726,23887,524,16607,202,7280,0,0,725,23870,0,6,725,23876,California
Alameda,2021-01-03,329,24216,214,16821,115,7395,0,0,326,24193,3,9,326,24202,California
Alameda,2021-01-04,1604,25820,910,17731,694,8089,0,0,1592,25774,11,20,1592,25794,California
Alameda,2021-01-05,2203,28023,1274,19005,929,9018,0,0,1947,27468,253,273,1947,27741,California
Alameda,2021-01-06,3246,31269,1796,20801,1450,10468,0,0,2372,28971,871,1144,2374,30115,California
Alameda,2021-01-07,3790,35059,2125,22926,1665,12133,0,0,2617,30428,1164,2308,2621,32736,California
Alameda,2021-01-08,4753,39812,2715,25641,2038,14171,0,0,3023,31734,1722,4030,3028,35764,California
Alameda,2021-01-09,2014,41826,1370,27011,644,14815,0,0,1159,32038,855,4885,1159,36923,California
Alameda,2021-01-10,1057,42883,837,27848,220,15035,0,0,425,31830,633,5518,425,37348,California
Alameda,2021-01-11,4649,47532,3518,31366,1131,16166,0,0,2848,32884,1799,7317,2853,40201,California
Alameda,2021-01-12,4840,52372,3258,34624,1582,17748,0,0,3453,34958,1385,8702,3459,43660,California
Alameda,2021-01-13,5023,57395,2657,37281,2366,20114,0,0,3825,37605,1193,9895,3840,47500,California
Alameda,2021-01-14,5646,63041,2794,40075,2852,22966,0,0,4750,41486,887,10782,4768,52268,California
Alameda,2021-01-15,5811,68852,2315,42390,3496,26462,0,0,5039,45773,765,11547,5052,57320,California
Alameda,2021-01-16,2978,71830,1398,43788,1580,28042,0,0,2712,48221,266,11813,2714,60034,California
Alameda,2021-01-17,1869,73699,1087,44875,782,28824,0,0,1664,49681,205,12018,1665,61699,California
Alameda,2021-01-18,3154,76853,2026,46901,1128,29952,0,0,2561,51657,587,12605,2563,64262,California
Alameda,2021-01-19,5503,82356,3314,50215,2189,32141,0,0,4311,54779,1190,13795,4312,68574,California
Alameda,2021-01-20,6759,89115,4091,54306,2668,34809,0,0,5465,58967,1281,15076,5469,74043,California
Alameda,2021-01-21,7792,96907,3425,57731,4367,39176,0,0,6947,65083,838,15914,6954,80997,California
Alameda,2021-01-22,6818,103725,2026,59757,4792,43968,0,0,5678,69631,1131,17045,5679,86676,California
Alameda,2021-01-23,3260,106985,944,60701,2316,46284,0,0,2709,71790,550,17595,2709,89385,California
Alameda,2021-01-24,2026,109011,654,61355,1372,47656,0,0,1755,73277,268,17863,1755,91140,California
Alameda,2021-01-25,5166,114177,1974,63329,3192,50848,0,0,3600,75320,1558,19421,3601,94741,California
Alameda,2021-01-26,7302,121479,2307,65636,4995,55843,0,0,5415,78857,1879,21300,5416,100157,California
Alameda,2021-01-27,6686,128165,2060,67696,4626,60469,0,0,4841,81866,1833,23133,4842,104999,California
Alameda,2021-01-28,7870,136035,2558,70254,5312,65781,0,0,5633,85281,2221,25354,5636,110635,California
Alameda,2021-01-29,7987,144022,3196,73450,4791,70572,0,0,6150,89608,1827,27181,6154,116789,California
Alameda,2021-01-30,3432,147454,1688,75138,1744,72316,0,0,2720,91622,706,27887,2720,119509,California
Alameda,2021-01-31,1913,149367,943,76081,970,73286,0,0,1675,93062,235,28122,1675,121184,California
Alameda,2021-02-01,6452,155819,3876,79957,2576,75862,0,0,4319,95258,2124,30246,4320,125504,California
Alameda,2021-02-02,6998,162817,3771,83728,3227,79089,0,0,4671,97609,2320,32566,4671,130175,California
Alameda,2021-02-03,7011,169828,3697,87425,3314,82403,0,0,4330,99269,2675,35241,4335,134510,California
Alameda,2021-02-04,9434,179262,4118,91543,5316,87719,0,0,6327,102507,3094,38335,6332,140842,California
Alameda,2021-02-05,10236,189498,5345,96888,4891,92610,0,0,6370,105024,3860,42195,6377,147219,California
Alameda,2021-02-06,6930,196428,4408,101296,2522,95132,0,0,5804,109702,1126,43321,5804,153023,California
Alameda,2021-02-07,3579,200007,2891,104187,688,95820,0,0,2634,111396,942,44263,2636,155659,California
Alameda,2021-02-08,8081,208088,5792,109979,2289,98109,0,0,5526,114378,2546,46809,5528,161187,California
Alameda,2021-02-09,9626,217714,5794,115773,3832,101941,0,0,5990,116747,3623,50432,5992,167179,California
Alameda,2021-02-10,11419,229133,6752,122525,4667,106608,0,0,6520,118392,4883,55315,6528,173707,California
Alameda,2021-02-11,13927,243060,8018,130543,5909,112517,0,0,8353,121194,5554,60869,8356,182063,California
Alameda,2021-02-12,12463,255523,5673,136216,6790,119307,0,0,7720,124190,4727,65596,7723,189786,California
Alameda,2021-02-13,7753,263276,4040,140256,3713,123020,0,0,5807,128057,1942,67538,5809,195595,California
Alameda,2021-02-14,4035,267311,2546,142802,1489,124509,0,0,2858,129745,1173,68711,2861,198456,California
Alameda,2021-02-15,5641,272952,3184,145986,2457,126966,0,0,3675,131458,1964,70675,3677,202133,California
Alameda,2021-02-16,12485,285437,6960,152946,5525,132491,0,0,9284,137558,3190,73865,9290,211423,California
Alameda,2021-02-17,14099,299536,8377,161323,5722,138213,0,0,10469,144415,3614,77479,10471,221894,California
Alameda,2021-02-18,15839,315375,10074,171397,5765,143978,0,0,11516,151624,4313,81792,11522,233416,California
Alameda,2021-02-19,17822,333197,11572,182969,6250,150228,0,0,11779,157389,6019,87811,11784,245200,California
Alameda,2021-02-20,11998,345195,9702,192671,2296,152524,0,0,9231,163864,2762,90573,9237,254437,California
Alameda,2021-02-21,7786,352981,6833,199504,953,153477,0,0,5282,166655,2491,93064,5282,259719,California
Alameda,2021-02-22,10929,363910,8058,207562,2871,156348,0,0,6865,169478,4051,97115,6874,266593,California
Alameda,2021-02-23,12951,376861,7895,215457,5056,161404,0,0,8069,172681,4872,101987,8075,274668,California
Alameda,2021-02-24,14798,391659,8312,223769,6486,167890,0,0,9583,177118,5152,107139,9589,284257,California
Alameda,2021-02-25,15965,407624,9261,233030,6704,174594,0,0,10095,181384,5838,112977,10104,294361,California
Alameda,2021-02-26,18595,426219,10833,243863,7762,182356,0,0,11805,186450,6743,119720,11809,306170,California
Alameda,2021-02-27,15138,441357,11172,255035,3964,186320,2,2,9361,190061,5754,125474,9365,315535,California
Alameda,2021-02-28,10082,451439,8412,263447,1669,187989,1,3,6522,193053,3532,129006,6524,322059,California
Alameda,2021-03-01,14040,465479,9708,273155,4321,192310,11,14,8580,196240,5412,134418,8599,330658,California
Alameda,2021-03-02,15002,480481,10797,283952,4204,196514,1,15,9821,200908,5161,139579,9829,340487,California
Alameda,2021-03-03,15756,496237,10332,294284,5421,201935,3,18,10795,206778,4932,144511,10802,351289,California
Alameda,2021-03-04,17384,513621,11182,305466,6200,208135,2,20,10969,211370,6379,150890,10971,362260,California
Alameda,2021-03-05,16175,529796,10614,316080,5551,213686,10,30,10939,217133,5192,156082,10955,373215,California
Alameda,2021-03-06,14514,544310,10256,326336,3992,217678,266,296,9618,222170,4847,160929,9884,383099,California
Alameda,2021-03-07,9762,554072,8510,334846,1169,218847,83,379,6965,226450,2770,163699,7050,390149,California
Alameda,2021-03-08,11920,565992,7445,342291,4098,222945,377,756,8913,232781,2957,166656,9288,399437,California
Alameda,2021-03-09,14638,580630,10307,352598,3901,226846,430,1186,7978,234561,6628,173284,8408,407845,California
Alameda,2021-03-10,17417,598047,12094,364692,4773,231619,550,1736,7859,233436,9530,182814,8405,416250,California
Alameda,2021-03-11,19730,617777,11565,376257,6453,238072,1712,3448,6694,228824,13006,195820,8394,424644,California
Alameda,2021-03-12,21320,639097,12508,388765,7111,245183,1701,5149,7341,223907,13946,209766,9029,433673,California
Alameda,2021-03-13,16030,655127,10312,399077,4716,249899,1002,6151,5040,218987,10955,220721,6035,439708,California
Alameda,2021-03-14,10871,665998,8020,407097,2070,251969,781,6932,3296,215502,7553,228274,4068,443776,California
Alameda,2021-03-15,14419,680417,9444,416541,4448,256417,527,7459,6209,214056,8179,236453,6733,450509,California
Alameda,2021-03-16,17170,697587,11167,427708,5470,261887,533,7992,7325,212122,9793,246246,7859,458368,California
Alameda,2021-03-17,17464,715051,9861,437569,6883,268770,720,8712,8042,211506,9374,255620,8758,467126,California
Alameda,2021-03-18,19143,734194,10440,448009,7811,276581,892,9604,8617,210525,10494,266114,9513,476639,California
Alameda,2021-03-19,19367,753561,10626,458635,6946,283527,1795,11399,7544,208082,11773,277887,9330,485969,California
Alameda,2021-03-20,15768,769329,10336,468971,4579,288106,853,12252,6303,205801,9432,287319,7151,493120,California
Alameda,2021-03-21,9201,778530,7233,476204,1415,289521,553,12805,3378,203920,5812,293131,3931,497051,California
Alameda,2021-03-22,15015,793545,10112,486316,3890,293411,1013,13818,6774,203489,8210,301341,7779,504830,California
Alameda,2021-03-23,19282,812827,11708,498024,6757,300168,817,14635,9753,204585,9477,310818,10573,515403,California
Alameda,2021-03-24,19263,832090,11676,509700,6562,306730,1025,15660,8382,203166,10816,321634,9397,524800,California
Alameda,2021-03-25,20533,852623,11402,521102,7722,314452,1409,17069,9359,202819,11103,332737,10756,535556,California
Alameda,2021-03-26,20940,873563,12636,533738,6738,321190,1566,18635,8411,200302,12480,345217,9963,545519,California
Alameda,2021-03-27,18339,891902,12513,546251,4875,326065,951,19586,7510,197972,10779,355996,8449,553968,California
Alameda,2021-03-28,10653,902555,8686,554937,1764,327829,203,19789,3452,194444,7186,363182,3658,557626,California
Alameda,2021-03-29,14687,917242,9413,564350,4280,332109,994,20783,5824,192435,8825,372007,6816,564442,California
Alameda,2021-03-30,18568,935810,9802,574152,7043,339152,1723,22506,9251,194117,9282,381289,10964,575406,California
Alameda,2021-03-31,19340,955150,10186,584338,7049,346201,2105,24611,8975,194851,10334,391623,11068,586474,California
Alameda,2021-04-01,23297,978447,9973,594311,7640,353841,5684,30295,11008,199277,12237,403860,16663,603137,California
Alameda,2021-04-02,24066,1002513,9876,604187,8311,362152,5879,36174,11609,204313,12420,416280,17456,620593,California
Alameda,2021-04-03,20328,1022841,9793,613980,5670,367822,4865,41039,10266,209398,10038,426318,15123,635716,California
Alameda,2021-04-04,9948,1032789,3987,617967,2258,370080,3703,44742,3447,210062,6481,432799,7145,642861,California
Alameda,2021-04-05,17819,1050608,7503,625470,5501,375581,4815,49557,7248,211575,10546,443345,12059,654920,California
Alameda,2021-04-06,22171,1072779,10651,636121,5649,381230,5871,55428,10045,215379,12089,455434,15893,670813,California
Alameda,2021-04-07,22557,1095336,11556,647677,5519,386749,5482,60910,11418,221170,11094,466528,16885,687698,California
Alameda,2021-04-08,25553,1120889,11495,659172,6035,392784,8023,68933,10915,225527,14556,481084,18913,706611,California
Alameda,2021-04-09,23386,1144275,10655,669827,7481,400265,5250,74183,12060,231544,11291,492375,17308,723919,California
Alameda,2021-04-10,19280,1163555,7480,677307,5626,405891,6174,80357,8234,234914,11020,503395,14390,738309,California
Alameda,2021-04-11,11001,1174556,4805,682112,2236,408127,3960,84317,4488,236853,6494,509889,8433,746742,California
Alameda,2021-04-12,18116,1192672,11792,693904,4348,412475,1976,86293,10277,241297,7803,517692,12247,758989,California
Alameda,2021-04-13,23111,1215783,14692,708596,8359,420834,60,86353,17074,252457,5985,523677,17145,776134,California
Alameda,2021-04-14,23250,1239033,15287,723883,7962,428796,1,86354,15756,260771,7456,531133,15770,791904,California
Alameda,2021-04-15,24207,1263240,15473,739356,8732,437528,2,86356,16137,268914,8007,539140,16150,808054,California
Alameda,2021-04-16,24412,1287652,14401,753757,10005,447533,6,86362,15761,276108,8594,547734,15788,823842,California
Alameda,2021-04-17,20858,1308510,14420,768177,6436,453969,2,86364,14438,284176,6386,554120,14454,838296,California
Alameda,2021-04-18,9986,1318496,7662,775839,2324,456293,0,86364,6920,288069,3037,557157,6930,845226,California
Alameda,2021-04-19,15634,1334130,9738,785577,5895,462188,1,86365,9088,290662,6506,563663,9099,854325,California
Alameda,2021-04-20,18104,1352234,11099,796676,7003,469191,2,86367,9977,292581,8082,571745,10001,864326,California
Alameda,2021-04-21,19094,1371328,11160,807836,7923,477114,11,86378,11182,295933,7858,579603,11210,875536,California
Alameda,2021-04-22,21386,1392714,13764,821600,7617,484731,5,86383,11418,297465,9914,589517,11446,886982,California
Alameda,2021-04-23,21779,1414493,14070,835670,7705,492436,4,86387,12250,300275,9471,598988,12281,899263,California
Alameda,2021-04-24,18957,1433450,14409,850079,4540,496976,8,86395,10061,301504,8850,607838,10079,909342,California
Alameda,2021-04-25,8990,1442440,6995,857074,1994,498970,1,86396,5891,304333,3073,610911,5902,915244,California
Alameda,2021-04-26,14399,1456839,9971,867045,4402,503372,26,86422,8980,307963,5386,616297,9016,924260,California
Alameda,2021-04-27,16270,1473109,9630,876675,6274,509646,366,86788,7712,307558,8506,624803,8101,932361,California
Alameda,2021-04-28,16430,1489539,10379,887054,5586,515232,465,87253,6683,305006,9713,634516,7161,939522,California
Alameda,2021-04-29,17160,1506699,10281,897335,6549,521781,330,87583,6392,301038,10711,645227,6743,946265,California
Alameda,2021-04-30,19949,1526648,12485,909820,7125,528906,339,87922,8243,298031,11627,656854,8620,954885,California
Alameda,2021-05-01,13964,1540612,9347,919167,4410,533316,207,88129,5223,294784,8705,665559,5458,960343,California
Alameda,2021-05-02,7065,1547677,4931,924098,1965,535281,169,88298,2886,293682,4161,669720,3059,963402,California
Alameda,2021-05-03,14532,1562209,10936,935034,3276,538557,320,88618,2848,285242,11636,681356,3196,966598,California
Alameda,2021-05-04,18326,1580535,13154,948188,4811,543368,361,88979,3678,274730,14582,695938,4070,970668,California
Alameda,2021-05-05,18345,1598880,13336,961524,4500,547868,509,89488,3723,264417,14558,710496,4245,974913,California
Alameda,2021-05-06,18686,1617566,14120,975644,3872,551740,694,90182,3672,253857,14939,725435,4379,979292,California
Alameda,2021-05-07,19174,1636740,12879,988523,5880,557620,415,90597,4409,244002,14694,740129,4839,984131,California
Alameda,2021-05-08,16469,1653209,11273,999796,4986,562606,210,90807,3103,234005,13326,753455,3329,987460,California
Alameda,2021-05-09,8529,1661738,6985,1006781,1401,564007,143,90950,1443,228531,7064,760519,1590,989050,California
Alameda,2021-05-10,10122,1671860,6929,1013710,2869,566876,324,91274,2522,223819,7567,768086,2855,991905,California
Alameda,2021-05-11,15234,1687094,8200,1021910,6720,573596,314,91588,2812,214609,12372,780458,3162,995067,California
Alameda,2021-05-12,13325,1700419,8861,1030771,4022,577618,442,92030,2988,207779,10291,790749,3461,998528,California
Alameda,2021-05-13,17677,1718096,12683,1043454,4450,582068,544,92574,5670,202068,11957,802706,6246,1004774,California
Alameda,2021-05-14,20506,1738602,13906,1057360,6137,588205,463,93037,7073,196260,13357,816063,7549,1012323,California
Alameda,2021-05-15,17043,1755645,12399,1069759,4417,592622,227,93264,5754,191002,11244,827307,5986,1018309,California
Alameda,2021-05-16,8396,1764041,7179,1076938,1125,593747,92,93356,2802,188338,5563,832870,2899,1021208,California
Alameda,2021-05-17,13385,1777426,9979,1086917,2878,596625,528,93884,4182,183897,9165,842035,4724,1025932,California
Alameda,2021-05-18,14150,1791576,10291,1097208,3438,600063,421,94305,4997,180210,9109,851144,5422,1031354,California
Alameda,2021-05-19,14413,1805989,9880,1107088,4198,604261,335,94640,5980,178143,8382,859526,6315,1037669,California
Alameda,2021-05-20,13226,1819215,8721,1115809,3971,608232,534,95174,5815,177133,7360,866886,6350,1044019,California
Alameda,2021-05-21,15244,1834459,10018,1125827,4954,613186,272,95446,5181,172594,9997,876883,5458,1049477,California
Alameda,2021-05-22,10241,1844700,7393,1133220,2683,615869,165,95611,4133,170820,6078,882961,4304,1053781,California
Alameda,2021-05-23,4893,1849593,3717,1136937,1087,616956,89,95700,1587,169212,3285,886246,1677,1055458,California
Alameda,2021-05-24,6950,1856543,3948,1140885,2749,619705,253,95953,2644,167849,4266,890512,2903,1058361,California
Alameda,2021-05-25,7982,1864525,5161,1146046,2566,622271,255,96208,3585,167322,4363,894875,3836,1062197,California
Alameda,2021-05-26,8244,1872769,5152,1151198,2793,625064,299,96507,3631,166657,4589,899464,3924,1066121,California
Alameda,2021-05-27,8083,1880852,4865,1156063,2870,627934,348,96855,3425,165809,4616,904080,3768,1069889,California
Alameda,2021-05-28,8590,1889442,5027,1161090,3339,631273,224,97079,3654,164778,4911,908991,3880,1073769,California
Alameda,2021-05-29,4909,1894351,2954,1164044,1769,633042,186,97265,2546,165168,2344,911335,2734,1076503,California
Alameda,2021-05-30,2433,1896784,1592,1165636,752,633794,89,97354,976,164784,1449,912784,1065,1077568,California
Alameda,2021-05-31,1153,1897937,853,1166489,245,634039,55,97409,345,164391,793,913577,400,1077968,California
Alameda,2021-06-01,7097,1905034,4975,1171464,1880,635919,242,97651,3095,163754,3975,917552,3338,1081306,California
Alameda,2021-06-02,5802,1910836,3609,1175073,1972,637891,221,97872,2250,162697,3521,921073,2464,1083770,California
Alameda,2021-06-03,8448,1919284,6383,1181456,1785,639676,280,98152,2940,160442,5472,926545,3217,1086987,California
Alameda,2021-06-04,10419,1929703,7671,1189127,2506,642182,242,98394,2958,156222,7421,933966,3201,1090188,California
Alameda,2021-06-05,7986,1937689,5789,1194916,2035,644217,162,98556,1901,152233,6050,940016,2061,1092249,California
Alameda,2021-06-06,3623,1941312,3271,1198187,271,644488,81,98637,1086,150872,2528,942544,1167,1093416,California
Alameda,2021-06-07,5762,1947074,4213,1202400,1375,645863,174,98811,1750,148807,3990,946534,1925,1095341,California
Alameda,2021-06-08,7229,1954303,5769,1208169,1216,647079,244,99055,2118,146084,5084,951618,2361,1097702,California
Alameda,2021-06-09,7243,1961546,5923,1214092,1125,648204,195,99250,1681,142416,5539,957157,1871,1099573,California
Alameda,2021-06-10,7976,1969522,6678,1220770,999,649203,299,99549,2149,139061,5800,962957,2445,1102018,California
Alameda,2021-06-11,7218,1976740,5353,1226123,1650,650853,215,99764,2173,136431,5020,967977,2390,1104408,California
Alameda,2021-06-12,5457,1982197,4174,1230297,1097,651950,186,99950,1365,133920,4064,972041,1553,1105961,California
Alameda,2021-06-13,2182,1984379,1648,1231945,414,652364,120,100070,622,133113,1547,973588,740,1106701,California
Alameda,2021-06-14,2550,1986929,1800,1233745,602,652966,148,100218,733,132185,1807,975395,879,1107580,California
Alpine,2020-12-18,2,2,2,2,0,0,0,0,2,2,0,0,2,2,California
Alpine,2020-12-19,2,4,2,4,0,0,0,0,2,4,0,0,2,4,California
Alpine,2020-12-21,1,5,1,5,0,0,0,0,1,5,0,0,1,5,California
Alpine,2020-12-30,14,19,0,5,14,14,0,0,14,19,0,0,14,19,California
Alpine,2020-12-31,1,20,0,5,1,15,0,0,1,20,0,0,1,20,California
Alpine,2021-01-01,1,21,0,5,1,16,0,0,1,21,0,0,1,21,California
Alpine,2021-01-02,1,22,1,6,0,16,0,0,1,22,0,0,1,22,California
Alpine,2021-01-04,10,32,0,6,10,26,0,0,10,32,0,0,10,32,California
Alpine,2021-01-05,9,41,1,7,8,34,0,0,9,41,0,0,9,41,California
Alpine,2021-01-06,31,72,0,7,31,65,0,0,31,72,0,0,31,72,California
Alpine,2021-01-07,8,80,0,7,8,73,0,0,8,80,0,0,8,80,California
Alpine,2021-01-08,4,84,2,9,2,75,0,0,2,80,2,2,2,82,California
Alpine,2021-01-09,2,86,2,11,0,75,0,0,0,78,2,4,0,82,California
Alpine,2021-01-11,32,118,1,12,31,106,0,0,31,108,1,5,31,113,California
Alpine,2021-01-13,35,153,0,12,35,141,0,0,35,143,0,5,35,148,California
Alpine,2021-01-14,1,154,0,12,1,142,0,0,1,144,0,5,1,149,California
Alpine,2021-01-15,1,155,0,12,1,143,0,0,1,145,0,5,1,150,California
Alpine,2021-01-20,21,176,0,12,21,164,0,0,21,166,0,5,21,171,California
Alpine,2021-01-21,1,177,0,12,1,165,0,0,1,167,0,5,1,172,California
Alpine,2021-01-22,33,210,0,12,33,198,0,0,33,200,0,5,33,205,California
Alpine,2021-01-23,1,211,1,13,0,198,0,0,0,199,1,6,0,205,California
Alpine,2021-01-25,16,227,0,13,16,214,0,0,16,215,0,6,16,221,California
Alpine,2021-01-27,1,228,1,14,0,214,0,0,0,214,1,7,0,221,California
Alpine,2021-01-28,1,229,0,14,1,215,0,0,0,213,1,8,0,221,California
Alpine,2021-01-29,1,230,0,14,1,216,0,0,1,214,0,8,1,222,California
Alpine,2021-02-01,25,255,0,14,25,241,0,0,7,203,18,26,7,229,California
Alpine,2021-02-03,34,289,0,14,34,275,0,0,10,189,24,50,10,239,California
Alpine,2021-02-04,8,297,0,14,8,283,0,0,3,187,5,55,3,242,California
Alpine,2021-02-05,31,328,0,14,31,314,0,0,12,180,19,74,12,254,California
Alpine,2021-02-08,32,360,0,14,32,346,0,0,4,156,28,102,4,258,California
Alpine,2021-02-10,34,394,0,14,34,380,0,0,0,122,34,136,0,258,California
Alpine,2021-02-11,6,400,0,14,6,386,0,0,3,122,3,139,3,261,California
Alpine,2021-02-12,1,401,0,14,1,387,0,0,0,121,1,140,0,261,California
Alpine,2021-02-17,23,424,0,14,23,410,0,0,3,104,20,160,3,264,California
Alpine,2021-02-18,2,426,0,14,2,412,0,0,1,104,1,161,1,265,California
Alpine,2021-02-19,34,460,1,15,33,445,0,0,2,74,32,193,2,267,California
Alpine,2021-02-22,27,487,0,15,27,472,0,0,8,63,19,212,8,275,California
Alpine,2021-02-25,6,493,1,16,5,477,0,0,6,69,0,212,6,281,California
Alpine,2021-02-26,30,523,1,17,29,506,0,0,29,97,1,213,29,310,California
Alpine,2021-02-27,1,524,0,17,1,507,0,0,1,98,0,213,1,311,California
Alpine,2021-03-01,36,560,0,17,36,543,0,0,26,114,10,223,26,337,California
Alpine,2021-03-03,29,589,0,17,29,572,0,0,18,121,11,234,18,355,California
Alpine,2021-03-04,11,600,1,18,10,582,0,0,11,132,0,234,11,366,California
Alpine,2021-03-05,30,630,0,18,30,612,0,0,22,146,8,242,22,388,California
Alpine,2021-03-08,31,661,0,18,31,643,0,0,29,173,2,244,29,417,California
Alpine,2021-03-10,73,734,0,18,73,716,0,0,73,246,0,244,73,490,California
Alpine,2021-03-11,35,769,0,18,35,751,0,0,31,273,4,248,31,521,California
Alpine,2021-03-12,19,788,0,18,19,770,0,0,17,288,2,250,17,538,California
Alpine,2021-03-15,20,808,0,18,20,790,0,0,19,306,1,251,19,557,California
Alpine,2021-03-17,23,831,0,18,22,812,1,1,19,322,4,255,20,577,California
Alpine,2021-03-18,37,868,2,20,35,847,0,1,35,355,2,257,35,612,California
Alpine,2021-03-19,2,870,1,21,1,848,0,1,1,355,1,258,1,613,California
Alpine,2021-03-22,24,894,0,21,24,872,0,1,15,361,9,267,15,628,California
Alpine,2021-03-24,19,913,0,21,19,891,0,1,8,358,11,278,8,636,California
Alpine,2021-03-25,35,948,1,22,33,924,1,2,27,379,7,285,28,664,California
Alpine,2021-03-27,1,949,0,22,1,925,0,2,0,378,1,286,0,664,California
Alpine,2021-03-28,1,950,1,23,0,925,0,2,1,379,0,286,1,665,California
Alpine,2021-03-29,19,969,0,23,18,943,1,3,2,365,17,303,3,668,California
Alpine,2021-04-01,18,987,0,23,18,961,0,3,8,363,10,313,8,676,California
Alpine,2021-04-02,100,1087,0,23,100,1061,0,3,45,354,54,367,45,721,California
Alpine,2021-04-05,3,1090,0,23,3,1064,0,3,0,351,3,370,0,721,California
Alpine,2021-04-06,2,1092,1,24,1,1065,0,3,1,351,1,371,1,722,California
Alpine,2021-04-07,117,1209,0,24,116,1181,1,4,30,296,86,457,31,753,California
Alpine,2021-04-08,35,1244,0,24,35,1216,0,4,10,281,25,482,10,763,California
Alpine,2021-04-09,2,1246,0,24,2,1218,0,4,2,283,0,482,2,765,California
Alpine,2021-04-14,47,1293,0,24,47,1265,0,4,10,256,37,519,10,775,California
Alpine,2021-04-15,35,1328,0,24,35,1300,0,4,3,227,32,551,3,778,California
Alpine,2021-04-19,1,1329,0,24,1,1301,0,4,1,228,0,551,1,779,California
Alpine,2021-04-21,31,1360,0,24,31,1332,0,4,15,227,16,567,15,794,California
Alpine,2021-04-22,24,1384,0,24,24,1356,0,4,1,205,23,590,1,795,California
Alpine,2021-04-25,1,1385,1,25,0,1356,0,4,0,204,1,591,0,795,California
Alpine,2021-04-27,1,1386,0,25,1,1357,0,4,1,205,0,591,1,796,California
Alpine,2021-04-28,36,1422,0,25,36,1393,0,4,6,181,30,621,6,802,California
Alpine,2021-04-29,6,1428,0,25,6,1399,0,4,0,175,6,627,0,802,California
Alpine,2021-04-30,2,1430,1,26,0,1399,1,5,1,176,1,628,2,804,California
Alpine,2021-05-02,1,1431,0,26,0,1399,1,6,0,176,1,629,1,805,California
Alpine,2021-05-05,17,1448,0,26,17,1416,0,6,4,167,13,642,4,809,California
Alpine,2021-05-06,8,1456,0,26,8,1424,0,6,0,159,8,650,0,809,California
Alpine,2021-05-07,1,1457,0,26,1,1425,0,6,0,158,1,651,0,809,California
Alpine,2021-05-10,1,1458,0,26,1,1426,0,6,1,159,0,651,1,810,California
Alpine,2021-05-12,1,1459,0,26,0,1426,1,7,0,159,1,652,1,811,California
Alpine,2021-05-13,3,1462,0,26,3,1429,0,7,0,156,3,655,0,811,California
Alpine,2021-05-17,2,1464,0,26,2,1431,0,7,1,156,1,656,1,812,California
Alpine,2021-05-18,1,1465,0,26,1,1432,0,7,1,157,0,656,1,813,California
Alpine,2021-05-19,15,1480,0,26,15,1447,0,7,0,142,15,671,0,813,California
Alpine,2021-05-21,1,1481,1,27,0,1447,0,7,0,141,1,672,0,813,California
Alpine,2021-05-25,1,1482,0,27,1,1448,0,7,0,140,1,673,0,813,California
Alpine,2021-05-27,1,1483,0,27,1,1449,0,7,1,141,0,673,1,814,California
Alpine,2021-05-28,2,1485,1,28,1,1450,0,7,2,143,0,673,2,816,California
Alpine,2021-05-29,1,1486,0,28,1,1451,0,7,1,144,0,673,1,817,California
Alpine,2021-06-02,8,1494,0,28,8,1459,0,7,1,138,7,680,1,818,California
Alpine,2021-06-04,1,1495,0,28,1,1460,0,7,1,139,0,680,1,819,California
Alpine,2021-06-07,1,1496,0,28,1,1461,0,7,0,138,1,681,0,819,California
Alpine,2021-06-10,1,1497,1,29,0,1461,0,7,1,139,0,681,1,820,California
Amador,2020-12-16,2,2,2,2,0,0,0,0,2,2,0,0,2,2,California
Amador,2020-12-17,5,7,5,7,0,0,0,0,5,7,0,0,5,7,California
Amador,2020-12-18,46,53,46,53,0,0,0,0,46,53,0,0,46,53,California
Amador,2020-12-19,16,69,16,69,0,0,0,0,16,69,0,0,16,69,California
Amador,2020-12-20,4,73,4,73,0,0,0,0,4,73,0,0,4,73,California
Amador,2020-12-21,31,104,31,104,0,0,0,0,31,104,0,0,31,104,California
Amador,2020-12-22,35,139,34,138,1,1,0,0,35,139,0,0,35,139,California
Amador,2020-12-23,40,179,39,177,1,2,0,0,40,179,0,0,40,179,California
Amador,2020-12-24,5,184,3,180,2,4,0,0,5,184,0,0,5,184,California
Amador,2020-12-26,5,189,4,184,1,5,0,0,5,189,0,0,5,189,California
Amador,2020-12-27,1,190,0,184,1,6,0,0,1,190,0,0,1,190,California
Amador,2020-12-28,30,220,26,210,4,10,0,0,30,220,0,0,30,220,California
Amador,2020-12-29,25,245,18,228,7,17,0,0,25,245,0,0,25,245,California
Amador,2020-12-30,122,367,76,304,46,63,0,0,122,367,0,0,122,367,California
Amador,2020-12-31,193,560,168,472,25,88,0,0,193,560,0,0,193,560,California
Amador,2021-01-01,2,562,0,472,2,90,0,0,2,562,0,0,2,562,California
Amador,2021-01-02,57,619,57,529,0,90,0,0,57,619,0,0,57,619,California
Amador,2021-01-03,66,685,17,546,49,139,0,0,66,685,0,0,66,685,California
Amador,2021-01-04,124,809,1,547,123,262,0,0,124,809,0,0,124,809,California
Amador,2021-01-05,35,844,3,550,32,294,0,0,33,840,2,2,33,842,California
Amador,2021-01-06,41,885,11,561,30,324,0,0,37,873,4,6,37,879,California
Amador,2021-01-07,229,1114,69,630,160,484,0,0,217,1078,12,18,217,1096,California
Amador,2021-01-08,85,1199,70,700,15,499,0,0,41,1076,44,62,42,1138,California
Amador,2021-01-09,11,1210,11,711,0,499,0,0,2,1069,9,71,2,1140,California
Amador,2021-01-10,6,1216,4,715,2,501,0,0,2,1067,4,75,2,1142,California
Amador,2021-01-11,125,1341,44,759,81,582,0,0,88,1119,36,111,88,1230,California
Amador,2021-01-12,65,1406,50,809,15,597,0,0,41,1136,24,135,41,1271,California
Amador,2021-01-13,40,1446,24,833,16,613,0,0,28,1152,12,147,28,1299,California
Amador,2021-01-14,149,1595,22,855,127,740,0,0,139,1282,10,157,140,1439,California
Amador,2021-01-15,59,1654,25,880,34,774,0,0,51,1325,8,165,51,1490,California
Amador,2021-01-16,17,1671,11,891,6,780,0,0,11,1331,6,171,12,1502,California
Amador,2021-01-17,26,1697,5,896,21,801,0,0,26,1357,0,171,26,1528,California
Amador,2021-01-18,30,1727,26,922,4,805,0,0,9,1345,21,192,9,1537,California
Amador,2021-01-19,124,1851,99,1021,25,830,0,0,81,1383,43,235,81,1618,California
Amador,2021-01-20,180,2031,30,1051,150,980,0,0,166,1536,13,248,166,1784,California
Amador,2021-01-21,260,2291,229,1280,31,1011,0,0,148,1573,112,360,149,1933,California
Amador,2021-01-22,135,2426,72,1352,63,1074,0,0,128,1694,7,367,128,2061,California
Amador,2021-01-23,53,2479,32,1384,21,1095,0,0,50,1741,3,370,50,2111,California
Amador,2021-01-24,30,2509,12,1396,18,1113,0,0,27,1765,3,373,27,2138,California
Amador,2021-01-25,59,2568,29,1425,30,1143,0,0,41,1788,18,391,41,2179,California
Amador,2021-01-26,244,2812,17,1442,227,1370,0,0,234,2012,10,401,234,2413,California
Amador,2021-01-27,301,3113,33,1475,268,1638,0,0,254,2222,45,446,255,2668,California
Amador,2021-01-28,373,3486,100,1575,273,1911,0,0,288,2427,84,530,289,2957,California
Amador,2021-01-29,99,3585,33,1608,66,1977,0,0,84,2496,15,545,84,3041,California
Amador,2021-01-30,168,3753,36,1644,132,2109,0,0,163,2654,5,550,163,3204,California
Amador,2021-01-31,33,3786,28,1672,5,2114,0,0,32,2685,1,551,32,3236,California
Amador,2021-02-01,66,3852,24,1696,42,2156,0,0,39,2697,27,578,39,3275,California
Amador,2021-02-02,216,4068,64,1760,152,2308,0,0,127,2738,86,664,127,3402,California
Amador,2021-02-03,140,4208,38,1798,102,2410,0,0,88,2775,51,715,88,3490,California
Amador,2021-02-04,249,4457,74,1872,175,2585,0,0,163,2854,86,801,165,3655,California
Amador,2021-02-05,334,4791,63,1935,271,2856,0,0,317,3154,17,818,317,3972,California
Amador,2021-02-06,100,4891,81,2016,19,2875,0,0,96,3246,4,822,96,4068,California
Amador,2021-02-07,39,4930,35,2051,4,2879,0,0,35,3278,4,826,36,4104,California
Amador,2021-02-08,91,5021,63,2114,28,2907,0,0,74,3335,17,843,74,4178,California
Amador,2021-02-09,174,5195,81,2195,93,3000,0,0,107,3375,67,910,107,4285,California
Amador,2021-02-10,983,6178,81,2276,902,3902,0,0,947,4286,36,946,947,5232,California
Amador,2021-02-11,306,6484,118,2394,188,4090,0,0,196,4374,108,1054,196,5428,California
Amador,2021-02-12,327,6811,120,2514,207,4297,0,0,255,4557,72,1126,255,5683,California
Amador,2021-02-13,164,6975,80,2594,84,4381,0,0,141,4675,23,1149,141,5824,California
Amador,2021-02-14,123,7098,54,2648,69,4450,0,0,105,4762,18,1167,105,5929,California
Amador,2021-02-15,187,7285,61,2709,126,4576,0,0,170,4916,16,1183,170,6099,California
Amador,2021-02-16,467,7752,53,2762,414,4990,0,0,427,5304,40,1223,428,6527,California
Amador,2021-02-17,264,8016,85,2847,179,5169,0,0,166,5372,98,1321,166,6693,California
Amador,2021-02-18,396,8412,98,2945,298,5467,0,0,332,5640,64,1385,332,7025,California
Amador,2021-02-19,195,8607,77,3022,118,5585,0,0,110,5667,83,1468,110,7135,California
Amador,2021-02-20,94,8701,31,3053,63,5648,0,0,66,5705,28,1496,66,7201,California
Amador,2021-02-21,47,8748,34,3087,13,5661,0,0,14,5687,32,1528,14,7215,California
Amador,2021-02-22,67,8815,26,3113,41,5702,0,0,32,5685,34,1562,32,7247,California
Amador,2021-02-23,318,9133,53,3166,265,5967,0,0,139,5645,179,1741,139,7386,California
Amador,2021-02-24,399,9532,59,3225,340,6307,0,0,265,5782,128,1869,265,7651,California
Amador,2021-02-25,531,10063,122,3347,409,6716,0,0,281,5820,243,2112,281,7932,California
Amador,2021-02-26,635,10698,82,3429,553,7269,0,0,515,6216,119,2231,515,8447,California
Amador,2021-02-27,293,10991,96,3525,197,7466,0,0,100,6126,192,2423,102,8549,California
Amador,2021-02-28,106,11097,55,3580,51,7517,0,0,60,6142,46,2469,62,8611,California
Amador,2021-03-01,198,11295,69,3649,129,7646,0,0,126,6197,72,2541,127,8738,California
Amador,2021-03-02,385,11680,63,3712,322,7968,0,0,334,6483,49,2590,335,9073,California
Amador,2021-03-03,243,11923,83,3795,160,8128,0,0,166,6574,76,2666,167,9240,California
Amador,2021-03-04,496,12419,115,3910,381,8509,0,0,393,6865,102,2768,393,9633,California
Amador,2021-03-05,513,12932,75,3985,438,8947,0,0,289,6935,221,2989,291,9924,California
Amador,2021-03-06,98,13030,45,4030,52,8999,1,1,55,6948,43,3032,56,9980,California
Amador,2021-03-07,66,13096,44,4074,22,9021,0,1,23,6928,43,3075,23,10003,California
Amador,2021-03-08,151,13247,69,4143,81,9102,1,2,90,6958,61,3136,91,10094,California
Amador,2021-03-09,378,13625,50,4193,328,9430,0,2,293,7176,76,3212,294,10388,California
Amador,2021-03-10,515,14140,76,4269,437,9867,2,4,111,6890,401,3613,115,10503,California
Amador,2021-03-11,474,14614,119,4388,345,10212,10,14,299,7029,173,3786,312,10815,California
Amador,2021-03-12,568,15182,66,4454,495,10707,7,21,338,7151,229,4015,351,11166,California
Amador,2021-03-13,114,15296,17,4471,90,10797,7,28,75,7198,39,4054,86,11252,California
Amador,2021-03-14,87,15383,18,4489,67,10864,2,30,21,7155,66,4120,23,11275,California
Amador,2021-03-15,179,15562,25,4514,147,11011,7,37,53,7090,126,4246,61,11336,California
Amador,2021-03-16,454,16016,53,4567,392,11403,9,46,139,6927,311,4557,148,11484,California
Amador,2021-03-17,200,16216,45,4612,152,11555,3,49,121,6972,79,4636,124,11608,California
Amador,2021-03-18,481,16697,104,4716,373,11928,4,53,252,7003,229,4865,260,11868,California
Amador,2021-03-19,542,17239,56,4772,471,12399,15,68,389,7260,151,5016,408,12276,California
Amador,2021-03-20,110,17349,45,4817,64,12463,1,69,45,7244,64,5080,48,12324,California
Amador,2021-03-21,48,17397,34,4851,13,12476,1,70,29,7258,18,5098,32,12356,California
Amador,2021-03-22,113,17510,32,4883,52,12528,29,99,48,7270,65,5163,77,12433,California
Amador,2021-03-23,437,17947,48,4931,382,12910,7,106,275,7392,161,5324,283,12716,California
Amador,2021-03-24,349,18296,41,4972,55,12965,253,359,39,7373,309,5633,290,13006,California
Amador,2021-03-25,613,18909,88,5060,518,13483,7,366,394,7559,215,5848,401,13407,California
Amador,2021-03-26,750,19659,45,5105,699,14182,6,372,284,7393,459,6307,293,13700,California
Amador,2021-03-27,87,19746,15,5120,70,14252,2,374,27,7364,60,6367,31,13731,California
Amador,2021-03-28,69,19815,15,5135,52,14304,2,376,12,7323,56,6423,15,13746,California
Amador,2021-03-29,179,19994,25,5160,153,14457,1,377,79,7310,98,6521,85,13831,California
Amador,2021-03-30,538,20532,30,5190,507,14964,1,378,292,7362,241,6762,293,14124,California
Amador,2021-03-31,201,20733,58,5248,138,15102,5,383,44,7257,154,6916,49,14173,California
Amador,2021-04-01,611,21344,85,5333,526,15628,0,383,262,7177,344,7260,264,14437,California
Amador,2021-04-02,610,21954,39,5372,558,16186,13,396,380,7347,225,7485,395,14832,California
Amador,2021-04-03,88,22042,25,5397,44,16230,19,415,23,7326,65,7550,44,14876,California
Amador,2021-04-04,38,22080,3,5400,29,16259,6,421,15,7324,23,7573,21,14897,California
Amador,2021-04-05,144,22224,52,5452,76,16335,16,437,50,7299,93,7666,68,14965,California
Amador,2021-04-06,505,22729,38,5490,449,16784,18,455,223,7262,278,7944,241,15206,California
Amador,2021-04-07,96,22825,32,5522,45,16829,19,474,40,7267,54,7998,59,15265,California
Amador,2021-04-08,498,23323,86,5608,391,17220,21,495,221,7235,275,8273,243,15508,California
Amador,2021-04-09,482,23805,21,5629,441,17661,20,515,213,7197,268,8541,230,15738,California
Amador,2021-04-10,51,23856,15,5644,27,17688,9,524,21,7197,30,8571,30,15768,California
Amador,2021-04-11,48,23904,23,5667,21,17709,4,528,23,7200,24,8595,27,15795,California
Amador,2021-04-12,98,24002,27,5694,61,17770,10,538,42,7196,56,8651,52,15847,California
Amador,2021-04-13,344,24346,47,5741,297,18067,0,538,67,6991,273,8924,68,15915,California
Amador,2021-04-14,286,24632,29,5770,257,18324,0,538,174,7059,106,9030,174,16089,California
Amador,2021-04-15,334,24966,78,5848,256,18580,0,538,70,6873,256,9286,70,16159,California
Amador,2021-04-16,484,25450,29,5877,455,19035,0,538,386,7162,97,9383,386,16545,California
Amador,2021-04-17,65,25515,37,5914,28,19063,0,538,28,7153,37,9420,28,16573,California
Amador,2021-04-18,29,25544,7,5921,22,19085,0,538,11,7148,17,9437,12,16585,California
Amador,2021-04-19,70,25614,28,5949,42,19127,0,538,31,7143,38,9475,33,16618,California
Amador,2021-04-20,438,26052,57,6006,381,19508,0,538,110,6939,316,9791,112,16730,California
Amador,2021-04-21,88,26140,33,6039,54,19562,1,539,44,6941,43,9834,45,16775,California
Amador,2021-04-22,496,26636,77,6116,418,19980,1,540,103,6664,381,10215,104,16879,California
Amador,2021-04-23,360,26996,46,6162,314,20294,0,540,286,6880,72,10287,288,17167,California
Amador,2021-04-24,48,27044,24,6186,24,20318,0,540,27,6887,20,10307,27,17194,California
Amador,2021-04-25,41,27085,19,6205,22,20340,0,540,29,6904,12,10319,29,17223,California
Amador,2021-04-26,93,27178,29,6234,63,20403,1,541,44,6902,48,10367,46,17269,California
Amador,2021-04-27,498,27676,44,6278,453,20856,1,542,90,6592,402,10769,92,17361,California
Amador,2021-04-28,71,27747,30,6308,37,20893,4,546,42,6608,29,10798,45,17406,California
Amador,2021-04-29,221,27968,69,6377,44,20937,108,654,65,6624,156,10954,172,17578,California
Amador,2021-04-30,337,28305,26,6403,307,21244,4,658,94,6479,243,11197,98,17676,California
Amador,2021-05-01,43,28348,15,6418,23,21267,5,663,22,6487,19,11216,27,17703,California
Amador,2021-05-02,27,28375,14,6432,10,21277,3,666,10,6484,17,11233,14,17717,California
Amador,2021-05-03,67,28442,33,6465,24,21301,10,676,27,6481,40,11273,37,17754,California
Amador,2021-05-04,469,28911,27,6492,435,21736,7,683,67,6161,394,11667,74,17828,California
Amador,2021-05-05,203,29114,154,6646,39,21775,10,693,164,6294,38,11705,171,17999,California
Amador,2021-05-06,110,29224,56,6702,49,21824,5,698,64,6319,44,11749,69,18068,California
Amador,2021-05-07,127,29351,29,6731,91,21915,7,705,67,6333,60,11809,74,18142,California
Amador,2021-05-08,42,29393,10,6741,29,21944,3,708,20,6334,22,11831,23,18165,California
Amador,2021-05-09,15,29408,0,6741,9,21953,6,714,4,6333,11,11842,10,18175,California
Amador,2021-05-10,60,29468,14,6755,43,21996,3,717,24,6324,36,11878,27,18202,California
Amador,2021-05-11,101,29569,34,6789,41,22037,26,743,45,6339,56,11934,71,18273,California
Amador,2021-05-12,68,29637,24,6813,41,22078,3,746,32,6338,36,11970,35,18308,California
Amador,2021-05-13,74,29711,41,6854,27,22105,6,752,37,6345,36,12006,43,18351,California
Amador,2021-05-14,395,30106,34,6888,357,22462,4,756,86,6127,309,12315,91,18442,California
Amador,2021-05-15,52,30158,20,6908,21,22483,11,767,24,6134,28,12343,35,18477,California
Amador,2021-05-16,38,30196,15,6923,23,22506,0,767,17,6130,21,12364,17,18494,California
Amador,2021-05-17,75,30271,23,6946,50,22556,2,769,35,6128,39,12403,37,18531,California
Amador,2021-05-18,247,30518,169,7115,43,22599,35,804,163,6243,83,12486,198,18729,California
Amador,2021-05-19,75,30593,25,7140,47,22646,3,807,34,6242,40,12526,39,18768,California
Amador,2021-05-20,87,30680,47,7187,36,22682,4,811,30,6220,56,12582,34,18802,California
Amador,2021-05-21,272,30952,29,7216,241,22923,2,813,40,6030,232,12814,42,18844,California
Amador,2021-05-22,44,30996,14,7230,25,22948,5,818,12,6016,32,12846,18,18862,California
Amador,2021-05-23,26,31022,4,7234,19,22967,3,821,5,6003,21,12867,8,18870,California
Amador,2021-05-24,90,31112,31,7265,47,23014,12,833,42,6010,47,12914,54,18924,California
Amador,2021-05-25,141,31253,89,7354,27,23041,25,858,82,6060,57,12971,107,19031,California
Amador,2021-05-26,207,31460,163,7517,37,23078,7,865,41,5942,165,13136,47,19078,California
Amador,2021-05-27,81,31541,36,7553,36,23114,9,874,30,5930,51,13187,39,19117,California
Amador,2021-05-28,69,31610,27,7580,38,23152,4,878,30,5925,39,13226,34,19151,California
Amador,2021-05-29,26,31636,2,7582,21,23173,3,881,10,5922,16,13242,13,19164,California
Amador,2021-05-30,19,31655,5,7587,8,23181,6,887,6,5921,13,13255,12,19176,California
Amador,2021-05-31,10,31665,0,7587,9,23190,1,888,2,5916,8,13263,3,19179,California
Amador,2021-06-01,94,31759,66,7653,23,23213,5,893,43,5914,50,13313,48,19227,California
Amador,2021-06-02,46,31805,16,7669,22,23235,8,901,16,5909,30,13343,25,19252,California
Amador,2021-06-03,59,31864,26,7695,28,23263,5,906,19,5894,39,13382,24,19276,California
Amador,2021-06-04,101,31965,21,7716,59,23322,21,927,23,5860,78,13460,44,19320,California
Amador,2021-06-05,39,32004,16,7732,20,23342,3,930,5,5834,34,13494,8,19328,California
Amador,2021-06-06,18,32022,8,7740,9,23351,1,931,8,5833,10,13504,9,19337,California
Amador,2021-06-07,45,32067,18,7758,22,23373,5,936,17,5827,28,13532,22,19359,California
Amador,2021-06-08,174,32241,138,7896,25,23398,11,947,54,5774,119,13651,66,19425,California
Amador,2021-06-09,49,32290,19,7915,20,23418,10,957,11,5757,38,13689,21,19446,California
Amador,2021-06-10,55,32345,23,7938,20,23438,12,969,19,5752,36,13725,31,19477,California
Amador,2021-06-11,50,32395,17,7955,29,23467,4,973,12,5730,38,13763,16,19493,California
Amador,2021-06-12,23,32418,8,7963,13,23480,2,975,7,5724,15,13778,9,19502,California
Amador,2021-06-13,9,32427,2,7965,6,23486,1,976,2,5720,7,13785,3,19505,California
Amador,2021-06-14,26,32453,10,7975,13,23499,3,979,4,5705,22,13807,7,19512,California
Butte,2020-12-16,3,3,3,3,0,0,0,0,3,3,0,0,3,3,California
Butte,2020-12-17,21,24,21,24,0,0,0,0,21,24,0,0,21,24,California
Butte,2020-12-18,52,76,52,76,0,0,0,0,52,76,0,0,52,76,California
Butte,2020-12-19,7,83,7,83,0,0,0,0,7,83,0,0,7,83,California
Butte,2020-12-20,10,93,10,93,0,0,0,0,10,93,0,0,10,93,California
Butte,2020-12-21,632,725,632,725,0,0,0,0,632,725,0,0,632,725,California
Butte,2020-12-22,618,1343,616,1341,2,2,0,0,618,1343,0,0,618,1343,California
Butte,2020-12-23,874,2217,858,2199,16,18,0,0,874,2217,0,0,874,2217,California
Butte,2020-12-24,158,2375,154,2353,4,22,0,0,158,2375,0,0,158,2375,California
Butte,2020-12-26,90,2465,88,2441,2,24,0,0,90,2465,0,0,90,2465,California
Butte,2020-12-27,35,2500,34,2475,1,25,0,0,35,2500,0,0,35,2500,California
Butte,2020-12-28,278,2778,272,2747,6,31,0,0,278,2778,0,0,278,2778,California
Butte,2020-12-29,203,2981,180,2927,23,54,0,0,203,2981,0,0,203,2981,California
Butte,2020-12-30,513,3494,291,3218,222,276,0,0,513,3494,0,0,513,3494,California
Butte,2020-12-31,213,3707,18,3236,195,471,0,0,213,3707,0,0,213,3707,California
Butte,2021-01-01,9,3716,2,3238,7,478,0,0,9,3716,0,0,9,3716,California
Butte,2021-01-02,40,3756,37,3275,3,481,0,0,40,3756,0,0,40,3756,California
Butte,2021-01-03,3,3759,0,3275,3,484,0,0,3,3759,0,0,3,3759,California
Butte,2021-01-04,209,3968,176,3451,33,517,0,0,209,3968,0,0,209,3968,California
Butte,2021-01-05,195,4163,152,3603,43,560,0,0,194,4161,1,1,194,4162,California
Butte,2021-01-06,626,4789,396,3999,230,790,0,0,621,4778,5,6,622,4784,California
Butte,2021-01-07,762,5551,369,4368,393,1183,0,0,742,5500,20,26,742,5526,California
Butte,2021-01-08,672,6223,531,4899,141,1324,0,0,624,6076,48,74,624,6150,California
Butte,2021-01-09,11,6234,7,4906,4,1328,0,0,6,6077,5,79,6,6156,California
Butte,2021-01-10,19,6253,5,4911,14,1342,0,0,14,6086,5,84,14,6170,California
Butte,2021-01-11,985,7238,950,5861,35,1377,0,0,356,5816,629,713,359,6529,California
Butte,2021-01-12,697,7935,653,6514,44,1421,0,0,275,5669,422,1135,275,6804,California
Butte,2021-01-13,1564,9499,1073,7587,491,1912,0,0,725,5557,839,1974,727,7531,California
Butte,2021-01-14,1638,11137,892,8479,746,2658,0,0,1441,6802,196,2170,1441,8972,California
Butte,2021-01-15,1052,12189,812,9291,240,2898,0,0,943,7636,109,2279,943,9915,California
Butte,2021-01-16,587,12776,301,9592,286,3184,0,0,543,8135,44,2323,543,10458,California
Butte,2021-01-17,237,13013,63,9655,174,3358,0,0,199,8296,38,2361,199,10657,California
Butte,2021-01-18,345,13358,303,9958,42,3400,0,0,278,8508,66,2427,278,10935,California
Butte,2021-01-19,493,13851,431,10389,62,3462,0,0,223,8461,270,2697,223,11158,California
Butte,2021-01-20,1374,15225,690,11079,684,4146,0,0,1071,9229,303,3000,1071,12229,California
Butte,2021-01-21,1480,16705,869,11948,611,4757,0,0,1372,10494,107,3107,1372,13601,California
Butte,2021-01-22,1141,17846,482,12430,659,5416,0,0,1087,11527,54,3161,1087,14688,California
Butte,2021-01-23,124,17970,84,12514,40,5456,0,0,99,11601,25,3186,99,14787,California
Butte,2021-01-24,9,17979,7,12521,2,5458,0,0,9,11610,0,3186,9,14796,California
Butte,2021-01-25,657,18636,338,12859,319,5777,0,0,493,11939,164,3350,493,15289,California
Butte,2021-01-26,1471,20107,376,13235,1095,6872,0,0,1335,13138,136,3486,1335,16624,California
Butte,2021-01-27,2101,22208,707,13942,1394,8266,0,0,1367,13772,733,4219,1367,17991,California
Butte,2021-01-28,2264,24472,260,14202,2004,10270,0,0,1952,15413,311,4530,1952,19943,California
Butte,2021-01-29,1691,26163,491,14693,1200,11470,0,0,1310,16347,380,4910,1314,21257,California
Butte,2021-01-30,29,26192,8,14701,21,11491,0,0,27,16372,2,4912,27,21284,California
Butte,2021-01-31,15,26207,13,14714,2,11493,0,0,14,16385,1,4913,14,21298,California
Butte,2021-02-01,1753,27960,408,15122,1345,12838,0,0,1362,17359,388,5301,1362,22660,California
Butte,2021-02-02,1932,29892,362,15484,1570,14408,0,0,1631,18688,302,5603,1631,24291,California
Butte,2021-02-03,2738,32630,775,16259,1963,16371,0,0,1844,19640,892,6495,1844,26135,California
Butte,2021-02-04,2956,35586,321,16580,2635,19006,0,0,2400,21486,554,7049,2400,28535,California
Butte,2021-02-05,1271,36857,666,17246,605,19611,0,0,550,21316,721,7770,551,29086,California
Butte,2021-02-06,145,37002,103,17349,42,19653,0,0,62,21295,83,7853,62,29148,California
Butte,2021-02-07,37,37039,33,17382,4,19657,0,0,14,21286,23,7876,14,29162,California
Butte,2021-02-08,700,37739,549,17931,151,19808,0,0,242,21070,458,8334,242,29404,California
Butte,2021-02-09,950,38689,458,18389,492,20300,0,0,721,21562,229,8563,721,30125,California
Butte,2021-02-10,1701,40390,1188,19577,513,20813,0,0,672,21207,1027,9590,672,30797,California
Butte,2021-02-11,2202,42592,1345,20922,857,21670,0,0,1002,21009,1200,10790,1002,31799,California
Butte,2021-02-12,1003,43595,435,21357,568,22238,0,0,330,20667,672,11462,330,32129,California
Butte,2021-02-13,245,43840,43,21400,202,22440,0,0,144,20710,101,11563,144,32273,California
Butte,2021-02-14,162,44002,9,21409,153,22593,0,0,158,20864,4,11567,158,32431,California
Butte,2021-02-15,261,44263,47,21456,214,22807,0,0,196,20995,65,11632,196,32627,California
Butte,2021-02-16,728,44991,431,21887,297,23104,0,0,275,20816,454,12086,275,32902,California
Butte,2021-02-17,1514,46505,846,22733,668,23772,0,0,840,20984,672,12758,840,33742,California
Butte,2021-02-18,1558,48063,759,23492,799,24571,0,0,749,20924,809,13567,749,34491,California
Butte,2021-02-19,1169,49232,389,23881,780,25351,0,0,401,20564,761,14328,401,34892,California
Butte,2021-02-20,476,49708,32,23913,444,25795,0,0,126,20341,349,14677,126,35018,California
Butte,2021-02-21,17,49725,15,23928,2,25797,0,0,13,20350,4,14681,13,35031,California
Butte,2021-02-22,1500,51225,296,24224,1204,27001,0,0,377,19607,1120,15801,377,35408,California
Butte,2021-02-23,1636,52861,295,24519,1341,28342,0,0,463,18902,1168,16969,463,35871,California
Butte,2021-02-24,2133,54994,598,25117,1535,29877,0,0,725,18227,1400,18369,725,36596,California
Butte,2021-02-25,2078,57072,576,25693,1502,31379,0,0,655,17466,1417,19786,656,37252,California
Butte,2021-02-26,919,57991,310,26003,609,31988,0,0,395,17341,520,20306,395,37647,California
Butte,2021-02-27,235,58226,47,26050,188,32176,0,0,186,17480,47,20353,186,37833,California
Butte,2021-02-28,141,58367,15,26065,126,32302,0,0,134,17607,7,20360,134,37967,California
Butte,2021-03-01,1630,59997,175,26240,1454,33756,1,1,329,16639,1298,21658,330,38297,California
Butte,2021-03-02,1748,61745,197,26437,1551,35307,0,1,309,15513,1435,23093,309,38606,California
Butte,2021-03-03,2790,64535,854,27291,1936,37243,0,1,481,13688,2306,25399,481,39087,California
Butte,2021-03-04,3152,67687,681,27972,2471,39714,0,1,627,11791,2524,27923,627,39714,California
Butte,2021-03-05,1354,69041,616,28588,737,40451,1,2,735,11912,615,28538,736,40450,California
Butte,2021-03-06,246,69287,24,28612,199,40650,23,25,186,12062,59,28597,209,40659,California
Butte,2021-03-07,54,69341,3,28615,34,40684,17,42,30,12085,24,28621,47,40706,California
Butte,2021-03-08,1268,70609,129,28744,1061,41745,78,120,1101,13100,164,28785,1179,41885,California
Butte,2021-03-09,1907,72516,284,29028,1521,43266,102,222,1415,14128,489,29274,1517,43402,California
Butte,2021-03-10,2315,74831,964,29992,1251,44517,100,322,1578,15073,732,30006,1677,45079,California
Butte,2021-03-11,2813,77644,1318,31310,1369,45886,126,448,1983,16363,819,30825,2109,47188,California
Butte,2021-03-12,1145,78789,330,31640,467,46353,348,796,355,16282,784,31609,703,47891,California
Butte,2021-03-13,254,79043,68,31708,137,46490,49,845,60,16196,194,31803,108,47999,California
Butte,2021-03-14,164,79207,16,31724,106,46596,42,887,21,16117,142,31945,63,48062,California
Butte,2021-03-15,1741,80948,360,32084,1086,47682,295,1182,1145,16969,588,32533,1440,49502,California
Butte,2021-03-16,1648,82596,414,32498,1156,48838,78,1260,1111,17624,533,33066,1188,50690,California
Butte,2021-03-17,1957,84553,1355,33853,521,49359,81,1341,1137,18029,812,33878,1217,51907,California
Butte,2021-03-18,1811,86364,1467,35320,215,49574,129,1470,1062,18476,743,34621,1190,53097,California
Butte,2021-03-19,694,87058,307,35627,303,49877,84,1554,343,18562,341,34962,427,53524,California
Butte,2021-03-20,206,87264,31,35658,159,50036,16,1570,95,18562,111,35073,111,53635,California
Butte,2021-03-21,55,87319,24,35682,2,50038,29,1599,12,18560,43,35116,41,53676,California
Butte,2021-03-22,1481,88800,350,36032,1037,51075,94,1693,1220,19615,259,35375,1314,54990,California
Butte,2021-03-23,1822,90622,491,36523,1217,52292,114,1807,1473,20856,346,35721,1587,56577,California
Butte,2021-03-24,2261,92883,1265,37788,870,53162,126,1933,1711,22147,545,36266,1836,58413,California
Butte,2021-03-25,1481,94364,1197,38985,192,53354,92,2025,1015,22792,462,36728,1107,59520,California
Butte,2021-03-26,1205,95569,436,39421,522,53876,247,2272,558,22958,639,37367,805,60325,California
Butte,2021-03-27,302,95871,83,39504,195,54071,24,2296,135,22951,164,37531,157,60482,California
Butte,2021-03-28,227,96098,43,39547,176,54247,8,2304,102,22938,122,37653,109,60591,California
Butte,2021-03-29,1761,97859,379,39926,1312,55559,70,2374,1342,23936,414,38067,1412,62003,California
Butte,2021-03-30,1033,98892,470,40396,473,56032,90,2464,488,23975,539,38606,578,62581,California
Butte,2021-03-31,1776,100668,1303,41699,406,56438,67,2531,1082,24436,688,39294,1149,63730,California
Butte,2021-04-01,3328,103996,2706,44405,496,56934,126,2657,2260,25761,1062,40356,2387,66117,California
Butte,2021-04-02,1000,104996,417,44822,463,57397,120,2777,564,26015,428,40784,682,66799,California
Butte,2021-04-03,342,105338,45,44867,225,57622,72,2849,162,26069,180,40964,234,67033,California
Butte,2021-04-04,190,105528,25,44892,142,57764,23,2872,112,26128,76,41040,135,67168,California
Butte,2021-04-05,1972,107500,421,45313,1380,59144,171,3043,594,25522,1369,42409,763,67931,California
Butte,2021-04-06,2209,109709,616,45929,1170,60314,423,3466,801,25342,1402,43811,1222,69153,California
Butte,2021-04-07,3035,112744,1318,47247,1325,61639,392,3858,714,24133,2315,46126,1106,70259,California
Butte,2021-04-08,2757,115501,1202,48449,1287,62926,268,4126,459,22566,2294,48420,727,70986,California
Butte,2021-04-09,1376,116877,353,48802,541,63467,482,4608,330,22331,1042,49462,807,71793,California
Butte,2021-04-10,222,117099,47,48849,75,63542,100,4708,100,22408,122,49584,199,71992,California
Butte,2021-04-11,105,117204,42,48891,53,63595,10,4718,82,22478,22,49606,92,72084,California
Butte,2021-04-12,1412,118616,314,49205,965,64560,133,4851,238,21675,1174,50780,371,72455,California
Butte,2021-04-13,1650,120266,572,49777,1072,65632,6,4857,341,20720,1302,52082,347,72802,California
Butte,2021-04-14,2850,123116,2356,52133,494,66126,0,4857,1329,20536,1516,53598,1332,74134,California
Butte,2021-04-15,637,123753,392,52525,245,66371,0,4857,483,20868,151,53749,483,74617,California
Butte,2021-04-16,811,124564,414,52939,397,66768,0,4857,476,21011,333,54082,476,75093,California
Butte,2021-04-17,338,124902,61,53000,277,67045,0,4857,234,21143,102,54184,234,75327,California
Butte,2021-04-18,43,124945,9,53009,34,67079,0,4857,38,21176,5,54189,38,75365,California
Butte,2021-04-19,1558,126503,378,53387,1180,68259,0,4857,427,20475,1128,55317,427,75792,California
Butte,2021-04-20,1972,128475,721,54108,1251,69510,0,4857,755,20020,1210,56527,755,76547,California
Butte,2021-04-21,2041,130516,1161,55269,880,70390,0,4857,462,18909,1573,58100,462,77009,California
Butte,2021-04-22,2219,132735,1940,57209,279,70669,0,4857,613,17918,1604,59704,613,77622,California
Butte,2021-04-23,935,133670,439,57648,496,71165,0,4857,484,17951,451,60155,484,78106,California
Butte,2021-04-24,347,134017,138,57786,209,71374,0,4857,192,17989,154,60309,192,78298,California
Butte,2021-04-25,173,134190,68,57854,105,71479,0,4857,64,17944,109,60418,64,78362,California
Butte,2021-04-26,1560,135750,454,58308,1101,72580,5,4862,403,17200,1152,61570,408,78770,California
Butte,2021-04-27,1018,136768,677,58985,314,72894,27,4889,583,17381,429,61999,610,79380,California
Butte,2021-04-28,1388,138156,934,59919,429,73323,25,4914,501,17024,883,62882,526,79906,California
Butte,2021-04-29,886,139042,540,60459,321,73644,25,4939,299,16767,581,63463,324,80230,California
Butte,2021-04-30,893,139935,389,60848,483,74127,21,4960,448,16796,439,63902,468,80698,California
Butte,2021-05-01,241,140176,64,60912,158,74285,19,4979,72,16718,168,64070,90,80788,California
Butte,2021-05-02,149,140325,61,60973,75,74360,13,4992,43,16668,106,64176,56,80844,California
Butte,2021-05-03,633,140958,256,61229,346,74706,31,5023,177,16430,446,64622,208,81052,California
Butte,2021-05-04,818,141776,316,61545,470,75176,32,5055,211,16071,601,65223,242,81294,California
Butte,2021-05-05,1338,143114,1092,62637,210,75386,36,5091,272,15319,1061,66284,309,81603,California
Butte,2021-05-06,932,144046,673,63310,222,75608,37,5128,356,15139,573,66857,393,81996,California
Butte,2021-05-07,560,144606,288,63598,236,75844,36,5164,286,15189,271,67128,321,82317,California
Butte,2021-05-08,168,144774,35,63633,124,75968,9,5173,88,15207,79,67207,97,82414,California
Butte,2021-05-09,92,144866,19,63652,70,76038,3,5176,49,15216,43,67250,52,82466,California
Butte,2021-05-10,514,145380,302,63954,169,76207,43,5219,211,15170,300,67550,254,82720,California
Butte,2021-05-11,871,146251,643,64597,169,76376,59,5278,278,14917,590,68140,337,83057,California
Butte,2021-05-12,767,147018,484,65081,237,76613,46,5324,345,14890,418,68558,391,83448,California
Butte,2021-05-13,908,147926,607,65688,239,76852,62,5386,331,14715,566,69124,391,83839,California
Butte,2021-05-14,827,148753,515,66203,282,77134,30,5416,357,14635,466,69590,386,84225,California
Butte,2021-05-15,480,149233,224,66427,224,77358,32,5448,223,14634,256,69846,255,84480,California
Butte,2021-05-16,166,149399,82,66509,66,77424,18,5466,97,14681,68,69914,115,84595,California
Butte,2021-05-17,752,150151,479,66988,225,77649,48,5514,323,14625,426,70340,370,84965,California
Butte,2021-05-18,1061,151212,730,67718,283,77932,48,5562,475,14568,580,70920,523,85488,California
Butte,2021-05-19,827,152039,535,68253,248,78180,44,5606,331,14451,491,71411,374,85862,California
Butte,2021-05-20,976,153015,654,68907,214,78394,108,5714,391,14367,582,71993,498,86360,California
Butte,2021-05-21,892,153907,545,69452,320,78714,27,5741,309,14122,580,72573,335,86695,California
Butte,2021-05-22,292,154199,139,69591,146,78860,7,5748,147,14133,142,72715,153,86848,California
Butte,2021-05-23,124,154323,75,69666,48,78908,1,5749,80,14170,44,72759,81,86929,California
Butte,2021-05-24,338,154661,153,69819,135,79043,50,5799,170,14223,166,72925,219,87148,California
Butte,2021-05-25,688,155349,441,70260,211,79254,36,5835,340,14258,341,73266,376,87524,California
Butte,2021-05-26,563,155912,182,70442,358,79612,23,5858,255,14237,299,73565,278,87802,California
Butte,2021-05-27,864,156776,621,71063,226,79838,17,5875,429,14254,430,73995,447,88249,California
Butte,2021-05-28,516,157292,139,71202,298,80136,79,5954,215,14249,299,74294,294,88543,California
Butte,2021-05-29,224,157516,116,71318,96,80232,12,5966,148,14333,76,74370,160,88703,California
Butte,2021-05-30,107,157623,56,71374,51,80283,0,5966,61,14348,46,74416,61,88764,California
Butte,2021-05-31,43,157666,23,71397,18,80301,2,5968,25,14357,18,74434,27,88791,California
Butte,2021-06-01,665,158331,423,71820,210,80511,32,6000,251,14229,411,74845,283,89074,California
Butte,2021-06-02,817,159148,569,72389,204,80715,44,6044,354,14168,459,75304,398,89472,California
Butte,2021-06-03,622,159770,422,72811,185,80900,15,6059,222,14008,397,75701,237,89709,California
Butte,2021-06-04,478,160248,272,73083,178,81078,28,6087,158,13880,314,76015,186,89895,California
Butte,2021-06-05,317,160565,204,73287,93,81171,20,6107,103,13791,212,76227,123,90018,California
Butte,2021-06-06,135,160700,100,73387,33,81204,2,6109,34,13727,100,76327,36,90054,California
Butte,2021-06-07,398,161098,255,73642,114,81318,29,6138,172,13703,225,76552,201,90255,California
Butte,2021-06-08,646,161744,468,74110,162,81480,16,6154,192,13469,443,76995,209,90464,California
Butte,2021-06-09,427,162171,291,74401,117,81597,19,6173,140,13347,281,77276,159,90623,California
Butte,2021-06-10,616,162787,449,74850,138,81735,29,6202,233,13227,381,77657,261,90884,California
Butte,2021-06-11,389,163176,209,75059,160,81895,20,6222,138,13136,249,77906,158,91042,California
Butte,2021-06-12,248,163424,151,75210,85,81980,12,6234,70,13041,177,78083,82,91124,California
Butte,2021-06-13,97,163521,64,75274,30,82010,3,6237,20,12987,77,78160,23,91147,California
Butte,2021-06-14,157,163678,88,75362,65,82075,4,6241,67,12968,90,78250,71,91218,California
Calaveras,2020-12-16,5,5,5,5,0,0,0,0,5,5,0,0,5,5,California
Calaveras,2020-12-17,3,8,3,8,0,0,0,0,3,8,0,0,3,8,California
Calaveras,2020-12-18,40,48,40,48,0,0,0,0,40,48,0,0,40,48,California
Calaveras,2020-12-19,3,51,3,51,0,0,0,0,3,51,0,0,3,51,California
Calaveras,2020-12-20,4,55,4,55,0,0,0,0,4,55,0,0,4,55,California
Calaveras,2020-12-21,56,111,49,104,7,7,0,0,56,111,0,0,56,111,California
Calaveras,2020-12-22,83,194,79,183,4,11,0,0,84,195,0,0,84,195,California
Calaveras,2020-12-23,76,270,74,257,2,13,0,0,76,271,0,0,76,271,California
Calaveras,2020-12-24,2,272,2,259,0,13,0,0,2,273,0,0,2,273,California
Calaveras,2020-12-26,3,275,3,262,0,13,0,0,3,276,0,0,3,276,California
Calaveras,2020-12-27,1,276,1,263,0,13,0,0,1,277,0,0,1,277,California
Calaveras,2020-12-28,21,297,17,280,4,17,0,0,20,296,1,1,20,297,California
Calaveras,2020-12-29,160,457,139,419,21,38,0,0,160,456,0,1,160,457,California
Calaveras,2020-12-30,94,551,81,500,13,51,0,0,93,548,1,2,93,550,California
Calaveras,2020-12-31,36,587,25,525,11,62,0,0,36,584,0,2,36,586,California
Calaveras,2021-01-02,11,598,11,536,0,62,0,0,11,595,0,2,11,597,California
Calaveras,2021-01-03,10,608,4,540,6,68,0,0,10,605,0,2,10,607,California
Calaveras,2021-01-04,33,641,5,545,28,96,0,0,33,638,0,2,33,640,California
Calaveras,2021-01-05,46,687,10,555,36,132,0,0,37,667,8,10,37,677,California
Calaveras,2021-01-06,107,794,30,585,77,209,0,0,97,754,10,20,97,774,California
Calaveras,2021-01-07,110,904,30,615,80,289,0,0,93,834,13,33,93,867,California
Calaveras,2021-01-08,70,974,40,655,30,319,0,0,45,855,25,58,46,913,California
Calaveras,2021-01-09,5,979,5,660,0,319,0,0,2,854,3,61,2,915,California
Calaveras,2021-01-10,2,981,0,660,2,321,0,0,2,856,0,61,2,917,California
Calaveras,2021-01-11,67,1048,60,720,7,328,0,0,28,847,37,98,28,945,California
Calaveras,2021-01-12,86,1134,52,772,34,362,0,0,53,867,33,131,53,998,California
Calaveras,2021-01-13,108,1242,45,817,63,425,0,0,74,908,34,165,75,1073,California
Calaveras,2021-01-14,141,1383,44,861,97,522,0,0,106,980,34,199,106,1179,California
Calaveras,2021-01-15,92,1475,28,889,64,586,0,0,72,1032,20,219,72,1251,California
Calaveras,2021-01-16,13,1488,2,891,11,597,0,0,12,1043,1,220,12,1263,California
Calaveras,2021-01-17,10,1498,2,893,8,605,0,0,9,1051,1,221,9,1272,California
Calaveras,2021-01-18,134,1632,19,912,115,720,0,0,121,1159,13,234,121,1393,California
Calaveras,2021-01-19,211,1843,180,1092,31,751,0,0,70,1093,137,371,71,1464,California
Calaveras,2021-01-20,395,2238,82,1174,313,1064,0,0,301,1304,91,462,302,1766,California
Calaveras,2021-01-21,482,2720,39,1213,443,1507,0,0,439,1700,43,505,439,2205,California
Calaveras,2021-01-22,411,3131,24,1237,387,1894,0,0,399,2087,12,517,399,2604,California
Calaveras,2021-01-23,18,3149,8,1245,10,1904,0,0,17,2103,1,518,17,2621,California
Calaveras,2021-01-24,14,3163,8,1253,6,1910,0,0,12,2113,2,520,12,2633,California
Calaveras,2021-01-25,87,3250,8,1261,79,1989,0,0,81,2188,6,526,81,2714,California
Calaveras,2021-01-26,48,3298,16,1277,32,2021,0,0,39,2218,9,535,39,2753,California
Calaveras,2021-01-27,129,3427,45,1322,84,2105,0,0,100,2290,28,563,100,2853,California
Calaveras,2021-01-28,172,3599,26,1348,146,2251,0,0,144,2406,28,591,144,2997,California
Calaveras,2021-01-29,386,3985,14,1362,372,2623,0,0,349,2719,36,627,349,3346,California
Calaveras,2021-01-30,27,4012,10,1372,17,2640,0,0,25,2744,0,627,25,3371,California
Calaveras,2021-01-31,7,4019,4,1376,3,2643,0,0,6,2749,1,628,6,3377,California
Calaveras,2021-02-01,26,4045,11,1387,15,2658,0,0,17,2757,9,637,17,3394,California
Calaveras,2021-02-02,112,4157,24,1411,88,2746,0,0,72,2796,34,671,73,3467,California
Calaveras,2021-02-03,419,4576,44,1455,375,3121,0,0,326,3031,91,762,326,3793,California
Calaveras,2021-02-04,401,4977,27,1482,374,3495,0,0,302,3237,96,858,302,4095,California
Calaveras,2021-02-05,80,5057,23,1505,57,3552,0,0,41,3242,37,895,42,4137,California
Calaveras,2021-02-06,21,5078,12,1517,9,3561,0,0,21,3263,0,895,21,4158,California
Calaveras,2021-02-07,5,5083,1,1518,4,3565,0,0,2,3263,2,897,2,4160,California
Calaveras,2021-02-08,39,5122,18,1536,21,3586,0,0,31,3288,6,903,31,4191,California
Calaveras,2021-02-09,197,5319,79,1615,118,3704,0,0,131,3356,63,966,131,4322,California
Calaveras,2021-02-10,538,5857,33,1648,505,4209,0,0,448,3715,89,1055,448,4770,California
Calaveras,2021-02-11,606,6463,83,1731,523,4732,0,0,478,4074,120,1175,479,5249,California
Calaveras,2021-02-12,585,7048,340,2071,245,4977,0,0,495,4483,87,1262,496,5745,California
Calaveras,2021-02-13,200,7248,45,2116,155,5132,0,0,185,4653,15,1277,185,5930,California
Calaveras,2021-02-14,222,7470,71,2187,151,5283,0,0,207,4846,14,1291,207,6137,California
Calaveras,2021-02-15,383,7853,23,2210,360,5643,0,0,262,4991,117,1408,262,6399,California
Calaveras,2021-02-16,283,8136,153,2363,130,5773,0,0,233,5181,43,1451,233,6632,California
Calaveras,2021-02-17,532,8668,38,2401,494,6267,0,0,210,5103,288,1739,210,6842,California
Calaveras,2021-02-18,517,9185,90,2491,427,6694,0,0,95,4822,377,2116,96,6938,California
Calaveras,2021-02-19,451,9636,43,2534,408,7102,0,0,98,4589,331,2447,98,7036,California
Calaveras,2021-02-20,57,9693,15,2549,42,7144,0,0,47,4626,10,2457,47,7083,California
Calaveras,2021-02-21,25,9718,15,2564,10,7154,0,0,18,4638,6,2463,18,7101,California
Calaveras,2021-02-22,63,9781,39,2603,24,7178,0,0,33,4642,29,2492,33,7134,California
Calaveras,2021-02-23,129,9910,44,2647,85,7263,0,0,92,4698,37,2529,93,7227,California
Calaveras,2021-02-24,97,10007,48,2695,49,7312,0,0,66,4734,30,2559,66,7293,California
Calaveras,2021-02-25,566,10573,102,2797,464,7776,0,0,360,4899,195,2754,360,7653,California
Calaveras,2021-02-26,794,11367,46,2843,748,8524,0,0,412,4971,340,3094,412,8065,California
Calaveras,2021-02-27,205,11572,23,2866,182,8706,0,0,181,5128,24,3118,181,8246,California
Calaveras,2021-02-28,97,11669,15,2881,82,8788,0,0,91,5214,5,3123,91,8337,California
Calaveras,2021-03-01,237,11906,45,2926,192,8980,0,0,150,5285,80,3203,151,8488,California
Calaveras,2021-03-02,257,12163,101,3027,156,9136,0,0,207,5446,47,3250,208,8696,California
Calaveras,2021-03-03,568,12731,107,3134,461,9597,0,0,242,5385,303,3553,242,8938,California
Calaveras,2021-03-04,772,13503,74,3208,697,10294,1,1,356,5367,375,3928,357,9295,California
Calaveras,2021-03-05,507,14010,292,3500,211,10505,4,5,140,5212,299,4227,144,9439,California
Calaveras,2021-03-06,152,14162,41,3541,105,10610,6,11,113,5292,39,4266,119,9558,California
Calaveras,2021-03-07,77,14239,32,3573,38,10648,7,18,35,5292,42,4308,42,9600,California
Calaveras,2021-03-08,164,14403,28,3601,128,10776,8,26,130,5397,33,4341,138,9738,California
Calaveras,2021-03-09,371,14774,144,3745,221,10997,6,32,32,5120,315,4656,38,9776,California
Calaveras,2021-03-10,436,15210,32,3777,401,11398,3,35,58,4845,336,4992,61,9837,California
Calaveras,2021-03-11,870,16080,425,4202,432,11830,13,48,431,4891,400,5392,446,10283,California
Calaveras,2021-03-12,405,16485,217,4419,178,12008,10,58,326,5154,77,5469,340,10623,California
Calaveras,2021-03-13,178,16663,15,4434,155,12163,8,66,138,5266,39,5508,151,10774,California
Calaveras,2021-03-14,155,16818,11,4445,143,12306,1,67,17,5152,138,5646,24,10798,California
Calaveras,2021-03-15,331,17149,48,4493,258,12564,25,92,54,4959,276,5922,83,10881,California
Calaveras,2021-03-16,692,17841,554,5047,118,12682,20,112,545,5380,144,6066,565,11446,California
Calaveras,2021-03-17,283,18124,51,5098,218,12900,14,126,49,5220,224,6290,64,11510,California
Calaveras,2021-03-18,665,18789,569,5667,80,12980,16,142,548,5670,116,6406,566,12076,California
Calaveras,2021-03-19,235,19024,51,5718,110,13090,74,216,60,5631,170,6576,131,12207,California
Calaveras,2021-03-20,77,19101,22,5740,54,13144,1,217,20,5596,57,6633,22,12229,California
Calaveras,2021-03-21,46,19147,29,5769,6,13150,11,228,9,5581,36,6669,21,12250,California
Calaveras,2021-03-22,81,19228,37,5806,23,13173,21,249,25,5571,56,6725,46,12296,California
Calaveras,2021-03-23,308,19536,218,6024,80,13253,10,259,114,5526,169,6894,124,12420,California
Calaveras,2021-03-24,137,19673,53,6077,74,13327,10,269,44,5491,89,6983,54,12474,California
Calaveras,2021-03-25,755,20428,106,6183,645,13972,4,273,446,5654,287,7270,450,12924,California
Calaveras,2021-03-26,430,20858,28,6211,396,14368,6,279,87,5413,336,7606,95,13019,California
Calaveras,2021-03-27,212,21070,20,6231,188,14556,4,283,37,5284,172,7778,43,13062,California
Calaveras,2021-03-28,112,21182,12,6243,98,14654,2,285,8,5192,103,7881,11,13073,California
Calaveras,2021-03-29,178,21360,23,6266,152,14806,3,288,56,5133,119,8000,60,13133,California
Calaveras,2021-03-30,539,21899,26,6292,496,15302,17,305,360,5332,178,8178,377,13510,California
Calaveras,2021-03-31,324,22223,143,6435,171,15473,10,315,156,5333,166,8344,167,13677,California
Calaveras,2021-04-01,690,22913,447,6882,242,15715,1,316,186,5031,493,8837,191,13868,California
Calaveras,2021-04-02,397,23310,234,7116,155,15870,8,324,116,4887,269,9106,125,13993,California
Calaveras,2021-04-03,143,23453,33,7149,106,15976,4,328,40,4828,103,9209,44,14037,California
Calaveras,2021-04-04,82,23535,26,7175,56,16032,0,328,50,4846,32,9241,50,14087,California
Calaveras,2021-04-05,212,23747,81,7256,121,16153,10,338,100,4844,112,9353,110,14197,California
Calaveras,2021-04-06,655,24402,577,7833,64,16217,14,352,114,4435,537,9890,128,14325,California
Calaveras,2021-04-07,760,25162,662,8495,62,16279,36,388,620,4954,138,10028,657,14982,California
Calaveras,2021-04-08,947,26109,856,9351,69,16348,22,410,437,4908,506,10534,460,15442,California
Calaveras,2021-04-09,155,26264,59,9410,48,16396,48,458,57,4917,97,10631,106,15548,California
Calaveras,2021-04-10,194,26458,43,9453,132,16528,19,477,149,5042,44,10675,169,15717,California
Calaveras,2021-04-11,68,26526,44,9497,22,16550,2,479,49,5074,19,10694,51,15768,California
Calaveras,2021-04-12,104,26630,46,9543,40,16590,18,497,55,5099,49,10743,74,15842,California
Calaveras,2021-04-13,423,27053,368,9911,55,16645,0,497,364,5410,55,10798,366,16208,California
Calaveras,2021-04-14,181,27234,29,9940,152,16797,0,497,135,5500,46,10844,136,16344,California
Calaveras,2021-04-15,334,27568,284,10224,50,16847,0,497,247,5665,82,10926,247,16591,California
Calaveras,2021-04-16,99,27667,24,10248,75,16922,0,497,46,5663,48,10974,46,16637,California
Calaveras,2021-04-17,333,28000,129,10377,204,17126,0,497,290,5910,43,11017,290,16927,California
Calaveras,2021-04-18,17,28017,6,10383,11,17137,0,497,11,5915,6,11023,11,16938,California
Calaveras,2021-04-19,74,28091,26,10409,48,17185,0,497,45,5933,28,11051,46,16984,California
Calaveras,2021-04-20,262,28353,94,10503,168,17353,0,497,194,6063,64,11115,194,17178,California
Calaveras,2021-04-21,213,28566,143,10646,70,17423,0,497,81,6015,130,11245,82,17260,California
Calaveras,2021-04-22,545,29111,97,10743,448,17871,0,497,142,5762,397,11642,144,17404,California
Calaveras,2021-04-23,157,29268,79,10822,78,17949,0,497,64,5738,88,11730,64,17468,California
Calaveras,2021-04-24,172,29440,36,10858,136,18085,0,497,129,5828,40,11770,130,17598,California
Calaveras,2021-04-25,43,29483,28,10886,15,18100,0,497,22,5831,21,11791,24,17622,California
Calaveras,2021-04-26,116,29599,73,10959,43,18143,0,497,34,5784,82,11873,35,17657,California
Calaveras,2021-04-27,443,30042,75,11034,355,18498,13,510,57,5473,381,12254,70,17727,California
Calaveras,2021-04-28,647,30689,579,11613,37,18535,31,541,53,4973,591,12845,91,17818,California
Calaveras,2021-04-29,514,31203,442,12055,53,18588,19,560,73,4631,439,13284,97,17915,California
Calaveras,2021-04-30,150,31353,61,12116,84,18672,5,565,67,4627,82,13366,78,17993,California
Calaveras,2021-05-01,202,31555,111,12227,88,18760,3,568,134,4702,66,13432,141,18134,California
Calaveras,2021-05-02,51,31606,34,12261,16,18776,1,569,18,4691,31,13463,20,18154,California
Calaveras,2021-05-03,92,31698,68,12329,19,18795,5,574,29,4666,63,13526,38,18192,California
Calaveras,2021-05-04,416,32114,330,12659,49,18844,37,611,43,4375,372,13898,81,18273,California
Calaveras,2021-05-05,113,32227,58,12717,23,18867,32,643,50,4394,62,13960,81,18354,California
Calaveras,2021-05-06,254,32481,194,12911,36,18903,24,667,47,4260,206,14166,72,18426,California
Calaveras,2021-05-07,86,32567,22,12933,58,18961,6,673,56,4292,30,14196,62,18488,California
Calaveras,2021-05-08,290,32857,143,13076,145,19106,2,675,90,4188,196,14392,92,18580,California
Calaveras,2021-05-09,29,32886,12,13088,14,19120,3,678,13,4188,16,14408,16,18596,California
Calaveras,2021-05-10,57,32943,25,13113,31,19151,1,679,25,4186,29,14437,27,18623,California
Calaveras,2021-05-11,134,33077,88,13201,33,19184,13,692,93,4253,40,14477,107,18730,California
Calaveras,2021-05-12,167,33244,46,13247,121,19305,0,692,51,4189,115,14592,51,18781,California
Calaveras,2021-05-13,119,33363,65,13312,39,19344,15,707,63,4214,54,14646,79,18860,California
Calaveras,2021-05-14,149,33512,92,13404,54,19398,3,710,100,4269,48,14694,103,18963,California
Calaveras,2021-05-15,270,33782,95,13499,172,19570,3,713,107,4225,154,14848,110,19073,California
Calaveras,2021-05-16,29,33811,12,13511,17,19587,0,713,14,4225,15,14863,15,19088,California
Calaveras,2021-05-17,88,33899,41,13552,40,19627,7,720,46,4238,41,14904,54,19142,California
Calaveras,2021-05-18,224,34123,61,13613,141,19768,22,742,71,4179,152,15056,93,19235,California
Calaveras,2021-05-19,146,34269,59,13672,82,19850,5,747,70,4179,75,15131,75,19310,California
Calaveras,2021-05-20,201,34470,78,13750,98,19948,25,772,65,4135,133,15264,89,19399,California
Calaveras,2021-05-21,97,34567,55,13805,38,19986,4,776,58,4159,37,15301,61,19460,California
Calaveras,2021-05-22,301,34868,159,13964,142,20128,0,776,147,4155,151,15452,147,19607,California
Calaveras,2021-05-23,30,34898,14,13978,16,20144,0,776,13,4151,17,15469,13,19620,California
Calaveras,2021-05-24,74,34972,38,14016,20,20164,16,792,31,4156,43,15512,48,19668,California
Calaveras,2021-05-25,121,35093,46,14062,59,20223,16,808,57,4165,64,15576,73,19741,California
Calaveras,2021-05-26,121,35214,87,14149,30,20253,4,812,83,4214,37,15613,86,19827,California
Calaveras,2021-05-27,83,35297,43,14192,36,20289,4,816,27,4193,53,15666,32,19859,California
Calaveras,2021-05-28,82,35379,42,14234,36,20325,4,820,41,4197,41,15707,45,19904,California
Calaveras,2021-05-29,68,35447,23,14257,40,20365,5,825,33,4200,35,15742,38,19942,California
Calaveras,2021-05-30,36,35483,14,14271,17,20382,5,830,11,4191,25,15767,16,19958,California
Calaveras,2021-05-31,5,35488,0,14271,3,20385,2,832,0,4188,5,15772,2,19960,California
Calaveras,2021-06-01,144,35632,97,14368,41,20426,6,838,44,4138,100,15872,50,20010,California
Calaveras,2021-06-02,85,35717,54,14422,27,20453,4,842,36,4129,49,15921,40,20050,California
Calaveras,2021-06-03,93,35810,55,14477,31,20484,7,849,42,4131,49,15970,51,20101,California
Calaveras,2021-06-04,140,35950,94,14571,34,20518,12,861,37,4077,103,16073,49,20150,California
Calaveras,2021-06-05,84,36034,27,14598,55,20573,2,863,33,4062,50,16123,35,20185,California
Calaveras,2021-06-06,40,36074,28,14626,9,20582,3,866,21,4067,19,16142,24,20209,California
Calaveras,2021-06-07,60,36134,43,14669,9,20591,8,874,24,4064,35,16177,32,20241,California
Calaveras,2021-06-08,124,36258,79,14748,38,20629,7,881,56,4061,66,16243,63,20304,California
Calaveras,2021-06-09,92,36350,48,14796,38,20667,6,887,28,4034,63,16306,36,20340,California
Calaveras,2021-06-10,116,36466,58,14854,49,20716,9,896,41,4011,73,16379,50,20390,California
Calaveras,2021-06-11,98,36564,54,14908,41,20757,3,899,31,3978,67,16446,34,20424,California
Calaveras,2021-06-12,61,36625,35,14943,24,20781,2,901,18,3956,43,16489,21,20445,California
Calaveras,2021-06-13,27,36652,18,14961,9,20790,0,901,8,3945,19,16508,8,20453,California
Calaveras,2021-06-14,13,36665,8,14969,5,20795,0,901,6,3944,7,16515,6,20459,California
Colusa,2020-12-18,1,1,1,1,0,0,0,0,1,1,0,0,1,1,California
Colusa,2020-12-21,2,3,2,3,0,0,0,0,2,3,0,0,2,3,California
Colusa,2020-12-22,10,13,10,13,0,0,0,0,10,13,0,0,10,13,California
Colusa,2020-12-23,10,23,10,23,0,0,0,0,10,23,0,0,10,23,California
Colusa,2020-12-24,2,25,1,24,1,1,0,0,2,25,0,0,2,25,California
Colusa,2020-12-27,1,26,1,25,0,1,0,0,1,26,0,0,1,26,California
Colusa,2020-12-28,7,33,3,28,4,5,0,0,7,33,0,0,7,33,California
Colusa,2020-12-29,11,44,8,36,3,8,0,0,11,44,0,0,11,44,California
Colusa,2020-12-30,51,95,14,50,37,45,0,0,51,95,0,0,51,95,California
Colusa,2020-12-31,18,113,1,51,17,62,0,0,18,113,0,0,18,113,California
Colusa,2021-01-04,4,117,0,51,4,66,0,0,4,117,0,0,4,117,California
Colusa,2021-01-05,67,184,1,52,66,132,0,0,67,184,0,0,67,184,California
Colusa,2021-01-06,15,199,9,61,6,138,0,0,15,199,0,0,15,199,California
Colusa,2021-01-07,39,238,5,66,34,172,0,0,38,236,1,1,38,237,California
Colusa,2021-01-08,9,247,7,73,2,174,0,0,8,243,1,2,8,245,California
Colusa,2021-01-09,2,249,1,74,1,175,0,0,2,245,0,2,2,247,California
Colusa,2021-01-10,1,250,0,74,1,176,0,0,1,246,0,2,1,248,California
Colusa,2021-01-11,12,262,6,80,6,182,0,0,7,248,5,7,7,255,California
Colusa,2021-01-12,11,273,9,89,2,184,0,0,6,249,5,12,6,261,California
Colusa,2021-01-13,21,294,13,102,8,192,0,0,13,254,8,20,13,274,California
Colusa,2021-01-14,35,329,28,130,7,199,0,0,33,285,2,22,33,307,California
Colusa,2021-01-15,44,373,5,135,39,238,0,0,42,325,2,24,42,349,California
Colusa,2021-01-16,12,385,1,136,11,249,0,0,11,335,1,25,11,360,California
Colusa,2021-01-17,3,388,2,138,1,250,0,0,2,336,1,26,2,362,California
Colusa,2021-01-18,4,392,0,138,4,254,0,0,4,340,0,26,4,366,California
Colusa,2021-01-19,9,401,8,146,1,255,0,0,5,341,4,30,5,371,California
Colusa,2021-01-20,113,514,101,247,12,267,0,0,99,426,14,44,99,470,California
Colusa,2021-01-21,59,573,44,291,15,282,0,0,58,483,1,45,58,528,California
Colusa,2021-01-22,36,609,17,308,19,301,0,0,31,509,5,50,31,559,California
Colusa,2021-01-23,35,644,6,314,29,330,0,0,35,544,0,50,35,594,California
Colusa,2021-01-25,7,651,0,314,7,337,0,0,7,551,0,50,7,601,California
Colusa,2021-01-26,8,659,5,319,3,340,0,0,5,553,3,53,5,606,California
Colusa,2021-01-27,109,768,31,350,78,418,0,0,107,658,2,55,107,713,California
Colusa,2021-01-28,82,850,47,397,35,453,0,0,74,724,8,63,74,787,California
Colusa,2021-01-29,40,890,7,404,33,486,0,0,39,762,1,64,39,826,California
Colusa,2021-01-30,27,917,4,408,23,509,0,0,27,789,0,64,27,853,California
Colusa,2021-01-31,7,924,7,415,0,509,0,0,7,796,0,64,7,860,California
Colusa,2021-02-01,27,951,10,425,17,526,0,0,22,813,5,69,22,882,California
Colusa,2021-02-02,44,995,9,434,35,561,0,0,37,843,7,76,37,919,California
Colusa,2021-02-03,70,1065,11,445,59,620,0,0,59,891,11,87,59,978,California
Colusa,2021-02-04,144,1209,82,527,62,682,0,0,116,979,28,115,116,1094,California
Colusa,2021-02-05,28,1237,8,535,20,702,0,0,25,1001,3,118,25,1119,California
Colusa,2021-02-06,282,1519,9,544,273,975,0,0,271,1261,11,129,271,1390,California
Colusa,2021-02-07,2,1521,1,545,1,976,0,0,0,1259,2,131,0,1390,California
Colusa,2021-02-08,40,1561,5,550,35,1011,0,0,37,1293,3,134,37,1427,California
Colusa,2021-02-09,229,1790,14,564,215,1226,0,0,176,1416,53,187,176,1603,California
Colusa,2021-02-10,115,1905,41,605,74,1300,0,0,72,1445,43,230,72,1675,California
Colusa,2021-02-11,100,2005,37,642,63,1363,0,0,73,1491,27,257,73,1748,California
Colusa,2021-02-12,120,2125,9,651,111,1474,0,0,79,1528,42,299,79,1827,California
Colusa,2021-02-13,60,2185,8,659,52,1526,0,0,52,1572,8,307,52,1879,California
Colusa,2021-02-14,21,2206,8,667,13,1539,0,0,15,1581,6,313,15,1894,California
Colusa,2021-02-15,45,2251,10,677,35,1574,0,0,38,1612,7,320,38,1932,California
Colusa,2021-02-16,67,2318,4,681,63,1637,0,0,66,1677,1,321,66,1998,California
Colusa,2021-02-17,203,2521,143,824,60,1697,0,0,58,1590,145,466,58,2056,California
Colusa,2021-02-18,137,2658,36,860,101,1798,0,0,114,1681,23,489,114,2170,California
Colusa,2021-02-19,152,2810,19,879,133,1931,0,0,130,1789,22,511,130,2300,California
Colusa,2021-02-20,27,2837,5,884,22,1953,0,0,11,1784,16,527,11,2311,California
Colusa,2021-02-21,1,2838,1,885,0,1953,0,0,0,1783,1,528,0,2311,California
Colusa,2021-02-22,43,2881,26,911,17,1970,0,0,29,1798,14,542,29,2340,California
Colusa,2021-02-23,22,2903,7,918,15,1985,0,0,17,1810,5,547,17,2357,California
Colusa,2021-02-24,303,3206,55,973,248,2233,0,0,158,1823,145,692,158,2515,California
Colusa,2021-02-25,103,3309,55,1028,48,2281,0,0,67,1854,36,728,67,2582,California
Colusa,2021-02-26,97,3406,15,1043,82,2363,0,0,60,1877,37,765,60,2642,California
Colusa,2021-02-27,55,3461,4,1047,51,2414,0,0,40,1902,15,780,40,2682,California
Colusa,2021-02-28,27,3488,15,1062,12,2426,0,0,18,1911,9,789,18,2700,California
Colusa,2021-03-01,46,3534,15,1077,31,2457,0,0,29,1923,17,806,29,2729,California
Colusa,2021-03-02,48,3582,12,1089,36,2493,0,0,25,1925,23,829,25,2754,California
Colusa,2021-03-03,247,3829,46,1135,201,2694,0,0,190,2058,57,886,190,2944,California
Colusa,2021-03-04,138,3967,58,1193,80,2774,0,0,80,2080,58,944,80,3024,California
Colusa,2021-03-05,94,4061,25,1218,60,2834,9,9,53,2101,41,985,62,3086,California
Colusa,2021-03-06,272,4333,9,1227,263,3097,0,9,38,1905,234,1219,38,3124,California
Colusa,2021-03-07,8,4341,5,1232,3,3100,0,9,6,1909,2,1221,6,3130,California
Colusa,2021-03-08,89,4430,21,1253,33,3133,35,44,45,1945,44,1265,80,3210,California
Colusa,2021-03-09,275,4705,74,1327,178,3311,23,67,85,1863,190,1455,108,3318,California
Colusa,2021-03-10,290,4995,38,1365,216,3527,36,103,204,2017,86,1541,240,3558,California
Colusa,2021-03-11,418,5413,60,1425,337,3864,21,124,335,2288,83,1624,354,3912,California
Colusa,2021-03-12,110,5523,18,1443,79,3943,13,137,20,2231,90,1714,33,3945,California
Colusa,2021-03-13,59,5582,14,1457,36,3979,9,146,17,2215,42,1756,26,3971,California
Colusa,2021-03-14,20,5602,0,1457,18,3997,2,148,6,2210,13,1769,8,3979,California
Colusa,2021-03-15,71,5673,27,1484,36,4033,8,156,15,2177,56,1825,23,4002,California
Colusa,2021-03-16,296,5969,16,1500,234,4267,46,202,189,2305,107,1932,235,4237,California
Colusa,2021-03-17,193,6162,50,1550,143,4410,0,202,108,2328,85,2017,108,4345,California
Colusa,2021-03-18,324,6486,37,1587,216,4626,71,273,201,2477,123,2140,272,4617,California
Colusa,2021-03-19,80,6566,21,1608,57,4683,2,275,53,2505,27,2167,55,4672,California
Colusa,2021-03-20,49,6615,7,1615,41,4724,1,276,36,2529,13,2180,37,4709,California
Colusa,2021-03-21,6,6621,4,1619,2,4726,0,276,3,2529,3,2183,3,4712,California
Colusa,2021-03-22,62,6683,10,1629,43,4769,9,285,40,2556,22,2205,49,4761,California
Colusa,2021-03-23,81,6764,16,1645,63,4832,2,287,55,2587,26,2231,57,4818,California
Colusa,2021-03-24,340,7104,56,1701,278,5110,6,293,67,2386,273,2504,72,4890,California
Colusa,2021-03-25,108,7212,60,1761,43,5153,5,298,50,2383,58,2562,55,4945,California
Colusa,2021-03-26,298,7510,48,1809,246,5399,4,302,246,2581,52,2614,250,5195,California
Colusa,2021-03-27,64,7574,5,1814,59,5458,0,302,26,2569,38,2652,26,5221,California
Colusa,2021-03-28,16,7590,7,1821,9,5467,0,302,8,2569,8,2660,8,5229,California
Colusa,2021-03-29,73,7663,21,1842,46,5513,6,308,33,2568,40,2700,39,5268,California
Colusa,2021-03-30,150,7813,82,1924,66,5579,2,310,71,2562,79,2779,73,5341,California
Colusa,2021-03-31,235,8048,41,1965,194,5773,0,310,70,2468,164,2943,70,5411,California
Colusa,2021-04-01,435,8483,71,2036,309,6082,55,365,313,2714,121,3064,367,5778,California
Colusa,2021-04-02,82,8565,15,2051,53,6135,14,379,38,2722,44,3108,52,5830,California
Colusa,2021-04-03,60,8625,9,2060,28,6163,23,402,14,2712,46,3154,36,5866,California
Colusa,2021-04-04,18,8643,0,2060,8,6171,10,412,3,2710,15,3169,13,5879,California
Colusa,2021-04-05,97,8740,26,2086,55,6226,16,428,39,2707,58,3227,55,5934,California
Colusa,2021-04-06,130,8870,34,2120,45,6271,51,479,43,2714,87,3314,94,6028,California
Colusa,2021-04-07,358,9228,41,2161,294,6565,23,502,131,2642,227,3541,155,6183,California
Colusa,2021-04-08,424,9652,34,2195,364,6929,26,528,120,2487,301,3842,146,6329,California
Colusa,2021-04-09,76,9728,21,2216,31,6960,24,552,27,2489,49,3891,51,6380,California
Colusa,2021-04-10,45,9773,9,2225,15,6975,21,573,12,2489,33,3924,33,6413,California
Colusa,2021-04-11,17,9790,3,2228,12,6987,2,575,8,2490,9,3933,10,6423,California
Colusa,2021-04-12,32,9822,3,2231,29,7016,0,575,25,2508,7,3940,25,6448,California
Colusa,2021-04-13,278,10100,22,2253,256,7272,0,575,93,2417,184,4124,93,6541,California
Colusa,2021-04-14,94,10194,19,2272,75,7347,0,575,32,2387,62,4186,32,6573,California
Colusa,2021-04-15,325,10519,46,2318,279,7626,0,575,133,2328,192,4378,133,6706,California
Colusa,2021-04-16,80,10599,11,2329,69,7695,0,575,36,2321,43,4421,36,6742,California
Colusa,2021-04-17,51,10650,7,2336,44,7739,0,575,29,2328,22,4443,29,6771,California
Colusa,2021-04-18,9,10659,2,2338,7,7746,0,575,7,2333,2,4445,7,6778,California
Colusa,2021-04-19,61,10720,22,2360,39,7785,0,575,16,2304,45,4490,16,6794,California
Colusa,2021-04-20,178,10898,31,2391,147,7932,0,575,129,2384,49,4539,129,6923,California
Colusa,2021-04-21,170,11068,59,2450,111,8043,0,575,110,2434,60,4599,110,7033,California
Colusa,2021-04-22,419,11487,27,2477,391,8434,1,576,218,2452,200,4799,218,7251,California
Colusa,2021-04-23,93,11580,20,2497,73,8507,0,576,36,2431,57,4856,36,7287,California
Colusa,2021-04-24,240,11820,19,2516,220,8727,1,577,208,2607,32,4888,208,7495,California
Colusa,2021-04-25,12,11832,6,2522,6,8733,0,577,8,2611,4,4892,8,7503,California
Colusa,2021-04-26,25,11857,5,2527,19,8752,1,578,6,2599,18,4910,6,7509,California
Colusa,2021-04-27,94,11951,23,2550,67,8819,4,582,44,2597,50,4960,48,7557,California
Colusa,2021-04-28,189,12140,27,2577,159,8978,3,585,139,2690,49,5009,142,7699,California
Colusa,2021-04-29,320,12460,27,2604,289,9267,4,589,47,2470,271,5280,51,7750,California
Colusa,2021-04-30,63,12523,18,2622,45,9312,0,589,41,2489,22,5302,41,7791,California
Colusa,2021-05-01,19,12542,8,2630,8,9320,3,592,9,2491,10,5312,12,7803,California
Colusa,2021-05-02,4,12546,1,2631,2,9322,1,593,2,2492,2,5314,3,7806,California
Colusa,2021-05-03,31,12577,7,2638,24,9346,0,593,15,2491,16,5330,15,7821,California
Colusa,2021-05-04,94,12671,52,2690,41,9387,1,594,67,2532,27,5357,68,7889,California
Colusa,2021-05-05,79,12750,16,2706,62,9449,1,595,34,2522,45,5402,35,7924,California
Colusa,2021-05-06,253,13003,16,2722,235,9684,2,597,110,2491,143,5545,112,8036,California
Colusa,2021-05-07,66,13069,5,2727,57,9741,4,601,31,2491,35,5580,35,8071,California
Colusa,2021-05-08,18,13087,5,2732,13,9754,0,601,9,2491,9,5589,9,8080,California
Colusa,2021-05-09,13,13100,5,2737,5,9759,3,604,6,2493,7,5596,9,8089,California
Colusa,2021-05-10,15,13115,6,2743,9,9768,0,604,6,2490,9,5605,6,8095,California
Colusa,2021-05-11,92,13207,33,2776,59,9827,0,604,50,2498,42,5647,50,8145,California
Colusa,2021-05-12,72,13279,31,2807,37,9864,4,608,20,2470,52,5699,24,8169,California
Colusa,2021-05-13,242,13521,24,2831,217,10081,1,609,78,2385,164,5863,79,8248,California
Colusa,2021-05-14,86,13607,18,2849,53,10134,15,624,33,2381,52,5915,48,8296,California
Colusa,2021-05-15,37,13644,9,2858,26,10160,2,626,19,2384,18,5933,21,8317,California
Colusa,2021-05-16,22,13666,5,2863,10,10170,7,633,9,2387,13,5946,16,8333,California
Colusa,2021-05-17,24,13690,4,2867,18,10188,2,635,12,2389,12,5958,14,8347,California
Colusa,2021-05-18,100,13790,26,2893,72,10260,2,637,45,2381,55,6013,47,8394,California
Colusa,2021-05-19,218,14008,44,2937,154,10414,20,657,68,2319,150,6163,88,8482,California
Colusa,2021-05-20,283,14291,36,2973,243,10657,4,661,71,2182,212,6375,75,8557,California
Colusa,2021-05-21,70,14361,23,2996,45,10702,2,663,36,2186,34,6409,38,8595,California
Colusa,2021-05-22,218,14579,21,3017,196,10898,1,664,30,2029,188,6597,31,8626,California
Colusa,2021-05-23,18,14597,7,3024,7,10905,4,668,5,2025,13,6610,9,8635,California
Colusa,2021-05-24,26,14623,3,3027,18,10923,5,673,15,2034,11,6621,20,8655,California
Colusa,2021-05-25,132,14755,73,3100,57,10980,2,675,50,2004,82,6703,52,8707,California
Colusa,2021-05-26,72,14827,25,3125,47,11027,0,675,33,1998,39,6742,33,8740,California
Colusa,2021-05-27,170,14997,17,3142,153,11180,0,675,54,1936,116,6858,54,8794,California
Colusa,2021-05-28,80,15077,26,3168,53,11233,1,676,40,1937,40,6898,41,8835,California
Colusa,2021-05-29,37,15114,18,3186,18,11251,1,677,29,1959,8,6906,30,8865,California
Colusa,2021-05-30,8,15122,1,3187,2,11253,5,682,1,1958,7,6913,6,8871,California
Colusa,2021-05-31,4,15126,0,3187,4,11257,0,682,1,1956,3,6916,1,8872,California
Colusa,2021-06-01,50,15176,16,3203,33,11290,1,683,26,1959,24,6940,27,8899,California
Colusa,2021-06-02,146,15322,20,3223,124,11414,2,685,52,1920,93,7033,54,8953,California
Colusa,2021-06-03,62,15384,20,3243,41,11455,1,686,26,1914,33,7066,27,8980,California
Colusa,2021-06-04,59,15443,19,3262,37,11492,3,689,21,1900,38,7104,24,9004,California
Colusa,2021-06-05,35,15478,16,3278,18,11510,1,690,18,1902,17,7121,19,9023,California
Colusa,2021-06-06,9,15487,4,3282,4,11514,1,691,6,1906,3,7124,7,9030,California
Colusa,2021-06-07,22,15509,6,3288,16,11530,0,691,12,1908,10,7134,12,9042,California
Colusa,2021-06-08,68,15577,17,3305,51,11581,0,691,26,1892,42,7176,26,9068,California
Colusa,2021-06-09,70,15647,39,3344,31,11612,0,691,28,1878,42,7218,28,9096,California
Colusa,2021-06-10,56,15703,23,3367,31,11643,2,693,13,1850,43,7261,15,9111,California
Colusa,2021-06-11,61,15764,33,3400,27,11670,1,694,29,1848,32,7293,30,9141,California
Colusa,2021-06-12,38,15802,24,3424,14,11684,0,694,11,1832,27,7320,11,9152,California
Colusa,2021-06-13,10,15812,3,3427,5,11689,2,696,2,1828,8,7328,4,9156,California
Colusa,2021-06-14,14,15826,4,3431,10,11699,0,696,5,1824,9,7337,5,9161,California
Contra Costa,2020-12-15,18,18,18,18,0,0,0,0,18,18,0,0,18,18,California
Contra Costa,2020-12-16,523,541,523,541,0,0,0,0,523,541,0,0,523,541,California
Contra Costa,2020-12-17,1048,1589,1048,1589,0,0,0,0,1048,1589,0,0,1048,1589,California
Contra Costa,2020-12-18,1772,3361,1771,3360,1,1,0,0,1772,3361,0,0,1772,3361,California
Contra Costa,2020-12-19,1128,4489,1127,4487,1,2,0,0,1128,4489,0,0,1128,4489,California
Contra Costa,2020-12-20,607,5096,606,5093,1,3,0,0,607,5096,0,0,607,5096,California
Contra Costa,2020-12-21,1682,6778,1680,6773,2,5,0,0,1682,6778,0,0,1682,6778,California
Contra Costa,2020-12-22,1686,8464,1580,8353,106,111,0,0,1686,8464,0,0,1686,8464,California
Contra Costa,2020-12-23,1639,10103,1389,9742,250,361,0,0,1639,10103,0,0,1639,10103,California
Contra Costa,2020-12-24,664,10767,339,10081,325,686,0,0,664,10767,0,0,664,10767,California
Contra Costa,2020-12-25,44,10811,20,10101,24,710,0,0,44,10811,0,0,44,10811,California
Contra Costa,2020-12-26,661,11472,137,10238,524,1234,0,0,661,11472,0,0,661,11472,California
Contra Costa,2020-12-27,244,11716,86,10324,158,1392,0,0,244,11716,0,0,244,11716,California
Contra Costa,2020-12-28,1865,13581,875,11199,990,2382,0,0,1865,13581,0,0,1865,13581,California
Contra Costa,2020-12-29,1862,15443,830,12029,1032,3414,0,0,1862,15443,0,0,1862,15443,California
Contra Costa,2020-12-30,2442,17885,1223,13252,1219,4633,0,0,2440,17882,2,2,2441,17884,California
Contra Costa,2020-12-31,932,18817,309,13561,623,5256,0,0,931,18813,0,2,931,18815,California
Contra Costa,2021-01-01,66,18883,24,13585,42,5298,0,0,66,18879,0,2,66,18881,California
Contra Costa,2021-01-02,344,19227,177,13762,167,5465,0,0,344,19223,0,2,344,19225,California
Contra Costa,2021-01-03,186,19413,125,13887,61,5526,0,0,185,19408,0,2,185,19410,California
Contra Costa,2021-01-04,1918,21331,1252,15139,666,6192,0,0,1898,21288,18,20,1898,21308,California
Contra Costa,2021-01-05,2129,23460,1269,16408,860,7052,0,0,1843,22847,285,305,1844,23152,California
Contra Costa,2021-01-06,3327,26787,2281,18689,1046,8098,0,0,2505,24540,816,1121,2509,25661,California
Contra Costa,2021-01-07,3134,29921,2095,20784,1039,9137,0,0,1801,25011,1330,2451,1801,27462,California
Contra Costa,2021-01-08,3431,33352,2429,23213,1002,10139,0,0,1765,25118,1661,4112,1768,29230,California
Contra Costa,2021-01-09,1612,34964,1156,24369,456,10595,0,0,740,24989,871,4983,742,29972,California
Contra Costa,2021-01-10,369,35333,292,24661,77,10672,0,0,155,24930,214,5197,155,30127,California
Contra Costa,2021-01-11,3873,39206,3173,27834,700,11372,0,0,2234,25528,1638,6835,2236,32363,California
Contra Costa,2021-01-12,3965,43171,2974,30808,991,12363,0,0,2600,26771,1361,8196,2604,34967,California
Contra Costa,2021-01-13,4804,47975,2978,33786,1826,14189,0,0,3831,29637,968,9164,3834,38801,California
Contra Costa,2021-01-14,4368,52343,1586,35372,2782,16971,0,0,3976,33226,392,9556,3981,42782,California
Contra Costa,2021-01-15,5417,57760,2493,37865,2924,19895,0,0,5086,37986,330,9886,5090,47872,California
Contra Costa,2021-01-16,1767,59527,572,38437,1195,21090,0,0,1689,39597,78,9964,1689,49561,California
Contra Costa,2021-01-17,1677,61204,986,39423,691,21781,0,0,1555,41033,122,10086,1558,51119,California
Contra Costa,2021-01-18,3273,64477,1301,40724,1972,23753,0,0,2638,43042,630,10716,2639,53758,California
Contra Costa,2021-01-19,7124,71601,3190,43914,3934,27687,0,0,6110,48148,1009,11725,6115,59873,California
Contra Costa,2021-01-20,6789,78390,4180,48094,2609,30296,0,0,5537,52445,1248,12973,5545,65418,California
Contra Costa,2021-01-21,7088,85478,3144,51238,3944,34240,0,0,6348,58067,734,13707,6356,71774,California
Contra Costa,2021-01-22,6487,91965,2748,53986,3739,37979,0,0,5612,62816,866,14573,5615,77389,California
Contra Costa,2021-01-23,2078,94043,367,54353,1711,39690,0,0,1809,64359,267,14840,1810,79199,California
Contra Costa,2021-01-24,1612,95655,221,54574,1391,41081,0,0,1462,65675,150,14990,1466,80665,California
Contra Costa,2021-01-25,6758,102413,3061,57635,3697,44778,0,0,5158,69239,1598,16588,5162,85827,California
Contra Costa,2021-01-26,8240,110653,4752,62387,3488,48266,0,0,6355,73723,1877,18465,6361,92188,California
Contra Costa,2021-01-27,8320,118973,5468,67855,2852,51118,0,0,6435,78289,1873,20338,6439,98627,California
Contra Costa,2021-01-28,7578,126551,4120,71975,3458,54576,0,0,5938,82599,1634,21972,5944,104571,California
Contra Costa,2021-01-29,7556,134107,3933,75908,3623,58199,0,0,6217,87485,1334,23306,6220,110791,California
Contra Costa,2021-01-30,2183,136290,670,76578,1513,59712,0,0,1773,88855,403,23709,1773,112564,California
Contra Costa,2021-01-31,675,136965,445,77023,230,59942,0,0,582,89347,90,23799,582,113146,California
Contra Costa,2021-02-01,5921,142886,4116,81139,1805,61747,0,0,4005,91447,1908,25707,4008,117154,California
Contra Costa,2021-02-02,7655,150541,5127,86266,2528,64275,0,0,5940,95674,1714,27421,5941,123095,California
Contra Costa,2021-02-03,8393,158934,5540,91806,2853,67128,0,0,5695,98682,2688,30109,5696,128791,California
Contra Costa,2021-02-04,7610,166544,3618,95424,3992,71120,0,0,5835,102747,1773,31882,5838,134629,California
Contra Costa,2021-02-05,8529,175073,4857,100281,3672,74792,0,0,5816,105857,2706,34588,5816,140445,California
Contra Costa,2021-02-06,3539,178612,2184,102465,1355,76147,0,0,2877,108074,661,35249,2878,143323,California
Contra Costa,2021-02-07,997,179609,724,103189,273,76420,0,0,609,108297,386,35635,609,143932,California
Contra Costa,2021-02-08,5958,185567,3542,106731,2416,78836,0,0,4430,111207,1521,37156,4431,148363,California
Contra Costa,2021-02-09,8792,194359,4859,111590,3933,82769,0,0,5861,114146,2923,40079,5862,154225,California
Contra Costa,2021-02-10,8758,203117,4717,116307,4041,86810,0,0,5422,116251,3321,43400,5426,159651,California
Contra Costa,2021-02-11,9447,212564,4260,120567,5187,91997,0,0,5328,117471,4113,47513,5333,164984,California
Contra Costa,2021-02-12,10192,222756,4664,125231,5528,97525,0,0,5501,118292,4683,52196,5504,170488,California
Contra Costa,2021-02-13,4947,227703,1391,126622,3556,101081,0,0,3439,120227,1505,53701,3440,173928,California
Contra Costa,2021-02-14,2118,229821,872,127494,1246,102327,0,0,1231,120573,885,54586,1231,175159,California
Contra Costa,2021-02-15,4524,234345,2490,129984,2034,104361,0,0,2360,120778,2156,56742,2361,177520,California
Contra Costa,2021-02-16,10520,244865,4954,134938,5566,109927,0,0,4687,119644,5825,62567,4691,182211,California
Contra Costa,2021-02-17,12439,257304,6235,141173,6204,116131,0,0,5711,118643,6713,69280,5712,187923,California
Contra Costa,2021-02-18,11598,268902,6029,147202,5569,121700,0,0,5360,117778,6227,75507,5362,193285,California
Contra Costa,2021-02-19,11594,280496,7232,154434,4362,126062,0,0,5254,116709,6325,81832,5256,198541,California
Contra Costa,2021-02-20,6610,287106,2997,157431,3613,129675,0,0,4661,119440,1932,83764,4663,203204,California
Contra Costa,2021-02-21,2359,289465,1767,159198,592,130267,0,0,1586,120254,772,84536,1586,204790,California
Contra Costa,2021-02-22,7831,297296,5291,164489,2540,132807,0,0,3606,119654,4210,88746,3610,208400,California
Contra Costa,2021-02-23,12348,309644,7606,172095,4742,137549,0,0,6218,119763,6116,94862,6225,214625,California
Contra Costa,2021-02-24,10874,320518,7997,180092,2877,140426,0,0,5279,119467,5577,100439,5281,219906,California
Contra Costa,2021-02-25,12026,332544,7629,187721,4397,144823,0,0,5580,118627,6425,106864,5585,225491,California
Contra Costa,2021-02-26,11231,343775,7102,194823,4129,148952,0,0,5566,118544,5650,112514,5567,231058,California
Contra Costa,2021-02-27,7012,350787,4530,199353,2482,151434,0,0,4394,120330,2610,115124,4396,235454,California
Contra Costa,2021-02-28,4404,355191,3656,203009,747,152181,1,1,3713,123357,688,115812,3715,239169,California
Contra Costa,2021-03-01,8751,363942,6633,209642,2112,154293,6,7,5400,125429,3335,119147,5407,244576,California
Contra Costa,2021-03-02,10782,374724,6914,216556,3867,158160,1,8,5777,126219,4989,124136,5779,250355,California
Contra Costa,2021-03-03,11530,386254,7262,223818,4267,162427,1,9,6509,127723,5007,129143,6511,256866,California
Contra Costa,2021-03-04,12162,398416,7266,231084,4895,167322,1,10,6318,128218,5825,134968,6320,263186,California
Contra Costa,2021-03-05,11675,410091,7001,238085,4667,171989,7,17,6713,129994,4944,139912,6720,269906,California
Contra Costa,2021-03-06,7603,417694,4254,242339,3037,175026,312,329,4961,132637,2628,142540,5271,275177,California
Contra Costa,2021-03-07,3904,421598,2491,244830,1351,176377,62,391,3215,135227,687,143227,3277,278454,California
Contra Costa,2021-03-08,8367,429965,3967,248797,4090,180467,310,701,5627,138440,2728,145955,5941,284395,California
Contra Costa,2021-03-09,11284,441249,5987,254784,5000,185467,297,998,5913,139292,5360,151315,6212,290607,California
Contra Costa,2021-03-10,12614,453863,6334,261118,4771,190238,1509,2507,5752,139695,6849,158164,7252,297859,California
Contra Costa,2021-03-11,12664,466527,6658,267776,5440,195678,566,3073,6473,140566,6167,164331,7038,304897,California
Contra Costa,2021-03-12,12795,479322,5277,273053,6948,202626,570,3643,6377,141109,6400,170731,6943,311840,California
Contra Costa,2021-03-13,7987,487309,3215,276268,4341,206967,431,4074,3150,139867,4817,175548,3575,315415,California
Contra Costa,2021-03-14,4504,491813,2658,278926,1348,208315,498,4572,1722,139311,2774,178322,2218,317633,California
Contra Costa,2021-03-15,9593,501406,5212,284138,3613,211928,768,5340,4741,139985,4833,183155,5507,323140,California
Contra Costa,2021-03-16,14541,515947,8677,292815,5453,217381,411,5751,7170,140218,7347,190502,7580,330720,California
Contra Costa,2021-03-17,15263,531210,10559,303374,4484,221865,220,5971,8530,142267,6706,197208,8755,339475,California
Contra Costa,2021-03-18,15608,546818,8719,312093,6402,228267,487,6458,8615,144409,6958,204166,9100,348575,California
Contra Costa,2021-03-19,15838,562656,9156,321249,5258,233525,1424,7882,8201,146417,7619,211785,9627,358202,California
Contra Costa,2021-03-20,10864,573520,6522,327771,4024,237549,318,8200,5121,146135,5720,217505,5438,363640,California
Contra Costa,2021-03-21,4656,578176,4067,331838,491,238040,98,8298,1817,145222,2827,220332,1914,365554,California
Contra Costa,2021-03-22,11802,589978,8906,340744,2637,240677,259,8557,6851,147395,4934,225266,7107,372661,California
Contra Costa,2021-03-23,15854,605832,10927,351671,4755,245432,172,8729,9115,149973,6710,231976,9288,381949,California
Contra Costa,2021-03-24,15193,621025,11861,363532,3117,248549,215,8944,9178,153386,5982,237958,9395,391344,California
Contra Costa,2021-03-25,15550,636575,12144,375676,3114,251663,292,9236,9488,157137,6025,243983,9776,401120,California
Contra Costa,2021-03-26,15237,651812,10958,386634,3873,255536,406,9642,8733,159795,6476,250459,9134,410254,California
Contra Costa,2021-03-27,10697,662509,6967,393601,3212,258748,518,10160,5684,160988,5002,255461,6195,416449,California
Contra Costa,2021-03-28,4304,666813,3064,396665,1185,259933,55,10215,1648,160046,2645,258106,1703,418152,California
Contra Costa,2021-03-29,11051,677864,8621,405286,2312,262245,118,10333,7010,163154,4023,262129,7131,425283,California
Contra Costa,2021-03-30,17002,694866,9315,414601,6325,268570,1362,11695,10489,168507,6493,268622,11846,437129,California
Contra Costa,2021-03-31,18266,713132,12823,427424,3992,272562,1451,13146,11478,174688,6741,275363,12922,450051,California
Contra Costa,2021-04-01,17809,730941,12472,439896,3939,276501,1398,14544,11547,181400,6229,281592,12941,462992,California
Contra Costa,2021-04-02,17699,748640,13034,452930,3634,280135,1031,15575,11724,188189,5962,287554,12751,475743,California
Contra Costa,2021-04-03,10991,759631,6561,459491,2868,283003,1562,17137,6280,191330,4696,292250,7837,483580,California
Contra Costa,2021-04-04,3400,763031,1337,460828,1460,284463,603,17740,855,190249,2537,294787,1456,485036,California
Contra Costa,2021-04-05,12250,775281,7978,468806,3284,287747,988,18728,6635,192272,5600,300387,7623,492659,California
Contra Costa,2021-04-06,17501,792782,12128,480934,3071,290818,2302,21030,9798,196687,7682,308069,12097,504756,California
Contra Costa,2021-04-07,18756,811538,12715,493649,3207,294025,2834,23864,10631,202082,8103,316172,13498,518254,California
Contra Costa,2021-04-08,18892,830430,12594,506243,3359,297384,2939,26803,10124,206394,8741,324913,13053,531307,California
Contra Costa,2021-04-09,19059,849489,12149,518392,4390,301774,2520,29323,10194,210265,8834,333747,12705,544012,California
Contra Costa,2021-04-10,10682,860171,3845,522237,2217,303991,4620,33943,3321,210849,7343,341090,7927,551939,California
Contra Costa,2021-04-11,3410,863581,2027,524264,712,304703,671,34614,1140,210395,2264,343354,1810,553749,California
Contra Costa,2021-04-12,12113,875694,7988,532252,3041,307744,1084,35698,5684,210758,6410,349764,6773,560522,California
Contra Costa,2021-04-13,18057,893751,11090,543342,6960,314704,7,35705,12042,216826,5988,355752,12056,572578,California
Contra Costa,2021-04-14,17897,911648,11249,554591,6647,321351,1,35706,9940,218842,7931,363683,9947,582525,California
Contra Costa,2021-04-15,17689,929337,10868,565459,6820,328171,1,35707,8189,217584,9471,373154,8213,590738,California
Contra Costa,2021-04-16,16984,946321,10598,576057,6385,334556,1,35708,7603,215840,9358,382512,7614,598352,California
Contra Costa,2021-04-17,11535,957856,6358,582415,5177,339733,0,35708,6170,216668,5349,387861,6177,604529,California
Contra Costa,2021-04-18,2796,960652,2151,584566,645,340378,0,35708,1796,217474,991,388852,1797,606326,California
Contra Costa,2021-04-19,11484,972136,8572,593138,2912,343290,0,35708,3589,213199,7867,396719,3592,609918,California
Contra Costa,2021-04-20,16809,988945,10920,604058,5889,349179,0,35708,6268,208961,10511,407230,6273,616191,California
Contra Costa,2021-04-21,17486,1006431,14263,618321,3222,352401,1,35709,6196,203915,11250,418480,6204,622395,California
Contra Costa,2021-04-22,17316,1023747,14033,632354,3281,355682,2,35711,6102,198849,11179,429659,6113,628508,California
Contra Costa,2021-04-23,17147,1040894,13629,645983,3518,359200,0,35711,5521,192790,11588,441247,5529,634037,California
Contra Costa,2021-04-24,11052,1051946,8518,654501,2533,361733,1,35712,4231,190227,6798,448045,4235,638272,California
Contra Costa,2021-04-25,3308,1055254,2218,656719,1088,362821,2,35714,2083,191092,1223,449268,2088,640360,California
Contra Costa,2021-04-26,10079,1065333,8406,665125,1649,364470,24,35738,3031,187130,7030,456298,3068,643428,California
Contra Costa,2021-04-27,14768,1080101,10766,675891,3824,368294,178,35916,4023,180622,10720,467018,4212,647640,California
Contra Costa,2021-04-28,14327,1094428,11157,687048,2882,371176,288,36204,3839,174303,10453,477471,4134,651774,California
Contra Costa,2021-04-29,13523,1107951,10468,697516,2884,374060,171,36375,3223,167431,10271,487742,3399,655173,California
Contra Costa,2021-04-30,13827,1121778,10905,708421,2662,376722,260,36635,3129,160155,10669,498411,3393,658566,California
Contra Costa,2021-05-01,8098,1129876,5886,714307,1887,378609,325,36960,1923,156256,6147,504558,2248,660814,California
Contra Costa,2021-05-02,2357,1132233,1596,715903,679,379288,82,37042,988,155968,1358,505916,1070,661884,California
Contra Costa,2021-05-03,9160,1141393,8054,723957,928,380216,178,37220,1926,150856,7219,513135,2107,663991,California
Contra Costa,2021-05-04,14174,1155567,12237,736194,1608,381824,329,37549,2285,141608,11862,524997,2614,666605,California
Contra Costa,2021-05-05,12602,1168169,10872,747066,1529,383353,201,37750,2412,134060,10162,535159,2614,669219,California
Contra Costa,2021-05-06,10351,1178520,8597,755663,1417,384770,337,38087,1940,127959,8387,543546,2286,671505,California
Contra Costa,2021-05-07,9699,1188219,7797,763460,1677,386447,225,38312,2224,122963,7441,550987,2445,673950,California
Contra Costa,2021-05-08,5345,1193564,4023,767483,1152,387599,170,38482,1253,120314,4076,555063,1427,675377,California
Contra Costa,2021-05-09,2126,1195690,1793,769276,274,387873,59,38541,459,119171,1662,556725,519,675896,California
Contra Costa,2021-05-10,4945,1200635,3960,773236,766,388639,219,38760,1335,117135,3588,560313,1552,677448,California
Contra Costa,2021-05-11,8817,1209452,4595,777831,3984,392623,238,38998,1745,112072,7052,567365,1989,679437,California
Contra Costa,2021-05-12,9303,1218755,4788,782619,4250,396873,265,39263,1670,106408,7605,574970,1941,681378,California
Contra Costa,2021-05-13,11762,1230517,7835,790454,3740,400613,187,39450,4217,103297,7518,582488,4407,685785,California
Contra Costa,2021-05-14,12201,1242718,8134,798588,3787,404400,280,39730,5045,101489,7132,589620,5324,691109,California
Contra Costa,2021-05-15,10025,1252743,7275,805863,2630,407030,120,39850,4413,100425,5599,595219,4535,695644,California
Contra Costa,2021-05-16,2443,1255186,2138,808001,259,407289,46,39896,1093,100219,1344,596563,1138,696782,California
Contra Costa,2021-05-17,7054,1262240,5693,813694,1189,408478,172,40068,3543,100444,3492,600055,3717,700499,California
Contra Costa,2021-05-18,10265,1272505,7024,820718,3022,411500,219,40287,4474,99380,5761,605816,4697,705196,California
Contra Costa,2021-05-19,8487,1280992,6869,827587,1425,412925,193,40480,3848,98804,4620,610436,4044,709240,California
Contra Costa,2021-05-20,7149,1288141,5643,833230,1321,414246,185,40665,3350,98567,3773,614209,3536,712776,California
Contra Costa,2021-05-21,7089,1295230,5424,838654,1452,415698,213,40878,3256,98226,3807,618016,3466,716242,California
Contra Costa,2021-05-22,5099,1300329,4027,842681,891,416589,181,41059,2476,98279,2602,620618,2655,718897,California
Contra Costa,2021-05-23,1215,1301544,792,843473,367,416956,56,41115,593,98312,615,621233,648,719545,California
Contra Costa,2021-05-24,4653,1306197,3854,847327,622,417578,177,41292,2186,98221,2456,623689,2365,721910,California
Contra Costa,2021-05-25,6271,1312468,5102,852429,917,418495,252,41544,2642,97503,3612,627301,2894,724804,California
Contra Costa,2021-05-26,5628,1318096,3614,856043,1826,420321,188,41732,1952,95988,3655,630956,2140,726944,California
Contra Costa,2021-05-27,3807,1321903,2688,858731,942,421263,177,41909,1629,95626,2163,633119,1801,728745,California
Contra Costa,2021-05-28,5365,1327268,3748,862479,1443,422706,174,42083,2244,94943,3099,636218,2416,731161,California
Contra Costa,2021-05-29,3250,1330518,2102,864581,1031,423737,117,42200,1623,95066,1617,637835,1740,732901,California
Contra Costa,2021-05-30,926,1331444,585,865166,313,424050,28,42228,360,94890,564,638399,388,733289,California
Contra Costa,2021-05-31,391,1331835,269,865435,110,424160,12,42240,129,94770,260,638659,140,733429,California
Contra Costa,2021-06-01,4797,1336632,3573,869008,1081,425241,143,42383,1717,93566,3064,641723,1860,735289,California
Contra Costa,2021-06-02,3425,1340057,2423,871431,856,426097,146,42529,1399,93094,2016,643739,1544,736833,California
Contra Costa,2021-06-03,5428,1345485,4529,875960,784,426881,115,42644,1456,90700,3965,647704,1571,738404,California
Contra Costa,2021-06-04,6396,1351881,5370,881330,888,427769,138,42782,1618,87691,4762,652466,1753,740157,California
Contra Costa,2021-06-05,5164,1357045,4375,885705,677,428446,112,42894,1110,84869,4042,656508,1220,741377,California
Contra Costa,2021-06-06,1348,1358393,1177,886882,142,428588,29,42923,380,84315,963,657471,409,741786,California
Contra Costa,2021-06-07,4934,1363327,4341,891223,493,429081,100,43023,1409,82311,3514,660985,1510,743296,California
Contra Costa,2021-06-08,6092,1369419,5262,896485,708,429789,122,43145,1436,79227,4643,665628,1559,744855,California
Contra Costa,2021-06-09,4865,1374284,4139,900624,574,430363,152,43297,1255,77040,3595,669223,1408,746263,California
Contra Costa,2021-06-10,4781,1379065,4008,904632,601,430964,172,43469,1241,74930,3523,672746,1413,747676,California
Contra Costa,2021-06-11,4380,1383445,3561,908193,653,431617,166,43635,1129,72984,3240,675986,1294,748970,California
Contra Costa,2021-06-12,3057,1386502,2583,910776,417,432034,57,43692,700,71392,2348,678334,756,749726,California
Contra Costa,2021-06-13,1112,1387614,829,911605,181,432215,102,43794,274,70938,830,679164,376,750102,California
Contra Costa,2021-06-14,2570,1390184,2223,913828,260,432475,87,43881,682,69822,1884,681048,768,750870,California
Del Norte,2020-12-21,22,22,22,22,0,0,0,0,22,22,0,0,22,22,California
Del Norte,2020-12-22,45,67,45,67,0,0,0,0,45,67,0,0,45,67,California
Del Norte,2020-12-23,59,126,48,115,11,11,0,0,57,124,0,0,57,124,California
Del Norte,2020-12-28,34,160,34,149,0,11,0,0,34,158,0,0,34,158,California
Del Norte,2020-12-29,4,164,4,153,0,11,0,0,4,162,0,0,4,162,California
Del Norte,2020-12-30,68,232,56,209,12,23,0,0,68,230,0,0,68,230,California
Del Norte,2020-12-31,16,248,13,222,3,26,0,0,16,246,0,0,16,246,California
Del Norte,2021-01-04,102,350,49,271,53,79,0,0,102,348,0,0,102,348,California
Del Norte,2021-01-05,31,381,0,271,31,110,0,0,31,379,0,0,31,379,California
Del Norte,2021-01-06,77,458,18,289,59,169,0,0,77,456,0,0,77,456,California
Del Norte,2021-01-07,21,479,1,290,20,189,0,0,21,477,0,0,21,477,California
Del Norte,2021-01-08,78,557,7,297,71,260,0,0,78,555,0,0,78,555,California
Del Norte,2021-01-11,39,596,20,317,19,279,0,0,18,553,21,21,19,574,California
Del Norte,2021-01-12,50,646,31,348,19,298,0,0,30,563,20,41,30,604,California
Del Norte,2021-01-13,84,730,40,388,44,342,0,0,51,581,33,74,51,655,California
Del Norte,2021-01-14,53,783,14,402,39,381,0,0,47,622,6,80,47,702,California
Del Norte,2021-01-15,107,890,18,420,89,470,0,0,95,705,12,92,95,797,California
Del Norte,2021-01-17,1,891,1,421,0,470,0,0,1,706,0,92,1,798,California
Del Norte,2021-01-18,2,893,0,421,2,472,0,0,2,708,0,92,2,800,California
Del Norte,2021-01-19,119,1012,56,477,63,535,0,0,77,743,42,134,77,877,California
Del Norte,2021-01-20,159,1171,84,561,75,610,0,0,96,776,63,197,96,973,California
Del Norte,2021-01-21,43,1214,40,601,3,613,0,0,32,797,11,208,32,1005,California
Del Norte,2021-01-22,19,1233,17,618,2,615,0,0,12,802,7,215,12,1017,California
Del Norte,2021-01-23,1,1234,0,618,1,616,0,0,1,803,0,215,1,1018,California
Del Norte,2021-01-24,1,1235,0,618,1,617,0,0,1,804,0,215,1,1019,California
Del Norte,2021-01-25,100,1335,82,700,18,635,0,0,56,816,44,259,56,1075,California
Del Norte,2021-01-26,18,1353,11,711,7,642,0,0,7,812,11,270,7,1082,California
Del Norte,2021-01-27,64,1417,21,732,43,685,0,0,61,870,3,273,61,1143,California
Del Norte,2021-01-28,293,1710,20,752,273,958,0,0,288,1153,5,278,288,1431,California
Del Norte,2021-01-29,62,1772,21,773,41,999,0,0,44,1179,18,296,44,1475,California
Del Norte,2021-01-30,8,1780,1,774,7,1006,0,0,8,1187,0,296,8,1483,California
Del Norte,2021-02-01,40,1820,1,775,39,1045,0,0,25,1197,15,311,25,1508,California
Del Norte,2021-02-02,140,1960,34,809,106,1151,0,0,73,1204,66,377,73,1581,California
Del Norte,2021-02-03,129,2089,42,851,87,1238,0,0,74,1223,55,432,74,1655,California
Del Norte,2021-02-04,69,2158,27,878,42,1280,0,0,40,1234,29,461,40,1695,California
Del Norte,2021-02-05,184,2342,22,900,162,1442,0,0,118,1287,65,526,118,1813,California
Del Norte,2021-02-06,309,2651,3,903,306,1748,0,0,309,1596,0,526,309,2122,California
Del Norte,2021-02-08,36,2687,1,904,35,1783,0,0,32,1624,4,530,32,2154,California
Del Norte,2021-02-09,8,2695,5,909,3,1786,0,0,2,1620,6,536,2,2156,California
Del Norte,2021-02-10,142,2837,20,929,122,1908,0,0,86,1651,55,591,86,2242,California
Del Norte,2021-02-11,176,3013,58,987,118,2026,0,0,63,1601,113,704,63,2305,California
Del Norte,2021-02-12,121,3134,14,1001,107,2133,0,0,67,1614,54,758,67,2372,California
Del Norte,2021-02-13,2,3136,1,1002,1,2134,0,0,2,1616,0,758,2,2374,California
Del Norte,2021-02-14,3,3139,1,1003,2,2136,0,0,2,1617,1,759,2,2376,California
Del Norte,2021-02-15,5,3144,0,1003,5,2141,0,0,3,1618,2,761,3,2379,California
Del Norte,2021-02-16,132,3276,1,1004,131,2272,0,0,13,1512,119,880,13,2392,California
Del Norte,2021-02-17,92,3368,19,1023,73,2345,0,0,24,1469,67,947,24,2416,California
Del Norte,2021-02-18,77,3445,24,1047,53,2398,0,0,51,1494,26,973,51,2467,California
Del Norte,2021-02-19,43,3488,17,1064,26,2424,0,0,33,1517,10,983,33,2500,California
Del Norte,2021-02-20,8,3496,5,1069,3,2427,0,0,6,1521,2,985,6,2506,California
Del Norte,2021-02-22,2,3498,0,1069,2,2429,0,0,2,1523,0,985,2,2508,California
Del Norte,2021-02-23,105,3603,88,1157,17,2446,0,0,29,1477,76,1061,30,2538,California
Del Norte,2021-02-24,155,3758,100,1257,55,2501,0,0,80,1482,75,1136,80,2618,California
Del Norte,2021-02-25,478,4236,131,1388,347,2848,0,0,213,1432,263,1399,213,2831,California
Del Norte,2021-02-26,212,4448,175,1563,37,2885,0,0,166,1552,46,1445,166,2997,California
Del Norte,2021-02-27,148,4596,142,1705,5,2890,1,1,141,1687,7,1452,142,3139,California
Del Norte,2021-02-28,3,4599,0,1705,3,2893,0,1,3,1690,0,1452,3,3142,California
Del Norte,2021-03-01,27,4626,2,1707,25,2918,0,1,4,1672,22,1474,4,3146,California
Del Norte,2021-03-02,222,4848,142,1849,80,2998,0,1,188,1826,34,1508,188,3334,California
Del Norte,2021-03-03,176,5024,107,1956,69,3067,0,1,134,1918,42,1550,134,3468,California
Del Norte,2021-03-04,119,5143,82,2038,37,3104,0,1,91,1982,27,1577,91,3559,California
Del Norte,2021-03-05,122,5265,11,2049,111,3215,0,1,74,2008,48,1625,74,3633,California
Del Norte,2021-03-06,464,5729,77,2126,338,3553,49,50,163,1877,301,1926,170,3803,California
Del Norte,2021-03-07,1,5730,1,2127,0,3553,0,50,1,1878,0,1926,1,3804,California
Del Norte,2021-03-08,30,5760,0,2127,28,3581,2,52,6,1863,23,1949,8,3812,California
Del Norte,2021-03-09,194,5954,113,2240,78,3659,3,55,183,2038,11,1960,186,3998,California
Del Norte,2021-03-10,233,6187,95,2335,110,3769,28,83,134,2101,99,2059,162,4160,California
Del Norte,2021-03-11,150,6337,55,2390,90,3859,5,88,102,2160,48,2107,107,4267,California
Del Norte,2021-03-12,178,6515,89,2479,89,3948,0,88,125,2232,53,2160,125,4392,California
Del Norte,2021-03-13,94,6609,93,2572,1,3949,0,88,91,2320,3,2163,91,4483,California
Del Norte,2021-03-14,1,6610,0,2572,1,3950,0,88,0,2319,1,2164,0,4483,California
Del Norte,2021-03-15,38,6648,0,2572,38,3988,0,88,34,2349,4,2168,34,4517,California
Del Norte,2021-03-16,279,6927,134,2706,145,4133,0,88,259,2588,20,2188,259,4776,California
Del Norte,2021-03-17,284,7211,95,2801,187,4320,2,90,170,2646,114,2302,172,4948,California
Del Norte,2021-03-18,285,7496,107,2908,175,4495,3,93,149,2663,135,2437,152,5100,California
Del Norte,2021-03-19,267,7763,158,3066,103,4598,6,99,92,2586,175,2612,98,5198,California
Del Norte,2021-03-20,157,7920,154,3220,3,4601,0,99,15,2459,142,2754,15,5213,California
Del Norte,2021-03-21,4,7924,2,3222,2,4603,0,99,2,2459,2,2756,2,5215,California
Del Norte,2021-03-22,42,7966,2,3224,39,4642,1,100,38,2495,3,2759,39,5254,California
Del Norte,2021-03-23,333,8299,164,3388,151,4793,18,118,163,2507,168,2927,180,5434,California
Del Norte,2021-03-24,395,8694,106,3494,249,5042,40,158,227,2606,168,3095,267,5701,California
Del Norte,2021-03-25,192,8886,88,3582,104,5146,0,158,84,2583,107,3202,84,5785,California
Del Norte,2021-03-26,232,9118,113,3695,119,5265,0,158,195,2741,37,3239,195,5980,California
Del Norte,2021-03-27,107,9225,86,3781,4,5269,17,175,17,2685,90,3329,34,6014,California
Del Norte,2021-03-28,4,9229,2,3783,2,5271,0,175,1,2683,3,3332,1,6015,California
Del Norte,2021-03-29,57,9286,6,3789,34,5305,17,192,32,2707,25,3357,49,6064,California
Del Norte,2021-03-30,338,9624,119,3908,208,5513,11,203,126,2632,212,3569,137,6201,California
Del Norte,2021-03-31,355,9979,100,4008,238,5751,17,220,199,2694,154,3723,216,6417,California
Del Norte,2021-04-01,164,10143,58,4066,72,5823,34,254,69,2703,94,3817,103,6520,California
Del Norte,2021-04-02,233,10376,79,4145,105,5928,49,303,49,2618,184,4001,99,6619,California
Del Norte,2021-04-03,108,10484,83,4228,2,5930,23,326,5,2544,102,4103,28,6647,California
Del Norte,2021-04-04,4,10488,0,4228,0,5930,4,330,0,2544,4,4107,4,6651,California
Del Norte,2021-04-05,46,10534,4,4232,38,5968,4,334,40,2582,6,4113,44,6695,California
Del Norte,2021-04-06,380,10914,120,4352,223,6191,37,371,146,2536,230,4343,184,6879,California
Del Norte,2021-04-07,437,11351,115,4467,261,6452,61,432,289,2739,148,4491,351,7230,California
Del Norte,2021-04-08,229,11580,54,4521,106,6558,69,501,105,2789,124,4615,174,7404,California
Del Norte,2021-04-09,207,11787,47,4568,83,6641,77,578,100,2858,106,4721,175,7579,California
Del Norte,2021-04-10,47,11834,26,4594,4,6645,17,595,27,2882,20,4741,44,7623,California
Del Norte,2021-04-11,10,11844,3,4597,0,6645,7,602,1,2881,9,4750,8,7631,California
Del Norte,2021-04-12,27,11871,1,4598,9,6654,17,619,1,2874,25,4775,18,7649,California
Del Norte,2021-04-13,296,12167,49,4647,247,6901,0,619,155,2888,141,4916,155,7804,California
Del Norte,2021-04-14,330,12497,23,4670,307,7208,0,619,138,2839,192,5108,143,7947,California
Del Norte,2021-04-15,164,12661,31,4701,133,7341,0,619,45,2766,119,5227,46,7993,California
Del Norte,2021-04-16,162,12823,40,4741,122,7463,0,619,60,2725,102,5329,61,8054,California
Del Norte,2021-04-17,106,12929,74,4815,32,7495,0,619,100,2819,6,5335,100,8154,California
Del Norte,2021-04-18,5,12934,4,4819,1,7496,0,619,4,2822,1,5336,4,8158,California
Del Norte,2021-04-19,50,12984,6,4825,44,7540,0,619,8,2788,42,5378,8,8166,California
Del Norte,2021-04-20,206,13190,40,4865,166,7706,0,619,72,2726,134,5512,72,8238,California
Del Norte,2021-04-21,290,13480,24,4889,266,7972,0,619,66,2571,224,5736,69,8307,California
Del Norte,2021-04-22,114,13594,15,4904,99,8071,0,619,62,2581,52,5788,62,8369,California
Del Norte,2021-04-23,150,13744,22,4926,128,8199,0,619,39,2509,111,5899,39,8408,California
Del Norte,2021-04-24,26,13770,15,4941,11,8210,0,619,21,2525,5,5904,21,8429,California
Del Norte,2021-04-25,2,13772,0,4941,2,8212,0,619,2,2527,0,5904,2,8431,California
Del Norte,2021-04-26,31,13803,0,4941,31,8243,0,619,9,2514,22,5926,9,8440,California
Del Norte,2021-04-27,181,13984,21,4962,155,8398,5,624,51,2440,130,6056,56,8496,California
Del Norte,2021-04-28,351,14335,100,5062,246,8644,5,629,63,2222,287,6343,69,8565,California
Del Norte,2021-04-29,93,14428,6,5068,83,8727,4,633,26,2185,67,6410,30,8595,California
Del Norte,2021-04-30,86,14514,7,5075,69,8796,10,643,46,2201,40,6450,56,8651,California
Del Norte,2021-05-01,7,14521,2,5077,5,8801,0,643,5,2204,2,6452,5,8656,California
Del Norte,2021-05-02,8,14529,0,5077,8,8809,0,643,8,2212,0,6452,8,8664,California
Del Norte,2021-05-03,40,14569,3,5080,34,8843,3,646,2,2180,37,6489,5,8669,California
Del Norte,2021-05-04,222,14791,36,5116,181,9024,5,651,47,2057,175,6664,52,8721,California
Del Norte,2021-05-05,234,15025,20,5136,206,9230,8,659,59,1950,174,6838,67,8788,California
Del Norte,2021-05-06,112,15137,26,5162,73,9303,13,672,26,1903,86,6924,39,8827,California
Del Norte,2021-05-07,151,15288,28,5190,119,9422,4,676,31,1818,120,7044,35,8862,California
Del Norte,2021-05-08,64,15352,55,5245,7,9429,2,678,6,1768,58,7102,8,8870,California
Del Norte,2021-05-09,9,15361,4,5249,2,9431,3,681,2,1766,7,7109,5,8875,California
Del Norte,2021-05-10,24,15385,3,5252,17,9448,4,685,14,1774,10,7119,18,8893,California
Del Norte,2021-05-11,171,15556,49,5301,120,9568,2,687,34,1673,137,7256,36,8929,California
Del Norte,2021-05-12,150,15706,24,5325,116,9684,10,697,27,1588,122,7378,37,8966,California
Del Norte,2021-05-13,67,15773,29,5354,37,9721,1,698,37,1596,30,7408,38,9004,California
Del Norte,2021-05-14,75,15848,25,5379,49,9770,1,699,40,1602,35,7443,41,9045,California
Del Norte,2021-05-15,97,15945,54,5433,37,9807,6,705,53,1617,44,7487,59,9104,California
Del Norte,2021-05-16,11,15956,0,5433,11,9818,0,705,11,1628,0,7487,11,9115,California
Del Norte,2021-05-17,26,15982,3,5436,20,9838,3,708,15,1635,11,7498,18,9133,California
Del Norte,2021-05-18,126,16108,69,5505,57,9895,0,708,80,1669,46,7544,80,9213,California
Del Norte,2021-05-19,97,16205,14,5519,66,9961,17,725,39,1666,58,7602,55,9268,California
Del Norte,2021-05-20,97,16302,30,5549,64,10025,3,728,38,1649,58,7660,41,9309,California
Del Norte,2021-05-21,81,16383,33,5582,45,10070,3,731,44,1659,37,7697,47,9356,California
Del Norte,2021-05-22,24,16407,8,5590,16,10086,0,731,11,1658,12,7709,11,9367,California
Del Norte,2021-05-23,14,16421,5,5595,9,10095,0,731,7,1658,7,7716,7,9374,California
Del Norte,2021-05-24,26,16447,10,5605,16,10111,0,731,17,1666,9,7725,17,9391,California
Del Norte,2021-05-25,43,16490,5,5610,32,10143,6,737,14,1659,27,7752,20,9411,California
Del Norte,2021-05-26,115,16605,36,5646,72,10215,7,744,52,1656,62,7814,59,9470,California
Del Norte,2021-05-27,73,16678,27,5673,42,10257,4,748,34,1655,39,7853,38,9508,California
Del Norte,2021-05-28,50,16728,6,5679,36,10293,8,756,7,1627,43,7896,15,9523,California
Del Norte,2021-05-29,8,16736,0,5679,4,10297,4,760,3,1629,5,7901,7,9530,California
Del Norte,2021-05-30,7,16743,1,5680,6,10303,0,760,2,1626,5,7906,2,9532,California
Del Norte,2021-05-31,4,16747,2,5682,2,10305,0,760,3,1628,1,7907,3,9535,California
Del Norte,2021-06-01,52,16799,6,5688,39,10344,7,767,11,1605,41,7948,18,9553,California
Del Norte,2021-06-02,84,16883,11,5699,68,10412,5,772,19,1564,65,8013,24,9577,California
Del Norte,2021-06-03,59,16942,34,5733,23,10435,2,774,26,1559,33,8046,28,9605,California
Del Norte,2021-06-04,68,17010,22,5755,41,10476,5,779,19,1534,49,8095,24,9629,California
Del Norte,2021-06-05,1,17011,0,5755,1,10477,0,779,0,1533,1,8096,0,9629,California
Del Norte,2021-06-06,10,17021,4,5759,4,10481,2,781,7,1539,3,8099,9,9638,California
Del Norte,2021-06-07,40,17061,9,5768,26,10507,5,786,15,1534,25,8124,20,9658,California
Del Norte,2021-06-08,112,17173,81,5849,26,10533,5,791,33,1493,79,8203,38,9696,California
Del Norte,2021-06-09,58,17231,11,5860,40,10573,7,798,18,1478,40,8243,25,9721,California
Del Norte,2021-06-10,54,17285,24,5884,23,10596,7,805,9,1450,44,8287,16,9737,California
Del Norte,2021-06-11,46,17331,19,5903,24,10620,3,808,11,1429,35,8322,14,9751,California
Del Norte,2021-06-12,17,17348,3,5906,11,10631,3,811,2,1419,15,8337,5,9756,California
Del Norte,2021-06-13,60,17408,43,5949,13,10644,4,815,13,1389,47,8384,17,9773,California
Del Norte,2021-06-14,21,17429,6,5955,11,10655,4,819,9,1390,12,8396,13,9786,California
El Dorado,2020-12-15,12,12,12,12,0,0,0,0,12,12,0,0,12,12,California
El Dorado,2020-12-16,40,52,40,52,0,0,0,0,40,52,0,0,40,52,California
El Dorado,2020-12-17,32,84,32,84,0,0,0,0,32,84,0,0,32,84,California
El Dorado,2020-12-18,261,345,261,345,0,0,0,0,261,345,0,0,261,345,California
El Dorado,2020-12-19,120,465,120,465,0,0,0,0,120,465,0,0,120,465,California
El Dorado,2020-12-20,85,550,85,550,0,0,0,0,85,550,0,0,85,550,California
El Dorado,2020-12-21,312,862,310,860,2,2,0,0,311,860,1,1,311,861,California
El Dorado,2020-12-22,243,1105,219,1079,24,26,0,0,243,1103,0,1,243,1104,California
El Dorado,2020-12-23,191,1296,141,1220,50,76,0,0,191,1294,0,1,191,1295,California
El Dorado,2020-12-24,86,1382,65,1285,21,97,0,0,86,1380,0,1,86,1381,California
El Dorado,2020-12-25,8,1390,8,1293,0,97,0,0,8,1388,0,1,8,1389,California
El Dorado,2020-12-26,45,1435,27,1320,18,115,0,0,45,1433,0,1,45,1434,California
El Dorado,2020-12-27,38,1473,34,1354,4,119,0,0,38,1471,0,1,38,1472,California
El Dorado,2020-12-28,215,1688,167,1521,48,167,0,0,215,1686,0,1,215,1687,California
El Dorado,2020-12-29,463,2151,145,1666,318,485,0,0,463,2149,0,1,463,2150,California
El Dorado,2020-12-30,509,2660,139,1805,370,855,0,0,509,2658,0,1,509,2659,California
El Dorado,2020-12-31,110,2770,68,1873,42,897,0,0,110,2768,0,1,110,2769,California
El Dorado,2021-01-01,6,2776,4,1877,2,899,0,0,6,2774,0,1,6,2775,California
El Dorado,2021-01-02,151,2927,139,2016,12,911,0,0,151,2925,0,1,151,2926,California
El Dorado,2021-01-03,93,3020,17,2033,76,987,0,0,93,3018,0,1,93,3019,California
El Dorado,2021-01-04,190,3210,62,2095,128,1115,0,0,190,3208,0,1,190,3209,California
El Dorado,2021-01-05,230,3440,74,2169,156,1271,0,0,213,3404,17,18,213,3422,California
El Dorado,2021-01-06,242,3682,168,2337,74,1345,0,0,176,3515,65,83,176,3598,California
El Dorado,2021-01-07,333,4015,136,2473,197,1542,0,0,257,3696,76,159,257,3855,California
El Dorado,2021-01-08,982,4997,506,2979,476,2018,0,0,764,4242,218,377,764,4619,California
El Dorado,2021-01-09,196,5193,160,3139,36,2054,0,0,124,4294,72,449,124,4743,California
El Dorado,2021-01-10,183,5376,132,3271,51,2105,0,0,111,4334,72,521,112,4855,California
El Dorado,2021-01-11,663,6039,296,3567,367,2472,0,0,460,4595,199,720,460,5315,California
El Dorado,2021-01-12,808,6847,427,3994,381,2853,0,0,557,4901,251,971,557,5872,California
El Dorado,2021-01-13,707,7554,301,4295,406,3259,0,0,541,5277,166,1137,542,6414,California
El Dorado,2021-01-14,801,8355,223,4518,578,3837,0,0,705,5887,96,1233,706,7120,California
El Dorado,2021-01-15,797,9152,187,4705,610,4447,0,0,723,6536,74,1307,723,7843,California
El Dorado,2021-01-16,178,9330,105,4810,73,4520,0,0,151,6660,27,1334,151,7994,California
El Dorado,2021-01-17,105,9435,50,4860,55,4575,0,0,87,6729,18,1352,87,8081,California
El Dorado,2021-01-18,429,9864,146,5006,283,4858,0,0,358,7016,71,1423,358,8439,California
El Dorado,2021-01-19,753,10617,450,5456,303,5161,0,0,601,7466,152,1575,602,9041,California
El Dorado,2021-01-20,1014,11631,688,6144,326,5487,0,0,901,8255,112,1687,901,9942,California
El Dorado,2021-01-21,1271,12902,680,6824,591,6078,0,0,1064,9153,166,1853,1064,11006,California
El Dorado,2021-01-22,1230,14132,831,7655,399,6477,0,0,1175,10274,54,1907,1175,12181,California
El Dorado,2021-01-23,733,14865,610,8265,123,6600,0,0,623,10787,110,2017,623,12804,California
El Dorado,2021-01-24,127,14992,77,8342,50,6650,0,0,107,10874,20,2037,107,12911,California
El Dorado,2021-01-25,702,15694,292,8634,410,7060,0,0,615,11402,87,2124,615,13526,California
El Dorado,2021-01-26,691,16385,376,9010,315,7375,0,0,583,11877,108,2232,583,14109,California
El Dorado,2021-01-27,998,17383,396,9406,602,7977,0,0,658,12194,341,2573,658,14767,California
El Dorado,2021-01-28,1110,18493,454,9860,656,8633,0,0,747,12578,363,2936,747,15514,California
El Dorado,2021-01-29,1052,19545,560,10420,492,9125,0,0,759,13046,292,3228,760,16274,California
El Dorado,2021-01-30,550,20095,295,10715,255,9380,0,0,453,13403,96,3324,453,16727,California
El Dorado,2021-01-31,240,20335,217,10932,23,9403,0,0,186,13536,53,3377,186,16913,California
El Dorado,2021-02-01,797,21132,367,11299,430,9833,0,0,650,14039,147,3524,650,17563,California
El Dorado,2021-02-02,849,21981,371,11670,478,10311,0,0,684,14558,165,3689,684,18247,California
El Dorado,2021-02-03,909,22890,479,12149,430,10741,0,0,697,15043,212,3901,697,18944,California
El Dorado,2021-02-04,1257,24147,708,12857,549,11290,0,0,880,15546,377,4278,880,19824,California
El Dorado,2021-02-05,1496,25643,607,13464,889,12179,0,0,870,15827,589,4867,870,20694,California
El Dorado,2021-02-06,637,26280,334,13798,303,12482,0,0,529,16249,108,4975,530,21224,California
El Dorado,2021-02-07,259,26539,177,13975,82,12564,0,0,192,16374,67,5042,192,21416,California
El Dorado,2021-02-08,889,27428,424,14399,465,13029,0,0,611,16707,278,5320,611,22027,California
El Dorado,2021-02-09,972,28400,546,14945,426,13455,0,0,546,16827,426,5746,546,22573,California
El Dorado,2021-02-10,1267,29667,741,15686,526,13981,0,0,667,16895,599,6345,667,23240,California
El Dorado,2021-02-11,2162,31829,896,16582,1266,15247,0,0,759,16255,1400,7745,760,24000,California
El Dorado,2021-02-12,1575,33404,822,17404,753,16000,0,0,672,16026,902,8647,673,24673,California
El Dorado,2021-02-13,974,34378,663,18067,311,16311,0,0,438,15929,535,9182,438,25111,California
El Dorado,2021-02-14,490,34868,153,18220,337,16648,0,0,399,16237,91,9273,399,25510,California
El Dorado,2021-02-15,1183,36051,384,18604,799,17447,0,0,822,16702,361,9634,826,26336,California
El Dorado,2021-02-16,1213,37264,535,19139,678,18125,0,0,673,16837,539,10173,674,27010,California
El Dorado,2021-02-17,960,38224,424,19563,536,18661,0,0,466,16810,494,10667,467,27477,California
El Dorado,2021-02-18,2103,40327,1029,20592,1074,19735,0,0,1069,16846,1033,11700,1069,28546,California
El Dorado,2021-02-19,1230,41557,659,21251,571,20306,0,0,691,16999,538,12238,691,29237,California
El Dorado,2021-02-20,947,42504,452,21703,495,20801,0,0,680,17417,262,12500,680,29917,California
El Dorado,2021-02-21,290,42794,232,21935,58,20859,0,0,103,17333,187,12687,103,30020,California
El Dorado,2021-02-22,885,43679,441,22376,444,21303,0,0,277,17003,607,13294,277,30297,California
El Dorado,2021-02-23,870,44549,493,22869,377,21680,0,0,354,16843,514,13808,354,30651,California
El Dorado,2021-02-24,1037,45586,448,23317,589,22269,0,0,431,16668,606,14414,431,31082,California
El Dorado,2021-02-25,1928,47514,1160,24477,768,23037,0,0,697,16143,1224,15638,699,31781,California
El Dorado,2021-02-26,2420,49934,1508,25985,912,23949,0,0,1628,16982,789,16427,1628,33409,California
El Dorado,2021-02-27,1708,51642,445,26430,1263,25212,0,0,1259,17795,446,16873,1259,34668,California
El Dorado,2021-02-28,660,52302,225,26655,435,25647,0,0,495,18126,165,17038,496,35164,California
El Dorado,2021-03-01,1165,53467,469,27124,694,26341,2,2,644,18252,520,17558,646,35810,California
El Dorado,2021-03-02,938,54405,275,27399,662,27003,1,3,494,18305,442,18000,495,36305,California
El Dorado,2021-03-03,1713,56118,471,27870,1242,28245,0,3,1167,18935,539,18539,1169,37474,California
El Dorado,2021-03-04,2539,58657,1562,29432,977,29222,0,3,1209,18817,1327,19866,1209,38683,California
El Dorado,2021-03-05,1598,60255,434,29866,1159,30381,5,8,1058,19346,534,20400,1063,39746,California
El Dorado,2021-03-06,746,61001,219,30085,494,30875,33,41,396,19426,349,20749,429,40175,California
El Dorado,2021-03-07,413,61414,200,30285,195,31070,18,59,253,19539,158,20907,271,40446,California
El Dorado,2021-03-08,1345,62759,371,30656,901,31971,73,132,872,20013,470,21377,944,41390,California
El Dorado,2021-03-09,993,63752,231,30887,693,32664,69,201,589,20282,389,21766,658,42048,California
El Dorado,2021-03-10,964,64716,348,31235,559,33223,57,258,556,20492,402,22168,612,42660,California
El Dorado,2021-03-11,3043,67759,1846,33081,1010,34233,187,445,1291,20238,1730,23898,1476,44136,California
El Dorado,2021-03-12,1809,69568,630,33711,928,35161,251,696,750,20198,1041,24939,1001,45137,California
El Dorado,2021-03-13,1076,70644,352,34063,440,35601,284,980,372,20151,700,25639,653,45790,California
El Dorado,2021-03-14,796,71440,202,34265,483,36084,111,1091,276,20018,520,26159,387,46177,California
El Dorado,2021-03-15,1417,72857,304,34569,982,37066,131,1222,616,19969,797,26956,748,46925,California
El Dorado,2021-03-16,1236,74093,423,34992,668,37734,145,1367,568,20019,663,27619,713,47638,California
El Dorado,2021-03-17,1138,75231,364,35356,673,38407,101,1468,734,20451,403,28022,835,48473,California
El Dorado,2021-03-18,3027,78258,1790,37146,1194,39601,43,1511,1995,21465,1024,29046,2038,50511,California
El Dorado,2021-03-19,1122,79380,360,37506,609,40210,153,1664,624,21743,498,29544,776,51287,California
El Dorado,2021-03-20,958,80338,266,37772,676,40886,16,1680,376,21565,570,30114,392,51679,California
El Dorado,2021-03-21,1042,81380,424,38196,613,41499,5,1685,929,22388,111,30225,934,52613,California
El Dorado,2021-03-22,1510,82890,487,38683,941,42440,82,1767,1188,23341,317,30542,1270,53883,California
El Dorado,2021-03-23,1159,84049,458,39141,605,43045,96,1863,738,23766,409,30951,834,54717,California
El Dorado,2021-03-24,1467,85516,636,39777,636,43681,195,2058,665,23851,775,31726,860,55577,California
El Dorado,2021-03-25,2528,88044,1697,41474,724,44405,107,2165,1379,24195,1143,32869,1487,57064,California
El Dorado,2021-03-26,1834,89878,704,42178,1017,45422,113,2278,929,24355,882,33751,1042,58106,California
El Dorado,2021-03-27,1340,91218,189,42367,1147,46569,4,2282,317,23659,1017,34768,321,58427,California
El Dorado,2021-03-28,643,91861,187,42554,445,47014,11,2293,166,23363,473,35241,177,58604,California
El Dorado,2021-03-29,1326,93187,435,42989,875,47889,16,2309,827,23710,496,35737,843,59447,California
El Dorado,2021-03-30,1379,94566,422,43411,860,48749,97,2406,686,23806,685,36422,781,60228,California
El Dorado,2021-03-31,1568,96134,582,43993,918,49667,68,2474,688,23682,878,37300,754,60982,California
El Dorado,2021-04-01,3247,99381,1773,45766,1391,51058,83,2557,1542,23606,1702,39002,1626,62608,California
El Dorado,2021-04-02,1905,101286,568,46334,1240,52298,97,2654,749,23302,1150,40152,846,63454,California
El Dorado,2021-04-03,756,102042,301,46635,335,52633,120,2774,231,23131,522,40674,351,63805,California
El Dorado,2021-04-04,273,102315,83,46718,143,52776,47,2821,97,23100,175,40849,144,63949,California
El Dorado,2021-04-05,1427,103742,424,47142,910,53686,93,2914,590,22951,831,41680,682,64631,California
El Dorado,2021-04-06,1428,105170,533,47675,674,54360,221,3135,455,22655,969,42649,673,65304,California
El Dorado,2021-04-07,1610,106780,570,48245,588,54948,452,3587,563,22623,1044,43693,1012,66316,California
El Dorado,2021-04-08,2710,109490,1747,49992,725,55673,238,3825,1122,22402,1580,45273,1359,67675,California
El Dorado,2021-04-09,1443,110933,454,50446,769,56442,220,4045,573,22326,867,46140,791,68466,California
El Dorado,2021-04-10,824,111757,225,50671,489,56931,110,4155,478,22570,343,46483,587,69053,California
El Dorado,2021-04-11,706,112463,455,51126,235,57166,16,4171,208,22297,497,46980,224,69277,California
El Dorado,2021-04-12,1297,113760,505,51631,642,57808,150,4321,567,22291,722,47702,716,69993,California
El Dorado,2021-04-13,1130,114890,617,52248,513,58321,0,4321,513,22193,611,48313,513,70506,California
El Dorado,2021-04-14,1100,115990,470,52718,629,58950,1,4322,391,21889,696,49009,392,70898,California
El Dorado,2021-04-15,2512,118502,1693,54411,819,59769,0,4322,954,21294,1555,50564,960,71858,California
El Dorado,2021-04-16,1479,119981,525,54936,954,60723,0,4322,610,21040,865,51429,611,72469,California
El Dorado,2021-04-17,812,120793,205,55141,607,61330,0,4322,499,21229,310,51739,499,72968,California
El Dorado,2021-04-18,1030,121823,88,55229,942,62272,0,4322,407,21014,622,52361,407,73375,California
El Dorado,2021-04-19,1724,123547,438,55667,1286,63558,0,4322,690,20676,1028,53389,690,74065,California
El Dorado,2021-04-20,1110,124657,364,56031,746,64304,0,4322,456,20483,650,54039,457,74522,California
El Dorado,2021-04-21,1157,125814,461,56492,692,64996,4,4326,591,20517,558,54597,592,75114,California
El Dorado,2021-04-22,2558,128372,1687,58179,871,65867,0,4326,1065,20092,1490,56087,1065,76179,California
El Dorado,2021-04-23,1414,129786,505,58684,909,66776,0,4326,725,20132,686,56773,726,76905,California
El Dorado,2021-04-24,973,130759,522,59206,451,67227,0,4326,736,20633,235,57008,736,77641,California
El Dorado,2021-04-25,656,131415,450,59656,206,67433,0,4326,470,20917,186,57194,470,78111,California
El Dorado,2021-04-26,1196,132611,483,60139,696,68129,17,4343,561,20862,632,57826,577,78688,California
El Dorado,2021-04-27,1125,133736,419,60558,668,68797,38,4381,500,20782,618,58444,538,79226,California
El Dorado,2021-04-28,1069,134805,357,60915,672,69469,40,4421,435,20624,633,59077,475,79701,California
El Dorado,2021-04-29,1985,136790,1361,62276,592,70061,32,4453,589,19852,1393,60470,621,80322,California
El Dorado,2021-04-30,2130,138920,1343,63619,746,70807,41,4494,1367,20508,751,61221,1407,81729,California
El Dorado,2021-05-01,617,139537,282,63901,307,71114,28,4522,277,20480,333,61554,305,82034,California
El Dorado,2021-05-02,303,139840,216,64117,58,71172,29,4551,101,20410,199,61753,129,82163,California
El Dorado,2021-05-03,824,140664,400,64517,373,71545,51,4602,276,20194,544,62297,328,82491,California
El Dorado,2021-05-04,885,141549,436,64953,389,71934,60,4662,313,19999,568,62865,373,82864,California
El Dorado,2021-05-05,878,142427,434,65387,370,72304,74,4736,419,20035,457,63322,493,83357,California
El Dorado,2021-05-06,1117,143544,485,65872,584,72888,48,4784,476,19920,635,63957,520,83877,California
El Dorado,2021-05-07,982,144526,379,66251,545,73433,58,4842,398,19791,584,64541,455,84332,California
El Dorado,2021-05-08,491,145017,154,66405,300,73733,37,4879,186,19711,303,64844,223,84555,California
El Dorado,2021-05-09,221,145238,82,66487,112,73845,27,4906,103,19724,117,64961,130,84685,California
El Dorado,2021-05-10,827,146065,273,66760,496,74341,58,4964,243,19448,575,65536,299,84984,California
El Dorado,2021-05-11,682,146747,296,67056,323,74664,63,5027,293,19419,386,65922,357,85341,California
El Dorado,2021-05-12,646,147393,339,67395,265,74929,42,5069,274,19364,372,66294,317,85658,California
El Dorado,2021-05-13,1255,148648,793,68188,422,75351,40,5109,474,19102,775,67069,513,86171,California
El Dorado,2021-05-14,1412,150060,818,69006,510,75861,84,5193,681,19141,726,67795,765,86936,California
El Dorado,2021-05-15,903,150963,557,69563,289,76150,57,5250,320,18935,583,68378,377,87313,California
El Dorado,2021-05-16,662,151625,461,70024,175,76325,26,5276,230,18759,432,68810,256,87569,California
El Dorado,2021-05-17,1573,153198,666,70690,858,77183,49,5325,564,18366,1005,69815,612,88181,California
El Dorado,2021-05-18,1023,154221,519,71209,450,77633,54,5379,444,18286,578,70393,498,88679,California
El Dorado,2021-05-19,817,155038,334,71543,430,78063,53,5432,320,18168,490,70883,372,89051,California
El Dorado,2021-05-20,1179,156217,658,72201,448,78511,73,5505,449,17962,727,71610,521,89572,California
El Dorado,2021-05-21,2334,158551,1741,73942,551,79062,42,5547,819,17312,1511,73121,861,90433,California
El Dorado,2021-05-22,702,159253,203,74145,463,79525,36,5583,227,17101,474,73595,263,90696,California
El Dorado,2021-05-23,286,159539,114,74259,143,79668,29,5612,91,17028,193,73788,120,90816,California
El Dorado,2021-05-24,884,160423,454,74713,361,80029,69,5681,313,16841,567,74355,380,91196,California
El Dorado,2021-05-25,605,161028,252,74965,317,80346,36,5717,228,16731,374,74729,264,91460,California
El Dorado,2021-05-26,802,161830,394,75359,384,80730,24,5741,282,16518,519,75248,306,91766,California
El Dorado,2021-05-27,624,162454,247,75606,343,81073,34,5775,318,16565,304,75552,351,92117,California
El Dorado,2021-05-28,728,163182,251,75857,413,81486,64,5839,307,16518,418,75970,371,92488,California
El Dorado,2021-05-29,385,163567,106,75963,263,81749,16,5855,168,16485,217,76187,184,92672,California
El Dorado,2021-05-30,172,163739,101,76064,57,81806,14,5869,84,16495,88,76275,98,92770,California
El Dorado,2021-05-31,35,163774,10,76074,14,81820,11,5880,8,16487,27,76302,19,92789,California
El Dorado,2021-06-01,679,164453,292,76366,349,82169,38,5918,235,16319,441,76743,273,93062,California
El Dorado,2021-06-02,628,165081,300,76666,278,82447,50,5968,262,16266,365,77108,312,93374,California
El Dorado,2021-06-03,730,165811,339,77005,348,82795,43,6011,184,15948,546,77654,228,93602,California
El Dorado,2021-06-04,883,166694,528,77533,321,83116,34,6045,189,15479,692,78346,223,93825,California
El Dorado,2021-06-05,386,167080,222,77755,152,83268,12,6057,84,15274,301,78647,96,93921,California
El Dorado,2021-06-06,277,167357,192,77947,69,83337,16,6073,51,15115,225,78872,66,93987,California
El Dorado,2021-06-07,787,168144,487,78434,260,83597,40,6113,173,14721,607,79479,213,94200,California
El Dorado,2021-06-08,631,168775,383,78817,215,83812,33,6146,129,14383,499,79978,161,94361,California
El Dorado,2021-06-09,459,169234,271,79088,163,83975,25,6171,106,14162,352,80330,131,94492,California
El Dorado,2021-06-10,584,169818,366,79454,189,84164,29,6200,158,13926,423,80753,187,94679,California
El Dorado,2021-06-11,610,170428,352,79806,213,84377,45,6245,118,13598,491,81244,163,94842,California
El Dorado,2021-06-12,251,170679,147,79953,86,84463,18,6263,56,13478,194,81438,74,94916,California
El Dorado,2021-06-13,150,170829,83,80036,50,84513,17,6280,31,13408,118,81556,48,94964,California
El Dorado,2021-06-14,225,171054,170,80206,46,84559,9,6289,66,13324,159,81715,75,95039,California
Fresno,2020-12-15,2,2,2,2,0,0,0,0,2,2,0,0,2,2,California
Fresno,2020-12-16,125,127,125,127,0,0,0,0,125,127,0,0,125,127,California
Fresno,2020-12-17,122,249,122,249,0,0,0,0,122,249,0,0,122,249,California
Fresno,2020-12-18,349,598,349,598,0,0,0,0,349,598,0,0,349,598,California
Fresno,2020-12-19,163,761,163,761,0,0,0,0,163,761,0,0,163,761,California
Fresno,2020-12-20,257,1018,255,1016,2,2,0,0,257,1018,0,0,257,1018,California
Fresno,2020-12-21,924,1942,922,1938,2,4,0,0,954,1972,0,0,954,1972,California
Fresno,2020-12-22,905,2847,874,2812,31,35,0,0,909,2881,0,0,909,2881,California
Fresno,2020-12-23,1085,3932,1045,3857,40,75,0,0,1086,3967,0,0,1086,3967,California
Fresno,2020-12-24,592,4524,566,4423,26,101,0,0,592,4559,0,0,592,4559,California
Fresno,2020-12-25,2,4526,1,4424,1,102,0,0,2,4561,0,0,2,4561,California
Fresno,2020-12-26,724,5250,715,5139,9,111,0,0,724,5285,0,0,724,5285,California
Fresno,2020-12-27,307,5557,208,5347,99,210,0,0,307,5592,0,0,307,5592,California
Fresno,2020-12-28,1096,6653,802,6149,294,504,0,0,1096,6688,0,0,1096,6688,California
Fresno,2020-12-29,1758,8411,995,7144,763,1267,0,0,1756,8443,1,1,1756,8444,California
Fresno,2020-12-30,984,9395,446,7590,538,1805,0,0,984,9427,0,1,984,9428,California
Fresno,2020-12-31,927,10322,310,7900,617,2422,0,0,926,10353,0,1,926,10354,California
Fresno,2021-01-01,10,10332,3,7903,7,2429,0,0,10,10363,0,1,10,10364,California
Fresno,2021-01-02,1028,11360,712,8615,316,2745,0,0,1028,11391,0,1,1028,11392,California
Fresno,2021-01-03,155,11515,129,8744,26,2771,0,0,155,11546,0,1,155,11547,California
Fresno,2021-01-04,625,12140,379,9123,246,3017,0,0,624,12169,1,2,624,12171,California
Fresno,2021-01-05,781,12921,311,9434,470,3487,0,0,707,12802,74,76,707,12878,California
Fresno,2021-01-06,987,13908,347,9781,640,4127,0,0,813,13441,174,250,813,13691,California
Fresno,2021-01-07,1898,15806,918,10699,980,5107,0,0,1641,14828,257,507,1644,15335,California
Fresno,2021-01-08,1789,17595,614,11313,1175,6282,0,0,1424,15890,363,870,1425,16760,California
Fresno,2021-01-09,640,18235,393,11706,247,6529,0,0,360,15970,280,1150,360,17120,California
Fresno,2021-01-10,517,18752,487,12193,30,6559,0,0,204,15861,313,1463,204,17324,California
Fresno,2021-01-11,2220,20972,1805,13998,415,6974,0,0,1526,16697,694,2157,1530,18854,California
Fresno,2021-01-12,2525,23497,1826,15824,699,7673,0,0,1674,17520,853,3010,1676,20530,California
Fresno,2021-01-13,3560,27057,2435,18259,1125,8798,0,0,2706,19376,854,3864,2710,23240,California
Fresno,2021-01-14,4144,31201,2185,20444,1959,10757,0,0,3669,22572,473,4337,3669,26909,California
Fresno,2021-01-15,3663,34864,2535,22979,1128,11885,0,0,3303,25519,360,4697,3307,30216,California
Fresno,2021-01-16,3146,38010,2310,25289,836,12721,0,0,2675,27726,470,5167,2677,32893,California
Fresno,2021-01-17,979,38989,557,25846,422,13143,0,0,779,28305,200,5367,779,33672,California
Fresno,2021-01-18,3079,42068,2373,28219,706,13849,0,0,2422,30074,655,6022,2424,36096,California
Fresno,2021-01-19,4406,46474,2625,30844,1781,15630,0,0,3689,33050,717,6739,3693,39789,California
Fresno,2021-01-20,3025,49499,1216,32060,1809,17439,0,0,2709,35448,314,7053,2712,42501,California
Fresno,2021-01-21,4395,53894,2039,34099,2356,19795,0,0,4035,39152,337,7390,4041,46542,California
Fresno,2021-01-22,3308,57202,1347,35446,1961,21756,0,0,2923,41707,369,7759,2924,49466,California
Fresno,2021-01-23,3055,60257,1980,37426,1075,22831,0,0,2330,43319,723,8482,2335,51801,California
Fresno,2021-01-24,560,60817,377,37803,183,23014,0,0,351,43463,209,8691,353,52154,California
Fresno,2021-01-25,2438,63255,864,38667,1574,24588,0,0,1859,44747,578,9269,1862,54016,California
Fresno,2021-01-26,2084,65339,593,39260,1491,26079,0,0,1322,45310,760,10029,1323,55339,California
Fresno,2021-01-27,2312,67651,1138,40398,1174,27253,0,0,1732,46466,579,10608,1735,57074,California
Fresno,2021-01-28,4559,72210,3055,43453,1504,28757,0,0,3483,48879,1073,11681,3486,60560,California
Fresno,2021-01-29,1705,73915,977,44430,728,29485,0,0,1402,49985,299,11980,1405,61965,California
Fresno,2021-01-30,1444,75359,546,44976,898,30383,0,0,1023,50587,421,12401,1023,62988,California
Fresno,2021-01-31,230,75589,219,45195,11,30394,0,0,76,50509,154,12555,76,63064,California
Fresno,2021-02-01,3342,78931,1667,46862,1675,32069,0,0,1784,50747,1556,14111,1794,64858,California
Fresno,2021-02-02,2731,81662,558,47420,2173,34242,0,0,1588,51223,1128,15239,1604,66462,California
Fresno,2021-02-03,3558,85220,2105,49525,1453,35695,0,0,1545,50765,2004,17243,1546,68008,California
Fresno,2021-02-04,4192,89412,1893,51418,2299,37994,0,0,1926,50460,2236,19479,1931,69939,California
Fresno,2021-02-05,5333,94745,2725,54143,2608,40602,0,0,2295,49732,3027,22506,2299,72238,California
Fresno,2021-02-06,2926,97671,2038,56181,888,41490,0,0,967,48749,1951,24457,968,73206,California
Fresno,2021-02-07,469,98140,287,56468,182,41672,0,0,273,48827,195,24652,273,73479,California
Fresno,2021-02-08,4278,102418,2287,58755,1991,43663,0,0,1805,48184,2457,27109,1814,75293,California
Fresno,2021-02-09,5326,107744,2094,60849,3232,46895,0,0,3110,49165,2139,29248,3120,78413,California
Fresno,2021-02-10,3887,111631,1234,62083,2653,49548,0,0,1974,49295,1856,31104,1986,80399,California
Fresno,2021-02-11,6446,118077,2086,64169,4360,53908,0,0,3346,49564,3082,34186,3351,83750,California
Fresno,2021-02-12,5401,123478,1392,65561,4009,57917,0,0,2727,49655,2645,36831,2736,86486,California
Fresno,2021-02-13,3749,127227,1562,67123,2187,60104,0,0,2084,50099,1645,38476,2089,88575,California
Fresno,2021-02-14,1568,128795,282,67405,1286,61390,0,0,838,50214,725,39201,840,89415,California
Fresno,2021-02-15,2893,131688,268,67673,2625,64015,0,0,1797,50923,1092,40293,1801,91216,California
Fresno,2021-02-16,6686,138374,2402,70075,4284,68299,0,0,4231,52724,2436,42729,4237,95453,California
Fresno,2021-02-17,5320,143694,2445,72520,2875,71174,0,0,2988,53428,2288,45017,2992,98445,California
Fresno,2021-02-18,6846,150540,2893,75413,3953,75127,0,0,2572,51780,4232,49249,2584,101029,California
Fresno,2021-02-19,3836,154376,1099,76512,2737,77864,0,0,1818,51595,2006,51255,1821,102850,California
Fresno,2021-02-20,4519,158895,2478,78990,2041,79905,0,0,3040,53170,1471,52726,3046,105896,California
Fresno,2021-02-21,188,159083,169,79159,19,79924,0,0,125,53246,49,52775,125,106021,California
Fresno,2021-02-22,2238,161321,998,80157,1240,81164,0,0,1236,53494,992,53767,1240,107261,California
Fresno,2021-02-23,4684,166005,2265,82422,2419,83583,0,0,3804,56432,868,54635,3806,111067,California
Fresno,2021-02-24,4208,170213,1503,83925,2705,86288,0,0,3446,59128,751,55386,3447,114514,California
Fresno,2021-02-25,8699,178912,3745,87670,4954,91242,0,0,7210,64922,1424,56810,7218,121732,California
Fresno,2021-02-26,9019,187931,3702,91372,5317,96559,0,0,7706,71345,1289,58099,7712,129444,California
Fresno,2021-02-27,7276,195207,3162,94534,4113,100672,1,1,6566,77220,695,58794,6570,136014,California
Fresno,2021-02-28,1647,196854,527,95061,1120,101792,0,1,1557,78701,77,58871,1558,137572,California
Fresno,2021-03-01,5103,201957,1323,96384,3780,105572,0,1,3694,81008,1391,60262,3698,141270,California
Fresno,2021-03-02,9870,211827,3386,99770,6484,112056,0,1,8479,88151,1362,61624,8505,149775,California
Fresno,2021-03-03,7022,218849,1769,101539,5252,117308,1,2,6013,93281,995,62619,6125,155900,California
Fresno,2021-03-04,10451,229300,4129,105668,6322,123630,0,2,8709,100285,1714,64333,8718,164618,California
Fresno,2021-03-05,9304,238604,3626,109294,5676,129306,2,4,8029,107247,1143,65476,8105,172723,California
Fresno,2021-03-06,7006,245610,3955,113249,2933,132239,118,122,6014,112399,984,66460,6136,178859,California
Fresno,2021-03-07,1494,247104,681,113930,775,133014,38,160,1264,113475,227,66687,1303,180162,California
Fresno,2021-03-08,5294,252398,2023,115953,3120,136134,151,311,4003,116360,1280,67967,4165,184327,California
Fresno,2021-03-09,8613,261011,3784,119737,4558,140692,271,582,4645,117366,3947,71914,4953,189280,California
Fresno,2021-03-10,6827,267838,2856,122593,3583,144275,388,970,5370,121684,1448,73362,5766,195046,California
Fresno,2021-03-11,11597,279435,4581,127174,6471,150746,545,1515,6313,123361,5258,78620,6935,201981,California
Fresno,2021-03-12,12036,291471,5132,132306,6477,157223,427,1942,9054,130018,2963,81583,9620,211601,California
Fresno,2021-03-13,8324,299795,4052,136358,3257,160480,1015,2957,4023,130852,4280,85863,5114,216715,California
Fresno,2021-03-14,1769,301564,480,136838,1001,161481,288,3245,667,130717,1090,86953,955,217670,California
Fresno,2021-03-15,7136,308700,3172,140010,3788,165269,176,3421,4932,133831,2189,89142,5303,222973,California
Fresno,2021-03-16,10227,318927,4542,144552,5293,170562,392,3813,5426,134975,4768,93910,5912,228885,California
Fresno,2021-03-17,8675,327602,3926,148478,4041,174603,708,4521,5858,139152,2793,96703,6970,235855,California
Fresno,2021-03-18,12482,340084,6730,155208,5078,179681,674,5195,6995,141873,5438,102141,8159,244014,California
Fresno,2021-03-19,11173,351257,5887,161095,4672,184353,614,5809,6853,145423,4291,106432,7841,251855,California
Fresno,2021-03-20,7622,358879,4599,165694,2697,187050,326,6135,3767,146004,3830,110262,4411,256266,California
Fresno,2021-03-21,1795,360674,1206,166900,208,187258,381,6516,967,146533,820,111082,1349,257615,California
Fresno,2021-03-22,5670,366344,2895,169795,2176,189434,599,7115,3793,149305,1861,112943,4633,262248,California
Fresno,2021-03-23,10572,376916,5253,175048,4814,194248,505,7620,5052,149807,5497,118440,5999,268247,California
Fresno,2021-03-24,8862,385778,3834,178882,4197,198445,831,8451,4971,151809,3854,122294,5856,274103,California
Fresno,2021-03-25,12218,397996,5691,184573,5720,204165,807,9258,4752,150037,7414,129708,5642,279745,California
Fresno,2021-03-26,12217,410213,5456,190029,6123,210288,638,9896,4449,147435,7714,137422,5112,284857,California
Fresno,2021-03-27,9886,420099,4609,194638,4191,214479,1086,10982,2954,144587,6893,144315,4045,288902,California
Fresno,2021-03-28,3425,423524,1325,195963,1406,215885,694,11676,1115,144542,2302,146617,2257,291159,California
Fresno,2021-03-29,5988,429512,2002,197965,3446,219331,540,12216,2887,144911,3072,149689,3441,294600,California
Fresno,2021-03-30,10930,440442,4267,202232,5766,225097,897,13113,3848,142605,7051,156740,4745,299345,California
Fresno,2021-03-31,9694,450136,3378,205610,5322,230419,994,14107,3678,141298,5973,162713,4666,304011,California
Fresno,2021-04-01,12202,462338,4209,209819,7131,237550,862,14969,4055,138127,8044,170757,4873,308884,California
Fresno,2021-04-02,12080,474418,4629,214448,6659,244209,792,15761,4282,135570,7636,178393,5079,313963,California
Fresno,2021-04-03,6409,480827,3526,217974,2625,246834,258,16019,2146,133766,4244,182637,2440,316403,California
Fresno,2021-04-04,1501,482328,535,218509,921,247755,45,16064,547,133415,944,183581,593,316996,California
Fresno,2021-04-05,8330,490658,4469,222978,3056,250811,805,16869,2442,130860,5871,189452,3316,320312,California
Fresno,2021-04-06,9634,500292,4036,227014,4409,255220,1189,18058,3552,129577,6041,195493,4758,325070,California
Fresno,2021-04-07,10614,510906,5493,232507,3909,259129,1212,19270,3556,127357,7012,202505,4792,329862,California
Fresno,2021-04-08,10964,521870,5178,237685,4620,263749,1166,20436,3440,124530,7474,209979,4647,334509,California
Fresno,2021-04-09,11271,533141,5353,243038,4515,268264,1403,21839,3621,121970,7601,217580,5041,339550,California
Fresno,2021-04-10,7884,541025,5146,248184,2214,270478,524,22363,3670,121962,4202,221782,4194,343744,California
Fresno,2021-04-11,1391,542416,935,249119,365,270843,91,22454,447,121562,939,222721,539,344283,California
Fresno,2021-04-12,7281,549697,3813,252932,2540,273383,928,23382,2357,119951,4894,227615,3283,347566,California
Fresno,2021-04-13,8962,558659,4291,257223,4603,277986,68,23450,3510,118210,5415,233030,3674,351240,California
Fresno,2021-04-14,9527,568186,5779,263002,3747,281733,1,23451,3782,116349,5702,238732,3841,355081,California
Fresno,2021-04-15,8455,576641,4213,267215,4239,285972,3,23454,3207,114346,5220,243952,3217,358298,California
Fresno,2021-04-16,9411,586052,4646,271861,4763,290735,2,23456,3899,112784,5473,249425,3911,362209,California
Fresno,2021-04-17,5568,591620,3720,275581,1848,292583,0,23456,2645,112530,2902,252327,2648,364857,California
Fresno,2021-04-18,1026,592646,558,276139,468,293051,0,23456,470,112449,551,252878,470,365327,California
Fresno,2021-04-19,5562,598208,3018,279157,2541,295592,3,23459,2247,111425,3277,256155,2253,367580,California
Fresno,2021-04-20,6902,605110,3429,282586,3464,299056,9,23468,2615,109786,4263,260418,2624,370204,California
Fresno,2021-04-21,6366,611476,3521,286107,2837,301893,8,23476,2651,108767,3682,264100,2663,372867,California
Fresno,2021-04-22,6350,617826,3160,289267,3189,305082,1,23477,2310,107101,3980,268080,2314,375181,California
Fresno,2021-04-23,7097,624923,3819,293086,3261,308343,17,23494,2717,105532,4291,272371,2722,377903,California
Fresno,2021-04-24,4163,629086,2490,295576,1673,310016,0,23494,1917,105217,2232,274603,1917,379820,California
Fresno,2021-04-25,1367,630453,549,296125,815,310831,3,23497,682,105223,679,275282,685,380505,California
Fresno,2021-04-26,4234,634687,2137,298262,2052,312883,45,23542,1803,104669,2401,277683,1847,382352,California
Fresno,2021-04-27,4822,639509,2442,300704,2255,315138,125,23667,1894,103781,2906,280589,2018,384370,California
Fresno,2021-04-28,4772,644281,2667,303371,1975,317113,130,23797,1986,103134,2764,283353,2117,386487,California
Fresno,2021-04-29,4782,649063,2654,306025,1992,319105,136,23933,1804,102125,2947,286300,1938,388425,California
Fresno,2021-04-30,5410,654473,3292,309317,1985,321090,133,24066,2159,101195,3221,289521,2291,390716,California
Fresno,2021-05-01,4181,658654,3449,312766,594,321684,138,24204,1236,99640,2927,292448,1372,392088,California
Fresno,2021-05-02,1248,659902,770,313536,427,322111,51,24255,614,99682,622,293070,664,392752,California
Fresno,2021-05-03,4018,663920,2691,316227,1135,323246,192,24447,1301,98480,2690,295760,1488,394240,California
Fresno,2021-05-04,4827,668747,2497,318724,2178,325424,152,24599,1547,96928,3253,299013,1701,395941,California
Fresno,2021-05-05,5084,673831,3142,321866,1716,327140,226,24825,1580,95252,3479,302492,1803,397744,California
Fresno,2021-05-06,4115,677946,2543,324409,1467,328607,105,24930,1401,94074,2684,305176,1506,399250,California
Fresno,2021-05-07,5006,682952,3285,327694,1555,330162,166,25096,1553,92360,3430,308606,1716,400966,California
Fresno,2021-05-08,3895,686847,2484,330178,1263,331425,148,25244,1173,90981,2701,311307,1322,402288,California
Fresno,2021-05-09,672,687519,345,330523,284,331709,43,25287,335,91028,331,311638,378,402666,California
Fresno,2021-05-10,2949,690468,1575,332098,1233,332942,141,25428,917,90062,2024,313662,1058,403724,California
Fresno,2021-05-11,3740,694208,1930,334028,1715,334657,95,25523,1205,88839,2523,316185,1300,405024,California
Fresno,2021-05-12,3987,698195,2557,336585,1266,335923,164,25687,1454,87948,2509,318694,1618,406642,California
Fresno,2021-05-13,3844,702039,2125,338710,1615,337538,104,25791,1740,87726,2066,320760,1844,408486,California
Fresno,2021-05-14,5008,707047,3010,341720,1814,339352,184,25975,2132,87199,2844,323604,2317,410803,California
Fresno,2021-05-15,3573,710620,2669,344389,774,340126,130,26105,1817,87399,1746,325350,1946,412749,California
Fresno,2021-05-16,1441,712061,944,345333,463,340589,34,26139,812,87622,624,325974,847,413596,California
Fresno,2021-05-17,4167,716228,2817,348150,1191,341780,159,26298,2242,88124,1898,327872,2400,415996,California
Fresno,2021-05-18,4101,720329,2536,350686,1412,343192,153,26451,2099,88394,1979,329851,2249,418245,California
Fresno,2021-05-19,4336,724665,2764,353450,1397,344589,175,26626,2107,88469,2206,332057,2281,420526,California
Fresno,2021-05-20,4079,728744,2435,355885,1458,346047,186,26812,1902,88395,2160,334217,2086,422612,California
Fresno,2021-05-21,4562,733306,2984,358869,1486,347533,92,26904,2071,88094,2463,336680,2162,424774,California
Fresno,2021-05-22,3932,737238,2915,361784,844,348377,173,27077,2265,88879,1651,338331,2436,427210,California
Fresno,2021-05-23,901,738139,571,362355,301,348678,29,27106,463,88943,428,338759,492,427702,California
Fresno,2021-05-24,3219,741358,2023,364378,1082,349760,114,27220,1494,88849,1702,340461,1608,429310,California
Fresno,2021-05-25,3201,744559,1926,366304,1151,350911,124,27344,1372,88530,1815,342276,1496,430806,California
Fresno,2021-05-26,3238,747797,2138,368442,994,351905,106,27450,1650,88715,1569,343845,1754,432560,California
Fresno,2021-05-27,3134,750931,1909,370351,1119,353024,106,27556,1414,88542,1694,345539,1521,434081,California
Fresno,2021-05-28,3407,754338,2204,372555,1108,354132,95,27651,1885,89020,1503,347042,1981,436062,California
Fresno,2021-05-29,2274,756612,1656,374211,547,354679,71,27722,1249,89326,1015,348057,1321,437383,California
Fresno,2021-05-30,887,757499,534,374745,318,354997,35,27757,428,89347,442,348499,463,437846,California
Fresno,2021-05-31,318,757817,159,374904,147,355144,12,27769,136,89317,176,348675,146,437992,California
Fresno,2021-06-01,3014,760831,1815,376719,1105,356249,94,27863,1223,88867,1767,350442,1317,439309,California
Fresno,2021-06-02,2651,763482,1710,378429,851,357100,90,27953,1085,88507,1536,351978,1176,440485,California
Fresno,2021-06-03,2930,766412,2014,380443,815,357915,101,28054,1194,88084,1716,353694,1293,441778,California
Fresno,2021-06-04,3228,769640,2345,382788,783,358698,100,28154,1117,87215,2087,355781,1218,442996,California
Fresno,2021-06-05,3092,772732,2291,385079,683,359381,118,28272,1249,86754,1824,357605,1363,444359,California
Fresno,2021-06-06,1166,773898,928,386007,201,359582,37,28309,413,86457,747,358352,450,444809,California
Fresno,2021-06-07,3075,776973,2423,388430,562,360144,90,28399,901,85296,2152,360504,991,445800,California
Fresno,2021-06-08,2607,779580,1945,390375,594,360738,68,28467,807,84380,1791,362295,875,446675,California
Fresno,2021-06-09,2912,782492,2181,392556,641,361379,90,28557,949,83472,1946,364241,1038,447713,California
Fresno,2021-06-10,2622,785114,1905,394461,646,362025,71,28628,902,82750,1696,365937,974,448687,California
Fresno,2021-06-11,2737,787851,1851,396312,781,362806,105,28733,1002,82153,1704,367641,1107,449794,California
Fresno,2021-06-12,2854,790705,2276,398588,421,363227,157,28890,754,80974,2085,369726,906,450700,California
Fresno,2021-06-13,707,791412,456,399044,236,363463,15,28905,198,80682,505,370231,213,450913,California
Fresno,2021-06-14,1314,792726,923,399967,307,363770,84,28989,439,80335,869,371100,522,451435,California
Glenn,2020-12-17,1,1,1,1,0,0,0,0,1,1,0,0,1,1,California
Glenn,2020-12-20,1,2,1,2,0,0,0,0,1,2,0,0,1,2,California
Glenn,2020-12-21,11,13,11,13,0,0,0,0,11,13,0,0,11,13,California
Glenn,2020-12-22,61,74,61,74,0,0,0,0,61,74,0,0,61,74,California
Glenn,2020-12-23,28,102,28,102,0,0,0,0,28,102,0,0,28,102,California
Glenn,2020-12-24,9,111,9,111,0,0,0,0,9,111,0,0,9,111,California
Glenn,2020-12-26,2,113,2,113,0,0,0,0,2,113,0,0,2,113,California
Glenn,2020-12-27,4,117,4,117,0,0,0,0,4,117,0,0,4,117,California
Glenn,2020-12-28,20,137,20,137,0,0,0,0,20,137,0,0,20,137,California
Glenn,2020-12-29,81,218,81,218,0,0,0,0,81,218,0,0,81,218,California
Glenn,2020-12-30,127,345,104,322,23,23,0,0,127,345,0,0,127,345,California
Glenn,2020-12-31,38,383,9,331,29,52,0,0,38,383,0,0,38,383,California
Glenn,2021-01-02,4,387,4,335,0,52,0,0,4,387,0,0,4,387,California
Glenn,2021-01-04,7,394,5,340,2,54,0,0,7,394,0,0,7,394,California
Glenn,2021-01-05,12,406,9,349,3,57,0,0,12,406,0,0,12,406,California
Glenn,2021-01-06,59,465,8,357,51,108,0,0,59,465,0,0,59,465,California
Glenn,2021-01-07,65,530,11,368,54,162,0,0,64,528,1,1,64,529,California
Glenn,2021-01-08,12,542,9,377,3,165,0,0,12,540,0,1,12,541,California
Glenn,2021-01-10,1,543,1,378,0,165,0,0,0,539,1,2,0,541,California
Glenn,2021-01-11,29,572,29,407,0,165,0,0,12,534,17,19,12,553,California
Glenn,2021-01-12,44,616,39,446,5,170,0,0,14,518,30,49,14,567,California
Glenn,2021-01-13,221,837,158,604,63,233,0,0,176,650,45,94,177,744,California
Glenn,2021-01-14,118,955,30,634,88,321,0,0,108,748,10,104,108,852,California
Glenn,2021-01-15,41,996,34,668,7,328,0,0,36,779,5,109,36,888,California
Glenn,2021-01-16,33,1029,14,682,19,347,0,0,23,792,10,119,23,911,California
Glenn,2021-01-17,4,1033,2,684,2,349,0,0,2,792,2,121,2,913,California
Glenn,2021-01-18,17,1050,16,700,1,350,0,0,9,793,8,129,9,922,California
Glenn,2021-01-19,30,1080,20,720,10,360,0,0,13,789,17,146,13,935,California
Glenn,2021-01-20,162,1242,93,813,69,429,0,0,82,791,80,226,82,1017,California
Glenn,2021-01-21,121,1363,95,908,26,455,0,0,30,730,91,317,30,1047,California
Glenn,2021-01-22,342,1705,64,972,278,733,0,0,335,1058,7,324,335,1382,California
Glenn,2021-01-23,15,1720,9,981,6,739,0,0,11,1065,4,328,11,1393,California
Glenn,2021-01-24,2,1722,2,983,0,739,0,0,2,1067,0,328,2,1395,California
Glenn,2021-01-25,27,1749,9,992,18,757,0,0,24,1088,3,331,24,1419,California
Glenn,2021-01-26,31,1780,15,1007,16,773,0,0,24,1105,7,338,24,1443,California
Glenn,2021-01-27,188,1968,12,1019,176,949,0,0,166,1249,22,360,166,1609,California
Glenn,2021-01-28,148,2116,8,1027,140,1089,0,0,118,1337,30,390,118,1727,California
Glenn,2021-01-29,299,2415,12,1039,287,1376,0,0,285,1608,14,404,285,2012,California
Glenn,2021-01-30,3,2418,0,1039,3,1379,0,0,3,1611,0,404,3,2015,California
Glenn,2021-01-31,1,2419,0,1039,1,1380,0,0,1,1612,0,404,1,2016,California
Glenn,2021-02-01,30,2449,11,1050,19,1399,0,0,18,1618,12,416,18,2034,California
Glenn,2021-02-02,30,2479,15,1065,15,1414,0,0,20,1628,10,426,20,2054,California
Glenn,2021-02-03,274,2753,126,1191,148,1562,0,0,130,1615,144,570,131,2185,California
Glenn,2021-02-04,80,2833,14,1205,66,1628,0,0,25,1585,55,625,25,2210,California
Glenn,2021-02-05,326,3159,25,1230,301,1929,0,0,305,1869,21,646,305,2515,California
Glenn,2021-02-06,17,3176,2,1232,15,1944,0,0,16,1884,1,647,16,2531,California
Glenn,2021-02-07,2,3178,2,1234,0,1944,0,0,2,1886,0,647,2,2533,California
Glenn,2021-02-08,20,3198,17,1251,3,1947,0,0,4,1874,16,663,4,2537,California
Glenn,2021-02-09,49,3247,19,1270,30,1977,0,0,34,1893,15,678,34,2571,California
Glenn,2021-02-10,137,3384,19,1289,118,2095,0,0,66,1888,71,749,66,2637,California
Glenn,2021-02-11,234,3618,134,1423,100,2195,0,0,152,1957,83,832,152,2789,California
Glenn,2021-02-12,418,4036,98,1521,320,2515,0,0,354,2247,64,896,354,3143,California
Glenn,2021-02-13,36,4072,8,1529,28,2543,0,0,17,2245,19,915,17,3160,California
Glenn,2021-02-14,1,4073,0,1529,1,2544,0,0,1,2246,0,915,1,3161,California
Glenn,2021-02-15,8,4081,0,1529,8,2552,0,0,8,2254,0,915,8,3169,California
Glenn,2021-02-16,39,4120,9,1538,30,2582,0,0,21,2257,18,933,21,3190,California
Glenn,2021-02-17,380,4500,13,1551,367,2949,0,0,304,2485,76,1009,304,3494,California
Glenn,2021-02-18,136,4636,101,1652,35,2984,0,0,112,2573,24,1033,112,3606,California
Glenn,2021-02-19,306,4942,16,1668,290,3274,0,0,28,2323,278,1311,28,3634,California
Glenn,2021-02-20,8,4950,0,1668,8,3282,0,0,0,2315,8,1319,0,3634,California
Glenn,2021-02-21,1,4951,1,1669,0,3282,0,0,1,2316,0,1319,1,3635,California
Glenn,2021-02-22,34,4985,15,1684,19,3301,0,0,17,2316,17,1336,17,3652,California
Glenn,2021-02-23,39,5024,10,1694,29,3330,0,0,27,2331,12,1348,27,3679,California
Glenn,2021-02-24,252,5276,49,1743,203,3533,0,0,47,2173,205,1553,47,3726,California
Glenn,2021-02-25,232,5508,118,1861,114,3647,0,0,118,2177,114,1667,118,3844,California
Glenn,2021-02-26,308,5816,24,1885,284,3931,0,0,20,1910,287,1954,20,3864,California
Glenn,2021-02-27,13,5829,4,1889,9,3940,0,0,5,1908,7,1961,5,3869,California
Glenn,2021-02-28,6,5835,3,1892,3,3943,0,0,3,1909,2,1963,3,3872,California
Glenn,2021-03-01,28,5863,6,1898,22,3965,0,0,12,1905,16,1979,12,3884,California
Glenn,2021-03-02,35,5898,8,1906,27,3992,0,0,17,1904,18,1997,17,3901,California
Glenn,2021-03-03,192,6090,38,1944,154,4146,0,0,101,1916,89,2086,101,4002,California
Glenn,2021-03-04,519,6609,176,2120,343,4489,0,0,373,2143,146,2232,373,4375,California
Glenn,2021-03-05,361,6970,47,2167,314,4803,0,0,34,1850,327,2559,34,4409,California
Glenn,2021-03-06,29,6999,3,2170,25,4828,1,1,9,1840,20,2579,10,4419,California
Glenn,2021-03-07,5,7004,0,2170,5,4833,0,1,3,1842,1,2580,3,4422,California
Glenn,2021-03-08,20,7024,2,2172,17,4850,1,2,18,1859,2,2582,19,4441,California
Glenn,2021-03-09,82,7106,12,2184,67,4917,3,5,54,1887,28,2610,56,4497,California
Glenn,2021-03-10,172,7278,69,2253,101,5018,2,7,95,1907,77,2687,97,4594,California
Glenn,2021-03-11,585,7863,168,2421,394,5412,23,30,455,2255,130,2817,478,5072,California
Glenn,2021-03-12,417,8280,13,2434,342,5754,62,92,41,1982,376,3193,103,5175,California
Glenn,2021-03-13,13,8293,1,2435,4,5758,8,100,1,1979,12,3205,9,5184,California
Glenn,2021-03-14,2,8295,1,2436,1,5759,0,100,0,1977,2,3207,0,5184,California
Glenn,2021-03-15,76,8371,15,2451,56,5815,5,105,61,2028,15,3222,66,5250,California
Glenn,2021-03-16,109,8480,34,2485,65,5880,10,115,69,2067,40,3262,79,5329,California
Glenn,2021-03-17,420,8900,99,2584,314,6194,7,122,116,1884,304,3566,121,5450,California
Glenn,2021-03-18,521,9421,216,2800,49,6243,256,378,143,1904,378,3944,398,5848,California
Glenn,2021-03-19,97,9518,16,2816,75,6318,6,384,76,1966,20,3964,82,5930,California
Glenn,2021-03-20,132,9650,2,2818,129,6447,1,385,130,2095,2,3966,131,6061,California
Glenn,2021-03-21,6,9656,5,2823,0,6447,1,386,3,2097,2,3968,4,6065,California
Glenn,2021-03-22,122,9778,54,2877,61,6508,7,393,103,2190,17,3985,110,6175,California
Glenn,2021-03-23,175,9953,66,2943,60,6568,49,442,104,2274,69,4054,153,6328,California
Glenn,2021-03-24,209,10162,102,3045,102,6670,5,447,135,2341,73,4127,140,6468,California
Glenn,2021-03-25,472,10634,230,3275,148,6818,94,541,345,2654,126,4253,439,6907,California
Glenn,2021-03-26,240,10874,36,3311,168,6986,36,577,190,2830,50,4303,226,7133,California
Glenn,2021-03-27,162,11036,18,3329,138,7124,6,583,153,2980,9,4312,159,7292,California
Glenn,2021-03-28,15,11051,10,3339,5,7129,0,583,10,2985,5,4317,10,7302,California
Glenn,2021-03-29,61,11112,20,3359,38,7167,3,586,47,3021,14,4331,50,7352,California
Glenn,2021-03-30,72,11184,41,3400,30,7197,1,587,42,3036,28,4359,43,7395,California
Glenn,2021-03-31,123,11307,35,3435,87,7284,1,588,54,3023,68,4427,55,7450,California
Glenn,2021-04-01,655,11962,187,3622,459,7743,9,597,244,2868,408,4835,253,7703,California
Glenn,2021-04-02,168,12130,26,3648,131,7874,11,608,133,2977,35,4870,144,7847,California
Glenn,2021-04-03,96,12226,4,3652,85,7959,7,615,85,3058,11,4881,92,7939,California
Glenn,2021-04-04,9,12235,3,3655,4,7963,2,617,5,3061,4,4885,7,7946,California
Glenn,2021-04-05,65,12300,25,3680,27,7990,13,630,28,3065,37,4922,41,7987,California
Glenn,2021-04-06,144,12444,52,3732,53,8043,39,669,36,3032,107,5029,74,8061,California
Glenn,2021-04-07,162,12606,48,3780,60,8103,54,723,75,3074,87,5116,129,8190,California
Glenn,2021-04-08,644,13250,190,3970,420,8523,34,757,138,2742,504,5620,172,8362,California
Glenn,2021-04-09,158,13408,56,4026,86,8609,16,773,101,2802,57,5677,117,8479,California
Glenn,2021-04-10,77,13485,1,4027,61,8670,15,788,59,2859,17,5694,74,8553,California
Glenn,2021-04-11,16,13501,8,4035,3,8673,5,793,7,2862,9,5703,12,8565,California
Glenn,2021-04-12,115,13616,25,4060,61,8734,29,822,20,2816,95,5798,49,8614,California
Glenn,2021-04-13,119,13735,63,4123,56,8790,0,822,30,2758,88,5886,30,8644,California
Glenn,2021-04-14,121,13856,45,4168,76,8866,0,822,68,2773,53,5939,68,8712,California
Glenn,2021-04-15,361,14217,275,4443,86,8952,0,822,121,2654,240,6179,121,8833,California
Glenn,2021-04-16,167,14384,41,4484,126,9078,0,822,77,2642,90,6269,78,8911,California
Glenn,2021-04-17,166,14550,16,4500,150,9228,0,822,27,2538,131,6400,27,8938,California
Glenn,2021-04-18,16,14566,3,4503,13,9241,0,822,13,2548,3,6403,13,8951,California
Glenn,2021-04-19,83,14649,17,4520,66,9307,0,822,22,2510,60,6463,22,8973,California
Glenn,2021-04-20,127,14776,82,4602,45,9352,0,822,54,2491,73,6536,54,9027,California
Glenn,2021-04-21,411,15187,310,4912,101,9453,0,822,280,2640,131,6667,280,9307,California
Glenn,2021-04-22,211,15398,48,4960,163,9616,0,822,33,2496,177,6844,33,9340,California
Glenn,2021-04-23,180,15578,24,4984,156,9772,0,822,41,2399,138,6982,41,9381,California
Glenn,2021-04-24,180,15758,32,5016,148,9920,0,822,31,2281,149,7131,31,9412,California
Glenn,2021-04-25,30,15788,18,5034,12,9932,0,822,22,2295,8,7139,22,9434,California
Glenn,2021-04-26,48,15836,12,5046,36,9968,0,822,19,2285,29,7168,19,9453,California
Glenn,2021-04-27,63,15899,48,5094,10,9978,5,827,32,2290,31,7199,36,9489,California
Glenn,2021-04-28,259,16158,179,5273,69,10047,11,838,129,2301,129,7328,140,9629,California
Glenn,2021-04-29,183,16341,23,5296,158,10205,2,840,36,2192,147,7475,38,9667,California
Glenn,2021-04-30,157,16498,35,5331,120,10325,2,842,38,2113,119,7594,40,9707,California
Glenn,2021-05-01,108,16606,13,5344,94,10419,1,843,25,2056,83,7677,26,9733,California
Glenn,2021-05-02,30,16636,12,5356,9,10428,9,852,15,2065,15,7692,24,9757,California
Glenn,2021-05-03,38,16674,24,5380,13,10441,1,853,14,2056,24,7716,15,9772,California
Glenn,2021-05-04,56,16730,32,5412,19,10460,5,858,28,2061,28,7744,33,9805,California
Glenn,2021-05-05,121,16851,34,5446,77,10537,10,868,51,2052,70,7814,61,9866,California
Glenn,2021-05-06,111,16962,41,5487,65,10602,5,873,41,2028,70,7884,46,9912,California
Glenn,2021-05-07,119,17081,32,5519,78,10680,9,882,30,1979,88,7972,39,9951,California
Glenn,2021-05-08,66,17147,12,5531,50,10730,4,886,21,1960,44,8016,25,9976,California
Glenn,2021-05-09,17,17164,11,5542,6,10736,0,886,13,1969,4,8020,13,9989,California
Glenn,2021-05-10,37,17201,15,5557,17,10753,5,891,14,1965,23,8043,19,10008,California
Glenn,2021-05-11,79,17280,56,5613,14,10767,9,900,16,1927,63,8106,25,10033,California
Glenn,2021-05-12,334,17614,252,5865,68,10835,14,914,53,1713,281,8387,67,10100,California
Glenn,2021-05-13,157,17771,59,5924,80,10915,18,932,68,1710,89,8476,86,10186,California
Glenn,2021-05-14,105,17876,25,5949,75,10990,5,937,41,1692,64,8540,46,10232,California
Glenn,2021-05-15,69,17945,40,5989,26,11016,3,940,36,1698,32,8572,38,10270,California
Glenn,2021-05-16,31,17976,18,6007,13,11029,0,940,9,1685,22,8594,9,10279,California
Glenn,2021-05-17,86,18062,61,6068,21,11050,4,944,60,1723,26,8620,64,10343,California
Glenn,2021-05-18,68,18130,49,6117,14,11064,5,949,22,1704,46,8666,27,10370,California
Glenn,2021-05-19,194,18324,114,6231,68,11132,12,961,72,1666,121,8787,83,10453,California
Glenn,2021-05-20,120,18444,77,6308,41,11173,2,963,85,1718,35,8822,87,10540,California
Glenn,2021-05-21,70,18514,26,6334,43,11216,1,964,30,1709,40,8862,31,10571,California
Glenn,2021-05-22,54,18568,23,6357,31,11247,0,964,27,1709,27,8889,27,10598,California
Glenn,2021-05-23,28,18596,15,6372,13,11260,0,964,12,1706,15,8904,12,10610,California
Glenn,2021-05-24,29,18625,10,6382,15,11275,4,968,10,1702,18,8922,14,10624,California
Glenn,2021-05-25,46,18671,35,6417,9,11284,2,970,23,1704,23,8945,25,10649,California
Glenn,2021-05-26,73,18744,14,6431,55,11339,4,974,25,1685,48,8993,29,10678,California
Glenn,2021-05-27,101,18845,62,6493,38,11377,1,975,47,1681,52,9045,48,10726,California
Glenn,2021-05-28,62,18907,18,6511,37,11414,7,982,32,1690,30,9075,39,10765,California
Glenn,2021-05-29,47,18954,11,6522,32,11446,4,986,21,1689,26,9101,25,10790,California
Glenn,2021-05-30,21,18975,13,6535,8,11454,0,986,8,1685,12,9113,8,10798,California
Glenn,2021-05-31,4,18979,0,6535,4,11458,0,986,0,1681,4,9117,0,10798,California
Glenn,2021-06-01,57,19036,32,6567,22,11480,3,989,25,1677,32,9149,28,10826,California
Glenn,2021-06-02,97,19133,48,6615,46,11526,3,992,38,1659,59,9208,41,10867,California
Glenn,2021-06-03,76,19209,42,6657,27,11553,7,999,18,1628,56,9264,25,10892,California
Glenn,2021-06-04,77,19286,36,6693,37,11590,4,1003,41,1637,36,9300,45,10937,California
Glenn,2021-06-05,55,19341,30,6723,22,11612,3,1006,17,1619,38,9338,20,10957,California
Glenn,2021-06-06,31,19372,28,6751,2,11614,1,1007,15,1620,15,9353,16,10973,California
Glenn,2021-06-07,68,19440,59,6810,7,11621,2,1009,13,1581,54,9407,15,10988,California
Glenn,2021-06-08,35,19475,19,6829,11,11632,5,1014,16,1583,19,9426,21,11009,California
Glenn,2021-06-09,60,19535,33,6862,20,11652,7,1021,30,1590,30,9456,37,11046,California
Glenn,2021-06-10,117,19652,86,6948,25,11677,6,1027,33,1545,84,9540,39,11085,California
Glenn,2021-06-11,82,19734,54,7002,26,11703,2,1029,21,1507,61,9601,23,11108,California
Glenn,2021-06-12,36,19770,18,7020,15,11718,3,1032,13,1500,23,9624,16,11124,California
Glenn,2021-06-13,11,19781,11,7031,0,11718,0,1032,5,1499,6,9630,5,11129,California
Glenn,2021-06-14,14,19795,5,7036,9,11727,0,1032,3,1492,10,9640,3,11132,California
Humboldt,2020-12-15,2,2,2,2,0,0,0,0,2,2,0,0,2,2,California
Humboldt,2020-12-16,16,18,16,18,0,0,0,0,16,18,0,0,16,18,California
Humboldt,2020-12-17,117,135,117,135,0,0,0,0,117,135,0,0,117,135,California
Humboldt,2020-12-18,177,312,177,312,0,0,0,0,177,312,0,0,177,312,California
Humboldt,2020-12-19,10,322,10,322,0,0,0,0,10,322,0,0,10,322,California
Humboldt,2020-12-20,27,349,27,349,0,0,0,0,27,349,0,0,27,349,California
Humboldt,2020-12-21,166,515,166,515,0,0,0,0,166,515,0,0,166,515,California
Humboldt,2020-12-22,335,850,335,850,0,0,0,0,335,850,0,0,335,850,California
Humboldt,2020-12-23,321,1171,264,1114,57,57,0,0,323,1173,0,0,323,1173,California
Humboldt,2020-12-24,25,1196,2,1116,23,80,0,0,25,1198,0,0,25,1198,California
Humboldt,2020-12-25,2,1198,2,1118,0,80,0,0,2,1200,0,0,2,1200,California
Humboldt,2020-12-26,6,1204,5,1123,1,81,0,0,6,1206,0,0,6,1206,California
Humboldt,2020-12-28,206,1410,148,1271,58,139,0,0,206,1412,0,0,206,1412,California
Humboldt,2020-12-29,182,1592,123,1394,59,198,0,0,183,1595,0,0,183,1595,California
Humboldt,2020-12-30,231,1823,126,1520,105,303,0,0,231,1826,0,0,231,1826,California
Humboldt,2020-12-31,245,2068,80,1600,165,468,0,0,245,2071,0,0,245,2071,California
Humboldt,2021-01-01,3,2071,2,1602,1,469,0,0,3,2074,0,0,3,2074,California
Humboldt,2021-01-02,39,2110,1,1603,38,507,0,0,39,2113,0,0,39,2113,California
Humboldt,2021-01-04,219,2329,143,1746,76,583,0,0,220,2333,0,0,220,2333,California
Humboldt,2021-01-05,133,2462,21,1767,112,695,0,0,133,2465,1,1,133,2466,California
Humboldt,2021-01-06,315,2777,216,1983,99,794,0,0,242,2646,61,62,242,2708,California
Humboldt,2021-01-07,436,3213,323,2306,113,907,0,0,319,2865,100,162,319,3027,California
Humboldt,2021-01-08,426,3639,287,2593,139,1046,0,0,287,3019,133,295,287,3314,California
Humboldt,2021-01-09,67,3706,43,2636,24,1070,0,0,65,3083,2,297,66,3380,California
Humboldt,2021-01-10,84,3790,84,2720,0,1070,0,0,4,3007,80,377,4,3384,California
Humboldt,2021-01-11,291,4081,280,3000,11,1081,0,0,71,2862,216,593,71,3455,California
Humboldt,2021-01-12,502,4583,338,3338,164,1245,0,0,285,2952,195,788,285,3740,California
Humboldt,2021-01-13,498,5081,280,3618,218,1463,0,0,319,3096,176,964,320,4060,California
Humboldt,2021-01-14,549,5630,167,3785,382,1845,0,0,493,3534,56,1020,494,4554,California
Humboldt,2021-01-15,367,5997,28,3813,339,2184,0,0,350,3867,17,1037,350,4904,California
Humboldt,2021-01-16,169,6166,5,3818,164,2348,0,0,168,4034,1,1038,168,5072,California
Humboldt,2021-01-17,6,6172,4,3822,2,2350,0,0,6,4040,0,1038,6,5078,California
Humboldt,2021-01-18,303,6475,268,4090,35,2385,0,0,151,4039,152,1190,151,5229,California
Humboldt,2021-01-19,654,7129,396,4486,258,2643,0,0,525,4441,123,1313,525,5754,California
Humboldt,2021-01-20,917,8046,388,4874,529,3172,0,0,754,5042,155,1468,756,6510,California
Humboldt,2021-01-21,967,9013,261,5135,706,3878,0,0,925,5925,42,1510,925,7435,California
Humboldt,2021-01-22,687,9700,380,5515,307,4185,0,0,677,6593,10,1520,678,8113,California
Humboldt,2021-01-23,924,10624,283,5798,641,4826,0,0,915,7500,9,1529,916,9029,California
Humboldt,2021-01-24,229,10853,1,5799,228,5054,0,0,228,7727,1,1530,228,9257,California
Humboldt,2021-01-25,352,11205,235,6034,117,5171,0,0,154,7683,198,1728,154,9411,California
Humboldt,2021-01-26,544,11749,149,6183,395,5566,0,0,480,8099,64,1792,480,9891,California
Humboldt,2021-01-27,1274,13023,586,6769,688,6254,0,0,1202,9239,64,1856,1204,11095,California
Humboldt,2021-01-28,1463,14486,636,7405,827,7081,0,0,1323,10427,137,1993,1325,12420,California
Humboldt,2021-01-29,1161,15647,548,7953,613,7694,0,0,693,10653,468,2461,694,13114,California
Humboldt,2021-01-30,988,16635,468,8421,520,8214,0,0,975,11616,13,2474,976,14090,California
Humboldt,2021-01-31,316,16951,314,8735,2,8216,0,0,315,11930,1,2475,315,14405,California
Humboldt,2021-02-01,338,17289,195,8930,143,8359,0,0,189,11970,149,2624,189,14594,California
Humboldt,2021-02-02,451,17740,79,9009,372,8731,0,0,346,12216,102,2726,348,14942,California
Humboldt,2021-02-03,672,18412,266,9275,406,9137,0,0,519,12582,153,2879,519,15461,California
Humboldt,2021-02-04,653,19065,260,9535,393,9530,0,0,444,12820,206,3085,444,15905,California
Humboldt,2021-02-05,810,19875,93,9628,717,10247,0,0,623,13256,187,3272,623,16528,California
Humboldt,2021-02-06,1078,20953,466,10094,612,10859,0,0,1033,14246,44,3316,1034,17562,California
Humboldt,2021-02-07,379,21332,9,10103,370,11229,0,0,374,14617,4,3320,375,17937,California
Humboldt,2021-02-08,337,21669,146,10249,191,11420,0,0,179,14639,157,3477,179,18116,California
Humboldt,2021-02-09,502,22171,228,10477,274,11694,0,0,176,14489,326,3803,176,18292,California
Humboldt,2021-02-10,563,22734,372,10849,191,11885,0,0,233,14397,325,4128,233,18525,California
Humboldt,2021-02-11,1315,24049,396,11245,919,12804,0,0,492,14071,820,4948,494,19019,California
Humboldt,2021-02-12,1156,25205,738,11983,418,13222,0,0,708,14331,448,5396,708,19727,California
Humboldt,2021-02-13,1545,26750,597,12580,948,14170,0,0,922,14632,621,6017,922,20649,California
Humboldt,2021-02-14,110,26860,4,12584,106,14276,0,0,107,14737,2,6019,107,20756,California
Humboldt,2021-02-15,294,27154,81,12665,213,14489,0,0,193,14830,100,6119,193,20949,California
Humboldt,2021-02-16,544,27698,121,12786,423,14912,0,0,252,14791,292,6411,253,21202,California
Humboldt,2021-02-17,449,28147,277,13063,172,15084,0,0,131,14605,317,6728,131,21333,California
Humboldt,2021-02-18,1021,29168,599,13662,422,15506,0,0,273,14132,746,7474,273,21606,California
Humboldt,2021-02-19,481,29649,435,14097,46,15552,0,0,90,13834,388,7862,90,21696,California
Humboldt,2021-02-20,1670,31319,1013,15110,657,16209,0,0,484,13138,1183,9045,487,22183,California
Humboldt,2021-02-21,479,31798,471,15581,8,16217,0,0,181,13022,298,9343,182,22365,California
Humboldt,2021-02-22,138,31936,94,15675,44,16261,0,0,29,12944,107,9450,29,22394,California
Humboldt,2021-02-23,181,32117,71,15746,110,16371,0,0,44,12853,135,9585,44,22438,California
Humboldt,2021-02-24,1213,33330,741,16487,472,16843,0,0,586,12813,626,10211,586,23024,California
Humboldt,2021-02-25,834,34164,319,16806,515,17358,0,0,231,12443,601,10812,231,23255,California
Humboldt,2021-02-26,2152,36316,107,16913,2045,19403,0,0,446,11190,1700,12512,447,23702,California
Humboldt,2021-02-27,1710,38026,1090,18003,620,20023,0,0,854,11194,854,13366,858,24560,California
Humboldt,2021-02-28,123,38149,11,18014,112,20135,0,0,117,11305,6,13372,117,24677,California
Humboldt,2021-03-01,258,38407,46,18060,212,20347,0,0,184,11415,74,13446,184,24861,California
Humboldt,2021-03-02,299,38706,50,18110,249,20596,0,0,163,11442,136,13582,163,25024,California
Humboldt,2021-03-03,1670,40376,1104,19214,566,21162,0,0,1225,12229,439,14021,1226,26250,California
Humboldt,2021-03-04,922,41298,112,19326,810,21972,0,0,297,11903,625,14646,299,26549,California
Humboldt,2021-03-05,946,42244,188,19514,747,22719,11,11,387,11745,556,15202,398,26947,California
Humboldt,2021-03-06,1799,44043,941,20455,809,23528,49,60,802,11600,996,16198,851,27798,California
Humboldt,2021-03-07,364,44407,293,20748,53,23581,18,78,157,11568,207,16405,175,27973,California
Humboldt,2021-03-08,278,44685,6,20754,193,23774,79,157,182,11734,95,16500,261,28234,California
Humboldt,2021-03-09,500,45185,207,20961,145,23919,148,305,245,11873,253,16753,392,28626,California
Humboldt,2021-03-10,692,45877,468,21429,70,23989,154,459,420,12174,271,17024,572,29198,California
Humboldt,2021-03-11,1472,47349,458,21887,914,24903,100,559,646,12098,821,17845,745,29943,California
Humboldt,2021-03-12,1749,49098,1083,22970,444,25347,222,781,1053,12688,688,18533,1278,31221,California
Humboldt,2021-03-13,1587,50685,1037,24007,498,25845,52,833,671,12500,910,19443,722,31943,California
Humboldt,2021-03-14,142,50827,19,24026,115,25960,8,841,30,12426,112,19555,38,31981,California
Humboldt,2021-03-15,278,51105,51,24077,205,26165,22,863,59,12288,219,19774,81,32062,California
Humboldt,2021-03-16,636,51741,201,24278,174,26339,261,1124,260,12432,375,20149,519,32581,California
Humboldt,2021-03-17,730,52471,394,24672,228,26567,108,1232,340,12491,389,20538,448,33029,California
Humboldt,2021-03-18,1739,54210,1170,25842,526,27093,43,1275,1041,12881,694,21232,1084,34113,California
Humboldt,2021-03-19,1075,55285,61,25903,700,27793,314,1589,441,13004,631,21863,754,34867,California
Humboldt,2021-03-20,1383,56668,755,26658,614,28407,14,1603,424,12486,957,22820,439,35306,California
Humboldt,2021-03-21,250,56918,33,26691,188,28595,29,1632,205,12674,45,22865,233,35539,California
Humboldt,2021-03-22,118,57036,15,26706,53,28648,50,1682,62,12732,54,22919,112,35651,California
Humboldt,2021-03-23,414,57450,42,26748,329,28977,43,1725,320,13003,92,23011,363,36014,California
Humboldt,2021-03-24,1416,58866,388,27136,980,29957,48,1773,1037,13716,371,23382,1084,37098,California
Humboldt,2021-03-25,1839,60705,1213,28349,564,30521,62,1835,947,13835,890,24272,1009,38107,California
Humboldt,2021-03-26,2041,62746,438,28787,1545,32066,58,1893,1594,15045,441,24713,1651,39758,California
Humboldt,2021-03-27,2079,64825,1498,30285,409,32475,172,2065,1101,15344,974,25687,1273,41031,California
Humboldt,2021-03-28,267,65092,81,30366,114,32589,72,2137,83,15317,183,25870,156,41187,California
Humboldt,2021-03-29,466,65558,124,30490,246,32835,96,2233,197,15341,268,26138,292,41479,California
Humboldt,2021-03-30,944,66502,305,30795,525,33360,114,2347,559,15633,380,26518,672,42151,California
Humboldt,2021-03-31,1869,68371,521,31316,1250,34610,98,2445,1410,16688,455,26973,1510,43661,California
Humboldt,2021-04-01,2112,70483,702,32018,1317,35927,93,2538,1480,17637,624,27597,1573,45234,California
Humboldt,2021-04-02,1721,72204,1111,33129,505,36432,105,2643,617,17261,1098,28695,722,45956,California
Humboldt,2021-04-03,1666,73870,1507,34636,145,36577,14,2657,670,16959,986,29681,684,46640,California
Humboldt,2021-04-04,484,74354,371,35007,104,36681,9,2666,403,17290,81,29762,412,47052,California
Humboldt,2021-04-05,778,75132,463,35470,267,36948,48,2714,442,17446,334,30096,490,47542,California
Humboldt,2021-04-06,846,75978,319,35789,392,37340,135,2849,588,17915,252,30348,721,48263,California
Humboldt,2021-04-07,1499,77477,1068,36857,291,37631,140,2989,994,18547,502,30850,1134,49397,California
Humboldt,2021-04-08,1753,79230,1098,37955,497,38128,158,3147,742,18438,1009,31859,900,50297,California
Humboldt,2021-04-09,1441,80671,439,38394,847,38975,155,3302,1152,19450,288,32147,1300,51597,California
Humboldt,2021-04-10,936,81607,138,38532,624,39599,174,3476,737,20162,197,32344,909,52506,California
Humboldt,2021-04-11,645,82252,138,38670,36,39635,471,3947,128,20243,517,32861,598,53104,California
Humboldt,2021-04-12,438,82690,227,38897,85,39720,126,4073,278,20487,160,33021,404,53508,California
Humboldt,2021-04-13,591,83281,325,39222,262,39982,4,4077,557,21016,31,33052,560,54068,California
Humboldt,2021-04-14,1437,84718,1036,40258,401,40383,0,4077,1324,22228,112,33164,1324,55392,California
Humboldt,2021-04-15,1824,86542,1199,41457,621,41004,4,4081,1256,22936,550,33714,1258,56650,California
Humboldt,2021-04-16,1137,87679,522,41979,615,41619,0,4081,551,22904,583,34297,551,57201,California
Humboldt,2021-04-17,1847,89526,1525,43504,322,41941,0,4081,1050,23164,791,35088,1051,58252,California
Humboldt,2021-04-18,660,90186,348,43852,311,42252,1,4082,82,22674,572,35660,82,58334,California
Humboldt,2021-04-19,202,90388,85,43937,117,42369,0,4082,87,22648,113,35773,87,58421,California
Humboldt,2021-04-20,488,90876,128,44065,360,42729,0,4082,242,22645,245,36018,242,58663,California
Humboldt,2021-04-21,1093,91969,382,44447,711,43440,0,4082,433,22428,651,36669,434,59097,California
Humboldt,2021-04-22,880,92849,527,44974,352,43792,1,4083,446,22443,431,37100,446,59543,California
Humboldt,2021-04-23,2165,95014,305,45279,1860,45652,0,4083,314,20911,1846,38946,314,59857,California
Humboldt,2021-04-24,1088,96102,883,46162,200,45852,5,4088,361,20553,724,39670,366,60223,California
Humboldt,2021-04-25,376,96478,240,46402,136,45988,0,4088,193,20566,180,39850,193,60416,California
Humboldt,2021-04-26,354,96832,251,46653,99,46087,4,4092,99,20414,253,40103,101,60517,California
Humboldt,2021-04-27,761,97593,263,46916,469,46556,29,4121,154,19992,605,40708,183,60700,California
Humboldt,2021-04-28,1541,99134,793,47709,703,47259,45,4166,397,19293,1141,41849,442,61142,California
Humboldt,2021-04-29,1739,100873,591,48300,1110,48369,38,4204,291,18178,1444,43293,329,61471,California
Humboldt,2021-04-30,1248,102121,392,48692,822,49191,34,4238,191,17350,1051,44344,223,61694,California
Humboldt,2021-05-01,467,102588,385,49077,60,49251,22,4260,289,17484,177,44521,311,62005,California
Humboldt,2021-05-02,230,102818,184,49261,37,49288,9,4269,115,17494,114,44635,124,62129,California
Humboldt,2021-05-03,612,103430,375,49636,213,49501,24,4293,99,17107,511,45146,124,62253,California
Humboldt,2021-05-04,822,104252,483,50119,293,49794,46,4339,252,16837,567,45713,297,62550,California
Humboldt,2021-05-05,1685,105937,1076,51195,552,50346,57,4396,178,15570,1500,47213,233,62783,California
Humboldt,2021-05-06,1690,107627,1073,52268,364,50710,253,4649,138,14412,1549,48762,391,63174,California
Humboldt,2021-05-07,1417,109044,301,52569,1057,51767,59,4708,237,13529,1177,49939,294,63468,California
Humboldt,2021-05-08,740,109784,146,52715,571,52338,23,4731,91,12995,648,50587,114,63582,California
Humboldt,2021-05-09,909,110693,857,53572,42,52380,10,4741,48,12192,861,51448,58,63640,California
Humboldt,2021-05-10,216,110909,36,53608,142,52522,38,4779,82,12178,134,51582,120,63760,California
Humboldt,2021-05-11,500,111409,148,53756,279,52801,73,4852,188,12127,312,51894,261,64021,California
Humboldt,2021-05-12,618,112027,140,53896,432,53233,46,4898,229,12013,388,52282,274,64295,California
Humboldt,2021-05-13,585,112612,290,54186,268,53501,27,4925,272,12001,311,52593,299,64594,California
Humboldt,2021-05-14,702,113314,140,54326,458,53959,104,5029,231,11867,468,53061,334,64928,California
Humboldt,2021-05-15,779,114093,640,54966,131,54090,8,5037,208,11513,570,53631,216,65144,California
Humboldt,2021-05-16,123,114216,54,55020,65,54155,4,5041,70,11534,53,53684,74,65218,California
Humboldt,2021-05-17,402,114618,214,55234,166,54321,22,5063,223,11602,177,53861,245,65463,California
Humboldt,2021-05-18,663,115281,323,55557,311,54632,29,5092,369,11706,294,54155,398,65861,California
Humboldt,2021-05-19,989,116270,548,56105,398,55030,43,5135,357,11476,628,54783,398,66259,California
Humboldt,2021-05-20,812,117082,605,56710,195,55225,12,5147,592,11864,217,55000,605,66864,California
Humboldt,2021-05-21,875,117957,290,57000,524,55749,61,5208,372,11794,503,55503,433,67297,California
Humboldt,2021-05-22,411,118368,318,57318,85,55834,8,5216,145,11683,264,55767,153,67450,California
Humboldt,2021-05-23,387,118755,320,57638,64,55898,3,5219,71,11441,316,56083,74,67524,California
Humboldt,2021-05-24,325,119080,172,57810,124,56022,29,5248,187,11520,137,56220,216,67740,California
Humboldt,2021-05-25,529,119609,337,58147,168,56190,24,5272,289,11596,237,56457,313,68053,California
Humboldt,2021-05-26,646,120255,310,58457,312,56502,24,5296,312,11599,333,56790,336,68389,California
Humboldt,2021-05-27,461,120716,244,58701,180,56682,37,5333,279,11733,182,56972,316,68705,California
Humboldt,2021-05-28,410,121126,194,58895,169,56851,47,5380,181,11733,228,57200,228,68933,California
Humboldt,2021-05-29,170,121296,101,58996,66,56917,3,5383,97,11760,73,57273,100,69033,California
Humboldt,2021-05-30,104,121400,45,59041,54,56971,5,5388,49,11760,54,57327,54,69087,California
Humboldt,2021-05-31,96,121496,50,59091,40,57011,6,5394,72,11814,23,57350,77,69164,California
Humboldt,2021-06-01,458,121954,269,59360,174,57185,15,5409,204,11780,253,57603,219,69383,California
Humboldt,2021-06-02,530,122484,249,59609,228,57413,53,5462,243,11793,281,57884,294,69677,California
Humboldt,2021-06-03,390,122874,226,59835,142,57555,22,5484,88,11629,274,58158,110,69787,California
Humboldt,2021-06-04,505,123379,315,60150,167,57722,23,5507,134,11458,327,58485,156,69943,California
Humboldt,2021-06-05,407,123786,312,60462,50,57772,45,5552,205,11561,147,58632,250,70193,California
Humboldt,2021-06-06,168,123954,116,60578,43,57815,9,5561,70,11547,93,58725,79,70272,California
Humboldt,2021-06-07,352,124306,216,60794,112,57927,24,5585,114,11448,237,58962,138,70410,California
Humboldt,2021-06-08,524,124830,303,61097,192,58119,29,5614,157,11268,366,59328,186,70596,California
Humboldt,2021-06-09,376,125206,199,61296,143,58262,34,5648,118,11164,256,59584,152,70748,California
Humboldt,2021-06-10,560,125766,446,61742,86,58348,28,5676,96,10828,460,60044,124,70872,California
Humboldt,2021-06-11,364,126130,191,61933,146,58494,27,5703,81,10654,282,60326,108,70980,California
Humboldt,2021-06-12,176,126306,131,62064,45,58539,0,5703,48,10575,127,60453,48,71028,California
Humboldt,2021-06-13,202,126508,134,62198,42,58581,26,5729,80,10560,121,60574,106,71134,California
Humboldt,2021-06-14,64,126572,23,62221,20,58601,21,5750,19,10555,44,60618,39,71173,California
Imperial,2020-12-16,1,1,1,1,0,0,0,0,1,1,0,0,1,1,California
Imperial,2020-12-17,4,5,4,5,0,0,0,0,4,5,0,0,4,5,California
Imperial,2020-12-18,12,17,12,17,0,0,0,0,12,17,0,0,12,17,California
Imperial,2020-12-20,3,20,3,20,0,0,0,0,3,20,0,0,3,20,California
Imperial,2020-12-21,186,206,186,206,0,0,0,0,186,206,0,0,186,206,California
Imperial,2020-12-22,241,447,239,445,2,2,0,0,241,447,0,0,241,447,California
Imperial,2020-12-23,211,658,210,655,1,3,0,0,210,657,0,0,210,657,California
Imperial,2020-12-24,5,663,5,660,0,3,0,0,5,662,0,0,5,662,California
Imperial,2020-12-26,2,665,1,661,1,4,0,0,2,664,0,0,2,664,California
Imperial,2020-12-27,62,727,0,661,62,66,0,0,62,726,0,0,62,726,California
Imperial,2020-12-28,214,941,114,775,100,166,0,0,214,940,0,0,214,940,California
Imperial,2020-12-29,189,1130,36,811,153,319,0,0,189,1129,0,0,189,1129,California
Imperial,2020-12-30,367,1497,50,861,317,636,0,0,367,1496,0,0,367,1496,California
Imperial,2020-12-31,198,1695,27,888,171,807,0,0,198,1694,0,0,198,1694,California
Imperial,2021-01-01,47,1742,5,893,42,849,0,0,47,1741,0,0,47,1741,California
Imperial,2021-01-02,4,1746,0,893,4,853,0,0,4,1745,0,0,4,1745,California
Imperial,2021-01-03,90,1836,0,893,90,943,0,0,90,1835,0,0,90,1835,California
Imperial,2021-01-04,87,1923,7,900,80,1023,0,0,87,1922,0,0,87,1922,California
Imperial,2021-01-05,172,2095,14,914,158,1181,0,0,172,2094,0,0,172,2094,California
Imperial,2021-01-06,190,2285,26,940,164,1345,0,0,189,2282,1,1,189,2283,California
Imperial,2021-01-07,324,2609,12,952,312,1657,0,0,321,2600,3,4,321,2604,California
Imperial,2021-01-08,194,2803,53,1005,141,1798,0,0,184,2774,10,14,184,2788,California
Imperial,2021-01-09,24,2827,21,1026,3,1801,0,0,24,2798,0,14,24,2812,California
Imperial,2021-01-10,5,2832,1,1027,4,1805,0,0,4,2801,1,15,4,2816,California
Imperial,2021-01-11,403,3235,244,1271,159,1964,0,0,175,2748,228,243,175,2991,California
Imperial,2021-01-12,409,3644,305,1576,104,2068,0,0,147,2634,261,504,147,3138,California
Imperial,2021-01-13,379,4023,133,1709,246,2314,0,0,279,2813,100,604,279,3417,California
Imperial,2021-01-14,259,4282,149,1858,110,2424,0,0,253,3061,5,609,253,3670,California
Imperial,2021-01-15,239,4521,181,2039,58,2482,0,0,232,3286,7,616,232,3902,California
Imperial,2021-01-16,80,4601,74,2113,6,2488,0,0,79,3364,1,617,79,3981,California
Imperial,2021-01-17,10,4611,2,2115,8,2496,0,0,10,3374,0,617,10,3991,California
Imperial,2021-01-18,1064,5675,399,2514,665,3161,0,0,966,4243,98,715,967,4958,California
Imperial,2021-01-19,169,5844,132,2646,37,3198,0,0,122,4318,47,762,122,5080,California
Imperial,2021-01-20,296,6140,198,2844,98,3296,0,0,258,4538,38,800,258,5338,California
Imperial,2021-01-21,436,6576,201,3045,235,3531,0,0,413,4929,23,823,414,5752,California
Imperial,2021-01-22,466,7042,192,3237,274,3805,0,0,457,5377,9,832,457,6209,California
Imperial,2021-01-23,1046,8088,294,3531,752,4557,0,0,1045,6421,1,833,1045,7254,California
Imperial,2021-01-24,11,8099,5,3536,6,4563,0,0,10,6430,1,834,10,7264,California
Imperial,2021-01-25,215,8314,5,3541,210,4773,0,0,34,6285,179,1013,34,7298,California
Imperial,2021-01-26,376,8690,190,3731,186,4959,0,0,232,6374,143,1156,232,7530,California
Imperial,2021-01-27,584,9274,169,3900,415,5374,0,0,249,6288,335,1491,249,7779,California
Imperial,2021-01-28,646,9920,165,4065,481,5855,0,0,536,6714,110,1601,536,8315,California
Imperial,2021-01-29,434,10354,301,4366,133,5988,0,0,384,7048,50,1651,384,8699,California
Imperial,2021-01-30,61,10415,34,4400,27,6015,0,0,44,7075,17,1668,44,8743,California
Imperial,2021-01-31,21,10436,11,4411,10,6025,0,0,20,7094,1,1669,20,8763,California
Imperial,2021-02-01,429,10865,58,4469,371,6396,0,0,218,7103,209,1878,218,8981,California
Imperial,2021-02-02,692,11557,62,4531,630,7026,0,0,508,7427,184,2062,508,9489,California
Imperial,2021-02-03,464,12021,52,4583,412,7438,0,0,268,7500,195,2257,268,9757,California
Imperial,2021-02-04,1732,13753,1212,5795,520,7958,0,0,1420,8609,311,2568,1420,11177,California
Imperial,2021-02-05,402,14155,242,6037,160,8118,0,0,169,8544,234,2802,169,11346,California
Imperial,2021-02-06,860,15015,837,6874,23,8141,0,0,825,9332,37,2839,825,12171,California
Imperial,2021-02-07,22,15037,9,6883,13,8154,0,0,21,9352,1,2840,21,12192,California
Imperial,2021-02-08,265,15302,57,6940,208,8362,0,0,196,9479,69,2909,196,12388,California
Imperial,2021-02-09,496,15798,170,7110,326,8688,0,0,333,9649,163,3072,333,12721,California
Imperial,2021-02-10,469,16267,63,7173,406,9094,0,0,106,9393,363,3435,107,12828,California
Imperial,2021-02-11,1049,17316,374,7547,675,9769,0,0,155,8659,889,4324,155,12983,California
Imperial,2021-02-12,2173,19489,1442,8989,731,10500,0,0,1818,10120,358,4682,1819,14802,California
Imperial,2021-02-13,49,19538,18,9007,31,10531,0,0,44,10157,8,4690,45,14847,California
Imperial,2021-02-14,24,19562,12,9019,12,10543,0,0,21,10175,3,4693,21,14868,California
Imperial,2021-02-15,115,19677,26,9045,89,10632,0,0,91,10242,24,4717,91,14959,California
Imperial,2021-02-16,530,20207,276,9321,254,10886,0,0,310,10332,220,4937,310,15269,California
Imperial,2021-02-17,446,20653,289,9610,157,11043,0,0,88,10062,358,5295,88,15357,California
Imperial,2021-02-18,658,21311,319,9929,339,11382,0,0,148,9701,509,5804,148,15505,California
Imperial,2021-02-19,778,22089,386,10315,392,11774,0,0,196,9316,581,6385,196,15701,California
Imperial,2021-02-20,1048,23137,196,10511,852,12626,0,0,330,8932,716,7101,332,16033,California
Imperial,2021-02-21,593,23730,559,11070,34,12660,0,0,581,9502,11,7112,581,16614,California
Imperial,2021-02-22,817,24547,576,11646,241,12901,0,0,767,10219,50,7162,767,17381,California
Imperial,2021-02-23,980,25527,409,12055,571,13472,0,0,923,11086,57,7219,924,18305,California
Imperial,2021-02-24,743,26270,305,12360,438,13910,0,0,640,11624,102,7321,640,18945,California
Imperial,2021-02-25,884,27154,346,12706,538,14448,0,0,509,11765,374,7695,515,19460,California
Imperial,2021-02-26,2300,29454,1357,14063,943,15391,0,0,1815,13097,484,8179,1816,21276,California
Imperial,2021-02-27,870,30324,812,14875,58,15449,0,0,136,12497,736,8915,136,21412,California
Imperial,2021-02-28,35,30359,22,14897,13,15462,0,0,25,12512,10,8925,25,21437,California
Imperial,2021-03-01,530,30889,307,15204,220,15682,3,3,456,12902,70,8995,460,21897,California
Imperial,2021-03-02,693,31582,253,15457,439,16121,1,4,395,13004,296,9291,398,22295,California
Imperial,2021-03-03,936,32518,57,15514,878,16999,1,5,565,13213,368,9659,577,22872,California
Imperial,2021-03-04,778,33296,90,15604,687,17686,1,6,509,13485,267,9926,539,23411,California
Imperial,2021-03-05,3112,36408,2222,17826,890,18576,0,6,1747,13866,1368,11294,1749,25160,California
Imperial,2021-03-06,704,37112,240,18066,464,19040,0,6,659,14487,42,11336,663,25823,California
Imperial,2021-03-07,85,37197,42,18108,43,19083,0,6,60,14524,24,11360,61,25884,California
Imperial,2021-03-08,430,37627,345,18453,50,19133,35,41,367,14863,63,11423,402,26286,California
Imperial,2021-03-09,711,38338,335,18788,129,19262,247,288,411,15219,301,11724,657,26943,California
Imperial,2021-03-10,707,39045,329,19117,273,19535,105,393,331,15280,375,12099,436,27379,California
Imperial,2021-03-11,1807,40852,488,19605,1128,20663,191,584,1200,16078,603,12702,1401,28780,California
Imperial,2021-03-12,4839,45691,3477,23082,1167,21830,195,779,3106,17652,1727,14429,3301,32081,California
Imperial,2021-03-13,1160,46851,95,23177,840,22670,225,1004,863,18450,294,14723,1092,33173,California
Imperial,2021-03-14,179,47030,37,23214,127,22797,15,1019,141,18569,38,14761,157,33330,California
Imperial,2021-03-15,706,47736,237,23451,205,23002,264,1283,399,18927,305,15066,663,33993,California
Imperial,2021-03-16,1134,48870,287,23738,377,23379,470,1753,567,19398,565,15631,1036,35029,California
Imperial,2021-03-17,1623,50493,708,24446,778,24157,137,1890,1026,19973,589,16220,1164,36193,California
Imperial,2021-03-18,1839,52332,1218,25664,561,24718,60,1950,1300,20800,535,16755,1362,37555,California
Imperial,2021-03-19,3800,56132,2780,28444,1016,25734,4,1954,1921,20855,1871,18626,1926,39481,California
Imperial,2021-03-20,1774,57906,553,28997,1215,26949,6,1960,1322,21743,446,19072,1334,40815,California
Imperial,2021-03-21,218,58124,35,29032,179,27128,4,1964,160,21853,58,19130,168,40983,California
Imperial,2021-03-22,1075,59199,355,29387,711,27839,9,1973,635,22061,438,19568,646,41629,California
Imperial,2021-03-23,1470,60669,453,29840,1011,28850,6,1979,947,22496,519,20087,954,42583,California
Imperial,2021-03-24,2173,62842,578,30418,1169,30019,426,2405,1176,23103,994,21081,1601,44184,California
Imperial,2021-03-25,3228,66070,704,31122,901,30920,1623,4028,1215,23924,2007,23088,2828,47012,California
Imperial,2021-03-26,3230,69300,1185,32307,1053,31973,992,5020,928,23553,2290,25378,1919,48931,California
Imperial,2021-03-27,621,69921,288,32595,281,32254,52,5072,449,23885,169,25547,501,49432,California
Imperial,2021-03-28,219,70140,56,32651,161,32415,2,5074,177,24023,41,25588,179,49611,California
Imperial,2021-03-29,1491,71631,366,33017,401,32816,724,5798,338,23932,1150,26738,1059,50670,California
Imperial,2021-03-30,2121,73752,699,33716,607,33423,815,6613,700,24026,1419,28157,1513,52183,California
Imperial,2021-03-31,1558,75310,739,34455,813,34236,6,6619,1033,24542,522,28679,1038,53221,California
Imperial,2021-04-01,2063,77373,437,34892,1382,35618,244,6863,885,24498,1172,29851,1128,54349,California
Imperial,2021-04-02,1966,79339,489,35381,1402,37020,75,6938,1335,25281,625,30476,1408,55757,California
Imperial,2021-04-03,1529,80868,439,35820,1011,38031,79,7017,711,25256,815,31291,790,56547,California
Imperial,2021-04-04,91,80959,47,35867,27,38058,17,7034,25,25232,66,31357,42,56589,California
Imperial,2021-04-05,3416,84375,2326,38193,925,38983,165,7199,808,23607,2598,33955,973,57562,California
Imperial,2021-04-06,1335,85710,546,38739,596,39579,193,7392,698,23867,632,34587,892,58454,California
Imperial,2021-04-07,2175,87885,562,39301,1236,40815,377,7769,1566,25194,614,35201,1941,60395,California
Imperial,2021-04-08,2224,90109,1091,40392,836,41651,297,8066,1078,25425,1142,36343,1373,61768,California
Imperial,2021-04-09,3233,93342,1665,42057,949,42600,619,8685,1522,25862,1703,38046,2140,63908,California
Imperial,2021-04-10,1309,94651,205,42262,831,43431,273,8958,244,25312,1062,39108,512,64420,California
Imperial,2021-04-11,222,94873,32,42294,158,43589,32,8990,77,25276,145,39253,109,64529,California
Imperial,2021-04-12,1467,96340,788,43082,457,44046,222,9212,835,25707,626,39879,1057,65586,California
Imperial,2021-04-13,2957,99297,1917,44999,1038,45084,2,9214,2054,26865,899,40778,2057,67643,California
Imperial,2021-04-14,2069,101366,971,45970,1098,46182,0,9214,1403,27609,660,41438,1404,69047,California
Imperial,2021-04-15,2000,103366,915,46885,1085,47267,0,9214,1364,28344,631,42069,1366,70413,California
Imperial,2021-04-16,3459,106825,1805,48690,1654,48921,0,9214,2164,29227,1282,43351,2165,72578,California
Imperial,2021-04-17,1825,108650,937,49627,886,49807,2,9216,1421,30252,399,43750,1424,74002,California
Imperial,2021-04-18,259,108909,75,49702,184,49991,0,9216,91,30177,166,43916,91,74093,California
Imperial,2021-04-19,868,109777,280,49982,588,50579,0,9216,480,30278,385,44301,486,74579,California
Imperial,2021-04-20,1340,111117,541,50523,799,51378,0,9216,750,30441,588,44889,751,75330,California
Imperial,2021-04-21,1395,112512,348,50871,1046,52424,1,9217,807,30666,582,45471,807,76137,California
Imperial,2021-04-22,2361,114873,823,51694,1538,53962,0,9217,1626,31574,720,46191,1628,77765,California
Imperial,2021-04-23,2839,117712,539,52233,2300,56262,0,9217,1097,30964,1711,47902,1101,78866,California
Imperial,2021-04-24,562,118274,335,52568,227,56489,0,9217,206,30817,353,48255,206,79072,California
Imperial,2021-04-25,274,118548,103,52671,171,56660,0,9217,139,30823,133,48388,139,79211,California
Imperial,2021-04-26,1251,119799,498,53169,749,57409,4,9221,716,31013,529,48917,719,79930,California
Imperial,2021-04-27,1150,120949,381,53550,759,58168,10,9231,567,31013,577,49494,577,80507,California
Imperial,2021-04-28,1500,122449,653,54203,818,58986,29,9260,679,30906,815,50309,708,81215,California
Imperial,2021-04-29,1851,124300,868,55071,935,59921,48,9308,819,30752,1022,51331,868,82083,California
Imperial,2021-04-30,3274,127574,1682,56753,1558,61479,34,9342,1582,30688,1681,53012,1617,83700,California
Imperial,2021-05-01,342,127916,144,56897,195,61674,3,9345,164,30679,177,53189,168,83868,California
Imperial,2021-05-02,85,128001,26,56923,57,61731,2,9347,51,30699,34,53223,54,83922,California
Imperial,2021-05-03,1653,129654,556,57479,1049,62780,48,9395,378,29861,1263,54486,425,84347,California
Imperial,2021-05-04,1766,131420,973,58452,766,63546,27,9422,542,29214,1216,55702,569,84916,California
Imperial,2021-05-05,1511,132931,898,59350,592,64138,21,9443,446,28629,1053,56755,468,85384,California
Imperial,2021-05-06,1699,134630,1116,60466,541,64679,42,9485,549,28076,1144,57899,591,85975,California
Imperial,2021-05-07,2511,137141,1377,61843,1089,65768,45,9530,848,27327,1645,59544,896,86871,California
Imperial,2021-05-08,644,137785,508,62351,128,65896,8,9538,174,27042,467,60011,182,87053,California
Imperial,2021-05-09,98,137883,65,62416,32,65928,1,9539,31,27010,64,60075,32,87085,California
Imperial,2021-05-10,1157,139040,303,62719,731,66659,123,9662,341,26664,809,60884,463,87548,California
Imperial,2021-05-11,1479,140519,476,63195,984,67643,19,9681,496,26208,975,61859,519,88067,California
Imperial,2021-05-12,863,141382,273,63468,552,68195,38,9719,305,25997,553,62412,342,88409,California
Imperial,2021-05-13,1870,143252,1251,64719,547,68742,72,9791,820,25847,1041,63453,891,89300,California
Imperial,2021-05-14,1765,145017,974,65693,731,69473,60,9851,1158,26469,596,64049,1218,90518,California
Imperial,2021-05-15,1236,146253,478,66171,737,70210,21,9872,469,26198,761,64810,490,91008,California
Imperial,2021-05-16,124,146377,84,66255,37,70247,3,9875,51,26180,72,64882,54,91062,California
Imperial,2021-05-17,1928,148305,718,66973,1167,71414,43,9918,680,25662,1242,66124,724,91786,California
Imperial,2021-05-18,1685,149990,888,67861,725,72139,72,9990,919,25893,760,66884,991,92777,California
Imperial,2021-05-19,1287,151277,605,68466,613,72752,69,10059,611,25903,669,67553,679,93456,California
Imperial,2021-05-20,1606,152883,1015,69481,524,73276,67,10126,727,25831,867,68420,795,94251,California
Imperial,2021-05-21,1890,154773,1201,70682,625,73901,64,10190,941,25898,939,69359,1006,95257,California
Imperial,2021-05-22,289,155062,184,70866,89,73990,16,10206,151,25932,133,69492,167,95424,California
Imperial,2021-05-23,92,155154,32,70898,51,74041,9,10215,33,25917,57,69549,42,95466,California
Imperial,2021-05-24,1252,156406,614,71512,580,74621,58,10273,519,25767,726,70275,576,96042,California
Imperial,2021-05-25,1439,157845,475,71987,931,75552,33,10306,517,25405,913,71188,551,96593,California
Imperial,2021-05-26,1040,158885,542,72529,450,76002,48,10354,457,25330,580,71768,505,97098,California
Imperial,2021-05-27,1319,160204,726,73255,523,76525,70,10424,644,25375,669,72437,714,97812,California
Imperial,2021-05-28,1019,161223,584,73839,363,76888,72,10496,380,25197,630,73067,452,98264,California
Imperial,2021-05-29,225,161448,126,73965,93,76981,6,10502,115,25208,110,73177,121,98385,California
Imperial,2021-05-30,94,161542,27,73992,65,77046,2,10504,63,25242,31,73208,65,98450,California
Imperial,2021-05-31,77,161619,19,74011,52,77098,6,10510,34,25239,43,73251,40,98490,California
Imperial,2021-06-01,1187,162806,549,74560,573,77671,65,10575,474,25074,705,73956,540,99030,California
Imperial,2021-06-02,1091,163897,599,75159,401,78072,91,10666,560,25196,527,74483,649,99679,California
Imperial,2021-06-03,1246,165143,733,75892,420,78492,93,10759,595,25240,644,75127,688,100367,California
Imperial,2021-06-04,2209,167352,1583,77475,522,79014,104,10863,978,25101,1221,76348,1082,101449,California
Imperial,2021-06-05,363,167715,229,77704,119,79133,15,10878,177,25111,182,76530,192,101641,California
Imperial,2021-06-06,82,167797,46,77750,24,79157,12,10890,44,25129,38,76568,56,101697,California
Imperial,2021-06-07,998,168795,651,78401,282,79439,65,10955,495,25189,500,77068,560,102257,California
Imperial,2021-06-08,1343,170138,1019,79420,267,79706,57,11012,545,24997,794,77862,602,102859,California
Imperial,2021-06-09,1057,171195,768,80188,231,79937,58,11070,488,24984,562,78424,549,103408,California
Imperial,2021-06-10,1131,172326,776,80964,311,80248,44,11114,447,24793,681,79105,490,103898,California
Imperial,2021-06-11,1492,173818,1085,82049,364,80612,43,11157,642,24638,840,79945,685,104583,California
Imperial,2021-06-12,237,174055,120,82169,105,80717,12,11169,97,24610,136,80081,108,104691,California
Imperial,2021-06-13,79,174134,18,82187,59,80776,2,11171,53,24639,26,80107,55,104746,California
Imperial,2021-06-14,576,174710,427,82614,112,80888,37,11208,219,24542,354,80461,257,105003,California
Inyo,2020-12-19,85,85,85,85,0,0,0,0,85,85,0,0,85,85,California
Inyo,2020-12-20,59,144,59,144,0,0,0,0,59,144,0,0,59,144,California
Inyo,2020-12-21,88,232,85,229,3,3,0,0,88,232,0,0,88,232,California
Inyo,2020-12-22,102,334,102,331,0,3,0,0,102,334,0,0,102,334,California
Inyo,2020-12-23,68,402,65,396,3,6,0,0,68,402,0,0,68,402,California
Inyo,2020-12-24,16,418,16,412,0,6,0,0,16,418,0,0,16,418,California
Inyo,2020-12-25,1,419,0,412,1,7,0,0,1,419,0,0,1,419,California
Inyo,2020-12-26,74,493,74,486,0,7,0,0,74,493,0,0,74,493,California
Inyo,2020-12-28,48,541,36,522,12,19,0,0,48,541,0,0,48,541,California
Inyo,2020-12-29,19,560,19,541,0,19,0,0,19,560,0,0,19,560,California
Inyo,2020-12-30,56,616,54,595,2,21,0,0,56,616,0,0,56,616,California
Inyo,2020-12-31,29,645,0,595,29,50,0,0,29,645,0,0,29,645,California
Inyo,2021-01-01,1,646,0,595,1,51,0,0,1,646,0,0,1,646,California
Inyo,2021-01-03,1,647,0,595,1,52,0,0,1,647,0,0,1,647,California
Inyo,2021-01-04,2,649,1,596,1,53,0,0,2,649,0,0,2,649,California
Inyo,2021-01-05,34,683,0,596,34,87,0,0,34,683,0,0,34,683,California
Inyo,2021-01-06,61,744,0,596,61,148,0,0,61,744,0,0,61,744,California
Inyo,2021-01-07,31,775,1,597,30,178,0,0,31,775,0,0,31,775,California
Inyo,2021-01-08,9,784,8,605,1,179,0,0,4,775,5,5,5,780,California
Inyo,2021-01-09,86,870,86,691,0,179,0,0,0,689,86,91,0,780,California
Inyo,2021-01-10,53,923,53,744,0,179,0,0,0,636,53,144,0,780,California
Inyo,2021-01-11,97,1020,82,826,15,194,0,0,16,571,81,225,16,796,California
Inyo,2021-01-12,135,1155,114,940,21,215,0,0,27,490,108,333,27,823,California
Inyo,2021-01-13,85,1240,67,1007,18,233,0,0,21,448,64,397,22,845,California
Inyo,2021-01-14,58,1298,13,1020,45,278,0,0,48,486,10,407,48,893,California
Inyo,2021-01-15,156,1454,28,1048,128,406,0,0,156,642,0,407,156,1049,California
Inyo,2021-01-16,73,1527,73,1121,0,406,0,0,0,569,73,480,0,1049,California
Inyo,2021-01-18,58,1585,36,1157,22,428,0,0,19,549,39,519,19,1068,California
Inyo,2021-01-19,112,1697,71,1228,41,469,0,0,95,627,17,536,95,1163,California
Inyo,2021-01-20,146,1843,70,1298,76,545,0,0,92,665,54,590,92,1255,California
Inyo,2021-01-21,117,1960,57,1355,60,605,0,0,116,780,1,591,116,1371,California
Inyo,2021-01-22,62,2022,0,1355,62,667,0,0,61,840,1,592,61,1432,California
Inyo,2021-01-23,46,2068,45,1400,1,668,0,0,46,886,0,592,46,1478,California
Inyo,2021-01-25,47,2115,4,1404,43,711,0,0,35,909,12,604,35,1513,California
Inyo,2021-01-26,130,2245,49,1453,81,792,0,0,124,1027,6,610,124,1637,California
Inyo,2021-01-27,24,2269,2,1455,22,814,0,0,23,1049,1,611,23,1660,California
Inyo,2021-01-28,91,2360,2,1457,89,903,0,0,62,1082,29,640,62,1722,California
Inyo,2021-01-29,25,2385,3,1460,22,925,0,0,23,1103,2,642,23,1745,California
Inyo,2021-01-30,10,2395,0,1460,10,935,0,0,10,1113,0,642,10,1755,California
Inyo,2021-01-31,25,2420,3,1463,22,957,0,0,4,1095,22,664,4,1759,California
Inyo,2021-02-01,10,2430,9,1472,1,958,0,0,0,1085,10,674,0,1759,California
Inyo,2021-02-02,130,2560,14,1486,116,1074,0,0,104,1163,26,700,104,1863,California
Inyo,2021-02-03,114,2674,0,1486,114,1188,0,0,73,1195,41,741,73,1936,California
Inyo,2021-02-04,148,2822,32,1518,116,1304,0,0,89,1225,59,800,89,2025,California
Inyo,2021-02-05,109,2931,53,1571,56,1360,0,0,107,1330,2,802,107,2132,California
Inyo,2021-02-06,3,2934,2,1573,1,1361,0,0,3,1333,0,802,3,2135,California
Inyo,2021-02-07,4,2938,2,1575,2,1363,0,0,4,1337,0,802,4,2139,California
Inyo,2021-02-08,115,3053,6,1581,109,1472,0,0,96,1414,19,821,96,2235,California
Inyo,2021-02-09,194,3247,52,1633,142,1614,0,0,124,1468,70,891,124,2359,California
Inyo,2021-02-10,142,3389,16,1649,126,1740,0,0,109,1544,33,924,109,2468,California
Inyo,2021-02-11,220,3609,56,1705,164,1904,0,0,126,1576,94,1018,126,2594,California
Inyo,2021-02-12,291,3900,50,1755,241,2145,0,0,166,1617,125,1143,166,2760,California
Inyo,2021-02-13,50,3950,46,1801,4,2149,0,0,6,1579,44,1187,6,2766,California
Inyo,2021-02-14,1,3951,0,1801,1,2150,0,0,1,1580,0,1187,1,2767,California
Inyo,2021-02-15,26,3977,7,1808,19,2169,0,0,5,1564,21,1208,5,2772,California
Inyo,2021-02-16,173,4150,45,1853,128,2297,0,0,91,1574,81,1289,91,2863,California
Inyo,2021-02-17,38,4188,4,1857,34,2331,0,0,8,1552,30,1319,8,2871,California
Inyo,2021-02-18,119,4307,6,1863,113,2444,0,0,79,1591,40,1359,79,2950,California
Inyo,2021-02-19,52,4359,5,1868,47,2491,0,0,9,1557,43,1402,9,2959,California
Inyo,2021-02-20,505,4864,500,2368,5,2496,0,0,503,2058,2,1404,503,3462,California
Inyo,2021-02-21,439,5303,439,2807,0,2496,0,0,439,2497,0,1404,439,3901,California
Inyo,2021-02-22,60,5363,18,2825,42,2538,0,0,26,2489,34,1438,26,3927,California
Inyo,2021-02-23,193,5556,17,2842,176,2714,0,0,90,2477,102,1540,90,4017,California
Inyo,2021-02-24,117,5673,0,2842,117,2831,0,0,57,2474,60,1600,57,4074,California
Inyo,2021-02-25,129,5802,3,2845,126,2957,0,0,61,2467,68,1668,61,4135,California
Inyo,2021-02-26,96,5898,52,2897,44,3001,0,0,20,2411,76,1744,20,4155,California
Inyo,2021-02-27,14,5912,3,2900,11,3012,0,0,2,2401,12,1756,2,4157,California
Inyo,2021-02-28,3,5915,1,2901,2,3014,0,0,2,2402,1,1757,2,4159,California
Inyo,2021-03-01,19,5934,2,2903,17,3031,0,0,17,2417,2,1759,17,4176,California
Inyo,2021-03-02,193,6127,0,2903,193,3224,0,0,108,2440,85,1844,108,4284,California
Inyo,2021-03-03,83,6210,3,2906,80,3304,0,0,41,2439,42,1886,41,4325,California
Inyo,2021-03-04,124,6334,2,2908,122,3426,0,0,44,2403,80,1966,44,4369,California
Inyo,2021-03-05,138,6472,53,2961,85,3511,0,0,38,2341,100,2066,38,4407,California
Inyo,2021-03-06,20,6492,1,2962,19,3530,0,0,19,2359,1,2067,19,4426,California
Inyo,2021-03-07,6,6498,3,2965,3,3533,0,0,4,2361,2,2069,4,4430,California
Inyo,2021-03-08,171,6669,5,2970,166,3699,0,0,81,2352,90,2159,81,4511,California
Inyo,2021-03-09,189,6858,2,2972,187,3886,0,0,73,2309,116,2275,73,4584,California
Inyo,2021-03-10,72,6930,9,2981,62,3948,1,1,30,2298,42,2317,31,4615,California
Inyo,2021-03-11,204,7134,1,2982,198,4146,5,6,74,2247,130,2447,79,4694,California
Inyo,2021-03-12,174,7308,4,2986,165,4311,5,11,76,2230,98,2545,81,4775,California
Inyo,2021-03-13,572,7880,540,3526,23,4334,9,20,64,1796,507,3052,73,4848,California
Inyo,2021-03-14,439,8319,438,3964,1,4335,0,20,5,1368,433,3485,5,4853,California
Inyo,2021-03-15,50,8369,14,3978,34,4369,2,22,30,1380,20,3505,32,4885,California
Inyo,2021-03-16,162,8531,3,3981,153,4522,6,28,63,1351,98,3603,69,4954,California
Inyo,2021-03-17,108,8639,3,3984,98,4620,7,35,92,1434,16,3619,99,5053,California
Inyo,2021-03-18,182,8821,15,3999,160,4780,7,42,102,1463,80,3699,109,5162,California
Inyo,2021-03-19,44,8865,3,4002,37,4817,4,46,35,1493,9,3708,39,5201,California
Inyo,2021-03-20,19,8884,1,4003,9,4826,9,55,0,1483,19,3727,9,5210,California
Inyo,2021-03-22,58,8942,2,4005,51,4877,5,60,38,1506,20,3747,43,5253,California
Inyo,2021-03-23,192,9134,3,4008,185,5062,4,64,105,1528,87,3834,109,5362,California
Inyo,2021-03-24,140,9274,3,4011,133,5195,4,68,86,1564,54,3888,90,5452,California
Inyo,2021-03-25,330,9604,109,4120,218,5413,3,71,265,1767,65,3953,268,5720,California
Inyo,2021-03-26,92,9696,3,4123,85,5498,4,75,71,1821,21,3974,75,5795,California
Inyo,2021-03-27,48,9744,40,4163,5,5503,3,78,42,1860,6,3980,45,5840,California
Inyo,2021-03-28,3,9747,0,4163,2,5505,1,79,1,1860,2,3982,2,5842,California
Inyo,2021-03-29,108,9855,2,4165,101,5606,5,84,81,1920,26,4008,86,5928,California
Inyo,2021-03-30,218,10073,1,4166,212,5818,5,89,109,1925,109,4117,114,6042,California
Inyo,2021-03-31,149,10222,3,4169,140,5958,6,95,107,1996,42,4159,113,6155,California
Inyo,2021-04-01,166,10388,3,4172,162,6120,1,96,118,2067,48,4207,119,6274,California
Inyo,2021-04-02,78,10466,1,4173,75,6195,2,98,49,2089,29,4236,51,6325,California
Inyo,2021-04-03,75,10541,39,4212,23,6218,13,111,3,2034,70,4306,15,6340,California
Inyo,2021-04-04,5,10546,4,4216,0,6218,1,112,1,2032,4,4310,2,6342,California
Inyo,2021-04-05,106,10652,1,4217,101,6319,4,116,29,1988,77,4387,33,6375,California
Inyo,2021-04-06,235,10887,4,4221,168,6487,63,179,104,2024,131,4518,167,6542,California
Inyo,2021-04-07,206,11093,2,4223,76,6563,128,307,47,2040,159,4677,175,6717,California
Inyo,2021-04-08,181,11274,15,4238,149,6712,17,324,81,2038,100,4777,98,6815,California
Inyo,2021-04-09,122,11396,5,4243,94,6806,23,347,36,2012,85,4862,59,6874,California
Inyo,2021-04-10,39,11435,1,4244,21,6827,17,364,3,1996,36,4898,20,6894,California
Inyo,2021-04-11,1,11436,0,4244,1,6828,0,364,1,1997,0,4898,1,6895,California
Inyo,2021-04-12,79,11515,0,4244,74,6902,5,369,41,2005,38,4936,46,6941,California
Inyo,2021-04-13,122,11637,4,4248,115,7017,3,372,63,2013,58,4994,66,7007,California
Inyo,2021-04-14,131,11768,2,4250,129,7146,0,372,46,1974,85,5079,46,7053,California
Inyo,2021-04-15,272,12040,116,4366,156,7302,0,372,78,1858,194,5273,78,7131,California
Inyo,2021-04-16,45,12085,4,4370,41,7343,0,372,17,1847,28,5301,17,7148,California
Inyo,2021-04-17,2,12087,1,4371,1,7344,0,372,1,1847,1,5302,1,7149,California
Inyo,2021-04-19,120,12207,37,4408,83,7427,0,372,41,1809,79,5381,41,7190,California
Inyo,2021-04-20,163,12370,2,4410,161,7588,0,372,79,1804,84,5465,79,7269,California
Inyo,2021-04-21,112,12482,3,4413,109,7697,0,372,32,1756,80,5545,32,7301,California
Inyo,2021-04-22,196,12678,1,4414,195,7892,0,372,51,1662,145,5690,51,7352,California
Inyo,2021-04-23,95,12773,4,4418,91,7983,0,372,22,1611,73,5763,22,7374,California
Inyo,2021-04-24,309,13082,308,4726,1,7984,0,372,305,1912,4,5767,305,7679,California
Inyo,2021-04-25,133,13215,132,4858,1,7985,0,372,133,2045,0,5767,133,7812,California
Inyo,2021-04-26,92,13307,2,4860,89,8074,1,373,11,1977,80,5847,12,7824,California
Inyo,2021-04-27,183,13490,6,4866,172,8246,5,378,47,1893,136,5983,52,7876,California
Inyo,2021-04-28,121,13611,2,4868,117,8363,2,380,20,1814,101,6084,22,7898,California
Inyo,2021-04-29,171,13782,55,4923,116,8479,0,380,76,1795,95,6179,76,7974,California
Inyo,2021-04-30,82,13864,5,4928,76,8555,1,381,23,1760,59,6238,24,7998,California
Inyo,2021-05-01,11,13875,3,4931,8,8563,0,381,9,1767,2,6240,9,8007,California
Inyo,2021-05-02,6,13881,2,4933,2,8565,2,383,4,1771,2,6242,6,8013,California
Inyo,2021-05-03,38,13919,1,4934,33,8598,4,387,5,1747,33,6275,9,8022,California
Inyo,2021-05-04,123,14042,2,4936,117,8715,4,391,20,1668,103,6378,24,8046,California
Inyo,2021-05-05,36,14078,0,4936,34,8749,2,393,11,1656,25,6403,13,8059,California
Inyo,2021-05-06,92,14170,3,4939,81,8830,8,401,13,1598,79,6482,21,8080,California
Inyo,2021-05-07,48,14218,3,4942,37,8867,8,409,24,1607,23,6505,32,8112,California
Inyo,2021-05-08,11,14229,2,4944,4,8871,5,414,4,1609,7,6512,9,8121,California
Inyo,2021-05-09,1,14230,0,4944,1,8872,0,414,0,1608,1,6513,0,8121,California
Inyo,2021-05-10,69,14299,1,4945,66,8938,2,416,31,1603,39,6552,34,8155,California
Inyo,2021-05-11,87,14386,1,4946,83,9021,3,419,20,1559,67,6619,23,8178,California
Inyo,2021-05-12,43,14429,1,4947,40,9061,2,421,11,1540,32,6651,13,8191,California
Inyo,2021-05-13,75,14504,1,4948,73,9134,1,422,12,1490,63,6714,13,8204,California
Inyo,2021-05-14,25,14529,3,4951,17,9151,5,427,12,1494,13,6727,17,8221,California
Inyo,2021-05-15,374,14903,362,5313,10,9161,2,429,82,1286,292,7019,84,8305,California
Inyo,2021-05-16,199,15102,199,5512,0,9161,0,429,72,1231,127,7146,72,8377,California
Inyo,2021-05-17,62,15164,3,5515,55,9216,4,433,19,1212,42,7188,23,8400,California
Inyo,2021-05-18,83,15247,2,5517,80,9296,1,434,17,1164,66,7254,18,8418,California
Inyo,2021-05-19,47,15294,2,5519,40,9336,5,439,13,1148,34,7288,18,8436,California
Inyo,2021-05-20,143,15437,80,5599,62,9398,1,440,34,1074,109,7397,35,8471,California
Inyo,2021-05-21,48,15485,18,5617,25,9423,5,445,19,1069,29,7426,24,8495,California
Inyo,2021-05-22,24,15509,14,5631,7,9430,3,448,17,1082,7,7433,20,8515,California
Inyo,2021-05-23,2,15511,1,5632,0,9430,1,449,0,1081,2,7435,1,8516,California
Inyo,2021-05-24,33,15544,6,5638,24,9454,3,452,13,1077,20,7455,16,8532,California
Inyo,2021-05-25,82,15626,39,5677,41,9495,2,454,47,1091,35,7490,49,8581,California
Inyo,2021-05-26,37,15663,10,5687,25,9520,2,456,15,1086,22,7512,17,8598,California
Inyo,2021-05-27,39,15702,10,5697,21,9541,8,464,12,1080,26,7538,20,8618,California
Inyo,2021-05-28,26,15728,6,5703,15,9556,5,469,8,1075,18,7556,13,8631,California
Inyo,2021-05-29,15,15743,5,5708,10,9566,0,469,7,1074,8,7564,7,8638,California
Inyo,2021-05-30,2,15745,0,5708,2,9568,0,469,0,1072,2,7566,0,8638,California
Inyo,2021-06-01,54,15799,16,5724,32,9600,6,475,23,1070,31,7597,29,8667,California
Inyo,2021-06-02,10,15809,8,5732,1,9601,1,476,9,1079,1,7598,10,8677,California
Inyo,2021-06-03,26,15835,0,5732,18,9619,8,484,1,1063,25,7623,9,8686,California
Inyo,2021-06-04,32,15867,6,5738,22,9641,4,488,12,1059,20,7643,16,8702,California
Inyo,2021-06-05,17,15884,8,5746,8,9649,1,489,4,1051,13,7656,5,8707,California
Inyo,2021-06-06,1,15885,1,5747,0,9649,0,489,1,1052,0,7656,1,8708,California
Inyo,2021-06-07,51,15936,15,5762,33,9682,3,492,5,1014,46,7702,8,8716,California
Inyo,2021-06-08,53,15989,25,5787,25,9707,3,495,26,1017,27,7729,30,8746,California
Inyo,2021-06-09,109,16098,93,5880,14,9721,2,497,14,938,95,7824,16,8762,California
Inyo,2021-06-10,53,16151,38,5918,10,9731,5,502,16,922,37,7861,21,8783,California
Inyo,2021-06-11,43,16194,22,5940,19,9750,2,504,17,915,26,7887,19,8802,California
Inyo,2021-06-12,14,16208,7,5947,6,9756,1,505,5,912,9,7896,6,8808,California
Inyo,2021-06-13,1,16209,0,5947,1,9757,0,505,0,911,1,7897,0,8808,California
Inyo,2021-06-14,20,16229,0,5947,18,9775,2,507,1,895,19,7916,3,8811,California
Kern,2020-12-15,1,1,1,1,0,0,0,0,1,1,0,0,1,1,California
Kern,2020-12-16,19,20,19,20,0,0,0,0,19,20,0,0,19,20,California
Kern,2020-12-17,162,182,162,182,0,0,0,0,162,182,0,0,162,182,California
Kern,2020-12-18,322,504,322,504,0,0,0,0,322,504,0,0,322,504,California
Kern,2020-12-19,99,603,99,603,0,0,0,0,99,603,0,0,99,603,California
Kern,2020-12-20,61,664,61,664,0,0,0,0,61,664,0,0,61,664,California
Kern,2020-12-21,672,1336,671,1335,1,1,0,0,672,1336,0,0,672,1336,California
Kern,2020-12-22,531,1867,529,1864,2,3,0,0,531,1867,0,0,531,1867,California
Kern,2020-12-23,556,2423,418,2282,138,141,0,0,556,2423,0,0,556,2423,California
Kern,2020-12-24,123,2546,44,2326,79,220,0,0,123,2546,0,0,123,2546,California
Kern,2020-12-25,1,2547,1,2327,0,220,0,0,1,2547,0,0,1,2547,California
Kern,2020-12-26,33,2580,1,2328,32,252,0,0,33,2580,0,0,33,2580,California
Kern,2020-12-27,35,2615,3,2331,32,284,0,0,35,2615,0,0,35,2615,California
Kern,2020-12-28,828,3443,663,2994,165,449,0,0,828,3443,0,0,828,3443,California
Kern,2020-12-29,745,4188,451,3445,294,743,0,0,744,4186,1,1,744,4187,California
Kern,2020-12-30,1205,5393,913,4358,292,1035,0,0,1205,5391,0,1,1205,5392,California
Kern,2020-12-31,278,5671,99,4457,179,1214,0,0,278,5669,0,1,278,5670,California
Kern,2021-01-01,17,5688,9,4466,8,1222,0,0,17,5686,0,1,17,5687,California
Kern,2021-01-02,79,5767,18,4484,61,1283,0,0,79,5765,0,1,79,5766,California
Kern,2021-01-03,23,5790,4,4488,19,1302,0,0,23,5788,0,1,23,5789,California
Kern,2021-01-04,554,6344,362,4850,192,1494,0,0,554,6342,0,1,554,6343,California
Kern,2021-01-05,1134,7478,739,5589,395,1889,0,0,1122,7452,12,13,1122,7465,California
Kern,2021-01-06,1162,8640,448,6037,714,2603,0,0,1132,8554,30,43,1132,8597,California
Kern,2021-01-07,1407,10047,485,6522,922,3525,0,0,1240,9628,166,209,1240,9837,California
Kern,2021-01-08,1624,11671,766,7288,858,4383,0,0,1327,10657,298,507,1327,11164,California
Kern,2021-01-09,228,11899,78,7366,150,4533,0,0,193,10815,35,542,193,11357,California
Kern,2021-01-10,194,12093,149,7515,45,4578,0,0,153,10927,41,583,153,11510,California
Kern,2021-01-11,1559,13652,988,8503,571,5149,0,0,999,11366,560,1143,999,12509,California
Kern,2021-01-12,1872,15524,814,9317,1058,6207,0,0,1358,12211,513,1656,1358,13867,California
Kern,2021-01-13,1859,17383,875,10192,984,7191,0,0,1436,13224,423,2079,1436,15303,California
Kern,2021-01-14,2194,19577,649,10841,1545,8736,0,0,2148,15326,46,2125,2148,17451,California
Kern,2021-01-15,2713,22290,855,11696,1858,10594,0,0,2616,17848,95,2220,2617,20068,California
Kern,2021-01-16,673,22963,212,11908,461,11055,0,0,638,18451,35,2255,638,20706,California
Kern,2021-01-17,73,23036,7,11915,66,11121,0,0,71,18520,2,2257,71,20777,California
Kern,2021-01-18,1645,24681,657,12572,988,12109,0,0,1479,19833,166,2423,1479,22256,California
Kern,2021-01-19,1856,26537,1033,13605,823,12932,0,0,1391,20760,465,2888,1392,23648,California
Kern,2021-01-20,2619,29156,1682,15287,937,13869,0,0,1914,21976,700,3588,1916,25564,California
Kern,2021-01-21,2114,31270,867,16154,1247,15116,0,0,1918,23699,195,3783,1918,27482,California
Kern,2021-01-22,2715,33985,1301,17455,1414,16530,0,0,2437,25859,277,4060,2437,29919,California
Kern,2021-01-23,1247,35232,540,17995,707,17237,0,0,1201,27014,46,4106,1201,31120,California
Kern,2021-01-24,152,35384,11,18006,141,17378,0,0,146,27154,6,4112,146,31266,California
Kern,2021-01-25,2382,37766,1082,19088,1300,18678,0,0,1897,28568,484,4596,1898,33164,California
Kern,2021-01-26,2773,40539,1127,20215,1646,20324,0,0,1913,29622,859,5455,1913,35077,California
Kern,2021-01-27,3553,44092,1895,22110,1658,21982,0,0,2856,31784,694,6149,2856,37933,California
Kern,2021-01-28,2887,46979,1362,23472,1525,23507,0,0,2455,33815,427,6576,2458,40391,California
Kern,2021-01-29,3791,50770,1798,25270,1993,25500,0,0,3245,36517,543,7119,3245,43636,California
Kern,2021-01-30,1333,52103,501,25771,832,26332,0,0,1282,37750,49,7168,1282,44918,California
Kern,2021-01-31,402,52505,275,26046,127,26459,0,0,267,37882,135,7303,267,45185,California
Kern,2021-02-01,2597,55102,989,27035,1608,28067,0,0,1885,39059,709,8012,1886,47071,California
Kern,2021-02-02,2754,57856,798,27833,1956,30023,0,0,2051,40408,703,8715,2052,49123,California
Kern,2021-02-03,3675,61531,1553,29386,2122,32145,0,0,2705,42150,963,9678,2705,51828,California
Kern,2021-02-04,3806,65337,1451,30837,2355,34500,0,0,2587,43528,1209,10887,2587,54415,California
Kern,2021-02-05,4859,70196,1988,32825,2871,37371,0,0,3097,44882,1743,12630,3097,57512,California
Kern,2021-02-06,1742,71938,769,33594,973,38344,0,0,1516,46175,223,12853,1516,59028,California
Kern,2021-02-07,282,72220,150,33744,132,38476,0,0,265,46425,15,12868,265,59293,California
Kern,2021-02-08,2562,74782,784,34528,1778,40254,0,0,1256,46394,1288,14156,1257,60550,California
Kern,2021-02-09,3037,77819,987,35515,2050,42304,0,0,1463,46291,1566,15722,1463,62013,California
Kern,2021-02-10,3801,81620,1661,37176,2140,44444,0,0,1883,46273,1902,17624,1884,63897,California
Kern,2021-02-11,4266,85886,1533,38709,2733,47177,0,0,2223,46467,2030,19654,2224,66121,California
Kern,2021-02-12,4967,90853,1891,40600,3076,50253,0,0,2475,46464,2478,22132,2475,68596,California
Kern,2021-02-13,2008,92861,726,41326,1282,51535,0,0,1161,46780,845,22977,1161,69757,California
Kern,2021-02-14,350,93211,12,41338,338,51873,0,0,268,46967,81,23058,268,70025,California
Kern,2021-02-15,2744,95955,898,42236,1846,53719,0,0,1211,46653,1525,24583,1211,71236,California
Kern,2021-02-16,2946,98901,712,42948,2234,55953,0,0,1656,47029,1281,25864,1657,72893,California
Kern,2021-02-17,4073,102974,2076,45024,1997,57950,0,0,1924,46811,2143,28007,1925,74818,California
Kern,2021-02-18,3757,106731,1485,46509,2272,60222,0,0,1625,46314,2122,30129,1625,76443,California
Kern,2021-02-19,4193,110924,1915,48424,2278,62500,0,0,1737,45602,2449,32578,1737,78180,California
Kern,2021-02-20,2581,113505,967,49391,1614,64114,0,0,1348,45721,1229,33807,1348,79528,California
Kern,2021-02-21,257,113762,151,49542,106,64220,0,0,89,45644,166,33973,89,79617,California
Kern,2021-02-22,2674,116436,1154,50696,1520,65740,0,0,1434,45844,1234,35207,1434,81051,California
Kern,2021-02-23,3580,120016,1134,51830,2446,68186,0,0,1998,46263,1580,36787,1999,83050,California
Kern,2021-02-24,5211,125227,2289,54119,2922,71108,0,0,3106,47268,2101,38888,3106,86156,California
Kern,2021-02-25,5379,130606,2460,56579,2919,74027,0,0,3195,48300,2165,41053,3197,89353,California
Kern,2021-02-26,6926,137532,3537,60116,3389,77416,0,0,4362,50106,2557,43610,4363,93716,California
Kern,2021-02-27,3955,141487,1983,62099,1972,79388,0,0,2615,51389,1332,44942,2615,96331,California
Kern,2021-02-28,916,142403,503,62602,412,79800,1,1,696,51868,218,45160,697,97028,California
Kern,2021-03-01,4013,146416,1823,64425,2186,81986,4,5,2697,53263,1306,46466,2701,99729,California
Kern,2021-03-02,4487,150903,1412,65837,3071,85057,4,9,2953,54694,1523,47989,2954,102683,California
Kern,2021-03-03,5997,156900,2841,68678,3154,88211,2,11,3884,56481,2098,50087,3885,106568,California
Kern,2021-03-04,5690,162590,2274,70952,3411,91622,5,16,3694,58195,1982,52069,3696,110264,California
Kern,2021-03-05,6635,169225,2862,73814,3754,95376,19,35,4187,59963,2438,54507,4206,114470,California
Kern,2021-03-06,4756,173981,1925,75739,2724,98100,107,142,3479,62278,1270,55777,3585,118055,California
Kern,2021-03-07,2063,176044,1596,77335,411,98511,56,198,1865,64002,197,55974,1921,119976,California
Kern,2021-03-08,2902,178946,923,78258,1757,100268,222,420,1523,64369,1376,57350,1743,121719,California
Kern,2021-03-09,3727,182673,805,79063,2537,102805,385,805,2330,65691,1388,58738,2710,124429,California
Kern,2021-03-10,6150,188823,2563,81626,2512,105317,1075,1880,3600,67830,2534,61272,4673,129102,California
Kern,2021-03-11,6335,195158,2441,84067,2868,108185,1026,2906,3774,70075,2550,63822,4795,133897,California
Kern,2021-03-12,7850,203008,3078,87145,3417,111602,1355,4261,4324,72229,3513,67335,5667,139564,California
Kern,2021-03-13,4672,207680,2529,89674,1806,113408,337,4598,3249,74394,1416,68751,3581,143145,California
Kern,2021-03-14,2309,209989,1533,91207,534,113942,242,4840,1786,75896,523,69274,2025,145170,California
Kern,2021-03-15,4268,214257,1105,92312,2451,116393,712,5552,2198,76742,2057,71331,2903,148073,California
Kern,2021-03-16,4353,218610,1014,93326,2803,119196,536,6088,2330,77592,2011,73342,2861,150934,California
Kern,2021-03-17,7500,226110,4058,97384,2892,122088,550,6638,4528,79709,2959,76301,5076,156010,California
Kern,2021-03-18,7276,233386,3682,101066,3008,125096,586,7224,4406,81847,2850,79151,4988,160998,California
Kern,2021-03-19,8991,242377,4987,106053,3346,128442,658,7882,4715,82954,4259,83410,5366,166364,California
Kern,2021-03-20,6180,248557,3825,109878,2181,130623,174,8056,3920,84800,2249,85659,4095,170459,California
Kern,2021-03-21,3052,251609,1934,111812,236,130859,882,8938,1845,86326,1200,86859,2726,173185,California
Kern,2021-03-22,3987,255596,1566,113378,2067,132926,354,9292,1933,86576,2037,88896,2287,175472,California
Kern,2021-03-23,4744,260340,1677,115055,2868,135794,199,9491,2486,87030,2228,91124,2682,178154,California
Kern,2021-03-24,7188,267528,3678,118733,3033,138827,477,9968,3656,87646,3514,94638,4130,182284,California
Kern,2021-03-25,6784,274312,3006,121739,3447,142274,331,10299,3222,87651,3545,98183,3550,185834,California
Kern,2021-03-26,9869,284181,4412,126151,4200,146474,1257,11556,4722,88502,5127,103310,5978,191812,California
Kern,2021-03-27,5708,289889,3995,130146,1585,148059,128,11684,3448,89819,2258,105568,3575,195387,California
Kern,2021-03-28,4693,294582,4202,134348,477,148536,14,11698,2958,91058,1733,107301,2972,198359,California
Kern,2021-03-29,4261,298843,1683,136031,2301,150837,277,11975,2615,92314,1633,108934,2889,201248,California
Kern,2021-03-30,5597,304440,1872,137903,3340,154177,385,12360,3063,93231,2529,111463,3446,204694,California
Kern,2021-03-31,8413,312853,4540,142443,3225,157402,648,13008,4309,94099,4087,115550,4955,209649,California
Kern,2021-04-01,7898,320751,3873,146316,3725,161127,300,13308,4217,94960,3652,119202,4513,214162,California
Kern,2021-04-02,8459,329210,4466,150782,3384,164511,609,13917,4225,95568,4218,123420,4826,218988,California
Kern,2021-04-03,6000,335210,3672,154454,2146,166657,182,14099,2658,95071,3334,126754,2837,221825,California
Kern,2021-04-04,1336,336546,872,155326,380,167037,84,14183,474,94770,859,127613,558,222383,California
Kern,2021-04-05,5371,341917,2221,157547,2376,169413,774,14957,2898,95954,2459,130072,3643,226026,California
Kern,2021-04-06,7120,349037,2467,160014,3276,172689,1377,16334,3560,97351,3537,133609,4934,230960,California
Kern,2021-04-07,9380,358417,5469,165483,2947,175636,964,17298,4567,98085,4795,138404,5529,236489,California
Kern,2021-04-08,8665,367082,4797,170280,2955,178591,913,18211,3730,97806,4911,143315,4632,241121,California
Kern,2021-04-09,10271,377353,5142,175422,4135,182726,994,19205,4346,97246,5900,149215,5340,246461,California
Kern,2021-04-10,6589,383942,3466,178888,1876,184602,1247,20452,2137,96183,4442,153657,3379,249840,California
Kern,2021-04-11,3920,387862,2918,181806,359,184961,643,21095,1264,95442,2641,156298,1900,251740,California
Kern,2021-04-12,4405,392267,992,182798,2440,187401,973,22068,1579,95188,2804,159102,2550,254290,California
Kern,2021-04-13,4295,396562,1414,184212,2855,190256,26,22094,2114,95162,2166,161268,2140,256430,California
Kern,2021-04-14,6077,402639,2994,187206,3061,193317,22,22116,3008,95142,3051,164319,3031,259461,California
Kern,2021-04-15,5307,407946,2495,189701,2809,196126,3,22119,2537,94929,2753,167072,2540,262001,California
Kern,2021-04-16,7275,415221,3455,193156,3819,199945,1,22120,2978,93641,4272,171344,2984,264985,California
Kern,2021-04-17,5917,421138,3873,197029,2044,201989,0,22120,2099,91956,3804,175148,2119,267104,California
Kern,2021-04-18,3776,424914,3541,200570,235,202224,0,22120,911,90010,2857,178005,911,268015,California
Kern,2021-04-19,3817,428731,1730,202300,2085,204309,2,22122,1413,89040,2383,180388,1413,269428,California
Kern,2021-04-20,4352,433083,1574,203874,2777,207086,1,22123,1643,87991,2693,183081,1644,271072,California
Kern,2021-04-21,5861,438944,3145,207019,2711,209797,5,22128,2134,86424,3704,186785,2137,273209,California
Kern,2021-04-22,4808,443752,2328,209347,2480,212277,0,22128,1709,85058,3076,189861,1710,274919,California
Kern,2021-04-23,6143,449895,3026,212373,3116,215393,1,22129,1916,82787,4188,194049,1917,276836,California
Kern,2021-04-24,4008,453903,2802,215175,1195,216588,11,22140,1440,81688,2550,196599,1451,278287,California
Kern,2021-04-25,1394,455297,1116,216291,278,216866,0,22140,819,81938,569,197168,819,279106,California
Kern,2021-04-26,3868,459165,1832,218123,1984,218850,52,22192,1063,80260,2795,199963,1117,280223,California
Kern,2021-04-27,4777,463942,2314,220437,2355,221205,108,22300,1459,78520,3305,203268,1565,281788,California
Kern,2021-04-28,6304,470246,3718,224155,2462,223667,124,22424,1795,75946,4490,207758,1916,283704,California
Kern,2021-04-29,5509,475755,3062,227217,2347,226014,100,22524,1617,73793,3871,211629,1718,285422,California
Kern,2021-04-30,5589,481344,3119,230336,2311,228325,159,22683,1608,71594,3965,215594,1766,287188,California
Kern,2021-05-01,2716,484060,1932,232268,725,229050,59,22742,1082,71112,1622,217216,1140,288328,California
Kern,2021-05-02,1890,485950,1601,233869,267,229317,22,22764,692,70635,1191,218407,714,289042,California
Kern,2021-05-03,2543,488493,1031,234900,1379,230696,133,22897,786,69814,1741,220148,920,289962,California
Kern,2021-05-04,3662,492155,1304,236204,2248,232944,110,23007,1286,68848,2360,222508,1394,291356,California
Kern,2021-05-05,4160,496315,2145,238349,1864,234808,151,23158,1378,67609,2766,225274,1527,292883,California
Kern,2021-05-06,3598,499913,1630,239979,1822,236630,146,23304,1136,66446,2441,227715,1278,294161,California
Kern,2021-05-07,4617,504530,2317,242296,2126,238756,174,23478,1303,64639,3283,230998,1476,295637,California
Kern,2021-05-08,2893,507423,1824,244120,954,239710,115,23593,898,63670,1980,232978,1011,296648,California
Kern,2021-05-09,1351,508774,1177,245297,145,239855,29,23622,455,63267,887,233865,484,297132,California
Kern,2021-05-10,2264,511038,881,246178,1281,241136,102,23724,679,62479,1567,235432,779,297911,California
Kern,2021-05-11,2643,513681,923,247101,1595,242731,125,23849,961,61895,1671,237103,1087,298998,California
Kern,2021-05-12,3628,517309,1461,248562,2015,244746,152,24001,1169,60770,2446,239549,1321,300319,California
Kern,2021-05-13,3491,520800,1826,250388,1511,246257,154,24155,1629,60699,1849,241398,1778,302097,California
Kern,2021-05-14,4291,525091,2535,252923,1532,247789,224,24379,1983,60617,2288,243686,2206,304303,California
Kern,2021-05-15,2912,528003,1892,254815,932,248721,88,24467,1547,60900,1351,245037,1634,305937,California
Kern,2021-05-16,1544,529547,1322,256137,183,248904,39,24506,889,61178,650,245687,928,306865,California
Kern,2021-05-17,2329,531876,1009,257146,1175,250079,145,24651,1191,61387,1126,246813,1335,308200,California
Kern,2021-05-18,3179,535055,1462,258608,1585,251664,132,24783,1632,61618,1531,248344,1762,309962,California
Kern,2021-05-19,3829,538884,2388,260996,1314,252978,127,24910,1849,61624,1967,250311,1973,311935,California
Kern,2021-05-20,3098,541982,1685,262681,1271,254249,142,25052,1433,61553,1644,251955,1573,313508,California
Kern,2021-05-21,3627,545609,2196,264877,1296,255545,135,25187,1854,61793,1749,253704,1989,315497,California
Kern,2021-05-22,2944,548553,2292,267169,604,256149,48,25235,1417,61741,1515,255219,1463,316960,California
Kern,2021-05-23,1258,549811,1065,268234,167,256316,26,25261,668,61852,583,255802,694,317654,California
Kern,2021-05-24,1850,551661,784,269018,953,257269,113,25374,875,61870,969,256771,987,318641,California
Kern,2021-05-25,2393,554054,1105,270123,1201,258470,87,25461,1126,61830,1253,258024,1213,319854,California
Kern,2021-05-26,2770,556824,1595,271718,1071,259541,104,25565,1196,61569,1559,259583,1298,321152,California
Kern,2021-05-27,2335,559159,1168,272886,1064,260605,103,25668,1203,61764,1110,260693,1305,322457,California
Kern,2021-05-28,2723,561882,1385,274271,1227,261832,111,25779,1271,61704,1440,262133,1380,323837,California
Kern,2021-05-29,1896,563778,1259,275530,591,262423,46,25825,931,61730,951,263084,977,324814,California
Kern,2021-05-30,859,564637,703,276233,137,262560,19,25844,438,61772,414,263498,456,325270,California
Kern,2021-05-31,130,564767,40,276273,79,262639,11,25855,44,61743,83,263581,54,325324,California
Kern,2021-06-01,2285,567052,950,277223,1266,263905,69,25924,1002,61547,1267,264848,1071,326395,California
Kern,2021-06-02,2237,569289,1293,278516,839,264744,105,26029,945,61316,1281,266129,1050,327445,California
Kern,2021-06-03,2351,571640,1317,279833,882,265626,152,26181,872,60871,1468,267597,1023,328468,California
Kern,2021-06-04,2864,574504,1909,281742,846,266472,109,26290,886,59903,1960,269557,992,329460,California
Kern,2021-06-05,2526,577030,2043,283785,450,266922,33,26323,808,59035,1709,271266,841,330301,California
Kern,2021-06-06,1211,578241,1106,284891,82,267004,23,26346,431,58713,776,272042,454,330755,California
Kern,2021-06-07,1790,580031,1117,286008,583,267587,90,26436,676,58376,1101,273143,764,331519,California
Kern,2021-06-08,2114,582145,1227,287235,816,268403,71,26507,675,57700,1421,274564,745,332264,California
Kern,2021-06-09,2587,584732,1818,289053,684,269087,85,26592,806,56822,1768,276332,890,333154,California
Kern,2021-06-10,2208,586940,1372,290425,742,269829,94,26686,779,56276,1418,277750,872,334026,California
Kern,2021-06-11,2567,589507,1696,292121,795,270624,76,26762,952,55700,1604,279354,1028,335054,California
Kern,2021-06-12,1702,591209,1249,293370,407,271031,46,26808,501,55049,1198,280552,547,335601,California
Kern,2021-06-13,905,592114,787,294157,109,271140,9,26817,259,54675,642,281194,268,335869,California
Kern,2021-06-14,910,593024,511,294668,358,271498,41,26858,267,54345,636,281830,306,336175,California
Kings,2020-12-16,1,1,1,1,0,0,0,0,1,1,0,0,1,1,California
Kings,2020-12-17,8,9,8,9,0,0,0,0,8,9,0,0,8,9,California
Kings,2020-12-18,12,21,12,21,0,0,0,0,12,21,0,0,12,21,California
Kings,2020-12-19,11,32,11,32,0,0,0,0,11,32,0,0,11,32,California
Kings,2020-12-20,13,45,13,45,0,0,0,0,13,45,0,0,13,45,California
Kings,2020-12-21,156,201,156,201,0,0,0,0,268,313,0,0,268,313,California
Kings,2020-12-22,143,344,143,344,0,0,0,0,140,453,0,0,140,453,California
Kings,2020-12-23,136,480,122,466,14,14,0,0,137,590,0,0,137,590,California
Kings,2020-12-24,11,491,9,475,2,16,0,0,11,601,0,0,11,601,California
Kings,2020-12-26,7,498,4,479,3,19,0,0,7,608,0,0,7,608,California
Kings,2020-12-27,4,502,4,483,0,19,0,0,4,612,0,0,4,612,California
Kings,2020-12-28,132,634,103,586,29,48,0,0,133,745,0,0,133,745,California
Kings,2020-12-29,82,716,54,640,28,76,0,0,83,828,0,0,83,828,California
Kings,2020-12-30,151,867,110,750,41,117,0,0,151,979,0,0,151,979,California
Kings,2020-12-31,47,914,5,755,42,159,0,0,47,1026,0,0,47,1026,California
Kings,2021-01-01,1,915,0,755,1,160,0,0,1,1027,0,0,1,1027,California
Kings,2021-01-02,11,926,10,765,1,161,0,0,11,1038,0,0,11,1038,California
Kings,2021-01-04,111,1037,41,806,70,231,0,0,111,1149,0,0,111,1149,California
Kings,2021-01-05,195,1232,40,846,155,386,0,0,195,1344,0,0,195,1344,California
Kings,2021-01-06,276,1508,179,1025,97,483,0,0,273,1614,3,3,273,1617,California
Kings,2021-01-07,181,1689,82,1107,99,582,0,0,173,1779,8,11,173,1790,California
Kings,2021-01-08,249,1938,56,1163,193,775,0,0,229,1988,20,31,229,2019,California
Kings,2021-01-09,63,2001,9,1172,54,829,0,0,55,2035,8,39,55,2074,California
Kings,2021-01-10,15,2016,3,1175,12,841,0,0,12,2044,3,42,12,2086,California
Kings,2021-01-11,516,2532,352,1527,164,1005,0,0,276,2081,240,282,277,2363,California
Kings,2021-01-12,347,2879,251,1778,96,1101,0,0,214,2165,130,412,214,2577,California
Kings,2021-01-13,421,3300,275,2053,146,1247,0,0,330,2404,91,503,330,2907,California
Kings,2021-01-14,211,3511,31,2084,180,1427,0,0,201,2585,21,524,202,3109,California
Kings,2021-01-15,420,3931,31,2115,389,1816,0,0,408,2981,12,536,408,3517,California
Kings,2021-01-16,28,3959,9,2124,19,1835,0,0,27,3007,1,537,27,3544,California
Kings,2021-01-17,10,3969,7,2131,3,1838,0,0,8,3013,2,539,8,3552,California
Kings,2021-01-18,173,4142,40,2171,133,1971,0,0,147,3134,26,565,147,3699,California
Kings,2021-01-19,382,4524,161,2332,221,2192,0,0,253,3258,129,694,253,3952,California
Kings,2021-01-20,236,4760,146,2478,90,2282,0,0,125,3277,106,800,125,4077,California
Kings,2021-01-21,212,4972,56,2534,156,2438,0,0,196,3455,18,818,196,4273,California
Kings,2021-01-22,110,5082,21,2555,89,2527,0,0,109,3559,5,823,109,4382,California
Kings,2021-01-23,27,5109,14,2569,13,2540,0,0,20,3572,7,830,20,4402,California
Kings,2021-01-24,4,5113,4,2573,0,2540,0,0,2,3572,2,832,2,4404,California
Kings,2021-01-25,133,5246,27,2600,106,2646,0,0,97,3633,36,868,97,4501,California
Kings,2021-01-26,154,5400,34,2634,120,2766,0,0,113,3705,41,909,113,4614,California
Kings,2021-01-27,329,5729,36,2670,293,3059,0,0,253,3883,75,984,253,4867,California
Kings,2021-01-28,336,6065,45,2715,291,3350,0,0,278,4103,58,1042,278,5145,California
Kings,2021-01-29,110,6175,26,2741,84,3434,0,0,93,4179,17,1059,93,5238,California
Kings,2021-01-30,1563,7738,25,2766,1538,4972,0,0,1560,5738,3,1062,1562,6800,California
Kings,2021-02-01,220,7958,65,2831,155,5127,0,0,91,5702,127,1189,91,6891,California
Kings,2021-02-02,246,8204,16,2847,230,5357,0,0,95,5647,150,1339,95,6986,California
Kings,2021-02-03,403,8607,193,3040,210,5567,0,0,246,5737,156,1495,246,7232,California
Kings,2021-02-04,424,9031,98,3138,326,5893,0,0,227,5768,196,1691,227,7459,California
Kings,2021-02-05,337,9368,55,3193,282,6175,0,0,176,5785,159,1850,176,7635,California
Kings,2021-02-06,61,9429,10,3203,51,6226,0,0,28,5780,33,1883,28,7663,California
Kings,2021-02-07,5,9434,3,3206,2,6228,0,0,3,5781,2,1885,3,7666,California
Kings,2021-02-08,173,9607,29,3235,144,6372,0,0,66,5740,107,1992,66,7732,California
Kings,2021-02-09,255,9862,57,3292,198,6570,0,0,111,5709,142,2134,111,7843,California
Kings,2021-02-10,376,10238,112,3404,264,6834,0,0,259,5851,117,2251,259,8102,California
Kings,2021-02-11,480,10718,66,3470,414,7248,0,0,362,6096,117,2368,362,8464,California
Kings,2021-02-12,635,11353,40,3510,595,7843,0,0,354,6170,280,2648,354,8818,California
Kings,2021-02-13,201,11554,7,3517,194,8037,0,0,174,6317,27,2675,174,8992,California
Kings,2021-02-14,103,11657,4,3521,99,8136,0,0,95,6404,8,2683,95,9087,California
Kings,2021-02-15,251,11908,5,3526,246,8382,0,0,138,6430,112,2795,138,9225,California
Kings,2021-02-16,557,12465,36,3562,521,8903,0,0,320,6514,236,3031,320,9545,California
Kings,2021-02-17,439,12904,26,3588,413,9316,0,0,301,6679,138,3169,303,9848,California
Kings,2021-02-18,238,13142,22,3610,216,9532,0,0,180,6801,58,3227,180,10028,California
Kings,2021-02-19,176,13318,25,3635,151,9683,0,0,120,6868,53,3280,120,10148,California
Kings,2021-02-20,168,13486,34,3669,134,9817,0,0,136,6972,32,3312,136,10284,California
Kings,2021-02-21,2,13488,1,3670,1,9818,0,0,2,6974,0,3312,2,10286,California
Kings,2021-02-22,114,13602,18,3688,96,9914,0,0,48,6956,66,3378,48,10334,California
Kings,2021-02-23,429,14031,70,3758,359,10273,0,0,312,7151,117,3495,312,10646,California
Kings,2021-02-24,735,14766,155,3913,580,10853,0,0,521,7458,214,3709,521,11167,California
Kings,2021-02-25,764,15530,135,4048,629,11482,0,0,543,7782,219,3928,543,11710,California
Kings,2021-02-26,834,16364,138,4186,696,12178,0,0,762,8473,71,3999,762,12472,California
Kings,2021-02-27,1528,17892,65,4251,1463,13641,0,0,585,8116,942,4941,585,13057,California
Kings,2021-02-28,1172,19064,598,4849,574,14215,0,0,675,8297,494,5435,675,13732,California
Kings,2021-03-01,286,19350,89,4938,197,14412,0,0,221,8453,65,5500,221,13953,California
Kings,2021-03-02,588,19938,259,5197,329,14741,0,0,516,8897,72,5572,516,14469,California
Kings,2021-03-03,751,20689,326,5523,425,15166,0,0,527,9202,222,5794,527,14996,California
Kings,2021-03-04,824,21513,357,5880,467,15633,0,0,696,9770,128,5922,696,15692,California
Kings,2021-03-05,1178,22691,369,6249,800,16433,9,9,1034,10673,144,6066,1047,16739,California
Kings,2021-03-06,520,23211,189,6438,318,16751,13,22,490,11146,30,6096,503,17242,California
Kings,2021-03-07,361,23572,220,6658,137,16888,4,26,353,11495,8,6104,357,17599,California
Kings,2021-03-08,374,23946,97,6755,224,17112,53,79,263,11700,111,6215,316,17915,California
Kings,2021-03-09,605,24551,306,7061,244,17356,55,134,493,12138,111,6326,549,18464,California
Kings,2021-03-10,629,25180,156,7217,380,17736,93,227,438,12478,190,6516,530,18994,California
Kings,2021-03-11,1126,26306,373,7590,642,18378,111,338,694,12854,430,6946,806,19800,California
Kings,2021-03-12,1467,27773,457,8047,917,19295,93,431,994,13473,471,7417,1090,20890,California
Kings,2021-03-13,675,28448,328,8375,306,19601,41,472,551,13943,124,7541,594,21484,California
Kings,2021-03-14,678,29126,104,8479,185,19786,389,861,204,14062,474,8015,593,22077,California
Kings,2021-03-15,708,29834,267,8746,324,20110,117,978,467,14409,240,8255,587,22664,California
Kings,2021-03-16,1107,30941,469,9215,576,20686,62,1040,745,14855,362,8617,808,23472,California
Kings,2021-03-17,1117,32058,426,9641,629,21315,62,1102,788,15384,329,8946,858,24330,California
Kings,2021-03-18,1136,33194,477,10118,436,21751,223,1325,776,16026,359,9305,1001,25331,California
Kings,2021-03-19,973,34167,468,10586,420,22171,85,1410,736,16626,236,9541,836,26167,California
Kings,2021-03-20,645,34812,256,10842,358,22529,31,1441,467,16956,176,9717,506,26673,California
Kings,2021-03-21,1420,36232,1088,11930,319,22848,13,1454,862,17273,558,10275,875,27548,California
Kings,2021-03-22,451,36683,202,12132,163,23011,86,1540,274,17461,176,10451,364,27912,California
Kings,2021-03-23,973,37656,511,12643,399,23410,63,1603,557,17672,414,10865,625,28537,California
Kings,2021-03-24,985,38641,489,13132,472,23882,24,1627,510,17735,473,11338,536,29073,California
Kings,2021-03-25,991,39632,471,13603,491,24373,29,1656,451,17676,538,11876,479,29552,California
Kings,2021-03-26,1306,40938,382,13985,839,25212,85,1741,521,17501,780,12656,605,30157,California
Kings,2021-03-27,651,41589,264,14249,375,25587,12,1753,160,17184,489,13145,172,30329,California
Kings,2021-03-28,673,42262,602,14851,64,25651,7,1760,405,17341,268,13413,425,30754,California
Kings,2021-03-29,473,42735,215,15066,197,25848,61,1821,262,17454,209,13622,322,31076,California
Kings,2021-03-30,871,43606,480,15546,352,26200,39,1860,433,17488,437,14059,471,31547,California
Kings,2021-03-31,782,44388,380,15926,329,26529,73,1933,420,17627,354,14413,493,32040,California
Kings,2021-04-01,852,45240,452,16378,311,26840,89,2022,359,17588,487,14900,448,32488,California
Kings,2021-04-02,1045,46285,454,16832,467,27307,124,2146,392,17456,647,15547,515,33003,California
Kings,2021-04-03,494,46779,347,17179,138,27445,9,2155,171,17320,317,15864,181,33184,California
Kings,2021-04-04,158,46937,84,17263,68,27513,6,2161,42,17253,115,15979,48,33232,California
Kings,2021-04-05,1063,48000,330,17593,481,27994,252,2413,242,16927,820,16799,494,33726,California
Kings,2021-04-06,1211,49211,459,18052,442,28436,310,2723,284,16596,924,17723,593,34319,California
Kings,2021-04-07,1377,50588,658,18710,531,28967,188,2911,359,16128,1015,18738,547,34866,California
Kings,2021-04-08,1632,52220,637,19347,741,29708,254,3165,377,15510,1248,19986,630,35496,California
Kings,2021-04-09,1161,53381,543,19890,437,30145,181,3346,234,14996,925,20911,411,35907,California
Kings,2021-04-10,599,53980,332,20222,163,30308,104,3450,175,14853,422,21333,279,36186,California
Kings,2021-04-11,358,54338,74,20296,277,30585,7,3457,199,14902,157,21490,206,36392,California
Kings,2021-04-12,705,55043,311,20607,191,30776,203,3660,194,14790,509,21999,397,36789,California
Kings,2021-04-13,921,55964,528,21135,393,31169,0,3660,295,14466,624,22623,300,37089,California
Kings,2021-04-14,1054,57018,581,21716,473,31642,0,3660,382,14178,672,23295,384,37473,California
Kings,2021-04-15,1065,58083,525,22241,539,32181,1,3661,455,14027,609,23904,458,37931,California
Kings,2021-04-16,781,58864,364,22605,417,32598,0,3661,262,13773,518,24422,264,38195,California
Kings,2021-04-17,469,59333,254,22859,215,32813,0,3661,193,13692,274,24696,193,38388,California
Kings,2021-04-18,564,59897,241,23100,323,33136,0,3661,39,13206,525,25221,39,38427,California
Kings,2021-04-19,535,60432,297,23397,238,33374,0,3661,288,13249,245,25466,288,38715,California
Kings,2021-04-20,749,61181,455,23852,294,33668,0,3661,240,12981,508,25974,240,38955,California
Kings,2021-04-21,646,61827,307,24159,339,34007,0,3661,222,12787,416,26390,222,39177,California
Kings,2021-04-22,560,62387,280,24439,280,34287,0,3661,206,12643,351,26741,207,39384,California
Kings,2021-04-23,674,63061,290,24729,384,34671,0,3661,329,12631,341,27082,329,39713,California
Kings,2021-04-24,248,63309,180,24909,67,34738,1,3662,120,12625,127,27209,121,39834,California
Kings,2021-04-25,202,63511,182,25091,20,34758,0,3662,165,12753,37,27246,165,39999,California
Kings,2021-04-26,315,63826,169,25260,143,34901,3,3665,198,12838,116,27362,201,40200,California
Kings,2021-04-27,424,64250,187,25447,218,35119,19,3684,180,12795,242,27604,199,40399,California
Kings,2021-04-28,515,64765,257,25704,238,35357,20,3704,270,12840,245,27849,290,40689,California
Kings,2021-04-29,290,65055,111,25815,166,35523,13,3717,133,12832,154,28003,146,40835,California
Kings,2021-04-30,368,65423,163,25978,188,35711,17,3734,152,12789,212,28215,169,41004,California
Kings,2021-05-01,226,65649,164,26142,52,35763,10,3744,71,12716,154,28369,81,41085,California
Kings,2021-05-02,169,65818,147,26289,22,35785,0,3744,127,12801,42,28411,127,41212,California
Kings,2021-05-03,474,66292,253,26542,208,35993,13,3757,121,12583,352,28763,134,41346,California
Kings,2021-05-04,520,66812,263,26805,237,36230,20,3777,159,12402,360,29123,179,41525,California
Kings,2021-05-05,551,67363,285,27090,246,36476,20,3797,135,12142,415,29538,155,41680,California
Kings,2021-05-06,550,67913,270,27360,257,36733,23,3820,124,11865,424,29962,147,41827,California
Kings,2021-05-07,364,68277,211,27571,137,36870,16,3836,145,11809,217,30179,161,41988,California
Kings,2021-05-08,232,68509,166,27737,54,36924,12,3848,73,11735,158,30337,84,42072,California
Kings,2021-05-09,191,68700,61,27798,130,37054,0,3848,40,11624,151,30488,40,42112,California
Kings,2021-05-10,340,69040,263,28061,67,37121,10,3858,115,11524,224,30712,124,42236,California
Kings,2021-05-11,387,69427,238,28299,119,37240,30,3888,120,11408,267,30979,151,42387,California
Kings,2021-05-12,398,69825,163,28462,221,37461,14,3902,170,11366,226,31205,184,42571,California
Kings,2021-05-13,393,70218,145,28607,240,37701,8,3910,155,11291,238,31443,163,42734,California
Kings,2021-05-14,463,70681,314,28921,118,37819,31,3941,241,11342,221,31664,272,43006,California
Kings,2021-05-15,354,71035,251,29172,84,37903,19,3960,196,11399,158,31822,215,43221,California
Kings,2021-05-16,248,71283,222,29394,25,37928,1,3961,76,11304,172,31994,77,43298,California
Kings,2021-05-17,404,71687,321,29715,66,37994,17,3978,215,11348,188,32182,232,43530,California
Kings,2021-05-18,396,72083,277,29992,106,38100,13,3991,226,11418,170,32352,240,43770,California
Kings,2021-05-19,576,72659,282,30274,270,38370,24,4015,229,11326,345,32697,253,44023,California
Kings,2021-05-20,447,73106,234,30508,186,38556,27,4042,266,11439,181,32878,294,44317,California
Kings,2021-05-21,518,73624,263,30771,245,38801,10,4052,265,11465,249,33127,275,44592,California
Kings,2021-05-22,304,73928,245,31016,47,38848,12,4064,217,11609,85,33212,229,44821,California
Kings,2021-05-23,233,74161,224,31240,9,38857,0,4064,109,11594,124,33336,109,44930,California
Kings,2021-05-24,249,74410,165,31405,70,38927,14,4078,119,11597,130,33466,133,45063,California
Kings,2021-05-25,406,74816,267,31672,106,39033,33,4111,239,11704,165,33631,272,45335,California
Kings,2021-05-26,304,75120,125,31797,162,39195,17,4128,129,11676,174,33805,146,45481,California
Kings,2021-05-27,328,75448,178,31975,132,39327,18,4146,179,11727,146,33951,197,45678,California
Kings,2021-05-28,286,75734,139,32114,130,39457,17,4163,139,11739,144,34095,156,45834,California
Kings,2021-05-29,172,75906,99,32213,62,39519,11,4174,91,11761,80,34175,102,45936,California
Kings,2021-05-30,131,76037,114,32327,15,39534,2,4176,71,11774,60,34235,73,46009,California
Kings,2021-05-31,42,76079,23,32350,16,39550,3,4179,15,11765,27,34262,18,46027,California
Kings,2021-06-01,316,76395,188,32538,112,39662,16,4195,121,11710,191,34453,136,46163,California
Kings,2021-06-02,271,76666,124,32662,140,39802,7,4202,85,11618,184,34637,92,46255,California
Kings,2021-06-03,228,76894,126,32788,91,39893,11,4213,86,11580,135,34772,97,46352,California
Kings,2021-06-04,425,77319,281,33069,131,40024,13,4226,159,11490,262,35034,172,46524,California
Kings,2021-06-05,252,77571,220,33289,26,40050,6,4232,63,11383,176,35210,69,46593,California
Kings,2021-06-06,161,77732,153,33442,3,40053,5,4237,80,11391,77,35287,85,46678,California
Kings,2021-06-07,290,78022,220,33662,57,40110,13,4250,94,11302,196,35483,107,46785,California
Kings,2021-06-08,312,78334,240,33902,52,40162,20,4270,86,11183,225,35708,106,46891,California
Kings,2021-06-09,393,78727,263,34165,121,40283,9,4279,112,11026,278,35986,121,47012,California
Kings,2021-06-10,340,79067,220,34385,107,40390,13,4292,81,10862,258,36244,94,47106,California
Kings,2021-06-11,343,79410,252,34637,87,40477,4,4296,131,10789,208,36452,135,47241,California
Kings,2021-06-12,266,79676,218,34855,44,40521,4,4300,68,10679,182,36634,72,47313,California
Kings,2021-06-13,124,79800,115,34970,8,40529,1,4301,33,10623,90,36724,34,47347,California
Kings,2021-06-14,151,79951,105,35075,34,40563,12,4313,62,10608,89,36813,74,47421,California
Lake,2020-12-17,4,4,4,4,0,0,0,0,4,4,0,0,4,4,California
Lake,2020-12-18,49,53,49,53,0,0,0,0,49,53,0,0,49,53,California
Lake,2020-12-19,3,56,3,56,0,0,0,0,3,56,0,0,3,56,California
Lake,2020-12-20,6,62,6,62,0,0,0,0,6,62,0,0,6,62,California
Lake,2020-12-21,87,149,87,149,0,0,0,0,87,149,0,0,87,149,California
Lake,2020-12-22,63,212,60,209,3,3,0,0,63,212,0,0,63,212,California
Lake,2020-12-23,125,337,116,325,9,12,0,0,125,337,0,0,125,337,California
Lake,2020-12-24,2,339,0,325,2,14,0,0,2,339,0,0,2,339,California
Lake,2020-12-26,2,341,2,327,0,14,0,0,2,341,0,0,2,341,California
Lake,2020-12-27,2,343,2,329,0,14,0,0,2,343,0,0,2,343,California
Lake,2020-12-28,53,396,44,373,9,23,0,0,53,396,0,0,53,396,California
Lake,2020-12-29,53,449,48,421,5,28,0,0,53,449,0,0,53,449,California
Lake,2020-12-30,131,580,124,545,7,35,0,0,131,580,0,0,131,580,California
Lake,2020-12-31,67,647,64,609,3,38,0,0,67,647,0,0,67,647,California
Lake,2021-01-01,1,648,0,609,1,39,0,0,1,648,0,0,1,648,California
Lake,2021-01-02,2,650,1,610,1,40,0,0,2,650,0,0,2,650,California
Lake,2021-01-04,91,741,21,631,70,110,0,0,91,741,0,0,91,741,California
Lake,2021-01-05,120,861,59,690,61,171,0,0,118,857,2,2,118,859,California
Lake,2021-01-06,103,964,64,754,39,210,0,0,101,956,2,4,101,960,California
Lake,2021-01-07,109,1073,85,839,24,234,0,0,100,1047,9,13,100,1060,California
Lake,2021-01-08,163,1236,134,973,29,263,0,0,112,1108,51,64,112,1172,California
Lake,2021-01-09,63,1299,61,1034,2,265,0,0,59,1163,4,68,59,1231,California
Lake,2021-01-10,3,1302,3,1037,0,265,0,0,0,1160,3,71,0,1231,California
Lake,2021-01-11,188,1490,148,1185,40,305,0,0,110,1192,78,149,110,1341,California
Lake,2021-01-12,82,1572,49,1234,33,338,0,0,58,1226,24,173,58,1399,California
Lake,2021-01-13,171,1743,116,1350,55,393,0,0,110,1275,61,234,110,1509,California
Lake,2021-01-14,147,1890,48,1398,99,492,0,0,125,1378,22,256,125,1634,California
Lake,2021-01-15,218,2108,95,1493,123,615,0,0,189,1539,29,285,190,1824,California
Lake,2021-01-16,133,2241,82,1575,51,666,0,0,131,1668,2,287,131,1955,California
Lake,2021-01-17,15,2256,6,1581,9,675,0,0,9,1671,6,293,9,1964,California
Lake,2021-01-18,245,2501,229,1810,16,691,0,0,122,1670,123,416,122,2086,California
Lake,2021-01-19,317,2818,121,1931,196,887,0,0,269,1892,48,464,270,2356,California
Lake,2021-01-20,425,3243,82,2013,343,1230,0,0,360,2188,64,528,360,2716,California
Lake,2021-01-21,439,3682,48,2061,391,1621,0,0,403,2555,36,564,403,3119,California
Lake,2021-01-22,321,4003,48,2109,273,1894,0,0,285,2804,36,600,285,3404,California
Lake,2021-01-23,123,4126,6,2115,117,2011,0,0,122,2925,1,601,122,3526,California
Lake,2021-01-24,5,4131,2,2117,3,2014,0,0,5,2930,0,601,5,3531,California
Lake,2021-01-25,256,4387,93,2210,163,2177,0,0,174,3022,82,683,174,3705,California
Lake,2021-01-26,430,4817,33,2243,397,2574,0,0,406,3404,24,707,406,4111,California
Lake,2021-01-27,362,5179,40,2283,322,2896,0,0,335,3713,27,734,336,4447,California
Lake,2021-01-28,494,5673,159,2442,335,3231,0,0,365,3949,129,863,365,4812,California
Lake,2021-01-29,659,6332,108,2550,551,3782,0,0,576,4442,83,946,576,5388,California
Lake,2021-01-30,555,6887,39,2589,516,4298,0,0,549,4985,6,952,549,5937,California
Lake,2021-01-31,13,6900,8,2597,5,4303,0,0,11,4994,2,954,11,5948,California
Lake,2021-02-01,176,7076,14,2611,162,4465,0,0,162,5142,14,968,162,6110,California
Lake,2021-02-02,560,7636,151,2762,409,4874,0,0,394,5370,166,1134,394,6504,California
Lake,2021-02-03,443,8079,32,2794,411,5285,0,0,337,5601,106,1240,337,6841,California
Lake,2021-02-04,121,8200,70,2864,51,5336,0,0,71,5622,50,1290,71,6912,California
Lake,2021-02-05,382,8582,71,2935,311,5647,0,0,289,5820,91,1381,289,7201,California
Lake,2021-02-06,275,8857,39,2974,236,5883,0,0,264,6073,11,1392,264,7465,California
Lake,2021-02-07,3,8860,2,2976,1,5884,0,0,3,6076,0,1392,3,7468,California
Lake,2021-02-08,276,9136,206,3182,70,5954,0,0,158,6116,118,1510,158,7626,California
Lake,2021-02-09,344,9480,23,3205,321,6275,0,0,300,6373,43,1553,300,7926,California
Lake,2021-02-10,350,9830,50,3255,300,6575,0,0,270,6563,80,1633,270,8196,California
Lake,2021-02-11,174,10004,18,3273,156,6731,0,0,57,6503,117,1750,57,8253,California
Lake,2021-02-12,371,10375,28,3301,343,7074,0,0,285,6703,85,1835,285,8538,California
Lake,2021-02-13,252,10627,9,3310,243,7317,0,0,242,6935,10,1845,242,8780,California
Lake,2021-02-14,16,10643,4,3314,12,7329,0,0,5,6929,11,1856,5,8785,California
Lake,2021-02-15,164,10807,8,3322,156,7485,0,0,8,6782,155,2011,8,8793,California
Lake,2021-02-16,425,11232,22,3344,403,7888,0,0,178,6713,247,2258,178,8971,California
Lake,2021-02-17,348,11580,53,3397,295,8183,0,0,69,6504,278,2536,69,9040,California
Lake,2021-02-18,458,12038,71,3468,387,8570,0,0,113,6272,345,2881,113,9153,California
Lake,2021-02-19,426,12464,25,3493,401,8971,0,0,90,6026,336,3217,90,9243,California
Lake,2021-02-20,290,12754,57,3550,233,9204,0,0,251,6239,38,3255,251,9494,California
Lake,2021-02-21,6,12760,6,3556,0,9204,0,0,0,6233,6,3261,0,9494,California
Lake,2021-02-22,133,12893,16,3572,117,9321,0,0,39,6178,94,3355,39,9533,California
Lake,2021-02-23,215,13108,16,3588,199,9520,0,0,29,6021,186,3541,29,9562,California
Lake,2021-02-24,1011,14119,430,4018,581,10101,0,0,470,5951,540,4081,470,10032,California
Lake,2021-02-25,731,14850,468,4486,263,10364,0,0,472,6167,256,4337,472,10504,California
Lake,2021-02-26,994,15844,303,4789,691,11055,0,0,348,5872,643,4980,348,10852,California
Lake,2021-02-27,408,16252,97,4886,311,11366,0,0,327,6118,81,5061,327,11179,California
Lake,2021-02-28,17,16269,10,4896,7,11373,0,0,11,6123,6,5067,11,11190,California
Lake,2021-03-01,596,16865,54,4950,542,11915,0,0,444,6415,152,5219,444,11634,California
Lake,2021-03-02,743,17608,18,4968,725,12640,0,0,288,6249,454,5673,288,11922,California
Lake,2021-03-03,365,17973,193,5161,172,12812,0,0,146,6176,219,5892,146,12068,California
Lake,2021-03-04,578,18551,506,5667,72,12884,0,0,561,6720,17,5909,561,12629,California
Lake,2021-03-05,1053,19604,52,5719,1001,13885,0,0,188,6047,861,6770,188,12817,California
Lake,2021-03-06,36,19640,10,5729,25,13910,1,1,22,6056,14,6784,23,12840,California
Lake,2021-03-07,6,19646,4,5733,2,13912,0,1,4,6058,2,6786,4,12844,California
Lake,2021-03-08,339,19985,267,6000,63,13975,9,10,299,6326,40,6826,308,13152,California
Lake,2021-03-09,928,20913,42,6042,868,14843,18,28,404,6225,523,7349,422,13574,California
Lake,2021-03-10,200,21113,56,6098,131,14974,13,41,134,6307,66,7415,148,13722,California
Lake,2021-03-11,588,21701,48,6146,62,15036,478,519,48,6293,540,7955,526,14248,California
Lake,2021-03-12,856,22557,204,6350,626,15662,26,545,364,6192,491,8446,390,14638,California
Lake,2021-03-13,279,22836,21,6371,22,15684,236,781,17,6183,261,8707,252,14890,California
Lake,2021-03-14,11,22847,2,6373,9,15693,0,781,7,6186,4,8711,7,14897,California
Lake,2021-03-15,640,23487,9,6382,613,16306,18,799,480,6524,160,8871,498,15395,California
Lake,2021-03-16,1121,24608,839,7221,265,16571,17,816,401,6225,716,9587,417,15812,California
Lake,2021-03-17,243,24851,119,7340,102,16673,22,838,89,6182,154,9741,111,15923,California
Lake,2021-03-18,747,25598,375,7715,336,17009,36,874,370,6213,374,10115,405,16328,California
Lake,2021-03-19,583,26181,313,8028,249,17258,21,895,479,6610,103,10218,500,16828,California
Lake,2021-03-20,249,26430,8,8036,238,17496,3,898,31,6428,216,10434,34,16862,California
Lake,2021-03-21,16,26446,11,8047,4,17500,1,899,11,6435,5,10439,12,16874,California
Lake,2021-03-22,339,26785,257,8304,67,17567,15,914,251,6613,88,10527,266,17140,California
Lake,2021-03-23,435,27220,23,8327,399,17966,13,927,368,6928,66,10593,381,17521,California
Lake,2021-03-24,422,27642,59,8386,355,18321,8,935,328,7172,93,10686,337,17858,California
Lake,2021-03-25,670,28312,481,8867,184,18505,5,940,173,6852,497,11183,177,18035,California
Lake,2021-03-26,67,28379,32,8899,34,18539,1,941,31,6848,36,11219,32,18067,California
Lake,2021-03-27,307,28686,7,8906,297,18836,3,944,16,6578,289,11508,19,18086,California
Lake,2021-03-28,15,28701,7,8913,8,18844,0,944,8,6579,7,11515,8,18094,California
Lake,2021-03-29,989,29690,287,9200,700,19544,2,946,205,6004,782,12297,207,18301,California
Lake,2021-03-30,467,30157,318,9518,147,19691,2,948,371,6282,95,12392,373,18674,California
Lake,2021-03-31,619,30776,59,9577,560,20251,0,948,435,6542,175,12567,435,19109,California
Lake,2021-04-01,451,31227,237,9814,202,20453,12,960,188,6483,259,12826,200,19309,California
Lake,2021-04-02,223,31450,39,9853,156,20609,28,988,95,6478,128,12954,123,19432,California
Lake,2021-04-03,32,31482,5,9858,24,20633,3,991,12,6473,20,12974,15,19447,California
Lake,2021-04-04,19,31501,11,9869,7,20640,1,992,15,6485,4,12978,16,19463,California
Lake,2021-04-05,646,32147,70,9939,556,21196,20,1012,407,6675,236,13214,426,19889,California
Lake,2021-04-06,478,32625,17,9956,435,21631,26,1038,307,6838,170,13384,333,20222,California
Lake,2021-04-07,522,33147,56,10012,415,22046,51,1089,352,7073,168,13552,403,20625,California
Lake,2021-04-08,607,33754,494,10506,47,22093,66,1155,103,6741,501,14053,169,20794,California
Lake,2021-04-09,279,34033,39,10545,172,22265,68,1223,47,6626,229,14282,114,20908,California
Lake,2021-04-10,254,34287,13,10558,14,22279,227,1450,9,6617,245,14527,236,21144,California
Lake,2021-04-11,22,34309,17,10575,3,22282,2,1452,7,6611,15,14542,9,21153,California
Lake,2021-04-12,1084,35393,234,10809,816,23098,34,1486,246,6055,837,15379,281,21434,California
Lake,2021-04-13,180,35573,109,10918,71,23169,0,1486,52,5979,128,15507,52,21486,California
Lake,2021-04-14,615,36188,35,10953,580,23749,0,1486,552,6468,63,15570,552,22038,California
Lake,2021-04-15,642,36830,192,11145,450,24199,0,1486,329,6485,313,15883,330,22368,California
Lake,2021-04-16,263,37093,25,11170,238,24437,0,1486,69,6361,193,16076,69,22437,California
Lake,2021-04-17,42,37135,11,11181,31,24468,0,1486,31,6381,11,16087,31,22468,California
Lake,2021-04-18,7,37142,4,11185,3,24471,0,1486,0,6374,7,16094,0,22468,California
Lake,2021-04-19,301,37443,40,11225,261,24732,0,1486,250,6573,51,16145,250,22718,California
Lake,2021-04-20,699,38142,281,11506,418,25150,0,1486,92,6060,606,16751,93,22811,California
Lake,2021-04-21,531,38673,61,11567,470,25620,0,1486,196,5921,335,17086,196,23007,California
Lake,2021-04-22,462,39135,46,11613,416,26036,0,1486,317,6094,144,17230,317,23324,California
Lake,2021-04-23,116,39251,58,11671,58,26094,0,1486,69,6117,46,17276,69,23393,California
Lake,2021-04-24,53,39304,8,11679,45,26139,0,1486,39,6142,14,17290,39,23432,California
Lake,2021-04-25,36,39340,19,11698,17,26156,0,1486,24,6154,12,17302,24,23456,California
Lake,2021-04-26,292,39632,81,11779,210,26366,1,1487,87,6037,205,17507,88,23544,California
Lake,2021-04-27,248,39880,22,11801,208,26574,18,1505,85,5977,163,17670,103,23647,California
Lake,2021-04-28,512,40392,48,11849,449,27023,15,1520,91,5663,419,18089,105,23752,California
Lake,2021-04-29,208,40600,81,11930,111,27134,16,1536,110,5690,98,18187,125,23877,California
Lake,2021-04-30,286,40886,43,11973,212,27346,31,1567,147,5729,139,18326,178,24055,California
Lake,2021-05-01,50,40936,28,12001,20,27366,2,1569,35,5752,14,18340,37,24092,California
Lake,2021-05-02,18,40954,9,12010,8,27374,1,1570,9,5753,9,18349,10,24102,California
Lake,2021-05-03,416,41370,28,12038,353,27727,35,1605,65,5503,350,18699,100,24202,California
Lake,2021-05-04,404,41774,216,12254,140,27867,48,1653,124,5396,279,18978,172,24374,California
Lake,2021-05-05,630,42404,44,12298,573,28440,13,1666,86,4953,541,19519,98,24472,California
Lake,2021-05-06,141,42545,19,12317,93,28533,29,1695,72,4984,69,19588,100,24572,California
Lake,2021-05-07,163,42708,27,12344,116,28649,20,1715,105,5053,56,19644,125,24697,California
Lake,2021-05-08,43,42751,7,12351,36,28685,0,1715,36,5082,7,19651,36,24733,California
Lake,2021-05-09,17,42768,2,12353,10,28695,5,1720,10,5090,7,19658,15,24748,California
Lake,2021-05-10,245,43013,11,12364,207,28902,27,1747,58,4989,186,19844,85,24833,California
Lake,2021-05-11,193,43206,25,12389,151,29053,17,1764,115,5044,78,19922,133,24966,California
Lake,2021-05-12,540,43746,32,12421,488,29541,20,1784,55,4633,485,20407,74,25040,California
Lake,2021-05-13,313,44059,66,12487,233,29774,14,1798,73,4482,238,20645,87,25127,California
Lake,2021-05-14,265,44324,81,12568,165,29939,19,1817,161,4559,102,20747,179,25306,California
Lake,2021-05-15,42,44366,16,12584,23,29962,3,1820,26,4572,16,20763,29,25335,California
Lake,2021-05-16,31,44397,18,12602,12,29974,1,1821,17,4576,14,20777,18,25353,California
Lake,2021-05-17,315,44712,41,12643,259,30233,15,1836,84,4447,228,21005,99,25452,California
Lake,2021-05-18,302,45014,65,12708,218,30451,19,1855,175,4515,126,21131,194,25646,California
Lake,2021-05-19,312,45326,57,12765,240,30691,15,1870,88,4395,223,21354,103,25749,California
Lake,2021-05-20,236,45562,60,12825,165,30856,11,1881,93,4356,143,21497,104,25853,California
Lake,2021-05-21,271,45833,50,12875,198,31054,23,1904,112,4334,157,21654,135,25988,California
Lake,2021-05-22,92,45925,51,12926,38,31092,3,1907,43,4331,49,21703,46,26034,California
Lake,2021-05-23,57,45982,28,12954,28,31120,1,1908,29,4333,28,21731,30,26064,California
Lake,2021-05-24,155,46137,35,12989,106,31226,14,1922,70,4332,85,21816,84,26148,California
Lake,2021-05-25,204,46341,55,13044,137,31363,12,1934,73,4287,130,21946,85,26233,California
Lake,2021-05-26,150,46491,44,13088,95,31458,11,1945,54,4258,94,22040,65,26298,California
Lake,2021-05-27,174,46665,47,13135,113,31571,14,1959,60,4219,113,22153,74,26372,California
Lake,2021-05-28,223,46888,20,13155,164,31735,39,1998,49,4135,171,22324,87,26459,California
Lake,2021-05-29,37,46925,10,13165,21,31756,6,2004,14,4132,23,22347,20,26479,California
Lake,2021-05-30,22,46947,6,13171,14,31770,2,2006,12,4136,10,22357,14,26493,California
Lake,2021-05-31,63,47010,21,13192,40,31810,2,2008,53,4181,10,22367,55,26548,California
Lake,2021-06-01,197,47207,37,13229,151,31961,9,2017,68,4130,128,22495,77,26625,California
Lake,2021-06-02,132,47339,45,13274,75,32036,12,2029,54,4118,78,22573,66,26691,California
Lake,2021-06-03,179,47518,55,13329,106,32142,18,2047,79,4115,100,22673,97,26788,California
Lake,2021-06-04,180,47698,51,13380,114,32256,15,2062,45,4042,133,22806,60,26848,California
Lake,2021-06-05,91,47789,56,13436,27,32283,8,2070,55,4069,36,22842,63,26911,California
Lake,2021-06-06,67,47856,37,13473,30,32313,0,2070,23,4048,44,22886,23,26934,California
Lake,2021-06-07,88,47944,29,13502,51,32364,8,2078,30,4029,57,22943,38,26972,California
Lake,2021-06-08,180,48124,67,13569,101,32465,12,2090,67,3995,113,23056,79,27051,California
Lake,2021-06-09,171,48295,45,13614,122,32587,4,2094,37,3904,132,23188,41,27092,California
Lake,2021-06-10,117,48412,58,13672,48,32635,11,2105,45,3888,72,23260,56,27148,California
Lake,2021-06-11,190,48602,61,13733,108,32743,21,2126,42,3805,146,23406,63,27211,California
Lake,2021-06-12,61,48663,36,13769,21,32764,4,2130,31,3810,30,23436,35,27246,California
Lake,2021-06-13,25,48688,12,13781,13,32777,0,2130,10,3805,15,23451,10,27256,California
Lake,2021-06-14,54,48742,5,13786,38,32815,11,2141,15,3792,39,23490,26,27282,California
Lassen,2020-12-16,4,4,4,4,0,0,0,0,4,4,0,0,4,4,California
Lassen,2020-12-17,1,5,1,5,0,0,0,0,1,5,0,0,1,5,California
Lassen,2020-12-18,1,6,1,6,0,0,0,0,1,6,0,0,1,6,California
Lassen,2020-12-19,5,11,5,11,0,0,0,0,5,11,0,0,5,11,California
Lassen,2020-12-20,2,13,2,13,0,0,0,0,2,13,0,0,2,13,California
Lassen,2020-12-21,11,24,11,24,0,0,0,0,11,24,0,0,11,24,California
Lassen,2020-12-22,20,44,20,44,0,0,0,0,20,44,0,0,20,44,California
Lassen,2020-12-23,5,49,5,49,0,0,0,0,5,49,0,0,5,49,California
Lassen,2020-12-24,5,54,5,54,0,0,0,0,5,54,0,0,5,54,California
Lassen,2020-12-28,3,57,2,56,1,1,0,0,3,57,0,0,3,57,California
Lassen,2020-12-29,34,91,34,90,0,1,0,0,34,91,0,0,34,91,California
Lassen,2020-12-30,28,119,27,117,1,2,0,0,28,119,0,0,28,119,California
Lassen,2020-12-31,49,168,42,159,7,9,0,0,49,168,0,0,49,168,California
Lassen,2021-01-02,1,169,0,159,1,10,0,0,1,169,0,0,1,169,California
Lassen,2021-01-04,14,183,2,161,12,22,0,0,14,183,0,0,14,183,California
Lassen,2021-01-05,189,372,51,212,138,160,0,0,189,372,0,0,189,372,California
Lassen,2021-01-06,89,461,38,250,51,211,0,0,84,452,5,5,85,457,California
Lassen,2021-01-07,38,499,2,252,36,247,0,0,37,488,1,6,37,494,California
Lassen,2021-01-08,49,548,2,254,47,294,0,0,49,537,0,6,49,543,California
Lassen,2021-01-09,12,560,6,260,6,300,0,0,12,549,0,6,12,555,California
Lassen,2021-01-11,27,587,5,265,22,322,0,0,27,576,0,6,27,582,California
Lassen,2021-01-12,46,633,26,291,20,342,0,0,29,588,17,23,29,611,California
Lassen,2021-01-13,159,792,16,307,143,485,0,0,146,721,13,36,146,757,California
Lassen,2021-01-14,154,946,12,319,142,627,0,0,147,861,7,43,147,904,California
Lassen,2021-01-15,22,968,3,322,19,646,0,0,22,883,0,43,22,926,California
Lassen,2021-01-16,34,1002,33,355,1,647,0,0,34,917,0,43,34,960,California
Lassen,2021-01-17,1,1003,0,355,1,648,0,0,1,918,0,43,1,961,California
Lassen,2021-01-18,4,1007,2,357,2,650,0,0,3,920,1,44,3,964,California
Lassen,2021-01-19,182,1189,34,391,148,798,0,0,154,1046,28,72,154,1118,California
Lassen,2021-01-20,161,1350,90,481,71,869,0,0,86,1072,60,132,86,1204,California
Lassen,2021-01-21,133,1483,88,569,45,914,0,0,109,1163,18,150,109,1313,California
Lassen,2021-01-22,28,1511,15,584,13,927,0,0,18,1171,10,160,18,1331,California
Lassen,2021-01-24,1,1512,0,584,1,928,0,0,1,1172,0,160,1,1332,California
Lassen,2021-01-25,10,1522,1,585,9,937,0,0,9,1180,1,161,9,1341,California
Lassen,2021-01-26,112,1634,3,588,109,1046,0,0,110,1288,2,163,110,1451,California
Lassen,2021-01-27,64,1698,19,607,45,1091,0,0,49,1322,15,178,49,1500,California
Lassen,2021-01-28,78,1776,11,618,67,1158,0,0,77,1398,1,179,77,1577,California
Lassen,2021-01-29,15,1791,3,621,12,1170,0,0,14,1411,1,180,14,1591,California
Lassen,2021-02-01,48,1839,2,623,46,1216,0,0,25,1413,23,203,25,1616,California
Lassen,2021-02-02,165,2004,6,629,159,1375,0,0,34,1316,131,334,34,1650,California
Lassen,2021-02-03,89,2093,17,646,72,1447,0,0,45,1317,44,378,45,1695,California
Lassen,2021-02-04,102,2195,8,654,94,1541,0,0,54,1323,48,426,54,1749,California
Lassen,2021-02-05,53,2248,6,660,47,1588,0,0,15,1300,38,464,15,1764,California
Lassen,2021-02-06,69,2317,34,694,35,1623,0,0,36,1304,32,496,36,1800,California
Lassen,2021-02-07,1,2318,1,695,0,1623,0,0,1,1305,0,496,1,1801,California
Lassen,2021-02-08,40,2358,4,699,36,1659,0,0,14,1293,26,522,14,1815,California
Lassen,2021-02-09,119,2477,4,703,115,1774,0,0,43,1260,76,598,43,1858,California
Lassen,2021-02-10,158,2635,15,718,143,1917,0,0,52,1206,106,704,52,1910,California
Lassen,2021-02-11,154,2789,8,726,146,2063,0,0,57,1167,96,800,57,1967,California
Lassen,2021-02-12,26,2815,5,731,21,2084,0,0,9,1159,17,817,9,1976,California
Lassen,2021-02-13,10,2825,2,733,8,2092,0,0,8,1165,2,819,8,1984,California
Lassen,2021-02-14,13,2838,0,733,13,2105,0,0,12,1176,1,820,12,1996,California
Lassen,2021-02-15,19,2857,2,735,17,2122,0,0,15,1188,3,823,15,2011,California
Lassen,2021-02-16,182,3039,3,738,179,2301,0,0,22,1052,158,981,22,2033,California
Lassen,2021-02-17,149,3188,79,817,70,2371,0,0,6,915,143,1124,6,2039,California
Lassen,2021-02-18,64,3252,13,830,51,2422,0,0,16,883,48,1172,16,2055,California
Lassen,2021-02-19,69,3321,51,881,18,2440,0,0,12,838,57,1229,12,2067,California
Lassen,2021-02-20,7,3328,0,881,7,2447,0,0,6,843,1,1230,6,2073,California
Lassen,2021-02-21,21,3349,1,882,20,2467,0,0,17,856,4,1234,17,2090,California
Lassen,2021-02-22,20,3369,10,892,10,2477,0,0,5,846,15,1249,5,2095,California
Lassen,2021-02-23,146,3515,6,898,140,2617,0,0,43,786,103,1352,43,2138,California
Lassen,2021-02-24,135,3650,10,908,125,2742,0,0,87,826,47,1399,87,2225,California
Lassen,2021-02-25,139,3789,14,922,125,2867,0,0,88,863,51,1450,88,2313,California
Lassen,2021-02-26,65,3854,12,934,53,2920,0,0,33,864,32,1482,33,2346,California
Lassen,2021-02-27,7,3861,7,941,0,2920,0,0,3,863,4,1486,3,2349,California
Lassen,2021-02-28,4,3865,1,942,3,2923,0,0,1,861,3,1489,1,2350,California
Lassen,2021-03-01,29,3894,3,945,26,2949,0,0,6,845,22,1511,6,2356,California
Lassen,2021-03-02,97,3991,5,950,92,3041,0,0,77,903,19,1530,77,2433,California
Lassen,2021-03-03,139,4130,6,956,133,3174,0,0,90,944,49,1579,90,2523,California
Lassen,2021-03-04,143,4273,14,970,129,3303,0,0,94,990,48,1627,94,2617,California
Lassen,2021-03-05,43,4316,4,974,15,3318,24,24,9,989,34,1661,33,2650,California
Lassen,2021-03-06,54,4370,3,977,29,3347,22,46,5,967,49,1710,27,2677,California
Lassen,2021-03-07,56,4426,1,978,0,3347,55,101,1,968,55,1765,56,2733,California
Lassen,2021-03-08,84,4510,2,980,4,3351,78,179,1,964,83,1848,79,2812,California
Lassen,2021-03-09,127,4637,4,984,106,3457,17,196,81,1016,46,1894,98,2910,California
Lassen,2021-03-10,132,4769,7,991,124,3581,1,197,74,1034,57,1951,75,2985,California
Lassen,2021-03-11,168,4937,10,1001,152,3733,6,203,99,1073,66,2017,105,3090,California
Lassen,2021-03-12,17,4954,7,1008,7,3740,3,206,5,1069,12,2029,8,3098,California
Lassen,2021-03-13,48,5002,0,1008,2,3742,46,252,1,1068,47,2076,46,3144,California
Lassen,2021-03-14,12,5014,0,1008,11,3753,1,253,1,1059,11,2087,2,3146,California
Lassen,2021-03-15,27,5041,2,1010,25,3778,0,253,12,1056,15,2102,12,3158,California
Lassen,2021-03-16,88,5129,2,1012,81,3859,5,258,72,1117,16,2118,77,3235,California
Lassen,2021-03-17,1084,6213,8,1020,1071,4930,5,263,1066,2170,18,2136,1071,4306,California
Lassen,2021-03-18,86,6299,7,1027,78,5008,1,264,75,2235,11,2147,76,4382,California
Lassen,2021-03-19,11,6310,7,1034,2,5010,2,266,5,2236,6,2153,7,4389,California
Lassen,2021-03-20,17,6327,3,1037,12,5022,2,268,11,2243,6,2159,13,4402,California
Lassen,2021-03-21,33,6360,0,1037,33,5055,0,268,13,2237,19,2178,13,4415,California
Lassen,2021-03-22,43,6403,1,1038,42,5097,0,268,40,2274,3,2181,40,4455,California
Lassen,2021-03-23,113,6516,7,1045,105,5202,1,269,60,2282,53,2234,61,4516,California
Lassen,2021-03-24,177,6693,8,1053,168,5370,1,270,93,2294,82,2316,94,4610,California
Lassen,2021-03-25,142,6835,15,1068,127,5497,0,270,62,2276,80,2396,62,4672,California
Lassen,2021-03-26,71,6906,8,1076,25,5522,38,308,15,2273,55,2451,52,4724,California
Lassen,2021-03-27,18,6924,2,1078,1,5523,15,323,2,2274,16,2467,17,4741,California
Lassen,2021-03-28,12,6936,2,1080,1,5524,9,332,1,2273,11,2478,10,4751,California
Lassen,2021-03-29,52,6988,0,1080,27,5551,25,357,20,2287,31,2509,45,4796,California
Lassen,2021-03-30,170,7158,3,1083,142,5693,25,382,50,2242,120,2629,75,4871,California
Lassen,2021-03-31,141,7299,10,1093,110,5803,21,403,57,2237,83,2712,78,4949,California
Lassen,2021-04-01,151,7450,9,1102,123,5926,19,422,43,2192,107,2819,62,5011,California
Lassen,2021-04-02,27,7477,3,1105,2,5928,22,444,1,2189,26,2845,23,5034,California
Lassen,2021-04-03,12,7489,0,1105,2,5930,10,454,0,2187,12,2857,10,5044,California
Lassen,2021-04-04,5,7494,1,1106,0,5930,4,458,1,2188,4,2861,5,5049,California
Lassen,2021-04-05,17,7511,1,1107,10,5940,6,464,10,2197,7,2868,16,5065,California
Lassen,2021-04-06,170,7681,5,1112,135,6075,30,494,50,2157,120,2988,80,5145,California
Lassen,2021-04-07,123,7804,5,1117,86,6161,32,526,32,2132,91,3079,66,5211,California
Lassen,2021-04-08,158,7962,7,1124,99,6260,52,578,28,2086,126,3205,80,5291,California
Lassen,2021-04-09,44,8006,6,1130,6,6266,32,610,8,2090,35,3240,39,5330,California
Lassen,2021-04-10,8,8014,0,1130,2,6268,6,616,0,2089,7,3247,6,5336,California
Lassen,2021-04-11,6,8020,2,1132,1,6269,3,619,3,2092,3,3250,6,5342,California
Lassen,2021-04-12,29,8049,4,1136,12,6281,13,632,4,2084,25,3275,17,5359,California
Lassen,2021-04-13,117,8166,3,1139,114,6395,0,632,28,2024,88,3363,28,5387,California
Lassen,2021-04-14,981,9147,8,1147,973,7368,0,632,47,1138,933,4296,47,5434,California
Lassen,2021-04-15,134,9281,12,1159,122,7490,0,632,12,1028,122,4418,12,5446,California
Lassen,2021-04-16,9,9290,2,1161,7,7497,0,632,5,1029,4,4422,5,5451,California
Lassen,2021-04-17,11,9301,2,1163,9,7506,0,632,3,1024,8,4430,3,5454,California
Lassen,2021-04-18,4,9305,1,1164,3,7509,0,632,1,1022,3,4433,1,5455,California
Lassen,2021-04-19,30,9335,0,1164,30,7539,0,632,14,1020,16,4449,14,5469,California
Lassen,2021-04-20,130,9465,6,1170,124,7663,0,632,47,984,83,4532,47,5516,California
Lassen,2021-04-21,140,9605,6,1176,134,7797,0,632,30,906,108,4640,30,5546,California
Lassen,2021-04-22,94,9699,14,1190,80,7877,0,632,28,868,66,4706,28,5574,California
Lassen,2021-04-23,21,9720,0,1190,21,7898,0,632,18,883,3,4709,18,5592,California
Lassen,2021-04-24,9,9729,5,1195,4,7902,0,632,3,880,6,4715,3,5595,California
Lassen,2021-04-25,5,9734,0,1195,4,7906,1,633,3,882,2,4717,4,5599,California
Lassen,2021-04-26,40,9774,1,1196,35,7941,4,637,8,862,32,4749,12,5611,California
Lassen,2021-04-27,107,9881,5,1201,99,8040,3,640,55,868,52,4801,58,5669,California
Lassen,2021-04-28,81,9962,6,1207,73,8113,2,642,29,847,52,4853,31,5700,California
Lassen,2021-04-29,59,10021,5,1212,51,8164,3,645,20,832,38,4891,23,5723,California
Lassen,2021-04-30,12,10033,7,1219,2,8166,3,648,3,829,9,4900,6,5729,California
Lassen,2021-05-01,4,10037,0,1219,3,8169,1,649,3,832,1,4901,4,5733,California
Lassen,2021-05-02,10,10047,6,1225,4,8173,0,649,6,834,4,4905,6,5739,California
Lassen,2021-05-03,17,10064,2,1227,9,8182,6,655,2,827,15,4920,8,5747,California
Lassen,2021-05-04,67,10131,2,1229,58,8240,7,662,19,805,48,4968,26,5773,California
Lassen,2021-05-05,80,10211,4,1233,65,8305,11,673,25,787,54,5022,36,5809,California
Lassen,2021-05-06,69,10280,17,1250,30,8335,22,695,17,774,52,5074,39,5848,California
Lassen,2021-05-07,48,10328,32,1282,11,8346,5,700,41,813,7,5081,46,5894,California
Lassen,2021-05-08,11,10339,0,1282,5,8351,6,706,4,816,7,5088,10,5904,California
Lassen,2021-05-09,1,10340,0,1282,0,8351,1,707,0,816,1,5089,1,5905,California
Lassen,2021-05-10,11,10351,1,1283,7,8358,3,710,5,818,6,5095,8,5913,California
Lassen,2021-05-11,57,10408,0,1283,49,8407,8,718,17,803,40,5135,25,5938,California
Lassen,2021-05-12,40,10448,3,1286,32,8439,5,723,13,794,27,5162,18,5956,California
Lassen,2021-05-13,25,10473,8,1294,12,8451,5,728,7,788,18,5180,12,5968,California
Lassen,2021-05-14,20,10493,3,1297,9,8460,8,736,11,798,9,5189,19,5987,California
Lassen,2021-05-15,16,10509,2,1299,4,8464,10,746,4,800,12,5201,14,6001,California
Lassen,2021-05-16,7,10516,2,1301,3,8467,2,748,2,800,4,5205,4,6005,California
Lassen,2021-05-17,34,10550,3,1304,19,8486,12,760,10,798,24,5229,22,6027,California
Lassen,2021-05-18,83,10633,6,1310,65,8551,12,772,23,773,60,5289,35,6062,California
Lassen,2021-05-19,52,10685,2,1312,41,8592,9,781,7,744,44,5333,15,6077,California
Lassen,2021-05-20,33,10718,8,1320,16,8608,9,790,12,744,21,5354,21,6098,California
Lassen,2021-05-21,62,10780,28,1348,20,8628,14,804,33,762,29,5383,47,6145,California
Lassen,2021-05-22,17,10797,2,1350,7,8635,8,812,7,767,10,5393,15,6160,California
Lassen,2021-05-23,5,10802,3,1353,1,8636,1,813,0,763,5,5398,1,6161,California
Lassen,2021-05-24,12,10814,1,1354,9,8645,2,815,6,766,5,5403,8,6169,California
Lassen,2021-05-25,90,10904,6,1360,75,8720,9,824,32,749,58,5461,41,6210,California
Lassen,2021-05-26,57,10961,0,1360,42,8762,15,839,11,729,46,5507,26,6236,California
Lassen,2021-05-27,41,11002,17,1377,18,8780,6,845,12,719,28,5535,18,6254,California
Lassen,2021-05-28,70,11072,44,1421,18,8798,8,853,29,715,41,5576,37,6291,California
Lassen,2021-05-29,15,11087,1,1422,12,8810,2,855,9,720,6,5582,11,6302,California
Lassen,2021-05-30,2,11089,0,1422,1,8811,1,856,1,721,1,5583,2,6304,California
Lassen,2021-05-31,7,11096,0,1422,6,8817,1,857,1,717,6,5589,2,6306,California
Lassen,2021-06-01,43,11139,1,1423,36,8853,6,863,16,712,27,5616,22,6328,California
Lassen,2021-06-02,51,11190,2,1425,35,8888,14,877,12,700,38,5654,26,6354,California
Lassen,2021-06-03,20,11210,2,1427,9,8897,9,886,7,703,13,5667,16,6370,California
Lassen,2021-06-04,36,11246,1,1428,23,8920,12,898,11,701,25,5692,23,6393,California
Lassen,2021-06-05,14,11260,3,1431,7,8927,4,902,4,699,10,5702,8,6401,California
Lassen,2021-06-06,5,11265,0,1431,2,8929,3,905,1,699,4,5706,4,6405,California
Lassen,2021-06-07,16,11281,0,1431,8,8937,8,913,3,697,13,5719,11,6416,California
Lassen,2021-06-08,35,11316,4,1435,27,8964,4,917,14,694,21,5740,18,6434,California
Lassen,2021-06-09,17,11333,1,1436,14,8978,2,919,7,694,9,5749,9,6443,California
Lassen,2021-06-10,19,11352,10,1446,7,8985,2,921,10,697,9,5758,12,6455,California
Lassen,2021-06-11,36,11388,27,1473,9,8994,0,921,11,683,25,5783,11,6466,California
Lassen,2021-06-12,4,11392,0,1473,4,8998,0,921,1,681,3,5786,1,6467,California
Lassen,2021-06-13,3,11395,2,1475,1,8999,0,921,1,680,2,5788,1,6468,California
Lassen,2021-06-14,4,11399,1,1476,2,9001,1,922,0,678,3,5791,1,6469,California
Los Angeles,2020-12-15,397,397,397,397,0,0,0,0,397,397,0,0,397,397,California
Los Angeles,2020-12-16,3582,3979,3582,3979,0,0,0,0,3582,3979,0,0,3582,3979,California
Los Angeles,2020-12-17,10402,14381,10402,14381,0,0,0,0,10403,14382,0,0,10403,14382,California
Los Angeles,2020-12-18,14711,29092,14688,29069,23,23,0,0,14711,29093,0,0,14711,29093,California
Los Angeles,2020-12-19,7230,36322,7221,36290,9,32,0,0,7233,36326,0,0,7233,36326,California
Los Angeles,2020-12-20,4620,40942,4611,40901,9,41,0,0,4622,40948,0,0,4622,40948,California
Los Angeles,2020-12-21,13737,54679,13720,54621,17,58,0,0,13737,54684,1,1,13737,54685,California
Los Angeles,2020-12-22,11571,66250,11177,65798,394,452,0,0,11571,66253,2,3,11571,66256,California
Los Angeles,2020-12-23,11989,78239,10213,76011,1776,2228,0,0,11990,78243,0,3,11990,78246,California
Los Angeles,2020-12-24,7054,85293,4275,80286,2779,5007,0,0,7057,85300,0,3,7057,85303,California
Los Angeles,2020-12-25,529,85822,422,80708,107,5114,0,0,530,85830,0,3,530,85833,California
Los Angeles,2020-12-26,2537,88359,2192,82900,345,5459,0,0,2536,88364,2,5,2536,88369,California
Los Angeles,2020-12-27,1775,90134,1036,83936,739,6198,0,0,1775,90139,0,5,1775,90144,California
Los Angeles,2020-12-28,10370,100504,6419,90355,3951,10149,0,0,10367,100505,1,6,10367,100511,California
Los Angeles,2020-12-29,11667,112171,6118,96473,5549,15698,0,0,11667,112172,0,6,11667,112178,California
Los Angeles,2020-12-30,14941,127112,8123,104596,6818,22516,0,0,14940,127112,0,6,14940,127118,California
Los Angeles,2020-12-31,7995,135107,2779,107375,5216,27732,0,0,7991,135100,3,9,7991,135109,California
Los Angeles,2021-01-01,1073,136180,310,107685,763,28495,0,0,1071,136169,2,11,1071,136180,California
Los Angeles,2021-01-02,4494,140674,1679,109364,2815,31310,0,0,4494,140663,0,11,4494,140674,California
Los Angeles,2021-01-03,966,141640,225,109589,741,32051,0,0,964,141625,2,13,964,141638,California
Los Angeles,2021-01-04,12734,154374,4895,114484,7839,39890,0,0,12719,154342,2,15,12719,154357,California
Los Angeles,2021-01-05,16118,170492,7122,121606,8996,48886,0,0,14198,166655,1891,1906,14204,168561,California
Los Angeles,2021-01-06,22783,193275,12124,133730,10659,59545,0,0,17118,178187,5596,7502,17128,185689,California
Los Angeles,2021-01-07,29454,222729,15850,149580,13604,73149,0,0,18869,186535,10537,18039,18885,204574,California
Los Angeles,2021-01-08,33251,255980,17971,167551,15280,88429,0,0,20955,195231,12270,30309,20966,225540,California
Los Angeles,2021-01-09,12441,268421,7112,174663,5329,93758,0,0,7547,197894,4891,35200,7554,233094,California
Los Angeles,2021-01-10,4709,273130,3652,178315,1057,94815,0,0,1971,197128,2738,37938,1972,235066,California
Los Angeles,2021-01-11,25914,299044,16308,194623,9606,104421,0,0,14936,201108,10966,48904,14946,250012,California
Los Angeles,2021-01-12,29444,328488,16245,210868,13199,117620,0,0,19282,210259,10145,59049,19296,269308,California
Los Angeles,2021-01-13,29402,357890,15684,226552,13718,131338,0,0,20405,221693,8978,68027,20412,289720,California
Los Angeles,2021-01-14,29382,387272,12747,239299,16635,147973,0,0,23825,239996,5536,73563,23839,313559,California
Los Angeles,2021-01-15,33994,421266,12402,251701,21592,169565,0,0,30401,266838,3568,77131,30410,343969,California
Los Angeles,2021-01-16,17693,438959,5003,256704,12690,182255,0,0,15896,280952,1788,78919,15902,359871,California
Los Angeles,2021-01-17,5233,444192,2336,259040,2897,185152,0,0,4985,285692,247,79166,4987,364858,California
Los Angeles,2021-01-18,15708,459900,10145,269185,5563,190715,0,0,10960,291919,4736,83902,10963,375821,California
Los Angeles,2021-01-19,38770,498670,20661,289846,18109,208824,0,0,30919,315045,7809,91711,30935,406756,California
Los Angeles,2021-01-20,46627,545297,24270,314116,22357,231181,0,0,39097,346657,7498,99209,39110,445866,California
Los Angeles,2021-01-21,49111,594408,22505,336621,26606,257787,0,0,44782,387202,4261,103470,44806,490672,California
Los Angeles,2021-01-22,48465,642873,22463,359084,26002,283789,0,0,44998,428796,3419,106889,45013,535685,California
Los Angeles,2021-01-23,34312,677185,15824,374908,18488,302277,0,0,32232,458993,2049,108938,32246,567931,California
Los Angeles,2021-01-24,15766,692951,12235,387143,3531,305808,0,0,15212,473663,545,109483,15215,583146,California
Los Angeles,2021-01-25,39651,732602,16746,403889,22905,328713,0,0,30971,496003,8647,118130,30987,614133,California
Los Angeles,2021-01-26,49959,782561,24801,428690,25158,353871,0,0,41691,529487,8231,126361,41715,655848,California
Los Angeles,2021-01-27,51398,833959,26131,454821,25267,379138,0,0,41944,562148,9312,135673,41973,697821,California
Los Angeles,2021-01-28,49410,883369,23745,478566,25665,404803,0,0,40913,594715,8374,144047,40941,738762,California
Los Angeles,2021-01-29,50122,933491,25928,504494,24194,428997,0,0,39972,624917,9795,153842,39997,778759,California
Los Angeles,2021-01-30,30655,964146,15881,520375,14774,443771,0,0,26313,646979,4260,158102,26322,805081,California
Los Angeles,2021-01-31,13260,977406,10587,530962,2673,446444,0,0,12433,658604,812,158914,12437,817518,California
Los Angeles,2021-02-01,38899,1016305,16690,547652,22209,468653,0,0,28318,676391,10542,169456,28329,845847,California
Los Angeles,2021-02-02,44936,1061241,18164,565816,26772,495425,0,0,32713,696930,12180,181636,32719,878566,California
Los Angeles,2021-02-03,52493,1113734,19758,585574,32735,528160,0,0,37552,719793,14696,196332,37559,916125,California
Los Angeles,2021-02-04,57429,1171163,20869,606443,36560,564720,0,0,39324,741337,17794,214126,39338,955463,California
Los Angeles,2021-02-05,61836,1232999,21326,627769,40510,605230,0,0,39734,759429,21654,235780,39746,995209,California
Los Angeles,2021-02-06,35943,1268942,13664,641433,22279,627509,0,0,27451,778489,8413,244193,27473,1022682,California
Los Angeles,2021-02-07,11133,1280075,8692,650125,2441,629950,0,0,8737,784853,2380,246573,8744,1031426,California
Los Angeles,2021-02-08,47578,1327653,22221,672346,25357,655307,0,0,31277,799969,16163,262736,31279,1062705,California
Los Angeles,2021-02-09,56158,1383811,24899,697245,31259,686566,0,0,28620,801142,27455,290191,28628,1091333,California
Los Angeles,2021-02-10,67186,1450997,29519,726764,37667,724233,0,0,30815,795982,35986,326177,30826,1122159,California
Los Angeles,2021-02-11,58559,1509556,31348,758112,27211,751444,0,0,28322,794525,29784,355961,28327,1150486,California
Los Angeles,2021-02-12,60051,1569607,29975,788087,30076,781520,0,0,26251,787364,33430,389391,26269,1176755,California
Los Angeles,2021-02-13,33928,1603535,19800,807887,14128,795648,0,0,15445,784457,18393,407784,15486,1192241,California
Los Angeles,2021-02-14,21854,1625389,14911,822798,6943,802591,0,0,8786,780242,13004,420788,8789,1201030,California
Los Angeles,2021-02-15,33075,1658464,16096,838894,16979,819570,0,0,18106,783452,14902,435690,18112,1219142,California
Los Angeles,2021-02-16,64637,1723101,32969,871863,31668,851238,0,0,29933,778798,34600,470290,29946,1249088,California
Los Angeles,2021-02-17,65364,1788465,34959,906822,30405,881643,0,0,26555,766745,38614,508904,26561,1275649,California
Los Angeles,2021-02-18,69070,1857535,35242,942064,33828,915471,0,0,28707,755289,40172,549076,28716,1304365,California
Los Angeles,2021-02-19,58851,1916386,36424,978488,22427,937898,0,0,28690,753947,30049,579125,28707,1333072,California
Los Angeles,2021-02-20,33331,1949717,24332,1002820,8999,946897,0,0,15951,752581,17327,596452,15961,1349033,California
Los Angeles,2021-02-21,22589,1972306,20908,1023728,1681,948578,0,0,11143,752348,11380,607832,11147,1360180,California
Los Angeles,2021-02-22,34865,2007171,25433,1049161,9432,958010,0,0,17925,753431,16855,624687,17938,1378118,California
Los Angeles,2021-02-23,55290,2062461,23966,1073127,31324,989334,0,0,21650,741576,33517,658204,21662,1399780,California
Los Angeles,2021-02-24,65375,2127836,29164,1102291,36211,1025545,0,0,28133,732669,37058,695262,28151,1427931,California
Los Angeles,2021-02-25,74542,2202378,34192,1136483,40350,1065895,0,0,38320,734951,36051,731313,38333,1466264,California
Los Angeles,2021-02-26,84126,2286504,39004,1175487,45122,1111017,0,0,47091,745270,36801,768114,47120,1513384,California
Los Angeles,2021-02-27,60683,2347187,26818,1202305,33858,1144875,7,7,30899,746589,29610,797724,30929,1544313,California
Los Angeles,2021-02-28,27165,2374352,18771,1221076,8391,1153266,3,10,18952,757445,8105,805829,18961,1563274,California
Los Angeles,2021-03-01,57535,2431887,32839,1253915,24663,1177929,33,43,34365,768883,22978,828807,34416,1597690,California
Los Angeles,2021-03-02,77997,2509884,37938,1291853,40053,1217982,6,49,49064,789180,28785,857592,49082,1646772,California
Los Angeles,2021-03-03,85612,2595496,43900,1335753,41696,1259678,16,65,54168,812129,31260,888852,54209,1700981,California
Los Angeles,2021-03-04,91602,2687098,46864,1382617,44724,1304402,14,79,57946,836643,33465,922317,57979,1758960,California
Los Angeles,2021-03-05,90345,2777443,44554,1427171,45758,1350160,33,112,60415,867404,29723,952040,60484,1819444,California
Los Angeles,2021-03-06,67510,2844953,34405,1461576,31274,1381434,1831,1943,43525,888925,23836,975876,45357,1864801,California
Los Angeles,2021-03-07,27316,2872269,20807,1482383,5673,1387107,836,2779,21149,904769,6135,982011,21979,1886780,California
Los Angeles,2021-03-08,52902,2925171,27958,1510341,22968,1410075,1976,4755,39943,933836,12848,994859,41915,1928695,California
Los Angeles,2021-03-09,81606,3006777,38763,1549104,39550,1449625,3293,8048,51943,959548,29511,1024370,55223,1983918,California
Los Angeles,2021-03-10,83307,3090084,40962,1590066,37457,1487082,4888,12936,52675,986611,30457,1054827,57520,2041438,California
Los Angeles,2021-03-11,92937,3183021,45397,1635463,40840,1527922,6700,19636,54398,1009322,38339,1093166,61050,2102488,California
Los Angeles,2021-03-12,99170,3282191,44682,1680145,40565,1568487,13923,33559,57755,1039743,41201,1134367,71622,2174110,California
Los Angeles,2021-03-13,75880,3358071,35855,1716000,28052,1596539,11973,45532,45328,1066569,30432,1164799,57258,2231368,California
Los Angeles,2021-03-14,39172,3397243,26329,1742329,10294,1606833,2549,48081,24042,1078080,15056,1179855,26567,2257935,California
Los Angeles,2021-03-15,75063,3472306,36646,1778975,32966,1639799,5451,53532,45458,1099549,29411,1209266,50880,2308815,California
Los Angeles,2021-03-16,100058,3572364,43803,1822778,50367,1690166,5888,59420,64767,1135065,35089,1244355,70605,2379420,California
Los Angeles,2021-03-17,97364,3669728,44136,1866914,44901,1735067,8327,67747,65115,1176337,32035,1276390,73307,2452727,California
Los Angeles,2021-03-18,102022,3771750,48780,1915694,47901,1782968,5341,73088,64735,1209403,36991,1313381,70057,2522784,California
Los Angeles,2021-03-19,109304,3881054,57006,1972700,47518,1830486,4780,77868,67342,1239789,41688,1355069,72074,2594858,California
Los Angeles,2021-03-20,76460,3957514,37785,2010485,34088,1864574,4587,82455,51882,1271853,24387,1379456,56451,2651309,California
Los Angeles,2021-03-21,34670,3992184,25782,2036267,7986,1872560,902,83357,22229,1282663,12319,1391775,23129,2674438,California
Los Angeles,2021-03-22,70975,4063159,41682,2077949,27119,1899679,2174,85531,49773,1313670,20934,1412709,51941,2726379,California
Los Angeles,2021-03-23,96560,4159719,52216,2130165,41098,1940777,3246,88777,58402,1337423,37881,1450590,61634,2788013,California
Los Angeles,2021-03-24,105116,4264835,55748,2185913,46201,1986978,3167,91944,60738,1357264,44049,1494639,63890,2851903,California
Los Angeles,2021-03-25,110869,4375704,59416,2245329,47546,2034524,3907,95851,62245,1375082,48312,1542951,66130,2918033,California
Los Angeles,2021-03-26,115446,4491150,63286,2308615,47982,2082506,4178,100029,63621,1391320,51531,1594482,67769,2985802,California
Los Angeles,2021-03-27,83669,4574819,44047,2352662,37488,2119994,2134,102163,42669,1395390,40729,1635211,44799,3030601,California
Los Angeles,2021-03-28,42266,4617085,28673,2381335,13008,2133002,585,102748,20064,1393964,22073,1657284,20647,3051248,California
Los Angeles,2021-03-29,83138,4700223,46739,2428074,34625,2167627,1774,104522,46111,1405032,36808,1694092,47876,3099124,California
Los Angeles,2021-03-30,109052,4809275,51981,2480055,51126,2218753,5945,110467,56932,1415995,51877,1745969,62840,3161964,California
Los Angeles,2021-03-31,122830,4932105,62079,2542134,51914,2270667,8837,119304,68357,1438981,54151,1800120,77137,3239101,California
Los Angeles,2021-04-01,133605,5065710,62476,2604610,55685,2326352,15444,134748,71571,1464239,61672,1861792,86930,3326031,California
Los Angeles,2021-04-02,132528,5198238,59048,2663658,57904,2384256,15576,150324,70426,1488441,61750,1923542,85952,3411983,California
Los Angeles,2021-04-03,98745,5296983,45217,2708875,39873,2424129,13655,163979,48546,1500565,50004,1973546,62128,3474111,California
Los Angeles,2021-04-04,39255,5336238,20547,2729422,12068,2436197,6640,170619,16372,1500739,22796,1996342,22970,3497081,California
Los Angeles,2021-04-05,94095,5430333,44490,2773912,39288,2475485,10317,180936,44591,1506286,49287,2045629,54834,3551915,California
Los Angeles,2021-04-06,121358,5551691,57114,2831026,43875,2519360,20369,201305,55559,1516553,65532,2111161,75799,3627714,California
Los Angeles,2021-04-07,120528,5672219,54579,2885605,44719,2564079,21230,222535,54475,1526344,65782,2176943,75573,3703287,California
Los Angeles,2021-04-08,133346,5805565,58549,2944154,50597,2614676,24200,246735,60227,1537808,72792,2249735,84256,3787543,California
Los Angeles,2021-04-09,131941,5937506,56987,3001141,50903,2665579,24051,270786,56551,1543193,75068,2324803,80453,3867996,California
Los Angeles,2021-04-10,101889,6039395,43041,3044182,34663,2700242,24185,294971,37305,1540214,64330,2389133,61351,3929347,California
Los Angeles,2021-04-11,41912,6081307,22648,3066830,9741,2709983,9523,304494,14303,1536458,27521,2416654,23765,3953112,California
Los Angeles,2021-04-12,79305,6160612,38718,3105548,34180,2744163,6407,310901,32461,1528645,46622,2463276,38809,3991921,California
Los Angeles,2021-04-13,117941,6278553,59274,3164822,58231,2802394,436,311337,62254,1535931,55427,2518703,62713,4054634,California
Los Angeles,2021-04-14,119661,6398214,59668,3224490,59860,2862254,133,311470,64919,1546572,54460,2573163,65101,4119735,California
Los Angeles,2021-04-15,130823,6529037,70559,3295049,60071,2922325,193,311663,74963,1566093,55566,2628729,75087,4194822,California
Los Angeles,2021-04-16,130634,6659671,68885,3363934,61604,2983929,145,311808,68818,1573534,61520,2690249,68961,4263783,California
Los Angeles,2021-04-17,98520,6758191,51481,3415415,47010,3030939,29,311837,56231,1587743,42065,2732314,56274,4320057,California
Los Angeles,2021-04-18,34159,6792350,22633,3438048,11525,3042464,1,311838,18676,1591029,15398,2747712,18684,4338741,California
Los Angeles,2021-04-19,75020,6867370,39745,3477793,35262,3077726,13,311851,33267,1582770,41549,2789261,33290,4372031,California
Los Angeles,2021-04-20,103029,6970399,50130,3527923,52876,3130602,23,311874,51122,1582262,51655,2840916,51147,4423178,California
Los Angeles,2021-04-21,109689,7080088,52456,3580379,57046,3187648,187,312061,48329,1569755,61023,2901939,48516,4471694,California
Los Angeles,2021-04-22,116511,7196599,59741,3640120,56737,3244385,33,312094,51335,1556278,64849,2966788,51372,4523066,California
Los Angeles,2021-04-23,114594,7311193,62509,3702629,52064,3296449,21,312115,54304,1550616,59985,3026773,54323,4577389,California
Los Angeles,2021-04-24,90262,7401455,57414,3760043,32807,3329256,41,312156,50440,1561519,39586,3066359,50489,4627878,California
Los Angeles,2021-04-25,37947,7439402,25115,3785158,12826,3342082,6,312162,20415,1564519,17420,3083779,20420,4648298,California
Los Angeles,2021-04-26,77980,7517382,40263,3825421,37210,3379292,507,312669,38547,1564354,39214,3122993,39049,4687347,California
Los Angeles,2021-04-27,93114,7610496,44514,3869935,46631,3425923,1969,314638,35480,1544445,57348,3180341,37439,4724786,California
Los Angeles,2021-04-28,86263,7696759,41138,3911073,43030,3468953,2095,316733,34059,1528721,51867,3232208,36143,4760929,California
Los Angeles,2021-04-29,91583,7788342,45278,3956351,44124,3513077,2181,318914,32439,1504577,58753,3290961,34609,4795538,California
Los Angeles,2021-04-30,99378,7887720,49023,4005374,47937,3561014,2418,321332,35822,1479673,63127,3354088,38223,4833761,California
Los Angeles,2021-05-01,75357,7963077,42139,4047513,31702,3592716,1516,322848,28346,1462828,46699,3400787,29854,4863615,California
Los Angeles,2021-05-02,28005,7991082,17978,4065491,9292,3602008,735,323583,10151,1455971,17739,3418526,10882,4874497,California
Los Angeles,2021-05-03,61361,8052443,29844,4095335,29342,3631350,2175,325758,21910,1440843,39198,3457724,24070,4898567,California
Los Angeles,2021-05-04,85662,8138105,47140,4142475,36276,3667626,2246,328004,26350,1410418,59003,3516727,28578,4927145,California
Los Angeles,2021-05-05,88705,8226810,51482,4193957,34883,3702509,2340,330344,24380,1373133,63995,3580722,26710,4953855,California
Los Angeles,2021-05-06,96436,8323246,57896,4251853,36027,3738536,2513,332857,22976,1325522,73080,3653802,25469,4979324,California
Los Angeles,2021-05-07,95778,8419024,56912,4308765,36519,3775055,2347,335204,26235,1284883,69193,3722995,28554,5007878,California
Los Angeles,2021-05-08,64230,8483254,42369,4351134,20165,3795220,1696,336900,17567,1257780,46354,3769349,19251,5027129,California
Los Angeles,2021-05-09,23675,8506929,18022,4369156,4915,3800135,738,337638,6035,1247002,17543,3786892,6765,5033894,California
Los Angeles,2021-05-10,49080,8556009,25837,4394993,21364,3821499,1879,339517,14935,1229884,33923,3820815,16805,5050699,California
Los Angeles,2021-05-11,68880,8624889,36935,4431928,29842,3851341,2103,341620,17884,1199106,50738,3871553,19960,5070659,California
Los Angeles,2021-05-12,70510,8695399,38213,4470141,30024,3881365,2273,343893,20468,1172078,49744,3921297,22716,5093375,California
Los Angeles,2021-05-13,75095,8770494,45414,4515555,27988,3909353,1693,345586,27246,1153526,47473,3968770,28921,5122296,California
Los Angeles,2021-05-14,87008,8857502,55128,4570683,30061,3939414,1819,347405,32871,1134395,53806,4022576,34675,5156971,California
Los Angeles,2021-05-15,73869,8931371,52193,4622876,20183,3959597,1493,348898,28439,1119152,45163,4067739,29920,5186891,California
Los Angeles,2021-05-16,30482,8961853,24103,4646979,5773,3965370,606,349504,11987,1113342,18399,4086138,12589,5199480,California
Los Angeles,2021-05-17,61262,9023115,39919,4686898,19601,3984971,1742,351246,25065,1104162,35962,4122100,26782,5226262,California
Los Angeles,2021-05-18,64399,9087514,38166,4725064,24444,4009415,1789,353035,25820,1093428,38310,4160410,27576,5253838,California
Los Angeles,2021-05-19,67126,9154640,40516,4765580,24785,4034200,1825,354860,29372,1087120,37489,4197899,31181,5285019,California
Los Angeles,2021-05-20,65717,9220357,36706,4802286,26938,4061138,2073,356933,25454,1074749,39891,4237790,27520,5312539,California
Los Angeles,2021-05-21,69570,9289927,42240,4844526,25267,4086405,2063,358996,27806,1063205,41400,4279190,29856,5342395,California
Los Angeles,2021-05-22,56796,9346723,37089,4881615,18061,4104466,1646,360642,23074,1054424,33489,4312679,24708,5367103,California
Los Angeles,2021-05-23,23344,9370067,16077,4897692,6429,4110895,838,361480,10425,1052882,12799,4325478,11257,5378360,California
Los Angeles,2021-05-24,48146,9418213,26460,4924152,19842,4130737,1844,363324,18230,1043263,29677,4355155,20058,5398418,California
Los Angeles,2021-05-25,49402,9467615,28641,4952793,19008,4149745,1753,365077,19289,1034425,29873,4385028,21035,5419453,California
Los Angeles,2021-05-26,46696,9514311,26419,4979212,18450,4168195,1827,366904,19856,1029565,26424,4411452,21564,5441017,California
Los Angeles,2021-05-27,45098,9559409,25187,5004399,18040,4186235,1871,368775,18990,1024501,25878,4437330,20814,5461831,California
Los Angeles,2021-05-28,51746,9611155,29363,5033762,20512,4206747,1871,370646,23249,1021389,28218,4465548,25106,5486937,California
Los Angeles,2021-05-29,30158,9641313,17453,5051215,11670,4218417,1035,371681,14174,1020789,15798,4481346,15198,5502135,California
Los Angeles,2021-05-30,12441,9653754,8178,5059393,3539,4221956,724,372405,5934,1020986,6455,4487801,6652,5508787,California
Los Angeles,2021-05-31,5988,9659742,3710,5063103,1974,4223930,304,372709,1703,1018758,4232,4492033,2004,5510791,California
Los Angeles,2021-06-01,45787,9705529,25691,5088794,18539,4242469,1557,374266,17657,1010147,27802,4519835,19191,5529982,California
Los Angeles,2021-06-02,38111,9743640,22074,5110868,14591,4257060,1446,375712,15319,1004376,22513,4542348,16742,5546724,California
Los Angeles,2021-06-03,42510,9786150,28165,5139033,12776,4269836,1569,377281,15272,994197,26984,4569332,16805,5563529,California
Los Angeles,2021-06-04,51718,9837868,34978,5174011,15085,4284921,1655,378936,17370,979194,34008,4603340,19005,5582534,California
Los Angeles,2021-06-05,42029,9879897,30190,5204201,10479,4295400,1360,380296,12866,964423,28981,4632321,14210,5596744,California
Los Angeles,2021-06-06,14578,9894475,12034,5216235,1816,4297216,728,381024,4081,958800,10426,4642747,4803,5601547,California
Los Angeles,2021-06-07,36379,9930854,25992,5242227,8952,4306168,1435,382459,11739,947509,24452,4667199,13161,5614708,California
Los Angeles,2021-06-08,37859,9968713,26067,5268294,10215,4316383,1577,384036,12900,937297,24673,4691872,14461,5629169,California
Los Angeles,2021-06-09,39115,10007828,27640,5295934,10023,4326406,1452,385488,11562,922985,27308,4719180,12996,5642165,California
Los Angeles,2021-06-10,35211,10043039,24383,5320317,9298,4335704,1530,387018,11203,911922,23786,4742966,12723,5654888,California
Los Angeles,2021-06-11,36834,10079873,24552,5344869,10708,4346412,1574,388592,11872,900682,24674,4767640,13434,5668322,California
Los Angeles,2021-06-12,31729,10111602,22729,5367598,7814,4354226,1186,389778,9473,889236,22099,4789739,10653,5678975,California
Los Angeles,2021-06-13,11010,10122612,7927,5375525,2599,4356825,484,390262,2632,884026,8318,4798057,3108,5682083,California
Los Angeles,2021-06-14,16253,10138865,11841,5387366,3553,4360378,859,391121,5121,878941,11051,4809108,5966,5688049,California
Madera,2020-12-16,21,21,21,21,0,0,0,0,21,21,0,0,21,21,California
Madera,2020-12-17,12,33,12,33,0,0,0,0,12,33,0,0,12,33,California
Madera,2020-12-18,60,93,60,93,0,0,0,0,60,93,0,0,60,93,California
Madera,2020-12-19,5,98,5,98,0,0,0,0,5,98,0,0,5,98,California
Madera,2020-12-20,13,111,13,111,0,0,0,0,13,111,0,0,13,111,California
Madera,2020-12-21,60,171,60,171,0,0,0,0,60,171,0,0,60,171,California
Madera,2020-12-22,94,265,92,263,2,2,0,0,94,265,0,0,94,265,California
Madera,2020-12-23,67,332,67,330,0,2,0,0,67,332,0,0,67,332,California
Madera,2020-12-24,43,375,38,368,5,7,0,0,43,375,0,0,43,375,California
Madera,2020-12-26,27,402,26,394,1,8,0,0,27,402,0,0,27,402,California
Madera,2020-12-27,27,429,12,406,15,23,0,0,27,429,0,0,27,429,California
Madera,2020-12-28,107,536,36,442,71,94,0,0,107,536,0,0,107,536,California
Madera,2020-12-29,174,710,37,479,137,231,0,0,174,710,0,0,174,710,California
Madera,2020-12-30,223,933,87,566,136,367,0,0,223,933,0,0,223,933,California
Madera,2020-12-31,202,1135,80,646,122,489,0,0,202,1135,0,0,202,1135,California
Madera,2021-01-01,2,1137,1,647,1,490,0,0,2,1137,0,0,2,1137,California
Madera,2021-01-02,88,1225,33,680,55,545,0,0,88,1225,0,0,88,1225,California
Madera,2021-01-03,4,1229,4,684,0,545,0,0,4,1229,0,0,4,1229,California
Madera,2021-01-04,129,1358,66,750,63,608,0,0,128,1356,1,1,128,1357,California
Madera,2021-01-05,279,1637,143,893,136,744,0,0,275,1627,4,5,275,1632,California
Madera,2021-01-06,183,1820,26,919,157,901,0,0,164,1772,19,24,164,1796,California
Madera,2021-01-07,399,2219,115,1034,284,1185,0,0,377,2127,22,46,377,2173,California
Madera,2021-01-08,420,2639,71,1105,349,1534,0,0,365,2439,54,100,366,2539,California
Madera,2021-01-09,36,2675,14,1119,22,1556,0,0,27,2457,9,109,27,2566,California
Madera,2021-01-10,17,2692,14,1133,3,1559,0,0,5,2450,12,121,5,2571,California
Madera,2021-01-11,242,2934,193,1326,49,1608,0,0,199,2606,43,164,199,2770,California
Madera,2021-01-12,388,3322,157,1483,231,1839,0,0,284,2786,104,268,284,3054,California
Madera,2021-01-13,180,3502,90,1573,90,1929,0,0,126,2859,54,322,127,3181,California
Madera,2021-01-14,552,4054,80,1653,472,2401,0,0,520,3347,32,354,520,3701,California
Madera,2021-01-15,598,4652,157,1810,441,2842,0,0,576,3901,22,376,576,4277,California
Madera,2021-01-16,385,5037,49,1859,336,3178,0,0,357,4230,28,404,357,4634,California
Madera,2021-01-17,336,5373,15,1874,321,3499,0,0,332,4558,4,408,332,4966,California
Madera,2021-01-18,78,5451,62,1936,16,3515,0,0,59,4599,18,426,59,5025,California
Madera,2021-01-19,572,6023,135,2071,437,3952,0,0,545,5118,27,453,546,5571,California
Madera,2021-01-20,238,6261,80,2151,158,4110,0,0,210,5301,27,480,210,5781,California
Madera,2021-01-21,240,6501,130,2281,110,4220,0,0,206,5475,32,512,206,5987,California
Madera,2021-01-22,257,6758,81,2362,176,4396,0,0,242,5702,15,527,242,6229,California
Madera,2021-01-23,100,6858,53,2415,47,4443,0,0,76,5754,24,551,76,6305,California
Madera,2021-01-24,97,6955,81,2496,16,4459,0,0,78,5813,19,570,78,6383,California
Madera,2021-01-25,271,7226,126,2622,145,4604,0,0,147,5836,124,694,147,6530,California
Madera,2021-01-26,492,7718,189,2811,303,4907,0,0,301,5948,190,884,302,6832,California
Madera,2021-01-27,746,8464,63,2874,683,5590,0,0,609,6422,137,1021,611,7443,California
Madera,2021-01-28,546,9010,108,2982,438,6028,0,0,441,6759,105,1126,442,7885,California
Madera,2021-01-29,469,9479,94,3076,375,6403,0,0,414,7118,55,1181,414,8299,California
Madera,2021-01-30,504,9983,16,3092,488,6891,0,0,451,7516,53,1234,451,8750,California
Madera,2021-01-31,9,9992,6,3098,3,6894,0,0,8,7523,1,1235,8,8758,California
Madera,2021-02-01,333,10325,147,3245,186,7080,0,0,207,7604,126,1361,207,8965,California
Madera,2021-02-02,256,10581,89,3334,167,7247,0,0,162,7674,93,1454,163,9128,California
Madera,2021-02-03,595,11176,461,3795,134,7381,0,0,476,8034,117,1571,477,9605,California
Madera,2021-02-04,395,11571,126,3921,269,7650,0,0,117,7875,277,1848,118,9723,California
Madera,2021-02-05,983,12554,302,4223,681,8331,0,0,376,7652,600,2448,377,10100,California
Madera,2021-02-06,365,12919,331,4554,34,8365,0,0,325,7938,39,2487,325,10425,California
Madera,2021-02-07,34,12953,6,4560,28,8393,0,0,29,7962,5,2492,29,10454,California
Madera,2021-02-08,389,13342,312,4872,77,8470,0,0,271,8119,114,2606,271,10725,California
Madera,2021-02-09,485,13827,118,4990,367,8837,0,0,203,8045,278,2884,204,10929,California
Madera,2021-02-10,434,14261,148,5138,286,9123,0,0,332,8275,102,2986,332,11261,California
Madera,2021-02-11,937,15198,309,5447,628,9751,0,0,404,8150,530,3516,405,11666,California
Madera,2021-02-12,840,16038,116,5563,724,10475,0,0,311,7942,522,4038,314,11980,California
Madera,2021-02-13,487,16525,44,5607,443,10918,0,0,138,7738,345,4383,141,12121,California
Madera,2021-02-14,400,16925,74,5681,326,11244,0,0,136,7611,264,4647,137,12258,California
Madera,2021-02-15,246,17171,100,5781,146,11390,0,0,175,7716,70,4717,175,12433,California
Madera,2021-02-16,776,17947,179,5960,597,11987,0,0,229,7401,545,5262,230,12663,California
Madera,2021-02-17,614,18561,277,6237,337,12324,0,0,342,7480,265,5527,344,13007,California
Madera,2021-02-18,1299,19860,538,6775,761,13085,0,0,1120,8423,178,5705,1121,14128,California
Madera,2021-02-19,858,20718,541,7316,317,13402,0,0,715,8996,143,5848,716,14844,California
Madera,2021-02-20,1075,21793,985,8301,90,13492,0,0,1003,9929,71,5919,1004,15848,California
Madera,2021-02-21,964,22757,822,9123,142,13634,0,0,959,10883,5,5924,959,16807,California
Madera,2021-02-22,915,23672,837,9960,78,13712,0,0,857,11682,58,5982,857,17664,California
Madera,2021-02-23,773,24445,500,10460,273,13985,0,0,545,12002,225,6207,545,18209,California
Madera,2021-02-24,917,25362,303,10763,614,14599,0,0,385,11856,531,6738,385,18594,California
Madera,2021-02-25,1036,26398,316,11079,720,15319,0,0,600,12022,434,7172,600,19194,California
Madera,2021-02-26,1085,27483,198,11277,887,16206,0,0,701,12341,382,7554,701,19895,California
Madera,2021-02-27,904,28387,266,11543,638,16844,0,0,477,12397,424,7978,480,20375,California
Madera,2021-02-28,193,28580,28,11571,165,17009,0,0,188,12580,5,7983,188,20563,California
Madera,2021-03-01,381,28961,121,11692,260,17269,0,0,197,12596,181,8164,197,20760,California
Madera,2021-03-02,754,29715,349,12041,405,17674,0,0,638,13123,113,8277,640,21400,California
Madera,2021-03-03,1362,31077,732,12773,630,18304,0,0,955,13701,404,8681,982,22382,California
Madera,2021-03-04,1208,32285,530,13303,678,18982,0,0,954,14403,255,8936,957,23339,California
Madera,2021-03-05,1369,33654,422,13725,934,19916,13,13,1086,15232,281,9217,1110,24449,California
Madera,2021-03-06,826,34480,643,14368,151,20067,32,45,505,15450,320,9537,538,24987,California
Madera,2021-03-07,154,34634,26,14394,106,20173,22,67,105,15528,49,9586,127,25114,California
Madera,2021-03-08,602,35236,336,14730,207,20380,59,126,306,15599,296,9882,367,25481,California
Madera,2021-03-09,604,35840,297,15027,273,20653,34,160,412,15861,190,10072,452,25933,California
Madera,2021-03-10,1196,37036,559,15586,558,21211,79,239,762,16274,429,10501,842,26775,California
Madera,2021-03-11,1688,38724,870,16456,490,21701,328,567,771,16469,915,11416,1110,27885,California
Madera,2021-03-12,1583,40307,818,17274,613,22314,152,719,803,16675,777,12193,983,28868,California
Madera,2021-03-13,1890,42197,1332,18606,361,22675,197,916,819,16640,1068,13261,1033,29901,California
Madera,2021-03-14,589,42786,451,19057,105,22780,33,949,296,16679,290,13551,329,30230,California
Madera,2021-03-15,745,43531,232,19289,469,23249,44,993,514,17044,228,13779,593,30823,California
Madera,2021-03-16,933,44464,528,19817,358,23607,47,1040,744,17666,186,13965,808,31631,California
Madera,2021-03-17,1475,45939,985,20802,427,24034,63,1103,911,18180,555,14520,1069,32700,California
Madera,2021-03-18,1954,47893,683,21485,1206,25240,65,1168,972,18332,975,15495,1127,33827,California
Madera,2021-03-19,1593,49486,588,22073,923,26163,82,1250,1036,18979,553,16048,1200,35027,California
Madera,2021-03-20,1192,50678,780,22853,361,26524,51,1301,607,19119,583,16631,723,35750,California
Madera,2021-03-21,1108,51786,904,23757,157,26681,47,1348,384,18830,721,17352,432,36182,California
Madera,2021-03-22,1364,53150,858,24615,441,27122,65,1413,686,18953,675,18027,798,36980,California
Madera,2021-03-23,1417,54567,862,25477,468,27590,87,1500,676,19060,740,18767,847,37827,California
Madera,2021-03-24,957,55524,513,25990,412,28002,32,1532,616,19374,338,19105,652,38479,California
Madera,2021-03-25,1179,56703,533,26523,622,28624,24,1556,650,19542,519,19624,687,39166,California
Madera,2021-03-26,1520,58223,581,27104,805,29429,134,1690,717,19598,799,20423,855,40021,California
Madera,2021-03-27,931,59154,606,27710,302,29731,23,1713,416,19527,511,20934,440,40461,California
Madera,2021-03-28,438,59592,150,27860,228,29959,60,1773,205,19654,232,21166,359,40820,California
Madera,2021-03-29,695,60287,184,28044,481,30440,30,1803,499,19995,192,21358,533,41353,California
Madera,2021-03-30,1076,61363,606,28650,439,30879,31,1834,481,19917,591,21949,513,41866,California
Madera,2021-03-31,1396,62759,545,29195,722,31601,129,1963,425,19507,965,22914,555,42421,California
Madera,2021-04-01,1394,64153,625,29820,718,32319,51,2014,485,19142,899,23813,534,42955,California
Madera,2021-04-02,1610,65763,461,30281,1090,33409,59,2073,479,18561,1120,24933,539,43494,California
Madera,2021-04-03,961,66724,763,31044,179,33588,19,2092,393,18418,566,25499,423,43917,California
Madera,2021-04-04,187,66911,65,31109,120,33708,2,2094,86,18406,101,25600,89,44006,California
Madera,2021-04-05,737,67648,257,31366,422,34130,58,2152,342,18426,394,25994,414,44420,California
Madera,2021-04-06,1717,69365,894,32260,468,34598,355,2507,536,18138,1179,27173,891,45311,California
Madera,2021-04-07,1232,70597,385,32645,699,35297,148,2655,423,17908,806,27979,576,45887,California
Madera,2021-04-08,1731,72328,668,33313,800,36097,263,2918,560,17573,1164,29143,829,46716,California
Madera,2021-04-09,1644,73972,694,34007,803,36900,147,3065,946,17978,693,29836,1098,47814,California
Madera,2021-04-10,981,74953,687,34694,225,37125,69,3134,713,18492,269,30105,783,48597,California
Madera,2021-04-11,813,75766,659,35353,75,37200,79,3213,287,18333,523,30628,364,48961,California
Madera,2021-04-12,791,76557,269,35622,445,37645,77,3290,300,18220,491,31119,378,49339,California
Madera,2021-04-13,1245,77802,613,36235,589,38234,43,3333,725,18479,518,31637,777,50116,California
Madera,2021-04-14,1396,79198,863,37098,533,38767,0,3333,578,18247,817,32454,585,50701,California
Madera,2021-04-15,1179,80377,510,37608,668,39435,1,3334,426,17938,741,33195,432,51133,California
Madera,2021-04-16,1325,81702,539,38147,786,40221,0,3334,366,17360,947,34142,369,51502,California
Madera,2021-04-17,1279,82981,1074,39221,205,40426,0,3334,761,17605,516,34658,761,52263,California
Madera,2021-04-18,246,83227,206,39427,40,40466,0,3334,88,17537,156,34814,88,52351,California
Madera,2021-04-19,809,84036,240,39667,568,41034,1,3335,277,17288,526,35340,277,52628,California
Madera,2021-04-20,871,84907,427,40094,444,41478,0,3335,216,16854,652,35992,218,52846,California
Madera,2021-04-21,860,85767,453,40547,407,41885,0,3335,292,16580,568,36560,294,53140,California
Madera,2021-04-22,1077,86844,513,41060,564,42449,0,3335,373,16254,700,37260,374,53514,California
Madera,2021-04-23,971,87815,307,41367,664,43113,0,3335,336,15960,630,37890,336,53850,California
Madera,2021-04-24,713,88528,469,41836,244,43357,0,3335,250,15752,459,38349,251,54101,California
Madera,2021-04-25,266,88794,159,41995,104,43461,3,3338,117,15728,145,38494,121,54222,California
Madera,2021-04-26,556,89350,99,42094,451,43912,6,3344,128,15437,425,38919,134,54356,California
Madera,2021-04-27,620,89970,274,42368,321,44233,25,3369,312,15468,307,39226,338,54694,California
Madera,2021-04-28,502,90472,197,42565,286,44519,19,3388,245,15476,255,39481,263,54957,California
Madera,2021-04-29,553,91025,245,42810,280,44799,28,3416,258,15475,288,39769,287,55244,California
Madera,2021-04-30,937,91962,505,43315,416,45215,16,3432,272,15104,659,40428,288,55532,California
Madera,2021-05-01,968,92930,869,44184,85,45300,14,3446,388,14927,579,41007,402,55934,California
Madera,2021-05-02,396,93326,349,44533,43,45343,4,3450,145,14825,251,41258,149,56083,California
Madera,2021-05-03,498,93824,197,44730,261,45604,40,3490,99,14568,396,41654,139,56222,California
Madera,2021-05-04,903,94727,433,45163,426,46030,44,3534,213,14135,690,42344,257,56479,California
Madera,2021-05-05,1010,95737,478,45641,471,46501,61,3595,280,13748,728,43072,341,56820,California
Madera,2021-05-06,699,96436,245,45886,423,46924,31,3626,153,13391,541,43613,184,57004,California
Madera,2021-05-07,807,97243,277,46163,509,47433,21,3647,194,12998,607,44220,214,57218,California
Madera,2021-05-08,971,98214,758,46921,202,47635,11,3658,186,12411,784,45004,197,57415,California
Madera,2021-05-09,145,98359,20,46941,114,47749,11,3669,35,12348,109,45113,46,57461,California
Madera,2021-05-10,361,98720,74,47015,275,48024,12,3681,100,12200,260,45373,112,57573,California
Madera,2021-05-11,529,99249,179,47194,341,48365,9,3690,171,12024,356,45729,180,57753,California
Madera,2021-05-12,508,99757,230,47424,242,48607,36,3726,128,11810,378,46107,164,57917,California
Madera,2021-05-13,506,100263,307,47731,167,48774,32,3758,176,11690,328,46435,208,58125,California
Madera,2021-05-14,527,100790,265,47996,238,49012,24,3782,235,11660,289,46724,259,58384,California
Madera,2021-05-15,562,101352,477,48473,77,49089,8,3790,363,11834,197,46921,371,58755,California
Madera,2021-05-16,255,101607,186,48659,37,49126,32,3822,104,11819,151,47072,136,58891,California
Madera,2021-05-17,455,102062,190,48849,236,49362,29,3851,209,11814,243,47315,238,59129,California
Madera,2021-05-18,548,102610,367,49216,158,49520,23,3874,289,11871,255,47570,312,59441,California
Madera,2021-05-19,485,103095,223,49439,240,49760,22,3896,213,11835,271,47841,235,59676,California
Madera,2021-05-20,590,103685,270,49709,282,50042,38,3934,232,11754,351,48192,270,59946,California
Madera,2021-05-21,502,104187,192,49901,282,50324,28,3962,192,11669,305,48497,220,60166,California
Madera,2021-05-22,905,105092,820,50721,73,50397,12,3974,534,11845,370,48867,546,60712,California
Madera,2021-05-23,263,105355,236,50957,17,50414,10,3984,139,11871,123,48990,149,60861,California
Madera,2021-05-24,300,105655,135,51092,124,50538,41,4025,117,11847,182,49172,158,61019,California
Madera,2021-05-25,380,106035,167,51259,180,50718,33,4058,153,11808,225,49397,186,61205,California
Madera,2021-05-26,444,106479,258,51517,164,50882,22,4080,236,11861,205,49602,258,61463,California
Madera,2021-05-27,378,106857,136,51653,204,51086,38,4118,137,11799,237,49839,175,61638,California
Madera,2021-05-28,451,107308,173,51826,250,51336,28,4146,180,11738,269,50108,208,61846,California
Madera,2021-05-29,306,107614,215,52041,73,51409,18,4164,167,11784,139,50247,185,62031,California
Madera,2021-05-30,62,107676,27,52068,31,51440,4,4168,29,11785,32,50279,33,62064,California
Madera,2021-05-31,26,107702,9,52077,13,51453,4,4172,12,11787,14,50293,16,62080,California
Madera,2021-06-01,292,107994,148,52225,121,51574,23,4195,111,11742,179,50472,134,62214,California
Madera,2021-06-02,385,108379,126,52351,236,51810,23,4218,117,11615,267,50739,140,62354,California
Madera,2021-06-03,280,108659,149,52500,116,51926,15,4233,91,11532,189,50928,106,62460,California
Madera,2021-06-04,368,109027,233,52733,125,52051,10,4243,140,11455,227,51155,150,62610,California
Madera,2021-06-05,511,109538,385,53118,113,52164,13,4256,148,11258,359,51514,162,62772,California
Madera,2021-06-06,134,109672,114,53232,13,52177,7,4263,38,11207,96,51610,45,62817,California
Madera,2021-06-07,252,109924,157,53389,74,52251,21,4284,46,11068,206,51816,67,62884,California
Madera,2021-06-08,382,110306,273,53662,88,52339,21,4305,99,10905,283,52099,120,63004,California
Madera,2021-06-09,377,110683,239,53901,111,52450,27,4332,146,10850,228,52327,173,63177,California
Madera,2021-06-10,344,111027,196,54097,132,52582,16,4348,119,10762,223,52550,135,63312,California
Madera,2021-06-11,355,111382,204,54301,118,52700,33,4381,155,10749,199,52749,186,63498,California
Madera,2021-06-12,580,111962,510,54811,53,52753,17,4398,97,10380,483,53232,114,63612,California
Madera,2021-06-13,193,112155,160,54971,27,52780,6,4404,54,10302,138,53370,60,63672,California
Madera,2021-06-14,102,112257,71,55042,14,52794,17,4421,42,10303,58,53428,59,63731,California
Marin,2020-12-15,2,2,2,2,0,0,0,0,2,2,0,0,2,2,California
Marin,2020-12-16,109,111,109,111,0,0,0,0,109,111,0,0,109,111,California
Marin,2020-12-17,272,383,272,383,0,0,0,0,272,383,0,0,272,383,California
Marin,2020-12-18,386,769,386,769,0,0,0,0,386,769,0,0,386,769,California
Marin,2020-12-19,348,1117,347,1116,1,1,0,0,348,1117,0,0,348,1117,California
Marin,2020-12-20,165,1282,164,1280,1,2,0,0,165,1282,0,0,165,1282,California
Marin,2020-12-21,239,1521,236,1516,3,5,0,0,239,1521,0,0,239,1521,California
Marin,2020-12-22,523,2044,318,1834,205,210,0,0,523,2044,0,0,523,2044,California
Marin,2020-12-23,731,2775,319,2153,412,622,0,0,731,2775,0,0,731,2775,California
Marin,2020-12-24,357,3132,160,2313,197,819,0,0,357,3132,0,0,357,3132,California
Marin,2020-12-25,26,3158,0,2313,26,845,0,0,26,3158,0,0,26,3158,California
Marin,2020-12-26,143,3301,94,2407,49,894,0,0,143,3301,0,0,143,3301,California
Marin,2020-12-27,90,3391,54,2461,36,930,0,0,90,3391,0,0,90,3391,California
Marin,2020-12-28,409,3800,98,2559,311,1241,0,0,409,3800,0,0,409,3800,California
Marin,2020-12-29,401,4201,88,2647,313,1554,0,0,401,4201,0,0,401,4201,California
Marin,2020-12-30,628,4829,390,3037,238,1792,0,0,628,4829,0,0,628,4829,California
Marin,2020-12-31,201,5030,35,3072,166,1958,0,0,200,5028,1,1,200,5029,California
Marin,2021-01-01,26,5056,13,3085,13,1971,0,0,26,5054,0,1,26,5055,California
Marin,2021-01-02,112,5168,106,3191,6,1977,0,0,112,5166,0,1,112,5167,California
Marin,2021-01-03,49,5217,31,3222,18,1995,0,0,45,5211,0,1,45,5212,California
Marin,2021-01-04,295,5512,193,3415,102,2097,0,0,294,5504,1,2,294,5506,California
Marin,2021-01-05,365,5877,218,3633,147,2244,0,0,322,5783,43,45,322,5828,California
Marin,2021-01-06,815,6692,316,3949,499,2743,0,0,634,6236,181,226,634,6462,California
Marin,2021-01-07,885,7577,496,4445,389,3132,0,0,529,6409,356,582,529,6991,California
Marin,2021-01-08,965,8542,510,4955,455,3587,0,0,582,6609,382,964,582,7573,California
Marin,2021-01-09,622,9164,223,5178,399,3986,0,0,492,6971,130,1094,492,8065,California
Marin,2021-01-10,130,9294,101,5279,29,4015,0,0,55,6951,75,1169,55,8120,California
Marin,2021-01-11,471,9765,327,5606,144,4159,0,0,248,6977,222,1391,248,8368,California
Marin,2021-01-12,938,10703,544,6150,394,4553,0,0,568,7179,366,1757,568,8936,California
Marin,2021-01-13,1171,11874,494,6644,677,5230,0,0,935,7878,236,1993,935,9871,California
Marin,2021-01-14,1068,12942,319,6963,749,5979,0,0,916,8645,150,2143,917,10788,California
Marin,2021-01-15,1156,14098,353,7316,803,6782,0,0,1026,9544,129,2272,1028,11816,California
Marin,2021-01-16,1122,15220,916,8232,206,6988,0,0,1046,10514,76,2348,1046,12862,California
Marin,2021-01-17,1236,16456,1115,9347,121,7109,0,0,1207,11696,28,2376,1210,14072,California
Marin,2021-01-18,361,16817,159,9506,202,7311,0,0,311,11957,50,2426,311,14383,California
Marin,2021-01-19,1154,17971,909,10415,245,7556,0,0,981,12766,172,2598,981,15364,California
Marin,2021-01-20,1793,19764,1208,11623,585,8141,0,0,1062,13110,719,3317,1063,16427,California
Marin,2021-01-21,1679,21443,1062,12685,617,8758,0,0,1324,14087,352,3669,1329,17756,California
Marin,2021-01-22,1708,23151,1092,13777,616,9374,0,0,1536,15452,172,3841,1537,19293,California
Marin,2021-01-23,1852,25003,1354,15131,498,9872,0,0,1765,17130,87,3928,1765,21058,California
Marin,2021-01-24,614,25617,165,15296,449,10321,0,0,582,17680,32,3960,582,21640,California
Marin,2021-01-25,1126,26743,230,15526,896,11217,0,0,689,17933,437,4397,690,22330,California
Marin,2021-01-26,1521,28264,780,16306,741,11958,0,0,1139,18691,381,4778,1139,23469,California
Marin,2021-01-27,1721,29985,888,17194,833,12791,0,0,1357,19688,362,5140,1359,24828,California
Marin,2021-01-28,2082,32067,1068,18262,1014,13805,0,0,1818,21246,263,5403,1821,26649,California
Marin,2021-01-29,2204,34271,1433,19695,771,14576,0,0,2007,23069,185,5588,2008,28657,California
Marin,2021-01-30,1723,35994,909,20604,814,15390,0,0,1644,24635,79,5667,1645,30302,California
Marin,2021-01-31,459,36453,323,20927,136,15526,0,0,433,25042,26,5693,433,30735,California
Marin,2021-02-01,1093,37546,416,21343,677,16203,0,0,895,25741,197,5890,896,31631,California
Marin,2021-02-02,1415,38961,494,21837,921,17124,0,0,752,25841,652,6542,752,32383,California
Marin,2021-02-03,1780,40741,422,22259,1358,18482,0,0,1276,26615,502,7044,1276,33659,California
Marin,2021-02-04,1525,42266,501,22760,1024,19506,0,0,928,26949,594,7638,928,34587,California
Marin,2021-02-05,2170,44436,675,23435,1495,21001,0,0,1333,27449,833,8471,1333,35920,California
Marin,2021-02-06,1428,45864,848,24283,580,21581,0,0,604,27230,823,9294,604,36524,California
Marin,2021-02-07,1289,47153,1005,25288,284,21865,0,0,488,26918,800,10094,488,37012,California
Marin,2021-02-08,1528,48681,752,26040,776,22641,0,0,729,26851,796,10890,729,37741,California
Marin,2021-02-09,1781,50462,1122,27162,659,23300,0,0,836,26742,945,11835,836,38577,California
Marin,2021-02-10,2333,52795,1488,28650,845,24145,0,0,1213,26838,1118,12953,1214,39791,California
Marin,2021-02-11,2864,55659,1637,30287,1227,25372,0,0,1445,26872,1414,14367,1448,41239,California
Marin,2021-02-12,3052,58711,1534,31821,1518,26890,0,0,1553,26930,1496,15863,1554,42793,California
Marin,2021-02-13,2329,61040,1243,33064,1086,27976,0,0,1124,26851,1203,17066,1124,43917,California
Marin,2021-02-14,812,61852,300,33364,512,28488,0,0,718,27476,94,17160,719,44636,California
Marin,2021-02-15,1219,63071,356,33720,863,29351,0,0,840,27939,378,17538,841,45477,California
Marin,2021-02-16,2471,65542,1053,34773,1418,30769,0,0,1503,28475,967,18505,1503,46980,California
Marin,2021-02-17,2095,67637,938,35711,1157,31926,0,0,1082,28546,1011,19516,1082,48062,California
Marin,2021-02-18,2413,70050,1587,37298,826,32752,0,0,1058,28251,1353,20869,1058,49120,California
Marin,2021-02-19,2782,72832,2171,39469,611,33363,0,0,1234,27951,1535,22404,1235,50355,California
Marin,2021-02-20,2622,75454,2154,41623,468,33831,0,0,1255,27848,1359,23763,1256,51611,California
Marin,2021-02-21,1330,76784,1129,42752,201,34032,0,0,945,28412,381,24144,945,52556,California
Marin,2021-02-22,1855,78639,1422,44174,433,34465,0,0,1225,29010,627,24771,1225,53781,California
Marin,2021-02-23,2897,81536,1669,45843,1228,35693,0,0,1942,30011,942,25713,1943,55724,California
Marin,2021-02-24,3538,85074,1636,47479,1902,37595,0,0,2267,31016,1263,26976,2268,57992,California
Marin,2021-02-25,4085,89159,1929,49408,2156,39751,0,0,2888,32718,1188,28164,2890,60882,California
Marin,2021-02-26,3670,92829,2001,51409,1669,41420,0,0,2646,34353,1012,29176,2647,63529,California
Marin,2021-02-27,2738,95567,1613,53022,1125,42545,0,0,1895,35411,839,30015,1897,65426,California
Marin,2021-02-28,1648,97215,923,53945,725,43270,0,0,1303,36372,342,30357,1303,66729,California
Marin,2021-03-01,2685,99900,1666,55611,1018,44288,1,1,1810,37317,866,31223,1811,68540,California
Marin,2021-03-02,2524,102424,1690,57301,833,45121,1,2,1726,38250,794,32017,1727,70267,California
Marin,2021-03-03,4357,106781,2424,59725,1929,47050,4,6,2820,39543,1531,33548,2824,73091,California
Marin,2021-03-04,3389,110170,1659,61384,1729,48779,1,7,2372,40908,1010,34558,2375,75466,California
Marin,2021-03-05,3065,113235,1166,62550,1887,50666,12,19,1797,41454,1263,35821,1809,77275,California
Marin,2021-03-06,3233,116468,2324,64874,832,51498,77,96,2658,43618,570,36391,2734,80009,California
Marin,2021-03-07,1390,117858,1172,66046,194,51692,24,120,996,44249,389,36780,1020,81029,California
Marin,2021-03-08,1887,119745,1388,67434,383,52075,116,236,1412,45305,472,37252,1528,82557,California
Marin,2021-03-09,2227,121972,1341,68775,775,52850,111,347,1547,46284,677,37929,1656,84213,California
Marin,2021-03-10,4465,126437,2511,71286,1660,54510,294,641,3222,48563,1238,39167,3517,87730,California
Marin,2021-03-11,4602,131039,1886,73172,2581,57091,135,776,3302,50707,1293,40460,3437,91167,California
Marin,2021-03-12,3967,135006,1541,74713,2077,59168,349,1125,1557,50214,2399,42859,1906,93073,California
Marin,2021-03-13,4103,139109,2867,77580,1165,60333,71,1196,2386,50951,1715,44574,2452,95525,California
Marin,2021-03-14,2288,141397,1105,78685,1066,61399,117,1313,702,50185,1583,46157,817,96342,California
Marin,2021-03-15,3240,144637,1772,80457,1420,62819,48,1361,1206,49416,2022,48179,1253,97595,California
Marin,2021-03-16,4297,148934,2318,82775,1613,64432,366,1727,1459,48405,2834,51013,1823,99418,California
Marin,2021-03-17,4205,153139,2280,85055,1875,66307,50,1777,2050,48362,2142,53155,2099,101517,California
Marin,2021-03-18,4478,157617,2261,87316,2142,68449,75,1852,2124,48221,2337,55492,2196,103713,California
Marin,2021-03-19,4475,162092,2289,89605,1966,70415,220,2072,2324,48622,2140,57632,2541,106254,California
Marin,2021-03-20,3597,165689,1995,91600,1488,71903,114,2186,1930,49010,1657,59289,2045,108299,California
Marin,2021-03-21,1537,167226,1138,92738,376,72279,23,2209,794,49087,740,60029,817,109116,California
Marin,2021-03-22,2473,169699,2139,94877,169,72448,165,2374,890,48565,1577,61606,1055,110171,California
Marin,2021-03-23,4246,173945,2201,97078,1916,74364,129,2503,1862,48180,2376,63982,1991,112162,California
Marin,2021-03-24,4453,178398,2905,99983,1437,75801,111,2614,1805,47459,2635,66617,1914,114076,California
Marin,2021-03-25,4659,183057,2845,102828,1741,77542,73,2687,2254,47393,2391,69008,2325,116401,California
Marin,2021-03-26,4309,187366,2345,105173,1750,79292,214,2901,2403,48120,1890,70898,2617,119018,California
Marin,2021-03-27,3702,191068,2663,107836,1022,80314,17,2918,1134,46712,2558,73456,1150,120168,California
Marin,2021-03-28,2390,193458,1726,109562,658,80972,6,2924,838,46011,1545,75001,844,121012,California
Marin,2021-03-29,2687,196145,2095,111657,567,81539,25,2949,1134,45620,1550,76551,1159,122171,California
Marin,2021-03-30,4662,200807,3652,115309,976,82515,34,2983,2954,46902,1706,78257,2988,125159,California
Marin,2021-03-31,5847,206654,4144,119453,1653,84168,50,3033,2549,46215,3286,81543,2599,127758,California
Marin,2021-04-01,4454,211108,2288,121741,1912,86080,254,3287,2110,46246,2332,83875,2363,130121,California
Marin,2021-04-02,3730,214838,1856,123597,1504,87584,370,3657,1991,46868,1731,85606,2353,132474,California
Marin,2021-04-03,3856,218694,2513,126110,966,88550,377,4034,1460,46321,2384,87990,1837,134311,California
Marin,2021-04-04,1644,220338,1239,127349,203,88753,202,4236,1198,47277,444,88434,1400,135711,California
Marin,2021-04-05,2209,222547,1536,128885,297,89050,376,4612,1268,47983,936,89370,1642,137353,California
Marin,2021-04-06,3971,226518,2109,130994,1306,90356,556,5168,2204,48979,1761,91131,2757,140110,California
Marin,2021-04-07,3960,230478,1997,132991,1320,91676,643,5811,1439,48550,2511,93642,2082,142192,California
Marin,2021-04-08,5059,235537,1976,134967,2476,94152,607,6418,2306,48712,2741,96383,2903,145095,California
Marin,2021-04-09,3996,239533,1558,136525,1706,95858,732,7150,1320,48090,2671,99054,2049,147144,California
Marin,2021-04-10,3218,242751,1486,138011,1300,97158,432,7582,1451,48217,1752,100806,1879,149023,California
Marin,2021-04-11,1057,243808,805,138816,91,97249,161,7743,472,48266,583,101389,632,149655,California
Marin,2021-04-12,1727,245535,1234,140050,336,97585,157,7900,917,48536,806,102195,1076,150731,California
Marin,2021-04-13,3754,249289,2296,142346,1451,99036,7,7907,1376,47552,2367,104562,1383,152114,California
Marin,2021-04-14,4231,253520,2536,144882,1692,100728,3,7910,1726,46801,2480,107042,1729,153843,California
Marin,2021-04-15,5611,259131,3967,148849,1644,102372,0,7910,3218,47653,2380,109422,3232,157075,California
Marin,2021-04-16,4266,263397,2241,151090,2022,104394,3,7913,2080,47567,2170,111592,2084,159159,California
Marin,2021-04-17,3534,266931,2155,153245,1379,105773,0,7913,1764,47566,1765,113357,1764,160923,California
Marin,2021-04-18,3162,270093,3067,156312,95,105868,0,7913,2529,49465,630,113987,2529,163452,California
Marin,2021-04-19,2027,272120,1862,158174,165,106033,0,7913,1150,49745,872,114859,1152,164604,California
Marin,2021-04-20,3677,275797,2547,160721,1130,107163,0,7913,1460,48997,2209,117068,1461,166065,California
Marin,2021-04-21,4008,279805,2940,163661,1065,108228,3,7916,1353,47712,2639,119707,1354,167419,California
Marin,2021-04-22,4219,284024,3221,166882,998,109226,0,7916,1482,46471,2726,122433,1485,168904,California
Marin,2021-04-23,3214,287238,1805,168687,1409,110635,0,7916,1222,45715,1979,124412,1223,170127,California
Marin,2021-04-24,2508,289746,1678,170365,830,111465,0,7916,916,45051,1580,125992,916,171043,California
Marin,2021-04-25,1377,291123,1263,171628,114,111579,0,7916,305,44293,1063,127055,305,171348,California
Marin,2021-04-26,1610,292733,1387,173015,220,111799,3,7919,382,43454,1225,128280,386,171734,California
Marin,2021-04-27,3040,295773,2197,175212,792,112591,51,7970,979,42428,2052,130332,1026,172760,California
Marin,2021-04-28,2307,298080,1586,176798,669,113260,52,8022,730,41634,1574,131906,780,173540,California
Marin,2021-04-29,2886,300966,1978,178776,846,114106,62,8084,794,40409,2081,133987,856,174396,California
Marin,2021-04-30,1949,302915,1274,180050,589,114695,86,8170,695,39945,1245,135232,781,175177,California
Marin,2021-05-01,1835,304750,1021,181071,791,115486,23,8193,542,39224,1285,136517,564,175741,California
Marin,2021-05-02,722,305472,583,181654,110,115596,29,8222,199,38934,517,137034,227,175968,California
Marin,2021-05-03,1209,306681,985,182639,167,115763,57,8279,257,38298,949,137983,313,176281,California
Marin,2021-05-04,2930,309611,1968,184607,871,116634,91,8370,474,36415,2448,140431,565,176846,California
Marin,2021-05-05,2726,312337,2001,186608,601,117235,124,8494,439,34697,2280,142711,562,177408,California
Marin,2021-05-06,3263,315600,2532,189140,643,117878,88,8582,427,32384,2826,145537,513,177921,California
Marin,2021-05-07,2035,317635,1543,190683,407,118285,85,8667,377,31192,1651,147188,459,178380,California
Marin,2021-05-08,2469,320104,1862,192545,485,118770,122,8789,343,29539,2118,149306,465,178845,California
Marin,2021-05-09,979,321083,895,193440,65,118835,19,8808,117,28817,859,150165,137,178982,California
Marin,2021-05-10,1404,322487,1149,194589,185,119020,70,8878,202,27891,1197,151362,271,179253,California
Marin,2021-05-11,2301,324788,1838,196427,407,119427,56,8934,293,26233,2006,153368,348,179601,California
Marin,2021-05-12,1429,326217,1047,197474,313,119740,69,9003,290,25456,1134,154502,357,179958,California
Marin,2021-05-13,2604,328821,2252,199726,298,120038,54,9057,1409,25730,1188,155690,1462,181420,California
Marin,2021-05-14,2202,331023,1451,201177,652,120690,99,9156,881,25394,1315,157005,979,182399,California
Marin,2021-05-15,2728,333751,2261,203438,387,121077,80,9236,1656,26059,1071,158076,1736,184135,California
Marin,2021-05-16,1645,335396,1592,205030,48,121125,5,9241,1332,27084,311,158387,1336,185471,California
Marin,2021-05-17,2125,337521,1980,207010,102,121227,43,9284,1700,28409,418,158805,1743,187214,California
Marin,2021-05-18,1524,339045,1185,208195,284,121511,55,9339,797,28539,721,159526,851,188065,California
Marin,2021-05-19,1535,340580,1238,209433,227,121738,70,9409,775,28629,754,160280,844,188909,California
Marin,2021-05-20,1811,342391,1486,210919,239,121977,86,9495,755,28422,1048,161328,841,189750,California
Marin,2021-05-21,1446,343837,842,211761,555,122532,49,9544,436,27904,1003,162331,485,190235,California
Marin,2021-05-22,1425,345262,1081,212842,287,122819,57,9601,961,28462,460,162791,1018,191253,California
Marin,2021-05-23,473,345735,419,213261,42,122861,12,9613,219,28442,252,163043,232,191485,California
Marin,2021-05-24,639,346374,489,213750,109,122970,41,9654,350,28546,286,163329,390,191875,California
Marin,2021-05-25,995,347369,625,214375,324,123294,46,9700,312,28227,675,164004,356,192231,California
Marin,2021-05-26,706,348075,484,214859,175,123469,47,9747,259,28090,443,164447,306,192537,California
Marin,2021-05-27,1028,349103,662,215521,287,123756,79,9826,343,27829,683,165130,422,192959,California
Marin,2021-05-28,1096,350199,713,216234,303,124059,80,9906,322,27459,770,165900,400,193359,California
Marin,2021-05-29,372,350571,215,216449,147,124206,10,9916,214,27525,158,166058,224,193583,California
Marin,2021-05-30,100,350671,59,216508,36,124242,5,9921,58,27547,41,166099,63,193646,California
Marin,2021-05-31,27,350698,13,216521,13,124255,1,9922,14,27549,13,166112,15,193661,California
Marin,2021-06-01,754,351452,549,217070,160,124415,45,9967,327,27495,425,166537,371,194032,California
Marin,2021-06-02,623,352075,475,217545,96,124511,52,10019,217,27360,402,166939,267,194299,California
Marin,2021-06-03,1497,353572,1324,218869,114,124625,59,10078,239,26404,1255,168194,299,194598,California
Marin,2021-06-04,1000,354572,846,219715,124,124749,30,10108,176,25788,822,169016,206,194804,California
Marin,2021-06-05,1923,356495,1707,221422,168,124917,48,10156,319,24558,1597,170613,367,195171,California
Marin,2021-06-06,1402,357897,1353,222775,15,124932,34,10190,201,23593,1200,171813,235,195406,California
Marin,2021-06-07,1943,359840,1824,224599,69,125001,50,10240,250,22204,1688,173501,299,195705,California
Marin,2021-06-08,982,360822,873,225472,68,125069,41,10281,237,21744,738,174239,278,195983,California
Marin,2021-06-09,739,361561,666,226138,64,125133,9,10290,136,21287,602,174841,145,196128,California
Marin,2021-06-10,883,362444,774,226912,61,125194,48,10338,181,20818,698,175539,229,196357,California
Marin,2021-06-11,649,363093,564,227476,57,125251,28,10366,134,20466,514,176053,162,196519,California
Marin,2021-06-12,916,364009,786,228262,89,125340,41,10407,153,19899,761,176814,194,196713,California
Marin,2021-06-13,399,364408,371,228633,19,125359,9,10416,62,19636,334,177148,71,196784,California
Marin,2021-06-14,660,365068,599,229232,26,125385,35,10451,141,19292,519,177667,175,196959,California
Mariposa,2020-12-17,36,36,36,36,0,0,0,0,38,38,0,0,38,38,California
Mariposa,2020-12-18,55,91,55,91,0,0,0,0,56,94,0,0,56,94,California
Mariposa,2020-12-20,2,93,2,93,0,0,0,0,2,96,0,0,2,96,California
Mariposa,2020-12-21,49,142,49,142,0,0,0,0,53,149,0,0,53,149,California
Mariposa,2020-12-22,6,148,6,148,0,0,0,0,6,155,0,0,6,155,California
Mariposa,2020-12-23,17,165,17,165,0,0,0,0,17,172,0,0,17,172,California
Mariposa,2020-12-24,1,166,0,165,1,1,0,0,0,172,1,1,1,173,California
Mariposa,2020-12-26,1,167,1,166,0,1,0,0,1,173,0,1,1,174,California
Mariposa,2020-12-27,1,168,0,166,1,2,0,0,1,174,0,1,1,175,California
Mariposa,2020-12-28,6,174,3,169,3,5,0,0,6,180,0,1,6,181,California
Mariposa,2020-12-29,33,207,3,172,30,35,0,0,33,213,0,1,33,214,California
Mariposa,2020-12-30,26,233,4,176,22,57,0,0,26,239,0,1,26,240,California
Mariposa,2020-12-31,17,250,0,176,17,74,0,0,17,256,0,1,17,257,California
Mariposa,2021-01-02,1,251,1,177,0,74,0,0,1,257,0,1,1,258,California
Mariposa,2021-01-04,11,262,2,179,9,83,0,0,11,268,0,1,11,269,California
Mariposa,2021-01-05,24,286,14,193,10,93,0,0,14,272,10,11,14,283,California
Mariposa,2021-01-06,8,294,5,198,3,96,0,0,5,274,3,14,5,288,California
Mariposa,2021-01-07,50,344,45,243,5,101,0,0,5,234,45,59,5,293,California
Mariposa,2021-01-08,109,453,79,322,30,131,0,0,34,193,75,134,34,327,California
Mariposa,2021-01-11,31,484,10,332,21,152,0,0,23,208,8,142,23,350,California
Mariposa,2021-01-12,19,503,4,336,15,167,0,0,15,219,4,146,15,365,California
Mariposa,2021-01-13,23,526,5,341,18,185,0,0,18,232,5,151,18,383,California
Mariposa,2021-01-14,74,600,7,348,67,252,0,0,68,294,6,157,68,451,California
Mariposa,2021-01-15,68,668,27,375,41,293,0,0,58,342,10,167,58,509,California
Mariposa,2021-01-16,14,682,2,377,12,305,0,0,13,354,1,168,13,522,California
Mariposa,2021-01-17,4,686,0,377,4,309,0,0,4,358,0,168,4,526,California
Mariposa,2021-01-18,4,690,4,381,0,309,0,0,2,358,2,170,2,528,California
Mariposa,2021-01-19,8,698,4,385,4,313,0,0,5,361,2,172,5,533,California
Mariposa,2021-01-20,23,721,1,386,22,335,0,0,22,382,1,173,22,555,California
Mariposa,2021-01-21,66,787,8,394,58,393,0,0,62,440,4,177,62,617,California
Mariposa,2021-01-22,58,845,4,398,54,447,0,0,56,494,2,179,56,673,California
Mariposa,2021-01-23,116,961,2,400,114,561,0,0,114,606,2,181,114,787,California
Mariposa,2021-01-24,2,963,2,402,0,561,0,0,2,608,0,181,2,789,California
Mariposa,2021-01-25,4,967,1,403,3,564,0,0,0,604,4,185,0,789,California
Mariposa,2021-01-26,38,1005,4,407,34,598,0,0,6,582,32,217,10,799,California
Mariposa,2021-01-27,26,1031,2,409,24,622,0,0,11,579,14,231,11,810,California
Mariposa,2021-01-28,126,1157,3,412,123,745,0,0,113,680,12,243,113,923,California
Mariposa,2021-01-29,84,1241,23,435,61,806,0,0,82,760,2,245,82,1005,California
Mariposa,2021-01-30,9,1250,1,436,8,814,0,0,8,767,1,246,8,1013,California
Mariposa,2021-01-31,1,1251,0,436,1,815,0,0,1,768,0,246,1,1014,California
Mariposa,2021-02-01,91,1342,32,468,59,874,0,0,69,815,22,268,69,1083,California
Mariposa,2021-02-02,15,1357,3,471,12,886,0,0,9,818,6,274,9,1092,California
Mariposa,2021-02-03,22,1379,1,472,21,907,0,0,13,823,8,282,13,1105,California
Mariposa,2021-02-04,100,1479,9,481,91,998,0,0,94,913,5,287,95,1200,California
Mariposa,2021-02-05,192,1671,4,485,188,1186,0,0,165,1052,26,313,165,1365,California
Mariposa,2021-02-06,11,1682,4,489,7,1193,0,0,10,1061,1,314,10,1375,California
Mariposa,2021-02-07,1,1683,0,489,1,1194,0,0,1,1062,0,314,1,1376,California
Mariposa,2021-02-08,41,1724,2,491,39,1233,0,0,22,1065,19,333,22,1398,California
Mariposa,2021-02-09,41,1765,24,515,17,1250,0,0,35,1094,6,339,35,1433,California
Mariposa,2021-02-10,29,1794,4,519,25,1275,0,0,17,1106,11,350,23,1456,California
Mariposa,2021-02-11,375,2169,5,524,370,1645,0,0,361,1456,14,364,364,1820,California
Mariposa,2021-02-12,184,2353,8,532,176,1821,0,0,140,1553,43,407,140,1960,California
Mariposa,2021-02-13,11,2364,3,535,8,1829,0,0,9,1560,2,409,9,1969,California
Mariposa,2021-02-14,10,2374,4,539,6,1835,0,0,5,1560,5,414,5,1974,California
Mariposa,2021-02-15,9,2383,3,542,6,1841,0,0,7,1565,2,416,7,1981,California
Mariposa,2021-02-16,57,2440,34,576,23,1864,0,0,34,1576,23,439,34,2015,California
Mariposa,2021-02-17,36,2476,8,584,28,1892,0,0,27,1597,7,446,28,2043,California
Mariposa,2021-02-18,59,2535,7,591,52,1944,0,0,22,1582,37,483,22,2065,California
Mariposa,2021-02-19,82,2617,3,594,79,2023,0,0,76,1652,6,489,76,2141,California
Mariposa,2021-02-20,256,2873,6,600,250,2273,0,0,226,1849,29,518,226,2367,California
Mariposa,2021-02-21,242,3115,5,605,237,2510,0,0,239,2086,2,520,239,2606,California
Mariposa,2021-02-22,23,3138,8,613,15,2525,0,0,20,2103,3,523,20,2626,California
Mariposa,2021-02-23,45,3183,38,651,7,2532,0,0,26,2110,19,542,26,2652,California
Mariposa,2021-02-24,21,3204,3,654,18,2550,0,0,8,2106,12,554,8,2660,California
Mariposa,2021-02-25,18,3222,9,663,9,2559,0,0,12,2112,6,560,12,2672,California
Mariposa,2021-02-26,430,3652,8,671,422,2981,0,0,369,2423,59,619,370,3042,California
Mariposa,2021-02-27,177,3829,4,675,173,3154,0,0,166,2578,11,630,166,3208,California
Mariposa,2021-02-28,2,3831,1,676,1,3155,0,0,0,2576,2,632,0,3208,California
Mariposa,2021-03-01,82,3913,26,702,56,3211,0,0,16,2527,65,697,16,3224,California
Mariposa,2021-03-02,20,3933,13,715,7,3218,0,0,11,2530,8,705,11,3235,California
Mariposa,2021-03-03,70,4003,4,719,66,3284,0,0,65,2591,5,710,66,3301,California
Mariposa,2021-03-04,42,4045,10,729,32,3316,0,0,20,2592,20,730,21,3322,California
Mariposa,2021-03-05,58,4103,9,738,49,3365,0,0,40,2620,18,748,46,3368,California
Mariposa,2021-03-06,15,4118,6,744,9,3374,0,0,7,2619,8,756,7,3375,California
Mariposa,2021-03-07,1,4119,1,745,0,3374,0,0,0,2618,1,757,0,3375,California
Mariposa,2021-03-08,41,4160,4,749,26,3400,11,11,11,2610,30,787,22,3397,California
Mariposa,2021-03-09,45,4205,18,767,17,3417,10,21,16,2607,29,816,26,3423,California
Mariposa,2021-03-10,32,4237,9,776,13,3430,10,31,10,2605,22,838,20,3443,California
Mariposa,2021-03-11,470,4707,7,783,443,3873,20,51,227,2612,242,1080,249,3692,California
Mariposa,2021-03-12,258,4965,8,791,224,4097,26,77,118,2617,138,1218,143,3835,California
Mariposa,2021-03-13,33,4998,8,799,10,4107,15,92,10,2618,23,1241,24,3859,California
Mariposa,2021-03-14,16,5014,2,801,3,4110,11,103,2,2617,14,1255,13,3872,California
Mariposa,2021-03-15,76,5090,7,808,31,4141,38,141,31,2641,45,1300,69,3941,California
Mariposa,2021-03-16,85,5175,35,843,15,4156,35,176,25,2640,60,1360,59,4000,California
Mariposa,2021-03-17,72,5247,9,852,55,4211,8,184,52,2680,19,1379,59,4059,California
Mariposa,2021-03-18,68,5315,15,867,44,4255,9,193,40,2702,27,1406,49,4108,California
Mariposa,2021-03-19,343,5658,12,879,324,4579,7,200,304,2976,38,1444,312,4420,California
Mariposa,2021-03-20,428,6086,4,883,422,5001,2,202,46,2643,382,1826,49,4469,California
Mariposa,2021-03-21,15,6101,8,891,6,5007,1,203,9,2648,5,1831,10,4479,California
Mariposa,2021-03-22,40,6141,9,900,23,5030,8,211,27,2672,13,1844,37,4516,California
Mariposa,2021-03-23,55,6196,35,935,10,5040,10,221,33,2695,20,1864,43,4559,California
Mariposa,2021-03-24,56,6252,5,940,49,5089,2,223,51,2743,5,1869,53,4612,California
Mariposa,2021-03-25,76,6328,15,955,53,5142,8,231,53,2783,21,1890,61,4673,California
Mariposa,2021-03-26,495,6823,9,964,485,5627,1,232,252,2793,243,2133,253,4926,California
Mariposa,2021-03-27,237,7060,8,972,229,5856,0,232,96,2750,141,2274,98,5024,California
Mariposa,2021-03-28,5,7065,0,972,2,5858,3,235,1,2750,4,2278,4,5028,California
Mariposa,2021-03-29,19,7084,6,978,13,5871,0,235,12,2755,7,2285,12,5040,California
Mariposa,2021-03-30,36,7120,13,991,7,5878,16,251,13,2761,23,2308,29,5069,California
Mariposa,2021-03-31,90,7210,15,1006,68,5946,7,258,69,2816,21,2329,76,5145,California
Mariposa,2021-04-01,54,7264,11,1017,35,5981,8,266,35,2840,19,2348,43,5188,California
Mariposa,2021-04-02,350,7614,12,1029,335,6316,3,269,307,3108,42,2390,310,5498,California
Mariposa,2021-04-03,11,7625,8,1037,3,6319,0,269,6,3109,5,2395,6,5504,California
Mariposa,2021-04-04,2,7627,1,1038,0,6319,1,270,0,3108,2,2397,1,5505,California
Mariposa,2021-04-05,35,7662,22,1060,9,6328,4,274,16,3109,19,2416,20,5525,California
Mariposa,2021-04-06,47,7709,21,1081,10,6338,16,290,15,3109,31,2447,31,5556,California
Mariposa,2021-04-07,99,7808,7,1088,73,6411,19,309,29,3087,70,2517,48,5604,California
Mariposa,2021-04-08,284,8092,15,1103,250,6661,19,328,146,3117,136,2653,166,5770,California
Mariposa,2021-04-09,37,8129,9,1112,13,6674,15,343,10,3115,27,2680,25,5795,California
Mariposa,2021-04-10,203,8332,5,1117,188,6862,10,353,189,3301,12,2692,198,5993,California
Mariposa,2021-04-11,123,8455,3,1120,118,6980,2,355,58,3297,65,2757,61,6054,California
Mariposa,2021-04-12,42,8497,13,1133,27,7007,2,357,13,3283,29,2786,15,6069,California
Mariposa,2021-04-13,56,8553,48,1181,8,7015,0,357,35,3297,21,2807,35,6104,California
Mariposa,2021-04-14,114,8667,9,1190,105,7120,0,357,58,3300,55,2862,58,6162,California
Mariposa,2021-04-15,60,8727,17,1207,43,7163,0,357,45,3333,12,2874,45,6207,California
Mariposa,2021-04-16,382,9109,11,1218,371,7534,0,357,106,3163,276,3150,106,6313,California
Mariposa,2021-04-17,11,9120,7,1225,4,7538,0,357,8,3168,3,3153,8,6321,California
Mariposa,2021-04-18,7,9127,0,1225,7,7545,0,357,3,3167,4,3157,3,6324,California
Mariposa,2021-04-19,61,9188,28,1253,33,7578,0,357,32,3173,26,3183,32,6356,California
Mariposa,2021-04-20,61,9249,48,1301,13,7591,0,357,38,3190,21,3204,38,6394,California
Mariposa,2021-04-21,92,9341,14,1315,78,7669,0,357,43,3185,48,3252,43,6437,California
Mariposa,2021-04-22,50,9391,10,1325,40,7709,0,357,38,3212,11,3263,38,6475,California
Mariposa,2021-04-23,315,9706,70,1395,245,7954,0,357,144,3187,171,3434,146,6621,California
Mariposa,2021-04-24,108,9814,10,1405,98,8052,0,357,42,3165,64,3498,42,6663,California
Mariposa,2021-04-26,16,9830,11,1416,5,8057,0,357,5,3159,11,3509,5,6668,California
Mariposa,2021-04-27,33,9863,17,1433,14,8071,2,359,15,3161,15,3524,17,6685,California
Mariposa,2021-04-28,74,9937,14,1447,53,8124,7,366,27,3148,47,3571,34,6719,California
Mariposa,2021-04-29,84,10021,12,1459,71,8195,1,367,79,3223,5,3576,80,6799,California
Mariposa,2021-04-30,212,10233,4,1463,203,8398,5,372,62,3140,150,3726,67,6866,California
Mariposa,2021-05-01,4,10237,3,1466,1,8399,0,372,1,3138,3,3729,1,6867,California
Mariposa,2021-05-02,3,10240,2,1468,0,8399,1,373,0,3136,3,3732,1,6868,California
Mariposa,2021-05-03,16,10256,12,1480,3,8402,1,374,7,3135,9,3741,8,6876,California
Mariposa,2021-05-04,53,10309,32,1512,17,8419,4,378,37,3160,16,3757,41,6917,California
Mariposa,2021-05-05,57,10366,9,1521,46,8465,2,380,18,3141,39,3796,20,6937,California
Mariposa,2021-05-06,57,10423,37,1558,14,8479,6,386,39,3167,18,3814,44,6981,California
Mariposa,2021-05-07,27,10450,7,1565,17,8496,3,389,13,3169,14,3828,16,6997,California
Mariposa,2021-05-08,286,10736,9,1574,277,8773,0,389,33,2951,253,4081,35,7032,California
Mariposa,2021-05-09,3,10739,1,1575,2,8775,0,389,0,2948,3,4084,0,7032,California
Mariposa,2021-05-10,21,10760,10,1585,9,8784,2,391,5,2939,16,4100,7,7039,California
Mariposa,2021-05-11,28,10788,17,1602,10,8794,1,392,20,2953,7,4107,21,7060,California
Mariposa,2021-05-12,67,10855,4,1606,58,8852,5,397,6,2903,61,4168,11,7071,California
Mariposa,2021-05-13,49,10904,8,1614,39,8891,2,399,13,2882,36,4204,15,7086,California
Mariposa,2021-05-14,249,11153,121,1735,121,9012,7,406,117,2874,132,4336,124,7210,California
Mariposa,2021-05-15,19,11172,9,1744,8,9020,2,408,11,2880,6,4342,12,7222,California
Mariposa,2021-05-16,3,11175,1,1745,1,9021,1,409,1,2880,2,4344,2,7224,California
Mariposa,2021-05-17,18,11193,7,1752,7,9028,4,413,8,2881,10,4354,11,7235,California
Mariposa,2021-05-18,61,11254,41,1793,15,9043,5,418,44,2914,16,4370,49,7284,California
Mariposa,2021-05-19,70,11324,32,1825,37,9080,1,419,51,2948,18,4388,52,7336,California
Mariposa,2021-05-20,34,11358,18,1843,14,9094,2,421,13,2942,21,4409,15,7351,California
Mariposa,2021-05-21,92,11450,8,1851,82,9176,2,423,42,2938,48,4457,44,7395,California
Mariposa,2021-05-22,47,11497,6,1857,40,9216,1,424,17,2926,30,4487,18,7413,California
Mariposa,2021-05-23,4,11501,2,1859,1,9217,1,425,2,2927,2,4489,3,7416,California
Mariposa,2021-05-24,13,11514,7,1866,4,9221,2,427,8,2932,5,4494,10,7426,California
Mariposa,2021-05-25,28,11542,17,1883,11,9232,0,427,19,2943,8,4502,19,7445,California
Mariposa,2021-05-26,35,11577,4,1887,27,9259,4,431,28,2968,7,4509,32,7477,California
Mariposa,2021-05-27,119,11696,64,1951,55,9314,0,431,62,2973,57,4566,62,7539,California
Mariposa,2021-05-28,64,11760,4,1955,56,9370,4,435,23,2959,41,4607,27,7566,California
Mariposa,2021-05-29,8,11768,2,1957,5,9375,1,436,3,2960,3,4610,4,7570,California
Mariposa,2021-05-30,1,11769,0,1957,0,9375,1,437,0,2960,1,4611,1,7571,California
Mariposa,2021-05-31,2,11771,0,1957,1,9376,1,438,0,2959,2,4613,1,7572,California
Mariposa,2021-06-01,14,11785,3,1960,11,9387,0,438,5,2955,9,4622,5,7577,California
Mariposa,2021-06-02,26,11811,14,1974,7,9394,5,443,6,2947,19,4641,11,7588,California
Mariposa,2021-06-03,19,11830,10,1984,7,9401,2,445,7,2944,12,4653,9,7597,California
Mariposa,2021-06-04,89,11919,78,2062,9,9410,2,447,26,2910,61,4714,27,7624,California
Mariposa,2021-06-05,30,11949,4,2066,24,9434,2,449,7,2897,22,4736,9,7633,California
Mariposa,2021-06-06,4,11953,3,2069,0,9434,1,450,1,2896,3,4739,2,7635,California
Mariposa,2021-06-07,10,11963,5,2074,5,9439,0,450,4,2895,5,4744,4,7639,California
Mariposa,2021-06-08,44,12007,34,2108,9,9448,1,451,13,2878,31,4775,14,7653,California
Mariposa,2021-06-09,29,12036,21,2129,3,9451,5,456,7,2868,22,4797,12,7665,California
Mariposa,2021-06-10,16,12052,8,2137,5,9456,3,459,6,2868,10,4807,10,7675,California
Mariposa,2021-06-11,39,12091,9,2146,23,9479,7,466,5,2846,34,4841,12,7687,California
Mariposa,2021-06-12,14,12105,8,2154,5,9484,1,467,2,2836,12,4853,2,7689,California
Mariposa,2021-06-13,1,12106,0,2154,0,9484,1,468,0,2836,1,4854,1,7690,California
Mariposa,2021-06-14,5,12111,2,2156,2,9486,1,469,3,2838,2,4856,4,7694,California
Mendocino,2020-12-17,70,70,70,70,0,0,0,0,70,70,0,0,70,70,California
Mendocino,2020-12-18,84,154,83,153,1,1,0,0,83,153,0,0,83,153,California
Mendocino,2020-12-19,3,157,3,156,0,1,0,0,3,156,0,0,3,156,California
Mendocino,2020-12-20,7,164,7,163,0,1,0,0,7,163,0,0,7,163,California
Mendocino,2020-12-21,239,403,239,402,0,1,0,0,77,240,0,0,77,240,California
Mendocino,2020-12-22,253,656,192,594,61,62,0,0,253,493,0,0,253,493,California
Mendocino,2020-12-23,271,927,48,642,223,285,0,0,270,763,0,0,270,763,California
Mendocino,2020-12-24,48,975,8,650,40,325,0,0,48,811,0,0,48,811,California
Mendocino,2020-12-25,1,976,0,650,1,326,0,0,1,812,0,0,1,812,California
Mendocino,2020-12-26,2,978,2,652,0,326,0,0,2,814,0,0,2,814,California
Mendocino,2020-12-27,1,979,0,652,1,327,0,0,1,815,0,0,1,815,California
Mendocino,2020-12-28,73,1052,8,660,65,392,0,0,73,888,0,0,73,888,California
Mendocino,2020-12-29,119,1171,59,719,60,452,0,0,119,1007,0,0,119,1007,California
Mendocino,2020-12-30,119,1290,66,785,53,505,0,0,119,1126,0,0,119,1126,California
Mendocino,2020-12-31,132,1422,97,882,35,540,0,0,132,1258,0,0,132,1258,California
Mendocino,2021-01-01,9,1431,6,888,3,543,0,0,9,1267,0,0,9,1267,California
Mendocino,2021-01-04,838,2269,18,906,820,1363,0,0,838,2105,0,0,838,2105,California
Mendocino,2021-01-05,74,2343,36,942,38,1401,0,0,61,2153,13,13,61,2166,California
Mendocino,2021-01-06,155,2498,133,1075,22,1423,0,0,146,2290,9,22,146,2312,California
Mendocino,2021-01-07,362,2860,239,1314,123,1546,0,0,299,2526,63,85,299,2611,California
Mendocino,2021-01-08,93,2953,80,1394,13,1559,0,0,40,2514,53,138,41,2652,California
Mendocino,2021-01-09,10,2963,6,1400,4,1563,0,0,8,2520,2,140,8,2660,California
Mendocino,2021-01-10,9,2972,8,1408,1,1564,0,0,2,2515,7,147,2,2662,California
Mendocino,2021-01-11,101,3073,92,1500,9,1573,0,0,43,2501,57,204,43,2705,California
Mendocino,2021-01-12,388,3461,378,1878,10,1583,0,0,271,2655,117,321,271,2976,California
Mendocino,2021-01-13,495,3956,149,2027,346,1929,0,0,450,3063,43,364,451,3427,California
Mendocino,2021-01-14,651,4607,20,2047,631,2560,0,0,642,3696,9,373,642,4069,California
Mendocino,2021-01-15,1872,6479,861,2908,1011,3571,0,0,1868,5561,4,377,1869,5938,California
Mendocino,2021-01-16,794,7273,49,2957,745,4316,0,0,792,6351,2,379,792,6730,California
Mendocino,2021-01-17,555,7828,1,2958,554,4870,0,0,554,6904,1,380,554,7284,California
Mendocino,2021-01-18,486,8314,461,3419,25,4895,0,0,476,7370,10,390,476,7760,California
Mendocino,2021-01-19,330,8644,145,3564,185,5080,0,0,156,7352,174,564,156,7916,California
Mendocino,2021-01-20,555,9199,407,3971,148,5228,0,0,449,7698,104,668,450,8366,California
Mendocino,2021-01-21,538,9737,226,4197,312,5540,0,0,352,7865,185,853,352,8718,California
Mendocino,2021-01-22,152,9889,59,4256,93,5633,0,0,113,7939,39,892,113,8831,California
Mendocino,2021-01-23,157,10046,85,4341,72,5705,0,0,151,8084,6,898,151,8982,California
Mendocino,2021-01-24,4,10050,2,4343,2,5707,0,0,4,8088,0,898,4,8986,California
Mendocino,2021-01-25,192,10242,18,4361,174,5881,0,0,122,8140,70,968,122,9108,California
Mendocino,2021-01-26,152,10394,53,4414,99,5980,0,0,94,8176,58,1026,94,9202,California
Mendocino,2021-01-27,442,10836,372,4786,70,6050,0,0,176,8093,259,1285,176,9378,California
Mendocino,2021-01-28,593,11429,529,5315,64,6114,0,0,499,8499,93,1378,499,9877,California
Mendocino,2021-01-29,392,11821,352,5667,40,6154,0,0,363,8834,29,1407,364,10241,California
Mendocino,2021-01-30,50,11871,32,5699,18,6172,0,0,44,8872,6,1413,44,10285,California
Mendocino,2021-01-31,276,12147,2,5701,274,6446,0,0,4,8604,272,1685,4,10289,California
Mendocino,2021-02-01,382,12529,52,5753,330,6776,0,0,59,8340,323,2008,59,10348,California
Mendocino,2021-02-02,739,13268,519,6272,220,6996,0,0,378,8357,361,2369,378,10726,California
Mendocino,2021-02-03,393,13661,208,6480,185,7181,0,0,222,8410,169,2538,222,10948,California
Mendocino,2021-02-04,628,14289,532,7012,96,7277,0,0,502,8786,126,2664,502,11450,California
Mendocino,2021-02-05,1307,15596,1216,8228,91,7368,0,0,586,8653,719,3383,586,12036,California
Mendocino,2021-02-06,553,16149,153,8381,400,7768,0,0,538,9176,15,3398,538,12574,California
Mendocino,2021-02-07,33,16182,29,8410,4,7772,0,0,33,9209,0,3398,33,12607,California
Mendocino,2021-02-08,747,16929,715,9125,32,7804,0,0,284,9030,463,3861,284,12891,California
Mendocino,2021-02-09,140,17069,58,9183,82,7886,0,0,88,9066,52,3913,88,12979,California
Mendocino,2021-02-10,1489,18558,926,10109,563,8449,0,0,742,9068,740,4653,742,13721,California
Mendocino,2021-02-11,1210,19768,207,10316,1003,9452,0,0,300,8458,910,5563,300,14021,California
Mendocino,2021-02-12,1459,21227,162,10478,1297,10749,0,0,659,8318,799,6362,659,14680,California
Mendocino,2021-02-13,502,21729,16,10494,486,11235,0,0,103,8028,398,6760,108,14788,California
Mendocino,2021-02-14,696,22425,4,10498,692,11927,0,0,135,7602,561,7321,135,14923,California
Mendocino,2021-02-15,330,22755,42,10540,288,12215,0,0,174,7620,156,7477,174,15097,California
Mendocino,2021-02-16,199,22954,52,10592,147,12362,0,0,128,7677,71,7548,128,15225,California
Mendocino,2021-02-17,1353,24307,1190,11782,163,12525,0,0,876,8078,475,8023,876,16101,California
Mendocino,2021-02-18,1789,26096,646,12428,1143,13668,0,0,1222,8735,565,8588,1222,17323,California
Mendocino,2021-02-19,755,26851,147,12575,608,14276,0,0,613,9207,142,8730,614,17937,California
Mendocino,2021-02-20,582,27433,556,13131,26,14302,0,0,549,9725,31,8761,549,18486,California
Mendocino,2021-02-21,325,27758,6,13137,319,14621,0,0,313,10027,11,8772,313,18799,California
Mendocino,2021-02-22,161,27919,29,13166,132,14753,0,0,69,10006,90,8862,69,18868,California
Mendocino,2021-02-23,860,28779,847,14013,13,14766,0,0,646,10440,212,9074,646,19514,California
Mendocino,2021-02-24,1854,30633,1771,15784,83,14849,0,0,1441,11475,408,9482,1443,20957,California
Mendocino,2021-02-25,1710,32343,535,16319,1175,16024,0,0,1286,12338,423,9905,1286,22243,California
Mendocino,2021-02-26,1415,33758,749,17068,666,16690,0,0,1052,13030,360,10265,1052,23295,California
Mendocino,2021-02-27,198,33956,146,17214,52,16742,0,0,77,12987,120,10385,77,23372,California
Mendocino,2021-02-28,34,33990,12,17226,22,16764,0,0,24,13001,10,10395,24,23396,California
Mendocino,2021-03-01,594,34584,551,17777,43,16807,0,0,554,13518,37,10432,554,23950,California
Mendocino,2021-03-02,73,34657,27,17804,46,16853,0,0,39,13524,33,10465,39,23989,California
Mendocino,2021-03-03,2039,36696,1339,19143,700,17553,0,0,1387,14262,649,11114,1387,25376,California
Mendocino,2021-03-04,1850,38546,147,19290,1703,19256,0,0,1633,15682,214,11328,1634,27010,California
Mendocino,2021-03-05,477,39023,418,19708,50,19306,9,9,373,15964,100,11428,382,27392,California
Mendocino,2021-03-06,247,39270,23,19731,197,19503,27,36,202,16149,44,11472,229,27621,California
Mendocino,2021-03-07,506,39776,8,19739,478,19981,20,56,117,15897,388,11860,136,27757,California
Mendocino,2021-03-08,123,39899,28,19767,57,20038,38,94,63,15940,58,11918,101,27858,California
Mendocino,2021-03-09,936,40835,600,20367,296,20334,40,134,831,16706,105,12023,871,28729,California
Mendocino,2021-03-10,1146,41981,983,21350,98,20432,65,199,271,16174,871,12894,339,29068,California
Mendocino,2021-03-11,844,42825,628,21978,163,20595,53,252,402,16190,439,13333,455,29523,California
Mendocino,2021-03-12,2071,44896,1058,23036,899,21494,114,366,1239,16718,825,14158,1353,30876,California
Mendocino,2021-03-13,706,45602,572,23608,76,21570,58,424,104,16282,598,14756,162,31038,California
Mendocino,2021-03-14,106,45708,4,23612,95,21665,7,431,12,16211,90,14846,19,31057,California
Mendocino,2021-03-15,606,46314,51,23663,496,22161,59,490,216,16097,388,15234,274,31331,California
Mendocino,2021-03-16,580,46894,386,24049,148,22309,46,536,117,15799,461,15695,163,31494,California
Mendocino,2021-03-17,1587,48481,1387,25436,51,22360,149,685,217,14805,1366,17061,372,31866,California
Mendocino,2021-03-18,1310,49791,248,25684,1025,23385,37,722,280,14099,1022,18083,316,32182,California
Mendocino,2021-03-19,1777,51568,855,26539,863,24248,59,781,332,13052,1440,19523,393,32575,California
Mendocino,2021-03-20,68,51636,10,26549,38,24286,20,801,11,13026,57,19580,31,32606,California
Mendocino,2021-03-21,8,51644,1,26550,2,24288,5,806,3,13029,5,19585,8,32614,California
Mendocino,2021-03-22,661,52305,617,27167,15,24303,29,835,146,12692,511,20096,174,32788,California
Mendocino,2021-03-23,161,52466,31,27198,100,24403,30,865,111,12783,50,20146,141,32929,California
Mendocino,2021-03-24,916,53382,845,28043,24,24427,47,912,108,12132,806,20952,155,33084,California
Mendocino,2021-03-25,2017,55399,53,28096,1944,26371,20,932,178,10495,1833,22785,196,33280,California
Mendocino,2021-03-26,547,55946,395,28491,126,26497,26,958,113,10200,433,23218,138,33418,California
Mendocino,2021-03-27,144,56090,13,28504,119,26616,12,970,80,10228,63,23281,91,33509,California
Mendocino,2021-03-28,24,56114,5,28509,15,26631,4,974,3,10215,20,23301,7,33516,California
Mendocino,2021-03-29,191,56305,99,28608,48,26679,44,1018,97,10262,94,23395,141,33657,California
Mendocino,2021-03-30,713,57018,630,29238,46,26725,37,1055,104,9796,607,24002,141,33798,California
Mendocino,2021-03-31,916,57934,281,29519,574,27299,61,1116,153,9249,761,24763,214,34012,California
Mendocino,2021-04-01,1750,59684,421,29940,1248,28547,81,1197,380,8349,1360,26123,460,34472,California
Mendocino,2021-04-02,1311,60995,1079,31019,159,28706,73,1270,157,7428,1151,27274,230,34702,California
Mendocino,2021-04-03,709,61704,10,31029,678,29384,21,1291,87,6919,617,27891,108,34810,California
Mendocino,2021-04-04,71,61775,35,31064,30,29414,6,1297,55,6964,16,27907,61,34871,California
Mendocino,2021-04-05,210,61985,140,31204,46,29460,24,1321,125,7025,85,27992,146,35017,California
Mendocino,2021-04-06,396,62381,123,31327,179,29639,94,1415,108,6939,288,28280,202,35219,California
Mendocino,2021-04-07,490,62871,179,31506,65,29704,246,1661,115,6927,372,28652,360,35579,California
Mendocino,2021-04-08,1503,64374,924,32430,465,30169,114,1775,1009,7564,487,29139,1124,36703,California
Mendocino,2021-04-09,763,65137,429,32859,173,30342,161,1936,399,7761,363,29502,560,37263,California
Mendocino,2021-04-10,408,65545,92,32951,271,30613,45,1981,99,7596,309,29811,144,37407,California
Mendocino,2021-04-11,121,65666,47,32998,19,30632,55,2036,59,7648,62,29873,114,37521,California
Mendocino,2021-04-12,622,66288,514,33512,48,30680,60,2096,406,7898,216,30089,466,37987,California
Mendocino,2021-04-13,289,66577,227,33739,62,30742,0,2096,223,8055,66,30155,223,38210,California
Mendocino,2021-04-14,520,67097,428,34167,92,30834,0,2096,422,8379,98,30253,422,38632,California
Mendocino,2021-04-15,660,67757,329,34496,331,31165,0,2096,388,8500,267,30520,388,39020,California
Mendocino,2021-04-16,125,67882,54,34550,70,31235,1,2097,77,8531,47,30567,78,39098,California
Mendocino,2021-04-17,195,68077,13,34563,182,31417,0,2097,68,8474,125,30692,68,39166,California
Mendocino,2021-04-18,14,68091,6,34569,8,31425,0,2097,7,8476,5,30697,7,39173,California
Mendocino,2021-04-19,537,68628,515,35084,21,31446,1,2098,425,8791,111,30808,426,39599,California
Mendocino,2021-04-20,419,69047,291,35375,128,31574,0,2098,263,8899,155,30963,263,39862,California
Mendocino,2021-04-21,190,69237,134,35509,55,31629,1,2099,115,8941,73,31036,115,39977,California
Mendocino,2021-04-22,486,69723,314,35823,171,31800,1,2100,313,9084,170,31206,313,40290,California
Mendocino,2021-04-23,851,70574,701,36524,150,31950,0,2100,696,9628,152,31358,696,40986,California
Mendocino,2021-04-24,107,70681,14,36538,93,32043,0,2100,100,9721,7,31365,100,41086,California
Mendocino,2021-04-25,57,70738,34,36572,19,32062,4,2104,19,9706,38,31403,23,41109,California
Mendocino,2021-04-26,307,71045,238,36810,64,32126,5,2109,201,9807,105,31508,206,41315,California
Mendocino,2021-04-27,206,71251,90,36900,89,32215,27,2136,94,9816,111,31619,120,41435,California
Mendocino,2021-04-28,225,71476,151,37051,55,32270,19,2155,129,9869,96,31715,149,41584,California
Mendocino,2021-04-29,1147,72623,843,37894,289,32559,15,2170,110,8962,1032,32747,125,41709,California
Mendocino,2021-04-30,606,73229,383,38277,214,32773,9,2179,227,8820,378,33125,236,41945,California
Mendocino,2021-05-01,473,73702,433,38710,33,32806,7,2186,368,9091,104,33229,375,42320,California
Mendocino,2021-05-02,55,73757,45,38755,7,32813,3,2189,8,9055,47,33276,11,42331,California
Mendocino,2021-05-03,148,73905,85,38840,41,32854,22,2211,43,9017,103,33379,65,42396,California
Mendocino,2021-05-04,378,74283,252,39092,92,32946,34,2245,140,8953,238,33617,174,42570,California
Mendocino,2021-05-05,875,75158,789,39881,71,33017,15,2260,220,8533,654,34271,234,42804,California
Mendocino,2021-05-06,631,75789,381,40262,228,33245,22,2282,154,8234,475,34746,176,42980,California
Mendocino,2021-05-07,184,75973,34,40296,126,33371,24,2306,120,8315,63,34809,144,43124,California
Mendocino,2021-05-08,126,76099,4,40300,121,33492,1,2307,110,8411,15,34824,111,43235,California
Mendocino,2021-05-09,20,76119,5,40305,14,33506,1,2308,3,8398,17,34841,4,43239,California
Mendocino,2021-05-10,242,76361,161,40466,76,33582,5,2313,149,8459,93,34934,154,43393,California
Mendocino,2021-05-11,278,76639,141,40607,119,33701,18,2331,130,8458,147,35081,146,43539,California
Mendocino,2021-05-12,142,76781,80,40687,54,33755,8,2339,44,8414,96,35177,52,43591,California
Mendocino,2021-05-13,1231,78012,1123,41810,91,33846,17,2356,322,7844,909,36086,339,43930,California
Mendocino,2021-05-14,717,78729,490,42300,163,34009,64,2420,246,7688,466,36552,310,44240,California
Mendocino,2021-05-15,82,78811,27,42327,51,34060,4,2424,38,7686,44,36596,42,44282,California
Mendocino,2021-05-16,115,78926,102,42429,11,34071,2,2426,98,7770,17,36613,101,44383,California
Mendocino,2021-05-17,168,79094,83,42512,69,34140,16,2442,93,7804,75,36688,109,44492,California
Mendocino,2021-05-18,244,79338,118,42630,98,34238,28,2470,106,7800,137,36825,133,44625,California
Mendocino,2021-05-19,331,79669,196,42826,114,34352,21,2491,244,7980,85,36910,265,44890,California
Mendocino,2021-05-20,292,79961,117,42943,133,34485,42,2533,106,7945,183,37093,148,45038,California
Mendocino,2021-05-21,648,80609,473,43416,160,34645,15,2548,505,8323,142,37235,520,45558,California
Mendocino,2021-05-22,783,81392,674,44090,101,34746,8,2556,242,8033,540,37775,250,45808,California
Mendocino,2021-05-23,28,81420,11,44101,10,34756,7,2563,15,8041,13,37788,21,45829,California
Mendocino,2021-05-24,126,81546,43,44144,62,34818,21,2584,59,8055,66,37854,80,45909,California
Mendocino,2021-05-25,294,81840,176,44320,89,34907,29,2613,134,8058,160,38014,163,46072,California
Mendocino,2021-05-26,322,82162,242,44562,68,34975,12,2625,130,8009,191,38205,142,46214,California
Mendocino,2021-05-27,244,82406,112,44674,110,35085,22,2647,102,7992,140,38345,123,46337,California
Mendocino,2021-05-28,235,82641,96,44770,127,35212,12,2659,154,8079,79,38424,166,46503,California
Mendocino,2021-05-29,47,82688,16,44786,26,35238,5,2664,27,8091,20,38444,32,46535,California
Mendocino,2021-05-30,15,82703,2,44788,12,35250,1,2665,10,8097,5,38449,11,46546,California
Mendocino,2021-05-31,5,82708,0,44788,4,35254,1,2666,2,8097,3,38452,3,46549,California
Mendocino,2021-06-01,296,83004,90,44878,197,35451,9,2675,80,7970,216,38668,89,46638,California
Mendocino,2021-06-02,156,83160,58,44936,90,35541,8,2683,55,7935,98,38766,63,46701,California
Mendocino,2021-06-03,558,83718,458,45394,91,35632,9,2692,122,7637,429,39195,131,46832,California
Mendocino,2021-06-04,312,84030,189,45583,101,35733,22,2714,82,7511,230,39425,104,46936,California
Mendocino,2021-06-05,158,84188,63,45646,77,35810,18,2732,59,7491,97,39522,77,47013,California
Mendocino,2021-06-06,63,84251,58,45704,2,35812,3,2735,2,7435,61,39583,5,47018,California
Mendocino,2021-06-07,149,84400,72,45776,65,35877,12,2747,59,7416,90,39673,71,47089,California
Mendocino,2021-06-08,226,84626,130,45906,83,35960,13,2760,98,7403,124,39797,111,47200,California
Mendocino,2021-06-09,308,84934,247,46153,51,36011,10,2770,105,7317,202,39999,116,47316,California
Mendocino,2021-06-10,113,85047,61,46214,42,36053,10,2780,49,7313,64,40063,60,47376,California
Mendocino,2021-06-11,672,85719,534,46748,120,36173,18,2798,84,6829,586,40649,102,47478,California
Mendocino,2021-06-12,55,85774,35,46783,15,36188,5,2803,15,6810,39,40688,20,47498,California
Mendocino,2021-06-13,21,85795,9,46792,10,36198,2,2805,9,6809,12,40700,11,47509,California
Mendocino,2021-06-14,29,85824,10,46802,6,36204,13,2818,4,6801,24,40724,16,47525,California
Merced,2020-12-16,3,3,3,3,0,0,0,0,3,3,0,0,3,3,California
Merced,2020-12-17,8,11,8,11,0,0,0,0,8,11,0,0,8,11,California
Merced,2020-12-18,145,156,145,156,0,0,0,0,145,156,0,0,145,156,California
Merced,2020-12-19,37,193,37,193,0,0,0,0,37,193,0,0,37,193,California
Merced,2020-12-20,18,211,18,211,0,0,0,0,18,211,0,0,18,211,California
Merced,2020-12-21,125,336,121,332,4,4,0,0,124,334,1,1,124,335,California
Merced,2020-12-22,152,488,152,484,0,4,0,0,152,486,0,1,152,487,California
Merced,2020-12-23,253,741,246,730,7,11,0,0,251,735,2,3,251,738,California
Merced,2020-12-24,72,813,72,802,0,11,0,0,72,807,0,3,72,810,California
Merced,2020-12-25,4,817,4,806,0,11,0,0,4,811,0,3,4,814,California
Merced,2020-12-26,6,823,3,809,3,14,0,0,6,817,0,3,6,820,California
Merced,2020-12-27,12,835,11,820,1,15,0,0,12,829,0,3,12,832,California
Merced,2020-12-28,124,959,98,918,26,41,0,0,123,951,1,4,123,955,California
Merced,2020-12-29,185,1144,128,1046,57,98,0,0,185,1136,0,4,185,1140,California
Merced,2020-12-30,215,1359,89,1135,126,224,0,0,215,1351,0,4,215,1355,California
Merced,2020-12-31,104,1463,34,1169,70,294,0,0,103,1454,0,4,103,1458,California
Merced,2021-01-01,5,1468,1,1170,4,298,0,0,5,1459,0,4,5,1463,California
Merced,2021-01-02,129,1597,118,1288,11,309,0,0,129,1588,0,4,129,1592,California
Merced,2021-01-03,11,1608,5,1293,6,315,0,0,9,1597,0,4,9,1601,California
Merced,2021-01-04,83,1691,43,1336,40,355,0,0,83,1680,0,4,83,1684,California
Merced,2021-01-05,325,2016,235,1571,90,445,0,0,316,1988,9,13,317,2001,California
Merced,2021-01-06,258,2274,105,1676,153,598,0,0,252,2234,6,19,252,2253,California
Merced,2021-01-07,187,2461,83,1759,104,702,0,0,175,2396,13,32,175,2428,California
Merced,2021-01-08,532,2993,393,2152,139,841,0,0,375,2616,155,187,375,2803,California
Merced,2021-01-09,22,3015,9,2161,13,854,0,0,17,2628,5,192,17,2820,California
Merced,2021-01-10,11,3026,7,2168,4,858,0,0,7,2631,4,196,7,2827,California
Merced,2021-01-11,232,3258,173,2341,59,917,0,0,103,2609,126,322,104,2931,California
Merced,2021-01-12,293,3551,168,2509,125,1042,0,0,243,2801,51,373,243,3174,California
Merced,2021-01-13,383,3934,175,2684,208,1250,0,0,228,2875,155,528,229,3403,California
Merced,2021-01-14,327,4261,204,2888,123,1373,0,0,156,2866,165,693,156,3559,California
Merced,2021-01-15,604,4865,147,3035,457,1830,0,0,546,3355,59,752,548,4107,California
Merced,2021-01-16,225,5090,139,3174,86,1916,0,0,197,3534,18,770,197,4304,California
Merced,2021-01-17,50,5140,12,3186,38,1954,0,0,49,3582,1,771,49,4353,California
Merced,2021-01-18,274,5414,130,3316,144,2098,0,0,248,3805,26,797,249,4602,California
Merced,2021-01-19,722,6136,597,3913,125,2223,0,0,542,4174,173,970,542,5144,California
Merced,2021-01-20,580,6716,471,4384,109,2332,0,0,518,4632,62,1032,520,5664,California
Merced,2021-01-21,1030,7746,658,5042,372,2704,0,0,914,5433,114,1146,915,6579,California
Merced,2021-01-22,1327,9073,696,5738,631,3335,0,0,1289,6695,37,1183,1299,7878,California
Merced,2021-01-23,324,9397,198,5936,126,3461,0,0,217,6805,107,1290,217,8095,California
Merced,2021-01-24,37,9434,15,5951,22,3483,0,0,28,6825,8,1298,28,8123,California
Merced,2021-01-25,734,10168,241,6192,493,3976,0,0,670,7433,62,1360,670,8793,California
Merced,2021-01-26,931,11099,492,6684,439,4415,0,0,675,7890,219,1579,676,9469,California
Merced,2021-01-27,989,12088,589,7273,400,4815,0,0,816,8535,171,1750,816,10285,California
Merced,2021-01-28,1146,13234,600,7873,546,5361,0,0,1019,9428,126,1876,1019,11304,California
Merced,2021-01-29,854,14088,326,8199,528,5889,0,0,598,9791,238,2114,601,11905,California
Merced,2021-01-30,262,14350,28,8227,234,6123,0,0,244,10017,18,2132,244,12149,California
Merced,2021-01-31,47,14397,11,8238,36,6159,0,0,46,10062,1,2133,46,12195,California
Merced,2021-02-01,380,14777,55,8293,325,6484,0,0,328,10340,51,2184,329,12524,California
Merced,2021-02-02,300,15077,180,8473,120,6604,0,0,178,10400,119,2303,179,12703,California
Merced,2021-02-03,352,15429,72,8545,280,6884,0,0,170,10391,179,2482,170,12873,California
Merced,2021-02-04,374,15803,147,8692,227,7111,0,0,240,10500,131,2613,240,13113,California
Merced,2021-02-05,512,16315,169,8861,343,7454,0,0,271,10537,236,2849,273,13386,California
Merced,2021-02-06,393,16708,221,9082,172,7626,0,0,244,10638,143,2992,244,13630,California
Merced,2021-02-07,20,16728,12,9094,8,7634,0,0,13,10644,7,2999,13,13643,California
Merced,2021-02-08,291,17019,204,9298,87,7721,0,0,171,10702,114,3113,172,13815,California
Merced,2021-02-09,1226,18245,964,10262,262,7983,0,0,774,11038,438,3551,774,14589,California
Merced,2021-02-10,1880,20125,1449,11711,431,8414,0,0,1277,11735,580,4131,1277,15866,California
Merced,2021-02-11,2577,22702,2029,13740,548,8962,0,0,1821,12831,725,4856,1821,17687,California
Merced,2021-02-12,1735,24437,1030,14770,705,9667,0,0,747,12642,938,5794,749,18436,California
Merced,2021-02-13,366,24803,208,14978,158,9825,0,0,263,12813,94,5888,265,18701,California
Merced,2021-02-14,117,24920,25,15003,92,9917,0,0,95,12887,22,5910,96,18797,California
Merced,2021-02-15,274,25194,42,15045,232,10149,0,0,168,12957,99,6009,169,18966,California
Merced,2021-02-16,1222,26416,847,15892,375,10524,0,0,835,13436,360,6369,839,19805,California
Merced,2021-02-17,1908,28324,1658,17550,250,10774,0,0,1314,14189,568,6937,1321,21126,California
Merced,2021-02-18,1230,29554,830,18380,400,11174,0,0,408,13810,790,7727,411,21537,California
Merced,2021-02-19,1294,30848,419,18799,875,12049,0,0,538,13610,740,8467,540,22077,California
Merced,2021-02-20,278,31126,31,18830,247,12296,0,0,139,13612,137,8604,139,22216,California
Merced,2021-02-21,76,31202,62,18892,14,12310,0,0,30,13598,44,8648,30,22246,California
Merced,2021-02-22,834,32036,297,19189,537,12847,0,0,483,13733,348,8996,483,22729,California
Merced,2021-02-23,1086,33122,424,19613,662,13509,0,0,640,13934,439,9435,640,23369,California
Merced,2021-02-24,824,33946,305,19918,519,14028,0,0,451,14022,364,9799,452,23821,California
Merced,2021-02-25,1782,35728,888,20806,894,14922,0,0,1320,14892,453,10252,1323,25144,California
Merced,2021-02-26,2162,37890,1386,22192,776,15698,0,0,1745,16229,409,10661,1746,26890,California
Merced,2021-02-27,2615,40505,1187,23379,1428,17126,0,0,2326,18269,286,10947,2326,29216,California
Merced,2021-02-28,312,40817,73,23452,238,17364,1,1,258,18477,50,10997,258,29474,California
Merced,2021-03-01,1131,41948,287,23739,843,18207,1,2,785,18929,333,11330,785,30259,California
Merced,2021-03-02,1766,43714,916,24655,849,19056,1,3,1362,19907,386,11716,1364,31623,California
Merced,2021-03-03,2250,45964,1748,26403,501,19557,1,4,1473,20633,748,12464,1474,33097,California
Merced,2021-03-04,2919,48883,2291,28694,626,20183,2,6,1927,21600,961,13425,1928,35025,California
Merced,2021-03-05,2080,50963,1201,29895,855,21038,24,30,1533,22627,531,13956,1558,36583,California
Merced,2021-03-06,1168,52131,664,30559,482,21520,22,52,912,23306,255,14211,934,37517,California
Merced,2021-03-07,230,52361,68,30627,138,21658,24,76,202,23504,28,14239,226,37743,California
Merced,2021-03-08,1404,53765,807,31434,532,22190,65,141,1188,24558,198,14437,1252,38995,California
Merced,2021-03-09,1703,55468,1009,32443,585,22775,109,250,1099,25187,576,15013,1205,40200,California
Merced,2021-03-10,2726,58194,1880,34323,645,23420,201,451,1636,25980,1043,16056,1836,42036,California
Merced,2021-03-11,1983,60177,700,35023,1082,24502,201,652,1252,26733,699,16755,1452,43488,California
Merced,2021-03-12,2256,62433,905,35928,1076,25578,275,927,1518,27820,695,17450,1782,45270,California
Merced,2021-03-13,1083,63516,309,36237,533,26111,241,1168,779,28469,296,17746,945,46215,California
Merced,2021-03-14,251,63767,137,36374,84,26195,30,1198,150,28549,100,17846,180,46395,California
Merced,2021-03-15,1588,65355,502,36876,828,27023,258,1456,1061,29294,515,18361,1260,47655,California
Merced,2021-03-16,1477,66832,719,37595,531,27554,227,1683,980,30020,482,18843,1208,48863,California
Merced,2021-03-17,2004,68836,1073,38668,753,28307,178,1861,1519,31267,449,19292,1696,50559,California
Merced,2021-03-18,2202,71038,1264,39932,789,29096,149,2010,1442,32095,727,20019,1555,52114,California
Merced,2021-03-19,2675,73713,1459,41391,1019,30115,197,2207,1387,32405,1273,21292,1583,53697,California
Merced,2021-03-20,2460,76173,1530,42921,535,30650,395,2602,964,32280,1488,22780,1363,55060,California
Merced,2021-03-21,556,76729,343,43264,201,30851,12,2614,437,32613,118,22898,451,55511,California
Merced,2021-03-22,1268,77997,633,43897,558,31409,77,2691,886,33208,370,23268,965,56476,California
Merced,2021-03-23,1840,79837,1108,45005,668,32077,64,2755,1357,34153,476,23744,1421,57897,California
Merced,2021-03-24,1473,81310,931,45936,507,32584,35,2790,993,34710,471,24215,1028,58925,California
Merced,2021-03-25,3332,84642,2282,48218,1026,33610,24,2814,2089,35593,1230,25445,2113,61038,California
Merced,2021-03-26,1952,86594,1096,49314,820,34430,36,2850,900,35488,1039,26484,934,61972,California
Merced,2021-03-27,3566,90160,1909,51223,1239,35669,418,3268,1553,35461,1998,28482,1971,63943,California
Merced,2021-03-28,526,90686,217,51440,301,35970,8,3276,215,35376,308,28790,223,64166,California
Merced,2021-03-29,1832,92518,781,52221,884,36854,167,3443,669,35062,1154,29944,840,65006,California
Merced,2021-03-30,2153,94671,806,53027,1288,38142,59,3502,990,34958,1155,31099,1051,66057,California
Merced,2021-03-31,2156,96827,1416,54443,702,38844,38,3540,953,34773,1177,32276,992,67049,California
Merced,2021-04-01,2348,99175,1054,55497,1164,40008,130,3670,1046,34661,1288,33564,1176,68225,California
Merced,2021-04-02,2342,101517,643,56140,1293,41301,406,4076,789,34320,1535,35099,1194,69419,California
Merced,2021-04-03,1054,102571,570,56710,469,41770,15,4091,639,34569,407,35506,656,70075,California
Merced,2021-04-04,369,102940,143,56853,223,41993,3,4094,142,34490,226,35732,147,70222,California
Merced,2021-04-05,1278,104218,609,57462,455,42448,214,4308,418,34270,851,36583,631,70853,California
Merced,2021-04-06,2426,106644,897,58359,699,43147,830,5138,892,34458,1528,38111,1716,72569,California
Merced,2021-04-07,1676,108320,899,59258,669,43816,108,5246,592,34096,1064,39175,702,73271,California
Merced,2021-04-08,2433,110753,1296,60554,920,44736,217,5463,942,33797,1456,40631,1157,74428,California
Merced,2021-04-09,1705,112458,476,61030,651,45387,578,6041,568,33824,1118,41749,1145,75573,California
Merced,2021-04-10,979,113437,368,61398,424,45811,187,6228,175,33386,798,42547,360,75933,California
Merced,2021-04-11,489,113926,283,61681,72,45883,134,6362,148,33330,339,42886,283,76216,California
Merced,2021-04-12,1509,115435,986,62667,398,46281,125,6487,867,33724,598,43484,992,77208,California
Merced,2021-04-13,2047,117482,1466,64133,579,46860,2,6489,939,33655,1014,44498,945,78153,California
Merced,2021-04-14,2101,119583,1265,65398,836,47696,0,6489,929,33547,1040,45538,932,79085,California
Merced,2021-04-15,3025,122608,1979,67377,1046,48742,0,6489,955,32672,1835,47373,960,80045,California
Merced,2021-04-16,2382,124990,1167,68544,1215,49957,0,6489,971,32331,1312,48685,971,81016,California
Merced,2021-04-17,2107,127097,1447,69991,659,50616,1,6490,686,31610,1410,50095,689,81705,California
Merced,2021-04-18,472,127569,248,70239,224,50840,0,6490,191,31548,253,50348,191,81896,California
Merced,2021-04-19,1337,128906,752,70991,585,51425,0,6490,706,31720,535,50883,707,82603,California
Merced,2021-04-20,1477,130383,741,71732,736,52161,0,6490,805,31922,603,51486,805,83408,California
Merced,2021-04-21,1504,131887,913,72645,591,52752,0,6490,762,32056,629,52115,763,84171,California
Merced,2021-04-22,1620,133507,743,73388,877,53629,0,6490,783,32085,755,52870,784,84955,California
Merced,2021-04-23,1651,135158,686,74074,965,54594,0,6490,886,32253,719,53589,887,85842,California
Merced,2021-04-24,875,136033,701,74775,174,54768,0,6490,565,32514,304,53893,565,86407,California
Merced,2021-04-25,327,136360,187,74962,140,54908,0,6490,192,32574,132,54025,192,86599,California
Merced,2021-04-26,1221,137581,534,75496,687,55595,0,6490,640,32670,546,54571,642,87241,California
Merced,2021-04-27,1771,139352,893,76389,866,56461,12,6502,709,32402,990,55561,722,87963,California
Merced,2021-04-28,1370,140722,680,77069,682,57143,8,6510,783,32630,564,56125,792,88755,California
Merced,2021-04-29,1446,142168,635,77704,786,57929,25,6535,688,32597,748,56873,715,89470,California
Merced,2021-04-30,1458,143626,615,78319,799,58728,44,6579,748,32688,702,57575,793,90263,California
Merced,2021-05-01,561,144187,241,78560,315,59043,5,6584,261,32657,296,57871,265,90528,California
Merced,2021-05-02,295,144482,120,78680,160,59203,15,6599,130,32640,164,58035,147,90675,California
Merced,2021-05-03,847,145329,556,79236,221,59424,70,6669,303,32476,538,58573,374,91049,California
Merced,2021-05-04,1022,146351,547,79783,423,59847,52,6721,377,32265,639,59212,428,91477,California
Merced,2021-05-05,1365,147716,865,80648,424,60271,76,6797,659,32307,694,59906,736,92213,California
Merced,2021-05-06,916,148632,479,81127,387,60658,50,6847,301,32051,607,60513,351,92564,California
Merced,2021-05-07,1070,149702,424,81551,604,61262,42,6889,416,31864,648,61161,461,93025,California
Merced,2021-05-08,397,150099,202,81753,159,61421,36,6925,183,31870,213,61374,219,93244,California
Merced,2021-05-09,212,150311,105,81858,100,61521,7,6932,101,31868,110,61484,108,93352,California
Merced,2021-05-10,694,151005,357,82215,300,61821,37,6969,189,31592,503,61987,227,93579,California
Merced,2021-05-11,1146,152151,681,82896,408,62229,57,7026,440,31388,701,62688,497,94076,California
Merced,2021-05-12,1067,153218,601,83497,424,62653,42,7068,368,31103,696,63384,411,94487,California
Merced,2021-05-13,857,154075,452,83949,363,63016,42,7110,346,30985,506,63890,388,94875,California
Merced,2021-05-14,1025,155100,616,84565,369,63385,40,7150,535,31077,483,64373,575,95450,California
Merced,2021-05-15,759,155859,575,85140,165,63550,19,7169,449,31248,298,64671,469,95919,California
Merced,2021-05-16,348,156207,233,85373,107,63657,8,7177,199,31309,147,64818,208,96127,California
Merced,2021-05-17,1092,157299,712,86085,350,64007,30,7207,539,31333,546,65364,570,96697,California
Merced,2021-05-18,1270,158569,851,86936,388,64395,31,7238,719,31538,545,65909,750,97447,California
Merced,2021-05-19,1104,159673,756,87692,341,64736,7,7245,627,31703,473,66382,638,98085,California
Merced,2021-05-20,1033,160706,547,88239,431,65167,55,7300,394,31517,637,67019,451,98536,California
Merced,2021-05-21,1174,161880,670,88909,476,65643,28,7328,486,31355,677,67696,515,99051,California
Merced,2021-05-22,750,162630,537,89446,200,65843,13,7341,448,31520,299,67995,464,99515,California
Merced,2021-05-23,331,162961,232,89678,87,65930,12,7353,222,31646,108,68103,234,99749,California
Merced,2021-05-24,593,163554,248,89926,315,66245,30,7383,225,31539,363,68466,256,100005,California
Merced,2021-05-25,762,164316,431,90357,296,66541,35,7418,401,31616,358,68824,435,100440,California
Merced,2021-05-26,973,165289,551,90908,389,66930,33,7451,405,31488,566,69390,438,100878,California
Merced,2021-05-27,923,166212,653,91561,237,67167,33,7484,572,31746,348,69738,606,101484,California
Merced,2021-05-28,764,166976,345,91906,372,67539,47,7531,336,31710,420,70158,384,101868,California
Merced,2021-05-29,391,167367,271,92177,112,67651,8,7539,172,31675,216,70374,181,102049,California
Merced,2021-05-30,214,167581,146,92323,57,67708,11,7550,135,31743,78,70452,146,102195,California
Merced,2021-05-31,110,167691,24,92347,80,67788,6,7556,31,31704,77,70529,38,102233,California
Merced,2021-06-01,792,168483,470,92817,290,68078,32,7588,340,31629,447,70976,372,102605,California
Merced,2021-06-02,740,169223,479,93296,235,68313,26,7614,366,31654,367,71343,392,102997,California
Merced,2021-06-03,751,169974,477,93773,240,68553,34,7648,333,31608,411,71754,365,103362,California
Merced,2021-06-04,787,170761,444,94217,321,68874,22,7670,330,31510,451,72205,353,103715,California
Merced,2021-06-05,490,171251,387,94604,94,68968,9,7679,181,31396,304,72509,190,103905,California
Merced,2021-06-06,225,171476,189,94793,30,68998,6,7685,84,31345,141,72650,90,103995,California
Merced,2021-06-07,651,172127,520,95313,119,69117,12,7697,194,31097,456,73106,208,104203,California
Merced,2021-06-08,848,172975,628,95941,196,69313,24,7721,273,30822,572,73678,297,104500,California
Merced,2021-06-09,768,173743,639,96580,114,69427,15,7736,224,30526,535,74213,239,104739,California
Merced,2021-06-10,622,174365,431,97011,173,69600,18,7754,258,30445,357,74570,276,105015,California
Merced,2021-06-11,456,174821,259,97270,182,69782,15,7769,191,30391,262,74832,208,105223,California
Merced,2021-06-12,421,175242,323,97593,76,69858,22,7791,130,30253,290,75122,152,105375,California
Merced,2021-06-13,250,175492,130,97723,115,69973,5,7796,65,30138,185,75307,70,105445,California
Merced,2021-06-14,183,175675,111,97834,60,70033,12,7808,75,30117,108,75415,87,105532,California
Modoc,2020-12-16,2,2,2,2,0,0,0,0,2,2,0,0,2,2,California
Modoc,2020-12-21,99,101,99,101,0,0,0,0,99,101,0,0,99,101,California
Modoc,2020-12-22,14,115,14,115,0,0,0,0,14,115,0,0,14,115,California
Modoc,2020-12-23,4,119,4,119,0,0,0,0,4,119,0,0,4,119,California
Modoc,2020-12-24,1,120,1,120,0,0,0,0,1,120,0,0,1,120,California
Modoc,2020-12-28,2,122,2,122,0,0,0,0,2,122,0,0,2,122,California
Modoc,2020-12-29,9,131,1,123,8,8,0,0,9,131,0,0,9,131,California
Modoc,2020-12-30,8,139,1,124,7,15,0,0,8,139,0,0,8,139,California
Modoc,2021-01-02,3,142,1,125,2,17,0,0,3,142,0,0,3,142,California
Modoc,2021-01-04,8,150,0,125,8,25,0,0,8,150,0,0,8,150,California
Modoc,2021-01-05,3,153,2,127,1,26,0,0,3,153,0,0,3,153,California
Modoc,2021-01-06,4,157,3,130,1,27,0,0,2,153,2,2,2,155,California
Modoc,2021-01-07,72,229,0,130,72,99,0,0,72,225,0,2,72,227,California
Modoc,2021-01-08,106,335,0,130,106,205,0,0,106,331,0,2,106,333,California
Modoc,2021-01-10,1,336,1,131,0,205,0,0,0,330,1,3,0,333,California
Modoc,2021-01-11,90,426,81,212,9,214,0,0,19,278,71,74,19,352,California
Modoc,2021-01-12,94,520,25,237,69,283,0,0,68,320,26,100,68,420,California
Modoc,2021-01-13,24,544,4,241,20,303,0,0,22,340,2,102,22,442,California
Modoc,2021-01-14,129,673,6,247,123,426,0,0,124,459,5,107,124,566,California
Modoc,2021-01-15,5,678,1,248,4,430,0,0,5,464,0,107,5,571,California
Modoc,2021-01-16,2,680,1,249,1,431,0,0,2,466,0,107,2,573,California
Modoc,2021-01-18,3,683,1,250,2,433,0,0,3,469,0,107,3,576,California
Modoc,2021-01-19,5,688,3,253,2,435,0,0,3,470,2,109,3,579,California
Modoc,2021-01-20,13,701,3,256,10,445,0,0,12,481,1,110,12,591,California
Modoc,2021-01-21,160,861,2,258,158,603,0,0,160,641,0,110,160,751,California
Modoc,2021-01-22,4,865,2,260,2,605,0,0,4,645,0,110,4,755,California
Modoc,2021-01-25,12,877,0,260,12,617,0,0,12,657,0,110,12,767,California
Modoc,2021-01-26,109,986,1,261,108,725,0,0,109,766,0,110,109,876,California
Modoc,2021-01-27,45,1031,3,264,42,767,0,0,30,781,15,125,30,906,California
Modoc,2021-01-28,148,1179,4,268,144,911,0,0,147,927,1,126,147,1053,California
Modoc,2021-01-29,4,1183,1,269,3,914,0,0,4,931,0,126,4,1057,California
Modoc,2021-02-01,26,1209,13,282,13,927,0,0,12,929,14,140,12,1069,California
Modoc,2021-02-02,172,1381,2,284,170,1097,0,0,169,1095,3,143,169,1238,California
Modoc,2021-02-03,18,1399,13,297,5,1102,0,0,11,1099,7,150,11,1249,California
Modoc,2021-02-04,158,1557,3,300,155,1257,0,0,30,1001,128,278,30,1279,California
Modoc,2021-02-05,3,1560,2,302,1,1258,0,0,2,1002,1,279,2,1281,California
Modoc,2021-02-08,10,1570,1,303,9,1267,0,0,9,1010,1,280,9,1290,California
Modoc,2021-02-09,198,1768,11,314,187,1454,0,0,65,942,133,413,65,1355,California
Modoc,2021-02-10,6,1774,3,317,3,1457,0,0,4,944,2,415,4,1359,California
Modoc,2021-02-11,200,1974,2,319,198,1655,0,0,82,908,118,533,82,1441,California
Modoc,2021-02-12,8,1982,2,321,6,1661,0,0,3,906,5,538,3,1444,California
Modoc,2021-02-13,2,1984,0,321,2,1663,0,0,1,906,1,539,1,1445,California
Modoc,2021-02-16,147,2131,6,327,141,1804,0,0,141,1041,6,545,141,1586,California
Modoc,2021-02-17,24,2155,2,329,22,1826,0,0,11,1039,13,558,11,1597,California
Modoc,2021-02-18,192,2347,4,333,188,2014,0,0,23,896,168,726,25,1622,California
Modoc,2021-02-19,3,2350,3,336,0,2014,0,0,2,897,1,727,2,1624,California
Modoc,2021-02-20,1,2351,1,337,0,2014,0,0,0,896,1,728,0,1624,California
Modoc,2021-02-22,17,2368,9,346,8,2022,0,0,3,885,14,742,3,1627,California
Modoc,2021-02-23,73,2441,2,348,71,2093,0,0,9,830,64,806,9,1636,California
Modoc,2021-02-24,94,2535,2,350,92,2185,0,0,32,800,62,868,32,1668,California
Modoc,2021-02-25,171,2706,0,350,171,2356,0,0,12,653,159,1027,12,1680,California
Modoc,2021-02-26,2,2708,0,350,2,2358,0,0,1,653,1,1028,1,1681,California
Modoc,2021-02-27,3,2711,3,353,0,2358,0,0,2,654,1,1029,2,1683,California
Modoc,2021-03-01,5,2716,0,353,5,2363,0,0,0,650,4,1033,0,1683,California
Modoc,2021-03-02,194,2910,11,364,183,2546,0,0,26,508,168,1201,26,1709,California
Modoc,2021-03-03,12,2922,6,370,6,2552,0,0,2,500,10,1211,2,1711,California
Modoc,2021-03-04,175,3097,0,370,175,2727,0,0,147,619,28,1239,147,1858,California
Modoc,2021-03-05,3,3100,2,372,1,2728,0,0,2,620,1,1240,2,1860,California
Modoc,2021-03-06,11,3111,0,372,1,2729,10,10,1,621,10,1250,11,1871,California
Modoc,2021-03-07,8,3119,2,374,0,2729,6,16,2,623,6,1256,8,1879,California
Modoc,2021-03-08,9,3128,1,375,4,2733,4,20,1,621,7,1263,5,1884,California
Modoc,2021-03-09,127,3255,10,385,109,2842,8,28,61,624,66,1329,69,1953,California
Modoc,2021-03-10,9,3264,3,388,2,2844,4,32,4,627,5,1334,8,1961,California
Modoc,2021-03-11,208,3472,0,388,99,2943,109,141,22,572,186,1520,131,2092,California
Modoc,2021-03-12,10,3482,1,389,4,2947,5,146,4,575,6,1526,9,2101,California
Modoc,2021-03-13,4,3486,0,389,1,2948,3,149,1,576,3,1529,4,2105,California
Modoc,2021-03-15,14,3500,0,389,13,2961,1,150,12,587,2,1531,13,2118,California
Modoc,2021-03-16,173,3673,1,390,168,3129,4,154,42,501,131,1662,45,2163,California
Modoc,2021-03-17,11,3684,2,392,4,3133,5,159,2,499,9,1671,7,2170,California
Modoc,2021-03-18,67,3751,2,394,58,3191,7,166,36,511,31,1702,43,2213,California
Modoc,2021-03-19,5,3756,0,394,0,3191,5,171,0,511,5,1707,5,2218,California
Modoc,2021-03-20,5,3761,2,396,0,3191,3,174,0,509,5,1712,3,2221,California
Modoc,2021-03-21,3,3764,1,397,0,3191,2,176,1,510,2,1714,3,2224,California
Modoc,2021-03-22,17,3781,1,398,11,3202,5,181,12,522,5,1719,17,2241,California
Modoc,2021-03-23,58,3839,7,405,48,3250,3,184,42,551,16,1735,45,2286,California
Modoc,2021-03-24,29,3868,1,406,18,3268,10,194,1,534,28,1763,11,2297,California
Modoc,2021-03-25,79,3947,3,409,74,3342,2,196,47,551,32,1795,49,2346,California
Modoc,2021-03-26,8,3955,3,412,2,3344,3,199,3,552,5,1800,6,2352,California
Modoc,2021-03-27,2,3957,0,412,1,3345,1,200,1,553,1,1801,2,2354,California
Modoc,2021-03-28,1,3958,1,413,0,3345,0,200,0,552,1,1802,0,2354,California
Modoc,2021-03-29,15,3973,1,414,6,3351,8,208,6,557,9,1811,14,2368,California
Modoc,2021-03-30,54,4027,9,423,39,3390,6,214,21,551,33,1844,27,2395,California
Modoc,2021-03-31,10,4037,3,426,3,3393,4,218,4,553,6,1850,8,2403,California
Modoc,2021-04-01,169,4206,2,428,162,3555,5,223,34,457,135,1985,39,2442,California
Modoc,2021-04-02,5,4211,0,428,2,3557,3,226,1,458,3,1988,4,2446,California
Modoc,2021-04-03,4,4215,1,429,0,3557,3,229,1,459,2,1990,3,2449,California
Modoc,2021-04-05,10,4225,0,429,9,3566,1,230,9,468,1,1991,10,2459,California
Modoc,2021-04-06,23,4248,5,434,8,3574,10,240,5,465,18,2009,15,2474,California
Modoc,2021-04-07,12,4260,1,435,4,3578,7,247,3,466,9,2018,10,2484,California
Modoc,2021-04-08,96,4356,1,436,92,3670,3,250,26,425,70,2088,29,2513,California
Modoc,2021-04-09,11,4367,2,438,6,3676,3,253,2,420,9,2097,4,2517,California
Modoc,2021-04-10,5,4372,0,438,1,3677,4,257,0,419,5,2102,4,2521,California
Modoc,2021-04-11,2,4374,2,440,0,3677,0,257,1,419,1,2103,1,2522,California
Modoc,2021-04-12,14,4388,0,440,10,3687,4,261,1,413,11,2114,5,2527,California
Modoc,2021-04-13,34,4422,30,470,4,3691,0,261,22,423,12,2126,22,2549,California
Modoc,2021-04-14,2,4424,2,472,0,3691,0,261,1,423,1,2127,1,2550,California
Modoc,2021-04-15,102,4526,0,472,102,3793,0,261,29,379,73,2200,29,2579,California
Modoc,2021-04-16,6,4532,4,476,2,3795,0,261,5,383,1,2201,5,2584,California
Modoc,2021-04-17,2,4534,2,478,0,3795,0,261,2,385,0,2201,2,2586,California
Modoc,2021-04-18,1,4535,0,478,1,3796,0,261,1,386,0,2201,1,2587,California
Modoc,2021-04-19,6,4541,0,478,6,3802,0,261,1,382,5,2206,1,2588,California
Modoc,2021-04-20,43,4584,2,480,41,3843,0,261,9,357,34,2240,9,2597,California
Modoc,2021-04-21,3,4587,3,483,0,3843,0,261,1,356,2,2242,1,2598,California
Modoc,2021-04-22,97,4684,3,486,94,3937,0,261,38,335,59,2301,38,2636,California
Modoc,2021-04-23,4,4688,0,486,4,3941,0,261,3,337,1,2302,3,2639,California
Modoc,2021-04-24,2,4690,0,486,1,3942,1,262,1,338,1,2303,2,2641,California
Modoc,2021-04-25,1,4691,1,487,0,3942,0,262,1,339,0,2303,1,2642,California
Modoc,2021-04-26,8,4699,0,487,8,3950,0,262,2,335,6,2309,2,2644,California
Modoc,2021-04-27,6,4705,5,492,0,3950,1,263,1,332,5,2314,2,2646,California
Modoc,2021-04-28,6,4711,1,493,4,3954,1,264,2,331,4,2318,3,2649,California
Modoc,2021-04-29,66,4777,1,494,65,4019,0,264,21,307,45,2363,21,2670,California
Modoc,2021-04-30,3,4780,2,496,1,4020,0,264,1,306,2,2365,1,2671,California
Modoc,2021-05-01,1,4781,1,497,0,4020,0,264,0,305,1,2366,0,2671,California
Modoc,2021-05-02,4,4785,3,500,1,4021,0,264,3,307,1,2367,3,2674,California
Modoc,2021-05-03,14,4799,0,500,13,4034,1,265,4,302,10,2377,5,2679,California
Modoc,2021-05-04,9,4808,3,503,4,4038,2,267,4,303,5,2382,6,2685,California
Modoc,2021-05-05,28,4836,25,528,2,4040,1,268,8,292,20,2402,9,2694,California
Modoc,2021-05-06,55,4891,3,531,50,4090,2,270,21,281,34,2436,23,2717,California
Modoc,2021-05-07,8,4899,3,534,3,4093,2,272,2,279,6,2442,4,2721,California
Modoc,2021-05-08,3,4902,2,536,0,4093,1,273,1,279,2,2444,2,2723,California
Modoc,2021-05-09,1,4903,1,537,0,4093,0,273,0,278,1,2445,0,2723,California
Modoc,2021-05-10,2,4905,0,537,1,4094,1,274,1,279,1,2446,2,2725,California
Modoc,2021-05-11,3,4908,2,539,0,4094,1,275,0,277,3,2449,1,2726,California
Modoc,2021-05-12,3,4911,0,539,0,4094,3,278,0,277,3,2452,3,2729,California
Modoc,2021-05-13,44,4955,0,539,40,4134,4,282,14,265,30,2482,18,2747,California
Modoc,2021-05-14,9,4964,3,542,1,4135,5,287,4,269,5,2487,9,2756,California
Modoc,2021-05-15,4,4968,3,545,1,4136,0,287,4,273,0,2487,4,2760,California
Modoc,2021-05-16,2,4970,1,546,1,4137,0,287,0,271,2,2489,0,2760,California
Modoc,2021-05-17,7,4977,3,549,4,4141,0,287,4,272,3,2492,4,2764,California
Modoc,2021-05-18,26,5003,13,562,11,4152,2,289,14,276,12,2504,16,2780,California
Modoc,2021-05-19,8,5011,1,563,3,4155,4,293,4,280,4,2508,8,2788,California
Modoc,2021-05-20,58,5069,3,566,46,4201,9,302,8,247,50,2558,17,2805,California
Modoc,2021-05-21,5,5074,3,569,1,4202,1,303,2,247,3,2561,3,2808,California
Modoc,2021-05-22,2,5076,2,571,0,4202,0,303,1,247,1,2562,1,2809,California
Modoc,2021-05-23,2,5078,2,573,0,4202,0,303,0,245,2,2564,0,2809,California
Modoc,2021-05-24,4,5082,1,574,1,4203,2,305,2,247,2,2566,4,2813,California
Modoc,2021-05-25,2,5084,1,575,1,4204,0,305,1,247,1,2567,1,2814,California
Modoc,2021-05-26,35,5119,32,607,3,4207,0,305,25,263,10,2577,26,2840,California
Modoc,2021-05-27,31,5150,3,610,22,4229,6,311,8,254,23,2600,14,2854,California
Modoc,2021-05-28,8,5158,1,611,4,4233,3,314,3,255,5,2605,6,2860,California
Modoc,2021-05-29,1,5159,1,612,0,4233,0,314,0,254,1,2606,0,2860,California
Modoc,2021-06-01,7,5166,0,612,6,4239,1,315,2,252,5,2611,3,2863,California
Modoc,2021-06-02,11,5177,0,612,9,4248,2,317,5,253,6,2617,7,2870,California
Modoc,2021-06-03,24,5201,1,613,21,4269,2,319,4,239,20,2637,6,2876,California
Modoc,2021-06-04,5,5206,3,616,1,4270,1,320,0,235,5,2642,1,2877,California
Modoc,2021-06-05,1,5207,0,616,1,4271,0,320,0,234,1,2643,0,2877,California
Modoc,2021-06-07,4,5211,4,620,0,4271,0,320,1,232,3,2646,1,2878,California
Modoc,2021-06-08,26,5237,7,627,18,4289,1,321,19,245,7,2653,20,2898,California
Modoc,2021-06-09,4,5241,3,630,1,4290,0,321,3,247,1,2654,3,2901,California
Modoc,2021-06-10,20,5261,1,631,18,4308,1,322,7,242,13,2667,8,2909,California
Modoc,2021-06-11,5,5266,2,633,3,4311,0,322,4,245,1,2668,4,2913,California
Modoc,2021-06-12,2,5268,1,634,1,4312,0,322,0,243,2,2670,0,2913,California
Modoc,2021-06-14,2,5270,0,634,0,4312,2,324,0,243,2,2672,2,2915,California
Mono,2020-12-18,1,1,1,1,0,0,0,0,1,1,0,0,1,1,California
Mono,2020-12-19,5,6,5,6,0,0,0,0,5,6,0,0,5,6,California
Mono,2020-12-20,7,13,7,13,0,0,0,0,7,13,0,0,7,13,California
Mono,2020-12-21,24,37,17,30,7,7,0,0,24,37,0,0,24,37,California
Mono,2020-12-22,68,105,67,97,1,8,0,0,68,105,0,0,68,105,California
Mono,2020-12-23,73,178,45,142,28,36,0,0,73,178,0,0,73,178,California
Mono,2020-12-24,3,181,1,143,2,38,0,0,3,181,0,0,3,181,California
Mono,2020-12-26,3,184,3,146,0,38,0,0,3,184,0,0,3,184,California
Mono,2020-12-27,1,185,0,146,1,39,0,0,1,185,0,0,1,185,California
Mono,2020-12-28,93,278,62,208,31,70,0,0,93,278,0,0,93,278,California
Mono,2020-12-29,28,306,28,236,0,70,0,0,28,306,0,0,28,306,California
Mono,2020-12-30,77,383,36,272,41,111,0,0,77,383,0,0,77,383,California
Mono,2020-12-31,4,387,1,273,3,114,0,0,4,387,0,0,4,387,California
Mono,2021-01-01,4,391,4,277,0,114,0,0,4,391,0,0,4,391,California
Mono,2021-01-02,2,393,2,279,0,114,0,0,2,393,0,0,2,393,California
Mono,2021-01-04,2,395,0,279,2,116,0,0,2,395,0,0,2,395,California
Mono,2021-01-05,45,440,2,281,43,159,0,0,44,438,1,1,44,439,California
Mono,2021-01-06,51,491,0,281,51,210,0,0,51,489,0,1,51,490,California
Mono,2021-01-07,55,546,3,284,52,262,0,0,53,541,2,3,54,544,California
Mono,2021-01-08,2,548,1,285,1,263,0,0,1,541,1,4,1,545,California
Mono,2021-01-09,4,552,4,289,0,263,0,0,0,537,4,8,0,545,California
Mono,2021-01-10,5,557,5,294,0,263,0,0,0,532,5,13,0,545,California
Mono,2021-01-11,8,565,5,299,3,266,0,0,4,532,4,17,4,549,California
Mono,2021-01-12,286,851,78,377,208,474,0,0,220,687,65,82,220,769,California
Mono,2021-01-13,235,1086,74,451,161,635,0,0,179,810,56,138,179,948,California
Mono,2021-01-14,75,1161,72,523,3,638,0,0,74,883,1,139,74,1022,California
Mono,2021-01-15,70,1231,2,525,68,706,0,0,70,953,0,139,70,1092,California
Mono,2021-01-16,4,1235,3,528,1,707,0,0,1,951,3,142,1,1093,California
Mono,2021-01-18,63,1298,54,582,9,716,0,0,2,892,61,203,2,1095,California
Mono,2021-01-19,211,1509,209,791,2,718,0,0,173,1028,38,241,174,1269,California
Mono,2021-01-20,232,1741,199,990,33,751,0,0,171,1139,61,302,172,1441,California
Mono,2021-01-21,6,1747,3,993,3,754,0,0,6,1145,0,302,6,1447,California
Mono,2021-01-22,5,1752,0,993,5,759,0,0,5,1150,0,302,5,1452,California
Mono,2021-01-23,597,2349,597,1590,0,759,0,0,596,1745,1,303,596,2048,California
Mono,2021-01-24,1,2350,0,1590,1,760,0,0,0,1744,1,304,0,2048,California
Mono,2021-01-25,204,2554,166,1756,38,798,0,0,165,1870,39,343,165,2213,California
Mono,2021-01-26,510,3064,508,2264,2,800,0,0,504,2368,6,349,504,2717,California
Mono,2021-01-27,5,3069,1,2265,4,804,0,0,5,2373,0,349,5,2722,California
Mono,2021-01-28,6,3075,2,2267,4,808,0,0,2,2371,4,353,2,2724,California
Mono,2021-01-30,200,3275,198,2465,2,810,0,0,199,2569,1,354,199,2923,California
Mono,2021-01-31,249,3524,138,2603,111,921,0,0,139,2598,110,464,139,3062,California
Mono,2021-02-01,27,3551,27,2630,0,921,0,0,0,2571,27,491,0,3062,California
Mono,2021-02-02,5,3556,0,2630,5,926,0,0,2,2570,3,494,2,3064,California
Mono,2021-02-03,5,3561,2,2632,3,929,0,0,2,2569,3,497,2,3066,California
Mono,2021-02-04,212,3773,158,2790,54,983,0,0,91,2540,120,617,91,3157,California
Mono,2021-02-05,623,4396,617,3407,6,989,0,0,620,3157,3,620,620,3777,California
Mono,2021-02-06,138,4534,137,3544,1,990,0,0,137,3293,1,621,137,3914,California
Mono,2021-02-07,2,4536,0,3544,2,992,0,0,2,3295,0,621,2,3916,California
Mono,2021-02-08,174,4710,173,3717,1,993,0,0,16,3154,157,778,16,3932,California
Mono,2021-02-09,227,4937,6,3723,221,1214,0,0,14,2955,213,991,14,3946,California
Mono,2021-02-10,536,5473,187,3910,349,1563,0,0,192,2804,344,1335,193,4139,California
Mono,2021-02-11,8,5481,4,3914,4,1567,0,0,2,2800,6,1341,2,4141,California
Mono,2021-02-12,94,5575,22,3936,72,1639,0,0,28,2762,66,1407,28,4169,California
Mono,2021-02-13,591,6166,591,4527,0,1639,0,0,27,2226,563,1970,27,4196,California
Mono,2021-02-15,168,6334,166,4693,2,1641,0,0,3,2066,163,2133,3,4199,California
Mono,2021-02-16,523,6857,519,5212,4,1645,0,0,46,1638,474,2607,46,4245,California
Mono,2021-02-17,6,6863,2,5214,4,1649,0,0,2,1636,4,2611,2,4247,California
Mono,2021-02-18,6,6869,2,5216,4,1653,0,0,2,1634,4,2615,2,4249,California
Mono,2021-02-19,54,6923,53,5269,1,1654,0,0,54,1688,0,2615,54,4303,California
Mono,2021-02-20,5,6928,5,5274,0,1654,0,0,5,1693,0,2615,5,4308,California
Mono,2021-02-21,8,6936,8,5282,0,1654,0,0,6,1697,2,2617,6,4314,California
Mono,2021-02-22,283,7219,282,5564,1,1655,0,0,24,1463,258,2875,24,4338,California
Mono,2021-02-23,142,7361,119,5683,23,1678,0,0,26,1373,116,2991,26,4364,California
Mono,2021-02-24,12,7373,3,5686,9,1687,0,0,4,1369,8,2999,4,4368,California
Mono,2021-02-25,5,7378,2,5688,3,1690,0,0,3,1371,1,3000,3,4371,California
Mono,2021-02-26,604,7982,602,6290,2,1692,0,0,20,808,583,3583,20,4391,California
Mono,2021-02-27,141,8123,137,6427,4,1696,0,0,4,677,135,3718,4,4395,California
Mono,2021-02-28,1,8124,0,6427,0,1696,1,1,0,677,1,3719,1,4396,California
Mono,2021-03-01,2,8126,2,6429,0,1696,0,1,1,678,0,3719,1,4397,California
Mono,2021-03-02,8,8134,4,6433,4,1700,0,1,6,682,2,3721,6,4403,California
Mono,2021-03-03,114,8248,3,6436,111,1811,0,1,110,789,3,3724,110,4513,California
Mono,2021-03-04,6,8254,1,6437,5,1816,0,1,3,789,3,3727,3,4516,California
Mono,2021-03-05,40,8294,30,6467,10,1826,0,1,13,775,27,3754,13,4529,California
Mono,2021-03-06,518,8812,18,6485,500,2326,0,1,509,1278,7,3761,510,5039,California
Mono,2021-03-07,1,8813,0,6485,1,2327,0,1,0,1277,1,3762,0,5039,California
Mono,2021-03-08,547,9360,11,6496,533,2860,3,4,537,1807,10,3772,540,5579,California
Mono,2021-03-09,6,9366,2,6498,3,2863,1,5,3,1809,2,3774,4,5583,California
Mono,2021-03-10,285,9651,90,6588,192,3055,3,8,9,1548,273,4047,12,5595,California
Mono,2021-03-11,10,9661,0,6588,1,3056,9,17,0,1547,10,4057,9,5604,California
Mono,2021-03-12,7,9668,1,6589,1,3057,5,22,0,1545,7,4064,5,5609,California
Mono,2021-03-13,837,10505,396,6985,440,3497,1,23,826,2361,11,4075,827,6436,California
Mono,2021-03-14,6,10511,6,6991,0,3497,0,23,1,2357,5,4080,1,6437,California
Mono,2021-03-15,31,10542,23,7014,3,3500,5,28,14,2360,16,4096,19,6456,California
Mono,2021-03-16,17,10559,6,7020,5,3505,6,34,8,2365,9,4105,14,6470,California
Mono,2021-03-17,32,10591,4,7024,20,3525,8,42,20,2381,12,4117,28,6498,California
Mono,2021-03-18,21,10612,2,7026,11,3536,8,50,9,2386,12,4129,17,6515,California
Mono,2021-03-19,21,10633,1,7027,17,3553,3,53,17,2403,3,4132,20,6535,California
Mono,2021-03-20,5,10638,3,7030,1,3554,1,54,4,2407,1,4133,5,6540,California
Mono,2021-03-22,11,10649,0,7030,6,3560,5,59,5,2411,6,4139,10,6550,California
Mono,2021-03-23,45,10694,6,7036,34,3594,5,64,17,2405,28,4167,22,6572,California
Mono,2021-03-24,13,10707,1,7037,7,3601,5,69,5,2407,8,4175,10,6582,California
Mono,2021-03-25,18,10725,2,7039,12,3613,4,73,12,2417,6,4181,16,6598,California
Mono,2021-03-26,19,10744,3,7042,11,3624,5,78,10,2424,8,4189,15,6613,California
Mono,2021-03-27,361,11105,358,7400,3,3627,0,78,335,2733,26,4215,335,6948,California
Mono,2021-03-29,11,11116,3,7403,7,3634,1,79,9,2741,2,4217,10,6958,California
Mono,2021-03-30,14,11130,0,7403,10,3644,4,83,7,2745,7,4224,11,6969,California
Mono,2021-03-31,136,11266,8,7411,127,3771,1,84,24,2659,111,4335,25,6994,California
Mono,2021-04-01,8,11274,0,7411,8,3779,0,84,4,2659,4,4339,4,6998,California
Mono,2021-04-02,19,11293,2,7413,17,3796,0,84,8,2656,11,4350,8,7006,California
Mono,2021-04-03,885,12178,381,7794,504,4300,0,84,51,1875,832,5182,51,7057,California
Mono,2021-04-04,1,12179,1,7795,0,4300,0,84,0,1874,1,5183,0,7057,California
Mono,2021-04-05,544,12723,19,7814,524,4824,1,85,35,1402,508,5691,36,7093,California
Mono,2021-04-06,19,12742,1,7815,5,4829,13,98,1,1398,18,5709,14,7107,California
Mono,2021-04-07,23,12765,2,7817,2,4831,19,117,2,1398,21,5730,21,7128,California
Mono,2021-04-08,24,12789,4,7821,2,4833,18,135,5,1402,19,5749,23,7151,California
Mono,2021-04-09,38,12827,5,7826,4,4837,29,164,8,1409,30,5779,37,7188,California
Mono,2021-04-10,457,13284,2,7828,448,5285,7,171,31,1021,426,6205,38,7226,California
Mono,2021-04-12,6,13290,0,7828,3,5288,3,174,3,1024,3,6208,6,7232,California
Mono,2021-04-13,20,13310,2,7830,17,5305,1,175,14,1033,6,6214,15,7247,California
Mono,2021-04-14,25,13335,1,7831,24,5329,0,175,7,1022,18,6232,7,7254,California
Mono,2021-04-15,20,13355,5,7836,15,5344,0,175,11,1024,9,6241,11,7265,California
Mono,2021-04-16,18,13373,1,7837,17,5361,0,175,7,1020,11,6252,7,7272,California
Mono,2021-04-17,51,13424,2,7839,49,5410,0,175,44,1057,7,6259,44,7316,California
Mono,2021-04-18,1,13425,0,7839,1,5411,0,175,1,1058,0,6259,1,7317,California
Mono,2021-04-19,537,13962,326,8165,211,5622,0,175,204,931,331,6590,204,7521,California
Mono,2021-04-20,15,13977,2,8167,13,5635,0,175,10,936,5,6595,10,7531,California
Mono,2021-04-21,8,13985,1,8168,7,5642,0,175,2,932,6,6601,2,7533,California
Mono,2021-04-22,25,14010,11,8179,14,5656,0,175,11,929,14,6615,11,7544,California
Mono,2021-04-23,22,14032,2,8181,20,5676,0,175,12,931,10,6625,12,7556,California
Mono,2021-04-24,36,14068,22,8203,14,5690,0,175,21,937,15,6640,21,7577,California
Mono,2021-04-25,5,14073,4,8207,1,5691,0,175,5,942,0,6640,5,7582,California
Mono,2021-04-26,13,14086,2,8209,11,5702,0,175,3,935,10,6650,3,7585,California
Mono,2021-04-27,67,14153,41,8250,19,5721,7,182,51,977,16,6666,58,7643,California
Mono,2021-04-28,64,14217,40,8290,19,5740,5,187,48,1016,14,6680,53,7696,California
Mono,2021-04-29,10,14227,3,8293,4,5744,3,190,3,1015,7,6687,6,7702,California
Mono,2021-04-30,18,14245,3,8296,12,5756,3,193,8,1016,10,6697,11,7713,California
Mono,2021-05-01,109,14354,4,8300,105,5861,0,193,97,1101,12,6709,97,7810,California
Mono,2021-05-02,2,14356,2,8302,0,5861,0,193,1,1101,1,6710,1,7811,California
Mono,2021-05-03,1,14357,0,8302,1,5862,0,193,0,1100,1,6711,0,7811,California
Mono,2021-05-04,18,14375,0,8302,13,5875,5,198,10,1107,8,6719,15,7826,California
Mono,2021-05-05,52,14427,8,8310,40,5915,4,202,45,1149,7,6726,49,7875,California
Mono,2021-05-06,12,14439,2,8312,9,5924,1,203,8,1154,4,6730,9,7884,California
Mono,2021-05-07,29,14468,22,8334,7,5931,0,203,25,1175,4,6734,25,7909,California
Mono,2021-05-08,52,14520,7,8341,45,5976,0,203,22,1167,30,6764,22,7931,California
Mono,2021-05-09,1,14521,1,8342,0,5976,0,203,0,1167,0,6764,0,7931,California
Mono,2021-05-10,17,14538,1,8343,12,5988,4,207,9,1172,8,6772,13,7944,California
Mono,2021-05-11,16,14554,2,8345,11,5999,3,210,5,1169,11,6783,8,7952,California
Mono,2021-05-12,12,14566,0,8345,11,6010,1,211,4,1166,8,6791,5,7957,California
Mono,2021-05-13,47,14613,31,8376,15,6025,1,212,38,1196,9,6800,39,7996,California
Mono,2021-05-14,10,14623,1,8377,8,6033,1,213,5,1197,5,6805,6,8002,California
Mono,2021-05-15,70,14693,28,8405,35,6068,7,220,20,1174,50,6855,27,8029,California
Mono,2021-05-16,5,14698,4,8409,1,6069,0,220,2,1173,3,6858,2,8031,California
Mono,2021-05-17,251,14949,34,8443,210,6279,7,227,54,1039,196,7054,62,8093,California
Mono,2021-05-18,133,15082,109,8552,23,6302,1,228,87,1081,46,7100,88,8181,California
Mono,2021-05-19,118,15200,112,8664,1,6303,5,233,75,1118,43,7143,80,8261,California
Mono,2021-05-20,70,15270,55,8719,10,6313,5,238,53,1159,17,7160,58,8319,California
Mono,2021-05-21,24,15294,4,8723,17,6330,3,241,11,1160,13,7173,14,8333,California
Mono,2021-05-22,21,15315,11,8734,8,6338,2,243,15,1171,6,7179,17,8350,California
Mono,2021-05-23,2,15317,0,8734,2,6340,0,243,1,1171,1,7180,1,8351,California
Mono,2021-05-24,16,15333,2,8736,13,6353,1,244,9,1175,7,7187,11,8362,California
Mono,2021-05-25,14,15347,5,8741,9,6362,0,244,7,1175,7,7194,7,8369,California
Mono,2021-05-26,18,15365,2,8743,15,6377,1,245,7,1172,11,7205,8,8377,California
Mono,2021-05-27,9,15374,0,8743,9,6386,0,245,6,1176,2,7207,6,8383,California
Mono,2021-05-28,41,15415,28,8771,13,6399,0,245,10,1155,31,7238,10,8393,California
Mono,2021-05-29,129,15544,27,8798,99,6498,3,248,31,1091,98,7336,34,8427,California
Mono,2021-06-01,15,15559,7,8805,8,6506,0,248,8,1092,7,7343,8,8435,California
Mono,2021-06-02,47,15606,3,8808,44,6550,0,248,10,1065,37,7380,10,8445,California
Mono,2021-06-03,10,15616,1,8809,7,6557,2,250,1,1059,9,7389,3,8448,California
Mono,2021-06-04,13,15629,2,8811,10,6567,1,251,4,1055,9,7398,5,8453,California
Mono,2021-06-05,43,15672,23,8834,20,6587,0,251,6,1024,37,7435,6,8459,California
Mono,2021-06-06,1,15673,0,8834,1,6588,0,251,0,1023,1,7436,0,8459,California
Mono,2021-06-07,99,15772,87,8921,8,6596,4,255,12,952,87,7523,16,8475,California
Mono,2021-06-08,110,15882,100,9021,8,6604,2,257,11,866,99,7622,13,8488,California
Mono,2021-06-09,8,15890,3,9024,5,6609,0,257,1,860,7,7629,1,8489,California
Mono,2021-06-10,2,15892,0,9024,2,6611,0,257,0,858,2,7631,0,8489,California
Mono,2021-06-11,75,15967,64,9088,6,6617,5,262,8,804,67,7698,13,8502,California
Mono,2021-06-12,1,15968,1,9089,0,6617,0,262,0,803,1,7699,0,8502,California
Mono,2021-06-14,48,16016,28,9117,19,6636,1,263,17,790,31,7730,18,8520,California
Monterey,2020-12-16,6,6,6,6,0,0,0,0,6,6,0,0,6,6,California
Monterey,2020-12-17,89,95,89,95,0,0,0,0,89,95,0,0,89,95,California
Monterey,2020-12-18,492,587,492,587,0,0,0,0,492,587,0,0,492,587,California
Monterey,2020-12-19,582,1169,581,1168,1,1,0,0,581,1168,0,0,581,1168,California
Monterey,2020-12-20,422,1591,422,1590,0,1,0,0,422,1590,0,0,422,1590,California
Monterey,2020-12-21,726,2317,726,2316,0,1,0,0,726,2316,0,0,726,2316,California
Monterey,2020-12-22,544,2861,531,2847,13,14,0,0,544,2860,0,0,544,2860,California
Monterey,2020-12-23,445,3306,266,3113,179,193,0,0,445,3305,0,0,445,3305,California
Monterey,2020-12-24,86,3392,10,3123,76,269,0,0,86,3391,0,0,86,3391,California
Monterey,2020-12-25,6,3398,0,3123,6,275,0,0,6,3397,0,0,6,3397,California
Monterey,2020-12-26,92,3490,5,3128,87,362,0,0,92,3489,0,0,92,3489,California
Monterey,2020-12-27,6,3496,3,3131,3,365,0,0,6,3495,0,0,6,3495,California
Monterey,2020-12-28,488,3984,26,3157,462,827,0,0,488,3983,0,0,488,3983,California
Monterey,2020-12-29,911,4895,168,3325,743,1570,0,0,911,4894,0,0,911,4894,California
Monterey,2020-12-30,575,5470,100,3425,475,2045,0,0,575,5469,0,0,575,5469,California
Monterey,2020-12-31,33,5503,11,3436,22,2067,0,0,33,5502,0,0,33,5502,California
Monterey,2021-01-01,13,5516,3,3439,10,2077,0,0,13,5515,0,0,13,5515,California
Monterey,2021-01-02,138,5654,135,3574,3,2080,0,0,138,5653,0,0,138,5653,California
Monterey,2021-01-03,31,5685,30,3604,1,2081,0,0,31,5684,0,0,31,5684,California
Monterey,2021-01-04,416,6101,20,3624,396,2477,0,0,416,6100,0,0,416,6100,California
Monterey,2021-01-05,767,6868,335,3959,432,2909,0,0,753,6839,14,14,753,6853,California
Monterey,2021-01-06,669,7537,180,4139,489,3398,0,0,644,7458,25,39,644,7497,California
Monterey,2021-01-07,758,8295,578,4717,180,3578,0,0,430,7562,326,365,430,7927,California
Monterey,2021-01-08,1109,9404,747,5464,362,3940,0,0,403,7259,706,1071,403,8330,California
Monterey,2021-01-09,971,10375,935,6399,36,3976,0,0,319,6928,650,1721,319,8649,California
Monterey,2021-01-10,274,10649,272,6671,2,3978,0,0,8,6670,266,1987,8,8657,California
Monterey,2021-01-11,1078,11727,992,7663,86,4064,0,0,369,6330,709,2696,369,9026,California
Monterey,2021-01-12,480,12207,397,8060,83,4147,0,0,216,6282,264,2960,216,9242,California
Monterey,2021-01-13,1227,13434,594,8654,633,4780,0,0,1182,7419,45,3005,1182,10424,California
Monterey,2021-01-14,1133,14567,169,8823,964,5744,0,0,1114,8518,19,3024,1118,11542,California
Monterey,2021-01-15,1075,15642,45,8868,1030,6774,0,0,1063,9569,12,3036,1063,12605,California
Monterey,2021-01-16,367,16009,303,9171,64,6838,0,0,362,9926,5,3041,362,12967,California
Monterey,2021-01-17,312,16321,292,9463,20,6858,0,0,300,10214,12,3053,300,13267,California
Monterey,2021-01-18,413,16734,51,9514,362,7220,0,0,390,10581,23,3076,390,13657,California
Monterey,2021-01-19,587,17321,398,9912,189,7409,0,0,425,10846,160,3236,425,14082,California
Monterey,2021-01-20,556,17877,271,10183,285,7694,0,0,344,10978,212,3448,344,14426,California
Monterey,2021-01-21,891,18768,95,10278,796,8490,0,0,778,11647,113,3561,782,15208,California
Monterey,2021-01-22,1077,19845,201,10479,876,9366,0,0,1036,12642,41,3602,1036,16244,California
Monterey,2021-01-23,248,20093,176,10655,72,9438,0,0,123,12643,124,3726,125,16369,California
Monterey,2021-01-24,57,20150,38,10693,19,9457,0,0,23,12632,34,3760,23,16392,California
Monterey,2021-01-25,839,20989,182,10875,657,10114,0,0,200,12200,632,4392,200,16592,California
Monterey,2021-01-26,983,21972,230,11105,753,10867,0,0,275,11767,708,5100,275,16867,California
Monterey,2021-01-27,902,22874,315,11420,587,11454,0,0,414,11693,488,5588,414,17281,California
Monterey,2021-01-28,2066,24940,746,12166,1320,12774,0,0,1718,13065,348,5936,1720,19001,California
Monterey,2021-01-29,1306,26246,718,12884,588,13362,0,0,1187,14136,118,6054,1189,20190,California
Monterey,2021-01-30,486,26732,298,13182,188,13550,0,0,229,14108,257,6311,229,20419,California
Monterey,2021-01-31,509,27241,82,13264,427,13977,0,0,498,14596,11,6322,499,20918,California
Monterey,2021-02-01,1670,28911,1156,14420,514,14491,0,0,1101,15129,568,6890,1101,22019,California
Monterey,2021-02-02,2193,31104,463,14883,1730,16221,0,0,1580,16097,612,7502,1580,23599,California
Monterey,2021-02-03,2374,33478,1074,15957,1300,17521,0,0,1591,16909,779,8281,1591,25190,California
Monterey,2021-02-04,2829,36307,2103,18060,726,18247,0,0,2515,19113,311,8592,2515,27705,California
Monterey,2021-02-05,3724,40031,2868,20928,856,19103,0,0,3281,21956,438,9030,3281,30986,California
Monterey,2021-02-06,1132,41163,381,21309,751,19854,0,0,780,22386,350,9380,780,31766,California
Monterey,2021-02-07,324,41487,269,21578,55,19909,0,0,106,22274,218,9598,106,31872,California
Monterey,2021-02-08,533,42020,293,21871,240,20149,0,0,437,22615,96,9694,437,32309,California
Monterey,2021-02-09,915,42935,704,22575,211,20360,0,0,600,22902,315,10009,602,32911,California
Monterey,2021-02-10,2134,45069,1118,23693,1016,21376,0,0,1275,23320,859,10868,1277,34188,California
Monterey,2021-02-11,2531,47600,976,24669,1555,22931,0,0,1563,23919,966,11834,1565,35753,California
Monterey,2021-02-12,2641,50241,436,25105,2205,25136,0,0,1546,24372,1094,12928,1547,37300,California
Monterey,2021-02-13,1096,51337,47,25152,1049,26185,0,0,1005,25287,90,13018,1005,38305,California
Monterey,2021-02-14,623,51960,74,25226,549,26734,0,0,550,25764,73,13091,550,38855,California
Monterey,2021-02-15,1399,53359,166,25392,1233,27967,0,0,999,26366,398,13489,1000,39855,California
Monterey,2021-02-16,1111,54470,247,25639,864,28831,0,0,882,27019,229,13718,882,40737,California
Monterey,2021-02-17,1998,56468,1185,26824,813,29644,0,0,1675,28376,320,14038,1677,42414,California
Monterey,2021-02-18,2283,58751,1183,28007,1100,30744,0,0,923,27955,1346,15384,925,43339,California
Monterey,2021-02-19,2985,61736,1547,29554,1438,32182,0,0,1373,27718,1611,16995,1374,44713,California
Monterey,2021-02-20,1089,62825,670,30224,419,32601,0,0,1025,28680,63,17058,1025,45738,California
Monterey,2021-02-21,1282,64107,1249,31473,33,32634,0,0,1202,29804,78,17136,1202,46940,California
Monterey,2021-02-22,1053,65160,890,32363,163,32797,0,0,665,30083,386,17522,665,47605,California
Monterey,2021-02-23,1007,66167,630,32993,377,33174,0,0,312,29702,694,18216,313,47918,California
Monterey,2021-02-24,2541,68708,1356,34349,1185,34359,0,0,1871,30910,664,18880,1872,49790,California
Monterey,2021-02-25,4491,73199,2460,36809,2031,36390,0,0,1520,29467,2964,21844,1521,51311,California
Monterey,2021-02-26,5349,78548,3111,39920,2238,38628,0,0,2651,29425,2695,24539,2653,53964,California
Monterey,2021-02-27,1060,79608,196,40116,864,39492,0,0,830,30030,225,24764,830,54794,California
Monterey,2021-02-28,1559,81167,87,40203,1472,40964,0,0,1087,30650,467,25231,1087,55881,California
Monterey,2021-03-01,1324,82491,169,40372,1152,42116,3,3,762,30859,557,25788,766,56647,California
Monterey,2021-03-02,2866,85357,1749,42121,1117,43233,0,3,1986,31969,876,26664,1986,58633,California
Monterey,2021-03-03,3263,88620,1256,43377,2007,45240,0,3,1311,31332,1949,28613,1312,59945,California
Monterey,2021-03-04,4681,93301,1493,44870,3188,48428,0,3,3033,32722,1643,30256,3033,62978,California
Monterey,2021-03-05,3707,97008,1633,46503,1795,50223,279,282,3028,35351,678,30934,3307,66285,California
Monterey,2021-03-06,5200,102208,1150,47653,3741,53964,309,591,4267,38995,930,31864,4574,70859,California
Monterey,2021-03-07,534,102742,106,47759,176,54140,252,843,232,39175,302,32166,482,71341,California
Monterey,2021-03-08,1676,104418,329,48088,959,55099,388,1231,1123,40131,553,32719,1509,72850,California
Monterey,2021-03-09,2025,106443,696,48784,1054,56153,275,1506,1517,41414,507,33226,1790,74640,California
Monterey,2021-03-10,3266,109709,1052,49836,1724,57877,490,1996,1504,41651,1757,34983,1994,76634,California
Monterey,2021-03-11,4218,113927,1421,51257,2420,60297,377,2373,2423,42662,1788,36771,2799,79433,California
Monterey,2021-03-12,4486,118413,2064,53321,2271,62568,151,2524,2765,43859,1717,38488,2914,82347,California
Monterey,2021-03-13,5400,123813,1018,54339,4032,66600,350,2874,4024,46858,1375,39863,4374,86721,California
Monterey,2021-03-14,2196,126009,1359,55698,812,67412,25,2899,591,45879,1595,41458,616,87337,California
Monterey,2021-03-15,4007,130016,1280,56978,2437,69849,290,3189,2290,46745,1713,43171,2579,89916,California
Monterey,2021-03-16,3574,133590,590,57568,2607,72456,377,3566,2140,47826,1432,44603,2513,92429,California
Monterey,2021-03-17,5940,139530,2417,59985,3266,75722,257,3823,4308,50771,1625,46228,4570,96999,California
Monterey,2021-03-18,4550,144080,2220,62205,2160,77882,170,3993,3156,52745,1389,47617,3363,100362,California
Monterey,2021-03-19,5556,149636,2584,64789,2817,80699,155,4148,4243,55836,1308,48925,4399,104761,California
Monterey,2021-03-20,3385,153021,434,65223,2257,82956,694,4842,2288,57725,1093,50018,2982,107743,California
Monterey,2021-03-21,644,153665,213,65436,422,83378,9,4851,568,58228,73,50091,576,108319,California
Monterey,2021-03-22,2515,156180,1456,66892,996,84374,63,4914,2292,60362,219,50310,2353,110672,California
Monterey,2021-03-23,4079,160259,2400,69292,1636,86010,43,4957,2590,61512,1483,51793,2633,113305,California
Monterey,2021-03-24,5220,165479,2196,71488,2706,88716,318,5275,3837,64284,1380,53173,4152,117457,California
Monterey,2021-03-25,5372,170851,1247,72735,3764,92480,361,5636,2698,64680,2664,55837,3060,120517,California
Monterey,2021-03-26,5529,176380,2665,75400,2786,95266,78,5714,2847,64936,2671,58508,2927,123444,California
Monterey,2021-03-27,5000,181380,1547,76947,3195,98461,258,5972,3179,66557,1818,60326,3439,126883,California
Monterey,2021-03-28,1134,182514,354,77301,771,99232,9,5981,638,66714,490,60816,647,127530,California
Monterey,2021-03-29,3265,185779,1438,78739,1813,101045,14,5995,2030,67536,1227,62043,2049,129579,California
Monterey,2021-03-30,4592,190371,2150,80889,2388,103433,54,6049,2804,68619,1778,63821,2861,132440,California
Monterey,2021-03-31,5529,195900,2477,83366,2252,105685,800,6849,3509,70902,2017,65838,4300,136740,California
Monterey,2021-04-01,6269,202169,2101,85467,3755,109440,413,7262,3158,71372,3096,68934,3566,140306,California
Monterey,2021-04-02,4787,206956,2229,87696,2486,111926,72,7334,3207,73079,1577,70511,3284,143590,California
Monterey,2021-04-03,6004,212960,1141,88837,3805,115731,1058,8392,1248,70631,4747,75258,2299,145889,California
Monterey,2021-04-04,786,213746,172,89009,601,116332,13,8405,504,70869,282,75540,520,146409,California
Monterey,2021-04-05,4045,217791,2498,91507,1310,117642,237,8642,1501,70066,2539,78079,1736,148145,California
Monterey,2021-04-06,3511,221302,1375,92882,1657,119299,479,9121,1211,69457,2297,80376,1688,149833,California
Monterey,2021-04-07,5738,227040,1417,94299,3796,123095,525,9646,2732,69715,2995,83371,3253,153086,California
Monterey,2021-04-08,6833,233873,3593,97892,2413,125508,827,10473,3386,70488,3441,86812,4214,157300,California
Monterey,2021-04-09,5832,239705,3476,101368,1709,127217,647,11120,2329,69960,3500,90312,2972,160272,California
Monterey,2021-04-10,10337,250042,5009,106377,3132,130349,2196,13316,5043,71911,5283,95595,7234,167506,California
Monterey,2021-04-11,5578,255620,4389,110766,577,130926,612,13928,4520,75984,1052,96647,5125,172631,California
Monterey,2021-04-12,4201,259821,1904,112670,1967,132893,330,14258,972,74196,3090,99737,1302,173933,California
Monterey,2021-04-13,3271,263092,758,113428,2508,135401,5,14263,1576,74102,1677,101414,1583,175516,California
Monterey,2021-04-14,6991,270083,3256,116684,3732,139133,3,14266,1902,70941,5068,106482,1907,177423,California
Monterey,2021-04-15,5987,276070,3955,120639,2032,141165,0,14266,3902,72791,2056,108538,3906,181329,California
Monterey,2021-04-16,5000,281070,2547,123186,2442,143607,11,14277,2333,72485,2655,111193,2349,183678,California
Monterey,2021-04-17,5810,286880,1375,124561,4435,148042,0,14277,3749,74187,2047,113240,3749,187427,California
Monterey,2021-04-18,857,287737,264,124825,593,148635,0,14277,240,73814,613,113853,240,187667,California
Monterey,2021-04-19,3779,291516,1319,126144,2460,151095,0,14277,1803,73649,1968,115821,1803,189470,California
Monterey,2021-04-20,3907,295423,1622,127766,2285,153380,0,14277,1600,72967,2283,118104,1601,191071,California
Monterey,2021-04-21,6081,301504,3289,131055,2792,156172,0,14277,2944,72813,3100,121204,2946,194017,California
Monterey,2021-04-22,4905,306409,1077,132132,3828,160000,0,14277,2028,72006,2835,124039,2028,196045,California
Monterey,2021-04-23,5694,312103,2657,134789,3036,163036,1,14278,2254,70845,3421,127460,2260,198305,California
Monterey,2021-04-24,4343,316446,598,135387,3745,166781,0,14278,1559,69639,2765,130225,1559,199864,California
Monterey,2021-04-25,1256,317702,625,136012,631,167412,0,14278,802,69997,444,130669,802,200666,California
Monterey,2021-04-26,3776,321478,2226,138238,1533,168945,17,14295,1002,68267,2749,133418,1019,201685,California
Monterey,2021-04-27,2908,324386,951,139189,1817,170762,140,14435,1248,67998,1656,135074,1387,203072,California
Monterey,2021-04-28,3705,328091,1422,140611,2130,172892,153,14588,2292,69039,1399,136473,2440,205512,California
Monterey,2021-04-29,4611,332702,2493,143104,2042,174934,76,14664,1691,67899,2908,139381,1768,207280,California
Monterey,2021-04-30,3233,335935,1674,144778,1484,176418,75,14739,821,66391,2402,141783,894,208174,California
Monterey,2021-05-01,5673,341608,4275,149053,1357,177775,41,14780,693,62164,4959,146742,732,208906,California
Monterey,2021-05-02,4400,346008,3969,153022,404,178179,27,14807,308,58421,4078,150820,335,209241,California
Monterey,2021-05-03,2562,348570,1583,154605,863,179042,116,14923,599,57183,1953,152773,715,209956,California
Monterey,2021-05-04,1842,350412,640,155245,1110,180152,92,15015,653,56754,1175,153948,746,210702,California
Monterey,2021-05-05,3392,353804,1246,156491,2060,182212,86,15101,1075,55610,2306,156254,1162,211864,California
Monterey,2021-05-06,4234,358038,2779,159270,1234,183446,221,15322,1144,53901,3073,159327,1364,213228,California
Monterey,2021-05-07,2048,360086,1022,160292,925,184371,101,15423,704,53369,1336,160663,804,214032,California
Monterey,2021-05-08,2626,362712,1389,161681,914,185285,323,15746,939,52953,1676,162339,1260,215292,California
Monterey,2021-05-09,404,363116,122,161803,256,185541,26,15772,145,52866,258,162597,171,215463,California
Monterey,2021-05-10,2819,365935,2073,163876,696,186237,50,15822,527,51163,2281,164878,578,216041,California
Monterey,2021-05-11,1893,367828,972,164848,841,187078,80,15902,775,50914,1105,165983,856,216897,California
Monterey,2021-05-12,3918,371746,2075,166923,1757,188835,86,15988,869,48835,3035,169018,956,217853,California
Monterey,2021-05-13,2622,374368,1536,168459,1030,189865,56,16044,1506,49291,1104,170122,1560,219413,California
Monterey,2021-05-14,1835,376203,539,168998,1195,191060,101,16145,729,49023,1097,171219,829,220242,California
Monterey,2021-05-15,3382,379585,828,169826,2287,193347,267,16412,958,47833,2411,173630,1221,221463,California
Monterey,2021-05-16,921,380506,563,170389,284,193631,74,16486,232,47455,683,174313,305,221768,California
Monterey,2021-05-17,2217,382723,1311,171700,826,194457,80,16566,1038,47406,1167,175480,1118,222886,California
Monterey,2021-05-18,1787,384510,713,172413,1028,195485,46,16612,827,47330,951,176431,875,223761,California
Monterey,2021-05-19,3679,388189,2384,174797,1206,196691,89,16701,1959,47667,1713,178144,2050,225811,California
Monterey,2021-05-20,2825,391014,1010,175807,1705,198396,110,16811,958,46885,1853,179997,1071,226882,California
Monterey,2021-05-21,3301,394315,1338,177145,1869,200265,94,16905,1038,45766,2250,182247,1131,228013,California
Monterey,2021-05-22,2139,396454,740,177885,1118,201383,281,17186,808,45531,1322,183569,1087,229100,California
Monterey,2021-05-23,843,397297,488,178373,339,201722,16,17202,483,45676,354,183923,499,229599,California
Monterey,2021-05-24,1684,398981,504,178877,1120,202842,60,17262,541,45139,1139,185062,602,230201,California
Monterey,2021-05-25,1460,400441,559,179436,832,203674,69,17331,572,44910,871,185933,642,230843,California
Monterey,2021-05-26,2713,403154,1055,180491,1604,205278,54,17385,1030,44330,1666,187599,1086,231929,California
Monterey,2021-05-27,2506,405660,1368,181859,1080,206358,58,17443,902,43704,1587,189186,961,232890,California
Monterey,2021-05-28,1741,407401,576,182435,1105,207463,60,17503,762,43559,968,190154,823,233713,California
Monterey,2021-05-29,982,408383,631,183066,321,207784,30,17533,412,43436,565,190719,442,234155,California
Monterey,2021-05-30,383,408766,164,183230,204,207988,15,17548,147,43363,235,190954,162,234317,California
Monterey,2021-05-31,185,408951,32,183262,144,208132,9,17557,53,43293,132,191086,62,234379,California
Monterey,2021-06-01,1733,410684,935,184197,665,208797,133,17690,549,42802,1169,192255,678,235057,California
Monterey,2021-06-02,1703,412387,981,185178,671,209468,51,17741,717,42589,981,193236,768,235825,California
Monterey,2021-06-03,2244,414631,1427,186605,781,210249,36,17777,570,41529,1665,194901,605,236430,California
Monterey,2021-06-04,1336,415967,696,187301,606,210855,34,17811,559,41352,770,195671,593,237023,California
Monterey,2021-06-05,1690,417657,853,188154,692,211547,145,17956,471,40757,1210,196881,615,237638,California
Monterey,2021-06-06,506,418163,419,188573,78,211625,9,17965,305,40870,200,197081,313,237951,California
Monterey,2021-06-07,939,419102,495,189068,401,212026,43,18008,400,40783,528,197609,441,238392,California
Monterey,2021-06-08,1193,420295,750,189818,419,212445,24,18032,427,40478,755,198364,450,238842,California
Monterey,2021-06-09,2905,423200,2191,192009,591,213036,123,18155,653,39005,2248,200612,775,239617,California
Monterey,2021-06-10,1495,424695,924,192933,509,213545,62,18217,524,38625,964,201576,584,240201,California
Monterey,2021-06-11,1222,425917,595,193528,558,214103,69,18286,403,38284,810,202386,469,240670,California
Monterey,2021-06-12,736,426653,497,194025,222,214325,17,18303,343,38255,388,202774,359,241029,California
Monterey,2021-06-13,583,427236,455,194480,118,214443,10,18313,118,37921,462,203236,128,241157,California
Monterey,2021-06-14,872,428108,677,195157,178,214621,17,18330,139,37350,727,203963,156,241313,California
Napa,2020-12-16,12,12,12,12,0,0,0,0,12,12,0,0,12,12,California
Napa,2020-12-17,47,59,47,59,0,0,0,0,47,59,0,0,47,59,California
Napa,2020-12-18,103,162,103,162,0,0,0,0,103,162,0,0,103,162,California
Napa,2020-12-19,223,385,223,385,0,0,0,0,223,385,0,0,223,385,California
Napa,2020-12-20,192,577,192,577,0,0,0,0,192,577,0,0,192,577,California
Napa,2020-12-21,319,896,319,896,0,0,0,0,320,897,0,0,320,897,California
Napa,2020-12-22,339,1235,330,1226,9,9,0,0,339,1236,0,0,339,1236,California
Napa,2020-12-23,440,1675,328,1554,112,121,0,0,440,1676,0,0,440,1676,California
Napa,2020-12-24,141,1816,79,1633,62,183,0,0,141,1817,0,0,141,1817,California
Napa,2020-12-25,1,1817,1,1634,0,183,0,0,1,1818,0,0,1,1818,California
Napa,2020-12-26,39,1856,11,1645,28,211,0,0,39,1857,0,0,39,1857,California
Napa,2020-12-27,31,1887,16,1661,15,226,0,0,31,1888,0,0,31,1888,California
Napa,2020-12-28,254,2141,187,1848,67,293,0,0,281,2169,0,0,281,2169,California
Napa,2020-12-29,275,2416,219,2067,56,349,0,0,308,2477,0,0,308,2477,California
Napa,2020-12-30,640,3056,490,2557,150,499,0,0,648,3125,0,0,648,3125,California
Napa,2020-12-31,460,3516,373,2930,87,586,0,0,460,3585,0,0,460,3585,California
Napa,2021-01-01,1,3517,1,2931,0,586,0,0,1,3586,0,0,1,3586,California
Napa,2021-01-02,97,3614,92,3023,5,591,0,0,97,3683,0,0,97,3683,California
Napa,2021-01-03,14,3628,12,3035,2,593,0,0,9,3692,0,0,9,3692,California
Napa,2021-01-04,108,3736,64,3099,44,637,0,0,108,3800,0,0,108,3800,California
Napa,2021-01-05,164,3900,87,3186,77,714,0,0,147,3923,24,24,147,3947,California
Napa,2021-01-06,464,4364,115,3301,349,1063,0,0,398,4257,64,88,398,4345,California
Napa,2021-01-07,505,4869,241,3542,264,1327,0,0,398,4549,106,194,398,4743,California
Napa,2021-01-08,444,5313,228,3770,216,1543,0,0,259,4624,184,378,259,5002,California
Napa,2021-01-09,329,5642,303,4073,26,1569,0,0,191,4677,138,516,191,5193,California
Napa,2021-01-10,184,5826,101,4174,83,1652,0,0,107,4707,77,593,107,5300,California
Napa,2021-01-11,887,6713,431,4605,456,2108,0,0,508,4837,379,972,509,5809,California
Napa,2021-01-12,1329,8042,378,4983,951,3059,0,0,1008,5524,321,1293,1008,6817,California
Napa,2021-01-13,1318,9360,268,5251,1050,4109,0,0,1153,6514,164,1457,1154,7971,California
Napa,2021-01-14,1055,10415,170,5421,885,4994,0,0,938,7337,115,1572,938,8909,California
Napa,2021-01-15,1471,11886,390,5811,1081,6075,0,0,1321,8501,158,1730,1322,10231,California
Napa,2021-01-16,359,12245,133,5944,226,6301,0,0,341,8824,18,1748,341,10572,California
Napa,2021-01-17,341,12586,177,6121,164,6465,0,0,331,9145,10,1758,331,10903,California
Napa,2021-01-18,1081,13667,196,6317,885,7350,0,0,990,10044,91,1849,990,11893,California
Napa,2021-01-19,1013,14680,410,6727,603,7953,0,0,768,10568,244,2093,768,12661,California
Napa,2021-01-20,834,15514,190,6917,644,8597,0,0,646,11028,186,2279,646,13307,California
Napa,2021-01-21,1328,16842,364,7281,964,9561,0,0,1073,11848,254,2533,1074,14381,California
Napa,2021-01-22,1547,18389,415,7696,1132,10693,0,0,1218,12739,328,2861,1219,15600,California
Napa,2021-01-23,402,18791,320,8016,82,10775,0,0,338,13013,64,2925,338,15938,California
Napa,2021-01-24,263,19054,186,8202,77,10852,0,0,205,13160,58,2983,205,16143,California
Napa,2021-01-25,1527,20581,229,8431,1298,12150,0,0,1437,14507,90,3073,1437,17580,California
Napa,2021-01-26,876,21457,282,8713,594,12744,0,0,782,15196,94,3167,783,18363,California
Napa,2021-01-27,631,22088,222,8935,409,13153,0,0,468,15501,164,3331,469,18832,California
Napa,2021-01-28,390,22478,176,9111,214,13367,0,0,197,15507,191,3522,197,19029,California
Napa,2021-01-29,261,22739,64,9175,197,13564,0,0,166,15578,95,3617,166,19195,California
Napa,2021-01-30,823,23562,710,9885,113,13677,0,0,654,16063,169,3786,654,19849,California
Napa,2021-01-31,696,24258,664,10549,32,13709,0,0,673,16713,23,3809,673,20522,California
Napa,2021-02-01,325,24583,113,10662,212,13921,0,0,165,16718,160,3969,165,20687,California
Napa,2021-02-02,614,25197,282,10944,332,14253,0,0,301,16709,310,4279,301,20988,California
Napa,2021-02-03,744,25941,309,11253,435,14688,0,0,429,16824,314,4593,429,21417,California
Napa,2021-02-04,788,26729,373,11626,415,15103,0,0,438,16914,348,4941,438,21855,California
Napa,2021-02-05,714,27443,309,11935,405,15508,0,0,340,16880,374,5315,340,22195,California
Napa,2021-02-06,437,27880,144,12079,293,15801,0,0,331,17105,106,5421,331,22526,California
Napa,2021-02-07,176,28056,163,12242,13,15814,0,0,69,17067,107,5528,69,22595,California
Napa,2021-02-08,838,28894,191,12433,647,16461,0,0,275,16781,561,6089,275,22870,California
Napa,2021-02-09,1089,29983,451,12884,638,17099,0,0,441,16575,647,6736,441,23311,California
Napa,2021-02-10,1735,31718,192,13076,1543,18642,0,0,453,15750,1279,8015,454,23765,California
Napa,2021-02-11,1487,33205,184,13260,1303,19945,0,0,400,15076,1074,9089,400,24165,California
Napa,2021-02-12,2156,35361,838,14098,1318,21263,0,0,716,14356,1436,10525,716,24881,California
Napa,2021-02-13,510,35871,55,14153,455,21718,0,0,321,14488,189,10714,321,25202,California
Napa,2021-02-14,332,36203,69,14222,263,21981,0,0,171,14498,161,10875,171,25373,California
Napa,2021-02-15,885,37088,183,14405,702,22683,0,0,229,14073,654,11529,229,25602,California
Napa,2021-02-16,1289,38377,596,15001,693,23376,0,0,616,14018,671,12200,616,26218,California
Napa,2021-02-17,1042,39419,525,15526,517,23893,0,0,474,13927,566,12766,475,26693,California
Napa,2021-02-18,1898,41317,478,16004,1420,25313,0,0,656,13344,1239,14005,656,27349,California
Napa,2021-02-19,1496,42813,589,16593,907,26220,0,0,682,13213,813,14818,682,28031,California
Napa,2021-02-20,867,43680,633,17226,234,26454,0,0,275,12896,592,15410,275,28306,California
Napa,2021-02-21,892,44572,824,18050,68,26522,0,0,193,12390,699,16109,193,28499,California
Napa,2021-02-22,476,45048,196,18246,280,26802,0,0,145,12204,331,16440,145,28644,California
Napa,2021-02-23,1152,46200,308,18554,844,27646,0,0,324,11700,828,17268,324,28968,California
Napa,2021-02-24,1163,47363,637,19191,526,28172,0,0,570,11679,591,17859,570,29538,California
Napa,2021-02-25,2586,49949,1245,20436,1341,29513,0,0,1872,12838,713,18572,1872,31410,California
Napa,2021-02-26,1551,51500,544,20980,1007,30520,0,0,616,12521,933,19505,616,32026,California
Napa,2021-02-27,1168,52668,427,21407,741,31261,0,0,908,13171,258,19763,908,32934,California
Napa,2021-02-28,724,53392,606,22013,118,31379,0,0,608,13665,114,19877,608,33542,California
Napa,2021-03-01,1174,54566,879,22892,295,31674,0,0,898,14288,275,20152,898,34440,California
Napa,2021-03-02,1510,56076,1052,23944,458,32132,0,0,1166,15111,343,20495,1166,35606,California
Napa,2021-03-03,1566,57642,691,24635,875,33007,0,0,1378,16303,186,20681,1378,36984,California
Napa,2021-03-04,1719,59361,792,25427,927,33934,0,0,1480,17547,236,20917,1480,38464,California
Napa,2021-03-05,1912,61273,787,26214,1121,35055,4,4,1494,18629,416,21333,1498,39962,California
Napa,2021-03-06,661,61934,292,26506,338,35393,31,35,549,19099,110,21443,580,40542,California
Napa,2021-03-07,508,62442,300,26806,193,35586,15,50,381,19369,126,21569,396,40938,California
Napa,2021-03-08,718,63160,337,27143,327,35913,54,104,540,19787,176,21745,594,41532,California
Napa,2021-03-09,1693,64853,611,27754,1036,36949,46,150,1252,20647,438,22183,1298,42830,California
Napa,2021-03-10,1502,66355,922,28676,486,37435,94,244,801,20842,697,22880,892,43722,California
Napa,2021-03-11,1887,68242,1065,29741,691,38126,131,375,995,21075,892,23772,1125,44847,California
Napa,2021-03-12,1507,69749,926,30667,491,38617,90,465,808,21276,697,24469,898,45745,California
Napa,2021-03-13,1177,70926,306,30973,847,39464,24,489,834,21793,341,24810,858,46603,California
Napa,2021-03-14,620,71546,336,31309,133,39597,151,640,208,21740,411,25221,358,46961,California
Napa,2021-03-15,964,72510,412,31721,482,40079,70,710,482,21812,480,25701,552,47513,California
Napa,2021-03-16,1853,74363,388,32109,1337,41416,128,838,1379,22848,471,26172,1507,49020,California
Napa,2021-03-17,2494,76857,1834,33943,482,41898,178,1016,1589,23711,904,27076,1767,50787,California
Napa,2021-03-18,2131,78988,939,34882,1179,43077,13,1029,1278,24152,850,27926,1291,52078,California
Napa,2021-03-19,1453,80441,879,35761,548,43625,26,1055,699,24126,751,28677,725,52803,California
Napa,2021-03-20,1009,81450,532,36293,324,43949,153,1208,382,24036,625,29302,535,53338,California
Napa,2021-03-21,711,82161,689,36982,20,43969,2,1210,218,23764,492,29794,220,53558,California
Napa,2021-03-22,1303,83464,1122,38104,169,44138,12,1222,439,23356,859,30653,451,54009,California
Napa,2021-03-23,1880,85344,1190,39294,674,44812,16,1238,992,23480,884,31537,1008,55017,California
Napa,2021-03-24,1701,87045,938,40232,754,45566,9,1247,811,23410,889,32426,819,55836,California
Napa,2021-03-25,1933,88978,1054,41286,825,46391,54,1301,766,23069,1161,33587,820,56656,California
Napa,2021-03-26,1317,90295,843,42129,468,46859,6,1307,590,22943,722,34309,596,57252,California
Napa,2021-03-27,934,91229,440,42569,467,47326,27,1334,298,22632,636,34945,325,57577,California
Napa,2021-03-28,490,91719,383,42952,100,47426,7,1341,180,22511,308,35253,187,57764,California
Napa,2021-03-29,1207,92926,878,43830,324,47750,5,1346,732,22774,474,35727,737,58501,California
Napa,2021-03-30,2803,95729,931,44761,1867,49617,5,1351,1975,23926,828,36555,1980,60481,California
Napa,2021-03-31,1985,97714,968,45729,947,50564,70,1421,808,23628,1174,37729,876,61357,California
Napa,2021-04-01,1755,99469,842,46571,797,51361,116,1537,484,22963,1264,38993,599,61956,California
Napa,2021-04-02,1877,101346,845,47416,891,52252,141,1678,480,22189,1394,40387,620,62576,California
Napa,2021-04-03,639,101985,370,47786,212,52464,57,1735,211,22029,427,40814,267,62843,California
Napa,2021-04-04,356,102341,143,47929,155,52619,58,1793,122,21976,233,41047,180,63023,California
Napa,2021-04-05,1274,103615,757,48686,297,52916,220,2013,568,22060,704,41751,788,63811,California
Napa,2021-04-06,2247,105862,560,49246,1425,54341,262,2275,520,21117,1724,43475,781,64592,California
Napa,2021-04-07,1753,107615,711,49957,821,55162,221,2496,527,20643,1220,44695,746,65338,California
Napa,2021-04-08,1863,109478,1064,51021,424,55586,375,2871,958,21075,900,45595,1332,66670,California
Napa,2021-04-09,1559,111037,935,51956,319,55905,305,3176,681,21184,876,46471,985,67655,California
Napa,2021-04-10,1038,112075,342,52298,594,56499,102,3278,239,20726,798,47269,340,67995,California
Napa,2021-04-11,386,112461,302,52600,62,56561,22,3300,159,20680,227,47496,181,68176,California
Napa,2021-04-12,791,113252,300,52900,366,56927,125,3425,290,20593,498,47994,411,68587,California
Napa,2021-04-13,2576,115828,868,53768,1708,58635,0,3425,939,19902,1632,49626,941,69528,California
Napa,2021-04-14,2098,117926,983,54751,1115,59750,0,3425,1028,19869,1062,50688,1029,70557,California
Napa,2021-04-15,2054,119980,526,55277,1528,61278,0,3425,878,19578,1170,51858,879,71436,California
Napa,2021-04-16,2981,122961,1638,56915,1343,62621,0,3425,2262,21124,716,52574,2262,73698,California
Napa,2021-04-17,1133,124094,273,57188,860,63481,0,3425,833,21658,299,52873,833,74531,California
Napa,2021-04-18,269,124363,177,57365,92,63573,0,3425,118,21625,151,53024,118,74649,California
Napa,2021-04-19,610,124973,339,57704,271,63844,0,3425,263,21542,346,53370,263,74912,California
Napa,2021-04-20,3045,128018,2071,59775,974,64818,0,3425,2096,22692,947,54317,2097,77009,California
Napa,2021-04-21,2932,130950,2170,61945,762,65580,0,3425,1869,23505,1057,55374,1870,78879,California
Napa,2021-04-22,1725,132675,1202,63147,523,66103,0,3425,836,23457,884,56258,836,79715,California
Napa,2021-04-23,1638,134313,1257,64404,379,66482,2,3427,1158,24139,476,56734,1158,80873,California
Napa,2021-04-24,563,134876,317,64721,246,66728,0,3427,283,24145,277,57011,283,81156,California
Napa,2021-04-25,248,135124,190,64911,58,66786,0,3427,129,24156,118,57129,129,81285,California
Napa,2021-04-26,538,135662,283,65194,255,67041,0,3427,274,24171,259,57388,274,81559,California
Napa,2021-04-27,1774,137436,459,65653,1303,68344,12,3439,582,23577,1188,58576,594,82153,California
Napa,2021-04-28,1006,138442,461,66114,528,68872,17,3456,338,23266,666,59242,355,82508,California
Napa,2021-04-29,704,139146,348,66462,337,69209,19,3475,247,23081,450,59692,265,82773,California
Napa,2021-04-30,608,139754,307,66769,237,69446,64,3539,250,23037,357,60049,313,83086,California
Napa,2021-05-01,320,140074,264,67033,45,69491,11,3550,120,22968,200,60249,131,83217,California
Napa,2021-05-02,237,140311,192,67225,39,69530,6,3556,98,22934,138,60387,104,83321,California
Napa,2021-05-03,615,140926,494,67719,87,69617,34,3590,100,22559,510,60897,135,83456,California
Napa,2021-05-04,1133,142059,720,68439,302,69919,111,3701,299,22139,830,61727,410,83866,California
Napa,2021-05-05,1018,143077,688,69127,293,70212,37,3738,253,21667,762,62489,290,84156,California
Napa,2021-05-06,715,143792,318,69445,374,70586,23,3761,367,21718,339,62828,390,84546,California
Napa,2021-05-07,1432,145224,1209,70654,160,70746,63,3824,295,20960,1115,63943,357,84903,California
Napa,2021-05-08,252,145476,161,70815,80,70826,11,3835,87,20894,164,64107,98,85001,California
Napa,2021-05-09,108,145584,77,70892,31,70857,0,3835,51,20888,57,64164,51,85052,California
Napa,2021-05-10,414,145998,142,71034,253,71110,19,3854,103,20700,310,64474,122,85174,California
Napa,2021-05-11,2189,148187,1805,72839,359,71469,25,3879,373,19288,1810,66284,398,85572,California
Napa,2021-05-12,2200,150387,1378,74217,766,72235,56,3935,304,17757,1891,68175,360,85932,California
Napa,2021-05-13,1888,152275,1191,75408,656,72891,41,3976,818,17554,1063,69238,860,86792,California
Napa,2021-05-14,1916,154191,1148,76556,682,73573,86,4062,509,16750,1400,70638,596,87388,California
Napa,2021-05-15,1063,155254,357,76913,694,74267,12,4074,267,16237,793,71431,280,87668,California
Napa,2021-05-16,242,155496,162,77075,78,74345,2,4076,69,16135,173,71604,71,87739,California
Napa,2021-05-17,879,156375,350,77425,499,74844,30,4106,305,15958,512,72116,335,88074,California
Napa,2021-05-18,1048,157423,548,77973,443,75287,57,4163,502,15976,541,72657,559,88633,California
Napa,2021-05-19,936,158359,556,78529,350,75637,30,4193,505,16082,428,73085,534,89167,California
Napa,2021-05-20,644,159003,434,78963,179,75816,31,4224,389,16250,255,73340,423,89590,California
Napa,2021-05-21,505,159508,269,79232,204,76020,32,4256,215,16208,290,73630,248,89838,California
Napa,2021-05-22,449,159957,264,79496,177,76197,8,4264,189,16146,260,73890,198,90036,California
Napa,2021-05-23,390,160347,345,79841,34,76231,11,4275,293,16353,97,73987,304,90340,California
Napa,2021-05-24,359,160706,177,80018,162,76393,20,4295,146,16307,212,74199,166,90506,California
Napa,2021-05-25,420,161126,175,80193,174,76567,71,4366,146,16250,273,74472,216,90722,California
Napa,2021-05-26,546,161672,355,80548,165,76732,26,4392,317,16367,226,74698,343,91065,California
Napa,2021-05-27,375,162047,163,80711,184,76916,28,4420,141,16302,234,74932,169,91234,California
Napa,2021-05-28,393,162440,206,80917,163,77079,24,4444,164,16263,225,75157,186,91420,California
Napa,2021-05-29,129,162569,79,80996,46,77125,4,4448,74,16287,54,75211,78,91498,California
Napa,2021-05-30,97,162666,60,81056,32,77157,5,4453,32,16261,63,75274,37,91535,California
Napa,2021-05-31,43,162709,17,81073,19,77176,7,4460,9,16243,34,75308,16,91551,California
Napa,2021-06-01,596,163305,309,81382,263,77439,24,4484,266,16208,324,75632,289,91840,California
Napa,2021-06-02,411,163716,243,81625,146,77585,22,4506,200,16221,209,75841,222,92062,California
Napa,2021-06-03,731,164447,444,82069,263,77848,24,4530,174,15863,554,76395,196,92258,California
Napa,2021-06-04,779,165226,601,82670,140,77988,38,4568,169,15462,608,77003,207,92465,California
Napa,2021-06-05,310,165536,252,82922,46,78034,12,4580,77,15320,231,77234,89,92554,California
Napa,2021-06-06,139,165675,121,83043,18,78052,0,4580,45,15271,94,77328,45,92599,California
Napa,2021-06-07,394,166069,286,83329,79,78131,29,4609,92,15090,302,77630,121,92720,California
Napa,2021-06-08,598,166667,469,83798,112,78243,17,4626,253,15019,341,77971,270,92990,California
Napa,2021-06-09,552,167219,450,84248,87,78330,15,4641,95,14675,454,78425,110,93100,California
Napa,2021-06-10,476,167695,394,84642,65,78395,17,4658,89,14394,387,78812,106,93206,California
Napa,2021-06-11,367,168062,225,84867,118,78513,24,4682,112,14276,254,79066,136,93342,California
Napa,2021-06-12,207,168269,173,85040,26,78539,8,4690,42,14163,163,79229,50,93392,California
Napa,2021-06-13,287,168556,273,85313,8,78547,6,4696,30,13942,257,79486,36,93428,California
Napa,2021-06-14,190,168746,91,85404,80,78627,19,4715,33,13837,154,79640,49,93477,California
Nevada,2020-12-16,3,3,3,3,0,0,0,0,3,3,0,0,3,3,California
Nevada,2020-12-17,6,9,6,9,0,0,0,0,6,9,0,0,6,9,California
Nevada,2020-12-18,60,69,59,68,1,1,0,0,59,67,1,1,59,68,California
Nevada,2020-12-19,55,124,55,123,0,1,0,0,55,122,0,1,55,123,California
Nevada,2020-12-20,15,139,15,138,0,1,0,0,15,137,0,1,15,138,California
Nevada,2020-12-21,69,208,69,207,0,1,0,0,69,206,0,1,69,207,California
Nevada,2020-12-22,90,298,88,295,2,3,0,0,90,296,0,1,90,297,California
Nevada,2020-12-23,242,540,209,504,33,36,0,0,242,538,0,1,242,539,California
Nevada,2020-12-24,14,554,11,515,3,39,0,0,14,552,0,1,14,553,California
Nevada,2020-12-25,3,557,3,518,0,39,0,0,3,555,0,1,3,556,California
Nevada,2020-12-26,7,564,5,523,2,41,0,0,7,562,0,1,7,563,California
Nevada,2020-12-27,92,656,91,614,1,42,0,0,92,654,0,1,92,655,California
Nevada,2020-12-28,173,829,93,707,80,122,0,0,173,827,0,1,173,828,California
Nevada,2020-12-29,101,930,71,778,30,152,0,0,101,928,0,1,101,929,California
Nevada,2020-12-30,88,1018,66,844,22,174,0,0,88,1016,0,1,88,1017,California
Nevada,2020-12-31,41,1059,8,852,33,207,0,0,41,1057,0,1,41,1058,California
Nevada,2021-01-01,2,1061,0,852,2,209,0,0,2,1059,0,1,2,1060,California
Nevada,2021-01-02,2,1063,1,853,1,210,0,0,2,1061,0,1,2,1062,California
Nevada,2021-01-03,132,1195,127,980,5,215,0,0,132,1193,0,1,132,1194,California
Nevada,2021-01-04,71,1266,43,1023,28,243,0,0,71,1264,0,1,71,1265,California
Nevada,2021-01-05,282,1548,131,1154,151,394,0,0,281,1544,1,2,281,1546,California
Nevada,2021-01-06,93,1641,43,1197,50,444,0,0,85,1621,8,10,85,1631,California
Nevada,2021-01-07,223,1864,46,1243,177,621,0,0,214,1828,8,18,215,1846,California
Nevada,2021-01-08,234,2098,133,1376,101,722,0,0,173,1943,59,77,174,2020,California
Nevada,2021-01-09,63,2161,56,1432,7,729,0,0,14,1908,49,126,14,2034,California
Nevada,2021-01-10,20,2181,10,1442,10,739,0,0,11,1910,9,135,11,2045,California
Nevada,2021-01-11,191,2372,132,1574,59,798,0,0,62,1843,129,264,62,2107,California
Nevada,2021-01-12,600,2972,453,2027,147,945,0,0,534,2311,66,330,534,2641,California
Nevada,2021-01-13,271,3243,153,2180,118,1063,0,0,133,2306,138,468,133,2774,California
Nevada,2021-01-14,245,3488,125,2305,120,1183,0,0,227,2516,17,485,227,3001,California
Nevada,2021-01-15,407,3895,172,2477,235,1418,0,0,306,2722,101,586,307,3308,California
Nevada,2021-01-16,325,4220,17,2494,308,1726,0,0,319,3035,6,592,319,3627,California
Nevada,2021-01-17,43,4263,39,2533,4,1730,0,0,40,3072,3,595,40,3667,California
Nevada,2021-01-18,157,4420,47,2580,110,1840,0,0,144,3203,13,608,144,3811,California
Nevada,2021-01-19,256,4676,95,2675,161,2001,0,0,234,3415,22,630,234,4045,California
Nevada,2021-01-20,278,4954,164,2839,114,2115,0,0,264,3665,14,644,264,4309,California
Nevada,2021-01-21,349,5303,205,3044,144,2259,0,0,335,3986,14,658,335,4644,California
Nevada,2021-01-22,380,5683,235,3279,145,2404,0,0,347,4300,33,691,347,4991,California
Nevada,2021-01-23,185,5868,106,3385,79,2483,0,0,185,4485,0,691,185,5176,California
Nevada,2021-01-24,113,5981,101,3486,12,2495,0,0,73,4518,40,731,73,5249,California
Nevada,2021-01-25,262,6243,129,3615,133,2628,0,0,198,4652,64,795,198,5447,California
Nevada,2021-01-26,421,6664,151,3766,270,2898,0,0,315,4861,106,901,315,5762,California
Nevada,2021-01-27,442,7106,265,4031,177,3075,0,0,416,5251,26,927,416,6178,California
Nevada,2021-01-28,489,7595,330,4361,159,3234,0,0,439,5641,49,976,439,6617,California
Nevada,2021-01-29,618,8213,400,4761,218,3452,0,0,590,6205,27,1003,591,7208,California
Nevada,2021-01-30,251,8464,119,4880,132,3584,0,0,248,6450,3,1006,248,7456,California
Nevada,2021-01-31,111,8575,93,4973,18,3602,0,0,107,6555,3,1009,108,7564,California
Nevada,2021-02-01,292,8867,75,5048,217,3819,0,0,278,6819,14,1023,278,7842,California
Nevada,2021-02-02,539,9406,192,5240,347,4166,0,0,334,6948,205,1228,334,8176,California
Nevada,2021-02-03,821,10227,563,5803,258,4424,0,0,762,7652,58,1286,762,8938,California
Nevada,2021-02-04,771,10998,398,6201,373,4797,0,0,517,7916,253,1539,517,9455,California
Nevada,2021-02-05,685,11683,387,6588,298,5095,0,0,488,8209,195,1734,488,9943,California
Nevada,2021-02-06,281,11964,92,6680,189,5284,0,0,253,8434,28,1762,253,10196,California
Nevada,2021-02-07,294,12258,236,6916,58,5342,0,0,233,8606,61,1823,233,10429,California
Nevada,2021-02-08,686,12944,418,7334,268,5610,0,0,578,9076,108,1931,578,11007,California
Nevada,2021-02-09,636,13580,363,7697,273,5883,0,0,489,9418,147,2078,489,11496,California
Nevada,2021-02-10,669,14249,336,8033,333,6216,0,0,441,9632,228,2306,442,11938,California
Nevada,2021-02-11,917,15166,524,8557,393,6609,0,0,580,9876,336,2642,580,12518,California
Nevada,2021-02-12,985,16151,453,9010,532,7141,0,0,652,10198,330,2972,652,13170,California
Nevada,2021-02-13,654,16805,256,9266,398,7539,0,0,412,10373,238,3210,413,13583,California
Nevada,2021-02-14,247,17052,132,9398,115,7654,0,0,213,10552,34,3244,213,13796,California
Nevada,2021-02-15,733,17785,448,9846,285,7939,0,0,559,10937,174,3418,559,14355,California
Nevada,2021-02-16,659,18444,225,10071,434,8373,0,0,484,11247,174,3592,484,14839,California
Nevada,2021-02-17,1223,19667,796,10867,427,8800,0,0,882,11788,341,3933,882,15721,California
Nevada,2021-02-18,1041,20708,574,11441,467,9267,0,0,617,11984,421,4354,617,16338,California
Nevada,2021-02-19,1040,21748,653,12094,387,9654,0,0,665,12277,373,4727,666,17004,California
Nevada,2021-02-20,318,22066,118,12212,200,9854,0,0,178,12316,139,4866,178,17182,California
Nevada,2021-02-21,107,22173,97,12309,10,9864,0,0,8,12228,96,4962,8,17190,California
Nevada,2021-02-22,508,22681,341,12650,167,10031,0,0,357,12435,150,5112,357,17547,California
Nevada,2021-02-23,508,23189,245,12895,263,10294,0,0,225,12380,280,5392,225,17772,California
Nevada,2021-02-24,489,23678,251,13146,238,10532,0,0,256,12406,232,5624,258,18030,California
Nevada,2021-02-25,893,24571,493,13639,400,10932,0,0,443,12401,448,6072,443,18473,California
Nevada,2021-02-26,1285,25856,895,14534,390,11322,0,0,446,12011,836,6908,446,18919,California
Nevada,2021-02-27,393,26249,123,14657,270,11592,0,0,207,12032,186,7094,207,19126,California
Nevada,2021-02-28,327,26576,198,14855,129,11721,0,0,141,11988,185,7279,141,19267,California
Nevada,2021-03-01,864,27440,452,15307,412,12133,0,0,382,11891,479,7758,382,19649,California
Nevada,2021-03-02,768,28208,309,15616,459,12592,0,0,521,12170,242,8000,521,20170,California
Nevada,2021-03-03,1015,29223,519,16135,495,13087,1,1,528,12215,485,8485,530,20700,California
Nevada,2021-03-04,1146,30369,634,16769,512,13599,0,1,485,12043,657,9142,485,21185,California
Nevada,2021-03-05,883,31252,500,17269,373,13972,10,11,396,11964,485,9627,406,21591,California
Nevada,2021-03-06,379,31631,132,17401,220,14192,27,38,150,11911,229,9856,176,21767,California
Nevada,2021-03-07,220,31851,115,17516,85,14277,20,58,72,11855,148,10004,92,21859,California
Nevada,2021-03-08,848,32699,568,18084,232,14509,48,106,379,11815,468,10472,428,22287,California
Nevada,2021-03-09,821,33520,421,18505,345,14854,55,161,465,11981,353,10825,519,22806,California
Nevada,2021-03-10,1035,34555,666,19171,311,15165,58,219,347,11703,682,11507,404,23210,California
Nevada,2021-03-11,1137,35692,737,19908,373,15538,27,246,550,11701,579,12086,577,23787,California
Nevada,2021-03-12,1235,36927,736,20644,468,16006,31,277,511,11522,720,12806,541,24328,California
Nevada,2021-03-13,303,37230,58,20702,239,16245,6,283,117,11459,184,12990,121,24449,California
Nevada,2021-03-14,164,37394,26,20728,132,16377,6,289,36,11373,128,13118,42,24491,California
Nevada,2021-03-15,873,38267,470,21198,391,16768,12,301,366,11248,503,13621,378,24869,California
Nevada,2021-03-16,1003,39270,468,21666,473,17241,62,363,642,11592,359,13980,703,25572,California
Nevada,2021-03-17,1029,40299,455,22121,564,17805,10,373,583,11742,443,14423,593,26165,California
Nevada,2021-03-18,1003,41302,547,22668,434,18239,22,395,489,11743,510,14933,511,26676,California
Nevada,2021-03-19,768,42070,451,23119,280,18519,37,432,369,11754,395,15328,406,27082,California
Nevada,2021-03-20,836,42906,95,23214,305,18824,436,868,230,11817,599,15927,662,27744,California
Nevada,2021-03-21,65,42971,36,23250,28,18852,1,869,46,11846,18,15945,47,27791,California
Nevada,2021-03-22,818,43789,526,23776,287,19139,5,874,541,12118,274,16219,546,28337,California
Nevada,2021-03-23,865,44654,397,24173,442,19581,26,900,623,12528,239,16458,649,28986,California
Nevada,2021-03-24,1036,45690,556,24729,473,20054,7,907,648,12802,380,16838,654,29640,California
Nevada,2021-03-25,931,46621,477,25206,426,20480,28,935,504,12908,425,17263,531,30171,California
Nevada,2021-03-26,1189,47810,463,25669,686,21166,40,975,838,13436,349,17612,877,31048,California
Nevada,2021-03-27,586,48396,71,25740,499,21665,16,991,389,13644,197,17809,405,31453,California
Nevada,2021-03-28,195,48591,51,25791,131,21796,13,1004,39,13543,153,17962,52,31505,California
Nevada,2021-03-29,850,49441,507,26298,321,22117,22,1026,381,13479,466,18428,402,31907,California
Nevada,2021-03-30,1076,50517,486,26784,556,22673,34,1060,492,13429,576,19004,526,32433,California
Nevada,2021-03-31,1197,51714,666,27450,514,23187,17,1077,680,13617,508,19512,696,33129,California
Nevada,2021-04-01,1257,52971,727,28177,478,23665,52,1129,557,13535,691,20203,609,33738,California
Nevada,2021-04-02,1320,54291,667,28844,619,24284,34,1163,791,13835,525,20728,825,34563,California
Nevada,2021-04-03,305,54596,94,28938,174,24458,37,1200,90,13748,214,20942,127,34690,California
Nevada,2021-04-04,136,54732,45,28983,84,24542,7,1207,80,13779,56,20998,87,34777,California
Nevada,2021-04-05,953,55685,631,29614,301,24843,21,1228,629,14109,319,21317,649,35426,California
Nevada,2021-04-06,1095,56780,674,30288,275,25118,146,1374,452,14070,636,21953,597,36023,California
Nevada,2021-04-07,1170,57950,832,31120,251,25369,87,1461,628,14249,535,22488,714,36737,California
Nevada,2021-04-08,1310,59260,905,32025,314,25683,91,1552,716,14467,589,23077,807,37544,California
Nevada,2021-04-09,1281,60541,871,32896,336,26019,74,1626,851,14964,428,23505,925,38469,California
Nevada,2021-04-10,284,60825,81,32977,126,26145,77,1703,114,14986,169,23674,191,38660,California
Nevada,2021-04-11,103,60928,36,33013,63,26208,4,1707,38,14963,65,23739,42,38702,California
Nevada,2021-04-12,770,61698,556,33569,197,26405,17,1724,330,14875,435,24174,347,39049,California
Nevada,2021-04-13,901,62599,368,33937,533,26938,0,1724,470,14919,427,24601,471,39520,California
Nevada,2021-04-14,1071,63670,587,34524,484,27422,0,1724,538,14931,526,25127,538,40058,California
Nevada,2021-04-15,1097,64767,716,35240,381,27803,0,1724,627,15100,458,25585,627,40685,California
Nevada,2021-04-16,921,65688,710,35950,211,28014,0,1724,531,15243,388,25973,531,41216,California
Nevada,2021-04-17,192,65880,50,36000,142,28156,0,1724,78,15209,112,26085,78,41294,California
Nevada,2021-04-18,193,66073,22,36022,171,28327,0,1724,106,15228,87,26172,106,41400,California
Nevada,2021-04-19,779,66852,499,36521,280,28607,0,1724,319,15096,451,26623,319,41719,California
Nevada,2021-04-20,796,67648,316,36837,480,29087,0,1724,306,14919,483,27106,306,42025,California
Nevada,2021-04-21,917,68565,505,37342,412,29499,0,1724,283,14577,625,27731,283,42308,California
Nevada,2021-04-22,1007,69572,623,37965,384,29883,0,1724,342,14266,653,28384,342,42650,California
Nevada,2021-04-23,1231,70803,556,38521,675,30558,0,1724,398,13843,821,29205,398,43048,California
Nevada,2021-04-24,524,71327,77,38598,447,31005,0,1724,170,13661,352,29557,170,43218,California
Nevada,2021-04-25,123,71450,62,38660,56,31061,5,1729,57,13657,65,29622,61,43279,California
Nevada,2021-04-26,760,72210,576,39236,175,31236,9,1738,219,13354,531,30153,228,43507,California
Nevada,2021-04-27,837,73047,395,39631,437,31673,5,1743,421,13372,408,30561,426,43933,California
Nevada,2021-04-28,1003,74050,588,40219,410,32083,5,1748,387,13153,611,31172,392,44325,California
Nevada,2021-04-29,1031,75081,719,40938,308,32391,4,1752,293,12714,736,31908,297,44622,California
Nevada,2021-04-30,1259,76340,744,41682,506,32897,9,1761,210,11886,1047,32955,219,44841,California
Nevada,2021-05-01,151,76491,64,41746,83,32980,4,1765,66,11873,83,33038,70,44911,California
Nevada,2021-05-02,63,76554,31,41777,28,33008,4,1769,22,11858,41,33079,26,44937,California
Nevada,2021-05-03,620,77174,416,42193,185,33193,19,1788,184,11628,432,33511,202,45139,California
Nevada,2021-05-04,594,77768,176,42369,399,33592,19,1807,332,11721,258,33769,351,45490,California
Nevada,2021-05-05,747,78515,390,42759,343,33935,14,1821,323,11643,415,34184,337,45827,California
Nevada,2021-05-06,812,79327,566,43325,235,34170,11,1832,204,11259,599,34783,215,46042,California
Nevada,2021-05-07,889,80216,494,43819,359,34529,36,1868,195,10801,689,35472,231,46273,California
Nevada,2021-05-08,172,80388,18,43837,135,34664,19,1887,79,10807,92,35564,98,46371,California
Nevada,2021-05-09,43,80431,7,43844,34,34698,2,1889,19,10804,24,35588,21,46392,California
Nevada,2021-05-10,405,80836,259,44103,121,34819,25,1914,78,10581,326,35914,103,46495,California
Nevada,2021-05-11,512,81348,158,44261,338,35157,16,1930,129,10351,375,36289,145,46640,California
Nevada,2021-05-12,534,81882,240,44501,283,35440,11,1941,151,10138,375,36664,162,46802,California
Nevada,2021-05-13,842,82724,554,45055,278,35718,10,1951,429,10172,405,37069,439,47241,California
Nevada,2021-05-14,778,83502,580,45635,181,35899,17,1968,425,10264,350,37419,442,47683,California
Nevada,2021-05-15,180,83682,89,45724,84,35983,7,1975,87,10266,92,37511,94,47777,California
Nevada,2021-05-16,158,83840,51,45775,107,36090,0,1975,52,10212,106,37617,52,47829,California
Nevada,2021-05-17,502,84342,319,46094,152,36242,31,2006,218,10188,273,37890,249,48078,California
Nevada,2021-05-18,421,84763,255,46349,161,36403,5,2011,221,10215,198,38088,225,48303,California
Nevada,2021-05-19,495,85258,353,46702,137,36540,5,2016,254,10242,232,38320,259,48562,California
Nevada,2021-05-20,613,85871,358,47060,243,36783,12,2028,213,10072,395,38715,225,48787,California
Nevada,2021-05-21,513,86384,332,47392,170,36953,11,2039,224,10022,285,39000,235,49022,California
Nevada,2021-05-22,246,86630,38,47430,120,37073,88,2127,56,9976,190,39190,144,49166,California
Nevada,2021-05-23,51,86681,18,47448,33,37106,0,2127,17,9960,33,39223,17,49183,California
Nevada,2021-05-24,314,86995,219,47667,80,37186,15,2142,105,9874,206,39429,120,49303,California
Nevada,2021-05-25,345,87340,82,47749,250,37436,13,2155,85,9717,255,39684,98,49401,California
Nevada,2021-05-26,445,87785,194,47943,242,37678,9,2164,128,9544,310,39994,137,49538,California
Nevada,2021-05-27,437,88222,232,48175,184,37862,21,2185,184,9500,249,40243,205,49743,California
Nevada,2021-05-28,345,88567,218,48393,113,37975,14,2199,199,9570,143,40386,213,49956,California
Nevada,2021-05-29,65,88632,13,48406,52,38027,0,2199,41,9587,24,40410,41,49997,California
Nevada,2021-05-30,41,88673,19,48425,20,38047,2,2201,27,9602,14,40424,29,50026,California
Nevada,2021-05-31,6,88679,4,48429,0,38047,2,2203,2,9602,4,40428,4,50030,California
Nevada,2021-06-01,417,89096,128,48557,270,38317,19,2222,101,9415,307,40735,120,50150,California
Nevada,2021-06-02,399,89495,163,48720,229,38546,7,2229,103,9236,289,41024,110,50260,California
Nevada,2021-06-03,559,90054,399,49119,155,38701,5,2234,99,8885,455,41479,104,50364,California
Nevada,2021-06-04,537,90591,432,49551,101,38802,4,2238,109,8574,424,41903,113,50477,California
Nevada,2021-06-05,168,90759,66,49617,100,38902,2,2240,62,8534,104,42007,64,50541,California
Nevada,2021-06-06,54,90813,40,49657,14,38916,0,2240,13,8506,41,42048,13,50554,California
Nevada,2021-06-07,267,91080,194,49851,43,38959,30,2270,60,8394,202,42250,90,50644,California
Nevada,2021-06-08,283,91363,188,50039,83,39042,12,2282,64,8260,210,42460,76,50720,California
Nevada,2021-06-09,325,91688,218,50257,100,39142,7,2289,83,8113,237,42697,90,50810,California
Nevada,2021-06-10,274,91962,177,50434,87,39229,10,2299,72,7999,195,42892,81,50891,California
Nevada,2021-06-11,302,92264,214,50648,70,39299,18,2317,66,7849,233,43125,83,50974,California
Nevada,2021-06-12,85,92349,46,50694,34,39333,5,2322,23,7815,62,43187,28,51002,California
Nevada,2021-06-13,34,92383,18,50712,15,39348,1,2323,6,7794,28,43215,7,51009,California
Nevada,2021-06-14,131,92514,98,50810,28,39376,5,2328,35,7745,89,43304,40,51049,California
Orange,2020-12-15,16,16,16,16,0,0,0,0,16,16,0,0,16,16,California
Orange,2020-12-16,389,405,389,405,0,0,0,0,389,405,0,0,389,405,California
Orange,2020-12-17,3752,4157,3752,4157,0,0,0,0,3751,4156,0,0,3751,4156,California
Orange,2020-12-18,5075,9232,5067,9224,8,8,0,0,5073,9228,1,1,5073,9229,California
Orange,2020-12-19,2226,11458,2219,11443,7,15,0,0,2225,11453,0,1,2225,11454,California
Orange,2020-12-20,1985,13443,1982,13425,3,18,0,0,1986,13439,0,1,1986,13440,California
Orange,2020-12-21,4271,17714,4265,17690,6,24,0,0,4271,17710,0,1,4271,17711,California
Orange,2020-12-22,3979,21693,3945,21635,34,58,0,0,3979,21689,0,1,3979,21690,California
Orange,2020-12-23,3587,25280,3222,24857,365,423,0,0,3588,25277,0,1,3588,25278,California
Orange,2020-12-24,1378,26658,1077,25934,301,724,0,0,1378,26655,0,1,1378,26656,California
Orange,2020-12-25,19,26677,14,25948,5,729,0,0,19,26674,0,1,19,26675,California
Orange,2020-12-26,995,27672,420,26368,575,1304,0,0,995,27669,0,1,995,27670,California
Orange,2020-12-27,583,28255,276,26644,307,1611,0,0,583,28252,0,1,583,28253,California
Orange,2020-12-28,3617,31872,2634,29278,983,2594,0,0,3617,31869,0,1,3617,31870,California
Orange,2020-12-29,3512,35384,2496,31774,1016,3610,0,0,3511,35379,1,2,3511,35381,California
Orange,2020-12-30,5117,40501,3542,35316,1575,5185,0,0,5117,40496,0,2,5117,40498,California
Orange,2020-12-31,1512,42013,810,36126,702,5887,0,0,1509,42002,3,5,1509,42007,California
Orange,2021-01-01,664,42677,364,36490,300,6187,0,0,662,42662,2,7,662,42669,California
Orange,2021-01-02,1357,44034,842,37332,515,6702,0,0,1357,44019,0,7,1357,44026,California
Orange,2021-01-03,584,44618,323,37655,261,6963,0,0,584,44603,0,7,584,44610,California
Orange,2021-01-04,2759,47377,1568,39223,1191,8154,0,0,2760,47362,1,8,2760,47370,California
Orange,2021-01-05,3543,50920,2305,41528,1238,9392,0,0,3131,50087,409,417,3134,50504,California
Orange,2021-01-06,5005,55925,3458,44986,1547,10939,0,0,3641,52376,1352,1769,3641,54145,California
Orange,2021-01-07,9296,65221,5181,50167,4115,15054,0,0,5709,54519,3573,5342,5716,59861,California
Orange,2021-01-08,9423,74644,5255,55422,4168,19222,0,0,5663,56438,3748,9090,5667,65528,California
Orange,2021-01-09,5028,79672,1748,57170,3280,22502,0,0,3745,58900,1283,10373,3745,69273,California
Orange,2021-01-10,4252,83924,1044,58214,3208,25710,0,0,3372,61397,879,11252,3376,72649,California
Orange,2021-01-11,9473,93397,4911,63125,4562,30272,0,0,5848,63619,3628,14880,5850,78499,California
Orange,2021-01-12,8947,102344,4834,67959,4113,34385,0,0,5472,65619,3473,18353,5473,83972,California
Orange,2021-01-13,10269,112613,4922,72881,5347,39732,0,0,7061,69482,3205,21558,7068,91040,California
Orange,2021-01-14,10026,122639,3800,76681,6226,45958,0,0,8428,76320,1596,23154,8434,99474,California
Orange,2021-01-15,10224,132863,2648,79329,7576,53534,0,0,9338,84770,893,24047,9343,108817,California
Orange,2021-01-16,8723,141586,2088,81417,6635,60169,0,0,8326,92707,395,24442,8332,117149,California
Orange,2021-01-17,8178,149764,1488,82905,6690,66859,0,0,8025,100589,153,24595,8035,125184,California
Orange,2021-01-18,9709,159473,4409,87314,5300,72159,0,0,7447,105777,2262,26857,7450,132634,California
Orange,2021-01-19,7543,167016,5469,92783,2074,74233,0,0,4907,108050,2635,29492,4908,137542,California
Orange,2021-01-20,8409,175425,5923,98706,2486,76719,0,0,5348,110348,3058,32550,5356,142898,California
Orange,2021-01-21,11054,186479,4925,103631,6129,82848,0,0,10221,119751,830,33380,10233,153131,California
Orange,2021-01-22,13740,200219,5175,108806,8565,91413,0,0,12871,131769,861,34241,12879,166010,California
Orange,2021-01-23,13158,213377,6193,114999,6965,98378,0,0,12222,143066,934,35175,12231,178241,California
Orange,2021-01-24,9827,223204,4289,119288,5538,103916,0,0,9493,152232,331,35506,9497,187738,California
Orange,2021-01-25,10441,233645,5851,125139,4590,108506,0,0,7699,157202,2734,38240,7704,195442,California
Orange,2021-01-26,11915,245560,7699,132838,4216,112722,0,0,9733,164763,2177,40417,9738,205180,California
Orange,2021-01-27,13492,259052,7994,140832,5498,118220,0,0,10760,172809,2720,43137,10766,215946,California
Orange,2021-01-28,13127,272179,7242,148074,5885,124105,0,0,11222,182152,1889,45026,11232,227178,California
Orange,2021-01-29,13709,285888,8507,156581,5202,129307,0,0,10791,190047,2900,47926,10795,237973,California
Orange,2021-01-30,13077,298965,4509,161090,8568,137875,0,0,12286,201562,774,48700,12289,250262,California
Orange,2021-01-31,13701,312666,4918,166008,8783,146658,0,0,13250,214375,445,49145,13258,263520,California
Orange,2021-02-01,14901,327567,6535,172543,8366,155024,0,0,12414,224335,2460,51605,12420,275940,California
Orange,2021-02-02,15054,342621,7975,180518,7079,162103,0,0,12577,234473,2443,54048,12581,288521,California
Orange,2021-02-03,16621,359242,12427,192945,4194,166297,0,0,13664,245266,2877,56925,13670,302191,California
Orange,2021-02-04,19976,379218,13081,206026,6895,173192,0,0,14864,255058,5080,62005,14872,317063,California
Orange,2021-02-05,20795,400013,12032,218058,8763,181955,0,0,14466,263247,6282,68287,14471,331534,California
Orange,2021-02-06,16408,416421,10852,228910,5556,187511,0,0,11128,269329,5265,73552,11347,342881,California
Orange,2021-02-07,11572,427993,8136,237046,3436,190947,0,0,7584,273111,3971,77523,7753,350634,California
Orange,2021-02-08,15087,443080,8690,245736,6397,197344,0,0,9037,276127,6022,83545,9038,359672,California
Orange,2021-02-09,17808,460888,12124,257860,5684,203028,0,0,10754,279907,6980,90525,10760,370432,California
Orange,2021-02-10,20936,481824,11198,269058,9738,212766,0,0,12722,284516,8122,98647,12731,383163,California
Orange,2021-02-11,22224,504048,11568,280626,10656,223422,0,0,12448,287341,9640,108287,12465,395628,California
Orange,2021-02-12,24917,528965,12011,292637,12906,236328,0,0,14650,291797,10200,118487,14656,410284,California
Orange,2021-02-13,22018,550983,11910,304547,10108,246436,0,0,11148,292873,10713,129200,11789,422073,California
Orange,2021-02-14,16192,567175,6543,311090,9649,256085,0,0,9548,295806,6616,135816,9549,431622,California
Orange,2021-02-15,17291,584466,7407,318497,9884,265969,0,0,8917,296405,8329,144145,8928,440550,California
Orange,2021-02-16,20011,604477,9007,327504,11004,276973,0,0,10778,298029,9179,153324,10803,451353,California
Orange,2021-02-17,17988,622465,9391,336895,8597,285570,0,0,9224,298577,8707,162031,9255,460608,California
Orange,2021-02-18,15071,637536,9890,346785,5181,290751,0,0,6820,297212,8195,170226,6830,467438,California
Orange,2021-02-19,18215,655751,10898,357683,7317,298068,0,0,6928,292922,11230,181456,6940,474378,California
Orange,2021-02-20,7547,663298,5634,363317,1913,299981,0,0,3790,292991,3732,185188,3801,478179,California
Orange,2021-02-21,4594,667892,3903,367220,691,300672,0,0,931,290302,3620,188808,931,479110,California
Orange,2021-02-22,9738,677630,7944,375164,1794,302466,0,0,3926,288466,5777,194585,3941,483051,California
Orange,2021-02-23,13392,691022,7339,382503,6053,308519,0,0,3513,282180,9811,204396,3525,486576,California
Orange,2021-02-24,21204,712226,12868,395371,8336,316855,0,0,5384,271830,15752,220148,5402,491978,California
Orange,2021-02-25,22777,735003,12335,407706,10442,327297,0,0,7997,265138,14705,234853,8013,499991,California
Orange,2021-02-26,27921,762924,14138,421844,13783,341080,0,0,11266,259911,16517,251370,11290,511281,California
Orange,2021-02-27,25172,788096,10239,432083,14930,356010,3,3,7321,249519,17731,269101,7339,518620,California
Orange,2021-02-28,19166,807262,7439,439522,11727,367737,0,3,4836,240170,14202,283303,4853,523473,California
Orange,2021-03-01,18745,826007,8551,448073,10179,377916,15,18,7271,236102,11369,294672,7301,530774,California
Orange,2021-03-02,19377,845384,9354,457427,10020,387936,3,21,9469,235752,9850,304522,9500,540274,California
Orange,2021-03-03,21049,866433,10015,467442,11029,398965,5,26,11343,237497,9623,314145,11368,551642,California
Orange,2021-03-04,22685,889118,13062,480504,9609,408574,14,40,11741,238375,10902,325047,11780,563422,California
Orange,2021-03-05,21149,910267,11041,491545,10060,418634,48,88,12973,243328,8128,333175,13081,576503,California
Orange,2021-03-06,24214,934481,13333,504878,10005,428639,876,964,12795,245651,11371,344546,13694,590197,California
Orange,2021-03-07,15303,949784,8588,513466,6303,434942,412,1376,8950,248721,6312,350858,9382,599579,California
Orange,2021-03-08,16819,966603,7758,521224,7746,442688,1315,2691,10796,254900,5958,356816,12137,611716,California
Orange,2021-03-09,21142,987745,9762,530986,8899,451587,2481,5172,12496,261269,8603,365419,14972,626688,California
Orange,2021-03-10,24861,1012606,12199,543185,9191,460778,3471,8643,12549,265034,12245,377664,16010,642698,California
Orange,2021-03-11,29122,1041728,15749,558934,9137,469915,4236,12879,13492,267228,15527,393191,17721,660419,California
Orange,2021-03-12,29480,1071208,14336,573270,11263,481178,3881,16760,14799,271340,14589,407780,18701,679120,California
Orange,2021-03-13,27928,1099136,10267,583537,13700,494878,3961,20721,14119,275674,13745,421525,18079,697199,California
Orange,2021-03-14,18957,1118093,8235,591772,8172,503050,2550,23271,11844,282971,7080,428605,14377,711576,California
Orange,2021-03-15,23135,1141228,10181,601953,12190,515240,764,24035,14420,289521,8625,437230,15175,726751,California
Orange,2021-03-16,26467,1167695,11176,613129,15060,530300,231,24266,17167,297708,9216,446446,17403,744154,California
Orange,2021-03-17,27405,1195100,13592,626721,13224,543524,589,24855,19473,309913,7852,454298,20057,764211,California
Orange,2021-03-18,27829,1222929,13975,640696,13577,557101,277,25132,21648,325730,6112,460410,21929,786140,California
Orange,2021-03-19,33647,1256576,18455,659151,14738,571839,454,25586,24954,342577,8574,468984,25421,811561,California
Orange,2021-03-20,25852,1282428,13606,672757,12037,583876,209,25795,22030,361066,3756,472740,22245,833806,California
Orange,2021-03-21,18560,1300988,10721,683478,7100,590976,739,26534,15755,374787,2771,475511,16492,850298,California
Orange,2021-03-22,22771,1323759,11794,695272,10659,601635,318,26852,19171,390787,3498,479009,19498,869796,California
Orange,2021-03-23,26058,1349817,13542,708814,11872,613507,644,27496,20679,406817,5296,484305,21326,891122,California
Orange,2021-03-24,29255,1379072,16362,725176,11965,625472,928,28424,22041,422668,7119,491424,22970,914092,California
Orange,2021-03-25,32513,1411585,17262,742438,14539,640011,712,29136,24237,439444,8173,499597,24949,939041,California
Orange,2021-03-26,34960,1446545,18151,760589,15939,655950,870,30006,24877,455231,9964,509561,25751,964792,California
Orange,2021-03-27,28535,1475080,13664,774253,14554,670504,317,30323,19789,466687,8651,518212,20107,984899,California
Orange,2021-03-28,24919,1499999,12948,787201,11903,682407,68,30391,18615,479151,6223,524435,18687,1003586,California
Orange,2021-03-29,26565,1526564,12157,799358,13841,696248,567,30958,17791,488840,8672,533107,18361,1021947,California
Orange,2021-03-30,30911,1557475,13972,813330,16307,712555,632,31590,20418,499492,10397,543504,21049,1042996,California
Orange,2021-03-31,37183,1594658,19526,832856,16942,729497,715,32305,23667,510482,13395,556899,24385,1067381,California
Orange,2021-04-01,40651,1635309,21353,854209,17418,746915,1880,34185,26211,524299,14260,571159,28077,1095458,California
Orange,2021-04-02,40188,1675497,20280,874489,18089,765004,1819,36004,22686,531416,17392,588551,24509,1119967,California
Orange,2021-04-03,30236,1705733,15739,890228,12753,777757,1744,37748,14275,531552,15873,604424,16009,1135976,California
Orange,2021-04-04,18479,1724212,10734,900962,6979,784736,766,38514,8159,530213,10260,614684,8921,1144897,California
Orange,2021-04-05,30068,1754280,14047,915009,12617,797353,3404,41918,13809,531239,16172,630856,17198,1162095,California
Orange,2021-04-06,33462,1787742,15651,930660,14378,811731,3433,45351,14361,530007,19004,649860,17772,1179867,California
Orange,2021-04-07,36227,1823969,20174,950834,11465,823196,4588,49939,15989,530405,20145,670005,20543,1200410,California
Orange,2021-04-08,39251,1863220,21735,972569,12042,835238,5474,55413,19040,534793,20093,690098,24481,1224891,California
Orange,2021-04-09,41103,1904323,23912,996481,11954,847192,5237,60650,18174,535354,22820,712918,23381,1248272,California
Orange,2021-04-10,34648,1938971,18325,1014806,12078,859270,4245,64895,14370,533760,20181,733099,18587,1266859,California
Orange,2021-04-11,25772,1964743,14591,1029397,7905,867175,3276,68171,9878,531057,15837,748936,13134,1279993,California
Orange,2021-04-12,30670,1995413,15516,1044913,11554,878729,3600,71771,12067,528173,18524,767460,15640,1295633,California
Orange,2021-04-13,32687,2028100,18420,1063333,14198,892927,69,71840,15220,526112,17392,784852,15331,1310964,California
Orange,2021-04-14,34869,2062969,20459,1083792,14374,907301,36,71876,15214,521829,19547,804399,15264,1326228,California
Orange,2021-04-15,40623,2103592,24741,1108533,15868,923169,14,71890,18905,519180,21601,826000,18952,1345180,California
Orange,2021-04-16,41593,2145185,24447,1132980,17118,940287,28,71918,18765,515407,22712,848712,18939,1364119,California
Orange,2021-04-17,30368,2175553,17170,1150150,13191,953478,7,71925,13282,511811,16957,865669,13361,1377480,California
Orange,2021-04-18,21514,2197067,13016,1163166,8498,961976,0,71925,8494,507374,12963,878632,8526,1386006,California
Orange,2021-04-19,32432,2229499,17923,1181089,14506,976482,3,71928,14901,504850,17433,896065,14909,1400915,California
Orange,2021-04-20,35213,2264712,18298,1199387,16909,993391,6,71934,17621,504972,17505,913570,17627,1418542,California
Orange,2021-04-21,40703,2305415,23454,1222841,17240,1010631,9,71943,19302,503000,21286,934856,19314,1437856,California
Orange,2021-04-22,39248,2344663,20725,1243566,18514,1029145,9,71952,16303,496506,22810,957666,16316,1454172,California
Orange,2021-04-23,40181,2384844,20802,1264368,19372,1048517,7,71959,17925,492306,22136,979802,17936,1472108,California
Orange,2021-04-24,31985,2416829,16720,1281088,15233,1063750,32,71991,13406,487253,18493,998295,13440,1485548,California
Orange,2021-04-25,22964,2439793,12968,1294056,9981,1073731,15,72006,9818,484009,13082,1011377,9838,1495386,California
Orange,2021-04-26,28714,2468507,14033,1308089,14485,1088216,196,72202,12455,480515,16145,1027522,12651,1508037,California
Orange,2021-04-27,31187,2499694,14634,1322723,15923,1104139,630,72832,11801,473733,19218,1046740,12436,1520473,California
Orange,2021-04-28,30870,2530564,15461,1338184,14530,1118669,879,73711,12394,468657,18344,1065084,13268,1533741,California
Orange,2021-04-29,31890,2562454,17412,1355596,13518,1132187,960,74671,11326,460479,20455,1085539,12277,1546018,California
Orange,2021-04-30,29830,2592284,17024,1372620,11864,1144051,942,75613,12691,457072,17032,1102571,13625,1559643,California
Orange,2021-05-01,22851,2615135,15681,1388301,6186,1150237,984,76597,8739,452786,14000,1116571,9714,1569357,California
Orange,2021-05-02,15383,2630518,10236,1398537,4501,1154738,646,77243,5359,448829,9957,1126528,6000,1575357,California
Orange,2021-05-03,20579,2651097,12565,1411102,7256,1161994,758,78001,6464,442023,14026,1140554,7220,1582577,California
Orange,2021-05-04,23601,2674698,13474,1424576,9219,1171213,908,78909,8159,435744,15330,1155884,9051,1591628,California
Orange,2021-05-05,24721,2699419,13804,1438380,10022,1181235,895,79804,7988,428024,16602,1172486,8882,1600510,California
Orange,2021-05-06,26391,2725810,15966,1454346,9424,1190659,1001,80805,7270,417299,18988,1191474,8263,1608773,California
Orange,2021-05-07,28822,2754632,17315,1471661,10462,1201121,1045,81850,8051,405833,20558,1212032,9092,1617865,California
Orange,2021-05-08,18497,2773129,12251,1483912,5457,1206578,789,82639,5411,399060,12965,1224997,6192,1624057,California
Orange,2021-05-09,10957,2784086,8332,1492244,2254,1208832,371,83010,2875,394271,8035,1233032,3246,1627303,California
Orange,2021-05-10,19062,2803148,11629,1503873,6658,1215490,775,83785,4271,384619,14698,1247730,5046,1632349,California
Orange,2021-05-11,21932,2825080,12133,1516006,9076,1224566,723,84508,5300,374105,16531,1264261,6017,1638366,California
Orange,2021-05-12,23741,2848821,14709,1530715,8201,1232767,831,85339,6817,364954,16798,1281059,7647,1646013,California
Orange,2021-05-13,21671,2870492,13422,1544137,7670,1240437,579,85918,8138,360245,13428,1294487,8719,1654732,California
Orange,2021-05-14,25686,2896178,16775,1560912,8109,1248546,802,86720,10414,356283,15171,1309658,11209,1665941,California
Orange,2021-05-15,19896,2916074,14352,1575264,4994,1253540,550,87270,8035,353063,11797,1321455,8577,1674518,California
Orange,2021-05-16,15160,2931234,12467,1587731,2354,1255894,339,87609,6457,351207,8651,1330106,6795,1681313,California
Orange,2021-05-17,19301,2950535,12643,1600374,5962,1261856,696,88305,6878,346408,12359,1342465,7560,1688873,California
Orange,2021-05-18,20459,2970994,11907,1612281,7884,1269740,668,88973,8052,342803,12316,1354781,8711,1697584,California
Orange,2021-05-19,22426,2993420,12820,1625101,8938,1278678,668,89641,7905,336960,14406,1369187,8563,1706147,California
Orange,2021-05-20,22285,3015705,13052,1638153,8569,1287247,664,90305,7817,331077,14362,1383549,8479,1714626,California
Orange,2021-05-21,25297,3041002,14432,1652585,10147,1297394,718,91023,8389,323380,16803,1400352,9106,1723732,California
Orange,2021-05-22,18152,3059154,12062,1664647,5552,1302946,538,91561,6878,319612,11183,1411535,7415,1731147,California
Orange,2021-05-23,9743,3068897,6685,1671332,2785,1305731,273,91834,3439,317064,6261,1417796,3713,1734860,California
Orange,2021-05-24,15316,3084213,8992,1680324,5708,1311439,616,92450,5672,313793,9553,1427349,6282,1741142,California
Orange,2021-05-25,15572,3099785,9168,1689492,5884,1317323,520,92970,5618,310082,9844,1437193,6133,1747275,California
Orange,2021-05-26,15180,3114965,8511,1698003,6178,1323501,491,93461,5688,306849,9408,1446601,6175,1753450,California
Orange,2021-05-27,14338,3129303,8609,1706612,5173,1328674,556,94017,6379,305877,7891,1454492,6919,1760369,California
Orange,2021-05-28,16697,3146000,9836,1716448,6235,1334909,626,94643,7387,304662,9219,1463711,8004,1768373,California
Orange,2021-05-29,8933,3154933,5228,1721676,3349,1338258,356,94999,4123,304380,4755,1468466,4473,1772846,California
Orange,2021-05-30,5975,3160908,3883,1725559,1818,1340076,274,95273,2162,303034,3779,1472245,2433,1775279,California
Orange,2021-05-31,1705,3162613,1050,1726609,608,1340684,47,95320,556,302504,1132,1473377,602,1775881,California
Orange,2021-06-01,13324,3175937,7718,1734327,5120,1345804,486,95806,5138,300036,8087,1481464,5619,1781500,California
Orange,2021-06-02,12951,3188888,8024,1742351,4510,1350314,417,96223,4527,296696,8278,1489742,4938,1786438,California
Orange,2021-06-03,12792,3201680,8823,1751174,3518,1353832,451,96674,4483,293376,8246,1497988,4926,1791364,California
Orange,2021-06-04,16809,3218489,11863,1763037,4372,1358204,574,97248,5276,287771,11454,1509442,5849,1797213,California
Orange,2021-06-05,12816,3231305,9659,1772696,2781,1360985,376,97624,3970,283322,8793,1518235,4344,1801557,California
Orange,2021-06-06,5292,3236597,4507,1777203,595,1361580,190,97814,1934,282109,3337,1521572,2124,1803681,California
Orange,2021-06-07,10706,3247303,7569,1784772,2684,1364264,453,98267,3448,278813,7187,1528759,3891,1807572,California
Orange,2021-06-08,12054,3259357,8685,1793457,2880,1367144,489,98756,3789,274912,8180,1536939,4279,1811851,California
Orange,2021-06-09,11564,3270921,8014,1801471,3107,1370251,443,99199,3261,270386,8225,1545164,3699,1815550,California
Orange,2021-06-10,11306,3282227,8265,1809736,2588,1372839,453,99652,3341,266264,7913,1553077,3791,1819341,California
Orange,2021-06-11,11758,3293985,8014,1817750,3278,1376117,466,100118,3812,262673,7864,1560941,4273,1823614,California
Orange,2021-06-12,9274,3303259,7052,1824802,1916,1378033,306,100424,2682,259113,6548,1567489,2988,1826602,California
Orange,2021-06-13,3861,3307120,2794,1827596,929,1378962,138,100562,1007,257437,2820,1570309,1144,1827746,California
Orange,2021-06-14,3375,3310495,2230,1829826,946,1379908,199,100761,1110,256506,2240,1572549,1309,1829055,California
Placer,2020-12-15,29,29,29,29,0,0,0,0,29,29,0,0,29,29,California
Placer,2020-12-16,54,83,54,83,0,0,0,0,54,83,0,0,54,83,California
Placer,2020-12-17,149,232,149,232,0,0,0,0,149,232,0,0,149,232,California
Placer,2020-12-18,427,659,426,658,1,1,0,0,426,657,1,1,426,658,California
Placer,2020-12-19,253,912,253,911,0,1,0,0,253,910,0,1,253,911,California
Placer,2020-12-20,229,1141,229,1140,0,1,0,0,229,1139,0,1,229,1140,California
Placer,2020-12-21,505,1646,503,1643,2,3,0,0,505,1644,0,1,505,1645,California
Placer,2020-12-22,679,2325,672,2315,7,10,0,0,679,2323,0,1,679,2324,California
Placer,2020-12-23,750,3075,662,2977,88,98,0,0,750,3073,0,1,750,3074,California
Placer,2020-12-24,409,3484,358,3335,51,149,0,0,409,3482,0,1,409,3483,California
Placer,2020-12-26,163,3647,118,3453,45,194,0,0,163,3645,0,1,163,3646,California
Placer,2020-12-27,182,3829,161,3614,21,215,0,0,182,3827,0,1,182,3828,California
Placer,2020-12-28,672,4501,548,4162,124,339,0,0,672,4499,0,1,672,4500,California
Placer,2020-12-29,769,5270,521,4683,248,587,0,0,769,5268,0,1,769,5269,California
Placer,2020-12-30,736,6006,461,5144,275,862,0,0,735,6003,0,1,735,6004,California
Placer,2020-12-31,546,6552,360,5504,186,1048,0,0,546,6549,0,1,546,6550,California
Placer,2021-01-01,16,6568,12,5516,4,1052,0,0,16,6565,0,1,16,6566,California
Placer,2021-01-02,190,6758,158,5674,32,1084,0,0,190,6755,0,1,190,6756,California
Placer,2021-01-03,154,6912,77,5751,77,1161,0,0,154,6909,0,1,154,6910,California
Placer,2021-01-04,627,7539,185,5936,442,1603,0,0,627,7536,0,1,627,7537,California
Placer,2021-01-05,723,8262,158,6094,565,2168,0,0,636,8086,86,87,636,8173,California
Placer,2021-01-06,761,9023,244,6338,517,2685,0,0,612,8549,149,236,612,8785,California
Placer,2021-01-07,982,10005,368,6706,614,3299,0,0,755,9077,227,463,755,9540,California
Placer,2021-01-08,1180,11185,528,7234,652,3951,0,0,787,9476,388,851,787,10327,California
Placer,2021-01-09,455,11640,323,7557,132,4083,0,0,237,9496,217,1068,237,10564,California
Placer,2021-01-10,335,11975,185,7742,150,4233,0,0,168,9497,167,1235,168,10732,California
Placer,2021-01-11,1434,13409,812,8554,622,4855,0,0,841,9746,593,1828,842,11574,California
Placer,2021-01-12,1663,15072,876,9430,787,5642,0,0,1059,10205,601,2429,1060,12634,California
Placer,2021-01-13,1640,16712,823,10253,817,6459,0,0,1215,11001,423,2852,1219,13853,California
Placer,2021-01-14,1811,18523,689,10942,1122,7581,0,0,1430,12057,378,3230,1434,15287,California
Placer,2021-01-15,1946,20469,731,11673,1215,8796,0,0,1588,13290,357,3587,1590,16877,California
Placer,2021-01-16,1450,21919,717,12390,733,9529,0,0,1328,14497,122,3709,1329,18206,California
Placer,2021-01-17,576,22495,397,12787,179,9708,0,0,437,14795,139,3848,437,18643,California
Placer,2021-01-18,992,23487,554,13341,438,10146,0,0,750,15304,242,4090,751,19394,California
Placer,2021-01-19,2644,26131,1977,15318,667,10813,0,0,2186,17033,458,4548,2187,21581,California
Placer,2021-01-20,2304,28435,1728,17046,576,11389,0,0,1964,18658,340,4888,1965,23546,California
Placer,2021-01-21,2595,31030,1144,18190,1451,12840,0,0,2196,20461,397,5285,2200,25746,California
Placer,2021-01-22,2364,33394,651,18841,1713,14553,0,0,2188,22476,174,5459,2189,27935,California
Placer,2021-01-23,1187,34581,385,19226,802,15355,0,0,1028,23345,159,5618,1028,28963,California
Placer,2021-01-24,503,35084,258,19484,245,15600,0,0,430,23703,73,5691,431,29394,California
Placer,2021-01-25,1692,36776,819,20303,873,16473,0,0,1395,24802,297,5988,1396,30790,California
Placer,2021-01-26,1869,38645,1035,21338,834,17307,0,0,1601,26135,268,6256,1601,32391,California
Placer,2021-01-27,1840,40485,1153,22491,687,17994,0,0,1590,27478,248,6504,1591,33982,California
Placer,2021-01-28,1807,42292,1121,23612,686,18680,0,0,1561,28796,243,6747,1561,35543,California
Placer,2021-01-29,1903,44195,1168,24780,735,19415,0,0,1708,30312,194,6941,1710,37253,California
Placer,2021-01-30,1724,45919,969,25749,755,20170,0,0,1603,31795,120,7061,1603,38856,California
Placer,2021-01-31,784,46703,623,26372,161,20331,0,0,712,32436,72,7133,713,39569,California
Placer,2021-02-01,2082,48785,1091,27463,991,21322,0,0,1763,33881,318,7451,1763,41332,California
Placer,2021-02-02,2387,51172,1541,29004,846,22168,0,0,1891,35279,493,7944,1891,43223,California
Placer,2021-02-03,2924,54096,1889,30893,1035,23203,0,0,2298,36955,622,8566,2298,45521,California
Placer,2021-02-04,2733,56829,1182,32075,1551,24754,0,0,1906,38039,823,9389,1907,47428,California
Placer,2021-02-05,2708,59537,1211,33286,1497,26251,0,0,1372,38080,1331,10720,1372,48800,California
Placer,2021-02-06,1950,61487,1316,34602,634,26885,0,0,1400,38930,550,11270,1400,50200,California
Placer,2021-02-07,1188,62675,873,35475,315,27200,0,0,899,39541,288,11558,899,51099,California
Placer,2021-02-08,3295,65970,1766,37241,1529,28729,0,0,1930,40114,1358,12916,1931,53030,California
Placer,2021-02-09,3542,69512,2175,39416,1367,30096,0,0,1614,39803,1925,14841,1614,54644,California
Placer,2021-02-10,3762,73274,2207,41623,1555,31651,0,0,1745,39536,2014,16855,1747,56391,California
Placer,2021-02-11,3698,76972,1913,43536,1785,33436,0,0,1556,38964,2129,18984,1557,57948,California
Placer,2021-02-12,2844,79816,1327,44863,1517,34953,0,0,1662,39482,1145,20129,1663,59611,California
Placer,2021-02-13,2502,82318,1458,46321,1044,35997,0,0,1875,40730,627,20756,1875,61486,California
Placer,2021-02-14,1090,83408,678,46999,412,36409,0,0,736,41114,352,21108,736,62222,California
Placer,2021-02-15,2240,85648,1034,48033,1206,37615,0,0,1521,41920,717,21825,1523,63745,California
Placer,2021-02-16,3563,89211,1775,49808,1788,39403,0,0,1571,41509,1983,23808,1572,65317,California
Placer,2021-02-17,3535,92746,1954,51762,1581,40984,0,0,1496,40971,2035,25843,1497,66814,California
Placer,2021-02-18,3805,96551,2055,53817,1750,42734,0,0,1611,40399,2184,28027,1612,68426,California
Placer,2021-02-19,3624,100175,1931,55748,1693,44427,0,0,1352,39484,2268,30295,1353,69779,California
Placer,2021-02-20,2028,102203,1270,57018,758,45185,0,0,921,39308,1100,31395,924,70703,California
Placer,2021-02-21,997,103200,735,57753,262,45447,0,0,291,38897,703,32098,292,70995,California
Placer,2021-02-22,2553,105753,1793,59546,760,46207,0,0,614,37572,1939,34037,614,71609,California
Placer,2021-02-23,2579,108332,1605,61151,974,47181,0,0,893,36780,1685,35722,893,72502,California
Placer,2021-02-24,3329,111661,1184,62335,2145,49326,0,0,1830,37122,1490,37212,1832,74334,California
Placer,2021-02-25,3732,115393,1540,63875,2192,51518,0,0,2053,37506,1671,38883,2055,76389,California
Placer,2021-02-26,4256,119649,2460,66335,1796,53314,0,0,2461,38176,1791,40674,2461,78850,California
Placer,2021-02-27,2880,122529,1518,67853,1362,54676,0,0,1479,38263,1395,42069,1482,80332,California
Placer,2021-02-28,1544,124073,845,68698,699,55375,0,0,723,38170,816,42885,723,81055,California
Placer,2021-03-01,3191,127264,2125,70823,1066,56441,0,0,1624,38235,1559,44444,1624,82679,California
Placer,2021-03-02,2872,130136,1766,72589,1106,57547,0,0,1886,39140,981,45425,1886,84565,California
Placer,2021-03-03,3362,133498,1464,74053,1898,59445,0,0,1845,39476,1510,46935,1846,86411,California
Placer,2021-03-04,3603,137101,1449,75502,2154,61599,0,0,1879,39643,1713,48648,1880,88291,California
Placer,2021-03-05,2979,140080,1025,76527,1933,63532,21,21,1797,40282,1179,49827,1818,90109,California
Placer,2021-03-06,2426,142506,1503,78030,826,64358,97,118,930,39823,1486,51313,1027,91136,California
Placer,2021-03-07,1317,143823,764,78794,515,64873,38,156,543,39633,771,52084,581,91717,California
Placer,2021-03-08,2889,146712,1816,80610,961,65834,112,268,1645,40148,1242,53326,1757,93474,California
Placer,2021-03-09,3168,149880,1690,82300,1393,67227,85,353,1834,40735,1332,54658,1919,95393,California
Placer,2021-03-10,3294,153174,1327,83627,1862,69089,105,458,1730,41012,1558,56216,1835,97228,California
Placer,2021-03-11,3635,156809,1653,85280,1855,70944,127,585,1751,41018,1874,58090,1880,99108,California
Placer,2021-03-12,3698,160507,1500,86780,1417,72361,781,1366,1252,40613,2439,60529,2034,101142,California
Placer,2021-03-13,2131,162638,746,87526,1262,73623,123,1489,1111,40831,1017,61546,1235,102377,California
Placer,2021-03-14,1657,164295,681,88207,826,74449,150,1639,901,41126,756,62302,1051,103428,California
Placer,2021-03-15,3198,167493,1543,89750,1523,75972,132,1771,1762,41589,1432,63734,1895,105323,California
Placer,2021-03-16,3595,171088,1933,91683,1528,77500,134,1905,2279,42697,1304,65038,2412,107735,California
Placer,2021-03-17,3472,174560,1756,93439,1612,79112,104,2009,2231,43795,1238,66276,2336,110071,California
Placer,2021-03-18,4102,178662,2335,95774,1728,80840,39,2048,2863,45464,1232,67508,2901,112972,California
Placer,2021-03-19,3457,182119,2072,97846,1120,81960,265,2313,2150,46578,1299,68807,2413,115385,California
Placer,2021-03-20,2153,184272,911,98757,1152,83112,90,2403,1319,47157,829,69636,1408,116793,California
Placer,2021-03-21,1267,185539,582,99339,675,83787,10,2413,879,47661,385,70021,889,117682,California
Placer,2021-03-22,3301,188840,2119,101458,1090,84877,92,2505,2141,48738,1156,71177,2233,119915,California
Placer,2021-03-23,3549,192389,2107,103565,1353,86230,89,2594,2529,50342,1015,72192,2619,122534,California
Placer,2021-03-24,3810,196199,1999,105564,1712,87942,99,2693,1924,50500,1865,74057,2023,124557,California
Placer,2021-03-25,3851,200050,1856,107420,1898,89840,97,2790,1725,50206,2115,76172,1821,126378,California
Placer,2021-03-26,3761,203811,1664,109084,1867,91707,230,3020,1506,49702,2240,78412,1736,128114,California
Placer,2021-03-27,1580,205391,466,109550,1094,92801,20,3040,604,49356,969,79381,623,128737,California
Placer,2021-03-28,1098,206489,530,110080,559,93360,9,3049,307,48886,786,80167,316,129053,California
Placer,2021-03-29,3566,210055,2003,112083,1529,94889,34,3083,1733,48832,1824,81991,1770,130823,California
Placer,2021-03-30,3983,214038,2102,114185,1837,96726,44,3127,2084,49074,1885,83876,2127,132950,California
Placer,2021-03-31,4110,218148,1837,116022,2197,98923,76,3203,1680,48406,2423,86299,1755,134705,California
Placer,2021-04-01,2984,221132,1442,117464,1494,100417,48,3251,1660,48796,1318,87617,1708,136413,California
Placer,2021-04-02,2840,223972,1471,118935,1304,101721,65,3316,1582,49191,1251,88868,1646,138059,California
Placer,2021-04-03,1844,225816,988,119923,727,102448,129,3445,888,49258,948,89816,1015,139074,California
Placer,2021-04-04,707,226523,358,120281,295,102743,54,3499,281,49170,423,90239,335,139409,California
Placer,2021-04-05,3021,229544,1911,122192,928,103671,182,3681,1755,49846,1260,91499,1936,141345,California
Placer,2021-04-06,4286,233830,2485,124677,1502,105173,299,3980,1512,48890,2766,94265,1810,143155,California
Placer,2021-04-07,4562,238392,2606,127283,1498,106671,458,4438,2071,48931,2484,96749,2525,145680,California
Placer,2021-04-08,4731,243123,2620,129903,1571,108242,540,4978,1584,47917,3136,99885,2122,147802,California
Placer,2021-04-09,4129,247252,2271,132174,1238,109480,620,5598,1240,46898,2881,102766,1862,149664,California
Placer,2021-04-10,2045,249297,894,133068,969,110449,182,5780,870,46777,1172,103938,1051,150715,California
Placer,2021-04-11,1372,250669,533,133601,807,111256,32,5812,461,46362,907,104845,492,151207,California
Placer,2021-04-12,4110,254779,2653,136254,1073,112329,384,6196,2475,47593,1627,106472,2858,154065,California
Placer,2021-04-13,4375,259154,3013,139267,1361,113690,1,6197,2219,47662,2152,108624,2221,156286,California
Placer,2021-04-14,4176,263330,2581,141848,1594,115284,1,6198,1877,47250,2289,110913,1877,158163,California
Placer,2021-04-15,4514,267844,2523,144371,1990,117274,1,6199,2363,47473,2141,113054,2364,160527,California
Placer,2021-04-16,3671,271515,2181,146552,1490,118764,0,6199,1426,46660,2239,115293,1426,161953,California
Placer,2021-04-17,2430,273945,841,147393,1589,120353,0,6199,1517,47269,908,116201,1517,163470,California
Placer,2021-04-18,1188,275133,257,147650,931,121284,0,6199,408,46899,778,116979,408,163878,California
Placer,2021-04-19,2938,278071,1803,149453,1135,122419,0,6199,1153,46272,1781,118760,1154,165032,California
Placer,2021-04-20,3818,281889,2468,151921,1350,123769,0,6199,2421,47305,1388,120148,2421,167453,California
Placer,2021-04-21,3670,285559,2404,154325,1265,125034,1,6200,2390,48419,1277,121425,2391,169844,California
Placer,2021-04-22,3661,289220,2275,156600,1386,126420,0,6200,1741,48243,1917,123342,1741,171585,California
Placer,2021-04-23,3509,292729,2320,158920,1188,127608,1,6201,1371,47484,2131,125473,1372,172957,California
Placer,2021-04-24,2086,294815,1265,160185,820,128428,1,6202,1216,47839,861,126334,1216,174173,California
Placer,2021-04-25,907,295722,501,160686,406,128834,0,6202,560,48052,347,126681,560,174733,California
Placer,2021-04-26,2481,298203,1330,162016,1128,129962,23,6225,1213,48028,1259,127940,1235,175968,California
Placer,2021-04-27,2729,300932,1421,163437,1259,131221,49,6274,1549,48450,1176,129116,1598,177566,California
Placer,2021-04-28,3000,303932,1884,165321,1079,132300,37,6311,1599,48696,1391,130507,1637,179203,California
Placer,2021-04-29,3368,307300,2181,167502,1133,133433,54,6365,1405,48198,1957,132464,1459,180662,California
Placer,2021-04-30,2972,310272,1795,169297,1128,134561,49,6414,1186,47653,1780,134244,1235,181897,California
Placer,2021-05-01,1326,311598,930,170227,370,134931,26,6440,603,47564,717,134961,628,182525,California
Placer,2021-05-02,734,312332,575,170802,137,135068,22,6462,334,47522,398,135359,356,182881,California
Placer,2021-05-03,1604,313936,985,171787,552,135620,67,6529,435,46857,1166,136525,501,183382,California
Placer,2021-05-04,2307,316243,1300,173087,843,136463,164,6693,865,46450,1436,137961,1029,184411,California
Placer,2021-05-05,3675,319918,2485,175572,1086,137549,104,6797,965,44816,2703,140664,1069,185480,California
Placer,2021-05-06,3090,323008,1892,177464,1121,138670,77,6874,810,43449,2254,142918,887,186367,California
Placer,2021-05-07,2809,325817,1895,179359,823,139493,91,6965,796,42333,2003,144921,887,187254,California
Placer,2021-05-08,1328,327145,712,180071,575,140068,41,7006,396,41837,931,145852,435,187689,California
Placer,2021-05-09,434,327579,203,180274,211,140279,20,7026,213,41848,221,146073,232,187921,California
Placer,2021-05-10,1914,329493,1020,181294,798,141077,96,7122,429,40893,1480,147553,525,188446,California
Placer,2021-05-11,2903,332396,2076,183370,711,141788,116,7238,617,39350,2276,149829,733,189179,California
Placer,2021-05-12,2886,335282,1994,185364,835,142623,57,7295,731,37991,2148,151977,789,189968,California
Placer,2021-05-13,2861,338143,1855,187219,958,143581,48,7343,1035,37249,1824,153801,1082,191050,California
Placer,2021-05-14,2760,340903,1832,189051,794,144375,134,7477,1357,37347,1389,155190,1487,192537,California
Placer,2021-05-15,2057,342960,1346,190397,686,145061,25,7502,909,37139,1142,156332,934,193471,California
Placer,2021-05-16,1009,343969,529,190926,461,145522,19,7521,345,36841,662,156994,364,193835,California
Placer,2021-05-17,2364,346333,1574,192500,715,146237,75,7596,1030,36616,1330,158324,1105,194940,California
Placer,2021-05-18,2485,348818,1673,194173,733,146970,79,7675,1127,36468,1354,159678,1206,196146,California
Placer,2021-05-19,2512,351330,1594,195767,872,147842,46,7721,880,35767,1627,161305,926,197072,California
Placer,2021-05-20,2510,353840,1634,197401,828,148670,48,7769,886,35083,1616,162921,932,198004,California
Placer,2021-05-21,2442,356282,1524,198925,772,149442,146,7915,1083,34959,1351,164272,1227,199231,California
Placer,2021-05-22,1595,357877,1050,199975,502,149944,43,7958,753,34918,837,165109,796,200027,California
Placer,2021-05-23,578,358455,328,200303,235,150179,15,7973,263,34883,314,165423,279,200306,California
Placer,2021-05-24,1478,359933,740,201043,603,150782,135,8108,426,34395,1049,166472,561,200867,California
Placer,2021-05-25,1780,361713,940,201983,742,151524,98,8206,647,34014,1126,167598,745,201612,California
Placer,2021-05-26,1577,363290,905,202888,631,152155,41,8247,619,33722,953,168551,661,202273,California
Placer,2021-05-27,1440,364730,708,203596,689,152844,43,8290,657,33648,774,169325,700,202973,California
Placer,2021-05-28,1684,366414,856,204452,732,153576,96,8386,720,33505,959,170284,816,203789,California
Placer,2021-05-29,725,367139,402,204854,292,153868,31,8417,362,33538,359,170643,392,204181,California
Placer,2021-05-30,339,367478,231,205085,94,153962,14,8431,219,33652,119,170762,233,204414,California
Placer,2021-05-31,145,367623,67,205152,61,154023,17,8448,28,33580,116,170878,44,204458,California
Placer,2021-06-01,1677,369300,882,206034,722,154745,73,8521,629,33239,1043,171921,702,205160,California
Placer,2021-06-02,1495,370795,762,206796,666,155411,67,8588,484,32780,1010,172931,551,205711,California
Placer,2021-06-03,1690,372485,1036,207832,596,156007,58,8646,431,32013,1255,174186,488,206199,California
Placer,2021-06-04,1864,374349,1325,209157,485,156492,54,8700,464,31138,1391,175577,516,206715,California
Placer,2021-06-05,1087,375436,771,209928,275,156767,41,8741,278,30652,805,176382,319,207034,California
Placer,2021-06-06,477,375913,339,210267,121,156888,17,8758,129,30451,347,176729,146,207180,California
Placer,2021-06-07,1047,376960,717,210984,260,157148,70,8828,232,29939,812,177541,300,207480,California
Placer,2021-06-08,1708,378668,1310,212294,349,157497,49,8877,429,29140,1276,178817,477,207957,California
Placer,2021-06-09,1138,379806,816,213110,268,157765,54,8931,253,28565,882,179699,307,208264,California
Placer,2021-06-10,1188,380994,810,213920,313,158078,65,8996,289,28022,895,180594,352,208616,California
Placer,2021-06-11,1328,382322,943,214863,331,158409,54,9050,295,27342,1029,181623,349,208965,California
Placer,2021-06-12,962,383284,735,215598,207,158616,20,9070,207,26816,753,182376,227,209192,California
Placer,2021-06-13,315,383599,231,215829,76,158692,8,9078,79,26668,235,182611,87,209279,California
Placer,2021-06-14,199,383798,114,215943,67,158759,18,9096,65,26620,131,182742,83,209362,California
Plumas,2020-12-18,4,4,4,4,0,0,0,0,4,4,0,0,4,4,California
Plumas,2020-12-19,1,5,1,5,0,0,0,0,1,5,0,0,1,5,California
Plumas,2020-12-21,45,50,45,50,0,0,0,0,45,50,0,0,45,50,California
Plumas,2020-12-22,94,144,94,144,0,0,0,0,94,144,0,0,94,144,California
Plumas,2020-12-23,50,194,50,194,0,0,0,0,50,194,0,0,50,194,California
Plumas,2020-12-24,7,201,7,201,0,0,0,0,7,201,0,0,7,201,California
Plumas,2020-12-28,8,209,0,201,8,8,0,0,8,209,0,0,8,209,California
Plumas,2020-12-29,33,242,23,224,10,18,0,0,33,242,0,0,33,242,California
Plumas,2020-12-30,23,265,1,225,22,40,0,0,23,265,0,0,23,265,California
Plumas,2020-12-31,4,269,1,226,3,43,0,0,4,269,0,0,4,269,California
Plumas,2021-01-01,1,270,0,226,1,44,0,0,1,270,0,0,1,270,California
Plumas,2021-01-02,1,271,0,226,1,45,0,0,1,271,0,0,1,271,California
Plumas,2021-01-04,10,281,3,229,7,52,0,0,10,281,0,0,10,281,California
Plumas,2021-01-05,24,305,1,230,23,75,0,0,24,305,0,0,24,305,California
Plumas,2021-01-06,121,426,5,235,116,191,0,0,121,426,0,0,121,426,California
Plumas,2021-01-07,52,478,2,237,50,241,0,0,51,476,1,1,51,477,California
Plumas,2021-01-08,12,490,5,242,7,248,0,0,8,480,4,5,8,485,California
Plumas,2021-01-09,1,491,1,243,0,248,0,0,0,479,1,6,0,485,California
Plumas,2021-01-11,58,549,50,293,8,256,0,0,11,443,47,53,11,496,California
Plumas,2021-01-12,157,706,88,381,69,325,0,0,71,428,86,139,71,567,California
Plumas,2021-01-13,55,761,50,431,5,330,0,0,9,391,46,185,9,576,California
Plumas,2021-01-14,99,860,15,446,84,414,0,0,93,478,6,191,93,669,California
Plumas,2021-01-15,62,922,7,453,55,469,0,0,60,536,2,193,60,729,California
Plumas,2021-01-16,58,980,1,454,57,526,0,0,58,594,0,193,58,787,California
Plumas,2021-01-18,2,982,1,455,1,527,0,0,2,596,0,193,2,789,California
Plumas,2021-01-19,37,1019,5,460,32,559,0,0,33,625,4,197,33,822,California
Plumas,2021-01-20,135,1154,3,463,132,691,0,0,132,754,3,200,132,954,California
Plumas,2021-01-21,112,1266,2,465,110,801,0,0,112,866,0,200,112,1066,California
Plumas,2021-01-22,5,1271,1,466,4,805,0,0,5,871,0,200,5,1071,California
Plumas,2021-01-23,96,1367,2,468,94,899,0,0,96,967,0,200,96,1167,California
Plumas,2021-01-24,1,1368,1,469,0,899,0,0,1,968,0,200,1,1168,California
Plumas,2021-01-25,9,1377,6,475,3,902,0,0,7,973,2,202,7,1175,California
Plumas,2021-01-26,60,1437,2,477,58,960,0,0,52,1017,8,210,52,1227,California
Plumas,2021-01-27,27,1464,22,499,5,965,0,0,7,1004,20,230,7,1234,California
Plumas,2021-01-28,25,1489,1,500,24,989,0,0,23,1025,2,232,23,1257,California
Plumas,2021-01-29,8,1497,2,502,6,995,0,0,7,1031,1,233,7,1264,California
Plumas,2021-01-30,7,1504,3,505,4,999,0,0,6,1036,1,234,6,1270,California
Plumas,2021-01-31,3,1507,3,508,0,999,0,0,3,1039,0,234,3,1273,California
Plumas,2021-02-01,17,1524,2,510,15,1014,0,0,8,1038,9,243,8,1281,California
Plumas,2021-02-02,24,1548,2,512,22,1036,0,0,3,1020,21,264,3,1284,California
Plumas,2021-02-03,127,1675,8,520,119,1155,0,0,14,922,112,376,14,1298,California
Plumas,2021-02-04,102,1777,9,529,93,1248,0,0,23,866,79,455,23,1321,California
Plumas,2021-02-05,27,1804,12,541,15,1263,0,0,12,863,15,470,12,1333,California
Plumas,2021-02-06,7,1811,0,541,7,1270,0,0,7,870,0,470,7,1340,California
Plumas,2021-02-08,14,1825,5,546,9,1279,0,0,2,860,12,482,2,1342,California
Plumas,2021-02-09,173,1998,3,549,170,1449,0,0,112,911,61,543,112,1454,California
Plumas,2021-02-10,105,2103,8,557,97,1546,0,0,99,1005,6,549,100,1554,California
Plumas,2021-02-11,340,2443,6,563,334,1880,0,0,280,1225,60,609,280,1834,California
Plumas,2021-02-12,124,2567,4,567,120,2000,0,0,118,1337,6,615,118,1952,California
Plumas,2021-02-13,76,2643,6,573,70,2070,0,0,16,1293,60,675,16,1968,California
Plumas,2021-02-14,8,2651,5,578,3,2073,0,0,8,1301,0,675,8,1976,California
Plumas,2021-02-15,28,2679,5,583,23,2096,0,0,25,1323,3,678,25,2001,California
Plumas,2021-02-16,80,2759,5,588,75,2171,0,0,16,1275,64,742,16,2017,California
Plumas,2021-02-17,150,2909,5,593,145,2316,0,0,12,1149,138,880,12,2029,California
Plumas,2021-02-18,132,3041,7,600,125,2441,0,0,22,1062,110,990,23,2052,California
Plumas,2021-02-19,43,3084,6,606,37,2478,0,0,8,1035,35,1025,8,2060,California
Plumas,2021-02-20,106,3190,7,613,99,2577,0,0,13,955,93,1118,13,2073,California
Plumas,2021-02-21,6,3196,5,618,1,2578,0,0,2,953,4,1122,2,2075,California
Plumas,2021-02-22,4,3200,1,619,3,2581,0,0,0,949,4,1126,0,2075,California
Plumas,2021-02-23,25,3225,5,624,20,2601,0,0,17,958,8,1134,17,2092,California
Plumas,2021-02-24,477,3702,9,633,468,3069,0,0,464,1409,13,1147,464,2556,California
Plumas,2021-02-25,237,3939,11,644,226,3295,0,0,174,1520,63,1210,174,2730,California
Plumas,2021-02-26,267,4206,8,652,259,3554,0,0,258,1770,9,1219,259,2989,California
Plumas,2021-02-27,42,4248,4,656,38,3592,0,0,34,1796,8,1227,34,3023,California
Plumas,2021-02-28,4,4252,0,656,4,3596,0,0,4,1800,0,1227,4,3027,California
Plumas,2021-03-01,17,4269,2,658,15,3611,0,0,11,1806,5,1232,11,3038,California
Plumas,2021-03-02,11,4280,1,659,10,3621,0,0,7,1810,3,1235,7,3045,California
Plumas,2021-03-03,171,4451,10,669,161,3782,0,0,155,1949,16,1251,155,3200,California
Plumas,2021-03-04,251,4702,8,677,243,4025,0,0,230,2158,21,1272,230,3430,California
Plumas,2021-03-05,398,5100,5,682,388,4413,5,5,388,2541,10,1282,393,3823,California
Plumas,2021-03-06,20,5120,3,685,9,4422,8,13,3,2535,17,1299,11,3834,California
Plumas,2021-03-07,14,5134,3,688,2,4424,9,22,4,2538,10,1309,13,3847,California
Plumas,2021-03-08,32,5166,3,691,4,4428,25,47,5,2541,27,1336,30,3877,California
Plumas,2021-03-09,135,5301,4,695,116,4544,15,62,19,2459,116,1452,34,3911,California
Plumas,2021-03-10,292,5593,3,698,275,4819,14,76,110,2402,181,1633,124,4035,California
Plumas,2021-03-11,185,5778,9,707,171,4990,5,81,149,2520,36,1669,154,4189,California
Plumas,2021-03-12,597,6375,7,714,303,5293,287,368,25,2260,572,2241,312,4501,California
Plumas,2021-03-13,26,6401,5,719,10,5303,11,379,5,2255,21,2262,16,4517,California
Plumas,2021-03-14,12,6413,3,722,4,5307,5,384,1,2251,10,2272,6,4523,California
Plumas,2021-03-15,35,6448,1,723,27,5334,7,391,7,2237,28,2300,14,4537,California
Plumas,2021-03-16,61,6509,3,726,57,5391,1,392,49,2275,12,2312,50,4587,California
Plumas,2021-03-17,73,6582,9,735,63,5454,1,393,56,2316,16,2328,57,4644,California
Plumas,2021-03-18,60,6642,6,741,38,5492,16,409,11,2294,49,2377,27,4671,California
Plumas,2021-03-19,163,6805,5,746,156,5648,2,411,155,2446,6,2383,158,4829,California
Plumas,2021-03-20,709,7514,4,750,704,6352,1,412,688,3116,19,2402,689,5518,California
Plumas,2021-03-21,2,7516,1,751,1,6353,0,412,1,3117,0,2402,1,5519,California
Plumas,2021-03-22,198,7714,2,753,196,6549,0,412,191,3301,7,2409,191,5710,California
Plumas,2021-03-23,28,7742,2,755,26,6575,0,412,14,3301,14,2423,14,5724,California
Plumas,2021-03-24,685,8427,6,761,678,7253,1,413,231,3080,453,2876,232,5956,California
Plumas,2021-03-25,308,8735,7,768,299,7552,2,415,164,3100,144,3020,164,6120,California
Plumas,2021-03-26,315,9050,8,776,307,7859,0,415,46,2878,268,3288,46,6166,California
Plumas,2021-03-27,12,9062,1,777,10,7869,1,416,3,2873,9,3297,4,6170,California
Plumas,2021-03-28,10,9072,4,781,5,7874,1,417,4,2872,6,3303,5,6175,California
Plumas,2021-03-29,12,9084,4,785,7,7881,1,418,4,2869,8,3311,5,6180,California
Plumas,2021-03-30,175,9259,4,789,169,8050,2,420,27,2750,148,3459,29,6209,California
Plumas,2021-03-31,290,9549,3,792,286,8336,1,421,269,2999,21,3480,270,6479,California
Plumas,2021-04-01,306,9855,11,803,293,8629,2,423,62,2821,241,3721,63,6542,California
Plumas,2021-04-02,377,10232,4,807,371,9000,2,425,30,2517,336,4057,32,6574,California
Plumas,2021-04-03,13,10245,2,809,5,9005,6,431,2,2514,11,4068,8,6582,California
Plumas,2021-04-04,3,10248,1,810,1,9006,1,432,0,2512,3,4071,1,6583,California
Plumas,2021-04-05,16,10264,6,816,8,9014,2,434,4,2507,11,4082,6,6589,California
Plumas,2021-04-06,129,10393,7,823,96,9110,26,460,15,2434,114,4196,41,6630,California
Plumas,2021-04-07,291,10684,8,831,103,9213,180,640,29,2381,262,4458,209,6839,California
Plumas,2021-04-08,154,10838,3,834,133,9346,18,658,36,2317,117,4575,53,6892,California
Plumas,2021-04-09,50,10888,9,843,24,9370,17,675,17,2317,33,4608,33,6925,California
Plumas,2021-04-10,22,10910,1,844,4,9374,17,692,3,2318,19,4627,20,6945,California
Plumas,2021-04-11,2,10912,1,845,0,9374,1,693,1,2319,1,4628,2,6947,California
Plumas,2021-04-12,12,10924,4,849,5,9379,3,696,6,2322,6,4634,9,6956,California
Plumas,2021-04-13,215,11139,5,854,210,9589,0,696,150,2407,65,4699,150,7106,California
Plumas,2021-04-14,110,11249,6,860,104,9693,0,696,56,2410,53,4752,56,7162,California
Plumas,2021-04-15,52,11301,2,862,50,9743,0,696,35,2428,17,4769,35,7197,California
Plumas,2021-04-16,144,11445,3,865,141,9884,0,696,3,2290,141,4910,3,7200,California
Plumas,2021-04-17,680,12125,2,867,678,10562,0,696,19,1650,659,5569,19,7219,California
Plumas,2021-04-18,3,12128,3,870,0,10562,0,696,0,1647,3,5572,0,7219,California
Plumas,2021-04-19,38,12166,2,872,36,10598,0,696,5,1619,33,5605,5,7224,California
Plumas,2021-04-20,44,12210,5,877,39,10637,0,696,28,1632,15,5620,28,7252,California
Plumas,2021-04-21,330,12540,5,882,324,10961,1,697,17,1336,313,5933,17,7269,California
Plumas,2021-04-22,279,12819,7,889,272,11233,0,697,132,1321,147,6080,132,7401,California
Plumas,2021-04-23,73,12892,4,893,69,11302,0,697,16,1280,57,6137,16,7417,California
Plumas,2021-04-24,170,13062,4,897,166,11468,0,697,144,1399,25,6162,144,7561,California
Plumas,2021-04-26,31,13093,4,901,27,11495,0,697,8,1385,22,6184,8,7569,California
Plumas,2021-04-27,103,13196,4,905,99,11594,0,697,64,1410,39,6223,64,7633,California
Plumas,2021-04-28,285,13481,4,909,281,11875,0,697,38,1203,245,6468,38,7671,California
Plumas,2021-04-29,173,13654,68,977,105,11980,0,697,119,1268,54,6522,119,7790,California
Plumas,2021-04-30,21,13675,10,987,11,11991,0,697,6,1259,15,6537,6,7796,California
Plumas,2021-05-01,4,13679,1,988,2,11993,1,698,1,1259,2,6539,2,7798,California
Plumas,2021-05-02,1,13680,1,989,0,11993,0,698,1,1260,0,6539,1,7799,California
Plumas,2021-05-03,19,13699,5,994,7,12000,7,705,5,1260,12,6551,12,7811,California
Plumas,2021-05-04,32,13731,4,998,21,12021,7,712,18,1272,13,6564,25,7836,California
Plumas,2021-05-05,48,13779,3,1001,44,12065,1,713,22,1269,26,6590,23,7859,California
Plumas,2021-05-06,64,13843,1,1002,58,12123,5,718,21,1252,43,6633,26,7885,California
Plumas,2021-05-07,22,13865,5,1007,16,12139,1,719,8,1247,14,6647,9,7894,California
Plumas,2021-05-08,6,13871,0,1007,4,12143,2,721,4,1251,2,6649,6,7900,California
Plumas,2021-05-09,1,13872,0,1007,0,12143,1,722,0,1251,1,6650,1,7901,California
Plumas,2021-05-10,50,13922,0,1007,27,12170,23,745,23,1270,27,6677,46,7947,California
Plumas,2021-05-11,174,14096,3,1010,152,12322,19,764,15,1145,159,6836,34,7981,California
Plumas,2021-05-12,100,14196,1,1011,91,12413,8,772,36,1126,63,6899,44,8025,California
Plumas,2021-05-13,39,14235,3,1014,34,12447,2,774,14,1117,25,6924,16,8041,California
Plumas,2021-05-14,20,14255,3,1017,12,12459,5,779,9,1120,11,6935,14,8055,California
Plumas,2021-05-15,10,14265,4,1021,4,12463,2,781,4,1120,6,6941,6,8061,California
Plumas,2021-05-16,1,14266,1,1022,0,12463,0,781,1,1121,0,6941,1,8062,California
Plumas,2021-05-17,13,14279,0,1022,4,12467,9,790,3,1123,10,6951,12,8074,California
Plumas,2021-05-18,46,14325,7,1029,38,12505,1,791,26,1130,20,6971,27,8101,California
Plumas,2021-05-19,50,14375,3,1032,31,12536,16,807,12,1121,38,7009,29,8130,California
Plumas,2021-05-20,188,14563,133,1165,44,12580,11,818,77,1099,110,7119,88,8218,California
Plumas,2021-05-21,29,14592,8,1173,15,12595,6,824,15,1106,14,7133,21,8239,California
Plumas,2021-05-22,137,14729,2,1175,135,12730,0,824,7,985,128,7261,7,8246,California
Plumas,2021-05-23,1,14730,1,1176,0,12730,0,824,0,984,1,7262,0,8246,California
Plumas,2021-05-24,49,14779,36,1212,12,12742,1,825,41,1018,8,7270,42,8288,California
Plumas,2021-05-25,76,14855,3,1215,72,12814,1,826,16,975,60,7330,17,8305,California
Plumas,2021-05-26,42,14897,6,1221,28,12842,8,834,17,975,25,7355,25,8330,California
Plumas,2021-05-27,102,14999,26,1247,63,12905,13,847,42,971,59,7414,55,8385,California
Plumas,2021-05-28,42,15041,16,1263,24,12929,2,849,23,977,19,7433,25,8410,California
Plumas,2021-05-29,8,15049,0,1263,8,12937,0,849,6,982,2,7435,7,8417,California
Plumas,2021-05-30,1,15050,0,1263,1,12938,0,849,0,982,0,7435,0,8417,California
Plumas,2021-05-31,5,15055,0,1263,2,12940,3,852,0,981,4,7439,3,8420,California
Plumas,2021-06-01,34,15089,8,1271,20,12960,6,858,9,972,25,7464,16,8436,California
Plumas,2021-06-02,62,15151,4,1275,36,12996,22,880,11,954,51,7515,33,8469,California
Plumas,2021-06-03,65,15216,17,1292,38,13034,10,890,27,953,38,7553,37,8506,California
Plumas,2021-06-04,13,15229,3,1295,9,13043,1,891,8,957,5,7558,9,8515,California
Plumas,2021-06-05,7,15236,3,1298,4,13047,0,891,2,954,5,7563,2,8517,California
Plumas,2021-06-06,2,15238,1,1299,1,13048,0,891,0,952,2,7565,0,8517,California
Plumas,2021-06-07,38,15276,5,1304,25,13073,8,899,9,940,29,7594,17,8534,California
Plumas,2021-06-08,30,15306,9,1313,19,13092,2,901,8,928,22,7616,10,8544,California
Plumas,2021-06-09,40,15346,3,1316,34,13126,3,904,7,905,33,7649,10,8554,California
Plumas,2021-06-10,36,15382,16,1332,16,13142,4,908,13,899,23,7672,17,8571,California
Plumas,2021-06-11,22,15404,12,1344,9,13151,1,909,7,892,15,7687,8,8579,California
Plumas,2021-06-12,10,15414,3,1347,7,13158,0,909,5,892,5,7692,5,8584,California
Plumas,2021-06-13,3,15417,1,1348,2,13160,0,909,3,895,0,7692,3,8587,California
Plumas,2021-06-14,93,15510,87,1435,5,13165,1,910,13,829,80,7772,14,8601,California
Riverside,2020-12-15,5,5,5,5,0,0,0,0,5,5,0,0,5,5,California
Riverside,2020-12-16,68,73,68,73,0,0,0,0,68,73,0,0,68,73,California
Riverside,2020-12-17,815,888,815,888,0,0,0,0,815,888,0,0,815,888,California
Riverside,2020-12-18,1733,2621,1732,2620,1,1,0,0,1733,2621,0,0,1733,2621,California
Riverside,2020-12-19,1029,3650,1026,3646,3,4,0,0,1027,3647,1,1,1027,3648,California
Riverside,2020-12-20,1086,4736,1085,4731,1,5,0,0,1086,4733,0,1,1086,4734,California
Riverside,2020-12-21,2277,7013,2275,7006,2,7,0,0,2277,7010,0,1,2277,7011,California
Riverside,2020-12-22,2261,9274,2222,9228,39,46,0,0,2261,9271,0,1,2261,9272,California
Riverside,2020-12-23,2144,11418,1801,11029,343,389,0,0,2145,11416,0,1,2145,11417,California
Riverside,2020-12-24,818,12236,614,11643,204,593,0,0,818,12234,0,1,818,12235,California
Riverside,2020-12-25,30,12266,6,11649,24,617,0,0,29,12263,0,1,29,12264,California
Riverside,2020-12-26,401,12667,257,11906,144,761,0,0,401,12664,0,1,401,12665,California
Riverside,2020-12-27,368,13035,247,12153,121,882,0,0,367,13030,1,2,367,13032,California
Riverside,2020-12-28,1638,14673,1132,13285,506,1388,0,0,1639,14669,0,2,1639,14671,California
Riverside,2020-12-29,1746,16419,974,14259,772,2160,0,0,1746,16415,0,2,1746,16417,California
Riverside,2020-12-30,2582,19001,1685,15944,897,3057,0,0,2581,18995,1,3,2581,18998,California
Riverside,2020-12-31,1029,20030,397,16341,632,3689,0,0,1030,20024,1,4,1030,20028,California
Riverside,2021-01-01,124,20154,48,16389,76,3765,0,0,124,20148,0,4,124,20152,California
Riverside,2021-01-02,835,20989,694,17083,141,3906,0,0,835,20983,0,4,835,20987,California
Riverside,2021-01-03,346,21335,300,17383,46,3952,0,0,345,21328,0,4,345,21332,California
Riverside,2021-01-04,1266,22601,794,18177,472,4424,0,0,1266,22594,0,4,1266,22598,California
Riverside,2021-01-05,1995,24596,1371,19548,624,5048,0,0,1900,24404,90,94,1900,24498,California
Riverside,2021-01-06,2498,27094,1114,20662,1384,6432,0,0,2188,26286,306,400,2188,26686,California
Riverside,2021-01-07,2788,29882,1831,22493,957,7389,0,0,1720,26945,1062,1462,1721,28407,California
Riverside,2021-01-08,4077,33959,2944,25437,1133,8522,0,0,2255,27382,1818,3280,2255,30662,California
Riverside,2021-01-09,2076,36035,844,26281,1232,9754,0,0,1728,28763,347,3627,1728,32390,California
Riverside,2021-01-10,1672,37707,737,27018,935,10689,0,0,1068,29227,604,4231,1068,33458,California
Riverside,2021-01-11,4521,42228,3095,30113,1426,12115,0,0,2787,30282,1733,5964,2788,36246,California
Riverside,2021-01-12,3422,45650,2748,32861,674,12789,0,0,1724,30313,1693,7657,1724,37970,California
Riverside,2021-01-13,4466,50116,2943,35804,1523,14312,0,0,2853,31557,1610,9267,2854,40824,California
Riverside,2021-01-14,5527,55643,1916,37720,3611,17923,0,0,4948,35927,578,9845,4948,45772,California
Riverside,2021-01-15,6080,61723,1996,39716,4084,22007,0,0,5789,41426,290,10135,5789,51561,California
Riverside,2021-01-16,3623,65346,1024,40740,2599,24606,0,0,3374,44552,249,10384,3375,54936,California
Riverside,2021-01-17,3596,68942,588,41328,3008,27614,0,0,3397,47752,197,10581,3397,58333,California
Riverside,2021-01-18,3763,72705,2053,43381,1710,29324,0,0,2747,49484,1016,11597,2748,61081,California
Riverside,2021-01-19,7439,80144,2649,46030,4790,34114,0,0,6315,54676,1124,12721,6316,67397,California
Riverside,2021-01-20,8263,88407,3146,49176,5117,39231,0,0,6593,59617,1656,14377,6597,73994,California
Riverside,2021-01-21,8387,96794,3501,52677,4886,44117,0,0,7734,66700,653,15030,7736,81730,California
Riverside,2021-01-22,8754,105548,2971,55648,5783,49900,0,0,8320,74590,431,15461,8321,90051,California
Riverside,2021-01-23,5902,111450,2364,58012,3538,53438,0,0,5179,79049,721,16182,5180,95231,California
Riverside,2021-01-24,3045,114495,1437,59449,1608,55046,0,0,2829,81665,214,16396,2830,98061,California
Riverside,2021-01-25,7897,122392,4544,63993,3353,58399,0,0,6769,87309,1126,17522,6770,104831,California
Riverside,2021-01-26,9166,131558,5727,69720,3439,61838,0,0,7646,93440,1517,19039,7648,112479,California
Riverside,2021-01-27,10942,142500,6398,76118,4544,66382,0,0,9326,101159,1610,20649,9329,121808,California
Riverside,2021-01-28,11562,154062,6821,82939,4741,71123,0,0,10384,110376,1170,21819,10387,132195,California
Riverside,2021-01-29,11966,166028,7300,90239,4666,75789,0,0,10584,119611,1356,23175,10591,142786,California
Riverside,2021-01-30,9094,175122,4635,94874,4459,80248,0,0,8629,127779,462,23637,8630,151416,California
Riverside,2021-01-31,5175,180297,4257,99131,918,81166,0,0,5043,132695,131,23768,5047,156463,California
Riverside,2021-02-01,10988,191285,6790,105921,4198,85364,0,0,9135,139987,1846,25614,9138,165601,California
Riverside,2021-02-02,9488,200773,4822,110743,4666,90030,0,0,8015,146540,1465,27079,8018,173619,California
Riverside,2021-02-03,12196,212969,5150,115893,7046,97076,0,0,9826,154004,2362,29441,9826,183445,California
Riverside,2021-02-04,13519,226488,6006,121899,7513,104589,0,0,11430,163356,2081,31522,11433,194878,California
Riverside,2021-02-05,14312,240800,5381,127280,8931,113520,0,0,11271,171599,3032,34554,11275,206153,California
Riverside,2021-02-06,7239,248039,4268,131548,2971,116491,0,0,5596,175561,1637,36191,5599,211752,California
Riverside,2021-02-07,2170,250209,798,132346,1372,117863,0,0,1850,177094,318,36509,1851,213603,California
Riverside,2021-02-08,12475,262684,5549,137895,6926,124789,0,0,10155,184948,2305,38814,10159,223762,California
Riverside,2021-02-09,9622,272306,4504,142399,5118,129907,0,0,7676,190690,1939,40753,7681,231443,California
Riverside,2021-02-10,12102,284408,6982,149381,5120,135027,0,0,8926,196459,3166,43919,8935,240378,California
Riverside,2021-02-11,16649,301057,9068,158449,7581,142608,0,0,12129,204105,4498,48417,12144,252522,California
Riverside,2021-02-12,17718,318775,10783,169232,6935,149543,0,0,12829,212101,4845,53262,12841,265363,California
Riverside,2021-02-13,6306,325081,2133,171365,4173,153716,0,0,3086,212003,3205,56467,3107,268470,California
Riverside,2021-02-14,4924,330005,1118,172483,3806,157522,0,0,2181,211445,2739,59206,2181,270651,California
Riverside,2021-02-15,9812,339817,4992,177475,4820,162342,0,0,5397,212446,4404,63610,5405,276056,California
Riverside,2021-02-16,16138,355955,10118,187593,6020,168362,0,0,9253,214829,6878,70488,9261,285317,California
Riverside,2021-02-17,15042,370997,8214,195807,6828,175190,0,0,7452,214714,7576,78064,7461,292778,California
Riverside,2021-02-18,15567,386564,8988,204795,6579,181769,0,0,8025,215234,7520,85584,8040,300818,California
Riverside,2021-02-19,15318,401882,8227,213022,7091,188860,0,0,7229,214400,8071,93655,7237,308055,California
Riverside,2021-02-20,8321,410203,4505,217527,3816,192676,0,0,2163,210426,6141,99796,2167,310222,California
Riverside,2021-02-21,4415,414618,3890,221417,525,193201,0,0,1236,208498,3164,102960,1236,311458,California
Riverside,2021-02-22,12385,427003,7772,229189,4613,197814,0,0,5103,206340,7266,110226,5108,316566,California
Riverside,2021-02-23,11130,438133,7570,236759,3560,201374,0,0,5392,206025,5711,115937,5396,321962,California
Riverside,2021-02-24,14796,452929,8096,244855,6700,208074,0,0,6281,203846,8477,124414,6298,328260,California
Riverside,2021-02-25,17369,470298,7409,252264,9960,218034,0,0,8068,202662,9276,133690,8092,336352,California
Riverside,2021-02-26,18652,488950,6738,259002,11914,229948,0,0,9298,202700,9295,142985,9333,345685,California
Riverside,2021-02-27,12104,501054,5604,264606,6500,236448,0,0,5757,202169,6315,149300,5784,351469,California
Riverside,2021-02-28,4895,505949,3227,267833,1668,238116,0,0,2404,202102,2478,151778,2411,353880,California
Riverside,2021-03-01,14387,520336,6120,273953,8264,246380,3,3,8458,204702,5889,157667,8489,362369,California
Riverside,2021-03-02,15413,535749,7540,281493,7872,254252,1,4,9035,207412,6356,164023,9066,371435,California
Riverside,2021-03-03,17092,552841,8491,289984,8601,262853,0,4,7434,205368,9607,173630,7563,378998,California
Riverside,2021-03-04,18861,571702,7511,297495,11345,274198,5,9,8984,204674,9833,183463,9139,388137,California
Riverside,2021-03-05,18917,590619,7608,305103,11265,285463,44,53,9374,204876,9493,192956,9695,397832,California
Riverside,2021-03-06,9529,600148,5075,310178,3973,289436,481,534,4753,205374,4763,197719,5261,403093,California
Riverside,2021-03-07,4265,604413,2756,312934,1120,290556,389,923,2012,205535,2244,199963,2405,405498,California
Riverside,2021-03-08,11966,616379,4751,317685,6805,297361,410,1333,5342,204731,6603,206566,5799,411297,California
Riverside,2021-03-09,14794,631173,6891,324576,7401,304762,502,1835,5895,202388,8876,215442,6533,417830,California
Riverside,2021-03-10,15924,647097,8516,333092,6481,311243,927,2762,6216,200020,9663,225105,7295,425125,California
Riverside,2021-03-11,19326,666423,9476,342568,8001,319244,1849,4611,7617,198020,11673,236778,9673,434798,California
Riverside,2021-03-12,21205,687628,7928,350496,8530,327774,4747,9358,7044,196012,14124,250902,12116,446914,California
Riverside,2021-03-13,8526,696154,2548,353044,4747,332521,1231,10589,4376,197567,4128,255030,5683,452597,California
Riverside,2021-03-14,4751,700905,1619,354663,1760,334281,1372,11961,2088,198372,2651,257681,3456,456053,California
Riverside,2021-03-15,18706,719611,7869,362532,9172,343453,1665,13626,9210,199895,9452,267133,10975,467028,California
Riverside,2021-03-16,20892,740503,10137,372669,9942,353395,813,14439,11384,202713,9471,276604,12289,479317,California
Riverside,2021-03-17,21346,761849,10941,383610,9345,362740,1060,15499,12833,208186,8478,285082,13951,493268,California
Riverside,2021-03-18,22624,784473,11773,395383,9180,371920,1671,17170,12543,212379,10029,295111,14222,507490,California
Riverside,2021-03-19,24164,808637,12689,408072,10504,382424,971,18141,14106,217823,9998,305109,15442,522932,California
Riverside,2021-03-20,10680,819317,6892,414964,2604,385028,1184,19325,6869,222095,3780,308889,8052,530984,California
Riverside,2021-03-21,3751,823068,2926,417890,559,385587,266,19591,2557,223744,1175,310064,2824,533808,California
Riverside,2021-03-22,16646,839714,9926,427816,6168,391755,552,20143,10591,228885,5998,316062,11139,544947,California
Riverside,2021-03-23,18566,858280,10522,438338,7621,399376,423,20566,11911,234639,6594,322656,12348,557295,California
Riverside,2021-03-24,18734,877014,10455,448793,8157,407533,122,20688,12851,241787,5831,328487,12979,570274,California
Riverside,2021-03-25,21154,898168,11671,460464,9306,416839,177,20865,14146,249182,6933,335420,14328,584602,California
Riverside,2021-03-26,24148,922316,11950,472414,12041,428880,157,21022,15023,255344,9022,344442,15184,599786,California
Riverside,2021-03-27,9350,931666,4910,477324,3389,432269,1051,22073,4820,256712,4504,348946,5872,605658,California
Riverside,2021-03-28,4774,936440,3136,480460,1544,433813,94,22167,2839,257723,1922,350868,2933,608591,California
Riverside,2021-03-29,17655,954095,8445,488905,9091,442904,119,22286,10910,262067,6698,357566,11042,619633,California
Riverside,2021-03-30,18360,972455,9553,498458,8600,451504,207,22493,11700,267359,6617,364183,11909,631542,California
Riverside,2021-03-31,18156,990611,8448,506906,9401,460905,307,22800,11363,272294,6743,370926,11678,643220,California
Riverside,2021-04-01,25586,1016197,12502,519408,12305,473210,779,23579,16459,280479,9053,379979,17238,660458,California
Riverside,2021-04-02,26154,1042351,14079,533487,11122,484332,953,24532,16373,288309,9718,389697,17548,678006,California
Riverside,2021-04-03,9389,1051740,5967,539454,2828,487160,594,25126,6045,291620,3323,393020,6634,684640,California
Riverside,2021-04-04,3396,1055136,2066,541520,1088,488248,242,25368,1717,291910,1670,394690,1960,686600,California
Riverside,2021-04-05,18475,1073611,9460,550980,7153,495401,1862,27230,9936,295210,8497,403187,11797,698397,California
Riverside,2021-04-06,23793,1097404,12356,563336,9297,504698,2140,29370,13265,300129,10476,413663,15395,713792,California
Riverside,2021-04-07,24911,1122315,13441,576777,8947,513645,2523,31893,13868,305521,10994,424657,16386,730178,California
Riverside,2021-04-08,27486,1149801,15210,591987,9289,522934,2987,34880,16803,314679,10610,435267,19768,749946,California
Riverside,2021-04-09,26362,1176163,15497,607484,8398,531332,2467,37347,16087,323023,10227,445494,18571,768517,California
Riverside,2021-04-10,12027,1188190,6743,614227,3887,535219,1397,38744,5262,322951,6722,452216,6650,775167,California
Riverside,2021-04-11,4646,1192836,2766,616993,1260,536479,620,39364,2197,323329,2437,454653,2815,777982,California
Riverside,2021-04-12,20207,1213043,8992,625985,8565,545044,2650,42014,10117,326041,10051,464704,12763,790745,California
Riverside,2021-04-13,20085,1233128,11248,637233,8810,553854,27,42041,11496,329020,8550,473254,11529,802274,California
Riverside,2021-04-14,22289,1255417,12285,649518,9989,563843,15,42056,10961,328745,11259,484513,10984,813258,California
Riverside,2021-04-15,22099,1277516,12542,662060,9549,573392,8,42064,11662,330052,10370,494883,11677,824935,California
Riverside,2021-04-16,25033,1302549,14489,676549,10538,583930,6,42070,11604,328330,13373,508256,11651,836586,California
Riverside,2021-04-17,9876,1312425,6503,683052,3373,587303,0,42070,4964,328409,4894,513150,4973,841559,California
Riverside,2021-04-18,3852,1316277,2805,685857,1040,588343,7,42077,1808,328199,2030,515180,1820,843379,California
Riverside,2021-04-19,19452,1335729,11565,697422,7884,596227,3,42080,6951,322700,12458,527638,6959,850338,California
Riverside,2021-04-20,18869,1354598,9944,707366,8916,605143,9,42089,7725,319337,11100,538738,7737,858075,California
Riverside,2021-04-21,19848,1374446,11422,718788,8417,613560,9,42098,7981,315535,11798,550536,7996,866071,California
Riverside,2021-04-22,23233,1397679,13567,732355,9662,623222,4,42102,8659,309700,14503,565039,8668,874739,California
Riverside,2021-04-23,23306,1420985,13725,746080,9567,632789,14,42116,9133,304742,14113,579152,9155,883894,California
Riverside,2021-04-24,10466,1431451,7293,753373,3170,635959,3,42119,4809,303936,5619,584771,4813,888707,California
Riverside,2021-04-25,4240,1435691,2820,756193,1419,637378,1,42120,2197,304111,2024,586795,2199,890906,California
Riverside,2021-04-26,17104,1452795,10700,766893,6359,643737,45,42165,5825,298751,11234,598029,5874,896780,California
Riverside,2021-04-27,18296,1471091,10424,777317,7673,651410,199,42364,6361,293421,11890,609919,6560,903340,California
Riverside,2021-04-28,16476,1487567,8860,786177,7360,658770,256,42620,5544,288347,10874,620793,5800,909140,California
Riverside,2021-04-29,18714,1506281,11443,797620,6926,665696,345,42965,5371,280781,13279,634072,5713,914853,California
Riverside,2021-04-30,19785,1526066,11432,809052,7974,673670,379,43344,6371,274176,13358,647430,6753,921606,California
Riverside,2021-05-01,6766,1532832,4866,813918,1731,675401,169,43513,2332,272266,4408,651838,2498,924104,California
Riverside,2021-05-02,3357,1536189,2186,816104,962,676363,209,43722,1071,271283,2269,654107,1286,925390,California
Riverside,2021-05-03,17991,1554180,11058,827162,6444,682807,489,44211,4162,262164,13767,667874,4648,930038,California
Riverside,2021-05-04,17241,1571421,10946,838108,5878,688685,417,44628,4860,255123,12314,680188,5273,935311,California
Riverside,2021-05-05,15782,1587203,8932,847040,6490,695175,360,44988,4537,248836,11184,691372,4897,940208,California
Riverside,2021-05-06,17756,1604959,9941,856981,7406,702581,409,45397,4491,240544,13193,704565,4901,945109,California
Riverside,2021-05-07,20296,1625255,11568,868549,8298,710879,430,45827,5342,231436,14876,719441,5768,950877,California
Riverside,2021-05-08,6878,1632133,4532,873081,2086,712965,260,46087,2560,229967,4287,723728,2818,953695,California
Riverside,2021-05-09,2303,1634436,1511,874592,638,713603,154,46241,850,229526,1445,725173,1004,954699,California
Riverside,2021-05-10,10052,1644488,5139,879731,4536,718139,377,46618,2861,225623,7141,732314,3238,957937,California
Riverside,2021-05-11,13846,1658334,8325,888056,5003,723142,518,47136,3806,219989,9959,742273,4325,962262,California
Riverside,2021-05-12,12599,1670933,6328,894384,5938,729080,333,47469,3983,215739,8564,750837,4314,966576,California
Riverside,2021-05-13,14590,1685523,8761,903145,5556,734636,273,47742,5323,212123,9216,760053,5600,972176,California
Riverside,2021-05-14,17731,1703254,11200,914345,5740,740376,791,48533,6921,209091,10741,770794,7709,979885,California
Riverside,2021-05-15,9669,1712923,6922,921267,2349,742725,398,48931,4943,209733,4696,775490,5338,985223,California
Riverside,2021-05-16,3473,1716396,2525,923792,839,743564,109,49040,1713,209805,1748,777238,1820,987043,California
Riverside,2021-05-17,11746,1728142,7570,931362,3838,747402,338,49378,5141,208715,6572,783810,5482,992525,California
Riverside,2021-05-18,15027,1743169,9294,940656,5389,752791,344,49722,6111,206300,8869,792679,6454,998979,California
Riverside,2021-05-19,12131,1755300,7684,948340,4219,757010,228,49950,6003,206451,6081,798760,6232,1005211,California
Riverside,2021-05-20,11778,1767078,7378,955718,4145,761155,255,50205,5366,205714,6363,805123,5626,1010837,California
Riverside,2021-05-21,14375,1781453,8877,964595,5176,766331,322,50527,6188,204101,8124,813247,6511,1017348,California
Riverside,2021-05-22,7169,1788622,4858,969453,2116,768447,195,50722,3849,204862,3285,816532,4046,1021394,California
Riverside,2021-05-23,2550,1791172,1648,971101,827,769274,75,50797,1242,204882,1296,817828,1316,1022710,California
Riverside,2021-05-24,8613,1799785,5561,976662,2745,772019,307,51104,3825,204259,4754,822582,4131,1026841,California
Riverside,2021-05-25,9652,1809437,5748,982410,3641,775660,263,51367,3920,202747,5695,828277,4183,1031024,California
Riverside,2021-05-26,8841,1818278,5481,987891,3035,778695,325,51692,3985,202253,4806,833083,4312,1035336,California
Riverside,2021-05-27,8480,1826758,5079,992970,3169,781864,232,51924,4008,202069,4423,837506,4239,1039575,California
Riverside,2021-05-28,10626,1837384,6474,999444,3851,785715,301,52225,5025,201858,5539,843045,5328,1044903,California
Riverside,2021-05-29,4974,1842358,3385,1002829,1466,787181,123,52348,2835,202701,2117,845162,2960,1047863,California
Riverside,2021-05-30,1944,1844302,1403,1004232,477,787658,64,52412,1066,202960,871,846033,1130,1048993,California
Riverside,2021-05-31,869,1845171,492,1004724,344,788002,33,52445,332,202793,532,846565,365,1049358,California
Riverside,2021-06-01,9116,1854287,5635,1010359,3248,791250,233,52678,3600,201161,5465,852030,3833,1053191,California
Riverside,2021-06-02,7060,1861347,4292,1014651,2495,793745,273,52951,2861,200136,4158,856188,3133,1056324,California
Riverside,2021-06-03,7888,1869235,5269,1019920,2362,796107,257,53208,2867,198275,4982,861170,3121,1059445,California
Riverside,2021-06-04,10544,1879779,7550,1027470,2744,798851,250,53458,3877,195787,6616,867786,4128,1063573,California
Riverside,2021-06-05,6912,1886691,5094,1032564,1270,800121,548,54006,2273,193992,4616,872402,2821,1066394,California
Riverside,2021-06-06,2178,1888869,1851,1034415,276,800397,51,54057,792,193457,1379,873781,844,1067238,California
Riverside,2021-06-07,6840,1895709,5195,1039610,1422,801819,223,54280,2265,191401,4546,878327,2490,1069728,California
Riverside,2021-06-08,8913,1904622,6514,1046124,2133,803952,266,54546,3016,188844,5843,884170,3286,1073014,California
Riverside,2021-06-09,7591,1912213,5528,1051652,1773,805725,290,54836,2332,186249,5215,889385,2620,1075634,California
Riverside,2021-06-10,7525,1919738,5307,1056959,1996,807721,222,55058,2376,183728,5120,894505,2599,1078233,California
Riverside,2021-06-11,7630,1927368,4944,1061903,2443,810164,243,55301,2517,181429,5062,899567,2763,1080996,California
Riverside,2021-06-12,5193,1932561,3857,1065760,1219,811383,117,55418,1579,179544,3585,903152,1700,1082696,California
Riverside,2021-06-13,1662,1934223,1224,1066984,404,811787,34,55452,446,178822,1203,904355,481,1083177,California
Riverside,2021-06-14,2848,1937071,1813,1068797,899,812686,136,55588,780,177697,2048,906403,923,1084100,California
Sacramento,2020-12-15,314,314,314,314,0,0,0,0,314,314,0,0,314,314,California
Sacramento,2020-12-16,648,962,648,962,0,0,0,0,648,962,0,0,648,962,California
Sacramento,2020-12-17,702,1664,702,1664,0,0,0,0,702,1664,0,0,702,1664,California
Sacramento,2020-12-18,1117,2781,1116,2780,1,1,0,0,1116,2779,1,1,1116,2780,California
Sacramento,2020-12-19,613,3394,613,3393,0,1,0,0,613,3392,0,1,613,3393,California
Sacramento,2020-12-20,637,4031,637,4030,0,1,0,0,637,4029,0,1,637,4030,California
Sacramento,2020-12-21,1681,5712,1679,5709,2,3,0,0,1680,5707,2,3,1680,5710,California
Sacramento,2020-12-22,2106,7818,2071,7780,35,38,0,0,2106,7813,0,3,2106,7816,California
Sacramento,2020-12-23,2257,10075,2083,9863,174,212,0,0,2257,10070,0,3,2257,10073,California
Sacramento,2020-12-24,1042,11117,829,10692,213,425,0,0,1042,11112,0,3,1042,11115,California
Sacramento,2020-12-25,1,11118,0,10692,1,426,0,0,1,11113,0,3,1,11116,California
Sacramento,2020-12-26,505,11623,287,10979,218,644,0,0,505,11618,0,3,505,11621,California
Sacramento,2020-12-27,354,11977,248,11227,106,750,0,0,354,11972,0,3,354,11975,California
Sacramento,2020-12-28,1906,13883,1322,12549,584,1334,0,0,1905,13876,1,4,1905,13880,California
Sacramento,2020-12-29,1967,15850,1202,13751,765,2099,0,0,1966,15841,1,5,1966,15846,California
Sacramento,2020-12-30,2554,18404,1453,15204,1101,3200,0,0,2555,18396,0,5,2555,18401,California
Sacramento,2020-12-31,1228,19632,692,15896,536,3736,0,0,1229,19625,0,5,1229,19630,California
Sacramento,2021-01-01,81,19713,70,15966,11,3747,0,0,81,19706,0,5,81,19711,California
Sacramento,2021-01-02,570,20283,367,16333,203,3950,0,0,570,20276,0,5,570,20281,California
Sacramento,2021-01-03,414,20697,225,16558,189,4139,0,0,414,20690,0,5,414,20695,California
Sacramento,2021-01-04,1939,22636,834,17392,1105,5244,0,0,1937,22626,1,6,1937,22632,California
Sacramento,2021-01-05,2222,24858,987,18379,1235,6479,0,0,1858,24120,364,370,1858,24490,California
Sacramento,2021-01-06,2729,27587,1619,19998,1110,7589,0,0,1930,25255,795,1165,1930,26420,California
Sacramento,2021-01-07,2840,30427,1515,21513,1325,8914,0,0,1909,26236,928,2093,1909,28329,California
Sacramento,2021-01-08,3288,33715,2085,23598,1203,10117,0,0,2168,27292,1114,3207,2170,30499,California
Sacramento,2021-01-09,1291,35006,805,24403,486,10603,0,0,893,27789,396,3603,893,31392,California
Sacramento,2021-01-10,1226,36232,712,25115,514,11117,0,0,756,28077,469,4072,757,32149,California
Sacramento,2021-01-11,4361,40593,2967,28082,1394,12511,0,0,2413,28558,1933,6005,2414,34563,California
Sacramento,2021-01-12,4601,45194,3211,31293,1390,13901,0,0,2616,29192,1982,7987,2616,37179,California
Sacramento,2021-01-13,3849,49043,2223,33516,1626,15527,0,0,2429,30204,1419,9406,2431,39610,California
Sacramento,2021-01-14,4621,53664,2325,35841,2296,17823,0,0,3713,33013,905,10311,3714,43324,California
Sacramento,2021-01-15,4441,58105,2257,38098,2184,20007,0,0,3726,36027,714,11025,3728,47052,California
Sacramento,2021-01-16,2087,60192,1286,39384,801,20808,0,0,1867,37674,220,11245,1867,48919,California
Sacramento,2021-01-17,1677,61869,983,40367,694,21502,0,0,1494,38988,183,11428,1497,50416,California
Sacramento,2021-01-18,2830,64699,1733,42100,1097,22599,0,0,2252,40665,576,12004,2253,52669,California
Sacramento,2021-01-19,4978,69677,3027,45127,1951,24550,0,0,3738,43165,1240,13244,3740,56409,California
Sacramento,2021-01-20,4834,74511,2858,47985,1976,26526,0,0,3607,45549,1229,14473,3613,60022,California
Sacramento,2021-01-21,5232,79743,3026,51011,2206,28732,0,0,4259,48843,967,15440,4261,64283,California
Sacramento,2021-01-22,5030,84773,2693,53704,2337,31069,0,0,4730,53275,299,15739,4731,69014,California
Sacramento,2021-01-23,3755,88528,1568,55272,2187,33256,0,0,3291,56102,464,16203,3291,72305,California
Sacramento,2021-01-24,1622,90150,1014,56286,608,33864,0,0,1379,57240,242,16445,1380,73685,California
Sacramento,2021-01-25,4413,94563,2157,58443,2256,36120,0,0,2940,58710,1473,17918,2943,76628,California
Sacramento,2021-01-26,4756,99319,2160,60603,2596,38716,0,0,3554,61067,1200,19118,3557,80185,California
Sacramento,2021-01-27,5863,105182,3052,63655,2811,41527,0,0,4239,63687,1621,20739,4241,84426,California
Sacramento,2021-01-28,5412,110594,2740,66395,2672,44199,0,0,4311,66899,1100,21839,4312,88738,California
Sacramento,2021-01-29,5417,116011,2941,69336,2476,46675,0,0,4396,70283,1012,22851,4396,93134,California
Sacramento,2021-01-30,4518,120529,2204,71540,2314,48989,0,0,4086,73939,430,23281,4086,97220,California
Sacramento,2021-01-31,2338,122867,2035,73575,303,49292,0,0,2057,75720,278,23559,2059,99279,California
Sacramento,2021-02-01,5940,128807,3036,76611,2904,52196,0,0,4254,78292,1682,25241,4254,103533,California
Sacramento,2021-02-02,7025,135832,3790,80401,3235,55431,0,0,4864,81016,2142,27383,4866,108399,California
Sacramento,2021-02-03,7143,142975,3605,84006,3538,58969,0,0,5283,84450,1851,29234,5285,113684,California
Sacramento,2021-02-04,7764,150739,3681,87687,4083,63052,0,0,5524,87743,2231,31465,5524,119208,California
Sacramento,2021-02-05,7860,158599,4481,92168,3379,66431,0,0,4922,89753,2915,34380,4925,124133,California
Sacramento,2021-02-06,8472,167071,3475,95643,4997,71428,0,0,7124,95533,1346,35726,7126,131259,California
Sacramento,2021-02-07,4065,171136,2199,97842,1866,73294,0,0,2886,97247,1174,36900,2888,134147,California
Sacramento,2021-02-08,6268,177404,3259,101101,3009,76303,0,0,3912,98808,2351,39251,3912,138059,California
Sacramento,2021-02-09,6777,184181,3555,104656,3222,79525,0,0,4002,100045,2766,42017,4003,142062,California
Sacramento,2021-02-10,7696,191877,4211,108867,3485,83010,0,0,4526,101417,3156,45173,4528,146590,California
Sacramento,2021-02-11,9609,201486,5738,114605,3871,86881,0,0,5509,102843,4085,49258,5511,152101,California
Sacramento,2021-02-12,10693,212179,4155,118760,6538,93419,0,0,6405,105027,4224,53482,6408,158509,California
Sacramento,2021-02-13,7682,219861,2992,121752,4690,98109,0,0,6086,109523,1591,55073,6087,164596,California
Sacramento,2021-02-14,3205,223066,1968,123720,1237,99346,0,0,2099,110523,1103,56176,2103,166699,California
Sacramento,2021-02-15,6006,229072,2055,125775,3951,103297,0,0,4175,112876,1825,58001,4178,170877,California
Sacramento,2021-02-16,9257,238329,4214,129989,5043,108340,0,0,5320,114271,3929,61930,5324,176201,California
Sacramento,2021-02-17,8855,247184,4998,134987,3857,112197,0,0,5150,115731,3694,65624,5154,181355,California
Sacramento,2021-02-18,9599,256783,5771,140758,3828,116025,0,0,5739,117626,3848,69472,5743,187098,California
Sacramento,2021-02-19,10083,266866,6184,146942,3899,119924,0,0,5976,119511,4097,73569,5982,193080,California
Sacramento,2021-02-20,7857,274723,5793,152735,2064,121988,0,0,4755,121171,3096,76665,4756,197836,California
Sacramento,2021-02-21,3064,277787,2421,155156,643,122631,0,0,1088,120291,1968,78633,1088,198924,California
Sacramento,2021-02-22,6323,284110,3821,158977,2502,125133,0,0,2788,119562,3521,82154,2792,201716,California
Sacramento,2021-02-23,7285,291395,4510,163487,2775,127908,0,0,3548,119394,3720,85874,3552,205268,California
Sacramento,2021-02-24,9847,301242,5431,168918,4416,132324,0,0,5380,120329,4451,90325,5386,210654,California
Sacramento,2021-02-25,11288,312530,6474,175392,4814,137138,0,0,6636,122329,4636,94961,6636,217290,California
Sacramento,2021-02-26,14416,326946,6794,182186,7622,144760,0,0,9884,127716,4501,99462,9888,227178,California
Sacramento,2021-02-27,11072,338018,6868,189054,4201,148961,3,3,8189,133048,2860,102322,8192,235370,California
Sacramento,2021-02-28,6207,344225,2341,191395,3866,152827,0,3,3106,133068,3087,105409,3107,238477,California
Sacramento,2021-03-01,8630,352855,3619,195014,5010,157837,1,4,4707,133877,3901,109310,4710,243187,California
Sacramento,2021-03-02,9315,362170,4048,199062,5266,163103,1,5,5714,136012,3583,112893,5718,248905,California
Sacramento,2021-03-03,11111,373281,5071,204133,6037,169140,3,8,6672,138271,4418,117311,6677,255582,California
Sacramento,2021-03-04,13480,386761,6195,210328,7281,176421,4,12,7492,139817,5956,123267,7502,263084,California
Sacramento,2021-03-05,10637,397398,4911,215239,5696,182117,30,42,7073,143378,3543,126810,7104,270188,California
Sacramento,2021-03-06,8123,405521,3114,218353,4887,187004,122,164,4117,143624,3992,130802,4238,274426,California
Sacramento,2021-03-07,7627,413148,2217,220570,5321,192325,89,253,3759,143607,3863,134665,3846,278272,California
Sacramento,2021-03-08,9126,422274,4270,224840,4633,196958,223,476,5962,146638,3152,137817,6183,284455,California
Sacramento,2021-03-09,9625,431899,4558,229398,4775,201733,292,768,5537,148396,4070,141887,5828,290283,California
Sacramento,2021-03-10,11793,443692,7538,236936,3901,205634,354,1122,6886,150769,4871,146758,7244,297527,California
Sacramento,2021-03-11,15064,458756,10009,246945,4229,209863,826,1948,8922,154411,6102,152860,9744,307271,California
Sacramento,2021-03-12,18070,476826,8348,255293,8859,218722,863,2811,8843,154950,9175,162035,9714,316985,California
Sacramento,2021-03-13,13034,489860,3582,258875,9023,227745,429,3240,7871,158094,5152,167187,8296,325281,California
Sacramento,2021-03-14,8401,498261,3474,262349,4298,232043,629,3869,4430,159205,3946,171133,5057,330338,California
Sacramento,2021-03-15,12230,510491,4871,267220,6705,238748,654,4523,7040,161735,5165,176298,7695,338033,California
Sacramento,2021-03-16,14025,524516,6218,273438,7154,245902,653,5176,8625,165644,5362,181660,9271,347304,California
Sacramento,2021-03-17,13761,538277,6618,280056,6510,252412,633,5809,8789,170121,4947,186607,9424,356728,California
Sacramento,2021-03-18,15681,553958,8218,288274,6872,259284,591,6400,9937,174938,5710,192317,10527,367255,California
Sacramento,2021-03-19,15630,569588,7993,296267,6266,265550,1371,7771,7900,176497,7703,200020,9262,376517,California
Sacramento,2021-03-20,12926,582514,7543,303810,5043,270593,340,8111,8045,180032,4852,204872,8387,384904,California
Sacramento,2021-03-21,5588,588102,2754,306564,2796,273389,38,8149,4855,184209,720,205592,4897,389801,California
Sacramento,2021-03-22,9377,597479,4801,311365,3725,277114,851,9000,6184,188079,3165,208757,7035,396836,California
Sacramento,2021-03-23,11355,608834,6757,318122,3788,280902,810,9810,7253,192078,4060,212817,8059,404895,California
Sacramento,2021-03-24,11868,620702,7271,325393,3968,284870,629,10439,6717,194355,5069,217886,7346,412241,California
Sacramento,2021-03-25,14173,634875,8345,333738,4991,289861,837,11276,8516,198091,5612,223498,9348,421589,California
Sacramento,2021-03-26,18289,653164,8926,342664,8850,298711,513,11789,9152,198689,9069,232567,9667,431256,California
Sacramento,2021-03-27,9685,662849,3574,346238,5823,304534,288,12077,5095,199509,4559,237126,5379,436635,California
Sacramento,2021-03-28,6531,669380,3222,349460,3060,307594,249,12326,2700,198643,3818,240944,2952,439587,California
Sacramento,2021-03-29,11039,680419,5901,355361,4758,312352,380,12706,4952,197917,6058,247002,5332,444919,California
Sacramento,2021-03-30,11845,692264,6078,361439,5379,317731,388,13094,5998,198479,5824,252826,6386,451305,California
Sacramento,2021-03-31,13436,705700,7862,369301,5181,322912,393,13487,5568,196594,7840,260666,5955,457260,California
Sacramento,2021-04-01,17462,723162,10474,379775,6752,329664,236,13723,7326,194070,10091,270757,7567,464827,California
Sacramento,2021-04-02,17138,740300,9696,389471,6698,336362,744,14467,9006,195719,8100,278857,9749,474576,California
Sacramento,2021-04-03,10454,750754,6242,395713,3662,340024,550,15017,6414,198668,4009,282866,6958,481534,California
Sacramento,2021-04-04,3730,754484,1534,397247,1991,342015,205,15222,1447,198038,2277,285143,1647,483181,California
Sacramento,2021-04-05,12057,766541,7568,404815,3651,345666,838,16060,5377,197604,6643,291786,6209,489390,California
Sacramento,2021-04-06,15650,782191,8863,413678,5445,351111,1342,17402,6918,197159,8699,300485,8254,497644,California
Sacramento,2021-04-07,14855,797046,8031,421709,5217,356328,1607,19009,7161,198261,7652,308137,8754,506398,California
Sacramento,2021-04-08,15061,812107,6779,428488,5305,361633,2977,21986,6005,198203,9020,317157,8962,515360,California
Sacramento,2021-04-09,18304,830411,9368,437856,6729,368362,2207,24193,7431,196997,10832,327989,9626,524986,California
Sacramento,2021-04-10,12879,843290,3839,441695,7821,376183,1219,25412,5348,196037,7501,335490,6541,531527,California
Sacramento,2021-04-11,10789,854079,4338,446033,6224,382407,227,25639,3844,193186,6921,342411,4070,535597,California
Sacramento,2021-04-12,12982,867061,5042,451075,6057,388464,1883,27522,4948,192031,7969,350380,6814,542411,California
Sacramento,2021-04-13,16273,883334,9950,461025,6318,394782,5,27527,7574,190947,8667,359047,7583,549994,California
Sacramento,2021-04-14,14976,898310,7980,469005,6994,401776,2,27529,5916,187843,9031,368078,5927,555921,California
Sacramento,2021-04-15,16379,914689,8420,477425,7956,409732,3,27532,6667,184848,9673,377751,6678,562599,California
Sacramento,2021-04-16,17424,932113,9621,487046,7803,417535,0,27532,7902,183276,9480,387231,7908,570507,California
Sacramento,2021-04-17,15296,947409,6144,493190,9152,426687,0,27532,11086,190176,4191,391422,11091,581598,California
Sacramento,2021-04-18,8434,955843,3067,496257,5367,432054,0,27532,3739,189240,4676,396098,3740,585338,California
Sacramento,2021-04-19,10552,966395,5712,501969,4835,436889,5,27537,4684,188083,5847,401945,4690,590028,California
Sacramento,2021-04-20,11094,977489,6734,508703,4357,441246,3,27540,5902,188822,5170,407115,5909,595937,California
Sacramento,2021-04-21,11480,988969,6639,515342,4839,446085,2,27542,6211,189791,5245,412360,6214,602151,California
Sacramento,2021-04-22,14815,1003784,9896,525238,4916,451001,3,27545,6810,188630,7976,420336,6815,608966,California
Sacramento,2021-04-23,15901,1019685,10006,535244,5895,456896,0,27545,7377,187520,8488,428824,7378,616344,California
Sacramento,2021-04-24,11322,1031007,7002,542246,4319,461215,1,27546,5924,188085,5361,434185,5926,622270,California
Sacramento,2021-04-25,8003,1039010,4478,546724,3525,464740,0,27546,4167,188434,3819,438004,4168,626438,California
Sacramento,2021-04-26,10605,1049615,6613,553337,3968,468708,24,27570,5008,187901,5565,443569,5032,631470,California
Sacramento,2021-04-27,12028,1061643,7895,561232,3979,472687,154,27724,5905,187872,6090,449659,6061,637531,California
Sacramento,2021-04-28,10480,1072123,5850,567082,4424,477111,206,27930,5818,189270,4631,454290,6029,643560,California
Sacramento,2021-04-29,10862,1082985,7310,574392,3249,480360,303,28233,6005,190756,4822,459112,6308,649868,California
Sacramento,2021-04-30,12455,1095440,7812,582204,4382,484742,261,28494,5863,190334,6547,465659,6125,655993,California
Sacramento,2021-05-01,7585,1103025,5477,587681,1933,486675,175,28669,2759,188475,4791,470450,2932,658925,California
Sacramento,2021-05-02,4989,1108014,4296,591977,542,487217,151,28820,2226,188112,2738,473188,2375,661300,California
Sacramento,2021-05-03,9113,1117127,7285,599262,1548,488765,280,29100,3967,187231,5124,478312,4243,665543,California
Sacramento,2021-05-04,9368,1126495,5694,604956,3365,492130,309,29409,3788,185789,5537,483849,4095,669638,California
Sacramento,2021-05-05,11054,1137549,5986,610942,4609,496739,459,29868,4506,184244,6505,490354,4960,674598,California
Sacramento,2021-05-06,11200,1148749,6204,617146,4689,501428,307,30175,4617,182905,6260,496614,4921,679519,California
Sacramento,2021-05-07,10611,1159360,6166,623312,4075,505503,370,30545,4471,181657,6090,502704,4842,684361,California
Sacramento,2021-05-08,8227,1167587,3815,627127,4182,509685,230,30775,2716,179122,5474,508178,2939,687300,California
Sacramento,2021-05-09,3148,1170735,1654,628781,1380,511065,114,30889,1174,178447,1963,510141,1288,688588,California
Sacramento,2021-05-10,8076,1178811,3734,632515,4073,515138,269,31158,1973,174619,6072,516213,2244,690832,California
Sacramento,2021-05-11,8275,1187086,5155,637670,2862,518000,258,31416,2883,172401,5359,521572,3141,693973,California
Sacramento,2021-05-12,8541,1195627,5141,642811,3145,521145,255,31671,3040,170227,5467,527039,3293,697266,California
Sacramento,2021-05-13,11665,1207292,7453,650264,3936,525081,276,31947,4463,167801,7164,534203,4738,702004,California
Sacramento,2021-05-14,12205,1219497,6909,657173,5007,530088,289,32236,5058,166053,7094,541297,5346,707350,California
Sacramento,2021-05-15,13073,1232570,7901,665074,5029,535117,143,32379,5796,164744,7244,548541,5935,713285,California
Sacramento,2021-05-16,7857,1240427,4105,669179,3639,538756,113,32492,2141,161308,5692,554233,2256,715541,California
Sacramento,2021-05-17,10387,1250814,6307,675486,3789,542545,291,32783,3980,159209,6373,560606,4274,719815,California
Sacramento,2021-05-18,9697,1260511,6085,681571,3403,545948,209,32992,3687,157140,5969,566575,3900,723715,California
Sacramento,2021-05-19,9735,1270246,6234,687805,3240,549188,261,33253,4516,156744,5179,571754,4783,728498,California
Sacramento,2021-05-20,10111,1280357,6671,694476,3179,552367,261,33514,3842,154628,6220,577974,4104,732602,California
Sacramento,2021-05-21,10664,1291021,6793,701269,3546,555913,325,33839,4558,153451,6065,584039,4888,737490,California
Sacramento,2021-05-22,7388,1298409,4580,705849,2637,558550,171,34010,3340,152946,4019,588058,3514,741004,California
Sacramento,2021-05-23,4160,1302569,2863,708712,1194,559744,103,34113,1913,152735,2228,590286,2017,743021,California
Sacramento,2021-05-24,7651,1310220,4566,713278,2755,562499,330,34443,2394,150243,5214,595500,2722,745743,California
Sacramento,2021-05-25,6658,1316878,3857,717135,2509,565008,292,34735,2383,148666,4251,599751,2674,748417,California
Sacramento,2021-05-26,8474,1325352,4694,721829,3450,568458,330,35065,2807,146182,5617,605368,3133,751550,California
Sacramento,2021-05-27,6652,1332004,3636,725465,2773,571231,243,35308,2965,145741,3649,609017,3208,754758,California
Sacramento,2021-05-28,8228,1340232,4568,730033,3288,574519,372,35680,3494,144912,4696,613713,3867,758625,California
Sacramento,2021-05-29,4367,1344599,2670,732703,1541,576060,156,35836,2228,145180,2116,615829,2384,761009,California
Sacramento,2021-05-30,1652,1346251,1038,733741,575,576635,39,35875,762,145098,883,616712,801,761810,California
Sacramento,2021-05-31,884,1347135,444,734185,427,577062,13,35888,315,144857,569,617281,328,762138,California
Sacramento,2021-06-01,6930,1354065,4169,738354,2555,579617,206,36094,2675,143521,4214,621495,2878,765016,California
Sacramento,2021-06-02,6073,1360138,3349,741703,2509,582126,215,36309,2318,142342,3710,625205,2531,767547,California
Sacramento,2021-06-03,7412,1367550,5056,746759,2174,584300,182,36491,2251,139654,5120,630325,2432,769979,California
Sacramento,2021-06-04,7020,1374570,4505,751264,2305,586605,210,36701,2278,137431,4711,635036,2488,772467,California
Sacramento,2021-06-05,6157,1380727,4528,755792,1490,588095,139,36840,1793,135025,4336,639372,1930,774397,California
Sacramento,2021-06-06,2334,1383061,1825,757617,452,588547,57,36897,790,134334,1538,640910,847,775244,California
Sacramento,2021-06-07,5545,1388606,3883,761500,1484,590031,178,37075,1601,132192,3918,644828,1776,777020,California
Sacramento,2021-06-08,5335,1393941,3663,765163,1494,591525,178,37253,1782,130628,3527,648355,1963,778983,California
Sacramento,2021-06-09,6108,1400049,4256,769419,1672,593197,180,37433,1620,127993,4436,652791,1801,780784,California
Sacramento,2021-06-10,5335,1405384,3433,772852,1707,594904,195,37628,1664,126230,3623,656414,1860,782644,California
Sacramento,2021-06-11,6922,1412306,4664,777516,2064,596968,194,37822,1806,123145,5084,661498,1999,784643,California
Sacramento,2021-06-12,4605,1416911,3001,780517,1493,598461,111,37933,1236,121138,3354,664852,1347,785990,California
Sacramento,2021-06-13,1833,1418744,1336,781853,455,598916,42,37975,418,120192,1405,666257,459,786449,California
Sacramento,2021-06-14,2503,1421247,1414,783267,999,599915,90,38065,729,119246,1765,668022,819,787268,California
San Benito,2020-12-16,29,29,29,29,0,0,0,0,29,29,0,0,29,29,California
San Benito,2020-12-17,47,76,47,76,0,0,0,0,47,76,0,0,47,76,California
San Benito,2020-12-18,72,148,72,148,0,0,0,0,72,148,0,0,72,148,California
San Benito,2020-12-19,47,195,47,195,0,0,0,0,47,195,0,0,47,195,California
San Benito,2020-12-20,23,218,23,218,0,0,0,0,23,218,0,0,23,218,California
San Benito,2020-12-21,78,296,78,296,0,0,0,0,78,296,0,0,78,296,California
San Benito,2020-12-22,104,400,104,400,0,0,0,0,104,400,0,0,104,400,California
San Benito,2020-12-23,85,485,74,474,11,11,0,0,85,485,0,0,85,485,California
San Benito,2020-12-24,13,498,5,479,8,19,0,0,13,498,0,0,13,498,California
San Benito,2020-12-25,3,501,3,482,0,19,0,0,3,501,0,0,3,501,California
San Benito,2020-12-26,12,513,4,486,8,27,0,0,12,513,0,0,12,513,California
San Benito,2020-12-27,8,521,7,493,1,28,0,0,8,521,0,0,8,521,California
San Benito,2020-12-28,64,585,37,530,27,55,0,0,64,585,0,0,64,585,California
San Benito,2020-12-29,50,635,21,551,29,84,0,0,50,635,0,0,50,635,California
San Benito,2020-12-30,60,695,38,589,22,106,0,0,60,695,0,0,60,695,California
San Benito,2020-12-31,17,712,2,591,15,121,0,0,17,712,0,0,17,712,California
San Benito,2021-01-02,24,736,23,614,1,122,0,0,24,736,0,0,24,736,California
San Benito,2021-01-03,3,739,1,615,2,124,0,0,3,739,0,0,3,739,California
San Benito,2021-01-04,62,801,24,639,38,162,0,0,62,801,0,0,62,801,California
San Benito,2021-01-05,121,922,37,676,84,246,0,0,118,916,3,3,118,919,California
San Benito,2021-01-06,101,1023,41,717,60,306,0,0,87,989,14,17,87,1006,California
San Benito,2021-01-07,105,1128,67,784,38,344,0,0,53,990,52,69,53,1059,California
San Benito,2021-01-08,184,1312,90,874,94,438,0,0,119,1044,65,134,119,1178,California
San Benito,2021-01-09,44,1356,32,906,12,450,0,0,30,1060,14,148,30,1208,California
San Benito,2021-01-10,16,1372,14,920,2,452,0,0,5,1054,11,159,5,1213,California
San Benito,2021-01-11,174,1546,109,1029,65,517,0,0,72,1024,102,261,72,1285,California
San Benito,2021-01-12,163,1709,58,1087,105,622,0,0,122,1105,41,302,122,1407,California
San Benito,2021-01-13,239,1948,69,1156,170,792,0,0,189,1244,50,352,189,1596,California
San Benito,2021-01-14,134,2082,25,1181,109,901,0,0,114,1339,20,372,115,1711,California
San Benito,2021-01-15,218,2300,21,1202,197,1098,0,0,204,1529,14,386,204,1915,California
San Benito,2021-01-16,25,2325,8,1210,17,1115,0,0,20,1544,5,391,20,1935,California
San Benito,2021-01-17,11,2336,5,1215,6,1121,0,0,8,1549,3,394,8,1943,California
San Benito,2021-01-18,35,2371,22,1237,13,1134,0,0,20,1554,15,409,20,1963,California
San Benito,2021-01-19,152,2523,66,1303,86,1220,0,0,124,1650,28,437,124,2087,California
San Benito,2021-01-20,276,2799,95,1398,181,1401,0,0,231,1837,44,481,231,2318,California
San Benito,2021-01-21,127,2926,33,1431,94,1495,0,0,102,1914,25,506,102,2420,California
San Benito,2021-01-22,238,3164,19,1450,219,1714,0,0,228,2132,10,516,228,2648,California
San Benito,2021-01-23,29,3193,16,1466,13,1727,0,0,12,2127,17,533,12,2660,California
San Benito,2021-01-24,8,3201,3,1469,5,1732,0,0,4,2127,4,537,4,2664,California
San Benito,2021-01-25,65,3266,24,1493,41,1773,0,0,19,2100,46,583,19,2683,California
San Benito,2021-01-26,138,3404,41,1534,97,1870,0,0,85,2132,53,636,85,2768,California
San Benito,2021-01-27,231,3635,70,1604,161,2031,0,0,191,2283,40,676,191,2959,California
San Benito,2021-01-28,150,3785,32,1636,118,2149,0,0,121,2376,28,704,121,3080,California
San Benito,2021-01-29,293,4078,33,1669,260,2409,0,0,269,2622,23,727,269,3349,California
San Benito,2021-01-30,51,4129,33,1702,18,2427,0,0,27,2625,24,751,27,3376,California
San Benito,2021-01-31,15,4144,4,1706,11,2438,0,0,10,2630,5,756,10,3386,California
San Benito,2021-02-01,134,4278,28,1734,106,2544,0,0,91,2678,43,799,91,3477,California
San Benito,2021-02-02,232,4510,49,1783,183,2727,0,0,138,2722,94,893,138,3615,California
San Benito,2021-02-03,343,4853,44,1827,299,3026,0,0,273,2925,70,963,273,3888,California
San Benito,2021-02-04,169,5022,25,1852,144,3170,0,0,123,3002,46,1009,123,4011,California
San Benito,2021-02-05,299,5321,41,1893,258,3428,0,0,235,3173,64,1073,235,4246,California
San Benito,2021-02-06,47,5368,8,1901,39,3467,0,0,31,3188,16,1089,31,4277,California
San Benito,2021-02-07,15,5383,6,1907,9,3476,0,0,14,3201,1,1090,14,4291,California
San Benito,2021-02-08,139,5522,16,1923,123,3599,0,0,93,3248,46,1136,93,4384,California
San Benito,2021-02-09,326,5848,61,1984,265,3864,0,0,193,3308,133,1269,193,4577,California
San Benito,2021-02-10,322,6170,87,2071,235,4099,0,0,113,3213,208,1477,113,4690,California
San Benito,2021-02-11,302,6472,33,2104,269,4368,0,0,201,3313,101,1578,201,4891,California
San Benito,2021-02-12,421,6893,31,2135,390,4758,0,0,213,3319,207,1785,213,5104,California
San Benito,2021-02-13,57,6950,6,2141,51,4809,0,0,46,3354,11,1796,46,5150,California
San Benito,2021-02-14,40,6990,5,2146,35,4844,0,0,30,3374,10,1806,30,5180,California
San Benito,2021-02-15,109,7099,10,2156,99,4943,0,0,99,3463,10,1816,99,5279,California
San Benito,2021-02-16,210,7309,11,2167,199,5142,0,0,106,3466,104,1920,107,5386,California
San Benito,2021-02-17,332,7641,31,2198,301,5443,0,0,282,3698,50,1970,282,5668,California
San Benito,2021-02-18,293,7934,38,2236,255,5698,0,0,70,3545,223,2193,70,5738,California
San Benito,2021-02-19,351,8285,49,2285,302,6000,0,0,180,3554,171,2364,180,5918,California
San Benito,2021-02-20,47,8332,25,2310,22,6022,0,0,37,3581,10,2374,37,5955,California
San Benito,2021-02-21,24,8356,11,2321,13,6035,0,0,17,3591,7,2381,17,5972,California
San Benito,2021-02-22,133,8489,33,2354,100,6135,0,0,98,3655,34,2415,98,6070,California
San Benito,2021-02-23,374,8863,94,2448,280,6415,0,0,259,3799,115,2530,259,6329,California
San Benito,2021-02-24,385,9248,68,2516,317,6732,0,0,245,3904,140,2670,245,6574,California
San Benito,2021-02-25,399,9647,71,2587,328,7060,0,0,277,4057,124,2794,277,6851,California
San Benito,2021-02-26,660,10307,75,2662,585,7645,0,0,413,4223,247,3041,413,7264,California
San Benito,2021-02-27,111,10418,45,2707,66,7711,0,0,93,4298,18,3059,93,7357,California
San Benito,2021-02-28,253,10671,28,2735,225,7936,0,0,244,4533,9,3068,244,7601,California
San Benito,2021-03-01,232,10903,60,2795,172,8108,0,0,161,4622,72,3140,161,7762,California
San Benito,2021-03-02,285,11188,93,2888,192,8300,0,0,214,4765,71,3211,214,7976,California
San Benito,2021-03-03,408,11596,62,2950,346,8646,0,0,232,4823,174,3385,232,8208,California
San Benito,2021-03-04,622,12218,129,3079,478,9124,15,15,436,5077,186,3571,440,8648,California
San Benito,2021-03-05,594,12812,312,3391,270,9394,12,27,378,5253,214,3785,390,9038,California
San Benito,2021-03-06,202,13014,73,3464,115,9509,14,41,150,5365,52,3837,164,9202,California
San Benito,2021-03-07,645,13659,602,4066,20,9529,23,64,613,5969,32,3869,636,9838,California
San Benito,2021-03-08,292,13951,68,4134,177,9706,47,111,168,6060,124,3993,215,10053,California
San Benito,2021-03-09,429,14380,84,4218,245,9951,100,211,139,5983,289,4282,212,10265,California
San Benito,2021-03-10,405,14785,117,4335,192,10143,96,307,233,6140,172,4454,329,10594,California
San Benito,2021-03-11,476,15261,122,4457,199,10342,155,462,210,6239,266,4720,365,10959,California
San Benito,2021-03-12,526,15787,122,4579,309,10651,95,557,233,6277,291,5011,329,11288,California
San Benito,2021-03-13,201,15988,99,4678,83,10734,19,576,128,6354,70,5081,147,11435,California
San Benito,2021-03-14,233,16221,40,4718,173,10907,20,596,179,6500,53,5134,199,11634,California
San Benito,2021-03-15,326,16547,99,4817,208,11115,19,615,192,6577,134,5268,211,11845,California
San Benito,2021-03-16,507,17054,221,5038,254,11369,32,647,353,6806,154,5422,383,12228,California
San Benito,2021-03-17,799,17853,481,5519,296,11665,22,669,565,7155,230,5652,579,12807,California
San Benito,2021-03-18,792,18645,534,6053,205,11870,53,722,574,7556,217,5869,618,13425,California
San Benito,2021-03-19,774,19419,404,6457,347,12217,23,745,572,7949,202,6071,595,14020,California
San Benito,2021-03-20,248,19667,152,6609,85,12302,11,756,187,8086,61,6132,198,14218,California
San Benito,2021-03-21,112,19779,58,6667,49,12351,5,761,82,8143,30,6162,87,14305,California
San Benito,2021-03-22,351,20130,172,6839,154,12505,25,786,219,8255,132,6294,244,14549,California
San Benito,2021-03-23,478,20608,202,7041,266,12771,10,796,219,8224,259,6553,228,14777,California
San Benito,2021-03-24,584,21192,310,7351,267,13038,7,803,360,8368,223,6776,367,15144,California
San Benito,2021-03-25,749,21941,445,7796,300,13338,4,807,445,8517,300,7076,449,15593,California
San Benito,2021-03-26,1032,22973,527,8323,500,13838,5,812,339,8169,692,7768,344,15937,California
San Benito,2021-03-27,348,23321,197,8520,118,13956,33,845,223,8300,125,7893,256,16193,California
San Benito,2021-03-28,731,24052,604,9124,121,14077,6,851,129,7833,602,8495,135,16328,California
San Benito,2021-03-29,344,24396,110,9234,214,14291,20,871,143,7794,201,8696,162,16490,California
San Benito,2021-03-30,588,24984,278,9512,214,14505,96,967,299,7900,289,8985,395,16885,California
San Benito,2021-03-31,603,25587,371,9883,208,14713,24,991,343,8010,257,9242,367,17252,California
San Benito,2021-04-01,960,26547,385,10268,536,15249,39,1030,570,8225,389,9631,604,17856,California
San Benito,2021-04-02,542,27089,260,10528,146,15395,136,1166,267,8354,274,9905,403,18259,California
San Benito,2021-04-03,260,27349,87,10615,108,15503,65,1231,74,8307,186,10091,139,18398,California
San Benito,2021-04-04,143,27492,107,10722,30,15533,6,1237,105,8380,38,10129,111,18509,California
San Benito,2021-04-05,361,27853,173,10895,145,15678,43,1280,150,8361,211,10340,192,18701,California
San Benito,2021-04-06,468,28321,165,11060,124,15802,179,1459,159,8390,309,10649,338,19039,California
San Benito,2021-04-07,949,29270,530,11590,229,16031,190,1649,266,8165,681,11330,456,19495,California
San Benito,2021-04-08,863,30133,430,12020,181,16212,252,1901,225,8005,637,11967,477,19972,California
San Benito,2021-04-09,853,30986,503,12523,258,16470,92,1993,295,7835,557,12524,387,20359,California
San Benito,2021-04-10,355,31341,213,12736,79,16549,63,2056,196,7936,159,12683,260,20619,California
San Benito,2021-04-11,477,31818,273,13009,170,16719,34,2090,270,8012,207,12890,283,20902,California
San Benito,2021-04-12,538,32356,285,13294,136,16855,117,2207,280,8148,257,13147,393,21295,California
San Benito,2021-04-13,756,33112,295,13589,438,17293,23,2230,524,8465,231,13378,548,21843,California
San Benito,2021-04-14,848,33960,669,14258,179,17472,0,2230,403,8429,439,13817,403,22246,California
San Benito,2021-04-15,956,34916,742,15000,213,17685,1,2231,479,8434,476,14293,481,22727,California
San Benito,2021-04-16,704,35620,368,15368,325,18010,11,2242,295,8335,406,14699,307,23034,California
San Benito,2021-04-17,322,35942,225,15593,97,18107,0,2242,130,8271,194,14893,130,23164,California
San Benito,2021-04-18,496,36438,413,16006,83,18190,0,2242,237,8251,259,15152,239,23403,California
San Benito,2021-04-19,742,37180,595,16601,147,18337,0,2242,425,8361,316,15468,426,23829,California
San Benito,2021-04-20,776,37956,406,17007,368,18705,2,2244,492,8575,279,15747,493,24322,California
San Benito,2021-04-21,960,38916,702,17709,258,18963,0,2244,522,8673,424,16171,522,24844,California
San Benito,2021-04-22,904,39820,691,18400,213,19176,0,2244,569,8915,327,16498,569,25413,California
San Benito,2021-04-23,634,40454,400,18800,233,19409,1,2245,344,9018,241,16739,344,25757,California
San Benito,2021-04-24,365,40819,202,19002,163,19572,0,2245,171,9033,156,16895,171,25928,California
San Benito,2021-04-25,206,41025,128,19130,78,19650,0,2245,95,9035,93,16988,95,26023,California
San Benito,2021-04-26,493,41518,391,19521,102,19752,0,2245,259,9121,173,17161,259,26282,California
San Benito,2021-04-27,554,42072,280,19801,267,20019,7,2252,408,9400,136,17297,415,26697,California
San Benito,2021-04-28,555,42627,391,20192,155,20174,9,2261,393,9644,157,17454,401,27098,California
San Benito,2021-04-29,635,43262,234,20426,391,20565,10,2271,254,9544,381,17835,281,27379,California
San Benito,2021-04-30,379,43641,211,20637,161,20726,7,2278,205,9584,172,18007,212,27591,California
San Benito,2021-05-01,202,43843,146,20783,47,20773,9,2287,66,9525,134,18141,75,27666,California
San Benito,2021-05-02,192,44035,164,20947,24,20797,4,2291,59,9455,133,18274,63,27729,California
San Benito,2021-05-03,362,44397,283,21230,69,20866,10,2301,90,9285,272,18546,102,27831,California
San Benito,2021-05-04,407,44804,246,21476,153,21019,8,2309,151,9189,254,18800,158,27989,California
San Benito,2021-05-05,607,45411,426,21902,165,21184,16,2325,210,9021,394,19194,226,28215,California
San Benito,2021-05-06,620,46031,490,22392,114,21298,16,2341,223,8867,393,19587,239,28454,California
San Benito,2021-05-07,449,46480,283,22675,155,21453,11,2352,174,8780,273,19860,186,28640,California
San Benito,2021-05-08,278,46758,226,22901,47,21500,5,2357,157,8821,121,19981,162,28802,California
San Benito,2021-05-09,103,46861,77,22978,23,21523,3,2360,48,8817,55,20036,51,28853,California
San Benito,2021-05-10,416,47277,327,23305,65,21588,24,2384,52,8530,364,20400,77,28930,California
San Benito,2021-05-11,822,48099,411,23716,395,21983,16,2400,183,8093,637,21037,200,29130,California
San Benito,2021-05-12,491,48590,389,24105,89,22072,13,2413,114,7845,376,21413,128,29258,California
San Benito,2021-05-13,687,49277,587,24692,90,22162,10,2423,174,7518,510,21923,183,29441,California
San Benito,2021-05-14,598,49875,443,25135,148,22310,7,2430,234,7396,363,22286,241,29682,California
San Benito,2021-05-15,228,50103,171,25306,51,22361,6,2436,125,7424,103,22389,131,29813,California
San Benito,2021-05-16,170,50273,142,25448,26,22387,2,2438,93,7442,77,22466,95,29908,California
San Benito,2021-05-17,391,50664,314,25762,67,22454,10,2448,178,7419,211,22677,188,30096,California
San Benito,2021-05-18,676,51340,356,26118,315,22769,5,2453,210,7169,466,23143,216,30312,California
San Benito,2021-05-19,577,51917,419,26537,150,22919,8,2461,232,7064,345,23488,240,30552,California
San Benito,2021-05-20,593,52510,468,27005,114,23033,11,2472,315,7113,277,23765,326,30878,California
San Benito,2021-05-21,472,52982,278,27283,177,23210,17,2489,216,7092,254,24019,233,31111,California
San Benito,2021-05-22,298,53280,223,27506,70,23280,5,2494,181,7164,115,24134,187,31298,California
San Benito,2021-05-23,92,53372,54,27560,34,23314,4,2498,34,7143,58,24192,37,31335,California
San Benito,2021-05-24,300,53672,252,27812,41,23355,7,2505,186,7222,114,24306,193,31528,California
San Benito,2021-05-25,527,54199,242,28054,278,23633,7,2512,172,7048,353,24659,179,31707,California
San Benito,2021-05-26,308,54507,190,28244,112,23745,6,2518,128,7002,179,24838,133,31840,California
San Benito,2021-05-27,405,54912,309,28553,73,23818,23,2541,149,6921,256,25094,175,32015,California
San Benito,2021-05-28,287,55199,177,28730,103,23921,7,2548,111,6864,175,25269,118,32133,California
San Benito,2021-05-29,148,55347,126,28856,20,23941,2,2550,63,6844,85,25354,65,32198,California
San Benito,2021-05-30,270,55617,255,29111,15,23956,0,2550,94,6763,175,25529,94,32292,California
San Benito,2021-05-31,102,55719,89,29200,11,23967,2,2552,45,6754,56,25585,47,32339,California
San Benito,2021-06-01,270,55989,122,29322,122,24089,26,2578,99,6708,170,25755,124,32463,California
San Benito,2021-06-02,321,56310,242,29564,76,24165,3,2581,119,6629,202,25957,123,32586,California
San Benito,2021-06-03,340,56650,288,29852,45,24210,7,2588,134,6567,203,26160,141,32727,California
San Benito,2021-06-04,269,56919,202,30054,67,24277,0,2588,87,6473,181,26341,87,32814,California
San Benito,2021-06-05,91,57010,73,30127,17,24294,1,2589,19,6422,71,26412,20,32834,California
San Benito,2021-06-06,59,57069,48,30175,8,24302,3,2592,15,6396,44,26456,18,32852,California
San Benito,2021-06-07,338,57407,299,30474,34,24336,5,2597,87,6239,249,26705,92,32944,California
San Benito,2021-06-08,306,57713,215,30689,76,24412,15,2612,97,6143,208,26913,112,33056,California
San Benito,2021-06-09,245,57958,191,30880,46,24458,8,2620,73,6052,172,27085,81,33137,California
San Benito,2021-06-10,355,58313,326,31206,22,24480,7,2627,70,5847,282,27367,77,33214,California
San Benito,2021-06-11,240,58553,199,31405,20,24500,21,2648,74,5777,165,27532,95,33309,California
San Benito,2021-06-12,101,58654,88,31493,10,24510,3,2651,34,5762,52,27584,37,33346,California
San Benito,2021-06-13,50,58704,38,31531,10,24520,2,2653,14,5749,29,27613,16,33362,California
San Benito,2021-06-14,90,58794,76,31607,11,24531,3,2656,22,5707,67,27680,25,33387,California
San Bernardino,2020-12-15,13,13,13,13,0,0,0,0,13,13,0,0,13,13,California
San Bernardino,2020-12-16,114,127,114,127,0,0,0,0,114,127,0,0,114,127,California
San Bernardino,2020-12-17,2374,2501,2374,2501,0,0,0,0,2374,2501,0,0,2374,2501,California
San Bernardino,2020-12-18,3169,5670,3166,5667,3,3,0,0,3170,5671,0,0,3170,5671,California
San Bernardino,2020-12-19,1077,6747,1076,6743,1,4,0,0,1078,6749,0,0,1078,6749,California
San Bernardino,2020-12-20,1173,7920,1170,7913,3,7,0,0,1173,7922,0,0,1173,7922,California
San Bernardino,2020-12-21,2469,10389,2463,10376,6,13,0,0,2469,10391,0,0,2469,10391,California
San Bernardino,2020-12-22,2285,12674,2155,12531,130,143,0,0,2285,12676,0,0,2285,12676,California
San Bernardino,2020-12-23,2681,15355,1475,14006,1206,1349,0,0,2679,15355,0,0,2679,15355,California
San Bernardino,2020-12-24,1170,16525,590,14596,580,1929,0,0,1170,16524,1,1,1170,16525,California
San Bernardino,2020-12-25,74,16599,14,14610,60,1989,0,0,74,16598,0,1,74,16599,California
San Bernardino,2020-12-26,463,17062,254,14864,209,2198,0,0,463,17061,0,1,463,17062,California
San Bernardino,2020-12-27,348,17410,161,15025,187,2385,0,0,347,17407,1,2,347,17409,California
San Bernardino,2020-12-28,1580,18990,717,15742,863,3248,0,0,1581,18988,0,2,1581,18990,California
San Bernardino,2020-12-29,2225,21215,1048,16790,1177,4425,0,0,2225,21213,0,2,2225,21215,California
San Bernardino,2020-12-30,2898,24113,1455,18245,1443,5868,0,0,2898,24111,0,2,2898,24113,California
San Bernardino,2020-12-31,1368,25481,440,18685,928,6796,0,0,1366,25477,0,2,1366,25479,California
San Bernardino,2021-01-01,286,25767,153,18838,133,6929,0,0,285,25762,0,2,285,25764,California
San Bernardino,2021-01-02,480,26247,340,19178,140,7069,0,0,480,26242,0,2,480,26244,California
San Bernardino,2021-01-03,136,26383,86,19264,50,7119,0,0,136,26378,0,2,136,26380,California
San Bernardino,2021-01-04,2140,28523,1298,20562,842,7961,0,0,2139,28517,0,2,2139,28519,California
San Bernardino,2021-01-05,2340,30863,1463,22025,877,8838,0,0,2231,30640,108,110,2231,30750,California
San Bernardino,2021-01-06,3464,34327,2368,24393,1096,9934,0,0,2962,33107,496,606,2963,33713,California
San Bernardino,2021-01-07,5443,39770,4520,28913,923,10857,0,0,2488,32659,2936,3542,2488,36201,California
San Bernardino,2021-01-08,5375,45145,4450,33363,925,11782,0,0,2286,31862,3084,6626,2287,38488,California
San Bernardino,2021-01-09,1408,46553,1104,34467,304,12086,0,0,906,32266,502,7128,906,39394,California
San Bernardino,2021-01-10,1023,47576,597,35064,426,12512,0,0,575,32393,448,7576,575,39969,California
San Bernardino,2021-01-11,4988,52564,4083,39147,905,13417,0,0,2764,32937,2220,9796,2764,42733,California
San Bernardino,2021-01-12,4244,56808,3218,42365,1026,14443,0,0,2514,33724,1727,11523,2514,45247,California
San Bernardino,2021-01-13,4599,61407,2864,45229,1735,16178,0,0,3363,35864,1225,12748,3365,48612,California
San Bernardino,2021-01-14,4834,66241,2847,48076,1987,18165,0,0,4246,39526,584,13332,4246,52858,California
San Bernardino,2021-01-15,6023,72264,2996,51072,3027,21192,0,0,5625,44764,390,13722,5628,58486,California
San Bernardino,2021-01-16,2265,74529,1292,52364,973,22165,0,0,2121,46741,144,13866,2121,60607,California
San Bernardino,2021-01-17,1179,75708,505,52869,674,22839,0,0,1095,47755,83,13949,1097,61704,California
San Bernardino,2021-01-18,4276,79984,2643,55512,1633,24472,0,0,3653,50787,623,14572,3655,65359,California
San Bernardino,2021-01-19,6348,86332,3727,59239,2621,27093,0,0,5251,54945,1095,15667,5253,70612,California
San Bernardino,2021-01-20,6877,93209,3779,63018,3098,30191,0,0,4915,57911,1953,17620,4919,75531,California
San Bernardino,2021-01-21,6014,99223,3094,66112,2920,33111,0,0,4893,61696,1113,18733,4898,80429,California
San Bernardino,2021-01-22,6558,105781,3067,69179,3491,36602,0,0,5829,66800,727,19460,5831,86260,California
San Bernardino,2021-01-23,3129,108910,1901,71080,1228,37830,0,0,2735,69142,393,19853,2735,88995,California
San Bernardino,2021-01-24,1200,110110,461,71541,739,38569,0,0,1097,70136,103,19956,1097,90092,California
San Bernardino,2021-01-25,6904,117014,3414,74955,3490,42059,0,0,5056,73350,1845,21801,5059,95151,California
San Bernardino,2021-01-26,7065,124079,3505,78460,3560,45619,0,0,4953,76194,2111,23912,4955,100106,California
San Bernardino,2021-01-27,8557,132636,4163,82623,4394,50013,0,0,5728,79103,2821,26733,5730,105836,California
San Bernardino,2021-01-28,8614,141250,4086,86709,4528,54541,0,0,6283,83060,2326,29059,6283,112119,California
San Bernardino,2021-01-29,8225,149475,3786,90495,4439,58980,0,0,6243,87336,1968,31027,6244,118363,California
San Bernardino,2021-01-30,3094,152569,1890,92385,1204,60184,0,0,2803,89851,289,31316,2804,121167,California
San Bernardino,2021-01-31,928,153497,491,92876,437,60621,0,0,874,90672,53,31369,874,122041,California
San Bernardino,2021-02-01,7588,161085,4256,97132,3332,63953,0,0,4952,92992,2633,34002,4953,126994,California
San Bernardino,2021-02-02,10475,171560,3659,100791,6816,70769,0,0,8410,99342,2061,36063,8411,135405,California
San Bernardino,2021-02-03,9028,180588,4158,104949,4870,75639,0,0,6522,103366,2499,38562,6523,141928,California
San Bernardino,2021-02-04,10519,191107,5173,110122,5346,80985,0,0,7418,107694,3090,41652,7418,149346,California
San Bernardino,2021-02-05,11058,202165,5933,116055,5125,86110,0,0,7498,111645,3548,45200,7499,156845,California
San Bernardino,2021-02-06,5287,207452,2220,118275,3067,89177,0,0,3652,113689,1611,46811,3655,160500,California
San Bernardino,2021-02-07,843,208295,492,118767,351,89528,0,0,467,113784,373,47184,468,160968,California
San Bernardino,2021-02-08,7309,215604,3899,122666,3410,92938,0,0,5636,117748,1672,48856,5636,166604,California
San Bernardino,2021-02-09,10178,225782,5924,128590,4254,97192,0,0,6865,121305,3311,52167,6868,173472,California
San Bernardino,2021-02-10,12112,237894,6468,135058,5644,102836,0,0,7985,125173,4118,56285,7986,181458,California
San Bernardino,2021-02-11,12479,250373,7161,142219,5318,108154,0,0,7947,128615,4508,60793,7950,189408,California
San Bernardino,2021-02-12,10430,260803,5960,148179,4470,112624,0,0,5681,129564,4732,65525,5681,195089,California
San Bernardino,2021-02-13,6056,266859,4035,152214,2021,114645,0,0,3808,131145,2232,67757,3813,198902,California
San Bernardino,2021-02-14,1554,268413,651,152865,903,115548,0,0,876,131350,671,68428,876,199778,California
San Bernardino,2021-02-15,5490,273903,3002,155867,2488,118036,0,0,3070,132012,2408,70836,3070,202848,California
San Bernardino,2021-02-16,12604,286507,7348,163215,5256,123292,0,0,7971,135364,4620,75456,7972,210820,California
San Bernardino,2021-02-17,11822,298329,6471,169686,5351,128643,0,0,7152,137867,4651,80107,7154,217974,California
San Bernardino,2021-02-18,12500,310829,7592,177278,4908,133551,0,0,7708,140799,4777,84884,7709,225683,California
San Bernardino,2021-02-19,11565,322394,5966,183244,5599,139150,0,0,6838,142930,4707,89591,6838,232521,California
San Bernardino,2021-02-20,4532,326926,3476,186720,1056,140206,0,0,2046,142497,2481,92072,2048,234569,California
San Bernardino,2021-02-21,1149,328075,688,187408,461,140667,0,0,405,142158,744,92816,405,234974,California
San Bernardino,2021-02-22,8697,336772,5358,192766,3339,144006,0,0,4050,141574,4635,97451,4051,239025,California
San Bernardino,2021-02-23,9177,345949,5457,198223,3720,147726,0,0,4638,141698,4514,101965,4638,243663,California
San Bernardino,2021-02-24,12493,358442,7193,205416,5300,153026,0,0,6182,141590,6291,108256,6183,249846,California
San Bernardino,2021-02-25,13145,371587,6306,211722,6839,159865,0,0,7664,143794,5463,113719,7667,257513,California
San Bernardino,2021-02-26,13636,385223,6393,218115,7243,167108,0,0,7597,145418,5976,119695,7600,265113,California
San Bernardino,2021-02-27,6684,391907,3739,221854,2944,170052,1,1,4821,148386,1855,121550,4823,269936,California
San Bernardino,2021-02-28,1785,393692,746,222600,1039,171091,0,1,1143,148895,634,122184,1143,271079,California
San Bernardino,2021-03-01,8471,402163,4370,226970,4098,175189,3,4,3849,148158,4597,126781,3860,274939,California
San Bernardino,2021-03-02,13913,416076,5569,232539,8344,183533,0,4,6564,147407,7318,134099,6567,281506,California
San Bernardino,2021-03-03,13078,429154,6649,239188,6426,189959,3,7,6183,146727,6873,140972,6193,287699,California
San Bernardino,2021-03-04,13958,443112,6949,246137,7008,196967,1,8,6075,144945,7862,148834,6080,293779,California
San Bernardino,2021-03-05,14449,457561,7540,253677,6908,203875,1,9,7043,144633,7374,156208,7062,300841,California
San Bernardino,2021-03-06,9760,467321,5467,259144,4068,207943,225,234,4557,144228,5185,161393,4780,305621,California
San Bernardino,2021-03-07,1672,468993,1012,260156,589,208532,71,305,1053,144735,617,162010,1124,306745,California
San Bernardino,2021-03-08,8127,477120,3598,263754,4358,212890,171,476,3613,144017,4505,166515,3787,310532,California
San Bernardino,2021-03-09,13102,490222,7484,271238,5367,218257,251,727,5281,141743,7806,174321,5532,316064,California
San Bernardino,2021-03-10,14253,504475,7863,279101,5832,224089,558,1285,6386,140848,7840,182161,6945,323009,California
San Bernardino,2021-03-11,15642,520117,7248,286349,6801,230890,1593,2878,7398,141613,8221,190382,8986,331995,California
San Bernardino,2021-03-12,15586,535703,6949,293298,6589,237479,2048,4926,7366,142882,8189,198571,9458,341453,California
San Bernardino,2021-03-13,8427,544130,4589,297887,3316,240795,522,5448,4998,144985,3418,201989,5521,346974,California
San Bernardino,2021-03-14,3309,547439,1682,299569,1046,241841,581,6029,1850,145958,1452,203441,2425,349399,California
San Bernardino,2021-03-15,11433,558872,5388,304957,4012,245853,2033,8062,5611,147787,5807,209248,7636,357035,California
San Bernardino,2021-03-16,16258,575130,8045,313002,7270,253123,943,9005,9935,152366,6296,215544,10875,367910,California
San Bernardino,2021-03-17,17416,592546,8650,321652,8016,261139,750,9755,10558,156834,6840,222384,11308,379218,California
San Bernardino,2021-03-18,16692,609238,8260,329912,8044,269183,388,10143,9862,160278,6804,229188,10248,389466,California
San Bernardino,2021-03-19,17035,626273,8451,338363,7986,277169,598,10741,9780,163478,7229,236417,10429,399895,California
San Bernardino,2021-03-20,9482,635755,5983,344346,2904,280073,595,11336,5617,165844,3840,240257,6206,406101,California
San Bernardino,2021-03-21,2812,638567,2287,346633,474,280547,51,11387,2262,167621,536,240793,2313,408414,California
San Bernardino,2021-03-22,9642,648209,4529,351162,4676,285223,437,11824,6985,172407,2636,243429,7422,415836,California
San Bernardino,2021-03-23,15545,663754,8821,359983,6104,291327,620,12444,9612,176728,5910,249339,10231,426067,California
San Bernardino,2021-03-24,15220,678974,7846,367829,7069,298396,305,12749,10092,182034,5092,254431,10398,436465,California
San Bernardino,2021-03-25,17078,696052,8379,376208,8395,306791,304,13053,10805,186916,6221,260652,11103,447568,California
San Bernardino,2021-03-26,18257,714309,8689,384897,8797,315588,771,13824,10916,191293,7308,267960,11685,459253,California
San Bernardino,2021-03-27,10888,725197,7027,391924,3103,318691,758,14582,6202,193586,4666,272626,6959,466212,California
San Bernardino,2021-03-28,3645,728842,2561,394485,971,319662,113,14695,2529,195121,1106,273732,2641,468853,California
San Bernardino,2021-03-29,11818,740660,6138,400623,5279,324941,401,15096,7976,199674,3824,277556,8377,477230,California
San Bernardino,2021-03-30,17023,757683,9497,410120,6808,331749,718,15814,10537,204470,6450,284006,11246,488476,California
San Bernardino,2021-03-31,16630,774313,9368,419488,6623,338372,639,16453,10879,210267,5719,289725,11516,499992,California
San Bernardino,2021-04-01,19881,794194,10501,429989,7951,346323,1429,17882,12752,217354,7085,296810,14172,514164,California
San Bernardino,2021-04-02,18943,813137,9546,439535,8104,354427,1293,19175,11445,222663,7469,304279,12778,526942,California
San Bernardino,2021-04-03,11191,824328,7000,446535,3052,357479,1139,20314,6082,224788,5090,309369,7215,534157,California
San Bernardino,2021-04-04,2510,826838,1509,448044,750,358229,251,20565,1266,225069,1236,310605,1517,535674,California
San Bernardino,2021-04-05,11814,838652,5306,453350,4769,362998,1739,22304,6024,227057,5769,316374,7757,543431,California
San Bernardino,2021-04-06,19808,858460,11150,464500,6540,369538,2118,24422,10459,230321,9303,325677,12567,555998,California
San Bernardino,2021-04-07,21089,879549,11276,475776,7322,376860,2491,26913,11510,234759,9549,335226,13987,569985,California
San Bernardino,2021-04-08,22028,901577,11275,487051,8125,384985,2628,29541,12114,239608,9887,345113,14736,584721,California
San Bernardino,2021-04-09,21887,923464,11145,498196,8160,393145,2582,32123,11905,244139,9944,355057,14475,599196,California
San Bernardino,2021-04-10,15783,939247,8169,506365,3875,397020,3739,35862,7824,247750,7936,362993,11547,610743,California
San Bernardino,2021-04-11,4465,943712,2596,508961,895,397915,974,36836,2040,248338,2419,365412,3007,613750,California
San Bernardino,2021-04-12,13510,957222,6244,515205,5601,403516,1665,38501,6392,249293,7096,372508,8051,621801,California
San Bernardino,2021-04-13,19445,976667,11094,526299,8332,411848,19,38520,11148,252197,8269,380777,11173,632974,California
San Bernardino,2021-04-14,19456,996123,10411,536710,9042,420890,3,38523,11014,254809,8408,389185,11020,643994,California
San Bernardino,2021-04-15,20493,1016616,11466,548176,9021,429911,6,38529,10901,256176,9552,398737,10919,654913,California
San Bernardino,2021-04-16,18754,1035370,10634,558810,8119,438030,1,38530,9212,255916,9500,408237,9240,664153,California
San Bernardino,2021-04-17,11966,1047336,7872,566682,4094,442124,0,38530,6261,256511,5670,413907,6265,670418,California
San Bernardino,2021-04-18,2921,1050257,2008,568690,913,443037,0,38530,1283,256168,1626,415533,1283,671701,California
San Bernardino,2021-04-19,12554,1062811,6693,575383,5861,448898,0,38530,4869,253377,7664,423197,4873,676574,California
San Bernardino,2021-04-20,17646,1080457,9829,585212,7814,456712,3,38533,8061,251882,9560,432757,8065,684639,California
San Bernardino,2021-04-21,18146,1098603,10340,595552,7803,464515,3,38536,7941,249683,10143,442900,7944,692583,California
San Bernardino,2021-04-22,19248,1117851,10990,606542,8254,472769,4,38540,7818,246128,11377,454277,7822,700405,California
San Bernardino,2021-04-23,18522,1136373,10598,617140,7923,480692,1,38541,8052,243760,10423,464700,8055,708460,California
San Bernardino,2021-04-24,12887,1149260,9508,626648,3377,484069,2,38543,6928,244747,5943,470643,6930,715390,California
San Bernardino,2021-04-25,3411,1152671,2228,628876,1183,485252,0,38543,1671,244694,1725,472368,1672,717062,California
San Bernardino,2021-04-26,11139,1163810,5998,634874,5051,490303,90,38633,4764,243211,6335,478703,4852,721914,California
San Bernardino,2021-04-27,16522,1180332,9945,644819,6366,496669,211,38844,6783,240508,9695,488398,6992,728906,California
San Bernardino,2021-04-28,14741,1195073,8744,653563,5721,502390,276,39120,5281,236622,9434,497832,5548,734454,California
San Bernardino,2021-04-29,16241,1211314,9332,662895,6639,509029,270,39390,5375,231434,10829,508661,5641,740095,California
San Bernardino,2021-04-30,16567,1227881,10451,673346,5836,514865,280,39670,6096,227374,10434,519095,6374,746469,California
San Bernardino,2021-05-01,10784,1238665,8438,681784,2031,516896,315,39985,3728,224359,7053,526148,4038,750507,California
San Bernardino,2021-05-02,2933,1241598,2117,683901,684,517580,132,40117,1041,223646,1884,528032,1171,751678,California
San Bernardino,2021-05-03,10045,1251643,5763,689664,3880,521460,402,40519,2895,219806,7136,535168,3296,754974,California
San Bernardino,2021-05-04,15700,1267343,9545,699209,5701,527161,454,40973,4567,213733,11091,546259,5018,759992,California
San Bernardino,2021-05-05,15350,1282693,8828,708037,6110,533271,412,41385,4327,207490,10977,557236,4734,764726,California
San Bernardino,2021-05-06,15800,1298493,9002,717039,6385,539656,413,41798,4298,200737,11462,568698,4709,769435,California
San Bernardino,2021-05-07,15469,1313962,8679,725718,6416,546072,374,42172,4640,194973,10774,579472,5010,774445,California
San Bernardino,2021-05-08,9262,1323224,6137,731855,2858,548930,267,42439,3163,192337,6065,585537,3429,777874,California
San Bernardino,2021-05-09,1812,1325036,1116,732971,607,549537,89,42528,728,192077,1077,586614,817,778691,California
San Bernardino,2021-05-10,7453,1332489,3422,736393,3716,553253,315,42843,2283,189544,5128,591742,2595,781286,California
San Bernardino,2021-05-11,12156,1344645,6712,743105,5094,558347,350,43193,3838,185455,8278,600020,4189,785475,California
San Bernardino,2021-05-12,12658,1357303,6872,749977,5471,563818,315,43508,3746,180647,8864,608884,4056,789531,California
San Bernardino,2021-05-13,13226,1370529,7969,757946,4912,568730,345,43853,5201,178207,7981,616865,5541,795072,California
San Bernardino,2021-05-14,13627,1384156,9048,766994,4249,572979,330,44183,5681,176322,7895,624760,6010,801082,California
San Bernardino,2021-05-15,11267,1395423,8355,775349,2725,575704,187,44370,4529,174327,6706,631466,4711,805793,California
San Bernardino,2021-05-16,2781,1398204,2047,777396,672,576376,62,44432,1310,174245,1453,632919,1371,807164,California
San Bernardino,2021-05-17,10033,1408237,6758,784154,2983,579359,292,44724,4516,173568,5483,638402,4806,811970,California
San Bernardino,2021-05-18,13417,1421654,8808,792962,4361,583720,248,44972,6036,172496,7352,645754,6280,818250,California
San Bernardino,2021-05-19,11492,1433146,7193,800155,3922,587642,377,45349,5330,172074,6125,651879,5703,823953,California
San Bernardino,2021-05-20,11560,1444706,6922,807077,4324,591966,314,45663,5203,171272,6318,658197,5516,829469,California
San Bernardino,2021-05-21,12579,1457285,8332,815409,3868,595834,379,46042,5461,170044,7065,665262,5837,835306,California
San Bernardino,2021-05-22,8873,1466158,6640,822049,2024,597858,209,46251,4250,169921,4578,669840,4455,839761,California
San Bernardino,2021-05-23,2290,1468448,1415,823464,784,598642,91,46342,1086,169902,1195,671035,1176,840937,California
San Bernardino,2021-05-24,6592,1475040,4131,827595,2159,600801,302,46644,2881,169418,3667,674702,3183,844120,California
San Bernardino,2021-05-25,9271,1484311,5688,833283,3327,604128,256,46900,4132,168701,5107,679809,4390,848510,California
San Bernardino,2021-05-26,8184,1492495,5196,838479,2741,606869,247,47147,3791,168377,4358,684167,4034,852544,California
San Bernardino,2021-05-27,7606,1500101,4616,843095,2755,609624,235,47382,3490,168025,4076,688243,3724,856268,California
San Bernardino,2021-05-28,8762,1508863,5454,848549,3040,612664,268,47650,4397,168365,4323,692566,4663,860931,California
San Bernardino,2021-05-29,5013,1513876,3340,851889,1558,614222,115,47765,2630,168744,2365,694931,2744,863675,California
San Bernardino,2021-05-30,1756,1515632,1242,853131,432,614654,82,47847,911,168897,839,695770,992,864667,California
San Bernardino,2021-05-31,891,1516523,566,853697,309,614963,16,47863,321,168668,566,696336,337,865004,California
San Bernardino,2021-06-01,8605,1525128,5564,859261,2799,617762,242,48105,3536,167431,5013,701349,3776,868780,California
San Bernardino,2021-06-02,6807,1531935,4287,863548,2282,620044,238,48343,2962,166818,3811,705160,3198,871978,California
San Bernardino,2021-06-03,7892,1539827,5339,868887,2371,622415,182,48525,2768,164668,5100,710260,2950,874928,California
San Bernardino,2021-06-04,9057,1548884,6144,875031,2621,625036,292,48817,3260,162467,5751,716011,3550,878478,California
San Bernardino,2021-06-05,6481,1555365,4963,879994,1393,626429,125,48942,2335,160801,4123,720134,2457,880935,California
San Bernardino,2021-06-06,2015,1557380,1678,881672,273,626702,64,49006,845,160548,1162,721296,909,881844,California
San Bernardino,2021-06-07,6200,1563580,4839,886511,1152,627854,209,49215,1993,158561,4186,725482,2199,884043,California
San Bernardino,2021-06-08,8354,1571934,6072,892583,2065,629919,217,49432,2735,155957,5552,731034,2948,886991,California
San Bernardino,2021-06-09,6947,1578881,4957,897540,1813,631732,177,49609,2283,153796,4620,735654,2459,889450,California
San Bernardino,2021-06-10,6960,1585841,4947,902487,1819,633551,194,49803,2182,151440,4733,740387,2377,891827,California
San Bernardino,2021-06-11,6789,1592630,4569,907056,2016,635567,204,50007,2394,149676,4359,744746,2595,894422,California
San Bernardino,2021-06-12,5602,1598232,4445,911501,1045,636612,112,50119,1598,147404,3980,748726,1708,896130,California
San Bernardino,2021-06-13,1433,1599665,1014,912515,353,636965,66,50185,389,146822,1036,749762,454,896584,California
San Bernardino,2021-06-14,2266,1601931,1579,914094,555,637520,132,50317,670,146039,1584,751346,801,897385,California
San Diego,2020-12-15,120,120,120,120,0,0,0,0,120,120,0,0,120,120,California
San Diego,2020-12-16,1106,1226,1106,1226,0,0,0,0,1106,1226,0,0,1106,1226,California
San Diego,2020-12-17,2351,3577,2351,3577,0,0,0,0,2351,3577,0,0,2351,3577,California
San Diego,2020-12-18,3676,7253,3675,7252,1,1,0,0,3676,7253,0,0,3676,7253,California
San Diego,2020-12-19,2313,9566,2313,9565,0,1,0,0,2313,9566,0,0,2313,9566,California
San Diego,2020-12-20,1188,10754,1187,10752,1,2,0,0,1188,10754,0,0,1188,10754,California
San Diego,2020-12-21,3525,14279,3522,14274,3,5,0,0,3525,14279,0,0,3525,14279,California
San Diego,2020-12-22,4064,18343,3420,17694,644,649,0,0,4064,18343,0,0,4064,18343,California
San Diego,2020-12-23,3180,21523,1978,19672,1202,1851,0,0,3180,21523,0,0,3180,21523,California
San Diego,2020-12-24,2736,24259,2219,21891,517,2368,0,0,2736,24259,0,0,2736,24259,California
San Diego,2020-12-25,876,25135,875,22766,1,2369,0,0,876,25135,0,0,876,25135,California
San Diego,2020-12-26,3289,28424,2141,24907,1148,3517,0,0,3289,28424,0,0,3289,28424,California
San Diego,2020-12-27,2511,30935,1619,26526,892,4409,0,0,2510,30933,1,1,2510,30934,California
San Diego,2020-12-28,5913,36848,4226,30752,1687,6096,0,0,5913,36846,0,1,5913,36847,California
San Diego,2020-12-29,5577,42425,3003,33755,2574,8670,0,0,5577,42423,0,1,5577,42424,California
San Diego,2020-12-30,5952,48377,3105,36860,2847,11517,0,0,5952,48375,0,1,5952,48376,California
San Diego,2020-12-31,3036,51413,1053,37913,1983,13500,0,0,3036,51411,0,1,3036,51412,California
San Diego,2021-01-01,1006,52419,452,38365,554,14054,0,0,1006,52417,0,1,1006,52418,California
San Diego,2021-01-02,3748,56167,1304,39669,2444,16498,0,0,3748,56165,0,1,3748,56166,California
San Diego,2021-01-03,858,57025,633,40302,225,16723,0,0,857,57022,0,1,857,57023,California
San Diego,2021-01-04,3708,60733,2055,42357,1653,18376,0,0,3701,60723,0,1,3701,60724,California
San Diego,2021-01-05,4382,65115,2186,44543,2196,20572,0,0,3766,63889,612,613,3778,64502,California
San Diego,2021-01-06,4947,70062,2290,46833,2657,23229,0,0,3713,66395,1211,1824,3717,68219,California
San Diego,2021-01-07,5671,75733,2986,49819,2685,25914,0,0,3508,67755,2156,3980,3516,71735,California
San Diego,2021-01-08,7868,83601,4945,54764,2923,28837,0,0,4079,68081,3772,7752,4098,75833,California
San Diego,2021-01-09,3502,87103,1942,56706,1560,30397,0,0,1952,68506,1538,9290,1963,77796,California
San Diego,2021-01-10,1882,88985,1295,58001,587,30984,0,0,778,68202,1092,10382,788,78584,California
San Diego,2021-01-11,10342,99327,5865,63866,4477,35461,0,0,6808,71502,3527,13909,6827,85411,California
San Diego,2021-01-12,11206,110533,5317,69183,5889,41350,0,0,7827,76072,3370,17279,7940,93351,California
San Diego,2021-01-13,11519,122052,5059,74242,6460,47810,0,0,8972,82534,2535,19814,8997,102348,California
San Diego,2021-01-14,12372,134424,4750,78992,7622,55432,0,0,10200,90607,2164,21978,10237,112585,California
San Diego,2021-01-15,15135,149559,5355,84347,9780,65212,0,0,12487,100521,2629,24607,12543,125128,California
San Diego,2021-01-16,10777,160336,3593,87940,7184,72396,0,0,9331,108443,1441,26048,9363,134491,California
San Diego,2021-01-17,8688,169024,2500,90440,6188,78584,0,0,7848,115471,840,26888,7868,142359,California
San Diego,2021-01-18,12884,181908,6318,96758,6566,85150,0,0,10033,122747,2819,29707,10095,152454,California
San Diego,2021-01-19,14611,196519,5678,102436,8933,94083,0,0,11495,131405,3106,32813,11764,164218,California
San Diego,2021-01-20,18334,214853,6390,108826,11944,106027,0,0,15004,143286,3310,36123,15191,179409,California
San Diego,2021-01-21,17307,232160,5782,114608,11525,117552,0,0,15920,157971,1378,37501,16063,195472,California
San Diego,2021-01-22,17581,249741,4651,119259,12930,130482,0,0,15546,171579,2021,39522,15629,211101,California
San Diego,2021-01-23,14485,264226,5271,124530,9214,139696,0,0,12126,181419,2348,41870,12188,223289,California
San Diego,2021-01-24,11860,276086,3299,127829,8561,148257,0,0,10883,191370,975,42845,10926,234215,California
San Diego,2021-01-25,12254,288340,5778,133607,6476,154733,0,0,9230,197742,3016,45861,9388,243603,California
San Diego,2021-01-26,15139,303479,7842,141449,7297,162030,0,0,11743,206280,3394,49255,11932,255535,California
San Diego,2021-01-27,20575,324054,7925,149374,12650,174680,0,0,17553,220964,3013,52268,17697,273232,California
San Diego,2021-01-28,21300,345354,7634,157008,13666,188346,0,0,19021,237806,2268,54536,19110,292342,California
San Diego,2021-01-29,19639,364993,6378,163386,13261,201607,0,0,17195,252618,2434,56970,17246,309588,California
San Diego,2021-01-30,15825,380818,3579,166965,12246,213853,0,0,13136,263176,2679,59649,13237,322825,California
San Diego,2021-01-31,14778,395596,5721,172686,9057,222910,0,0,14415,277266,359,60008,14449,337274,California
San Diego,2021-02-01,20846,416442,7545,180231,13301,236211,0,0,17283,291085,3550,63558,17369,354643,California
San Diego,2021-02-02,22918,439360,8375,188606,14543,250754,0,0,19643,307632,3266,66824,19813,374456,California
San Diego,2021-02-03,27448,466808,11538,200144,15910,266664,0,0,23129,326655,4300,71124,23323,397779,California
San Diego,2021-02-04,24161,490969,9792,209936,14369,281033,0,0,19525,341851,4619,75743,19815,417594,California
San Diego,2021-02-05,24888,515857,8840,218776,16048,297081,0,0,18185,353826,6678,82421,18653,436247,California
San Diego,2021-02-06,20759,536616,8534,227310,12225,309306,0,0,17506,368307,3250,85671,17731,453978,California
San Diego,2021-02-07,12141,548757,5376,232686,6765,316071,0,0,10255,376947,1875,87546,10515,464493,California
San Diego,2021-02-08,20117,568874,8520,241206,11597,327668,0,0,12659,382853,7447,94993,13353,477846,California
San Diego,2021-02-09,20504,589378,8331,249537,12173,339841,0,0,13190,389833,7293,102286,14273,492119,California
San Diego,2021-02-10,22965,612343,9328,258865,13637,353478,0,0,13831,395969,9080,111366,15216,507335,California
San Diego,2021-02-11,23852,636195,10184,269049,13668,367146,0,0,12762,399366,11063,122429,14460,521795,California
San Diego,2021-02-12,23827,660022,7428,276477,16399,383545,0,0,11850,401541,11960,134389,14135,535930,California
San Diego,2021-02-13,20026,680048,9017,285494,11009,394554,0,0,10892,404511,9127,143516,12097,548027,California
San Diego,2021-02-14,11188,691236,7431,292925,3757,398311,0,0,6319,407483,4865,148381,7837,555864,California
San Diego,2021-02-15,15250,706486,7737,300662,7513,405824,0,0,7802,410929,7426,155807,10872,566736,California
San Diego,2021-02-16,19307,725793,11278,311940,8029,413853,0,0,9216,413061,10079,165886,12211,578947,California
San Diego,2021-02-17,23421,749214,11002,322942,12419,426272,0,0,8113,408976,15294,181180,11209,590156,California
San Diego,2021-02-18,23579,772793,12006,334948,11573,437845,0,0,7759,405027,15809,196989,11860,602016,California
San Diego,2021-02-19,15919,788712,10924,345872,4995,442840,0,0,6619,404362,9282,206271,8617,610633,California
San Diego,2021-02-20,10264,798976,6362,352234,3902,446742,0,0,5786,407597,4475,210746,7710,618343,California
San Diego,2021-02-21,11580,810556,10165,362399,1415,448157,0,0,5180,407908,6394,217140,6705,625048,California
San Diego,2021-02-22,12459,823015,10595,372994,1864,450021,0,0,5748,408608,6705,223845,7405,632453,California
San Diego,2021-02-23,25857,848872,14479,387473,11378,461399,0,0,9597,407870,16250,240095,15512,647965,California
San Diego,2021-02-24,28950,877822,12755,400228,16195,477594,0,0,6824,400044,22106,262201,14280,662245,California
San Diego,2021-02-25,33190,911012,14706,414934,18484,496078,0,0,10092,395484,23078,285279,18518,680763,California
San Diego,2021-02-26,33487,944499,12403,427337,21084,517162,0,0,12095,393351,21362,306641,19229,699992,California
San Diego,2021-02-27,21244,965743,9682,437019,11562,528724,0,0,11430,399258,9808,316449,15715,715707,California
San Diego,2021-02-28,15278,981021,9984,447003,5294,534018,0,0,9504,405786,5773,322222,12301,728008,California
San Diego,2021-03-01,24257,1005278,14316,461319,9939,543957,2,2,14714,414918,9465,331687,18597,746605,California
San Diego,2021-03-02,26173,1031451,14088,475407,12085,556042,0,2,12733,420932,13429,345116,19443,766048,California
San Diego,2021-03-03,34045,1065496,15963,491370,18079,574121,3,5,14062,421968,19963,365079,20999,787047,California
San Diego,2021-03-04,28315,1093811,14110,505480,14205,588326,0,5,12594,425641,15699,380778,19372,806419,California
San Diego,2021-03-05,29007,1122818,14914,520394,14011,602337,82,87,13494,430473,15487,396265,20319,826738,California
San Diego,2021-03-06,23430,1146248,9584,529978,13145,615482,701,788,10324,433106,13095,409360,15728,842466,California
San Diego,2021-03-07,18238,1164486,9328,539306,8339,623821,571,1359,6908,432937,11322,420682,11153,853619,California
San Diego,2021-03-08,23105,1187591,11231,550537,10965,634786,909,2268,11441,438538,11643,432325,17244,870863,California
San Diego,2021-03-09,25886,1213477,11969,562506,12158,646944,1759,4027,10097,438565,15774,448099,15801,886664,California
San Diego,2021-03-10,25528,1239005,10782,573288,12348,659292,2398,6425,10074,439694,15439,463538,16568,903232,California
San Diego,2021-03-11,28626,1267631,10999,584287,14029,673321,3598,10023,9933,438538,18668,482206,17512,920744,California
San Diego,2021-03-12,27298,1294929,9568,593855,14590,687911,3140,13163,9985,438077,17301,499507,16840,937584,California
San Diego,2021-03-13,26219,1321148,7281,601136,17145,705056,1793,14956,10113,438067,16099,515606,16089,953673,California
San Diego,2021-03-14,13880,1335028,5496,606632,7643,712699,741,15697,4795,436870,9077,524683,7880,961553,California
San Diego,2021-03-15,22034,1357062,10167,616799,11084,723783,783,16480,9005,436759,13015,537698,12904,974457,California
San Diego,2021-03-16,30002,1387064,15789,632588,13802,737585,411,16891,15717,441699,14261,551959,19201,993658,California
San Diego,2021-03-17,26338,1413402,12246,644834,13372,750957,720,17611,16771,451699,9551,561510,19551,1013209,California
San Diego,2021-03-18,31530,1444932,17814,662648,12796,763753,920,18531,17011,456686,14483,575993,19470,1032679,California
San Diego,2021-03-19,30379,1475311,14414,677062,14917,778670,1048,19579,19405,467394,10953,586946,21661,1054340,California
San Diego,2021-03-20,27912,1503223,8461,685523,17647,796317,1804,21383,21434,485275,6467,593413,24348,1078688,California
San Diego,2021-03-21,16579,1519802,12103,697626,3759,800076,717,22100,7696,486154,8869,602282,9748,1088436,California
San Diego,2021-03-22,22565,1542367,13156,710782,9124,809200,285,22385,14330,495314,8224,610506,17384,1105820,California
San Diego,2021-03-23,26005,1568372,13638,724420,12082,821282,285,22670,17105,505868,8885,619391,19439,1125259,California
San Diego,2021-03-24,29593,1597965,19779,744199,9424,830706,390,23060,17088,512920,12492,631883,19544,1144803,California
San Diego,2021-03-25,30417,1628382,18324,762523,11403,842109,690,23750,17996,521329,12405,644288,20814,1165617,California
San Diego,2021-03-26,32175,1660557,17950,780473,13650,855759,575,24325,17493,527581,14655,658943,20907,1186524,California
San Diego,2021-03-27,25524,1686081,11049,791522,14082,869841,393,24718,15691,536107,9817,668760,18343,1204867,California
San Diego,2021-03-28,15095,1701176,9248,800770,5790,875631,57,24775,9269,541090,5819,674579,10802,1215669,California
San Diego,2021-03-29,26759,1727935,12939,813709,13187,888818,633,25408,16448,550328,10300,684879,19538,1235207,California
San Diego,2021-03-30,33260,1761195,17908,831617,14560,903378,792,26200,22020,563742,11227,696106,24641,1259848,California
San Diego,2021-03-31,30495,1791690,18808,850425,10978,914356,709,26909,20638,576354,9841,705947,22453,1282301,California
San Diego,2021-04-01,34366,1826056,20069,870494,12793,927149,1504,28413,23240,591319,11106,717053,26071,1308372,California
San Diego,2021-04-02,35824,1861880,20686,891180,12326,939475,2812,31225,24116,607996,11690,728743,28367,1336739,California
San Diego,2021-04-03,30901,1892781,14478,905658,11803,951278,4620,35845,19731,622395,11157,739900,25556,1362295,California
San Diego,2021-04-04,9064,1901845,5211,910869,2925,954203,928,36773,4817,624082,4242,744142,5929,1368224,California
San Diego,2021-04-05,29783,1931628,15418,926287,11710,965913,2655,39428,19392,638250,10376,754518,24544,1392768,California
San Diego,2021-04-06,38773,1970401,20398,946685,12455,978368,5920,45348,22328,652188,16428,770946,30366,1423134,California
San Diego,2021-04-07,35871,2006272,21997,968682,9296,987664,4578,49926,20317,662769,15532,786478,26113,1449247,California
San Diego,2021-04-08,35278,2041550,21386,990068,9716,997380,4176,54102,21304,676882,13957,800435,28070,1477317,California
San Diego,2021-04-09,38451,2080001,22937,1013005,10296,1007676,5218,59320,20782,688601,17604,818039,29323,1506640,California
San Diego,2021-04-10,29212,2109213,11792,1024797,13407,1021083,4013,63333,15098,696641,14105,832144,22145,1528785,California
San Diego,2021-04-11,16265,2125478,10080,1034877,3871,1024954,2314,65647,7231,700171,9030,841174,12560,1541345,California
San Diego,2021-04-12,30865,2156343,12870,1047747,13669,1038623,4326,69973,17160,711654,13691,854865,25174,1566519,California
San Diego,2021-04-13,37246,2193589,17804,1065551,19406,1058029,36,70009,24778,726866,12446,867311,27658,1594177,California
San Diego,2021-04-14,33103,2226692,18933,1084484,14157,1072186,13,70022,17882,733927,15211,882522,22272,1616449,California
San Diego,2021-04-15,39598,2266290,20397,1104881,19196,1091382,5,70027,24114,745451,15463,897985,26987,1643436,California
San Diego,2021-04-16,33857,2300147,18594,1123475,15260,1106642,3,70030,19614,753286,14183,912168,22018,1665454,California
San Diego,2021-04-17,27915,2328062,13543,1137018,14372,1121014,0,70030,12352,753240,15470,927638,15424,1680878,California
San Diego,2021-04-18,14497,2342559,8911,1145929,5583,1126597,3,70033,6745,755213,7738,935376,9711,1690589,California
San Diego,2021-04-19,26608,2369167,13582,1159511,13025,1139622,1,70034,12507,755404,14083,949459,14274,1704863,California
San Diego,2021-04-20,39097,2408264,17825,1177336,21270,1160892,2,70036,19914,759143,19164,968623,22903,1727766,California
San Diego,2021-04-21,35073,2443337,20946,1198282,14127,1175019,0,70036,16968,761073,18069,986692,19999,1747765,California
San Diego,2021-04-22,44698,2488035,22965,1221247,21729,1196748,4,70040,22421,764296,22242,1008934,25465,1773230,California
San Diego,2021-04-23,42295,2530330,26041,1247288,16252,1213000,2,70042,15768,756748,26496,1035430,18948,1792178,California
San Diego,2021-04-24,34983,2565313,18875,1266163,16093,1229093,15,70057,15609,756216,19336,1054766,18804,1810982,California
San Diego,2021-04-25,12667,2577980,7724,1273887,4943,1234036,0,70057,5924,756780,6734,1061500,7298,1818280,California
San Diego,2021-04-26,33267,2611247,16668,1290555,16468,1250504,131,70188,11648,751478,21601,1083101,16299,1834579,California
San Diego,2021-04-27,44756,2656003,24598,1315153,19608,1270112,550,70738,19711,749901,25005,1108106,23428,1858007,California
San Diego,2021-04-28,38354,2694357,22640,1337793,15040,1285152,674,71412,17353,749205,20967,1129073,20271,1878278,California
San Diego,2021-04-29,38165,2732522,24304,1362097,13208,1298360,653,72065,15435,744318,22692,1151765,17805,1896083,California
San Diego,2021-04-30,38207,2770729,23151,1385248,13971,1312331,1085,73150,14947,738957,23223,1174988,17862,1913945,California
San Diego,2021-05-01,24378,2795107,10742,1395990,12992,1325323,644,73794,9575,736534,14794,1189782,12371,1926316,California
San Diego,2021-05-02,10728,2805835,7540,1403530,2602,1327925,586,74380,3284,733299,7440,1197222,4205,1930521,California
San Diego,2021-05-03,25341,2831176,12475,1416005,11708,1339633,1158,75538,9357,728650,15965,1213187,11316,1941837,California
San Diego,2021-05-04,31986,2863162,17649,1433654,13008,1352641,1329,76867,11541,722212,20419,1233606,13981,1955818,California
San Diego,2021-05-05,27747,2890909,17038,1450692,9419,1362060,1290,78157,10601,717936,17125,1250731,12849,1968667,California
San Diego,2021-05-06,28461,2919370,18836,1469528,8710,1370770,915,79072,10831,714564,17604,1268335,14232,1982899,California
San Diego,2021-05-07,29748,2949118,19532,1489060,9165,1379935,1051,80123,11065,709238,18647,1286982,13321,1996220,California
San Diego,2021-05-08,22799,2971917,10758,1499818,11321,1391256,720,80843,7274,703164,15503,1302485,9429,2005649,California
San Diego,2021-05-09,7561,2979478,5685,1505503,1468,1392724,408,81251,2663,701771,4892,1307377,3499,2009148,California
San Diego,2021-05-10,21667,3001145,8456,1513959,12396,1405120,815,82066,5917,694055,15724,1323101,8008,2017156,California
San Diego,2021-05-11,28248,3029393,11600,1525559,15830,1420950,818,82884,9887,688127,18340,1341441,12412,2029568,California
San Diego,2021-05-12,23181,3052574,12633,1538192,9668,1430618,880,83764,8657,684342,14499,1355940,10714,2040282,California
San Diego,2021-05-13,31489,3084063,19098,1557290,11762,1442380,629,84393,13202,682618,18233,1374173,16509,2056791,California
San Diego,2021-05-14,30827,3114890,19736,1577026,10244,1452624,847,85240,14072,682909,16719,1390892,17010,2073801,California
San Diego,2021-05-15,26262,3141152,16492,1593518,8938,1461562,832,86072,10917,680299,15294,1406186,12684,2086485,California
San Diego,2021-05-16,13325,3154477,10052,1603570,2700,1464262,573,86645,6685,681309,6629,1412815,7639,2094124,California
San Diego,2021-05-17,21455,3175932,13029,1616599,7668,1471930,758,87403,9005,679526,12414,1425229,10631,2104755,California
San Diego,2021-05-18,34250,3210182,19374,1635973,14000,1485930,876,88279,13389,674409,20829,1446058,15712,2120467,California
San Diego,2021-05-19,28547,3238729,17943,1653916,9793,1495723,811,89090,12187,672198,16332,1462390,14121,2134588,California
San Diego,2021-05-20,34797,3273526,19263,1673179,14704,1510427,830,89920,11793,663590,22975,1485365,14367,2148955,California
San Diego,2021-05-21,26965,3300491,17272,1690451,8688,1519115,1005,90925,10987,661070,15945,1501310,13425,2162380,California
San Diego,2021-05-22,21016,3321507,12081,1702532,7784,1526899,1151,92076,8590,659763,12406,1513716,11099,2173479,California
San Diego,2021-05-23,7295,3328802,5165,1707697,1811,1528710,319,92395,3494,660311,3779,1517495,4327,2177806,California
San Diego,2021-05-24,17691,3346493,9012,1716709,6776,1535486,1903,94298,6377,658142,11295,1528790,9126,2186932,California
San Diego,2021-05-25,24242,3370735,13262,1729971,9149,1544635,1831,96129,8614,654137,15600,1544390,11595,2198527,California
San Diego,2021-05-26,19214,3389949,10673,1740644,6525,1551160,2016,98145,6680,651348,12504,1556894,9715,2208242,California
San Diego,2021-05-27,20640,3410589,12064,1752708,6179,1557339,2397,100542,7038,648458,13585,1570479,10695,2218937,California
San Diego,2021-05-28,21196,3431785,13288,1765996,7186,1564525,722,101264,8434,646188,12747,1583226,10477,2229414,California
San Diego,2021-05-29,12042,3443827,7648,1773644,3895,1568420,499,101763,5255,645779,6774,1590000,6365,2235779,California
San Diego,2021-05-30,4723,3448550,3229,1776873,1108,1569528,386,102149,2080,645894,2638,1592638,2753,2238532,California
San Diego,2021-05-31,2611,3451161,1765,1778638,674,1570202,172,102321,884,645373,1723,1594361,1202,2239734,California
San Diego,2021-06-01,21365,3472526,11432,1790070,8295,1578497,1638,103959,6100,638940,15242,1609603,8809,2248543,California
San Diego,2021-06-02,17084,3489610,8835,1798905,6172,1584669,2077,106036,5602,636018,11460,1621063,8538,2257081,California
San Diego,2021-06-03,19269,3508879,12077,1810982,5383,1590052,1809,107845,5319,630402,13930,1634993,8314,2265395,California
San Diego,2021-06-04,19855,3528734,13905,1824887,5335,1595387,615,108460,5957,625155,13868,1648861,8621,2274016,California
San Diego,2021-06-05,15848,3544582,12066,1836953,2993,1598380,789,109249,4568,620352,11263,1660124,6460,2280476,California
San Diego,2021-06-06,5506,3550088,4477,1841430,713,1599093,316,109565,1741,619561,3757,1663881,2966,2283442,California
San Diego,2021-06-07,12728,3562816,8004,1849434,3376,1602469,1348,110913,3560,616204,9151,1673032,5794,2289236,California
San Diego,2021-06-08,20346,3583162,14376,1863810,4079,1606548,1891,112804,5108,609232,15225,1688257,8253,2297489,California
San Diego,2021-06-09,13444,3596606,8526,1872336,3070,1609618,1848,114652,3258,604999,10175,1698432,5942,2303431,California
San Diego,2021-06-10,14275,3610881,9053,1881389,3242,1612860,1980,116632,3314,600321,10946,1709378,6268,2309699,California
San Diego,2021-06-11,11263,3622144,6412,1887801,3584,1616444,1267,117899,2772,596541,8473,1717851,4693,2314392,California
San Diego,2021-06-12,8355,3630499,6447,1894248,1578,1618022,330,118229,2319,593751,6027,1723878,3237,2317629,California
San Diego,2021-06-13,2198,3632697,1758,1896006,288,1618310,152,118381,555,593165,1642,1725520,1056,2318685,California
San Diego,2021-06-14,1814,3634511,411,1896417,56,1618366,1347,119728,208,593366,1605,1727125,1806,2320491,California
San Francisco,2020-12-15,8,8,8,8,0,0,0,0,8,8,0,0,8,8,California
San Francisco,2020-12-16,231,239,231,239,0,0,0,0,231,239,0,0,231,239,California
San Francisco,2020-12-17,417,656,417,656,0,0,0,0,417,656,0,0,417,656,California
San Francisco,2020-12-18,911,1567,910,1566,1,1,0,0,911,1567,0,0,911,1567,California
San Francisco,2020-12-19,608,2175,608,2174,0,1,0,0,608,2175,0,0,608,2175,California
San Francisco,2020-12-20,481,2656,481,2655,0,1,0,0,481,2656,0,0,481,2656,California
San Francisco,2020-12-21,1163,3819,1163,3818,0,1,0,0,1163,3819,0,0,1163,3819,California
San Francisco,2020-12-22,1405,5224,1371,5189,34,35,0,0,1405,5224,0,0,1405,5224,California
San Francisco,2020-12-23,1359,6583,1059,6248,300,335,0,0,1359,6583,0,0,1359,6583,California
San Francisco,2020-12-24,846,7429,503,6751,343,678,0,0,846,7429,0,0,846,7429,California
San Francisco,2020-12-25,35,7464,28,6779,7,685,0,0,35,7464,0,0,35,7464,California
San Francisco,2020-12-26,250,7714,154,6933,96,781,0,0,250,7714,0,0,250,7714,California
San Francisco,2020-12-27,272,7986,58,6991,214,995,0,0,272,7986,0,0,272,7986,California
San Francisco,2020-12-28,1279,9265,692,7683,587,1582,0,0,1279,9265,0,0,1279,9265,California
San Francisco,2020-12-29,1259,10524,629,8312,630,2212,0,0,1259,10524,0,0,1259,10524,California
San Francisco,2020-12-30,1499,12023,784,9096,715,2927,0,0,1499,12023,0,0,1499,12023,California
San Francisco,2020-12-31,983,13006,415,9511,568,3495,0,0,982,13005,0,0,982,13005,California
San Francisco,2021-01-01,104,13110,77,9588,27,3522,0,0,104,13109,0,0,104,13109,California
San Francisco,2021-01-02,344,13454,308,9896,36,3558,0,0,344,13453,0,0,344,13453,California
San Francisco,2021-01-03,300,13754,106,10002,194,3752,0,0,299,13751,1,1,299,13752,California
San Francisco,2021-01-04,1847,15601,1360,11362,487,4239,0,0,1844,15592,3,4,1844,15596,California
San Francisco,2021-01-05,2239,17840,1424,12786,815,5054,0,0,2200,17754,39,43,2201,17797,California
San Francisco,2021-01-06,1878,19718,1166,13952,712,5766,0,0,1607,19093,269,312,1608,19405,California
San Francisco,2021-01-07,2077,21795,1208,15160,869,6635,0,0,1603,20225,471,783,1603,21008,California
San Francisco,2021-01-08,2346,24141,1648,16808,698,7333,0,0,1481,20846,860,1643,1481,22489,California
San Francisco,2021-01-09,1404,25545,904,17712,500,7833,0,0,893,21231,510,2153,895,23384,California
San Francisco,2021-01-10,922,26467,542,18254,380,8213,0,0,463,21236,458,2611,463,23847,California
San Francisco,2021-01-11,2514,28981,1876,20130,638,8851,0,0,1407,21535,1108,3719,1407,25254,California
San Francisco,2021-01-12,3106,32087,2064,22194,1042,9893,0,0,1903,22238,1203,4922,1906,27160,California
San Francisco,2021-01-13,2848,34935,1617,23811,1231,11124,0,0,2004,23402,844,5766,2008,29168,California
San Francisco,2021-01-14,2454,37389,1109,24920,1345,12469,0,0,1889,24732,565,6331,1895,31063,California
San Francisco,2021-01-15,2764,40153,1157,26077,1607,14076,0,0,2367,26711,395,6726,2374,33437,California
San Francisco,2021-01-16,2275,42428,974,27051,1301,15377,0,0,2105,28648,170,6896,2107,35544,California
San Francisco,2021-01-17,1943,44371,534,27585,1409,16786,0,0,1725,30155,218,7114,1725,37269,California
San Francisco,2021-01-18,1389,45760,603,28188,786,17572,0,0,1123,31014,265,7379,1124,38393,California
San Francisco,2021-01-19,2602,48362,1485,29673,1117,18689,0,0,1845,32103,757,8136,1846,40239,California
San Francisco,2021-01-20,2789,51151,1140,30813,1649,20338,0,0,2025,33368,761,8897,2026,42265,California
San Francisco,2021-01-21,3347,54498,945,31758,2402,22740,0,0,2508,35039,838,9735,2509,44774,California
San Francisco,2021-01-22,3221,57719,650,32408,2571,25311,0,0,2772,37364,447,10182,2772,47546,California
San Francisco,2021-01-23,3097,60816,612,33020,2485,27796,0,0,2723,39715,373,10555,2724,50270,California
San Francisco,2021-01-24,2438,63254,366,33386,2072,29868,0,0,2204,41688,231,10786,2204,52474,California
San Francisco,2021-01-25,4658,67912,1839,35225,2819,32687,0,0,3062,43158,1593,12379,3063,55537,California
San Francisco,2021-01-26,4752,72664,2187,37412,2565,35252,0,0,3098,44610,1651,14030,3103,58640,California
San Francisco,2021-01-27,4395,77059,1992,39404,2403,37655,0,0,3081,46381,1312,15342,3083,61723,California
San Francisco,2021-01-28,3802,80861,1569,40973,2233,39888,0,0,2629,47844,1168,16510,2631,64354,California
San Francisco,2021-01-29,4765,85626,1693,42666,3072,42960,0,0,3473,50035,1286,17796,3477,67831,California
San Francisco,2021-01-30,3826,89452,1854,44520,1972,44932,0,0,3361,52936,464,18260,3365,71196,California
San Francisco,2021-01-31,2367,91819,829,45349,1538,46470,0,0,2214,54999,152,18412,2215,73411,California
San Francisco,2021-02-01,3991,95810,1709,47058,2282,48752,0,0,2914,56837,1077,19489,2915,76326,California
San Francisco,2021-02-02,4520,100330,1808,48866,2712,51464,0,0,2925,58172,1590,21079,2925,79251,California
San Francisco,2021-02-03,5081,105411,2385,51251,2696,54160,0,0,3764,60622,1315,22394,3765,83016,California
San Francisco,2021-02-04,5035,110446,2429,53680,2606,56766,0,0,3865,63319,1168,23562,3865,86881,California
San Francisco,2021-02-05,6007,116453,3247,56927,2760,59526,0,0,4651,66617,1354,24916,4652,91533,California
San Francisco,2021-02-06,5540,121993,3719,60646,1821,61347,0,0,4634,70351,902,25818,4636,96169,California
San Francisco,2021-02-07,4413,126406,3263,63909,1150,62497,0,0,3833,73610,577,26395,3836,100005,California
San Francisco,2021-02-08,6844,133250,4729,68638,2115,64612,0,0,5609,78003,1219,27614,5612,105617,California
San Francisco,2021-02-09,6006,139256,4056,72694,1950,66562,0,0,4445,80885,1564,29178,4446,110063,California
San Francisco,2021-02-10,6945,146201,4240,76934,2705,69267,0,0,5133,84215,1806,30984,5136,115199,California
San Francisco,2021-02-11,6791,152992,4042,80976,2749,72016,0,0,4958,87348,1828,32812,4961,120160,California
San Francisco,2021-02-12,5369,158361,2708,83684,2661,74677,0,0,3520,89018,1850,34662,3520,123680,California
San Francisco,2021-02-13,4415,162776,2592,86276,1823,76500,0,0,3072,90749,1343,36005,3074,126754,California
San Francisco,2021-02-14,3445,166221,2265,88541,1180,77680,0,0,2313,91933,1131,37136,2315,129069,California
San Francisco,2021-02-15,2782,169003,1509,90050,1273,78953,0,0,1674,92501,1106,38242,1674,130743,California
San Francisco,2021-02-16,5117,174120,2822,92872,2295,81248,0,0,2992,93381,2118,40360,2998,133741,California
San Francisco,2021-02-17,5341,179461,2606,95478,2735,83983,0,0,2957,93965,2374,42734,2958,136699,California
San Francisco,2021-02-18,5392,184853,2629,98107,2763,86746,0,0,2802,94183,2587,45321,2805,139504,California
San Francisco,2021-02-19,5684,190537,2665,100772,3019,89765,0,0,2946,94397,2733,48054,2947,142451,California
San Francisco,2021-02-20,4555,195092,2190,102962,2365,92130,0,0,1710,93272,2836,50890,1711,144162,California
San Francisco,2021-02-21,2902,197994,1530,104492,1372,93502,0,0,1287,92954,1606,52496,1288,145450,California
San Francisco,2021-02-22,5201,203195,3242,107734,1959,95461,0,0,2616,92998,2575,55071,2619,148069,California
San Francisco,2021-02-23,5617,208812,3200,110934,2417,97878,0,0,2869,93126,2741,57812,2869,150938,California
San Francisco,2021-02-24,9147,217959,5177,116111,3970,101848,0,0,4886,93764,4249,62061,4887,155825,California
San Francisco,2021-02-25,10054,228013,7028,123139,3026,104874,0,0,6458,96631,3593,65654,6460,162285,California
San Francisco,2021-02-26,12419,240432,8075,131214,4344,109218,0,0,7331,98878,5085,70739,7332,169617,California
San Francisco,2021-02-27,9437,249869,6083,137297,3352,112570,2,2,4689,98835,4734,75473,4691,174308,California
San Francisco,2021-02-28,7973,257842,5711,143008,2262,114832,0,2,3881,98628,4089,79562,3882,178190,California
San Francisco,2021-03-01,11477,269319,7762,150770,3710,118542,5,7,5568,98321,5882,85444,5575,183765,California
San Francisco,2021-03-02,10059,279378,6793,157563,3266,121808,0,7,5671,99616,4377,89821,5672,189437,California
San Francisco,2021-03-03,11442,290820,6703,164266,4738,126546,1,8,6255,100703,5172,94993,6259,195696,California
San Francisco,2021-03-04,8854,299674,5577,169843,3277,129823,0,8,4982,101824,3861,98854,4982,200678,California
San Francisco,2021-03-05,9267,308941,5698,175541,3565,133388,4,12,5787,104152,3464,102318,5792,206470,California
San Francisco,2021-03-06,7171,316112,4706,180247,2258,135646,207,219,4471,106115,2712,105030,4675,211145,California
San Francisco,2021-03-07,5438,321550,4247,184494,1131,136777,60,279,3128,106981,2322,107352,3188,214333,California
San Francisco,2021-03-08,7563,329113,5494,189988,1880,138657,189,468,5980,111535,1614,108966,6168,220501,California
San Francisco,2021-03-09,8356,337469,5539,195527,2442,141099,375,843,6097,115741,2261,111227,6467,226968,California
San Francisco,2021-03-10,11268,348737,6627,202154,4140,145239,501,1344,7070,119136,4176,115403,7571,234539,California
San Francisco,2021-03-11,10139,358876,6390,208544,2783,148022,966,2310,6659,123290,3463,118866,7617,242156,California
San Francisco,2021-03-12,10905,369781,6375,214919,3183,151205,1347,3657,6078,125904,4806,123672,7420,249576,California
San Francisco,2021-03-13,6729,376510,3948,218867,1718,152923,1063,4720,4188,128621,2532,126204,5249,254825,California
San Francisco,2021-03-14,7592,384102,4939,223806,2408,155331,245,4965,3985,129260,3589,129793,4228,259053,California
San Francisco,2021-03-15,12147,396249,9296,233102,1906,157237,945,5910,8416,134894,3714,133507,9348,268401,California
San Francisco,2021-03-16,12259,408508,8357,241459,3442,160679,460,6370,8829,140775,3407,136914,9288,277689,California
San Francisco,2021-03-17,13393,421901,8302,249761,4523,165202,568,6938,9629,147233,3734,140648,10192,287881,California
San Francisco,2021-03-18,10125,432026,6881,256642,2620,167822,624,7562,5731,149210,4370,145018,6347,294228,California
San Francisco,2021-03-19,12442,444468,9086,265728,2885,170707,471,8033,6461,150180,5954,150972,6924,301152,California
San Francisco,2021-03-20,8916,453384,6559,272287,1889,172596,468,8501,5176,152118,3708,154680,5646,306798,California
San Francisco,2021-03-21,6637,460021,6081,278368,418,173014,138,8639,3736,153107,2883,157563,3872,310670,California
San Francisco,2021-03-22,9895,469916,6870,285238,2179,175193,846,9485,5076,154226,4794,162357,5913,316583,California
San Francisco,2021-03-23,11310,481226,7500,292738,3158,178351,652,10137,6272,156137,5008,167365,6919,323502,California
San Francisco,2021-03-24,12422,493648,9520,302258,2364,180715,538,10675,6185,156657,6194,173559,6714,330216,California
San Francisco,2021-03-25,12007,505655,8770,311028,2670,183385,567,11242,5828,156941,6107,179666,6391,336607,California
San Francisco,2021-03-26,12058,517713,8369,319397,3456,186841,233,11475,5839,156825,6184,185850,6068,342675,California
San Francisco,2021-03-27,8818,526531,5920,325317,2548,189389,350,11825,3762,155900,5036,190886,4111,346786,California
San Francisco,2021-03-28,6701,533232,5353,330670,1306,190695,42,11867,2995,155254,3680,194566,3034,349820,California
San Francisco,2021-03-29,11647,544879,8026,338696,3436,194131,185,12052,4810,153441,6806,201372,4993,354813,California
San Francisco,2021-03-30,11687,556566,7327,346023,4070,198201,290,12342,5515,153099,6147,207519,5805,360618,California
San Francisco,2021-03-31,12324,568890,8208,354231,3815,202016,301,12643,4902,150909,7387,214906,5197,365815,California
San Francisco,2021-04-01,14022,582912,7446,361677,4874,206890,1702,14345,6019,150649,7963,222869,7703,373518,California
San Francisco,2021-04-02,14909,597821,6591,368268,6428,213318,1890,16235,6968,151578,7916,230785,8845,382363,California
San Francisco,2021-04-03,10611,608432,4926,373194,3859,217177,1826,18061,4862,152533,5729,236514,6684,389047,California
San Francisco,2021-04-04,9063,617495,4803,377997,2598,219775,1662,19723,3575,152293,5473,241987,5233,394280,California
San Francisco,2021-04-05,16099,633594,9862,387859,4344,224119,1893,21616,6260,150631,9808,251795,8146,402426,California
San Francisco,2021-04-06,16131,649725,9557,397416,4509,228628,2065,23681,6271,149126,9832,261627,8327,410753,California
San Francisco,2021-04-07,16905,666630,10058,407474,4607,233235,2240,25921,7009,148486,9870,271497,9230,419983,California
San Francisco,2021-04-08,14255,680885,6768,414242,3045,236280,4442,30363,4635,147950,9583,281080,9047,429030,California
San Francisco,2021-04-09,15898,696783,7678,421920,4845,241125,3375,33738,6615,148670,9250,290330,9970,439000,California
San Francisco,2021-04-10,13349,710132,5701,427621,5885,247010,1763,35501,7115,151327,6207,296537,8864,447864,California
San Francisco,2021-04-11,10070,720202,7545,435166,1349,248359,1176,36677,5217,152876,4839,301376,6388,454252,California
San Francisco,2021-04-12,10634,730836,6904,442070,2576,250935,1154,37831,4863,153141,5748,307124,6013,460265,California
San Francisco,2021-04-13,10875,741711,7373,449443,3490,254425,12,37843,5495,153300,5354,312478,5513,465778,California
San Francisco,2021-04-14,13388,755099,8072,457515,5315,259740,1,37844,6461,152877,6888,319366,6465,472243,California
San Francisco,2021-04-15,13844,768943,9597,467112,4246,263986,1,37845,8165,155398,5648,325014,8169,480412,California
San Francisco,2021-04-16,12999,781942,8736,475848,4219,268205,44,37889,7667,157814,5303,330317,7719,488131,California
San Francisco,2021-04-17,10145,792087,7326,483174,2818,271023,1,37890,7151,161994,2976,333293,7156,495287,California
San Francisco,2021-04-18,6647,798734,5085,488259,1560,272583,2,37892,4101,163596,2528,335821,4130,499417,California
San Francisco,2021-04-19,10903,809637,8192,496451,2706,275289,5,37897,7002,166729,3884,339705,7017,506434,California
San Francisco,2021-04-20,12360,821997,7241,503692,5117,280406,2,37899,8524,171446,3810,343515,8527,514961,California
San Francisco,2021-04-21,10605,832602,7579,511271,3021,283427,5,37904,6462,173800,4117,347632,6471,521432,California
San Francisco,2021-04-22,10478,843080,7749,519020,2728,286155,1,37905,6044,175445,4407,352039,6052,527484,California
San Francisco,2021-04-23,10366,853446,5940,524960,4426,290581,0,37905,6156,177429,4179,356218,6163,533647,California
San Francisco,2021-04-24,7962,861408,5483,530443,2479,293060,0,37905,4706,178909,3234,359452,4714,538361,California
San Francisco,2021-04-25,5050,866458,4349,534792,695,293755,6,37911,2953,179788,2084,361536,2963,541324,California
San Francisco,2021-04-26,8193,874651,5796,540588,2385,296140,12,37923,4074,179795,4091,365627,4098,545422,California
San Francisco,2021-04-27,8714,883365,5856,546444,2688,298828,170,38093,4345,179978,4342,369969,4525,549947,California
San Francisco,2021-04-28,9496,892861,6568,553012,2738,301566,190,38283,4975,180659,4489,374458,5170,555117,California
San Francisco,2021-04-29,9382,902243,5451,558463,3738,305304,193,38476,4606,180719,4751,379209,4811,559928,California
San Francisco,2021-04-30,10887,913130,5196,563659,5490,310794,201,38677,3974,178029,6870,386079,4180,564108,California
San Francisco,2021-05-01,6947,920077,3588,567247,3244,314038,115,38792,1703,174638,5209,391288,1818,565926,California
San Francisco,2021-05-02,5318,925395,3081,570328,2139,316177,98,38890,964,171359,4345,395633,1066,566992,California
San Francisco,2021-05-03,9687,935082,6599,576927,2926,319103,162,39052,2459,166788,7199,402832,2628,569620,California
San Francisco,2021-05-04,9375,944457,6004,582931,3121,322224,250,39302,2287,162275,7055,409887,2542,572162,California
San Francisco,2021-05-05,8766,953223,6125,589056,2333,324557,308,39610,2144,158153,6577,416464,2455,574617,California
San Francisco,2021-05-06,10736,963959,8578,597634,1685,326242,473,40083,1843,151611,8859,425323,2317,576934,California
San Francisco,2021-05-07,10111,974070,6477,604111,3362,329604,272,40355,1632,145060,8453,433776,1902,578836,California
San Francisco,2021-05-08,8381,982451,3567,607678,4684,334288,130,40485,974,138790,7375,441151,1105,579941,California
San Francisco,2021-05-09,6691,989142,5830,613508,779,335067,82,40567,1216,134630,5452,446603,1292,581233,California
San Francisco,2021-05-10,6986,996128,4957,618465,1778,336845,251,40818,1044,130009,5914,452517,1293,582526,California
San Francisco,2021-05-11,7392,1003520,5314,623779,1860,338705,218,41036,1445,125758,5913,458430,1662,584188,California
San Francisco,2021-05-12,8111,1011631,5914,629693,1741,340446,456,41492,1853,121837,6225,464655,2304,586492,California
San Francisco,2021-05-13,11057,1022688,8118,637811,2713,343159,226,41718,4180,119399,6849,471504,4411,590903,California
San Francisco,2021-05-14,9290,1031978,6577,644388,2541,345700,172,41890,3006,116332,6254,477758,3187,594090,California
San Francisco,2021-05-15,7901,1039879,6254,650642,1591,347291,56,41946,3104,114723,4781,482539,3172,597262,California
San Francisco,2021-05-16,4974,1044853,4192,654834,723,348014,59,42005,1846,113519,3109,485648,1905,599167,California
San Francisco,2021-05-17,7239,1052092,5391,660225,1683,349697,165,42170,2469,111405,4751,490399,2637,601804,California
San Francisco,2021-05-18,8690,1060782,4974,665199,3541,353238,175,42345,1962,106861,6682,497081,2138,603942,California
San Francisco,2021-05-19,7465,1068247,5537,670736,1697,354935,231,42576,2439,104532,4996,502077,2667,606609,California
San Francisco,2021-05-20,5947,1074194,4003,674739,1693,356628,251,42827,1639,102146,4272,506349,1886,608495,California
San Francisco,2021-05-21,7187,1081381,4071,678810,2931,359559,185,43012,1833,98850,5309,511658,2013,610508,California
San Francisco,2021-05-22,4776,1086157,3610,682420,1077,360636,89,43101,2176,98535,2579,514237,2264,612772,California
San Francisco,2021-05-23,1824,1087981,1388,683808,362,360998,74,43175,834,98461,982,515219,908,613680,California
San Francisco,2021-05-24,4036,1092017,2855,686663,1018,362016,163,43338,1197,97007,2814,518033,1360,615040,California
San Francisco,2021-05-25,3690,1095707,2405,689068,1064,363080,221,43559,1098,95748,2574,520607,1315,616355,California
San Francisco,2021-05-26,3929,1099636,2540,691608,1243,364323,146,43705,1142,94273,2763,523370,1288,617643,California
San Francisco,2021-05-27,3699,1103335,2137,693745,1385,365708,177,43882,1201,93164,2487,525857,1378,619021,California
San Francisco,2021-05-28,3766,1107101,2152,695897,1453,367161,161,44043,1345,92273,2396,528253,1505,620526,California
San Francisco,2021-05-29,2021,1109122,1464,697361,456,367617,101,44144,880,92127,1121,529374,975,621501,California
San Francisco,2021-05-30,961,1110083,691,698052,233,367850,37,44181,399,92005,558,529932,436,621937,California
San Francisco,2021-05-31,254,1110337,207,698259,40,367890,7,44188,85,91929,168,530100,92,622029,California
San Francisco,2021-06-01,3564,1113901,2154,700413,1223,369113,187,44375,1249,91063,2299,532399,1433,623462,California
San Francisco,2021-06-02,2427,1116328,1752,702165,552,369665,123,44498,894,90554,1521,533920,1012,624474,California
San Francisco,2021-06-03,3964,1120292,2724,704889,1036,370701,204,44702,1053,88913,2893,536813,1252,625726,California
San Francisco,2021-06-04,5700,1125992,4827,709716,737,371438,136,44838,1395,86167,4272,541085,1526,627252,California
San Francisco,2021-06-05,3682,1129674,3113,712829,422,371860,147,44985,956,84554,2712,543797,1099,628351,California
San Francisco,2021-06-06,2315,1131989,2166,714995,111,371971,38,45023,508,83299,1801,545598,546,628897,California
San Francisco,2021-06-07,3622,1135611,3006,718001,482,372453,134,45157,954,81733,2651,548249,1085,629982,California
San Francisco,2021-06-08,2831,1138442,2222,720223,443,372896,166,45323,849,80778,1964,550213,1009,630991,California
San Francisco,2021-06-09,2327,1140769,1862,722085,328,373224,137,45460,684,79971,1626,551839,819,631810,California
San Francisco,2021-06-10,2468,1143237,1887,723972,387,373611,194,45654,769,79246,1687,553526,962,632772,California
San Francisco,2021-06-11,2575,1145812,1994,725966,422,374033,159,45813,738,78323,1820,555346,897,633669,California
San Francisco,2021-06-12,3024,1148836,2625,728591,275,374308,124,45937,721,76875,2289,557635,841,634510,California
San Francisco,2021-06-13,912,1149748,795,729386,71,374379,46,45983,237,76489,668,558303,282,634792,California
San Francisco,2021-06-14,1621,1151369,1317,730703,208,374587,96,46079,475,75918,1141,559444,570,635362,California
San Joaquin,2020-12-15,14,14,14,14,0,0,0,0,14,14,0,0,14,14,California
San Joaquin,2020-12-16,308,322,308,322,0,0,0,0,308,322,0,0,308,322,California
San Joaquin,2020-12-17,321,643,321,643,0,0,0,0,321,643,0,0,321,643,California
San Joaquin,2020-12-18,555,1198,532,1175,23,23,0,0,536,1160,19,19,536,1179,California
San Joaquin,2020-12-19,189,1387,189,1364,0,23,0,0,189,1349,0,19,189,1368,California
San Joaquin,2020-12-20,117,1504,116,1480,1,24,0,0,116,1464,1,20,116,1484,California
San Joaquin,2020-12-21,543,2047,539,2019,4,28,0,0,540,2001,3,23,540,2024,California
San Joaquin,2020-12-22,980,3027,859,2878,121,149,0,0,978,2978,1,24,978,3002,California
San Joaquin,2020-12-23,987,4014,929,3807,58,207,0,0,984,3962,2,26,986,3988,California
San Joaquin,2020-12-24,218,4232,189,3996,29,236,0,0,217,4179,1,27,218,4206,California
San Joaquin,2020-12-25,15,4247,15,4011,0,236,0,0,15,4194,0,27,15,4221,California
San Joaquin,2020-12-26,103,4350,31,4042,72,308,0,0,103,4297,0,27,103,4324,California
San Joaquin,2020-12-27,44,4394,31,4073,13,321,0,0,44,4341,0,27,44,4368,California
San Joaquin,2020-12-28,630,5024,425,4498,205,526,0,0,630,4971,0,27,630,4998,California
San Joaquin,2020-12-29,793,5817,664,5162,129,655,0,0,793,5764,0,27,793,5791,California
San Joaquin,2020-12-30,1014,6831,718,5880,296,951,0,0,1010,6772,4,31,1012,6803,California
San Joaquin,2020-12-31,456,7287,203,6083,253,1204,0,0,456,7228,1,32,457,7260,California
San Joaquin,2021-01-01,23,7310,13,6096,10,1214,0,0,23,7251,0,32,23,7283,California
San Joaquin,2021-01-02,268,7578,245,6341,23,1237,0,0,268,7519,0,32,268,7551,California
San Joaquin,2021-01-03,37,7615,20,6361,17,1254,0,0,36,7554,1,33,36,7587,California
San Joaquin,2021-01-04,482,8097,340,6701,142,1396,0,0,480,8033,1,34,480,8067,California
San Joaquin,2021-01-05,1025,9122,655,7356,370,1766,0,0,851,8713,172,206,852,8919,California
San Joaquin,2021-01-06,1237,10359,720,8076,517,2283,0,0,923,9333,305,511,925,9844,California
San Joaquin,2021-01-07,1093,11452,692,8768,401,2684,0,0,789,9827,296,807,790,10634,California
San Joaquin,2021-01-08,1228,12680,846,9614,382,3066,0,0,714,10068,475,1282,716,11350,California
San Joaquin,2021-01-09,379,13059,300,9914,79,3145,0,0,247,10184,132,1414,248,11598,California
San Joaquin,2021-01-10,224,13283,116,10030,108,3253,0,0,171,10303,52,1466,171,11769,California
San Joaquin,2021-01-11,1605,14888,1373,11403,232,3485,0,0,889,10531,665,2131,893,12662,California
San Joaquin,2021-01-12,1586,16474,1081,12484,505,3990,0,0,760,10510,787,2918,766,13428,California
San Joaquin,2021-01-13,1560,18034,911,13395,649,4639,0,0,967,10898,582,3500,970,14398,California
San Joaquin,2021-01-14,1776,19810,977,14372,799,5438,0,0,1425,12000,328,3828,1430,15828,California
San Joaquin,2021-01-15,1558,21368,552,14924,1006,6444,0,0,1321,13100,221,4049,1321,17149,California
San Joaquin,2021-01-16,1139,22507,183,15107,956,7400,0,0,1103,14169,34,4083,1103,18252,California
San Joaquin,2021-01-17,1629,24136,138,15245,1491,8891,0,0,1585,15713,43,4126,1587,19839,California
San Joaquin,2021-01-18,742,24878,239,15484,503,9394,0,0,620,16215,118,4244,620,20459,California
San Joaquin,2021-01-19,1885,26763,905,16389,980,10374,0,0,1198,16742,679,4923,1206,21665,California
San Joaquin,2021-01-20,2099,28862,1289,17678,810,11184,0,0,1447,17553,642,5565,1453,23118,California
San Joaquin,2021-01-21,1991,30853,909,18587,1082,12266,0,0,1587,18753,393,5958,1593,24711,California
San Joaquin,2021-01-22,1961,32814,897,19484,1064,13330,0,0,1817,20432,139,6097,1818,26529,California
San Joaquin,2021-01-23,900,33714,400,19884,500,13830,0,0,612,20759,287,6384,614,27143,California
San Joaquin,2021-01-24,357,34071,139,20023,218,14048,0,0,329,21063,25,6409,329,27472,California
San Joaquin,2021-01-25,2006,36077,1149,21172,857,14905,0,0,1431,21930,567,6976,1434,28906,California
San Joaquin,2021-01-26,2174,38251,1118,22290,1056,15961,0,0,1543,22854,621,7597,1545,30451,California
San Joaquin,2021-01-27,1768,40019,777,23067,991,16952,0,0,1242,23591,511,8108,1248,31699,California
San Joaquin,2021-01-28,2068,42087,779,23846,1289,18241,0,0,1401,24331,662,8770,1402,33101,California
San Joaquin,2021-01-29,2181,44268,1052,24898,1129,19370,0,0,1826,25810,348,9118,1827,34928,California
San Joaquin,2021-01-30,2177,46445,358,25256,1819,21189,0,0,1996,27628,180,9298,1998,36926,California
San Joaquin,2021-01-31,1557,48002,179,25435,1378,22567,0,0,1492,29057,64,9362,1493,38419,California
San Joaquin,2021-02-01,2539,50541,1340,26775,1199,23766,0,0,1768,30059,769,10131,1771,40190,California
San Joaquin,2021-02-02,2623,53164,1181,27956,1442,25208,0,0,1976,31461,577,10708,1979,42169,California
San Joaquin,2021-02-03,3114,56278,1233,29189,1881,27089,0,0,2211,32794,884,11592,2217,44386,California
San Joaquin,2021-02-04,3567,59845,1825,31014,1742,28831,0,0,2652,34546,904,12496,2656,47042,California
San Joaquin,2021-02-05,3186,63031,1812,32826,1374,30205,0,0,2346,36082,820,13316,2356,49398,California
San Joaquin,2021-02-06,1088,64119,748,33574,340,30545,0,0,945,36888,140,13456,946,50344,California
San Joaquin,2021-02-07,624,64743,493,34067,131,30676,0,0,418,37106,201,13657,419,50763,California
San Joaquin,2021-02-08,1816,66559,1058,35125,758,31434,0,0,1450,38220,338,13995,1452,52215,California
San Joaquin,2021-02-09,2141,68700,1164,36289,977,32411,0,0,1586,39327,481,14476,1588,53803,California
San Joaquin,2021-02-10,2594,71294,1251,37540,1343,33754,0,0,1347,39460,1214,15690,1347,55150,California
San Joaquin,2021-02-11,2946,74240,1494,39034,1452,35206,0,0,1706,39985,1185,16875,1710,56860,California
San Joaquin,2021-02-12,2838,77078,1132,40166,1706,36912,0,0,1605,40396,1198,18073,1609,58469,California
San Joaquin,2021-02-13,2118,79196,397,40563,1721,38633,0,0,851,40003,1250,19323,857,59326,California
San Joaquin,2021-02-14,1911,81107,260,40823,1651,40284,0,0,692,39509,1187,20510,693,60019,California
San Joaquin,2021-02-15,1993,83100,829,41652,1164,41448,0,0,1190,39937,766,21276,1194,61213,California
San Joaquin,2021-02-16,3177,86277,1377,43029,1800,43248,0,0,1754,40298,1400,22676,1761,62974,California
San Joaquin,2021-02-17,3311,89588,1290,44319,2021,45269,0,0,1872,40768,1405,24081,1875,64849,California
San Joaquin,2021-02-18,3387,92975,1409,45728,1978,47247,0,0,1916,41278,1411,25492,1921,66770,California
San Joaquin,2021-02-19,4302,97277,2439,48167,1863,49110,0,0,2393,41842,1829,27321,2393,69163,California
San Joaquin,2021-02-20,1563,98840,664,48831,899,50009,0,0,1062,42406,498,27819,1062,70225,California
San Joaquin,2021-02-21,675,99515,509,49340,166,50175,0,0,425,42585,247,28066,426,70651,California
San Joaquin,2021-02-22,3565,103080,2510,51850,1055,51230,0,0,2541,44142,987,29053,2544,73195,California
San Joaquin,2021-02-23,4363,107443,2650,54500,1713,52943,0,0,2657,45193,1612,30665,2663,75858,California
San Joaquin,2021-02-24,5810,113253,3458,57958,2352,55295,0,0,4150,47769,1578,32243,4154,80012,California
San Joaquin,2021-02-25,6413,119666,3966,61924,2447,57742,0,0,4117,49683,2213,34456,4127,84139,California
San Joaquin,2021-02-26,5537,125203,2863,64787,2674,60416,0,0,3793,51784,1698,36154,3799,87938,California
San Joaquin,2021-02-27,5505,130708,1637,66424,3868,64284,0,0,2653,51675,2774,38928,2665,90603,California
San Joaquin,2021-02-28,3130,133838,1126,67550,2004,66288,0,0,2053,52681,1049,39977,2055,92658,California
San Joaquin,2021-03-01,4180,138018,1853,69403,2324,68612,3,3,2352,53285,1759,41736,2363,95021,California
San Joaquin,2021-03-02,4241,142259,1690,71093,2551,71163,0,3,2654,54448,1546,43282,2709,97730,California
San Joaquin,2021-03-03,5848,148107,3474,74567,2372,73535,2,5,4197,57033,1612,44894,4197,101927,California
San Joaquin,2021-03-04,5738,153845,2275,76842,3460,76995,3,8,3744,58818,1963,46857,3748,105675,California
San Joaquin,2021-03-05,4503,158348,1906,78748,2592,79587,5,13,3109,60568,1369,48226,3119,108794,California
San Joaquin,2021-03-06,3309,161657,2178,80926,1001,80588,130,143,2725,62849,578,48804,2859,111653,California
San Joaquin,2021-03-07,1221,162878,563,81489,610,81198,48,191,935,63549,268,49072,968,112621,California
San Joaquin,2021-03-08,3160,166038,1261,82750,1775,82973,124,315,2141,64816,997,50069,2264,114885,California
San Joaquin,2021-03-09,4040,170078,1831,84581,2078,85051,131,446,2678,66286,1343,51412,2813,117698,California
San Joaquin,2021-03-10,4660,174738,2475,87056,2045,87096,140,586,3425,68650,1201,52613,3565,121263,California
San Joaquin,2021-03-11,4967,179705,2363,89419,2004,89100,600,1186,2945,70195,2003,54616,3548,124811,California
San Joaquin,2021-03-12,6311,186016,3152,92571,2821,91921,338,1524,4163,72593,2111,56727,4509,129320,California
San Joaquin,2021-03-13,3076,189092,1460,94031,1492,93413,124,1648,2288,74236,777,57504,2420,131740,California
San Joaquin,2021-03-14,2170,191262,677,94708,1189,94602,304,1952,1028,74437,1135,58639,1336,133076,California
San Joaquin,2021-03-15,6102,197364,3508,98216,2190,96792,404,2356,3186,75159,2879,61518,3601,136677,California
San Joaquin,2021-03-16,6875,204239,3911,102127,2706,99498,258,2614,4045,76661,2806,64324,4308,140985,California
San Joaquin,2021-03-17,7841,212080,4700,106827,3071,102569,70,2684,4347,77660,3427,67751,4426,145411,California
San Joaquin,2021-03-18,7662,219742,4507,111334,2649,105218,506,3190,3769,78100,3843,71594,4283,149694,California
San Joaquin,2021-03-19,7965,227707,4667,116001,2754,107972,544,3734,4808,80383,3127,74721,5410,155104,California
San Joaquin,2021-03-20,3705,231412,2140,118141,1322,109294,243,3977,1833,80643,1828,76549,2088,157192,California
San Joaquin,2021-03-21,2131,233543,1512,119653,412,109706,207,4184,1163,81131,954,77503,1442,158634,California
San Joaquin,2021-03-22,3997,237540,2052,121705,1529,111235,416,4600,2354,82291,1615,79118,2775,161409,California
San Joaquin,2021-03-23,5405,242945,2654,124359,2583,113818,168,4768,3721,84531,1655,80773,3895,165304,California
San Joaquin,2021-03-24,6866,249811,4258,128617,2519,116337,89,4857,3020,83848,3800,84573,3117,168421,California
San Joaquin,2021-03-25,5585,255396,3318,131935,2223,118560,44,4901,3301,84944,2257,86830,3353,171774,California
San Joaquin,2021-03-26,6207,261603,2570,134505,3486,122046,151,5052,3242,85420,2935,89765,3411,175185,California
San Joaquin,2021-03-27,4684,266287,2629,137134,1981,124027,74,5126,1807,84464,2847,92612,1891,177076,California
San Joaquin,2021-03-28,2774,269061,1813,138947,936,124963,25,5151,1267,84418,1452,94064,1406,178482,California
San Joaquin,2021-03-29,4062,273123,2193,141140,1845,126808,24,5175,2026,84464,2018,96082,2064,180546,California
San Joaquin,2021-03-30,6247,279370,3185,144325,2969,129777,93,5268,3436,85235,2777,98859,3548,184094,California
San Joaquin,2021-03-31,6617,285987,4165,148490,2392,132169,60,5328,3342,85422,3238,102097,3425,187519,California
San Joaquin,2021-04-01,6447,292434,2993,151483,3364,135533,90,5418,2850,84851,3570,105667,2999,190518,California
San Joaquin,2021-04-02,6362,298796,2887,154370,2981,138514,494,5912,2517,84076,3817,109484,3042,193560,California
San Joaquin,2021-04-03,4172,302968,2357,156727,1490,140004,325,6237,2015,84278,2141,111625,2343,195903,California
San Joaquin,2021-04-04,2317,305285,1391,158118,719,140723,207,6444,1562,85305,745,112370,1772,197675,California
San Joaquin,2021-04-05,4805,310090,2844,160962,1720,142443,241,6685,2642,86058,2141,114511,2894,200569,California
San Joaquin,2021-04-06,7078,317168,4547,165509,2255,144698,276,6961,3347,85997,3700,118211,3639,204208,California
San Joaquin,2021-04-07,8351,325519,4541,170050,2224,146922,1586,8547,3503,86271,4828,123039,5102,209310,California
San Joaquin,2021-04-08,8789,334308,4709,174759,1945,148867,2135,10682,3316,86279,5443,128482,5451,214761,California
San Joaquin,2021-04-09,8901,343209,4292,179051,3042,151909,1567,12249,3222,85438,5647,134129,4806,219567,California
San Joaquin,2021-04-10,5230,348439,1634,180685,1686,153595,1910,14159,1766,85661,3451,137580,3674,223241,California
San Joaquin,2021-04-11,4089,352528,1559,182244,1364,154959,1166,15325,1772,86289,2305,139885,2933,226174,California
San Joaquin,2021-04-12,6017,358545,2394,184638,2071,157030,1552,16877,2340,86539,3647,143532,3897,230071,California
San Joaquin,2021-04-13,7489,366034,4303,188941,3177,160207,9,16886,4589,88269,2873,146405,4603,234674,California
San Joaquin,2021-04-14,7568,373602,3816,192757,3750,163957,2,16888,4549,89833,2997,149402,4561,239235,California
San Joaquin,2021-04-15,7845,381447,4632,197389,3213,167170,0,16888,4385,90803,3423,152825,4393,243628,California
San Joaquin,2021-04-16,7665,389112,4092,201481,3570,170740,3,16891,4585,92354,3047,155872,4598,248226,California
San Joaquin,2021-04-17,5176,394288,2796,204277,2378,173118,2,16893,3674,94558,1490,157362,3694,251920,California
San Joaquin,2021-04-18,2486,396774,1382,205659,1104,174222,0,16893,1320,94738,1148,158510,1328,253248,California
San Joaquin,2021-04-19,5198,401972,2809,208468,2388,176610,1,16894,2767,95115,2400,160910,2777,256025,California
San Joaquin,2021-04-20,6250,408222,3304,211772,2946,179556,0,16894,2954,94814,3266,164176,2965,258990,California
San Joaquin,2021-04-21,5664,413886,3138,214910,2526,182082,0,16894,2925,95062,2685,166861,2933,261923,California
San Joaquin,2021-04-22,5326,419212,3154,218064,2170,184252,2,16896,3082,95939,2216,169077,3093,265016,California
San Joaquin,2021-04-23,5944,425156,2842,220906,3101,187353,1,16897,3761,97546,2160,171237,3767,268783,California
San Joaquin,2021-04-24,5279,430435,3638,224544,1640,188993,1,16898,3431,99180,1804,173041,3438,272221,California
San Joaquin,2021-04-25,3100,433535,2615,227159,485,189478,0,16898,2033,100222,996,174037,2038,274259,California
San Joaquin,2021-04-26,4053,437588,2655,229814,1394,190872,4,16902,2163,100519,1877,175914,2174,276433,California
San Joaquin,2021-04-27,4628,442216,2667,232481,1899,192771,62,16964,1975,99932,2631,178545,2044,278477,California
San Joaquin,2021-04-28,5579,447795,3357,235838,2142,194913,80,17044,2766,100007,2782,181327,2857,281334,California
San Joaquin,2021-04-29,4920,452715,2880,238718,1983,196896,57,17101,2524,100230,2370,183697,2593,283927,California
San Joaquin,2021-04-30,4987,457702,2437,241155,2483,199379,67,17168,2584,100509,2383,186080,2662,286589,California
San Joaquin,2021-05-01,3355,461057,1917,243072,1379,200758,59,17227,2139,101515,1205,187285,2211,288800,California
San Joaquin,2021-05-02,2304,463361,1603,244675,645,201403,56,17283,1174,101621,1125,188410,1231,290031,California
San Joaquin,2021-05-03,3330,466691,2258,246933,999,202402,73,17356,1406,101201,1906,190316,1486,291517,California
San Joaquin,2021-05-04,4851,471542,3300,250233,1395,203797,156,17512,1786,100108,3045,193361,1952,293469,California
San Joaquin,2021-05-05,5064,476606,3502,253735,1399,205196,163,17675,2246,99738,2787,196148,2417,295886,California
San Joaquin,2021-05-06,4668,481274,3128,256863,1410,206606,130,17805,2034,99299,2614,198762,2175,298061,California
San Joaquin,2021-05-07,5122,486396,2956,259819,2013,208619,153,17958,1915,98196,3181,201943,2078,300139,California
San Joaquin,2021-05-08,3280,489676,2108,261927,1071,209690,101,18059,1214,97470,2050,203993,1324,301463,California
San Joaquin,2021-05-09,1486,491162,850,262777,566,210256,70,18129,593,97249,890,204883,669,302132,California
San Joaquin,2021-05-10,2816,493978,1479,264256,1212,211468,125,18254,931,96442,1868,206751,1061,303193,California
San Joaquin,2021-05-11,4195,498173,2211,266467,1863,213331,121,18375,1342,95102,2835,209586,1495,304688,California
San Joaquin,2021-05-12,4396,502569,2097,268564,2175,215506,124,18499,1462,93786,2917,212503,1601,306289,California
San Joaquin,2021-05-13,4715,507284,2739,271303,1887,217393,89,18588,1836,92862,2863,215366,1939,308228,California
San Joaquin,2021-05-14,5750,513034,3425,274728,2217,219610,108,18696,2426,92113,3291,218657,2542,310770,California
San Joaquin,2021-05-15,5241,518275,3113,277841,2049,221659,79,18775,1645,90278,3563,222220,1728,312498,California
San Joaquin,2021-05-16,3551,521826,2776,280617,726,222385,49,18824,1438,89672,2101,224321,1495,313993,California
San Joaquin,2021-05-17,4137,525963,2468,283085,1572,223957,97,18921,1795,89249,2325,226646,1902,315895,California
San Joaquin,2021-05-18,3940,529903,2273,285358,1548,225505,119,19040,1877,89198,2047,228693,1996,317891,California
San Joaquin,2021-05-19,4747,534650,2757,288115,1856,227361,134,19174,2098,88821,2619,231312,2242,320133,California
San Joaquin,2021-05-20,3939,538589,2360,290475,1476,228837,103,19277,1769,88549,2148,233460,1876,322009,California
San Joaquin,2021-05-21,4946,543535,2880,293355,1942,230779,124,19401,2270,88306,2646,236106,2403,324412,California
San Joaquin,2021-05-22,3984,547519,2474,295829,1416,232195,94,19495,1775,87993,2192,238298,1879,326291,California
San Joaquin,2021-05-23,2383,549902,1931,297760,409,232604,43,19538,1404,88476,969,239267,1452,327743,California
San Joaquin,2021-05-24,2945,552847,1684,299444,1169,233773,92,19630,1371,88388,1556,240823,1468,329211,California
San Joaquin,2021-05-25,3086,555933,1918,301362,1018,234791,150,19780,1464,88398,1603,242426,1613,330824,California
San Joaquin,2021-05-26,3595,559528,2112,303474,1408,236199,75,19855,1546,87987,2037,244463,1626,332450,California
San Joaquin,2021-05-27,2911,562439,1490,304964,1336,237535,85,19940,1137,87453,1759,246222,1225,333675,California
San Joaquin,2021-05-28,3046,565485,1610,306574,1347,238882,89,20029,1421,87372,1598,247820,1517,335192,California
San Joaquin,2021-05-29,2128,567613,1170,307744,922,239804,36,20065,955,87199,1168,248988,995,336187,California
San Joaquin,2021-05-30,971,568584,518,308262,427,240231,26,20091,409,87080,557,249545,438,336625,California
San Joaquin,2021-05-31,618,569202,258,308520,353,240584,7,20098,237,86947,377,249922,244,336869,California
San Joaquin,2021-06-01,2420,571622,1467,309987,859,241443,94,20192,1164,86965,1247,251169,1265,338134,California
San Joaquin,2021-06-02,2706,574328,1602,311589,1049,242492,55,20247,1147,86628,1542,252711,1205,339339,California
San Joaquin,2021-06-03,2812,577140,1739,313328,1018,243510,55,20302,1087,86067,1708,254419,1147,340486,California
San Joaquin,2021-06-04,3109,580249,1911,315239,1091,244601,107,20409,1080,85250,2003,256422,1186,341672,California
San Joaquin,2021-06-05,2321,582570,1776,317015,494,245095,51,20460,1079,85234,1151,257573,1135,342807,California
San Joaquin,2021-06-06,1066,583636,855,317870,177,245272,34,20494,433,85087,614,258187,467,343274,California
San Joaquin,2021-06-07,2795,586431,2077,319947,676,245948,42,20536,978,84307,1807,259994,1027,344301,California
San Joaquin,2021-06-08,2615,589046,1959,321906,613,246561,43,20579,843,83437,1759,261753,889,345190,California
San Joaquin,2021-06-09,2808,591854,1952,323858,815,247376,41,20620,931,82556,1858,263611,977,346167,California
San Joaquin,2021-06-10,2586,594440,1885,325743,641,248017,60,20680,975,81987,1606,265217,1037,347204,California
San Joaquin,2021-06-11,2293,596733,1472,327215,749,248766,72,20752,736,81247,1549,266766,809,348013,California
San Joaquin,2021-06-12,1775,598508,1327,328542,419,249185,29,20781,594,80705,1174,267940,632,348645,California
San Joaquin,2021-06-13,764,599272,566,329108,180,249365,18,20799,283,80530,477,268417,302,348947,California
San Joaquin,2021-06-14,910,600182,504,329612,367,249732,39,20838,395,80452,512,268929,434,349381,California
San Luis Obispo,2020-12-16,4,4,4,4,0,0,0,0,4,4,0,0,4,4,California
San Luis Obispo,2020-12-17,196,200,196,200,0,0,0,0,196,200,0,0,196,200,California
San Luis Obispo,2020-12-18,225,425,225,425,0,0,0,0,225,425,0,0,225,425,California
San Luis Obispo,2020-12-19,164,589,164,589,0,0,0,0,164,589,0,0,164,589,California
San Luis Obispo,2020-12-20,215,804,215,804,0,0,0,0,215,804,0,0,215,804,California
San Luis Obispo,2020-12-21,549,1353,548,1352,1,1,0,0,549,1353,0,0,549,1353,California
San Luis Obispo,2020-12-22,310,1663,306,1658,4,5,0,0,310,1663,0,0,310,1663,California
San Luis Obispo,2020-12-23,681,2344,367,2025,314,319,0,0,681,2344,0,0,681,2344,California
San Luis Obispo,2020-12-24,194,2538,19,2044,175,494,0,0,194,2538,0,0,194,2538,California
San Luis Obispo,2020-12-25,2,2540,1,2045,1,495,0,0,2,2540,0,0,2,2540,California
San Luis Obispo,2020-12-26,90,2630,13,2058,77,572,0,0,90,2630,0,0,90,2630,California
San Luis Obispo,2020-12-27,76,2706,0,2058,76,648,0,0,76,2706,0,0,76,2706,California
San Luis Obispo,2020-12-28,881,3587,432,2490,449,1097,0,0,881,3587,0,0,881,3587,California
San Luis Obispo,2020-12-29,903,4490,503,2993,400,1497,0,0,903,4490,0,0,903,4490,California
San Luis Obispo,2020-12-30,1173,5663,680,3673,493,1990,0,0,1173,5663,0,0,1173,5663,California
San Luis Obispo,2020-12-31,108,5771,4,3677,104,2094,0,0,108,5771,0,0,108,5771,California
San Luis Obispo,2021-01-01,16,5787,9,3686,7,2101,0,0,16,5787,0,0,16,5787,California
San Luis Obispo,2021-01-02,34,5821,8,3694,26,2127,0,0,34,5821,0,0,34,5821,California
San Luis Obispo,2021-01-03,17,5838,6,3700,11,2138,0,0,17,5838,0,0,17,5838,California
San Luis Obispo,2021-01-04,682,6520,524,4224,158,2296,0,0,682,6520,0,0,682,6520,California
San Luis Obispo,2021-01-05,973,7493,752,4976,221,2517,0,0,971,7489,2,2,971,7491,California
San Luis Obispo,2021-01-06,726,8219,479,5455,247,2764,0,0,718,8200,7,9,718,8209,California
San Luis Obispo,2021-01-07,1128,9347,950,6405,178,2942,0,0,684,8440,444,453,684,8893,California
San Luis Obispo,2021-01-08,879,10226,801,7206,78,3020,0,0,511,8584,367,820,511,9404,California
San Luis Obispo,2021-01-09,206,10432,196,7402,10,3030,0,0,28,8434,178,998,28,9432,California
San Luis Obispo,2021-01-10,12,10444,8,7410,4,3034,0,0,8,8438,4,1002,8,9440,California
San Luis Obispo,2021-01-11,561,11005,510,7920,51,3085,0,0,299,8476,261,1263,299,9739,California
San Luis Obispo,2021-01-12,598,11603,382,8302,216,3301,0,0,318,8514,280,1543,318,10057,California
San Luis Obispo,2021-01-13,886,12489,258,8560,628,3929,0,0,649,8928,235,1778,649,10706,California
San Luis Obispo,2021-01-14,729,13218,239,8799,490,4419,0,0,607,9422,113,1891,607,11313,California
San Luis Obispo,2021-01-15,735,13953,293,9092,442,4861,0,0,556,9804,174,2065,556,11869,California
San Luis Obispo,2021-01-16,100,14053,81,9173,19,4880,0,0,94,9892,6,2071,94,11963,California
San Luis Obispo,2021-01-17,64,14117,57,9230,7,4887,0,0,64,9956,0,2071,64,12027,California
San Luis Obispo,2021-01-18,1374,15491,390,9620,984,5871,0,0,1109,10800,265,2336,1109,13136,California
San Luis Obispo,2021-01-19,1578,17069,415,10035,1163,7034,0,0,1171,11565,407,2743,1172,14308,California
San Luis Obispo,2021-01-20,1892,18961,601,10636,1291,8325,0,0,1300,12276,590,3333,1301,15609,California
San Luis Obispo,2021-01-21,1576,20537,470,11106,1106,9431,0,0,1204,13113,368,3701,1205,16814,California
San Luis Obispo,2021-01-22,1521,22058,506,11612,1015,10446,0,0,1206,14006,313,4014,1206,18020,California
San Luis Obispo,2021-01-23,315,22373,296,11908,19,10465,0,0,299,14289,16,4030,299,18319,California
San Luis Obispo,2021-01-24,249,22622,241,12149,8,10473,0,0,243,14526,6,4036,243,18562,California
San Luis Obispo,2021-01-25,2077,24699,601,12750,1476,11949,0,0,1247,14943,830,4866,1247,19809,California
San Luis Obispo,2021-01-26,2004,26703,701,13451,1303,13252,0,0,1141,15222,863,5729,1142,20951,California
San Luis Obispo,2021-01-27,1618,28321,290,13741,1328,14580,0,0,1161,15926,457,6186,1161,22112,California
San Luis Obispo,2021-01-28,1501,29822,344,14085,1157,15737,0,0,1236,16899,263,6449,1236,23348,California
San Luis Obispo,2021-01-29,1744,31566,682,14767,1062,16799,0,0,1457,18069,287,6736,1457,24805,California
San Luis Obispo,2021-01-30,36,31602,18,14785,18,16817,0,0,25,18084,10,6746,25,24830,California
San Luis Obispo,2021-01-31,27,31629,19,14804,8,16825,0,0,25,18107,2,6748,25,24855,California
San Luis Obispo,2021-02-01,1710,33339,743,15547,967,17792,0,0,1404,19206,305,7053,1404,26259,California
San Luis Obispo,2021-02-02,1900,35239,679,16226,1221,19013,0,0,1524,20355,376,7429,1525,27784,California
San Luis Obispo,2021-02-03,1714,36953,731,16957,983,19996,0,0,1298,21237,416,7845,1298,29082,California
San Luis Obispo,2021-02-04,1663,38616,802,17759,861,20857,0,0,1095,21764,568,8413,1095,30177,California
San Luis Obispo,2021-02-05,1607,40223,715,18474,892,21749,0,0,1061,22279,547,8960,1062,31239,California
San Luis Obispo,2021-02-06,174,40397,107,18581,67,21816,0,0,94,22293,80,9040,94,31333,California
San Luis Obispo,2021-02-07,124,40521,79,18660,45,21861,0,0,72,22314,52,9092,73,31406,California
San Luis Obispo,2021-02-08,863,41384,473,19133,390,22251,0,0,503,22458,359,9451,503,31909,California
San Luis Obispo,2021-02-09,1127,42511,449,19582,678,22929,0,0,544,22432,577,10028,551,32460,California
San Luis Obispo,2021-02-10,1444,43955,492,20074,952,23881,0,0,529,22051,913,10941,532,32992,California
San Luis Obispo,2021-02-11,1333,45288,846,20920,487,24368,0,0,656,22032,675,11616,656,33648,California
San Luis Obispo,2021-02-12,784,46072,364,21284,420,24788,0,0,415,22078,369,11985,415,34063,California
San Luis Obispo,2021-02-13,388,46460,127,21411,261,25049,0,0,280,22251,107,12092,280,34343,California
San Luis Obispo,2021-02-14,318,46778,41,21452,277,25326,0,0,282,22498,36,12128,283,34626,California
San Luis Obispo,2021-02-15,730,47508,140,21592,590,25916,0,0,474,22717,255,12383,474,35100,California
San Luis Obispo,2021-02-16,2967,50475,1197,22789,1770,27686,0,0,1360,22470,1607,13990,1360,36460,California
San Luis Obispo,2021-02-17,2788,53263,1251,24040,1537,29223,0,0,1030,21749,1751,15741,1030,37490,California
San Luis Obispo,2021-02-18,2826,56089,1459,25499,1367,30590,0,0,1133,21199,1684,17425,1134,38624,California
San Luis Obispo,2021-02-19,1466,57555,1345,26844,121,30711,0,0,1139,22013,325,17750,1139,39763,California
San Luis Obispo,2021-02-20,253,57808,79,26923,174,30885,0,0,215,22190,38,17788,215,39978,California
San Luis Obispo,2021-02-21,57,57865,53,26976,4,30889,0,0,32,22197,25,17813,32,40010,California
San Luis Obispo,2021-02-22,2418,60283,1869,28845,549,31438,0,0,1468,22717,949,18762,1469,41479,California
San Luis Obispo,2021-02-23,1860,62143,1745,30590,115,31553,0,0,1365,23589,494,19256,1366,42845,California
San Luis Obispo,2021-02-24,2642,64785,1299,31889,1343,32896,0,0,836,22622,1803,21059,836,43681,California
San Luis Obispo,2021-02-25,2134,66919,1242,33131,892,33788,0,0,1206,22906,923,21982,1207,44888,California
San Luis Obispo,2021-02-26,2653,69572,1152,34283,1501,35289,0,0,1329,22921,1314,23296,1329,46217,California
San Luis Obispo,2021-02-27,579,70151,353,34636,226,35515,0,0,530,23402,49,23345,530,46747,California
San Luis Obispo,2021-02-28,194,70345,67,34703,127,35642,0,0,160,23529,33,23378,160,46907,California
San Luis Obispo,2021-03-01,3012,73357,1883,36586,1127,36769,2,2,2081,24681,932,24310,2084,48991,California
San Luis Obispo,2021-03-02,3039,76396,1911,38497,1128,37897,0,2,1885,25418,1149,25459,1886,50877,California
San Luis Obispo,2021-03-03,2348,78744,341,38838,2007,39904,0,2,850,24777,1492,26951,851,51728,California
San Luis Obispo,2021-03-04,2202,80946,1164,40002,1038,40942,0,2,1187,24954,1012,27963,1189,52917,California
San Luis Obispo,2021-03-05,2304,83250,1022,41024,1212,42154,70,72,1299,25332,991,28954,1369,54286,California
San Luis Obispo,2021-03-06,841,84091,310,41334,423,42577,108,180,620,25833,221,29175,722,55008,California
San Luis Obispo,2021-03-07,201,84292,31,41365,85,42662,85,265,72,25862,128,29303,157,55165,California
San Luis Obispo,2021-03-08,2743,87035,760,42125,1667,44329,316,581,1546,26532,1192,30495,1862,57027,California
San Luis Obispo,2021-03-09,2952,89987,969,43094,1735,46064,248,829,1525,26882,1423,31918,1773,58800,California
San Luis Obispo,2021-03-10,3201,93188,1240,44334,1678,47742,283,1112,1815,27599,1381,33299,2098,60898,California
San Luis Obispo,2021-03-11,3298,96486,1272,45606,1704,49446,322,1434,1806,28244,1482,34781,2127,63025,California
San Luis Obispo,2021-03-12,3256,99742,1284,46890,1632,51078,340,1774,1619,28575,1631,36412,1962,64987,California
San Luis Obispo,2021-03-13,799,100541,262,47152,429,51507,108,1882,432,28748,366,36778,539,65526,California
San Luis Obispo,2021-03-14,513,101054,53,47205,350,51857,110,1992,134,28614,378,37156,244,65770,California
San Luis Obispo,2021-03-15,3059,104113,1099,48304,1863,53720,97,2089,1532,28720,1524,38680,1630,67400,California
San Luis Obispo,2021-03-16,2852,106965,1511,49815,1231,54951,110,2199,1435,28854,1410,40090,1544,68944,California
San Luis Obispo,2021-03-17,3441,110406,1447,51262,1732,56683,262,2461,1995,29675,1435,41525,2256,71200,California
San Luis Obispo,2021-03-18,2819,113225,1449,52711,1156,57839,214,2675,1346,29766,1468,42993,1559,72759,California
San Luis Obispo,2021-03-19,2602,115827,1572,54283,707,58546,323,2998,963,29423,1631,44624,1288,74047,California
San Luis Obispo,2021-03-20,840,116667,502,54785,301,58847,37,3035,386,29393,453,45077,423,74470,California
San Luis Obispo,2021-03-21,188,116855,45,54830,140,58987,3,3038,158,29525,29,45106,161,74631,California
San Luis Obispo,2021-03-22,2707,119562,1173,56003,1486,60473,48,3086,1873,30616,830,45936,1921,76552,California
San Luis Obispo,2021-03-23,3388,122950,2212,58215,1146,61619,30,3116,2270,31803,1113,47049,2300,78852,California
San Luis Obispo,2021-03-24,3535,126485,2150,60365,1299,62918,86,3202,2628,33616,900,47949,2713,81565,California
San Luis Obispo,2021-03-25,3689,130174,2306,62671,1371,64289,12,3214,2637,35216,1048,48997,2648,84213,California
San Luis Obispo,2021-03-26,3261,133435,1805,64476,1023,65312,433,3647,1827,36047,1429,50426,2260,86473,California
San Luis Obispo,2021-03-27,993,134428,507,64983,395,65707,91,3738,452,36051,539,50965,543,87016,California
San Luis Obispo,2021-03-28,445,134873,151,65134,238,65945,56,3794,245,36153,199,51164,301,87317,California
San Luis Obispo,2021-03-29,2625,137498,1321,66455,1170,67115,134,3928,1678,37033,933,52097,1813,89130,California
San Luis Obispo,2021-03-30,3529,141027,1936,68391,1451,68566,142,4070,2343,38337,1179,53276,2483,91613,California
San Luis Obispo,2021-03-31,3890,144917,2476,70867,1268,69834,146,4216,2508,39619,1371,54647,2653,94266,California
San Luis Obispo,2021-04-01,3893,148810,2464,73331,1311,71145,118,4334,2719,41294,1160,55807,2835,97101,California
San Luis Obispo,2021-04-02,1752,150562,687,74018,750,71895,315,4649,948,41752,802,56609,1260,98361,California
San Luis Obispo,2021-04-03,1111,151673,556,74574,428,72323,127,4776,492,41756,615,57224,619,98980,California
San Luis Obispo,2021-04-04,390,152063,135,74709,215,72538,40,4816,241,41888,149,57373,281,99261,California
San Luis Obispo,2021-04-05,3613,155676,1938,76647,1564,74102,111,4927,2015,42418,1594,58967,2124,101385,California
San Luis Obispo,2021-04-06,4057,159733,2160,78807,1572,75674,325,5252,1937,42567,2112,61079,2261,103646,California
San Luis Obispo,2021-04-07,4309,164042,2347,81154,1596,77270,366,5618,2460,43556,1834,62913,2823,106469,California
San Luis Obispo,2021-04-08,4066,168108,2216,83370,1444,78714,406,6024,2163,44231,1894,64807,2569,109038,California
San Luis Obispo,2021-04-09,3690,171798,1758,85128,1172,79886,760,6784,1512,44330,2167,66974,2266,111304,California
San Luis Obispo,2021-04-10,1595,173393,567,85695,357,80243,671,7455,496,44396,1099,68073,1165,112469,California
San Luis Obispo,2021-04-11,313,173706,61,85756,186,80429,66,7521,123,44397,188,68261,189,112658,California
San Luis Obispo,2021-04-12,3414,177120,1715,87471,1537,81966,162,7683,1423,43990,1991,70252,1584,114242,California
San Luis Obispo,2021-04-13,3680,180800,2128,89599,1551,83517,1,7684,1982,44285,1695,71947,1990,116232,California
San Luis Obispo,2021-04-14,3575,184375,2032,91631,1538,85055,5,7689,1792,44311,1768,73715,1794,118026,California
San Luis Obispo,2021-04-15,3708,188083,2412,94043,1295,86350,1,7690,1995,44616,1694,75409,1999,120025,California
San Luis Obispo,2021-04-16,3660,191743,2235,96278,1421,87771,4,7694,1783,44532,1869,77278,1785,121810,California
San Luis Obispo,2021-04-17,1095,192838,433,96711,660,88431,2,7696,710,44860,384,77662,712,122522,California
San Luis Obispo,2021-04-18,319,193157,97,96808,221,88652,1,7697,109,44762,207,77869,109,122631,California
San Luis Obispo,2021-04-19,3191,196348,1348,98156,1805,90457,38,7735,1098,43810,2089,79958,1137,123768,California
San Luis Obispo,2021-04-20,3620,199968,2010,100166,1610,92067,0,7735,1329,42858,2281,82239,1329,125097,California
San Luis Obispo,2021-04-21,3939,203907,1815,101981,2124,94191,0,7735,1581,42104,2338,84577,1584,126681,California
San Luis Obispo,2021-04-22,4590,208497,2067,104048,2523,96714,0,7735,1412,40357,3161,87738,1414,128095,California
San Luis Obispo,2021-04-23,1461,209958,844,104892,613,97327,4,7739,705,40322,751,88489,716,128811,California
San Luis Obispo,2021-04-24,1083,211041,440,105332,624,97951,19,7758,508,40267,582,89071,527,129338,California
San Luis Obispo,2021-04-25,346,211387,161,105493,185,98136,0,7758,112,40147,232,89303,112,129450,California
San Luis Obispo,2021-04-26,1080,212467,397,105890,666,98802,17,7775,395,39885,673,89976,411,129861,California
San Luis Obispo,2021-04-27,3921,216388,1987,107877,1854,100656,80,7855,1542,39135,2371,92347,1621,131482,California
San Luis Obispo,2021-04-28,3807,220195,2100,109977,1636,102292,71,7926,1355,38121,2440,94787,1426,132908,California
San Luis Obispo,2021-04-29,3715,223910,2121,112098,1527,103819,67,7993,1250,36990,2449,97236,1318,134226,California
San Luis Obispo,2021-04-30,2982,226892,1669,113767,1239,105058,74,8067,927,35952,2037,99273,999,135225,California
San Luis Obispo,2021-05-01,470,227362,160,113927,274,105332,36,8103,98,35717,368,99641,133,135358,California
San Luis Obispo,2021-05-02,171,227533,52,113979,99,105431,20,8123,42,35650,129,99770,62,135420,California
San Luis Obispo,2021-05-03,895,228428,288,114267,497,105928,110,8233,224,35313,669,100439,332,135752,California
San Luis Obispo,2021-05-04,2946,231374,1902,116169,973,106901,71,8304,871,34185,2068,102507,940,136692,California
San Luis Obispo,2021-05-05,2813,234187,1857,118026,890,107791,66,8370,685,32822,2116,104623,753,137445,California
San Luis Obispo,2021-05-06,2828,237015,1905,119931,860,108651,63,8433,729,31533,2081,106704,792,138237,California
San Luis Obispo,2021-05-07,2338,239353,1764,121695,507,109158,67,8500,610,30504,1707,108411,678,138915,California
San Luis Obispo,2021-05-08,568,239921,333,122028,211,109369,24,8524,192,30362,358,108769,216,139131,California
San Luis Obispo,2021-05-09,162,240083,39,122067,104,109473,19,8543,46,30312,115,108884,65,139196,California
San Luis Obispo,2021-05-10,725,240808,155,122222,520,109993,50,8593,154,29948,566,109450,202,139398,California
San Luis Obispo,2021-05-11,1188,241996,595,122817,518,110511,75,8668,361,29563,821,110271,436,139834,California
San Luis Obispo,2021-05-12,2426,244422,1600,124417,743,111254,83,8751,672,28582,1736,112007,755,140589,California
San Luis Obispo,2021-05-13,1141,245563,712,125129,367,111621,62,8813,474,28454,663,112670,535,141124,California
San Luis Obispo,2021-05-14,2232,247795,1636,126765,545,112166,51,8864,921,28133,1292,113962,971,142095,California
San Luis Obispo,2021-05-15,989,248784,456,127221,499,112665,34,8898,465,28112,521,114483,500,142595,California
San Luis Obispo,2021-05-16,304,249088,164,127385,134,112799,6,8904,173,28161,130,114613,179,142774,California
San Luis Obispo,2021-05-17,1670,250758,973,128358,645,113444,52,8956,663,27878,998,115611,715,143489,California
San Luis Obispo,2021-05-18,1894,252652,1156,129514,707,114151,31,8987,723,27468,1165,116776,755,144244,California
San Luis Obispo,2021-05-19,1449,254101,624,130138,763,114914,62,9049,409,26904,1034,117810,470,144714,California
San Luis Obispo,2021-05-20,1133,255234,502,130640,599,115513,32,9081,340,26494,782,118592,372,145086,California
San Luis Obispo,2021-05-21,1079,256313,575,131215,463,115976,41,9122,512,26489,558,119150,553,145639,California
San Luis Obispo,2021-05-22,669,256982,324,131539,322,116298,23,9145,331,26512,331,119481,354,145993,California
San Luis Obispo,2021-05-23,143,257125,65,131604,72,116370,6,9151,49,26474,93,119574,55,146048,California
San Luis Obispo,2021-05-24,566,257691,266,131870,266,116636,34,9185,205,26354,359,119933,239,146287,California
San Luis Obispo,2021-05-25,874,258565,432,132302,415,117051,27,9212,349,26213,517,120450,376,146663,California
San Luis Obispo,2021-05-26,2141,260706,989,133291,1097,118148,55,9267,671,25474,1464,121914,725,147388,California
San Luis Obispo,2021-05-27,1873,262579,661,133952,1179,119327,33,9300,481,24600,1387,123301,513,147901,California
San Luis Obispo,2021-05-28,881,263460,451,134403,409,119736,21,9321,464,24669,416,123717,485,148386,California
San Luis Obispo,2021-05-29,374,263834,150,134553,213,119949,11,9332,211,24730,162,123879,223,148609,California
San Luis Obispo,2021-05-30,89,263923,36,134589,45,119994,8,9340,34,24717,54,123933,41,148650,California
San Luis Obispo,2021-05-31,43,263966,5,134594,24,120018,14,9354,16,24721,25,123958,29,148679,California
San Luis Obispo,2021-06-01,750,264716,326,134920,393,120411,31,9385,271,24548,475,124433,302,148981,California
San Luis Obispo,2021-06-02,628,265344,286,135206,303,120714,39,9424,186,24337,436,124869,225,149206,California
San Luis Obispo,2021-06-03,901,266245,443,135649,427,121141,31,9455,244,23958,654,125523,275,149481,California
San Luis Obispo,2021-06-04,2468,268713,1519,137168,909,122050,40,9495,700,22940,1756,127279,738,150219,California
San Luis Obispo,2021-06-05,659,269372,287,137455,351,122401,21,9516,321,22944,338,127617,342,150561,California
San Luis Obispo,2021-06-06,185,269557,132,137587,44,122445,9,9525,46,22860,139,127756,55,150616,California
San Luis Obispo,2021-06-07,549,270106,358,137945,150,122595,41,9566,156,22666,391,128147,197,150813,California
San Luis Obispo,2021-06-08,783,270889,525,138470,217,122812,41,9607,245,22418,534,128681,286,151099,California
San Luis Obispo,2021-06-09,599,271488,344,138814,228,123040,27,9634,173,22195,423,129104,200,151299,California
San Luis Obispo,2021-06-10,747,272235,361,139175,349,123389,37,9671,232,21950,514,129618,269,151568,California
San Luis Obispo,2021-06-11,841,273076,482,139657,331,123720,28,9699,293,21728,544,130162,322,151890,California
San Luis Obispo,2021-06-12,389,273465,267,139924,117,123837,5,9704,164,21673,224,130386,169,152059,California
San Luis Obispo,2021-06-13,158,273623,89,140013,65,123902,4,9708,42,21603,116,130502,46,152105,California
San Luis Obispo,2021-06-14,187,273810,137,140150,43,123945,7,9715,59,21542,127,130629,66,152171,California
San Mateo,2020-12-15,27,27,27,27,0,0,0,0,27,27,0,0,27,27,California
San Mateo,2020-12-16,111,138,111,138,0,0,0,0,111,138,0,0,111,138,California
San Mateo,2020-12-17,173,311,173,311,0,0,0,0,173,311,0,0,173,311,California
San Mateo,2020-12-18,774,1085,772,1083,2,2,0,0,774,1085,0,0,774,1085,California
San Mateo,2020-12-19,505,1590,505,1588,0,2,0,0,505,1590,0,0,505,1590,California
San Mateo,2020-12-20,502,2092,501,2089,1,3,0,0,502,2092,0,0,502,2092,California
San Mateo,2020-12-21,1138,3230,1137,3226,1,4,0,0,1138,3230,0,0,1138,3230,California
San Mateo,2020-12-22,1513,4743,1505,4731,8,12,0,0,1512,4742,0,0,1512,4742,California
San Mateo,2020-12-23,1555,6298,1368,6099,187,199,0,0,1555,6297,0,0,1555,6297,California
San Mateo,2020-12-24,861,7159,607,6706,254,453,0,0,861,7158,0,0,861,7158,California
San Mateo,2020-12-25,115,7274,112,6818,3,456,0,0,115,7273,0,0,115,7273,California
San Mateo,2020-12-26,556,7830,413,7231,143,599,0,0,556,7829,0,0,556,7829,California
San Mateo,2020-12-27,306,8136,176,7407,130,729,0,0,306,8135,0,0,306,8135,California
San Mateo,2020-12-28,1053,9189,710,8117,343,1072,0,0,1053,9188,0,0,1053,9188,California
San Mateo,2020-12-29,1127,10316,708,8825,419,1491,0,0,1127,10315,0,0,1127,10315,California
San Mateo,2020-12-30,1256,11572,758,9583,498,1989,0,0,1256,11571,0,0,1256,11571,California
San Mateo,2020-12-31,708,12280,231,9814,477,2466,0,0,707,12277,1,1,707,12278,California
San Mateo,2021-01-01,112,12392,76,9890,36,2502,0,0,112,12389,0,1,112,12390,California
San Mateo,2021-01-02,395,12787,268,10158,127,2629,0,0,395,12784,0,1,395,12785,California
San Mateo,2021-01-03,285,13072,209,10367,76,2705,0,0,282,13063,3,4,282,13067,California
San Mateo,2021-01-04,1048,14120,674,11041,374,3079,0,0,1048,14111,0,4,1048,14115,California
San Mateo,2021-01-05,1215,15335,715,11756,500,3579,0,0,1183,15263,32,36,1184,15299,California
San Mateo,2021-01-06,1458,16793,960,12716,498,4077,0,0,1265,16339,190,226,1266,16565,California
San Mateo,2021-01-07,1457,18250,817,13533,640,4717,0,0,1147,17184,303,529,1148,17713,California
San Mateo,2021-01-08,1849,20099,1201,14734,648,5365,0,0,1139,17619,704,1233,1139,18852,California
San Mateo,2021-01-09,1170,21269,773,15507,397,5762,0,0,712,17874,457,1690,712,19564,California
San Mateo,2021-01-10,703,21972,577,16084,126,5888,0,0,263,17697,440,2130,263,19827,California
San Mateo,2021-01-11,2598,24570,1494,17578,1104,6992,0,0,1530,18160,1068,3198,1531,21358,California
San Mateo,2021-01-12,3438,28008,1926,19504,1512,8504,0,0,2220,19184,1208,4406,2232,23590,California
San Mateo,2021-01-13,3413,31421,1672,21176,1741,10245,0,0,2364,20515,1049,5455,2380,25970,California
San Mateo,2021-01-14,3810,35231,1618,22794,2192,12437,0,0,3107,22944,703,6158,3132,29102,California
San Mateo,2021-01-15,4327,39558,1718,24512,2609,15046,0,0,3793,26216,532,6690,3804,32906,California
San Mateo,2021-01-16,3086,42644,769,25281,2317,17363,0,0,2756,28647,329,7019,2760,35666,California
San Mateo,2021-01-17,1308,43952,306,25587,1002,18365,0,0,1101,29541,207,7226,1101,36767,California
San Mateo,2021-01-18,1360,45312,536,26123,824,19189,0,0,982,30148,375,7601,982,37749,California
San Mateo,2021-01-19,2799,48111,1795,27918,1004,20193,0,0,1995,31342,801,8402,1995,39744,California
San Mateo,2021-01-20,2796,50907,1543,29461,1253,21446,0,0,1952,32454,841,9243,1953,41697,California
San Mateo,2021-01-21,2865,53772,1299,30760,1566,23012,0,0,2279,34153,584,9827,2283,43980,California
San Mateo,2021-01-22,2809,56581,1143,31903,1666,24678,0,0,2515,36377,292,10119,2516,46496,California
San Mateo,2021-01-23,2872,59453,1675,33578,1197,25875,0,0,2512,38530,360,10479,2513,49009,California
San Mateo,2021-01-24,1509,60962,376,33954,1133,27008,0,0,1200,39422,308,10787,1200,50209,California
San Mateo,2021-01-25,4403,65365,3138,37092,1265,28273,0,0,3505,42036,895,11682,3509,53718,California
San Mateo,2021-01-26,4315,69680,3003,40095,1312,29585,0,0,3385,44495,928,12610,3387,57105,California
San Mateo,2021-01-27,2814,72494,1482,41577,1332,30917,0,0,1805,45300,1003,13613,1808,58913,California
San Mateo,2021-01-28,2804,75298,1359,42936,1445,32362,0,0,1948,46407,841,14454,1948,60861,California
San Mateo,2021-01-29,3005,78303,1359,44295,1646,34008,0,0,2160,47727,842,15296,2162,63023,California
San Mateo,2021-01-30,3471,81774,1488,45783,1983,35991,0,0,3014,50286,456,15752,3015,66038,California
San Mateo,2021-01-31,1683,83457,898,46681,785,36776,0,0,1521,51646,161,15913,1521,67559,California
San Mateo,2021-02-01,2934,86391,1356,48037,1578,38354,0,0,2210,53137,720,16633,2211,69770,California
San Mateo,2021-02-02,3211,89602,1732,49769,1479,39833,0,0,2180,54290,1027,17660,2180,71950,California
San Mateo,2021-02-03,4997,94599,2059,51828,2938,42771,0,0,3851,56999,1143,18803,3852,75802,California
San Mateo,2021-02-04,6188,100787,2505,54333,3683,46454,0,0,4904,60628,1279,20082,4908,80710,California
San Mateo,2021-02-05,6780,107567,2548,56881,4232,50686,0,0,4960,63786,1802,21884,4960,85670,California
San Mateo,2021-02-06,3268,110835,1910,58791,1358,52044,0,0,2614,65750,652,22536,2616,88286,California
San Mateo,2021-02-07,1888,112723,1346,60137,542,52586,0,0,1700,67262,188,22724,1700,89986,California
San Mateo,2021-02-08,5291,118014,2267,62404,3024,55610,0,0,3115,68266,2111,24835,3115,93101,California
San Mateo,2021-02-09,6161,124175,3214,65618,2947,58557,0,0,3323,68757,2832,27667,3323,96424,California
San Mateo,2021-02-10,6522,130697,3283,68901,3239,61796,0,0,3430,69106,3081,30748,3430,99854,California
San Mateo,2021-02-11,7040,137737,3580,72481,3460,65256,0,0,3790,69657,3241,33989,3792,103646,California
San Mateo,2021-02-12,6634,144371,2986,75467,3648,68904,0,0,4699,72428,1930,35919,4701,108347,California
San Mateo,2021-02-13,6120,150491,4033,79500,2087,70991,0,0,2647,71607,3468,39387,2647,110994,California
San Mateo,2021-02-14,4632,155123,3028,82528,1604,72595,0,0,1975,70933,2650,42037,1976,112970,California
San Mateo,2021-02-15,3137,158260,1443,83971,1694,74289,0,0,1771,71345,1360,43397,1772,114742,California
San Mateo,2021-02-16,7137,165397,1885,85856,5252,79541,0,0,5268,74748,1867,45264,5270,120012,California
San Mateo,2021-02-17,7070,172467,1950,87806,5120,84661,0,0,5038,77763,2025,47289,5040,125052,California
San Mateo,2021-02-18,6653,179120,4593,92399,2060,86721,0,0,4419,79955,2230,49519,4422,129474,California
San Mateo,2021-02-19,7798,186918,5597,97996,2201,88922,0,0,5776,83716,2015,51534,5776,135250,California
San Mateo,2021-02-20,3781,190699,2431,100427,1350,90272,0,0,2341,84624,1433,52967,2341,137591,California
San Mateo,2021-02-21,2630,193329,1789,102216,841,91113,0,0,1573,85148,1049,54016,1573,139164,California
San Mateo,2021-02-22,4452,197781,3239,105455,1213,92326,0,0,2817,86337,1629,55645,2818,141982,California
San Mateo,2021-02-23,4356,202137,3131,108586,1225,93551,0,0,2546,87082,1801,57446,2546,144528,California
San Mateo,2021-02-24,7356,209493,3309,111895,4047,97598,0,0,4887,89510,2460,59906,4888,149416,California
San Mateo,2021-02-25,9289,218782,4137,116032,5152,102750,0,0,6129,92498,3142,63048,6130,155546,California
San Mateo,2021-02-26,10022,228804,3866,119898,6156,108906,0,0,6947,96389,3060,66108,6951,162497,California
San Mateo,2021-02-27,6954,235758,3572,123470,3382,112288,0,0,3734,96916,3213,69321,3740,166237,California
San Mateo,2021-02-28,4441,240199,2745,126215,1696,113984,0,0,2667,97818,1766,71087,2668,168905,California
San Mateo,2021-03-01,6006,246205,3791,130006,2212,116196,3,3,2972,97774,3019,74106,2975,171880,California
San Mateo,2021-03-02,6232,252437,4427,134433,1804,118000,1,4,3580,98712,2644,76750,3582,175462,California
San Mateo,2021-03-03,8476,260913,3995,138428,4479,122479,2,6,3658,97566,4806,81556,3660,179122,California
San Mateo,2021-03-04,8506,269419,3999,142427,4504,126983,3,9,3831,96748,4654,86210,3836,182958,California
San Mateo,2021-03-05,9340,278759,6232,148659,3104,130087,4,13,6538,100512,2781,88991,6545,189503,California
San Mateo,2021-03-06,7969,286728,5564,154223,2230,132317,175,188,5842,104412,2116,91107,6016,195519,California
San Mateo,2021-03-07,3580,290308,2439,156662,1070,133387,71,259,2105,105117,1471,92578,2176,197695,California
San Mateo,2021-03-08,4509,294817,2559,159221,1733,135120,217,476,3296,107422,1206,93784,3511,201206,California
San Mateo,2021-03-09,5379,300196,2856,162077,2248,137368,275,751,3783,109894,1584,95368,4056,205262,California
San Mateo,2021-03-10,7184,307380,2892,164969,4008,141376,284,1035,4805,112617,2364,97732,5087,210349,California
San Mateo,2021-03-11,9097,316477,5730,170699,2976,144352,391,1426,3696,111331,5369,103101,4083,214432,California
San Mateo,2021-03-12,10584,327061,6688,177387,3513,147865,383,1809,3580,108310,6984,110085,3963,218395,California
San Mateo,2021-03-13,8226,335287,3497,180884,3098,150963,1631,3440,3986,109694,4226,114311,5610,224005,California
San Mateo,2021-03-14,4992,340279,3376,184260,1510,152473,106,3546,2645,110105,2339,116650,2750,226755,California
San Mateo,2021-03-15,7169,347448,4633,188893,2361,154834,175,3721,3751,110620,3412,120062,3927,230682,California
San Mateo,2021-03-16,11947,359395,4389,193282,7436,162270,122,3843,4792,108400,7136,127198,4916,235598,California
San Mateo,2021-03-17,10837,370232,4413,197695,6298,168568,126,3969,4861,107443,5946,133144,4989,240587,California
San Mateo,2021-03-18,7271,377503,4088,201783,2997,171565,186,4155,4295,108955,2968,136112,4480,245067,California
San Mateo,2021-03-19,7458,384961,4836,206619,1948,173513,674,4829,3556,109294,3891,140003,4230,249297,California
San Mateo,2021-03-20,8469,393430,6553,213172,1577,175090,339,5168,5405,111989,3048,143051,5743,255040,California
San Mateo,2021-03-21,4244,397674,3224,216396,791,175881,229,5397,2276,112534,1957,145008,2502,257542,California
San Mateo,2021-03-22,5262,402936,3589,219985,1251,177132,422,5819,2752,113213,2494,147502,3173,260715,California
San Mateo,2021-03-23,9802,412738,4484,224469,5123,182255,195,6014,4376,112390,5394,152896,4571,265286,California
San Mateo,2021-03-24,9501,422239,5479,229948,3878,186133,144,6158,4044,111189,5386,158282,4185,269471,California
San Mateo,2021-03-25,10139,432378,4953,234901,4885,191018,301,6459,4395,110249,5639,163921,4699,274170,California
San Mateo,2021-03-26,11267,443645,7763,242664,3335,194353,169,6628,4291,107775,6934,170855,4460,278630,California
San Mateo,2021-03-27,10596,454241,8136,250800,2358,196711,102,6730,4696,106691,5881,176736,4797,283427,California
San Mateo,2021-03-28,4277,458518,2781,253581,1386,198097,110,6840,2002,106542,2265,179001,2116,285543,California
San Mateo,2021-03-29,6041,464559,3762,257343,2026,200123,253,7093,2687,106148,3334,182335,2940,288483,California
San Mateo,2021-03-30,7152,471711,4078,261421,2921,203044,153,7246,3834,106834,3301,185636,3987,292470,California
San Mateo,2021-03-31,7275,478986,4598,266019,2536,205580,141,7387,3820,107359,3436,189072,3961,296431,California
San Mateo,2021-04-01,10617,489603,5251,271270,4154,209734,1212,8599,5704,109407,4865,193937,6913,303344,California
San Mateo,2021-04-02,10876,500479,5187,276457,4041,213775,1648,10247,5668,111531,5186,199123,7310,310654,California
San Mateo,2021-04-03,10012,510491,5732,282189,2465,216240,1815,12062,5081,113505,4922,204045,6896,317550,California
San Mateo,2021-04-04,5433,515924,2613,284802,1565,217805,1255,13317,1697,112733,3721,207766,2949,320499,California
San Mateo,2021-04-05,8941,524865,4764,289566,2447,220252,1730,15047,3815,113165,5109,212875,5541,326040,California
San Mateo,2021-04-06,13265,538130,8249,297815,3160,223412,1856,16903,7514,116804,5735,218610,9374,335414,California
San Mateo,2021-04-07,11387,549517,5243,303058,4457,227869,1687,18590,4818,116753,6548,225158,6497,341911,California
San Mateo,2021-04-08,10146,559663,5033,308091,2510,230379,2603,21193,4487,118188,5641,230799,7076,348987,California
San Mateo,2021-04-09,11370,571033,5541,313632,3350,233729,2479,23672,5106,119504,6261,237060,7577,356564,California
San Mateo,2021-04-10,11333,582366,5734,319366,4147,237876,1452,25124,4676,119002,6626,243686,6124,362688,California
San Mateo,2021-04-11,6675,589041,3296,322662,873,238749,2506,27630,2307,119449,4361,248047,4808,367496,California
San Mateo,2021-04-12,7334,596375,4471,327133,1890,240639,973,28603,3549,120203,3764,251811,4518,372014,California
San Mateo,2021-04-13,8234,604609,5126,332259,3097,243736,11,28614,4381,120756,3842,255653,4395,376409,California
San Mateo,2021-04-14,8385,612994,5442,337701,2942,246678,1,28615,4340,121078,4027,259680,4349,380758,California
San Mateo,2021-04-15,11208,624202,7450,345151,3756,250434,2,28617,7362,124622,3821,263501,7365,388123,California
San Mateo,2021-04-16,9983,634185,6888,352039,3079,253513,16,28633,6351,127387,3610,267111,6375,394498,California
San Mateo,2021-04-17,9795,643980,6501,358540,3292,256805,2,28635,6137,129884,3648,270759,6145,400643,California
San Mateo,2021-04-18,5450,649430,2612,361152,2838,259643,0,28635,3664,131793,1773,272532,3682,404325,California
San Mateo,2021-04-19,8357,657787,5435,366587,2922,262565,0,28635,5441,134342,2901,275433,5450,409775,California
San Mateo,2021-04-20,10288,668075,5748,372335,4539,267104,1,28636,6622,137331,3644,279077,6633,416408,California
San Mateo,2021-04-21,9029,677104,6101,378436,2926,270030,2,28638,5585,139499,3424,282501,5592,422000,California
San Mateo,2021-04-22,9596,686700,6415,384851,3180,273210,1,28639,5309,140561,4253,286754,5315,427315,California
San Mateo,2021-04-23,9447,696147,6220,391071,3227,276437,0,28639,5305,141765,4116,290870,5320,432635,California
San Mateo,2021-04-24,11294,707441,8039,399110,3255,279692,0,28639,5840,142182,5431,296301,5848,438483,California
San Mateo,2021-04-25,5544,712985,3853,402963,1689,281381,2,28641,3957,144577,1571,297872,3966,442449,California
San Mateo,2021-04-26,6637,719622,4799,407762,1830,283211,8,28649,3875,145723,2749,300621,3895,446344,California
San Mateo,2021-04-27,11349,730971,7982,415744,3212,286423,155,28804,4644,143852,6674,307295,4803,451147,California
San Mateo,2021-04-28,7870,738841,4489,420233,3176,289599,205,29009,4218,144641,3638,310933,4427,455574,California
San Mateo,2021-04-29,8077,746918,3739,423972,4165,293764,173,29182,3660,144098,4388,315321,3845,459419,California
San Mateo,2021-04-30,8054,754972,5059,429031,2842,296606,153,29335,3417,143070,4612,319933,3584,463003,California
San Mateo,2021-05-01,6162,761134,4126,433157,1918,298524,118,29453,2685,142425,3459,323392,2814,465817,California
San Mateo,2021-05-02,3186,764320,1742,434899,1374,299898,70,29523,1155,141631,2023,325415,1229,467046,California
San Mateo,2021-05-03,6017,770337,4495,439394,1378,301276,144,29667,1840,139446,4169,329584,1984,469030,California
San Mateo,2021-05-04,7286,777623,4947,444341,2168,303444,171,29838,2492,137341,4780,334364,2675,471705,California
San Mateo,2021-05-05,6902,784525,4521,448862,2223,305667,158,29996,2391,135411,4482,338846,2552,474257,California
San Mateo,2021-05-06,8588,793113,6702,455564,1710,307377,176,30172,1750,130522,6819,345665,1930,476187,California
San Mateo,2021-05-07,8211,801324,5866,461430,2060,309437,285,30457,1822,126276,6364,352029,2118,478305,California
San Mateo,2021-05-08,6644,807968,4014,465444,2391,311828,239,30696,1843,123575,4788,356817,2087,480392,California
San Mateo,2021-05-09,3125,811093,2430,467874,621,312449,74,30770,1064,122662,2052,358869,1139,481531,California
San Mateo,2021-05-10,4623,815716,3328,471202,1124,313573,171,30941,760,119748,3853,362722,939,482470,California
San Mateo,2021-05-11,6679,822395,4987,476189,1563,315136,129,31070,1739,116691,4927,367649,1870,484340,California
San Mateo,2021-05-12,6933,829328,5048,481237,1670,316806,215,31285,1795,113578,5125,372774,2012,486352,California
San Mateo,2021-05-13,9540,838868,7130,488367,2314,319120,96,31381,3556,111289,5952,378726,3663,490015,California
San Mateo,2021-05-14,8326,847194,6156,494523,2058,321178,112,31493,2703,108503,5608,384334,2822,492837,California
San Mateo,2021-05-15,10396,857590,8112,502635,2183,323361,101,31594,4565,107373,5817,390151,4687,497524,California
San Mateo,2021-05-16,7170,864760,5099,507734,2003,325364,68,31662,2185,104661,4967,395118,2255,499779,California
San Mateo,2021-05-17,7067,871827,5002,512736,1957,327321,108,31770,2148,102017,4904,400022,2260,502039,California
San Mateo,2021-05-18,8452,880279,5832,518568,2523,329844,97,31867,3098,99988,5228,405250,3199,505238,California
San Mateo,2021-05-19,7871,888150,5891,524459,1859,331703,121,31988,3688,99662,4136,409386,3810,509048,California
San Mateo,2021-05-20,5601,893751,3447,527906,2019,333722,135,32123,2249,98719,3329,412715,2386,511434,California
San Mateo,2021-05-21,6983,900734,4764,532670,2075,335797,144,32267,2042,95984,4921,417636,2186,513620,California
San Mateo,2021-05-22,6148,906882,4116,536786,1964,337761,68,32335,2422,94771,3706,421342,2493,516113,California
San Mateo,2021-05-23,2989,909871,1647,538433,1253,339014,89,32424,1149,94181,1828,423170,1238,517351,California
San Mateo,2021-05-24,3396,913267,2231,540664,1016,340030,149,32573,1112,93173,2266,425436,1258,518609,California
San Mateo,2021-05-25,4765,918032,2999,543663,1585,341615,181,32754,1592,91795,3153,428589,1775,520384,California
San Mateo,2021-05-26,5677,923709,3054,546717,2507,344122,116,32870,1798,89849,3860,432449,1914,522298,California
San Mateo,2021-05-27,3775,927484,2198,548915,1479,345601,98,32968,1244,88681,2506,434955,1338,523636,California
San Mateo,2021-05-28,3482,930966,2188,551103,1208,346809,86,33054,1328,87979,2114,437069,1412,525048,California
San Mateo,2021-05-29,3232,934198,2299,553402,881,347690,52,33106,1328,87479,1879,438948,1379,526427,California
San Mateo,2021-05-30,1653,935851,1120,554522,472,348162,61,33167,671,87238,973,439921,732,527159,California
San Mateo,2021-05-31,499,936350,334,554856,156,348318,9,33176,222,87194,275,440196,231,527390,California
San Mateo,2021-06-01,3392,939742,2035,556891,1260,349578,97,33273,1120,86150,2260,442456,1216,528606,California
San Mateo,2021-06-02,2770,942512,1842,558733,850,350428,78,33351,1128,85727,1627,444083,1204,529810,California
San Mateo,2021-06-03,3814,946326,2997,561730,703,351131,114,33465,887,83809,2915,446998,997,530807,California
San Mateo,2021-06-04,4163,950489,3216,564946,852,351983,95,33560,1248,82243,2896,449894,1330,532137,California
San Mateo,2021-06-05,5152,955641,4512,569458,542,352525,98,33658,1101,79421,4021,453915,1199,533336,California
San Mateo,2021-06-06,2498,958139,2059,571517,378,352903,61,33719,554,78108,1924,455839,611,533947,California
San Mateo,2021-06-07,3105,961244,2603,574120,419,353322,83,33802,791,76673,2307,458146,872,534819,California
San Mateo,2021-06-08,4070,965314,3439,577559,529,353851,102,33904,1012,74763,3024,461170,1114,535933,California
San Mateo,2021-06-09,4123,969437,3552,581111,501,354352,70,33974,620,71959,3492,464662,688,536621,California
San Mateo,2021-06-10,2959,972396,2395,583506,450,354802,114,34088,770,70667,2176,466838,884,537505,California
San Mateo,2021-06-11,2366,974762,1832,585338,414,355216,120,34208,764,69955,1595,468433,883,538388,California
San Mateo,2021-06-12,3038,977800,2708,588046,244,355460,86,34294,908,68831,2118,470551,994,539382,California
San Mateo,2021-06-13,1311,979111,972,589018,276,355736,63,34357,295,68183,1005,471556,357,539739,California
San Mateo,2021-06-14,1211,980322,1066,590084,105,355841,40,34397,286,67591,917,472473,325,540064,California
Santa Barbara,2020-12-15,2,2,2,2,0,0,0,0,2,2,0,0,2,2,California
Santa Barbara,2020-12-16,2,4,2,4,0,0,0,0,2,4,0,0,2,4,California
Santa Barbara,2020-12-17,56,60,56,60,0,0,0,0,56,60,0,0,56,60,California
Santa Barbara,2020-12-18,379,439,378,438,1,1,0,0,379,439,0,0,379,439,California
Santa Barbara,2020-12-19,325,764,325,763,0,1,0,0,325,764,0,0,325,764,California
Santa Barbara,2020-12-20,235,999,235,998,0,1,0,0,235,999,0,0,235,999,California
Santa Barbara,2020-12-21,653,1652,651,1649,2,3,0,0,653,1652,0,0,653,1652,California
Santa Barbara,2020-12-22,246,1898,244,1893,2,5,0,0,246,1898,0,0,246,1898,California
Santa Barbara,2020-12-23,325,2223,207,2100,118,123,0,0,325,2223,0,0,325,2223,California
Santa Barbara,2020-12-24,88,2311,40,2140,48,171,0,0,88,2311,0,0,88,2311,California
Santa Barbara,2020-12-26,326,2637,66,2206,260,431,0,0,326,2637,0,0,326,2637,California
Santa Barbara,2020-12-27,62,2699,1,2207,61,492,0,0,62,2699,0,0,62,2699,California
Santa Barbara,2020-12-28,358,3057,225,2432,133,625,0,0,358,3057,0,0,358,3057,California
Santa Barbara,2020-12-29,561,3618,359,2791,202,827,0,0,561,3618,0,0,561,3618,California
Santa Barbara,2020-12-30,577,4195,395,3186,182,1009,0,0,577,4195,0,0,577,4195,California
Santa Barbara,2020-12-31,241,4436,115,3301,126,1135,0,0,241,4436,0,0,241,4436,California
Santa Barbara,2021-01-01,116,4552,110,3411,6,1141,0,0,116,4552,0,0,116,4552,California
Santa Barbara,2021-01-02,599,5151,233,3644,366,1507,0,0,599,5151,0,0,599,5151,California
Santa Barbara,2021-01-03,23,5174,15,3659,8,1515,0,0,23,5174,0,0,23,5174,California
Santa Barbara,2021-01-04,305,5479,242,3901,63,1578,0,0,304,5478,0,0,304,5478,California
Santa Barbara,2021-01-05,752,6231,380,4281,372,1950,0,0,724,6174,28,28,724,6202,California
Santa Barbara,2021-01-06,657,6888,277,4558,380,2330,0,0,596,6710,60,88,596,6798,California
Santa Barbara,2021-01-07,1032,7920,709,5267,323,2653,0,0,528,6738,500,588,528,7326,California
Santa Barbara,2021-01-08,1204,9124,845,6112,359,3012,0,0,709,6952,495,1083,709,8035,California
Santa Barbara,2021-01-09,565,9689,293,6405,272,3284,0,0,319,7025,246,1329,319,8354,California
Santa Barbara,2021-01-10,62,9751,50,6455,12,3296,0,0,46,7055,16,1345,46,8400,California
Santa Barbara,2021-01-11,838,10589,670,7125,168,3464,0,0,613,7444,224,1569,613,9013,California
Santa Barbara,2021-01-12,1441,12030,646,7771,795,4259,0,0,1282,8567,159,1728,1282,10295,California
Santa Barbara,2021-01-13,1220,13250,270,8041,950,5209,0,0,1093,9533,127,1855,1093,11388,California
Santa Barbara,2021-01-14,1254,14504,136,8177,1118,6327,0,0,1199,10679,54,1909,1200,12588,California
Santa Barbara,2021-01-15,1808,16312,426,8603,1382,7709,0,0,1726,12324,81,1990,1726,14314,California
Santa Barbara,2021-01-16,1280,17592,202,8805,1078,8787,0,0,1240,13525,39,2029,1240,15554,California
Santa Barbara,2021-01-17,125,17717,22,8827,103,8890,0,0,122,13644,3,2032,122,15676,California
Santa Barbara,2021-01-18,1156,18873,419,9246,737,9627,0,0,970,14428,186,2218,970,16646,California
Santa Barbara,2021-01-19,1640,20513,572,9818,1068,10695,0,0,1360,15510,278,2496,1360,18006,California
Santa Barbara,2021-01-20,2110,22623,549,10367,1561,12256,0,0,1755,16911,354,2850,1755,19761,California
Santa Barbara,2021-01-21,3206,25829,1924,12291,1282,13538,0,0,3046,19798,160,3010,3047,22808,California
Santa Barbara,2021-01-22,2933,28762,1780,14071,1153,14691,0,0,2769,22407,161,3171,2770,25578,California
Santa Barbara,2021-01-23,1731,30493,1101,15172,630,15321,0,0,1214,23105,516,3687,1214,26792,California
Santa Barbara,2021-01-24,844,31337,752,15924,92,15413,0,0,835,23931,9,3696,835,27627,California
Santa Barbara,2021-01-25,1241,32578,496,16420,745,16158,0,0,1005,24700,236,3932,1005,28632,California
Santa Barbara,2021-01-26,2082,34660,499,16919,1583,17741,0,0,1698,26016,382,4314,1698,30330,California
Santa Barbara,2021-01-27,1169,35829,400,17319,769,18510,0,0,906,26663,262,4576,909,31239,California
Santa Barbara,2021-01-28,894,36723,297,17616,597,19107,0,0,680,27132,211,4787,680,31919,California
Santa Barbara,2021-01-29,1337,38060,532,18148,805,19912,0,0,982,27765,352,5139,985,32904,California
Santa Barbara,2021-01-30,1907,39967,1422,19570,485,20397,0,0,1491,28843,413,5552,1491,34395,California
Santa Barbara,2021-01-31,1455,41422,1217,20787,238,20635,0,0,1416,30220,39,5591,1416,35811,California
Santa Barbara,2021-02-01,954,42376,527,21314,427,21062,0,0,556,30378,398,5989,556,36367,California
Santa Barbara,2021-02-02,1809,44185,680,21994,1129,22191,0,0,1040,30652,766,6755,1040,37407,California
Santa Barbara,2021-02-03,1946,46131,1080,23074,866,23057,0,0,1505,31727,430,7185,1505,38912,California
Santa Barbara,2021-02-04,2781,48912,1869,24943,912,23969,0,0,2483,33918,292,7477,2483,41395,California
Santa Barbara,2021-02-05,2902,51814,2058,27001,844,24813,0,0,2258,35534,642,8119,2258,43653,California
Santa Barbara,2021-02-06,1201,53015,338,27339,863,25676,0,0,792,35917,409,8528,792,44445,California
Santa Barbara,2021-02-07,303,53318,264,27603,39,25715,0,0,267,36149,35,8563,267,44712,California
Santa Barbara,2021-02-08,954,54272,309,27912,645,26360,0,0,666,36527,288,8851,666,45378,California
Santa Barbara,2021-02-09,2435,56707,313,28225,2122,28482,0,0,1118,36337,1308,10159,1118,46496,California
Santa Barbara,2021-02-10,2758,59465,1496,29721,1262,29744,0,0,776,35139,1974,12133,776,47272,California
Santa Barbara,2021-02-11,4192,63657,2810,32531,1382,31126,0,0,628,32213,3554,15687,628,47900,California
Santa Barbara,2021-02-12,3311,66968,948,33479,2363,33489,0,0,777,30462,2528,18215,777,48677,California
Santa Barbara,2021-02-13,1232,68200,339,33818,893,34382,0,0,561,30354,669,18884,561,49238,California
Santa Barbara,2021-02-14,337,68537,41,33859,296,34678,0,0,289,30595,48,18932,289,49527,California
Santa Barbara,2021-02-15,971,69508,340,34199,631,35309,0,0,496,30619,472,19404,496,50023,California
Santa Barbara,2021-02-16,2151,71659,437,34636,1714,37023,0,0,722,29916,1425,20829,722,50745,California
Santa Barbara,2021-02-17,1436,73095,319,34955,1117,38140,0,0,520,29524,912,21741,520,51265,California
Santa Barbara,2021-02-18,3261,76356,2655,37610,606,38746,0,0,1524,29347,1701,23442,1524,52789,California
Santa Barbara,2021-02-19,3586,79942,2634,40244,952,39698,0,0,2322,30408,1261,24703,2322,55111,California
Santa Barbara,2021-02-20,2229,82171,1444,41688,785,40483,0,0,1670,31529,549,25252,1670,56781,California
Santa Barbara,2021-02-21,138,82309,109,41797,29,40512,0,0,61,31515,75,25327,61,56842,California
Santa Barbara,2021-02-22,933,83242,243,42040,690,41202,0,0,269,31122,662,25989,269,57111,California
Santa Barbara,2021-02-23,3190,86432,1046,43086,2144,43346,0,0,420,28776,2766,28755,420,57531,California
Santa Barbara,2021-02-24,3222,89654,1100,44186,2122,45468,0,0,722,27007,2491,31246,722,58253,California
Santa Barbara,2021-02-25,3459,93113,1921,46107,1538,47006,0,0,991,25539,2460,33706,992,59245,California
Santa Barbara,2021-02-26,3665,96778,2179,48286,1486,48492,0,0,1973,25828,1684,35390,1973,61218,California
Santa Barbara,2021-02-27,1536,98314,562,48848,974,49466,0,0,856,26010,676,36066,858,62076,California
Santa Barbara,2021-02-28,1086,99400,221,49069,865,50331,0,0,893,26717,187,36253,894,62970,California
Santa Barbara,2021-03-01,1652,101052,472,49541,1178,51509,2,2,1092,27269,543,36796,1095,64065,California
Santa Barbara,2021-03-02,2662,103714,424,49965,2238,53747,0,2,2161,28943,488,37284,2162,66227,California
Santa Barbara,2021-03-03,4637,108351,2103,52068,2532,56279,2,4,4039,32400,587,37871,4044,70271,California
Santa Barbara,2021-03-04,3424,111775,2280,54348,1144,57423,0,4,2870,34725,545,38416,2870,73141,California
Santa Barbara,2021-03-05,3820,115595,2164,56512,1597,59020,59,63,3093,37155,722,39138,3152,76293,California
Santa Barbara,2021-03-06,2433,118028,727,57239,1487,60507,219,282,1669,38281,759,39897,1885,78178,California
Santa Barbara,2021-03-07,566,118594,124,57363,311,60818,131,413,385,38618,180,40077,517,78695,California
Santa Barbara,2021-03-08,1578,120172,378,57741,857,61675,343,756,794,38977,778,40855,1137,79832,California
Santa Barbara,2021-03-09,2805,122977,349,58090,1683,63358,773,1529,742,38428,2060,42915,1511,81343,California
Santa Barbara,2021-03-10,2767,125744,554,58644,1162,64520,1051,2580,1045,38804,1717,44632,2093,83436,California
Santa Barbara,2021-03-11,5589,131333,3034,61678,1436,65956,1119,3699,2278,38897,3297,47929,3390,86826,California
Santa Barbara,2021-03-12,3687,135020,2101,63779,1156,67112,430,4129,2184,40012,1496,49425,2611,89437,California
Santa Barbara,2021-03-13,3499,138519,1938,65717,1352,68464,209,4338,2699,42124,797,50222,2909,92346,California
Santa Barbara,2021-03-14,805,139324,390,66107,360,68824,55,4393,485,42345,319,50541,540,92886,California
Santa Barbara,2021-03-15,2117,141441,697,66804,1128,69952,292,4685,1269,43064,840,51381,1559,94445,California
Santa Barbara,2021-03-16,3724,145165,1174,67978,2208,72160,342,5027,2736,45159,983,52364,3078,97523,California
Santa Barbara,2021-03-17,3315,148480,976,68954,1934,74094,405,5432,2323,46893,990,53354,2724,100247,California
Santa Barbara,2021-03-18,5225,153705,2794,71748,2229,76323,202,5634,4003,49892,1206,54560,4205,104452,California
Santa Barbara,2021-03-19,4449,158154,2770,74518,1346,77669,333,5967,3055,51889,1390,55950,3387,107839,California
Santa Barbara,2021-03-20,2181,160335,835,75353,1330,78999,16,5983,1333,52392,845,56795,1348,109187,California
Santa Barbara,2021-03-21,1169,161504,384,75737,754,79753,31,6014,840,52937,326,57121,871,110058,California
Santa Barbara,2021-03-22,2777,164281,1914,77651,819,80572,44,6058,2221,54655,547,57668,2265,112323,California
Santa Barbara,2021-03-23,4486,168767,2261,79912,2124,82696,101,6159,3711,57701,765,58433,3811,116134,California
Santa Barbara,2021-03-24,5422,174189,3154,83066,1515,84211,753,6912,2973,58997,2426,60859,3722,119856,California
Santa Barbara,2021-03-25,5567,179756,3275,86341,2100,86311,192,7104,2789,59216,2762,63621,2981,122837,California
Santa Barbara,2021-03-26,5095,184851,3229,89570,1567,87878,299,7403,2245,58928,2832,66453,2544,125381,California
Santa Barbara,2021-03-27,2960,187811,1225,90795,1692,89570,43,7446,1625,59263,1331,67784,1666,127047,California
Santa Barbara,2021-03-28,2783,190594,1658,92453,1097,90667,28,7474,1895,60304,884,68668,1925,128972,California
Santa Barbara,2021-03-29,4040,194634,2083,94536,1886,92553,71,7545,3228,62795,808,69476,3299,132271,California
Santa Barbara,2021-03-30,6806,201440,3515,98051,3140,95693,151,7696,4538,65228,2253,71729,4686,136957,California
Santa Barbara,2021-03-31,8698,210138,5538,103589,3094,98787,66,7762,5057,66731,3620,75349,5123,142080,California
Santa Barbara,2021-04-01,7056,217194,5219,108808,1578,100365,259,8021,4181,68314,2855,78204,4438,146518,California
Santa Barbara,2021-04-02,6651,223845,4566,113374,1491,101856,594,8615,3426,69116,3217,81421,4019,150537,California
Santa Barbara,2021-04-03,3812,227657,2115,115489,1631,103487,66,8681,2519,70413,1287,82708,2584,153121,California
Santa Barbara,2021-04-04,899,228556,443,115932,416,103903,40,8721,498,70552,399,83107,538,153659,California
Santa Barbara,2021-04-05,3467,232023,2293,118225,916,104819,258,8979,2171,71694,1287,84394,2429,156088,California
Santa Barbara,2021-04-06,5493,237516,2831,121056,2123,106942,539,9518,3364,73481,2113,86507,3900,159988,California
Santa Barbara,2021-04-07,6027,243543,3293,124349,2191,109133,543,10061,4090,76185,1928,88435,4632,164620,California
Santa Barbara,2021-04-08,7425,250968,5052,129401,646,109779,1727,11788,3437,77363,3983,92418,5161,169781,California
Santa Barbara,2021-04-09,7342,258310,4886,134287,1094,110873,1362,13150,3311,78009,4022,96440,4668,174449,California
Santa Barbara,2021-04-10,6727,265037,4665,138952,1447,112320,615,13765,4584,81072,2134,98574,5197,179646,California
Santa Barbara,2021-04-11,2686,267723,1971,140923,412,112732,303,14068,1860,82410,820,99394,2158,181804,California
Santa Barbara,2021-04-12,4425,272148,2850,143773,1022,113754,553,14621,1919,82381,2499,101893,2470,184274,California
Santa Barbara,2021-04-13,6391,278539,4197,147970,2188,115942,6,14627,2665,81333,3721,105614,2673,186947,California
Santa Barbara,2021-04-14,6801,285340,4421,152391,2378,118320,2,14629,4245,83046,2545,108159,4258,191205,California
Santa Barbara,2021-04-15,6988,292328,4112,156503,2875,121195,1,14630,3785,83641,3192,111351,3787,194992,California
Santa Barbara,2021-04-16,6410,298738,3768,160271,2631,123826,11,14641,4412,86088,1982,113333,4429,199421,California
Santa Barbara,2021-04-17,5328,304066,3873,164144,1455,125281,0,14641,4108,88989,1208,114541,4109,203530,California
Santa Barbara,2021-04-18,2133,306199,1482,165626,651,125932,0,14641,371,87605,1758,116299,374,203904,California
Santa Barbara,2021-04-19,3235,309434,2229,167855,1000,126932,6,14647,1030,86443,2200,118499,1038,204942,California
Santa Barbara,2021-04-20,5873,315307,3951,171806,1921,128853,1,14648,1650,83884,4209,122708,1650,206592,California
Santa Barbara,2021-04-21,5479,320786,3635,175441,1844,130697,0,14648,1738,81894,3728,126436,1738,208330,California
Santa Barbara,2021-04-22,5092,325878,2555,177996,2536,133233,1,14649,1452,79725,3624,130060,1455,209785,California
Santa Barbara,2021-04-23,5585,331463,3877,181873,1708,134941,0,14649,1963,78079,3609,133669,1963,211748,California
Santa Barbara,2021-04-24,4430,335893,2877,184750,1548,136489,5,14654,1632,76938,2779,136448,1638,213386,California
Santa Barbara,2021-04-25,1839,337732,1186,185936,653,137142,0,14654,499,76106,1331,137779,499,213885,California
Santa Barbara,2021-04-26,3241,340973,1972,187908,1248,138390,21,14675,558,74009,2676,140455,579,214464,California
Santa Barbara,2021-04-27,3957,344930,2163,190071,1690,140080,104,14779,1164,72493,2783,143238,1267,215731,California
Santa Barbara,2021-04-28,4908,349838,2859,192930,1932,142012,117,14896,1396,70510,3499,146737,1516,217247,California
Santa Barbara,2021-04-29,5254,355092,3802,196732,1225,143237,227,15123,1438,68373,3800,150537,1663,218910,California
Santa Barbara,2021-04-30,4949,360041,3697,200429,1088,144325,164,15287,1411,66425,3522,154059,1574,220484,California
Santa Barbara,2021-05-01,5258,365299,4072,204501,1152,145477,34,15321,890,62996,4354,158413,925,221409,California
Santa Barbara,2021-05-02,1135,366434,667,205168,340,145817,128,15449,308,62606,826,159239,436,221845,California
Santa Barbara,2021-05-03,2203,368637,1476,206644,588,146405,139,15588,440,61427,1756,160995,577,222422,California
Santa Barbara,2021-05-04,3291,371928,1667,208311,1552,147957,72,15660,1144,60508,2134,163129,1215,223637,California
Santa Barbara,2021-05-05,5433,377361,3675,211986,1611,149568,147,15807,621,56479,4799,167928,770,224407,California
Santa Barbara,2021-05-06,5062,382423,3918,215904,1040,150608,104,15911,968,53473,4078,172006,1072,225479,California
Santa Barbara,2021-05-07,4663,387086,3652,219556,831,151439,180,16091,1000,50997,3653,175659,1177,226656,California
Santa Barbara,2021-05-08,4244,391330,3161,222717,985,152424,98,16189,889,48642,3342,179001,987,227643,California
Santa Barbara,2021-05-09,699,392029,110,222827,549,152973,40,16229,466,48917,232,179233,507,228150,California
Santa Barbara,2021-05-10,1324,393353,627,223454,614,153587,83,16312,365,48407,957,180190,447,228597,California
Santa Barbara,2021-05-11,1874,395227,787,224241,791,154378,296,16608,425,47684,1441,181631,718,229315,California
Santa Barbara,2021-05-12,1661,396888,737,224978,700,155078,224,16832,482,47219,1171,182802,706,230021,California
Santa Barbara,2021-05-13,3729,400617,2787,227765,747,155825,195,17027,1233,46162,2485,185287,1428,231449,California
Santa Barbara,2021-05-14,4139,404756,2521,230286,1524,157349,94,17121,1627,45383,2498,187785,1719,233168,California
Santa Barbara,2021-05-15,3505,408261,2564,232850,922,158271,19,17140,1841,45591,1653,189438,1861,235029,California
Santa Barbara,2021-05-16,1065,409326,467,233317,483,158754,115,17255,469,45583,592,190030,584,235613,California
Santa Barbara,2021-05-17,1632,410958,929,234246,640,159394,63,17318,863,45745,763,190793,925,236538,California
Santa Barbara,2021-05-18,1843,412801,1161,235407,586,159980,96,17414,973,45961,854,191647,1070,237608,California
Santa Barbara,2021-05-19,1752,414553,965,236372,747,160727,40,17454,812,45880,932,192579,851,238459,California
Santa Barbara,2021-05-20,1713,416266,938,237310,656,161383,119,17573,863,46023,838,193417,981,239440,California
Santa Barbara,2021-05-21,3463,419729,2342,239652,1067,162450,54,17627,1275,45179,2174,195591,1330,240770,California
Santa Barbara,2021-05-22,2468,422197,1709,241361,715,163165,44,17671,1394,45552,1066,196657,1439,242209,California
Santa Barbara,2021-05-23,747,422944,327,241688,392,163557,28,17699,409,45652,337,196994,437,242646,California
Santa Barbara,2021-05-24,998,423942,583,242271,352,163909,63,17762,481,45683,513,197507,544,243190,California
Santa Barbara,2021-05-25,1398,425340,568,242839,761,164670,69,17831,460,45280,932,198439,529,243719,California
Santa Barbara,2021-05-26,3006,428346,1708,244547,1178,165848,120,17951,834,44076,2157,200596,953,244672,California
Santa Barbara,2021-05-27,1952,430298,1210,245757,599,166447,143,18094,824,43923,1121,201717,968,245640,California
Santa Barbara,2021-05-28,1509,431807,704,246461,653,167100,152,18246,622,43814,884,202601,775,246415,California
Santa Barbara,2021-05-29,896,432703,315,246776,544,167644,37,18283,366,43690,527,203128,403,246818,California
Santa Barbara,2021-05-30,500,433203,179,246955,223,167867,98,18381,186,43661,312,203440,283,247101,California
Santa Barbara,2021-05-31,95,433298,43,246998,42,167909,10,18391,23,43622,71,203511,32,247133,California
Santa Barbara,2021-06-01,1128,434426,591,247589,479,168388,58,18449,461,43479,662,204173,519,247652,California
Santa Barbara,2021-06-02,980,435406,585,248174,312,168700,83,18532,433,43451,543,204716,515,248167,California
Santa Barbara,2021-06-03,2051,437457,1543,249717,452,169152,56,18588,614,42689,1431,206147,669,248836,California
Santa Barbara,2021-06-04,1447,438904,661,250378,646,169798,140,18728,483,42353,956,207103,620,249456,California
Santa Barbara,2021-06-05,2914,441818,2209,252587,653,170451,52,18780,497,40496,2405,209508,548,250004,California
Santa Barbara,2021-06-06,904,442722,476,253063,409,170860,19,18799,254,40122,647,210155,273,250277,California
Santa Barbara,2021-06-07,1155,443877,826,253889,281,171141,48,18847,302,39621,851,211006,350,250627,California
Santa Barbara,2021-06-08,1104,444981,713,254602,359,171500,32,18879,293,39139,806,211812,324,250951,California
Santa Barbara,2021-06-09,1024,446005,693,255295,245,171745,86,18965,335,38875,686,212498,422,251373,California
Santa Barbara,2021-06-10,2383,448388,2073,257368,238,171983,72,19037,531,37628,1850,214348,603,251976,California
Santa Barbara,2021-06-11,1230,449618,568,257936,562,172545,100,19137,365,37234,859,215207,465,252441,California
Santa Barbara,2021-06-12,855,450473,580,258516,252,172797,23,19160,222,36848,630,215837,244,252685,California
Santa Barbara,2021-06-13,471,450944,295,258811,79,172876,97,19257,124,36723,346,216183,221,252906,California
Santa Barbara,2021-06-14,685,451629,482,259293,183,173059,20,19277,122,36305,560,216743,142,253048,California
Santa Clara,2020-12-15,68,68,68,68,0,0,0,0,68,68,0,0,68,68,California
Santa Clara,2020-12-16,150,218,150,218,0,0,0,0,150,218,0,0,150,218,California
Santa Clara,2020-12-17,409,627,409,627,0,0,0,0,409,627,0,0,409,627,California
Santa Clara,2020-12-18,1761,2388,1761,2388,0,0,0,0,1761,2388,0,0,1761,2388,California
Santa Clara,2020-12-19,2085,4473,2085,4473,0,0,0,0,2084,4472,0,0,2084,4472,California
Santa Clara,2020-12-20,1899,6372,1898,6371,1,1,0,0,1896,6368,0,0,1896,6368,California
Santa Clara,2020-12-21,2672,9044,2672,9043,0,1,0,0,2670,9037,1,1,2670,9038,California
Santa Clara,2020-12-22,3114,12158,3107,12150,7,8,0,0,3110,12147,0,1,3110,12148,California
Santa Clara,2020-12-23,3275,15433,3082,15232,193,201,0,0,3274,15421,0,1,3274,15422,California
Santa Clara,2020-12-24,1895,17328,1704,16936,191,392,0,0,1888,17307,2,3,1888,17310,California
Santa Clara,2020-12-25,345,17673,344,17280,1,393,0,0,345,17652,0,3,345,17655,California
Santa Clara,2020-12-26,1258,18931,1023,18303,235,628,0,0,1257,18909,0,3,1257,18912,California
Santa Clara,2020-12-27,652,19583,509,18812,143,771,0,0,652,19561,0,3,652,19564,California
Santa Clara,2020-12-28,2353,21936,1736,20548,617,1388,0,0,2353,21914,0,3,2353,21917,California
Santa Clara,2020-12-29,2376,24312,1507,22055,869,2257,0,0,2375,24289,0,3,2375,24292,California
Santa Clara,2020-12-30,3001,27313,1898,23953,1103,3360,0,0,2999,27286,2,5,2999,27291,California
Santa Clara,2020-12-31,1230,28543,391,24344,839,4199,0,0,1229,28514,1,6,1229,28520,California
Santa Clara,2021-01-01,149,28692,13,24357,136,4335,0,0,148,28661,1,7,148,28668,California
Santa Clara,2021-01-02,1098,29790,822,25179,276,4611,0,0,1098,29759,0,7,1098,29766,California
Santa Clara,2021-01-03,585,30375,368,25547,217,4828,0,0,580,30336,3,10,580,30346,California
Santa Clara,2021-01-04,2488,32863,1679,27226,809,5637,0,0,2485,32821,0,10,2485,32831,California
Santa Clara,2021-01-05,3098,35961,2029,29255,1069,6706,0,0,2904,35537,193,203,2909,35740,California
Santa Clara,2021-01-06,3365,39326,1990,31245,1375,8081,0,0,2754,37687,606,809,2756,38496,California
Santa Clara,2021-01-07,4246,43572,2572,33817,1674,9755,0,0,3155,39767,1081,1890,3161,41657,California
Santa Clara,2021-01-08,5892,49464,3852,37669,2040,11795,0,0,3775,41433,2109,3999,3775,45432,California
Santa Clara,2021-01-09,3022,52486,1901,39570,1121,12916,0,0,1697,41811,1322,5321,1700,47132,California
Santa Clara,2021-01-10,1979,54465,1526,41096,453,13369,0,0,759,41351,1219,6540,759,47891,California
Santa Clara,2021-01-11,5989,60454,3782,44878,2207,15576,0,0,3393,42156,2593,9133,3398,51289,California
Santa Clara,2021-01-12,6890,67344,3489,48367,3401,18977,0,0,4565,44434,2311,11444,4589,55878,California
Santa Clara,2021-01-13,7493,74837,3139,51506,4354,23331,0,0,5239,47474,2251,13695,5291,61169,California
Santa Clara,2021-01-14,8352,83189,2895,54401,5457,28788,0,0,6543,52269,1804,15499,6599,67768,California
Santa Clara,2021-01-15,9559,92748,2744,57145,6815,35603,0,0,8196,59146,1360,16859,8237,76005,California
Santa Clara,2021-01-16,4331,97079,1237,58382,3094,38697,0,0,3490,61807,837,17696,3498,79503,California
Santa Clara,2021-01-17,3248,100327,613,58995,2635,41332,0,0,2743,64049,501,18197,2743,82246,California
Santa Clara,2021-01-18,5145,105472,1183,60178,3962,45294,0,0,4582,68069,563,18760,4583,86829,California
Santa Clara,2021-01-19,8537,114009,2699,62877,5838,51132,0,0,6841,73220,1693,20453,6844,93673,California
Santa Clara,2021-01-20,8155,122164,4156,67033,3999,55131,0,0,6596,78262,1554,22007,6596,100269,California
Santa Clara,2021-01-21,8785,130949,3815,70848,4970,60101,0,0,7567,84615,1216,23223,7569,107838,California
Santa Clara,2021-01-22,8687,139636,3255,74103,5432,65533,0,0,8108,92149,577,23800,8111,115949,California
Santa Clara,2021-01-23,3817,143453,1699,75802,2118,67651,0,0,2844,94021,973,24773,2845,118794,California
Santa Clara,2021-01-24,2854,146307,1426,77228,1428,69079,0,0,2364,95898,487,25260,2364,121158,California
Santa Clara,2021-01-25,8433,154740,3810,81038,4623,73702,0,0,6345,100165,2080,27340,6347,127505,California
Santa Clara,2021-01-26,8375,163115,3826,84864,4549,78251,0,0,6221,104246,2144,29484,6225,133730,California
Santa Clara,2021-01-27,8828,171943,3887,88751,4941,83192,0,0,6887,109217,1921,31405,6892,140622,California
Santa Clara,2021-01-28,9617,181560,3871,92622,5746,88938,0,0,7624,114875,1972,33377,7630,148252,California
Santa Clara,2021-01-29,9614,191174,3962,96584,5652,94590,0,0,7423,120120,2180,35557,7425,155677,California
Santa Clara,2021-01-30,4138,195312,2076,98660,2062,96652,0,0,2917,121825,1214,36771,2919,158596,California
Santa Clara,2021-01-31,2194,197506,1308,99968,886,97538,0,0,1595,122825,595,37366,1595,160191,California
Santa Clara,2021-02-01,7885,205391,3523,103491,4362,101900,0,0,6169,127288,1708,39074,6171,166362,California
Santa Clara,2021-02-02,8652,214043,2900,106391,5752,107652,0,0,6626,131898,2019,41093,6629,172991,California
Santa Clara,2021-02-03,9251,223294,3506,109897,5745,113397,0,0,6953,136567,2290,43383,6959,179950,California
Santa Clara,2021-02-04,11028,234322,4174,114071,6854,120251,0,0,8718,142988,2300,45683,8721,188671,California
Santa Clara,2021-02-05,11994,246316,4367,118438,7627,127878,0,0,8519,148047,3461,49144,8520,197191,California
Santa Clara,2021-02-06,5254,251570,2859,121297,2395,130273,0,0,4073,150944,1178,50322,4075,201266,California
Santa Clara,2021-02-07,3510,255080,2360,123657,1150,131423,0,0,3050,153536,459,50781,3051,204317,California
Santa Clara,2021-02-08,10093,265173,3533,127190,6560,137983,0,0,7366,158190,2713,53494,7367,211684,California
Santa Clara,2021-02-09,11223,276396,3841,131031,7382,145365,0,0,7710,162405,3499,56993,7714,219398,California
Santa Clara,2021-02-10,12720,289116,4962,135993,7758,153123,0,0,6868,163435,5841,62834,6871,226269,California
Santa Clara,2021-02-11,13657,302773,4788,140781,8869,161992,0,0,7763,165320,5879,68713,7764,234033,California
Santa Clara,2021-02-12,14647,317420,4505,145286,10142,172134,0,0,7026,164748,7600,76313,7028,241061,California
Santa Clara,2021-02-13,6123,323543,1475,146761,4648,176782,0,0,2239,163112,3877,80190,2241,243302,California
Santa Clara,2021-02-14,4638,328181,1154,147915,3484,180266,0,0,1483,161444,3153,83343,1485,244787,California
Santa Clara,2021-02-15,6303,334484,2805,150720,3498,183764,0,0,2723,160594,3573,86916,2723,247510,California
Santa Clara,2021-02-16,13876,348360,4055,154775,9821,193585,0,0,6960,160654,6901,93817,6961,254471,California
Santa Clara,2021-02-17,14141,362501,5533,160308,8608,202193,0,0,7059,160653,7065,100882,7064,261535,California
Santa Clara,2021-02-18,14356,376857,8478,168786,5878,208071,0,0,7312,160966,7003,107885,7316,268851,California
Santa Clara,2021-02-19,14997,391854,9619,178405,5378,213449,0,0,8739,163469,6241,114126,8744,277595,California
Santa Clara,2021-02-20,6972,398826,5209,183614,1763,215212,0,0,3761,164029,3201,117327,3761,281356,California
Santa Clara,2021-02-21,3406,402232,2522,186136,884,216096,0,0,1262,163157,2136,119463,1264,282620,California
Santa Clara,2021-02-22,10376,412608,6206,192342,4170,220266,0,0,4830,162454,5534,124997,4831,287451,California
Santa Clara,2021-02-23,12090,424698,7825,200167,4265,224531,0,0,6838,164059,5238,130235,6843,294294,California
Santa Clara,2021-02-24,14337,439035,9255,209422,5082,229613,0,0,8863,167465,5457,135692,8863,303157,California
Santa Clara,2021-02-25,15138,454173,9665,219087,5473,235086,0,0,8251,168860,6862,142554,8257,311414,California
Santa Clara,2021-02-26,15058,469231,8730,227817,6328,241414,0,0,8219,170269,6813,149367,8222,319636,California
Santa Clara,2021-02-27,8275,477506,5750,233567,2524,243938,1,1,4646,171305,3618,152985,4654,324290,California
Santa Clara,2021-02-28,5404,482910,3691,237258,1713,245651,0,1,2680,171272,2714,155699,2681,326971,California
Santa Clara,2021-03-01,14610,497520,8409,245667,6196,251847,5,6,9066,174819,5524,161223,9071,336042,California
Santa Clara,2021-03-02,16178,513698,9580,255247,6597,258444,1,7,10316,179300,5837,167060,10318,346360,California
Santa Clara,2021-03-03,18753,532451,9309,264556,9440,267884,4,11,11669,183931,7046,174106,11677,358037,California
Santa Clara,2021-03-04,16636,549087,9074,273630,7559,275443,3,14,9673,186728,6881,180987,9678,367715,California
Santa Clara,2021-03-05,16682,565769,9287,282917,7269,282712,126,140,9271,188741,7389,188376,9402,377117,California
Santa Clara,2021-03-06,9509,575278,6350,289267,2707,285419,452,592,7125,193947,2370,190746,7576,384693,California
Santa Clara,2021-03-07,6868,582146,4490,293757,2134,287553,244,836,5463,198257,1396,192142,5706,390399,California
Santa Clara,2021-03-08,12990,595136,6766,300523,5647,293200,577,1413,8339,202539,4633,196775,8915,399314,California
Santa Clara,2021-03-09,15285,610421,6547,307070,7401,300601,1337,2750,6842,202288,8423,205198,8172,407486,California
Santa Clara,2021-03-10,15201,625622,6632,313702,6446,307047,2123,4873,6241,201694,8932,214130,8338,415824,California
Santa Clara,2021-03-11,17152,642774,7803,321505,7837,314884,1512,6385,6071,198210,11051,225181,7567,423391,California
Santa Clara,2021-03-12,17824,660598,9149,330654,7097,321981,1578,7963,5985,193954,11796,236977,7540,430931,California
Santa Clara,2021-03-13,10807,671405,6265,336919,3044,325025,1498,9461,4778,194202,6005,242982,6253,437184,California
Santa Clara,2021-03-14,6556,677961,3390,340309,1853,326878,1313,10774,3173,195310,3366,246348,4474,441658,California
Santa Clara,2021-03-15,12883,690844,6587,346896,6022,332900,274,11048,5984,194692,6874,253222,6256,447914,California
Santa Clara,2021-03-16,18297,709141,10356,357252,7733,340633,208,11256,8841,194311,9428,262650,9047,456961,California
Santa Clara,2021-03-17,20022,729163,11329,368581,8525,349158,168,11424,10299,195100,9672,272322,10461,467422,California
Santa Clara,2021-03-18,19213,748376,8990,377571,9047,358205,1176,12600,8981,195074,10176,282498,10150,477572,California
Santa Clara,2021-03-19,19429,767805,9985,387556,8436,366641,1008,13608,9890,196482,9479,291977,10887,488459,California
Santa Clara,2021-03-20,11510,779315,6355,393911,4321,370962,834,14442,6678,199189,4802,296779,7509,495968,California
Santa Clara,2021-03-21,8358,787673,3787,397698,3164,374126,1407,15849,5332,202901,3012,299791,6724,502692,California
Santa Clara,2021-03-22,16430,804103,9181,406879,6892,381018,357,16206,9021,204893,7382,307173,9374,512066,California
Santa Clara,2021-03-23,19321,823424,12285,419164,6510,387528,526,16732,11099,208341,8173,315346,11621,523687,California
Santa Clara,2021-03-24,22709,846133,14632,433796,7660,395188,417,17149,14576,215245,8091,323437,14995,538682,California
Santa Clara,2021-03-25,23027,869160,13214,447010,8848,404036,965,18114,14777,222785,8185,331622,15725,554407,California
Santa Clara,2021-03-26,22048,891208,14034,461044,7624,411660,390,18504,13517,228190,8493,340115,13898,568305,California
Santa Clara,2021-03-27,15767,906975,10479,471523,4516,416176,772,19276,8425,230085,7297,347412,9192,577497,California
Santa Clara,2021-03-28,12125,919100,8404,479927,3004,419180,717,19993,6503,231705,5595,353007,7215,584712,California
Santa Clara,2021-03-29,20684,939784,12682,492609,7273,426453,729,20722,11157,234098,9485,362492,11878,596590,California
Santa Clara,2021-03-30,25767,965551,15315,507924,8497,434950,1955,22677,16198,242713,9527,372019,18142,614732,California
Santa Clara,2021-03-31,20593,986144,11971,519895,7488,442438,1134,23811,12606,248493,7943,379962,13723,628455,California
Santa Clara,2021-04-01,31954,1018098,19923,539818,8955,451393,3076,26887,20159,259971,11725,391687,23203,651658,California
Santa Clara,2021-04-02,25320,1043418,14450,554268,8726,460119,2144,29031,16562,269947,8713,400400,18689,670347,California
Santa Clara,2021-04-03,15345,1058763,9306,563574,3537,463656,2502,31533,8547,274204,6776,407176,11033,681380,California
Santa Clara,2021-04-04,7689,1066452,4069,567643,2447,466103,1173,32706,3990,275672,3688,410864,5156,686536,California
Santa Clara,2021-04-05,21992,1088444,14646,582289,4856,470959,2490,35196,14362,284908,7603,418467,16839,703375,California
Santa Clara,2021-04-06,29685,1118129,16370,598659,7824,478783,5491,40687,17847,296432,11787,430254,23311,726686,California
Santa Clara,2021-04-07,31047,1149176,16004,614663,8508,487291,6535,47222,18955,309848,12034,442288,25450,752136,California
Santa Clara,2021-04-08,30128,1179304,16466,631129,6012,493303,7650,54872,16426,320249,13629,455917,24030,776166,California
Santa Clara,2021-04-09,28209,1207513,13959,645088,6933,500236,7317,62189,14409,328199,13732,469649,21682,797848,California
Santa Clara,2021-04-10,21573,1229086,12478,657566,3766,504002,5329,67518,11543,335025,9996,479645,16822,814670,California
Santa Clara,2021-04-11,16078,1245164,9643,667209,2678,506680,3757,71275,8351,339415,7693,487338,12083,826753,California
Santa Clara,2021-04-12,27131,1272295,19068,686277,5592,512272,2471,73746,18487,351773,8584,495922,20942,847695,California
Santa Clara,2021-04-13,34515,1306810,27128,713405,7356,519628,31,73777,26595,370575,7844,503766,26646,874341,California
Santa Clara,2021-04-14,37018,1343828,28016,741421,8998,528626,4,73781,26319,386301,10634,514400,26360,900701,California
Santa Clara,2021-04-15,44354,1388182,34349,775770,10000,538626,5,73786,34198,410499,10048,524448,34246,934947,California
Santa Clara,2021-04-16,38593,1426775,26400,802170,12190,550816,3,73789,27664,427325,10866,535314,27692,962639,California
Santa Clara,2021-04-17,22029,1448804,15039,817209,6988,557804,2,73791,15136,435639,6840,542154,15154,977793,California
Santa Clara,2021-04-18,16441,1465245,10699,827908,5742,563546,0,73791,10257,439753,6156,548310,10270,988063,California
Santa Clara,2021-04-19,28859,1494104,20874,848782,7984,571530,1,73792,17269,445532,11522,559832,17301,1005364,California
Santa Clara,2021-04-20,36974,1531078,22481,871263,14492,586022,1,73793,22569,453835,14298,574130,22601,1027965,California
Santa Clara,2021-04-21,36861,1567939,21380,892643,15479,601501,2,73795,24366,465828,12406,586536,24399,1052364,California
Santa Clara,2021-04-22,37278,1605217,24848,917491,12429,613930,1,73796,17606,463924,19577,606113,17673,1070037,California
Santa Clara,2021-04-23,32117,1637334,19523,937014,12593,626523,1,73797,15061,462083,16955,623068,15114,1085151,California
Santa Clara,2021-04-24,21154,1658488,15486,952500,5667,632190,1,73798,11979,464993,9100,632168,12010,1097161,California
Santa Clara,2021-04-25,13631,1672119,9872,962372,3753,635943,6,73804,8688,468813,4899,637067,8719,1105880,California
Santa Clara,2021-04-26,24982,1697101,19257,981629,5666,641609,59,73863,10365,464742,14519,651586,10448,1116328,California
Santa Clara,2021-04-27,27548,1724649,19576,1001205,7590,649199,382,74245,12008,461726,15448,667034,12432,1128760,California
Santa Clara,2021-04-28,26001,1750650,19267,1020472,6296,655495,438,74683,11035,458373,14884,681918,11531,1140291,California
Santa Clara,2021-04-29,23920,1774570,17502,1037974,6020,661515,398,75081,8969,452928,14877,696795,9432,1149723,California
Santa Clara,2021-04-30,23031,1797601,15765,1053739,6901,668416,365,75446,9764,449949,13181,709976,10202,1159925,California
Santa Clara,2021-05-01,17482,1815083,14532,1068271,2690,671106,260,75706,5462,443742,11971,721947,5764,1165689,California
Santa Clara,2021-05-02,11302,1826385,9380,1077651,1690,672796,232,75938,3482,439699,7778,729725,3735,1169424,California
Santa Clara,2021-05-03,22847,1849232,19396,1097047,3019,675815,432,76370,5129,427654,17641,747366,5596,1175020,California
Santa Clara,2021-05-04,30523,1879755,23865,1120912,6113,681928,545,76915,5463,408740,24961,772327,6047,1181067,California
Santa Clara,2021-05-05,32125,1911880,24372,1145284,7206,689134,547,77462,5417,388115,26613,798940,5988,1187055,California
Santa Clara,2021-05-06,35415,1947295,29517,1174801,5423,694557,475,77937,4674,362674,30610,829550,5169,1192224,California
Santa Clara,2021-05-07,32546,1979841,26173,1200974,5881,700438,492,78429,4641,340073,27774,857324,5173,1197397,California
Santa Clara,2021-05-08,16479,1996320,13408,1214382,2649,703087,422,78851,3485,331089,12908,870232,3924,1201321,California
Santa Clara,2021-05-09,10484,2006804,9119,1223501,1178,704265,187,79038,2460,325762,7987,878219,2660,1203981,California
Santa Clara,2021-05-10,20814,2027618,16674,1240175,3736,708001,404,79442,2737,310926,17998,896217,3162,1207143,California
Santa Clara,2021-05-11,22150,2049768,16612,1256787,5094,713095,444,79886,4007,297333,18052,914269,4459,1211602,California
Santa Clara,2021-05-12,21020,2070788,15375,1272162,5132,718227,513,80399,4523,285979,16406,930675,5052,1216654,California
Santa Clara,2021-05-13,28047,2098835,22717,1294879,5029,723256,301,80700,11250,280820,16715,947390,11556,1228210,California
Santa Clara,2021-05-14,27651,2126486,19291,1314170,7974,731230,386,81086,9718,273096,17839,965229,10115,1238325,California
Santa Clara,2021-05-15,20887,2147373,16772,1330942,3834,735064,281,81367,8091,268761,12713,977942,8378,1246703,California
Santa Clara,2021-05-16,16118,2163491,13122,1344064,2819,737883,177,81544,5238,263379,10800,988742,5418,1252121,California
Santa Clara,2021-05-17,20180,2183671,15865,1359929,3950,741833,365,81909,6895,257426,13214,1001956,7261,1259382,California
Santa Clara,2021-05-18,26115,2209786,16668,1376597,9032,750865,415,82324,7304,246472,18674,1020630,7720,1267102,California
Santa Clara,2021-05-19,24591,2234377,14371,1390968,9798,760663,422,82746,7508,237437,16973,1037603,7938,1275040,California
Santa Clara,2021-05-20,18342,2252719,12031,1402999,5861,766524,450,83196,6176,231979,12080,1049683,6622,1281662,California
Santa Clara,2021-05-21,22289,2275008,14812,1417811,6983,773507,494,83690,7657,225618,14527,1064210,8166,1289828,California
Santa Clara,2021-05-22,12835,2287843,9724,1427535,2763,776270,348,84038,5610,224421,7159,1071369,5962,1295790,California
Santa Clara,2021-05-23,8148,2295991,6026,1433561,1921,778191,201,84239,3272,223067,4829,1076198,3475,1299265,California
Santa Clara,2021-05-24,10275,2306266,7279,1440840,2546,780737,450,84689,3548,220399,6666,1082864,3998,1303263,California
Santa Clara,2021-05-25,11463,2317729,7949,1448789,3095,783832,419,85108,4465,218357,6924,1089788,4882,1308145,California
Santa Clara,2021-05-26,10359,2328088,6724,1455513,3302,787134,333,85441,3990,216408,6268,1096056,4319,1312464,California
Santa Clara,2021-05-27,9357,2337445,5999,1461512,2885,790019,473,85914,3588,214759,5703,1101759,4054,1316518,California
Santa Clara,2021-05-28,10843,2348288,7061,1468573,3359,793378,423,86337,4495,213392,6286,1108045,4919,1321437,California
Santa Clara,2021-05-29,6292,2354580,4301,1472874,1710,795088,281,86618,2887,213190,3366,1111411,3164,1324601,California
Santa Clara,2021-05-30,3811,2358391,2863,1475737,738,795826,210,86828,1827,213268,1958,1113369,2036,1326637,California
Santa Clara,2021-05-31,1095,2359486,631,1476368,355,796181,109,86937,444,213176,645,1114014,553,1327190,California
Santa Clara,2021-06-01,9040,2368526,6374,1482742,2286,798467,380,87317,3282,211149,5688,1119702,3661,1330851,California
Santa Clara,2021-06-02,7632,2376158,5502,1488244,1778,800245,352,87669,2961,209835,4618,1124320,3304,1334155,California
Santa Clara,2021-06-03,12216,2388374,10129,1498373,1720,801965,367,88036,2787,203617,9375,1133695,3157,1337312,California
Santa Clara,2021-06-04,13565,2401939,11387,1509760,1856,803821,322,88358,3404,197236,10100,1143795,3719,1341031,California
Santa Clara,2021-06-05,10440,2412379,8990,1518750,1192,805013,258,88616,2229,191561,8160,1151955,2485,1343516,California
Santa Clara,2021-06-06,6848,2419227,6103,1524853,593,805606,152,88768,1407,187733,5387,1157342,1559,1345075,California
Santa Clara,2021-06-07,9884,2429111,8329,1533182,1303,806909,252,89020,2393,182920,7454,1164796,2641,1347716,California
Santa Clara,2021-06-08,9116,2438227,7460,1540642,1384,808293,272,89292,2490,179108,6570,1171366,2758,1350474,California
Santa Clara,2021-06-09,9493,2447720,7931,1548573,1303,809596,259,89551,2295,174519,7138,1178504,2549,1353023,California
Santa Clara,2021-06-10,8233,2455953,6820,1555393,1089,810685,324,89875,2254,171169,5926,1184430,2576,1355599,California
Santa Clara,2021-06-11,8798,2464751,7369,1562762,1157,811842,272,90147,2095,166873,6664,1191094,2368,1357967,California
Santa Clara,2021-06-12,6980,2471731,5810,1568572,1009,812851,161,90308,1652,163400,5285,1196379,1812,1359779,California
Santa Clara,2021-06-13,3175,2474906,2481,1571053,584,813435,110,90418,844,162043,2311,1198690,954,1360733,California
Santa Clara,2021-06-14,3466,2478372,2748,1573801,546,813981,172,90590,1049,160867,2396,1201086,1220,1361953,California
Santa Cruz,2020-12-15,2,2,2,2,0,0,0,0,2,2,0,0,2,2,California
Santa Cruz,2020-12-16,55,57,55,57,0,0,0,0,55,57,0,0,55,57,California
Santa Cruz,2020-12-17,383,440,383,440,0,0,0,0,383,440,0,0,383,440,California
Santa Cruz,2020-12-18,448,888,448,888,0,0,0,0,448,888,0,0,448,888,California
Santa Cruz,2020-12-19,170,1058,169,1057,1,1,0,0,170,1058,0,0,170,1058,California
Santa Cruz,2020-12-20,90,1148,90,1147,0,1,0,0,90,1148,0,0,90,1148,California
Santa Cruz,2020-12-21,429,1577,428,1575,1,2,0,0,429,1577,0,0,429,1577,California
Santa Cruz,2020-12-22,409,1986,408,1983,1,3,0,0,409,1986,0,0,409,1986,California
Santa Cruz,2020-12-23,349,2335,311,2294,38,41,0,0,349,2335,0,0,349,2335,California
Santa Cruz,2020-12-24,120,2455,46,2340,74,115,0,0,120,2455,0,0,120,2455,California
Santa Cruz,2020-12-25,8,2463,8,2348,0,115,0,0,8,2463,0,0,8,2463,California
Santa Cruz,2020-12-26,59,2522,42,2390,17,132,0,0,59,2522,0,0,59,2522,California
Santa Cruz,2020-12-27,31,2553,26,2416,5,137,0,0,31,2553,0,0,31,2553,California
Santa Cruz,2020-12-28,466,3019,103,2519,363,500,0,0,466,3019,0,0,466,3019,California
Santa Cruz,2020-12-29,776,3795,362,2881,414,914,0,0,776,3795,0,0,776,3795,California
Santa Cruz,2020-12-30,337,4132,156,3037,181,1095,0,0,337,4132,0,0,337,4132,California
Santa Cruz,2020-12-31,308,4440,10,3047,298,1393,0,0,308,4440,0,0,308,4440,California
Santa Cruz,2021-01-01,33,4473,1,3048,32,1425,0,0,33,4473,0,0,33,4473,California
Santa Cruz,2021-01-02,63,4536,50,3098,13,1438,0,0,63,4536,0,0,63,4536,California
Santa Cruz,2021-01-03,14,4550,6,3104,8,1446,0,0,14,4550,0,0,14,4550,California
Santa Cruz,2021-01-04,271,4821,120,3224,151,1597,0,0,269,4819,0,0,269,4819,California
Santa Cruz,2021-01-05,551,5372,423,3647,128,1725,0,0,253,4774,298,298,253,5072,California
Santa Cruz,2021-01-06,782,6154,653,4300,129,1854,0,0,454,4901,327,625,454,5526,California
Santa Cruz,2021-01-07,519,6673,204,4504,315,2169,0,0,368,5119,151,776,369,5895,California
Santa Cruz,2021-01-08,904,7577,546,5050,358,2527,0,0,472,5160,432,1208,473,6368,California
Santa Cruz,2021-01-09,453,8030,120,5170,333,2860,0,0,400,5507,53,1261,400,6768,California
Santa Cruz,2021-01-10,70,8100,61,5231,9,2869,0,0,19,5475,51,1312,19,6787,California
Santa Cruz,2021-01-11,703,8803,574,5805,129,2998,0,0,182,5137,520,1832,182,6969,California
Santa Cruz,2021-01-12,709,9512,517,6322,192,3190,0,0,467,5363,241,2073,467,7436,California
Santa Cruz,2021-01-13,496,10008,225,6547,271,3461,0,0,415,5702,78,2151,417,7853,California
Santa Cruz,2021-01-14,522,10530,99,6646,423,3884,0,0,460,6102,62,2213,462,8315,California
Santa Cruz,2021-01-15,1412,11942,70,6716,1342,5226,0,0,1352,7397,60,2273,1355,9670,California
Santa Cruz,2021-01-16,410,12352,48,6764,362,5588,0,0,393,7774,17,2290,394,10064,California
Santa Cruz,2021-01-17,291,12643,40,6804,251,5839,0,0,267,8017,24,2314,267,10331,California
Santa Cruz,2021-01-18,975,13618,95,6899,880,6719,0,0,918,8878,57,2371,918,11249,California
Santa Cruz,2021-01-19,1591,15209,511,7410,1080,7799,0,0,1249,9788,340,2711,1250,12499,California
Santa Cruz,2021-01-20,1216,16425,169,7579,1047,8846,0,0,1024,10623,189,2900,1024,13523,California
Santa Cruz,2021-01-21,1658,18083,193,7772,1465,10311,0,0,1554,12076,103,3003,1556,15079,California
Santa Cruz,2021-01-22,1745,19828,510,8282,1235,11546,0,0,1643,13621,99,3102,1644,16723,California
Santa Cruz,2021-01-23,385,20213,137,8419,248,11794,0,0,331,13899,53,3155,331,17054,California
Santa Cruz,2021-01-24,107,20320,16,8435,91,11885,0,0,90,13972,17,3172,90,17144,California
Santa Cruz,2021-01-25,1017,21337,353,8788,664,12549,0,0,524,14003,493,3665,524,17668,California
Santa Cruz,2021-01-26,1634,22971,237,9025,1397,13946,0,0,1139,14647,495,4160,1139,18807,California
Santa Cruz,2021-01-27,1613,24584,436,9461,1177,15123,0,0,1235,15507,376,4536,1236,20043,California
Santa Cruz,2021-01-28,1706,26290,278,9739,1428,16551,0,0,1437,16676,269,4805,1438,21481,California
Santa Cruz,2021-01-29,1703,27993,479,10218,1224,17775,0,0,1576,18126,126,4931,1576,23057,California
Santa Cruz,2021-01-30,1051,29044,308,10526,743,18518,0,0,919,18913,132,5063,919,23976,California
Santa Cruz,2021-01-31,213,29257,109,10635,104,18622,0,0,199,19098,14,5077,199,24175,California
Santa Cruz,2021-02-01,1197,30454,736,11371,461,19083,0,0,807,19515,390,5467,807,24982,California
Santa Cruz,2021-02-02,951,31405,116,11487,835,19918,0,0,805,20176,144,5611,805,25787,California
Santa Cruz,2021-02-03,2156,33561,920,12407,1236,21154,0,0,1853,21729,300,5911,1853,27640,California
Santa Cruz,2021-02-04,1775,35336,738,13145,1037,22191,0,0,1447,22849,327,6238,1447,29087,California
Santa Cruz,2021-02-05,3062,38398,739,13884,2323,24514,0,0,2760,25308,301,6539,2760,31847,California
Santa Cruz,2021-02-06,2519,40917,144,14028,2375,26889,0,0,2181,27151,338,6877,2181,34028,California
Santa Cruz,2021-02-07,886,41803,119,14147,767,27656,0,0,869,28003,17,6894,869,34897,California
Santa Cruz,2021-02-08,672,42475,191,14338,481,28137,0,0,484,28300,187,7081,484,35381,California
Santa Cruz,2021-02-09,2299,44774,1030,15368,1269,29406,0,0,2045,30091,254,7335,2045,37426,California
Santa Cruz,2021-02-10,2095,46869,544,15912,1551,30957,0,0,1427,30862,657,7992,1428,38854,California
Santa Cruz,2021-02-11,1764,48633,292,16204,1472,32429,0,0,1278,31656,484,8476,1278,40132,California
Santa Cruz,2021-02-12,3092,51725,402,16606,2690,35119,0,0,1726,32027,1357,9833,1728,41860,California
Santa Cruz,2021-02-13,1648,53373,117,16723,1531,36650,0,0,1251,32881,397,10230,1251,43111,California
Santa Cruz,2021-02-14,1368,54741,67,16790,1301,37951,0,0,1110,33733,258,10488,1110,44221,California
Santa Cruz,2021-02-15,1526,56267,271,17061,1255,39206,0,0,535,33278,991,11479,536,44757,California
Santa Cruz,2021-02-16,1635,57902,195,17256,1440,40646,0,0,499,32663,1114,12593,499,45256,California
Santa Cruz,2021-02-17,2822,60724,942,18198,1880,42526,0,0,1152,32162,1656,14249,1155,46411,California
Santa Cruz,2021-02-18,2782,63506,604,18802,2178,44704,0,0,1191,31766,1587,15836,1191,47602,California
Santa Cruz,2021-02-19,3151,66657,1094,19896,2057,46761,0,0,1936,32490,1212,17048,1936,49538,California
Santa Cruz,2021-02-20,2297,68954,1436,21332,861,47622,0,0,1806,33805,491,17539,1806,51344,California
Santa Cruz,2021-02-21,811,69765,350,21682,461,48083,0,0,683,34362,126,17665,683,52027,California
Santa Cruz,2021-02-22,1173,70938,904,22586,269,48352,0,0,501,34193,670,18335,501,52528,California
Santa Cruz,2021-02-23,2022,72960,900,23486,1122,49474,0,0,678,33528,1343,19678,678,53206,California
Santa Cruz,2021-02-24,3083,76043,1609,25095,1474,50948,0,0,1167,32784,1911,21589,1167,54373,California
Santa Cruz,2021-02-25,3116,79159,1359,26454,1757,52705,0,0,1720,33117,1388,22977,1721,56094,California
Santa Cruz,2021-02-26,2649,81808,722,27176,1927,54632,0,0,1510,33494,1134,24111,1511,57605,California
Santa Cruz,2021-02-27,2582,84390,903,28079,1679,56311,0,0,1805,34524,775,24886,1805,59410,California
Santa Cruz,2021-02-28,1258,85648,351,28430,907,57218,0,0,1057,35383,198,25084,1057,60467,California
Santa Cruz,2021-03-01,1843,87491,1210,29640,633,57851,0,0,677,34896,1164,26248,677,61144,California
Santa Cruz,2021-03-02,1453,88944,338,29978,1115,58966,0,0,816,35079,636,26884,819,61963,California
Santa Cruz,2021-03-03,2268,91212,605,30583,1663,60629,0,0,1238,35290,1027,27911,1238,63201,California
Santa Cruz,2021-03-04,2855,94067,1363,31946,1491,62120,1,1,1918,36284,926,28837,1920,65121,California
Santa Cruz,2021-03-05,2554,96621,457,32403,2080,64200,17,18,1104,35958,1447,30284,1121,66242,California
Santa Cruz,2021-03-06,3681,100302,1229,33632,2352,66552,100,118,2020,36416,1661,31945,2119,68361,California
Santa Cruz,2021-03-07,1316,101618,117,33749,1130,67682,69,187,543,36256,772,32717,612,68973,California
Santa Cruz,2021-03-08,1051,102669,208,33957,714,68396,129,316,635,36602,416,33133,762,69735,California
Santa Cruz,2021-03-09,1697,104366,241,34198,1311,69707,145,461,667,36387,1027,34160,812,70547,California
Santa Cruz,2021-03-10,3746,108112,2050,36248,1555,71262,141,602,1955,36696,1789,35949,2098,72645,California
Santa Cruz,2021-03-11,2731,110843,1193,37441,1370,72632,168,770,1518,37172,1212,37161,1688,74333,California
Santa Cruz,2021-03-12,2641,113484,847,38288,1516,74148,278,1048,890,36592,1747,38908,1167,75500,California
Santa Cruz,2021-03-13,2202,115686,1271,39559,894,75042,37,1085,1132,36696,1067,39975,1171,76671,California
Santa Cruz,2021-03-14,862,116548,187,39746,662,75704,13,1098,416,36680,444,40419,428,77099,California
Santa Cruz,2021-03-15,1259,117807,445,40191,781,76485,33,1131,541,36541,714,41133,575,77674,California
Santa Cruz,2021-03-16,2211,120018,1047,41238,1123,77608,41,1172,1277,36929,929,42062,1317,78991,California
Santa Cruz,2021-03-17,3789,123807,2246,43484,1533,79141,10,1182,2492,38144,1291,43353,2506,81497,California
Santa Cruz,2021-03-18,3715,127522,1992,45476,1607,80748,116,1298,1977,38502,1735,45088,2093,83590,California
Santa Cruz,2021-03-19,3245,130767,1264,46740,1768,82516,213,1511,1688,38850,1552,46640,1900,85490,California
Santa Cruz,2021-03-20,2116,132883,1588,48328,492,83008,36,1547,1054,38879,1061,47701,1090,86580,California
Santa Cruz,2021-03-21,795,133678,421,48749,251,83259,123,1670,416,39042,377,48078,540,87120,California
Santa Cruz,2021-03-22,1280,134958,788,49537,470,83729,22,1692,896,39580,381,48459,919,88039,California
Santa Cruz,2021-03-23,2446,137404,1359,50896,1038,84767,49,1741,1625,40434,820,49279,1674,89713,California
Santa Cruz,2021-03-24,2952,140356,2002,52898,929,85696,21,1762,1939,41386,1007,50286,1959,91672,California
Santa Cruz,2021-03-25,2528,142884,1272,54170,1224,86920,32,1794,1279,41452,1245,51531,1311,92983,California
Santa Cruz,2021-03-26,2988,145872,1731,55901,1231,88151,26,1820,2044,42584,937,52468,2069,95052,California
Santa Cruz,2021-03-27,3049,148921,1884,57785,1140,89291,25,1845,1433,42437,1606,54074,1459,96511,California
Santa Cruz,2021-03-28,887,149808,541,58326,332,89623,14,1859,459,42486,424,54498,473,96984,California
Santa Cruz,2021-03-29,1904,151712,828,59154,1009,90632,67,1926,1205,43062,696,55194,1272,98256,California
Santa Cruz,2021-03-30,2570,154282,772,59926,1647,92279,151,2077,1649,43942,919,56113,1799,100055,California
Santa Cruz,2021-03-31,4027,158309,2740,62666,1243,93522,44,2121,2107,44176,1917,58030,2151,102206,California
Santa Cruz,2021-04-01,3863,162172,2078,64744,1679,95201,106,2227,1953,44333,1903,59933,2060,104266,California
Santa Cruz,2021-04-02,3167,165339,1349,66093,1647,96848,171,2398,1788,44916,1376,61309,1959,106225,California
Santa Cruz,2021-04-03,2166,167505,1191,67284,856,97704,119,2517,847,44563,1317,62626,964,107189,California
Santa Cruz,2021-04-04,899,168404,468,67752,377,98081,54,2571,526,44770,373,62999,580,107769,California
Santa Cruz,2021-04-05,2183,170587,733,68485,1289,99370,161,2732,1351,45452,831,63830,1513,109282,California
Santa Cruz,2021-04-06,3262,173849,1586,70071,1309,100679,367,3099,1897,46355,1355,65185,2258,111540,California
Santa Cruz,2021-04-07,3984,177833,1565,71636,2078,102757,341,3440,1714,46142,2267,67452,2054,113594,California
Santa Cruz,2021-04-08,4091,181924,2229,73865,1374,104131,488,3928,2406,47358,1676,69128,2892,116486,California
Santa Cruz,2021-04-09,3604,185528,1446,75311,1773,105904,385,4313,2027,48201,1570,70698,2413,118899,California
Santa Cruz,2021-04-10,2149,187677,1014,76325,905,106809,230,4543,1004,48293,1141,71839,1233,120132,California
Santa Cruz,2021-04-11,931,188608,473,76798,369,107178,89,4632,432,48315,499,72338,521,120653,California
Santa Cruz,2021-04-12,2214,190822,769,77567,1041,108219,404,5036,1069,48657,1131,73469,1473,122126,California
Santa Cruz,2021-04-13,2814,193636,1393,78960,1420,109639,1,5037,1603,49059,1202,74671,1604,123730,California
Santa Cruz,2021-04-14,4499,198135,2137,81097,2362,112001,0,5037,2232,49046,2257,76928,2244,125974,California
Santa Cruz,2021-04-15,4880,203015,3087,84184,1793,113794,0,5037,3108,50395,1760,78688,3109,129083,California
Santa Cruz,2021-04-16,4308,207323,2346,86530,1960,115754,2,5039,2349,50797,1951,80639,2353,131436,California
Santa Cruz,2021-04-17,2152,209475,845,87375,1307,117061,0,5039,1428,51504,722,81361,1429,132865,California
Santa Cruz,2021-04-18,1016,210491,482,87857,533,117594,1,5040,573,51637,441,81802,574,133439,California
Santa Cruz,2021-04-19,2451,212942,1452,89309,998,118592,1,5041,1561,52311,887,82689,1561,135000,California
Santa Cruz,2021-04-20,3011,215953,1583,90892,1428,120020,0,5041,1747,52804,1255,83944,1748,136748,California
Santa Cruz,2021-04-21,4047,220000,2704,93596,1343,121363,0,5041,2183,53142,1846,85790,2184,138932,California
Santa Cruz,2021-04-22,4134,224134,2794,96390,1340,122703,0,5041,2329,53675,1796,87586,2329,141261,California
Santa Cruz,2021-04-23,3062,227196,1645,98035,1416,124119,1,5042,1329,53281,1723,89309,1329,142590,California
Santa Cruz,2021-04-24,2158,229354,1043,99078,1112,125231,3,5045,673,52482,1475,90784,676,143266,California
Santa Cruz,2021-04-25,1045,230399,665,99743,368,125599,12,5057,425,52306,612,91396,436,143702,California
Santa Cruz,2021-04-26,2025,232424,976,100719,1033,126632,16,5073,848,52004,1167,92563,865,144567,California
Santa Cruz,2021-04-27,2871,235295,916,101635,1874,128506,81,5154,1436,52093,1427,93990,1516,146083,California
Santa Cruz,2021-04-28,3317,238612,1836,103471,1407,129913,74,5228,1748,52354,1558,95548,1819,147902,California
Santa Cruz,2021-04-29,3627,242239,2409,105880,1157,131070,61,5289,1276,51351,2341,97889,1338,149240,California
Santa Cruz,2021-04-30,2293,244532,1156,107036,1094,132164,43,5332,974,51057,1312,99201,1018,150258,California
Santa Cruz,2021-05-01,1224,245756,968,108004,224,132388,32,5364,587,51042,634,99835,619,150877,California
Santa Cruz,2021-05-02,586,246342,410,108414,151,132539,25,5389,203,50888,383,100218,229,151106,California
Santa Cruz,2021-05-03,1856,248198,939,109353,853,133392,64,5453,645,50398,1200,101418,710,151816,California
Santa Cruz,2021-05-04,2575,250773,1481,110834,1027,134419,67,5520,849,49589,1723,103141,914,152730,California
Santa Cruz,2021-05-05,2641,253414,1293,112127,1269,135688,79,5599,695,48462,1905,105046,778,153508,California
Santa Cruz,2021-05-06,3714,257128,2358,114485,1143,136831,213,5812,842,46659,2855,107901,1052,154560,California
Santa Cruz,2021-05-07,2620,259748,1152,115637,1389,138220,79,5891,423,44970,2192,110093,503,155063,California
Santa Cruz,2021-05-08,1310,261058,646,116283,636,138856,28,5919,366,44421,944,111037,395,155458,California
Santa Cruz,2021-05-09,503,261561,320,116603,161,139017,22,5941,158,44258,343,111380,180,155638,California
Santa Cruz,2021-05-10,1996,263557,1180,117783,755,139772,61,6002,400,43131,1588,112968,461,156099,California
Santa Cruz,2021-05-11,2299,265856,1279,119062,936,140708,84,6086,627,42172,1669,114637,710,156809,California
Santa Cruz,2021-05-12,3043,268899,1272,120334,1694,142402,77,6163,547,40309,2488,117125,625,157434,California
Santa Cruz,2021-05-13,3786,272685,2542,122876,1152,143554,92,6255,1352,39325,2430,119555,1446,158880,California
Santa Cruz,2021-05-14,2884,275569,1569,124445,1278,144832,37,6292,1115,38718,1761,121316,1154,160034,California
Santa Cruz,2021-05-15,2221,277790,1287,125732,923,145755,11,6303,1090,38691,1128,122444,1101,161135,California
Santa Cruz,2021-05-16,709,278499,351,126083,339,146094,19,6322,209,38421,499,122943,229,161364,California
Santa Cruz,2021-05-17,1482,279981,756,126839,661,146755,65,6387,527,38059,954,123897,592,161956,California
Santa Cruz,2021-05-18,2222,282203,1353,128192,846,147601,23,6410,1083,38034,1131,125028,1106,163062,California
Santa Cruz,2021-05-19,3010,285213,1819,130011,1156,148757,35,6445,1304,37675,1698,126726,1339,164401,California
Santa Cruz,2021-05-20,3308,288521,2371,132382,790,149547,147,6592,1562,37645,1739,128465,1709,166110,California
Santa Cruz,2021-05-21,1724,290245,885,133267,754,150301,85,6677,607,37225,1112,129577,692,166802,California
Santa Cruz,2021-05-22,1704,291949,1316,134583,378,150679,10,6687,595,36726,1105,130682,606,167408,California
Santa Cruz,2021-05-23,451,292400,249,134832,183,150862,19,6706,143,36582,306,130988,162,167570,California
Santa Cruz,2021-05-24,1131,293531,650,135482,404,151266,77,6783,296,36128,827,131815,373,167943,California
Santa Cruz,2021-05-25,2230,295761,1284,136766,901,152167,45,6828,460,35008,1624,133439,504,168447,California
Santa Cruz,2021-05-26,1677,297438,784,137550,850,153017,43,6871,475,34336,1190,134629,518,168965,California
Santa Cruz,2021-05-27,1289,298727,702,138252,486,153503,101,6972,456,34066,827,135456,557,169522,California
Santa Cruz,2021-05-28,834,299561,370,138622,434,153937,30,7002,365,34002,460,135916,396,169918,California
Santa Cruz,2021-05-29,572,300133,325,138947,237,154174,10,7012,326,34094,245,136161,337,170255,California
Santa Cruz,2021-05-30,234,300367,117,139064,105,154279,12,7024,94,34062,137,136298,105,170360,California
Santa Cruz,2021-05-31,143,300510,63,139127,79,154358,1,7025,46,34013,96,136394,47,170407,California
Santa Cruz,2021-06-01,889,301399,542,139669,337,154695,10,7035,333,33802,554,136948,343,170750,California
Santa Cruz,2021-06-02,884,302283,525,140194,320,155015,39,7074,352,33666,527,137475,391,171141,California
Santa Cruz,2021-06-03,2221,304504,1506,141700,677,155692,38,7112,531,32555,1680,139155,569,171710,California
Santa Cruz,2021-06-04,1039,305543,712,142412,296,155988,31,7143,247,32049,785,139940,279,171989,California
Santa Cruz,2021-06-05,1004,306547,818,143230,182,156170,4,7147,180,31412,821,140761,184,172173,California
Santa Cruz,2021-06-06,382,306929,276,143506,89,156259,17,7164,126,31302,253,141014,143,172316,California
Santa Cruz,2021-06-07,819,307748,607,144113,182,156441,30,7194,222,30958,596,141610,252,172568,California
Santa Cruz,2021-06-08,1400,309148,1114,145227,261,156702,25,7219,291,30170,1105,142715,317,172885,California
Santa Cruz,2021-06-09,1340,310488,1042,146269,281,156983,17,7236,270,29396,1062,143777,288,173173,California
Santa Cruz,2021-06-10,1737,312225,1388,147657,283,157266,66,7302,318,28363,1414,145191,381,173554,California
Santa Cruz,2021-06-11,758,312983,454,148111,273,157539,31,7333,253,28143,502,145693,282,173836,California
Santa Cruz,2021-06-12,963,313946,850,148961,107,157646,6,7339,167,27522,794,146487,173,174009,California
Santa Cruz,2021-06-13,171,314117,116,149077,36,157682,19,7358,22,27415,149,146636,42,174051,California
Santa Cruz,2021-06-14,199,314316,143,149220,44,157726,12,7370,52,27334,145,146781,64,174115,California
Shasta,2020-12-15,1,1,1,1,0,0,0,0,1,1,0,0,1,1,California
Shasta,2020-12-16,132,133,132,133,0,0,0,0,132,133,0,0,132,133,California
Shasta,2020-12-17,421,554,421,554,0,0,0,0,421,554,0,0,421,554,California
Shasta,2020-12-18,164,718,164,718,0,0,0,0,164,718,0,0,164,718,California
Shasta,2020-12-19,1,719,1,719,0,0,0,0,1,719,0,0,1,719,California
Shasta,2020-12-21,69,788,69,788,0,0,0,0,69,788,0,0,69,788,California
Shasta,2020-12-22,185,973,180,968,5,5,0,0,185,973,0,0,185,973,California
Shasta,2020-12-23,170,1143,166,1134,4,9,0,0,170,1143,0,0,170,1143,California
Shasta,2020-12-24,23,1166,23,1157,0,9,0,0,23,1166,0,0,23,1166,California
Shasta,2020-12-26,4,1170,1,1158,3,12,0,0,4,1170,0,0,4,1170,California
Shasta,2020-12-27,2,1172,1,1159,1,13,0,0,2,1172,0,0,2,1172,California
Shasta,2020-12-28,37,1209,28,1187,9,22,0,0,37,1209,0,0,37,1209,California
Shasta,2020-12-29,178,1387,177,1364,1,23,0,0,178,1387,0,0,178,1387,California
Shasta,2020-12-30,180,1567,171,1535,9,32,0,0,180,1567,0,0,180,1567,California
Shasta,2020-12-31,83,1650,2,1537,81,113,0,0,83,1650,0,0,83,1650,California
Shasta,2021-01-02,2,1652,0,1537,2,115,0,0,2,1652,0,0,2,1652,California
Shasta,2021-01-03,1,1653,1,1538,0,115,0,0,1,1653,0,0,1,1653,California
Shasta,2021-01-04,361,2014,302,1840,59,174,0,0,362,2015,0,0,362,2015,California
Shasta,2021-01-05,334,2348,313,2153,21,195,0,0,254,2189,80,80,254,2269,California
Shasta,2021-01-06,462,2810,391,2544,71,266,0,0,201,2130,260,340,201,2470,California
Shasta,2021-01-07,129,2939,42,2586,87,353,0,0,102,2205,27,367,102,2572,California
Shasta,2021-01-08,518,3457,443,3029,75,428,0,0,312,2311,206,573,312,2884,California
Shasta,2021-01-09,73,3530,64,3093,9,437,0,0,70,2378,3,576,70,2954,California
Shasta,2021-01-10,5,3535,0,3093,5,442,0,0,3,2381,2,578,5,2959,California
Shasta,2021-01-11,397,3932,180,3273,217,659,0,0,367,2718,30,608,367,3326,California
Shasta,2021-01-12,474,4406,317,3590,157,816,0,0,308,2860,166,774,308,3634,California
Shasta,2021-01-13,593,4999,266,3856,327,1143,0,0,425,3118,168,942,426,4060,California
Shasta,2021-01-14,493,5492,57,3913,436,1579,0,0,471,3567,22,964,471,4531,California
Shasta,2021-01-15,665,6157,135,4048,530,2109,0,0,664,4230,1,965,664,5195,California
Shasta,2021-01-16,887,7044,53,4101,834,2943,0,0,884,5111,3,968,884,6079,California
Shasta,2021-01-17,27,7071,6,4107,21,2964,0,0,23,5130,4,972,23,6102,California
Shasta,2021-01-18,595,7666,127,4234,468,3432,0,0,588,5711,7,979,588,6690,California
Shasta,2021-01-19,1053,8719,394,4628,659,4091,0,0,910,6478,143,1122,910,7600,California
Shasta,2021-01-20,669,9388,413,5041,256,4347,0,0,481,6776,183,1305,481,8081,California
Shasta,2021-01-21,618,10006,280,5321,338,4685,0,0,597,7352,21,1326,597,8678,California
Shasta,2021-01-22,431,10437,177,5498,254,4939,0,0,425,7771,6,1332,425,9103,California
Shasta,2021-01-23,61,10498,5,5503,56,4995,0,0,60,7830,1,1333,60,9163,California
Shasta,2021-01-24,23,10521,2,5505,21,5016,0,0,22,7851,1,1334,22,9185,California
Shasta,2021-01-25,740,11261,485,5990,255,5271,0,0,457,8026,282,1616,457,9642,California
Shasta,2021-01-26,697,11958,339,6329,358,5629,0,0,462,8255,233,1849,462,10104,California
Shasta,2021-01-27,451,12409,191,6520,260,5889,0,0,403,8610,48,1897,403,10507,California
Shasta,2021-01-28,868,13277,570,7090,298,6187,0,0,650,9042,218,2115,650,11157,California
Shasta,2021-01-29,808,14085,328,7418,480,6667,0,0,621,9477,187,2302,622,11779,California
Shasta,2021-01-30,606,14691,15,7433,591,7258,0,0,595,10061,11,2313,595,12374,California
Shasta,2021-01-31,26,14717,3,7436,23,7281,0,0,25,10085,1,2314,25,12399,California
Shasta,2021-02-01,534,15251,149,7585,385,7666,0,0,393,10337,141,2455,393,12792,California
Shasta,2021-02-02,983,16234,499,8084,484,8150,0,0,892,11140,89,2544,892,13684,California
Shasta,2021-02-03,697,16931,210,8294,487,8637,0,0,465,11373,232,2776,465,14149,California
Shasta,2021-02-04,1088,18019,680,8974,408,9045,0,0,898,12082,189,2965,898,15047,California
Shasta,2021-02-05,1251,19270,166,9140,1085,10130,0,0,1044,12920,206,3171,1044,16091,California
Shasta,2021-02-06,1736,21006,40,9180,1696,11826,0,0,1713,14610,23,3194,1713,17804,California
Shasta,2021-02-07,25,21031,3,9183,22,11848,0,0,23,14631,2,3196,23,17827,California
Shasta,2021-02-08,588,21619,167,9350,421,12269,0,0,303,14649,285,3481,303,18130,California
Shasta,2021-02-09,1116,22735,642,9992,474,12743,0,0,729,14992,387,3868,730,18860,California
Shasta,2021-02-10,1117,23852,791,10783,326,13069,0,0,599,15073,519,4387,600,19460,California
Shasta,2021-02-11,869,24721,183,10966,686,13755,0,0,356,14921,508,4895,356,19816,California
Shasta,2021-02-12,1762,26483,1203,12169,559,14314,0,0,1225,15609,537,5432,1225,21041,California
Shasta,2021-02-13,1354,27837,364,12533,990,15304,0,0,552,15359,803,6235,553,21594,California
Shasta,2021-02-14,148,27985,4,12537,144,15448,0,0,125,15461,23,6258,125,21719,California
Shasta,2021-02-15,376,28361,97,12634,279,15727,0,0,209,15503,167,6425,209,21928,California
Shasta,2021-02-16,1189,29550,515,13149,674,16401,0,0,421,15157,767,7192,421,22349,California
Shasta,2021-02-17,1034,30584,451,13600,583,16984,0,0,418,14959,616,7808,418,22767,California
Shasta,2021-02-18,939,31523,472,14072,467,17451,0,0,455,14931,484,8292,456,23223,California
Shasta,2021-02-19,1328,32851,948,15020,380,17831,0,0,872,15347,456,8748,872,24095,California
Shasta,2021-02-20,787,33638,87,15107,700,18531,0,0,295,15150,492,9240,295,24390,California
Shasta,2021-02-21,29,33667,3,15110,26,18557,0,0,9,15139,20,9260,9,24399,California
Shasta,2021-02-22,432,34099,81,15191,351,18908,0,0,182,15072,249,9509,182,24581,California
Shasta,2021-02-23,909,35008,468,15659,441,19349,0,0,325,14813,584,10093,325,24906,California
Shasta,2021-02-24,859,35867,498,16157,361,19710,0,0,264,14483,594,10687,264,25170,California
Shasta,2021-02-25,515,36382,179,16336,336,20046,0,0,169,14307,345,11032,169,25339,California
Shasta,2021-02-26,773,37155,99,16435,674,20720,0,0,335,14205,437,11469,335,25674,California
Shasta,2021-02-27,797,37952,26,16461,771,21491,0,0,186,13783,608,12077,186,25860,California
Shasta,2021-02-28,176,38128,4,16465,172,21663,0,0,127,13861,49,12126,127,25987,California
Shasta,2021-03-01,591,38719,57,16522,534,22197,0,0,297,13865,293,12419,297,26284,California
Shasta,2021-03-02,1027,39746,472,16994,555,22752,0,0,338,13515,688,13107,338,26622,California
Shasta,2021-03-03,677,40423,180,17174,497,23249,0,0,242,13322,435,13542,242,26864,California
Shasta,2021-03-04,2977,43400,2396,19570,581,23830,0,0,1718,13784,1257,14799,1719,28583,California
Shasta,2021-03-05,1535,44935,159,19729,1347,25177,29,29,775,13827,761,15560,804,29387,California
Shasta,2021-03-06,2714,47649,381,20110,2288,27465,45,74,848,12856,1864,17424,893,30280,California
Shasta,2021-03-07,92,47741,4,20114,56,27521,32,106,38,12872,54,17478,70,30350,California
Shasta,2021-03-08,569,48310,54,20168,377,27898,138,244,156,12755,411,17889,294,30644,California
Shasta,2021-03-09,1230,49540,595,20763,461,28359,174,418,675,13049,554,18443,848,31492,California
Shasta,2021-03-10,794,50334,255,21018,337,28696,202,620,140,12736,653,19096,340,31832,California
Shasta,2021-03-11,1521,51855,468,21486,792,29488,261,881,918,13315,600,19696,1179,33011,California
Shasta,2021-03-12,1542,53397,847,22333,452,29940,243,1124,400,12815,1141,20837,641,33652,California
Shasta,2021-03-13,750,54147,423,22756,227,30167,100,1224,473,13111,276,21113,572,34224,California
Shasta,2021-03-14,1005,55152,8,22764,975,31142,22,1246,868,13865,137,21250,891,35115,California
Shasta,2021-03-15,487,55639,39,22803,353,31495,95,1341,209,13890,278,21528,303,35418,California
Shasta,2021-03-16,1116,56755,142,22945,906,32401,68,1409,834,14510,282,21810,902,36320,California
Shasta,2021-03-17,711,57466,181,23126,472,32873,58,1467,375,14614,329,22139,433,36753,California
Shasta,2021-03-18,1520,58986,582,23708,835,33708,103,1570,1097,15395,419,22558,1200,37953,California
Shasta,2021-03-19,627,59613,197,23905,373,34081,57,1627,390,15606,236,22794,447,38400,California
Shasta,2021-03-20,733,60346,482,24387,240,34321,11,1638,591,16066,142,22936,602,39002,California
Shasta,2021-03-21,313,60659,298,24685,4,34325,11,1649,286,16337,26,22962,297,39299,California
Shasta,2021-03-22,338,60997,34,24719,269,34594,35,1684,195,16425,142,23104,230,39529,California
Shasta,2021-03-23,1305,62302,651,25370,595,35189,59,1743,757,16698,543,23647,816,40345,California
Shasta,2021-03-24,609,62911,161,25531,411,35600,37,1780,368,16863,240,23887,405,40750,California
Shasta,2021-03-25,1107,64018,424,25955,662,36262,21,1801,793,17366,312,24199,815,41565,California
Shasta,2021-03-26,1793,65811,1369,27324,393,36655,31,1832,1436,18477,357,24556,1468,43033,California
Shasta,2021-03-27,1547,67358,372,27696,312,36967,863,2695,540,18871,1005,25561,1399,44432,California
Shasta,2021-03-28,400,67758,297,27993,93,37060,10,2705,299,19081,99,25660,309,44741,California
Shasta,2021-03-29,416,68174,40,28033,365,37425,11,2716,162,19001,253,25913,173,44914,California
Shasta,2021-03-30,1220,69394,751,28784,452,37877,17,2733,606,19013,611,26524,623,45537,California
Shasta,2021-03-31,609,70003,199,28983,403,38280,7,2740,369,19153,236,26760,376,45913,California
Shasta,2021-04-01,870,70873,229,29212,629,38909,12,2752,547,19391,321,27081,559,46472,California
Shasta,2021-04-02,724,71597,180,29392,491,39400,53,2805,391,19504,331,27412,444,46916,California
Shasta,2021-04-03,505,72102,361,29753,127,39527,17,2822,385,19786,120,27532,402,47318,California
Shasta,2021-04-04,288,72390,173,29926,95,39622,20,2842,215,19948,73,27605,235,47553,California
Shasta,2021-04-05,430,72820,67,29993,307,39929,56,2898,249,20072,181,27786,305,47858,California
Shasta,2021-04-06,1125,73945,483,30476,477,40406,165,3063,537,20190,583,28369,701,48559,California
Shasta,2021-04-07,634,74579,194,30670,281,40687,159,3222,242,20202,388,28757,400,48959,California
Shasta,2021-04-08,1126,75705,257,30927,713,41400,156,3378,207,19648,916,29673,362,49321,California
Shasta,2021-04-09,2557,78262,2053,32980,298,41698,206,3584,1991,21283,559,30232,2194,51515,California
Shasta,2021-04-10,863,79125,581,33561,154,41852,128,3712,259,21064,604,30836,385,51900,California
Shasta,2021-04-11,1239,80364,396,33957,823,42675,20,3732,142,20133,1093,31929,162,52062,California
Shasta,2021-04-12,333,80697,7,33964,266,42941,60,3792,95,20050,237,32166,154,52216,California
Shasta,2021-04-13,1251,81948,361,34325,888,43829,2,3794,341,19487,906,33072,343,52559,California
Shasta,2021-04-14,580,82528,149,34474,429,44258,2,3796,220,19350,359,33431,222,52781,California
Shasta,2021-04-15,1053,83581,249,34723,803,45061,1,3797,298,18898,751,34182,299,53080,California
Shasta,2021-04-16,2285,85866,1812,36535,473,45534,0,3797,927,18469,1356,35538,927,54007,California
Shasta,2021-04-17,611,86477,389,36924,222,45756,0,3797,177,18213,434,35972,178,54185,California
Shasta,2021-04-18,263,86740,238,37162,25,45781,0,3797,31,18014,230,36202,31,54216,California
Shasta,2021-04-19,374,87114,28,37190,346,46127,0,3797,160,17960,214,36416,160,54376,California
Shasta,2021-04-20,971,88085,222,37412,749,46876,0,3797,362,17714,608,37024,362,54738,California
Shasta,2021-04-21,577,88662,198,37610,379,47255,0,3797,298,17733,279,37303,298,55036,California
Shasta,2021-04-22,939,89601,262,37872,677,47932,0,3797,296,17388,641,37944,296,55332,California
Shasta,2021-04-23,627,90228,242,38114,385,48317,0,3797,318,17398,308,38252,318,55650,California
Shasta,2021-04-24,593,90821,355,38469,237,48554,1,3798,106,17019,485,38737,106,55756,California
Shasta,2021-04-25,207,91028,177,38646,29,48583,1,3799,36,16885,171,38908,37,55793,California
Shasta,2021-04-26,492,91520,53,38699,434,49017,5,3804,348,17095,142,39050,352,56145,California
Shasta,2021-04-27,534,92054,171,38870,325,49342,38,3842,300,17199,231,39281,335,56480,California
Shasta,2021-04-28,560,92614,137,39007,391,49733,32,3874,251,17172,309,39590,282,56762,California
Shasta,2021-04-29,753,93367,108,39115,623,50356,22,3896,178,16798,574,40164,200,56962,California
Shasta,2021-04-30,2232,95599,1813,40928,389,50745,30,3926,255,15107,1976,42140,285,57247,California
Shasta,2021-05-01,218,95817,19,40947,126,50871,73,3999,95,15152,123,42263,168,57415,California
Shasta,2021-05-02,46,95863,16,40963,17,50888,13,4012,19,15157,27,42290,32,57447,California
Shasta,2021-05-03,346,96209,93,41056,228,51116,25,4037,109,15055,236,42526,134,57581,California
Shasta,2021-05-04,519,96728,192,41248,290,51406,37,4074,251,15078,265,42791,288,57869,California
Shasta,2021-05-05,427,97155,137,41385,273,51679,17,4091,197,15062,230,43021,214,58083,California
Shasta,2021-05-06,682,97837,258,41643,387,52066,37,4128,289,15002,384,43405,324,58407,California
Shasta,2021-05-07,1092,98929,725,42368,329,52395,38,4166,297,14543,794,44199,335,58742,California
Shasta,2021-05-08,163,99092,80,42448,73,52468,10,4176,95,14579,68,44267,104,58846,California
Shasta,2021-05-09,63,99155,14,42462,44,52512,5,4181,33,14587,30,44297,38,58884,California
Shasta,2021-05-10,251,99406,20,42482,184,52696,47,4228,110,14603,138,44435,154,59038,California
Shasta,2021-05-11,503,99909,145,42627,210,52906,148,4376,180,14609,322,44757,328,59366,California
Shasta,2021-05-12,390,100299,140,42767,227,53133,23,4399,130,14503,259,45016,153,59519,California
Shasta,2021-05-13,576,100875,239,43006,322,53455,15,4414,223,14390,351,45367,238,59757,California
Shasta,2021-05-14,631,101506,267,43273,339,53794,25,4439,290,14366,340,45707,316,60073,California
Shasta,2021-05-15,378,101884,119,43392,160,53954,99,4538,157,14401,220,45927,255,60328,California
Shasta,2021-05-16,220,102104,154,43546,56,54010,10,4548,162,14515,58,45985,172,60500,California
Shasta,2021-05-17,528,102632,243,43789,227,54237,58,4606,281,14608,246,46231,339,60839,California
Shasta,2021-05-18,606,103238,292,44081,290,54527,24,4630,324,14674,282,46513,348,61187,California
Shasta,2021-05-19,586,103824,276,44357,243,54770,67,4697,285,14729,297,46810,352,61539,California
Shasta,2021-05-20,562,104386,252,44609,291,55061,19,4716,264,14717,295,47105,283,61822,California
Shasta,2021-05-21,635,105021,284,44893,332,55393,19,4735,338,14779,295,47400,357,62179,California
Shasta,2021-05-22,231,105252,130,45023,92,55485,9,4744,143,14845,86,47486,152,62331,California
Shasta,2021-05-23,111,105363,48,45071,55,55540,8,4752,68,14878,43,47529,76,62407,California
Shasta,2021-05-24,521,105884,162,45233,329,55869,30,4782,184,14756,336,47865,214,62621,California
Shasta,2021-05-25,461,106345,196,45429,220,56089,45,4827,158,14659,299,48164,202,62823,California
Shasta,2021-05-26,371,106716,143,45572,203,56292,25,4852,147,14608,223,48387,172,62995,California
Shasta,2021-05-27,416,107132,154,45726,253,56545,9,4861,156,14516,257,48644,165,63160,California
Shasta,2021-05-28,435,107567,196,45922,211,56756,28,4889,204,14520,228,48872,232,63392,California
Shasta,2021-05-29,221,107788,62,45984,129,56885,30,4919,92,14511,129,49001,120,63512,California
Shasta,2021-05-30,83,107871,48,46032,33,56918,2,4921,55,14540,28,49029,57,63569,California
Shasta,2021-05-31,35,107906,9,46041,25,56943,1,4922,12,14531,22,49051,13,63582,California
Shasta,2021-06-01,521,108427,152,46193,225,57168,144,5066,134,14430,380,49431,279,63861,California
Shasta,2021-06-02,292,108719,117,46310,166,57334,9,5075,120,14389,170,49601,129,63990,California
Shasta,2021-06-03,365,109084,156,46466,200,57534,9,5084,117,14268,247,49848,126,64116,California
Shasta,2021-06-04,566,109650,284,46750,255,57789,27,5111,203,14136,362,50210,230,64346,California
Shasta,2021-06-05,248,109898,143,46893,88,57877,17,5128,80,14067,167,50377,98,64444,California
Shasta,2021-06-06,160,110058,126,47019,32,57909,2,5130,47,14003,113,50490,49,64493,California
Shasta,2021-06-07,397,110455,232,47251,148,58057,17,5147,106,13836,290,50780,123,64616,California
Shasta,2021-06-08,503,110958,301,47552,158,58215,44,5191,150,13679,351,51131,194,64810,California
Shasta,2021-06-09,476,111434,269,47821,121,58336,86,5277,107,13505,366,51497,192,65002,California
Shasta,2021-06-10,403,111837,236,48057,141,58477,26,5303,122,13378,275,51772,148,65150,California
Shasta,2021-06-11,415,112252,246,48303,140,58617,29,5332,113,13217,302,52074,141,65291,California
Shasta,2021-06-12,202,112454,135,48438,64,58681,3,5335,72,13162,130,52204,75,65366,California
Shasta,2021-06-13,89,112543,55,48493,32,58713,2,5337,25,13125,64,52268,27,65393,California
Shasta,2021-06-14,138,112681,84,48577,45,58758,9,5346,33,13062,105,52373,42,65435,California
Sierra,2020-12-18,1,1,1,1,0,0,0,0,1,1,0,0,1,1,California
Sierra,2020-12-21,2,3,2,3,0,0,0,0,2,3,0,0,2,3,California
Sierra,2020-12-22,12,15,12,15,0,0,0,0,12,15,0,0,12,15,California
Sierra,2020-12-23,4,19,4,19,0,0,0,0,4,19,0,0,4,19,California
Sierra,2020-12-28,1,20,0,19,1,1,0,0,1,20,0,0,1,20,California
Sierra,2020-12-29,49,69,7,26,42,43,0,0,49,69,0,0,49,69,California
Sierra,2020-12-30,2,71,0,26,2,45,0,0,2,71,0,0,2,71,California
Sierra,2020-12-31,13,84,0,26,13,58,0,0,13,84,0,0,13,84,California
Sierra,2021-01-01,1,85,1,27,0,58,0,0,1,85,0,0,1,85,California
Sierra,2021-01-05,63,148,2,29,61,119,0,0,63,148,0,0,63,148,California
Sierra,2021-01-06,1,149,1,30,0,119,0,0,1,149,0,0,1,149,California
Sierra,2021-01-07,20,169,1,31,19,138,0,0,19,167,1,1,19,168,California
Sierra,2021-01-11,3,172,3,34,0,138,0,0,0,164,3,4,0,168,California
Sierra,2021-01-12,38,210,12,46,26,164,0,0,26,178,12,16,26,194,California
Sierra,2021-01-13,3,213,3,49,0,164,0,0,0,175,3,19,0,194,California
Sierra,2021-01-14,35,248,2,51,33,197,0,0,35,210,0,19,35,229,California
Sierra,2021-01-15,3,251,1,52,2,199,0,0,3,213,0,19,3,232,California
Sierra,2021-01-18,3,254,0,52,3,202,0,0,3,216,0,19,3,235,California
Sierra,2021-01-19,34,288,0,52,34,236,0,0,34,250,0,19,34,269,California
Sierra,2021-01-20,1,289,1,53,0,236,0,0,1,251,0,19,1,270,California
Sierra,2021-01-21,53,342,0,53,53,289,0,0,53,304,0,19,53,323,California
Sierra,2021-01-22,2,344,0,53,2,291,0,0,2,306,0,19,2,325,California
Sierra,2021-01-23,2,346,0,53,2,293,0,0,2,308,0,19,2,327,California
Sierra,2021-01-26,62,408,0,53,62,355,0,0,24,294,38,57,24,351,California
Sierra,2021-01-27,4,412,4,57,0,355,0,0,0,290,4,61,0,351,California
Sierra,2021-01-28,53,465,0,57,53,408,0,0,43,323,10,71,43,394,California
Sierra,2021-01-29,1,466,0,57,1,409,0,0,1,324,0,71,1,395,California
Sierra,2021-01-30,2,468,2,59,0,409,0,0,2,326,0,71,2,397,California
Sierra,2021-02-01,1,469,0,59,1,410,0,0,0,325,1,72,0,397,California
Sierra,2021-02-02,58,527,1,60,57,467,0,0,20,307,38,110,20,417,California
Sierra,2021-02-03,5,532,5,65,0,467,0,0,5,312,0,110,5,422,California
Sierra,2021-02-04,100,632,3,68,97,564,0,0,51,314,49,159,51,473,California
Sierra,2021-02-05,5,637,3,71,2,566,0,0,4,317,1,160,4,477,California
Sierra,2021-02-09,56,693,0,71,56,622,0,0,53,367,3,163,53,530,California
Sierra,2021-02-10,2,695,0,71,2,624,0,0,2,369,0,163,2,532,California
Sierra,2021-02-11,194,889,1,72,193,817,0,0,134,443,60,223,134,666,California
Sierra,2021-02-12,20,909,0,72,20,837,0,0,20,463,0,223,20,686,California
Sierra,2021-02-15,2,911,2,74,0,837,0,0,0,461,2,225,0,686,California
Sierra,2021-02-16,45,956,0,74,45,882,0,0,10,436,35,260,10,696,California
Sierra,2021-02-17,4,960,0,74,4,886,0,0,1,434,3,263,1,697,California
Sierra,2021-02-18,144,1104,0,74,144,1030,0,0,94,478,50,313,94,791,California
Sierra,2021-02-19,1,1105,0,74,1,1031,0,0,0,477,1,314,0,791,California
Sierra,2021-02-20,3,1108,2,76,1,1032,0,0,1,476,2,316,1,792,California
Sierra,2021-02-23,4,1112,0,76,4,1036,0,0,4,480,0,316,4,796,California
Sierra,2021-02-24,1,1113,0,76,1,1037,0,0,1,481,0,316,1,797,California
Sierra,2021-02-25,125,1238,1,77,124,1161,0,0,59,475,65,381,59,856,California
Sierra,2021-02-26,11,1249,6,83,5,1166,0,0,4,472,7,388,4,860,California
Sierra,2021-02-27,1,1250,1,84,0,1166,0,0,0,471,1,389,0,860,California
Sierra,2021-03-01,1,1251,1,85,0,1166,0,0,0,470,1,390,0,860,California
Sierra,2021-03-02,58,1309,0,85,58,1224,0,0,39,490,19,409,39,899,California
Sierra,2021-03-03,1,1310,1,86,0,1224,0,0,0,489,1,410,0,899,California
Sierra,2021-03-04,108,1418,0,86,108,1332,0,0,60,501,48,458,60,959,California
Sierra,2021-03-05,12,1430,0,86,12,1344,0,0,10,509,2,460,10,969,California
Sierra,2021-03-08,2,1432,2,88,0,1344,0,0,2,511,0,460,2,971,California
Sierra,2021-03-09,60,1492,0,88,60,1404,0,0,11,473,49,509,11,982,California
Sierra,2021-03-10,6,1498,0,88,6,1410,0,0,4,475,2,511,4,986,California
Sierra,2021-03-11,176,1674,1,89,175,1585,0,0,44,387,132,643,44,1030,California
Sierra,2021-03-12,19,1693,0,89,19,1604,0,0,0,368,19,662,0,1030,California
Sierra,2021-03-13,28,1721,0,89,28,1632,0,0,28,396,0,662,28,1058,California
Sierra,2021-03-15,2,1723,0,89,0,1632,2,2,0,396,2,664,2,1060,California
Sierra,2021-03-16,36,1759,0,89,35,1667,1,3,22,405,14,678,23,1083,California
Sierra,2021-03-17,1,1760,0,89,1,1668,0,3,0,404,1,679,0,1083,California
Sierra,2021-03-18,161,1921,0,89,161,1829,0,3,65,373,96,775,65,1148,California
Sierra,2021-03-19,3,1924,1,90,2,1831,0,3,0,370,3,778,0,1148,California
Sierra,2021-03-20,2,1926,0,90,2,1833,0,3,1,370,1,779,1,1149,California
Sierra,2021-03-23,22,1948,0,90,22,1855,0,3,13,374,9,788,13,1162,California
Sierra,2021-03-24,2,1950,0,90,2,1857,0,3,1,374,1,789,1,1163,California
Sierra,2021-03-25,99,2049,1,91,98,1955,0,3,50,375,49,838,50,1213,California
Sierra,2021-03-26,11,2060,0,91,11,1966,0,3,8,380,3,841,8,1221,California
Sierra,2021-03-27,1,2061,0,91,1,1967,0,3,0,379,1,842,0,1221,California
Sierra,2021-03-29,1,2062,1,92,0,1967,0,3,0,378,1,843,0,1221,California
Sierra,2021-03-30,58,2120,1,93,57,2024,0,3,25,370,33,876,25,1246,California
Sierra,2021-03-31,8,2128,0,93,8,2032,0,3,8,378,0,876,8,1254,California
Sierra,2021-04-01,63,2191,1,94,62,2094,0,3,5,327,56,932,5,1259,California
Sierra,2021-04-02,3,2194,2,96,1,2095,0,3,2,328,1,933,2,1261,California
Sierra,2021-04-04,1,2195,0,96,1,2096,0,3,0,328,0,933,0,1261,California
Sierra,2021-04-06,11,2206,0,96,11,2107,0,3,1,319,10,943,1,1262,California
Sierra,2021-04-07,14,2220,3,99,6,2113,5,8,3,317,10,953,8,1270,California
Sierra,2021-04-08,52,2272,2,101,50,2163,0,8,16,297,36,989,16,1286,California
Sierra,2021-04-09,1,2273,1,102,0,2163,0,8,1,298,0,989,1,1287,California
Sierra,2021-04-10,27,2300,0,102,27,2190,0,8,0,271,27,1016,0,1287,California
Sierra,2021-04-12,1,2301,0,102,0,2190,1,9,0,271,1,1017,1,1288,California
Sierra,2021-04-13,45,2346,0,102,45,2235,0,9,5,236,40,1057,5,1293,California
Sierra,2021-04-14,1,2347,0,102,1,2236,0,9,1,237,0,1057,1,1294,California
Sierra,2021-04-15,50,2397,2,104,48,2284,0,9,2,191,48,1105,2,1296,California
Sierra,2021-04-17,2,2399,1,105,1,2285,0,9,1,191,1,1106,1,1297,California
Sierra,2021-04-18,1,2400,0,105,1,2286,0,9,0,191,0,1106,0,1297,California
Sierra,2021-04-19,2,2402,1,106,1,2287,0,9,1,191,1,1107,1,1298,California
Sierra,2021-04-20,33,2435,1,107,32,2319,0,9,6,170,27,1134,6,1304,California
Sierra,2021-04-21,2,2437,1,108,1,2320,0,9,1,170,1,1135,1,1305,California
Sierra,2021-04-22,64,2501,1,109,63,2383,0,9,5,117,58,1193,5,1310,California
Sierra,2021-04-23,12,2513,0,109,12,2395,0,9,4,113,8,1201,4,1314,California
Sierra,2021-04-24,4,2517,0,109,4,2399,0,9,4,117,0,1201,4,1318,California
Sierra,2021-04-26,1,2518,0,109,1,2400,0,9,1,118,0,1201,1,1319,California
Sierra,2021-04-27,30,2548,0,109,30,2430,0,9,4,96,26,1227,4,1323,California
Sierra,2021-04-28,11,2559,3,112,8,2438,0,9,2,89,9,1236,2,1325,California
Sierra,2021-04-29,20,2579,2,114,18,2456,0,9,14,97,6,1242,14,1339,California
Sierra,2021-04-30,3,2582,1,115,2,2458,0,9,1,96,2,1244,1,1340,California
Sierra,2021-05-03,1,2583,1,116,0,2458,0,9,1,97,0,1244,1,1341,California
Sierra,2021-05-04,2,2585,0,116,1,2459,1,10,0,96,2,1246,1,1342,California
Sierra,2021-05-05,23,2608,1,117,22,2481,0,10,8,89,15,1261,8,1350,California
Sierra,2021-05-06,1,2609,1,118,0,2481,0,10,0,88,1,1262,0,1350,California
Sierra,2021-05-08,1,2610,0,118,0,2481,1,11,0,88,1,1263,1,1351,California
Sierra,2021-05-11,11,2621,0,118,4,2485,7,18,0,84,11,1274,7,1358,California
Sierra,2021-05-12,11,2632,1,119,10,2495,0,18,8,89,3,1277,8,1366,California
Sierra,2021-05-13,3,2635,2,121,1,2496,0,18,2,90,1,1278,2,1368,California
Sierra,2021-05-14,3,2638,1,122,2,2498,0,18,3,93,0,1278,3,1371,California
Sierra,2021-05-15,1,2639,0,122,0,2498,1,19,0,93,1,1279,1,1372,California
Sierra,2021-05-17,1,2640,1,123,0,2498,0,19,1,94,0,1279,1,1373,California
Sierra,2021-05-18,1,2641,0,123,0,2498,1,20,0,94,1,1280,1,1374,California
Sierra,2021-05-19,7,2648,4,127,3,2501,0,20,2,91,5,1285,2,1376,California
Sierra,2021-05-20,9,2657,8,135,0,2501,1,21,8,99,1,1286,9,1385,California
Sierra,2021-05-21,3,2660,1,136,2,2503,0,21,1,98,2,1288,1,1386,California
Sierra,2021-05-22,4,2664,0,136,4,2507,0,21,0,94,4,1292,0,1386,California
Sierra,2021-05-23,1,2665,0,136,1,2508,0,21,1,95,0,1292,1,1387,California
Sierra,2021-05-24,3,2668,1,137,2,2510,0,21,2,96,1,1293,2,1389,California
Sierra,2021-05-25,3,2671,0,137,3,2513,0,21,1,95,2,1295,1,1390,California
Sierra,2021-05-26,8,2679,0,137,8,2521,0,21,4,95,4,1299,4,1394,California
Sierra,2021-05-27,9,2688,1,138,7,2528,1,22,2,91,7,1306,3,1397,California
Sierra,2021-05-28,3,2691,1,139,2,2530,0,22,2,92,1,1307,2,1399,California
Sierra,2021-05-29,2,2693,0,139,2,2532,0,22,2,94,0,1307,2,1401,California
Sierra,2021-05-30,1,2694,1,140,0,2532,0,22,1,95,0,1307,1,1402,California
Sierra,2021-06-01,1,2695,0,140,1,2533,0,22,0,94,1,1308,0,1402,California
Sierra,2021-06-02,23,2718,0,140,21,2554,2,24,0,74,22,1330,2,1404,California
Sierra,2021-06-03,2,2720,2,142,0,2554,0,24,0,72,2,1332,0,1404,California
Sierra,2021-06-04,2,2722,2,144,0,2554,0,24,1,72,1,1333,1,1405,California
Sierra,2021-06-08,1,2723,1,145,0,2554,0,24,1,73,0,1333,1,1406,California
Sierra,2021-06-09,8,2731,1,146,5,2559,2,26,0,67,8,1341,2,1408,California
Sierra,2021-06-10,10,2741,10,156,0,2559,0,26,6,69,4,1345,6,1414,California
Sierra,2021-06-11,4,2745,2,158,2,2561,0,26,0,65,4,1349,0,1414,California
Sierra,2021-06-12,1,2746,1,159,0,2561,0,26,1,66,0,1349,1,1415,California
Sierra,2021-06-13,1,2747,1,160,0,2561,0,26,0,65,1,1350,0,1415,California
Sierra,2021-06-14,4,2751,3,163,0,2561,1,27,1,64,3,1353,2,1417,California
Siskiyou,2020-12-16,2,2,2,2,0,0,0,0,2,2,0,0,2,2,California
Siskiyou,2020-12-17,4,6,4,6,0,0,0,0,4,6,0,0,4,6,California
Siskiyou,2020-12-18,2,8,2,8,0,0,0,0,2,8,0,0,2,8,California
Siskiyou,2020-12-19,4,12,4,12,0,0,0,0,4,12,0,0,4,12,California
Siskiyou,2020-12-20,1,13,1,13,0,0,0,0,1,13,0,0,1,13,California
Siskiyou,2020-12-21,131,144,131,144,0,0,0,0,131,144,0,0,131,144,California
Siskiyou,2020-12-22,158,302,158,302,0,0,0,0,158,302,0,0,158,302,California
Siskiyou,2020-12-23,142,444,142,444,0,0,0,0,142,444,0,0,142,444,California
Siskiyou,2020-12-24,5,449,5,449,0,0,0,0,5,449,0,0,5,449,California
Siskiyou,2020-12-26,2,451,0,449,2,2,0,0,2,451,0,0,2,451,California
Siskiyou,2020-12-27,2,453,0,449,2,4,0,0,2,453,0,0,2,453,California
Siskiyou,2020-12-28,3,456,1,450,2,6,0,0,3,456,0,0,3,456,California
Siskiyou,2020-12-29,6,462,2,452,4,10,0,0,6,462,0,0,6,462,California
Siskiyou,2020-12-30,100,562,3,455,97,107,0,0,100,562,0,0,100,562,California
Siskiyou,2020-12-31,12,574,0,455,12,119,0,0,12,574,0,0,12,574,California
Siskiyou,2021-01-02,1,575,1,456,0,119,0,0,1,575,0,0,1,575,California
Siskiyou,2021-01-03,1,576,0,456,1,120,0,0,1,576,0,0,1,576,California
Siskiyou,2021-01-04,129,705,3,459,126,246,0,0,129,705,0,0,129,705,California
Siskiyou,2021-01-05,119,824,4,463,115,361,0,0,117,821,2,2,118,823,California
Siskiyou,2021-01-06,60,884,7,470,53,414,0,0,56,873,4,6,56,879,California
Siskiyou,2021-01-07,175,1059,4,474,171,585,0,0,174,1046,1,7,174,1053,California
Siskiyou,2021-01-08,40,1099,3,477,37,622,0,0,38,1082,2,9,38,1091,California
Siskiyou,2021-01-09,2,1101,2,479,0,622,0,0,0,1080,2,11,0,1091,California
Siskiyou,2021-01-11,225,1326,64,543,161,783,0,0,163,1181,62,73,163,1254,California
Siskiyou,2021-01-12,324,1650,274,817,50,833,0,0,91,1040,233,306,92,1346,California
Siskiyou,2021-01-13,158,1808,137,954,21,854,0,0,24,930,134,440,24,1370,California
Siskiyou,2021-01-14,35,1843,1,955,34,888,0,0,34,963,1,441,34,1404,California
Siskiyou,2021-01-15,55,1898,3,958,52,940,0,0,55,1018,0,441,55,1459,California
Siskiyou,2021-01-16,7,1905,2,960,5,945,0,0,7,1025,0,441,7,1466,California
Siskiyou,2021-01-17,1,1906,1,961,0,945,0,0,0,1024,1,442,0,1466,California
Siskiyou,2021-01-18,75,1981,3,964,72,1017,0,0,73,1095,2,444,73,1539,California
Siskiyou,2021-01-19,41,2022,1,965,40,1057,0,0,40,1134,1,445,40,1579,California
Siskiyou,2021-01-20,68,2090,35,1000,33,1090,0,0,64,1194,4,449,64,1643,California
Siskiyou,2021-01-21,67,2157,1,1001,66,1156,0,0,67,1261,0,449,67,1710,California
Siskiyou,2021-01-22,1341,3498,1174,2175,167,1323,0,0,1341,2602,0,449,1341,3051,California
Siskiyou,2021-01-23,6,3504,2,2177,4,1327,0,0,3,2602,3,452,3,3054,California
Siskiyou,2021-01-25,208,3712,8,2185,200,1527,0,0,204,2802,4,456,204,3258,California
Siskiyou,2021-01-26,108,3820,3,2188,105,1632,0,0,100,2894,8,464,100,3358,California
Siskiyou,2021-01-27,200,4020,2,2190,198,1830,0,0,135,2965,64,528,135,3493,California
Siskiyou,2021-01-28,260,4280,118,2308,142,1972,0,0,235,3181,19,547,235,3728,California
Siskiyou,2021-01-29,272,4552,3,2311,269,2241,0,0,253,3415,19,566,253,3981,California
Siskiyou,2021-01-30,4,4556,3,2314,1,2242,0,0,4,3419,0,566,4,3985,California
Siskiyou,2021-02-01,214,4770,3,2317,211,2453,0,0,114,3433,100,666,114,4099,California
Siskiyou,2021-02-02,314,5084,45,2362,269,2722,0,0,161,3441,153,819,161,4260,California
Siskiyou,2021-02-03,334,5418,1,2363,333,3055,0,0,264,3635,70,889,264,4524,California
Siskiyou,2021-02-04,360,5778,7,2370,353,3408,0,0,221,3717,139,1028,221,4745,California
Siskiyou,2021-02-05,544,6322,4,2374,540,3948,0,0,370,3913,174,1202,370,5115,California
Siskiyou,2021-02-06,15,6337,0,2374,15,3963,0,0,15,3928,0,1202,15,5130,California
Siskiyou,2021-02-07,3,6340,2,2376,1,3964,0,0,3,3931,0,1202,3,5133,California
Siskiyou,2021-02-08,239,6579,4,2380,235,4199,0,0,214,4120,25,1227,214,5347,California
Siskiyou,2021-02-09,244,6823,2,2382,242,4441,0,0,191,4258,53,1280,191,5538,California
Siskiyou,2021-02-10,389,7212,41,2423,348,4789,0,0,319,4508,69,1349,319,5857,California
Siskiyou,2021-02-11,214,7426,1,2424,213,5002,0,0,185,4664,29,1378,185,6042,California
Siskiyou,2021-02-12,1703,9129,1199,3623,504,5506,0,0,498,3957,1205,2583,498,6540,California
Siskiyou,2021-02-13,37,9166,2,3625,35,5541,0,0,32,3984,5,2588,32,6572,California
Siskiyou,2021-02-14,6,9172,2,3627,4,5545,0,0,6,3990,0,2588,6,6578,California
Siskiyou,2021-02-15,99,9271,2,3629,97,5642,0,0,97,4085,2,2590,97,6675,California
Siskiyou,2021-02-16,136,9407,2,3631,134,5776,0,0,100,4149,36,2626,100,6775,California
Siskiyou,2021-02-17,286,9693,5,3636,281,6057,0,0,251,4365,35,2661,251,7026,California
Siskiyou,2021-02-18,268,9961,88,3724,180,6237,0,0,127,4351,141,2802,127,7153,California
Siskiyou,2021-02-19,95,10056,34,3758,61,6298,0,0,35,4328,58,2860,35,7188,California
Siskiyou,2021-02-20,22,10078,3,3761,19,6317,0,0,17,4340,5,2865,17,7205,California
Siskiyou,2021-02-21,1,10079,1,3762,0,6317,0,0,1,4341,0,2865,1,7206,California
Siskiyou,2021-02-22,207,10286,2,3764,205,6522,0,0,75,4284,132,2997,75,7281,California
Siskiyou,2021-02-23,288,10574,15,3779,273,6795,0,0,186,4368,102,3099,186,7467,California
Siskiyou,2021-02-24,172,10746,5,3784,167,6962,0,0,49,4294,123,3222,49,7516,California
Siskiyou,2021-02-25,300,11046,15,3799,285,7247,0,0,146,4287,153,3375,146,7662,California
Siskiyou,2021-02-26,670,11716,9,3808,661,7908,0,0,366,4349,304,3679,366,8028,California
Siskiyou,2021-02-27,32,11748,5,3813,27,7935,0,0,28,4373,4,3683,28,8056,California
Siskiyou,2021-02-28,5,11753,5,3818,0,7935,0,0,3,4374,2,3685,3,8059,California
Siskiyou,2021-03-01,290,12043,5,3823,285,8220,0,0,49,4182,241,3926,49,8108,California
Siskiyou,2021-03-02,208,12251,1,3824,207,8427,0,0,70,4114,138,4064,70,8178,California
Siskiyou,2021-03-03,347,12598,11,3835,336,8763,0,0,153,4073,194,4258,153,8331,California
Siskiyou,2021-03-04,818,13416,617,4452,201,8964,0,0,642,4539,176,4434,642,8973,California
Siskiyou,2021-03-05,347,13763,5,4457,331,9295,11,11,106,4418,238,4672,117,9090,California
Siskiyou,2021-03-06,42,13805,3,4460,32,9327,7,18,27,4437,15,4687,34,9124,California
Siskiyou,2021-03-07,11,13816,3,4463,0,9327,8,26,1,4436,10,4697,9,9133,California
Siskiyou,2021-03-08,360,14176,22,4485,304,9631,34,60,68,4246,292,4989,102,9235,California
Siskiyou,2021-03-09,175,14351,2,4487,118,9749,55,115,42,4210,133,5122,97,9332,California
Siskiyou,2021-03-10,220,14571,6,4493,184,9933,30,145,24,4068,196,5318,54,9386,California
Siskiyou,2021-03-11,493,15064,206,4699,241,10174,46,191,284,4190,208,5526,330,9716,California
Siskiyou,2021-03-12,653,15717,141,4840,473,10647,39,230,184,3946,467,5993,223,9939,California
Siskiyou,2021-03-13,429,16146,380,5220,26,10673,23,253,380,4300,49,6042,403,10342,California
Siskiyou,2021-03-14,20,16166,1,5221,3,10676,16,269,2,4300,18,6060,18,10360,California
Siskiyou,2021-03-15,495,16661,258,5479,173,10849,64,333,319,4507,176,6236,383,10743,California
Siskiyou,2021-03-16,258,16919,34,5513,208,11057,16,349,141,4548,116,6352,157,10900,California
Siskiyou,2021-03-17,199,17118,8,5521,183,11240,8,357,33,4423,166,6518,41,10941,California
Siskiyou,2021-03-18,924,18042,786,6307,126,11366,12,369,808,5127,116,6634,820,11761,California
Siskiyou,2021-03-19,65,18107,7,6314,45,11411,13,382,18,5111,47,6681,31,11792,California
Siskiyou,2021-03-20,29,18136,7,6321,18,11429,4,386,6,5098,23,6704,10,11802,California
Siskiyou,2021-03-21,10,18146,4,6325,1,11430,5,391,4,5101,6,6710,9,11811,California
Siskiyou,2021-03-22,209,18355,20,6345,166,11596,23,414,146,5210,60,6770,169,11980,California
Siskiyou,2021-03-23,172,18527,19,6364,144,11740,9,423,125,5297,47,6817,134,12114,California
Siskiyou,2021-03-24,143,18670,47,6411,96,11836,0,423,116,5386,27,6844,116,12230,California
Siskiyou,2021-03-25,564,19234,314,6725,247,12083,3,426,394,5613,170,7014,397,12627,California
Siskiyou,2021-03-26,303,19537,34,6759,269,12352,0,426,103,5518,198,7212,103,12730,California
Siskiyou,2021-03-27,39,19576,6,6765,28,12380,5,431,11,5506,28,7240,16,12746,California
Siskiyou,2021-03-28,7,19583,6,6771,1,12381,0,431,5,5509,2,7242,5,12751,California
Siskiyou,2021-03-29,94,19677,10,6781,82,12463,2,433,44,5505,50,7292,46,12797,California
Siskiyou,2021-03-30,101,19778,6,6787,94,12557,1,434,40,5485,61,7353,41,12838,California
Siskiyou,2021-03-31,177,19955,9,6796,165,12722,3,437,48,5410,127,7480,52,12890,California
Siskiyou,2021-04-01,827,20782,669,7465,158,12880,0,437,214,5011,613,8093,214,13104,California
Siskiyou,2021-04-02,347,21129,197,7662,146,13026,4,441,65,4800,280,8373,69,13173,California
Siskiyou,2021-04-03,26,21155,5,7667,14,13040,7,448,5,4791,21,8394,12,13185,California
Siskiyou,2021-04-04,2,21157,1,7668,1,13041,0,448,1,4791,1,8395,1,13186,California
Siskiyou,2021-04-05,437,21594,332,8000,80,13121,25,473,27,4434,409,8804,52,13238,California
Siskiyou,2021-04-06,220,21814,36,8036,131,13252,53,526,126,4520,92,8896,178,13416,California
Siskiyou,2021-04-07,113,21927,10,8046,62,13314,41,567,64,4576,49,8945,105,13521,California
Siskiyou,2021-04-08,343,22270,175,8221,125,13439,43,610,62,4400,281,9226,105,13626,California
Siskiyou,2021-04-09,545,22815,377,8598,130,13569,38,648,84,4063,460,9686,123,13749,California
Siskiyou,2021-04-10,46,22861,6,8604,3,13572,37,685,7,4068,39,9725,44,13793,California
Siskiyou,2021-04-11,7,22868,5,8609,1,13573,1,686,2,4066,5,9730,3,13796,California
Siskiyou,2021-04-12,129,22997,24,8633,104,13677,1,687,49,4036,80,9810,50,13846,California
Siskiyou,2021-04-13,205,23202,37,8670,167,13844,1,688,82,3996,123,9933,83,13929,California
Siskiyou,2021-04-14,156,23358,64,8734,92,13936,0,688,85,4012,69,10002,85,14014,California
Siskiyou,2021-04-15,1114,24472,956,9690,158,14094,0,688,435,3768,679,10681,435,14449,California
Siskiyou,2021-04-16,300,24772,209,9899,91,14185,0,688,268,4006,31,10712,269,14718,California
Siskiyou,2021-04-17,11,24783,8,9907,3,14188,0,688,6,4007,5,10717,6,14724,California
Siskiyou,2021-04-18,5,24788,3,9910,2,14190,0,688,1,4004,4,10721,1,14725,California
Siskiyou,2021-04-19,128,24916,24,9934,104,14294,0,688,45,3966,83,10804,45,14770,California
Siskiyou,2021-04-20,217,25133,4,9938,213,14507,0,688,91,3931,126,10930,91,14861,California
Siskiyou,2021-04-21,96,25229,11,9949,85,14592,0,688,26,3887,70,11000,26,14887,California
Siskiyou,2021-04-22,408,25637,296,10245,112,14704,0,688,50,3579,358,11358,50,14937,California
Siskiyou,2021-04-23,180,25817,15,10260,165,14869,0,688,158,3716,21,11379,158,15095,California
Siskiyou,2021-04-24,28,25845,4,10264,24,14893,0,688,20,3728,8,11387,20,15115,California
Siskiyou,2021-04-25,2,25847,0,10264,2,14895,0,688,2,3730,0,11387,2,15117,California
Siskiyou,2021-04-26,100,25947,5,10269,90,14985,5,693,25,3685,75,11462,30,15147,California
Siskiyou,2021-04-27,113,26060,4,10273,107,15092,2,695,86,3748,25,11487,88,15235,California
Siskiyou,2021-04-28,110,26170,7,10280,95,15187,8,703,53,3752,57,11544,61,15296,California
Siskiyou,2021-04-29,144,26314,14,10294,129,15316,1,704,28,3665,116,11660,29,15325,California
Siskiyou,2021-04-30,103,26417,21,10315,81,15397,1,705,45,3655,55,11715,45,15370,California
Siskiyou,2021-05-01,11,26428,7,10322,1,15398,3,708,7,3661,4,11719,10,15380,California
Siskiyou,2021-05-02,10,26438,4,10326,6,15404,0,708,8,3667,2,11721,8,15388,California
Siskiyou,2021-05-03,107,26545,24,10350,81,15485,2,710,45,3652,62,11783,47,15435,California
Siskiyou,2021-05-04,121,26666,6,10356,113,15598,2,712,60,3654,60,11843,62,15497,California
Siskiyou,2021-05-05,114,26780,19,10375,86,15684,9,721,39,3628,74,11917,48,15545,California
Siskiyou,2021-05-06,365,27145,296,10671,63,15747,6,727,190,3649,175,12092,196,15741,California
Siskiyou,2021-05-07,308,27453,219,10890,84,15831,5,732,32,3411,275,12367,37,15778,California
Siskiyou,2021-05-08,24,27477,3,10893,20,15851,1,733,18,3424,6,12373,19,15797,California
Siskiyou,2021-05-09,1,27478,0,10893,1,15852,0,733,0,3423,1,12374,0,15797,California
Siskiyou,2021-05-10,100,27578,68,10961,31,15883,1,734,22,3368,78,12452,23,15820,California
Siskiyou,2021-05-11,87,27665,8,10969,74,15957,5,739,51,3388,36,12488,56,15876,California
Siskiyou,2021-05-12,56,27721,4,10973,47,16004,5,744,15,3367,41,12529,20,15896,California
Siskiyou,2021-05-13,81,27802,34,11007,38,16042,9,753,37,3369,44,12573,46,15942,California
Siskiyou,2021-05-14,173,27975,81,11088,91,16133,1,754,106,3410,66,12639,107,16049,California
Siskiyou,2021-05-15,43,28018,13,11101,28,16161,2,756,36,3442,6,12645,38,16087,California
Siskiyou,2021-05-16,6,28024,2,11103,4,16165,0,756,4,3444,2,12647,4,16091,California
Siskiyou,2021-05-17,63,28087,2,11105,38,16203,23,779,11,3426,52,12699,34,16125,California
Siskiyou,2021-05-18,216,28303,81,11186,131,16334,4,783,122,3459,93,12792,126,16251,California
Siskiyou,2021-05-19,155,28458,97,11283,57,16391,1,784,124,3553,31,12823,125,16376,California
Siskiyou,2021-05-20,503,28961,421,11704,80,16471,2,786,233,3518,270,13093,235,16611,California
Siskiyou,2021-05-21,197,29158,95,11799,102,16573,0,786,109,3540,87,13180,109,16720,California
Siskiyou,2021-05-22,41,29199,19,11818,22,16595,0,786,26,3551,15,13195,26,16746,California
Siskiyou,2021-05-23,4,29203,3,11821,1,16596,0,786,2,3551,2,13197,2,16748,California
Siskiyou,2021-05-24,18,29221,3,11824,15,16611,0,786,5,3544,12,13209,5,16753,California
Siskiyou,2021-05-25,156,29377,16,11840,120,16731,20,806,50,3510,104,13313,70,16823,California
Siskiyou,2021-05-26,76,29453,19,11859,57,16788,0,806,41,3516,35,13348,41,16864,California
Siskiyou,2021-05-27,128,29581,92,11951,35,16823,1,807,55,3499,73,13421,56,16920,California
Siskiyou,2021-05-28,154,29735,57,12008,96,16919,1,808,102,3551,51,13472,103,17023,California
Siskiyou,2021-05-29,16,29751,9,12017,4,16923,3,811,5,3548,11,13483,8,17031,California
Siskiyou,2021-05-31,2,29753,1,12018,0,16923,1,812,1,3549,1,13484,2,17033,California
Siskiyou,2021-06-01,86,29839,20,12038,66,16989,0,812,29,3522,56,13540,29,17062,California
Siskiyou,2021-06-02,120,29959,35,12073,85,17074,0,812,44,3490,76,13616,44,17106,California
Siskiyou,2021-06-03,150,30109,103,12176,42,17116,5,817,34,3413,116,13732,39,17145,California
Siskiyou,2021-06-04,99,30208,77,12253,22,17138,0,817,20,3354,79,13811,20,17165,California
Siskiyou,2021-06-05,37,30245,17,12270,19,17157,1,818,16,3350,21,13832,17,17182,California
Siskiyou,2021-06-06,3,30248,2,12272,0,17157,1,819,0,3348,3,13835,1,17183,California
Siskiyou,2021-06-07,34,30282,4,12276,30,17187,0,819,26,3366,8,13843,26,17209,California
Siskiyou,2021-06-08,207,30489,93,12369,111,17298,3,822,62,3291,140,13983,65,17274,California
Siskiyou,2021-06-09,112,30601,84,12453,26,17324,2,824,30,3241,82,14065,32,17306,California
Siskiyou,2021-06-10,170,30771,141,12594,29,17353,0,824,74,3219,96,14161,74,17380,California
Siskiyou,2021-06-11,106,30877,55,12649,44,17397,7,831,18,3177,67,14228,25,17405,California
Siskiyou,2021-06-12,29,30906,8,12657,21,17418,0,831,8,3164,21,14249,8,17413,California
Siskiyou,2021-06-13,23,30929,15,12672,8,17426,0,831,2,3145,21,14270,2,17415,California
Siskiyou,2021-06-14,14,30943,0,12672,14,17440,0,831,10,3151,4,14274,10,17425,California
Solano,2020-12-15,4,4,4,4,0,0,0,0,4,4,0,0,4,4,California
Solano,2020-12-16,69,73,69,73,0,0,0,0,69,73,0,0,69,73,California
Solano,2020-12-17,170,243,170,243,0,0,0,0,170,243,0,0,170,243,California
Solano,2020-12-18,475,718,474,717,1,1,0,0,475,718,0,0,475,718,California
Solano,2020-12-19,521,1239,521,1238,0,1,0,0,521,1239,0,0,521,1239,California
Solano,2020-12-20,350,1589,348,1586,2,3,0,0,350,1589,0,0,350,1589,California
Solano,2020-12-21,575,2164,573,2159,2,5,0,0,575,2164,0,0,575,2164,California
Solano,2020-12-22,661,2825,628,2787,33,38,0,0,661,2825,0,0,661,2825,California
Solano,2020-12-23,855,3680,764,3551,91,129,0,0,854,3678,1,1,854,3679,California
Solano,2020-12-24,417,4097,166,3717,251,380,0,0,417,4095,0,1,417,4096,California
Solano,2020-12-25,9,4106,1,3718,8,388,0,0,9,4104,0,1,9,4105,California
Solano,2020-12-26,172,4278,46,3764,126,514,0,0,172,4276,0,1,172,4277,California
Solano,2020-12-27,107,4385,29,3793,78,592,0,0,107,4383,0,1,107,4384,California
Solano,2020-12-28,871,5256,425,4218,446,1038,0,0,871,5254,0,1,871,5255,California
Solano,2020-12-29,909,6165,372,4590,537,1575,0,0,909,6163,0,1,909,6164,California
Solano,2020-12-30,1229,7394,595,5185,634,2209,0,0,1229,7392,0,1,1229,7393,California
Solano,2020-12-31,543,7937,139,5324,404,2613,0,0,543,7935,0,1,543,7936,California
Solano,2021-01-01,15,7952,14,5338,1,2614,0,0,15,7950,0,1,15,7951,California
Solano,2021-01-02,214,8166,165,5503,49,2663,0,0,214,8164,0,1,214,8165,California
Solano,2021-01-03,55,8221,39,5542,16,2679,0,0,49,8213,0,1,49,8214,California
Solano,2021-01-04,444,8665,238,5780,206,2885,0,0,435,8646,2,3,435,8649,California
Solano,2021-01-05,732,9397,378,6158,354,3239,0,0,573,9065,154,157,573,9222,California
Solano,2021-01-06,848,10245,436,6594,412,3651,0,0,578,9375,268,425,578,9800,California
Solano,2021-01-07,1061,11306,678,7272,383,4034,0,0,588,9493,471,896,589,10389,California
Solano,2021-01-08,1144,12450,777,8049,367,4401,0,0,547,9463,579,1475,549,10938,California
Solano,2021-01-09,890,13340,764,8813,126,4527,0,0,432,9440,455,1930,432,11370,California
Solano,2021-01-10,260,13600,193,9006,67,4594,0,0,159,9498,101,2031,159,11529,California
Solano,2021-01-11,1337,14937,1122,10128,215,4809,0,0,819,9799,518,2549,819,12348,California
Solano,2021-01-12,1567,16504,1166,11294,401,5210,0,0,1021,10277,544,3093,1022,13370,California
Solano,2021-01-13,1465,17969,1002,12296,463,5673,0,0,1209,11232,254,3347,1209,14579,California
Solano,2021-01-14,1898,19867,812,13108,1086,6759,0,0,1584,12504,313,3660,1585,16164,California
Solano,2021-01-15,1714,21581,1058,14166,656,7415,0,0,1417,13625,297,3957,1418,17582,California
Solano,2021-01-16,1298,22879,909,15075,389,7804,0,0,1125,14577,173,4130,1125,18707,California
Solano,2021-01-17,1054,23933,760,15835,294,8098,0,0,1034,15592,20,4150,1035,19742,California
Solano,2021-01-18,1428,25361,855,16690,573,8671,0,0,1311,16787,117,4267,1312,21054,California
Solano,2021-01-19,1658,27019,1341,18031,317,8988,0,0,1389,17908,268,4535,1389,22443,California
Solano,2021-01-20,2046,29065,1431,19462,615,9603,0,0,1560,18985,483,5018,1560,24003,California
Solano,2021-01-21,3230,32295,1022,20484,2208,11811,0,0,2878,21512,352,5370,2879,26882,California
Solano,2021-01-22,1785,34080,853,21337,932,12743,0,0,1588,22903,197,5567,1588,28470,California
Solano,2021-01-23,735,34815,240,21577,495,13238,0,0,533,23234,203,5770,534,29004,California
Solano,2021-01-24,404,35219,60,21637,344,13582,0,0,336,23502,68,5838,336,29340,California
Solano,2021-01-25,1681,36900,632,22269,1049,14631,0,0,1120,24064,560,6398,1122,30462,California
Solano,2021-01-26,1812,38712,750,23019,1062,15693,0,0,1171,24595,641,7039,1172,31634,California
Solano,2021-01-27,1809,40521,724,23743,1085,16778,0,0,1193,25176,612,7651,1193,32827,California
Solano,2021-01-28,1972,42493,712,24455,1260,18038,0,0,1380,25966,591,8242,1381,34208,California
Solano,2021-01-29,1721,44214,787,25242,934,18972,0,0,1356,26959,363,8605,1356,35564,California
Solano,2021-01-30,962,45176,459,25701,503,19475,0,0,617,27232,345,8950,618,36182,California
Solano,2021-01-31,250,45426,158,25859,92,19567,0,0,173,27328,77,9027,173,36355,California
Solano,2021-02-01,1556,46982,1033,26892,523,20090,0,0,776,27328,776,9803,776,37131,California
Solano,2021-02-02,3379,50361,1094,27986,2285,22375,0,0,2565,29083,810,10613,2565,39696,California
Solano,2021-02-03,2272,52633,1312,29298,960,23335,0,0,1171,29156,1098,11711,1171,40867,California
Solano,2021-02-04,1810,54443,906,30204,904,24239,0,0,1077,29505,728,12439,1077,41944,California
Solano,2021-02-05,3119,57562,1420,31624,1699,25938,0,0,2112,30617,1000,13439,2112,44056,California
Solano,2021-02-06,3087,60649,1176,32800,1911,27849,0,0,2263,32060,820,14259,2263,46319,California
Solano,2021-02-07,854,61503,785,33585,69,27918,0,0,236,31679,617,14876,236,46555,California
Solano,2021-02-08,1765,63268,1237,34822,528,28446,0,0,719,31354,1044,15920,719,47274,California
Solano,2021-02-09,1951,65219,1492,36314,459,28905,0,0,695,30794,1255,17175,695,47969,California
Solano,2021-02-10,2278,67497,1505,37819,773,29678,0,0,830,30176,1448,18623,830,48799,California
Solano,2021-02-11,2527,70024,1496,39315,1031,30709,0,0,1198,30056,1318,19941,1198,49997,California
Solano,2021-02-12,4269,74293,1633,40948,2636,33345,0,0,2915,31624,1347,21288,2915,52912,California
Solano,2021-02-13,2872,77165,244,41192,2628,35973,0,0,2456,33668,412,21700,2456,55368,California
Solano,2021-02-14,729,77894,205,41397,524,36497,0,0,409,33760,318,22018,410,55778,California
Solano,2021-02-15,1331,79225,329,41726,1002,37499,0,0,683,33796,647,22665,683,56461,California
Solano,2021-02-16,2567,81792,1390,43116,1177,38676,0,0,1668,34567,898,23563,1669,58130,California
Solano,2021-02-17,3234,85026,1449,44565,1785,40461,0,0,2191,35719,1040,24603,2192,60322,California
Solano,2021-02-18,2918,87944,840,45405,2078,42539,0,0,855,34518,2057,26660,856,61178,California
Solano,2021-02-19,2477,90421,1454,46859,1023,43562,0,0,1174,34396,1298,27958,1176,62354,California
Solano,2021-02-20,2747,93168,388,47247,2359,45921,0,0,2235,36118,513,28471,2235,64589,California
Solano,2021-02-21,2318,95486,1997,49244,321,46242,0,0,1999,37802,315,28786,1999,66588,California
Solano,2021-02-22,1806,97292,1063,50307,743,46985,0,0,943,37885,861,29647,944,67532,California
Solano,2021-02-23,2904,100196,1091,51398,1813,48798,0,0,1975,38935,925,30572,1975,69507,California
Solano,2021-02-24,2538,102734,1266,52664,1272,50070,0,0,1411,39222,1125,31697,1412,70919,California
Solano,2021-02-25,2570,105304,1566,54230,1004,51074,0,0,1422,39501,1143,32840,1422,72341,California
Solano,2021-02-26,3418,108722,2172,56402,1246,52320,0,0,1974,40036,1439,34279,1974,74315,California
Solano,2021-02-27,3991,112713,1536,57938,2454,54774,1,1,3226,42507,756,35035,3227,77542,California
Solano,2021-02-28,1935,114648,1561,59499,373,55147,1,2,1605,43787,326,35361,1606,79148,California
Solano,2021-03-01,2728,117376,1224,60723,1503,56650,1,3,2058,45183,663,36024,2059,81207,California
Solano,2021-03-02,2285,119661,1409,62132,876,57526,0,3,1295,45489,989,37013,1295,82502,California
Solano,2021-03-03,2258,121919,1268,63400,990,58516,0,3,1393,46026,856,37869,1393,83895,California
Solano,2021-03-04,4383,126302,3434,66834,947,59463,2,5,3152,47962,1221,39090,3157,87052,California
Solano,2021-03-05,4950,131252,1684,68518,3261,62724,5,10,3978,50983,962,40052,3983,91035,California
Solano,2021-03-06,3872,135124,831,69349,3002,65726,39,49,2660,52482,1200,41252,2699,93734,California
Solano,2021-03-07,3600,138724,763,70112,2827,68553,10,59,1967,52840,1620,42872,1978,95712,California
Solano,2021-03-08,2143,140867,1348,71460,526,69079,269,328,1616,54204,519,43391,1883,97595,California
Solano,2021-03-09,3229,144096,1569,73029,1606,70685,54,382,2331,55687,898,44289,2381,99976,California
Solano,2021-03-10,2426,146522,1762,74791,579,71264,85,467,1275,55900,1146,45435,1359,101335,California
Solano,2021-03-11,6036,152558,1755,76546,4027,75291,254,721,4986,60095,1046,46481,5241,106576,California
Solano,2021-03-12,6047,158605,1569,78115,4299,79590,179,900,3169,60568,2874,49355,3347,109923,California
Solano,2021-03-13,4600,163205,811,78926,3709,83299,80,980,2242,60542,2351,51706,2325,112248,California
Solano,2021-03-14,4019,167224,3140,82066,418,83717,461,1441,1545,60076,2469,54175,2003,114251,California
Solano,2021-03-15,4036,171260,2465,84531,1242,84959,329,1770,2515,61404,1514,55689,2842,117093,California
Solano,2021-03-16,3063,174323,1312,85843,1516,86475,235,2005,1547,61673,1512,57201,1781,118874,California
Solano,2021-03-17,6474,180797,1660,87503,4723,91198,91,2096,4938,65169,1533,58734,5029,123903,California
Solano,2021-03-18,5229,186026,1845,89348,3344,94542,40,2136,3755,67499,1466,60200,3796,127699,California
Solano,2021-03-19,3584,189610,2646,91994,861,95403,77,2213,1710,67421,1866,62066,1788,129487,California
Solano,2021-03-20,5608,195218,1684,93678,3872,99275,52,2265,2651,67177,2947,65013,2703,132190,California
Solano,2021-03-21,1677,196895,1573,95251,79,99354,25,2290,370,66267,1303,66316,393,132583,California
Solano,2021-03-22,2664,199559,2036,97287,578,99932,50,2340,1538,66731,1120,67436,1584,134167,California
Solano,2021-03-23,3578,203137,1689,98976,1846,101778,43,2383,1405,66009,2169,69605,1447,135614,California
Solano,2021-03-24,2828,205965,1765,100741,1028,102806,35,2418,1359,65938,1463,71068,1392,137006,California
Solano,2021-03-25,4882,210847,4007,104748,840,103646,35,2453,2275,65645,2602,73670,2309,139315,California
Solano,2021-03-26,3243,214090,2110,106858,1095,104741,38,2491,1743,65937,1490,75160,1782,141097,California
Solano,2021-03-27,4222,218312,1156,108014,3028,107769,38,2529,1662,65081,2554,77714,1698,142795,California
Solano,2021-03-28,1423,219735,1117,109131,289,108058,17,2546,541,64761,878,78592,558,143353,California
Solano,2021-03-29,3534,223269,2049,111180,1468,109526,17,2563,1561,64378,1961,80553,1578,144931,California
Solano,2021-03-30,3046,226315,2012,113192,936,110462,98,2661,1899,65229,1145,81698,1996,146927,California
Solano,2021-03-31,3145,229460,2143,115335,845,111307,157,2818,1838,65916,1304,83002,1991,148918,California
Solano,2021-04-01,5559,235019,2110,117445,3297,114604,152,2970,3511,67544,2035,85037,3663,152581,California
Solano,2021-04-02,6631,241650,2221,119666,4243,118847,167,3137,2544,66183,4071,89108,2710,155291,California
Solano,2021-04-03,1527,243177,967,120633,407,119254,153,3290,568,65946,957,90065,720,156011,California
Solano,2021-04-04,778,243955,287,120920,188,119442,303,3593,237,65949,537,90602,540,156551,California
Solano,2021-04-05,2983,246938,2046,122966,730,120172,207,3800,1512,66197,1469,92071,1717,158268,California
Solano,2021-04-06,6095,253033,1639,124605,3969,124141,487,4287,1653,63901,4434,96505,2138,160406,California
Solano,2021-04-07,5987,259020,4631,129236,953,125094,403,4690,3415,65166,2552,99057,3817,164223,California
Solano,2021-04-08,6478,265498,1791,131027,3815,128909,872,5562,1805,63193,4643,103700,2670,166893,California
Solano,2021-04-09,6310,271808,1665,132692,3784,132693,861,6423,1517,60796,4769,108469,2372,169265,California
Solano,2021-04-10,1755,273563,967,133659,455,133148,333,6756,809,60994,945,109414,1143,170408,California
Solano,2021-04-11,1206,274769,767,134426,327,133475,112,6868,644,61191,559,109973,756,171164,California
Solano,2021-04-12,3286,278055,1693,136119,1228,134703,365,7233,1357,60987,1924,111897,1720,172884,California
Solano,2021-04-13,2533,280588,1101,137220,1431,136134,1,7234,1323,61105,1207,113104,1325,174209,California
Solano,2021-04-14,6511,287099,1960,139180,4551,140685,0,7234,1844,58294,4659,117763,1848,176057,California
Solano,2021-04-15,5722,292821,2158,141338,3563,144248,1,7235,1741,56069,3967,121730,1742,177799,California
Solano,2021-04-16,3691,296512,2598,143936,1091,145339,2,7237,2290,56970,1394,123124,2295,180094,California
Solano,2021-04-17,3264,299776,1057,144993,2207,147546,0,7237,1112,55939,2144,125268,1113,181207,California
Solano,2021-04-18,1002,300778,614,145607,388,147934,0,7237,526,55990,475,125743,526,181733,California
Solano,2021-04-19,2139,302917,1155,146762,984,148918,0,7237,1170,56199,963,126706,1172,182905,California
Solano,2021-04-20,3003,305920,1828,148590,1175,150093,0,7237,1663,56528,1334,128040,1663,184568,California
Solano,2021-04-21,3821,309741,2333,150923,1488,151581,0,7237,2013,56741,1800,129840,2013,186581,California
Solano,2021-04-22,2993,312734,1480,152403,1513,153094,0,7237,1790,57330,1201,131041,1790,188371,California
Solano,2021-04-23,4153,316887,2099,154502,2054,155148,0,7237,2510,58203,1638,132679,2511,190882,California
Solano,2021-04-24,3887,320774,2340,156842,1545,156693,2,7239,2580,59564,1221,133900,2582,193464,California
Solano,2021-04-25,1429,322203,1113,157955,316,157009,0,7239,1131,60404,291,134191,1131,194595,California
Solano,2021-04-26,2589,324792,1668,159623,917,157926,4,7243,1429,60690,1147,135338,1433,196028,California
Solano,2021-04-27,2587,327379,1291,160914,1266,159192,30,7273,1465,61074,1112,136450,1496,197524,California
Solano,2021-04-28,6039,333418,4996,165910,997,160189,46,7319,3771,62634,2257,138707,3817,201341,California
Solano,2021-04-29,4533,337951,1442,167352,3059,163248,32,7351,2047,62235,2478,141185,2079,203420,California
Solano,2021-04-30,4117,342068,2183,169535,1793,165041,141,7492,1901,62077,2200,143385,2042,205462,California
Solano,2021-05-01,2179,344247,1677,171212,301,165342,201,7693,1294,62692,880,144265,1495,206957,California
Solano,2021-05-02,1204,345451,947,172159,231,165573,26,7719,668,62855,531,144796,694,207651,California
Solano,2021-05-03,1454,346905,1009,173168,358,165931,87,7806,594,62679,858,145654,682,208333,California
Solano,2021-05-04,1795,348700,1041,174209,687,166618,67,7873,808,62568,986,146640,875,209208,California
Solano,2021-05-05,2276,350976,1419,175628,743,167361,114,7987,1092,62592,1180,147820,1204,210412,California
Solano,2021-05-06,2004,352980,1192,176820,601,167962,211,8198,730,62269,1263,149083,940,211352,California
Solano,2021-05-07,2819,355799,1966,178786,733,168695,120,8318,972,61520,1839,150922,1090,212442,California
Solano,2021-05-08,1441,357240,899,179685,426,169121,116,8434,548,61294,890,151812,664,213106,California
Solano,2021-05-09,442,357682,265,179950,166,169287,11,8445,177,61221,262,152074,189,213295,California
Solano,2021-05-10,1330,359012,608,180558,616,169903,106,8551,389,60779,936,153010,494,213789,California
Solano,2021-05-11,2268,361280,1141,181699,1038,170941,89,8640,641,59887,1622,154632,730,214519,California
Solano,2021-05-12,2126,363406,1206,182905,744,171685,176,8816,700,59348,1412,156044,873,215392,California
Solano,2021-05-13,3029,366435,2071,184976,746,172431,212,9028,1595,59724,1431,157475,1807,217199,California
Solano,2021-05-14,2415,368850,1630,186606,664,173095,121,9149,1005,59449,1401,158876,1126,218325,California
Solano,2021-05-15,3133,371983,2480,189086,568,173663,85,9234,1199,58810,1922,160798,1283,219608,California
Solano,2021-05-16,1491,373474,1092,190178,367,174030,32,9266,248,57849,1240,162038,279,219887,California
Solano,2021-05-17,2446,375920,1399,191577,961,174991,86,9352,867,57239,1559,163597,949,220836,California
Solano,2021-05-18,2907,378827,1617,193194,1201,176192,89,9441,1454,57341,1441,165038,1543,222379,California
Solano,2021-05-19,5096,383923,3558,196752,1432,177624,106,9547,1962,56285,3124,168162,2068,224447,California
Solano,2021-05-20,2596,386519,1562,198314,975,178599,59,9606,949,55655,1638,169800,1008,225455,California
Solano,2021-05-21,3539,390058,1863,200177,1609,180208,67,9673,1393,54980,2135,171935,1460,226915,California
Solano,2021-05-22,2379,392437,1777,201954,535,180743,67,9740,985,54647,1385,173320,1052,227967,California
Solano,2021-05-23,1362,393799,1120,203074,219,180962,23,9763,728,54767,631,173951,751,228718,California
Solano,2021-05-24,1836,395635,1039,204113,725,181687,72,9835,615,54238,1215,175166,686,229404,California
Solano,2021-05-25,1622,397257,816,204929,746,182433,60,9895,586,53855,1028,176194,645,230049,California
Solano,2021-05-26,1882,399139,1083,206012,744,183177,55,9950,709,53451,1168,177362,764,230813,California
Solano,2021-05-27,2135,401274,944,206956,1116,184293,75,10025,890,53179,1236,178598,964,231777,California
Solano,2021-05-28,2023,403297,1035,207991,937,185230,51,10076,769,52754,1246,179844,821,232598,California
Solano,2021-05-29,649,403946,321,208312,298,185528,30,10106,321,52778,326,180170,350,232948,California
Solano,2021-05-30,323,404269,155,208467,143,185671,25,10131,119,52721,201,180371,144,233092,California
Solano,2021-05-31,127,404396,18,208485,100,185771,9,10140,24,52651,103,180474,33,233125,California
Solano,2021-06-01,1829,406225,1172,209657,579,186350,78,10218,761,52426,1063,181537,838,233963,California
Solano,2021-06-02,1710,407935,1174,210831,471,186821,65,10283,845,52474,859,182396,907,234870,California
Solano,2021-06-03,2003,409938,1550,212381,372,187193,81,10364,594,51746,1404,183800,676,235546,California
Solano,2021-06-04,1651,411589,1148,213529,439,187632,64,10428,556,51275,1091,184891,620,236166,California
Solano,2021-06-05,1393,412982,1000,214529,342,187974,51,10479,472,50883,915,185806,523,236689,California
Solano,2021-06-06,529,413511,423,214952,85,188059,21,10500,264,50904,264,186070,285,236974,California
Solano,2021-06-07,1241,414752,943,215895,234,188293,64,10564,419,50569,818,186888,483,237457,California
Solano,2021-06-08,1724,416476,1214,217109,476,188769,34,10598,461,49806,1258,188146,495,237952,California
Solano,2021-06-09,1550,418026,1243,218352,252,189021,55,10653,489,49293,1056,189202,543,238495,California
Solano,2021-06-10,1206,419232,835,219187,305,189326,66,10719,401,48962,798,190000,467,238962,California
Solano,2021-06-11,1171,420403,844,220031,263,189589,64,10783,429,48715,739,190739,492,239454,California
Solano,2021-06-12,1145,421548,913,220944,174,189763,58,10841,220,48073,920,191659,278,239732,California
Solano,2021-06-13,590,422138,508,221452,74,189837,8,10849,149,47789,441,192100,157,239889,California
Solano,2021-06-14,845,422983,543,221995,282,190119,20,10869,123,47214,715,192815,140,240029,California
Sonoma,2020-12-15,4,4,4,4,0,0,0,0,4,4,0,0,4,4,California
Sonoma,2020-12-16,28,32,28,32,0,0,0,0,28,32,0,0,28,32,California
Sonoma,2020-12-17,109,141,109,141,0,0,0,0,109,141,0,0,109,141,California
Sonoma,2020-12-18,438,579,438,579,0,0,0,0,438,579,0,0,438,579,California
Sonoma,2020-12-19,111,690,110,689,1,1,0,0,111,690,0,0,111,690,California
Sonoma,2020-12-20,176,866,176,865,0,1,0,0,176,866,0,0,176,866,California
Sonoma,2020-12-21,911,1777,909,1774,2,3,0,0,910,1776,0,0,910,1776,California
Sonoma,2020-12-22,1356,3133,1266,3040,90,93,0,0,1356,3132,0,0,1356,3132,California
Sonoma,2020-12-23,1606,4739,1233,4273,373,466,0,0,1607,4739,0,0,1607,4739,California
Sonoma,2020-12-24,311,5050,102,4375,209,675,0,0,311,5050,0,0,311,5050,California
Sonoma,2020-12-25,9,5059,2,4377,7,682,0,0,9,5059,0,0,9,5059,California
Sonoma,2020-12-26,268,5327,257,4634,11,693,0,0,268,5327,0,0,268,5327,California
Sonoma,2020-12-27,96,5423,81,4715,15,708,0,0,96,5423,0,0,96,5423,California
Sonoma,2020-12-28,982,6405,548,5263,434,1142,0,0,955,6378,0,0,955,6378,California
Sonoma,2020-12-29,1132,7537,780,6043,352,1494,0,0,1098,7476,0,0,1098,7476,California
Sonoma,2020-12-30,1094,8631,479,6522,615,2109,0,0,1086,8562,0,0,1086,8562,California
Sonoma,2020-12-31,520,9151,70,6592,450,2559,0,0,521,9083,0,0,521,9083,California
Sonoma,2021-01-01,55,9206,25,6617,30,2589,0,0,55,9138,0,0,55,9138,California
Sonoma,2021-01-02,133,9339,127,6744,6,2595,0,0,133,9271,0,0,133,9271,California
Sonoma,2021-01-03,25,9364,10,6754,15,2610,0,0,25,9296,0,0,25,9296,California
Sonoma,2021-01-04,340,9704,105,6859,235,2845,0,0,339,9635,0,0,339,9635,California
Sonoma,2021-01-05,430,10134,99,6958,331,3176,0,0,404,10023,16,16,404,10039,California
Sonoma,2021-01-06,948,11082,433,7391,515,3691,0,0,835,10751,107,123,835,10874,California
Sonoma,2021-01-07,1031,12113,537,7928,494,4185,0,0,856,11433,174,297,856,11730,California
Sonoma,2021-01-08,1803,13916,1241,9169,562,4747,0,0,1317,12266,484,781,1317,13047,California
Sonoma,2021-01-09,642,14558,402,9571,240,4987,0,0,595,12814,47,828,595,13642,California
Sonoma,2021-01-10,475,15033,464,10035,11,4998,0,0,278,12895,197,1025,278,13920,California
Sonoma,2021-01-11,1388,16421,1241,11276,147,5145,0,0,415,12342,968,1993,415,14335,California
Sonoma,2021-01-12,1547,17968,1293,12569,254,5399,0,0,396,11589,1149,3142,396,14731,California
Sonoma,2021-01-13,2049,20017,1373,13942,676,6075,0,0,1180,11904,866,4008,1181,15912,California
Sonoma,2021-01-14,1542,21559,808,14750,734,6809,0,0,1313,12989,229,4237,1314,17226,California
Sonoma,2021-01-15,1564,23123,629,15379,935,7744,0,0,1341,14118,214,4451,1343,18569,California
Sonoma,2021-01-16,1148,24271,615,15994,533,8277,0,0,902,14778,242,4693,902,19471,California
Sonoma,2021-01-17,672,24943,551,16545,121,8398,0,0,592,15290,80,4773,592,20063,California
Sonoma,2021-01-18,1104,26047,934,17479,170,8568,0,0,615,15417,489,5262,616,20679,California
Sonoma,2021-01-19,2100,28147,1000,18479,1100,9668,0,0,1388,16096,710,5972,1389,22068,California
Sonoma,2021-01-20,2111,30258,633,19112,1478,11146,0,0,1439,16874,662,6634,1440,23508,California
Sonoma,2021-01-21,2299,32557,648,19760,1651,12797,0,0,2074,18727,223,6857,2076,25584,California
Sonoma,2021-01-22,2757,35314,1052,20812,1705,14502,0,0,2609,21189,147,7004,2609,28193,California
Sonoma,2021-01-23,765,36079,592,21404,173,14675,0,0,656,21737,108,7112,656,28849,California
Sonoma,2021-01-24,849,36928,718,22122,131,14806,0,0,831,22550,18,7130,831,29680,California
Sonoma,2021-01-25,2182,39110,518,22640,1664,16470,0,0,1692,23752,490,7620,1692,31372,California
Sonoma,2021-01-26,2058,41168,303,22943,1755,18225,0,0,1598,24891,459,8079,1598,32970,California
Sonoma,2021-01-27,3765,44933,1289,24232,2476,20701,0,0,3183,27496,580,8659,3185,36155,California
Sonoma,2021-01-28,4148,49081,1851,26083,2297,22998,0,0,3468,30289,677,9336,3470,39625,California
Sonoma,2021-01-29,3026,52107,1426,27509,1600,24598,0,0,2176,31618,848,10184,2177,41802,California
Sonoma,2021-01-30,2596,54703,2405,29914,191,24789,0,0,2250,33524,345,10529,2251,44053,California
Sonoma,2021-01-31,809,55512,694,30608,115,24904,0,0,577,33870,231,10760,577,44630,California
Sonoma,2021-02-01,2489,58001,855,31463,1634,26538,0,0,2109,35602,377,11137,2109,46739,California
Sonoma,2021-02-02,3606,61607,1401,32864,2205,28743,0,0,3026,38051,577,11714,3026,49765,California
Sonoma,2021-02-03,4058,65665,1331,34195,2727,31470,0,0,3119,40235,935,12649,3119,52884,California
Sonoma,2021-02-04,4222,69887,1727,35922,2495,33965,0,0,3425,42866,795,13444,3426,56310,California
Sonoma,2021-02-05,4835,74722,1751,37673,3084,37049,0,0,3804,45644,1027,14471,3805,60115,California
Sonoma,2021-02-06,2676,77398,2311,39984,365,37414,0,0,2142,47253,533,15004,2142,62257,California
Sonoma,2021-02-07,1557,78955,1418,41402,139,37553,0,0,1301,48298,256,15260,1301,63558,California
Sonoma,2021-02-08,3280,82235,1042,42444,2238,39791,0,0,2687,50393,592,15852,2687,66245,California
Sonoma,2021-02-09,3585,85820,1704,44148,1881,41672,0,0,3106,53023,477,16329,3107,69352,California
Sonoma,2021-02-10,4563,90383,2491,46639,2072,43744,0,0,3557,55581,1000,17329,3558,72910,California
Sonoma,2021-02-11,5603,95986,3036,49675,2567,46311,0,0,4413,58807,1187,18516,4413,77323,California
Sonoma,2021-02-12,5948,101934,3271,52946,2677,48988,0,0,4502,61871,1442,19958,4506,81829,California
Sonoma,2021-02-13,1996,103930,1155,54101,841,49829,0,0,1201,62280,792,20750,1201,83030,California
Sonoma,2021-02-14,2334,106264,1838,55939,496,50325,0,0,1590,63130,740,21490,1590,84620,California
Sonoma,2021-02-15,2151,108415,800,56739,1351,51676,0,0,1610,64199,541,22031,1610,86230,California
Sonoma,2021-02-16,4922,113337,2059,58798,2863,54539,0,0,3649,66581,1268,23299,3650,89880,California
Sonoma,2021-02-17,5636,118973,2925,61723,2711,57250,0,0,3590,68137,2037,25336,3593,93473,California
Sonoma,2021-02-18,6977,125950,3147,64870,3830,61080,0,0,4021,69216,2943,28279,4022,97495,California
Sonoma,2021-02-19,5588,131538,1684,66554,3904,64984,0,0,3458,70551,2125,30404,3460,100955,California
Sonoma,2021-02-20,3130,134668,2840,69394,290,65274,0,0,1215,69857,1909,32313,1215,102170,California
Sonoma,2021-02-21,535,135203,424,69818,111,65385,0,0,138,69604,391,32704,138,102308,California
Sonoma,2021-02-22,2962,138165,1407,71225,1555,66940,0,0,1231,69109,1726,34430,1231,103539,California
Sonoma,2021-02-23,3457,141622,2122,73347,1335,68275,0,0,1613,68883,1839,36269,1613,105152,California
Sonoma,2021-02-24,5736,147358,2587,75934,3149,71424,0,0,2941,69039,2787,39056,2943,108095,California
Sonoma,2021-02-25,6023,153381,2353,78287,3670,75094,0,0,3240,69519,2760,41816,3240,111335,California
Sonoma,2021-02-26,6653,160034,2942,81229,3711,78805,0,0,4226,71326,2419,44235,4226,115561,California
Sonoma,2021-02-27,4221,164255,1970,83199,2251,81056,0,0,2827,72761,1392,45627,2827,118388,California
Sonoma,2021-02-28,2511,166766,1857,85056,653,81709,1,1,761,71782,1741,47368,762,119150,California
Sonoma,2021-03-01,4130,170896,1312,86368,2817,84526,1,2,2168,72001,1951,49319,2170,121320,California
Sonoma,2021-03-02,4432,175328,1521,87889,2910,87436,1,3,2564,72705,1861,51180,2565,123885,California
Sonoma,2021-03-03,5078,180406,2647,90536,2431,89867,0,3,2335,72305,2735,53915,2335,126220,California
Sonoma,2021-03-04,5995,186401,2697,93233,3298,93165,0,3,2604,71532,3377,57292,2604,128824,California
Sonoma,2021-03-05,6504,192905,2875,96108,3614,96779,15,18,2735,70529,3754,61046,2751,131575,California
Sonoma,2021-03-06,2802,195707,1229,97337,1437,98216,136,154,1924,71717,871,61917,2059,133634,California
Sonoma,2021-03-07,1756,197463,1423,98760,297,98513,36,190,398,70795,1356,63273,434,134068,California
Sonoma,2021-03-08,4087,201550,659,99419,3253,101766,175,365,2405,71702,1671,64944,2578,136646,California
Sonoma,2021-03-09,5630,207180,3102,102521,2259,104025,269,634,2774,71885,2847,67791,3030,139676,California
Sonoma,2021-03-10,6046,213226,3206,105727,2490,106515,350,984,2438,71077,3594,71385,2786,142462,California
Sonoma,2021-03-11,7567,220793,3033,108760,3711,110226,823,1807,2568,69480,4986,76371,3389,145851,California
Sonoma,2021-03-12,7429,228222,2260,111020,3796,114022,1373,3180,2097,67634,5311,81682,3465,149316,California
Sonoma,2021-03-13,3436,231658,1695,112715,1499,115521,242,3422,2010,68457,1425,83107,2248,151564,California
Sonoma,2021-03-14,1384,233042,380,113095,862,116383,142,3564,846,68909,535,83642,987,152551,California
Sonoma,2021-03-15,5257,238299,1520,114615,3350,119733,387,3951,2171,68392,3073,86715,2556,155107,California
Sonoma,2021-03-16,6314,244613,2258,116873,3824,123557,232,4183,2903,68122,3403,90118,3133,158240,California
Sonoma,2021-03-17,6815,251428,3570,120443,3062,126619,183,4366,3290,68082,3511,93629,3471,161711,California
Sonoma,2021-03-18,7157,258585,2948,123391,3593,130212,616,4982,3122,67791,4025,97654,3734,165445,California
Sonoma,2021-03-19,7534,266119,3271,126662,4034,134246,229,5211,3058,66626,4456,102110,3291,168736,California
Sonoma,2021-03-20,3719,269838,1753,128415,1137,135383,829,6040,2016,67770,1696,103806,2840,171576,California
Sonoma,2021-03-21,1386,271224,598,129013,753,136136,35,6075,1202,68828,179,103985,1237,172813,California
Sonoma,2021-03-22,4582,275806,3122,132135,1360,137496,100,6175,3341,71034,1235,105220,3441,176254,California
Sonoma,2021-03-23,5881,281687,3645,135780,2165,139661,71,6246,4442,74118,1429,106649,4513,180767,California
Sonoma,2021-03-24,6852,288539,4305,140085,2473,142134,74,6320,4185,75729,2646,109295,4257,185024,California
Sonoma,2021-03-25,7150,295689,4212,144297,2826,144960,112,6432,4294,77307,2829,112124,4407,189431,California
Sonoma,2021-03-26,7468,303157,3474,147771,3900,148860,94,6526,3822,77599,3623,115747,3915,193346,California
Sonoma,2021-03-27,3901,307058,1508,149279,2024,150884,369,6895,1044,76163,2847,118594,1411,194757,California
Sonoma,2021-03-28,1515,308573,947,150226,540,151424,28,6923,798,76275,713,119307,825,195582,California
Sonoma,2021-03-29,2978,311551,1107,151333,1838,153262,33,6956,1535,76408,1435,120742,1568,197150,California
Sonoma,2021-03-30,5890,317441,3235,154568,2593,155855,62,7018,3055,76699,2826,123568,3117,200267,California
Sonoma,2021-03-31,5624,323065,3405,157973,2002,157857,217,7235,3246,77798,2364,125932,3463,203730,California
Sonoma,2021-04-01,6961,330026,4076,162049,2539,160396,346,7581,3774,78748,3160,129092,4110,207840,California
Sonoma,2021-04-02,5961,335987,3569,165618,2283,162679,109,7690,3587,80079,2364,131456,3695,211535,California
Sonoma,2021-04-03,3653,339640,1823,167441,1605,164284,225,7915,1606,79874,2034,133490,1829,213364,California
Sonoma,2021-04-04,1068,340708,693,168134,284,164568,91,8006,653,80208,410,133900,744,214108,California
Sonoma,2021-04-05,4448,345156,647,168781,3455,168023,346,8352,1671,79454,2770,136670,2016,216124,California
Sonoma,2021-04-06,6940,352096,3514,172295,3019,171042,407,8759,4038,81009,2888,139558,4443,220567,California
Sonoma,2021-04-07,6874,358970,3883,176178,2151,173193,840,9599,3348,81676,3513,143071,4180,224747,California
Sonoma,2021-04-08,7671,366641,4146,180324,2749,175942,776,10375,4208,83203,3452,146523,4979,229726,California
Sonoma,2021-04-09,6864,373505,3831,184155,2142,178084,891,11266,3539,84315,3311,149834,4423,234149,California
Sonoma,2021-04-10,3925,377430,1704,185859,1661,179745,560,11826,1152,83258,2762,152596,1705,235854,California
Sonoma,2021-04-11,1284,378714,605,186464,598,180343,81,11907,439,82934,844,153440,520,236374,California
Sonoma,2021-04-12,4976,383690,2070,188534,2420,182763,486,12393,1854,82157,3110,156550,2333,238707,California
Sonoma,2021-04-13,7931,391621,4668,193202,3259,186022,4,12397,3037,80321,4883,161433,3047,241754,California
Sonoma,2021-04-14,6644,398265,3786,196988,2837,188859,21,12418,2559,78829,4072,165505,2580,244334,California
Sonoma,2021-04-15,7462,405727,4264,201252,3198,192057,0,12418,3648,78689,3798,169303,3658,247992,California
Sonoma,2021-04-16,6834,412561,3430,204682,3402,195459,2,12420,3875,79620,2949,172252,3880,251872,California
Sonoma,2021-04-17,3212,415773,1568,206250,1644,197103,0,12420,1553,79530,1644,173896,1554,253426,California
Sonoma,2021-04-18,1287,417060,895,207145,392,197495,0,12420,453,79150,833,174729,453,253879,California
Sonoma,2021-04-19,3322,420382,1886,209031,1435,198930,1,12421,1450,78733,1868,176597,1451,255330,California
Sonoma,2021-04-20,6285,426667,3471,212502,2813,201743,1,12422,2335,77133,3937,180534,2337,257667,California
Sonoma,2021-04-21,6629,433296,4236,216738,2391,204134,2,12424,3047,76620,3561,184095,3048,260715,California
Sonoma,2021-04-22,6259,439555,4484,221222,1775,205909,0,12424,2524,75426,3718,187813,2524,263239,California
Sonoma,2021-04-23,7440,446995,4633,225855,2801,208710,6,12430,3638,75283,3788,191601,3645,266884,California
Sonoma,2021-04-24,2774,449769,1504,227359,1255,209965,15,12445,1543,75615,1226,192827,1558,268442,California
Sonoma,2021-04-25,1086,450855,790,228149,296,210261,0,12445,429,75390,654,193481,429,268871,California
Sonoma,2021-04-26,2933,453788,1407,229556,1498,211759,28,12473,1616,75725,1309,194790,1644,270515,California
Sonoma,2021-04-27,5488,459276,3727,233283,1638,213397,123,12596,2250,74871,3227,198017,2373,272888,California
Sonoma,2021-04-28,4902,464178,3230,236513,1475,214872,197,12793,2093,74363,2793,200810,2285,275173,California
Sonoma,2021-04-29,5095,469273,3586,240099,1364,216236,145,12938,1920,73265,3163,203973,2065,277238,California
Sonoma,2021-04-30,5466,474739,3631,243730,1540,217776,295,13233,1813,71735,3637,207610,2107,279345,California
Sonoma,2021-05-01,2484,477223,1785,245515,594,218370,105,13338,1236,71832,1240,208850,1337,280682,California
Sonoma,2021-05-02,870,478093,650,246165,169,218539,51,13389,554,72122,316,209166,606,281288,California
Sonoma,2021-05-03,3189,481282,1686,247851,1358,219897,145,13534,1051,71188,2128,211294,1194,282482,California
Sonoma,2021-05-04,4591,485873,2404,250255,2009,221906,178,13712,1457,69708,3110,214404,1630,284112,California
Sonoma,2021-05-05,3674,489547,2176,252431,1303,223209,195,13907,1308,68855,2354,216758,1501,285613,California
Sonoma,2021-05-06,4562,494109,2407,254838,2029,225238,126,14033,1298,67075,3201,219959,1421,287034,California
Sonoma,2021-05-07,3610,497719,2320,257158,1165,226403,125,14158,1089,65777,2511,222470,1213,288247,California
Sonoma,2021-05-08,1859,499578,1259,258417,508,226911,92,14250,740,65501,1108,223578,832,289079,California
Sonoma,2021-05-09,503,500081,287,258704,175,227086,41,14291,169,65381,330,223908,210,289289,California
Sonoma,2021-05-10,2320,502401,1045,259749,1141,228227,134,14425,291,63788,2015,225923,422,289711,California
Sonoma,2021-05-11,3553,505954,1907,261656,1522,229749,124,14549,928,62232,2608,228531,1052,290763,California
Sonoma,2021-05-12,4006,509960,2478,264134,1376,231125,152,14701,852,60093,3142,231673,1003,291766,California
Sonoma,2021-05-13,4934,514894,2840,266974,1964,233089,130,14831,1662,58623,3260,234933,1790,293556,California
Sonoma,2021-05-14,5795,520689,3597,270571,2061,235150,137,14968,2207,57395,3573,238506,2345,295901,California
Sonoma,2021-05-15,2918,523607,2145,272716,712,235862,61,15029,1844,58233,1066,239572,1904,297805,California
Sonoma,2021-05-16,1310,524917,1093,273809,158,236020,59,15088,976,58938,330,239902,1035,298840,California
Sonoma,2021-05-17,2440,527357,1814,275623,530,236550,96,15184,896,58389,1538,241440,989,299829,California
Sonoma,2021-05-18,4330,531687,2855,278478,1366,237916,109,15293,1473,57131,2839,244279,1581,301410,California
Sonoma,2021-05-19,3745,535432,2409,280887,1221,239137,115,15408,1492,56498,2240,246519,1607,303017,California
Sonoma,2021-05-20,3377,538809,2243,283130,1040,240177,94,15502,1344,55911,2020,248539,1433,304450,California
Sonoma,2021-05-21,4211,543020,2397,285527,1685,241862,129,15631,1508,54851,2682,251221,1622,306072,California
Sonoma,2021-05-22,2334,545354,1278,286805,1016,242878,40,15671,666,53901,1656,252877,706,306778,California
Sonoma,2021-05-23,1466,546820,1198,288003,252,243130,16,15687,758,53973,702,253579,774,307552,California
Sonoma,2021-05-24,1966,548786,1249,289252,586,243716,131,15818,646,53459,1291,254870,777,308329,California
Sonoma,2021-05-25,2923,551709,1800,291052,1035,244751,88,15906,741,52118,2169,257039,828,309157,California
Sonoma,2021-05-26,2480,554189,1733,292785,637,245388,110,16016,1001,51758,1468,258507,1108,310265,California
Sonoma,2021-05-27,2083,556272,1139,293924,848,246236,96,16112,702,51182,1373,259880,797,311062,California
Sonoma,2021-05-28,2145,558417,1127,295051,925,247161,93,16205,620,50382,1513,261393,713,311775,California
Sonoma,2021-05-29,1335,559752,914,295965,353,247514,68,16273,645,50415,680,262073,713,312488,California
Sonoma,2021-05-30,343,560095,211,296176,121,247635,11,16284,137,50361,202,262275,148,312636,California
Sonoma,2021-05-31,70,560165,26,296202,43,247678,1,16285,17,50326,53,262328,18,312654,California
Sonoma,2021-06-01,1936,562101,1114,297316,745,248423,77,16362,707,49890,1216,263544,780,313434,California
Sonoma,2021-06-02,1575,563676,965,298281,496,248919,114,16476,667,49767,903,264447,780,314214,California
Sonoma,2021-06-03,1995,565671,1389,299670,527,249446,79,16555,444,48747,1542,265989,522,314736,California
Sonoma,2021-06-04,2692,568363,2201,301871,384,249830,107,16662,521,47212,2162,268151,627,315363,California
Sonoma,2021-06-05,1796,570159,1484,303355,281,250111,31,16693,291,46033,1501,269652,322,315685,California
Sonoma,2021-06-06,1010,571169,934,304289,68,250179,8,16701,157,45348,850,270502,165,315850,California
Sonoma,2021-06-07,1472,572641,1243,305532,175,250354,54,16755,333,44601,1131,271633,384,316234,California
Sonoma,2021-06-08,1888,574529,1520,307052,324,250678,44,16799,530,43828,1346,272979,573,316807,California
Sonoma,2021-06-09,1629,576158,1351,308403,219,250897,59,16858,388,43047,1228,274207,447,317254,California
Sonoma,2021-06-10,1830,577988,1500,309903,227,251124,103,16961,563,42458,1254,275461,665,317919,California
Sonoma,2021-06-11,1922,579910,1588,311491,246,251370,88,17049,521,41672,1395,276856,609,318528,California
Sonoma,2021-06-12,1115,581025,877,312368,189,251559,49,17098,349,41309,761,277617,398,318926,California
Sonoma,2021-06-13,468,581493,418,312786,42,251601,8,17106,45,40939,423,278040,53,318979,California
Sonoma,2021-06-14,479,581972,341,313127,97,251698,41,17147,149,40805,324,278364,190,319169,California
Stanislaus,2020-12-15,4,4,4,4,0,0,0,0,4,4,0,0,4,4,California
Stanislaus,2020-12-16,37,41,37,41,0,0,0,0,37,41,0,0,37,41,California
Stanislaus,2020-12-17,74,115,74,115,0,0,0,0,74,115,0,0,74,115,California
Stanislaus,2020-12-18,343,458,337,452,6,6,0,0,342,456,1,1,342,457,California
Stanislaus,2020-12-19,132,590,132,584,0,6,0,0,132,588,0,1,132,589,California
Stanislaus,2020-12-20,86,676,86,670,0,6,0,0,86,674,0,1,86,675,California
Stanislaus,2020-12-21,1000,1676,998,1668,2,8,0,0,998,1671,2,3,999,1674,California
Stanislaus,2020-12-22,794,2470,781,2449,13,21,0,0,793,2463,1,4,793,2467,California
Stanislaus,2020-12-23,447,2917,429,2878,18,39,0,0,446,2909,1,5,447,2914,California
Stanislaus,2020-12-24,96,3013,88,2966,8,47,0,0,96,3005,0,5,96,3010,California
Stanislaus,2020-12-26,52,3065,9,2975,43,90,0,0,52,3057,0,5,52,3062,California
Stanislaus,2020-12-27,11,3076,6,2981,5,95,0,0,11,3068,0,5,11,3073,California
Stanislaus,2020-12-28,487,3563,394,3375,93,188,0,0,487,3555,0,5,487,3560,California
Stanislaus,2020-12-29,496,4059,415,3790,81,269,0,0,495,4049,1,6,495,4055,California
Stanislaus,2020-12-30,535,4594,281,4071,254,523,0,0,534,4582,1,7,534,4589,California
Stanislaus,2020-12-31,279,4873,157,4228,122,645,0,0,278,4859,1,8,278,4867,California
Stanislaus,2021-01-01,15,4888,6,4234,9,654,0,0,15,4874,0,8,15,4882,California
Stanislaus,2021-01-02,33,4921,26,4260,7,661,0,0,33,4907,0,8,33,4915,California
Stanislaus,2021-01-03,90,5011,87,4347,3,664,0,0,90,4997,0,8,90,5005,California
Stanislaus,2021-01-04,231,5242,153,4500,78,742,0,0,231,5228,0,8,231,5236,California
Stanislaus,2021-01-05,862,6104,359,4859,503,1245,0,0,822,6012,38,46,822,6058,California
Stanislaus,2021-01-06,1014,7118,610,5469,404,1649,0,0,930,6861,81,127,930,6988,California
Stanislaus,2021-01-07,1088,8206,714,6183,374,2023,0,0,887,7555,194,321,888,7876,California
Stanislaus,2021-01-08,1287,9493,727,6910,560,2583,0,0,932,8138,351,672,934,8810,California
Stanislaus,2021-01-09,290,9783,142,7052,148,2731,0,0,201,8250,89,761,201,9011,California
Stanislaus,2021-01-10,49,9832,22,7074,27,2758,0,0,29,8260,19,780,29,9040,California
Stanislaus,2021-01-11,1514,11346,1219,8293,295,3053,0,0,579,7924,923,1703,587,9627,California
Stanislaus,2021-01-12,1501,12847,868,9161,633,3686,0,0,840,8114,651,2354,841,10468,California
Stanislaus,2021-01-13,1476,14323,693,9854,783,4469,0,0,1135,8913,337,2691,1136,11604,California
Stanislaus,2021-01-14,2354,16677,287,10141,2067,6536,0,0,2144,10852,206,2897,2145,13749,California
Stanislaus,2021-01-15,2979,19656,1241,11382,1738,8274,0,0,2750,13408,195,3092,2751,16500,California
Stanislaus,2021-01-16,477,20133,54,11436,423,8697,0,0,454,13842,22,3114,456,16956,California
Stanislaus,2021-01-17,244,20377,202,11638,42,8739,0,0,237,14073,6,3120,237,17193,California
Stanislaus,2021-01-18,2311,22688,1053,12691,1258,9997,0,0,1871,15511,433,3553,1871,19064,California
Stanislaus,2021-01-19,1254,23942,723,13414,531,10528,0,0,802,15867,447,4000,803,19867,California
Stanislaus,2021-01-20,1014,24956,491,13905,523,11051,0,0,718,16292,293,4293,718,20585,California
Stanislaus,2021-01-21,3889,28845,3164,17069,725,11776,0,0,3469,19358,403,4696,3469,24054,California
Stanislaus,2021-01-22,1104,29949,311,17380,793,12569,0,0,1056,20373,44,4740,1059,25113,California
Stanislaus,2021-01-23,358,30307,42,17422,316,12885,0,0,299,20614,58,4798,299,25412,California
Stanislaus,2021-01-24,304,30611,100,17522,204,13089,0,0,237,20785,67,4865,238,25650,California
Stanislaus,2021-01-25,3333,33944,230,17752,3103,16192,0,0,2975,23461,304,5169,2980,28630,California
Stanislaus,2021-01-26,1766,35710,767,18519,999,17191,0,0,1315,24367,410,5579,1316,29946,California
Stanislaus,2021-01-27,1906,37616,1063,19582,843,18034,0,0,1188,24903,652,6231,1188,31134,California
Stanislaus,2021-01-28,2295,39911,1592,21174,703,18737,0,0,1781,26205,480,6711,1782,32916,California
Stanislaus,2021-01-29,2540,42451,1259,22433,1281,20018,0,0,1964,27669,502,7213,1966,34882,California
Stanislaus,2021-01-30,295,42746,135,22568,160,20178,0,0,231,27847,53,7266,231,35113,California
Stanislaus,2021-01-31,368,43114,314,22882,54,20232,0,0,353,28188,12,7278,353,35466,California
Stanislaus,2021-02-01,1298,44412,585,23467,713,20945,0,0,940,28785,344,7622,941,36407,California
Stanislaus,2021-02-02,1214,45626,349,23816,865,21810,0,0,775,29136,426,8048,777,37184,California
Stanislaus,2021-02-03,2643,48269,1259,25075,1384,23194,0,0,1921,30356,711,8759,1931,39115,California
Stanislaus,2021-02-04,2115,50384,711,25786,1404,24598,0,0,1585,31431,513,9272,1588,40703,California
Stanislaus,2021-02-05,2905,53289,1485,27271,1420,26018,0,0,1601,31835,1200,10472,1604,42307,California
Stanislaus,2021-02-06,888,54177,300,27571,588,26606,0,0,693,32337,193,10665,695,43002,California
Stanislaus,2021-02-07,231,54408,206,27777,25,26631,0,0,42,32194,186,10851,43,43045,California
Stanislaus,2021-02-08,2155,56563,1440,29217,715,27346,0,0,1129,32405,919,11770,1130,44175,California
Stanislaus,2021-02-09,1879,58442,800,30017,1079,28425,0,0,1054,32691,769,12539,1055,45230,California
Stanislaus,2021-02-10,1969,60411,535,30552,1434,29859,0,0,1013,32813,892,13431,1014,46244,California
Stanislaus,2021-02-11,5602,66013,3401,33953,2201,32060,0,0,1231,30161,3890,17321,1238,47482,California
Stanislaus,2021-02-12,3398,69411,923,34876,2475,34535,0,0,1461,29862,1763,19084,1464,48946,California
Stanislaus,2021-02-13,1354,70765,651,35527,703,35238,0,0,983,30487,362,19446,987,49933,California
Stanislaus,2021-02-14,417,71182,165,35692,252,35490,0,0,349,30771,65,19511,349,50282,California
Stanislaus,2021-02-15,1892,73074,229,35921,1663,37153,0,0,582,30259,1095,20606,583,50865,California
Stanislaus,2021-02-16,1367,74441,423,36344,944,38097,0,0,579,30068,772,21378,581,51446,California
Stanislaus,2021-02-17,3084,77525,2013,38357,1071,39168,0,0,1930,30912,1091,22469,1935,53381,California
Stanislaus,2021-02-18,3854,81379,2249,40606,1605,40773,0,0,1809,31016,1714,24183,1818,55199,California
Stanislaus,2021-02-19,3013,84392,1119,41725,1894,42667,0,0,1529,31146,1409,25592,1539,56738,California
Stanislaus,2021-02-20,754,85146,383,42108,371,43038,0,0,475,31365,257,25849,476,57214,California
Stanislaus,2021-02-21,906,86052,691,42799,215,43253,0,0,543,31583,336,26185,554,57768,California
Stanislaus,2021-02-22,2351,88403,1696,44495,655,43908,0,0,1631,32519,696,26881,1632,59400,California
Stanislaus,2021-02-23,3754,92157,682,45177,3072,46980,0,0,1743,32452,1821,28702,1754,61154,California
Stanislaus,2021-02-24,4190,96347,2855,48032,1335,48315,0,0,3120,34547,1028,29730,3123,64277,California
Stanislaus,2021-02-25,3956,100303,2717,50749,1239,49554,0,0,3147,36911,786,30516,3150,67427,California
Stanislaus,2021-02-26,4221,104524,1217,51966,3004,52558,0,0,2837,38452,1308,31824,2849,70276,California
Stanislaus,2021-02-27,2091,106615,712,52678,1378,53936,1,1,1857,40107,204,32028,1859,72135,California
Stanislaus,2021-02-28,825,107440,261,52939,564,54500,0,1,775,40845,38,32066,776,72911,California
Stanislaus,2021-03-01,2870,110310,1723,54662,1145,55645,2,3,1645,41424,1071,33137,1650,74561,California
Stanislaus,2021-03-02,2422,112732,1450,56112,971,56616,1,4,1660,42368,717,33854,1661,76222,California
Stanislaus,2021-03-03,3723,116455,2239,58351,1480,58096,4,8,2905,44476,799,34653,2907,79129,California
Stanislaus,2021-03-04,5445,121900,3110,61461,2319,60415,16,24,4188,47475,1201,35854,4200,83329,California
Stanislaus,2021-03-05,4089,125989,1121,62582,2952,63367,16,40,3087,49629,948,36802,3102,86431,California
Stanislaus,2021-03-06,3577,129566,2228,64810,1256,64623,93,133,2719,51594,849,37651,2814,89245,California
Stanislaus,2021-03-07,853,130419,387,65197,430,65053,36,169,667,52117,180,37831,703,89948,California
Stanislaus,2021-03-08,1993,132412,864,66061,1040,66093,89,258,1332,52902,635,38466,1420,91368,California
Stanislaus,2021-03-09,2179,134591,904,66965,1183,67276,92,350,1632,54096,535,39001,1729,93097,California
Stanislaus,2021-03-10,5071,139662,2505,69470,2340,69616,226,576,3736,57015,1055,40056,3974,97071,California
Stanislaus,2021-03-11,5719,145381,3142,72612,2100,71716,477,1053,4115,60412,1199,41255,4596,101667,California
Stanislaus,2021-03-12,5781,151162,1233,73845,2622,74338,1926,2979,2915,62472,2777,44032,4837,106504,California
Stanislaus,2021-03-13,3403,154565,2180,76025,1153,75491,70,3049,2705,64558,690,44722,2776,109280,California
Stanislaus,2021-03-14,989,155554,595,76620,342,75833,52,3101,485,64596,501,45223,539,109819,California
Stanislaus,2021-03-15,3696,159250,1975,78595,1360,77193,361,3462,1608,64576,1989,47212,1969,111788,California
Stanislaus,2021-03-16,4945,164195,2461,81056,2069,79262,415,3877,3552,67171,1369,48581,3964,115752,California
Stanislaus,2021-03-17,4756,168951,2850,83906,1721,80983,185,4062,2877,68439,1791,50372,3059,118811,California
Stanislaus,2021-03-18,5433,174384,3422,87328,1945,82928,66,4128,2939,69106,2336,52708,3003,121814,California
Stanislaus,2021-03-19,5931,180315,1541,88869,2870,85798,1520,5648,3113,71120,2608,55316,4622,126436,California
Stanislaus,2021-03-20,3862,184177,3031,91900,763,86561,68,5716,3369,74095,463,55779,3438,129874,California
Stanislaus,2021-03-21,1010,185187,905,92805,40,86601,65,5781,768,74690,238,56017,833,130707,California
Stanislaus,2021-03-22,2851,188038,1347,94152,773,87374,731,6512,1239,75108,1545,57562,1963,132670,California
Stanislaus,2021-03-23,3948,191986,2026,96178,1664,89038,258,6770,2802,77064,1120,58682,3076,135746,California
Stanislaus,2021-03-24,4562,196548,3222,99400,1267,90305,73,6843,2638,77902,1876,60558,2714,138460,California
Stanislaus,2021-03-25,4249,200797,2924,102324,1309,91614,16,6859,1814,77378,2355,62913,1831,140291,California
Stanislaus,2021-03-26,4764,205561,1336,103660,3354,94968,74,6933,2387,77514,2337,65250,2473,142764,California
Stanislaus,2021-03-27,4397,209958,2739,106399,1576,96544,82,7015,1377,75981,3000,68250,1467,144231,California
Stanislaus,2021-03-28,1106,211064,437,106836,561,97105,108,7123,318,75637,776,69026,432,144663,California
Stanislaus,2021-03-29,2978,214042,1826,108662,1113,98218,39,7162,1979,76674,987,70013,2024,146687,California
Stanislaus,2021-03-30,3679,217721,2066,110728,1587,99805,26,7188,2231,77499,1438,71451,2263,148950,California
Stanislaus,2021-03-31,5432,223153,3852,114580,1459,101264,121,7309,2775,77763,2635,74086,2899,151849,California
Stanislaus,2021-04-01,5738,228891,3840,118420,1808,103072,90,7399,2628,77411,3080,77166,2728,154577,California
Stanislaus,2021-04-02,5023,233914,1212,119632,3656,106728,155,7554,2243,77131,2688,79854,2408,156985,California
Stanislaus,2021-04-03,4543,238457,3301,122933,1206,107934,36,7590,2242,77131,2291,82145,2291,159276,California
Stanislaus,2021-04-04,1327,239784,474,123407,823,108757,30,7620,649,77146,669,82814,684,159960,California
Stanislaus,2021-04-05,3636,243420,2531,125938,856,109613,249,7869,2358,78490,1268,84082,2612,162572,California
Stanislaus,2021-04-06,5751,249171,4173,130111,1303,110916,275,8144,3077,79190,2659,86741,3359,165931,California
Stanislaus,2021-04-07,6356,255527,3602,133713,2329,113245,425,8569,2833,78954,3502,90243,3266,169197,California
Stanislaus,2021-04-08,5689,261216,3331,137044,1925,115170,433,9002,2776,79279,2886,93129,3211,172408,California
Stanislaus,2021-04-09,4821,266037,2102,139146,2345,117515,374,9376,2181,79233,2614,95743,2568,174976,California
Stanislaus,2021-04-10,6501,272538,3988,143134,874,118389,1639,11015,1998,78387,4477,100220,3631,178607,California
Stanislaus,2021-04-11,1516,274054,845,143979,538,118927,133,11148,663,78334,850,101070,797,179404,California
Stanislaus,2021-04-12,3601,277655,2055,146034,1101,120028,445,11593,1872,78964,1695,102765,2325,181729,California
Stanislaus,2021-04-13,5205,282860,3426,149460,1766,121794,13,11606,2922,79655,2236,105001,2927,184656,California
Stanislaus,2021-04-14,4683,287543,3278,152738,1403,123197,2,11608,2287,79592,2357,107358,2294,186950,California
Stanislaus,2021-04-15,5390,292933,3317,156055,2069,125266,4,11612,3230,80711,2116,109474,3235,190185,California
Stanislaus,2021-04-16,4319,297252,990,157045,3328,128594,1,11613,1823,80088,2451,111925,1828,192013,California
Stanislaus,2021-04-17,3166,300418,2132,159177,1034,129628,0,11613,1839,80617,1313,113238,1842,193855,California
Stanislaus,2021-04-18,535,300953,218,159395,315,129943,2,11615,409,80910,119,113357,412,194267,California
Stanislaus,2021-04-19,3459,304412,2448,161843,1010,130953,1,11616,1636,80768,1786,115143,1644,195911,California
Stanislaus,2021-04-20,3972,308384,2408,164251,1564,132517,0,11616,1730,80290,2210,117353,1732,197643,California
Stanislaus,2021-04-21,3832,312216,2558,166809,1273,133790,1,11617,1596,79702,2191,119544,1603,199246,California
Stanislaus,2021-04-22,3959,316175,2414,169223,1545,135335,0,11617,1579,78953,2333,121877,1584,200830,California
Stanislaus,2021-04-23,3598,319773,843,170066,2754,138089,1,11618,1468,78395,2034,123911,1476,202306,California
Stanislaus,2021-04-24,3796,323569,2940,173006,856,138945,0,11618,1796,78217,1979,125890,1801,204107,California
Stanislaus,2021-04-25,941,324510,482,173488,459,139404,0,11618,689,78665,245,126135,693,204800,California
Stanislaus,2021-04-26,3364,327874,2362,175850,996,140400,6,11624,1051,77438,2289,128424,1062,205862,California
Stanislaus,2021-04-27,4039,331913,2802,178652,1189,141589,48,11672,1173,75825,2838,131262,1225,207087,California
Stanislaus,2021-04-28,4260,336173,3024,181676,1174,142763,62,11734,1838,75334,2400,133662,1909,208996,California
Stanislaus,2021-04-29,3641,339814,2261,183937,1332,144095,48,11782,1449,74665,2175,135837,1506,210502,California
Stanislaus,2021-04-30,4498,344312,2041,185978,2373,146468,84,11866,1776,73826,2707,138544,1868,212370,California
Stanislaus,2021-05-01,2708,347020,1927,187905,740,147208,41,11907,1016,73207,1684,140228,1065,213435,California
Stanislaus,2021-05-02,1075,348095,615,188520,424,147632,36,11943,522,73224,547,140775,564,213999,California
Stanislaus,2021-05-03,2411,350506,1925,190445,414,148046,72,12015,909,72718,1490,142265,984,214983,California
Stanislaus,2021-05-04,3473,353979,2473,192918,910,148956,90,12105,1063,71486,2394,144659,1162,216145,California
Stanislaus,2021-05-05,3197,357176,2139,195057,983,149939,75,12180,1085,70562,2087,146746,1163,217308,California
Stanislaus,2021-05-06,3522,360698,2700,197757,698,150637,124,12304,1055,69309,2439,149185,1186,218494,California
Stanislaus,2021-05-07,2312,363010,882,198639,1267,151904,163,12467,938,69048,1363,150548,1102,219596,California
Stanislaus,2021-05-08,1959,364969,1342,199981,584,152488,33,12500,713,68571,1230,151778,753,220349,California
Stanislaus,2021-05-09,712,365681,342,200323,344,152832,26,12526,308,68504,402,152180,335,220684,California
Stanislaus,2021-05-10,1686,367367,1140,201463,449,153281,97,12623,454,67836,1220,153400,552,221236,California
Stanislaus,2021-05-11,2376,369743,1504,202967,713,153994,159,12782,678,66992,1686,155086,842,222078,California
Stanislaus,2021-05-12,2278,372021,1334,204301,836,154830,108,12890,905,66651,1357,156443,1016,223094,California
Stanislaus,2021-05-13,2007,374028,1156,205457,734,155564,117,13007,915,66605,1081,157524,1035,224129,California
Stanislaus,2021-05-14,2614,376642,1163,206620,1315,156879,136,13143,1204,66553,1393,158917,1341,225470,California
Stanislaus,2021-05-15,2480,379122,1767,208387,663,157542,50,13193,1203,66550,1264,160181,1261,226731,California
Stanislaus,2021-05-16,1025,380147,669,209056,348,157890,8,13201,557,66656,463,160644,569,227300,California
Stanislaus,2021-05-17,1927,382074,1292,210348,554,158444,81,13282,922,66665,999,161643,1008,228308,California
Stanislaus,2021-05-18,2203,384277,1505,211853,584,159028,114,13396,1144,66874,1048,162691,1257,229565,California
Stanislaus,2021-05-19,3027,387304,2064,213917,809,159837,154,13550,1353,66722,1664,164355,1512,231077,California
Stanislaus,2021-05-20,2107,389411,1133,215050,871,160708,103,13653,862,66460,1230,165585,968,232045,California
Stanislaus,2021-05-21,2335,391746,1127,216177,1112,161820,96,13749,958,66156,1361,166946,1057,233102,California
Stanislaus,2021-05-22,1935,393681,1197,217374,669,162489,69,13818,863,66024,1065,168011,933,234035,California
Stanislaus,2021-05-23,1031,394712,664,218038,352,162841,15,13833,487,65987,539,168550,502,234537,California
Stanislaus,2021-05-24,1578,396290,1082,219120,421,163262,75,13908,607,65708,966,169516,687,235224,California
Stanislaus,2021-05-25,1696,397986,1164,220284,435,163697,97,14005,826,65769,865,170381,926,236150,California
Stanislaus,2021-05-26,1884,399870,1179,221463,655,164352,50,14055,900,65744,975,171356,950,237100,California
Stanislaus,2021-05-27,1714,401584,942,222405,697,165049,75,14130,642,65399,1062,172418,717,237817,California
Stanislaus,2021-05-28,1952,403536,887,223292,986,166035,79,14209,858,65249,1086,173504,936,238753,California
Stanislaus,2021-05-29,1310,404846,843,224135,426,166461,41,14250,611,65208,695,174199,654,239407,California
Stanislaus,2021-05-30,453,405299,273,224408,146,166607,34,14284,214,65220,236,174435,248,239655,California
Stanislaus,2021-05-31,259,405558,122,224530,130,166737,7,14291,97,65163,161,174596,104,239759,California
Stanislaus,2021-06-01,1542,407100,972,225502,518,167255,52,14343,617,64917,918,175514,672,240431,California
Stanislaus,2021-06-02,1713,408813,1092,226594,555,167810,66,14409,743,64769,958,176472,810,241241,California
Stanislaus,2021-06-03,1306,410119,771,227365,489,168299,46,14455,522,64569,771,177243,571,241812,California
Stanislaus,2021-06-04,1890,412009,1134,228499,686,168985,70,14525,718,64206,1161,178404,798,242610,California
Stanislaus,2021-06-05,1370,413379,1046,229545,298,169283,26,14551,472,63814,891,179295,499,243109,California
Stanislaus,2021-06-06,502,413881,412,229957,82,169365,8,14559,205,63732,297,179592,215,243324,California
Stanislaus,2021-06-07,1403,415284,1076,231033,282,169647,45,14604,545,63474,849,180441,591,243915,California
Stanislaus,2021-06-08,1799,417083,1356,232389,373,170020,70,14674,654,63067,1132,181573,725,244640,California
Stanislaus,2021-06-09,1729,418812,1221,233610,430,170450,78,14752,568,62558,1156,182729,647,245287,California
Stanislaus,2021-06-10,1330,420142,836,234446,436,170886,58,14810,544,62384,777,183506,603,245890,California
Stanislaus,2021-06-11,1214,421356,665,235111,501,171387,48,14858,433,62104,766,184272,486,246376,California
Stanislaus,2021-06-12,992,422348,718,235829,251,171638,23,14881,362,61871,623,184895,390,246766,California
Stanislaus,2021-06-13,511,422859,376,236205,129,171767,6,14887,165,61702,344,185239,175,246941,California
Stanislaus,2021-06-14,557,423416,400,236605,137,171904,20,14907,135,61441,414,185653,153,247094,California
Sutter,2020-12-15,1,1,1,1,0,0,0,0,1,1,0,0,1,1,California
Sutter,2020-12-16,4,5,4,5,0,0,0,0,4,5,0,0,4,5,California
Sutter,2020-12-17,2,7,2,7,0,0,0,0,2,7,0,0,2,7,California
Sutter,2020-12-18,21,28,21,28,0,0,0,0,21,28,0,0,21,28,California
Sutter,2020-12-19,44,72,44,72,0,0,0,0,44,72,0,0,44,72,California
Sutter,2020-12-20,43,115,43,115,0,0,0,0,43,115,0,0,43,115,California
Sutter,2020-12-21,100,215,100,215,0,0,0,0,100,215,0,0,100,215,California
Sutter,2020-12-22,171,386,171,386,0,0,0,0,171,386,0,0,171,386,California
Sutter,2020-12-23,117,503,112,498,5,5,0,0,117,503,0,0,117,503,California
Sutter,2020-12-24,17,520,11,509,6,11,0,0,17,520,0,0,17,520,California
Sutter,2020-12-26,38,558,34,543,4,15,0,0,38,558,0,0,38,558,California
Sutter,2020-12-27,24,582,23,566,1,16,0,0,24,582,0,0,24,582,California
Sutter,2020-12-28,84,666,56,622,28,44,0,0,84,666,0,0,84,666,California
Sutter,2020-12-29,103,769,14,636,89,133,0,0,103,769,0,0,103,769,California
Sutter,2020-12-30,137,906,34,670,103,236,0,0,137,906,0,0,137,906,California
Sutter,2020-12-31,68,974,6,676,62,298,0,0,68,974,0,0,68,974,California
Sutter,2021-01-01,3,977,3,679,0,298,0,0,3,977,0,0,3,977,California
Sutter,2021-01-02,131,1108,129,808,2,300,0,0,131,1108,0,0,131,1108,California
Sutter,2021-01-03,1,1109,0,808,1,301,0,0,1,1109,0,0,1,1109,California
Sutter,2021-01-04,247,1356,138,946,109,410,0,0,247,1356,0,0,247,1356,California
Sutter,2021-01-05,100,1456,57,1003,43,453,0,0,97,1450,3,3,97,1453,California
Sutter,2021-01-06,204,1660,50,1053,154,607,0,0,199,1644,5,8,199,1652,California
Sutter,2021-01-07,253,1913,151,1204,102,709,0,0,244,1880,8,16,244,1896,California
Sutter,2021-01-08,151,2064,41,1245,110,819,0,0,133,1995,18,34,133,2029,California
Sutter,2021-01-09,44,2108,43,1288,1,820,0,0,3,1957,41,75,3,2032,California
Sutter,2021-01-10,396,2504,37,1325,359,1179,0,0,358,2278,37,112,358,2390,California
Sutter,2021-01-11,133,2637,116,1441,17,1196,0,0,25,2195,108,220,25,2415,California
Sutter,2021-01-12,200,2837,163,1604,37,1233,0,0,58,2111,142,362,58,2473,California
Sutter,2021-01-13,165,3002,101,1705,64,1297,0,0,73,2093,91,453,73,2546,California
Sutter,2021-01-14,146,3148,51,1756,95,1392,0,0,127,2201,19,472,127,2673,California
Sutter,2021-01-15,438,3586,132,1888,306,1698,0,0,423,2609,15,487,423,3096,California
Sutter,2021-01-16,385,3971,41,1929,344,2042,0,0,355,2934,30,517,355,3451,California
Sutter,2021-01-17,27,3998,24,1953,3,2045,0,0,11,2929,16,533,11,3462,California
Sutter,2021-01-18,120,4118,64,2017,56,2101,0,0,71,2951,49,582,71,3533,California
Sutter,2021-01-19,105,4223,42,2059,63,2164,0,0,81,3008,24,606,81,3614,California
Sutter,2021-01-20,271,4494,208,2267,63,2227,0,0,251,3239,20,626,251,3865,California
Sutter,2021-01-21,491,4985,319,2586,172,2399,0,0,472,3692,19,645,472,4337,California
Sutter,2021-01-22,244,5229,54,2640,190,2589,0,0,234,3917,9,654,234,4571,California
Sutter,2021-01-23,398,5627,39,2679,359,2948,0,0,372,4263,26,680,372,4943,California
Sutter,2021-01-24,16,5643,14,2693,2,2950,0,0,14,4275,2,682,14,4957,California
Sutter,2021-01-25,309,5952,196,2889,113,3063,0,0,153,4274,155,837,154,5111,California
Sutter,2021-01-26,249,6201,107,2996,142,3205,0,0,143,4312,105,942,143,5254,California
Sutter,2021-01-27,388,6589,256,3252,132,3337,0,0,322,4568,66,1008,322,5576,California
Sutter,2021-01-28,586,7175,361,3613,225,3562,0,0,411,4805,174,1182,411,5987,California
Sutter,2021-01-29,364,7539,85,3698,279,3841,0,0,245,4931,119,1301,245,6232,California
Sutter,2021-01-30,783,8322,38,3736,745,4586,0,0,772,5692,11,1312,772,7004,California
Sutter,2021-01-31,27,8349,26,3762,1,4587,0,0,27,5719,0,1312,27,7031,California
Sutter,2021-02-01,170,8519,51,3813,119,4706,0,0,137,5824,32,1344,137,7168,California
Sutter,2021-02-02,241,8760,24,3837,217,4923,0,0,208,5999,33,1377,208,7376,California
Sutter,2021-02-03,447,9207,39,3876,408,5331,0,0,212,5977,234,1611,212,7588,California
Sutter,2021-02-04,677,9884,365,4241,312,5643,0,0,624,6548,53,1664,624,8212,California
Sutter,2021-02-05,291,10175,32,4273,259,5902,0,0,140,6537,151,1815,140,8352,California
Sutter,2021-02-06,738,10913,30,4303,708,6610,0,0,718,7235,20,1835,718,9070,California
Sutter,2021-02-07,23,10936,19,4322,4,6614,0,0,19,7250,4,1839,19,9089,California
Sutter,2021-02-08,134,11070,29,4351,105,6719,0,0,99,7314,35,1874,99,9188,California
Sutter,2021-02-09,247,11317,45,4396,202,6921,0,0,185,7437,62,1936,185,9373,California
Sutter,2021-02-10,821,12138,383,4779,438,7359,0,0,179,6975,641,2577,179,9552,California
Sutter,2021-02-11,602,12740,270,5049,332,7691,0,0,343,7059,259,2836,343,9895,California
Sutter,2021-02-12,639,13379,67,5116,572,8263,0,0,312,7045,326,3162,312,10207,California
Sutter,2021-02-13,905,14284,48,5164,857,9120,0,0,789,7718,116,3278,789,10996,California
Sutter,2021-02-14,96,14380,26,5190,70,9190,0,0,84,7790,12,3290,84,11080,California
Sutter,2021-02-15,203,14583,73,5263,130,9320,0,0,123,7833,80,3370,123,11203,California
Sutter,2021-02-16,291,14874,45,5308,246,9566,0,0,207,7957,83,3453,207,11410,California
Sutter,2021-02-17,827,15701,430,5738,397,9963,0,0,132,7395,694,4147,132,11542,California
Sutter,2021-02-18,709,16410,58,5796,651,10614,0,0,494,7675,214,4361,494,12036,California
Sutter,2021-02-19,667,17077,379,6175,288,10902,0,0,463,7936,202,4563,463,12499,California
Sutter,2021-02-20,623,17700,56,6231,567,11469,0,0,519,8352,103,4666,519,13018,California
Sutter,2021-02-21,28,17728,26,6257,2,11471,0,0,8,8340,20,4686,8,13026,California
Sutter,2021-02-22,210,17938,123,6380,87,11558,0,0,89,8308,121,4807,89,13115,California
Sutter,2021-02-23,222,18160,32,6412,190,11748,0,0,97,8281,124,4931,97,13212,California
Sutter,2021-02-24,974,19134,348,6760,626,12374,0,0,198,7704,775,5706,198,13410,California
Sutter,2021-02-25,791,19925,502,7262,289,12663,0,0,607,8130,181,5887,607,14017,California
Sutter,2021-02-26,378,20303,62,7324,316,12979,0,0,155,8064,221,6108,155,14172,California
Sutter,2021-02-27,878,21181,48,7372,830,13809,0,0,714,8614,164,6272,714,14886,California
Sutter,2021-02-28,88,21269,44,7416,44,13853,0,0,68,8663,19,6291,68,14954,California
Sutter,2021-03-01,250,21519,61,7477,189,14042,0,0,153,8719,97,6388,153,15107,California
Sutter,2021-03-02,339,21858,60,7537,279,14321,0,0,163,8708,174,6562,163,15270,California
Sutter,2021-03-03,1404,23262,531,8068,873,15194,0,0,660,8630,738,7300,660,15930,California
Sutter,2021-03-04,1260,24522,863,8931,397,15591,0,0,948,9270,308,7608,948,16878,California
Sutter,2021-03-05,339,24861,79,9010,259,15850,1,1,209,9350,130,7738,210,17088,California
Sutter,2021-03-06,1028,25889,49,9059,974,16824,5,6,861,10049,167,7905,866,17954,California
Sutter,2021-03-07,65,25954,23,9082,41,16865,1,7,43,10071,22,7927,44,17998,California
Sutter,2021-03-08,229,26183,80,9162,137,17002,12,19,159,10172,70,7997,171,18169,California
Sutter,2021-03-09,391,26574,140,9302,238,17240,13,32,188,10170,203,8200,201,18370,California
Sutter,2021-03-10,1583,28157,684,9986,836,18076,63,95,526,9706,1053,9253,589,18959,California
Sutter,2021-03-11,894,29051,443,10429,434,18510,17,112,648,10128,243,9496,665,19624,California
Sutter,2021-03-12,683,29734,111,10540,388,18898,184,296,201,10031,479,9975,382,20006,California
Sutter,2021-03-13,1001,30735,756,11296,227,19125,18,314,787,10623,212,10187,804,20810,California
Sutter,2021-03-14,135,30870,22,11318,102,19227,11,325,45,10589,90,10277,56,20866,California
Sutter,2021-03-15,329,31199,67,11385,213,19440,49,374,156,10623,171,10448,205,21071,California
Sutter,2021-03-16,396,31595,86,11471,263,19703,47,421,214,10701,182,10630,260,21331,California
Sutter,2021-03-17,1500,33095,562,12033,917,20620,21,442,314,9858,1177,11807,334,21665,California
Sutter,2021-03-18,971,34066,176,12209,595,21215,200,642,566,10220,403,12210,765,22430,California
Sutter,2021-03-19,463,34529,164,12373,270,21485,29,671,284,10356,177,12387,313,22743,California
Sutter,2021-03-20,949,35478,116,12489,822,22307,11,682,857,11133,91,12478,868,23611,California
Sutter,2021-03-21,70,35548,49,12538,18,22325,3,685,32,11130,38,12516,35,23646,California
Sutter,2021-03-22,290,35838,120,12658,143,22468,27,712,212,11292,77,12593,239,23885,California
Sutter,2021-03-23,375,36213,115,12773,228,22696,32,744,253,11455,121,12714,284,24169,California
Sutter,2021-03-24,1687,37900,769,13542,848,23544,70,814,316,10485,1356,14070,386,24555,California
Sutter,2021-03-25,1046,38946,682,14224,320,23864,44,858,369,10224,674,14744,413,24968,California
Sutter,2021-03-26,496,39442,177,14401,302,24166,17,875,295,10338,198,14942,312,25280,California
Sutter,2021-03-27,927,40369,63,14464,862,25028,2,877,816,11049,107,15049,818,26098,California
Sutter,2021-03-28,124,40493,71,14535,53,25081,0,877,77,11081,45,15094,77,26175,California
Sutter,2021-03-29,426,40919,143,14678,227,25308,56,933,223,11159,201,15295,279,26454,California
Sutter,2021-03-30,479,41398,161,14839,308,25616,10,943,318,11326,161,15456,328,26782,California
Sutter,2021-03-31,1259,42657,180,15019,1064,26680,15,958,444,10982,802,16258,458,27240,California
Sutter,2021-04-01,1389,44046,741,15760,460,27140,188,1146,428,10644,953,17211,615,27855,California
Sutter,2021-04-02,519,44565,102,15862,299,27439,118,1264,206,10653,311,17522,320,28175,California
Sutter,2021-04-03,917,45482,79,15941,210,27649,628,1892,122,10611,792,18314,750,28925,California
Sutter,2021-04-04,117,45599,22,15963,89,27738,6,1898,54,10608,63,18377,60,28985,California
Sutter,2021-04-05,370,45969,145,16108,189,27927,36,1934,178,10633,189,18566,214,29199,California
Sutter,2021-04-06,514,46483,199,16307,259,28186,56,1990,276,10728,237,18803,332,29531,California
Sutter,2021-04-07,1487,47970,889,17196,522,28708,76,2066,611,10548,867,19670,687,30218,California
Sutter,2021-04-08,1052,49022,583,17779,355,29063,114,2180,581,10773,468,20138,693,30911,California
Sutter,2021-04-09,573,49595,249,18028,259,29322,65,2245,241,10751,328,20466,306,31217,California
Sutter,2021-04-10,832,50427,108,18136,93,29415,631,2876,111,10768,717,21183,734,31951,California
Sutter,2021-04-11,115,50542,28,18164,41,29456,46,2922,34,10766,81,21264,79,32030,California
Sutter,2021-04-12,347,50889,95,18259,199,29655,53,2975,141,10756,204,21468,194,32224,California
Sutter,2021-04-13,437,51326,129,18388,308,29963,0,2975,216,10753,219,21687,216,32440,California
Sutter,2021-04-14,1330,52656,161,18549,1168,31131,1,2976,225,9884,1098,22785,229,32669,California
Sutter,2021-04-15,539,53195,172,18721,367,31498,0,2976,215,9779,321,23106,216,32885,California
Sutter,2021-04-16,399,53594,125,18846,274,31772,0,2976,186,9754,212,23318,187,33072,California
Sutter,2021-04-17,574,54168,83,18929,491,32263,0,2976,503,10187,70,23388,503,33575,California
Sutter,2021-04-18,70,54238,12,18941,58,32321,0,2976,42,10203,26,23414,42,33617,California
Sutter,2021-04-19,289,54527,110,19051,179,32500,0,2976,119,10154,168,23582,119,33736,California
Sutter,2021-04-20,411,54938,134,19185,277,32777,0,2976,203,10149,208,23790,203,33939,California
Sutter,2021-04-21,1236,56174,420,19605,816,33593,0,2976,476,9875,750,24540,476,34415,California
Sutter,2021-04-22,499,56673,163,19768,336,33929,0,2976,253,9884,244,24784,253,34668,California
Sutter,2021-04-23,401,57074,119,19887,282,34211,0,2976,186,9857,213,24997,186,34854,California
Sutter,2021-04-24,329,57403,107,19994,221,34432,1,2977,187,9903,141,25138,187,35041,California
Sutter,2021-04-25,158,57561,76,20070,82,34514,0,2977,87,9921,69,25207,87,35128,California
Sutter,2021-04-26,305,57866,89,20159,214,34728,2,2979,133,9886,170,25377,135,35263,California
Sutter,2021-04-27,539,58405,265,20424,270,34998,4,2983,250,9855,285,25662,254,35517,California
Sutter,2021-04-28,814,59219,342,20766,464,35462,8,2991,254,9562,555,26217,262,35779,California
Sutter,2021-04-29,778,59997,140,20906,637,36099,1,2992,312,9412,463,26680,313,36092,California
Sutter,2021-04-30,362,60359,110,21016,239,36338,13,3005,146,9357,213,26893,158,36250,California
Sutter,2021-05-01,296,60655,106,21122,150,36488,40,3045,128,9360,165,27058,168,36418,California
Sutter,2021-05-02,82,60737,54,21176,26,36514,2,3047,46,9372,36,27094,48,36466,California
Sutter,2021-05-03,220,60957,111,21287,100,36614,9,3056,88,9337,132,27226,97,36563,California
Sutter,2021-05-04,541,61498,237,21524,240,36854,64,3120,225,9312,313,27539,288,36851,California
Sutter,2021-05-05,534,62032,143,21667,383,37237,8,3128,155,9102,373,27912,163,37014,California
Sutter,2021-05-06,425,62457,228,21895,179,37416,18,3146,191,9077,234,28146,209,37223,California
Sutter,2021-05-07,412,62869,145,22040,246,37662,21,3167,154,8996,256,28402,175,37398,California
Sutter,2021-05-08,196,63065,50,22090,141,37803,5,3172,106,9017,90,28492,111,37509,California
Sutter,2021-05-09,82,63147,53,22143,24,37827,5,3177,56,9052,26,28518,61,37570,California
Sutter,2021-05-10,190,63337,42,22185,130,37957,18,3195,48,8978,140,28658,66,37636,California
Sutter,2021-05-11,446,63783,219,22404,206,38163,21,3216,184,8924,257,28915,203,37839,California
Sutter,2021-05-12,442,64225,242,22646,189,38352,11,3227,162,8821,276,29191,173,38012,California
Sutter,2021-05-13,486,64711,262,22908,202,38554,22,3249,200,8759,284,29475,222,38234,California
Sutter,2021-05-14,438,65149,188,23096,234,38788,16,3265,215,8772,218,29693,231,38465,California
Sutter,2021-05-15,841,65990,308,23404,502,39290,31,3296,306,8575,534,30227,337,38802,California
Sutter,2021-05-16,139,66129,83,23487,48,39338,8,3304,75,8595,63,30290,83,38885,California
Sutter,2021-05-17,293,66422,116,23603,163,39501,14,3318,155,8627,137,30427,169,39054,California
Sutter,2021-05-18,544,66966,313,23916,226,39727,5,3323,299,8689,242,30669,304,39358,California
Sutter,2021-05-19,465,67431,267,24183,191,39918,7,3330,246,8726,216,30885,253,39611,California
Sutter,2021-05-20,457,67888,240,24423,205,40123,12,3342,224,8732,230,31115,236,39847,California
Sutter,2021-05-21,490,68378,221,24644,257,40380,12,3354,236,8728,251,31366,247,40094,California
Sutter,2021-05-22,365,68743,200,24844,162,40542,3,3357,184,8738,176,31542,186,40280,California
Sutter,2021-05-23,181,68924,85,24929,87,40629,9,3366,92,8756,83,31625,101,40381,California
Sutter,2021-05-24,240,69164,88,25017,129,40758,23,3389,100,8741,138,31763,123,40504,California
Sutter,2021-05-25,400,69564,195,25212,192,40950,13,3402,166,8690,229,31992,178,40682,California
Sutter,2021-05-26,318,69882,157,25369,152,41102,9,3411,118,8621,196,32188,127,40809,California
Sutter,2021-05-27,433,70315,115,25484,298,41400,20,3431,125,8462,304,32492,145,40954,California
Sutter,2021-05-28,338,70653,164,25648,157,41557,17,3448,179,8504,154,32646,196,41150,California
Sutter,2021-05-29,252,70905,118,25766,119,41676,15,3463,139,8549,109,32755,154,41304,California
Sutter,2021-05-30,85,70990,61,25827,21,41697,3,3466,50,8568,34,32789,53,41357,California
Sutter,2021-05-31,19,71009,2,25829,13,41710,4,3470,5,8563,14,32803,9,41366,California
Sutter,2021-06-01,308,71317,133,25962,167,41877,8,3478,127,8518,180,32983,135,41501,California
Sutter,2021-06-02,281,71598,120,26082,155,42032,6,3484,111,8470,165,33148,117,41618,California
Sutter,2021-06-03,340,71938,225,26307,106,42138,9,3493,118,8381,216,33364,127,41745,California
Sutter,2021-06-04,339,72277,197,26504,135,42273,7,3500,120,8293,215,33579,127,41872,California
Sutter,2021-06-05,435,72712,366,26870,66,42339,3,3503,155,8176,275,33854,158,42030,California
Sutter,2021-06-06,137,72849,118,26988,16,42355,3,3506,57,8158,78,33932,60,42090,California
Sutter,2021-06-07,162,73011,106,27094,48,42403,8,3514,56,8117,105,34037,64,42154,California
Sutter,2021-06-08,366,73377,206,27300,148,42551,12,3526,158,8081,206,34243,170,42324,California
Sutter,2021-06-09,363,73740,234,27534,124,42675,5,3531,127,7979,234,34477,132,42456,California
Sutter,2021-06-10,383,74123,277,27811,97,42772,9,3540,152,7913,227,34704,161,42617,California
Sutter,2021-06-11,241,74364,126,27937,112,42884,3,3543,75,7828,162,34866,77,42694,California
Sutter,2021-06-12,235,74599,163,28100,56,42940,16,3559,66,7741,169,35035,82,42776,California
Sutter,2021-06-13,82,74681,65,28165,17,42957,0,3559,24,7708,57,35092,24,42800,California
Sutter,2021-06-14,74,74755,17,28182,53,43010,4,3563,22,7683,51,35143,26,42826,California
Tehama,2020-12-16,4,4,4,4,0,0,0,0,4,4,0,0,4,4,California
Tehama,2020-12-17,17,21,17,21,0,0,0,0,17,21,0,0,17,21,California
Tehama,2020-12-18,4,25,4,25,0,0,0,0,5,26,0,0,5,26,California
Tehama,2020-12-21,43,68,43,68,0,0,0,0,43,69,0,0,43,69,California
Tehama,2020-12-22,76,144,70,138,6,6,0,0,76,145,0,0,76,145,California
Tehama,2020-12-23,52,196,44,182,8,14,0,0,52,197,0,0,52,197,California
Tehama,2020-12-24,5,201,3,185,2,16,0,0,5,202,0,0,5,202,California
Tehama,2020-12-26,4,205,3,188,1,17,0,0,4,206,0,0,4,206,California
Tehama,2020-12-27,2,207,2,190,0,17,0,0,2,208,0,0,2,208,California
Tehama,2020-12-28,59,266,46,236,13,30,0,0,59,267,0,0,59,267,California
Tehama,2020-12-29,40,306,40,276,0,30,0,0,40,307,0,0,40,307,California
Tehama,2020-12-30,61,367,43,319,18,48,0,0,60,367,0,0,60,367,California
Tehama,2020-12-31,14,381,4,323,10,58,0,0,14,381,0,0,14,381,California
Tehama,2021-01-01,2,383,0,323,2,60,0,0,2,383,0,0,2,383,California
Tehama,2021-01-04,45,428,14,337,31,91,0,0,45,428,0,0,45,428,California
Tehama,2021-01-05,75,503,46,383,29,120,0,0,70,493,5,5,70,498,California
Tehama,2021-01-06,81,584,29,412,52,172,0,0,68,549,12,17,68,566,California
Tehama,2021-01-07,60,644,7,419,53,225,0,0,59,607,1,18,59,625,California
Tehama,2021-01-08,39,683,28,447,11,236,0,0,32,632,7,25,32,657,California
Tehama,2021-01-09,7,690,5,452,2,238,0,0,6,637,1,26,6,663,California
Tehama,2021-01-10,1,691,0,452,1,239,0,0,1,638,0,26,1,664,California
Tehama,2021-01-11,59,750,52,504,7,246,0,0,20,619,39,65,20,684,California
Tehama,2021-01-12,147,897,127,631,20,266,0,0,93,658,54,119,93,777,California
Tehama,2021-01-13,84,981,60,691,24,290,0,0,34,642,50,169,34,811,California
Tehama,2021-01-14,239,1220,50,741,189,479,0,0,237,877,2,171,237,1048,California
Tehama,2021-01-15,282,1502,76,817,206,685,0,0,278,1151,4,175,278,1326,California
Tehama,2021-01-16,273,1775,20,837,253,938,0,0,270,1418,3,178,270,1596,California
Tehama,2021-01-17,6,1781,2,839,4,942,0,0,4,1420,2,180,4,1600,California
Tehama,2021-01-18,14,1795,7,846,7,949,0,0,8,1422,6,186,8,1608,California
Tehama,2021-01-19,306,2101,75,921,231,1180,0,0,244,1604,62,248,244,1852,California
Tehama,2021-01-20,331,2432,99,1020,232,1412,0,0,276,1826,54,302,276,2128,California
Tehama,2021-01-21,241,2673,19,1039,222,1634,0,0,226,2037,15,317,226,2354,California
Tehama,2021-01-22,244,2917,21,1060,223,1857,0,0,241,2275,3,320,241,2595,California
Tehama,2021-01-23,267,3184,7,1067,260,2117,0,0,266,2540,1,321,266,2861,California
Tehama,2021-01-24,3,3187,1,1068,2,2119,0,0,3,2543,0,321,3,2864,California
Tehama,2021-01-25,43,3230,19,1087,24,2143,0,0,21,2542,22,343,21,2885,California
Tehama,2021-01-26,350,3580,44,1131,306,2449,0,0,312,2816,38,381,312,3197,California
Tehama,2021-01-27,332,3912,24,1155,308,2757,0,0,309,3102,23,404,309,3506,California
Tehama,2021-01-28,366,4278,39,1194,327,3084,0,0,346,3428,20,424,346,3852,California
Tehama,2021-01-29,351,4629,23,1217,328,3412,0,0,332,3741,19,443,332,4184,California
Tehama,2021-01-30,112,4741,2,1219,110,3522,0,0,111,3851,1,444,111,4295,California
Tehama,2021-01-31,1,4742,0,1219,1,3523,0,0,1,3852,0,444,1,4296,California
Tehama,2021-02-01,84,4826,22,1241,62,3585,0,0,37,3842,47,491,37,4333,California
Tehama,2021-02-02,368,5194,70,1311,298,3883,0,0,269,4012,99,590,269,4602,California
Tehama,2021-02-03,430,5624,16,1327,414,4297,0,0,378,4338,52,642,378,4980,California
Tehama,2021-02-04,519,6143,104,1431,415,4712,0,0,434,4688,85,727,435,5415,California
Tehama,2021-02-05,195,6338,75,1506,120,4832,0,0,130,4753,65,792,130,5545,California
Tehama,2021-02-06,37,6375,15,1521,22,4854,0,0,25,4766,12,804,25,5570,California
Tehama,2021-02-07,5,6380,4,1525,1,4855,0,0,2,4765,3,807,2,5572,California
Tehama,2021-02-08,48,6428,14,1539,34,4889,0,0,33,4783,15,822,33,5605,California
Tehama,2021-02-09,93,6521,45,1584,48,4937,0,0,51,4792,42,864,51,5656,California
Tehama,2021-02-10,253,6774,70,1654,183,5120,0,0,163,4865,90,954,163,5819,California
Tehama,2021-02-11,242,7016,18,1672,224,5344,0,0,91,4807,149,1103,91,5910,California
Tehama,2021-02-12,405,7421,78,1750,327,5671,0,0,188,4778,217,1320,188,6098,California
Tehama,2021-02-13,409,7830,17,1767,392,6063,0,0,162,4693,247,1567,162,6260,California
Tehama,2021-02-14,37,7867,2,1769,35,6098,0,0,34,4724,3,1570,34,6294,California
Tehama,2021-02-15,62,7929,10,1779,52,6150,0,0,54,4770,8,1578,54,6348,California
Tehama,2021-02-16,259,8188,21,1800,238,6388,0,0,70,4651,189,1767,70,6418,California
Tehama,2021-02-17,310,8498,19,1819,291,6679,0,0,61,4463,249,2016,61,6479,California
Tehama,2021-02-18,387,8885,34,1853,353,7032,0,0,147,4370,240,2256,147,6626,California
Tehama,2021-02-19,236,9121,26,1879,210,7242,0,0,50,4234,186,2442,50,6676,California
Tehama,2021-02-20,286,9407,8,1887,278,7520,0,0,32,4012,254,2696,32,6708,California
Tehama,2021-02-21,4,9411,1,1888,3,7523,0,0,2,4012,2,2698,2,6710,California
Tehama,2021-02-22,45,9456,15,1903,30,7553,0,0,27,4021,18,2716,27,6737,California
Tehama,2021-02-23,54,9510,23,1926,31,7584,0,0,27,4021,27,2743,27,6764,California
Tehama,2021-02-24,339,9849,25,1951,314,7898,0,0,37,3756,302,3045,37,6801,California
Tehama,2021-02-25,399,10248,60,2011,339,8237,0,0,42,3441,357,3402,42,6843,California
Tehama,2021-02-26,487,10735,21,2032,466,8703,0,0,76,3106,411,3813,76,6919,California
Tehama,2021-02-27,324,11059,6,2038,318,9021,0,0,36,2854,288,4101,36,6955,California
Tehama,2021-02-28,23,11082,2,2040,21,9042,0,0,20,2871,3,4104,20,6975,California
Tehama,2021-03-01,67,11149,7,2047,60,9102,0,0,32,2868,35,4139,32,7007,California
Tehama,2021-03-02,159,11308,21,2068,138,9240,0,0,34,2778,124,4263,34,7041,California
Tehama,2021-03-03,167,11475,33,2101,134,9374,0,0,55,2721,112,4375,55,7096,California
Tehama,2021-03-04,702,12177,57,2158,645,10019,0,0,247,2520,448,4823,247,7343,California
Tehama,2021-03-05,432,12609,24,2182,408,10427,0,0,226,2541,205,5028,226,7569,California
Tehama,2021-03-06,327,12936,18,2200,307,10734,2,2,87,2392,239,5267,90,7659,California
Tehama,2021-03-07,6,12942,1,2201,5,10739,0,2,4,2395,1,5268,4,7663,California
Tehama,2021-03-08,66,13008,11,2212,39,10778,16,18,26,2398,39,5307,42,7705,California
Tehama,2021-03-09,397,13405,13,2225,361,11139,23,41,336,2696,61,5368,359,8064,California
Tehama,2021-03-10,367,13772,21,2246,325,11464,21,62,74,2499,292,5660,95,8159,California
Tehama,2021-03-11,538,14310,24,2270,455,11919,59,121,375,2770,163,5823,434,8593,California
Tehama,2021-03-12,336,14646,28,2298,237,12156,71,192,195,2895,141,5964,266,8859,California
Tehama,2021-03-13,56,14702,9,2307,39,12195,8,200,8,2863,48,6012,16,8875,California
Tehama,2021-03-14,62,14764,3,2310,50,12245,9,209,20,2850,42,6054,29,8904,California
Tehama,2021-03-15,166,14930,21,2331,120,12365,25,234,85,2879,81,6135,110,9014,California
Tehama,2021-03-16,444,15374,19,2350,387,12752,38,272,337,3148,106,6241,375,9389,California
Tehama,2021-03-17,463,15837,31,2381,401,13153,31,303,376,3470,85,6326,407,9796,California
Tehama,2021-03-18,521,16358,36,2417,460,13613,25,328,337,3650,182,6508,362,10158,California
Tehama,2021-03-19,342,16700,27,2444,302,13915,13,341,298,3917,44,6552,311,10469,California
Tehama,2021-03-20,53,16753,15,2459,33,13948,5,346,37,3943,16,6568,42,10511,California
Tehama,2021-03-21,12,16765,5,2464,7,13955,0,346,12,3955,0,6568,12,10523,California
Tehama,2021-03-22,101,16866,10,2474,74,14029,17,363,56,3983,45,6613,73,10596,California
Tehama,2021-03-23,103,16969,33,2507,62,14091,8,371,76,4040,27,6640,84,10680,California
Tehama,2021-03-24,94,17063,16,2523,75,14166,3,374,60,4069,34,6674,63,10743,California
Tehama,2021-03-25,557,17620,386,2909,158,14324,13,387,505,4537,50,6724,518,11261,California
Tehama,2021-03-26,558,18178,438,3347,108,14432,12,399,473,4940,82,6806,485,11746,California
Tehama,2021-03-27,504,18682,395,3742,76,14508,33,432,427,5324,76,6882,460,12206,California
Tehama,2021-03-28,40,18722,15,3757,25,14533,0,432,24,5332,16,6898,24,12230,California
Tehama,2021-03-29,129,18851,30,3787,97,14630,2,434,82,5369,46,6944,83,12313,California
Tehama,2021-03-30,411,19262,246,4033,163,14793,2,436,276,5512,135,7079,278,12591,California
Tehama,2021-03-31,422,19684,314,4347,105,14898,3,439,340,5773,81,7160,342,12933,California
Tehama,2021-04-01,558,20242,267,4614,285,15183,6,445,418,6058,139,7299,424,13357,California
Tehama,2021-04-02,489,20731,234,4848,247,15430,8,453,296,6168,193,7492,303,13660,California
Tehama,2021-04-03,73,20804,7,4855,59,15489,7,460,37,6176,36,7528,44,13704,California
Tehama,2021-04-04,39,20843,8,4863,28,15517,3,463,25,6190,14,7542,28,13732,California
Tehama,2021-04-05,128,20971,22,4885,74,15591,32,495,65,6224,63,7605,97,13829,California
Tehama,2021-04-06,537,21508,117,5002,359,15950,61,556,147,6042,390,7995,208,14037,California
Tehama,2021-04-07,448,21956,304,5306,93,16043,51,607,323,6290,124,8119,372,14409,California
Tehama,2021-04-08,647,22603,190,5496,415,16458,42,649,242,6170,404,8523,284,14693,California
Tehama,2021-04-09,476,23079,219,5715,218,16676,39,688,238,6210,237,8760,277,14970,California
Tehama,2021-04-10,98,23177,23,5738,42,16718,33,721,50,6245,48,8808,83,15053,California
Tehama,2021-04-11,45,23222,9,5747,25,16743,11,732,10,6231,35,8843,21,15074,California
Tehama,2021-04-12,119,23341,6,5753,91,16834,22,754,43,6220,76,8919,65,15139,California
Tehama,2021-04-13,416,23757,74,5827,342,17176,0,754,69,5942,347,9266,69,15208,California
Tehama,2021-04-14,426,24183,54,5881,372,17548,0,754,49,5616,375,9641,49,15257,California
Tehama,2021-04-15,544,24727,204,6085,340,17888,0,754,82,5236,462,10103,82,15339,California
Tehama,2021-04-16,657,25384,380,6465,277,18165,0,754,87,4753,570,10673,87,15426,California
Tehama,2021-04-17,380,25764,291,6756,89,18254,0,754,52,4479,327,11000,53,15479,California
Tehama,2021-04-18,19,25783,5,6761,14,18268,0,754,13,4486,6,11006,13,15492,California
Tehama,2021-04-19,102,25885,7,6768,95,18363,0,754,43,4470,59,11065,43,15535,California
Tehama,2021-04-20,571,26456,473,7241,98,18461,0,754,164,4232,404,11469,166,15701,California
Tehama,2021-04-21,530,26986,451,7692,79,18540,0,754,171,4046,357,11826,171,15872,California
Tehama,2021-04-22,547,27533,386,8078,161,18701,0,754,154,3810,390,12216,154,16026,California
Tehama,2021-04-23,477,28010,370,8448,107,18808,0,754,208,3751,268,12484,209,16235,California
Tehama,2021-04-24,112,28122,21,8469,91,18899,0,754,27,3693,85,12569,27,16262,California
Tehama,2021-04-25,30,28152,19,8488,11,18910,0,754,10,3683,20,12589,10,16272,California
Tehama,2021-04-26,94,28246,12,8500,82,18992,0,754,53,3695,41,12630,53,16325,California
Tehama,2021-04-27,270,28516,218,8718,50,19042,2,756,101,3629,169,12799,103,16428,California
Tehama,2021-04-28,421,28937,342,9060,60,19102,19,775,71,3369,350,13149,90,16518,California
Tehama,2021-04-29,385,29322,182,9242,196,19298,7,782,75,3142,309,13458,82,16600,California
Tehama,2021-04-30,366,29688,270,9512,89,19387,7,789,128,3039,238,13696,135,16735,California
Tehama,2021-05-01,77,29765,4,9516,67,19454,6,795,14,2996,63,13759,20,16755,California
Tehama,2021-05-02,46,29811,24,9540,10,19464,12,807,26,3014,20,13779,38,16793,California
Tehama,2021-05-03,125,29936,40,9580,76,19540,9,816,65,3028,60,13839,74,16867,California
Tehama,2021-05-04,168,30104,58,9638,101,19641,9,825,70,3009,98,13937,79,16946,California
Tehama,2021-05-05,92,30196,25,9663,57,19698,10,835,41,3009,51,13988,51,16997,California
Tehama,2021-05-06,175,30371,96,9759,62,19760,17,852,108,3067,67,14055,125,17122,California
Tehama,2021-05-07,192,30563,81,9840,99,19859,12,864,54,2997,136,14191,66,17188,California
Tehama,2021-05-08,54,30617,8,9848,44,19903,2,866,15,2975,39,14230,17,17205,California
Tehama,2021-05-09,18,30635,4,9852,14,19917,0,866,8,2973,10,14240,8,17213,California
Tehama,2021-05-10,84,30719,6,9858,69,19986,9,875,39,2976,44,14284,47,17260,California
Tehama,2021-05-11,183,30902,130,9988,40,20026,13,888,33,2872,150,14434,46,17306,California
Tehama,2021-05-12,215,31117,137,10125,68,20094,10,898,49,2766,165,14599,59,17365,California
Tehama,2021-05-13,255,31372,168,10293,77,20171,10,908,116,2754,138,14737,126,17491,California
Tehama,2021-05-14,257,31629,141,10434,95,20266,21,929,63,2645,193,14930,84,17575,California
Tehama,2021-05-15,243,31872,141,10575,61,20327,41,970,169,2782,73,15003,210,17785,California
Tehama,2021-05-16,28,31900,7,10582,18,20345,3,973,16,2789,12,15015,19,17804,California
Tehama,2021-05-17,123,32023,32,10614,74,20419,17,990,59,2802,63,15078,76,17880,California
Tehama,2021-05-18,159,32182,82,10696,61,20480,16,1006,50,2761,107,15185,66,17946,California
Tehama,2021-05-19,133,32315,58,10754,64,20544,11,1017,45,2729,88,15273,56,18002,California
Tehama,2021-05-20,338,32653,247,11001,68,20612,23,1040,236,2887,101,15374,259,18261,California
Tehama,2021-05-21,235,32888,110,11111,112,20724,13,1053,79,2826,153,15527,92,18353,California
Tehama,2021-05-22,67,32955,33,11144,30,20754,4,1057,39,2841,28,15555,43,18396,California
Tehama,2021-05-23,49,33004,24,11168,15,20769,10,1067,14,2830,35,15590,24,18420,California
Tehama,2021-05-24,103,33107,29,11197,65,20834,9,1076,32,2800,71,15661,41,18461,California
Tehama,2021-05-25,78,33185,19,11216,51,20885,8,1084,46,2822,31,15692,53,18514,California
Tehama,2021-05-26,82,33267,32,11248,47,20932,3,1087,53,2850,28,15720,56,18570,California
Tehama,2021-05-27,160,33427,100,11348,56,20988,4,1091,52,2800,106,15826,56,18626,California
Tehama,2021-05-28,142,33569,38,11386,96,21084,8,1099,66,2799,75,15901,74,18700,California
Tehama,2021-05-29,56,33625,9,11395,41,21125,6,1105,36,2821,20,15921,42,18742,California
Tehama,2021-05-30,15,33640,4,11399,10,21135,1,1106,7,2821,8,15929,8,18750,California
Tehama,2021-05-31,17,33657,1,11400,15,21150,1,1107,4,2813,13,15942,5,18755,California
Tehama,2021-06-01,103,33760,20,11420,64,21214,19,1126,35,2799,68,16010,54,18809,California
Tehama,2021-06-02,92,33852,32,11452,55,21269,5,1131,38,2788,54,16064,43,18852,California
Tehama,2021-06-03,141,33993,103,11555,27,21296,11,1142,32,2722,109,16173,43,18895,California
Tehama,2021-06-04,145,34138,34,11589,96,21392,15,1157,60,2711,84,16257,73,18968,California
Tehama,2021-06-05,159,34297,133,11722,22,21414,4,1161,30,2617,128,16385,34,19002,California
Tehama,2021-06-06,19,34316,9,11731,2,21416,8,1169,4,2614,15,16400,12,19014,California
Tehama,2021-06-07,73,34389,28,11759,43,21459,2,1171,21,2585,52,16452,23,19037,California
Tehama,2021-06-08,105,34494,34,11793,61,21520,10,1181,43,2577,61,16513,53,19090,California
Tehama,2021-06-09,91,34585,47,11840,41,21561,3,1184,46,2581,45,16558,49,19139,California
Tehama,2021-06-10,272,34857,219,12059,43,21604,10,1194,40,2400,231,16789,50,19189,California
Tehama,2021-06-11,139,34996,64,12123,70,21674,5,1199,54,2377,82,16871,59,19248,California
Tehama,2021-06-12,59,35055,37,12160,22,21696,0,1199,23,2364,36,16907,23,19271,California
Tehama,2021-06-13,20,35075,5,12165,9,21705,6,1205,3,2356,17,16924,9,19280,California
Tehama,2021-06-14,59,35134,10,12175,46,21751,3,1208,14,2328,45,16969,17,19297,California
Trinity,2020-12-17,4,4,4,4,0,0,0,0,4,4,0,0,4,4,California
Trinity,2020-12-18,2,6,2,6,0,0,0,0,2,6,0,0,2,6,California
Trinity,2020-12-21,39,45,39,45,0,0,0,0,39,45,0,0,39,45,California
Trinity,2020-12-22,4,49,4,49,0,0,0,0,4,49,0,0,4,49,California
Trinity,2020-12-23,6,55,5,54,1,1,0,0,6,55,0,0,6,55,California
Trinity,2020-12-28,31,86,31,85,0,1,0,0,31,86,0,0,31,86,California
Trinity,2020-12-29,8,94,7,92,1,2,0,0,8,94,0,0,8,94,California
Trinity,2020-12-30,10,104,8,100,2,4,0,0,10,104,0,0,10,104,California
Trinity,2020-12-31,2,106,1,101,1,5,0,0,2,106,0,0,2,106,California
Trinity,2021-01-04,28,134,0,101,28,33,0,0,27,133,0,0,27,133,California
Trinity,2021-01-05,2,136,1,102,1,34,0,0,2,135,0,0,2,135,California
Trinity,2021-01-06,24,160,4,106,20,54,0,0,20,151,4,4,20,155,California
Trinity,2021-01-08,49,209,2,108,47,101,0,0,48,197,2,6,48,203,California
Trinity,2021-01-11,41,250,38,146,3,104,0,0,4,164,37,43,4,207,California
Trinity,2021-01-12,9,259,6,152,3,107,0,0,4,163,5,48,4,211,California
Trinity,2021-01-13,7,266,4,156,3,110,0,0,4,164,3,51,4,215,California
Trinity,2021-01-14,4,270,1,157,3,113,0,0,4,168,0,51,4,219,California
Trinity,2021-01-15,5,275,0,157,5,118,0,0,5,173,0,51,5,224,California
Trinity,2021-01-16,2,277,0,157,2,120,0,0,2,175,0,51,2,226,California
Trinity,2021-01-18,31,308,31,188,0,120,0,0,0,144,31,82,0,226,California
Trinity,2021-01-19,34,342,15,203,19,139,0,0,20,150,14,96,20,246,California
Trinity,2021-01-20,20,362,3,206,17,156,0,0,17,164,3,99,17,263,California
Trinity,2021-01-21,18,380,7,213,11,167,0,0,18,182,0,99,18,281,California
Trinity,2021-01-22,5,385,1,214,4,171,0,0,5,187,0,99,5,286,California
Trinity,2021-01-23,7,392,3,217,4,175,0,0,7,194,0,99,7,293,California
Trinity,2021-01-25,14,406,1,218,13,188,0,0,13,206,1,100,13,306,California
Trinity,2021-01-26,10,416,1,219,9,197,0,0,9,214,1,101,9,315,California
Trinity,2021-01-27,12,428,0,219,12,209,0,0,12,226,0,101,12,327,California
Trinity,2021-01-28,13,441,3,222,10,219,0,0,10,233,3,104,10,337,California
Trinity,2021-01-29,2,443,0,222,2,221,0,0,1,233,1,105,1,338,California
Trinity,2021-01-30,12,455,11,233,1,222,0,0,12,245,0,105,12,350,California
Trinity,2021-02-01,2,457,1,234,1,223,0,0,1,245,1,106,1,351,California
Trinity,2021-02-02,15,472,3,237,12,235,0,0,14,258,1,107,14,365,California
Trinity,2021-02-03,6,478,1,238,5,240,0,0,4,260,2,109,4,369,California
Trinity,2021-02-04,41,519,32,270,9,249,0,0,34,287,7,116,34,403,California
Trinity,2021-02-05,351,870,0,270,351,600,0,0,320,576,31,147,320,723,California
Trinity,2021-02-06,210,1080,5,275,205,805,0,0,203,772,7,154,203,926,California
Trinity,2021-02-07,1,1081,0,275,1,806,0,0,1,773,0,154,1,927,California
Trinity,2021-02-08,28,1109,1,276,27,833,0,0,16,777,12,166,16,943,California
Trinity,2021-02-09,27,1136,2,278,25,858,0,0,11,772,16,182,11,954,California
Trinity,2021-02-10,122,1258,10,288,112,970,0,0,102,854,20,202,102,1056,California
Trinity,2021-02-11,339,1597,2,290,337,1307,0,0,332,1179,7,209,332,1388,California
Trinity,2021-02-12,19,1616,10,300,9,1316,0,0,14,1188,5,214,14,1402,California
Trinity,2021-02-13,11,1627,6,306,5,1321,0,0,6,1189,5,219,6,1408,California
Trinity,2021-02-14,2,1629,2,308,0,1321,0,0,2,1191,0,219,2,1410,California
Trinity,2021-02-15,47,1676,0,308,47,1368,0,0,47,1238,0,219,47,1457,California
Trinity,2021-02-16,4,1680,1,309,3,1371,0,0,2,1238,2,221,2,1459,California
Trinity,2021-02-17,94,1774,2,311,92,1463,0,0,84,1312,10,231,84,1543,California
Trinity,2021-02-18,4,1778,0,311,4,1467,0,0,1,1310,3,234,1,1544,California
Trinity,2021-02-19,307,2085,2,313,305,1772,0,0,293,1589,14,248,293,1837,California
Trinity,2021-02-20,142,2227,14,327,128,1900,0,0,114,1675,28,276,114,1951,California
Trinity,2021-02-21,1,2228,1,328,0,1900,0,0,1,1676,0,276,1,1952,California
Trinity,2021-02-22,8,2236,0,328,8,1908,0,0,5,1678,3,279,5,1957,California
Trinity,2021-02-23,10,2246,3,331,7,1915,0,0,5,1678,5,284,5,1962,California
Trinity,2021-02-24,30,2276,8,339,22,1937,0,0,7,1662,23,307,7,1969,California
Trinity,2021-02-25,37,2313,23,362,14,1951,0,0,5,1635,32,339,5,1974,California
Trinity,2021-02-26,11,2324,1,363,10,1961,0,0,5,1634,6,345,5,1979,California
Trinity,2021-02-27,10,2334,8,371,2,1963,0,0,4,1632,6,351,4,1983,California
Trinity,2021-03-01,10,2344,0,371,10,1973,0,0,5,1632,5,356,5,1988,California
Trinity,2021-03-02,9,2353,3,374,6,1979,0,0,2,1627,7,363,2,1990,California
Trinity,2021-03-03,5,2358,0,374,5,1984,0,0,4,1630,1,364,4,1994,California
Trinity,2021-03-04,23,2381,19,393,4,1988,0,0,10,1627,13,377,10,2004,California
Trinity,2021-03-05,388,2769,1,394,387,2375,0,0,121,1485,263,640,121,2125,California
Trinity,2021-03-06,203,2972,7,401,196,2571,0,0,27,1336,176,816,27,2152,California
Trinity,2021-03-07,4,2976,3,404,1,2572,0,0,3,1338,1,817,3,2155,California
Trinity,2021-03-08,4,2980,0,404,3,2575,1,1,1,1337,3,820,2,2157,California
Trinity,2021-03-09,99,3079,1,405,96,2671,2,3,93,1426,6,826,95,2252,California
Trinity,2021-03-10,126,3205,3,408,120,2791,3,6,38,1379,88,914,41,2293,California
Trinity,2021-03-11,16,3221,4,412,10,2801,2,8,5,1375,11,925,7,2300,California
Trinity,2021-03-12,399,3620,5,417,388,3189,6,14,97,1176,302,1227,103,2403,California
Trinity,2021-03-13,12,3632,7,424,3,3192,2,16,7,1180,5,1232,9,2412,California
Trinity,2021-03-14,4,3636,1,425,3,3195,0,16,3,1182,1,1233,3,2415,California
Trinity,2021-03-15,68,3704,0,425,67,3262,1,17,15,1145,53,1286,16,2431,California
Trinity,2021-03-16,115,3819,7,432,108,3370,0,17,102,1234,13,1299,102,2533,California
Trinity,2021-03-17,100,3919,3,435,97,3467,0,17,26,1186,74,1373,26,2559,California
Trinity,2021-03-18,9,3928,1,436,5,3472,3,20,4,1188,5,1378,7,2566,California
Trinity,2021-03-19,461,4389,4,440,347,3819,110,130,36,909,425,1803,146,2712,California
Trinity,2021-03-20,108,4497,7,447,101,3920,0,130,72,946,35,1838,72,2784,California
Trinity,2021-03-21,4,4501,0,447,3,3923,1,131,3,949,1,1839,4,2788,California
Trinity,2021-03-22,2,4503,0,447,2,3925,0,131,2,951,0,1839,2,2790,California
Trinity,2021-03-23,96,4599,2,449,94,4019,0,131,78,1011,18,1857,78,2868,California
Trinity,2021-03-24,12,4611,1,450,11,4030,0,131,9,1017,3,1860,9,2877,California
Trinity,2021-03-25,111,4722,8,458,97,4127,6,137,85,1082,26,1886,91,2968,California
Trinity,2021-03-26,84,4806,8,466,76,4203,0,137,77,1152,7,1893,77,3045,California
Trinity,2021-03-27,20,4826,4,470,7,4210,9,146,9,1159,11,1904,18,3063,California
Trinity,2021-03-28,5,4831,3,473,2,4212,0,146,1,1156,4,1908,1,3064,California
Trinity,2021-03-29,5,4836,0,473,5,4217,0,146,2,1155,3,1911,2,3066,California
Trinity,2021-03-30,78,4914,6,479,72,4289,0,146,67,1211,11,1922,67,3133,California
Trinity,2021-03-31,56,4970,5,484,18,4307,33,179,20,1227,36,1958,52,3185,California
Trinity,2021-04-01,40,5010,10,494,19,4326,11,190,21,1240,19,1977,32,3217,California
Trinity,2021-04-02,257,5267,5,499,177,4503,75,265,84,1227,172,2149,159,3376,California
Trinity,2021-04-03,17,5284,12,511,5,4508,0,265,7,1224,10,2159,7,3383,California
Trinity,2021-04-04,10,5294,8,519,2,4510,0,265,8,1230,2,2161,8,3391,California
Trinity,2021-04-05,60,5354,6,525,51,4561,3,268,54,1281,6,2167,57,3448,California
Trinity,2021-04-06,122,5476,15,540,104,4665,3,271,29,1220,93,2260,32,3480,California
Trinity,2021-04-07,26,5502,11,551,10,4675,5,276,19,1237,7,2267,24,3504,California
Trinity,2021-04-08,90,5592,11,562,77,4752,2,278,53,1255,37,2304,55,3559,California
Trinity,2021-04-09,166,5758,18,580,144,4896,4,282,88,1269,78,2382,92,3651,California
Trinity,2021-04-10,12,5770,7,587,5,4901,0,282,11,1279,1,2383,11,3662,California
Trinity,2021-04-11,10,5780,5,592,3,4904,2,284,4,1279,6,2389,6,3668,California
Trinity,2021-04-12,78,5858,5,597,72,4976,1,285,64,1330,13,2402,64,3732,California
Trinity,2021-04-13,104,5962,5,602,99,5075,0,285,11,1248,93,2495,11,3743,California
Trinity,2021-04-14,10,5972,5,607,5,5080,0,285,6,1250,4,2499,6,3749,California
Trinity,2021-04-15,44,6016,10,617,34,5114,0,285,14,1235,29,2528,14,3763,California
Trinity,2021-04-16,156,6172,13,630,143,5257,0,285,81,1242,74,2602,81,3844,California
Trinity,2021-04-17,11,6183,5,635,6,5263,0,285,9,1249,2,2604,9,3853,California
Trinity,2021-04-18,3,6186,1,636,2,5265,0,285,0,1246,3,2607,0,3853,California
Trinity,2021-04-19,67,6253,2,638,65,5330,0,285,66,1311,1,2608,66,3919,California
Trinity,2021-04-20,93,6346,8,646,85,5415,0,285,21,1260,72,2680,21,3940,California
Trinity,2021-04-21,22,6368,9,655,13,5428,0,285,9,1256,13,2693,9,3949,California
Trinity,2021-04-22,92,6460,5,660,87,5515,0,285,14,1192,78,2771,14,3963,California
Trinity,2021-04-23,181,6641,6,666,175,5690,0,285,112,1235,69,2840,112,4075,California
Trinity,2021-04-24,23,6664,12,678,11,5701,0,285,6,1224,17,2857,6,4081,California
Trinity,2021-04-25,10,6674,9,687,1,5702,0,285,3,1221,6,2863,3,4084,California
Trinity,2021-04-26,48,6722,9,696,39,5741,0,285,40,1253,8,2871,40,4124,California
Trinity,2021-04-27,87,6809,11,707,76,5817,0,285,23,1212,64,2935,23,4147,California
Trinity,2021-04-28,33,6842,11,718,22,5839,0,285,12,1203,21,2956,12,4159,California
Trinity,2021-04-29,34,6876,13,731,21,5860,0,285,12,1193,22,2978,12,4171,California
Trinity,2021-04-30,26,6902,21,752,5,5865,0,285,10,1188,15,2993,10,4181,California
Trinity,2021-05-01,14,6916,8,760,1,5866,5,290,4,1187,10,3003,9,4190,California
Trinity,2021-05-02,8,6924,5,765,1,5867,2,292,2,1185,6,3009,4,4194,California
Trinity,2021-05-03,58,6982,13,778,44,5911,1,293,9,1147,48,3057,10,4204,California
Trinity,2021-05-04,27,7009,11,789,15,5926,1,294,8,1137,19,3076,9,4213,California
Trinity,2021-05-05,11,7020,7,796,4,5930,0,294,4,1134,7,3083,4,4217,California
Trinity,2021-05-06,75,7095,11,807,62,5992,2,296,16,1093,59,3142,18,4235,California
Trinity,2021-05-07,180,7275,12,819,134,6126,34,330,14,975,166,3308,48,4283,California
Trinity,2021-05-08,7,7282,2,821,5,6131,0,330,2,972,5,3313,2,4285,California
Trinity,2021-05-09,11,7293,8,829,3,6134,0,330,7,975,4,3317,7,4292,California
Trinity,2021-05-10,15,7308,5,834,9,6143,1,331,8,977,7,3324,9,4301,California
Trinity,2021-05-11,8,7316,4,838,4,6147,0,331,6,981,2,3326,6,4307,California
Trinity,2021-05-12,19,7335,16,854,2,6149,1,332,14,991,5,3331,15,4322,California
Trinity,2021-05-13,15,7350,10,864,4,6153,1,333,9,995,6,3337,10,4332,California
Trinity,2021-05-14,141,7491,19,883,94,6247,28,361,39,960,102,3439,67,4399,California
Trinity,2021-05-15,15,7506,10,893,4,6251,1,362,7,961,7,3446,8,4407,California
Trinity,2021-05-16,7,7513,6,899,1,6252,0,362,5,964,2,3448,5,4412,California
Trinity,2021-05-17,108,7621,20,919,86,6338,2,364,42,942,66,3514,44,4456,California
Trinity,2021-05-18,37,7658,7,926,29,6367,1,365,11,928,26,3540,12,4468,California
Trinity,2021-05-19,150,7808,16,942,105,6472,29,394,31,870,118,3658,60,4528,California
Trinity,2021-05-20,28,7836,21,963,4,6476,3,397,17,879,11,3669,20,4548,California
Trinity,2021-05-21,21,7857,13,976,8,6484,0,397,11,880,10,3679,11,4559,California
Trinity,2021-05-22,17,7874,14,990,3,6487,0,397,13,889,4,3683,13,4572,California
Trinity,2021-05-23,6,7880,4,994,2,6489,0,397,2,887,4,3687,2,4574,California
Trinity,2021-05-24,109,7989,12,1006,96,6585,1,398,8,796,100,3787,9,4583,California
Trinity,2021-05-25,38,8027,13,1019,25,6610,0,398,16,790,22,3809,16,4599,California
Trinity,2021-05-26,11,8038,5,1024,6,6616,0,398,3,785,8,3817,3,4602,California
Trinity,2021-05-27,30,8068,13,1037,12,6628,5,403,7,774,23,3840,12,4614,California
Trinity,2021-05-28,13,8081,10,1047,2,6630,1,404,6,774,7,3847,7,4621,California
Trinity,2021-05-29,10,8091,7,1054,2,6632,1,405,7,779,3,3850,8,4629,California
Trinity,2021-05-30,5,8096,4,1058,1,6633,0,405,0,774,5,3855,0,4629,California
Trinity,2021-05-31,4,8100,3,1061,1,6634,0,405,2,774,2,3857,2,4631,California
Trinity,2021-06-01,15,8115,8,1069,5,6639,2,407,4,770,10,3867,6,4637,California
Trinity,2021-06-02,24,8139,19,1088,3,6642,2,409,9,766,15,3882,11,4648,California
Trinity,2021-06-03,39,8178,13,1101,26,6668,0,409,13,753,26,3908,13,4661,California
Trinity,2021-06-04,29,8207,21,1122,8,6676,0,409,8,740,21,3929,8,4669,California
Trinity,2021-06-05,19,8226,18,1140,1,6677,0,409,13,747,6,3935,13,4682,California
Trinity,2021-06-06,9,8235,6,1146,2,6679,1,410,2,743,7,3942,3,4685,California
Trinity,2021-06-07,28,8263,19,1165,8,6687,1,411,12,740,16,3958,13,4698,California
Trinity,2021-06-08,15,8278,13,1178,1,6688,1,412,4,734,11,3969,5,4703,California
Trinity,2021-06-09,16,8294,14,1192,0,6688,2,414,4,728,12,3981,6,4709,California
Trinity,2021-06-10,18,8312,17,1209,1,6689,0,414,5,720,13,3994,5,4714,California
Trinity,2021-06-11,39,8351,8,1217,31,6720,0,414,11,703,28,4022,11,4725,California
Trinity,2021-06-12,11,8362,11,1228,0,6720,0,414,3,698,8,4030,3,4728,California
Trinity,2021-06-13,4,8366,4,1232,0,6720,0,414,1,696,3,4033,1,4729,California
Trinity,2021-06-14,25,8391,0,1232,25,6745,0,414,4,679,21,4054,4,4733,California
Tulare,2020-12-15,1,1,1,1,0,0,0,0,1,1,0,0,1,1,California
Tulare,2020-12-16,4,5,4,5,0,0,0,0,4,5,0,0,4,5,California
Tulare,2020-12-17,110,115,110,115,0,0,0,0,110,115,0,0,110,115,California
Tulare,2020-12-18,290,405,289,404,1,1,0,0,290,405,0,0,290,405,California
Tulare,2020-12-19,325,730,325,729,0,1,0,0,325,730,0,0,325,730,California
Tulare,2020-12-20,165,895,165,894,0,1,0,0,165,895,0,0,165,895,California
Tulare,2020-12-21,421,1316,421,1315,0,1,0,0,441,1336,0,0,441,1336,California
Tulare,2020-12-22,472,1788,470,1785,2,3,0,0,471,1807,0,0,471,1807,California
Tulare,2020-12-23,327,2115,319,2104,8,11,0,0,325,2132,0,0,325,2132,California
Tulare,2020-12-24,18,2133,16,2120,2,13,0,0,18,2150,0,0,18,2150,California
Tulare,2020-12-26,7,2140,6,2126,1,14,0,0,7,2157,0,0,7,2157,California
Tulare,2020-12-27,16,2156,12,2138,4,18,0,0,16,2173,0,0,16,2173,California
Tulare,2020-12-28,482,2638,469,2607,13,31,0,0,481,2654,0,0,481,2654,California
Tulare,2020-12-29,549,3187,477,3084,72,103,0,0,549,3203,0,0,549,3203,California
Tulare,2020-12-30,469,3656,425,3509,44,147,0,0,469,3672,0,0,469,3672,California
Tulare,2020-12-31,101,3757,23,3532,78,225,0,0,101,3773,0,0,101,3773,California
Tulare,2021-01-01,3,3760,1,3533,2,227,0,0,3,3776,0,0,3,3776,California
Tulare,2021-01-02,33,3793,20,3553,13,240,0,0,33,3809,0,0,33,3809,California
Tulare,2021-01-03,23,3816,9,3562,14,254,0,0,23,3832,0,0,23,3832,California
Tulare,2021-01-04,93,3909,16,3578,77,331,0,0,93,3925,0,0,93,3925,California
Tulare,2021-01-05,468,4377,279,3857,189,520,0,0,466,4389,2,2,466,4391,California
Tulare,2021-01-06,867,5244,633,4490,234,754,0,0,857,5236,10,12,857,5248,California
Tulare,2021-01-07,786,6030,588,5078,198,952,0,0,679,5808,107,119,679,5927,California
Tulare,2021-01-08,1296,7326,573,5651,723,1675,0,0,959,6431,336,455,959,6886,California
Tulare,2021-01-09,802,8128,202,5853,600,2275,0,0,615,6859,187,642,615,7501,California
Tulare,2021-01-10,50,8178,43,5896,7,2282,0,0,12,6833,38,680,12,7513,California
Tulare,2021-01-11,1275,9453,771,6667,504,2786,0,0,838,7234,437,1117,838,8351,California
Tulare,2021-01-12,1456,10909,506,7173,950,3736,0,0,1045,7870,410,1527,1046,9397,California
Tulare,2021-01-13,427,11336,200,7373,227,3963,0,0,352,8147,75,1602,352,9749,California
Tulare,2021-01-14,495,11831,145,7518,350,4313,0,0,469,8601,15,1617,469,10218,California
Tulare,2021-01-15,1702,13533,161,7679,1541,5854,0,0,1692,10283,10,1627,1692,11910,California
Tulare,2021-01-16,1927,15460,121,7800,1806,7660,0,0,1913,12182,14,1641,1913,13823,California
Tulare,2021-01-17,142,15602,122,7922,20,7680,0,0,132,12304,10,1651,132,13955,California
Tulare,2021-01-18,694,16296,662,8584,32,7712,0,0,295,12200,399,2050,295,14250,California
Tulare,2021-01-19,1021,17317,692,9276,329,8041,0,0,594,12367,427,2477,594,14844,California
Tulare,2021-01-20,2440,19757,614,9890,1826,9867,0,0,2027,14007,387,2864,2027,16871,California
Tulare,2021-01-21,1585,21342,184,10074,1401,11268,0,0,1558,15543,22,2886,1558,18429,California
Tulare,2021-01-22,1075,22417,191,10265,884,12152,0,0,1047,16563,27,2913,1047,19476,California
Tulare,2021-01-23,442,22859,158,10423,284,12436,0,0,421,16963,21,2934,421,19897,California
Tulare,2021-01-24,30,22889,27,10450,3,12439,0,0,28,16989,2,2936,28,19925,California
Tulare,2021-01-25,1352,24241,984,11434,368,12807,0,0,1303,18243,49,2985,1303,21228,California
Tulare,2021-01-26,1514,25755,1100,12534,414,13221,0,0,1175,19080,338,3323,1175,22403,California
Tulare,2021-01-27,1502,27257,1073,13607,429,13650,0,0,922,19423,579,3902,922,23325,California
Tulare,2021-01-28,1217,28474,776,14383,441,14091,0,0,817,19840,400,4302,817,24142,California
Tulare,2021-01-29,1139,29613,724,15107,415,14506,0,0,828,20357,311,4613,828,24970,California
Tulare,2021-01-30,1685,31298,1590,16697,95,14601,0,0,1662,21997,23,4636,1663,26633,California
Tulare,2021-01-31,68,31366,63,16760,5,14606,0,0,65,22059,3,4639,65,26698,California
Tulare,2021-02-01,1196,32562,919,17679,277,14883,0,0,833,22530,362,5001,833,27531,California
Tulare,2021-02-02,703,33265,349,18028,354,15237,0,0,457,22744,244,5245,458,27989,California
Tulare,2021-02-03,574,33839,242,18270,332,15569,0,0,327,22844,227,5472,327,28316,California
Tulare,2021-02-04,571,34410,170,18440,401,15970,0,0,280,22835,290,5762,281,28597,California
Tulare,2021-02-05,1241,35651,237,18677,1004,16974,0,0,403,22402,836,6598,403,29000,California
Tulare,2021-02-06,842,36493,164,18841,678,17652,0,0,208,21978,632,7230,208,29208,California
Tulare,2021-02-07,83,36576,70,18911,13,17665,0,0,22,21939,61,7291,22,29230,California
Tulare,2021-02-08,948,37524,329,19240,619,18284,0,0,242,21477,704,7995,242,29472,California
Tulare,2021-02-09,1435,38959,337,19577,1098,19382,0,0,355,20758,1074,9069,355,29827,California
Tulare,2021-02-10,2478,41437,1990,21567,488,19870,0,0,2079,22439,398,9467,2079,31906,California
Tulare,2021-02-11,1337,42774,379,21946,958,20828,0,0,915,22932,422,9889,915,32821,California
Tulare,2021-02-12,2791,45565,575,22521,2216,23044,0,0,1191,22530,1593,11482,1191,34012,California
Tulare,2021-02-13,2484,48049,158,22679,2326,25370,0,0,652,21354,1828,13310,652,34664,California
Tulare,2021-02-14,335,48384,39,22718,296,25666,0,0,298,21615,37,13347,298,34962,California
Tulare,2021-02-15,921,49305,292,23010,629,26295,0,0,662,22019,258,13605,662,35624,California
Tulare,2021-02-16,2852,52157,1603,24613,1249,27544,0,0,1091,21350,1760,15365,1091,36715,California
Tulare,2021-02-17,2724,54881,518,25131,2206,29750,0,0,463,19558,2255,17620,463,37178,California
Tulare,2021-02-18,2338,57219,456,25587,1882,31632,0,0,641,18510,1689,19309,641,37819,California
Tulare,2021-02-19,2333,59552,880,26467,1453,33085,0,0,957,18093,1374,20683,957,38776,California
Tulare,2021-02-20,3002,62554,1896,28363,1106,34191,0,0,1267,17630,1730,22413,1267,40043,California
Tulare,2021-02-21,95,62649,92,28455,3,34194,0,0,48,17632,46,22459,48,40091,California
Tulare,2021-02-22,1112,63761,705,29160,407,34601,0,0,212,16945,899,23358,212,40303,California
Tulare,2021-02-23,1969,65730,952,30112,1017,35618,0,0,1472,17922,495,23853,1472,41775,California
Tulare,2021-02-24,2493,68223,1556,31668,937,36555,0,0,2119,19669,373,24226,2120,43895,California
Tulare,2021-02-25,3536,71759,1989,33657,1547,38102,0,0,3118,22373,414,24640,3118,47013,California
Tulare,2021-02-26,3878,75637,1901,35558,1977,40079,0,0,3409,25315,467,25107,3409,50422,California
Tulare,2021-02-27,3020,78657,1507,37065,1513,41592,0,0,2885,28077,123,25230,2885,53307,California
Tulare,2021-02-28,1313,79970,1041,38106,272,41864,0,0,1293,29353,17,25247,1293,54600,California
Tulare,2021-03-01,1799,81769,805,38911,994,42858,0,0,1602,30760,195,25442,1602,56202,California
Tulare,2021-03-02,2789,84558,1279,40190,1510,44368,0,0,2615,33204,172,25614,2616,58818,California
Tulare,2021-03-03,4106,88664,2751,42941,1354,45722,1,1,2148,33401,1955,27569,2152,60970,California
Tulare,2021-03-04,2999,91663,1355,44296,1644,47366,0,1,2655,35717,339,27908,2655,63625,California
Tulare,2021-03-05,3460,95123,1771,46067,1674,49040,15,16,2942,38162,515,28423,2960,66585,California
Tulare,2021-03-06,3103,98226,1448,47515,1595,50635,60,76,2849,40818,251,28674,2907,69492,California
Tulare,2021-03-07,1142,99368,705,48220,416,51051,21,97,1102,41902,39,28713,1123,70615,California
Tulare,2021-03-08,1728,101096,1011,49231,548,51599,169,266,1400,43147,323,29036,1568,72183,California
Tulare,2021-03-09,3286,104382,2256,51487,881,52480,149,415,2860,45730,425,29461,3008,75191,California
Tulare,2021-03-10,2986,107368,1412,52899,1400,53880,174,589,2583,48091,394,29855,2755,77946,California
Tulare,2021-03-11,4238,111606,2000,54899,1932,55812,306,895,3280,50720,958,30813,3587,81533,California
Tulare,2021-03-12,4442,116048,2435,57334,1653,57465,354,1249,3152,52945,1282,32095,3507,85040,California
Tulare,2021-03-13,4179,120227,1959,59293,2115,59580,105,1354,3223,55323,950,33045,3328,88368,California
Tulare,2021-03-14,1862,122089,988,60281,654,60234,220,1574,1337,56353,524,33569,1554,89922,California
Tulare,2021-03-15,2767,124856,1643,61924,1007,61241,117,1691,1989,57685,775,34344,2107,92029,California
Tulare,2021-03-16,3463,128319,2126,64050,1257,62498,80,1771,1895,58099,1564,35908,1978,94007,California
Tulare,2021-03-17,4075,132394,2651,66701,1349,63847,75,1846,2320,58752,1749,37657,2402,96409,California
Tulare,2021-03-18,4665,137059,3401,70102,1191,65038,73,1919,2465,59103,2192,39849,2543,98952,California
Tulare,2021-03-19,5129,142188,3370,73472,1562,66600,197,2116,2738,59669,2371,42220,2937,101889,California
Tulare,2021-03-20,4513,146701,2811,76283,1329,67929,373,2489,2073,59687,2432,44652,2450,104339,California
Tulare,2021-03-21,1999,148700,1710,77993,263,68192,26,2515,1055,59827,940,45592,1080,105419,California
Tulare,2021-03-22,2571,151271,1781,79774,679,68871,111,2626,1694,60762,871,46463,1806,107225,California
Tulare,2021-03-23,3762,155033,2160,81934,1551,70422,51,2677,2061,61188,1691,48154,2117,109342,California
Tulare,2021-03-24,3224,158257,2004,83938,1178,71600,42,2719,1729,61473,1487,49641,1772,111114,California
Tulare,2021-03-25,3496,161753,1822,85760,1504,73104,170,2889,1678,61513,1810,51451,1850,112964,California
Tulare,2021-03-26,5291,167044,3156,88916,2025,75129,110,2999,2561,61472,2712,54163,2671,115635,California
Tulare,2021-03-27,3554,170598,1823,90739,1632,76761,99,3098,995,60014,2551,56714,1093,116728,California
Tulare,2021-03-28,1475,172073,1070,91809,374,77135,31,3129,676,59934,797,57511,717,117445,California
Tulare,2021-03-29,2899,174972,1678,93487,1110,78245,111,3240,1233,59618,1662,59173,1346,118791,California
Tulare,2021-03-30,4880,179852,2803,96290,1844,80089,233,3473,1536,58046,3334,62507,1762,120553,California
Tulare,2021-03-31,3987,183839,2357,98647,1516,81605,114,3587,1561,57304,2418,64925,1676,122229,California
Tulare,2021-04-01,4542,188381,2462,101109,2014,83619,66,3653,1556,55951,2976,67901,1623,123852,California
Tulare,2021-04-02,5382,193763,3075,104184,2185,85804,122,3775,1594,53896,3772,71673,1717,125569,California
Tulare,2021-04-03,3646,197409,2109,106293,1163,86967,374,4149,841,52342,2767,74440,1213,126782,California
Tulare,2021-04-04,1637,199046,1149,107442,481,87448,7,4156,359,51434,1274,75714,366,127148,California
Tulare,2021-04-05,3374,202420,2353,109795,752,88200,269,4425,856,50055,2505,78219,1126,128274,California
Tulare,2021-04-06,3449,205869,1474,111269,1477,89677,498,4923,930,48974,2511,80730,1430,129704,California
Tulare,2021-04-07,3927,209796,1855,113124,1634,91311,438,5361,1191,47869,2725,83455,1620,131324,California
Tulare,2021-04-08,4820,214616,2636,115760,1718,93029,466,5827,1540,46604,3267,86722,2002,133326,California
Tulare,2021-04-09,4870,219486,3009,118769,1420,94449,441,6268,1837,45858,3024,89746,2278,135604,California
Tulare,2021-04-10,3875,223361,2093,120862,1459,95908,323,6591,951,44212,2915,92661,1269,136873,California
Tulare,2021-04-11,1595,224956,1055,121917,466,96374,74,6665,496,43685,1097,93758,570,137443,California
Tulare,2021-04-12,3420,228376,2132,124049,690,97064,598,7263,1071,43015,2340,96098,1670,139113,California
Tulare,2021-04-13,2421,230797,1595,125644,816,97880,10,7273,907,42432,1503,97601,920,140033,California
Tulare,2021-04-14,2886,233683,1701,127345,1185,99065,0,7273,928,41408,1953,99554,929,140962,California
Tulare,2021-04-15,3317,237000,2160,129505,1157,100222,0,7273,1487,41076,1819,101373,1487,142449,California
Tulare,2021-04-16,3678,240678,2226,131731,1452,101674,0,7273,1485,40383,2181,103554,1488,143937,California
Tulare,2021-04-17,2221,242899,1304,133035,917,102591,0,7273,1173,40514,1044,104598,1175,145112,California
Tulare,2021-04-18,1523,244422,1193,134228,330,102921,0,7273,817,40626,705,105303,817,145929,California
Tulare,2021-04-19,2134,246556,1224,135452,908,103829,2,7275,898,40294,1232,106535,900,146829,California
Tulare,2021-04-20,2340,248896,1317,136769,1023,104852,0,7275,993,39953,1334,107869,993,147822,California
Tulare,2021-04-21,2215,251111,1335,138104,880,105732,0,7275,812,39402,1364,109233,813,148635,California
Tulare,2021-04-22,2117,253228,1178,139282,939,106671,0,7275,728,38760,1370,110603,728,149363,California
Tulare,2021-04-23,2596,255824,1589,140871,1006,107677,1,7276,1021,38217,1564,112167,1021,150384,California
Tulare,2021-04-24,1648,257472,1056,141927,590,108267,2,7278,852,38280,791,112958,854,151238,California
Tulare,2021-04-25,700,258172,527,142454,173,108440,0,7278,268,38116,432,113390,268,151506,California
Tulare,2021-04-26,1527,259699,920,143374,588,109028,19,7297,639,37891,881,114271,656,152162,California
Tulare,2021-04-27,1670,261369,679,144053,952,109980,39,7336,714,37691,952,115223,752,152914,California
Tulare,2021-04-28,1714,263083,974,145027,698,110678,42,7378,674,37372,1035,116258,716,153630,California
Tulare,2021-04-29,2011,265094,1202,146229,769,111447,40,7418,779,36969,1220,117478,817,154447,California
Tulare,2021-04-30,2452,267546,1785,148014,617,112064,50,7468,905,36384,1539,119017,954,155401,California
Tulare,2021-05-01,1427,268973,1228,149242,187,112251,12,7480,728,36435,689,119706,740,156141,California
Tulare,2021-05-02,590,269563,501,149743,73,112324,16,7496,189,36242,398,120104,205,156346,California
Tulare,2021-05-03,1626,271189,1099,150842,402,112726,125,7621,350,35448,1269,121373,475,156821,California
Tulare,2021-05-04,1563,272752,835,151677,658,113384,70,7691,629,35218,926,122299,696,157517,California
Tulare,2021-05-05,1285,274037,622,152299,573,113957,90,7781,448,34930,826,123125,538,158055,California
Tulare,2021-05-06,1970,276007,1326,153625,595,114552,49,7830,592,34201,1370,124495,641,158696,California
Tulare,2021-05-07,1839,277846,1248,154873,523,115075,68,7898,526,33488,1306,125801,593,159289,California
Tulare,2021-05-08,1233,279079,807,155680,401,115476,25,7923,526,33339,700,126501,551,159840,California
Tulare,2021-05-09,594,279673,469,156149,104,115580,21,7944,117,33005,473,126974,139,159979,California
Tulare,2021-05-10,1025,280698,593,156742,366,115946,66,8010,310,32668,713,127687,376,160355,California
Tulare,2021-05-11,1254,281952,634,157376,538,116484,82,8092,521,32545,726,128413,603,160958,California
Tulare,2021-05-12,1579,283531,1016,158392,505,116989,58,8150,429,31896,1135,129548,486,161444,California
Tulare,2021-05-13,1556,285087,986,159378,531,117520,39,8189,695,31773,856,130404,733,162177,California
Tulare,2021-05-14,1930,287017,1242,160620,624,118144,64,8253,861,31640,1057,131461,924,163101,California
Tulare,2021-05-15,1570,288587,885,161505,639,118783,46,8299,672,31463,890,132351,713,163814,California
Tulare,2021-05-16,698,289285,558,162063,128,118911,12,8311,325,31428,372,132723,337,164151,California
Tulare,2021-05-17,1544,290829,958,163021,513,119424,73,8384,740,31444,797,133520,813,164964,California
Tulare,2021-05-18,1585,292414,857,163878,673,120097,55,8439,794,31505,786,134306,847,165811,California
Tulare,2021-05-19,1481,293895,957,164835,491,120588,33,8472,773,31609,702,135008,806,166617,California
Tulare,2021-05-20,1587,295482,1071,165906,429,121017,87,8559,766,31645,817,135825,853,167470,California
Tulare,2021-05-21,1951,297433,1429,167335,481,121498,41,8600,1071,31885,872,136697,1112,168582,California
Tulare,2021-05-22,1604,299037,1145,168480,436,121934,23,8623,605,31523,991,137688,629,169211,California
Tulare,2021-05-23,393,299430,312,168792,72,122006,9,8632,198,31537,193,137881,207,169418,California
Tulare,2021-05-24,905,300335,551,169343,294,122300,60,8692,404,31502,499,138380,464,169882,California
Tulare,2021-05-25,1188,301523,710,170053,446,122746,32,8724,509,31370,673,139053,541,170423,California
Tulare,2021-05-26,881,302404,487,170540,352,123098,42,8766,400,31335,476,139529,441,170864,California
Tulare,2021-05-27,1275,303679,808,171348,436,123534,31,8797,594,31284,678,140207,627,171491,California
Tulare,2021-05-28,1186,304865,660,172008,477,124011,49,8846,631,31414,549,140756,679,172170,California
Tulare,2021-05-29,870,305735,643,172651,208,124219,19,8865,500,31565,368,141124,519,172689,California
Tulare,2021-05-30,285,306020,206,172857,71,124290,8,8873,165,31620,118,141242,173,172862,California
Tulare,2021-05-31,131,306151,51,172908,69,124359,11,8884,55,31611,75,141317,66,172928,California
Tulare,2021-06-01,1051,307202,625,173533,395,124754,31,8915,405,31410,637,141954,436,173364,California
Tulare,2021-06-02,795,307997,468,174001,295,125049,32,8947,363,31383,420,142374,393,173757,California
Tulare,2021-06-03,1142,309139,810,174811,274,125323,58,9005,420,31158,702,143076,477,174234,California
Tulare,2021-06-04,1164,310303,833,175644,298,125621,33,9038,393,30817,767,143843,426,174660,California
Tulare,2021-06-05,875,311178,696,176340,164,125785,15,9053,298,30556,574,144417,313,174973,California
Tulare,2021-06-06,418,311596,354,176694,46,125831,18,9071,138,30433,279,144696,156,175129,California
Tulare,2021-06-07,881,312477,693,177387,151,125982,37,9108,287,30165,591,145287,323,175452,California
Tulare,2021-06-08,1047,313524,773,178160,213,126195,61,9169,352,29888,690,145977,413,175865,California
Tulare,2021-06-09,1068,314592,753,178913,283,126478,32,9201,344,29542,720,146697,374,176239,California
Tulare,2021-06-10,1094,315686,878,179791,181,126659,35,9236,381,29247,710,147407,415,176654,California
Tulare,2021-06-11,1121,316807,785,180576,304,126963,32,9268,339,28844,774,148181,371,177025,California
Tulare,2021-06-12,935,317742,726,181302,197,127160,12,9280,322,28573,605,148786,334,177359,California
Tulare,2021-06-13,292,318034,201,181503,89,127249,2,9282,82,28448,209,148995,84,177443,California
Tulare,2021-06-14,357,318391,251,181754,94,127343,12,9294,95,28297,258,149253,107,177550,California
Tuolumne,2020-12-16,47,47,47,47,0,0,0,0,47,47,0,0,47,47,California
Tuolumne,2020-12-17,18,65,18,65,0,0,0,0,18,65,0,0,18,65,California
Tuolumne,2020-12-18,102,167,100,165,2,2,0,0,101,165,1,1,101,166,California
Tuolumne,2020-12-19,4,171,4,169,0,2,0,0,4,169,0,1,4,170,California
Tuolumne,2020-12-20,2,173,2,171,0,2,0,0,2,171,0,1,2,172,California
Tuolumne,2020-12-21,116,289,101,272,15,17,0,0,115,285,1,2,115,287,California
Tuolumne,2020-12-22,172,461,172,444,0,17,0,0,172,457,0,2,172,459,California
Tuolumne,2020-12-23,185,646,182,626,3,20,0,0,184,640,1,3,184,643,California
Tuolumne,2020-12-26,2,648,2,628,0,20,0,0,2,642,0,3,2,645,California
Tuolumne,2020-12-28,80,728,76,704,4,24,0,0,77,716,3,6,77,722,California
Tuolumne,2020-12-29,102,830,39,743,63,87,0,0,102,818,0,6,102,824,California
Tuolumne,2020-12-30,80,910,22,765,58,145,0,0,80,898,0,6,80,904,California
Tuolumne,2020-12-31,28,938,20,785,8,153,0,0,27,924,1,7,27,931,California
Tuolumne,2021-01-01,6,944,5,790,1,154,0,0,6,930,0,7,6,937,California
Tuolumne,2021-01-02,118,1062,116,906,2,156,0,0,118,1048,0,7,118,1055,California
Tuolumne,2021-01-03,2,1064,2,908,0,156,0,0,2,1050,0,7,2,1057,California
Tuolumne,2021-01-04,70,1134,27,935,43,199,0,0,69,1118,1,8,69,1126,California
Tuolumne,2021-01-05,95,1229,28,963,67,266,0,0,91,1205,4,12,91,1217,California
Tuolumne,2021-01-06,133,1362,72,1035,61,327,0,0,68,1208,65,77,68,1285,California
Tuolumne,2021-01-07,120,1482,64,1099,56,383,0,0,64,1217,55,132,64,1349,California
Tuolumne,2021-01-08,105,1587,82,1181,23,406,0,0,26,1168,76,208,27,1376,California
Tuolumne,2021-01-09,2,1589,0,1181,2,408,0,0,2,1170,0,208,2,1378,California
Tuolumne,2021-01-10,3,1592,1,1182,2,410,0,0,3,1173,0,208,3,1381,California
Tuolumne,2021-01-11,117,1709,89,1271,28,438,0,0,34,1125,82,290,34,1415,California
Tuolumne,2021-01-12,104,1813,87,1358,17,455,0,0,18,1060,83,373,18,1433,California
Tuolumne,2021-01-13,232,2045,125,1483,107,562,0,0,182,1194,49,422,183,1616,California
Tuolumne,2021-01-14,149,2194,108,1591,41,603,0,0,43,1134,103,525,43,1659,California
Tuolumne,2021-01-15,481,2675,76,1667,405,1008,0,0,414,1483,66,591,415,2074,California
Tuolumne,2021-01-16,7,2682,3,1670,4,1012,0,0,6,1488,1,592,6,2080,California
Tuolumne,2021-01-17,7,2689,4,1674,3,1015,0,0,7,1495,0,592,7,2087,California
Tuolumne,2021-01-18,46,2735,38,1712,8,1023,0,0,9,1468,36,628,9,2096,California
Tuolumne,2021-01-19,480,3215,75,1787,405,1428,0,0,434,1856,46,674,434,2530,California
Tuolumne,2021-01-20,77,3292,59,1846,18,1446,0,0,24,1829,51,725,24,2554,California
Tuolumne,2021-01-21,58,3350,24,1870,34,1480,0,0,41,1855,15,740,41,2595,California
Tuolumne,2021-01-22,173,3523,18,1888,155,1635,0,0,162,2006,11,751,162,2757,California
Tuolumne,2021-01-23,672,4195,137,2025,535,2170,0,0,559,2452,113,864,559,3316,California
Tuolumne,2021-01-24,528,4723,3,2028,525,2695,0,0,522,2969,5,869,522,3838,California
Tuolumne,2021-01-25,51,4774,28,2056,23,2718,0,0,25,2968,26,895,25,3863,California
Tuolumne,2021-01-26,81,4855,69,2125,12,2730,0,0,40,2970,39,934,41,3904,California
Tuolumne,2021-01-27,61,4916,4,2129,57,2787,0,0,8,2926,52,986,8,3912,California
Tuolumne,2021-01-28,26,4942,6,2135,20,2807,0,0,17,2934,9,995,17,3929,California
Tuolumne,2021-01-29,71,5013,5,2140,66,2873,0,0,32,2927,39,1034,32,3961,California
Tuolumne,2021-01-30,735,5748,571,2711,164,3037,0,0,706,3605,28,1062,706,4667,California
Tuolumne,2021-01-31,7,5755,2,2713,5,3042,0,0,4,3606,3,1065,4,4671,California
Tuolumne,2021-02-01,27,5782,7,2720,20,3062,0,0,24,3627,3,1068,24,4695,California
Tuolumne,2021-02-02,656,6438,45,2765,611,3673,0,0,638,4250,15,1083,638,5333,California
Tuolumne,2021-02-03,241,6679,112,2877,129,3802,0,0,87,4183,154,1237,87,5420,California
Tuolumne,2021-02-04,124,6803,14,2891,110,3912,0,0,61,4183,61,1298,61,5481,California
Tuolumne,2021-02-05,103,6906,15,2906,88,4000,0,0,36,4154,65,1363,36,5517,California
Tuolumne,2021-02-06,874,7780,594,3500,280,4280,0,0,855,4990,19,1382,855,6372,California
Tuolumne,2021-02-07,8,7788,4,3504,4,4284,0,0,4,4990,4,1386,4,6376,California
Tuolumne,2021-02-08,95,7883,42,3546,53,4337,0,0,68,5034,24,1410,68,6444,California
Tuolumne,2021-02-09,877,8760,60,3606,817,5154,0,0,822,5801,55,1465,822,7266,California
Tuolumne,2021-02-10,92,8852,17,3623,75,5229,0,0,31,5772,60,1525,31,7297,California
Tuolumne,2021-02-11,144,8996,69,3692,75,5304,0,0,78,5784,66,1591,78,7375,California
Tuolumne,2021-02-12,661,9657,24,3716,637,5941,0,0,208,5555,437,2028,208,7583,California
Tuolumne,2021-02-13,151,9808,41,3757,110,6051,0,0,121,5647,29,2057,121,7704,California
Tuolumne,2021-02-14,152,9960,14,3771,138,6189,0,0,150,5795,2,2059,150,7854,California
Tuolumne,2021-02-15,189,10149,11,3782,178,6367,0,0,180,5966,9,2068,180,8034,California
Tuolumne,2021-02-16,532,10681,19,3801,513,6880,0,0,122,5686,404,2472,124,8158,California
Tuolumne,2021-02-17,115,10796,66,3867,49,6929,0,0,61,5700,47,2519,61,8219,California
Tuolumne,2021-02-18,693,11489,33,3900,660,7589,0,0,630,6267,63,2582,630,8849,California
Tuolumne,2021-02-19,146,11635,24,3924,122,7711,0,0,43,6213,97,2679,43,8892,California
Tuolumne,2021-02-20,924,12559,349,4273,575,8286,0,0,386,6092,507,3186,386,9278,California
Tuolumne,2021-02-21,1001,13560,45,4318,956,9242,0,0,474,6051,515,3701,474,9752,California
Tuolumne,2021-02-22,80,13640,57,4375,23,9265,0,0,46,6064,33,3734,46,9798,California
Tuolumne,2021-02-23,48,13688,24,4399,24,9289,0,0,26,6069,21,3755,26,9824,California
Tuolumne,2021-02-24,104,13792,58,4457,46,9335,0,0,42,6050,61,3816,42,9866,California
Tuolumne,2021-02-25,1068,14860,45,4502,1023,10358,0,0,1021,7024,47,3863,1021,10887,California
Tuolumne,2021-02-26,152,15012,11,4513,141,10499,0,0,125,7123,27,3890,126,11013,California
Tuolumne,2021-02-27,975,15987,594,5107,381,10880,0,0,252,6692,684,4574,253,11266,California
Tuolumne,2021-02-28,56,16043,4,5111,52,10932,0,0,52,6741,3,4577,52,11318,California
Tuolumne,2021-03-01,117,16160,22,5133,94,11026,1,1,78,6783,38,4615,80,11398,California
Tuolumne,2021-03-02,714,16874,80,5213,634,11660,0,1,107,6293,597,5212,107,11505,California
Tuolumne,2021-03-03,95,16969,21,5234,74,11734,0,1,67,6333,27,5239,67,11572,California
Tuolumne,2021-03-04,1182,18151,79,5313,1103,12837,0,1,1108,7367,74,5313,1108,12680,California
Tuolumne,2021-03-05,91,18242,10,5323,81,12918,0,1,53,7384,37,5350,54,12734,California
Tuolumne,2021-03-06,1081,19323,617,5940,462,13380,2,3,207,6750,843,6193,209,12943,California
Tuolumne,2021-03-07,40,19363,12,5952,14,13394,14,17,18,6760,22,6215,32,12975,California
Tuolumne,2021-03-08,197,19560,90,6042,100,13494,7,24,139,6848,58,6273,146,13121,California
Tuolumne,2021-03-09,873,20433,24,6066,838,14332,11,35,68,6154,774,7047,80,13201,California
Tuolumne,2021-03-10,79,20512,12,6078,56,14388,11,46,54,6194,25,7072,65,13266,California
Tuolumne,2021-03-11,1297,21809,47,6125,1245,15633,5,51,1256,7419,38,7110,1263,14529,California
Tuolumne,2021-03-12,300,22109,34,6159,250,15883,16,67,188,7516,109,7219,206,14735,California
Tuolumne,2021-03-13,114,22223,13,6172,101,15984,0,67,84,7573,28,7247,85,14820,California
Tuolumne,2021-03-14,148,22371,10,6182,129,16113,9,76,7,7453,141,7388,21,14841,California
Tuolumne,2021-03-15,303,22674,82,6264,218,16331,3,79,104,7370,198,7586,115,14956,California
Tuolumne,2021-03-16,810,23484,44,6308,755,17086,11,90,668,7908,141,7727,679,15635,California
Tuolumne,2021-03-17,154,23638,33,6341,108,17194,13,103,79,7927,73,7800,92,15727,California
Tuolumne,2021-03-18,960,24598,34,6375,912,18106,14,117,317,7639,618,8418,330,16057,California
Tuolumne,2021-03-19,137,24735,19,6394,87,18193,31,148,73,7679,63,8481,103,16160,California
Tuolumne,2021-03-20,96,24831,8,6402,78,18271,10,158,41,7675,54,8535,50,16210,California
Tuolumne,2021-03-21,855,25686,402,6804,443,18714,10,168,42,6960,767,9302,52,16262,California
Tuolumne,2021-03-22,164,25850,73,6877,72,18786,19,187,97,7010,66,9368,116,16378,California
Tuolumne,2021-03-23,717,26567,638,7515,65,18851,14,201,674,7654,43,9411,687,17065,California
Tuolumne,2021-03-24,110,26677,20,7535,72,18923,18,219,76,7715,33,9444,94,17159,California
Tuolumne,2021-03-25,1318,27995,34,7569,1280,20203,4,223,327,7087,958,10402,330,17489,California
Tuolumne,2021-03-26,277,28272,17,7586,237,20440,23,246,115,7078,148,10550,139,17628,California
Tuolumne,2021-03-27,600,28872,63,7649,537,20977,0,246,317,7126,270,10820,318,17946,California
Tuolumne,2021-03-28,46,28918,5,7654,41,21018,0,246,7,7096,38,10858,8,17954,California
Tuolumne,2021-03-29,208,29126,83,7737,125,21143,0,246,109,7111,94,10952,109,18063,California
Tuolumne,2021-03-30,162,29288,9,7746,152,21295,1,247,118,7187,43,10995,119,18182,California
Tuolumne,2021-03-31,94,29382,13,7759,79,21374,2,249,37,7171,55,11050,39,18221,California
Tuolumne,2021-04-01,1259,30641,33,7792,1226,22600,0,249,227,6387,1011,12061,227,18448,California
Tuolumne,2021-04-02,165,30806,9,7801,130,22730,26,275,90,6430,73,12134,116,18564,California
Tuolumne,2021-04-03,435,31241,36,7837,398,23128,1,276,239,6486,183,12317,239,18803,California
Tuolumne,2021-04-04,33,31274,3,7840,30,23158,0,276,20,6495,11,12328,20,18823,California
Tuolumne,2021-04-05,134,31408,20,7860,107,23265,7,283,59,6488,73,12401,66,18889,California
Tuolumne,2021-04-06,652,32060,516,8376,109,23374,27,310,516,6897,135,12536,544,19433,California
Tuolumne,2021-04-07,128,32188,37,8413,75,23449,16,326,50,6885,78,12614,66,19499,California
Tuolumne,2021-04-08,1462,33650,43,8456,1404,24853,15,341,248,5967,1181,13795,263,19762,California
Tuolumne,2021-04-09,277,33927,43,8499,191,25044,43,384,133,6004,142,13937,179,19941,California
Tuolumne,2021-04-10,55,33982,2,8501,33,25077,20,404,22,6014,32,13969,42,19983,California
Tuolumne,2021-04-11,18,34000,3,8504,12,25089,3,407,12,6023,6,13975,15,19998,California
Tuolumne,2021-04-12,174,34174,66,8570,103,25192,5,412,90,6041,77,14052,95,20093,California
Tuolumne,2021-04-13,793,34967,39,8609,754,25946,0,412,171,5607,605,14657,171,20264,California
Tuolumne,2021-04-14,158,35125,31,8640,127,26073,0,412,79,5612,75,14732,80,20344,California
Tuolumne,2021-04-15,345,35470,21,8661,324,26397,0,412,60,5394,278,15010,60,20404,California
Tuolumne,2021-04-16,258,35728,53,8714,205,26602,0,412,143,5435,102,15112,143,20547,California
Tuolumne,2021-04-17,44,35772,5,8719,39,26641,0,412,27,5445,17,15129,27,20574,California
Tuolumne,2021-04-18,9,35781,2,8721,7,26648,0,412,5,5447,4,15133,6,20580,California
Tuolumne,2021-04-19,177,35958,79,8800,98,26746,0,412,99,5470,76,15209,99,20679,California
Tuolumne,2021-04-20,714,36672,616,9416,98,26844,0,412,74,4920,624,15833,74,20753,California
Tuolumne,2021-04-21,118,36790,25,9441,93,26937,0,412,62,4931,51,15884,62,20815,California
Tuolumne,2021-04-22,712,37502,46,9487,666,27603,0,412,430,5091,271,16155,431,21246,California
Tuolumne,2021-04-23,174,37676,30,9517,144,27747,0,412,82,5085,88,16243,82,21328,California
Tuolumne,2021-04-24,78,37754,17,9534,61,27808,0,412,49,5105,29,16272,49,21377,California
Tuolumne,2021-04-25,25,37779,9,9543,16,27824,0,412,22,5124,3,16275,22,21399,California
Tuolumne,2021-04-26,157,37936,56,9599,101,27925,0,412,73,5115,83,16358,74,21473,California
Tuolumne,2021-04-27,139,38075,22,9621,110,28035,7,419,64,5115,71,16429,71,21544,California
Tuolumne,2021-04-28,112,38187,21,9642,80,28115,11,430,59,5133,52,16481,70,21614,California
Tuolumne,2021-04-29,278,38465,17,9659,253,28368,8,438,54,4977,218,16699,62,21676,California
Tuolumne,2021-04-30,376,38841,30,9689,334,28702,12,450,71,4777,283,16982,83,21759,California
Tuolumne,2021-05-01,25,38866,7,9696,13,28715,5,455,16,4789,9,16991,21,21780,California
Tuolumne,2021-05-02,26,38892,3,9699,21,28736,2,457,19,4803,7,16998,21,21801,California
Tuolumne,2021-05-03,111,39003,14,9713,92,28828,5,462,36,4771,73,17071,41,21842,California
Tuolumne,2021-05-04,709,39712,602,10315,103,28931,4,466,215,4499,490,17561,218,22060,California
Tuolumne,2021-05-05,109,39821,26,10341,77,29008,6,472,56,4513,48,17609,62,22122,California
Tuolumne,2021-05-06,287,40108,12,10353,259,29267,16,488,41,4327,242,17851,56,22178,California
Tuolumne,2021-05-07,330,40438,26,10379,296,29563,8,496,71,4151,255,18106,79,22257,California
Tuolumne,2021-05-08,46,40484,6,10385,36,29599,4,500,31,4171,15,18121,35,22292,California
Tuolumne,2021-05-09,17,40501,2,10387,13,29612,2,502,3,4162,14,18135,5,22297,California
Tuolumne,2021-05-10,113,40614,44,10431,63,29675,6,508,32,4120,80,18215,38,22335,California
Tuolumne,2021-05-11,204,40818,63,10494,128,29803,13,521,55,4040,147,18362,67,22402,California
Tuolumne,2021-05-12,131,40949,20,10514,107,29910,4,525,49,4013,80,18442,53,22455,California
Tuolumne,2021-05-13,116,41065,18,10532,90,30000,8,533,72,4048,44,18486,79,22534,California
Tuolumne,2021-05-14,208,41273,76,10608,121,30121,11,544,107,4067,98,18584,117,22651,California
Tuolumne,2021-05-15,56,41329,14,10622,35,30156,7,551,18,4055,38,18622,26,22677,California
Tuolumne,2021-05-16,26,41355,8,10630,16,30172,2,553,13,4057,13,18635,15,22692,California
Tuolumne,2021-05-17,111,41466,30,10660,78,30250,3,556,47,4046,62,18697,51,22743,California
Tuolumne,2021-05-18,178,41644,54,10714,77,30327,47,603,58,4032,119,18816,105,22848,California
Tuolumne,2021-05-19,119,41763,20,10734,66,30393,33,636,47,4041,71,18887,80,22928,California
Tuolumne,2021-05-20,405,42168,18,10752,382,30775,5,641,52,3747,351,19238,57,22985,California
Tuolumne,2021-05-21,199,42367,91,10843,103,30878,5,646,119,3795,76,19314,124,23109,California
Tuolumne,2021-05-22,56,42423,17,10860,34,30912,5,651,24,3792,31,19345,28,23137,California
Tuolumne,2021-05-23,27,42450,7,10867,19,30931,1,652,10,3786,17,19362,11,23148,California
Tuolumne,2021-05-24,134,42584,41,10908,87,31018,6,658,51,3761,82,19444,57,23205,California
Tuolumne,2021-05-25,294,42878,219,11127,69,31087,6,664,110,3694,183,19627,116,23321,California
Tuolumne,2021-05-26,87,42965,23,11150,62,31149,2,666,37,3683,50,19677,39,23360,California
Tuolumne,2021-05-27,73,43038,13,11163,57,31206,3,669,29,3672,43,19720,32,23392,California
Tuolumne,2021-05-28,111,43149,53,11216,57,31263,1,670,65,3694,44,19764,66,23458,California
Tuolumne,2021-05-29,38,43187,7,11223,25,31288,6,676,17,3696,21,19785,23,23481,California
Tuolumne,2021-05-30,18,43205,1,11224,14,31302,3,679,4,3689,14,19799,7,23488,California
Tuolumne,2021-05-31,10,43215,2,11226,7,31309,1,680,2,3684,8,19807,3,23491,California
Tuolumne,2021-06-01,76,43291,20,11246,52,31361,4,684,22,3657,53,19860,26,23517,California
Tuolumne,2021-06-02,73,43364,7,11253,58,31419,8,692,23,3639,49,19909,31,23548,California
Tuolumne,2021-06-03,75,43439,25,11278,35,31454,15,707,23,3626,51,19960,38,23586,California
Tuolumne,2021-06-04,132,43571,62,11340,67,31521,3,710,38,3575,92,20052,41,23627,California
Tuolumne,2021-06-05,40,43611,10,11350,28,31549,2,712,16,3570,23,20075,18,23645,California
Tuolumne,2021-06-06,19,43630,5,11355,7,31556,7,719,5,3568,14,20089,12,23657,California
Tuolumne,2021-06-07,59,43689,14,11369,37,31593,8,727,26,3569,33,20122,34,23691,California
Tuolumne,2021-06-08,74,43763,23,11392,50,31643,1,728,27,3553,44,20166,28,23719,California
Tuolumne,2021-06-09,87,43850,45,11437,32,31675,10,738,40,3558,45,20211,50,23769,California
Tuolumne,2021-06-10,96,43946,15,11452,74,31749,7,745,26,3521,70,20281,33,23802,California
Tuolumne,2021-06-11,102,44048,49,11501,50,31799,3,748,28,3479,73,20354,31,23833,California
Tuolumne,2021-06-12,59,44107,18,11519,25,31824,16,764,17,3472,40,20394,33,23866,California
Tuolumne,2021-06-13,17,44124,2,11521,10,31834,5,769,3,3466,14,20408,8,23874,California
Tuolumne,2021-06-14,48,44172,26,11547,19,31853,3,772,22,3465,26,20434,25,23899,California
Ventura,2020-12-15,5,5,5,5,0,0,0,0,5,5,0,0,5,5,California
Ventura,2020-12-16,74,79,74,79,0,0,0,0,74,79,0,0,74,79,California
Ventura,2020-12-17,250,329,250,329,0,0,0,0,250,329,0,0,250,329,California
Ventura,2020-12-18,1412,1741,1412,1741,0,0,0,0,1412,1741,0,0,1412,1741,California
Ventura,2020-12-19,913,2654,913,2654,0,0,0,0,913,2654,0,0,913,2654,California
Ventura,2020-12-20,429,3083,429,3083,0,0,0,0,429,3083,0,0,429,3083,California
Ventura,2020-12-21,1464,4547,1464,4547,0,0,0,0,1464,4547,0,0,1464,4547,California
Ventura,2020-12-22,1104,5651,1100,5647,4,4,0,0,1104,5651,0,0,1104,5651,California
Ventura,2020-12-23,1032,6683,982,6629,50,54,0,0,1032,6683,0,0,1032,6683,California
Ventura,2020-12-24,474,7157,377,7006,97,151,0,0,474,7157,0,0,474,7157,California
Ventura,2020-12-25,12,7169,7,7013,5,156,0,0,12,7169,0,0,12,7169,California
Ventura,2020-12-26,116,7285,95,7108,21,177,0,0,116,7285,0,0,116,7285,California
Ventura,2020-12-27,60,7345,29,7137,31,208,0,0,60,7345,0,0,60,7345,California
Ventura,2020-12-28,1071,8416,930,8067,141,349,0,0,1071,8416,0,0,1071,8416,California
Ventura,2020-12-29,1181,9597,773,8840,408,757,0,0,1181,9597,0,0,1181,9597,California
Ventura,2020-12-30,1990,11587,1527,10367,463,1220,0,0,1990,11587,0,0,1990,11587,California
Ventura,2020-12-31,480,12067,162,10529,318,1538,0,0,475,12057,5,5,475,12062,California
Ventura,2021-01-01,34,12101,13,10542,21,1559,0,0,34,12091,0,5,34,12096,California
Ventura,2021-01-02,172,12273,77,10619,95,1654,0,0,172,12263,0,5,172,12268,California
Ventura,2021-01-03,18,12291,8,10627,10,1664,0,0,18,12281,0,5,18,12286,California
Ventura,2021-01-04,1099,13390,556,11183,543,2207,0,0,1098,13379,0,5,1098,13384,California
Ventura,2021-01-05,1379,14769,782,11965,597,2804,0,0,1334,14668,45,50,1334,14718,California
Ventura,2021-01-06,2047,16816,1168,13133,879,3683,0,0,1621,15874,417,467,1623,16341,California
Ventura,2021-01-07,2063,18879,1319,14452,744,4427,0,0,1179,16173,881,1348,1180,17521,California
Ventura,2021-01-08,2197,21076,1475,15927,722,5149,0,0,907,15793,1288,2636,908,18429,California
Ventura,2021-01-09,718,21794,497,16424,221,5370,0,0,316,15707,402,3038,316,18745,California
Ventura,2021-01-10,341,22135,324,16748,17,5387,0,0,127,15620,214,3252,127,18872,California
Ventura,2021-01-11,2445,24580,1492,18240,953,6340,0,0,1489,16157,956,4208,1493,20365,California
Ventura,2021-01-12,3041,27621,1609,19849,1432,7772,0,0,2012,17140,1029,5237,2012,22377,California
Ventura,2021-01-13,2930,30551,1434,21283,1496,9268,0,0,2040,18294,887,6124,2041,24418,California
Ventura,2021-01-14,2728,33279,1053,22336,1675,10943,0,0,2284,20136,443,6567,2285,26703,California
Ventura,2021-01-15,2885,36164,965,23301,1920,12863,0,0,2670,22592,215,6782,2671,29374,California
Ventura,2021-01-16,479,36643,187,23488,292,13155,0,0,400,22913,79,6861,400,29774,California
Ventura,2021-01-17,263,36906,144,23632,119,13274,0,0,254,23159,8,6869,254,30028,California
Ventura,2021-01-18,2214,39120,1671,25303,543,13817,0,0,1667,24281,546,7415,1668,31696,California
Ventura,2021-01-19,3046,42166,2128,27431,918,14735,0,0,2148,25534,898,8313,2151,33847,California
Ventura,2021-01-20,4097,46263,3153,30584,944,15679,0,0,3038,27517,1056,9369,3039,36886,California
Ventura,2021-01-21,3861,50124,2701,33285,1160,16839,0,0,3182,30031,671,10040,3185,40071,California
Ventura,2021-01-22,3586,53710,2477,35762,1109,17948,0,0,3420,33287,166,10206,3422,43493,California
Ventura,2021-01-23,1146,54856,630,36392,516,18464,0,0,1049,34242,96,10302,1051,44544,California
Ventura,2021-01-24,451,55307,135,36527,316,18780,0,0,438,34667,13,10315,438,44982,California
Ventura,2021-01-25,3118,58425,2010,38537,1108,19888,0,0,2564,36679,553,10868,2565,47547,California
Ventura,2021-01-26,3689,62114,2209,40746,1480,21368,0,0,2683,38360,1003,11871,2684,50231,California
Ventura,2021-01-27,3444,65558,1551,42297,1893,23261,0,0,2694,40309,747,12618,2696,52927,California
Ventura,2021-01-28,3834,69392,1984,44281,1850,25111,0,0,3213,42918,606,13224,3215,56142,California
Ventura,2021-01-29,4262,73654,2526,46807,1736,26847,0,0,3760,46192,490,13714,3764,59906,California
Ventura,2021-01-30,3035,76689,1971,48778,1064,27911,0,0,2864,48890,167,13881,2865,62771,California
Ventura,2021-01-31,809,77498,426,49204,383,28294,0,0,722,49526,86,13967,722,63493,California
Ventura,2021-02-01,3957,81455,2114,51318,1843,30137,0,0,3175,51928,775,14742,3177,66670,California
Ventura,2021-02-02,4381,85836,2346,53664,2035,32172,0,0,3353,54259,1024,15766,3355,70025,California
Ventura,2021-02-03,4421,90257,2079,55743,2342,34514,0,0,3412,56668,1004,16770,3413,73438,California
Ventura,2021-02-04,4783,95040,2289,58032,2494,37008,0,0,3505,58907,1270,18040,3509,76947,California
Ventura,2021-02-05,4833,99873,2326,60358,2507,39515,0,0,3336,60761,1484,19524,3338,80285,California
Ventura,2021-02-06,2807,102680,1502,61860,1305,40820,0,0,2409,62773,397,19921,2409,82694,California
Ventura,2021-02-07,713,103393,238,62098,475,41295,0,0,584,63229,129,20050,585,83279,California
Ventura,2021-02-08,3531,106924,1642,63740,1889,43184,0,0,2437,64578,1089,21139,2438,85717,California
Ventura,2021-02-09,4698,111622,1963,65703,2735,45919,0,0,2449,64784,2246,23385,2452,88169,California
Ventura,2021-02-10,4683,116305,2221,67924,2462,48381,0,0,2374,64862,2297,25682,2375,90544,California
Ventura,2021-02-11,4645,120950,1862,69786,2783,51164,0,0,2428,65084,2209,27891,2431,92975,California
Ventura,2021-02-12,6282,127232,2647,72433,3635,54799,0,0,3218,65245,3057,30948,3218,96193,California
Ventura,2021-02-13,3264,130496,1813,74246,1451,56250,0,0,1826,65639,1434,32382,1828,98021,California
Ventura,2021-02-14,1205,131701,122,74368,1083,57333,0,0,995,66425,210,32592,996,99017,California
Ventura,2021-02-15,3967,135668,1785,76153,2182,59515,0,0,2104,66669,1860,34452,2104,101121,California
Ventura,2021-02-16,5526,141194,2695,78848,2831,62346,0,0,2998,67149,2518,36970,2998,104119,California
Ventura,2021-02-17,5270,146464,1903,80751,3367,65713,0,0,3326,68540,1935,38905,3326,107445,California
Ventura,2021-02-18,5753,152217,1814,82565,3939,69652,0,0,3637,70074,2103,41008,3637,111082,California
Ventura,2021-02-19,6455,158672,3756,86321,2699,72351,0,0,3002,69632,3447,44455,3005,114087,California
Ventura,2021-02-20,4922,163594,3167,89488,1755,74106,0,0,2753,70229,2160,46615,2757,116844,California
Ventura,2021-02-21,1075,164669,790,90278,285,74391,0,0,443,70045,627,47242,443,117287,California
Ventura,2021-02-22,5398,170067,2410,92688,2988,77379,0,0,3461,71579,1928,49170,3462,120749,California
Ventura,2021-02-23,5920,175987,2942,95630,2978,80357,0,0,3412,72503,2490,51660,3414,124163,California
Ventura,2021-02-24,7048,183035,2610,98240,4438,84795,0,0,4254,73982,2777,54437,4256,128419,California
Ventura,2021-02-25,7538,190573,2559,100799,4979,89774,0,0,4575,75609,2950,57387,4577,132996,California
Ventura,2021-02-26,9422,199995,2765,103564,6657,96431,0,0,6176,78568,3221,60608,6180,139176,California
Ventura,2021-02-27,10556,210551,5268,108832,5288,101719,0,0,7946,83931,2593,63201,7956,147132,California
Ventura,2021-02-28,2523,213074,1615,110447,907,102626,1,1,2064,85545,450,63651,2064,149196,California
Ventura,2021-03-01,7118,220192,2832,113279,4284,106910,2,3,4726,87910,2376,66027,4741,153937,California
Ventura,2021-03-02,7699,227891,4032,117311,3665,110575,2,5,5400,91022,2288,68315,5400,159337,California
Ventura,2021-03-03,8643,236534,3907,121218,4733,115308,3,8,6103,94610,2522,70837,6110,165447,California
Ventura,2021-03-04,8286,244820,3873,125091,4413,119721,0,8,5597,97537,2672,73509,5599,171046,California
Ventura,2021-03-05,10075,254895,4817,129908,5248,124969,10,18,7189,101874,2870,76379,7207,178253,California
Ventura,2021-03-06,7734,262629,4392,134300,3189,128158,153,171,5782,105867,1944,78323,5937,184190,California
Ventura,2021-03-07,1646,264275,609,134909,937,129095,100,271,1236,106793,410,78733,1336,185526,California
Ventura,2021-03-08,6834,271109,3439,138348,3241,132336,154,425,4727,109577,2100,80833,4884,190410,California
Ventura,2021-03-09,6831,277940,3014,141362,3623,135959,194,619,3968,110893,2850,83683,4166,194576,California
Ventura,2021-03-10,7002,284942,3015,144377,3747,139706,240,859,4685,113515,2302,85985,4924,199500,California
Ventura,2021-03-11,6507,291449,2886,147263,3309,143015,312,1171,3550,114434,2941,88926,3860,203360,California
Ventura,2021-03-12,8666,300115,3039,150302,4783,147798,844,2015,4244,115115,4405,93331,5086,208446,California
Ventura,2021-03-13,7230,307345,2499,152801,3893,151691,838,2853,4303,117339,2918,96249,5142,213588,California
Ventura,2021-03-14,2105,309450,465,153266,1140,152831,500,3353,705,117147,1398,97647,1206,214794,California
Ventura,2021-03-15,7056,316506,2036,155302,3670,156501,1350,4703,3121,117701,3912,101559,4466,219260,California
Ventura,2021-03-16,8102,324608,2450,157752,4538,161039,1114,5817,4171,119066,3918,105477,5283,224543,California
Ventura,2021-03-17,7691,332299,2770,160522,4576,165615,345,6162,4686,121115,2983,108460,5032,229575,California
Ventura,2021-03-18,7376,339675,3264,163786,3964,169579,148,6310,4811,123521,2552,111012,4958,234533,California
Ventura,2021-03-19,8627,348302,3784,167570,4732,174311,111,6421,5229,125486,3373,114385,5338,239871,California
Ventura,2021-03-20,8685,356987,5739,173309,2923,177234,23,6444,4424,125696,4238,118623,4448,244319,California
Ventura,2021-03-21,2781,359768,1516,174825,893,178127,372,6816,1310,125917,1457,120080,1678,245997,California
Ventura,2021-03-22,7395,367163,3677,178502,3615,181742,103,6919,4884,128414,2492,122572,4989,250986,California
Ventura,2021-03-23,8212,375375,3908,182410,4232,185974,72,6991,4603,129507,3580,126152,4673,255659,California
Ventura,2021-03-24,8925,384300,3406,185816,5443,191417,76,7067,4472,129635,4422,130574,4550,260209,California
Ventura,2021-03-25,8815,393115,3903,189719,4811,196228,101,7168,4461,129861,4335,134909,4561,264770,California
Ventura,2021-03-26,9927,403042,3364,193083,5907,202135,656,7824,3975,128568,5922,140831,4629,269399,California
Ventura,2021-03-27,8476,411518,3924,197007,4514,206649,38,7862,2401,124963,6045,146876,2440,271839,California
Ventura,2021-03-28,2507,414025,1407,198414,1092,207741,8,7870,1355,125180,1146,148022,1363,273202,California
Ventura,2021-03-29,8577,422602,4320,202734,4211,211952,46,7916,4257,125192,4291,152313,4303,277505,California
Ventura,2021-03-30,8976,431578,4457,207191,4391,216343,128,8044,4371,125100,4590,156903,4498,282003,California
Ventura,2021-03-31,10776,442354,4862,212053,5288,221631,626,8670,4655,124285,6094,162997,5279,287282,California
Ventura,2021-04-01,10846,453200,5280,217333,4688,226319,878,9548,5448,125250,5355,168352,6320,293602,California
Ventura,2021-04-02,11774,464974,4632,221965,5804,232123,1338,10886,5627,126103,6113,174465,6966,300568,California
Ventura,2021-04-03,8092,473066,4018,225983,2900,235023,1174,12060,3421,126031,4659,179124,4587,305155,California
Ventura,2021-04-04,1705,474771,953,226936,617,235640,135,12195,1145,126757,554,179678,1280,306435,California
Ventura,2021-04-05,9384,484155,4848,231784,3421,239061,1115,13310,4777,128052,4595,184273,5890,312325,California
Ventura,2021-04-06,10921,495076,5562,237346,3869,242930,1490,14800,5624,129893,5270,189543,7111,319436,California
Ventura,2021-04-07,11474,506550,5393,242739,4578,247508,1503,16303,5256,130446,6199,195742,6752,326188,California
Ventura,2021-04-08,10435,516985,5276,248015,4175,251683,984,17287,5207,131423,5205,200947,6182,332370,California
Ventura,2021-04-09,11327,528312,4364,252379,5235,256918,1728,19015,4948,131737,6354,207301,6668,339038,California
Ventura,2021-04-10,9572,537884,3884,256263,3523,260441,2165,21180,3150,130644,6403,213704,5310,344348,California
Ventura,2021-04-11,2439,540323,853,257116,1010,261451,576,21756,682,130153,1747,215451,1256,345604,California
Ventura,2021-04-12,9029,549352,4500,261616,3695,265146,834,22590,3774,129519,5238,220689,4604,350208,California
Ventura,2021-04-13,8880,558232,4503,266119,4371,269517,6,22596,3774,128235,5067,225756,3783,353991,California
Ventura,2021-04-14,8812,567044,4120,270239,4677,274194,15,22611,3398,126282,5376,231132,3423,357414,California
Ventura,2021-04-15,9412,576456,4567,274806,4820,279014,25,22636,4119,125189,5264,236396,4171,361585,California
Ventura,2021-04-16,10132,586588,4456,279262,5674,284688,2,22638,4778,124669,5334,241730,4814,366399,California
Ventura,2021-04-17,8754,595342,5316,284578,3424,288112,14,22652,5083,126112,3654,245384,5097,371496,California
Ventura,2021-04-18,2116,597458,1002,285580,1114,289226,0,22652,903,125808,1207,246591,903,372399,California
Ventura,2021-04-19,8061,605519,4836,290416,3223,292449,2,22654,4637,127047,3401,249992,4640,377039,California
Ventura,2021-04-20,9281,614800,4906,295322,4370,296819,5,22659,4365,126525,4892,254884,4370,381409,California
Ventura,2021-04-21,8910,623710,4563,299885,4342,301161,5,22664,4240,126115,4656,259540,4246,385655,California
Ventura,2021-04-22,10048,633758,5487,305372,4561,305722,0,22664,4473,125034,5555,265095,4474,390129,California
Ventura,2021-04-23,10836,644594,5375,310747,5460,311182,1,22665,5415,125056,5394,270489,5416,395545,California
Ventura,2021-04-24,10431,655025,5885,316632,4546,315728,0,22665,6136,126914,4279,274768,6137,401682,California
Ventura,2021-04-25,2471,657496,1711,318343,760,316488,0,22665,1155,126756,1313,276081,1155,402837,California
Ventura,2021-04-26,7910,665406,4528,322871,3315,319803,67,22732,3301,125540,4579,280660,3363,406200,California
Ventura,2021-04-27,9109,674515,5087,327958,3797,323600,225,22957,3428,123527,5664,286324,3651,409851,California
Ventura,2021-04-28,8302,682817,4816,332774,3168,326768,318,23275,3264,122094,5016,291340,3583,413434,California
Ventura,2021-04-29,7812,690629,4213,336987,3335,330103,264,23539,2790,120152,4995,296335,3053,416487,California
Ventura,2021-04-30,9370,699999,5432,342419,3664,333767,274,23813,3895,118868,5442,301777,4158,420645,California
Ventura,2021-05-01,5022,705021,3616,346035,1303,335070,103,23916,1947,117866,3051,304828,2049,422694,California
Ventura,2021-05-02,2115,707136,1419,347454,608,335678,88,24004,1025,117894,1086,305914,1114,423808,California
Ventura,2021-05-03,6237,713373,3859,351313,2099,337777,279,24283,1964,115882,4254,310168,2242,426050,California
Ventura,2021-05-04,6295,719668,3286,354599,2716,340493,293,24576,2300,114494,3981,314149,2593,428643,California
Ventura,2021-05-05,5326,724994,2981,357580,2087,342580,258,24834,1916,113278,3384,317533,2168,430811,California
Ventura,2021-05-06,6195,731189,3203,360783,2724,345304,268,25102,2004,111379,4172,321705,2273,433084,California
Ventura,2021-05-07,6744,737933,3356,364139,3117,348421,271,25373,2330,109594,4386,326091,2601,435685,California
Ventura,2021-05-08,5346,743279,4144,368283,1041,349462,161,25534,1220,106862,4111,330202,1379,437064,California
Ventura,2021-05-09,1030,744309,724,369007,260,349722,46,25580,388,106659,636,330838,433,437497,California
Ventura,2021-05-10,6088,750397,4079,373086,1797,351519,212,25792,1398,103589,4679,335517,1609,439106,California
Ventura,2021-05-11,5275,755672,3263,376349,1787,353306,225,26017,1538,101624,3727,339244,1762,440868,California
Ventura,2021-05-12,4934,760606,2862,379211,1855,355161,217,26234,1554,100031,3365,342609,1772,442640,California
Ventura,2021-05-13,6224,766830,3749,382960,2264,357425,211,26445,2235,98504,3975,346584,2448,445088,California
Ventura,2021-05-14,7246,774076,4457,387417,2586,360011,203,26648,2760,96996,4467,351051,2959,448047,California
Ventura,2021-05-15,6619,780695,5356,392773,1178,361189,85,26733,2837,96157,3762,354813,2923,450970,California
Ventura,2021-05-16,2164,782859,1675,394448,436,361625,53,26786,1020,96091,1139,355952,1073,452043,California
Ventura,2021-05-17,5833,788692,3547,397995,2072,363697,214,27000,2437,95363,3378,359330,2650,454693,California
Ventura,2021-05-18,5362,794054,3167,401162,2016,365713,179,27179,2165,94529,3177,362507,2343,457036,California
Ventura,2021-05-19,5794,799848,3519,404681,2065,367778,210,27389,2389,93745,3379,365886,2595,459631,California
Ventura,2021-05-20,5429,805277,3024,407705,2247,370025,158,27547,2157,92813,3243,369129,2311,461942,California
Ventura,2021-05-21,7909,813186,4460,412165,3274,373299,175,27722,2619,90347,5259,374388,2793,464735,California
Ventura,2021-05-22,5602,818788,2846,415011,2681,375980,75,27797,1789,88407,3804,378192,1864,466599,California
Ventura,2021-05-23,1931,820719,1473,416484,387,376367,71,27868,730,88013,1195,379387,801,467400,California
Ventura,2021-05-24,4508,825227,2435,418919,1907,378274,166,28034,1454,86593,3037,382424,1617,469017,California
Ventura,2021-05-25,4271,829498,2209,421128,1910,380184,152,28186,1433,85357,2820,385244,1584,470601,California
Ventura,2021-05-26,4258,833756,2268,423396,1827,382011,163,28349,1665,84611,2574,387818,1828,472429,California
Ventura,2021-05-27,3849,837605,1895,425291,1826,383837,128,28477,1394,83690,2442,390260,1521,473950,California
Ventura,2021-05-28,4495,842100,2475,427766,1828,385665,192,28669,1982,83362,2499,392759,2171,476121,California
Ventura,2021-05-29,2140,844240,1336,429102,737,386402,67,28736,1047,83394,1082,393841,1114,477235,California
Ventura,2021-05-30,900,845140,578,429680,269,386671,53,28789,371,83291,527,394368,424,477659,California
Ventura,2021-05-31,254,845394,136,429816,108,386779,10,28799,60,83167,194,394562,70,477729,California
Ventura,2021-06-01,3914,849308,2270,432086,1479,388258,165,28964,1302,82039,2595,397157,1467,479196,California
Ventura,2021-06-02,2930,852238,1625,433711,1170,389428,135,29099,1026,81309,1891,399048,1161,480357,California
Ventura,2021-06-03,3207,855445,1994,435705,1061,390489,152,29251,919,80103,2277,401325,1071,481428,California
Ventura,2021-06-04,4528,859973,3000,438705,1368,391857,160,29411,1491,78730,3024,404349,1651,483079,California
Ventura,2021-06-05,3799,863772,3171,441876,565,392422,63,29474,1169,77345,2617,406966,1232,484311,California
Ventura,2021-06-06,1244,865016,1061,442937,138,392560,45,29519,294,76743,940,407906,338,484649,California
Ventura,2021-06-07,3156,868172,2351,445288,698,393258,107,29626,961,75630,2181,410087,1068,485717,California
Ventura,2021-06-08,2973,871145,1980,447268,863,394121,130,29756,887,74570,2077,412164,1017,486734,California
Ventura,2021-06-09,2923,874068,2034,449302,783,394904,106,29862,758,73278,2155,414319,863,487597,California
Ventura,2021-06-10,3017,877085,2109,451411,806,395710,102,29964,820,72012,2187,416506,921,488518,California
Ventura,2021-06-11,3285,880370,2231,453642,936,396646,118,30082,927,70709,2348,418854,1045,489563,California
Ventura,2021-06-12,2128,882498,1667,455309,416,397062,45,30127,517,69666,1605,420459,562,490125,California
Ventura,2021-06-13,932,883430,717,456026,161,397223,54,30181,214,69217,717,421176,268,490393,California
Ventura,2021-06-14,1177,884607,689,456715,431,397654,57,30238,340,68787,824,422000,394,490787,California
Yolo,2020-12-15,39,39,39,39,0,0,0,0,39,39,0,0,39,39,California
Yolo,2020-12-16,78,117,78,117,0,0,0,0,78,117,0,0,78,117,California
Yolo,2020-12-17,106,223,106,223,0,0,0,0,106,223,0,0,106,223,California
Yolo,2020-12-18,229,452,229,452,0,0,0,0,229,452,0,0,229,452,California
Yolo,2020-12-19,86,538,86,538,0,0,0,0,86,538,0,0,86,538,California
Yolo,2020-12-20,103,641,103,641,0,0,0,0,103,641,0,0,103,641,California
Yolo,2020-12-21,255,896,255,896,0,0,0,0,255,896,0,0,255,896,California
Yolo,2020-12-22,384,1280,383,1279,1,1,0,0,384,1280,0,0,384,1280,California
Yolo,2020-12-23,438,1718,419,1698,19,20,0,0,438,1718,0,0,438,1718,California
Yolo,2020-12-24,154,1872,96,1794,58,78,0,0,154,1872,0,0,154,1872,California
Yolo,2020-12-25,1,1873,1,1795,0,78,0,0,1,1873,0,0,1,1873,California
Yolo,2020-12-26,75,1948,25,1820,50,128,0,0,75,1948,0,0,75,1948,California
Yolo,2020-12-27,47,1995,20,1840,27,155,0,0,47,1995,0,0,47,1995,California
Yolo,2020-12-28,353,2348,181,2021,172,327,0,0,353,2348,0,0,353,2348,California
Yolo,2020-12-29,491,2839,268,2289,223,550,0,0,491,2839,0,0,491,2839,California
Yolo,2020-12-30,630,3469,260,2549,370,920,0,0,630,3469,0,0,630,3469,California
Yolo,2020-12-31,186,3655,94,2643,92,1012,0,0,186,3655,0,0,186,3655,California
Yolo,2021-01-01,57,3712,55,2698,2,1014,0,0,57,3712,0,0,57,3712,California
Yolo,2021-01-02,70,3782,27,2725,43,1057,0,0,70,3782,0,0,70,3782,California
Yolo,2021-01-03,45,3827,19,2744,26,1083,0,0,45,3827,0,0,45,3827,California
Yolo,2021-01-04,190,4017,39,2783,151,1234,0,0,190,4017,0,0,190,4017,California
Yolo,2021-01-05,617,4634,238,3021,379,1613,0,0,555,4510,62,62,555,4572,California
Yolo,2021-01-06,485,5119,184,3205,301,1914,0,0,345,4715,140,202,345,4917,California
Yolo,2021-01-07,718,5837,231,3436,487,2401,0,0,529,5056,188,390,529,5446,California
Yolo,2021-01-08,634,6471,312,3748,322,2723,0,0,410,5243,223,613,410,5856,California
Yolo,2021-01-09,419,6890,69,3817,350,3073,0,0,373,5570,46,659,373,6229,California
Yolo,2021-01-10,403,7293,79,3896,324,3397,0,0,333,5833,70,729,333,6562,California
Yolo,2021-01-11,567,7860,330,4226,237,3634,0,0,289,5846,276,1005,289,6851,California
Yolo,2021-01-12,488,8348,370,4596,118,3752,0,0,175,5710,312,1317,176,7027,California
Yolo,2021-01-13,771,9119,312,4908,459,4211,0,0,520,5979,251,1568,520,7547,California
Yolo,2021-01-14,382,9501,182,5090,200,4411,0,0,278,6153,104,1672,278,7825,California
Yolo,2021-01-15,632,10133,324,5414,308,4719,0,0,550,6621,82,1754,550,8375,California
Yolo,2021-01-16,745,10878,92,5506,653,5372,0,0,714,7304,31,1785,714,9089,California
Yolo,2021-01-17,187,11065,118,5624,69,5441,0,0,180,7477,7,1792,180,9269,California
Yolo,2021-01-18,486,11551,306,5930,180,5621,0,0,381,7753,105,1897,381,9650,California
Yolo,2021-01-19,557,12108,371,6301,186,5807,0,0,383,7962,174,2071,383,10033,California
Yolo,2021-01-20,659,12767,380,6681,279,6086,0,0,472,8248,186,2257,472,10505,California
Yolo,2021-01-21,649,13416,386,7067,263,6349,0,0,463,8525,186,2443,463,10968,California
Yolo,2021-01-22,751,14167,252,7319,499,6848,0,0,635,9046,114,2557,635,11603,California
Yolo,2021-01-23,614,14781,123,7442,491,7339,0,0,566,9564,48,2605,566,12169,California
Yolo,2021-01-24,208,14989,123,7565,85,7424,0,0,167,9690,41,2646,167,12336,California
Yolo,2021-01-25,733,15722,158,7723,575,7999,0,0,512,9981,221,2867,512,12848,California
Yolo,2021-01-26,830,16552,329,8052,501,8500,0,0,434,10019,396,3263,434,13282,California
Yolo,2021-01-27,554,17106,220,8272,334,8834,0,0,377,10219,177,3440,377,13659,California
Yolo,2021-01-28,1052,18158,566,8838,486,9320,0,0,926,11020,125,3565,926,14585,California
Yolo,2021-01-29,900,19058,266,9104,634,9954,0,0,812,11746,87,3652,813,15398,California
Yolo,2021-01-30,1529,20587,929,10033,600,10554,0,0,1407,13037,116,3768,1407,16805,California
Yolo,2021-01-31,239,20826,201,10234,38,10592,0,0,212,13223,26,3794,212,17017,California
Yolo,2021-02-01,847,21673,361,10595,486,11078,0,0,613,13606,230,4024,613,17630,California
Yolo,2021-02-02,1343,23016,756,11351,587,11665,0,0,932,14128,411,4435,933,18563,California
Yolo,2021-02-03,1524,24540,399,11750,1125,12790,0,0,1183,14973,338,4773,1183,19746,California
Yolo,2021-02-04,1793,26333,281,12031,1512,14302,0,0,1235,15662,547,5320,1236,20982,California
Yolo,2021-02-05,1596,27929,909,12940,687,14989,0,0,1194,16456,401,5721,1195,22177,California
Yolo,2021-02-06,1950,29879,1265,14205,685,15674,0,0,1577,17661,373,6094,1578,23755,California
Yolo,2021-02-07,527,30406,247,14452,280,15954,0,0,169,17473,357,6451,169,23924,California
Yolo,2021-02-08,947,31353,328,14780,619,16573,0,0,604,17737,340,6791,604,24528,California
Yolo,2021-02-09,861,32214,387,15167,474,17047,0,0,575,18026,286,7077,575,25103,California
Yolo,2021-02-10,1467,33681,477,15644,990,18037,0,0,829,18219,638,7715,831,25934,California
Yolo,2021-02-11,1578,35259,810,16454,768,18805,0,0,1183,19007,395,8110,1183,27117,California
Yolo,2021-02-12,1922,37181,763,17217,1159,19964,0,0,1445,19979,473,8583,1445,28562,California
Yolo,2021-02-13,2058,39239,712,17929,1346,21310,0,0,1384,20689,674,9257,1384,29946,California
Yolo,2021-02-14,562,39801,151,18080,411,21721,0,0,437,21002,124,9381,437,30383,California
Yolo,2021-02-15,545,40346,204,18284,341,22062,0,0,274,21006,271,9652,275,30658,California
Yolo,2021-02-16,1130,41476,425,18709,705,22767,0,0,805,21487,325,9977,806,31464,California
Yolo,2021-02-17,1385,42861,701,19410,684,23451,0,0,992,22086,393,10370,992,32456,California
Yolo,2021-02-18,2487,45348,811,20221,1676,25127,0,0,1716,23033,770,11140,1717,34173,California
Yolo,2021-02-19,1753,47101,748,20969,1005,26132,0,0,1128,23538,623,11763,1128,35301,California
Yolo,2021-02-20,2458,49559,956,21925,1502,27634,0,0,1373,23832,1080,12843,1374,36675,California
Yolo,2021-02-21,289,49848,228,22153,61,27695,0,0,75,23694,213,13056,75,36750,California
Yolo,2021-02-22,1369,51217,598,22751,771,28466,0,0,696,23718,672,13728,696,37446,California
Yolo,2021-02-23,1141,52358,854,23605,287,28753,0,0,441,23460,699,14427,441,37887,California
Yolo,2021-02-24,2088,54446,594,24199,1494,30247,0,0,1383,24140,703,15130,1383,39270,California
Yolo,2021-02-25,1393,55839,486,24685,907,31154,0,0,920,24588,472,15602,920,40190,California
Yolo,2021-02-26,2617,58456,1026,25711,1591,32745,0,0,1378,24730,1236,16838,1378,41568,California
Yolo,2021-02-27,1689,60145,790,26501,899,33644,0,0,1234,25509,455,17293,1234,42802,California
Yolo,2021-02-28,1834,61979,1534,28035,300,33944,0,0,718,25114,1114,18407,719,43521,California
Yolo,2021-03-01,1134,63113,371,28406,763,34707,0,0,684,25350,448,18855,684,44205,California
Yolo,2021-03-02,1477,64590,695,29101,782,35489,0,0,944,25761,533,19388,944,45149,California
Yolo,2021-03-03,1871,66461,647,29748,1224,36713,0,0,847,25587,1022,20410,848,45997,California
Yolo,2021-03-04,2919,69380,1475,31223,1444,38157,0,0,1567,25805,1349,21759,1567,47564,California
Yolo,2021-03-05,2358,71738,1412,32635,935,39092,11,11,1467,26394,889,22648,1478,49042,California
Yolo,2021-03-06,1497,73235,1149,33784,319,39411,29,40,854,26636,641,23289,883,49925,California
Yolo,2021-03-07,916,74151,682,34466,220,39631,14,54,783,27300,133,23422,797,50722,California
Yolo,2021-03-08,1110,75261,498,34964,569,40200,43,97,765,27766,343,23765,809,51531,California
Yolo,2021-03-09,1270,76531,679,35643,528,40728,63,160,779,28119,489,24254,842,52373,California
Yolo,2021-03-10,1821,78352,1061,36704,470,41198,290,450,753,28091,1064,25318,1036,53409,California
Yolo,2021-03-11,2347,80699,1610,38314,670,41868,67,517,1610,29033,736,26054,1678,55087,California
Yolo,2021-03-12,2903,83602,1351,39665,1471,43339,81,598,1369,28958,1525,27579,1450,56537,California
Yolo,2021-03-13,1844,85446,728,40393,940,44279,176,774,998,29289,843,28422,1174,57711,California
Yolo,2021-03-14,1016,86462,207,40600,660,44939,149,923,539,29495,476,28898,682,58393,California
Yolo,2021-03-15,1320,87782,769,41369,369,45308,182,1105,710,29776,608,29506,889,59282,California
Yolo,2021-03-16,1883,89665,723,42092,1088,46396,72,1177,1117,30199,766,30272,1189,60471,California
Yolo,2021-03-17,2507,92172,980,43072,1454,47850,73,1250,1718,31236,786,31058,1823,62294,California
Yolo,2021-03-18,3028,95200,1037,44109,1771,49621,220,1470,1256,30944,1768,32826,1476,63770,California
Yolo,2021-03-19,2093,97293,870,44979,1154,50775,69,1539,1088,31103,998,33824,1157,64927,California
Yolo,2021-03-20,2775,100068,823,45802,1908,52683,44,1583,1090,30560,1679,35503,1136,66063,California
Yolo,2021-03-21,315,100383,213,46015,94,52777,8,1591,207,30668,107,35610,215,66278,California
Yolo,2021-03-22,1405,101788,490,46505,856,53633,59,1650,920,31164,482,36092,978,67256,California
Yolo,2021-03-23,1735,103523,936,47441,743,54376,56,1706,1063,31611,671,36763,1118,68374,California
Yolo,2021-03-24,2875,106398,1408,48849,1417,55793,50,1756,1401,31601,1462,38225,1452,69826,California
Yolo,2021-03-25,2549,108947,1417,50266,1104,56897,28,1784,1250,31591,1288,39513,1278,71104,California
Yolo,2021-03-26,2391,111338,1258,51524,1114,58011,19,1803,1019,31264,1364,40877,1037,72141,California
Yolo,2021-03-27,1657,112995,465,51989,1175,59186,17,1820,750,31125,906,41783,767,72908,California
Yolo,2021-03-28,1111,114106,868,52857,225,59411,18,1838,250,30536,856,42639,267,73175,California
Yolo,2021-03-29,2015,116121,817,53674,1168,60579,30,1868,960,30475,1051,43690,990,74165,California
Yolo,2021-03-30,2275,118396,1085,54759,1171,61750,19,1887,1165,30554,1105,44795,1184,75349,California
Yolo,2021-03-31,2356,120752,1228,55987,1091,62841,37,1924,1176,30588,1179,45974,1213,76562,California
Yolo,2021-04-01,3853,124605,1863,57850,1516,64357,474,2398,1613,30437,2237,48211,2086,78648,California
Yolo,2021-04-02,3389,127994,1519,59369,1723,66080,147,2545,2104,31409,1279,49490,2251,80899,California
Yolo,2021-04-03,1825,129819,1102,60471,504,66584,219,2764,817,31438,1007,50497,1036,81935,California
Yolo,2021-04-04,394,130213,156,60627,176,66760,62,2826,146,31398,248,50745,208,82143,California
Yolo,2021-04-05,1919,132132,734,61361,1085,67845,100,2926,1017,31619,897,51642,1118,83261,California
Yolo,2021-04-06,2581,134713,1322,62683,1089,68934,170,3096,1300,31818,1272,52914,1471,84732,California
Yolo,2021-04-07,2990,137703,1526,64209,1109,70043,355,3451,1928,33049,1056,53970,2287,87019,California
Yolo,2021-04-08,2422,140125,1003,65212,945,70988,474,3925,1025,33150,1394,55364,1495,88514,California
Yolo,2021-04-09,2574,142699,922,66134,1086,72074,566,4491,851,32841,1719,57083,1410,89924,California
Yolo,2021-04-10,1760,144459,826,66960,751,72825,183,4674,1042,33350,715,57798,1224,91148,California
Yolo,2021-04-11,927,145386,287,67247,579,73404,61,4735,373,33232,551,58349,433,91581,California
Yolo,2021-04-12,1775,147161,526,67773,1105,74509,144,4879,1103,33810,669,59018,1247,92828,California
Yolo,2021-04-13,1985,149146,912,68685,1073,75582,0,4879,1045,33916,939,59957,1045,93873,California
Yolo,2021-04-14,2800,151946,769,69454,2031,77613,0,4879,1385,33893,1409,61366,1386,95259,California
Yolo,2021-04-15,3336,155282,1135,70589,2201,79814,0,4879,2293,35149,1037,62403,2293,97552,California
Yolo,2021-04-16,3050,158332,1971,72560,1079,80893,0,4879,1956,36017,1088,63491,1956,99508,California
Yolo,2021-04-17,1598,159930,468,73028,1130,82023,0,4879,828,36078,767,64258,828,100336,California
Yolo,2021-04-18,633,160563,304,73332,329,82352,0,4879,353,36156,276,64534,354,100690,California
Yolo,2021-04-19,1664,162227,713,74045,950,83302,1,4880,763,36024,896,65430,764,101454,California
Yolo,2021-04-20,2007,164234,1019,75064,988,84290,0,4880,1081,36181,924,66354,1081,102535,California
Yolo,2021-04-21,1971,166205,982,76046,989,85279,0,4880,1066,36347,900,67254,1066,103601,California
Yolo,2021-04-22,1933,168138,871,76917,1062,86341,0,4880,963,36346,965,68219,964,104565,California
Yolo,2021-04-23,2614,170752,1531,78448,1083,87424,0,4880,1157,36057,1446,69665,1157,105722,California
Yolo,2021-04-24,1164,171916,644,79092,518,87942,2,4882,460,35822,697,70362,462,106184,California
Yolo,2021-04-25,949,172865,407,79499,542,88484,0,4882,728,36330,220,70582,728,106912,California
Yolo,2021-04-26,1229,174094,485,79984,741,89225,3,4885,526,36160,700,71282,530,107442,California
Yolo,2021-04-27,1544,175638,724,80708,801,90026,19,4904,606,35849,938,72220,627,108069,California
Yolo,2021-04-28,2045,177683,1010,81718,1008,91034,27,4931,737,35309,1304,73524,764,108833,California
Yolo,2021-04-29,1754,179437,816,82534,856,91890,82,5013,696,35031,1055,74579,777,109610,California
Yolo,2021-04-30,2014,181451,996,83530,960,92850,58,5071,966,35012,1042,75621,1023,110633,California
Yolo,2021-05-01,1284,182735,995,84525,269,93119,20,5091,372,34493,911,76532,392,111025,California
Yolo,2021-05-02,520,183255,429,84954,68,93187,23,5114,324,34644,196,76728,347,111372,California
Yolo,2021-05-03,1120,184375,407,85361,680,93867,33,5147,299,34156,819,77547,331,111703,California
Yolo,2021-05-04,1447,185822,668,86029,755,94622,24,5171,502,33741,941,78488,526,112229,California
Yolo,2021-05-05,1555,187377,426,86455,1065,95687,64,5235,446,33149,1102,79590,510,112739,California
Yolo,2021-05-06,1494,188871,694,87149,720,96407,80,5315,485,32717,997,80587,565,113304,California
Yolo,2021-05-07,2310,191181,1391,88540,868,97275,51,5366,463,31390,1839,82426,512,113816,California
Yolo,2021-05-08,840,192021,358,88898,426,97701,56,5422,312,31232,525,82951,367,114183,California
Yolo,2021-05-09,395,192416,163,89061,219,97920,13,5435,89,31029,305,83256,102,114285,California
Yolo,2021-05-10,897,193313,352,89413,500,98420,45,5480,150,30478,745,84001,194,114479,California
Yolo,2021-05-11,1151,194464,664,90077,465,98885,22,5502,278,29908,870,84871,300,114779,California
Yolo,2021-05-12,1565,196029,700,90777,834,99719,31,5533,314,29008,1248,86119,348,115127,California
Yolo,2021-05-13,2170,198199,848,91625,1267,100986,55,5588,646,28189,1520,87639,701,115828,California
Yolo,2021-05-14,2033,200232,1517,93142,485,101471,31,5619,1156,28502,874,88513,1187,117015,California
Yolo,2021-05-15,1246,201478,710,93852,489,101960,47,5666,647,28597,599,89112,694,117709,California
Yolo,2021-05-16,1409,202887,1199,95051,204,102164,6,5672,989,29177,415,89527,995,118704,California
Yolo,2021-05-17,1079,203966,392,95443,668,102832,19,5691,315,28751,760,90287,334,119038,California
Yolo,2021-05-18,1685,205651,1105,96548,561,103393,19,5710,911,28912,769,91056,930,119968,California
Yolo,2021-05-19,996,206647,580,97128,380,103773,36,5746,486,28926,508,91564,522,120490,California
Yolo,2021-05-20,1090,207737,692,97820,372,104145,26,5772,390,28648,694,92258,416,120906,California
Yolo,2021-05-21,1437,209174,935,98755,476,104621,26,5798,374,27988,1058,93316,398,121304,California
Yolo,2021-05-22,816,209990,537,99292,271,104892,8,5806,281,27747,530,93846,289,121593,California
Yolo,2021-05-23,617,210607,164,99456,436,105328,17,5823,108,27364,508,94354,125,121718,California
Yolo,2021-05-24,706,211313,346,99802,340,105668,20,5843,221,27124,482,94836,242,121960,California
Yolo,2021-05-25,876,212189,507,100309,347,106015,22,5865,342,26960,528,95364,364,122324,California
Yolo,2021-05-26,808,212997,265,100574,510,106525,33,5898,255,26700,548,95912,288,122612,California
Yolo,2021-05-27,756,213753,379,100953,328,106853,49,5947,304,26605,448,96360,353,122965,California
Yolo,2021-05-28,863,214616,390,101343,444,107297,29,5976,371,26516,488,96848,399,123364,California
Yolo,2021-05-29,591,215207,341,101684,213,107510,37,6013,272,26506,317,97165,307,123671,California
Yolo,2021-05-30,126,215333,69,101753,51,107561,6,6019,54,26496,70,97235,60,123731,California
Yolo,2021-05-31,70,215403,18,101771,48,107609,4,6023,16,26461,54,97289,19,123750,California
Yolo,2021-06-01,746,216149,320,102091,401,108010,25,6048,254,26254,486,97775,279,124029,California
Yolo,2021-06-02,756,216905,301,102392,434,108444,21,6069,235,25992,518,98293,256,124285,California
Yolo,2021-06-03,916,217821,589,102981,304,108748,23,6092,216,25534,697,98990,239,124524,California
Yolo,2021-06-04,1493,219314,1216,104197,254,109002,23,6115,382,24831,1107,100097,404,124928,California
Yolo,2021-06-05,721,220035,551,104748,153,109155,17,6132,167,24461,554,100651,184,125112,California
Yolo,2021-06-06,1108,221143,1044,105792,57,109212,7,6139,175,23711,932,101583,182,125294,California
Yolo,2021-06-07,517,221660,271,106063,226,109438,20,6159,175,23567,338,101921,194,125488,California
Yolo,2021-06-08,1036,222696,807,106870,210,109648,19,6178,198,22947,837,102758,217,125705,California
Yolo,2021-06-09,771,223467,479,107349,263,109911,29,6207,255,22717,513,103271,283,125988,California
Yolo,2021-06-10,566,224033,360,107709,175,110086,31,6238,168,22520,396,103667,199,126187,California
Yolo,2021-06-11,600,224633,397,108106,177,110263,26,6264,171,22290,427,104094,197,126384,California
Yolo,2021-06-12,434,225067,274,108380,141,110404,19,6283,115,22108,316,104410,134,126518,California
Yolo,2021-06-13,153,225220,114,108494,38,110442,1,6284,63,22083,89,104499,64,126582,California
Yolo,2021-06-14,241,225461,144,108638,72,110514,25,6309,65,21998,176,104675,91,126673,California
Yuba,2020-12-16,4,4,4,4,0,0,0,0,4,4,0,0,4,4,California
Yuba,2020-12-17,4,8,4,8,0,0,0,0,4,8,0,0,4,8,California
Yuba,2020-12-18,7,15,7,15,0,0,0,0,7,15,0,0,7,15,California
Yuba,2020-12-19,12,27,12,27,0,0,0,0,12,27,0,0,12,27,California
Yuba,2020-12-20,19,46,19,46,0,0,0,0,19,46,0,0,19,46,California
Yuba,2020-12-21,40,86,40,86,0,0,0,0,40,86,0,0,40,86,California
Yuba,2020-12-22,85,171,85,171,0,0,0,0,85,171,0,0,85,171,California
Yuba,2020-12-23,65,236,63,234,2,2,0,0,65,236,0,0,65,236,California
Yuba,2020-12-24,21,257,11,245,10,12,0,0,21,257,0,0,21,257,California
Yuba,2020-12-26,14,271,13,258,1,13,0,0,14,271,0,0,14,271,California
Yuba,2020-12-27,15,286,15,273,0,13,0,0,15,286,0,0,15,286,California
Yuba,2020-12-28,50,336,34,307,16,29,0,0,50,336,0,0,50,336,California
Yuba,2020-12-29,75,411,10,317,65,94,0,0,75,411,0,0,75,411,California
Yuba,2020-12-30,66,477,21,338,45,139,0,0,66,477,0,0,66,477,California
Yuba,2020-12-31,37,514,6,344,31,170,0,0,37,514,0,0,37,514,California
Yuba,2021-01-02,23,537,22,366,1,171,0,0,23,537,0,0,23,537,California
Yuba,2021-01-03,10,547,6,372,4,175,0,0,10,547,0,0,10,547,California
Yuba,2021-01-04,92,639,23,395,69,244,0,0,92,639,0,0,92,639,California
Yuba,2021-01-05,72,711,38,433,34,278,0,0,71,709,1,1,71,710,California
Yuba,2021-01-06,154,865,76,509,78,356,0,0,148,851,6,7,148,858,California
Yuba,2021-01-07,77,942,20,529,57,413,0,0,74,921,4,11,74,932,California
Yuba,2021-01-08,73,1015,24,553,49,462,0,0,67,982,6,17,67,999,California
Yuba,2021-01-09,18,1033,16,569,2,464,0,0,10,984,8,25,10,1009,California
Yuba,2021-01-10,115,1148,22,591,93,557,0,0,93,1055,22,47,93,1102,California
Yuba,2021-01-11,72,1220,50,641,22,579,0,0,32,1047,40,87,32,1134,California
Yuba,2021-01-12,108,1328,78,719,30,609,0,0,44,1027,64,151,44,1178,California
Yuba,2021-01-13,120,1448,73,792,47,656,0,0,54,1016,65,216,54,1232,California
Yuba,2021-01-14,114,1562,43,835,71,727,0,0,102,1106,12,228,102,1334,California
Yuba,2021-01-15,202,1764,86,921,116,843,0,0,191,1286,11,239,191,1525,California
Yuba,2021-01-16,187,1951,21,942,166,1009,0,0,174,1447,13,252,174,1699,California
Yuba,2021-01-17,13,1964,9,951,4,1013,0,0,7,1448,6,258,7,1706,California
Yuba,2021-01-18,61,2025,31,982,30,1043,0,0,37,1461,24,282,37,1743,California
Yuba,2021-01-19,83,2108,33,1015,50,1093,0,0,67,1512,16,298,67,1810,California
Yuba,2021-01-20,137,2245,87,1102,50,1143,0,0,114,1603,23,321,114,1924,California
Yuba,2021-01-21,217,2462,98,1200,119,1262,0,0,209,1804,8,329,209,2133,California
Yuba,2021-01-22,105,2567,6,1206,99,1361,0,0,96,1891,9,338,96,2229,California
Yuba,2021-01-23,202,2769,7,1213,195,1556,0,0,200,2089,2,340,200,2429,California
Yuba,2021-01-24,10,2779,7,1220,3,1559,0,0,8,2095,2,342,8,2437,California
Yuba,2021-01-25,86,2865,30,1250,56,1615,0,0,53,2116,32,374,53,2490,California
Yuba,2021-01-26,147,3012,39,1289,108,1723,0,0,90,2149,57,431,90,2580,California
Yuba,2021-01-27,186,3198,131,1420,55,1778,0,0,117,2197,69,500,117,2697,California
Yuba,2021-01-28,227,3425,92,1512,135,1913,0,0,173,2316,54,554,173,2870,California
Yuba,2021-01-29,154,3579,47,1559,107,2020,0,0,114,2390,40,594,114,2984,California
Yuba,2021-01-30,415,3994,24,1583,391,2411,0,0,404,2783,11,605,404,3388,California
Yuba,2021-01-31,18,4012,12,1595,6,2417,0,0,16,2797,2,607,16,3404,California
Yuba,2021-02-01,155,4167,75,1670,80,2497,0,0,131,2906,23,630,132,3536,California
Yuba,2021-02-02,124,4291,21,1691,103,2600,0,0,101,2984,23,653,101,3637,California
Yuba,2021-02-03,228,4519,30,1721,198,2798,0,0,116,2989,111,764,116,3753,California
Yuba,2021-02-04,294,4813,118,1839,176,2974,0,0,250,3195,44,808,250,4003,California
Yuba,2021-02-05,150,4963,33,1872,117,3091,0,0,73,3191,77,885,73,4076,California
Yuba,2021-02-06,451,5414,24,1896,427,3518,0,0,444,3628,7,892,444,4520,California
Yuba,2021-02-07,19,5433,13,1909,6,3524,0,0,15,3639,4,896,15,4535,California
Yuba,2021-02-08,98,5531,37,1946,61,3585,0,0,69,3679,29,925,69,4604,California
Yuba,2021-02-09,158,5689,59,2005,99,3684,0,0,87,3695,71,996,87,4691,California
Yuba,2021-02-10,361,6050,174,2179,187,3871,0,0,123,3581,237,1233,123,4814,California
Yuba,2021-02-11,402,6452,67,2246,335,4206,0,0,303,3787,97,1330,303,5117,California
Yuba,2021-02-12,264,6716,26,2272,238,4444,0,0,150,3823,114,1444,150,5267,California
Yuba,2021-02-13,434,7150,36,2308,398,4842,0,0,383,4155,51,1495,383,5650,California
Yuba,2021-02-14,51,7201,10,2318,41,4883,0,0,46,4196,5,1500,46,5696,California
Yuba,2021-02-15,90,7291,37,2355,53,4936,0,0,70,4246,20,1520,70,5766,California
Yuba,2021-02-16,201,7492,52,2407,149,5085,0,0,142,4330,58,1578,142,5908,California
Yuba,2021-02-17,382,7874,157,2564,225,5310,0,0,102,4153,279,1857,102,6010,California
Yuba,2021-02-18,317,8191,48,2612,269,5579,0,0,194,4224,123,1980,194,6204,California
Yuba,2021-02-19,223,8414,79,2691,144,5723,0,0,138,4277,85,2065,138,6342,California
Yuba,2021-02-20,392,8806,31,2722,361,6084,0,0,337,4559,55,2120,337,6679,California
Yuba,2021-02-21,17,8823,14,2736,3,6087,0,0,7,4556,10,2130,7,6686,California
Yuba,2021-02-22,129,8952,79,2815,50,6137,0,0,40,4508,88,2218,40,6726,California
Yuba,2021-02-23,116,9068,26,2841,90,6227,0,0,49,4491,66,2284,49,6775,California
Yuba,2021-02-24,484,9552,137,2978,347,6574,0,0,105,4217,379,2663,105,6880,California
Yuba,2021-02-25,342,9894,136,3114,206,6780,0,0,217,4309,125,2788,217,7097,California
Yuba,2021-02-26,264,10158,71,3185,193,6973,0,0,147,4341,115,2903,147,7244,California
Yuba,2021-02-27,466,10624,47,3232,419,7392,0,0,383,4641,83,2986,383,7627,California
Yuba,2021-02-28,73,10697,23,3255,50,7442,0,0,52,4672,21,3007,52,7679,California
Yuba,2021-03-01,163,10860,45,3300,118,7560,0,0,82,4674,80,3087,82,7761,California
Yuba,2021-03-02,164,11024,39,3339,125,7685,0,0,83,4676,81,3168,83,7844,California
Yuba,2021-03-03,636,11660,160,3499,476,8161,0,0,203,4447,432,3600,203,8047,California
Yuba,2021-03-04,473,12133,273,3772,200,8361,0,0,327,4629,145,3745,327,8374,California
Yuba,2021-03-05,323,12456,58,3830,264,8625,1,1,255,4817,68,3813,256,8630,California
Yuba,2021-03-06,476,12932,33,3863,439,9064,4,5,369,5084,106,3919,373,9003,California
Yuba,2021-03-07,53,12985,29,3892,23,9087,1,6,39,5110,14,3933,40,9043,California
Yuba,2021-03-08,164,13149,51,3943,97,9184,16,22,102,5166,62,3995,118,9161,California
Yuba,2021-03-09,179,13328,45,3988,114,9298,20,42,84,5175,95,4090,104,9265,California
Yuba,2021-03-10,741,14069,237,4225,474,9772,30,72,238,4940,503,4593,268,9533,California
Yuba,2021-03-11,441,14510,196,4421,232,10004,13,85,295,5102,146,4739,308,9841,California
Yuba,2021-03-12,464,14974,83,4504,326,10330,55,140,153,4999,311,5050,208,10049,California
Yuba,2021-03-13,460,15434,341,4845,104,10434,15,155,362,5279,97,5147,377,10426,California
Yuba,2021-03-14,107,15541,20,4865,77,10511,10,165,48,5279,58,5205,58,10484,California
Yuba,2021-03-15,198,15739,53,4918,129,10640,16,181,104,5305,94,5299,120,10604,California
Yuba,2021-03-16,305,16044,77,4995,204,10844,24,205,191,5407,113,5412,215,10819,California
Yuba,2021-03-17,748,16792,165,5160,552,11396,31,236,196,5084,550,5962,227,11046,California
Yuba,2021-03-18,588,17380,159,5319,313,11709,116,352,356,5323,232,6194,471,11517,California
Yuba,2021-03-19,329,17709,119,5438,159,11868,51,403,185,5416,143,6337,236,11753,California
Yuba,2021-03-20,561,18270,82,5520,461,12329,18,421,479,5832,81,6418,497,12250,California
Yuba,2021-03-21,65,18335,39,5559,26,12355,0,421,50,5867,15,6433,50,12300,California
Yuba,2021-03-22,197,18532,72,5631,118,12473,7,428,154,5985,43,6476,161,12461,California
Yuba,2021-03-23,269,18801,80,5711,161,12634,28,456,181,6108,86,6562,209,12670,California
Yuba,2021-03-24,769,19570,258,5969,431,13065,80,536,189,5799,578,7140,269,12939,California
Yuba,2021-03-25,514,20084,271,6240,221,13286,22,558,255,5817,259,7399,277,13216,California
Yuba,2021-03-26,399,20483,141,6381,228,13514,30,588,229,5907,169,7568,259,13475,California
Yuba,2021-03-27,462,20945,29,6410,430,13944,3,591,408,6264,53,7621,410,13885,California
Yuba,2021-03-28,104,21049,43,6453,57,14001,4,595,34,6232,70,7691,38,13923,California
Yuba,2021-03-29,300,21349,89,6542,179,14180,32,627,183,6330,117,7808,215,14138,California
Yuba,2021-03-30,276,21625,68,6610,200,14380,8,635,189,6440,87,7895,197,14335,California
Yuba,2021-03-31,683,22308,115,6725,556,14936,12,647,242,6255,439,8334,254,14589,California
Yuba,2021-04-01,627,22935,291,7016,308,15244,28,675,292,6240,335,8669,320,14909,California
Yuba,2021-04-02,512,23447,98,7114,329,15573,85,760,192,6197,319,8988,276,15185,California
Yuba,2021-04-03,659,24106,56,7170,117,15690,486,1246,88,6201,570,9558,574,15759,California
Yuba,2021-04-04,61,24167,11,7181,43,15733,7,1253,32,6211,29,9587,39,15798,California
Yuba,2021-04-05,254,24421,86,7267,146,15879,22,1275,126,6232,126,9713,147,15945,California
Yuba,2021-04-06,355,24776,116,7383,179,16058,60,1335,170,6277,184,9897,229,16174,California
Yuba,2021-04-07,797,25573,413,7796,329,16387,55,1390,362,6261,432,10329,416,16590,California
Yuba,2021-04-08,756,26329,294,8090,196,16583,266,1656,281,6333,474,10803,546,17136,California
Yuba,2021-04-09,407,26736,171,8261,168,16751,68,1724,170,6335,236,11039,238,17374,California
Yuba,2021-04-10,600,27336,72,8333,79,16830,449,2173,71,6327,527,11566,519,17893,California
Yuba,2021-04-11,107,27443,27,8360,68,16898,12,2185,46,6325,60,11626,58,17951,California
Yuba,2021-04-12,215,27658,47,8407,137,17035,31,2216,79,6300,135,11761,110,18061,California
Yuba,2021-04-13,402,28060,104,8511,298,17333,0,2216,201,6301,200,11961,201,18262,California
Yuba,2021-04-14,716,28776,109,8620,607,17940,0,2216,125,5837,589,12550,125,18387,California
Yuba,2021-04-15,347,29123,133,8753,214,18154,0,2216,154,5799,193,12743,155,18542,California
Yuba,2021-04-16,339,29462,98,8851,241,18395,0,2216,182,5825,156,12899,182,18724,California
Yuba,2021-04-17,411,29873,60,8911,351,18746,0,2216,337,6089,73,12972,337,19061,California
Yuba,2021-04-18,56,29929,10,8921,46,18792,0,2216,26,6085,30,13002,26,19087,California
Yuba,2021-04-19,251,30180,106,9027,145,18937,0,2216,104,6042,147,13149,104,19191,California
Yuba,2021-04-20,323,30503,80,9107,243,19180,0,2216,181,6083,141,13290,182,19373,California
Yuba,2021-04-21,699,31202,279,9386,420,19600,0,2216,294,5972,405,13695,294,19667,California
Yuba,2021-04-22,363,31565,138,9524,225,19825,0,2216,202,6013,161,13856,202,19869,California
Yuba,2021-04-23,355,31920,115,9639,240,20065,0,2216,167,5994,186,14042,167,20036,California
Yuba,2021-04-24,221,32141,70,9709,151,20216,0,2216,126,6025,95,14137,126,20162,California
Yuba,2021-04-25,73,32214,30,9739,43,20259,0,2216,36,6024,37,14174,36,20198,California
Yuba,2021-04-26,241,32455,57,9796,180,20439,4,2220,109,6005,132,14306,113,20311,California
Yuba,2021-04-27,481,32936,163,9959,308,20747,10,2230,241,6018,238,14544,251,20562,California
Yuba,2021-04-28,436,33372,177,10136,254,21001,5,2235,149,5891,281,14825,154,20716,California
Yuba,2021-04-29,440,33812,73,10209,366,21367,1,2236,153,5759,286,15111,154,20870,California
Yuba,2021-04-30,327,34139,89,10298,208,21575,30,2266,137,5738,188,15299,167,21037,California
Yuba,2021-05-01,207,34346,92,10390,96,21671,19,2285,93,5737,113,15412,112,21149,California
Yuba,2021-05-02,72,34418,42,10432,26,21697,4,2289,37,5743,35,15447,41,21190,California
Yuba,2021-05-03,163,34581,65,10497,90,21787,8,2297,52,5694,109,15556,60,21250,California
Yuba,2021-05-04,327,34908,94,10591,212,21999,21,2318,149,5686,178,15734,170,21420,California
Yuba,2021-05-05,316,35224,77,10668,232,22231,7,2325,113,5603,203,15937,120,21540,California
Yuba,2021-05-06,279,35503,102,10770,138,22369,39,2364,91,5548,185,16122,130,21670,California
Yuba,2021-05-07,356,35859,92,10862,236,22605,28,2392,118,5455,238,16360,145,21815,California
Yuba,2021-05-08,108,35967,31,10893,71,22676,6,2398,46,5445,62,16422,52,21867,California
Yuba,2021-05-09,53,36020,24,10917,26,22702,3,2401,38,5471,15,16437,41,21908,California
Yuba,2021-05-10,171,36191,55,10972,98,22800,18,2419,54,5427,116,16553,72,21980,California
Yuba,2021-05-11,383,36574,172,11144,198,22998,13,2432,146,5350,235,16788,158,22138,California
Yuba,2021-05-12,272,36846,141,11285,124,23122,7,2439,114,5313,158,16946,121,22259,California
Yuba,2021-05-13,366,37212,196,11481,127,23249,43,2482,119,5231,244,17190,162,22421,California
Yuba,2021-05-14,367,37579,139,11620,207,23456,21,2503,160,5204,207,17397,180,22601,California
Yuba,2021-05-15,441,38020,112,11732,308,23764,21,2524,112,5009,327,17724,132,22733,California
Yuba,2021-05-16,139,38159,44,11776,86,23850,9,2533,85,5050,53,17777,94,22827,California
Yuba,2021-05-17,215,38374,90,11866,105,23955,20,2553,92,5041,121,17898,112,22939,California
Yuba,2021-05-18,389,38763,160,12026,220,24175,9,2562,165,4991,224,18122,174,23113,California
Yuba,2021-05-19,261,39024,144,12170,111,24286,6,2568,135,5006,126,18248,141,23254,California
Yuba,2021-05-20,427,39451,298,12468,117,24403,12,2580,266,5124,160,18408,278,23532,California
Yuba,2021-05-21,512,39963,269,12737,237,24640,6,2586,314,5248,196,18604,320,23852,California
Yuba,2021-05-22,230,40193,123,12860,96,24736,11,2597,92,5213,138,18742,103,23955,California
Yuba,2021-05-23,65,40258,32,12892,31,24767,2,2599,34,5218,31,18773,36,23991,California
Yuba,2021-05-24,155,40413,47,12939,91,24858,17,2616,44,5169,110,18883,61,24052,California
Yuba,2021-05-25,317,40730,110,13049,191,25049,16,2632,115,5099,201,19084,131,24183,California
Yuba,2021-05-26,232,40962,100,13149,116,25165,16,2648,90,5064,141,19225,106,24289,California
Yuba,2021-05-27,247,41209,75,13224,160,25325,12,2660,108,5048,136,19361,120,24409,California
Yuba,2021-05-28,246,41455,111,13335,129,25454,6,2666,121,5052,123,19484,127,24536,California
Yuba,2021-05-29,164,41619,66,13401,76,25530,22,2688,94,5099,69,19553,116,24652,California
Yuba,2021-05-30,50,41669,20,13421,25,25555,5,2693,20,5094,30,19583,25,24677,California
Yuba,2021-05-31,31,41700,3,13424,21,25576,7,2700,11,5092,20,19603,18,24695,California
Yuba,2021-06-01,248,41948,106,13530,135,25711,7,2707,87,5028,157,19760,93,24788,California
Yuba,2021-06-02,200,42148,79,13609,114,25825,7,2714,63,4962,136,19896,70,24858,California
Yuba,2021-06-03,176,42324,102,13711,69,25894,5,2719,63,4918,112,20008,68,24926,California
Yuba,2021-06-04,244,42568,120,13831,115,26009,9,2728,81,4845,163,20171,90,25016,California
Yuba,2021-06-05,199,42767,150,13981,43,26052,6,2734,91,4835,107,20278,97,25113,California
Yuba,2021-06-06,106,42873,90,14071,13,26065,3,2737,23,4779,82,20360,26,25139,California
Yuba,2021-06-07,118,42991,49,14120,52,26117,17,2754,38,4754,80,20440,55,25194,California
Yuba,2021-06-08,241,43232,109,14229,123,26240,9,2763,71,4666,168,20608,80,25274,California
Yuba,2021-06-09,173,43405,104,14333,63,26303,6,2769,75,4650,97,20705,81,25355,California
Yuba,2021-06-10,375,43780,302,14635,68,26371,5,2774,94,4470,279,20984,99,25454,California
Yuba,2021-06-11,292,44072,204,14839,79,26450,9,2783,59,4305,233,21217,68,25522,California
Yuba,2021-06-12,128,44200,87,14926,36,26486,5,2788,37,4256,91,21308,42,25564,California
Yuba,2021-06-13,46,44246,20,14946,22,26508,4,2792,13,4241,32,21340,17,25581,California
Yuba,2021-06-14,49,44295,12,14958,36,26544,1,2793,13,4219,36,21376,14,25595,California
