county,administered_date,total_doses,cumulative_total_doses,pfizer_doses,cumulative_pfizer_doses,moderna_doses,cumulative_moderna_doses,jj_doses,cumulative_jj_doses,partially_vaccinated,total_partially_vaccinated,fully_vaccinated,cumulative_fully_vaccinated,at_least_one_dose,cumulative_at_least_one_dose,california_flag
All CA Counties,2020-12-15,1163,1163,1163,1163,0,0,0,0,1163,1163,0,0,1163,1163,
All CA Counties,2020-12-16,8707,9870,8707,9870,0,0,0,0,8707,9870,0,0,8707,9870,
All CA Counties,2020-12-17,26629,36499,26629,36499,0,0,0,0,26631,36501,0,0,26631,36501,
All CA Counties,2020-12-18,45378,81877,45310,81809,68,68,0,0,45378,81878,1,1,45378,81879,
All CA Counties,2020-12-19,25563,107440,25533,107342,30,98,0,0,25562,107439,1,2,25562,107441,
All CA Counties,2020-12-20,19142,126582,19110,126452,32,130,0,0,19140,126577,2,4,19140,126581,
All CA Counties,2020-12-21,49858,176440,49762,176214,96,226,0,0,49859,176434,3,7,49860,176441,
All CA Counties,2020-12-22,50245,226685,48097,224311,2148,2374,0,0,50237,226665,6,13,50237,226678,
All CA Counties,2020-12-23,50797,277482,41965,266276,8832,11206,0,0,50790,277452,6,19,50793,277471,
All CA Counties,2020-12-24,24132,301614,16369,282645,7763,18969,0,0,24127,301576,5,24,24129,301600,
All CA Counties,2020-12-25,2351,303965,2026,284671,325,19294,0,0,2351,303927,0,24,2351,303951,
All CA Counties,2020-12-26,14649,318614,9480,294151,5169,24463,0,0,14647,318572,2,26,14647,318598,
All CA Counties,2020-12-27,9477,328091,5615,299766,3862,28325,0,0,9474,328043,3,29,9474,328072,
All CA Counties,2020-12-28,46246,374337,29617,329383,16629,44954,0,0,46242,374281,4,33,46242,374314,
All CA Counties,2020-12-29,51427,425764,28629,358012,22798,67752,0,0,51420,425696,5,38,51420,425734,
All CA Counties,2020-12-30,63215,488979,35672,393684,27543,95295,0,0,63203,488893,9,47,63206,488940,
All CA Counties,2020-12-31,29665,518644,10956,404640,18709,114004,0,0,29643,518517,20,67,29644,518584,
All CA Counties,2021-01-01,4748,523392,2175,406815,2573,116577,0,0,4739,523248,8,75,4739,523323,
All CA Counties,2021-01-02,18563,541955,10266,417081,8297,124874,0,0,18557,541803,2,77,18557,541880,
All CA Counties,2021-01-03,6248,548203,3515,420596,2733,127607,0,0,6213,548003,13,90,6213,548093,
All CA Counties,2021-01-04,43720,591923,22057,442653,21663,149270,0,0,43640,591603,40,130,43640,591733,
All CA Counties,2021-01-05,56897,648820,30032,472685,26865,176135,0,0,51128,637125,5706,5836,51228,642961,
All CA Counties,2021-01-06,73822,722642,40761,513446,33061,209196,0,0,57984,679501,15651,21487,58027,700988,
All CA Counties,2021-01-07,92955,815597,52957,566403,39998,249194,0,0,61180,709147,31594,53081,61240,762228,
All CA Counties,2021-01-08,107751,923348,64849,631252,42902,292096,0,0,65539,732695,42065,95146,65613,827841,
All CA Counties,2021-01-09,44672,968020,25742,656994,18930,311026,0,0,27952,743984,16693,111839,27982,855823,
All CA Counties,2021-01-10,24484,992504,14970,671964,9514,320540,0,0,13167,745871,11299,123138,13186,869009,
All CA Counties,2021-01-11,105130,1097634,69955,741919,35175,355715,0,0,60985,762939,44096,167234,61164,930173,
All CA Counties,2021-01-12,114617,1212251,67936,809855,46681,402396,0,0,72961,794622,41544,208778,73227,1003400,
All CA Counties,2021-01-13,120025,1332276,62339,872194,57686,460082,0,0,85949,846679,33984,242762,86041,1089441,
All CA Counties,2021-01-14,125031,1457307,50092,922286,74939,535021,0,0,105200,932347,19721,262483,105389,1194830,
All CA Counties,2021-01-15,142790,1600097,52147,974433,90643,625664,0,0,127468,1044834,15222,277705,127709,1322539,
All CA Counties,2021-01-16,81128,1681225,27428,1001861,53700,679364,0,0,73476,1110743,7622,285327,73531,1396070,
All CA Counties,2021-01-17,48371,1729596,16918,1018779,31453,710817,0,0,44671,1151773,3687,289014,44717,1440787,
All CA Counties,2021-01-18,88472,1818068,46123,1064902,42349,753166,0,0,69012,1201583,19384,308398,69194,1509981,
All CA Counties,2021-01-19,142639,1960707,73472,1138374,69167,822333,0,0,111339,1282058,31196,339594,111671,1621652,
All CA Counties,2021-01-20,163949,2124656,84641,1223015,79308,901641,0,0,129614,1377861,34085,373679,129888,1751540,
All CA Counties,2021-01-21,176292,2300948,78845,1301860,97447,999088,0,0,156538,1515269,19518,393197,156926,1908466,
All CA Counties,2021-01-22,171092,2472040,69791,1371651,101301,1100389,0,0,156495,1657473,14454,407651,156658,2065124,
All CA Counties,2021-01-23,112091,2584131,49505,1421156,62586,1162975,0,0,99439,1744453,12584,420235,99564,2164688,
All CA Counties,2021-01-24,61222,2645353,29425,1450581,31797,1194772,0,0,56510,1796356,4674,424909,56577,2221265,
All CA Counties,2021-01-25,145943,2791296,65646,1516227,80297,1275069,0,0,110413,1871781,35377,460286,110802,2332067,
All CA Counties,2021-01-26,169930,2961226,83195,1599422,86735,1361804,0,0,131824,1965932,37947,498233,132098,2464165,
All CA Counties,2021-01-27,183478,3144704,88002,1687424,95476,1457280,0,0,143358,2069743,39770,538003,143581,2607746,
All CA Counties,2021-01-28,189053,3333757,86962,1774386,102091,1559371,0,0,154392,2190036,34340,572343,154633,2762379,
All CA Counties,2021-01-29,184890,3518647,88430,1862816,96460,1655831,0,0,149577,2305138,34660,607003,149762,2912141,
All CA Counties,2021-01-30,124570,3643217,55547,1918363,69023,1724854,0,0,108942,2398785,15446,622449,109093,3021234,
All CA Counties,2021-01-31,69203,3712420,38409,1956772,30794,1755648,0,0,64134,2457967,5010,627459,64192,3085426,
All CA Counties,2021-02-01,162603,3875023,75809,2032581,86794,1842442,0,0,121168,2538044,41224,668683,121301,3206727,
All CA Counties,2021-02-02,186726,4061749,78442,2111023,108284,1950726,0,0,141468,2634808,44930,713613,141694,3348421,
All CA Counties,2021-02-03,212075,4273824,95567,2206590,116508,2067234,0,0,156818,2737178,54705,768318,157075,3505496,
All CA Counties,2021-02-04,229275,4503099,100018,2306608,129257,2196491,0,0,167656,2844189,61015,829333,168026,3673522,
All CA Counties,2021-02-05,247609,4750708,106618,2413226,140991,2337482,0,0,167718,2933453,79008,908341,168272,3841794,
All CA Counties,2021-02-06,156203,4906911,74978,2488204,81225,2418707,0,0,121091,3020163,34878,943219,121588,3963382,
All CA Counties,2021-02-07,67193,4974104,43443,2531647,23750,2442457,0,0,50604,3054731,16487,959706,51055,4014437,
All CA Counties,2021-02-08,181970,5156074,89353,2621000,92617,2535074,0,0,119796,3113617,61669,1021375,120555,4134992,
All CA Counties,2021-02-09,212531,5368605,102138,2723138,110393,2645467,0,0,126942,3156960,84756,1106131,128099,4263091,
All CA Counties,2021-02-10,250635,5619240,120365,2843503,130270,2775737,0,0,137463,3183651,112255,1218386,138946,4402037,
All CA Counties,2021-02-11,267440,5886680,132072,2975575,135368,2911105,0,0,144471,3208248,121689,1340075,146286,4548323,
All CA Counties,2021-02-12,275086,6161766,120158,3095733,154928,3066033,0,0,147801,3232204,126241,1466316,150197,4698520,
All CA Counties,2021-02-13,168917,6330683,78173,3173906,90744,3156777,0,0,93069,3251805,75425,1541741,95026,4793546,
All CA Counties,2021-02-14,96425,6427108,47970,3221876,48455,3205232,0,0,51860,3260839,44373,1586114,53407,4846953,
All CA Counties,2021-02-15,143635,6570743,62909,3284785,80726,3285958,0,0,79219,3279230,63963,1650077,82354,4929307,
All CA Counties,2021-02-16,251237,6821980,119083,3403868,132154,3418112,0,0,133975,3299495,116808,1766885,137073,5066380,
All CA Counties,2021-02-17,261660,7083640,130185,3534053,131475,3549587,0,0,129711,3301151,131272,1898157,132928,5199308,
All CA Counties,2021-02-18,275845,7359485,143710,3677763,132135,3681722,0,0,133015,3296443,141967,2040124,137259,5336567,
All CA Counties,2021-02-19,257060,7616545,148807,3826570,108253,3789975,0,0,132065,3306276,124317,2164441,134150,5470717,
All CA Counties,2021-02-20,156831,7773376,100118,3926688,56713,3846688,0,0,85590,3322973,70881,2235322,87578,5558295,
All CA Counties,2021-02-21,86758,7860134,70085,3996773,16673,3863361,0,0,44502,3327081,41944,2277266,46052,5604347,
All CA Counties,2021-02-22,172140,8032274,115351,4112124,56789,3920150,0,0,85136,3327452,86486,2363752,86857,5691204,
All CA Counties,2021-02-23,234839,8267113,123922,4236046,110917,4031067,0,0,108415,3316321,125539,2489291,114408,5805612,
All CA Counties,2021-02-24,293380,8560493,148567,4384613,144813,4175880,0,0,138224,3307833,154272,2643563,145784,5951396,
All CA Counties,2021-02-25,331533,8892026,163807,4548420,167726,4343606,0,0,172638,3331079,157957,2801520,181203,6132599,
All CA Counties,2021-02-26,364030,9256056,169597,4718017,194433,4538039,0,0,202049,3379563,160856,2962376,209340,6341939,
All CA Counties,2021-02-27,257581,9513637,124761,4842778,132790,4670829,30,30,145682,3418582,111114,3073490,150133,6492072,
All CA Counties,2021-02-28,136991,9650628,81291,4924069,55686,4726515,14,44,79703,3444377,56770,3130260,82565,6574637,
All CA Counties,2021-03-01,246485,9897113,130948,5055017,115379,4841894,158,202,141795,3486621,103725,3233985,145969,6720606,
All CA Counties,2021-03-02,294210,10191323,148393,5203410,145783,4987677,34,236,176048,3552089,117511,3351496,182979,6903585,
All CA Counties,2021-03-03,337329,10528652,167944,5371354,169316,5156993,69,305,194998,3612977,141496,3492992,202384,7105969,
All CA Counties,2021-03-04,356686,10885338,180216,5551570,176372,5333365,98,403,209101,3682533,146679,3639671,216235,7322204,
All CA Counties,2021-03-05,345689,11231027,169543,5721113,175011,5508376,1135,1538,214560,3775326,130172,3769843,222965,7545169,
All CA Counties,2021-03-06,261507,11492534,134230,5855343,119362,5627738,7915,9453,162463,3851822,98545,3868388,175041,7720210,
All CA Counties,2021-03-07,133658,11626192,79368,5934711,47397,5675135,6893,16346,81712,3892401,51701,3920089,92280,7812490,
All CA Counties,2021-03-08,224758,11850950,109455,6044166,104300,5779435,11003,27349,146551,3977152,77723,3997812,162474,7974964,
All CA Counties,2021-03-09,295612,12146562,140812,6184978,138581,5918016,16219,43568,165193,4032740,129808,4127620,185396,8160360,
All CA Counties,2021-03-10,326596,12473158,162362,6347340,139600,6057616,24634,68202,176277,4088194,149520,4277140,204974,8365334,
All CA Counties,2021-03-11,380815,12853973,184230,6531570,163027,6220643,33558,101760,194684,4135519,185028,4462168,232353,8597687,
All CA Counties,2021-03-12,398877,13252850,178114,6709684,174312,6394955,46451,148211,195106,4178319,202772,4664940,245572,8843259,
All CA Counties,2021-03-13,286922,13539772,125569,6835253,130125,6525080,31228,179439,155182,4237659,131205,4796145,190545,9033804,
All CA Counties,2021-03-14,156891,13696663,83610,6918863,58147,6583227,15134,194573,78529,4255537,78001,4874146,95879,9129683,
All CA Counties,2021-03-15,293039,13989702,140092,7058955,132237,6715464,20710,215283,158301,4304084,133824,5007970,182371,9312054,
All CA Counties,2021-03-16,373017,14362719,175323,7234278,180230,6895694,17464,232747,214979,4382556,157133,5165103,235605,9547659,
All CA Counties,2021-03-17,388112,14750831,192435,7426713,176945,7072639,18732,251479,239360,4495379,147740,5312843,260563,9808222,
All CA Counties,2021-03-18,405635,15156466,207938,7634651,179297,7251936,18400,269879,238843,4589194,165513,5478356,259328,10067550,
All CA Counties,2021-03-19,414649,15571115,218306,7852957,174468,7426404,21875,291754,238727,4677042,174776,5653132,262624,10330174,
All CA Counties,2021-03-20,297602,15868717,156136,8009093,125487,7551891,15979,307733,187518,4772733,109282,5762414,204973,10535147,
All CA Counties,2021-03-21,145515,16014232,100452,8109545,37513,7589404,7550,315283,87372,4811340,57686,5820100,96293,10631440,
All CA Counties,2021-03-22,276015,16290247,160833,8270378,103933,7693337,11249,326532,178856,4908240,96235,5916335,193135,10824575,
All CA Counties,2021-03-23,360642,16650889,198993,8469371,150544,7843881,11105,337637,220396,5003128,139200,6055535,234088,11058663,
All CA Counties,2021-03-24,390168,17041057,223345,8692716,154252,7998133,12571,350208,225013,5079037,163732,6219267,239641,11298304,
All CA Counties,2021-03-25,420661,17461718,231931,8924647,173804,8171937,14926,365134,236604,5150147,182543,6401810,253653,11551957,
All CA Counties,2021-03-26,437775,17899493,233948,9158595,187608,8359545,16219,381353,234522,5201901,201796,6603606,253550,11805507,
All CA Counties,2021-03-27,315108,18214601,167239,9325834,136050,8495595,11819,393172,158116,5218031,156035,6759641,172165,11977672,
All CA Counties,2021-03-28,170434,18385035,109565,9435399,57261,8552856,3608,396780,88549,5231171,81369,6841010,94509,12072181,
All CA Counties,2021-03-29,312485,18697520,167871,9603270,135457,8688313,9157,405937,173027,5277311,138537,6979547,184677,12256858,
All CA Counties,2021-03-30,401035,19098555,203062,9806332,179619,8867932,18354,424291,224676,5346647,175422,7154969,244758,12501616,
All CA Counties,2021-03-31,428954,19527509,232941,10039273,174001,9041933,22012,446303,237644,5417186,190084,7345053,260623,12762239,
All CA Counties,2021-04-01,495272,20022781,253245,10292518,201097,9243030,40930,487233,271431,5508354,222146,7567199,313314,13075553,
All CA Counties,2021-04-02,476701,20499482,232192,10524710,201012,9444042,43497,530730,257279,5592631,217980,7785179,302257,13377810,
All CA Counties,2021-04-03,331070,20830552,168781,10693491,120663,9564705,41626,572356,164487,5633899,165836,7951015,207104,13584914,
All CA Counties,2021-04-04,132815,20963367,69320,10762811,44398,9609103,19097,591453,57815,5636246,74638,8025653,76985,13661899,
All CA Counties,2021-04-05,355958,21319325,183188,10945999,132535,9741638,40235,631688,173563,5670827,181548,8207201,216129,13878028,
All CA Counties,2021-04-06,460238,21779563,233210,11179209,161218,9902856,65810,697498,222166,5723579,236977,8444178,289729,14167757,
All CA Counties,2021-04-07,475612,22255175,246998,11426207,158299,10061155,70315,767813,230564,5781408,243922,8688100,301751,14469508,
All CA Counties,2021-04-08,502323,22757498,253402,11679609,164070,10225225,84851,852664,235697,5838757,265238,8953338,322587,14792095,
All CA Counties,2021-04-09,498383,23255881,248273,11927882,169627,10394852,80483,933147,228759,5882449,268381,9221719,312073,15104168,
All CA Counties,2021-04-10,370620,23626501,168875,12096757,127084,10521936,74661,1007808,155196,5900280,214562,9436281,232393,15336561,
All CA Counties,2021-04-11,188919,23815420,105835,12202592,48889,10570825,34195,1042003,77798,5904313,110717,9546998,114750,15451311,
All CA Counties,2021-04-12,342321,24157741,175840,12378432,128040,10698865,38441,1080444,157738,5920515,183466,9730464,199668,15650979,
All CA Counties,2021-04-13,435698,24593439,243924,12622356,190807,10889672,967,1081411,242883,5975744,191638,9922102,246867,15897846,
All CA Counties,2021-04-14,455935,25049374,255683,12878039,199957,11089629,295,1081706,237176,6000322,217412,10139514,241990,16139836,
All CA Counties,2021-04-15,496777,25546151,289396,13167435,207076,11296705,305,1082011,277397,6063160,217706,10357220,280544,16420380,
All CA Counties,2021-04-16,481367,26027518,270668,13438103,210386,11507091,313,1082324,256139,6098338,223716,10580936,258894,16679274,
All CA Counties,2021-04-17,347107,26374625,194145,13632248,152900,11659991,62,1082386,197296,6150058,148802,10729738,200522,16879796,
All CA Counties,2021-04-18,161847,26536472,104157,13736405,57672,11717663,18,1082404,82818,6157405,78529,10808267,85876,16965672,
All CA Counties,2021-04-19,323888,26860360,186179,13922584,137609,11855272,100,1082504,152988,6142524,169837,10978104,154956,17120628,
All CA Counties,2021-04-20,419693,27280053,226820,14149404,192791,12048063,82,1082586,208003,6143258,210436,11188540,211170,17331798,
All CA Counties,2021-04-21,440835,27720888,254850,14404254,185712,12233775,273,1082859,211642,6131166,227444,11415984,215352,17547150,
All CA Counties,2021-04-22,456653,28177541,262690,14666944,193878,12427653,85,1082944,203576,6086599,251468,11667452,206901,17754051,
All CA Counties,2021-04-23,448981,28626522,257937,14924881,190949,12618602,95,1083039,203509,6049688,243894,11911346,206983,17961034,
All CA Counties,2021-04-24,326625,28953147,205305,15130186,121136,12739738,184,1083223,165848,6059281,159720,12071066,169313,18130347,
All CA Counties,2021-04-25,150802,29103949,98810,15228996,51916,12791654,76,1083299,80514,6071581,69764,12140830,82064,18212411,
All CA Counties,2021-04-26,305848,29409797,177950,15406946,126339,12917993,1559,1084858,133646,6040215,171084,12311914,139718,18352129,
All CA Counties,2021-04-27,373870,29783667,207429,15614375,159790,13077783,6651,1091509,151151,5979755,221450,12533364,160990,18513119,
All CA Counties,2021-04-28,359953,30143620,208040,15822415,143961,13221744,7952,1099461,148611,5928609,210075,12743439,158929,18672048,
All CA Counties,2021-04-29,369171,30512791,214310,16036725,146901,13368645,7960,1107421,136195,5843031,231610,12975049,146032,18818080,
All CA Counties,2021-04-30,381977,30894768,220254,16256979,152742,13521387,8981,1116402,145915,5765331,234590,13209639,156890,18974970,
All CA Counties,2021-05-01,249069,31143837,158935,16415914,84000,13605387,6134,1122536,90401,5706431,157667,13367306,98767,19073737,
All CA Counties,2021-05-02,117167,31261004,81875,16497789,31402,13636789,3890,1126426,40964,5675903,75749,13443055,45221,19118958,
All CA Counties,2021-05-03,254505,31515509,156176,16653965,89530,13726319,8799,1135225,77702,5587459,175836,13618891,87392,19206350,
All CA Counties,2021-05-04,333995,31849504,205247,16859212,118908,13845227,9840,1145065,98854,5463369,233970,13852861,109880,19316230,
All CA Counties,2021-05-05,338569,32188073,212113,17071325,116360,13961587,10096,1155161,95823,5328968,241387,14094248,106986,19423216,
All CA Counties,2021-05-06,355536,32543609,233365,17304690,111615,14073202,10556,1165717,90384,5169039,263371,14357619,103442,19526658,
All CA Counties,2021-05-07,353019,32896628,221814,17526504,121306,14194508,9899,1175616,96123,5020926,255394,14613013,107281,19633939,
All CA Counties,2021-05-08,233545,33130173,148919,17675423,77649,14272157,6977,1182593,64413,4925705,168084,14781097,72863,19706802,
All CA Counties,2021-05-09,95493,33225666,72363,17747786,20140,14292297,2990,1185583,25135,4884268,70007,14851104,28570,19735372,
All CA Counties,2021-05-10,206857,33432523,118506,17866292,80457,14372754,7894,1193477,51184,4789873,154781,15005885,60386,19795758,
All CA Counties,2021-05-11,274457,33706980,156661,18022953,109124,14481878,8672,1202149,72559,4672037,200866,15206751,83030,19878788,
All CA Counties,2021-05-12,272278,33979258,158660,18181613,104485,14586363,9133,1211282,73062,4557318,198072,15404823,83353,19962141,
All CA Counties,2021-05-13,317732,34296990,205006,18386619,105296,14691659,7430,1218712,119538,4489974,196975,15601798,129631,20091772,
All CA Counties,2021-05-14,341282,34638272,218844,18605463,113516,14805175,8922,1227634,133043,4427125,206897,15808695,144048,20235820,
All CA Counties,2021-05-15,280344,34918616,195878,18801341,78451,14883626,6015,1233649,115557,4385847,163836,15972531,122558,20358378,
All CA Counties,2021-05-16,141408,35060024,108398,18909739,30057,14913683,2953,1236602,57735,4363770,83177,16055708,61100,20419478,
All CA Counties,2021-05-17,240385,35300409,158331,19068070,74634,14988317,7420,1244022,95183,4322985,144257,16199965,103472,20522950,
All CA Counties,2021-05-18,281967,35582376,171994,19240064,102560,15090877,7413,1251435,109975,4270946,170831,16370796,118792,20641742,
All CA Counties,2021-05-19,276083,35858459,172353,19412417,96161,15187038,7569,1259004,112814,4230292,162167,16532963,121513,20763255,
All CA Counties,2021-05-20,263908,36122367,157660,19570077,98087,15285125,8161,1267165,100391,4178073,162311,16695274,110092,20873347,
All CA Counties,2021-05-21,282536,36404903,173848,19743925,100731,15385856,7957,1275122,106397,4118863,174808,16870082,115598,20988945,
All CA Counties,2021-05-22,204779,36609682,135610,19879535,62937,15448793,6232,1281354,87479,4097245,116470,16986552,94852,21083797,
All CA Counties,2021-05-23,89903,36699585,63055,19942590,24150,15472943,2698,1284052,38802,4088465,50665,17037217,41885,21125682,
All CA Counties,2021-05-24,171280,36870865,100620,20043210,62336,15535279,8324,1292376,64914,4057043,105509,17142726,74087,21199769,
All CA Counties,2021-05-25,189686,37060551,111280,20154490,70357,15605636,8049,1300425,71728,4021052,116897,17259623,80906,21280675,
All CA Counties,2021-05-26,184564,37245115,106229,20260719,70475,15676111,7860,1308285,71619,3989430,111814,17371437,80192,21360867,
All CA Counties,2021-05-27,172303,37417418,98484,20359203,65296,15741407,8523,1316808,69189,3965975,102234,17473671,78779,21439646,
All CA Counties,2021-05-28,188725,37606143,108857,20468060,72745,15814152,7123,1323931,81240,3948997,106459,17580130,89481,21529127,
All CA Counties,2021-05-29,107163,37713306,65829,20533889,37505,15851657,3829,1327760,50075,3946880,56524,17636654,54407,21583534,
All CA Counties,2021-05-30,47092,37760398,31084,20564973,13549,15865206,2459,1330219,20606,3943934,26226,17662880,23280,21606814,
All CA Counties,2021-05-31,19800,37780198,11669,20576642,7157,15872363,974,1331193,6432,3938255,13199,17676079,7520,21614334,
All CA Counties,2021-06-01,168352,37948550,98178,20674820,63017,15935380,7157,1338350,59480,3897935,107842,17783921,67522,21681856,
All CA Counties,2021-06-02,142662,38091212,84380,20759200,51170,15986550,7112,1345462,53837,3871644,87899,17871820,61608,21743464,
All CA Counties,2021-06-03,170852,38262064,116832,20876032,46935,16033485,7085,1352547,51847,3813441,118135,17989955,59932,21803396,
All CA Counties,2021-06-04,199397,38461461,140438,21016470,52763,16086248,6196,1358743,59550,3742261,138760,18128715,67580,21870976,
All CA Counties,2021-06-05,157465,38618926,118861,21135331,32972,16119220,5632,1364375,43739,3679641,112939,18241654,50319,21921295,
All CA Counties,2021-06-06,64058,38682984,53974,21189305,7865,16127085,2219,1366594,17074,3653058,46688,18288342,20105,21941400,
All CA Counties,2021-06-07,136572,38819556,100290,21289595,30408,16157493,5874,1372468,40167,3604032,95779,18384121,46753,21988153,
All CA Counties,2021-06-08,158132,38977688,114796,21404391,36545,16194038,6791,1379259,46877,3548388,110339,18494460,54695,22042848,
All CA Counties,2021-06-09,152448,39130136,110901,21515292,34786,16228824,6761,1386020,42266,3488977,109346,18603806,49935,22092783,
All CA Counties,2021-06-10,146692,39276828,105585,21620877,33763,16262587,7344,1393364,42951,3437315,102999,18706805,51337,22144120,
All CA Counties,2021-06-11,159078,39435906,111747,21732624,40603,16303190,6728,1400092,49417,3385614,108747,18815552,57046,22201166,
All CA Counties,2021-06-12,114853,39550759,87048,21819672,24091,16327281,3714,1403806,32707,3341115,81586,18897138,37087,22238253,
All CA Counties,2021-06-13,44760,39595519,33367,21853039,9340,16336621,2053,1405859,11065,3321189,33443,18930581,13517,22251770,
All CA Counties,2021-06-14,115444,39710963,82092,21935131,26592,16363213,6760,1412619,37991,3289724,76826,19007407,45361,22297131,
All CA Counties,2021-06-15,131777,39842740,88996,22024127,33997,16397210,8784,1421403,43979,3256450,86932,19094339,53658,22350789,
All CA Counties,2021-06-16,120955,39963695,85216,22109343,28024,16425234,7715,1429118,41511,3227733,78685,19173024,49968,22400757,
All CA Counties,2021-06-17,114333,40078028,79259,22188602,27217,16452451,7857,1436975,40347,3203332,73236,19246260,48835,22449592,
All CA Counties,2021-06-18,128735,40206763,89284,22277886,31979,16484430,7472,1444447,46097,3175910,81743,19328003,54321,22503913,
All CA Counties,2021-06-19,76487,40283250,55606,22333492,16880,16501310,4001,1448448,28517,3161564,47375,19375378,33029,22536942,
All CA Counties,2021-06-20,30687,40313937,23128,22356620,6207,16507517,1352,1449800,11541,3155743,18931,19394309,13110,22550052,
All CA Counties,2021-06-21,71241,40385178,44672,22401292,20555,16528072,6014,1455814,36475,3164375,34377,19428686,43009,22593061,
All CA Counties,2021-06-22,100366,40485544,70094,22471386,24387,16552459,5885,1461699,39015,3149194,60746,19489432,45565,22638626,
All CA Counties,2021-06-23,93860,40579404,66306,22537692,21828,16574287,5726,1467425,38179,3138592,55103,19544535,44501,22683127,
All CA Counties,2021-06-24,90924,40670328,63497,22601189,21851,16596138,5576,1473001,36741,3127941,53533,19598068,42882,22726009,
All CA Counties,2021-06-25,105087,40775415,74393,22675582,25368,16621506,5326,1478327,42781,3114980,61660,19659728,48699,22774708,
All CA Counties,2021-06-26,67474,40842889,50905,22726487,13471,16634977,3098,1481425,27761,3107045,39348,19699076,31413,22806121,
All CA Counties,2021-06-27,31434,40874323,24171,22750658,5726,16640703,1537,1482962,13350,3104254,17903,19716979,15112,22821233,
All CA Counties,2021-06-28,71623,40945946,55483,22806141,11739,16652442,4401,1487363,31252,3100454,39914,19756893,36114,22857347,
All CA Counties,2021-06-29,83441,41029387,59212,22865353,20000,16672442,4229,1491592,35024,3092364,47901,19804794,39811,22897158,
All CA Counties,2021-06-30,78697,41108084,56484,22921837,18368,16690810,3845,1495437,35084,3088768,43073,19847867,39477,22936635,
All CA Counties,2021-07-01,73556,41181640,53115,22974952,16551,16707361,3890,1499327,32223,3084511,40885,19888752,36628,22973263,
All CA Counties,2021-07-02,83740,41265380,59903,23034855,19976,16727337,3861,1503188,36920,3079512,46282,19935034,41283,23014546,
All CA Counties,2021-07-03,46031,41311411,33600,23068455,10744,16738081,1687,1504875,20826,3077472,24861,19959895,22821,23037367,
All CA Counties,2021-07-04,3380,41314791,1961,23070416,1146,16739227,273,1505148,1482,3077412,1872,19961767,1812,23039179,
All CA Counties,2021-07-05,40565,41355356,30075,23100491,8919,16748146,1571,1506719,18781,3076514,21535,19983302,20637,23059816,
All CA Counties,2021-07-06,85558,41440914,62736,23163227,18870,16767016,3952,1510671,32751,3061584,52239,20035541,37309,23097125,
All CA Counties,2021-07-07,72080,41512994,52120,23215347,16049,16783065,3911,1514582,29878,3054194,41753,20077294,34363,23131488,
All CA Counties,2021-07-08,64423,41577417,46860,23262207,14307,16797372,3256,1517838,27107,3048062,36919,20114213,30787,23162275,
All CA Counties,2021-07-09,70820,41648237,51346,23313553,16197,16813569,3277,1521115,30643,3042653,39693,20153906,34284,23196559,
All CA Counties,2021-07-10,30600,41678837,22261,23335814,6899,16820468,1440,1522555,13210,3040372,17174,20171080,14893,23211452,
All CA and Non-CA Counties,2020-12-15,1172,1172,1172,1172,0,0,0,0,1172,1172,0,0,1172,1172,
All CA and Non-CA Counties,2020-12-16,8981,10153,8981,10153,0,0,0,0,8981,10153,0,0,8981,10153,
All CA and Non-CA Counties,2020-12-17,28219,38372,28219,38372,0,0,0,0,28219,38372,0,0,28219,38372,
All CA and Non-CA Counties,2020-12-18,47898,86270,47824,86196,74,74,0,0,47897,86268,1,1,47897,86269,
All CA and Non-CA Counties,2020-12-19,26590,112860,26559,112755,31,105,0,0,26589,112856,1,2,26589,112858,
All CA and Non-CA Counties,2020-12-20,19817,132677,19782,132537,35,140,0,0,19815,132669,2,4,19815,132673,
All CA and Non-CA Counties,2020-12-21,52034,184711,51935,184472,99,239,0,0,52031,184698,3,7,52032,184705,
All CA and Non-CA Counties,2020-12-22,52301,237012,50079,234551,2222,2461,0,0,52293,236985,6,13,52293,236998,
All CA and Non-CA Counties,2020-12-23,52322,289334,43345,277896,8977,11438,0,0,52314,289295,7,20,52317,289315,
All CA and Non-CA Counties,2020-12-24,24934,314268,16981,294877,7953,19391,0,0,24929,314221,5,25,24931,314246,
All CA and Non-CA Counties,2020-12-25,2386,316654,2056,296933,330,19721,0,0,2386,316607,0,25,2386,316632,
All CA and Non-CA Counties,2020-12-26,14955,331609,9686,306619,5269,24990,0,0,14953,331558,2,27,14953,331585,
All CA and Non-CA Counties,2020-12-27,9666,341275,5687,312306,3979,28969,0,0,9663,341218,3,30,9663,341248,
All CA and Non-CA Counties,2020-12-28,47654,388929,30513,342819,17141,46110,0,0,47649,388863,4,34,47649,388897,
All CA and Non-CA Counties,2020-12-29,52973,441902,29650,372469,23323,69433,0,0,52967,441825,5,39,52967,441864,
All CA and Non-CA Counties,2020-12-30,65145,507047,36942,409411,28203,97636,0,0,65133,506952,9,48,65136,507000,
All CA and Non-CA Counties,2020-12-31,30768,537815,11552,420963,19216,116852,0,0,30744,537676,21,69,30745,537745,
All CA and Non-CA Counties,2021-01-01,4855,542670,2203,423166,2652,119504,0,0,4846,542514,8,77,4846,542591,
All CA and Non-CA Counties,2021-01-02,18812,561482,10403,433569,8409,127913,0,0,18805,561316,3,80,18805,561396,
All CA and Non-CA Counties,2021-01-03,6433,567915,3607,437176,2826,130739,0,0,6398,567701,13,93,6398,567794,
All CA and Non-CA Counties,2021-01-04,44872,612787,22572,459748,22300,153039,0,0,44786,612446,41,134,44786,612580,
All CA and Non-CA Counties,2021-01-05,58450,671237,30857,490605,27593,180632,0,0,52486,659134,5899,6033,52587,665167,
All CA and Non-CA Counties,2021-01-06,76494,747731,42337,532942,34157,214789,0,0,59930,702733,16374,22407,59973,725140,
All CA and Non-CA Counties,2021-01-07,97121,844852,55547,588489,41574,256363,0,0,63704,733266,33233,55640,63766,788906,
All CA and Non-CA Counties,2021-01-08,112224,957076,67749,656238,44475,300838,0,0,68154,757582,43915,99555,68231,857137,
All CA and Non-CA Counties,2021-01-09,45979,1003055,26283,682521,19696,320534,0,0,28932,769526,17020,116575,28964,886101,
All CA and Non-CA Counties,2021-01-10,24800,1027855,15157,697678,9643,330177,0,0,13363,771489,11419,127994,13382,899483,
All CA and Non-CA Counties,2021-01-11,108400,1136255,71966,769644,36434,366611,0,0,62930,789178,45420,173414,63109,962592,
All CA and Non-CA Counties,2021-01-12,118504,1254759,70232,839876,48272,414883,0,0,75256,821624,43131,216545,75577,1038169,
All CA and Non-CA Counties,2021-01-13,123670,1378429,64123,903999,59547,474430,0,0,88419,874980,35159,251704,88515,1126684,
All CA and Non-CA Counties,2021-01-14,128689,1507118,51359,955358,77330,551760,0,0,108211,963029,20354,272058,108403,1235087,
All CA and Non-CA Counties,2021-01-15,146953,1654071,53145,1008503,93808,645568,0,0,131156,1078741,15685,287743,131397,1366484,
All CA and Non-CA Counties,2021-01-16,83757,1737828,27825,1036328,55932,701500,0,0,75930,1146931,7795,295538,75985,1442469,
All CA and Non-CA Counties,2021-01-17,48884,1786712,17073,1053401,31811,733311,0,0,45135,1188376,3736,299274,45181,1487650,
All CA and Non-CA Counties,2021-01-18,89721,1876433,46948,1100349,42773,776084,0,0,69805,1238525,19839,319113,69988,1557638,
All CA and Non-CA Counties,2021-01-19,146762,2023195,74841,1175190,71921,848005,0,0,114557,1321318,32099,351212,114892,1672530,
All CA and Non-CA Counties,2021-01-20,168463,2191658,86151,1261341,82312,930317,0,0,133134,1419652,35075,386287,133409,1805939,
All CA and Non-CA Counties,2021-01-21,180574,2372232,80071,1341412,100503,1030820,0,0,160243,1560202,20081,406368,160631,1966570,
All CA and Non-CA Counties,2021-01-22,175734,2547966,70931,1412343,104803,1135623,0,0,160716,1706218,14865,421233,160881,2127451,
All CA and Non-CA Counties,2021-01-23,114353,2662319,49862,1462205,64491,1200114,0,0,101525,1795111,12757,433990,101650,2229101,
All CA and Non-CA Counties,2021-01-24,61840,2724159,29685,1491890,32155,1232269,0,0,57049,1847473,4754,438744,57116,2286217,
All CA and Non-CA Counties,2021-01-25,150568,2874727,67642,1559532,82926,1315195,0,0,114157,1925772,36249,474993,114548,2400765,
All CA and Non-CA Counties,2021-01-26,176125,3050852,86214,1645746,89911,1405106,0,0,137147,2024379,38821,513814,137428,2538193,
All CA and Non-CA Counties,2021-01-27,188711,3239563,90754,1736500,97957,1503063,0,0,147931,2132112,40423,554237,148156,2686349,
All CA and Non-CA Counties,2021-01-28,194475,3434038,89943,1826443,104532,1607595,0,0,159206,2256618,34941,589178,159447,2845796,
All CA and Non-CA Counties,2021-01-29,189980,3624018,91646,1918089,98334,1705929,0,0,153847,2375177,35476,624654,154035,2999831,
All CA and Non-CA Counties,2021-01-30,129039,3753057,57977,1976066,71062,1776991,0,0,113175,2472820,15684,640338,113327,3113158,
All CA and Non-CA Counties,2021-01-31,72493,3825550,41260,2017326,31233,1808224,0,0,67362,2535171,5071,645409,67422,3180580,
All CA and Non-CA Counties,2021-02-01,168283,3993833,78482,2095808,89801,1898025,0,0,126102,2619443,41963,687372,126235,3306815,
All CA and Non-CA Counties,2021-02-02,193705,4187538,80745,2176553,112960,2010985,0,0,147695,2721695,45669,733041,147921,3454736,
All CA and Non-CA Counties,2021-02-03,219655,4407193,97746,2274299,121909,2132894,0,0,163485,2829831,55607,788648,163743,3618479,
All CA and Non-CA Counties,2021-02-04,236247,4643440,102231,2376530,134016,2266910,0,0,173578,2941730,62050,850698,173949,3792428,
All CA and Non-CA Counties,2021-02-05,254760,4898200,109121,2485651,145639,2412549,0,0,173737,3035890,80131,930829,174291,3966719,
All CA and Non-CA Counties,2021-02-06,160783,5058983,77265,2562916,83518,2496067,0,0,125188,3126228,35351,966180,125689,4092408,
All CA and Non-CA Counties,2021-02-07,69433,5128416,45286,2608202,24147,2520214,0,0,52754,3162860,16575,982755,53207,4145615,
All CA and Non-CA Counties,2021-02-08,187331,5315747,92735,2700937,94596,2614810,0,0,124045,3224894,62770,1045525,124804,4270419,
All CA and Non-CA Counties,2021-02-09,216862,5532609,104084,2805021,112778,2727588,0,0,129927,3269905,86074,1131599,131085,4401504,
All CA and Non-CA Counties,2021-02-10,256338,5788947,122353,2927374,133985,2861573,0,0,140665,3297355,114707,1246306,142157,4543661,
All CA and Non-CA Counties,2021-02-11,272453,6061400,134452,3061826,138001,2999574,0,0,148075,3324182,123082,1369388,149909,4693570,
All CA and Non-CA Counties,2021-02-12,280494,6341894,122192,3184018,158302,3157876,0,0,151287,3349724,128144,1497532,153686,4847256,
All CA and Non-CA Counties,2021-02-13,171392,6513286,78927,3262945,92465,3250341,0,0,94943,3370616,76021,1573553,96913,4944169,
All CA and Non-CA Counties,2021-02-14,97817,6611103,48402,3311347,49415,3299756,0,0,52980,3380509,44636,1618189,54529,4998698,
All CA and Non-CA Counties,2021-02-15,146356,6757459,64571,3375918,81785,3381541,0,0,80536,3398834,65349,1683538,83674,5082372,
All CA and Non-CA Counties,2021-02-16,258035,7015494,122111,3498029,135924,3517465,0,0,136621,3417616,120942,1804480,139724,5222096,
All CA and Non-CA Counties,2021-02-17,267767,7283261,133292,3631321,134475,3651940,0,0,131579,3416919,135498,1939978,134801,5356897,
All CA and Non-CA Counties,2021-02-18,282622,7565883,147655,3778976,134967,3786907,0,0,135129,3409697,146596,2086574,139374,5496271,
All CA and Non-CA Counties,2021-02-19,263197,7829080,153108,3932084,110089,3896996,0,0,134601,3418480,127905,2214479,136688,5632959,
All CA and Non-CA Counties,2021-02-20,160379,7989459,102985,4035069,57394,3954390,0,0,86884,3434225,73128,2287607,88873,5721832,
All CA and Non-CA Counties,2021-02-21,89885,8079344,72978,4108047,16907,3971297,0,0,45431,3437078,44128,2331735,46981,5768813,
All CA and Non-CA Counties,2021-02-22,175929,8255273,118132,4226179,57797,4029094,0,0,86842,3437086,88560,2420295,88568,5857381,
All CA and Non-CA Counties,2021-02-23,241805,8497078,127659,4353838,114146,4143240,0,0,110903,3424090,129908,2550203,116912,5974293,
All CA and Non-CA Counties,2021-02-24,300494,8797572,152366,4506204,148128,4291368,0,0,140777,3413651,158781,2708984,148342,6122635,
All CA and Non-CA Counties,2021-02-25,339135,9136707,167541,4673745,171594,4462962,0,0,175865,3435796,162288,2871272,184433,6307068,
All CA and Non-CA Counties,2021-02-26,371726,9508433,173704,4847449,198022,4660984,0,0,205287,3483170,165205,3036477,212579,6519647,
All CA and Non-CA Counties,2021-02-27,263661,9772094,127744,4975193,135886,4796870,31,31,147655,3520089,115190,3151667,152109,6671756,
All CA and Non-CA Counties,2021-02-28,139510,9911604,83076,5058269,56419,4853289,15,46,80546,3545062,58438,3210105,83411,6755167,
All CA and Non-CA Counties,2021-03-01,251577,10163181,134154,5192423,117264,4970553,159,205,143232,3585109,107365,3317470,147412,6902579,
All CA and Non-CA Counties,2021-03-02,301063,10464244,150949,5343372,150080,5120633,34,239,178171,3647993,122220,3439690,185104,7087683,
All CA and Non-CA Counties,2021-03-03,345366,10809610,171104,5514476,174191,5294824,71,310,197762,3706403,146743,3586433,205153,7292836,
All CA and Non-CA Counties,2021-03-04,363726,11173336,183208,5697684,180413,5475237,105,415,211514,3773786,151275,3737708,218658,7511494,
All CA and Non-CA Counties,2021-03-05,351122,11524458,172288,5869972,177684,5652921,1150,1565,217380,3866825,132770,3870478,225809,7737303,
All CA and Non-CA Counties,2021-03-06,266178,11790636,136399,6006371,121704,5774625,8075,9640,164847,3943591,100827,3971305,177593,7914896,
All CA and Non-CA Counties,2021-03-07,135427,11926063,80409,6086780,47973,5822598,7045,16685,82731,3984602,52447,4023752,93458,8008354,
All CA and Non-CA Counties,2021-03-08,228007,12154070,111370,6198150,105364,5927962,11273,27958,148816,4070942,78676,4102428,165016,8173370,
All CA and Non-CA Counties,2021-03-09,300442,12454512,143287,6341437,140598,6068560,16557,44515,168025,4127714,131794,4234222,188566,8361936,
All CA and Non-CA Counties,2021-03-10,331155,12785667,164537,6505974,141449,6210009,25169,69684,179040,4184686,151302,4385524,208274,8570210,
All CA and Non-CA Counties,2021-03-11,387174,13172841,187465,6693439,165446,6375455,34263,103947,198036,4233079,188017,4573541,236410,8806620,
All CA and Non-CA Counties,2021-03-12,405502,13578343,182094,6875533,176223,6551678,47185,151132,198699,4277194,205781,4779322,249896,9056516,
All CA and Non-CA Counties,2021-03-13,290800,13869143,127780,7003313,131317,6682995,31703,182835,157804,4338387,132449,4911771,193642,9250158,
All CA and Non-CA Counties,2021-03-14,158730,14027873,84553,7087866,58702,6741697,15475,198310,79533,4356781,78830,4990601,97224,9347382,
All CA and Non-CA Counties,2021-03-15,297185,14325058,142254,7230120,133744,6875441,21187,219497,160503,4406077,135755,5126356,185051,9532433,
All CA and Non-CA Counties,2021-03-16,380699,14705757,179770,7409890,183068,7058509,17861,237358,219207,4485735,160565,5286921,240223,9772656,
All CA and Non-CA Counties,2021-03-17,396674,15102431,197966,7607856,179596,7238105,19112,256470,244467,4600606,151180,5438101,266051,10038707,
All CA and Non-CA Counties,2021-03-18,414066,15516497,213139,7820995,181982,7420087,18945,275415,243660,4696184,169112,5607213,264690,10303397,
All CA and Non-CA Counties,2021-03-19,422104,15938601,222747,8043742,176936,7597023,22421,297836,243127,4785942,177816,5785029,267574,10570971,
All CA and Non-CA Counties,2021-03-20,302447,16241048,159324,8203066,127051,7724074,16072,313908,191195,4884253,110433,5895462,208744,10779715,
All CA and Non-CA Counties,2021-03-21,147659,16388707,101916,8304982,38104,7762178,7639,321547,89079,4924223,58118,5953580,98088,10877803,
All CA and Non-CA Counties,2021-03-22,279381,16668088,162865,8467847,105178,7867356,11338,332885,181153,5022452,97291,6050871,195520,11073323,
All CA and Non-CA Counties,2021-03-23,366853,17034941,202142,8669989,153292,8020648,11419,344304,224559,5119803,141213,6192084,238564,11311887,
All CA and Non-CA Counties,2021-03-24,397592,17432533,227152,8897141,157421,8178069,13019,357323,230103,5198928,166051,6358135,245176,11557063,
All CA and Non-CA Counties,2021-03-25,429049,17861582,235817,9132958,177779,8355848,15453,372776,242649,5274292,184862,6542997,260226,11817289,
All CA and Non-CA Counties,2021-03-26,444583,18306165,237536,9370494,190642,8546490,16405,389181,238994,5328401,204097,6747094,258206,12075495,
All CA and Non-CA Counties,2021-03-27,320749,18626914,170379,9540873,138328,8684818,12042,401223,161639,5346166,158142,6905236,175907,12251402,
All CA and Non-CA Counties,2021-03-28,173573,18800487,111230,9652103,58573,8743391,3770,404993,90565,5360372,82481,6987717,96687,12348089,
All CA and Non-CA Counties,2021-03-29,317799,19118286,170237,9822340,138058,8881449,9504,414497,176064,5407632,140802,7128519,188062,12536151,
All CA and Non-CA Counties,2021-03-30,408054,19526340,206750,10029090,182379,9063828,18925,433422,228819,5478828,178283,7306802,249479,12785630,
All CA and Non-CA Counties,2021-03-31,435450,19961790,236807,10265897,175840,9239668,22803,456225,241103,5550582,193112,7499914,264866,13050496,
All CA and Non-CA Counties,2021-04-01,503037,20464827,257889,10523786,203550,9443218,41598,497823,275917,5643629,225408,7725322,318455,13368951,
All CA and Non-CA Counties,2021-04-02,485301,20950128,236753,10760539,203901,9647119,44647,542470,261720,5729344,222126,7947448,307841,13676792,
All CA and Non-CA Counties,2021-04-03,337481,21287609,172612,10933151,122084,9769203,42785,585255,167906,5772207,168818,8116266,211681,13888473,
All CA and Non-CA Counties,2021-04-04,134678,21422287,70230,11003381,45110,9814313,19338,604593,58824,5774950,75488,8191754,78231,13966704,
All CA and Non-CA Counties,2021-04-05,360249,21782536,185267,11188648,134062,9948375,40920,645513,175597,5810002,183793,8375547,218845,14185549,
All CA and Non-CA Counties,2021-04-06,467545,22250081,237140,11425788,162938,10111313,67467,712980,225101,5862989,241325,8616872,294312,14479861,
All CA and Non-CA Counties,2021-04-07,484014,22734095,251723,11677511,160256,10271569,72035,785015,233847,5920704,249028,8865900,306743,14786604,
All CA and Non-CA Counties,2021-04-08,510716,23244811,257821,11935332,166089,10437658,86806,871821,239051,5978321,270264,9136164,327881,15114485,
All CA and Non-CA Counties,2021-04-09,506089,23750900,252228,12187560,171404,10609062,82457,954278,231730,6022230,273097,9409261,317006,15431491,
All CA and Non-CA Counties,2021-04-10,376815,24127715,171920,12359480,128367,10737429,76528,1030806,156913,6039166,219027,9628288,235963,15667454,
All CA and Non-CA Counties,2021-04-11,191830,24319545,107433,12466913,49551,10786980,34846,1065652,78791,6042927,112629,9740917,116390,15783844,
All CA and Non-CA Counties,2021-04-12,346623,24666168,178251,12645164,129357,10916337,39015,1104667,159647,6059227,185851,9926768,202151,15985995,
All CA and Non-CA Counties,2021-04-13,441670,25107838,247730,12892894,192948,11109285,992,1105659,245965,6114682,194518,10121286,249973,16235968,
All CA and Non-CA Counties,2021-04-14,461531,25569369,259259,13152153,201973,11311258,299,1105958,240246,6139818,219928,10341214,245064,16481032,
All CA and Non-CA Counties,2021-04-15,503087,26072456,293352,13445505,209423,11520681,312,1106270,280792,6203198,220566,10561780,283946,16764978,
All CA and Non-CA Counties,2021-04-16,487442,26559898,274161,13719666,212961,11733642,320,1106590,259522,6239094,226391,10788171,262287,17027265,
All CA and Non-CA Counties,2021-04-17,352750,26912648,197694,13917360,154993,11888635,63,1106653,200556,6291707,151170,10939341,203783,17231048,
All CA and Non-CA Counties,2021-04-18,164099,27076747,105450,14022810,58630,11947265,19,1106672,83928,6299031,79665,11019006,86989,17318037,
All CA and Non-CA Counties,2021-04-19,328172,27404919,188251,14211061,139820,12087085,101,1106773,155187,6284282,171908,11190914,157159,17475196,
All CA and Non-CA Counties,2021-04-20,425313,27830232,229445,14440506,195785,12282870,83,1106856,210327,6284060,213716,11404630,213494,17688690,
All CA and Non-CA Counties,2021-04-21,447634,28277866,257823,14698329,189532,12472402,279,1107135,214144,6270200,231721,11636351,217861,17906551,
All CA and Non-CA Counties,2021-04-22,463735,28741601,266353,14964682,197295,12669697,87,1107222,206180,6223777,255931,11892282,209508,18116059,
All CA and Non-CA Counties,2021-04-23,455077,29196678,261075,15225757,193906,12863603,96,1107318,206034,6185847,247442,12139724,209512,18325571,
All CA and Non-CA Counties,2021-04-24,331391,29528069,208421,15434178,122781,12986384,189,1107507,167766,6194527,162559,12302283,171239,18496810,
All CA and Non-CA Counties,2021-04-25,153089,29681158,100091,15534269,52921,13039305,77,1107584,81710,6206940,70851,12373134,83264,18580074,
All CA and Non-CA Counties,2021-04-26,310140,29991298,179885,15714154,128668,13167973,1587,1109171,135573,6175177,173436,12546570,141673,18721747,
All CA and Non-CA Counties,2021-04-27,379734,30371032,209661,15923815,163048,13331021,7025,1116196,153193,6113332,225259,12771829,163414,18885161,
All CA and Non-CA Counties,2021-04-28,365027,30736059,210243,16134058,146431,13477452,8353,1124549,150604,6061510,213139,12984968,161317,19046478,
All CA and Non-CA Counties,2021-04-29,374216,31110275,216709,16350767,149115,13626567,8392,1132941,138111,5975174,234716,13219684,148380,19194858,
All CA and Non-CA Counties,2021-04-30,387045,31497320,222727,16573494,154904,13781471,9414,1142355,147831,5896689,237727,13457411,159242,19354100,
All CA and Non-CA Counties,2021-05-01,252362,31749682,160837,16734331,84960,13866431,6565,1148920,91742,5837629,159599,13617010,100539,19454639,
All CA and Non-CA Counties,2021-05-02,119071,31868753,82995,16817326,32061,13898492,4015,1152935,41797,5806996,76813,13693823,46180,19500819,
All CA and Non-CA Counties,2021-05-03,257491,32126244,157813,16975139,90589,13989081,9089,1162024,78839,5718136,177677,13871500,88817,19589636,
All CA and Non-CA Counties,2021-05-04,338088,32464332,207467,17182606,120329,14109410,10292,1172316,100208,5593121,236698,14108198,111683,19701319,
All CA and Non-CA Counties,2021-05-05,343165,32807497,214702,17397308,117992,14227402,10471,1182787,97479,5457824,244317,14352515,109020,19810339,
All CA and Non-CA Counties,2021-05-06,360159,33167656,236209,17633517,113045,14340447,10905,1193692,91991,5296841,266380,14618895,105397,19915736,
All CA and Non-CA Counties,2021-05-07,357778,33525434,224580,17858097,122908,14463355,10290,1203982,97751,5147633,258508,14877403,109300,20025036,
All CA and Non-CA Counties,2021-05-08,236874,33762308,151175,18009272,78469,14541824,7230,1211212,65507,5051533,170311,15047714,74211,20099247,
All CA and Non-CA Counties,2021-05-09,96924,33859232,73316,18082588,20492,14562316,3116,1214328,25719,5009962,70849,15118563,29278,20128525,
All CA and Non-CA Counties,2021-05-10,209489,34068721,119734,18202322,81530,14643846,8225,1222553,52097,4915103,156491,15275054,61632,20190157,
All CA and Non-CA Counties,2021-05-11,277632,34346353,158225,18360547,110426,14754272,8981,1231534,73749,4796790,202846,15477900,84533,20274690,
All CA and Non-CA Counties,2021-05-12,275574,34621927,160261,18520808,105850,14860122,9463,1240997,74321,4681627,200104,15678004,84941,20359631,
All CA and Non-CA Counties,2021-05-13,321026,34942953,206931,18727739,106450,14966572,7645,1248642,120961,4614056,198841,15876845,131270,20490901,
All CA and Non-CA Counties,2021-05-14,344926,35287879,220911,18948650,114853,15081425,9162,1257804,134657,4551040,208920,16085765,145904,20636805,
All CA and Non-CA Counties,2021-05-15,283049,35570928,197476,19146126,79415,15160840,6158,1263962,116717,4509530,165374,16251139,123864,20760669,
All CA and Non-CA Counties,2021-05-16,143109,35714037,109501,19255627,30585,15191425,3023,1266985,58515,4487385,84096,16335235,61951,20822620,
All CA and Non-CA Counties,2021-05-17,243500,35957537,159994,19415621,75848,15267273,7658,1274643,96510,4446382,146040,16481275,105037,20927657,
All CA and Non-CA Counties,2021-05-18,285270,36242807,173670,19589291,103872,15371145,7728,1282371,111444,4394310,172651,16653926,120579,21048236,
All CA and Non-CA Counties,2021-05-19,279506,36522313,174075,19763366,97590,15468735,7841,1290212,114283,4353452,164111,16818037,123253,21171489,
All CA and Non-CA Counties,2021-05-20,267107,36789420,159442,19922808,99250,15567985,8415,1298627,101813,4301149,164073,16982110,111770,21283259,
All CA and Non-CA Counties,2021-05-21,285775,37075195,175647,20098455,101919,15669904,8209,1306836,107760,4241692,176670,17158780,117213,21400472,
All CA and Non-CA Counties,2021-05-22,207647,37282842,137494,20235949,63717,15733621,6436,1313272,89011,4220487,117794,17276574,96589,21497061,
All CA and Non-CA Counties,2021-05-23,91494,37374336,64096,20300045,24622,15758243,2776,1316048,39611,4211815,51445,17328019,42773,21539834,
All CA and Non-CA Counties,2021-05-24,173728,37548064,101794,20401839,63263,15821506,8671,1324719,65982,4180439,106878,17434897,75502,21615336,
All CA and Non-CA Counties,2021-05-25,192096,37740160,112408,20514247,71297,15892803,8391,1333110,72744,4144420,118280,17553177,82261,21697597,
All CA and Non-CA Counties,2021-05-26,186972,37927132,107346,20621593,71410,15964213,8216,1341326,72609,4112738,113221,17666398,81539,21779136,
All CA and Non-CA Counties,2021-05-27,174510,38101642,99574,20721167,66117,16030330,8819,1350145,70164,4089328,103458,17769856,80048,21859184,
All CA and Non-CA Counties,2021-05-28,191191,38292833,110100,20831267,73610,16103940,7481,1357626,82348,4072467,107809,17877665,90948,21950132,
All CA and Non-CA Counties,2021-05-29,108857,38401690,66685,20897952,37988,16141928,4184,1361810,50790,4070446,57498,17935163,55477,22005609,
All CA and Non-CA Counties,2021-05-30,48025,38449715,31657,20929609,13784,16155712,2584,1364394,21071,4067627,26689,17961852,23870,22029479,
All CA and Non-CA Counties,2021-05-31,20233,38469948,11859,20941468,7360,16163072,1014,1365408,6618,4061937,13436,17975288,7746,22037225,
All CA and Non-CA Counties,2021-06-01,170529,38640477,99329,21040797,63733,16226805,7467,1372875,60493,4021782,109000,18084288,68845,22106070,
All CA and Non-CA Counties,2021-06-02,144686,38785163,85387,21126184,51839,16278644,7460,1380335,54749,3995651,89001,18173289,62870,22168940,
All CA and Non-CA Counties,2021-06-03,173032,38958195,118032,21244216,47601,16326245,7399,1387734,52826,3937548,119328,18292617,61225,22230165,
All CA and Non-CA Counties,2021-06-04,201950,39160145,141869,21386085,53567,16379812,6514,1394248,60631,3866299,140226,18432843,68977,22299142,
All CA and Non-CA Counties,2021-06-05,159212,39319357,120079,21506164,33336,16413148,5797,1400045,44513,3803653,113905,18546748,51259,22350401,
All CA and Non-CA Counties,2021-06-06,65014,39384371,54691,21560855,8019,16421167,2304,1402349,17518,3777089,47198,18593946,20634,22371035,
All CA and Non-CA Counties,2021-06-07,138522,39522893,101351,21662206,30965,16452132,6206,1408555,40970,3728051,96925,18690871,47887,22418922,
All CA and Non-CA Counties,2021-06-08,160215,39683108,115982,21778188,37094,16489226,7139,1415694,47669,3672259,111625,18802496,55833,22474755,
All CA and Non-CA Counties,2021-06-09,154442,39837550,112096,21890284,35300,16524526,7046,1422740,43073,3612760,110524,18913020,51025,22525780,
All CA and Non-CA Counties,2021-06-10,148653,39986203,106736,21997020,34265,16558791,7652,1430392,43780,3561106,104129,19017149,52475,22578255,
All CA and Non-CA Counties,2021-06-11,161262,40147465,113003,22110023,41199,16599990,7060,1437452,50335,3509396,110007,19127156,58297,22636552,
All CA and Non-CA Counties,2021-06-12,116479,40263944,88261,22198284,24374,16624364,3844,1441296,33338,3464666,82579,19209735,37849,22674401,
All CA and Non-CA Counties,2021-06-13,45700,40309644,34005,22232289,9541,16633905,2154,1443450,11461,3444697,33983,19243718,14014,22688415,
All CA and Non-CA Counties,2021-06-14,117215,40426859,83082,22315371,27071,16660976,7062,1450512,38729,3413244,77852,19321570,46399,22734814,
All CA and Non-CA Counties,2021-06-15,133515,40560374,89954,22405325,34502,16695478,9059,1459571,44742,3380042,87898,19409468,54696,22789510,
All CA and Non-CA Counties,2021-06-16,122656,40683030,86223,22491548,28490,16723968,7943,1467514,42317,3351473,79571,19489039,51002,22840512,
All CA and Non-CA Counties,2021-06-17,116199,40799229,80290,22571838,27692,16751660,8217,1475731,41187,3327250,74258,19563297,50035,22890547,
All CA and Non-CA Counties,2021-06-18,130711,40929940,90363,22662201,32416,16784076,7932,1483663,46923,3299969,82886,19646183,55605,22946152,
All CA and Non-CA Counties,2021-06-19,77553,41007493,56309,22718510,17142,16801218,4102,1487765,29063,3285754,47889,19694072,33674,22979826,
All CA and Non-CA Counties,2021-06-20,31484,41038977,23707,22742217,6378,16807596,1399,1489164,12012,3280128,19254,19713326,13628,22993454,
All CA and Non-CA Counties,2021-06-21,72535,41111512,45326,22787543,20881,16828477,6328,1495492,37170,3289175,34971,19748297,44018,23037472,
All CA and Non-CA Counties,2021-06-22,102028,41213540,71146,22858689,24742,16853219,6140,1501632,39902,3274367,61515,19809812,46707,23084179,
All CA and Non-CA Counties,2021-06-23,95554,41309094,67234,22925923,22270,16875489,6050,1507682,38980,3264003,55989,19865801,45625,23129804,
All CA and Non-CA Counties,2021-06-24,92488,41401582,64412,22990335,22220,16897709,5856,1513538,37562,3253711,54274,19920075,43982,23173786,
All CA and Non-CA Counties,2021-06-25,106884,41508466,75422,23065757,25773,16923482,5689,1519227,43655,3241067,62577,19982652,49933,23223719,
All CA and Non-CA Counties,2021-06-26,68646,41577112,51673,23117430,13695,16937177,3278,1522505,28369,3233360,39908,20022560,32201,23255920,
All CA and Non-CA Counties,2021-06-27,32211,41609323,24776,23142206,5838,16943015,1597,1524102,13812,3230778,18215,20040775,15633,23271553,
All CA and Non-CA Counties,2021-06-28,73038,41682361,56325,23198531,12012,16955027,4701,1528803,31982,3227325,40599,20081374,37146,23308699,
All CA and Non-CA Counties,2021-06-29,84885,41767246,60094,23258625,20327,16975354,4464,1533267,35795,3219573,48567,20129941,40815,23349514,
All CA and Non-CA Counties,2021-06-30,80113,41847359,57304,23315929,18745,16994099,4064,1537331,35842,3216300,43726,20173667,40453,23389967,
All CA and Non-CA Counties,2021-07-01,74962,41922321,53933,23369862,16901,17011000,4128,1541459,32995,3212429,41508,20215175,37637,23427604,
All CA and Non-CA Counties,2021-07-02,85126,42007447,60696,23430558,20329,17031329,4101,1545560,37630,3207712,46948,20262123,42231,23469835,
All CA and Non-CA Counties,2021-07-03,46855,42054302,34191,23464749,10895,17042224,1769,1547329,21352,3205985,25156,20287279,23429,23493264,
All CA and Non-CA Counties,2021-07-04,3488,42057790,2028,23466777,1171,17043395,289,1547618,1548,3205966,1913,20289192,1894,23495158,
All CA and Non-CA Counties,2021-07-05,41594,42099384,30720,23497497,9231,17052626,1643,1549261,19389,3205332,21951,20311143,21317,23516475,
All CA and Non-CA Counties,2021-07-06,86980,42186364,63558,23561055,19184,17071810,4238,1553499,33419,3190605,52990,20364133,38263,23554738,
All CA and Non-CA Counties,2021-07-07,73592,42259956,52915,23613970,16415,17088225,4262,1557761,30621,3183540,42517,20406650,35452,23590190,
All CA and Non-CA Counties,2021-07-08,65667,42325623,47556,23661526,14587,17102812,3524,1561285,27713,3177650,37550,20444200,31660,23621850,
All CA and Non-CA Counties,2021-07-09,72091,42397714,52065,23713591,16524,17119336,3502,1564787,31271,3172461,40326,20484526,35137,23656987,
All CA and Non-CA Counties,2021-07-10,31273,42428987,22697,23736288,7038,17126374,1538,1566325,13582,3170355,17470,20501996,15364,23672351,
Outside California,2020-12-15,9,9,9,9,0,0,0,0,9,9,0,0,9,9,Not in California
Outside California,2020-12-16,274,283,274,283,0,0,0,0,274,283,0,0,274,283,Not in California
Outside California,2020-12-17,1588,1871,1588,1871,0,0,0,0,1588,1871,0,0,1588,1871,Not in California
Outside California,2020-12-18,2519,4390,2513,4384,6,6,0,0,2519,4390,0,0,2519,4390,Not in California
Outside California,2020-12-19,1027,5417,1026,5410,1,7,0,0,1027,5417,0,0,1027,5417,Not in California
Outside California,2020-12-20,675,6092,672,6082,3,10,0,0,675,6092,0,0,675,6092,Not in California
Outside California,2020-12-21,2172,8264,2169,8251,3,13,0,0,2172,8264,0,0,2172,8264,Not in California
Outside California,2020-12-22,2056,10320,1982,10233,74,87,0,0,2056,10320,0,0,2056,10320,Not in California
Outside California,2020-12-23,1525,11845,1380,11613,145,232,0,0,1524,11843,1,1,1524,11844,Not in California
Outside California,2020-12-24,802,12647,612,12225,190,422,0,0,802,12645,0,1,802,12646,Not in California
Outside California,2020-12-25,35,12682,30,12255,5,427,0,0,35,12680,0,1,35,12681,Not in California
Outside California,2020-12-26,306,12988,206,12461,100,527,0,0,306,12986,0,1,306,12987,Not in California
Outside California,2020-12-27,189,13177,72,12533,117,644,0,0,189,13175,0,1,189,13176,Not in California
Outside California,2020-12-28,1404,14581,892,13425,512,1156,0,0,1404,14579,0,1,1404,14580,Not in California
Outside California,2020-12-29,1540,16121,1016,14441,524,1680,0,0,1540,16119,0,1,1540,16120,Not in California
Outside California,2020-12-30,1876,17997,1216,15657,660,2340,0,0,1876,17995,0,1,1876,17996,Not in California
Outside California,2020-12-31,1102,19099,596,16253,506,2846,0,0,1101,19095,1,2,1101,19097,Not in California
Outside California,2021-01-01,107,19206,28,16281,79,2925,0,0,107,19202,0,2,107,19204,Not in California
Outside California,2021-01-02,248,19454,137,16418,111,3036,0,0,247,19448,1,3,247,19451,Not in California
Outside California,2021-01-03,185,19639,92,16510,93,3129,0,0,185,19633,0,3,185,19636,Not in California
Outside California,2021-01-04,1149,20788,512,17022,637,3766,0,0,1144,20776,1,4,1144,20780,Not in California
Outside California,2021-01-05,1553,22341,825,17847,728,4494,0,0,1358,21942,193,197,1359,22139,Not in California
Outside California,2021-01-06,2668,25009,1574,19421,1094,5588,0,0,1942,23161,723,920,1942,24081,Not in California
Outside California,2021-01-07,4094,29103,2519,21940,1575,7163,0,0,2453,23977,1639,2559,2455,26536,Not in California
Outside California,2021-01-08,4472,33575,2900,24840,1572,8735,0,0,2612,24742,1850,4409,2615,29151,Not in California
Outside California,2021-01-09,1305,34880,539,25379,766,9501,0,0,977,25394,327,4736,979,30130,Not in California
Outside California,2021-01-10,316,35196,187,25566,129,9630,0,0,196,25470,120,4856,196,30326,Not in California
Outside California,2021-01-11,3250,38446,1991,27557,1259,10889,0,0,1925,26071,1324,6180,1925,32251,Not in California
Outside California,2021-01-12,3876,42322,2286,29843,1590,12479,0,0,2286,26825,1586,7766,2340,34591,Not in California
Outside California,2021-01-13,3635,45957,1774,31617,1861,14340,0,0,2459,28113,1175,8941,2463,37054,Not in California
Outside California,2021-01-14,3654,49611,1263,32880,2391,16731,0,0,3007,30490,633,9574,3010,40064,Not in California
Outside California,2021-01-15,4156,53767,992,33872,3164,19895,0,0,3681,33708,463,10037,3681,43745,Not in California
Outside California,2021-01-16,2622,56389,390,34262,2232,22127,0,0,2447,35982,173,10210,2447,46192,Not in California
Outside California,2021-01-17,510,56899,152,34414,358,22485,0,0,461,36394,49,10259,461,46653,Not in California
Outside California,2021-01-18,1193,58092,769,35183,424,22909,0,0,739,36681,453,10712,740,47393,Not in California
Outside California,2021-01-19,4098,62190,1344,36527,2754,25663,0,0,3198,38982,900,11612,3201,50594,Not in California
Outside California,2021-01-20,4433,66623,1429,37956,3004,28667,0,0,3491,41537,937,12549,3492,54086,Not in California
Outside California,2021-01-21,4228,70851,1174,39130,3054,31721,0,0,3650,44625,562,13111,3650,57736,Not in California
Outside California,2021-01-22,4606,75457,1108,40238,3498,35219,0,0,4185,48401,411,13522,4187,61923,Not in California
Outside California,2021-01-23,2251,77708,350,40588,1901,37120,0,0,2075,50303,173,13695,2075,63998,Not in California
Outside California,2021-01-24,616,78324,258,40846,358,37478,0,0,536,50759,80,13775,536,64534,Not in California
Outside California,2021-01-25,4605,82929,1979,42825,2626,40104,0,0,3727,53619,869,14644,3729,68263,Not in California
Outside California,2021-01-26,6107,89036,2932,45757,3175,43279,0,0,5233,57986,873,15517,5240,73503,Not in California
Outside California,2021-01-27,5214,94250,2733,48490,2481,45760,0,0,4556,61893,651,16168,4558,78061,Not in California
Outside California,2021-01-28,5263,99513,2824,51314,2439,48199,0,0,4713,66066,540,16708,4713,82774,Not in California
Outside California,2021-01-29,4937,104450,3063,54377,1874,50073,0,0,4113,69367,815,17523,4116,86890,Not in California
Outside California,2021-01-30,4457,108907,2420,56797,2037,52110,0,0,4219,73351,236,17759,4220,91110,Not in California
Outside California,2021-01-31,3273,112180,2834,59631,439,52549,0,0,3210,76502,61,17820,3212,94322,Not in California
Outside California,2021-02-01,5642,117822,2637,62268,3005,55554,0,0,4914,80697,719,18539,4914,99236,Not in California
Outside California,2021-02-02,6913,124735,2238,64506,4675,60229,0,0,6168,86133,732,19271,6168,105404,Not in California
Outside California,2021-02-03,7536,132271,2137,66643,5399,65628,0,0,6635,91878,891,20162,6636,112040,Not in California
Outside California,2021-02-04,6916,139187,2162,68805,4754,70382,0,0,5874,96726,1027,21189,5875,117915,Not in California
Outside California,2021-02-05,7129,146316,2485,71290,4644,75026,0,0,6003,101612,1117,22306,6003,123918,Not in California
Outside California,2021-02-06,4563,150879,2270,73560,2293,77319,0,0,4086,105235,467,22773,4090,128008,Not in California
Outside California,2021-02-07,2231,153110,1834,75394,397,77716,0,0,2143,107294,86,22859,2145,130153,Not in California
Outside California,2021-02-08,5305,158415,3329,78723,1976,79692,0,0,4234,110468,1060,23919,4234,134387,Not in California
Outside California,2021-02-09,4310,162725,1925,80648,2385,82077,0,0,2979,112145,1303,25222,2980,137367,Not in California
Outside California,2021-02-10,5669,168394,1958,82606,3711,85788,0,0,3193,112920,2427,27649,3202,140569,Not in California
Outside California,2021-02-11,4925,173319,2293,84899,2632,88420,0,0,3560,115152,1347,28996,3579,144148,Not in California
Outside California,2021-02-12,5366,178685,1997,86896,3369,91789,0,0,3476,116760,1871,30867,3479,147627,Not in California
Outside California,2021-02-13,2463,181148,749,87645,1714,93503,0,0,1866,118047,592,31459,1879,149506,Not in California
Outside California,2021-02-14,1384,182532,430,88075,954,94457,0,0,1115,118903,261,31720,1117,150623,Not in California
Outside California,2021-02-15,2676,185208,1623,89698,1053,95510,0,0,1289,118824,1371,33091,1292,151915,Not in California
Outside California,2021-02-16,6683,191891,2923,92621,3760,99270,0,0,2613,117390,4052,37143,2618,154533,Not in California
Outside California,2021-02-17,6093,197984,3095,95716,2998,102268,0,0,1860,115038,4217,41360,1865,156398,Not in California
Outside California,2021-02-18,6667,204651,3840,99556,2827,105095,0,0,2096,112598,4537,45897,2097,158495,Not in California
Outside California,2021-02-19,5939,210590,4108,103664,1831,106926,0,0,2489,111652,3437,49334,2491,160986,Not in California
Outside California,2021-02-20,3539,214129,2861,106525,678,107604,0,0,1291,110703,2241,51575,1292,162278,Not in California
Outside California,2021-02-21,3109,217238,2875,109400,234,107838,0,0,928,109464,2167,53742,928,163206,Not in California
Outside California,2021-02-22,3771,221009,2763,112163,1008,108846,0,0,1699,109105,2063,55805,1704,164910,Not in California
Outside California,2021-02-23,6899,227908,3681,115844,3218,112064,0,0,2473,107276,4318,60123,2489,167399,Not in California
Outside California,2021-02-24,7069,234977,3762,119606,3307,115371,0,0,2539,105341,4479,64602,2544,169943,Not in California
Outside California,2021-02-25,7529,242506,3675,123281,3854,119225,0,0,3202,104264,4282,68884,3205,173148,Not in California
Outside California,2021-02-26,7657,250163,4082,127363,3575,122800,0,0,3217,103149,4333,73217,3218,176366,Not in California
Outside California,2021-02-27,6058,256221,2967,130330,3090,125890,1,1,1964,101049,4067,77284,1967,178333,Not in California
Outside California,2021-02-28,2500,258721,1772,132102,727,126617,1,2,831,100220,1663,78947,834,179167,Not in California
Outside California,2021-03-01,5048,263769,3179,135281,1868,128485,1,3,1413,98018,3621,82568,1419,180586,Not in California
Outside California,2021-03-02,6831,270600,2545,137826,4286,132771,0,3,2111,95429,4702,87270,2113,182699,Not in California
Outside California,2021-03-03,8021,278621,3148,140974,4871,137642,2,5,2753,92944,5243,92513,2758,185457,Not in California
Outside California,2021-03-04,6992,285613,2947,143921,4038,141680,7,12,2395,90783,4566,97079,2405,187862,Not in California
Outside California,2021-03-05,5409,291022,2730,146651,2664,144344,15,27,2799,91014,2592,99671,2823,190685,Not in California
Outside California,2021-03-06,4651,295673,2157,148808,2336,146680,158,185,2368,91270,2278,101949,2534,193219,Not in California
Outside California,2021-03-07,1766,297439,1040,149848,576,147256,150,335,1017,91700,744,102693,1174,194393,Not in California
Outside California,2021-03-08,3216,300655,1891,151739,1057,148313,268,603,2256,93303,928,103621,2531,196924,Not in California
Outside California,2021-03-09,4791,305446,2443,154182,2014,150327,334,937,2822,94503,1956,105577,3156,200080,Not in California
Outside California,2021-03-10,4545,309991,2164,156346,1848,152175,533,1470,2756,96020,1774,107351,3291,203371,Not in California
Outside California,2021-03-11,6328,316319,3221,159567,2416,154591,691,2161,3344,97088,2967,110318,4035,207406,Not in California
Outside California,2021-03-12,6563,322882,3932,163499,1902,156493,729,2890,3582,98436,2960,113278,4308,211714,Not in California
Outside California,2021-03-13,3862,326744,2207,165706,1184,157677,471,3361,2616,100289,1234,114512,3087,214801,Not in California
Outside California,2021-03-14,1825,328569,937,166643,549,158226,339,3700,998,100805,821,115333,1337,216138,Not in California
Outside California,2021-03-15,4110,332679,2146,168789,1489,159715,475,4175,2178,101542,1917,117250,2654,218792,Not in California
Outside California,2021-03-16,7634,340313,4425,173214,2816,162531,393,4568,4199,102715,3412,120662,4585,223377,Not in California
Outside California,2021-03-17,8523,348836,5515,178729,2629,165160,379,4947,5073,104732,3436,124098,5453,228830,Not in California
Outside California,2021-03-18,8398,357234,5181,183910,2672,167832,545,5492,4797,106487,3587,127685,5342,234172,Not in California
Outside California,2021-03-19,7426,364660,4422,188332,2458,170290,546,6038,4378,108383,3032,130717,4928,239100,Not in California
Outside California,2021-03-20,4818,369478,3175,191507,1550,171840,93,6131,3662,110998,1141,131858,3756,242856,Not in California
Outside California,2021-03-21,2128,371606,1454,192961,585,172425,89,6220,1695,112352,429,132287,1783,244639,Not in California
Outside California,2021-03-22,3334,374940,2013,194974,1233,173658,88,6308,2281,113676,1044,133331,2368,247007,Not in California
Outside California,2021-03-23,6187,381127,3139,198113,2739,176397,309,6617,4152,116134,2002,135333,4460,251467,Not in California
Outside California,2021-03-24,7402,388529,3798,201911,3156,179553,448,7065,5076,119344,2311,137644,5521,256988,Not in California
Outside California,2021-03-25,8349,396878,3860,205771,3962,183515,527,7592,6021,123588,2305,139949,6549,263537,Not in California
Outside California,2021-03-26,6774,403652,3570,209341,3023,186538,181,7773,4455,125936,2286,142235,4634,268171,Not in California
Outside California,2021-03-27,5608,409260,3125,212466,2263,188801,220,7993,3504,127566,2090,144325,3720,271891,Not in California
Outside California,2021-03-28,3119,412379,1656,214122,1301,190102,162,8155,2004,128626,1106,145431,2166,274057,Not in California
Outside California,2021-03-29,5274,417653,2345,216467,2582,192684,347,8502,3014,129736,2252,147683,3362,277419,Not in California
Outside California,2021-03-30,6977,424630,3664,220131,2742,195426,571,9073,4118,131586,2846,150529,4696,282115,Not in California
Outside California,2021-03-31,6461,431091,3844,223975,1827,197253,790,9863,3434,132786,3017,153546,4217,286332,Not in California
Outside California,2021-04-01,7738,438829,4627,228602,2446,199699,665,10528,4469,134654,3253,156799,5121,291453,Not in California
Outside California,2021-04-02,8555,447384,4539,233141,2875,202574,1141,11669,4422,136090,4120,160919,5556,297009,Not in California
Outside California,2021-04-03,6390,453774,3821,236962,1410,203984,1159,12828,3404,137680,2972,163891,4562,301571,Not in California
Outside California,2021-04-04,1848,455622,906,237868,701,204685,241,13069,1000,138072,845,164736,1237,302808,Not in California
Outside California,2021-04-05,4255,459877,2057,239925,1514,206199,684,13753,2016,138541,2228,166964,2697,305505,Not in California
Outside California,2021-04-06,7283,467160,3915,243840,1712,207911,1656,15409,2923,138774,4337,171301,4570,310075,Not in California
Outside California,2021-04-07,8364,475524,4699,248539,1946,209857,1719,17128,3256,138644,5095,176396,4965,315040,Not in California
Outside California,2021-04-08,8361,483885,4398,252937,2013,211870,1950,19078,3339,138911,5007,181403,5274,320314,Not in California
Outside California,2021-04-09,7673,491558,3931,256868,1768,213638,1974,21052,2951,139119,4705,186108,4913,325227,Not in California
Outside California,2021-04-10,6184,497742,3036,259904,1282,214920,1866,22918,1712,138225,4458,190566,3564,328791,Not in California
Outside California,2021-04-11,2900,500642,1591,261495,658,215578,651,23569,988,137953,1907,192473,1635,330426,Not in California
Outside California,2021-04-12,4265,504907,2391,263886,1301,216879,573,24142,1893,138057,2362,194835,2466,332892,Not in California
Outside California,2021-04-13,5924,510831,3778,267664,2121,219000,25,24167,3064,138293,2852,197687,3088,335980,Not in California
Outside California,2021-04-14,5566,516397,3567,271231,1995,220995,4,24171,3064,138869,2492,200179,3068,339048,Not in California
Outside California,2021-04-15,6278,522675,3939,275170,2333,223328,6,24177,3384,139422,2838,203017,3391,342439,Not in California
Outside California,2021-04-16,6049,528724,3477,278647,2565,225893,7,24184,3373,140146,2659,205676,3383,345822,Not in California
Outside California,2021-04-17,5620,534344,3535,282182,2084,227977,1,24185,3252,141044,2354,208030,3252,349074,Not in California
Outside California,2021-04-18,2231,536575,1285,283467,945,228922,1,24186,1100,141023,1124,209154,1103,350177,Not in California
Outside California,2021-04-19,4249,540824,2050,285517,2198,231120,1,24187,2185,141161,2051,211205,2189,352366,Not in California
Outside California,2021-04-20,5596,546420,2610,288127,2985,234105,1,24188,2318,140217,3262,214467,2318,354684,Not in California
Outside California,2021-04-21,6759,553179,2953,291080,3800,237905,6,24194,2487,138459,4252,218719,2494,357178,Not in California
Outside California,2021-04-22,7054,560233,3644,294724,3408,241313,2,24196,2597,136616,4443,223162,2600,359778,Not in California
Outside California,2021-04-23,6065,566298,3122,297846,2942,244255,1,24197,2511,135598,3533,226695,2515,362293,Not in California
Outside California,2021-04-24,4732,571030,3091,300937,1636,245891,5,24202,1900,134682,2824,229519,1908,364201,Not in California
Outside California,2021-04-25,2267,573297,1272,302209,994,246885,1,24203,1189,134800,1075,230594,1193,365394,Not in California
Outside California,2021-04-26,4263,577560,1916,304125,2319,249204,28,24231,1915,134409,2334,232928,1943,367337,Not in California
Outside California,2021-04-27,5832,583392,2214,306339,3245,252449,373,24604,2031,133032,3789,236717,2412,369749,Not in California
Outside California,2021-04-28,5046,588438,2184,308523,2463,254912,399,25003,1985,132366,3044,239761,2378,372127,Not in California
Outside California,2021-04-29,5011,593449,2377,310900,2202,257114,432,25435,1901,131614,3085,242846,2333,374460,Not in California
Outside California,2021-04-30,5038,598487,2458,313358,2152,259266,428,25863,1900,130823,3122,245968,2331,376791,Not in California
Outside California,2021-05-01,3266,601753,1882,315240,953,260219,431,26294,1326,130659,1921,247889,1757,378548,Not in California
Outside California,2021-05-02,1889,603642,1114,316354,651,260870,124,26418,828,130557,1055,248944,953,379501,Not in California
Outside California,2021-05-03,2963,606605,1622,317976,1054,261924,287,26705,1131,130150,1824,250768,1417,380918,Not in California
Outside California,2021-05-04,4073,610678,2211,320187,1416,263340,446,27151,1349,129230,2712,253480,1792,382710,Not in California
Outside California,2021-05-05,4570,615248,2578,322765,1618,264958,374,27525,1645,128337,2915,256395,2022,384732,Not in California
Outside California,2021-05-06,4589,619837,2823,325588,1424,266382,342,27867,1596,127289,2985,259380,1937,386669,Not in California
Outside California,2021-05-07,4732,624569,2753,328341,1592,267974,387,28254,1618,126198,3096,262476,2005,388674,Not in California
Outside California,2021-05-08,3313,627882,2246,330587,816,268790,251,28505,1088,125321,2217,264693,1340,390014,Not in California
Outside California,2021-05-09,1414,629296,949,331536,343,269133,122,28627,576,125184,833,265526,696,390710,Not in California
Outside California,2021-05-10,2611,631907,1217,332753,1066,270199,328,28955,910,124730,1694,267220,1240,391950,Not in California
Outside California,2021-05-11,3155,635062,1554,334307,1296,271495,305,29260,1180,124249,1970,269190,1489,393439,Not in California
Outside California,2021-05-12,3282,638344,1593,335900,1360,272855,329,29589,1255,123809,2023,271213,1583,395022,Not in California
Outside California,2021-05-13,3276,641620,1913,337813,1153,274008,210,29799,1412,123574,1857,273070,1622,396644,Not in California
Outside California,2021-05-14,3621,645241,2049,339862,1333,275341,239,30038,1600,123402,2014,275084,1842,398486,Not in California
Outside California,2021-05-15,2683,647924,1578,341440,962,276303,143,30181,1147,123167,1528,276612,1293,399779,Not in California
Outside California,2021-05-16,1675,649599,1086,342526,520,276823,69,30250,766,123096,907,277519,836,400615,Not in California
Outside California,2021-05-17,3092,652691,1646,344172,1210,278033,236,30486,1318,122880,1770,279289,1554,402169,Not in California
Outside California,2021-05-18,3272,655963,1657,345829,1302,279335,313,30799,1452,122842,1806,281095,1768,403937,Not in California
Outside California,2021-05-19,3393,659356,1700,347529,1422,280757,271,31070,1459,122646,1925,283020,1729,405666,Not in California
Outside California,2021-05-20,3181,662537,1768,349297,1160,281917,253,31323,1412,122558,1755,284775,1667,407333,Not in California
Outside California,2021-05-21,3215,665752,1786,351083,1181,283098,248,31571,1354,122313,1847,286622,1602,408935,Not in California
Outside California,2021-05-22,2837,668589,1858,352941,776,283874,203,31774,1517,122723,1311,287933,1721,410656,Not in California
Outside California,2021-05-23,1581,670170,1034,353975,469,284343,78,31852,803,122829,776,288709,882,411538,Not in California
Outside California,2021-05-24,2439,672609,1168,355143,925,285268,346,32198,1063,122873,1365,290074,1409,412947,Not in California
Outside California,2021-05-25,2390,674999,1118,356261,936,286204,336,32534,1009,122844,1371,291445,1342,414289,Not in California
Outside California,2021-05-26,2396,677395,1108,357369,933,287137,355,32889,987,122787,1400,292845,1343,415632,Not in California
Outside California,2021-05-27,2185,679580,1075,358444,816,287953,294,33183,969,122839,1209,294054,1261,416893,Not in California
Outside California,2021-05-28,2443,682023,1231,359675,860,288813,352,33535,1096,122949,1339,295393,1449,418342,Not in California
Outside California,2021-05-29,1674,683697,838,360513,481,289294,355,33890,701,123037,968,296361,1056,419398,Not in California
Outside California,2021-05-30,926,684623,570,361083,232,289526,124,34014,462,123164,459,296820,586,419984,Not in California
Outside California,2021-05-31,432,685055,189,361272,203,289729,40,34054,186,123154,236,297056,226,420210,Not in California
Outside California,2021-06-01,2149,687204,1136,362408,709,290438,304,34358,1002,123318,1142,298198,1306,421516,Not in California
Outside California,2021-06-02,2017,689221,1003,363411,666,291104,348,34706,910,123481,1097,299295,1260,422776,Not in California
Outside California,2021-06-03,2163,691384,1184,364595,665,291769,314,35020,971,123582,1184,300479,1285,424061,Not in California
Outside California,2021-06-04,2525,693909,1413,366008,794,292563,318,35338,1066,123511,1453,301932,1382,425443,Not in California
Outside California,2021-06-05,1715,695624,1193,367201,358,292921,164,35502,755,123478,953,302885,920,426363,Not in California
Outside California,2021-06-06,927,696551,697,367898,148,293069,82,35584,433,123501,492,303377,515,426878,Not in California
Outside California,2021-06-07,1930,698481,1052,368950,549,293618,329,35913,794,123488,1135,304512,1122,428000,Not in California
Outside California,2021-06-08,2068,700549,1179,370129,544,294162,345,36258,787,123342,1276,305788,1130,429130,Not in California
Outside California,2021-06-09,1964,702513,1175,371304,505,294667,284,36542,790,123248,1166,306954,1072,430202,Not in California
Outside California,2021-06-10,1947,704460,1140,372444,499,295166,308,36850,823,123258,1122,308076,1132,431334,Not in California
Outside California,2021-06-11,2178,706638,1252,373696,595,295761,331,37181,913,123245,1258,309334,1245,432579,Not in California
Outside California,2021-06-12,1611,708249,1202,374898,279,296040,130,37311,622,123012,986,310320,753,433332,Not in California
Outside California,2021-06-13,930,709179,632,375530,197,296237,101,37412,393,122973,533,310853,494,433826,Not in California
Outside California,2021-06-14,1761,710940,981,376511,478,296715,302,37714,734,122986,1021,311874,1034,434860,Not in California
Outside California,2021-06-15,1716,712656,945,377456,496,297211,275,37989,755,123063,953,312827,1030,435890,Not in California
Outside California,2021-06-16,1695,714351,1004,378460,463,297674,228,38217,801,123207,885,313712,1029,436919,Not in California
Outside California,2021-06-17,1850,716201,1021,379481,471,298145,358,38575,828,123375,1018,314730,1186,438105,Not in California
Outside California,2021-06-18,1960,718161,1067,380548,433,298578,460,39035,816,123513,1136,315866,1274,439379,Not in California
Outside California,2021-06-19,1054,719215,693,381241,261,298839,100,39135,544,123651,504,316370,642,440021,Not in California
Outside California,2021-06-20,791,720006,575,381816,170,299009,46,39181,468,123845,320,316690,514,440535,Not in California
Outside California,2021-06-21,1281,721287,645,382461,322,299331,314,39495,687,124257,589,317279,1001,441536,Not in California
Outside California,2021-06-22,1645,722932,1041,383502,349,299680,255,39750,873,124619,766,318045,1128,442664,Not in California
Outside California,2021-06-23,1685,724617,924,384426,438,300118,323,40073,795,124853,883,318928,1117,443781,Not in California
Outside California,2021-06-24,1553,726170,910,385336,364,300482,279,40352,815,125210,736,319664,1093,444874,Not in California
Outside California,2021-06-25,1784,727954,1017,386353,404,300886,363,40715,866,125523,913,320577,1226,446100,Not in California
Outside California,2021-06-26,1158,729112,754,387107,224,301110,180,40895,598,125745,556,321133,778,446878,Not in California
Outside California,2021-06-27,754,729866,587,387694,109,301219,58,40953,450,125951,301,321434,507,447385,Not in California
Outside California,2021-06-28,1398,731264,828,388522,270,301489,300,41253,719,126293,679,322113,1021,448406,Not in California
Outside California,2021-06-29,1436,732700,876,389398,325,301814,235,41488,764,126625,665,322778,997,449403,Not in California
Outside California,2021-06-30,1394,734094,799,390197,376,302190,219,41707,746,126946,643,323421,964,450367,Not in California
Outside California,2021-07-01,1385,735479,798,390995,349,302539,238,41945,757,127321,619,324040,994,451361,Not in California
Outside California,2021-07-02,1378,736857,788,391783,350,302889,240,42185,705,127601,663,324703,943,452304,Not in California
Outside California,2021-07-03,816,737673,583,392366,151,303040,82,42267,522,127914,291,324994,604,452908,Not in California
Outside California,2021-07-04,106,737779,65,392431,25,303065,16,42283,66,127957,39,325033,82,452990,Not in California
Outside California,2021-07-05,1004,738783,625,393056,308,303373,71,42354,591,128211,408,325441,662,453652,Not in California
Outside California,2021-07-06,1409,740192,812,393868,311,303684,286,42640,661,128413,745,326186,947,454599,Not in California
Outside California,2021-07-07,1484,741676,778,394646,357,304041,349,42989,726,128730,753,326939,1070,455669,Not in California
Outside California,2021-07-08,1216,742892,672,395318,276,304317,268,43257,586,128960,623,327562,853,456522,Not in California
Outside California,2021-07-09,1257,744149,708,396026,325,304642,224,43481,623,129183,624,328186,847,457369,Not in California
Outside California,2021-07-10,663,744812,432,396458,133,304775,98,43579,368,129360,290,328476,467,457836,Not in California
Unknown,2020-12-17,2,2,2,2,0,0,0,0,0,0,0,0,0,0,Not in California
Unknown,2020-12-18,1,3,1,3,0,0,0,0,0,0,0,0,0,0,Not in California
Unknown,2020-12-21,4,7,4,7,0,0,0,0,0,0,0,0,0,0,Not in California
Unknown,2020-12-28,4,11,4,11,0,0,0,0,3,3,0,0,3,3,Not in California
Unknown,2020-12-29,6,17,5,16,1,1,0,0,7,10,0,0,7,10,Not in California
Unknown,2020-12-30,54,71,54,70,0,1,0,0,54,64,0,0,54,64,Not in California
Unknown,2020-12-31,1,72,0,70,1,2,0,0,0,64,0,0,0,64,Not in California
Unknown,2021-01-02,1,73,0,70,1,3,0,0,1,65,0,0,1,65,Not in California
Unknown,2021-01-04,3,76,3,73,0,3,0,0,2,67,0,0,2,67,Not in California
Unknown,2021-01-06,4,80,2,75,2,5,0,0,4,71,0,0,4,71,Not in California
Unknown,2021-01-07,72,152,71,146,1,6,0,0,71,142,0,0,71,142,Not in California
Unknown,2021-01-08,1,153,0,146,1,7,0,0,3,145,0,0,3,145,Not in California
Unknown,2021-01-09,2,155,2,148,0,7,0,0,3,148,0,0,3,148,Not in California
Unknown,2021-01-11,20,175,20,168,0,7,0,0,20,168,0,0,20,168,Not in California
Unknown,2021-01-12,11,186,10,178,1,8,0,0,9,177,1,1,10,178,Not in California
Unknown,2021-01-13,10,196,10,188,0,8,0,0,11,188,0,1,11,189,Not in California
Unknown,2021-01-14,4,200,4,192,0,8,0,0,4,192,0,1,4,193,Not in California
Unknown,2021-01-15,7,207,6,198,1,9,0,0,7,199,0,1,7,200,Not in California
Unknown,2021-01-16,7,214,7,205,0,9,0,0,7,206,0,1,7,207,Not in California
Unknown,2021-01-17,3,217,3,208,0,9,0,0,3,209,0,1,3,210,Not in California
Unknown,2021-01-18,56,273,56,264,0,9,0,0,54,261,2,3,54,264,Not in California
Unknown,2021-01-19,25,298,25,289,0,9,0,0,20,278,3,6,20,284,Not in California
Unknown,2021-01-20,81,379,81,370,0,9,0,0,29,254,53,59,29,313,Not in California
Unknown,2021-01-21,54,433,52,422,2,11,0,0,55,308,1,60,55,368,Not in California
Unknown,2021-01-22,36,469,32,454,4,15,0,0,36,344,0,60,36,404,Not in California
Unknown,2021-01-23,11,480,7,461,4,19,0,0,11,355,0,60,11,415,Not in California
Unknown,2021-01-24,2,482,2,463,0,19,0,0,3,358,0,60,3,418,Not in California
Unknown,2021-01-25,20,502,17,480,3,22,0,0,17,372,3,63,17,435,Not in California
Unknown,2021-01-26,88,590,87,567,1,23,0,0,90,461,1,64,90,525,Not in California
Unknown,2021-01-27,19,609,19,586,0,23,0,0,17,476,2,66,17,542,Not in California
Unknown,2021-01-28,159,768,157,743,2,25,0,0,101,516,61,127,101,643,Not in California
Unknown,2021-01-29,153,921,153,896,0,25,0,0,157,672,1,128,157,800,Not in California
Unknown,2021-01-30,12,933,10,906,2,27,0,0,14,684,2,130,14,814,Not in California
Unknown,2021-01-31,17,950,17,923,0,27,0,0,18,702,0,130,18,832,Not in California
Unknown,2021-02-01,38,988,36,959,2,29,0,0,20,702,20,150,20,852,Not in California
Unknown,2021-02-02,66,1054,65,1024,1,30,0,0,59,754,7,157,59,911,Not in California
Unknown,2021-02-03,44,1098,42,1066,2,32,0,0,32,775,11,168,32,943,Not in California
Unknown,2021-02-04,56,1154,51,1117,5,37,0,0,48,815,8,176,48,991,Not in California
Unknown,2021-02-05,22,1176,18,1135,4,41,0,0,16,825,6,182,16,1007,Not in California
Unknown,2021-02-06,17,1193,17,1152,0,41,0,0,11,830,6,188,11,1018,Not in California
Unknown,2021-02-07,9,1202,9,1161,0,41,0,0,7,835,2,190,7,1025,Not in California
Unknown,2021-02-08,56,1258,53,1214,3,44,0,0,15,809,41,231,15,1040,Not in California
Unknown,2021-02-09,21,1279,21,1235,0,44,0,0,6,800,15,246,6,1046,Not in California
Unknown,2021-02-10,34,1313,30,1265,4,48,0,0,9,784,25,271,9,1055,Not in California
Unknown,2021-02-11,88,1401,87,1352,1,49,0,0,44,782,46,317,44,1099,Not in California
Unknown,2021-02-12,42,1443,37,1389,5,54,0,0,10,760,32,349,10,1109,Not in California
Unknown,2021-02-13,12,1455,5,1394,7,61,0,0,8,764,4,353,8,1117,Not in California
Unknown,2021-02-14,8,1463,2,1396,6,67,0,0,5,767,2,355,5,1122,Not in California
Unknown,2021-02-15,45,1508,39,1435,6,73,0,0,28,780,15,370,28,1150,Not in California
Unknown,2021-02-16,115,1623,105,1540,10,83,0,0,33,731,82,452,33,1183,Not in California
Unknown,2021-02-17,14,1637,12,1552,2,85,0,0,8,730,9,461,8,1191,Not in California
Unknown,2021-02-18,110,1747,105,1657,5,90,0,0,18,656,92,553,18,1209,Not in California
Unknown,2021-02-19,198,1945,193,1850,5,95,0,0,47,552,151,704,47,1256,Not in California
Unknown,2021-02-20,9,1954,6,1856,3,98,0,0,3,549,6,710,3,1259,Not in California
Unknown,2021-02-21,18,1972,18,1874,0,98,0,0,1,533,17,727,1,1260,Not in California
Unknown,2021-02-22,18,1990,18,1892,0,98,0,0,7,529,11,738,7,1267,Not in California
Unknown,2021-02-23,67,2057,56,1948,11,109,0,0,15,493,51,789,15,1282,Not in California
Unknown,2021-02-24,45,2102,37,1985,8,117,0,0,14,477,30,819,14,1296,Not in California
Unknown,2021-02-25,73,2175,59,2044,14,131,0,0,25,453,49,868,25,1321,Not in California
Unknown,2021-02-26,39,2214,25,2069,14,145,0,0,21,458,16,884,21,1342,Not in California
Unknown,2021-02-27,22,2236,16,2085,6,151,0,0,9,458,9,893,9,1351,Not in California
Unknown,2021-02-28,19,2255,13,2098,6,157,0,0,12,465,5,898,12,1363,Not in California
Unknown,2021-03-01,44,2299,27,2125,17,174,0,0,24,470,19,917,24,1387,Not in California
Unknown,2021-03-02,22,2321,11,2136,11,185,0,0,12,475,7,924,12,1399,Not in California
Unknown,2021-03-03,16,2337,12,2148,4,189,0,0,11,482,4,928,11,1410,Not in California
Unknown,2021-03-04,48,2385,45,2193,3,192,0,0,18,470,30,958,18,1428,Not in California
Unknown,2021-03-05,24,2409,15,2208,9,201,0,0,21,485,6,964,21,1449,Not in California
Unknown,2021-03-06,20,2429,12,2220,6,207,2,2,16,499,4,968,18,1467,Not in California
Unknown,2021-03-07,3,2432,1,2221,0,207,2,4,2,501,2,970,4,1471,Not in California
Unknown,2021-03-08,33,2465,24,2245,7,214,2,6,9,487,25,995,11,1482,Not in California
Unknown,2021-03-09,39,2504,32,2277,3,217,4,10,10,471,30,1025,14,1496,Not in California
Unknown,2021-03-10,14,2518,11,2288,1,218,2,12,7,472,8,1033,9,1505,Not in California
Unknown,2021-03-11,31,2549,14,2302,3,221,14,26,8,472,22,1055,22,1527,Not in California
Unknown,2021-03-12,62,2611,48,2350,9,230,5,31,11,439,49,1104,16,1543,Not in California
Unknown,2021-03-13,16,2627,4,2354,8,238,4,35,6,439,10,1114,10,1553,Not in California
Unknown,2021-03-14,14,2641,6,2360,6,244,2,37,6,439,8,1122,8,1561,Not in California
Unknown,2021-03-15,36,2677,16,2376,18,262,2,39,24,451,14,1136,26,1587,Not in California
Unknown,2021-03-16,48,2725,22,2398,22,284,4,43,29,464,20,1156,33,1620,Not in California
Unknown,2021-03-17,39,2764,16,2414,22,306,1,44,34,495,4,1160,35,1655,Not in California
Unknown,2021-03-18,33,2797,20,2434,13,319,0,44,20,503,12,1172,20,1675,Not in California
Unknown,2021-03-19,29,2826,19,2453,10,329,0,44,22,517,8,1180,22,1697,Not in California
Unknown,2021-03-20,27,2853,13,2466,14,343,0,44,15,522,10,1190,15,1712,Not in California
Unknown,2021-03-21,16,2869,10,2476,6,349,0,44,12,531,3,1193,12,1724,Not in California
Unknown,2021-03-22,32,2901,19,2495,12,361,1,45,16,536,12,1205,17,1741,Not in California
Unknown,2021-03-23,24,2925,10,2505,9,370,5,50,11,541,11,1216,16,1757,Not in California
Unknown,2021-03-24,22,2947,9,2514,13,383,0,50,14,547,8,1224,14,1771,Not in California
Unknown,2021-03-25,39,2986,26,2540,13,396,0,50,24,557,14,1238,24,1795,Not in California
Unknown,2021-03-26,34,3020,18,2558,11,407,5,55,17,564,15,1253,22,1817,Not in California
Unknown,2021-03-27,33,3053,15,2573,15,422,3,58,19,569,17,1270,22,1839,Not in California
Unknown,2021-03-28,20,3073,9,2582,11,433,0,58,12,575,6,1276,12,1851,Not in California
Unknown,2021-03-29,40,3113,21,2603,19,452,0,58,23,585,13,1289,23,1874,Not in California
Unknown,2021-03-30,42,3155,24,2627,18,470,0,58,25,595,15,1304,25,1899,Not in California
Unknown,2021-03-31,35,3190,22,2649,12,482,1,59,25,610,11,1315,26,1925,Not in California
Unknown,2021-04-01,27,3217,17,2666,7,489,3,62,17,621,9,1324,20,1945,Not in California
Unknown,2021-04-02,45,3262,22,2688,14,503,9,71,19,623,26,1350,28,1973,Not in California
Unknown,2021-04-03,21,3283,10,2698,11,514,0,71,15,628,10,1360,15,1988,Not in California
Unknown,2021-04-04,15,3298,4,2702,11,525,0,71,9,632,5,1365,9,1997,Not in California
Unknown,2021-04-05,36,3334,22,2724,13,538,1,72,18,634,17,1382,19,2016,Not in California
Unknown,2021-04-06,24,3358,15,2739,8,546,1,73,12,636,11,1393,13,2029,Not in California
Unknown,2021-04-07,38,3396,26,2765,11,557,1,74,27,652,11,1404,27,2056,Not in California
Unknown,2021-04-08,32,3428,21,2786,6,563,5,79,15,653,19,1423,20,2076,Not in California
Unknown,2021-04-09,33,3461,24,2810,9,572,0,79,20,662,11,1434,20,2096,Not in California
Unknown,2021-04-10,11,3472,9,2819,1,573,1,80,5,661,7,1441,6,2102,Not in California
Unknown,2021-04-11,11,3483,7,2826,4,577,0,80,5,661,5,1446,5,2107,Not in California
Unknown,2021-04-12,37,3520,20,2846,16,593,1,81,16,655,23,1469,17,2124,Not in California
Unknown,2021-04-13,48,3568,28,2874,20,613,0,81,18,645,28,1497,18,2142,Not in California
Unknown,2021-04-14,30,3598,9,2883,21,634,0,81,6,627,24,1521,6,2148,Not in California
Unknown,2021-04-15,32,3630,17,2900,14,648,1,82,11,616,22,1543,11,2159,Not in California
Unknown,2021-04-16,26,3656,16,2916,10,658,0,82,10,610,16,1559,10,2169,Not in California
Unknown,2021-04-17,23,3679,14,2930,9,667,0,82,8,605,14,1573,9,2178,Not in California
Unknown,2021-04-18,21,3700,8,2938,13,680,0,82,10,603,12,1585,10,2188,Not in California
Unknown,2021-04-19,35,3735,22,2960,13,693,0,82,14,597,20,1605,14,2202,Not in California
Unknown,2021-04-20,24,3759,15,2975,9,702,0,82,6,585,18,1623,6,2208,Not in California
Unknown,2021-04-21,40,3799,20,2995,20,722,0,82,15,575,25,1648,15,2223,Not in California
Unknown,2021-04-22,28,3827,19,3014,9,731,0,82,7,562,20,1668,7,2230,Not in California
Unknown,2021-04-23,31,3858,16,3030,15,746,0,82,14,561,15,1683,14,2244,Not in California
Unknown,2021-04-24,34,3892,25,3055,9,755,0,82,18,564,15,1698,18,2262,Not in California
Unknown,2021-04-25,20,3912,9,3064,11,766,0,82,7,559,12,1710,7,2269,Not in California
Unknown,2021-04-26,29,3941,19,3083,10,776,0,82,12,553,18,1728,12,2281,Not in California
Unknown,2021-04-27,32,3973,18,3101,13,789,1,83,11,545,20,1748,12,2293,Not in California
Unknown,2021-04-28,28,4001,19,3120,7,796,2,85,8,535,20,1768,10,2303,Not in California
Unknown,2021-04-29,34,4035,22,3142,12,808,0,85,15,529,21,1789,15,2318,Not in California
Unknown,2021-04-30,30,4065,15,3157,10,818,5,90,16,535,15,1804,21,2339,Not in California
Unknown,2021-05-01,27,4092,20,3177,7,825,0,90,15,539,11,1815,15,2354,Not in California
Unknown,2021-05-02,15,4107,6,3183,8,833,1,91,5,536,9,1824,6,2360,Not in California
Unknown,2021-05-03,23,4130,15,3198,5,838,3,94,6,527,17,1841,8,2368,Not in California
Unknown,2021-05-04,20,4150,9,3207,5,843,6,100,5,522,16,1857,11,2379,Not in California
Unknown,2021-05-05,26,4176,11,3218,14,857,1,101,11,519,15,1872,12,2391,Not in California
Unknown,2021-05-06,34,4210,21,3239,6,863,7,108,11,513,24,1896,18,2409,Not in California
Unknown,2021-05-07,27,4237,13,3252,10,873,4,112,10,509,18,1914,14,2423,Not in California
Unknown,2021-05-08,16,4253,10,3262,4,877,2,114,6,507,10,1924,8,2431,Not in California
Unknown,2021-05-09,17,4270,4,3266,9,886,4,118,8,510,9,1933,12,2443,Not in California
Unknown,2021-05-10,21,4291,11,3277,7,893,3,121,3,500,16,1949,6,2449,Not in California
Unknown,2021-05-11,20,4311,10,3287,6,899,4,125,10,504,10,1959,14,2463,Not in California
Unknown,2021-05-12,14,4325,8,3295,5,904,1,126,4,500,9,1968,5,2468,Not in California
Unknown,2021-05-13,18,4343,12,3307,1,905,5,131,11,508,9,1977,17,2485,Not in California
Unknown,2021-05-14,23,4366,18,3325,4,909,1,132,14,513,9,1986,14,2499,Not in California
Unknown,2021-05-15,22,4388,20,3345,2,911,0,132,13,516,10,1996,13,2512,Not in California
Unknown,2021-05-16,26,4414,17,3362,8,919,1,133,14,519,12,2008,15,2527,Not in California
Unknown,2021-05-17,23,4437,17,3379,4,923,2,135,9,517,13,2021,11,2538,Not in California
Unknown,2021-05-18,31,4468,19,3398,10,933,2,137,17,522,14,2035,19,2557,Not in California
Unknown,2021-05-19,30,4498,22,3420,7,940,1,138,10,514,19,2054,11,2568,Not in California
Unknown,2021-05-20,18,4516,14,3434,3,943,1,139,10,518,7,2061,11,2579,Not in California
Unknown,2021-05-21,24,4540,13,3447,7,950,4,143,9,516,15,2076,13,2592,Not in California
Unknown,2021-05-22,31,4571,26,3473,4,954,1,144,15,519,13,2089,16,2608,Not in California
Unknown,2021-05-23,10,4581,7,3480,3,957,0,144,6,521,4,2093,6,2614,Not in California
Unknown,2021-05-24,9,4590,6,3486,2,959,1,145,5,523,4,2097,6,2620,Not in California
Unknown,2021-05-25,20,4610,10,3496,4,963,6,151,7,524,12,2109,13,2633,Not in California
Unknown,2021-05-26,12,4622,9,3505,2,965,1,152,3,521,7,2116,4,2637,Not in California
Unknown,2021-05-27,22,4644,15,3520,5,970,2,154,6,514,15,2131,8,2645,Not in California
Unknown,2021-05-28,23,4667,12,3532,5,975,6,160,12,521,11,2142,18,2663,Not in California
Unknown,2021-05-29,20,4687,18,3550,2,977,0,160,14,529,6,2148,14,2677,Not in California
Unknown,2021-05-30,7,4694,3,3553,3,980,1,161,3,529,4,2152,4,2681,Not in California
Unknown,2021-05-31,1,4695,1,3554,0,980,0,161,0,528,1,2153,0,2681,Not in California
Unknown,2021-06-01,28,4723,15,3569,7,987,6,167,11,529,16,2169,17,2698,Not in California
Unknown,2021-06-02,7,4730,4,3573,3,990,0,167,2,526,5,2174,2,2700,Not in California
Unknown,2021-06-03,17,4747,16,3589,1,991,0,167,8,525,9,2183,8,2708,Not in California
Unknown,2021-06-04,28,4775,18,3607,10,1001,0,167,15,527,13,2196,15,2723,Not in California
Unknown,2021-06-05,32,4807,25,3632,6,1007,1,168,19,534,13,2209,20,2743,Not in California
Unknown,2021-06-06,29,4836,20,3652,6,1013,3,171,11,530,18,2227,14,2757,Not in California
Unknown,2021-06-07,20,4856,9,3661,8,1021,3,174,9,531,11,2238,12,2769,Not in California
Unknown,2021-06-08,15,4871,7,3668,5,1026,3,177,5,529,10,2248,8,2777,Not in California
Unknown,2021-06-09,30,4901,20,3688,9,1035,1,178,17,535,12,2260,18,2795,Not in California
Unknown,2021-06-10,14,4915,11,3699,3,1038,0,178,6,533,8,2268,6,2801,Not in California
Unknown,2021-06-11,6,4921,4,3703,1,1039,1,179,5,537,2,2270,6,2807,Not in California
Unknown,2021-06-12,15,4936,11,3714,4,1043,0,179,9,539,7,2277,9,2816,Not in California
Unknown,2021-06-13,10,4946,6,3720,4,1047,0,179,3,535,7,2284,3,2819,Not in California
Unknown,2021-06-14,10,4956,9,3729,1,1048,0,179,4,534,5,2289,4,2823,Not in California
Unknown,2021-06-15,22,4978,13,3742,9,1057,0,179,8,529,13,2302,8,2831,Not in California
Unknown,2021-06-16,6,4984,3,3745,3,1060,0,179,5,533,1,2303,5,2836,Not in California
Unknown,2021-06-17,16,5000,10,3755,4,1064,2,181,12,543,4,2307,14,2850,Not in California
Unknown,2021-06-18,16,5016,12,3767,4,1068,0,181,10,546,7,2314,10,2860,Not in California
Unknown,2021-06-19,12,5028,10,3777,1,1069,1,182,2,539,10,2324,3,2863,Not in California
Unknown,2021-06-20,6,5034,4,3781,1,1070,1,183,3,540,3,2327,4,2867,Not in California
Unknown,2021-06-21,13,5047,9,3790,4,1074,0,183,8,543,5,2332,8,2875,Not in California
Unknown,2021-06-22,17,5064,11,3801,6,1080,0,183,14,554,3,2335,14,2889,Not in California
Unknown,2021-06-23,9,5073,4,3805,4,1084,1,184,6,558,3,2338,7,2896,Not in California
Unknown,2021-06-24,11,5084,5,3810,5,1089,1,185,6,560,5,2343,7,2903,Not in California
Unknown,2021-06-25,13,5097,12,3822,1,1090,0,185,8,564,4,2347,8,2911,Not in California
Unknown,2021-06-26,14,5111,14,3836,0,1090,0,185,10,570,4,2351,10,2921,Not in California
Unknown,2021-06-27,23,5134,18,3854,3,1093,2,187,12,573,11,2362,14,2935,Not in California
Unknown,2021-06-28,17,5151,14,3868,3,1096,0,187,11,578,6,2368,11,2946,Not in California
Unknown,2021-06-29,8,5159,6,3874,2,1098,0,187,7,584,1,2369,7,2953,Not in California
Unknown,2021-06-30,22,5181,21,3895,1,1099,0,187,12,586,10,2379,12,2965,Not in California
Unknown,2021-07-01,21,5202,20,3915,1,1100,0,187,15,597,4,2383,15,2980,Not in California
Unknown,2021-07-02,8,5210,5,3920,3,1103,0,187,5,599,3,2386,5,2985,Not in California
Unknown,2021-07-03,8,5218,8,3928,0,1103,0,187,4,599,4,2390,4,2989,Not in California
Unknown,2021-07-04,2,5220,2,3930,0,1103,0,187,0,597,2,2392,0,2989,Not in California
Unknown,2021-07-05,25,5245,20,3950,4,1107,1,188,17,607,8,2400,18,3007,Not in California
Unknown,2021-07-06,13,5258,10,3960,3,1110,0,188,7,608,6,2406,7,3014,Not in California
Unknown,2021-07-07,28,5286,17,3977,9,1119,2,190,17,616,11,2417,19,3033,Not in California
Unknown,2021-07-08,28,5314,24,4001,4,1123,0,190,20,628,8,2425,20,3053,Not in California
Unknown,2021-07-09,14,5328,11,4012,2,1125,1,191,5,625,9,2434,6,3059,Not in California
Unknown,2021-07-10,10,5338,4,4016,6,1131,0,191,4,623,6,2440,4,3063,Not in California
Alameda,2020-12-15,37,37,37,37,0,0,0,0,37,37,0,0,37,37,California
Alameda,2020-12-16,213,250,213,250,0,0,0,0,213,250,0,0,213,250,California
Alameda,2020-12-17,513,763,513,763,0,0,0,0,513,763,0,0,513,763,California
Alameda,2020-12-18,1920,2683,1919,2682,1,1,0,0,1920,2683,0,0,1920,2683,California
Alameda,2020-12-19,1431,4114,1431,4113,0,1,0,0,1431,4114,0,0,1431,4114,California
Alameda,2020-12-20,1183,5297,1182,5295,1,2,0,0,1182,5295,1,1,1182,5296,California
Alameda,2020-12-21,1853,7150,1851,7146,2,4,0,0,1852,7147,0,1,1852,7148,California
Alameda,2020-12-22,2104,9254,2050,9196,54,58,0,0,2103,9249,1,2,2103,9251,California
Alameda,2020-12-23,1936,11190,1680,10876,256,314,0,0,1936,11185,0,2,1936,11187,California
Alameda,2020-12-24,1217,12407,754,11630,463,777,0,0,1217,12402,0,2,1217,12404,California
Alameda,2020-12-25,163,12570,126,11756,37,814,0,0,163,12565,0,2,163,12567,California
Alameda,2020-12-26,862,13432,324,12080,538,1352,0,0,862,13427,0,2,862,13429,California
Alameda,2020-12-27,498,13930,257,12337,241,1593,0,0,498,13925,0,2,498,13927,California
Alameda,2020-12-28,1889,15819,966,13303,923,2516,0,0,1889,15814,0,2,1889,15816,California
Alameda,2020-12-29,2488,18307,1080,14383,1408,3924,0,0,2487,18301,0,2,2487,18303,California
Alameda,2020-12-30,3099,21406,1327,15710,1772,5696,0,0,3099,21400,0,2,3099,21402,California
Alameda,2020-12-31,1804,23210,449,16159,1355,7051,0,0,1801,23199,2,4,1801,23203,California
Alameda,2021-01-01,179,23389,76,16235,103,7154,0,0,177,23374,2,6,177,23380,California
Alameda,2021-01-02,731,24120,526,16761,205,7359,0,0,730,24104,0,6,730,24110,California
Alameda,2021-01-03,336,24456,217,16978,119,7478,0,0,333,24434,3,9,333,24443,California
Alameda,2021-01-04,1623,26079,915,17893,708,8186,0,0,1611,26034,11,20,1611,26054,California
Alameda,2021-01-05,2229,28308,1285,19178,944,9130,0,0,1974,27756,252,272,1974,28028,California
Alameda,2021-01-06,3288,31596,1817,20995,1471,10601,0,0,2410,29293,875,1147,2412,30440,California
Alameda,2021-01-07,3845,35441,2162,23157,1683,12284,0,0,2647,30756,1189,2336,2652,33092,California
Alameda,2021-01-08,4783,40224,2735,25892,2048,14332,0,0,3040,32063,1738,4074,3045,36137,California
Alameda,2021-01-09,2036,42260,1385,27277,651,14983,0,0,1169,32365,867,4941,1169,37306,California
Alameda,2021-01-10,1065,43325,839,28116,226,15209,0,0,428,32155,638,5579,428,37734,California
Alameda,2021-01-11,4690,48015,3549,31665,1141,16350,0,0,2874,33222,1814,7393,2881,40615,California
Alameda,2021-01-12,4871,52886,3285,34950,1586,17936,0,0,3463,35283,1405,8798,3466,44081,California
Alameda,2021-01-13,5082,57968,2705,37655,2377,20313,0,0,3876,37959,1202,10000,3878,47959,California
Alameda,2021-01-14,5694,63662,2816,40471,2878,23191,0,0,4790,41857,895,10895,4793,52752,California
Alameda,2021-01-15,5878,69540,2336,42807,3542,26733,0,0,5093,46176,778,11673,5097,57849,California
Alameda,2021-01-16,3003,72543,1398,44205,1605,28338,0,0,2731,48635,273,11946,2732,60581,California
Alameda,2021-01-17,1883,74426,1090,45295,793,29131,0,0,1674,50101,209,12155,1675,62256,California
Alameda,2021-01-18,3200,77626,2051,47346,1149,30280,0,0,2603,52114,592,12747,2605,64861,California
Alameda,2021-01-19,5556,83182,3335,50681,2221,32501,0,0,4355,55272,1199,13946,4357,69218,California
Alameda,2021-01-20,6940,90122,4242,54923,2698,35199,0,0,5635,59620,1291,15237,5639,74857,California
Alameda,2021-01-21,8186,98308,3769,58692,4417,39616,0,0,7328,66103,850,16087,7333,82190,California
Alameda,2021-01-22,6916,105224,2069,60761,4847,44463,0,0,5761,70719,1146,17233,5762,87952,California
Alameda,2021-01-23,3300,108524,952,61713,2348,46811,0,0,2742,72905,556,17789,2742,90694,California
Alameda,2021-01-24,2047,110571,655,62368,1392,48203,0,0,1772,74406,271,18060,1772,92466,California
Alameda,2021-01-25,5222,115793,1988,64356,3234,51437,0,0,3635,76464,1579,19639,3637,96103,California
Alameda,2021-01-26,7366,123159,2325,66681,5041,56478,0,0,5465,80038,1892,21531,5466,101569,California
Alameda,2021-01-27,6762,129921,2085,68766,4677,61155,0,0,4879,83044,1873,23404,4879,106448,California
Alameda,2021-01-28,7932,137853,2563,71329,5369,66524,0,0,5674,86478,2242,25646,5676,112124,California
Alameda,2021-01-29,8035,145888,3203,74532,4832,71356,0,0,6179,90815,1844,27490,6181,118305,California
Alameda,2021-01-30,3467,149355,1700,76232,1767,73123,0,0,2749,92852,712,28202,2749,121054,California
Alameda,2021-01-31,1938,151293,960,77192,978,74101,0,0,1695,94308,239,28441,1695,122749,California
Alameda,2021-02-01,6519,157812,3887,81079,2632,76733,0,0,4358,96516,2151,30592,4359,127108,California
Alameda,2021-02-02,7096,164908,3819,84898,3277,80010,0,0,4742,98915,2343,32935,4742,131850,California
Alameda,2021-02-03,7173,172081,3783,88681,3390,83400,0,0,4415,100584,2751,35686,4420,136270,California
Alameda,2021-02-04,9601,181682,4152,92833,5449,88849,0,0,6430,103863,3157,38843,6436,142706,California
Alameda,2021-02-05,10414,192096,5426,98259,4988,93837,0,0,6500,106463,3906,42749,6506,149212,California
Alameda,2021-02-06,7042,199138,4463,102722,2579,96416,0,0,5891,111208,1147,43896,5892,155104,California
Alameda,2021-02-07,3595,202733,2897,105619,698,97114,0,0,2648,112914,943,44839,2649,157753,California
Alameda,2021-02-08,8177,210910,5840,111459,2337,99451,0,0,5574,115899,2591,47430,5576,163329,California
Alameda,2021-02-09,9778,220688,5877,117336,3901,103352,0,0,6099,118342,3658,51088,6101,169430,California
Alameda,2021-02-10,11597,232285,6844,124180,4753,108105,0,0,6504,119780,5074,56162,6512,175942,California
Alameda,2021-02-11,14086,246371,8081,132261,6005,114110,0,0,8156,122027,5912,62074,8159,184101,California
Alameda,2021-02-12,12660,259031,5761,138022,6899,121009,0,0,7823,125042,4811,66885,7826,191927,California
Alameda,2021-02-13,7874,266905,4088,142110,3786,124795,0,0,5880,128938,1986,68871,5882,197809,California
Alameda,2021-02-14,4070,270975,2562,144672,1508,126303,0,0,2884,130645,1180,70051,2887,200696,California
Alameda,2021-02-15,5712,276687,3212,147884,2500,128803,0,0,3701,132342,2008,72059,3705,204401,California
Alameda,2021-02-16,12635,289322,7016,154900,5619,134422,0,0,9351,138431,3271,75330,9360,213761,California
Alameda,2021-02-17,14314,303636,8504,163404,5810,140232,0,0,10604,145349,3688,79018,10606,224367,California
Alameda,2021-02-18,16084,319720,10211,173615,5873,146105,0,0,11657,152598,4414,83432,11663,236030,California
Alameda,2021-02-19,18059,337779,11732,185347,6327,152432,0,0,11899,158368,6135,89567,11905,247935,California
Alameda,2021-02-20,12224,350003,9877,195224,2347,154779,0,0,9363,164882,2855,92422,9369,257304,California
Alameda,2021-02-21,7982,357985,6998,202222,984,155763,0,0,5363,167638,2608,95030,5364,262668,California
Alameda,2021-02-22,11419,369404,8432,210654,2987,158750,0,0,7159,170563,4243,99273,7168,269836,California
Alameda,2021-02-23,13593,382997,8256,218910,5337,164087,0,0,8423,173835,5158,104431,8430,278266,California
Alameda,2021-02-24,15478,398475,8684,227594,6794,170881,0,0,9987,178406,5421,109852,9992,288258,California
Alameda,2021-02-25,16462,414937,9561,237155,6901,177782,0,0,10361,182717,6059,115911,10370,298628,California
Alameda,2021-02-26,19119,434056,11155,248310,7964,185746,0,0,12106,187872,6957,122868,12112,310740,California
Alameda,2021-02-27,15461,449517,11419,259729,4040,189786,2,2,9536,191528,5885,128753,9541,320281,California
Alameda,2021-02-28,10172,459689,8480,268209,1691,191477,1,3,6583,194552,3562,132315,6586,326867,California
Alameda,2021-03-01,14200,473889,9818,278027,4368,195845,14,17,8669,197762,5480,137795,8690,335557,California
Alameda,2021-03-02,15155,489044,10890,288917,4263,200108,2,19,9903,202449,5226,143021,9913,345470,California
Alameda,2021-03-03,15961,505005,10461,299378,5497,205605,3,22,10906,208339,5024,148045,10914,356384,California
Alameda,2021-03-04,17604,522609,11287,310665,6315,211920,2,24,11066,212914,6493,154538,11068,367452,California
Alameda,2021-03-05,16414,539023,10733,321398,5671,217591,10,34,11060,218683,5308,159846,11077,378529,California
Alameda,2021-03-06,14692,553715,10327,331725,4103,221694,262,296,9700,223706,4939,164785,9962,388491,California
Alameda,2021-03-07,10004,563719,8543,340268,1245,222939,216,512,7053,228060,2918,167703,7272,395763,California
Alameda,2021-03-08,12091,575810,7514,347782,4178,227117,399,911,9023,234463,3016,170719,9419,405182,California
Alameda,2021-03-09,14842,590652,10380,358162,4020,231137,442,1353,8072,236247,6730,177449,8514,413696,California
Alameda,2021-03-10,17711,608363,12249,370411,4890,236027,572,1925,7964,235055,9713,187162,8521,422217,California
Alameda,2021-03-11,19963,628326,11688,382099,6553,242580,1722,3647,6791,230399,13139,200301,8483,430700,California
Alameda,2021-03-12,21563,649889,12600,394699,7255,249835,1708,5355,7440,225439,14089,214390,9129,439829,California
Alameda,2021-03-13,16260,666149,10411,405110,4837,254672,1012,6367,5164,220543,11058,225448,6162,445991,California
Alameda,2021-03-14,10960,677109,8064,413174,2105,256777,791,7158,3318,217020,7619,233067,4096,450087,California
Alameda,2021-03-15,14606,691715,9548,422722,4523,261300,535,7693,6185,215355,8380,241447,6715,456802,California
Alameda,2021-03-16,17420,709135,11283,434005,5591,266891,546,8239,7299,213141,10061,251508,7847,464649,California
Alameda,2021-03-17,17830,726965,10124,444129,6971,273862,735,8974,8201,212493,9578,261086,8930,473579,California
Alameda,2021-03-18,19509,746474,10680,454809,7926,281788,903,9877,8775,211472,10698,271784,9677,483256,California
Alameda,2021-03-19,19771,766245,10881,465690,7090,288878,1800,11677,7728,208997,11987,283771,9512,492768,California
Alameda,2021-03-20,15937,782182,10436,476126,4639,293517,862,12539,6326,206602,9573,293344,7178,499946,California
Alameda,2021-03-21,9352,791534,7356,483482,1439,294956,557,13096,3476,204770,5863,299207,4031,503977,California
Alameda,2021-03-22,15344,806878,10336,493818,3996,298952,1012,14108,6977,204417,8332,307539,7979,511956,California
Alameda,2021-03-23,19630,826508,11920,505738,6897,305849,813,14921,9959,205576,9616,317155,10775,522731,California
Alameda,2021-03-24,19536,846044,11816,517554,6692,312541,1028,15949,8465,204052,11004,328159,9480,532211,California
Alameda,2021-03-25,20816,866860,11597,529151,7807,320348,1412,17361,9503,203718,11234,339393,10900,543111,California
Alameda,2021-03-26,21215,888075,12792,541943,6852,327200,1571,18932,8561,201229,12601,351994,10112,553223,California
Alameda,2021-03-27,18503,906578,12632,554575,4915,332115,956,19888,7557,198843,10886,362880,8500,561723,California
Alameda,2021-03-28,10720,917298,8727,563302,1791,333906,202,20090,3478,195306,7221,370101,3684,565407,California
Alameda,2021-03-29,14940,932238,9525,572827,4416,338322,999,21089,5986,193377,8911,379012,6982,572389,California
Alameda,2021-03-30,18890,951128,9936,582763,7225,345547,1729,22818,9477,195195,9375,388387,11193,583582,California
Alameda,2021-03-31,19692,970820,10398,593161,7176,352723,2118,24936,9217,196071,10441,398828,11317,594899,California
Alameda,2021-04-01,23619,994439,10151,603312,7757,360480,5711,30647,11229,200616,12327,411155,16872,611771,California
Alameda,2021-04-02,24418,1018857,10034,613346,8481,368961,5903,36550,11860,205797,12516,423671,17697,629468,California
Alameda,2021-04-03,20517,1039374,9919,623265,5721,374682,4877,41427,10370,210886,10120,433791,15209,644677,California
Alameda,2021-04-04,10023,1049397,4012,627277,2300,376982,3711,45138,3467,211507,6534,440325,7155,651832,California
Alameda,2021-04-05,18034,1067431,7613,634890,5604,382586,4817,49955,7366,213036,10636,450961,12165,663997,California
Alameda,2021-04-06,22466,1089897,10820,645710,5768,388354,5878,55833,10227,216897,12198,463159,16059,680056,California
Alameda,2021-04-07,22812,1112709,11726,657436,5588,393942,5498,61331,11533,222675,11229,474388,17007,697063,California
Alameda,2021-04-08,25825,1138534,11673,669109,6111,400053,8041,69372,11059,227055,14682,489070,19062,716125,California
Alameda,2021-04-09,23702,1162236,10836,679945,7595,407648,5271,74643,12194,233034,11467,500537,17446,733571,California
Alameda,2021-04-10,19483,1181719,7518,687463,5722,413370,6243,80886,8278,236350,11174,511711,14490,748061,California
Alameda,2021-04-11,11110,1192829,4870,692333,2280,415650,3960,84846,4515,238225,6575,518286,8450,756511,California
Alameda,2021-04-12,18317,1211146,11881,704214,4437,420087,1999,86845,10297,242538,7976,526262,12289,768800,California
Alameda,2021-04-13,23306,1234452,14766,718980,8478,428565,62,86907,17097,253552,6152,532414,17166,785966,California
Alameda,2021-04-14,23409,1257861,15350,734330,8057,436622,2,86909,15662,261519,7702,540116,15669,801635,California
Alameda,2021-04-15,24509,1282370,15639,749969,8865,445487,5,86914,16149,269390,8292,548408,16163,817798,California
Alameda,2021-04-16,24900,1307270,14658,764627,10236,455723,6,86920,15885,276351,8945,557353,15906,833704,California
Alameda,2021-04-17,21215,1328485,14662,779289,6551,462274,2,86922,14650,284495,6522,563875,14666,848370,California
Alameda,2021-04-18,10449,1338934,8068,787357,2381,464655,0,86922,7218,288528,3194,567069,7227,855597,California
Alameda,2021-04-19,15996,1354930,9947,797304,6048,470703,1,86923,9242,291069,6711,573780,9252,864849,California
Alameda,2021-04-20,19015,1373945,11765,809069,7248,477951,2,86925,10338,292813,8616,582396,10360,875209,California
Alameda,2021-04-21,20447,1394392,12283,821352,8152,486103,12,86937,11802,296071,8577,590973,11835,887044,California
Alameda,2021-04-22,22135,1416527,14391,835743,7739,493842,5,86942,11732,297494,10340,601313,11763,898807,California
Alameda,2021-04-23,22501,1439028,14701,850444,7796,501638,4,86946,12494,300086,9935,611248,12527,911334,California
Alameda,2021-04-24,19072,1458100,14473,864917,4591,506229,8,86954,10071,301232,8949,620197,10095,921429,California
Alameda,2021-04-25,9025,1467125,7019,871936,2005,508234,1,86955,5906,304060,3090,623287,5918,927347,California
Alameda,2021-04-26,14881,1482006,10333,882269,4520,512754,28,86983,9102,307462,5739,629026,9141,936488,California
Alameda,2021-04-27,16738,1498744,9970,892239,6399,519153,369,87352,7845,306864,8836,637862,8238,944726,California
Alameda,2021-04-28,17085,1515829,10901,903140,5718,524871,466,87818,6907,304116,10138,648000,7390,952116,California
Alameda,2021-04-29,17722,1533551,10745,913885,6647,531518,330,88148,6601,300017,11054,659054,6955,959071,California
Alameda,2021-04-30,20572,1554123,12945,926830,7281,538799,346,88494,8474,296878,12005,671059,8866,967937,California
Alameda,2021-05-01,14104,1568227,9432,936262,4461,543260,211,88705,5266,293590,8794,679853,5506,973443,California
Alameda,2021-05-02,7110,1575337,4963,941225,1976,545236,171,88876,2899,292470,4193,684046,3073,976516,California
Alameda,2021-05-03,14632,1589969,11001,952226,3309,548545,322,89198,2859,283977,11707,695753,3214,979730,California
Alameda,2021-05-04,18881,1608850,13646,965872,4871,553416,364,89562,3808,273189,14996,710749,4208,983938,California
Alameda,2021-05-05,18793,1627643,13735,979607,4549,557965,509,90071,3834,262658,14892,725641,4361,988299,California
Alameda,2021-05-06,19295,1646938,14684,994291,3916,561881,695,90766,3783,251721,15429,741070,4492,992791,California
Alameda,2021-05-07,19500,1666438,13166,1007457,5914,567795,420,91186,4469,241671,14956,756026,4906,997697,California
Alameda,2021-05-08,17089,1683527,11861,1019318,5015,572810,213,91399,3266,231383,13783,769809,3495,1001192,California
Alameda,2021-05-09,8586,1692113,7031,1026349,1412,574222,143,91542,1329,225624,7235,777044,1476,1002668,California
Alameda,2021-05-10,10436,1702549,7202,1033551,2907,577129,327,91869,2506,220576,7891,784935,2843,1005511,California
Alameda,2021-05-11,15729,1718278,8625,1042176,6788,583917,316,92185,2808,210867,12871,797806,3162,1008673,California
Alameda,2021-05-12,13537,1731815,9031,1051207,4059,587976,447,92632,2716,203291,10774,808580,3198,1011871,California
Alameda,2021-05-13,18086,1749901,13010,1064217,4534,592510,542,93174,5732,197304,12301,820881,6314,1018185,California
Alameda,2021-05-14,20835,1770736,14161,1078378,6208,598718,466,93640,7069,191169,13684,834565,7549,1025734,California
Alameda,2021-05-15,17339,1788075,12662,1091040,4445,603163,232,93872,5932,185981,11357,845922,6169,1031903,California
Alameda,2021-05-16,8897,1796972,7650,1098690,1141,604304,106,93978,3140,183510,5722,851644,3251,1035154,California
Alameda,2021-05-17,13569,1810541,10119,1108809,2918,607222,532,94510,4201,178929,9327,860971,4746,1039900,California
Alameda,2021-05-18,14287,1824828,10392,1119201,3469,610691,426,94936,4986,175086,9256,870227,5413,1045313,California
Alameda,2021-05-19,14544,1839372,9978,1129179,4228,614919,338,95274,5882,172697,8611,878838,6222,1051535,California
Alameda,2021-05-20,13441,1852813,8886,1138065,4019,618938,536,95810,5748,171345,7636,886474,6284,1057819,California
Alameda,2021-05-21,15294,1868107,10056,1148121,4967,623905,271,96081,5069,166535,10155,896629,5345,1063164,California
Alameda,2021-05-22,10378,1878485,7498,1155619,2712,626617,168,96249,4199,164758,6147,902776,4370,1067534,California
Alameda,2021-05-23,5143,1883628,3964,1159583,1090,627707,89,96338,1679,163085,3442,906218,1769,1069303,California
Alameda,2021-05-24,7276,1890904,4243,1163826,2773,630480,260,96598,2827,161769,4408,910626,3092,1072395,California
Alameda,2021-05-25,8039,1898943,5198,1169024,2579,633059,262,96860,3522,161068,4481,915107,3780,1076175,California
Alameda,2021-05-26,8300,1907243,5187,1174211,2812,635871,301,97161,3579,160249,4694,919801,3875,1080050,California
Alameda,2021-05-27,8168,1915411,4881,1179092,2884,638755,403,97564,3341,159204,4784,924585,3739,1083789,California
Alameda,2021-05-28,8640,1924051,5060,1184152,3352,642107,228,97792,3602,158030,5006,929591,3832,1087621,California
Alameda,2021-05-29,4959,1929010,3000,1187152,1772,643879,187,97979,2447,158177,2489,932080,2636,1090257,California
Alameda,2021-05-30,2466,1931476,1617,1188769,760,644639,89,98068,972,157754,1484,933564,1061,1091318,California
Alameda,2021-05-31,1164,1932640,862,1189631,247,644886,55,98123,347,157355,801,934365,402,1091720,California
Alameda,2021-06-01,7190,1939830,4985,1194616,1892,646778,313,98436,2956,156416,4206,938571,3267,1094987,California
Alameda,2021-06-02,5829,1945659,3626,1198242,1979,648757,224,98660,2182,155202,3612,942183,2398,1097385,California
Alameda,2021-06-03,8508,1954167,6413,1204655,1794,650551,301,98961,2769,152568,5699,947882,3065,1100450,California
Alameda,2021-06-04,10479,1964646,7724,1212379,2513,653064,242,99203,2830,148029,7611,955493,3072,1103522,California
Alameda,2021-06-05,8105,1972751,5895,1218274,2049,655113,161,99364,1792,143700,6279,961772,1950,1105472,California
Alameda,2021-06-06,3694,1976445,3335,1221609,278,655391,81,99445,869,141835,2815,964587,950,1106422,California
Alameda,2021-06-07,5876,1982321,4288,1225897,1411,656802,177,99622,1725,139611,4126,968713,1902,1108324,California
Alameda,2021-06-08,7275,1989596,5816,1231713,1216,658018,243,99865,2100,136803,5148,973861,2340,1110664,California
Alameda,2021-06-09,7306,1996902,5972,1237685,1138,659156,196,100061,1674,133062,5605,979466,1864,1112528,California
Alameda,2021-06-10,8016,2004918,6707,1244392,1005,660161,304,100365,2134,129639,5858,985324,2435,1114963,California
Alameda,2021-06-11,8070,2012988,6186,1250578,1659,661820,225,100590,2462,126749,5580,990904,2690,1117653,California
Alameda,2021-06-12,5511,2018499,4224,1254802,1100,662920,187,100777,1368,124190,4118,995022,1559,1119212,California
Alameda,2021-06-13,2312,2020811,1764,1256566,426,663346,122,100899,662,123333,1639,996661,782,1119994,California
Alameda,2021-06-14,4588,2025399,3449,1260015,927,664273,212,101111,1547,122071,3019,999680,1757,1121751,California
Alameda,2021-06-15,6022,2031421,4375,1264390,1365,665638,282,101393,1791,119950,4193,1003873,2072,1123823,California
Alameda,2021-06-16,5195,2036616,4149,1268539,842,666480,204,101597,1533,118040,3644,1007517,1734,1125557,California
Alameda,2021-06-17,5639,2042255,4553,1273092,851,667331,235,101832,1872,116415,3734,1011251,2109,1127666,California
Alameda,2021-06-18,5948,2048203,4486,1277578,1208,668539,254,102086,1987,114718,3934,1015185,2237,1129903,California
Alameda,2021-06-19,3458,2051661,2618,1280196,681,669220,159,102245,1054,113539,2391,1017576,1212,1131115,California
Alameda,2021-06-20,1403,2053064,1171,1281367,186,669406,46,102291,523,113232,874,1018450,567,1131682,California
Alameda,2021-06-21,2715,2055779,1846,1283213,708,670114,161,102452,1387,113469,1311,1019761,1548,1133230,California
Alameda,2021-06-22,4578,2060357,3546,1286759,838,670952,194,102646,1405,111909,3157,1022918,1597,1134827,California
Alameda,2021-06-23,3500,2063857,2690,1289449,624,671576,186,102832,1178,110962,2307,1025225,1360,1136187,California
Alameda,2021-06-24,4403,2068260,3514,1292963,652,672228,237,103069,1510,109836,2871,1028096,1745,1137932,California
Alameda,2021-06-25,4640,2072900,3474,1296437,957,673185,209,103278,1716,108854,2907,1031003,1925,1139857,California
Alameda,2021-06-26,3074,2075974,2260,1298697,649,673834,165,103443,1066,108095,1989,1032992,1230,1141087,California
Alameda,2021-06-27,1301,2077275,1068,1299765,186,674020,47,103490,512,107872,782,1033774,559,1141646,California
Alameda,2021-06-28,2913,2080188,2367,1302132,349,674369,197,103687,1138,107454,1752,1035526,1334,1142980,California
Alameda,2021-06-29,3690,2083878,2954,1305086,597,674966,139,103826,1286,106490,2388,1037914,1424,1144404,California
Alameda,2021-06-30,2866,2086744,2234,1307320,499,675465,133,103959,1066,105898,1789,1039703,1197,1145601,California
Alameda,2021-07-01,3476,2090220,2735,1310055,591,676056,150,104109,1244,105079,2210,1041913,1391,1146992,California
Alameda,2021-07-02,3987,2094207,2991,1313046,826,676882,170,104279,1453,104187,2508,1044421,1616,1148608,California
Alameda,2021-07-03,2043,2096250,1491,1314537,463,677345,89,104368,801,103847,1229,1045650,889,1149497,California
Alameda,2021-07-04,96,2096346,61,1314598,30,677375,5,104373,41,103839,54,1045704,46,1149543,California
Alameda,2021-07-05,1615,2097961,1342,1315940,215,677590,58,104431,718,103726,887,1046591,774,1150317,California
Alameda,2021-07-06,3607,2101568,2903,1318843,597,678187,107,104538,1214,102676,2371,1048962,1321,1151638,California
Alameda,2021-07-07,2762,2104330,2012,1320855,574,678761,176,104714,982,102076,1757,1050719,1157,1152795,California
Alameda,2021-07-08,2795,2107125,2218,1323073,431,679192,146,104860,1021,101492,1747,1052466,1163,1153958,California
Alameda,2021-07-09,3479,2110604,2748,1325821,598,679790,133,104993,1372,100919,2079,1054545,1506,1155464,California
Alameda,2021-07-10,1625,2112229,1159,1326980,369,680159,97,105090,601,100606,1012,1055557,699,1156163,California
Alpine,2020-12-18,2,2,2,2,0,0,0,0,2,2,0,0,2,2,California
Alpine,2020-12-19,2,4,2,4,0,0,0,0,2,4,0,0,2,4,California
Alpine,2020-12-21,2,6,2,6,0,0,0,0,2,6,0,0,2,6,California
Alpine,2020-12-29,1,7,0,6,1,1,0,0,1,7,0,0,1,7,California
Alpine,2020-12-30,14,21,0,6,14,15,0,0,14,21,0,0,14,21,California
Alpine,2020-12-31,1,22,0,6,1,16,0,0,1,22,0,0,1,22,California
Alpine,2021-01-01,1,23,0,6,1,17,0,0,1,23,0,0,1,23,California
Alpine,2021-01-02,1,24,1,7,0,17,0,0,1,24,0,0,1,24,California
Alpine,2021-01-04,10,34,0,7,10,27,0,0,10,34,0,0,10,34,California
Alpine,2021-01-05,9,43,1,8,8,35,0,0,9,43,0,0,9,43,California
Alpine,2021-01-06,31,74,0,8,31,66,0,0,31,74,0,0,31,74,California
Alpine,2021-01-07,8,82,0,8,8,74,0,0,8,82,0,0,8,82,California
Alpine,2021-01-08,4,86,2,10,2,76,0,0,2,82,2,2,2,84,California
Alpine,2021-01-09,2,88,2,12,0,76,0,0,0,80,2,4,0,84,California
Alpine,2021-01-11,32,120,1,13,31,107,0,0,31,110,1,5,31,115,California
Alpine,2021-01-13,35,155,0,13,35,142,0,0,35,145,0,5,35,150,California
Alpine,2021-01-14,1,156,0,13,1,143,0,0,1,146,0,5,1,151,California
Alpine,2021-01-15,1,157,0,13,1,144,0,0,1,147,0,5,1,152,California
Alpine,2021-01-18,1,158,1,14,0,144,0,0,1,148,0,5,1,153,California
Alpine,2021-01-20,21,179,0,14,21,165,0,0,21,169,0,5,21,174,California
Alpine,2021-01-21,1,180,0,14,1,166,0,0,1,170,0,5,1,175,California
Alpine,2021-01-22,33,213,0,14,33,199,0,0,33,203,0,5,33,208,California
Alpine,2021-01-23,1,214,1,15,0,199,0,0,0,202,1,6,0,208,California
Alpine,2021-01-25,16,230,0,15,16,215,0,0,16,218,0,6,16,224,California
Alpine,2021-01-26,1,231,0,15,1,216,0,0,0,217,1,7,0,224,California
Alpine,2021-01-27,1,232,1,16,0,216,0,0,0,216,1,8,0,224,California
Alpine,2021-01-28,1,233,0,16,1,217,0,0,0,215,1,9,0,224,California
Alpine,2021-01-29,1,234,0,16,1,218,0,0,1,216,0,9,1,225,California
Alpine,2021-02-01,25,259,0,16,25,243,0,0,7,205,18,27,7,232,California
Alpine,2021-02-03,34,293,0,16,34,277,0,0,10,191,24,51,10,242,California
Alpine,2021-02-04,8,301,0,16,8,285,0,0,3,189,5,56,3,245,California
Alpine,2021-02-05,32,333,1,17,31,316,0,0,12,181,20,76,12,257,California
Alpine,2021-02-07,1,334,1,18,0,316,0,0,1,182,0,76,1,258,California
Alpine,2021-02-08,32,366,0,18,32,348,0,0,4,158,28,104,4,262,California
Alpine,2021-02-10,34,400,0,18,34,382,0,0,0,124,34,138,0,262,California
Alpine,2021-02-11,6,406,0,18,6,388,0,0,3,124,3,141,3,265,California
Alpine,2021-02-12,1,407,0,18,1,389,0,0,0,123,1,142,0,265,California
Alpine,2021-02-17,23,430,0,18,23,412,0,0,3,106,20,162,3,268,California
Alpine,2021-02-18,2,432,0,18,2,414,0,0,1,106,1,163,1,269,California
Alpine,2021-02-19,34,466,1,19,33,447,0,0,2,76,32,195,2,271,California
Alpine,2021-02-22,27,493,0,19,27,474,0,0,8,65,19,214,8,279,California
Alpine,2021-02-24,1,494,1,20,0,474,0,0,1,66,0,214,1,280,California
Alpine,2021-02-25,7,501,2,22,5,479,0,0,7,73,0,214,7,287,California
Alpine,2021-02-26,30,531,1,23,29,508,0,0,29,101,1,215,29,316,California
Alpine,2021-02-27,1,532,0,23,1,509,0,0,1,102,0,215,1,317,California
Alpine,2021-03-01,36,568,0,23,36,545,0,0,26,118,10,225,26,343,California
Alpine,2021-03-03,30,598,1,24,29,574,0,0,18,124,12,237,18,361,California
Alpine,2021-03-04,10,608,0,24,10,584,0,0,10,134,0,237,10,371,California
Alpine,2021-03-05,30,638,0,24,30,614,0,0,22,148,8,245,22,393,California
Alpine,2021-03-08,31,669,0,24,31,645,0,0,29,175,2,247,29,422,California
Alpine,2021-03-10,73,742,0,24,73,718,0,0,73,248,0,247,73,495,California
Alpine,2021-03-11,35,777,0,24,35,753,0,0,31,275,4,251,31,526,California
Alpine,2021-03-12,19,796,0,24,19,772,0,0,17,290,2,253,17,543,California
Alpine,2021-03-15,21,817,1,25,20,792,0,0,20,309,1,254,20,563,California
Alpine,2021-03-17,23,840,0,25,22,814,1,1,19,325,4,258,20,583,California
Alpine,2021-03-18,38,878,3,28,35,849,0,1,34,355,4,262,34,617,California
Alpine,2021-03-19,2,880,1,29,1,850,0,1,1,355,1,263,1,618,California
Alpine,2021-03-22,24,904,0,29,24,874,0,1,15,361,9,272,15,633,California
Alpine,2021-03-24,19,923,0,29,19,893,0,1,8,358,11,283,8,641,California
Alpine,2021-03-25,34,957,0,29,33,926,1,2,27,380,6,289,28,669,California
Alpine,2021-03-27,1,958,0,29,1,927,0,2,0,379,1,290,0,669,California
Alpine,2021-03-28,1,959,1,30,0,927,0,2,1,380,0,290,1,670,California
Alpine,2021-03-29,19,978,0,30,18,945,1,3,2,366,17,307,3,673,California
Alpine,2021-04-01,18,996,0,30,18,963,0,3,8,364,10,317,8,681,California
Alpine,2021-04-02,101,1097,1,31,100,1063,0,3,46,356,54,371,46,727,California
Alpine,2021-04-05,4,1101,1,32,3,1066,0,3,0,352,4,375,0,727,California
Alpine,2021-04-06,3,1104,2,34,1,1067,0,3,2,353,1,376,2,729,California
Alpine,2021-04-07,117,1221,0,34,116,1183,1,4,30,298,86,462,31,760,California
Alpine,2021-04-08,37,1258,0,34,35,1218,2,6,10,283,27,489,12,772,California
Alpine,2021-04-09,2,1260,0,34,2,1220,0,6,2,285,0,489,2,774,California
Alpine,2021-04-14,47,1307,0,34,47,1267,0,6,10,258,37,526,10,784,California
Alpine,2021-04-15,35,1342,0,34,35,1302,0,6,3,229,32,558,3,787,California
Alpine,2021-04-16,1,1343,0,34,1,1303,0,6,1,230,0,558,1,788,California
Alpine,2021-04-19,1,1344,0,34,1,1304,0,6,1,231,0,558,1,789,California
Alpine,2021-04-21,31,1375,0,34,31,1335,0,6,15,230,16,574,15,804,California
Alpine,2021-04-22,24,1399,0,34,24,1359,0,6,1,208,23,597,1,805,California
Alpine,2021-04-24,2,1401,2,36,0,1359,0,6,0,207,2,599,1,806,California
Alpine,2021-04-25,1,1402,1,37,0,1359,0,6,0,206,1,600,0,806,California
Alpine,2021-04-27,2,1404,1,38,1,1360,0,6,1,206,1,601,1,807,California
Alpine,2021-04-28,36,1440,0,38,36,1396,0,6,6,182,30,631,6,813,California
Alpine,2021-04-29,7,1447,1,39,6,1402,0,6,1,177,6,637,1,814,California
Alpine,2021-04-30,2,1449,1,40,0,1402,1,7,1,178,1,638,2,816,California
Alpine,2021-05-02,1,1450,0,40,0,1402,1,8,0,178,1,639,1,817,California
Alpine,2021-05-05,17,1467,0,40,17,1419,0,8,4,169,13,652,4,821,California
Alpine,2021-05-06,8,1475,0,40,8,1427,0,8,0,161,8,660,0,821,California
Alpine,2021-05-07,1,1476,0,40,1,1428,0,8,0,160,1,661,0,821,California
Alpine,2021-05-10,1,1477,0,40,1,1429,0,8,1,161,0,661,1,822,California
Alpine,2021-05-12,1,1478,0,40,0,1429,1,9,0,161,1,662,1,823,California
Alpine,2021-05-13,3,1481,0,40,3,1432,0,9,0,158,3,665,0,823,California
Alpine,2021-05-17,2,1483,0,40,2,1434,0,9,1,158,1,666,1,824,California
Alpine,2021-05-18,1,1484,0,40,1,1435,0,9,1,159,0,666,1,825,California
Alpine,2021-05-19,15,1499,0,40,15,1450,0,9,0,144,15,681,0,825,California
Alpine,2021-05-20,1,1500,1,41,0,1450,0,9,0,143,1,682,0,825,California
Alpine,2021-05-21,1,1501,1,42,0,1450,0,9,0,142,1,683,0,825,California
Alpine,2021-05-25,2,1503,0,42,2,1452,0,9,0,140,2,685,0,825,California
Alpine,2021-05-27,3,1506,2,44,1,1453,0,9,3,143,0,685,3,828,California
Alpine,2021-05-28,2,1508,1,45,1,1454,0,9,2,145,0,685,2,830,California
Alpine,2021-05-29,1,1509,0,45,1,1455,0,9,1,146,0,685,1,831,California
Alpine,2021-06-02,8,1517,0,45,8,1463,0,9,1,140,7,692,1,832,California
Alpine,2021-06-04,1,1518,0,45,1,1464,0,9,1,141,0,692,1,833,California
Alpine,2021-06-07,1,1519,0,45,1,1465,0,9,0,140,1,693,0,833,California
Alpine,2021-06-10,1,1520,1,46,0,1465,0,9,1,141,0,693,1,834,California
Alpine,2021-06-15,2,1522,1,47,1,1466,0,9,0,139,2,695,0,834,California
Alpine,2021-06-18,1,1523,1,48,0,1466,0,9,0,138,1,696,0,834,California
Alpine,2021-06-19,1,1524,1,49,0,1466,0,9,0,137,1,697,0,834,California
Alpine,2021-06-25,1,1525,0,49,1,1467,0,9,0,136,1,698,0,834,California
Alpine,2021-06-29,1,1526,0,49,1,1468,0,9,1,137,0,698,1,835,California
Alpine,2021-06-30,1,1527,0,49,1,1469,0,9,0,136,1,699,0,835,California
Alpine,2021-07-01,1,1528,1,50,0,1469,0,9,0,135,1,700,0,835,California
Alpine,2021-07-06,1,1529,0,50,1,1470,0,9,1,136,0,700,1,836,California
Alpine,2021-07-07,2,1531,0,50,2,1472,0,9,2,138,0,700,2,838,California
Amador,2020-12-16,3,3,3,3,0,0,0,0,3,3,0,0,3,3,California
Amador,2020-12-17,5,8,5,8,0,0,0,0,5,8,0,0,5,8,California
Amador,2020-12-18,48,56,48,56,0,0,0,0,48,56,0,0,48,56,California
Amador,2020-12-19,16,72,16,72,0,0,0,0,16,72,0,0,16,72,California
Amador,2020-12-20,4,76,4,76,0,0,0,0,4,76,0,0,4,76,California
Amador,2020-12-21,31,107,31,107,0,0,0,0,31,107,0,0,31,107,California
Amador,2020-12-22,35,142,34,141,1,1,0,0,35,142,0,0,35,142,California
Amador,2020-12-23,41,183,39,180,2,3,0,0,41,183,0,0,41,183,California
Amador,2020-12-24,5,188,3,183,2,5,0,0,5,188,0,0,5,188,California
Amador,2020-12-26,5,193,4,187,1,6,0,0,5,193,0,0,5,193,California
Amador,2020-12-27,1,194,0,187,1,7,0,0,1,194,0,0,1,194,California
Amador,2020-12-28,30,224,26,213,4,11,0,0,30,224,0,0,30,224,California
Amador,2020-12-29,25,249,18,231,7,18,0,0,25,249,0,0,25,249,California
Amador,2020-12-30,123,372,77,308,46,64,0,0,123,372,0,0,123,372,California
Amador,2020-12-31,195,567,170,478,25,89,0,0,195,567,0,0,195,567,California
Amador,2021-01-01,2,569,0,478,2,91,0,0,2,569,0,0,2,569,California
Amador,2021-01-02,58,627,58,536,0,91,0,0,58,627,0,0,58,627,California
Amador,2021-01-03,67,694,18,554,49,140,0,0,67,694,0,0,67,694,California
Amador,2021-01-04,125,819,2,556,123,263,0,0,125,819,0,0,125,819,California
Amador,2021-01-05,33,852,3,559,30,293,0,0,32,850,1,1,32,851,California
Amador,2021-01-06,40,892,11,570,29,322,0,0,36,882,4,5,36,887,California
Amador,2021-01-07,235,1127,72,642,163,485,0,0,223,1093,12,17,223,1110,California
Amador,2021-01-08,88,1215,72,714,16,501,0,0,43,1092,45,62,44,1154,California
Amador,2021-01-09,12,1227,12,726,0,501,0,0,2,1085,10,72,3,1157,California
Amador,2021-01-10,6,1233,4,730,2,503,0,0,2,1083,4,76,2,1159,California
Amador,2021-01-11,126,1359,44,774,82,585,0,0,89,1136,37,113,90,1249,California
Amador,2021-01-12,71,1430,55,829,16,601,0,0,41,1147,30,143,41,1290,California
Amador,2021-01-13,42,1472,24,853,18,619,0,0,29,1164,12,155,29,1319,California
Amador,2021-01-14,151,1623,22,875,129,748,0,0,141,1296,10,165,142,1461,California
Amador,2021-01-15,62,1685,26,901,36,784,0,0,53,1340,9,174,53,1514,California
Amador,2021-01-16,20,1705,13,914,7,791,0,0,14,1349,6,180,15,1529,California
Amador,2021-01-17,25,1730,5,919,20,811,0,0,25,1374,0,180,25,1554,California
Amador,2021-01-18,31,1761,27,946,4,815,0,0,10,1363,21,201,10,1564,California
Amador,2021-01-19,127,1888,101,1047,26,841,0,0,81,1399,45,246,81,1645,California
Amador,2021-01-20,183,2071,32,1079,151,992,0,0,169,1555,13,259,169,1814,California
Amador,2021-01-21,263,2334,230,1309,33,1025,0,0,151,1595,112,371,152,1966,California
Amador,2021-01-22,142,2476,74,1383,68,1093,0,0,135,1723,7,378,135,2101,California
Amador,2021-01-23,60,2536,33,1416,27,1120,0,0,57,1777,3,381,57,2158,California
Amador,2021-01-24,28,2564,12,1428,16,1136,0,0,24,1797,4,385,24,2182,California
Amador,2021-01-25,60,2624,29,1457,31,1167,0,0,42,1821,18,403,42,2224,California
Amador,2021-01-26,247,2871,18,1475,229,1396,0,0,237,2048,10,413,237,2461,California
Amador,2021-01-27,307,3178,35,1510,272,1668,0,0,259,2263,45,458,260,2721,California
Amador,2021-01-28,374,3552,99,1609,275,1943,0,0,290,2470,84,542,291,3012,California
Amador,2021-01-29,107,3659,33,1642,74,2017,0,0,92,2547,15,557,92,3104,California
Amador,2021-01-30,198,3857,37,1679,161,2178,0,0,193,2735,5,562,193,3297,California
Amador,2021-01-31,34,3891,29,1708,5,2183,0,0,33,2767,1,563,33,3330,California
Amador,2021-02-01,67,3958,23,1731,44,2227,0,0,39,2778,28,591,39,3369,California
Amador,2021-02-02,217,4175,67,1798,150,2377,0,0,130,2823,85,676,130,3499,California
Amador,2021-02-03,144,4319,41,1839,103,2480,0,0,91,2862,52,728,91,3590,California
Amador,2021-02-04,255,4574,77,1916,178,2658,0,0,166,2942,88,816,168,3758,California
Amador,2021-02-05,339,4913,63,1979,276,2934,0,0,320,3244,18,834,320,4078,California
Amador,2021-02-06,125,5038,81,2060,44,2978,0,0,120,3359,5,839,120,4198,California
Amador,2021-02-07,38,5076,34,2094,4,2982,0,0,34,3390,4,843,35,4233,California
Amador,2021-02-08,92,5168,63,2157,29,3011,0,0,73,3444,19,862,73,4306,California
Amador,2021-02-09,178,5346,82,2239,96,3107,0,0,110,3486,68,930,110,4416,California
Amador,2021-02-10,986,6332,82,2321,904,4011,0,0,950,4401,35,965,950,5366,California
Amador,2021-02-11,314,6646,121,2442,193,4204,0,0,200,4490,112,1077,201,5567,California
Amador,2021-02-12,338,6984,121,2563,217,4421,0,0,263,4678,75,1152,263,5830,California
Amador,2021-02-13,182,7166,84,2647,98,4519,0,0,155,4806,27,1179,155,5985,California
Amador,2021-02-14,122,7288,54,2701,68,4587,0,0,105,4894,17,1196,105,6090,California
Amador,2021-02-15,190,7478,62,2763,128,4715,0,0,173,5051,16,1212,173,6263,California
Amador,2021-02-16,467,7945,53,2816,414,5129,0,0,426,5437,41,1253,427,6690,California
Amador,2021-02-17,266,8211,84,2900,182,5311,0,0,166,5503,100,1353,166,6856,California
Amador,2021-02-18,400,8611,101,3001,299,5610,0,0,333,5769,67,1420,333,7189,California
Amador,2021-02-19,204,8815,78,3079,126,5736,0,0,116,5797,88,1508,116,7305,California
Amador,2021-02-20,103,8918,34,3113,69,5805,0,0,67,5828,36,1544,67,7372,California
Amador,2021-02-21,55,8973,37,3150,18,5823,0,0,19,5813,34,1578,19,7391,California
Amador,2021-02-22,67,9040,26,3176,41,5864,0,0,32,5811,34,1612,32,7423,California
Amador,2021-02-23,324,9364,56,3232,268,6132,0,0,139,5766,185,1797,140,7563,California
Amador,2021-02-24,402,9766,63,3295,339,6471,0,0,264,5896,134,1931,264,7827,California
Amador,2021-02-25,534,10300,124,3419,410,6881,0,0,280,5924,252,2183,280,8107,California
Amador,2021-02-26,646,10946,83,3502,563,7444,0,0,519,6317,126,2309,519,8626,California
Amador,2021-02-27,301,11247,95,3597,206,7650,0,0,99,6217,201,2510,101,8727,California
Amador,2021-02-28,126,11373,57,3654,69,7719,0,0,62,6217,64,2574,64,8791,California
Amador,2021-03-01,202,11575,70,3724,132,7851,0,0,129,6274,73,2647,130,8921,California
Amador,2021-03-02,383,11958,64,3788,319,8170,0,0,333,6558,50,2697,334,9255,California
Amador,2021-03-03,246,12204,80,3868,166,8336,0,0,169,6652,76,2773,170,9425,California
Amador,2021-03-04,502,12706,118,3986,384,8720,0,0,396,6944,105,2878,397,9822,California
Amador,2021-03-05,518,13224,76,4062,442,9162,0,0,294,7019,222,3100,297,10119,California
Amador,2021-03-06,103,13327,50,4112,52,9214,1,1,57,7031,46,3146,58,10177,California
Amador,2021-03-07,92,13419,44,4156,48,9262,0,1,24,6987,68,3214,24,10201,California
Amador,2021-03-08,156,13575,73,4229,82,9344,1,2,92,7016,64,3278,93,10294,California
Amador,2021-03-09,378,13953,53,4282,325,9669,0,2,293,7228,81,3359,293,10587,California
Amador,2021-03-10,522,14475,78,4360,442,10111,2,4,112,6934,410,3769,116,10703,California
Amador,2021-03-11,485,14960,125,4485,350,10461,10,14,304,7071,180,3949,317,11020,California
Amador,2021-03-12,588,15548,71,4556,511,10972,6,20,343,7181,244,4193,354,11374,California
Amador,2021-03-13,120,15668,18,4574,95,11067,7,27,76,7225,44,4237,88,11462,California
Amador,2021-03-14,99,15767,18,4592,78,11145,3,30,20,7169,79,4316,23,11485,California
Amador,2021-03-15,183,15950,27,4619,149,11294,7,37,55,7104,128,4444,63,11548,California
Amador,2021-03-16,453,16403,53,4672,391,11685,9,46,139,6941,312,4756,149,11697,California
Amador,2021-03-17,386,16789,46,4718,337,12022,3,49,262,7084,122,4878,265,11962,California
Amador,2021-03-18,517,17306,101,4819,412,12434,4,53,259,7095,256,5134,267,12229,California
Amador,2021-03-19,548,17854,59,4878,474,12908,15,68,387,7342,159,5293,406,12635,California
Amador,2021-03-20,113,17967,46,4924,66,12974,1,69,48,7329,64,5357,51,12686,California
Amador,2021-03-21,52,18019,36,4960,15,12989,1,70,27,7335,24,5381,30,12716,California
Amador,2021-03-22,115,18134,34,4994,53,13042,28,98,50,7348,65,5446,78,12794,California
Amador,2021-03-23,436,18570,47,5041,382,13424,7,105,275,7471,160,5606,283,13077,California
Amador,2021-03-24,342,18912,35,5076,55,13479,252,357,35,7452,306,5912,287,13364,California
Amador,2021-03-25,616,19528,87,5163,522,14001,7,364,399,7642,216,6128,406,13770,California
Amador,2021-03-26,751,20279,45,5208,700,14701,6,370,280,7463,468,6596,289,14059,California
Amador,2021-03-27,94,20373,15,5223,77,14778,2,372,31,7435,63,6659,35,14094,California
Amador,2021-03-28,71,20444,17,5240,52,14830,2,374,13,7394,57,6716,16,14110,California
Amador,2021-03-29,185,20629,31,5271,153,14983,1,375,79,7376,103,6819,85,14195,California
Amador,2021-03-30,537,21166,29,5300,507,15490,1,376,292,7425,244,7063,293,14488,California
Amador,2021-03-31,201,21367,57,5357,139,15629,5,381,43,7317,156,7219,48,14536,California
Amador,2021-04-01,624,21991,93,5450,531,16160,0,381,268,7234,353,7572,270,14806,California
Amador,2021-04-02,617,22608,39,5489,565,16725,13,394,385,7403,231,7803,400,15206,California
Amador,2021-04-03,87,22695,25,5514,42,16767,20,414,22,7383,65,7868,45,15251,California
Amador,2021-04-04,39,22734,3,5517,30,16797,6,420,15,7380,24,7892,21,15272,California
Amador,2021-04-05,147,22881,53,5570,77,16874,17,437,49,7351,97,7989,68,15340,California
Amador,2021-04-06,504,23385,37,5607,449,17323,18,455,224,7315,278,8267,242,15582,California
Amador,2021-04-07,100,23485,34,5641,47,17370,19,474,44,7325,53,8320,63,15645,California
Amador,2021-04-08,500,23985,84,5725,394,17764,22,496,221,7291,277,8597,243,15888,California
Amador,2021-04-09,488,24473,22,5747,446,18210,20,516,212,7245,275,8872,229,16117,California
Amador,2021-04-10,52,24525,14,5761,29,18239,9,525,23,7248,29,8901,32,16149,California
Amador,2021-04-11,51,24576,25,5786,22,18261,4,529,23,7248,27,8928,27,16176,California
Amador,2021-04-12,99,24675,26,5812,63,18324,10,539,43,7245,56,8984,53,16229,California
Amador,2021-04-13,346,25021,49,5861,297,18621,0,539,66,7035,277,9261,67,16296,California
Amador,2021-04-14,280,25301,26,5887,254,18875,0,539,56,6871,221,9482,57,16353,California
Amador,2021-04-15,343,25644,78,5965,265,19140,0,539,73,6685,259,9741,73,16426,California
Amador,2021-04-16,490,26134,30,5995,460,19600,0,539,381,6958,108,9849,381,16807,California
Amador,2021-04-17,66,26200,34,6029,32,19632,0,539,30,6952,36,9885,30,16837,California
Amador,2021-04-18,33,26233,11,6040,22,19654,0,539,12,6944,20,9905,12,16849,California
Amador,2021-04-19,71,26304,29,6069,42,19696,0,539,30,6937,39,9944,32,16881,California
Amador,2021-04-20,442,26746,59,6128,383,20079,0,539,111,6726,324,10268,113,16994,California
Amador,2021-04-21,88,26834,34,6162,53,20132,1,540,44,6729,42,10310,45,17039,California
Amador,2021-04-22,521,27355,79,6241,441,20573,1,541,101,6429,402,10712,102,17141,California
Amador,2021-04-23,368,27723,47,6288,321,20894,0,541,289,6646,74,10786,291,17432,California
Amador,2021-04-24,52,27775,25,6313,27,20921,0,541,31,6657,20,10806,31,17463,California
Amador,2021-04-25,45,27820,19,6332,26,20947,0,541,29,6670,16,10822,29,17492,California
Amador,2021-04-26,96,27916,29,6361,66,21013,1,542,43,6664,52,10874,46,17538,California
Amador,2021-04-27,502,28418,45,6406,456,21469,1,543,91,6350,407,11281,93,17631,California
Amador,2021-04-28,71,28489,31,6437,37,21506,3,546,42,6366,29,11310,45,17676,California
Amador,2021-04-29,230,28719,73,6510,48,21554,109,655,68,6380,162,11472,176,17852,California
Amador,2021-04-30,347,29066,28,6538,315,21869,4,659,88,6214,259,11731,93,17945,California
Amador,2021-05-01,47,29113,15,6553,27,21896,5,664,26,6226,19,11750,31,17976,California
Amador,2021-05-02,28,29141,14,6567,11,21907,3,667,11,6224,17,11767,15,17991,California
Amador,2021-05-03,69,29210,35,6602,24,21931,10,677,28,6221,41,11808,38,18029,California
Amador,2021-05-04,467,29677,29,6631,431,22362,7,684,67,5895,400,12208,74,18103,California
Amador,2021-05-05,208,29885,154,6785,46,22408,8,692,163,6023,42,12250,170,18273,California
Amador,2021-05-06,110,29995,56,6841,49,22457,5,697,63,6046,45,12295,68,18341,California
Amador,2021-05-07,130,30125,30,6871,93,22550,7,704,67,6057,63,12358,74,18415,California
Amador,2021-05-08,43,30168,8,6879,32,22582,3,707,21,6059,22,12380,24,18439,California
Amador,2021-05-09,17,30185,1,6880,10,22592,6,713,4,6056,13,12393,10,18449,California
Amador,2021-05-10,60,30245,14,6894,43,22635,3,716,24,6047,36,12429,27,18476,California
Amador,2021-05-11,103,30348,34,6928,43,22678,26,742,45,6060,58,12487,71,18547,California
Amador,2021-05-12,72,30420,25,6953,44,22722,3,745,35,6061,37,12524,38,18585,California
Amador,2021-05-13,80,30500,40,6993,34,22756,6,751,38,6064,41,12565,44,18629,California
Amador,2021-05-14,404,30904,38,7031,361,23117,5,756,92,5852,311,12876,99,18728,California
Amador,2021-05-15,51,30955,20,7051,21,23138,10,766,23,5858,28,12904,34,18762,California
Amador,2021-05-16,41,30996,15,7066,26,23164,0,766,17,5851,24,12928,17,18779,California
Amador,2021-05-17,75,31071,22,7088,51,23215,2,768,35,5850,39,12967,38,18817,California
Amador,2021-05-18,253,31324,172,7260,46,23261,35,803,167,5967,85,13052,202,19019,California
Amador,2021-05-19,77,31401,26,7286,47,23308,4,807,35,5967,41,13093,41,19060,California
Amador,2021-05-20,90,31491,47,7333,38,23346,5,812,30,5943,59,13152,35,19095,California
Amador,2021-05-21,275,31766,29,7362,244,23590,2,814,37,5744,238,13390,39,19134,California
Amador,2021-05-22,47,31813,16,7378,26,23616,5,819,13,5729,34,13424,19,19153,California
Amador,2021-05-23,29,31842,5,7383,21,23637,3,822,5,5713,24,13448,8,19161,California
Amador,2021-05-24,91,31933,33,7416,46,23683,12,834,42,5718,49,13497,54,19215,California
Amador,2021-05-25,142,32075,90,7506,27,23710,25,859,83,5769,57,13554,108,19323,California
Amador,2021-05-26,204,32279,160,7666,37,23747,7,866,38,5648,165,13719,44,19367,California
Amador,2021-05-27,83,32362,39,7705,35,23782,9,875,30,5635,52,13771,39,19406,California
Amador,2021-05-28,69,32431,26,7731,39,23821,4,879,29,5629,39,13810,33,19439,California
Amador,2021-05-29,26,32457,2,7733,21,23842,3,882,8,5622,18,13828,11,19450,California
Amador,2021-05-30,19,32476,5,7738,8,23850,6,888,5,5619,14,13842,11,19461,California
Amador,2021-05-31,10,32486,0,7738,9,23859,1,889,2,5614,8,13850,3,19464,California
Amador,2021-06-01,97,32583,68,7806,24,23883,5,894,45,5613,51,13901,50,19514,California
Amador,2021-06-02,46,32629,16,7822,22,23905,8,902,16,5608,30,13931,25,19539,California
Amador,2021-06-03,59,32688,26,7848,28,23933,5,907,19,5593,39,13970,24,19563,California
Amador,2021-06-04,101,32789,22,7870,58,23991,21,928,20,5553,81,14051,41,19604,California
Amador,2021-06-05,41,32830,16,7886,20,24011,5,933,4,5525,37,14088,9,19613,California
Amador,2021-06-06,19,32849,9,7895,9,24020,1,934,9,5525,10,14098,10,19623,California
Amador,2021-06-07,44,32893,18,7913,22,24042,4,938,17,5519,27,14125,21,19644,California
Amador,2021-06-08,174,33067,138,8051,25,24067,11,949,54,5466,119,14244,66,19710,California
Amador,2021-06-09,49,33116,20,8071,20,24087,9,958,13,5452,36,14280,22,19732,California
Amador,2021-06-10,56,33172,23,8094,21,24108,12,970,20,5448,36,14316,32,19764,California
Amador,2021-06-11,58,33230,17,8111,36,24144,5,975,12,5419,46,14362,17,19781,California
Amador,2021-06-12,24,33254,11,8122,11,24155,2,977,9,5416,14,14376,11,19792,California
Amador,2021-06-13,9,33263,2,8124,6,24161,1,978,2,5412,7,14383,3,19795,California
Amador,2021-06-14,47,33310,24,8148,21,24182,2,980,15,5397,32,14415,17,19812,California
Amador,2021-06-15,43,33353,13,8161,18,24200,12,992,18,5402,25,14440,30,19842,California
Amador,2021-06-16,71,33424,31,8192,31,24231,9,1001,33,5406,38,14478,42,19884,California
Amador,2021-06-17,49,33473,25,8217,20,24251,4,1005,29,5420,19,14497,33,19917,California
Amador,2021-06-18,156,33629,120,8337,29,24280,7,1012,62,5395,94,14591,69,19986,California
Amador,2021-06-19,30,33659,8,8345,14,24294,8,1020,11,5396,19,14610,20,20006,California
Amador,2021-06-20,8,33667,6,8351,1,24295,1,1021,3,5395,5,14615,4,20010,California
Amador,2021-06-21,46,33713,14,8365,23,24318,9,1030,15,5388,31,14646,24,20034,California
Amador,2021-06-22,50,33763,29,8394,19,24337,2,1032,30,5400,20,14666,32,20066,California
Amador,2021-06-23,42,33805,22,8416,12,24349,8,1040,23,5412,19,14685,31,20097,California
Amador,2021-06-24,51,33856,27,8443,18,24367,6,1046,26,5421,23,14708,32,20129,California
Amador,2021-06-25,53,33909,31,8474,11,24378,11,1057,30,5440,23,14731,42,20171,California
Amador,2021-06-26,11,33920,4,8478,5,24383,2,1059,7,5445,4,14735,9,20180,California
Amador,2021-06-27,22,33942,14,8492,4,24387,4,1063,11,5449,11,14746,15,20195,California
Amador,2021-06-28,52,33994,27,8519,14,24401,11,1074,25,5458,27,14773,36,20231,California
Amador,2021-06-29,50,34044,23,8542,18,24419,9,1083,26,5469,24,14797,35,20266,California
Amador,2021-06-30,48,34092,18,8560,14,24433,16,1099,23,5482,25,14822,38,20304,California
Amador,2021-07-01,32,34124,16,8576,13,24446,3,1102,15,5483,17,14839,18,20322,California
Amador,2021-07-02,36,34160,17,8593,9,24455,10,1112,20,5497,16,14855,30,20352,California
Amador,2021-07-03,17,34177,2,8595,11,24466,4,1116,10,5504,7,14862,14,20366,California
Amador,2021-07-04,5,34182,0,8595,5,24471,0,1116,5,5509,0,14862,5,20371,California
Amador,2021-07-05,28,34210,5,8600,19,24490,4,1120,15,5515,13,14875,19,20390,California
Amador,2021-07-06,29,34239,12,8612,13,24503,4,1124,13,5516,16,14891,17,20407,California
Amador,2021-07-07,33,34272,11,8623,17,24520,5,1129,16,5520,17,14908,21,20428,California
Amador,2021-07-08,28,34300,12,8635,15,24535,1,1130,11,5516,17,14925,13,20441,California
Amador,2021-07-09,61,34361,42,8677,18,24553,1,1131,23,5504,38,14963,26,20467,California
Amador,2021-07-10,9,34370,2,8679,7,24560,0,1131,5,5505,4,14967,5,20472,California
Butte,2020-12-16,3,3,3,3,0,0,0,0,3,3,0,0,3,3,California
Butte,2020-12-17,21,24,21,24,0,0,0,0,21,24,0,0,21,24,California
Butte,2020-12-18,52,76,52,76,0,0,0,0,52,76,0,0,52,76,California
Butte,2020-12-19,7,83,7,83,0,0,0,0,7,83,0,0,7,83,California
Butte,2020-12-20,10,93,10,93,0,0,0,0,10,93,0,0,10,93,California
Butte,2020-12-21,631,724,631,724,0,0,0,0,631,724,0,0,631,724,California
Butte,2020-12-22,619,1343,617,1341,2,2,0,0,619,1343,0,0,619,1343,California
Butte,2020-12-23,876,2219,860,2201,16,18,0,0,876,2219,0,0,876,2219,California
Butte,2020-12-24,159,2378,155,2356,4,22,0,0,159,2378,0,0,159,2378,California
Butte,2020-12-26,90,2468,88,2444,2,24,0,0,90,2468,0,0,90,2468,California
Butte,2020-12-27,35,2503,34,2478,1,25,0,0,35,2503,0,0,35,2503,California
Butte,2020-12-28,279,2782,273,2751,6,31,0,0,279,2782,0,0,279,2782,California
Butte,2020-12-29,205,2987,181,2932,24,55,0,0,205,2987,0,0,205,2987,California
Butte,2020-12-30,512,3499,291,3223,221,276,0,0,512,3499,0,0,512,3499,California
Butte,2020-12-31,213,3712,18,3241,195,471,0,0,213,3712,0,0,213,3712,California
Butte,2021-01-01,17,3729,7,3248,10,481,0,0,17,3729,0,0,17,3729,California
Butte,2021-01-02,40,3769,37,3285,3,484,0,0,40,3769,0,0,40,3769,California
Butte,2021-01-03,3,3772,0,3285,3,487,0,0,3,3772,0,0,3,3772,California
Butte,2021-01-04,208,3980,175,3460,33,520,0,0,208,3980,0,0,208,3980,California
Butte,2021-01-05,198,4178,152,3612,46,566,0,0,197,4176,1,1,197,4177,California
Butte,2021-01-06,627,4805,395,4007,232,798,0,0,622,4794,5,6,623,4800,California
Butte,2021-01-07,763,5568,368,4375,395,1193,0,0,743,5517,20,26,743,5543,California
Butte,2021-01-08,673,6241,531,4906,142,1335,0,0,625,6094,48,74,625,6168,California
Butte,2021-01-09,14,6255,8,4914,6,1341,0,0,8,6096,6,80,8,6176,California
Butte,2021-01-10,19,6274,5,4919,14,1355,0,0,14,6105,5,85,14,6190,California
Butte,2021-01-11,983,7257,947,5866,36,1391,0,0,356,5837,627,712,359,6549,California
Butte,2021-01-12,701,7958,655,6521,46,1437,0,0,276,5689,425,1137,277,6826,California
Butte,2021-01-13,1568,9526,1075,7596,493,1930,0,0,726,5576,841,1978,728,7554,California
Butte,2021-01-14,1638,11164,894,8490,744,2674,0,0,1441,6821,196,2174,1441,8995,California
Butte,2021-01-15,1064,12228,819,9309,245,2919,0,0,955,7666,110,2284,955,9950,California
Butte,2021-01-16,589,12817,301,9610,288,3207,0,0,544,8165,45,2329,544,10494,California
Butte,2021-01-17,240,13057,64,9674,176,3383,0,0,202,8329,38,2367,202,10696,California
Butte,2021-01-18,347,13404,305,9979,42,3425,0,0,279,8541,67,2434,279,10975,California
Butte,2021-01-19,496,13900,433,10412,63,3488,0,0,225,8495,271,2705,225,11200,California
Butte,2021-01-20,1397,15297,710,11122,687,4175,0,0,1094,9286,303,3008,1094,12294,California
Butte,2021-01-21,1495,16792,883,12005,612,4787,0,0,1387,10566,107,3115,1387,13681,California
Butte,2021-01-22,1143,17935,483,12488,660,5447,0,0,1088,11599,55,3170,1088,14769,California
Butte,2021-01-23,128,18063,85,12573,43,5490,0,0,103,11677,25,3195,103,14872,California
Butte,2021-01-24,8,18071,6,12579,2,5492,0,0,8,11685,0,3195,8,14880,California
Butte,2021-01-25,660,18731,338,12917,322,5814,0,0,497,12019,163,3358,497,15377,California
Butte,2021-01-26,1490,20221,379,13296,1111,6925,0,0,1352,13233,138,3496,1352,16729,California
Butte,2021-01-27,2111,22332,704,14000,1407,8332,0,0,1377,13877,733,4229,1377,18106,California
Butte,2021-01-28,2269,24601,263,14263,2006,10338,0,0,1956,15521,312,4541,1956,20062,California
Butte,2021-01-29,1695,26296,490,14753,1205,11543,0,0,1314,16456,379,4920,1314,21376,California
Butte,2021-01-30,33,26329,9,14762,24,11567,0,0,31,16485,2,4922,31,21407,California
Butte,2021-01-31,17,26346,15,14777,2,11569,0,0,16,16500,1,4923,16,21423,California
Butte,2021-02-01,1766,28112,406,15183,1360,12929,0,0,1371,17480,391,5314,1371,22794,California
Butte,2021-02-02,1952,30064,363,15546,1589,14518,0,0,1648,18823,305,5619,1648,24442,California
Butte,2021-02-03,2761,32825,781,16327,1980,16498,0,0,1859,19782,900,6519,1859,26301,California
Butte,2021-02-04,2978,35803,325,16652,2653,19151,0,0,2413,21633,562,7081,2413,28714,California
Butte,2021-02-05,1284,37087,674,17326,610,19761,0,0,555,21460,729,7810,556,29270,California
Butte,2021-02-06,148,37235,104,17430,44,19805,0,0,62,21436,86,7896,62,29332,California
Butte,2021-02-07,37,37272,33,17463,4,19809,0,0,14,21427,23,7919,14,29346,California
Butte,2021-02-08,700,37972,547,18010,153,19962,0,0,239,21206,460,8379,239,29585,California
Butte,2021-02-09,974,38946,463,18473,511,20473,0,0,742,21716,232,8611,742,30327,California
Butte,2021-02-10,1710,40656,1192,19665,518,20991,0,0,655,21318,1053,9664,655,30982,California
Butte,2021-02-11,2221,42877,1361,21026,860,21851,0,0,1006,21109,1216,10880,1007,31989,California
Butte,2021-02-12,1003,43880,435,21461,568,22419,0,0,324,20755,678,11558,324,32313,California
Butte,2021-02-13,256,44136,43,21504,213,22632,0,0,155,20809,101,11659,155,32468,California
Butte,2021-02-14,165,44301,10,21514,155,22787,0,0,158,20961,7,11666,159,32627,California
Butte,2021-02-15,262,44563,49,21563,213,23000,0,0,194,21087,68,11734,194,32821,California
Butte,2021-02-16,763,45326,438,22001,325,23325,0,0,303,20930,460,12194,303,33124,California
Butte,2021-02-17,1536,46862,853,22854,683,24008,0,0,852,21100,682,12876,852,33976,California
Butte,2021-02-18,1594,48456,785,23639,809,24817,0,0,775,21056,819,13695,775,34751,California
Butte,2021-02-19,1178,49634,396,24035,782,25599,0,0,403,20691,768,14463,403,35154,California
Butte,2021-02-20,488,50122,36,24071,452,26051,0,0,125,20454,362,14825,125,35279,California
Butte,2021-02-21,20,50142,17,24088,3,26054,0,0,14,20462,6,14831,14,35293,California
Butte,2021-02-22,1567,51709,317,24405,1250,27304,0,0,396,19691,1167,15998,396,35689,California
Butte,2021-02-23,1692,53401,310,24715,1382,28686,0,0,474,18955,1210,17208,474,36163,California
Butte,2021-02-24,2221,55622,634,25349,1587,30273,0,0,768,18278,1445,18653,768,36931,California
Butte,2021-02-25,2172,57794,640,25989,1532,31805,0,0,713,17542,1450,20103,714,37645,California
Butte,2021-02-26,957,58751,322,26311,635,32440,0,0,417,17423,536,20639,417,38062,California
Butte,2021-02-27,244,58995,50,26361,194,32634,0,0,192,17565,50,20689,192,38254,California
Butte,2021-02-28,147,59142,17,26378,130,32764,0,0,139,17696,8,20697,139,38393,California
Butte,2021-03-01,1641,60783,180,26558,1460,34224,1,1,337,16736,1298,21995,338,38731,California
Butte,2021-03-02,1778,62561,202,26760,1576,35800,0,1,313,15590,1460,23455,314,39045,California
Butte,2021-03-03,2810,65371,858,27618,1952,37752,0,1,493,13772,2311,25766,493,39538,California
Butte,2021-03-04,3173,68544,691,28309,2482,40234,0,1,628,11859,2541,28307,628,40166,California
Butte,2021-03-05,1367,69911,621,28930,745,40979,1,2,743,11983,620,28927,744,40910,California
Butte,2021-03-06,252,70163,27,28957,201,41180,24,26,189,12134,62,28989,213,41123,California
Butte,2021-03-07,68,70231,4,28961,41,41221,23,49,36,12161,32,29021,59,41182,California
Butte,2021-03-08,1278,71509,133,29094,1066,42287,79,128,1106,13177,169,29190,1185,42367,California
Butte,2021-03-09,1931,73440,284,29378,1544,43831,103,231,1414,14182,512,29702,1517,43884,California
Butte,2021-03-10,2336,75776,979,30357,1256,45087,101,332,1588,15129,742,30444,1689,45573,California
Butte,2021-03-11,2825,78601,1330,31687,1367,46454,128,460,1973,16390,841,31285,2102,47675,California
Butte,2021-03-12,1166,79767,334,32021,465,46919,367,827,352,16302,807,32092,719,48394,California
Butte,2021-03-13,276,80043,70,32091,145,47064,61,888,64,16214,212,32304,124,48518,California
Butte,2021-03-14,167,80210,18,32109,107,47171,42,930,23,16136,143,32447,65,48583,California
Butte,2021-03-15,1739,81949,357,32466,1087,48258,295,1225,1140,16980,590,33037,1434,50017,California
Butte,2021-03-16,1688,83637,430,32896,1180,49438,78,1303,1096,17566,587,33624,1173,51190,California
Butte,2021-03-17,1959,85596,1354,34250,524,49962,81,1384,1106,17907,845,34469,1186,52376,California
Butte,2021-03-18,1817,87413,1468,35718,221,50183,128,1512,1012,18247,799,35268,1139,53515,California
Butte,2021-03-19,699,88112,312,36030,303,50486,84,1596,337,18316,352,35620,421,53936,California
Butte,2021-03-20,206,88318,31,36061,158,50644,17,1613,97,18321,109,35729,114,54050,California
Butte,2021-03-21,73,88391,40,36101,4,50648,29,1642,24,18327,47,35776,53,54103,California
Butte,2021-03-22,1507,89898,372,36473,1040,51688,95,1737,1238,19391,268,36044,1332,55435,California
Butte,2021-03-23,1865,91763,524,36997,1227,52915,114,1851,1509,20662,352,36396,1623,57058,California
Butte,2021-03-24,2271,94034,1272,38269,873,53788,126,1977,1703,21927,563,36959,1828,58886,California
Butte,2021-03-25,1489,95523,1201,39470,196,53984,92,2069,1018,22571,466,37425,1110,59996,California
Butte,2021-03-26,1215,96738,441,39911,527,54511,247,2316,557,22725,650,38075,804,60800,California
Butte,2021-03-27,312,97050,87,39998,200,54711,25,2341,137,22713,172,38247,160,60960,California
Butte,2021-03-28,231,97281,45,40043,178,54889,8,2349,103,22698,125,38372,110,61070,California
Butte,2021-03-29,1766,99047,383,40426,1313,56202,70,2419,1342,23691,419,38791,1412,62482,California
Butte,2021-03-30,1050,100097,479,40905,480,56682,91,2510,496,23730,548,39339,587,63069,California
Butte,2021-03-31,1788,101885,1303,42208,417,57099,68,2578,1079,24177,700,40039,1147,64216,California
Butte,2021-04-01,3349,105234,2718,44926,502,57601,129,2707,2259,25486,1079,41118,2388,66604,California
Butte,2021-04-02,1016,106250,425,45351,470,58071,121,2828,571,25740,437,41555,691,67295,California
Butte,2021-04-03,347,106597,48,45399,224,58295,75,2903,164,25796,183,41738,239,67534,California
Butte,2021-04-04,193,106790,25,45424,144,58439,24,2927,112,25853,79,41817,136,67670,California
Butte,2021-04-05,1970,108760,419,45843,1380,59819,171,3098,591,25243,1370,43187,760,68430,California
Butte,2021-04-06,2217,110977,621,46464,1175,60994,421,3519,804,25062,1404,44591,1223,69653,California
Butte,2021-04-07,3046,114023,1324,47788,1327,62321,395,3914,718,23852,2322,46913,1112,70765,California
Butte,2021-04-08,2756,116779,1202,48990,1285,63606,269,4183,458,22285,2294,49207,727,71492,California
Butte,2021-04-09,1380,118159,353,49343,543,64149,484,4667,329,22046,1047,50254,808,72300,California
Butte,2021-04-10,228,118387,48,49391,79,64228,101,4768,101,22121,126,50380,201,72501,California
Butte,2021-04-11,108,118495,45,49436,53,64281,10,4778,83,22190,24,50404,93,72594,California
Butte,2021-04-12,1413,119908,314,49750,965,65246,134,4912,235,21381,1178,51582,369,72963,California
Butte,2021-04-13,1657,121565,575,50325,1076,66322,6,4918,346,20431,1302,52884,352,73315,California
Butte,2021-04-14,2856,124421,2361,52686,495,66817,0,4918,1324,20230,1526,54410,1325,74640,California
Butte,2021-04-15,649,125070,398,53084,251,67068,0,4918,486,20560,156,54566,486,75126,California
Butte,2021-04-16,817,125887,419,53503,398,67466,0,4918,482,20710,332,54898,482,75608,California
Butte,2021-04-17,346,126233,62,53565,284,67750,0,4918,243,20851,102,55000,243,75851,California
Butte,2021-04-18,57,126290,23,53588,34,67784,0,4918,44,20882,13,55013,44,75895,California
Butte,2021-04-19,1570,127860,386,53974,1184,68968,0,4918,419,20153,1148,56161,419,76314,California
Butte,2021-04-20,2039,129899,772,54746,1267,70235,0,4918,757,19636,1274,57435,757,77071,California
Butte,2021-04-21,2113,132012,1229,55975,884,71119,0,4918,488,18506,1618,59053,488,77559,California
Butte,2021-04-22,2272,134284,1986,57961,286,71405,0,4918,624,17487,1643,60696,624,78183,California
Butte,2021-04-23,971,135255,472,58433,499,71904,0,4918,490,17497,480,61176,490,78673,California
Butte,2021-04-24,349,135604,140,58573,209,72113,0,4918,188,17524,161,61337,188,78861,California
Butte,2021-04-25,174,135778,69,58642,105,72218,0,4918,65,17480,109,61446,65,78926,California
Butte,2021-04-26,1577,137355,471,59113,1101,73319,5,4923,408,16730,1163,62609,413,79339,California
Butte,2021-04-27,1039,138394,696,59809,316,73635,27,4950,587,16899,446,63055,615,79954,California
Butte,2021-04-28,1437,139831,979,60788,433,74068,25,4975,511,16514,921,63976,536,80490,California
Butte,2021-04-29,915,140746,569,61357,321,74389,25,5000,312,16256,595,64571,337,80827,California
Butte,2021-04-30,928,141674,420,61777,488,74877,20,5020,466,16288,453,65024,485,81312,California
Butte,2021-05-01,246,141920,64,61841,160,75037,22,5042,73,16210,170,65194,92,81404,California
Butte,2021-05-02,153,142073,64,61905,76,75113,13,5055,45,16160,107,65301,57,81461,California
Butte,2021-05-03,634,142707,257,62162,346,75459,31,5086,177,15921,447,65748,208,81669,California
Butte,2021-05-04,853,143560,344,62506,477,75936,32,5118,224,15554,622,66370,255,81924,California
Butte,2021-05-05,1374,144934,1120,63626,216,76152,38,5156,292,14809,1075,67445,330,82254,California
Butte,2021-05-06,970,145904,702,64328,229,76381,39,5195,369,14620,597,68042,408,82662,California
Butte,2021-05-07,582,146486,310,64638,236,76617,36,5231,297,14671,281,68323,332,82994,California
Butte,2021-05-08,187,146673,53,64691,123,76740,11,5242,91,14678,95,68418,102,83096,California
Butte,2021-05-09,103,146776,27,64718,73,76813,3,5245,54,14686,49,68467,57,83153,California
Butte,2021-05-10,538,147314,316,65034,176,76989,46,5291,214,14625,321,68788,260,83413,California
Butte,2021-05-11,916,148230,662,65696,194,77183,60,5351,296,14364,617,69405,356,83769,California
Butte,2021-05-12,784,149014,483,66179,253,77436,48,5399,333,14299,446,69851,381,84150,California
Butte,2021-05-13,950,149964,628,66807,257,77693,65,5464,349,14121,590,70441,412,84562,California
Butte,2021-05-14,871,150835,544,67351,294,77987,33,5497,380,14045,487,70928,411,84973,California
Butte,2021-05-15,509,151344,246,67597,229,78216,34,5531,239,14050,268,71196,273,85246,California
Butte,2021-05-16,167,151511,82,67679,67,78283,18,5549,98,14098,68,71264,116,85362,California
Butte,2021-05-17,770,152281,498,68177,223,78506,49,5598,331,14042,435,71699,379,85741,California
Butte,2021-05-18,1068,153349,735,68912,284,78790,49,5647,475,13979,587,72286,524,86265,California
Butte,2021-05-19,837,154186,544,69456,249,79039,44,5691,328,13847,503,72789,371,86636,California
Butte,2021-05-20,985,155171,661,70117,214,79253,110,5801,385,13744,597,73386,494,87130,California
Butte,2021-05-21,889,156060,543,70660,320,79573,26,5827,293,13470,592,73978,318,87448,California
Butte,2021-05-22,299,156359,139,70799,145,79718,15,5842,144,13476,152,74130,158,87606,California
Butte,2021-05-23,132,156491,83,70882,48,79766,1,5843,79,13503,53,74183,80,87686,California
Butte,2021-05-24,352,156843,165,71047,138,79904,49,5892,177,13555,174,74357,226,87912,California
Butte,2021-05-25,698,157541,447,71494,213,80117,38,5930,341,13583,349,74706,377,88289,California
Butte,2021-05-26,562,158103,180,71674,359,80476,23,5953,241,13534,312,75018,263,88552,California
Butte,2021-05-27,866,158969,623,72297,225,80701,18,5971,423,13538,438,75456,442,88994,California
Butte,2021-05-28,520,159489,141,72438,300,81001,79,6050,212,13524,305,75761,291,89285,California
Butte,2021-05-29,225,159714,116,72554,97,81098,12,6062,144,13599,81,75842,156,89441,California
Butte,2021-05-30,105,159819,56,72610,49,81147,0,6062,57,13608,48,75890,57,89498,California
Butte,2021-05-31,43,159862,23,72633,18,81165,2,6064,25,13617,18,75908,27,89525,California
Butte,2021-06-01,681,160543,429,73062,215,81380,37,6101,253,13484,422,76330,289,89814,California
Butte,2021-06-02,817,161360,564,73626,208,81588,45,6146,349,13414,463,76793,393,90207,California
Butte,2021-06-03,630,161990,423,74049,190,81778,17,6163,206,13216,421,77214,223,90430,California
Butte,2021-06-04,484,162474,276,74325,180,81958,28,6191,144,13055,333,77547,172,90602,California
Butte,2021-06-05,323,162797,209,74534,94,82052,20,6211,98,12950,223,77770,118,90720,California
Butte,2021-06-06,136,162933,100,74634,34,82086,2,6213,33,12883,102,77872,35,90755,California
Butte,2021-06-07,406,163339,259,74893,116,82202,31,6244,169,12846,236,78108,199,90954,California
Butte,2021-06-08,652,163991,469,75362,164,82366,19,6263,179,12583,462,78570,199,91153,California
Butte,2021-06-09,438,164429,300,75662,119,82485,19,6282,147,12465,284,78854,166,91319,California
Butte,2021-06-10,633,165062,451,76113,150,82635,32,6314,233,12330,398,79252,263,91582,California
Butte,2021-06-11,443,165505,264,76377,158,82793,21,6335,147,12204,294,79546,168,91750,California
Butte,2021-06-12,252,165757,154,76531,88,82881,10,6345,75,12113,176,79722,85,91835,California
Butte,2021-06-13,97,165854,64,76595,30,82911,3,6348,20,12059,77,79799,23,91858,California
Butte,2021-06-14,390,166244,235,76830,135,83046,20,6368,139,11969,250,80049,160,92018,California
Butte,2021-06-15,551,166795,387,77217,138,83184,26,6394,164,11778,381,80430,190,92208,California
Butte,2021-06-16,416,167211,256,77473,116,83300,44,6438,168,11744,246,80676,212,92420,California
Butte,2021-06-17,584,167795,436,77909,121,83421,27,6465,182,11552,401,81077,209,92629,California
Butte,2021-06-18,410,168205,205,78114,152,83573,53,6518,160,11514,248,81325,210,92839,California
Butte,2021-06-19,207,168412,153,78267,49,83622,5,6523,92,11496,115,81440,97,92936,California
Butte,2021-06-20,93,168505,68,78335,25,83647,0,6523,24,11451,69,81509,24,92960,California
Butte,2021-06-21,277,168782,164,78499,92,83739,21,6544,132,11461,143,81652,153,93113,California
Butte,2021-06-22,418,169200,274,78773,120,83859,24,6568,151,11372,264,81916,175,93288,California
Butte,2021-06-23,450,169650,333,79106,92,83951,25,6593,166,11279,283,82199,190,93478,California
Butte,2021-06-24,426,170076,284,79390,108,84059,34,6627,153,11193,272,82471,186,93664,California
Butte,2021-06-25,415,170491,204,79594,188,84247,23,6650,155,11112,259,82730,178,93842,California
Butte,2021-06-26,132,170623,96,79690,34,84281,2,6652,55,11092,77,82807,57,93899,California
Butte,2021-06-27,64,170687,39,79729,24,84305,1,6653,20,11069,44,82851,21,93920,California
Butte,2021-06-28,297,170984,224,79953,54,84359,19,6672,123,11038,173,83024,142,94062,California
Butte,2021-06-29,322,171306,217,80170,92,84451,13,6685,139,11009,180,83204,151,94213,California
Butte,2021-06-30,320,171626,208,80378,96,84547,16,6701,153,11012,166,83370,169,94382,California
Butte,2021-07-01,356,171982,229,80607,107,84654,20,6721,142,10961,213,83583,162,94544,California
Butte,2021-07-02,298,172280,204,80811,68,84722,26,6747,138,10968,157,83740,164,94708,California
Butte,2021-07-03,123,172403,83,80894,38,84760,2,6749,52,10952,70,83810,54,94762,California
Butte,2021-07-04,3,172406,2,80896,1,84761,0,6749,0,10950,2,83812,0,94762,California
Butte,2021-07-05,149,172555,99,80995,40,84801,10,6759,63,10941,82,83894,73,94835,California
Butte,2021-07-06,338,172893,250,81245,73,84874,15,6774,118,10857,218,84112,134,94969,California
Butte,2021-07-07,314,173207,230,81475,76,84950,8,6782,119,10791,193,84305,127,95096,California
Butte,2021-07-08,298,173505,194,81669,95,85045,9,6791,114,10732,182,84487,123,95219,California
Butte,2021-07-09,258,173763,158,81827,81,85126,19,6810,100,10694,157,84644,119,95338,California
Butte,2021-07-10,76,173839,44,81871,30,85156,2,6812,25,10669,51,84695,26,95364,California
Calaveras,2020-12-16,10,10,10,10,0,0,0,0,10,10,0,0,10,10,California
Calaveras,2020-12-17,6,16,6,16,0,0,0,0,6,16,0,0,6,16,California
Calaveras,2020-12-18,39,55,39,55,0,0,0,0,39,55,0,0,39,55,California
Calaveras,2020-12-19,4,59,4,59,0,0,0,0,4,59,0,0,4,59,California
Calaveras,2020-12-20,4,63,4,63,0,0,0,0,4,63,0,0,4,63,California
Calaveras,2020-12-21,54,117,47,110,7,7,0,0,54,117,0,0,54,117,California
Calaveras,2020-12-22,84,201,80,190,4,11,0,0,85,202,0,0,85,202,California
Calaveras,2020-12-23,76,277,74,264,2,13,0,0,76,278,0,0,76,278,California
Calaveras,2020-12-24,2,279,2,266,0,13,0,0,2,280,0,0,2,280,California
Calaveras,2020-12-26,3,282,3,269,0,13,0,0,3,283,0,0,3,283,California
Calaveras,2020-12-27,1,283,1,270,0,13,0,0,1,284,0,0,1,284,California
Calaveras,2020-12-28,22,305,18,288,4,17,0,0,21,304,1,1,21,305,California
Calaveras,2020-12-29,160,465,138,426,22,39,0,0,160,464,0,1,160,465,California
Calaveras,2020-12-30,94,559,82,508,12,51,0,0,94,558,0,1,94,559,California
Calaveras,2020-12-31,38,597,27,535,11,62,0,0,38,596,0,1,38,597,California
Calaveras,2021-01-02,12,609,12,547,0,62,0,0,12,608,0,1,12,609,California
Calaveras,2021-01-03,10,619,4,551,6,68,0,0,10,618,0,1,10,619,California
Calaveras,2021-01-04,33,652,5,556,28,96,0,0,33,651,0,1,33,652,California
Calaveras,2021-01-05,43,695,10,566,33,129,0,0,32,677,11,12,37,689,California
Calaveras,2021-01-06,107,802,30,596,77,206,0,0,97,764,10,22,97,786,California
Calaveras,2021-01-07,108,910,28,624,80,286,0,0,93,845,13,35,94,880,California
Calaveras,2021-01-08,74,984,44,668,30,316,0,0,46,865,28,63,48,928,California
Calaveras,2021-01-09,5,989,5,673,0,316,0,0,2,864,3,66,2,930,California
Calaveras,2021-01-10,2,991,0,673,2,318,0,0,2,866,0,66,2,932,California
Calaveras,2021-01-11,66,1057,60,733,6,324,0,0,27,857,38,104,29,961,California
Calaveras,2021-01-12,89,1146,56,789,33,357,0,0,52,873,37,141,53,1014,California
Calaveras,2021-01-13,110,1256,46,835,64,421,0,0,75,914,35,176,76,1090,California
Calaveras,2021-01-14,144,1400,45,880,99,520,0,0,110,992,33,209,111,1201,California
Calaveras,2021-01-15,94,1494,28,908,66,586,0,0,74,1046,20,229,74,1275,California
Calaveras,2021-01-16,13,1507,2,910,11,597,0,0,12,1057,1,230,12,1287,California
Calaveras,2021-01-17,10,1517,2,912,8,605,0,0,9,1065,1,231,9,1296,California
Calaveras,2021-01-18,139,1656,21,933,118,723,0,0,123,1176,16,247,127,1423,California
Calaveras,2021-01-19,209,1865,177,1110,32,755,0,0,71,1112,137,384,73,1496,California
Calaveras,2021-01-20,383,2248,82,1192,301,1056,0,0,288,1324,94,478,306,1802,California
Calaveras,2021-01-21,469,2717,43,1235,426,1482,0,0,426,1725,43,521,444,2246,California
Calaveras,2021-01-22,407,3124,26,1261,381,1863,0,0,389,2110,18,539,403,2649,California
Calaveras,2021-01-23,21,3145,10,1271,11,1874,0,0,19,2127,2,541,19,2668,California
Calaveras,2021-01-24,14,3159,8,1279,6,1880,0,0,12,2137,2,543,12,2680,California
Calaveras,2021-01-25,89,3248,7,1286,82,1962,0,0,84,2216,5,548,84,2764,California
Calaveras,2021-01-26,51,3299,16,1302,35,1997,0,0,42,2249,9,557,42,2806,California
Calaveras,2021-01-27,141,3440,47,1349,94,2091,0,0,112,2333,28,585,112,2918,California
Calaveras,2021-01-28,165,3605,25,1374,140,2231,0,0,136,2447,29,614,143,3061,California
Calaveras,2021-01-29,401,4006,15,1389,386,2617,0,0,366,2794,35,649,382,3443,California
Calaveras,2021-01-30,27,4033,10,1399,17,2634,0,0,25,2819,0,649,25,3468,California
Calaveras,2021-01-31,7,4040,5,1404,2,2636,0,0,6,2824,1,650,6,3474,California
Calaveras,2021-02-01,31,4071,12,1416,19,2655,0,0,22,2837,9,659,22,3496,California
Calaveras,2021-02-02,113,4184,24,1440,89,2744,0,0,74,2878,34,693,75,3571,California
Calaveras,2021-02-03,444,4628,44,1484,400,3144,0,0,359,3155,84,777,361,3932,California
Calaveras,2021-02-04,391,5019,26,1510,365,3509,0,0,305,3377,86,863,308,4240,California
Calaveras,2021-02-05,81,5100,22,1532,59,3568,0,0,42,3381,39,902,43,4283,California
Calaveras,2021-02-06,22,5122,12,1544,10,3578,0,0,22,3403,0,902,22,4305,California
Calaveras,2021-02-07,6,5128,1,1545,5,3583,0,0,2,3403,2,904,2,4307,California
Calaveras,2021-02-08,42,5170,19,1564,23,3606,0,0,34,3431,6,910,34,4341,California
Calaveras,2021-02-09,200,5370,78,1642,122,3728,0,0,137,3508,61,971,138,4479,California
Calaveras,2021-02-10,519,5889,33,1675,486,4214,0,0,444,3886,75,1046,453,4932,California
Calaveras,2021-02-11,603,6492,91,1766,512,4726,0,0,482,4263,118,1164,495,5427,California
Calaveras,2021-02-12,577,7069,324,2090,253,4979,0,0,490,4678,85,1249,500,5927,California
Calaveras,2021-02-13,205,7274,47,2137,158,5137,0,0,188,4850,16,1265,188,6115,California
Calaveras,2021-02-14,223,7497,71,2208,152,5289,0,0,207,5043,14,1279,207,6322,California
Calaveras,2021-02-15,389,7886,25,2233,364,5653,0,0,265,5189,119,1398,265,6587,California
Calaveras,2021-02-16,273,8159,146,2379,127,5780,0,0,232,5385,41,1439,237,6824,California
Calaveras,2021-02-17,518,8677,40,2419,478,6258,0,0,205,5302,293,1732,210,7034,California
Calaveras,2021-02-18,507,9184,96,2515,411,6669,0,0,98,5016,385,2117,99,7133,California
Calaveras,2021-02-19,443,9627,43,2558,400,7069,0,0,99,4787,328,2445,99,7232,California
Calaveras,2021-02-20,59,9686,15,2573,44,7113,0,0,49,4826,10,2455,49,7281,California
Calaveras,2021-02-21,27,9713,16,2589,11,7124,0,0,20,4840,6,2461,20,7301,California
Calaveras,2021-02-22,64,9777,39,2628,25,7149,0,0,33,4842,31,2492,33,7334,California
Calaveras,2021-02-23,138,9915,49,2677,89,7238,0,0,95,4895,43,2535,96,7430,California
Calaveras,2021-02-24,102,10017,48,2725,54,7292,0,0,68,4931,32,2567,68,7498,California
Calaveras,2021-02-25,557,10574,104,2829,453,7745,0,0,355,5102,192,2759,363,7861,California
Calaveras,2021-02-26,788,11362,47,2876,741,8486,0,0,375,5092,388,3147,378,8239,California
Calaveras,2021-02-27,209,11571,26,2902,183,8669,0,0,184,5251,25,3172,184,8423,California
Calaveras,2021-02-28,96,11667,15,2917,81,8750,0,0,91,5337,5,3177,91,8514,California
Calaveras,2021-03-01,253,11920,48,2965,205,8955,0,0,155,5400,93,3270,156,8670,California
Calaveras,2021-03-02,262,12182,105,3070,157,9112,0,0,208,5559,51,3321,210,8880,California
Calaveras,2021-03-03,574,12756,109,3179,465,9577,0,0,218,5428,350,3671,219,9099,California
Calaveras,2021-03-04,756,13512,70,3249,685,10262,1,1,352,5388,394,4065,354,9453,California
Calaveras,2021-03-05,462,13974,270,3519,188,10450,4,5,146,5236,302,4367,150,9603,California
Calaveras,2021-03-06,155,14129,43,3562,106,10556,6,11,114,5316,41,4408,121,9724,California
Calaveras,2021-03-07,82,14211,33,3595,41,10597,8,19,39,5320,43,4451,47,9771,California
Calaveras,2021-03-08,168,14379,32,3627,128,10725,8,27,130,5422,36,4487,138,9909,California
Calaveras,2021-03-09,382,14761,143,3770,233,10958,6,33,35,5124,339,4826,41,9950,California
Calaveras,2021-03-10,432,15193,35,3805,394,11352,3,36,58,4822,363,5189,61,10011,California
Calaveras,2021-03-11,884,16077,440,4245,431,11783,13,49,436,4841,432,5621,451,10462,California
Calaveras,2021-03-12,430,16507,224,4469,196,11979,10,59,324,5082,103,5724,344,10806,California
Calaveras,2021-03-13,192,16699,19,4488,165,12144,8,67,139,5182,51,5775,151,10957,California
Calaveras,2021-03-14,161,16860,11,4499,149,12293,1,68,18,5064,143,5918,25,10982,California
Calaveras,2021-03-15,337,17197,50,4549,261,12554,26,94,55,4868,281,6199,85,11067,California
Calaveras,2021-03-16,701,17898,562,5111,119,12673,20,114,554,5297,145,6344,574,11641,California
Calaveras,2021-03-17,291,18189,53,5164,224,12897,14,128,52,5132,232,6576,67,11708,California
Calaveras,2021-03-18,675,18864,576,5740,83,12980,16,144,549,5575,125,6701,568,12276,California
Calaveras,2021-03-19,237,19101,52,5792,110,13090,75,219,59,5533,174,6875,132,12408,California
Calaveras,2021-03-20,83,19184,23,5815,59,13149,1,220,24,5500,59,6934,26,12434,California
Calaveras,2021-03-21,47,19231,29,5844,7,13156,11,231,9,5484,37,6971,21,12455,California
Calaveras,2021-03-22,83,19314,39,5883,23,13179,21,252,26,5474,57,7028,47,12502,California
Calaveras,2021-03-23,299,19613,205,6088,84,13263,10,262,118,5432,169,7197,127,12629,California
Calaveras,2021-03-24,135,19748,51,6139,74,13337,10,272,44,5397,89,7286,54,12683,California
Calaveras,2021-03-25,754,20502,108,6247,642,13979,4,276,452,5562,291,7577,456,13139,California
Calaveras,2021-03-26,439,20941,30,6277,402,14381,7,283,91,5322,340,7917,100,13239,California
Calaveras,2021-03-27,212,21153,21,6298,187,14568,4,287,38,5195,171,8088,44,13283,California
Calaveras,2021-03-28,112,21265,12,6310,97,14665,3,290,8,5104,103,8191,12,13295,California
Calaveras,2021-03-29,187,21452,23,6333,161,14826,3,293,60,5046,122,8313,64,13359,California
Calaveras,2021-03-30,541,21993,26,6359,498,15324,17,310,361,5245,179,8492,378,13737,California
Calaveras,2021-03-31,329,22322,144,6503,175,15499,10,320,159,5248,167,8659,170,13907,California
Calaveras,2021-04-01,696,23018,449,6952,246,15745,1,321,184,4929,508,9167,189,14096,California
Calaveras,2021-04-02,400,23418,233,7185,159,15904,8,329,115,4777,277,9444,125,14221,California
Calaveras,2021-04-03,145,23563,36,7221,105,16009,4,333,41,4718,104,9548,45,14266,California
Calaveras,2021-04-04,83,23646,27,7248,56,16065,0,333,51,4737,32,9580,51,14317,California
Calaveras,2021-04-05,212,23858,80,7328,122,16187,10,343,97,4729,115,9695,107,14424,California
Calaveras,2021-04-06,664,24522,581,7909,69,16256,14,357,115,4313,545,10240,129,14553,California
Calaveras,2021-04-07,762,25284,665,8574,60,16316,37,394,621,4832,140,10380,659,15212,California
Calaveras,2021-04-08,951,26235,858,9432,70,16386,23,417,432,4773,515,10895,456,15668,California
Calaveras,2021-04-09,158,26393,60,9492,49,16435,49,466,55,4777,99,10994,103,15771,California
Calaveras,2021-04-10,196,26589,44,9536,133,16568,19,485,150,4902,45,11039,170,15941,California
Calaveras,2021-04-11,70,26659,45,9581,23,16591,2,487,49,4932,21,11060,51,15992,California
Calaveras,2021-04-12,106,26765,46,9627,41,16632,19,506,56,4958,50,11110,76,16068,California
Calaveras,2021-04-13,428,27193,372,9999,56,16688,0,506,366,5265,61,11171,368,16436,California
Calaveras,2021-04-14,186,27379,28,10027,158,16846,0,506,136,5353,49,11220,137,16573,California
Calaveras,2021-04-15,336,27715,285,10312,51,16897,0,506,245,5512,86,11306,245,16818,California
Calaveras,2021-04-16,109,27824,32,10344,77,16974,0,506,50,5510,52,11358,50,16868,California
Calaveras,2021-04-17,333,28157,128,10472,205,17179,0,506,290,5757,43,11401,290,17158,California
Calaveras,2021-04-18,18,28175,5,10477,13,17192,0,506,11,5761,7,11408,11,17169,California
Calaveras,2021-04-19,76,28251,27,10504,49,17241,0,506,44,5775,31,11439,45,17214,California
Calaveras,2021-04-20,270,28521,93,10597,177,17418,0,506,197,5905,67,11506,197,17411,California
Calaveras,2021-04-21,219,28740,148,10745,71,17489,0,506,84,5858,132,11638,85,17496,California
Calaveras,2021-04-22,548,29288,98,10843,450,17939,0,506,144,5604,400,12038,146,17642,California
Calaveras,2021-04-23,162,29450,81,10924,81,18020,0,506,64,5573,95,12133,64,17706,California
Calaveras,2021-04-24,173,29623,38,10962,135,18155,0,506,129,5660,43,12176,130,17836,California
Calaveras,2021-04-25,43,29666,27,10989,16,18171,0,506,23,5665,20,12196,25,17861,California
Calaveras,2021-04-26,119,29785,74,11063,45,18216,0,506,35,5618,83,12279,36,17897,California
Calaveras,2021-04-27,443,30228,72,11135,358,18574,13,519,56,5305,382,12661,69,17966,California
Calaveras,2021-04-28,650,30878,580,11715,39,18613,31,550,55,4807,591,13252,93,18059,California
Calaveras,2021-04-29,519,31397,443,12158,57,18670,19,569,71,4457,444,13696,94,18153,California
Calaveras,2021-04-30,156,31553,62,12220,89,18759,5,574,71,4455,84,13780,82,18235,California
Calaveras,2021-05-01,203,31756,112,12332,88,18847,3,577,134,4529,67,13847,141,18376,California
Calaveras,2021-05-02,54,31810,37,12369,16,18863,1,578,20,4519,32,13879,22,18398,California
Calaveras,2021-05-03,95,31905,70,12439,20,18883,5,583,30,4494,64,13943,39,18437,California
Calaveras,2021-05-04,421,32326,330,12769,54,18937,37,620,45,4202,375,14318,83,18520,California
Calaveras,2021-05-05,112,32438,57,12826,23,18960,32,652,50,4223,60,14378,81,18601,California
Calaveras,2021-05-06,257,32695,194,13020,39,18999,24,676,48,4089,207,14585,73,18674,California
Calaveras,2021-05-07,89,32784,25,13045,58,19057,6,682,58,4122,31,14616,64,18738,California
Calaveras,2021-05-08,291,33075,142,13187,146,19203,3,685,90,4018,197,14813,93,18831,California
Calaveras,2021-05-09,28,33103,12,13199,13,19216,3,688,13,4019,15,14828,16,18847,California
Calaveras,2021-05-10,65,33168,30,13229,34,19250,1,689,28,4014,35,14863,30,18877,California
Calaveras,2021-05-11,137,33305,92,13321,33,19283,12,701,96,4083,40,14903,109,18986,California
Calaveras,2021-05-12,172,33477,50,13371,122,19405,0,701,53,4019,118,15021,54,19040,California
Calaveras,2021-05-13,123,33600,66,13437,42,19447,15,716,66,4046,55,15076,82,19122,California
Calaveras,2021-05-14,148,33748,93,13530,52,19499,3,719,99,4100,48,15124,102,19224,California
Calaveras,2021-05-15,267,34015,96,13626,168,19667,3,722,106,4054,155,15279,109,19333,California
Calaveras,2021-05-16,30,34045,12,13638,18,19685,0,722,14,4053,16,15295,15,19348,California
Calaveras,2021-05-17,90,34135,42,13680,41,19726,7,729,47,4066,42,15337,55,19403,California
Calaveras,2021-05-18,229,34364,63,13743,144,19870,22,751,74,4008,154,15491,96,19499,California
Calaveras,2021-05-19,151,34515,64,13807,83,19953,4,755,72,4007,78,15569,77,19576,California
Calaveras,2021-05-20,203,34718,80,13887,97,20050,26,781,66,3964,134,15703,91,19667,California
Calaveras,2021-05-21,97,34815,55,13942,38,20088,4,785,58,3987,38,15741,61,19728,California
Calaveras,2021-05-22,301,35116,160,14102,141,20229,0,785,148,3983,152,15893,148,19876,California
Calaveras,2021-05-23,32,35148,16,14118,16,20245,0,785,13,3977,19,15912,13,19889,California
Calaveras,2021-05-24,76,35224,40,14158,20,20265,16,801,32,3982,44,15956,49,19938,California
Calaveras,2021-05-25,124,35348,48,14206,59,20324,17,818,56,3987,68,16024,73,20011,California
Calaveras,2021-05-26,121,35469,87,14293,30,20354,4,822,83,4036,37,16061,86,20097,California
Calaveras,2021-05-27,86,35555,44,14337,38,20392,4,826,30,4018,53,16114,35,20132,California
Calaveras,2021-05-28,85,35640,44,14381,37,20429,4,830,39,4015,46,16160,43,20175,California
Calaveras,2021-05-29,69,35709,23,14404,41,20470,5,835,33,4018,36,16196,39,20214,California
Calaveras,2021-05-30,36,35745,14,14418,17,20487,5,840,11,4009,25,16221,16,20230,California
Calaveras,2021-05-31,5,35750,0,14418,3,20490,2,842,0,4006,5,16226,2,20232,California
Calaveras,2021-06-01,147,35897,98,14516,43,20533,6,848,45,3955,102,16328,51,20283,California
Calaveras,2021-06-02,86,35983,55,14571,27,20560,4,852,37,3947,49,16377,41,20324,California
Calaveras,2021-06-03,93,36076,55,14626,31,20591,7,859,42,3949,49,16426,51,20375,California
Calaveras,2021-06-04,139,36215,93,14719,34,20625,12,871,36,3894,103,16529,48,20423,California
Calaveras,2021-06-05,85,36300,28,14747,55,20680,2,873,34,3880,50,16579,36,20459,California
Calaveras,2021-06-06,39,36339,28,14775,9,20689,2,875,21,3885,18,16597,23,20482,California
Calaveras,2021-06-07,62,36401,45,14820,9,20698,8,883,25,3882,36,16633,33,20515,California
Calaveras,2021-06-08,125,36526,80,14900,39,20737,6,889,58,3879,67,16700,64,20579,California
Calaveras,2021-06-09,95,36621,51,14951,38,20775,6,895,30,3852,65,16765,38,20617,California
Calaveras,2021-06-10,119,36740,59,15010,51,20826,9,904,41,3826,76,16841,50,20667,California
Calaveras,2021-06-11,105,36845,60,15070,40,20866,5,909,34,3794,71,16912,39,20706,California
Calaveras,2021-06-12,63,36908,37,15107,24,20890,2,911,20,3774,43,16955,23,20729,California
Calaveras,2021-06-13,31,36939,18,15125,9,20899,4,915,8,3763,23,16978,12,20741,California
Calaveras,2021-06-14,60,36999,40,15165,16,20915,4,919,23,3755,37,17015,29,20770,California
Calaveras,2021-06-15,90,37089,55,15220,26,20941,9,928,23,3721,67,17082,33,20803,California
Calaveras,2021-06-16,179,37268,138,15358,27,20968,14,942,39,3635,139,17221,53,20856,California
Calaveras,2021-06-17,60,37328,33,15391,23,20991,4,946,25,3632,32,17253,29,20885,California
Calaveras,2021-06-18,60,37388,41,15432,15,21006,4,950,25,3626,35,17288,29,20914,California
Calaveras,2021-06-19,66,37454,23,15455,26,21032,17,967,23,3623,43,17331,40,20954,California
Calaveras,2021-06-20,6,37460,2,15457,3,21035,1,968,2,3622,4,17335,3,20957,California
Calaveras,2021-06-21,39,37499,15,15472,18,21053,6,974,24,3638,15,17350,31,20988,California
Calaveras,2021-06-22,62,37561,32,15504,28,21081,2,976,28,3636,33,17383,31,21019,California
Calaveras,2021-06-23,64,37625,38,15542,19,21100,7,983,30,3639,34,17417,37,21056,California
Calaveras,2021-06-24,69,37694,37,15579,30,21130,2,985,35,3642,34,17451,37,21093,California
Calaveras,2021-06-25,53,37747,33,15612,12,21142,8,993,23,3643,30,17481,31,21124,California
Calaveras,2021-06-26,33,37780,16,15628,15,21157,2,995,20,3653,13,17494,23,21147,California
Calaveras,2021-06-27,18,37798,16,15644,1,21158,1,996,8,3652,10,17504,9,21156,California
Calaveras,2021-06-28,45,37843,27,15671,13,21171,5,1001,18,3650,26,17530,24,21180,California
Calaveras,2021-06-29,60,37903,48,15719,9,21180,3,1004,27,3649,31,17561,30,21210,California
Calaveras,2021-06-30,42,37945,26,15745,8,21188,8,1012,21,3657,21,17582,29,21239,California
Calaveras,2021-07-01,40,37985,24,15769,11,21199,5,1017,20,3663,19,17601,25,21264,California
Calaveras,2021-07-02,42,38027,32,15801,8,21207,2,1019,25,3673,17,17618,27,21291,California
Calaveras,2021-07-03,21,38048,15,15816,5,21212,1,1020,11,3675,10,17628,12,21303,California
Calaveras,2021-07-04,3,38051,1,15817,2,21214,0,1020,3,3678,0,17628,3,21306,California
Calaveras,2021-07-05,25,38076,15,15832,7,21221,3,1023,5,3667,20,17648,9,21315,California
Calaveras,2021-07-06,65,38141,26,15858,23,21244,16,1039,33,3685,32,17680,50,21365,California
Calaveras,2021-07-07,43,38184,25,15883,14,21258,4,1043,21,3689,21,17701,25,21390,California
Calaveras,2021-07-08,54,38238,19,15902,30,21288,5,1048,26,3693,27,17728,31,21421,California
Calaveras,2021-07-09,34,38272,17,15919,13,21301,4,1052,18,3699,16,17744,22,21443,California
Calaveras,2021-07-10,39,38311,25,15944,12,21313,2,1054,22,3707,17,17761,25,21468,California
Colusa,2020-12-18,1,1,1,1,0,0,0,0,1,1,0,0,1,1,California
Colusa,2020-12-21,2,3,2,3,0,0,0,0,2,3,0,0,2,3,California
Colusa,2020-12-22,10,13,10,13,0,0,0,0,10,13,0,0,10,13,California
Colusa,2020-12-23,10,23,10,23,0,0,0,0,10,23,0,0,10,23,California
Colusa,2020-12-24,2,25,1,24,1,1,0,0,2,25,0,0,2,25,California
Colusa,2020-12-27,1,26,1,25,0,1,0,0,1,26,0,0,1,26,California
Colusa,2020-12-28,7,33,3,28,4,5,0,0,7,33,0,0,7,33,California
Colusa,2020-12-29,10,43,8,36,2,7,0,0,10,43,0,0,10,43,California
Colusa,2020-12-30,51,94,14,50,37,44,0,0,51,94,0,0,51,94,California
Colusa,2020-12-31,18,112,1,51,17,61,0,0,18,112,0,0,18,112,California
Colusa,2021-01-04,3,115,0,51,3,64,0,0,3,115,0,0,3,115,California
Colusa,2021-01-05,68,183,1,52,67,131,0,0,68,183,0,0,68,183,California
Colusa,2021-01-06,15,198,9,61,6,137,0,0,15,198,0,0,15,198,California
Colusa,2021-01-07,40,238,5,66,35,172,0,0,39,236,1,1,39,237,California
Colusa,2021-01-08,9,247,7,73,2,174,0,0,8,243,1,2,8,245,California
Colusa,2021-01-09,2,249,1,74,1,175,0,0,2,245,0,2,2,247,California
Colusa,2021-01-10,1,250,0,74,1,176,0,0,1,246,0,2,1,248,California
Colusa,2021-01-11,12,262,6,80,6,182,0,0,7,248,5,7,7,255,California
Colusa,2021-01-12,11,273,9,89,2,184,0,0,6,249,5,12,6,261,California
Colusa,2021-01-13,21,294,13,102,8,192,0,0,13,254,8,20,13,274,California
Colusa,2021-01-14,36,330,29,131,7,199,0,0,34,286,2,22,34,308,California
Colusa,2021-01-15,42,372,5,136,37,236,0,0,40,324,2,24,40,348,California
Colusa,2021-01-16,12,384,1,137,11,247,0,0,11,334,1,25,11,359,California
Colusa,2021-01-17,3,387,2,139,1,248,0,0,2,335,1,26,2,361,California
Colusa,2021-01-18,4,391,0,139,4,252,0,0,4,339,0,26,4,365,California
Colusa,2021-01-19,9,400,8,147,1,253,0,0,5,340,4,30,5,370,California
Colusa,2021-01-20,115,515,101,248,14,267,0,0,101,427,14,44,101,471,California
Colusa,2021-01-21,59,574,44,292,15,282,0,0,58,484,1,45,58,529,California
Colusa,2021-01-22,40,614,17,309,23,305,0,0,35,514,5,50,35,564,California
Colusa,2021-01-23,35,649,6,315,29,334,0,0,35,549,0,50,35,599,California
Colusa,2021-01-25,7,656,0,315,7,341,0,0,7,556,0,50,7,606,California
Colusa,2021-01-26,8,664,5,320,3,344,0,0,5,558,3,53,5,611,California
Colusa,2021-01-27,110,774,31,351,79,423,0,0,108,664,2,55,108,719,California
Colusa,2021-01-28,84,858,48,399,36,459,0,0,75,730,9,64,75,794,California
Colusa,2021-01-29,42,900,7,406,35,494,0,0,41,770,1,65,41,835,California
Colusa,2021-01-30,27,927,4,410,23,517,0,0,27,797,0,65,27,862,California
Colusa,2021-01-31,7,934,7,417,0,517,0,0,7,804,0,65,7,869,California
Colusa,2021-02-01,27,961,10,427,17,534,0,0,22,821,5,70,22,891,California
Colusa,2021-02-02,42,1003,8,435,34,568,0,0,36,851,6,76,36,927,California
Colusa,2021-02-03,74,1077,10,445,64,632,0,0,62,901,12,88,62,989,California
Colusa,2021-02-04,143,1220,81,526,62,694,0,0,114,986,29,117,114,1103,California
Colusa,2021-02-05,33,1253,9,535,24,718,0,0,30,1013,3,120,30,1133,California
Colusa,2021-02-06,285,1538,9,544,276,994,0,0,274,1276,11,131,274,1407,California
Colusa,2021-02-07,2,1540,1,545,1,995,0,0,0,1274,2,133,0,1407,California
Colusa,2021-02-08,41,1581,5,550,36,1031,0,0,38,1309,3,136,38,1445,California
Colusa,2021-02-09,231,1812,14,564,217,1248,0,0,176,1430,55,191,176,1621,California
Colusa,2021-02-10,118,1930,42,606,76,1324,0,0,74,1460,44,235,74,1695,California
Colusa,2021-02-11,107,2037,44,650,63,1387,0,0,80,1513,27,262,80,1775,California
Colusa,2021-02-12,117,2154,9,659,108,1495,0,0,78,1551,40,302,78,1853,California
Colusa,2021-02-13,60,2214,8,667,52,1547,0,0,52,1595,8,310,52,1905,California
Colusa,2021-02-14,20,2234,8,675,12,1559,0,0,14,1603,6,316,14,1919,California
Colusa,2021-02-15,46,2280,10,685,36,1595,0,0,39,1635,7,323,39,1958,California
Colusa,2021-02-16,69,2349,4,689,65,1660,0,0,68,1702,1,324,68,2026,California
Colusa,2021-02-17,209,2558,143,832,66,1726,0,0,62,1617,147,471,62,2088,California
Colusa,2021-02-18,139,2697,39,871,100,1826,0,0,116,1710,23,494,116,2204,California
Colusa,2021-02-19,157,2854,19,890,138,1964,0,0,131,1815,26,520,131,2335,California
Colusa,2021-02-20,32,2886,6,896,26,1990,0,0,13,1809,19,539,13,2348,California
Colusa,2021-02-21,4,2890,2,898,2,1992,0,0,2,1809,2,541,2,2350,California
Colusa,2021-02-22,45,2935,27,925,18,2010,0,0,30,1824,15,556,30,2380,California
Colusa,2021-02-23,21,2956,6,931,15,2025,0,0,17,1837,4,560,17,2397,California
Colusa,2021-02-24,308,3264,55,986,253,2278,0,0,159,1847,149,709,159,2556,California
Colusa,2021-02-25,118,3382,65,1051,53,2331,0,0,79,1887,39,748,79,2635,California
Colusa,2021-02-26,101,3483,15,1066,86,2417,0,0,60,1906,41,789,60,2695,California
Colusa,2021-02-27,57,3540,4,1070,53,2470,0,0,42,1933,15,804,42,2737,California
Colusa,2021-02-28,27,3567,15,1085,12,2482,0,0,18,1942,9,813,18,2755,California
Colusa,2021-03-01,46,3613,15,1100,31,2513,0,0,29,1954,17,830,29,2784,California
Colusa,2021-03-02,50,3663,13,1113,37,2550,0,0,26,1956,24,854,26,2810,California
Colusa,2021-03-03,253,3916,46,1159,207,2757,0,0,193,2089,60,914,193,3003,California
Colusa,2021-03-04,147,4063,60,1219,87,2844,0,0,77,2096,70,984,77,3080,California
Colusa,2021-03-05,111,4174,25,1244,77,2921,9,9,54,2102,57,1041,63,3143,California
Colusa,2021-03-06,276,4450,9,1253,267,3188,0,9,39,1904,237,1278,39,3182,California
Colusa,2021-03-07,9,4459,5,1258,4,3192,0,9,7,1909,2,1280,7,3189,California
Colusa,2021-03-08,108,4567,21,1279,52,3244,35,44,48,1933,59,1339,83,3272,California
Colusa,2021-03-09,288,4855,74,1353,191,3435,23,67,94,1856,194,1533,117,3389,California
Colusa,2021-03-10,310,5165,38,1391,236,3671,36,103,211,2004,99,1632,247,3636,California
Colusa,2021-03-11,437,5602,63,1454,353,4024,21,124,340,2266,97,1729,359,3995,California
Colusa,2021-03-12,111,5713,18,1472,80,4104,13,137,20,2208,91,1820,33,4028,California
Colusa,2021-03-13,68,5781,16,1488,43,4147,9,146,21,2191,47,1867,30,4058,California
Colusa,2021-03-14,21,5802,0,1488,19,4166,2,148,5,2183,15,1882,7,4065,California
Colusa,2021-03-15,81,5883,28,1516,45,4211,8,156,24,2158,57,1939,32,4097,California
Colusa,2021-03-16,298,6181,16,1532,236,4447,46,202,189,2284,109,2048,235,4332,California
Colusa,2021-03-17,195,6376,49,1581,146,4593,0,202,106,2301,89,2137,106,4438,California
Colusa,2021-03-18,326,6702,39,1620,216,4809,71,273,193,2433,133,2270,265,4703,California
Colusa,2021-03-19,78,6780,20,1640,56,4865,2,275,51,2459,27,2297,53,4756,California
Colusa,2021-03-20,52,6832,8,1648,43,4908,1,276,38,2484,14,2311,39,4795,California
Colusa,2021-03-21,6,6838,4,1652,2,4910,0,276,1,2480,5,2316,1,4796,California
Colusa,2021-03-22,62,6900,10,1662,43,4953,9,285,40,2507,22,2338,49,4845,California
Colusa,2021-03-23,82,6982,16,1678,64,5017,2,287,56,2539,26,2364,58,4903,California
Colusa,2021-03-24,339,7321,57,1735,276,5293,6,293,65,2335,274,2638,70,4973,California
Colusa,2021-03-25,111,7432,62,1797,44,5337,5,298,52,2333,59,2697,57,5030,California
Colusa,2021-03-26,300,7732,47,1844,249,5586,4,302,247,2531,53,2750,251,5281,California
Colusa,2021-03-27,63,7795,5,1849,58,5644,0,302,24,2516,39,2789,24,5305,California
Colusa,2021-03-28,16,7811,7,1856,9,5653,0,302,7,2514,9,2798,7,5312,California
Colusa,2021-03-29,71,7882,19,1875,46,5699,6,308,30,2509,41,2839,36,5348,California
Colusa,2021-03-30,152,8034,83,1958,67,5766,2,310,73,2505,79,2918,75,5423,California
Colusa,2021-03-31,233,8267,40,1998,193,5959,0,310,65,2403,167,3085,65,5488,California
Colusa,2021-04-01,436,8703,74,2072,307,6266,55,365,310,2642,125,3210,364,5852,California
Colusa,2021-04-02,82,8785,14,2086,54,6320,14,379,38,2650,44,3254,52,5904,California
Colusa,2021-04-03,62,8847,10,2096,29,6349,23,402,14,2638,48,3302,36,5940,California
Colusa,2021-04-04,18,8865,0,2096,8,6357,10,412,3,2636,15,3317,13,5953,California
Colusa,2021-04-05,99,8964,27,2123,56,6413,16,428,34,2621,65,3382,50,6003,California
Colusa,2021-04-06,130,9094,35,2158,45,6458,50,478,35,2611,95,3477,85,6088,California
Colusa,2021-04-07,357,9451,42,2200,292,6750,23,501,125,2529,231,3708,149,6237,California
Colusa,2021-04-08,429,9880,34,2234,367,7117,28,529,117,2365,309,4017,145,6382,California
Colusa,2021-04-09,77,9957,21,2255,32,7149,24,553,28,2368,49,4066,52,6434,California
Colusa,2021-04-10,45,10002,10,2265,14,7163,21,574,8,2360,37,4103,29,6463,California
Colusa,2021-04-11,16,10018,3,2268,11,7174,2,576,8,2362,8,4111,10,6473,California
Colusa,2021-04-12,32,10050,3,2271,29,7203,0,576,15,2360,17,4128,15,6488,California
Colusa,2021-04-13,280,10330,23,2294,257,7460,0,576,95,2271,184,4312,95,6583,California
Colusa,2021-04-14,97,10427,20,2314,77,7537,0,576,35,2244,62,4374,35,6618,California
Colusa,2021-04-15,325,10752,48,2362,277,7814,0,576,130,2179,195,4569,130,6748,California
Colusa,2021-04-16,79,10831,11,2373,68,7882,0,576,35,2171,43,4612,35,6783,California
Colusa,2021-04-17,54,10885,7,2380,47,7929,0,576,30,2177,24,4636,30,6813,California
Colusa,2021-04-18,9,10894,2,2382,7,7936,0,576,7,2182,2,4638,7,6820,California
Colusa,2021-04-19,61,10955,21,2403,40,7976,0,576,17,2155,44,4682,17,6837,California
Colusa,2021-04-20,189,11144,38,2441,151,8127,0,576,133,2232,56,4738,133,6970,California
Colusa,2021-04-21,178,11322,68,2509,110,8237,0,576,109,2272,69,4807,109,7079,California
Colusa,2021-04-22,425,11747,27,2536,397,8634,1,577,221,2290,203,5010,221,7300,California
Colusa,2021-04-23,96,11843,21,2557,75,8709,0,577,37,2268,59,5069,37,7337,California
Colusa,2021-04-24,241,12084,19,2576,221,8930,1,578,210,2447,31,5100,210,7547,California
Colusa,2021-04-25,12,12096,6,2582,6,8936,0,578,8,2451,4,5104,8,7555,California
Colusa,2021-04-26,25,12121,5,2587,19,8955,1,579,6,2439,18,5122,6,7561,California
Colusa,2021-04-27,97,12218,25,2612,68,9023,4,583,44,2434,53,5175,48,7609,California
Colusa,2021-04-28,196,12414,33,2645,160,9183,3,586,144,2530,51,5226,147,7756,California
Colusa,2021-04-29,320,12734,29,2674,287,9470,4,590,48,2312,270,5496,52,7808,California
Colusa,2021-04-30,70,12804,23,2697,47,9517,0,590,46,2334,24,5520,46,7854,California
Colusa,2021-05-01,19,12823,8,2705,8,9525,3,593,9,2336,10,5530,12,7866,California
Colusa,2021-05-02,5,12828,1,2706,3,9528,1,594,2,2336,3,5533,3,7869,California
Colusa,2021-05-03,31,12859,7,2713,24,9552,0,594,15,2335,16,5549,15,7884,California
Colusa,2021-05-04,99,12958,55,2768,43,9595,1,595,69,2375,30,5579,70,7954,California
Colusa,2021-05-05,84,13042,21,2789,62,9657,1,596,35,2362,49,5628,36,7990,California
Colusa,2021-05-06,254,13296,16,2805,236,9893,2,598,111,2332,143,5771,113,8103,California
Colusa,2021-05-07,66,13362,4,2809,58,9951,4,602,30,2330,36,5807,34,8137,California
Colusa,2021-05-08,18,13380,6,2815,12,9963,0,602,9,2330,9,5816,9,8146,California
Colusa,2021-05-09,13,13393,5,2820,5,9968,3,605,6,2332,7,5823,9,8155,California
Colusa,2021-05-10,26,13419,6,2826,20,9988,0,605,9,2324,17,5840,9,8164,California
Colusa,2021-05-11,93,13512,34,2860,59,10047,0,605,48,2327,45,5885,48,8212,California
Colusa,2021-05-12,78,13590,32,2892,42,10089,4,609,21,2295,57,5942,25,8237,California
Colusa,2021-05-13,249,13839,24,2916,224,10313,1,610,80,2207,169,6111,81,8318,California
Colusa,2021-05-14,95,13934,18,2934,62,10375,15,625,33,2194,61,6172,48,8366,California
Colusa,2021-05-15,41,13975,10,2944,29,10404,2,627,21,2197,20,6192,23,8389,California
Colusa,2021-05-16,24,13999,8,2952,9,10413,7,634,11,2202,13,6205,18,8407,California
Colusa,2021-05-17,25,14024,5,2957,18,10431,2,636,13,2205,12,6217,15,8422,California
Colusa,2021-05-18,104,14128,27,2984,75,10506,2,638,46,2195,58,6275,48,8470,California
Colusa,2021-05-19,224,14352,44,3028,160,10666,20,658,66,2123,158,6433,86,8556,California
Colusa,2021-05-20,284,14636,34,3062,246,10912,4,662,68,1979,216,6649,72,8628,California
Colusa,2021-05-21,70,14706,24,3086,44,10956,2,664,34,1979,36,6685,36,8664,California
Colusa,2021-05-22,222,14928,24,3110,197,11153,1,665,34,1826,188,6873,35,8699,California
Colusa,2021-05-23,19,14947,8,3118,7,11160,4,669,5,1821,14,6887,9,8708,California
Colusa,2021-05-24,26,14973,3,3121,18,11178,5,674,15,1830,11,6898,20,8728,California
Colusa,2021-05-25,135,15108,75,3196,58,11236,2,676,52,1801,83,6981,54,8782,California
Colusa,2021-05-26,73,15181,25,3221,47,11283,1,677,32,1793,41,7022,33,8815,California
Colusa,2021-05-27,171,15352,17,3238,154,11437,0,677,54,1730,117,7139,54,8869,California
Colusa,2021-05-28,80,15432,25,3263,54,11491,1,678,41,1733,39,7178,42,8911,California
Colusa,2021-05-29,40,15472,18,3281,18,11509,4,682,29,1755,11,7189,33,8944,California
Colusa,2021-05-30,8,15480,1,3282,2,11511,5,687,1,1754,7,7196,6,8950,California
Colusa,2021-05-31,4,15484,0,3282,4,11515,0,687,1,1752,3,7199,1,8951,California
Colusa,2021-06-01,49,15533,15,3297,33,11548,1,688,25,1754,24,7223,26,8977,California
Colusa,2021-06-02,146,15679,20,3317,124,11672,2,690,51,1713,94,7317,53,9030,California
Colusa,2021-06-03,63,15742,20,3337,42,11714,1,691,26,1706,34,7351,27,9057,California
Colusa,2021-06-04,61,15803,19,3356,38,11752,4,695,22,1693,39,7390,26,9083,California
Colusa,2021-06-05,35,15838,16,3372,18,11770,1,696,17,1693,18,7408,18,9101,California
Colusa,2021-06-06,11,15849,6,3378,4,11774,1,697,6,1695,5,7413,7,9108,California
Colusa,2021-06-07,24,15873,6,3384,18,11792,0,697,10,1691,14,7427,10,9118,California
Colusa,2021-06-08,75,15948,21,3405,54,11846,0,697,29,1674,46,7473,29,9147,California
Colusa,2021-06-09,71,16019,41,3446,30,11876,0,697,28,1659,43,7516,28,9175,California
Colusa,2021-06-10,58,16077,23,3469,31,11907,4,701,14,1633,44,7560,18,9193,California
Colusa,2021-06-11,57,16134,30,3499,27,11934,0,701,26,1628,31,7591,26,9219,California
Colusa,2021-06-12,37,16171,23,3522,14,11948,0,701,9,1609,28,7619,9,9228,California
Colusa,2021-06-13,10,16181,3,3525,5,11953,2,703,2,1605,8,7627,4,9232,California
Colusa,2021-06-14,19,16200,9,3534,10,11963,0,703,7,1600,12,7639,7,9239,California
Colusa,2021-06-15,75,16275,36,3570,38,12001,1,704,19,1564,56,7695,20,9259,California
Colusa,2021-06-16,56,16331,16,3586,39,12040,1,705,16,1541,40,7735,17,9276,California
Colusa,2021-06-17,116,16447,10,3596,105,12145,1,706,17,1460,99,7834,18,9294,California
Colusa,2021-06-18,63,16510,32,3628,27,12172,4,710,25,1451,38,7872,29,9323,California
Colusa,2021-06-19,26,16536,21,3649,4,12176,1,711,6,1438,20,7892,7,9330,California
Colusa,2021-06-20,9,16545,6,3655,3,12179,0,711,7,1443,2,7894,7,9337,California
Colusa,2021-06-21,20,16565,3,3658,16,12195,1,712,8,1440,12,7906,9,9346,California
Colusa,2021-06-22,67,16632,28,3686,34,12229,5,717,29,1437,37,7943,34,9380,California
Colusa,2021-06-23,50,16682,27,3713,22,12251,1,718,21,1430,29,7972,22,9402,California
Colusa,2021-06-24,60,16742,27,3740,31,12282,2,720,22,1416,38,8010,24,9426,California
Colusa,2021-06-25,41,16783,16,3756,25,12307,0,720,25,1425,16,8026,25,9451,California
Colusa,2021-06-26,18,16801,13,3769,5,12312,0,720,5,1417,13,8039,5,9456,California
Colusa,2021-06-27,7,16808,4,3773,3,12315,0,720,5,1420,2,8041,5,9461,California
Colusa,2021-06-28,8,16816,1,3774,6,12321,1,721,5,1423,3,8044,6,9467,California
Colusa,2021-06-29,41,16857,17,3791,20,12341,4,725,17,1421,23,8067,21,9488,California
Colusa,2021-06-30,77,16934,38,3829,38,12379,1,726,28,1402,49,8116,30,9518,California
Colusa,2021-07-01,48,16982,23,3852,24,12403,1,727,20,1395,28,8144,21,9539,California
Colusa,2021-07-02,49,17031,27,3879,21,12424,1,728,25,1397,24,8168,26,9565,California
Colusa,2021-07-03,21,17052,8,3887,13,12437,0,728,11,1398,10,8178,11,9576,California
Colusa,2021-07-04,3,17055,2,3889,1,12438,0,728,1,1397,2,8180,1,9577,California
Colusa,2021-07-05,10,17065,6,3895,4,12442,0,728,4,1395,6,8186,4,9581,California
Colusa,2021-07-06,44,17109,18,3913,25,12467,1,729,21,1396,21,8207,22,9603,California
Colusa,2021-07-07,53,17162,29,3942,23,12490,1,730,32,1408,21,8228,33,9636,California
Colusa,2021-07-08,27,17189,12,3954,14,12504,1,731,18,1418,9,8237,19,9655,California
Colusa,2021-07-09,28,17217,20,3974,6,12510,2,733,9,1409,19,8256,10,9665,California
Colusa,2021-07-10,3,17220,0,3974,3,12513,0,733,2,1410,1,8257,2,9667,California
Contra Costa,2020-12-15,19,19,19,19,0,0,0,0,19,19,0,0,19,19,California
Contra Costa,2020-12-16,527,546,527,546,0,0,0,0,527,546,0,0,527,546,California
Contra Costa,2020-12-17,1049,1595,1049,1595,0,0,0,0,1049,1595,0,0,1049,1595,California
Contra Costa,2020-12-18,1766,3361,1764,3359,2,2,0,0,1766,3361,0,0,1766,3361,California
Contra Costa,2020-12-19,1118,4479,1117,4476,1,3,0,0,1118,4479,0,0,1118,4479,California
Contra Costa,2020-12-20,602,5081,601,5077,1,4,0,0,602,5081,0,0,602,5081,California
Contra Costa,2020-12-21,1671,6752,1668,6745,3,7,0,0,1671,6752,0,0,1671,6752,California
Contra Costa,2020-12-22,1676,8428,1569,8314,107,114,0,0,1676,8428,0,0,1676,8428,California
Contra Costa,2020-12-23,1633,10061,1381,9695,252,366,0,0,1633,10061,0,0,1633,10061,California
Contra Costa,2020-12-24,657,10718,336,10031,321,687,0,0,657,10718,0,0,657,10718,California
Contra Costa,2020-12-25,41,10759,19,10050,22,709,0,0,41,10759,0,0,41,10759,California
Contra Costa,2020-12-26,654,11413,135,10185,519,1228,0,0,654,11413,0,0,654,11413,California
Contra Costa,2020-12-27,243,11656,87,10272,156,1384,0,0,243,11656,0,0,243,11656,California
Contra Costa,2020-12-28,1852,13508,872,11144,980,2364,0,0,1852,13508,0,0,1852,13508,California
Contra Costa,2020-12-29,1854,15362,829,11973,1025,3389,0,0,1854,15362,0,0,1854,15362,California
Contra Costa,2020-12-30,2418,17780,1223,13196,1195,4584,0,0,2416,17777,2,2,2417,17779,California
Contra Costa,2020-12-31,927,18707,308,13504,619,5203,0,0,926,18703,0,2,926,18705,California
Contra Costa,2021-01-01,68,18775,24,13528,44,5247,0,0,68,18771,0,2,68,18773,California
Contra Costa,2021-01-02,348,19123,179,13707,169,5416,0,0,347,19118,0,2,347,19120,California
Contra Costa,2021-01-03,182,19305,123,13830,59,5475,0,0,181,19299,0,2,181,19301,California
Contra Costa,2021-01-04,1905,21210,1247,15077,658,6133,0,0,1885,21166,18,20,1885,21186,California
Contra Costa,2021-01-05,2117,23327,1267,16344,850,6983,0,0,1831,22713,285,305,1832,23018,California
Contra Costa,2021-01-06,3310,26637,2271,18615,1039,8022,0,0,2491,24394,813,1118,2494,25512,California
Contra Costa,2021-01-07,3124,29761,2087,20702,1037,9059,0,0,1800,24874,1320,2438,1800,27312,California
Contra Costa,2021-01-08,3426,33187,2415,23117,1011,10070,0,0,1769,24994,1652,4090,1772,29084,California
Contra Costa,2021-01-09,1598,34785,1143,24260,455,10525,0,0,737,24873,860,4950,739,29823,California
Contra Costa,2021-01-10,372,35157,296,24556,76,10601,0,0,154,24809,218,5168,154,29977,California
Contra Costa,2021-01-11,3858,39015,3159,27715,699,11300,0,0,2230,25414,1628,6796,2233,32210,California
Contra Costa,2021-01-12,3967,42982,2974,30689,993,12293,0,0,2610,26672,1356,8152,2614,34824,California
Contra Costa,2021-01-13,4807,47789,3002,33691,1805,14098,0,0,3831,29532,972,9124,3832,38656,California
Contra Costa,2021-01-14,4340,52129,1575,35266,2765,16863,0,0,3949,33090,391,9515,3949,42605,California
Contra Costa,2021-01-15,5374,57503,2478,37744,2896,19759,0,0,5042,37805,331,9846,5046,47651,California
Contra Costa,2021-01-16,1753,59256,566,38310,1187,20946,0,0,1676,39404,77,9923,1676,49327,California
Contra Costa,2021-01-17,1671,60927,984,39294,687,21633,0,0,1550,40836,121,10044,1553,50880,California
Contra Costa,2021-01-18,3235,64162,1282,40576,1953,23586,0,0,2600,42809,628,10672,2601,53481,California
Contra Costa,2021-01-19,7091,71253,3174,43750,3917,27503,0,0,6076,47881,1010,11682,6082,59563,California
Contra Costa,2021-01-20,6914,78167,4314,48064,2600,30103,0,0,5662,52300,1248,12930,5667,65230,California
Contra Costa,2021-01-21,7102,85269,3161,51225,3941,34044,0,0,6365,57942,731,13661,6373,71603,California
Contra Costa,2021-01-22,6466,91735,2761,53986,3705,37749,0,0,5595,62678,862,14523,5598,77201,California
Contra Costa,2021-01-23,2055,93790,358,54344,1697,39446,0,0,1788,64203,265,14788,1790,78991,California
Contra Costa,2021-01-24,1593,95383,218,54562,1375,40821,0,0,1445,65504,148,14936,1449,80440,California
Contra Costa,2021-01-25,6727,102110,3056,57618,3671,44492,0,0,5130,69046,1592,16528,5134,85574,California
Contra Costa,2021-01-26,8192,110302,4730,62348,3462,47954,0,0,6308,73484,1876,18404,6314,91888,California
Contra Costa,2021-01-27,8251,118553,5443,67791,2808,50762,0,0,6384,78017,1855,20259,6388,98276,California
Contra Costa,2021-01-28,7510,126063,4103,71894,3407,54169,0,0,5882,82281,1622,21881,5886,104162,California
Contra Costa,2021-01-29,7538,133601,3916,75810,3622,57791,0,0,6203,87157,1329,23210,6205,110367,California
Contra Costa,2021-01-30,2146,135747,644,76454,1502,59293,0,0,1740,88499,398,23608,1740,112107,California
Contra Costa,2021-01-31,664,136411,433,76887,231,59524,0,0,568,88974,93,23701,568,112675,California
Contra Costa,2021-02-01,5867,142278,4077,80964,1790,61314,0,0,3951,91021,1908,25609,3955,116630,California
Contra Costa,2021-02-02,7645,149923,5118,86082,2527,63841,0,0,5924,95228,1718,27327,5925,122555,California
Contra Costa,2021-02-03,8329,158252,5491,91573,2838,66679,0,0,5609,98129,2709,30036,5610,128165,California
Contra Costa,2021-02-04,7530,165782,3595,95168,3935,70614,0,0,5750,102107,1777,31813,5755,133920,California
Contra Costa,2021-02-05,8503,174285,4842,100010,3661,74275,0,0,5778,105168,2717,34530,5778,139698,California
Contra Costa,2021-02-06,3497,177782,2171,102181,1326,75601,0,0,2836,107345,660,35190,2837,142535,California
Contra Costa,2021-02-07,1003,178785,729,102910,274,75875,0,0,609,107561,393,35583,609,143144,California
Contra Costa,2021-02-08,5913,184698,3515,106425,2398,78273,0,0,4402,110460,1504,37087,4403,147547,California
Contra Costa,2021-02-09,8733,193431,4820,111245,3913,82186,0,0,5790,113318,2933,40020,5791,153338,California
Contra Costa,2021-02-10,8716,202147,4681,115926,4035,86221,0,0,5340,115302,3359,43379,5343,158681,California
Contra Costa,2021-02-11,9412,211559,4254,120180,5158,91379,0,0,5181,116264,4224,47603,5186,163867,California
Contra Costa,2021-02-12,10205,221764,4679,124859,5526,96905,0,0,5492,117055,4704,52307,5495,169362,California
Contra Costa,2021-02-13,4942,226706,1391,126250,3551,100456,0,0,3432,118983,1506,53813,3434,172796,California
Contra Costa,2021-02-14,2111,228817,872,127122,1239,101695,0,0,1223,119321,885,54698,1223,174019,California
Contra Costa,2021-02-15,4518,233335,2500,129622,2018,103713,0,0,2344,119502,2164,56862,2345,176364,California
Contra Costa,2021-02-16,10505,243840,4965,134587,5540,109253,0,0,4676,118364,5818,62680,4680,181044,California
Contra Costa,2021-02-17,12400,256240,6218,140805,6182,115435,0,0,5664,117311,6718,69398,5665,186709,California
Contra Costa,2021-02-18,11605,267845,6014,146819,5591,121026,0,0,5363,116448,6228,75626,5365,192074,California
Contra Costa,2021-02-19,11630,279475,7243,154062,4387,125413,0,0,5245,115327,6368,81994,5247,197321,California
Contra Costa,2021-02-20,6618,286093,2996,157058,3622,129035,0,0,4659,118049,1941,83935,4663,201984,California
Contra Costa,2021-02-21,2362,288455,1771,158829,591,129626,0,0,1581,118850,780,84715,1581,203565,California
Contra Costa,2021-02-22,7983,296438,5408,164237,2575,132201,0,0,3658,118204,4307,89022,3661,207226,California
Contra Costa,2021-02-23,12541,308979,7724,171961,4817,137018,0,0,6300,118291,6221,95243,6308,213534,California
Contra Costa,2021-02-24,10967,319946,8047,180008,2920,139938,0,0,5317,117980,5628,100871,5317,218851,California
Contra Costa,2021-02-25,12129,332075,7703,187711,4426,144364,0,0,5600,117084,6503,107374,5607,224458,California
Contra Costa,2021-02-26,11305,343380,7137,194848,4168,148532,0,0,5601,116998,5689,113063,5603,230061,California
Contra Costa,2021-02-27,6958,350338,4487,199335,2471,151003,0,0,4367,118786,2581,115644,4369,234430,California
Contra Costa,2021-02-28,4349,354687,3610,202945,738,151741,1,1,3666,121776,678,116322,3668,238098,California
Contra Costa,2021-03-01,8724,363411,6602,209547,2115,153856,7,8,5374,123825,3335,119657,5384,243482,California
Contra Costa,2021-03-02,10769,374180,6895,216442,3873,157729,1,9,5778,124631,4974,124631,5780,249262,California
Contra Costa,2021-03-03,11447,385627,7202,223644,4244,161973,1,10,6465,126136,4962,129593,6467,255729,California
Contra Costa,2021-03-04,12034,397661,7196,230840,4836,166809,2,12,6268,126658,5748,135341,6270,261999,California
Contra Costa,2021-03-05,11517,409178,6930,237770,4580,171389,7,19,6612,128391,4887,140228,6620,268619,California
Contra Costa,2021-03-06,7516,416694,4215,241985,2990,174379,311,330,4919,131038,2580,142808,5227,273846,California
Contra Costa,2021-03-07,4015,420709,2476,244461,1353,175732,186,516,3192,133594,821,143629,3377,277223,California
Contra Costa,2021-03-08,8286,428995,3937,248398,4026,179758,323,839,5554,136753,2720,146349,5879,283102,California
Contra Costa,2021-03-09,11226,440221,5951,254349,4974,184732,301,1140,5863,137573,5347,151696,6167,289269,California
Contra Costa,2021-03-10,12494,452715,6242,260591,4753,189485,1499,2639,5685,137948,6794,158490,7169,296438,California
Contra Costa,2021-03-11,12558,465273,6612,267203,5379,194864,567,3206,6409,138793,6122,164612,6967,303405,California
Contra Costa,2021-03-12,12702,477975,5234,272437,6899,201763,569,3775,6311,139299,6366,170978,6872,310277,California
Contra Costa,2021-03-13,7914,485889,3186,275623,4294,206057,434,4209,3115,138062,4778,175756,3541,313818,California
Contra Costa,2021-03-14,4444,490333,2631,278254,1326,207383,487,4696,1688,137490,2746,178502,2174,315992,California
Contra Costa,2021-03-15,9536,499869,5180,283434,3592,210975,764,5460,4676,138087,4839,183341,5436,321428,California
Contra Costa,2021-03-16,14440,514309,8614,292048,5418,216393,408,5868,7071,138225,7340,190681,7478,328906,California
Contra Costa,2021-03-17,15192,529501,10504,302552,4463,220856,225,6093,8451,140193,6713,197394,8681,337587,California
Contra Costa,2021-03-18,15541,545042,8683,311235,6377,227233,481,6574,8554,142276,6949,204343,9032,346619,California
Contra Costa,2021-03-19,15763,560805,9115,320350,5234,232467,1414,7988,8126,144199,7618,211961,9541,356160,California
Contra Costa,2021-03-20,10792,571597,6478,326828,3999,236466,315,8303,5091,143931,5674,217635,5406,361566,California
Contra Costa,2021-03-21,4603,576200,4028,330856,476,236942,99,8402,1790,143018,2801,220436,1888,363454,California
Contra Costa,2021-03-22,11727,587927,8841,339697,2626,239568,260,8662,6806,145179,4901,225337,7062,370516,California
Contra Costa,2021-03-23,15782,603709,10898,350595,4712,244280,172,8834,9038,147674,6715,232052,9210,379726,California
Contra Costa,2021-03-24,15120,618829,11784,362379,3122,247402,214,9048,9104,151014,5980,238032,9320,389046,California
Contra Costa,2021-03-25,15443,634272,12037,374416,3112,250514,294,9342,9413,154726,5991,244023,9703,398749,California
Contra Costa,2021-03-26,15152,649424,10865,385281,3883,254397,404,9746,8681,157367,6438,250461,9079,407828,California
Contra Costa,2021-03-27,10581,660005,6875,392156,3194,257591,512,10258,5607,158516,4962,255423,6111,413939,California
Contra Costa,2021-03-28,4256,664261,3040,395196,1162,258753,54,10312,1615,157557,2628,258051,1669,415608,California
Contra Costa,2021-03-29,10949,675210,8544,403740,2290,261043,115,10427,6940,160627,3988,262039,7058,422666,California
Contra Costa,2021-03-30,16863,692073,9231,412971,6274,267317,1358,11785,10385,165909,6451,268490,11733,434399,California
Contra Costa,2021-03-31,18115,710188,12671,425642,3999,271316,1445,13230,11379,172032,6685,275175,12808,447207,California
Contra Costa,2021-04-01,17647,727835,12306,437948,3946,275262,1395,14625,11409,178630,6194,281369,12792,459999,California
Contra Costa,2021-04-02,17539,745374,12905,450853,3602,278864,1032,15657,11614,185355,5913,287282,12638,472637,California
Contra Costa,2021-04-03,10907,756281,6509,457362,2846,281710,1552,17209,6213,188436,4678,291960,7759,480396,California
Contra Costa,2021-04-04,3364,759645,1334,458696,1427,283137,603,17812,849,187378,2507,294467,1449,481845,California
Contra Costa,2021-04-05,12151,771796,7914,466610,3248,286385,989,18801,6579,189389,5556,300023,7567,489412,California
Contra Costa,2021-04-06,17392,789188,12035,478645,3058,289443,2299,21100,9737,193784,7633,307656,12028,501440,California
Contra Costa,2021-04-07,18660,807848,12627,491272,3206,292649,2827,23927,10562,199131,8071,315727,13418,514858,California
Contra Costa,2021-04-08,18735,826583,12482,503754,3327,295976,2926,26853,10035,203407,8671,324398,12947,527805,California
Contra Costa,2021-04-09,18922,845505,12074,515828,4338,300314,2510,29363,10103,207223,8787,333185,12603,540408,California
Contra Costa,2021-04-10,10610,856115,3851,519679,2193,302507,4566,33929,3328,207833,7260,340445,7870,548278,California
Contra Costa,2021-04-11,3370,859485,2008,521687,695,303202,667,34596,1131,207396,2233,342678,1796,550074,California
Contra Costa,2021-04-12,12031,871516,7930,529617,3017,306219,1084,35680,5650,207772,6363,349041,6739,556813,California
Contra Costa,2021-04-13,17969,889485,11026,540643,6935,313154,8,35688,11980,213806,5959,355000,11993,568806,California
Contra Costa,2021-04-14,17793,907278,11184,551827,6608,319762,1,35689,9884,215811,7884,362884,9889,578695,California
Contra Costa,2021-04-15,17594,924872,10794,562621,6799,326561,1,35690,8151,214576,9411,372295,8176,586871,California
Contra Costa,2021-04-16,17024,941896,10596,573217,6427,332988,1,35691,7688,212965,9308,381603,7697,594568,California
Contra Costa,2021-04-17,11595,953491,6360,579577,5235,338223,0,35691,6264,213925,5311,386914,6271,600839,California
Contra Costa,2021-04-18,2939,956430,2294,581871,645,338868,0,35691,1859,214715,1069,387983,1859,602698,California
Contra Costa,2021-04-19,11521,967951,8600,590471,2921,341789,0,35691,3672,210571,7820,395803,3676,606374,California
Contra Costa,2021-04-20,17046,984997,11113,601584,5933,347722,0,35691,6451,206468,10559,406362,6456,612830,California
Contra Costa,2021-04-21,17861,1002858,14599,616183,3261,350983,1,35692,6433,201532,11378,417740,6442,619272,California
Contra Costa,2021-04-22,17384,1020242,14077,630260,3305,354288,2,35694,6147,196495,11195,428935,6158,625430,California
Contra Costa,2021-04-23,17207,1037449,13697,643957,3508,357796,2,35696,5567,190471,11602,440537,5578,631008,California
Contra Costa,2021-04-24,10965,1048414,8451,652408,2513,360309,1,35697,4208,187953,6730,447267,4212,635220,California
Contra Costa,2021-04-25,3293,1051707,2222,654630,1069,361378,2,35699,2079,188825,1213,448480,2085,637305,California
Contra Costa,2021-04-26,10137,1061844,8462,663092,1651,363029,24,35723,3069,184886,7045,455525,3106,640411,California
Contra Costa,2021-04-27,14762,1076606,10796,673888,3788,366817,178,35901,4043,178424,10692,466217,4230,644641,California
Contra Costa,2021-04-28,14344,1090950,11182,685070,2875,369692,287,36188,3855,172123,10449,476666,4148,648789,California
Contra Costa,2021-04-29,13576,1104526,10525,695595,2882,372574,169,36357,3277,165309,10266,486932,3452,652241,California
Contra Costa,2021-04-30,13851,1118377,10905,706500,2688,375262,258,36615,3205,158167,10611,497543,3469,655710,California
Contra Costa,2021-05-01,8051,1126428,5851,712351,1878,377140,322,36937,1917,154299,6108,503651,2240,657950,California
Contra Costa,2021-05-02,2337,1128765,1588,713939,669,377809,80,37017,985,154025,1339,504990,1065,659015,California
Contra Costa,2021-05-03,9136,1137901,8016,721955,944,378753,176,37193,1931,148950,7185,512175,2110,661125,California
Contra Costa,2021-05-04,14212,1152113,12274,734229,1608,380361,330,37523,2309,139717,11872,524047,2639,663764,California
Contra Costa,2021-05-05,12665,1164778,10931,745160,1531,381892,203,37726,2445,132177,10188,534235,2648,666412,California
Contra Costa,2021-05-06,10374,1175152,8620,753780,1417,383309,337,38063,1969,126111,8380,542615,2314,668726,California
Contra Costa,2021-05-07,9702,1184854,7801,761581,1677,384986,224,38287,2235,121134,7432,550047,2455,671181,California
Contra Costa,2021-05-08,5418,1190272,4103,765684,1147,386133,168,38455,1311,118526,4091,554138,1483,672664,California
Contra Costa,2021-05-09,2149,1192421,1820,767504,270,386403,59,38514,448,117342,1693,555831,509,673173,California
Contra Costa,2021-05-10,4976,1197397,3988,771492,768,387171,220,38734,1337,115279,3618,559449,1555,674728,California
Contra Costa,2021-05-11,8897,1206294,4694,776186,3964,391135,239,38973,1779,110206,7097,566546,2024,676752,California
Contra Costa,2021-05-12,9288,1215582,4793,780979,4228,395363,267,39240,1596,104411,7664,574210,1869,678621,California
Contra Costa,2021-05-13,11809,1227391,7886,788865,3736,399099,187,39427,4241,101301,7541,581751,4431,683052,California
Contra Costa,2021-05-14,12293,1239684,8215,797080,3793,402892,285,39712,5029,99378,7235,588986,5312,688364,California
Contra Costa,2021-05-15,10037,1249721,7285,804365,2634,405526,118,39830,4417,98314,5601,594587,4537,692901,California
Contra Costa,2021-05-16,2644,1252365,2322,806687,271,405797,51,39881,1222,98170,1416,596003,1272,694173,California
Contra Costa,2021-05-17,7135,1259500,5759,812446,1199,406996,177,40058,3557,98348,3557,599560,3735,697908,California
Contra Costa,2021-05-18,10255,1269755,7020,819466,3017,410013,218,40276,4442,97229,5782,605342,4663,702571,California
Contra Costa,2021-05-19,8506,1278261,6871,826337,1439,411452,196,40472,3836,96618,4647,609989,4036,706607,California
Contra Costa,2021-05-20,7205,1285466,5685,832022,1333,412785,187,40659,3329,96288,3846,613835,3516,710123,California
Contra Costa,2021-05-21,7095,1292561,5433,837455,1450,414235,212,40871,3210,95851,3856,617691,3419,713542,California
Contra Costa,2021-05-22,5151,1297712,4072,841527,900,415135,179,41050,2519,95937,2609,620300,2695,716237,California
Contra Costa,2021-05-23,1286,1298998,857,842384,371,415506,58,41108,608,95933,669,620969,665,716902,California
Contra Costa,2021-05-24,4746,1303744,3930,846314,639,416145,177,41285,2230,95841,2503,623472,2411,719313,California
Contra Costa,2021-05-25,6285,1310029,5111,851425,923,417068,251,41536,2636,95097,3630,627102,2886,722199,California
Contra Costa,2021-05-26,5636,1315665,3622,855047,1825,418893,189,41725,1941,93553,3673,630775,2129,724328,California
Contra Costa,2021-05-27,3814,1319479,2701,857748,936,419829,177,41902,1604,93136,2194,632969,1777,726105,California
Contra Costa,2021-05-28,5356,1324835,3744,861492,1441,421270,171,42073,2232,92436,3099,636068,2399,728504,California
Contra Costa,2021-05-29,3297,1328132,2147,863639,1033,422303,117,42190,1633,92533,1653,637721,1750,730254,California
Contra Costa,2021-05-30,936,1329068,591,864230,316,422619,29,42219,347,92322,587,638308,376,730630,California
Contra Costa,2021-05-31,388,1329456,268,864498,108,422727,12,42231,126,92201,258,638566,137,730767,California
Contra Costa,2021-06-01,4807,1334263,3577,868075,1084,423811,146,42377,1661,90880,3128,641694,1807,732574,California
Contra Costa,2021-06-02,3443,1337706,2440,870515,859,424670,144,42521,1409,90409,2023,643717,1552,734126,California
Contra Costa,2021-06-03,5444,1343150,4538,875053,791,425461,115,42636,1408,87902,4030,647747,1523,735649,California
Contra Costa,2021-06-04,6399,1349549,5363,880416,897,426358,139,42775,1585,84827,4796,652543,1721,737370,California
Contra Costa,2021-06-05,5219,1354768,4427,884843,680,427038,112,42887,1080,81890,4126,656669,1189,738559,California
Contra Costa,2021-06-06,1366,1356134,1193,886036,143,427181,30,42917,323,81203,1040,657709,353,738912,California
Contra Costa,2021-06-07,4945,1361079,4351,890387,494,427675,100,43017,1356,79082,3578,661287,1457,740369,California
Contra Costa,2021-06-08,6102,1367181,5263,895650,716,428391,123,43140,1414,75949,4670,665957,1537,741906,California
Contra Costa,2021-06-09,4875,1372056,4156,899806,571,428962,148,43288,1257,73753,3599,669556,1403,743309,California
Contra Costa,2021-06-10,4797,1376853,4031,903837,597,429559,169,43457,1231,71603,3550,673106,1400,744709,California
Contra Costa,2021-06-11,4851,1381704,3977,907814,676,430235,198,43655,1275,69514,3561,676667,1472,746181,California
Contra Costa,2021-06-12,3182,1384886,2701,910515,414,430649,67,43722,722,67853,2448,679115,787,746968,California
Contra Costa,2021-06-13,1152,1386038,859,911374,185,430834,108,43830,287,67390,858,679973,395,747363,California
Contra Costa,2021-06-14,3914,1389952,3308,914682,477,431311,129,43959,1137,65893,2760,682733,1263,748626,California
Contra Costa,2021-06-15,4185,1394137,3490,918172,535,431846,160,44119,1318,64514,2857,685590,1478,750104,California
Contra Costa,2021-06-16,3484,1397621,2837,921009,459,432305,188,44307,1208,63651,2257,687847,1394,751498,California
Contra Costa,2021-06-17,2776,1400397,2272,923281,377,432682,127,44434,1055,63117,1714,689561,1180,752678,California
Contra Costa,2021-06-18,3693,1404090,3040,926321,462,433144,191,44625,1326,62277,2355,691916,1515,754193,California
Contra Costa,2021-06-19,2041,1406131,1705,928026,232,433376,104,44729,575,61495,1462,693378,680,754873,California
Contra Costa,2021-06-20,790,1406921,663,928689,98,433474,29,44758,333,61403,453,693831,361,755234,California
Contra Costa,2021-06-21,1820,1408741,1381,930070,280,433754,159,44917,977,61702,835,694666,1134,756368,California
Contra Costa,2021-06-22,3044,1411785,2578,932648,325,434079,141,45058,1186,61184,1844,696510,1326,757694,California
Contra Costa,2021-06-23,2562,1414347,2129,934777,331,434410,102,45160,1028,60788,1526,698036,1130,758824,California
Contra Costa,2021-06-24,2355,1416702,1979,936756,247,434657,129,45289,945,60462,1398,699434,1072,759896,California
Contra Costa,2021-06-25,2773,1419475,2259,939015,358,435015,156,45445,1127,60106,1641,701075,1285,761181,California
Contra Costa,2021-06-26,1477,1420952,1210,940225,170,435185,97,45542,478,59684,997,702072,575,761756,California
Contra Costa,2021-06-27,691,1421643,603,940828,66,435251,22,45564,273,59563,416,702488,295,762051,California
Contra Costa,2021-06-28,2350,1423993,2024,942852,177,435428,149,45713,844,59061,1494,703982,992,763043,California
Contra Costa,2021-06-29,2535,1426528,2111,944963,293,435721,131,45844,973,58613,1549,705531,1101,764144,California
Contra Costa,2021-06-30,2183,1428711,1787,946750,298,436019,98,45942,886,58311,1284,706815,982,765126,California
Contra Costa,2021-07-01,2078,1430789,1745,948495,226,436245,107,46049,841,58035,1227,708042,951,766077,California
Contra Costa,2021-07-02,2184,1432973,1781,950276,303,436548,100,46149,907,57775,1267,709309,1007,767084,California
Contra Costa,2021-07-03,1057,1434030,865,951141,133,436681,59,46208,426,57634,625,709934,484,767568,California
Contra Costa,2021-07-04,51,1434081,18,951159,18,436699,15,46223,18,57634,33,709967,33,767601,California
Contra Costa,2021-07-05,825,1434906,678,951837,107,436806,40,46263,395,57642,427,710394,435,768036,California
Contra Costa,2021-07-06,2620,1437526,2222,954059,268,437074,130,46393,870,56906,1734,712128,998,769034,California
Contra Costa,2021-07-07,1999,1439525,1671,955730,220,437294,108,46501,770,56562,1219,713347,875,769909,California
Contra Costa,2021-07-08,1743,1441268,1479,957209,184,437478,80,46581,721,56351,1012,714359,801,770710,California
Contra Costa,2021-07-09,2119,1443387,1710,958919,301,437779,108,46689,854,56055,1256,715615,960,771670,California
Contra Costa,2021-07-10,518,1443905,427,959346,81,437860,10,46699,200,55950,314,715929,209,771879,California
Del Norte,2020-12-21,23,23,23,23,0,0,0,0,23,23,0,0,23,23,California
Del Norte,2020-12-22,46,69,46,69,0,0,0,0,46,69,0,0,46,69,California
Del Norte,2020-12-23,59,128,48,117,11,11,0,0,57,126,0,0,57,126,California
Del Norte,2020-12-28,34,162,34,151,0,11,0,0,34,160,0,0,34,160,California
Del Norte,2020-12-29,4,166,4,155,0,11,0,0,4,164,0,0,4,164,California
Del Norte,2020-12-30,67,233,55,210,12,23,0,0,68,232,0,0,68,232,California
Del Norte,2020-12-31,16,249,13,223,3,26,0,0,16,248,0,0,16,248,California
Del Norte,2021-01-04,103,352,50,273,53,79,0,0,103,351,0,0,103,351,California
Del Norte,2021-01-05,32,384,0,273,32,111,0,0,32,383,0,0,32,383,California
Del Norte,2021-01-06,77,461,18,291,59,170,0,0,77,460,0,0,77,460,California
Del Norte,2021-01-07,21,482,1,292,20,190,0,0,21,481,0,0,21,481,California
Del Norte,2021-01-08,77,559,7,299,70,260,0,0,77,558,0,0,77,558,California
Del Norte,2021-01-11,40,599,21,320,19,279,0,0,18,555,22,22,19,577,California
Del Norte,2021-01-12,52,651,33,353,19,298,0,0,31,565,21,43,31,608,California
Del Norte,2021-01-13,86,737,40,393,46,344,0,0,53,585,33,76,53,661,California
Del Norte,2021-01-14,54,791,14,407,40,384,0,0,48,627,6,82,48,709,California
Del Norte,2021-01-15,107,898,18,425,89,473,0,0,95,710,12,94,95,804,California
Del Norte,2021-01-17,1,899,1,426,0,473,0,0,1,711,0,94,1,805,California
Del Norte,2021-01-18,2,901,0,426,2,475,0,0,2,713,0,94,2,807,California
Del Norte,2021-01-19,118,1019,56,482,62,537,0,0,76,747,42,136,76,883,California
Del Norte,2021-01-20,161,1180,86,568,75,612,0,0,98,782,63,199,98,981,California
Del Norte,2021-01-21,43,1223,40,608,3,615,0,0,32,803,11,210,32,1013,California
Del Norte,2021-01-22,19,1242,17,625,2,617,0,0,12,808,7,217,12,1025,California
Del Norte,2021-01-23,1,1243,0,625,1,618,0,0,1,809,0,217,1,1026,California
Del Norte,2021-01-24,1,1244,0,625,1,619,0,0,1,810,0,217,1,1027,California
Del Norte,2021-01-25,101,1345,83,708,18,637,0,0,56,821,45,262,56,1083,California
Del Norte,2021-01-26,18,1363,11,719,7,644,0,0,7,817,11,273,7,1090,California
Del Norte,2021-01-27,64,1427,21,740,43,687,0,0,61,875,3,276,61,1151,California
Del Norte,2021-01-28,293,1720,20,760,273,960,0,0,288,1158,5,281,288,1439,California
Del Norte,2021-01-29,64,1784,23,783,41,1001,0,0,44,1182,20,301,44,1483,California
Del Norte,2021-01-30,8,1792,1,784,7,1008,0,0,8,1190,0,301,8,1491,California
Del Norte,2021-02-01,41,1833,1,785,40,1048,0,0,26,1201,15,316,26,1517,California
Del Norte,2021-02-02,142,1975,33,818,109,1157,0,0,72,1206,68,384,73,1590,California
Del Norte,2021-02-03,129,2104,42,860,87,1244,0,0,74,1225,55,439,74,1664,California
Del Norte,2021-02-04,70,2174,28,888,42,1286,0,0,41,1236,30,469,41,1705,California
Del Norte,2021-02-05,183,2357,21,909,162,1448,0,0,118,1290,64,533,118,1823,California
Del Norte,2021-02-06,311,2668,5,914,306,1754,0,0,311,1601,0,533,311,2134,California
Del Norte,2021-02-07,2,2670,1,915,1,1755,0,0,2,1603,0,533,2,2136,California
Del Norte,2021-02-08,35,2705,1,916,34,1789,0,0,31,1630,4,537,31,2167,California
Del Norte,2021-02-09,8,2713,5,921,3,1792,0,0,2,1626,6,543,2,2169,California
Del Norte,2021-02-10,143,2856,20,941,123,1915,0,0,85,1654,57,600,85,2254,California
Del Norte,2021-02-11,178,3034,59,1000,119,2034,0,0,64,1604,114,714,64,2318,California
Del Norte,2021-02-12,123,3157,14,1014,109,2143,0,0,69,1619,54,768,69,2387,California
Del Norte,2021-02-13,2,3159,1,1015,1,2144,0,0,2,1621,0,768,2,2389,California
Del Norte,2021-02-14,3,3162,1,1016,2,2146,0,0,2,1622,1,769,2,2391,California
Del Norte,2021-02-15,5,3167,0,1016,5,2151,0,0,3,1623,2,771,3,2394,California
Del Norte,2021-02-16,131,3298,1,1017,130,2281,0,0,13,1518,118,889,13,2407,California
Del Norte,2021-02-17,93,3391,20,1037,73,2354,0,0,25,1476,67,956,25,2432,California
Del Norte,2021-02-18,77,3468,24,1061,53,2407,0,0,51,1501,26,982,51,2483,California
Del Norte,2021-02-19,43,3511,17,1078,26,2433,0,0,33,1524,10,992,33,2516,California
Del Norte,2021-02-20,9,3520,6,1084,3,2436,0,0,6,1527,3,995,6,2522,California
Del Norte,2021-02-21,1,3521,0,1084,1,2437,0,0,0,1526,1,996,0,2522,California
Del Norte,2021-02-22,2,3523,0,1084,2,2439,0,0,2,1528,0,996,2,2524,California
Del Norte,2021-02-23,112,3635,93,1177,19,2458,0,0,34,1485,77,1073,34,2558,California
Del Norte,2021-02-24,157,3792,101,1278,56,2514,0,0,82,1492,75,1148,82,2640,California
Del Norte,2021-02-25,487,4279,137,1415,350,2864,0,0,220,1447,265,1413,220,2860,California
Del Norte,2021-02-26,213,4492,176,1591,37,2901,0,0,166,1566,47,1460,166,3026,California
Del Norte,2021-02-27,149,4641,143,1734,5,2906,1,1,140,1698,9,1469,141,3167,California
Del Norte,2021-02-28,4,4645,1,1735,3,2909,0,1,3,1700,1,1470,3,3170,California
Del Norte,2021-03-01,28,4673,2,1737,26,2935,0,1,4,1681,23,1493,4,3174,California
Del Norte,2021-03-02,222,4895,142,1879,80,3015,0,1,188,1835,34,1527,188,3362,California
Del Norte,2021-03-03,177,5072,107,1986,70,3085,0,1,135,1928,42,1569,135,3497,California
Del Norte,2021-03-04,122,5194,84,2070,38,3123,0,1,92,1991,29,1598,92,3589,California
Del Norte,2021-03-05,123,5317,11,2081,112,3235,0,1,74,2016,49,1647,74,3663,California
Del Norte,2021-03-06,465,5782,77,2158,339,3574,49,50,163,1884,302,1949,170,3833,California
Del Norte,2021-03-07,2,5784,1,2159,1,3575,0,50,1,1884,1,1950,1,3834,California
Del Norte,2021-03-08,29,5813,1,2160,26,3601,2,52,6,1870,22,1972,8,3842,California
Del Norte,2021-03-09,194,6007,113,2273,78,3679,3,55,183,2045,11,1983,186,4028,California
Del Norte,2021-03-10,236,6243,96,2369,111,3790,29,84,134,2106,102,2085,163,4191,California
Del Norte,2021-03-11,151,6394,55,2424,91,3881,5,89,103,2166,48,2133,108,4299,California
Del Norte,2021-03-12,178,6572,88,2512,90,3971,0,89,124,2237,53,2186,124,4423,California
Del Norte,2021-03-13,94,6666,93,2605,1,3972,0,89,91,2325,3,2189,91,4514,California
Del Norte,2021-03-14,1,6667,0,2605,1,3973,0,89,1,2325,1,2190,1,4515,California
Del Norte,2021-03-15,38,6705,0,2605,38,4011,0,89,34,2355,4,2194,34,4549,California
Del Norte,2021-03-16,282,6987,135,2740,147,4158,0,89,258,2589,24,2218,258,4807,California
Del Norte,2021-03-17,284,7271,95,2835,187,4345,2,91,169,2645,115,2333,171,4978,California
Del Norte,2021-03-18,284,7555,107,2942,175,4520,2,93,144,2652,139,2472,146,5124,California
Del Norte,2021-03-19,270,7825,160,3102,104,4624,6,99,92,2572,178,2650,98,5222,California
Del Norte,2021-03-20,156,7981,153,3255,3,4627,0,99,15,2446,141,2791,15,5237,California
Del Norte,2021-03-21,4,7985,2,3257,2,4629,0,99,2,2446,2,2793,2,5239,California
Del Norte,2021-03-22,43,8028,3,3260,39,4668,1,100,39,2483,3,2796,40,5279,California
Del Norte,2021-03-23,335,8363,164,3424,153,4821,18,118,164,2495,169,2965,181,5460,California
Del Norte,2021-03-24,397,8760,107,3531,250,5071,40,158,228,2594,169,3134,268,5728,California
Del Norte,2021-03-25,193,8953,88,3619,105,5176,0,158,85,2572,107,3241,85,5813,California
Del Norte,2021-03-26,234,9187,113,3732,121,5297,0,158,197,2732,37,3278,197,6010,California
Del Norte,2021-03-27,107,9294,86,3818,4,5301,17,175,17,2676,90,3368,34,6044,California
Del Norte,2021-03-28,4,9298,2,3820,2,5303,0,175,1,2674,3,3371,1,6045,California
Del Norte,2021-03-29,57,9355,6,3826,34,5337,17,192,32,2698,25,3396,49,6094,California
Del Norte,2021-03-30,338,9693,119,3945,208,5545,11,203,126,2623,212,3608,137,6231,California
Del Norte,2021-03-31,356,10049,101,4046,238,5783,17,220,199,2684,155,3763,216,6447,California
Del Norte,2021-04-01,164,10213,58,4104,72,5855,34,254,69,2693,94,3857,103,6550,California
Del Norte,2021-04-02,232,10445,78,4182,105,5960,49,303,49,2609,183,4040,99,6649,California
Del Norte,2021-04-03,108,10553,83,4265,2,5962,23,326,5,2535,102,4142,28,6677,California
Del Norte,2021-04-04,4,10557,0,4265,0,5962,4,330,0,2535,4,4146,4,6681,California
Del Norte,2021-04-05,46,10603,5,4270,37,5999,4,334,39,2571,7,4153,43,6724,California
Del Norte,2021-04-06,380,10983,119,4389,223,6222,38,372,146,2526,230,4383,185,6909,California
Del Norte,2021-04-07,438,11421,115,4504,261,6483,62,434,289,2729,149,4532,352,7261,California
Del Norte,2021-04-08,229,11650,54,4558,106,6589,69,503,105,2779,124,4656,174,7435,California
Del Norte,2021-04-09,206,11856,46,4604,83,6672,77,580,99,2847,106,4762,174,7609,California
Del Norte,2021-04-10,47,11903,26,4630,4,6676,17,597,27,2871,20,4782,44,7653,California
Del Norte,2021-04-11,12,11915,3,4633,2,6678,7,604,2,2870,10,4792,9,7662,California
Del Norte,2021-04-12,27,11942,1,4634,9,6687,17,621,1,2863,25,4817,18,7680,California
Del Norte,2021-04-13,299,12241,50,4684,249,6936,0,621,155,2874,144,4961,155,7835,California
Del Norte,2021-04-14,331,12572,23,4707,308,7244,0,621,139,2826,192,5153,144,7979,California
Del Norte,2021-04-15,164,12736,31,4738,133,7377,0,621,45,2753,119,5272,46,8025,California
Del Norte,2021-04-16,163,12899,40,4778,123,7500,0,621,60,2712,102,5374,61,8086,California
Del Norte,2021-04-17,108,13007,76,4854,32,7532,0,621,102,2808,6,5380,102,8188,California
Del Norte,2021-04-18,6,13013,5,4859,1,7533,0,621,5,2812,1,5381,5,8193,California
Del Norte,2021-04-19,51,13064,6,4865,45,7578,0,621,9,2779,42,5423,9,8202,California
Del Norte,2021-04-20,209,13273,40,4905,169,7747,0,621,74,2718,135,5558,74,8276,California
Del Norte,2021-04-21,292,13565,23,4928,269,8016,0,621,67,2563,225,5783,70,8346,California
Del Norte,2021-04-22,116,13681,16,4944,100,8116,0,621,63,2573,53,5836,63,8409,California
Del Norte,2021-04-23,155,13836,22,4966,133,8249,0,621,41,2500,114,5950,41,8450,California
Del Norte,2021-04-24,25,13861,14,4980,11,8260,0,621,20,2515,5,5955,20,8470,California
Del Norte,2021-04-25,2,13863,0,4980,2,8262,0,621,2,2517,0,5955,2,8472,California
Del Norte,2021-04-26,31,13894,0,4980,31,8293,0,621,9,2504,22,5977,9,8481,California
Del Norte,2021-04-27,181,14075,21,5001,155,8448,5,626,50,2429,131,6108,56,8537,California
Del Norte,2021-04-28,351,14426,100,5101,246,8694,5,631,63,2212,286,6394,69,8606,California
Del Norte,2021-04-29,94,14520,6,5107,84,8778,4,635,27,2176,67,6461,31,8637,California
Del Norte,2021-04-30,87,14607,7,5114,70,8848,10,645,47,2193,40,6501,57,8694,California
Del Norte,2021-05-01,7,14614,2,5116,5,8853,0,645,5,2196,2,6503,5,8699,California
Del Norte,2021-05-02,8,14622,0,5116,8,8861,0,645,8,2204,0,6503,8,8707,California
Del Norte,2021-05-03,39,14661,3,5119,33,8894,3,648,2,2173,36,6539,5,8712,California
Del Norte,2021-05-04,221,14882,36,5155,180,9074,5,653,46,2049,175,6714,51,8763,California
Del Norte,2021-05-05,234,15116,20,5175,206,9280,8,661,59,1942,174,6888,67,8830,California
Del Norte,2021-05-06,113,15229,26,5201,74,9354,13,674,26,1894,87,6975,39,8869,California
Del Norte,2021-05-07,151,15380,28,5229,119,9473,4,678,31,1809,120,7095,35,8904,California
Del Norte,2021-05-08,64,15444,54,5283,8,9481,2,680,6,1759,58,7153,8,8912,California
Del Norte,2021-05-09,11,15455,4,5287,4,9485,3,683,3,1757,8,7161,6,8918,California
Del Norte,2021-05-10,25,15480,3,5290,18,9503,4,687,15,1766,10,7171,19,8937,California
Del Norte,2021-05-11,177,15657,50,5340,125,9628,2,689,34,1659,143,7314,36,8973,California
Del Norte,2021-05-12,151,15808,23,5363,118,9746,10,699,27,1573,123,7437,37,9010,California
Del Norte,2021-05-13,68,15876,30,5393,37,9783,1,700,38,1582,30,7467,39,9049,California
Del Norte,2021-05-14,76,15952,26,5419,49,9832,1,701,41,1589,35,7502,42,9091,California
Del Norte,2021-05-15,96,16048,53,5472,37,9869,6,707,53,1605,43,7545,59,9150,California
Del Norte,2021-05-16,11,16059,0,5472,11,9880,0,707,11,1616,0,7545,11,9161,California
Del Norte,2021-05-17,26,16085,3,5475,20,9900,3,710,15,1623,11,7556,18,9179,California
Del Norte,2021-05-18,129,16214,69,5544,60,9960,0,710,81,1656,48,7604,81,9260,California
Del Norte,2021-05-19,97,16311,14,5558,66,10026,17,727,35,1645,62,7666,51,9311,California
Del Norte,2021-05-20,99,16410,31,5589,65,10091,3,730,39,1628,59,7725,42,9353,California
Del Norte,2021-05-21,81,16491,34,5623,44,10135,3,733,44,1638,37,7762,47,9400,California
Del Norte,2021-05-22,24,16515,8,5631,16,10151,0,733,11,1637,12,7774,11,9411,California
Del Norte,2021-05-23,14,16529,5,5636,9,10160,0,733,7,1637,7,7781,7,9418,California
Del Norte,2021-05-24,25,16554,9,5645,16,10176,0,733,16,1644,9,7790,16,9434,California
Del Norte,2021-05-25,47,16601,5,5650,36,10212,6,739,17,1640,27,7817,23,9457,California
Del Norte,2021-05-26,117,16718,36,5686,74,10286,7,746,54,1639,62,7879,61,9518,California
Del Norte,2021-05-27,72,16790,27,5713,41,10327,4,750,34,1639,38,7917,38,9556,California
Del Norte,2021-05-28,52,16842,7,5720,37,10364,8,758,8,1611,44,7961,16,9572,California
Del Norte,2021-05-29,8,16850,0,5720,4,10368,4,762,3,1613,5,7966,7,9579,California
Del Norte,2021-05-30,6,16856,0,5720,6,10374,0,762,1,1609,5,7971,1,9580,California
Del Norte,2021-05-31,4,16860,2,5722,2,10376,0,762,3,1611,1,7972,3,9583,California
Del Norte,2021-06-01,52,16912,6,5728,39,10415,7,769,11,1588,41,8013,18,9601,California
Del Norte,2021-06-02,83,16995,11,5739,67,10482,5,774,19,1548,64,8077,24,9625,California
Del Norte,2021-06-03,63,17058,36,5775,25,10507,2,776,28,1543,35,8112,30,9655,California
Del Norte,2021-06-04,70,17128,24,5799,41,10548,5,781,20,1518,50,8162,25,9680,California
Del Norte,2021-06-05,1,17129,0,5799,1,10549,0,781,0,1517,1,8163,0,9680,California
Del Norte,2021-06-06,10,17139,4,5803,4,10553,2,783,7,1523,3,8166,9,9689,California
Del Norte,2021-06-07,42,17181,9,5812,28,10581,5,788,15,1516,27,8193,20,9709,California
Del Norte,2021-06-08,112,17293,81,5893,26,10607,5,793,33,1475,79,8272,38,9747,California
Del Norte,2021-06-09,58,17351,11,5904,40,10647,7,800,16,1456,42,8314,23,9770,California
Del Norte,2021-06-10,56,17407,26,5930,23,10670,7,807,11,1430,44,8358,18,9788,California
Del Norte,2021-06-11,59,17466,23,5953,27,10697,9,816,13,1406,46,8404,22,9810,California
Del Norte,2021-06-12,17,17483,3,5956,11,10708,3,819,2,1396,15,8419,5,9815,California
Del Norte,2021-06-13,61,17544,43,5999,13,10721,5,824,13,1366,48,8467,18,9833,California
Del Norte,2021-06-14,37,17581,15,6014,18,10739,4,828,15,1364,21,8488,19,9852,California
Del Norte,2021-06-15,38,17619,9,6023,21,10760,8,836,5,1344,33,8521,13,9865,California
Del Norte,2021-06-16,97,17716,36,6059,50,10810,11,847,22,1302,75,8596,33,9898,California
Del Norte,2021-06-17,31,17747,13,6072,15,10825,3,850,7,1288,24,8620,10,9908,California
Del Norte,2021-06-18,48,17795,22,6094,21,10846,5,855,19,1283,29,8649,24,9932,California
Del Norte,2021-06-19,11,17806,0,6094,7,10853,4,859,3,1282,8,8657,7,9939,California
Del Norte,2021-06-20,13,17819,9,6103,4,10857,0,859,8,1285,5,8662,8,9947,California
Del Norte,2021-06-21,23,17842,8,6111,10,10867,5,864,9,1285,14,8676,14,9961,California
Del Norte,2021-06-22,39,17881,9,6120,19,10886,11,875,14,1285,25,8701,25,9986,California
Del Norte,2021-06-23,68,17949,32,6152,30,10916,6,881,31,1286,36,8737,37,10023,California
Del Norte,2021-06-24,47,17996,27,6179,13,10929,7,888,17,1280,30,8767,24,10047,California
Del Norte,2021-06-25,28,18024,14,6193,12,10941,2,890,13,1280,15,8782,15,10062,California
Del Norte,2021-06-26,5,18029,0,6193,5,10946,0,890,2,1279,3,8785,2,10064,California
Del Norte,2021-06-27,9,18038,4,6197,5,10951,0,890,6,1282,3,8788,6,10070,California
Del Norte,2021-06-28,13,18051,6,6203,5,10956,2,892,7,1285,6,8794,9,10079,California
Del Norte,2021-06-29,55,18106,40,6243,12,10968,3,895,19,1271,36,8830,22,10101,California
Del Norte,2021-06-30,35,18141,17,6260,13,10981,5,900,11,1263,24,8854,16,10117,California
Del Norte,2021-07-01,21,18162,8,6268,9,10990,4,904,7,1260,14,8868,11,10128,California
Del Norte,2021-07-02,19,18181,7,6275,11,11001,1,905,6,1254,13,8881,7,10135,California
Del Norte,2021-07-03,3,18184,2,6277,1,11002,0,905,2,1255,1,8882,2,10137,California
Del Norte,2021-07-04,6,18190,5,6282,1,11003,0,905,2,1253,4,8886,2,10139,California
Del Norte,2021-07-05,10,18200,6,6288,4,11007,0,905,2,1247,8,8894,2,10141,California
Del Norte,2021-07-06,29,18229,15,6303,13,11020,1,906,16,1252,12,8906,17,10158,California
Del Norte,2021-07-07,48,18277,21,6324,22,11042,5,911,18,1245,30,8936,23,10181,California
Del Norte,2021-07-08,26,18303,10,6334,14,11056,2,913,11,1244,14,8950,13,10194,California
Del Norte,2021-07-09,21,18324,10,6344,10,11066,1,914,8,1240,13,8963,9,10203,California
Del Norte,2021-07-10,3,18327,0,6344,3,11069,0,914,2,1241,1,8964,2,10205,California
El Dorado,2020-12-15,12,12,12,12,0,0,0,0,12,12,0,0,12,12,California
El Dorado,2020-12-16,40,52,40,52,0,0,0,0,40,52,0,0,40,52,California
El Dorado,2020-12-17,35,87,35,87,0,0,0,0,35,87,0,0,35,87,California
El Dorado,2020-12-18,263,350,263,350,0,0,0,0,263,350,0,0,263,350,California
El Dorado,2020-12-19,119,469,119,469,0,0,0,0,119,469,0,0,119,469,California
El Dorado,2020-12-20,87,556,87,556,0,0,0,0,87,556,0,0,87,556,California
El Dorado,2020-12-21,312,868,311,867,1,1,0,0,312,868,0,0,312,868,California
El Dorado,2020-12-22,242,1110,218,1085,24,25,0,0,242,1110,0,0,242,1110,California
El Dorado,2020-12-23,190,1300,141,1226,49,74,0,0,190,1300,0,0,190,1300,California
El Dorado,2020-12-24,87,1387,66,1292,21,95,0,0,87,1387,0,0,87,1387,California
El Dorado,2020-12-25,8,1395,8,1300,0,95,0,0,8,1395,0,0,8,1395,California
El Dorado,2020-12-26,45,1440,27,1327,18,113,0,0,45,1440,0,0,45,1440,California
El Dorado,2020-12-27,38,1478,34,1361,4,117,0,0,38,1478,0,0,38,1478,California
El Dorado,2020-12-28,217,1695,168,1529,49,166,0,0,217,1695,0,0,217,1695,California
El Dorado,2020-12-29,462,2157,145,1674,317,483,0,0,462,2157,0,0,462,2157,California
El Dorado,2020-12-30,511,2668,140,1814,371,854,0,0,511,2668,0,0,511,2668,California
El Dorado,2020-12-31,111,2779,70,1884,41,895,0,0,111,2779,0,0,111,2779,California
El Dorado,2021-01-01,7,2786,4,1888,3,898,0,0,7,2786,0,0,7,2786,California
El Dorado,2021-01-02,155,2941,142,2030,13,911,0,0,155,2941,0,0,155,2941,California
El Dorado,2021-01-03,96,3037,19,2049,77,988,0,0,96,3037,0,0,96,3037,California
El Dorado,2021-01-04,193,3230,62,2111,131,1119,0,0,193,3230,0,0,193,3230,California
El Dorado,2021-01-05,230,3460,74,2185,156,1275,0,0,211,3422,19,19,211,3441,California
El Dorado,2021-01-06,243,3703,169,2354,74,1349,0,0,176,3532,66,85,176,3617,California
El Dorado,2021-01-07,335,4038,138,2492,197,1546,0,0,258,3713,77,162,258,3875,California
El Dorado,2021-01-08,997,5035,516,3008,481,2027,0,0,770,4257,227,389,771,4646,California
El Dorado,2021-01-09,202,5237,163,3171,39,2066,0,0,130,4315,72,461,130,4776,California
El Dorado,2021-01-10,183,5420,133,3304,50,2116,0,0,110,4353,73,534,111,4887,California
El Dorado,2021-01-11,663,6083,294,3598,369,2485,0,0,463,4618,199,733,464,5351,California
El Dorado,2021-01-12,812,6895,427,4025,385,2870,0,0,559,4924,253,986,559,5910,California
El Dorado,2021-01-13,706,7601,301,4326,405,3275,0,0,541,5300,165,1151,541,6451,California
El Dorado,2021-01-14,806,8407,224,4550,582,3857,0,0,708,5911,97,1248,708,7159,California
El Dorado,2021-01-15,801,9208,189,4739,612,4469,0,0,727,6564,74,1322,727,7886,California
El Dorado,2021-01-16,218,9426,104,4843,114,4583,0,0,191,6728,27,1349,191,8077,California
El Dorado,2021-01-17,107,9533,50,4893,57,4640,0,0,89,6799,18,1367,89,8166,California
El Dorado,2021-01-18,428,9961,144,5037,284,4924,0,0,355,7081,73,1440,355,8521,California
El Dorado,2021-01-19,757,10718,453,5490,304,5228,0,0,606,7537,151,1591,607,9128,California
El Dorado,2021-01-20,1015,11733,693,6183,322,5550,0,0,900,8323,114,1705,900,10028,California
El Dorado,2021-01-21,1273,13006,683,6866,590,6140,0,0,1064,9219,168,1873,1064,11092,California
El Dorado,2021-01-22,1249,14255,845,7711,404,6544,0,0,1185,10341,63,1936,1185,12277,California
El Dorado,2021-01-23,884,15139,625,8336,259,6803,0,0,767,10991,117,2053,767,13044,California
El Dorado,2021-01-24,132,15271,80,8416,52,6855,0,0,112,11083,20,2073,112,13156,California
El Dorado,2021-01-25,700,15971,291,8707,409,7264,0,0,612,11607,88,2161,612,13768,California
El Dorado,2021-01-26,688,16659,372,9079,316,7580,0,0,582,12083,106,2267,582,14350,California
El Dorado,2021-01-27,1002,17661,396,9475,606,8186,0,0,663,12406,340,2607,663,15013,California
El Dorado,2021-01-28,1117,18778,455,9930,662,8848,0,0,754,12797,363,2970,754,15767,California
El Dorado,2021-01-29,1051,19829,557,10487,494,9342,0,0,756,13260,294,3264,757,16524,California
El Dorado,2021-01-30,841,20670,294,10781,547,9889,0,0,742,13904,98,3362,742,17266,California
El Dorado,2021-01-31,243,20913,219,11000,24,9913,0,0,188,14037,55,3417,188,17454,California
El Dorado,2021-02-01,808,21721,368,11368,440,10353,0,0,657,14543,151,3568,657,18111,California
El Dorado,2021-02-02,850,22571,369,11737,481,10834,0,0,686,15065,164,3732,686,18797,California
El Dorado,2021-02-03,911,23482,479,12216,432,11266,0,0,698,15550,213,3945,698,19495,California
El Dorado,2021-02-04,1257,24739,712,12928,545,11811,0,0,876,16047,379,4324,876,20371,California
El Dorado,2021-02-05,1511,26250,615,13543,896,12707,0,0,876,16325,598,4922,876,21247,California
El Dorado,2021-02-06,1089,27339,333,13876,756,13463,0,0,979,17195,110,5032,980,22227,California
El Dorado,2021-02-07,264,27603,181,14057,83,13546,0,0,197,17325,67,5099,197,22424,California
El Dorado,2021-02-08,890,28493,421,14478,469,14015,0,0,608,17653,280,5379,608,23032,California
El Dorado,2021-02-09,979,29472,550,15028,429,14444,0,0,543,17760,436,5815,543,23575,California
El Dorado,2021-02-10,1273,30745,743,15771,530,14974,0,0,672,17832,600,6415,672,24247,California
El Dorado,2021-02-11,2175,32920,897,16668,1278,16252,0,0,755,17171,1417,7832,756,25003,California
El Dorado,2021-02-12,1586,34506,832,17500,754,17006,0,0,675,16937,910,8742,676,25679,California
El Dorado,2021-02-13,1260,35766,675,18175,585,17591,0,0,660,17000,597,9339,660,26339,California
El Dorado,2021-02-14,493,36259,158,18333,335,17926,0,0,400,17307,93,9432,400,26739,California
El Dorado,2021-02-15,1181,37440,387,18720,794,18720,0,0,821,17772,360,9792,825,27564,California
El Dorado,2021-02-16,1213,38653,531,19251,682,19402,0,0,672,17905,540,10332,673,28237,California
El Dorado,2021-02-17,961,39614,425,19676,536,19938,0,0,464,17874,497,10829,466,28703,California
El Dorado,2021-02-18,2121,41735,1034,20710,1087,21025,0,0,1078,17912,1040,11869,1078,29781,California
El Dorado,2021-02-19,1240,42975,664,21374,576,21601,0,0,695,18064,543,12412,695,30476,California
El Dorado,2021-02-20,1097,44072,464,21838,633,22234,0,0,685,18344,406,12818,686,31162,California
El Dorado,2021-02-21,378,44450,244,22082,134,22368,0,0,182,18330,196,13014,182,31344,California
El Dorado,2021-02-22,924,45374,458,22540,466,22834,0,0,289,17987,632,13646,289,31633,California
El Dorado,2021-02-23,902,46276,511,23051,391,23225,0,0,365,17818,534,14180,365,31998,California
El Dorado,2021-02-24,1066,47342,464,23515,602,23827,0,0,443,17638,623,14803,443,32441,California
El Dorado,2021-02-25,1947,49289,1158,24673,789,24616,0,0,697,17098,1241,16044,701,33142,California
El Dorado,2021-02-26,2425,51714,1514,26187,911,25527,0,0,1616,17909,805,16849,1616,34758,California
El Dorado,2021-02-27,1741,53455,448,26635,1293,26820,0,0,1294,18759,444,17293,1294,36052,California
El Dorado,2021-02-28,968,54423,229,26864,739,27559,0,0,507,18807,460,17753,508,36560,California
El Dorado,2021-03-01,1172,55595,467,27331,703,28262,2,2,646,18930,525,18278,648,37208,California
El Dorado,2021-03-02,948,56543,272,27603,675,28937,1,3,498,18982,448,18726,500,37708,California
El Dorado,2021-03-03,1768,58311,474,28077,1294,30231,0,3,1206,19636,554,19280,1208,38916,California
El Dorado,2021-03-04,2538,60849,1557,29634,981,31212,0,3,1200,19505,1332,20612,1201,40117,California
El Dorado,2021-03-05,1595,62444,431,30065,1159,32371,5,8,1056,20033,533,21145,1061,41178,California
El Dorado,2021-03-06,747,63191,219,30284,495,32866,33,41,395,20111,350,21495,428,41606,California
El Dorado,2021-03-07,878,64069,198,30482,645,33511,35,76,245,19761,630,22125,280,41886,California
El Dorado,2021-03-08,1347,65416,378,30860,894,34405,75,151,862,20215,481,22606,935,42821,California
El Dorado,2021-03-09,1004,66420,231,31091,703,35108,70,221,597,20491,391,22997,667,43488,California
El Dorado,2021-03-10,979,67399,348,31439,575,35683,56,277,569,20711,404,23401,624,44112,California
El Dorado,2021-03-11,3057,70456,1851,33290,1019,36702,187,464,1296,20453,1738,25139,1480,45592,California
El Dorado,2021-03-12,1813,72269,628,33918,937,37639,248,712,754,20413,1042,26181,1002,46594,California
El Dorado,2021-03-13,1141,73410,348,34266,509,38148,284,996,437,20429,702,26883,718,47312,California
El Dorado,2021-03-14,1023,74433,207,34473,704,38852,112,1108,278,20075,744,27627,390,47702,California
El Dorado,2021-03-15,1410,75843,305,34778,979,39831,126,1234,612,20020,794,28421,739,48441,California
El Dorado,2021-03-16,1236,77079,424,35202,668,40499,144,1378,565,20064,665,29086,709,49150,California
El Dorado,2021-03-17,1162,78241,362,35564,702,41201,98,1476,753,20505,408,29494,849,49999,California
El Dorado,2021-03-18,3023,81264,1783,37347,1195,42396,45,1521,1980,21498,1032,30526,2025,52024,California
El Dorado,2021-03-19,1130,82394,364,37711,614,43010,152,1673,629,21780,498,31024,780,52804,California
El Dorado,2021-03-20,1090,83484,274,37985,801,43811,15,1688,506,21729,572,31596,521,53325,California
El Dorado,2021-03-21,1095,84579,424,38409,666,44477,5,1693,907,22456,185,31781,912,54237,California
El Dorado,2021-03-22,1518,86097,495,38904,940,45417,83,1776,1186,23399,326,32107,1269,55506,California
El Dorado,2021-03-23,1160,87257,458,39362,607,46024,95,1871,735,23816,413,32520,830,56336,California
El Dorado,2021-03-24,1467,88724,633,39995,640,46664,194,2065,657,23885,782,33302,851,57187,California
El Dorado,2021-03-25,2524,91248,1690,41685,727,47391,107,2172,1368,24214,1147,34449,1476,58663,California
El Dorado,2021-03-26,1831,93079,698,42383,1021,48412,112,2284,926,24373,880,35329,1039,59702,California
El Dorado,2021-03-27,1506,94585,189,42572,1312,49724,5,2289,495,23868,1005,36334,500,60202,California
El Dorado,2021-03-28,692,95277,182,42754,498,50222,12,2301,167,23526,521,36855,179,60381,California
El Dorado,2021-03-29,1326,96603,440,43194,870,51092,16,2317,829,23878,493,37348,845,61226,California
El Dorado,2021-03-30,1374,97977,419,43613,862,51954,93,2410,684,23972,682,38030,776,62002,California
El Dorado,2021-03-31,1576,99553,592,44205,918,52872,66,2476,663,23788,910,38940,726,62728,California
El Dorado,2021-04-01,3244,102797,1774,45979,1387,54259,83,2559,1538,23708,1702,40642,1622,64350,California
El Dorado,2021-04-02,1900,104697,567,46546,1237,55496,96,2655,747,23404,1147,41789,843,65193,California
El Dorado,2021-04-03,755,105452,298,46844,336,55832,121,2776,228,23229,523,42312,348,65541,California
El Dorado,2021-04-04,272,105724,84,46928,140,55972,48,2824,97,23200,174,42486,145,65686,California
El Dorado,2021-04-05,1425,107149,423,47351,908,56880,94,2918,588,23053,828,43314,681,66367,California
El Dorado,2021-04-06,1416,108565,525,47876,671,57551,220,3138,442,22743,969,44283,659,67026,California
El Dorado,2021-04-07,1593,110158,560,48436,581,58132,452,3590,545,22692,1045,45328,994,68020,California
El Dorado,2021-04-08,2697,112855,1723,50159,735,58867,239,3829,1112,22465,1576,46904,1349,69369,California
El Dorado,2021-04-09,1451,114306,456,50615,773,59640,222,4051,571,22375,877,47781,787,70156,California
El Dorado,2021-04-10,1018,115324,229,50844,676,60316,113,4164,659,22791,355,48136,771,70927,California
El Dorado,2021-04-11,774,116098,456,51300,302,60618,16,4180,208,22450,565,48701,224,71151,California
El Dorado,2021-04-12,1293,117391,504,51804,641,61259,148,4328,560,22431,726,49427,707,71858,California
El Dorado,2021-04-13,1125,118516,609,52413,516,61775,0,4328,507,22324,614,50041,507,72365,California
El Dorado,2021-04-14,1110,119626,468,52881,641,62416,1,4329,379,21989,715,50756,380,72745,California
El Dorado,2021-04-15,2534,122160,1697,54578,837,63253,0,4329,960,21381,1569,52325,961,73706,California
El Dorado,2021-04-16,1470,123630,522,55100,948,64201,0,4329,604,21127,859,53184,605,74311,California
El Dorado,2021-04-17,1009,124639,203,55303,805,65006,1,4330,706,21533,300,53484,706,75017,California
El Dorado,2021-04-18,1209,125848,119,55422,1090,66096,0,4330,427,21181,779,54263,427,75444,California
El Dorado,2021-04-19,1745,127593,449,55871,1296,67392,0,4330,701,20844,1038,55301,701,76145,California
El Dorado,2021-04-20,1155,128748,401,56272,754,68146,0,4330,479,20653,671,55972,480,76625,California
El Dorado,2021-04-21,1244,129992,539,56811,701,68847,4,4334,638,20695,598,56570,640,77265,California
El Dorado,2021-04-22,2581,132573,1716,58527,865,69712,0,4334,1073,20265,1504,58074,1074,78339,California
El Dorado,2021-04-23,1436,134009,522,59049,914,70626,0,4334,725,20284,708,58782,727,79066,California
El Dorado,2021-04-24,1044,135053,520,59569,524,71150,0,4334,804,20850,238,59020,804,79870,California
El Dorado,2021-04-25,831,135884,449,60018,382,71532,0,4334,475,20969,356,59376,475,80345,California
El Dorado,2021-04-26,1227,137111,517,60535,693,72225,17,4351,587,20936,636,60012,603,80948,California
El Dorado,2021-04-27,1150,138261,446,60981,666,72891,38,4389,521,20873,622,60634,559,81507,California
El Dorado,2021-04-28,1140,139401,427,61408,673,73564,40,4429,494,20763,644,61278,534,82041,California
El Dorado,2021-04-29,2020,141421,1391,62799,597,74161,32,4461,612,20002,1405,62683,644,82685,California
El Dorado,2021-04-30,2162,143583,1374,64173,747,74908,41,4502,1387,20669,760,63443,1427,84112,California
El Dorado,2021-05-01,620,144203,283,64456,309,75217,28,4530,277,20639,335,63778,305,84417,California
El Dorado,2021-05-02,304,144507,216,64672,58,75275,30,4560,102,20571,199,63977,131,84548,California
El Dorado,2021-05-03,832,145339,411,65083,371,75646,50,4610,285,20364,543,64520,336,84884,California
El Dorado,2021-05-04,928,146267,473,65556,395,76041,60,4670,339,20178,585,65105,399,85283,California
El Dorado,2021-05-05,907,147174,455,66011,378,76419,74,4744,440,20227,465,65570,514,85797,California
El Dorado,2021-05-06,1140,148314,506,66517,587,77006,47,4791,485,20108,647,66217,528,86325,California
El Dorado,2021-05-07,1001,149315,396,66913,546,77552,59,4850,409,19983,592,66809,467,86792,California
El Dorado,2021-05-08,675,149990,156,67069,482,78034,37,4887,206,19760,466,67275,243,87035,California
El Dorado,2021-05-09,232,150222,93,67162,112,78146,27,4914,102,19760,129,67404,129,87164,California
El Dorado,2021-05-10,830,151052,278,67440,494,78640,58,4972,242,19480,578,67982,298,87462,California
El Dorado,2021-05-11,700,151752,311,67751,327,78967,62,5034,284,19414,413,68395,347,87809,California
El Dorado,2021-05-12,655,152407,345,68096,270,79237,40,5074,251,19302,404,68799,292,88101,California
El Dorado,2021-05-13,1261,153668,796,68892,425,79662,40,5114,465,19016,790,69589,504,88605,California
El Dorado,2021-05-14,1412,155080,815,69707,513,80175,84,5198,669,19031,738,70327,753,89358,California
El Dorado,2021-05-15,909,155989,563,70270,290,80465,56,5254,322,18822,587,70914,378,89736,California
El Dorado,2021-05-16,874,156863,465,70735,383,80848,26,5280,236,18447,637,71551,262,89998,California
El Dorado,2021-05-17,1601,158464,688,71423,864,81712,49,5329,559,18016,1038,72589,607,90605,California
El Dorado,2021-05-18,1038,159502,527,71950,458,82170,53,5382,435,17902,602,73191,488,91093,California
El Dorado,2021-05-19,872,160374,384,72334,436,82606,52,5434,308,17704,557,73748,359,91452,California
El Dorado,2021-05-20,1195,161569,671,73005,449,83055,75,5509,443,17470,750,74498,516,91968,California
El Dorado,2021-05-21,2350,163919,1758,74763,550,83605,42,5551,814,16795,1531,76029,856,92824,California
El Dorado,2021-05-22,709,164628,207,74970,466,84071,36,5587,224,16571,484,76513,260,93084,California
El Dorado,2021-05-23,382,165010,134,75104,220,84291,28,5615,94,16408,285,76798,122,93206,California
El Dorado,2021-05-24,899,165909,470,75574,360,84651,69,5684,319,16218,576,77374,386,93592,California
El Dorado,2021-05-25,625,166534,272,75846,317,84968,36,5720,231,16093,391,77765,266,93858,California
El Dorado,2021-05-26,820,167354,409,76255,387,85355,24,5744,284,15867,534,78299,308,94166,California
El Dorado,2021-05-27,627,167981,248,76503,344,85699,35,5779,310,15895,316,78615,344,94510,California
El Dorado,2021-05-28,739,168720,267,76770,407,86106,65,5844,308,15839,429,79044,373,94883,California
El Dorado,2021-05-29,393,169113,112,76882,265,86371,16,5860,172,15807,220,79264,188,95071,California
El Dorado,2021-05-30,173,169286,101,76983,58,86429,14,5874,82,15813,90,79354,96,95167,California
El Dorado,2021-05-31,37,169323,12,76995,14,86443,11,5885,8,15803,29,79383,19,95186,California
El Dorado,2021-06-01,680,170003,293,77288,347,86790,40,5925,231,15628,446,79829,271,95457,California
El Dorado,2021-06-02,631,170634,305,77593,276,87066,50,5975,261,15571,368,80197,311,95768,California
El Dorado,2021-06-03,728,171362,338,77931,347,87413,43,6018,176,15238,552,80749,219,95987,California
El Dorado,2021-06-04,888,172250,528,78459,326,87739,34,6052,186,14758,700,81449,220,96207,California
El Dorado,2021-06-05,389,172639,226,78685,151,87890,12,6064,83,14548,305,81754,95,96302,California
El Dorado,2021-06-06,283,172922,197,78882,70,87960,16,6080,53,14387,229,81983,68,96370,California
El Dorado,2021-06-07,785,173707,488,79370,257,88217,40,6120,170,13990,607,82590,210,96580,California
El Dorado,2021-06-08,632,174339,383,79753,216,88433,33,6153,131,13655,498,83088,163,96743,California
El Dorado,2021-06-09,468,174807,279,80032,163,88596,26,6179,112,13437,356,83444,138,96881,California
El Dorado,2021-06-10,587,175394,364,80396,192,88788,31,6210,160,13203,425,83869,191,97072,California
El Dorado,2021-06-11,657,176051,395,80791,218,89006,44,6254,130,12851,526,84395,174,97246,California
El Dorado,2021-06-12,262,176313,154,80945,89,89095,19,6273,60,12729,201,84596,79,97325,California
El Dorado,2021-06-13,163,176476,90,81035,55,89150,18,6291,34,12653,128,84724,52,97377,California
El Dorado,2021-06-14,514,176990,361,81396,123,89273,30,6321,137,12443,377,85101,167,97544,California
El Dorado,2021-06-15,468,177458,259,81655,172,89445,37,6358,127,12270,337,85438,164,97708,California
El Dorado,2021-06-16,507,177965,359,82014,108,89553,40,6398,132,12068,374,85812,172,97880,California
El Dorado,2021-06-17,432,178397,263,82277,136,89689,33,6431,139,11949,292,86104,173,98053,California
El Dorado,2021-06-18,415,178812,270,82547,110,89799,35,6466,124,11818,290,86394,159,98212,California
El Dorado,2021-06-19,245,179057,151,82698,80,89879,14,6480,90,11768,154,86548,104,98316,California
El Dorado,2021-06-20,124,179181,90,82788,28,89907,6,6486,52,11754,72,86620,58,98374,California
El Dorado,2021-06-21,319,179500,164,82952,129,90036,26,6512,124,11711,193,86813,150,98524,California
El Dorado,2021-06-22,401,179901,259,83211,114,90150,28,6540,133,11605,267,87080,161,98685,California
El Dorado,2021-06-23,426,180327,294,83505,110,90260,22,6562,137,11477,287,87367,159,98844,California
El Dorado,2021-06-24,392,180719,242,83747,136,90396,14,6576,145,11389,247,87614,159,99003,California
El Dorado,2021-06-25,351,181070,214,83961,99,90495,38,6614,143,11367,203,87817,181,99184,California
El Dorado,2021-06-26,208,181278,122,84083,71,90566,15,6629,69,11314,138,87955,85,99269,California
El Dorado,2021-06-27,115,181393,80,84163,29,90595,6,6635,50,11305,65,88020,56,99325,California
El Dorado,2021-06-28,303,181696,214,84377,63,90658,26,6661,132,11293,170,88190,158,99483,California
El Dorado,2021-06-29,291,181987,168,84545,102,90760,21,6682,115,11255,174,88364,136,99619,California
El Dorado,2021-06-30,246,182233,175,84720,59,90819,12,6694,121,11264,124,88488,133,99752,California
El Dorado,2021-07-01,231,182464,134,84854,82,90901,15,6709,87,11221,144,88632,101,99853,California
El Dorado,2021-07-02,259,182723,162,85016,71,90972,26,6735,111,11211,147,88779,137,99990,California
El Dorado,2021-07-03,99,182822,75,85091,19,90991,5,6740,46,11209,53,88832,51,100041,California
El Dorado,2021-07-04,4,182826,0,85091,1,90992,3,6743,0,11208,4,88836,3,100044,California
El Dorado,2021-07-05,152,182978,93,85184,52,91044,7,6750,81,11224,71,88907,87,100131,California
El Dorado,2021-07-06,296,183274,187,85371,77,91121,32,6782,114,11190,180,89087,146,100277,California
El Dorado,2021-07-07,264,183538,172,85543,77,91198,15,6797,122,11186,141,89228,137,100414,California
El Dorado,2021-07-08,303,183841,174,85717,116,91314,13,6810,149,11195,152,89380,161,100575,California
El Dorado,2021-07-09,288,184129,189,85906,78,91392,21,6831,114,11158,172,89552,135,100710,California
El Dorado,2021-07-10,82,184211,66,85972,11,91403,5,6836,28,11137,54,89606,33,100743,California
Fresno,2020-12-15,2,2,2,2,0,0,0,0,2,2,0,0,2,2,California
Fresno,2020-12-16,124,126,124,126,0,0,0,0,124,126,0,0,124,126,California
Fresno,2020-12-17,123,249,123,249,0,0,0,0,123,249,0,0,123,249,California
Fresno,2020-12-18,350,599,350,599,0,0,0,0,350,599,0,0,350,599,California
Fresno,2020-12-19,161,760,161,760,0,0,0,0,161,760,0,0,161,760,California
Fresno,2020-12-20,256,1016,254,1014,2,2,0,0,256,1016,0,0,256,1016,California
Fresno,2020-12-21,928,1944,926,1940,2,4,0,0,957,1973,0,0,957,1973,California
Fresno,2020-12-22,907,2851,875,2815,32,36,0,0,911,2884,0,0,911,2884,California
Fresno,2020-12-23,1092,3943,1047,3862,45,81,0,0,1093,3977,0,0,1093,3977,California
Fresno,2020-12-24,590,4533,564,4426,26,107,0,0,590,4567,0,0,590,4567,California
Fresno,2020-12-25,3,4536,1,4427,2,109,0,0,3,4570,0,0,3,4570,California
Fresno,2020-12-26,723,5259,714,5141,9,118,0,0,723,5293,0,0,723,5293,California
Fresno,2020-12-27,306,5565,210,5351,96,214,0,0,306,5599,0,0,306,5599,California
Fresno,2020-12-28,1096,6661,802,6153,294,508,0,0,1097,6696,0,0,1097,6696,California
Fresno,2020-12-29,1765,8426,999,7152,766,1274,0,0,1763,8458,1,1,1763,8459,California
Fresno,2020-12-30,984,9410,443,7595,541,1815,0,0,984,9442,0,1,984,9443,California
Fresno,2020-12-31,926,10336,309,7904,617,2432,0,0,926,10368,0,1,926,10369,California
Fresno,2021-01-01,11,10347,4,7908,7,2439,0,0,11,10379,0,1,11,10380,California
Fresno,2021-01-02,1027,11374,713,8621,314,2753,0,0,1027,11406,0,1,1027,11407,California
Fresno,2021-01-03,155,11529,129,8750,26,2779,0,0,155,11561,0,1,155,11562,California
Fresno,2021-01-04,623,12152,376,9126,247,3026,0,0,623,12184,0,1,623,12185,California
Fresno,2021-01-05,786,12938,313,9439,473,3499,0,0,712,12822,74,75,712,12897,California
Fresno,2021-01-06,996,13934,351,9790,645,4144,0,0,822,13470,174,249,822,13719,California
Fresno,2021-01-07,1906,15840,919,10709,987,5131,0,0,1651,14869,255,504,1654,15373,California
Fresno,2021-01-08,1797,17637,615,11324,1182,6313,0,0,1431,15937,364,868,1432,16805,California
Fresno,2021-01-09,636,18273,390,11714,246,6559,0,0,358,16017,278,1146,358,17163,California
Fresno,2021-01-10,516,18789,486,12200,30,6589,0,0,203,15907,313,1459,203,17366,California
Fresno,2021-01-11,2230,21019,1812,14012,418,7007,0,0,1535,16751,695,2154,1539,18905,California
Fresno,2021-01-12,2539,23558,1830,15842,709,7716,0,0,1688,17588,853,3007,1690,20595,California
Fresno,2021-01-13,3573,27131,2439,18281,1134,8850,0,0,2717,19451,857,3864,2720,23315,California
Fresno,2021-01-14,4164,31295,2200,20481,1964,10814,0,0,3691,22670,472,4336,3691,27006,California
Fresno,2021-01-15,3683,34978,2542,23023,1141,11955,0,0,3323,25637,360,4696,3327,30333,California
Fresno,2021-01-16,3160,38138,2314,25337,846,12801,0,0,2690,27859,470,5166,2692,33025,California
Fresno,2021-01-17,979,39117,557,25894,422,13223,0,0,779,28438,200,5366,779,33804,California
Fresno,2021-01-18,3091,42208,2375,28269,716,13939,0,0,2434,30219,655,6021,2436,36240,California
Fresno,2021-01-19,4359,46567,2552,30821,1807,15746,0,0,3699,33262,660,6681,3703,39943,California
Fresno,2021-01-20,3058,49625,1227,32048,1831,17577,0,0,2742,35694,313,6994,2745,42688,California
Fresno,2021-01-21,4451,54076,2082,34130,2369,19946,0,0,4087,39446,341,7335,4093,46781,California
Fresno,2021-01-22,3342,57418,1358,35488,1984,21930,0,0,2954,42030,371,7706,2955,49736,California
Fresno,2021-01-23,3066,60484,1983,37471,1083,23013,0,0,2342,43654,723,8429,2347,52083,California
Fresno,2021-01-24,560,61044,379,37850,181,23194,0,0,352,43800,208,8637,354,52437,California
Fresno,2021-01-25,2449,63493,869,38719,1580,24774,0,0,1870,45094,579,9216,1873,54310,California
Fresno,2021-01-26,2096,65589,596,39315,1500,26274,0,0,1328,45657,766,9982,1329,55639,California
Fresno,2021-01-27,2419,68008,1245,40560,1174,27448,0,0,1739,46731,675,10657,1749,57388,California
Fresno,2021-01-28,4579,72587,3071,43631,1508,28956,0,0,3477,49113,1098,11755,3480,60868,California
Fresno,2021-01-29,1681,74268,951,44582,730,29686,0,0,1374,50186,302,12057,1375,62243,California
Fresno,2021-01-30,1448,75716,540,45122,908,30594,0,0,1031,50800,417,12474,1031,63274,California
Fresno,2021-01-31,227,75943,216,45338,11,30605,0,0,73,50719,154,12628,73,63347,California
Fresno,2021-02-01,3367,79310,1666,47004,1701,32306,0,0,1772,50909,1593,14221,1783,65130,California
Fresno,2021-02-02,2741,82051,555,47559,2186,34492,0,0,1577,51352,1149,15370,1592,66722,California
Fresno,2021-02-03,3577,85628,2109,49668,1468,35960,0,0,1539,50866,2026,17396,1540,68262,California
Fresno,2021-02-04,4221,89849,1905,51573,2316,38276,0,0,1927,50534,2264,19660,1932,70194,California
Fresno,2021-02-05,5374,95223,2743,54316,2631,40907,0,0,2310,49790,3058,22718,2314,72508,California
Fresno,2021-02-06,2954,98177,2059,56375,895,41802,0,0,975,48795,1971,24689,976,73484,California
Fresno,2021-02-07,471,98648,288,56663,183,41985,0,0,273,48871,197,24886,273,73757,California
Fresno,2021-02-08,4297,102945,2301,58964,1996,43981,0,0,1813,48222,2471,27357,1822,75579,California
Fresno,2021-02-09,5361,108306,2089,61053,3272,47253,0,0,3132,49211,2152,29509,3141,78720,California
Fresno,2021-02-10,3914,112220,1239,62292,2675,49928,0,0,1981,49325,1879,31388,1993,80713,California
Fresno,2021-02-11,6482,118702,2102,64394,4380,54308,0,0,3322,49510,3142,34530,3327,84040,California
Fresno,2021-02-12,5452,124154,1390,65784,4062,58370,0,0,2741,49567,2693,37223,2750,86790,California
Fresno,2021-02-13,3776,127930,1575,67359,2201,60571,0,0,2091,49990,1673,38896,2096,88886,California
Fresno,2021-02-14,1583,129513,291,67650,1292,61863,0,0,848,50107,733,39629,850,89736,California
Fresno,2021-02-15,2912,132425,274,67924,2638,64501,0,0,1800,50803,1108,40737,1804,91540,California
Fresno,2021-02-16,6770,139195,2418,70342,4352,68853,0,0,4258,52576,2491,43228,4264,95804,California
Fresno,2021-02-17,5375,144570,2477,72819,2898,71751,0,0,2987,53225,2342,45570,2991,98795,California
Fresno,2021-02-18,6948,151518,2933,75752,4015,75766,0,0,2596,51525,4307,49877,2607,101402,California
Fresno,2021-02-19,3977,155495,1132,76884,2845,78611,0,0,1844,51251,2121,51998,1847,103249,California
Fresno,2021-02-20,4655,160150,2556,79440,2099,80710,0,0,3130,52868,1519,53517,3136,106385,California
Fresno,2021-02-21,207,160357,187,79627,20,80730,0,0,135,52946,57,53574,135,106520,California
Fresno,2021-02-22,2347,162704,1050,80677,1297,82027,0,0,1278,53169,1058,54632,1281,107801,California
Fresno,2021-02-23,4747,167451,2291,82968,2456,84483,0,0,3850,56137,884,55516,3852,111653,California
Fresno,2021-02-24,4311,171762,1539,84507,2772,87255,0,0,3517,58875,782,56298,3520,115173,California
Fresno,2021-02-25,8817,180579,3792,88299,5025,92280,0,0,7296,64723,1457,57755,7305,122478,California
Fresno,2021-02-26,9165,189744,3730,92029,5435,97715,0,0,7820,71229,1319,59074,7825,130303,California
Fresno,2021-02-27,7380,197124,3177,95206,4202,101917,1,1,6651,77171,714,59788,6656,136959,California
Fresno,2021-02-28,1666,198790,540,95746,1126,103043,0,1,1571,78661,82,59870,1572,138531,California
Fresno,2021-03-01,5133,203923,1335,97081,3798,106841,0,1,3705,80960,1410,61280,3709,142240,California
Fresno,2021-03-02,9917,213840,3414,100495,6503,113344,0,1,8518,88129,1374,62654,8543,150783,California
Fresno,2021-03-03,7099,220939,1796,102291,5302,118646,1,2,6075,93308,1011,63665,6190,156973,California
Fresno,2021-03-04,10503,231442,4134,106425,6369,125015,0,2,8738,100319,1737,65402,8748,165721,California
Fresno,2021-03-05,9391,240833,3647,110072,5742,130757,2,4,8081,107300,1177,66579,8158,173879,California
Fresno,2021-03-06,7037,247870,3952,114024,2966,133723,119,123,6033,112461,996,67575,6157,180036,California
Fresno,2021-03-07,1562,249432,691,114715,790,134513,81,204,1286,113556,273,67848,1368,181404,California
Fresno,2021-03-08,5370,254802,2059,116774,3146,137659,165,369,4056,116488,1300,69148,4232,185636,California
Fresno,2021-03-09,8682,263484,3810,120584,4597,142256,275,644,4664,117467,3996,73144,4975,190611,California
Fresno,2021-03-10,6928,270412,2881,123465,3656,145912,391,1035,5408,121763,1511,74655,5807,196418,California
Fresno,2021-03-11,11637,282049,4596,128061,6489,152401,552,1587,6326,123434,5284,79939,6955,203373,California
Fresno,2021-03-12,12095,294144,5151,133212,6517,158918,427,2014,9086,130099,2988,82927,9653,213026,California
Fresno,2021-03-13,8371,302515,4076,137288,3281,162199,1014,3028,4024,130890,4323,87250,5114,218140,California
Fresno,2021-03-14,1786,304301,484,137772,1013,163212,289,3317,673,130750,1102,88352,962,219102,California
Fresno,2021-03-15,7146,311447,3181,140953,3789,167001,176,3493,4930,133860,2200,90552,5310,224412,California
Fresno,2021-03-16,10247,321694,4551,145504,5302,172303,394,3887,5427,134992,4787,95339,5919,230331,California
Fresno,2021-03-17,8759,330453,4005,149509,4050,176353,704,4591,5916,139203,2817,98156,7028,237359,California
Fresno,2021-03-18,12565,343018,6799,156308,5089,181442,677,5268,7024,141909,5490,103646,8196,245555,California
Fresno,2021-03-19,11291,354309,5965,162273,4704,186146,622,5890,6922,145498,4333,107979,7922,253477,California
Fresno,2021-03-20,7646,361955,4619,166892,2703,188849,324,6214,3747,146021,3868,111847,4391,257868,California
Fresno,2021-03-21,1870,363825,1276,168168,213,189062,381,6595,1021,146584,841,112688,1404,259272,California
Fresno,2021-03-22,5722,369547,2937,171105,2187,191249,598,7193,3812,149344,1891,114579,4651,263923,California
Fresno,2021-03-23,10650,380197,5332,176437,4818,196067,500,7693,5085,149836,5540,120119,6032,269955,California
Fresno,2021-03-24,8904,389101,3859,180296,4211,200278,834,8527,4942,151741,3924,124043,5829,275784,California
Fresno,2021-03-25,12234,401335,5691,185987,5738,206016,805,9332,4730,149903,7454,131497,5616,281400,California
Fresno,2021-03-26,12274,413609,5475,191462,6153,212169,646,9978,4398,147155,7817,139314,5069,286469,California
Fresno,2021-03-27,10141,423750,4861,196323,4195,216364,1085,11063,2922,143990,7178,146492,4013,290482,California
Fresno,2021-03-28,3425,427175,1327,197650,1405,217769,693,11756,1110,143935,2306,148798,2251,292733,California
Fresno,2021-03-29,6009,433184,2018,199668,3449,221218,542,12298,2897,144305,3083,151881,3453,296186,California
Fresno,2021-03-30,11037,444221,4281,203949,5850,227068,906,13204,3825,141858,7179,159060,4732,300918,California
Fresno,2021-03-31,9750,453971,3396,207345,5346,232414,1008,14212,3659,140475,6043,165103,4660,305578,California
Fresno,2021-04-01,12249,466220,4226,211571,7163,239577,860,15072,4046,137240,8096,173199,4861,310439,California
Fresno,2021-04-02,12139,478359,4648,216219,6695,246272,796,15868,4281,134628,7693,180892,5081,315520,California
Fresno,2021-04-03,6426,484785,3531,219750,2631,248903,264,16132,2146,132812,4262,185154,2446,317966,California
Fresno,2021-04-04,1506,486291,539,220289,921,249824,46,16178,547,132455,950,186104,593,318559,California
Fresno,2021-04-05,8364,494655,4484,224773,3077,252901,803,16981,2442,129866,5904,192008,3315,321874,California
Fresno,2021-04-06,9660,504315,4052,228825,4415,257316,1193,18174,3550,128555,6070,198078,4759,326633,California
Fresno,2021-04-07,10648,514963,5513,234338,3919,261235,1216,19390,3540,126274,7062,205140,4781,331414,California
Fresno,2021-04-08,10997,525960,5186,239524,4645,265880,1166,20556,3450,123434,7492,212632,4652,336066,California
Fresno,2021-04-09,11749,537709,5468,244992,4877,270757,1404,21960,3687,120532,8011,220643,5109,341175,California
Fresno,2021-04-10,7946,545655,5180,250172,2238,272995,528,22488,3683,120499,4242,224885,4209,345384,California
Fresno,2021-04-11,1405,547060,939,251111,374,273369,92,22580,447,120086,953,225838,540,345924,California
Fresno,2021-04-12,7589,554649,4111,255222,2543,275912,935,23515,2419,118300,5138,230976,3352,349276,California
Fresno,2021-04-13,9047,563696,4321,259543,4655,280567,71,23586,3523,116504,5484,236460,3688,352964,California
Fresno,2021-04-14,9763,573459,5813,265356,3949,284516,1,23587,3791,114416,5927,242387,3839,356803,California
Fresno,2021-04-15,8532,581991,4247,269603,4282,288798,3,23590,3198,112318,5302,247689,3204,360007,California
Fresno,2021-04-16,9633,591624,4674,274277,4957,293755,2,23592,3917,110565,5677,253366,3924,363931,California
Fresno,2021-04-17,5678,597302,3793,278070,1885,295640,0,23592,2699,110311,2955,256321,2701,366632,California
Fresno,2021-04-18,1160,598462,685,278755,475,296115,0,23592,519,110194,636,256957,519,367151,California
Fresno,2021-04-19,5813,604275,3236,281991,2574,298689,3,23595,2265,108958,3507,260464,2271,369422,California
Fresno,2021-04-20,7236,611511,3701,285692,3527,302216,8,23603,2700,107158,4507,264971,2707,372129,California
Fresno,2021-04-21,7079,618590,4202,289894,2868,305084,9,23612,2893,105919,4144,269115,2905,375034,California
Fresno,2021-04-22,6573,625163,3354,293248,3218,308302,1,23613,2413,104237,4099,273214,2417,377451,California
Fresno,2021-04-23,7350,632513,4041,297289,3292,311594,17,23630,2805,102589,4458,277672,2810,380261,California
Fresno,2021-04-24,4182,636695,2497,299786,1685,313279,0,23630,1916,102254,2251,279923,1916,382177,California
Fresno,2021-04-25,1370,638065,552,300338,815,314094,3,23633,685,102263,679,280602,688,382865,California
Fresno,2021-04-26,4328,642393,2229,302567,2054,316148,45,23678,1823,101658,2473,283075,1868,384733,California
Fresno,2021-04-27,4941,647334,2534,305101,2281,318429,126,23804,1938,100742,2979,286054,2063,386796,California
Fresno,2021-04-28,4915,652249,2809,307910,1976,320405,130,23934,2064,100110,2827,288881,2195,388991,California
Fresno,2021-04-29,4911,657160,2759,310669,2011,322416,141,24075,1880,99128,3000,291881,2018,391009,California
Fresno,2021-04-30,5536,662696,3393,314062,2009,324425,134,24209,2216,98192,3285,295166,2349,393358,California
Fresno,2021-05-01,4212,666908,3471,317533,601,325026,140,24349,1241,96621,2950,298116,1379,394737,California
Fresno,2021-05-02,1255,668163,778,318311,426,325452,51,24400,617,96661,626,298742,666,395403,California
Fresno,2021-05-03,4063,672226,2708,321019,1163,326615,192,24592,1308,95431,2725,301467,1495,396898,California
Fresno,2021-05-04,4951,677177,2614,323633,2186,328801,151,24743,1576,93812,3348,304815,1729,398627,California
Fresno,2021-05-05,5370,682547,3412,327045,1729,330530,229,24972,1691,92073,3655,308470,1916,400543,California
Fresno,2021-05-06,4491,687038,2900,329945,1487,332017,104,25076,1559,90837,2899,311369,1663,402206,California
Fresno,2021-05-07,5147,692185,3415,333360,1565,333582,167,25243,1589,89056,3533,314902,1752,403958,California
Fresno,2021-05-08,4071,696256,2654,336014,1269,334851,148,25391,1257,87674,2788,317690,1406,405364,California
Fresno,2021-05-09,723,696979,393,336407,285,335136,45,25436,349,87700,368,318058,394,405758,California
Fresno,2021-05-10,2984,699963,1590,337997,1252,336388,142,25578,932,86733,2041,320099,1074,406832,California
Fresno,2021-05-11,3902,703865,2079,340076,1725,338113,98,25676,1257,85459,2629,322728,1355,408187,California
Fresno,2021-05-12,4155,708020,2712,342788,1280,339393,163,25839,1399,84293,2728,325456,1562,409749,California
Fresno,2021-05-13,4184,712204,2448,345236,1631,341024,105,25944,1856,83967,2288,327744,1962,411711,California
Fresno,2021-05-14,5116,717320,3083,348319,1849,342873,184,26128,2155,83380,2927,330671,2340,414051,California
Fresno,2021-05-15,3641,720961,2732,351051,778,343651,131,26259,1866,83612,1763,332434,1995,416046,California
Fresno,2021-05-16,1586,722547,1086,352137,466,344117,34,26293,922,83911,658,333092,957,417003,California
Fresno,2021-05-17,4194,726741,2833,354970,1198,345315,163,26456,2223,84355,1940,335032,2384,419387,California
Fresno,2021-05-18,4127,730868,2553,357523,1418,346733,156,26612,2079,84564,2023,337055,2232,421619,California
Fresno,2021-05-19,4361,735229,2769,360292,1415,348148,177,26789,2061,84524,2277,339332,2237,423856,California
Fresno,2021-05-20,4115,739344,2456,362748,1469,349617,190,26979,1871,84358,2225,341557,2059,425915,California
Fresno,2021-05-21,4647,743991,3056,365804,1496,351113,95,27074,2099,84034,2516,344073,2192,428107,California
Fresno,2021-05-22,3954,747945,2932,368736,849,351962,173,27247,2275,84820,1661,345734,2447,430554,California
Fresno,2021-05-23,964,748909,631,369367,303,352265,30,27277,476,84847,479,346213,506,431060,California
Fresno,2021-05-24,3312,752221,2106,371473,1091,353356,115,27392,1533,84740,1755,347968,1648,432708,California
Fresno,2021-05-25,3225,755446,1932,373405,1167,354523,126,27518,1351,84357,1859,349827,1476,434184,California
Fresno,2021-05-26,3257,758703,2150,375555,1000,355523,107,27625,1574,84375,1662,351489,1680,435864,California
Fresno,2021-05-27,3145,761848,1910,377465,1128,356651,107,27732,1313,83986,1810,353299,1421,437285,California
Fresno,2021-05-28,3446,765294,2215,379680,1136,357787,95,27827,1872,84405,1549,354848,1968,439253,California
Fresno,2021-05-29,2286,767580,1666,381346,550,358337,70,27897,1192,84584,1084,355932,1263,440516,California
Fresno,2021-05-30,895,768475,538,381884,321,358658,36,27933,414,84570,463,356395,449,440965,California
Fresno,2021-05-31,318,768793,158,382042,148,358806,12,27945,133,84533,180,356575,143,441108,California
Fresno,2021-06-01,3027,771820,1820,383862,1110,359916,97,28042,1144,83913,1860,358435,1240,442348,California
Fresno,2021-06-02,2664,774484,1718,385580,856,360772,90,28132,1060,83491,1574,360009,1152,443500,California
Fresno,2021-06-03,2972,777456,2036,387616,834,361606,102,28234,1113,82867,1837,361846,1213,444713,California
Fresno,2021-06-04,3248,780704,2352,389968,795,362401,101,28335,1070,81886,2153,363999,1172,445885,California
Fresno,2021-06-05,3132,783836,2316,392284,695,363096,121,28456,1227,81355,1877,365876,1346,447231,California
Fresno,2021-06-06,1185,785021,941,393225,206,363302,38,28494,349,80912,830,366706,387,447618,California
Fresno,2021-06-07,3096,788117,2431,395656,574,363876,91,28585,890,79709,2184,368890,981,448599,California
Fresno,2021-06-08,2766,790883,2037,397693,647,364523,82,28667,809,78654,1945,370835,890,449489,California
Fresno,2021-06-09,2951,793834,2202,399895,658,365181,91,28758,975,77761,1958,372793,1065,450554,California
Fresno,2021-06-10,2665,796499,1935,401830,660,365841,70,28828,924,77037,1717,374510,993,451547,California
Fresno,2021-06-11,3203,799702,2263,404093,831,366672,109,28937,1170,76321,1995,376505,1279,452826,California
Fresno,2021-06-12,2910,802612,2301,406394,443,367115,166,29103,777,75139,2120,378625,938,453764,California
Fresno,2021-06-13,716,803328,464,406858,235,367350,17,29120,194,74832,518,379143,211,453975,California
Fresno,2021-06-14,2518,805846,1834,408692,556,367906,128,29248,956,74374,1540,380683,1082,455057,California
Fresno,2021-06-15,2379,808225,1712,410404,592,368498,75,29323,940,73968,1420,382103,1014,456071,California
Fresno,2021-06-16,2639,810864,1894,412298,631,369129,114,29437,1040,73533,1586,383689,1151,457222,California
Fresno,2021-06-17,2266,813130,1584,413882,588,369717,94,29531,956,73287,1294,384983,1048,458270,California
Fresno,2021-06-18,3005,816135,2157,416039,731,370448,117,29648,1189,72796,1798,386781,1307,459577,California
Fresno,2021-06-19,1692,817827,1250,417289,365,370813,77,29725,582,72347,1106,387887,657,460234,California
Fresno,2021-06-20,501,818328,354,417643,136,370949,11,29736,192,72248,302,388189,203,460437,California
Fresno,2021-06-21,1624,819952,1085,418728,474,371423,65,29801,934,72571,676,388865,999,461436,California
Fresno,2021-06-22,2168,822120,1499,420227,559,371982,110,29911,1002,72528,1152,390017,1109,462545,California
Fresno,2021-06-23,2052,824172,1470,421697,514,372496,68,29979,1008,72574,1028,391045,1074,463619,California
Fresno,2021-06-24,1998,826170,1411,423108,511,373007,76,30055,888,72443,1094,392139,963,464582,California
Fresno,2021-06-25,2063,828233,1439,424547,542,373549,82,30137,977,72435,1067,393206,1059,465641,California
Fresno,2021-06-26,1834,830067,1422,425969,312,373861,100,30237,717,72140,1112,394318,817,466458,California
Fresno,2021-06-27,915,830982,677,426646,139,374000,99,30336,465,72256,445,394763,561,467019,California
Fresno,2021-06-28,1608,832590,1221,427867,291,374291,96,30432,709,72170,888,395651,802,467821,California
Fresno,2021-06-29,1784,834374,1181,429048,522,374813,81,30513,799,72073,976,396627,879,468700,California
Fresno,2021-06-30,1714,836088,1164,430212,460,375273,90,30603,745,71955,954,397581,836,469536,California
Fresno,2021-07-01,1581,837669,1144,431356,368,375641,69,30672,689,71832,879,398460,756,470292,California
Fresno,2021-07-02,1709,839378,1213,432569,427,376068,69,30741,812,71824,888,399348,880,471172,California
Fresno,2021-07-03,1059,840437,776,433345,254,376322,29,30770,522,71848,527,399875,551,471723,California
Fresno,2021-07-04,82,840519,26,433371,50,376372,6,30776,32,71836,50,399925,38,471761,California
Fresno,2021-07-05,992,841511,719,434090,240,376612,33,30809,441,71762,547,400472,473,472234,California
Fresno,2021-07-06,2038,843549,1424,435514,525,377137,89,30898,809,71454,1205,401677,897,473131,California
Fresno,2021-07-07,1761,845310,1337,436851,356,377493,68,30966,772,71315,977,402654,838,473969,California
Fresno,2021-07-08,1714,847024,1134,437985,464,377957,116,31082,726,71180,975,403629,840,474809,California
Fresno,2021-07-09,1970,848994,1455,439440,440,378397,75,31157,839,70977,1118,404747,915,475724,California
Fresno,2021-07-10,767,849761,523,439963,167,378564,77,31234,279,70852,481,405228,356,476080,California
Glenn,2020-12-17,1,1,1,1,0,0,0,0,1,1,0,0,1,1,California
Glenn,2020-12-19,1,2,1,2,0,0,0,0,1,2,0,0,1,2,California
Glenn,2020-12-20,1,3,1,3,0,0,0,0,1,3,0,0,1,3,California
Glenn,2020-12-21,12,15,12,15,0,0,0,0,12,15,0,0,12,15,California
Glenn,2020-12-22,59,74,59,74,0,0,0,0,59,74,0,0,59,74,California
Glenn,2020-12-23,28,102,28,102,0,0,0,0,28,102,0,0,28,102,California
Glenn,2020-12-24,9,111,9,111,0,0,0,0,9,111,0,0,9,111,California
Glenn,2020-12-26,2,113,2,113,0,0,0,0,2,113,0,0,2,113,California
Glenn,2020-12-27,4,117,4,117,0,0,0,0,4,117,0,0,4,117,California
Glenn,2020-12-28,22,139,22,139,0,0,0,0,22,139,0,0,22,139,California
Glenn,2020-12-29,83,222,83,222,0,0,0,0,83,222,0,0,83,222,California
Glenn,2020-12-30,129,351,106,328,23,23,0,0,129,351,0,0,129,351,California
Glenn,2020-12-31,38,389,9,337,29,52,0,0,38,389,0,0,38,389,California
Glenn,2021-01-02,3,392,3,340,0,52,0,0,3,392,0,0,3,392,California
Glenn,2021-01-04,7,399,5,345,2,54,0,0,7,399,0,0,7,399,California
Glenn,2021-01-05,9,408,8,353,1,55,0,0,9,408,0,0,9,408,California
Glenn,2021-01-06,60,468,8,361,52,107,0,0,60,468,0,0,60,468,California
Glenn,2021-01-07,67,535,12,373,55,162,0,0,65,531,2,2,65,533,California
Glenn,2021-01-08,12,547,9,382,3,165,0,0,12,543,0,2,12,545,California
Glenn,2021-01-10,1,548,1,383,0,165,0,0,0,542,1,3,0,545,California
Glenn,2021-01-11,31,579,30,413,1,166,0,0,13,537,18,21,13,558,California
Glenn,2021-01-12,42,621,37,450,5,171,0,0,14,523,28,49,14,572,California
Glenn,2021-01-13,221,842,158,608,63,234,0,0,176,654,45,94,176,748,California
Glenn,2021-01-14,119,961,30,638,89,323,0,0,109,753,10,104,109,857,California
Glenn,2021-01-15,40,1001,33,671,7,330,0,0,35,783,5,109,35,892,California
Glenn,2021-01-16,34,1035,14,685,20,350,0,0,24,797,10,119,24,916,California
Glenn,2021-01-17,4,1039,2,687,2,352,0,0,2,797,2,121,2,918,California
Glenn,2021-01-18,18,1057,17,704,1,353,0,0,9,797,9,130,9,927,California
Glenn,2021-01-19,30,1087,20,724,10,363,0,0,13,793,17,147,13,940,California
Glenn,2021-01-20,164,1251,95,819,69,432,0,0,82,793,82,229,82,1022,California
Glenn,2021-01-21,124,1375,98,917,26,458,0,0,30,729,94,323,30,1052,California
Glenn,2021-01-22,341,1716,67,984,274,732,0,0,334,1056,7,330,334,1386,California
Glenn,2021-01-23,16,1732,9,993,7,739,0,0,13,1066,3,333,13,1399,California
Glenn,2021-01-24,2,1734,2,995,0,739,0,0,2,1068,0,333,2,1401,California
Glenn,2021-01-25,27,1761,9,1004,18,757,0,0,24,1089,3,336,24,1425,California
Glenn,2021-01-26,31,1792,14,1018,17,774,0,0,25,1108,6,342,25,1450,California
Glenn,2021-01-27,190,1982,13,1031,177,951,0,0,168,1254,22,364,168,1618,California
Glenn,2021-01-28,147,2129,8,1039,139,1090,0,0,117,1341,30,394,117,1735,California
Glenn,2021-01-29,297,2426,12,1051,285,1375,0,0,283,1610,14,408,283,2018,California
Glenn,2021-01-30,4,2430,0,1051,4,1379,0,0,4,1614,0,408,4,2022,California
Glenn,2021-01-31,1,2431,0,1051,1,1380,0,0,1,1615,0,408,1,2023,California
Glenn,2021-02-01,31,2462,11,1062,20,1400,0,0,19,1622,12,420,19,2042,California
Glenn,2021-02-02,32,2494,16,1078,16,1416,0,0,22,1634,10,430,22,2064,California
Glenn,2021-02-03,280,2774,126,1204,154,1570,0,0,134,1623,146,576,135,2199,California
Glenn,2021-02-04,83,2857,16,1220,67,1637,0,0,26,1592,57,633,26,2225,California
Glenn,2021-02-05,319,3176,24,1244,295,1932,0,0,299,1871,20,653,299,2524,California
Glenn,2021-02-06,14,3190,2,1246,12,1944,0,0,13,1883,1,654,13,2537,California
Glenn,2021-02-07,2,3192,2,1248,0,1944,0,0,2,1885,0,654,2,2539,California
Glenn,2021-02-08,22,3214,17,1265,5,1949,0,0,5,1873,17,671,5,2544,California
Glenn,2021-02-09,51,3265,20,1285,31,1980,0,0,38,1898,13,684,38,2582,California
Glenn,2021-02-10,143,3408,19,1304,124,2104,0,0,72,1899,71,755,72,2654,California
Glenn,2021-02-11,269,3677,168,1472,101,2205,0,0,185,2001,84,839,186,2840,California
Glenn,2021-02-12,419,4096,99,1571,320,2525,0,0,352,2286,67,906,352,3192,California
Glenn,2021-02-13,38,4134,9,1580,29,2554,0,0,17,2282,21,927,17,3209,California
Glenn,2021-02-14,1,4135,0,1580,1,2555,0,0,1,2283,0,927,1,3210,California
Glenn,2021-02-15,10,4145,1,1581,9,2564,0,0,8,2289,2,929,8,3218,California
Glenn,2021-02-16,44,4189,9,1590,35,2599,0,0,25,2295,19,948,25,3243,California
Glenn,2021-02-17,381,4570,14,1604,367,2966,0,0,303,2520,78,1026,303,3546,California
Glenn,2021-02-18,183,4753,148,1752,35,3001,0,0,158,2654,24,1050,158,3704,California
Glenn,2021-02-19,303,5056,17,1769,286,3287,0,0,29,2409,274,1324,29,3733,California
Glenn,2021-02-20,10,5066,0,1769,10,3297,0,0,2,2403,8,1332,2,3735,California
Glenn,2021-02-21,1,5067,1,1770,0,3297,0,0,1,2404,0,1332,1,3736,California
Glenn,2021-02-22,37,5104,17,1787,20,3317,0,0,18,2404,18,1350,18,3754,California
Glenn,2021-02-23,45,5149,12,1799,33,3350,0,0,31,2421,14,1364,31,3785,California
Glenn,2021-02-24,271,5420,49,1848,222,3572,0,0,61,2272,210,1574,61,3846,California
Glenn,2021-02-25,328,5748,212,2060,116,3688,0,0,208,2360,120,1694,208,4054,California
Glenn,2021-02-26,307,6055,26,2086,281,3969,0,0,22,2098,284,1978,22,4076,California
Glenn,2021-02-27,16,6071,6,2092,10,3979,0,0,6,2095,9,1987,6,4082,California
Glenn,2021-02-28,6,6077,3,2095,3,3982,0,0,3,2096,2,1989,3,4085,California
Glenn,2021-03-01,29,6106,6,2101,23,4005,0,0,13,2093,16,2005,13,4098,California
Glenn,2021-03-02,38,6144,7,2108,31,4036,0,0,19,2093,19,2024,19,4117,California
Glenn,2021-03-03,211,6355,37,2145,174,4210,0,0,118,2120,91,2115,118,4235,California
Glenn,2021-03-04,549,6904,204,2349,345,4555,0,0,366,2303,183,2298,366,4601,California
Glenn,2021-03-05,357,7261,49,2398,308,4863,0,0,35,2016,322,2620,35,4636,California
Glenn,2021-03-06,28,7289,4,2402,23,4886,1,1,11,2011,17,2637,12,4648,California
Glenn,2021-03-07,5,7294,0,2402,5,4891,0,1,3,2013,1,2638,3,4651,California
Glenn,2021-03-08,21,7315,3,2405,17,4908,1,2,19,2031,2,2640,20,4671,California
Glenn,2021-03-09,83,7398,12,2417,68,4976,3,5,53,2056,30,2670,55,4726,California
Glenn,2021-03-10,188,7586,80,2497,106,5082,2,7,104,2078,84,2754,106,4832,California
Glenn,2021-03-11,594,8180,180,2677,391,5473,23,30,412,2334,182,2936,438,5270,California
Glenn,2021-03-12,420,8600,14,2691,343,5816,63,93,41,2059,379,3315,104,5374,California
Glenn,2021-03-13,13,8613,1,2692,4,5820,8,101,1,2056,12,3327,9,5383,California
Glenn,2021-03-14,3,8616,1,2693,2,5822,0,101,1,2055,2,3329,1,5384,California
Glenn,2021-03-15,76,8692,15,2708,56,5878,5,106,59,2102,17,3346,64,5448,California
Glenn,2021-03-16,113,8805,34,2742,69,5947,10,116,69,2137,44,3390,79,5527,California
Glenn,2021-03-17,419,9224,99,2841,313,6260,7,123,114,1951,305,3695,119,5646,California
Glenn,2021-03-18,536,9760,231,3072,50,6310,255,378,73,1815,463,4158,327,5973,California
Glenn,2021-03-19,96,9856,16,3088,74,6384,6,384,75,1876,20,4178,81,6054,California
Glenn,2021-03-20,134,9990,2,3090,131,6515,1,385,130,2003,4,4182,131,6185,California
Glenn,2021-03-21,6,9996,5,3095,0,6515,1,386,3,2005,2,4184,4,6189,California
Glenn,2021-03-22,124,10120,55,3150,61,6576,8,394,103,2097,19,4203,111,6300,California
Glenn,2021-03-23,179,10299,67,3217,61,6637,51,445,104,2178,74,4277,155,6455,California
Glenn,2021-03-24,213,10512,103,3320,105,6742,5,450,125,2222,86,4363,130,6585,California
Glenn,2021-03-25,496,11008,255,3575,147,6889,94,544,358,2538,136,4499,452,7037,California
Glenn,2021-03-26,239,11247,37,3612,166,7055,36,580,188,2711,51,4550,224,7261,California
Glenn,2021-03-27,168,11415,22,3634,140,7195,6,586,154,2857,14,4564,160,7421,California
Glenn,2021-03-28,15,11430,10,3644,5,7200,0,586,10,2862,5,4569,10,7431,California
Glenn,2021-03-29,61,11491,20,3664,38,7238,3,589,45,2894,16,4585,48,7479,California
Glenn,2021-03-30,76,11567,43,3707,32,7270,1,590,43,2907,31,4616,44,7523,California
Glenn,2021-03-31,132,11699,35,3742,96,7366,1,591,43,2863,88,4704,44,7567,California
Glenn,2021-04-01,660,12359,193,3935,458,7824,9,600,234,2683,423,5127,243,7810,California
Glenn,2021-04-02,169,12528,25,3960,132,7956,12,612,132,2790,37,5164,144,7954,California
Glenn,2021-04-03,95,12623,4,3964,84,8040,7,619,84,2870,11,5175,91,8045,California
Glenn,2021-04-04,9,12632,3,3967,4,8044,2,621,5,2873,4,5179,7,8052,California
Glenn,2021-04-05,67,12699,26,3993,28,8072,13,634,30,2879,37,5216,43,8095,California
Glenn,2021-04-06,144,12843,52,4045,53,8125,39,673,37,2848,106,5322,75,8170,California
Glenn,2021-04-07,161,13004,47,4092,60,8185,54,727,75,2891,86,5408,129,8299,California
Glenn,2021-04-08,652,13656,198,4290,418,8603,36,763,148,2573,502,5910,184,8483,California
Glenn,2021-04-09,160,13816,57,4347,86,8689,17,780,102,2633,58,5968,118,8601,California
Glenn,2021-04-10,77,13893,1,4348,60,8749,16,796,58,2689,18,5986,74,8675,California
Glenn,2021-04-11,17,13910,8,4356,4,8753,5,801,7,2691,10,5996,12,8687,California
Glenn,2021-04-12,116,14026,26,4382,61,8814,29,830,21,2646,95,6091,50,8737,California
Glenn,2021-04-13,119,14145,64,4446,55,8869,0,830,30,2587,89,6180,30,8767,California
Glenn,2021-04-14,122,14267,46,4492,76,8945,0,830,67,2599,55,6235,67,8834,California
Glenn,2021-04-15,365,14632,276,4768,89,9034,0,830,100,2435,264,6499,100,8934,California
Glenn,2021-04-16,168,14800,41,4809,127,9161,0,830,78,2423,90,6589,78,9012,California
Glenn,2021-04-17,169,14969,17,4826,152,9313,0,830,30,2322,131,6720,30,9042,California
Glenn,2021-04-18,19,14988,6,4832,13,9326,0,830,15,2333,4,6724,15,9057,California
Glenn,2021-04-19,84,15072,17,4849,67,9393,0,830,23,2296,60,6784,23,9080,California
Glenn,2021-04-20,134,15206,90,4939,44,9437,0,830,56,2274,78,6862,56,9136,California
Glenn,2021-04-21,435,15641,332,5271,103,9540,0,830,289,2418,145,7007,289,9425,California
Glenn,2021-04-22,214,15855,54,5325,160,9700,0,830,38,2281,175,7182,38,9463,California
Glenn,2021-04-23,192,16047,36,5361,156,9856,0,830,49,2188,142,7324,49,9512,California
Glenn,2021-04-24,180,16227,32,5393,148,10004,0,830,30,2069,149,7473,30,9542,California
Glenn,2021-04-25,28,16255,17,5410,11,10015,0,830,21,2083,7,7480,21,9563,California
Glenn,2021-04-26,50,16305,14,5424,36,10051,0,830,19,2071,31,7511,19,9582,California
Glenn,2021-04-27,65,16370,50,5474,10,10061,5,835,34,2078,31,7542,38,9620,California
Glenn,2021-04-28,268,16638,189,5663,68,10129,11,846,127,2076,140,7682,138,9758,California
Glenn,2021-04-29,186,16824,27,5690,157,10286,2,848,40,1972,146,7828,42,9800,California
Glenn,2021-04-30,163,16987,42,5732,119,10405,2,850,40,1891,123,7951,42,9842,California
Glenn,2021-05-01,108,17095,13,5745,94,10499,1,851,26,1836,82,8033,27,9869,California
Glenn,2021-05-02,32,17127,14,5759,9,10508,9,860,15,1843,17,8050,24,9893,California
Glenn,2021-05-03,39,17166,24,5783,14,10522,1,861,14,1833,25,8075,15,9908,California
Glenn,2021-05-04,60,17226,36,5819,19,10541,5,866,28,1834,32,8107,33,9941,California
Glenn,2021-05-05,127,17353,39,5858,77,10618,11,877,52,1822,75,8182,63,10004,California
Glenn,2021-05-06,112,17465,42,5900,65,10683,5,882,41,1797,71,8253,46,10050,California
Glenn,2021-05-07,122,17587,36,5936,77,10760,9,891,30,1745,91,8344,39,10089,California
Glenn,2021-05-08,65,17652,12,5948,49,10809,4,895,21,1727,43,8387,25,10114,California
Glenn,2021-05-09,17,17669,11,5959,6,10815,0,895,11,1732,6,8393,11,10125,California
Glenn,2021-05-10,37,17706,15,5974,17,10832,5,900,13,1726,24,8417,18,10143,California
Glenn,2021-05-11,85,17791,60,6034,16,10848,9,909,17,1684,68,8485,26,10169,California
Glenn,2021-05-12,337,18128,254,6288,69,10917,14,923,50,1461,287,8772,64,10233,California
Glenn,2021-05-13,157,18285,58,6346,80,10997,19,942,64,1451,93,8865,83,10316,California
Glenn,2021-05-14,106,18391,24,6370,77,11074,5,947,34,1418,72,8937,39,10355,California
Glenn,2021-05-15,67,18458,40,6410,24,11098,3,950,32,1418,34,8971,34,10389,California
Glenn,2021-05-16,30,18488,17,6427,13,11111,0,950,8,1404,22,8993,8,10397,California
Glenn,2021-05-17,86,18574,61,6488,21,11132,4,954,60,1442,26,9019,64,10461,California
Glenn,2021-05-18,68,18642,50,6538,14,11146,4,958,22,1422,46,9065,26,10487,California
Glenn,2021-05-19,200,18842,118,6656,70,11216,12,970,69,1372,130,9195,80,10567,California
Glenn,2021-05-20,121,18963,80,6736,39,11255,2,972,81,1415,40,9235,83,10650,California
Glenn,2021-05-21,71,19034,27,6763,43,11298,1,973,28,1401,43,9278,29,10679,California
Glenn,2021-05-22,56,19090,24,6787,32,11330,0,973,29,1403,27,9305,29,10708,California
Glenn,2021-05-23,28,19118,16,6803,12,11342,0,973,12,1400,15,9320,12,10720,California
Glenn,2021-05-24,30,19148,11,6814,15,11357,4,977,11,1397,18,9338,15,10735,California
Glenn,2021-05-25,47,19195,35,6849,10,11367,2,979,23,1398,24,9362,25,10760,California
Glenn,2021-05-26,73,19268,14,6863,55,11422,4,983,25,1379,48,9410,29,10789,California
Glenn,2021-05-27,102,19370,63,6926,38,11460,1,984,47,1374,53,9463,48,10837,California
Glenn,2021-05-28,62,19432,18,6944,37,11497,7,991,32,1383,30,9493,39,10876,California
Glenn,2021-05-29,48,19480,11,6955,33,11530,4,995,21,1381,27,9520,25,10901,California
Glenn,2021-05-30,21,19501,13,6968,8,11538,0,995,8,1377,12,9532,8,10909,California
Glenn,2021-05-31,4,19505,0,6968,4,11542,0,995,0,1373,4,9536,0,10909,California
Glenn,2021-06-01,59,19564,34,7002,22,11564,3,998,24,1365,35,9571,27,10936,California
Glenn,2021-06-02,98,19662,49,7051,46,11610,3,1001,39,1348,59,9630,42,10978,California
Glenn,2021-06-03,74,19736,41,7092,26,11636,7,1008,18,1318,55,9685,25,11003,California
Glenn,2021-06-04,77,19813,37,7129,37,11673,3,1011,42,1328,35,9720,45,11048,California
Glenn,2021-06-05,55,19868,30,7159,22,11695,3,1014,17,1310,38,9758,20,11068,California
Glenn,2021-06-06,31,19899,27,7186,3,11698,1,1015,15,1311,15,9773,16,11084,California
Glenn,2021-06-07,68,19967,59,7245,7,11705,2,1017,13,1272,54,9827,15,11099,California
Glenn,2021-06-08,35,20002,19,7264,11,11716,5,1022,16,1274,19,9846,21,11120,California
Glenn,2021-06-09,65,20067,38,7302,20,11736,7,1029,32,1280,33,9879,39,11159,California
Glenn,2021-06-10,119,20186,88,7390,25,11761,6,1035,35,1237,84,9963,41,11200,California
Glenn,2021-06-11,89,20275,58,7448,28,11789,3,1038,25,1201,64,10027,28,11228,California
Glenn,2021-06-12,35,20310,19,7467,13,11802,3,1041,13,1195,22,10049,16,11244,California
Glenn,2021-06-13,11,20321,11,7478,0,11802,0,1041,5,1194,6,10055,5,11249,California
Glenn,2021-06-14,39,20360,26,7504,10,11812,3,1044,15,1189,23,10078,18,11267,California
Glenn,2021-06-15,49,20409,33,7537,15,11827,1,1045,22,1185,27,10105,23,11290,California
Glenn,2021-06-16,84,20493,49,7586,34,11861,1,1046,57,1218,25,10130,58,11348,California
Glenn,2021-06-17,63,20556,38,7624,21,11882,4,1050,9,1177,54,10184,13,11361,California
Glenn,2021-06-18,82,20638,44,7668,17,11899,21,1071,28,1172,54,10238,49,11410,California
Glenn,2021-06-19,41,20679,20,7688,21,11920,0,1071,23,1177,18,10256,23,11433,California
Glenn,2021-06-20,15,20694,11,7699,4,11924,0,1071,4,1170,11,10267,4,11437,California
Glenn,2021-06-21,26,20720,18,7717,6,11930,2,1073,19,1184,7,10274,21,11458,California
Glenn,2021-06-22,48,20768,33,7750,13,11943,2,1075,23,1185,24,10298,25,11483,California
Glenn,2021-06-23,54,20822,37,7787,14,11957,3,1078,28,1190,26,10324,31,11514,California
Glenn,2021-06-24,44,20866,27,7814,13,11970,4,1082,17,1184,27,10351,21,11535,California
Glenn,2021-06-25,67,20933,47,7861,19,11989,1,1083,31,1180,36,10387,32,11567,California
Glenn,2021-06-26,35,20968,20,7881,14,12003,1,1084,16,1178,19,10406,17,11584,California
Glenn,2021-06-27,17,20985,13,7894,4,12007,0,1084,4,1169,13,10419,4,11588,California
Glenn,2021-06-28,27,21012,23,7917,1,12008,3,1087,12,1168,15,10434,14,11602,California
Glenn,2021-06-29,33,21045,16,7933,12,12020,5,1092,11,1162,22,10456,16,11618,California
Glenn,2021-06-30,76,21121,51,7984,20,12040,5,1097,36,1163,40,10496,41,11659,California
Glenn,2021-07-01,56,21177,40,8024,13,12053,3,1100,16,1142,40,10536,19,11678,California
Glenn,2021-07-02,60,21237,35,8059,20,12073,5,1105,22,1132,37,10573,27,11705,California
Glenn,2021-07-03,36,21273,28,8087,7,12080,1,1106,24,1145,12,10585,25,11730,California
Glenn,2021-07-04,3,21276,2,8089,0,12080,1,1107,0,1143,3,10588,1,11731,California
Glenn,2021-07-05,20,21296,17,8106,1,12081,2,1109,6,1137,14,10602,8,11739,California
Glenn,2021-07-06,47,21343,36,8142,10,12091,1,1110,24,1139,23,10625,25,11764,California
Glenn,2021-07-07,67,21410,61,8203,4,12095,2,1112,32,1138,35,10660,34,11798,California
Glenn,2021-07-08,32,21442,16,8219,10,12105,6,1118,11,1134,21,10681,17,11815,California
Glenn,2021-07-09,67,21509,44,8263,15,12120,8,1126,28,1131,39,10720,36,11851,California
Glenn,2021-07-10,8,21517,5,8268,3,12123,0,1126,5,1133,3,10723,5,11856,California
Humboldt,2020-12-15,3,3,3,3,0,0,0,0,3,3,0,0,3,3,California
Humboldt,2020-12-16,16,19,16,19,0,0,0,0,16,19,0,0,16,19,California
Humboldt,2020-12-17,119,138,119,138,0,0,0,0,119,138,0,0,119,138,California
Humboldt,2020-12-18,177,315,177,315,0,0,0,0,177,315,0,0,177,315,California
Humboldt,2020-12-19,10,325,10,325,0,0,0,0,10,325,0,0,10,325,California
Humboldt,2020-12-20,27,352,27,352,0,0,0,0,27,352,0,0,27,352,California
Humboldt,2020-12-21,167,519,167,519,0,0,0,0,167,519,0,0,167,519,California
Humboldt,2020-12-22,337,856,337,856,0,0,0,0,337,856,0,0,337,856,California
Humboldt,2020-12-23,322,1178,264,1120,58,58,0,0,324,1180,0,0,324,1180,California
Humboldt,2020-12-24,25,1203,2,1122,23,81,0,0,25,1205,0,0,25,1205,California
Humboldt,2020-12-25,2,1205,2,1124,0,81,0,0,2,1207,0,0,2,1207,California
Humboldt,2020-12-26,6,1211,5,1129,1,82,0,0,6,1213,0,0,6,1213,California
Humboldt,2020-12-28,209,1420,151,1280,58,140,0,0,209,1422,0,0,209,1422,California
Humboldt,2020-12-29,186,1606,125,1405,61,201,0,0,187,1609,0,0,187,1609,California
Humboldt,2020-12-30,235,1841,129,1534,106,307,0,0,235,1844,0,0,235,1844,California
Humboldt,2020-12-31,246,2087,81,1615,165,472,0,0,246,2090,0,0,246,2090,California
Humboldt,2021-01-01,3,2090,2,1617,1,473,0,0,3,2093,0,0,3,2093,California
Humboldt,2021-01-02,40,2130,2,1619,38,511,0,0,40,2133,0,0,40,2133,California
Humboldt,2021-01-04,219,2349,142,1761,77,588,0,0,220,2353,0,0,220,2353,California
Humboldt,2021-01-05,132,2481,21,1782,111,699,0,0,132,2484,1,1,132,2485,California
Humboldt,2021-01-06,314,2795,214,1996,100,799,0,0,240,2662,62,63,240,2725,California
Humboldt,2021-01-07,438,3233,326,2322,112,911,0,0,321,2882,101,164,321,3046,California
Humboldt,2021-01-08,429,3662,289,2611,140,1051,0,0,287,3033,136,300,287,3333,California
Humboldt,2021-01-09,67,3729,43,2654,24,1075,0,0,65,3097,2,302,66,3399,California
Humboldt,2021-01-10,84,3813,84,2738,0,1075,0,0,4,3021,80,382,4,3403,California
Humboldt,2021-01-11,292,4105,281,3019,11,1086,0,0,70,2873,218,600,70,3473,California
Humboldt,2021-01-12,503,4608,339,3358,164,1250,0,0,285,2962,196,796,285,3758,California
Humboldt,2021-01-13,502,5110,281,3639,221,1471,0,0,323,3110,176,972,324,4082,California
Humboldt,2021-01-14,560,5670,175,3814,385,1856,0,0,504,3559,56,1028,505,4587,California
Humboldt,2021-01-15,373,6043,28,3842,345,2201,0,0,355,3896,18,1046,355,4942,California
Humboldt,2021-01-16,169,6212,6,3848,163,2364,0,0,168,4063,1,1047,168,5110,California
Humboldt,2021-01-17,7,6219,4,3852,3,2367,0,0,7,4070,0,1047,7,5117,California
Humboldt,2021-01-18,307,6526,272,4124,35,2402,0,0,149,4061,158,1205,149,5266,California
Humboldt,2021-01-19,661,7187,402,4526,259,2661,0,0,529,4464,126,1331,529,5795,California
Humboldt,2021-01-20,952,8139,424,4950,528,3189,0,0,785,5092,159,1490,787,6582,California
Humboldt,2021-01-21,971,9110,260,5210,711,3900,0,0,928,5977,43,1533,928,7510,California
Humboldt,2021-01-22,688,9798,380,5590,308,4208,0,0,678,6646,10,1543,679,8189,California
Humboldt,2021-01-23,928,10726,282,5872,646,4854,0,0,919,7557,9,1552,920,9109,California
Humboldt,2021-01-24,228,10954,1,5873,227,5081,0,0,227,7783,1,1553,227,9336,California
Humboldt,2021-01-25,352,11306,236,6109,116,5197,0,0,154,7739,198,1751,154,9490,California
Humboldt,2021-01-26,543,11849,149,6258,394,5591,0,0,479,8154,64,1815,479,9969,California
Humboldt,2021-01-27,1273,13122,585,6843,688,6279,0,0,1199,9288,67,1882,1201,11170,California
Humboldt,2021-01-28,1464,14586,637,7480,827,7106,0,0,1320,10469,141,2023,1322,12492,California
Humboldt,2021-01-29,1166,15752,548,8028,618,7724,0,0,696,10695,470,2493,696,13188,California
Humboldt,2021-01-30,1029,16781,470,8498,559,8283,0,0,984,11635,45,2538,985,14173,California
Humboldt,2021-01-31,319,17100,317,8815,2,8285,0,0,318,11952,1,2539,318,14491,California
Humboldt,2021-02-01,320,17420,175,8990,145,8430,0,0,184,12000,136,2675,184,14675,California
Humboldt,2021-02-02,454,17874,79,9069,375,8805,0,0,349,12249,102,2777,351,15026,California
Humboldt,2021-02-03,676,18550,265,9334,411,9216,0,0,520,12613,156,2933,520,15546,California
Humboldt,2021-02-04,654,19204,262,9596,392,9608,0,0,446,12854,205,3138,446,15992,California
Humboldt,2021-02-05,830,20034,108,9704,722,10330,0,0,626,13277,203,3341,626,16618,California
Humboldt,2021-02-06,1086,21120,471,10175,615,10945,0,0,1036,14265,49,3390,1037,17655,California
Humboldt,2021-02-07,379,21499,8,10183,371,11316,0,0,374,14636,4,3394,375,18030,California
Humboldt,2021-02-08,339,21838,147,10330,192,11508,0,0,180,14658,158,3552,180,18210,California
Humboldt,2021-02-09,503,22341,228,10558,275,11783,0,0,176,14508,326,3878,176,18386,California
Humboldt,2021-02-10,565,22906,370,10928,195,11978,0,0,206,14360,354,4232,206,18592,California
Humboldt,2021-02-11,1326,24232,397,11325,929,12907,0,0,492,14024,830,5062,494,19086,California
Humboldt,2021-02-12,1175,25407,749,12074,426,13333,0,0,715,14280,459,5521,715,19801,California
Humboldt,2021-02-13,1551,26958,601,12675,950,14283,0,0,925,14582,624,6145,926,20727,California
Humboldt,2021-02-14,114,27072,5,12680,109,14392,0,0,110,14689,3,6148,110,20837,California
Humboldt,2021-02-15,296,27368,81,12761,215,14607,0,0,195,14784,100,6248,195,21032,California
Humboldt,2021-02-16,554,27922,124,12885,430,15037,0,0,252,14737,301,6549,254,21286,California
Humboldt,2021-02-17,453,28375,282,13167,171,15208,0,0,133,14551,319,6868,133,21419,California
Humboldt,2021-02-18,1029,29404,605,13772,424,15632,0,0,276,14077,750,7618,276,21695,California
Humboldt,2021-02-19,489,29893,441,14213,48,15680,0,0,92,13776,393,8011,92,21787,California
Humboldt,2021-02-20,1757,31650,1035,15248,722,16402,0,0,486,12997,1268,9279,489,22276,California
Humboldt,2021-02-21,497,32147,489,15737,8,16410,0,0,187,12875,310,9589,188,22464,California
Humboldt,2021-02-22,141,32288,96,15833,45,16455,0,0,29,12794,110,9699,29,22493,California
Humboldt,2021-02-23,187,32475,72,15905,115,16570,0,0,46,12701,139,9838,46,22539,California
Humboldt,2021-02-24,1282,33757,779,16684,503,17073,0,0,616,12654,663,10501,616,23155,California
Humboldt,2021-02-25,862,34619,324,17008,538,17611,0,0,236,12267,623,11124,236,23391,California
Humboldt,2021-02-26,2199,36818,107,17115,2092,19703,0,0,444,10964,1748,12872,445,23836,California
Humboldt,2021-02-27,1773,38591,1144,18259,629,20332,0,0,905,11007,866,13738,909,24745,California
Humboldt,2021-02-28,126,38717,11,18270,115,20447,0,0,118,11118,7,13745,118,24863,California
Humboldt,2021-03-01,260,38977,46,18316,214,20661,0,0,185,11229,74,13819,185,25048,California
Humboldt,2021-03-02,311,39288,51,18367,260,20921,0,0,168,11254,143,13962,168,25216,California
Humboldt,2021-03-03,1678,40966,1107,19474,571,21492,0,0,1226,12036,445,14407,1227,26443,California
Humboldt,2021-03-04,926,41892,114,19588,812,22304,0,0,301,11714,625,15032,303,26746,California
Humboldt,2021-03-05,952,42844,190,19778,751,23055,11,11,392,11560,557,15589,403,27149,California
Humboldt,2021-03-06,1811,44655,950,20728,812,23867,49,60,795,11390,1014,16603,844,27993,California
Humboldt,2021-03-07,387,45042,295,21023,59,23926,33,93,160,11355,227,16830,192,28185,California
Humboldt,2021-03-08,282,45324,6,21029,192,24118,84,177,181,11520,100,16930,265,28450,California
Humboldt,2021-03-09,504,45828,206,21235,148,24266,150,327,245,11657,257,17187,394,28844,California
Humboldt,2021-03-10,703,46531,474,21709,72,24338,157,484,426,11962,276,17463,581,29425,California
Humboldt,2021-03-11,1488,48019,460,22169,929,25267,99,583,657,11891,826,18289,755,30180,California
Humboldt,2021-03-12,1756,49775,1086,23255,446,25713,224,807,1055,12480,693,18982,1282,31462,California
Humboldt,2021-03-13,1600,51375,1052,24307,497,26210,51,858,680,12296,914,19896,730,32192,California
Humboldt,2021-03-14,143,51518,19,24326,116,26326,8,866,29,12219,114,20010,37,32229,California
Humboldt,2021-03-15,282,51800,52,24378,208,26534,22,888,61,12079,221,20231,81,32310,California
Humboldt,2021-03-16,638,52438,201,24579,175,26709,262,1150,262,12226,375,20606,522,32832,California
Humboldt,2021-03-17,735,53173,396,24975,231,26940,108,1258,340,12280,394,21000,448,33280,California
Humboldt,2021-03-18,1742,54915,1165,26140,534,27474,43,1301,1017,12622,718,21718,1060,34340,California
Humboldt,2021-03-19,1076,55991,61,26201,700,28174,315,1616,441,12744,633,22351,755,35095,California
Humboldt,2021-03-20,1416,57407,786,26987,616,28790,14,1630,390,12125,1024,23375,405,35500,California
Humboldt,2021-03-21,250,57657,34,27021,189,28979,27,1657,204,12309,46,23421,230,35730,California
Humboldt,2021-03-22,119,57776,15,27036,54,29033,50,1707,63,12368,54,23475,113,35843,California
Humboldt,2021-03-23,412,58188,41,27077,329,29362,42,1749,319,12637,92,23567,361,36204,California
Humboldt,2021-03-24,1416,59604,391,27468,977,30339,48,1797,1036,13348,372,23939,1083,37287,California
Humboldt,2021-03-25,1842,61446,1215,28683,564,30903,63,1860,942,13454,898,24837,1004,38291,California
Humboldt,2021-03-26,2044,63490,442,29125,1545,32448,57,1917,1596,14664,442,25279,1652,39943,California
Humboldt,2021-03-27,2126,65616,1526,30651,426,32874,174,2091,1143,15002,979,26258,1317,41260,California
Humboldt,2021-03-28,268,65884,82,30733,114,32988,72,2163,81,14970,186,26444,154,41414,California
Humboldt,2021-03-29,465,66349,124,30857,245,33233,96,2259,198,14997,266,26710,293,41707,California
Humboldt,2021-03-30,948,67297,303,31160,531,33764,114,2373,561,15289,382,27092,674,42381,California
Humboldt,2021-03-31,1887,69184,542,31702,1247,35011,98,2471,1412,16329,471,27563,1511,43892,California
Humboldt,2021-04-01,2122,71306,711,32413,1318,36329,93,2564,1483,17273,631,28194,1575,45467,California
Humboldt,2021-04-02,1727,73033,1112,33525,508,36837,107,2671,616,16891,1105,29299,723,46190,California
Humboldt,2021-04-03,1673,74706,1515,35040,143,36980,15,2686,664,16571,999,30298,679,46869,California
Humboldt,2021-04-04,482,75188,371,35411,102,37082,9,2695,400,16899,81,30379,409,47278,California
Humboldt,2021-04-05,783,75971,465,35876,270,37352,48,2743,445,17057,335,30714,493,47771,California
Humboldt,2021-04-06,849,76820,320,36196,394,37746,135,2878,589,17525,254,30968,722,48493,California
Humboldt,2021-04-07,1503,78323,1069,37265,292,38038,142,3020,996,18159,504,31472,1138,49631,California
Humboldt,2021-04-08,1762,80085,1096,38361,506,38544,160,3180,744,18048,1015,32487,904,50535,California
Humboldt,2021-04-09,1447,81532,442,38803,850,39394,155,3335,1156,19061,290,32777,1303,51838,California
Humboldt,2021-04-10,945,82477,139,38942,631,40025,175,3510,744,19779,199,32976,917,52755,California
Humboldt,2021-04-11,647,83124,140,39082,36,40061,471,3981,129,19860,518,33494,599,53354,California
Humboldt,2021-04-12,442,83566,229,39311,86,40147,127,4108,280,20106,161,33655,407,53761,California
Humboldt,2021-04-13,591,84157,324,39635,262,40409,5,4113,554,20629,35,33690,558,54319,California
Humboldt,2021-04-14,1451,85608,1048,40683,403,40812,0,4113,1333,21845,117,33807,1333,55652,California
Humboldt,2021-04-15,1837,87445,1204,41887,629,41441,4,4117,1261,22551,557,34364,1263,56915,California
Humboldt,2021-04-16,1139,88584,522,42409,617,42058,0,4117,554,22523,582,34946,554,57469,California
Humboldt,2021-04-17,1879,90463,1555,43964,324,42382,0,4117,1021,22692,852,35798,1021,58490,California
Humboldt,2021-04-18,670,91133,355,44319,314,42696,1,4118,84,22196,580,36378,84,58574,California
Humboldt,2021-04-19,208,91341,86,44405,122,42818,0,4118,92,22174,114,36492,92,58666,California
Humboldt,2021-04-20,511,91852,140,44545,371,43189,0,4118,254,22172,256,36748,254,58920,California
Humboldt,2021-04-21,1124,92976,391,44936,733,43922,0,4118,457,21972,658,37406,458,59378,California
Humboldt,2021-04-22,901,93877,538,45474,362,44284,1,4119,457,21988,441,37847,457,59835,California
Humboldt,2021-04-23,2193,96070,311,45785,1882,46166,0,4119,337,20473,1852,39699,337,60172,California
Humboldt,2021-04-24,1104,97174,885,46670,214,46380,5,4124,360,20097,741,40440,365,60537,California
Humboldt,2021-04-25,377,97551,240,46910,137,46517,0,4124,192,20106,183,40623,192,60729,California
Humboldt,2021-04-26,390,97941,270,47180,116,46633,4,4128,112,19944,276,40899,114,60843,California
Humboldt,2021-04-27,810,98751,311,47491,470,47103,29,4157,184,19533,624,41523,213,61056,California
Humboldt,2021-04-28,1606,100357,847,48338,714,47817,45,4202,422,18819,1181,42704,467,61523,California
Humboldt,2021-04-29,1792,102149,638,48976,1116,48933,38,4240,299,17668,1488,44192,337,61860,California
Humboldt,2021-04-30,1305,103454,437,49413,833,49766,35,4275,205,16813,1093,45285,238,62098,California
Humboldt,2021-05-01,485,103939,387,49800,75,49841,23,4298,300,16952,184,45469,323,62421,California
Humboldt,2021-05-02,233,104172,187,49987,37,49878,9,4307,117,16963,115,45584,126,62547,California
Humboldt,2021-05-03,618,104790,375,50362,219,50097,24,4331,102,16576,514,46098,127,62674,California
Humboldt,2021-05-04,867,105657,521,50883,301,50398,45,4376,260,16276,604,46702,304,62978,California
Humboldt,2021-05-05,1742,107399,1117,52000,567,50965,58,4434,185,14969,1548,48250,241,63219,California
Humboldt,2021-05-06,1695,109094,1076,53076,367,51332,252,4686,141,13811,1551,49801,393,63612,California
Humboldt,2021-05-07,1437,110531,316,53392,1061,52393,60,4746,238,12911,1196,50997,296,63908,California
Humboldt,2021-05-08,745,111276,148,53540,574,52967,23,4769,90,12371,653,51650,113,64021,California
Humboldt,2021-05-09,906,112182,854,54394,42,53009,10,4779,47,11569,859,52509,57,64078,California
Humboldt,2021-05-10,218,112400,37,54431,142,53151,39,4818,82,11554,136,52645,121,64199,California
Humboldt,2021-05-11,534,112934,184,54615,277,53428,73,4891,204,11502,329,52974,277,64476,California
Humboldt,2021-05-12,621,113555,142,54757,433,53861,46,4937,227,11381,393,53367,272,64748,California
Humboldt,2021-05-13,629,114184,302,55059,300,54161,27,4964,288,11357,339,53706,315,65063,California
Humboldt,2021-05-14,711,114895,142,55201,465,54626,104,5068,233,11218,475,54181,336,65399,California
Humboldt,2021-05-15,788,115683,643,55844,135,54761,10,5078,212,10865,575,54756,222,65621,California
Humboldt,2021-05-16,121,115804,54,55898,63,54824,4,5082,68,10884,53,54809,72,65693,California
Humboldt,2021-05-17,409,116213,215,56113,171,54995,23,5105,223,10945,184,54993,245,65938,California
Humboldt,2021-05-18,663,116876,325,56438,309,55304,29,5134,360,11030,303,55296,388,66326,California
Humboldt,2021-05-19,988,117864,549,56987,396,55700,43,5177,319,10725,665,55961,360,66686,California
Humboldt,2021-05-20,828,118692,607,57594,208,55908,13,5190,593,11100,232,56193,607,67293,California
Humboldt,2021-05-21,879,119571,291,57885,527,56435,61,5251,351,10984,528,56721,412,67705,California
Humboldt,2021-05-22,416,119987,321,58206,87,56522,8,5259,147,10872,267,56988,155,67860,California
Humboldt,2021-05-23,394,120381,326,58532,65,56587,3,5262,76,10633,318,57306,79,67939,California
Humboldt,2021-05-24,338,120719,174,58706,135,56722,29,5291,182,10689,155,57461,211,68150,California
Humboldt,2021-05-25,530,121249,338,59044,168,56890,24,5315,288,10762,239,57700,312,68462,California
Humboldt,2021-05-26,648,121897,310,59354,314,57204,24,5339,306,10751,341,58041,330,68792,California
Humboldt,2021-05-27,465,122362,247,59601,181,57385,37,5376,276,10875,189,58230,313,69105,California
Humboldt,2021-05-28,411,122773,193,59794,171,57556,47,5423,170,10854,238,58468,217,69322,California
Humboldt,2021-05-29,172,122945,103,59897,66,57622,3,5426,91,10867,81,58549,94,69416,California
Humboldt,2021-05-30,106,123051,45,59942,56,57678,5,5431,51,10869,54,58603,56,69472,California
Humboldt,2021-05-31,72,123123,27,59969,39,57717,6,5437,48,10899,23,58626,53,69525,California
Humboldt,2021-06-01,461,123584,266,60235,180,57897,15,5452,185,10823,276,58902,200,69725,California
Humboldt,2021-06-02,532,124116,249,60484,229,58126,54,5506,237,10822,290,59192,289,70014,California
Humboldt,2021-06-03,389,124505,226,60710,141,58267,22,5528,83,10649,278,59470,105,70119,California
Humboldt,2021-06-04,508,125013,318,61028,166,58433,24,5552,135,10478,329,59799,158,70277,California
Humboldt,2021-06-05,409,125422,314,61342,50,58483,45,5597,206,10581,148,59947,251,70528,California
Humboldt,2021-06-06,171,125593,119,61461,43,58526,9,5606,70,10565,95,60042,79,70607,California
Humboldt,2021-06-07,359,125952,216,61677,119,58645,24,5630,111,10453,247,60289,135,70742,California
Humboldt,2021-06-08,520,126472,302,61979,189,58834,29,5659,150,10263,368,60657,178,70920,California
Humboldt,2021-06-09,401,126873,206,62185,148,58982,47,5706,129,10169,270,60927,176,71096,California
Humboldt,2021-06-10,566,127439,448,62633,91,59073,27,5733,96,9824,466,61393,121,71217,California
Humboldt,2021-06-11,436,127875,244,62877,164,59237,28,5761,98,9613,337,61730,126,71343,California
Humboldt,2021-06-12,180,128055,132,63009,48,59285,0,5761,49,9532,130,61860,49,71392,California
Humboldt,2021-06-13,215,128270,148,63157,42,59327,25,5786,94,9531,119,61979,118,71510,California
Humboldt,2021-06-14,420,128690,255,63412,138,59465,27,5813,114,9367,305,62284,141,71651,California
Humboldt,2021-06-15,548,129238,373,63785,147,59612,28,5841,157,9166,385,62669,184,71835,California
Humboldt,2021-06-16,482,129720,321,64106,114,59726,47,5888,139,9018,334,63003,186,72021,California
Humboldt,2021-06-17,398,130118,261,64367,91,59817,46,5934,99,8864,299,63302,145,72166,California
Humboldt,2021-06-18,401,130519,232,64599,140,59957,29,5963,132,8761,263,63565,160,72326,California
Humboldt,2021-06-19,201,130720,135,64734,45,60002,21,5984,86,8753,114,63679,106,72432,California
Humboldt,2021-06-20,80,130800,36,64770,30,60032,14,5998,33,8755,45,63724,47,72479,California
Humboldt,2021-06-21,153,130953,71,64841,54,60086,28,6026,52,8734,101,63825,80,72559,California
Humboldt,2021-06-22,349,131302,220,65061,110,60196,19,6045,144,8693,204,64029,163,72722,California
Humboldt,2021-06-23,352,131654,248,65309,74,60270,30,6075,106,8588,239,64268,134,72856,California
Humboldt,2021-06-24,211,131865,106,65415,49,60319,56,6131,87,8610,119,64387,141,72997,California
Humboldt,2021-06-25,256,132121,144,65559,97,60416,15,6146,104,8580,149,64536,119,73116,California
Humboldt,2021-06-26,252,132373,191,65750,38,60454,23,6169,64,8479,188,64724,87,73203,California
Humboldt,2021-06-27,74,132447,51,65801,21,60475,2,6171,26,8459,48,64772,28,73231,California
Humboldt,2021-06-28,156,132603,100,65901,28,60503,28,6199,69,8469,87,64859,97,73328,California
Humboldt,2021-06-29,264,132867,156,66057,75,60578,33,6232,88,8415,174,65033,120,73448,California
Humboldt,2021-06-30,223,133090,146,66203,57,60635,20,6252,93,8400,128,65161,113,73561,California
Humboldt,2021-07-01,190,133280,113,66316,59,60694,18,6270,82,8393,106,65267,99,73660,California
Humboldt,2021-07-02,263,133543,140,66456,83,60777,40,6310,106,8383,156,65423,146,73806,California
Humboldt,2021-07-03,91,133634,62,66518,19,60796,10,6320,40,8383,50,65473,50,73856,California
Humboldt,2021-07-04,9,133643,4,66522,5,60801,0,6320,5,8384,4,65477,5,73861,California
Humboldt,2021-07-05,145,133788,98,66620,35,60836,12,6332,64,8380,80,65557,76,73937,California
Humboldt,2021-07-06,243,134031,160,66780,68,60904,15,6347,67,8286,175,65732,81,74018,California
Humboldt,2021-07-07,242,134273,159,66939,60,60964,23,6370,81,8231,159,65891,104,74122,California
Humboldt,2021-07-08,160,134433,110,67049,33,60997,17,6387,62,8214,96,65987,79,74201,California
Humboldt,2021-07-09,213,134646,139,67188,60,61057,14,6401,77,8168,136,66123,90,74291,California
Humboldt,2021-07-10,76,134722,45,67233,21,61078,10,6411,35,8172,41,66164,45,74336,California
Imperial,2020-12-16,1,1,1,1,0,0,0,0,1,1,0,0,1,1,California
Imperial,2020-12-17,4,5,4,5,0,0,0,0,4,5,0,0,4,5,California
Imperial,2020-12-18,13,18,13,18,0,0,0,0,13,18,0,0,13,18,California
Imperial,2020-12-20,3,21,3,21,0,0,0,0,3,21,0,0,3,21,California
Imperial,2020-12-21,184,205,184,205,0,0,0,0,184,205,0,0,184,205,California
Imperial,2020-12-22,240,445,238,443,2,2,0,0,240,445,0,0,240,445,California
Imperial,2020-12-23,212,657,211,654,1,3,0,0,212,657,0,0,212,657,California
Imperial,2020-12-24,7,664,7,661,0,3,0,0,7,664,0,0,7,664,California
Imperial,2020-12-26,3,667,1,662,2,5,0,0,3,667,0,0,3,667,California
Imperial,2020-12-27,62,729,0,662,62,67,0,0,62,729,0,0,62,729,California
Imperial,2020-12-28,217,946,115,777,102,169,0,0,217,946,0,0,217,946,California
Imperial,2020-12-29,191,1137,37,814,154,323,0,0,191,1137,0,0,191,1137,California
Imperial,2020-12-30,367,1504,51,865,316,639,0,0,367,1504,0,0,367,1504,California
Imperial,2020-12-31,199,1703,28,893,171,810,0,0,199,1703,0,0,199,1703,California
Imperial,2021-01-01,47,1750,5,898,42,852,0,0,47,1750,0,0,47,1750,California
Imperial,2021-01-02,5,1755,0,898,5,857,0,0,5,1755,0,0,5,1755,California
Imperial,2021-01-03,90,1845,0,898,90,947,0,0,90,1845,0,0,90,1845,California
Imperial,2021-01-04,87,1932,7,905,80,1027,0,0,87,1932,0,0,87,1932,California
Imperial,2021-01-05,174,2106,14,919,160,1187,0,0,174,2106,0,0,174,2106,California
Imperial,2021-01-06,192,2298,26,945,166,1353,0,0,191,2296,1,1,191,2297,California
Imperial,2021-01-07,330,2628,12,957,318,1671,0,0,325,2616,5,6,325,2622,California
Imperial,2021-01-08,195,2823,51,1008,144,1815,0,0,186,2793,9,15,186,2808,California
Imperial,2021-01-09,24,2847,21,1029,3,1818,0,0,24,2817,0,15,24,2832,California
Imperial,2021-01-10,4,2851,1,1030,3,1821,0,0,3,2819,1,16,3,2835,California
Imperial,2021-01-11,403,3254,243,1273,160,1981,0,0,176,2768,227,243,176,3011,California
Imperial,2021-01-12,576,3830,468,1741,108,2089,0,0,314,2821,261,504,314,3325,California
Imperial,2021-01-13,387,4217,136,1877,251,2340,0,0,285,3004,102,606,285,3610,California
Imperial,2021-01-14,307,4524,190,2067,117,2457,0,0,301,3300,5,611,301,3911,California
Imperial,2021-01-15,247,4771,182,2249,65,2522,0,0,239,3531,8,619,239,4150,California
Imperial,2021-01-16,94,4865,74,2323,20,2542,0,0,93,3623,1,620,93,4243,California
Imperial,2021-01-17,18,4883,5,2328,13,2555,0,0,17,3639,1,621,17,4260,California
Imperial,2021-01-18,1073,5956,401,2729,672,3227,0,0,975,4517,98,719,976,5236,California
Imperial,2021-01-19,172,6128,129,2858,43,3270,0,0,125,4595,47,766,125,5361,California
Imperial,2021-01-20,302,6430,199,3057,103,3373,0,0,263,4819,39,805,263,5624,California
Imperial,2021-01-21,437,6867,185,3242,252,3625,0,0,415,5212,22,827,415,6039,California
Imperial,2021-01-22,476,7343,188,3430,288,3913,0,0,467,5670,9,836,467,6506,California
Imperial,2021-01-23,1063,8406,291,3721,772,4685,0,0,1061,6729,2,838,1061,7567,California
Imperial,2021-01-24,24,8430,2,3723,22,4707,0,0,24,6753,0,838,24,7591,California
Imperial,2021-01-25,225,8655,10,3733,215,4922,0,0,42,6614,181,1019,42,7633,California
Imperial,2021-01-26,376,9031,181,3914,195,5117,0,0,232,6704,143,1162,233,7866,California
Imperial,2021-01-27,586,9617,163,4077,423,5540,0,0,253,6624,333,1495,253,8119,California
Imperial,2021-01-28,654,10271,165,4242,489,6029,0,0,544,7058,110,1605,544,8663,California
Imperial,2021-01-29,446,10717,298,4540,148,6177,0,0,396,7404,50,1655,396,9059,California
Imperial,2021-01-30,81,10798,39,4579,42,6219,0,0,64,7451,17,1672,64,9123,California
Imperial,2021-01-31,27,10825,4,4583,23,6242,0,0,26,7476,1,1673,26,9149,California
Imperial,2021-02-01,467,11292,69,4652,398,6640,0,0,254,7519,211,1884,254,9403,California
Imperial,2021-02-02,764,12056,83,4735,681,7321,0,0,580,7915,184,2068,580,9983,California
Imperial,2021-02-03,624,12680,181,4916,443,7764,0,0,361,8015,261,2329,361,10344,California
Imperial,2021-02-04,1936,14616,1379,6295,557,8321,0,0,1495,9071,440,2769,1496,11840,California
Imperial,2021-02-05,456,15072,255,6550,201,8522,0,0,219,9054,238,3007,221,12061,California
Imperial,2021-02-06,888,15960,848,7398,40,8562,0,0,852,9868,38,3045,852,12913,California
Imperial,2021-02-07,48,16008,16,7414,32,8594,0,0,44,9908,4,3049,44,12957,California
Imperial,2021-02-08,275,16283,45,7459,230,8824,0,0,206,10045,69,3118,206,13163,California
Imperial,2021-02-09,491,16774,154,7613,337,9161,0,0,323,10203,168,3286,326,13489,California
Imperial,2021-02-10,480,17254,60,7673,420,9581,0,0,111,9948,369,3655,114,13603,California
Imperial,2021-02-11,1083,18337,387,8060,696,10277,0,0,180,9233,898,4553,183,13786,California
Imperial,2021-02-12,2182,20519,1437,9497,745,11022,0,0,1827,10708,358,4911,1833,15619,California
Imperial,2021-02-13,110,20629,57,9554,53,11075,0,0,92,10781,21,4932,94,15713,California
Imperial,2021-02-14,50,20679,34,9588,16,11091,0,0,47,10825,3,4935,47,15760,California
Imperial,2021-02-15,146,20825,37,9625,109,11200,0,0,127,10936,19,4954,130,15890,California
Imperial,2021-02-16,525,21350,265,9890,260,11460,0,0,306,11027,219,5173,310,16200,California
Imperial,2021-02-17,462,21812,305,10195,157,11617,0,0,104,10778,358,5531,109,16309,California
Imperial,2021-02-18,681,22493,327,10522,354,11971,0,0,160,10428,520,6051,170,16479,California
Imperial,2021-02-19,793,23286,400,10922,393,12364,0,0,207,10052,585,6636,209,16688,California
Imperial,2021-02-20,1061,24347,208,11130,853,13217,0,0,337,9677,722,7358,347,17035,California
Imperial,2021-02-21,618,24965,584,11714,34,13251,0,0,610,10283,7,7365,613,17648,California
Imperial,2021-02-22,859,25824,605,12319,254,13505,0,0,791,11012,67,7432,796,18444,California
Imperial,2021-02-23,1146,26970,538,12857,608,14113,0,0,974,11828,171,7603,987,19431,California
Imperial,2021-02-24,844,27814,402,13259,442,14555,0,0,716,12432,126,7729,730,20161,California
Imperial,2021-02-25,966,28780,425,13684,541,15096,0,0,547,12584,418,8147,570,20731,California
Imperial,2021-02-26,2378,31158,1417,15101,961,16057,0,0,1859,13947,518,8665,1881,22612,California
Imperial,2021-02-27,1010,32168,923,16024,87,16144,0,0,252,13460,759,9424,272,22884,California
Imperial,2021-02-28,109,32277,90,16114,19,16163,0,0,88,13538,21,9445,99,22983,California
Imperial,2021-03-01,589,32866,359,16473,226,16389,4,4,501,13970,84,9529,516,23499,California
Imperial,2021-03-02,781,33647,301,16774,479,16868,1,5,438,14081,341,9870,452,23951,California
Imperial,2021-03-03,1001,34648,95,16869,906,17774,0,5,606,14324,391,10261,634,24585,California
Imperial,2021-03-04,835,35483,150,17019,684,18458,1,6,544,14629,289,10550,594,25179,California
Imperial,2021-03-05,3169,38652,2267,19286,902,19360,0,6,1784,15056,1389,11939,1816,26995,California
Imperial,2021-03-06,818,39470,330,19616,488,19848,0,6,722,15711,93,12032,748,27743,California
Imperial,2021-03-07,162,39632,104,19720,57,19905,1,7,108,15792,53,12085,134,27877,California
Imperial,2021-03-08,499,40131,387,20107,76,19981,36,43,406,16175,93,12178,476,28353,California
Imperial,2021-03-09,746,40877,353,20460,144,20125,249,292,447,16574,299,12477,698,29051,California
Imperial,2021-03-10,837,41714,367,20827,285,20410,185,477,369,16674,467,12944,567,29618,California
Imperial,2021-03-11,1943,43657,527,21354,1146,21556,270,747,1236,17501,703,13647,1530,31148,California
Imperial,2021-03-12,4969,48626,3489,24843,1215,22771,265,1012,3151,19128,1810,15457,3437,34585,California
Imperial,2021-03-13,1235,49861,117,24960,884,23655,234,1246,893,19941,339,15796,1152,35737,California
Imperial,2021-03-14,216,50077,60,25020,142,23797,14,1260,156,20068,59,15855,186,35923,California
Imperial,2021-03-15,782,50859,267,25287,220,24017,295,1555,417,20437,362,16217,731,36654,California
Imperial,2021-03-16,1262,52121,372,25659,380,24397,510,2065,604,20927,654,16871,1144,37798,California
Imperial,2021-03-17,1721,53842,742,26401,794,25191,185,2250,1054,21515,660,17531,1248,39046,California
Imperial,2021-03-18,1902,55744,1251,27652,566,25757,85,2335,1305,22318,592,18123,1395,40441,California
Imperial,2021-03-19,3924,59668,2864,30516,1036,26793,24,2359,1944,22316,1973,20096,1971,42412,California
Imperial,2021-03-20,1831,61499,584,31100,1229,28022,18,2377,1349,23215,474,20570,1373,43785,California
Imperial,2021-03-21,292,61791,104,31204,183,28205,5,2382,165,23266,127,20697,178,43963,California
Imperial,2021-03-22,1110,62901,400,31604,703,28908,7,2389,641,23458,467,21164,659,44622,California
Imperial,2021-03-23,1545,64446,556,32160,983,29891,6,2395,962,23852,579,21743,973,45595,California
Imperial,2021-03-24,2212,66658,636,32796,1150,31041,426,2821,1189,24451,1019,22762,1618,47213,California
Imperial,2021-03-25,3307,69965,799,33595,888,31929,1620,4441,1245,25252,2056,24818,2857,50070,California
Imperial,2021-03-26,3289,73254,1251,34846,1038,32967,1000,5441,944,24869,2332,27150,1949,52019,California
Imperial,2021-03-27,686,73940,328,35174,291,33258,67,5508,452,25160,230,27380,521,52540,California
Imperial,2021-03-28,246,74186,79,35253,160,33418,7,5515,181,25286,63,27443,189,52729,California
Imperial,2021-03-29,1600,75786,392,35645,409,33827,799,6314,331,25154,1264,28707,1132,53861,California
Imperial,2021-03-30,2206,77992,725,36370,598,34425,883,7197,687,25205,1516,30223,1567,55428,California
Imperial,2021-03-31,1636,79628,768,37138,812,35237,56,7253,1022,25671,611,30834,1077,56505,California
Imperial,2021-04-01,2191,81819,466,37604,1400,36637,325,7578,889,25592,1293,32127,1214,57719,California
Imperial,2021-04-02,2251,84070,515,38119,1601,38238,135,7713,1442,26369,800,32927,1577,59296,California
Imperial,2021-04-03,1563,85633,459,38578,1016,39254,88,7801,712,26323,848,33775,802,60098,California
Imperial,2021-04-04,111,85744,67,38645,27,39281,17,7818,33,26296,78,33853,51,60149,California
Imperial,2021-04-05,3495,89239,2348,40993,924,40205,223,8041,812,24665,2672,36525,1041,61190,California
Imperial,2021-04-06,1434,90673,572,41565,601,40806,261,8302,696,24892,733,37258,960,62150,California
Imperial,2021-04-07,2282,92955,613,42178,1234,42040,435,8737,1576,26189,709,37967,2006,64156,California
Imperial,2021-04-08,2318,95273,1122,43300,842,42882,354,9091,1083,26394,1230,39197,1435,65591,California
Imperial,2021-04-09,3570,98843,1712,45012,1063,43945,795,9886,1578,26780,1982,41179,2368,67959,California
Imperial,2021-04-10,1398,100241,227,45239,849,44794,322,10208,245,26195,1149,42328,564,68523,California
Imperial,2021-04-11,254,100495,63,45302,158,44952,33,10241,84,26145,169,42497,119,68642,California
Imperial,2021-04-12,1488,101983,807,46109,460,45412,221,10462,831,26549,649,43146,1053,69695,California
Imperial,2021-04-13,2964,104947,1920,48029,1042,46454,2,10464,2033,27662,925,44071,2038,71733,California
Imperial,2021-04-14,2077,107024,983,49012,1094,47548,0,10464,1396,28388,675,44746,1401,73134,California
Imperial,2021-04-15,2043,109067,958,49970,1085,48633,0,10464,1369,29094,669,45415,1375,74509,California
Imperial,2021-04-16,3560,112627,1822,51792,1738,50371,0,10464,2225,30000,1322,46737,2228,76737,California
Imperial,2021-04-17,1890,114517,958,52750,930,51301,2,10466,1460,31038,425,47162,1463,78200,California
Imperial,2021-04-18,273,114790,85,52835,188,51489,0,10466,91,30952,180,47342,94,78294,California
Imperial,2021-04-19,852,115642,270,53105,582,52071,0,10466,421,30950,428,47770,426,78720,California
Imperial,2021-04-20,1392,117034,553,53658,839,52910,0,10466,777,31118,612,48382,780,79500,California
Imperial,2021-04-21,1478,118512,381,54039,1096,54006,1,10467,844,31335,627,49009,844,80344,California
Imperial,2021-04-22,2506,121018,831,54870,1675,55681,0,10467,1745,32337,745,49754,1747,82091,California
Imperial,2021-04-23,2871,123889,552,55422,2319,58000,0,10467,1111,31724,1728,51482,1115,83206,California
Imperial,2021-04-24,590,124479,324,55746,266,58266,0,10467,234,31604,354,51836,234,83440,California
Imperial,2021-04-25,274,124753,104,55850,170,58436,0,10467,132,31597,139,51975,132,83572,California
Imperial,2021-04-26,1247,126000,484,56334,758,59194,5,10472,717,31796,523,52498,722,84294,California
Imperial,2021-04-27,1164,127164,371,56705,782,59976,11,10483,590,31830,568,53066,602,84896,California
Imperial,2021-04-28,1537,128701,649,57354,855,60831,33,10516,707,31747,823,53889,740,85636,California
Imperial,2021-04-29,1887,130588,865,58219,974,61805,48,10564,848,31618,1027,54916,898,86534,California
Imperial,2021-04-30,3333,133921,1689,59908,1606,63411,38,10602,1613,31560,1709,56625,1651,88185,California
Imperial,2021-05-01,369,134290,129,60037,237,63648,3,10605,195,31588,172,56797,200,88385,California
Imperial,2021-05-02,92,134382,29,60066,56,63704,7,10612,41,31586,51,56848,49,88434,California
Imperial,2021-05-03,1644,136026,546,60612,1050,64754,48,10660,368,30738,1263,58111,415,88849,California
Imperial,2021-05-04,1820,137846,971,61583,822,65576,27,10687,591,30137,1219,59330,618,89467,California
Imperial,2021-05-05,1555,139401,911,62494,624,66200,20,10707,475,29565,1068,60398,496,89963,California
Imperial,2021-05-06,1750,141151,1142,63636,566,66766,42,10749,564,28993,1180,61578,608,90571,California
Imperial,2021-05-07,2647,143798,1455,65091,1135,67901,57,10806,899,28223,1729,63307,959,91530,California
Imperial,2021-05-08,818,144616,649,65740,160,68061,9,10815,212,27845,599,63906,221,91751,California
Imperial,2021-05-09,102,144718,70,65810,31,68092,1,10816,29,27805,70,63976,30,91781,California
Imperial,2021-05-10,1182,145900,303,66113,755,68847,124,10940,361,27475,813,64789,483,92264,California
Imperial,2021-05-11,1522,147422,476,66589,1025,69872,21,10961,535,27057,979,65768,561,92825,California
Imperial,2021-05-12,904,148326,282,66871,582,70454,40,11001,342,26882,556,66324,381,93206,California
Imperial,2021-05-13,1959,150285,1277,68148,610,71064,72,11073,886,26778,1060,67384,956,94162,California
Imperial,2021-05-14,1829,152114,977,69125,790,71854,62,11135,1190,27403,627,68011,1252,95414,California
Imperial,2021-05-15,1282,153396,481,69606,779,72633,22,11157,486,27121,791,68802,509,95923,California
Imperial,2021-05-16,127,153523,87,69693,36,72669,4,11161,54,27107,72,68874,58,95981,California
Imperial,2021-05-17,1980,155503,725,70418,1204,73873,51,11212,692,26568,1282,70156,743,96724,California
Imperial,2021-05-18,1785,157288,896,71314,813,74686,76,11288,970,26808,807,70963,1047,97771,California
Imperial,2021-05-19,1367,158655,623,71937,675,75361,69,11357,635,26788,723,71686,703,98474,California
Imperial,2021-05-20,1820,160475,1041,72978,702,76063,77,11434,768,26597,1037,72723,846,99320,California
Imperial,2021-05-21,1987,162462,1244,74222,679,76742,64,11498,999,26685,975,73698,1063,100383,California
Imperial,2021-05-22,359,162821,194,74416,141,76883,24,11522,172,26701,180,73878,196,100579,California
Imperial,2021-05-23,95,162916,35,74451,51,76934,9,11531,33,26683,60,73938,42,100621,California
Imperial,2021-05-24,1284,164200,629,75080,595,77529,60,11591,529,26523,748,74686,588,101209,California
Imperial,2021-05-25,1558,165758,489,75569,1021,78550,48,11639,565,26155,982,75668,614,101823,California
Imperial,2021-05-26,1133,166891,580,76149,495,79045,58,11697,504,26092,624,76292,561,102384,California
Imperial,2021-05-27,1408,168299,753,76902,582,79627,73,11770,694,26150,709,77001,767,103151,California
Imperial,2021-05-28,1125,169424,613,77515,420,80047,92,11862,417,25964,696,77697,510,103661,California
Imperial,2021-05-29,348,169772,152,77667,155,80202,41,11903,161,25979,187,77884,202,103863,California
Imperial,2021-05-30,99,169871,30,77697,67,80269,2,11905,68,26018,31,77915,70,103933,California
Imperial,2021-05-31,80,169951,20,77717,53,80322,7,11912,36,26017,44,77959,43,103976,California
Imperial,2021-06-01,1319,171270,575,78292,624,80946,120,12032,500,25828,810,78769,621,104597,California
Imperial,2021-06-02,1203,172473,624,78916,457,81403,122,12154,602,25958,592,79361,722,105319,California
Imperial,2021-06-03,1369,173842,760,79676,471,81874,138,12292,625,25984,737,80098,763,106082,California
Imperial,2021-06-04,2499,176341,1734,81410,606,82480,159,12451,1032,25722,1452,81550,1190,107272,California
Imperial,2021-06-05,459,176800,257,81667,144,82624,58,12509,211,25748,243,81793,269,107541,California
Imperial,2021-06-06,82,176882,48,81715,22,82646,12,12521,45,25768,37,81830,57,107598,California
Imperial,2021-06-07,1013,177895,664,82379,283,82929,66,12587,483,25790,527,82357,549,108147,California
Imperial,2021-06-08,1466,179361,1048,83427,330,83259,88,12675,586,25588,874,83231,672,108819,California
Imperial,2021-06-09,1134,180495,783,84210,274,83533,77,12752,512,25561,615,83846,588,109407,California
Imperial,2021-06-10,1222,181717,794,85004,354,83887,74,12826,452,25321,765,84611,525,109932,California
Imperial,2021-06-11,1718,183435,1207,86211,443,84330,68,12894,735,25155,969,85580,803,110735,California
Imperial,2021-06-12,309,183744,141,86352,137,84467,31,12925,138,25155,169,85749,169,110904,California
Imperial,2021-06-13,85,183829,23,86375,60,84527,2,12927,54,25182,30,85779,57,110961,California
Imperial,2021-06-14,883,184712,627,87002,212,84739,44,12971,380,25107,499,86278,424,111385,California
Imperial,2021-06-15,1092,185804,760,87762,284,85023,48,13019,491,25053,594,86872,540,111925,California
Imperial,2021-06-16,1028,186832,657,88419,301,85324,70,13089,486,25072,538,87410,557,112482,California
Imperial,2021-06-17,1119,187951,792,89211,267,85591,60,13149,486,24988,628,88038,544,113026,California
Imperial,2021-06-18,1179,189130,824,90035,285,85876,70,13219,714,25318,453,88491,783,113809,California
Imperial,2021-06-19,345,189475,213,90248,117,85993,15,13234,172,25333,172,88663,187,113996,California
Imperial,2021-06-20,63,189538,30,90278,29,86022,4,13238,24,25322,39,88702,28,114024,California
Imperial,2021-06-21,684,190222,419,90697,227,86249,38,13276,421,25527,256,88958,461,114485,California
Imperial,2021-06-22,1171,191393,809,91506,312,86561,50,13326,634,25683,529,89487,685,115170,California
Imperial,2021-06-23,1141,192534,780,92286,300,86861,61,13387,617,25846,514,90001,677,115847,California
Imperial,2021-06-24,1050,193584,712,92998,290,87151,48,13435,536,25921,509,90510,584,116431,California
Imperial,2021-06-25,1422,195006,1051,94049,290,87441,81,13516,605,25802,804,91314,685,117116,California
Imperial,2021-06-26,249,195255,153,94202,87,87528,9,13525,82,25728,165,91479,91,117207,California
Imperial,2021-06-27,123,195378,60,94262,58,87586,5,13530,51,25711,72,91551,55,117262,California
Imperial,2021-06-28,641,196019,463,94725,157,87743,21,13551,334,25763,302,91853,354,117616,California
Imperial,2021-06-29,841,196860,619,95344,175,87918,47,13598,387,25748,450,92303,435,118051,California
Imperial,2021-06-30,858,197718,552,95896,281,88199,25,13623,356,25634,497,92800,383,118434,California
Imperial,2021-07-01,783,198501,554,96450,213,88412,16,13639,376,25626,400,93200,392,118826,California
Imperial,2021-07-02,909,199410,617,97067,267,88679,25,13664,387,25521,516,93716,411,119237,California
Imperial,2021-07-03,215,199625,99,97166,110,88789,6,13670,89,25493,122,93838,94,119331,California
Imperial,2021-07-04,42,199667,14,97180,25,88814,3,13673,19,25492,23,93861,22,119353,California
Imperial,2021-07-05,203,199870,90,97270,106,88920,7,13680,80,25456,122,93983,86,119439,California
Imperial,2021-07-06,954,200824,667,97937,258,89178,29,13709,372,25283,575,94558,402,119841,California
Imperial,2021-07-07,762,201586,525,98462,189,89367,48,13757,292,25158,464,95022,339,120180,California
Imperial,2021-07-08,719,202305,521,98983,176,89543,22,13779,317,25100,397,95419,339,120519,California
Imperial,2021-07-09,923,203228,679,99662,225,89768,19,13798,406,25015,510,95929,425,120944,California
Imperial,2021-07-10,148,203376,91,99753,55,89823,2,13800,69,25008,79,96008,72,121016,California
Inyo,2020-12-19,85,85,85,85,0,0,0,0,85,85,0,0,85,85,California
Inyo,2020-12-20,58,143,58,143,0,0,0,0,58,143,0,0,58,143,California
Inyo,2020-12-21,88,231,85,228,3,3,0,0,88,231,0,0,88,231,California
Inyo,2020-12-22,105,336,105,333,0,3,0,0,105,336,0,0,105,336,California
Inyo,2020-12-23,70,406,67,400,3,6,0,0,70,406,0,0,70,406,California
Inyo,2020-12-24,15,421,15,415,0,6,0,0,15,421,0,0,15,421,California
Inyo,2020-12-25,1,422,0,415,1,7,0,0,1,422,0,0,1,422,California
Inyo,2020-12-26,74,496,74,489,0,7,0,0,74,496,0,0,74,496,California
Inyo,2020-12-28,47,543,35,524,12,19,0,0,47,543,0,0,47,543,California
Inyo,2020-12-29,19,562,19,543,0,19,0,0,19,562,0,0,19,562,California
Inyo,2020-12-30,56,618,54,597,2,21,0,0,56,618,0,0,56,618,California
Inyo,2020-12-31,29,647,0,597,29,50,0,0,29,647,0,0,29,647,California
Inyo,2021-01-01,1,648,0,597,1,51,0,0,1,648,0,0,1,648,California
Inyo,2021-01-03,1,649,0,597,1,52,0,0,1,649,0,0,1,649,California
Inyo,2021-01-04,4,653,1,598,3,55,0,0,4,653,0,0,4,653,California
Inyo,2021-01-05,34,687,0,598,34,89,0,0,34,687,0,0,34,687,California
Inyo,2021-01-06,68,755,0,598,68,157,0,0,68,755,0,0,68,755,California
Inyo,2021-01-07,31,786,1,599,30,187,0,0,31,786,0,0,31,786,California
Inyo,2021-01-08,9,795,8,607,1,188,0,0,4,786,5,5,5,791,California
Inyo,2021-01-09,87,882,86,693,1,189,0,0,1,701,86,91,1,792,California
Inyo,2021-01-10,52,934,52,745,0,189,0,0,0,649,52,143,0,792,California
Inyo,2021-01-11,97,1031,82,827,15,204,0,0,16,584,81,224,16,808,California
Inyo,2021-01-12,138,1169,117,944,21,225,0,0,28,502,110,334,28,836,California
Inyo,2021-01-13,86,1255,68,1012,18,243,0,0,21,459,65,399,22,858,California
Inyo,2021-01-14,60,1315,13,1025,47,290,0,0,50,499,10,409,50,908,California
Inyo,2021-01-15,163,1478,28,1053,135,425,0,0,163,662,0,409,163,1071,California
Inyo,2021-01-16,74,1552,73,1126,1,426,0,0,1,590,73,482,1,1072,California
Inyo,2021-01-18,57,1609,35,1161,22,448,0,0,19,571,38,520,19,1091,California
Inyo,2021-01-19,116,1725,74,1235,42,490,0,0,99,653,17,537,99,1190,California
Inyo,2021-01-20,148,1873,71,1306,77,567,0,0,93,691,55,592,93,1283,California
Inyo,2021-01-21,120,1993,57,1363,63,630,0,0,119,809,1,593,119,1402,California
Inyo,2021-01-22,63,2056,0,1363,63,693,0,0,61,868,2,595,61,1463,California
Inyo,2021-01-23,54,2110,52,1415,2,695,0,0,53,921,0,595,53,1516,California
Inyo,2021-01-25,49,2159,6,1421,43,738,0,0,37,946,12,607,37,1553,California
Inyo,2021-01-26,136,2295,55,1476,81,819,0,0,130,1070,6,613,130,1683,California
Inyo,2021-01-27,24,2319,2,1478,22,841,0,0,23,1092,1,614,23,1706,California
Inyo,2021-01-28,92,2411,2,1480,90,931,0,0,63,1126,29,643,63,1769,California
Inyo,2021-01-29,25,2436,3,1483,22,953,0,0,23,1147,2,645,23,1792,California
Inyo,2021-01-30,11,2447,1,1484,10,963,0,0,11,1158,0,645,11,1803,California
Inyo,2021-01-31,32,2479,4,1488,28,991,0,0,4,1134,28,673,4,1807,California
Inyo,2021-02-01,11,2490,10,1498,1,992,0,0,1,1125,10,683,1,1808,California
Inyo,2021-02-02,130,2620,14,1512,116,1108,0,0,104,1203,26,709,104,1912,California
Inyo,2021-02-03,118,2738,0,1512,118,1226,0,0,74,1233,44,753,74,1986,California
Inyo,2021-02-04,152,2890,34,1546,118,1344,0,0,91,1264,61,814,92,2078,California
Inyo,2021-02-05,118,3008,62,1608,56,1400,0,0,116,1378,2,816,116,2194,California
Inyo,2021-02-06,5,3013,3,1611,2,1402,0,0,3,1380,1,817,3,2197,California
Inyo,2021-02-07,4,3017,2,1613,2,1404,0,0,4,1384,0,817,4,2201,California
Inyo,2021-02-08,117,3134,7,1620,110,1514,0,0,97,1461,20,837,97,2298,California
Inyo,2021-02-09,202,3336,52,1672,150,1664,0,0,129,1517,73,910,129,2427,California
Inyo,2021-02-10,141,3477,16,1688,125,1789,0,0,107,1590,34,944,107,2534,California
Inyo,2021-02-11,222,3699,57,1745,165,1954,0,0,126,1620,96,1040,126,2660,California
Inyo,2021-02-12,302,4001,51,1796,251,2205,0,0,167,1653,134,1174,167,2827,California
Inyo,2021-02-13,59,4060,54,1850,5,2210,0,0,7,1608,52,1226,7,2834,California
Inyo,2021-02-14,2,4062,0,1850,2,2212,0,0,2,1610,0,1226,2,2836,California
Inyo,2021-02-15,29,4091,9,1859,20,2232,0,0,5,1591,24,1250,5,2841,California
Inyo,2021-02-16,183,4274,54,1913,129,2361,0,0,91,1593,89,1339,91,2932,California
Inyo,2021-02-17,38,4312,4,1917,34,2395,0,0,8,1571,30,1369,8,2940,California
Inyo,2021-02-18,122,4434,6,1923,116,2511,0,0,79,1607,43,1412,79,3019,California
Inyo,2021-02-19,53,4487,4,1927,49,2560,0,0,10,1574,43,1455,10,3029,California
Inyo,2021-02-20,513,5000,507,2434,6,2566,0,0,509,2080,3,1458,509,3538,California
Inyo,2021-02-21,446,5446,446,2880,0,2566,0,0,445,2525,0,1458,445,3983,California
Inyo,2021-02-22,62,5508,19,2899,43,2609,0,0,27,2517,35,1493,27,4010,California
Inyo,2021-02-23,203,5711,19,2918,184,2793,0,0,94,2504,107,1600,94,4104,California
Inyo,2021-02-24,119,5830,0,2918,119,2912,0,0,57,2499,62,1662,57,4161,California
Inyo,2021-02-25,133,5963,5,2923,128,3040,0,0,63,2492,70,1732,63,4224,California
Inyo,2021-02-26,106,6069,62,2985,44,3084,0,0,21,2428,85,1817,21,4245,California
Inyo,2021-02-27,14,6083,3,2988,11,3095,0,0,2,2418,12,1829,2,4247,California
Inyo,2021-02-28,3,6086,1,2989,2,3097,0,0,2,2419,1,1830,2,4249,California
Inyo,2021-03-01,19,6105,2,2991,17,3114,0,0,17,2434,2,1832,17,4266,California
Inyo,2021-03-02,197,6302,1,2992,196,3310,0,0,112,2461,85,1917,112,4378,California
Inyo,2021-03-03,87,6389,4,2996,83,3393,0,0,42,2459,44,1961,42,4420,California
Inyo,2021-03-04,128,6517,3,2999,125,3518,0,0,46,2424,81,2042,46,4466,California
Inyo,2021-03-05,145,6662,56,3055,89,3607,0,0,42,2363,103,2145,42,4508,California
Inyo,2021-03-06,30,6692,1,3056,29,3636,0,0,29,2391,1,2146,29,4537,California
Inyo,2021-03-07,7,6699,4,3060,3,3639,0,0,5,2394,2,2148,5,4542,California
Inyo,2021-03-08,184,6883,5,3065,179,3818,0,0,91,2392,93,2241,91,4633,California
Inyo,2021-03-09,191,7074,3,3068,188,4006,0,0,74,2349,117,2358,74,4707,California
Inyo,2021-03-10,71,7145,8,3076,62,4068,1,1,30,2339,41,2399,31,4738,California
Inyo,2021-03-11,206,7351,1,3077,200,4268,5,6,75,2288,131,2530,80,4818,California
Inyo,2021-03-12,179,7530,5,3082,168,4436,6,12,78,2272,100,2630,84,4902,California
Inyo,2021-03-13,584,8114,549,3631,25,4461,10,22,70,1840,512,3142,80,4982,California
Inyo,2021-03-14,441,8555,440,4071,1,4462,0,22,2,1404,438,3580,2,4984,California
Inyo,2021-03-15,51,8606,15,4086,34,4496,2,24,30,1415,21,3601,32,5016,California
Inyo,2021-03-16,164,8770,4,4090,154,4650,6,30,63,1386,99,3700,70,5086,California
Inyo,2021-03-17,108,8878,3,4093,98,4748,7,37,92,1469,16,3716,99,5185,California
Inyo,2021-03-18,185,9063,16,4109,162,4910,7,44,104,1499,81,3797,111,5296,California
Inyo,2021-03-19,48,9111,6,4115,38,4948,4,48,36,1528,11,3808,40,5336,California
Inyo,2021-03-20,20,9131,1,4116,10,4958,9,57,1,1519,19,3827,10,5346,California
Inyo,2021-03-22,59,9190,3,4119,51,5009,5,62,39,1543,20,3847,44,5390,California
Inyo,2021-03-23,195,9385,4,4123,187,5196,4,66,105,1562,90,3937,109,5499,California
Inyo,2021-03-24,141,9526,3,4126,133,5329,5,71,86,1598,55,3992,91,5590,California
Inyo,2021-03-25,330,9856,110,4236,217,5546,3,74,263,1797,67,4059,266,5856,California
Inyo,2021-03-26,92,9948,3,4239,85,5631,4,78,71,1851,21,4080,75,5931,California
Inyo,2021-03-27,53,10001,45,4284,5,5636,3,81,47,1895,6,4086,50,5981,California
Inyo,2021-03-28,4,10005,1,4285,2,5638,1,82,1,1894,3,4089,2,5983,California
Inyo,2021-03-29,109,10114,2,4287,102,5740,5,87,82,1955,26,4115,87,6070,California
Inyo,2021-03-30,221,10335,2,4289,214,5954,5,92,109,1957,112,4227,114,6184,California
Inyo,2021-03-31,150,10485,4,4293,141,6095,5,97,107,2027,43,4270,113,6297,California
Inyo,2021-04-01,167,10652,3,4296,163,6258,1,98,117,2095,50,4320,118,6415,California
Inyo,2021-04-02,80,10732,1,4297,77,6335,2,100,49,2115,31,4351,51,6466,California
Inyo,2021-04-03,93,10825,47,4344,32,6367,14,114,5,2047,86,4437,18,6484,California
Inyo,2021-04-04,5,10830,4,4348,0,6367,1,115,1,2045,4,4441,2,6486,California
Inyo,2021-04-05,116,10946,0,4348,112,6479,4,119,28,1989,88,4529,32,6518,California
Inyo,2021-04-06,237,11183,5,4353,169,6648,63,182,105,2025,132,4661,168,6686,California
Inyo,2021-04-07,204,11387,1,4354,76,6724,127,309,47,2041,158,4819,174,6860,California
Inyo,2021-04-08,182,11569,15,4369,150,6874,17,326,82,2040,100,4919,99,6959,California
Inyo,2021-04-09,126,11695,7,4376,96,6970,23,349,37,2012,88,5007,60,7019,California
Inyo,2021-04-10,43,11738,2,4378,24,6994,17,366,4,1994,39,5046,21,7040,California
Inyo,2021-04-11,1,11739,0,4378,1,6995,0,366,1,1995,0,5046,1,7041,California
Inyo,2021-04-12,79,11818,0,4378,74,7069,5,371,41,2003,38,5084,46,7087,California
Inyo,2021-04-13,124,11942,5,4383,116,7185,3,374,64,2012,58,5142,67,7154,California
Inyo,2021-04-14,130,12072,2,4385,128,7313,0,374,45,1972,85,5227,45,7199,California
Inyo,2021-04-15,274,12346,116,4501,158,7471,0,374,78,1854,196,5423,78,7277,California
Inyo,2021-04-16,48,12394,6,4507,42,7513,0,374,19,1845,28,5451,19,7296,California
Inyo,2021-04-17,2,12396,1,4508,1,7514,0,374,1,1845,1,5452,1,7297,California
Inyo,2021-04-19,133,12529,44,4552,89,7603,0,374,46,1805,86,5538,46,7343,California
Inyo,2021-04-20,164,12693,2,4554,162,7765,0,374,80,1801,84,5622,80,7423,California
Inyo,2021-04-21,113,12806,5,4559,108,7873,0,374,32,1752,81,5703,32,7455,California
Inyo,2021-04-22,195,13001,1,4560,194,8067,0,374,51,1659,144,5847,51,7506,California
Inyo,2021-04-23,95,13096,4,4564,91,8158,0,374,22,1608,73,5920,22,7528,California
Inyo,2021-04-24,311,13407,310,4874,1,8159,0,374,306,1909,5,5925,306,7834,California
Inyo,2021-04-25,135,13542,134,5008,1,8160,0,374,135,2044,0,5925,135,7969,California
Inyo,2021-04-26,92,13634,1,5009,90,8250,1,375,11,1975,81,6006,12,7981,California
Inyo,2021-04-27,183,13817,6,5015,172,8422,5,380,48,1893,135,6141,53,8034,California
Inyo,2021-04-28,121,13938,2,5017,117,8539,2,382,20,1815,100,6241,22,8056,California
Inyo,2021-04-29,171,14109,55,5072,116,8655,0,382,77,1799,93,6334,77,8133,California
Inyo,2021-04-30,82,14191,5,5077,76,8731,1,383,23,1764,59,6393,24,8157,California
Inyo,2021-05-01,13,14204,4,5081,9,8740,0,383,10,1771,3,6396,10,8167,California
Inyo,2021-05-02,7,14211,3,5084,2,8742,2,385,4,1774,3,6399,6,8173,California
Inyo,2021-05-03,38,14249,1,5085,33,8775,4,389,5,1750,33,6432,9,8182,California
Inyo,2021-05-04,123,14372,2,5087,117,8892,4,393,19,1669,104,6536,23,8205,California
Inyo,2021-05-05,37,14409,0,5087,35,8927,2,395,11,1656,26,6562,13,8218,California
Inyo,2021-05-06,94,14503,4,5091,82,9009,8,403,13,1596,81,6643,21,8239,California
Inyo,2021-05-07,50,14553,5,5096,37,9046,8,411,24,1604,24,6667,32,8271,California
Inyo,2021-05-08,11,14564,2,5098,4,9050,5,416,4,1606,7,6674,9,8280,California
Inyo,2021-05-09,1,14565,0,5098,1,9051,0,416,0,1605,1,6675,0,8280,California
Inyo,2021-05-10,70,14635,1,5099,67,9118,2,418,32,1601,39,6714,35,8315,California
Inyo,2021-05-11,88,14723,1,5100,84,9202,3,421,20,1556,68,6782,23,8338,California
Inyo,2021-05-12,42,14765,2,5102,38,9240,2,423,11,1538,31,6813,13,8351,California
Inyo,2021-05-13,75,14840,1,5103,73,9313,1,424,12,1488,63,6876,13,8364,California
Inyo,2021-05-14,28,14868,5,5108,18,9331,5,429,14,1493,14,6890,19,8383,California
Inyo,2021-05-15,381,15249,368,5476,10,9341,3,432,85,1285,296,7186,88,8471,California
Inyo,2021-05-16,200,15449,200,5676,0,9341,0,432,73,1231,127,7313,73,8544,California
Inyo,2021-05-17,63,15512,2,5678,57,9398,4,436,18,1208,45,7358,22,8566,California
Inyo,2021-05-18,84,15596,2,5680,81,9479,1,437,17,1159,67,7425,18,8584,California
Inyo,2021-05-19,46,15642,2,5682,39,9518,5,442,13,1144,33,7458,18,8602,California
Inyo,2021-05-20,147,15789,83,5765,63,9581,1,443,37,1071,111,7569,38,8640,California
Inyo,2021-05-21,49,15838,18,5783,26,9607,5,448,19,1065,30,7599,24,8664,California
Inyo,2021-05-22,25,15863,15,5798,7,9614,3,451,18,1079,7,7606,21,8685,California
Inyo,2021-05-23,2,15865,1,5799,0,9614,1,452,0,1078,2,7608,1,8686,California
Inyo,2021-05-24,33,15898,6,5805,24,9638,3,455,13,1074,20,7628,16,8702,California
Inyo,2021-05-25,82,15980,39,5844,41,9679,2,457,47,1088,35,7663,49,8751,California
Inyo,2021-05-26,44,16024,16,5860,26,9705,2,459,21,1089,22,7685,23,8774,California
Inyo,2021-05-27,39,16063,10,5870,21,9726,8,467,12,1083,26,7711,20,8794,California
Inyo,2021-05-28,26,16089,6,5876,15,9741,5,472,8,1078,18,7729,13,8807,California
Inyo,2021-05-29,16,16105,5,5881,11,9752,0,472,7,1076,9,7738,7,8814,California
Inyo,2021-05-30,2,16107,0,5881,2,9754,0,472,0,1074,2,7740,0,8814,California
Inyo,2021-06-01,54,16161,16,5897,32,9786,6,478,23,1072,31,7771,29,8843,California
Inyo,2021-06-02,11,16172,9,5906,1,9787,1,479,9,1080,2,7773,10,8853,California
Inyo,2021-06-03,25,16197,0,5906,18,9805,7,486,1,1064,24,7797,8,8861,California
Inyo,2021-06-04,32,16229,6,5912,22,9827,4,490,12,1060,20,7817,16,8877,California
Inyo,2021-06-05,17,16246,8,5920,8,9835,1,491,4,1052,13,7830,5,8882,California
Inyo,2021-06-07,51,16297,15,5935,33,9868,3,494,5,1014,46,7876,8,8890,California
Inyo,2021-06-08,51,16348,23,5958,25,9893,3,497,24,1014,27,7903,27,8917,California
Inyo,2021-06-09,112,16460,96,6054,14,9907,2,499,14,932,98,8001,16,8933,California
Inyo,2021-06-10,52,16512,38,6092,9,9916,5,504,14,913,38,8039,19,8952,California
Inyo,2021-06-11,43,16555,23,6115,18,9934,2,506,17,906,26,8065,19,8971,California
Inyo,2021-06-12,15,16570,8,6123,6,9940,1,507,5,902,10,8075,6,8977,California
Inyo,2021-06-13,1,16571,0,6123,1,9941,0,507,0,901,1,8076,0,8977,California
Inyo,2021-06-14,58,16629,27,6150,28,9969,3,510,8,862,50,8126,11,8988,California
Inyo,2021-06-15,52,16681,39,6189,9,9978,4,514,9,832,43,8169,13,9001,California
Inyo,2021-06-16,33,16714,20,6209,13,9991,0,514,7,813,26,8195,7,9008,California
Inyo,2021-06-17,23,16737,13,6222,6,9997,4,518,5,805,17,8212,9,9017,California
Inyo,2021-06-18,14,16751,5,6227,6,10003,3,521,2,798,12,8224,5,9022,California
Inyo,2021-06-19,21,16772,7,6234,13,10016,1,522,7,793,13,8237,8,9030,California
Inyo,2021-06-21,29,16801,8,6242,18,10034,3,525,13,793,16,8253,16,9046,California
Inyo,2021-06-22,51,16852,42,6284,7,10041,2,527,24,792,27,8280,26,9072,California
Inyo,2021-06-23,14,16866,6,6290,7,10048,1,528,1,781,13,8293,2,9074,California
Inyo,2021-06-24,6,16872,2,6292,3,10051,1,529,3,782,3,8296,4,9078,California
Inyo,2021-06-25,26,16898,10,6302,13,10064,3,532,12,783,14,8310,15,9093,California
Inyo,2021-06-26,12,16910,6,6308,4,10068,2,534,4,781,8,8318,6,9099,California
Inyo,2021-06-28,13,16923,11,6319,2,10070,0,534,8,784,5,8323,8,9107,California
Inyo,2021-06-29,34,16957,29,6348,5,10075,0,534,14,778,20,8343,14,9121,California
Inyo,2021-06-30,21,16978,17,6365,4,10079,0,534,7,771,14,8357,7,9128,California
Inyo,2021-07-01,13,16991,9,6374,4,10083,0,534,8,774,5,8362,8,9136,California
Inyo,2021-07-02,21,17012,9,6383,12,10095,0,534,13,779,8,8370,13,9149,California
Inyo,2021-07-03,6,17018,6,6389,0,10095,0,534,5,783,1,8371,5,9154,California
Inyo,2021-07-05,4,17022,2,6391,2,10097,0,534,0,779,4,8375,0,9154,California
Inyo,2021-07-06,24,17046,14,6405,10,10107,0,534,16,787,8,8383,16,9170,California
Inyo,2021-07-07,17,17063,8,6413,7,10114,2,536,3,778,14,8397,5,9175,California
Inyo,2021-07-08,9,17072,7,6420,2,10116,0,536,8,785,1,8398,8,9183,California
Inyo,2021-07-09,6,17078,5,6425,1,10117,0,536,4,787,2,8400,4,9187,California
Inyo,2021-07-10,8,17086,6,6431,2,10119,0,536,4,787,4,8404,4,9191,California
Kern,2020-12-15,1,1,1,1,0,0,0,0,1,1,0,0,1,1,California
Kern,2020-12-16,19,20,19,20,0,0,0,0,19,20,0,0,19,20,California
Kern,2020-12-17,164,184,164,184,0,0,0,0,164,184,0,0,164,184,California
Kern,2020-12-18,327,511,327,511,0,0,0,0,327,511,0,0,327,511,California
Kern,2020-12-19,99,610,99,610,0,0,0,0,100,611,0,0,100,611,California
Kern,2020-12-20,62,672,62,672,0,0,0,0,62,673,0,0,62,673,California
Kern,2020-12-21,672,1344,671,1343,1,1,0,0,672,1345,0,0,672,1345,California
Kern,2020-12-22,533,1877,530,1873,3,4,0,0,533,1878,0,0,533,1878,California
Kern,2020-12-23,558,2435,420,2293,138,142,0,0,558,2436,0,0,558,2436,California
Kern,2020-12-24,123,2558,44,2337,79,221,0,0,123,2559,0,0,123,2559,California
Kern,2020-12-25,1,2559,1,2338,0,221,0,0,1,2560,0,0,1,2560,California
Kern,2020-12-26,35,2594,2,2340,33,254,0,0,35,2595,0,0,35,2595,California
Kern,2020-12-27,35,2629,3,2343,32,286,0,0,35,2630,0,0,35,2630,California
Kern,2020-12-28,831,3460,666,3009,165,451,0,0,831,3461,0,0,831,3461,California
Kern,2020-12-29,745,4205,451,3460,294,745,0,0,744,4204,1,1,744,4205,California
Kern,2020-12-30,1207,5412,915,4375,292,1037,0,0,1207,5411,0,1,1207,5412,California
Kern,2020-12-31,276,5688,99,4474,177,1214,0,0,276,5687,0,1,276,5688,California
Kern,2021-01-01,20,5708,10,4484,10,1224,0,0,20,5707,0,1,20,5708,California
Kern,2021-01-02,79,5787,18,4502,61,1285,0,0,79,5786,0,1,79,5787,California
Kern,2021-01-03,23,5810,4,4506,19,1304,0,0,23,5809,0,1,23,5810,California
Kern,2021-01-04,554,6364,362,4868,192,1496,0,0,554,6363,0,1,554,6364,California
Kern,2021-01-05,1135,7499,739,5607,396,1892,0,0,1123,7474,12,13,1123,7487,California
Kern,2021-01-06,1168,8667,451,6058,717,2609,0,0,1137,8580,31,44,1137,8624,California
Kern,2021-01-07,1414,10081,491,6549,923,3532,0,0,1244,9655,169,213,1244,9868,California
Kern,2021-01-08,1633,11714,774,7323,859,4391,0,0,1331,10684,303,516,1332,11200,California
Kern,2021-01-09,229,11943,79,7402,150,4541,0,0,193,10841,36,552,193,11393,California
Kern,2021-01-10,195,12138,149,7551,46,4587,0,0,154,10954,41,593,154,11547,California
Kern,2021-01-11,1560,13698,986,8537,574,5161,0,0,1003,11400,557,1150,1003,12550,California
Kern,2021-01-12,1879,15577,818,9355,1061,6222,0,0,1361,12244,518,1668,1362,13912,California
Kern,2021-01-13,1862,17439,879,10234,983,7205,0,0,1438,13258,424,2092,1438,15350,California
Kern,2021-01-14,2204,19643,655,10889,1549,8754,0,0,2158,15370,46,2138,2158,17508,California
Kern,2021-01-15,2729,22372,863,11752,1866,10620,0,0,2633,17909,95,2233,2634,20142,California
Kern,2021-01-16,675,23047,214,11966,461,11081,0,0,640,18514,35,2268,640,20782,California
Kern,2021-01-17,76,23123,8,11974,68,11149,0,0,74,18586,2,2270,74,20856,California
Kern,2021-01-18,1647,24770,658,12632,989,12138,0,0,1481,19901,166,2436,1481,22337,California
Kern,2021-01-19,1871,26641,1034,13666,837,12975,0,0,1403,20837,468,2904,1404,23741,California
Kern,2021-01-20,2739,29380,1793,15459,946,13921,0,0,1956,22017,778,3682,1958,25699,California
Kern,2021-01-21,2141,31521,874,16333,1267,15188,0,0,1943,23763,197,3879,1943,27642,California
Kern,2021-01-22,2737,34258,1316,17649,1421,16609,0,0,2454,25935,282,4161,2454,30096,California
Kern,2021-01-23,1259,35517,544,18193,715,17324,0,0,1209,27094,50,4211,1209,31305,California
Kern,2021-01-24,155,35672,12,18205,143,17467,0,0,149,27237,6,4217,149,31454,California
Kern,2021-01-25,2381,38053,1084,19289,1297,18764,0,0,1895,28649,484,4701,1896,33350,California
Kern,2021-01-26,2789,40842,1132,20421,1657,20421,0,0,1927,29715,861,5562,1927,35277,California
Kern,2021-01-27,3561,44403,1894,22315,1667,22088,0,0,2861,31879,697,6259,2861,38138,California
Kern,2021-01-28,2898,47301,1362,23677,1536,23624,0,0,2464,33917,429,6688,2467,40605,California
Kern,2021-01-29,3794,51095,1801,25478,1993,25617,0,0,3244,36614,547,7235,3244,43849,California
Kern,2021-01-30,1334,52429,500,25978,834,26451,0,0,1281,37844,51,7286,1281,45130,California
Kern,2021-01-31,400,52829,273,26251,127,26578,0,0,265,37974,135,7421,265,45395,California
Kern,2021-02-01,2582,55411,972,27223,1610,28188,0,0,1867,39131,712,8133,1869,47264,California
Kern,2021-02-02,2766,58177,805,28028,1961,30149,0,0,2056,40478,710,8843,2057,49321,California
Kern,2021-02-03,3696,61873,1552,29580,2144,32293,0,0,2710,42209,979,9822,2710,52031,California
Kern,2021-02-04,3828,65701,1451,31031,2377,34670,0,0,2587,43566,1230,11052,2587,54618,California
Kern,2021-02-05,4877,70578,1989,33020,2888,37558,0,0,3104,44916,1754,12806,3104,57722,California
Kern,2021-02-06,1751,72329,770,33790,981,38539,0,0,1516,46201,231,13037,1516,59238,California
Kern,2021-02-07,285,72614,152,33942,133,38672,0,0,266,46450,17,13054,266,59504,California
Kern,2021-02-08,2572,75186,789,34731,1783,40455,0,0,1258,46413,1296,14350,1259,60763,California
Kern,2021-02-09,3046,78232,978,35709,2068,42523,0,0,1468,46314,1567,15917,1468,62231,California
Kern,2021-02-10,3837,82069,1675,37384,2162,44685,0,0,1873,46241,1946,17863,1873,64104,California
Kern,2021-02-11,4296,86365,1541,38925,2755,47440,0,0,2231,46423,2052,19915,2234,66338,California
Kern,2021-02-12,5011,91376,1910,40835,3101,50541,0,0,2489,46405,2507,22422,2489,68827,California
Kern,2021-02-13,2020,93396,736,41571,1284,51825,0,0,1164,46716,853,23275,1164,69991,California
Kern,2021-02-14,354,93750,12,41583,342,52167,0,0,272,46907,81,23356,272,70263,California
Kern,2021-02-15,2770,96520,908,42491,1862,54029,0,0,1223,46592,1538,24894,1223,71486,California
Kern,2021-02-16,2967,99487,721,43212,2246,56275,0,0,1662,46959,1296,26190,1663,73149,California
Kern,2021-02-17,4119,103606,2100,45312,2019,58294,0,0,1941,46729,2172,28362,1942,75091,California
Kern,2021-02-18,3808,107414,1509,46821,2299,60593,0,0,1632,46197,2164,30526,1632,76723,California
Kern,2021-02-19,4248,111662,1936,48757,2312,62905,0,0,1763,45482,2478,33004,1763,78486,California
Kern,2021-02-20,2634,114296,984,49741,1650,64555,0,0,1373,45599,1256,34260,1373,79859,California
Kern,2021-02-21,278,114574,169,49910,109,64664,0,0,92,45508,184,34444,93,79952,California
Kern,2021-02-22,2796,117370,1228,51138,1568,66232,0,0,1499,45720,1287,35731,1499,81451,California
Kern,2021-02-23,3676,121046,1178,52316,2498,68730,0,0,2025,46097,1649,37380,2026,83477,California
Kern,2021-02-24,5386,126432,2376,54692,3010,71740,0,0,3190,47101,2186,39566,3190,86667,California
Kern,2021-02-25,5519,131951,2540,57232,2979,74719,0,0,3268,48141,2228,41794,3268,89935,California
Kern,2021-02-26,7069,139020,3612,60844,3457,78176,0,0,4462,50004,2601,44395,4464,94399,California
Kern,2021-02-27,4018,143038,1998,62842,2020,80196,0,0,2642,51280,1366,45761,2642,97041,California
Kern,2021-02-28,918,143956,504,63346,413,80609,1,1,695,51756,220,45981,696,97737,California
Kern,2021-03-01,4022,147978,1828,65174,2190,82799,4,5,2704,53157,1307,47288,2708,100445,California
Kern,2021-03-02,4549,152527,1420,66594,3125,85924,4,9,2994,54609,1543,48831,2995,103440,California
Kern,2021-03-03,6019,158546,2853,69447,3164,89088,2,11,3893,56393,2110,50941,3894,107334,California
Kern,2021-03-04,5712,164258,2283,71730,3424,92512,5,16,3701,58103,1994,52935,3704,111038,California
Kern,2021-03-05,6735,170993,2883,74613,3833,96345,19,35,4208,59814,2516,55451,4227,115265,California
Kern,2021-03-06,4776,175769,1927,76540,2738,99083,111,146,3482,62120,1287,56738,3593,118858,California
Kern,2021-03-07,2087,177856,1591,78131,425,99508,71,217,1872,63850,213,56951,1943,120801,California
Kern,2021-03-08,2922,180778,926,79057,1765,101273,231,448,1529,64218,1390,58341,1758,122559,California
Kern,2021-03-09,3750,184528,814,79871,2546,103819,390,838,2339,65539,1403,59744,2724,125283,California
Kern,2021-03-10,6173,190701,2570,82441,2523,106342,1080,1918,3609,67678,2548,62292,4687,129970,California
Kern,2021-03-11,6347,197048,2445,84886,2873,109215,1029,2947,3772,69910,2564,64856,4796,134766,California
Kern,2021-03-12,7872,204920,3085,87971,3432,112647,1355,4302,4332,72055,3528,68384,5673,140439,California
Kern,2021-03-13,4686,209606,2535,90506,1813,114460,338,4640,3257,74222,1422,69806,3589,144028,California
Kern,2021-03-14,2318,211924,1534,92040,537,114997,247,4887,1790,75727,527,70333,2032,146060,California
Kern,2021-03-15,4288,216212,1111,93151,2462,117459,715,5602,2181,76521,2094,72427,2888,148948,California
Kern,2021-03-16,4443,220655,1017,94168,2889,120348,537,6139,2413,77445,2019,74446,2943,151891,California
Kern,2021-03-17,7476,228131,4087,98255,2835,123183,554,6693,4453,79440,3011,77457,5006,156897,California
Kern,2021-03-18,7330,235461,3718,101973,3022,126205,590,7283,4405,81528,2903,80360,4991,161888,California
Kern,2021-03-19,9148,244609,5017,106990,3363,129568,768,8051,4675,82513,4451,84811,5436,167324,California
Kern,2021-03-20,6272,250881,3834,110824,2253,131821,185,8236,3953,84345,2307,87118,4139,171463,California
Kern,2021-03-21,3093,253974,1961,112785,246,132067,886,9122,1883,85909,1203,88321,2767,174230,California
Kern,2021-03-22,3997,257971,1570,114355,2070,134137,357,9479,1918,86123,2061,90382,2275,176505,California
Kern,2021-03-23,4757,262728,1682,116037,2874,137011,201,9680,2465,86524,2262,92644,2663,179168,California
Kern,2021-03-24,7202,269930,3686,119723,3039,140050,477,10157,3635,87086,3547,96191,4109,183277,California
Kern,2021-03-25,6804,276734,3013,122736,3456,143506,335,10492,3207,87048,3577,99768,3539,186816,California
Kern,2021-03-26,9900,286634,4432,127168,4208,147714,1260,11752,4685,87798,5194,104962,5944,192760,California
Kern,2021-03-27,5718,292352,3996,131164,1594,149308,128,11880,3446,89102,2269,107231,3573,196333,California
Kern,2021-03-28,4690,297042,4197,135361,479,149787,14,11894,2956,90340,1732,108963,2970,199303,California
Kern,2021-03-29,4260,301302,1681,137042,2301,152088,278,12172,2609,91587,1637,110600,2884,202187,California
Kern,2021-03-30,5610,306912,1877,138919,3345,155433,388,12560,3040,92446,2565,113165,3424,205611,California
Kern,2021-03-31,8463,315375,4576,143495,3230,158663,657,13217,4317,93292,4127,117292,4973,210584,California
Kern,2021-04-01,7937,323312,3886,147381,3739,162402,312,13529,4231,94154,3676,120968,4538,215122,California
Kern,2021-04-02,8471,331783,4460,151841,3400,165802,611,14140,4219,94743,4231,125199,4820,219942,California
Kern,2021-04-03,6006,337789,3674,155515,2149,167951,183,14323,2658,94243,3338,128537,2838,222780,California
Kern,2021-04-04,1340,339129,872,156387,383,168334,85,14408,471,93931,866,129403,554,223334,California
Kern,2021-04-05,5391,344520,2224,158611,2387,170721,780,15188,2903,95109,2474,131877,3652,226986,California
Kern,2021-04-06,7146,351666,2480,161091,3285,174006,1381,16569,3569,96502,3551,135428,4944,231930,California
Kern,2021-04-07,9404,361070,5483,166574,2957,176963,964,17533,4573,97226,4811,140239,5535,237465,California
Kern,2021-04-08,8682,369752,4807,171381,2959,179922,916,18449,3732,96939,4922,145161,4635,242100,California
Kern,2021-04-09,10298,380050,5152,176533,4149,184071,997,19446,4361,96384,5907,151068,5352,247452,California
Kern,2021-04-10,6605,386655,3465,179998,1891,185962,1249,20695,2141,95317,4452,155520,3385,250837,California
Kern,2021-04-11,4000,390655,2922,182920,372,186334,706,21401,1279,94586,2707,158227,1976,252813,California
Kern,2021-04-12,4426,395081,994,183914,2457,188791,975,22376,1586,94330,2815,161042,2559,255372,California
Kern,2021-04-13,4324,399405,1428,185342,2870,191661,26,22402,2134,94314,2175,163217,2159,257531,California
Kern,2021-04-14,6120,405525,3012,188354,3086,194747,22,22424,3017,94267,3085,166302,3038,260569,California
Kern,2021-04-15,5321,410846,2497,190851,2821,197568,3,22427,2519,94004,2785,169087,2522,263091,California
Kern,2021-04-16,7329,418175,3479,194330,3849,201417,1,22428,2996,92700,4304,173391,3000,266091,California
Kern,2021-04-17,6017,424192,3948,198278,2069,203486,0,22428,2111,90926,3887,177278,2113,268204,California
Kern,2021-04-18,3900,428092,3654,201932,246,203732,0,22428,942,88920,2948,180226,942,269146,California
Kern,2021-04-19,3872,431964,1750,203682,2120,205852,2,22430,1445,87960,2405,182631,1445,270591,California
Kern,2021-04-20,4489,436453,1667,205349,2820,208672,2,22432,1722,86939,2744,185375,1723,272314,California
Kern,2021-04-21,6031,442484,3267,208616,2759,211431,5,22437,2211,85363,3790,189165,2214,274528,California
Kern,2021-04-22,4889,447373,2394,211010,2495,213926,0,22437,1742,83985,3121,192286,1743,276271,California
Kern,2021-04-23,6229,453602,3091,214101,3137,217063,1,22438,1951,81703,4237,196523,1955,278226,California
Kern,2021-04-24,4024,457626,2808,216909,1205,218268,11,22449,1446,80604,2557,199080,1458,279684,California
Kern,2021-04-25,1404,459030,1117,218026,287,218555,0,22449,828,80862,570,199650,828,280512,California
Kern,2021-04-26,3907,462937,1870,219896,1986,220541,51,22500,1081,79179,2817,202467,1134,281646,California
Kern,2021-04-27,4836,467773,2366,222262,2362,222903,108,22608,1495,77453,3326,205793,1600,283246,California
Kern,2021-04-28,6427,474200,3829,226091,2475,225378,123,22731,1873,74914,4533,210326,1994,285240,California
Kern,2021-04-29,5628,479828,3168,229259,2361,227739,99,22830,1690,72789,3915,214241,1790,287030,California
Kern,2021-04-30,5715,485543,3228,232487,2328,230067,159,22989,1683,70614,4016,218257,1841,288871,California
Kern,2021-05-01,2728,488271,1933,234420,736,230803,59,23048,1088,70134,1626,219883,1146,290017,California
Kern,2021-05-02,1893,490164,1603,236023,268,231071,22,23070,691,69652,1195,221078,713,290730,California
Kern,2021-05-03,2560,492724,1033,237056,1393,232464,134,23204,790,68823,1754,222832,925,291655,California
Kern,2021-05-04,3746,496470,1357,238413,2280,234744,109,23313,1318,67836,2412,225244,1425,293080,California
Kern,2021-05-05,4234,500704,2201,240614,1881,236625,152,23465,1406,66583,2809,228053,1556,294636,California
Kern,2021-05-06,3663,504367,1685,242299,1833,238458,145,23610,1149,65385,2488,230541,1290,295926,California
Kern,2021-05-07,4648,509015,2332,244631,2140,240598,176,23786,1307,63559,3308,233849,1482,297408,California
Kern,2021-05-08,2942,511957,1852,246483,974,241572,116,23902,914,62573,2014,235863,1028,298436,California
Kern,2021-05-09,1355,513312,1181,247664,145,241717,29,23931,442,62140,904,236767,471,298907,California
Kern,2021-05-10,2320,515632,914,248578,1302,243019,104,24035,684,61310,1616,238383,786,299693,California
Kern,2021-05-11,2743,518375,989,249567,1628,244647,126,24161,993,60693,1737,240120,1120,300813,California
Kern,2021-05-12,3669,522044,1479,251046,2039,246686,151,24312,1151,59491,2502,242622,1300,302113,California
Kern,2021-05-13,3545,525589,1866,252912,1525,248211,154,24466,1646,59402,1885,244507,1796,303909,California
Kern,2021-05-14,4341,529930,2577,255489,1541,249752,223,24689,1996,59295,2325,246832,2218,306127,California
Kern,2021-05-15,2944,532874,1919,257408,937,250689,88,24777,1565,59584,1363,248195,1652,307779,California
Kern,2021-05-16,1616,534490,1386,258794,190,250879,40,24817,936,59886,674,248869,976,308755,California
Kern,2021-05-17,2340,536830,1011,259805,1182,252061,147,24964,1180,60066,1146,250015,1326,310081,California
Kern,2021-05-18,3232,540062,1499,261304,1601,253662,132,25096,1629,60234,1590,251605,1758,311839,California
Kern,2021-05-19,3844,543906,2395,263699,1320,254982,129,25225,1786,60102,2044,253649,1912,313751,California
Kern,2021-05-20,3127,547033,1698,265397,1285,256267,144,25369,1403,59946,1701,255350,1545,315296,California
Kern,2021-05-21,3654,550687,2210,267607,1309,257576,135,25504,1814,60081,1814,257164,1949,317245,California
Kern,2021-05-22,2961,553648,2304,269911,608,258184,49,25553,1400,59979,1548,258712,1446,318691,California
Kern,2021-05-23,1307,554955,1110,271021,171,258355,26,25579,687,60079,612,259324,712,319403,California
Kern,2021-05-24,1906,556861,821,271842,970,259325,115,25694,897,60088,1002,260326,1011,320414,California
Kern,2021-05-25,2406,559267,1115,272957,1202,260527,89,25783,1110,60004,1282,261608,1198,321612,California
Kern,2021-05-26,2794,562061,1616,274573,1076,261603,102,25885,1197,59720,1581,263189,1297,322909,California
Kern,2021-05-27,2418,564479,1246,275819,1068,262671,104,25989,1267,59959,1130,264319,1369,324278,California
Kern,2021-05-28,2729,567208,1385,277204,1233,263904,111,26100,1261,59876,1453,265772,1370,325648,California
Kern,2021-05-29,1910,569118,1264,278468,597,264501,49,26149,935,59898,962,266734,984,326632,California
Kern,2021-05-30,866,569984,708,279176,139,264640,19,26168,436,59930,422,267156,454,327086,California
Kern,2021-05-31,148,570132,49,279225,88,264728,11,26179,56,59907,89,267245,66,327152,California
Kern,2021-06-01,2290,572422,952,280177,1267,265995,71,26250,966,59636,1307,268552,1036,328188,California
Kern,2021-06-02,2251,574673,1303,281480,842,266837,106,26356,942,59387,1297,269849,1048,329236,California
Kern,2021-06-03,2379,577052,1338,282818,885,267722,156,26512,862,58899,1505,271354,1017,330253,California
Kern,2021-06-04,2971,580023,1928,284746,931,268653,112,26624,871,57807,2074,273428,982,331235,California
Kern,2021-06-05,2537,582560,2047,286793,456,269109,34,26658,794,56902,1733,275161,828,332063,California
Kern,2021-06-06,1236,583796,1131,287924,82,269191,23,26681,411,56516,820,275981,434,332497,California
Kern,2021-06-07,1824,585620,1134,289058,593,269784,97,26778,686,56173,1124,277105,781,333278,California
Kern,2021-06-08,2127,587747,1238,290296,817,270601,72,26850,647,55430,1461,278566,718,333996,California
Kern,2021-06-09,2630,590377,1845,292141,696,271297,89,26939,823,54546,1795,280361,911,334907,California
Kern,2021-06-10,2243,592620,1386,293527,756,272053,101,27040,786,53987,1444,281805,885,335792,California
Kern,2021-06-11,2860,595480,1916,295443,852,272905,92,27132,1075,53384,1771,283576,1168,336960,California
Kern,2021-06-12,1788,597268,1327,296770,411,273316,50,27182,531,52712,1253,284829,581,337541,California
Kern,2021-06-13,934,598202,817,297587,110,273426,7,27189,271,52330,661,285490,279,337820,California
Kern,2021-06-14,1860,600062,1133,298720,630,274056,97,27286,643,51861,1207,286697,738,338558,California
Kern,2021-06-15,2120,602182,1186,299906,856,274912,78,27364,820,51466,1293,287990,898,339456,California
Kern,2021-06-16,2087,604269,1376,301282,634,275546,77,27441,823,51117,1248,289238,899,340355,California
Kern,2021-06-17,1894,606163,1185,302467,594,276140,115,27556,909,51167,975,290213,1025,341380,California
Kern,2021-06-18,2227,608390,1399,303866,709,276849,119,27675,955,50986,1254,291467,1073,342453,California
Kern,2021-06-19,1239,609629,890,304756,314,277163,35,27710,527,50846,701,292168,561,343014,California
Kern,2021-06-20,732,610361,610,305366,102,277265,20,27730,285,50704,447,292615,305,343319,California
Kern,2021-06-21,1245,611606,667,306033,500,277765,78,27808,670,50883,567,293182,746,344065,California
Kern,2021-06-22,1655,613261,880,306913,698,278463,77,27885,673,50662,971,294153,750,344815,California
Kern,2021-06-23,1726,614987,1103,308016,545,279008,78,27963,766,50563,941,295094,842,345657,California
Kern,2021-06-24,1593,616580,983,308999,521,279529,89,28052,680,50425,906,296000,768,346425,California
Kern,2021-06-25,1808,618388,1131,310130,585,280114,92,28144,853,50425,943,296943,943,347368,California
Kern,2021-06-26,1326,619714,989,311119,305,280419,32,28176,569,50273,752,297695,600,347968,California
Kern,2021-06-27,611,620325,515,311634,82,280501,14,28190,264,50208,343,298038,278,348246,California
Kern,2021-06-28,1149,621474,763,312397,298,280799,88,28278,506,50170,630,298668,592,348838,California
Kern,2021-06-29,1398,622872,715,313112,593,281392,90,28368,609,50089,778,299446,697,349535,California
Kern,2021-06-30,1585,624457,1064,314176,439,281831,82,28450,811,50213,770,300216,894,350429,California
Kern,2021-07-01,1383,625840,880,315056,439,282270,64,28514,631,50160,748,300964,695,351124,California
Kern,2021-07-02,1743,627583,1165,316221,506,282776,72,28586,796,50094,931,301895,865,351989,California
Kern,2021-07-03,994,628577,696,316917,258,283034,40,28626,487,50119,502,302397,527,352516,California
Kern,2021-07-04,132,628709,98,317015,34,283068,0,28626,63,50114,68,302465,63,352579,California
Kern,2021-07-05,653,629362,398,317413,230,283298,25,28651,294,50078,355,302820,319,352898,California
Kern,2021-07-06,1505,630867,868,318281,555,283853,82,28733,649,49962,847,303667,731,353629,California
Kern,2021-07-07,1418,632285,939,319220,414,284267,65,28798,603,49822,806,304473,666,354295,California
Kern,2021-07-08,1446,633731,952,320172,427,284694,67,28865,564,49576,877,305350,631,354926,California
Kern,2021-07-09,1557,635288,972,321144,516,285210,69,28934,697,49489,852,306202,765,355691,California
Kern,2021-07-10,518,635806,374,321518,135,285345,9,28943,264,49511,251,306453,273,355964,California
Kings,2020-12-16,1,1,1,1,0,0,0,0,1,1,0,0,1,1,California
Kings,2020-12-17,8,9,8,9,0,0,0,0,8,9,0,0,8,9,California
Kings,2020-12-18,12,21,12,21,0,0,0,0,12,21,0,0,12,21,California
Kings,2020-12-19,12,33,12,33,0,0,0,0,12,33,0,0,12,33,California
Kings,2020-12-20,13,46,13,46,0,0,0,0,13,46,0,0,13,46,California
Kings,2020-12-21,157,203,157,203,0,0,0,0,268,314,0,0,268,314,California
Kings,2020-12-22,138,341,138,341,0,0,0,0,135,449,0,0,135,449,California
Kings,2020-12-23,136,477,122,463,14,14,0,0,137,586,0,0,137,586,California
Kings,2020-12-24,11,488,9,472,2,16,0,0,11,597,0,0,11,597,California
Kings,2020-12-26,7,495,4,476,3,19,0,0,7,604,0,0,7,604,California
Kings,2020-12-27,4,499,4,480,0,19,0,0,4,608,0,0,4,608,California
Kings,2020-12-28,131,630,103,583,28,47,0,0,132,740,0,0,132,740,California
Kings,2020-12-29,83,713,55,638,28,75,0,0,84,824,0,0,84,824,California
Kings,2020-12-30,150,863,109,747,41,116,0,0,150,974,0,0,150,974,California
Kings,2020-12-31,45,908,6,753,39,155,0,0,45,1019,0,0,45,1019,California
Kings,2021-01-01,1,909,0,753,1,156,0,0,1,1020,0,0,1,1020,California
Kings,2021-01-02,11,920,9,762,2,158,0,0,11,1031,0,0,11,1031,California
Kings,2021-01-03,1,921,1,763,0,158,0,0,1,1032,0,0,1,1032,California
Kings,2021-01-04,112,1033,41,804,71,229,0,0,112,1144,0,0,112,1144,California
Kings,2021-01-05,195,1228,39,843,156,385,0,0,195,1339,0,0,195,1339,California
Kings,2021-01-06,278,1506,179,1022,99,484,0,0,275,1611,3,3,275,1614,California
Kings,2021-01-07,181,1687,82,1104,99,583,0,0,173,1776,8,11,173,1787,California
Kings,2021-01-08,249,1936,55,1159,194,777,0,0,229,1985,20,31,229,2016,California
Kings,2021-01-09,63,1999,9,1168,54,831,0,0,55,2032,8,39,55,2071,California
Kings,2021-01-10,15,2014,3,1171,12,843,0,0,12,2041,3,42,12,2083,California
Kings,2021-01-11,517,2531,353,1524,164,1007,0,0,276,2077,241,283,277,2360,California
Kings,2021-01-12,347,2878,251,1775,96,1103,0,0,216,2165,128,411,216,2576,California
Kings,2021-01-13,422,3300,275,2050,147,1250,0,0,331,2405,91,502,331,2907,California
Kings,2021-01-14,209,3509,29,2079,180,1430,0,0,199,2584,21,523,200,3107,California
Kings,2021-01-15,418,3927,30,2109,388,1818,0,0,406,2978,12,535,406,3513,California
Kings,2021-01-16,28,3955,9,2118,19,1837,0,0,27,3004,1,536,27,3540,California
Kings,2021-01-17,12,3967,9,2127,3,1840,0,0,10,3012,2,538,10,3550,California
Kings,2021-01-18,173,4140,41,2168,132,1972,0,0,147,3133,26,564,147,3697,California
Kings,2021-01-19,379,4519,159,2327,220,2192,0,0,252,3258,127,691,252,3949,California
Kings,2021-01-20,255,4774,162,2489,93,2285,0,0,135,3278,115,806,135,4084,California
Kings,2021-01-21,211,4985,57,2546,154,2439,0,0,194,3453,19,825,194,4278,California
Kings,2021-01-22,106,5091,17,2563,89,2528,0,0,105,3553,5,830,105,4383,California
Kings,2021-01-23,25,5116,13,2576,12,2540,0,0,19,3566,6,836,19,4402,California
Kings,2021-01-24,4,5120,4,2580,0,2540,0,0,2,3566,2,838,2,4404,California
Kings,2021-01-25,155,5275,55,2635,100,2640,0,0,92,3595,63,901,92,4496,California
Kings,2021-01-26,172,5447,52,2687,120,2760,0,0,113,3649,59,960,113,4609,California
Kings,2021-01-27,356,5803,61,2748,295,3055,0,0,252,3798,103,1063,252,4861,California
Kings,2021-01-28,361,6164,74,2822,287,3342,0,0,276,3989,85,1148,276,5137,California
Kings,2021-01-29,114,6278,28,2850,86,3428,0,0,96,4067,18,1166,96,5233,California
Kings,2021-01-30,1568,7846,28,2878,1540,4968,0,0,1564,5629,4,1170,1566,6799,California
Kings,2021-01-31,1,7847,1,2879,0,4968,0,0,1,5630,0,1170,1,6800,California
Kings,2021-02-01,241,8088,87,2966,154,5122,0,0,92,5575,147,1317,92,6892,California
Kings,2021-02-02,341,8429,109,3075,232,5354,0,0,96,5427,244,1561,96,6988,California
Kings,2021-02-03,479,8908,271,3346,208,5562,0,0,236,5421,242,1803,236,7224,California
Kings,2021-02-04,466,9374,131,3477,335,5897,0,0,229,5414,236,2039,229,7453,California
Kings,2021-02-05,338,9712,57,3534,281,6178,0,0,178,5435,157,2196,178,7631,California
Kings,2021-02-06,61,9773,10,3544,51,6229,0,0,28,5430,33,2229,28,7659,California
Kings,2021-02-07,6,9779,4,3548,2,6231,0,0,3,5430,3,2232,3,7662,California
Kings,2021-02-08,175,9954,29,3577,146,6377,0,0,68,5391,107,2339,68,7730,California
Kings,2021-02-09,257,10211,60,3637,197,6574,0,0,113,5362,142,2481,113,7843,California
Kings,2021-02-10,383,10594,113,3750,270,6844,0,0,258,5495,125,2606,258,8101,California
Kings,2021-02-11,530,11124,67,3817,463,7307,0,0,365,5696,164,2770,365,8466,California
Kings,2021-02-12,709,11833,36,3853,673,7980,0,0,352,5692,356,3126,352,8818,California
Kings,2021-02-13,245,12078,6,3859,239,8219,0,0,219,5885,26,3152,219,9037,California
Kings,2021-02-14,104,12182,4,3863,100,8319,0,0,96,5973,8,3160,96,9133,California
Kings,2021-02-15,247,12429,5,3868,242,8561,0,0,137,6001,109,3269,137,9270,California
Kings,2021-02-16,635,13064,34,3902,601,9162,0,0,359,6086,275,3544,360,9630,California
Kings,2021-02-17,441,13505,24,3926,417,9579,0,0,302,6250,139,3683,303,9933,California
Kings,2021-02-18,357,13862,22,3948,335,9914,0,0,215,6324,141,3824,215,10148,California
Kings,2021-02-19,226,14088,24,3972,202,10116,0,0,133,6367,90,3914,133,10281,California
Kings,2021-02-20,173,14261,41,4013,132,10248,0,0,135,6464,38,3952,135,10416,California
Kings,2021-02-21,3,14264,2,4015,1,10249,0,0,3,6467,0,3952,3,10419,California
Kings,2021-02-22,127,14391,21,4036,106,10355,0,0,59,6458,68,4020,59,10478,California
Kings,2021-02-23,439,14830,70,4106,369,10724,0,0,319,6657,120,4140,319,10797,California
Kings,2021-02-24,773,15603,170,4276,603,11327,0,0,537,6958,236,4376,537,11334,California
Kings,2021-02-25,843,16446,134,4410,709,12036,0,0,606,7329,235,4611,606,11940,California
Kings,2021-02-26,996,17442,137,4547,859,12895,0,0,907,8147,89,4700,907,12847,California
Kings,2021-02-27,1537,18979,67,4614,1470,14365,0,0,597,7805,939,5639,597,13444,California
Kings,2021-02-28,1207,20186,598,5212,609,14974,0,0,674,7950,531,6170,676,14120,California
Kings,2021-03-01,296,20482,90,5302,206,15180,0,0,223,8100,73,6243,223,14343,California
Kings,2021-03-02,591,21073,258,5560,333,15513,0,0,517,8545,74,6317,519,14862,California
Kings,2021-03-03,763,21836,327,5887,435,15948,1,1,536,8857,225,6542,537,15399,California
Kings,2021-03-04,849,22685,356,6243,493,16441,0,1,708,9425,141,6683,709,16108,California
Kings,2021-03-05,1196,23881,369,6612,818,17259,9,10,1043,10327,153,6836,1055,17163,California
Kings,2021-03-06,517,24398,187,6799,317,17576,13,23,486,10795,31,6867,499,17662,California
Kings,2021-03-07,428,24826,282,7081,138,17714,8,31,416,11207,12,6879,424,18086,California
Kings,2021-03-08,386,25212,98,7179,233,17947,55,86,266,11408,120,6999,321,18407,California
Kings,2021-03-09,703,25915,403,7582,245,18192,55,141,594,11950,108,7107,650,19057,California
Kings,2021-03-10,847,26762,270,7852,471,18663,106,247,577,12364,268,7375,682,19739,California
Kings,2021-03-11,1233,27995,449,8301,668,19331,116,363,772,12794,459,7834,889,20628,California
Kings,2021-03-12,1532,29527,449,8750,989,20320,94,457,985,13332,543,8377,1081,21709,California
Kings,2021-03-13,682,30209,335,9085,305,20625,42,499,557,13808,125,8502,601,22310,California
Kings,2021-03-14,675,30884,101,9186,185,20810,389,888,200,13922,475,8977,589,22899,California
Kings,2021-03-15,711,31595,267,9453,325,21135,119,1007,469,14272,241,9218,591,23490,California
Kings,2021-03-16,1202,32797,482,9935,658,21793,62,1069,754,14641,448,9666,817,24307,California
Kings,2021-03-17,1144,33941,424,10359,658,22451,62,1131,781,15129,363,10029,851,25158,California
Kings,2021-03-18,1185,35126,474,10833,488,22939,223,1354,750,15671,433,10462,975,26133,California
Kings,2021-03-19,1007,36133,465,11298,451,23390,91,1445,722,16215,284,10746,828,26961,California
Kings,2021-03-20,644,36777,257,11555,355,23745,32,1477,463,16540,178,10924,503,27464,California
Kings,2021-03-21,1424,38201,1091,12646,321,24066,12,1489,864,16856,560,11484,876,28340,California
Kings,2021-03-22,450,38651,199,12845,165,24231,86,1575,265,17027,184,11668,355,28695,California
Kings,2021-03-23,1048,39699,507,13352,477,24708,64,1639,548,17145,498,12166,616,29311,California
Kings,2021-03-24,1097,40796,486,13838,588,25296,23,1662,495,17065,600,12766,520,29831,California
Kings,2021-03-25,1053,41849,471,14309,555,25851,27,1689,441,16922,610,13376,467,30298,California
Kings,2021-03-26,1415,43264,381,14690,944,26795,90,1779,396,16394,1014,14390,486,30784,California
Kings,2021-03-27,644,43908,259,14949,373,27168,12,1791,148,16060,494,14884,160,30944,California
Kings,2021-03-28,674,44582,602,15551,65,27233,7,1798,347,16100,327,15211,367,31311,California
Kings,2021-03-29,473,45055,213,15764,199,27432,61,1859,259,16207,212,15423,319,31630,California
Kings,2021-03-30,967,46022,549,16313,379,27811,39,1898,430,16139,536,15959,468,32098,California
Kings,2021-03-31,937,46959,491,16804,372,28183,74,1972,420,16123,509,16468,493,32591,California
Kings,2021-04-01,931,47890,503,17307,339,28522,89,2061,355,15998,569,17037,444,33035,California
Kings,2021-04-02,1125,49015,455,17762,544,29066,126,2187,395,15794,724,17761,520,33555,California
Kings,2021-04-03,495,49510,349,18111,137,29203,9,2196,172,15659,317,18078,182,33737,California
Kings,2021-04-04,156,49666,82,18193,68,29271,6,2202,41,15592,114,18192,47,33784,California
Kings,2021-04-05,1063,50729,327,18520,481,29752,255,2457,240,15264,822,19014,494,34278,California
Kings,2021-04-06,1273,52002,504,19024,455,30207,314,2771,284,14875,986,20000,597,34875,California
Kings,2021-04-07,1381,53383,656,19680,539,30746,186,2957,334,14351,1044,21044,520,35395,California
Kings,2021-04-08,1632,55015,638,20318,741,31487,253,3210,374,13728,1250,22294,627,36022,California
Kings,2021-04-09,1242,56257,591,20909,470,31957,181,3391,236,13138,1004,23298,414,36436,California
Kings,2021-04-10,595,56852,333,21242,160,32117,102,3493,175,12996,418,23716,276,36712,California
Kings,2021-04-11,355,57207,76,21318,272,32389,7,3500,196,13042,157,23873,203,36915,California
Kings,2021-04-12,710,57917,315,21633,192,32581,203,3703,194,12925,514,24387,397,37312,California
Kings,2021-04-13,918,58835,526,22159,392,32973,0,3703,294,12602,622,25009,299,37611,California
Kings,2021-04-14,1050,59885,580,22739,470,33443,0,3703,378,12309,672,25681,379,37990,California
Kings,2021-04-15,1064,60949,525,23264,538,33981,1,3704,451,12152,609,26290,452,38442,California
Kings,2021-04-16,797,61746,364,23628,433,34414,0,3704,261,11880,534,26824,262,38704,California
Kings,2021-04-17,457,62203,243,23871,214,34628,0,3704,183,11790,273,27097,183,38887,California
Kings,2021-04-18,571,62774,246,24117,325,34953,0,3704,44,11307,527,27624,44,38931,California
Kings,2021-04-19,629,63403,386,24503,243,35196,0,3704,296,11273,330,27954,296,39227,California
Kings,2021-04-20,756,64159,462,24965,294,35490,0,3704,243,11004,512,28466,243,39470,California
Kings,2021-04-21,697,64856,353,25318,344,35834,0,3704,244,10803,445,28911,244,39714,California
Kings,2021-04-22,575,65431,293,25611,282,36116,0,3704,210,10652,362,29273,211,39925,California
Kings,2021-04-23,677,66108,298,25909,379,36495,0,3704,330,10639,343,29616,330,40255,California
Kings,2021-04-24,247,66355,179,26088,67,36562,1,3705,119,10632,127,29743,120,40375,California
Kings,2021-04-25,202,66557,183,26271,19,36581,0,3705,165,10760,37,29780,165,40540,California
Kings,2021-04-26,325,66882,176,26447,146,36727,3,3708,201,10840,124,29904,204,40744,California
Kings,2021-04-27,436,67318,196,26643,221,36948,19,3727,186,10797,248,30152,205,40949,California
Kings,2021-04-28,523,67841,263,26906,240,37188,20,3747,270,10834,253,30405,290,41239,California
Kings,2021-04-29,302,68143,125,27031,165,37353,12,3759,141,10829,158,30563,153,41392,California
Kings,2021-04-30,375,68518,167,27198,191,37544,17,3776,155,10785,216,30779,172,41564,California
Kings,2021-05-01,227,68745,166,27364,51,37595,10,3786,72,10713,154,30933,82,41646,California
Kings,2021-05-02,170,68915,148,27512,22,37617,0,3786,127,10797,43,30976,127,41773,California
Kings,2021-05-03,475,69390,252,27764,210,37827,13,3799,122,10580,352,31328,135,41908,California
Kings,2021-05-04,528,69918,272,28036,236,38063,20,3819,161,10395,366,31694,181,42089,California
Kings,2021-05-05,566,70484,301,28337,245,38308,20,3839,143,10136,422,32116,163,42252,California
Kings,2021-05-06,572,71056,290,28627,258,38566,24,3863,132,9854,438,32554,156,42408,California
Kings,2021-05-07,366,71422,210,28837,142,38708,14,3877,148,9800,216,32770,162,42570,California
Kings,2021-05-08,243,71665,178,29015,53,38761,12,3889,85,9739,157,32927,96,42666,California
Kings,2021-05-09,191,71856,63,29078,128,38889,0,3889,40,9628,151,33078,40,42706,California
Kings,2021-05-10,346,72202,268,29346,68,38957,10,3899,114,9521,230,33308,123,42829,California
Kings,2021-05-11,387,72589,239,29585,119,39076,29,3928,116,9397,270,33578,146,42975,California
Kings,2021-05-12,400,72989,163,29748,223,39299,14,3942,164,9341,234,33812,178,43153,California
Kings,2021-05-13,412,73401,168,29916,236,39535,8,3950,171,9280,240,34052,179,43332,California
Kings,2021-05-14,463,73864,316,30232,116,39651,31,3981,239,9327,223,34275,270,43602,California
Kings,2021-05-15,355,74219,256,30488,82,39733,17,3998,198,9385,157,34432,215,43817,California
Kings,2021-05-16,247,74466,221,30709,25,39758,1,3999,75,9289,172,34604,76,43893,California
Kings,2021-05-17,408,74874,324,31033,67,39825,17,4016,211,9321,196,34800,228,44121,California
Kings,2021-05-18,399,75273,284,31317,102,39927,13,4029,227,9390,172,34972,241,44362,California
Kings,2021-05-19,576,75849,283,31600,271,40198,22,4051,229,9296,345,35317,251,44613,California
Kings,2021-05-20,451,76300,237,31837,187,40385,27,4078,260,9393,191,35508,288,44901,California
Kings,2021-05-21,518,76818,262,32099,245,40630,11,4089,263,9416,251,35759,274,45175,California
Kings,2021-05-22,305,77123,246,32345,47,40677,12,4101,217,9559,86,35845,229,45404,California
Kings,2021-05-23,233,77356,225,32570,8,40685,0,4101,106,9538,127,35972,106,45510,California
Kings,2021-05-24,262,77618,175,32745,72,40757,15,4116,125,9541,137,36109,140,45650,California
Kings,2021-05-25,404,78022,267,33012,104,40861,33,4149,234,9640,168,36277,267,45917,California
Kings,2021-05-26,306,78328,126,33138,163,41024,17,4166,122,9596,183,36460,139,46056,California
Kings,2021-05-27,325,78653,176,33314,131,41155,18,4184,177,9646,145,36605,195,46251,California
Kings,2021-05-28,288,78941,140,33454,130,41285,18,4202,131,9642,153,36758,149,46400,California
Kings,2021-05-29,174,79115,101,33555,62,41347,11,4213,87,9654,86,36844,98,46498,California
Kings,2021-05-30,133,79248,116,33671,15,41362,2,4215,71,9665,62,36906,73,46571,California
Kings,2021-05-31,40,79288,21,33692,16,41378,3,4218,15,9658,25,36931,18,46589,California
Kings,2021-06-01,317,79605,187,33879,114,41492,16,4234,119,9598,194,37125,134,46723,California
Kings,2021-06-02,276,79881,125,34004,144,41636,7,4241,85,9502,188,37313,92,46815,California
Kings,2021-06-03,226,80107,127,34131,88,41724,11,4252,69,9433,149,37462,80,46895,California
Kings,2021-06-04,427,80534,284,34415,129,41853,14,4266,152,9328,271,37733,166,47061,California
Kings,2021-06-05,258,80792,224,34639,27,41880,7,4273,62,9214,183,37916,69,47130,California
Kings,2021-06-06,162,80954,154,34793,3,41883,5,4278,81,9223,77,37993,86,47216,California
Kings,2021-06-07,294,81248,226,35019,54,41937,14,4292,96,9134,198,38191,109,47325,California
Kings,2021-06-08,313,81561,240,35259,53,41990,20,4312,78,8999,233,38424,98,47423,California
Kings,2021-06-09,401,81962,268,35527,124,42114,9,4321,117,8844,281,38705,126,47549,California
Kings,2021-06-10,341,82303,223,35750,105,42219,13,4334,82,8680,259,38964,95,47644,California
Kings,2021-06-11,376,82679,283,36033,90,42309,3,4337,146,8604,225,39189,149,47793,California
Kings,2021-06-12,268,82947,220,36253,44,42353,4,4341,69,8494,183,39372,73,47866,California
Kings,2021-06-13,127,83074,118,36371,8,42361,1,4342,34,8437,92,39464,35,47901,California
Kings,2021-06-14,240,83314,172,36543,46,42407,22,4364,97,8413,143,39607,119,48020,California
Kings,2021-06-15,255,83569,182,36725,62,42469,11,4375,88,8346,166,39773,99,48119,California
Kings,2021-06-16,255,83824,131,36856,116,42585,8,4383,90,8287,158,39931,99,48218,California
Kings,2021-06-17,208,84032,111,36967,87,42672,10,4393,81,8251,127,40058,91,48309,California
Kings,2021-06-18,253,84285,174,37141,70,42742,9,4402,118,8243,135,40193,127,48436,California
Kings,2021-06-19,102,84387,69,37210,28,42770,5,4407,41,8228,61,40254,46,48482,California
Kings,2021-06-20,84,84471,69,37279,9,42779,6,4413,28,8206,56,40310,34,48516,California
Kings,2021-06-21,181,84652,97,37376,53,42832,31,4444,97,8250,84,40394,128,48644,California
Kings,2021-06-22,199,84851,128,37504,63,42895,8,4452,82,8223,117,40511,90,48734,California
Kings,2021-06-23,197,85048,94,37598,88,42983,15,4467,86,8214,110,40621,101,48835,California
Kings,2021-06-24,145,85193,68,37666,72,43055,5,4472,56,8187,88,40709,61,48896,California
Kings,2021-06-25,311,85504,219,37885,83,43138,9,4481,153,8192,157,40866,162,49058,California
Kings,2021-06-26,124,85628,82,37967,38,43176,4,4485,53,8178,71,40937,57,49115,California
Kings,2021-06-27,118,85746,111,38078,6,43182,1,4486,38,8140,77,41014,39,49154,California
Kings,2021-06-28,192,85938,138,38216,37,43219,17,4503,81,8127,111,41125,98,49252,California
Kings,2021-06-29,177,86115,131,38347,36,43255,10,4513,86,8134,89,41214,96,49348,California
Kings,2021-06-30,191,86306,117,38464,66,43321,8,4521,87,8125,104,41318,95,49443,California
Kings,2021-07-01,133,86439,89,38553,37,43358,7,4528,64,8129,67,41385,71,49514,California
Kings,2021-07-02,183,86622,118,38671,56,43414,9,4537,90,8135,93,41478,99,49613,California
Kings,2021-07-03,105,86727,84,38755,20,43434,1,4538,54,8139,51,41529,55,49668,California
Kings,2021-07-04,4,86731,0,38755,4,43438,0,4538,3,8141,1,41530,3,49671,California
Kings,2021-07-05,94,86825,56,38811,26,43464,12,4550,47,8153,47,41577,59,49730,California
Kings,2021-07-06,217,87042,158,38969,48,43512,11,4561,84,8115,133,41710,95,49825,California
Kings,2021-07-07,236,87278,135,39104,89,43601,12,4573,118,8128,117,41827,130,49955,California
Kings,2021-07-08,205,87483,126,39230,71,43672,8,4581,85,8102,119,41946,93,50048,California
Kings,2021-07-09,200,87683,116,39346,81,43753,3,4584,101,8109,97,42043,104,50152,California
Kings,2021-07-10,36,87719,22,39368,9,43762,5,4589,14,8106,22,42065,19,50171,California
Lake,2020-12-17,4,4,4,4,0,0,0,0,4,4,0,0,4,4,California
Lake,2020-12-18,50,54,50,54,0,0,0,0,50,54,0,0,50,54,California
Lake,2020-12-19,3,57,3,57,0,0,0,0,3,57,0,0,3,57,California
Lake,2020-12-20,6,63,6,63,0,0,0,0,6,63,0,0,6,63,California
Lake,2020-12-21,87,150,87,150,0,0,0,0,87,150,0,0,87,150,California
Lake,2020-12-22,63,213,60,210,3,3,0,0,63,213,0,0,63,213,California
Lake,2020-12-23,124,337,115,325,9,12,0,0,124,337,0,0,124,337,California
Lake,2020-12-24,2,339,0,325,2,14,0,0,2,339,0,0,2,339,California
Lake,2020-12-26,2,341,2,327,0,14,0,0,2,341,0,0,2,341,California
Lake,2020-12-27,2,343,2,329,0,14,0,0,2,343,0,0,2,343,California
Lake,2020-12-28,52,395,43,372,9,23,0,0,52,395,0,0,52,395,California
Lake,2020-12-29,52,447,47,419,5,28,0,0,52,447,0,0,52,447,California
Lake,2020-12-30,131,578,122,541,9,37,0,0,131,578,0,0,131,578,California
Lake,2020-12-31,67,645,64,605,3,40,0,0,67,645,0,0,67,645,California
Lake,2021-01-01,4,649,1,606,3,43,0,0,4,649,0,0,4,649,California
Lake,2021-01-02,2,651,1,607,1,44,0,0,2,651,0,0,2,651,California
Lake,2021-01-04,89,740,21,628,68,112,0,0,89,740,0,0,89,740,California
Lake,2021-01-05,120,860,59,687,61,173,0,0,118,856,2,2,118,858,California
Lake,2021-01-06,103,963,64,751,39,212,0,0,101,955,2,4,101,959,California
Lake,2021-01-07,110,1073,86,837,24,236,0,0,101,1047,9,13,101,1060,California
Lake,2021-01-08,155,1228,126,963,29,265,0,0,104,1100,51,64,104,1164,California
Lake,2021-01-09,64,1292,62,1025,2,267,0,0,60,1156,4,68,60,1224,California
Lake,2021-01-10,3,1295,3,1028,0,267,0,0,0,1153,3,71,0,1224,California
Lake,2021-01-11,189,1484,150,1178,39,306,0,0,109,1182,80,151,109,1333,California
Lake,2021-01-12,81,1565,48,1226,33,339,0,0,58,1217,23,174,58,1391,California
Lake,2021-01-13,170,1735,115,1341,55,394,0,0,110,1267,60,234,110,1501,California
Lake,2021-01-14,151,1886,48,1389,103,497,0,0,129,1374,22,256,129,1630,California
Lake,2021-01-15,221,2107,95,1484,126,623,0,0,193,1539,28,284,193,1823,California
Lake,2021-01-16,137,2244,84,1568,53,676,0,0,135,1672,2,286,135,1958,California
Lake,2021-01-17,18,2262,6,1574,12,688,0,0,12,1678,6,292,12,1970,California
Lake,2021-01-18,246,2508,227,1801,19,707,0,0,125,1682,121,413,125,2095,California
Lake,2021-01-19,318,2826,121,1922,197,904,0,0,271,1907,47,460,272,2367,California
Lake,2021-01-20,427,3253,82,2004,345,1249,0,0,362,2205,64,524,362,2729,California
Lake,2021-01-21,441,3694,50,2054,391,1640,0,0,405,2574,36,560,405,3134,California
Lake,2021-01-22,322,4016,47,2101,275,1915,0,0,285,2822,37,597,285,3419,California
Lake,2021-01-23,127,4143,6,2107,121,2036,0,0,126,2947,1,598,126,3545,California
Lake,2021-01-24,5,4148,2,2109,3,2039,0,0,5,2952,0,598,5,3550,California
Lake,2021-01-25,260,4408,97,2206,163,2202,0,0,178,3048,82,680,178,3728,California
Lake,2021-01-26,432,4840,36,2242,396,2598,0,0,408,3432,24,704,408,4136,California
Lake,2021-01-27,364,5204,40,2282,324,2922,0,0,336,3741,28,732,337,4473,California
Lake,2021-01-28,498,5702,162,2444,336,3258,0,0,366,3977,130,862,366,4839,California
Lake,2021-01-29,654,6356,101,2545,553,3811,0,0,579,4481,75,937,579,5418,California
Lake,2021-01-30,557,6913,43,2588,514,4325,0,0,551,5026,6,943,551,5969,California
Lake,2021-01-31,15,6928,9,2597,6,4331,0,0,13,5037,2,945,13,5982,California
Lake,2021-02-01,182,7110,19,2616,163,4494,0,0,167,5189,15,960,167,6149,California
Lake,2021-02-02,567,7677,155,2771,412,4906,0,0,399,5420,168,1128,399,6548,California
Lake,2021-02-03,444,8121,33,2804,411,5317,0,0,340,5656,104,1232,340,6888,California
Lake,2021-02-04,121,8242,70,2874,51,5368,0,0,71,5677,50,1282,71,6959,California
Lake,2021-02-05,381,8623,72,2946,309,5677,0,0,286,5870,93,1375,286,7245,California
Lake,2021-02-06,276,8899,41,2987,235,5912,0,0,264,6122,12,1387,264,7509,California
Lake,2021-02-07,2,8901,1,2988,1,5913,0,0,2,6124,0,1387,2,7511,California
Lake,2021-02-08,278,9179,206,3194,72,5985,0,0,158,6162,120,1507,158,7669,California
Lake,2021-02-09,345,9524,25,3219,320,6305,0,0,299,6416,45,1552,299,7968,California
Lake,2021-02-10,356,9880,54,3273,302,6607,0,0,275,6610,81,1633,275,8243,California
Lake,2021-02-11,181,10061,18,3291,163,6770,0,0,60,6549,121,1754,60,8303,California
Lake,2021-02-12,377,10438,29,3320,348,7118,0,0,287,6747,89,1843,287,8590,California
Lake,2021-02-13,252,10690,8,3328,244,7362,0,0,239,6973,13,1856,239,8829,California
Lake,2021-02-14,22,10712,5,3333,17,7379,0,0,8,6967,14,1870,8,8837,California
Lake,2021-02-15,174,10886,14,3347,160,7539,0,0,9,6812,164,2034,9,8846,California
Lake,2021-02-16,429,11315,23,3370,406,7945,0,0,178,6739,251,2285,178,9024,California
Lake,2021-02-17,354,11669,56,3426,298,8243,0,0,73,6532,280,2565,73,9097,California
Lake,2021-02-18,466,12135,73,3499,393,8636,0,0,117,6301,348,2913,117,9214,California
Lake,2021-02-19,438,12573,29,3528,409,9045,0,0,95,6053,343,3256,95,9309,California
Lake,2021-02-20,299,12872,63,3591,236,9281,0,0,252,6259,46,3302,252,9561,California
Lake,2021-02-21,7,12879,7,3598,0,9281,0,0,0,6252,7,3309,0,9561,California
Lake,2021-02-22,141,13020,22,3620,119,9400,0,0,40,6191,101,3410,40,9601,California
Lake,2021-02-23,227,13247,16,3636,211,9611,0,0,29,6023,197,3607,29,9630,California
Lake,2021-02-24,1026,14273,431,4067,595,10206,0,0,469,5936,556,4163,469,10099,California
Lake,2021-02-25,771,15044,496,4563,275,10481,0,0,502,6172,266,4429,502,10601,California
Lake,2021-02-26,1024,16068,321,4884,703,11184,0,0,362,5876,658,5087,362,10963,California
Lake,2021-02-27,410,16478,98,4982,312,11496,0,0,326,6119,83,5170,326,11289,California
Lake,2021-02-28,21,16499,12,4994,9,11505,0,0,12,6122,9,5179,12,11301,California
Lake,2021-03-01,602,17101,55,5049,547,12052,0,0,449,6418,153,5332,449,11750,California
Lake,2021-03-02,747,17848,18,5067,729,12781,0,0,287,6247,458,5790,287,12037,California
Lake,2021-03-03,369,18217,196,5263,173,12954,0,0,147,6173,221,6011,147,12184,California
Lake,2021-03-04,579,18796,506,5769,73,13027,0,0,563,6720,16,6027,563,12747,California
Lake,2021-03-05,1047,19843,52,5821,995,14022,0,0,188,6053,855,6882,188,12935,California
Lake,2021-03-06,34,19877,9,5830,24,14046,1,1,21,6062,13,6895,22,12957,California
Lake,2021-03-07,9,19886,6,5836,2,14048,1,2,5,6064,4,6899,6,12963,California
Lake,2021-03-08,342,20228,266,6102,66,14114,10,12,299,6331,42,6941,309,13272,California
Lake,2021-03-09,932,21160,44,6146,871,14985,17,29,407,6234,522,7463,425,13697,California
Lake,2021-03-10,204,21364,60,6206,131,15116,13,42,134,6312,70,7533,148,13845,California
Lake,2021-03-11,587,21951,49,6255,65,15181,473,515,47,6290,540,8073,518,14363,California
Lake,2021-03-12,853,22804,202,6457,625,15806,26,541,360,6185,491,8564,386,14749,California
Lake,2021-03-13,283,23087,22,6479,25,15831,236,777,19,6176,263,8827,254,15003,California
Lake,2021-03-14,12,23099,3,6482,9,15840,0,777,8,6180,4,8831,8,15011,California
Lake,2021-03-15,642,23741,12,6494,612,16452,18,795,482,6521,159,8990,500,15511,California
Lake,2021-03-16,1116,24857,836,7330,263,16715,17,812,379,6183,733,9723,395,15906,California
Lake,2021-03-17,251,25108,123,7453,105,16820,23,835,91,6137,160,9883,114,16020,California
Lake,2021-03-18,749,25857,375,7828,337,17157,37,872,356,6139,390,10273,392,16412,California
Lake,2021-03-19,584,26441,317,8145,248,17405,19,891,476,6527,107,10380,495,16907,California
Lake,2021-03-20,248,26689,9,8154,236,17641,3,894,31,6345,216,10596,34,16941,California
Lake,2021-03-21,15,26704,10,8164,4,17645,1,895,10,6351,5,10601,11,16952,California
Lake,2021-03-22,336,27040,256,8420,67,17712,13,908,250,6528,86,10687,263,17215,California
Lake,2021-03-23,429,27469,21,8441,394,18106,14,922,363,6840,65,10752,377,17592,California
Lake,2021-03-24,423,27892,62,8503,353,18459,8,930,324,7076,97,10849,333,17925,California
Lake,2021-03-25,673,28565,482,8985,184,18643,7,937,173,6755,500,11349,179,18104,California
Lake,2021-03-26,69,28634,34,9019,34,18677,1,938,32,6752,36,11385,33,18137,California
Lake,2021-03-27,309,28943,7,9026,299,18976,3,941,17,6482,290,11675,20,18157,California
Lake,2021-03-28,17,28960,8,9034,9,18985,0,941,9,6483,8,11683,9,18166,California
Lake,2021-03-29,995,29955,286,9320,707,19692,2,943,199,5890,794,12477,201,18367,California
Lake,2021-03-30,465,30420,313,9633,149,19841,3,946,365,6159,99,12576,368,18735,California
Lake,2021-03-31,616,31036,60,9693,556,20397,0,946,432,6417,174,12750,432,19167,California
Lake,2021-04-01,448,31484,233,9926,203,20600,12,958,187,6359,257,13007,199,19366,California
Lake,2021-04-02,224,31708,41,9967,155,20755,28,986,97,6357,127,13134,125,19491,California
Lake,2021-04-03,32,31740,6,9973,23,20778,3,989,13,6354,19,13153,16,19507,California
Lake,2021-04-04,21,31761,12,9985,7,20785,2,991,15,6365,6,13159,17,19524,California
Lake,2021-04-05,643,32404,71,10056,552,21337,20,1011,402,6548,238,13397,421,19945,California
Lake,2021-04-06,482,32886,19,10075,437,21774,26,1037,307,6707,174,13571,333,20278,California
Lake,2021-04-07,526,33412,57,10132,416,22190,53,1090,355,6946,169,13740,408,20686,California
Lake,2021-04-08,608,34020,496,10628,46,22236,66,1156,107,6621,498,14238,173,20859,California
Lake,2021-04-09,282,34302,40,10668,173,22409,69,1225,48,6507,230,14468,116,20975,California
Lake,2021-04-10,257,34559,15,10683,16,22425,226,1451,11,6498,246,14714,237,21212,California
Lake,2021-04-11,21,34580,16,10699,3,22428,2,1453,7,6493,14,14728,9,21221,California
Lake,2021-04-12,1081,35661,233,10932,814,23242,34,1487,243,5932,838,15566,277,21498,California
Lake,2021-04-13,181,35842,110,11042,71,23313,0,1487,54,5859,127,15693,54,21552,California
Lake,2021-04-14,620,36462,38,11080,582,23895,0,1487,554,6347,66,15759,554,22106,California
Lake,2021-04-15,647,37109,193,11273,454,24349,0,1487,332,6364,315,16074,332,22438,California
Lake,2021-04-16,269,37378,32,11305,237,24586,0,1487,76,6248,192,16266,76,22514,California
Lake,2021-04-17,42,37420,12,11317,30,24616,0,1487,32,6270,10,16276,32,22546,California
Lake,2021-04-18,9,37429,6,11323,3,24619,0,1487,0,6261,9,16285,0,22546,California
Lake,2021-04-19,298,37727,39,11362,259,24878,0,1487,247,6457,51,16336,247,22793,California
Lake,2021-04-20,693,38420,280,11642,413,25291,0,1487,94,5954,598,16934,95,22888,California
Lake,2021-04-21,531,38951,62,11704,469,25760,0,1487,196,5815,335,17269,196,23084,California
Lake,2021-04-22,471,39422,51,11755,420,26180,0,1487,323,5991,147,17416,323,23407,California
Lake,2021-04-23,122,39544,64,11819,58,26238,0,1487,72,6015,48,17464,72,23479,California
Lake,2021-04-24,55,39599,9,11828,46,26284,0,1487,41,6042,14,17478,41,23520,California
Lake,2021-04-25,37,39636,20,11848,17,26301,0,1487,25,6055,12,17490,25,23545,California
Lake,2021-04-26,295,39931,82,11930,212,26513,1,1488,90,5941,205,17695,91,23636,California
Lake,2021-04-27,249,40180,24,11954,207,26720,18,1506,86,5882,163,17858,104,23740,California
Lake,2021-04-28,509,40689,50,12004,444,27164,15,1521,89,5567,418,18276,103,23843,California
Lake,2021-04-29,214,40903,85,12089,113,27277,16,1537,112,5592,102,18378,127,23970,California
Lake,2021-04-30,289,41192,45,12134,213,27490,31,1568,147,5629,141,18519,178,24148,California
Lake,2021-05-01,48,41240,25,12159,21,27511,2,1570,32,5648,15,18534,34,24182,California
Lake,2021-05-02,19,41259,10,12169,8,27519,1,1571,10,5650,9,18543,11,24193,California
Lake,2021-05-03,413,41672,30,12199,347,27866,36,1607,66,5406,346,18889,102,24295,California
Lake,2021-05-04,403,42075,217,12416,138,28004,48,1655,123,5298,279,19168,171,24466,California
Lake,2021-05-05,629,42704,44,12460,573,28577,12,1667,84,4851,542,19710,95,24561,California
Lake,2021-05-06,142,42846,19,12479,94,28671,29,1696,72,4881,70,19780,100,24661,California
Lake,2021-05-07,166,43012,29,12508,117,28788,20,1716,102,4941,62,19842,122,24783,California
Lake,2021-05-08,42,43054,7,12515,35,28823,0,1716,35,4969,7,19849,35,24818,California
Lake,2021-05-09,17,43071,2,12517,10,28833,5,1721,10,4977,7,19856,15,24833,California
Lake,2021-05-10,242,43313,10,12527,205,29038,27,1748,58,4879,183,20039,85,24918,California
Lake,2021-05-11,195,43508,25,12552,153,29191,17,1765,116,4934,79,20118,134,25052,California
Lake,2021-05-12,542,44050,31,12583,491,29682,20,1785,54,4519,488,20606,73,25125,California
Lake,2021-05-13,318,44368,69,12652,235,29917,14,1799,72,4361,244,20850,86,25211,California
Lake,2021-05-14,268,44636,83,12735,167,30084,18,1817,163,4438,103,20953,180,25391,California
Lake,2021-05-15,45,44681,19,12754,23,30107,3,1820,28,4452,17,20970,31,25422,California
Lake,2021-05-16,33,44714,19,12773,13,30120,1,1821,18,4456,15,20985,19,25441,California
Lake,2021-05-17,314,45028,44,12817,255,30375,15,1836,82,4324,229,21214,97,25538,California
Lake,2021-05-18,298,45326,65,12882,214,30589,19,1855,171,4388,126,21340,190,25728,California
Lake,2021-05-19,313,45639,57,12939,241,30830,15,1870,88,4267,224,21564,103,25831,California
Lake,2021-05-20,240,45879,60,12999,169,30999,11,1881,94,4226,146,21710,105,25936,California
Lake,2021-05-21,274,46153,51,13050,199,31198,24,1905,113,4204,159,21869,137,26073,California
Lake,2021-05-22,98,46251,54,13104,41,31239,3,1908,49,4207,49,21918,52,26125,California
Lake,2021-05-23,58,46309,28,13132,29,31268,1,1909,30,4210,28,21946,31,26156,California
Lake,2021-05-24,157,46466,35,13167,108,31376,14,1923,71,4209,86,22032,85,26241,California
Lake,2021-05-25,204,46670,57,13224,136,31512,11,1934,74,4165,129,22161,85,26326,California
Lake,2021-05-26,151,46821,45,13269,95,31607,11,1945,55,4137,94,22255,66,26392,California
Lake,2021-05-27,175,46996,47,13316,114,31721,14,1959,61,4099,113,22368,75,26467,California
Lake,2021-05-28,222,47218,21,13337,164,31885,37,1996,50,4016,169,22537,86,26553,California
Lake,2021-05-29,37,47255,10,13347,21,31906,6,2002,14,4013,23,22560,20,26573,California
Lake,2021-05-30,22,47277,6,13353,14,31920,2,2004,12,4017,10,22570,14,26587,California
Lake,2021-05-31,63,47340,21,13374,40,31960,2,2006,53,4062,10,22580,55,26642,California
Lake,2021-06-01,197,47537,38,13412,150,32110,9,2015,69,4013,127,22707,78,26720,California
Lake,2021-06-02,132,47669,46,13458,74,32184,12,2027,53,3999,79,22786,65,26785,California
Lake,2021-06-03,181,47850,53,13511,109,32293,19,2046,79,3995,102,22888,98,26883,California
Lake,2021-06-04,185,48035,54,13565,115,32408,16,2062,47,3922,136,23024,63,26946,California
Lake,2021-06-05,91,48126,56,13621,27,32435,8,2070,55,3949,36,23060,63,27009,California
Lake,2021-06-06,69,48195,39,13660,30,32465,0,2070,24,3928,45,23105,24,27033,California
Lake,2021-06-07,90,48285,29,13689,53,32518,8,2078,32,3911,57,23162,40,27073,California
Lake,2021-06-08,179,48464,68,13757,99,32617,12,2090,67,3878,112,23274,79,27152,California
Lake,2021-06-09,171,48635,42,13799,125,32742,4,2094,36,3785,133,23407,40,27192,California
Lake,2021-06-10,129,48764,64,13863,52,32794,13,2107,51,3771,78,23485,64,27256,California
Lake,2021-06-11,208,48972,66,13929,119,32913,23,2130,48,3684,158,23643,71,27327,California
Lake,2021-06-12,67,49039,39,13968,22,32935,6,2136,34,3691,33,23676,40,27367,California
Lake,2021-06-13,29,49068,16,13984,13,32948,0,2136,14,3690,15,23691,14,27381,California
Lake,2021-06-14,178,49246,86,14070,79,33027,13,2149,50,3626,127,23818,63,27444,California
Lake,2021-06-15,245,49491,65,14135,162,33189,18,2167,79,3557,166,23984,97,27541,California
Lake,2021-06-16,163,49654,57,14192,91,33280,15,2182,55,3520,107,24091,70,27611,California
Lake,2021-06-17,179,49833,86,14278,83,33363,10,2192,78,3508,100,24191,88,27699,California
Lake,2021-06-18,141,49974,38,14316,93,33456,10,2202,57,3491,84,24275,67,27766,California
Lake,2021-06-19,68,50042,26,14342,42,33498,0,2202,35,3493,33,24308,35,27801,California
Lake,2021-06-20,21,50063,7,14349,12,33510,2,2204,10,3494,11,24319,12,27813,California
Lake,2021-06-21,67,50130,17,14366,43,33553,7,2211,29,3492,38,24357,36,27849,California
Lake,2021-06-22,135,50265,51,14417,74,33627,10,2221,62,3492,72,24429,72,27921,California
Lake,2021-06-23,148,50413,68,14485,56,33683,24,2245,80,3528,68,24497,104,28025,California
Lake,2021-06-24,140,50553,93,14578,34,33717,13,2258,48,3499,90,24587,61,28086,California
Lake,2021-06-25,129,50682,57,14635,63,33780,9,2267,66,3512,62,24649,75,28161,California
Lake,2021-06-26,48,50730,37,14672,11,33791,0,2267,6,3476,42,24691,6,28167,California
Lake,2021-06-27,42,50772,30,14702,12,33803,0,2267,23,3480,19,24710,23,28190,California
Lake,2021-06-28,66,50838,22,14724,22,33825,22,2289,28,3493,37,24747,50,28240,California
Lake,2021-06-29,122,50960,47,14771,71,33896,4,2293,66,3507,56,24803,70,28310,California
Lake,2021-06-30,117,51077,61,14832,47,33943,9,2302,59,3517,58,24861,68,28378,California
Lake,2021-07-01,118,51195,54,14886,59,34002,5,2307,41,3490,73,24934,46,28424,California
Lake,2021-07-02,110,51305,35,14921,62,34064,13,2320,52,3498,56,24990,64,28488,California
Lake,2021-07-03,74,51379,43,14964,31,34095,0,2320,34,3494,38,25028,34,28522,California
Lake,2021-07-04,14,51393,5,14969,9,34104,0,2320,9,3498,5,25033,9,28531,California
Lake,2021-07-05,46,51439,18,14987,28,34132,0,2320,32,3516,14,25047,32,28563,California
Lake,2021-07-06,159,51598,54,15041,99,34231,6,2326,63,3492,93,25140,69,28632,California
Lake,2021-07-07,89,51687,53,15094,34,34265,2,2328,55,3515,34,25174,57,28689,California
Lake,2021-07-08,84,51771,34,15128,46,34311,4,2332,40,3515,44,25218,44,28733,California
Lake,2021-07-09,146,51917,84,15212,55,34366,7,2339,61,3499,84,25302,68,28801,California
Lake,2021-07-10,14,51931,7,15219,7,34373,0,2339,5,3495,9,25311,5,28806,California
Lassen,2020-12-16,8,8,8,8,0,0,0,0,8,8,0,0,8,8,California
Lassen,2020-12-17,6,14,6,14,0,0,0,0,6,14,0,0,6,14,California
Lassen,2020-12-18,1,15,1,15,0,0,0,0,1,15,0,0,1,15,California
Lassen,2020-12-19,5,20,5,20,0,0,0,0,5,20,0,0,5,20,California
Lassen,2020-12-20,2,22,2,22,0,0,0,0,2,22,0,0,2,22,California
Lassen,2020-12-21,11,33,11,33,0,0,0,0,11,33,0,0,11,33,California
Lassen,2020-12-22,23,56,23,56,0,0,0,0,23,56,0,0,23,56,California
Lassen,2020-12-23,6,62,6,62,0,0,0,0,6,62,0,0,6,62,California
Lassen,2020-12-24,11,73,11,73,0,0,0,0,11,73,0,0,11,73,California
Lassen,2020-12-28,3,76,2,75,1,1,0,0,3,76,0,0,3,76,California
Lassen,2020-12-29,35,111,35,110,0,1,0,0,35,111,0,0,35,111,California
Lassen,2020-12-30,36,147,35,145,1,2,0,0,36,147,0,0,36,147,California
Lassen,2020-12-31,49,196,42,187,7,9,0,0,49,196,0,0,49,196,California
Lassen,2021-01-02,1,197,0,187,1,10,0,0,1,197,0,0,1,197,California
Lassen,2021-01-04,15,212,2,189,13,23,0,0,15,212,0,0,15,212,California
Lassen,2021-01-05,193,405,52,241,141,164,0,0,193,405,0,0,193,405,California
Lassen,2021-01-06,97,502,45,286,52,216,0,0,89,487,8,8,90,495,California
Lassen,2021-01-07,43,545,7,293,36,252,0,0,37,518,6,14,37,532,California
Lassen,2021-01-08,50,595,2,295,48,300,0,0,50,568,0,14,50,582,California
Lassen,2021-01-09,12,607,6,301,6,306,0,0,12,580,0,14,12,594,California
Lassen,2021-01-11,27,634,5,306,22,328,0,0,27,607,0,14,27,621,California
Lassen,2021-01-12,49,683,29,335,20,348,0,0,30,618,19,33,30,651,California
Lassen,2021-01-13,161,844,19,354,142,490,0,0,146,749,15,48,146,797,California
Lassen,2021-01-14,161,1005,18,372,143,633,0,0,149,886,12,60,149,946,California
Lassen,2021-01-15,32,1037,6,378,26,659,0,0,32,918,0,60,32,978,California
Lassen,2021-01-16,34,1071,33,411,1,660,0,0,34,952,0,60,34,1012,California
Lassen,2021-01-17,1,1072,0,411,1,661,0,0,1,953,0,60,1,1013,California
Lassen,2021-01-18,5,1077,2,413,3,664,0,0,4,956,1,61,4,1017,California
Lassen,2021-01-19,186,1263,36,449,150,814,0,0,158,1086,28,89,158,1175,California
Lassen,2021-01-20,188,1451,100,549,88,902,0,0,105,1123,68,157,105,1280,California
Lassen,2021-01-21,145,1596,93,642,52,954,0,0,121,1226,18,175,121,1401,California
Lassen,2021-01-22,31,1627,18,660,13,967,0,0,21,1237,10,185,21,1422,California
Lassen,2021-01-23,2,1629,0,660,2,969,0,0,2,1239,0,185,2,1424,California
Lassen,2021-01-24,1,1630,0,660,1,970,0,0,1,1240,0,185,1,1425,California
Lassen,2021-01-25,12,1642,1,661,11,981,0,0,11,1250,1,186,11,1436,California
Lassen,2021-01-26,126,1768,12,673,114,1095,0,0,122,1368,4,190,122,1558,California
Lassen,2021-01-27,89,1857,37,710,52,1147,0,0,71,1421,18,208,71,1629,California
Lassen,2021-01-28,85,1942,14,724,71,1218,0,0,84,1504,1,209,84,1713,California
Lassen,2021-01-29,23,1965,7,731,16,1234,0,0,22,1525,1,210,22,1735,California
Lassen,2021-02-01,62,2027,5,736,57,1291,0,0,37,1537,25,235,37,1772,California
Lassen,2021-02-02,177,2204,12,748,165,1456,0,0,44,1448,133,368,44,1816,California
Lassen,2021-02-03,99,2303,21,769,78,1534,0,0,51,1451,48,416,51,1867,California
Lassen,2021-02-04,113,2416,16,785,97,1631,0,0,64,1466,49,465,64,1931,California
Lassen,2021-02-05,66,2482,12,797,54,1685,0,0,24,1448,42,507,24,1955,California
Lassen,2021-02-06,69,2551,34,831,35,1720,0,0,36,1452,32,539,36,1991,California
Lassen,2021-02-07,3,2554,3,834,0,1720,0,0,3,1455,0,539,3,1994,California
Lassen,2021-02-08,44,2598,4,838,40,1760,0,0,18,1447,26,565,18,2012,California
Lassen,2021-02-09,128,2726,7,845,121,1881,0,0,49,1417,79,644,49,2061,California
Lassen,2021-02-10,182,2908,21,866,161,2042,0,0,75,1385,107,751,75,2136,California
Lassen,2021-02-11,183,3091,17,883,166,2208,0,0,80,1363,102,853,80,2216,California
Lassen,2021-02-12,43,3134,11,894,32,2240,0,0,16,1352,27,880,16,2232,California
Lassen,2021-02-13,11,3145,3,897,8,2248,0,0,9,1359,2,882,9,2241,California
Lassen,2021-02-14,13,3158,0,897,13,2261,0,0,12,1370,1,883,12,2253,California
Lassen,2021-02-15,22,3180,3,900,19,2280,0,0,17,1383,4,887,17,2270,California
Lassen,2021-02-16,193,3373,4,904,189,2469,0,0,31,1254,160,1047,31,2301,California
Lassen,2021-02-17,182,3555,94,998,88,2557,0,0,10,1092,172,1219,10,2311,California
Lassen,2021-02-18,80,3635,21,1019,59,2616,0,0,21,1054,59,1278,21,2332,California
Lassen,2021-02-19,83,3718,62,1081,21,2637,0,0,19,1009,64,1342,19,2351,California
Lassen,2021-02-20,8,3726,0,1081,8,2645,0,0,6,1013,2,1344,6,2357,California
Lassen,2021-02-21,22,3748,2,1083,20,2665,0,0,18,1027,4,1348,18,2375,California
Lassen,2021-02-22,29,3777,13,1096,16,2681,0,0,9,1016,20,1368,9,2384,California
Lassen,2021-02-23,155,3932,11,1107,144,2825,0,0,43,947,112,1480,43,2427,California
Lassen,2021-02-24,166,4098,16,1123,150,2975,0,0,107,996,58,1538,107,2534,California
Lassen,2021-02-25,160,4258,23,1146,137,3112,0,0,98,1032,62,1600,98,2632,California
Lassen,2021-02-26,76,4334,17,1163,59,3171,0,0,37,1030,39,1639,37,2669,California
Lassen,2021-02-27,8,4342,7,1170,1,3172,0,0,3,1028,5,1644,3,2672,California
Lassen,2021-02-28,6,4348,2,1172,4,3176,0,0,2,1026,4,1648,2,2674,California
Lassen,2021-03-01,43,4391,4,1176,39,3215,0,0,9,1002,33,1681,9,2683,California
Lassen,2021-03-02,109,4500,8,1184,101,3316,0,0,81,1056,27,1708,81,2764,California
Lassen,2021-03-03,170,4670,11,1195,159,3475,0,0,113,1112,57,1765,113,2877,California
Lassen,2021-03-04,150,4820,17,1212,133,3608,0,0,98,1159,51,1816,98,2975,California
Lassen,2021-03-05,49,4869,7,1219,18,3626,24,24,11,1156,38,1854,35,3010,California
Lassen,2021-03-06,55,4924,4,1223,29,3655,22,46,5,1133,50,1904,27,3037,California
Lassen,2021-03-07,58,4982,3,1226,0,3655,55,101,3,1136,55,1959,58,3095,California
Lassen,2021-03-08,88,5070,2,1228,7,3662,79,180,3,1133,85,2044,82,3177,California
Lassen,2021-03-09,137,5207,11,1239,109,3771,17,197,89,1191,48,2092,106,3283,California
Lassen,2021-03-10,173,5380,10,1249,161,3932,2,199,79,1179,93,2185,81,3364,California
Lassen,2021-03-11,184,5564,16,1265,161,4093,7,206,112,1229,69,2254,119,3483,California
Lassen,2021-03-12,35,5599,17,1282,14,4107,4,210,12,1222,23,2277,16,3499,California
Lassen,2021-03-13,48,5647,0,1282,2,4109,46,256,1,1221,47,2324,46,3545,California
Lassen,2021-03-14,14,5661,2,1284,11,4120,1,257,2,1212,12,2336,3,3548,California
Lassen,2021-03-15,37,5698,5,1289,31,4151,1,258,16,1208,21,2357,17,3565,California
Lassen,2021-03-16,93,5791,2,1291,86,4237,5,263,74,1268,19,2376,79,3644,California
Lassen,2021-03-17,1080,6871,10,1301,1065,5302,5,268,1059,2311,21,2397,1064,4708,California
Lassen,2021-03-18,94,6965,9,1310,84,5386,1,269,81,2380,13,2410,82,4790,California
Lassen,2021-03-19,19,6984,11,1321,4,5390,4,273,7,2379,12,2422,11,4801,California
Lassen,2021-03-20,29,7013,3,1324,23,5413,3,276,22,2397,7,2429,25,4826,California
Lassen,2021-03-21,34,7047,1,1325,33,5446,0,276,14,2392,19,2448,14,4840,California
Lassen,2021-03-22,59,7106,1,1326,58,5504,0,276,56,2445,3,2451,56,4896,California
Lassen,2021-03-23,120,7226,11,1337,108,5612,1,277,67,2460,53,2504,68,4964,California
Lassen,2021-03-24,212,7438,13,1350,198,5810,1,278,105,2461,105,2609,106,5070,California
Lassen,2021-03-25,155,7593,23,1373,132,5942,0,278,72,2450,83,2692,72,5142,California
Lassen,2021-03-26,77,7670,13,1386,26,5968,38,316,19,2449,57,2749,56,5198,California
Lassen,2021-03-27,21,7691,4,1390,1,5969,16,332,3,2450,18,2767,19,5217,California
Lassen,2021-03-28,18,7709,4,1394,3,5972,11,343,2,2447,16,2783,13,5230,California
Lassen,2021-03-29,53,7762,0,1394,28,6000,25,368,20,2460,32,2815,45,5275,California
Lassen,2021-03-30,200,7962,10,1404,164,6164,26,394,52,2390,148,2963,78,5353,California
Lassen,2021-03-31,147,8109,12,1416,113,6277,22,416,62,2390,84,3047,84,5437,California
Lassen,2021-04-01,167,8276,15,1431,131,6408,21,437,47,2339,119,3166,68,5505,California
Lassen,2021-04-02,30,8306,4,1435,3,6411,23,460,2,2336,28,3194,25,5530,California
Lassen,2021-04-03,12,8318,0,1435,2,6413,10,470,0,2334,12,3206,10,5540,California
Lassen,2021-04-04,7,8325,2,1437,0,6413,5,475,1,2334,6,3212,6,5546,California
Lassen,2021-04-05,22,8347,4,1441,11,6424,7,482,11,2341,11,3223,18,5564,California
Lassen,2021-04-06,182,8529,8,1449,144,6568,30,512,52,2293,130,3353,82,5646,California
Lassen,2021-04-07,135,8664,6,1455,92,6660,37,549,32,2261,103,3456,71,5717,California
Lassen,2021-04-08,169,8833,10,1465,103,6763,56,605,32,2216,133,3589,88,5805,California
Lassen,2021-04-09,53,8886,6,1471,10,6773,37,642,8,2216,44,3633,44,5849,California
Lassen,2021-04-10,10,8896,0,1471,2,6775,8,650,0,2215,9,3642,8,5857,California
Lassen,2021-04-11,6,8902,2,1473,1,6776,3,653,3,2218,3,3645,6,5863,California
Lassen,2021-04-12,32,8934,4,1477,15,6791,13,666,4,2207,28,3673,17,5880,California
Lassen,2021-04-13,129,9063,6,1483,123,6914,0,666,40,2159,88,3761,40,5920,California
Lassen,2021-04-14,984,10047,16,1499,968,7882,0,666,51,1279,931,4692,51,5971,California
Lassen,2021-04-15,147,10194,14,1513,133,8015,0,666,19,1170,128,4820,19,5990,California
Lassen,2021-04-16,14,10208,5,1518,9,8024,0,666,6,1168,8,4828,6,5996,California
Lassen,2021-04-17,24,10232,3,1521,21,8045,0,666,4,1152,20,4848,4,6000,California
Lassen,2021-04-18,5,10237,2,1523,3,8048,0,666,2,1151,3,4851,2,6002,California
Lassen,2021-04-19,35,10272,0,1523,35,8083,0,666,18,1152,17,4868,18,6020,California
Lassen,2021-04-20,137,10409,7,1530,130,8213,0,666,51,1117,86,4954,51,6071,California
Lassen,2021-04-21,167,10576,10,1540,156,8369,1,667,34,1021,131,5085,35,6106,California
Lassen,2021-04-22,102,10678,16,1556,86,8455,0,667,32,983,70,5155,32,6138,California
Lassen,2021-04-23,27,10705,1,1557,26,8481,0,667,21,998,6,5161,21,6159,California
Lassen,2021-04-24,9,10714,5,1562,4,8485,0,667,3,995,6,5167,3,6162,California
Lassen,2021-04-25,5,10719,0,1562,4,8489,1,668,3,997,2,5169,4,6166,California
Lassen,2021-04-26,44,10763,2,1564,38,8527,4,672,9,976,34,5203,13,6179,California
Lassen,2021-04-27,119,10882,9,1573,107,8634,3,675,66,992,53,5256,69,6248,California
Lassen,2021-04-28,82,10964,7,1580,73,8707,2,677,29,970,53,5309,31,6279,California
Lassen,2021-04-29,69,11033,7,1587,59,8766,3,680,24,953,44,5353,27,6306,California
Lassen,2021-04-30,15,11048,8,1595,4,8770,3,683,6,953,9,5362,9,6315,California
Lassen,2021-05-01,5,11053,0,1595,4,8774,1,684,4,957,1,5363,5,6320,California
Lassen,2021-05-02,10,11063,6,1601,4,8778,0,684,6,959,4,5367,6,6326,California
Lassen,2021-05-03,17,11080,2,1603,9,8787,6,690,2,952,15,5382,8,6334,California
Lassen,2021-05-04,73,11153,5,1608,60,8847,8,698,21,929,52,5434,29,6363,California
Lassen,2021-05-05,83,11236,4,1612,67,8914,12,710,26,911,56,5490,38,6401,California
Lassen,2021-05-06,80,11316,21,1633,37,8951,22,732,21,895,59,5549,43,6444,California
Lassen,2021-05-07,49,11365,33,1666,11,8962,5,737,41,933,8,5557,46,6490,California
Lassen,2021-05-08,11,11376,0,1666,5,8967,6,743,4,936,7,5564,10,6500,California
Lassen,2021-05-09,3,11379,1,1667,0,8967,2,745,0,935,3,5567,2,6502,California
Lassen,2021-05-10,12,11391,1,1668,8,8975,3,748,6,938,6,5573,9,6511,California
Lassen,2021-05-11,74,11465,1,1669,62,9037,11,759,20,915,54,5627,31,6542,California
Lassen,2021-05-12,44,11509,4,1673,34,9071,6,765,14,905,30,5657,20,6562,California
Lassen,2021-05-13,36,11545,10,1683,21,9092,5,770,10,894,26,5683,15,6577,California
Lassen,2021-05-14,21,11566,3,1686,10,9102,8,778,10,901,11,5694,18,6595,California
Lassen,2021-05-15,16,11582,2,1688,4,9106,10,788,4,903,12,5706,14,6609,California
Lassen,2021-05-16,7,11589,2,1690,3,9109,2,790,2,903,4,5710,4,6613,California
Lassen,2021-05-17,36,11625,4,1694,20,9129,12,802,10,899,26,5736,22,6635,California
Lassen,2021-05-18,92,11717,11,1705,68,9197,13,815,28,876,64,5800,41,6676,California
Lassen,2021-05-19,59,11776,3,1708,45,9242,11,826,7,842,51,5851,17,6693,California
Lassen,2021-05-20,33,11809,8,1716,16,9258,9,835,11,840,22,5873,20,6713,California
Lassen,2021-05-21,67,11876,33,1749,20,9278,14,849,35,857,32,5905,49,6762,California
Lassen,2021-05-22,17,11893,2,1751,7,9285,8,857,7,862,10,5915,15,6777,California
Lassen,2021-05-23,6,11899,3,1754,1,9286,2,859,0,858,6,5921,2,6779,California
Lassen,2021-05-24,13,11912,1,1755,10,9296,2,861,5,858,7,5928,7,6786,California
Lassen,2021-05-25,99,12011,6,1761,84,9380,9,870,33,834,66,5994,42,6828,California
Lassen,2021-05-26,59,12070,1,1762,42,9422,16,886,11,813,48,6042,27,6855,California
Lassen,2021-05-27,43,12113,17,1779,20,9442,6,892,12,801,30,6072,18,6873,California
Lassen,2021-05-28,74,12187,48,1827,18,9460,8,900,30,795,44,6116,38,6911,California
Lassen,2021-05-29,15,12202,1,1828,12,9472,2,902,8,798,7,6123,10,6921,California
Lassen,2021-05-30,2,12204,0,1828,1,9473,1,903,1,799,1,6124,2,6923,California
Lassen,2021-05-31,7,12211,0,1828,6,9479,1,904,1,795,6,6130,2,6925,California
Lassen,2021-06-01,45,12256,2,1830,36,9515,7,911,15,787,30,6160,22,6947,California
Lassen,2021-06-02,57,12313,2,1832,41,9556,14,925,15,775,41,6201,29,6976,California
Lassen,2021-06-03,20,12333,2,1834,9,9565,9,934,6,776,14,6215,15,6991,California
Lassen,2021-06-04,37,12370,1,1835,24,9589,12,946,12,775,25,6240,24,7015,California
Lassen,2021-06-05,14,12384,3,1838,7,9596,4,950,4,773,10,6250,8,7023,California
Lassen,2021-06-06,5,12389,0,1838,2,9598,3,953,1,773,4,6254,4,7027,California
Lassen,2021-06-07,18,12407,0,1838,9,9607,9,962,3,770,15,6269,12,7039,California
Lassen,2021-06-08,42,12449,9,1847,29,9636,4,966,15,762,27,6296,19,7058,California
Lassen,2021-06-09,18,12467,1,1848,15,9651,2,968,7,761,10,6306,9,7067,California
Lassen,2021-06-10,21,12488,10,1858,8,9659,3,971,11,765,10,6316,14,7081,California
Lassen,2021-06-11,43,12531,29,1887,14,9673,0,971,11,745,32,6348,12,7093,California
Lassen,2021-06-12,5,12536,1,1888,4,9677,0,971,1,742,4,6352,1,7094,California
Lassen,2021-06-13,3,12539,2,1890,1,9678,0,971,1,741,2,6354,1,7095,California
Lassen,2021-06-14,10,12549,2,1892,6,9684,2,973,4,742,5,6359,6,7101,California
Lassen,2021-06-15,48,12597,5,1897,38,9722,5,978,15,729,33,6392,20,7121,California
Lassen,2021-06-16,11,12608,0,1897,6,9728,5,983,6,735,5,6397,11,7132,California
Lassen,2021-06-17,22,12630,10,1907,8,9736,4,987,9,735,13,6410,13,7145,California
Lassen,2021-06-18,45,12675,19,1926,18,9754,8,995,9,716,36,6446,17,7162,California
Lassen,2021-06-19,13,12688,1,1927,10,9764,2,997,5,715,8,6454,7,7169,California
Lassen,2021-06-20,6,12694,2,1929,3,9767,1,998,5,720,1,6455,6,7175,California
Lassen,2021-06-21,14,12708,0,1929,12,9779,2,1000,4,716,10,6465,6,7181,California
Lassen,2021-06-22,36,12744,1,1930,34,9813,1,1001,19,719,17,6482,20,7201,California
Lassen,2021-06-23,17,12761,2,1932,12,9825,3,1004,5,715,12,6494,8,7209,California
Lassen,2021-06-24,26,12787,3,1935,16,9841,7,1011,14,724,12,6506,21,7230,California
Lassen,2021-06-25,21,12808,3,1938,18,9859,0,1011,12,727,9,6515,12,7242,California
Lassen,2021-06-26,6,12814,0,1938,6,9865,0,1011,1,723,5,6520,1,7243,California
Lassen,2021-06-27,1,12815,0,1938,0,9865,1,1012,0,723,1,6521,1,7244,California
Lassen,2021-06-28,13,12828,2,1940,9,9874,2,1014,9,730,4,6525,11,7255,California
Lassen,2021-06-29,30,12858,1,1941,28,9902,1,1015,8,717,22,6547,9,7264,California
Lassen,2021-06-30,29,12887,8,1949,16,9918,5,1020,14,721,15,6562,19,7283,California
Lassen,2021-07-01,26,12913,14,1963,11,9929,1,1021,16,728,10,6572,17,7300,California
Lassen,2021-07-02,28,12941,6,1969,18,9947,4,1025,11,728,15,6587,15,7315,California
Lassen,2021-07-03,5,12946,0,1969,5,9952,0,1025,3,729,2,6589,3,7318,California
Lassen,2021-07-04,1,12947,0,1969,1,9953,0,1025,1,730,0,6589,1,7319,California
Lassen,2021-07-05,9,12956,0,1969,6,9959,3,1028,2,728,7,6596,5,7324,California
Lassen,2021-07-06,26,12982,0,1969,26,9985,0,1028,11,726,13,6609,11,7335,California
Lassen,2021-07-07,18,13000,5,1974,12,9997,1,1029,8,725,10,6619,9,7344,California
Lassen,2021-07-08,30,13030,22,1996,8,10005,0,1029,22,739,8,6627,22,7366,California
Lassen,2021-07-09,26,13056,5,2001,18,10023,3,1032,16,748,10,6637,19,7385,California
Los Angeles,2020-12-15,399,399,399,399,0,0,0,0,399,399,0,0,399,399,California
Los Angeles,2020-12-16,3604,4003,3604,4003,0,0,0,0,3604,4003,0,0,3604,4003,California
Los Angeles,2020-12-17,10434,14437,10434,14437,0,0,0,0,10435,14438,0,0,10435,14438,California
Los Angeles,2020-12-18,14815,29252,14789,29226,26,26,0,0,14815,29253,0,0,14815,29253,California
Los Angeles,2020-12-19,7317,36569,7308,36534,9,35,0,0,7319,36572,0,0,7319,36572,California
Los Angeles,2020-12-20,4678,41247,4667,41201,11,46,0,0,4680,41252,0,0,4680,41252,California
Los Angeles,2020-12-21,13789,55036,13772,54973,17,63,0,0,13791,55042,1,1,13791,55043,California
Los Angeles,2020-12-22,11619,66655,11226,66199,393,456,0,0,11619,66659,2,3,11619,66662,California
Los Angeles,2020-12-23,12034,78689,10253,76452,1781,2237,0,0,12035,78694,0,3,12035,78697,California
Los Angeles,2020-12-24,7073,85762,4281,80733,2792,5029,0,0,7076,85770,0,3,7076,85773,California
Los Angeles,2020-12-25,530,86292,423,81156,107,5136,0,0,531,86301,0,3,531,86304,California
Los Angeles,2020-12-26,2556,88848,2200,83356,356,5492,0,0,2555,88854,2,5,2555,88859,California
Los Angeles,2020-12-27,1791,90639,1051,84407,740,6232,0,0,1791,90645,0,5,1791,90650,California
Los Angeles,2020-12-28,10420,101059,6454,90861,3966,10198,0,0,10417,101061,1,6,10417,101067,California
Los Angeles,2020-12-29,11710,112769,6136,96997,5574,15772,0,0,11710,112770,1,7,11710,112777,California
Los Angeles,2020-12-30,14989,127758,8148,105145,6841,22613,0,0,14988,127758,0,7,14988,127765,California
Los Angeles,2020-12-31,8070,135828,2785,107930,5285,27898,0,0,8064,135817,5,12,8064,135829,California
Los Angeles,2021-01-01,1104,136932,325,108255,779,28677,0,0,1102,136917,2,14,1102,136931,California
Los Angeles,2021-01-02,4519,141451,1690,109945,2829,31506,0,0,4518,141435,0,14,4518,141449,California
Los Angeles,2021-01-03,974,142425,230,110175,744,32250,0,0,972,142405,2,16,972,142421,California
Los Angeles,2021-01-04,12835,155260,4921,115096,7914,40164,0,0,12819,155222,2,18,12819,155240,California
Los Angeles,2021-01-05,16156,171416,7140,122236,9016,49180,0,0,14206,167517,1921,1939,14216,169456,California
Los Angeles,2021-01-06,22850,194266,12147,134383,10703,59883,0,0,17143,179031,5639,7578,17153,186609,California
Los Angeles,2021-01-07,29912,224178,16156,150539,13756,73639,0,0,19002,187186,10863,18441,19018,205627,California
Los Angeles,2021-01-08,33671,257849,18280,168819,15391,89030,0,0,21150,195855,12493,30934,21162,226789,California
Los Angeles,2021-01-09,12586,270435,7223,176042,5363,94393,0,0,7627,198534,4956,35890,7635,234424,California
Los Angeles,2021-01-10,4791,275226,3720,179762,1071,95464,0,0,2006,197756,2785,38675,2007,236431,California
Los Angeles,2021-01-11,26069,301295,16406,196168,9663,105127,0,0,15066,201843,10990,49665,15077,251508,California
Los Angeles,2021-01-12,29569,330864,16274,212442,13295,118422,0,0,19343,210988,10211,59876,19356,270864,California
Los Angeles,2021-01-13,29683,360547,15911,228353,13772,132194,0,0,20645,222619,9021,68897,20652,291516,California
Los Angeles,2021-01-14,29486,390033,12758,241111,16728,148922,0,0,23905,240975,5562,74459,23918,315434,California
Los Angeles,2021-01-15,34205,424238,12445,253556,21760,170682,0,0,30580,267968,3598,78057,30591,346025,California
Los Angeles,2021-01-16,17865,442103,5019,258575,12846,183528,0,0,16063,282245,1793,79850,16070,362095,California
Los Angeles,2021-01-17,5276,447379,2358,260933,2918,186446,0,0,5013,286998,262,80112,5015,367110,California
Los Angeles,2021-01-18,15805,463184,10169,271102,5636,192082,0,0,11050,293310,4742,84854,11054,378164,California
Los Angeles,2021-01-19,38925,502109,20701,291803,18224,210306,0,0,31045,316531,7839,92693,31060,409224,California
Los Angeles,2021-01-20,47273,549382,24774,316577,22499,232805,0,0,39594,348493,7645,100338,39607,448831,California
Los Angeles,2021-01-21,49399,598781,22692,339269,26707,259512,0,0,45031,389248,4294,104632,45049,493880,California
Los Angeles,2021-01-22,48636,647417,22492,361761,26144,285656,0,0,45100,430878,3487,108119,45117,538997,California
Los Angeles,2021-01-23,34370,681787,15823,377584,18547,304203,0,0,32253,461063,2082,110201,32267,571264,California
Los Angeles,2021-01-24,15764,697551,12186,389770,3578,307781,0,0,15202,475716,552,110753,15205,586469,California
Los Angeles,2021-01-25,39754,737305,16775,406545,22979,330760,0,0,31005,498030,8707,119460,31021,617490,California
Los Angeles,2021-01-26,49902,787207,24770,431315,25132,355892,0,0,41497,531184,8364,127824,41518,659008,California
Los Angeles,2021-01-27,51175,838382,25961,457276,25214,381106,0,0,41587,563360,9438,137262,41614,700622,California
Los Angeles,2021-01-28,49282,887664,23555,480831,25727,406833,0,0,40658,595542,8492,145754,40674,741296,California
Los Angeles,2021-01-29,50140,937804,25793,506624,24347,431180,0,0,39760,625309,10010,155764,39777,781073,California
Los Angeles,2021-01-30,30449,968253,15601,522225,14848,446028,0,0,26050,647051,4314,160078,26056,807129,California
Los Angeles,2021-01-31,12889,981142,10094,532319,2795,448823,0,0,11961,658104,912,160990,11965,819094,California
Los Angeles,2021-02-01,38874,1020016,16387,548706,22487,471310,0,0,28036,675366,10786,171776,28048,847142,California
Los Angeles,2021-02-02,45158,1065174,18079,566785,27079,498389,0,0,32611,695489,12494,184270,32617,879759,California
Los Angeles,2021-02-03,52623,1117797,19510,586295,33113,531502,0,0,37455,718042,14914,199184,37467,917226,California
Los Angeles,2021-02-04,57656,1175453,20675,606970,36981,568483,0,0,39251,739253,18054,217238,39265,956491,California
Los Angeles,2021-02-05,62004,1237457,21040,628010,40964,609447,0,0,39577,756882,21964,239202,39593,996084,California
Los Angeles,2021-02-06,35874,1273331,13449,641459,22425,631872,0,0,27244,775600,8549,247751,27267,1023351,California
Los Angeles,2021-02-07,11038,1284369,8525,649984,2513,634385,0,0,8601,781793,2416,250167,8609,1031960,California
Los Angeles,2021-02-08,47432,1331801,21883,671867,25549,659934,0,0,30929,796375,16353,266520,30935,1062895,California
Los Angeles,2021-02-09,56398,1388199,24791,696658,31607,691541,0,0,28511,797130,27768,294288,28523,1091418,California
Los Angeles,2021-02-10,67702,1455901,29619,726277,38083,729624,0,0,30537,790921,36764,331052,30555,1121973,California
Los Angeles,2021-02-11,58920,1514821,31426,757703,27494,757118,0,0,28217,788944,30204,361256,28227,1150200,California
Los Angeles,2021-02-12,60832,1575653,30148,787851,30684,787802,0,0,26522,781583,33906,395162,26545,1176745,California
Los Angeles,2021-02-13,34253,1609906,20013,807864,14240,802042,0,0,15538,778568,18608,413770,15593,1192338,California
Los Angeles,2021-02-14,22050,1631956,15054,822918,6996,809038,0,0,8834,774264,13147,426917,8843,1201181,California
Los Angeles,2021-02-15,33330,1665286,16160,839078,17170,826208,0,0,18217,777471,15027,441944,18234,1219415,California
Los Angeles,2021-02-16,64910,1730196,32997,872075,31913,858121,0,0,29926,772553,34861,476805,29943,1249358,California
Los Angeles,2021-02-17,65789,1795985,35088,907163,30701,888822,0,0,26621,760247,38942,515747,26636,1275994,California
Los Angeles,2021-02-18,69399,1865384,35294,942457,34105,922927,0,0,28782,748652,40398,556145,28803,1304797,California
Los Angeles,2021-02-19,59704,1925088,36768,979225,22936,945863,0,0,29040,747209,30503,586648,29060,1333857,California
Los Angeles,2021-02-20,33754,1958842,24575,1003800,9179,955042,0,0,16175,745912,17497,604145,16200,1350057,California
Los Angeles,2021-02-21,22824,1981666,21072,1024872,1752,956794,0,0,11427,746025,11320,615465,11433,1361490,California
Los Angeles,2021-02-22,36763,2018429,26847,1051719,9916,966710,0,0,18731,746874,17905,633370,18754,1380244,California
Los Angeles,2021-02-23,57807,2076236,24743,1076462,33064,999774,0,0,22337,734001,35239,668609,22366,1402610,California
Los Angeles,2021-02-24,67888,2144124,30342,1106804,37546,1037320,0,0,28931,724287,38682,707291,28968,1431578,California
Los Angeles,2021-02-25,76802,2220926,35235,1142039,41567,1078887,0,0,39284,726329,37277,744568,39319,1470897,California
Los Angeles,2021-02-26,86098,2307024,39841,1181880,46257,1125144,0,0,48089,736738,37728,782296,48137,1519034,California
Los Angeles,2021-02-27,61985,2369009,26952,1208832,35024,1160168,9,9,31256,737517,30522,812818,31301,1550335,California
Los Angeles,2021-02-28,27128,2396137,18678,1227510,8447,1168615,3,12,19000,748532,8005,820823,19020,1569355,California
Los Angeles,2021-03-01,57837,2453974,32778,1260288,25013,1193628,46,58,34680,760376,22917,843740,34761,1604116,California
Los Angeles,2021-03-02,78669,2532643,38154,1298442,40506,1234134,9,67,49563,781060,28924,872664,49608,1653724,California
Los Angeles,2021-03-03,86453,2619096,44325,1342767,42109,1276243,19,86,54743,804368,31489,904153,54797,1708521,California
Los Angeles,2021-03-04,92366,2711462,47295,1390062,45054,1321297,17,103,58378,829035,33766,937919,58433,1766954,California
Los Angeles,2021-03-05,91024,2802486,44898,1434960,46092,1367389,34,137,60795,859949,29988,967907,60902,1827856,California
Los Angeles,2021-03-06,67747,2870233,34547,1469507,31351,1398740,1849,1986,43622,881464,23960,991867,45475,1873331,California
Los Angeles,2021-03-07,28499,2898732,20962,1490469,5923,1404663,1614,3600,21441,897498,7016,998883,23050,1896381,California
Los Angeles,2021-03-08,54859,2953591,29556,1520025,23218,1427881,2085,5685,41386,927629,13347,1012230,43478,1939859,California
Los Angeles,2021-03-09,82313,3035904,39194,1559219,39775,1467656,3344,9029,52334,953489,29807,1042037,55667,1995526,California
Los Angeles,2021-03-10,83802,3119706,41257,1600476,37645,1505301,4900,13929,52990,980730,30603,1072640,57844,2053370,California
Los Angeles,2021-03-11,93885,3213591,46139,1646615,40985,1546286,6761,20690,54921,1003615,38740,1111380,61625,2114995,California
Los Angeles,2021-03-12,99875,3313466,45271,1691886,40668,1586954,13936,34626,58238,1034300,41390,1152770,72075,2187070,California
Los Angeles,2021-03-13,76053,3389519,35923,1727809,28125,1615079,12005,46631,45268,1060835,30655,1183425,57190,2244260,California
Los Angeles,2021-03-14,39273,3428792,26386,1754195,10326,1625405,2561,49192,23931,1072047,15258,1198683,26470,2270730,California
Los Angeles,2021-03-15,75766,3504558,37247,1791442,33050,1658455,5469,54661,45546,1093036,29986,1228669,50975,2321705,California
Los Angeles,2021-03-16,100626,3605184,44288,1835730,50452,1708907,5886,60547,64843,1128166,35534,1264203,70664,2392369,California
Los Angeles,2021-03-17,98320,3703504,44969,1880699,45020,1753927,8331,68878,65677,1169598,32397,1296600,73829,2466198,California
Los Angeles,2021-03-18,103763,3807267,49838,1930537,48336,1802263,5589,74467,65199,1202133,38221,1334821,70756,2536954,California
Los Angeles,2021-03-19,110093,3917360,57612,1988149,47675,1849938,4806,79273,67301,1231699,42478,1377299,72044,2608998,California
Los Angeles,2021-03-20,77114,3994474,37965,2026114,34531,1884469,4618,83891,52242,1263874,24660,1401959,56835,2665833,California
Los Angeles,2021-03-21,35028,4029502,26071,2052185,8050,1892519,907,84798,22391,1274669,12500,1414459,23295,2689128,California
Los Angeles,2021-03-22,71513,4101015,42155,2094340,27179,1919698,2179,86977,49975,1305584,21233,1435692,52148,2741276,California
Los Angeles,2021-03-23,97287,4198302,52824,2147164,41211,1960909,3252,90229,58476,1328781,38513,1474205,61710,2802986,California
Los Angeles,2021-03-24,105684,4303986,56211,2203375,46296,2007205,3177,93406,60392,1347400,44928,1519133,63547,2866533,California
Los Angeles,2021-03-25,111553,4415539,59951,2263326,47688,2054893,3914,97320,62127,1364337,49076,1568209,66013,2932546,California
Los Angeles,2021-03-26,115976,4531515,63569,2326895,48158,2103051,4249,101569,63602,1380107,52039,1620248,67809,3000355,California
Los Angeles,2021-03-27,84016,4615531,44168,2371063,37704,2140755,2144,103713,42688,1383911,41026,1661274,44830,3045185,California
Los Angeles,2021-03-28,42381,4657912,28742,2399805,13053,2153808,586,104299,20083,1382426,22155,1683429,20670,3065855,California
Los Angeles,2021-03-29,83595,4741507,47103,2446908,34707,2188515,1785,106084,46136,1393140,37200,1720629,47914,3113769,California
Los Angeles,2021-03-30,109725,4851232,52536,2499444,51244,2239759,5945,112029,56951,1403497,52492,1773121,62849,3176618,California
Los Angeles,2021-03-31,123322,4974554,62412,2561856,52066,2291825,8844,120873,68382,1426063,54587,1827708,77153,3253771,California
Los Angeles,2021-04-01,134332,5108886,63057,2624913,55779,2347604,15496,136369,71607,1450734,62305,1890013,86976,3340747,California
Los Angeles,2021-04-02,133275,5242161,59677,2684590,57984,2405588,15614,151983,70430,1474251,62455,1952468,85972,3426719,California
Los Angeles,2021-04-03,98995,5341156,45368,2729958,39934,2445522,13693,165676,48683,1486428,50095,2002563,62272,3488991,California
Los Angeles,2021-04-04,39348,5380504,20623,2750581,12080,2457602,6645,172321,16360,1486501,22884,2025447,22957,3511948,California
Los Angeles,2021-04-05,94712,5475216,44834,2795415,39458,2497060,10420,182741,44398,1491158,50068,2075515,54725,3566673,California
Los Angeles,2021-04-06,121991,5597207,57567,2852982,44017,2541077,20407,203148,55719,1501152,65981,2141496,75975,3642648,California
Los Angeles,2021-04-07,121456,5718663,55345,2908327,44803,2585880,21308,224456,54551,1510237,66605,2208101,75690,3718338,California
Los Angeles,2021-04-08,134030,5852693,59081,2967408,50652,2636532,24297,248753,60097,1520866,73567,2281668,84196,3802534,California
Los Angeles,2021-04-09,132943,5985636,57714,3025122,51034,2687566,24195,272948,56704,1525687,75877,2357545,80698,3883232,California
Los Angeles,2021-04-10,102243,6087879,43211,3068333,34771,2722337,24261,297209,37413,1522635,64563,2422108,61511,3944743,California
Los Angeles,2021-04-11,42031,6129910,22725,3091058,9901,2732238,9405,306614,14463,1518964,27467,2449575,23796,3968539,California
Los Angeles,2021-04-12,79911,6209821,39030,3130088,34376,2766614,6505,313119,32615,1510958,47052,2496627,39046,4007585,California
Los Angeles,2021-04-13,118674,6328495,59876,3189964,58363,2824977,435,313554,62677,1518373,55705,2552332,63120,4070705,California
Los Angeles,2021-04-14,120479,6448974,60330,3250294,60015,2884992,134,313688,65180,1528712,54977,2607309,65316,4136021,California
Los Angeles,2021-04-15,131929,6580903,71330,3321624,60400,2945392,199,313887,75317,1547832,56268,2663577,75388,4211409,California
Los Angeles,2021-04-16,132040,6712943,69737,3391361,62158,3007550,145,314032,69460,1555184,62191,2725768,69543,4280952,California
Los Angeles,2021-04-17,99881,6812824,52272,3443633,47583,3055133,26,314058,56883,1569364,42726,2768494,56906,4337858,California
Los Angeles,2021-04-18,35839,6848663,24200,3467833,11638,3066771,1,314059,19585,1572800,16158,2784652,19594,4357452,California
Los Angeles,2021-04-19,77629,6926292,40640,3508473,36971,3103742,18,314077,34810,1565059,42581,2827233,34840,4392292,California
Los Angeles,2021-04-20,105982,7032274,52564,3561037,53387,3157129,31,314108,52357,1564131,53323,2880556,52395,4444687,California
Los Angeles,2021-04-21,115091,7147365,56382,3617419,58518,3215647,191,314299,51044,1551742,63631,2944187,51242,4495929,California
Los Angeles,2021-04-22,118942,7266307,61855,3679274,57053,3272700,34,314333,52423,1538079,66133,3010320,52470,4548399,California
Los Angeles,2021-04-23,118443,7384750,65104,3744378,53316,3326016,23,314356,56469,1532964,61616,3071936,56501,4604900,California
Los Angeles,2021-04-24,90539,7475289,57517,3801895,32980,3358996,42,314398,50384,1543514,39888,3111824,50438,4655338,California
Los Angeles,2021-04-25,38016,7513305,25180,3827075,12830,3371826,6,314404,20446,1546527,17439,3129263,20452,4675790,California
Los Angeles,2021-04-26,79255,7592560,41344,3868419,37399,3409225,512,314916,39079,1546201,39915,3169178,39589,4715379,California
Los Angeles,2021-04-27,95580,7688140,46008,3914427,47574,3456799,1998,316914,37080,1527086,58182,3227360,39067,4754446,California
Los Angeles,2021-04-28,88069,7776209,42743,3957170,43218,3500017,2108,319022,34843,1511188,52843,3280203,36945,4791391,California
Los Angeles,2021-04-29,94670,7870879,47393,4004563,45063,3545080,2214,321236,34291,1487748,59939,3340142,36499,4827890,California
Los Angeles,2021-04-30,102625,7973504,50892,4055455,49269,3594349,2464,323700,37767,1463596,64364,3404506,40212,4868102,California
Los Angeles,2021-05-01,75911,8049415,42452,4097907,31897,3626246,1562,325262,28610,1446824,46936,3451442,30164,4898266,California
Los Angeles,2021-05-02,28109,8077524,18048,4115955,9319,3635565,742,326004,10175,1439933,17805,3469247,10914,4909180,California
Los Angeles,2021-05-03,62628,8140152,30423,4146378,29963,3665528,2242,328246,22770,1425362,39562,3508809,24991,4934171,California
Los Angeles,2021-05-04,88701,8228853,49460,4195838,36944,3702472,2297,330543,27685,1394643,60682,3569491,29963,4964134,California
Los Angeles,2021-05-05,91651,8320504,53679,4249517,35571,3738043,2401,332944,25438,1356641,65832,3635323,27830,4991964,California
Los Angeles,2021-05-06,98685,8419189,59707,4309224,36459,3774502,2519,335463,23605,1308078,74671,3709994,26108,5018072,California
Los Angeles,2021-05-07,98528,8517717,58355,4367579,37795,3812297,2378,337841,27178,1266662,70950,3780944,29534,5047606,California
Los Angeles,2021-05-08,67001,8584718,43978,4411557,21243,3833540,1780,339621,18623,1239036,48020,3828964,20394,5068000,California
Los Angeles,2021-05-09,24514,8609232,18833,4430390,4937,3838477,744,340365,6172,1227709,18234,3847198,6907,5074907,California
Los Angeles,2021-05-10,50816,8660048,26952,4457342,21956,3860433,1908,342273,15562,1210178,34995,3882193,17464,5092371,California
Los Angeles,2021-05-11,71559,8731607,39042,4496384,30364,3890797,2153,344426,18764,1178559,52516,3934709,20897,5113268,California
Los Angeles,2021-05-12,72756,8804363,39845,4536229,30593,3921390,2318,346744,20480,1149387,51943,3986652,22771,5136039,California
Los Angeles,2021-05-13,78507,8882870,47351,4583580,29419,3950809,1737,348481,27991,1129002,50101,4036753,29716,5165755,California
Los Angeles,2021-05-14,89896,8972766,57252,4640832,30764,3981573,1880,350361,33945,1109238,55577,4092330,35813,5201568,California
Los Angeles,2021-05-15,76634,9049400,53625,4694457,21454,4003027,1555,351916,29818,1094092,46507,4138837,31361,5232929,California
Los Angeles,2021-05-16,31039,9080439,24600,4719057,5824,4008851,615,352531,12334,1088438,18598,4157435,12944,5245873,California
Los Angeles,2021-05-17,62144,9142583,40259,4759316,20103,4028954,1782,354313,24934,1078177,36953,4194388,26692,5272565,California
Los Angeles,2021-05-18,65386,9207969,38715,4798031,24829,4053783,1842,356155,25733,1066355,39364,4233752,27542,5300107,California
Los Angeles,2021-05-19,67660,9275629,40776,4838807,25035,4078818,1849,358004,28812,1058435,38562,4272314,30642,5330749,California
Los Angeles,2021-05-20,66696,9342325,37353,4876160,27257,4106075,2086,360090,25220,1044654,41074,4313388,27293,5358042,California
Los Angeles,2021-05-21,70210,9412535,42590,4918750,25542,4131617,2078,362168,27202,1031323,42600,4355988,29269,5387311,California
Los Angeles,2021-05-22,57566,9470101,37439,4956189,18470,4150087,1657,363825,23414,1022479,33905,4389893,25061,5412372,California
Los Angeles,2021-05-23,24375,9494476,17009,4973198,6522,4156609,844,364669,10798,1020670,13447,4403340,11638,5424010,California
Los Angeles,2021-05-24,49134,9543610,27164,5000362,20113,4176722,1857,366526,18586,1010804,30292,4433632,20426,5444436,California
Los Angeles,2021-05-25,49923,9593533,28864,5029226,19281,4196003,1778,368304,19200,1001320,30453,4464085,20969,5465405,California
Los Angeles,2021-05-26,47278,9640811,26709,5055935,18715,4214718,1854,370158,19758,995720,27091,4491176,21491,5486896,California
Los Angeles,2021-05-27,45592,9686403,25475,5081410,18278,4232996,1839,371997,18823,989848,26516,4517692,20644,5507540,California
Los Angeles,2021-05-28,52440,9738843,29714,5111124,20827,4253823,1899,373896,23267,986153,28847,4546539,25152,5532692,California
Los Angeles,2021-05-29,30757,9769600,17841,5128965,11870,4265693,1046,374942,14377,985383,16180,4562719,15410,5548102,California
Los Angeles,2021-05-30,12514,9782114,8204,5137169,3574,4269267,736,375678,5795,985246,6662,4569381,6525,5554627,California
Los Angeles,2021-05-31,6059,9788173,3748,5140917,2005,4271272,306,375984,1728,983012,4265,4573646,2031,5556658,California
Los Angeles,2021-06-01,46373,9834546,25970,5166887,18829,4290101,1574,377558,17023,972591,28992,4602638,18571,5575229,California
Los Angeles,2021-06-02,38646,9873192,22342,5189229,14847,4304948,1457,379015,15126,965913,23233,4625871,16555,5591784,California
Los Angeles,2021-06-03,42880,9916072,28387,5217616,12926,4317874,1567,380582,14729,954330,27861,4653732,16278,5608062,California
Los Angeles,2021-06-04,52488,9968560,35455,5253071,15346,4333220,1687,382269,16602,937076,35519,4689251,18265,5626327,California
Los Angeles,2021-06-05,42641,10011201,30540,5283611,10716,4343936,1385,383654,12410,920814,30039,4719290,13777,5640104,California
Los Angeles,2021-06-06,14834,10026035,12244,5295855,1849,4345785,741,384395,3997,914780,10765,4730055,4731,5644835,California
Los Angeles,2021-06-07,37028,10063063,26430,5322285,9144,4354929,1454,385849,11798,902985,25027,4755082,13232,5658067,California
Los Angeles,2021-06-08,38467,10101530,26503,5348788,10369,4365298,1595,387444,12800,892006,25360,4780442,14381,5672448,California
Los Angeles,2021-06-09,39965,10141495,28229,5377017,10213,4375511,1523,388967,11773,877356,27918,4808360,13268,5685716,California
Los Angeles,2021-06-10,36715,10178210,25406,5402423,9701,4385212,1608,390575,11592,865654,24883,4833243,13181,5698897,California
Los Angeles,2021-06-11,41295,10219505,28287,5430710,11336,4396548,1672,392247,13512,853348,27475,4860718,15169,5714066,California
Los Angeles,2021-06-12,33477,10252982,24120,5454830,8139,4404687,1218,393465,10342,841931,22964,4883682,11547,5725613,California
Los Angeles,2021-06-13,11533,10264515,8259,5463089,2637,4407324,637,394102,2615,836325,8852,4892534,3246,5728859,California
Los Angeles,2021-06-14,32794,10297309,23582,5486671,7836,4415160,1376,395478,11514,828117,21077,4913611,12869,5741728,California
Los Angeles,2021-06-15,33975,10331284,22788,5509459,9480,4424640,1707,397185,11844,819871,21769,4935380,13523,5755251,California
Los Angeles,2021-06-16,32365,10363649,22366,5531825,8251,4432891,1748,398933,11383,812242,20749,4956129,13120,5768371,California
Los Angeles,2021-06-17,29751,10393400,19941,5551766,8072,4440963,1738,400671,10888,806256,18596,4974725,12610,5780981,California
Los Angeles,2021-06-18,35364,10428764,24345,5576111,9070,4450033,1949,402620,12501,798201,22484,4997209,14429,5795410,California
Los Angeles,2021-06-19,22309,10451073,15052,5591163,5888,4455921,1369,403989,8489,794451,13587,5010796,9837,5805247,California
Los Angeles,2021-06-20,8441,10459514,5946,5597109,2005,4457926,490,404479,3063,792692,5310,5016106,3551,5808798,California
Los Angeles,2021-06-21,19142,10478656,11767,5608876,6000,4463926,1375,405854,10276,795582,8748,5024854,11638,5820436,California
Los Angeles,2021-06-22,26231,10504887,17706,5626582,7009,4470935,1516,407370,10149,791342,15899,5040753,11659,5832095,California
Los Angeles,2021-06-23,24940,10529827,17160,5643742,6383,4477318,1397,408767,10007,787970,14757,5055510,11385,5843480,California
Los Angeles,2021-06-24,24734,10554561,17034,5660776,6094,4483412,1606,410373,9558,784135,14961,5070471,11126,5854606,California
Los Angeles,2021-06-25,29326,10583887,20439,5681215,7276,4490688,1611,411984,11992,780594,17123,5087594,13582,5868188,California
Los Angeles,2021-06-26,19942,10603829,14509,5695724,4417,4495105,1016,413000,8275,778311,11557,5099151,9274,5877462,California
Los Angeles,2021-06-27,8591,10612420,6254,5701978,1905,4497010,432,413432,3630,777471,4892,5104043,4052,5881514,California
Los Angeles,2021-06-28,20054,10632474,15451,5717429,3369,4500379,1234,414666,8763,776298,11160,5115203,9987,5891501,California
Los Angeles,2021-06-29,22414,10654888,15394,5732823,5952,4506331,1068,415734,9838,774773,12419,5127622,10894,5902395,California
Los Angeles,2021-06-30,22150,10677038,15641,5748464,5426,4511757,1083,416817,9982,773826,11996,5139618,11049,5913444,California
Los Angeles,2021-07-01,19936,10696974,14197,5762661,4738,4516495,1001,417818,8986,772969,10832,5150450,9975,5923419,California
Los Angeles,2021-07-02,23498,10720472,16616,5779277,5772,4522267,1110,418928,10598,771921,12738,5163188,11690,5935109,California
Los Angeles,2021-07-03,13547,10734019,9559,5788836,3492,4525759,496,419424,6178,771331,7258,5170446,6668,5941777,California
Los Angeles,2021-07-04,754,10734773,390,5789226,316,4526075,48,419472,350,771335,393,5170839,397,5942174,California
Los Angeles,2021-07-05,11069,10745842,8061,5797287,2734,4528809,274,419746,5157,770933,5835,5176674,5433,5947607,California
Los Angeles,2021-07-06,23857,10769699,17169,5814456,5529,4534338,1159,420905,9173,766737,14521,5191195,10325,5957932,California
Los Angeles,2021-07-07,20161,10789860,14312,5828768,4750,4539088,1099,422004,8513,764817,11517,5202712,9597,5967529,California
Los Angeles,2021-07-08,18028,10807888,12960,5841728,4312,4543400,756,422760,7740,763135,10172,5212884,8490,5976019,California
Los Angeles,2021-07-09,21007,10828895,15063,5856791,5016,4548416,928,423688,9253,761695,11607,5224491,10167,5986186,California
Los Angeles,2021-07-10,11235,10840130,8188,5864979,2640,4551056,407,424095,4838,760620,6320,5230811,5245,5991431,California
Madera,2020-12-16,22,22,22,22,0,0,0,0,22,22,0,0,22,22,California
Madera,2020-12-17,12,34,12,34,0,0,0,0,12,34,0,0,12,34,California
Madera,2020-12-18,61,95,61,95,0,0,0,0,61,95,0,0,61,95,California
Madera,2020-12-19,5,100,5,100,0,0,0,0,5,100,0,0,5,100,California
Madera,2020-12-20,14,114,14,114,0,0,0,0,14,114,0,0,14,114,California
Madera,2020-12-21,60,174,60,174,0,0,0,0,60,174,0,0,60,174,California
Madera,2020-12-22,97,271,95,269,2,2,0,0,97,271,0,0,97,271,California
Madera,2020-12-23,67,338,67,336,0,2,0,0,67,338,0,0,67,338,California
Madera,2020-12-24,45,383,40,376,5,7,0,0,45,383,0,0,45,383,California
Madera,2020-12-26,27,410,26,402,1,8,0,0,27,410,0,0,27,410,California
Madera,2020-12-27,30,440,12,414,18,26,0,0,30,440,0,0,30,440,California
Madera,2020-12-28,107,547,36,450,71,97,0,0,107,547,0,0,107,547,California
Madera,2020-12-29,176,723,37,487,139,236,0,0,176,723,0,0,176,723,California
Madera,2020-12-30,226,949,90,577,136,372,0,0,226,949,0,0,226,949,California
Madera,2020-12-31,203,1152,81,658,122,494,0,0,203,1152,0,0,203,1152,California
Madera,2021-01-01,2,1154,1,659,1,495,0,0,2,1154,0,0,2,1154,California
Madera,2021-01-02,90,1244,33,692,57,552,0,0,90,1244,0,0,90,1244,California
Madera,2021-01-03,4,1248,4,696,0,552,0,0,4,1248,0,0,4,1248,California
Madera,2021-01-04,130,1378,66,762,64,616,0,0,130,1378,0,0,130,1378,California
Madera,2021-01-05,281,1659,144,906,137,753,0,0,277,1651,4,4,277,1655,California
Madera,2021-01-06,184,1843,27,933,157,910,0,0,164,1795,20,24,164,1819,California
Madera,2021-01-07,400,2243,116,1049,284,1194,0,0,377,2150,23,47,378,2197,California
Madera,2021-01-08,420,2663,72,1121,348,1542,0,0,365,2462,54,101,366,2563,California
Madera,2021-01-09,38,2701,14,1135,24,1566,0,0,29,2482,9,110,29,2592,California
Madera,2021-01-10,17,2718,14,1149,3,1569,0,0,5,2475,12,122,5,2597,California
Madera,2021-01-11,238,2956,190,1339,48,1617,0,0,197,2631,41,163,197,2794,California
Madera,2021-01-12,388,3344,157,1496,231,1848,0,0,284,2811,104,267,284,3078,California
Madera,2021-01-13,184,3528,91,1587,93,1941,0,0,128,2884,56,323,129,3207,California
Madera,2021-01-14,557,4085,84,1671,473,2414,0,0,523,3373,34,357,523,3730,California
Madera,2021-01-15,599,4684,160,1831,439,2853,0,0,577,3928,22,379,577,4307,California
Madera,2021-01-16,381,5065,48,1879,333,3186,0,0,353,4253,28,407,353,4660,California
Madera,2021-01-17,334,5399,15,1894,319,3505,0,0,330,4579,4,411,330,4990,California
Madera,2021-01-18,77,5476,61,1955,16,3521,0,0,58,4619,18,429,58,5048,California
Madera,2021-01-19,566,6042,133,2088,433,3954,0,0,540,5134,26,455,541,5589,California
Madera,2021-01-20,341,6383,184,2272,157,4111,0,0,245,5284,95,550,245,5834,California
Madera,2021-01-21,292,6675,184,2456,108,4219,0,0,227,5448,63,613,227,6061,California
Madera,2021-01-22,261,6936,84,2540,177,4396,0,0,244,5675,17,630,244,6305,California
Madera,2021-01-23,101,7037,53,2593,48,4444,0,0,77,5728,24,654,77,6382,California
Madera,2021-01-24,100,7137,81,2674,19,4463,0,0,78,5784,22,676,78,6460,California
Madera,2021-01-25,266,7403,123,2797,143,4606,0,0,142,5802,124,800,142,6602,California
Madera,2021-01-26,494,7897,191,2988,303,4909,0,0,301,5912,192,992,302,6904,California
Madera,2021-01-27,755,8652,73,3061,682,5591,0,0,617,6393,138,1130,619,7523,California
Madera,2021-01-28,552,9204,112,3173,440,6031,0,0,446,6734,106,1236,447,7970,California
Madera,2021-01-29,472,9676,94,3267,378,6409,0,0,417,7096,55,1291,417,8387,California
Madera,2021-01-30,505,10181,18,3285,487,6896,0,0,451,7493,54,1345,451,8838,California
Madera,2021-01-31,8,10189,5,3290,3,6899,0,0,7,7499,1,1346,7,8845,California
Madera,2021-02-01,333,10522,148,3438,185,7084,0,0,209,7584,124,1470,209,9054,California
Madera,2021-02-02,256,10778,93,3531,163,7247,0,0,163,7656,92,1562,164,9218,California
Madera,2021-02-03,598,11376,459,3990,139,7386,0,0,479,8019,117,1679,480,9698,California
Madera,2021-02-04,399,11775,126,4116,273,7659,0,0,117,7856,281,1960,118,9816,California
Madera,2021-02-05,981,12756,300,4416,681,8340,0,0,372,7626,603,2563,373,10189,California
Madera,2021-02-06,368,13124,330,4746,38,8378,0,0,326,7911,41,2604,326,10515,California
Madera,2021-02-07,35,13159,7,4753,28,8406,0,0,30,7936,5,2609,30,10545,California
Madera,2021-02-08,387,13546,310,5063,77,8483,0,0,270,8090,116,2725,270,10815,California
Madera,2021-02-09,483,14029,118,5181,365,8848,0,0,198,8008,282,3007,200,11015,California
Madera,2021-02-10,434,14463,150,5331,284,9132,0,0,281,8138,151,3158,281,11296,California
Madera,2021-02-11,935,15398,305,5636,630,9762,0,0,399,8004,534,3692,400,11696,California
Madera,2021-02-12,851,16249,121,5757,730,10492,0,0,315,7792,530,4222,318,12014,California
Madera,2021-02-13,483,16732,45,5802,438,10930,0,0,136,7585,346,4568,139,12153,California
Madera,2021-02-14,402,17134,74,5876,328,11258,0,0,136,7456,266,4834,137,12290,California
Madera,2021-02-15,245,17379,98,5974,147,11405,0,0,176,7565,67,4901,176,12466,California
Madera,2021-02-16,780,18159,185,6159,595,12000,0,0,229,7246,549,5450,230,12696,California
Madera,2021-02-17,623,18782,285,6444,338,12338,0,0,344,7320,272,5722,346,13042,California
Madera,2021-02-18,1307,20089,544,6988,763,13101,0,0,1123,8261,183,5905,1124,14166,California
Madera,2021-02-19,869,20958,552,7540,317,13418,0,0,723,8840,145,6050,724,14890,California
Madera,2021-02-20,1081,22039,987,8527,94,13512,0,0,1004,9769,76,6126,1005,15895,California
Madera,2021-02-21,1002,23041,859,9386,143,13655,0,0,994,10756,7,6133,994,16889,California
Madera,2021-02-22,967,24008,889,10275,78,13733,0,0,905,11600,61,6194,905,17794,California
Madera,2021-02-23,771,24779,482,10757,289,14022,0,0,540,11910,230,6424,540,18334,California
Madera,2021-02-24,933,25712,303,11060,630,14652,0,0,382,11742,550,6974,382,18716,California
Madera,2021-02-25,1051,26763,318,11378,733,15385,0,0,602,11898,446,7420,602,19318,California
Madera,2021-02-26,1102,27865,203,11581,899,16284,0,0,712,12222,388,7808,712,20030,California
Madera,2021-02-27,928,28793,294,11875,634,16918,0,0,498,12296,427,8235,501,20531,California
Madera,2021-02-28,192,28985,30,11905,162,17080,0,0,186,12476,6,8241,186,20717,California
Madera,2021-03-01,380,29365,120,12025,260,17340,0,0,194,12489,182,8423,195,20912,California
Madera,2021-03-02,744,30109,349,12374,395,17735,0,0,631,13011,111,8534,633,21545,California
Madera,2021-03-03,1360,31469,727,13101,633,18368,0,0,952,13585,405,8939,979,22524,California
Madera,2021-03-04,1203,32672,525,13626,678,19046,0,0,950,14286,254,9193,955,23479,California
Madera,2021-03-05,1365,34037,422,14048,930,19976,13,13,1079,15106,284,9477,1104,24583,California
Madera,2021-03-06,818,34855,636,14684,150,20126,32,45,498,15318,319,9796,531,25114,California
Madera,2021-03-07,161,35016,28,14712,108,20234,25,70,107,15396,54,9850,132,25246,California
Madera,2021-03-08,609,35625,340,15052,209,20443,60,130,313,15474,296,10146,374,25620,California
Madera,2021-03-09,600,36225,296,15348,270,20713,34,164,409,15736,189,10335,451,26071,California
Madera,2021-03-10,1196,37421,560,15908,556,21269,80,244,757,16140,434,10769,838,26909,California
Madera,2021-03-11,1684,39105,869,16777,487,21756,328,572,768,16336,912,11681,1108,28017,California
Madera,2021-03-12,1584,40689,820,17597,609,22365,155,727,799,16536,782,12463,982,28999,California
Madera,2021-03-13,1891,42580,1330,18927,362,22727,199,926,813,16495,1072,13535,1031,30030,California
Madera,2021-03-14,585,43165,449,19376,104,22831,32,958,285,16517,295,13830,317,30347,California
Madera,2021-03-15,747,43912,231,19607,470,23301,46,1004,512,16881,231,14061,595,30942,California
Madera,2021-03-16,937,44849,529,20136,361,23662,47,1051,741,17493,193,14254,805,31747,California
Madera,2021-03-17,1465,46314,980,21116,422,24084,63,1114,907,18007,549,14803,1063,32810,California
Madera,2021-03-18,1957,48271,689,21805,1204,25288,64,1178,970,18154,979,15782,1126,33936,California
Madera,2021-03-19,1585,49856,590,22395,912,26200,83,1261,1026,18787,555,16337,1188,35124,California
Madera,2021-03-20,1176,51032,771,23166,352,26552,53,1314,581,18894,592,16929,699,35823,California
Madera,2021-03-21,1101,52133,897,24063,158,26710,46,1360,358,18562,738,17667,406,36229,California
Madera,2021-03-22,1355,53488,851,24914,440,27150,64,1424,651,18624,700,18367,762,36991,California
Madera,2021-03-23,1431,54919,876,25790,464,27614,91,1515,670,18712,758,19125,846,37837,California
Madera,2021-03-24,947,55866,508,26298,408,28022,31,1546,613,19032,329,19454,649,38486,California
Madera,2021-03-25,1168,57034,528,26826,615,28637,25,1571,642,19196,516,19970,680,39166,California
Madera,2021-03-26,1519,58553,578,27404,808,29445,133,1704,711,19240,804,20774,848,40014,California
Madera,2021-03-27,930,59483,605,28009,300,29745,25,1729,412,19164,514,21288,438,40452,California
Madera,2021-03-28,438,59921,152,28161,226,29971,60,1789,204,19290,233,21521,359,40811,California
Madera,2021-03-29,685,60606,180,28341,476,30447,29,1818,490,19622,191,21712,523,41334,California
Madera,2021-03-30,1071,61677,605,28946,437,30884,29,1847,475,19535,592,22304,505,41839,California
Madera,2021-03-31,1403,63080,544,29490,721,31605,138,1985,424,19124,973,23277,562,42401,California
Madera,2021-04-01,1392,64472,628,30118,713,32318,51,2036,479,18750,902,24179,528,42929,California
Madera,2021-04-02,1605,66077,461,30579,1085,33403,59,2095,479,18174,1115,25294,539,43468,California
Madera,2021-04-03,961,67038,763,31342,178,33581,20,2115,391,18027,568,25862,421,43889,California
Madera,2021-04-04,186,67224,65,31407,119,33700,2,2117,85,18014,101,25963,88,43977,California
Madera,2021-04-05,739,67963,253,31660,427,34127,59,2176,337,18024,400,26363,410,44387,California
Madera,2021-04-06,1704,69667,886,32546,463,34590,355,2531,528,17733,1174,27537,883,45270,California
Madera,2021-04-07,1230,70897,384,32930,696,35286,150,2681,423,17508,803,28340,578,45848,California
Madera,2021-04-08,1731,72628,670,33600,801,36087,260,2941,556,17164,1166,29506,822,46670,California
Madera,2021-04-09,1656,74284,699,34299,808,36895,149,3090,949,17563,702,30208,1101,47771,California
Madera,2021-04-10,979,75263,686,34985,225,37120,68,3158,712,18075,269,30477,781,48552,California
Madera,2021-04-11,810,76073,656,35641,75,37195,79,3237,287,17919,520,30997,364,48916,California
Madera,2021-04-12,816,76889,295,35936,446,37641,75,3312,316,17812,499,31496,392,49308,California
Madera,2021-04-13,1252,78141,618,36554,592,38233,42,3354,728,18072,519,32015,779,50087,California
Madera,2021-04-14,1400,79541,867,37421,533,38766,0,3354,576,17832,822,32837,582,50669,California
Madera,2021-04-15,1173,80714,510,37931,662,39428,1,3355,424,17521,737,33574,426,51095,California
Madera,2021-04-16,1364,82078,549,38480,815,40243,0,3355,387,16948,963,34537,390,51485,California
Madera,2021-04-17,1294,83372,1091,39571,203,40446,0,3355,774,17205,517,35054,774,52259,California
Madera,2021-04-18,259,83631,220,39791,39,40485,0,3355,88,17127,166,35220,88,52347,California
Madera,2021-04-19,819,84450,245,40036,573,41058,1,3356,285,16884,528,35748,285,52632,California
Madera,2021-04-20,908,85358,457,40493,451,41509,0,3356,236,16454,668,36416,238,52870,California
Madera,2021-04-21,905,86263,494,40987,411,41920,0,3356,304,16160,600,37016,306,53176,California
Madera,2021-04-22,1101,87364,534,41521,567,42487,0,3356,380,15824,717,37733,381,53557,California
Madera,2021-04-23,972,88336,318,41839,654,43141,0,3356,340,15537,627,38360,340,53897,California
Madera,2021-04-24,709,89045,465,42304,244,43385,0,3356,247,15326,459,38819,248,54145,California
Madera,2021-04-25,266,89311,160,42464,103,43488,3,3359,119,15306,143,38962,123,54268,California
Madera,2021-04-26,562,89873,109,42573,447,43935,6,3365,133,15019,426,39388,139,54407,California
Madera,2021-04-27,632,90505,281,42854,326,44261,25,3390,316,15048,313,39701,342,54749,California
Madera,2021-04-28,510,91015,205,43059,286,44547,19,3409,247,15052,261,39962,265,55014,California
Madera,2021-04-29,553,91568,250,43309,276,44823,27,3436,259,15052,287,40249,287,55301,California
Madera,2021-04-30,943,92511,509,43818,418,45241,16,3452,273,14678,664,40913,290,55591,California
Madera,2021-05-01,968,93479,871,44689,84,45325,13,3465,388,14500,579,41492,401,55992,California
Madera,2021-05-02,400,93879,352,45041,43,45368,5,3470,145,14395,255,41747,150,56142,California
Madera,2021-05-03,498,94377,199,45240,259,45627,40,3510,101,14142,394,42141,141,56283,California
Madera,2021-05-04,910,95287,440,45680,426,46053,44,3554,216,13708,694,42835,260,56543,California
Madera,2021-05-05,1023,96310,491,46171,473,46526,59,3613,279,13305,741,43576,338,56881,California
Madera,2021-05-06,710,97020,259,46430,419,46945,32,3645,166,12963,540,44116,198,57079,California
Madera,2021-05-07,824,97844,294,46724,509,47454,21,3666,198,12561,620,44736,218,57297,California
Madera,2021-05-08,974,98818,761,47485,202,47656,11,3677,187,11972,787,45523,198,57495,California
Madera,2021-05-09,148,98966,21,47506,116,47772,11,3688,35,11907,111,45634,46,57541,California
Madera,2021-05-10,362,99328,75,47581,275,48047,12,3700,101,11761,259,45893,113,57654,California
Madera,2021-05-11,538,99866,186,47767,343,48390,9,3709,172,11578,364,46257,181,57835,California
Madera,2021-05-12,505,100371,229,47996,240,48630,36,3745,125,11361,378,46635,161,57996,California
Madera,2021-05-13,511,100882,311,48307,168,48798,32,3777,176,11237,332,46967,208,58204,California
Madera,2021-05-14,539,101421,271,48578,244,49042,24,3801,234,11193,302,47269,258,58462,California
Madera,2021-05-15,564,101985,477,49055,78,49120,9,3810,363,11367,197,47466,371,58833,California
Madera,2021-05-16,257,102242,190,49245,35,49155,32,3842,106,11354,151,47617,138,58971,California
Madera,2021-05-17,451,102693,189,49434,234,49389,28,3870,200,11334,248,47865,228,59199,California
Madera,2021-05-18,552,103245,369,49803,159,49548,24,3894,289,11390,257,48122,313,59512,California
Madera,2021-05-19,488,103733,225,50028,241,49789,22,3916,217,11360,269,48391,239,59751,California
Madera,2021-05-20,595,104328,271,50299,287,50076,37,3953,233,11275,355,48746,270,60021,California
Madera,2021-05-21,504,104832,193,50492,284,50360,27,3980,193,11189,306,49052,220,60241,California
Madera,2021-05-22,902,105734,817,51309,73,50433,12,3992,532,11363,370,49422,544,60785,California
Madera,2021-05-23,269,106003,242,51551,17,50450,10,4002,144,11393,124,49546,154,60939,California
Madera,2021-05-24,309,106312,141,51692,127,50577,41,4043,123,11372,185,49731,164,61103,California
Madera,2021-05-25,382,106694,169,51861,181,50758,32,4075,151,11326,229,49960,183,61286,California
Madera,2021-05-26,445,107139,259,52120,164,50922,22,4097,237,11379,206,50166,259,61545,California
Madera,2021-05-27,373,107512,135,52255,200,51122,38,4135,127,11302,242,50408,165,61710,California
Madera,2021-05-28,449,107961,173,52428,248,51370,28,4163,174,11231,273,50681,202,61912,California
Madera,2021-05-29,307,108268,216,52644,73,51443,18,4181,166,11274,141,50822,184,62096,California
Madera,2021-05-30,60,108328,27,52671,29,51472,4,4185,28,11275,31,50853,32,62128,California
Madera,2021-05-31,26,108354,9,52680,13,51485,4,4189,11,11275,15,50868,15,62143,California
Madera,2021-06-01,288,108642,143,52823,122,51607,23,4212,105,11222,181,51049,128,62271,California
Madera,2021-06-02,394,109036,125,52948,246,51853,23,4235,116,11084,277,51326,139,62410,California
Madera,2021-06-03,282,109318,150,53098,117,51970,15,4250,90,10997,192,51518,105,62515,California
Madera,2021-06-04,382,109700,245,53343,126,52096,11,4261,152,10931,229,51747,163,62678,California
Madera,2021-06-05,516,110216,390,53733,113,52209,13,4274,150,10735,359,52106,163,62841,California
Madera,2021-06-06,135,110351,115,53848,13,52222,7,4281,38,10683,97,52203,45,62886,California
Madera,2021-06-07,249,110600,154,54002,74,52296,21,4302,44,10544,204,52407,65,62951,California
Madera,2021-06-08,389,110989,275,54277,93,52389,21,4323,97,10370,292,52699,118,63069,California
Madera,2021-06-09,375,111364,240,54517,108,52497,27,4350,145,10314,228,52927,172,63241,California
Madera,2021-06-10,344,111708,199,54716,129,52626,16,4366,118,10224,224,53151,134,63375,California
Madera,2021-06-11,383,112091,222,54938,128,52754,33,4399,171,10215,211,53362,202,63577,California
Madera,2021-06-12,575,112666,505,55443,54,52808,16,4415,93,9842,482,53844,109,63686,California
Madera,2021-06-13,194,112860,161,55604,28,52836,5,4420,54,9762,139,53983,59,63745,California
Madera,2021-06-14,227,113087,162,55766,42,52878,23,4443,89,9739,135,54118,112,63857,California
Madera,2021-06-15,362,113449,249,56015,80,52958,33,4476,154,9721,205,54323,187,64044,California
Madera,2021-06-16,327,113776,251,56266,62,53020,14,4490,119,9650,204,54527,133,64177,California
Madera,2021-06-17,263,114039,130,56396,124,53144,9,4499,97,9591,165,54692,106,64283,California
Madera,2021-06-18,279,114318,178,56574,77,53221,24,4523,120,9576,158,54850,143,64426,California
Madera,2021-06-19,247,114565,200,56774,39,53260,8,4531,81,9499,166,55016,89,64515,California
Madera,2021-06-20,55,114620,45,56819,3,53263,7,4538,27,9505,28,55044,34,64549,California
Madera,2021-06-21,167,114787,82,56901,60,53323,25,4563,74,9512,92,55136,99,64648,California
Madera,2021-06-22,235,115022,159,57060,58,53381,18,4581,116,9529,117,55253,134,64782,California
Madera,2021-06-23,263,115285,188,57248,65,53446,10,4591,140,9556,123,55376,150,64932,California
Madera,2021-06-24,206,115491,100,57348,84,53530,22,4613,77,9527,128,55504,99,65031,California
Madera,2021-06-25,260,115751,168,57516,68,53598,24,4637,99,9492,158,55662,123,65154,California
Madera,2021-06-26,182,115933,136,57652,34,53632,12,4649,76,9474,106,55768,88,65242,California
Madera,2021-06-27,110,116043,85,57737,21,53653,4,4653,57,9482,53,55821,61,65303,California
Madera,2021-06-28,155,116198,95,57832,41,53694,19,4672,82,9511,72,55893,101,65404,California
Madera,2021-06-29,213,116411,153,57985,43,53737,17,4689,101,9519,110,56003,118,65522,California
Madera,2021-06-30,215,116626,144,58129,64,53801,7,4696,121,9555,92,56095,128,65650,California
Madera,2021-07-01,183,116809,115,58244,44,53845,24,4720,72,9541,110,56205,96,65746,California
Madera,2021-07-02,231,117040,175,58419,42,53887,14,4734,96,9516,135,56340,110,65856,California
Madera,2021-07-03,166,117206,116,58535,41,53928,9,4743,78,9518,85,56425,87,65943,California
Madera,2021-07-04,11,117217,0,58535,7,53935,4,4747,6,9523,5,56430,10,65953,California
Madera,2021-07-05,111,117328,95,58630,9,53944,7,4754,50,9520,60,56490,57,66010,California
Madera,2021-07-06,343,117671,247,58877,70,54014,26,4780,136,9475,206,56696,161,66171,California
Madera,2021-07-07,214,117885,152,59029,47,54061,15,4795,103,9482,111,56807,118,66289,California
Madera,2021-07-08,187,118072,125,59154,49,54110,13,4808,105,9519,81,56888,118,66407,California
Madera,2021-07-09,264,118336,196,59350,54,54164,14,4822,141,9552,121,57009,154,66561,California
Madera,2021-07-10,109,118445,81,59431,25,54189,3,4825,57,9561,51,57060,60,66621,California
Marin,2020-12-15,2,2,2,2,0,0,0,0,2,2,0,0,2,2,California
Marin,2020-12-16,108,110,108,110,0,0,0,0,108,110,0,0,108,110,California
Marin,2020-12-17,275,385,275,385,0,0,0,0,275,385,0,0,275,385,California
Marin,2020-12-18,389,774,389,774,0,0,0,0,389,774,0,0,389,774,California
Marin,2020-12-19,348,1122,347,1121,1,1,0,0,348,1122,0,0,348,1122,California
Marin,2020-12-20,166,1288,165,1286,1,2,0,0,166,1288,0,0,166,1288,California
Marin,2020-12-21,239,1527,236,1522,3,5,0,0,239,1527,0,0,239,1527,California
Marin,2020-12-22,521,2048,316,1838,205,210,0,0,521,2048,0,0,521,2048,California
Marin,2020-12-23,730,2778,315,2153,415,625,0,0,730,2778,0,0,730,2778,California
Marin,2020-12-24,359,3137,158,2311,201,826,0,0,359,3137,0,0,359,3137,California
Marin,2020-12-25,26,3163,0,2311,26,852,0,0,26,3163,0,0,26,3163,California
Marin,2020-12-26,144,3307,95,2406,49,901,0,0,144,3307,0,0,144,3307,California
Marin,2020-12-27,91,3398,54,2460,37,938,0,0,91,3398,0,0,91,3398,California
Marin,2020-12-28,407,3805,99,2559,308,1246,0,0,407,3805,0,0,407,3805,California
Marin,2020-12-29,400,4205,89,2648,311,1557,0,0,400,4205,0,0,400,4205,California
Marin,2020-12-30,630,4835,390,3038,240,1797,0,0,630,4835,0,0,630,4835,California
Marin,2020-12-31,202,5037,35,3073,167,1964,0,0,201,5035,1,1,201,5036,California
Marin,2021-01-01,32,5069,14,3087,18,1982,0,0,32,5067,0,1,32,5068,California
Marin,2021-01-02,114,5183,109,3196,5,1987,0,0,114,5181,0,1,114,5182,California
Marin,2021-01-03,49,5232,31,3227,18,2005,0,0,45,5226,0,1,45,5227,California
Marin,2021-01-04,299,5531,194,3421,105,2110,0,0,298,5523,1,2,298,5525,California
Marin,2021-01-05,373,5904,225,3646,148,2258,0,0,330,5810,43,45,330,5855,California
Marin,2021-01-06,818,6722,318,3964,500,2758,0,0,638,6268,180,225,638,6493,California
Marin,2021-01-07,884,7606,501,4465,383,3141,0,0,525,6435,359,584,526,7019,California
Marin,2021-01-08,975,8581,517,4982,458,3599,0,0,583,6627,391,975,583,7602,California
Marin,2021-01-09,616,9197,222,5204,394,3993,0,0,486,6983,130,1105,486,8088,California
Marin,2021-01-10,130,9327,101,5305,29,4022,0,0,57,6967,73,1178,57,8145,California
Marin,2021-01-11,471,9798,328,5633,143,4165,0,0,250,6998,221,1399,252,8397,California
Marin,2021-01-12,937,10735,545,6178,392,4557,0,0,568,7201,365,1764,568,8965,California
Marin,2021-01-13,1174,11909,500,6678,674,5231,0,0,941,7909,233,1997,941,9906,California
Marin,2021-01-14,1073,12982,320,6998,753,5984,0,0,922,8682,149,2146,922,10828,California
Marin,2021-01-15,1164,14146,355,7353,809,6793,0,0,1032,9585,131,2277,1034,11862,California
Marin,2021-01-16,1124,15270,916,8269,208,7001,0,0,1048,10557,76,2353,1048,12910,California
Marin,2021-01-17,1229,16499,1110,9379,119,7120,0,0,1199,11730,29,2382,1202,14112,California
Marin,2021-01-18,367,16866,161,9540,206,7326,0,0,317,11997,50,2432,317,14429,California
Marin,2021-01-19,1156,18022,910,10450,246,7572,0,0,984,12810,171,2603,984,15413,California
Marin,2021-01-20,1812,19834,1220,11670,592,8164,0,0,1074,13159,726,3329,1075,16488,California
Marin,2021-01-21,1702,21536,1070,12740,632,8796,0,0,1342,14146,357,3686,1344,17832,California
Marin,2021-01-22,1720,23256,1098,13838,622,9418,0,0,1546,15519,174,3860,1547,19379,California
Marin,2021-01-23,1858,25114,1351,15189,507,9925,0,0,1767,17196,90,3950,1767,21146,California
Marin,2021-01-24,620,25734,166,15355,454,10379,0,0,586,17748,34,3984,586,21732,California
Marin,2021-01-25,1130,26864,235,15590,895,11274,0,0,691,18001,439,4423,692,22424,California
Marin,2021-01-26,1520,28384,781,16371,739,12013,0,0,1137,18756,382,4805,1137,23561,California
Marin,2021-01-27,1730,30114,891,17262,839,12852,0,0,1357,19743,371,5176,1358,24919,California
Marin,2021-01-28,2090,32204,1076,18338,1014,13866,0,0,1824,21303,265,5441,1825,26744,California
Marin,2021-01-29,2215,34419,1438,19776,777,14643,0,0,2017,23136,185,5626,2018,28762,California
Marin,2021-01-30,1719,36138,907,20683,812,15455,0,0,1640,24697,79,5705,1640,30402,California
Marin,2021-01-31,458,36596,320,21003,138,15593,0,0,431,25101,27,5732,431,30833,California
Marin,2021-02-01,1098,37694,414,21417,684,16277,0,0,896,25797,201,5933,897,31730,California
Marin,2021-02-02,1430,39124,497,21914,933,17210,0,0,761,25900,658,6591,761,32491,California
Marin,2021-02-03,1796,40920,434,22348,1362,18572,0,0,1278,26661,517,7108,1278,33769,California
Marin,2021-02-04,1591,42511,503,22851,1088,19660,0,0,987,27048,600,7708,987,34756,California
Marin,2021-02-05,2177,44688,674,23525,1503,21163,0,0,1336,27547,837,8545,1336,36092,California
Marin,2021-02-06,1430,46118,849,24374,581,21744,0,0,600,27320,827,9372,600,36692,California
Marin,2021-02-07,1306,47424,1022,25396,284,22028,0,0,499,27013,806,10178,499,37191,California
Marin,2021-02-08,1544,48968,766,26162,778,22806,0,0,734,26940,807,10985,734,37925,California
Marin,2021-02-09,1792,50760,1130,27292,662,23468,0,0,847,26842,945,11930,847,38772,California
Marin,2021-02-10,2358,53118,1504,28796,854,24322,0,0,1224,26935,1132,13062,1225,39997,California
Marin,2021-02-11,2885,56003,1655,30451,1230,25552,0,0,1455,26969,1425,14487,1459,41456,California
Marin,2021-02-12,3094,59097,1552,32003,1542,27094,0,0,1571,27021,1520,16007,1572,43028,California
Marin,2021-02-13,2345,61442,1250,33253,1095,28189,0,0,1125,26928,1218,17225,1125,44153,California
Marin,2021-02-14,825,62267,310,33563,515,28704,0,0,730,27564,95,17320,731,44884,California
Marin,2021-02-15,1233,63500,361,33924,872,29576,0,0,845,28024,386,17706,846,45730,California
Marin,2021-02-16,2482,65982,1063,34987,1419,30995,0,0,1511,28565,970,18676,1511,47241,California
Marin,2021-02-17,2119,68101,947,35934,1172,32167,0,0,1100,28649,1017,19693,1101,48342,California
Marin,2021-02-18,2445,70546,1600,37534,845,33012,0,0,1067,28344,1372,21065,1067,49409,California
Marin,2021-02-19,2806,73352,2190,39724,616,33628,0,0,1247,28049,1543,22608,1248,50657,California
Marin,2021-02-20,2659,76011,2178,41902,481,34109,0,0,1254,27907,1398,24006,1256,51913,California
Marin,2021-02-21,1355,77366,1151,43053,204,34313,0,0,951,28459,399,24405,951,52864,California
Marin,2021-02-22,1909,79275,1466,44519,443,34756,0,0,1262,29078,643,25048,1262,54126,California
Marin,2021-02-23,2979,82254,1716,46235,1263,36019,0,0,2001,30118,962,26010,2002,56128,California
Marin,2021-02-24,3637,85891,1672,47907,1965,37984,0,0,2326,31145,1300,27310,2327,58455,California
Marin,2021-02-25,4182,90073,1975,49882,2207,40191,0,0,2941,32860,1228,28538,2943,61398,California
Marin,2021-02-26,3740,93813,2033,51915,1707,41898,0,0,2693,34519,1035,29573,2694,64092,California
Marin,2021-02-27,2758,96571,1625,53540,1133,43031,0,0,1906,35581,846,30419,1908,66000,California
Marin,2021-02-28,1648,98219,927,54467,721,43752,0,0,1296,36530,347,30766,1296,67296,California
Marin,2021-03-01,2711,100930,1678,56145,1032,44784,1,1,1828,37486,873,31639,1829,69125,California
Marin,2021-03-02,2536,103466,1692,57837,843,45627,1,2,1736,38429,795,32434,1738,70863,California
Marin,2021-03-03,4356,107822,2429,60266,1923,47550,4,6,2823,39728,1528,33962,2827,73690,California
Marin,2021-03-04,3416,111238,1680,61946,1735,49285,1,7,2327,40978,1082,35044,2332,76022,California
Marin,2021-03-05,3094,114332,1183,63129,1898,51183,13,20,1808,41518,1281,36325,1821,77843,California
Marin,2021-03-06,3245,117577,2325,65454,841,52024,79,99,2666,43689,573,36898,2744,80587,California
Marin,2021-03-07,1441,119018,1181,66635,209,52233,51,150,1006,44314,430,37328,1055,81642,California
Marin,2021-03-08,1917,120935,1391,68026,399,52632,127,277,1428,45383,485,37813,1554,83196,California
Marin,2021-03-09,2243,123178,1342,69368,787,53419,114,391,1550,46354,690,38503,1661,84857,California
Marin,2021-03-10,4477,127655,2512,71880,1671,55090,294,685,3222,48619,1249,39752,3514,88371,California
Marin,2021-03-11,4596,132251,1890,73770,2569,57659,137,822,3294,50757,1293,41045,3431,91802,California
Marin,2021-03-12,4004,136255,1549,75319,2101,59760,354,1176,1562,50244,2427,43472,1914,93716,California
Marin,2021-03-13,4113,140368,2865,78184,1174,60934,74,1250,2393,50991,1713,45185,2460,96176,California
Marin,2021-03-14,2283,142651,1105,79289,1061,61995,117,1367,701,50225,1580,46765,814,96990,California
Marin,2021-03-15,3262,145913,1786,81075,1431,63426,45,1412,1199,49424,2045,48810,1244,98234,California
Marin,2021-03-16,4301,150214,2321,83396,1617,65043,363,1775,1449,48386,2848,51658,1810,100044,California
Marin,2021-03-17,4234,154448,2295,85691,1885,66928,54,1829,2044,48307,2176,53834,2097,102141,California
Marin,2021-03-18,4510,158958,2283,87974,2152,69080,75,1904,2115,48118,2376,56210,2187,104328,California
Marin,2021-03-19,4495,163453,2311,90285,1964,71044,220,2124,2314,48478,2170,58380,2530,106858,California
Marin,2021-03-20,3599,167052,2001,92286,1487,72531,111,2235,1924,48851,1663,60043,2036,108894,California
Marin,2021-03-21,1553,168605,1153,93439,377,72908,23,2258,813,48949,737,60780,835,109729,California
Marin,2021-03-22,2512,171117,2166,95605,178,73086,168,2426,915,48441,1590,62370,1082,110811,California
Marin,2021-03-23,4314,175431,2264,97869,1921,75007,129,2555,1908,48080,2398,64768,2037,112848,California
Marin,2021-03-24,4478,179909,2911,100780,1454,76461,113,2668,1805,47338,2658,67426,1916,114764,California
Marin,2021-03-25,4663,184572,2843,103623,1748,78209,72,2740,2232,47226,2414,69840,2302,117066,California
Marin,2021-03-26,4319,188891,2355,105978,1750,79959,214,2954,2383,47902,1921,71761,2597,119663,California
Marin,2021-03-27,3717,192608,2666,108644,1032,80991,19,2973,1141,46496,2565,74326,1159,120822,California
Marin,2021-03-28,2391,194999,1721,110365,664,81655,6,2979,843,45804,1541,75867,849,121671,California
Marin,2021-03-29,2706,197705,2108,112473,573,82228,25,3004,1144,45414,1559,77426,1169,122840,California
Marin,2021-03-30,4671,202376,3653,116126,984,83212,34,3038,2953,46686,1715,79141,2987,125827,California
Marin,2021-03-31,5849,208225,4141,120267,1658,84870,50,3088,2549,45996,3288,82429,2598,128425,California
Marin,2021-04-01,4476,212701,2292,122559,1922,86792,262,3350,2118,46028,2343,84772,2375,130800,California
Marin,2021-04-02,3747,216448,1855,124414,1520,88312,372,3722,2008,46666,1731,86503,2369,133169,California
Marin,2021-04-03,3872,220320,2522,126936,970,89282,380,4102,1463,46111,2397,88900,1842,135011,California
Marin,2021-04-04,1648,221968,1240,128176,207,89489,201,4303,1199,47063,447,89347,1399,136410,California
Marin,2021-04-05,2233,224201,1543,129719,313,89802,377,4680,1282,47772,947,90294,1656,138066,California
Marin,2021-04-06,4003,228204,2122,131841,1322,91124,559,5239,2215,48763,1779,92073,2770,140836,California
Marin,2021-04-07,4003,232207,2020,133861,1336,92460,647,5886,1466,48346,2527,94600,2110,142946,California
Marin,2021-04-08,5066,237273,1978,135839,2477,94937,611,6497,2309,48513,2744,97344,2911,145857,California
Marin,2021-04-09,4010,241283,1567,137406,1711,96648,732,7229,1325,47886,2680,100024,2053,147910,California
Marin,2021-04-10,3232,244515,1488,138894,1307,97955,437,7666,1454,48007,1764,101788,1885,149795,California
Marin,2021-04-11,1074,245589,816,139710,95,98050,163,7829,479,48055,593,102381,641,150436,California
Marin,2021-04-12,1759,247348,1247,140957,350,98400,162,7991,921,48305,834,103215,1084,151520,California
Marin,2021-04-13,3805,251153,2334,143291,1464,99864,7,7998,1379,47278,2413,105628,1386,152906,California
Marin,2021-04-14,4278,255431,2562,145853,1713,101577,3,8001,1755,46536,2498,108126,1756,154662,California
Marin,2021-04-15,5649,261080,3988,149841,1661,103238,0,8001,3231,47366,2402,110528,3232,157894,California
Marin,2021-04-16,4314,265394,2266,152107,2045,105283,3,8004,2096,47263,2203,112731,2100,159994,California
Marin,2021-04-17,3592,268986,2182,154289,1410,106693,0,8004,1795,47271,1789,114520,1797,161791,California
Marin,2021-04-18,3244,272230,3143,157432,101,106794,0,8004,2558,49146,683,115203,2558,164349,California
Marin,2021-04-19,2073,274303,1894,159326,178,106972,1,8005,1155,49393,910,116113,1157,165506,California
Marin,2021-04-20,3802,278105,2642,161968,1160,108132,0,8005,1484,48571,2307,118420,1485,166991,California
Marin,2021-04-21,4157,282262,3063,165031,1091,109223,3,8008,1405,47243,2734,121154,1406,168397,California
Marin,2021-04-22,4294,286556,3274,168305,1020,110243,0,8008,1503,45971,2779,123933,1507,169904,California
Marin,2021-04-23,3295,289851,1860,170165,1435,111678,0,8008,1258,45205,2025,125958,1259,171163,California
Marin,2021-04-24,2522,292373,1682,171847,839,112517,1,8009,922,44541,1588,127546,924,172087,California
Marin,2021-04-25,1385,293758,1263,173110,122,112639,0,8009,302,43768,1075,128621,302,172389,California
Marin,2021-04-26,1669,295427,1432,174542,234,112873,3,8012,411,42928,1255,129876,415,172804,California
Marin,2021-04-27,3084,298511,2222,176764,811,113684,51,8063,1010,41919,2066,131942,1057,173861,California
Marin,2021-04-28,2359,300870,1628,178392,680,114364,51,8114,740,41095,1614,133556,790,174651,California
Marin,2021-04-29,2945,303815,2021,180413,861,115225,63,8177,821,39866,2114,135670,885,175536,California
Marin,2021-04-30,1990,305805,1291,181704,612,115837,87,8264,705,39382,1276,136946,792,176328,California
Marin,2021-05-01,1842,307647,1027,182731,792,116629,23,8287,542,38655,1291,138237,564,176892,California
Marin,2021-05-02,735,308382,593,183324,113,116742,29,8316,203,38360,526,138763,231,177123,California
Marin,2021-05-03,1227,309609,997,184321,174,116916,56,8372,263,37717,961,139724,318,177441,California
Marin,2021-05-04,2966,312575,1994,186315,880,117796,92,8464,477,35806,2480,142204,569,178010,California
Marin,2021-05-05,2795,315370,2032,188347,637,118433,126,8590,452,34047,2336,144540,577,178587,California
Marin,2021-05-06,3278,318648,2540,190887,649,119082,89,8679,426,31718,2841,147381,512,179099,California
Marin,2021-05-07,2058,320706,1552,192439,420,119502,86,8765,385,30519,1667,149048,468,179567,California
Marin,2021-05-08,2508,323214,1898,194337,488,119990,122,8887,349,28840,2150,151198,471,180038,California
Marin,2021-05-09,990,324204,899,195236,72,120062,19,8906,112,28097,875,152073,132,180170,California
Marin,2021-05-10,1421,325625,1159,196395,192,120254,70,8976,204,27158,1212,153285,273,180443,California
Marin,2021-05-11,2354,327979,1872,198267,425,120679,57,9033,307,25477,2044,155329,363,180806,California
Marin,2021-05-12,1868,329847,1468,199735,331,121010,69,9102,299,24280,1563,156892,366,181172,California
Marin,2021-05-13,2684,332531,2296,202031,333,121343,55,9157,1418,24496,1256,158148,1472,182644,California
Marin,2021-05-14,2211,334742,1455,203486,656,121999,100,9257,882,24155,1322,159470,981,183625,California
Marin,2021-05-15,2758,337500,2277,205763,401,122400,80,9337,1671,24821,1085,160555,1751,185376,California
Marin,2021-05-16,1730,339230,1668,207431,54,122454,8,9345,1401,25903,327,160882,1409,186785,California
Marin,2021-05-17,2148,341378,1995,209426,110,122564,43,9388,1706,27217,435,161317,1749,188534,California
Marin,2021-05-18,1537,342915,1192,210618,290,122854,55,9443,792,27324,738,162055,845,189379,California
Marin,2021-05-19,1573,344488,1243,211861,258,123112,72,9515,772,27371,795,162850,842,190221,California
Marin,2021-05-20,1838,346326,1497,213358,255,123367,86,9601,751,27132,1077,163927,838,191059,California
Marin,2021-05-21,1476,347802,849,214207,578,123945,49,9650,437,26586,1032,164959,486,191545,California
Marin,2021-05-22,1438,349240,1088,215295,292,124237,58,9708,966,27144,466,165425,1024,192569,California
Marin,2021-05-23,488,349728,433,215728,43,124280,12,9720,227,27125,259,165684,240,192809,California
Marin,2021-05-24,672,350400,498,216226,134,124414,40,9760,351,27198,317,166001,390,193199,California
Marin,2021-05-25,1007,351407,627,216853,334,124748,46,9806,317,26876,682,166683,360,193559,California
Marin,2021-05-26,729,352136,492,217345,187,124935,50,9856,262,26726,462,167145,312,193871,California
Marin,2021-05-27,1033,353169,663,218008,291,125226,79,9935,341,26457,689,167834,420,194291,California
Marin,2021-05-28,1111,354280,723,218731,308,125534,80,10015,328,26085,779,168613,407,194698,California
Marin,2021-05-29,376,354656,219,218950,147,125681,10,10025,208,26135,168,168781,218,194916,California
Marin,2021-05-30,97,354753,57,219007,35,125716,5,10030,55,26154,41,168822,60,194976,California
Marin,2021-05-31,29,354782,14,219021,14,125730,1,10031,15,26156,14,168836,16,194992,California
Marin,2021-06-01,756,355538,549,219570,162,125892,45,10076,318,26084,434,169270,362,195354,California
Marin,2021-06-02,629,356167,477,220047,100,125992,52,10128,217,25943,408,169678,267,195621,California
Marin,2021-06-03,1501,357668,1328,221375,114,126106,59,10187,231,24965,1268,170946,290,195911,California
Marin,2021-06-04,1036,358704,862,222237,139,126245,35,10222,184,24335,847,171793,217,196128,California
Marin,2021-06-05,1929,360633,1711,223948,170,126415,48,10270,319,23100,1602,173395,367,196495,California
Marin,2021-06-06,1415,362048,1368,225316,13,126428,34,10304,154,22028,1260,174655,188,196683,California
Marin,2021-06-07,1943,363991,1826,227142,67,126495,50,10354,241,20623,1696,176351,291,196974,California
Marin,2021-06-08,981,364972,870,228012,70,126565,41,10395,231,20152,743,177094,272,197246,California
Marin,2021-06-09,745,365717,669,228681,66,126631,10,10405,137,19692,607,177701,147,197393,California
Marin,2021-06-10,883,366600,771,229452,61,126692,51,10456,178,19220,701,178402,229,197622,California
Marin,2021-06-11,697,367297,581,230033,84,126776,32,10488,150,18856,546,178948,182,197804,California
Marin,2021-06-12,924,368221,793,230826,89,126865,42,10530,153,18282,769,179717,195,197999,California
Marin,2021-06-13,417,368638,385,231211,21,126886,11,10541,65,18010,348,180065,76,198075,California
Marin,2021-06-14,874,369512,746,231957,80,126966,48,10589,212,17611,657,180722,258,198333,California
Marin,2021-06-15,556,370068,443,232400,87,127053,26,10615,176,17435,378,181100,202,198535,California
Marin,2021-06-16,495,370563,404,232804,45,127098,46,10661,161,17313,327,181427,205,198740,California
Marin,2021-06-17,559,371122,481,233285,46,127144,32,10693,194,17175,363,181790,225,198965,California
Marin,2021-06-18,496,371618,381,233666,77,127221,38,10731,173,17069,316,182106,210,199175,California
Marin,2021-06-19,365,371983,293,233959,37,127258,35,10766,143,17024,221,182327,176,199351,California
Marin,2021-06-20,114,372097,89,234048,14,127272,11,10777,48,17017,66,182393,59,199410,California
Marin,2021-06-21,350,372447,248,234296,46,127318,56,10833,139,17002,210,182603,195,199605,California
Marin,2021-06-22,451,372898,351,234647,69,127387,31,10864,139,16864,308,182911,170,199775,California
Marin,2021-06-23,359,373257,296,234943,30,127417,33,10897,120,16778,238,183149,152,199927,California
Marin,2021-06-24,395,373652,304,235247,42,127459,49,10946,132,16698,259,183408,179,200106,California
Marin,2021-06-25,379,374031,276,235523,59,127518,44,10990,171,16707,206,183614,215,200321,California
Marin,2021-06-26,322,374353,271,235794,20,127538,31,11021,116,16648,206,183820,147,200468,California
Marin,2021-06-27,209,374562,161,235955,22,127560,26,11047,68,16602,139,183959,93,200561,California
Marin,2021-06-28,394,374956,335,236290,31,127591,28,11075,134,16506,258,184217,162,200723,California
Marin,2021-06-29,434,375390,340,236630,58,127649,36,11111,152,16415,279,184496,188,200911,California
Marin,2021-06-30,268,375658,229,236859,26,127675,13,11124,115,16392,151,184647,128,201039,California
Marin,2021-07-01,259,375917,200,237059,43,127718,16,11140,104,16358,154,184801,120,201159,California
Marin,2021-07-02,368,376285,294,237353,40,127758,34,11174,147,16321,217,185018,180,201339,California
Marin,2021-07-03,273,376558,221,237574,21,127779,31,11205,115,16309,158,185176,146,201485,California
Marin,2021-07-05,115,376673,88,237662,11,127790,16,11221,40,16290,74,185250,55,201540,California
Marin,2021-07-06,412,377085,338,238000,35,127825,39,11260,146,16213,260,185510,183,201723,California
Marin,2021-07-07,227,377312,186,238186,28,127853,13,11273,93,16186,131,185641,104,201827,California
Marin,2021-07-08,280,377592,224,238410,39,127892,17,11290,100,16126,176,185817,116,201943,California
Marin,2021-07-09,316,377908,260,238670,27,127919,29,11319,132,16103,183,186000,160,202103,California
Marin,2021-07-10,228,378136,188,238858,10,127929,30,11349,95,16095,133,186133,125,202228,California
Mariposa,2020-12-17,38,38,38,38,0,0,0,0,40,40,0,0,40,40,California
Mariposa,2020-12-18,55,93,55,93,0,0,0,0,56,96,0,0,56,96,California
Mariposa,2020-12-20,2,95,2,95,0,0,0,0,2,98,0,0,2,98,California
Mariposa,2020-12-21,49,144,49,144,0,0,0,0,53,151,0,0,53,151,California
Mariposa,2020-12-22,5,149,5,149,0,0,0,0,5,156,0,0,5,156,California
Mariposa,2020-12-23,16,165,16,165,0,0,0,0,16,172,0,0,16,172,California
Mariposa,2020-12-24,1,166,0,165,1,1,0,0,0,172,1,1,1,173,California
Mariposa,2020-12-26,1,167,1,166,0,1,0,0,1,173,0,1,1,174,California
Mariposa,2020-12-27,1,168,0,166,1,2,0,0,1,174,0,1,1,175,California
Mariposa,2020-12-28,6,174,3,169,3,5,0,0,6,180,0,1,6,181,California
Mariposa,2020-12-29,33,207,3,172,30,35,0,0,33,213,0,1,33,214,California
Mariposa,2020-12-30,26,233,4,176,22,57,0,0,26,239,0,1,26,240,California
Mariposa,2020-12-31,17,250,0,176,17,74,0,0,17,256,0,1,17,257,California
Mariposa,2021-01-02,1,251,1,177,0,74,0,0,1,257,0,1,1,258,California
Mariposa,2021-01-04,9,260,2,179,7,81,0,0,9,266,0,1,9,267,California
Mariposa,2021-01-05,24,284,14,193,10,91,0,0,14,270,10,11,14,281,California
Mariposa,2021-01-06,6,290,3,196,3,94,0,0,3,270,3,14,3,284,California
Mariposa,2021-01-07,50,340,45,241,5,99,0,0,5,230,45,59,5,289,California
Mariposa,2021-01-08,110,450,80,321,30,129,0,0,34,188,76,135,34,323,California
Mariposa,2021-01-09,1,451,0,321,1,130,0,0,1,189,0,135,1,324,California
Mariposa,2021-01-11,31,482,10,331,21,151,0,0,23,204,8,143,23,347,California
Mariposa,2021-01-12,19,501,4,335,15,166,0,0,15,215,4,147,15,362,California
Mariposa,2021-01-13,22,523,4,339,18,184,0,0,19,231,3,150,19,381,California
Mariposa,2021-01-14,74,597,7,346,67,251,0,0,68,293,6,156,68,449,California
Mariposa,2021-01-15,68,665,27,373,41,292,0,0,58,341,10,166,58,507,California
Mariposa,2021-01-16,14,679,2,375,12,304,0,0,13,353,1,167,13,520,California
Mariposa,2021-01-17,3,682,1,376,2,306,0,0,2,354,1,168,2,522,California
Mariposa,2021-01-18,4,686,3,379,1,307,0,0,2,354,2,170,2,524,California
Mariposa,2021-01-19,9,695,5,384,4,311,0,0,6,358,2,172,6,530,California
Mariposa,2021-01-20,24,719,1,385,23,334,0,0,23,380,1,173,23,553,California
Mariposa,2021-01-21,66,785,8,393,58,392,0,0,62,438,4,177,62,615,California
Mariposa,2021-01-22,56,841,3,396,53,445,0,0,56,494,0,177,56,671,California
Mariposa,2021-01-23,116,957,2,398,114,559,0,0,114,606,2,179,114,785,California
Mariposa,2021-01-24,2,959,2,400,0,559,0,0,2,608,0,179,2,787,California
Mariposa,2021-01-25,4,963,1,401,3,562,0,0,0,604,4,183,0,787,California
Mariposa,2021-01-26,37,1000,3,404,34,596,0,0,4,579,33,216,8,795,California
Mariposa,2021-01-27,26,1026,2,406,24,620,0,0,13,580,12,228,13,808,California
Mariposa,2021-01-28,127,1153,3,409,124,744,0,0,114,682,12,240,114,922,California
Mariposa,2021-01-29,93,1246,22,431,71,815,0,0,92,773,1,241,92,1014,California
Mariposa,2021-01-30,9,1255,1,432,8,823,0,0,8,780,1,242,8,1022,California
Mariposa,2021-01-31,1,1256,0,432,1,824,0,0,1,781,0,242,1,1023,California
Mariposa,2021-02-01,93,1349,32,464,61,885,0,0,72,832,21,263,72,1095,California
Mariposa,2021-02-02,14,1363,3,467,11,896,0,0,8,834,6,269,8,1103,California
Mariposa,2021-02-03,20,1383,1,468,19,915,0,0,13,841,6,275,13,1116,California
Mariposa,2021-02-04,99,1482,8,476,91,1006,0,0,94,932,4,279,95,1211,California
Mariposa,2021-02-05,194,1676,6,482,188,1194,0,0,167,1072,27,306,167,1378,California
Mariposa,2021-02-06,11,1687,4,486,7,1201,0,0,10,1081,1,307,10,1388,California
Mariposa,2021-02-07,1,1688,0,486,1,1202,0,0,1,1082,0,307,1,1389,California
Mariposa,2021-02-08,42,1730,2,488,40,1242,0,0,23,1086,19,326,23,1412,California
Mariposa,2021-02-09,46,1776,26,514,20,1262,0,0,39,1118,7,333,39,1451,California
Mariposa,2021-02-10,29,1805,5,519,24,1286,0,0,17,1131,11,344,24,1475,California
Mariposa,2021-02-11,381,2186,7,526,374,1660,0,0,364,1481,17,361,367,1842,California
Mariposa,2021-02-12,189,2375,8,534,181,1841,0,0,145,1582,44,405,145,1987,California
Mariposa,2021-02-13,12,2387,3,537,9,1850,0,0,10,1590,2,407,10,1997,California
Mariposa,2021-02-14,8,2395,4,541,4,1854,0,0,5,1592,3,410,5,2002,California
Mariposa,2021-02-15,9,2404,3,544,6,1860,0,0,7,1597,2,412,7,2009,California
Mariposa,2021-02-16,60,2464,36,580,24,1884,0,0,36,1610,24,436,37,2046,California
Mariposa,2021-02-17,38,2502,10,590,28,1912,0,0,28,1630,9,445,29,2075,California
Mariposa,2021-02-18,57,2559,7,597,50,1962,0,0,20,1613,37,482,20,2095,California
Mariposa,2021-02-19,84,2643,4,601,80,2042,0,0,75,1680,9,491,76,2171,California
Mariposa,2021-02-20,259,2902,4,605,255,2297,0,0,226,1875,31,522,226,2397,California
Mariposa,2021-02-21,242,3144,4,609,238,2535,0,0,240,2114,1,523,240,2637,California
Mariposa,2021-02-22,26,3170,10,619,16,2551,0,0,22,2133,3,526,22,2659,California
Mariposa,2021-02-23,43,3213,37,656,6,2557,0,0,25,2140,18,544,25,2684,California
Mariposa,2021-02-24,21,3234,3,659,18,2575,0,0,8,2136,12,556,8,2692,California
Mariposa,2021-02-25,19,3253,9,668,10,2585,0,0,12,2141,7,563,12,2704,California
Mariposa,2021-02-26,421,3674,7,675,414,2999,0,0,354,2429,67,630,355,3059,California
Mariposa,2021-02-27,171,3845,7,682,164,3163,0,0,160,2578,11,641,160,3219,California
Mariposa,2021-02-28,2,3847,1,683,1,3164,0,0,0,2576,2,643,0,3219,California
Mariposa,2021-03-01,87,3934,26,709,61,3225,0,0,18,2526,68,711,18,3237,California
Mariposa,2021-03-02,21,3955,14,723,7,3232,0,0,11,2528,9,720,11,3248,California
Mariposa,2021-03-03,72,4027,6,729,66,3298,0,0,66,2589,6,726,67,3315,California
Mariposa,2021-03-04,43,4070,10,739,33,3331,0,0,21,2589,22,748,22,3337,California
Mariposa,2021-03-05,64,4134,10,749,54,3385,0,0,40,2613,24,772,48,3385,California
Mariposa,2021-03-06,17,4151,7,756,10,3395,0,0,7,2611,10,782,8,3393,California
Mariposa,2021-03-07,1,4152,1,757,0,3395,0,0,0,2610,1,783,0,3393,California
Mariposa,2021-03-08,40,4192,4,761,25,3420,11,11,10,2601,30,813,21,3414,California
Mariposa,2021-03-09,46,4238,18,779,18,3438,10,21,14,2593,32,845,24,3438,California
Mariposa,2021-03-10,34,4272,12,791,12,3450,10,31,10,2590,23,868,20,3458,California
Mariposa,2021-03-11,472,4744,7,798,445,3895,20,51,222,2586,249,1117,245,3703,California
Mariposa,2021-03-12,255,4999,8,806,219,4114,28,79,108,2574,147,1264,135,3838,California
Mariposa,2021-03-13,36,5035,6,812,15,4129,15,94,13,2578,23,1287,27,3865,California
Mariposa,2021-03-14,18,5053,2,814,5,4134,11,105,3,2578,14,1301,14,3879,California
Mariposa,2021-03-15,78,5131,8,822,31,4165,39,144,32,2602,46,1347,70,3949,California
Mariposa,2021-03-16,82,5213,34,856,14,4179,34,178,24,2602,58,1405,58,4007,California
Mariposa,2021-03-17,74,5287,12,868,54,4233,8,186,52,2641,22,1427,61,4068,California
Mariposa,2021-03-18,66,5353,16,884,41,4274,9,195,42,2668,24,1451,51,4119,California
Mariposa,2021-03-19,340,5693,13,897,322,4596,5,200,303,2939,37,1488,308,4427,California
Mariposa,2021-03-20,429,6122,7,904,420,5016,2,202,40,2595,388,1876,44,4471,California
Mariposa,2021-03-21,15,6137,9,913,5,5021,1,203,10,2602,4,1880,11,4482,California
Mariposa,2021-03-22,38,6175,8,921,22,5043,8,211,25,2624,13,1893,35,4517,California
Mariposa,2021-03-23,55,6230,35,956,10,5053,10,221,34,2647,21,1914,44,4561,California
Mariposa,2021-03-24,58,6288,6,962,50,5103,2,223,53,2697,5,1919,55,4616,California
Mariposa,2021-03-25,77,6365,16,978,53,5156,8,231,54,2738,21,1940,62,4678,California
Mariposa,2021-03-26,490,6855,10,988,479,5635,1,232,251,2751,239,2179,252,4930,California
Mariposa,2021-03-27,222,7077,8,996,214,5849,0,232,88,2707,134,2313,90,5020,California
Mariposa,2021-03-28,5,7082,0,996,2,5851,3,235,1,2707,4,2317,4,5024,California
Mariposa,2021-03-29,20,7102,6,1002,14,5865,0,235,12,2711,8,2325,12,5036,California
Mariposa,2021-03-30,37,7139,13,1015,8,5873,16,251,14,2718,23,2348,30,5066,California
Mariposa,2021-03-31,89,7228,16,1031,66,5939,7,258,68,2772,21,2369,75,5141,California
Mariposa,2021-04-01,55,7283,11,1042,35,5974,9,267,34,2794,21,2390,43,5184,California
Mariposa,2021-04-02,350,7633,14,1056,333,6307,3,270,307,3062,42,2432,310,5494,California
Mariposa,2021-04-03,11,7644,8,1064,3,6310,0,270,6,3063,5,2437,6,5500,California
Mariposa,2021-04-04,2,7646,1,1065,0,6310,1,271,0,3062,2,2439,1,5501,California
Mariposa,2021-04-05,34,7680,23,1088,7,6317,4,275,16,3064,18,2457,20,5521,California
Mariposa,2021-04-06,43,7723,21,1109,6,6323,16,291,13,3064,29,2486,29,5550,California
Mariposa,2021-04-07,99,7822,7,1116,73,6396,19,310,28,3040,71,2557,47,5597,California
Mariposa,2021-04-08,280,8102,16,1132,245,6641,19,329,145,3072,133,2690,165,5762,California
Mariposa,2021-04-09,39,8141,9,1141,15,6656,15,344,11,3070,28,2718,26,5788,California
Mariposa,2021-04-10,203,8344,4,1145,189,6845,10,354,187,3252,14,2732,196,5984,California
Mariposa,2021-04-11,124,8468,4,1149,118,6963,2,356,57,3245,67,2799,60,6044,California
Mariposa,2021-04-12,43,8511,14,1163,27,6990,2,358,14,3232,29,2828,16,6060,California
Mariposa,2021-04-13,53,8564,46,1209,7,6997,0,358,34,3247,19,2847,34,6094,California
Mariposa,2021-04-14,113,8677,9,1218,104,7101,0,358,58,3251,54,2901,58,6152,California
Mariposa,2021-04-15,59,8736,17,1235,42,7143,0,358,41,3277,15,2916,41,6193,California
Mariposa,2021-04-16,382,9118,14,1249,368,7511,0,358,106,3108,275,3191,106,6299,California
Mariposa,2021-04-17,10,9128,6,1255,4,7515,0,358,8,3114,2,3193,8,6307,California
Mariposa,2021-04-18,8,9136,0,1255,8,7523,0,358,3,3112,5,3198,3,6310,California
Mariposa,2021-04-19,58,9194,26,1281,32,7555,0,358,30,3116,26,3224,30,6340,California
Mariposa,2021-04-20,62,9256,48,1329,14,7569,0,358,37,3130,23,3247,37,6377,California
Mariposa,2021-04-21,94,9350,15,1344,79,7648,0,358,43,3123,50,3297,43,6420,California
Mariposa,2021-04-22,51,9401,11,1355,40,7688,0,358,38,3149,12,3309,38,6458,California
Mariposa,2021-04-23,316,9717,71,1426,245,7933,0,358,145,3125,171,3480,147,6605,California
Mariposa,2021-04-24,106,9823,10,1436,96,8029,0,358,43,3106,62,3542,43,6648,California
Mariposa,2021-04-26,17,9840,12,1448,5,8034,0,358,6,3101,11,3553,6,6654,California
Mariposa,2021-04-27,34,9874,17,1465,15,8049,2,360,15,3102,16,3569,17,6671,California
Mariposa,2021-04-28,73,9947,13,1478,53,8102,7,367,27,3090,46,3615,34,6705,California
Mariposa,2021-04-29,83,10030,12,1490,70,8172,1,368,78,3164,5,3620,79,6784,California
Mariposa,2021-04-30,211,10241,6,1496,200,8372,5,373,62,3082,149,3769,67,6851,California
Mariposa,2021-05-01,3,10244,2,1498,1,8373,0,373,1,3081,2,3771,1,6852,California
Mariposa,2021-05-02,3,10247,2,1500,0,8373,1,374,0,3079,3,3774,1,6853,California
Mariposa,2021-05-03,16,10263,12,1512,3,8376,1,375,7,3078,9,3783,8,6861,California
Mariposa,2021-05-04,50,10313,31,1543,15,8391,4,379,37,3106,13,3796,41,6902,California
Mariposa,2021-05-05,57,10370,9,1552,46,8437,2,381,18,3087,39,3835,20,6922,California
Mariposa,2021-05-06,57,10427,36,1588,16,8453,5,386,40,3115,17,3852,45,6967,California
Mariposa,2021-05-07,28,10455,8,1596,17,8470,3,389,13,3116,15,3867,16,6983,California
Mariposa,2021-05-08,282,10737,7,1603,275,8745,0,389,33,2902,249,4116,35,7018,California
Mariposa,2021-05-09,2,10739,1,1604,1,8746,0,389,0,2900,2,4118,0,7018,California
Mariposa,2021-05-10,20,10759,9,1613,9,8755,2,391,5,2892,15,4133,7,7025,California
Mariposa,2021-05-11,28,10787,18,1631,10,8765,0,391,21,2907,6,4139,21,7046,California
Mariposa,2021-05-12,68,10855,4,1635,58,8823,6,397,6,2857,62,4201,12,7058,California
Mariposa,2021-05-13,48,10903,8,1643,38,8861,2,399,13,2837,35,4236,15,7073,California
Mariposa,2021-05-14,249,11152,121,1764,121,8982,7,406,117,2829,132,4368,124,7197,California
Mariposa,2021-05-15,19,11171,9,1773,8,8990,2,408,11,2835,6,4374,12,7209,California
Mariposa,2021-05-16,3,11174,1,1774,1,8991,1,409,1,2835,2,4376,2,7211,California
Mariposa,2021-05-17,18,11192,7,1781,7,8998,4,413,7,2834,11,4387,10,7221,California
Mariposa,2021-05-18,63,11255,43,1824,15,9013,5,418,46,2869,16,4403,51,7272,California
Mariposa,2021-05-19,71,11326,32,1856,38,9051,1,419,52,2904,18,4421,53,7325,California
Mariposa,2021-05-20,33,11359,18,1874,13,9064,2,421,12,2897,21,4442,14,7339,California
Mariposa,2021-05-21,94,11453,9,1883,83,9147,2,423,43,2893,49,4491,45,7384,California
Mariposa,2021-05-22,49,11502,7,1890,41,9188,1,424,18,2881,31,4522,19,7403,California
Mariposa,2021-05-23,4,11506,2,1892,1,9189,1,425,2,2882,2,4524,3,7406,California
Mariposa,2021-05-24,14,11520,8,1900,4,9193,2,427,8,2886,6,4530,10,7416,California
Mariposa,2021-05-25,26,11546,16,1916,10,9203,0,427,18,2896,8,4538,18,7434,California
Mariposa,2021-05-26,35,11581,4,1920,27,9230,4,431,28,2921,7,4545,32,7466,California
Mariposa,2021-05-27,120,11701,64,1984,55,9285,1,432,62,2926,58,4603,63,7529,California
Mariposa,2021-05-28,65,11766,5,1989,56,9341,4,436,23,2911,42,4645,27,7556,California
Mariposa,2021-05-29,8,11774,2,1991,5,9346,1,437,3,2912,3,4648,4,7560,California
Mariposa,2021-05-30,1,11775,0,1991,0,9346,1,438,0,2912,1,4649,1,7561,California
Mariposa,2021-05-31,2,11777,0,1991,1,9347,1,439,0,2911,2,4651,1,7562,California
Mariposa,2021-06-01,14,11791,3,1994,11,9358,0,439,5,2907,9,4660,5,7567,California
Mariposa,2021-06-02,26,11817,14,2008,7,9365,5,444,6,2899,19,4679,11,7578,California
Mariposa,2021-06-03,20,11837,10,2018,7,9372,3,447,7,2896,13,4692,10,7588,California
Mariposa,2021-06-04,89,11926,78,2096,9,9381,2,449,26,2862,61,4753,27,7615,California
Mariposa,2021-06-05,30,11956,4,2100,24,9405,2,451,7,2848,23,4776,9,7624,California
Mariposa,2021-06-06,4,11960,3,2103,0,9405,1,452,1,2847,3,4779,2,7626,California
Mariposa,2021-06-07,9,11969,4,2107,5,9410,0,452,3,2845,5,4784,3,7629,California
Mariposa,2021-06-08,46,12015,34,2141,10,9420,2,454,14,2829,32,4816,16,7645,California
Mariposa,2021-06-09,28,12043,21,2162,2,9422,5,459,6,2818,22,4838,11,7656,California
Mariposa,2021-06-10,16,12059,8,2170,5,9427,3,462,6,2818,10,4848,10,7666,California
Mariposa,2021-06-11,43,12102,12,2182,23,9450,8,470,9,2801,34,4882,17,7683,California
Mariposa,2021-06-12,17,12119,11,2193,5,9455,1,471,3,2790,14,4896,3,7686,California
Mariposa,2021-06-13,1,12120,0,2193,0,9455,1,472,0,2790,1,4897,1,7687,California
Mariposa,2021-06-14,13,12133,4,2197,8,9463,1,473,5,2788,8,4905,6,7693,California
Mariposa,2021-06-15,24,12157,12,2209,11,9474,1,474,7,2779,17,4922,8,7701,California
Mariposa,2021-06-16,29,12186,13,2222,15,9489,1,475,8,2767,21,4943,9,7710,California
Mariposa,2021-06-17,11,12197,6,2228,5,9494,0,475,4,2764,7,4950,4,7714,California
Mariposa,2021-06-18,68,12265,49,2277,16,9510,3,478,33,2765,34,4984,35,7749,California
Mariposa,2021-06-19,18,12283,5,2282,13,9523,0,478,6,2759,12,4996,6,7755,California
Mariposa,2021-06-21,11,12294,4,2286,7,9530,0,478,7,2763,3,4999,7,7762,California
Mariposa,2021-06-22,23,12317,9,2295,11,9541,3,481,13,2769,10,5009,16,7778,California
Mariposa,2021-06-23,9,12326,3,2298,3,9544,3,484,5,2773,4,5013,8,7786,California
Mariposa,2021-06-24,12,12338,5,2303,7,9551,0,484,6,2773,6,5019,6,7792,California
Mariposa,2021-06-25,51,12389,23,2326,27,9578,1,485,18,2760,32,5051,19,7811,California
Mariposa,2021-06-26,1,12390,1,2327,0,9578,0,485,0,2759,1,5052,0,7811,California
Mariposa,2021-06-27,1,12391,0,2327,0,9578,1,486,0,2759,1,5053,1,7812,California
Mariposa,2021-06-28,3,12394,3,2330,0,9578,0,486,3,2762,0,5053,3,7815,California
Mariposa,2021-06-29,7,12401,3,2333,3,9581,1,487,3,2762,4,5057,4,7819,California
Mariposa,2021-06-30,2,12403,0,2333,1,9582,1,488,0,2761,2,5059,1,7820,California
Mariposa,2021-07-01,21,12424,17,2350,2,9584,2,490,8,2758,13,5072,10,7830,California
Mariposa,2021-07-02,3,12427,3,2353,0,9584,0,490,2,2760,0,5072,2,7832,California
Mariposa,2021-07-05,4,12431,1,2354,2,9586,1,491,1,2759,3,5075,2,7834,California
Mariposa,2021-07-06,10,12441,3,2357,2,9588,5,496,2,2758,8,5083,7,7841,California
Mariposa,2021-07-07,12,12453,10,2367,1,9589,1,497,7,2761,5,5088,8,7849,California
Mariposa,2021-07-08,30,12483,19,2386,9,9598,2,499,13,2759,17,5105,15,7864,California
Mariposa,2021-07-09,5,12488,3,2389,0,9598,2,501,1,2758,4,5109,3,7867,California
Mariposa,2021-07-10,1,12489,0,2389,0,9598,1,502,0,2758,1,5110,1,7868,California
Mendocino,2020-12-17,70,70,70,70,0,0,0,0,70,70,0,0,70,70,California
Mendocino,2020-12-18,85,155,84,154,1,1,0,0,84,154,0,0,84,154,California
Mendocino,2020-12-19,4,159,4,158,0,1,0,0,4,158,0,0,4,158,California
Mendocino,2020-12-20,7,166,7,165,0,1,0,0,7,165,0,0,7,165,California
Mendocino,2020-12-21,237,403,237,402,0,1,0,0,77,242,0,0,77,242,California
Mendocino,2020-12-22,253,656,192,594,61,62,0,0,253,495,0,0,253,495,California
Mendocino,2020-12-23,272,928,48,642,224,286,0,0,271,766,0,0,271,766,California
Mendocino,2020-12-24,49,977,8,650,41,327,0,0,49,815,0,0,49,815,California
Mendocino,2020-12-25,1,978,0,650,1,328,0,0,1,816,0,0,1,816,California
Mendocino,2020-12-26,2,980,2,652,0,328,0,0,2,818,0,0,2,818,California
Mendocino,2020-12-27,1,981,0,652,1,329,0,0,1,819,0,0,1,819,California
Mendocino,2020-12-28,74,1055,9,661,65,394,0,0,74,893,0,0,74,893,California
Mendocino,2020-12-29,122,1177,61,722,61,455,0,0,122,1015,0,0,122,1015,California
Mendocino,2020-12-30,122,1299,69,791,53,508,0,0,122,1137,0,0,122,1137,California
Mendocino,2020-12-31,132,1431,97,888,35,543,0,0,132,1269,0,0,132,1269,California
Mendocino,2021-01-01,10,1441,7,895,3,546,0,0,10,1279,0,0,10,1279,California
Mendocino,2021-01-02,1,1442,1,896,0,546,0,0,1,1280,0,0,1,1280,California
Mendocino,2021-01-04,838,2280,18,914,820,1366,0,0,838,2118,0,0,838,2118,California
Mendocino,2021-01-05,71,2351,36,950,35,1401,0,0,58,2163,13,13,58,2176,California
Mendocino,2021-01-06,158,2509,136,1086,22,1423,0,0,148,2301,10,23,148,2324,California
Mendocino,2021-01-07,361,2870,239,1325,122,1545,0,0,298,2536,63,86,298,2622,California
Mendocino,2021-01-08,95,2965,82,1407,13,1558,0,0,41,2524,54,140,42,2664,California
Mendocino,2021-01-09,10,2975,6,1413,4,1562,0,0,8,2530,2,142,8,2672,California
Mendocino,2021-01-10,9,2984,8,1421,1,1563,0,0,2,2525,7,149,2,2674,California
Mendocino,2021-01-11,103,3087,93,1514,10,1573,0,0,45,2513,57,206,45,2719,California
Mendocino,2021-01-12,389,3476,379,1893,10,1583,0,0,272,2668,117,323,272,2991,California
Mendocino,2021-01-13,497,3973,150,2043,347,1930,0,0,451,3076,44,367,452,3443,California
Mendocino,2021-01-14,658,4631,21,2064,637,2567,0,0,649,3716,9,376,649,4092,California
Mendocino,2021-01-15,1878,6509,869,2933,1009,3576,0,0,1873,5585,5,381,1874,5966,California
Mendocino,2021-01-16,789,7298,48,2981,741,4317,0,0,787,6370,2,383,787,6753,California
Mendocino,2021-01-17,554,7852,1,2982,553,4870,0,0,553,6922,1,384,553,7306,California
Mendocino,2021-01-18,487,8339,462,3444,25,4895,0,0,475,7385,12,396,475,7781,California
Mendocino,2021-01-19,337,8676,151,3595,186,5081,0,0,159,7366,178,574,159,7940,California
Mendocino,2021-01-20,559,9235,410,4005,149,5230,0,0,452,7714,105,679,453,8393,California
Mendocino,2021-01-21,539,9774,226,4231,313,5543,0,0,352,7880,186,865,352,8745,California
Mendocino,2021-01-22,152,9926,61,4292,91,5634,0,0,112,7952,40,905,112,8857,California
Mendocino,2021-01-23,155,10081,84,4376,71,5705,0,0,149,8095,6,911,149,9006,California
Mendocino,2021-01-24,5,10086,3,4379,2,5707,0,0,5,8100,0,911,5,9011,California
Mendocino,2021-01-25,192,10278,18,4397,174,5881,0,0,122,8152,70,981,122,9133,California
Mendocino,2021-01-26,155,10433,55,4452,100,5981,0,0,96,8189,59,1040,96,9229,California
Mendocino,2021-01-27,445,10878,374,4826,71,6052,0,0,178,8107,260,1300,178,9407,California
Mendocino,2021-01-28,605,11483,542,5368,63,6115,0,0,509,8521,95,1395,509,9916,California
Mendocino,2021-01-29,392,11875,352,5720,40,6155,0,0,363,8856,29,1424,364,10280,California
Mendocino,2021-01-30,50,11925,31,5751,19,6174,0,0,43,8892,7,1431,43,10323,California
Mendocino,2021-01-31,276,12201,3,5754,273,6447,0,0,5,8626,271,1702,5,10328,California
Mendocino,2021-02-01,383,12584,54,5808,329,6776,0,0,60,8363,323,2025,60,10388,California
Mendocino,2021-02-02,748,13332,526,6334,222,6998,0,0,386,8387,362,2387,386,10774,California
Mendocino,2021-02-03,399,13731,210,6544,189,7187,0,0,227,8444,170,2557,227,11001,California
Mendocino,2021-02-04,631,14362,535,7079,96,7283,0,0,502,8817,129,2686,502,11503,California
Mendocino,2021-02-05,1306,15668,1216,8295,90,7373,0,0,587,8687,717,3403,587,12090,California
Mendocino,2021-02-06,558,16226,159,8454,399,7772,0,0,543,9215,15,3418,543,12633,California
Mendocino,2021-02-07,34,16260,30,8484,4,7776,0,0,34,9249,0,3418,34,12667,California
Mendocino,2021-02-08,753,17013,720,9204,33,7809,0,0,287,9070,466,3884,287,12954,California
Mendocino,2021-02-09,143,17156,60,9264,83,7892,0,0,89,9105,54,3938,89,13043,California
Mendocino,2021-02-10,1490,18646,924,10188,566,8458,0,0,742,9106,741,4679,742,13785,California
Mendocino,2021-02-11,1214,19860,209,10397,1005,9463,0,0,298,8488,916,5595,298,14083,California
Mendocino,2021-02-12,1458,21318,163,10560,1295,10758,0,0,659,8349,798,6393,659,14742,California
Mendocino,2021-02-13,506,21824,14,10574,492,11250,0,0,104,8057,401,6794,109,14851,California
Mendocino,2021-02-14,695,22519,4,10578,691,11941,0,0,135,7632,560,7354,135,14986,California
Mendocino,2021-02-15,336,22855,43,10621,293,12234,0,0,177,7651,158,7512,177,15163,California
Mendocino,2021-02-16,201,23056,52,10673,149,12383,0,0,128,7706,73,7585,128,15291,California
Mendocino,2021-02-17,1376,24432,1213,11886,163,12546,0,0,886,8104,488,8073,886,16177,California
Mendocino,2021-02-18,1833,26265,688,12574,1145,13691,0,0,1235,8743,596,8669,1235,17412,California
Mendocino,2021-02-19,765,27030,153,12727,612,14303,0,0,621,9222,144,8813,623,18035,California
Mendocino,2021-02-20,582,27612,554,13281,28,14331,0,0,550,9742,30,8843,550,18585,California
Mendocino,2021-02-21,327,27939,9,13290,318,14649,0,0,314,10044,12,8855,314,18899,California
Mendocino,2021-02-22,168,28107,31,13321,137,14786,0,0,71,10020,95,8950,71,18970,California
Mendocino,2021-02-23,869,28976,855,14176,14,14800,0,0,653,10459,214,9164,653,19623,California
Mendocino,2021-02-24,1871,30847,1788,15964,83,14883,0,0,1440,11476,425,9589,1442,21065,California
Mendocino,2021-02-25,1729,32576,553,16517,1176,16059,0,0,1296,12341,431,10020,1296,22361,California
Mendocino,2021-02-26,1452,34028,778,17295,674,16733,0,0,1066,13024,383,10403,1066,23427,California
Mendocino,2021-02-27,203,34231,153,17448,50,16783,0,0,78,12978,124,10527,78,23505,California
Mendocino,2021-02-28,36,34267,14,17462,22,16805,0,0,23,12988,13,10540,23,23528,California
Mendocino,2021-03-01,593,34860,547,18009,46,16851,0,0,551,13500,39,10579,551,24079,California
Mendocino,2021-03-02,76,34936,28,18037,48,16899,0,0,42,13509,33,10612,42,24121,California
Mendocino,2021-03-03,2038,36974,1334,19371,704,17603,0,0,1385,14243,651,11263,1385,25506,California
Mendocino,2021-03-04,1854,38828,152,19523,1702,19305,0,0,1633,15660,218,11481,1635,27141,California
Mendocino,2021-03-05,482,39310,418,19941,55,19360,9,9,374,15939,104,11585,383,27524,California
Mendocino,2021-03-06,250,39560,25,19966,198,19558,27,36,206,16129,43,11628,233,27757,California
Mendocino,2021-03-07,527,40087,27,19993,480,20038,20,56,138,15898,388,12016,157,27914,California
Mendocino,2021-03-08,124,40211,28,20021,59,20097,37,93,64,15941,58,12074,101,28015,California
Mendocino,2021-03-09,941,41152,598,20619,302,20399,41,134,832,16705,109,12183,873,28888,California
Mendocino,2021-03-10,1148,42300,984,21603,99,20498,65,199,266,16163,876,13059,334,29222,California
Mendocino,2021-03-11,849,43149,632,22235,162,20660,55,254,394,16160,452,13511,449,29671,California
Mendocino,2021-03-12,2068,45217,1058,23293,898,21558,112,366,1235,16680,827,14338,1347,31018,California
Mendocino,2021-03-13,705,45922,570,23863,77,21635,58,424,106,16249,595,14933,164,31182,California
Mendocino,2021-03-14,105,46027,3,23866,95,21730,7,431,12,16179,89,15022,19,31201,California
Mendocino,2021-03-15,604,46631,52,23918,493,22223,59,490,210,16056,391,15413,268,31469,California
Mendocino,2021-03-16,584,47215,389,24307,149,22372,46,536,116,15752,466,15879,162,31631,California
Mendocino,2021-03-17,1585,48800,1380,25687,57,22429,148,684,211,14752,1366,17245,366,31997,California
Mendocino,2021-03-18,1306,50106,246,25933,1023,23452,37,721,269,14029,1029,18274,306,32303,California
Mendocino,2021-03-19,1777,51883,855,26788,861,24313,61,782,310,12942,1460,19734,373,32676,California
Mendocino,2021-03-20,71,51954,11,26799,39,24352,21,803,13,12918,58,19792,34,32710,California
Mendocino,2021-03-21,8,51962,1,26800,2,24354,5,808,3,12921,5,19797,8,32718,California
Mendocino,2021-03-22,656,52618,611,27411,16,24370,29,837,146,12589,506,20303,174,32892,California
Mendocino,2021-03-23,165,52783,34,27445,101,24471,30,867,114,12682,51,20354,144,33036,California
Mendocino,2021-03-24,918,53701,843,28288,27,24498,48,915,111,12036,805,21159,159,33195,California
Mendocino,2021-03-25,2018,55719,54,28342,1944,26442,20,935,173,10388,1839,22998,191,33386,California
Mendocino,2021-03-26,548,56267,395,28737,127,26569,26,961,114,10094,433,23431,139,33525,California
Mendocino,2021-03-27,163,56430,33,28770,118,26687,12,973,83,10109,79,23510,94,33619,California
Mendocino,2021-03-28,28,56458,6,28776,18,26705,4,977,4,10094,23,23533,8,33627,California
Mendocino,2021-03-29,191,56649,99,28875,48,26753,44,1021,96,10139,95,23628,140,33767,California
Mendocino,2021-03-30,720,57369,635,29510,48,26801,37,1058,106,9671,611,24239,143,33910,California
Mendocino,2021-03-31,918,58287,280,29790,577,27378,61,1119,154,9125,761,25000,215,34125,California
Mendocino,2021-04-01,1755,60042,427,30217,1247,28625,81,1200,383,8227,1361,26361,463,34588,California
Mendocino,2021-04-02,1311,61353,1077,31294,161,28786,73,1273,158,7308,1150,27511,231,34819,California
Mendocino,2021-04-03,715,62068,14,31308,680,29466,21,1294,88,6795,622,28133,109,34928,California
Mendocino,2021-04-04,71,62139,35,31343,30,29496,6,1300,54,6838,17,28150,60,34988,California
Mendocino,2021-04-05,213,62352,141,31484,48,29544,24,1324,127,6900,86,28236,148,35136,California
Mendocino,2021-04-06,402,62754,125,31609,182,29726,95,1419,108,6810,294,28530,204,35340,California
Mendocino,2021-04-07,493,63247,181,31790,65,29791,247,1666,118,6801,372,28902,363,35703,California
Mendocino,2021-04-08,1495,64742,916,32706,464,30255,115,1781,1003,7433,485,29387,1117,36820,California
Mendocino,2021-04-09,761,65503,430,33136,170,30425,161,1942,399,7631,362,29749,560,37380,California
Mendocino,2021-04-10,406,65909,92,33228,268,30693,46,1988,98,7467,308,30057,144,37524,California
Mendocino,2021-04-11,121,66030,47,33275,19,30712,55,2043,59,7519,62,30119,114,37638,California
Mendocino,2021-04-12,624,66654,515,33790,48,30760,61,2104,409,7774,215,30334,470,38108,California
Mendocino,2021-04-13,292,66946,230,34020,62,30822,0,2104,224,7930,68,30402,224,38332,California
Mendocino,2021-04-14,524,67470,430,34450,94,30916,0,2104,420,8246,104,30506,420,38752,California
Mendocino,2021-04-15,661,68131,328,34778,333,31249,0,2104,386,8362,270,30776,386,39138,California
Mendocino,2021-04-16,127,68258,54,34832,72,31321,1,2105,78,8392,48,30824,78,39216,California
Mendocino,2021-04-17,195,68453,12,34844,183,31504,0,2105,68,8335,125,30949,68,39284,California
Mendocino,2021-04-18,15,68468,7,34851,8,31512,0,2105,8,8338,5,30954,8,39292,California
Mendocino,2021-04-19,542,69010,516,35367,25,31537,1,2106,429,8657,111,31065,430,39722,California
Mendocino,2021-04-20,431,69441,297,35664,134,31671,0,2106,269,8766,160,31225,269,39991,California
Mendocino,2021-04-21,199,69640,136,35800,62,31733,1,2107,118,8805,79,31304,118,40109,California
Mendocino,2021-04-22,489,70129,318,36118,170,31903,1,2108,314,8948,171,31475,314,40423,California
Mendocino,2021-04-23,861,70990,703,36821,158,32061,0,2108,699,9488,159,31634,699,41122,California
Mendocino,2021-04-24,110,71100,16,36837,94,32155,0,2108,102,9582,8,31642,102,41224,California
Mendocino,2021-04-25,58,71158,34,36871,20,32175,4,2112,18,9565,39,31681,22,41246,California
Mendocino,2021-04-26,310,71468,239,37110,66,32241,5,2117,202,9666,106,31787,207,41453,California
Mendocino,2021-04-27,209,71677,92,37202,90,32331,27,2144,97,9678,111,31898,123,41576,California
Mendocino,2021-04-28,224,71901,148,37350,57,32388,19,2163,126,9727,97,31995,146,41722,California
Mendocino,2021-04-29,1144,73045,839,38189,290,32678,15,2178,113,8829,1025,33020,127,41849,California
Mendocino,2021-04-30,607,73652,383,38572,214,32892,10,2188,228,8689,378,33398,238,42087,California
Mendocino,2021-05-01,481,74133,435,39007,38,32930,8,2196,375,8967,105,33503,383,42470,California
Mendocino,2021-05-02,56,74189,46,39053,7,32937,3,2199,8,8931,47,33550,11,42481,California
Mendocino,2021-05-03,146,74335,85,39138,40,32977,21,2220,42,8892,102,33652,63,42544,California
Mendocino,2021-05-04,382,74717,255,39393,95,33072,32,2252,144,8831,237,33889,176,42720,California
Mendocino,2021-05-05,881,75598,792,40185,74,33146,15,2267,225,8415,654,34543,238,42958,California
Mendocino,2021-05-06,635,76233,384,40569,229,33375,22,2289,156,8116,477,35020,178,43136,California
Mendocino,2021-05-07,189,76422,36,40605,128,33503,25,2314,121,8194,67,35087,145,43281,California
Mendocino,2021-05-08,126,76548,5,40610,120,33623,1,2315,110,8290,15,35102,111,43392,California
Mendocino,2021-05-09,22,76570,7,40617,14,33637,1,2316,5,8279,17,35119,6,43398,California
Mendocino,2021-05-10,244,76814,161,40778,78,33715,5,2321,151,8342,93,35212,156,43554,California
Mendocino,2021-05-11,279,77093,143,40921,118,33833,18,2339,130,8341,147,35359,146,43700,California
Mendocino,2021-05-12,144,77237,82,41003,53,33886,9,2348,45,8298,97,35456,54,43754,California
Mendocino,2021-05-13,1234,78471,1121,42124,96,33982,17,2365,321,7724,912,36368,338,44092,California
Mendocino,2021-05-14,721,79192,491,42615,167,34149,63,2428,247,7565,469,36837,310,44402,California
Mendocino,2021-05-15,84,79276,28,42643,52,34201,4,2432,39,7563,45,36882,43,44445,California
Mendocino,2021-05-16,117,79393,104,42747,11,34212,2,2434,99,7648,17,36899,102,44547,California
Mendocino,2021-05-17,178,79571,85,42832,77,34289,16,2450,102,7690,76,36975,118,44665,California
Mendocino,2021-05-18,249,79820,119,42951,99,34388,31,2481,108,7688,140,37115,138,44803,California
Mendocino,2021-05-19,329,80149,191,43142,117,34505,21,2502,243,7869,83,37198,264,45067,California
Mendocino,2021-05-20,299,80448,116,43258,138,34643,45,2547,103,7824,193,37391,148,45215,California
Mendocino,2021-05-21,654,81102,475,43733,164,34807,15,2562,507,8200,146,37537,522,45737,California
Mendocino,2021-05-22,785,81887,675,44408,102,34909,8,2570,240,7904,544,38081,248,45985,California
Mendocino,2021-05-23,29,81916,12,44420,10,34919,7,2577,15,7912,13,38094,21,46006,California
Mendocino,2021-05-24,129,82045,45,44465,63,34982,21,2598,61,7927,67,38161,82,46088,California
Mendocino,2021-05-25,303,82348,180,44645,90,35072,33,2631,135,7928,166,38327,167,46255,California
Mendocino,2021-05-26,324,82672,244,44889,68,35140,12,2643,131,7879,192,38519,143,46398,California
Mendocino,2021-05-27,249,82921,112,45001,112,35252,25,2668,102,7860,145,38664,126,46524,California
Mendocino,2021-05-28,238,83159,98,45099,127,35379,13,2681,153,7944,83,38747,167,46691,California
Mendocino,2021-05-29,49,83208,17,45116,27,35406,5,2686,24,7948,25,38772,29,46720,California
Mendocino,2021-05-30,15,83223,2,45118,12,35418,1,2687,10,7954,5,38777,11,46731,California
Mendocino,2021-05-31,6,83229,0,45118,5,35423,1,2688,2,7954,3,38780,3,46734,California
Mendocino,2021-06-01,312,83541,105,45223,198,35621,9,2697,83,7817,229,39009,92,46826,California
Mendocino,2021-06-02,157,83698,59,45282,90,35711,8,2705,54,7779,100,39109,62,46888,California
Mendocino,2021-06-03,561,84259,456,45738,93,35804,12,2717,124,7485,430,39539,136,47024,California
Mendocino,2021-06-04,318,84577,192,45930,103,35907,23,2740,86,7363,231,39770,109,47133,California
Mendocino,2021-06-05,227,84804,94,46024,115,36022,18,2758,74,7304,151,39921,92,47225,California
Mendocino,2021-06-06,63,84867,58,46082,2,36024,3,2761,2,7248,61,39982,5,47230,California
Mendocino,2021-06-07,148,85015,72,46154,64,36088,12,2773,58,7228,90,40072,70,47300,California
Mendocino,2021-06-08,244,85259,142,46296,88,36176,14,2787,110,7223,129,40201,124,47424,California
Mendocino,2021-06-09,310,85569,249,46545,51,36227,10,2797,106,7136,203,40404,116,47540,California
Mendocino,2021-06-10,131,85700,70,46615,45,36272,16,2813,58,7137,73,40477,74,47614,California
Mendocino,2021-06-11,750,86450,589,47204,133,36405,28,2841,124,6665,624,41101,152,47766,California
Mendocino,2021-06-12,78,86528,53,47257,19,36424,6,2847,28,6650,49,41150,34,47800,California
Mendocino,2021-06-13,29,86557,16,47273,11,36435,2,2849,15,6654,13,41163,17,47817,California
Mendocino,2021-06-14,130,86687,58,47331,53,36488,19,2868,48,6639,81,41244,66,47883,California
Mendocino,2021-06-15,260,86947,167,47498,74,36562,19,2887,85,6568,175,41419,104,47987,California
Mendocino,2021-06-16,274,87221,172,47670,80,36642,22,2909,70,6458,202,41621,92,48079,California
Mendocino,2021-06-17,173,87394,90,47760,62,36704,21,2930,56,6419,116,41737,77,48156,California
Mendocino,2021-06-18,281,87675,128,47888,123,36827,30,2960,80,6329,199,41936,109,48265,California
Mendocino,2021-06-19,76,87751,43,47931,26,36853,7,2967,17,6294,59,41995,24,48289,California
Mendocino,2021-06-20,12,87763,4,47935,4,36857,4,2971,7,6300,5,42000,11,48300,California
Mendocino,2021-06-21,100,87863,34,47969,55,36912,11,2982,43,6299,54,42054,53,48353,California
Mendocino,2021-06-22,133,87996,86,48055,34,36946,13,2995,56,6293,75,42129,69,48422,California
Mendocino,2021-06-23,227,88223,160,48215,37,36983,30,3025,101,6298,126,42255,131,48553,California
Mendocino,2021-06-24,197,88420,110,48325,70,37053,17,3042,73,6265,123,42378,90,48643,California
Mendocino,2021-06-25,184,88604,97,48422,74,37127,13,3055,71,6237,112,42490,84,48727,California
Mendocino,2021-06-26,72,88676,47,48469,21,37148,4,3059,21,6211,51,42541,25,48752,California
Mendocino,2021-06-27,23,88699,13,48482,9,37157,1,3060,13,6215,10,42551,14,48766,California
Mendocino,2021-06-28,64,88763,43,48525,11,37168,10,3070,20,6203,42,42593,30,48796,California
Mendocino,2021-06-29,153,88916,113,48638,38,37206,2,3072,44,6140,109,42702,46,48842,California
Mendocino,2021-06-30,181,89097,147,48785,27,37233,7,3079,57,6082,123,42825,65,48907,California
Mendocino,2021-07-01,114,89211,66,48851,38,37271,10,3089,65,6109,48,42873,75,48982,California
Mendocino,2021-07-02,105,89316,65,48916,30,37301,10,3099,50,6115,54,42927,60,49042,California
Mendocino,2021-07-03,39,89355,28,48944,9,37310,2,3101,18,6114,21,42948,20,49062,California
Mendocino,2021-07-04,1,89356,0,48944,1,37311,0,3101,1,6115,0,42948,1,49063,California
Mendocino,2021-07-05,37,89393,17,48961,15,37326,5,3106,15,6113,22,42970,20,49083,California
Mendocino,2021-07-06,210,89603,156,49117,41,37367,13,3119,88,6092,122,43092,101,49184,California
Mendocino,2021-07-07,85,89688,56,49173,23,37390,6,3125,36,6087,47,43139,42,49226,California
Mendocino,2021-07-08,85,89773,47,49220,31,37421,7,3132,37,6083,48,43187,44,49270,California
Mendocino,2021-07-09,162,89935,106,49326,34,37455,22,3154,70,6085,89,43276,91,49361,California
Mendocino,2021-07-10,11,89946,6,49332,5,37460,0,3154,8,6090,3,43279,8,49369,California
Merced,2020-12-16,3,3,3,3,0,0,0,0,3,3,0,0,3,3,California
Merced,2020-12-17,9,12,9,12,0,0,0,0,9,12,0,0,9,12,California
Merced,2020-12-18,147,159,147,159,0,0,0,0,147,159,0,0,147,159,California
Merced,2020-12-19,38,197,38,197,0,0,0,0,38,197,0,0,38,197,California
Merced,2020-12-20,18,215,18,215,0,0,0,0,18,215,0,0,18,215,California
Merced,2020-12-21,124,339,121,336,3,3,0,0,124,339,0,0,124,339,California
Merced,2020-12-22,153,492,153,489,0,3,0,0,153,492,0,0,153,492,California
Merced,2020-12-23,255,747,248,737,7,10,0,0,255,747,0,0,255,747,California
Merced,2020-12-24,72,819,72,809,0,10,0,0,72,819,0,0,72,819,California
Merced,2020-12-25,4,823,4,813,0,10,0,0,4,823,0,0,4,823,California
Merced,2020-12-26,6,829,3,816,3,13,0,0,6,829,0,0,6,829,California
Merced,2020-12-27,12,841,11,827,1,14,0,0,12,841,0,0,12,841,California
Merced,2020-12-28,123,964,98,925,25,39,0,0,123,964,0,0,123,964,California
Merced,2020-12-29,194,1158,124,1049,70,109,0,0,194,1158,0,0,194,1158,California
Merced,2020-12-30,218,1376,90,1139,128,237,0,0,218,1376,0,0,218,1376,California
Merced,2020-12-31,102,1478,33,1172,69,306,0,0,102,1478,0,0,102,1478,California
Merced,2021-01-01,6,1484,1,1173,5,311,0,0,6,1484,0,0,6,1484,California
Merced,2021-01-02,131,1615,120,1293,11,322,0,0,131,1615,0,0,131,1615,California
Merced,2021-01-03,9,1624,5,1298,4,326,0,0,9,1624,0,0,9,1624,California
Merced,2021-01-04,82,1706,42,1340,40,366,0,0,82,1706,0,0,82,1706,California
Merced,2021-01-05,330,2036,235,1575,95,461,0,0,324,2026,6,6,326,2032,California
Merced,2021-01-06,259,2295,106,1681,153,614,0,0,251,2271,8,14,253,2285,California
Merced,2021-01-07,188,2483,84,1765,104,718,0,0,175,2432,14,28,175,2460,California
Merced,2021-01-08,526,3009,393,2158,133,851,0,0,373,2653,152,180,373,2833,California
Merced,2021-01-09,22,3031,9,2167,13,864,0,0,17,2665,5,185,17,2850,California
Merced,2021-01-10,11,3042,7,2174,4,868,0,0,7,2668,4,189,7,2857,California
Merced,2021-01-11,230,3272,172,2346,58,926,0,0,101,2643,129,318,104,2961,California
Merced,2021-01-12,298,3570,173,2519,125,1051,0,0,248,2840,51,369,248,3209,California
Merced,2021-01-13,394,3964,178,2697,216,1267,0,0,239,2928,154,523,242,3451,California
Merced,2021-01-14,328,4292,205,2902,123,1390,0,0,161,2924,166,689,162,3613,California
Merced,2021-01-15,592,4884,133,3035,459,1849,0,0,553,3440,40,729,556,4169,California
Merced,2021-01-16,214,5098,130,3165,84,1933,0,0,197,3620,17,746,197,4366,California
Merced,2021-01-17,51,5149,12,3177,39,1972,0,0,49,3667,2,748,49,4415,California
Merced,2021-01-18,269,5418,130,3307,139,2111,0,0,244,3890,25,773,248,4663,California
Merced,2021-01-19,714,6132,588,3895,126,2237,0,0,540,4264,173,946,547,5210,California
Merced,2021-01-20,575,6707,468,4363,107,2344,0,0,518,4728,57,1003,521,5731,California
Merced,2021-01-21,1030,7737,654,5017,376,2720,0,0,927,5556,102,1105,930,6661,California
Merced,2021-01-22,1321,9058,697,5714,624,3344,0,0,1291,6831,29,1134,1304,7965,California
Merced,2021-01-23,336,9394,202,5916,134,3478,0,0,227,6949,109,1243,227,8192,California
Merced,2021-01-24,36,9430,15,5931,21,3499,0,0,28,6970,7,1250,28,8220,California
Merced,2021-01-25,746,10176,246,6177,500,3999,0,0,684,7594,61,1311,685,8905,California
Merced,2021-01-26,948,11124,487,6664,461,4460,0,0,692,8059,228,1539,693,9598,California
Merced,2021-01-27,1006,12130,590,7254,416,4876,0,0,833,8721,171,1710,833,10431,California
Merced,2021-01-28,1161,13291,596,7850,565,5441,0,0,1037,9637,123,1833,1039,11470,California
Merced,2021-01-29,875,14166,315,8165,560,6001,0,0,621,10019,242,2075,624,12094,California
Merced,2021-01-30,269,14435,28,8193,241,6242,0,0,252,10254,17,2092,252,12346,California
Merced,2021-01-31,49,14484,11,8204,38,6280,0,0,47,10300,1,2093,47,12393,California
Merced,2021-02-01,396,14880,51,8255,345,6625,0,0,343,10593,51,2144,344,12737,California
Merced,2021-02-02,315,15195,183,8438,132,6757,0,0,186,10654,126,2270,187,12924,California
Merced,2021-02-03,362,15557,78,8516,284,7041,0,0,180,10653,181,2451,180,13104,California
Merced,2021-02-04,389,15946,160,8676,229,7270,0,0,255,10776,133,2584,256,13360,California
Merced,2021-02-05,522,16468,179,8855,343,7613,0,0,281,10820,239,2823,283,13643,California
Merced,2021-02-06,395,16863,221,9076,174,7787,0,0,251,10931,141,2964,252,13895,California
Merced,2021-02-07,20,16883,13,9089,7,7794,0,0,13,10937,7,2971,13,13908,California
Merced,2021-02-08,290,17173,200,9289,90,7884,0,0,178,11006,110,3081,179,14087,California
Merced,2021-02-09,1227,18400,964,10253,263,8147,0,0,782,11352,437,3518,783,14870,California
Merced,2021-02-10,1909,20309,1446,11699,463,8610,0,0,1311,12075,588,4106,1311,16181,California
Merced,2021-02-11,2565,22874,2044,13743,521,9131,0,0,1844,13212,708,4814,1845,18026,California
Merced,2021-02-12,1745,24619,1028,14771,717,9848,0,0,765,13019,961,5775,768,18794,California
Merced,2021-02-13,371,24990,212,14983,159,10007,0,0,270,13195,96,5871,272,19066,California
Merced,2021-02-14,119,25109,27,15010,92,10099,0,0,97,13271,22,5893,98,19164,California
Merced,2021-02-15,280,25389,43,15053,237,10336,0,0,172,13343,101,5994,173,19337,California
Merced,2021-02-16,1239,26628,856,15909,383,10719,0,0,846,13820,373,6367,850,20187,California
Merced,2021-02-17,1913,28541,1666,17575,247,10966,0,0,1334,14603,559,6926,1342,21529,California
Merced,2021-02-18,1282,29823,875,18450,407,11373,0,0,454,14254,807,7733,458,21987,California
Merced,2021-02-19,1292,31115,440,18890,852,12225,0,0,554,14079,731,8464,556,22543,California
Merced,2021-02-20,292,31407,35,18925,257,12482,0,0,144,14077,146,8610,144,22687,California
Merced,2021-02-21,84,31491,68,18993,16,12498,0,0,31,14057,51,8661,31,22718,California
Merced,2021-02-22,852,32343,299,19292,553,13051,0,0,486,14181,364,9025,488,23206,California
Merced,2021-02-23,1119,33462,432,19724,687,13738,0,0,647,14365,466,9491,650,23856,California
Merced,2021-02-24,861,34323,310,20034,551,14289,0,0,455,14427,394,9885,456,24312,California
Merced,2021-02-25,1833,36156,912,20946,921,15210,0,0,1346,15293,483,10368,1349,25661,California
Merced,2021-02-26,2225,38381,1414,22360,811,16021,0,0,1759,16599,454,10822,1760,27421,California
Merced,2021-02-27,2635,41016,1197,23557,1438,17459,0,0,2341,18648,292,11114,2341,29762,California
Merced,2021-02-28,324,41340,76,23633,247,17706,1,1,257,18842,63,11177,257,30019,California
Merced,2021-03-01,1162,42502,286,23919,875,18581,1,2,788,19267,364,11541,789,30808,California
Merced,2021-03-02,1897,44399,1039,24958,857,19438,1,3,1486,20353,404,11945,1490,32298,California
Merced,2021-03-03,2479,46878,1972,26930,506,19944,1,4,1702,21302,755,12700,1704,34002,California
Merced,2021-03-04,3156,50034,2528,29458,626,20570,2,6,2164,22497,972,13672,2167,36169,California
Merced,2021-03-05,2363,52397,1474,30932,865,21435,24,30,1808,23789,541,14213,1833,38002,California
Merced,2021-03-06,1181,53578,671,31603,488,21923,22,52,912,24455,268,14481,934,38936,California
Merced,2021-03-07,246,53824,71,31674,143,22066,32,84,211,24663,35,14516,243,39179,California
Merced,2021-03-08,1565,55389,950,32624,548,22614,67,151,1328,25821,236,14752,1394,40573,California
Merced,2021-03-09,1890,57279,1145,33769,637,23251,108,259,1221,26490,660,15412,1329,41902,California
Merced,2021-03-10,2967,60246,1989,35758,778,24029,200,459,1637,27019,1312,16724,1841,43743,California
Merced,2021-03-11,2227,62473,840,36598,1182,25211,205,664,1235,27508,972,17696,1461,45204,California
Merced,2021-03-12,2550,65023,1113,37711,1162,26373,275,939,1656,28563,888,18584,1943,47147,California
Merced,2021-03-13,1032,66055,322,38033,468,26841,242,1181,712,29203,312,18896,952,48099,California
Merced,2021-03-14,268,66323,155,38188,82,26923,31,1212,150,29270,114,19010,181,48280,California
Merced,2021-03-15,1723,68046,671,38859,795,27718,257,1469,1187,30188,525,19535,1443,49723,California
Merced,2021-03-16,1665,69711,880,39739,558,28276,227,1696,1142,31047,511,20046,1370,51093,California
Merced,2021-03-17,2322,72033,1393,41132,748,29024,181,1877,1844,32607,466,20512,2026,53119,California
Merced,2021-03-18,2265,74298,1381,42513,734,29758,150,2027,1408,33339,839,21351,1571,54690,California
Merced,2021-03-19,2807,77105,1584,44097,1028,30786,195,2222,1402,33543,1392,22743,1596,56286,California
Merced,2021-03-20,2470,79575,1532,45629,542,31328,396,2618,969,33419,1493,24236,1369,57655,California
Merced,2021-03-21,570,80145,346,45975,211,31539,13,2631,448,33762,120,24356,463,58118,California
Merced,2021-03-22,1283,81428,641,46616,565,32104,77,2708,894,34355,380,24736,973,59091,California
Merced,2021-03-23,1978,83406,1235,47851,677,32781,66,2774,1372,35198,595,25331,1438,60529,California
Merced,2021-03-24,1728,85134,1169,49020,523,33304,36,2810,1005,35529,710,26041,1041,61570,California
Merced,2021-03-25,3630,88764,2559,51579,1048,34352,23,2833,2123,36195,1483,27524,2149,63719,California
Merced,2021-03-26,2207,90971,1345,52924,825,35177,37,2870,901,35857,1275,28799,937,64656,California
Merced,2021-03-27,3600,94571,1927,54851,1250,36427,423,3293,1568,35833,2016,30815,1992,66648,California
Merced,2021-03-28,526,95097,218,55069,301,36728,7,3300,213,35744,310,31125,221,66869,California
Merced,2021-03-29,1960,97057,890,55959,899,37627,171,3471,681,35332,1266,32391,854,67723,California
Merced,2021-03-30,2294,99351,923,56882,1312,38939,59,3530,1012,35129,1276,33667,1073,68796,California
Merced,2021-03-31,2395,101746,1488,58370,722,39661,185,3715,993,34930,1377,35044,1178,69974,California
Merced,2021-04-01,2607,104353,1063,59433,1186,40847,358,4073,1067,34830,1524,36568,1424,71398,California
Merced,2021-04-02,2484,106837,750,60183,1310,42157,424,4497,800,34405,1639,38207,1214,72612,California
Merced,2021-04-03,1099,107936,608,60791,472,42629,19,4516,667,34670,422,38629,687,73299,California
Merced,2021-04-04,374,108310,143,60934,227,42856,4,4520,141,34584,232,38861,146,73445,California
Merced,2021-04-05,1514,109824,832,61766,469,43325,213,4733,411,34115,1093,39954,624,74069,California
Merced,2021-04-06,2613,112437,1070,62836,713,44038,830,5563,892,34123,1713,41667,1721,75790,California
Merced,2021-04-07,1924,114361,1136,63972,680,44718,108,5671,593,33537,1290,42957,704,76494,California
Merced,2021-04-08,2512,116873,1357,65329,935,45653,220,5891,993,33278,1468,44425,1209,77703,California
Merced,2021-04-09,1716,118589,484,65813,653,46306,579,6470,560,33284,1134,45559,1140,78843,California
Merced,2021-04-10,987,119576,371,66184,428,46734,188,6658,178,32845,803,46362,364,79207,California
Merced,2021-04-11,489,120065,282,66466,72,46806,135,6793,148,32790,339,46701,284,79491,California
Merced,2021-04-12,1529,121594,1000,67466,405,47211,124,6917,871,33168,618,47319,996,80487,California
Merced,2021-04-13,2065,123659,1477,68943,586,47797,2,6919,936,33082,1028,48347,942,81429,California
Merced,2021-04-14,2259,125918,1400,70343,859,48656,0,6919,1049,33058,1074,49421,1050,82479,California
Merced,2021-04-15,3061,128979,1995,72338,1066,49722,0,6919,945,32129,1878,51299,949,83428,California
Merced,2021-04-16,2420,131399,1176,73514,1244,50966,0,6919,964,31744,1349,52648,964,84392,California
Merced,2021-04-17,2157,133556,1483,74997,673,51639,1,6920,663,30925,1486,54134,667,85059,California
Merced,2021-04-18,523,134079,298,75295,225,51864,0,6920,200,30830,295,54429,200,85259,California
Merced,2021-04-19,1376,135455,761,76056,615,52479,0,6920,709,30973,566,54995,709,85968,California
Merced,2021-04-20,1560,137015,797,76853,763,53242,0,6920,813,31112,674,55669,813,86781,California
Merced,2021-04-21,1660,138675,1045,77898,615,53857,0,6920,804,31177,740,56409,805,87586,California
Merced,2021-04-22,1728,140403,796,78694,932,54789,0,6920,788,31120,846,57255,789,88375,California
Merced,2021-04-23,1715,142118,732,79426,983,55772,0,6920,923,31301,743,57998,924,89299,California
Merced,2021-04-24,885,143003,707,80133,178,55950,0,6920,555,31532,324,58322,555,89854,California
Merced,2021-04-25,334,143337,193,80326,141,56091,0,6920,192,31588,137,58459,193,90047,California
Merced,2021-04-26,1294,144631,563,80889,731,56822,0,6920,648,31630,608,59067,650,90697,California
Merced,2021-04-27,1844,146475,940,81829,892,57714,12,6932,745,31359,1028,60095,757,91454,California
Merced,2021-04-28,1445,147920,727,82556,710,58424,8,6940,821,31591,598,60693,830,92284,California
Merced,2021-04-29,1512,149432,684,83240,803,59227,25,6965,717,31550,784,61477,743,93027,California
Merced,2021-04-30,1520,150952,655,83895,821,60048,44,7009,786,31654,727,62204,831,93858,California
Merced,2021-05-01,570,151522,243,84138,323,60371,4,7013,267,31628,296,62500,270,94128,California
Merced,2021-05-02,305,151827,123,84261,167,60538,15,7028,126,31592,178,62678,142,94270,California
Merced,2021-05-03,877,152704,575,84836,228,60766,74,7102,317,31429,556,63234,393,94663,California
Merced,2021-05-04,1082,153786,593,85429,437,61203,52,7154,396,31198,679,63913,448,95111,California
Merced,2021-05-05,1476,155262,967,86396,433,61636,76,7230,648,31109,813,64726,724,95835,California
Merced,2021-05-06,954,156216,510,86906,394,62030,50,7280,316,30845,630,65356,366,96201,California
Merced,2021-05-07,1184,157400,523,87429,619,62649,42,7322,462,30636,717,66073,508,96709,California
Merced,2021-05-08,451,157851,253,87682,162,62811,36,7358,218,30658,232,66305,254,96963,California
Merced,2021-05-09,215,158066,107,87789,101,62912,7,7365,96,30643,118,66423,103,97066,California
Merced,2021-05-10,728,158794,384,88173,307,63219,37,7402,201,30358,524,66947,239,97305,California
Merced,2021-05-11,1205,159999,724,88897,421,63640,60,7462,476,30171,723,67670,536,97841,California
Merced,2021-05-12,1124,161123,645,89542,437,64077,42,7504,387,29867,734,68404,430,98271,California
Merced,2021-05-13,951,162074,540,90082,369,64446,42,7546,426,29816,519,68923,468,98739,California
Merced,2021-05-14,1080,163154,664,90746,376,64822,40,7586,568,29918,506,69429,608,99347,California
Merced,2021-05-15,766,163920,582,91328,165,64987,19,7605,454,30092,301,69730,475,99822,California
Merced,2021-05-16,371,164291,254,91582,108,65095,9,7614,215,30164,153,69883,225,100047,California
Merced,2021-05-17,1109,165400,723,92305,356,65451,30,7644,543,30179,559,70442,574,100621,California
Merced,2021-05-18,1290,166690,862,93167,397,65848,31,7675,711,30350,571,71013,742,101363,California
Merced,2021-05-19,1154,167844,763,93930,384,66232,7,7682,645,30501,505,71518,656,102019,California
Merced,2021-05-20,1066,168910,564,94494,446,66678,56,7738,402,30299,662,72180,460,102479,California
Merced,2021-05-21,1205,170115,698,95192,479,67157,28,7766,489,30113,704,72884,518,102997,California
Merced,2021-05-22,786,170901,567,95759,205,67362,14,7780,472,30291,311,73195,489,103486,California
Merced,2021-05-23,359,171260,260,96019,86,67448,13,7793,236,30418,122,73317,249,103735,California
Merced,2021-05-24,635,171895,273,96292,331,67779,31,7824,233,30288,395,73712,265,104000,California
Merced,2021-05-25,776,172671,435,96727,307,68086,34,7858,391,30332,380,74092,424,104424,California
Merced,2021-05-26,1010,173681,560,97287,417,68503,33,7891,402,30162,606,74698,436,104860,California
Merced,2021-05-27,934,174615,657,97944,240,68743,37,7928,559,30388,371,75069,597,105457,California
Merced,2021-05-28,777,175392,353,98297,378,69121,46,7974,333,30332,435,75504,379,105836,California
Merced,2021-05-29,394,175786,273,98570,113,69234,8,7982,160,30270,231,75735,169,106005,California
Merced,2021-05-30,213,175999,144,98714,58,69292,11,7993,128,30324,85,75820,139,106144,California
Merced,2021-05-31,111,176110,25,98739,80,69372,6,7999,31,30284,78,75898,38,106182,California
Merced,2021-06-01,868,176978,542,99281,292,69664,34,8033,316,30088,546,76444,350,106532,California
Merced,2021-06-02,757,177735,484,99765,246,69910,27,8060,341,30047,409,76853,368,106900,California
Merced,2021-06-03,763,178498,484,100249,245,70155,34,8094,300,29924,457,77310,334,107234,California
Merced,2021-06-04,838,179336,453,100702,363,70518,22,8116,307,29730,524,77834,330,107564,California
Merced,2021-06-05,512,179848,405,101107,95,70613,12,8128,191,29617,316,78150,203,107767,California
Merced,2021-06-06,230,180078,193,101300,31,70644,6,8134,82,29557,148,78298,88,107855,California
Merced,2021-06-07,665,180743,533,101833,119,70763,13,8147,195,29297,470,78768,210,108065,California
Merced,2021-06-08,867,181610,640,102473,203,70966,24,8171,274,29007,588,79356,298,108363,California
Merced,2021-06-09,885,182495,652,103125,218,71184,15,8186,264,28677,610,79966,280,108643,California
Merced,2021-06-10,652,183147,448,103573,181,71365,23,8209,264,28583,381,80347,287,108930,California
Merced,2021-06-11,583,183730,373,103946,193,71558,17,8226,242,28506,338,80685,261,109191,California
Merced,2021-06-12,596,184326,487,104433,85,71643,24,8250,178,28292,416,81101,202,109393,California
Merced,2021-06-13,258,184584,134,104567,117,71760,7,8257,63,28167,195,81296,70,109463,California
Merced,2021-06-14,550,185134,360,104927,156,71916,34,8291,250,28155,297,81593,285,109748,California
Merced,2021-06-15,790,185924,562,105489,201,72117,27,8318,270,27941,512,82105,298,110046,California
Merced,2021-06-16,725,186649,504,105993,199,72316,22,8340,331,27910,384,82489,353,110399,California
Merced,2021-06-17,740,187389,564,106557,145,72461,31,8371,238,27685,494,82983,269,110668,California
Merced,2021-06-18,780,188169,511,107068,237,72698,32,8403,391,27726,382,83365,423,111091,California
Merced,2021-06-19,367,188536,252,107320,88,72786,27,8430,199,27785,166,83531,225,111316,California
Merced,2021-06-20,244,188780,190,107510,46,72832,8,8438,142,27834,101,83632,150,111466,California
Merced,2021-06-21,322,189102,196,107706,114,72946,12,8450,200,27925,121,83753,212,111678,California
Merced,2021-06-22,518,189620,358,108064,139,73085,21,8471,254,27937,264,84017,276,111954,California
Merced,2021-06-23,582,190202,362,108426,209,73294,11,8482,289,27952,285,84302,300,112254,California
Merced,2021-06-24,544,190746,383,108809,129,73423,32,8514,251,27947,288,84590,283,112537,California
Merced,2021-06-25,487,191233,341,109150,122,73545,24,8538,254,27999,226,84816,278,112815,California
Merced,2021-06-26,186,191419,127,109277,52,73597,7,8545,91,28005,93,84909,99,112914,California
Merced,2021-06-27,207,191626,146,109423,40,73637,21,8566,120,28060,86,84995,141,113055,California
Merced,2021-06-28,339,191965,223,109646,99,73736,17,8583,177,28095,159,85154,194,113249,California
Merced,2021-06-29,333,192298,197,109843,114,73850,22,8605,156,28097,176,85330,178,113427,California
Merced,2021-06-30,443,192741,250,110093,171,74021,22,8627,245,28171,193,85523,267,113694,California
Merced,2021-07-01,371,193112,247,110340,111,74132,13,8640,212,28238,159,85682,226,113920,California
Merced,2021-07-02,385,193497,269,110609,102,74234,14,8654,213,28297,169,85851,228,114148,California
Merced,2021-07-03,194,193691,122,110731,60,74294,12,8666,100,28317,92,85943,112,114260,California
Merced,2021-07-04,17,193708,5,110736,11,74305,1,8667,8,28317,9,85952,9,114269,California
Merced,2021-07-05,235,193943,154,110890,77,74382,4,8671,127,28340,108,86060,131,114400,California
Merced,2021-07-06,350,194293,220,111110,116,74498,14,8685,150,28309,195,86255,164,114564,California
Merced,2021-07-07,361,194654,204,111314,145,74643,12,8697,159,28280,200,86455,171,114735,California
Merced,2021-07-08,376,195030,272,111586,103,74746,1,8698,163,28232,213,86668,165,114900,California
Merced,2021-07-09,433,195463,307,111893,104,74850,22,8720,192,28205,240,86908,213,115113,California
Merced,2021-07-10,103,195566,70,111963,27,74877,6,8726,44,28196,59,86967,50,115163,California
Modoc,2020-12-16,1,1,1,1,0,0,0,0,1,1,0,0,1,1,California
Modoc,2020-12-21,99,100,99,100,0,0,0,0,99,100,0,0,99,100,California
Modoc,2020-12-22,14,114,14,114,0,0,0,0,14,114,0,0,14,114,California
Modoc,2020-12-23,4,118,4,118,0,0,0,0,4,118,0,0,4,118,California
Modoc,2020-12-24,1,119,1,119,0,0,0,0,1,119,0,0,1,119,California
Modoc,2020-12-28,2,121,2,121,0,0,0,0,2,121,0,0,2,121,California
Modoc,2020-12-29,10,131,1,122,9,9,0,0,10,131,0,0,10,131,California
Modoc,2020-12-30,7,138,0,122,7,16,0,0,7,138,0,0,7,138,California
Modoc,2021-01-02,3,141,1,123,2,18,0,0,3,141,0,0,3,141,California
Modoc,2021-01-04,8,149,0,123,8,26,0,0,8,149,0,0,8,149,California
Modoc,2021-01-05,3,152,2,125,1,27,0,0,3,152,0,0,3,152,California
Modoc,2021-01-06,3,155,2,127,1,28,0,0,2,153,1,1,2,154,California
Modoc,2021-01-07,72,227,0,127,72,100,0,0,72,225,0,1,72,226,California
Modoc,2021-01-08,105,332,0,127,105,205,0,0,105,330,0,1,105,331,California
Modoc,2021-01-10,1,333,1,128,0,205,0,0,0,329,1,2,0,331,California
Modoc,2021-01-11,90,423,81,209,9,214,0,0,19,277,71,73,19,350,California
Modoc,2021-01-12,94,517,25,234,69,283,0,0,68,319,26,99,68,418,California
Modoc,2021-01-13,24,541,4,238,20,303,0,0,22,339,2,101,22,440,California
Modoc,2021-01-14,128,669,6,244,122,425,0,0,123,457,5,106,123,563,California
Modoc,2021-01-15,6,675,1,245,5,430,0,0,6,463,0,106,6,569,California
Modoc,2021-01-16,2,677,1,246,1,431,0,0,2,465,0,106,2,571,California
Modoc,2021-01-18,3,680,1,247,2,433,0,0,3,468,0,106,3,574,California
Modoc,2021-01-19,5,685,3,250,2,435,0,0,3,469,2,108,3,577,California
Modoc,2021-01-20,11,696,1,251,10,445,0,0,11,480,0,108,11,588,California
Modoc,2021-01-21,157,853,2,253,155,600,0,0,157,637,0,108,157,745,California
Modoc,2021-01-22,2,855,0,253,2,602,0,0,2,639,0,108,2,747,California
Modoc,2021-01-25,11,866,0,253,11,613,0,0,11,650,0,108,11,758,California
Modoc,2021-01-26,65,931,1,254,64,677,0,0,65,715,0,108,65,823,California
Modoc,2021-01-27,43,974,3,257,40,717,0,0,27,726,16,124,27,850,California
Modoc,2021-01-28,146,1120,2,259,144,861,0,0,145,870,1,125,145,995,California
Modoc,2021-01-29,3,1123,1,260,2,863,0,0,3,873,0,125,3,998,California
Modoc,2021-02-01,26,1149,13,273,13,876,0,0,12,871,14,139,12,1010,California
Modoc,2021-02-02,170,1319,2,275,168,1044,0,0,167,1035,3,142,167,1177,California
Modoc,2021-02-03,18,1337,13,288,5,1049,0,0,11,1039,7,149,11,1188,California
Modoc,2021-02-04,155,1492,4,292,151,1200,0,0,27,938,128,277,27,1215,California
Modoc,2021-02-05,2,1494,2,294,0,1200,0,0,1,938,1,278,1,1216,California
Modoc,2021-02-08,9,1503,2,296,7,1207,0,0,8,945,1,279,8,1224,California
Modoc,2021-02-09,197,1700,13,309,184,1391,0,0,65,878,132,411,65,1289,California
Modoc,2021-02-10,5,1705,2,311,3,1394,0,0,4,881,1,412,4,1293,California
Modoc,2021-02-11,202,1907,3,314,199,1593,0,0,85,849,117,529,85,1378,California
Modoc,2021-02-12,4,1911,0,314,4,1597,0,0,2,849,2,531,2,1380,California
Modoc,2021-02-13,2,1913,0,314,2,1599,0,0,1,849,1,532,1,1381,California
Modoc,2021-02-16,147,2060,6,320,141,1740,0,0,141,984,6,538,141,1522,California
Modoc,2021-02-17,25,2085,2,322,23,1763,0,0,12,983,13,551,12,1534,California
Modoc,2021-02-18,187,2272,2,324,185,1948,0,0,23,845,163,714,25,1559,California
Modoc,2021-02-19,3,2275,3,327,0,1948,0,0,2,846,1,715,2,1561,California
Modoc,2021-02-20,1,2276,1,328,0,1948,0,0,0,845,1,716,0,1561,California
Modoc,2021-02-22,19,2295,9,337,10,1958,0,0,3,832,16,732,3,1564,California
Modoc,2021-02-23,20,2315,2,339,18,1976,0,0,1,814,19,751,1,1565,California
Modoc,2021-02-24,91,2406,1,340,90,2066,0,0,31,785,60,811,31,1596,California
Modoc,2021-02-25,169,2575,0,340,169,2235,0,0,12,640,157,968,12,1608,California
Modoc,2021-02-26,3,2578,0,340,3,2238,0,0,1,639,2,970,1,1609,California
Modoc,2021-02-27,4,2582,4,344,0,2238,0,0,2,639,2,972,2,1611,California
Modoc,2021-03-01,6,2588,0,344,6,2244,0,0,1,636,4,976,1,1612,California
Modoc,2021-03-02,193,2781,12,356,181,2425,0,0,26,495,167,1143,26,1638,California
Modoc,2021-03-03,12,2793,6,362,6,2431,0,0,2,487,10,1153,2,1640,California
Modoc,2021-03-04,174,2967,2,364,172,2603,0,0,147,607,27,1180,147,1787,California
Modoc,2021-03-05,3,2970,3,367,0,2603,0,0,2,608,1,1181,2,1789,California
Modoc,2021-03-06,11,2981,0,367,1,2604,10,10,1,609,10,1191,11,1800,California
Modoc,2021-03-07,8,2989,2,369,0,2604,6,16,2,611,6,1197,8,1808,California
Modoc,2021-03-08,8,2997,1,370,3,2607,4,20,1,610,6,1203,5,1813,California
Modoc,2021-03-09,127,3124,10,380,108,2715,9,29,61,614,66,1269,70,1883,California
Modoc,2021-03-10,9,3133,3,383,2,2717,4,33,4,617,5,1274,8,1891,California
Modoc,2021-03-11,207,3340,0,383,99,2816,108,141,22,562,185,1459,130,2021,California
Modoc,2021-03-12,10,3350,1,384,4,2820,5,146,4,565,6,1465,9,2030,California
Modoc,2021-03-13,6,3356,0,384,3,2823,3,149,1,564,5,1470,4,2034,California
Modoc,2021-03-15,12,3368,1,385,10,2833,1,150,10,573,2,1472,11,2045,California
Modoc,2021-03-16,174,3542,2,387,168,3001,4,154,42,486,132,1604,45,2090,California
Modoc,2021-03-17,10,3552,1,388,4,3005,5,159,2,485,8,1612,7,2097,California
Modoc,2021-03-18,66,3618,2,390,57,3062,7,166,34,494,32,1644,41,2138,California
Modoc,2021-03-19,5,3623,0,390,0,3062,5,171,0,494,5,1649,5,2143,California
Modoc,2021-03-20,5,3628,2,392,0,3062,3,174,0,492,5,1654,3,2146,California
Modoc,2021-03-21,3,3631,1,393,0,3062,2,176,1,493,2,1656,3,2149,California
Modoc,2021-03-22,17,3648,1,394,11,3073,5,181,12,505,5,1661,17,2166,California
Modoc,2021-03-23,37,3685,7,401,27,3100,3,184,28,527,9,1670,31,2197,California
Modoc,2021-03-24,29,3714,1,402,18,3118,10,194,1,510,28,1698,11,2208,California
Modoc,2021-03-25,76,3790,1,403,73,3191,2,196,44,524,32,1730,46,2254,California
Modoc,2021-03-26,7,3797,2,405,2,3193,3,199,2,524,5,1735,5,2259,California
Modoc,2021-03-27,2,3799,0,405,1,3194,1,200,1,525,1,1736,2,2261,California
Modoc,2021-03-28,2,3801,1,406,0,3194,1,201,0,524,2,1738,1,2262,California
Modoc,2021-03-29,14,3815,1,407,5,3199,8,209,5,528,9,1747,13,2275,California
Modoc,2021-03-30,54,3869,9,416,38,3237,7,216,20,521,34,1781,27,2302,California
Modoc,2021-03-31,10,3879,3,419,3,3240,4,220,4,523,6,1787,8,2310,California
Modoc,2021-04-01,167,4046,2,421,160,3400,5,225,32,425,135,1922,37,2347,California
Modoc,2021-04-02,5,4051,0,421,2,3402,3,228,1,426,3,1925,4,2351,California
Modoc,2021-04-03,5,4056,2,423,0,3402,3,231,2,428,2,1927,4,2355,California
Modoc,2021-04-05,9,4065,0,423,9,3411,0,231,9,437,0,1927,9,2364,California
Modoc,2021-04-06,24,4089,5,428,9,3420,10,241,6,435,18,1945,16,2380,California
Modoc,2021-04-07,12,4101,1,429,4,3424,7,248,3,436,9,1954,10,2390,California
Modoc,2021-04-08,95,4196,1,430,92,3516,2,250,26,395,69,2023,28,2418,California
Modoc,2021-04-09,11,4207,2,432,6,3522,3,253,2,390,9,2032,4,2422,California
Modoc,2021-04-10,5,4212,0,432,1,3523,4,257,0,389,5,2037,4,2426,California
Modoc,2021-04-11,2,4214,2,434,0,3523,0,257,1,389,1,2038,1,2427,California
Modoc,2021-04-12,14,4228,0,434,10,3533,4,261,1,383,11,2049,5,2432,California
Modoc,2021-04-13,30,4258,29,463,1,3534,0,261,21,395,9,2058,21,2453,California
Modoc,2021-04-14,2,4260,2,465,0,3534,0,261,1,395,1,2059,1,2454,California
Modoc,2021-04-15,100,4360,0,465,100,3634,0,261,27,350,72,2131,27,2481,California
Modoc,2021-04-16,4,4364,4,469,0,3634,0,261,3,352,1,2132,3,2484,California
Modoc,2021-04-17,2,4366,2,471,0,3634,0,261,2,354,0,2132,2,2486,California
Modoc,2021-04-18,1,4367,0,471,1,3635,0,261,1,355,0,2132,1,2487,California
Modoc,2021-04-19,7,4374,0,471,7,3642,0,261,2,352,5,2137,2,2489,California
Modoc,2021-04-20,26,4400,2,473,24,3666,0,261,8,342,18,2155,8,2497,California
Modoc,2021-04-21,3,4403,3,476,0,3666,0,261,1,341,2,2157,1,2498,California
Modoc,2021-04-22,94,4497,1,477,93,3759,0,261,38,323,56,2213,38,2536,California
Modoc,2021-04-23,4,4501,0,477,4,3763,0,261,3,325,1,2214,3,2539,California
Modoc,2021-04-24,2,4503,0,477,1,3764,1,262,1,326,1,2215,2,2541,California
Modoc,2021-04-25,1,4504,1,478,0,3764,0,262,1,327,0,2215,1,2542,California
Modoc,2021-04-26,7,4511,0,478,7,3771,0,262,2,324,5,2220,2,2544,California
Modoc,2021-04-27,5,4516,4,482,0,3771,1,263,0,320,5,2225,1,2545,California
Modoc,2021-04-28,7,4523,1,483,5,3776,1,264,2,318,5,2230,3,2548,California
Modoc,2021-04-29,63,4586,2,485,61,3837,0,264,22,299,41,2271,22,2570,California
Modoc,2021-04-30,4,4590,3,488,1,3838,0,264,2,299,2,2273,2,2572,California
Modoc,2021-05-01,1,4591,1,489,0,3838,0,264,0,298,1,2274,0,2572,California
Modoc,2021-05-02,3,4594,3,492,0,3838,0,264,2,299,1,2275,2,2574,California
Modoc,2021-05-03,12,4606,0,492,11,3849,1,265,2,292,10,2285,3,2577,California
Modoc,2021-05-04,11,4617,3,495,6,3855,2,267,5,293,6,2291,7,2584,California
Modoc,2021-05-05,27,4644,24,519,2,3857,1,268,8,283,19,2310,9,2593,California
Modoc,2021-05-06,54,4698,3,522,49,3906,2,270,21,273,33,2343,23,2616,California
Modoc,2021-05-07,8,4706,3,525,3,3909,2,272,2,271,6,2349,4,2620,California
Modoc,2021-05-08,3,4709,2,527,0,3909,1,273,1,271,2,2351,2,2622,California
Modoc,2021-05-09,1,4710,1,528,0,3909,0,273,0,270,1,2352,0,2622,California
Modoc,2021-05-10,2,4712,0,528,1,3910,1,274,1,271,1,2353,2,2624,California
Modoc,2021-05-11,3,4715,2,530,0,3910,1,275,0,269,3,2356,1,2625,California
Modoc,2021-05-12,2,4717,0,530,0,3910,2,277,0,269,2,2358,2,2627,California
Modoc,2021-05-13,42,4759,0,530,38,3948,4,281,14,259,28,2386,18,2645,California
Modoc,2021-05-14,8,4767,3,533,0,3948,5,286,3,262,5,2391,8,2653,California
Modoc,2021-05-15,4,4771,3,536,1,3949,0,286,4,266,0,2391,4,2657,California
Modoc,2021-05-16,2,4773,1,537,1,3950,0,286,0,264,2,2393,0,2657,California
Modoc,2021-05-17,5,4778,3,540,2,3952,0,286,4,267,1,2394,4,2661,California
Modoc,2021-05-18,23,4801,12,552,9,3961,2,288,14,274,9,2403,16,2677,California
Modoc,2021-05-19,8,4809,1,553,3,3964,4,292,4,278,4,2407,8,2685,California
Modoc,2021-05-20,59,4868,3,556,47,4011,9,301,8,244,51,2458,17,2702,California
Modoc,2021-05-21,6,4874,4,560,1,4012,1,302,1,241,5,2463,2,2704,California
Modoc,2021-05-22,3,4877,2,562,1,4013,0,302,2,242,1,2464,2,2706,California
Modoc,2021-05-23,2,4879,2,564,0,4013,0,302,0,240,2,2466,0,2706,California
Modoc,2021-05-24,4,4883,1,565,1,4014,2,304,2,242,2,2468,4,2710,California
Modoc,2021-05-25,2,4885,1,566,1,4015,0,304,1,242,1,2469,1,2711,California
Modoc,2021-05-26,36,4921,33,599,3,4018,0,304,27,260,9,2478,27,2738,California
Modoc,2021-05-27,28,4949,1,600,22,4040,5,309,6,249,22,2500,11,2749,California
Modoc,2021-05-28,8,4957,1,601,4,4044,3,312,3,250,5,2505,6,2755,California
Modoc,2021-05-29,1,4958,1,602,0,4044,0,312,0,249,1,2506,0,2755,California
Modoc,2021-05-31,1,4959,0,602,0,4044,1,313,0,249,0,2506,0,2755,California
Modoc,2021-06-01,6,4965,0,602,5,4049,1,314,2,248,4,2510,3,2758,California
Modoc,2021-06-02,7,4972,0,602,5,4054,2,316,3,249,4,2514,5,2763,California
Modoc,2021-06-03,25,4997,1,603,22,4076,2,318,4,234,21,2535,6,2769,California
Modoc,2021-06-04,5,5002,3,606,1,4077,1,319,0,230,5,2540,1,2770,California
Modoc,2021-06-05,1,5003,0,606,1,4078,0,319,0,229,1,2541,0,2770,California
Modoc,2021-06-07,4,5007,4,610,0,4078,0,319,1,227,3,2544,1,2771,California
Modoc,2021-06-08,29,5036,10,620,18,4096,1,320,18,235,11,2555,19,2790,California
Modoc,2021-06-09,3,5039,2,622,1,4097,0,320,2,236,1,2556,2,2792,California
Modoc,2021-06-10,21,5060,1,623,19,4116,1,321,7,230,14,2570,8,2800,California
Modoc,2021-06-11,4,5064,2,625,1,4117,1,322,2,231,2,2572,3,2803,California
Modoc,2021-06-12,1,5065,1,626,0,4117,0,322,0,230,1,2573,0,2803,California
Modoc,2021-06-14,4,5069,0,626,2,4119,2,324,0,228,4,2577,2,2805,California
Modoc,2021-06-15,7,5076,1,627,4,4123,2,326,4,231,3,2580,6,2811,California
Modoc,2021-06-16,41,5117,25,652,11,4134,5,331,22,241,19,2599,29,2840,California
Modoc,2021-06-17,46,5163,20,672,25,4159,1,332,27,250,19,2618,28,2868,California
Modoc,2021-06-18,5,5168,0,672,3,4162,2,334,3,253,2,2620,5,2873,California
Modoc,2021-06-19,3,5171,0,672,1,4163,2,336,1,254,2,2622,3,2876,California
Modoc,2021-06-21,1,5172,0,672,1,4164,0,336,1,255,0,2622,1,2877,California
Modoc,2021-06-22,11,5183,4,676,7,4171,0,336,9,262,2,2624,9,2886,California
Modoc,2021-06-23,6,5189,0,676,3,4174,3,339,1,261,5,2629,4,2890,California
Modoc,2021-06-24,33,5222,14,690,15,4189,4,343,22,276,11,2640,26,2916,California
Modoc,2021-06-25,7,5229,0,690,5,4194,2,345,2,275,5,2645,4,2920,California
Modoc,2021-06-28,4,5233,1,691,3,4197,0,345,3,277,1,2646,3,2923,California
Modoc,2021-06-29,8,5241,1,692,6,4203,1,346,5,280,3,2649,6,2929,California
Modoc,2021-06-30,8,5249,1,693,7,4210,0,346,5,282,3,2652,5,2934,California
Modoc,2021-07-01,23,5272,11,704,1,4211,11,357,9,288,14,2666,20,2954,California
Modoc,2021-07-02,2,5274,2,706,0,4211,0,357,0,286,2,2668,0,2954,California
Modoc,2021-07-03,3,5277,0,706,3,4214,0,357,3,289,0,2668,3,2957,California
Modoc,2021-07-06,12,5289,5,711,7,4221,0,357,7,291,5,2673,7,2964,California
Modoc,2021-07-07,6,5295,1,712,4,4225,1,358,3,292,3,2676,4,2968,California
Modoc,2021-07-08,71,5366,35,747,31,4256,5,363,18,262,53,2729,23,2991,California
Modoc,2021-07-09,1,5367,0,747,0,4256,1,364,0,262,1,2730,1,2992,California
Mono,2020-12-18,1,1,1,1,0,0,0,0,1,1,0,0,1,1,California
Mono,2020-12-19,5,6,5,6,0,0,0,0,5,6,0,0,5,6,California
Mono,2020-12-20,7,13,7,13,0,0,0,0,7,13,0,0,7,13,California
Mono,2020-12-21,24,37,17,30,7,7,0,0,24,37,0,0,24,37,California
Mono,2020-12-22,67,104,65,95,2,9,0,0,67,104,0,0,67,104,California
Mono,2020-12-23,70,174,43,138,27,36,0,0,70,174,0,0,70,174,California
Mono,2020-12-24,3,177,1,139,2,38,0,0,3,177,0,0,3,177,California
Mono,2020-12-26,3,180,3,142,0,38,0,0,3,180,0,0,3,180,California
Mono,2020-12-27,1,181,0,142,1,39,0,0,1,181,0,0,1,181,California
Mono,2020-12-28,94,275,63,205,31,70,0,0,94,275,0,0,94,275,California
Mono,2020-12-29,29,304,29,234,0,70,0,0,29,304,0,0,29,304,California
Mono,2020-12-30,77,381,36,270,41,111,0,0,77,381,0,0,77,381,California
Mono,2020-12-31,4,385,1,271,3,114,0,0,4,385,0,0,4,385,California
Mono,2021-01-01,4,389,4,275,0,114,0,0,4,389,0,0,4,389,California
Mono,2021-01-02,2,391,2,277,0,114,0,0,2,391,0,0,2,391,California
Mono,2021-01-04,2,393,0,277,2,116,0,0,2,393,0,0,2,393,California
Mono,2021-01-05,45,438,2,279,43,159,0,0,44,436,1,1,44,437,California
Mono,2021-01-06,44,482,0,279,44,203,0,0,44,480,0,1,44,481,California
Mono,2021-01-07,55,537,3,282,52,255,0,0,53,532,2,3,54,535,California
Mono,2021-01-08,2,539,1,283,1,256,0,0,1,532,1,4,1,536,California
Mono,2021-01-09,4,543,4,287,0,256,0,0,0,528,4,8,0,536,California
Mono,2021-01-10,5,548,5,292,0,256,0,0,0,523,5,13,0,536,California
Mono,2021-01-11,8,556,5,297,3,259,0,0,4,523,4,17,4,540,California
Mono,2021-01-12,283,839,75,372,208,467,0,0,219,679,63,80,219,759,California
Mono,2021-01-13,234,1073,73,445,161,628,0,0,179,803,55,135,179,938,California
Mono,2021-01-14,74,1147,72,517,2,630,0,0,73,875,1,136,73,1011,California
Mono,2021-01-15,65,1212,3,520,62,692,0,0,65,940,0,136,65,1076,California
Mono,2021-01-16,3,1215,3,523,0,692,0,0,0,937,3,139,0,1076,California
Mono,2021-01-18,64,1279,55,578,9,701,0,0,2,877,62,201,2,1078,California
Mono,2021-01-19,209,1488,206,784,3,704,0,0,171,1011,38,239,172,1250,California
Mono,2021-01-20,234,1722,200,984,34,738,0,0,172,1121,62,301,172,1422,California
Mono,2021-01-21,4,1726,4,988,0,738,0,0,4,1125,0,301,4,1426,California
Mono,2021-01-22,4,1730,0,988,4,742,0,0,4,1129,0,301,4,1430,California
Mono,2021-01-23,588,2318,588,1576,0,742,0,0,587,1715,1,302,587,2017,California
Mono,2021-01-24,1,2319,0,1576,1,743,0,0,0,1714,1,303,0,2017,California
Mono,2021-01-25,200,2519,162,1738,38,781,0,0,161,1836,39,342,161,2178,California
Mono,2021-01-26,500,3019,498,2236,2,783,0,0,494,2324,6,348,494,2672,California
Mono,2021-01-27,4,3023,0,2236,4,787,0,0,4,2328,0,348,4,2676,California
Mono,2021-01-28,6,3029,2,2238,4,791,0,0,2,2326,4,352,2,2678,California
Mono,2021-01-30,196,3225,194,2432,2,793,0,0,195,2520,1,353,195,2873,California
Mono,2021-01-31,241,3466,136,2568,105,898,0,0,137,2553,104,457,137,3010,California
Mono,2021-02-01,27,3493,27,2595,0,898,0,0,0,2526,27,484,0,3010,California
Mono,2021-02-02,5,3498,0,2595,5,903,0,0,2,2525,3,487,2,3012,California
Mono,2021-02-03,4,3502,2,2597,2,905,0,0,2,2525,2,489,2,3014,California
Mono,2021-02-04,214,3716,159,2756,55,960,0,0,91,2495,121,610,91,3105,California
Mono,2021-02-05,609,4325,603,3359,6,966,0,0,606,3098,3,613,606,3711,California
Mono,2021-02-06,134,4459,133,3492,1,967,0,0,133,3230,1,614,133,3844,California
Mono,2021-02-07,2,4461,0,3492,2,969,0,0,2,3232,0,614,2,3846,California
Mono,2021-02-08,170,4631,170,3662,0,969,0,0,15,3093,154,768,15,3861,California
Mono,2021-02-09,231,4862,6,3668,225,1194,0,0,14,2890,217,985,14,3875,California
Mono,2021-02-10,540,5402,187,3855,353,1547,0,0,198,2747,342,1327,199,4074,California
Mono,2021-02-11,8,5410,5,3860,3,1550,0,0,3,2745,5,1332,3,4077,California
Mono,2021-02-12,89,5499,21,3881,68,1618,0,0,27,2710,62,1394,27,4104,California
Mono,2021-02-13,585,6084,583,4464,2,1620,0,0,26,2178,558,1952,26,4130,California
Mono,2021-02-15,167,6251,165,4629,2,1622,0,0,2,2017,163,2115,2,4132,California
Mono,2021-02-16,519,6770,515,5144,4,1626,0,0,44,1590,472,2587,45,4177,California
Mono,2021-02-17,6,6776,1,5145,5,1631,0,0,2,1588,4,2591,2,4179,California
Mono,2021-02-18,4,6780,2,5147,2,1633,0,0,3,1590,1,2592,3,4182,California
Mono,2021-02-19,56,6836,55,5202,1,1634,0,0,56,1646,0,2592,56,4238,California
Mono,2021-02-20,4,6840,4,5206,0,1634,0,0,4,1650,0,2592,4,4242,California
Mono,2021-02-21,6,6846,6,5212,0,1634,0,0,4,1652,2,2594,4,4246,California
Mono,2021-02-22,298,7144,297,5509,1,1635,0,0,26,1407,271,2865,26,4272,California
Mono,2021-02-23,151,7295,130,5639,21,1656,0,0,25,1306,126,2991,25,4297,California
Mono,2021-02-24,11,7306,3,5642,8,1664,0,0,4,1303,7,2998,4,4301,California
Mono,2021-02-25,5,7311,2,5644,3,1667,0,0,3,1305,1,2999,3,4304,California
Mono,2021-02-26,595,7906,593,6237,2,1669,0,0,21,753,573,3572,21,4325,California
Mono,2021-02-27,137,8043,133,6370,4,1673,0,0,4,626,131,3703,4,4329,California
Mono,2021-02-28,1,8044,0,6370,0,1673,1,1,0,626,1,3704,1,4330,California
Mono,2021-03-01,3,8047,2,6372,1,1674,0,1,2,628,0,3704,2,4332,California
Mono,2021-03-02,6,8053,4,6376,2,1676,0,1,4,630,2,3706,4,4336,California
Mono,2021-03-03,113,8166,3,6379,110,1786,0,1,109,736,3,3709,109,4445,California
Mono,2021-03-04,6,8172,2,6381,4,1790,0,1,3,736,3,3712,3,4448,California
Mono,2021-03-05,37,8209,28,6409,9,1799,0,1,13,725,24,3736,13,4461,California
Mono,2021-03-06,506,8715,18,6427,488,2287,0,1,497,1216,7,3743,498,4959,California
Mono,2021-03-07,1,8716,0,6427,1,2288,0,1,0,1215,1,3744,0,4959,California
Mono,2021-03-08,527,9243,11,6438,513,2801,3,4,517,1725,10,3754,520,5479,California
Mono,2021-03-09,7,9250,3,6441,3,2804,1,5,3,1726,3,3757,4,5483,California
Mono,2021-03-10,287,9537,91,6532,193,2997,3,8,8,1461,276,4033,11,5494,California
Mono,2021-03-11,10,9547,0,6532,1,2998,9,17,0,1460,10,4043,9,5503,California
Mono,2021-03-12,6,9553,1,6533,1,2999,4,21,0,1458,6,4049,4,5507,California
Mono,2021-03-13,818,10371,381,6914,437,3436,0,21,808,2256,10,4059,808,6315,California
Mono,2021-03-14,5,10376,5,6919,0,3436,0,21,1,2253,4,4063,1,6316,California
Mono,2021-03-15,31,10407,23,6942,3,3439,5,26,14,2256,16,4079,19,6335,California
Mono,2021-03-16,16,10423,6,6948,4,3443,6,32,8,2262,8,4087,14,6349,California
Mono,2021-03-17,34,10457,6,6954,20,3463,8,40,21,2278,13,4100,29,6378,California
Mono,2021-03-18,21,10478,2,6956,11,3474,8,48,8,2281,13,4113,16,6394,California
Mono,2021-03-19,21,10499,1,6957,17,3491,3,51,17,2298,3,4116,20,6414,California
Mono,2021-03-20,5,10504,3,6960,1,3492,1,52,4,2302,1,4117,5,6419,California
Mono,2021-03-21,1,10505,1,6961,0,3492,0,52,1,2303,0,4117,1,6420,California
Mono,2021-03-22,11,10516,0,6961,6,3498,5,57,5,2307,6,4123,10,6430,California
Mono,2021-03-23,43,10559,6,6967,32,3530,5,62,17,2304,25,4148,22,6452,California
Mono,2021-03-24,14,10573,1,6968,8,3538,5,67,5,2306,9,4157,11,6463,California
Mono,2021-03-25,19,10592,3,6971,12,3550,4,71,12,2315,7,4164,16,6479,California
Mono,2021-03-26,19,10611,3,6974,11,3561,5,76,10,2322,8,4172,15,6494,California
Mono,2021-03-27,353,10964,350,7324,3,3564,0,76,325,2619,28,4200,325,6819,California
Mono,2021-03-29,10,10974,3,7327,6,3570,1,77,8,2626,2,4202,9,6828,California
Mono,2021-03-30,12,10986,0,7327,8,3578,4,81,7,2632,5,4207,11,6839,California
Mono,2021-03-31,134,11120,7,7334,126,3704,1,82,23,2546,110,4317,24,6863,California
Mono,2021-04-01,9,11129,0,7334,8,3712,1,83,4,2546,5,4322,5,6868,California
Mono,2021-04-02,19,11148,2,7336,17,3729,0,83,8,2543,11,4333,8,6876,California
Mono,2021-04-03,858,12006,369,7705,489,4218,0,83,48,1784,807,5140,48,6924,California
Mono,2021-04-04,1,12007,1,7706,0,4218,0,83,0,1783,1,5141,0,6924,California
Mono,2021-04-05,527,12534,18,7724,508,4726,1,84,35,1328,491,5632,36,6960,California
Mono,2021-04-06,19,12553,1,7725,5,4731,13,97,1,1324,18,5650,14,6974,California
Mono,2021-04-07,23,12576,2,7727,2,4733,19,116,2,1324,21,5671,21,6995,California
Mono,2021-04-08,26,12602,4,7731,3,4736,19,135,6,1329,20,5691,25,7020,California
Mono,2021-04-09,39,12641,4,7735,6,4742,29,164,9,1337,30,5721,38,7058,California
Mono,2021-04-10,451,13092,2,7737,442,5184,7,171,30,953,421,6142,37,7095,California
Mono,2021-04-11,1,13093,1,7738,0,5184,0,171,0,952,1,6143,0,7095,California
Mono,2021-04-12,6,13099,0,7738,3,5187,3,174,3,955,3,6146,6,7101,California
Mono,2021-04-13,19,13118,2,7740,16,5203,1,175,13,963,6,6152,14,7115,California
Mono,2021-04-14,27,13145,2,7742,25,5228,0,175,9,954,18,6170,9,7124,California
Mono,2021-04-15,18,13163,4,7746,14,5242,0,175,10,956,8,6178,10,7134,California
Mono,2021-04-16,18,13181,1,7747,17,5259,0,175,7,952,11,6189,7,7141,California
Mono,2021-04-17,52,13233,2,7749,50,5309,0,175,45,990,7,6196,45,7186,California
Mono,2021-04-18,1,13234,0,7749,1,5310,0,175,1,991,0,6196,1,7187,California
Mono,2021-04-19,536,13770,327,8076,209,5519,0,175,202,862,331,6527,202,7389,California
Mono,2021-04-20,15,13785,2,8078,13,5532,0,175,10,867,5,6532,10,7399,California
Mono,2021-04-21,7,13792,0,8078,7,5539,0,175,2,864,5,6537,2,7401,California
Mono,2021-04-22,25,13817,11,8089,14,5553,0,175,11,861,14,6551,11,7412,California
Mono,2021-04-23,22,13839,2,8091,20,5573,0,175,12,863,10,6561,12,7424,California
Mono,2021-04-24,35,13874,21,8112,14,5587,0,175,20,868,15,6576,20,7444,California
Mono,2021-04-25,3,13877,2,8114,1,5588,0,175,3,871,0,6576,3,7447,California
Mono,2021-04-26,12,13889,2,8116,10,5598,0,175,3,865,9,6585,3,7450,California
Mono,2021-04-27,66,13955,41,8157,18,5616,7,182,50,906,16,6601,57,7507,California
Mono,2021-04-28,61,14016,40,8197,17,5633,4,186,47,945,12,6613,51,7558,California
Mono,2021-04-29,10,14026,3,8200,4,5637,3,189,3,944,7,6620,6,7564,California
Mono,2021-04-30,19,14045,3,8203,12,5649,4,193,8,945,11,6631,12,7576,California
Mono,2021-05-01,109,14154,5,8208,104,5753,0,193,96,1029,12,6643,96,7672,California
Mono,2021-05-03,2,14156,1,8209,1,5754,0,193,1,1029,1,6644,1,7673,California
Mono,2021-05-04,19,14175,0,8209,13,5767,6,199,10,1036,9,6653,16,7689,California
Mono,2021-05-05,52,14227,8,8217,40,5807,4,203,45,1078,7,6660,49,7738,California
Mono,2021-05-06,16,14243,4,8221,11,5818,1,204,10,1083,6,6666,11,7749,California
Mono,2021-05-07,30,14273,22,8243,8,5826,0,204,25,1103,5,6671,25,7774,California
Mono,2021-05-08,53,14326,7,8250,46,5872,0,204,24,1098,29,6700,24,7798,California
Mono,2021-05-09,1,14327,1,8251,0,5872,0,204,0,1098,0,6700,0,7798,California
Mono,2021-05-10,18,14345,1,8252,13,5885,4,208,9,1102,9,6709,13,7811,California
Mono,2021-05-11,15,14360,2,8254,10,5895,3,211,5,1100,10,6719,8,7819,California
Mono,2021-05-12,12,14372,0,8254,11,5906,1,212,4,1097,8,6727,5,7824,California
Mono,2021-05-13,48,14420,31,8285,16,5922,1,213,38,1126,10,6737,39,7863,California
Mono,2021-05-14,11,14431,1,8286,9,5931,1,214,6,1128,5,6742,7,7870,California
Mono,2021-05-15,65,14496,24,8310,35,5966,6,220,19,1107,46,6788,25,7895,California
Mono,2021-05-16,6,14502,4,8314,1,5967,1,221,2,1106,4,6792,3,7898,California
Mono,2021-05-17,250,14752,34,8348,209,6176,7,228,54,973,195,6987,62,7960,California
Mono,2021-05-18,134,14886,110,8458,23,6199,1,229,87,1015,47,7034,89,8049,California
Mono,2021-05-19,119,15005,112,8570,2,6201,5,234,75,1051,44,7078,80,8129,California
Mono,2021-05-20,71,15076,56,8626,10,6211,5,239,54,1093,17,7095,59,8188,California
Mono,2021-05-21,23,15099,4,8630,16,6227,3,242,10,1093,13,7108,13,8201,California
Mono,2021-05-22,22,15121,12,8642,8,6235,2,244,16,1105,6,7114,18,8219,California
Mono,2021-05-23,2,15123,0,8642,2,6237,0,244,1,1105,1,7115,1,8220,California
Mono,2021-05-24,15,15138,1,8643,13,6250,1,245,9,1110,6,7121,11,8231,California
Mono,2021-05-25,14,15152,5,8648,9,6259,0,245,8,1112,6,7127,8,8239,California
Mono,2021-05-26,18,15170,2,8650,15,6274,1,246,7,1109,11,7138,8,8247,California
Mono,2021-05-27,8,15178,0,8650,8,6282,0,246,5,1112,2,7140,5,8252,California
Mono,2021-05-28,42,15220,28,8678,14,6296,0,246,11,1092,31,7171,11,8263,California
Mono,2021-05-29,128,15348,26,8704,99,6395,3,249,32,1031,96,7267,35,8298,California
Mono,2021-06-01,16,15364,7,8711,9,6404,0,249,9,1033,7,7274,9,8307,California
Mono,2021-06-02,47,15411,4,8715,43,6447,0,249,10,1006,37,7311,10,8317,California
Mono,2021-06-03,11,15422,1,8716,7,6454,3,252,1,1000,10,7321,4,8321,California
Mono,2021-06-04,12,15434,1,8717,10,6464,1,253,3,995,9,7330,4,8325,California
Mono,2021-06-05,44,15478,23,8740,21,6485,0,253,5,961,39,7369,5,8330,California
Mono,2021-06-06,1,15479,0,8740,1,6486,0,253,0,960,1,7370,0,8330,California
Mono,2021-06-07,98,15577,86,8826,8,6494,4,257,11,888,87,7457,15,8345,California
Mono,2021-06-08,113,15690,103,8929,8,6502,2,259,12,801,101,7558,14,8359,California
Mono,2021-06-09,6,15696,1,8930,5,6507,0,259,1,797,5,7563,1,8360,California
Mono,2021-06-10,6,15702,0,8930,4,6511,2,261,2,797,4,7567,4,8364,California
Mono,2021-06-11,74,15776,62,8992,7,6518,5,266,6,740,68,7635,11,8375,California
Mono,2021-06-12,1,15777,1,8993,0,6518,0,266,0,739,1,7636,0,8375,California
Mono,2021-06-13,1,15778,0,8993,1,6519,0,266,1,740,0,7636,1,8376,California
Mono,2021-06-14,64,15842,30,9023,28,6547,6,272,19,720,45,7681,25,8401,California
Mono,2021-06-15,8,15850,5,9028,3,6550,0,272,4,720,4,7685,4,8405,California
Mono,2021-06-16,14,15864,5,9033,9,6559,0,272,6,718,8,7693,6,8411,California
Mono,2021-06-17,6,15870,1,9034,3,6562,2,274,2,718,4,7697,4,8415,California
Mono,2021-06-18,5,15875,3,9037,1,6563,1,275,1,717,3,7700,2,8417,California
Mono,2021-06-19,3,15878,3,9040,0,6563,0,275,3,720,0,7700,3,8420,California
Mono,2021-06-20,1,15879,0,9040,1,6564,0,275,0,719,1,7701,0,8420,California
Mono,2021-06-21,14,15893,2,9042,10,6574,2,277,3,714,10,7711,5,8425,California
Mono,2021-06-22,13,15906,2,9044,10,6584,1,278,4,711,8,7719,5,8430,California
Mono,2021-06-23,12,15918,0,9044,6,6590,6,284,2,710,10,7729,9,8439,California
Mono,2021-06-24,7,15925,0,9044,5,6595,2,286,2,709,5,7734,4,8443,California
Mono,2021-06-25,33,15958,22,9066,11,6606,0,286,7,690,26,7760,7,8450,California
Mono,2021-06-26,1,15959,1,9067,0,6606,0,286,0,689,1,7761,0,8450,California
Mono,2021-06-27,1,15960,0,9067,1,6607,0,286,1,690,0,7761,1,8451,California
Mono,2021-06-28,11,15971,7,9074,1,6608,3,289,2,686,9,7770,5,8456,California
Mono,2021-06-29,2,15973,2,9076,0,6608,0,289,2,688,0,7770,2,8458,California
Mono,2021-06-30,7,15980,1,9077,3,6611,3,292,3,690,4,7774,6,8464,California
Mono,2021-07-01,8,15988,1,9078,4,6615,3,295,2,689,6,7780,5,8469,California
Mono,2021-07-02,39,16027,35,9113,2,6617,2,297,14,680,25,7805,16,8485,California
Mono,2021-07-05,4,16031,0,9113,3,6620,1,298,3,683,1,7806,4,8489,California
Mono,2021-07-06,11,16042,2,9115,5,6625,4,302,4,684,7,7813,8,8497,California
Mono,2021-07-07,7,16049,4,9119,3,6628,0,302,2,681,5,7818,2,8499,California
Mono,2021-07-08,11,16060,9,9128,1,6629,1,303,4,680,6,7824,5,8504,California
Mono,2021-07-09,6,16066,1,9129,4,6633,1,304,2,679,4,7828,3,8507,California
Mono,2021-07-10,3,16069,3,9132,0,6633,0,304,2,680,1,7829,2,8509,California
Monterey,2020-12-16,6,6,6,6,0,0,0,0,6,6,0,0,6,6,California
Monterey,2020-12-17,87,93,87,93,0,0,0,0,87,93,0,0,87,93,California
Monterey,2020-12-18,489,582,489,582,0,0,0,0,489,582,0,0,489,582,California
Monterey,2020-12-19,581,1163,580,1162,1,1,0,0,580,1162,0,0,580,1162,California
Monterey,2020-12-20,421,1584,420,1582,1,2,0,0,421,1583,0,0,421,1583,California
Monterey,2020-12-21,723,2307,723,2305,0,2,0,0,723,2306,0,0,723,2306,California
Monterey,2020-12-22,535,2842,522,2827,13,15,0,0,535,2841,0,0,535,2841,California
Monterey,2020-12-23,444,3286,267,3094,177,192,0,0,444,3285,0,0,444,3285,California
Monterey,2020-12-24,84,3370,10,3104,74,266,0,0,84,3369,0,0,84,3369,California
Monterey,2020-12-25,6,3376,0,3104,6,272,0,0,6,3375,0,0,6,3375,California
Monterey,2020-12-26,92,3468,5,3109,87,359,0,0,92,3467,0,0,92,3467,California
Monterey,2020-12-27,6,3474,3,3112,3,362,0,0,6,3473,0,0,6,3473,California
Monterey,2020-12-28,477,3951,25,3137,452,814,0,0,477,3950,0,0,477,3950,California
Monterey,2020-12-29,902,4853,169,3306,733,1547,0,0,902,4852,0,0,902,4852,California
Monterey,2020-12-30,566,5419,98,3404,468,2015,0,0,566,5418,0,0,566,5418,California
Monterey,2020-12-31,33,5452,11,3415,22,2037,0,0,33,5451,0,0,33,5451,California
Monterey,2021-01-01,13,5465,3,3418,10,2047,0,0,13,5464,0,0,13,5464,California
Monterey,2021-01-02,137,5602,134,3552,3,2050,0,0,137,5601,0,0,137,5601,California
Monterey,2021-01-03,30,5632,29,3581,1,2051,0,0,30,5631,0,0,30,5631,California
Monterey,2021-01-04,412,6044,19,3600,393,2444,0,0,412,6043,0,0,412,6043,California
Monterey,2021-01-05,757,6801,328,3928,429,2873,0,0,743,6772,14,14,743,6786,California
Monterey,2021-01-06,663,7464,176,4104,487,3360,0,0,638,7385,25,39,638,7424,California
Monterey,2021-01-07,752,8216,576,4680,176,3536,0,0,424,7483,326,365,424,7848,California
Monterey,2021-01-08,1093,9309,739,5419,354,3890,0,0,395,7180,698,1063,395,8243,California
Monterey,2021-01-09,962,10271,932,6351,30,3920,0,0,311,6842,649,1712,311,8554,California
Monterey,2021-01-10,273,10544,270,6621,3,3923,0,0,9,6587,264,1976,9,8563,California
Monterey,2021-01-11,1068,11612,986,7607,82,4005,0,0,365,6249,703,2679,365,8928,California
Monterey,2021-01-12,477,12089,396,8003,81,4086,0,0,211,6196,266,2945,213,9141,California
Monterey,2021-01-13,1222,13311,594,8597,628,4714,0,0,1176,7326,46,2991,1176,10317,California
Monterey,2021-01-14,1199,14510,244,8841,955,5669,0,0,1179,8489,20,3011,1183,11500,California
Monterey,2021-01-15,1057,15567,46,8887,1011,6680,0,0,1045,9522,12,3023,1045,12545,California
Monterey,2021-01-16,365,15932,300,9187,65,6745,0,0,360,9877,5,3028,360,12905,California
Monterey,2021-01-17,314,16246,294,9481,20,6765,0,0,302,10167,12,3040,302,13207,California
Monterey,2021-01-18,400,16646,50,9531,350,7115,0,0,378,10523,22,3062,378,13585,California
Monterey,2021-01-19,585,17231,400,9931,185,7300,0,0,421,10782,162,3224,421,14006,California
Monterey,2021-01-20,546,17777,270,10201,276,7576,0,0,336,10908,210,3434,336,14342,California
Monterey,2021-01-21,870,18647,116,10317,754,8330,0,0,758,11558,112,3546,762,15104,California
Monterey,2021-01-22,1072,19719,200,10517,872,9202,0,0,1031,12548,41,3587,1031,16135,California
Monterey,2021-01-23,245,19964,175,10692,70,9272,0,0,121,12548,123,3710,123,16258,California
Monterey,2021-01-24,62,20026,38,10730,24,9296,0,0,28,12542,34,3744,28,16286,California
Monterey,2021-01-25,800,20826,176,10906,624,9920,0,0,175,12099,618,4362,175,16461,California
Monterey,2021-01-26,954,21780,233,11139,721,10641,0,0,253,11651,701,5063,253,16714,California
Monterey,2021-01-27,856,22636,300,11439,556,11197,0,0,374,11543,482,5545,374,17088,California
Monterey,2021-01-28,2031,24667,741,12180,1290,12487,0,0,1685,12885,345,5890,1687,18775,California
Monterey,2021-01-29,1284,25951,715,12895,569,13056,0,0,1166,13935,117,6007,1167,19942,California
Monterey,2021-01-30,465,26416,295,13190,170,13226,0,0,209,13888,256,6263,209,20151,California
Monterey,2021-01-31,495,26911,73,13263,422,13648,0,0,484,14362,11,6274,485,20636,California
Monterey,2021-02-01,1641,28552,1125,14388,516,14164,0,0,1073,14868,567,6841,1073,21709,California
Monterey,2021-02-02,2187,30739,478,14866,1709,15873,0,0,1572,15826,614,7455,1572,23281,California
Monterey,2021-02-03,2335,33074,1042,15908,1293,17166,0,0,1555,16605,776,8231,1555,24836,California
Monterey,2021-02-04,2821,35895,2102,18010,719,17885,0,0,2467,18723,349,8580,2467,27303,California
Monterey,2021-02-05,3679,39574,2830,20840,849,18734,0,0,3232,21513,442,9022,3232,30535,California
Monterey,2021-02-06,1102,40676,379,21219,723,19457,0,0,757,21928,342,9364,757,31292,California
Monterey,2021-02-07,319,40995,273,21492,46,19503,0,0,97,21804,221,9585,97,31389,California
Monterey,2021-02-08,524,41519,293,21785,231,19734,0,0,423,22126,101,9686,423,31812,California
Monterey,2021-02-09,882,42401,685,22470,197,19931,0,0,569,22384,311,9997,569,32381,California
Monterey,2021-02-10,2097,44498,1106,23576,991,20922,0,0,1237,22763,860,10857,1239,33620,California
Monterey,2021-02-11,2522,47020,978,24554,1544,22466,0,0,1538,23321,982,11839,1540,35160,California
Monterey,2021-02-12,2630,49650,450,25004,2180,24646,0,0,1528,23749,1101,12940,1529,36689,California
Monterey,2021-02-13,1077,50727,50,25054,1027,25673,0,0,987,24647,89,13029,987,37676,California
Monterey,2021-02-14,597,51324,74,25128,523,26196,0,0,525,25100,72,13101,525,38201,California
Monterey,2021-02-15,1386,52710,167,25295,1219,27415,0,0,977,25671,407,13508,978,39179,California
Monterey,2021-02-16,1096,53806,247,25542,849,28264,0,0,870,26315,226,13734,870,40049,California
Monterey,2021-02-17,1977,55783,1180,26722,797,29061,0,0,1659,27659,317,14051,1661,41710,California
Monterey,2021-02-18,2240,58023,1179,27901,1061,30122,0,0,911,27257,1315,15366,913,42623,California
Monterey,2021-02-19,2965,60988,1545,29446,1420,31542,0,0,1351,26998,1612,16978,1353,43976,California
Monterey,2021-02-20,1038,62026,626,30072,412,31954,0,0,975,27912,62,17040,976,44952,California
Monterey,2021-02-21,1341,63367,1310,31382,31,31985,0,0,1263,29103,73,17113,1264,46216,California
Monterey,2021-02-22,1067,64434,912,32294,155,32140,0,0,684,29407,380,17493,684,46900,California
Monterey,2021-02-23,1021,65455,651,32945,370,32510,0,0,328,29044,692,18185,329,47229,California
Monterey,2021-02-24,2587,68042,1349,34294,1238,33748,0,0,1925,30313,657,18842,1926,49155,California
Monterey,2021-02-25,4590,72632,2494,36788,2096,35844,0,0,1540,28816,3039,21881,1542,50697,California
Monterey,2021-02-26,5393,78025,3135,39923,2258,38102,0,0,2682,28792,2707,24588,2683,53380,California
Monterey,2021-02-27,1047,79072,187,40110,860,38962,0,0,835,29421,206,24794,835,54215,California
Monterey,2021-02-28,1541,80613,88,40198,1452,40414,1,1,1069,30027,464,25258,1070,55285,California
Monterey,2021-03-01,1299,81912,142,40340,1154,41568,3,4,754,30246,538,25796,757,56042,California
Monterey,2021-03-02,2824,84736,1735,42075,1089,42657,0,4,1960,31346,860,26656,1960,58002,California
Monterey,2021-03-03,3222,87958,1247,43322,1975,44632,0,4,1282,30693,1936,28592,1283,59285,California
Monterey,2021-03-04,4577,92535,1479,44801,3098,47730,0,4,2942,32008,1629,30221,2944,62229,California
Monterey,2021-03-05,3678,96213,1622,46423,1776,49506,280,284,3003,34617,674,30895,3283,65512,California
Monterey,2021-03-06,5065,101278,1068,47491,3692,53198,305,589,4158,38173,905,31800,4461,69973,California
Monterey,2021-03-07,594,101872,108,47599,181,53379,305,894,246,38373,347,32147,547,70520,California
Monterey,2021-03-08,1679,103551,328,47927,958,54337,393,1287,1127,39338,552,32699,1517,72037,California
Monterey,2021-03-09,1997,105548,699,48626,1019,55356,279,1566,1488,40594,508,33207,1764,73801,California
Monterey,2021-03-10,3189,108737,1034,49660,1669,57025,486,2052,1473,40840,1709,34916,1955,75756,California
Monterey,2021-03-11,4168,112905,1412,51072,2382,59407,374,2426,2393,41840,1766,36682,2766,78522,California
Monterey,2021-03-12,4429,117334,2048,53120,2245,61652,136,2562,2731,43009,1695,38377,2864,81386,California
Monterey,2021-03-13,5309,122643,963,54083,3999,65651,347,2909,3982,46012,1325,39702,4328,85714,California
Monterey,2021-03-14,2156,124799,1322,55405,809,66460,25,2934,501,44900,1638,41340,526,86240,California
Monterey,2021-03-15,3994,128793,1274,56679,2417,68877,303,3237,2255,45725,1734,43074,2559,88799,California
Monterey,2021-03-16,3547,132340,593,57272,2563,71440,391,3628,2116,46800,1428,44502,2503,91302,California
Monterey,2021-03-17,5824,138164,2366,59638,3200,74640,258,3886,4191,49630,1624,46126,4454,95756,California
Monterey,2021-03-18,4463,142627,2164,61802,2129,76769,170,4056,3094,51567,1364,47490,3301,99057,California
Monterey,2021-03-19,5512,148139,2579,64381,2787,79556,146,4202,4210,54625,1297,48787,4355,103412,California
Monterey,2021-03-20,3372,151511,427,64808,2252,81808,693,4895,2282,56513,1086,49873,2974,106386,California
Monterey,2021-03-21,641,152152,216,65024,415,82223,10,4905,567,57017,72,49945,576,106962,California
Monterey,2021-03-22,2504,154656,1444,66468,997,83220,63,4968,2285,59147,216,50161,2346,109308,California
Monterey,2021-03-23,4027,158683,2360,68828,1624,84844,43,5011,2546,60260,1476,51637,2589,111897,California
Monterey,2021-03-24,5135,163818,2123,70951,2693,87537,319,5330,3741,62929,1387,53024,4056,115953,California
Monterey,2021-03-25,5339,169157,1231,72182,3749,91286,359,5689,2666,63290,2665,55689,3026,118979,California
Monterey,2021-03-26,5463,174620,2615,74797,2762,94048,86,5775,2723,63374,2727,58416,2811,121790,California
Monterey,2021-03-27,4850,179470,1451,76248,3144,97192,255,6030,3127,65038,1720,60136,3384,125174,California
Monterey,2021-03-28,1129,180599,348,76596,772,97964,9,6039,630,65186,491,60627,639,125813,California
Monterey,2021-03-29,3239,183838,1419,78015,1806,99770,14,6053,2005,65984,1226,61853,2024,127837,California
Monterey,2021-03-30,4525,188363,2142,80157,2337,102107,46,6099,2775,67069,1739,63592,2824,130661,California
Monterey,2021-03-31,5309,193672,2298,82455,2213,104320,798,6897,3307,69166,1997,65589,4094,134755,California
Monterey,2021-04-01,6147,199819,2064,84519,3671,107991,412,7309,3112,69665,3019,68608,3518,138273,California
Monterey,2021-04-02,4712,204531,2191,86710,2457,110448,64,7373,3167,71355,1543,70151,3233,141506,California
Monterey,2021-04-03,5942,210473,1116,87826,3780,114228,1046,8419,1233,68925,4701,74852,2271,143777,California
Monterey,2021-04-04,765,211238,156,87982,594,114822,15,8434,493,69163,271,75123,509,144286,California
Monterey,2021-04-05,4048,215286,2499,90481,1312,116134,237,8671,1509,68373,2534,77657,1744,146030,California
Monterey,2021-04-06,3450,218736,1354,91835,1623,117757,473,9144,1186,67768,2260,79917,1655,147685,California
Monterey,2021-04-07,5659,224395,1395,93230,3744,121501,520,9664,2713,68061,2935,82852,3228,150913,California
Monterey,2021-04-08,6698,231093,3516,96746,2370,123871,812,10476,3308,68797,3385,86237,4121,155034,California
Monterey,2021-04-09,5771,236864,3436,100182,1694,125565,641,11117,2295,68256,3473,89710,2932,157966,California
Monterey,2021-04-10,10302,247166,4963,105145,3129,128694,2210,13327,5001,70173,5286,94996,7203,165169,California
Monterey,2021-04-11,5519,252685,4336,109481,574,129268,609,13936,4467,74195,1046,96042,5068,170237,California
Monterey,2021-04-12,4159,256844,1883,111364,1960,131228,316,14252,964,72418,3056,99098,1279,171516,California
Monterey,2021-04-13,3231,260075,745,112109,2480,133708,6,14258,1551,72315,1662,100760,1559,173075,California
Monterey,2021-04-14,6857,266932,3187,115296,3667,137375,3,14261,1868,69222,4965,105725,1872,174947,California
Monterey,2021-04-15,5921,272853,3912,119208,2009,139384,0,14261,3883,71100,2006,107731,3884,178831,California
Monterey,2021-04-16,4783,277636,2330,121538,2439,141823,14,14275,2135,70618,2632,110363,2150,180981,California
Monterey,2021-04-17,5856,283492,1399,122937,4457,146280,0,14275,3794,72367,2046,112409,3795,184776,California
Monterey,2021-04-18,884,284376,294,123231,590,146870,0,14275,260,72007,620,113029,260,185036,California
Monterey,2021-04-19,3621,287997,1159,124390,2462,149332,0,14275,1647,71694,1960,114989,1647,186683,California
Monterey,2021-04-20,3850,291847,1549,125939,2301,151633,0,14275,1528,70925,2298,117287,1529,188212,California
Monterey,2021-04-21,6196,298043,3374,129313,2822,154455,0,14275,2958,70688,3197,120484,2960,191172,California
Monterey,2021-04-22,4902,302945,1071,130384,3831,158286,0,14275,1999,69828,2859,123343,1999,193171,California
Monterey,2021-04-23,5751,308696,2712,133096,3038,161324,1,14276,2265,68634,3465,126808,2271,195442,California
Monterey,2021-04-24,4295,312991,584,133680,3711,165035,0,14276,1548,67453,2730,129538,1549,196991,California
Monterey,2021-04-25,1242,314233,607,134287,635,165670,0,14276,786,67793,446,129984,786,197777,California
Monterey,2021-04-26,3787,318020,2245,136532,1525,167195,17,14293,982,66013,2779,132763,999,198776,California
Monterey,2021-04-27,2885,320905,946,137478,1799,168994,140,14433,1223,65718,1657,134420,1362,200138,California
Monterey,2021-04-28,3666,324571,1402,138880,2111,171105,153,14586,2253,66720,1399,135819,2401,202539,California
Monterey,2021-04-29,4556,329127,2441,141321,2039,173144,76,14662,1668,65591,2874,138693,1745,204284,California
Monterey,2021-04-30,3247,332374,1686,143007,1486,174630,75,14737,834,64095,2403,141096,907,205191,California
Monterey,2021-05-01,5641,338015,4233,147240,1368,175998,40,14777,684,59881,4936,146032,722,205913,California
Monterey,2021-05-02,4346,342361,3922,151162,397,176395,27,14804,300,56176,4032,150064,327,206240,California
Monterey,2021-05-03,2546,344907,1566,152728,866,177261,114,14918,585,54923,1952,152016,699,206939,California
Monterey,2021-05-04,1827,346734,627,153355,1110,178371,90,15008,660,54521,1153,153169,751,207690,California
Monterey,2021-05-05,3379,350113,1241,154596,2054,180425,84,15092,1072,53382,2296,155465,1157,208847,California
Monterey,2021-05-06,4221,354334,2780,157376,1225,181650,216,15308,1122,51636,3084,158549,1338,210185,California
Monterey,2021-05-07,1975,356309,953,158329,924,182574,98,15406,705,51178,1260,159809,802,210987,California
Monterey,2021-05-08,2715,359024,1482,159811,910,183484,323,15729,964,50725,1739,161548,1286,212273,California
Monterey,2021-05-09,394,359418,113,159924,254,183738,27,15756,128,50615,265,161813,155,212428,California
Monterey,2021-05-10,2827,362245,2080,162004,700,184438,47,15803,527,48903,2288,164101,576,213004,California
Monterey,2021-05-11,1865,364110,953,162957,834,185272,78,15881,759,48648,1093,165194,838,213842,California
Monterey,2021-05-12,3929,368039,2073,165030,1773,187045,83,15964,877,46571,3038,168232,961,214803,California
Monterey,2021-05-13,2689,370728,1605,166635,1029,188074,55,16019,1537,47022,1138,169370,1589,216392,California
Monterey,2021-05-14,1871,372599,580,167215,1191,189265,100,16119,735,46731,1126,170496,835,217227,California
Monterey,2021-05-15,3390,375989,826,168041,2298,191563,266,16385,953,45523,2423,172919,1215,218442,California
Monterey,2021-05-16,986,376975,633,168674,282,191845,71,16456,284,45181,696,173615,354,218796,California
Monterey,2021-05-17,2248,379223,1341,170015,830,192675,77,16533,1068,45160,1166,174781,1145,219941,California
Monterey,2021-05-18,1758,380981,690,170705,1024,193699,44,16577,812,45080,938,175719,858,220799,California
Monterey,2021-05-19,3635,384616,2359,173064,1186,194885,90,16667,1940,45423,1689,177408,2032,222831,California
Monterey,2021-05-20,2783,387399,982,174046,1692,196577,109,16776,935,44636,1834,179242,1047,223878,California
Monterey,2021-05-21,3282,390681,1325,175371,1864,198441,93,16869,1012,43485,2255,181497,1104,224982,California
Monterey,2021-05-22,2135,392816,735,176106,1120,199561,280,17149,812,43262,1313,182810,1090,226072,California
Monterey,2021-05-23,878,393694,521,176627,341,199902,16,17165,506,43418,366,183176,522,226594,California
Monterey,2021-05-24,1737,395431,563,177190,1112,201014,62,17227,575,42899,1157,184333,638,227232,California
Monterey,2021-05-25,1436,396867,550,177740,817,201831,69,17296,570,42687,851,185184,639,227871,California
Monterey,2021-05-26,2677,399544,1031,178771,1589,203420,57,17353,1014,42111,1647,186831,1071,228942,California
Monterey,2021-05-27,2493,402037,1366,180137,1070,204490,57,17410,896,41483,1582,188413,954,229896,California
Monterey,2021-05-28,1741,403778,580,180717,1101,205591,60,17470,749,41312,981,189394,810,230706,California
Monterey,2021-05-29,989,404767,635,181352,321,205912,33,17503,404,41170,580,189974,438,231144,California
Monterey,2021-05-30,380,405147,164,181516,202,206114,14,17517,143,41091,236,190210,157,231301,California
Monterey,2021-05-31,186,405333,34,181550,143,206257,9,17526,52,41019,133,190343,61,231362,California
Monterey,2021-06-01,1720,407053,922,182472,666,206923,132,17658,529,40504,1172,191515,657,232019,California
Monterey,2021-06-02,1691,408744,979,183451,662,207585,50,17708,702,40272,983,192498,751,232770,California
Monterey,2021-06-03,2225,410969,1418,184869,771,208356,36,17744,518,39129,1696,194194,553,233323,California
Monterey,2021-06-04,1332,412301,687,185556,611,208967,34,17778,532,38902,793,194987,566,233889,California
Monterey,2021-06-05,2182,414483,857,186413,705,209672,620,18398,478,38304,1688,196675,1090,234979,California
Monterey,2021-06-06,498,414981,408,186821,81,209753,9,18407,253,38321,244,196919,261,235240,California
Monterey,2021-06-07,943,415924,487,187308,409,210162,47,18454,363,38159,570,197489,408,235648,California
Monterey,2021-06-08,1177,417101,737,188045,416,210578,24,18478,415,37845,752,198241,438,236086,California
Monterey,2021-06-09,2922,420023,2194,190239,602,211180,126,18604,642,36337,2276,200517,768,236854,California
Monterey,2021-06-10,1523,421546,933,191172,529,211709,61,18665,540,35959,977,201494,599,237453,California
Monterey,2021-06-11,1402,422948,764,191936,562,212271,76,18741,509,35657,885,202379,583,238036,California
Monterey,2021-06-12,751,423699,512,192448,224,212495,15,18756,352,35627,397,202776,367,238403,California
Monterey,2021-06-13,597,424296,462,192910,122,212617,13,18769,115,35276,478,203254,127,238530,California
Monterey,2021-06-14,1407,425703,1012,193922,361,212978,34,18803,371,34651,1030,204284,405,238935,California
Monterey,2021-06-15,1161,426864,587,194509,451,213429,123,18926,399,34421,752,205036,522,239457,California
Monterey,2021-06-16,1589,428453,1108,195617,448,213877,33,18959,405,33683,1176,206212,438,239895,California
Monterey,2021-06-17,1187,429640,687,196304,343,214220,157,19116,427,33512,755,206967,584,240479,California
Monterey,2021-06-18,1207,430847,727,197031,451,214671,29,19145,536,33413,664,207631,565,241044,California
Monterey,2021-06-19,1311,432158,1014,198045,266,214937,31,19176,493,33127,810,208441,524,241568,California
Monterey,2021-06-20,236,432394,158,198203,70,215007,8,19184,81,33062,155,208596,90,241658,California
Monterey,2021-06-21,679,433073,373,198576,271,215278,35,19219,389,33200,285,208881,423,242081,California
Monterey,2021-06-22,1534,434607,988,199564,354,215632,192,19411,503,32873,1017,209898,690,242771,California
Monterey,2021-06-23,1081,435688,723,200287,324,215956,34,19445,439,32712,633,210531,472,243243,California
Monterey,2021-06-24,867,436555,519,200806,326,216282,22,19467,418,32707,445,210976,440,243683,California
Monterey,2021-06-25,1005,437560,622,201428,367,216649,16,19483,477,32676,523,211499,492,244175,California
Monterey,2021-06-26,608,438168,442,201870,154,216803,12,19495,336,32753,269,211768,346,244521,California
Monterey,2021-06-27,352,438520,272,202142,66,216869,14,19509,99,32614,252,212020,113,244634,California
Monterey,2021-06-28,575,439095,373,202515,171,217040,31,19540,251,32577,319,212339,282,244916,California
Monterey,2021-06-29,863,439958,529,203044,250,217290,84,19624,340,32482,518,212857,423,245339,California
Monterey,2021-06-30,1039,440997,703,203747,316,217606,20,19644,425,32318,609,213466,445,245784,California
Monterey,2021-07-01,767,441764,524,204271,220,217826,23,19667,348,32275,413,213879,370,246154,California
Monterey,2021-07-02,894,442658,495,204766,359,218185,40,19707,474,32376,412,214291,513,246667,California
Monterey,2021-07-03,565,443223,431,205197,130,218315,4,19711,263,32344,298,214589,266,246933,California
Monterey,2021-07-04,33,443256,23,205220,9,218324,1,19712,22,32356,11,214600,23,246956,California
Monterey,2021-07-05,385,443641,234,205454,144,218468,7,19719,174,32328,209,214809,181,247137,California
Monterey,2021-07-06,840,444481,579,206033,237,218705,24,19743,355,32226,481,215290,379,247516,California
Monterey,2021-07-07,770,445251,511,206544,236,218941,23,19766,379,32243,385,215675,402,247918,California
Monterey,2021-07-08,776,446027,442,206986,309,219250,25,19791,290,32082,474,216149,313,248231,California
Monterey,2021-07-09,932,446959,568,207554,336,219586,28,19819,389,31962,536,216685,416,248647,California
Monterey,2021-07-10,639,447598,391,207945,123,219709,125,19944,290,32028,344,217029,410,249057,California
Napa,2020-12-16,13,13,13,13,0,0,0,0,13,13,0,0,13,13,California
Napa,2020-12-17,46,59,46,59,0,0,0,0,46,59,0,0,46,59,California
Napa,2020-12-18,107,166,107,166,0,0,0,0,107,166,0,0,107,166,California
Napa,2020-12-19,222,388,222,388,0,0,0,0,222,388,0,0,222,388,California
Napa,2020-12-20,190,578,190,578,0,0,0,0,190,578,0,0,190,578,California
Napa,2020-12-21,315,893,315,893,0,0,0,0,316,894,0,0,316,894,California
Napa,2020-12-22,337,1230,328,1221,9,9,0,0,337,1231,0,0,337,1231,California
Napa,2020-12-23,437,1667,325,1546,112,121,0,0,437,1668,0,0,437,1668,California
Napa,2020-12-24,138,1805,77,1623,61,182,0,0,138,1806,0,0,138,1806,California
Napa,2020-12-26,40,1845,11,1634,29,211,0,0,40,1846,0,0,40,1846,California
Napa,2020-12-27,32,1877,16,1650,16,227,0,0,32,1878,0,0,32,1878,California
Napa,2020-12-28,252,2129,184,1834,68,295,0,0,278,2156,0,0,278,2156,California
Napa,2020-12-29,274,2403,215,2049,59,354,0,0,307,2463,0,0,307,2463,California
Napa,2020-12-30,632,3035,484,2533,148,502,0,0,640,3103,0,0,640,3103,California
Napa,2020-12-31,462,3497,373,2906,89,591,0,0,462,3565,0,0,462,3565,California
Napa,2021-01-01,1,3498,1,2907,0,591,0,0,1,3566,0,0,1,3566,California
Napa,2021-01-02,95,3593,90,2997,5,596,0,0,95,3661,0,0,95,3661,California
Napa,2021-01-03,14,3607,12,3009,2,598,0,0,9,3670,0,0,9,3670,California
Napa,2021-01-04,105,3712,62,3071,43,641,0,0,105,3775,0,0,105,3775,California
Napa,2021-01-05,163,3875,86,3157,77,718,0,0,146,3897,24,24,146,3921,California
Napa,2021-01-06,466,4341,119,3276,347,1065,0,0,399,4231,65,89,399,4320,California
Napa,2021-01-07,499,4840,237,3513,262,1327,0,0,394,4521,104,193,394,4714,California
Napa,2021-01-08,443,5283,229,3742,214,1541,0,0,259,4597,183,376,259,4973,California
Napa,2021-01-09,328,5611,303,4045,25,1566,0,0,190,4649,138,514,190,5163,California
Napa,2021-01-10,186,5797,103,4148,83,1649,0,0,109,4681,77,591,109,5272,California
Napa,2021-01-11,870,6667,420,4568,450,2099,0,0,500,4812,371,962,502,5774,California
Napa,2021-01-12,1329,7996,381,4949,948,3047,0,0,1005,5493,324,1286,1005,6779,California
Napa,2021-01-13,1319,9315,269,5218,1050,4097,0,0,1154,6484,164,1450,1155,7934,California
Napa,2021-01-14,1052,10367,167,5385,885,4982,0,0,936,7306,114,1564,936,8870,California
Napa,2021-01-15,1473,11840,388,5773,1085,6067,0,0,1325,8477,155,1719,1326,10196,California
Napa,2021-01-16,361,12201,132,5905,229,6296,0,0,343,8802,18,1737,343,10539,California
Napa,2021-01-17,342,12543,177,6082,165,6461,0,0,333,9126,9,1746,333,10872,California
Napa,2021-01-18,1092,13635,197,6279,895,7356,0,0,1001,10036,91,1837,1001,11873,California
Napa,2021-01-19,1005,14640,402,6681,603,7959,0,0,766,10564,238,2075,766,12639,California
Napa,2021-01-20,835,15475,189,6870,646,8605,0,0,648,11028,185,2260,649,13288,California
Napa,2021-01-21,1571,17046,609,7479,962,9567,0,0,1118,11695,452,2712,1119,14407,California
Napa,2021-01-22,1578,18624,435,7914,1143,10710,0,0,1233,12585,344,3056,1234,15641,California
Napa,2021-01-23,397,19021,317,8231,80,10790,0,0,337,12862,60,3116,337,15978,California
Napa,2021-01-24,267,19288,189,8420,78,10868,0,0,209,13013,58,3174,209,16187,California
Napa,2021-01-25,1524,20812,232,8652,1292,12160,0,0,1435,14359,89,3263,1435,17622,California
Napa,2021-01-26,879,21691,283,8935,596,12756,0,0,784,15049,95,3358,785,18407,California
Napa,2021-01-27,630,22321,221,9156,409,13165,0,0,467,15353,164,3522,468,18875,California
Napa,2021-01-28,392,22713,175,9331,217,13382,0,0,199,15361,191,3713,199,19074,California
Napa,2021-01-29,264,22977,67,9398,197,13579,0,0,166,15429,98,3811,166,19240,California
Napa,2021-01-30,821,23798,709,10107,112,13691,0,0,652,15912,169,3980,652,19892,California
Napa,2021-01-31,693,24491,661,10768,32,13723,0,0,669,16557,24,4004,669,20561,California
Napa,2021-02-01,325,24816,114,10882,211,13934,0,0,166,16564,159,4163,166,20727,California
Napa,2021-02-02,616,25432,283,11165,333,14267,0,0,304,16559,309,4472,304,21031,California
Napa,2021-02-03,754,26186,313,11478,441,14708,0,0,436,16678,317,4789,436,21467,California
Napa,2021-02-04,787,26973,369,11847,418,15126,0,0,440,16773,345,5134,440,21907,California
Napa,2021-02-05,715,27688,313,12160,402,15528,0,0,342,16742,373,5507,342,22249,California
Napa,2021-02-06,439,28127,144,12304,295,15823,0,0,334,16972,104,5611,334,22583,California
Napa,2021-02-07,180,28307,167,12471,13,15836,0,0,72,16936,108,5719,72,22655,California
Napa,2021-02-08,842,29149,194,12665,648,16484,0,0,279,16654,561,6280,279,22934,California
Napa,2021-02-09,1090,30239,450,13115,640,17124,0,0,445,16455,644,6924,445,23379,California
Napa,2021-02-10,1739,31978,195,13310,1544,18668,0,0,454,15628,1282,8206,455,23834,California
Napa,2021-02-11,1507,33485,198,13508,1309,19977,0,0,408,14950,1086,9292,408,24242,California
Napa,2021-02-12,2199,35684,867,14375,1332,21309,0,0,697,14151,1496,10788,697,24939,California
Napa,2021-02-13,514,36198,56,14431,458,21767,0,0,320,14277,194,10982,320,25259,California
Napa,2021-02-14,354,36552,88,14519,266,22033,0,0,191,14305,163,11145,191,25450,California
Napa,2021-02-15,889,37441,187,14706,702,22735,0,0,227,13872,660,11805,227,25677,California
Napa,2021-02-16,1296,38737,602,15308,694,23429,0,0,617,13813,676,12481,617,26294,California
Napa,2021-02-17,1065,39802,536,15844,529,23958,0,0,486,13723,577,13058,487,26781,California
Napa,2021-02-18,1944,41746,497,16341,1447,25405,0,0,676,13134,1265,14323,676,27457,California
Napa,2021-02-19,1517,43263,599,16940,918,26323,0,0,683,12985,832,15155,683,28140,California
Napa,2021-02-20,879,44142,638,17578,241,26564,0,0,287,12680,592,15747,287,28427,California
Napa,2021-02-21,895,45037,827,18405,68,26632,0,0,198,12181,697,16444,198,28625,California
Napa,2021-02-22,486,45523,203,18608,283,26915,0,0,150,11995,336,16780,150,28775,California
Napa,2021-02-23,1168,46691,319,18927,849,27764,0,0,330,11487,838,17618,330,29105,California
Napa,2021-02-24,1219,47910,684,19611,535,28299,0,0,618,11506,599,18217,618,29723,California
Napa,2021-02-25,2649,50559,1294,20905,1355,29654,0,0,1916,12691,731,18948,1916,31639,California
Napa,2021-02-26,1563,52122,554,21459,1009,30663,0,0,624,12378,937,19885,624,32263,California
Napa,2021-02-27,1189,53311,424,21883,765,31428,0,0,931,13053,256,20141,931,33194,California
Napa,2021-02-28,726,54037,608,22491,118,31546,0,0,608,13545,116,20257,608,33802,California
Napa,2021-03-01,1172,55209,881,23372,291,31837,0,0,894,14163,276,20533,894,34696,California
Napa,2021-03-02,1510,56719,1052,24424,458,32295,0,0,1162,14978,347,20880,1162,35858,California
Napa,2021-03-03,1572,58291,695,25119,877,33172,0,0,1382,16171,189,21069,1382,37240,California
Napa,2021-03-04,1724,60015,792,25911,932,34104,0,0,1480,17410,241,21310,1480,38720,California
Napa,2021-03-05,1912,61927,793,26704,1115,35219,4,4,1483,18471,426,21736,1487,40207,California
Napa,2021-03-06,657,62584,289,26993,338,35557,30,34,544,18934,111,21847,574,40781,California
Napa,2021-03-07,560,63144,322,27315,199,35756,39,73,384,19182,175,22022,423,41204,California
Napa,2021-03-08,724,63868,338,27653,331,36087,55,128,547,19606,174,22196,598,41802,California
Napa,2021-03-09,1694,65562,611,28264,1035,37122,48,176,1249,20461,441,22637,1296,43098,California
Napa,2021-03-10,1502,67064,928,29192,481,37603,93,269,802,20657,696,23333,892,43990,California
Napa,2021-03-11,1893,68957,1068,30260,692,38295,133,402,987,20868,905,24238,1116,45106,California
Napa,2021-03-12,1521,70478,924,31184,501,38796,96,498,813,21070,705,24943,907,46013,California
Napa,2021-03-13,1180,71658,310,31494,845,39641,25,523,834,21585,344,25287,859,46872,California
Napa,2021-03-14,624,72282,338,31832,135,39776,151,674,208,21528,415,25702,358,47230,California
Napa,2021-03-15,962,73244,412,32244,480,40256,70,744,481,21599,479,26181,550,47780,California
Napa,2021-03-16,1858,75102,394,32638,1336,41592,128,872,1382,22639,471,26652,1511,49291,California
Napa,2021-03-17,2534,77636,1863,34501,492,42084,179,1051,1589,23463,944,27596,1768,51059,California
Napa,2021-03-18,2153,79789,959,35460,1182,43266,12,1063,1271,23870,876,28472,1283,52342,California
Napa,2021-03-19,1460,81249,888,36348,545,43811,27,1090,685,23810,772,29244,712,53054,California
Napa,2021-03-20,1017,82266,532,36880,332,44143,153,1243,390,23727,626,29870,543,53597,California
Napa,2021-03-21,727,82993,702,37582,22,44165,3,1246,233,23471,492,30362,236,53833,California
Napa,2021-03-22,1303,84296,1121,38703,170,44335,12,1258,438,23061,860,31222,450,54283,California
Napa,2021-03-23,1900,86196,1202,39905,681,45016,17,1275,1008,23198,888,32110,1025,55308,California
Napa,2021-03-24,1714,87910,948,40853,757,45773,9,1284,817,23127,896,33006,825,56133,California
Napa,2021-03-25,1936,89846,1058,41911,824,46597,54,1338,773,22797,1157,34163,827,56960,California
Napa,2021-03-26,1312,91158,839,42750,467,47064,6,1344,585,22667,721,34884,591,57551,California
Napa,2021-03-27,955,92113,436,43186,492,47556,27,1371,294,22327,661,35545,321,57872,California
Napa,2021-03-28,492,92605,382,43568,103,47659,7,1378,181,22206,309,35854,188,58060,California
Napa,2021-03-29,1200,93805,875,44443,320,47979,5,1383,728,22469,470,36324,733,58793,California
Napa,2021-03-30,2801,96606,935,45378,1861,49840,5,1388,1980,23632,822,37146,1985,60778,California
Napa,2021-03-31,1976,98582,967,46345,940,50780,69,1457,798,23322,1175,38321,865,61643,California
Napa,2021-04-01,1760,100342,847,47192,794,51574,119,1576,478,22642,1274,39595,594,62237,California
Napa,2021-04-02,1869,102211,842,48034,885,52459,142,1718,470,21858,1395,40990,611,62848,California
Napa,2021-04-03,637,102848,372,48406,207,52666,58,1776,214,21706,422,41412,270,63118,California
Napa,2021-04-04,359,103207,146,48552,154,52820,59,1835,122,21651,236,41648,181,63299,California
Napa,2021-04-05,1279,104486,758,49310,302,53122,219,2054,571,21735,705,42353,789,64088,California
Napa,2021-04-06,2271,106757,567,49877,1443,54565,261,2315,528,20782,1740,44093,787,64875,California
Napa,2021-04-07,1753,108510,708,50585,823,55388,222,2537,529,20313,1218,45311,749,65624,California
Napa,2021-04-08,1875,110385,1074,51659,423,55811,378,2915,962,20745,907,46218,1339,66963,California
Napa,2021-04-09,1553,111938,928,52587,319,56130,306,3221,680,20859,871,47089,985,67948,California
Napa,2021-04-10,1050,112988,353,52940,595,56725,102,3323,244,20402,803,47892,346,68294,California
Napa,2021-04-11,388,113376,301,53241,64,56789,23,3346,157,20351,231,48123,180,68474,California
Napa,2021-04-12,796,114172,303,53544,368,57157,125,3471,294,20265,500,48623,414,68888,California
Napa,2021-04-13,2588,116760,866,54410,1722,58879,0,3471,937,19558,1644,50267,937,69825,California
Napa,2021-04-14,2160,118920,1019,55429,1141,60020,0,3471,1052,19511,1099,51366,1052,70877,California
Napa,2021-04-15,2088,121008,534,55963,1554,61574,0,3471,895,19221,1185,52551,895,71772,California
Napa,2021-04-16,3011,124019,1643,57606,1368,62942,0,3471,2278,20771,728,53279,2278,74050,California
Napa,2021-04-17,1168,125187,276,57882,892,63834,0,3471,860,21324,307,53586,860,74910,California
Napa,2021-04-18,286,125473,192,58074,94,63928,0,3471,122,21282,164,53750,122,75032,California
Napa,2021-04-19,629,126102,340,58414,289,64217,0,3471,275,21204,353,54103,275,75307,California
Napa,2021-04-20,3075,129177,2096,60510,979,65196,0,3471,2088,22309,984,55087,2089,77396,California
Napa,2021-04-21,2984,132161,2201,62711,783,65979,0,3471,1886,23104,1092,56179,1887,79283,California
Napa,2021-04-22,1860,134021,1301,64012,558,66537,1,3472,867,22983,988,57167,867,80150,California
Napa,2021-04-23,1653,135674,1270,65282,381,66918,2,3474,1166,23666,483,57650,1166,81316,California
Napa,2021-04-24,571,136245,320,65602,251,67169,0,3474,297,23692,271,57921,297,81613,California
Napa,2021-04-25,249,136494,190,65792,59,67228,0,3474,127,23698,121,58042,127,81740,California
Napa,2021-04-26,553,137047,283,66075,270,67498,0,3474,285,23720,263,58305,285,82025,California
Napa,2021-04-27,1790,138837,469,66544,1309,68807,12,3486,595,23135,1192,59497,607,82632,California
Napa,2021-04-28,1020,139857,472,67016,531,69338,17,3503,349,22832,669,60166,366,82998,California
Napa,2021-04-29,733,140590,365,67381,349,69687,19,3522,270,22663,457,60623,288,83286,California
Napa,2021-04-30,623,141213,312,67693,247,69934,64,3586,257,22619,364,60987,320,83606,California
Napa,2021-05-01,330,141543,271,67964,48,69982,11,3597,121,22542,209,61196,132,83738,California
Napa,2021-05-02,237,141780,193,68157,38,70020,6,3603,99,22510,137,61333,105,83843,California
Napa,2021-05-03,637,142417,497,68654,104,70124,36,3639,111,22136,522,61855,148,83991,California
Napa,2021-05-04,1144,143561,729,69383,304,70428,111,3750,306,21719,834,62689,417,84408,California
Napa,2021-05-05,1040,144601,704,70087,298,70726,38,3788,263,21246,774,63463,301,84709,California
Napa,2021-05-06,722,145323,320,70407,379,71105,23,3811,371,21299,342,63805,395,85104,California
Napa,2021-05-07,1594,146917,1365,71772,166,71271,63,3874,332,20455,1238,65043,394,85498,California
Napa,2021-05-08,260,147177,167,71939,82,71353,11,3885,88,20384,170,65213,99,85597,California
Napa,2021-05-09,119,147296,87,72026,32,71385,0,3885,58,20382,60,65273,58,85655,California
Napa,2021-05-10,430,147726,146,72172,265,71650,19,3904,111,20194,318,65591,130,85785,California
Napa,2021-05-11,2192,149918,1808,73980,359,72009,25,3929,385,18802,1802,67393,410,86195,California
Napa,2021-05-12,2220,152138,1389,75369,774,72783,57,3986,311,17266,1903,69296,367,86562,California
Napa,2021-05-13,1962,154100,1249,76618,674,73457,39,4025,864,17079,1091,70387,904,87466,California
Napa,2021-05-14,1968,156068,1189,77807,693,74150,86,4111,534,16273,1427,71814,621,88087,California
Napa,2021-05-15,1079,157147,367,78174,700,74850,12,4123,258,15728,816,72630,271,88358,California
Napa,2021-05-16,245,157392,165,78339,78,74928,2,4125,73,15631,172,72802,75,88433,California
Napa,2021-05-17,893,158285,348,78687,515,75443,30,4155,306,15443,525,73327,337,88770,California
Napa,2021-05-18,1080,159365,557,79244,466,75909,57,4212,514,15453,561,73888,571,89341,California
Napa,2021-05-19,981,160346,577,79821,374,76283,30,4242,508,15521,469,74357,537,89878,California
Napa,2021-05-20,661,161007,436,80257,195,76478,30,4272,380,15653,278,74635,410,90288,California
Napa,2021-05-21,527,161534,266,80523,229,76707,32,4304,219,15598,306,74941,251,90539,California
Napa,2021-05-22,463,161997,276,80799,178,76885,9,4313,192,15529,271,75212,202,90741,California
Napa,2021-05-23,402,162399,356,81155,35,76920,11,4324,298,15734,104,75316,309,91050,California
Napa,2021-05-24,386,162785,189,81344,177,77097,20,4344,154,15679,229,75545,174,91224,California
Napa,2021-05-25,431,163216,176,81520,184,77281,71,4415,144,15608,285,75830,214,91438,California
Napa,2021-05-26,559,163775,361,81881,174,77455,24,4439,319,15714,237,76067,343,91781,California
Napa,2021-05-27,399,164174,172,82053,199,77654,28,4467,152,15647,247,76314,180,91961,California
Napa,2021-05-28,407,164581,212,82265,171,77825,24,4491,169,15604,234,76548,191,92152,California
Napa,2021-05-29,129,164710,79,82344,46,77871,4,4495,75,15630,53,76601,79,92231,California
Napa,2021-05-30,97,164807,61,82405,31,77902,5,4500,28,15596,67,76668,33,92264,California
Napa,2021-05-31,51,164858,17,82422,28,77930,6,4506,9,15569,42,76710,15,92279,California
Napa,2021-06-01,605,165463,313,82735,268,78198,24,4530,261,15515,338,77048,284,92563,California
Napa,2021-06-02,413,165876,245,82980,146,78344,22,4552,190,15505,221,77269,211,92774,California
Napa,2021-06-03,756,166632,460,83440,271,78615,25,4577,129,15034,623,77892,152,92926,California
Napa,2021-06-04,785,167417,605,84045,143,78758,37,4614,145,14579,637,78529,182,93108,California
Napa,2021-06-05,315,167732,257,84302,47,78805,11,4625,75,14427,238,78767,86,93194,California
Napa,2021-06-06,145,167877,125,84427,19,78824,1,4626,45,14374,99,78866,46,93240,California
Napa,2021-06-07,397,168274,285,84712,84,78908,28,4654,94,14194,302,79168,122,93362,California
Napa,2021-06-08,622,168896,494,85206,111,79019,17,4671,275,14142,344,79512,292,93654,California
Napa,2021-06-09,559,169455,453,85659,91,79110,15,4686,99,13798,458,79970,114,93768,California
Napa,2021-06-10,516,169971,415,86074,67,79177,34,4720,111,13538,405,80375,145,93913,California
Napa,2021-06-11,411,170382,267,86341,119,79296,25,4745,117,13387,293,80668,142,94055,California
Napa,2021-06-12,205,170587,173,86514,27,79323,5,4750,41,13270,163,80831,46,94101,California
Napa,2021-06-13,290,170877,277,86791,8,79331,5,4755,27,13039,263,81094,32,94133,California
Napa,2021-06-14,484,171361,341,87132,117,79448,26,4781,92,12766,388,81482,115,94248,California
Napa,2021-06-15,376,171737,277,87409,86,79534,13,4794,185,12774,190,81672,198,94446,California
Napa,2021-06-16,261,171998,164,87573,81,79615,16,4810,84,12701,173,81845,100,94546,California
Napa,2021-06-17,393,172391,323,87896,61,79676,9,4819,71,12459,322,82167,80,94626,California
Napa,2021-06-18,267,172658,173,88069,83,79759,11,4830,90,12385,175,82342,101,94727,California
Napa,2021-06-19,108,172766,75,88144,23,79782,10,4840,46,12380,61,82403,56,94783,California
Napa,2021-06-20,54,172820,42,88186,9,79791,3,4843,19,12367,35,82438,22,94805,California
Napa,2021-06-21,158,172978,73,88259,65,79856,20,4863,75,12379,82,82520,94,94899,California
Napa,2021-06-22,373,173351,295,88554,63,79919,15,4878,108,12238,264,82784,123,95022,California
Napa,2021-06-23,340,173691,264,88818,54,79973,22,4900,109,12141,227,83011,130,95152,California
Napa,2021-06-24,167,173858,114,88932,48,80021,5,4905,71,12123,94,83105,76,95228,California
Napa,2021-06-25,244,174102,161,89093,70,80091,13,4918,119,12135,119,83224,131,95359,California
Napa,2021-06-26,92,174194,76,89169,11,80102,5,4923,45,12138,47,83271,50,95409,California
Napa,2021-06-27,70,174264,60,89229,10,80112,0,4923,33,12134,37,83308,33,95442,California
Napa,2021-06-28,190,174454,145,89374,34,80146,11,4934,83,12121,106,83414,93,95535,California
Napa,2021-06-29,409,174863,336,89710,55,80201,18,4952,115,11961,292,83706,132,95667,California
Napa,2021-06-30,181,175044,123,89833,49,80250,9,4961,78,11946,102,83808,87,95754,California
Napa,2021-07-01,167,175211,113,89946,45,80295,9,4970,75,11938,91,83899,83,95837,California
Napa,2021-07-02,173,175384,131,90077,35,80330,7,4977,68,11909,104,84003,75,95912,California
Napa,2021-07-03,76,175460,62,90139,8,80338,6,4983,42,11924,33,84036,48,95960,California
Napa,2021-07-04,7,175467,0,90139,6,80344,1,4984,0,11918,7,84043,1,95961,California
Napa,2021-07-05,89,175556,70,90209,14,80358,5,4989,48,11930,41,84084,53,96014,California
Napa,2021-07-06,323,175879,278,90487,33,80391,12,5001,113,11846,208,84292,124,96138,California
Napa,2021-07-07,161,176040,112,90599,37,80428,12,5013,69,11835,92,84384,81,96219,California
Napa,2021-07-08,137,176177,96,90695,25,80453,16,5029,53,11820,82,84466,67,96286,California
Napa,2021-07-09,184,176361,119,90814,50,80503,15,5044,74,11801,108,84574,89,96375,California
Napa,2021-07-10,45,176406,26,90840,19,80522,0,5044,23,11802,22,84596,23,96398,California
Nevada,2020-12-16,3,3,3,3,0,0,0,0,3,3,0,0,3,3,California
Nevada,2020-12-17,6,9,6,9,0,0,0,0,6,9,0,0,6,9,California
Nevada,2020-12-18,58,67,58,67,0,0,0,0,58,67,0,0,58,67,California
Nevada,2020-12-19,55,122,55,122,0,0,0,0,55,122,0,0,55,122,California
Nevada,2020-12-20,13,135,13,135,0,0,0,0,13,135,0,0,13,135,California
Nevada,2020-12-21,69,204,69,204,0,0,0,0,69,204,0,0,69,204,California
Nevada,2020-12-22,90,294,88,292,2,2,0,0,90,294,0,0,90,294,California
Nevada,2020-12-23,230,524,201,493,29,31,0,0,230,524,0,0,230,524,California
Nevada,2020-12-24,13,537,11,504,2,33,0,0,13,537,0,0,13,537,California
Nevada,2020-12-25,3,540,3,507,0,33,0,0,3,540,0,0,3,540,California
Nevada,2020-12-26,6,546,4,511,2,35,0,0,6,546,0,0,6,546,California
Nevada,2020-12-27,89,635,89,600,0,35,0,0,89,635,0,0,89,635,California
Nevada,2020-12-28,172,807,94,694,78,113,0,0,172,807,0,0,172,807,California
Nevada,2020-12-29,100,907,74,768,26,139,0,0,100,907,0,0,100,907,California
Nevada,2020-12-30,86,993,66,834,20,159,0,0,86,993,0,0,86,993,California
Nevada,2020-12-31,38,1031,8,842,30,189,0,0,38,1031,0,0,38,1031,California
Nevada,2021-01-01,4,1035,1,843,3,192,0,0,4,1035,0,0,4,1035,California
Nevada,2021-01-02,2,1037,1,844,1,193,0,0,2,1037,0,0,2,1037,California
Nevada,2021-01-03,130,1167,125,969,5,198,0,0,130,1167,0,0,130,1167,California
Nevada,2021-01-04,72,1239,47,1016,25,223,0,0,72,1239,0,0,72,1239,California
Nevada,2021-01-05,274,1513,133,1149,141,364,0,0,273,1511,1,1,273,1512,California
Nevada,2021-01-06,91,1604,43,1192,48,412,0,0,83,1586,8,9,83,1595,California
Nevada,2021-01-07,217,1821,43,1235,174,586,0,0,210,1791,6,15,211,1806,California
Nevada,2021-01-08,222,2043,129,1364,93,679,0,0,164,1898,58,73,165,1971,California
Nevada,2021-01-09,64,2107,57,1421,7,686,0,0,14,1862,50,123,14,1985,California
Nevada,2021-01-10,19,2126,10,1431,9,695,0,0,10,1863,9,132,10,1995,California
Nevada,2021-01-11,188,2314,131,1562,57,752,0,0,60,1795,128,260,60,2055,California
Nevada,2021-01-12,600,2914,453,2015,147,899,0,0,533,2261,67,327,533,2588,California
Nevada,2021-01-13,260,3174,146,2161,114,1013,0,0,127,2255,133,460,127,2715,California
Nevada,2021-01-14,240,3414,127,2288,113,1126,0,0,223,2462,16,476,223,2938,California
Nevada,2021-01-15,403,3817,174,2462,229,1355,0,0,302,2663,101,577,302,3240,California
Nevada,2021-01-16,300,4117,16,2478,284,1639,0,0,296,2955,4,581,296,3536,California
Nevada,2021-01-17,36,4153,32,2510,4,1643,0,0,34,2987,2,583,34,3570,California
Nevada,2021-01-18,151,4304,41,2551,110,1753,0,0,141,3118,10,593,141,3711,California
Nevada,2021-01-19,250,4554,90,2641,160,1913,0,0,228,3324,22,615,228,3939,California
Nevada,2021-01-20,275,4829,166,2807,109,2022,0,0,262,3573,13,628,262,4201,California
Nevada,2021-01-21,344,5173,206,3013,138,2160,0,0,331,3891,13,641,331,4532,California
Nevada,2021-01-22,380,5553,238,3251,142,2302,0,0,350,4211,30,671,350,4882,California
Nevada,2021-01-23,182,5735,107,3358,75,2377,0,0,182,4393,0,671,182,5064,California
Nevada,2021-01-24,109,5844,101,3459,8,2385,0,0,68,4420,41,712,68,5132,California
Nevada,2021-01-25,266,6110,135,3594,131,2516,0,0,204,4562,62,774,204,5336,California
Nevada,2021-01-26,408,6518,145,3739,263,2779,0,0,303,4760,105,879,303,5639,California
Nevada,2021-01-27,430,6948,254,3993,176,2955,0,0,405,5140,25,904,405,6044,California
Nevada,2021-01-28,479,7427,326,4319,153,3108,0,0,435,5532,43,947,435,6479,California
Nevada,2021-01-29,609,8036,393,4712,216,3324,0,0,580,6085,28,975,581,7060,California
Nevada,2021-01-30,298,8334,107,4819,191,3515,0,0,295,6377,3,978,295,7355,California
Nevada,2021-01-31,104,8438,87,4906,17,3532,0,0,100,6475,3,981,101,7456,California
Nevada,2021-02-01,295,8733,72,4978,223,3755,0,0,281,6742,14,995,281,7737,California
Nevada,2021-02-02,533,9266,188,5166,345,4100,0,0,331,6871,202,1197,331,8068,California
Nevada,2021-02-03,816,10082,572,5738,244,4344,0,0,762,7580,53,1250,762,8830,California
Nevada,2021-02-04,740,10822,393,6131,347,4691,0,0,485,7811,254,1504,485,9315,California
Nevada,2021-02-05,656,11478,368,6499,288,4979,0,0,465,8087,189,1693,465,9780,California
Nevada,2021-02-06,274,11752,84,6583,190,5169,0,0,244,8301,30,1723,244,10024,California
Nevada,2021-02-07,248,12000,194,6777,54,5223,0,0,193,8439,55,1778,193,10217,California
Nevada,2021-02-08,659,12659,409,7186,250,5473,0,0,555,8892,102,1880,555,10772,California
Nevada,2021-02-09,606,13265,339,7525,267,5740,0,0,464,9215,141,2021,464,11236,California
Nevada,2021-02-10,654,13919,326,7851,328,6068,0,0,421,9405,232,2253,422,11658,California
Nevada,2021-02-11,889,14808,513,8364,376,6444,0,0,554,9626,333,2586,554,12212,California
Nevada,2021-02-12,956,15764,446,8810,510,6954,0,0,628,9929,325,2911,628,12840,California
Nevada,2021-02-13,616,16380,237,9047,379,7333,0,0,392,10101,220,3131,392,13232,California
Nevada,2021-02-14,234,16614,120,9167,114,7447,0,0,205,10277,29,3160,205,13437,California
Nevada,2021-02-15,713,17327,438,9605,275,7722,0,0,538,10640,175,3335,538,13975,California
Nevada,2021-02-16,632,17959,202,9807,430,8152,0,0,461,10931,170,3505,461,14436,California
Nevada,2021-02-17,1202,19161,776,10583,426,8578,0,0,858,11445,344,3849,858,15294,California
Nevada,2021-02-18,1025,20186,558,11141,467,9045,0,0,603,11629,419,4268,603,15897,California
Nevada,2021-02-19,1134,21320,636,11777,498,9543,0,0,761,12021,370,4638,762,16659,California
Nevada,2021-02-20,309,21629,114,11891,195,9738,0,0,180,12073,128,4766,180,16839,California
Nevada,2021-02-21,105,21734,91,11982,14,9752,0,0,15,12001,87,4853,15,16854,California
Nevada,2021-02-22,519,22253,347,12329,172,9924,0,0,368,12219,150,5003,368,17222,California
Nevada,2021-02-23,513,22766,252,12581,261,10185,0,0,227,12164,283,5286,228,17450,California
Nevada,2021-02-24,540,23306,294,12875,246,10431,0,0,262,12154,276,5562,266,17716,California
Nevada,2021-02-25,887,24193,476,13351,411,10842,0,0,445,12161,438,6000,445,18161,California
Nevada,2021-02-26,1264,25457,898,14249,366,11208,0,0,424,11748,837,6837,424,18585,California
Nevada,2021-02-27,427,25884,114,14363,313,11521,0,0,194,11709,233,7070,194,18779,California
Nevada,2021-02-28,274,26158,160,14523,114,11635,0,0,126,11688,147,7217,126,18905,California
Nevada,2021-03-01,845,27003,442,14965,403,12038,0,0,370,11587,471,7688,370,19275,California
Nevada,2021-03-02,741,27744,293,15258,448,12486,0,0,509,11869,227,7915,509,19784,California
Nevada,2021-03-03,993,28737,509,15767,483,12969,1,1,521,11921,470,8385,522,20306,California
Nevada,2021-03-04,1110,29847,624,16391,486,13455,0,1,466,11747,640,9025,466,20772,California
Nevada,2021-03-05,1185,31032,482,16873,693,14148,10,11,710,11995,472,9497,720,21492,California
Nevada,2021-03-06,366,31398,121,16994,218,14366,27,38,150,11955,216,9713,176,21668,California
Nevada,2021-03-07,216,31614,108,17102,82,14448,26,64,70,11905,146,9859,96,21764,California
Nevada,2021-03-08,833,32447,563,17665,223,14671,47,111,373,11867,459,10318,421,22185,California
Nevada,2021-03-09,796,33243,405,18070,341,15012,50,161,468,12058,326,10644,517,22702,California
Nevada,2021-03-10,1009,34252,649,18719,303,15315,57,218,340,11792,662,11306,396,23098,California
Nevada,2021-03-11,1113,35365,728,19447,361,15676,24,242,550,11812,554,11860,574,23672,California
Nevada,2021-03-12,1535,36900,726,20173,779,16455,30,272,840,11989,691,12551,868,24540,California
Nevada,2021-03-13,944,37844,59,20232,880,17335,5,277,758,12568,184,12735,763,25303,California
Nevada,2021-03-14,160,38004,20,20252,135,17470,5,282,33,12479,127,12862,38,25341,California
Nevada,2021-03-15,857,38861,467,20719,378,17848,12,294,358,12354,495,13357,370,25711,California
Nevada,2021-03-16,1006,39867,468,21187,476,18324,62,356,637,12685,367,13724,698,26409,California
Nevada,2021-03-17,1028,40895,452,21639,566,18890,10,366,581,12833,444,14168,592,27001,California
Nevada,2021-03-18,982,41877,531,22170,428,19318,23,389,474,12827,502,14670,496,27497,California
Nevada,2021-03-19,941,42818,441,22611,463,19781,37,426,360,12648,576,15246,397,27894,California
Nevada,2021-03-20,837,43655,94,22705,316,20097,427,853,242,12724,589,15835,665,28559,California
Nevada,2021-03-21,61,43716,32,22737,28,20125,1,854,33,12731,27,15862,34,28593,California
Nevada,2021-03-22,802,44518,519,23256,278,20403,5,859,529,12995,270,16132,534,29127,California
Nevada,2021-03-23,861,45379,390,23646,443,20846,28,887,616,13397,242,16374,644,29771,California
Nevada,2021-03-24,1022,46401,543,24189,472,21318,7,894,637,13661,379,16753,643,30414,California
Nevada,2021-03-25,913,47314,464,24653,424,21742,25,919,487,13749,423,17176,511,30925,California
Nevada,2021-03-26,1177,48491,447,25100,691,22433,39,958,845,14303,329,17505,883,31808,California
Nevada,2021-03-27,586,49077,72,25172,498,22931,16,974,402,14538,183,17688,418,32226,California
Nevada,2021-03-28,178,49255,54,25226,111,23042,13,987,36,14451,136,17824,49,32275,California
Nevada,2021-03-29,826,50081,501,25727,303,23345,22,1009,373,14397,448,18272,394,32669,California
Nevada,2021-03-30,1061,51142,487,26214,540,23885,34,1043,489,14356,564,18836,523,33192,California
Nevada,2021-03-31,1188,52330,666,26880,505,24390,17,1060,673,14539,506,19342,689,33881,California
Nevada,2021-04-01,1250,53580,730,27610,466,24856,54,1114,555,14462,684,20026,607,34488,California
Nevada,2021-04-02,1301,54881,661,28271,604,25460,36,1150,773,14746,525,20551,809,35297,California
Nevada,2021-04-03,289,55170,86,28357,162,25622,41,1191,82,14663,206,20757,123,35420,California
Nevada,2021-04-04,128,55298,42,28399,79,25701,7,1198,76,14694,52,20809,83,35503,California
Nevada,2021-04-05,935,56233,615,29014,300,26001,20,1218,622,15026,308,21117,640,36143,California
Nevada,2021-04-06,1079,57312,665,29679,270,26271,144,1362,437,14971,635,21752,580,36723,California
Nevada,2021-04-07,1150,58462,822,30501,246,26517,82,1444,612,15133,531,22283,693,37416,California
Nevada,2021-04-08,1284,59746,894,31395,305,26822,85,1529,709,15356,570,22853,793,38209,California
Nevada,2021-04-09,1278,61024,850,32245,361,27183,67,1596,863,15872,413,23266,929,39138,California
Nevada,2021-04-10,902,61926,81,32326,745,27928,76,1672,128,15308,768,24034,204,39342,California
Nevada,2021-04-11,112,62038,34,32360,72,28000,6,1678,36,15274,76,24110,42,39384,California
Nevada,2021-04-12,748,62786,542,32902,189,28189,17,1695,316,15180,427,24537,333,39717,California
Nevada,2021-04-13,891,63677,354,33256,537,28726,0,1695,472,15237,415,24952,472,40189,California
Nevada,2021-04-14,1061,64738,571,33827,490,29216,0,1695,541,15266,512,25464,541,40730,California
Nevada,2021-04-15,1086,65824,712,34539,374,29590,0,1695,626,15444,448,25912,626,41356,California
Nevada,2021-04-16,911,66735,693,35232,218,29808,0,1695,518,15571,391,26303,518,41874,California
Nevada,2021-04-17,202,66937,54,35286,148,29956,0,1695,87,15545,113,26416,87,41961,California
Nevada,2021-04-18,202,67139,22,35308,180,30136,0,1695,103,15549,99,26515,103,42064,California
Nevada,2021-04-19,758,67897,484,35792,274,30410,0,1695,311,15424,436,26951,311,42375,California
Nevada,2021-04-20,833,68730,334,36126,499,30909,0,1695,313,15223,514,27465,313,42688,California
Nevada,2021-04-21,938,69668,525,36651,413,31322,0,1695,270,14837,656,28121,270,42958,California
Nevada,2021-04-22,1009,70677,634,37285,375,31697,0,1695,342,14524,656,28777,343,43301,California
Nevada,2021-04-23,1258,71935,550,37835,708,32405,0,1695,401,14079,846,29623,401,43702,California
Nevada,2021-04-24,522,72457,73,37908,449,32854,0,1695,168,13895,352,29975,168,43870,California
Nevada,2021-04-25,130,72587,59,37967,66,32920,5,1700,51,13872,78,30053,55,43925,California
Nevada,2021-04-26,744,73331,561,38528,175,33095,8,1708,217,13580,517,30570,225,44150,California
Nevada,2021-04-27,821,74152,383,38911,433,33528,5,1713,412,13596,401,30971,417,44567,California
Nevada,2021-04-28,994,75146,581,39492,408,33936,5,1718,387,13388,600,31571,392,44959,California
Nevada,2021-04-29,1020,76166,710,40202,306,34242,4,1722,279,12932,739,32310,283,45242,California
Nevada,2021-04-30,1249,77415,728,40930,513,34755,8,1730,213,12119,1034,33344,221,45463,California
Nevada,2021-05-01,144,77559,63,40993,77,34832,4,1734,60,12101,82,33426,64,45527,California
Nevada,2021-05-02,59,77618,33,41026,22,34854,4,1738,20,12086,39,33465,24,45551,California
Nevada,2021-05-03,611,78229,405,41431,186,35040,20,1758,178,11854,429,33894,197,45748,California
Nevada,2021-05-04,597,78826,174,41605,405,35445,18,1776,338,11955,255,34149,356,46104,California
Nevada,2021-05-05,740,79566,383,41988,343,35788,14,1790,324,11885,408,34557,338,46442,California
Nevada,2021-05-06,806,80372,565,42553,230,36018,11,1801,198,11496,598,35155,209,46651,California
Nevada,2021-05-07,894,81266,489,43042,370,36388,35,1836,185,11012,704,35859,220,46871,California
Nevada,2021-05-08,176,81442,20,43062,136,36524,20,1856,78,11014,96,35955,98,46969,California
Nevada,2021-05-09,44,81486,8,43070,34,36558,2,1858,21,11014,23,35978,23,46992,California
Nevada,2021-05-10,390,81876,248,43318,118,36676,24,1882,78,10805,311,36289,102,47094,California
Nevada,2021-05-11,517,82393,155,43473,349,37025,13,1895,127,10564,381,36670,140,47234,California
Nevada,2021-05-12,542,82935,237,43710,294,37319,11,1906,152,10346,381,37051,163,47397,California
Nevada,2021-05-13,838,83773,556,44266,272,37591,10,1916,432,10391,397,37448,442,47839,California
Nevada,2021-05-14,792,84565,583,44849,191,37782,18,1934,443,10507,345,37793,461,48300,California
Nevada,2021-05-15,186,84751,87,44936,91,37873,8,1942,87,10504,98,37891,95,48395,California
Nevada,2021-05-16,161,84912,54,44990,107,37980,0,1942,56,10455,105,37996,56,48451,California
Nevada,2021-05-17,499,85411,319,45309,150,38130,30,1972,216,10429,272,38268,246,48697,California
Nevada,2021-05-18,420,85831,256,45565,160,38290,4,1976,221,10458,197,38465,226,48923,California
Nevada,2021-05-19,488,86319,354,45919,129,38419,5,1981,255,10494,224,38689,260,49183,California
Nevada,2021-05-20,612,86931,353,46272,247,38666,12,1993,220,10339,387,39076,232,49415,California
Nevada,2021-05-21,509,87440,327,46599,172,38838,10,2003,217,10278,288,39364,227,49642,California
Nevada,2021-05-22,244,87684,34,46633,157,38995,53,2056,92,10271,152,39516,145,49787,California
Nevada,2021-05-23,53,87737,19,46652,34,39029,0,2056,18,10255,34,39550,18,49805,California
Nevada,2021-05-24,313,88050,219,46871,80,39109,14,2070,105,10169,205,39755,119,49924,California
Nevada,2021-05-25,343,88393,84,46955,247,39356,12,2082,82,10007,256,40011,94,50018,California
Nevada,2021-05-26,455,88848,197,47152,248,39604,10,2092,135,9839,313,40324,145,50163,California
Nevada,2021-05-27,426,89274,226,47378,179,39783,21,2113,179,9796,243,40567,200,50363,California
Nevada,2021-05-28,346,89620,215,47593,108,39891,23,2136,190,9857,153,40720,214,50577,California
Nevada,2021-05-29,66,89686,12,47605,54,39945,0,2136,41,9873,25,40745,41,50618,California
Nevada,2021-05-30,37,89723,19,47624,16,39961,2,2138,25,9888,12,40757,27,50645,California
Nevada,2021-05-31,6,89729,4,47628,0,39961,2,2140,2,9888,4,40761,4,50649,California
Nevada,2021-06-01,420,90149,126,47754,276,40237,18,2158,99,9693,312,41073,117,50766,California
Nevada,2021-06-02,403,90552,165,47919,231,40468,7,2165,101,9507,294,41367,108,50874,California
Nevada,2021-06-03,564,91116,404,48323,155,40623,5,2170,99,9150,461,41828,104,50978,California
Nevada,2021-06-04,548,91664,438,48761,106,40729,4,2174,107,8825,436,42264,111,51089,California
Nevada,2021-06-05,172,91836,70,48831,100,40829,2,2176,65,8786,106,42370,67,51156,California
Nevada,2021-06-06,54,91890,40,48871,14,40843,0,2176,13,8758,41,42411,13,51169,California
Nevada,2021-06-07,270,92160,196,49067,44,40887,30,2206,60,8643,205,42616,90,51259,California
Nevada,2021-06-08,293,92453,194,49261,85,40972,14,2220,67,8507,217,42833,81,51340,California
Nevada,2021-06-09,325,92778,218,49479,100,41072,7,2227,82,8357,239,43072,89,51429,California
Nevada,2021-06-10,273,93051,176,49655,88,41160,9,2236,72,8242,195,43267,80,51509,California
Nevada,2021-06-11,325,93376,230,49885,76,41236,19,2255,74,8086,248,43515,92,51601,California
Nevada,2021-06-12,92,93468,54,49939,33,41269,5,2260,27,8053,65,43580,32,51633,California
Nevada,2021-06-13,33,93501,17,49956,15,41284,1,2261,6,8033,27,43607,7,51640,California
Nevada,2021-06-14,192,93693,138,50094,43,41327,11,2272,50,7959,135,43742,61,51701,California
Nevada,2021-06-15,170,93863,97,50191,65,41392,8,2280,67,7934,100,43842,75,51776,California
Nevada,2021-06-16,237,94100,133,50324,95,41487,9,2289,69,7851,161,44003,78,51854,California
Nevada,2021-06-17,227,94327,133,50457,80,41567,14,2303,40,7719,186,44189,54,51908,California
Nevada,2021-06-18,218,94545,153,50610,48,41615,17,2320,69,7658,147,44336,86,51994,California
Nevada,2021-06-19,70,94615,34,50644,30,41645,6,2326,29,7652,41,44377,35,52029,California
Nevada,2021-06-20,27,94642,20,50664,7,41652,0,2326,8,7642,18,44395,8,52037,California
Nevada,2021-06-21,110,94752,49,50713,54,41706,7,2333,49,7643,55,44450,56,52093,California
Nevada,2021-06-22,166,94918,97,50810,58,41764,11,2344,68,7630,92,44542,79,52172,California
Nevada,2021-06-23,211,95129,138,50948,44,41808,29,2373,86,7624,120,44662,114,52286,California
Nevada,2021-06-24,177,95306,112,51060,47,41855,18,2391,60,7591,111,44773,78,52364,California
Nevada,2021-06-25,207,95513,138,51198,48,41903,21,2412,76,7557,131,44904,97,52461,California
Nevada,2021-06-26,83,95596,61,51259,20,41923,2,2414,31,7538,52,44956,33,52494,California
Nevada,2021-06-27,29,95625,13,51272,12,41935,4,2418,7,7527,22,44978,11,52505,California
Nevada,2021-06-28,169,95794,119,51391,28,41963,22,2440,67,7522,94,45072,89,52594,California
Nevada,2021-06-29,129,95923,74,51465,43,42006,12,2452,46,7505,75,45147,58,52652,California
Nevada,2021-06-30,167,96090,127,51592,34,42040,6,2458,55,7456,109,45256,60,52712,California
Nevada,2021-07-01,124,96214,86,51678,27,42067,11,2469,54,7453,68,45324,65,52777,California
Nevada,2021-07-02,149,96363,98,51776,38,42105,13,2482,74,7472,68,45392,87,52864,California
Nevada,2021-07-03,33,96396,16,51792,11,42116,6,2488,17,7479,15,45407,22,52886,California
Nevada,2021-07-05,45,96441,29,51821,10,42126,6,2494,18,7476,27,45434,24,52910,California
Nevada,2021-07-06,147,96588,90,51911,43,42169,14,2508,53,7455,88,45522,67,52977,California
Nevada,2021-07-07,131,96719,86,51997,33,42202,12,2520,45,7433,79,45601,57,53034,California
Nevada,2021-07-08,142,96861,86,52083,42,42244,14,2534,68,7445,69,45670,81,53115,California
Nevada,2021-07-09,138,96999,75,52158,43,42287,20,2554,46,7420,91,45761,66,53181,California
Nevada,2021-07-10,22,97021,18,52176,2,42289,2,2556,11,7422,11,45772,13,53194,California
Orange,2020-12-15,17,17,17,17,0,0,0,0,17,17,0,0,17,17,California
Orange,2020-12-16,402,419,402,419,0,0,0,0,402,419,0,0,402,419,California
Orange,2020-12-17,3774,4193,3774,4193,0,0,0,0,3773,4192,0,0,3773,4192,California
Orange,2020-12-18,5135,9328,5127,9320,8,8,0,0,5133,9324,1,1,5133,9325,California
Orange,2020-12-19,2249,11577,2242,11562,7,15,0,0,2248,11572,0,1,2248,11573,California
Orange,2020-12-20,2005,13582,2002,13564,3,18,0,0,2005,13576,1,2,2005,13578,California
Orange,2020-12-21,4275,17857,4269,17833,6,24,0,0,4275,17851,0,2,4275,17853,California
Orange,2020-12-22,4005,21862,3968,21801,37,61,0,0,4004,21855,0,2,4004,21857,California
Orange,2020-12-23,3611,25473,3241,25042,370,431,0,0,3611,25465,1,3,3611,25468,California
Orange,2020-12-24,1391,26864,1089,26131,302,733,0,0,1391,26856,0,3,1391,26859,California
Orange,2020-12-25,21,26885,16,26147,5,738,0,0,21,26877,0,3,21,26880,California
Orange,2020-12-26,1002,27887,425,26572,577,1315,0,0,1002,27879,0,3,1002,27882,California
Orange,2020-12-27,587,28474,275,26847,312,1627,0,0,587,28466,0,3,587,28469,California
Orange,2020-12-28,3642,32116,2643,29490,999,2626,0,0,3642,32108,0,3,3642,32111,California
Orange,2020-12-29,3538,35654,2514,32004,1024,3650,0,0,3537,35644,1,4,3537,35648,California
Orange,2020-12-30,5151,40805,3553,35557,1598,5248,0,0,5151,40795,0,4,5151,40799,California
Orange,2020-12-31,1535,42340,820,36377,715,5963,0,0,1532,42324,3,7,1532,42331,California
Orange,2021-01-01,739,43079,402,36779,337,6300,0,0,737,43059,2,9,737,43068,California
Orange,2021-01-02,1374,44453,844,37623,530,6830,0,0,1371,44428,2,11,1371,44439,California
Orange,2021-01-03,594,45047,326,37949,268,7098,0,0,593,45021,0,11,593,45032,California
Orange,2021-01-04,2791,47838,1575,39524,1216,8314,0,0,2792,47812,1,12,2792,47824,California
Orange,2021-01-05,3562,51400,2320,41844,1242,9556,0,0,3146,50548,413,425,3149,50973,California
Orange,2021-01-06,5055,56455,3480,45324,1575,11131,0,0,3676,52859,1365,1790,3676,54649,California
Orange,2021-01-07,9404,65859,5252,50576,4152,15283,0,0,5752,54979,3637,5427,5757,60406,California
Orange,2021-01-08,9589,75448,5391,55967,4198,19481,0,0,5717,56838,3861,9288,5720,66126,California
Orange,2021-01-09,5075,80523,1776,57743,3299,22780,0,0,3776,59315,1299,10587,3776,69902,California
Orange,2021-01-10,4283,84806,1059,58802,3224,26004,0,0,3393,61823,889,11476,3397,73299,California
Orange,2021-01-11,9545,94351,4946,63748,4599,30603,0,0,5898,64074,3651,15127,5902,79201,California
Orange,2021-01-12,9043,103394,4858,68606,4185,34788,0,0,5545,66129,3493,18620,5548,84749,California
Orange,2021-01-13,10387,113781,4954,73560,5433,40221,0,0,7160,70073,3223,21843,7167,91916,California
Orange,2021-01-14,10173,123954,3820,77380,6353,46574,0,0,8570,77048,1601,23444,8576,100492,California
Orange,2021-01-15,10350,134304,2676,80056,7674,54248,0,0,9456,85611,900,24344,9463,109955,California
Orange,2021-01-16,8870,143174,2121,82177,6749,60997,0,0,8463,93676,403,24747,8468,118423,California
Orange,2021-01-17,8286,151460,1524,83701,6762,67759,0,0,8129,101658,157,24904,8139,126562,California
Orange,2021-01-18,9814,161274,4445,88146,5369,73128,0,0,7541,106928,2274,27178,7544,134106,California
Orange,2021-01-19,7633,168907,5477,93623,2156,75284,0,0,4984,109267,2647,29825,4986,139092,California
Orange,2021-01-20,8701,177608,6108,99731,2593,77877,0,0,5623,111822,3077,32902,5632,144724,California
Orange,2021-01-21,11377,188985,5125,104856,6252,84129,0,0,10522,121503,853,33755,10534,155258,California
Orange,2021-01-22,13985,202970,5225,110081,8760,92889,0,0,13079,133692,898,34653,13087,168345,California
Orange,2021-01-23,13321,216291,6213,116294,7108,99997,0,0,12374,145135,943,35596,12386,180731,California
Orange,2021-01-24,9945,226236,4312,120606,5633,105630,0,0,9605,154408,336,35932,9609,190340,California
Orange,2021-01-25,10567,236803,5904,126510,4663,110293,0,0,7800,159455,2758,38690,7805,198145,California
Orange,2021-01-26,12020,248823,7721,134231,4299,114592,0,0,9813,167069,2202,40892,9816,207961,California
Orange,2021-01-27,13668,262491,8031,142262,5637,120229,0,0,10887,175191,2770,43662,10892,218853,California
Orange,2021-01-28,13313,275804,7274,149536,6039,126268,0,0,11367,184637,1930,45592,11376,230229,California
Orange,2021-01-29,13842,289646,8464,158000,5378,131646,0,0,10872,192565,2947,48539,10875,241104,California
Orange,2021-01-30,13236,302882,4534,162534,8702,140348,0,0,12429,204208,790,49329,12433,253537,California
Orange,2021-01-31,13859,316741,4916,167450,8943,149291,0,0,13388,217139,465,49794,13396,266933,California
Orange,2021-02-01,15058,331799,6511,173961,8547,157838,0,0,12514,227145,2516,52310,12522,279455,California
Orange,2021-02-02,15266,347065,8005,181966,7261,165099,0,0,12739,237403,2487,54797,12745,292200,California
Orange,2021-02-03,16807,363872,12443,194409,4364,169463,0,0,13794,248276,2927,57724,13800,306000,California
Orange,2021-02-04,20170,384042,13094,207503,7076,176539,0,0,14981,258116,5150,62874,14990,320990,California
Orange,2021-02-05,21083,405125,12091,219594,8992,185531,0,0,14639,266369,6397,69271,14650,335640,California
Orange,2021-02-06,16592,421717,10882,230476,5710,191241,0,0,11254,272525,5318,74589,11474,347114,California
Orange,2021-02-07,11671,433388,8171,238647,3500,194741,0,0,7643,276329,4008,78597,7812,354926,California
Orange,2021-02-08,15290,448678,8753,247400,6537,201278,0,0,9143,279359,6118,84715,9148,364074,California
Orange,2021-02-09,17965,466643,12162,259562,5803,207081,0,0,10752,282994,7132,91847,10767,374841,California
Orange,2021-02-10,21203,487846,11277,270839,9926,217007,0,0,12826,287562,8280,100127,12848,387689,California
Orange,2021-02-11,22507,510353,11637,282476,10870,227877,0,0,12301,289828,10060,110187,12326,400015,California
Orange,2021-02-12,25254,535607,12131,294607,13123,241000,0,0,14783,294233,10399,120586,14804,414819,California
Orange,2021-02-13,22250,557857,12052,306659,10198,251198,0,0,11200,295206,10884,131470,11857,426676,California
Orange,2021-02-14,16649,574506,6683,313342,9966,261164,0,0,9687,297969,6932,138402,9695,436371,California
Orange,2021-02-15,17569,592075,7554,320896,10015,271179,0,0,9058,298588,8462,146864,9081,445452,California
Orange,2021-02-16,20329,612404,9192,330088,11137,282316,0,0,10914,300183,9359,156223,10954,456406,California
Orange,2021-02-17,18372,630776,9619,339707,8753,291069,0,0,9364,300674,8942,165165,9433,465839,California
Orange,2021-02-18,15381,646157,10066,349773,5315,296384,0,0,6929,299247,8389,173554,6962,472801,California
Orange,2021-02-19,18689,664846,11156,360929,7533,303917,0,0,7065,294779,11559,185113,7091,479892,California
Orange,2021-02-20,7745,672591,5742,366671,2003,305920,0,0,3858,294815,3851,188964,3887,483779,California
Orange,2021-02-21,4845,677436,4113,370784,732,306652,0,0,994,292011,3806,192770,1002,484781,California
Orange,2021-02-22,10390,687826,8463,379247,1927,308579,0,0,4144,289986,6196,198966,4171,488952,California
Orange,2021-02-23,14179,702005,7762,387009,6417,314996,0,0,3723,283385,10367,209333,3766,492718,California
Orange,2021-02-24,22115,724120,13367,400376,8748,323744,0,0,5574,272585,16445,225778,5645,498363,California
Orange,2021-02-25,23753,747873,12881,413257,10872,334616,0,0,8297,265570,15365,241143,8350,506713,California
Orange,2021-02-26,28778,776651,14512,427769,14266,348882,0,0,11578,260178,17040,258183,11648,518361,California
Orange,2021-02-27,25872,802523,10552,438321,15315,364197,5,5,7450,249406,18287,276470,7515,525876,California
Orange,2021-02-28,19538,822061,7585,445906,11953,376150,0,5,4909,239877,14482,290952,4953,530829,California
Orange,2021-03-01,19017,841078,8705,454611,10288,386438,24,29,7426,235899,11474,302426,7496,538325,California
Orange,2021-03-02,21820,862898,10562,465173,11254,397692,4,33,9629,233477,12118,314544,9696,548021,California
Orange,2021-03-03,21432,884330,10174,475347,11253,408945,5,38,11546,235296,9797,324341,11616,559637,California
Orange,2021-03-04,24143,908473,13840,489187,10290,419235,13,51,12326,235930,11764,336105,12398,572035,California
Orange,2021-03-05,23779,932252,12529,501716,11202,430437,48,99,14277,240906,9450,345555,14426,586461,California
Orange,2021-03-06,25210,957462,13872,515588,10448,440885,890,989,13382,243455,11770,357325,14319,600780,California
Orange,2021-03-07,16589,974051,8965,524553,6751,447636,873,1862,9492,246827,7047,364372,10419,611199,California
Orange,2021-03-08,18688,992739,8683,533236,8581,456217,1424,3286,11710,253112,6902,371274,13187,624386,California
Orange,2021-03-09,21925,1014664,10052,543288,9254,465471,2619,5905,12834,259535,9043,380317,15466,639852,California
Orange,2021-03-10,25233,1039897,12382,555670,9365,474836,3486,9391,12644,263162,12514,392831,16141,655993,California
Orange,2021-03-11,29700,1069597,16062,571732,9325,484161,4313,13704,13672,265240,15917,408748,17995,673988,California
Orange,2021-03-12,29748,1099345,14481,586213,11371,495532,3896,17600,14846,269214,14799,423547,18773,692761,California
Orange,2021-03-13,28103,1127448,10341,596554,13784,509316,3978,21578,14171,273498,13864,437411,18148,710909,California
Orange,2021-03-14,19071,1146519,8298,604852,8216,517532,2557,24135,11861,280746,7169,444580,14417,725326,California
Orange,2021-03-15,23388,1169907,10322,615174,12293,529825,773,24908,14421,287081,8863,453443,15198,740524,California
Orange,2021-03-16,26726,1196633,11323,626497,15130,544955,273,25181,17149,295048,9481,462924,17448,757972,California
Orange,2021-03-17,27702,1224335,13775,640272,13360,558315,567,25748,19619,307240,7997,470921,20189,778161,California
Orange,2021-03-18,28263,1252598,14286,654558,13671,571986,306,26054,21788,322959,6389,477310,22108,800269,California
Orange,2021-03-19,34198,1286796,18894,673452,14849,586835,455,26509,25281,339917,8790,486100,25748,826017,California
Orange,2021-03-20,26132,1312928,13808,687260,12122,598957,202,26711,22228,358530,3828,489928,22441,848458,California
Orange,2021-03-21,18895,1331823,10957,698217,7192,606149,746,27457,15956,372341,2893,492821,16704,865162,California
Orange,2021-03-22,23049,1354872,11971,710188,10755,616904,323,27780,19323,388383,3614,496435,19656,884818,California
Orange,2021-03-23,26426,1381298,13797,723985,11981,628885,648,28428,20861,404433,5467,501902,21517,906335,California
Orange,2021-03-24,29546,1410844,16556,740541,12060,640945,930,29358,22085,420112,7340,509242,23019,929354,California
Orange,2021-03-25,32773,1443617,17437,757978,14619,655564,717,30075,24201,436577,8458,517700,24923,954277,California
Orange,2021-03-26,35192,1478809,18297,776275,16027,671591,868,30943,24646,451693,10408,528108,25524,979801,California
Orange,2021-03-27,28711,1507520,13771,790046,14623,686214,317,31260,19671,462752,8932,537040,19991,999792,California
Orange,2021-03-28,25067,1532587,13056,803102,11943,698157,68,31328,18590,475036,6381,543421,18665,1018457,California
Orange,2021-03-29,26771,1559358,12283,815385,13920,712077,568,31896,17769,484495,8881,552302,18340,1036797,California
Orange,2021-03-30,31132,1590490,14093,829478,16397,728474,642,32538,20449,495005,10579,562881,21089,1057886,California
Orange,2021-03-31,37485,1627975,19673,849151,17086,745560,726,33264,23721,505835,13617,576498,24447,1082333,California
Orange,2021-04-01,41016,1668991,21519,870670,17536,763096,1961,35225,25885,518747,14913,591411,27825,1110158,California
Orange,2021-04-02,40502,1709493,20428,891098,18207,781303,1867,37092,21969,524186,18404,609815,23843,1134001,California
Orange,2021-04-03,30617,1740110,15871,906969,12963,794266,1783,38875,14143,523726,16377,626192,15917,1149918,California
Orange,2021-04-04,18526,1758636,10756,917725,6994,801260,776,39651,7990,522017,10469,636661,8760,1158678,California
Orange,2021-04-05,30369,1789005,14183,931908,12712,813972,3474,43125,13198,521615,17064,653725,16662,1175340,California
Orange,2021-04-06,33664,1822669,15763,947671,14446,828418,3455,46580,14136,519762,19415,673140,17562,1192902,California
Orange,2021-04-07,36540,1859209,20320,967991,11550,839968,4670,51250,16004,519965,20432,693572,20635,1213537,California
Orange,2021-04-08,39564,1898773,21870,989861,12122,852090,5572,56822,19006,524082,20417,713989,24534,1238071,California
Orange,2021-04-09,41431,1940204,24102,1013963,12014,864104,5315,62137,18040,524121,23274,737263,23313,1261384,California
Orange,2021-04-10,34898,1975102,18419,1032382,12169,876273,4310,66447,14283,522179,20509,757772,18567,1279951,California
Orange,2021-04-11,25911,2001013,14674,1047056,7929,884202,3308,69755,9866,519343,15984,773756,13148,1293099,California
Orange,2021-04-12,30882,2031895,15594,1062650,11636,895838,3652,73407,12107,516404,18679,792435,15740,1308839,California
Orange,2021-04-13,32962,2064857,18556,1081206,14335,910173,71,73478,15283,514185,17575,810010,15356,1324195,California
Orange,2021-04-14,35142,2099999,20614,1101820,14490,924663,38,73516,15206,509631,19809,829819,15255,1339450,California
Orange,2021-04-15,40969,2140968,24973,1126793,15979,940642,17,73533,19029,506869,21802,851621,19040,1358490,California
Orange,2021-04-16,42212,2183180,24815,1151608,17367,958009,30,73563,18995,502845,23062,874683,19038,1377528,California
Orange,2021-04-17,30789,2213969,17459,1169067,13323,971332,7,73570,13454,499131,17181,891864,13467,1390995,California
Orange,2021-04-18,22366,2236335,13632,1182699,8734,980066,0,73570,8851,494553,13434,905298,8856,1399851,California
Orange,2021-04-19,33121,2269456,18305,1201004,14813,994879,3,73573,15209,491969,17802,923100,15218,1415069,California
Orange,2021-04-20,36633,2306089,19375,1220379,17251,1012130,7,73580,18179,491816,18345,941445,18192,1433261,California
Orange,2021-04-21,42519,2348608,24926,1245305,17584,1029714,9,73589,20118,489738,22212,963657,20134,1453395,California
Orange,2021-04-22,40183,2388791,21524,1266829,18648,1048362,11,73600,16725,483187,23295,986952,16744,1470139,California
Orange,2021-04-23,41116,2429907,21610,1288439,19498,1067860,8,73608,18397,479021,22580,1009532,18414,1488553,California
Orange,2021-04-24,32146,2462053,16838,1305277,15276,1083136,32,73640,13475,473962,18569,1028101,13510,1502063,California
Orange,2021-04-25,23048,2485101,13018,1318295,10015,1093151,15,73655,9831,470681,13134,1041235,9853,1511916,California
Orange,2021-04-26,29338,2514439,14578,1332873,14561,1107712,199,73854,12703,467082,16503,1057738,12904,1524820,California
Orange,2021-04-27,31642,2546081,15007,1347880,15999,1123711,636,74490,11972,460211,19486,1077224,12615,1537435,California
Orange,2021-04-28,31504,2577585,16008,1363888,14609,1138320,887,75377,12646,455031,18710,1095934,13530,1550965,California
Orange,2021-04-29,32547,2610132,17972,1381860,13600,1151920,975,76352,11579,446747,20830,1116764,12546,1563511,California
Orange,2021-04-30,30506,2640638,17588,1399448,11970,1163890,948,77300,13012,443338,17357,1134121,13948,1577459,California
Orange,2021-05-01,23115,2663753,15826,1415274,6299,1170189,990,78290,8795,438935,14179,1148300,9776,1587235,California
Orange,2021-05-02,15473,2679226,10308,1425582,4521,1174710,644,78934,5388,434953,10008,1158308,6026,1593261,California
Orange,2021-05-03,20745,2699971,12682,1438264,7299,1182009,764,79698,6512,428100,14127,1172435,7274,1600535,California
Orange,2021-05-04,24229,2724200,14013,1452277,9292,1191301,924,80622,8268,421443,15835,1188270,9178,1609713,California
Orange,2021-05-05,25480,2749680,14472,1466749,10109,1201410,899,81521,8188,413390,17139,1205409,9086,1618799,California
Orange,2021-05-06,26950,2776630,16446,1483195,9498,1210908,1006,82527,7398,402383,19403,1224812,8396,1627195,California
Orange,2021-05-07,29537,2806167,17925,1501120,10557,1221465,1055,83582,8203,390533,21102,1245914,9252,1636447,California
Orange,2021-05-08,19194,2825361,12831,1513951,5561,1227026,802,84384,5555,383384,13498,1259412,6349,1642796,California
Orange,2021-05-09,11142,2836503,8495,1522446,2272,1229298,375,84759,2805,378278,8286,1267698,3180,1645976,California
Orange,2021-05-10,19544,2856047,12045,1534491,6713,1236011,786,85545,4307,368236,15136,1282834,5094,1651070,California
Orange,2021-05-11,22760,2878807,12872,1547363,9149,1245160,739,86284,5395,357117,17246,1300080,6127,1657197,California
Orange,2021-05-12,24111,2902918,14994,1562357,8281,1253441,836,87120,6547,347079,17418,1317498,7380,1664577,California
Orange,2021-05-13,22163,2925081,13746,1576103,7801,1261242,616,87736,8165,341983,13879,1331377,8783,1673360,California
Orange,2021-05-14,26919,2952000,17810,1593913,8255,1269497,854,88590,10469,336981,16295,1347672,11293,1684653,California
Orange,2021-05-15,20494,2972494,14798,1608711,5145,1274642,551,89141,8312,333731,12106,1359778,8856,1693509,California
Orange,2021-05-16,15596,2988090,12867,1621578,2388,1277030,341,89482,6711,331964,8815,1368593,7048,1700557,California
Orange,2021-05-17,19605,3007695,12886,1634464,6018,1283048,701,90183,6917,326958,12610,1381203,7604,1708161,California
Orange,2021-05-18,20671,3028366,12053,1646517,7945,1290993,673,90856,8010,323080,12552,1393755,8674,1716835,California
Orange,2021-05-19,22601,3050967,12951,1659468,8976,1299969,674,91530,7721,316715,14749,1408504,8384,1725219,California
Orange,2021-05-20,22620,3073587,13272,1672740,8674,1308643,674,92204,7732,310350,14767,1423271,8402,1733621,California
Orange,2021-05-21,25893,3099480,14935,1687675,10234,1318877,724,92928,8289,301887,17472,1440743,9009,1742630,California
Orange,2021-05-22,18375,3117855,12247,1699922,5580,1324457,548,93476,7014,298189,11261,1452004,7563,1750193,California
Orange,2021-05-23,10092,3127947,6977,1706899,2841,1327298,274,93750,3551,295524,6489,1458493,3824,1754017,California
Orange,2021-05-24,15708,3143655,9338,1716237,5746,1333044,624,94374,5792,292118,9815,1468308,6409,1760426,California
Orange,2021-05-25,15668,3159323,9231,1725468,5913,1338957,524,94898,5572,288231,9977,1478285,6090,1766516,California
Orange,2021-05-26,15282,3174605,8572,1734040,6209,1345166,501,95399,5620,284780,9562,1487847,6111,1772627,California
Orange,2021-05-27,14433,3189038,8686,1742726,5194,1350360,553,95952,6293,283560,8058,1495905,6838,1779465,California
Orange,2021-05-28,16849,3205887,9933,1752659,6285,1356645,631,96583,7366,282164,9381,1505286,7985,1787450,California
Orange,2021-05-29,9043,3214930,5307,1757966,3377,1360022,359,96942,4080,281700,4899,1510185,4435,1791885,California
Orange,2021-05-30,6055,3220985,3935,1761901,1839,1361861,281,97223,2182,280322,3836,1514021,2458,1794343,California
Orange,2021-05-31,1705,3222690,1058,1762959,600,1362461,47,97270,523,279732,1159,1515180,569,1794912,California
Orange,2021-06-01,13445,3236135,7811,1770770,5139,1367600,495,97765,4992,276886,8325,1523505,5479,1800391,California
Orange,2021-06-02,13051,3249186,8083,1778853,4550,1372150,418,98183,4462,273326,8433,1531938,4873,1805264,California
Orange,2021-06-03,12937,3262123,8930,1787783,3551,1375701,456,98639,4406,269719,8464,1540402,4857,1810121,California
Orange,2021-06-04,17210,3279333,12206,1799989,4426,1380127,578,99217,5264,263699,11859,1552261,5839,1815960,California
Orange,2021-06-05,12989,3292322,9808,1809797,2801,1382928,380,99597,3857,258862,9070,1561331,4233,1820193,California
Orange,2021-06-06,5396,3297718,4586,1814383,607,1383535,203,99800,1825,257343,3547,1564878,2028,1822221,California
Orange,2021-06-07,10820,3308538,7647,1822030,2706,1386241,467,100267,3318,253694,7427,1572305,3778,1825999,California
Orange,2021-06-08,12217,3320755,8798,1830828,2908,1389149,511,100778,3776,249636,8346,1580651,4288,1830287,California
Orange,2021-06-09,11804,3332559,8162,1838990,3183,1392332,459,101237,3322,245015,8396,1589047,3775,1834062,California
Orange,2021-06-10,11623,3344182,8461,1847451,2694,1395026,468,101705,3404,240725,8156,1597203,3866,1837928,California
Orange,2021-06-11,13343,3357525,9394,1856845,3451,1398477,498,102203,4304,236578,8943,1606146,4796,1842724,California
Orange,2021-06-12,9818,3367343,7516,1864361,1984,1400461,318,102521,2994,233123,6767,1612913,3312,1846036,California
Orange,2021-06-13,4077,3371420,2976,1867337,937,1401398,164,102685,1026,231297,3017,1615930,1191,1847227,California
Orange,2021-06-14,9865,3381285,7189,1874526,2213,1403611,463,103148,3254,228463,6549,1622479,3715,1850942,California
Orange,2021-06-15,10218,3391503,7363,1881889,2420,1406031,435,103583,3570,225890,6574,1629053,4001,1854943,California
Orange,2021-06-16,9585,3401088,6881,1888770,2233,1408264,471,104054,3277,223388,6245,1635298,3743,1858686,California
Orange,2021-06-17,9442,3410530,7114,1895884,1956,1410220,372,104426,3354,221090,6023,1641321,3725,1862411,California
Orange,2021-06-18,11260,3421790,8214,1904098,2547,1412767,499,104925,3900,218206,7281,1648602,4397,1866808,California
Orange,2021-06-19,6341,3428131,4714,1908812,1381,1414148,246,105171,2611,217390,3676,1652278,2860,1869668,California
Orange,2021-06-20,3078,3431209,2387,1911199,597,1414745,94,105265,1032,216484,2032,1654310,1126,1870794,California
Orange,2021-06-21,6680,3437889,4584,1915783,1658,1416403,438,105703,3578,217430,3071,1657381,4017,1874811,California
Orange,2021-06-22,7755,3445644,5725,1921508,1673,1418076,357,106060,2953,216014,4727,1662108,3311,1878122,California
Orange,2021-06-23,7406,3453050,5554,1927062,1544,1419620,308,106368,3009,214983,4346,1666454,3315,1881437,California
Orange,2021-06-24,7263,3460313,5433,1932495,1448,1421068,382,106750,3099,214338,4125,1670579,3480,1884917,California
Orange,2021-06-25,8818,3469131,6451,1938946,1986,1423054,381,107131,3382,212713,5383,1675962,3758,1888675,California
Orange,2021-06-26,5961,3475092,4563,1943509,1171,1424225,227,107358,2528,212077,3391,1679353,2755,1891430,California
Orange,2021-06-27,3447,3478539,2795,1946304,540,1424765,112,107470,1484,211734,1940,1681293,1597,1893027,California
Orange,2021-06-28,6306,3484845,5072,1951376,879,1425644,355,107825,2796,211427,3456,1684749,3149,1896176,California
Orange,2021-06-29,6349,3491194,4674,1956050,1421,1427065,254,108079,2617,210620,3679,1688428,2872,1899048,California
Orange,2021-06-30,6244,3497438,4510,1960560,1468,1428533,266,108345,2758,210233,3410,1691838,3023,1902071,California
Orange,2021-07-01,5951,3503389,4564,1965124,1144,1429677,243,108588,2739,210057,3157,1694995,2981,1905052,California
Orange,2021-07-02,7120,3510509,5304,1970428,1495,1431172,321,108909,3108,209500,3982,1698977,3425,1908477,California
Orange,2021-07-03,4075,3514584,2999,1973427,938,1432110,138,109047,1862,209322,2178,1701155,2000,1910477,California
Orange,2021-07-04,339,3514923,218,1973645,107,1432217,14,109061,145,209292,190,1701345,160,1910637,California
Orange,2021-07-05,3865,3518788,2962,1976607,769,1432986,134,109195,1834,209262,1999,1703344,1969,1912606,California
Orange,2021-07-06,6644,3525432,4900,1981507,1420,1434406,324,109519,2544,208084,4043,1707387,2865,1915471,California
Orange,2021-07-07,5604,3531036,4166,1985673,1206,1435612,232,109751,2317,207381,3249,1710636,2546,1918017,California
Orange,2021-07-08,5707,3536743,4336,1990009,1122,1436734,249,110000,2253,206470,3411,1714047,2500,1920517,California
Orange,2021-07-09,6527,3543270,4803,1994812,1398,1438132,326,110326,2663,205645,3815,1717862,2990,1923507,California
Orange,2021-07-10,2615,3545885,1808,1996620,726,1438858,81,110407,1205,205545,1384,1719246,1284,1924791,California
Placer,2020-12-15,30,30,30,30,0,0,0,0,30,30,0,0,30,30,California
Placer,2020-12-16,62,92,62,92,0,0,0,0,62,92,0,0,62,92,California
Placer,2020-12-17,148,240,148,240,0,0,0,0,148,240,0,0,148,240,California
Placer,2020-12-18,429,669,429,669,0,0,0,0,429,669,0,0,429,669,California
Placer,2020-12-19,254,923,254,923,0,0,0,0,254,923,0,0,254,923,California
Placer,2020-12-20,235,1158,235,1158,0,0,0,0,235,1158,0,0,235,1158,California
Placer,2020-12-21,502,1660,500,1658,2,2,0,0,502,1660,0,0,502,1660,California
Placer,2020-12-22,681,2341,674,2332,7,9,0,0,681,2341,0,0,681,2341,California
Placer,2020-12-23,762,3103,673,3005,89,98,0,0,762,3103,0,0,762,3103,California
Placer,2020-12-24,411,3514,357,3362,54,152,0,0,411,3514,0,0,411,3514,California
Placer,2020-12-26,161,3675,116,3478,45,197,0,0,161,3675,0,0,161,3675,California
Placer,2020-12-27,184,3859,161,3639,23,220,0,0,184,3859,0,0,184,3859,California
Placer,2020-12-28,675,4534,547,4186,128,348,0,0,674,4532,1,1,674,4533,California
Placer,2020-12-29,770,5304,517,4703,253,601,0,0,770,5302,0,1,770,5303,California
Placer,2020-12-30,736,6040,461,5164,275,876,0,0,734,6036,0,1,734,6037,California
Placer,2020-12-31,548,6588,360,5524,188,1064,0,0,548,6584,0,1,548,6585,California
Placer,2021-01-01,17,6605,12,5536,5,1069,0,0,17,6601,0,1,17,6602,California
Placer,2021-01-02,187,6792,155,5691,32,1101,0,0,187,6788,0,1,187,6789,California
Placer,2021-01-03,155,6947,80,5771,75,1176,0,0,155,6943,0,1,155,6944,California
Placer,2021-01-04,625,7572,182,5953,443,1619,0,0,625,7568,0,1,625,7569,California
Placer,2021-01-05,739,8311,162,6115,577,2196,0,0,649,8129,89,90,650,8219,California
Placer,2021-01-06,766,9077,248,6363,518,2714,0,0,611,8585,155,245,611,8830,California
Placer,2021-01-07,994,10071,373,6736,621,3335,0,0,765,9122,228,473,765,9595,California
Placer,2021-01-08,1191,11262,532,7268,659,3994,0,0,796,9527,391,864,796,10391,California
Placer,2021-01-09,457,11719,321,7589,136,4130,0,0,240,9551,216,1080,240,10631,California
Placer,2021-01-10,335,12054,187,7776,148,4278,0,0,167,9550,168,1248,167,10798,California
Placer,2021-01-11,1441,13495,818,8594,623,4901,0,0,844,9798,597,1845,845,11643,California
Placer,2021-01-12,1683,15178,897,9491,786,5687,0,0,1066,10249,616,2461,1067,12710,California
Placer,2021-01-13,1661,16839,840,10331,821,6508,0,0,1228,11049,431,2892,1231,13941,California
Placer,2021-01-14,1834,18673,685,11016,1149,7657,0,0,1457,12134,374,3266,1459,15400,California
Placer,2021-01-15,1956,20629,732,11748,1224,8881,0,0,1601,13382,354,3620,1602,17002,California
Placer,2021-01-16,1513,22142,718,12466,795,9676,0,0,1391,14652,122,3742,1392,18394,California
Placer,2021-01-17,577,22719,402,12868,175,9851,0,0,438,14952,138,3880,438,18832,California
Placer,2021-01-18,986,23705,545,13413,441,10292,0,0,750,15467,236,4116,751,19583,California
Placer,2021-01-19,2633,26338,1970,15383,663,10955,0,0,2178,17191,455,4571,2179,21762,California
Placer,2021-01-20,2348,28686,1768,17151,580,11535,0,0,2008,18860,340,4911,2009,23771,California
Placer,2021-01-21,2590,31276,1138,18289,1452,12987,0,0,2184,20641,404,5315,2185,25956,California
Placer,2021-01-22,2355,33631,632,18921,1723,14710,0,0,2175,22639,178,5493,2176,28132,California
Placer,2021-01-23,1208,34839,389,19310,819,15529,0,0,1048,23528,159,5652,1048,29180,California
Placer,2021-01-24,522,35361,274,19584,248,15777,0,0,440,23887,82,5734,441,29621,California
Placer,2021-01-25,1686,37047,807,20391,879,16656,0,0,1389,24980,297,6031,1390,31011,California
Placer,2021-01-26,1890,38937,1048,21439,842,17498,0,0,1616,26322,274,6305,1616,32627,California
Placer,2021-01-27,1865,40802,1171,22610,694,18192,0,0,1614,27688,249,6554,1615,34242,California
Placer,2021-01-28,1824,42626,1124,23734,700,18892,0,0,1573,29012,249,6803,1573,35815,California
Placer,2021-01-29,1937,44563,1181,24915,756,19648,0,0,1734,30546,201,7004,1735,37550,California
Placer,2021-01-30,1747,46310,971,25886,776,20424,0,0,1626,32052,120,7124,1626,39176,California
Placer,2021-01-31,787,47097,626,26512,161,20585,0,0,716,32697,71,7195,716,39892,California
Placer,2021-02-01,2093,49190,1104,27616,989,21574,0,0,1772,34150,319,7514,1772,41664,California
Placer,2021-02-02,2417,51607,1553,29169,864,22438,0,0,1908,35552,506,8020,1908,43572,California
Placer,2021-02-03,2932,54539,1883,31052,1049,23487,0,0,2297,37219,630,8650,2297,45869,California
Placer,2021-02-04,2787,57326,1192,32244,1595,25082,0,0,1943,38324,839,9489,1944,47813,California
Placer,2021-02-05,2819,60145,1284,33528,1535,26617,0,0,1438,38405,1357,10846,1438,49251,California
Placer,2021-02-06,1999,62144,1334,34862,665,27282,0,0,1443,39293,555,11401,1443,50694,California
Placer,2021-02-07,1230,63374,914,35776,316,27598,0,0,937,39938,292,11693,937,51631,California
Placer,2021-02-08,3307,66681,1756,37532,1551,29149,0,0,1956,40570,1325,13018,1957,53588,California
Placer,2021-02-09,3582,70263,2194,39726,1388,30537,0,0,1652,40296,1926,14944,1652,55240,California
Placer,2021-02-10,3796,74059,2217,41943,1579,32116,0,0,1721,39950,2068,17012,1722,56962,California
Placer,2021-02-11,3735,77794,1921,43864,1814,33930,0,0,1584,39400,2135,19147,1585,58547,California
Placer,2021-02-12,2902,80696,1349,45213,1553,35483,0,0,1686,39908,1179,20326,1687,60234,California
Placer,2021-02-13,2627,83323,1473,46686,1154,36637,0,0,1931,41143,696,21022,1931,62165,California
Placer,2021-02-14,1100,84423,687,47373,413,37050,0,0,744,41533,354,21376,744,62909,California
Placer,2021-02-15,2265,86688,1050,48423,1215,38265,0,0,1553,42375,712,22088,1554,64463,California
Placer,2021-02-16,3611,90299,1806,50229,1805,40070,0,0,1604,41983,1997,24085,1605,66068,California
Placer,2021-02-17,3579,93878,1989,52218,1590,41660,0,0,1522,41452,2053,26138,1522,67590,California
Placer,2021-02-18,3859,97737,2082,54300,1777,43437,0,0,1644,40894,2203,28341,1645,69235,California
Placer,2021-02-19,3666,101403,1973,56273,1693,45130,0,0,1366,39974,2288,30629,1368,70603,California
Placer,2021-02-20,2110,103513,1310,57583,800,45930,0,0,947,39770,1156,31785,952,71555,California
Placer,2021-02-21,1181,104694,774,58357,407,46337,0,0,428,39448,751,32536,429,71984,California
Placer,2021-02-22,2629,107323,1840,60197,789,47126,0,0,619,38061,2006,34542,619,72603,California
Placer,2021-02-23,2719,110042,1661,61858,1058,48184,0,0,917,37177,1801,36343,917,73520,California
Placer,2021-02-24,3436,113478,1230,63088,2206,50390,0,0,1846,37448,1577,37920,1848,75368,California
Placer,2021-02-25,3828,117306,1579,64667,2249,52639,0,0,2081,37795,1737,39657,2084,77452,California
Placer,2021-02-26,4308,121614,2474,67141,1834,54473,0,0,2479,38452,1823,41480,2480,79932,California
Placer,2021-02-27,2934,124548,1537,68678,1397,55870,0,0,1516,38557,1413,42893,1518,81450,California
Placer,2021-02-28,1620,126168,879,69557,740,56610,1,1,741,38425,874,43767,742,82192,California
Placer,2021-03-01,3211,129379,2133,71690,1078,57688,0,1,1632,38489,1568,45335,1632,83824,California
Placer,2021-03-02,2933,132312,1802,73492,1131,58819,0,1,1907,39383,1013,46348,1907,85731,California
Placer,2021-03-03,3406,135718,1485,74977,1920,60739,1,2,1863,39715,1533,47881,1865,87596,California
Placer,2021-03-04,3660,139378,1467,76444,2193,62932,0,2,1899,39867,1748,49629,1900,89496,California
Placer,2021-03-05,3028,142406,1038,77482,1969,64901,21,23,1820,40505,1203,50832,1841,91337,California
Placer,2021-03-06,2450,144856,1516,78998,838,65739,96,119,944,40047,1498,52330,1040,92377,California
Placer,2021-03-07,1385,146241,773,79771,554,66293,58,177,559,39841,822,53152,616,92993,California
Placer,2021-03-08,2953,149194,1848,81619,987,67280,118,295,1663,40336,1286,54438,1781,94774,California
Placer,2021-03-09,3219,152413,1710,83329,1416,68696,93,388,1847,40907,1369,55807,1940,96714,California
Placer,2021-03-10,3321,155734,1341,84670,1874,70570,106,494,1729,41156,1586,57393,1835,98549,California
Placer,2021-03-11,3689,159423,1680,86350,1882,72452,127,621,1756,41119,1921,59314,1884,100433,California
Placer,2021-03-12,3721,163144,1498,87848,1442,73894,781,1402,1249,40690,2459,61773,2030,102463,California
Placer,2021-03-13,2221,165365,753,88601,1344,75238,124,1526,1184,40965,1032,62805,1307,103770,California
Placer,2021-03-14,1712,167077,685,89286,878,76116,149,1675,894,41192,816,63621,1043,104813,California
Placer,2021-03-15,3231,170308,1552,90838,1549,77665,130,1805,1774,41644,1453,65074,1905,106718,California
Placer,2021-03-16,3643,173951,1966,92804,1543,79208,134,1939,2313,42773,1319,66393,2448,109166,California
Placer,2021-03-17,3471,177422,1747,94551,1620,80828,104,2043,2227,43865,1240,67633,2332,111498,California
Placer,2021-03-18,4132,181554,2346,96897,1746,82574,40,2083,2868,45516,1255,68888,2906,114404,California
Placer,2021-03-19,3477,185031,2082,98979,1126,83700,269,2352,2162,46640,1304,70192,2428,116832,California
Placer,2021-03-20,2203,187234,909,99888,1195,84895,99,2451,1343,47227,854,71046,1441,118273,California
Placer,2021-03-21,1318,188552,587,100475,721,85616,10,2461,796,47515,518,71564,806,119079,California
Placer,2021-03-22,3327,191879,2131,102606,1105,86721,91,2552,2154,48592,1168,72732,2245,121324,California
Placer,2021-03-23,3593,195472,2125,104731,1380,88101,88,2640,2562,50217,1025,73757,2650,123974,California
Placer,2021-03-24,3812,199284,2008,106739,1707,89808,97,2737,1908,50342,1881,75638,2006,125980,California
Placer,2021-03-25,3882,203166,1875,108614,1906,91714,101,2838,1693,49960,2175,77813,1793,127773,California
Placer,2021-03-26,3789,206955,1674,110288,1883,93597,232,3070,1506,49431,2267,80080,1738,129511,California
Placer,2021-03-27,1642,208597,482,110770,1139,94736,21,3091,637,49090,998,81078,657,130168,California
Placer,2021-03-28,1131,209728,527,111297,594,95330,10,3101,299,48583,816,81894,309,130477,California
Placer,2021-03-29,3584,213312,2002,113299,1546,96876,36,3137,1727,48503,1846,83740,1766,132243,California
Placer,2021-03-30,3983,217295,2092,115391,1847,98723,44,3181,2077,48731,1891,85631,2119,134362,California
Placer,2021-03-31,4127,221422,1837,117228,2215,100938,75,3256,1689,48064,2429,88060,1762,136124,California
Placer,2021-04-01,3012,224434,1451,118679,1513,102451,48,3304,1674,48459,1327,89387,1722,137846,California
Placer,2021-04-02,2859,227293,1454,120133,1338,103789,67,3371,1603,48878,1248,90635,1667,139513,California
Placer,2021-04-03,1867,229160,997,121130,741,104530,129,3500,894,48934,965,91600,1021,140534,California
Placer,2021-04-04,720,229880,368,121498,299,104829,53,3553,285,48842,429,92029,337,140871,California
Placer,2021-04-05,3028,232908,1909,123407,933,105762,186,3739,1753,49514,1267,93296,1939,142810,California
Placer,2021-04-06,4329,237237,2499,125906,1528,107290,302,4041,1531,48559,2787,96083,1832,144642,California
Placer,2021-04-07,4575,241812,2613,128519,1499,108789,463,4504,2086,48623,2482,98565,2546,147188,California
Placer,2021-04-08,4746,246558,2619,131138,1584,110373,543,5047,1589,47611,3144,101709,2132,149320,California
Placer,2021-04-09,4164,250722,2281,133419,1256,111629,627,5674,1250,46585,2904,104613,1878,151198,California
Placer,2021-04-10,2119,252841,888,134307,1047,112676,184,5858,924,46499,1193,105806,1107,152305,California
Placer,2021-04-11,1394,254235,535,134842,826,113502,33,5891,445,46032,944,106750,477,152782,California
Placer,2021-04-12,4141,258376,2661,137503,1091,114593,389,6280,2469,47227,1662,108412,2857,155639,California
Placer,2021-04-13,4373,262749,3007,140510,1365,115958,1,6281,2187,47237,2179,110591,2189,157828,California
Placer,2021-04-14,4179,266928,2596,143106,1582,117540,1,6282,1858,46786,2309,112900,1858,159686,California
Placer,2021-04-15,4526,271454,2520,145626,2005,119545,1,6283,2357,46984,2160,115060,2358,162044,California
Placer,2021-04-16,3717,275171,2203,147829,1514,121059,0,6283,1447,46168,2263,117323,1447,163491,California
Placer,2021-04-17,2646,277817,855,148684,1791,122850,0,6283,1731,46990,909,118232,1731,165222,California
Placer,2021-04-18,1274,279091,302,148986,972,123822,0,6283,442,46602,830,119062,442,165664,California
Placer,2021-04-19,2973,282064,1834,150820,1139,124961,0,6283,1170,45976,1797,120859,1171,166835,California
Placer,2021-04-20,3914,285978,2559,153379,1355,126316,0,6283,2448,46968,1456,122315,2448,169283,California
Placer,2021-04-21,3822,289800,2539,155918,1282,127598,1,6284,2484,48120,1333,123648,2485,171768,California
Placer,2021-04-22,3749,293549,2335,158253,1414,129012,0,6284,1793,47963,1950,125598,1793,173561,California
Placer,2021-04-23,3586,297135,2386,160639,1199,130211,1,6285,1404,47193,2175,127773,1405,174966,California
Placer,2021-04-24,2094,299229,1268,161907,825,131036,1,6286,1226,47561,858,128631,1226,176192,California
Placer,2021-04-25,938,300167,503,162410,435,131471,0,6286,556,47735,382,129013,556,176748,California
Placer,2021-04-26,2515,302682,1360,163770,1131,132602,24,6310,1214,47680,1292,130305,1237,177985,California
Placer,2021-04-27,2796,305478,1482,165252,1264,133866,50,6360,1585,48111,1206,131511,1637,179622,California
Placer,2021-04-28,3063,308541,1917,167169,1109,134975,37,6397,1615,48326,1438,132949,1653,181275,California
Placer,2021-04-29,3448,311989,2251,169420,1144,136119,53,6450,1456,47849,1986,134935,1509,182784,California
Placer,2021-04-30,3044,315033,1851,171271,1146,137265,47,6497,1226,47310,1812,136747,1273,184057,California
Placer,2021-05-01,1346,316379,939,172210,382,137647,25,6522,616,47226,724,137471,640,184697,California
Placer,2021-05-02,738,317117,574,172784,142,137789,22,6544,332,47176,404,137875,354,185051,California
Placer,2021-05-03,1619,318736,999,173783,554,138343,66,6610,443,46514,1170,139045,508,185559,California
Placer,2021-05-04,2368,321104,1360,175143,843,139186,165,6775,877,46072,1484,140529,1042,186601,California
Placer,2021-05-05,3729,324833,2534,177677,1089,140275,106,6881,976,44412,2741,143270,1081,187682,California
Placer,2021-05-06,3114,327947,1908,179585,1130,141405,76,6957,819,43040,2267,145537,895,188577,California
Placer,2021-05-07,2838,330785,1914,181499,831,142236,93,7050,798,41904,2027,147564,891,189468,California
Placer,2021-05-08,1417,332202,740,182239,635,142871,42,7092,417,41363,998,148562,457,189925,California
Placer,2021-05-09,456,332658,223,182462,212,143083,21,7113,212,41352,244,148806,233,190158,California
Placer,2021-05-10,1928,334586,1030,183492,802,143885,96,7209,423,40371,1500,150306,519,190677,California
Placer,2021-05-11,3041,337627,2201,185693,722,144607,118,7327,656,38771,2374,152680,774,191451,California
Placer,2021-05-12,2894,340521,2004,187697,833,145440,57,7384,684,37312,2202,154882,743,192194,California
Placer,2021-05-13,2873,343394,1855,189552,970,146410,48,7432,1011,36510,1860,156742,1058,193252,California
Placer,2021-05-14,2859,346253,1876,191428,847,147257,136,7568,1377,36550,1467,158209,1507,194759,California
Placer,2021-05-15,2107,348360,1367,192795,716,147973,24,7592,936,36346,1164,159373,960,195719,California
Placer,2021-05-16,1199,349559,532,193327,648,148621,19,7611,341,35851,855,160228,360,196079,California
Placer,2021-05-17,2360,351919,1570,194897,713,149334,77,7688,1016,35604,1340,161568,1093,197172,California
Placer,2021-05-18,2516,354435,1684,196581,752,150086,80,7768,1128,35427,1384,162952,1207,198379,California
Placer,2021-05-19,2547,356982,1598,198179,903,150989,46,7814,873,34677,1669,164621,919,199298,California
Placer,2021-05-20,2545,359527,1650,199829,847,151836,48,7862,863,33915,1674,166295,912,200210,California
Placer,2021-05-21,2452,361979,1531,201360,776,152612,145,8007,1056,33726,1388,167683,1199,201409,California
Placer,2021-05-22,1616,363595,1065,202425,509,153121,42,8049,765,33687,846,168529,807,202216,California
Placer,2021-05-23,641,364236,359,202784,266,153387,16,8065,280,33623,361,168890,297,202513,California
Placer,2021-05-24,1516,365752,772,203556,607,153994,137,8202,449,33144,1065,169955,586,203099,California
Placer,2021-05-25,1796,367548,946,204502,750,154744,100,8302,641,32738,1147,171102,741,203840,California
Placer,2021-05-26,1586,369134,908,205410,639,155383,39,8341,613,32423,968,172070,653,204493,California
Placer,2021-05-27,1465,370599,722,206132,697,156080,46,8387,664,32340,793,172863,710,205203,California
Placer,2021-05-28,1709,372308,856,206988,756,156836,97,8484,725,32184,978,173841,822,206025,California
Placer,2021-05-29,754,373062,406,207394,317,157153,31,8515,379,32221,372,174213,409,206434,California
Placer,2021-05-30,343,373405,231,207625,98,157251,14,8529,211,32315,131,174344,225,206659,California
Placer,2021-05-31,148,373553,70,207695,61,157312,17,8546,30,32244,117,174461,46,206705,California
Placer,2021-06-01,1679,375232,884,208579,723,158035,72,8618,592,31825,1082,175543,663,207368,California
Placer,2021-06-02,1506,376738,759,209338,680,158715,67,8685,487,31361,1018,176561,554,207922,California
Placer,2021-06-03,1703,378441,1033,210371,611,159326,59,8744,429,30580,1268,177829,487,208409,California
Placer,2021-06-04,1867,380308,1326,211697,487,159813,54,8798,457,29689,1400,179229,509,208918,California
Placer,2021-06-05,1092,381400,773,212470,278,160091,41,8839,268,29178,820,180049,309,209227,California
Placer,2021-06-06,503,381903,362,212832,124,160215,17,8856,125,28943,377,180426,142,209369,California
Placer,2021-06-07,1053,382956,721,213553,260,160475,72,8928,225,28414,824,181250,295,209664,California
Placer,2021-06-08,1728,384684,1316,214869,363,160838,49,8977,433,27603,1292,182542,481,210145,California
Placer,2021-06-09,1171,385855,848,215717,271,161109,52,9029,258,27005,909,183451,311,210456,California
Placer,2021-06-10,1253,387108,865,216582,313,161422,75,9104,313,26455,936,184387,386,210842,California
Placer,2021-06-11,1487,388595,1071,217653,357,161779,59,9163,340,25711,1142,185529,398,211240,California
Placer,2021-06-12,1016,389611,753,218406,237,162016,26,9189,217,25157,797,186326,243,211483,California
Placer,2021-06-13,394,390005,304,218710,79,162095,11,9200,91,24957,302,186628,102,211585,California
Placer,2021-06-14,768,390773,524,219234,199,162294,45,9245,222,24680,543,187171,266,211851,California
Placer,2021-06-15,1289,392062,859,220093,367,162661,63,9308,420,24296,866,188037,482,212333,California
Placer,2021-06-16,1036,393098,750,220843,231,162892,55,9363,333,23981,702,188739,387,212720,California
Placer,2021-06-17,880,393978,608,221451,235,163127,37,9400,275,23692,601,189340,312,213032,California
Placer,2021-06-18,1157,395135,764,222215,304,163431,89,9489,379,23383,777,190117,468,213500,California
Placer,2021-06-19,612,395747,443,222658,136,163567,33,9522,239,23285,369,190486,271,213771,California
Placer,2021-06-20,283,396030,232,222890,43,163610,8,9530,107,23225,174,190660,114,213885,California
Placer,2021-06-21,491,396521,287,223177,166,163776,38,9568,234,23240,257,190917,272,214157,California
Placer,2021-06-22,879,397400,621,223798,204,163980,54,9622,261,22944,611,191528,315,214472,California
Placer,2021-06-23,841,398241,609,224407,185,164165,47,9669,385,22921,455,191983,432,214904,California
Placer,2021-06-24,819,399060,515,224922,257,164422,47,9716,311,22774,505,192488,358,215262,California
Placer,2021-06-25,936,399996,664,225586,219,164641,53,9769,387,22671,543,193031,440,215702,California
Placer,2021-06-26,541,400537,390,225976,121,164762,30,9799,238,22638,301,193332,268,215970,California
Placer,2021-06-27,249,400786,181,226157,57,164819,11,9810,117,22634,131,193463,127,216097,California
Placer,2021-06-28,487,401273,361,226518,83,164902,43,9853,209,22609,277,193740,252,216349,California
Placer,2021-06-29,827,402100,582,227100,199,165101,46,9899,321,22471,505,194245,367,216716,California
Placer,2021-06-30,598,402698,416,227516,141,165242,41,9940,258,22431,339,194584,299,217015,California
Placer,2021-07-01,550,403248,370,227886,141,165383,39,9979,223,22369,324,194908,262,217277,California
Placer,2021-07-02,668,403916,486,228372,156,165539,26,10005,286,22305,376,195284,312,217589,California
Placer,2021-07-03,303,404219,210,228582,79,165618,14,10019,144,22307,156,195440,158,217747,California
Placer,2021-07-04,16,404235,2,228584,14,165632,0,10019,6,22303,10,195450,6,217753,California
Placer,2021-07-05,392,404627,260,228844,98,165730,34,10053,165,22279,223,195673,199,217952,California
Placer,2021-07-06,826,405453,622,229466,162,165892,42,10095,301,22100,522,196195,343,218295,California
Placer,2021-07-07,552,406005,418,229884,103,165995,31,10126,225,22031,325,196520,256,218551,California
Placer,2021-07-08,518,406523,357,230241,123,166118,38,10164,223,21999,293,196813,261,218812,California
Placer,2021-07-09,674,407197,478,230719,135,166253,61,10225,298,21984,374,197187,359,219171,California
Placer,2021-07-10,199,407396,135,230854,60,166313,4,10229,72,21933,127,197314,76,219247,California
Plumas,2020-12-18,3,3,3,3,0,0,0,0,3,3,0,0,3,3,California
Plumas,2020-12-19,1,4,1,4,0,0,0,0,1,4,0,0,1,4,California
Plumas,2020-12-21,45,49,45,49,0,0,0,0,45,49,0,0,45,49,California
Plumas,2020-12-22,92,141,92,141,0,0,0,0,92,141,0,0,92,141,California
Plumas,2020-12-23,50,191,50,191,0,0,0,0,50,191,0,0,50,191,California
Plumas,2020-12-24,6,197,6,197,0,0,0,0,6,197,0,0,6,197,California
Plumas,2020-12-28,8,205,0,197,8,8,0,0,8,205,0,0,8,205,California
Plumas,2020-12-29,32,237,22,219,10,18,0,0,32,237,0,0,32,237,California
Plumas,2020-12-30,23,260,1,220,22,40,0,0,23,260,0,0,23,260,California
Plumas,2020-12-31,4,264,1,221,3,43,0,0,4,264,0,0,4,264,California
Plumas,2021-01-01,1,265,0,221,1,44,0,0,1,265,0,0,1,265,California
Plumas,2021-01-02,1,266,0,221,1,45,0,0,1,266,0,0,1,266,California
Plumas,2021-01-04,10,276,4,225,6,51,0,0,10,276,0,0,10,276,California
Plumas,2021-01-05,22,298,2,227,20,71,0,0,22,298,0,0,22,298,California
Plumas,2021-01-06,122,420,5,232,117,188,0,0,122,420,0,0,122,420,California
Plumas,2021-01-07,53,473,2,234,51,239,0,0,52,471,1,1,52,472,California
Plumas,2021-01-08,11,484,4,238,7,246,0,0,8,476,3,4,8,480,California
Plumas,2021-01-09,2,486,2,240,0,246,0,0,1,476,1,5,1,481,California
Plumas,2021-01-11,58,544,50,290,8,254,0,0,11,440,47,52,11,492,California
Plumas,2021-01-12,155,699,86,376,69,323,0,0,71,427,84,136,71,563,California
Plumas,2021-01-13,55,754,50,426,5,328,0,0,9,390,46,182,9,572,California
Plumas,2021-01-14,99,853,14,440,85,413,0,0,94,479,5,187,94,666,California
Plumas,2021-01-15,63,916,7,447,56,469,0,0,61,538,2,189,61,727,California
Plumas,2021-01-16,58,974,1,448,57,526,0,0,58,596,0,189,58,785,California
Plumas,2021-01-18,3,977,2,450,1,527,0,0,3,599,0,189,3,788,California
Plumas,2021-01-19,36,1013,5,455,31,558,0,0,32,627,4,193,32,820,California
Plumas,2021-01-20,122,1135,3,458,119,677,0,0,120,745,2,195,120,940,California
Plumas,2021-01-21,112,1247,2,460,110,787,0,0,112,857,0,195,112,1052,California
Plumas,2021-01-22,5,1252,1,461,4,791,0,0,5,862,0,195,5,1057,California
Plumas,2021-01-23,94,1346,2,463,92,883,0,0,94,956,0,195,94,1151,California
Plumas,2021-01-24,1,1347,1,464,0,883,0,0,1,957,0,195,1,1152,California
Plumas,2021-01-25,11,1358,8,472,3,886,0,0,8,962,3,198,8,1160,California
Plumas,2021-01-26,59,1417,2,474,57,943,0,0,51,1005,8,206,51,1211,California
Plumas,2021-01-27,26,1443,20,494,6,949,0,0,6,991,20,226,6,1217,California
Plumas,2021-01-28,24,1467,0,494,24,973,0,0,22,1011,2,228,22,1239,California
Plumas,2021-01-29,9,1476,3,497,6,979,0,0,8,1018,1,229,8,1247,California
Plumas,2021-01-30,11,1487,4,501,7,986,0,0,9,1025,2,231,9,1256,California
Plumas,2021-01-31,3,1490,3,504,0,986,0,0,3,1028,0,231,3,1259,California
Plumas,2021-02-01,23,1513,4,508,19,1005,0,0,15,1035,8,239,15,1274,California
Plumas,2021-02-02,24,1537,4,512,20,1025,0,0,4,1019,20,259,4,1278,California
Plumas,2021-02-03,126,1663,6,518,120,1145,0,0,12,918,113,372,12,1290,California
Plumas,2021-02-04,103,1766,8,526,95,1240,0,0,24,863,79,451,24,1314,California
Plumas,2021-02-05,25,1791,11,537,14,1254,0,0,10,858,15,466,10,1324,California
Plumas,2021-02-06,8,1799,1,538,7,1261,0,0,8,866,0,466,8,1332,California
Plumas,2021-02-08,14,1813,5,543,9,1270,0,0,2,856,12,478,2,1334,California
Plumas,2021-02-09,173,1986,3,546,170,1440,0,0,112,907,61,539,112,1446,California
Plumas,2021-02-10,88,2074,9,555,79,1519,0,0,80,980,8,547,81,1527,California
Plumas,2021-02-11,321,2395,6,561,315,1834,0,0,261,1181,60,607,261,1788,California
Plumas,2021-02-12,126,2521,4,565,122,1956,0,0,120,1295,6,613,120,1908,California
Plumas,2021-02-13,77,2598,6,571,71,2027,0,0,16,1250,61,674,16,1924,California
Plumas,2021-02-14,8,2606,5,576,3,2030,0,0,8,1258,0,674,8,1932,California
Plumas,2021-02-15,26,2632,5,581,21,2051,0,0,23,1278,3,677,23,1955,California
Plumas,2021-02-16,78,2710,4,585,74,2125,0,0,14,1228,64,741,14,1969,California
Plumas,2021-02-17,137,2847,5,590,132,2257,0,0,12,1115,125,866,12,1981,California
Plumas,2021-02-18,128,2975,6,596,122,2379,0,0,19,1026,109,975,20,2001,California
Plumas,2021-02-19,43,3018,6,602,37,2416,0,0,7,997,36,1011,7,2008,California
Plumas,2021-02-20,105,3123,7,609,98,2514,0,0,13,918,92,1103,13,2021,California
Plumas,2021-02-21,6,3129,5,614,1,2515,0,0,2,916,4,1107,2,2023,California
Plumas,2021-02-22,7,3136,3,617,4,2519,0,0,1,911,6,1113,1,2024,California
Plumas,2021-02-23,22,3158,3,620,19,2538,0,0,17,923,5,1118,17,2041,California
Plumas,2021-02-24,466,3624,8,628,458,2996,0,0,453,1363,13,1131,453,2494,California
Plumas,2021-02-25,234,3858,11,639,223,3219,0,0,170,1469,64,1195,170,2664,California
Plumas,2021-02-26,267,4125,9,648,258,3477,0,0,259,1721,8,1203,260,2924,California
Plumas,2021-02-27,42,4167,4,652,38,3515,0,0,35,1749,7,1210,35,2959,California
Plumas,2021-02-28,3,4170,0,652,3,3518,0,0,1,1748,2,1212,1,2960,California
Plumas,2021-03-01,23,4193,6,658,16,3534,1,1,12,1751,10,1222,13,2973,California
Plumas,2021-03-02,10,4203,0,658,10,3544,0,1,7,1756,2,1224,7,2980,California
Plumas,2021-03-03,156,4359,11,669,145,3689,0,1,139,1878,17,1241,139,3119,California
Plumas,2021-03-04,254,4613,8,677,246,3935,0,1,230,2084,24,1265,230,3349,California
Plumas,2021-03-05,398,5011,6,683,387,4322,5,6,386,2463,12,1277,391,3740,California
Plumas,2021-03-06,21,5032,2,685,11,4333,8,14,4,2458,17,1294,12,3752,California
Plumas,2021-03-07,13,5045,2,687,2,4335,9,23,3,2460,10,1304,12,3764,California
Plumas,2021-03-08,30,5075,3,690,3,4338,24,47,3,2461,27,1331,28,3792,California
Plumas,2021-03-09,133,5208,2,692,116,4454,15,62,18,2379,115,1446,33,3825,California
Plumas,2021-03-10,255,5463,3,695,238,4692,14,76,107,2353,147,1593,121,3946,California
Plumas,2021-03-11,178,5641,8,703,165,4857,5,81,142,2464,36,1629,147,4093,California
Plumas,2021-03-12,594,6235,4,707,303,5160,287,368,22,2201,572,2201,309,4402,California
Plumas,2021-03-13,28,6263,5,712,12,5172,11,379,7,2198,21,2222,18,4420,California
Plumas,2021-03-14,12,6275,3,715,4,5176,5,384,1,2194,10,2232,6,4426,California
Plumas,2021-03-15,32,6307,1,716,24,5200,7,391,6,2181,26,2258,13,4439,California
Plumas,2021-03-16,61,6368,3,719,57,5257,1,392,49,2220,11,2269,50,4489,California
Plumas,2021-03-17,76,6444,10,729,65,5322,1,393,59,2264,16,2285,60,4549,California
Plumas,2021-03-18,60,6504,7,736,37,5359,16,409,14,2248,46,2331,30,4579,California
Plumas,2021-03-19,165,6669,7,743,156,5515,2,411,155,2398,8,2339,158,4737,California
Plumas,2021-03-20,700,7369,4,747,695,6210,1,412,678,3057,20,2359,679,5416,California
Plumas,2021-03-21,2,7371,1,748,1,6211,0,412,1,3058,0,2359,1,5417,California
Plumas,2021-03-22,183,7554,2,750,181,6392,0,412,175,3226,7,2366,175,5592,California
Plumas,2021-03-23,28,7582,2,752,26,6418,0,412,14,3226,14,2380,14,5606,California
Plumas,2021-03-24,657,8239,6,758,650,7068,1,413,216,3004,440,2820,218,5824,California
Plumas,2021-03-25,309,8548,6,764,301,7369,2,415,166,3027,143,2963,166,5990,California
Plumas,2021-03-26,314,8862,9,773,305,7674,0,415,46,2806,267,3230,46,6036,California
Plumas,2021-03-27,14,8876,1,774,12,7686,1,416,3,2799,11,3241,4,6040,California
Plumas,2021-03-28,6,8882,3,777,2,7688,1,417,3,2800,3,3244,4,6044,California
Plumas,2021-03-29,12,8894,4,781,7,7695,1,418,4,2797,8,3252,5,6049,California
Plumas,2021-03-30,151,9045,3,784,147,7842,1,419,25,2697,126,3378,26,6075,California
Plumas,2021-03-31,297,9342,4,788,292,8134,1,420,272,2945,25,3403,273,6348,California
Plumas,2021-04-01,310,9652,12,800,297,8431,1,421,67,2772,240,3643,67,6415,California
Plumas,2021-04-02,377,10029,5,805,371,8802,1,422,31,2470,334,3977,32,6447,California
Plumas,2021-04-03,16,10045,3,808,5,8807,8,430,2,2466,14,3991,10,6457,California
Plumas,2021-04-04,3,10048,1,809,1,8808,1,431,0,2464,3,3994,1,6458,California
Plumas,2021-04-05,12,10060,4,813,7,8815,1,432,4,2462,7,4001,5,6463,California
Plumas,2021-04-06,121,10181,6,819,89,8904,26,458,14,2395,106,4107,39,6502,California
Plumas,2021-04-07,284,10465,8,827,99,9003,177,635,29,2346,255,4362,206,6708,California
Plumas,2021-04-08,150,10615,4,831,131,9134,15,650,35,2281,114,4476,49,6757,California
Plumas,2021-04-09,53,10668,11,842,24,9158,18,668,19,2283,34,4510,36,6793,California
Plumas,2021-04-10,25,10693,2,844,6,9164,17,685,5,2285,20,4530,22,6815,California
Plumas,2021-04-11,5,10698,3,847,1,9165,1,686,3,2288,1,4531,4,6819,California
Plumas,2021-04-12,13,10711,5,852,5,9170,3,689,7,2293,5,4536,10,6829,California
Plumas,2021-04-13,212,10923,5,857,207,9377,0,689,142,2365,70,4606,142,6971,California
Plumas,2021-04-14,110,11033,8,865,102,9479,0,689,55,2366,54,4660,55,7026,California
Plumas,2021-04-15,54,11087,3,868,51,9530,0,689,34,2381,19,4679,34,7060,California
Plumas,2021-04-16,142,11229,2,870,140,9670,0,689,2,2243,140,4819,2,7062,California
Plumas,2021-04-17,671,11900,2,872,669,10339,0,689,18,1611,650,5469,18,7080,California
Plumas,2021-04-18,4,11904,3,875,1,10340,0,689,1,1609,3,5472,1,7081,California
Plumas,2021-04-19,38,11942,3,878,35,10375,0,689,5,1581,33,5505,5,7086,California
Plumas,2021-04-20,43,11985,5,883,38,10413,0,689,27,1593,15,5520,27,7113,California
Plumas,2021-04-21,311,12296,5,888,305,10718,1,690,18,1318,293,5813,18,7131,California
Plumas,2021-04-22,276,12572,8,896,268,10986,0,690,126,1294,150,5963,126,7257,California
Plumas,2021-04-23,73,12645,6,902,67,11053,0,690,16,1253,57,6020,16,7273,California
Plumas,2021-04-24,171,12816,5,907,166,11219,0,690,144,1371,26,6046,144,7417,California
Plumas,2021-04-26,30,12846,4,911,26,11245,0,690,8,1358,21,6067,8,7425,California
Plumas,2021-04-27,94,12940,3,914,91,11336,0,690,57,1378,37,6104,57,7482,California
Plumas,2021-04-28,285,13225,4,918,281,11617,0,690,37,1169,246,6350,37,7519,California
Plumas,2021-04-29,172,13397,69,987,103,11720,0,690,118,1233,54,6404,118,7637,California
Plumas,2021-04-30,22,13419,11,998,11,11731,0,690,5,1221,17,6421,5,7642,California
Plumas,2021-05-01,8,13427,1,999,6,11737,1,691,1,1218,5,6426,2,7644,California
Plumas,2021-05-02,3,13430,3,1002,0,11737,0,691,1,1217,2,6428,1,7645,California
Plumas,2021-05-03,20,13450,7,1009,7,11744,6,697,6,1217,12,6440,12,7657,California
Plumas,2021-05-04,33,13483,5,1014,22,11766,6,703,19,1229,13,6453,25,7682,California
Plumas,2021-05-05,50,13533,6,1020,43,11809,1,704,22,1225,27,6480,23,7705,California
Plumas,2021-05-06,61,13594,2,1022,54,11863,5,709,19,1207,42,6522,24,7729,California
Plumas,2021-05-07,22,13616,5,1027,16,11879,1,710,8,1202,14,6536,9,7738,California
Plumas,2021-05-08,6,13622,0,1027,4,11883,2,712,4,1206,2,6538,6,7744,California
Plumas,2021-05-10,51,13673,1,1028,27,11910,23,735,23,1224,28,6566,46,7790,California
Plumas,2021-05-11,164,13837,3,1031,142,12052,19,754,12,1103,152,6718,31,7821,California
Plumas,2021-05-12,99,13936,2,1033,89,12141,8,762,37,1087,61,6779,45,7866,California
Plumas,2021-05-13,36,13972,3,1036,31,12172,2,764,14,1081,22,6801,16,7882,California
Plumas,2021-05-14,20,13992,4,1040,11,12183,5,769,10,1086,10,6811,15,7897,California
Plumas,2021-05-15,10,14002,4,1044,4,12187,2,771,4,1086,6,6817,6,7903,California
Plumas,2021-05-16,2,14004,1,1045,1,12188,0,771,1,1086,1,6818,1,7904,California
Plumas,2021-05-17,14,14018,0,1045,5,12193,9,780,5,1091,9,6827,14,7918,California
Plumas,2021-05-18,44,14062,7,1052,36,12229,1,781,24,1096,20,6847,25,7943,California
Plumas,2021-05-19,47,14109,3,1055,30,12259,14,795,12,1088,35,6882,27,7970,California
Plumas,2021-05-20,191,14300,136,1191,44,12303,11,806,78,1066,111,6993,89,8059,California
Plumas,2021-05-21,29,14329,8,1199,14,12317,7,813,14,1072,15,7008,21,8080,California
Plumas,2021-05-22,137,14466,1,1200,136,12453,0,813,7,951,128,7136,7,8087,California
Plumas,2021-05-23,1,14467,1,1201,0,12453,0,813,0,950,1,7137,0,8087,California
Plumas,2021-05-24,51,14518,37,1238,13,12466,1,814,41,983,9,7146,42,8129,California
Plumas,2021-05-25,68,14586,3,1241,64,12530,1,815,15,946,53,7199,16,8145,California
Plumas,2021-05-26,41,14627,7,1248,27,12557,7,822,17,947,23,7222,24,8169,California
Plumas,2021-05-27,99,14726,25,1273,61,12618,13,835,41,944,57,7279,54,8223,California
Plumas,2021-05-28,42,14768,14,1287,26,12644,2,837,22,949,19,7298,24,8247,California
Plumas,2021-05-29,8,14776,0,1287,8,12652,0,837,6,954,2,7300,7,8254,California
Plumas,2021-05-30,1,14777,0,1287,1,12653,0,837,0,954,0,7300,0,8254,California
Plumas,2021-05-31,7,14784,0,1287,4,12657,3,840,0,952,5,7305,3,8257,California
Plumas,2021-06-01,32,14816,7,1294,20,12677,5,845,9,944,23,7328,15,8272,California
Plumas,2021-06-02,59,14875,6,1300,31,12708,22,867,10,927,49,7377,32,8304,California
Plumas,2021-06-03,66,14941,17,1317,39,12747,10,877,27,925,39,7416,37,8341,California
Plumas,2021-06-04,15,14956,3,1320,11,12758,1,878,8,929,5,7421,9,8350,California
Plumas,2021-06-05,7,14963,3,1323,4,12762,0,878,2,926,5,7426,2,8352,California
Plumas,2021-06-06,2,14965,1,1324,1,12763,0,878,0,924,2,7428,0,8352,California
Plumas,2021-06-07,36,15001,5,1329,24,12787,7,885,8,911,28,7456,15,8367,California
Plumas,2021-06-08,28,15029,9,1338,17,12804,2,887,6,897,22,7478,8,8375,California
Plumas,2021-06-09,42,15071,5,1343,34,12838,3,890,9,876,33,7511,12,8387,California
Plumas,2021-06-10,36,15107,15,1358,17,12855,4,894,11,868,23,7534,15,8402,California
Plumas,2021-06-11,25,15132,13,1371,9,12864,3,897,8,862,17,7551,11,8413,California
Plumas,2021-06-12,11,15143,3,1374,7,12871,1,898,6,864,5,7556,7,8420,California
Plumas,2021-06-13,3,15146,1,1375,2,12873,0,898,3,867,0,7556,3,8423,California
Plumas,2021-06-14,96,15242,87,1462,6,12879,3,901,12,798,84,7640,15,8438,California
Plumas,2021-06-15,29,15271,7,1469,20,12899,2,903,9,789,20,7660,11,8449,California
Plumas,2021-06-16,33,15304,11,1480,13,12912,9,912,9,783,24,7684,18,8467,California
Plumas,2021-06-17,49,15353,30,1510,15,12927,4,916,11,761,37,7721,15,8482,California
Plumas,2021-06-18,39,15392,17,1527,14,12941,8,924,13,755,26,7747,20,8502,California
Plumas,2021-06-19,9,15401,2,1529,7,12948,0,924,2,750,7,7754,2,8504,California
Plumas,2021-06-21,9,15410,4,1533,4,12952,1,925,5,752,4,7758,6,8510,California
Plumas,2021-06-22,29,15439,11,1544,16,12968,2,927,9,743,20,7778,11,8521,California
Plumas,2021-06-23,27,15466,15,1559,9,12977,3,930,15,749,12,7790,18,8539,California
Plumas,2021-06-24,30,15496,19,1578,8,12985,3,933,14,750,15,7805,16,8555,California
Plumas,2021-06-25,22,15518,9,1587,11,12996,2,935,8,748,12,7817,10,8565,California
Plumas,2021-06-26,13,15531,4,1591,8,13004,1,936,3,742,10,7827,4,8569,California
Plumas,2021-06-28,10,15541,4,1595,2,13006,4,940,2,740,8,7835,6,8575,California
Plumas,2021-06-29,24,15565,16,1611,7,13013,1,941,11,739,13,7848,12,8587,California
Plumas,2021-06-30,22,15587,9,1620,9,13022,4,945,8,737,14,7862,12,8599,California
Plumas,2021-07-01,43,15630,29,1649,10,13032,4,949,22,742,21,7883,26,8625,California
Plumas,2021-07-02,18,15648,13,1662,4,13036,1,950,4,733,13,7896,4,8629,California
Plumas,2021-07-03,1,15649,0,1662,1,13037,0,950,1,734,0,7896,1,8630,California
Plumas,2021-07-06,28,15677,17,1679,8,13045,3,953,10,728,18,7914,12,8642,California
Plumas,2021-07-07,19,15696,11,1690,7,13052,1,954,10,730,9,7923,11,8653,California
Plumas,2021-07-08,28,15724,8,1698,11,13063,9,963,12,735,16,7939,21,8674,California
Plumas,2021-07-09,13,15737,8,1706,2,13065,3,966,5,735,8,7947,8,8682,California
Plumas,2021-07-10,2,15739,1,1707,1,13066,0,966,0,733,2,7949,0,8682,California
Riverside,2020-12-15,7,7,7,7,0,0,0,0,7,7,0,0,7,7,California
Riverside,2020-12-16,96,103,96,103,0,0,0,0,96,103,0,0,96,103,California
Riverside,2020-12-17,834,937,834,937,0,0,0,0,834,937,0,0,834,937,California
Riverside,2020-12-18,1781,2718,1780,2717,1,1,0,0,1781,2718,0,0,1781,2718,California
Riverside,2020-12-19,1055,3773,1052,3769,3,4,0,0,1053,3770,1,1,1053,3771,California
Riverside,2020-12-20,1114,4887,1113,4882,1,5,0,0,1114,4884,0,1,1114,4885,California
Riverside,2020-12-21,2343,7230,2341,7223,2,7,0,0,2343,7227,0,1,2343,7228,California
Riverside,2020-12-22,2299,9529,2252,9475,47,54,0,0,2298,9525,0,1,2298,9526,California
Riverside,2020-12-23,2165,11694,1821,11296,344,398,0,0,2166,11691,0,1,2166,11692,California
Riverside,2020-12-24,860,12554,655,11951,205,603,0,0,860,12551,0,1,860,12552,California
Riverside,2020-12-25,41,12595,18,11969,23,626,0,0,40,12591,0,1,40,12592,California
Riverside,2020-12-26,490,13085,270,12239,220,846,0,0,490,13081,0,1,490,13082,California
Riverside,2020-12-27,398,13483,268,12507,130,976,0,0,397,13477,1,2,397,13479,California
Riverside,2020-12-28,1712,15195,1191,13698,521,1497,0,0,1712,15189,0,2,1712,15191,California
Riverside,2020-12-29,1810,17005,1024,14722,786,2283,0,0,1810,16999,0,2,1810,17001,California
Riverside,2020-12-30,2654,19659,1723,16445,931,3214,0,0,2652,19650,1,3,2652,19653,California
Riverside,2020-12-31,1081,20740,422,16867,659,3873,0,0,1082,20731,1,4,1082,20735,California
Riverside,2021-01-01,130,20870,58,16925,72,3945,0,0,130,20861,0,4,130,20865,California
Riverside,2021-01-02,897,21767,709,17634,188,4133,0,0,897,21758,0,4,897,21762,California
Riverside,2021-01-03,364,22131,306,17940,58,4191,0,0,363,22121,0,4,363,22125,California
Riverside,2021-01-04,1308,23439,813,18753,495,4686,0,0,1307,23428,0,4,1307,23432,California
Riverside,2021-01-05,2060,25499,1415,20168,645,5331,0,0,1937,25249,116,120,1937,25369,California
Riverside,2021-01-06,2597,28096,1160,21328,1437,6768,0,0,2254,27166,337,457,2254,27623,California
Riverside,2021-01-07,2885,30981,1884,23212,1001,7769,0,0,1772,27836,1105,1562,1775,29398,California
Riverside,2021-01-08,4128,35109,2982,26194,1146,8915,0,0,2264,28241,1859,3421,2264,31662,California
Riverside,2021-01-09,2139,37248,879,27073,1260,10175,0,0,1761,29626,376,3797,1761,33423,California
Riverside,2021-01-10,1696,38944,751,27824,945,11120,0,0,1080,30090,616,4413,1080,34503,California
Riverside,2021-01-11,4633,43577,3168,30992,1465,12585,0,0,2849,31157,1782,6195,2849,37352,California
Riverside,2021-01-12,3541,47118,2798,33790,743,13328,0,0,1823,31270,1713,7908,1826,39178,California
Riverside,2021-01-13,4591,51709,3002,36792,1589,14917,0,0,2946,32575,1641,9549,2946,42124,California
Riverside,2021-01-14,5801,57510,2053,38845,3748,18665,0,0,5171,37120,628,10177,5173,47297,California
Riverside,2021-01-15,6290,63800,2111,40956,4179,22844,0,0,5954,42741,334,10511,5955,53252,California
Riverside,2021-01-16,3728,67528,1038,41994,2690,25534,0,0,3465,45944,263,10774,3466,56718,California
Riverside,2021-01-17,3664,71192,605,42599,3059,28593,0,0,3455,49192,207,10981,3455,60173,California
Riverside,2021-01-18,3864,75056,2104,44703,1760,30353,0,0,2816,50962,1047,12028,2817,62990,California
Riverside,2021-01-19,7539,82595,2681,47384,4858,35211,0,0,6391,56211,1147,13175,6396,69386,California
Riverside,2021-01-20,8470,91065,3265,50649,5205,40416,0,0,6795,61350,1662,14837,6801,76187,California
Riverside,2021-01-21,8565,99630,3576,54225,4989,45405,0,0,7859,68503,707,15544,7860,84047,California
Riverside,2021-01-22,8974,108604,3056,57281,5918,51323,0,0,8496,76525,476,16020,8498,92545,California
Riverside,2021-01-23,6070,114674,2358,59639,3712,55035,0,0,5260,80976,810,16830,5261,97806,California
Riverside,2021-01-24,3116,117790,1440,61079,1676,56711,0,0,2890,83645,222,17052,2891,100697,California
Riverside,2021-01-25,8035,125825,4597,65676,3438,60149,0,0,6864,89343,1168,18220,6866,107563,California
Riverside,2021-01-26,9238,135063,5718,71394,3520,63669,0,0,7699,95507,1536,19756,7700,115263,California
Riverside,2021-01-27,11130,146193,6420,77814,4710,68379,0,0,9481,103347,1644,21400,9484,124747,California
Riverside,2021-01-28,11720,157913,6804,84618,4916,73295,0,0,10518,112674,1194,22594,10521,135268,California
Riverside,2021-01-29,12089,170002,7299,91917,4790,78085,0,0,10690,121995,1375,23969,10696,145964,California
Riverside,2021-01-30,9184,179186,4613,96530,4571,82656,0,0,8679,130174,501,24470,8680,154644,California
Riverside,2021-01-31,5188,184374,4221,100751,967,83623,0,0,5043,135079,143,24613,5048,159692,California
Riverside,2021-02-01,11508,195882,7166,107917,4342,87965,0,0,9479,142542,2020,26633,9483,169175,California
Riverside,2021-02-02,9849,205731,5025,112942,4824,92789,0,0,8297,149307,1538,28171,8303,177478,California
Riverside,2021-02-03,12397,218128,5161,118103,7236,100025,0,0,9933,156791,2454,30625,9938,187416,California
Riverside,2021-02-04,13746,231874,6034,124137,7712,107737,0,0,11567,166198,2168,32793,11575,198991,California
Riverside,2021-02-05,14676,246550,5549,129686,9127,116864,0,0,11416,174371,3251,36044,11424,210415,California
Riverside,2021-02-06,7356,253906,4277,133963,3079,119943,0,0,5684,178398,1661,37705,5688,216103,California
Riverside,2021-02-07,2231,256137,816,134779,1415,121358,0,0,1890,179956,339,38044,1897,218000,California
Riverside,2021-02-08,12609,268746,5582,140361,7027,128385,0,0,10210,187799,2381,40425,10224,228224,California
Riverside,2021-02-09,9829,278575,4565,144926,5264,133649,0,0,7788,193584,2024,42449,7809,236033,California
Riverside,2021-02-10,12270,290845,7011,151937,5259,138908,0,0,8962,199270,3295,45744,8981,245014,California
Riverside,2021-02-11,16890,307735,9095,161032,7795,146703,0,0,12200,206841,4666,50410,12237,257251,California
Riverside,2021-02-12,18064,325799,10924,171956,7140,153843,0,0,12947,214750,5066,55476,12975,270226,California
Riverside,2021-02-13,6445,332244,2176,174132,4269,158112,0,0,3111,214573,3319,58795,3142,273368,California
Riverside,2021-02-14,5040,337284,1187,175319,3853,161965,0,0,2258,214068,2776,61571,2271,275639,California
Riverside,2021-02-15,10026,347310,5126,180445,4900,166865,0,0,5527,215129,4483,66054,5544,281183,California
Riverside,2021-02-16,16385,363695,10227,190672,6158,173023,0,0,9396,217575,6976,73030,9422,290605,California
Riverside,2021-02-17,15385,379080,8426,199098,6959,179982,0,0,7627,217515,7742,80772,7682,298287,California
Riverside,2021-02-18,15796,394876,9057,208155,6739,186721,0,0,8110,218008,7660,88432,8153,306440,California
Riverside,2021-02-19,15693,410569,8424,216579,7269,193990,0,0,7388,217152,8272,96704,7416,313856,California
Riverside,2021-02-20,8586,419155,4637,221216,3949,197939,0,0,2254,213106,6310,103014,2264,316120,California
Riverside,2021-02-21,4593,423748,4050,225266,543,198482,0,0,1297,211144,3271,106285,1309,317429,California
Riverside,2021-02-22,12946,436694,8196,233462,4750,203232,0,0,5124,208483,7797,114082,5136,322565,California
Riverside,2021-02-23,11763,448457,7975,241437,3788,207020,0,0,5692,208170,6035,120117,5722,328287,California
Riverside,2021-02-24,15510,463967,8482,249919,7028,214048,0,0,6528,205826,8929,129046,6585,334872,California
Riverside,2021-02-25,17987,481954,7708,257627,10279,224327,0,0,8282,204506,9672,138718,8352,343224,California
Riverside,2021-02-26,19152,501106,6930,264557,12222,236549,0,0,9534,204558,9548,148266,9600,352824,California
Riverside,2021-02-27,12438,513544,5724,270281,6714,243263,0,0,5893,203998,6509,154775,5949,358773,California
Riverside,2021-02-28,5006,518550,3293,273574,1713,244976,0,0,2480,203998,2511,157286,2511,361284,California
Riverside,2021-03-01,14520,533070,6191,279765,8323,253299,6,6,8525,206633,5947,163233,8582,369866,California
Riverside,2021-03-02,15630,548700,7631,287396,7998,261297,1,7,9124,209337,6475,169708,9179,379045,California
Riverside,2021-03-03,17299,565999,8564,295960,8735,270032,0,7,7534,207323,9709,179417,7695,386740,California
Riverside,2021-03-04,19050,585049,7587,303547,11459,281491,4,11,9073,206671,9926,189343,9274,396014,California
Riverside,2021-03-05,19177,604226,7724,311271,11406,292897,47,58,9453,206817,9670,199013,9816,405830,California
Riverside,2021-03-06,9661,613887,5109,316380,4067,296964,485,543,4781,207268,4863,203876,5314,411144,California
Riverside,2021-03-07,4465,618352,2816,319196,1187,298151,462,1005,2064,207441,2388,206264,2561,413705,California
Riverside,2021-03-08,12212,630564,4851,324047,6929,305080,432,1437,5444,206653,6744,213008,5956,419661,California
Riverside,2021-03-09,15056,645620,7021,331068,7517,312597,518,1955,5957,204207,9073,222081,6627,426288,California
Riverside,2021-03-10,16182,661802,8680,339748,6563,319160,939,2894,6272,201739,9863,231944,7395,433683,California
Riverside,2021-03-11,19600,681402,9584,349332,8138,327298,1878,4772,7647,199578,11910,243854,9749,443432,California
Riverside,2021-03-12,21359,702761,8000,357332,8602,335900,4757,9529,7047,197446,14266,258120,12134,455566,California
Riverside,2021-03-13,8616,711377,2578,359910,4803,340703,1235,10764,4384,198964,4205,262325,5723,461289,California
Riverside,2021-03-14,4834,716211,1669,361579,1791,342494,1374,12138,2112,199752,2706,265031,3494,464783,California
Riverside,2021-03-15,18790,735001,7923,369502,9195,351689,1672,13810,9130,201060,9611,274642,10919,475702,California
Riverside,2021-03-16,21115,756116,10281,379783,10014,361703,820,14630,11356,203635,9713,284355,12288,487990,California
Riverside,2021-03-17,21588,777704,11079,390862,9443,371146,1066,15696,12864,208960,8673,293028,13998,501988,California
Riverside,2021-03-18,23115,800819,11981,402843,9456,380602,1678,17374,12646,212891,10408,303436,14339,516327,California
Riverside,2021-03-19,24322,825141,12765,415608,10581,391183,976,18350,14092,218159,10168,313604,15436,531763,California
Riverside,2021-03-20,10937,836078,6954,422562,2773,393956,1210,19560,6967,222418,3930,317534,8189,539952,California
Riverside,2021-03-21,3929,840007,3029,425591,623,394579,277,19837,2604,224005,1301,318835,2888,542840,California
Riverside,2021-03-22,16794,856801,10016,435607,6224,400803,554,20391,10578,228986,6153,324988,11134,553974,California
Riverside,2021-03-23,18776,875577,10608,446215,7744,408547,424,20815,11914,234553,6798,331786,12365,566339,California
Riverside,2021-03-24,18900,894477,10520,456735,8258,416805,122,20937,12831,241520,6011,337797,12978,579317,California
Riverside,2021-03-25,21292,915769,11736,468471,9369,426174,187,21124,14130,248773,7081,344878,14334,593651,California
Riverside,2021-03-26,24285,940054,11992,480463,12117,438291,176,21300,15010,254811,9163,354041,15201,608852,California
Riverside,2021-03-27,9397,949451,4915,485378,3428,441719,1054,22354,4827,256158,4540,358581,5887,614739,California
Riverside,2021-03-28,4818,954269,3161,488539,1562,443281,95,22449,2851,257154,1954,360535,2950,617689,California
Riverside,2021-03-29,17770,972039,8481,497020,9162,452443,127,22576,10930,261441,6791,367326,11078,628767,California
Riverside,2021-03-30,18461,990500,9613,506633,8637,461080,211,22787,11708,266657,6708,374034,11924,640691,California
Riverside,2021-03-31,18256,1008756,8482,515115,9447,470527,327,23114,11369,271532,6833,380867,11708,652399,California
Riverside,2021-04-01,25733,1034489,12567,527682,12362,482889,804,23918,16499,279694,9145,390012,17307,669706,California
Riverside,2021-04-02,26270,1060759,14110,541792,11174,494063,986,24904,16395,287487,9809,399821,17602,687308,California
Riverside,2021-04-03,9464,1070223,5998,547790,2850,496913,616,25520,6073,290804,3369,403190,6686,693994,California
Riverside,2021-04-04,3445,1073668,2080,549870,1098,498011,267,25787,1712,291066,1719,404909,1981,695975,California
Riverside,2021-04-05,18652,1092320,9507,559377,7252,505263,1893,27680,9974,294307,8632,413541,11873,707848,California
Riverside,2021-04-06,23947,1116267,12442,571819,9334,514597,2171,29851,13337,299248,10557,424098,15498,723346,California
Riverside,2021-04-07,25061,1141328,13473,585292,9047,523644,2541,32392,13907,304597,11097,435195,16446,739792,California
Riverside,2021-04-08,27663,1168991,15248,600540,9369,533013,3046,35438,16824,313688,10765,445960,19856,759648,California
Riverside,2021-04-09,26546,1195537,15589,616129,8433,541446,2524,37962,16135,322024,10354,456314,18690,778338,California
Riverside,2021-04-10,12158,1207695,6806,622935,3926,545372,1426,39388,5318,321969,6792,463106,6737,785075,California
Riverside,2021-04-11,4691,1212386,2789,625724,1263,546635,639,40027,2197,322331,2478,465584,2840,787915,California
Riverside,2021-04-12,20285,1232671,9031,634755,8586,555221,2668,42695,10137,325038,10102,475686,12809,800724,California
Riverside,2021-04-13,20256,1252927,11340,646095,8888,564109,28,42723,11597,328054,8617,484303,11633,812357,California
Riverside,2021-04-14,22498,1275425,12406,658501,10077,574186,15,42738,11027,327719,11399,495702,11064,823421,California
Riverside,2021-04-15,22308,1297733,12618,671119,9682,583868,8,42746,11772,329047,10463,506165,11791,835212,California
Riverside,2021-04-16,25431,1323164,14687,685806,10738,594606,6,42752,11815,327328,13553,519718,11834,847046,California
Riverside,2021-04-17,10020,1333184,6610,692416,3410,598016,0,42752,5019,327383,4974,524692,5029,852075,California
Riverside,2021-04-18,4224,1337408,3140,695556,1077,599093,7,42759,1955,327104,2251,526943,1972,854047,California
Riverside,2021-04-19,19760,1357168,11742,707298,8015,607108,3,42762,7104,321622,12602,539545,7120,861167,California
Riverside,2021-04-20,19572,1376740,10547,717845,9016,616124,9,42771,7979,318075,11542,551087,7995,869162,California
Riverside,2021-04-21,20894,1397634,12351,730196,8533,624657,10,42781,8400,314083,12414,563501,8422,877584,California
Riverside,2021-04-22,23916,1421550,14129,744325,9783,634440,4,42785,8963,308182,14879,578380,8978,886562,California
Riverside,2021-04-23,23839,1445389,14167,758492,9658,644098,14,42799,9340,303124,14434,592814,9376,895938,California
Riverside,2021-04-24,10544,1455933,7329,765821,3206,647304,9,42808,4830,302293,5672,598486,4841,900779,California
Riverside,2021-04-25,4249,1460182,2822,768643,1420,648724,7,42815,2198,302468,2032,600518,2207,902986,California
Riverside,2021-04-26,17401,1477583,10948,779591,6394,655118,59,42874,5927,297042,11428,611946,6002,908988,California
Riverside,2021-04-27,18627,1496210,10699,790290,7720,662838,208,43082,6496,291671,12083,624029,6712,915700,California
Riverside,2021-04-28,16928,1513138,9234,799524,7427,670265,267,43349,5755,286595,11108,635137,6032,921732,California
Riverside,2021-04-29,19157,1532295,11816,811340,6988,677253,353,43702,5576,279017,13506,648643,5928,927660,California
Riverside,2021-04-30,20346,1552641,11863,823203,8094,685347,389,44091,6663,272447,13623,662266,7053,934713,California
Riverside,2021-05-01,6891,1559532,4943,828146,1763,687110,185,44276,2366,270504,4493,666759,2550,937263,California
Riverside,2021-05-02,3396,1562928,2222,830368,965,688075,209,44485,1096,269536,2280,669039,1312,938575,California
Riverside,2021-05-03,18070,1580998,11098,841466,6477,694552,495,44980,4182,260392,13819,682858,4675,943250,California
Riverside,2021-05-04,17778,1598776,11383,852849,5931,700483,464,45444,5008,253181,12695,695553,5484,948734,California
Riverside,2021-05-05,16359,1615135,9437,862286,6549,707032,373,45817,4726,246727,11574,707127,5120,953854,California
Riverside,2021-05-06,18359,1633494,10452,872738,7492,714524,415,46232,4710,238324,13568,720695,5165,959019,California
Riverside,2021-05-07,20790,1654284,11894,884632,8449,722973,447,46679,5528,229127,15175,735870,5978,964997,California
Riverside,2021-05-08,7111,1661395,4728,889360,2121,725094,262,46941,2657,227638,4416,740286,2927,967924,California
Riverside,2021-05-09,2501,1663896,1697,891057,650,725744,154,47095,926,227160,1566,741852,1088,969012,California
Riverside,2021-05-10,10151,1674047,5207,896264,4547,730291,397,47492,2863,223186,7238,749090,3264,972276,California
Riverside,2021-05-11,14360,1688407,8760,905024,5072,735363,528,48020,4017,217491,10256,759346,4561,976837,California
Riverside,2021-05-12,13069,1701476,6720,911744,6016,741379,333,48353,3936,212680,9080,768426,4269,981106,California
Riverside,2021-05-13,15264,1716740,9347,921091,5633,747012,284,48637,5407,208580,9804,778230,5704,986810,California
Riverside,2021-05-14,18267,1735007,11581,932672,5890,752902,796,49433,7118,205415,11077,789307,7912,994722,California
Riverside,2021-05-15,9913,1744920,7138,939810,2376,755278,399,49832,5101,206135,4778,794085,5498,1000220,California
Riverside,2021-05-16,3723,1748643,2761,942571,844,756122,118,49950,1866,206275,1843,795928,1983,1002203,California
Riverside,2021-05-17,11818,1760461,7607,950178,3856,759978,355,50305,5089,205029,6695,802623,5449,1007652,California
Riverside,2021-05-18,15251,1775712,9477,959655,5417,765395,357,50662,6159,202500,9045,811668,6516,1014168,California
Riverside,2021-05-19,12234,1787946,7738,967393,4251,769646,245,50907,5893,202352,6290,817958,6142,1020310,California
Riverside,2021-05-20,11949,1799895,7506,974899,4183,773829,260,51167,5317,201349,6584,824542,5581,1025891,California
Riverside,2021-05-21,14476,1814371,8924,983823,5228,779057,324,51491,6056,199380,8351,832893,6382,1032273,California
Riverside,2021-05-22,7254,1821625,4912,988735,2145,781202,197,51688,3888,200142,3324,836217,4086,1036359,California
Riverside,2021-05-23,2757,1824382,1847,990582,833,782035,77,51765,1298,200073,1443,837660,1374,1037733,California
Riverside,2021-05-24,8883,1833265,5808,996390,2761,784796,314,52079,3967,199469,4884,842544,4280,1042013,California
Riverside,2021-05-25,9732,1842997,5794,1002184,3664,788460,274,52353,3875,197801,5819,848363,4151,1046164,California
Riverside,2021-05-26,8924,1851921,5533,1007717,3061,791521,330,52683,3897,197058,4976,853339,4233,1050397,California
Riverside,2021-05-27,8568,1860489,5127,1012844,3204,794725,237,52920,3878,196539,4639,857978,4120,1054517,California
Riverside,2021-05-28,10782,1871271,6524,1019368,3943,798668,315,53235,4962,196066,5757,863735,5284,1059801,California
Riverside,2021-05-29,5051,1876322,3436,1022804,1488,800156,127,53362,2819,196806,2208,865943,2948,1062749,California
Riverside,2021-05-30,1968,1878290,1420,1024224,480,800636,68,53430,1017,196947,944,866887,1085,1063834,California
Riverside,2021-05-31,875,1879165,496,1024720,346,800982,33,53463,335,196778,537,867424,368,1064202,California
Riverside,2021-06-01,9179,1888344,5663,1030383,3277,804259,239,53702,3446,194780,5680,873104,3682,1067884,California
Riverside,2021-06-02,7139,1895483,4351,1034734,2510,806769,278,53980,2743,193451,4352,877456,3023,1070907,California
Riverside,2021-06-03,7967,1903450,5296,1040030,2399,809168,272,54252,2730,191256,5193,882649,2998,1073905,California
Riverside,2021-06-04,10744,1914194,7657,1047687,2827,811995,260,54512,3721,188270,6968,889617,3982,1077887,California
Riverside,2021-06-05,6989,1921183,5158,1052845,1285,813280,546,55058,2198,186250,4767,894384,2747,1080634,California
Riverside,2021-06-06,2222,1923405,1886,1054731,285,813565,51,55109,686,185461,1527,895911,738,1081372,California
Riverside,2021-06-07,6943,1930348,5265,1059996,1446,815011,232,55341,2275,183332,4636,900547,2507,1083879,California
Riverside,2021-06-08,9062,1939410,6562,1066558,2226,817237,274,55615,2963,180527,6044,906591,3239,1087118,California
Riverside,2021-06-09,7763,1947173,5644,1072202,1823,819060,296,55911,2373,177850,5343,911934,2666,1089784,California
Riverside,2021-06-10,7608,1954781,5359,1077561,2014,821074,235,56146,2371,175252,5208,917142,2610,1092394,California
Riverside,2021-06-11,8897,1963678,6034,1083595,2571,823645,292,56438,3012,172730,5825,922967,3303,1095697,California
Riverside,2021-06-12,5355,1969033,3958,1087553,1269,824914,128,56566,1660,170862,3662,926629,1794,1097491,California
Riverside,2021-06-13,1798,1970831,1338,1088891,416,825330,44,56610,494,170109,1291,927920,538,1098029,California
Riverside,2021-06-14,6389,1977220,4576,1093467,1507,826837,306,56916,2103,168261,4254,932174,2406,1100435,California
Riverside,2021-06-15,7091,1984311,4832,1098299,1948,828785,311,57227,2651,166837,4391,936565,2967,1103402,California
Riverside,2021-06-16,6837,1991148,4710,1103009,1812,830597,315,57542,2408,165173,4385,940950,2721,1106123,California
Riverside,2021-06-17,6417,1997565,4497,1107506,1679,832276,241,57783,2395,163827,3988,944938,2642,1108765,California
Riverside,2021-06-18,8173,2005738,5907,1113413,1989,834265,277,58060,3336,162654,4790,949728,3617,1112382,California
Riverside,2021-06-19,4276,2010014,3277,1116690,845,835110,154,58214,1781,162122,2472,952200,1940,1114322,California
Riverside,2021-06-20,1500,2011514,1138,1117828,325,835435,37,58251,576,161821,915,953115,614,1114936,California
Riverside,2021-06-21,4265,2015779,2821,1120649,1163,836598,281,58532,2199,162253,2048,955163,2480,1117416,California
Riverside,2021-06-22,6350,2022129,4478,1125127,1621,838219,251,58783,2729,161655,3582,958745,2984,1120400,California
Riverside,2021-06-23,5554,2027683,3940,1129067,1355,839574,259,59042,2576,161547,2943,961688,2835,1123235,California
Riverside,2021-06-24,5390,2033073,3691,1132758,1456,841030,243,59285,2347,161130,3008,964696,2591,1125826,California
Riverside,2021-06-25,6808,2039881,4882,1137640,1645,842675,281,59566,2938,160517,3836,968532,3223,1129049,California
Riverside,2021-06-26,3802,2043683,2927,1140567,749,843424,126,59692,1747,160357,2033,970565,1873,1130922,California
Riverside,2021-06-27,1499,2045182,1208,1141775,246,843670,45,59737,692,160298,796,971361,737,1131659,California
Riverside,2021-06-28,4284,2049466,3340,1145115,721,844391,223,59960,2009,160288,2246,973607,2236,1133895,California
Riverside,2021-06-29,5627,2055093,4170,1149285,1280,845671,177,60137,2572,160020,3019,976626,2751,1136646,California
Riverside,2021-06-30,4966,2060059,3660,1152945,1135,846806,171,60308,2407,160106,2490,979116,2576,1139222,California
Riverside,2021-07-01,4713,2064772,3281,1156226,1129,847935,303,60611,2201,160133,2483,981599,2510,1141732,California
Riverside,2021-07-02,5737,2070509,4263,1160489,1276,849211,198,60809,2739,160112,2957,984556,2936,1144668,California
Riverside,2021-07-03,2865,2073374,2146,1162635,639,849850,80,60889,1411,160181,1423,985979,1492,1146160,California
Riverside,2021-07-04,242,2073616,139,1162774,95,849945,8,60897,96,160141,144,986123,104,1146264,California
Riverside,2021-07-05,2573,2076189,2010,1164784,503,850448,60,60957,1255,160147,1309,987432,1315,1147579,California
Riverside,2021-07-06,5483,2081672,4063,1168847,1201,851649,219,61176,2241,159411,3197,990629,2461,1150040,California
Riverside,2021-07-07,4479,2086151,3306,1172153,976,852625,197,61373,1994,159153,2452,993081,2194,1152234,California
Riverside,2021-07-08,4166,2090317,2984,1175137,986,853611,196,61569,1958,159111,2193,995274,2151,1154385,California
Riverside,2021-07-09,5284,2095601,3986,1179123,1084,854695,214,61783,2329,158729,2922,998196,2540,1156925,California
Riverside,2021-07-10,1685,2097286,1229,1180352,396,855091,60,61843,789,158701,881,999077,853,1157778,California
Sacramento,2020-12-15,315,315,315,315,0,0,0,0,315,315,0,0,315,315,California
Sacramento,2020-12-16,683,998,683,998,0,0,0,0,683,998,0,0,683,998,California
Sacramento,2020-12-17,723,1721,723,1721,0,0,0,0,723,1721,0,0,723,1721,California
Sacramento,2020-12-18,1127,2848,1126,2847,1,1,0,0,1127,2848,0,0,1127,2848,California
Sacramento,2020-12-19,625,3473,625,3472,0,1,0,0,625,3473,0,0,625,3473,California
Sacramento,2020-12-20,635,4108,635,4107,0,1,0,0,635,4108,0,0,635,4108,California
Sacramento,2020-12-21,1683,5791,1683,5790,0,1,0,0,1684,5792,0,0,1684,5792,California
Sacramento,2020-12-22,2110,7901,2073,7863,37,38,0,0,2110,7902,0,0,2110,7902,California
Sacramento,2020-12-23,2273,10174,2098,9961,175,213,0,0,2273,10175,0,0,2273,10175,California
Sacramento,2020-12-24,1042,11216,830,10791,212,425,0,0,1042,11217,0,0,1042,11217,California
Sacramento,2020-12-25,3,11219,2,10793,1,426,0,0,3,11220,0,0,3,11220,California
Sacramento,2020-12-26,508,11727,289,11082,219,645,0,0,508,11728,0,0,508,11728,California
Sacramento,2020-12-27,358,12085,252,11334,106,751,0,0,358,12086,0,0,358,12086,California
Sacramento,2020-12-28,1928,14013,1343,12677,585,1336,0,0,1927,14012,1,1,1927,14013,California
Sacramento,2020-12-29,1973,15986,1200,13877,773,2109,0,0,1973,15985,0,1,1973,15986,California
Sacramento,2020-12-30,2567,18553,1459,15336,1108,3217,0,0,2568,18553,0,1,2568,18554,California
Sacramento,2020-12-31,1230,19783,695,16031,535,3752,0,0,1231,19784,0,1,1231,19785,California
Sacramento,2021-01-01,87,19870,73,16104,14,3766,0,0,87,19871,0,1,87,19872,California
Sacramento,2021-01-02,571,20441,366,16470,205,3971,0,0,571,20442,0,1,571,20443,California
Sacramento,2021-01-03,412,20853,223,16693,189,4160,0,0,412,20854,0,1,412,20855,California
Sacramento,2021-01-04,1952,22805,840,17533,1112,5272,0,0,1950,22803,1,2,1950,22805,California
Sacramento,2021-01-05,2246,25051,1011,18544,1235,6507,0,0,1863,24290,383,385,1870,24675,California
Sacramento,2021-01-06,2761,27812,1638,20182,1123,7630,0,0,1942,25420,813,1198,1943,26618,California
Sacramento,2021-01-07,2869,30681,1532,21714,1337,8967,0,0,1920,26397,943,2141,1920,28538,California
Sacramento,2021-01-08,3314,33995,2096,23810,1218,10185,0,0,2184,27456,1126,3267,2185,30723,California
Sacramento,2021-01-09,1298,35293,803,24613,495,10680,0,0,900,27960,396,3663,900,31623,California
Sacramento,2021-01-10,1252,36545,713,25326,539,11219,0,0,783,28276,468,4131,784,32407,California
Sacramento,2021-01-11,4380,40925,2970,28296,1410,12629,0,0,2430,28769,1949,6080,2442,34849,California
Sacramento,2021-01-12,4691,45616,3292,31588,1399,14028,0,0,2639,29365,2050,8130,2646,37495,California
Sacramento,2021-01-13,3868,49484,2236,33824,1632,15660,0,0,2441,30381,1426,9556,2442,39937,California
Sacramento,2021-01-14,4759,54243,2428,36252,2331,17991,0,0,3844,33312,913,10469,3844,43781,California
Sacramento,2021-01-15,4474,58717,2258,38510,2216,20207,0,0,3755,36349,719,11188,3756,47537,California
Sacramento,2021-01-16,2225,60942,1281,39791,944,21151,0,0,2005,38135,219,11407,2005,49542,California
Sacramento,2021-01-17,1686,62628,987,40778,699,21850,0,0,1500,39452,186,11593,1503,51045,California
Sacramento,2021-01-18,2818,65446,1722,42500,1096,22946,0,0,2230,41096,587,12180,2231,53276,California
Sacramento,2021-01-19,4993,70439,3024,45524,1969,24915,0,0,3750,43607,1241,13421,3752,57028,California
Sacramento,2021-01-20,4993,75432,3001,48525,1992,26907,0,0,3679,45977,1315,14736,3685,60713,California
Sacramento,2021-01-21,5262,80694,3017,51542,2245,29152,0,0,4288,49300,967,15703,4290,65003,California
Sacramento,2021-01-22,5053,85747,2686,54228,2367,31519,0,0,4749,53747,303,16006,4750,69753,California
Sacramento,2021-01-23,3873,89620,1563,55791,2310,33829,0,0,3409,56692,464,16470,3409,73162,California
Sacramento,2021-01-24,1641,91261,1025,56816,616,34445,0,0,1392,57836,249,16719,1393,74555,California
Sacramento,2021-01-25,4434,95695,2168,58984,2266,36711,0,0,2952,59308,1482,18201,2954,77509,California
Sacramento,2021-01-26,4782,100477,2178,61162,2604,39315,0,0,3565,61663,1212,19413,3567,81076,California
Sacramento,2021-01-27,5895,106372,3045,64207,2850,42165,0,0,4262,64300,1627,21040,4264,85340,California
Sacramento,2021-01-28,5493,111865,2737,66944,2756,44921,0,0,4386,67582,1105,22145,4387,89727,California
Sacramento,2021-01-29,5459,117324,2932,69876,2527,47448,0,0,4433,70997,1018,23163,4433,94160,California
Sacramento,2021-01-30,4880,122204,2197,72073,2683,50131,0,0,4448,75016,429,23592,4448,98608,California
Sacramento,2021-01-31,2419,124623,2117,74190,302,50433,0,0,2065,76731,352,23944,2067,100675,California
Sacramento,2021-02-01,5958,130581,3032,77222,2926,53359,0,0,4271,79324,1679,25623,4272,104947,California
Sacramento,2021-02-02,6955,137536,3706,80928,3249,56608,0,0,4842,82077,2091,27714,4844,109791,California
Sacramento,2021-02-03,7165,144701,3603,84531,3562,60170,0,0,5277,85480,1876,29590,5279,115070,California
Sacramento,2021-02-04,7805,152506,3683,88214,4122,64292,0,0,5538,88759,2259,31849,5538,120608,California
Sacramento,2021-02-05,7908,160414,4501,92715,3407,67699,0,0,4852,90586,3032,34881,4859,125467,California
Sacramento,2021-02-06,8869,169283,3504,96219,5365,73064,0,0,7506,96733,1361,36242,7508,132975,California
Sacramento,2021-02-07,4109,173392,2218,98437,1891,74955,0,0,2899,98429,1205,37447,2901,135876,California
Sacramento,2021-02-08,6279,179671,3255,101692,3024,77979,0,0,3920,99996,2353,39800,3920,139796,California
Sacramento,2021-02-09,6815,186486,3575,105267,3240,81219,0,0,4006,101210,2794,42594,4008,143804,California
Sacramento,2021-02-10,7776,194262,4253,109520,3523,84742,0,0,4545,102542,3214,45808,4546,148350,California
Sacramento,2021-02-11,9637,203899,5738,115258,3899,88641,0,0,5520,103962,4102,49910,5522,153872,California
Sacramento,2021-02-12,10758,214657,4175,119433,6583,95224,0,0,6431,106136,4260,54170,6434,160306,California
Sacramento,2021-02-13,8146,222803,3019,122452,5127,100351,0,0,6369,110735,1771,55941,6370,166676,California
Sacramento,2021-02-14,3262,226065,2012,124464,1250,101601,0,0,2120,111720,1140,57081,2125,168801,California
Sacramento,2021-02-15,6058,232123,2062,126526,3996,105597,0,0,4206,114088,1841,58922,4209,173010,California
Sacramento,2021-02-16,9327,241450,4238,130764,5089,110686,0,0,5363,115502,3954,62876,5368,178378,California
Sacramento,2021-02-17,8969,250419,5039,135803,3930,114616,0,0,5201,116951,3755,66631,5204,183582,California
Sacramento,2021-02-18,9687,260106,5793,141596,3894,118510,0,0,5761,118802,3914,70545,5765,189347,California
Sacramento,2021-02-19,10160,270266,6216,147812,3944,122454,0,0,5988,120643,4156,74701,5997,195344,California
Sacramento,2021-02-20,8219,278485,5848,153660,2371,124825,0,0,4799,122033,3412,78113,4802,200146,California
Sacramento,2021-02-21,4970,283455,2530,156190,2440,127265,0,0,2901,122873,2061,80174,2901,203047,California
Sacramento,2021-02-22,6546,290001,3974,160164,2572,129837,0,0,2828,122009,3696,83870,2832,205879,California
Sacramento,2021-02-23,7653,297654,4764,164928,2889,132726,0,0,3649,121679,3983,87853,3653,209532,California
Sacramento,2021-02-24,10130,307784,5586,170514,4544,137270,0,0,5456,122492,4651,92504,5464,214996,California
Sacramento,2021-02-25,11541,319325,6604,177118,4937,142207,0,0,6696,124364,4825,97329,6697,221693,California
Sacramento,2021-02-26,14656,333981,6910,184028,7746,149953,0,0,9992,129733,4629,101958,9998,231691,California
Sacramento,2021-02-27,11260,345241,6884,190912,4373,154326,3,3,8346,135199,2883,104841,8349,240040,California
Sacramento,2021-02-28,6663,351904,2349,193261,4314,158640,0,3,3120,134794,3528,108369,3123,243163,California
Sacramento,2021-03-01,8672,360576,3633,196894,5036,163676,3,6,4718,135591,3927,112296,4724,247887,California
Sacramento,2021-03-02,9417,369993,4086,200980,5330,169006,1,7,5772,137743,3624,115920,5776,253663,California
Sacramento,2021-03-03,11212,381205,5117,206097,6091,175097,4,11,6736,140033,4453,120373,6743,260406,California
Sacramento,2021-03-04,13724,394929,6338,212435,7382,182479,4,15,7610,141580,6074,126447,7621,268027,California
Sacramento,2021-03-05,10726,405655,4941,217376,5755,188234,30,45,7122,145159,3574,130021,7153,275180,California
Sacramento,2021-03-06,8182,413837,3143,220519,4915,193149,124,169,4149,145415,4016,134037,4272,279452,California
Sacramento,2021-03-07,8140,421977,2241,222760,5756,198905,143,312,3798,145021,4333,138370,3939,283391,California
Sacramento,2021-03-08,9242,431219,4337,227097,4666,203571,239,551,6002,148037,3223,141593,6239,289630,California
Sacramento,2021-03-09,9780,440999,4587,231684,4899,208470,294,845,5595,149765,4161,145754,5889,295519,California
Sacramento,2021-03-10,11880,452879,7531,239215,3993,212463,356,1201,6942,152171,4896,150650,7302,302821,California
Sacramento,2021-03-11,15233,468112,10113,249328,4288,216751,832,2033,8983,155776,6205,156855,9810,312631,California
Sacramento,2021-03-12,18099,486211,8351,257679,8877,225628,871,2904,8872,156353,9168,166023,9745,322376,California
Sacramento,2021-03-13,13661,499872,3590,261269,9641,235269,430,3334,8449,160026,5201,171224,8874,331250,California
Sacramento,2021-03-14,9481,509353,3481,264750,5364,240633,636,3970,4475,160161,4974,176198,5109,336359,California
Sacramento,2021-03-15,12305,521658,4887,269637,6752,247385,666,4636,7065,162685,5209,181407,7733,344092,California
Sacramento,2021-03-16,14180,535838,6317,275954,7208,254593,655,5291,8657,166506,5482,186889,9303,353395,California
Sacramento,2021-03-17,13890,549728,6682,282636,6576,261169,632,5923,8804,170888,5057,191946,9439,362834,California
Sacramento,2021-03-18,15838,565566,8338,290974,6895,268064,605,6528,10007,175703,5796,197742,10611,373445,California
Sacramento,2021-03-19,15726,581292,8021,298995,6312,274376,1393,7921,7897,177188,7796,205538,9281,382726,California
Sacramento,2021-03-20,13408,594700,7560,306555,5503,279879,345,8266,8499,181154,4877,210415,8843,391569,California
Sacramento,2021-03-21,5857,600557,2780,309335,3038,282917,39,8305,3363,182082,2478,212893,3406,394975,California
Sacramento,2021-03-22,9491,610048,4884,314219,3753,286670,854,9159,6259,185991,3200,216093,7109,402084,California
Sacramento,2021-03-23,11494,621542,6859,321078,3829,290499,806,9965,7352,190051,4096,220189,8156,410240,California
Sacramento,2021-03-24,11963,633505,7298,328376,4033,294532,632,10597,6724,192254,5153,225342,7356,417596,California
Sacramento,2021-03-25,14326,647831,8431,336807,5056,299588,839,11436,8499,195805,5780,231122,9331,426927,California
Sacramento,2021-03-26,18391,666222,8957,345764,8922,308510,512,11948,9138,196279,9177,240299,9651,436578,California
Sacramento,2021-03-27,10210,676432,3588,349352,6330,314840,292,12240,5573,197539,4600,244899,5860,442438,California
Sacramento,2021-03-28,6635,683067,3239,352591,3144,317984,252,12492,2662,196494,3962,248861,2917,445355,California
Sacramento,2021-03-29,11065,694132,5907,358498,4768,322752,390,12882,4951,195751,6084,254945,5341,450696,California
Sacramento,2021-03-30,11970,706102,6110,364608,5442,328194,418,13300,6033,196291,5908,260853,6448,457144,California
Sacramento,2021-03-31,13530,719632,7875,372483,5240,333434,415,13715,5581,194365,7916,268769,5990,463134,California
Sacramento,2021-04-01,17533,737165,10475,382958,6804,340238,254,13969,7346,191831,10137,278906,7603,470737,California
Sacramento,2021-04-02,17242,754407,9733,392691,6765,347003,744,14713,9037,193445,8166,287072,9780,480517,California
Sacramento,2021-04-03,10484,764891,6247,398938,3687,350690,550,15263,6420,196374,4035,291107,6964,487481,California
Sacramento,2021-04-04,3730,768621,1532,400470,1993,352683,205,15468,1448,195747,2276,293383,1649,489130,California
Sacramento,2021-04-05,12114,780735,7573,408043,3698,356381,843,16311,5379,195266,6696,300079,6215,495345,California
Sacramento,2021-04-06,15738,796473,8892,416935,5502,361883,1344,17655,6929,194761,8773,308852,8268,503613,California
Sacramento,2021-04-07,14955,811428,8062,424997,5276,367159,1617,19272,7166,195790,7741,316593,8770,512383,California
Sacramento,2021-04-08,15162,826590,6816,431813,5342,372501,3004,22276,6018,195680,9107,325700,8997,521380,California
Sacramento,2021-04-09,18389,844979,9383,441196,6777,379278,2229,24505,7464,194481,10880,336580,9681,531061,California
Sacramento,2021-04-10,13446,858425,3849,445045,8369,387647,1228,25733,5860,193987,7556,344136,7062,538123,California
Sacramento,2021-04-11,11189,869614,4378,449423,6583,394230,228,25961,3639,190330,7523,351659,3866,541989,California
Sacramento,2021-04-12,13036,882650,5071,454494,6069,400299,1896,27857,4930,189101,8037,359696,6808,548797,California
Sacramento,2021-04-13,16344,898994,9980,464474,6359,406658,5,27862,7577,187954,8733,368429,7586,556383,California
Sacramento,2021-04-14,15068,914062,8018,472492,7048,413706,2,27864,5938,184798,9098,377527,5942,562325,California
Sacramento,2021-04-15,16482,930544,8469,480961,8010,421716,3,27867,6678,181722,9759,387286,6683,569008,California
Sacramento,2021-04-16,17626,948170,9739,490700,7887,429603,0,27867,7975,180100,9599,396885,7977,576985,California
Sacramento,2021-04-17,15887,964057,6192,496892,9695,439298,0,27867,11609,187460,4254,401139,11614,588599,California
Sacramento,2021-04-18,9082,973139,3272,500164,5810,445108,0,27867,3881,186163,5180,406319,3883,592482,California
Sacramento,2021-04-19,10695,983834,5776,505940,4914,450022,5,27872,4734,184968,5936,412255,4741,597223,California
Sacramento,2021-04-20,11575,995409,7143,513083,4428,454450,4,27876,6086,185602,5461,417716,6095,603318,California
Sacramento,2021-04-21,12341,1007750,7387,520470,4952,459402,2,27878,6624,186544,5685,423401,6627,609945,California
Sacramento,2021-04-22,15256,1023006,10268,530738,4983,464385,5,27883,6992,185317,8226,431627,6999,616944,California
Sacramento,2021-04-23,16349,1039355,10351,541089,5998,470383,0,27883,7572,184153,8738,440365,7574,624518,California
Sacramento,2021-04-24,11632,1050987,7011,548100,4620,475003,1,27884,6214,184987,5382,445747,6216,630734,California
Sacramento,2021-04-25,8481,1059468,4483,552583,3998,479001,0,27884,4175,184874,4289,450036,4176,634910,California
Sacramento,2021-04-26,10838,1070306,6833,559416,3981,482982,24,27908,5155,184401,5652,455688,5179,640089,California
Sacramento,2021-04-27,12287,1082593,8088,567504,4044,487026,155,28063,6036,184377,6217,461905,6193,646282,California
Sacramento,2021-04-28,10840,1093433,6163,573667,4472,491498,205,28268,6007,185793,4799,466704,6215,652497,California
Sacramento,2021-04-29,11189,1104622,7595,581262,3290,494788,304,28572,6145,187240,5005,471709,6452,658949,California
Sacramento,2021-04-30,12760,1117382,8083,589345,4413,499201,264,28836,6036,186868,6673,478382,6301,665250,California
Sacramento,2021-05-01,7630,1125012,5482,594827,1973,501174,175,29011,2794,185038,4798,483180,2968,668218,California
Sacramento,2021-05-02,5007,1130019,4309,599136,549,501723,149,29160,2226,184659,2753,485933,2374,670592,California
Sacramento,2021-05-03,9151,1139170,7311,606447,1558,503281,282,29442,3977,183764,5150,491083,4255,674847,California
Sacramento,2021-05-04,9701,1148871,5957,612404,3434,506715,310,29752,3856,182132,5797,496880,4165,679012,California
Sacramento,2021-05-05,11372,1160243,6241,618645,4669,511384,462,30214,4649,180561,6674,503554,5103,684115,California
Sacramento,2021-05-06,11447,1171690,6403,625048,4736,516120,308,30522,4677,179115,6427,509981,4981,689096,California
Sacramento,2021-05-07,10804,1182494,6314,631362,4120,520240,370,30892,4549,177836,6199,516180,4920,694016,California
Sacramento,2021-05-08,9000,1191494,4005,635367,4764,525004,231,31123,2819,174742,6136,522316,3042,697058,California
Sacramento,2021-05-09,3290,1194784,1794,637161,1384,526388,112,31235,1204,173984,2075,524391,1317,698375,California
Sacramento,2021-05-10,8298,1203082,3874,641035,4153,530541,271,31506,2007,170005,6258,530649,2279,700654,California
Sacramento,2021-05-11,8647,1211729,5465,646500,2922,533463,260,31766,3016,167684,5597,536246,3276,703930,California
Sacramento,2021-05-12,8779,1220508,5286,651786,3236,536699,257,32023,2944,165084,5799,542045,3199,707129,California
Sacramento,2021-05-13,12030,1232538,7700,659486,4053,540752,277,32300,4565,162503,7422,549467,4841,711970,California
Sacramento,2021-05-14,12535,1245073,7103,666589,5143,545895,289,32589,5069,160454,7408,556875,5359,717329,California
Sacramento,2021-05-15,13250,1258323,8028,674617,5076,550971,146,32735,5874,159129,7341,564216,6016,723345,California
Sacramento,2021-05-16,8443,1266766,4235,678852,4095,555066,113,32848,2211,155253,6203,570419,2327,725672,California
Sacramento,2021-05-17,10486,1277252,6404,685256,3793,558859,289,33137,3919,152936,6528,576947,4211,729883,California
Sacramento,2021-05-18,9933,1287185,6225,691481,3495,562354,213,33350,3714,150688,6180,583127,3932,733815,California
Sacramento,2021-05-19,9910,1297095,6310,697791,3335,565689,265,33615,4437,149968,5428,588555,4708,738523,California
Sacramento,2021-05-20,10250,1307345,6750,704541,3239,568928,261,33876,3808,147647,6390,594945,4069,742592,California
Sacramento,2021-05-21,10735,1318080,6809,711350,3603,572531,323,34199,4448,146177,6247,601192,4777,747369,California
Sacramento,2021-05-22,7457,1325537,4611,715961,2672,575203,174,34373,3340,145607,4087,605279,3517,750886,California
Sacramento,2021-05-23,4583,1330120,3022,718983,1457,576660,104,34477,1973,145094,2591,607870,2078,752964,California
Sacramento,2021-05-24,7820,1337940,4726,723709,2764,579424,330,34807,2482,142610,5294,613164,2810,755774,California
Sacramento,2021-05-25,6718,1344658,3881,727590,2545,581969,292,35099,2375,140959,4317,617481,2666,758440,California
Sacramento,2021-05-26,8567,1353225,4730,732320,3502,585471,335,35434,2814,138400,5703,623184,3144,761584,California
Sacramento,2021-05-27,6699,1359924,3652,735972,2807,588278,240,35674,2947,137883,3704,626888,3187,764771,California
Sacramento,2021-05-28,8277,1368201,4588,740560,3314,591592,375,36049,3454,136931,4780,631668,3828,768599,California
Sacramento,2021-05-29,4441,1372642,2703,743263,1579,593171,159,36208,2237,137147,2179,633847,2395,770994,California
Sacramento,2021-05-30,1684,1374326,1067,744330,579,593750,38,36246,751,137013,924,634771,790,771784,California
Sacramento,2021-05-31,885,1375211,444,744774,428,594178,13,36259,313,136771,568,635339,326,772110,California
Sacramento,2021-06-01,6976,1382187,4178,748952,2592,596770,206,36465,2531,135103,4402,639741,2734,774844,California
Sacramento,2021-06-02,6098,1388285,3347,752299,2537,599307,214,36679,2263,133784,3794,643535,2475,777319,California
Sacramento,2021-06-03,7464,1395749,5074,757373,2205,601512,185,36864,2142,130825,5282,648817,2323,779642,California
Sacramento,2021-06-04,7089,1402838,4528,761901,2349,603861,212,37076,2209,128398,4848,653665,2421,782063,California
Sacramento,2021-06-05,6219,1409057,4560,766461,1519,605380,140,37216,1755,125857,4437,658102,1896,783959,California
Sacramento,2021-06-06,2423,1411480,1904,768365,460,605840,59,37275,786,125073,1630,659732,846,784805,California
Sacramento,2021-06-07,5583,1417063,3910,772275,1493,607333,180,37455,1555,122804,4001,663733,1732,786537,California
Sacramento,2021-06-08,5411,1422474,3686,775961,1545,608878,180,37635,1715,121034,3667,667400,1897,788434,California
Sacramento,2021-06-09,6192,1428666,4285,780246,1722,610600,185,37820,1630,118338,4510,671910,1814,790248,California
Sacramento,2021-06-10,5422,1434088,3465,783711,1746,612346,211,38031,1649,116476,3722,675632,1860,792108,California
Sacramento,2021-06-11,7561,1441649,5219,788930,2148,614494,194,38225,2048,113237,5479,681111,2240,794348,California
Sacramento,2021-06-12,4727,1446376,3063,791993,1546,616040,118,38343,1278,111204,3430,684541,1397,795745,California
Sacramento,2021-06-13,1935,1448311,1426,793419,465,616505,44,38387,396,110114,1528,686069,438,796183,California
Sacramento,2021-06-14,4325,1452636,2803,796222,1360,617865,162,38549,1352,108672,2954,689023,1512,797695,California
Sacramento,2021-06-15,4926,1457562,2965,799187,1736,619601,225,38774,1719,107425,3190,692213,1943,799638,California
Sacramento,2021-06-16,4488,1462050,3017,802204,1252,620853,219,38993,1555,106284,2907,695120,1766,801404,California
Sacramento,2021-06-17,4074,1466124,2649,804853,1259,622112,166,39159,1400,105203,2642,697762,1561,802965,California
Sacramento,2021-06-18,5133,1471257,3357,808210,1536,623648,240,39399,1746,103827,3361,701123,1985,804950,California
Sacramento,2021-06-19,3349,1474606,2273,810483,931,624579,145,39544,1196,103031,2135,703258,1339,806289,California
Sacramento,2021-06-20,1234,1475840,915,811398,291,624870,28,39572,564,102964,659,703917,592,806881,California
Sacramento,2021-06-21,2526,1478366,1338,812736,1027,625897,161,39733,1239,103088,1274,705191,1398,808279,California
Sacramento,2021-06-22,3907,1482273,2690,815426,1020,626917,197,39930,1537,102472,2345,707536,1729,810008,California
Sacramento,2021-06-23,4080,1486353,2814,818240,1057,627974,209,40139,1522,101662,2537,710073,1727,811735,California
Sacramento,2021-06-24,3476,1489829,2246,820486,1034,629008,196,40335,1387,101174,2070,712143,1582,813317,California
Sacramento,2021-06-25,4190,1494019,2831,823317,1144,630152,215,40550,1690,100596,2480,714623,1902,815219,California
Sacramento,2021-06-26,2844,1496863,2033,825350,688,630840,123,40673,1190,100273,1635,716258,1312,816531,California
Sacramento,2021-06-27,1240,1498103,913,826263,296,631136,31,40704,452,99972,784,717042,483,817014,California
Sacramento,2021-06-28,2630,1500733,1953,828216,536,631672,141,40845,1145,99790,1467,718509,1285,818299,California
Sacramento,2021-06-29,3300,1504033,2197,830413,964,632636,139,40984,1332,99324,1939,720448,1473,819772,California
Sacramento,2021-06-30,3274,1507307,2237,832650,907,633543,130,41114,1546,99292,1709,722157,1677,821449,California
Sacramento,2021-07-01,2855,1510162,1910,834560,786,634329,159,41273,1227,99068,1608,723765,1384,822833,California
Sacramento,2021-07-02,3429,1513591,2289,836849,985,635314,155,41428,1462,98735,1945,725710,1612,824445,California
Sacramento,2021-07-03,1849,1515440,1251,838100,565,635879,33,41461,794,98521,1042,726752,828,825273,California
Sacramento,2021-07-04,156,1515596,62,838162,84,635963,10,41471,66,98507,90,726842,76,825349,California
Sacramento,2021-07-05,1432,1517028,973,839135,424,636387,35,41506,706,98531,717,727559,741,826090,California
Sacramento,2021-07-06,3453,1520481,2439,841574,848,637235,166,41672,1278,97814,2153,729712,1436,827526,California
Sacramento,2021-07-07,3122,1523603,2145,843719,829,638064,148,41820,1307,97468,1795,731507,1449,828975,California
Sacramento,2021-07-08,2709,1526312,1755,845474,786,638850,168,41988,1116,97168,1579,733086,1279,830254,California
Sacramento,2021-07-09,3200,1529512,2067,847541,946,639796,187,42175,1316,96809,1858,734944,1499,831753,California
Sacramento,2021-07-10,1354,1530866,944,848485,345,640141,65,42240,555,96638,790,735734,619,832372,California
San Benito,2020-12-16,29,29,29,29,0,0,0,0,29,29,0,0,29,29,California
San Benito,2020-12-17,48,77,48,77,0,0,0,0,48,77,0,0,48,77,California
San Benito,2020-12-18,72,149,72,149,0,0,0,0,72,149,0,0,72,149,California
San Benito,2020-12-19,48,197,48,197,0,0,0,0,48,197,0,0,48,197,California
San Benito,2020-12-20,24,221,24,221,0,0,0,0,24,221,0,0,24,221,California
San Benito,2020-12-21,77,298,77,298,0,0,0,0,77,298,0,0,77,298,California
San Benito,2020-12-22,101,399,101,399,0,0,0,0,101,399,0,0,101,399,California
San Benito,2020-12-23,86,485,74,473,12,12,0,0,86,485,0,0,86,485,California
San Benito,2020-12-24,13,498,5,478,8,20,0,0,13,498,0,0,13,498,California
San Benito,2020-12-25,3,501,3,481,0,20,0,0,3,501,0,0,3,501,California
San Benito,2020-12-26,13,514,4,485,9,29,0,0,13,514,0,0,13,514,California
San Benito,2020-12-27,8,522,7,492,1,30,0,0,8,522,0,0,8,522,California
San Benito,2020-12-28,66,588,36,528,30,60,0,0,66,588,0,0,66,588,California
San Benito,2020-12-29,49,637,21,549,28,88,0,0,49,637,0,0,49,637,California
San Benito,2020-12-30,59,696,37,586,22,110,0,0,59,696,0,0,59,696,California
San Benito,2020-12-31,19,715,2,588,17,127,0,0,19,715,0,0,19,715,California
San Benito,2021-01-02,24,739,23,611,1,128,0,0,24,739,0,0,24,739,California
San Benito,2021-01-03,4,743,2,613,2,130,0,0,3,742,0,0,3,742,California
San Benito,2021-01-04,61,804,23,636,38,168,0,0,61,803,0,0,61,803,California
San Benito,2021-01-05,117,921,37,673,80,248,0,0,114,914,3,3,114,917,California
San Benito,2021-01-06,102,1023,42,715,60,308,0,0,87,986,15,18,87,1004,California
San Benito,2021-01-07,107,1130,68,783,39,347,0,0,55,989,52,70,55,1059,California
San Benito,2021-01-08,180,1310,89,872,91,438,0,0,116,1041,64,134,116,1175,California
San Benito,2021-01-09,44,1354,31,903,13,451,0,0,30,1057,14,148,30,1205,California
San Benito,2021-01-10,17,1371,15,918,2,453,0,0,5,1050,12,160,5,1210,California
San Benito,2021-01-11,173,1544,108,1026,65,518,0,0,72,1021,101,261,72,1282,California
San Benito,2021-01-12,161,1705,57,1083,104,622,0,0,121,1102,40,301,121,1403,California
San Benito,2021-01-13,240,1945,68,1151,172,794,0,0,189,1240,51,352,189,1592,California
San Benito,2021-01-14,132,2077,24,1175,108,902,0,0,113,1334,19,371,113,1705,California
San Benito,2021-01-15,217,2294,20,1195,197,1099,0,0,203,1523,14,385,203,1908,California
San Benito,2021-01-16,25,2319,8,1203,17,1116,0,0,20,1538,5,390,20,1928,California
San Benito,2021-01-17,12,2331,5,1208,7,1123,0,0,9,1544,3,393,9,1937,California
San Benito,2021-01-18,37,2368,23,1231,14,1137,0,0,22,1551,15,408,22,1959,California
San Benito,2021-01-19,187,2555,81,1312,106,1243,0,0,149,1662,38,446,149,2108,California
San Benito,2021-01-20,338,2893,102,1414,236,1479,0,0,292,1909,45,491,292,2400,California
San Benito,2021-01-21,146,3039,33,1447,113,1592,0,0,120,2003,26,517,120,2520,California
San Benito,2021-01-22,236,3275,19,1466,217,1809,0,0,226,2219,10,527,226,2746,California
San Benito,2021-01-23,31,3306,17,1483,14,1823,0,0,13,2214,18,545,13,2759,California
San Benito,2021-01-24,28,3334,3,1486,25,1848,0,0,24,2234,4,549,24,2783,California
San Benito,2021-01-25,71,3405,24,1510,47,1895,0,0,23,2209,48,597,23,2806,California
San Benito,2021-01-26,138,3543,41,1551,97,1992,0,0,86,2243,52,649,86,2892,California
San Benito,2021-01-27,230,3773,69,1620,161,2153,0,0,191,2395,39,688,191,3083,California
San Benito,2021-01-28,151,3924,32,1652,119,2272,0,0,120,2485,30,718,120,3203,California
San Benito,2021-01-29,292,4216,33,1685,259,2531,0,0,267,2728,24,742,267,3470,California
San Benito,2021-01-30,52,4268,33,1718,19,2550,0,0,29,2734,23,765,29,3499,California
San Benito,2021-01-31,16,4284,5,1723,11,2561,0,0,11,2740,5,770,11,3510,California
San Benito,2021-02-01,137,4421,29,1752,108,2669,0,0,93,2789,44,814,93,3603,California
San Benito,2021-02-02,229,4650,49,1801,180,2849,0,0,139,2838,90,904,139,3742,California
San Benito,2021-02-03,341,4991,42,1843,299,3148,0,0,273,3043,68,972,273,4015,California
San Benito,2021-02-04,166,5157,22,1865,144,3292,0,0,119,3115,47,1019,119,4134,California
San Benito,2021-02-05,294,5451,40,1905,254,3546,0,0,231,3283,63,1082,231,4365,California
San Benito,2021-02-06,50,5501,9,1914,41,3587,0,0,33,3299,17,1099,33,4398,California
San Benito,2021-02-07,18,5519,9,1923,9,3596,0,0,16,3313,2,1101,16,4414,California
San Benito,2021-02-08,141,5660,18,1941,123,3719,0,0,95,3362,46,1147,95,4509,California
San Benito,2021-02-09,327,5987,64,2005,263,3982,0,0,195,3425,132,1279,195,4704,California
San Benito,2021-02-10,323,6310,89,2094,234,4216,0,0,106,3315,216,1495,106,4810,California
San Benito,2021-02-11,300,6610,33,2127,267,4483,0,0,201,3417,99,1594,201,5011,California
San Benito,2021-02-12,416,7026,32,2159,384,4867,0,0,209,3420,206,1800,209,5220,California
San Benito,2021-02-13,56,7082,7,2166,49,4916,0,0,44,3452,12,1812,44,5264,California
San Benito,2021-02-14,40,7122,5,2171,35,4951,0,0,30,3472,10,1822,30,5294,California
San Benito,2021-02-15,107,7229,9,2180,98,5049,0,0,96,3557,11,1833,96,5390,California
San Benito,2021-02-16,206,7435,11,2191,195,5244,0,0,101,3554,105,1938,102,5492,California
San Benito,2021-02-17,328,7763,29,2220,299,5543,0,0,278,3782,50,1988,278,5770,California
San Benito,2021-02-18,297,8060,39,2259,258,5801,0,0,74,3633,223,2211,74,5844,California
San Benito,2021-02-19,348,8408,48,2307,300,6101,0,0,182,3649,166,2377,182,6026,California
San Benito,2021-02-20,50,8458,28,2335,22,6123,0,0,38,3675,12,2389,38,6064,California
San Benito,2021-02-21,24,8482,9,2344,15,6138,0,0,15,3681,9,2398,15,6079,California
San Benito,2021-02-22,138,8620,37,2381,101,6239,0,0,101,3746,36,2434,101,6180,California
San Benito,2021-02-23,388,9008,97,2478,291,6530,0,0,269,3896,119,2553,269,6449,California
San Benito,2021-02-24,397,9405,75,2553,322,6852,0,0,251,4001,146,2699,251,6700,California
San Benito,2021-02-25,395,9800,63,2616,332,7184,0,0,273,4150,124,2823,273,6973,California
San Benito,2021-02-26,658,10458,77,2693,581,7765,0,0,408,4308,250,3073,408,7381,California
San Benito,2021-02-27,106,10564,41,2734,65,7830,0,0,87,4376,19,3092,87,7468,California
San Benito,2021-02-28,255,10819,31,2765,224,8054,0,0,243,4607,12,3104,243,7711,California
San Benito,2021-03-01,232,11051,61,2826,171,8225,0,0,161,4696,72,3176,161,7872,California
San Benito,2021-03-02,288,11339,95,2921,193,8418,0,0,216,4840,72,3248,216,8088,California
San Benito,2021-03-03,407,11746,64,2985,343,8761,0,0,228,4891,177,3425,228,8316,California
San Benito,2021-03-04,615,12361,125,3110,475,9236,15,15,427,5133,188,3613,430,8746,California
San Benito,2021-03-05,585,12946,307,3417,266,9502,12,27,376,5314,207,3820,388,9134,California
San Benito,2021-03-06,193,13139,69,3486,110,9612,14,41,140,5415,53,3873,154,9288,California
San Benito,2021-03-07,653,13792,603,4089,21,9633,29,70,615,6021,38,3911,644,9932,California
San Benito,2021-03-08,290,14082,66,4155,177,9810,47,117,167,6112,123,4034,214,10146,California
San Benito,2021-03-09,427,14509,82,4237,243,10053,102,219,137,6035,289,4323,212,10358,California
San Benito,2021-03-10,412,14921,121,4358,195,10248,96,315,239,6197,173,4496,335,10693,California
San Benito,2021-03-11,479,15400,127,4485,199,10447,153,468,213,6297,266,4762,366,11059,California
San Benito,2021-03-12,524,15924,124,4609,303,10750,97,565,232,6337,289,5051,329,11388,California
San Benito,2021-03-13,201,16125,99,4708,84,10834,18,583,127,6411,71,5122,145,11533,California
San Benito,2021-03-14,233,16358,40,4748,173,11007,20,603,180,6559,52,5174,200,11733,California
San Benito,2021-03-15,324,16682,98,4846,207,11214,19,622,191,6636,133,5307,210,11943,California
San Benito,2021-03-16,503,17185,218,5064,254,11468,31,653,355,6874,147,5454,385,12328,California
San Benito,2021-03-17,791,17976,479,5543,290,11758,22,675,559,7220,227,5681,573,12901,California
San Benito,2021-03-18,788,18764,526,6069,207,11965,55,730,573,7626,213,5894,619,13520,California
San Benito,2021-03-19,778,19542,402,6471,352,12317,24,754,573,8017,205,6099,596,14116,California
San Benito,2021-03-20,245,19787,147,6618,85,12402,13,767,184,8153,61,6160,197,14313,California
San Benito,2021-03-21,108,19895,56,6674,47,12449,5,772,80,8210,28,6188,85,14398,California
San Benito,2021-03-22,354,20249,173,6847,156,12605,25,797,222,8325,132,6320,247,14645,California
San Benito,2021-03-23,474,20723,197,7044,267,12872,10,807,204,8268,270,6590,213,14858,California
San Benito,2021-03-24,574,21297,303,7347,264,13136,7,814,348,8399,224,6814,355,15213,California
San Benito,2021-03-25,739,22036,440,7787,295,13431,4,818,436,8540,299,7113,440,15653,California
San Benito,2021-03-26,1017,23053,519,8306,493,13924,5,823,331,8191,685,7798,336,15989,California
San Benito,2021-03-27,338,23391,189,8495,117,14041,32,855,220,8326,117,7915,252,16241,California
San Benito,2021-03-28,734,24125,608,9103,121,14162,5,860,129,7855,605,8520,134,16375,California
San Benito,2021-03-29,345,24470,108,9211,217,14379,20,880,144,7818,200,8720,163,16538,California
San Benito,2021-03-30,581,25051,274,9485,214,14593,93,973,294,7918,287,9007,387,16925,California
San Benito,2021-03-31,595,25646,366,9851,205,14798,24,997,335,8019,258,9265,359,17284,California
San Benito,2021-04-01,956,26602,387,10238,530,15328,39,1036,566,8230,388,9653,599,17883,California
San Benito,2021-04-02,541,27143,262,10500,143,15471,136,1172,264,8354,276,9929,400,18283,California
San Benito,2021-04-03,254,27397,87,10587,103,15574,64,1236,75,8314,178,10107,138,18421,California
San Benito,2021-04-04,144,27541,109,10696,30,15604,5,1241,107,8389,37,10144,112,18533,California
San Benito,2021-04-05,353,27894,169,10865,140,15744,44,1285,142,8363,211,10355,185,18718,California
San Benito,2021-04-06,468,28362,164,11029,127,15871,177,1462,163,8397,305,10660,339,19057,California
San Benito,2021-04-07,942,29304,524,11553,227,16098,191,1653,263,8175,676,11336,454,19511,California
San Benito,2021-04-08,870,30174,437,11990,178,16276,255,1908,229,8019,640,11976,484,19995,California
San Benito,2021-04-09,854,31028,506,12496,256,16532,92,2000,298,7854,555,12531,390,20385,California
San Benito,2021-04-10,339,31367,205,12701,77,16609,57,2057,192,7956,147,12678,249,20634,California
San Benito,2021-04-11,481,31848,274,12975,172,16781,35,2092,271,8030,210,12888,284,20918,California
San Benito,2021-04-12,529,32377,285,13260,132,16913,112,2204,278,8166,250,13138,386,21304,California
San Benito,2021-04-13,761,33138,295,13555,443,17356,23,2227,527,8484,233,13371,551,21855,California
San Benito,2021-04-14,836,33974,656,14211,180,17536,0,2227,394,8443,435,13806,394,22249,California
San Benito,2021-04-15,949,34923,737,14948,211,17747,1,2228,476,8450,471,14277,478,22727,California
San Benito,2021-04-16,714,35637,373,15321,333,18080,8,2236,303,8354,408,14685,312,23039,California
San Benito,2021-04-17,322,35959,226,15547,96,18176,0,2236,130,8290,194,14879,130,23169,California
San Benito,2021-04-18,510,36469,429,15976,81,18257,0,2236,249,8280,261,15140,251,23420,California
San Benito,2021-04-19,747,37216,597,16573,150,18407,0,2236,422,8380,323,15463,423,23843,California
San Benito,2021-04-20,788,38004,419,16992,367,18774,2,2238,495,8588,288,15751,496,24339,California
San Benito,2021-04-21,973,38977,721,17713,252,19026,0,2238,524,8678,434,16185,524,24863,California
San Benito,2021-04-22,907,39884,699,18412,208,19234,0,2238,567,8913,332,16517,567,25430,California
San Benito,2021-04-23,644,40528,409,18821,234,19468,1,2239,342,9002,253,16770,342,25772,California
San Benito,2021-04-24,362,40890,202,19023,160,19628,0,2239,166,9012,156,16926,166,25938,California
San Benito,2021-04-25,203,41093,127,19150,76,19704,0,2239,94,9015,91,17017,94,26032,California
San Benito,2021-04-26,498,41591,395,19545,103,19807,0,2239,260,9098,177,17194,260,26292,California
San Benito,2021-04-27,561,42152,287,19832,267,20074,7,2246,409,9372,142,17336,416,26708,California
San Benito,2021-04-28,557,42709,393,20225,155,20229,9,2255,390,9608,162,17498,398,27106,California
San Benito,2021-04-29,634,43343,234,20459,390,20619,10,2265,254,9510,379,17877,281,27387,California
San Benito,2021-04-30,384,43727,215,20674,162,20781,7,2272,208,9551,174,18051,215,27602,California
San Benito,2021-05-01,195,43922,142,20816,44,20825,9,2281,65,9496,129,18180,74,27676,California
San Benito,2021-05-02,190,44112,160,20976,26,20851,4,2285,58,9426,132,18312,62,27738,California
San Benito,2021-05-03,360,44472,284,21260,66,20917,10,2295,86,9250,274,18586,98,27836,California
San Benito,2021-05-04,417,44889,257,21517,152,21069,8,2303,151,9144,264,18850,158,27994,California
San Benito,2021-05-05,611,45500,432,21949,163,21232,16,2319,217,8987,390,19240,233,28227,California
San Benito,2021-05-06,624,46124,497,22446,112,21344,15,2334,225,8832,395,19635,240,28467,California
San Benito,2021-05-07,454,46578,291,22737,153,21497,10,2344,174,8739,278,19913,185,28652,California
San Benito,2021-05-08,279,46857,228,22965,46,21543,5,2349,155,8775,124,20037,160,28812,California
San Benito,2021-05-09,111,46968,86,23051,22,21565,3,2352,47,8762,63,20100,50,28862,California
San Benito,2021-05-10,411,47379,322,23373,65,21630,24,2376,53,8482,358,20458,78,28940,California
San Benito,2021-05-11,837,48216,425,23798,396,22026,16,2392,191,8046,644,21102,208,29148,California
San Benito,2021-05-12,518,48734,413,24211,92,22118,13,2405,124,7791,393,21495,138,29286,California
San Benito,2021-05-13,739,49473,632,24843,90,22208,17,2422,212,7494,525,22020,228,29514,California
San Benito,2021-05-14,601,50074,445,25288,149,22357,7,2429,231,7364,368,22388,238,29752,California
San Benito,2021-05-15,227,50301,171,25459,50,22407,6,2435,126,7395,101,22489,132,29884,California
San Benito,2021-05-16,173,50474,145,25604,26,22433,2,2437,97,7418,76,22565,99,29983,California
San Benito,2021-05-17,388,50862,312,25916,67,22500,9,2446,177,7396,208,22773,186,30169,California
San Benito,2021-05-18,674,51536,356,26272,313,22813,5,2451,212,7152,462,23235,218,30387,California
San Benito,2021-05-19,571,52107,420,26692,143,22956,8,2459,230,7049,341,23576,238,30625,California
San Benito,2021-05-20,593,52700,470,27162,112,23068,11,2470,315,7098,277,23853,326,30951,California
San Benito,2021-05-21,464,53164,273,27435,175,23243,16,2486,213,7078,249,24102,229,31180,California
San Benito,2021-05-22,298,53462,226,27661,67,23310,5,2491,184,7156,112,24214,190,31370,California
San Benito,2021-05-23,100,53562,62,27723,34,23344,4,2495,37,7133,63,24277,40,31410,California
San Benito,2021-05-24,306,53868,257,27980,42,23386,7,2502,190,7214,116,24393,197,31607,California
San Benito,2021-05-25,527,54395,241,28221,279,23665,7,2509,170,7036,355,24748,177,31784,California
San Benito,2021-05-26,312,54707,196,28417,109,23774,7,2516,125,6981,186,24934,131,31915,California
San Benito,2021-05-27,408,55115,312,28729,73,23847,23,2539,151,6901,257,25191,177,32092,California
San Benito,2021-05-28,287,55402,177,28906,103,23950,7,2546,110,6842,176,25367,117,32209,California
San Benito,2021-05-29,151,55553,129,29035,20,23970,2,2548,66,6825,85,25452,68,32277,California
San Benito,2021-05-30,270,55823,253,29288,17,23987,0,2548,91,6738,178,25630,91,32368,California
San Benito,2021-05-31,100,55923,87,29375,11,23998,2,2550,43,6727,56,25686,45,32413,California
San Benito,2021-06-01,267,56190,121,29496,120,24118,26,2576,86,6658,180,25866,111,32524,California
San Benito,2021-06-02,322,56512,244,29740,76,24194,2,2578,110,6560,211,26077,113,32637,California
San Benito,2021-06-03,341,56853,290,30030,45,24239,6,2584,101,6429,238,26315,107,32744,California
San Benito,2021-06-04,273,57126,206,30236,67,24306,0,2584,87,6331,185,26500,87,32831,California
San Benito,2021-06-05,95,57221,77,30313,17,24323,1,2585,23,6284,71,26571,24,32855,California
San Benito,2021-06-06,59,57280,49,30362,7,24330,3,2588,13,6254,46,26617,16,32871,California
San Benito,2021-06-07,339,57619,299,30661,35,24365,5,2593,85,6092,252,26869,90,32961,California
San Benito,2021-06-08,309,57928,217,30878,77,24442,15,2608,94,5987,214,27083,109,33070,California
San Benito,2021-06-09,241,58169,189,31067,44,24486,8,2616,68,5890,173,27256,76,33146,California
San Benito,2021-06-10,360,58529,332,31399,21,24507,7,2623,74,5687,284,27540,81,33227,California
San Benito,2021-06-11,270,58799,229,31628,21,24528,20,2643,92,5622,177,27717,112,33339,California
San Benito,2021-06-12,160,58959,146,31774,10,24538,4,2647,48,5577,97,27814,52,33391,California
San Benito,2021-06-13,53,59012,41,31815,10,24548,2,2649,16,5565,30,27844,18,33409,California
San Benito,2021-06-14,182,59194,151,31966,26,24574,5,2654,61,5511,119,27963,65,33474,California
San Benito,2021-06-15,222,59416,129,32095,87,24661,6,2660,78,5454,142,28105,85,33559,California
San Benito,2021-06-16,213,59629,170,32265,29,24690,14,2674,72,5400,140,28245,86,33645,California
San Benito,2021-06-17,251,59880,207,32472,17,24707,27,2701,78,5333,173,28418,106,33751,California
San Benito,2021-06-18,160,60040,103,32575,50,24757,7,2708,65,5310,95,28513,72,33823,California
San Benito,2021-06-19,114,60154,108,32683,6,24763,0,2708,48,5292,66,28579,48,33871,California
San Benito,2021-06-20,38,60192,36,32719,2,24765,0,2708,18,5290,20,28599,18,33889,California
San Benito,2021-06-21,113,60305,83,32802,15,24780,15,2723,59,5310,53,28652,73,33962,California
San Benito,2021-06-22,206,60511,125,32927,60,24840,21,2744,75,5275,130,28782,95,34057,California
San Benito,2021-06-23,150,60661,113,33040,27,24867,10,2754,61,5257,89,28871,71,34128,California
San Benito,2021-06-24,191,60852,163,33203,15,24882,13,2767,81,5242,109,28980,94,34222,California
San Benito,2021-06-25,151,61003,120,33323,29,24911,2,2769,64,5222,87,29067,67,34289,California
San Benito,2021-06-26,76,61079,61,33384,14,24925,1,2770,33,5214,42,29109,34,34323,California
San Benito,2021-06-27,58,61137,51,33435,2,24927,5,2775,24,5209,34,29143,29,34352,California
San Benito,2021-06-28,123,61260,100,33535,19,24946,4,2779,51,5192,72,29215,55,34407,California
San Benito,2021-06-29,110,61370,55,33590,43,24989,12,2791,40,5174,70,29285,52,34459,California
San Benito,2021-06-30,136,61506,111,33701,18,25007,7,2798,52,5150,83,29368,59,34518,California
San Benito,2021-07-01,132,61638,103,33804,20,25027,9,2807,53,5132,78,29446,60,34578,California
San Benito,2021-07-02,131,61769,74,33878,45,25072,12,2819,54,5121,77,29523,66,34644,California
San Benito,2021-07-03,98,61867,93,33971,4,25076,1,2820,52,5128,46,29569,53,34697,California
San Benito,2021-07-04,14,61881,13,33984,1,25077,0,2820,6,5126,8,29577,6,34703,California
San Benito,2021-07-05,93,61974,80,34064,12,25089,1,2821,45,5124,48,29625,46,34749,California
San Benito,2021-07-06,119,62093,59,34123,52,25141,8,2829,46,5105,73,29698,54,34803,California
San Benito,2021-07-07,146,62239,108,34231,36,25177,2,2831,51,5065,93,29791,53,34856,California
San Benito,2021-07-08,98,62337,81,34312,13,25190,4,2835,45,5062,52,29843,49,34905,California
San Benito,2021-07-09,76,62413,48,34360,25,25215,3,2838,37,5063,39,29882,40,34945,California
San Benito,2021-07-10,16,62429,10,34370,5,25220,1,2839,7,5062,9,29891,8,34953,California
San Bernardino,2020-12-15,13,13,13,13,0,0,0,0,13,13,0,0,13,13,California
San Bernardino,2020-12-16,114,127,114,127,0,0,0,0,114,127,0,0,114,127,California
San Bernardino,2020-12-17,2377,2504,2377,2504,0,0,0,0,2377,2504,0,0,2377,2504,California
San Bernardino,2020-12-18,3175,5679,3171,5675,4,4,0,0,3176,5680,0,0,3176,5680,California
San Bernardino,2020-12-19,1077,6756,1076,6751,1,5,0,0,1078,6758,0,0,1078,6758,California
San Bernardino,2020-12-20,1185,7941,1181,7932,4,9,0,0,1185,7943,0,0,1185,7943,California
San Bernardino,2020-12-21,2468,10409,2461,10393,7,16,0,0,2468,10411,0,0,2468,10411,California
San Bernardino,2020-12-22,2280,12689,2151,12544,129,145,0,0,2281,12692,0,0,2281,12692,California
San Bernardino,2020-12-23,2682,15371,1473,14017,1209,1354,0,0,2680,15372,0,0,2680,15372,California
San Bernardino,2020-12-24,1164,16535,584,14601,580,1934,0,0,1165,16536,1,1,1165,16537,California
San Bernardino,2020-12-25,76,16611,15,14616,61,1995,0,0,76,16612,0,1,76,16613,California
San Bernardino,2020-12-26,466,17077,255,14871,211,2206,0,0,466,17078,0,1,466,17079,California
San Bernardino,2020-12-27,351,17428,164,15035,187,2393,0,0,350,17427,1,2,350,17429,California
San Bernardino,2020-12-28,1594,19022,701,15736,893,3286,0,0,1595,19022,0,2,1595,19024,California
San Bernardino,2020-12-29,2260,21282,1048,16784,1212,4498,0,0,2260,21282,0,2,2260,21284,California
San Bernardino,2020-12-30,2933,24215,1462,18246,1471,5969,0,0,2933,24215,0,2,2933,24217,California
San Bernardino,2020-12-31,1386,25601,441,18687,945,6914,0,0,1384,25599,0,2,1384,25601,California
San Bernardino,2021-01-01,258,25859,152,18839,106,7020,0,0,257,25856,0,2,257,25858,California
San Bernardino,2021-01-02,488,26347,345,19184,143,7163,0,0,488,26344,0,2,488,26346,California
San Bernardino,2021-01-03,173,26520,88,19272,85,7248,0,0,173,26517,0,2,173,26519,California
San Bernardino,2021-01-04,2150,28670,1293,20565,857,8105,0,0,2149,28666,0,2,2149,28668,California
San Bernardino,2021-01-05,2349,31019,1463,22028,886,8991,0,0,2236,30791,111,113,2236,30904,California
San Bernardino,2021-01-06,3470,34489,2363,24391,1107,10098,0,0,2969,33266,495,608,2970,33874,California
San Bernardino,2021-01-07,5458,39947,4519,28910,939,11037,0,0,2492,32811,2947,3555,2492,36366,California
San Bernardino,2021-01-08,5403,45350,4471,33381,932,11969,0,0,2301,32015,3098,6653,2302,38668,California
San Bernardino,2021-01-09,1410,46760,1104,34485,306,12275,0,0,908,32421,502,7155,908,39576,California
San Bernardino,2021-01-10,1030,47790,601,35086,429,12704,0,0,578,32547,452,7607,578,40154,California
San Bernardino,2021-01-11,5001,52791,4088,39174,913,13617,0,0,2779,33107,2219,9826,2779,42933,California
San Bernardino,2021-01-12,4258,57049,3233,42407,1025,14642,0,0,2530,33911,1726,11552,2530,45463,California
San Bernardino,2021-01-13,4615,61664,2836,45243,1779,16421,0,0,3384,36077,1219,12771,3385,48848,California
San Bernardino,2021-01-14,4893,66557,2817,48060,2076,18497,0,0,4302,39792,587,13358,4302,53150,California
San Bernardino,2021-01-15,6010,72567,2960,51020,3050,21547,0,0,5609,45013,391,13749,5612,58762,California
San Bernardino,2021-01-16,2274,74841,1290,52310,984,22531,0,0,2130,46999,144,13893,2130,60892,California
San Bernardino,2021-01-17,1190,76031,506,52816,684,23215,0,0,1107,48025,82,13975,1108,62000,California
San Bernardino,2021-01-18,4295,80326,2632,55448,1663,24878,0,0,3664,51060,631,14606,3666,65666,California
San Bernardino,2021-01-19,6367,86693,3446,58894,2921,27799,0,0,5268,55233,1097,15703,5270,70936,California
San Bernardino,2021-01-20,6919,93612,3785,62679,3134,30933,0,0,4948,58222,1961,17664,4950,75886,California
San Bernardino,2021-01-21,6042,99654,3092,65771,2950,33883,0,0,4911,62015,1121,18785,4914,80800,California
San Bernardino,2021-01-22,6618,106272,3056,68827,3562,37445,0,0,5885,67170,731,19516,5886,86686,California
San Bernardino,2021-01-23,3143,109415,1894,70721,1249,38694,0,0,2736,69500,406,19922,2736,89422,California
San Bernardino,2021-01-24,1212,110627,462,71183,750,39444,0,0,1108,70504,104,20026,1108,90530,California
San Bernardino,2021-01-25,6972,117599,3416,74599,3556,43000,0,0,5100,73739,1868,21894,5103,95633,California
San Bernardino,2021-01-26,7205,124804,3548,78147,3657,46657,0,0,5019,76575,2185,24079,5021,100654,California
San Bernardino,2021-01-27,8672,133476,4156,82303,4516,51173,0,0,5788,79488,2875,26954,5788,106442,California
San Bernardino,2021-01-28,8680,142156,4085,86388,4595,55768,0,0,6329,83475,2342,29296,6329,112771,California
San Bernardino,2021-01-29,8235,150391,3746,90134,4489,60257,0,0,6227,87713,1990,31286,6228,118999,California
San Bernardino,2021-01-30,3097,153488,1875,92009,1222,61479,0,0,2802,90222,294,31580,2803,121802,California
San Bernardino,2021-01-31,915,154403,468,92477,447,61926,0,0,856,91020,58,31638,856,122658,California
San Bernardino,2021-02-01,7629,162032,4250,96727,3379,65305,0,0,4940,93277,2684,34322,4941,127599,California
San Bernardino,2021-02-02,10582,172614,3674,100401,6908,72213,0,0,8464,99629,2114,36436,8466,136065,California
San Bernardino,2021-02-03,9083,181697,4137,104538,4946,77159,0,0,6538,103632,2536,38972,6539,142604,California
San Bernardino,2021-02-04,10588,192285,5190,109728,5398,82557,0,0,7443,107942,3134,42106,7444,150048,California
San Bernardino,2021-02-05,11136,203421,5960,115688,5176,87733,0,0,7539,111897,3585,45691,7540,157588,California
San Bernardino,2021-02-06,5292,208713,2217,117905,3075,90808,0,0,3649,113936,1613,47304,3652,161240,California
San Bernardino,2021-02-07,859,209572,499,118404,360,91168,0,0,478,114037,378,47682,479,161719,California
San Bernardino,2021-02-08,7341,216913,3906,122310,3435,94603,0,0,5648,117994,1691,49373,5648,167367,California
San Bernardino,2021-02-09,10182,227095,5633,127943,4549,99152,0,0,6854,121800,3052,52425,6858,174225,California
San Bernardino,2021-02-10,12213,239308,6490,134433,5723,104875,0,0,8045,125690,4156,56581,8046,182271,California
San Bernardino,2021-02-11,12551,251859,7183,141616,5368,110243,0,0,7967,129104,4557,61138,7971,190242,California
San Bernardino,2021-02-12,10625,262484,5956,147572,4669,114912,0,0,5786,130118,4775,65913,5789,196031,California
San Bernardino,2021-02-13,6129,268613,4074,151646,2055,116967,0,0,3840,131692,2271,68184,3845,199876,California
San Bernardino,2021-02-14,1583,270196,669,152315,914,117881,0,0,889,131895,687,68871,890,200766,California
San Bernardino,2021-02-15,5537,275733,3015,155330,2522,120403,0,0,3080,132532,2443,71314,3080,203846,California
San Bernardino,2021-02-16,12765,288498,7456,162786,5309,125712,0,0,8033,135850,4719,76033,8037,211883,California
San Bernardino,2021-02-17,11955,300453,6535,169321,5420,131132,0,0,7194,138310,4739,80772,7199,219082,California
San Bernardino,2021-02-18,12647,313100,7663,176984,4984,136116,0,0,7805,141295,4822,85594,7807,226889,California
San Bernardino,2021-02-19,11831,324931,6058,183042,5773,141889,0,0,6978,143445,4830,90424,6980,233869,California
San Bernardino,2021-02-20,4625,329556,3546,186588,1079,142968,0,0,2074,142981,2541,92965,2077,235946,California
San Bernardino,2021-02-21,1194,330750,717,187305,477,143445,0,0,417,142622,777,93742,418,236364,California
San Bernardino,2021-02-22,9116,339866,5628,192933,3488,146933,0,0,4185,141899,4909,98651,4186,240550,California
San Bernardino,2021-02-23,9825,349691,5954,198887,3871,150804,0,0,4950,142014,4841,103492,4956,245506,California
San Bernardino,2021-02-24,12979,362670,7466,206353,5513,156317,0,0,6313,141693,6640,110132,6319,251825,California
San Bernardino,2021-02-25,13503,376173,6449,212802,7054,163371,0,0,7784,143784,5697,115829,7788,259613,California
San Bernardino,2021-02-26,14002,390175,6532,219334,7470,170841,0,0,7774,145408,6158,121987,7782,267395,California
San Bernardino,2021-02-27,6733,396908,3759,223093,2972,173813,2,2,4829,148352,1891,123878,4835,272230,California
San Bernardino,2021-02-28,1797,398705,755,223848,1042,174855,0,2,1149,148867,636,124514,1151,273381,California
San Bernardino,2021-03-01,8547,407252,4397,228245,4145,179000,5,7,3894,148153,4624,129138,3910,277291,California
San Bernardino,2021-03-02,13973,421225,5526,233771,8447,187447,0,7,6551,147329,7385,136523,6561,283852,California
San Bernardino,2021-03-03,13181,434406,6701,240472,6476,193923,4,11,6209,146604,6947,143470,6222,290074,California
San Bernardino,2021-03-04,14055,448461,6901,247373,7153,201076,1,12,6083,144748,7948,151418,6092,296166,California
San Bernardino,2021-03-05,14561,463022,7531,254904,7028,208104,2,14,7073,144394,7450,158868,7096,303262,California
San Bernardino,2021-03-06,9774,472796,5483,260387,4062,212166,229,243,4555,143975,5199,164067,4780,308042,California
San Bernardino,2021-03-07,1778,474574,1029,261416,617,212783,132,375,1083,144500,692,164759,1217,309259,California
San Bernardino,2021-03-08,8199,482773,3612,265028,4402,217185,185,560,3639,143776,4551,169310,3827,313086,California
San Bernardino,2021-03-09,13162,495935,7526,272554,5379,222564,257,817,5274,141436,7873,177183,5533,318619,California
San Bernardino,2021-03-10,14260,510195,7872,280426,5833,228397,555,1372,6343,140450,7887,185070,6901,325520,California
San Bernardino,2021-03-11,15717,525912,7290,287716,6821,235218,1606,2978,7390,141138,8304,193374,8992,334512,California
San Bernardino,2021-03-12,15652,541564,6975,294691,6623,241841,2054,5032,7337,142293,8279,201653,9434,343946,California
San Bernardino,2021-03-13,8413,549977,4581,299272,3317,245158,515,5547,4966,144344,3432,205085,5483,349429,California
San Bernardino,2021-03-14,3313,553290,1680,300952,1050,246208,583,6130,1835,145289,1468,206553,2413,351842,California
San Bernardino,2021-03-15,11444,564734,5385,306337,4026,250234,2033,8163,5372,146634,6052,212605,7397,359239,California
San Bernardino,2021-03-16,16288,581022,8062,314399,7283,257517,943,9106,9837,151002,6419,219024,10787,370026,California
San Bernardino,2021-03-17,17521,598543,8708,323107,8064,265581,749,9855,10520,155295,6975,225999,11268,381294,California
San Bernardino,2021-03-18,16801,615344,8301,331408,8108,273689,392,10247,9859,158632,6910,232909,10247,391541,California
San Bernardino,2021-03-19,17126,632470,8498,339906,8032,281721,596,10843,9737,161659,7355,240264,10382,401923,California
San Bernardino,2021-03-20,9567,642037,5986,345892,2977,284698,604,11447,5659,164036,3880,244144,6257,408180,California
San Bernardino,2021-03-21,2856,644893,2308,348200,496,285194,52,11499,2277,165802,563,244707,2329,410509,California
San Bernardino,2021-03-22,9744,654637,4601,352801,4707,289901,436,11935,7037,170596,2679,247386,7473,417982,California
San Bernardino,2021-03-23,15707,670344,8898,361699,6188,296089,621,12556,9640,174814,6040,253426,10258,428240,California
San Bernardino,2021-03-24,15240,685584,7835,369534,7097,303186,308,12864,9978,179882,5219,258645,10287,438527,California
San Bernardino,2021-03-25,17141,702725,8392,377926,8442,311628,307,13171,10733,184569,6347,264992,11034,449561,California
San Bernardino,2021-03-26,18386,721111,8714,386640,8903,320531,769,13940,10916,188818,7438,272430,11687,461248,California
San Bernardino,2021-03-27,10899,732010,7031,393671,3112,323643,756,14696,6188,191074,4686,277116,6942,468190,California
San Bernardino,2021-03-28,3653,735663,2564,396235,974,324617,115,14811,2530,192606,1113,278229,2645,470835,California
San Bernardino,2021-03-29,12089,747752,6145,402380,5542,330159,402,15213,7961,196867,4101,282330,8362,479197,California
San Bernardino,2021-03-30,17042,764794,9506,411886,6817,336976,719,15932,10532,201639,6468,288798,11240,490437,California
San Bernardino,2021-03-31,16652,781446,9370,421256,6640,343616,642,16574,10873,207409,5742,294540,11512,501949,California
San Bernardino,2021-04-01,19882,801328,10492,431748,7959,351575,1431,18005,12718,214433,7115,301655,14139,516088,California
San Bernardino,2021-04-02,18938,820266,9537,441285,8109,359684,1292,19297,11403,219668,7501,309156,12736,528824,California
San Bernardino,2021-04-03,11181,831447,6995,448280,3039,362723,1147,20444,6069,221781,5092,314248,7205,536029,California
San Bernardino,2021-04-04,2514,833961,1519,449799,743,363466,252,20696,1258,222044,1246,315494,1509,537538,California
San Bernardino,2021-04-05,11894,845855,5316,455115,4786,368252,1792,22488,6019,224001,5848,321342,7805,545343,California
San Bernardino,2021-04-06,19890,865745,11187,466302,6577,374829,2126,24614,10481,227235,9359,330701,12593,557936,California
San Bernardino,2021-04-07,21231,886976,11409,477711,7320,382149,2502,27116,11534,231593,9662,340363,14020,571956,California
San Bernardino,2021-04-08,22116,909092,11344,489055,8131,390280,2641,29757,12094,236323,9990,350353,14720,586676,California
San Bernardino,2021-04-09,22002,931094,11178,500233,8187,398467,2637,32394,11921,240824,10038,360391,14539,601215,California
San Bernardino,2021-04-10,15749,946843,8153,508386,3869,402336,3727,36121,7818,244446,7906,368297,11528,612743,California
San Bernardino,2021-04-11,4466,951309,2598,510984,898,403234,970,37091,2050,245049,2409,370706,3012,615755,California
San Bernardino,2021-04-12,13545,964854,6258,517242,5614,408848,1673,38764,6415,246029,7103,377809,8083,623838,California
San Bernardino,2021-04-13,19497,984351,11107,528349,8371,417219,19,38783,11187,248960,8278,386087,11209,635047,California
San Bernardino,2021-04-14,19574,1003925,10442,538791,9129,426348,3,38786,11007,251446,8527,394614,11013,646060,California
San Bernardino,2021-04-15,20663,1024588,11538,550329,9119,435467,6,38792,10937,252710,9680,404294,10944,657004,California
San Bernardino,2021-04-16,18937,1043525,10710,561039,8226,443693,1,38793,9262,252349,9625,413919,9264,666268,California
San Bernardino,2021-04-17,12103,1055628,7977,569016,4126,447819,0,38793,6287,252867,5769,419688,6287,672555,California
San Bernardino,2021-04-18,3248,1058876,2317,571333,931,448750,0,38793,1388,252411,1844,421532,1388,673943,California
San Bernardino,2021-04-19,12744,1071620,6809,578142,5935,454685,0,38793,4940,249582,7774,429306,4945,678888,California
San Bernardino,2021-04-20,18302,1089922,10367,588509,7932,462617,3,38796,8279,247878,9988,439294,8284,687172,California
San Bernardino,2021-04-21,19107,1109029,11231,599740,7874,470491,2,38798,8328,245502,10709,450003,8333,695505,California
San Bernardino,2021-04-22,19682,1128711,11408,611148,8270,478761,4,38802,7965,241815,11659,461662,7972,703477,California
San Bernardino,2021-04-23,18948,1147659,10993,622141,7954,486715,1,38803,8177,239281,10714,472376,8180,711657,California
San Bernardino,2021-04-24,12890,1160549,9493,631634,3395,490110,2,38805,6931,240274,5940,478316,6933,718590,California
San Bernardino,2021-04-25,3428,1163977,2240,633874,1188,491298,0,38805,1683,240231,1729,480045,1686,720276,California
San Bernardino,2021-04-26,11387,1175364,6224,640098,5073,496371,90,38895,4839,238657,6504,486549,4930,725206,California
San Bernardino,2021-04-27,16792,1192156,10172,650270,6407,502778,213,39108,6873,235871,9872,496421,7086,732292,California
San Bernardino,2021-04-28,15189,1207345,9167,659437,5744,508522,278,39386,5467,231914,9693,506114,5736,738028,California
San Bernardino,2021-04-29,16625,1223970,9703,669140,6653,515175,269,39655,5576,226747,11009,517123,5842,743870,California
San Bernardino,2021-04-30,16887,1240857,10757,679897,5850,521025,280,39935,6283,222745,10563,527686,6561,750431,California
San Bernardino,2021-05-01,10786,1251643,8429,688326,2043,523068,314,40249,3734,219746,7042,534728,4043,754474,California
San Bernardino,2021-05-02,2957,1254600,2137,690463,688,523756,132,40381,1051,219035,1892,536620,1181,755655,California
San Bernardino,2021-05-03,10081,1264681,5802,696265,3874,527630,405,40786,2905,215182,7164,543784,3311,758966,California
San Bernardino,2021-05-04,16048,1280729,9847,706112,5742,533372,459,41245,4681,208995,11324,555108,5137,764103,California
San Bernardino,2021-05-05,15761,1296490,9214,715326,6134,539506,413,41658,4452,202597,11258,566366,4860,768963,California
San Bernardino,2021-05-06,16084,1312574,9270,724596,6399,545905,415,42073,4400,195773,11637,578003,4813,773776,California
San Bernardino,2021-05-07,15711,1328285,8882,733478,6452,552357,377,42450,4674,189845,10973,588976,5045,778821,California
San Bernardino,2021-05-08,9592,1337877,6436,739914,2889,555246,267,42717,3304,187165,6251,595227,3571,782392,California
San Bernardino,2021-05-09,2079,1339956,1379,741293,609,555855,91,42808,833,186849,1240,596467,924,783316,California
San Bernardino,2021-05-10,7689,1347645,3569,744862,3803,559658,317,43125,2369,184262,5271,601738,2684,786000,California
San Bernardino,2021-05-11,12627,1360272,7089,751951,5177,564835,361,43486,4041,180124,8540,610278,4402,790402,California
San Bernardino,2021-05-12,12846,1373118,7040,758991,5487,570322,319,43805,3655,174957,9139,619417,3972,794374,California
San Bernardino,2021-05-13,13519,1386637,8209,767200,4959,575281,351,44156,5295,172420,8176,627593,5639,800013,California
San Bernardino,2021-05-14,14029,1400666,9388,776588,4302,579583,339,44495,5820,170428,8151,635744,6159,806172,California
San Bernardino,2021-05-15,11446,1412112,8527,785115,2730,582313,189,44684,4658,168514,6755,642499,4841,811013,California
San Bernardino,2021-05-16,3126,1415238,2382,787497,681,582994,63,44747,1561,168593,1545,644044,1624,812637,California
San Bernardino,2021-05-17,10124,1425362,6820,794317,3011,586005,293,45040,4487,167772,5597,649641,4776,817413,California
San Bernardino,2021-05-18,13796,1439158,9161,803478,4387,590392,248,45288,6184,166620,7580,657221,6428,823841,California
San Bernardino,2021-05-19,11584,1450742,7262,810740,3942,594334,380,45668,5223,165897,6321,663542,5598,829439,California
San Bernardino,2021-05-20,11643,1462385,6973,817713,4351,598685,319,45987,5036,164689,6563,670105,5355,834794,California
San Bernardino,2021-05-21,12617,1475002,8353,826066,3882,602567,382,46369,5351,163204,7213,677318,5728,840522,California
San Bernardino,2021-05-22,8950,1483952,6708,832774,2034,604601,208,46577,4288,163080,4616,681934,4492,845014,California
San Bernardino,2021-05-23,2452,1486404,1562,834336,798,605399,92,46669,1139,163010,1300,683234,1230,846244,California
San Bernardino,2021-05-24,6978,1493382,4473,838809,2199,607598,306,46975,3087,162567,3835,687069,3392,849636,California
San Bernardino,2021-05-25,9347,1502729,5733,844542,3357,610955,257,47232,4114,161739,5195,692264,4367,854003,California
San Bernardino,2021-05-26,8249,1510978,5239,849781,2758,613713,252,47484,3743,161267,4460,696724,3988,857991,California
San Bernardino,2021-05-27,7683,1518661,4668,854449,2777,616490,238,47722,3454,160773,4186,700910,3692,861683,California
San Bernardino,2021-05-28,8827,1527488,5488,859937,3061,619551,278,48000,4377,161022,4404,705314,4653,866336,California
San Bernardino,2021-05-29,5084,1532572,3392,863329,1573,621124,119,48119,2580,161234,2486,707800,2698,869034,California
San Bernardino,2021-05-30,1754,1534326,1240,864569,435,621559,79,48198,853,161272,893,708693,931,869965,California
San Bernardino,2021-05-31,899,1535225,572,865141,310,621869,17,48215,320,161037,573,709266,338,870303,California
San Bernardino,2021-06-01,8658,1543883,5564,870705,2848,624717,246,48461,3372,159423,5229,714495,3615,873918,California
San Bernardino,2021-06-02,6854,1550737,4312,875017,2301,627018,241,48702,2888,158616,3932,718427,3125,877043,California
San Bernardino,2021-06-03,7981,1558718,5391,880408,2391,629409,199,48901,2705,156267,5253,723680,2904,879947,California
San Bernardino,2021-06-04,9154,1567872,6190,886598,2672,632081,292,49193,3141,153735,5964,729644,3432,883379,California
San Bernardino,2021-06-05,6561,1574433,5014,891612,1420,633501,127,49320,2249,151815,4293,733937,2373,885752,California
San Bernardino,2021-06-06,2040,1576473,1704,893316,272,633773,64,49384,672,151192,1359,735296,736,886488,California
San Bernardino,2021-06-07,6319,1582792,4915,898231,1190,634963,214,49598,1974,149059,4318,739614,2185,888673,California
San Bernardino,2021-06-08,8445,1591237,6133,904364,2087,637050,225,49823,2607,146117,5768,745382,2826,891499,California
San Bernardino,2021-06-09,7028,1598265,5003,909367,1832,638882,193,50016,2279,143893,4696,750078,2472,893971,California
San Bernardino,2021-06-10,7099,1605364,5013,914380,1882,640764,204,50220,2235,141513,4817,754895,2437,896408,California
San Bernardino,2021-06-11,8066,1613430,5632,920012,2202,642966,232,50452,2913,139548,5108,760003,3143,899551,California
San Bernardino,2021-06-12,5915,1619345,4657,924669,1136,644102,122,50574,1710,137203,4179,764182,1834,901385,California
San Bernardino,2021-06-13,1498,1620843,1063,925732,364,644466,71,50645,404,136587,1090,765272,474,901859,California
San Bernardino,2021-06-14,4929,1625772,3561,929293,1147,645613,221,50866,1803,135512,3097,768369,2022,903881,California
San Bernardino,2021-06-15,7186,1632958,5077,934370,1860,647473,249,51115,2565,133751,4570,772939,2809,906690,California
San Bernardino,2021-06-16,6368,1639326,4539,938909,1607,649080,222,51337,2339,132333,3979,776918,2561,909251,California
San Bernardino,2021-06-17,5672,1644998,3985,942894,1525,650605,162,51499,2216,131292,3419,780337,2378,911629,California
San Bernardino,2021-06-18,6887,1651885,4628,947522,2018,652623,241,51740,2586,129851,4265,784602,2824,914453,California
San Bernardino,2021-06-19,4070,1655955,3042,950564,896,653519,132,51872,1754,129440,2294,786896,1883,916336,California
San Bernardino,2021-06-20,1465,1657420,1126,951690,279,653798,60,51932,584,129210,874,787770,644,916980,California
San Bernardino,2021-06-21,3603,1661023,2335,954025,1038,654836,230,52162,2013,129877,1574,789344,2241,919221,California
San Bernardino,2021-06-22,5693,1666716,3873,957898,1604,656440,216,52378,2281,128990,3386,792730,2499,921720,California
San Bernardino,2021-06-23,5061,1671777,3589,961487,1272,657712,200,52578,2130,128415,2901,795631,2326,924046,California
San Bernardino,2021-06-24,4883,1676660,3391,964878,1281,658993,211,52789,2085,127940,2766,798397,2291,926337,California
San Bernardino,2021-06-25,5850,1682510,4129,969007,1514,660507,207,52996,2548,127418,3273,801670,2751,929088,California
San Bernardino,2021-06-26,3577,1686087,2727,971734,774,661281,76,53072,1662,127261,1894,803564,1737,930825,California
San Bernardino,2021-06-27,1453,1687540,1157,972891,244,661525,52,53124,677,127220,770,804334,729,931554,California
San Bernardino,2021-06-28,3493,1691033,2754,975645,589,662114,150,53274,1712,127314,1767,806101,1861,933415,California
San Bernardino,2021-06-29,5217,1696250,3772,979417,1260,663374,185,53459,2375,127049,2819,808920,2554,935969,California
San Bernardino,2021-06-30,4600,1700850,3241,982658,1186,664560,173,53632,2298,127239,2277,811197,2467,938436,California
San Bernardino,2021-07-01,4174,1705024,2997,985655,1011,665571,166,53798,2063,127378,2090,813287,2229,940665,California
San Bernardino,2021-07-02,5133,1710157,3685,989340,1293,666864,155,53953,2422,127279,2676,815963,2577,943242,California
San Bernardino,2021-07-03,2546,1712703,1919,991259,572,667436,55,54008,1224,127251,1307,817270,1279,944521,California
San Bernardino,2021-07-04,211,1712914,145,991404,62,667498,4,54012,113,127271,97,817367,117,944638,California
San Bernardino,2021-07-05,2288,1715202,1766,993170,470,667968,52,54064,1116,127281,1158,818525,1168,945806,California
San Bernardino,2021-07-06,5085,1720287,3772,996942,1151,669119,162,54226,2215,126807,2851,821376,2377,948183,California
San Bernardino,2021-07-07,4208,1724495,3098,1000040,981,670100,129,54355,1953,126653,2234,823610,2080,950263,California
San Bernardino,2021-07-08,4006,1728501,2923,1002963,932,671032,151,54506,1816,126446,2173,825783,1966,952229,California
San Bernardino,2021-07-09,4510,1733011,3271,1006234,1071,672103,168,54674,2049,126220,2439,828222,2213,954442,California
San Bernardino,2021-07-10,1867,1734878,1458,1007692,339,672442,70,54744,914,126257,946,829168,983,955425,California
San Diego,2020-12-15,122,122,122,122,0,0,0,0,122,122,0,0,122,122,California
San Diego,2020-12-16,1079,1201,1079,1201,0,0,0,0,1079,1201,0,0,1079,1201,California
San Diego,2020-12-17,2324,3525,2324,3525,0,0,0,0,2324,3525,0,0,2324,3525,California
San Diego,2020-12-18,3611,7136,3610,7135,1,1,0,0,3611,7136,0,0,3611,7136,California
San Diego,2020-12-19,2268,9404,2268,9403,0,1,0,0,2268,9404,0,0,2268,9404,California
San Diego,2020-12-20,1148,10552,1147,10550,1,2,0,0,1148,10552,0,0,1148,10552,California
San Diego,2020-12-21,3462,14014,3460,14010,2,4,0,0,3462,14014,0,0,3462,14014,California
San Diego,2020-12-22,4020,18034,3383,17393,637,641,0,0,4020,18034,0,0,4020,18034,California
San Diego,2020-12-23,3161,21195,1959,19352,1202,1843,0,0,3161,21195,0,0,3161,21195,California
San Diego,2020-12-24,2705,23900,2190,21542,515,2358,0,0,2705,23900,0,0,2705,23900,California
San Diego,2020-12-25,857,24757,856,22398,1,2359,0,0,857,24757,0,0,857,24757,California
San Diego,2020-12-26,3200,27957,2129,24527,1071,3430,0,0,3200,27957,0,0,3200,27957,California
San Diego,2020-12-27,2480,30437,1594,26121,886,4316,0,0,2479,30435,1,1,2479,30436,California
San Diego,2020-12-28,5833,36270,4156,30277,1677,5993,0,0,5833,36268,0,1,5833,36269,California
San Diego,2020-12-29,5499,41769,2944,33221,2555,8548,0,0,5499,41767,0,1,5499,41768,California
San Diego,2020-12-30,5851,47620,3048,36269,2803,11351,0,0,5851,47618,0,1,5851,47619,California
San Diego,2020-12-31,2971,50591,1031,37300,1940,13291,0,0,2971,50589,0,1,2971,50590,California
San Diego,2021-01-01,993,51584,443,37743,550,13841,0,0,993,51582,0,1,993,51583,California
San Diego,2021-01-02,3667,55251,1287,39030,2380,16221,0,0,3667,55249,0,1,3667,55250,California
San Diego,2021-01-03,833,56084,621,39651,212,16433,0,0,832,56081,0,1,832,56082,California
San Diego,2021-01-04,3651,59735,2022,41673,1629,18062,0,0,3645,59726,0,1,3645,59727,California
San Diego,2021-01-05,4302,64037,2150,43823,2152,20214,0,0,3716,62871,583,584,3728,63455,California
San Diego,2021-01-06,4841,68878,2254,46077,2587,22801,0,0,3640,65335,1180,1764,3644,67099,California
San Diego,2021-01-07,5551,74429,2932,49009,2619,25420,0,0,3437,66672,2109,3873,3446,70545,California
San Diego,2021-01-08,7807,82236,4900,53909,2907,28327,0,0,4071,67040,3720,7593,4088,74633,California
San Diego,2021-01-09,3417,85653,1906,55815,1511,29838,0,0,1894,67432,1513,9106,1905,76538,California
San Diego,2021-01-10,1847,87500,1277,57092,570,30408,0,0,758,67123,1077,10183,768,77306,California
San Diego,2021-01-11,10199,97699,5799,62891,4400,34808,0,0,6708,70365,3484,13667,6726,84032,California
San Diego,2021-01-12,11004,108703,5261,68152,5743,40551,0,0,7660,74800,3335,17002,7770,91802,California
San Diego,2021-01-13,11291,119994,4989,73141,6302,46853,0,0,8774,81095,2506,19508,8801,100603,California
San Diego,2021-01-14,11960,131954,4519,77660,7441,54294,0,0,9835,88845,2118,21626,9868,110471,California
San Diego,2021-01-15,14791,146745,5234,82894,9557,63851,0,0,12189,98509,2584,24210,12248,122719,California
San Diego,2021-01-16,10532,157277,3552,86446,6980,70831,0,0,9099,106211,1429,25639,9131,131850,California
San Diego,2021-01-17,8474,165751,2431,88877,6043,76874,0,0,7648,113052,826,26465,7667,139517,California
San Diego,2021-01-18,12662,178413,6223,95100,6439,83313,0,0,9853,120192,2778,29243,9918,149435,California
San Diego,2021-01-19,14410,192823,5625,100725,8785,92098,0,0,11316,128684,3085,32328,11577,161012,California
San Diego,2021-01-20,18076,210899,6334,107059,11742,103840,0,0,14777,140365,3279,35607,14960,175972,California
San Diego,2021-01-21,17037,227936,5747,112806,11290,115130,0,0,15668,154818,1360,36967,15813,191785,California
San Diego,2021-01-22,17218,245154,4590,117396,12628,127758,0,0,15215,168129,1990,38957,15301,207086,California
San Diego,2021-01-23,14065,259219,5197,122593,8868,136626,0,0,11803,177743,2251,41208,11865,218951,California
San Diego,2021-01-24,11573,270792,3249,125842,8324,144950,0,0,10610,187436,961,42169,10654,229605,California
San Diego,2021-01-25,11987,282779,5670,131512,6317,151267,0,0,9008,193634,2969,45138,9167,238772,California
San Diego,2021-01-26,14968,297747,7819,139331,7149,158416,0,0,11575,202009,3391,48529,11766,250538,California
San Diego,2021-01-27,20166,317913,7837,147168,12329,170745,0,0,17180,216360,2976,51505,17327,267865,California
San Diego,2021-01-28,20913,338826,7593,154761,13320,184065,0,0,18658,232862,2244,53749,18746,286611,California
San Diego,2021-01-29,19219,358045,6306,161067,12913,196978,0,0,16786,247277,2422,56171,16837,303448,California
San Diego,2021-01-30,15428,373473,3502,164569,11926,208904,0,0,12781,257527,2636,58807,12886,316334,California
San Diego,2021-01-31,14484,387957,5687,170256,8797,217701,0,0,14135,271351,345,59152,14169,330503,California
San Diego,2021-02-01,20431,408388,7434,177690,12997,230698,0,0,16938,284886,3480,62632,17015,347518,California
San Diego,2021-02-02,22501,430889,8287,185977,14214,244912,0,0,19264,301087,3226,65858,19427,366945,California
San Diego,2021-02-03,27023,457912,11501,197478,15522,260434,0,0,22795,319858,4207,70065,22978,389923,California
San Diego,2021-02-04,23727,481639,9718,207196,14009,274443,0,0,19180,334783,4532,74597,19457,409380,California
San Diego,2021-02-05,24244,505883,8593,215789,15651,290094,0,0,17828,346675,6392,80989,18284,427664,California
San Diego,2021-02-06,20399,526282,8450,224239,11949,302043,0,0,17187,360874,3209,84198,17408,445072,California
San Diego,2021-02-07,11898,538180,5306,229545,6592,308635,0,0,10053,369346,1833,86031,10305,455377,California
San Diego,2021-02-08,19795,557975,8420,237965,11375,320010,0,0,12428,375098,7353,93384,13105,468482,California
San Diego,2021-02-09,20152,578127,8243,246208,11909,331919,0,0,12970,381964,7161,100545,14027,482509,California
San Diego,2021-02-10,22611,600738,9267,255475,13344,345263,0,0,13633,388024,8928,109473,14988,497497,California
San Diego,2021-02-11,23469,624207,10082,265557,13387,358650,0,0,12554,391349,10891,120364,14216,511713,California
San Diego,2021-02-12,23277,647484,7285,272842,15992,374642,0,0,11548,393435,11711,132075,13797,525510,California
San Diego,2021-02-13,19743,667227,8961,281803,10782,385424,0,0,10742,396350,8994,141069,11909,537419,California
San Diego,2021-02-14,11024,678251,7327,289130,3697,389121,0,0,6134,399089,4886,145955,7625,545044,California
San Diego,2021-02-15,14970,693221,7562,296692,7408,396529,0,0,7584,402349,7363,153318,10623,555667,California
San Diego,2021-02-16,19079,712300,11168,307860,7911,404440,0,0,9055,404327,10010,163328,11988,567655,California
San Diego,2021-02-17,22975,735275,10741,318601,12234,416674,0,0,7847,400052,15113,178441,10838,578493,California
San Diego,2021-02-18,23297,758572,11924,330525,11373,428047,0,0,7643,396076,15642,194083,11666,590159,California
San Diego,2021-02-19,15602,774174,10829,341354,4773,432820,0,0,6363,395153,9218,203301,8295,598454,California
San Diego,2021-02-20,10081,784255,6310,347664,3771,436591,0,0,5627,398191,4452,207753,7490,605944,California
San Diego,2021-02-21,11454,795709,10047,357711,1407,437998,0,0,5027,398287,6421,214174,6517,612461,California
San Diego,2021-02-22,12394,808103,10591,368302,1803,439801,0,0,5585,398688,6802,220976,7203,619664,California
San Diego,2021-02-23,25228,833331,14109,382411,11119,450920,0,0,9227,397738,15991,236967,15041,634705,California
San Diego,2021-02-24,28679,862010,12795,395206,15884,466804,0,0,6626,389661,22032,258999,13955,648660,California
San Diego,2021-02-25,32617,894627,14514,409720,18103,484907,0,0,9800,384953,22796,281795,18088,666748,California
San Diego,2021-02-26,32714,927341,12158,421878,20556,505463,0,0,11670,382623,21010,302805,18680,685428,California
San Diego,2021-02-27,20753,948094,9374,431252,11379,516842,0,0,11098,388251,9649,312454,15277,700705,California
San Diego,2021-02-28,14927,963021,9757,441009,5170,522012,0,0,9259,394567,5666,318120,11982,712687,California
San Diego,2021-03-01,23962,986983,14138,455147,9823,531835,1,1,14515,403515,9368,327488,18316,731003,California
San Diego,2021-03-02,25828,1012811,13899,469046,11929,543764,0,1,12565,409439,13251,340739,19175,750178,California
San Diego,2021-03-03,33554,1046365,15792,484838,17759,561523,3,4,13841,410437,19688,360427,20686,770864,California
San Diego,2021-03-04,27864,1074229,13889,498727,13975,575498,0,4,12397,414031,15445,375872,19039,789903,California
San Diego,2021-03-05,28515,1102744,14678,513405,13758,589256,79,83,13314,418835,15173,391045,19977,809880,California
San Diego,2021-03-06,23065,1125809,9419,522824,12945,602201,701,784,10180,421440,12870,403915,15475,825355,California
San Diego,2021-03-07,18095,1143904,9148,531972,8297,610498,650,1434,6851,421308,11229,415144,11097,836452,California
San Diego,2021-03-08,22745,1166649,11054,543026,10776,621274,915,2349,11284,426833,11437,426581,16962,853414,California
San Diego,2021-03-09,25445,1192094,11711,554737,11977,633251,1757,4106,9960,426940,15469,442050,15576,868990,California
San Diego,2021-03-10,25099,1217193,10513,565250,12193,645444,2393,6499,9928,428085,15155,457205,16300,885290,California
San Diego,2021-03-11,28081,1245274,10795,576045,13761,659205,3525,10024,9773,426995,18285,475490,17195,902485,California
San Diego,2021-03-12,26902,1272176,9414,585459,14378,673583,3110,13134,9820,426468,17069,492559,16542,919027,California
San Diego,2021-03-13,25881,1298057,7196,592655,16927,690510,1758,14892,10007,426455,15869,508428,15856,934883,California
San Diego,2021-03-14,13696,1311753,5413,598068,7549,698059,734,15626,4771,425312,8916,517344,7773,942656,California
San Diego,2021-03-15,21773,1333526,10035,608103,10956,709015,782,16408,8969,425314,12786,530130,12788,955444,California
San Diego,2021-03-16,29557,1363083,15487,623590,13655,722670,415,16823,15612,430381,13921,544051,18988,974432,California
San Diego,2021-03-17,26413,1389496,12151,635741,13545,736215,717,17540,16971,440673,9425,553476,19717,994149,California
San Diego,2021-03-18,31127,1420623,17501,653242,12703,748918,923,18463,16938,445873,14154,567630,19354,1013503,California
San Diego,2021-03-19,30104,1450727,14272,667514,14779,763697,1053,19516,19286,456597,10798,578428,21522,1035025,California
San Diego,2021-03-20,27674,1478401,8415,675929,17485,781182,1774,21290,21328,474447,6333,584761,24183,1059208,California
San Diego,2021-03-21,16278,1494679,11866,687795,3717,784899,695,21985,7654,475500,8609,593370,9662,1068870,California
San Diego,2021-03-22,22405,1517084,13061,700856,9058,793957,286,22271,14269,484684,8121,601491,17305,1086175,California
San Diego,2021-03-23,25718,1542802,13486,714342,11947,805904,285,22556,17025,495340,8679,610170,19335,1105510,California
San Diego,2021-03-24,29296,1572098,19581,733923,9326,815230,389,22945,16986,502440,12297,622467,19397,1124907,California
San Diego,2021-03-25,30146,1602244,18141,752064,11322,826552,683,23628,17896,510890,12229,634696,20679,1145586,California
San Diego,2021-03-26,31840,1634084,17811,769875,13514,840066,515,24143,17382,517154,14432,649128,20696,1166282,California
San Diego,2021-03-27,25373,1659457,11055,780930,13937,854003,381,24524,15615,525658,9738,658866,18242,1184524,California
San Diego,2021-03-28,15257,1674714,9391,790321,5808,859811,58,24582,9304,530727,5947,664813,11016,1195540,California
San Diego,2021-03-29,26596,1701310,12850,803171,13114,872925,632,25214,16363,539937,10222,675035,19432,1214972,California
San Diego,2021-03-30,33059,1734369,17802,820973,14464,887389,793,26007,21879,553268,11164,686199,24495,1239467,California
San Diego,2021-03-31,30318,1764687,18716,839689,10894,898283,708,26715,20562,565906,9737,695936,22375,1261842,California
San Diego,2021-04-01,34134,1798821,19918,859607,12735,911018,1481,28196,23124,580839,10986,706922,25919,1287761,California
San Diego,2021-04-02,35623,1834444,20608,880215,12233,923251,2782,30978,24003,597454,11601,718523,28216,1315977,California
San Diego,2021-04-03,30742,1865186,14420,894635,11707,934958,4615,35593,19592,611723,11135,729658,25404,1341381,California
San Diego,2021-04-04,8997,1874183,5167,899802,2912,937870,918,36511,4775,613376,4216,733874,5869,1347250,California
San Diego,2021-04-05,29689,1903872,15354,915156,11609,949479,2726,39237,19235,627376,10436,744310,24436,1371686,California
San Diego,2021-04-06,38565,1942437,20300,935456,12362,961841,5903,45140,22178,641196,16367,760677,30187,1401873,California
San Diego,2021-04-07,35980,1978417,21872,957328,9558,971399,4550,49690,20244,651488,15709,776386,26001,1427874,California
San Diego,2021-04-08,35008,2013425,21264,978592,9614,981013,4130,53820,21141,665472,13846,790232,27830,1455704,California
San Diego,2021-04-09,38169,2051594,22758,1001350,10222,991235,5189,59009,20599,677042,17505,807737,29075,1484779,California
San Diego,2021-04-10,28984,2080578,11716,1013066,13267,1004502,4001,63010,14928,684937,14045,821782,21940,1506719,California
San Diego,2021-04-11,16151,2096729,9990,1023056,3865,1008367,2296,65306,7138,688363,9009,830791,12435,1519154,California
San Diego,2021-04-12,30635,2127364,12853,1035909,13506,1021873,4276,69582,17002,699683,13617,844408,24937,1544091,California
San Diego,2021-04-13,36916,2164280,17689,1053598,19192,1041065,35,69617,24473,714599,12421,856829,27337,1571428,California
San Diego,2021-04-14,32862,2197142,18830,1072428,14019,1055084,13,69630,17673,721446,15173,872002,22020,1593448,California
San Diego,2021-04-15,39284,2236426,20350,1092778,18925,1074009,9,69639,23760,732580,15499,887501,26633,1620081,California
San Diego,2021-04-16,33587,2270013,18468,1111246,15116,1089125,3,69642,19398,740226,14129,901630,21775,1641856,California
San Diego,2021-04-17,27873,2297886,13538,1124784,14335,1103460,0,69642,12288,740085,15489,917119,15348,1657204,California
San Diego,2021-04-18,14646,2312532,9095,1133879,5548,1109008,3,69645,6770,741967,7863,924982,9745,1666949,California
San Diego,2021-04-19,26580,2339112,13584,1147463,12994,1122002,2,69647,12454,742045,14105,939087,14183,1681132,California
San Diego,2021-04-20,39633,2378745,18404,1165867,21227,1143229,2,69649,20203,745799,19407,958494,23161,1704293,California
San Diego,2021-04-21,36417,2415162,22017,1187884,14400,1157629,0,69649,17523,747773,18852,977346,20826,1725119,California
San Diego,2021-04-22,44949,2460111,23311,1211195,21634,1179263,4,69653,22458,750828,22446,999792,25501,1750620,California
San Diego,2021-04-23,42731,2502842,26531,1237726,16197,1195460,3,69656,15984,743290,26710,1026502,19172,1769792,California
San Diego,2021-04-24,34917,2537759,18906,1256632,15996,1211456,15,69671,15561,742727,19315,1045817,18752,1788544,California
San Diego,2021-04-25,12633,2550392,7672,1264304,4960,1216416,1,69672,5856,743212,6766,1052583,7251,1795795,California
San Diego,2021-04-26,33508,2583900,16807,1281111,16562,1232978,139,69811,11775,737828,21709,1074292,16325,1812120,California
San Diego,2021-04-27,44816,2628716,24685,1305796,19577,1252555,554,70365,19750,736186,25020,1099312,23378,1835498,California
San Diego,2021-04-28,38477,2667193,22823,1328619,14979,1267534,675,71040,17424,735526,21009,1120321,20349,1855847,California
San Diego,2021-04-29,38330,2705523,24468,1353087,13204,1280738,658,71698,15577,730757,22716,1143037,17947,1873794,California
San Diego,2021-04-30,38278,2743801,23246,1376333,13949,1294687,1083,72781,15040,725535,23198,1166235,17976,1891770,California
San Diego,2021-05-01,24223,2768024,10678,1387011,12907,1307594,638,73419,9499,723118,14714,1180949,12297,1904067,California
San Diego,2021-05-02,10615,2778639,7436,1394447,2597,1310191,582,74001,3231,719883,7380,1188329,4145,1908212,California
San Diego,2021-05-03,25213,2803852,12401,1406848,11660,1321851,1152,75153,9257,715176,15933,1204262,11226,1919438,California
San Diego,2021-05-04,32050,2835902,17832,1424680,12940,1334791,1278,76431,11558,708647,20464,1224726,13935,1933373,California
San Diego,2021-05-05,28012,2863914,17249,1441929,9482,1344273,1281,77712,10596,704156,17393,1242119,12902,1946275,California
San Diego,2021-05-06,28540,2892454,18965,1460894,8662,1352935,913,78625,10767,700543,17743,1259862,14130,1960405,California
San Diego,2021-05-07,29739,2922193,19477,1480371,9222,1362157,1040,79665,11021,695139,18682,1278544,13278,1973683,California
San Diego,2021-05-08,23107,2945300,11104,1491475,11260,1373417,743,80408,7254,688750,15825,1294369,9436,1983119,California
San Diego,2021-05-09,7550,2952850,5670,1497145,1466,1374883,414,80822,2577,687195,4967,1299336,3412,1986531,California
San Diego,2021-05-10,21763,2974613,8660,1505805,12284,1387167,819,81641,5871,679304,15861,1315197,7970,1994501,California
San Diego,2021-05-11,28806,3003419,12232,1518037,15757,1402924,817,82458,10102,673271,18672,1333869,12639,2007140,California
San Diego,2021-05-12,23115,3026534,12647,1530684,9591,1412515,877,83335,8318,668837,14763,1348632,10329,2017469,California
San Diego,2021-05-13,31442,3057976,19074,1549758,11730,1424245,638,83973,13032,666749,18351,1366983,16263,2033732,California
San Diego,2021-05-14,30877,3088853,19816,1569574,10224,1434469,837,84810,13993,666829,16839,1383822,16919,2050651,California
San Diego,2021-05-15,26176,3115029,16477,1586051,8877,1443346,822,85632,10821,664145,15296,1399118,12612,2063263,California
San Diego,2021-05-16,13708,3128737,10229,1596280,2917,1446263,562,86194,6743,664891,6953,1406071,7699,2070962,California
San Diego,2021-05-17,21394,3150131,12975,1609255,7675,1453938,744,86938,8843,662839,12512,1418583,10460,2081422,California
San Diego,2021-05-18,34233,3184364,19400,1628655,13970,1467908,863,87801,13269,657477,20932,1439515,15570,2096992,California
San Diego,2021-05-19,28409,3212773,17823,1646478,9806,1477714,780,88581,11961,654940,16416,1455931,13879,2110871,California
San Diego,2021-05-20,34805,3247578,19250,1665728,14735,1492449,820,89401,11660,645866,23113,1479044,14039,2124910,California
San Diego,2021-05-21,27023,3274601,17170,1682898,8865,1501314,988,90389,10842,642801,16148,1495192,13083,2137993,California
San Diego,2021-05-22,21536,3296137,12418,1695316,7868,1509182,1250,91639,8989,641649,12523,1507715,11371,2149364,California
San Diego,2021-05-23,7350,3303487,5249,1700565,1793,1510975,308,91947,3479,641973,3848,1511563,4172,2153536,California
San Diego,2021-05-24,17867,3321354,9140,1709705,6816,1517791,1911,93858,6419,639735,11428,1522991,9190,2162726,California
San Diego,2021-05-25,24333,3345687,13103,1722808,9362,1527153,1868,95726,8459,635385,15845,1538836,11495,2174221,California
San Diego,2021-05-26,19131,3364818,10599,1733407,6522,1533675,2010,97736,6582,632326,12519,1551355,9460,2183681,California
San Diego,2021-05-27,20629,3385447,11958,1745365,6281,1539956,2390,100126,6936,629084,13673,1565028,10431,2194112,California
San Diego,2021-05-28,21258,3406705,13191,1758556,7358,1547314,709,100835,8360,626416,12879,1577907,10211,2204323,California
San Diego,2021-05-29,11992,3418697,7577,1766133,3924,1551238,491,101326,5154,625761,6824,1584731,6169,2210492,California
San Diego,2021-05-30,4671,3423368,3192,1769325,1101,1552339,378,101704,2002,625710,2662,1587393,2611,2213103,California
San Diego,2021-05-31,2584,3425952,1742,1771067,671,1553010,171,101875,847,625124,1730,1589123,1144,2214247,California
San Diego,2021-06-01,21271,3447223,11334,1782401,8308,1561318,1629,103504,5760,617969,15485,1604608,8330,2222577,California
San Diego,2021-06-02,17069,3464292,8814,1791215,6184,1567502,2071,105575,5468,614665,11573,1616181,8269,2230846,California
San Diego,2021-06-03,19207,3483499,12007,1803222,5399,1572901,1801,107376,5169,608664,14017,1630198,8016,2238862,California
San Diego,2021-06-04,19826,3503325,13849,1817071,5359,1578260,618,107994,5727,602841,14068,1644266,8245,2247107,California
San Diego,2021-06-05,15815,3519140,12036,1829107,2997,1581257,782,108776,4480,597769,11320,1655586,6248,2253355,California
San Diego,2021-06-06,5606,3524746,4530,1833637,765,1582022,311,109087,1580,596469,4015,1659601,2715,2256070,California
San Diego,2021-06-07,12796,3537542,8047,1841684,3401,1585423,1348,110435,3538,592871,9240,1668841,5642,2261712,California
San Diego,2021-06-08,20480,3558022,14474,1856158,4119,1589542,1887,112322,4995,585341,15472,1684313,7942,2269654,California
San Diego,2021-06-09,17043,3575065,11353,1867511,3739,1593281,1951,114273,4364,579956,12664,1696977,7279,2276933,California
San Diego,2021-06-10,17881,3592946,11870,1879381,3933,1597214,2078,116351,4364,573998,13491,1710468,7533,2284466,California
San Diego,2021-06-11,15854,3608800,10090,1889471,4413,1601627,1351,117702,4328,569115,11496,1721964,6613,2291079,California
San Diego,2021-06-12,11012,3619812,8444,1897915,2147,1603774,421,118123,3163,565519,7830,1729794,4234,2295313,California
San Diego,2021-06-13,4157,3623969,3107,1901022,845,1604619,205,118328,1002,563981,3149,1732943,1611,2296924,California
San Diego,2021-06-14,12629,3636598,7582,1908604,2856,1607475,2191,120519,3557,561333,9058,1742001,6410,2303334,California
San Diego,2021-06-15,17907,3654505,10268,1918872,4203,1611678,3436,123955,4706,557215,13192,1755193,9074,2312408,California
San Diego,2021-06-16,13961,3668466,8876,1927748,2771,1614449,2314,126269,4456,555289,9492,1764685,7566,2319974,California
San Diego,2021-06-17,14822,3683288,8496,1936244,3488,1617937,2838,129107,4199,552375,10611,1775296,7697,2327671,California
San Diego,2021-06-18,14156,3697444,8753,1944997,3575,1621512,1828,130935,4425,549712,9719,1785015,7056,2334727,California
San Diego,2021-06-19,7552,3704996,5580,1950577,1512,1623024,460,131395,2756,548694,4775,1789790,3757,2338484,California
San Diego,2021-06-20,3106,3708102,2258,1952835,649,1623673,199,131594,1148,548309,1953,1791743,1568,2340052,California
San Diego,2021-06-21,9127,3717229,5152,1957987,2430,1626103,1545,133139,3893,549066,5227,1796970,5984,2346036,California
San Diego,2021-06-22,11297,3728526,7569,1965556,2586,1628689,1142,134281,4438,548496,6852,1803822,6282,2352318,California
San Diego,2021-06-23,10826,3739352,7043,1972599,2337,1631026,1446,135727,4420,548623,6397,1810219,6524,2358842,California
San Diego,2021-06-24,10070,3749422,6539,1979138,2754,1633780,777,136504,4050,548070,6011,1816230,5458,2364300,California
San Diego,2021-06-25,10622,3760044,7390,1986528,2628,1636408,604,137108,4117,546932,6496,1822726,5358,2369658,California
San Diego,2021-06-26,6701,3766745,5252,1991780,1140,1637548,309,137417,2679,546492,4010,1826736,3570,2373228,California
San Diego,2021-06-27,3015,3769760,2308,1994088,500,1638048,207,137624,1332,546595,1680,1828416,1783,2375011,California
San Diego,2021-06-28,7217,3776977,5316,1999404,1385,1639433,516,138140,3377,547142,3835,1832251,4382,2379393,California
San Diego,2021-06-29,8796,3785773,6124,2005528,1995,1641428,677,138817,3653,546940,5129,1837380,4927,2384320,California
San Diego,2021-06-30,8233,3794006,6071,2011599,1641,1643069,521,139338,3572,546960,4647,1842027,4667,2388987,California
San Diego,2021-07-01,7314,3801320,5049,2016648,1867,1644936,398,139736,3174,546948,4129,1846156,4117,2393104,California
San Diego,2021-07-02,7538,3808858,5198,2021846,1925,1646861,415,140151,3199,546786,4319,1850475,4157,2397261,California
San Diego,2021-07-03,4183,3813041,3149,2024995,864,1647725,170,140321,1904,546907,2273,1852748,2394,2399655,California
San Diego,2021-07-04,419,3813460,279,2025274,57,1647782,83,140404,155,546937,264,1853012,294,2399949,California
San Diego,2021-07-05,3983,3817443,2859,2028133,834,1648616,290,140694,1851,547247,2128,1855140,2438,2402387,California
San Diego,2021-07-06,8446,3825889,6265,2034398,1786,1650402,395,141089,3153,546154,5284,1860424,4191,2406578,California
San Diego,2021-07-07,7441,3833330,5511,2039909,1444,1651846,486,141575,3052,545928,4378,1864802,4152,2410730,California
San Diego,2021-07-08,3132,3836462,2426,2042335,381,1652227,325,141900,1340,546272,1787,1866589,2131,2412861,California
San Diego,2021-07-09,1127,3837589,952,2043287,127,1652354,48,141948,544,546689,582,1867171,999,2413860,California
San Diego,2021-07-10,651,3838240,506,2043793,76,1652430,69,142017,277,546899,372,1867543,582,2414442,California
San Francisco,2020-12-15,6,6,6,6,0,0,0,0,6,6,0,0,6,6,California
San Francisco,2020-12-16,234,240,234,240,0,0,0,0,234,240,0,0,234,240,California
San Francisco,2020-12-17,417,657,417,657,0,0,0,0,417,657,0,0,417,657,California
San Francisco,2020-12-18,905,1562,904,1561,1,1,0,0,905,1562,0,0,905,1562,California
San Francisco,2020-12-19,612,2174,612,2173,0,1,0,0,612,2174,0,0,612,2174,California
San Francisco,2020-12-20,481,2655,481,2654,0,1,0,0,481,2655,0,0,481,2655,California
San Francisco,2020-12-21,1164,3819,1164,3818,0,1,0,0,1164,3819,0,0,1164,3819,California
San Francisco,2020-12-22,1395,5214,1361,5179,34,35,0,0,1395,5214,0,0,1395,5214,California
San Francisco,2020-12-23,1354,6568,1055,6234,299,334,0,0,1354,6568,0,0,1354,6568,California
San Francisco,2020-12-24,843,7411,504,6738,339,673,0,0,843,7411,0,0,843,7411,California
San Francisco,2020-12-25,37,7448,31,6769,6,679,0,0,37,7448,0,0,37,7448,California
San Francisco,2020-12-26,250,7698,154,6923,96,775,0,0,250,7698,0,0,250,7698,California
San Francisco,2020-12-27,274,7972,60,6983,214,989,0,0,274,7972,0,0,274,7972,California
San Francisco,2020-12-28,1279,9251,693,7676,586,1575,0,0,1279,9251,0,0,1279,9251,California
San Francisco,2020-12-29,1263,10514,631,8307,632,2207,0,0,1263,10514,0,0,1263,10514,California
San Francisco,2020-12-30,1487,12001,781,9088,706,2913,0,0,1487,12001,0,0,1487,12001,California
San Francisco,2020-12-31,982,12983,415,9503,567,3480,0,0,981,12982,0,0,981,12982,California
San Francisco,2021-01-01,107,13090,79,9582,28,3508,0,0,107,13089,0,0,107,13089,California
San Francisco,2021-01-02,339,13429,303,9885,36,3544,0,0,339,13428,0,0,339,13428,California
San Francisco,2021-01-03,298,13727,105,9990,193,3737,0,0,297,13724,1,1,297,13725,California
San Francisco,2021-01-04,1846,15573,1358,11348,488,4225,0,0,1843,15564,3,4,1843,15568,California
San Francisco,2021-01-05,2239,17812,1423,12771,816,5041,0,0,2200,17727,39,43,2202,17770,California
San Francisco,2021-01-06,1877,19689,1162,13933,715,5756,0,0,1607,19067,268,311,1608,19378,California
San Francisco,2021-01-07,2082,21771,1215,15148,867,6623,0,0,1604,20196,475,786,1604,20982,California
San Francisco,2021-01-08,2332,24103,1641,16789,691,7314,0,0,1471,20811,856,1642,1471,22453,California
San Francisco,2021-01-09,1400,25503,903,17692,497,7811,0,0,887,21187,513,2155,889,23342,California
San Francisco,2021-01-10,920,26423,541,18233,379,8190,0,0,461,21190,458,2613,461,23803,California
San Francisco,2021-01-11,2513,28936,1868,20101,645,8835,0,0,1408,21493,1106,3719,1409,25212,California
San Francisco,2021-01-12,3095,32031,2060,22161,1035,9870,0,0,1901,22203,1193,4912,1903,27115,California
San Francisco,2021-01-13,2853,34884,1620,23781,1233,11103,0,0,2013,23376,840,5752,2013,29128,California
San Francisco,2021-01-14,2467,37351,1111,24892,1356,12459,0,0,1900,24709,567,6319,1900,31028,California
San Francisco,2021-01-15,2774,40125,1162,26054,1612,14071,0,0,2371,26681,401,6720,2373,33401,California
San Francisco,2021-01-16,2240,42365,937,26991,1303,15374,0,0,2071,28585,169,6889,2073,35474,California
San Francisco,2021-01-17,1939,44304,533,27524,1406,16780,0,0,1719,30085,219,7108,1719,37193,California
San Francisco,2021-01-18,1394,45698,606,28130,788,17568,0,0,1122,30937,271,7379,1123,38316,California
San Francisco,2021-01-19,2600,48298,1481,29611,1119,18687,0,0,1845,32027,755,8134,1845,40161,California
San Francisco,2021-01-20,2839,51137,1192,30803,1647,20334,0,0,2076,33344,760,8894,2077,42238,California
San Francisco,2021-01-21,3444,54581,1038,31841,2406,22740,0,0,2564,35029,879,9773,2564,44802,California
San Francisco,2021-01-22,3252,57833,678,32519,2574,25314,0,0,2804,37387,446,10219,2804,47606,California
San Francisco,2021-01-23,3119,60952,612,33131,2507,27821,0,0,2747,39764,371,10590,2748,50354,California
San Francisco,2021-01-24,2431,63383,363,33494,2068,29889,0,0,2197,41731,230,10820,2197,52551,California
San Francisco,2021-01-25,4646,68029,1836,35330,2810,32699,0,0,3055,43199,1588,12408,3056,55607,California
San Francisco,2021-01-26,4766,72795,2190,37520,2576,35275,0,0,3114,44666,1649,14057,3116,58723,California
San Francisco,2021-01-27,4385,77180,1984,39504,2401,37676,0,0,3076,46435,1307,15364,3076,61799,California
San Francisco,2021-01-28,3802,80982,1577,41081,2225,39901,0,0,2625,47891,1170,16534,2626,64425,California
San Francisco,2021-01-29,4843,85825,1764,42845,3079,42980,0,0,3513,50111,1293,17827,3513,67938,California
San Francisco,2021-01-30,3817,89642,1847,44692,1970,44950,0,0,3354,53007,462,18289,3358,71296,California
San Francisco,2021-01-31,2359,92001,820,45512,1539,46489,0,0,2208,55066,150,18439,2209,73505,California
San Francisco,2021-02-01,4007,96008,1711,47223,2296,48785,0,0,2928,56917,1078,19517,2929,76434,California
San Francisco,2021-02-02,4563,100571,1820,49043,2743,51528,0,0,2952,58264,1605,21122,2952,79386,California
San Francisco,2021-02-03,5123,105694,2403,51446,2720,54248,0,0,3793,60730,1328,22450,3794,83180,California
San Francisco,2021-02-04,5073,110767,2431,53877,2642,56890,0,0,3888,63436,1182,23632,3888,87068,California
San Francisco,2021-02-05,5988,116755,3207,57084,2781,59671,0,0,4626,66703,1360,24992,4627,91695,California
San Francisco,2021-02-06,5474,122229,3646,60730,1828,61499,0,0,4597,70457,846,25838,4600,96295,California
San Francisco,2021-02-07,4373,126602,3217,63947,1156,62655,0,0,3789,73671,579,26417,3793,100088,California
San Francisco,2021-02-08,6773,133375,4658,68605,2115,64770,0,0,5534,77985,1223,27640,5537,105625,California
San Francisco,2021-02-09,5982,139357,4021,72626,1961,66731,0,0,4419,80834,1572,29212,4421,110046,California
San Francisco,2021-02-10,6960,146317,4208,76834,2752,69483,0,0,5080,84043,1875,31087,5084,115130,California
San Francisco,2021-02-11,6779,153096,4014,80848,2765,72248,0,0,4902,87077,1871,32958,4905,120035,California
San Francisco,2021-02-12,5375,158471,2697,83545,2678,74926,0,0,3485,88671,1891,34849,3485,123520,California
San Francisco,2021-02-13,4425,162896,2595,86140,1830,76756,0,0,3067,90383,1358,36207,3070,126590,California
San Francisco,2021-02-14,3456,166352,2267,88407,1189,77945,0,0,2313,91556,1142,37349,2315,128905,California
San Francisco,2021-02-15,2803,169155,1515,89922,1288,79233,0,0,1681,92118,1119,38468,1681,130586,California
San Francisco,2021-02-16,5170,174325,2846,92768,2324,81557,0,0,3012,92986,2151,40619,3019,133605,California
San Francisco,2021-02-17,5399,179724,2655,95423,2744,84301,0,0,2971,93544,2416,43035,2974,136579,California
San Francisco,2021-02-18,5455,185179,2669,98092,2786,87087,0,0,2826,93750,2626,45661,2832,139411,California
San Francisco,2021-02-19,5736,190915,2698,100790,3038,90125,0,0,2976,93977,2750,48411,2977,142388,California
San Francisco,2021-02-20,4658,195573,2253,103043,2405,92530,0,0,1738,92805,2911,51322,1739,144127,California
San Francisco,2021-02-21,2989,198562,1572,104615,1417,93947,0,0,1321,92470,1657,52979,1322,145449,California
San Francisco,2021-02-22,5515,204077,3418,108033,2097,96044,0,0,2746,92460,2759,55738,2749,148198,California
San Francisco,2021-02-23,5938,210015,3361,111394,2577,98621,0,0,3014,92558,2916,58654,3014,151212,California
San Francisco,2021-02-24,9571,219586,5432,116826,4139,102760,0,0,5094,93193,4461,63115,5096,156308,California
San Francisco,2021-02-25,10477,230063,7314,124140,3163,105923,0,0,6702,96127,3770,66885,6704,163012,California
San Francisco,2021-02-26,12729,242792,8274,132414,4455,110378,0,0,7515,98434,5209,72094,7516,170528,California
San Francisco,2021-02-27,9548,252340,6150,138564,3397,113775,1,1,4767,98444,4759,76853,4769,175297,California
San Francisco,2021-02-28,7930,260270,5662,144226,2268,116043,0,1,3878,98279,4044,80897,3879,179176,California
San Francisco,2021-03-01,11423,271693,7699,151925,3718,119761,6,7,5576,98044,5819,86716,5584,184760,California
San Francisco,2021-03-02,10065,281758,6779,158704,3286,123047,0,7,5694,99379,4360,91076,5695,190455,California
San Francisco,2021-03-03,11444,293202,6686,165390,4757,127804,1,8,6287,100528,5142,96218,6291,196746,California
San Francisco,2021-03-04,8839,302041,5540,170930,3299,131103,0,8,4981,101665,3846,100064,4983,201729,California
San Francisco,2021-03-05,9273,311314,5665,176595,3604,134707,4,12,5807,104025,3452,103516,5812,207541,California
San Francisco,2021-03-06,7238,318552,4697,181292,2329,137036,212,224,4541,106063,2707,106223,4745,212286,California
San Francisco,2021-03-07,5547,324099,4238,185530,1154,138190,155,379,3145,106948,2411,108634,3296,215582,California
San Francisco,2021-03-08,7598,331697,5501,191031,1892,140082,205,584,5982,111486,1647,110281,6185,221767,California
San Francisco,2021-03-09,8365,340062,5535,196566,2450,142532,380,964,6095,115680,2274,112555,6468,228235,California
San Francisco,2021-03-10,11306,351368,6614,203180,4188,146720,504,1468,7045,118986,4237,116792,7543,235778,California
San Francisco,2021-03-11,10141,361509,6397,209577,2772,149492,972,2440,6636,123092,3484,120276,7590,243368,California
San Francisco,2021-03-12,10906,372415,6363,215940,3191,152683,1352,3792,6064,125678,4818,125094,7404,250772,California
San Francisco,2021-03-13,6771,379186,3945,219885,1747,154430,1079,4871,4205,128402,2556,127650,5280,256052,California
San Francisco,2021-03-14,7579,386765,4926,224811,2403,156833,250,5121,3953,128994,3606,131256,4198,260250,California
San Francisco,2021-03-15,12141,398906,9282,234093,1914,158747,945,6066,8354,134508,3770,135026,9284,269534,California
San Francisco,2021-03-16,12270,411176,8341,242434,3451,162198,478,6544,8745,140231,3501,138527,9224,278758,California
San Francisco,2021-03-17,13627,424803,8447,250881,4547,166745,633,7177,9656,146577,3938,142465,10284,289042,California
San Francisco,2021-03-18,10297,435100,7047,257928,2621,169366,629,7806,5784,148490,4488,146953,6401,295443,California
San Francisco,2021-03-19,12617,447717,9246,267174,2899,172265,472,8278,6489,149343,6099,153052,6952,302395,California
San Francisco,2021-03-20,8953,456670,6584,273758,1902,174167,467,8745,5172,151235,3748,156800,5640,308035,California
San Francisco,2021-03-21,6702,463372,6140,279898,423,174590,139,8884,3767,152220,2917,159717,3902,311937,California
San Francisco,2021-03-22,10006,473378,6975,286873,2190,176780,841,9725,5142,153350,4841,164558,5971,317908,California
San Francisco,2021-03-23,11408,484786,7596,294469,3159,179939,653,10378,6303,155224,5073,169631,6947,324855,California
San Francisco,2021-03-24,12430,497216,9521,303990,2371,182310,538,10916,6102,155568,6284,175915,6628,331483,California
San Francisco,2021-03-25,12013,509229,8768,312758,2679,184989,566,11482,5759,155712,6177,182092,6321,337804,California
San Francisco,2021-03-26,12060,521289,8352,321110,3475,188464,233,11715,5780,155475,6245,188337,6008,343812,California
San Francisco,2021-03-27,8915,530204,5921,327031,2642,191106,352,12067,3805,154547,5082,193419,4154,347966,California
San Francisco,2021-03-28,6670,536874,5326,332357,1302,192408,42,12109,2950,153843,3694,197113,2990,350956,California
San Francisco,2021-03-29,11661,548535,8022,340379,3453,195861,186,12295,4799,151998,6828,203941,4983,355939,California
San Francisco,2021-03-30,11690,560225,7319,347698,4080,199941,291,12586,5497,151618,6166,210107,5786,361725,California
San Francisco,2021-03-31,12322,572547,8195,355893,3829,203770,298,12884,4909,149441,7377,217484,5200,366925,California
San Francisco,2021-04-01,14042,586589,7434,363327,4900,208670,1708,14592,6037,149187,7961,225445,7707,374632,California
San Francisco,2021-04-02,14905,601494,6576,369903,6430,215100,1899,16491,6949,150076,7931,233376,8820,383452,California
San Francisco,2021-04-03,10615,612109,4925,374828,3862,218962,1828,18319,4811,150908,5783,239159,6615,390067,California
San Francisco,2021-04-04,9052,621161,4801,379629,2592,221554,1659,19978,3584,150685,5449,244608,5226,395293,California
San Francisco,2021-04-05,16149,637310,9847,389476,4407,225961,1895,21873,6304,149047,9814,254422,8176,403469,California
San Francisco,2021-04-06,16163,653473,9544,399020,4547,230508,2072,23945,6286,147537,9846,264268,8336,411805,California
San Francisco,2021-04-07,16905,670378,10056,409076,4605,235113,2244,26189,7003,146883,9876,274144,9222,421027,California
San Francisco,2021-04-08,14242,684620,6773,415849,3034,238147,4435,30624,4650,146364,9551,283695,9032,430059,California
San Francisco,2021-04-09,15889,700509,7684,423533,4841,242988,3364,33988,6634,147111,9218,292913,9965,440024,California
San Francisco,2021-04-10,13372,713881,5713,429246,5903,248891,1756,35744,7118,149741,6224,299137,8854,448878,California
San Francisco,2021-04-11,10075,723956,7543,436789,1351,250242,1181,36925,5205,151259,4854,303991,6372,455250,California
San Francisco,2021-04-12,10675,734631,6925,443714,2590,252832,1160,38085,4892,151540,5758,309749,6039,461289,California
San Francisco,2021-04-13,10862,745493,7363,451077,3485,256317,14,38099,5465,151656,5368,315117,5484,466773,California
San Francisco,2021-04-14,13396,758889,8064,459141,5331,261648,1,38100,6350,151004,7005,322122,6353,473126,California
San Francisco,2021-04-15,13883,772772,9604,468745,4278,265926,1,38101,8064,153290,5784,327906,8070,481196,California
San Francisco,2021-04-16,13056,785828,8760,477505,4252,270178,44,38145,7603,155520,5421,333327,7651,488847,California
San Francisco,2021-04-17,10248,796076,7380,484885,2867,273045,1,38146,7229,159753,3001,336328,7234,496081,California
San Francisco,2021-04-18,6944,803020,5373,490258,1569,274614,2,38148,4306,161446,2617,338945,4310,500391,California
San Francisco,2021-04-19,11122,814142,8308,498566,2809,277423,5,38153,7094,164547,4008,342953,7109,507500,California
San Francisco,2021-04-20,13133,827275,7898,506464,5233,282656,2,38155,8922,169294,4178,347131,8925,516425,California
San Francisco,2021-04-21,11954,839229,8752,515216,3197,285853,5,38160,7234,171848,4690,351821,7244,523669,California
San Francisco,2021-04-22,11118,850347,8278,523494,2839,288692,1,38161,6371,173515,4712,356533,6379,530048,California
San Francisco,2021-04-23,10945,861292,6408,529902,4537,293229,0,38161,6479,175569,4434,360967,6488,536536,California
San Francisco,2021-04-24,7971,869263,5473,535375,2498,295727,0,38161,4713,177055,3236,364203,4722,541258,California
San Francisco,2021-04-25,5044,874307,4338,539713,700,296427,6,38167,2945,177925,2086,366289,2956,544214,California
San Francisco,2021-04-26,8538,882845,6085,545798,2441,298868,12,38179,4257,177959,4251,370540,4285,548499,California
San Francisco,2021-04-27,8983,891828,6109,551907,2704,301572,170,38349,4484,178150,4472,375012,4663,553162,California
San Francisco,2021-04-28,9965,901793,6978,558885,2797,304369,190,38539,5227,178870,4704,379716,5424,558586,California
San Francisco,2021-04-29,9809,911602,5830,564715,3782,308151,197,38736,4820,178943,4957,384673,5030,563616,California
San Francisco,2021-04-30,11335,922937,5613,570328,5518,313669,204,38940,4227,176322,7058,391731,4437,568053,California
San Francisco,2021-05-01,7001,929938,3600,573928,3286,316955,115,39055,1699,172871,5266,396997,1815,569868,California
San Francisco,2021-05-02,5332,935270,3086,577014,2147,319102,99,39154,979,169611,4342,401339,1082,570950,California
San Francisco,2021-05-03,9706,944976,6611,583625,2931,322033,164,39318,2439,164986,7236,408575,2611,573561,California
San Francisco,2021-05-04,9853,954829,6444,590069,3158,325191,251,39569,2386,160196,7432,416007,2642,576203,California
San Francisco,2021-05-05,9265,964094,6568,596637,2385,327576,312,39881,2275,155845,6943,422950,2592,578795,California
San Francisco,2021-05-06,10972,975066,8784,605421,1715,329291,473,40354,1906,149195,9031,431981,2381,581176,California
San Francisco,2021-05-07,10314,985380,6666,612087,3377,332668,271,40625,1681,142540,8607,440588,1952,583128,California
San Francisco,2021-05-08,8912,994292,4056,616143,4726,337394,130,40755,1101,135993,7779,448367,1232,584360,California
San Francisco,2021-05-09,6738,1001030,5846,621989,808,338202,84,40839,1086,131528,5629,453996,1164,585524,California
San Francisco,2021-05-10,7389,1008419,5319,627308,1815,340017,255,41094,1005,126436,6351,460347,1259,586783,California
San Francisco,2021-05-11,8158,1016577,6025,633333,1913,341930,220,41314,1491,121518,6628,466975,1710,588493,California
San Francisco,2021-05-12,8388,1024965,6151,639484,1780,343710,457,41771,1499,116615,6856,473831,1953,590446,California
San Francisco,2021-05-13,11396,1036361,8389,647873,2781,346491,226,41997,4177,113837,7188,481019,4410,594856,California
San Francisco,2021-05-14,9588,1045949,6821,654694,2596,349087,171,42168,2986,110437,6568,487587,3168,598024,California
San Francisco,2021-05-15,8134,1054083,6449,661143,1629,350716,56,42224,3209,108804,4909,492496,3276,601300,California
San Francisco,2021-05-16,5298,1059381,4457,665600,782,351498,59,42283,2019,107626,3257,495753,2079,603379,California
San Francisco,2021-05-17,7411,1066792,5520,671120,1726,353224,165,42448,2378,105159,5013,500766,2546,605925,California
San Francisco,2021-05-18,8762,1075554,5024,676144,3563,356787,175,42623,1826,100272,6888,507654,2001,607926,California
San Francisco,2021-05-19,7498,1083052,5554,681698,1710,358497,234,42857,2151,97336,5319,512973,2383,610309,California
San Francisco,2021-05-20,6145,1089197,4121,685819,1771,360268,253,43110,1492,94461,4615,517588,1740,612049,California
San Francisco,2021-05-21,7195,1096392,4081,689900,2928,363196,186,43296,1576,90647,5571,523159,1757,613806,California
San Francisco,2021-05-22,4838,1101230,3648,693548,1099,364295,91,43387,2209,90337,2609,525768,2299,616105,California
San Francisco,2021-05-23,1944,1103174,1490,695038,379,364674,75,43462,854,90186,1080,526848,929,617034,California
San Francisco,2021-05-24,4226,1107400,3001,698039,1062,365736,163,43625,1233,88618,2966,529814,1398,618432,California
San Francisco,2021-05-25,3701,1111101,2403,700442,1076,366812,222,43847,1029,87212,2652,532466,1246,619678,California
San Francisco,2021-05-26,3973,1115074,2557,702999,1270,368082,146,43993,1057,85524,2891,535357,1203,620881,California
San Francisco,2021-05-27,3727,1118801,2149,705148,1402,369484,176,44169,1166,84317,2548,537905,1341,622222,California
San Francisco,2021-05-28,3781,1122582,2155,707303,1464,370948,162,44331,1315,83358,2435,540340,1476,623698,California
San Francisco,2021-05-29,2039,1124621,1468,708771,469,371417,102,44433,791,83018,1227,541567,887,624585,California
San Francisco,2021-05-30,976,1125597,697,709468,242,371659,37,44470,396,82876,575,542142,433,625018,California
San Francisco,2021-05-31,260,1125857,212,709680,41,371700,7,44477,88,82801,170,542312,95,625113,California
San Francisco,2021-06-01,3586,1129443,2173,711853,1225,372925,188,44665,1064,81546,2504,544816,1249,626362,California
San Francisco,2021-06-02,2470,1131913,1786,713639,561,373486,123,44788,814,80837,1641,546457,932,627294,California
San Francisco,2021-06-03,3968,1135881,2721,716360,1045,374531,202,44990,916,78918,3032,549489,1113,628407,California
San Francisco,2021-06-04,5730,1141611,4858,721218,738,375269,134,45124,1245,75841,4452,553941,1375,629782,California
San Francisco,2021-06-05,3736,1145347,3158,724376,430,375699,148,45272,874,74009,2850,556791,1018,630800,California
San Francisco,2021-06-06,2342,1147689,2191,726567,113,375812,38,45310,393,72497,1943,558734,431,631231,California
San Francisco,2021-06-07,3658,1151347,3029,729596,494,376306,135,45445,871,70733,2768,561502,1004,632235,California
San Francisco,2021-06-08,2832,1154179,2225,731821,441,376747,166,45611,795,69670,2018,563520,955,633190,California
San Francisco,2021-06-09,2323,1156502,1859,733680,327,377074,137,45748,657,68810,1652,565172,792,633982,California
San Francisco,2021-06-10,2501,1159003,1910,735590,401,377475,190,45938,754,68019,1735,566907,944,634926,California
San Francisco,2021-06-11,3157,1162160,2492,738082,500,377975,165,46103,924,66896,2209,569116,1086,636012,California
San Francisco,2021-06-12,3032,1165192,2632,740714,274,378249,126,46229,712,65425,2307,571423,836,636848,California
San Francisco,2021-06-13,922,1166114,801,741515,74,378323,47,46276,219,64993,697,572120,265,637113,California
San Francisco,2021-06-14,2513,1168627,2030,743545,331,378654,152,46428,827,64297,1672,573792,976,638089,California
San Francisco,2021-06-15,1916,1170543,1479,745024,303,378957,134,46562,676,63879,1228,575020,810,638899,California
San Francisco,2021-06-16,1871,1172414,1416,746440,260,379217,195,46757,642,63497,1212,576232,830,639729,California
San Francisco,2021-06-17,1985,1174399,1527,747967,258,379475,200,46957,646,63014,1324,577556,841,640570,California
San Francisco,2021-06-18,2351,1176750,1736,749703,440,379915,175,47132,752,62353,1584,579140,923,641493,California
San Francisco,2021-06-19,1417,1178167,1183,750886,122,380037,112,47244,434,61927,968,580108,542,642035,California
San Francisco,2021-06-20,629,1178796,536,751422,58,380095,35,47279,255,61850,367,580475,290,642325,California
San Francisco,2021-06-21,1164,1179960,865,752287,188,380283,111,47390,603,62012,550,581025,712,643037,California
San Francisco,2021-06-22,1586,1181546,1245,753532,229,380512,112,47502,550,61647,1021,582046,656,643693,California
San Francisco,2021-06-23,1488,1183034,1174,754706,174,380686,140,47642,589,61482,887,582933,722,644415,California
San Francisco,2021-06-24,1539,1184573,1125,755831,245,380931,169,47811,510,61146,1010,583943,674,645089,California
San Francisco,2021-06-25,1823,1186396,1472,757303,249,381180,102,47913,655,60754,1147,585090,755,645844,California
San Francisco,2021-06-26,1406,1187802,1254,758557,67,381247,85,47998,503,60445,893,585983,584,646428,California
San Francisco,2021-06-27,554,1188356,492,759049,34,381281,28,48026,225,60374,323,586306,252,646680,California
San Francisco,2021-06-28,1485,1189841,1278,760327,114,381395,93,48119,529,60051,944,587250,621,647301,California
San Francisco,2021-06-29,1376,1191217,1056,761383,220,381615,100,48219,494,59769,870,588120,588,647889,California
San Francisco,2021-06-30,1293,1192510,1062,762445,164,381779,67,48286,502,59551,786,588906,568,648457,California
San Francisco,2021-07-01,1181,1193691,932,763377,170,381949,79,48365,475,59407,694,589600,550,649007,California
San Francisco,2021-07-02,1510,1195201,1212,764589,228,382177,70,48435,597,59170,903,590503,666,649673,California
San Francisco,2021-07-03,892,1196093,750,765339,70,382247,72,48507,332,59015,556,591059,401,650074,California
San Francisco,2021-07-04,13,1196106,11,765350,1,382248,1,48508,5,59013,8,591067,6,650080,California
San Francisco,2021-07-05,954,1197060,837,766187,73,382321,44,48552,389,58889,555,591622,431,650511,California
San Francisco,2021-07-06,1651,1198711,1368,767555,192,382513,91,48643,525,58394,1106,592728,611,651122,California
San Francisco,2021-07-07,1093,1199804,864,768419,136,382649,93,48736,387,58177,692,593420,475,651597,California
San Francisco,2021-07-08,1098,1200902,850,769269,141,382790,107,48843,401,57996,686,594106,505,652102,California
San Francisco,2021-07-09,1257,1202159,989,770258,185,382975,83,48926,486,57814,749,594855,567,652669,California
San Francisco,2021-07-10,342,1202501,292,770550,26,383001,24,48950,155,57808,182,595037,176,652845,California
San Joaquin,2020-12-15,14,14,14,14,0,0,0,0,14,14,0,0,14,14,California
San Joaquin,2020-12-16,465,479,465,479,0,0,0,0,465,479,0,0,465,479,California
San Joaquin,2020-12-17,374,853,374,853,0,0,0,0,374,853,0,0,374,853,California
San Joaquin,2020-12-18,617,1470,609,1462,8,8,0,0,617,1470,0,0,617,1470,California
San Joaquin,2020-12-19,220,1690,216,1678,4,12,0,0,220,1690,0,0,220,1690,California
San Joaquin,2020-12-20,120,1810,118,1796,2,14,0,0,120,1810,0,0,120,1810,California
San Joaquin,2020-12-21,544,2354,540,2336,4,18,0,0,544,2354,0,0,544,2354,California
San Joaquin,2020-12-22,1000,3354,878,3214,122,140,0,0,999,3353,0,0,999,3353,California
San Joaquin,2020-12-23,991,4345,932,4146,59,199,0,0,989,4342,2,2,991,4344,California
San Joaquin,2020-12-24,223,4568,193,4339,30,229,0,0,222,4564,1,3,223,4567,California
San Joaquin,2020-12-25,18,4586,18,4357,0,229,0,0,18,4582,0,3,18,4585,California
San Joaquin,2020-12-26,103,4689,31,4388,72,301,0,0,103,4685,0,3,103,4688,California
San Joaquin,2020-12-27,46,4735,32,4420,14,315,0,0,46,4731,0,3,46,4734,California
San Joaquin,2020-12-28,631,5366,425,4845,206,521,0,0,631,5362,0,3,631,5365,California
San Joaquin,2020-12-29,802,6168,671,5516,131,652,0,0,801,6162,1,4,801,6166,California
San Joaquin,2020-12-30,1015,7183,722,6238,293,945,0,0,1013,7175,2,6,1015,7181,California
San Joaquin,2020-12-31,461,7644,205,6443,256,1201,0,0,461,7636,1,7,462,7643,California
San Joaquin,2021-01-01,25,7669,14,6457,11,1212,0,0,25,7661,0,7,25,7668,California
San Joaquin,2021-01-02,269,7938,245,6702,24,1236,0,0,269,7930,0,7,269,7937,California
San Joaquin,2021-01-03,38,7976,21,6723,17,1253,0,0,37,7966,1,8,37,7974,California
San Joaquin,2021-01-04,495,8471,353,7076,142,1395,0,0,493,8458,1,9,493,8467,California
San Joaquin,2021-01-05,1075,9546,710,7786,365,1760,0,0,829,9081,244,253,867,9334,California
San Joaquin,2021-01-06,1309,10855,785,8571,524,2284,0,0,942,9667,360,613,946,10280,California
San Joaquin,2021-01-07,1163,12018,759,9330,404,2688,0,0,800,10110,357,970,800,11080,California
San Joaquin,2021-01-08,1322,13340,923,10253,399,3087,0,0,744,10287,574,1544,751,11831,California
San Joaquin,2021-01-09,385,13725,302,10555,83,3170,0,0,251,10406,134,1678,253,12084,California
San Joaquin,2021-01-10,226,13951,117,10672,109,3279,0,0,172,10525,53,1731,172,12256,California
San Joaquin,2021-01-11,1569,15520,1340,12012,229,3508,0,0,883,10793,683,2414,951,13207,California
San Joaquin,2021-01-12,1668,17188,1169,13181,499,4007,0,0,826,10857,834,3248,898,14105,California
San Joaquin,2021-01-13,1594,18782,908,14089,686,4693,0,0,1005,11284,583,3831,1010,15115,California
San Joaquin,2021-01-14,1942,20724,992,15081,950,5643,0,0,1581,12549,335,4166,1600,16715,California
San Joaquin,2021-01-15,1652,22376,553,15634,1099,6742,0,0,1404,13747,231,4397,1429,18144,California
San Joaquin,2021-01-16,1137,23513,181,15815,956,7698,0,0,1105,14821,31,4428,1105,19249,California
San Joaquin,2021-01-17,1634,25147,140,15955,1494,9192,0,0,1588,16366,46,4474,1591,20840,California
San Joaquin,2021-01-18,748,25895,242,16197,506,9698,0,0,626,16874,118,4592,626,21466,California
San Joaquin,2021-01-19,1989,27884,898,17095,1091,10789,0,0,1299,17498,683,5275,1307,22773,California
San Joaquin,2021-01-20,2225,30109,1292,18387,933,11722,0,0,1566,18421,651,5926,1574,24347,California
San Joaquin,2021-01-21,2118,32227,903,19290,1215,12937,0,0,1719,19757,392,6318,1728,26075,California
San Joaquin,2021-01-22,2101,34328,914,20204,1187,14124,0,0,1939,21541,157,6475,1941,28016,California
San Joaquin,2021-01-23,907,35235,393,20597,514,14638,0,0,616,21871,288,6763,618,28634,California
San Joaquin,2021-01-24,369,35604,138,20735,231,14869,0,0,346,22197,20,6783,346,28980,California
San Joaquin,2021-01-25,2118,37722,1170,21905,948,15817,0,0,1524,23136,589,7372,1528,30508,California
San Joaquin,2021-01-26,2346,40068,1112,23017,1234,17051,0,0,1711,24232,623,7995,1719,32227,California
San Joaquin,2021-01-27,1826,41894,770,23787,1056,18107,0,0,1312,25042,508,8503,1318,33545,California
San Joaquin,2021-01-28,2231,44125,783,24570,1448,19555,0,0,1545,25918,679,9182,1555,35100,California
San Joaquin,2021-01-29,2311,46436,1053,25623,1258,20813,0,0,1939,27503,364,9546,1949,37049,California
San Joaquin,2021-01-30,2186,48622,355,25978,1831,22644,0,0,2002,29324,183,9729,2004,39053,California
San Joaquin,2021-01-31,1553,50175,173,26151,1380,24024,0,0,1482,30739,69,9798,1484,40537,California
San Joaquin,2021-02-01,2519,52694,1282,27433,1237,25261,0,0,1746,31715,772,10570,1748,42285,California
San Joaquin,2021-02-02,2670,55364,1178,28611,1492,26753,0,0,2048,33208,559,11129,2052,44337,California
San Joaquin,2021-02-03,3145,58509,1232,29843,1913,28666,0,0,2260,34601,877,12006,2270,46607,California
San Joaquin,2021-02-04,3584,62093,1793,31636,1791,30457,0,0,2669,36369,909,12915,2677,49284,California
San Joaquin,2021-02-05,3284,65377,1796,33432,1488,31945,0,0,2409,37945,847,13762,2423,51707,California
San Joaquin,2021-02-06,1073,66450,720,34152,353,32298,0,0,923,38722,147,13909,924,52631,California
San Joaquin,2021-02-07,624,67074,494,34646,130,32428,0,0,416,38937,202,14111,417,53048,California
San Joaquin,2021-02-08,1927,69001,1048,35694,879,33307,0,0,1551,40151,344,14455,1558,54606,California
San Joaquin,2021-02-09,2289,71290,1151,36845,1138,34445,0,0,1664,41273,545,15000,1667,56273,California
San Joaquin,2021-02-10,2775,74065,1265,38110,1510,35955,0,0,1456,41450,1281,16281,1458,57731,California
San Joaquin,2021-02-11,3056,77121,1475,39585,1581,37536,0,0,1734,41929,1262,17543,1741,59472,California
San Joaquin,2021-02-12,2987,80108,1142,40727,1845,39381,0,0,1649,42284,1298,18841,1653,61125,California
San Joaquin,2021-02-13,2145,82253,411,41138,1734,41115,0,0,867,41896,1261,20102,873,61998,California
San Joaquin,2021-02-14,1921,84174,264,41402,1657,42772,0,0,700,41409,1188,21290,701,62699,California
San Joaquin,2021-02-15,2089,86263,843,42245,1246,44018,0,0,1253,41872,794,22084,1257,63956,California
San Joaquin,2021-02-16,3355,89618,1406,43651,1949,45967,0,0,1855,42258,1479,23563,1865,65821,California
San Joaquin,2021-02-17,3583,93201,1301,44952,2282,48249,0,0,1975,42675,1562,25125,1979,67800,California
San Joaquin,2021-02-18,3555,96756,1408,46360,2147,50396,0,0,1971,43128,1524,26649,1977,69777,California
San Joaquin,2021-02-19,4401,101157,2445,48805,1956,52352,0,0,2426,43656,1899,28548,2427,72204,California
San Joaquin,2021-02-20,1612,102769,696,49501,916,53268,0,0,1079,44206,529,29077,1079,73283,California
San Joaquin,2021-02-21,706,103475,526,50027,180,53448,0,0,431,44368,271,29348,433,73716,California
San Joaquin,2021-02-22,3805,107280,2596,52623,1209,54657,0,0,2621,45856,1137,30485,2625,76341,California
San Joaquin,2021-02-23,4635,111915,2679,55302,1956,56613,0,0,2745,46792,1815,32300,2751,79092,California
San Joaquin,2021-02-24,5970,117885,3490,58792,2480,59093,0,0,4200,49278,1718,34018,4204,83296,California
San Joaquin,2021-02-25,6773,124658,4037,62829,2736,61829,0,0,4190,50982,2498,36516,4202,87498,California
San Joaquin,2021-02-26,5671,130329,2903,65732,2768,64597,0,0,3820,53013,1795,38311,3826,91324,California
San Joaquin,2021-02-27,5523,135852,1646,67378,3876,68473,1,1,2664,52896,2792,41103,2675,93999,California
San Joaquin,2021-02-28,3131,138983,1132,68510,1999,70472,0,1,2063,53928,1034,42137,2066,96065,California
San Joaquin,2021-03-01,4542,143525,1853,70363,2686,73158,3,4,2450,54356,2035,44172,2463,98528,California
San Joaquin,2021-03-02,4429,147954,1710,72073,2719,75877,0,4,2779,55576,1612,45784,2832,101360,California
San Joaquin,2021-03-03,6047,154001,3488,75561,2557,78434,2,6,4353,58279,1651,47435,4354,105714,California
San Joaquin,2021-03-04,5898,159899,2299,77860,3596,82030,3,9,3861,60138,2007,49442,3866,109580,California
San Joaquin,2021-03-05,4787,164686,1917,79777,2865,84895,5,14,3287,61989,1445,50887,3296,112876,California
San Joaquin,2021-03-06,3346,168032,2199,81976,1017,85912,130,144,2744,64274,592,51479,2877,115753,California
San Joaquin,2021-03-07,1310,169342,573,82549,635,86547,102,246,961,64990,331,51810,1047,116800,California
San Joaquin,2021-03-08,3317,172659,1292,83841,1890,88437,135,381,2149,66134,1140,52950,2284,119084,California
San Joaquin,2021-03-09,4355,177014,1879,85720,2346,90783,130,511,2758,67484,1544,54494,2894,121978,California
San Joaquin,2021-03-10,5022,182036,2543,88263,2336,93119,143,654,3508,69648,1487,55981,3651,125629,California
San Joaquin,2021-03-11,5329,187365,2476,90739,2248,95367,605,1259,3009,70966,2296,58277,3614,129243,California
San Joaquin,2021-03-12,6683,194048,3243,93982,3101,98468,339,1598,4206,73076,2439,60716,4549,133792,California
San Joaquin,2021-03-13,3254,197302,1520,95502,1608,100076,126,1724,2323,74616,918,61634,2458,136250,California
San Joaquin,2021-03-14,2182,199484,679,96181,1197,101273,306,2030,1028,74807,1147,62781,1338,137588,California
San Joaquin,2021-03-15,6182,205666,3526,99707,2248,103521,408,2438,3188,75471,2947,65728,3611,141199,California
San Joaquin,2021-03-16,7041,212707,3947,103654,2838,106359,256,2694,4103,76941,2896,68624,4366,145565,California
San Joaquin,2021-03-17,8041,220748,4748,108402,3222,109581,71,2765,4395,77836,3576,72200,4471,150036,California
San Joaquin,2021-03-18,7816,228564,4552,112954,2756,112337,508,3273,3851,78302,3898,76098,4364,154400,California
San Joaquin,2021-03-19,8126,236690,4703,117657,2878,115215,545,3818,4875,80563,3216,79314,5477,159877,California
San Joaquin,2021-03-20,3722,240412,2153,119810,1326,116541,243,4061,1831,80784,1867,81181,2088,161965,California
San Joaquin,2021-03-21,2140,242552,1516,121326,417,116958,207,4268,1154,81252,963,82144,1431,163396,California
San Joaquin,2021-03-22,4202,246754,2101,123427,1685,118643,416,4684,2475,82455,1692,83836,2895,166291,California
San Joaquin,2021-03-23,5537,252291,2705,126132,2664,121307,168,4852,3814,84756,1688,85524,3989,170280,California
San Joaquin,2021-03-24,7038,259329,4298,130430,2649,123956,91,4943,3099,84080,3872,89396,3196,173476,California
San Joaquin,2021-03-25,5784,265113,3374,133804,2364,126320,46,4989,3421,85231,2319,91715,3470,176946,California
San Joaquin,2021-03-26,6507,271620,2616,136420,3737,130057,154,5143,3346,85669,3084,94799,3522,180468,California
San Joaquin,2021-03-27,4701,276321,2643,139063,1983,132040,75,5218,1807,84696,2864,97663,1891,182359,California
San Joaquin,2021-03-28,2760,279081,1836,140899,899,132939,25,5243,1270,84631,1468,99131,1403,183762,California
San Joaquin,2021-03-29,4193,283274,2203,143102,1966,134905,24,5267,2118,84744,2045,101176,2158,185920,California
San Joaquin,2021-03-30,6448,289722,3200,146302,3155,138060,93,5360,3533,85525,2863,104039,3644,189564,California
San Joaquin,2021-03-31,6874,296596,4205,150507,2608,140668,61,5421,3487,85754,3343,107382,3572,193136,California
San Joaquin,2021-04-01,6681,303277,3027,153534,3561,144229,93,5514,2958,85187,3676,111058,3109,196245,California
San Joaquin,2021-04-02,6562,309839,2903,156437,3160,147389,499,6013,2599,84404,3913,114971,3130,199375,California
San Joaquin,2021-04-03,4229,314068,2408,158845,1496,148885,325,6338,2022,84577,2186,117157,2359,201734,California
San Joaquin,2021-04-04,2304,316372,1375,160220,723,149608,206,6544,1543,85598,748,117905,1769,203503,California
San Joaquin,2021-04-05,4992,321364,2868,163088,1884,151492,240,6784,2719,86332,2232,120137,2966,206469,California
San Joaquin,2021-04-06,7366,328730,4580,167668,2506,153998,280,7064,3454,86233,3844,123981,3745,210214,California
San Joaquin,2021-04-07,8516,337246,4596,172264,2328,156326,1592,8656,3580,86513,4900,128881,5180,215394,California
San Joaquin,2021-04-08,8973,346219,4774,177038,2032,158358,2167,10823,3388,86524,5543,134424,5554,220948,California
San Joaquin,2021-04-09,9167,355386,4415,181453,3182,161540,1570,12393,3358,85693,5771,140195,4940,225888,California
San Joaquin,2021-04-10,5269,360655,1667,183120,1690,163230,1912,14305,1789,85928,3463,143658,3698,229586,California
San Joaquin,2021-04-11,4318,364973,1785,184905,1367,164597,1166,15471,1990,86764,2314,145972,3150,232736,California
San Joaquin,2021-04-12,6232,371205,2522,187427,2156,166753,1554,17025,2449,87020,3750,149722,4006,236742,California
San Joaquin,2021-04-13,7724,378929,4419,191846,3296,170049,9,17034,4691,88731,2996,152718,4707,241449,California
San Joaquin,2021-04-14,7763,386692,3936,195782,3825,173874,2,17036,4661,90332,3073,155791,4674,246123,California
San Joaquin,2021-04-15,8049,394741,4777,200559,3272,177146,0,17036,4434,91210,3564,159355,4442,250565,California
San Joaquin,2021-04-16,7931,402672,4302,204861,3626,180772,3,17039,4764,92859,3131,162486,4780,255345,California
San Joaquin,2021-04-17,5216,407888,2837,207698,2377,183149,2,17041,3693,95063,1508,163994,3712,259057,California
San Joaquin,2021-04-18,2610,410498,1504,209202,1106,184255,0,17041,1384,95246,1207,165201,1390,260447,California
San Joaquin,2021-04-19,5335,415833,2843,212045,2491,186746,1,17042,2779,95518,2519,167720,2791,263238,California
San Joaquin,2021-04-20,6499,422332,3487,215532,3011,189757,1,17043,3051,95167,3413,171133,3062,266300,California
San Joaquin,2021-04-21,6075,428407,3462,218994,2612,192369,1,17044,3098,95361,2913,174046,3107,269407,California
San Joaquin,2021-04-22,5571,433978,3316,222310,2253,194622,2,17046,3141,96129,2392,176438,3160,272567,California
San Joaquin,2021-04-23,6225,440203,3034,225344,3190,197812,1,17047,3893,97727,2303,178741,3901,276468,California
San Joaquin,2021-04-24,5289,445492,3644,228988,1643,199455,2,17049,3435,99348,1825,180566,3446,279914,California
San Joaquin,2021-04-25,3083,448575,2598,231586,485,199940,0,17049,2049,100397,1006,181572,2055,281969,California
San Joaquin,2021-04-26,4244,452819,2740,234326,1500,201440,4,17053,2183,100549,2041,183613,2193,284162,California
San Joaquin,2021-04-27,4839,457658,2770,237096,2007,203447,62,17115,2042,99894,2767,186380,2112,286274,California
San Joaquin,2021-04-28,5877,463535,3523,240619,2274,205721,80,17195,2855,99858,2981,189361,2945,289219,California
San Joaquin,2021-04-29,5193,468728,3054,243673,2082,207803,57,17252,2621,100008,2539,191900,2689,291908,California
San Joaquin,2021-04-30,5255,473983,2596,246269,2592,210395,67,17319,2687,100229,2543,194443,2764,294672,California
San Joaquin,2021-05-01,3386,477369,1933,248202,1394,211789,59,17378,2156,101237,1218,195661,2226,296898,California
San Joaquin,2021-05-02,2312,479681,1610,249812,645,212434,57,17435,1169,101326,1138,196799,1227,298125,California
San Joaquin,2021-05-03,3428,483109,2293,252105,1055,213489,80,17515,1416,100837,1994,198793,1505,299630,California
San Joaquin,2021-05-04,5101,488210,3435,255540,1507,214996,159,17674,1859,99649,3217,202010,2029,301659,California
San Joaquin,2021-05-05,5382,493592,3727,259267,1491,216487,164,17838,2395,99265,2951,204961,2567,304226,California
San Joaquin,2021-05-06,4916,498508,3318,262585,1467,217954,131,17969,2132,98774,2765,207726,2274,306500,California
San Joaquin,2021-05-07,5362,503870,3152,265737,2057,220011,153,18122,2038,97678,3297,211023,2201,308701,California
San Joaquin,2021-05-08,3414,507284,2242,267979,1071,221082,101,18223,1287,96968,2107,213130,1397,310098,California
San Joaquin,2021-05-09,1522,508806,869,268848,583,221665,70,18293,575,96675,944,214074,651,310749,California
San Joaquin,2021-05-10,2954,511760,1565,270413,1263,222928,126,18419,945,95761,1990,216064,1076,311825,California
San Joaquin,2021-05-11,4280,516040,2234,272647,1923,224851,123,18542,1299,94252,2963,219027,1454,313279,California
San Joaquin,2021-05-12,4540,520580,2170,274817,2245,227096,125,18667,1397,92667,3119,222146,1534,314813,California
San Joaquin,2021-05-13,4902,525482,2881,277698,1931,229027,90,18757,1878,91640,3008,225154,1981,316794,California
San Joaquin,2021-05-14,5929,531411,3571,281269,2250,231277,108,18865,2439,90734,3458,228612,2552,319346,California
San Joaquin,2021-05-15,5271,536682,3143,284412,2046,233323,82,18947,1655,88891,3583,232195,1740,321086,California
San Joaquin,2021-05-16,3626,540308,2854,287266,723,234046,49,18996,1471,88279,2140,234335,1528,322614,California
San Joaquin,2021-05-17,4180,544488,2506,289772,1577,235623,97,19093,1795,87815,2366,236701,1902,324516,California
San Joaquin,2021-05-18,4016,548504,2321,292093,1580,237203,115,19208,1863,87663,2133,238834,1981,326497,California
San Joaquin,2021-05-19,4803,553307,2801,294894,1867,239070,135,19343,2027,87090,2745,241579,2172,328669,California
San Joaquin,2021-05-20,4019,557326,2409,297303,1505,240575,105,19448,1733,86671,2260,243839,1841,330510,California
San Joaquin,2021-05-21,5125,562451,3022,300325,1980,242555,123,19571,2308,86327,2784,246623,2440,332950,California
San Joaquin,2021-05-22,4068,566519,2552,302877,1421,243976,95,19666,1814,86008,2239,248862,1920,334870,California
San Joaquin,2021-05-23,2543,569062,2087,304964,412,244388,44,19710,1471,86467,1060,249922,1519,336389,California
San Joaquin,2021-05-24,3108,572170,1825,306789,1190,245578,93,19803,1451,86375,1641,251563,1549,337938,California
San Joaquin,2021-05-25,3142,575312,1955,308744,1039,246617,148,19951,1449,86303,1670,253233,1598,339536,California
San Joaquin,2021-05-26,3939,579251,2429,311173,1435,248052,75,20026,1602,85664,2320,255553,1681,341217,California
San Joaquin,2021-05-27,3149,582400,1716,312889,1347,249399,86,20112,1278,85176,1854,257407,1366,342583,California
San Joaquin,2021-05-28,3155,585555,1692,314581,1371,250770,92,20204,1464,85077,1664,259071,1565,344148,California
San Joaquin,2021-05-29,2156,587711,1192,315773,928,251698,36,20240,919,84804,1232,260303,959,345107,California
San Joaquin,2021-05-30,978,588689,524,316297,428,252126,26,20266,400,84661,572,260875,429,345536,California
San Joaquin,2021-05-31,624,589313,264,316561,353,252479,7,20273,239,84527,380,261255,246,345782,California
San Joaquin,2021-06-01,2480,591793,1497,318058,886,253365,97,20370,1180,84520,1290,262545,1283,347065,California
San Joaquin,2021-06-02,2740,594533,1620,319678,1066,254431,54,20424,1137,84127,1587,264132,1194,348259,California
San Joaquin,2021-06-03,2860,597393,1769,321447,1033,255464,58,20482,1060,83467,1782,265914,1122,349381,California
San Joaquin,2021-06-04,3156,600549,1941,323388,1110,256574,105,20587,1058,82561,2070,267984,1164,350545,California
San Joaquin,2021-06-05,2520,603069,1918,325306,536,257110,66,20653,1149,82500,1280,269264,1219,351764,California
San Joaquin,2021-06-06,1099,604168,883,326189,178,257288,38,20691,426,82310,655,269919,465,352229,California
San Joaquin,2021-06-07,2844,607012,2104,328293,699,257987,41,20732,980,81483,1856,271775,1029,353258,California
San Joaquin,2021-06-08,2780,609792,2106,330399,629,258616,45,20777,874,80516,1889,273664,922,354180,California
San Joaquin,2021-06-09,2884,612676,2014,332413,826,259442,44,20821,993,79682,1872,275536,1038,355218,California
San Joaquin,2021-06-10,2678,615354,1944,334357,665,260107,69,20890,1004,79087,1669,277205,1074,356292,California
San Joaquin,2021-06-11,2976,618330,2058,336415,800,260907,118,21008,977,78193,1990,279195,1096,357388,California
San Joaquin,2021-06-12,1861,620191,1402,337817,429,261336,30,21038,629,77648,1225,280420,680,358068,California
San Joaquin,2021-06-13,1076,621267,825,338642,203,261539,48,21086,497,77620,575,280995,547,358615,California
San Joaquin,2021-06-14,2226,623493,1496,340138,657,262196,73,21159,930,77341,1283,282278,1004,359619,California
San Joaquin,2021-06-15,2254,625747,1506,341644,671,262867,77,21236,877,76935,1363,283641,957,360576,California
San Joaquin,2021-06-16,2799,628546,2031,343675,686,263553,82,21318,908,76048,1876,285517,989,361565,California
San Joaquin,2021-06-17,2628,631174,1870,345545,695,264248,63,21381,895,75286,1720,287237,958,362523,California
San Joaquin,2021-06-18,2811,633985,1856,347401,879,265127,76,21457,1185,74936,1612,288849,1262,363785,California
San Joaquin,2021-06-19,1395,635380,867,348268,268,265395,260,21717,499,74807,889,289738,760,364545,California
San Joaquin,2021-06-20,663,636043,525,348793,112,265507,26,21743,296,74767,361,290099,321,364866,California
San Joaquin,2021-06-21,1628,637671,964,349757,555,266062,109,21852,822,74899,799,290898,931,365797,California
San Joaquin,2021-06-22,1903,639574,1255,351012,577,266639,71,21923,818,74713,1073,291971,887,366684,California
San Joaquin,2021-06-23,1981,641555,1307,352319,597,267236,77,22000,779,74386,1183,293154,856,367540,California
San Joaquin,2021-06-24,1979,643534,1349,353668,535,267771,95,22095,873,74309,1044,294198,967,368507,California
San Joaquin,2021-06-25,1724,645258,1100,354768,545,268316,79,22174,762,74197,954,295152,842,369349,California
San Joaquin,2021-06-26,1075,646333,804,355572,220,268536,51,22225,518,74216,551,295703,570,369919,California
San Joaquin,2021-06-27,569,646902,429,356001,99,268635,41,22266,263,74218,301,296004,303,370222,California
San Joaquin,2021-06-28,1452,648354,1024,357025,359,268994,69,22335,663,74192,758,296762,732,370954,California
San Joaquin,2021-06-29,1437,649791,907,357932,459,269453,71,22406,647,74127,782,297544,717,371671,California
San Joaquin,2021-06-30,1503,651294,1024,358956,408,269861,71,22477,641,73987,855,298399,715,372386,California
San Joaquin,2021-07-01,1580,652874,1093,360049,394,270255,93,22570,688,73884,882,299281,779,373165,California
San Joaquin,2021-07-02,1541,654415,1065,361114,423,270678,53,22623,712,73826,824,300105,766,373931,California
San Joaquin,2021-07-03,701,655116,510,361624,164,270842,27,22650,388,73929,312,300417,415,374346,California
San Joaquin,2021-07-04,135,655251,89,361713,33,270875,13,22663,59,73926,76,300493,73,374419,California
San Joaquin,2021-07-05,806,656057,568,362281,194,271069,44,22707,394,73955,409,300902,438,374857,California
San Joaquin,2021-07-06,1341,657398,883,363164,403,271472,55,22762,575,73837,751,301653,633,375490,California
San Joaquin,2021-07-07,1326,658724,976,364140,285,271757,65,22827,617,73819,703,302356,685,376175,California
San Joaquin,2021-07-08,1347,660071,958,365098,335,272092,54,22881,633,73797,709,303065,687,376862,California
San Joaquin,2021-07-09,1500,661571,1102,366200,342,272434,56,22937,687,73732,810,303875,745,377607,California
San Joaquin,2021-07-10,446,662017,309,366509,123,272557,14,22951,246,73808,197,304072,273,377880,California
San Luis Obispo,2020-12-16,4,4,4,4,0,0,0,0,4,4,0,0,4,4,California
San Luis Obispo,2020-12-17,195,199,195,199,0,0,0,0,195,199,0,0,195,199,California
San Luis Obispo,2020-12-18,223,422,223,422,0,0,0,0,223,422,0,0,223,422,California
San Luis Obispo,2020-12-19,164,586,164,586,0,0,0,0,164,586,0,0,164,586,California
San Luis Obispo,2020-12-20,215,801,215,801,0,0,0,0,215,801,0,0,215,801,California
San Luis Obispo,2020-12-21,551,1352,550,1351,1,1,0,0,551,1352,0,0,551,1352,California
San Luis Obispo,2020-12-22,309,1661,305,1656,4,5,0,0,309,1661,0,0,309,1661,California
San Luis Obispo,2020-12-23,683,2344,369,2025,314,319,0,0,683,2344,0,0,683,2344,California
San Luis Obispo,2020-12-24,194,2538,19,2044,175,494,0,0,194,2538,0,0,194,2538,California
San Luis Obispo,2020-12-25,2,2540,1,2045,1,495,0,0,2,2540,0,0,2,2540,California
San Luis Obispo,2020-12-26,90,2630,13,2058,77,572,0,0,90,2630,0,0,90,2630,California
San Luis Obispo,2020-12-27,76,2706,0,2058,76,648,0,0,76,2706,0,0,76,2706,California
San Luis Obispo,2020-12-28,879,3585,429,2487,450,1098,0,0,879,3585,0,0,879,3585,California
San Luis Obispo,2020-12-29,904,4489,505,2992,399,1497,0,0,904,4489,0,0,904,4489,California
San Luis Obispo,2020-12-30,1172,5661,679,3671,493,1990,0,0,1172,5661,0,0,1172,5661,California
San Luis Obispo,2020-12-31,110,5771,4,3675,106,2096,0,0,110,5771,0,0,110,5771,California
San Luis Obispo,2021-01-01,19,5790,11,3686,8,2104,0,0,19,5790,0,0,19,5790,California
San Luis Obispo,2021-01-02,34,5824,8,3694,26,2130,0,0,34,5824,0,0,34,5824,California
San Luis Obispo,2021-01-03,17,5841,6,3700,11,2141,0,0,17,5841,0,0,17,5841,California
San Luis Obispo,2021-01-04,681,6522,525,4225,156,2297,0,0,681,6522,0,0,681,6522,California
San Luis Obispo,2021-01-05,978,7500,758,4983,220,2517,0,0,975,7494,3,3,975,7497,California
San Luis Obispo,2021-01-06,728,8228,482,5465,246,2763,0,0,720,8207,7,10,720,8217,California
San Luis Obispo,2021-01-07,1121,9349,945,6410,176,2939,0,0,679,8444,442,452,679,8896,California
San Luis Obispo,2021-01-08,885,10234,804,7214,81,3020,0,0,516,8592,368,820,516,9412,California
San Luis Obispo,2021-01-09,205,10439,195,7409,10,3030,0,0,28,8443,177,997,28,9440,California
San Luis Obispo,2021-01-10,12,10451,8,7417,4,3034,0,0,8,8447,4,1001,8,9448,California
San Luis Obispo,2021-01-11,562,11013,511,7928,51,3085,0,0,298,8482,263,1264,298,9746,California
San Luis Obispo,2021-01-12,614,11627,384,8312,230,3315,0,0,321,8522,293,1557,333,10079,California
San Luis Obispo,2021-01-13,891,12518,262,8574,629,3944,0,0,652,8936,238,1795,652,10731,California
San Luis Obispo,2021-01-14,725,13243,237,8811,488,4432,0,0,605,9428,113,1908,605,11336,California
San Luis Obispo,2021-01-15,728,13971,289,9100,439,4871,0,0,552,9806,174,2082,552,11888,California
San Luis Obispo,2021-01-16,109,14080,88,9188,21,4892,0,0,97,9891,12,2094,97,11985,California
San Luis Obispo,2021-01-17,63,14143,56,9244,7,4899,0,0,63,9954,0,2094,63,12048,California
San Luis Obispo,2021-01-18,1373,15516,391,9635,982,5881,0,0,1109,10799,264,2358,1109,13157,California
San Luis Obispo,2021-01-19,1583,17099,418,10053,1165,7046,0,0,1171,11559,412,2770,1172,14329,California
San Luis Obispo,2021-01-20,1900,18999,602,10655,1298,8344,0,0,1307,12276,591,3361,1308,15637,California
San Luis Obispo,2021-01-21,1580,20579,470,11125,1110,9454,0,0,1208,13117,368,3729,1209,16846,California
San Luis Obispo,2021-01-22,1523,22102,509,11634,1014,10468,0,0,1207,14010,314,4043,1207,18053,California
San Luis Obispo,2021-01-23,306,22408,287,11921,19,10487,0,0,290,14284,16,4059,290,18343,California
San Luis Obispo,2021-01-24,439,22847,232,12153,207,10694,0,0,433,14710,7,4066,433,18776,California
San Luis Obispo,2021-01-25,2076,24923,604,12757,1472,12166,0,0,1243,15120,833,4899,1243,20019,California
San Luis Obispo,2021-01-26,2009,26932,711,13468,1298,13464,0,0,1139,15389,870,5769,1139,21158,California
San Luis Obispo,2021-01-27,1608,28540,281,13749,1327,14791,0,0,1148,16077,460,6229,1148,22306,California
San Luis Obispo,2021-01-28,1496,30036,343,14092,1153,15944,0,0,1232,17046,263,6492,1232,23538,California
San Luis Obispo,2021-01-29,1751,31787,693,14785,1058,17002,0,0,1457,18209,294,6786,1457,24995,California
San Luis Obispo,2021-01-30,41,31828,19,14804,22,17024,0,0,29,18227,11,6797,29,25024,California
San Luis Obispo,2021-01-31,235,32063,19,14823,216,17240,0,0,233,18458,2,6799,233,25257,California
San Luis Obispo,2021-02-01,1710,33773,740,15563,970,18210,0,0,1405,19558,305,7104,1405,26662,California
San Luis Obispo,2021-02-02,1908,35681,682,16245,1226,19436,0,0,1528,20707,380,7484,1529,28191,California
San Luis Obispo,2021-02-03,1710,37391,727,16972,983,20419,0,0,1290,21577,420,7904,1290,29481,California
San Luis Obispo,2021-02-04,1661,39052,801,17773,860,21279,0,0,1094,22104,567,8471,1094,30575,California
San Luis Obispo,2021-02-05,1614,40666,719,18492,895,22174,0,0,1068,22626,546,9017,1068,31643,California
San Luis Obispo,2021-02-06,179,40845,108,18600,71,22245,0,0,98,22644,80,9097,98,31741,California
San Luis Obispo,2021-02-07,124,40969,79,18679,45,22290,0,0,72,22665,52,9149,73,31814,California
San Luis Obispo,2021-02-08,866,41835,473,19152,393,22683,0,0,501,22802,364,9513,501,32315,California
San Luis Obispo,2021-02-09,1129,42964,449,19601,680,23363,0,0,547,22780,569,10082,547,32862,California
San Luis Obispo,2021-02-10,1444,44408,493,20094,951,24314,0,0,529,22399,910,10992,529,33391,California
San Luis Obispo,2021-02-11,1334,45742,844,20938,490,24804,0,0,660,22387,672,11664,660,34051,California
San Luis Obispo,2021-02-12,784,46526,361,21299,423,25227,0,0,417,22437,367,12031,417,34468,California
San Luis Obispo,2021-02-13,397,46923,132,21431,265,25492,0,0,287,22615,109,12140,287,34755,California
San Luis Obispo,2021-02-14,323,47246,45,21476,278,25770,0,0,282,22857,41,12181,283,35038,California
San Luis Obispo,2021-02-15,730,47976,139,21615,591,26361,0,0,473,23075,255,12436,473,35511,California
San Luis Obispo,2021-02-16,2989,50965,1198,22813,1791,28152,0,0,1363,22813,1625,14061,1363,36874,California
San Luis Obispo,2021-02-17,2799,53764,1252,24065,1547,29699,0,0,1024,22071,1766,15827,1024,37898,California
San Luis Obispo,2021-02-18,2849,56613,1473,25538,1376,31075,0,0,1138,21508,1702,17529,1139,39037,California
San Luis Obispo,2021-02-19,1474,58087,1352,26890,122,31197,0,0,1141,22318,331,17860,1141,40178,California
San Luis Obispo,2021-02-20,260,58347,89,26979,171,31368,0,0,220,22498,40,17900,220,40398,California
San Luis Obispo,2021-02-21,58,58405,54,27033,4,31372,0,0,32,22504,26,17926,32,40430,California
San Luis Obispo,2021-02-22,2433,60838,1881,28914,552,31924,0,0,1472,23018,959,18885,1473,41903,California
San Luis Obispo,2021-02-23,1871,62709,1755,30669,116,32040,0,0,1365,23880,504,19389,1366,43269,California
San Luis Obispo,2021-02-24,2681,65390,1321,31990,1360,33400,0,0,838,22878,1840,21229,838,44107,California
San Luis Obispo,2021-02-25,2146,67536,1252,33242,894,34294,0,0,1213,23167,925,22154,1214,45321,California
San Luis Obispo,2021-02-26,2663,70199,1154,34396,1509,35803,0,0,1332,23178,1321,23475,1332,46653,California
San Luis Obispo,2021-02-27,591,70790,358,34754,233,36036,0,0,533,23654,57,23532,533,47186,California
San Luis Obispo,2021-02-28,592,71382,67,34821,525,36561,0,0,162,23388,428,23960,162,47348,California
San Luis Obispo,2021-03-01,3016,74398,1882,36703,1132,37693,2,2,2076,24527,940,24900,2079,49427,California
San Luis Obispo,2021-03-02,3071,77469,1920,38623,1151,38844,0,2,1907,25276,1159,26059,1908,51335,California
San Luis Obispo,2021-03-03,2364,79833,349,38972,2015,40859,0,2,858,24635,1500,27559,859,52194,California
San Luis Obispo,2021-03-04,2226,82059,1162,40134,1064,41923,0,2,1193,24801,1030,28589,1196,53390,California
San Luis Obispo,2021-03-05,2309,84368,1022,41156,1216,43139,71,73,1300,25177,995,29584,1371,54761,California
San Luis Obispo,2021-03-06,837,85205,312,41468,418,43557,107,180,615,25671,222,29806,716,55477,California
San Luis Obispo,2021-03-07,230,85435,35,41503,92,43649,103,283,85,25711,144,29950,184,55661,California
San Luis Obispo,2021-03-08,2745,88180,757,42260,1669,45318,319,602,1543,26374,1197,31147,1860,57521,California
San Luis Obispo,2021-03-09,2980,91160,983,43243,1749,47067,248,850,1535,26717,1441,32588,1784,59305,California
San Luis Obispo,2021-03-10,3205,94365,1244,44487,1680,48747,281,1131,1823,27441,1378,33966,2102,61407,California
San Luis Obispo,2021-03-11,3370,97735,1328,45815,1719,50466,323,1454,1814,28037,1542,35508,2138,63545,California
San Luis Obispo,2021-03-12,3239,100974,1259,47074,1642,52108,338,1792,1626,28395,1606,37114,1964,65509,California
San Luis Obispo,2021-03-13,912,101886,263,47337,539,52647,110,1902,542,28675,369,37483,649,66158,California
San Luis Obispo,2021-03-14,513,102399,55,47392,347,52994,111,2013,134,28542,378,37861,245,66403,California
San Luis Obispo,2021-03-15,3077,105476,1108,48500,1869,54863,100,2113,1533,28637,1541,39402,1636,68039,California
San Luis Obispo,2021-03-16,2859,108335,1510,50010,1239,56102,110,2223,1446,28785,1406,40808,1554,69593,California
San Luis Obispo,2021-03-17,3466,111801,1451,51461,1753,57855,262,2485,2011,29616,1441,42249,2272,71865,California
San Luis Obispo,2021-03-18,2854,114655,1453,52914,1187,59042,214,2699,1362,29706,1484,43733,1574,73439,California
San Luis Obispo,2021-03-19,2608,117263,1576,54490,709,59751,323,3022,968,29369,1630,45363,1293,74732,California
San Luis Obispo,2021-03-20,841,118104,502,54992,302,60053,37,3059,387,29340,453,45816,424,75156,California
San Luis Obispo,2021-03-21,192,118296,47,55039,141,60194,4,3063,160,29472,31,45847,163,75319,California
San Luis Obispo,2021-03-22,2772,121068,1182,56221,1542,61736,48,3111,1929,30611,838,46685,1977,77296,California
San Luis Obispo,2021-03-23,3376,124444,2247,58468,1099,62835,30,3141,2242,31754,1129,47814,2272,79568,California
San Luis Obispo,2021-03-24,3592,128036,2200,60668,1307,64142,85,3226,2678,33609,907,48721,2762,82330,California
San Luis Obispo,2021-03-25,3735,131771,2344,63012,1379,65521,12,3238,2676,35244,1052,49773,2687,85017,California
San Luis Obispo,2021-03-26,3346,135117,1827,64839,1047,66568,472,3710,1868,36113,1471,51244,2340,87357,California
San Luis Obispo,2021-03-27,1010,136127,511,65350,408,66976,91,3801,453,36103,554,51798,544,87901,California
San Luis Obispo,2021-03-28,620,136747,156,65506,408,67384,56,3857,417,36375,202,52000,474,88375,California
San Luis Obispo,2021-03-29,2643,139390,1327,66833,1183,68567,133,3990,1688,37258,939,52939,1822,90197,California
San Luis Obispo,2021-03-30,3540,142930,1942,68775,1457,70024,141,4131,2343,38552,1189,54128,2483,92680,California
San Luis Obispo,2021-03-31,3904,146834,2487,71262,1268,71292,149,4280,2505,39816,1388,55516,2652,95332,California
San Luis Obispo,2021-04-01,3928,150762,2489,73751,1321,72613,118,4398,2728,41478,1182,56698,2844,98176,California
San Luis Obispo,2021-04-02,1760,152522,690,74441,754,73367,316,4714,955,41945,802,57500,1269,99445,California
San Luis Obispo,2021-04-03,1114,153636,557,74998,430,73797,127,4841,492,41948,616,58116,619,100064,California
San Luis Obispo,2021-04-04,380,154016,134,75132,206,74003,40,4881,232,42072,148,58264,272,100336,California
San Luis Obispo,2021-04-05,3655,157671,1947,77079,1594,75597,114,4995,2042,42618,1609,59873,2155,102491,California
San Luis Obispo,2021-04-06,4181,161852,2211,79290,1646,77243,324,5319,1984,42737,2188,62061,2307,104798,California
San Luis Obispo,2021-04-07,4316,166168,2348,81638,1602,78845,366,5685,2474,43747,1826,63887,2836,107634,California
San Luis Obispo,2021-04-08,4002,170170,2193,83831,1401,80246,408,6093,2132,44427,1860,65747,2540,110174,California
San Luis Obispo,2021-04-09,3691,173861,1757,85588,1173,81419,761,6854,1507,44517,2172,67919,2262,112436,California
San Luis Obispo,2021-04-10,1698,175559,569,86157,459,81878,670,7524,497,44482,1198,69117,1163,113599,California
San Luis Obispo,2021-04-11,316,175875,64,86221,185,82063,67,7591,126,44487,188,69305,193,113792,California
San Luis Obispo,2021-04-12,3451,179326,1729,87950,1559,83622,163,7754,1408,44017,2040,71345,1570,115362,California
San Luis Obispo,2021-04-13,3793,183119,2183,90133,1609,85231,1,7755,2001,44232,1788,73133,2003,117365,California
San Luis Obispo,2021-04-14,3603,186722,2062,92195,1536,86767,5,7760,1756,44164,1828,74961,1760,119125,California
San Luis Obispo,2021-04-15,3819,190541,2489,94684,1329,88096,1,7761,2030,44430,1767,76728,2033,121158,California
San Luis Obispo,2021-04-16,3686,194227,2244,96928,1438,89534,4,7765,1767,44290,1909,78637,1769,122927,California
San Luis Obispo,2021-04-17,1101,195328,437,97365,662,90196,2,7767,712,44616,388,79025,714,123641,California
San Luis Obispo,2021-04-18,328,195656,103,97468,224,90420,1,7768,116,44524,208,79233,116,123757,California
San Luis Obispo,2021-04-19,3218,198874,1359,98827,1821,92241,38,7806,1096,43543,2116,81349,1135,124892,California
San Luis Obispo,2021-04-20,3664,202538,2038,100865,1626,93867,0,7806,1324,42538,2329,83678,1324,126216,California
San Luis Obispo,2021-04-21,4032,206570,1850,102715,2182,96049,0,7806,1624,41778,2387,86065,1627,127843,California
San Luis Obispo,2021-04-22,4632,211202,2080,104795,2552,98601,0,7806,1403,39974,3209,89274,1405,129248,California
San Luis Obispo,2021-04-23,1444,212646,838,105633,602,99203,4,7810,724,39987,716,89990,729,129977,California
San Luis Obispo,2021-04-24,1082,213728,439,106072,624,99827,19,7829,507,39931,582,90572,526,130503,California
San Luis Obispo,2021-04-25,518,214246,163,106235,355,100182,0,7829,115,39648,398,90970,115,130618,California
San Luis Obispo,2021-04-26,1082,215328,394,106629,670,100852,18,7847,398,39391,672,91642,415,131033,California
San Luis Obispo,2021-04-27,3929,219257,1994,108623,1856,102708,79,7926,1522,38593,2398,94040,1600,132633,California
San Luis Obispo,2021-04-28,3823,223080,2112,110735,1639,104347,72,7998,1334,37522,2477,96517,1406,134039,California
San Luis Obispo,2021-04-29,3740,226820,2129,112864,1542,105889,69,8067,1247,36364,2475,98992,1317,135356,California
San Luis Obispo,2021-04-30,3005,229825,1686,114550,1244,107133,75,8142,912,35280,2071,101063,987,136343,California
San Luis Obispo,2021-05-01,480,230305,165,114715,280,107413,35,8177,103,35044,373,101436,137,136480,California
San Luis Obispo,2021-05-02,168,230473,53,114768,95,107508,20,8197,43,34982,125,101561,63,136543,California
San Luis Obispo,2021-05-03,897,231370,285,115053,501,108009,111,8308,224,34645,670,102231,333,136876,California
San Luis Obispo,2021-05-04,2978,234348,1922,116975,984,108993,72,8380,874,33491,2097,104328,943,137819,California
San Luis Obispo,2021-05-05,2861,237209,1878,118853,916,109909,67,8447,672,32057,2173,106501,739,138558,California
San Luis Obispo,2021-05-06,2844,240053,1915,120768,865,110774,64,8511,710,30716,2114,108615,773,139331,California
San Luis Obispo,2021-05-07,2374,242427,1776,122544,530,111304,68,8579,593,29616,1762,110377,662,139993,California
San Luis Obispo,2021-05-08,606,243033,344,122888,238,111542,24,8603,202,29458,384,110761,226,140219,California
San Luis Obispo,2021-05-09,166,243199,42,122930,105,111647,19,8622,45,29402,120,110881,64,140283,California
San Luis Obispo,2021-05-10,735,243934,159,123089,524,112171,52,8674,157,29037,572,111453,207,140490,California
San Luis Obispo,2021-05-11,1219,245153,599,123688,545,112716,75,8749,382,28663,831,112284,457,140947,California
San Luis Obispo,2021-05-12,2515,247668,1614,125302,817,113533,84,8833,691,27632,1805,114089,774,141721,California
San Luis Obispo,2021-05-13,1180,248848,714,126016,404,113937,62,8895,488,27495,686,114775,549,142270,California
San Luis Obispo,2021-05-14,2277,251125,1652,127668,573,114510,52,8947,934,27154,1326,116101,985,143255,California
San Luis Obispo,2021-05-15,992,252117,456,128124,502,115012,34,8981,462,27124,527,116628,497,143752,California
San Luis Obispo,2021-05-16,309,252426,165,128289,138,115150,6,8987,176,27174,132,116760,182,143934,California
San Luis Obispo,2021-05-17,1693,254119,978,129267,655,115805,60,9047,666,26883,1018,117778,727,144661,California
San Luis Obispo,2021-05-18,1908,256027,1162,130429,713,116518,33,9080,722,26459,1180,118958,756,145417,California
San Luis Obispo,2021-05-19,1456,257483,623,131052,770,117288,63,9143,398,25869,1050,120008,460,145877,California
San Luis Obispo,2021-05-20,1146,258629,496,131548,613,117901,37,9180,336,25443,799,120807,373,146250,California
San Luis Obispo,2021-05-21,1109,259738,573,132121,491,118392,45,9225,508,25405,591,121398,553,146803,California
San Luis Obispo,2021-05-22,686,260424,327,132448,336,118728,23,9248,342,25434,336,121734,365,147168,California
San Luis Obispo,2021-05-23,147,260571,68,132516,73,118801,6,9254,51,25396,95,121829,57,147225,California
San Luis Obispo,2021-05-24,568,261139,263,132779,265,119066,40,9294,201,25273,364,122193,241,147466,California
San Luis Obispo,2021-05-25,881,262020,430,133209,423,119489,28,9322,347,25121,526,122719,374,147840,California
San Luis Obispo,2021-05-26,2146,264166,997,134206,1094,120583,55,9377,662,24360,1477,124196,716,148556,California
San Luis Obispo,2021-05-27,1882,266048,670,134876,1180,121763,32,9409,490,23496,1385,125581,521,149077,California
San Luis Obispo,2021-05-28,930,266978,474,135350,429,122192,27,9436,488,23571,440,126021,515,149592,California
San Luis Obispo,2021-05-29,379,267357,153,135503,215,122407,11,9447,208,23621,170,126191,220,149812,California
San Luis Obispo,2021-05-30,89,267446,36,135539,45,122452,8,9455,34,23609,53,126244,41,149853,California
San Luis Obispo,2021-05-31,42,267488,6,135545,23,122475,13,9468,16,23613,24,126268,28,149881,California
San Luis Obispo,2021-06-01,757,268245,325,135870,401,122876,31,9499,271,23433,482,126750,302,150183,California
San Luis Obispo,2021-06-02,640,268885,287,136157,311,123187,42,9541,183,23207,450,127200,224,150407,California
San Luis Obispo,2021-06-03,916,269801,453,136610,431,123618,32,9573,252,22830,661,127861,284,150691,California
San Luis Obispo,2021-06-04,2488,272289,1525,138135,921,124539,42,9615,706,21806,1770,129631,746,151437,California
San Luis Obispo,2021-06-05,668,272957,289,138424,359,124898,20,9635,326,21811,341,129972,346,151783,California
San Luis Obispo,2021-06-06,191,273148,136,138560,46,124944,9,9644,52,21733,139,130111,61,151844,California
San Luis Obispo,2021-06-07,547,273695,357,138917,149,125093,41,9685,154,21538,390,130501,195,152039,California
San Luis Obispo,2021-06-08,811,274506,527,139444,243,125336,41,9726,246,21264,561,131062,287,152326,California
San Luis Obispo,2021-06-09,641,275147,357,139801,253,125589,31,9757,188,21034,449,131511,219,152545,California
San Luis Obispo,2021-06-10,752,275899,360,140161,353,125942,39,9796,219,20761,531,132042,258,152803,California
San Luis Obispo,2021-06-11,939,276838,541,140702,362,126304,36,9832,340,20543,595,132637,377,153180,California
San Luis Obispo,2021-06-12,392,277230,268,140970,121,126425,3,9835,166,20487,225,132862,169,153349,California
San Luis Obispo,2021-06-13,162,277392,93,141063,66,126491,3,9838,44,20417,117,132979,47,153396,California
San Luis Obispo,2021-06-14,455,277847,298,141361,126,126617,31,9869,129,20253,322,133301,158,153554,California
San Luis Obispo,2021-06-15,644,278491,400,141761,206,126823,38,9907,239,20129,400,133701,276,153830,California
San Luis Obispo,2021-06-16,625,279116,365,142126,225,127048,35,9942,180,19905,438,134139,214,154044,California
San Luis Obispo,2021-06-17,597,279713,340,142466,231,127279,26,9968,195,19725,401,134540,221,154265,California
San Luis Obispo,2021-06-18,789,280502,506,142972,237,127516,46,10014,277,19541,508,135048,324,154589,California
San Luis Obispo,2021-06-19,265,280767,150,143122,101,127617,14,10028,100,19492,163,135211,114,154703,California
San Luis Obispo,2021-06-20,110,280877,73,143195,29,127646,8,10036,45,19481,64,135275,53,154756,California
San Luis Obispo,2021-06-21,351,281228,222,143417,102,127748,27,10063,153,19465,196,135471,180,154936,California
San Luis Obispo,2021-06-22,621,281849,363,143780,226,127974,32,10095,277,19432,342,135813,309,155245,California
San Luis Obispo,2021-06-23,496,282345,273,144053,203,128177,20,10115,238,19433,257,136070,258,155503,California
San Luis Obispo,2021-06-24,468,282813,262,144315,180,128357,26,10141,204,19403,260,136330,230,155733,California
San Luis Obispo,2021-06-25,527,283340,212,144527,293,128650,22,10163,209,19320,312,136642,229,155962,California
San Luis Obispo,2021-06-26,272,283612,147,144674,107,128757,18,10181,119,19303,153,136795,136,156098,California
San Luis Obispo,2021-06-27,146,283758,95,144769,47,128804,4,10185,76,19314,69,136864,80,156178,California
San Luis Obispo,2021-06-28,342,284100,245,145014,81,128885,16,10201,131,19252,208,137072,146,156324,California
San Luis Obispo,2021-06-29,482,284582,315,145329,151,129036,16,10217,203,19197,274,137346,219,156543,California
San Luis Obispo,2021-06-30,440,285022,244,145573,158,129194,38,10255,161,19118,277,137623,198,156741,California
San Luis Obispo,2021-07-01,465,285487,309,145882,141,129335,15,10270,207,19085,255,137878,222,156963,California
San Luis Obispo,2021-07-02,431,285918,206,146088,204,129539,21,10291,173,19025,254,138132,194,157157,California
San Luis Obispo,2021-07-03,422,286340,178,146266,238,129777,6,10297,120,18852,300,138432,127,157284,California
San Luis Obispo,2021-07-04,28,286368,16,146282,11,129788,1,10298,11,18847,17,138449,12,157296,California
San Luis Obispo,2021-07-05,168,286536,92,146374,65,129853,11,10309,80,18852,84,138533,89,157385,California
San Luis Obispo,2021-07-06,472,287008,296,146670,143,129996,33,10342,191,18797,279,138812,224,157609,California
San Luis Obispo,2021-07-07,381,287389,208,146878,122,130118,51,10393,151,18769,227,139039,199,157808,California
San Luis Obispo,2021-07-08,393,287782,239,147117,144,130262,10,10403,180,18748,211,139250,190,157998,California
San Luis Obispo,2021-07-09,384,288166,162,147279,204,130466,18,10421,159,18704,221,139471,177,158175,California
San Luis Obispo,2021-07-10,96,288262,67,147346,28,130494,1,10422,43,18696,52,139523,44,158219,California
San Mateo,2020-12-15,27,27,27,27,0,0,0,0,27,27,0,0,27,27,California
San Mateo,2020-12-16,113,140,113,140,0,0,0,0,113,140,0,0,113,140,California
San Mateo,2020-12-17,172,312,172,312,0,0,0,0,172,312,0,0,172,312,California
San Mateo,2020-12-18,777,1089,775,1087,2,2,0,0,777,1089,0,0,777,1089,California
San Mateo,2020-12-19,517,1606,517,1604,0,2,0,0,517,1606,0,0,517,1606,California
San Mateo,2020-12-20,504,2110,503,2107,1,3,0,0,504,2110,0,0,504,2110,California
San Mateo,2020-12-21,1146,3256,1145,3252,1,4,0,0,1146,3256,0,0,1146,3256,California
San Mateo,2020-12-22,1528,4784,1520,4772,8,12,0,0,1527,4782,1,1,1527,4783,California
San Mateo,2020-12-23,1569,6353,1379,6151,190,202,0,0,1569,6351,0,1,1569,6352,California
San Mateo,2020-12-24,871,7224,613,6764,258,460,0,0,871,7222,0,1,871,7223,California
San Mateo,2020-12-25,113,7337,109,6873,4,464,0,0,113,7335,0,1,113,7336,California
San Mateo,2020-12-26,557,7894,416,7289,141,605,0,0,557,7892,0,1,557,7893,California
San Mateo,2020-12-27,302,8196,172,7461,130,735,0,0,302,8194,0,1,302,8195,California
San Mateo,2020-12-28,1060,9256,710,8171,350,1085,0,0,1060,9254,0,1,1060,9255,California
San Mateo,2020-12-29,1138,10394,715,8886,423,1508,0,0,1138,10392,0,1,1138,10393,California
San Mateo,2020-12-30,1269,11663,764,9650,505,2013,0,0,1269,11661,0,1,1269,11662,California
San Mateo,2020-12-31,707,12370,228,9878,479,2492,0,0,706,12366,1,2,706,12368,California
San Mateo,2021-01-01,111,12481,75,9953,36,2528,0,0,111,12477,0,2,111,12479,California
San Mateo,2021-01-02,398,12879,272,10225,126,2654,0,0,398,12875,0,2,398,12877,California
San Mateo,2021-01-03,285,13164,209,10434,76,2730,0,0,282,13154,3,5,282,13159,California
San Mateo,2021-01-04,1053,14217,679,11113,374,3104,0,0,1053,14207,0,5,1053,14212,California
San Mateo,2021-01-05,1213,15430,712,11825,501,3605,0,0,1181,15357,32,37,1182,15394,California
San Mateo,2021-01-06,1461,16891,960,12785,501,4106,0,0,1266,16432,192,229,1267,16661,California
San Mateo,2021-01-07,1465,18356,818,13603,647,4753,0,0,1155,17284,303,532,1155,17816,California
San Mateo,2021-01-08,1854,20210,1201,14804,653,5406,0,0,1139,17715,708,1240,1139,18955,California
San Mateo,2021-01-09,1177,21387,779,15583,398,5804,0,0,715,17968,462,1702,715,19670,California
San Mateo,2021-01-10,711,22098,581,16164,130,5934,0,0,269,17795,442,2144,269,19939,California
San Mateo,2021-01-11,2619,24717,1511,17675,1108,7042,0,0,1540,18258,1079,3223,1542,21481,California
San Mateo,2021-01-12,3465,28182,1945,19620,1520,8562,0,0,2235,19276,1221,4444,2239,23720,California
San Mateo,2021-01-13,3422,31604,1675,21295,1747,10309,0,0,2369,20594,1053,5497,2371,26091,California
San Mateo,2021-01-14,3807,35411,1611,22906,2196,12505,0,0,3108,23008,699,6196,3113,29204,California
San Mateo,2021-01-15,4361,39772,1742,24648,2619,15124,0,0,3810,26271,549,6745,3812,33016,California
San Mateo,2021-01-16,3087,42859,769,25417,2318,17442,0,0,2756,28699,329,7074,2757,35773,California
San Mateo,2021-01-17,1314,44173,306,25723,1008,18450,0,0,1109,29603,205,7279,1109,36882,California
San Mateo,2021-01-18,1370,45543,542,26265,828,19278,0,0,990,30216,377,7656,990,37872,California
San Mateo,2021-01-19,2806,48349,1796,28061,1010,20288,0,0,2002,31417,801,8457,2002,39874,California
San Mateo,2021-01-20,2988,51337,1728,29789,1260,21548,0,0,2136,32705,849,9306,2137,42011,California
San Mateo,2021-01-21,2935,54272,1357,31146,1578,23126,0,0,2334,34444,598,9904,2337,44348,California
San Mateo,2021-01-22,2836,57108,1146,32292,1690,24816,0,0,2530,36673,302,10206,2531,46879,California
San Mateo,2021-01-23,2888,59996,1680,33972,1208,26024,0,0,2526,38838,362,10568,2527,49406,California
San Mateo,2021-01-24,1516,61512,373,34345,1143,27167,0,0,1205,39734,310,10878,1206,50612,California
San Mateo,2021-01-25,4424,65936,3145,37490,1279,28446,0,0,3518,42354,902,11780,3522,54134,California
San Mateo,2021-01-26,4350,70286,3004,40494,1346,29792,0,0,3415,44837,933,12713,3416,57550,California
San Mateo,2021-01-27,2828,73114,1474,41968,1354,31146,0,0,1816,45647,1007,13720,1817,59367,California
San Mateo,2021-01-28,2827,75941,1376,43344,1451,32597,0,0,1973,46782,838,14558,1973,61340,California
San Mateo,2021-01-29,3015,78956,1353,44697,1662,34259,0,0,2165,48101,848,15406,2167,63507,California
San Mateo,2021-01-30,3424,82380,1491,46188,1933,36192,0,0,2958,50595,465,15871,2959,66466,California
San Mateo,2021-01-31,1695,84075,899,47087,796,36988,0,0,1532,51966,161,16032,1532,67998,California
San Mateo,2021-02-01,2967,87042,1369,48456,1598,38586,0,0,2233,53471,729,16761,2234,70232,California
San Mateo,2021-02-02,3257,90299,1751,50207,1506,40092,0,0,2209,54635,1045,17806,2209,72441,California
San Mateo,2021-02-03,5026,95325,2064,52271,2962,43054,0,0,3873,57359,1150,18956,3874,76315,California
San Mateo,2021-02-04,6244,101569,2501,54772,3743,46797,0,0,4957,61040,1280,20236,4961,81276,California
San Mateo,2021-02-05,6846,108415,2558,57330,4288,51085,0,0,5003,64218,1825,22061,5003,86279,California
San Mateo,2021-02-06,3291,111706,1915,59245,1376,52461,0,0,2630,66194,656,22717,2632,88911,California
San Mateo,2021-02-07,1912,113618,1353,60598,559,53020,0,0,1717,67718,193,22910,1717,90628,California
San Mateo,2021-02-08,5312,118930,2268,62866,3044,56064,0,0,3133,68737,2114,25024,3133,93761,California
San Mateo,2021-02-09,6190,125120,3205,66071,2985,59049,0,0,3323,69202,2858,27882,3323,97084,California
San Mateo,2021-02-10,6554,131674,3289,69360,3265,62314,0,0,3280,69227,3255,31137,3280,100364,California
San Mateo,2021-02-11,7103,138777,3596,72956,3507,65821,0,0,3775,69683,3321,34458,3777,104141,California
San Mateo,2021-02-12,6687,145464,2997,75953,3690,69511,0,0,4723,72449,1959,36417,4725,108866,California
San Mateo,2021-02-13,6225,151689,4117,80070,2108,71619,0,0,2644,71518,3575,39992,2644,111510,California
San Mateo,2021-02-14,4748,156437,3117,83187,1631,73250,0,0,1986,70751,2754,42746,1987,113497,California
San Mateo,2021-02-15,3186,159623,1458,84645,1728,74978,0,0,1797,71169,1380,44126,1798,115295,California
San Mateo,2021-02-16,7197,166820,1904,86549,5293,80271,0,0,5303,74582,1892,46018,5305,120600,California
San Mateo,2021-02-17,7125,173945,1986,88535,5139,85410,0,0,5055,77574,2064,48082,5056,125656,California
San Mateo,2021-02-18,6837,180782,4728,93263,2109,87519,0,0,4548,79841,2284,50366,4551,130207,California
San Mateo,2021-02-19,7907,188689,5655,98918,2252,89771,0,0,5853,83649,2045,52411,5853,136060,California
San Mateo,2021-02-20,3836,192525,2477,101395,1359,91130,0,0,2353,84528,1475,53886,2354,138414,California
San Mateo,2021-02-21,2701,195226,1826,103221,875,92005,0,0,1601,85037,1093,54979,1602,140016,California
San Mateo,2021-02-22,4640,199866,3370,106591,1270,93275,0,0,2904,86214,1728,56707,2905,142921,California
San Mateo,2021-02-23,4500,204366,3214,109805,1286,94561,0,0,2607,86940,1881,58588,2607,145528,California
San Mateo,2021-02-24,7565,211931,3409,113214,4156,98717,0,0,4991,89371,2561,61149,4992,150520,California
San Mateo,2021-02-25,9593,221524,4270,117484,5323,104040,0,0,6281,92360,3293,64442,6282,156802,California
San Mateo,2021-02-26,10221,231745,3942,121426,6279,110319,0,0,7071,96300,3133,67575,7073,163875,California
San Mateo,2021-02-27,6968,238713,3605,125031,3362,113681,1,1,3785,96921,3171,70746,3792,167667,California
San Mateo,2021-02-28,4468,243181,2757,127788,1711,115392,0,1,2684,97833,1773,72519,2685,170352,California
San Mateo,2021-03-01,6055,249236,3814,131602,2237,117629,4,5,2993,97785,3047,75566,2999,173351,California
San Mateo,2021-03-02,6295,255531,4466,136068,1828,119457,1,6,3623,98748,2662,78228,3625,176976,California
San Mateo,2021-03-03,8573,264104,4041,140109,4530,123987,2,8,3716,97625,4841,83069,3718,180694,California
San Mateo,2021-03-04,8602,272706,4027,144136,4571,128558,4,12,3884,96820,4695,87764,3890,184584,California
San Mateo,2021-03-05,9405,282111,6268,150404,3133,131691,4,16,6584,100612,2799,90563,6591,191175,California
San Mateo,2021-03-06,8011,290122,5565,155969,2267,133958,179,195,5871,104533,2127,92690,6048,197223,California
San Mateo,2021-03-07,3735,293857,2456,158425,1132,135090,147,342,2163,105277,1568,94258,2312,199535,California
San Mateo,2021-03-08,4570,298427,2575,161000,1758,136848,237,579,3329,107606,1234,95492,3563,203098,California
San Mateo,2021-03-09,5373,303800,2876,163876,2214,139062,283,862,3737,109996,1623,97115,4013,207111,California
San Mateo,2021-03-10,7273,311073,2941,166817,4043,143105,289,1151,4845,112712,2413,99528,5129,212240,California
San Mateo,2021-03-11,9199,320272,5767,172584,3038,146143,394,1545,3662,111261,5503,105031,4052,216292,California
San Mateo,2021-03-12,10652,330924,6707,179291,3559,149702,386,1931,3587,108190,7041,112072,3970,220262,California
San Mateo,2021-03-13,8267,339191,3536,182827,3095,152797,1636,3567,4003,109563,4247,116319,5620,225882,California
San Mateo,2021-03-14,5031,344222,3398,186225,1526,154323,107,3674,2662,109970,2361,118680,2768,228650,California
San Mateo,2021-03-15,7241,351463,4673,190898,2390,156713,178,3852,3765,110446,3467,122147,3943,232593,California
San Mateo,2021-03-16,12014,363477,4425,195323,7464,164177,125,3977,4823,108227,7170,129317,4951,237544,California
San Mateo,2021-03-17,10995,374472,4485,199808,6363,170540,147,4124,4961,107333,6002,135319,5108,242652,California
San Mateo,2021-03-18,7430,381902,4168,203976,3073,173613,189,4313,4398,108895,3023,138342,4585,247237,California
San Mateo,2021-03-19,7597,389499,4904,208880,2019,175632,674,4987,3632,109247,3953,142295,4305,251542,California
San Mateo,2021-03-20,8423,397922,6554,215434,1531,177163,338,5325,5353,111883,3054,145349,5690,257232,California
San Mateo,2021-03-21,4289,402211,3251,218685,805,177968,233,5558,2294,112422,1984,147333,2523,259755,California
San Mateo,2021-03-22,5388,407599,3670,222355,1294,179262,424,5982,2828,113129,2543,149876,3250,263005,California
San Mateo,2021-03-23,9951,417550,4582,226937,5171,184433,198,6180,4442,112292,5477,155353,4640,267645,California
San Mateo,2021-03-24,9600,427150,5551,232488,3901,188334,148,6328,4040,110994,5482,160835,4184,271829,California
San Mateo,2021-03-25,10196,437346,5013,237501,4913,193247,270,6598,4378,109934,5710,166545,4650,276479,California
San Mateo,2021-03-26,11355,448701,7800,245301,3387,196634,168,6766,4315,107423,6994,173539,4483,280962,California
San Mateo,2021-03-27,10590,459291,8105,253406,2376,199010,109,6875,4654,106266,5916,179455,4759,285721,California
San Mateo,2021-03-28,4308,463599,2785,256191,1410,200420,113,6988,1994,106074,2303,181758,2111,287832,California
San Mateo,2021-03-29,6109,469708,3792,259983,2063,202483,254,7242,2736,105710,3353,185111,2989,290821,California
San Mateo,2021-03-30,7231,476939,4111,264094,2966,205449,154,7396,3889,106426,3326,188437,4042,294863,California
San Mateo,2021-03-31,7379,484318,4654,268748,2579,208028,146,7542,3871,106954,3489,191926,4017,298880,California
San Mateo,2021-04-01,10718,495036,5290,274038,4206,212234,1222,8764,5744,108986,4920,196846,6952,305832,California
San Mateo,2021-04-02,10983,506019,5251,279289,4131,216365,1601,10365,5780,111170,5179,202025,7363,313195,California
San Mateo,2021-04-03,10042,516061,5788,285077,2474,218839,1780,12145,5119,113148,4912,206937,6890,320085,California
San Mateo,2021-04-04,5472,521533,2641,287718,1572,220411,1259,13404,1707,112358,3750,210687,2960,323045,California
San Mateo,2021-04-05,9086,530619,4829,292547,2509,222920,1748,15152,3888,112800,5178,215865,5620,328665,California
San Mateo,2021-04-06,13282,543901,8294,300841,3129,226049,1859,17011,7571,116531,5696,221561,9427,338092,California
San Mateo,2021-04-07,11543,555444,5356,306197,4486,230535,1701,18712,4906,116504,6615,228176,6588,344680,California
San Mateo,2021-04-08,10273,565717,5114,311311,2540,233075,2619,21331,4550,117948,5703,233879,7147,351827,California
San Mateo,2021-04-09,11463,577180,5584,316895,3380,236455,2499,23830,5144,119262,6314,240193,7628,359455,California
San Mateo,2021-04-10,11333,588513,5755,322650,4128,240583,1450,25280,4696,118787,6604,246797,6129,365584,California
San Mateo,2021-04-11,6662,595175,3309,325959,881,241464,2472,27752,2325,119241,4330,251127,4784,370368,California
San Mateo,2021-04-12,7434,602609,4532,330491,1928,243392,974,28726,3580,119956,3832,254959,4547,374915,California
San Mateo,2021-04-13,8308,610917,5167,335658,3130,246522,11,28737,4385,120446,3908,258867,4398,379313,California
San Mateo,2021-04-14,8441,619358,5445,341103,2995,249517,1,28738,4305,120642,4118,262985,4314,383627,California
San Mateo,2021-04-15,11300,630658,7495,348598,3803,253320,2,28740,7355,124086,3915,266900,7359,390986,California
San Mateo,2021-04-16,10161,640819,6973,355571,3171,256491,17,28757,6412,126798,3723,270623,6435,397421,California
San Mateo,2021-04-17,9865,650684,6568,362139,3295,259786,2,28759,6232,129418,3621,274244,6241,403662,California
San Mateo,2021-04-18,5736,656420,2870,365009,2866,262652,0,28759,3848,131399,1873,276117,3854,407516,California
San Mateo,2021-04-19,8538,664958,5547,370556,2991,265643,0,28759,5542,133974,2980,279097,5555,413071,California
San Mateo,2021-04-20,10868,675826,6221,376777,4646,270289,1,28760,6950,137044,3893,282990,6963,420034,California
San Mateo,2021-04-21,9917,685743,6888,383665,3027,273316,2,28762,6142,139443,3751,286741,6150,426184,California
San Mateo,2021-04-22,10197,695940,6928,390593,3267,276583,2,28764,5694,140676,4467,291208,5700,431884,California
San Mateo,2021-04-23,10011,705951,6713,397306,3298,279881,0,28764,5615,141944,4365,295573,5633,437517,California
San Mateo,2021-04-24,11308,717259,8065,405371,3243,283124,0,28764,5822,142315,5461,301034,5832,443349,California
San Mateo,2021-04-25,5573,722832,3888,409259,1683,284807,2,28766,3954,144680,1603,302637,3968,447317,California
San Mateo,2021-04-26,6923,729755,5027,414286,1888,286695,8,28774,4003,145796,2906,305543,4022,451339,California
San Mateo,2021-04-27,11617,741372,8202,422488,3260,289955,155,28929,4758,143896,6824,312367,4924,456263,California
San Mateo,2021-04-28,8217,749589,4783,427271,3228,293183,206,29135,4384,144678,3815,316182,4597,460860,California
San Mateo,2021-04-29,8451,758040,4074,431345,4205,297388,172,29307,3835,144116,4585,320767,4023,464883,California
San Mateo,2021-04-30,8481,766521,5370,436715,2952,300340,159,29466,3633,143108,4819,325586,3811,468694,California
San Mateo,2021-05-01,6236,772757,4165,440880,1953,302293,118,29584,2695,142414,3520,329106,2826,471520,California
San Mateo,2021-05-02,3199,775956,1754,442634,1374,303667,71,29655,1156,141614,2032,331138,1232,472752,California
San Mateo,2021-05-03,6091,782047,4537,447171,1408,305075,146,29801,1848,139377,4232,335370,1995,474747,California
San Mateo,2021-05-04,7682,789729,5311,452482,2199,307274,172,29973,2549,136999,5118,340488,2740,477487,California
San Mateo,2021-05-05,7185,796914,4772,457254,2251,309525,162,30135,2450,134907,4704,345192,2612,480099,California
San Mateo,2021-05-06,8939,805853,7046,464300,1717,311242,176,30311,1792,129755,7125,352317,1973,482072,California
San Mateo,2021-05-07,8423,814276,6071,470371,2068,313310,284,30595,1866,125388,6531,358848,2164,484236,California
San Mateo,2021-05-08,7021,821297,4384,474755,2396,315706,241,30836,1926,122478,5081,363929,2171,486407,California
San Mateo,2021-05-09,3153,824450,2458,477213,621,316327,74,30910,943,121297,2199,366128,1018,487425,California
San Mateo,2021-05-10,4808,829258,3499,480712,1139,317466,170,31080,736,118150,4062,370190,915,488340,California
San Mateo,2021-05-11,7269,836527,5555,486267,1586,319052,128,31208,1717,114467,5531,375721,1848,490188,California
San Mateo,2021-05-12,7070,843597,5145,491412,1709,320761,216,31424,1425,110480,5630,381351,1643,491831,California
San Mateo,2021-05-13,9756,853353,7344,498756,2315,323076,97,31521,3413,107695,6309,387660,3524,495355,California
San Mateo,2021-05-14,8577,861930,6357,505113,2104,325180,116,31637,2582,104424,5975,393635,2704,498059,California
San Mateo,2021-05-15,10649,872579,8345,513458,2202,327382,102,31739,4713,103341,5919,399554,4836,502895,California
San Mateo,2021-05-16,7296,879875,5213,518671,2012,329394,71,31810,2283,100703,4992,404546,2354,505249,California
San Mateo,2021-05-17,7207,887082,5125,523796,1973,331367,109,31919,2125,97876,5065,409611,2238,507487,California
San Mateo,2021-05-18,8562,895644,5925,529721,2539,333906,98,32017,3063,95667,5376,414987,3167,510654,California
San Mateo,2021-05-19,7934,903578,5921,535642,1892,335798,121,32138,3556,95017,4330,419317,3680,514334,California
San Mateo,2021-05-20,5785,909363,3608,539250,2043,337841,134,32272,2182,93759,3577,422894,2319,516653,California
San Mateo,2021-05-21,7021,916384,4773,544023,2103,339944,145,32417,1867,90638,5133,428027,2012,518665,California
San Mateo,2021-05-22,6371,922755,4337,548360,1967,341911,67,32484,2645,89645,3707,431734,2714,521379,California
San Mateo,2021-05-23,3116,925871,1773,550133,1254,343165,89,32573,1193,89017,1910,433644,1282,522661,California
San Mateo,2021-05-24,3676,929547,2452,552585,1075,344240,149,32722,1224,87959,2429,436073,1371,524032,California
San Mateo,2021-05-25,4792,934339,3018,555603,1594,345834,180,32902,1576,86525,3193,439266,1759,525791,California
San Mateo,2021-05-26,5727,940066,3080,558683,2528,348362,119,33021,1784,84508,3920,443186,1903,527694,California
San Mateo,2021-05-27,3784,943850,2207,560890,1477,349839,100,33121,1199,83247,2556,445742,1295,528989,California
San Mateo,2021-05-28,3508,947358,2194,563084,1229,351068,85,33206,1297,82457,2171,447913,1381,530370,California
San Mateo,2021-05-29,3239,950597,2286,565370,901,351969,52,33258,1238,81775,1971,449884,1289,531659,California
San Mateo,2021-05-30,1645,952242,1112,566482,472,352441,61,33319,646,81494,988,450872,707,532366,California
San Mateo,2021-05-31,439,952681,276,566758,155,352596,8,33327,161,81388,275,451147,169,532535,California
San Mateo,2021-06-01,3342,956023,1974,568732,1273,353869,95,33422,958,80069,2371,453518,1052,533587,California
San Mateo,2021-06-02,2770,958793,1838,570570,854,354723,78,33500,1056,79503,1698,455216,1132,534719,California
San Mateo,2021-06-03,3819,962612,2997,573567,707,355430,115,33615,823,77456,2981,458197,934,535653,California
San Mateo,2021-06-04,4130,966742,3179,576746,857,356287,94,33709,1116,75660,2993,461190,1197,536850,California
San Mateo,2021-06-05,5157,971899,4504,581250,553,356840,100,33809,953,72540,4173,465363,1053,537903,California
San Mateo,2021-06-06,2531,974430,2085,583335,384,357224,62,33871,481,71052,2027,467390,539,538442,California
San Mateo,2021-06-07,3115,977545,2613,585948,419,357643,83,33954,696,69418,2411,469801,777,539219,California
San Mateo,2021-06-08,4089,981634,3455,589403,528,358171,106,34060,970,67411,3084,472885,1077,540296,California
San Mateo,2021-06-09,4142,985776,3567,592970,505,358676,70,34130,623,64595,3506,476391,690,540986,California
San Mateo,2021-06-10,2968,988744,2404,595374,449,359125,115,34245,749,63256,2203,478594,864,541850,California
San Mateo,2021-06-11,2863,991607,2298,597672,452,359577,113,34358,922,62360,1930,480524,1034,542884,California
San Mateo,2021-06-12,3145,994752,2802,600474,262,359839,81,34439,764,60838,2367,482891,845,543729,California
San Mateo,2021-06-13,1436,996188,1081,601555,292,360131,63,34502,344,60171,1074,483965,407,544136,California
San Mateo,2021-06-14,2443,998631,2110,603665,250,360381,83,34585,698,59240,1712,485677,781,544917,California
San Mateo,2021-06-15,2259,1000890,1791,605456,347,360728,121,34706,672,58463,1569,487246,792,545709,California
San Mateo,2021-06-16,2446,1003336,2028,607484,261,360989,157,34863,702,57617,1701,488947,855,546564,California
San Mateo,2021-06-17,1948,1005284,1611,609095,249,361238,88,34951,684,57177,1212,490159,772,547336,California
San Mateo,2021-06-18,2117,1007401,1774,610869,265,361503,78,35029,612,56378,1485,491644,686,548022,California
San Mateo,2021-06-19,1782,1009183,1561,612430,163,361666,58,35087,589,55902,1121,492765,645,548667,California
San Mateo,2021-06-20,763,1009946,694,613124,58,361724,11,35098,286,55755,444,493209,297,548964,California
San Mateo,2021-06-21,1246,1011192,931,614055,240,361964,75,35173,604,55800,636,493845,681,549645,California
San Mateo,2021-06-22,1590,1012782,1286,615341,208,362172,96,35269,594,55510,979,494824,689,550334,California
San Mateo,2021-06-23,1843,1014625,1563,616904,177,362349,103,35372,615,55032,1196,496020,718,551052,California
San Mateo,2021-06-24,1453,1016078,1079,617983,273,362622,101,35473,525,54747,908,496928,623,551675,California
San Mateo,2021-06-25,1774,1017852,1473,619456,223,362845,78,35551,654,54371,1108,498036,732,552407,California
San Mateo,2021-06-26,1235,1019087,1039,620495,138,362983,58,35609,490,54189,729,498765,547,552954,California
San Mateo,2021-06-27,653,1019740,530,621025,77,363060,46,35655,288,54159,364,499129,334,553288,California
San Mateo,2021-06-28,1249,1020989,1067,622092,106,363166,76,35731,492,53982,744,499873,567,553855,California
San Mateo,2021-06-29,1429,1022418,1150,623242,196,363362,83,35814,487,53615,933,500806,566,554421,California
San Mateo,2021-06-30,1263,1023681,1035,624277,128,363490,100,35914,563,53589,688,501494,662,555083,California
San Mateo,2021-07-01,1210,1024891,1028,625305,123,363613,59,35973,488,53436,700,502194,547,555630,California
San Mateo,2021-07-02,1467,1026358,1222,626527,170,363783,75,36048,557,53169,899,503093,632,556262,California
San Mateo,2021-07-03,1058,1027416,904,627431,112,363895,42,36090,418,53001,626,503719,458,556720,California
San Mateo,2021-07-04,50,1027466,44,627475,0,363895,6,36096,24,53006,25,503744,30,556750,California
San Mateo,2021-07-05,812,1028278,682,628157,103,363998,27,36123,352,52928,454,504198,376,557126,California
San Mateo,2021-07-06,1343,1029621,1112,629269,147,364145,84,36207,545,52767,787,504985,626,557752,California
San Mateo,2021-07-07,1100,1030721,891,630160,132,364277,77,36284,410,52574,680,505665,487,558239,California
San Mateo,2021-07-08,1147,1031868,928,631088,155,364432,64,36348,377,52250,764,506429,440,558679,California
San Mateo,2021-07-09,1129,1032997,902,631990,155,364587,72,36420,517,52234,602,507031,586,559265,California
San Mateo,2021-07-10,550,1033547,438,632428,73,364660,39,36459,199,52125,346,507377,237,559502,California
Santa Barbara,2020-12-15,2,2,2,2,0,0,0,0,2,2,0,0,2,2,California
Santa Barbara,2020-12-16,2,4,2,4,0,0,0,0,2,4,0,0,2,4,California
Santa Barbara,2020-12-17,56,60,56,60,0,0,0,0,56,60,0,0,56,60,California
Santa Barbara,2020-12-18,384,444,383,443,1,1,0,0,384,444,0,0,384,444,California
Santa Barbara,2020-12-19,326,770,326,769,0,1,0,0,326,770,0,0,326,770,California
Santa Barbara,2020-12-20,235,1005,235,1004,0,1,0,0,235,1005,0,0,235,1005,California
Santa Barbara,2020-12-21,657,1662,655,1659,2,3,0,0,657,1662,0,0,657,1662,California
Santa Barbara,2020-12-22,246,1908,244,1903,2,5,0,0,246,1908,0,0,246,1908,California
Santa Barbara,2020-12-23,326,2234,208,2111,118,123,0,0,326,2234,0,0,326,2234,California
Santa Barbara,2020-12-24,88,2322,40,2151,48,171,0,0,88,2322,0,0,88,2322,California
Santa Barbara,2020-12-26,325,2647,66,2217,259,430,0,0,325,2647,0,0,325,2647,California
Santa Barbara,2020-12-27,62,2709,1,2218,61,491,0,0,62,2709,0,0,62,2709,California
Santa Barbara,2020-12-28,359,3068,226,2444,133,624,0,0,359,3068,0,0,359,3068,California
Santa Barbara,2020-12-29,562,3630,359,2803,203,827,0,0,562,3630,0,0,562,3630,California
Santa Barbara,2020-12-30,579,4209,396,3199,183,1010,0,0,579,4209,0,0,579,4209,California
Santa Barbara,2020-12-31,242,4451,114,3313,128,1138,0,0,242,4451,0,0,242,4451,California
Santa Barbara,2021-01-01,118,4569,112,3425,6,1144,0,0,118,4569,0,0,118,4569,California
Santa Barbara,2021-01-02,598,5167,232,3657,366,1510,0,0,598,5167,0,0,598,5167,California
Santa Barbara,2021-01-03,23,5190,15,3672,8,1518,0,0,23,5190,0,0,23,5190,California
Santa Barbara,2021-01-04,305,5495,242,3914,63,1581,0,0,304,5494,0,0,304,5494,California
Santa Barbara,2021-01-05,757,6252,382,4296,375,1956,0,0,729,6195,28,28,729,6223,California
Santa Barbara,2021-01-06,659,6911,277,4573,382,2338,0,0,597,6731,61,89,597,6820,California
Santa Barbara,2021-01-07,1032,7943,709,5282,323,2661,0,0,528,6759,500,589,528,7348,California
Santa Barbara,2021-01-08,1208,9151,850,6132,358,3019,0,0,713,6977,495,1084,713,8061,California
Santa Barbara,2021-01-09,562,9713,293,6425,269,3288,0,0,316,7047,246,1330,316,8377,California
Santa Barbara,2021-01-10,64,9777,51,6476,13,3301,0,0,47,7077,17,1347,47,8424,California
Santa Barbara,2021-01-11,850,10627,680,7156,170,3471,0,0,620,7468,229,1576,620,9044,California
Santa Barbara,2021-01-12,1442,12069,646,7802,796,4267,0,0,1282,8590,160,1736,1282,10326,California
Santa Barbara,2021-01-13,1223,13292,270,8072,953,5220,0,0,1096,9559,127,1863,1096,11422,California
Santa Barbara,2021-01-14,1261,14553,140,8212,1121,6341,0,0,1205,10710,55,1918,1206,12628,California
Santa Barbara,2021-01-15,1805,16358,419,8631,1386,7727,0,0,1722,12351,81,1999,1722,14350,California
Santa Barbara,2021-01-16,1278,17636,203,8834,1075,8802,0,0,1238,13550,39,2038,1238,15588,California
Santa Barbara,2021-01-17,126,17762,23,8857,103,8905,0,0,123,13670,3,2041,123,15711,California
Santa Barbara,2021-01-18,1150,18912,419,9276,731,9636,0,0,964,14448,186,2227,964,16675,California
Santa Barbara,2021-01-19,1653,20565,569,9845,1084,10720,0,0,1372,15542,278,2505,1372,18047,California
Santa Barbara,2021-01-20,2225,22790,656,10501,1569,12289,0,0,1803,16924,421,2926,1803,19850,California
Santa Barbara,2021-01-21,3200,25990,1919,12420,1281,13570,0,0,3037,19801,162,3088,3039,22889,California
Santa Barbara,2021-01-22,2951,28941,1794,14214,1157,14727,0,0,2779,22412,169,3257,2780,25669,California
Santa Barbara,2021-01-23,1740,30681,1107,15321,633,15360,0,0,1225,23123,514,3771,1225,26894,California
Santa Barbara,2021-01-24,845,31526,748,16069,97,15457,0,0,834,23947,10,3781,834,27728,California
Santa Barbara,2021-01-25,1241,32767,493,16562,748,16205,0,0,1005,24716,236,4017,1005,28733,California
Santa Barbara,2021-01-26,2050,34817,466,17028,1584,17789,0,0,1665,25998,383,4400,1665,30398,California
Santa Barbara,2021-01-27,1171,35988,398,17426,773,18562,0,0,908,26646,262,4662,910,31308,California
Santa Barbara,2021-01-28,902,36890,296,17722,606,19168,0,0,686,27120,212,4874,686,31994,California
Santa Barbara,2021-01-29,1348,38238,528,18250,820,19988,0,0,983,27744,361,5235,985,32979,California
Santa Barbara,2021-01-30,1905,40143,1417,19667,488,20476,0,0,1487,28816,415,5650,1487,34466,California
Santa Barbara,2021-01-31,1453,41596,1212,20879,241,20717,0,0,1414,30191,39,5689,1414,35880,California
Santa Barbara,2021-02-01,949,42545,518,21397,431,21148,0,0,550,30342,399,6088,550,36430,California
Santa Barbara,2021-02-02,1814,44359,683,22080,1131,22279,0,0,1047,30624,765,6853,1047,37477,California
Santa Barbara,2021-02-03,1964,46323,1080,23160,884,23163,0,0,1512,31695,441,7294,1512,38989,California
Santa Barbara,2021-02-04,2803,49126,1875,25035,928,24091,0,0,2503,33904,294,7588,2503,41492,California
Santa Barbara,2021-02-05,2927,52053,2077,27112,850,24941,0,0,2278,35536,646,8234,2278,43770,California
Santa Barbara,2021-02-06,1210,53263,341,27453,869,25810,0,0,799,35924,411,8645,799,44569,California
Santa Barbara,2021-02-07,311,53574,268,27721,43,25853,0,0,272,36159,37,8682,272,44841,California
Santa Barbara,2021-02-08,955,54529,309,28030,646,26499,0,0,665,36534,290,8972,665,45506,California
Santa Barbara,2021-02-09,2452,56981,316,28346,2136,28635,0,0,1123,36339,1318,10290,1123,46629,California
Santa Barbara,2021-02-10,2778,59759,1501,29847,1277,29912,0,0,745,35066,2019,12309,746,47375,California
Santa Barbara,2021-02-11,4213,63972,2821,32668,1392,31304,0,0,632,32131,3567,15876,632,48007,California
Santa Barbara,2021-02-12,3321,67293,949,33617,2372,33676,0,0,771,30358,2544,18420,771,48778,California
Santa Barbara,2021-02-13,1245,68538,345,33962,900,34576,0,0,564,30243,679,19099,564,49342,California
Santa Barbara,2021-02-14,336,68874,37,33999,299,34875,0,0,289,30486,47,19146,290,49632,California
Santa Barbara,2021-02-15,981,69855,348,34347,633,35508,0,0,496,30501,482,19628,497,50129,California
Santa Barbara,2021-02-16,2132,71987,407,34754,1725,37233,0,0,722,29818,1405,21033,722,50851,California
Santa Barbara,2021-02-17,1454,73441,329,35083,1125,38358,0,0,522,29416,927,21960,525,51376,California
Santa Barbara,2021-02-18,3277,76718,2669,37752,608,38966,0,0,1523,29226,1714,23674,1524,52900,California
Santa Barbara,2021-02-19,3619,80337,2654,40406,965,39931,0,0,2337,30285,1279,24953,2338,55238,California
Santa Barbara,2021-02-20,2329,82666,1524,41930,805,40736,0,0,1753,31473,566,25519,1754,56992,California
Santa Barbara,2021-02-21,145,82811,116,42046,29,40765,0,0,64,31458,79,25598,64,57056,California
Santa Barbara,2021-02-22,984,83795,268,42314,716,41481,0,0,284,31045,697,26295,284,57340,California
Santa Barbara,2021-02-23,3294,87089,1113,43427,2181,43662,0,0,440,28635,2851,29146,441,57781,California
Santa Barbara,2021-02-24,3355,90444,1156,44583,2199,45861,0,0,759,26810,2584,31730,759,58540,California
Santa Barbara,2021-02-25,3591,94035,2011,46594,1580,47441,0,0,1025,25281,2558,34288,1029,59569,California
Santa Barbara,2021-02-26,3720,97755,2200,48794,1520,48961,0,0,2000,25575,1707,35995,2001,61570,California
Santa Barbara,2021-02-27,1549,99304,569,49363,980,49941,0,0,864,25762,681,36676,868,62438,California
Santa Barbara,2021-02-28,1096,100400,223,49586,873,50814,0,0,896,26466,194,36870,898,63336,California
Santa Barbara,2021-03-01,1673,102073,492,50078,1179,51993,2,2,1111,27035,545,37415,1114,64450,California
Santa Barbara,2021-03-02,2677,104750,430,50508,2247,54240,0,2,2167,28707,497,37912,2169,66619,California
Santa Barbara,2021-03-03,4651,109401,2107,52615,2542,56782,2,4,4046,32166,594,38506,4053,70672,California
Santa Barbara,2021-03-04,3443,112844,2289,54904,1154,57936,0,4,2873,34480,561,39067,2875,73547,California
Santa Barbara,2021-03-05,3831,116675,2170,57074,1602,59538,59,63,3100,36915,725,39792,3160,76707,California
Santa Barbara,2021-03-06,2447,119122,733,57807,1494,61032,220,283,1679,38047,763,40555,1895,78602,California
Santa Barbara,2021-03-07,705,119827,125,57932,338,61370,242,525,405,38397,299,40854,649,79251,California
Santa Barbara,2021-03-08,1614,121441,384,58316,869,62239,361,886,804,38758,803,41657,1164,80415,California
Santa Barbara,2021-03-09,2802,124243,346,58662,1683,63922,773,1659,744,38215,2054,43711,1511,81926,California
Santa Barbara,2021-03-10,2772,127015,555,59217,1168,65090,1049,2708,1049,38590,1718,45429,2093,84019,California
Santa Barbara,2021-03-11,5593,132608,3033,62250,1444,66534,1116,3824,2281,38687,3292,48721,3389,87408,California
Santa Barbara,2021-03-12,3710,136318,2112,64362,1163,67697,435,4259,2181,39779,1521,50242,2613,90021,California
Santa Barbara,2021-03-13,3512,139830,1947,66309,1359,69056,206,4465,2701,41880,806,51048,2907,92928,California
Santa Barbara,2021-03-14,824,140654,401,66710,365,69421,58,4523,497,42110,326,51374,556,93484,California
Santa Barbara,2021-03-15,2123,142777,702,67412,1129,70550,292,4815,1273,42831,842,52216,1563,95047,California
Santa Barbara,2021-03-16,3732,146509,1180,68592,2209,72759,343,5158,2732,44912,995,53211,3076,98123,California
Santa Barbara,2021-03-17,3333,149842,984,69576,1944,74703,405,5563,2335,46652,995,54206,2735,100858,California
Santa Barbara,2021-03-18,5274,155116,2803,72379,2268,76971,203,5766,4035,49668,1222,55428,4238,105096,California
Santa Barbara,2021-03-19,4482,159598,2774,75153,1373,78344,335,6101,3058,51641,1419,56847,3392,108488,California
Santa Barbara,2021-03-20,2234,161832,844,75997,1367,79711,23,6124,1368,52172,862,57709,1393,109881,California
Santa Barbara,2021-03-21,1182,163014,385,76382,767,80478,30,6154,851,52727,327,58036,882,110763,California
Santa Barbara,2021-03-22,2794,165808,1924,78306,825,81303,45,6199,2225,54438,559,58595,2270,113033,California
Santa Barbara,2021-03-23,4467,170275,2253,80559,2112,83415,102,6301,3686,57453,771,59366,3786,116819,California
Santa Barbara,2021-03-24,5444,175719,3156,83715,1525,84940,763,7064,2969,58727,2452,61818,3726,120545,California
Santa Barbara,2021-03-25,5569,181288,3270,86985,2100,87040,199,7263,2775,58925,2776,64594,2974,123519,California
Santa Barbara,2021-03-26,5103,186391,3228,90213,1569,88609,306,7569,2216,58579,2868,67462,2522,126041,California
Santa Barbara,2021-03-27,2973,189364,1226,91439,1704,90313,43,7612,1625,58901,1344,68806,1666,127707,California
Santa Barbara,2021-03-28,2794,192158,1660,93099,1106,91419,28,7640,1905,59950,885,69691,1934,129641,California
Santa Barbara,2021-03-29,4048,196206,2085,95184,1891,93310,72,7712,3228,62434,816,70507,3300,132941,California
Santa Barbara,2021-03-30,6799,203005,3512,98696,3136,96446,151,7863,4525,64848,2259,72766,4673,137614,California
Santa Barbara,2021-03-31,8673,211678,5524,104220,3081,99527,68,7931,5017,66299,3634,76400,5085,142699,California
Santa Barbara,2021-04-01,7066,218744,5217,109437,1588,101115,261,8192,4169,67858,2871,79271,4430,147129,California
Santa Barbara,2021-04-02,6655,225399,4560,113997,1500,102615,595,8787,3417,68641,3228,82499,4011,151140,California
Santa Barbara,2021-04-03,3823,229222,2115,116112,1636,104251,72,8859,2522,69938,1294,83793,2591,153731,California
Santa Barbara,2021-04-04,909,230131,449,116561,419,104670,41,8900,499,70070,408,84201,540,154271,California
Santa Barbara,2021-04-05,3496,233627,2302,118863,929,105599,265,9165,2177,71203,1309,85510,2442,156713,California
Santa Barbara,2021-04-06,5506,239133,2842,121705,2111,107710,553,9718,3358,72981,2128,87638,3906,160619,California
Santa Barbara,2021-04-07,6027,245160,3288,124993,2195,109905,544,10262,4084,75673,1933,89571,4625,165244,California
Santa Barbara,2021-04-08,7432,252592,5048,130041,654,110559,1730,11992,3426,76828,3997,93568,5152,170396,California
Santa Barbara,2021-04-09,7344,259936,4887,134928,1095,111654,1362,13354,3304,77458,4029,97597,4659,175055,California
Santa Barbara,2021-04-10,6707,266643,4647,139575,1444,113098,616,13970,4557,80487,2141,99738,5170,180225,California
Santa Barbara,2021-04-11,2681,269324,1962,141537,415,113513,304,14274,1854,81818,821,100559,2152,182377,California
Santa Barbara,2021-04-12,4430,273754,2846,144383,1029,114542,555,14829,1915,81781,2506,103065,2469,184846,California
Santa Barbara,2021-04-13,6386,280140,4190,148573,2190,116732,6,14835,2660,80725,3721,106786,2665,187511,California
Santa Barbara,2021-04-14,6809,286949,4420,152993,2387,119119,2,14837,4243,82416,2555,109341,4246,191757,California
Santa Barbara,2021-04-15,7014,293963,4111,157104,2902,122021,1,14838,3775,82966,3227,112568,3777,195534,California
Santa Barbara,2021-04-16,6431,300394,3774,160878,2646,124667,11,14849,4426,85419,1983,114551,4436,199970,California
Santa Barbara,2021-04-17,5356,305750,3879,164757,1477,126144,0,14849,4095,88268,1246,115797,4095,204065,California
Santa Barbara,2021-04-18,2196,307946,1534,166291,662,126806,0,14849,382,86845,1806,117603,383,204448,California
Santa Barbara,2021-04-19,3282,311228,2263,168554,1013,127819,6,14855,1035,85648,2239,119842,1042,205490,California
Santa Barbara,2021-04-20,5970,317198,3999,172553,1970,129789,1,14856,1687,83068,4267,124109,1687,207177,California
Santa Barbara,2021-04-21,5580,322778,3692,176245,1888,131677,0,14856,1783,81075,3778,127887,1785,208962,California
Santa Barbara,2021-04-22,5146,327924,2598,178843,2547,134224,1,14857,1480,78911,3647,131534,1483,210445,California
Santa Barbara,2021-04-23,5625,333549,3892,182735,1733,135957,0,14857,1988,77277,3622,135156,1988,212433,California
Santa Barbara,2021-04-24,4426,337975,2877,185612,1544,137501,5,14862,1630,76137,2776,137932,1636,214069,California
Santa Barbara,2021-04-25,1848,339823,1184,186796,664,138165,0,14862,499,75297,1339,139271,499,214568,California
Santa Barbara,2021-04-26,3257,343080,1990,188786,1246,139411,21,14883,559,73189,2689,141960,581,215149,California
Santa Barbara,2021-04-27,3994,347074,2198,190984,1694,141105,102,14985,1178,71664,2805,144765,1280,216429,California
Santa Barbara,2021-04-28,4920,351994,2873,193857,1932,143037,115,15100,1398,69676,3505,148270,1517,217946,California
Santa Barbara,2021-04-29,5278,357272,3820,197677,1232,144269,226,15326,1438,67517,3822,152092,1663,219609,California
Santa Barbara,2021-04-30,4973,362245,3717,201394,1092,145361,164,15490,1413,65553,3540,155632,1576,221185,California
Santa Barbara,2021-05-01,5237,367482,4042,205436,1162,146523,33,15523,891,62147,4332,159964,926,222111,California
Santa Barbara,2021-05-02,1131,368613,668,206104,335,146858,128,15651,304,61754,825,160789,432,222543,California
Santa Barbara,2021-05-03,2202,370815,1474,207578,590,147448,138,15789,440,60574,1755,162544,575,223118,California
Santa Barbara,2021-05-04,3319,374134,1695,209273,1552,149000,72,15861,1149,59639,2155,164699,1220,224338,California
Santa Barbara,2021-05-05,5456,379590,3681,212954,1627,150627,148,16009,634,55615,4807,169506,783,225121,California
Santa Barbara,2021-05-06,5082,384672,3930,216884,1047,151674,105,16114,973,52601,4092,173598,1078,226199,California
Santa Barbara,2021-05-07,4659,389331,3641,220525,838,152512,180,16294,997,50129,3646,177244,1174,227373,California
Santa Barbara,2021-05-08,4306,393637,3191,223716,1017,153529,98,16392,908,47750,3386,180630,1007,228380,California
Santa Barbara,2021-05-09,699,394336,109,223825,550,154079,40,16432,461,48016,236,180866,502,228882,California
Santa Barbara,2021-05-10,1363,395699,660,224485,619,154698,84,16516,376,47491,984,181850,459,229341,California
Santa Barbara,2021-05-11,1933,397632,837,225322,800,155498,296,16812,443,46747,1480,183330,736,230077,California
Santa Barbara,2021-05-12,2085,399717,744,226066,1117,156615,224,17036,524,45948,1547,184877,748,230825,California
Santa Barbara,2021-05-13,3896,403613,2788,228854,910,157525,198,17234,1236,44735,2646,187523,1433,232258,California
Santa Barbara,2021-05-14,4155,407768,2525,231379,1536,159061,94,17328,1619,43926,2521,190044,1712,233970,California
Santa Barbara,2021-05-15,3518,411286,2559,233938,940,160001,19,17347,1842,44124,1664,191708,1862,235832,California
Santa Barbara,2021-05-16,1140,412426,522,234460,503,160504,115,17462,530,44164,605,192313,645,236477,California
Santa Barbara,2021-05-17,1640,414066,936,235396,641,161145,63,17525,862,44315,773,193086,924,237401,California
Santa Barbara,2021-05-18,1861,415927,1164,236560,603,161748,94,17619,977,44520,867,193953,1072,238473,California
Santa Barbara,2021-05-19,1770,417697,974,237534,756,162504,40,17659,808,44414,953,194906,847,239320,California
Santa Barbara,2021-05-20,1750,419447,952,238486,679,163183,119,17778,876,44549,861,195767,996,240316,California
Santa Barbara,2021-05-21,3464,422911,2343,240829,1067,164250,54,17832,1257,43669,2192,197959,1312,241628,California
Santa Barbara,2021-05-22,2468,425379,1708,242537,716,164966,44,17876,1399,44051,1062,199021,1444,243072,California
Santa Barbara,2021-05-23,772,426151,346,242883,396,165362,30,17906,422,44154,349,199370,452,243524,California
Santa Barbara,2021-05-24,1007,427158,588,243471,356,165718,63,17969,483,44182,518,199888,546,244070,California
Santa Barbara,2021-05-25,1402,428560,566,244037,767,166485,69,18038,460,43775,936,200824,529,244599,California
Santa Barbara,2021-05-26,3013,431573,1711,245748,1179,167664,123,18161,838,42574,2160,202984,959,245558,California
Santa Barbara,2021-05-27,1953,433526,1211,246959,600,168264,142,18303,825,42421,1121,204105,968,246526,California
Santa Barbara,2021-05-28,1504,435030,697,247656,655,168919,152,18455,613,42298,888,204993,765,247291,California
Santa Barbara,2021-05-29,906,435936,321,247977,548,169467,37,18492,366,42164,537,205530,403,247694,California
Santa Barbara,2021-05-30,509,436445,180,248157,230,169697,99,18591,184,42123,323,205853,282,247976,California
Santa Barbara,2021-05-31,95,436540,42,248199,43,169740,10,18601,22,42082,72,205925,31,248007,California
Santa Barbara,2021-06-01,1133,437673,592,248791,483,170223,58,18659,441,41895,686,206611,499,248506,California
Santa Barbara,2021-06-02,984,438657,585,249376,316,170539,83,18742,426,41850,553,207164,508,249014,California
Santa Barbara,2021-06-03,2060,440717,1549,250925,454,170993,57,18799,615,41083,1436,208600,669,249683,California
Santa Barbara,2021-06-04,1458,442175,670,251595,648,171641,140,18939,488,40746,961,209561,624,250307,California
Santa Barbara,2021-06-05,2914,445089,2213,253808,649,172290,52,18991,481,38855,2423,211984,532,250839,California
Santa Barbara,2021-06-06,925,446014,487,254295,419,172709,19,19010,232,38416,690,212674,251,251090,California
Santa Barbara,2021-06-07,1170,447184,832,255127,286,172995,52,19062,300,37901,867,213541,352,251442,California
Santa Barbara,2021-06-08,1110,448294,710,255837,368,173363,32,19094,290,37407,815,214356,321,251763,California
Santa Barbara,2021-06-09,1024,449318,697,256534,242,173605,85,19179,316,37104,704,215060,401,252164,California
Santa Barbara,2021-06-10,2389,451707,2073,258607,244,173849,72,19251,523,35836,1862,216922,594,252758,California
Santa Barbara,2021-06-11,1307,453014,606,259213,597,174446,104,19355,390,35419,911,217833,494,253252,California
Santa Barbara,2021-06-12,890,453904,598,259811,269,174715,23,19378,234,35027,648,218481,256,253508,California
Santa Barbara,2021-06-13,489,454393,301,260112,91,174806,97,19475,125,34887,362,218843,222,253730,California
Santa Barbara,2021-06-14,1255,455648,857,260969,322,175128,76,19551,335,34386,912,219755,411,254141,California
Santa Barbara,2021-06-15,1146,456794,755,261724,356,175484,35,19586,397,34077,741,220496,432,254573,California
Santa Barbara,2021-06-16,932,457726,647,262371,238,175722,47,19633,354,33904,572,221068,399,254972,California
Santa Barbara,2021-06-17,1876,459602,1545,263916,242,175964,89,19722,625,33369,1247,222315,712,255684,California
Santa Barbara,2021-06-18,1107,460709,713,264629,295,176259,99,19821,361,33087,742,223057,460,256144,California
Santa Barbara,2021-06-19,540,461249,363,264992,145,176404,32,19853,249,33080,288,223345,281,256425,California
Santa Barbara,2021-06-20,370,461619,211,265203,149,176553,10,19863,153,33026,216,223561,162,256587,California
Santa Barbara,2021-06-21,527,462146,264,265467,210,176763,53,19916,275,33107,247,223808,328,256915,California
Santa Barbara,2021-06-22,765,462911,495,265962,239,177002,31,19947,299,32974,462,224270,329,257244,California
Santa Barbara,2021-06-23,779,463690,564,266526,183,177185,32,19979,333,32897,441,224711,364,257608,California
Santa Barbara,2021-06-24,1354,465044,1146,267672,150,177335,58,20037,579,32764,768,225479,635,258243,California
Santa Barbara,2021-06-25,971,466015,617,268289,292,177627,62,20099,449,32756,518,225997,510,258753,California
Santa Barbara,2021-06-26,508,466523,354,268643,123,177750,31,20130,200,32679,308,226305,231,258984,California
Santa Barbara,2021-06-27,393,466916,257,268900,73,177823,63,20193,187,32727,202,226507,250,259234,California
Santa Barbara,2021-06-28,466,467382,305,269205,127,177950,34,20227,237,32769,229,226736,271,259505,California
Santa Barbara,2021-06-29,558,467940,379,269584,164,178114,15,20242,268,32767,284,227020,282,259787,California
Santa Barbara,2021-06-30,649,468589,461,270045,149,178263,39,20281,314,32793,327,227347,353,260140,California
Santa Barbara,2021-07-01,1064,469653,795,270840,120,178383,149,20430,413,32705,649,227996,561,260701,California
Santa Barbara,2021-07-02,771,470424,513,271353,203,178586,55,20485,376,32743,393,228389,431,261132,California
Santa Barbara,2021-07-03,348,470772,220,271573,118,178704,10,20495,154,32716,190,228579,163,261295,California
Santa Barbara,2021-07-04,25,470797,15,271588,10,178714,0,20495,9,32709,16,228595,9,261304,California
Santa Barbara,2021-07-05,492,471289,317,271905,156,178870,19,20514,221,32679,270,228865,240,261544,California
Santa Barbara,2021-07-06,543,471832,395,272300,121,178991,27,20541,200,32567,339,229204,227,261771,California
Santa Barbara,2021-07-07,584,472416,417,272717,121,179112,46,20587,267,32566,314,229518,313,262084,California
Santa Barbara,2021-07-08,990,473406,850,273567,106,179218,34,20621,427,32467,559,230077,460,262544,California
Santa Barbara,2021-07-09,691,474097,480,274047,157,179375,54,20675,283,32403,399,230476,335,262879,California
Santa Barbara,2021-07-10,280,474377,203,274250,54,179429,23,20698,96,32341,181,230657,119,262998,California
Santa Clara,2020-12-15,73,73,73,73,0,0,0,0,73,73,0,0,73,73,California
Santa Clara,2020-12-16,153,226,153,226,0,0,0,0,153,226,0,0,153,226,California
Santa Clara,2020-12-17,408,634,408,634,0,0,0,0,408,634,0,0,408,634,California
Santa Clara,2020-12-18,1759,2393,1758,2392,1,1,0,0,1759,2393,0,0,1759,2393,California
Santa Clara,2020-12-19,2079,4472,2079,4471,0,1,0,0,2078,4471,0,0,2078,4471,California
Santa Clara,2020-12-20,1905,6377,1904,6375,1,2,0,0,1902,6373,0,0,1902,6373,California
Santa Clara,2020-12-21,2676,9053,2676,9051,0,2,0,0,2672,9044,1,1,2672,9045,California
Santa Clara,2020-12-22,3132,12185,3125,12176,7,9,0,0,3127,12169,2,3,3127,12172,California
Santa Clara,2020-12-23,3277,15462,3087,15263,190,199,0,0,3274,15442,1,4,3274,15446,California
Santa Clara,2020-12-24,1892,17354,1701,16964,191,390,0,0,1885,17325,2,6,1885,17331,California
Santa Clara,2020-12-25,349,17703,348,17312,1,391,0,0,349,17674,0,6,349,17680,California
Santa Clara,2020-12-26,1276,18979,1041,18353,235,626,0,0,1275,18949,0,6,1275,18955,California
Santa Clara,2020-12-27,659,19638,516,18869,143,769,0,0,659,19608,0,6,659,19614,California
Santa Clara,2020-12-28,2359,21997,1747,20616,612,1381,0,0,2359,21967,0,6,2359,21973,California
Santa Clara,2020-12-29,2376,24373,1510,22126,866,2247,0,0,2374,24341,0,6,2374,24347,California
Santa Clara,2020-12-30,3001,27374,1900,24026,1101,3348,0,0,2998,27336,3,9,2998,27345,California
Santa Clara,2020-12-31,1239,28613,399,24425,840,4188,0,0,1238,28573,1,10,1238,28583,California
Santa Clara,2021-01-01,155,28768,18,24443,137,4325,0,0,153,28724,2,12,153,28736,California
Santa Clara,2021-01-02,1098,29866,819,25262,279,4604,0,0,1098,29822,0,12,1098,29834,California
Santa Clara,2021-01-03,590,30456,372,25634,218,4822,0,0,585,30404,3,15,585,30419,California
Santa Clara,2021-01-04,2485,32941,1681,27315,804,5626,0,0,2482,32886,0,15,2482,32901,California
Santa Clara,2021-01-05,3109,36050,2040,29355,1069,6695,0,0,2913,35610,195,210,2919,35820,California
Santa Clara,2021-01-06,3368,39418,1994,31349,1374,8069,0,0,2758,37766,605,815,2761,38581,California
Santa Clara,2021-01-07,4241,43659,2577,33926,1664,9733,0,0,3153,39849,1077,1892,3160,41741,California
Santa Clara,2021-01-08,5897,49556,3861,37787,2036,11769,0,0,3775,41512,2112,4004,3775,45516,California
Santa Clara,2021-01-09,3043,52599,1919,39706,1124,12893,0,0,1720,41915,1320,5324,1723,47239,California
Santa Clara,2021-01-10,1971,54570,1521,41227,450,13343,0,0,751,41448,1218,6542,751,47990,California
Santa Clara,2021-01-11,6010,60580,3800,45027,2210,15553,0,0,3409,42265,2598,9140,3415,51405,California
Santa Clara,2021-01-12,6916,67496,3510,48537,3406,18959,0,0,4575,44516,2326,11466,4577,55982,California
Santa Clara,2021-01-13,7474,74970,3141,51678,4333,23292,0,0,5220,47487,2250,13716,5221,61203,California
Santa Clara,2021-01-14,8320,83290,2872,54550,5448,28740,0,0,6518,52214,1793,15509,6520,67723,California
Santa Clara,2021-01-15,9569,92859,2776,57326,6793,35533,0,0,8161,58978,1402,16911,8166,75889,California
Santa Clara,2021-01-16,4361,97220,1260,58586,3101,38634,0,0,3500,61621,857,17768,3500,79389,California
Santa Clara,2021-01-17,3246,100466,620,59206,2626,41260,0,0,2735,63849,507,18275,2735,82124,California
Santa Clara,2021-01-18,5125,105591,1180,60386,3945,45205,0,0,4557,67839,568,18843,4558,86682,California
Santa Clara,2021-01-19,8526,114117,2708,63094,5818,51023,0,0,6821,72962,1701,20544,6824,93506,California
Santa Clara,2021-01-20,8458,122575,4458,67552,4000,55023,0,0,6884,78277,1569,22113,6884,100390,California
Santa Clara,2021-01-21,8929,131504,3952,71504,4977,60000,0,0,7642,84639,1282,23395,7644,108034,California
Santa Clara,2021-01-22,8746,140250,3314,74818,5432,65432,0,0,8162,92224,580,23975,8165,116199,California
Santa Clara,2021-01-23,3808,144058,1687,76505,2121,67553,0,0,2837,94091,971,24946,2838,119037,California
Santa Clara,2021-01-24,2852,146910,1431,77936,1421,68974,0,0,2356,95956,491,25437,2356,121393,California
Santa Clara,2021-01-25,8412,155322,3808,81744,4604,73578,0,0,6320,100194,2084,27521,6322,127715,California
Santa Clara,2021-01-26,8329,163651,3800,85544,4529,78107,0,0,6169,104218,2148,29669,6172,133887,California
Santa Clara,2021-01-27,8817,172468,3887,89431,4930,83037,0,0,6865,109153,1931,31600,6866,140753,California
Santa Clara,2021-01-28,9546,182014,3823,93254,5723,88760,0,0,7542,114717,1983,33583,7547,148300,California
Santa Clara,2021-01-29,9624,191638,3972,97226,5652,94412,0,0,7417,119940,2195,35778,7418,155718,California
Santa Clara,2021-01-30,4218,195856,2098,99324,2120,96532,0,0,2987,121706,1222,37000,2988,158706,California
Santa Clara,2021-01-31,2205,198061,1323,100647,882,97414,0,0,1595,122698,603,37603,1595,160301,California
Santa Clara,2021-02-01,7874,205935,3512,104159,4362,101776,0,0,6149,127139,1710,39313,6151,166452,California
Santa Clara,2021-02-02,8662,214597,2895,107054,5767,107543,0,0,6609,131709,2042,41355,6612,173064,California
Santa Clara,2021-02-03,9279,223876,3484,110538,5795,113338,0,0,6958,136358,2315,43670,6964,180028,California
Santa Clara,2021-02-04,11046,234922,4178,114716,6868,120206,0,0,8709,142746,2325,45995,8713,188741,California
Santa Clara,2021-02-05,12047,246969,4390,119106,7657,127863,0,0,8547,147812,3482,49477,8548,197289,California
Santa Clara,2021-02-06,5236,252205,2842,121948,2394,130257,0,0,4047,150678,1183,50660,4049,201338,California
Santa Clara,2021-02-07,3499,255704,2361,124309,1138,131395,0,0,3039,153261,457,51117,3040,204378,California
Santa Clara,2021-02-08,10112,265816,3555,127864,6557,137952,0,0,7348,157860,2751,53868,7350,211728,California
Santa Clara,2021-02-09,11240,277056,3843,131707,7397,145349,0,0,7707,162054,3517,57385,7711,219439,California
Santa Clara,2021-02-10,12806,289862,4978,136685,7828,153177,0,0,6642,162555,6144,63529,6645,226084,California
Santa Clara,2021-02-11,13653,303515,4789,141474,8864,162041,0,0,7658,164239,5976,69505,7660,233744,California
Santa Clara,2021-02-12,14714,318229,4543,146017,10171,172212,0,0,6993,163540,7694,77199,6995,240739,California
Santa Clara,2021-02-13,6178,324407,1503,147520,4675,176887,0,0,2247,161866,3923,81122,2249,242988,California
Santa Clara,2021-02-14,4658,329065,1165,148685,3493,180380,0,0,1482,160178,3172,84294,1484,244472,California
Santa Clara,2021-02-15,6336,335401,2825,151510,3511,183891,0,0,2736,159326,3589,87883,2737,247209,California
Santa Clara,2021-02-16,13918,349319,4029,155539,9889,193780,0,0,6977,159387,6917,94800,6978,254187,California
Santa Clara,2021-02-17,14170,363489,5562,161101,8608,202388,0,0,7050,159348,7095,101895,7056,261243,California
Santa Clara,2021-02-18,14365,377854,8465,169566,5900,208288,0,0,7311,159658,7005,108900,7315,268558,California
Santa Clara,2021-02-19,15038,392892,9662,179228,5376,213664,0,0,8735,162122,6278,115178,8742,277300,California
Santa Clara,2021-02-20,7083,399975,5307,184535,1776,215440,0,0,3807,162671,3259,118437,3808,281108,California
Santa Clara,2021-02-21,3447,403422,2565,187100,882,216322,0,0,1289,161824,2138,120575,1291,282399,California
Santa Clara,2021-02-22,10844,414266,6474,193574,4370,220692,0,0,5020,161056,5789,126364,5021,287420,California
Santa Clara,2021-02-23,12569,426835,8119,201693,4450,225142,0,0,7083,162685,5458,131822,7087,294507,California
Santa Clara,2021-02-24,14930,441765,9605,211298,5325,230467,0,0,9152,166081,5756,137578,9152,303659,California
Santa Clara,2021-02-25,15653,457418,9978,221276,5675,236142,0,0,8471,167420,7141,144719,8480,312139,California
Santa Clara,2021-02-26,15379,472797,8885,230161,6494,242636,0,0,8348,168794,6981,151700,8355,320494,California
Santa Clara,2021-02-27,8482,481279,5846,236007,2635,245271,1,1,4733,169814,3721,155421,4741,325235,California
Santa Clara,2021-02-28,5391,486670,3679,239686,1711,246982,1,2,2675,169791,2699,158120,2676,327911,California
Santa Clara,2021-03-01,14571,501241,8376,248062,6189,253171,6,8,9023,173298,5522,163642,9029,336940,California
Santa Clara,2021-03-02,16192,517433,9578,257640,6612,259783,2,10,10331,177800,5831,169473,10333,347273,California
Santa Clara,2021-03-03,18722,536155,9264,266904,9454,269237,4,14,11644,182417,7035,176508,11652,358925,California
Santa Clara,2021-03-04,16611,552766,9035,275939,7573,276810,3,17,9656,185220,6859,183367,9662,368587,California
Santa Clara,2021-03-05,16672,569438,9269,285208,7277,284087,126,143,9255,187220,7387,190754,9387,377974,California
Santa Clara,2021-03-06,9465,578903,6332,291540,2683,286770,450,593,7106,192429,2346,193100,7555,385529,California
Santa Clara,2021-03-07,7064,585967,4496,296036,2184,288954,384,977,5516,196790,1533,194633,5894,391423,California
Santa Clara,2021-03-08,12976,598943,6745,302781,5630,294584,601,1578,8305,201037,4654,199287,8901,400324,California
Santa Clara,2021-03-09,15329,614272,6535,309316,7462,302046,1332,2910,6915,200878,8389,207676,8230,408554,California
Santa Clara,2021-03-10,15291,629563,6706,316022,6465,308511,2120,5030,6319,200347,8934,216610,8403,416957,California
Santa Clara,2021-03-11,17157,646720,7797,323819,7852,316363,1508,6538,6073,196868,11042,227652,7563,424520,California
Santa Clara,2021-03-12,17781,664501,9138,332957,7071,323434,1572,8110,5956,192594,11771,239423,7497,432017,California
Santa Clara,2021-03-13,10886,675387,6308,339265,3071,326505,1507,9617,4840,192886,6016,245439,6308,438325,California
Santa Clara,2021-03-14,6550,681937,3407,342672,1838,328343,1305,10922,3170,193980,3359,248798,4453,442778,California
Santa Clara,2021-03-15,12862,694799,6575,349247,6009,334352,278,11200,5916,193260,6913,255711,6193,448971,California
Santa Clara,2021-03-16,18336,713135,10356,359603,7771,342123,209,11409,8748,192660,9553,265264,8953,457924,California
Santa Clara,2021-03-17,20124,733259,11439,371042,8514,350637,171,11580,10267,193295,9796,275060,10431,468355,California
Santa Clara,2021-03-18,19336,752595,9076,380118,9098,359735,1162,12742,8978,193124,10297,285357,10126,478481,California
Santa Clara,2021-03-19,19556,772151,10088,390206,8460,368195,1008,13750,9895,194443,9575,294932,10894,489375,California
Santa Clara,2021-03-20,11614,783765,6404,396610,4378,372573,832,14582,6697,197100,4867,299799,7524,496899,California
Santa Clara,2021-03-21,8380,792145,3849,400459,3133,375706,1398,15980,5352,200820,3011,302810,6731,503630,California
Santa Clara,2021-03-22,16568,808713,9231,409690,6983,382689,354,16334,9148,202934,7384,310194,9498,513128,California
Santa Clara,2021-03-23,19515,828228,12396,422086,6593,389282,526,16860,11209,206411,8252,318446,11729,524857,California
Santa Clara,2021-03-24,22829,851057,14645,436731,7766,397048,418,17278,14631,213307,8151,326597,15047,539904,California
Santa Clara,2021-03-25,23125,874182,13230,449961,8903,405951,992,18270,14811,220856,8234,334831,15783,555687,California
Santa Clara,2021-03-26,22129,896311,14077,464038,7661,413612,391,18661,13580,226315,8502,343333,13961,569648,California
Santa Clara,2021-03-27,15811,912122,10512,474550,4529,418141,770,19431,8469,228258,7291,350624,9234,578882,California
Santa Clara,2021-03-28,12088,924210,8391,482941,2980,421121,717,20148,6473,229853,5587,356211,7182,586064,California
Santa Clara,2021-03-29,20701,944911,12647,495588,7327,428448,727,20875,11194,232303,9459,365670,11909,597973,California
Santa Clara,2021-03-30,25798,970709,15292,510880,8557,437005,1949,22824,16220,240927,9528,375198,18152,616125,California
Santa Clara,2021-03-31,20633,991342,11923,522803,7572,444577,1138,23962,12542,246550,8040,383238,13663,629788,California
Santa Clara,2021-04-01,32038,1023380,19879,542682,9043,453620,3116,27078,20220,258103,11734,394972,23287,653075,California
Santa Clara,2021-04-02,25443,1048823,14400,557082,8814,462434,2229,29307,16591,268094,8800,403772,18791,671866,California
Santa Clara,2021-04-03,15391,1064214,9328,566410,3517,465951,2546,31853,8499,272251,6864,410636,11021,682887,California
Santa Clara,2021-04-04,7667,1071881,4052,570462,2438,468389,1177,33030,3945,273644,3708,414344,5101,687988,California
Santa Clara,2021-04-05,22050,1093931,14635,585097,4905,473294,2510,35540,14383,282883,7628,421972,16867,704855,California
Santa Clara,2021-04-06,29796,1123727,16387,601484,7908,481202,5501,41041,17841,294279,11896,433868,23292,728147,California
Santa Clara,2021-04-07,31064,1154791,16028,617512,8514,489716,6522,47563,18943,307639,12056,445924,25416,753563,California
Santa Clara,2021-04-08,30177,1184968,16458,633970,6068,495784,7651,55214,16421,317979,13672,459596,24012,777575,California
Santa Clara,2021-04-09,28294,1213262,13992,647962,6970,502754,7332,62546,14446,325912,13771,473367,21704,799279,California
Santa Clara,2021-04-10,21668,1234930,12482,660444,3804,506558,5382,67928,11552,332711,10073,483440,16872,816151,California
Santa Clara,2021-04-11,16113,1251043,9653,670097,2665,509223,3795,71723,8332,337066,7741,491181,12096,828247,California
Santa Clara,2021-04-12,27213,1278256,19080,689177,5586,514809,2547,74270,18470,349392,8675,499856,21001,849248,California
Santa Clara,2021-04-13,34674,1312930,27264,716441,7381,522190,29,74299,26695,368240,7899,507755,26747,875995,California
Santa Clara,2021-04-14,37221,1350151,28209,744650,9008,531198,4,74303,26377,383893,10767,518522,26420,902415,California
Santa Clara,2021-04-15,44725,1394876,34603,779253,10116,541314,6,74309,34367,408059,10233,528755,34399,936814,California
Santa Clara,2021-04-16,38925,1433801,26647,805900,12274,553588,4,74313,27815,424881,11024,539779,27846,964660,California
Santa Clara,2021-04-17,22380,1456181,15301,821201,7077,560665,2,74315,15354,433300,6957,546736,15376,980036,California
Santa Clara,2021-04-18,16963,1473144,11155,832356,5808,566473,0,74315,10602,437587,6328,553064,10615,990651,California
Santa Clara,2021-04-19,29331,1502475,21201,853557,8129,574602,1,74316,17556,443483,11696,564760,17592,1008243,California
Santa Clara,2021-04-20,38168,1540643,23517,877074,14649,589251,2,74318,23249,451977,14796,579556,23290,1031533,California
Santa Clara,2021-04-21,38195,1578838,22568,899642,15625,604876,2,74320,25016,463965,13071,592627,25059,1056592,California
Santa Clara,2021-04-22,37998,1616836,25487,925129,12510,617386,1,74321,17892,461937,19997,612624,17969,1074561,California
Santa Clara,2021-04-23,32785,1649621,20164,945293,12620,630006,1,74322,15346,460016,17328,629952,15407,1089968,California
Santa Clara,2021-04-24,21237,1670858,15500,960793,5736,635742,1,74323,12055,463001,9102,639054,12087,1102055,California
Santa Clara,2021-04-25,13603,1684461,9834,970627,3763,639505,6,74329,8685,466842,4874,643928,8715,1110770,California
Santa Clara,2021-04-26,25524,1709985,19718,990345,5746,645251,60,74389,10612,462726,14813,658741,10697,1121467,California
Santa Clara,2021-04-27,28000,1737985,19958,1010303,7654,652905,388,74777,12209,459685,15690,674431,12649,1134116,California
Santa Clara,2021-04-28,26572,1764557,19781,1030084,6352,659257,439,75216,11276,456261,15209,689640,11785,1145901,California
Santa Clara,2021-04-29,24516,1789073,17993,1048077,6121,665378,402,75618,9222,450760,15208,704848,9707,1155608,California
Santa Clara,2021-04-30,23707,1812780,16347,1064424,6990,672368,370,75988,10146,447904,13464,718312,10608,1166216,California
Santa Clara,2021-05-01,17529,1830309,14528,1078952,2735,675103,266,76254,5523,441789,11948,730260,5833,1172049,California
Santa Clara,2021-05-02,11322,1841631,9392,1088344,1696,676799,234,76488,3487,437744,7785,738045,3740,1175789,California
Santa Clara,2021-05-03,22905,1864536,19394,1107738,3076,679875,435,76923,5140,425680,17686,755731,5622,1181411,California
Santa Clara,2021-05-04,31170,1895706,24491,1132229,6135,686010,544,77467,5564,406344,25495,781226,6159,1187570,California
Santa Clara,2021-05-05,32800,1928506,25045,1157274,7212,693222,543,78010,5532,385282,27166,808392,6104,1193674,California
Santa Clara,2021-05-06,35958,1964464,30025,1187299,5459,698681,474,78484,4775,359505,31048,839440,5271,1198945,California
Santa Clara,2021-05-07,32922,1997386,26495,1213794,5937,704618,490,78974,4709,336681,28072,867512,5248,1204193,California
Santa Clara,2021-05-08,17229,2014615,14120,1227914,2681,707299,428,79402,3717,327419,13422,880934,4160,1208353,California
Santa Clara,2021-05-09,10575,2025190,9206,1237120,1183,708482,186,79588,2333,321745,8206,889140,2532,1210885,California
Santa Clara,2021-05-10,21151,2046341,16973,1254093,3774,712256,404,79992,2647,306396,18421,907561,3072,1213957,California
Santa Clara,2021-05-11,22881,2069222,17322,1271415,5114,717370,445,80437,4018,292098,18767,926328,4469,1218426,California
Santa Clara,2021-05-12,21569,2090791,15886,1287301,5158,722528,525,80962,4247,279654,17222,943550,4778,1223204,California
Santa Clara,2021-05-13,28355,2119146,22980,1310281,5073,727601,302,81264,11263,274229,16999,960549,11574,1234778,California
Santa Clara,2021-05-14,27970,2147116,19578,1329859,8002,735603,390,81654,9638,266041,18228,978777,10040,1244818,California
Santa Clara,2021-05-15,21014,2168130,16907,1346766,3826,739429,281,81935,8141,261685,12786,991563,8430,1253248,California
Santa Clara,2021-05-16,16425,2184555,13429,1360195,2821,742250,175,82110,5374,256268,10971,1002534,5554,1258802,California
Santa Clara,2021-05-17,20436,2204991,16088,1376283,3980,746230,368,82478,6863,250003,13497,1016031,7232,1266034,California
Santa Clara,2021-05-18,26196,2231187,16741,1393024,9039,755269,416,82894,7168,238695,18893,1034924,7585,1273619,California
Santa Clara,2021-05-19,24638,2255825,14417,1407441,9797,765066,424,83318,7313,229224,17215,1052139,7744,1281363,California
Santa Clara,2021-05-20,18542,2274367,12204,1419645,5887,770953,451,83769,6100,223418,12353,1064492,6547,1287910,California
Santa Clara,2021-05-21,22342,2296709,14853,1434498,6993,777946,496,84265,7383,216462,14850,1079342,7894,1295804,California
Santa Clara,2021-05-22,13039,2309748,9881,1444379,2800,780746,358,84623,5740,215332,7232,1086574,6102,1301906,California
Santa Clara,2021-05-23,8450,2318198,6292,1450671,1956,782702,202,84825,3417,213965,4988,1091562,3621,1305527,California
Santa Clara,2021-05-24,10918,2329116,7877,1458548,2592,785294,449,85274,3787,211132,7070,1098632,4237,1309764,California
Santa Clara,2021-05-25,11489,2340605,7949,1466497,3122,788416,418,85692,4398,208931,7015,1105647,4814,1314578,California
Santa Clara,2021-05-26,10441,2351046,6773,1473270,3331,791747,337,86029,3964,206857,6369,1112016,4295,1318873,California
Santa Clara,2021-05-27,9416,2360462,6010,1479280,2932,794679,474,86503,3514,205004,5834,1117850,3981,1322854,California
Santa Clara,2021-05-28,10918,2371380,7085,1486365,3403,798082,430,86933,4454,203493,6396,1124246,4885,1327739,California
Santa Clara,2021-05-29,6358,2377738,4335,1490700,1742,799824,281,87214,2710,202874,3606,1127852,2987,1330726,California
Santa Clara,2021-05-30,3872,2381610,2910,1493610,753,800577,209,87423,1836,202913,2005,1129857,2044,1332770,California
Santa Clara,2021-05-31,1098,2382708,628,1494238,361,800938,109,87532,438,202807,653,1130510,547,1333317,California
Santa Clara,2021-06-01,9076,2391784,6378,1500616,2315,803253,383,87915,3011,200208,5992,1136502,3393,1336710,California
Santa Clara,2021-06-02,7716,2399500,5541,1506157,1823,805076,352,88267,2910,198713,4748,1141250,3253,1339963,California
Santa Clara,2021-06-03,12245,2411745,10139,1516296,1739,806815,367,88634,2630,192159,9554,1150804,3000,1342963,California
Santa Clara,2021-06-04,13631,2425376,11413,1527709,1902,808717,316,88950,3285,185480,10273,1161077,3594,1346557,California
Santa Clara,2021-06-05,10519,2435895,9041,1536750,1218,809935,260,89210,2202,179675,8265,1169342,2460,1349017,California
Santa Clara,2021-06-06,6967,2442862,6212,1542962,599,810534,156,89366,1386,175685,5531,1174873,1541,1350558,California
Santa Clara,2021-06-07,9958,2452820,8391,1551353,1323,811857,244,89610,2313,170633,7606,1182479,2554,1353112,California
Santa Clara,2021-06-08,9178,2461998,7496,1558849,1412,813269,270,89880,2452,166685,6667,1189146,2719,1355831,California
Santa Clara,2021-06-09,9551,2471549,7967,1566816,1331,814600,253,90133,2269,161985,7217,1196363,2517,1358348,California
Santa Clara,2021-06-10,8327,2479876,6914,1573730,1082,815682,331,90464,2249,158536,6025,1202388,2576,1360924,California
Santa Clara,2021-06-11,10252,2490128,8704,1582434,1271,816953,277,90741,2531,153677,7668,1210056,2809,1363733,California
Santa Clara,2021-06-12,7190,2497318,5988,1588422,1036,817989,166,90907,1691,150082,5453,1215509,1858,1365591,California
Santa Clara,2021-06-13,3756,2501074,3032,1591454,608,818597,116,91023,867,148203,2862,1218371,983,1366574,California
Santa Clara,2021-06-14,5987,2507061,4841,1596295,913,819510,233,91256,1958,146396,3997,1222368,2190,1368764,California
Santa Clara,2021-06-15,7375,2514436,5972,1602267,1102,820612,301,91557,2080,143535,5244,1227612,2383,1371147,California
Santa Clara,2021-06-16,6377,2520813,5160,1607427,909,821521,308,91865,2091,141700,4235,1231847,2400,1373547,California
Santa Clara,2021-06-17,5363,2526176,4345,1611772,773,822294,245,92110,1833,140313,3461,1235308,2074,1375621,California
Santa Clara,2021-06-18,5462,2531638,4407,1616179,883,823177,172,92282,1804,138711,3577,1238885,1975,1377596,California
Santa Clara,2021-06-19,4526,2536164,3623,1619802,705,823882,198,92480,1285,136992,3202,1242087,1483,1379079,California
Santa Clara,2021-06-20,2150,2538314,1765,1621567,321,824203,64,92544,677,136280,1453,1243540,741,1379820,California
Santa Clara,2021-06-21,3707,2542021,2789,1624356,690,824893,228,92772,1810,136451,1863,1245403,2034,1381854,California
Santa Clara,2021-06-22,5096,2547117,4067,1628423,806,825699,223,92995,1711,135035,3348,1248751,1932,1383786,California
Santa Clara,2021-06-23,4483,2551600,3526,1631949,756,826455,201,93196,1608,134003,2839,1251590,1807,1385593,California
Santa Clara,2021-06-24,4368,2555968,3381,1635330,783,827238,204,93400,1613,133116,2704,1254294,1817,1387410,California
Santa Clara,2021-06-25,5529,2561497,4517,1639847,802,828040,210,93610,1898,131645,3575,1257869,2104,1389514,California
Santa Clara,2021-06-26,3687,2565184,2938,1642785,610,828650,139,93749,1335,130805,2312,1260181,1472,1390986,California
Santa Clara,2021-06-27,1989,2567173,1551,1644336,351,829001,87,93836,685,130286,1290,1261471,771,1391757,California
Santa Clara,2021-06-28,4060,2571233,3427,1647763,407,829408,226,94062,1557,129593,2473,1263944,1780,1393537,California
Santa Clara,2021-06-29,4141,2575374,3225,1650988,734,830142,182,94244,1590,128851,2514,1266458,1772,1395309,California
Santa Clara,2021-06-30,3725,2579099,2916,1653904,631,830773,178,94422,1434,128199,2266,1268724,1614,1396923,California
Santa Clara,2021-07-01,3554,2582653,2820,1656724,540,831313,194,94616,1344,127547,2189,1270913,1537,1398460,California
Santa Clara,2021-07-02,4132,2586785,3342,1660066,623,831936,167,94783,1577,126776,2517,1273430,1746,1400206,California
Santa Clara,2021-07-03,2429,2589214,1898,1661964,421,832357,110,94893,1002,126489,1400,1274830,1113,1401319,California
Santa Clara,2021-07-04,135,2589349,100,1662064,22,832379,13,94906,69,126506,65,1274895,82,1401401,California
Santa Clara,2021-07-05,2370,2591719,1952,1664016,294,832673,124,95030,952,126192,1391,1276286,1077,1402478,California
Santa Clara,2021-07-06,4189,2595908,3257,1667273,773,833446,159,95189,1414,125019,2742,1279028,1569,1404047,California
Santa Clara,2021-07-07,3649,2599557,2833,1670106,638,834084,178,95367,1268,124112,2351,1281379,1444,1405491,California
Santa Clara,2021-07-08,3022,2602579,2344,1672450,537,834621,141,95508,1166,123587,1826,1283205,1301,1406792,California
Santa Clara,2021-07-09,3278,2605857,2574,1675024,586,835207,118,95626,1350,123142,1908,1285113,1463,1408255,California
Santa Clara,2021-07-10,1719,2607576,1249,1676273,392,835599,78,95704,581,122681,1122,1286235,661,1408916,California
Santa Cruz,2020-12-15,2,2,2,2,0,0,0,0,2,2,0,0,2,2,California
Santa Cruz,2020-12-16,57,59,57,59,0,0,0,0,57,59,0,0,57,59,California
Santa Cruz,2020-12-17,389,448,389,448,0,0,0,0,389,448,0,0,389,448,California
Santa Cruz,2020-12-18,465,913,465,913,0,0,0,0,465,913,0,0,465,913,California
Santa Cruz,2020-12-19,184,1097,183,1096,1,1,0,0,184,1097,0,0,184,1097,California
Santa Cruz,2020-12-20,93,1190,93,1189,0,1,0,0,93,1190,0,0,93,1190,California
Santa Cruz,2020-12-21,437,1627,436,1625,1,2,0,0,437,1627,0,0,437,1627,California
Santa Cruz,2020-12-22,422,2049,421,2046,1,3,0,0,422,2049,0,0,422,2049,California
Santa Cruz,2020-12-23,369,2418,325,2371,44,47,0,0,369,2418,0,0,369,2418,California
Santa Cruz,2020-12-24,123,2541,47,2418,76,123,0,0,123,2541,0,0,123,2541,California
Santa Cruz,2020-12-25,9,2550,9,2427,0,123,0,0,9,2550,0,0,9,2550,California
Santa Cruz,2020-12-26,65,2615,46,2473,19,142,0,0,65,2615,0,0,65,2615,California
Santa Cruz,2020-12-27,32,2647,27,2500,5,147,0,0,32,2647,0,0,32,2647,California
Santa Cruz,2020-12-28,483,3130,108,2608,375,522,0,0,483,3130,0,0,483,3130,California
Santa Cruz,2020-12-29,794,3924,366,2974,428,950,0,0,794,3924,0,0,794,3924,California
Santa Cruz,2020-12-30,357,4281,165,3139,192,1142,0,0,357,4281,0,0,357,4281,California
Santa Cruz,2020-12-31,311,4592,11,3150,300,1442,0,0,311,4592,0,0,311,4592,California
Santa Cruz,2021-01-01,33,4625,1,3151,32,1474,0,0,33,4625,0,0,33,4625,California
Santa Cruz,2021-01-02,68,4693,55,3206,13,1487,0,0,68,4693,0,0,68,4693,California
Santa Cruz,2021-01-03,15,4708,7,3213,8,1495,0,0,15,4708,0,0,15,4708,California
Santa Cruz,2021-01-04,281,4989,123,3336,158,1653,0,0,279,4987,0,0,279,4987,California
Santa Cruz,2021-01-05,570,5559,433,3769,137,1790,0,0,268,4953,302,302,268,5255,California
Santa Cruz,2021-01-06,800,6359,668,4437,132,1922,0,0,462,5078,337,639,462,5717,California
Santa Cruz,2021-01-07,536,6895,210,4647,326,2248,0,0,382,5307,154,793,383,6100,California
Santa Cruz,2021-01-08,940,7835,566,5213,374,2622,0,0,491,5350,449,1242,492,6592,California
Santa Cruz,2021-01-09,468,8303,128,5341,340,2962,0,0,409,5700,59,1301,409,7001,California
Santa Cruz,2021-01-10,77,8380,68,5409,9,2971,0,0,20,5663,57,1358,20,7021,California
Santa Cruz,2021-01-11,729,9109,592,6001,137,3108,0,0,195,5325,534,1892,196,7217,California
Santa Cruz,2021-01-12,733,9842,529,6530,204,3312,0,0,491,5574,242,2134,491,7708,California
Santa Cruz,2021-01-13,534,10376,235,6765,299,3611,0,0,446,5935,85,2219,446,8154,California
Santa Cruz,2021-01-14,555,10931,103,6868,452,4063,0,0,489,6358,66,2285,489,8643,California
Santa Cruz,2021-01-15,1459,12390,77,6945,1382,5445,0,0,1395,7691,64,2349,1397,10040,California
Santa Cruz,2021-01-16,423,12813,53,6998,370,5815,0,0,404,8076,19,2368,404,10444,California
Santa Cruz,2021-01-17,299,13112,41,7039,258,6073,0,0,274,8325,25,2393,274,10718,California
Santa Cruz,2021-01-18,1010,14122,100,7139,910,6983,0,0,948,9211,62,2455,948,11666,California
Santa Cruz,2021-01-19,1626,15748,524,7663,1102,8085,0,0,1275,10138,349,2804,1276,12942,California
Santa Cruz,2021-01-20,1250,16998,183,7846,1067,9152,0,0,1048,10987,199,3003,1048,13990,California
Santa Cruz,2021-01-21,1754,18752,226,8072,1528,10680,0,0,1645,12525,109,3112,1647,15637,California
Santa Cruz,2021-01-22,1803,20555,523,8595,1280,11960,0,0,1700,14126,100,3212,1701,17338,California
Santa Cruz,2021-01-23,404,20959,150,8745,254,12214,0,0,344,14411,59,3271,344,17682,California
Santa Cruz,2021-01-24,111,21070,19,8764,92,12306,0,0,94,14488,17,3288,94,17776,California
Santa Cruz,2021-01-25,1063,22133,363,9127,700,13006,0,0,552,14529,511,3799,552,18328,California
Santa Cruz,2021-01-26,1697,23830,254,9381,1443,14449,0,0,1184,15200,513,4312,1184,19512,California
Santa Cruz,2021-01-27,1675,25505,454,9835,1221,15670,0,0,1286,16099,387,4699,1286,20798,California
Santa Cruz,2021-01-28,1765,27270,291,10126,1474,17144,0,0,1487,17309,278,4977,1488,22286,California
Santa Cruz,2021-01-29,1755,29025,493,10619,1262,18406,0,0,1621,18797,133,5110,1621,23907,California
Santa Cruz,2021-01-30,1076,30101,311,10930,765,19171,0,0,941,19603,135,5245,941,24848,California
Santa Cruz,2021-01-31,222,30323,110,11040,112,19283,0,0,208,19797,14,5259,208,25056,California
Santa Cruz,2021-02-01,1232,31555,753,11793,479,19762,0,0,824,20213,408,5667,824,25880,California
Santa Cruz,2021-02-02,1021,32576,130,11923,891,20653,0,0,864,20921,156,5823,864,26744,California
Santa Cruz,2021-02-03,2230,34806,948,12871,1282,21935,0,0,1912,22520,313,6136,1912,28656,California
Santa Cruz,2021-02-04,1841,36647,751,13622,1090,23025,0,0,1497,23675,342,6478,1497,30153,California
Santa Cruz,2021-02-05,3179,39826,787,14409,2392,25417,0,0,2858,26213,320,6798,2858,33011,California
Santa Cruz,2021-02-06,2580,42406,154,14563,2426,27843,0,0,2235,28103,345,7143,2235,35246,California
Santa Cruz,2021-02-07,920,43326,124,14687,796,28639,0,0,902,28987,18,7161,902,36148,California
Santa Cruz,2021-02-08,718,44044,200,14887,518,29157,0,0,519,29308,198,7359,519,36667,California
Santa Cruz,2021-02-09,2371,46415,1054,15941,1317,30474,0,0,2104,31145,267,7626,2104,38771,California
Santa Cruz,2021-02-10,2210,48625,575,16516,1635,32109,0,0,1507,31961,692,8318,1508,40279,California
Santa Cruz,2021-02-11,1863,50488,316,16832,1547,33656,0,0,1311,32721,551,8869,1311,41590,California
Santa Cruz,2021-02-12,3247,53735,424,17256,2823,36479,0,0,1827,33139,1411,10280,1829,43419,California
Santa Cruz,2021-02-13,1734,55469,125,17381,1609,38088,0,0,1320,34046,413,10693,1320,44739,California
Santa Cruz,2021-02-14,1407,56876,68,17449,1339,39427,0,0,1145,34929,262,10955,1145,45884,California
Santa Cruz,2021-02-15,1589,58465,282,17731,1307,40734,0,0,566,34473,1023,11978,567,46451,California
Santa Cruz,2021-02-16,1716,60181,218,17949,1498,42232,0,0,541,33861,1153,13131,541,46992,California
Santa Cruz,2021-02-17,2932,63113,981,18930,1951,44183,0,0,1220,33385,1699,14830,1223,48215,California
Santa Cruz,2021-02-18,2909,66022,641,19571,2268,46451,0,0,1235,32952,1668,16498,1235,49450,California
Santa Cruz,2021-02-19,3285,69307,1156,20727,2129,48580,0,0,2011,33692,1271,17769,2011,51461,California
Santa Cruz,2021-02-20,2445,71752,1535,22262,910,49490,0,0,1913,35073,532,18301,1913,53374,California
Santa Cruz,2021-02-21,873,72625,382,22644,491,49981,0,0,739,35680,132,18433,739,54113,California
Santa Cruz,2021-02-22,1312,73937,1017,23661,295,50276,0,0,546,35463,763,19196,546,54659,California
Santa Cruz,2021-02-23,2152,76089,973,24634,1179,51455,0,0,724,34763,1424,20620,724,55383,California
Santa Cruz,2021-02-24,3317,79406,1746,26380,1571,53026,0,0,1239,33929,2073,22693,1239,56622,California
Santa Cruz,2021-02-25,3388,82794,1508,27888,1880,54906,0,0,1858,34267,1522,24215,1860,58482,California
Santa Cruz,2021-02-26,2795,85589,777,28665,2018,56924,0,0,1589,34657,1201,25416,1591,60073,California
Santa Cruz,2021-02-27,2682,88271,932,29597,1749,58673,1,1,1877,35733,802,26218,1878,61951,California
Santa Cruz,2021-02-28,1310,89581,371,29968,939,59612,0,1,1084,36594,223,26441,1084,63035,California
Santa Cruz,2021-03-01,1919,91500,1256,31224,663,60275,0,1,729,36136,1187,27628,729,63764,California
Santa Cruz,2021-03-02,1557,93057,372,31596,1185,61460,0,1,874,36331,682,28310,877,64641,California
Santa Cruz,2021-03-03,2379,95436,646,32242,1733,63193,0,1,1305,36564,1072,29382,1305,65946,California
Santa Cruz,2021-03-04,3021,98457,1415,33657,1605,64798,1,2,2030,37618,978,30360,2032,67978,California
Santa Cruz,2021-03-05,2648,101105,503,34160,2127,66925,18,20,1153,37297,1492,31852,1171,69149,California
Santa Cruz,2021-03-06,3870,104975,1345,35505,2420,69345,105,125,2157,37847,1711,33563,2261,71410,California
Santa Cruz,2021-03-07,1397,106372,131,35636,1166,70511,100,225,574,37700,821,34384,674,72084,California
Santa Cruz,2021-03-08,1124,107496,224,35860,764,71275,136,361,669,38048,455,34839,803,72887,California
Santa Cruz,2021-03-09,1827,109323,276,36136,1399,72674,152,513,729,37835,1094,35933,881,73768,California
Santa Cruz,2021-03-10,3905,113228,2103,38239,1653,74327,149,662,2017,38118,1884,37817,2167,75935,California
Santa Cruz,2021-03-11,2838,116066,1227,39466,1437,75764,174,836,1558,38574,1279,39096,1735,77670,California
Santa Cruz,2021-03-12,2792,118858,889,40355,1607,77371,296,1132,928,37936,1860,40956,1222,78892,California
Santa Cruz,2021-03-13,2350,121208,1345,41700,963,78334,42,1174,1185,38002,1161,42117,1227,80119,California
Santa Cruz,2021-03-14,915,122123,221,41921,681,79015,13,1187,439,37979,474,42591,451,80570,California
Santa Cruz,2021-03-15,1366,123489,478,42399,851,79866,37,1224,581,37817,781,43372,619,81189,California
Santa Cruz,2021-03-16,2389,125878,1150,43549,1194,81060,45,1269,1381,38238,1003,44375,1424,82613,California
Santa Cruz,2021-03-17,4076,129954,2421,45970,1644,82704,11,1280,2687,39556,1382,45757,2700,85313,California
Santa Cruz,2021-03-18,3953,133907,2133,48103,1701,84405,119,1399,2111,39947,1838,47595,2229,87542,California
Santa Cruz,2021-03-19,3467,137374,1382,49485,1861,86266,224,1623,1822,40353,1640,49235,2046,89588,California
Santa Cruz,2021-03-20,2249,139623,1648,51133,534,86800,67,1690,1104,40380,1144,50379,1171,90759,California
Santa Cruz,2021-03-21,885,140508,477,51610,282,87082,126,1816,477,40579,405,50784,604,91363,California
Santa Cruz,2021-03-22,1444,141952,882,52492,537,87619,25,1841,1009,41183,431,51215,1035,92398,California
Santa Cruz,2021-03-23,2624,144576,1475,53967,1098,88717,51,1892,1748,42109,873,52088,1799,94197,California
Santa Cruz,2021-03-24,3147,147723,2133,56100,993,89710,21,1913,2089,43167,1051,53139,2109,96306,California
Santa Cruz,2021-03-25,2683,150406,1347,57447,1299,91009,37,1950,1346,43220,1329,54468,1382,97688,California
Santa Cruz,2021-03-26,3170,153576,1835,59282,1307,92316,28,1978,2148,44380,1015,55483,2175,99863,California
Santa Cruz,2021-03-27,3241,156817,2020,61302,1194,93510,27,2005,1512,44203,1718,57201,1541,101404,California
Santa Cruz,2021-03-28,935,157752,579,61881,342,93852,14,2019,490,44266,441,57642,504,101908,California
Santa Cruz,2021-03-29,2019,159771,890,62771,1062,94914,67,2086,1277,44872,738,58380,1344,103252,California
Santa Cruz,2021-03-30,2740,162511,829,63600,1747,96661,164,2250,1738,45775,998,59378,1901,105153,California
Santa Cruz,2021-03-31,4208,166719,2849,66449,1308,97969,51,2301,2208,46040,1994,61372,2259,107412,California
Santa Cruz,2021-04-01,4088,170807,2174,68623,1803,99772,111,2412,2072,46212,2010,63382,2182,109594,California
Santa Cruz,2021-04-02,3323,174130,1433,70056,1709,101481,181,2593,1896,46866,1423,64805,2077,111671,California
Santa Cruz,2021-04-03,2277,176407,1244,71300,897,102378,136,2729,890,46507,1384,66189,1025,112696,California
Santa Cruz,2021-04-04,943,177350,492,71792,395,102773,56,2785,548,46715,395,66584,603,113299,California
Santa Cruz,2021-04-05,2281,179631,795,72587,1318,104091,168,2953,1399,47401,881,67465,1567,114866,California
Santa Cruz,2021-04-06,3437,183068,1669,74256,1385,105476,383,3336,1976,48304,1450,68915,2353,117219,California
Santa Cruz,2021-04-07,4226,187294,1669,75925,2187,107663,370,3706,1818,48086,2404,71319,2186,119405,California
Santa Cruz,2021-04-08,4328,191622,2374,78299,1430,109093,524,4230,2546,49384,1770,73089,3068,122473,California
Santa Cruz,2021-04-09,3755,195377,1528,79827,1814,110907,413,4643,2105,50259,1643,74732,2518,124991,California
Santa Cruz,2021-04-10,2306,197683,1103,80930,939,111846,264,4907,1086,50390,1216,75948,1347,126338,California
Santa Cruz,2021-04-11,1016,198699,533,81463,387,112233,96,5003,492,50453,524,76472,587,126925,California
Santa Cruz,2021-04-12,2348,201047,838,82301,1083,113316,427,5430,1122,50789,1212,77684,1548,128473,California
Santa Cruz,2021-04-13,2974,204021,1481,83782,1491,114807,2,5432,1669,51163,1297,78981,1671,130144,California
Santa Cruz,2021-04-14,4777,208798,2304,86086,2473,117280,0,5432,2304,51007,2462,81443,2306,132450,California
Santa Cruz,2021-04-15,5130,213928,3254,89340,1876,119156,0,5432,3208,52310,1907,83350,3210,135660,California
Santa Cruz,2021-04-16,4621,218549,2562,91902,2057,121213,2,5434,2496,52694,2116,85466,2500,138160,California
Santa Cruz,2021-04-17,2286,220835,911,92813,1375,122588,0,5434,1500,53411,783,86249,1500,139660,California
Santa Cruz,2021-04-18,1121,221956,554,93367,566,123154,1,5435,609,53513,508,86757,610,140270,California
Santa Cruz,2021-04-19,2610,224566,1537,94904,1072,124226,1,5436,1618,54143,988,87745,1618,141888,California
Santa Cruz,2021-04-20,3284,227850,1756,96660,1528,125754,0,5436,1857,54585,1415,89160,1857,143745,California
Santa Cruz,2021-04-21,4432,232282,2981,99641,1451,127205,0,5436,2393,54957,2021,91181,2393,146138,California
Santa Cruz,2021-04-22,4405,236687,2988,102629,1417,128622,0,5436,2457,55477,1938,93119,2458,148596,California
Santa Cruz,2021-04-23,3240,239927,1759,104388,1480,130102,1,5437,1404,55057,1825,94944,1405,150001,California
Santa Cruz,2021-04-24,2264,242191,1089,105477,1172,131274,3,5440,692,54191,1561,96505,695,150696,California
Santa Cruz,2021-04-25,1096,243287,704,106181,379,131653,13,5453,455,54025,632,97137,466,151162,California
Santa Cruz,2021-04-26,2162,245449,1077,107258,1068,132721,17,5470,909,53711,1241,98378,927,152089,California
Santa Cruz,2021-04-27,3031,248480,999,108257,1951,134672,81,5551,1518,53805,1505,99883,1599,153688,California
Santa Cruz,2021-04-28,3517,251997,1964,110221,1476,136148,77,5628,1849,54072,1656,101539,1923,155611,California
Santa Cruz,2021-04-29,3828,255825,2558,112779,1207,137355,63,5691,1348,53015,2470,104009,1413,157024,California
Santa Cruz,2021-04-30,2409,258234,1223,114002,1142,138497,44,5735,1014,52687,1387,105396,1059,158083,California
Santa Cruz,2021-05-01,1314,259548,1043,115045,238,138735,33,5768,603,52617,707,106103,637,158720,California
Santa Cruz,2021-05-02,658,260206,464,115509,168,138903,26,5794,215,52416,443,106546,242,158962,California
Santa Cruz,2021-05-03,1932,262138,997,116506,867,139770,68,5862,653,51872,1267,107813,723,159685,California
Santa Cruz,2021-05-04,2738,264876,1599,118105,1068,140838,71,5933,878,50963,1856,109669,947,160632,California
Santa Cruz,2021-05-05,2825,267701,1423,119528,1322,142160,80,6013,744,49754,2038,111707,829,161461,California
Santa Cruz,2021-05-06,3917,271618,2505,122033,1191,143351,221,6234,877,47828,3021,114728,1095,162556,California
Santa Cruz,2021-05-07,2805,274423,1302,123335,1420,144771,83,6317,437,45987,2363,117091,522,163078,California
Santa Cruz,2021-05-08,1423,275846,742,124077,653,145424,28,6345,390,45376,1031,118122,420,163498,California
Santa Cruz,2021-05-09,530,276376,338,124415,169,145593,23,6368,155,45180,374,118496,178,163676,California
Santa Cruz,2021-05-10,2117,278493,1278,125693,773,146366,66,6434,410,43958,1698,120194,476,164152,California
Santa Cruz,2021-05-11,2428,280921,1377,127070,961,147327,90,6524,644,42912,1779,121973,733,164885,California
Santa Cruz,2021-05-12,3230,284151,1407,128477,1742,149069,81,6605,556,40886,2664,124637,638,165523,California
Santa Cruz,2021-05-13,3940,288091,2665,131142,1181,150250,94,6699,1394,39835,2541,127178,1490,167013,California
Santa Cruz,2021-05-14,2997,291088,1633,132775,1324,151574,40,6739,1135,39161,1852,129030,1178,168191,California
Santa Cruz,2021-05-15,2290,293378,1324,134099,954,152528,12,6751,1111,39108,1176,130206,1123,169314,California
Santa Cruz,2021-05-16,807,294185,431,134530,354,152882,22,6773,249,38824,556,130762,272,169586,California
Santa Cruz,2021-05-17,1554,295739,803,135333,680,153562,71,6844,527,38396,1026,131788,598,170184,California
Santa Cruz,2021-05-18,2339,298078,1435,136768,880,154442,24,6868,1108,38304,1224,133012,1132,171316,California
Santa Cruz,2021-05-19,3117,301195,1874,138642,1206,155648,37,6905,1305,37842,1804,134816,1342,172658,California
Santa Cruz,2021-05-20,3421,304616,2457,141099,816,156464,148,7053,1591,37756,1825,136641,1739,174397,California
Santa Cruz,2021-05-21,1785,306401,916,142015,780,157244,89,7142,606,37278,1174,137815,696,175093,California
Santa Cruz,2021-05-22,1723,308124,1331,143346,381,157625,11,7153,599,36768,1121,138936,611,175704,California
Santa Cruz,2021-05-23,478,308602,270,143616,189,157814,19,7172,148,36608,327,139263,167,175871,California
Santa Cruz,2021-05-24,1194,309796,687,144303,428,158242,79,7251,303,36107,883,140146,382,176253,California
Santa Cruz,2021-05-25,2284,312080,1303,145606,936,159178,45,7296,460,34935,1677,141823,505,176758,California
Santa Cruz,2021-05-26,1754,313834,820,146426,889,160067,45,7341,473,34185,1268,143091,518,177276,California
Santa Cruz,2021-05-27,1323,315157,718,147144,501,160568,104,7445,443,33859,873,143964,547,177823,California
Santa Cruz,2021-05-28,847,316004,374,147518,443,161011,30,7475,357,33767,480,144444,388,178211,California
Santa Cruz,2021-05-29,595,316599,337,147855,245,161256,13,7488,319,33826,273,144717,332,178543,California
Santa Cruz,2021-05-30,243,316842,119,147974,110,161366,14,7502,92,33783,148,144865,105,178648,California
Santa Cruz,2021-05-31,144,316986,62,148036,81,161447,1,7503,45,33730,99,144964,46,178694,California
Santa Cruz,2021-06-01,951,317937,582,148618,356,161803,13,7516,343,33479,606,145570,355,179049,California
Santa Cruz,2021-06-02,900,318837,525,149143,334,162137,41,7557,338,33301,557,146127,379,179428,California
Santa Cruz,2021-06-03,2283,321120,1533,150676,711,162848,39,7596,533,32133,1740,147867,572,180000,California
Santa Cruz,2021-06-04,1062,322182,729,151405,299,163147,34,7630,245,31603,810,148677,280,180280,California
Santa Cruz,2021-06-05,1036,323218,839,152244,192,163339,5,7635,191,30958,841,149518,196,180476,California
Santa Cruz,2021-06-06,408,323626,303,152547,88,163427,17,7652,109,30788,296,149814,126,180602,California
Santa Cruz,2021-06-07,851,324477,634,153181,187,163614,30,7682,236,30439,615,150429,266,180868,California
Santa Cruz,2021-06-08,1470,325947,1172,154353,272,163886,26,7708,311,29622,1155,151584,338,181206,California
Santa Cruz,2021-06-09,1434,327381,1130,155483,287,164173,17,7725,285,28783,1142,152726,303,181509,California
Santa Cruz,2021-06-10,1962,329343,1611,157094,284,164457,67,7792,332,27555,1624,154350,396,181905,California
Santa Cruz,2021-06-11,822,330165,511,157605,276,164733,35,7827,288,27348,528,154878,321,182226,California
Santa Cruz,2021-06-12,965,331130,848,158453,111,164844,6,7833,166,26723,797,155675,172,182398,California
Santa Cruz,2021-06-13,201,331331,133,158586,46,164890,22,7855,31,26606,170,155845,53,182451,California
Santa Cruz,2021-06-14,557,331888,357,158943,165,165055,35,7890,163,26411,392,156237,197,182648,California
Santa Cruz,2021-06-15,928,332816,683,159626,223,165278,22,7912,339,26187,586,156823,362,183010,California
Santa Cruz,2021-06-16,802,333618,595,160221,173,165451,34,7946,260,25942,538,157361,293,183303,California
Santa Cruz,2021-06-17,801,334419,623,160844,139,165590,39,7985,302,25786,496,157857,340,183643,California
Santa Cruz,2021-06-18,643,335062,394,161238,219,165809,30,8015,290,25757,349,158206,320,183963,California
Santa Cruz,2021-06-19,330,335392,261,161499,63,165872,6,8021,117,25670,210,158416,123,184086,California
Santa Cruz,2021-06-20,161,335553,114,161613,29,165901,18,8039,69,25665,92,158508,87,184173,California
Santa Cruz,2021-06-21,347,335900,245,161858,83,165984,19,8058,181,25700,165,158673,200,184373,California
Santa Cruz,2021-06-22,673,336573,473,162331,170,166154,30,8088,261,25581,411,159084,292,184665,California
Santa Cruz,2021-06-23,394,336967,279,162610,105,166259,10,8098,193,25587,195,159279,201,184866,California
Santa Cruz,2021-06-24,536,337503,379,162989,113,166372,44,8142,215,25526,319,159598,258,185124,California
Santa Cruz,2021-06-25,555,338058,368,163357,157,166529,30,8172,260,25525,291,159889,290,185414,California
Santa Cruz,2021-06-26,259,338317,161,163518,89,166618,9,8181,106,25489,151,160040,115,185529,California
Santa Cruz,2021-06-27,180,338497,131,163649,19,166637,30,8211,63,25465,117,160157,93,185622,California
Santa Cruz,2021-06-28,472,338969,384,164033,76,166713,12,8223,208,25421,264,160421,220,185842,California
Santa Cruz,2021-06-29,739,339708,573,164606,137,166850,29,8252,285,25283,451,160872,313,186155,California
Santa Cruz,2021-06-30,427,340135,291,164897,112,166962,24,8276,182,25246,243,161115,206,186361,California
Santa Cruz,2021-07-01,413,340548,294,165191,107,167069,12,8288,186,25219,225,161340,198,186559,California
Santa Cruz,2021-07-02,451,340999,329,165520,105,167174,17,8305,201,25193,244,161584,218,186777,California
Santa Cruz,2021-07-03,220,341219,155,165675,61,167235,4,8309,93,25164,126,161710,97,186874,California
Santa Cruz,2021-07-04,11,341230,9,165684,1,167236,1,8310,8,25170,3,161713,9,186883,California
Santa Cruz,2021-07-05,211,341441,168,165852,40,167276,3,8313,117,25197,92,161805,119,187002,California
Santa Cruz,2021-07-06,704,342145,590,166442,99,167375,15,8328,220,24954,478,162283,235,187237,California
Santa Cruz,2021-07-07,427,342572,314,166756,102,167477,11,8339,165,24870,260,162543,176,187413,California
Santa Cruz,2021-07-08,404,342976,290,167046,82,167559,32,8371,148,24795,255,162798,180,187593,California
Santa Cruz,2021-07-09,467,343443,329,167375,115,167674,23,8394,191,24740,269,163067,214,187807,California
Santa Cruz,2021-07-10,130,343573,92,167467,33,167707,5,8399,61,24737,69,163136,66,187873,California
Shasta,2020-12-16,131,131,131,131,0,0,0,0,131,131,0,0,131,131,California
Shasta,2020-12-17,422,553,422,553,0,0,0,0,422,553,0,0,422,553,California
Shasta,2020-12-18,166,719,166,719,0,0,0,0,166,719,0,0,166,719,California
Shasta,2020-12-19,1,720,1,720,0,0,0,0,1,720,0,0,1,720,California
Shasta,2020-12-21,78,798,78,798,0,0,0,0,78,798,0,0,78,798,California
Shasta,2020-12-22,201,999,196,994,5,5,0,0,201,999,0,0,201,999,California
Shasta,2020-12-23,173,1172,169,1163,4,9,0,0,173,1172,0,0,173,1172,California
Shasta,2020-12-24,18,1190,18,1181,0,9,0,0,18,1190,0,0,18,1190,California
Shasta,2020-12-26,4,1194,1,1182,3,12,0,0,4,1194,0,0,4,1194,California
Shasta,2020-12-27,1,1195,0,1182,1,13,0,0,1,1195,0,0,1,1195,California
Shasta,2020-12-28,41,1236,31,1213,10,23,0,0,41,1236,0,0,41,1236,California
Shasta,2020-12-29,186,1422,185,1398,1,24,0,0,186,1422,0,0,186,1422,California
Shasta,2020-12-30,177,1599,167,1565,10,34,0,0,177,1599,0,0,177,1599,California
Shasta,2020-12-31,83,1682,2,1567,81,115,0,0,83,1682,0,0,83,1682,California
Shasta,2021-01-02,2,1684,0,1567,2,117,0,0,2,1684,0,0,2,1684,California
Shasta,2021-01-03,1,1685,1,1568,0,117,0,0,1,1685,0,0,1,1685,California
Shasta,2021-01-04,374,2059,308,1876,66,183,0,0,375,2060,0,0,375,2060,California
Shasta,2021-01-05,338,2397,315,2191,23,206,0,0,256,2234,82,82,256,2316,California
Shasta,2021-01-06,466,2863,395,2586,71,277,0,0,203,2175,262,344,203,2519,California
Shasta,2021-01-07,127,2990,37,2623,90,367,0,0,105,2258,22,366,105,2624,California
Shasta,2021-01-08,525,3515,448,3071,77,444,0,0,316,2365,209,575,316,2940,California
Shasta,2021-01-09,73,3588,64,3135,9,453,0,0,71,2434,2,577,71,3011,California
Shasta,2021-01-10,5,3593,0,3135,5,458,0,0,3,2437,2,579,5,3016,California
Shasta,2021-01-11,416,4009,194,3329,222,680,0,0,372,2765,44,623,372,3388,California
Shasta,2021-01-12,488,4497,332,3661,156,836,0,0,312,2902,176,799,313,3701,California
Shasta,2021-01-13,601,5098,268,3929,333,1169,0,0,431,3164,170,969,432,4133,California
Shasta,2021-01-14,504,5602,52,3981,452,1621,0,0,486,3632,18,987,486,4619,California
Shasta,2021-01-15,692,6294,136,4117,556,2177,0,0,690,4320,2,989,690,5309,California
Shasta,2021-01-16,897,7191,54,4171,843,3020,0,0,894,5211,3,992,894,6203,California
Shasta,2021-01-17,27,7218,6,4177,21,3041,0,0,23,5230,4,996,23,6226,California
Shasta,2021-01-18,598,7816,128,4305,470,3511,0,0,590,5812,8,1004,590,6816,California
Shasta,2021-01-19,1078,8894,414,4719,664,4175,0,0,929,6592,149,1153,929,7745,California
Shasta,2021-01-20,757,9651,490,5209,267,4442,0,0,572,6984,180,1333,572,8317,California
Shasta,2021-01-21,688,10339,334,5543,354,4796,0,0,666,7628,22,1355,666,8983,California
Shasta,2021-01-22,451,10790,178,5721,273,5069,0,0,445,8067,6,1361,445,9428,California
Shasta,2021-01-23,69,10859,5,5726,64,5133,0,0,67,8132,2,1363,67,9495,California
Shasta,2021-01-24,26,10885,3,5729,23,5156,0,0,25,8156,1,1364,25,9520,California
Shasta,2021-01-25,763,11648,503,6232,260,5416,0,0,472,8338,290,1654,472,9992,California
Shasta,2021-01-26,714,12362,334,6566,380,5796,0,0,477,8582,234,1888,478,10470,California
Shasta,2021-01-27,464,12826,181,6747,283,6079,0,0,414,8947,49,1937,414,10884,California
Shasta,2021-01-28,928,13754,591,7338,337,6416,0,0,706,9431,222,2159,706,11590,California
Shasta,2021-01-29,834,14588,331,7669,503,6919,0,0,644,9887,189,2348,645,12235,California
Shasta,2021-01-30,616,15204,14,7683,602,7521,0,0,606,10483,10,2358,606,12841,California
Shasta,2021-01-31,28,15232,4,7687,24,7545,0,0,26,10507,2,2360,26,12867,California
Shasta,2021-02-01,535,15767,153,7840,382,7927,0,0,388,10748,147,2507,388,13255,California
Shasta,2021-02-02,997,16764,504,8344,493,8420,0,0,904,11561,91,2598,904,14159,California
Shasta,2021-02-03,728,17492,213,8557,515,8935,0,0,492,11817,236,2834,492,14651,California
Shasta,2021-02-04,1103,18595,676,9233,427,9362,0,0,907,12531,193,3027,907,15558,California
Shasta,2021-02-05,1271,19866,168,9401,1103,10465,0,0,1059,13380,210,3237,1059,16617,California
Shasta,2021-02-06,1804,21670,40,9441,1764,12229,0,0,1778,15133,26,3263,1779,18396,California
Shasta,2021-02-07,24,21694,2,9443,22,12251,0,0,22,15153,2,3265,22,18418,California
Shasta,2021-02-08,601,22295,170,9613,431,12682,0,0,308,15169,292,3557,308,18726,California
Shasta,2021-02-09,1139,23434,669,10282,470,13152,0,0,707,15445,432,3989,708,19434,California
Shasta,2021-02-10,1128,24562,791,11073,337,13489,0,0,544,15406,583,4572,544,19978,California
Shasta,2021-02-11,893,25455,187,11260,706,14195,0,0,315,15148,573,5145,315,20293,California
Shasta,2021-02-12,1807,27262,1220,12480,587,14782,0,0,1245,15831,562,5707,1245,21538,California
Shasta,2021-02-13,1382,28644,374,12854,1008,15790,0,0,569,15589,812,6519,570,22108,California
Shasta,2021-02-14,150,28794,5,12859,145,15935,0,0,124,15687,26,6545,124,22232,California
Shasta,2021-02-15,395,29189,106,12965,289,16224,0,0,213,15718,182,6727,213,22445,California
Shasta,2021-02-16,1206,30395,524,13489,682,16906,0,0,427,15368,777,7504,427,22872,California
Shasta,2021-02-17,1040,31435,439,13928,601,17507,0,0,411,15150,629,8133,411,23283,California
Shasta,2021-02-18,973,32408,486,14414,487,17994,0,0,462,15103,510,8643,463,23746,California
Shasta,2021-02-19,1346,33754,952,15366,394,18388,0,0,872,15502,473,9116,872,24618,California
Shasta,2021-02-20,818,34572,101,15467,717,19105,0,0,319,15322,499,9615,319,24937,California
Shasta,2021-02-21,34,34606,3,15470,31,19136,0,0,12,15312,22,9637,12,24949,California
Shasta,2021-02-22,443,35049,83,15553,360,19496,0,0,185,15240,257,9894,185,25134,California
Shasta,2021-02-23,929,35978,480,16033,449,19945,0,0,331,14974,597,10491,331,25465,California
Shasta,2021-02-24,911,36889,516,16549,395,20340,0,0,284,14635,623,11114,284,25749,California
Shasta,2021-02-25,532,37421,174,16723,358,20698,0,0,144,14393,386,11500,144,25893,California
Shasta,2021-02-26,803,38224,100,16823,703,21401,0,0,339,14270,462,11962,339,26232,California
Shasta,2021-02-27,889,39113,78,16901,811,22212,0,0,241,13869,642,12604,241,26473,California
Shasta,2021-02-28,178,39291,4,16905,174,22386,0,0,128,13947,50,12654,128,26601,California
Shasta,2021-03-01,587,39878,61,16966,526,22912,0,0,296,13953,290,12944,296,26897,California
Shasta,2021-03-02,1035,40913,476,17442,559,23471,0,0,337,13594,696,13640,337,27234,California
Shasta,2021-03-03,681,41594,175,17617,506,23977,0,0,245,13404,435,14075,245,27479,California
Shasta,2021-03-04,3109,44703,2489,20106,620,24597,0,0,1788,13876,1316,15391,1788,29267,California
Shasta,2021-03-05,1946,46649,166,20272,1751,26348,29,29,804,13567,1142,16533,833,30100,California
Shasta,2021-03-06,2756,49405,386,20658,2324,28672,46,75,810,12482,1941,18474,856,30956,California
Shasta,2021-03-07,103,49508,4,20662,60,28732,39,114,40,12497,63,18537,78,31034,California
Shasta,2021-03-08,577,50085,50,20712,385,29117,142,256,158,12379,417,18954,299,31333,California
Shasta,2021-03-09,1256,51341,597,21309,481,29598,178,434,696,12694,558,19512,873,32206,California
Shasta,2021-03-10,803,52144,257,21566,345,29943,201,635,142,12376,660,20172,342,32548,California
Shasta,2021-03-11,1558,53702,472,22038,815,30758,271,906,941,12974,613,20785,1211,33759,California
Shasta,2021-03-12,1560,55262,850,22888,464,31222,246,1152,409,12478,1150,21935,654,34413,California
Shasta,2021-03-13,826,56088,428,23316,300,31522,98,1250,497,12744,327,22262,593,35006,California
Shasta,2021-03-14,1018,57106,8,23324,987,32509,23,1273,878,13507,140,22402,903,35909,California
Shasta,2021-03-15,499,57605,37,23361,363,32872,99,1372,209,13524,290,22692,307,36216,California
Shasta,2021-03-16,1146,58751,151,23512,927,33799,68,1440,857,14162,287,22979,925,37141,California
Shasta,2021-03-17,741,59492,192,23704,491,34290,58,1498,395,14278,337,23316,453,37594,California
Shasta,2021-03-18,1547,61039,589,24293,854,35144,104,1602,1114,15067,429,23745,1218,38812,California
Shasta,2021-03-19,649,61688,199,24492,394,35538,56,1658,410,15295,238,23983,466,39278,California
Shasta,2021-03-20,746,62434,487,24979,245,35783,14,1672,542,15647,204,24187,556,39834,California
Shasta,2021-03-21,313,62747,298,25277,4,35787,11,1683,285,15916,27,24214,296,40130,California
Shasta,2021-03-22,349,63096,39,25316,274,36061,36,1719,199,16003,148,24362,235,40365,California
Shasta,2021-03-23,1311,64407,652,25968,601,36662,58,1777,754,16264,551,24913,812,41177,California
Shasta,2021-03-24,614,65021,156,26124,420,37082,38,1815,367,16423,246,25159,405,41582,California
Shasta,2021-03-25,1133,66154,452,26576,660,37742,21,1836,819,16953,311,25470,841,42423,California
Shasta,2021-03-26,1842,67996,1406,27982,406,38148,30,1866,1473,18089,368,25838,1504,43927,California
Shasta,2021-03-27,1595,69591,406,28388,318,38466,871,2737,577,18516,1016,26854,1443,45370,California
Shasta,2021-03-28,409,70000,301,28689,98,38564,10,2747,302,18723,105,26959,312,45682,California
Shasta,2021-03-29,420,70420,40,28729,368,38932,12,2759,166,18649,252,27211,178,45860,California
Shasta,2021-03-30,1245,71665,769,29498,459,39391,17,2776,623,18670,619,27830,640,46500,California
Shasta,2021-03-31,620,72285,207,29705,407,39798,6,2782,384,18828,232,28062,390,46890,California
Shasta,2021-04-01,903,73188,248,29953,640,40438,15,2797,576,19094,325,28387,591,47481,California
Shasta,2021-04-02,758,73946,199,30152,504,40942,55,2852,412,19218,343,28730,467,47948,California
Shasta,2021-04-03,517,74463,366,30518,132,41074,19,2871,388,19496,129,28859,407,48355,California
Shasta,2021-04-04,294,74757,175,30693,98,41172,21,2892,218,19659,76,28935,239,48594,California
Shasta,2021-04-05,444,75201,70,30763,311,41483,63,2955,253,19784,191,29126,316,48910,California
Shasta,2021-04-06,1169,76370,484,31247,507,41990,178,3133,536,19868,629,29755,713,49623,California
Shasta,2021-04-07,662,77032,215,31462,282,42272,165,3298,258,19889,400,30155,421,50044,California
Shasta,2021-04-08,1150,78182,263,31725,731,43003,156,3454,221,19340,924,31079,375,50419,California
Shasta,2021-04-09,2602,80784,2078,33803,310,43313,214,3668,2017,20990,576,31655,2226,52645,California
Shasta,2021-04-10,885,81669,596,34399,158,43471,131,3799,245,20725,639,32294,374,53019,California
Shasta,2021-04-11,1253,82922,399,34798,834,44305,20,3819,144,19785,1104,33398,164,53183,California
Shasta,2021-04-12,344,83266,7,34805,273,44578,64,3883,98,19701,245,33643,161,53344,California
Shasta,2021-04-13,1277,84543,368,35173,907,45485,2,3885,339,19108,933,34576,340,53684,California
Shasta,2021-04-14,596,85139,143,35316,451,45936,2,3887,220,18955,375,34951,222,53906,California
Shasta,2021-04-15,1082,86221,258,35574,824,46760,0,3887,300,18478,777,35728,300,54206,California
Shasta,2021-04-16,2362,88583,1861,37435,501,47261,0,3887,950,18019,1410,37138,951,55157,California
Shasta,2021-04-17,648,89231,417,37852,231,47492,0,3887,193,17758,455,37593,194,55351,California
Shasta,2021-04-18,270,89501,244,38096,26,47518,0,3887,35,17560,233,37826,35,55386,California
Shasta,2021-04-19,387,89888,28,38124,359,47877,0,3887,168,17509,219,38045,168,55554,California
Shasta,2021-04-20,1031,90919,266,38390,765,48642,0,3887,386,17252,643,38688,386,55940,California
Shasta,2021-04-21,624,91543,228,38618,396,49038,0,3887,317,17262,307,38995,317,56257,California
Shasta,2021-04-22,968,92511,285,38903,683,49721,0,3887,299,16895,666,39661,299,56556,California
Shasta,2021-04-23,669,93180,263,39166,406,50127,0,3887,339,16905,329,39990,339,56895,California
Shasta,2021-04-24,601,93781,358,39524,242,50369,1,3888,109,16524,490,40480,109,57004,California
Shasta,2021-04-25,211,93992,181,39705,29,50398,1,3889,37,16388,174,40654,38,57042,California
Shasta,2021-04-26,505,94497,57,39762,443,50841,5,3894,356,16601,147,40801,360,57402,California
Shasta,2021-04-27,553,95050,183,39945,331,51172,39,3933,302,16693,247,41048,339,57741,California
Shasta,2021-04-28,586,95636,166,40111,387,51559,33,3966,251,16641,335,41383,283,58024,California
Shasta,2021-04-29,782,96418,121,40232,637,52196,24,3990,179,16242,602,41985,203,58227,California
Shasta,2021-04-30,2276,98694,1849,42081,395,52591,32,4022,270,14540,2004,43989,302,58529,California
Shasta,2021-05-01,233,98927,21,42102,136,52727,76,4098,104,14591,129,44118,180,58709,California
Shasta,2021-05-02,49,98976,17,42119,19,52746,13,4111,22,14599,27,44145,35,58744,California
Shasta,2021-05-03,358,99334,99,42218,233,52979,26,4137,114,14497,242,44387,140,58884,California
Shasta,2021-05-04,535,99869,201,42419,295,53274,39,4176,252,14508,280,44667,291,59175,California
Shasta,2021-05-05,453,100322,152,42571,283,53557,18,4194,208,14489,245,44912,226,59401,California
Shasta,2021-05-06,692,101014,263,42834,389,53946,40,4234,296,14436,387,45299,334,59735,California
Shasta,2021-05-07,1121,102135,742,43576,339,54285,40,4274,302,13960,818,46117,342,60077,California
Shasta,2021-05-08,175,102310,85,43661,79,54364,11,4285,104,14003,71,46188,114,60191,California
Shasta,2021-05-09,65,102375,15,43676,45,54409,5,4290,34,14011,31,46219,39,60230,California
Shasta,2021-05-10,258,102633,23,43699,186,54595,49,4339,112,14026,144,46363,159,60389,California
Shasta,2021-05-11,524,103157,160,43859,213,54808,151,4490,182,14018,341,46704,333,60722,California
Shasta,2021-05-12,398,103555,147,44006,227,55035,24,4514,133,13911,264,46968,157,60879,California
Shasta,2021-05-13,584,104139,241,44247,326,55361,17,4531,225,13796,357,47325,242,61121,California
Shasta,2021-05-14,645,104784,275,44522,344,55705,26,4557,295,13770,348,47673,322,61443,California
Shasta,2021-05-15,399,105183,130,44652,166,55871,103,4660,168,13810,230,47903,270,61713,California
Shasta,2021-05-16,222,105405,155,44807,57,55928,10,4670,163,13924,59,47962,173,61886,California
Shasta,2021-05-17,538,105943,247,45054,231,56159,60,4730,282,14011,255,48217,342,62228,California
Shasta,2021-05-18,620,106563,293,45347,302,56461,25,4755,325,14067,294,48511,350,62578,California
Shasta,2021-05-19,590,107153,278,45625,244,56705,68,4823,279,14107,307,48818,347,62925,California
Shasta,2021-05-20,570,107723,255,45880,296,57001,19,4842,264,14086,303,49121,282,63207,California
Shasta,2021-05-21,659,108382,301,46181,339,57340,19,4861,331,14111,325,49446,350,63557,California
Shasta,2021-05-22,235,108617,134,46315,93,57433,8,4869,143,14174,89,49535,152,63709,California
Shasta,2021-05-23,112,108729,47,46362,56,57489,9,4878,67,14205,45,49580,76,63785,California
Shasta,2021-05-24,547,109276,171,46533,344,57833,32,4910,191,14074,354,49934,223,64008,California
Shasta,2021-05-25,476,109752,208,46741,223,58056,45,4955,161,13968,311,50245,205,64213,California
Shasta,2021-05-26,372,110124,146,46887,201,58257,25,4980,147,13916,224,50469,172,64385,California
Shasta,2021-05-27,418,110542,152,47039,257,58514,9,4989,155,13820,260,50729,164,64549,California
Shasta,2021-05-28,441,110983,197,47236,215,58729,29,5018,204,13819,234,50963,233,64782,California
Shasta,2021-05-29,227,111210,66,47302,130,58859,31,5049,89,13799,138,51101,118,64900,California
Shasta,2021-05-30,84,111294,48,47350,34,58893,2,5051,53,13823,31,51132,55,64955,California
Shasta,2021-05-31,34,111328,8,47358,25,58918,1,5052,11,13813,22,51154,12,64967,California
Shasta,2021-06-01,523,111851,154,47512,224,59142,145,5197,133,13708,384,51538,279,65246,California
Shasta,2021-06-02,294,112145,119,47631,166,59308,9,5206,119,13663,173,51711,128,65374,California
Shasta,2021-06-03,372,112517,159,47790,204,59512,9,5215,120,13541,251,51962,129,65503,California
Shasta,2021-06-04,566,113083,281,48071,257,59769,28,5243,197,13399,367,52329,225,65728,California
Shasta,2021-06-05,261,113344,156,48227,88,59857,17,5260,79,13315,181,52510,97,65825,California
Shasta,2021-06-06,162,113506,128,48355,32,59889,2,5262,48,13251,114,52624,50,65875,California
Shasta,2021-06-07,405,113911,236,48591,152,60041,17,5279,109,13082,295,52919,126,66001,California
Shasta,2021-06-08,514,114425,308,48899,160,60201,46,5325,152,12920,359,53278,197,66198,California
Shasta,2021-06-09,483,114908,272,49171,123,60324,88,5413,111,12750,369,53647,199,66397,California
Shasta,2021-06-10,411,115319,246,49417,140,60464,25,5438,127,12624,278,53925,152,66549,California
Shasta,2021-06-11,466,115785,253,49670,176,60640,37,5475,128,12452,336,54261,164,66713,California
Shasta,2021-06-12,211,115996,138,49808,67,60707,6,5481,77,12402,133,54394,83,66796,California
Shasta,2021-06-13,90,116086,56,49864,32,60739,2,5483,26,12366,64,54458,28,66824,California
Shasta,2021-06-14,284,116370,155,50019,111,60850,18,5501,83,12267,200,54658,101,66925,California
Shasta,2021-06-15,463,116833,234,50253,113,60963,116,5617,161,12242,296,54954,271,67196,California
Shasta,2021-06-16,259,117092,153,50406,94,61057,12,5629,83,12166,171,55125,95,67291,California
Shasta,2021-06-17,284,117376,119,50525,129,61186,36,5665,100,12119,183,55308,136,67427,California
Shasta,2021-06-18,367,117743,224,50749,122,61308,21,5686,154,12082,212,55520,175,67602,California
Shasta,2021-06-19,116,117859,76,50825,38,61346,2,5688,53,12075,62,55582,55,67657,California
Shasta,2021-06-20,57,117916,36,50861,18,61364,3,5691,21,12063,36,55618,24,67681,California
Shasta,2021-06-21,202,118118,64,50925,109,61473,29,5720,81,12053,120,55738,110,67791,California
Shasta,2021-06-22,374,118492,142,51067,81,61554,151,5871,94,12016,272,56010,235,68026,California
Shasta,2021-06-23,222,118714,131,51198,74,61628,17,5888,93,11998,128,56138,110,68136,California
Shasta,2021-06-24,226,118940,137,51335,70,61698,19,5907,90,11973,134,56272,109,68245,California
Shasta,2021-06-25,297,119237,202,51537,82,61780,13,5920,122,11932,175,56447,134,68379,California
Shasta,2021-06-26,137,119374,80,51617,47,61827,10,5930,55,11916,81,56528,65,68444,California
Shasta,2021-06-27,68,119442,45,51662,19,61846,4,5934,24,11900,44,56572,28,68472,California
Shasta,2021-06-28,187,119629,121,51783,49,61895,17,5951,92,11914,95,56667,109,68581,California
Shasta,2021-06-29,270,119899,159,51942,83,61978,28,5979,101,11877,166,56833,129,68710,California
Shasta,2021-06-30,208,120107,120,52062,76,62054,12,5991,90,11863,116,56949,102,68812,California
Shasta,2021-07-01,208,120315,135,52197,62,62116,11,6002,81,11830,125,57074,92,68904,California
Shasta,2021-07-02,267,120582,171,52368,82,62198,14,6016,120,11820,144,57218,134,69038,California
Shasta,2021-07-03,117,120699,79,52447,32,62230,6,6022,51,11811,66,57284,57,69095,California
Shasta,2021-07-04,5,120704,1,52448,3,62233,1,6023,1,11809,4,57288,2,69097,California
Shasta,2021-07-05,110,120814,61,52509,39,62272,10,6033,47,11804,62,57350,57,69154,California
Shasta,2021-07-06,286,121100,164,52673,102,62374,20,6053,88,11717,195,57545,108,69262,California
Shasta,2021-07-07,194,121294,101,52774,57,62431,36,6089,64,11690,127,57672,100,69362,California
Shasta,2021-07-08,215,121509,120,52894,77,62508,18,6107,85,11663,129,57801,102,69464,California
Shasta,2021-07-09,228,121737,160,53054,62,62570,6,6113,92,11625,136,57937,98,69562,California
Shasta,2021-07-10,34,121771,24,53078,10,62580,0,6113,14,11619,20,57957,14,69576,California
Sierra,2020-12-18,1,1,1,1,0,0,0,0,1,1,0,0,1,1,California
Sierra,2020-12-21,2,3,2,3,0,0,0,0,2,3,0,0,2,3,California
Sierra,2020-12-22,12,15,12,15,0,0,0,0,12,15,0,0,12,15,California
Sierra,2020-12-23,4,19,4,19,0,0,0,0,4,19,0,0,4,19,California
Sierra,2020-12-28,1,20,0,19,1,1,0,0,1,20,0,0,1,20,California
Sierra,2020-12-29,50,70,7,26,43,44,0,0,50,70,0,0,50,70,California
Sierra,2020-12-30,2,72,0,26,2,46,0,0,2,72,0,0,2,72,California
Sierra,2020-12-31,13,85,0,26,13,59,0,0,13,85,0,0,13,85,California
Sierra,2021-01-01,1,86,1,27,0,59,0,0,1,86,0,0,1,86,California
Sierra,2021-01-05,63,149,2,29,61,120,0,0,63,149,0,0,63,149,California
Sierra,2021-01-06,1,150,1,30,0,120,0,0,1,150,0,0,1,150,California
Sierra,2021-01-07,21,171,1,31,20,140,0,0,20,169,1,1,20,170,California
Sierra,2021-01-08,1,172,1,32,0,140,0,0,1,170,0,1,1,171,California
Sierra,2021-01-11,3,175,3,35,0,140,0,0,0,167,3,4,0,171,California
Sierra,2021-01-12,39,214,12,47,27,167,0,0,27,182,12,16,27,198,California
Sierra,2021-01-13,4,218,3,50,1,168,0,0,1,180,3,19,1,199,California
Sierra,2021-01-14,35,253,2,52,33,201,0,0,35,215,0,19,35,234,California
Sierra,2021-01-15,3,256,1,53,2,203,0,0,3,218,0,19,3,237,California
Sierra,2021-01-18,3,259,0,53,3,206,0,0,3,221,0,19,3,240,California
Sierra,2021-01-19,31,290,0,53,31,237,0,0,31,252,0,19,31,271,California
Sierra,2021-01-20,1,291,1,54,0,237,0,0,1,253,0,19,1,272,California
Sierra,2021-01-21,52,343,0,54,52,289,0,0,52,305,0,19,52,324,California
Sierra,2021-01-22,2,345,0,54,2,291,0,0,2,307,0,19,2,326,California
Sierra,2021-01-23,2,347,0,54,2,293,0,0,2,309,0,19,2,328,California
Sierra,2021-01-25,1,348,1,55,0,293,0,0,1,310,0,19,1,329,California
Sierra,2021-01-26,63,411,1,56,62,355,0,0,24,295,39,58,24,353,California
Sierra,2021-01-27,4,415,4,60,0,355,0,0,0,291,4,62,0,353,California
Sierra,2021-01-28,53,468,0,60,53,408,0,0,43,324,10,72,43,396,California
Sierra,2021-01-29,2,470,0,60,2,410,0,0,2,326,0,72,2,398,California
Sierra,2021-01-30,3,473,3,63,0,410,0,0,2,327,1,73,2,400,California
Sierra,2021-02-01,1,474,0,63,1,411,0,0,0,326,1,74,0,400,California
Sierra,2021-02-02,57,531,1,64,56,467,0,0,18,305,39,113,18,418,California
Sierra,2021-02-03,6,537,5,69,1,468,0,0,5,309,1,114,5,423,California
Sierra,2021-02-04,102,639,5,74,97,565,0,0,53,313,49,163,53,476,California
Sierra,2021-02-05,6,645,4,78,2,567,0,0,5,317,1,164,5,481,California
Sierra,2021-02-09,51,696,0,78,51,618,0,0,48,362,3,167,48,529,California
Sierra,2021-02-10,5,701,2,80,3,621,0,0,4,365,1,168,4,533,California
Sierra,2021-02-11,195,896,1,81,194,815,0,0,134,438,61,229,134,667,California
Sierra,2021-02-12,20,916,0,81,20,835,0,0,20,458,0,229,20,687,California
Sierra,2021-02-13,1,917,1,82,0,835,0,0,1,459,0,229,1,688,California
Sierra,2021-02-15,4,921,3,85,1,836,0,0,0,455,4,233,0,688,California
Sierra,2021-02-16,43,964,1,86,42,878,0,0,10,432,33,266,10,698,California
Sierra,2021-02-17,4,968,0,86,4,882,0,0,1,430,3,269,1,699,California
Sierra,2021-02-18,139,1107,0,86,139,1021,0,0,90,471,49,318,90,789,California
Sierra,2021-02-19,2,1109,1,87,1,1022,0,0,1,471,1,319,1,790,California
Sierra,2021-02-20,2,1111,2,89,0,1022,0,0,0,469,2,321,0,790,California
Sierra,2021-02-22,1,1112,1,90,0,1022,0,0,1,470,0,321,1,791,California
Sierra,2021-02-23,4,1116,0,90,4,1026,0,0,4,474,0,321,4,795,California
Sierra,2021-02-24,3,1119,2,92,1,1027,0,0,3,477,0,321,3,798,California
Sierra,2021-02-25,124,1243,2,94,122,1149,0,0,58,470,65,386,58,856,California
Sierra,2021-02-26,11,1254,6,100,5,1154,0,0,4,467,7,393,4,860,California
Sierra,2021-02-27,2,1256,2,102,0,1154,0,0,0,465,2,395,0,860,California
Sierra,2021-03-01,2,1258,2,104,0,1154,0,0,0,463,2,397,0,860,California
Sierra,2021-03-02,56,1314,0,104,56,1210,0,0,38,483,18,415,38,898,California
Sierra,2021-03-03,2,1316,2,106,0,1210,0,0,1,483,1,416,1,899,California
Sierra,2021-03-04,108,1424,0,106,108,1318,0,0,60,495,48,464,60,959,California
Sierra,2021-03-05,13,1437,1,107,12,1330,0,0,11,504,2,466,11,970,California
Sierra,2021-03-07,1,1438,1,108,0,1330,0,0,0,503,1,467,0,970,California
Sierra,2021-03-08,2,1440,2,110,0,1330,0,0,2,505,0,467,2,972,California
Sierra,2021-03-09,56,1496,0,110,56,1386,0,0,12,473,44,511,12,984,California
Sierra,2021-03-10,6,1502,0,110,6,1392,0,0,4,475,2,513,4,988,California
Sierra,2021-03-11,172,1674,0,110,172,1564,0,0,40,383,132,645,40,1028,California
Sierra,2021-03-12,20,1694,1,111,19,1583,0,0,0,363,20,665,0,1028,California
Sierra,2021-03-13,27,1721,0,111,27,1610,0,0,27,390,0,665,27,1055,California
Sierra,2021-03-14,1,1722,0,111,0,1610,1,1,0,390,1,666,1,1056,California
Sierra,2021-03-15,2,1724,1,112,0,1610,1,2,0,389,2,668,1,1057,California
Sierra,2021-03-16,35,1759,0,112,34,1644,1,3,22,399,13,681,23,1080,California
Sierra,2021-03-17,3,1762,2,114,1,1645,0,3,0,396,3,684,0,1080,California
Sierra,2021-03-18,157,1919,0,114,157,1802,0,3,65,369,92,776,65,1145,California
Sierra,2021-03-19,4,1923,2,116,2,1804,0,3,1,367,3,779,1,1146,California
Sierra,2021-03-20,1,1924,0,116,1,1805,0,3,1,368,0,779,1,1147,California
Sierra,2021-03-23,22,1946,0,116,22,1827,0,3,13,372,9,788,13,1160,California
Sierra,2021-03-24,3,1949,1,117,2,1829,0,3,1,371,2,790,1,1161,California
Sierra,2021-03-25,98,2047,0,117,98,1927,0,3,49,371,49,839,49,1210,California
Sierra,2021-03-26,12,2059,1,118,11,1938,0,3,8,375,4,843,8,1218,California
Sierra,2021-03-27,1,2060,0,118,1,1939,0,3,0,374,1,844,0,1218,California
Sierra,2021-03-29,1,2061,1,119,0,1939,0,3,0,373,1,845,0,1218,California
Sierra,2021-03-30,54,2115,1,120,53,1992,0,3,22,363,32,877,22,1240,California
Sierra,2021-03-31,8,2123,0,120,8,2000,0,3,8,371,0,877,8,1248,California
Sierra,2021-04-01,63,2186,1,121,62,2062,0,3,5,320,56,933,5,1253,California
Sierra,2021-04-02,3,2189,2,123,1,2063,0,3,2,321,1,934,2,1255,California
Sierra,2021-04-04,1,2190,0,123,1,2064,0,3,0,321,0,934,0,1255,California
Sierra,2021-04-06,11,2201,0,123,11,2075,0,3,1,312,10,944,1,1256,California
Sierra,2021-04-07,14,2215,3,126,6,2081,5,8,3,310,10,954,8,1264,California
Sierra,2021-04-08,53,2268,2,128,51,2132,0,8,16,289,37,991,16,1280,California
Sierra,2021-04-09,2,2270,2,130,0,2132,0,8,1,289,1,992,1,1281,California
Sierra,2021-04-10,27,2297,0,130,27,2159,0,8,0,262,27,1019,0,1281,California
Sierra,2021-04-13,43,2340,0,130,43,2202,0,8,5,229,38,1057,5,1286,California
Sierra,2021-04-14,1,2341,0,130,1,2203,0,8,1,230,0,1057,1,1287,California
Sierra,2021-04-15,48,2389,1,131,47,2250,0,8,2,186,46,1103,2,1289,California
Sierra,2021-04-17,2,2391,1,132,1,2251,0,8,1,186,1,1104,1,1290,California
Sierra,2021-04-18,1,2392,0,132,1,2252,0,8,0,186,0,1104,0,1290,California
Sierra,2021-04-19,1,2393,1,133,0,2252,0,8,0,185,1,1105,0,1290,California
Sierra,2021-04-20,33,2426,0,133,33,2285,0,8,7,166,26,1131,7,1297,California
Sierra,2021-04-21,2,2428,1,134,1,2286,0,8,1,166,1,1132,1,1298,California
Sierra,2021-04-22,64,2492,1,135,63,2349,0,8,5,113,58,1190,5,1303,California
Sierra,2021-04-23,13,2505,0,135,13,2362,0,8,4,108,9,1199,4,1307,California
Sierra,2021-04-24,4,2509,0,135,4,2366,0,8,4,112,0,1199,4,1311,California
Sierra,2021-04-26,1,2510,0,135,1,2367,0,8,1,113,0,1199,1,1312,California
Sierra,2021-04-27,27,2537,0,135,27,2394,0,8,4,94,23,1222,4,1316,California
Sierra,2021-04-28,10,2547,2,137,8,2402,0,8,1,86,9,1231,1,1317,California
Sierra,2021-04-29,20,2567,2,139,18,2420,0,8,14,94,6,1237,14,1331,California
Sierra,2021-04-30,4,2571,2,141,2,2422,0,8,2,94,2,1239,2,1333,California
Sierra,2021-05-01,1,2572,0,141,1,2423,0,8,0,94,0,1239,0,1333,California
Sierra,2021-05-03,1,2573,1,142,0,2423,0,8,1,95,0,1239,1,1334,California
Sierra,2021-05-04,1,2574,0,142,1,2424,0,8,0,94,1,1240,0,1334,California
Sierra,2021-05-05,23,2597,1,143,22,2446,0,8,8,87,15,1255,8,1342,California
Sierra,2021-05-06,1,2598,1,144,0,2446,0,8,0,86,1,1256,0,1342,California
Sierra,2021-05-07,1,2599,1,145,0,2446,0,8,1,87,0,1256,1,1343,California
Sierra,2021-05-08,1,2600,0,145,0,2446,1,9,0,87,1,1257,1,1344,California
Sierra,2021-05-11,11,2611,0,145,4,2450,7,16,0,83,11,1268,7,1351,California
Sierra,2021-05-12,11,2622,1,146,10,2460,0,16,8,88,3,1271,8,1359,California
Sierra,2021-05-13,3,2625,2,148,1,2461,0,16,2,89,1,1272,2,1361,California
Sierra,2021-05-14,3,2628,1,149,2,2463,0,16,3,92,0,1272,3,1364,California
Sierra,2021-05-17,1,2629,1,150,0,2463,0,16,1,93,0,1272,1,1365,California
Sierra,2021-05-18,2,2631,0,150,1,2464,1,17,0,92,2,1274,1,1366,California
Sierra,2021-05-19,6,2637,2,152,4,2468,0,17,2,90,4,1278,2,1368,California
Sierra,2021-05-20,9,2646,8,160,0,2468,1,18,8,98,1,1279,9,1377,California
Sierra,2021-05-21,4,2650,2,162,2,2470,0,18,1,96,3,1282,1,1378,California
Sierra,2021-05-22,5,2655,0,162,5,2475,0,18,1,93,4,1286,1,1379,California
Sierra,2021-05-23,1,2656,0,162,1,2476,0,18,1,94,0,1286,1,1380,California
Sierra,2021-05-24,3,2659,1,163,2,2478,0,18,2,95,1,1287,2,1382,California
Sierra,2021-05-25,3,2662,0,163,3,2481,0,18,1,94,2,1289,1,1383,California
Sierra,2021-05-26,8,2670,0,163,8,2489,0,18,4,94,4,1293,4,1387,California
Sierra,2021-05-27,9,2679,1,164,7,2496,1,19,2,90,7,1300,3,1390,California
Sierra,2021-05-28,4,2683,2,166,2,2498,0,19,2,90,2,1302,2,1392,California
Sierra,2021-05-29,2,2685,0,166,2,2500,0,19,2,92,0,1302,2,1394,California
Sierra,2021-05-30,1,2686,1,167,0,2500,0,19,1,93,0,1302,1,1395,California
Sierra,2021-06-01,1,2687,0,167,1,2501,0,19,0,92,1,1303,0,1395,California
Sierra,2021-06-02,23,2710,0,167,21,2522,2,21,0,72,22,1325,2,1397,California
Sierra,2021-06-03,3,2713,2,169,1,2523,0,21,0,69,3,1328,0,1397,California
Sierra,2021-06-04,2,2715,2,171,0,2523,0,21,1,69,1,1329,1,1398,California
Sierra,2021-06-08,1,2716,1,172,0,2523,0,21,1,70,0,1329,1,1399,California
Sierra,2021-06-09,8,2724,1,173,5,2528,2,23,0,64,8,1337,2,1401,California
Sierra,2021-06-10,8,2732,8,181,0,2528,0,23,4,64,4,1341,4,1405,California
Sierra,2021-06-11,3,2735,1,182,2,2530,0,23,0,61,3,1344,0,1405,California
Sierra,2021-06-12,1,2736,1,183,0,2530,0,23,1,62,0,1344,1,1406,California
Sierra,2021-06-13,1,2737,1,184,0,2530,0,23,0,61,1,1345,0,1406,California
Sierra,2021-06-14,7,2744,5,189,1,2531,1,24,3,61,4,1349,4,1410,California
Sierra,2021-06-15,2,2746,1,190,1,2532,0,24,1,62,0,1349,1,1411,California
Sierra,2021-06-16,6,2752,1,191,5,2537,0,24,2,60,4,1353,2,1413,California
Sierra,2021-06-17,4,2756,2,193,1,2538,1,25,2,61,2,1355,3,1416,California
Sierra,2021-06-18,2,2758,1,194,0,2538,1,26,0,60,2,1357,1,1417,California
Sierra,2021-06-21,1,2759,0,194,1,2539,0,26,0,59,1,1358,0,1417,California
Sierra,2021-06-22,5,2764,3,197,2,2541,0,26,3,60,2,1360,3,1420,California
Sierra,2021-06-23,6,2770,0,197,6,2547,0,26,2,58,4,1364,2,1422,California
Sierra,2021-06-24,6,2776,0,197,2,2549,4,30,1,58,5,1369,5,1427,California
Sierra,2021-06-27,1,2777,1,198,0,2549,0,30,1,59,0,1369,1,1428,California
Sierra,2021-06-28,1,2778,0,198,0,2549,1,31,0,59,1,1370,1,1429,California
Sierra,2021-06-30,3,2781,2,200,0,2549,1,32,1,59,2,1372,2,1431,California
Sierra,2021-07-01,3,2784,1,201,2,2551,0,32,2,60,1,1373,2,1433,California
Sierra,2021-07-02,1,2785,1,202,0,2551,0,32,0,59,1,1374,0,1433,California
Sierra,2021-07-03,1,2786,1,203,0,2551,0,32,0,58,1,1375,0,1433,California
Sierra,2021-07-06,1,2787,1,204,0,2551,0,32,0,57,1,1376,0,1433,California
Sierra,2021-07-07,6,2793,6,210,0,2551,0,32,2,55,4,1380,2,1435,California
Sierra,2021-07-08,2,2795,1,211,1,2552,0,32,1,55,1,1381,1,1436,California
Sierra,2021-07-09,2,2797,2,213,0,2552,0,32,2,57,0,1381,2,1438,California
Siskiyou,2020-12-16,2,2,2,2,0,0,0,0,2,2,0,0,2,2,California
Siskiyou,2020-12-17,4,6,4,6,0,0,0,0,4,6,0,0,4,6,California
Siskiyou,2020-12-18,2,8,2,8,0,0,0,0,2,8,0,0,2,8,California
Siskiyou,2020-12-19,4,12,4,12,0,0,0,0,4,12,0,0,4,12,California
Siskiyou,2020-12-20,1,13,1,13,0,0,0,0,1,13,0,0,1,13,California
Siskiyou,2020-12-21,132,145,132,145,0,0,0,0,132,145,0,0,132,145,California
Siskiyou,2020-12-22,158,303,158,303,0,0,0,0,158,303,0,0,158,303,California
Siskiyou,2020-12-23,144,447,144,447,0,0,0,0,144,447,0,0,144,447,California
Siskiyou,2020-12-24,5,452,5,452,0,0,0,0,5,452,0,0,5,452,California
Siskiyou,2020-12-26,2,454,0,452,2,2,0,0,2,454,0,0,2,454,California
Siskiyou,2020-12-27,2,456,0,452,2,4,0,0,2,456,0,0,2,456,California
Siskiyou,2020-12-28,4,460,2,454,2,6,0,0,4,460,0,0,4,460,California
Siskiyou,2020-12-29,6,466,2,456,4,10,0,0,6,466,0,0,6,466,California
Siskiyou,2020-12-30,101,567,4,460,97,107,0,0,101,567,0,0,101,567,California
Siskiyou,2020-12-31,12,579,0,460,12,119,0,0,12,579,0,0,12,579,California
Siskiyou,2021-01-02,1,580,1,461,0,119,0,0,1,580,0,0,1,580,California
Siskiyou,2021-01-03,1,581,0,461,1,120,0,0,1,581,0,0,1,581,California
Siskiyou,2021-01-04,132,713,3,464,129,249,0,0,132,713,0,0,132,713,California
Siskiyou,2021-01-05,116,829,4,468,112,361,0,0,114,826,2,2,115,828,California
Siskiyou,2021-01-06,61,890,6,474,55,416,0,0,57,879,4,6,57,885,California
Siskiyou,2021-01-07,176,1066,4,478,172,588,0,0,175,1053,1,7,175,1060,California
Siskiyou,2021-01-08,44,1110,3,481,41,629,0,0,42,1093,2,9,42,1102,California
Siskiyou,2021-01-09,3,1113,3,484,0,629,0,0,1,1092,2,11,1,1103,California
Siskiyou,2021-01-11,293,1406,135,619,158,787,0,0,160,1119,133,144,160,1263,California
Siskiyou,2021-01-12,254,1660,205,824,49,836,0,0,91,1048,163,307,92,1355,California
Siskiyou,2021-01-13,160,1820,139,963,21,857,0,0,23,934,137,444,23,1378,California
Siskiyou,2021-01-14,36,1856,1,964,35,892,0,0,35,968,1,445,35,1413,California
Siskiyou,2021-01-15,55,1911,3,967,52,944,0,0,55,1023,0,445,55,1468,California
Siskiyou,2021-01-16,7,1918,2,969,5,949,0,0,7,1030,0,445,7,1475,California
Siskiyou,2021-01-17,1,1919,1,970,0,949,0,0,0,1029,1,446,0,1475,California
Siskiyou,2021-01-18,75,1994,3,973,72,1021,0,0,73,1100,2,448,73,1548,California
Siskiyou,2021-01-19,41,2035,1,974,40,1061,0,0,40,1139,1,449,40,1588,California
Siskiyou,2021-01-20,68,2103,35,1009,33,1094,0,0,64,1199,4,453,64,1652,California
Siskiyou,2021-01-21,69,2172,1,1010,68,1162,0,0,69,1268,0,453,69,1721,California
Siskiyou,2021-01-22,1345,3517,1177,2187,168,1330,0,0,1345,2613,0,453,1345,3066,California
Siskiyou,2021-01-23,6,3523,2,2189,4,1334,0,0,3,2613,3,456,3,3069,California
Siskiyou,2021-01-25,209,3732,9,2198,200,1534,0,0,205,2814,4,460,205,3274,California
Siskiyou,2021-01-26,158,3890,4,2202,154,1688,0,0,149,2954,9,469,149,3423,California
Siskiyou,2021-01-27,203,4093,3,2205,200,1888,0,0,138,3028,64,533,138,3561,California
Siskiyou,2021-01-28,260,4353,118,2323,142,2030,0,0,235,3244,19,552,235,3796,California
Siskiyou,2021-01-29,271,4624,3,2326,268,2298,0,0,252,3477,19,571,252,4048,California
Siskiyou,2021-01-30,6,4630,5,2331,1,2299,0,0,6,3483,0,571,6,4054,California
Siskiyou,2021-02-01,215,4845,3,2334,212,2511,0,0,114,3496,101,672,114,4168,California
Siskiyou,2021-02-02,318,5163,45,2379,273,2784,0,0,164,3506,154,826,164,4332,California
Siskiyou,2021-02-03,334,5497,1,2380,333,3117,0,0,265,3702,69,895,265,4597,California
Siskiyou,2021-02-04,370,5867,7,2387,363,3480,0,0,229,3790,141,1036,229,4826,California
Siskiyou,2021-02-05,546,6413,4,2391,542,4022,0,0,371,3986,175,1211,371,5197,California
Siskiyou,2021-02-06,15,6428,0,2391,15,4037,0,0,15,4001,0,1211,15,5212,California
Siskiyou,2021-02-07,2,6430,1,2392,1,4038,0,0,2,4003,0,1211,2,5214,California
Siskiyou,2021-02-08,242,6672,4,2396,238,4276,0,0,217,4195,25,1236,217,5431,California
Siskiyou,2021-02-09,247,6919,4,2400,243,4519,0,0,194,4336,53,1289,194,5625,California
Siskiyou,2021-02-10,389,7308,41,2441,348,4867,0,0,319,4586,69,1358,319,5944,California
Siskiyou,2021-02-11,215,7523,1,2442,214,5081,0,0,185,4741,30,1388,185,6129,California
Siskiyou,2021-02-12,1705,9228,1199,3641,506,5587,0,0,497,4030,1208,2596,497,6626,California
Siskiyou,2021-02-13,36,9264,2,3643,34,5621,0,0,31,4056,5,2601,31,6657,California
Siskiyou,2021-02-14,6,9270,2,3645,4,5625,0,0,6,4062,0,2601,6,6663,California
Siskiyou,2021-02-15,106,9376,9,3654,97,5722,0,0,103,4162,3,2604,103,6766,California
Siskiyou,2021-02-16,137,9513,2,3656,135,5857,0,0,100,4225,37,2641,100,6866,California
Siskiyou,2021-02-17,298,9811,16,3672,282,6139,0,0,261,4449,37,2678,261,7127,California
Siskiyou,2021-02-18,272,10083,88,3760,184,6323,0,0,129,4435,143,2821,129,7256,California
Siskiyou,2021-02-19,97,10180,34,3794,63,6386,0,0,36,4412,59,2880,36,7292,California
Siskiyou,2021-02-20,23,10203,5,3799,18,6404,0,0,16,4423,7,2887,18,7310,California
Siskiyou,2021-02-21,1,10204,1,3800,0,6404,0,0,1,4424,0,2887,1,7311,California
Siskiyou,2021-02-22,218,10422,2,3802,216,6620,0,0,78,4362,140,3027,78,7389,California
Siskiyou,2021-02-23,346,10768,14,3816,332,6952,0,0,194,4404,152,3179,194,7583,California
Siskiyou,2021-02-24,173,10941,5,3821,168,7120,0,0,50,4331,123,3302,50,7633,California
Siskiyou,2021-02-25,319,11260,26,3847,293,7413,0,0,162,4337,156,3458,162,7795,California
Siskiyou,2021-02-26,682,11942,11,3858,671,8084,0,0,372,4399,310,3768,372,8167,California
Siskiyou,2021-02-27,31,11973,5,3863,26,8110,0,0,27,4422,4,3772,27,8194,California
Siskiyou,2021-02-28,4,11977,4,3867,0,8110,0,0,3,4424,1,3773,3,8197,California
Siskiyou,2021-03-01,295,12272,6,3873,289,8399,0,0,51,4231,244,4017,51,8248,California
Siskiyou,2021-03-02,211,12483,1,3874,210,8609,0,0,70,4160,141,4158,70,8318,California
Siskiyou,2021-03-03,353,12836,12,3886,341,8950,0,0,155,4117,198,4356,155,8473,California
Siskiyou,2021-03-04,833,13669,623,4509,210,9160,0,0,647,4578,186,4542,647,9120,California
Siskiyou,2021-03-05,354,14023,6,4515,337,9497,11,11,105,4448,246,4788,116,9236,California
Siskiyou,2021-03-06,43,14066,3,4518,33,9530,7,18,28,4468,15,4803,35,9271,California
Siskiyou,2021-03-07,12,14078,4,4522,0,9530,8,26,2,4468,10,4813,10,9281,California
Siskiyou,2021-03-08,439,14517,28,4550,377,9907,34,60,68,4199,371,5184,102,9383,California
Siskiyou,2021-03-09,248,14765,2,4552,192,10099,54,114,44,4093,204,5388,98,9481,California
Siskiyou,2021-03-10,299,15064,7,4559,262,10361,30,144,26,3876,273,5661,56,9537,California
Siskiyou,2021-03-11,521,15585,205,4764,269,10630,47,191,282,3967,238,5899,329,9866,California
Siskiyou,2021-03-12,697,16282,141,4905,517,11147,39,230,184,3678,511,6410,222,10088,California
Siskiyou,2021-03-13,427,16709,379,5284,25,11172,23,253,379,4032,48,6458,402,10490,California
Siskiyou,2021-03-14,19,16728,0,5284,3,11175,16,269,1,4031,18,6476,17,10507,California
Siskiyou,2021-03-15,515,17243,258,5542,193,11368,64,333,339,4258,176,6652,403,10910,California
Siskiyou,2021-03-16,257,17500,34,5576,206,11574,17,350,140,4299,116,6768,157,11067,California
Siskiyou,2021-03-17,204,17704,9,5585,187,11761,8,358,35,4173,169,6937,43,11110,California
Siskiyou,2021-03-18,928,18632,790,6375,126,11887,12,370,807,4872,120,7057,819,11929,California
Siskiyou,2021-03-19,68,18700,10,6385,45,11932,13,383,19,4855,49,7106,32,11961,California
Siskiyou,2021-03-20,29,18729,7,6392,18,11950,4,387,6,4842,23,7129,10,11971,California
Siskiyou,2021-03-21,9,18738,3,6395,1,11951,5,392,3,4844,6,7135,8,11979,California
Siskiyou,2021-03-22,207,18945,21,6416,164,12115,22,414,143,4948,61,7196,165,12144,California
Siskiyou,2021-03-23,194,19139,19,6435,166,12281,9,423,141,5044,53,7249,149,12293,California
Siskiyou,2021-03-24,144,19283,48,6483,96,12377,0,423,115,5130,29,7278,115,12408,California
Siskiyou,2021-03-25,573,19856,320,6803,250,12627,3,426,399,5358,174,7452,402,12810,California
Siskiyou,2021-03-26,308,20164,35,6838,273,12900,0,426,101,5254,205,7657,101,12911,California
Siskiyou,2021-03-27,38,20202,5,6843,28,12928,5,431,10,5241,28,7685,15,12926,California
Siskiyou,2021-03-28,8,20210,7,6850,1,12929,0,431,5,5243,3,7688,5,12931,California
Siskiyou,2021-03-29,95,20305,10,6860,83,13012,2,433,46,5242,49,7737,48,12979,California
Siskiyou,2021-03-30,98,20403,6,6866,91,13103,1,434,40,5225,58,7795,41,13020,California
Siskiyou,2021-03-31,191,20594,21,6887,167,13270,3,437,48,5137,140,7935,52,13072,California
Siskiyou,2021-04-01,829,21423,670,7557,159,13429,0,437,214,4736,615,8550,214,13286,California
Siskiyou,2021-04-02,347,21770,197,7754,146,13575,4,441,66,4527,279,8829,70,13356,California
Siskiyou,2021-04-03,26,21796,5,7759,14,13589,7,448,5,4518,21,8850,12,13368,California
Siskiyou,2021-04-04,1,21797,0,7759,1,13590,0,448,1,4519,0,8850,1,13369,California
Siskiyou,2021-04-05,437,22234,331,8090,80,13670,26,474,26,4161,410,9260,52,13421,California
Siskiyou,2021-04-06,223,22457,37,8127,133,13803,53,527,129,4250,92,9352,181,13602,California
Siskiyou,2021-04-07,119,22576,11,8138,65,13868,43,570,66,4307,53,9405,110,13712,California
Siskiyou,2021-04-08,356,22932,187,8325,127,13995,42,612,65,4123,291,9696,107,13819,California
Siskiyou,2021-04-09,547,23479,377,8702,132,14127,38,650,85,3786,461,10157,124,13943,California
Siskiyou,2021-04-10,44,23523,5,8707,3,14130,36,686,6,3790,38,10195,42,13985,California
Siskiyou,2021-04-11,7,23530,4,8711,1,14131,2,688,2,3789,5,10200,4,13989,California
Siskiyou,2021-04-12,129,23659,24,8735,103,14234,2,690,31,3724,98,10298,33,14022,California
Siskiyou,2021-04-13,207,23866,37,8772,169,14403,1,691,81,3680,126,10424,82,14104,California
Siskiyou,2021-04-14,157,24023,64,8836,93,14496,0,691,85,3695,70,10494,85,14189,California
Siskiyou,2021-04-15,1117,25140,957,9793,160,14656,0,691,438,3455,679,11173,439,14628,California
Siskiyou,2021-04-16,314,25454,219,10012,95,14751,0,691,270,3683,42,11215,270,14898,California
Siskiyou,2021-04-17,11,25465,8,10020,3,14754,0,691,7,3686,4,11219,7,14905,California
Siskiyou,2021-04-18,6,25471,3,10023,3,14757,0,691,2,3684,4,11223,2,14907,California
Siskiyou,2021-04-19,129,25600,24,10047,105,14862,0,691,47,3649,82,11305,47,14954,California
Siskiyou,2021-04-20,236,25836,5,10052,231,15093,0,691,94,3602,141,11446,94,15048,California
Siskiyou,2021-04-21,96,25932,10,10062,86,15179,0,691,26,3558,70,11516,26,15074,California
Siskiyou,2021-04-22,414,26346,301,10363,113,15292,0,691,49,3242,365,11881,49,15123,California
Siskiyou,2021-04-23,181,26527,15,10378,166,15458,0,691,159,3380,21,11902,159,15282,California
Siskiyou,2021-04-24,28,26555,4,10382,24,15482,0,691,20,3392,8,11910,20,15302,California
Siskiyou,2021-04-25,2,26557,0,10382,2,15484,0,691,2,3394,0,11910,2,15304,California
Siskiyou,2021-04-26,101,26658,4,10386,92,15576,5,696,24,3346,77,11987,29,15333,California
Siskiyou,2021-04-27,114,26772,5,10391,107,15683,2,698,87,3410,25,12012,89,15422,California
Siskiyou,2021-04-28,111,26883,8,10399,95,15778,8,706,53,3413,58,12070,61,15483,California
Siskiyou,2021-04-29,150,27033,16,10415,133,15911,1,707,30,3324,120,12190,31,15514,California
Siskiyou,2021-04-30,102,27135,20,10435,81,15992,1,708,45,3315,54,12244,45,15559,California
Siskiyou,2021-05-01,11,27146,7,10442,1,15993,3,711,7,3321,4,12248,10,15569,California
Siskiyou,2021-05-02,10,27156,4,10446,6,15999,0,711,9,3329,1,12249,9,15578,California
Siskiyou,2021-05-03,111,27267,23,10469,86,16085,2,713,46,3312,65,12314,48,15626,California
Siskiyou,2021-05-04,123,27390,7,10476,114,16199,2,715,60,3312,62,12376,62,15688,California
Siskiyou,2021-05-05,116,27506,20,10496,87,16286,9,724,39,3284,76,12452,48,15736,California
Siskiyou,2021-05-06,367,27873,296,10792,65,16351,6,730,190,3303,177,12629,196,15932,California
Siskiyou,2021-05-07,308,28181,219,11011,84,16435,5,735,31,3063,276,12905,36,15968,California
Siskiyou,2021-05-08,25,28206,4,11015,20,16455,1,736,18,3075,7,12912,19,15987,California
Siskiyou,2021-05-09,1,28207,0,11015,1,16456,0,736,0,3074,1,12913,0,15987,California
Siskiyou,2021-05-10,98,28305,67,11082,30,16486,1,737,21,3019,77,12990,22,16009,California
Siskiyou,2021-05-11,88,28393,8,11090,75,16561,5,742,52,3040,36,13026,57,16066,California
Siskiyou,2021-05-12,109,28502,4,11094,101,16662,4,746,17,2970,91,13117,21,16087,California
Siskiyou,2021-05-13,131,28633,35,11129,87,16749,9,755,38,2924,93,13210,47,16134,California
Siskiyou,2021-05-14,176,28809,82,11211,93,16842,1,756,108,2966,67,13277,109,16243,California
Siskiyou,2021-05-15,43,28852,13,11224,28,16870,2,758,36,2998,6,13283,38,16281,California
Siskiyou,2021-05-16,6,28858,2,11226,4,16874,0,758,4,3000,2,13285,4,16285,California
Siskiyou,2021-05-17,65,28923,1,11227,41,16915,23,781,11,2980,54,13339,34,16319,California
Siskiyou,2021-05-18,222,29145,83,11310,135,17050,4,785,125,3013,96,13435,129,16448,California
Siskiyou,2021-05-19,202,29347,97,11407,104,17154,1,786,168,3148,34,13469,169,16617,California
Siskiyou,2021-05-20,534,29881,430,11837,102,17256,2,788,238,3094,294,13763,240,16857,California
Siskiyou,2021-05-21,239,30120,95,11932,144,17400,0,788,109,3074,129,13892,109,16966,California
Siskiyou,2021-05-22,42,30162,19,11951,23,17423,0,788,27,3086,15,13907,27,16993,California
Siskiyou,2021-05-23,4,30166,3,11954,1,17424,0,788,2,3086,2,13909,2,16995,California
Siskiyou,2021-05-24,43,30209,3,11957,40,17464,0,788,29,3102,13,13922,29,17024,California
Siskiyou,2021-05-25,156,30365,15,11972,121,17585,20,808,49,3066,105,14027,69,17093,California
Siskiyou,2021-05-26,76,30441,19,11991,57,17642,0,808,41,3072,35,14062,41,17134,California
Siskiyou,2021-05-27,133,30574,94,12085,37,17679,2,810,57,3055,76,14138,59,17193,California
Siskiyou,2021-05-28,152,30726,58,12143,93,17772,1,811,100,3105,51,14189,101,17294,California
Siskiyou,2021-05-29,16,30742,9,12152,4,17776,3,814,5,3102,11,14200,8,17302,California
Siskiyou,2021-05-31,2,30744,1,12153,0,17776,1,815,1,3103,1,14201,2,17304,California
Siskiyou,2021-06-01,86,30830,20,12173,66,17842,0,815,29,3076,56,14257,29,17333,California
Siskiyou,2021-06-02,123,30953,33,12206,90,17932,0,815,47,3047,76,14333,47,17380,California
Siskiyou,2021-06-03,156,31109,109,12315,42,17974,5,820,40,2976,116,14449,45,17425,California
Siskiyou,2021-06-04,100,31209,76,12391,24,17998,0,820,21,2918,79,14528,21,17446,California
Siskiyou,2021-06-05,36,31245,17,12408,18,18016,1,821,14,2911,22,14550,15,17461,California
Siskiyou,2021-06-06,3,31248,2,12410,0,18016,1,822,0,2909,3,14553,1,17462,California
Siskiyou,2021-06-07,38,31286,4,12414,30,18046,4,826,26,2927,12,14565,30,17492,California
Siskiyou,2021-06-08,210,31496,94,12508,113,18159,3,829,65,2855,140,14705,68,17560,California
Siskiyou,2021-06-09,113,31609,84,12592,28,18187,1,830,31,2805,82,14787,32,17592,California
Siskiyou,2021-06-10,177,31786,145,12737,31,18218,1,831,77,2783,100,14887,78,17670,California
Siskiyou,2021-06-11,112,31898,60,12797,45,18263,7,838,23,2745,68,14955,30,17700,California
Siskiyou,2021-06-12,29,31927,6,12803,23,18286,0,838,9,2734,20,14975,9,17709,California
Siskiyou,2021-06-13,24,31951,16,12819,8,18294,0,838,2,2714,22,14997,2,17711,California
Siskiyou,2021-06-14,24,31975,4,12823,16,18310,4,842,11,2715,13,15010,14,17725,California
Siskiyou,2021-06-15,89,32064,22,12845,54,18364,13,855,32,2703,57,15067,45,17770,California
Siskiyou,2021-06-16,102,32166,23,12868,77,18441,2,857,10,2623,92,15159,12,17782,California
Siskiyou,2021-06-17,186,32352,142,13010,32,18473,12,869,40,2530,145,15304,52,17834,California
Siskiyou,2021-06-18,96,32448,61,13071,27,18500,8,877,19,2480,77,15381,27,17861,California
Siskiyou,2021-06-19,26,32474,17,13088,9,18509,0,877,12,2478,14,15395,12,17873,California
Siskiyou,2021-06-20,2,32476,1,13089,0,18509,1,878,1,2479,1,15396,2,17875,California
Siskiyou,2021-06-21,38,32514,3,13092,33,18542,2,880,5,2453,33,15429,7,17882,California
Siskiyou,2021-06-22,65,32579,24,13116,37,18579,4,884,31,2454,34,15463,35,17917,California
Siskiyou,2021-06-23,53,32632,7,13123,41,18620,5,889,11,2429,41,15504,16,17933,California
Siskiyou,2021-06-24,92,32724,51,13174,32,18652,9,898,46,2438,46,15550,55,17988,California
Siskiyou,2021-06-25,96,32820,60,13234,36,18688,0,898,65,2472,31,15581,65,18053,California
Siskiyou,2021-06-26,8,32828,3,13237,5,18693,0,898,4,2472,4,15585,4,18057,California
Siskiyou,2021-06-28,10,32838,4,13241,6,18699,0,898,5,2472,5,15590,5,18062,California
Siskiyou,2021-06-29,77,32915,52,13293,23,18722,2,900,40,2477,37,15627,42,18104,California
Siskiyou,2021-06-30,53,32968,10,13303,40,18762,3,903,13,2453,40,15667,16,18120,California
Siskiyou,2021-07-01,32,33000,20,13323,7,18769,5,908,9,2444,23,15690,14,18134,California
Siskiyou,2021-07-02,58,33058,36,13359,22,18791,0,908,40,2466,18,15708,40,18174,California
Siskiyou,2021-07-03,16,33074,5,13364,11,18802,0,908,9,2468,7,15715,9,18183,California
Siskiyou,2021-07-05,15,33089,5,13369,10,18812,0,908,4,2462,10,15725,4,18187,California
Siskiyou,2021-07-06,60,33149,14,13383,41,18853,5,913,18,2443,42,15767,23,18210,California
Siskiyou,2021-07-07,36,33185,10,13393,24,18877,2,915,12,2433,24,15791,14,18224,California
Siskiyou,2021-07-08,106,33291,75,13468,29,18906,2,917,44,2418,62,15853,47,18271,California
Siskiyou,2021-07-09,66,33357,42,13510,23,18929,1,918,51,2455,15,15868,52,18323,California
Siskiyou,2021-07-10,2,33359,1,13511,1,18930,0,918,2,2457,0,15868,2,18325,California
Solano,2020-12-15,4,4,4,4,0,0,0,0,4,4,0,0,4,4,California
Solano,2020-12-16,71,75,71,75,0,0,0,0,71,75,0,0,71,75,California
Solano,2020-12-17,171,246,171,246,0,0,0,0,171,246,0,0,171,246,California
Solano,2020-12-18,480,726,478,724,2,2,0,0,480,726,0,0,480,726,California
Solano,2020-12-19,522,1248,522,1246,0,2,0,0,522,1248,0,0,522,1248,California
Solano,2020-12-20,355,1603,353,1599,2,4,0,0,355,1603,0,0,355,1603,California
Solano,2020-12-21,576,2179,574,2173,2,6,0,0,576,2179,0,0,576,2179,California
Solano,2020-12-22,666,2845,631,2804,35,41,0,0,666,2845,0,0,666,2845,California
Solano,2020-12-23,862,3707,770,3574,92,133,0,0,861,3705,1,1,861,3706,California
Solano,2020-12-24,424,4131,170,3744,254,387,0,0,424,4129,0,1,424,4130,California
Solano,2020-12-25,9,4140,1,3745,8,395,0,0,9,4138,0,1,9,4139,California
Solano,2020-12-26,174,4314,47,3792,127,522,0,0,174,4312,0,1,174,4313,California
Solano,2020-12-27,106,4420,29,3821,77,599,0,0,106,4418,0,1,106,4419,California
Solano,2020-12-28,880,5300,434,4255,446,1045,0,0,880,5298,0,1,880,5299,California
Solano,2020-12-29,914,6214,376,4631,538,1583,0,0,914,6212,0,1,914,6213,California
Solano,2020-12-30,1243,7457,602,5233,641,2224,0,0,1243,7455,0,1,1243,7456,California
Solano,2020-12-31,546,8003,141,5374,405,2629,0,0,546,8001,0,1,546,8002,California
Solano,2021-01-01,14,8017,13,5387,1,2630,0,0,14,8015,0,1,14,8016,California
Solano,2021-01-02,218,8235,170,5557,48,2678,0,0,218,8233,0,1,218,8234,California
Solano,2021-01-03,55,8290,40,5597,15,2693,0,0,49,8282,0,1,49,8283,California
Solano,2021-01-04,451,8741,243,5840,208,2901,0,0,442,8722,2,3,442,8725,California
Solano,2021-01-05,735,9476,383,6223,352,3253,0,0,574,9140,156,159,574,9299,California
Solano,2021-01-06,850,10326,439,6662,411,3664,0,0,577,9446,271,430,577,9876,California
Solano,2021-01-07,1070,11396,684,7346,386,4050,0,0,594,9567,474,904,595,10471,California
Solano,2021-01-08,1155,12551,785,8131,370,4420,0,0,552,9536,585,1489,554,11025,California
Solano,2021-01-09,886,13437,762,8893,124,4544,0,0,427,9507,456,1945,427,11452,California
Solano,2021-01-10,254,13691,193,9086,61,4605,0,0,152,9557,102,2047,152,11604,California
Solano,2021-01-11,1334,15025,1121,10207,213,4818,0,0,817,9857,517,2564,817,12421,California
Solano,2021-01-12,1585,16610,1182,11389,403,5221,0,0,1028,10330,556,3120,1029,13450,California
Solano,2021-01-13,1470,18080,1006,12395,464,5685,0,0,1211,11284,257,3377,1211,14661,California
Solano,2021-01-14,1923,20003,832,13227,1091,6776,0,0,1604,12572,316,3693,1604,16265,California
Solano,2021-01-15,1719,21722,1062,14289,657,7433,0,0,1418,13689,301,3994,1418,17683,California
Solano,2021-01-16,1298,23020,907,15196,391,7824,0,0,1124,14639,174,4168,1124,18807,California
Solano,2021-01-17,1054,24074,757,15953,297,8121,0,0,1033,15652,21,4189,1034,19841,California
Solano,2021-01-18,1428,25502,856,16809,572,8693,0,0,1306,16836,122,4311,1306,21147,California
Solano,2021-01-19,1667,27169,1346,18155,321,9014,0,0,1390,17950,276,4587,1390,22537,California
Solano,2021-01-20,2068,29237,1427,19582,641,9655,0,0,1580,19045,485,5072,1580,24117,California
Solano,2021-01-21,3222,32459,1033,20615,2189,11844,0,0,2864,21553,358,5430,2866,26983,California
Solano,2021-01-22,1792,34251,859,21474,933,12777,0,0,1593,22948,199,5629,1594,28577,California
Solano,2021-01-23,743,34994,244,21718,499,13276,0,0,532,23269,212,5841,533,29110,California
Solano,2021-01-24,408,35402,63,21781,345,13621,0,0,340,23541,68,5909,340,29450,California
Solano,2021-01-25,1680,37082,632,22413,1048,14669,0,0,1119,24101,560,6469,1120,30570,California
Solano,2021-01-26,1804,38886,746,23159,1058,15727,0,0,1157,24612,647,7116,1158,31728,California
Solano,2021-01-27,1811,40697,720,23879,1091,16818,0,0,1193,25191,614,7730,1193,32921,California
Solano,2021-01-28,1983,42680,712,24591,1271,18089,0,0,1383,25976,599,8329,1384,34305,California
Solano,2021-01-29,1724,44404,777,25368,947,19036,0,0,1358,26971,363,8692,1358,35663,California
Solano,2021-01-30,928,45332,431,25799,497,19533,0,0,603,27250,325,9017,604,36267,California
Solano,2021-01-31,270,45602,178,25977,92,19625,0,0,174,27329,95,9112,174,36441,California
Solano,2021-02-01,1558,47160,1032,27009,526,20151,0,0,771,27316,784,9896,771,37212,California
Solano,2021-02-02,3385,50545,1101,28110,2284,22435,0,0,2566,29068,814,10710,2566,39778,California
Solano,2021-02-03,2274,52819,1309,29419,965,23400,0,0,1164,29125,1107,11817,1164,40942,California
Solano,2021-02-04,1816,54635,905,30324,911,24311,0,0,1084,29482,727,12544,1084,42026,California
Solano,2021-02-05,3125,57760,1418,31742,1707,26018,0,0,2110,30584,1008,13552,2110,44136,California
Solano,2021-02-06,3085,60845,1174,32916,1911,27929,0,0,2264,32031,817,14369,2264,46400,California
Solano,2021-02-07,846,61691,780,33696,66,27995,0,0,236,31658,609,14978,236,46636,California
Solano,2021-02-08,1777,63468,1244,34940,533,28528,0,0,724,31331,1051,16029,724,47360,California
Solano,2021-02-09,1962,65430,1492,36432,470,28998,0,0,701,30773,1259,17288,701,48061,California
Solano,2021-02-10,2294,67724,1507,37939,787,29785,0,0,824,30128,1469,18757,824,48885,California
Solano,2021-02-11,2551,70275,1502,39441,1049,30834,0,0,1201,29990,1339,20096,1201,50086,California
Solano,2021-02-12,4277,74552,1635,41076,2642,33476,0,0,2913,31548,1355,21451,2913,52999,California
Solano,2021-02-13,2898,77450,247,41323,2651,36127,0,0,2480,33614,414,21865,2480,55479,California
Solano,2021-02-14,733,78183,204,41527,529,36656,0,0,406,33696,325,22190,407,55886,California
Solano,2021-02-15,1273,79456,267,41794,1006,37662,0,0,654,33731,619,22809,654,56540,California
Solano,2021-02-16,2582,82038,1387,43181,1195,38857,0,0,1679,34509,902,23711,1680,58220,California
Solano,2021-02-17,3280,85318,1449,44630,1831,40688,0,0,2222,35677,1055,24766,2223,60443,California
Solano,2021-02-18,2931,88249,850,45480,2081,42769,0,0,863,34479,2061,26827,863,61306,California
Solano,2021-02-19,2498,90747,1470,46950,1028,43797,0,0,1184,34358,1307,28134,1186,62492,California
Solano,2021-02-20,2786,93533,395,47345,2391,46188,0,0,2260,36093,525,28659,2260,64752,California
Solano,2021-02-21,2342,95875,2013,49358,329,46517,0,0,2010,37776,327,28986,2010,66762,California
Solano,2021-02-22,1847,97722,1083,50441,764,47281,0,0,956,37846,887,29873,957,67719,California
Solano,2021-02-23,2998,100720,1167,51608,1831,49112,0,0,2022,38896,972,30845,2022,69741,California
Solano,2021-02-24,2590,103310,1296,52904,1294,50406,0,0,1423,39157,1163,32008,1424,71165,California
Solano,2021-02-25,2694,106004,1589,54493,1105,51511,0,0,1470,39409,1218,33226,1470,72635,California
Solano,2021-02-26,3574,109578,2284,56777,1290,52801,0,0,2111,40062,1458,34684,2111,74746,California
Solano,2021-02-27,3991,113569,1537,58314,2453,55254,1,1,3226,42536,753,35437,3227,77973,California
Solano,2021-02-28,1948,115517,1574,59888,373,55627,1,2,1616,43824,329,35766,1617,79590,California
Solano,2021-03-01,2765,118282,1230,61118,1534,57161,1,3,2087,45241,671,36437,2088,81678,California
Solano,2021-03-02,2341,120623,1415,62533,926,58087,0,3,1300,45501,1040,37477,1300,82978,California
Solano,2021-03-03,2269,122892,1276,63809,993,59080,0,3,1407,46057,852,38329,1408,84386,California
Solano,2021-03-04,4440,127332,3441,67250,997,60077,2,5,3174,47981,1255,39584,3179,87565,California
Solano,2021-03-05,4978,132310,1680,68930,3293,63370,5,10,3979,50977,988,40572,3984,91549,California
Solano,2021-03-06,3872,136182,835,69765,2996,66366,41,51,2647,52451,1214,41786,2688,94237,California
Solano,2021-03-07,3603,139785,763,70528,2814,69180,26,77,1953,52794,1637,43423,1980,96217,California
Solano,2021-03-08,2206,141991,1351,71879,583,69763,272,349,1630,54126,568,43991,1900,98117,California
Solano,2021-03-09,3246,145237,1568,73447,1623,71386,55,404,2338,55609,906,44897,2389,100506,California
Solano,2021-03-10,2442,147679,1761,75208,596,71982,85,489,1286,55827,1151,46048,1369,101875,California
Solano,2021-03-11,6055,153734,1763,76971,4042,76024,250,739,4997,60022,1053,47101,5248,107123,California
Solano,2021-03-12,6058,159792,1575,78546,4303,80327,180,919,3169,60494,2876,49977,3348,110471,California
Solano,2021-03-13,4626,164418,807,79353,3734,84061,85,1004,2239,60443,2378,52355,2327,112798,California
Solano,2021-03-14,4022,168440,3138,82491,428,84489,456,1460,1556,59991,2461,54816,2009,114807,California
Solano,2021-03-15,4041,172481,2459,84950,1255,85744,327,1787,2521,61329,1508,56324,2846,117653,California
Solano,2021-03-16,3113,175594,1323,86273,1552,87296,238,2025,1575,61610,1531,57855,1812,119465,California
Solano,2021-03-17,6524,182118,1681,87954,4748,92044,95,2120,4941,65067,1579,59434,5036,124501,California
Solano,2021-03-18,5232,187350,1860,89814,3333,95377,39,2159,3741,67366,1482,60916,3781,128282,California
Solano,2021-03-19,3596,190946,2655,92469,865,96242,76,2235,1630,67116,1957,62873,1707,129989,California
Solano,2021-03-20,5585,196531,1680,94149,3851,100093,54,2289,2612,66822,2960,65833,2666,132655,California
Solano,2021-03-21,1699,198230,1591,95740,83,100176,25,2314,376,65905,1316,67149,399,133054,California
Solano,2021-03-22,2713,200943,2058,97798,604,100780,51,2365,1568,66382,1139,68288,1616,134670,California
Solano,2021-03-23,3574,204517,1690,99488,1840,102620,44,2409,1390,65639,2176,70464,1433,136103,California
Solano,2021-03-24,2847,207364,1778,101266,1034,103654,35,2444,1361,65555,1478,71942,1394,137497,California
Solano,2021-03-25,4901,212265,4008,105274,858,104512,35,2479,2279,65253,2616,74558,2314,139811,California
Solano,2021-03-26,3253,215518,2110,107384,1106,105618,37,2516,1736,65521,1505,76063,1773,141584,California
Solano,2021-03-27,4231,219749,1162,108546,3028,108646,41,2557,1663,64662,2561,78624,1702,143286,California
Solano,2021-03-28,1425,221174,1112,109658,295,108941,18,2575,540,64339,881,79505,558,143844,California
Solano,2021-03-29,3543,224717,2043,111701,1484,110425,16,2591,1538,63904,1990,81495,1555,145399,California
Solano,2021-03-30,3062,227779,2028,113729,943,111368,91,2682,1911,64755,1150,82645,2001,147400,California
Solano,2021-03-31,3164,230943,2151,115880,853,112221,160,2842,1851,65455,1308,83953,2008,149408,California
Solano,2021-04-01,5583,236526,2110,117990,3319,115540,154,2996,3525,67090,2044,85997,3679,153087,California
Solano,2021-04-02,6639,243165,2239,120229,4231,119771,169,3165,2552,65740,4068,90065,2718,155805,California
Solano,2021-04-03,1532,244697,969,121198,410,120181,153,3318,569,65500,961,91026,721,156526,California
Solano,2021-04-04,785,245482,288,121486,193,120374,304,3622,241,65505,540,91566,545,157071,California
Solano,2021-04-05,3028,248510,2073,123559,746,121120,209,3831,1517,65721,1508,93074,1724,158795,California
Solano,2021-04-06,6073,254583,1637,125196,3945,125065,491,4322,1631,63409,4432,97506,2120,160915,California
Solano,2021-04-07,5991,260574,4642,129838,947,126012,402,4724,3400,64639,2572,100078,3802,164717,California
Solano,2021-04-08,6504,267078,1800,131638,3832,129844,872,5596,1798,62625,4674,104752,2660,167377,California
Solano,2021-04-09,6323,273401,1664,133302,3809,133653,850,6446,1521,60215,4774,109526,2364,169741,California
Solano,2021-04-10,1758,275159,965,134267,454,134107,339,6785,812,60420,944,110470,1149,170890,California
Solano,2021-04-11,1242,276401,773,135040,337,134444,132,6917,639,60591,600,111070,771,171661,California
Solano,2021-04-12,3294,279695,1703,136743,1230,135674,361,7278,1342,60344,1946,113016,1699,173360,California
Solano,2021-04-13,2574,282269,1115,137858,1458,137132,1,7279,1331,60437,1239,114255,1332,174692,California
Solano,2021-04-14,6549,288818,1967,139825,4582,141714,0,7279,1852,57602,4688,118943,1853,176545,California
Solano,2021-04-15,5749,294567,2174,141999,3574,145288,1,7280,1747,55362,3988,122931,1748,178293,California
Solano,2021-04-16,3710,298277,2597,144596,1111,146399,2,7282,2298,56259,1403,124334,2300,180593,California
Solano,2021-04-17,3292,301569,1074,145670,2218,148617,0,7282,1126,55232,2155,126489,1128,181721,California
Solano,2021-04-18,1056,302625,659,146329,397,149014,0,7282,550,55276,506,126995,550,182271,California
Solano,2021-04-19,2162,304787,1172,147501,990,150004,0,7282,1172,55467,983,127978,1174,183445,California
Solano,2021-04-20,3089,307876,1892,149393,1197,151201,0,7282,1707,55798,1376,129354,1707,185152,California
Solano,2021-04-21,3895,311771,2411,151804,1484,152685,0,7282,2040,55991,1847,131201,2040,187192,California
Solano,2021-04-22,3059,314830,1527,153331,1532,154217,0,7282,1803,56542,1252,132453,1803,188995,California
Solano,2021-04-23,4226,319056,2148,155479,2078,156295,0,7282,2539,57402,1681,134134,2541,191536,California
Solano,2021-04-24,3896,322952,2349,157828,1545,157840,2,7284,2584,58762,1226,135360,2586,194122,California
Solano,2021-04-25,1433,324385,1117,158945,316,158156,0,7284,1133,59602,293,135653,1133,195255,California
Solano,2021-04-26,2621,327006,1702,160647,915,159071,4,7288,1447,59894,1159,136812,1451,196706,California
Solano,2021-04-27,2604,329610,1308,161955,1266,160337,30,7318,1477,60286,1116,137928,1508,198214,California
Solano,2021-04-28,6087,335697,5029,166984,1012,161349,46,7364,3808,61876,2263,140191,3853,202067,California
Solano,2021-04-29,4583,340280,1475,168459,3073,164422,35,7399,2065,61468,2508,142699,2100,204167,California
Solano,2021-04-30,4177,344457,2234,170693,1802,166224,141,7540,1945,61336,2216,144915,2084,206251,California
Solano,2021-05-01,2189,346646,1684,172377,305,166529,200,7740,1298,61950,884,145799,1498,207749,California
Solano,2021-05-02,1201,347847,942,173319,234,166763,25,7765,661,62101,535,146334,686,208435,California
Solano,2021-05-03,1463,349310,1016,174335,361,167124,86,7851,603,61934,857,147191,690,209125,California
Solano,2021-05-04,1828,351138,1072,175407,690,167814,66,7917,822,61818,1004,148195,888,210013,California
Solano,2021-05-05,2287,353425,1445,176852,729,168543,113,8030,1103,61852,1180,149375,1214,211227,California
Solano,2021-05-06,1993,355418,1193,178045,591,169134,209,8239,724,61520,1257,150632,925,212152,California
Solano,2021-05-07,2837,358255,1978,180023,739,169873,120,8359,986,60780,1844,152476,1104,213256,California
Solano,2021-05-08,1487,359742,940,180963,431,170304,116,8475,573,60559,910,153386,689,213945,California
Solano,2021-05-09,451,360193,275,181238,165,170469,11,8486,175,60472,274,153660,187,214132,California
Solano,2021-05-10,1391,361584,646,181884,638,171107,107,8593,388,59968,998,154658,494,214626,California
Solano,2021-05-11,2340,363924,1211,183095,1040,172147,89,8682,680,59082,1655,156313,769,215395,California
Solano,2021-05-12,2199,366123,1266,184361,759,172906,174,8856,729,58528,1455,157768,901,216296,California
Solano,2021-05-13,3101,369224,2123,186484,766,173672,212,9068,1630,58902,1468,159236,1842,218138,California
Solano,2021-05-14,2521,371745,1708,188192,691,174363,122,9190,1060,58631,1453,160689,1182,219320,California
Solano,2021-05-15,3416,375161,2763,190955,567,174930,86,9276,1300,57911,2105,162794,1385,220705,California
Solano,2021-05-16,1540,376701,1142,192097,365,175295,33,9309,277,56960,1260,164054,309,221014,California
Solano,2021-05-17,2458,379159,1412,193509,959,176254,87,9396,863,56332,1574,165628,946,221960,California
Solano,2021-05-18,2959,382118,1639,195148,1231,177485,89,9485,1469,56412,1478,167106,1558,223518,California
Solano,2021-05-19,5784,387902,4179,199327,1474,178959,131,9616,2190,55150,3583,170689,2321,225839,California
Solano,2021-05-20,2635,390537,1580,200907,992,179951,63,9679,942,54473,1682,172371,1005,226844,California
Solano,2021-05-21,3566,394103,1876,202783,1621,181572,69,9748,1370,53725,2187,174558,1439,228283,California
Solano,2021-05-22,2741,396844,2113,204896,534,182106,94,9842,1159,53402,1575,176133,1252,229535,California
Solano,2021-05-23,1413,398257,1168,206064,220,182326,25,9867,756,53529,654,176787,781,230316,California
Solano,2021-05-24,1884,400141,1089,207153,722,183048,73,9940,636,52996,1241,178028,708,231024,California
Solano,2021-05-25,1625,401766,823,207976,744,183792,58,9998,583,52602,1034,179062,640,231664,California
Solano,2021-05-26,1897,403663,1089,209065,751,184543,57,10055,707,52182,1185,180247,765,232429,California
Solano,2021-05-27,2139,405802,950,210015,1114,185657,75,10130,884,51896,1244,181491,958,233387,California
Solano,2021-05-28,2018,407820,1023,211038,939,186596,56,10186,759,51461,1251,182742,816,234203,California
Solano,2021-05-29,661,408481,329,211367,301,186897,31,10217,308,51449,350,183092,338,234541,California
Solano,2021-05-30,325,408806,156,211523,144,187041,25,10242,115,51382,207,183299,140,234681,California
Solano,2021-05-31,128,408934,19,211542,100,187141,9,10251,25,51313,103,183402,34,234715,California
Solano,2021-06-01,1839,410773,1183,212725,578,187719,78,10329,726,51010,1108,184510,805,235520,California
Solano,2021-06-02,1829,412602,1290,214015,473,188192,66,10395,927,51105,895,185405,990,236510,California
Solano,2021-06-03,2195,414797,1736,215751,376,188568,83,10478,707,50415,1481,186886,791,237301,California
Solano,2021-06-04,1655,416452,1150,216901,439,189007,66,10544,503,49836,1148,188034,569,237870,California
Solano,2021-06-05,1423,417875,1030,217931,342,189349,51,10595,472,49414,945,188979,523,238393,California
Solano,2021-06-06,673,418548,553,218484,88,189437,32,10627,363,49499,310,189289,395,238788,California
Solano,2021-06-07,1240,419788,951,219435,227,189664,62,10689,408,49140,829,190118,470,239258,California
Solano,2021-06-08,1833,421621,1326,220761,473,190137,34,10723,486,48318,1342,191460,520,239778,California
Solano,2021-06-09,2113,423734,1801,222562,251,190388,61,10784,669,47609,1438,192898,729,240507,California
Solano,2021-06-10,1299,425033,845,223407,380,190768,74,10858,418,47228,872,193770,491,240998,California
Solano,2021-06-11,1600,426633,1271,224678,263,191031,66,10924,586,46869,1009,194779,650,241648,California
Solano,2021-06-12,1205,427838,925,225603,219,191250,61,10985,205,46142,993,195772,266,241914,California
Solano,2021-06-13,612,428450,523,226126,80,191330,9,10994,112,45764,499,196271,121,242035,California
Solano,2021-06-14,1315,429765,932,227058,349,191679,34,11028,279,45047,1028,197299,311,242346,California
Solano,2021-06-15,1467,431232,929,227987,487,192166,51,11079,602,44842,858,198157,653,242999,California
Solano,2021-06-16,1164,432396,770,228757,324,192490,70,11149,394,44540,765,198922,463,243462,California
Solano,2021-06-17,1220,433616,933,229690,217,192707,70,11219,432,44266,775,199697,501,243963,California
Solano,2021-06-18,1179,434795,875,230565,237,192944,67,11286,441,44040,733,200430,507,244470,California
Solano,2021-06-19,424,435219,295,230860,100,193044,29,11315,158,43966,261,200691,187,244657,California
Solano,2021-06-20,184,435403,140,231000,37,193081,7,11322,86,43961,98,200789,93,244750,California
Solano,2021-06-21,630,436033,404,231404,163,193244,63,11385,393,44181,236,201025,456,245206,California
Solano,2021-06-22,1156,437189,872,232276,239,193483,45,11430,420,43914,732,201757,465,245671,California
Solano,2021-06-23,1433,438622,1188,233464,174,193657,71,11501,492,43540,936,202693,562,246233,California
Solano,2021-06-24,924,439546,687,234151,171,193828,66,11567,393,43472,526,203219,458,246691,California
Solano,2021-06-25,1036,440582,723,234874,245,194073,68,11635,479,43479,539,203758,546,247237,California
Solano,2021-06-26,562,441144,432,235306,93,194166,37,11672,220,43395,340,204098,256,247493,California
Solano,2021-06-27,441,441585,384,235690,55,194221,2,11674,158,43273,282,204380,160,247653,California
Solano,2021-06-28,981,442566,811,236501,132,194353,38,11712,400,43136,575,204955,438,248091,California
Solano,2021-06-29,852,443418,651,237152,148,194501,53,11765,378,43096,470,205425,430,248521,California
Solano,2021-06-30,816,444234,599,237751,172,194673,45,11810,369,43062,447,205872,413,248934,California
Solano,2021-07-01,667,444901,492,238243,112,194785,63,11873,252,42964,413,206285,315,249249,California
Solano,2021-07-02,756,445657,577,238820,144,194929,35,11908,299,42847,451,206736,334,249583,California
Solano,2021-07-03,313,445970,210,239030,88,195017,15,11923,156,42865,153,206889,171,249754,California
Solano,2021-07-04,32,446002,3,239033,16,195033,13,11936,12,42870,20,206909,25,249779,California
Solano,2021-07-05,353,446355,247,239280,91,195124,15,11951,177,42890,172,207081,192,249971,California
Solano,2021-07-06,1020,447375,808,240088,190,195314,22,11973,372,42638,646,207727,394,250365,California
Solano,2021-07-07,682,448057,487,240575,146,195460,49,12022,269,42549,407,208134,318,250683,California
Solano,2021-07-08,598,448655,439,241014,138,195598,21,12043,266,42510,327,208461,288,250971,California
Solano,2021-07-09,754,449409,516,241530,217,195815,21,12064,329,42440,420,208881,350,251321,California
Solano,2021-07-10,175,449584,102,241632,66,195881,7,12071,75,42425,97,208978,82,251403,California
Sonoma,2020-12-15,4,4,4,4,0,0,0,0,4,4,0,0,4,4,California
Sonoma,2020-12-16,27,31,27,31,0,0,0,0,27,31,0,0,27,31,California
Sonoma,2020-12-17,111,142,111,142,0,0,0,0,111,142,0,0,111,142,California
Sonoma,2020-12-18,438,580,438,580,0,0,0,0,438,580,0,0,438,580,California
Sonoma,2020-12-19,113,693,112,692,1,1,0,0,113,693,0,0,113,693,California
Sonoma,2020-12-20,177,870,177,869,0,1,0,0,177,870,0,0,177,870,California
Sonoma,2020-12-21,908,1778,906,1775,2,3,0,0,907,1777,0,0,907,1777,California
Sonoma,2020-12-22,1358,3136,1268,3043,90,93,0,0,1358,3135,0,0,1358,3135,California
Sonoma,2020-12-23,1604,4740,1227,4270,377,470,0,0,1605,4740,0,0,1605,4740,California
Sonoma,2020-12-24,310,5050,103,4373,207,677,0,0,310,5050,0,0,310,5050,California
Sonoma,2020-12-25,9,5059,2,4375,7,684,0,0,9,5059,0,0,9,5059,California
Sonoma,2020-12-26,268,5327,257,4632,11,695,0,0,268,5327,0,0,268,5327,California
Sonoma,2020-12-27,94,5421,80,4712,14,709,0,0,94,5421,0,0,94,5421,California
Sonoma,2020-12-28,977,6398,543,5255,434,1143,0,0,951,6372,0,0,951,6372,California
Sonoma,2020-12-29,1136,7534,779,6034,357,1500,0,0,1102,7474,0,0,1102,7474,California
Sonoma,2020-12-30,1099,8633,483,6517,616,2116,0,0,1091,8565,0,0,1091,8565,California
Sonoma,2020-12-31,518,9151,69,6586,449,2565,0,0,518,9083,0,0,518,9083,California
Sonoma,2021-01-01,271,9422,130,6716,141,2706,0,0,271,9354,0,0,271,9354,California
Sonoma,2021-01-02,135,9557,128,6844,7,2713,0,0,135,9489,0,0,135,9489,California
Sonoma,2021-01-03,26,9583,10,6854,16,2729,0,0,26,9515,0,0,26,9515,California
Sonoma,2021-01-04,345,9928,107,6961,238,2967,0,0,344,9859,0,0,344,9859,California
Sonoma,2021-01-05,434,10362,100,7061,334,3301,0,0,408,10251,16,16,408,10267,California
Sonoma,2021-01-06,953,11315,432,7493,521,3822,0,0,837,10978,110,126,837,11104,California
Sonoma,2021-01-07,1042,12357,539,8032,503,4325,0,0,866,11669,175,301,866,11970,California
Sonoma,2021-01-08,1812,14169,1245,9277,567,4892,0,0,1329,12517,481,782,1329,13299,California
Sonoma,2021-01-09,639,14808,399,9676,240,5132,0,0,591,13060,48,830,591,13890,California
Sonoma,2021-01-10,471,15279,460,10136,11,5143,0,0,277,13143,194,1024,277,14167,California
Sonoma,2021-01-11,1391,16670,1244,11380,147,5290,0,0,418,12593,968,1992,418,14585,California
Sonoma,2021-01-12,1557,18227,1298,12678,259,5549,0,0,404,11846,1151,3143,404,14989,California
Sonoma,2021-01-13,2046,20273,1365,14043,681,6230,0,0,1178,12160,865,4008,1179,16168,California
Sonoma,2021-01-14,1544,21817,810,14853,734,6964,0,0,1314,13244,230,4238,1314,17482,California
Sonoma,2021-01-15,1565,23382,634,15487,931,7895,0,0,1341,14373,214,4452,1343,18825,California
Sonoma,2021-01-16,1146,24528,609,16096,537,8432,0,0,899,15029,243,4695,899,19724,California
Sonoma,2021-01-17,683,25211,561,16657,122,8554,0,0,603,15552,80,4775,603,20327,California
Sonoma,2021-01-18,1107,26318,937,17594,170,8724,0,0,617,15680,490,5265,618,20945,California
Sonoma,2021-01-19,2099,28417,1003,18597,1096,9820,0,0,1388,16360,709,5974,1389,22334,California
Sonoma,2021-01-20,2189,30606,712,19309,1477,11297,0,0,1513,17208,666,6640,1514,23848,California
Sonoma,2021-01-21,2322,32928,675,19984,1647,12944,0,0,2092,19073,228,6868,2093,25941,California
Sonoma,2021-01-22,2777,35705,1055,21039,1722,14666,0,0,2624,21545,152,7020,2624,28565,California
Sonoma,2021-01-23,769,36474,590,21629,179,14845,0,0,661,22099,107,7127,661,29226,California
Sonoma,2021-01-24,852,37326,714,22343,138,14983,0,0,833,22913,19,7146,833,30059,California
Sonoma,2021-01-25,2200,39526,536,22879,1664,16647,0,0,1707,24127,493,7639,1707,31766,California
Sonoma,2021-01-26,2065,41591,308,23187,1757,18404,0,0,1597,25257,467,8106,1597,33363,California
Sonoma,2021-01-27,3744,45335,1274,24461,2470,20874,0,0,3156,27830,585,8691,3158,36521,California
Sonoma,2021-01-28,4125,49460,1834,26295,2291,23165,0,0,3434,30578,688,9379,3436,39957,California
Sonoma,2021-01-29,3023,52483,1424,27719,1599,24764,0,0,2170,31899,851,10230,2172,42129,California
Sonoma,2021-01-30,2594,55077,2398,30117,196,24960,0,0,2241,33790,351,10581,2242,44371,California
Sonoma,2021-01-31,795,55872,679,30796,116,25076,0,0,563,34122,231,10812,563,44934,California
Sonoma,2021-02-01,2499,58371,855,31651,1644,26720,0,0,2107,35843,386,11198,2107,47041,California
Sonoma,2021-02-02,3617,61988,1399,33050,2218,28938,0,0,3028,38285,586,11784,3028,50069,California
Sonoma,2021-02-03,4072,66060,1324,34374,2748,31686,0,0,3122,40461,946,12730,3122,53191,California
Sonoma,2021-02-04,4254,70314,1749,36123,2505,34191,0,0,3440,43090,812,13542,3441,56632,California
Sonoma,2021-02-05,4859,75173,1754,37877,3105,37296,0,0,3785,45807,1069,14611,3786,60418,California
Sonoma,2021-02-06,2665,77838,2297,40174,368,37664,0,0,2120,47384,543,15154,2120,62538,California
Sonoma,2021-02-07,1563,79401,1425,41599,138,37802,0,0,1296,48413,267,15421,1296,63834,California
Sonoma,2021-02-08,3292,82693,1040,42639,2252,40054,0,0,2686,50495,604,16025,2686,66520,California
Sonoma,2021-02-09,3606,86299,1723,44362,1883,41937,0,0,3115,53122,489,16514,3116,69636,California
Sonoma,2021-02-10,4594,90893,2506,46868,2088,44025,0,0,3564,55665,1022,17536,3565,73201,California
Sonoma,2021-02-11,5632,96525,3035,49903,2597,46622,0,0,4349,58736,1278,18814,4349,77550,California
Sonoma,2021-02-12,5971,102496,3289,53192,2682,49304,0,0,4507,61790,1457,20271,4511,82061,California
Sonoma,2021-02-13,2000,104496,1156,54348,844,50148,0,0,1193,62179,804,21075,1193,83254,California
Sonoma,2021-02-14,2338,106834,1835,56183,503,50651,0,0,1577,62999,757,21832,1577,84831,California
Sonoma,2021-02-15,2158,108992,806,56989,1352,52003,0,0,1606,64055,550,22382,1606,86437,California
Sonoma,2021-02-16,5010,114002,2153,59142,2857,54860,0,0,3726,66504,1279,23661,3728,90165,California
Sonoma,2021-02-17,5645,119647,2931,62073,2714,57574,0,0,3554,67985,2075,25736,3556,93721,California
Sonoma,2021-02-18,7031,126678,3179,65252,3852,61426,0,0,4020,69016,2990,28726,4021,97742,California
Sonoma,2021-02-19,5723,132401,1736,66988,3987,65413,0,0,3547,70400,2165,30891,3549,101291,California
Sonoma,2021-02-20,3155,135556,2854,69842,301,65714,0,0,1226,69705,1921,32812,1226,102517,California
Sonoma,2021-02-21,565,136121,449,70291,116,65830,0,0,148,69442,411,33223,148,102665,California
Sonoma,2021-02-22,3048,139169,1439,71730,1609,67439,0,0,1250,68909,1783,35006,1250,103915,California
Sonoma,2021-02-23,3487,142656,2134,73864,1353,68792,0,0,1628,68688,1849,36855,1628,105543,California
Sonoma,2021-02-24,5863,148519,2613,76477,3250,72042,0,0,2978,68796,2871,39726,2979,108522,California
Sonoma,2021-02-25,6144,154663,2386,78863,3758,75800,0,0,3283,69251,2828,42554,3283,111805,California
Sonoma,2021-02-26,6694,161357,2940,81803,3754,79554,0,0,4236,71042,2445,44999,4236,116041,California
Sonoma,2021-02-27,4238,165595,1963,83766,2275,81829,0,0,2839,72489,1392,46391,2839,118880,California
Sonoma,2021-02-28,2501,168096,1847,85613,653,82482,1,1,741,71483,1748,48139,742,119622,California
Sonoma,2021-03-01,4148,172244,1323,86936,2824,85306,1,2,2166,71688,1963,50102,2168,121790,California
Sonoma,2021-03-02,4449,176693,1533,88469,2914,88220,2,4,2551,72355,1886,51988,2553,124343,California
Sonoma,2021-03-03,5093,181786,2644,91113,2449,90669,0,4,2327,71935,2747,54735,2327,126670,California
Sonoma,2021-03-04,5987,187773,2691,93804,3296,93965,0,4,2576,71118,3393,58128,2576,129246,California
Sonoma,2021-03-05,6500,194273,2869,96673,3616,97581,15,19,2720,70094,3760,61888,2736,131982,California
Sonoma,2021-03-06,2810,197083,1226,97899,1445,99026,139,158,1926,71283,874,62762,2063,134045,California
Sonoma,2021-03-07,1806,198889,1399,99298,314,99340,93,251,402,70375,1402,64164,494,134539,California
Sonoma,2021-03-08,4090,202979,662,99960,3248,102588,180,431,2379,71236,1697,65861,2558,137097,California
Sonoma,2021-03-09,5631,208610,3107,103067,2255,104843,269,700,2679,71234,2937,68798,2935,140032,California
Sonoma,2021-03-10,6053,214663,3214,106281,2492,107335,347,1047,2427,70402,3603,72401,2771,142803,California
Sonoma,2021-03-11,7568,222231,3033,109314,3716,111051,819,1866,2538,68745,5007,77408,3350,146153,California
Sonoma,2021-03-12,7438,229669,2270,111584,3804,114855,1364,3230,2049,66795,5356,82764,3406,149559,California
Sonoma,2021-03-13,3465,233134,1717,113301,1508,116363,240,3470,2012,67593,1449,84213,2247,151806,California
Sonoma,2021-03-14,1398,234532,390,113691,865,117228,143,3613,850,68041,545,84758,993,152799,California
Sonoma,2021-03-15,5265,239797,1524,115215,3355,120583,386,3999,2171,67523,3073,87831,2555,155354,California
Sonoma,2021-03-16,6326,246123,2269,117484,3829,124412,228,4227,2881,67198,3432,91263,3107,158461,California
Sonoma,2021-03-17,6801,252924,3548,121032,3073,127485,180,4407,3251,67096,3531,94794,3429,161890,California
Sonoma,2021-03-18,7162,260086,2954,123986,3593,131078,615,5022,3099,66757,4047,98841,3708,165598,California
Sonoma,2021-03-19,7521,267607,3258,127244,4033,135111,230,5252,2985,65475,4502,103343,3220,168818,California
Sonoma,2021-03-20,3739,271346,1767,129011,1145,136256,827,6079,2014,66593,1714,105057,2832,171650,California
Sonoma,2021-03-21,1401,272747,614,129625,752,137008,35,6114,1210,67653,185,105242,1245,172895,California
Sonoma,2021-03-22,4588,277335,3121,132746,1368,138376,99,6213,3333,69838,1247,106489,3432,176327,California
Sonoma,2021-03-23,5879,283214,3644,136390,2162,140538,73,6286,4420,72886,1446,107935,4494,180821,California
Sonoma,2021-03-24,6845,290059,4290,140680,2480,143018,75,6361,4133,74401,2690,110625,4205,185026,California
Sonoma,2021-03-25,7144,297203,4204,144884,2827,145845,113,6474,4236,75873,2878,113503,4350,189376,California
Sonoma,2021-03-26,7489,304692,3477,148361,3914,149759,98,6572,3782,76074,3678,117181,3879,193255,California
Sonoma,2021-03-27,3860,308552,1515,149876,1982,151741,363,6935,989,74565,2857,120038,1348,194603,California
Sonoma,2021-03-28,1515,310067,950,150826,537,152278,28,6963,797,74675,714,120752,824,195427,California
Sonoma,2021-03-29,2991,313058,1107,151933,1851,154129,33,6996,1544,74815,1437,122189,1577,197004,California
Sonoma,2021-03-30,5933,318991,3236,155169,2634,156763,63,7059,3100,75155,2823,125012,3163,200167,California
Sonoma,2021-03-31,5770,324761,3432,158601,2123,158886,215,7274,3338,76296,2411,127423,3552,203719,California
Sonoma,2021-04-01,6971,331732,4071,162672,2554,161440,346,7620,3772,77233,3170,130593,4107,207826,California
Sonoma,2021-04-02,5981,337713,3583,166255,2287,163727,111,7731,3571,78518,2396,132989,3681,211507,California
Sonoma,2021-04-03,3744,341457,1831,168086,1686,165413,227,7958,1679,78369,2048,135037,1899,213406,California
Sonoma,2021-04-04,1073,342530,696,168782,286,165699,91,8049,648,78687,421,135458,739,214145,California
Sonoma,2021-04-05,4457,346987,666,169448,3444,169143,347,8396,1671,77926,2779,138237,2018,216163,California
Sonoma,2021-04-06,6940,353927,3516,172964,3010,172153,414,8810,4033,79478,2891,141128,4443,220606,California
Sonoma,2021-04-07,6868,360795,3877,176841,2143,174296,848,9658,3343,80155,3506,144634,4183,224789,California
Sonoma,2021-04-08,7687,368482,4161,181002,2750,177046,776,10434,4205,81659,3469,148103,4973,229762,California
Sonoma,2021-04-09,6864,375346,3832,184834,2140,179186,892,11326,3520,82735,3329,151432,4405,234167,California
Sonoma,2021-04-10,3923,379269,1705,186539,1657,180843,561,11887,1155,81691,2753,154185,1709,235876,California
Sonoma,2021-04-11,1295,380564,613,187152,601,181444,81,11968,441,81361,852,155037,522,236398,California
Sonoma,2021-04-12,4976,385540,2071,189223,2418,183862,487,12455,1846,80576,3111,158148,2326,238724,California
Sonoma,2021-04-13,7956,393496,4685,193908,3267,187129,4,12459,3044,78728,4895,163043,3047,241771,California
Sonoma,2021-04-14,6711,400207,3794,197702,2896,190025,21,12480,2566,77182,4131,167174,2585,244356,California
Sonoma,2021-04-15,7539,407746,4282,201984,3256,193281,1,12481,3637,76936,3884,171058,3638,247994,California
Sonoma,2021-04-16,6955,414701,3477,205461,3476,196757,2,12483,3914,77821,3032,174090,3917,251911,California
Sonoma,2021-04-17,3543,418244,1832,207293,1711,198468,0,12483,1687,77675,1834,175924,1688,253599,California
Sonoma,2021-04-18,1411,419655,1011,208304,400,198868,0,12483,539,77345,869,176793,539,254138,California
Sonoma,2021-04-19,3447,423102,1892,210196,1554,200422,1,12484,1532,76971,1907,178700,1533,255671,California
Sonoma,2021-04-20,6408,429510,3537,213733,2871,203293,0,12484,2381,75341,4013,182713,2383,258054,California
Sonoma,2021-04-21,6863,436373,4363,218096,2498,205791,2,12486,3137,74779,3700,186413,3138,261192,California
Sonoma,2021-04-22,6490,442863,4535,222631,1954,207745,1,12487,2609,73524,3864,190277,2609,263801,California
Sonoma,2021-04-23,7577,450440,4675,227306,2895,210640,7,12494,3676,73325,3883,194160,3684,267485,California
Sonoma,2021-04-24,2786,453226,1514,228820,1258,211898,14,12508,1543,73645,1237,195397,1557,269042,California
Sonoma,2021-04-25,1086,454312,789,229609,297,212195,0,12508,431,73424,652,196049,431,269473,California
Sonoma,2021-04-26,3003,457315,1438,231047,1537,213732,28,12536,1625,73709,1368,197417,1653,271126,California
Sonoma,2021-04-27,5553,462868,3746,234793,1683,215415,124,12660,2239,72768,3303,200720,2362,273488,California
Sonoma,2021-04-28,4939,467807,3240,238033,1499,216914,200,12860,2013,72070,2906,203626,2208,275696,California
Sonoma,2021-04-29,5125,472932,3609,241642,1372,218286,144,13004,1915,70936,3193,206819,2059,277755,California
Sonoma,2021-04-30,5571,478503,3636,245278,1640,219926,295,13299,1829,69334,3725,210544,2123,279878,California
Sonoma,2021-05-01,2535,481038,1794,247072,634,220560,107,13406,1200,69314,1323,211867,1303,281181,California
Sonoma,2021-05-02,874,481912,652,247724,171,220731,51,13457,557,69606,317,212184,609,281790,California
Sonoma,2021-05-03,3268,485180,1687,249411,1428,222159,153,13610,1067,68639,2184,214368,1217,283007,California
Sonoma,2021-05-04,4628,489808,2418,251829,2028,224187,182,13792,1452,67114,3153,217521,1628,284635,California
Sonoma,2021-05-05,3731,493539,2194,254023,1342,225529,195,13987,1315,66223,2399,219920,1508,286143,California
Sonoma,2021-05-06,4600,498139,2424,256447,2049,227578,127,14114,1301,64415,3233,223153,1425,287568,California
Sonoma,2021-05-07,3645,501784,2331,258778,1191,228769,123,14237,1084,63077,2545,225698,1207,288775,California
Sonoma,2021-05-08,1943,503727,1296,260074,555,229324,92,14329,682,62604,1247,226945,774,289549,California
Sonoma,2021-05-09,504,504231,287,260361,176,229500,41,14370,159,62464,340,227285,200,289749,California
Sonoma,2021-05-10,2367,506598,1042,261403,1191,230691,134,14504,294,60833,2056,229341,425,290174,California
Sonoma,2021-05-11,3605,510203,1944,263347,1539,232230,122,14626,872,59113,2714,232055,994,291168,California
Sonoma,2021-05-12,4076,514279,2497,265844,1427,233657,152,14778,847,56895,3216,235271,998,292166,California
Sonoma,2021-05-13,4973,519252,2846,268690,1996,235653,131,14909,1652,55368,3308,238579,1781,293947,California
Sonoma,2021-05-14,5849,525101,3606,272296,2106,237759,137,15046,2209,54091,3624,242203,2347,296294,California
Sonoma,2021-05-15,2991,528092,2199,274495,729,238488,63,15109,1876,54924,1106,243309,1939,298233,California
Sonoma,2021-05-16,1350,529442,1132,275627,159,238647,59,15168,996,55631,348,243657,1055,299288,California
Sonoma,2021-05-17,2448,531890,1816,277443,537,239184,95,15263,887,55057,1554,245211,980,300268,California
Sonoma,2021-05-18,4342,536232,2863,280306,1370,240554,109,15372,1463,53769,2859,248070,1571,301839,California
Sonoma,2021-05-19,3883,540115,2422,282728,1346,241900,115,15487,1484,52984,2384,250454,1599,303438,California
Sonoma,2021-05-20,3430,543545,2246,284974,1090,242990,94,15581,1328,52311,2089,252543,1416,304854,California
Sonoma,2021-05-21,4256,547801,2392,287366,1735,244725,129,15710,1500,51194,2731,255274,1614,306468,California
Sonoma,2021-05-22,2349,550150,1291,288657,1018,245743,40,15750,660,50222,1672,256946,700,307168,California
Sonoma,2021-05-23,1505,551655,1223,289880,264,246007,18,15768,774,50288,726,257672,792,307960,California
Sonoma,2021-05-24,2027,553682,1261,291141,631,246638,135,15903,661,49749,1334,259006,795,308755,California
Sonoma,2021-05-25,2943,556625,1801,292942,1055,247693,87,15990,738,48381,2191,261197,823,309578,California
Sonoma,2021-05-26,2490,559115,1737,294679,642,248335,111,16101,1003,48020,1472,262669,1111,310689,California
Sonoma,2021-05-27,2072,561187,1135,295814,840,249175,97,16198,681,47414,1381,264050,775,311464,California
Sonoma,2021-05-28,2193,563380,1129,296943,971,250146,93,16291,622,46570,1559,265609,715,312179,California
Sonoma,2021-05-29,1350,564730,921,297864,361,250507,68,16359,633,46564,707,266316,701,312880,California
Sonoma,2021-05-30,350,565080,215,298079,124,250631,11,16370,138,46508,204,266520,148,313028,California
Sonoma,2021-05-31,70,565150,26,298105,43,250674,1,16371,17,46473,53,266573,18,313046,California
Sonoma,2021-06-01,1947,567097,1115,299220,756,251430,76,16447,695,46002,1238,267811,767,313813,California
Sonoma,2021-06-02,1590,568687,973,300193,501,251931,116,16563,660,45851,925,268736,774,314587,California
Sonoma,2021-06-03,2012,570699,1386,301579,545,252476,81,16644,435,44798,1568,270304,515,315102,California
Sonoma,2021-06-04,2711,573410,2208,303787,395,252871,108,16752,512,43228,2188,272492,618,315720,California
Sonoma,2021-06-05,1824,575234,1499,305286,294,253165,31,16783,273,41987,1545,274037,304,316024,California
Sonoma,2021-06-06,1029,576263,951,306237,68,253233,10,16793,144,41259,882,274919,154,316178,California
Sonoma,2021-06-07,1492,577755,1246,307483,191,253424,55,16848,333,40493,1151,276070,385,316563,California
Sonoma,2021-06-08,1902,579657,1526,309009,328,253752,48,16896,532,39713,1358,277428,578,317141,California
Sonoma,2021-06-09,1656,581313,1366,310375,228,253980,62,16958,390,38913,1252,278680,452,317593,California
Sonoma,2021-06-10,1834,583147,1506,311881,224,254204,104,17062,553,38301,1267,279947,655,318248,California
Sonoma,2021-06-11,1999,585146,1631,313512,276,254480,92,17154,545,37491,1447,281394,637,318885,California
Sonoma,2021-06-12,1122,586268,886,314398,190,254670,46,17200,343,37109,772,282166,390,319275,California
Sonoma,2021-06-13,557,586825,467,314865,71,254741,19,17219,104,36781,450,282616,122,319397,California
Sonoma,2021-06-14,956,587781,677,315542,219,254960,60,17279,343,36580,604,283220,403,319800,California
Sonoma,2021-06-15,1844,589625,1380,316922,356,255316,108,17387,597,36048,1236,284456,704,320504,California
Sonoma,2021-06-16,1580,591205,1217,318139,262,255578,101,17488,500,35574,1073,285529,599,321103,California
Sonoma,2021-06-17,1036,592241,785,318924,171,255749,80,17568,409,35440,622,286151,488,321591,California
Sonoma,2021-06-18,1078,593319,773,319697,203,255952,102,17670,452,35375,616,286767,551,322142,California
Sonoma,2021-06-19,834,594153,689,320386,106,256058,39,17709,273,35128,558,287325,311,322453,California
Sonoma,2021-06-20,241,594394,199,320585,36,256094,6,17715,82,35060,156,287481,88,322541,California
Sonoma,2021-06-21,542,594936,308,320893,157,256251,77,17792,254,35117,274,287755,331,322872,California
Sonoma,2021-06-22,1250,596186,988,321881,170,256421,92,17884,582,35125,663,288418,671,323543,California
Sonoma,2021-06-23,1221,597407,942,322823,195,256616,84,17968,475,34945,739,289157,559,324102,California
Sonoma,2021-06-24,952,598359,633,323456,219,256835,100,18068,419,34938,525,289682,518,324620,California
Sonoma,2021-06-25,1191,599550,913,324369,198,257033,80,18148,516,34878,654,290336,594,325214,California
Sonoma,2021-06-26,688,600238,492,324861,115,257148,81,18229,330,34933,355,290691,410,325624,California
Sonoma,2021-06-27,194,600432,159,325020,24,257172,11,18240,101,34953,92,290783,112,325736,California
Sonoma,2021-06-28,712,601144,573,325593,82,257254,57,18297,313,34924,398,291181,369,326105,California
Sonoma,2021-06-29,946,602090,731,326324,165,257419,50,18347,401,34833,542,291723,451,326556,California
Sonoma,2021-06-30,890,602980,688,327012,161,257580,41,18388,386,34762,497,292220,426,326982,California
Sonoma,2021-07-01,964,603944,757,327769,137,257717,70,18458,421,34712,539,292759,489,327471,California
Sonoma,2021-07-02,764,604708,544,328313,170,257887,50,18508,359,34720,401,293160,409,327880,California
Sonoma,2021-07-03,557,605265,458,328771,75,257962,24,18532,227,34643,328,293488,251,328131,California
Sonoma,2021-07-04,23,605288,13,328784,9,257971,1,18533,15,34651,8,293496,16,328147,California
Sonoma,2021-07-05,326,605614,244,329028,59,258030,23,18556,150,34648,175,293671,172,328319,California
Sonoma,2021-07-06,1125,606739,902,329930,152,258182,71,18627,414,34428,703,294374,483,328802,California
Sonoma,2021-07-07,783,607522,598,330528,129,258311,56,18683,314,34334,465,294839,371,329173,California
Sonoma,2021-07-08,858,608380,663,331191,114,258425,81,18764,343,34244,512,295351,422,329595,California
Sonoma,2021-07-09,815,609195,625,331816,138,258563,52,18816,389,34261,425,295776,442,330037,California
Sonoma,2021-07-10,529,609724,432,332248,61,258624,36,18852,228,34227,297,296073,263,330300,California
Stanislaus,2020-12-15,5,5,5,5,0,0,0,0,5,5,0,0,5,5,California
Stanislaus,2020-12-16,41,46,41,46,0,0,0,0,41,46,0,0,41,46,California
Stanislaus,2020-12-17,74,120,74,120,0,0,0,0,74,120,0,0,74,120,California
Stanislaus,2020-12-18,343,463,337,457,6,6,0,0,343,463,0,0,343,463,California
Stanislaus,2020-12-19,134,597,134,591,0,6,0,0,134,597,0,0,134,597,California
Stanislaus,2020-12-20,87,684,87,678,0,6,0,0,87,684,0,0,87,684,California
Stanislaus,2020-12-21,1000,1684,999,1677,1,7,0,0,999,1683,1,1,1000,1684,California
Stanislaus,2020-12-22,796,2480,784,2461,12,19,0,0,796,2479,0,1,796,2480,California
Stanislaus,2020-12-23,450,2930,431,2892,19,38,0,0,449,2928,1,2,450,2930,California
Stanislaus,2020-12-24,98,3028,89,2981,9,47,0,0,98,3026,0,2,98,3028,California
Stanislaus,2020-12-26,53,3081,9,2990,44,91,0,0,53,3079,0,2,53,3081,California
Stanislaus,2020-12-27,11,3092,6,2996,5,96,0,0,11,3090,0,2,11,3092,California
Stanislaus,2020-12-28,490,3582,396,3392,94,190,0,0,490,3580,0,2,490,3582,California
Stanislaus,2020-12-29,501,4083,415,3807,86,276,0,0,501,4081,0,2,501,4083,California
Stanislaus,2020-12-30,539,4622,282,4089,257,533,0,0,538,4618,1,3,538,4621,California
Stanislaus,2020-12-31,283,4905,159,4248,124,657,0,0,283,4901,0,3,283,4904,California
Stanislaus,2021-01-01,18,4923,7,4255,11,668,0,0,18,4919,0,3,18,4922,California
Stanislaus,2021-01-02,34,4957,26,4281,8,676,0,0,34,4953,0,3,34,4956,California
Stanislaus,2021-01-03,90,5047,87,4368,3,679,0,0,90,5043,0,3,90,5046,California
Stanislaus,2021-01-04,234,5281,154,4522,80,759,0,0,234,5277,0,3,234,5280,California
Stanislaus,2021-01-05,855,6136,358,4880,497,1256,0,0,827,6087,27,30,837,6117,California
Stanislaus,2021-01-06,1014,7150,608,5488,406,1662,0,0,936,6955,75,105,943,7060,California
Stanislaus,2021-01-07,1086,8236,706,6194,380,2042,0,0,891,7660,190,295,895,7955,California
Stanislaus,2021-01-08,1304,9540,741,6935,563,2605,0,0,952,8271,349,644,960,8915,California
Stanislaus,2021-01-09,290,9830,144,7079,146,2751,0,0,201,8383,89,733,201,9116,California
Stanislaus,2021-01-10,49,9879,22,7101,27,2778,0,0,29,8392,20,753,29,9145,California
Stanislaus,2021-01-11,1512,11391,1227,8328,285,3063,0,0,574,8054,931,1684,593,9738,California
Stanislaus,2021-01-12,1488,12879,872,9200,616,3679,0,0,837,8261,647,2331,854,10592,California
Stanislaus,2021-01-13,1460,14339,692,9892,768,4447,0,0,1127,9073,332,2663,1144,11736,California
Stanislaus,2021-01-14,2283,16622,289,10181,1994,6441,0,0,2082,11050,198,2861,2175,13911,California
Stanislaus,2021-01-15,2864,19486,1175,11356,1689,8130,0,0,2687,13663,172,3033,2785,16696,California
Stanislaus,2021-01-16,474,19960,51,11407,423,8553,0,0,455,14102,18,3051,457,17153,California
Stanislaus,2021-01-17,245,20205,202,11609,43,8596,0,0,238,14334,6,3057,238,17391,California
Stanislaus,2021-01-18,2217,22422,1033,12642,1184,9780,0,0,1812,15833,400,3457,1899,19290,California
Stanislaus,2021-01-19,1274,23696,727,13369,547,10327,0,0,823,16210,447,3904,824,20114,California
Stanislaus,2021-01-20,1039,24735,495,13864,544,10871,0,0,743,16659,294,4198,743,20857,California
Stanislaus,2021-01-21,3744,28479,3004,16868,740,11611,0,0,3380,19813,360,4558,3514,24371,California
Stanislaus,2021-01-22,1121,29600,313,17181,808,12419,0,0,1074,20847,43,4601,1077,25448,California
Stanislaus,2021-01-23,380,29980,44,17225,336,12755,0,0,321,21111,58,4659,322,25770,California
Stanislaus,2021-01-24,315,30295,99,17324,216,12971,0,0,248,21295,67,4726,251,26021,California
Stanislaus,2021-01-25,3206,33501,233,17557,2973,15944,0,0,2848,23995,322,5048,3022,29043,California
Stanislaus,2021-01-26,1756,35257,752,18309,1004,16948,0,0,1304,24877,442,5490,1324,30367,California
Stanislaus,2021-01-27,1939,37196,1070,19379,869,17817,0,0,1218,25428,669,6159,1220,31587,California
Stanislaus,2021-01-28,2240,39436,1529,20908,711,18528,0,0,1731,26733,499,6658,1804,33391,California
Stanislaus,2021-01-29,2490,41926,1218,22126,1272,19800,0,0,1932,28221,503,7161,1991,35382,California
Stanislaus,2021-01-30,298,42224,131,22257,167,19967,0,0,230,28395,56,7217,230,35612,California
Stanislaus,2021-01-31,375,42599,320,22577,55,20022,0,0,358,28739,14,7231,358,35970,California
Stanislaus,2021-02-01,1346,43945,584,23161,762,20784,0,0,978,29365,353,7584,979,36949,California
Stanislaus,2021-02-02,1267,45212,349,23510,918,21702,0,0,824,29762,431,8015,828,37777,California
Stanislaus,2021-02-03,2675,47887,1229,24739,1446,23148,0,0,1966,31041,704,8719,1983,39760,California
Stanislaus,2021-02-04,2138,50025,717,25456,1421,24569,0,0,1611,32148,514,9233,1621,41381,California
Stanislaus,2021-02-05,2893,52918,1485,26941,1408,25977,0,0,1613,32570,1208,10441,1630,43011,California
Stanislaus,2021-02-06,893,53811,302,27243,591,26568,0,0,698,33078,192,10633,700,43711,California
Stanislaus,2021-02-07,232,54043,206,27449,26,26594,0,0,43,32937,185,10818,44,43755,California
Stanislaus,2021-02-08,2093,56136,1360,28809,733,27327,0,0,1135,33188,913,11731,1164,44919,California
Stanislaus,2021-02-09,1877,58013,793,29602,1084,28411,0,0,1067,33485,782,12513,1079,45998,California
Stanislaus,2021-02-10,1992,60005,549,30151,1443,29854,0,0,1050,33625,912,13425,1052,47050,California
Stanislaus,2021-02-11,5466,65471,3294,33445,2172,32026,0,0,1239,30920,3952,17377,1247,48297,California
Stanislaus,2021-02-12,3356,68827,929,34374,2427,34453,0,0,1476,30624,1785,19162,1489,49786,California
Stanislaus,2021-02-13,1387,70214,679,35053,708,35161,0,0,1010,31270,369,19531,1015,50801,California
Stanislaus,2021-02-14,430,70644,171,35224,259,35420,0,0,355,31553,72,19603,355,51156,California
Stanislaus,2021-02-15,1846,72490,237,35461,1609,37029,0,0,588,31010,1136,20739,593,51749,California
Stanislaus,2021-02-16,1384,73874,429,35890,955,37984,0,0,584,30810,786,21525,586,52335,California
Stanislaus,2021-02-17,2807,76681,1721,37611,1086,39070,0,0,1926,31883,872,22397,1945,54280,California
Stanislaus,2021-02-18,3415,80096,1928,39539,1487,40557,0,0,1776,32174,1537,23934,1828,56108,California
Stanislaus,2021-02-19,2836,82932,1117,40656,1719,42276,0,0,1534,32484,1247,25181,1557,57665,California
Stanislaus,2021-02-20,768,83700,388,41044,380,42656,0,0,473,32685,273,25454,474,58139,California
Stanislaus,2021-02-21,916,84616,699,41743,217,42873,0,0,535,32878,355,25809,548,58687,California
Stanislaus,2021-02-22,2392,87008,1716,43459,676,43549,0,0,1634,33777,736,26545,1635,60322,California
Stanislaus,2021-02-23,3769,90777,682,44141,3087,46636,0,0,1722,33653,1857,28402,1733,62055,California
Stanislaus,2021-02-24,4260,95037,2903,47044,1357,47993,0,0,3128,35682,1105,29507,3134,65189,California
Stanislaus,2021-02-25,4009,99046,2759,49803,1250,49243,0,0,3177,38053,810,30317,3181,68370,California
Stanislaus,2021-02-26,4263,103309,1233,51036,3030,52273,0,0,2845,39555,1355,31672,2857,71227,California
Stanislaus,2021-02-27,2105,105414,714,51750,1390,53663,1,1,1868,41219,206,31878,1870,73097,California
Stanislaus,2021-02-28,839,106253,270,52020,569,54232,0,1,781,41955,46,31924,782,73879,California
Stanislaus,2021-03-01,3149,109402,1673,53693,1471,55703,5,6,1668,42211,1428,33352,1684,75563,California
Stanislaus,2021-03-02,2437,111839,1456,55149,980,56683,1,7,1678,43152,741,34093,1682,77245,California
Stanislaus,2021-03-03,3766,115605,2270,57419,1492,58175,4,11,2930,45271,815,34908,2934,80179,California
Stanislaus,2021-03-04,5498,121103,3144,60563,2337,60512,17,28,4219,48268,1234,36142,4231,84410,California
Stanislaus,2021-03-05,4148,125251,1148,61711,2984,63496,16,44,3131,50430,984,37126,3146,87556,California
Stanislaus,2021-03-06,3612,128863,2246,63957,1272,64768,94,138,2749,52418,857,37983,2845,90401,California
Stanislaus,2021-03-07,913,129776,394,64351,442,65210,77,215,681,52950,226,38209,758,91159,California
Stanislaus,2021-03-08,2046,131822,888,65239,1061,66271,97,312,1351,53724,673,38882,1447,92606,California
Stanislaus,2021-03-09,2701,134523,1023,66262,1586,67857,92,404,1646,54425,1041,39923,1742,94348,California
Stanislaus,2021-03-10,5582,140105,2729,68991,2624,70481,229,633,3765,56640,1789,41712,4004,98352,California
Stanislaus,2021-03-11,6202,146307,3379,72370,2342,72823,481,1114,4148,59408,1865,43577,4633,102985,California
Stanislaus,2021-03-12,6330,152637,1379,73749,3019,75842,1932,3046,2939,60918,3355,46932,4865,107850,California
Stanislaus,2021-03-13,3751,156388,2343,76092,1337,77179,71,3117,2836,62924,907,47839,2913,110763,California
Stanislaus,2021-03-14,1004,157392,594,76686,355,77534,55,3172,495,62972,503,48342,551,111314,California
Stanislaus,2021-03-15,3825,161217,1993,78679,1470,79004,362,3534,1653,62920,2072,50414,2020,113334,California
Stanislaus,2021-03-16,5124,166341,2515,81194,2169,81173,440,3974,3675,65609,1423,51837,4112,117446,California
Stanislaus,2021-03-17,4956,171297,2949,84143,1828,83001,179,4153,2985,66846,1931,53768,3168,120614,California
Stanislaus,2021-03-18,5588,176885,3465,87608,2053,85054,70,4223,3049,67585,2383,56151,3122,123736,California
Stanislaus,2021-03-19,6049,182934,1591,89199,2933,87987,1525,5748,3203,69502,2804,58955,4721,128457,California
Stanislaus,2021-03-20,3883,186817,3042,92241,773,88760,68,5816,3383,72477,478,59433,3453,131910,California
Stanislaus,2021-03-21,1023,187840,912,93153,45,88805,66,5882,773,73073,243,59676,839,132749,California
Stanislaus,2021-03-22,3034,190874,1402,94555,905,89710,727,6609,1420,73643,1579,61255,2149,134898,California
Stanislaus,2021-03-23,4152,195026,2121,96676,1771,91481,260,6869,2983,75759,1146,62401,3262,138160,California
Stanislaus,2021-03-24,4733,199759,3298,99974,1356,92837,79,6948,2765,76691,1916,64317,2848,141008,California
Stanislaus,2021-03-25,4432,204191,3011,102985,1405,94242,16,6964,1959,76277,2391,66708,1977,142985,California
Stanislaus,2021-03-26,4956,209147,1422,104407,3460,97702,74,7038,2529,76504,2387,69095,2614,145599,California
Stanislaus,2021-03-27,4452,213599,2777,107184,1591,99293,84,7122,1403,74966,3030,72125,1492,147091,California
Stanislaus,2021-03-28,1123,214722,449,107633,566,99859,108,7230,323,74618,785,72910,437,147528,California
Stanislaus,2021-03-29,3191,217913,1852,109485,1299,101158,40,7270,2167,75819,1012,73922,2213,149741,California
Stanislaus,2021-03-30,3870,221783,2084,111569,1760,102918,26,7296,2392,76778,1465,75387,2424,152165,California
Stanislaus,2021-03-31,5635,227418,3884,115453,1621,104539,130,7426,2931,77163,2680,78067,3065,155230,California
Stanislaus,2021-04-01,5956,233374,3873,119326,1965,106504,118,7544,2749,76863,3175,81242,2875,158105,California
Stanislaus,2021-04-02,5215,238589,1241,120567,3805,110309,169,7713,2378,76682,2736,83978,2555,160660,California
Stanislaus,2021-04-03,4709,243298,3451,124018,1220,111529,38,7751,2257,76547,2439,86417,2304,162964,California
Stanislaus,2021-04-04,1332,244630,478,124496,824,112353,30,7781,650,76559,673,87090,685,163649,California
Stanislaus,2021-04-05,3780,248410,2567,127063,953,113306,260,8041,2450,77954,1319,88409,2714,166363,California
Stanislaus,2021-04-06,5976,254386,4246,131309,1444,114750,286,8327,3220,78725,2737,91146,3508,169871,California
Stanislaus,2021-04-07,6548,260934,3680,134989,2429,117179,439,8766,2902,78451,3622,94768,3348,173219,California
Stanislaus,2021-04-08,5890,266824,3427,138416,2016,119195,447,9213,2903,78850,2953,97721,3352,176571,California
Stanislaus,2021-04-09,5007,271831,2184,140600,2441,121636,382,9595,2286,78831,2690,100411,2671,179242,California
Stanislaus,2021-04-10,6516,278347,4000,144600,876,122512,1640,11235,1996,77968,4493,104904,3630,182872,California
Stanislaus,2021-04-11,1538,279885,861,145461,544,123056,133,11368,666,77899,869,105773,800,183672,California
Stanislaus,2021-04-12,3800,283685,2127,147588,1224,124280,449,11817,1956,78502,1812,107585,2415,186087,California
Stanislaus,2021-04-13,5414,289099,3507,151095,1893,126173,14,11831,2970,79085,2395,109980,2978,189065,California
Stanislaus,2021-04-14,4832,293931,3340,154435,1490,127663,2,11833,2351,79001,2441,112421,2357,191422,California
Stanislaus,2021-04-15,5585,299516,3390,157825,2192,129855,3,11836,3253,79980,2277,114698,3256,194678,California
Stanislaus,2021-04-16,4507,304023,1065,158890,3441,133296,1,11837,1867,79266,2584,117282,1870,196548,California
Stanislaus,2021-04-17,3178,307201,2139,161029,1039,134335,0,11837,1842,79788,1322,118604,1844,198392,California
Stanislaus,2021-04-18,618,307819,298,161327,318,134653,2,11839,433,80048,176,118780,436,198828,California
Stanislaus,2021-04-19,3648,311467,2469,163796,1177,135830,2,11841,1660,79773,1943,120723,1668,200496,California
Stanislaus,2021-04-20,4180,315647,2493,166289,1687,137517,0,11841,1773,79182,2366,123089,1775,202271,California
Stanislaus,2021-04-21,4061,319708,2685,168974,1375,138892,1,11842,1634,78448,2375,125464,1641,203912,California
Stanislaus,2021-04-22,4138,323846,2452,171426,1685,140577,1,11843,1637,77639,2451,127915,1642,205554,California
Stanislaus,2021-04-23,3842,327688,914,172340,2927,143504,1,11844,1567,77040,2173,130088,1574,207128,California
Stanislaus,2021-04-24,3891,331579,2968,175308,923,144427,0,11844,1855,76883,2017,132105,1860,208988,California
Stanislaus,2021-04-25,942,332521,485,175793,457,144884,0,11844,689,77330,246,132351,693,209681,California
Stanislaus,2021-04-26,3669,336190,2442,178235,1221,146105,6,11850,1154,76007,2488,134839,1165,210846,California
Stanislaus,2021-04-27,4308,340498,2890,181125,1370,147475,48,11898,1252,74289,3022,137861,1304,212150,California
Stanislaus,2021-04-28,4610,345108,3165,184290,1382,148857,63,11961,1954,73683,2631,140492,2025,214175,California
Stanislaus,2021-04-29,3984,349092,2443,186733,1493,150350,48,12009,1563,72907,2396,142888,1620,215795,California
Stanislaus,2021-04-30,4832,353924,2154,188887,2594,152944,84,12093,1902,71996,2905,145793,1994,217789,California
Stanislaus,2021-05-01,2735,356659,1936,190823,758,153702,41,12134,1026,71372,1699,147492,1075,218864,California
Stanislaus,2021-05-02,1092,357751,627,191450,426,154128,39,12173,524,71379,562,148054,569,219433,California
Stanislaus,2021-05-03,2582,360333,2004,193454,507,154635,71,12244,980,70848,1586,149640,1055,220488,California
Stanislaus,2021-05-04,3773,364106,2572,196026,1097,155732,104,12348,1177,69554,2581,152221,1287,221775,California
Stanislaus,2021-05-05,3445,367551,2266,198292,1103,156835,76,12424,1198,68606,2225,154446,1277,223052,California
Stanislaus,2021-05-06,3774,371325,2861,201153,789,157624,124,12548,1158,67304,2590,157036,1288,224340,California
Stanislaus,2021-05-07,2596,373921,1040,202193,1394,159018,162,12710,1108,67100,1476,158512,1272,225612,California
Stanislaus,2021-05-08,2021,375942,1405,203598,583,159601,33,12743,750,66639,1251,159763,790,226402,California
Stanislaus,2021-05-09,722,376664,347,203945,349,159950,26,12769,305,66557,414,160177,332,226734,California
Stanislaus,2021-05-10,1816,378480,1153,205098,564,160514,99,12868,491,65836,1313,161490,592,227326,California
Stanislaus,2021-05-11,2530,381010,1576,206674,794,161308,160,13028,752,64984,1769,163259,917,228243,California
Stanislaus,2021-05-12,2410,383420,1370,208044,929,162237,111,13139,936,64573,1460,164719,1049,229292,California
Stanislaus,2021-05-13,2183,385603,1289,209333,774,163011,120,13259,1037,64594,1138,165857,1159,230451,California
Stanislaus,2021-05-14,2791,388394,1261,210594,1392,164403,138,13397,1306,64577,1463,167320,1446,231897,California
Stanislaus,2021-05-15,2496,390890,1779,212373,667,165070,50,13447,1209,64568,1277,168597,1268,233165,California
Stanislaus,2021-05-16,1106,391996,747,213120,351,165421,8,13455,591,64660,511,169108,603,233768,California
Stanislaus,2021-05-17,2062,394058,1392,214512,588,166009,82,13537,996,64684,1060,170168,1084,234852,California
Stanislaus,2021-05-18,2327,396385,1609,216121,603,166612,115,13652,1206,64895,1109,171277,1320,236172,California
Stanislaus,2021-05-19,3163,399548,2172,218293,836,167448,155,13807,1383,64671,1766,173043,1542,237714,California
Stanislaus,2021-05-20,2246,401794,1220,219513,921,168369,105,13912,895,64335,1341,174384,1005,238719,California
Stanislaus,2021-05-21,2499,404293,1222,220735,1179,169548,98,14010,995,63944,1487,175871,1096,239815,California
Stanislaus,2021-05-22,2020,406313,1221,221956,728,170276,71,14081,879,63763,1132,177003,951,240766,California
Stanislaus,2021-05-23,1080,407393,708,222664,356,170632,16,14097,513,63730,562,177565,529,241295,California
Stanislaus,2021-05-24,1831,409224,1273,223937,479,171111,79,14176,726,63440,1101,178666,811,242106,California
Stanislaus,2021-05-25,1814,411038,1239,225176,475,171586,100,14276,861,63457,949,179615,966,243072,California
Stanislaus,2021-05-26,2039,413077,1269,226445,717,172303,53,14329,955,63389,1076,180691,1008,244080,California
Stanislaus,2021-05-27,1792,414869,980,227425,727,173030,85,14414,617,62929,1163,181854,703,244783,California
Stanislaus,2021-05-28,2196,417065,1037,228462,1072,174102,87,14501,943,62713,1246,183100,1030,245813,California
Stanislaus,2021-05-29,1321,418386,851,229313,428,174530,42,14543,591,62622,726,183826,635,246448,California
Stanislaus,2021-05-30,454,418840,272,229585,148,174678,34,14577,207,62621,242,184068,241,246689,California
Stanislaus,2021-05-31,259,419099,122,229707,130,174808,7,14584,97,62563,162,184230,104,246793,California
Stanislaus,2021-06-01,1691,420790,1054,230761,581,175389,56,14640,636,62209,1049,185279,695,247488,California
Stanislaus,2021-06-02,1813,422603,1151,231912,591,175980,71,14711,746,61975,1054,186333,820,248308,California
Stanislaus,2021-06-03,1396,423999,828,232740,520,176500,48,14759,514,61669,870,187203,564,248872,California
Stanislaus,2021-06-04,1919,425918,1150,233890,700,177200,69,14828,725,61280,1187,188390,798,249670,California
Stanislaus,2021-06-05,1571,427489,1221,235111,307,177507,43,14871,516,60789,1050,189440,559,250229,California
Stanislaus,2021-06-06,511,428000,419,235530,83,177590,9,14880,186,60661,324,189764,196,250425,California
Stanislaus,2021-06-07,1611,429611,1234,236764,332,177922,45,14925,602,60307,1000,190764,646,251071,California
Stanislaus,2021-06-08,1919,431530,1443,238207,398,178320,78,15003,677,59829,1233,191997,755,251826,California
Stanislaus,2021-06-09,1859,433389,1313,239520,464,178784,82,15085,634,59325,1221,193218,717,252543,California
Stanislaus,2021-06-10,1479,434868,939,240459,476,179260,64,15149,605,59130,866,194084,671,253214,California
Stanislaus,2021-06-11,1501,436369,906,241365,545,179805,50,15199,552,58799,935,195019,604,253818,California
Stanislaus,2021-06-12,1033,437402,752,242117,255,180060,26,15225,381,58563,646,195665,410,254228,California
Stanislaus,2021-06-13,548,437950,407,242524,135,180195,6,15231,177,58380,368,196033,185,254413,California
Stanislaus,2021-06-14,1358,439308,965,243489,370,180565,23,15254,493,58041,855,196888,516,254929,California
Stanislaus,2021-06-15,1585,440893,1143,244632,396,180961,46,15300,532,57573,1048,197936,580,255509,California
Stanislaus,2021-06-16,1938,442831,1393,246025,480,181441,65,15365,774,57252,1160,199096,839,256348,California
Stanislaus,2021-06-17,1152,443983,731,246756,377,181818,44,15409,539,57231,608,199704,587,256935,California
Stanislaus,2021-06-18,1364,445347,852,247608,429,182247,83,15492,547,57051,812,200516,632,257567,California
Stanislaus,2021-06-19,857,446204,629,248237,184,182431,44,15536,372,56987,481,200997,417,257984,California
Stanislaus,2021-06-20,330,446534,238,248475,86,182517,6,15542,154,56972,175,201172,160,258144,California
Stanislaus,2021-06-21,987,447521,580,249055,280,182797,127,15669,511,57142,470,201642,640,258784,California
Stanislaus,2021-06-22,1211,448732,881,249936,261,183058,69,15738,495,57001,707,202349,566,259350,California
Stanislaus,2021-06-23,1231,449963,815,250751,354,183412,62,15800,522,56877,707,203056,583,259933,California
Stanislaus,2021-06-24,944,450907,629,251380,268,183680,47,15847,478,56943,462,203518,528,260461,California
Stanislaus,2021-06-25,1110,452017,717,252097,331,184011,62,15909,469,56836,636,204154,529,260990,California
Stanislaus,2021-06-26,607,452624,460,252557,123,184134,24,15933,279,56814,326,204480,304,261294,California
Stanislaus,2021-06-27,394,453018,298,252855,86,184220,10,15943,202,56835,191,204671,212,261506,California
Stanislaus,2021-06-28,971,453989,769,253624,161,184381,41,15984,429,56765,540,205211,470,261976,California
Stanislaus,2021-06-29,880,454869,687,254311,150,184531,43,16027,357,56647,518,205729,400,262376,California
Stanislaus,2021-06-30,933,455802,637,254948,265,184796,31,16058,428,56609,499,206228,461,262837,California
Stanislaus,2021-07-01,901,456703,563,255511,301,185097,37,16095,407,56568,485,206713,444,263281,California
Stanislaus,2021-07-02,735,457438,419,255930,283,185380,33,16128,366,56604,362,207075,398,263679,California
Stanislaus,2021-07-03,394,457832,295,256225,89,185469,10,16138,207,56635,187,207262,218,263897,California
Stanislaus,2021-07-04,61,457893,29,256254,26,185495,6,16144,19,56619,41,207303,25,263922,California
Stanislaus,2021-07-05,544,458437,400,256654,141,185636,3,16147,264,56607,279,207582,267,264189,California
Stanislaus,2021-07-06,811,459248,578,257232,191,185827,42,16189,368,56577,439,208021,409,264598,California
Stanislaus,2021-07-07,907,460155,591,257823,267,186094,49,16238,358,56440,547,208568,410,265008,California
Stanislaus,2021-07-08,839,460994,529,258352,265,186359,45,16283,421,56492,414,208982,466,265474,California
Stanislaus,2021-07-09,822,461816,495,258847,295,186654,32,16315,421,56552,395,209377,455,265929,California
Stanislaus,2021-07-10,277,462093,195,259042,75,186729,7,16322,123,56530,152,209529,130,266059,California
Sutter,2020-12-15,1,1,1,1,0,0,0,0,1,1,0,0,1,1,California
Sutter,2020-12-16,4,5,4,5,0,0,0,0,4,5,0,0,4,5,California
Sutter,2020-12-17,3,8,3,8,0,0,0,0,3,8,0,0,3,8,California
Sutter,2020-12-18,21,29,21,29,0,0,0,0,21,29,0,0,21,29,California
Sutter,2020-12-19,45,74,45,74,0,0,0,0,45,74,0,0,45,74,California
Sutter,2020-12-20,43,117,43,117,0,0,0,0,43,117,0,0,43,117,California
Sutter,2020-12-21,99,216,99,216,0,0,0,0,99,216,0,0,99,216,California
Sutter,2020-12-22,172,388,172,388,0,0,0,0,172,388,0,0,172,388,California
Sutter,2020-12-23,115,503,110,498,5,5,0,0,115,503,0,0,115,503,California
Sutter,2020-12-24,17,520,11,509,6,11,0,0,17,520,0,0,17,520,California
Sutter,2020-12-26,38,558,34,543,4,15,0,0,38,558,0,0,38,558,California
Sutter,2020-12-27,24,582,23,566,1,16,0,0,24,582,0,0,24,582,California
Sutter,2020-12-28,84,666,56,622,28,44,0,0,84,666,0,0,84,666,California
Sutter,2020-12-29,101,767,14,636,87,131,0,0,101,767,0,0,101,767,California
Sutter,2020-12-30,136,903,33,669,103,234,0,0,136,903,0,0,136,903,California
Sutter,2020-12-31,70,973,6,675,64,298,0,0,70,973,0,0,70,973,California
Sutter,2021-01-01,3,976,3,678,0,298,0,0,3,976,0,0,3,976,California
Sutter,2021-01-02,134,1110,132,810,2,300,0,0,134,1110,0,0,134,1110,California
Sutter,2021-01-03,1,1111,0,810,1,301,0,0,1,1111,0,0,1,1111,California
Sutter,2021-01-04,245,1356,137,947,108,409,0,0,245,1356,0,0,245,1356,California
Sutter,2021-01-05,99,1455,56,1003,43,452,0,0,96,1449,3,3,96,1452,California
Sutter,2021-01-06,204,1659,50,1053,154,606,0,0,199,1643,5,8,199,1651,California
Sutter,2021-01-07,251,1910,153,1206,98,704,0,0,241,1875,9,17,241,1892,California
Sutter,2021-01-08,150,2060,40,1246,110,814,0,0,133,1991,17,34,133,2025,California
Sutter,2021-01-09,46,2106,43,1289,3,817,0,0,5,1955,41,75,5,2030,California
Sutter,2021-01-10,394,2500,37,1326,357,1174,0,0,356,2274,37,112,356,2386,California
Sutter,2021-01-11,132,2632,115,1441,17,1191,0,0,25,2192,107,219,25,2411,California
Sutter,2021-01-12,201,2833,165,1606,36,1227,0,0,57,2105,144,363,57,2468,California
Sutter,2021-01-13,163,2996,99,1705,64,1291,0,0,73,2089,89,452,73,2541,California
Sutter,2021-01-14,148,3144,52,1757,96,1387,0,0,128,2197,20,472,128,2669,California
Sutter,2021-01-15,435,3579,130,1887,305,1692,0,0,421,2604,14,486,421,3090,California
Sutter,2021-01-16,385,3964,41,1928,344,2036,0,0,354,2928,30,516,354,3444,California
Sutter,2021-01-17,26,3990,24,1952,2,2038,0,0,10,2922,16,532,10,3454,California
Sutter,2021-01-18,117,4107,62,2014,55,2093,0,0,69,2943,48,580,69,3523,California
Sutter,2021-01-19,109,4216,43,2057,66,2159,0,0,84,3002,25,605,84,3607,California
Sutter,2021-01-20,274,4490,209,2266,65,2224,0,0,252,3232,22,627,252,3859,California
Sutter,2021-01-21,524,5014,353,2619,171,2395,0,0,506,3720,18,645,506,4365,California
Sutter,2021-01-22,239,5253,51,2670,188,2583,0,0,230,3941,9,654,230,4595,California
Sutter,2021-01-23,398,5651,39,2709,359,2942,0,0,372,4287,26,680,372,4967,California
Sutter,2021-01-24,17,5668,15,2724,2,2944,0,0,15,4300,2,682,15,4982,California
Sutter,2021-01-25,305,5973,195,2919,110,3054,0,0,149,4295,155,837,150,5132,California
Sutter,2021-01-26,252,6225,110,3029,142,3196,0,0,145,4334,106,943,145,5277,California
Sutter,2021-01-27,389,6614,257,3286,132,3328,0,0,320,4585,69,1012,320,5597,California
Sutter,2021-01-28,585,7199,360,3646,225,3553,0,0,410,4822,173,1185,410,6007,California
Sutter,2021-01-29,365,7564,88,3734,277,3830,0,0,243,4943,122,1307,243,6250,California
Sutter,2021-01-30,773,8337,38,3772,735,4565,0,0,762,5694,11,1318,762,7012,California
Sutter,2021-01-31,28,8365,27,3799,1,4566,0,0,28,5722,0,1318,28,7040,California
Sutter,2021-02-01,172,8537,53,3852,119,4685,0,0,140,5831,31,1349,140,7180,California
Sutter,2021-02-02,248,8785,28,3880,220,4905,0,0,214,6011,34,1383,214,7394,California
Sutter,2021-02-03,447,9232,39,3919,408,5313,0,0,210,5985,236,1619,210,7604,California
Sutter,2021-02-04,670,9902,365,4284,305,5618,0,0,619,6554,50,1669,619,8223,California
Sutter,2021-02-05,290,10192,34,4318,256,5874,0,0,136,6536,154,1823,136,8359,California
Sutter,2021-02-06,734,10926,28,4346,706,6580,0,0,712,7226,22,1845,712,9071,California
Sutter,2021-02-07,25,10951,21,4367,4,6584,0,0,21,7243,4,1849,21,9092,California
Sutter,2021-02-08,136,11087,31,4398,105,6689,0,0,98,7303,38,1887,98,9190,California
Sutter,2021-02-09,249,11336,46,4444,203,6892,0,0,188,7430,61,1948,188,9378,California
Sutter,2021-02-10,821,12157,385,4829,436,7328,0,0,178,6966,642,2590,178,9556,California
Sutter,2021-02-11,608,12765,275,5104,333,7661,0,0,316,6990,292,2882,316,9872,California
Sutter,2021-02-12,638,13403,69,5173,569,8230,0,0,312,6977,325,3207,312,10184,California
Sutter,2021-02-13,904,14307,48,5221,856,9086,0,0,785,7643,119,3326,785,10969,California
Sutter,2021-02-14,90,14397,25,5246,65,9151,0,0,79,7711,11,3337,79,11048,California
Sutter,2021-02-15,201,14598,72,5318,129,9280,0,0,122,7754,79,3416,122,11170,California
Sutter,2021-02-16,290,14888,44,5362,246,9526,0,0,204,7874,84,3500,204,11374,California
Sutter,2021-02-17,837,15725,435,5797,402,9928,0,0,136,7310,700,4200,136,11510,California
Sutter,2021-02-18,719,16444,59,5856,660,10588,0,0,502,7597,215,4415,502,12012,California
Sutter,2021-02-19,669,17113,378,6234,291,10879,0,0,464,7859,202,4617,464,12476,California
Sutter,2021-02-20,629,17742,56,6290,573,11452,0,0,520,8271,108,4725,520,12996,California
Sutter,2021-02-21,29,17771,28,6318,1,11453,0,0,7,8256,22,4747,7,13003,California
Sutter,2021-02-22,216,17987,126,6444,90,11543,0,0,86,8213,129,4876,86,13089,California
Sutter,2021-02-23,245,18232,36,6480,209,11752,0,0,108,8186,135,5011,108,13197,California
Sutter,2021-02-24,1024,19256,377,6857,647,12399,0,0,201,7566,821,5832,201,13398,California
Sutter,2021-02-25,854,20110,538,7395,316,12715,0,0,650,8016,200,6032,650,14048,California
Sutter,2021-02-26,399,20509,62,7457,337,13052,0,0,167,7955,228,6260,167,14215,California
Sutter,2021-02-27,867,21376,47,7504,820,13872,0,0,712,8510,157,6417,712,14927,California
Sutter,2021-02-28,89,21465,43,7547,46,13918,0,0,68,8558,20,6437,68,14995,California
Sutter,2021-03-01,251,21716,62,7609,189,14107,0,0,150,8607,101,6538,150,15145,California
Sutter,2021-03-02,342,22058,59,7668,283,14390,0,0,164,8596,175,6713,164,15309,California
Sutter,2021-03-03,1401,23459,531,8199,870,15260,0,0,660,8523,733,7446,660,15969,California
Sutter,2021-03-04,1258,24717,864,9063,394,15654,0,0,947,9163,307,7753,947,16916,California
Sutter,2021-03-05,341,25058,80,9143,260,15914,1,1,208,9239,133,7886,209,17125,California
Sutter,2021-03-06,1028,26086,46,9189,977,16891,5,6,859,9936,167,8053,864,17989,California
Sutter,2021-03-07,69,26155,23,9212,45,16936,1,7,46,9961,22,8075,47,18036,California
Sutter,2021-03-08,235,26390,81,9293,142,17078,12,19,164,10066,71,8146,176,18212,California
Sutter,2021-03-09,394,26784,138,9431,244,17322,12,31,188,10060,206,8352,200,18412,California
Sutter,2021-03-10,1573,28357,678,10109,834,18156,61,92,525,9606,1040,9392,586,18998,California
Sutter,2021-03-11,904,29261,440,10549,445,18601,19,111,653,10031,247,9639,672,19670,California
Sutter,2021-03-12,680,29941,111,10660,389,18990,180,291,203,9938,473,10112,380,20050,California
Sutter,2021-03-13,991,30932,749,11409,223,19213,19,310,778,10524,210,10322,796,20846,California
Sutter,2021-03-14,132,31064,22,11431,99,19312,11,321,45,10493,87,10409,56,20902,California
Sutter,2021-03-15,326,31390,67,11498,210,19522,49,370,155,10528,169,10578,204,21106,California
Sutter,2021-03-16,391,31781,86,11584,258,19780,47,417,212,10607,179,10757,258,21364,California
Sutter,2021-03-17,1499,33280,563,12147,914,20694,22,439,274,9692,1210,11967,295,21659,California
Sutter,2021-03-18,978,34258,183,12330,591,21285,204,643,568,10058,404,12371,770,22429,California
Sutter,2021-03-19,463,34721,166,12496,268,21553,29,672,280,10186,181,12552,309,22738,California
Sutter,2021-03-20,950,35671,118,12614,821,22374,11,683,857,10963,91,12643,868,23606,California
Sutter,2021-03-21,68,35739,47,12661,18,22392,3,686,32,10962,36,12679,35,23641,California
Sutter,2021-03-22,290,36029,120,12781,144,22536,26,712,210,11121,77,12756,236,23877,California
Sutter,2021-03-23,378,36407,114,12895,231,22767,33,745,246,11269,130,12886,278,24155,California
Sutter,2021-03-24,1686,38093,774,13669,843,23610,69,814,309,10287,1360,14246,378,24533,California
Sutter,2021-03-25,1043,39136,679,14348,321,23931,43,857,360,10012,678,14924,403,24936,California
Sutter,2021-03-26,498,39634,176,14524,305,24236,17,874,286,10110,205,15129,303,25239,California
Sutter,2021-03-27,928,40562,63,14587,863,25099,2,876,810,10809,113,15242,812,26051,California
Sutter,2021-03-28,125,40687,72,14659,53,25152,0,876,77,10840,46,15288,77,26128,California
Sutter,2021-03-29,426,41113,142,14801,228,25380,56,932,221,10914,203,15491,277,26405,California
Sutter,2021-03-30,481,41594,160,14961,311,25691,10,942,317,11078,163,15654,327,26732,California
Sutter,2021-03-31,1256,42850,177,15138,1063,26754,16,958,441,10732,802,16456,456,27188,California
Sutter,2021-04-01,1385,44235,740,15878,460,27214,185,1143,428,10398,946,17402,612,27800,California
Sutter,2021-04-02,517,44752,102,15980,297,27511,118,1261,202,10403,311,17713,316,28116,California
Sutter,2021-04-03,913,45665,78,16058,213,27724,622,1883,122,10362,784,18497,743,28859,California
Sutter,2021-04-04,118,45783,22,16080,90,27814,6,1889,54,10359,63,18560,60,28919,California
Sutter,2021-04-05,372,46155,144,16224,191,28005,37,1926,172,10371,197,18757,209,29128,California
Sutter,2021-04-06,510,46665,198,16422,256,28261,56,1982,269,10457,239,18996,325,29453,California
Sutter,2021-04-07,1480,48145,885,17307,520,28781,75,2057,601,10267,866,19862,676,30129,California
Sutter,2021-04-08,1061,49206,584,17891,362,29143,115,2172,572,10469,482,20344,684,30813,California
Sutter,2021-04-09,571,49777,250,18141,256,29399,65,2237,236,10440,330,20674,301,31114,California
Sutter,2021-04-10,831,50608,112,18253,89,29488,630,2867,111,10457,714,21388,731,31845,California
Sutter,2021-04-11,121,50729,34,18287,40,29528,47,2914,38,10458,82,21470,83,31928,California
Sutter,2021-04-12,344,51073,95,18382,195,29723,54,2968,135,10439,208,21678,189,32117,California
Sutter,2021-04-13,430,51503,125,18507,305,30028,0,2968,211,10433,217,21895,211,32328,California
Sutter,2021-04-14,1326,52829,162,18669,1163,31191,1,2969,224,9565,1093,22988,225,32553,California
Sutter,2021-04-15,541,53370,174,18843,367,31558,0,2969,217,9462,320,23308,217,32770,California
Sutter,2021-04-16,409,53779,129,18972,280,31838,0,2969,189,9433,218,23526,189,32959,California
Sutter,2021-04-17,580,54359,83,19055,497,32335,0,2969,508,9870,71,23597,508,33467,California
Sutter,2021-04-18,92,54451,33,19088,59,32394,0,2969,58,9896,32,23629,58,33525,California
Sutter,2021-04-19,295,54746,113,19201,182,32576,0,2969,122,9848,170,23799,122,33647,California
Sutter,2021-04-20,465,55211,182,19383,283,32859,0,2969,224,9834,238,24037,224,33871,California
Sutter,2021-04-21,1312,56523,502,19885,810,33669,0,2969,514,9564,784,24821,514,34385,California
Sutter,2021-04-22,530,57053,195,20080,335,34004,0,2969,259,9555,268,25089,259,34644,California
Sutter,2021-04-23,438,57491,154,20234,284,34288,0,2969,200,9521,234,25323,200,34844,California
Sutter,2021-04-24,325,57816,106,20340,218,34506,1,2970,184,9565,140,25463,184,35028,California
Sutter,2021-04-25,158,57974,75,20415,83,34589,0,2970,86,9581,70,25533,86,35114,California
Sutter,2021-04-26,322,58296,107,20522,213,34802,2,2972,136,9535,184,25717,138,35252,California
Sutter,2021-04-27,557,58853,284,20806,269,35071,4,2976,255,9496,298,26015,259,35511,California
Sutter,2021-04-28,860,59713,386,21192,466,35537,8,2984,284,9219,569,26584,292,35803,California
Sutter,2021-04-29,807,60520,167,21359,639,36176,1,2985,325,9069,476,27060,326,36129,California
Sutter,2021-04-30,394,60914,143,21502,238,36414,13,2998,173,9037,217,27277,185,36314,California
Sutter,2021-05-01,301,61215,109,21611,151,36565,41,3039,130,9040,168,27445,171,36485,California
Sutter,2021-05-02,80,61295,53,21664,25,36590,2,3041,45,9052,35,27480,47,36532,California
Sutter,2021-05-03,217,61512,109,21773,99,36689,9,3050,89,9022,128,27608,98,36630,California
Sutter,2021-05-04,558,62070,254,22027,240,36929,64,3114,228,8987,326,27934,291,36921,California
Sutter,2021-05-05,565,62635,174,22201,383,37312,8,3122,165,8766,394,28328,173,37094,California
Sutter,2021-05-06,438,63073,234,22435,183,37495,21,3143,198,8745,239,28567,218,37312,California
Sutter,2021-05-07,426,63499,160,22595,244,37739,22,3165,162,8671,258,28825,184,37496,California
Sutter,2021-05-08,241,63740,95,22690,140,37879,6,3171,115,8666,126,28951,121,37617,California
Sutter,2021-05-09,107,63847,79,22769,23,37902,5,3176,62,8688,45,28996,67,37684,California
Sutter,2021-05-10,192,64039,44,22813,130,38032,18,3194,50,8615,141,29137,68,37752,California
Sutter,2021-05-11,473,64512,238,23051,214,38246,21,3215,192,8550,276,29413,211,37963,California
Sutter,2021-05-12,466,64978,262,23313,193,38439,11,3226,157,8413,305,29718,168,38131,California
Sutter,2021-05-13,490,65468,262,23575,206,38645,22,3248,189,8324,300,30018,211,38342,California
Sutter,2021-05-14,443,65911,189,23764,238,38883,16,3264,205,8312,233,30251,221,38563,California
Sutter,2021-05-15,848,66759,316,24080,501,39384,31,3295,309,8115,537,30788,340,38903,California
Sutter,2021-05-16,173,66932,118,24198,47,39431,8,3303,93,8137,79,30867,101,39004,California
Sutter,2021-05-17,290,67222,116,24314,160,39591,14,3317,148,8160,139,31006,162,39166,California
Sutter,2021-05-18,553,67775,313,24627,236,39827,4,3321,300,8215,249,31255,304,39470,California
Sutter,2021-05-19,463,68238,264,24891,192,40019,7,3328,223,8208,237,31492,230,39700,California
Sutter,2021-05-20,461,68699,239,25130,210,40229,12,3340,215,8193,242,31734,227,39927,California
Sutter,2021-05-21,488,69187,220,25350,256,40485,12,3352,211,8140,275,32009,222,40149,California
Sutter,2021-05-22,372,69559,207,25557,162,40647,3,3355,186,8147,181,32190,188,40337,California
Sutter,2021-05-23,191,69750,95,25652,87,40734,9,3364,92,8155,93,32283,101,40438,California
Sutter,2021-05-24,240,69990,91,25743,126,40860,23,3387,96,8133,141,32424,119,40557,California
Sutter,2021-05-25,399,70389,196,25939,191,41051,12,3399,165,8081,229,32653,177,40734,California
Sutter,2021-05-26,322,70711,157,26096,156,41207,9,3408,112,7996,206,32859,121,40855,California
Sutter,2021-05-27,434,71145,117,26213,298,41505,19,3427,121,7828,308,33167,140,40995,California
Sutter,2021-05-28,340,71485,165,26378,158,41663,17,3444,168,7848,165,33332,185,41180,California
Sutter,2021-05-29,255,71740,121,26499,119,41782,15,3459,132,7877,118,33450,147,41327,California
Sutter,2021-05-30,84,71824,61,26560,20,41802,3,3462,39,7876,43,33493,42,41369,California
Sutter,2021-05-31,21,71845,3,26563,14,41816,4,3466,7,7873,14,33507,11,41380,California
Sutter,2021-06-01,311,72156,134,26697,169,41985,8,3474,114,7800,195,33702,122,41502,California
Sutter,2021-06-02,283,72439,120,26817,157,42142,6,3480,97,7723,180,33882,103,41605,California
Sutter,2021-06-03,343,72782,224,27041,109,42251,10,3490,116,7628,221,34103,126,41731,California
Sutter,2021-06-04,342,73124,198,27239,137,42388,7,3497,119,7536,218,34321,126,41857,California
Sutter,2021-06-05,440,73564,369,27608,67,42455,4,3501,154,7413,281,34602,158,42015,California
Sutter,2021-06-06,134,73698,115,27723,16,42471,3,3504,44,7372,88,34690,47,42062,California
Sutter,2021-06-07,165,73863,107,27830,49,42520,9,3513,58,7333,106,34796,67,42129,California
Sutter,2021-06-08,366,74229,206,28036,148,42668,12,3525,158,7294,209,35005,170,42299,California
Sutter,2021-06-09,369,74598,235,28271,129,42797,5,3530,128,7189,238,35243,133,42432,California
Sutter,2021-06-10,388,74986,278,28549,100,42897,10,3540,153,7121,231,35474,163,42595,California
Sutter,2021-06-11,338,75324,216,28765,116,43013,6,3546,114,7021,219,35693,119,42714,California
Sutter,2021-06-12,246,75570,172,28937,59,43072,15,3561,71,6932,175,35868,86,42800,California
Sutter,2021-06-13,83,75653,65,29002,17,43089,1,3562,22,6895,60,35928,23,42823,California
Sutter,2021-06-14,188,75841,110,29112,67,43156,11,3573,73,6865,114,36042,84,42907,California
Sutter,2021-06-15,285,76126,154,29266,118,43274,13,3586,101,6797,182,36224,114,43021,California
Sutter,2021-06-16,221,76347,142,29408,70,43344,9,3595,107,6799,114,36338,116,43137,California
Sutter,2021-06-17,283,76630,173,29581,104,43448,6,3601,123,6770,158,36496,129,43266,California
Sutter,2021-06-18,266,76896,171,29752,80,43528,15,3616,94,6710,169,36665,109,43375,California
Sutter,2021-06-19,208,77104,139,29891,65,43593,4,3620,59,6626,147,36812,63,43438,California
Sutter,2021-06-20,70,77174,49,29940,19,43612,2,3622,31,6620,39,36851,33,43471,California
Sutter,2021-06-21,113,77287,54,29994,47,43659,12,3634,51,6623,60,36911,63,43534,California
Sutter,2021-06-22,223,77510,128,30122,92,43751,3,3637,86,6578,134,37045,89,43623,California
Sutter,2021-06-23,185,77695,108,30230,69,43820,8,3645,77,6554,108,37153,84,43707,California
Sutter,2021-06-24,239,77934,161,30391,67,43887,11,3656,103,6532,136,37289,114,43821,California
Sutter,2021-06-25,224,78158,145,30536,73,43960,6,3662,88,6494,132,37421,94,43915,California
Sutter,2021-06-26,220,78378,178,30714,36,43996,6,3668,76,6435,142,37563,83,43998,California
Sutter,2021-06-27,78,78456,65,30779,12,44008,1,3669,28,6415,49,37612,29,44027,California
Sutter,2021-06-28,121,78577,75,30854,40,44048,6,3675,61,6423,59,37671,67,44094,California
Sutter,2021-06-29,232,78809,152,31006,70,44118,10,3685,81,6365,149,37820,91,44185,California
Sutter,2021-06-30,178,78987,113,31119,56,44174,9,3694,73,6346,101,37921,82,44267,California
Sutter,2021-07-01,206,79193,174,31293,25,44199,7,3701,76,6299,129,38050,82,44349,California
Sutter,2021-07-02,196,79389,130,31423,54,44253,12,3713,93,6308,96,38146,105,44454,California
Sutter,2021-07-03,115,79504,88,31511,24,44277,3,3716,40,6282,69,38215,43,44497,California
Sutter,2021-07-04,6,79510,3,31514,3,44280,0,3716,2,6281,3,38218,2,44499,California
Sutter,2021-07-05,87,79597,58,31572,19,44299,10,3726,40,6284,46,38264,49,44548,California
Sutter,2021-07-06,229,79826,136,31708,72,44371,21,3747,77,6232,150,38414,98,44646,California
Sutter,2021-07-07,191,80017,108,31816,75,44446,8,3755,64,6179,125,38539,72,44718,California
Sutter,2021-07-08,216,80233,135,31951,75,44521,6,3761,77,6125,137,38676,83,44801,California
Sutter,2021-07-09,205,80438,136,32087,62,44583,7,3768,99,6128,103,38779,106,44907,California
Sutter,2021-07-10,76,80514,53,32140,22,44605,1,3769,42,6138,33,38812,43,44950,California
Tehama,2020-12-15,1,1,1,1,0,0,0,0,1,1,0,0,1,1,California
Tehama,2020-12-16,2,3,2,3,0,0,0,0,2,3,0,0,2,3,California
Tehama,2020-12-17,12,15,12,15,0,0,0,0,12,15,0,0,12,15,California
Tehama,2020-12-18,2,17,2,17,0,0,0,0,3,18,0,0,3,18,California
Tehama,2020-12-21,33,50,33,50,0,0,0,0,33,51,0,0,33,51,California
Tehama,2020-12-22,70,120,64,114,6,6,0,0,70,121,0,0,70,121,California
Tehama,2020-12-23,48,168,40,154,8,14,0,0,48,169,0,0,48,169,California
Tehama,2020-12-24,5,173,3,157,2,16,0,0,5,174,0,0,5,174,California
Tehama,2020-12-26,3,176,2,159,1,17,0,0,3,177,0,0,3,177,California
Tehama,2020-12-27,2,178,2,161,0,17,0,0,2,179,0,0,2,179,California
Tehama,2020-12-28,56,234,43,204,13,30,0,0,56,235,0,0,56,235,California
Tehama,2020-12-29,31,265,31,235,0,30,0,0,31,266,0,0,31,266,California
Tehama,2020-12-30,55,320,39,274,16,46,0,0,54,320,0,0,54,320,California
Tehama,2020-12-31,14,334,4,278,10,56,0,0,14,334,0,0,14,334,California
Tehama,2021-01-01,3,337,0,278,3,59,0,0,3,337,0,0,3,337,California
Tehama,2021-01-04,32,369,9,287,23,82,0,0,32,369,0,0,32,369,California
Tehama,2021-01-05,70,439,43,330,27,109,0,0,67,433,3,3,67,436,California
Tehama,2021-01-06,72,511,21,351,51,160,0,0,63,488,8,11,63,499,California
Tehama,2021-01-07,57,568,7,358,50,210,0,0,56,543,1,12,56,555,California
Tehama,2021-01-08,34,602,25,383,9,219,0,0,29,567,5,17,29,584,California
Tehama,2021-01-09,7,609,5,388,2,221,0,0,5,570,2,19,5,589,California
Tehama,2021-01-10,1,610,0,388,1,222,0,0,1,571,0,19,1,590,California
Tehama,2021-01-11,49,659,47,435,2,224,0,0,15,552,34,53,15,605,California
Tehama,2021-01-12,132,791,112,547,20,244,0,0,86,592,46,99,86,691,California
Tehama,2021-01-13,73,864,55,602,18,262,0,0,27,573,46,145,27,718,California
Tehama,2021-01-14,224,1088,51,653,173,435,0,0,222,793,2,147,222,940,California
Tehama,2021-01-15,250,1338,75,728,175,610,0,0,246,1035,4,151,246,1186,California
Tehama,2021-01-16,264,1602,19,747,245,855,0,0,261,1293,3,154,261,1447,California
Tehama,2021-01-17,7,1609,3,750,4,859,0,0,4,1294,3,157,4,1451,California
Tehama,2021-01-18,12,1621,7,757,5,864,0,0,7,1296,5,162,7,1458,California
Tehama,2021-01-19,295,1916,68,825,227,1091,0,0,240,1481,55,217,240,1698,California
Tehama,2021-01-20,303,2219,87,912,216,1307,0,0,253,1685,49,266,253,1951,California
Tehama,2021-01-21,214,2433,11,923,203,1510,0,0,204,1879,10,276,204,2155,California
Tehama,2021-01-22,224,2657,21,944,203,1713,0,0,221,2097,3,279,221,2376,California
Tehama,2021-01-23,257,2914,7,951,250,1963,0,0,256,2352,1,280,256,2632,California
Tehama,2021-01-24,2,2916,1,952,1,1964,0,0,2,2354,0,280,2,2634,California
Tehama,2021-01-25,32,2948,15,967,17,1981,0,0,14,2350,18,298,14,2648,California
Tehama,2021-01-26,322,3270,42,1009,280,2261,0,0,285,2598,37,335,285,2933,California
Tehama,2021-01-27,300,3570,21,1030,279,2540,0,0,280,2858,20,355,280,3213,California
Tehama,2021-01-28,343,3913,31,1061,312,2852,0,0,328,3171,15,370,328,3541,California
Tehama,2021-01-29,324,4237,20,1081,304,3156,0,0,306,3459,18,388,306,3847,California
Tehama,2021-01-30,102,4339,2,1083,100,3256,0,0,101,3559,1,389,101,3948,California
Tehama,2021-01-31,1,4340,0,1083,1,3257,0,0,1,3560,0,389,1,3949,California
Tehama,2021-02-01,80,4420,24,1107,56,3313,0,0,37,3554,43,432,37,3986,California
Tehama,2021-02-02,362,4782,65,1172,297,3610,0,0,263,3718,99,531,263,4249,California
Tehama,2021-02-03,409,5191,10,1182,399,4009,0,0,363,4035,46,577,363,4612,California
Tehama,2021-02-04,506,5697,99,1281,407,4416,0,0,424,4378,82,659,425,5037,California
Tehama,2021-02-05,180,5877,74,1355,106,4522,0,0,118,4434,62,721,118,5155,California
Tehama,2021-02-06,29,5906,14,1369,15,4537,0,0,17,4439,12,733,17,5172,California
Tehama,2021-02-07,6,5912,5,1374,1,4538,0,0,2,4438,3,736,2,5174,California
Tehama,2021-02-08,35,5947,13,1387,22,4560,0,0,26,4455,9,745,26,5200,California
Tehama,2021-02-09,78,6025,38,1425,40,4600,0,0,40,4457,38,783,40,5240,California
Tehama,2021-02-10,232,6257,63,1488,169,4769,0,0,156,4537,76,859,156,5396,California
Tehama,2021-02-11,220,6477,15,1503,205,4974,0,0,82,4483,136,995,82,5478,California
Tehama,2021-02-12,362,6839,65,1568,297,5271,0,0,170,4461,192,1187,170,5648,California
Tehama,2021-02-13,385,7224,14,1582,371,5642,0,0,145,4366,240,1427,145,5793,California
Tehama,2021-02-14,38,7262,2,1584,36,5678,0,0,36,4400,2,1429,36,5829,California
Tehama,2021-02-15,53,7315,10,1594,43,5721,0,0,47,4441,6,1435,47,5876,California
Tehama,2021-02-16,249,7564,16,1610,233,5954,0,0,64,4320,185,1620,64,5940,California
Tehama,2021-02-17,284,7848,12,1622,272,6226,0,0,54,4144,230,1850,54,5994,California
Tehama,2021-02-18,371,8219,32,1654,339,6565,0,0,145,4063,226,2076,145,6139,California
Tehama,2021-02-19,215,8434,18,1672,197,6762,0,0,43,3934,172,2248,43,6182,California
Tehama,2021-02-20,271,8705,7,1679,264,7026,0,0,27,3717,244,2492,27,6209,California
Tehama,2021-02-21,2,8707,1,1680,1,7027,0,0,1,3717,1,2493,1,6210,California
Tehama,2021-02-22,40,8747,16,1696,24,7051,0,0,28,3733,12,2505,28,6238,California
Tehama,2021-02-23,74,8821,22,1718,52,7103,0,0,29,3717,45,2550,29,6267,California
Tehama,2021-02-24,304,9125,13,1731,291,7394,0,0,29,3471,275,2825,29,6296,California
Tehama,2021-02-25,386,9511,65,1796,321,7715,0,0,42,3169,344,3169,42,6338,California
Tehama,2021-02-26,463,9974,19,1815,444,8159,0,0,71,2848,392,3561,71,6409,California
Tehama,2021-02-27,296,10270,5,1820,291,8450,0,0,34,2620,262,3823,34,6443,California
Tehama,2021-02-28,23,10293,2,1822,21,8471,0,0,20,2637,3,3826,20,6463,California
Tehama,2021-03-01,67,10360,8,1830,59,8530,0,0,32,2634,35,3861,32,6495,California
Tehama,2021-03-02,157,10517,18,1848,139,8669,0,0,32,2541,125,3986,32,6527,California
Tehama,2021-03-03,169,10686,33,1881,136,8805,0,0,51,2474,118,4104,51,6578,California
Tehama,2021-03-04,666,11352,39,1920,627,9432,0,0,223,2259,438,4542,223,6801,California
Tehama,2021-03-05,405,11757,20,1940,385,9817,0,0,213,2281,191,4733,213,7014,California
Tehama,2021-03-06,307,12064,16,1956,291,10108,0,0,80,2136,226,4959,81,7095,California
Tehama,2021-03-07,6,12070,1,1957,5,10113,0,0,3,2137,2,4961,3,7098,California
Tehama,2021-03-08,58,12128,12,1969,31,10144,15,15,27,2149,30,4991,42,7140,California
Tehama,2021-03-09,366,12494,7,1976,340,10484,19,34,311,2424,55,5046,330,7470,California
Tehama,2021-03-10,356,12850,17,1993,318,10802,21,55,73,2236,282,5328,94,7564,California
Tehama,2021-03-11,496,13346,18,2011,429,11231,49,104,348,2485,148,5476,397,7961,California
Tehama,2021-03-12,307,13653,20,2031,222,11453,65,169,179,2603,127,5603,245,8206,California
Tehama,2021-03-13,49,13702,8,2039,34,11487,7,176,6,2573,43,5646,13,8219,California
Tehama,2021-03-14,53,13755,3,2042,40,11527,10,186,9,2548,44,5690,19,8238,California
Tehama,2021-03-15,155,13910,22,2064,113,11640,20,206,85,2583,70,5760,105,8343,California
Tehama,2021-03-16,418,14328,14,2078,366,12006,38,244,313,2830,104,5864,351,8694,California
Tehama,2021-03-17,435,14763,22,2100,381,12387,32,276,351,3131,82,5946,383,9077,California
Tehama,2021-03-18,486,15249,26,2126,436,12823,24,300,307,3285,177,6123,331,9408,California
Tehama,2021-03-19,318,15567,22,2148,283,13106,13,313,276,3532,42,6165,289,9697,California
Tehama,2021-03-20,41,15608,8,2156,31,13137,2,315,29,3551,12,6177,31,9728,California
Tehama,2021-03-21,12,15620,5,2161,7,13144,0,315,12,3563,0,6177,12,9740,California
Tehama,2021-03-22,92,15712,8,2169,67,13211,17,332,50,3588,42,6219,67,9807,California
Tehama,2021-03-23,87,15799,28,2197,53,13264,6,338,69,3645,18,6237,75,9882,California
Tehama,2021-03-24,85,15884,16,2213,67,13331,2,340,54,3670,31,6268,56,9938,California
Tehama,2021-03-25,540,16424,364,2577,163,13494,13,353,483,4110,56,6324,496,10434,California
Tehama,2021-03-26,514,16938,403,2980,99,13593,12,365,434,4479,77,6401,446,10880,California
Tehama,2021-03-27,452,17390,356,3336,71,13664,25,390,383,4819,68,6469,408,11288,California
Tehama,2021-03-28,31,17421,10,3346,21,13685,0,390,19,4826,12,6481,19,11307,California
Tehama,2021-03-29,127,17548,32,3378,95,13780,0,390,80,4859,47,6528,80,11387,California
Tehama,2021-03-30,373,17921,221,3599,150,13930,2,392,252,4992,121,6649,254,11641,California
Tehama,2021-03-31,401,18322,298,3897,100,14030,3,395,328,5250,72,6721,330,11971,California
Tehama,2021-04-01,528,18850,246,4143,276,14306,6,401,395,5519,132,6853,401,12372,California
Tehama,2021-04-02,458,19308,216,4359,237,14543,5,406,273,5611,185,7038,277,12649,California
Tehama,2021-04-03,64,19372,5,4364,54,14597,5,411,32,5616,32,7070,37,12686,California
Tehama,2021-04-04,34,19406,7,4371,26,14623,1,412,23,5629,11,7081,24,12710,California
Tehama,2021-04-05,116,19522,21,4392,67,14690,28,440,59,5659,57,7138,87,12797,California
Tehama,2021-04-06,493,20015,109,4501,333,15023,51,491,137,5491,356,7494,188,12985,California
Tehama,2021-04-07,417,20432,284,4785,90,15113,43,534,304,5725,112,7606,346,13331,California
Tehama,2021-04-08,608,21040,174,4959,394,15507,40,574,230,5618,377,7983,270,13601,California
Tehama,2021-04-09,432,21472,194,5153,204,15711,34,608,216,5653,215,8198,250,13851,California
Tehama,2021-04-10,79,21551,9,5162,38,15749,32,640,40,5686,39,8237,72,13923,California
Tehama,2021-04-11,33,21584,7,5169,15,15764,11,651,8,5680,25,8262,19,13942,California
Tehama,2021-04-12,113,21697,6,5175,88,15852,19,670,40,5666,73,8335,59,14001,California
Tehama,2021-04-13,390,22087,66,5241,324,16176,0,670,67,5410,323,8658,67,14068,California
Tehama,2021-04-14,409,22496,54,5295,355,16531,0,670,51,5105,356,9014,51,14119,California
Tehama,2021-04-15,520,23016,193,5488,327,16858,0,670,81,4748,438,9452,81,14200,California
Tehama,2021-04-16,598,23614,342,5830,256,17114,0,670,75,4300,523,9975,75,14275,California
Tehama,2021-04-17,349,23963,269,6099,80,17194,0,670,41,4035,307,10282,42,14317,California
Tehama,2021-04-18,17,23980,3,6102,14,17208,0,670,14,4046,3,10285,14,14331,California
Tehama,2021-04-19,98,24078,8,6110,90,17298,0,670,42,4032,56,10341,42,14373,California
Tehama,2021-04-20,528,24606,436,6546,92,17390,0,670,152,3812,374,10715,154,14527,California
Tehama,2021-04-21,512,25118,434,6980,78,17468,0,670,170,3642,340,11055,170,14697,California
Tehama,2021-04-22,526,25644,366,7346,160,17628,0,670,158,3435,365,11420,158,14855,California
Tehama,2021-04-23,455,26099,351,7697,104,17732,0,670,204,3390,250,11670,205,15060,California
Tehama,2021-04-24,104,26203,18,7715,86,17818,0,670,27,3340,77,11747,27,15087,California
Tehama,2021-04-25,29,26232,18,7733,11,17829,0,670,9,3330,19,11766,9,15096,California
Tehama,2021-04-26,87,26319,12,7745,75,17904,0,670,48,3339,39,11805,48,15144,California
Tehama,2021-04-27,257,26576,209,7954,47,17951,1,671,95,3273,162,11967,96,15240,California
Tehama,2021-04-28,404,26980,324,8278,63,18014,17,688,70,3026,334,12301,87,15327,California
Tehama,2021-04-29,359,27339,172,8450,181,18195,6,694,72,2818,286,12587,78,15405,California
Tehama,2021-04-30,327,27666,240,8690,81,18276,6,700,113,2723,214,12801,119,15524,California
Tehama,2021-05-01,74,27740,4,8694,67,18343,3,703,16,2684,58,12859,19,15543,California
Tehama,2021-05-02,44,27784,22,8716,10,18353,12,715,24,2700,20,12879,36,15579,California
Tehama,2021-05-03,118,27902,40,8756,70,18423,8,723,64,2718,54,12933,72,15651,California
Tehama,2021-05-04,165,28067,60,8816,98,18521,7,730,71,2702,94,13027,78,15729,California
Tehama,2021-05-05,97,28164,26,8842,61,18582,10,740,45,2705,52,13079,55,15784,California
Tehama,2021-05-06,169,28333,94,8936,60,18642,15,755,103,2757,66,13145,118,15902,California
Tehama,2021-05-07,178,28511,73,9009,94,18736,11,766,52,2696,124,13269,63,15965,California
Tehama,2021-05-08,50,28561,6,9015,43,18779,1,767,14,2675,36,13305,15,15980,California
Tehama,2021-05-09,17,28578,4,9019,13,18792,0,767,7,2672,10,13315,7,15987,California
Tehama,2021-05-10,80,28658,8,9027,66,18858,6,773,39,2676,40,13355,44,16031,California
Tehama,2021-05-11,176,28834,117,9144,49,18907,10,783,37,2584,139,13494,47,16078,California
Tehama,2021-05-12,213,29047,133,9277,69,18976,11,794,48,2478,165,13659,59,16137,California
Tehama,2021-05-13,249,29296,168,9445,73,19049,8,802,114,2466,134,13793,122,16259,California
Tehama,2021-05-14,248,29544,134,9579,93,19142,21,823,59,2358,188,13981,80,16339,California
Tehama,2021-05-15,225,29769,135,9714,54,19196,36,859,161,2492,63,14044,197,16536,California
Tehama,2021-05-16,27,29796,7,9721,17,19213,3,862,15,2498,12,14056,18,16554,California
Tehama,2021-05-17,113,29909,29,9750,69,19282,15,877,54,2509,58,14114,69,16623,California
Tehama,2021-05-18,152,30061,78,9828,59,19341,15,892,50,2473,101,14215,65,16688,California
Tehama,2021-05-19,127,30188,54,9882,63,19404,10,902,41,2438,86,14301,51,16739,California
Tehama,2021-05-20,334,30522,241,10123,70,19474,23,925,231,2590,102,14403,254,16993,California
Tehama,2021-05-21,223,30745,100,10223,110,19584,13,938,80,2542,141,14544,93,17086,California
Tehama,2021-05-22,66,30811,32,10255,30,19614,4,942,38,2556,28,14572,42,17128,California
Tehama,2021-05-23,51,30862,26,10281,14,19628,11,953,15,2546,36,14608,26,17154,California
Tehama,2021-05-24,99,30961,31,10312,60,19688,8,961,34,2523,65,14673,42,17196,California
Tehama,2021-05-25,76,31037,19,10331,49,19737,8,969,46,2547,29,14702,53,17249,California
Tehama,2021-05-26,79,31116,31,10362,45,19782,3,972,52,2575,27,14729,55,17304,California
Tehama,2021-05-27,156,31272,98,10460,54,19836,4,976,51,2527,103,14832,55,17359,California
Tehama,2021-05-28,136,31408,37,10497,92,19928,7,983,65,2529,70,14902,72,17431,California
Tehama,2021-05-29,53,31461,8,10505,40,19968,5,988,34,2549,19,14921,39,17470,California
Tehama,2021-05-30,15,31476,5,10510,9,19977,1,989,6,2547,9,14930,7,17477,California
Tehama,2021-05-31,18,31494,2,10512,15,19992,1,990,5,2540,13,14943,6,17483,California
Tehama,2021-06-01,101,31595,18,10530,65,20057,18,1008,32,2521,69,15012,50,17533,California
Tehama,2021-06-02,88,31683,30,10560,53,20110,5,1013,32,2502,56,15068,37,17570,California
Tehama,2021-06-03,135,31818,102,10662,22,20132,11,1024,29,2436,106,15174,40,17610,California
Tehama,2021-06-04,147,31965,38,10700,95,20227,14,1038,64,2430,82,15256,76,17686,California
Tehama,2021-06-05,159,32124,129,10829,22,20249,8,1046,32,2344,126,15382,40,17726,California
Tehama,2021-06-06,15,32139,7,10836,2,20251,6,1052,2,2339,12,15394,7,17733,California
Tehama,2021-06-07,70,32209,27,10863,41,20292,2,1054,20,2311,50,15444,22,17755,California
Tehama,2021-06-08,103,32312,34,10897,60,20352,9,1063,37,2292,65,15509,46,17801,California
Tehama,2021-06-09,87,32399,43,10940,42,20394,2,1065,43,2293,44,15553,45,17846,California
Tehama,2021-06-10,267,32666,216,11156,41,20435,10,1075,37,2111,229,15782,47,17893,California
Tehama,2021-06-11,149,32815,67,11223,73,20508,9,1084,55,2084,91,15873,64,17957,California
Tehama,2021-06-12,62,32877,39,11262,23,20531,0,1084,24,2070,38,15911,24,17981,California
Tehama,2021-06-13,22,32899,6,11268,10,20541,6,1090,5,2064,17,15928,11,17992,California
Tehama,2021-06-14,93,32992,16,11284,70,20611,7,1097,27,2032,66,15994,34,18026,California
Tehama,2021-06-15,96,33088,42,11326,39,20650,15,1112,37,2026,58,16052,52,18078,California
Tehama,2021-06-16,92,33180,61,11387,28,20678,3,1115,46,2029,46,16098,49,18127,California
Tehama,2021-06-17,152,33332,108,11495,29,20707,15,1130,87,2067,63,16161,101,18228,California
Tehama,2021-06-18,108,33440,42,11537,52,20759,14,1144,36,2045,72,16233,50,18278,California
Tehama,2021-06-19,40,33480,14,11551,21,20780,5,1149,17,2044,23,16256,22,18300,California
Tehama,2021-06-20,16,33496,5,11556,10,20790,1,1150,6,2041,10,16266,7,18307,California
Tehama,2021-06-21,64,33560,19,11575,37,20827,8,1158,23,2031,41,16307,31,18338,California
Tehama,2021-06-22,81,33641,25,11600,42,20869,14,1172,34,2033,46,16353,48,18386,California
Tehama,2021-06-23,95,33736,54,11654,37,20906,4,1176,46,2034,48,16401,49,18435,California
Tehama,2021-06-24,88,33824,42,11696,38,20944,8,1184,48,2050,40,16441,56,18491,California
Tehama,2021-06-25,138,33962,76,11772,55,20999,7,1191,61,2042,76,16517,68,18559,California
Tehama,2021-06-26,46,34008,23,11795,23,21022,0,1191,22,2040,24,16541,22,18581,California
Tehama,2021-06-27,8,34016,4,11799,3,21025,1,1192,5,2043,3,16544,6,18587,California
Tehama,2021-06-28,42,34058,16,11815,21,21046,5,1197,21,2048,21,16565,26,18613,California
Tehama,2021-06-29,64,34122,23,11838,37,21083,4,1201,33,2055,30,16595,37,18650,California
Tehama,2021-06-30,89,34211,67,11905,20,21103,2,1203,47,2062,42,16637,49,18699,California
Tehama,2021-07-01,61,34272,30,11935,28,21131,3,1206,38,2080,23,16660,41,18740,California
Tehama,2021-07-02,89,34361,47,11982,40,21171,2,1208,36,2065,53,16713,38,18778,California
Tehama,2021-07-03,36,34397,17,11999,17,21188,2,1210,13,2057,23,16736,15,18793,California
Tehama,2021-07-04,5,34402,5,12004,0,21188,0,1210,2,2056,3,16739,2,18795,California
Tehama,2021-07-05,29,34431,14,12018,13,21201,2,1212,13,2055,16,16755,15,18810,California
Tehama,2021-07-06,70,34501,33,12051,31,21232,6,1218,35,2061,35,16790,41,18851,California
Tehama,2021-07-07,86,34587,67,12118,17,21249,2,1220,37,2051,49,16839,39,18890,California
Tehama,2021-07-08,118,34705,79,12197,34,21283,5,1225,32,2002,86,16925,37,18927,California
Tehama,2021-07-09,79,34784,51,12248,24,21307,4,1229,34,1995,45,16970,38,18965,California
Tehama,2021-07-10,11,34795,7,12255,4,21311,0,1229,5,1994,6,16976,5,18970,California
Trinity,2020-12-17,4,4,4,4,0,0,0,0,4,4,0,0,4,4,California
Trinity,2020-12-18,2,6,2,6,0,0,0,0,2,6,0,0,2,6,California
Trinity,2020-12-21,38,44,38,44,0,0,0,0,38,44,0,0,38,44,California
Trinity,2020-12-22,4,48,4,48,0,0,0,0,4,48,0,0,4,48,California
Trinity,2020-12-23,6,54,5,53,1,1,0,0,6,54,0,0,6,54,California
Trinity,2020-12-28,31,85,31,84,0,1,0,0,31,85,0,0,31,85,California
Trinity,2020-12-29,8,93,7,91,1,2,0,0,8,93,0,0,8,93,California
Trinity,2020-12-30,10,103,8,99,2,4,0,0,10,103,0,0,10,103,California
Trinity,2020-12-31,2,105,1,100,1,5,0,0,2,105,0,0,2,105,California
Trinity,2021-01-04,27,132,0,100,27,32,0,0,26,131,0,0,26,131,California
Trinity,2021-01-05,3,135,1,101,2,34,0,0,3,134,0,0,3,134,California
Trinity,2021-01-06,24,159,4,105,20,54,0,0,20,150,4,4,20,154,California
Trinity,2021-01-08,49,208,2,107,47,101,0,0,48,196,2,6,48,202,California
Trinity,2021-01-11,41,249,38,145,3,104,0,0,4,163,37,43,4,206,California
Trinity,2021-01-12,9,258,6,151,3,107,0,0,4,162,5,48,4,210,California
Trinity,2021-01-13,7,265,4,155,3,110,0,0,4,163,3,51,4,214,California
Trinity,2021-01-14,4,269,1,156,3,113,0,0,4,167,0,51,4,218,California
Trinity,2021-01-15,4,273,0,156,4,117,0,0,4,171,0,51,4,222,California
Trinity,2021-01-16,4,277,0,156,4,121,0,0,4,175,0,51,4,226,California
Trinity,2021-01-18,32,309,32,188,0,121,0,0,1,145,31,82,1,227,California
Trinity,2021-01-19,35,344,14,202,21,142,0,0,21,152,14,96,21,248,California
Trinity,2021-01-20,21,365,4,206,17,159,0,0,18,167,3,99,18,266,California
Trinity,2021-01-21,17,382,7,213,10,169,0,0,17,184,0,99,17,283,California
Trinity,2021-01-22,5,387,1,214,4,173,0,0,5,189,0,99,5,288,California
Trinity,2021-01-23,7,394,3,217,4,177,0,0,7,196,0,99,7,295,California
Trinity,2021-01-25,14,408,1,218,13,190,0,0,13,208,1,100,13,308,California
Trinity,2021-01-26,12,420,1,219,11,201,0,0,11,218,1,101,11,319,California
Trinity,2021-01-27,12,432,0,219,12,213,0,0,12,230,0,101,12,331,California
Trinity,2021-01-28,12,444,2,221,10,223,0,0,9,236,3,104,9,340,California
Trinity,2021-01-29,2,446,0,221,2,225,0,0,1,236,1,105,1,341,California
Trinity,2021-01-30,12,458,11,232,1,226,0,0,12,248,0,105,12,353,California
Trinity,2021-02-01,2,460,1,233,1,227,0,0,1,248,1,106,1,354,California
Trinity,2021-02-02,15,475,3,236,12,239,0,0,14,261,1,107,14,368,California
Trinity,2021-02-03,7,482,1,237,6,245,0,0,4,262,3,110,4,372,California
Trinity,2021-02-04,42,524,32,269,10,255,0,0,35,290,7,117,35,407,California
Trinity,2021-02-05,354,878,0,269,354,609,0,0,323,582,31,148,323,730,California
Trinity,2021-02-06,208,1086,5,274,203,812,0,0,201,776,7,155,201,931,California
Trinity,2021-02-07,1,1087,0,274,1,813,0,0,1,777,0,155,1,932,California
Trinity,2021-02-08,28,1115,1,275,27,840,0,0,16,781,12,167,16,948,California
Trinity,2021-02-09,27,1142,2,277,25,865,0,0,11,776,16,183,11,959,California
Trinity,2021-02-10,121,1263,10,287,111,976,0,0,101,857,20,203,101,1060,California
Trinity,2021-02-11,337,1600,2,289,335,1311,0,0,330,1180,7,210,330,1390,California
Trinity,2021-02-12,18,1618,10,299,8,1319,0,0,14,1190,4,214,14,1404,California
Trinity,2021-02-13,13,1631,6,305,7,1326,0,0,6,1189,7,221,6,1410,California
Trinity,2021-02-14,2,1633,2,307,0,1326,0,0,2,1191,0,221,2,1412,California
Trinity,2021-02-15,46,1679,0,307,46,1372,0,0,46,1237,0,221,46,1458,California
Trinity,2021-02-16,5,1684,1,308,4,1376,0,0,3,1238,2,223,3,1461,California
Trinity,2021-02-17,94,1778,2,310,92,1468,0,0,84,1312,10,233,84,1545,California
Trinity,2021-02-18,4,1782,0,310,4,1472,0,0,1,1310,3,236,1,1546,California
Trinity,2021-02-19,306,2088,1,311,305,1777,0,0,293,1590,13,249,293,1839,California
Trinity,2021-02-20,142,2230,14,325,128,1905,0,0,114,1676,28,277,114,1953,California
Trinity,2021-02-21,1,2231,1,326,0,1905,0,0,1,1677,0,277,1,1954,California
Trinity,2021-02-22,8,2239,0,326,8,1913,0,0,5,1679,3,280,5,1959,California
Trinity,2021-02-23,12,2251,3,329,9,1922,0,0,5,1677,7,287,5,1964,California
Trinity,2021-02-24,30,2281,8,337,22,1944,0,0,7,1661,23,310,7,1971,California
Trinity,2021-02-25,36,2317,23,360,13,1957,0,0,5,1635,31,341,5,1976,California
Trinity,2021-02-26,12,2329,2,362,10,1967,0,0,6,1635,6,347,6,1982,California
Trinity,2021-02-27,12,2341,10,372,2,1969,0,0,6,1635,6,353,6,1988,California
Trinity,2021-03-01,10,2351,0,372,10,1979,0,0,5,1635,5,358,5,1993,California
Trinity,2021-03-02,9,2360,3,375,6,1985,0,0,2,1630,7,365,2,1995,California
Trinity,2021-03-03,4,2364,0,375,4,1989,0,0,3,1632,1,366,3,1998,California
Trinity,2021-03-04,24,2388,19,394,5,1994,0,0,10,1628,14,380,10,2008,California
Trinity,2021-03-05,391,2779,1,395,390,2384,0,0,120,1481,267,647,120,2128,California
Trinity,2021-03-06,200,2979,7,402,193,2577,0,0,26,1333,174,821,26,2154,California
Trinity,2021-03-07,5,2984,3,405,1,2578,1,1,3,1335,2,823,4,2158,California
Trinity,2021-03-08,5,2989,1,406,3,2581,1,2,2,1335,3,826,3,2161,California
Trinity,2021-03-09,94,3083,0,406,92,2673,2,4,88,1419,6,832,90,2251,California
Trinity,2021-03-10,125,3208,3,409,119,2792,3,7,38,1373,87,919,41,2292,California
Trinity,2021-03-11,15,3223,3,412,10,2802,2,9,4,1368,11,930,6,2298,California
Trinity,2021-03-12,398,3621,5,417,387,3189,6,15,98,1172,300,1230,104,2402,California
Trinity,2021-03-13,14,3635,8,425,4,3193,2,17,8,1176,6,1236,10,2412,California
Trinity,2021-03-14,4,3639,1,426,3,3196,0,17,3,1178,1,1237,3,2415,California
Trinity,2021-03-15,66,3705,0,426,65,3261,1,18,14,1141,52,1289,15,2430,California
Trinity,2021-03-16,116,3821,7,433,109,3370,0,18,103,1231,13,1302,103,2533,California
Trinity,2021-03-17,100,3921,3,436,97,3467,0,18,26,1183,74,1376,26,2559,California
Trinity,2021-03-18,11,3932,2,438,6,3473,3,21,5,1185,6,1382,8,2567,California
Trinity,2021-03-19,459,4391,4,442,345,3818,110,131,33,902,426,1808,143,2710,California
Trinity,2021-03-20,106,4497,7,449,99,3917,0,131,68,933,37,1845,68,2778,California
Trinity,2021-03-21,5,4502,0,449,3,3920,2,133,3,936,2,1847,5,2783,California
Trinity,2021-03-22,2,4504,0,449,2,3922,0,133,2,938,0,1847,2,2785,California
Trinity,2021-03-23,96,4600,2,451,93,4015,1,134,77,997,19,1866,78,2863,California
Trinity,2021-03-24,12,4612,1,452,11,4026,0,134,9,1003,3,1869,9,2872,California
Trinity,2021-03-25,111,4723,8,460,97,4123,6,140,85,1068,26,1895,91,2963,California
Trinity,2021-03-26,83,4806,8,468,75,4198,0,140,76,1137,7,1902,76,3039,California
Trinity,2021-03-27,20,4826,4,472,7,4205,9,149,9,1144,11,1913,18,3057,California
Trinity,2021-03-28,5,4831,3,475,2,4207,0,149,1,1141,4,1917,1,3058,California
Trinity,2021-03-29,6,4837,1,476,5,4212,0,149,2,1139,4,1921,2,3060,California
Trinity,2021-03-30,78,4915,6,482,72,4284,0,149,68,1197,10,1931,68,3128,California
Trinity,2021-03-31,56,4971,5,487,19,4303,32,181,21,1214,35,1966,52,3180,California
Trinity,2021-04-01,41,5012,10,497,20,4323,11,192,22,1228,19,1985,33,3213,California
Trinity,2021-04-02,252,5264,6,503,172,4495,74,266,80,1211,171,2156,154,3367,California
Trinity,2021-04-03,18,5282,13,516,5,4500,0,266,8,1209,10,2166,8,3375,California
Trinity,2021-04-04,10,5292,8,524,2,4502,0,266,8,1215,2,2168,8,3383,California
Trinity,2021-04-05,58,5350,6,530,51,4553,1,267,54,1266,4,2172,55,3438,California
Trinity,2021-04-06,118,5468,15,545,100,4653,3,270,29,1209,89,2261,32,3470,California
Trinity,2021-04-07,27,5495,12,557,10,4663,5,275,19,1225,8,2269,24,3494,California
Trinity,2021-04-08,89,5584,10,567,77,4740,2,277,52,1242,37,2306,54,3548,California
Trinity,2021-04-09,171,5755,21,588,146,4886,4,281,93,1261,78,2384,97,3645,California
Trinity,2021-04-10,11,5766,7,595,4,4890,0,281,10,1270,1,2385,10,3655,California
Trinity,2021-04-11,10,5776,5,600,3,4893,2,283,4,1270,6,2391,6,3661,California
Trinity,2021-04-12,77,5853,5,605,71,4964,1,284,64,1322,12,2403,64,3725,California
Trinity,2021-04-13,104,5957,5,610,99,5063,0,284,11,1240,93,2496,11,3736,California
Trinity,2021-04-14,10,5967,5,615,5,5068,0,284,6,1242,4,2500,6,3742,California
Trinity,2021-04-15,45,6012,10,625,35,5103,0,284,15,1228,29,2529,15,3757,California
Trinity,2021-04-16,154,6166,13,638,141,5244,0,284,80,1236,72,2601,80,3837,California
Trinity,2021-04-17,11,6177,5,643,6,5250,0,284,9,1243,2,2603,9,3846,California
Trinity,2021-04-18,3,6180,1,644,2,5252,0,284,0,1240,3,2606,0,3846,California
Trinity,2021-04-19,67,6247,2,646,65,5317,0,284,66,1305,1,2607,66,3912,California
Trinity,2021-04-20,94,6341,8,654,86,5403,0,284,21,1253,73,2680,21,3933,California
Trinity,2021-04-21,22,6363,9,663,13,5416,0,284,9,1249,13,2693,9,3942,California
Trinity,2021-04-22,92,6455,5,668,87,5503,0,284,14,1185,78,2771,14,3956,California
Trinity,2021-04-23,177,6632,6,674,171,5674,0,284,109,1226,68,2839,109,4065,California
Trinity,2021-04-24,25,6657,14,688,11,5685,0,284,6,1213,19,2858,6,4071,California
Trinity,2021-04-25,10,6667,9,697,1,5686,0,284,3,1210,6,2864,3,4074,California
Trinity,2021-04-26,48,6715,9,706,39,5725,0,284,40,1242,8,2872,40,4114,California
Trinity,2021-04-27,88,6803,11,717,77,5802,0,284,23,1200,65,2937,23,4137,California
Trinity,2021-04-28,32,6835,11,728,21,5823,0,284,12,1192,20,2957,12,4149,California
Trinity,2021-04-29,35,6870,13,741,22,5845,0,284,12,1181,23,2980,12,4161,California
Trinity,2021-04-30,28,6898,22,763,6,5851,0,284,8,1170,19,2999,8,4169,California
Trinity,2021-05-01,15,6913,8,771,2,5853,5,289,5,1170,10,3009,10,4179,California
Trinity,2021-05-02,8,6921,5,776,1,5854,2,291,2,1168,6,3015,4,4183,California
Trinity,2021-05-03,58,6979,13,789,44,5898,1,292,9,1130,48,3063,10,4193,California
Trinity,2021-05-04,24,7003,11,800,12,5910,1,293,8,1123,16,3079,9,4202,California
Trinity,2021-05-05,11,7014,7,807,4,5914,0,293,4,1120,7,3086,4,4206,California
Trinity,2021-05-06,73,7087,10,817,61,5975,2,295,16,1081,57,3143,18,4224,California
Trinity,2021-05-07,179,7266,12,829,133,6108,34,329,14,964,165,3308,48,4272,California
Trinity,2021-05-08,6,7272,2,831,4,6112,0,329,2,962,4,3312,2,4274,California
Trinity,2021-05-09,11,7283,8,839,3,6115,0,329,7,965,4,3316,7,4281,California
Trinity,2021-05-10,15,7298,5,844,9,6124,1,330,8,967,7,3323,9,4290,California
Trinity,2021-05-11,8,7306,4,848,4,6128,0,330,6,971,2,3325,6,4296,California
Trinity,2021-05-12,19,7325,16,864,2,6130,1,331,14,981,5,3330,15,4311,California
Trinity,2021-05-13,15,7340,10,874,4,6134,1,332,9,985,6,3336,10,4321,California
Trinity,2021-05-14,141,7481,19,893,94,6228,28,360,39,950,102,3438,67,4388,California
Trinity,2021-05-15,16,7497,11,904,4,6232,1,361,8,952,7,3445,9,4397,California
Trinity,2021-05-16,8,7505,6,910,2,6234,0,361,6,956,2,3447,6,4403,California
Trinity,2021-05-17,108,7613,20,930,86,6320,2,363,42,934,66,3513,44,4447,California
Trinity,2021-05-18,37,7650,7,937,29,6349,1,364,11,920,26,3539,12,4459,California
Trinity,2021-05-19,146,7796,17,954,100,6449,29,393,29,862,116,3655,58,4517,California
Trinity,2021-05-20,28,7824,21,975,4,6453,3,396,17,871,11,3666,20,4537,California
Trinity,2021-05-21,20,7844,12,987,8,6461,0,396,12,875,8,3674,12,4549,California
Trinity,2021-05-22,17,7861,14,1001,3,6464,0,396,13,884,4,3678,13,4562,California
Trinity,2021-05-23,6,7867,4,1005,2,6466,0,396,2,882,4,3682,2,4564,California
Trinity,2021-05-24,109,7976,12,1017,96,6562,1,397,8,791,100,3782,9,4573,California
Trinity,2021-05-25,39,8015,14,1031,25,6587,0,397,17,786,22,3804,17,4590,California
Trinity,2021-05-26,12,8027,6,1037,6,6593,0,397,4,782,8,3812,4,4594,California
Trinity,2021-05-27,31,8058,14,1051,12,6605,5,402,8,772,23,3835,13,4607,California
Trinity,2021-05-28,15,8073,10,1061,4,6609,1,403,8,774,7,3842,9,4616,California
Trinity,2021-05-29,10,8083,7,1068,2,6611,1,404,7,779,3,3845,8,4624,California
Trinity,2021-05-30,6,8089,5,1073,1,6612,0,404,0,773,6,3851,0,4624,California
Trinity,2021-05-31,4,8093,3,1076,1,6613,0,404,2,773,2,3853,2,4626,California
Trinity,2021-06-01,14,8107,7,1083,5,6618,2,406,3,768,10,3863,5,4631,California
Trinity,2021-06-02,24,8131,19,1102,3,6621,2,408,9,764,15,3878,11,4642,California
Trinity,2021-06-03,39,8170,13,1115,26,6647,0,408,13,751,26,3904,13,4655,California
Trinity,2021-06-04,45,8215,21,1136,16,6663,8,416,12,738,33,3937,20,4675,California
Trinity,2021-06-05,19,8234,18,1154,1,6664,0,416,13,745,6,3943,13,4688,California
Trinity,2021-06-06,9,8243,6,1160,2,6666,1,417,2,741,7,3950,3,4691,California
Trinity,2021-06-07,28,8271,19,1179,8,6674,1,418,12,738,16,3966,13,4704,California
Trinity,2021-06-08,15,8286,13,1192,1,6675,1,419,4,732,11,3977,5,4709,California
Trinity,2021-06-09,24,8310,14,1206,1,6676,9,428,5,727,19,3996,14,4723,California
Trinity,2021-06-10,20,8330,18,1224,2,6678,0,428,5,717,15,4011,5,4728,California
Trinity,2021-06-11,45,8375,10,1234,33,6711,2,430,14,702,31,4042,16,4744,California
Trinity,2021-06-12,10,8385,10,1244,0,6711,0,430,3,698,7,4049,3,4747,California
Trinity,2021-06-13,4,8389,4,1248,0,6711,0,430,1,696,3,4052,1,4748,California
Trinity,2021-06-14,43,8432,16,1264,27,6738,0,430,11,675,32,4084,11,4759,California
Trinity,2021-06-15,45,8477,21,1285,3,6741,21,451,9,668,36,4120,29,4788,California
Trinity,2021-06-16,10,8487,6,1291,4,6745,0,451,3,664,7,4127,3,4791,California
Trinity,2021-06-17,15,8502,12,1303,1,6746,2,453,6,664,8,4135,8,4799,California
Trinity,2021-06-18,18,8520,10,1313,6,6752,2,455,6,660,12,4147,8,4807,California
Trinity,2021-06-19,9,8529,9,1322,0,6752,0,455,1,653,8,4155,1,4808,California
Trinity,2021-06-20,3,8532,3,1325,0,6752,0,455,3,656,0,4155,3,4811,California
Trinity,2021-06-21,8,8540,6,1331,0,6752,2,457,5,660,3,4158,7,4818,California
Trinity,2021-06-22,32,8572,9,1340,13,6765,10,467,14,666,18,4176,24,4842,California
Trinity,2021-06-23,15,8587,8,1348,1,6766,6,473,2,661,13,4189,8,4850,California
Trinity,2021-06-24,24,8611,14,1362,4,6770,6,479,15,673,9,4198,21,4871,California
Trinity,2021-06-25,10,8621,10,1372,0,6770,0,479,6,675,4,4202,6,4877,California
Trinity,2021-06-26,18,8639,18,1390,0,6770,0,479,8,673,10,4212,8,4885,California
Trinity,2021-06-27,4,8643,4,1394,0,6770,0,479,0,669,4,4216,0,4885,California
Trinity,2021-06-28,11,8654,9,1403,1,6771,1,480,4,667,7,4223,5,4890,California
Trinity,2021-06-29,11,8665,5,1408,3,6774,3,483,5,669,6,4229,8,4898,California
Trinity,2021-06-30,14,8679,10,1418,1,6775,3,486,6,670,8,4237,9,4907,California
Trinity,2021-07-01,30,8709,11,1429,12,6787,7,493,10,667,20,4257,17,4924,California
Trinity,2021-07-02,24,8733,6,1435,6,6793,12,505,6,667,18,4275,18,4942,California
Trinity,2021-07-03,4,8737,1,1436,0,6793,3,508,0,666,4,4279,3,4945,California
Trinity,2021-07-04,2,8739,1,1437,1,6794,0,508,1,666,1,4280,1,4946,California
Trinity,2021-07-05,13,8752,12,1449,1,6795,0,508,6,665,7,4287,6,4952,California
Trinity,2021-07-06,12,8764,10,1459,2,6797,0,508,6,665,6,4293,6,4958,California
Trinity,2021-07-07,12,8776,9,1468,1,6798,2,510,6,667,6,4299,8,4966,California
Trinity,2021-07-08,16,8792,7,1475,2,6800,7,517,3,663,13,4312,9,4975,California
Trinity,2021-07-09,21,8813,8,1483,12,6812,1,518,6,655,15,4327,7,4982,California
Trinity,2021-07-10,5,8818,5,1488,0,6812,0,518,4,658,1,4328,4,4986,California
Tulare,2020-12-15,1,1,1,1,0,0,0,0,1,1,0,0,1,1,California
Tulare,2020-12-16,4,5,4,5,0,0,0,0,4,5,0,0,4,5,California
Tulare,2020-12-17,110,115,110,115,0,0,0,0,110,115,0,0,110,115,California
Tulare,2020-12-18,290,405,289,404,1,1,0,0,290,405,0,0,290,405,California
Tulare,2020-12-19,326,731,326,730,0,1,0,0,326,731,0,0,326,731,California
Tulare,2020-12-20,165,896,165,895,0,1,0,0,165,896,0,0,165,896,California
Tulare,2020-12-21,426,1322,426,1321,0,1,0,0,446,1342,0,0,446,1342,California
Tulare,2020-12-22,472,1794,470,1791,2,3,0,0,471,1813,0,0,471,1813,California
Tulare,2020-12-23,327,2121,318,2109,9,12,0,0,325,2138,0,0,325,2138,California
Tulare,2020-12-24,18,2139,16,2125,2,14,0,0,18,2156,0,0,18,2156,California
Tulare,2020-12-26,8,2147,7,2132,1,15,0,0,8,2164,0,0,8,2164,California
Tulare,2020-12-27,16,2163,12,2144,4,19,0,0,16,2180,0,0,16,2180,California
Tulare,2020-12-28,480,2643,467,2611,13,32,0,0,479,2659,0,0,479,2659,California
Tulare,2020-12-29,550,3193,480,3091,70,102,0,0,550,3209,0,0,550,3209,California
Tulare,2020-12-30,469,3662,425,3516,44,146,0,0,469,3678,0,0,469,3678,California
Tulare,2020-12-31,100,3762,22,3538,78,224,0,0,100,3778,0,0,100,3778,California
Tulare,2021-01-01,3,3765,1,3539,2,226,0,0,3,3781,0,0,3,3781,California
Tulare,2021-01-02,32,3797,19,3558,13,239,0,0,32,3813,0,0,32,3813,California
Tulare,2021-01-03,23,3820,9,3567,14,253,0,0,23,3836,0,0,23,3836,California
Tulare,2021-01-04,93,3913,16,3583,77,330,0,0,93,3929,0,0,93,3929,California
Tulare,2021-01-05,465,4378,279,3862,186,516,0,0,463,4390,2,2,463,4392,California
Tulare,2021-01-06,863,5241,633,4495,230,746,0,0,853,5233,10,12,853,5245,California
Tulare,2021-01-07,782,6023,585,5080,197,943,0,0,674,5799,108,120,674,5919,California
Tulare,2021-01-08,1278,7301,572,5652,706,1649,0,0,941,6404,336,456,941,6860,California
Tulare,2021-01-09,805,8106,204,5856,601,2250,0,0,617,6833,188,644,617,7477,California
Tulare,2021-01-10,51,8157,43,5899,8,2258,0,0,13,6808,38,682,13,7490,California
Tulare,2021-01-11,1276,9433,773,6672,503,2761,0,0,835,7202,441,1123,835,8325,California
Tulare,2021-01-12,1451,10884,506,7178,945,3706,0,0,1038,7830,412,1535,1040,9365,California
Tulare,2021-01-13,411,11295,179,7357,232,3938,0,0,336,8091,75,1610,336,9701,California
Tulare,2021-01-14,496,11791,146,7503,350,4288,0,0,470,8546,15,1625,470,10171,California
Tulare,2021-01-15,1650,13441,156,7659,1494,5782,0,0,1641,10178,9,1634,1641,11812,California
Tulare,2021-01-16,1928,15369,115,7774,1813,7595,0,0,1914,12078,14,1648,1914,13726,California
Tulare,2021-01-17,142,15511,122,7896,20,7615,0,0,132,12200,10,1658,132,13858,California
Tulare,2021-01-18,693,16204,657,8553,36,7651,0,0,295,12097,398,2056,295,14153,California
Tulare,2021-01-19,1020,17224,691,9244,329,7980,0,0,592,12261,428,2484,592,14745,California
Tulare,2021-01-20,2479,19703,667,9911,1812,9792,0,0,2042,13912,392,2876,2043,16788,California
Tulare,2021-01-21,1620,21323,227,10138,1393,11185,0,0,1592,15482,22,2898,1592,18380,California
Tulare,2021-01-22,1092,22415,212,10350,880,12065,0,0,1062,16515,29,2927,1062,19442,California
Tulare,2021-01-23,439,22854,156,10506,283,12348,0,0,418,16912,21,2948,418,19860,California
Tulare,2021-01-24,31,22885,28,10534,3,12351,0,0,29,16939,2,2950,29,19889,California
Tulare,2021-01-25,1351,24236,987,11521,364,12715,0,0,1298,18184,53,3003,1298,21187,California
Tulare,2021-01-26,1508,25744,1102,12623,406,13121,0,0,1168,19013,339,3342,1168,22355,California
Tulare,2021-01-27,1504,27248,1071,13694,433,13554,0,0,922,19354,581,3923,922,23277,California
Tulare,2021-01-28,1221,28469,779,14473,442,13996,0,0,820,19773,401,4324,820,24097,California
Tulare,2021-01-29,1128,29597,715,15188,413,14409,0,0,819,20283,309,4633,819,24916,California
Tulare,2021-01-30,1667,31264,1573,16761,94,14503,0,0,1642,21901,25,4658,1643,26559,California
Tulare,2021-01-31,65,31329,61,16822,4,14507,0,0,61,21958,4,4662,61,26620,California
Tulare,2021-02-01,1167,32496,893,17715,274,14781,0,0,805,22402,361,5023,805,27425,California
Tulare,2021-02-02,693,33189,338,18053,355,15136,0,0,438,22588,253,5276,439,27864,California
Tulare,2021-02-03,567,33756,233,18286,334,15470,0,0,327,22715,200,5476,327,28191,California
Tulare,2021-02-04,577,34333,176,18462,401,15871,0,0,282,22704,294,5770,283,28474,California
Tulare,2021-02-05,1246,35579,240,18702,1006,16877,0,0,407,22274,837,6607,407,28881,California
Tulare,2021-02-06,836,36415,156,18858,680,17557,0,0,208,21856,626,7233,208,29089,California
Tulare,2021-02-07,85,36500,72,18930,13,17570,0,0,24,21819,61,7294,24,29113,California
Tulare,2021-02-08,946,37446,329,19259,617,18187,0,0,239,21354,704,7998,239,29352,California
Tulare,2021-02-09,1414,38860,335,19594,1079,19266,0,0,340,20625,1069,9067,340,29692,California
Tulare,2021-02-10,2485,41345,1990,21584,495,19761,0,0,2073,22289,409,9476,2073,31765,California
Tulare,2021-02-11,1348,42693,378,21962,970,20731,0,0,879,22699,469,9945,879,32644,California
Tulare,2021-02-12,2789,45482,573,22535,2216,22947,0,0,1160,22239,1620,11565,1160,33804,California
Tulare,2021-02-13,2478,47960,158,22693,2320,25267,0,0,640,21045,1834,13399,640,34444,California
Tulare,2021-02-14,338,48298,39,22732,299,25566,0,0,301,21309,37,13436,301,34745,California
Tulare,2021-02-15,923,49221,295,23027,628,26194,0,0,663,21713,259,13695,663,35408,California
Tulare,2021-02-16,2853,52074,1596,24623,1257,27451,0,0,1085,21034,1765,15460,1086,36494,California
Tulare,2021-02-17,2705,54779,517,25140,2188,29639,0,0,451,19236,2249,17709,451,36945,California
Tulare,2021-02-18,2361,57140,457,25597,1904,31543,0,0,645,18173,1708,19417,645,37590,California
Tulare,2021-02-19,2352,59492,880,26477,1472,33015,0,0,969,17764,1378,20795,969,38559,California
Tulare,2021-02-20,3000,62492,1882,28359,1118,34133,0,0,1266,17304,1726,22521,1266,39825,California
Tulare,2021-02-21,101,62593,95,28454,6,34139,0,0,50,17306,48,22569,50,39875,California
Tulare,2021-02-22,1144,63737,724,29178,420,34559,0,0,212,16588,930,23499,212,40087,California
Tulare,2021-02-23,2030,65767,982,30160,1048,35607,0,0,1483,17527,544,24043,1483,41570,California
Tulare,2021-02-24,2526,68293,1572,31732,954,36561,0,0,2128,19260,396,24439,2129,43699,California
Tulare,2021-02-25,3592,71885,2028,33760,1564,38125,0,0,3153,21981,434,24873,3155,46854,California
Tulare,2021-02-26,3914,75799,1904,35664,2010,40135,0,0,3433,24935,479,25352,3433,50287,California
Tulare,2021-02-27,3058,78857,1512,37176,1546,41681,0,0,2924,27737,122,25474,2924,53211,California
Tulare,2021-02-28,1314,80171,1039,38215,275,41956,0,0,1292,29012,17,25491,1292,54503,California
Tulare,2021-03-01,1800,81971,813,39028,986,42942,1,1,1606,30428,191,25682,1607,56110,California
Tulare,2021-03-02,2824,84795,1271,40299,1553,44495,0,1,2639,32886,182,25864,2640,58750,California
Tulare,2021-03-03,4090,88885,2734,43033,1355,45850,1,2,2132,33068,1953,27817,2135,60885,California
Tulare,2021-03-04,2995,91880,1353,44386,1642,47492,0,2,2644,35370,342,28159,2644,63529,California
Tulare,2021-03-05,3504,95384,1758,46144,1731,49223,15,17,2983,37853,518,28677,3001,66530,California
Tulare,2021-03-06,3100,98484,1446,47590,1594,50817,60,77,2843,40500,254,28931,2901,69431,California
Tulare,2021-03-07,1163,99647,713,48303,418,51235,32,109,1108,41586,54,28985,1140,70571,California
Tulare,2021-03-08,1741,101388,1009,49312,562,51797,170,279,1407,42834,328,29313,1576,72147,California
Tulare,2021-03-09,3268,104656,2246,51558,874,52671,148,427,2854,45421,413,29726,3000,75147,California
Tulare,2021-03-10,2985,107641,1404,52962,1405,54076,176,603,2577,47776,397,30123,2752,77899,California
Tulare,2021-03-11,4249,111890,2001,54963,1944,56020,304,907,3296,50424,953,31076,3601,81500,California
Tulare,2021-03-12,4422,116312,2434,57397,1634,57654,354,1261,3128,52620,1284,32360,3480,84980,California
Tulare,2021-03-13,4152,120464,1943,59340,2105,59759,104,1365,3195,54970,949,33309,3299,88279,California
Tulare,2021-03-14,1859,122323,988,60328,651,60410,220,1585,1334,55997,524,33833,1551,89830,California
Tulare,2021-03-15,2756,125079,1631,61959,1010,61420,115,1700,1972,57308,779,34612,2090,91920,California
Tulare,2021-03-16,3443,128522,2122,64081,1244,62664,77,1777,1878,57706,1560,36172,1958,93878,California
Tulare,2021-03-17,4089,132611,2668,66749,1345,64009,76,1853,2320,58349,1760,37932,2403,96281,California
Tulare,2021-03-18,4678,137289,3414,70163,1192,65201,72,1925,2445,58650,2221,40153,2522,98803,California
Tulare,2021-03-19,5144,142433,3376,73539,1550,66751,218,2143,2716,59179,2407,42560,2936,101739,California
Tulare,2021-03-20,4490,146923,2796,76335,1323,68074,371,2514,2048,59169,2432,44992,2422,104161,California
Tulare,2021-03-21,2011,148934,1723,78058,262,68336,26,2540,1064,59315,943,45935,1089,105250,California
Tulare,2021-03-22,2584,151518,1796,79854,676,69012,112,2652,1697,60246,881,46816,1812,107062,California
Tulare,2021-03-23,3800,155318,2200,82054,1548,70560,52,2704,2079,60672,1711,48527,2137,109199,California
Tulare,2021-03-24,3209,158527,1991,84045,1177,71737,41,2745,1716,60948,1482,50009,1758,110957,California
Tulare,2021-03-25,3484,162011,1812,85857,1498,73235,174,2919,1662,60972,1814,51823,1838,112795,California
Tulare,2021-03-26,5263,167274,3133,88990,2017,75252,113,3032,2518,60877,2726,54549,2631,115426,California
Tulare,2021-03-27,3542,170816,1815,90805,1630,76882,97,3129,954,59347,2580,57129,1050,116476,California
Tulare,2021-03-28,1478,172294,1072,91877,375,77257,31,3160,670,59252,806,57935,711,117187,California
Tulare,2021-03-29,2893,175187,1674,93551,1112,78369,107,3267,1226,58925,1662,59597,1335,118522,California
Tulare,2021-03-30,4931,180118,2792,96343,1903,80272,236,3503,1499,57232,3420,63017,1727,120249,California
Tulare,2021-03-31,3977,184095,2343,98686,1518,81790,116,3619,1550,56481,2418,65435,1667,121916,California
Tulare,2021-04-01,4541,188636,2460,101146,2013,83803,68,3687,1559,55138,2971,68406,1628,123544,California
Tulare,2021-04-02,5369,194005,3061,104207,2182,85985,126,3813,1552,53016,3800,72206,1678,125222,California
Tulare,2021-04-03,3641,197646,2099,106306,1167,87152,375,4188,834,51454,2769,74975,1207,126429,California
Tulare,2021-04-04,1633,199279,1145,107451,481,87633,7,4195,355,50542,1274,76249,362,126791,California
Tulare,2021-04-05,3355,202634,2341,109792,747,88380,267,4462,850,49168,2492,78741,1118,127909,California
Tulare,2021-04-06,3442,206076,1472,111264,1473,89853,497,4959,894,48022,2539,81280,1393,129302,California
Tulare,2021-04-07,3941,210017,1841,113105,1658,91511,442,5401,1177,46877,2753,84033,1608,130910,California
Tulare,2021-04-08,4811,214828,2624,115729,1727,93238,460,5861,1537,45611,3260,87293,1994,132904,California
Tulare,2021-04-09,4851,219679,2998,118727,1417,94655,436,6297,1822,44849,3021,90314,2259,135163,California
Tulare,2021-04-10,3839,223518,2068,120795,1451,96106,320,6617,930,43195,2900,93214,1246,136409,California
Tulare,2021-04-11,1587,225105,1048,121843,464,96570,75,6692,488,42662,1096,94310,563,136972,California
Tulare,2021-04-12,3425,228530,2137,123980,693,97263,595,7287,1071,41986,2343,96653,1667,138639,California
Tulare,2021-04-13,2416,230946,1598,125578,809,98072,9,7296,901,41399,1499,98152,912,139551,California
Tulare,2021-04-14,2882,233828,1704,127282,1178,99250,0,7296,912,40346,1965,100117,912,140463,California
Tulare,2021-04-15,3325,237153,2170,129452,1155,100405,0,7296,1472,39979,1839,101956,1472,141935,California
Tulare,2021-04-16,3725,240878,2250,131702,1475,101880,0,7296,1493,39254,2218,104174,1493,143428,California
Tulare,2021-04-17,2257,243135,1329,133031,928,102808,0,7296,1197,39399,1053,105227,1198,144626,California
Tulare,2021-04-18,1573,244708,1237,134268,336,103144,0,7296,827,39481,745,105972,827,145453,California
Tulare,2021-04-19,2190,246898,1272,135540,917,104061,1,7297,897,39091,1288,107260,898,146351,California
Tulare,2021-04-20,2423,249321,1391,136931,1032,105093,0,7297,1006,38697,1400,108660,1006,147357,California
Tulare,2021-04-21,2326,251647,1441,138372,885,105978,0,7297,842,38098,1442,110102,843,148200,California
Tulare,2021-04-22,2173,253820,1235,139607,938,106916,0,7297,742,37428,1412,111514,742,148942,California
Tulare,2021-04-23,2644,256464,1630,141237,1013,107929,1,7298,1030,36858,1601,113115,1031,149973,California
Tulare,2021-04-24,1647,258111,1057,142294,588,108517,2,7300,853,36924,789,113904,855,150828,California
Tulare,2021-04-25,698,258809,525,142819,173,108690,0,7300,267,36761,430,114334,267,151095,California
Tulare,2021-04-26,1557,260366,947,143766,591,109281,19,7319,655,36538,895,115229,672,151767,California
Tulare,2021-04-27,1702,262068,707,144473,957,110238,38,7357,730,36338,967,116196,767,152534,California
Tulare,2021-04-28,1751,263819,1006,145479,703,110941,42,7399,698,36029,1048,117244,739,153273,California
Tulare,2021-04-29,2044,265863,1230,146709,776,111717,38,7437,796,35626,1235,118479,832,154105,California
Tulare,2021-04-30,2468,268331,1802,148511,616,112333,50,7487,912,35040,1547,120026,961,155066,California
Tulare,2021-05-01,1418,269749,1215,149726,191,112524,12,7499,731,35106,677,120703,743,155809,California
Tulare,2021-05-02,586,270335,499,150225,71,112595,16,7515,187,34913,396,121099,203,156012,California
Tulare,2021-05-03,1622,271957,1095,151320,402,112997,125,7640,349,34120,1267,122366,474,156486,California
Tulare,2021-05-04,1576,273533,846,152166,660,113657,70,7710,630,33881,937,123303,698,157184,California
Tulare,2021-05-05,1318,274851,655,152821,574,114231,89,7799,451,33565,856,124159,540,157724,California
Tulare,2021-05-06,1994,276845,1350,154171,596,114827,48,7847,604,32836,1381,125540,652,158376,California
Tulare,2021-05-07,1858,278703,1264,155435,525,115352,69,7916,524,32102,1325,126865,591,158967,California
Tulare,2021-05-08,1244,279947,817,156252,401,115753,26,7942,533,31959,702,127567,559,159526,California
Tulare,2021-05-09,596,280543,471,156723,104,115857,21,7963,115,31620,476,128043,137,159663,California
Tulare,2021-05-10,1024,281567,590,157313,368,116225,66,8029,307,31280,713,128756,373,160036,California
Tulare,2021-05-11,1321,282888,702,158015,540,116765,79,8108,548,31142,765,129521,627,160663,California
Tulare,2021-05-12,1608,284496,1042,159057,508,117273,58,8166,434,30476,1157,130678,491,161154,California
Tulare,2021-05-13,1586,286082,1019,160076,529,117802,38,8204,723,30378,858,131536,760,161914,California
Tulare,2021-05-14,1978,288060,1286,161362,630,118432,62,8266,897,30268,1069,132605,959,162873,California
Tulare,2021-05-15,1570,289630,884,162246,639,119071,47,8313,663,30072,900,133505,704,163577,California
Tulare,2021-05-16,697,290327,558,162804,127,119198,12,8325,324,30037,371,133876,336,163913,California
Tulare,2021-05-17,1570,291897,984,163788,512,119710,74,8399,746,30042,815,134691,820,164733,California
Tulare,2021-05-18,1584,293481,859,164647,673,120383,52,8451,785,30083,794,135485,835,165568,California
Tulare,2021-05-19,1483,294964,955,165602,494,120877,34,8485,759,30160,716,136201,793,166361,California
Tulare,2021-05-20,1591,296555,1074,166676,430,121307,87,8572,761,30182,826,137027,848,167209,California
Tulare,2021-05-21,1955,298510,1427,168103,486,121793,42,8614,1063,30403,884,137911,1105,168314,California
Tulare,2021-05-22,1620,300130,1154,169257,443,122236,23,8637,614,30043,998,138909,638,168952,California
Tulare,2021-05-23,412,300542,327,169584,75,122311,10,8647,209,30060,202,139111,219,169171,California
Tulare,2021-05-24,939,301481,579,170163,300,122611,60,8707,420,30023,517,139628,480,169651,California
Tulare,2021-05-25,1186,302667,702,170865,452,123063,32,8739,505,29885,675,140303,537,170188,California
Tulare,2021-05-26,884,303551,487,171352,355,123418,42,8781,394,29834,486,140789,435,170623,California
Tulare,2021-05-27,1277,304828,806,172158,440,123858,31,8812,585,29764,688,141477,618,171241,California
Tulare,2021-05-28,1191,306019,660,172818,482,124340,49,8861,625,29878,559,142036,673,171914,California
Tulare,2021-05-29,883,306902,652,173470,211,124551,20,8881,503,30023,378,142414,523,172437,California
Tulare,2021-05-30,285,307187,207,173677,70,124621,8,8889,164,30075,120,142534,172,172609,California
Tulare,2021-05-31,132,307319,52,173729,69,124690,11,8900,55,30065,76,142610,66,172675,California
Tulare,2021-06-01,1060,308379,629,174358,400,125090,31,8931,386,29815,666,143276,416,173091,California
Tulare,2021-06-02,795,309174,465,174823,297,125387,33,8964,354,29770,430,143706,385,173476,California
Tulare,2021-06-03,1140,310314,810,175633,273,125660,57,9021,390,29486,730,144436,446,173922,California
Tulare,2021-06-04,1171,311485,833,176466,306,125966,32,9053,362,29076,804,145240,394,174316,California
Tulare,2021-06-05,887,312372,700,177166,172,126138,15,9068,304,28814,581,145821,319,174635,California
Tulare,2021-06-06,423,312795,358,177524,47,126185,18,9086,141,28692,281,146102,159,174794,California
Tulare,2021-06-07,883,313678,696,178220,152,126337,35,9121,277,28400,603,146705,311,175105,California
Tulare,2021-06-08,1050,314728,776,178996,214,126551,60,9181,352,28119,693,147398,412,175517,California
Tulare,2021-06-09,1090,315818,762,179758,292,126843,36,9217,347,27763,737,148135,381,175898,California
Tulare,2021-06-10,1100,316918,885,180643,179,127022,36,9253,379,27458,719,148854,414,176312,California
Tulare,2021-06-11,1236,318154,884,181527,317,127339,35,9288,383,27033,843,149697,418,176730,California
Tulare,2021-06-12,972,319126,758,182285,203,127542,11,9299,344,26766,622,150319,355,177085,California
Tulare,2021-06-13,316,319442,227,182512,85,127627,4,9303,91,26637,224,150543,95,177180,California
Tulare,2021-06-14,770,320212,566,183078,179,127806,25,9328,295,26487,470,151013,320,177500,California
Tulare,2021-06-15,986,321198,667,183745,288,128094,31,9359,433,26404,547,151560,464,177964,California
Tulare,2021-06-16,858,322056,581,184326,226,128320,51,9410,375,26351,480,152040,427,178391,California
Tulare,2021-06-17,1024,323080,753,185079,241,128561,30,9440,410,26180,611,152651,440,178831,California
Tulare,2021-06-18,986,324066,693,185772,256,128817,37,9477,370,25972,614,153265,406,179237,California
Tulare,2021-06-19,847,324913,677,186449,157,128974,13,9490,387,25916,456,153721,400,179637,California
Tulare,2021-06-20,249,325162,186,186635,55,129029,8,9498,74,25825,174,153895,83,179720,California
Tulare,2021-06-21,521,325683,340,186975,150,129179,31,9529,304,25943,216,154111,334,180054,California
Tulare,2021-06-22,751,326434,515,187490,212,129391,24,9553,344,25911,400,154511,368,180422,California
Tulare,2021-06-23,735,327169,500,187990,209,129600,26,9579,400,26006,331,154842,426,180848,California
Tulare,2021-06-24,845,328014,638,188628,152,129752,55,9634,421,26061,421,155263,476,181324,California
Tulare,2021-06-25,850,328864,553,189181,277,130029,20,9654,442,26120,403,155666,462,181786,California
Tulare,2021-06-26,929,329793,732,189913,172,130201,25,9679,529,26277,397,156063,554,182340,California
Tulare,2021-06-27,246,330039,183,190096,56,130257,7,9686,116,26271,129,156192,123,182463,California
Tulare,2021-06-28,578,330617,436,190532,112,130369,30,9716,291,26307,284,156476,320,182783,California
Tulare,2021-06-29,719,331336,461,190993,216,130585,42,9758,338,26312,375,156851,380,183163,California
Tulare,2021-06-30,688,332024,466,191459,191,130776,31,9789,374,26405,310,157161,403,183566,California
Tulare,2021-07-01,819,332843,616,192075,172,130948,31,9820,384,26391,428,157589,414,183980,California
Tulare,2021-07-02,719,333562,503,192578,199,131147,17,9837,377,26450,336,157925,395,184375,California
Tulare,2021-07-03,454,334016,329,192907,116,131263,9,9846,218,26446,231,158156,227,184602,California
Tulare,2021-07-04,31,334047,20,192927,10,131273,1,9847,17,26450,14,158170,18,184620,California
Tulare,2021-07-05,404,334451,294,193221,98,131371,12,9859,205,26471,196,158366,217,184837,California
Tulare,2021-07-06,766,335217,553,193774,190,131561,23,9882,326,26384,435,158801,348,185185,California
Tulare,2021-07-07,684,335901,469,194243,178,131739,37,9919,312,26368,364,159165,348,185533,California
Tulare,2021-07-08,702,336603,518,194761,153,131892,31,9950,328,26356,371,159536,359,185892,California
Tulare,2021-07-09,735,337338,558,195319,154,132046,23,9973,386,26417,347,159883,408,186300,California
Tulare,2021-07-10,272,337610,207,195526,61,132107,4,9977,138,26426,133,160016,142,186442,California
Tuolumne,2020-12-16,48,48,48,48,0,0,0,0,48,48,0,0,48,48,California
Tuolumne,2020-12-17,18,66,18,66,0,0,0,0,18,66,0,0,18,66,California
Tuolumne,2020-12-18,101,167,100,166,1,1,0,0,101,167,0,0,101,167,California
Tuolumne,2020-12-19,5,172,5,171,0,1,0,0,5,172,0,0,5,172,California
Tuolumne,2020-12-20,2,174,2,173,0,1,0,0,2,174,0,0,2,174,California
Tuolumne,2020-12-21,115,289,101,274,14,15,0,0,115,289,0,0,115,289,California
Tuolumne,2020-12-22,173,462,173,447,0,15,0,0,173,462,0,0,173,462,California
Tuolumne,2020-12-23,185,647,183,630,2,17,0,0,185,647,0,0,185,647,California
Tuolumne,2020-12-25,1,648,1,631,0,17,0,0,1,648,0,0,1,648,California
Tuolumne,2020-12-26,2,650,2,633,0,17,0,0,2,650,0,0,2,650,California
Tuolumne,2020-12-28,75,725,73,706,2,19,0,0,75,725,0,0,75,725,California
Tuolumne,2020-12-29,102,827,38,744,64,83,0,0,102,827,0,0,102,827,California
Tuolumne,2020-12-30,77,904,22,766,55,138,0,0,77,904,0,0,77,904,California
Tuolumne,2020-12-31,28,932,21,787,7,145,0,0,28,932,0,0,28,932,California
Tuolumne,2021-01-01,6,938,5,792,1,146,0,0,6,938,0,0,6,938,California
Tuolumne,2021-01-02,119,1057,116,908,3,149,0,0,119,1057,0,0,119,1057,California
Tuolumne,2021-01-03,2,1059,2,910,0,149,0,0,2,1059,0,0,2,1059,California
Tuolumne,2021-01-04,69,1128,26,936,43,192,0,0,69,1128,0,0,69,1128,California
Tuolumne,2021-01-05,94,1222,28,964,66,258,0,0,91,1217,3,3,92,1220,California
Tuolumne,2021-01-06,132,1354,71,1035,61,319,0,0,68,1221,64,67,68,1288,California
Tuolumne,2021-01-07,121,1475,64,1099,57,376,0,0,65,1230,56,123,65,1353,California
Tuolumne,2021-01-08,108,1583,83,1182,25,401,0,0,28,1181,79,202,30,1383,California
Tuolumne,2021-01-09,2,1585,0,1182,2,403,0,0,2,1183,0,202,2,1385,California
Tuolumne,2021-01-10,3,1588,1,1183,2,405,0,0,3,1186,0,202,3,1388,California
Tuolumne,2021-01-11,117,1705,91,1274,26,431,0,0,35,1139,82,284,35,1423,California
Tuolumne,2021-01-12,103,1808,87,1361,16,447,0,0,18,1072,85,369,18,1441,California
Tuolumne,2021-01-13,231,2039,125,1486,106,553,0,0,182,1206,49,418,183,1624,California
Tuolumne,2021-01-14,148,2187,108,1594,40,593,0,0,43,1145,104,522,43,1667,California
Tuolumne,2021-01-15,474,2661,73,1667,401,994,0,0,411,1494,62,584,411,2078,California
Tuolumne,2021-01-16,7,2668,3,1670,4,998,0,0,6,1499,1,585,6,2084,California
Tuolumne,2021-01-17,8,2676,4,1674,4,1002,0,0,8,1507,0,585,8,2092,California
Tuolumne,2021-01-18,48,2724,38,1712,10,1012,0,0,11,1482,36,621,11,2103,California
Tuolumne,2021-01-19,480,3204,72,1784,408,1420,0,0,436,1874,44,665,436,2539,California
Tuolumne,2021-01-20,76,3280,58,1842,18,1438,0,0,24,1847,51,716,24,2563,California
Tuolumne,2021-01-21,59,3339,25,1867,34,1472,0,0,42,1872,17,733,42,2605,California
Tuolumne,2021-01-22,171,3510,17,1884,154,1626,0,0,163,2027,8,741,163,2768,California
Tuolumne,2021-01-23,651,4161,129,2013,522,2148,0,0,541,2475,110,851,558,3326,California
Tuolumne,2021-01-24,526,4687,3,2016,523,2671,0,0,522,2996,4,855,525,3851,California
Tuolumne,2021-01-25,51,4738,28,2044,23,2694,0,0,25,2996,26,881,26,3877,California
Tuolumne,2021-01-26,81,4819,68,2112,13,2707,0,0,40,2996,41,922,41,3918,California
Tuolumne,2021-01-27,60,4879,4,2116,56,2763,0,0,8,2953,51,973,8,3926,California
Tuolumne,2021-01-28,27,4906,6,2122,21,2784,0,0,18,2962,9,982,18,3944,California
Tuolumne,2021-01-29,74,4980,5,2127,69,2853,0,0,36,2960,38,1020,36,3980,California
Tuolumne,2021-01-30,724,5704,562,2689,162,3015,0,0,699,3653,25,1045,718,4698,California
Tuolumne,2021-01-31,9,5713,2,2691,7,3022,0,0,6,3656,3,1048,6,4704,California
Tuolumne,2021-02-01,27,5740,7,2698,20,3042,0,0,24,3677,3,1051,24,4728,California
Tuolumne,2021-02-02,656,6396,49,2747,607,3649,0,0,642,4309,11,1062,643,5371,California
Tuolumne,2021-02-03,247,6643,112,2859,135,3784,0,0,93,4248,154,1216,93,5464,California
Tuolumne,2021-02-04,126,6769,14,2873,112,3896,0,0,63,4248,63,1279,63,5527,California
Tuolumne,2021-02-05,105,6874,14,2887,91,3987,0,0,39,4222,65,1344,39,5566,California
Tuolumne,2021-02-06,872,7746,593,3480,279,4266,0,0,862,5080,10,1354,868,6434,California
Tuolumne,2021-02-07,8,7754,4,3484,4,4270,0,0,4,5080,4,1358,4,6438,California
Tuolumne,2021-02-08,95,7849,43,3527,52,4322,0,0,70,5125,25,1383,70,6508,California
Tuolumne,2021-02-09,864,8713,51,3578,813,5135,0,0,822,5905,42,1425,822,7330,California
Tuolumne,2021-02-10,98,8811,18,3596,80,5215,0,0,35,5879,61,1486,35,7365,California
Tuolumne,2021-02-11,148,8959,68,3664,80,5295,0,0,82,5895,66,1552,82,7447,California
Tuolumne,2021-02-12,652,9611,22,3686,630,5925,0,0,212,5668,439,1991,212,7659,California
Tuolumne,2021-02-13,158,9769,44,3730,114,6039,0,0,124,5758,34,2025,124,7783,California
Tuolumne,2021-02-14,152,9921,14,3744,138,6177,0,0,151,5908,1,2026,151,7934,California
Tuolumne,2021-02-15,191,10112,11,3755,180,6357,0,0,181,6079,10,2036,181,8115,California
Tuolumne,2021-02-16,534,10646,18,3773,516,6873,0,0,124,5799,406,2442,126,8241,California
Tuolumne,2021-02-17,113,10759,65,3838,48,6921,0,0,63,5813,49,2491,63,8304,California
Tuolumne,2021-02-18,689,11448,30,3868,659,7580,0,0,637,6399,52,2543,638,8942,California
Tuolumne,2021-02-19,147,11595,25,3893,122,7702,0,0,46,6344,101,2644,46,8988,California
Tuolumne,2021-02-20,915,12510,344,4237,571,8273,0,0,387,6226,509,3153,391,9379,California
Tuolumne,2021-02-21,992,13502,44,4281,948,9221,0,0,476,6196,512,3665,482,9861,California
Tuolumne,2021-02-22,82,13584,60,4341,22,9243,0,0,47,6210,33,3698,47,9908,California
Tuolumne,2021-02-23,49,13633,25,4366,24,9267,0,0,25,6212,23,3721,25,9933,California
Tuolumne,2021-02-24,104,13737,57,4423,47,9314,0,0,40,6190,63,3784,41,9974,California
Tuolumne,2021-02-25,1059,14796,36,4459,1023,10337,0,0,1024,7180,35,3819,1025,10999,California
Tuolumne,2021-02-26,154,14950,12,4471,142,10479,0,0,124,7275,30,3849,125,11124,California
Tuolumne,2021-02-27,967,15917,585,5056,382,10861,0,0,250,6833,697,4546,255,11379,California
Tuolumne,2021-02-28,56,15973,4,5060,52,10913,0,0,52,6882,3,4549,52,11431,California
Tuolumne,2021-03-01,122,16095,24,5084,97,11010,1,1,79,6921,42,4591,81,11512,California
Tuolumne,2021-03-02,715,16810,79,5163,636,11646,0,1,109,6425,605,5196,109,11621,California
Tuolumne,2021-03-03,98,16908,22,5185,76,11722,0,1,66,6460,31,5227,66,11687,California
Tuolumne,2021-03-04,1174,18082,77,5262,1097,12819,0,1,1107,7502,65,5292,1107,12794,California
Tuolumne,2021-03-05,95,18177,10,5272,85,12904,0,1,53,7515,41,5333,54,12848,California
Tuolumne,2021-03-06,1068,19245,610,5882,456,13360,2,3,200,6862,860,6193,207,13055,California
Tuolumne,2021-03-07,43,19288,13,5895,15,13375,15,18,19,6872,24,6217,34,13089,California
Tuolumne,2021-03-08,201,19489,91,5986,103,13478,7,25,142,6962,59,6276,149,13238,California
Tuolumne,2021-03-09,875,20364,19,6005,845,14323,11,36,66,6237,802,7078,77,13315,California
Tuolumne,2021-03-10,103,20467,20,6025,72,14395,11,47,54,6253,49,7127,65,13380,California
Tuolumne,2021-03-11,1308,21775,45,6070,1258,15653,5,52,1256,7464,52,7179,1263,14643,California
Tuolumne,2021-03-12,319,22094,45,6115,259,15912,15,67,191,7547,126,7305,209,14852,California
Tuolumne,2021-03-13,121,22215,12,6127,109,16021,0,67,84,7596,36,7341,85,14937,California
Tuolumne,2021-03-14,149,22364,10,6137,130,16151,9,76,7,7475,142,7483,21,14958,California
Tuolumne,2021-03-15,305,22669,83,6220,219,16370,3,79,104,7390,200,7683,115,15073,California
Tuolumne,2021-03-16,812,23481,41,6261,760,17130,11,90,672,7936,139,7822,685,15758,California
Tuolumne,2021-03-17,157,23638,34,6295,110,17240,13,103,80,7953,76,7898,93,15851,California
Tuolumne,2021-03-18,953,24591,27,6322,912,18152,14,117,316,7651,632,8530,330,16181,California
Tuolumne,2021-03-19,138,24729,19,6341,89,18241,30,147,75,7694,62,8592,105,16286,California
Tuolumne,2021-03-20,93,24822,8,6349,75,18316,10,157,37,7685,55,8647,46,16332,California
Tuolumne,2021-03-21,842,25664,394,6743,438,18754,10,167,37,6945,789,9436,49,16381,California
Tuolumne,2021-03-22,167,25831,75,6818,73,18827,19,186,97,6992,69,9505,116,16497,California
Tuolumne,2021-03-23,717,26548,641,7459,62,18889,14,200,678,7645,38,9543,691,17188,California
Tuolumne,2021-03-24,113,26661,22,7481,73,18962,18,218,78,7708,33,9576,96,17284,California
Tuolumne,2021-03-25,1303,27964,24,7505,1276,20238,3,221,325,7063,973,10549,328,17612,California
Tuolumne,2021-03-26,283,28247,19,7524,240,20478,24,245,121,7059,150,10699,146,17758,California
Tuolumne,2021-03-27,591,28838,56,7580,535,21013,0,245,318,7113,267,10966,321,18079,California
Tuolumne,2021-03-28,47,28885,6,7586,41,21054,0,245,8,7084,38,11004,9,18088,California
Tuolumne,2021-03-29,210,29095,87,7673,123,21177,0,245,111,7099,96,11100,111,18199,California
Tuolumne,2021-03-30,171,29266,14,7687,156,21333,1,246,124,7178,46,11146,125,18324,California
Tuolumne,2021-03-31,97,29363,14,7701,81,21414,2,248,40,7165,55,11201,42,18366,California
Tuolumne,2021-04-01,1254,30617,30,7731,1224,22638,0,248,229,6372,1022,12223,229,18595,California
Tuolumne,2021-04-02,172,30789,12,7743,134,22772,26,274,93,6415,76,12299,119,18714,California
Tuolumne,2021-04-03,436,31225,36,7779,398,23170,2,276,245,6473,188,12487,246,18960,California
Tuolumne,2021-04-04,35,31260,4,7783,31,23201,0,276,21,6482,12,12499,21,18981,California
Tuolumne,2021-04-05,131,31391,19,7802,105,23306,7,283,57,6472,74,12573,64,19045,California
Tuolumne,2021-04-06,655,32046,518,8320,110,23416,27,310,517,6881,137,12710,546,19591,California
Tuolumne,2021-04-07,130,32176,38,8358,75,23491,17,327,50,6868,80,12790,67,19658,California
Tuolumne,2021-04-08,1454,33630,36,8394,1403,24894,15,342,251,5936,1198,13988,266,19924,California
Tuolumne,2021-04-09,279,33909,44,8438,190,25084,45,387,133,5971,146,14134,181,20105,California
Tuolumne,2021-04-10,57,33966,2,8440,35,25119,20,407,23,5981,33,14167,43,20148,California
Tuolumne,2021-04-11,17,33983,2,8442,12,25131,3,410,12,5991,5,14172,15,20163,California
Tuolumne,2021-04-12,170,34153,66,8508,99,25230,5,415,89,6009,76,14248,94,20257,California
Tuolumne,2021-04-13,790,34943,35,8543,755,25985,0,415,171,5569,611,14859,171,20428,California
Tuolumne,2021-04-14,159,35102,32,8575,127,26112,0,415,79,5573,76,14935,80,20508,California
Tuolumne,2021-04-15,346,35448,22,8597,324,26436,0,415,61,5356,278,15213,61,20569,California
Tuolumne,2021-04-16,262,35710,57,8654,205,26641,0,415,143,5391,109,15322,144,20713,California
Tuolumne,2021-04-17,44,35754,6,8660,38,26679,0,415,28,5403,16,15338,28,20741,California
Tuolumne,2021-04-18,10,35764,3,8663,7,26686,0,415,5,5404,5,15343,6,20747,California
Tuolumne,2021-04-19,178,35942,79,8742,99,26785,0,415,97,5422,79,15422,97,20844,California
Tuolumne,2021-04-20,714,36656,618,9360,96,26881,0,415,75,4866,631,16053,75,20919,California
Tuolumne,2021-04-21,124,36780,30,9390,94,26975,0,415,66,4880,52,16105,66,20985,California
Tuolumne,2021-04-22,712,37492,46,9436,666,27641,0,415,429,5037,273,16378,430,21415,California
Tuolumne,2021-04-23,179,37671,31,9467,148,27789,0,415,82,5029,91,16469,83,21498,California
Tuolumne,2021-04-24,79,37750,18,9485,61,27850,0,415,50,5050,29,16498,50,21548,California
Tuolumne,2021-04-25,27,37777,10,9495,17,27867,0,415,24,5071,3,16501,24,21572,California
Tuolumne,2021-04-26,160,37937,56,9551,104,27971,0,415,75,5064,83,16584,76,21648,California
Tuolumne,2021-04-27,144,38081,23,9574,114,28085,7,422,66,5062,75,16659,73,21721,California
Tuolumne,2021-04-28,120,38201,24,9598,84,28169,12,434,63,5081,56,16715,75,21796,California
Tuolumne,2021-04-29,287,38488,23,9621,256,28425,8,442,58,4923,224,16939,66,21862,California
Tuolumne,2021-04-30,374,38862,26,9647,336,28761,12,454,74,4714,295,17234,86,21948,California
Tuolumne,2021-05-01,25,38887,7,9654,13,28774,5,459,16,4726,9,17243,21,21969,California
Tuolumne,2021-05-02,26,38913,3,9657,21,28795,2,461,19,4740,7,17250,21,21990,California
Tuolumne,2021-05-03,112,39025,15,9672,92,28887,5,466,38,4711,72,17322,43,22033,California
Tuolumne,2021-05-04,710,39735,601,10273,104,28991,5,471,215,4437,493,17815,219,22252,California
Tuolumne,2021-05-05,110,39845,26,10299,78,29069,6,477,58,4453,48,17863,64,22316,California
Tuolumne,2021-05-06,292,40137,15,10314,261,29330,16,493,43,4267,244,18107,58,22374,California
Tuolumne,2021-05-07,329,40466,25,10339,296,29626,8,501,63,4073,265,18372,71,22445,California
Tuolumne,2021-05-08,50,40516,6,10345,40,29666,4,505,32,4091,18,18390,36,22481,California
Tuolumne,2021-05-09,17,40533,2,10347,13,29679,2,507,3,4082,14,18404,5,22486,California
Tuolumne,2021-05-10,114,40647,45,10392,64,29743,5,512,32,4038,81,18485,37,22523,California
Tuolumne,2021-05-11,205,40852,62,10454,131,29874,12,524,56,3959,147,18632,68,22591,California
Tuolumne,2021-05-12,135,40987,24,10478,107,29981,4,528,51,3930,84,18716,55,22646,California
Tuolumne,2021-05-13,117,41104,19,10497,90,30071,8,536,73,3966,44,18760,80,22726,California
Tuolumne,2021-05-14,207,41311,75,10572,121,30192,11,547,107,3986,98,18858,118,22844,California
Tuolumne,2021-05-15,59,41370,16,10588,36,30228,7,554,20,3975,39,18897,28,22872,California
Tuolumne,2021-05-16,28,41398,8,10596,18,30246,2,556,13,3976,14,18911,15,22887,California
Tuolumne,2021-05-17,110,41508,30,10626,77,30323,3,559,47,3964,63,18974,51,22938,California
Tuolumne,2021-05-18,181,41689,57,10683,77,30400,47,606,60,3951,120,19094,107,23045,California
Tuolumne,2021-05-19,118,41807,20,10703,65,30465,33,639,46,3958,72,19166,79,23124,California
Tuolumne,2021-05-20,411,42218,21,10724,383,30848,7,646,52,3660,357,19523,59,23183,California
Tuolumne,2021-05-21,203,42421,94,10818,103,30951,6,652,118,3701,83,19606,124,23307,California
Tuolumne,2021-05-22,58,42479,19,10837,33,30984,6,658,25,3699,32,19638,30,23337,California
Tuolumne,2021-05-23,27,42506,7,10844,19,31003,1,659,10,3693,17,19655,11,23348,California
Tuolumne,2021-05-24,138,42644,43,10887,89,31092,6,665,53,3668,84,19739,59,23407,California
Tuolumne,2021-05-25,298,42942,222,11109,70,31162,6,671,111,3600,185,19924,117,23524,California
Tuolumne,2021-05-26,87,43029,23,11132,63,31225,1,672,37,3588,50,19974,38,23562,California
Tuolumne,2021-05-27,76,43105,16,11148,58,31283,2,674,30,3575,45,20019,32,23594,California
Tuolumne,2021-05-28,111,43216,51,11199,59,31342,1,675,64,3596,44,20063,65,23659,California
Tuolumne,2021-05-29,38,43254,7,11206,25,31367,6,681,17,3598,21,20084,23,23682,California
Tuolumne,2021-05-30,18,43272,1,11207,14,31381,3,684,4,3591,14,20098,7,23689,California
Tuolumne,2021-05-31,9,43281,1,11208,7,31388,1,685,1,3585,8,20106,2,23691,California
Tuolumne,2021-06-01,79,43360,22,11230,53,31441,4,689,25,3561,53,20159,29,23720,California
Tuolumne,2021-06-02,74,43434,8,11238,58,31499,8,697,22,3540,51,20210,30,23750,California
Tuolumne,2021-06-03,75,43509,25,11263,35,31534,15,712,23,3528,50,20260,38,23788,California
Tuolumne,2021-06-04,133,43642,61,11324,69,31603,3,715,38,3477,92,20352,41,23829,California
Tuolumne,2021-06-05,43,43685,11,11335,30,31633,2,717,17,3470,26,20378,19,23848,California
Tuolumne,2021-06-06,19,43704,5,11340,7,31640,7,724,4,3466,15,20393,11,23859,California
Tuolumne,2021-06-07,60,43764,14,11354,38,31678,8,732,27,3468,33,20426,35,23894,California
Tuolumne,2021-06-08,74,43838,22,11376,51,31729,1,733,27,3451,45,20471,28,23922,California
Tuolumne,2021-06-09,87,43925,45,11421,32,31761,10,743,40,3455,46,20517,50,23972,California
Tuolumne,2021-06-10,99,44024,15,11436,77,31838,7,750,28,3419,71,20588,35,24007,California
Tuolumne,2021-06-11,103,44127,48,11484,52,31890,3,753,25,3371,76,20664,28,24035,California
Tuolumne,2021-06-12,61,44188,20,11504,25,31915,16,769,18,3364,41,20705,34,24069,California
Tuolumne,2021-06-13,17,44205,2,11506,11,31926,4,773,4,3359,13,20718,8,24077,California
Tuolumne,2021-06-14,100,44305,33,11539,63,31989,4,777,52,3367,48,20766,56,24133,California
Tuolumne,2021-06-15,131,44436,83,11622,39,32028,9,786,21,3289,108,20874,30,24163,California
Tuolumne,2021-06-16,95,44531,46,11668,46,32074,3,789,53,3304,41,20915,56,24219,California
Tuolumne,2021-06-17,45,44576,10,11678,34,32108,1,790,17,3294,28,20943,18,24237,California
Tuolumne,2021-06-18,172,44748,95,11773,63,32171,14,804,61,3258,110,21053,74,24311,California
Tuolumne,2021-06-19,25,44773,9,11782,13,32184,3,807,10,3256,15,21068,13,24324,California
Tuolumne,2021-06-20,13,44786,2,11784,11,32195,0,807,10,3263,3,21071,10,24334,California
Tuolumne,2021-06-21,39,44825,3,11787,35,32230,1,808,20,3265,19,21090,21,24355,California
Tuolumne,2021-06-22,45,44870,11,11798,34,32264,0,808,22,3265,22,21112,22,24377,California
Tuolumne,2021-06-23,70,44940,13,11811,37,32301,20,828,32,3279,38,21150,52,24429,California
Tuolumne,2021-06-24,56,44996,24,11835,26,32327,6,834,26,3283,29,21179,33,24462,California
Tuolumne,2021-06-25,55,45051,31,11866,19,32346,5,839,29,3290,26,21205,33,24495,California
Tuolumne,2021-06-26,12,45063,5,11871,7,32353,0,839,7,3292,5,21210,7,24502,California
Tuolumne,2021-06-27,7,45070,2,11873,5,32358,0,839,7,3299,0,21210,7,24509,California
Tuolumne,2021-06-28,40,45110,20,11893,15,32373,5,844,27,3318,13,21223,32,24541,California
Tuolumne,2021-06-29,36,45146,18,11911,16,32389,2,846,21,3327,14,21237,23,24564,California
Tuolumne,2021-06-30,73,45219,36,11947,36,32425,1,847,20,3296,52,21289,21,24585,California
Tuolumne,2021-07-01,37,45256,16,11963,14,32439,7,854,24,3314,13,21302,31,24616,California
Tuolumne,2021-07-02,62,45318,30,11993,26,32465,6,860,43,3344,19,21321,49,24665,California
Tuolumne,2021-07-03,8,45326,4,11997,4,32469,0,860,5,3346,3,21324,5,24670,California
Tuolumne,2021-07-05,14,45340,1,11998,13,32482,0,860,7,3346,7,21331,7,24677,California
Tuolumne,2021-07-06,58,45398,19,12017,35,32517,4,864,21,3335,34,21365,23,24700,California
Tuolumne,2021-07-07,66,45464,33,12050,25,32542,8,872,26,3330,38,21403,33,24733,California
Tuolumne,2021-07-08,33,45497,13,12063,18,32560,2,874,21,3342,11,21414,23,24756,California
Tuolumne,2021-07-09,36,45533,16,12079,20,32580,0,874,20,3346,16,21430,20,24776,California
Tuolumne,2021-07-10,7,45540,0,12079,7,32587,0,874,4,3347,3,21433,4,24780,California
Ventura,2020-12-15,5,5,5,5,0,0,0,0,5,5,0,0,5,5,California
Ventura,2020-12-16,75,80,75,80,0,0,0,0,75,80,0,0,75,80,California
Ventura,2020-12-17,315,395,315,395,0,0,0,0,315,395,0,0,315,395,California
Ventura,2020-12-18,1601,1996,1601,1996,0,0,0,0,1601,1996,0,0,1601,1996,California
Ventura,2020-12-19,987,2983,986,2982,1,1,0,0,987,2983,0,0,987,2983,California
Ventura,2020-12-20,458,3441,458,3440,0,1,0,0,458,3441,0,0,458,3441,California
Ventura,2020-12-21,1514,4955,1514,4954,0,1,0,0,1514,4955,0,0,1514,4955,California
Ventura,2020-12-22,1160,6115,1154,6108,6,7,0,0,1160,6115,0,0,1160,6115,California
Ventura,2020-12-23,1088,7203,1038,7146,50,57,0,0,1088,7203,0,0,1088,7203,California
Ventura,2020-12-24,478,7681,378,7524,100,157,0,0,478,7681,0,0,478,7681,California
Ventura,2020-12-25,12,7693,7,7531,5,162,0,0,12,7693,0,0,12,7693,California
Ventura,2020-12-26,114,7807,93,7624,21,183,0,0,114,7807,0,0,114,7807,California
Ventura,2020-12-27,59,7866,27,7651,32,215,0,0,59,7866,0,0,59,7866,California
Ventura,2020-12-28,1092,8958,950,8601,142,357,0,0,1092,8958,0,0,1092,8958,California
Ventura,2020-12-29,1188,10146,778,9379,410,767,0,0,1188,10146,0,0,1188,10146,California
Ventura,2020-12-30,2001,12147,1532,10911,469,1236,0,0,2001,12147,0,0,2001,12147,California
Ventura,2020-12-31,487,12634,166,11077,321,1557,0,0,482,12624,5,5,482,12629,California
Ventura,2021-01-01,41,12675,19,11096,22,1579,0,0,41,12665,0,5,41,12670,California
Ventura,2021-01-02,175,12850,81,11177,94,1673,0,0,175,12840,0,5,175,12845,California
Ventura,2021-01-03,20,12870,9,11186,11,1684,0,0,20,12860,0,5,20,12865,California
Ventura,2021-01-04,1034,13904,493,11679,541,2225,0,0,1032,13892,0,5,1032,13897,California
Ventura,2021-01-05,1383,15287,785,12464,598,2823,0,0,1270,15052,110,115,1270,15167,California
Ventura,2021-01-06,2073,17360,1189,13653,884,3707,0,0,1572,16134,492,607,1574,16741,California
Ventura,2021-01-07,2085,19445,1333,14986,752,4459,0,0,1041,16137,1039,1646,1042,17783,California
Ventura,2021-01-08,2203,21648,1478,16464,725,5184,0,0,906,15750,1295,2941,908,18691,California
Ventura,2021-01-09,725,22373,503,16967,222,5406,0,0,319,15663,406,3347,319,19010,California
Ventura,2021-01-10,344,22717,327,17294,17,5423,0,0,130,15579,214,3561,130,19140,California
Ventura,2021-01-11,2464,25181,1494,18788,970,6393,0,0,1513,16145,951,4512,1517,20657,California
Ventura,2021-01-12,3058,28239,1620,20408,1438,7831,0,0,1937,16961,1121,5633,1937,22594,California
Ventura,2021-01-13,2951,31190,1436,21844,1515,9346,0,0,2041,18096,907,6540,2042,24636,California
Ventura,2021-01-14,2795,33985,1106,22950,1689,11035,0,0,2332,19967,462,7002,2333,26969,California
Ventura,2021-01-15,2902,36887,970,23920,1932,12967,0,0,2687,22440,215,7217,2688,29657,California
Ventura,2021-01-16,490,37377,188,24108,302,13269,0,0,410,22770,80,7297,410,30067,California
Ventura,2021-01-17,270,37647,140,24248,130,13399,0,0,263,23027,6,7303,263,30330,California
Ventura,2021-01-18,2224,39871,1668,25916,556,13955,0,0,1673,24151,550,7853,1674,32004,California
Ventura,2021-01-19,3071,42942,2135,28051,936,14891,0,0,2155,25393,916,8769,2158,34162,California
Ventura,2021-01-20,4181,47123,3213,31264,968,15859,0,0,3084,27385,1093,9862,3085,37247,California
Ventura,2021-01-21,3894,51017,2713,33977,1181,17040,0,0,3206,29913,680,10542,3208,40455,California
Ventura,2021-01-22,3649,54666,2511,36488,1138,18178,0,0,3481,33226,168,10710,3481,43936,California
Ventura,2021-01-23,1194,55860,652,37140,542,18720,0,0,1093,34221,100,10810,1095,45031,California
Ventura,2021-01-24,459,56319,137,37277,322,19042,0,0,445,34652,14,10824,445,45476,California
Ventura,2021-01-25,3176,59495,2038,39315,1138,20180,0,0,2616,36710,559,11383,2617,48093,California
Ventura,2021-01-26,3744,63239,2215,41530,1529,21709,0,0,2732,38435,1008,12391,2733,50826,California
Ventura,2021-01-27,3506,66745,1569,43099,1937,23646,0,0,2751,40437,751,13142,2753,53579,California
Ventura,2021-01-28,3911,70656,2008,45107,1903,25549,0,0,3284,43113,611,13753,3287,56866,California
Ventura,2021-01-29,4300,74956,2536,47643,1764,27313,0,0,3788,46403,498,14251,3788,60654,California
Ventura,2021-01-30,3049,78005,1955,49598,1094,28407,0,0,2875,49110,169,14420,2876,63530,California
Ventura,2021-01-31,837,78842,445,50043,392,28799,0,0,747,49768,89,14509,747,64277,California
Ventura,2021-02-01,3986,82828,2114,52157,1872,30671,0,0,3199,52189,780,15289,3201,67478,California
Ventura,2021-02-02,4455,87283,2380,54537,2075,32746,0,0,3413,54571,1034,16323,3416,70894,California
Ventura,2021-02-03,4477,91760,2084,56621,2393,35139,0,0,3442,56985,1030,17353,3444,74338,California
Ventura,2021-02-04,4831,96591,2307,58928,2524,37663,0,0,3540,59246,1283,18636,3544,77882,California
Ventura,2021-02-05,4919,101510,2385,61313,2534,40197,0,0,3371,61086,1534,20170,3374,81256,California
Ventura,2021-02-06,2864,104374,1521,62834,1343,41540,0,0,2455,63132,409,20579,2455,83711,California
Ventura,2021-02-07,747,105121,247,63081,500,42040,0,0,621,63628,126,20705,622,84333,California
Ventura,2021-02-08,3543,108664,1638,64719,1905,43945,0,0,2446,64986,1089,21794,2447,86780,California
Ventura,2021-02-09,4762,113426,1980,66699,2782,46727,0,0,2486,65203,2273,24067,2490,89270,California
Ventura,2021-02-10,4775,118201,2257,68956,2518,49245,0,0,2398,65239,2363,26430,2399,91669,California
Ventura,2021-02-11,4729,122930,1884,70840,2845,52090,0,0,2478,65478,2242,28672,2481,94150,California
Ventura,2021-02-12,6408,129338,2699,73539,3709,55799,0,0,3269,65615,3132,31804,3269,97419,California
Ventura,2021-02-13,3335,132673,1847,75386,1488,57287,0,0,1859,66004,1472,33276,1861,99280,California
Ventura,2021-02-14,1234,133907,125,75511,1109,58396,0,0,1014,66801,219,33495,1016,100296,California
Ventura,2021-02-15,4044,137951,1830,77341,2214,60610,0,0,2131,67026,1908,35403,2133,102429,California
Ventura,2021-02-16,5616,143567,2747,80088,2869,63479,0,0,3040,67501,2566,37969,3041,105470,California
Ventura,2021-02-17,5359,148926,1941,82029,3418,66897,0,0,3357,68867,1991,39960,3357,108827,California
Ventura,2021-02-18,5837,154763,1853,83882,3984,70881,0,0,3659,70364,2162,42122,3659,112486,California
Ventura,2021-02-19,6578,161341,3842,87724,2736,73617,0,0,3043,69885,3528,45650,3049,115535,California
Ventura,2021-02-20,5011,166352,3229,90953,1782,75399,0,0,2788,70470,2207,47857,2792,118327,California
Ventura,2021-02-21,1150,167502,846,91799,304,75703,0,0,472,70270,672,48529,472,118799,California
Ventura,2021-02-22,5743,173245,2555,94354,3188,78891,0,0,3660,71869,2063,50592,3662,122461,California
Ventura,2021-02-23,6245,179490,3097,97451,3148,82039,0,0,3570,72791,2652,53244,3574,126035,California
Ventura,2021-02-24,7314,186804,2674,100125,4640,86679,0,0,4380,74262,2911,56155,4382,130417,California
Ventura,2021-02-25,7775,194579,2639,102764,5136,91815,0,0,4652,75813,3106,59261,4657,135074,California
Ventura,2021-02-26,9625,204204,2823,105587,6802,98617,0,0,6254,78729,3342,62603,6258,141332,California
Ventura,2021-02-27,10687,214891,5309,110896,5378,103995,0,0,7992,84056,2675,65278,8002,149334,California
Ventura,2021-02-28,2584,217475,1649,112545,934,104929,1,1,2100,85682,475,65753,2101,151435,California
Ventura,2021-03-01,7195,224670,2864,115409,4328,109257,3,4,4778,88082,2394,68147,4794,156229,California
Ventura,2021-03-02,7756,232426,4051,119460,3703,112960,2,6,5432,91203,2312,70459,5433,161662,California
Ventura,2021-03-03,8720,241146,3934,123394,4783,117743,3,9,6135,94782,2563,73022,6142,167804,California
Ventura,2021-03-04,8329,249475,3895,127289,4434,122177,0,9,5611,97696,2702,75724,5616,173420,California
Ventura,2021-03-05,10114,259589,4817,132106,5285,127462,12,21,7189,102002,2908,78632,7214,180634,California
Ventura,2021-03-06,7799,267388,4403,136509,3241,130703,155,176,5809,105988,1982,80614,5968,186602,California
Ventura,2021-03-07,1720,269108,619,137128,953,131656,148,324,1252,106923,468,81082,1403,188005,California
Ventura,2021-03-08,6874,275982,3448,140576,3263,134919,163,487,4743,109712,2120,83202,4909,192914,California
Ventura,2021-03-09,6903,282885,3038,143614,3663,138582,202,689,3992,111018,2894,86096,4200,197114,California
Ventura,2021-03-10,7058,289943,3022,146636,3795,142377,241,930,4699,113614,2344,88440,4940,202054,California
Ventura,2021-03-11,6583,296526,2908,149544,3357,145734,318,1248,3583,114534,2980,91420,3900,205954,California
Ventura,2021-03-12,8766,305292,3062,152606,4856,150590,848,2096,4278,115186,4463,95883,5115,211069,California
Ventura,2021-03-13,7316,312608,2516,155122,3954,154544,846,2942,4336,117401,2965,98848,5180,216249,California
Ventura,2021-03-14,2148,314756,488,155610,1164,155708,496,3438,728,117208,1417,100265,1224,217473,California
Ventura,2021-03-15,7128,321884,2056,157666,3726,159434,1346,4784,3133,117718,3963,104228,4473,221946,California
Ventura,2021-03-16,8196,330080,2468,160134,4612,164046,1116,5900,4204,119060,3975,108203,5317,227263,California
Ventura,2021-03-17,7761,337841,2811,162945,4601,168647,349,6249,4704,121079,3035,111238,5054,232317,California
Ventura,2021-03-18,7620,345461,3317,166262,4151,172798,152,6401,5002,123630,2603,113841,5154,237471,California
Ventura,2021-03-19,8721,354182,3834,170096,4772,177570,115,6516,5274,125600,3416,117257,5386,242857,California
Ventura,2021-03-20,8935,363117,5956,176052,2956,180526,23,6539,4637,125990,4271,121528,4661,247518,California
Ventura,2021-03-21,2815,365932,1533,177585,910,181436,372,6911,1314,126185,1487,123015,1682,249200,California
Ventura,2021-03-22,7472,373404,3739,181324,3630,185066,103,7014,4902,128647,2545,125560,5007,254207,California
Ventura,2021-03-23,8292,381696,3946,185270,4274,189340,72,7086,4614,129696,3637,129197,4686,258893,California
Ventura,2021-03-24,8973,390669,3441,188711,5454,194794,78,7164,4411,129671,4518,133715,4493,263386,California
Ventura,2021-03-25,8870,399539,3933,192644,4833,199627,104,7268,4457,129844,4387,138102,4560,267946,California
Ventura,2021-03-26,10009,409548,3388,196032,5967,205594,654,7922,3986,128497,5984,144086,4637,272583,California
Ventura,2021-03-27,8802,418350,3949,199981,4810,210404,43,7965,2424,124627,6338,150424,2468,275051,California
Ventura,2021-03-28,2550,420900,1429,201410,1112,211516,9,7974,1373,124838,1171,151595,1382,276433,California
Ventura,2021-03-29,8668,429568,4330,205740,4291,215807,47,8021,4271,124791,4365,155960,4318,280751,California
Ventura,2021-03-30,9060,438628,4490,210230,4439,220246,131,8152,4402,124687,4637,160597,4533,285284,California
Ventura,2021-03-31,10880,449508,4887,215117,5365,225611,628,8780,4685,123836,6160,166757,5309,290593,California
Ventura,2021-04-01,10966,460474,5317,220434,4757,230368,892,9672,5528,124864,5384,172141,6412,297005,California
Ventura,2021-04-02,11892,472366,4674,225108,5869,236237,1349,11021,5695,125753,6156,178297,7045,304050,California
Ventura,2021-04-03,8165,480531,4044,229152,2942,239179,1179,12200,3441,125658,4706,183003,4611,308661,California
Ventura,2021-04-04,1728,482259,965,230117,628,239807,135,12335,1152,126377,568,183571,1287,309948,California
Ventura,2021-04-05,9503,491762,4893,235010,3486,243293,1124,13459,4842,127696,4644,188215,5963,315911,California
Ventura,2021-04-06,11032,502794,5587,240597,3944,247237,1501,14960,5662,129519,5340,193555,7163,323074,California
Ventura,2021-04-07,11529,514323,5420,246017,4593,251830,1516,16476,5261,130043,6246,199801,6770,329844,California
Ventura,2021-04-08,10512,524835,5310,251327,4218,256048,984,17460,5249,131029,5234,205035,6220,336064,California
Ventura,2021-04-09,11415,536250,4410,255737,5275,261323,1730,19190,4995,131353,6391,211426,6715,342779,California
Ventura,2021-04-10,9890,546140,4177,259914,3535,264858,2178,21368,3067,129791,6802,218228,5240,348019,California
Ventura,2021-04-11,2463,548603,865,260779,1020,265878,578,21946,692,129300,1759,219987,1268,349287,California
Ventura,2021-04-12,9120,557723,4543,265322,3742,269620,835,22781,3816,128661,5283,225270,4644,353931,California
Ventura,2021-04-13,8955,566678,4565,269887,4384,274004,6,22787,3783,127319,5131,230401,3789,357720,California
Ventura,2021-04-14,8912,575590,4148,274035,4749,278753,15,22802,3408,125287,5460,235861,3428,361148,California
Ventura,2021-04-15,9548,585138,4614,278649,4907,283660,27,22829,4104,124017,5402,241263,4132,365280,California
Ventura,2021-04-16,10372,595510,4583,283232,5787,289447,2,22831,4872,123425,5471,246734,4879,370159,California
Ventura,2021-04-17,9090,604600,5430,288662,3646,293093,14,22845,5284,124933,3789,250523,5297,375456,California
Ventura,2021-04-18,2236,606836,1102,289764,1134,294227,0,22845,967,124640,1261,251784,968,376424,California
Ventura,2021-04-19,8192,615028,4895,294659,3294,297521,3,22848,4702,125883,3463,255247,4706,381130,California
Ventura,2021-04-20,9603,624631,5108,299767,4490,302011,5,22853,4522,125359,5051,260298,4527,385657,California
Ventura,2021-04-21,9248,633879,4818,304585,4424,306435,6,22859,4423,124988,4799,265097,4428,390085,California
Ventura,2021-04-22,10207,644086,5589,310174,4617,311052,1,22860,4532,123873,5650,270747,4535,394620,California
Ventura,2021-04-23,11051,655137,5518,315692,5532,316584,1,22861,5490,123834,5531,276278,5492,400112,California
Ventura,2021-04-24,10587,665724,5917,321609,4670,321254,0,22861,6218,125705,4348,280626,6219,406331,California
Ventura,2021-04-25,2492,668216,1721,323330,771,322025,0,22861,1157,125531,1331,281957,1157,407488,California
Ventura,2021-04-26,8043,676259,4623,327953,3353,325378,67,22928,3345,124271,4667,286624,3407,410895,California
Ventura,2021-04-27,9231,685490,5155,333108,3847,329225,229,23157,3475,122240,5734,292358,3703,414598,California
Ventura,2021-04-28,8457,693947,4901,338009,3235,332460,321,23478,3315,120768,5110,297468,3638,418236,California
Ventura,2021-04-29,7969,701916,4299,342308,3406,335866,264,23742,2832,118756,5107,302575,3095,421331,California
Ventura,2021-04-30,9547,711463,5516,347824,3755,339621,276,24018,3935,117381,5577,308152,4202,425533,California
Ventura,2021-05-01,5165,716628,3645,351469,1412,341033,108,24126,2038,116430,3093,311245,2142,427675,California
Ventura,2021-05-02,2143,718771,1433,352902,619,341652,91,24217,1039,116464,1097,312342,1131,428806,California
Ventura,2021-05-03,6343,725114,3896,356798,2159,343811,288,24505,1981,114393,4340,316682,2269,431075,California
Ventura,2021-05-04,6456,731570,3376,360174,2781,346592,299,24804,2326,112903,4116,320798,2626,433701,California
Ventura,2021-05-05,5477,737047,3065,363239,2150,348742,262,25066,1956,111624,3489,324287,2210,435911,California
Ventura,2021-05-06,6244,743291,3223,366462,2753,351495,268,25334,1995,109661,4227,328514,2264,438175,California
Ventura,2021-05-07,6924,750215,3470,369932,3179,354674,275,25609,2355,107751,4539,333053,2629,440804,California
Ventura,2021-05-08,5421,755636,4217,374149,1046,355720,158,25767,1222,104946,4183,337236,1378,442182,California
Ventura,2021-05-09,1128,756764,820,374969,261,355981,47,25814,427,104726,693,337929,473,442655,California
Ventura,2021-05-10,6159,762923,4115,379084,1834,357815,210,26024,1384,101559,4760,342689,1593,444248,California
Ventura,2021-05-11,5360,768283,3307,382391,1829,359644,224,26248,1507,99448,3841,346530,1730,445978,California
Ventura,2021-05-12,5073,773356,2992,385383,1861,361505,220,26468,1535,97682,3521,350051,1755,447733,California
Ventura,2021-05-13,6366,779722,3857,389240,2302,363807,207,26675,2273,96089,4076,354127,2483,450216,California
Ventura,2021-05-14,7509,787231,4656,393896,2634,366441,219,26894,2832,94477,4658,358785,3046,453262,California
Ventura,2021-05-15,6756,793987,5394,399290,1275,367716,87,26981,2803,93444,3923,362708,2890,456152,California
Ventura,2021-05-16,2201,796188,1710,401000,439,368155,52,27033,1038,93375,1159,363867,1090,457242,California
Ventura,2021-05-17,5893,802081,3559,404559,2121,370276,213,27246,2401,92512,3476,367343,2613,459855,California
Ventura,2021-05-18,5425,807506,3170,407729,2075,372351,180,27426,2133,91551,3273,370616,2312,462167,California
Ventura,2021-05-19,5851,813357,3534,411263,2106,374457,211,27637,2362,90663,3457,374073,2569,464736,California
Ventura,2021-05-20,5497,818854,3052,414315,2286,376743,159,27796,2135,89622,3331,377404,2290,467026,California
Ventura,2021-05-21,7943,826797,4475,418790,3291,380034,177,27973,2563,87016,5347,382751,2741,469767,California
Ventura,2021-05-22,5667,832464,2901,421691,2691,382725,75,28048,1772,84979,3884,386635,1847,471614,California
Ventura,2021-05-23,1997,834461,1533,423224,392,383117,72,28120,748,84559,1240,387875,820,472434,California
Ventura,2021-05-24,4545,839006,2463,425687,1914,385031,168,28288,1449,83097,3076,390951,1614,474048,California
Ventura,2021-05-25,4296,843302,2231,427918,1913,386944,152,28440,1416,81802,2862,393813,1567,475615,California
Ventura,2021-05-26,4297,847599,2289,430207,1843,388787,165,28605,1654,81002,2621,396434,1821,477436,California
Ventura,2021-05-27,3877,851476,1913,432120,1836,390623,128,28733,1382,80029,2482,398916,1509,478945,California
Ventura,2021-05-28,4574,856050,2479,434599,1901,392524,194,28927,1978,79621,2574,401490,2166,481111,California
Ventura,2021-05-29,2158,858208,1352,435951,739,393263,67,28994,1046,79635,1099,402589,1113,482224,California
Ventura,2021-05-30,915,859123,585,436536,276,393539,54,29048,359,79496,551,403140,412,482636,California
Ventura,2021-05-31,257,859380,138,436674,110,393649,9,29057,61,79370,196,403336,70,482706,California
Ventura,2021-06-01,4016,863396,2284,438958,1566,395215,166,29223,1294,78131,2699,406035,1460,484166,California
Ventura,2021-06-02,2966,866362,1634,440592,1196,396411,136,29359,1006,77329,1944,407979,1142,485308,California
Ventura,2021-06-03,3248,869610,2010,442602,1083,397494,155,29514,885,76017,2351,410330,1039,486347,California
Ventura,2021-06-04,4594,874204,3022,445624,1411,398905,161,29675,1418,74434,3162,413492,1579,487926,California
Ventura,2021-06-05,3827,878031,3198,448822,565,399470,64,29739,1157,72998,2658,416150,1222,489148,California
Ventura,2021-06-06,1260,879291,1080,449902,135,399605,45,29784,287,72366,963,417113,331,489479,California
Ventura,2021-06-07,3167,882458,2356,452258,700,400305,111,29895,946,71217,2205,419318,1056,490535,California
Ventura,2021-06-08,3032,885490,1996,454254,901,401206,135,30030,885,70106,2131,421449,1020,491555,California
Ventura,2021-06-09,2946,888436,2052,456306,789,401995,105,30135,767,68812,2166,423615,872,492427,California
Ventura,2021-06-10,3043,891479,2129,458435,812,402807,102,30237,812,67506,2218,425833,912,493339,California
Ventura,2021-06-11,3476,894955,2392,460827,947,403754,137,30374,977,66130,2487,428320,1111,494450,California
Ventura,2021-06-12,2155,897110,1690,462517,419,404173,46,30420,515,65062,1629,429949,561,495011,California
Ventura,2021-06-13,1019,898129,782,463299,173,404346,64,30484,234,64579,783,430732,300,495311,California
Ventura,2021-06-14,2647,900776,1805,465104,711,405057,131,30615,817,63707,1819,432551,947,496258,California
Ventura,2021-06-15,2430,903206,1567,466671,753,405810,110,30725,847,63092,1570,434121,955,497213,California
Ventura,2021-06-16,2484,905690,1818,468489,560,406370,106,30831,824,62381,1640,435761,929,498142,California
Ventura,2021-06-17,2221,907911,1554,470043,567,406937,100,30931,816,61901,1396,437157,916,499058,California
Ventura,2021-06-18,2965,910876,2093,472136,748,407685,124,31055,978,61031,1972,439129,1102,500160,California
Ventura,2021-06-19,1380,912256,1069,473205,286,407971,25,31080,524,60735,845,439974,549,500709,California
Ventura,2021-06-20,693,912949,538,473743,114,408085,41,31121,260,60606,430,440404,301,501010,California
Ventura,2021-06-21,1682,914631,1076,474819,488,408573,118,31239,836,60723,836,441240,953,501963,California
Ventura,2021-06-22,1968,916599,1378,476197,491,409064,99,31338,735,60333,1223,442463,833,502796,California
Ventura,2021-06-23,1788,918387,1226,477423,453,409517,109,31447,741,60147,1035,443498,849,503645,California
Ventura,2021-06-24,1821,920208,1198,478621,504,410021,119,31566,723,59902,1087,444585,842,504487,California
Ventura,2021-06-25,2419,922627,1613,480234,631,410652,175,31741,879,59427,1529,446114,1054,505541,California
Ventura,2021-06-26,1553,924180,1265,481499,225,410877,63,31804,521,58986,1025,447139,584,506125,California
Ventura,2021-06-27,582,924762,453,481952,103,410980,26,31830,259,58951,320,447459,285,506410,California
Ventura,2021-06-28,1773,926535,1428,483380,246,411226,99,31929,723,58735,1038,448497,822,507232,California
Ventura,2021-06-29,1666,928201,1112,484492,462,411688,92,32021,686,58539,972,449469,776,508008,California
Ventura,2021-06-30,1582,929783,1115,485607,369,412057,98,32119,773,58605,802,450271,868,508876,California
Ventura,2021-07-01,1464,931247,1085,486692,303,412360,76,32195,627,58481,826,451097,702,509578,California
Ventura,2021-07-02,1777,933024,1212,487904,471,412831,94,32289,824,58455,944,452041,918,510496,California
Ventura,2021-07-03,892,933916,669,488573,187,413018,36,32325,445,58496,440,452481,481,510977,California
Ventura,2021-07-04,61,933977,44,488617,13,413031,4,32329,27,58493,34,452515,31,511008,California
Ventura,2021-07-05,953,934930,695,489312,192,413223,66,32395,407,58422,543,453058,472,511480,California
Ventura,2021-07-06,1503,936433,1046,490358,384,413607,73,32468,646,58292,849,453907,719,512199,California
Ventura,2021-07-07,1524,937957,1059,491417,365,413972,100,32568,585,58045,932,454839,685,512884,California
Ventura,2021-07-08,1713,939670,1317,492734,327,414299,69,32637,717,57843,988,455827,786,513670,California
Ventura,2021-07-09,1581,941251,1156,493890,328,414627,97,32734,656,57684,907,456734,748,514418,California
Ventura,2021-07-10,772,942023,618,494508,108,414735,46,32780,377,57716,392,457126,424,514842,California
Yolo,2020-12-15,39,39,39,39,0,0,0,0,39,39,0,0,39,39,California
Yolo,2020-12-16,80,119,80,119,0,0,0,0,80,119,0,0,80,119,California
Yolo,2020-12-17,107,226,107,226,0,0,0,0,107,226,0,0,107,226,California
Yolo,2020-12-18,231,457,231,457,0,0,0,0,231,457,0,0,231,457,California
Yolo,2020-12-19,87,544,87,544,0,0,0,0,87,544,0,0,87,544,California
Yolo,2020-12-20,102,646,102,646,0,0,0,0,102,646,0,0,102,646,California
Yolo,2020-12-21,253,899,253,899,0,0,0,0,253,899,0,0,253,899,California
Yolo,2020-12-22,386,1285,385,1284,1,1,0,0,386,1285,0,0,386,1285,California
Yolo,2020-12-23,439,1724,419,1703,20,21,0,0,439,1724,0,0,439,1724,California
Yolo,2020-12-24,153,1877,96,1799,57,78,0,0,153,1877,0,0,153,1877,California
Yolo,2020-12-25,1,1878,1,1800,0,78,0,0,1,1878,0,0,1,1878,California
Yolo,2020-12-26,75,1953,25,1825,50,128,0,0,75,1953,0,0,75,1953,California
Yolo,2020-12-27,46,1999,19,1844,27,155,0,0,46,1999,0,0,46,1999,California
Yolo,2020-12-28,404,2403,235,2079,169,324,0,0,404,2403,0,0,404,2403,California
Yolo,2020-12-29,492,2895,268,2347,224,548,0,0,492,2895,0,0,492,2895,California
Yolo,2020-12-30,626,3521,256,2603,370,918,0,0,626,3521,0,0,626,3521,California
Yolo,2020-12-31,183,3704,93,2696,90,1008,0,0,183,3704,0,0,183,3704,California
Yolo,2021-01-01,58,3762,56,2752,2,1010,0,0,58,3762,0,0,58,3762,California
Yolo,2021-01-02,72,3834,28,2780,44,1054,0,0,72,3834,0,0,72,3834,California
Yolo,2021-01-03,44,3878,19,2799,25,1079,0,0,44,3878,0,0,44,3878,California
Yolo,2021-01-04,192,4070,41,2840,151,1230,0,0,192,4070,0,0,192,4070,California
Yolo,2021-01-05,619,4689,238,3078,381,1611,0,0,554,4559,65,65,554,4624,California
Yolo,2021-01-06,484,5173,183,3261,301,1912,0,0,347,4769,137,202,347,4971,California
Yolo,2021-01-07,713,5886,234,3495,479,2391,0,0,520,5097,192,394,520,5491,California
Yolo,2021-01-08,632,6518,312,3807,320,2711,0,0,406,5278,225,619,406,5897,California
Yolo,2021-01-09,411,6929,73,3880,338,3049,0,0,365,5597,46,665,365,6262,California
Yolo,2021-01-10,394,7323,80,3960,314,3363,0,0,324,5851,70,735,324,6586,California
Yolo,2021-01-11,565,7888,329,4289,236,3599,0,0,290,5868,275,1010,292,6878,California
Yolo,2021-01-12,563,8451,443,4732,120,3719,0,0,194,5694,369,1379,195,7073,California
Yolo,2021-01-13,776,9227,314,5046,462,4181,0,0,522,5962,254,1633,522,7595,California
Yolo,2021-01-14,381,9608,184,5230,197,4378,0,0,277,6135,104,1737,277,7872,California
Yolo,2021-01-15,634,10242,323,5553,311,4689,0,0,551,6604,83,1820,552,8424,California
Yolo,2021-01-16,748,10990,96,5649,652,5341,0,0,717,7290,31,1851,717,9141,California
Yolo,2021-01-17,191,11181,121,5770,70,5411,0,0,184,7467,7,1858,184,9325,California
Yolo,2021-01-18,485,11666,305,6075,180,5591,0,0,333,7648,152,2010,333,9658,California
Yolo,2021-01-19,561,12227,372,6447,189,5780,0,0,384,7855,177,2187,384,10042,California
Yolo,2021-01-20,661,12888,384,6831,277,6057,0,0,470,8135,190,2377,470,10512,California
Yolo,2021-01-21,649,13537,384,7215,265,6322,0,0,460,8406,189,2566,460,10972,California
Yolo,2021-01-22,758,14295,255,7470,503,6825,0,0,640,8930,116,2682,640,11612,California
Yolo,2021-01-23,628,14923,126,7596,502,7327,0,0,578,9458,50,2732,578,12190,California
Yolo,2021-01-24,207,15130,123,7719,84,7411,0,0,166,9583,41,2773,166,12356,California
Yolo,2021-01-25,741,15871,163,7882,578,7989,0,0,520,9881,222,2995,520,12876,California
Yolo,2021-01-26,832,16703,330,8212,502,8491,0,0,435,9919,397,3392,435,13311,California
Yolo,2021-01-27,685,17388,230,8442,455,8946,0,0,402,10038,283,3675,402,13713,California
Yolo,2021-01-28,1056,18444,564,9006,492,9438,0,0,930,10843,125,3800,930,14643,California
Yolo,2021-01-29,994,19438,265,9271,729,10167,0,0,909,11668,84,3884,909,15552,California
Yolo,2021-01-30,1529,20967,923,10194,606,10773,0,0,1406,12957,117,4001,1406,16958,California
Yolo,2021-01-31,238,21205,200,10394,38,10811,0,0,209,13138,28,4029,209,17167,California
Yolo,2021-02-01,859,22064,365,10759,494,11305,0,0,622,13526,234,4263,622,17789,California
Yolo,2021-02-02,1350,23414,755,11514,595,11900,0,0,933,14043,417,4680,934,18723,California
Yolo,2021-02-03,1534,24948,400,11914,1134,13034,0,0,1192,14896,339,5019,1192,19915,California
Yolo,2021-02-04,1809,26757,281,12195,1528,14562,0,0,1254,15606,545,5564,1255,21170,California
Yolo,2021-02-05,1613,28370,917,13112,696,15258,0,0,1209,16413,403,5967,1210,22380,California
Yolo,2021-02-06,1929,30299,1254,14366,675,15933,0,0,1563,17611,366,6333,1564,23944,California
Yolo,2021-02-07,524,30823,253,14619,271,16204,0,0,173,17434,350,6683,173,24117,California
Yolo,2021-02-08,952,31775,334,14953,618,16822,0,0,605,17696,343,7026,605,24722,California
Yolo,2021-02-09,861,32636,387,15340,474,17296,0,0,573,17981,288,7314,573,25295,California
Yolo,2021-02-10,1478,34114,480,15820,998,18294,0,0,830,18165,648,7962,832,26127,California
Yolo,2021-02-11,1581,35695,808,16628,773,19067,0,0,1187,18958,394,8356,1187,27314,California
Yolo,2021-02-12,1948,37643,760,17388,1188,20255,0,0,1459,19933,485,8841,1460,28774,California
Yolo,2021-02-13,2073,39716,716,18104,1357,21612,0,0,1394,20648,679,9520,1394,30168,California
Yolo,2021-02-14,573,40289,156,18260,417,22029,0,0,448,20972,124,9644,448,30616,California
Yolo,2021-02-15,535,40824,192,18452,343,22372,0,0,266,20970,269,9913,267,30883,California
Yolo,2021-02-16,1151,41975,433,18885,718,23090,0,0,821,21462,330,10243,822,31705,California
Yolo,2021-02-17,1394,43369,703,19588,691,23781,0,0,992,22053,402,10645,993,32698,California
Yolo,2021-02-18,2512,45881,822,20410,1690,25471,0,0,1728,22999,783,11428,1729,34427,California
Yolo,2021-02-19,1775,47656,756,21166,1019,26490,0,0,1145,23516,628,12056,1145,35572,California
Yolo,2021-02-20,2572,50228,958,22124,1614,28104,0,0,1386,23722,1181,13237,1387,36959,California
Yolo,2021-02-21,326,50554,236,22360,90,28194,0,0,108,23613,217,13454,108,37067,California
Yolo,2021-02-22,1417,51971,620,22980,797,28991,0,0,711,23620,704,14158,711,37778,California
Yolo,2021-02-23,1175,53146,882,23862,293,29284,0,0,446,23339,727,14885,446,38224,California
Yolo,2021-02-24,2140,55286,612,24474,1528,30812,0,0,1400,24001,738,15623,1400,39624,California
Yolo,2021-02-25,1438,56724,505,24979,933,31745,0,0,938,24440,499,16122,938,40562,California
Yolo,2021-02-26,2697,59421,1059,26038,1638,33383,0,0,1323,24393,1370,17492,1323,41885,California
Yolo,2021-02-27,1712,61133,781,26819,931,34314,0,0,1256,25193,456,17948,1256,43141,California
Yolo,2021-02-28,1833,62966,1525,28344,308,34622,0,0,711,24785,1120,19068,712,43853,California
Yolo,2021-03-01,1157,64123,374,28718,783,35405,0,0,698,25027,456,19524,698,44551,California
Yolo,2021-03-02,1509,65632,706,29424,803,36208,0,0,959,25436,550,20074,959,45510,California
Yolo,2021-03-03,1896,67528,647,30071,1249,37457,0,0,856,25254,1038,21112,856,46366,California
Yolo,2021-03-04,3043,70571,1466,31537,1577,39034,0,0,1580,25374,1460,22572,1580,47946,California
Yolo,2021-03-05,2495,73066,1409,32946,1075,40109,11,11,1519,25929,975,23547,1530,49476,California
Yolo,2021-03-06,1491,74557,1137,34083,325,40434,29,40,848,26166,640,24187,877,50353,California
Yolo,2021-03-07,942,75499,682,34765,234,40668,26,66,788,26826,154,24341,814,51167,California
Yolo,2021-03-08,1348,76847,501,35266,803,41471,44,110,891,27305,456,24797,935,52102,California
Yolo,2021-03-09,1587,78434,691,35957,834,42305,62,172,966,27714,619,25416,1028,53130,California
Yolo,2021-03-10,2220,80654,1063,37020,865,43170,292,464,979,27741,1236,26652,1263,54393,California
Yolo,2021-03-11,2721,83375,1608,38628,1044,44214,69,533,1815,28720,905,27557,1884,56277,California
Yolo,2021-03-12,2935,86310,1362,39990,1491,45705,82,615,1380,28637,1546,29103,1463,57740,California
Yolo,2021-03-13,1963,88273,737,40727,1050,46755,176,791,1030,28912,930,30033,1205,58945,California
Yolo,2021-03-14,1070,89343,214,40941,706,47461,150,941,528,29044,540,30573,672,59617,California
Yolo,2021-03-15,1679,91022,771,41712,727,48188,181,1122,1058,29659,619,31192,1234,60851,California
Yolo,2021-03-16,2036,93058,733,42445,1230,49418,73,1195,1240,30176,795,31987,1312,62163,California
Yolo,2021-03-17,2533,95591,989,43434,1472,50890,72,1267,1732,31214,797,32784,1835,63998,California
Yolo,2021-03-18,3055,98646,1043,44477,1785,52675,227,1494,1262,30914,1789,34573,1489,65487,California
Yolo,2021-03-19,2112,100758,877,45354,1167,53842,68,1562,1084,31044,1022,35595,1152,66639,California
Yolo,2021-03-20,2783,103541,818,46172,1922,55764,43,1605,1093,30498,1684,37279,1138,67777,California
Yolo,2021-03-21,318,103859,217,46389,93,55857,8,1613,177,30543,140,37419,185,67962,California
Yolo,2021-03-22,1412,105271,497,46886,855,56712,60,1673,914,31020,496,37915,973,68935,California
Yolo,2021-03-23,1758,107029,945,47831,756,57468,57,1730,1080,31480,676,38591,1136,70071,California
Yolo,2021-03-24,2894,109923,1407,49238,1436,58904,51,1781,1399,31450,1481,40072,1451,71522,California
Yolo,2021-03-25,2545,112468,1406,50644,1110,60014,29,1810,1242,31428,1293,41365,1271,72793,California
Yolo,2021-03-26,2408,114876,1262,51906,1126,61140,20,1830,1022,31090,1379,42744,1041,73834,California
Yolo,2021-03-27,1668,116544,459,52365,1191,62331,18,1848,741,30923,926,43670,759,74593,California
Yolo,2021-03-28,1110,117654,863,53228,228,62559,19,1867,248,30331,858,44528,266,74859,California
Yolo,2021-03-29,2040,119694,827,54055,1183,63742,30,1897,969,30263,1067,45595,999,75858,California
Yolo,2021-03-30,2334,122028,1124,55179,1189,64931,21,1918,1207,30370,1122,46717,1229,77087,California
Yolo,2021-03-31,2368,124396,1235,56414,1096,66027,37,1955,1181,30402,1186,47903,1218,78305,California
Yolo,2021-04-01,3866,128262,1867,58281,1520,67547,479,2434,1598,30213,2265,50168,2076,80381,California
Yolo,2021-04-02,3411,131673,1527,59808,1737,69284,147,2581,2064,31084,1340,51508,2211,82592,California
Yolo,2021-04-03,1829,133502,1105,60913,502,69786,222,2803,809,31097,1018,52526,1031,83623,California
Yolo,2021-04-04,391,133893,157,61070,173,69959,61,2864,142,31052,248,52774,203,83826,California
Yolo,2021-04-05,1932,135825,740,61810,1092,71051,100,2964,899,31024,1028,53802,1000,84826,California
Yolo,2021-04-06,2605,138430,1325,63135,1107,72158,173,3137,1141,30882,1454,55256,1312,86138,California
Yolo,2021-04-07,3003,141433,1521,64656,1126,73284,356,3493,1746,31736,1252,56508,2106,88244,California
Yolo,2021-04-08,2436,143869,1012,65668,948,74232,476,3969,855,31485,1579,58087,1328,89572,California
Yolo,2021-04-09,2612,146481,926,66594,1104,75336,582,4551,835,31119,1774,59861,1408,90980,California
Yolo,2021-04-10,1769,148250,829,67423,757,76093,183,4734,1026,31588,739,60600,1208,92188,California
Yolo,2021-04-11,894,149144,285,67708,565,76658,44,4778,362,31464,529,61129,405,92593,California
Yolo,2021-04-12,1781,150925,527,68235,1111,77769,143,4921,789,31409,988,62117,933,93526,California
Yolo,2021-04-13,1994,152919,918,69153,1076,78845,0,4921,919,31254,1074,63191,919,94445,California
Yolo,2021-04-14,2807,155726,773,69926,2034,80879,0,4921,1371,31197,1428,64619,1371,95816,California
Yolo,2021-04-15,3369,159095,1146,71072,2223,83102,0,4921,2290,32415,1072,65691,2290,98106,California
Yolo,2021-04-16,3096,162191,1995,73067,1101,84203,0,4921,1977,33281,1111,66802,1977,100083,California
Yolo,2021-04-17,1639,163830,479,73546,1160,85363,0,4921,852,33351,782,67584,852,100935,California
Yolo,2021-04-18,648,164478,318,73864,330,85693,0,4921,362,33432,281,67865,362,101297,California
Yolo,2021-04-19,1691,166169,729,74593,961,86654,1,4922,778,33303,908,68773,779,102076,California
Yolo,2021-04-20,2081,168250,1075,75668,1006,87660,0,4922,1072,33368,1007,69780,1072,103148,California
Yolo,2021-04-21,2079,170329,1062,76730,1017,88677,0,4922,1118,33531,955,70735,1118,104266,California
Yolo,2021-04-22,1993,172322,914,77644,1079,89756,0,4922,985,33515,1002,71737,986,105252,California
Yolo,2021-04-23,2662,174984,1561,79205,1101,90857,0,4922,1169,33203,1481,73218,1169,106421,California
Yolo,2021-04-24,1181,176165,648,79853,530,91387,3,4925,468,32970,704,73922,471,106892,California
Yolo,2021-04-25,952,177117,408,80261,544,91931,0,4925,728,33475,223,74145,728,107620,California
Yolo,2021-04-26,1256,178373,498,80759,755,92686,3,4928,534,33294,719,74864,538,108158,California
Yolo,2021-04-27,1568,179941,740,81499,808,93494,20,4948,607,32961,960,75824,627,108785,California
Yolo,2021-04-28,2077,182018,1029,82528,1021,94515,27,4975,750,32414,1324,77148,777,109562,California
Yolo,2021-04-29,1802,183820,854,83382,864,95379,84,5059,711,32120,1087,78235,793,110355,California
Yolo,2021-04-30,2111,185931,1089,84471,964,96343,58,5117,1043,32160,1061,79296,1101,111456,California
Yolo,2021-05-01,1289,187220,999,85470,270,96613,20,5137,376,31645,911,80207,396,111852,California
Yolo,2021-05-02,519,187739,427,85897,69,96682,23,5160,323,31795,196,80403,346,112198,California
Yolo,2021-05-03,1132,188871,406,86303,692,97374,34,5194,301,31301,828,81231,334,112532,California
Yolo,2021-05-04,1471,190342,683,86986,764,98138,24,5218,507,30873,959,82190,531,113063,California
Yolo,2021-05-05,1597,191939,455,87441,1075,99213,67,5285,462,30274,1128,83318,529,113592,California
Yolo,2021-05-06,1531,193470,718,88159,731,99944,82,5367,497,29836,1017,84335,579,114171,California
Yolo,2021-05-07,2334,195804,1403,89562,880,100824,51,5418,466,28491,1860,86195,515,114686,California
Yolo,2021-05-08,852,196656,374,89936,422,101246,56,5474,320,28337,528,86723,374,115060,California
Yolo,2021-05-09,402,197058,172,90108,217,101463,13,5487,91,28131,310,87033,104,115164,California
Yolo,2021-05-10,1191,198249,359,90467,786,102249,46,5533,204,27395,985,88018,249,115413,California
Yolo,2021-05-11,1180,199429,697,91164,461,102710,22,5555,294,26831,880,88898,316,115729,California
Yolo,2021-05-12,1835,201264,715,91879,1087,103797,33,5588,336,25710,1493,90391,372,116101,California
Yolo,2021-05-13,2617,203881,862,92741,1700,105497,55,5643,666,24484,1947,92338,721,116822,California
Yolo,2021-05-14,2440,206321,1523,94264,886,106383,31,5674,1189,24459,1245,93583,1220,118042,California
Yolo,2021-05-15,1280,207601,732,94996,501,106884,47,5721,660,24547,619,94202,707,118749,California
Yolo,2021-05-16,1456,209057,1238,96234,211,107095,7,5728,1011,25124,441,94643,1018,119767,California
Yolo,2021-05-17,1137,210194,447,96681,672,107767,18,5746,349,24707,784,95427,367,120134,California
Yolo,2021-05-18,1803,211997,1110,97791,670,108437,23,5769,919,24772,877,96304,942,121076,California
Yolo,2021-05-19,1304,213301,588,98379,677,109114,39,5808,519,24548,782,97086,558,121634,California
Yolo,2021-05-20,1228,214529,699,99078,503,109617,26,5834,383,24118,839,97925,409,122043,California
Yolo,2021-05-21,1445,215974,931,100009,487,110104,27,5861,353,23411,1085,99010,378,122421,California
Yolo,2021-05-22,827,216801,542,100551,277,110381,8,5869,282,23166,536,99546,291,122712,California
Yolo,2021-05-23,620,217421,165,100716,439,110820,16,5885,108,22781,510,100056,125,122837,California
Yolo,2021-05-24,710,218131,351,101067,339,111159,20,5905,220,22535,487,100543,241,123078,California
Yolo,2021-05-25,884,219015,513,101580,348,111507,23,5928,343,22366,535,101078,366,123444,California
Yolo,2021-05-26,820,219835,269,101849,518,112025,33,5961,246,22075,570,101648,279,123723,California
Yolo,2021-05-27,760,220595,379,102228,330,112355,51,6012,300,21971,455,102103,351,124074,California
Yolo,2021-05-28,884,221479,402,102630,453,112808,29,6041,378,21875,501,102604,405,124479,California
Yolo,2021-05-29,600,222079,345,102975,219,113027,36,6077,273,21857,324,102928,306,124785,California
Yolo,2021-05-30,136,222215,71,103046,58,113085,7,6084,55,21840,79,103007,62,124847,California
Yolo,2021-05-31,68,222283,18,103064,48,113133,2,6086,16,21805,52,103059,17,124864,California
Yolo,2021-06-01,755,223038,326,103390,405,113538,24,6110,245,21570,504,103563,269,125133,California
Yolo,2021-06-02,758,223796,302,103692,435,113973,21,6131,230,21296,525,104088,251,125384,California
Yolo,2021-06-03,931,224727,593,104285,314,114287,24,6155,212,20817,715,104803,236,125620,California
Yolo,2021-06-04,1497,226224,1217,105502,258,114545,22,6177,380,20106,1112,105915,401,126021,California
Yolo,2021-06-05,719,226943,548,106050,154,114699,17,6194,148,19700,571,106486,165,126186,California
Yolo,2021-06-06,1117,228060,1052,107102,58,114757,7,6201,163,18917,953,107439,170,126356,California
Yolo,2021-06-07,515,228575,269,107371,226,114983,20,6221,112,18650,398,107837,131,126487,California
Yolo,2021-06-08,1043,229618,813,108184,212,115195,18,6239,199,18023,843,108680,216,126703,California
Yolo,2021-06-09,793,230411,491,108675,271,115466,31,6270,216,17697,572,109252,246,126949,California
Yolo,2021-06-10,569,230980,359,109034,177,115643,33,6303,166,17496,400,109652,199,127148,California
Yolo,2021-06-11,659,231639,451,109485,184,115827,24,6327,193,17249,464,110116,217,127365,California
Yolo,2021-06-12,482,232121,278,109763,179,116006,25,6352,143,17081,336,110452,168,127533,California
Yolo,2021-06-13,154,232275,115,109878,38,116044,1,6353,60,17050,93,110545,62,127595,California
Yolo,2021-06-14,411,232686,255,110133,123,116167,33,6386,129,16932,281,110826,163,127758,California
Yolo,2021-06-15,772,233458,400,110533,346,116513,26,6412,237,16666,529,111355,263,128021,California
Yolo,2021-06-16,474,233932,243,110776,189,116702,42,6454,168,16570,304,111659,208,128229,California
Yolo,2021-06-17,496,234428,315,111091,125,116827,56,6510,173,16478,321,111980,229,128458,California
Yolo,2021-06-18,556,234984,398,111489,136,116963,22,6532,209,16364,344,112324,230,128688,California
Yolo,2021-06-19,323,235307,207,111696,99,117062,17,6549,119,16297,203,112527,136,128824,California
Yolo,2021-06-20,114,235421,74,111770,36,117098,4,6553,62,16314,50,112577,67,128891,California
Yolo,2021-06-21,207,235628,88,111858,100,117198,19,6572,112,16352,93,112670,131,129022,California
Yolo,2021-06-22,522,236150,296,112154,206,117404,20,6592,235,16322,285,112955,255,129277,California
Yolo,2021-06-23,377,236527,213,112367,146,117550,18,6610,151,16268,223,113178,169,129446,California
Yolo,2021-06-24,398,236925,247,112614,108,117658,43,6653,175,16264,222,113400,218,129664,California
Yolo,2021-06-25,551,237476,385,112999,121,117779,45,6698,191,16144,356,113756,236,129900,California
Yolo,2021-06-26,271,237747,165,113164,82,117861,24,6722,110,16118,159,113915,133,130033,California
Yolo,2021-06-27,179,237926,142,113306,32,117893,5,6727,64,16071,115,114030,68,130101,California
Yolo,2021-06-28,255,238181,130,113436,52,117945,73,6800,108,16105,146,114176,180,130281,California
Yolo,2021-06-29,421,238602,265,113701,107,118052,49,6849,154,16044,264,114440,203,130484,California
Yolo,2021-06-30,366,238968,205,113906,134,118186,27,6876,134,15972,232,114672,160,130644,California
Yolo,2021-07-01,306,239274,171,114077,103,118289,32,6908,111,15922,192,114864,142,130786,California
Yolo,2021-07-02,343,239617,232,114309,99,118388,12,6920,140,15872,202,115066,152,130938,California
Yolo,2021-07-03,206,239823,128,114437,74,118462,4,6924,91,15852,115,115181,95,131033,California
Yolo,2021-07-04,73,239896,41,114478,27,118489,5,6929,22,15829,50,115231,27,131060,California
Yolo,2021-07-05,139,240035,84,114562,50,118539,5,6934,67,15830,71,115302,72,131132,California
Yolo,2021-07-06,360,240395,239,114801,102,118641,19,6953,136,15765,221,115523,156,131288,California
Yolo,2021-07-07,374,240769,196,114997,113,118754,65,7018,145,15746,228,115751,209,131497,California
Yolo,2021-07-08,297,241066,193,115190,90,118844,14,7032,120,15706,173,115924,133,131630,California
Yolo,2021-07-09,356,241422,246,115436,94,118938,16,7048,138,15648,212,116136,154,131784,California
Yolo,2021-07-10,110,241532,75,115511,23,118961,12,7060,34,15619,75,116211,46,131830,California
Yuba,2020-12-16,4,4,4,4,0,0,0,0,4,4,0,0,4,4,California
Yuba,2020-12-17,4,8,4,8,0,0,0,0,4,8,0,0,4,8,California
Yuba,2020-12-18,9,17,9,17,0,0,0,0,9,17,0,0,9,17,California
Yuba,2020-12-19,12,29,12,29,0,0,0,0,12,29,0,0,12,29,California
Yuba,2020-12-20,19,48,19,48,0,0,0,0,19,48,0,0,19,48,California
Yuba,2020-12-21,41,89,41,89,0,0,0,0,41,89,0,0,41,89,California
Yuba,2020-12-22,85,174,85,174,0,0,0,0,85,174,0,0,85,174,California
Yuba,2020-12-23,65,239,63,237,2,2,0,0,65,239,0,0,65,239,California
Yuba,2020-12-24,20,259,10,247,10,12,0,0,20,259,0,0,20,259,California
Yuba,2020-12-25,1,260,1,248,0,12,0,0,1,260,0,0,1,260,California
Yuba,2020-12-26,14,274,13,261,1,13,0,0,14,274,0,0,14,274,California
Yuba,2020-12-27,15,289,15,276,0,13,0,0,15,289,0,0,15,289,California
Yuba,2020-12-28,51,340,35,311,16,29,0,0,51,340,0,0,51,340,California
Yuba,2020-12-29,74,414,10,321,64,93,0,0,74,414,0,0,74,414,California
Yuba,2020-12-30,63,477,20,341,43,136,0,0,63,477,0,0,63,477,California
Yuba,2020-12-31,39,516,6,347,33,169,0,0,39,516,0,0,39,516,California
Yuba,2021-01-02,20,536,19,366,1,170,0,0,20,536,0,0,20,536,California
Yuba,2021-01-03,10,546,6,372,4,174,0,0,10,546,0,0,10,546,California
Yuba,2021-01-04,93,639,23,395,70,244,0,0,93,639,0,0,93,639,California
Yuba,2021-01-05,71,710,39,434,32,276,0,0,70,708,1,1,70,709,California
Yuba,2021-01-06,153,863,76,510,77,353,0,0,147,849,6,7,147,856,California
Yuba,2021-01-07,74,937,18,528,56,409,0,0,71,916,4,11,71,927,California
Yuba,2021-01-08,73,1010,23,551,50,459,0,0,66,975,7,18,66,993,California
Yuba,2021-01-09,19,1029,16,567,3,462,0,0,11,978,8,26,11,1004,California
Yuba,2021-01-10,117,1146,22,589,95,557,0,0,95,1051,22,48,95,1099,California
Yuba,2021-01-11,73,1219,50,639,23,580,0,0,33,1044,40,88,33,1132,California
Yuba,2021-01-12,109,1328,78,717,31,611,0,0,44,1023,65,153,44,1176,California
Yuba,2021-01-13,119,1447,72,789,47,658,0,0,54,1013,64,217,54,1230,California
Yuba,2021-01-14,114,1561,44,833,70,728,0,0,102,1103,12,229,102,1332,California
Yuba,2021-01-15,205,1766,86,919,119,847,0,0,195,1288,10,239,195,1527,California
Yuba,2021-01-16,189,1955,22,941,167,1014,0,0,176,1450,14,253,176,1703,California
Yuba,2021-01-17,13,1968,9,950,4,1018,0,0,7,1451,6,259,7,1710,California
Yuba,2021-01-18,61,2029,32,982,29,1047,0,0,36,1462,25,284,36,1746,California
Yuba,2021-01-19,81,2110,30,1012,51,1098,0,0,66,1513,15,299,66,1812,California
Yuba,2021-01-20,133,2243,86,1098,47,1145,0,0,110,1600,23,322,110,1922,California
Yuba,2021-01-21,221,2464,103,1201,118,1263,0,0,212,1803,9,331,212,2134,California
Yuba,2021-01-22,107,2571,7,1208,100,1363,0,0,98,1892,9,340,98,2232,California
Yuba,2021-01-23,198,2769,7,1215,191,1554,0,0,196,2086,2,342,196,2428,California
Yuba,2021-01-24,10,2779,7,1222,3,1557,0,0,8,2092,2,344,8,2436,California
Yuba,2021-01-25,86,2865,30,1252,56,1613,0,0,53,2113,32,376,53,2489,California
Yuba,2021-01-26,148,3013,40,1292,108,1721,0,0,91,2147,57,433,91,2580,California
Yuba,2021-01-27,184,3197,129,1421,55,1776,0,0,117,2197,67,500,117,2697,California
Yuba,2021-01-28,228,3425,89,1510,139,1915,0,0,178,2325,50,550,178,2875,California
Yuba,2021-01-29,149,3574,45,1555,104,2019,0,0,111,2398,38,588,111,2986,California
Yuba,2021-01-30,407,3981,23,1578,384,2403,0,0,396,2783,11,599,396,3382,California
Yuba,2021-01-31,18,3999,12,1590,6,2409,0,0,16,2797,2,601,16,3398,California
Yuba,2021-02-01,156,4155,75,1665,81,2490,0,0,131,2905,24,625,132,3530,California
Yuba,2021-02-02,127,4282,22,1687,105,2595,0,0,103,2984,24,649,103,3633,California
Yuba,2021-02-03,230,4512,30,1717,200,2795,0,0,116,2987,113,762,116,3749,California
Yuba,2021-02-04,298,4810,120,1837,178,2973,0,0,253,3195,45,807,253,4002,California
Yuba,2021-02-05,148,4958,32,1869,116,3089,0,0,71,3189,77,884,71,4073,California
Yuba,2021-02-06,453,5411,26,1895,427,3516,0,0,445,3626,8,892,445,4518,California
Yuba,2021-02-07,20,5431,13,1908,7,3523,0,0,16,3638,4,896,16,4534,California
Yuba,2021-02-08,98,5529,35,1943,63,3586,0,0,66,3672,32,928,66,4600,California
Yuba,2021-02-09,156,5685,56,1999,100,3686,0,0,85,3686,71,999,85,4685,California
Yuba,2021-02-10,362,6047,176,2175,186,3872,0,0,122,3570,238,1237,122,4807,California
Yuba,2021-02-11,404,6451,67,2242,337,4209,0,0,301,3770,101,1338,301,5108,California
Yuba,2021-02-12,271,6722,28,2270,243,4452,0,0,153,3805,118,1456,153,5261,California
Yuba,2021-02-13,438,7160,36,2306,402,4854,0,0,387,4141,51,1507,387,5648,California
Yuba,2021-02-14,52,7212,10,2316,42,4896,0,0,47,4183,5,1512,47,5695,California
Yuba,2021-02-15,91,7303,36,2352,55,4951,0,0,71,4234,20,1532,71,5766,California
Yuba,2021-02-16,202,7505,55,2407,147,5098,0,0,143,4318,59,1591,143,5909,California
Yuba,2021-02-17,380,7885,158,2565,222,5320,0,0,101,4141,278,1869,101,6010,California
Yuba,2021-02-18,326,8211,49,2614,277,5597,0,0,198,4211,128,1997,198,6208,California
Yuba,2021-02-19,231,8442,82,2696,149,5746,0,0,144,4269,86,2083,144,6352,California
Yuba,2021-02-20,397,8839,30,2726,367,6113,0,0,339,4550,58,2141,339,6691,California
Yuba,2021-02-21,24,8863,14,2740,10,6123,0,0,14,4554,10,2151,14,6705,California
Yuba,2021-02-22,131,8994,82,2822,49,6172,0,0,38,4499,93,2244,38,6743,California
Yuba,2021-02-23,131,9125,28,2850,103,6275,0,0,54,4478,76,2320,55,6798,California
Yuba,2021-02-24,498,9623,143,2993,355,6630,0,0,112,4204,386,2706,112,6910,California
Yuba,2021-02-25,364,9987,145,3138,219,6849,0,0,224,4288,140,2846,224,7134,California
Yuba,2021-02-26,266,10253,70,3208,196,7045,0,0,147,4318,117,2963,147,7281,California
Yuba,2021-02-27,474,10727,47,3255,427,7472,0,0,386,4618,86,3049,386,7667,California
Yuba,2021-02-28,72,10799,23,3278,49,7521,0,0,48,4642,24,3073,48,7715,California
Yuba,2021-03-01,164,10963,43,3321,121,7642,0,0,83,4645,80,3153,83,7798,California
Yuba,2021-03-02,160,11123,36,3357,124,7766,0,0,80,4645,80,3233,80,7878,California
Yuba,2021-03-03,627,11750,158,3515,469,8235,0,0,199,4417,427,3660,199,8077,California
Yuba,2021-03-04,471,12221,274,3789,197,8432,0,0,327,4601,143,3803,327,8404,California
Yuba,2021-03-05,326,12547,60,3849,265,8697,1,1,258,4792,68,3871,259,8663,California
Yuba,2021-03-06,476,13023,35,3884,437,9134,4,5,369,5059,106,3977,373,9036,California
Yuba,2021-03-07,57,13080,28,3912,27,9161,2,7,41,5086,16,3993,43,9079,California
Yuba,2021-03-08,160,13240,48,3960,96,9257,16,23,100,5142,60,4053,116,9195,California
Yuba,2021-03-09,182,13422,49,4009,113,9370,20,43,86,5152,96,4149,106,9301,California
Yuba,2021-03-10,738,14160,234,4243,474,9844,30,73,233,4910,505,4654,263,9564,California
Yuba,2021-03-11,441,14601,199,4442,230,10074,12,85,296,5073,145,4799,308,9872,California
Yuba,2021-03-12,467,15068,87,4529,327,10401,53,138,155,4969,312,5111,208,10080,California
Yuba,2021-03-13,464,15532,338,4867,111,10512,15,153,364,5249,99,5210,379,10459,California
Yuba,2021-03-14,107,15639,20,4887,77,10589,10,163,46,5246,59,5269,56,10515,California
Yuba,2021-03-15,196,15835,50,4937,130,10719,16,179,99,5264,97,5366,115,10630,California
Yuba,2021-03-16,298,16133,74,5011,200,10919,24,203,185,5361,112,5478,209,10839,California
Yuba,2021-03-17,750,16883,165,5176,554,11473,31,234,193,5031,554,6032,224,11063,California
Yuba,2021-03-18,586,17469,161,5337,312,11785,113,347,352,5261,234,6266,464,11527,California
Yuba,2021-03-19,331,17800,119,5456,158,11943,54,401,183,5349,148,6414,236,11763,California
Yuba,2021-03-20,555,18355,81,5537,456,12399,18,419,475,5763,79,6493,493,12256,California
Yuba,2021-03-21,62,18417,36,5573,26,12425,0,419,42,5785,20,6513,42,12298,California
Yuba,2021-03-22,191,18608,70,5643,114,12539,7,426,149,5899,42,6555,156,12454,California
Yuba,2021-03-23,266,18874,79,5722,159,12698,28,454,175,6013,89,6644,203,12657,California
Yuba,2021-03-24,769,19643,253,5975,435,13133,81,535,185,5697,582,7226,266,12923,California
Yuba,2021-03-25,505,20148,269,6244,214,13347,22,557,248,5710,257,7483,270,13193,California
Yuba,2021-03-26,400,20548,143,6387,228,13575,29,586,226,5792,173,7656,255,13448,California
Yuba,2021-03-27,464,21012,28,6415,433,14008,3,589,409,6149,54,7710,411,13859,California
Yuba,2021-03-28,102,21114,42,6457,56,14064,4,593,34,6119,68,7778,38,13897,California
Yuba,2021-03-29,297,21411,87,6544,178,14242,32,625,179,6212,118,7896,211,14108,California
Yuba,2021-03-30,274,21685,70,6614,196,14438,8,633,189,6324,85,7981,197,14305,California
Yuba,2021-03-31,677,22362,115,6729,551,14989,11,644,244,6148,431,8412,255,14560,California
Yuba,2021-04-01,630,22992,291,7020,309,15298,30,674,292,6132,338,8750,322,14882,California
Yuba,2021-04-02,505,23497,96,7116,326,15624,83,757,188,6086,316,9066,270,15152,California
Yuba,2021-04-03,653,24150,55,7171,116,15740,482,1239,87,6090,565,9631,569,15721,California
Yuba,2021-04-04,59,24209,10,7181,42,15782,7,1246,31,6100,28,9659,38,15759,California
Yuba,2021-04-05,250,24459,79,7260,149,15931,22,1268,124,6121,124,9783,145,15904,California
Yuba,2021-04-06,360,24819,116,7376,183,16114,61,1329,174,6170,185,9968,234,16138,California
Yuba,2021-04-07,787,25606,408,7784,327,16441,52,1381,360,6157,424,10392,411,16549,California
Yuba,2021-04-08,753,26359,291,8075,197,16638,265,1646,279,6227,473,10865,543,17092,California
Yuba,2021-04-09,406,26765,172,8247,167,16805,67,1713,172,6233,233,11098,239,17331,California
Yuba,2021-04-10,605,27370,73,8320,82,16887,450,2163,72,6223,531,11629,521,17852,California
Yuba,2021-04-11,102,27472,24,8344,66,16953,12,2175,43,6220,58,11687,55,17907,California
Yuba,2021-04-12,213,27685,46,8390,137,17090,30,2205,80,6197,132,11819,109,18016,California
Yuba,2021-04-13,399,28084,103,8493,296,17386,0,2205,201,6201,197,12016,201,18217,California
Yuba,2021-04-14,719,28803,110,8603,609,17995,0,2205,130,5743,588,12604,130,18347,California
Yuba,2021-04-15,344,29147,134,8737,210,18205,0,2205,150,5699,194,12798,150,18497,California
Yuba,2021-04-16,342,29489,101,8838,241,18446,0,2205,181,5721,159,12957,181,18678,California
Yuba,2021-04-17,407,29896,60,8898,347,18793,0,2205,335,5985,71,13028,335,19013,California
Yuba,2021-04-18,65,29961,20,8918,45,18838,0,2205,33,5987,31,13059,33,19046,California
Yuba,2021-04-19,245,30206,102,9020,143,18981,0,2205,104,5950,141,13200,104,19150,California
Yuba,2021-04-20,341,30547,103,9123,238,19219,0,2205,187,5987,151,13351,188,19338,California
Yuba,2021-04-21,740,31287,322,9445,418,19637,0,2205,321,5889,419,13770,321,19659,California
Yuba,2021-04-22,375,31662,154,9599,221,19858,0,2205,208,5930,167,13937,208,19867,California
Yuba,2021-04-23,364,32026,127,9726,237,20095,0,2205,174,5916,188,14125,174,20041,California
Yuba,2021-04-24,217,32243,69,9795,148,20243,0,2205,123,5945,94,14219,123,20164,California
Yuba,2021-04-25,75,32318,30,9825,45,20288,0,2205,35,5940,40,14259,35,20199,California
Yuba,2021-04-26,249,32567,66,9891,179,20467,4,2209,114,5923,135,14394,118,20317,California
Yuba,2021-04-27,489,33056,173,10064,306,20773,10,2219,242,5930,245,14639,252,20569,California
Yuba,2021-04-28,449,33505,188,10252,256,21029,5,2224,155,5801,289,14928,160,20729,California
Yuba,2021-04-29,455,33960,89,10341,365,21394,1,2225,162,5672,292,15220,163,20892,California
Yuba,2021-04-30,348,34308,108,10449,210,21604,30,2255,151,5658,195,15415,181,21073,California
Yuba,2021-05-01,209,34517,92,10541,98,21702,19,2274,95,5659,113,15528,114,21187,California
Yuba,2021-05-02,70,34587,39,10580,27,21729,4,2278,38,5669,32,15560,42,21229,California
Yuba,2021-05-03,165,34752,66,10646,90,21819,9,2287,51,5617,112,15672,60,21289,California
Yuba,2021-05-04,340,35092,107,10753,212,22031,21,2308,151,5600,189,15861,172,21461,California
Yuba,2021-05-05,333,35425,96,10849,230,22261,7,2315,116,5506,217,16078,123,21584,California
Yuba,2021-05-06,303,35728,126,10975,139,22400,38,2353,102,5448,198,16276,140,21724,California
Yuba,2021-05-07,363,36091,100,11075,235,22635,28,2381,119,5351,243,16519,146,21870,California
Yuba,2021-05-08,130,36221,56,11131,71,22706,3,2384,55,5334,75,16594,58,21928,California
Yuba,2021-05-09,56,36277,25,11156,28,22734,3,2387,34,5349,22,16616,37,21965,California
Yuba,2021-05-10,174,36451,57,11213,99,22833,18,2405,54,5302,119,16735,72,22037,California
Yuba,2021-05-11,389,36840,178,11391,197,23030,14,2419,143,5214,244,16979,156,22193,California
Yuba,2021-05-12,276,37116,145,11536,123,23153,8,2427,103,5152,173,17152,111,22304,California
Yuba,2021-05-13,368,37484,199,11735,125,23278,44,2471,113,5057,252,17404,157,22461,California
Yuba,2021-05-14,368,37852,139,11874,209,23487,20,2491,154,5016,214,17618,173,22634,California
Yuba,2021-05-15,437,38289,113,11987,303,23790,21,2512,113,4827,322,17940,133,22767,California
Yuba,2021-05-16,151,38440,52,12039,90,23880,9,2521,95,4876,55,17995,104,22871,California
Yuba,2021-05-17,216,38656,89,12128,107,23987,20,2541,89,4860,125,18120,109,22980,California
Yuba,2021-05-18,394,39050,163,12291,222,24209,9,2550,165,4805,229,18349,174,23154,California
Yuba,2021-05-19,261,39311,145,12436,110,24319,6,2556,129,4808,132,18481,135,23289,California
Yuba,2021-05-20,432,39743,305,12741,115,24434,12,2568,259,4907,172,18653,271,23560,California
Yuba,2021-05-21,518,40261,272,13013,238,24672,8,2576,307,5013,209,18862,315,23875,California
Yuba,2021-05-22,229,40490,123,13136,97,24769,9,2585,95,4983,134,18996,104,23979,California
Yuba,2021-05-23,73,40563,41,13177,30,24799,2,2587,37,4987,35,19031,39,24018,California
Yuba,2021-05-24,165,40728,55,13232,93,24892,17,2604,49,4939,115,19146,67,24085,California
Yuba,2021-05-25,316,41044,110,13342,189,25081,17,2621,112,4865,202,19348,128,24213,California
Yuba,2021-05-26,232,41276,100,13442,116,25197,16,2637,85,4820,146,19494,101,24314,California
Yuba,2021-05-27,246,41522,76,13518,158,25355,12,2649,97,4782,147,19641,109,24423,California
Yuba,2021-05-28,246,41768,109,13627,130,25485,7,2656,116,4777,128,19769,123,24546,California
Yuba,2021-05-29,165,41933,67,13694,76,25561,22,2678,87,4809,77,19846,109,24655,California
Yuba,2021-05-30,52,41985,22,13716,25,25586,5,2683,21,4804,31,19877,26,24681,California
Yuba,2021-05-31,29,42014,3,13719,19,25605,7,2690,10,4802,19,19896,17,24698,California
Yuba,2021-06-01,247,42261,108,13827,132,25737,7,2697,84,4733,159,20055,90,24788,California
Yuba,2021-06-02,201,42462,82,13909,112,25849,7,2704,60,4661,140,20195,68,24856,California
Yuba,2021-06-03,179,42641,105,14014,68,25917,6,2710,63,4615,115,20310,69,24925,California
Yuba,2021-06-04,243,42884,119,14133,113,26030,11,2721,80,4543,162,20472,90,25015,California
Yuba,2021-06-05,200,43084,151,14284,43,26073,6,2727,90,4530,109,20581,96,25111,California
Yuba,2021-06-06,111,43195,94,14378,14,26087,3,2730,22,4467,88,20669,25,25136,California
Yuba,2021-06-07,114,43309,47,14425,51,26138,16,2746,35,4439,79,20748,51,25187,California
Yuba,2021-06-08,246,43555,115,14540,124,26262,7,2753,72,4346,172,20920,79,25266,California
Yuba,2021-06-09,171,43726,103,14643,62,26324,6,2759,72,4326,98,21018,78,25344,California
Yuba,2021-06-10,378,44104,302,14945,67,26391,9,2768,92,4143,284,21302,101,25445,California
Yuba,2021-06-11,329,44433,235,15180,82,26473,12,2780,65,3957,264,21566,78,25523,California
Yuba,2021-06-12,133,44566,90,15270,37,26510,6,2786,36,3902,97,21663,42,25565,California
Yuba,2021-06-13,47,44613,21,15291,23,26533,3,2789,12,3883,34,21697,15,25580,California
Yuba,2021-06-14,115,44728,55,15346,50,26583,10,2799,34,3847,80,21777,44,25624,California
Yuba,2021-06-15,241,44969,99,15445,134,26717,8,2807,90,3797,148,21925,98,25722,California
Yuba,2021-06-16,155,45124,94,15539,51,26768,10,2817,74,3803,78,22003,84,25806,California
Yuba,2021-06-17,195,45319,114,15653,69,26837,12,2829,83,3786,112,22115,95,25901,California
Yuba,2021-06-18,222,45541,110,15763,90,26927,22,2851,70,3728,150,22265,92,25993,California
Yuba,2021-06-19,136,45677,67,15830,62,26989,7,2858,33,3665,103,22368,40,26033,California
Yuba,2021-06-20,33,45710,19,15849,11,27000,3,2861,13,3661,20,22388,16,26049,California
Yuba,2021-06-21,87,45797,38,15887,40,27040,9,2870,41,3668,42,22430,49,26098,California
Yuba,2021-06-22,174,45971,73,15960,89,27129,12,2882,69,3645,103,22533,80,26178,California
Yuba,2021-06-23,127,46098,71,16031,43,27172,13,2895,52,3635,74,22607,64,26242,California
Yuba,2021-06-24,135,46233,81,16112,47,27219,7,2902,58,3623,77,22684,65,26307,California
Yuba,2021-06-25,169,46402,97,16209,63,27282,9,2911,82,3627,87,22771,91,26398,California
Yuba,2021-06-26,133,46535,106,16315,26,27308,1,2912,44,3584,88,22859,45,26443,California
Yuba,2021-06-27,66,46601,44,16359,20,27328,2,2914,36,3592,30,22889,38,26481,California
Yuba,2021-06-28,61,46662,33,16392,24,27352,4,2918,27,3589,34,22923,31,26512,California
Yuba,2021-06-29,162,46824,86,16478,67,27419,9,2927,61,3559,100,23023,70,26582,California
Yuba,2021-06-30,138,46962,79,16557,52,27471,7,2934,71,3570,67,23090,78,26660,California
Yuba,2021-07-01,120,47082,81,16638,31,27502,8,2942,44,3547,75,23165,52,26712,California
Yuba,2021-07-02,125,47207,52,16690,57,27559,16,2958,40,3518,85,23250,56,26768,California
Yuba,2021-07-03,63,47270,44,16734,19,27578,0,2958,34,3523,29,23279,34,26802,California
Yuba,2021-07-04,6,47276,3,16737,3,27581,0,2958,3,3523,3,23282,3,26805,California
Yuba,2021-07-05,65,47341,43,16780,17,27598,5,2963,35,3533,30,23312,40,26845,California
Yuba,2021-07-06,173,47514,94,16874,65,27663,14,2977,64,3508,103,23415,78,26923,California
Yuba,2021-07-07,141,47655,93,16967,37,27700,11,2988,55,3489,85,23500,66,26989,California
Yuba,2021-07-08,149,47804,87,17054,43,27743,19,3007,57,3473,92,23592,76,27065,California
Yuba,2021-07-09,159,47963,93,17147,52,27795,14,3021,79,3486,80,23672,93,27158,California
Yuba,2021-07-10,52,48015,34,17181,18,27813,0,3021,36,3506,16,23688,36,27194,California
