county,administered_date,total_doses,cumulative_total_doses,pfizer_doses,cumulative_pfizer_doses,moderna_doses,cumulative_moderna_doses,jj_doses,cumulative_jj_doses,partially_vaccinated,total_partially_vaccinated,fully_vaccinated,cumulative_fully_vaccinated,at_least_one_dose,cumulative_at_least_one_dose,california_flag
All CA Counties,2020-12-15,1135,1135,1135,1135,0,0,0,0,1135,1135,0,0,1135,1135,
All CA Counties,2020-12-16,8124,9259,8124,9259,0,0,0,0,8124,9259,0,0,8124,9259,
All CA Counties,2020-12-17,25736,34995,25736,34995,0,0,0,0,25738,34997,0,0,25738,34997,
All CA Counties,2020-12-18,43774,78769,43718,78713,56,56,0,0,43775,78772,0,0,43775,78772,
All CA Counties,2020-12-19,25216,103985,25193,103906,23,79,0,0,25215,103986,1,1,25215,103987,
All CA Counties,2020-12-20,18954,122939,18927,122833,27,106,0,0,18953,122938,1,2,18953,122940,
All CA Counties,2020-12-21,49559,172498,49477,172310,82,188,0,0,49562,172499,1,3,49562,172502,
All CA Counties,2020-12-22,49881,222379,47769,220079,2112,2300,0,0,49879,222377,1,4,49879,222381,
All CA Counties,2020-12-23,50288,272667,41571,261650,8717,11017,0,0,50284,272661,0,4,50284,272665,
All CA Counties,2020-12-24,24028,296695,16327,277977,7701,18718,0,0,24025,296685,1,5,24025,296690,
All CA Counties,2020-12-25,2335,299030,2014,279991,321,19039,0,0,2335,299020,0,5,2335,299025,
All CA Counties,2020-12-26,14615,313645,9438,289429,5177,24216,0,0,14614,313633,1,6,14614,313639,
All CA Counties,2020-12-27,9395,323040,5568,294997,3827,28043,0,0,9394,323026,1,7,9394,323033,
All CA Counties,2020-12-28,45688,368728,29293,324290,16395,44438,0,0,45686,368709,3,10,45686,368719,
All CA Counties,2020-12-29,51072,419800,28529,352819,22543,66981,0,0,51068,419774,3,13,51068,419787,
All CA Counties,2020-12-30,62975,482775,35657,388476,27318,94299,0,0,62969,482740,3,16,62969,482756,
All CA Counties,2020-12-31,29318,512093,10853,399329,18465,112764,0,0,29310,512045,5,21,29310,512066,
All CA Counties,2021-01-01,4046,516139,1793,401122,2253,115017,0,0,4042,516084,3,24,4042,516108,
All CA Counties,2021-01-02,18494,534633,10259,411381,8235,123252,0,0,18493,534577,0,24,18493,534601,
All CA Counties,2021-01-03,6163,540796,3491,414872,2672,125924,0,0,6134,540699,12,36,6134,540735,
All CA Counties,2021-01-04,43550,584346,22085,436957,21465,147389,0,0,43471,584128,42,78,43471,584206,
All CA Counties,2021-01-05,56360,640706,29668,466625,26692,174081,0,0,50917,629747,5387,5465,51006,635212,
All CA Counties,2021-01-06,73285,713991,40460,507085,32825,206906,0,0,57977,672625,15130,20595,58008,693220,
All CA Counties,2021-01-07,91835,805826,52211,559296,39624,246530,0,0,61293,703587,30377,50972,61339,754559,
All CA Counties,2021-01-08,106502,912328,64008,623304,42494,289024,0,0,65433,728142,40938,91910,65493,820052,
All CA Counties,2021-01-09,44201,956529,25463,648767,18738,307762,0,0,27712,739412,16467,108377,27737,847789,
All CA Counties,2021-01-10,24280,980809,14834,663601,9446,317208,0,0,13055,741275,11209,119586,13072,860861,
All CA Counties,2021-01-11,104280,1085089,69387,732988,34893,352101,0,0,60539,758280,43702,163288,60707,921568,
All CA Counties,2021-01-12,112629,1197718,66500,799488,46129,398230,0,0,71665,789288,40885,204173,71893,993461,
All CA Counties,2021-01-13,118669,1316387,61429,860917,57240,455470,0,0,85031,840845,33553,237726,85110,1078571,
All CA Counties,2021-01-14,123423,1439810,49548,910465,73875,529345,0,0,103883,925445,19436,257162,104036,1182607,
All CA Counties,2021-01-15,141786,1581596,52106,962571,89680,619025,0,0,126763,1037477,14931,272093,126963,1309570,
All CA Counties,2021-01-16,80382,1661978,27392,989963,52990,672015,0,0,72851,1102871,7505,279598,72899,1382469,
All CA Counties,2021-01-17,48072,1710050,16799,1006762,31273,703288,0,0,44438,1143729,3626,283224,44484,1426953,
All CA Counties,2021-01-18,87706,1797756,45644,1052406,42062,745350,0,0,68549,1193362,19077,302301,68710,1495663,
All CA Counties,2021-01-19,141641,1939397,73460,1125866,68181,813531,0,0,110545,1273219,31003,333304,110860,1606523,
All CA Counties,2021-01-20,159340,2098737,81391,1207257,77949,891480,0,0,125874,1366086,33252,366556,126119,1732642,
All CA Counties,2021-01-21,172891,2271628,76753,1284010,96138,987618,0,0,153863,1501464,18823,385379,154201,1886843,
All CA Counties,2021-01-22,169120,2440748,69085,1353095,100035,1087653,0,0,154859,1642357,14131,399510,155024,2041867,
All CA Counties,2021-01-23,111086,2551834,49458,1402553,61628,1149281,0,0,98522,1728491,12505,412015,98639,2140506,
All CA Counties,2021-01-24,60929,2612763,29501,1432054,31428,1180709,0,0,56291,1780230,4606,416621,56345,2196851,
All CA Counties,2021-01-25,144034,2756797,64990,1497044,79044,1259753,0,0,109278,1855225,34634,451255,109629,2306480,
All CA Counties,2021-01-26,167828,2924625,82480,1579524,85348,1345101,0,0,130657,1949097,37043,488298,130915,2437395,
All CA Counties,2021-01-27,179794,3104419,88039,1667563,91755,1436856,0,0,140551,2051014,38838,527136,140755,2578150,
All CA Counties,2021-01-28,187078,3291497,86143,1753706,100935,1537791,0,0,153206,2170826,33587,560723,153399,2731549,
All CA Counties,2021-01-29,182794,3474291,88022,1841728,94772,1632563,0,0,148352,2285454,33878,594601,148506,2880055,
All CA Counties,2021-01-30,122788,3597079,55184,1896912,67604,1700167,0,0,107776,2378517,14850,609451,107913,2987968,
All CA Counties,2021-01-31,69253,3666332,38952,1935864,30301,1730468,0,0,64168,2437701,5037,614488,64221,3052189,
All CA Counties,2021-02-01,158432,3824764,73024,2008888,85408,1815876,0,0,120206,2519958,38079,652567,120336,3172525,
All CA Counties,2021-02-02,185879,4010643,79527,2088415,106352,1922228,0,0,140061,2614776,45461,698028,140279,3312804,
All CA Counties,2021-02-03,210169,4220812,95071,2183486,115098,2037326,0,0,156143,2717629,53525,751553,156378,3469182,
All CA Counties,2021-02-04,227723,4448535,99980,2283466,127743,2165069,0,0,167056,2824914,60122,811675,167407,3636589,
All CA Counties,2021-02-05,245638,4694173,106447,2389913,139191,2304260,0,0,166984,2914510,77895,889570,167491,3804080,
All CA Counties,2021-02-06,154614,4848787,74798,2464711,79816,2384076,0,0,119921,3000394,34524,924094,120408,3924488,
All CA Counties,2021-02-07,66744,4915531,43171,2507882,23573,2407649,0,0,50307,3034802,16348,940442,50756,3975244,
All CA Counties,2021-02-08,180126,5095657,88457,2596339,91669,2499318,0,0,118939,3093732,60732,1001174,119662,4094906,
All CA Counties,2021-02-09,210680,5306337,101714,2698053,108966,2608284,0,0,126463,3137560,83765,1084939,127593,4222499,
All CA Counties,2021-02-10,248134,5554471,119752,2817805,128382,2736666,0,0,137916,3167544,109388,1194327,139372,4361871,
All CA Counties,2021-02-11,263837,5818308,130718,2948523,133119,2869785,0,0,144806,3196161,117960,1312287,146577,4508448,
All CA Counties,2021-02-12,271465,6089773,118987,3067510,152478,3022263,0,0,146666,3221207,123969,1436256,149015,4657463,
All CA Counties,2021-02-13,166483,6256256,77111,3144621,89372,3111635,0,0,92043,3241171,74017,1510273,93981,4751444,
All CA Counties,2021-02-14,95308,6351564,47511,3192132,47797,3159432,0,0,51629,3250813,43523,1553796,53165,4804609,
All CA Counties,2021-02-15,141731,6493295,62342,3254474,79389,3238821,0,0,78429,3269426,62929,1616725,81542,4886151,
All CA Counties,2021-02-16,248126,6741421,117729,3372203,130397,3369218,0,0,132956,3290649,114800,1731525,136023,5022174,
All CA Counties,2021-02-17,257922,6999343,128339,3500542,129583,3498801,0,0,128543,3293529,128848,1860373,131728,5153902,
All CA Counties,2021-02-18,271773,7271116,141811,3642353,129962,3628763,0,0,131897,3290427,139170,1999543,136068,5289970,
All CA Counties,2021-02-19,251751,7522867,146081,3788434,105670,3734433,0,0,130091,3301404,121172,2120715,132149,5422119,
All CA Counties,2021-02-20,152301,7675168,97656,3886090,54645,3789078,0,0,83909,3319139,68133,2188848,85868,5507987,
All CA Counties,2021-02-21,73431,7748599,59433,3945523,13998,3803076,0,0,35851,3319183,37338,2226186,37382,5545369,
All CA Counties,2021-02-22,162970,7911569,109312,4054835,53658,3856734,0,0,81697,3321625,80950,2307136,83392,5628761,
All CA Counties,2021-02-23,222108,8133677,116750,4171585,105358,3962092,0,0,103093,3312229,118447,2425583,109051,5737812,
All CA Counties,2021-02-24,281298,8414975,141960,4313545,139338,4101430,0,0,134165,3307399,146510,2572093,141680,5879492,
All CA Counties,2021-02-25,317498,8732473,155563,4469108,161935,4263365,0,0,166509,3332083,150317,2722410,175001,6054493,
All CA Counties,2021-02-26,351050,9083523,163303,4632411,187747,4451112,0,0,196788,3382738,153354,2875764,204009,6258502,
All CA Counties,2021-02-27,246817,9330340,118427,4750838,128372,4579484,18,18,139408,3419719,106827,2982591,143808,6402310,
All CA Counties,2021-02-28,130071,9460411,77748,4828586,52320,4631804,3,21,75992,3444905,53640,3036231,78826,6481136,
All CA Counties,2021-03-01,236903,9697314,125612,4954198,111222,4743026,69,90,137031,3486779,99194,3135425,141068,6622204,
All CA Counties,2021-03-02,276003,9973317,134264,5088462,141722,4884748,17,107,164342,3546805,111185,3246610,171211,6793415,
All CA Counties,2021-03-03,327928,10301245,161862,5250324,166023,5050771,43,150,188422,3603678,138848,3385458,195721,6989136,
All CA Counties,2021-03-04,346924,10648169,174584,5424908,172253,5223024,87,237,203294,3671133,142907,3528365,210362,7199498,
All CA Counties,2021-03-05,332431,10980600,161348,5586256,169967,5392991,1116,1353,206019,3759844,125628,3653993,214339,7413837,
All CA Counties,2021-03-06,255670,11236270,130373,5716629,117503,5510494,7794,9147,158428,3833901,96837,3750830,170894,7584731,
All CA Counties,2021-03-07,124506,11360776,75667,5792296,44771,5555265,4068,13215,77444,3872182,46886,3797716,85167,7669898,
All CA Counties,2021-03-08,215581,11576357,103703,5895999,101506,5656771,10372,23587,140594,3953481,74614,3872330,155913,7825811,
All CA Counties,2021-03-09,266989,11843346,115983,6011982,135180,5791951,15826,39413,144165,3995164,122356,3994686,164039,7989850,
All CA Counties,2021-03-10,314044,12157390,154003,6165985,135721,5927672,24320,63733,168663,4047563,144743,4139429,197142,8186992,
All CA Counties,2021-03-11,374521,12531911,181126,6347111,160171,6087843,33224,96957,192662,4096721,180948,4320377,230106,8417098,
All CA Counties,2021-03-12,389858,12921769,173103,6520214,170740,6258583,46015,142972,190855,4139380,198240,4518617,240899,8657997,
All CA Counties,2021-03-13,278828,13200597,122105,6642319,125754,6384337,30969,173941,150111,4196434,128279,4646896,185333,8843330,
All CA Counties,2021-03-14,152716,13353313,81528,6723847,56316,6440653,14872,188813,82281,4225685,70168,4717064,99419,8942749,
All CA Counties,2021-03-15,287881,13641194,137030,6860877,130484,6571137,20367,209180,157380,4277009,129795,4846859,181119,9123868,
All CA Counties,2021-03-16,367224,14008418,171940,7032817,178171,6749308,17113,226293,214949,4360696,151568,4998427,235255,9359123,
All CA Counties,2021-03-17,379794,14388212,187333,7220150,174106,6923414,18355,244648,235999,4474554,143028,5141455,256886,9616009,
All CA Counties,2021-03-18,396936,14785148,202647,7422797,176524,7099938,17765,262413,238092,4574680,157803,5299258,257929,9873938,
All CA Counties,2021-03-19,404760,15189908,211676,7634473,171711,7271649,21373,283786,237541,4669281,166288,5465546,260889,10134827,
All CA Counties,2021-03-20,290164,15480072,152060,7786533,122416,7394065,15688,299474,186362,4769594,103175,5568721,203488,10338315,
All CA Counties,2021-03-21,141367,15621439,97251,7883784,36728,7430793,7388,306862,89233,4815755,51807,5620528,97968,10436283,
All CA Counties,2021-03-22,270631,15892070,157303,8041087,102364,7533157,10964,317826,178679,4917139,91253,5711781,192637,10628920,
All CA Counties,2021-03-23,354318,16246388,194462,8235549,149030,7682187,10826,328652,227663,5032386,125803,5837584,241050,10869970,
All CA Counties,2021-03-24,383612,16630000,219510,8455059,151938,7834125,12164,340816,226138,5116459,156320,5993904,240393,11110363,
All CA Counties,2021-03-25,413492,17043492,227436,8682495,171648,8005773,14408,355224,238439,5197630,173833,6167737,255004,11365367,
All CA Counties,2021-03-26,429081,17472573,228827,8911322,184470,8190243,15784,371008,237297,5262897,190650,6358387,255917,11621284,
All CA Counties,2021-03-27,307862,17780435,163319,9074641,133119,8323362,11424,382432,158541,5286540,148560,6506947,172203,11793487,
All CA Counties,2021-03-28,166326,17946761,106186,9180827,56569,8379931,3571,386003,90902,5307918,74998,6581945,96376,11889863,
All CA Counties,2021-03-29,306823,18253584,165332,9346159,132938,8512869,8553,394556,174765,5362350,131363,6713308,185795,12075658,
All CA Counties,2021-03-30,394272,18647856,199221,9545380,177292,8690161,17759,412315,239671,5467675,153890,6867198,259215,12334873,
All CA Counties,2021-03-31,420743,19068599,228461,9773841,171064,8861225,21218,433533,241608,5553325,178227,7045425,263877,12598750,
All CA Counties,2021-04-01,485019,19553618,248620,10022461,197270,9058495,39129,472662,269456,5648726,214464,7259889,309865,12908615,
All CA Counties,2021-04-02,465939,20019557,227219,10249680,196765,9255260,41955,514617,254409,5736448,210401,7470290,298123,13206738,
All CA Counties,2021-04-03,324692,20344249,164877,10414557,119374,9374634,40441,555058,163291,5780580,160823,7631113,204955,13411693,
All CA Counties,2021-04-04,131789,20476038,68719,10483276,44167,9418801,18903,573961,58837,5785801,72694,7703807,77915,13489608,
All CA Counties,2021-04-05,349581,20825619,180010,10663286,130417,9549218,39154,613115,173866,5826149,175106,7878913,215454,13705062,
All CA Counties,2021-04-06,454158,21279777,230489,10893775,158698,9707916,64971,678086,221995,5883721,231324,8110237,288896,13993958,
All CA Counties,2021-04-07,467103,21746880,242891,11136666,155020,9862936,69192,747278,229428,5946547,236822,8347059,299648,14293606,
All CA Counties,2021-04-08,493454,22240334,249414,11386080,160704,10023640,83336,830614,233782,6007263,258647,8605706,319363,14612969,
All CA Counties,2021-04-09,487493,22727827,242820,11628900,165779,10189419,78894,909508,226110,6054876,260428,8866134,308041,14921010,
All CA Counties,2021-04-10,362396,23090223,166283,11795183,122938,10312357,73175,982683,153533,6076045,208203,9074337,229372,15150382,
All CA Counties,2021-04-11,185983,23276206,104392,11899575,47716,10360073,33875,1016558,77848,6082762,107823,9182160,114540,15264922,
All CA Counties,2021-04-12,336482,23612688,172939,12072514,125897,10485970,37646,1054204,156917,6102116,178702,9360862,198056,15462978,
All CA Counties,2021-04-13,429147,24041835,240322,12312836,187902,10673872,923,1055127,240623,6159011,187626,9548488,244521,15707499,
All CA Counties,2021-04-14,445358,24487193,250281,12563117,194803,10868675,274,1055401,234044,6187505,210268,9758756,238762,15946261,
All CA Counties,2021-04-15,487235,24974428,283948,12847065,203051,11071726,236,1055637,274057,6252693,211859,9970615,277047,16223308,
All CA Counties,2021-04-16,470248,25444676,265565,13112630,204380,11276106,303,1055940,252043,6290299,217120,10187735,254726,16478034,
All CA Counties,2021-04-17,337159,25781835,189086,13301716,148032,11424138,41,1055981,192351,6341677,144116,10331851,195494,16673528,
All CA Counties,2021-04-18,153157,25934992,97387,13399103,55755,11479893,15,1055996,79388,6350641,73411,10405262,82375,16755903,
All CA Counties,2021-04-19,315657,26250649,182620,13581723,132952,11612845,85,1056081,149872,6337470,164978,10570240,151807,16907710,
All CA Counties,2021-04-20,403168,26653817,215018,13796741,188094,11800939,56,1056137,201376,6341077,200854,10771094,204461,17112171,
All CA Counties,2021-04-21,416590,27070407,236706,14033447,179629,11980568,255,1056392,201171,6331393,214156,10985250,204472,17316643,
All CA Counties,2021-04-22,442224,27512631,252842,14286289,189309,12169877,73,1056465,197773,6289225,243152,11228402,200984,17517627,
All CA Counties,2021-04-23,433122,27945753,247875,14534164,185164,12355041,83,1056548,197082,6254886,234760,11463162,200421,17718048,
All CA Counties,2021-04-24,319853,28265606,202560,14736724,117135,12472176,158,1056706,163083,6265426,155899,11619061,166439,17884487,
All CA Counties,2021-04-25,148317,28413923,97865,14834589,50387,12522563,65,1056771,79681,6278330,68240,11687301,81144,17965631,
All CA Counties,2021-04-26,277815,28691738,163443,14998032,112938,12635501,1434,1058205,120575,6248272,156386,11843687,126328,18091959,
All CA Counties,2021-04-27,345734,29037472,192663,15190695,147713,12783214,5358,1063563,139283,6190458,205440,12049127,147626,18239585,
All CA Counties,2021-04-28,344564,29382036,197710,15388405,139119,12922333,7735,1071298,140119,6137081,203505,12252632,150128,18389713,
All CA Counties,2021-04-29,353253,29735289,204230,15592635,141278,13063611,7745,1079043,127441,6049299,224786,12477418,137004,18526717,
All CA Counties,2021-04-30,366682,30101971,210999,15803634,146985,13210596,8698,1087741,138997,5972292,226596,12704014,149589,18676306,
All CA Counties,2021-05-01,244618,30346589,156579,15960213,82045,13292641,5994,1093735,89033,5914597,154927,12858941,97232,18773538,
All CA Counties,2021-05-02,115139,30461728,80202,16040415,31122,13323763,3815,1097550,40650,5885302,74126,12933067,44831,18818369,
All CA Counties,2021-05-03,249600,30711328,154373,16194788,86621,13410384,8606,1106156,75523,5796992,173316,13106383,85006,18903375,
All CA Counties,2021-05-04,322732,31034060,196914,16391702,116213,13526597,9605,1115761,95206,5676386,226561,13332944,105955,19009330,
All CA Counties,2021-05-05,325995,31360055,202975,16594677,113130,13639727,9890,1125651,91620,5545588,233264,13566208,102466,19111796,
All CA Counties,2021-05-06,344214,31704269,225348,16820025,108577,13748304,10289,1135940,87814,5391265,254908,13821116,100585,19212381,
All CA Counties,2021-05-07,339670,32043939,213456,17033481,116513,13864817,9701,1145641,92470,5248699,245955,14067071,103389,19315770,
All CA Counties,2021-05-08,221858,32265797,140754,17174235,74455,13939272,6649,1152290,60975,5157817,159890,14226961,69008,19384778,
All CA Counties,2021-05-09,92866,32358663,69766,17244001,20125,13959397,2975,1155265,25470,5119726,66960,14293921,28869,19413647,
All CA Counties,2021-05-10,197232,32555895,112837,17356838,76759,14036156,7636,1162901,49186,5030590,147206,14441127,58070,19471717,
All CA Counties,2021-05-11,254338,32810233,143093,17499931,103352,14139508,7893,1170794,67154,4920923,186345,14627472,76678,19548395,
All CA Counties,2021-05-12,244926,33055159,141431,17641362,95543,14235051,7952,1178746,66756,4819364,177266,14804738,75707,19624102,
All CA Counties,2021-05-13,259043,33314202,162973,17804335,89817,14324868,6253,1184999,93804,4756930,164371,14969109,101937,19726039,
All CA Counties,2021-05-14,208367,33522569,133279,17937614,69121,14393989,5967,1190966,71887,4699694,135783,15104892,78547,19804586,
All CA and Non-CA Counties,2020-12-15,1142,1142,1142,1142,0,0,0,0,1142,1142,0,0,1142,1142,
All CA and Non-CA Counties,2020-12-16,8392,9534,8392,9534,0,0,0,0,8392,9534,0,0,8392,9534,
All CA and Non-CA Counties,2020-12-17,27336,36870,27336,36870,0,0,0,0,27336,36870,0,0,27336,36870,
All CA and Non-CA Counties,2020-12-18,46337,83207,46274,83144,63,63,0,0,46337,83207,0,0,46337,83207,
All CA and Non-CA Counties,2020-12-19,26334,109541,26310,109454,24,87,0,0,26333,109539,1,1,26333,109540,
All CA and Non-CA Counties,2020-12-20,19651,129192,19621,129075,30,117,0,0,19650,129188,1,2,19650,129190,
All CA and Non-CA Counties,2020-12-21,51745,180937,51660,180735,85,202,0,0,51743,180930,1,3,51743,180933,
All CA and Non-CA Counties,2020-12-22,51941,232878,49756,230491,2185,2387,0,0,51939,232868,1,4,51939,232872,
All CA and Non-CA Counties,2020-12-23,51804,284682,42953,273444,8851,11238,0,0,51800,284668,0,4,51800,284672,
All CA and Non-CA Counties,2020-12-24,24831,309513,16938,290382,7893,19131,0,0,24828,309495,1,5,24828,309500,
All CA and Non-CA Counties,2020-12-25,2368,311881,2043,292425,325,19456,0,0,2368,311863,0,5,2368,311868,
All CA and Non-CA Counties,2020-12-26,14922,326803,9642,302067,5280,24736,0,0,14921,326783,1,6,14921,326789,
All CA and Non-CA Counties,2020-12-27,9584,336387,5641,307708,3943,28679,0,0,9583,336365,1,7,9583,336372,
All CA and Non-CA Counties,2020-12-28,47104,383491,30190,337898,16914,45593,0,0,47101,383463,3,10,47101,383473,
All CA and Non-CA Counties,2020-12-29,52622,436113,29546,367444,23076,68669,0,0,52618,436078,3,13,52618,436091,
All CA and Non-CA Counties,2020-12-30,64952,501065,36941,404385,28011,96680,0,0,64944,501019,3,16,64944,501035,
All CA and Non-CA Counties,2020-12-31,30437,531502,11451,415836,18986,115666,0,0,30427,531440,6,22,30427,531462,
All CA and Non-CA Counties,2021-01-01,4157,535659,1816,417652,2341,118007,0,0,4153,535590,3,25,4153,535615,
All CA and Non-CA Counties,2021-01-02,18732,554391,10390,428042,8342,126349,0,0,18730,554319,1,26,18730,554345,
All CA and Non-CA Counties,2021-01-03,6331,560722,3580,431622,2751,129100,0,0,6302,560609,12,38,6302,560647,
All CA and Non-CA Counties,2021-01-04,44703,605425,22603,454225,22100,151200,0,0,44618,605184,43,81,44618,605265,
All CA and Non-CA Counties,2021-01-05,57901,663326,30480,484705,27421,178621,0,0,52268,651966,5576,5657,52358,657623,
All CA and Non-CA Counties,2021-01-06,76019,739345,42083,526788,33936,212557,0,0,59955,696069,15883,21540,59986,717609,
All CA and Non-CA Counties,2021-01-07,96081,835426,54848,581636,41233,253790,0,0,63850,727903,32064,53604,63898,781507,
All CA and Non-CA Counties,2021-01-08,111039,946465,66946,648582,44093,297883,0,0,68073,753214,42825,96429,68136,849643,
All CA and Non-CA Counties,2021-01-09,45521,991986,25992,674574,19529,317412,0,0,28708,765158,16791,113220,28735,878378,
All CA and Non-CA Counties,2021-01-10,24584,1016570,15016,689590,9568,326980,0,0,13238,767083,11330,124550,13255,891633,
All CA and Non-CA Counties,2021-01-11,107602,1124172,71416,761006,36186,363166,0,0,62529,784747,45033,169583,62697,954330,
All CA and Non-CA Counties,2021-01-12,116513,1240685,68819,829825,47694,410860,0,0,74009,816566,42420,212003,74239,1028569,
All CA and Non-CA Counties,2021-01-13,122368,1363053,63245,893070,59123,469983,0,0,87557,869478,34727,246730,87639,1116208,
All CA and Non-CA Counties,2021-01-14,127155,1490208,50822,943892,76333,546316,0,0,106976,956547,20062,266792,107131,1223339,
All CA and Non-CA Counties,2021-01-15,146050,1636258,53102,996994,92948,639264,0,0,130561,1071924,15384,282176,130761,1354100,
All CA and Non-CA Counties,2021-01-16,83080,1719338,27779,1024773,55301,694565,0,0,75380,1139680,7672,289848,75428,1429528,
All CA and Non-CA Counties,2021-01-17,48570,1767908,16952,1041725,31618,726183,0,0,44887,1180938,3675,293523,44933,1474461,
All CA and Non-CA Counties,2021-01-18,88958,1856866,46467,1088192,42491,768674,0,0,69343,1230909,19534,313057,69505,1543966,
All CA and Non-CA Counties,2021-01-19,145693,2002559,74798,1162990,70895,839569,0,0,113706,1313040,31893,344950,114024,1657990,
All CA and Non-CA Counties,2021-01-20,163804,2166363,82876,1245866,80928,920497,0,0,129356,1408410,34232,379182,129602,1787592,
All CA and Non-CA Counties,2021-01-21,177074,2343437,77931,1323797,99143,1019640,0,0,157485,1546862,19371,398553,157823,1945415,
All CA and Non-CA Counties,2021-01-22,173771,2517208,70193,1393990,103578,1123218,0,0,159115,1691621,14522,413075,159281,2104696,
All CA and Non-CA Counties,2021-01-23,113345,2630553,49795,1443785,63550,1186768,0,0,100619,1779690,12667,425742,100736,2205432,
All CA and Non-CA Counties,2021-01-24,61534,2692087,29748,1473533,31786,1218554,0,0,56820,1831881,4683,430425,56874,2262306,
All CA and Non-CA Counties,2021-01-25,148513,2840600,66965,1540498,81548,1300102,0,0,112889,1909624,35498,465923,113241,2375547,
All CA and Non-CA Counties,2021-01-26,173860,3014460,85461,1625959,88399,1388501,0,0,135846,2007847,37888,503811,136111,2511658,
All CA and Non-CA Counties,2021-01-27,184627,3199087,90731,1716690,93896,1482397,0,0,144768,2113370,39450,543261,144973,2656631,
All CA and Non-CA Counties,2021-01-28,192515,3391602,89172,1805862,103343,1585740,0,0,158058,2237457,34164,577425,158251,2814882,
All CA and Non-CA Counties,2021-01-29,187876,3579478,91260,1897122,96616,1682356,0,0,152655,2355611,34657,612082,152811,2967693,
All CA and Non-CA Counties,2021-01-30,127297,3706775,57649,1954771,69648,1752004,0,0,112061,2452735,15075,627157,112199,3079892,
All CA and Non-CA Counties,2021-01-31,72428,3779203,41709,1996480,30719,1782723,0,0,67286,2514981,5094,632251,67340,3147232,
All CA and Non-CA Counties,2021-02-01,163939,3943142,75619,2072099,88320,1871043,0,0,125007,2601339,38779,671030,125137,3272369,
All CA and Non-CA Counties,2021-02-02,192703,4135845,81763,2153862,110940,1981983,0,0,146156,2701531,46182,717212,146374,3418743,
All CA and Non-CA Counties,2021-02-03,217538,4353383,97201,2251063,120337,2102320,0,0,162631,2810001,54397,771609,162867,3581610,
All CA and Non-CA Counties,2021-02-04,234589,4587972,102219,2353282,132370,2234690,0,0,172925,2922168,61110,832719,173277,3754887,
All CA and Non-CA Counties,2021-02-05,252474,4840446,108695,2461977,143779,2378469,0,0,172748,3016457,78966,911685,173255,3928142,
All CA and Non-CA Counties,2021-02-06,159106,4999552,77004,2538981,82102,2460571,0,0,123946,3105908,34985,946670,124436,4052578,
All CA and Non-CA Counties,2021-02-07,69013,5068565,45055,2584036,23958,2484529,0,0,52497,3142429,16427,963097,52948,4105526,
All CA and Non-CA Counties,2021-02-08,185590,5254155,91951,2675987,93639,2578168,0,0,123304,3204636,61820,1024917,124027,4229553,
All CA and Non-CA Counties,2021-02-09,215039,5469194,103701,2779688,111338,2689506,0,0,129500,3250204,85076,1109993,130644,4360197,
All CA and Non-CA Counties,2021-02-10,253776,5722970,121722,2901410,132054,2821560,0,0,141093,3280951,111845,1221838,142592,4502789,
All CA and Non-CA Counties,2021-02-11,268720,5991690,133018,3034428,135702,2957262,0,0,148333,3311767,119306,1341144,150122,4652911,
All CA and Non-CA Counties,2021-02-12,276745,6268435,120973,3155401,155772,3113034,0,0,150107,3338422,125805,1466949,152460,4805371,
All CA and Non-CA Counties,2021-02-13,168924,6437359,77836,3233237,91088,3204122,0,0,93941,3359750,74563,1541512,95891,4901262,
All CA and Non-CA Counties,2021-02-14,96659,6534018,47932,3281169,48727,3252849,0,0,52737,3370263,43762,1585274,54275,4955537,
All CA and Non-CA Counties,2021-02-15,144286,6678304,63894,3345063,80392,3333241,0,0,79658,3388798,64240,1649514,82775,5038312,
All CA and Non-CA Counties,2021-02-16,254648,6932952,120705,3465768,133943,3467184,0,0,135597,3408798,118670,1768184,138670,5176982,
All CA and Non-CA Counties,2021-02-17,263819,7196771,131281,3597049,132538,3599722,0,0,130374,3409453,132908,1901092,133563,5310545,
All CA and Non-CA Counties,2021-02-18,278257,7475028,145599,3742648,132658,3732380,0,0,133951,3403994,143582,2044674,138123,5448668,
All CA and Non-CA Counties,2021-02-19,257658,7732686,150232,3892880,107426,3839806,0,0,132552,3413993,124612,2169286,134611,5583279,
All CA and Non-CA Counties,2021-02-20,155620,7888306,100315,3993195,55305,3895111,0,0,85116,3430830,70239,2239525,87076,5670355,
All CA and Non-CA Counties,2021-02-21,75259,7963565,61045,4054240,14214,3909325,0,0,36485,3430318,38528,2278053,38016,5708371,
All CA and Non-CA Counties,2021-02-22,166432,8129997,111845,4166085,54587,3963912,0,0,83317,3432545,82790,2360843,85017,5793388,
All CA and Non-CA Counties,2021-02-23,228001,8357998,120028,4286113,107973,4071885,0,0,105410,3421912,122015,2482858,111382,5904770,
All CA and Non-CA Counties,2021-02-24,287654,8645652,145462,4431575,142192,4214077,0,0,136657,3415720,150369,2633227,144177,6048947,
All CA and Non-CA Counties,2021-02-25,324468,8970120,159102,4590677,165366,4379443,0,0,169659,3439769,154106,2787333,178155,6227102,
All CA and Non-CA Counties,2021-02-26,357892,9328012,166931,4757608,190961,4570404,0,0,199976,3490039,156928,2944261,207198,6434300,
All CA and Non-CA Counties,2021-02-27,252150,9580162,121016,4878624,131115,4701519,19,19,141267,3525420,110290,3054551,145671,6579971,
All CA and Non-CA Counties,2021-02-28,132518,9712680,79533,4958157,52981,4754500,4,23,76792,3549765,55283,3109834,79628,6659599,
All CA and Non-CA Counties,2021-03-01,241688,9954368,128581,5086738,113037,4867537,70,93,138361,3589529,102640,3212474,142404,6802003,
All CA and Non-CA Counties,2021-03-02,282221,10236589,136294,5223032,145910,5013447,17,110,166235,3647138,115497,3327971,173106,6975109,
All CA and Non-CA Counties,2021-03-03,335700,10572289,164839,5387871,170816,5184263,45,155,191021,3701456,144008,3471979,198326,7173435,
All CA and Non-CA Counties,2021-03-04,353721,10926010,177485,5565356,176145,5360408,91,246,205661,3766870,147321,3619300,212735,7386170,
All CA and Non-CA Counties,2021-03-05,337497,11263507,163805,5729161,172562,5532970,1130,1376,208631,3855760,128082,3747382,216972,7603142,
All CA and Non-CA Counties,2021-03-06,260273,11523780,132495,5861656,119827,5652797,7951,9327,160763,3930051,99103,3846485,173394,7776536,
All CA and Non-CA Counties,2021-03-07,126066,11649846,76647,5938303,45298,5698095,4121,13448,78386,3968711,47503,3893988,86163,7862699,
All CA and Non-CA Counties,2021-03-08,218625,11868471,105476,6043779,102531,5800626,10618,24066,142724,4051507,75500,3969488,158296,8020995,
All CA and Non-CA Counties,2021-03-09,271306,12139777,118031,6161810,137126,5937752,16149,40215,146605,4094079,124230,4093718,166802,8187797,
All CA and Non-CA Counties,2021-03-10,318255,12458032,155937,6317747,137487,6075239,24831,65046,171209,4147885,146400,4240118,200206,8388003,
All CA and Non-CA Counties,2021-03-11,380690,12838722,184261,6502008,162513,6237752,33916,98962,195980,4198211,183791,4423909,234117,8622120,
All CA and Non-CA Counties,2021-03-12,396261,13234983,176934,6678942,172583,6410335,46744,145706,194353,4242203,201135,4625044,245127,8867247,
All CA and Non-CA Counties,2021-03-13,282568,13517551,124251,6803193,126882,6537217,31435,177141,152701,4301173,129422,4754466,188392,9055639,
All CA and Non-CA Counties,2021-03-14,154485,13672036,82434,6885627,56853,6594070,15198,192339,83331,4331082,70886,4825352,100795,9156434,
All CA and Non-CA Counties,2021-03-15,291830,13963866,139058,7024685,131960,6726030,20812,213151,159475,4383099,131646,4956998,183663,9340097,
All CA and Non-CA Counties,2021-03-16,374730,14338596,176302,7200987,180944,6906974,17484,230635,219164,4468081,154856,5111854,239838,9579935,
All CA and Non-CA Counties,2021-03-17,388168,14726764,192714,7393701,176731,7083705,18723,249358,241047,4584037,146347,5258201,262303,9842238,
All CA and Non-CA Counties,2021-03-18,405111,15131875,207654,7601355,179168,7262873,18289,267647,242849,4686034,161213,5419414,263210,10105448,
All CA and Non-CA Counties,2021-03-19,412042,15543917,215984,7817339,174148,7437021,21910,289557,241944,4782700,169166,5588580,265832,10371280,
All CA and Non-CA Counties,2021-03-20,294877,15838794,155134,7972473,123970,7560991,15773,305330,189986,4885641,104256,5692836,207197,10578477,
All CA and Non-CA Counties,2021-03-21,143389,15982183,98617,8071090,37297,7598288,7475,312805,90854,4933112,52205,5745041,99676,10678153,
All CA and Non-CA Counties,2021-03-22,273884,16256067,159259,8230349,103574,7701862,11051,323856,180927,5035838,92246,5837287,194972,10873125,
All CA and Non-CA Counties,2021-03-23,360317,16616384,197515,8427864,151699,7853561,11103,334959,231870,5153792,127581,5964868,245535,11118660,
All CA and Non-CA Counties,2021-03-24,390880,17007264,223241,8651105,155052,8008613,12587,347546,231237,5241223,158482,6123350,245913,11364573,
All CA and Non-CA Counties,2021-03-25,421728,17428992,231287,8882392,175546,8184159,14895,362441,244488,5326756,176007,6299357,261540,11626113,
All CA and Non-CA Counties,2021-03-26,435691,17864683,232301,9114693,187430,8371589,15960,378401,241799,5394619,192731,6492088,260594,11886707,
All CA and Non-CA Counties,2021-03-27,313198,18177881,166372,9281065,135294,8506883,11532,389933,161983,5419921,150449,6642537,175751,12062458,
All CA and Non-CA Counties,2021-03-28,169362,18347243,107790,9388855,57843,8564726,3729,393662,92934,5442491,75996,6718533,98566,12161024,
All CA and Non-CA Counties,2021-03-29,311902,18659145,167584,9556439,135432,8700158,8886,402548,177776,5498206,133426,6851959,189141,12350165,
All CA and Non-CA Counties,2021-03-30,401065,19060210,202795,9759234,179967,8880125,18303,420851,243889,5605735,156455,7008414,263984,12614149,
All CA and Non-CA Counties,2021-03-31,426977,19487187,232199,9991433,172798,9052923,21980,442831,245115,5692929,180949,7189363,268143,12882292,
All CA and Non-CA Counties,2021-04-01,492415,19979602,253065,10244498,199599,9252522,39751,482582,273766,5790179,217542,7406905,314792,13197084,
All CA and Non-CA Counties,2021-04-02,474290,20453892,231625,10476123,199577,9452099,43088,525670,258780,5879430,214375,7621280,303626,13500710,
All CA and Non-CA Counties,2021-04-03,330779,20784671,168489,10644612,120704,9572803,41586,567256,166484,5925015,163710,7784990,209295,13710005,
All CA and Non-CA Counties,2021-04-04,133579,20918250,69590,10714202,44849,9617652,19140,586396,59835,5930678,73485,7858475,79148,13789153,
All CA and Non-CA Counties,2021-04-05,353650,21271900,182026,10896228,131820,9749472,39804,626200,175839,5971559,177197,8035672,218078,14007231,
All CA and Non-CA Counties,2021-04-06,461076,21732976,234218,11130446,160329,9909801,66529,692729,224814,6029417,235411,8271083,293269,14300500,
All CA and Non-CA Counties,2021-04-07,474879,22207855,247213,11377659,156809,10066610,70857,763586,232617,6092502,241407,8512490,304492,14604992,
All CA and Non-CA Counties,2021-04-08,501295,22709150,253496,11631155,162561,10229171,85238,848824,236992,6153697,263273,8775763,324468,14929460,
All CA and Non-CA Counties,2021-04-09,494768,23203918,246508,11877663,167450,10396621,80810,929634,229012,6201762,264796,9040559,312861,15242321,
All CA and Non-CA Counties,2021-04-10,368459,23572377,169343,12047006,124095,10520716,75021,1004655,155273,6222191,212525,9253084,232954,15475275,
All CA and Non-CA Counties,2021-04-11,188809,23761186,105926,12152932,48374,10569090,34509,1039164,78870,6228764,109624,9362708,116197,15591472,
All CA and Non-CA Counties,2021-04-12,340377,24101563,175046,12327978,127149,10696239,38182,1077346,158672,6248272,180838,9543546,200346,15791818,
All CA and Non-CA Counties,2021-04-13,434714,24536277,243841,12571819,189927,10886166,946,1078292,243422,6305223,190392,9733938,247343,16039161,
All CA and Non-CA Counties,2021-04-14,450486,24986763,253459,12825278,196750,11082916,277,1078569,236815,6334139,212620,9946558,241536,16280697,
All CA and Non-CA Counties,2021-04-15,493127,25479890,287504,13112782,205380,11288296,243,1078812,277231,6399837,214531,10161089,280229,16560926,
All CA and Non-CA Counties,2021-04-16,476122,25956012,268905,13381687,206907,11495203,310,1079122,255358,6438215,219672,10380761,258050,16818976,
All CA and Non-CA Counties,2021-04-17,342370,26298382,192164,13573851,150164,11645367,42,1079164,195324,6490337,146346,10527107,198468,17017444,
All CA and Non-CA Counties,2021-04-18,155247,26453629,98548,13672399,56683,11702050,16,1079180,80385,6499210,74501,10601608,83374,17100818,
All CA and Non-CA Counties,2021-04-19,319848,26773477,184631,13857030,135131,11837181,86,1079266,152088,6486281,166955,10768563,154026,17254844,
All CA and Non-CA Counties,2021-04-20,408547,27182024,217480,14074510,191011,12028192,56,1079322,203621,6489001,203986,10972549,206706,17461550,
All CA and Non-CA Counties,2021-04-21,422935,27604959,239350,14313860,183327,12211519,258,1079580,203473,6477577,218202,11190751,206778,17668328,
All CA and Non-CA Counties,2021-04-22,449267,28054226,256598,14570458,192593,12404112,76,1079656,200618,6434035,247375,11438126,203833,17872161,
All CA and Non-CA Counties,2021-04-23,439227,28493453,251071,14821529,188072,12592184,84,1079740,199826,6399067,238136,11676262,203168,18075329,
All CA and Non-CA Counties,2021-04-24,324800,28818253,206008,15027537,118630,12710814,162,1079902,165338,6409182,158586,11834848,168701,18244030,
All CA and Non-CA Counties,2021-04-25,150503,28968756,99163,15126700,51273,12762087,67,1079969,80822,6422189,69282,11904130,82289,18326319,
All CA and Non-CA Counties,2021-04-26,281512,29250268,165123,15291823,114933,12877020,1456,1081425,122287,6391887,158364,12062494,128062,18454381,
All CA and Non-CA Counties,2021-04-27,351017,29601285,194559,15486382,150810,13027830,5648,1087073,141313,6333152,208686,12271180,149951,18604332,
All CA and Non-CA Counties,2021-04-28,349507,29950792,199851,15686233,141524,13169354,8132,1095205,142148,6279300,206408,12477588,152556,18756888,
All CA and Non-CA Counties,2021-04-29,358219,30309011,206529,15892762,143513,13312867,8177,1103382,129425,6190972,227749,12705337,139421,18896309,
All CA and Non-CA Counties,2021-04-30,371678,30680689,213465,16106227,149084,13461951,9129,1112511,140997,6113412,229581,12934918,152021,19048330,
All CA and Non-CA Counties,2021-05-01,247871,30928560,158506,16264733,82942,13544893,6423,1118934,90418,6055670,156787,13091705,99045,19147375,
All CA and Non-CA Counties,2021-05-02,117022,31045582,81299,16346032,31784,13576677,3939,1122873,41518,6026354,75139,13166844,45823,19193198,
All CA and Non-CA Counties,2021-05-03,252612,31298194,156139,16502171,87587,13664264,8886,1131759,76800,5937871,175046,13341890,86563,19279761,
All CA and Non-CA Counties,2021-05-04,326975,31625169,199339,16701510,117586,13781850,10050,1141809,96973,5817006,229031,13570921,108166,19387927,
All CA and Non-CA Counties,2021-05-05,330620,31955789,205700,16907210,114662,13896512,10258,1152067,93546,5685815,235954,13806875,104763,19492690,
All CA and Non-CA Counties,2021-05-06,348723,32304512,228194,17135404,109905,14006417,10624,1162691,89695,5531084,257531,14064406,102800,19595490,
All CA and Non-CA Counties,2021-05-07,344483,32648995,216327,17351731,118077,14124494,10079,1172770,94417,5387988,248811,14313217,105715,19701205,
All CA and Non-CA Counties,2021-05-08,225431,32874426,143215,17494946,75319,14199813,6897,1179667,62518,5296930,161858,14475075,70800,19772005,
All CA and Non-CA Counties,2021-05-09,94256,32968682,70659,17565605,20494,14220307,3103,1182770,26065,5258786,67735,14542810,29591,19801596,
All CA and Non-CA Counties,2021-05-10,199884,33168566,114055,17679660,77868,14298175,7961,1190731,50233,5169438,148792,14691602,59444,19861040,
All CA and Non-CA Counties,2021-05-11,257261,33425827,144560,17824220,104530,14402705,8171,1198902,68392,5059605,188028,14879630,78195,19939235,
All CA and Non-CA Counties,2021-05-12,247997,33673824,142940,17967160,96790,14499495,8267,1207169,68091,4957964,178997,15058627,77356,20016591,
All CA and Non-CA Counties,2021-05-13,262461,33936285,165053,18132213,90942,14590437,6466,1213635,95330,4895386,166255,15224882,103677,20120268,
All CA and Non-CA Counties,2021-05-14,210840,34147125,134790,18267003,69891,14660328,6159,1219794,72878,4837852,137262,15362144,79728,20199996,
Outside California,2020-12-15,7,7,7,7,0,0,0,0,7,7,0,0,7,7,Not in California
Outside California,2020-12-16,268,275,268,275,0,0,0,0,268,275,0,0,268,275,Not in California
Outside California,2020-12-17,1598,1873,1598,1873,0,0,0,0,1598,1873,0,0,1598,1873,Not in California
Outside California,2020-12-18,2554,4427,2547,4420,7,7,0,0,2554,4427,0,0,2554,4427,Not in California
Outside California,2020-12-19,1037,5464,1036,5456,1,8,0,0,1037,5464,0,0,1037,5464,Not in California
Outside California,2020-12-20,673,6137,670,6126,3,11,0,0,673,6137,0,0,673,6137,Not in California
Outside California,2020-12-21,2181,8318,2178,8304,3,14,0,0,2181,8318,0,0,2181,8318,Not in California
Outside California,2020-12-22,2056,10374,1983,10287,73,87,0,0,2056,10374,0,0,2056,10374,Not in California
Outside California,2020-12-23,1516,11890,1382,11669,134,221,0,0,1516,11890,0,0,1516,11890,Not in California
Outside California,2020-12-24,803,12693,611,12280,192,413,0,0,803,12693,0,0,803,12693,Not in California
Outside California,2020-12-25,33,12726,29,12309,4,417,0,0,33,12726,0,0,33,12726,Not in California
Outside California,2020-12-26,306,13032,203,12512,103,520,0,0,306,13032,0,0,306,13032,Not in California
Outside California,2020-12-27,189,13221,73,12585,116,636,0,0,189,13221,0,0,189,13221,Not in California
Outside California,2020-12-28,1412,14633,893,13478,519,1155,0,0,1412,14633,0,0,1412,14633,Not in California
Outside California,2020-12-29,1547,16180,1014,14492,533,1688,0,0,1547,16180,0,0,1547,16180,Not in California
Outside California,2020-12-30,1918,18098,1228,15720,690,2378,0,0,1918,18098,0,0,1918,18098,Not in California
Outside California,2020-12-31,1117,19215,598,16318,519,2897,0,0,1116,19213,1,1,1116,19214,Not in California
Outside California,2021-01-01,111,19326,23,16341,88,2985,0,0,111,19324,0,1,111,19325,Not in California
Outside California,2021-01-02,237,19563,131,16472,106,3091,0,0,236,19559,1,2,236,19561,Not in California
Outside California,2021-01-03,168,19731,89,16561,79,3170,0,0,168,19727,0,2,168,19729,Not in California
Outside California,2021-01-04,1150,20881,515,17076,635,3805,0,0,1145,20871,1,3,1145,20874,Not in California
Outside California,2021-01-05,1540,22421,812,17888,728,4533,0,0,1349,22032,189,192,1350,22224,Not in California
Outside California,2021-01-06,2704,25125,1595,19483,1109,5642,0,0,1971,23273,730,922,1971,24195,Not in California
Outside California,2021-01-07,4136,29261,2530,22013,1606,7248,0,0,2485,24111,1649,2571,2487,26682,Not in California
Outside California,2021-01-08,4511,33772,2917,24930,1594,8842,0,0,2635,24883,1866,4437,2638,29320,Not in California
Outside California,2021-01-09,1317,35089,527,25457,790,9632,0,0,992,25553,324,4761,994,30314,Not in California
Outside California,2021-01-10,304,35393,182,25639,122,9754,0,0,183,25615,121,4882,183,30497,Not in California
Outside California,2021-01-11,3299,38692,2006,27645,1293,11047,0,0,1972,26260,1327,6209,1972,32469,Not in California
Outside California,2021-01-12,3874,42566,2311,29956,1563,12610,0,0,2336,27063,1534,7743,2337,34806,Not in California
Outside California,2021-01-13,3688,46254,1805,31761,1883,14493,0,0,2514,28406,1174,8917,2517,37323,Not in California
Outside California,2021-01-14,3728,49982,1271,33032,2457,16950,0,0,3089,30871,626,9543,3091,40414,Not in California
Outside California,2021-01-15,4259,54241,992,34024,3267,20217,0,0,3793,34211,453,9996,3793,44207,Not in California
Outside California,2021-01-16,2691,56932,380,34404,2311,22528,0,0,2523,36568,166,10162,2523,46730,Not in California
Outside California,2021-01-17,495,57427,150,34554,345,22873,0,0,446,36965,49,10211,446,47176,Not in California
Outside California,2021-01-18,1198,58625,769,35323,429,23302,0,0,742,37253,455,10666,743,47919,Not in California
Outside California,2021-01-19,4029,62654,1316,36639,2713,26015,0,0,3140,39507,889,11555,3143,51062,Not in California
Outside California,2021-01-20,4385,67039,1406,38045,2979,28994,0,0,3454,42034,928,12483,3455,54517,Not in California
Outside California,2021-01-21,4123,71162,1120,39165,3003,31997,0,0,3561,45048,547,13030,3561,58078,Not in California
Outside California,2021-01-22,4615,75777,1077,40242,3538,35535,0,0,4220,48878,391,13421,4221,62299,Not in California
Outside California,2021-01-23,2248,78025,332,40574,1916,37451,0,0,2086,50802,162,13583,2086,64385,Not in California
Outside California,2021-01-24,603,78628,245,40819,358,37809,0,0,526,51251,77,13660,526,64911,Not in California
Outside California,2021-01-25,4458,83086,1957,42776,2501,40310,0,0,3594,53985,861,14521,3595,68506,Not in California
Outside California,2021-01-26,5934,89020,2887,45663,3047,43357,0,0,5088,58235,845,15366,5095,73601,Not in California
Outside California,2021-01-27,4816,93836,2675,48338,2141,45498,0,0,4201,61826,611,15977,4202,77803,Not in California
Outside California,2021-01-28,5282,99118,2877,51215,2405,47903,0,0,4754,66063,517,16494,4754,82557,Not in California
Outside California,2021-01-29,4936,104054,3093,54308,1843,49746,0,0,4153,69440,778,17272,4155,86712,Not in California
Outside California,2021-01-30,4499,108553,2457,56765,2042,51788,0,0,4272,73489,224,17496,4273,90985,Not in California
Outside California,2021-01-31,3159,111712,2741,59506,418,52206,0,0,3102,76536,56,17552,3103,94088,Not in California
Outside California,2021-02-01,5471,117183,2561,62067,2910,55116,0,0,4780,80633,683,18235,4780,98868,Not in California
Outside California,2021-02-02,6754,123937,2168,64235,4586,59702,0,0,6032,85950,715,18950,6032,104900,Not in California
Outside California,2021-02-03,7320,131257,2085,66320,5235,64937,0,0,6451,91541,861,19811,6452,111352,Not in California
Outside California,2021-02-04,6805,138062,2183,68503,4622,69559,0,0,5814,96374,982,20793,5815,117167,Not in California
Outside California,2021-02-05,6813,144875,2232,70735,4581,74140,0,0,5745,101055,1064,21857,5745,122912,Not in California
Outside California,2021-02-06,4473,149348,2192,72927,2281,76421,0,0,4010,104614,454,22311,4013,126925,Not in California
Outside California,2021-02-07,2261,151609,1876,74803,385,76806,0,0,2184,106723,77,22388,2186,129111,Not in California
Outside California,2021-02-08,5411,157020,3444,78247,1967,78773,0,0,4351,110025,1049,23437,4351,133462,Not in California
Outside California,2021-02-09,4340,161360,1969,80216,2371,81144,0,0,3033,111776,1296,24733,3047,136509,Not in California
Outside California,2021-02-10,5607,166967,1940,82156,3667,84811,0,0,3168,112556,2431,27164,3211,139720,Not in California
Outside California,2021-02-11,4790,171757,2208,84364,2582,87393,0,0,3484,114763,1295,28459,3502,143222,Not in California
Outside California,2021-02-12,5239,176996,1953,86317,3286,90679,0,0,3425,116385,1807,30266,3429,146651,Not in California
Outside California,2021-02-13,2426,179422,722,87039,1704,92383,0,0,1881,117733,545,30811,1893,148544,Not in California
Outside California,2021-02-14,1344,180766,420,87459,924,93307,0,0,1103,118600,238,31049,1105,149649,Not in California
Outside California,2021-02-15,2511,183277,1514,88973,997,94304,0,0,1200,118506,1298,32347,1204,150853,Not in California
Outside California,2021-02-16,6417,189694,2880,91853,3537,97841,0,0,2609,117324,3797,36144,2615,153468,Not in California
Outside California,2021-02-17,5887,195581,2934,94787,2953,100794,0,0,1827,115100,4055,40199,1831,155299,Not in California
Outside California,2021-02-18,6379,201960,3688,98475,2691,103485,0,0,2035,112810,4326,44525,2036,157335,Not in California
Outside California,2021-02-19,5712,207672,3962,102437,1750,105235,0,0,2403,111910,3304,47829,2404,159739,Not in California
Outside California,2021-02-20,3308,210980,2654,105091,654,105889,0,0,1203,111013,2101,49930,1204,160943,Not in California
Outside California,2021-02-21,1810,212790,1594,106685,216,106105,0,0,630,110467,1176,51106,630,161573,Not in California
Outside California,2021-02-22,3453,216243,2524,109209,929,107034,0,0,1614,110249,1837,52943,1619,163192,Not in California
Outside California,2021-02-23,5830,222073,3227,112436,2603,109637,0,0,2302,109044,3521,56464,2316,165508,Not in California
Outside California,2021-02-24,6313,228386,3467,115903,2846,112483,0,0,2477,107695,3831,60295,2482,167990,Not in California
Outside California,2021-02-25,6895,235281,3480,119383,3415,115898,0,0,3123,107081,3741,64036,3127,171117,Not in California
Outside California,2021-02-26,6802,242083,3603,122986,3199,119097,0,0,3164,106687,3559,67595,3165,174282,Not in California
Outside California,2021-02-27,5304,247387,2573,125559,2730,121827,1,1,1838,105074,3455,71050,1842,176124,Not in California
Outside California,2021-02-28,2430,249817,1772,127331,657,122484,1,2,790,104228,1638,72688,792,176916,Not in California
Outside California,2021-03-01,4740,254557,2942,130273,1797,124281,1,3,1306,102114,3426,76114,1312,178228,Not in California
Outside California,2021-03-02,6199,260756,2023,132296,4176,128457,0,3,1881,99690,4307,80421,1883,180111,Not in California
Outside California,2021-03-03,7759,268515,2970,135266,4787,133244,2,5,2590,97129,5157,85578,2596,182707,Not in California
Outside California,2021-03-04,6744,275259,2852,138118,3888,137132,4,9,2345,95097,4383,89961,2351,185058,Not in California
Outside California,2021-03-05,5033,280292,2442,140560,2577,139709,14,23,2577,95247,2448,92409,2598,187656,Not in California
Outside California,2021-03-06,4571,284863,2111,142671,2305,142014,155,178,2312,95465,2257,94666,2475,190131,Not in California
Outside California,2021-03-07,1550,286413,979,143650,518,142532,53,231,935,95840,614,95280,989,191120,Not in California
Outside California,2021-03-08,3012,289425,1750,145400,1018,143550,244,475,2122,97352,861,96141,2373,193493,Not in California
Outside California,2021-03-09,4278,293703,2016,147416,1943,145493,319,794,2431,98259,1843,97984,2750,196243,Not in California
Outside California,2021-03-10,4202,297905,1928,149344,1765,147258,509,1303,2541,99664,1652,99636,3057,199300,Not in California
Outside California,2021-03-11,6132,304037,3122,152466,2332,149590,678,1981,3304,100825,2822,102458,3983,203283,Not in California
Outside California,2021-03-12,6321,310358,3775,156241,1822,151412,724,2705,3483,102202,2831,105289,4208,207491,Not in California
Outside California,2021-03-13,3716,314074,2142,158383,1112,152524,462,3167,2582,104122,1127,106416,3047,210538,Not in California
Outside California,2021-03-14,1751,315825,896,159279,531,153055,324,3491,1044,104783,707,107123,1368,211906,Not in California
Outside California,2021-03-15,3919,319744,2017,161296,1459,154514,443,3934,2075,105467,1838,108961,2522,214428,Not in California
Outside California,2021-03-16,7444,327188,4340,165636,2737,157251,367,4301,4173,106735,3269,112230,4537,218965,Not in California
Outside California,2021-03-17,8327,335515,5367,171003,2593,159844,367,4668,5008,108796,3315,115545,5376,224341,Not in California
Outside California,2021-03-18,8135,343650,4987,175990,2624,162468,524,5192,4729,110651,3398,118943,5253,229594,Not in California
Outside California,2021-03-19,7253,350903,4289,180279,2427,164895,537,5729,4379,112700,2870,121813,4919,234513,Not in California
Outside California,2021-03-20,4680,355583,3059,183338,1536,166431,85,5814,3604,115320,1069,122882,3689,238202,Not in California
Outside California,2021-03-21,1999,357582,1349,184687,563,166994,87,5901,1602,116614,395,123277,1689,239891,Not in California
Outside California,2021-03-22,3217,360799,1937,186624,1194,168188,86,5987,2230,117949,981,124258,2316,242207,Not in California
Outside California,2021-03-23,5976,366775,3044,189668,2660,170848,272,6259,4196,120651,1767,126025,4469,246676,Not in California
Outside California,2021-03-24,7242,374017,3722,193390,3097,173945,423,6682,5078,123993,2157,128182,5499,252175,Not in California
Outside California,2021-03-25,8188,382205,3817,197207,3884,177829,487,7169,6017,128337,2160,130342,6504,258679,Not in California
Outside California,2021-03-26,6573,388778,3454,200661,2948,180777,171,7340,4481,130923,2065,132407,4651,263330,Not in California
Outside California,2021-03-27,5296,394074,3039,203700,2149,182926,108,7448,3418,132578,1869,134276,3524,266854,Not in California
Outside California,2021-03-28,3020,397094,1595,205295,1267,184193,158,7606,2021,133763,994,135270,2179,269033,Not in California
Outside California,2021-03-29,5040,402134,2234,207529,2474,186667,332,7938,2987,135033,2051,137321,3321,272354,Not in California
Outside California,2021-03-30,6751,408885,3549,211078,2658,189325,544,8482,4191,137225,2550,139871,4742,277096,Not in California
Outside California,2021-03-31,6199,415084,3717,214795,1720,191045,762,9244,3484,138758,2710,142581,4243,281339,Not in California
Outside California,2021-04-01,7368,422452,4431,219226,2315,193360,622,9866,4288,140591,3072,145653,4905,286244,Not in California
Outside California,2021-04-02,8288,430740,4390,223616,2774,196134,1124,10990,4342,142116,3940,149593,5465,291709,Not in California
Outside California,2021-04-03,6068,436808,3603,227219,1320,197454,1145,12135,3183,143569,2877,152470,4330,296039,Not in California
Outside California,2021-04-04,1773,438581,867,228086,669,198123,237,12372,988,144007,785,153255,1223,297262,Not in California
Outside California,2021-04-05,4035,442616,1996,230082,1390,199513,649,13021,1955,144536,2076,155331,2605,299867,Not in California
Outside California,2021-04-06,6883,449499,3711,233793,1615,201128,1557,14578,2802,144823,4068,159399,4355,304222,Not in California
Outside California,2021-04-07,7737,457236,4295,238088,1777,202905,1665,16243,3152,145053,4577,163976,4807,309029,Not in California
Outside California,2021-04-08,7803,465039,4059,242147,1846,204751,1898,18141,3191,145531,4604,168580,5082,314111,Not in California
Outside California,2021-04-09,7235,472274,3663,245810,1656,206407,1916,20057,2875,145970,4354,172934,4793,318904,Not in California
Outside California,2021-04-10,6053,478327,3051,248861,1156,207563,1846,21903,1734,145231,4315,177249,3576,322480,Not in California
Outside California,2021-04-11,2811,481138,1523,250384,654,208217,634,22537,1017,145091,1792,179041,1652,324132,Not in California
Outside California,2021-04-12,3856,484994,2085,252469,1236,209453,535,23072,1737,145249,2113,181154,2271,326403,Not in California
Outside California,2021-04-13,5500,490494,3493,255962,1984,211437,23,23095,2767,145312,2727,183881,2790,329193,Not in California
Outside California,2021-04-14,5092,495586,3168,259130,1921,213358,3,23098,2761,145750,2326,186207,2764,331957,Not in California
Outside California,2021-04-15,5850,501436,3539,262669,2305,215663,6,23104,3156,146270,2643,188850,3163,335120,Not in California
Outside California,2021-04-16,5822,507258,3302,265971,2513,218176,7,23111,3284,147032,2531,191381,3293,338413,Not in California
Outside California,2021-04-17,5184,512442,3063,269034,2120,220296,1,23112,2966,147787,2211,193592,2966,341379,Not in California
Outside California,2021-04-18,2070,514512,1153,270187,916,221212,1,23113,987,147698,1078,194670,989,342368,Not in California
Outside California,2021-04-19,4155,518667,1989,272176,2165,223377,1,23114,2186,147928,1959,196629,2189,344557,Not in California
Outside California,2021-04-20,5353,524020,2447,274623,2906,226283,0,23114,2234,147050,3112,199741,2234,346791,Not in California
Outside California,2021-04-21,6307,530327,2628,277251,3676,229959,3,23117,2271,145305,4020,203761,2275,349066,Not in California
Outside California,2021-04-22,7020,537347,3742,280993,3275,233234,3,23120,2806,143910,4205,207966,2810,351876,Not in California
Outside California,2021-04-23,6071,543418,3181,284174,2889,236123,1,23121,2695,143245,3363,211329,2698,354574,Not in California
Outside California,2021-04-24,4906,548324,3425,287599,1477,237600,4,23125,2227,142805,2674,214003,2234,356808,Not in California
Outside California,2021-04-25,2163,550487,1289,288888,872,238472,2,23127,1129,142907,1031,215034,1133,357941,Not in California
Outside California,2021-04-26,3649,554136,1641,290529,1986,240458,22,23149,1678,142643,1964,216998,1700,359641,Not in California
Outside California,2021-04-27,5219,559355,1848,292377,3081,243539,290,23439,1985,141696,3227,220225,2280,361921,Not in California
Outside California,2021-04-28,4894,564249,2100,294477,2398,245937,396,23835,2008,141227,2875,223100,2406,364327,Not in California
Outside California,2021-04-29,4930,569179,2278,296755,2220,248157,432,24267,1972,140693,2939,226039,2405,366732,Not in California
Outside California,2021-04-30,4966,574145,2452,299207,2088,250245,426,24693,1985,140135,2970,229009,2412,369144,Not in California
Outside California,2021-05-01,3218,577363,1900,301107,890,251135,428,25121,1364,140080,1846,230855,1791,370935,Not in California
Outside California,2021-05-02,1869,579232,1090,302197,656,251791,123,25244,862,140060,1005,231860,985,371920,Not in California
Outside California,2021-05-03,2986,582218,1747,303944,961,252752,278,25522,1269,139895,1712,233572,1547,373467,Not in California
Outside California,2021-05-04,4221,586439,2413,306357,1367,254119,441,25963,1762,139644,2453,236025,2202,375669,Not in California
Outside California,2021-05-05,4593,591032,2711,309068,1515,255634,367,26330,1909,139248,2675,238700,2279,377948,Not in California
Outside California,2021-05-06,4487,595519,2834,311902,1320,256954,333,26663,1872,138842,2610,241310,2204,380152,Not in California
Outside California,2021-05-07,4784,600303,2855,314757,1553,258507,376,27039,1936,138317,2838,244148,2313,382465,Not in California
Outside California,2021-05-08,3557,603860,2451,317208,860,259367,246,27285,1536,138140,1960,246108,1783,384248,Not in California
Outside California,2021-05-09,1372,605232,888,318096,360,259727,124,27409,587,138085,765,246873,710,384958,Not in California
Outside California,2021-05-10,2628,607860,1201,319297,1103,260830,324,27733,1044,137889,1566,248439,1370,386328,Not in California
Outside California,2021-05-11,2816,610676,1397,320694,1152,261982,267,28000,1151,137645,1663,250102,1419,387747,Not in California
Outside California,2021-05-12,2797,613473,1305,321999,1205,263187,287,28287,1123,137385,1669,251771,1409,389156,Not in California
Outside California,2021-05-13,3089,616562,1825,323824,1057,264244,207,28494,1257,137025,1824,253595,1464,390620,Not in California
Outside California,2021-05-14,2437,618999,1478,325302,769,265013,190,28684,986,136751,1449,255044,1175,391795,Not in California
Unknown,2020-12-17,2,2,2,2,0,0,0,0,0,0,0,0,0,0,Not in California
Unknown,2020-12-18,9,11,9,11,0,0,0,0,8,8,0,0,8,8,Not in California
Unknown,2020-12-19,81,92,81,92,0,0,0,0,81,89,0,0,81,89,Not in California
Unknown,2020-12-20,24,116,24,116,0,0,0,0,24,113,0,0,24,113,Not in California
Unknown,2020-12-21,5,121,5,121,0,0,0,0,0,113,0,0,0,113,Not in California
Unknown,2020-12-22,4,125,4,125,0,0,0,0,4,117,0,0,4,117,Not in California
Unknown,2020-12-26,1,126,1,126,0,0,0,0,1,118,0,0,1,118,Not in California
Unknown,2020-12-28,4,130,4,130,0,0,0,0,3,121,0,0,3,121,Not in California
Unknown,2020-12-29,3,133,3,133,0,0,0,0,3,124,0,0,3,124,Not in California
Unknown,2020-12-30,59,192,56,189,3,3,0,0,57,181,0,0,57,181,Not in California
Unknown,2020-12-31,2,194,0,189,2,5,0,0,1,182,0,0,1,182,Not in California
Unknown,2021-01-02,1,195,0,189,1,6,0,0,1,183,0,0,1,183,Not in California
Unknown,2021-01-04,3,198,3,192,0,6,0,0,2,185,0,0,2,185,Not in California
Unknown,2021-01-05,1,199,0,192,1,7,0,0,2,187,0,0,2,187,Not in California
Unknown,2021-01-06,30,229,28,220,2,9,0,0,7,171,23,23,7,194,Not in California
Unknown,2021-01-07,110,339,107,327,3,12,0,0,72,205,38,61,72,266,Not in California
Unknown,2021-01-08,26,365,21,348,5,17,0,0,5,189,21,82,5,271,Not in California
Unknown,2021-01-09,3,368,2,350,1,18,0,0,4,193,0,82,4,275,Not in California
Unknown,2021-01-11,23,391,23,373,0,18,0,0,18,207,4,86,18,293,Not in California
Unknown,2021-01-12,10,401,8,381,2,20,0,0,8,215,1,87,9,302,Not in California
Unknown,2021-01-13,11,412,11,392,0,20,0,0,12,227,0,87,12,314,Not in California
Unknown,2021-01-14,4,416,3,395,1,21,0,0,4,231,0,87,4,318,Not in California
Unknown,2021-01-15,5,421,4,399,1,22,0,0,5,236,0,87,5,323,Not in California
Unknown,2021-01-16,7,428,7,406,0,22,0,0,6,241,1,88,6,329,Not in California
Unknown,2021-01-17,3,431,3,409,0,22,0,0,3,244,0,88,3,332,Not in California
Unknown,2021-01-18,54,485,54,463,0,22,0,0,52,294,2,90,52,384,Not in California
Unknown,2021-01-19,23,508,22,485,1,23,0,0,21,314,1,91,21,405,Not in California
Unknown,2021-01-20,79,587,79,564,0,23,0,0,28,290,52,143,28,433,Not in California
Unknown,2021-01-21,60,647,58,622,2,25,0,0,61,350,1,144,61,494,Not in California
Unknown,2021-01-22,36,683,31,653,5,30,0,0,36,386,0,144,36,530,Not in California
Unknown,2021-01-23,11,694,5,658,6,36,0,0,11,397,0,144,11,541,Not in California
Unknown,2021-01-24,2,696,2,660,0,36,0,0,3,400,0,144,3,544,Not in California
Unknown,2021-01-25,21,717,18,678,3,39,0,0,17,414,3,147,17,561,Not in California
Unknown,2021-01-26,98,815,94,772,4,43,0,0,101,515,0,147,101,662,Not in California
Unknown,2021-01-27,17,832,17,789,0,43,0,0,16,530,1,148,16,678,Not in California
Unknown,2021-01-28,155,987,152,941,3,46,0,0,98,568,60,208,98,776,Not in California
Unknown,2021-01-29,146,1133,145,1086,1,47,0,0,150,717,1,209,150,926,Not in California
Unknown,2021-01-30,10,1143,8,1094,2,49,0,0,13,729,1,210,13,939,Not in California
Unknown,2021-01-31,16,1159,16,1110,0,49,0,0,16,744,1,211,16,955,Not in California
Unknown,2021-02-01,36,1195,34,1144,2,51,0,0,21,748,17,228,21,976,Not in California
Unknown,2021-02-02,70,1265,68,1212,2,53,0,0,63,805,6,234,63,1039,Not in California
Unknown,2021-02-03,49,1314,45,1257,4,57,0,0,37,831,11,245,37,1076,Not in California
Unknown,2021-02-04,61,1375,56,1313,5,62,0,0,55,880,6,251,55,1131,Not in California
Unknown,2021-02-05,23,1398,16,1329,7,69,0,0,19,892,7,258,19,1150,Not in California
Unknown,2021-02-06,19,1417,14,1343,5,74,0,0,15,900,7,265,15,1165,Not in California
Unknown,2021-02-07,8,1425,8,1351,0,74,0,0,6,904,2,267,6,1171,Not in California
Unknown,2021-02-08,53,1478,50,1401,3,77,0,0,14,879,39,306,14,1185,Not in California
Unknown,2021-02-09,19,1497,18,1419,1,78,0,0,4,868,15,321,4,1189,Not in California
Unknown,2021-02-10,35,1532,30,1449,5,83,0,0,9,851,26,347,9,1198,Not in California
Unknown,2021-02-11,93,1625,92,1541,1,84,0,0,43,843,51,398,43,1241,Not in California
Unknown,2021-02-12,41,1666,33,1574,8,92,0,0,16,830,29,427,16,1257,Not in California
Unknown,2021-02-13,15,1681,3,1577,12,104,0,0,17,846,1,428,17,1274,Not in California
Unknown,2021-02-14,7,1688,1,1578,6,110,0,0,5,850,1,429,5,1279,Not in California
Unknown,2021-02-15,44,1732,38,1616,6,116,0,0,29,866,13,442,29,1308,Not in California
Unknown,2021-02-16,105,1837,96,1712,9,125,0,0,32,825,73,515,32,1340,Not in California
Unknown,2021-02-17,10,1847,8,1720,2,127,0,0,4,824,5,520,4,1344,Not in California
Unknown,2021-02-18,105,1952,100,1820,5,132,0,0,19,757,86,606,19,1363,Not in California
Unknown,2021-02-19,195,2147,189,2009,6,138,0,0,58,679,136,742,58,1421,Not in California
Unknown,2021-02-20,11,2158,5,2014,6,144,0,0,4,678,5,747,4,1425,Not in California
Unknown,2021-02-21,18,2176,18,2032,0,144,0,0,4,668,14,761,4,1429,Not in California
Unknown,2021-02-22,9,2185,9,2041,0,144,0,0,6,671,3,764,6,1435,Not in California
Unknown,2021-02-23,63,2248,51,2092,12,156,0,0,15,639,47,811,15,1450,Not in California
Unknown,2021-02-24,43,2291,35,2127,8,164,0,0,15,626,28,839,15,1465,Not in California
Unknown,2021-02-25,75,2366,59,2186,16,180,0,0,27,605,48,887,27,1492,Not in California
Unknown,2021-02-26,40,2406,25,2211,15,195,0,0,24,614,15,902,24,1516,Not in California
Unknown,2021-02-27,29,2435,16,2227,13,208,0,0,21,627,8,910,21,1537,Not in California
Unknown,2021-02-28,17,2452,13,2240,4,212,0,0,10,632,5,915,10,1547,Not in California
Unknown,2021-03-01,45,2497,27,2267,18,230,0,0,24,636,20,935,24,1571,Not in California
Unknown,2021-03-02,19,2516,7,2274,12,242,0,0,12,643,5,940,12,1583,Not in California
Unknown,2021-03-03,13,2529,7,2281,6,248,0,0,9,649,3,943,9,1592,Not in California
Unknown,2021-03-04,53,2582,49,2330,4,252,0,0,22,640,31,974,22,1614,Not in California
Unknown,2021-03-05,33,2615,15,2345,18,270,0,0,35,669,6,980,35,1649,Not in California
Unknown,2021-03-06,32,2647,11,2356,19,289,2,2,23,685,9,989,25,1674,Not in California
Unknown,2021-03-07,10,2657,1,2357,9,298,0,2,7,689,3,992,7,1681,Not in California
Unknown,2021-03-08,32,2689,23,2380,7,305,2,4,8,674,25,1017,10,1691,Not in California
Unknown,2021-03-09,39,2728,32,2412,3,308,4,8,9,656,31,1048,13,1704,Not in California
Unknown,2021-03-10,9,2737,6,2418,1,309,2,10,5,658,5,1053,7,1711,Not in California
Unknown,2021-03-11,37,2774,13,2431,10,319,14,24,14,665,21,1074,28,1739,Not in California
Unknown,2021-03-12,82,2856,56,2487,21,340,5,29,15,621,64,1138,20,1759,Not in California
Unknown,2021-03-13,24,2880,4,2491,16,356,4,33,8,617,16,1154,12,1771,Not in California
Unknown,2021-03-14,18,2898,10,2501,6,362,2,35,6,614,11,1165,8,1779,Not in California
Unknown,2021-03-15,30,2928,11,2512,17,379,2,37,20,623,13,1178,22,1801,Not in California
Unknown,2021-03-16,62,2990,22,2534,36,415,4,41,42,650,19,1197,46,1847,Not in California
Unknown,2021-03-17,47,3037,14,2548,32,447,1,42,40,687,4,1201,41,1888,Not in California
Unknown,2021-03-18,40,3077,20,2568,20,467,0,42,28,703,12,1213,28,1916,Not in California
Unknown,2021-03-19,29,3106,19,2587,10,477,0,42,24,719,8,1221,24,1940,Not in California
Unknown,2021-03-20,33,3139,15,2602,18,495,0,42,20,727,12,1233,20,1960,Not in California
Unknown,2021-03-21,23,3162,17,2619,6,501,0,42,19,743,3,1236,19,1979,Not in California
Unknown,2021-03-22,36,3198,19,2638,16,517,1,43,18,750,12,1248,19,1998,Not in California
Unknown,2021-03-23,23,3221,9,2647,9,526,5,48,11,755,11,1259,16,2014,Not in California
Unknown,2021-03-24,26,3247,9,2656,17,543,0,48,21,771,5,1264,21,2035,Not in California
Unknown,2021-03-25,48,3295,34,2690,14,557,0,48,32,789,14,1278,32,2067,Not in California
Unknown,2021-03-26,37,3332,20,2710,12,569,5,53,21,799,16,1294,26,2093,Not in California
Unknown,2021-03-27,40,3372,14,2724,26,595,0,53,24,803,20,1314,24,2117,Not in California
Unknown,2021-03-28,16,3388,9,2733,7,602,0,53,11,810,4,1318,11,2128,Not in California
Unknown,2021-03-29,39,3427,18,2751,20,622,1,54,24,823,12,1330,25,2153,Not in California
Unknown,2021-03-30,42,3469,25,2776,17,639,0,54,27,835,15,1345,27,2180,Not in California
Unknown,2021-03-31,35,3504,21,2797,14,653,0,54,23,846,12,1357,23,2203,Not in California
Unknown,2021-04-01,28,3532,14,2811,14,667,0,54,22,862,6,1363,22,2225,Not in California
Unknown,2021-04-02,63,3595,16,2827,38,705,9,63,29,866,34,1397,38,2263,Not in California
Unknown,2021-04-03,19,3614,9,2836,10,715,0,63,10,866,10,1407,10,2273,Not in California
Unknown,2021-04-04,17,3631,4,2840,13,728,0,63,10,870,6,1413,10,2283,Not in California
Unknown,2021-04-05,34,3665,20,2860,13,741,1,64,18,874,15,1428,19,2302,Not in California
Unknown,2021-04-06,35,3700,18,2878,16,757,1,65,17,873,19,1447,18,2320,Not in California
Unknown,2021-04-07,39,3739,27,2905,12,769,0,65,37,902,8,1455,37,2357,Not in California
Unknown,2021-04-08,38,3777,23,2928,11,780,4,69,19,903,22,1477,23,2380,Not in California
Unknown,2021-04-09,40,3817,25,2953,15,795,0,69,27,916,14,1491,27,2407,Not in California
Unknown,2021-04-10,10,3827,9,2962,1,796,0,69,6,915,7,1498,6,2413,Not in California
Unknown,2021-04-11,15,3842,11,2973,4,800,0,69,5,911,9,1507,5,2418,Not in California
Unknown,2021-04-12,39,3881,22,2995,16,816,1,70,18,907,23,1530,19,2437,Not in California
Unknown,2021-04-13,67,3948,26,3021,41,857,0,70,32,900,39,1569,32,2469,Not in California
Unknown,2021-04-14,36,3984,10,3031,26,883,0,70,10,884,26,1595,10,2479,Not in California
Unknown,2021-04-15,42,4026,17,3048,24,907,1,71,18,874,29,1624,19,2498,Not in California
Unknown,2021-04-16,52,4078,38,3086,14,921,0,71,31,884,21,1645,31,2529,Not in California
Unknown,2021-04-17,27,4105,15,3101,12,933,0,71,7,873,19,1664,8,2537,Not in California
Unknown,2021-04-18,20,4125,8,3109,12,945,0,71,10,871,12,1676,10,2547,Not in California
Unknown,2021-04-19,36,4161,22,3131,14,959,0,71,30,883,18,1694,30,2577,Not in California
Unknown,2021-04-20,26,4187,15,3146,11,970,0,71,11,874,20,1714,11,2588,Not in California
Unknown,2021-04-21,38,4225,16,3162,22,992,0,71,31,879,26,1740,31,2619,Not in California
Unknown,2021-04-22,23,4248,14,3176,9,1001,0,71,39,900,18,1758,39,2658,Not in California
Unknown,2021-04-23,34,4282,15,3191,19,1020,0,71,49,936,13,1771,49,2707,Not in California
Unknown,2021-04-24,41,4323,23,3214,18,1038,0,71,28,951,13,1784,28,2735,Not in California
Unknown,2021-04-25,23,4346,9,3223,14,1052,0,71,12,952,11,1795,12,2747,Not in California
Unknown,2021-04-26,48,4394,39,3262,9,1061,0,71,34,972,14,1809,34,2781,Not in California
Unknown,2021-04-27,64,4458,48,3310,16,1077,0,71,45,998,19,1828,45,2826,Not in California
Unknown,2021-04-28,49,4507,41,3351,7,1084,1,72,21,992,28,1856,22,2848,Not in California
Unknown,2021-04-29,36,4543,21,3372,15,1099,0,72,12,980,24,1880,12,2860,Not in California
Unknown,2021-04-30,30,4573,14,3386,11,1110,5,77,15,985,15,1895,20,2880,Not in California
Unknown,2021-05-01,35,4608,27,3413,7,1117,1,78,21,993,14,1909,22,2902,Not in California
Unknown,2021-05-02,14,4622,7,3420,6,1123,1,79,6,992,8,1917,7,2909,Not in California
Unknown,2021-05-03,26,4648,19,3439,5,1128,2,81,8,984,18,1935,10,2919,Not in California
Unknown,2021-05-04,22,4670,12,3451,6,1134,4,85,5,976,17,1952,9,2928,Not in California
Unknown,2021-05-05,32,4702,14,3465,17,1151,1,86,17,979,15,1967,18,2946,Not in California
Unknown,2021-05-06,22,4724,12,3477,8,1159,2,88,9,977,13,1980,11,2957,Not in California
Unknown,2021-05-07,29,4753,16,3493,11,1170,2,90,11,972,18,1998,13,2970,Not in California
Unknown,2021-05-08,16,4769,10,3503,4,1174,2,92,7,973,8,2006,9,2979,Not in California
Unknown,2021-05-09,18,4787,5,3508,9,1183,4,96,8,975,10,2016,12,2991,Not in California
Unknown,2021-05-10,24,4811,17,3525,6,1189,1,97,3,959,20,2036,4,2995,Not in California
Unknown,2021-05-11,107,4918,70,3595,26,1215,11,108,87,1037,20,2056,98,3093,Not in California
Unknown,2021-05-12,274,5192,204,3799,42,1257,28,136,212,1215,62,2118,240,3333,Not in California
Unknown,2021-05-13,329,5521,255,4054,68,1325,6,142,269,1431,60,2178,276,3609,Not in California
Unknown,2021-05-14,36,5557,33,4087,1,1326,2,144,5,1407,30,2208,6,3615,Not in California
Alameda,2020-12-15,36,36,36,36,0,0,0,0,36,36,0,0,36,36,California
Alameda,2020-12-16,206,242,206,242,0,0,0,0,206,242,0,0,206,242,California
Alameda,2020-12-17,397,639,397,639,0,0,0,0,397,639,0,0,397,639,California
Alameda,2020-12-18,1777,2416,1776,2415,1,1,0,0,1777,2416,0,0,1777,2416,California
Alameda,2020-12-19,1355,3771,1355,3770,0,1,0,0,1355,3771,0,0,1355,3771,California
Alameda,2020-12-20,1162,4933,1161,4931,1,2,0,0,1161,4931,1,1,1161,4932,California
Alameda,2020-12-21,1863,6796,1861,6792,2,4,0,0,1862,6793,0,1,1862,6794,California
Alameda,2020-12-22,2100,8896,2047,8839,53,57,0,0,2100,8893,0,1,2100,8894,California
Alameda,2020-12-23,1946,10842,1688,10527,258,315,0,0,1947,10840,0,1,1947,10841,California
Alameda,2020-12-24,1220,12062,760,11287,460,775,0,0,1220,12060,0,1,1220,12061,California
Alameda,2020-12-25,166,12228,129,11416,37,812,0,0,166,12226,0,1,166,12227,California
Alameda,2020-12-26,870,13098,326,11742,544,1356,0,0,870,13096,0,1,870,13097,California
Alameda,2020-12-27,498,13596,256,11998,242,1598,0,0,498,13594,0,1,498,13595,California
Alameda,2020-12-28,1886,15482,960,12958,926,2524,0,0,1886,15480,0,1,1886,15481,California
Alameda,2020-12-29,2432,17914,1025,13983,1407,3931,0,0,2431,17911,0,1,2431,17912,California
Alameda,2020-12-30,3132,21046,1364,15347,1768,5699,0,0,3134,21045,0,1,3134,21046,California
Alameda,2020-12-31,1796,22842,443,15790,1353,7052,0,0,1794,22838,1,2,1794,22840,California
Alameda,2021-01-01,172,23014,70,15860,102,7154,0,0,171,23008,1,3,171,23011,California
Alameda,2021-01-02,727,23741,524,16384,203,7357,0,0,726,23734,0,3,726,23737,California
Alameda,2021-01-03,343,24084,222,16606,121,7478,0,0,340,24071,3,6,340,24077,California
Alameda,2021-01-04,1650,25734,945,17551,705,8183,0,0,1638,25698,11,17,1638,25715,California
Alameda,2021-01-05,2211,27945,1267,18818,944,9127,0,0,1975,27440,233,250,1975,27690,California
Alameda,2021-01-06,3252,31197,1786,20604,1466,10593,0,0,2429,29051,820,1070,2431,30121,California
Alameda,2021-01-07,3778,34975,2114,22718,1664,12257,0,0,2687,30660,1082,2152,2691,32812,California
Alameda,2021-01-08,4740,39715,2705,25423,2035,14292,0,0,3111,32150,1625,3777,3115,35927,California
Alameda,2021-01-09,2035,41750,1388,26811,647,14939,0,0,1173,32461,862,4639,1173,37100,California
Alameda,2021-01-10,1069,42819,846,27657,223,15162,0,0,429,32249,641,5280,429,37529,California
Alameda,2021-01-11,4655,47474,3520,31177,1135,16297,0,0,2860,33322,1794,7074,2867,40396,California
Alameda,2021-01-12,4833,52307,3253,34430,1580,17877,0,0,3441,35375,1391,8465,3444,43840,California
Alameda,2021-01-13,5046,57353,2668,37098,2378,20255,0,0,3853,38041,1189,9654,3855,47695,California
Alameda,2021-01-14,5638,62991,2775,39873,2863,23118,0,0,4751,41917,878,10532,4754,52449,California
Alameda,2021-01-15,5846,68837,2315,42188,3531,26649,0,0,5078,46238,761,11293,5082,57531,California
Alameda,2021-01-16,3008,71845,1409,43597,1599,28248,0,0,2738,48707,270,11563,2739,60270,California
Alameda,2021-01-17,1869,73714,1083,44680,786,29034,0,0,1662,50164,206,11769,1663,61933,California
Alameda,2021-01-18,3204,76918,2057,46737,1147,30181,0,0,2608,52185,592,12361,2613,64546,California
Alameda,2021-01-19,5532,82450,3334,50071,2198,32379,0,0,4339,55335,1191,13552,4341,68887,California
Alameda,2021-01-20,6781,89231,4112,54183,2669,35048,0,0,5485,59541,1283,14835,5489,74376,California
Alameda,2021-01-21,7789,97020,3411,57594,4378,39426,0,0,6951,65665,832,15667,6956,81332,California
Alameda,2021-01-22,6852,103872,2039,59633,4813,44239,0,0,5713,70248,1132,16799,5715,87047,California
Alameda,2021-01-23,3290,107162,947,60580,2343,46582,0,0,2735,72430,555,17354,2737,89784,California
Alameda,2021-01-24,2053,109215,657,61237,1396,47978,0,0,1776,73933,273,17627,1776,91560,California
Alameda,2021-01-25,5221,114436,1984,63221,3237,51215,0,0,3631,75983,1582,19209,3632,95192,California
Alameda,2021-01-26,7260,121696,2296,65517,4964,56179,0,0,5398,79527,1855,21064,5399,100591,California
Alameda,2021-01-27,6670,128366,2078,67595,4592,60771,0,0,4818,82507,1838,22902,4818,105409,California
Alameda,2021-01-28,7898,136264,2548,70143,5350,66121,0,0,5657,85940,2225,25127,5658,111067,California
Alameda,2021-01-29,7928,144192,3185,73328,4743,70864,0,0,6105,90233,1813,26940,6106,117173,California
Alameda,2021-01-30,3422,147614,1674,75002,1748,72612,0,0,2716,92249,700,27640,2716,119889,California
Alameda,2021-01-31,1906,149520,965,75967,941,73553,0,0,1662,93670,241,27881,1662,121551,California
Alameda,2021-02-01,5977,155497,3371,79338,2606,76159,0,0,4333,96366,1638,29519,4334,125885,California
Alameda,2021-02-02,7478,162975,4259,83597,3219,79378,0,0,4676,98250,2792,32311,4676,130561,California
Alameda,2021-02-03,7085,170060,3733,87330,3352,82730,0,0,4408,99992,2671,34982,4413,134974,California
Alameda,2021-02-04,9533,179593,4138,91468,5395,88125,0,0,6432,103347,3082,38064,6437,141411,California
Alameda,2021-02-05,10353,189946,5405,96873,4948,93073,0,0,6476,105958,3871,41935,6482,147893,California
Alameda,2021-02-06,6998,196944,4438,101311,2560,95633,0,0,5874,110708,1124,43059,5874,153767,California
Alameda,2021-02-07,3586,200530,2894,104205,692,96325,0,0,2640,112406,943,44002,2641,156408,California
Alameda,2021-02-08,8104,208634,5792,109997,2312,98637,0,0,5546,115407,2547,46549,5548,161956,California
Alameda,2021-02-09,9720,218354,5862,115859,3858,102495,0,0,6070,117835,3644,50193,6072,168028,California
Alameda,2021-02-10,11475,229829,6788,122647,4687,107182,0,0,6573,119532,4884,55077,6581,174609,California
Alameda,2021-02-11,13942,243771,7994,130641,5948,113130,0,0,8379,122369,5545,60622,8382,182991,California
Alameda,2021-02-12,12546,256317,5700,136341,6846,119976,0,0,7761,125362,4771,65393,7764,190755,California
Alameda,2021-02-13,7823,264140,4071,140412,3752,123728,0,0,5856,129258,1962,67355,5858,196613,California
Alameda,2021-02-14,4035,268175,2538,142950,1497,125225,0,0,2872,130974,1159,68514,2875,199488,California
Alameda,2021-02-15,5719,273894,3227,146177,2492,127717,0,0,3705,132673,2009,70523,3708,203196,California
Alameda,2021-02-16,12549,286443,6965,153142,5584,133301,0,0,9322,138784,3217,73740,9328,212524,California
Alameda,2021-02-17,14123,300566,8361,161503,5762,139063,0,0,10490,145663,3613,77353,10492,223016,California
Alameda,2021-02-18,15882,316448,10068,171571,5814,144877,0,0,11524,152844,4349,81702,11530,234546,California
Alameda,2021-02-19,17669,334117,11457,183028,6212,151089,0,0,11704,158611,5942,87644,11709,246255,California
Alameda,2021-02-20,11876,345993,9619,192647,2257,153346,0,0,9149,165044,2722,90366,9155,255410,California
Alameda,2021-02-21,6256,352249,5324,197971,932,154278,0,0,3776,166351,2469,92835,3776,259186,California
Alameda,2021-02-22,10719,362968,7934,205905,2785,157063,0,0,6752,169159,3953,96788,6761,265947,California
Alameda,2021-02-23,12741,375709,7732,213637,5009,162072,0,0,7924,172285,4805,101593,7931,273878,California
Alameda,2021-02-24,14678,390387,8221,221858,6457,168529,0,0,9515,176703,5102,106695,9520,283398,California
Alameda,2021-02-25,15655,406042,9144,231002,6511,175040,0,0,9970,181028,5653,112348,9978,293376,California
Alameda,2021-02-26,18116,424158,10646,241648,7470,182510,0,0,11709,186377,6364,118712,11713,305089,California
Alameda,2021-02-27,14731,438889,10832,252480,3897,186407,2,2,9122,189916,5587,124299,9126,314215,California
Alameda,2021-02-28,9165,448054,7724,260204,1441,187848,0,2,6080,192935,3062,127361,6081,320296,California
Alameda,2021-03-01,13289,461343,9227,269431,4055,191903,7,9,8235,196174,5009,132370,8248,328544,California
Alameda,2021-03-02,13862,475205,9634,279065,4227,196130,1,10,8910,200160,4932,137302,8918,337462,California
Alameda,2021-03-03,15455,490660,10028,289093,5426,201556,1,11,10529,205796,4898,142200,10534,347996,California
Alameda,2021-03-04,17365,508025,11100,300193,6263,207819,2,13,10917,210302,6413,148613,10919,358915,California
Alameda,2021-03-05,15890,523915,10256,310449,5625,213444,9,22,10654,215776,5195,153808,10669,369584,California
Alameda,2021-03-06,14284,538199,9994,320443,4026,217470,264,286,9379,220560,4861,158669,9645,379229,California
Alameda,2021-03-07,9424,547623,8160,328603,1183,218653,81,367,6639,224526,2756,161425,6722,385951,California
Alameda,2021-03-08,11691,559314,7187,335790,4125,222778,379,746,8680,230624,2961,164386,9059,395010,California
Alameda,2021-03-09,11448,570762,7079,342869,3938,226716,431,1177,6310,232264,5102,169488,6742,401752,California
Alameda,2021-03-10,16705,587467,11346,354215,4801,231517,558,1735,7568,231274,9112,178600,8122,409874,California
Alameda,2021-03-11,19793,607260,11574,365789,6514,238031,1705,3440,6783,226777,12980,191580,8483,418357,California
Alameda,2021-03-12,21177,628437,12329,378118,7193,245224,1655,5095,7477,222226,13675,205255,9124,427481,California
Alameda,2021-03-13,15847,644284,10100,388218,4759,249983,988,6083,5104,217608,10708,215963,6090,433571,California
Alameda,2021-03-14,10708,654992,7822,396040,2100,252083,786,6869,4641,216977,6049,222012,5418,438989,California
Alameda,2021-03-15,14337,669329,9341,405381,4478,256561,518,7387,6384,215953,7923,229935,6899,445888,California
Alameda,2021-03-16,17193,686522,11125,416506,5534,262095,534,7921,7580,214507,9561,239496,8115,454003,California
Alameda,2021-03-17,17401,703923,9799,426305,6906,269001,696,8617,8183,214207,9178,248674,8878,462881,California
Alameda,2021-03-18,19100,723023,10359,436664,7863,276864,878,9495,8786,213593,10282,258956,9668,472549,California
Alameda,2021-03-19,19138,742161,10365,447029,6988,283852,1785,11280,7662,211605,11428,270384,9440,481989,California
Alameda,2021-03-20,15643,757804,10204,457233,4615,288467,824,12104,6546,209904,9068,279452,7367,489356,California
Alameda,2021-03-21,9067,766871,7107,464340,1427,289894,533,12637,3778,208937,5279,284731,4312,493668,California
Alameda,2021-03-22,14901,781772,10016,474356,3906,293800,979,13616,7175,209386,7700,292431,8149,501817,California
Alameda,2021-03-23,19132,800904,11526,485882,6815,300615,791,14407,10725,212545,8363,300794,11522,513339,California
Alameda,2021-03-24,19031,819935,11460,497342,6577,307192,994,15401,8586,211734,10382,311176,9571,522910,California
Alameda,2021-03-25,20395,840330,11275,508617,7736,314928,1384,16785,9573,211925,10754,321930,10945,533855,California
Alameda,2021-03-26,20706,861036,12399,521016,6772,321700,1535,18320,8874,210540,11785,333715,10400,544255,California
Alameda,2021-03-27,18211,879247,12350,533366,4900,326600,961,19281,7854,209026,10312,344027,8798,553053,California
Alameda,2021-03-28,10451,889698,8463,541829,1784,328384,204,19485,3828,206456,6610,350637,4040,557093,California
Alameda,2021-03-29,14611,904309,9300,551129,4314,332698,997,20482,6281,205438,8295,358932,7277,564370,California
Alameda,2021-03-30,18481,922790,9702,560831,7081,339779,1698,22180,10832,210343,7619,366551,12524,576894,California
Alameda,2021-03-31,19272,942062,10150,570981,7053,346832,2069,24249,9543,212243,9704,376255,11604,588498,California
Alameda,2021-04-01,23152,965214,10027,581008,7623,354455,5502,29751,11074,216771,12043,388298,16571,605069,California
Alameda,2021-04-02,23897,989111,9912,590920,8287,362742,5698,35449,11622,221847,12240,400538,17316,622385,California
Alameda,2021-04-03,20181,1009292,9757,600677,5699,368441,4725,40174,10334,227077,9828,410366,15058,637443,California
Alameda,2021-04-04,9946,1019238,3973,604650,2290,370731,3683,43857,3502,227825,6431,416797,7179,644622,California
Alameda,2021-04-05,17795,1037033,7513,612163,5516,376247,4766,48623,7258,229330,10516,427313,12021,656643,California
Alameda,2021-04-06,22177,1059210,10707,622870,5647,381894,5823,54446,10102,233202,12040,439353,15912,672555,California
Alameda,2021-04-07,22483,1081693,11546,634416,5500,387394,5437,59883,11419,239028,11021,450374,16847,689402,California
Alameda,2021-04-08,25433,1107126,11503,645919,5968,393362,7962,67845,10867,243348,14496,464870,18816,708218,California
Alameda,2021-04-09,23302,1130428,10642,656561,7451,400813,5209,73054,12035,249355,11236,476106,17243,725461,California
Alameda,2021-04-10,18856,1149284,7432,663993,5599,406412,5825,78879,8190,252714,10641,486747,14000,739461,California
Alameda,2021-04-11,10994,1160278,4794,668787,2268,408680,3932,82811,4502,254663,6475,493222,8424,747885,California
Alameda,2021-04-12,17957,1178235,11716,680503,4309,412989,1932,84743,10132,258932,7790,501012,12059,759944,California
Alameda,2021-04-13,23020,1201255,14601,695104,8364,421353,55,84798,16959,269942,6015,507027,17025,776969,California
Alameda,2021-04-14,23039,1224294,15195,710299,7843,429196,1,84799,15610,278163,7397,514424,15618,792587,California
Alameda,2021-04-15,24098,1248392,15390,725689,8706,437902,2,84801,16005,286137,8040,522464,16014,808601,California
Alameda,2021-04-16,24389,1272781,14424,740113,9960,447862,5,84806,15728,293272,8610,531074,15745,824346,California
Alameda,2021-04-17,20777,1293558,14333,754446,6444,454306,0,84806,14318,301180,6425,537499,14333,838679,California
Alameda,2021-04-18,9916,1303474,7575,762021,2341,456647,0,84806,6863,305023,3025,540524,6868,845547,California
Alameda,2021-04-19,15663,1319137,9743,771764,5919,462566,1,84807,9079,307567,6545,547069,9089,854636,California
Alameda,2021-04-20,18181,1337318,11142,782906,7038,469604,1,84808,9983,309415,8156,555225,10004,864640,California
Alameda,2021-04-21,19172,1356490,11258,794164,7906,477510,8,84816,11197,312717,7922,563147,11224,875864,California
Alameda,2021-04-22,21393,1377883,13782,807946,7608,485118,3,84819,11340,314108,9976,573123,11367,887231,California
Alameda,2021-04-23,21669,1399552,14055,822001,7612,492730,2,84821,12089,316726,9499,582622,12117,899348,California
Alameda,2021-04-24,18966,1418518,14387,836388,4572,497302,7,84828,10021,317855,8909,591531,10038,909386,California
Alameda,2021-04-25,8809,1427327,6865,843253,1943,499245,1,84829,5719,320510,3075,594606,5730,915116,California
Alameda,2021-04-26,13745,1441072,9578,852831,4145,503390,22,84851,8521,323868,5194,599800,8552,923668,California
Alameda,2021-04-27,15680,1456752,9315,862146,6060,509450,305,85156,7344,323249,8292,608092,7673,931341,California
Alameda,2021-04-28,15959,1472711,10154,872300,5341,514791,464,85620,6218,320231,9714,617806,6696,938037,California
Alameda,2021-04-29,16687,1489398,10031,882331,6333,521124,323,85943,5989,315910,10654,628460,6333,944370,California
Alameda,2021-04-30,19437,1508835,12008,894339,7090,528214,339,86282,7867,312649,11502,639962,8241,952611,California
Alameda,2021-05-01,13953,1522788,9304,903643,4445,532659,204,86486,5187,309334,8738,648700,5423,958034,California
Alameda,2021-05-02,7042,1529830,4896,908539,1975,534634,171,86657,2869,308221,4158,652858,3045,961079,California
Alameda,2021-05-03,14412,1544242,10911,919450,3182,537816,319,86976,2823,299847,11548,664406,3174,964253,California
Alameda,2021-05-04,18223,1562465,13067,932517,4799,542615,357,87333,3639,289350,14522,678928,4025,968278,California
Alameda,2021-05-05,18306,1580771,13295,945812,4502,547117,509,87842,3732,279092,14512,693440,4254,972532,California
Alameda,2021-05-06,18512,1599283,13995,959807,3825,550942,692,88534,3594,268546,14845,708285,4299,976831,California
Alameda,2021-05-07,19076,1618359,12845,972652,5818,556760,413,88947,4348,258665,14661,722946,4780,981611,California
Alameda,2021-05-08,16448,1634807,11249,983901,4986,561746,213,89160,3096,248674,13313,736259,3322,984933,California
Alameda,2021-05-09,8503,1643310,6945,990846,1412,563158,146,89306,1461,243261,7023,743282,1610,986543,California
Alameda,2021-05-10,9956,1653266,6765,997611,2863,566021,328,89634,2482,238631,7446,750728,2816,989359,California
Alameda,2021-05-11,14881,1668147,7949,1005560,6641,572662,291,89925,2697,229510,12143,762871,3022,992381,California
Alameda,2021-05-12,12359,1680506,8097,1013657,3852,576514,410,90335,2550,222728,9770,772641,2988,995369,California
Alameda,2021-05-13,15598,1696104,10997,1024654,4116,580630,485,90820,4913,217503,10653,783294,5428,1000797,California
Alameda,2021-05-14,15571,1711675,10354,1035008,4921,585551,296,91116,4981,212248,10542,793836,5287,1006084,California
Alpine,2020-12-18,2,2,2,2,0,0,0,0,2,2,0,0,2,2,California
Alpine,2020-12-19,2,4,2,4,0,0,0,0,2,4,0,0,2,4,California
Alpine,2020-12-21,2,6,2,6,0,0,0,0,2,6,0,0,2,6,California
Alpine,2020-12-30,14,20,0,6,14,14,0,0,14,20,0,0,14,20,California
Alpine,2020-12-31,1,21,0,6,1,15,0,0,1,21,0,0,1,21,California
Alpine,2021-01-01,1,22,0,6,1,16,0,0,1,22,0,0,1,22,California
Alpine,2021-01-02,1,23,1,7,0,16,0,0,1,23,0,0,1,23,California
Alpine,2021-01-04,10,33,0,7,10,26,0,0,10,33,0,0,10,33,California
Alpine,2021-01-05,9,42,1,8,8,34,0,0,9,42,0,0,9,42,California
Alpine,2021-01-06,31,73,0,8,31,65,0,0,31,73,0,0,31,73,California
Alpine,2021-01-07,8,81,0,8,8,73,0,0,8,81,0,0,8,81,California
Alpine,2021-01-08,4,85,2,10,2,75,0,0,2,81,2,2,2,83,California
Alpine,2021-01-09,2,87,2,12,0,75,0,0,0,79,2,4,0,83,California
Alpine,2021-01-11,32,119,1,13,31,106,0,0,31,109,1,5,31,114,California
Alpine,2021-01-13,35,154,0,13,35,141,0,0,35,144,0,5,35,149,California
Alpine,2021-01-14,1,155,0,13,1,142,0,0,1,145,0,5,1,150,California
Alpine,2021-01-15,1,156,0,13,1,143,0,0,1,146,0,5,1,151,California
Alpine,2021-01-20,21,177,0,13,21,164,0,0,21,167,0,5,21,172,California
Alpine,2021-01-21,1,178,0,13,1,165,0,0,1,168,0,5,1,173,California
Alpine,2021-01-22,32,210,0,13,32,197,0,0,32,200,0,5,32,205,California
Alpine,2021-01-23,1,211,1,14,0,197,0,0,0,199,1,6,0,205,California
Alpine,2021-01-25,16,227,0,14,16,213,0,0,16,215,0,6,16,221,California
Alpine,2021-01-27,1,228,1,15,0,213,0,0,0,214,1,7,0,221,California
Alpine,2021-01-28,1,229,0,15,1,214,0,0,0,213,1,8,0,221,California
Alpine,2021-01-29,1,230,0,15,1,215,0,0,1,214,0,8,1,222,California
Alpine,2021-02-01,25,255,0,15,25,240,0,0,7,203,18,26,7,229,California
Alpine,2021-02-03,34,289,0,15,34,274,0,0,10,189,24,50,10,239,California
Alpine,2021-02-04,8,297,0,15,8,282,0,0,3,187,5,55,3,242,California
Alpine,2021-02-05,31,328,0,15,31,313,0,0,12,180,19,74,12,254,California
Alpine,2021-02-07,1,329,1,16,0,313,0,0,1,181,0,74,1,255,California
Alpine,2021-02-08,32,361,0,16,32,345,0,0,4,157,28,102,4,259,California
Alpine,2021-02-10,34,395,0,16,34,379,0,0,0,123,34,136,0,259,California
Alpine,2021-02-11,6,401,0,16,6,385,0,0,3,123,3,139,3,262,California
Alpine,2021-02-12,1,402,0,16,1,386,0,0,0,122,1,140,0,262,California
Alpine,2021-02-17,23,425,0,16,23,409,0,0,3,105,20,160,3,265,California
Alpine,2021-02-18,2,427,0,16,2,411,0,0,1,105,1,161,1,266,California
Alpine,2021-02-19,34,461,1,17,33,444,0,0,2,75,32,193,2,268,California
Alpine,2021-02-22,27,488,0,17,27,471,0,0,8,64,19,212,8,276,California
Alpine,2021-02-24,1,489,1,18,0,471,0,0,1,65,0,212,1,277,California
Alpine,2021-02-25,6,495,1,19,5,476,0,0,6,71,0,212,6,283,California
Alpine,2021-02-26,30,525,1,20,29,505,0,0,29,99,1,213,29,312,California
Alpine,2021-02-27,1,526,0,20,1,506,0,0,1,100,0,213,1,313,California
Alpine,2021-03-01,36,562,0,20,36,542,0,0,26,116,10,223,26,339,California
Alpine,2021-03-03,30,592,1,21,29,571,0,0,18,122,12,235,18,357,California
Alpine,2021-03-04,11,603,1,22,10,581,0,0,11,133,0,235,11,368,California
Alpine,2021-03-05,30,633,0,22,30,611,0,0,22,147,8,243,22,390,California
Alpine,2021-03-08,31,664,0,22,31,642,0,0,29,174,2,245,29,419,California
Alpine,2021-03-10,73,737,0,22,73,715,0,0,73,247,0,245,73,492,California
Alpine,2021-03-11,35,772,0,22,35,750,0,0,31,274,4,249,31,523,California
Alpine,2021-03-12,19,791,0,22,19,769,0,0,17,289,2,251,17,540,California
Alpine,2021-03-15,21,812,1,23,20,789,0,0,20,308,1,252,20,560,California
Alpine,2021-03-17,23,835,0,23,22,811,1,1,19,324,4,256,20,580,California
Alpine,2021-03-18,38,873,3,26,35,846,0,1,35,356,3,259,35,615,California
Alpine,2021-03-19,2,875,1,27,1,847,0,1,1,356,1,260,1,616,California
Alpine,2021-03-22,24,899,0,27,24,871,0,1,15,362,9,269,15,631,California
Alpine,2021-03-24,19,918,0,27,19,890,0,1,8,359,11,280,8,639,California
Alpine,2021-03-25,35,953,1,28,33,923,1,2,28,381,7,287,29,668,California
Alpine,2021-03-27,1,954,0,28,1,924,0,2,0,380,1,288,0,668,California
Alpine,2021-03-28,1,955,1,29,0,924,0,2,1,381,0,288,1,669,California
Alpine,2021-03-29,19,974,0,29,18,942,1,3,2,367,17,305,3,672,California
Alpine,2021-04-01,18,992,0,29,18,960,0,3,8,365,10,315,8,680,California
Alpine,2021-04-02,101,1093,1,30,100,1060,0,3,46,357,54,369,46,726,California
Alpine,2021-04-05,4,1097,1,31,3,1063,0,3,0,353,4,373,0,726,California
Alpine,2021-04-06,3,1100,2,33,1,1064,0,3,2,354,1,374,2,728,California
Alpine,2021-04-07,117,1217,0,33,116,1180,1,4,30,299,86,460,31,759,California
Alpine,2021-04-08,37,1254,0,33,35,1215,2,6,10,284,27,487,12,771,California
Alpine,2021-04-09,1,1255,0,33,1,1216,0,6,1,285,0,487,1,772,California
Alpine,2021-04-14,47,1302,0,33,47,1263,0,6,10,258,37,524,10,782,California
Alpine,2021-04-15,35,1337,0,33,35,1298,0,6,3,229,32,556,3,785,California
Alpine,2021-04-16,1,1338,0,33,1,1299,0,6,1,230,0,556,1,786,California
Alpine,2021-04-19,1,1339,0,33,1,1300,0,6,1,231,0,556,1,787,California
Alpine,2021-04-21,31,1370,0,33,31,1331,0,6,15,230,16,572,15,802,California
Alpine,2021-04-22,24,1394,0,33,24,1355,0,6,1,208,23,595,1,803,California
Alpine,2021-04-24,2,1396,2,35,0,1355,0,6,0,207,2,597,1,804,California
Alpine,2021-04-25,1,1397,1,36,0,1355,0,6,0,206,1,598,0,804,California
Alpine,2021-04-27,2,1399,1,37,1,1356,0,6,1,206,1,599,1,805,California
Alpine,2021-04-28,36,1435,0,37,36,1392,0,6,6,182,30,629,6,811,California
Alpine,2021-04-29,7,1442,1,38,6,1398,0,6,1,177,6,635,1,812,California
Alpine,2021-04-30,2,1444,1,39,0,1398,1,7,1,178,1,636,2,814,California
Alpine,2021-05-02,1,1445,0,39,0,1398,1,8,0,178,1,637,1,815,California
Alpine,2021-05-05,17,1462,0,39,17,1415,0,8,4,169,13,650,4,819,California
Alpine,2021-05-06,7,1469,0,39,7,1422,0,8,0,162,7,657,0,819,California
Alpine,2021-05-07,1,1470,0,39,1,1423,0,8,0,161,1,658,0,819,California
Alpine,2021-05-10,1,1471,0,39,1,1424,0,8,1,162,0,658,1,820,California
Alpine,2021-05-12,1,1472,0,39,0,1424,1,9,0,162,1,659,1,821,California
Alpine,2021-05-13,3,1475,0,39,3,1427,0,9,0,159,3,662,0,821,California
Amador,2020-12-16,2,2,2,2,0,0,0,0,2,2,0,0,2,2,California
Amador,2020-12-17,5,7,5,7,0,0,0,0,5,7,0,0,5,7,California
Amador,2020-12-18,45,52,45,52,0,0,0,0,45,52,0,0,45,52,California
Amador,2020-12-19,17,69,17,69,0,0,0,0,17,69,0,0,17,69,California
Amador,2020-12-20,4,73,4,73,0,0,0,0,4,73,0,0,4,73,California
Amador,2020-12-21,31,104,31,104,0,0,0,0,31,104,0,0,31,104,California
Amador,2020-12-22,35,139,34,138,1,1,0,0,35,139,0,0,35,139,California
Amador,2020-12-23,39,178,38,176,1,2,0,0,39,178,0,0,39,178,California
Amador,2020-12-24,5,183,3,179,2,4,0,0,5,183,0,0,5,183,California
Amador,2020-12-26,5,188,4,183,1,5,0,0,5,188,0,0,5,188,California
Amador,2020-12-27,1,189,0,183,1,6,0,0,1,189,0,0,1,189,California
Amador,2020-12-28,31,220,27,210,4,10,0,0,31,220,0,0,31,220,California
Amador,2020-12-29,26,246,19,229,7,17,0,0,26,246,0,0,26,246,California
Amador,2020-12-30,124,370,78,307,46,63,0,0,124,370,0,0,124,370,California
Amador,2020-12-31,191,561,166,473,25,88,0,0,191,561,0,0,191,561,California
Amador,2021-01-01,2,563,0,473,2,90,0,0,2,563,0,0,2,563,California
Amador,2021-01-02,56,619,56,529,0,90,0,0,56,619,0,0,56,619,California
Amador,2021-01-03,65,684,17,546,48,138,0,0,65,684,0,0,65,684,California
Amador,2021-01-04,124,808,1,547,123,261,0,0,124,808,0,0,124,808,California
Amador,2021-01-05,33,841,3,550,30,291,0,0,31,838,2,2,32,840,California
Amador,2021-01-06,40,881,10,560,30,321,0,0,36,870,4,6,36,876,California
Amador,2021-01-07,230,1111,69,629,161,482,0,0,218,1076,12,18,218,1094,California
Amador,2021-01-08,84,1195,70,699,14,496,0,0,40,1073,44,62,41,1135,California
Amador,2021-01-09,11,1206,11,710,0,496,0,0,2,1066,9,71,2,1137,California
Amador,2021-01-10,6,1212,4,714,2,498,0,0,2,1064,4,75,2,1139,California
Amador,2021-01-11,124,1336,44,758,80,578,0,0,87,1115,37,112,88,1227,California
Amador,2021-01-12,64,1400,49,807,15,593,0,0,40,1131,24,136,40,1267,California
Amador,2021-01-13,38,1438,23,830,15,608,0,0,26,1145,12,148,26,1293,California
Amador,2021-01-14,147,1585,20,850,127,735,0,0,137,1273,10,158,138,1431,California
Amador,2021-01-15,56,1641,25,875,31,766,0,0,48,1313,8,166,48,1479,California
Amador,2021-01-16,19,1660,12,887,7,773,0,0,13,1321,6,172,14,1493,California
Amador,2021-01-17,26,1686,6,893,20,793,0,0,26,1347,0,172,26,1519,California
Amador,2021-01-18,32,1718,28,921,4,797,0,0,10,1335,22,194,10,1529,California
Amador,2021-01-19,121,1839,96,1017,25,822,0,0,77,1368,44,238,77,1606,California
Amador,2021-01-20,184,2023,34,1051,150,972,0,0,168,1521,15,253,168,1774,California
Amador,2021-01-21,255,2278,224,1275,31,1003,0,0,145,1557,110,363,146,1920,California
Amador,2021-01-22,135,2413,73,1348,62,1065,0,0,128,1678,7,370,128,2048,California
Amador,2021-01-23,52,2465,32,1380,20,1085,0,0,50,1726,2,372,50,2098,California
Amador,2021-01-24,28,2493,12,1392,16,1101,0,0,25,1748,3,375,25,2123,California
Amador,2021-01-25,59,2552,28,1420,31,1132,0,0,42,1773,17,392,42,2165,California
Amador,2021-01-26,245,2797,17,1437,228,1360,0,0,235,1998,10,402,235,2400,California
Amador,2021-01-27,299,3096,32,1469,267,1627,0,0,252,2206,45,447,253,2653,California
Amador,2021-01-28,350,3446,80,1549,270,1897,0,0,286,2429,64,511,287,2940,California
Amador,2021-01-29,96,3542,31,1580,65,1962,0,0,81,2495,15,526,81,3021,California
Amador,2021-01-30,169,3711,36,1616,133,2095,0,0,164,2654,5,531,164,3185,California
Amador,2021-01-31,32,3743,28,1644,4,2099,0,0,31,2684,1,532,31,3216,California
Amador,2021-02-01,63,3806,23,1667,40,2139,0,0,36,2693,27,559,36,3252,California
Amador,2021-02-02,212,4018,63,1730,149,2288,0,0,126,2736,83,642,126,3378,California
Amador,2021-02-03,141,4159,38,1768,103,2391,0,0,90,2776,50,692,90,3468,California
Amador,2021-02-04,250,4409,74,1842,176,2567,0,0,164,2856,86,778,166,3634,California
Amador,2021-02-05,331,4740,63,1905,268,2835,0,0,315,3155,16,794,315,3949,California
Amador,2021-02-06,99,4839,80,1985,19,2854,0,0,95,3246,4,798,95,4044,California
Amador,2021-02-07,39,4878,35,2020,4,2858,0,0,35,3278,4,802,36,4080,California
Amador,2021-02-08,90,4968,62,2082,28,2886,0,0,73,3334,17,819,73,4153,California
Amador,2021-02-09,175,5143,83,2165,92,2978,0,0,110,3379,65,884,110,4263,California
Amador,2021-02-10,978,6121,80,2245,898,3876,0,0,945,4291,33,917,945,5208,California
Amador,2021-02-11,307,6428,119,2364,188,4064,0,0,201,4388,104,1021,201,5409,California
Amador,2021-02-12,328,6756,120,2484,208,4272,0,0,255,4570,73,1094,255,5664,California
Amador,2021-02-13,166,6922,82,2566,84,4356,0,0,140,4684,26,1120,140,5804,California
Amador,2021-02-14,123,7045,54,2620,69,4425,0,0,106,4773,17,1137,106,5910,California
Amador,2021-02-15,186,7231,60,2680,126,4551,0,0,169,4926,16,1153,169,6079,California
Amador,2021-02-16,464,7695,53,2733,411,4962,0,0,425,5313,39,1192,426,6505,California
Amador,2021-02-17,263,7958,84,2817,179,5141,0,0,166,5382,97,1289,166,6671,California
Amador,2021-02-18,398,8356,99,2916,299,5440,0,0,336,5657,62,1351,337,7008,California
Amador,2021-02-19,195,8551,77,2993,118,5558,0,0,112,5686,83,1434,112,7120,California
Amador,2021-02-20,95,8646,33,3026,62,5620,0,0,67,5725,28,1462,67,7187,California
Amador,2021-02-21,45,8691,34,3060,11,5631,0,0,15,5710,30,1492,15,7202,California
Amador,2021-02-22,65,8756,26,3086,39,5670,0,0,32,5710,32,1524,32,7234,California
Amador,2021-02-23,320,9076,54,3140,266,5936,0,0,140,5671,180,1704,141,7375,California
Amador,2021-02-24,393,9469,56,3196,337,6273,0,0,262,5806,127,1831,262,7637,California
Amador,2021-02-25,521,9990,116,3312,405,6678,0,0,279,5844,241,2072,279,7916,California
Amador,2021-02-26,613,10603,75,3387,538,7216,0,0,506,6244,107,2179,507,8423,California
Amador,2021-02-27,293,10896,93,3480,200,7416,0,0,103,6160,189,2368,105,8528,California
Amador,2021-02-28,103,10999,52,3532,51,7467,0,0,57,6173,46,2414,59,8587,California
Amador,2021-03-01,188,11187,66,3598,122,7589,0,0,119,6224,69,2483,120,8707,California
Amador,2021-03-02,381,11568,64,3662,317,7906,0,0,331,6506,50,2533,332,9039,California
Amador,2021-03-03,243,11811,79,3741,164,8070,0,0,167,6599,75,2608,168,9207,California
Amador,2021-03-04,497,12308,116,3857,381,8451,0,0,394,6891,102,2710,394,9601,California
Amador,2021-03-05,513,12821,77,3934,436,8887,0,0,295,6971,217,2927,297,9898,California
Amador,2021-03-06,99,12920,45,3979,53,8940,1,1,54,6981,45,2972,55,9953,California
Amador,2021-03-07,63,12983,42,4021,21,8961,0,1,20,6958,43,3015,20,9973,California
Amador,2021-03-08,152,13135,71,4092,80,9041,1,2,91,6989,61,3076,92,10065,California
Amador,2021-03-09,370,13505,50,4142,320,9361,0,2,292,7206,75,3151,292,10357,California
Amador,2021-03-10,512,14017,77,4219,433,9794,2,4,111,6919,401,3552,114,10471,California
Amador,2021-03-11,474,14491,118,4337,345,10139,11,15,299,7058,174,3726,313,10784,California
Amador,2021-03-12,570,15061,66,4403,496,10635,8,23,338,7178,231,3957,351,11135,California
Amador,2021-03-13,114,15175,18,4421,89,10724,7,30,74,7223,40,3997,85,11220,California
Amador,2021-03-14,89,15264,19,4440,67,10791,3,33,21,7179,68,4065,24,11244,California
Amador,2021-03-15,178,15442,25,4465,146,10937,7,40,55,7120,123,4188,64,11308,California
Amador,2021-03-16,450,15892,54,4519,386,11323,10,50,138,6958,310,4498,148,11456,California
Amador,2021-03-17,192,16084,42,4561,147,11470,3,53,116,7002,76,4574,120,11576,California
Amador,2021-03-18,477,16561,100,4661,373,11843,4,57,251,7035,226,4800,259,11835,California
Amador,2021-03-19,540,17101,56,4717,467,12310,17,74,391,7299,147,4947,411,12246,California
Amador,2021-03-20,110,17211,45,4762,64,12374,1,75,46,7285,63,5010,49,12295,California
Amador,2021-03-21,48,17259,36,4798,11,12385,1,76,31,7303,16,5026,34,12329,California
Amador,2021-03-22,115,17374,33,4831,53,12438,29,105,51,7319,64,5090,80,12409,California
Amador,2021-03-23,435,17809,47,4878,380,12818,8,113,276,7446,158,5248,285,12694,California
Amador,2021-03-24,342,18151,35,4913,54,12872,253,366,34,7426,307,5555,287,12981,California
Amador,2021-03-25,606,18757,84,4997,516,13388,6,372,394,7615,211,5766,400,13381,California
Amador,2021-03-26,742,19499,44,5041,692,14080,6,378,280,7444,460,6226,289,13670,California
Amador,2021-03-27,91,19590,15,5056,74,14154,2,380,27,7411,64,6290,31,13701,California
Amador,2021-03-28,69,19659,15,5071,52,14206,2,382,13,7372,55,6345,16,13717,California
Amador,2021-03-29,180,19839,26,5097,153,14359,1,383,81,7362,97,6442,87,13804,California
Amador,2021-03-30,534,20373,28,5125,505,14864,1,384,294,7418,239,6681,295,14099,California
Amador,2021-03-31,199,20572,57,5182,137,15001,5,389,43,7310,156,6837,48,14147,California
Amador,2021-04-01,615,21187,87,5269,528,15529,0,389,263,7226,349,7186,265,14412,California
Amador,2021-04-02,606,21793,38,5307,556,16085,12,401,381,7396,224,7410,394,14806,California
Amador,2021-04-03,84,21877,20,5327,44,16129,20,421,21,7376,63,7473,43,14849,California
Amador,2021-04-04,38,21915,3,5330,29,16158,6,427,15,7374,23,7496,21,14870,California
Amador,2021-04-05,144,22059,52,5382,75,16233,17,444,49,7348,94,7590,68,14938,California
Amador,2021-04-06,502,22561,38,5420,445,16678,19,463,222,7311,278,7868,241,15179,California
Amador,2021-04-07,99,22660,34,5454,46,16724,19,482,43,7319,54,7922,62,15241,California
Amador,2021-04-08,494,23154,84,5538,389,17113,21,503,221,7289,272,8194,242,15483,California
Amador,2021-04-09,482,23636,21,5559,442,17555,19,522,212,7249,269,8463,229,15712,California
Amador,2021-04-10,50,23686,14,5573,27,17582,9,531,22,7252,28,8491,31,15743,California
Amador,2021-04-11,50,23736,25,5598,21,17603,4,535,23,7253,26,8517,27,15770,California
Amador,2021-04-12,97,23833,25,5623,62,17665,10,545,41,7248,56,8573,51,15821,California
Amador,2021-04-13,344,24177,50,5673,294,17959,0,545,68,7041,275,8848,68,15889,California
Amador,2021-04-14,278,24455,26,5699,252,18211,0,545,177,7118,100,8948,177,16066,California
Amador,2021-04-15,329,24784,72,5771,257,18468,0,545,72,6938,252,9200,72,16138,California
Amador,2021-04-16,482,25266,29,5800,453,18921,0,545,384,7226,96,9296,384,16522,California
Amador,2021-04-17,60,25326,34,5834,26,18947,0,545,26,7218,34,9330,26,16548,California
Amador,2021-04-18,26,25352,6,5840,20,18967,0,545,11,7215,14,9344,11,16559,California
Amador,2021-04-19,69,25421,27,5867,42,19009,0,545,31,7211,37,9381,33,16592,California
Amador,2021-04-20,436,25857,54,5921,382,19391,0,545,111,7006,318,9699,113,16705,California
Amador,2021-04-21,85,25942,33,5954,52,19443,0,545,43,7008,41,9740,43,16748,California
Amador,2021-04-22,496,26438,77,6031,418,19861,1,546,104,6728,385,10125,105,16853,California
Amador,2021-04-23,358,26796,46,6077,312,20173,0,546,286,6945,71,10196,288,17141,California
Amador,2021-04-24,47,26843,23,6100,24,20197,0,546,26,6951,20,10216,26,17167,California
Amador,2021-04-25,41,26884,19,6119,22,20219,0,546,29,6968,12,10228,29,17196,California
Amador,2021-04-26,86,26970,26,6145,59,20278,1,547,41,6966,44,10272,42,17238,California
Amador,2021-04-27,486,27456,36,6181,450,20728,0,547,84,6651,400,10672,85,17323,California
Amador,2021-04-28,67,27523,29,6210,34,20762,4,551,39,6666,28,10700,43,17366,California
Amador,2021-04-29,221,27744,69,6279,44,20806,108,659,64,6680,157,10857,171,17537,California
Amador,2021-04-30,338,28082,26,6305,308,21114,4,663,96,6538,242,11099,100,17637,California
Amador,2021-05-01,42,28124,16,6321,22,21136,4,667,22,6546,18,11117,26,17663,California
Amador,2021-05-02,26,28150,14,6335,9,21145,3,670,9,6542,17,11134,13,17676,California
Amador,2021-05-03,67,28217,33,6368,24,21169,10,680,27,6539,40,11174,37,17713,California
Amador,2021-05-04,465,28682,25,6393,433,21602,7,687,68,6217,397,11571,75,17788,California
Amador,2021-05-05,202,28884,153,6546,40,21642,9,696,163,6350,39,11610,172,17960,California
Amador,2021-05-06,108,28992,54,6600,49,21691,5,701,63,6375,43,11653,68,18028,California
Amador,2021-05-07,127,29119,30,6630,90,21781,7,708,68,6391,59,11712,75,18103,California
Amador,2021-05-08,41,29160,7,6637,30,21811,4,712,19,6392,22,11734,23,18126,California
Amador,2021-05-09,15,29175,0,6637,9,21820,6,718,4,6391,11,11745,10,18136,California
Amador,2021-05-10,62,29237,15,6652,44,21864,3,721,26,6384,36,11781,29,18165,California
Amador,2021-05-11,101,29338,33,6685,42,21906,26,747,45,6399,56,11837,71,18236,California
Amador,2021-05-12,62,29400,20,6705,41,21947,1,748,28,6394,34,11871,29,18265,California
Amador,2021-05-13,60,29460,39,6744,19,21966,2,750,28,6393,31,11902,30,18295,California
Amador,2021-05-14,48,29508,26,6770,21,21987,1,751,33,6412,15,11917,34,18329,California
Butte,2020-12-16,3,3,3,3,0,0,0,0,3,3,0,0,3,3,California
Butte,2020-12-17,21,24,21,24,0,0,0,0,21,24,0,0,21,24,California
Butte,2020-12-18,50,74,50,74,0,0,0,0,50,74,0,0,50,74,California
Butte,2020-12-19,7,81,7,81,0,0,0,0,7,81,0,0,7,81,California
Butte,2020-12-20,10,91,10,91,0,0,0,0,10,91,0,0,10,91,California
Butte,2020-12-21,634,725,634,725,0,0,0,0,634,725,0,0,634,725,California
Butte,2020-12-22,618,1343,616,1341,2,2,0,0,618,1343,0,0,618,1343,California
Butte,2020-12-23,870,2213,854,2195,16,18,0,0,870,2213,0,0,870,2213,California
Butte,2020-12-24,159,2372,155,2350,4,22,0,0,159,2372,0,0,159,2372,California
Butte,2020-12-26,93,2465,91,2441,2,24,0,0,93,2465,0,0,93,2465,California
Butte,2020-12-27,35,2500,34,2475,1,25,0,0,35,2500,0,0,35,2500,California
Butte,2020-12-28,279,2779,273,2748,6,31,0,0,279,2779,0,0,279,2779,California
Butte,2020-12-29,203,2982,179,2927,24,55,0,0,203,2982,0,0,203,2982,California
Butte,2020-12-30,513,3495,291,3218,222,277,0,0,513,3495,0,0,513,3495,California
Butte,2020-12-31,211,3706,18,3236,193,470,0,0,211,3706,0,0,211,3706,California
Butte,2021-01-01,8,3714,1,3237,7,477,0,0,8,3714,0,0,8,3714,California
Butte,2021-01-02,41,3755,38,3275,3,480,0,0,41,3755,0,0,41,3755,California
Butte,2021-01-03,4,3759,1,3276,3,483,0,0,4,3759,0,0,4,3759,California
Butte,2021-01-04,208,3967,175,3451,33,516,0,0,208,3967,0,0,208,3967,California
Butte,2021-01-05,197,4164,152,3603,45,561,0,0,196,4162,1,1,196,4163,California
Butte,2021-01-06,624,4788,397,4000,227,788,0,0,619,4777,5,6,620,4783,California
Butte,2021-01-07,761,5549,369,4369,392,1180,0,0,741,5498,20,26,741,5524,California
Butte,2021-01-08,668,6217,529,4898,139,1319,0,0,622,6074,46,72,622,6146,California
Butte,2021-01-09,12,6229,7,4905,5,1324,0,0,7,6076,5,77,7,6153,California
Butte,2021-01-10,19,6248,5,4910,14,1338,0,0,14,6085,5,82,14,6167,California
Butte,2021-01-11,985,7233,949,5859,36,1374,0,0,357,5817,628,710,360,6527,California
Butte,2021-01-12,698,7931,653,6512,45,1419,0,0,274,5667,424,1134,274,6801,California
Butte,2021-01-13,1451,9382,957,7469,494,1913,0,0,616,5450,835,1969,618,7419,California
Butte,2021-01-14,1635,11017,894,8363,741,2654,0,0,1439,6694,195,2164,1439,8858,California
Butte,2021-01-15,1167,12184,925,9288,242,2896,0,0,1058,7642,110,2274,1058,9916,California
Butte,2021-01-16,586,12770,300,9588,286,3182,0,0,541,8138,45,2319,541,10457,California
Butte,2021-01-17,239,13009,64,9652,175,3357,0,0,202,8303,37,2356,202,10659,California
Butte,2021-01-18,344,13353,302,9954,42,3399,0,0,276,8512,67,2423,276,10935,California
Butte,2021-01-19,497,13850,433,10387,64,3463,0,0,224,8463,273,2696,224,11159,California
Butte,2021-01-20,1369,15219,688,11075,681,4144,0,0,1066,9226,303,2999,1066,12225,California
Butte,2021-01-21,1474,16693,866,11941,608,4752,0,0,1366,10485,107,3106,1366,13591,California
Butte,2021-01-22,1135,17828,476,12417,659,5411,0,0,1082,11514,53,3159,1082,14673,California
Butte,2021-01-23,129,17957,87,12504,42,5453,0,0,103,11591,26,3185,103,14776,California
Butte,2021-01-24,9,17966,7,12511,2,5455,0,0,9,11600,0,3185,9,14785,California
Butte,2021-01-25,655,18621,335,12846,320,5775,0,0,492,11929,163,3348,492,15277,California
Butte,2021-01-26,1468,20089,377,13223,1091,6866,0,0,1331,13123,137,3485,1331,16608,California
Butte,2021-01-27,2093,22182,706,13929,1387,8253,0,0,1363,13757,729,4214,1363,17971,California
Butte,2021-01-28,2261,24443,260,14189,2001,10254,0,0,1951,15399,309,4523,1951,19922,California
Butte,2021-01-29,1686,26129,487,14676,1199,11453,0,0,1307,16328,378,4901,1307,21229,California
Butte,2021-01-30,32,26161,9,14685,23,11476,0,0,29,16354,3,4904,29,21258,California
Butte,2021-01-31,16,26177,14,14699,2,11478,0,0,15,16368,1,4905,15,21273,California
Butte,2021-02-01,1750,27927,406,15105,1344,12822,0,0,1362,17344,386,5291,1362,22635,California
Butte,2021-02-02,1931,29858,363,15468,1568,14390,0,0,1628,18668,304,5595,1628,24263,California
Butte,2021-02-03,2736,32594,772,16240,1964,16354,0,0,1845,19624,889,6484,1845,26108,California
Butte,2021-02-04,2961,35555,327,16567,2634,18988,0,0,2404,21473,555,7039,2404,28512,California
Butte,2021-02-05,1267,36822,664,17231,603,19591,0,0,549,21305,718,7757,550,29062,California
Butte,2021-02-06,144,36966,103,17334,41,19632,0,0,62,21285,82,7839,62,29124,California
Butte,2021-02-07,37,37003,33,17367,4,19636,0,0,13,21274,24,7863,13,29137,California
Butte,2021-02-08,691,37694,542,17909,149,19785,0,0,238,21059,453,8316,238,29375,California
Butte,2021-02-09,953,38647,459,18368,494,20279,0,0,723,21552,230,8546,723,30098,California
Butte,2021-02-10,1706,40353,1190,19558,516,20795,0,0,675,21198,1029,9575,675,30773,California
Butte,2021-02-11,2202,42555,1349,20907,853,21648,0,0,1006,21008,1196,10771,1006,31779,California
Butte,2021-02-12,1001,43556,433,21340,568,22216,0,0,330,20668,670,11441,330,32109,California
Butte,2021-02-13,252,43808,44,21384,208,22424,0,0,150,20716,102,11543,150,32259,California
Butte,2021-02-14,161,43969,9,21393,152,22576,0,0,156,20867,5,11548,156,32415,California
Butte,2021-02-15,263,44232,47,21440,216,22792,0,0,198,21000,65,11613,198,32613,California
Butte,2021-02-16,733,44965,433,21873,300,23092,0,0,275,20816,459,12072,275,32888,California
Butte,2021-02-17,1516,46481,849,22722,667,23759,0,0,842,20986,672,12744,842,33730,California
Butte,2021-02-18,1557,48038,763,23485,794,24553,0,0,747,20923,810,13554,747,34477,California
Butte,2021-02-19,1166,49204,387,23872,779,25332,0,0,401,20566,758,14312,401,34878,California
Butte,2021-02-20,478,49682,32,23904,446,25778,0,0,125,20339,352,14664,125,35003,California
Butte,2021-02-21,16,49698,14,23918,2,25780,0,0,11,20345,5,14669,11,35014,California
Butte,2021-02-22,1501,51199,298,24216,1203,26983,0,0,379,19605,1119,15788,379,35393,California
Butte,2021-02-23,1634,52833,297,24513,1337,28320,0,0,463,18902,1166,16954,463,35856,California
Butte,2021-02-24,2135,54968,596,25109,1539,29859,0,0,728,18231,1399,18353,728,36584,California
Butte,2021-02-25,2078,57046,580,25689,1498,31357,0,0,656,17471,1417,19770,657,37241,California
Butte,2021-02-26,920,57966,311,26000,609,31966,0,0,397,17348,520,20290,397,37638,California
Butte,2021-02-27,236,58202,48,26048,188,32154,0,0,186,17486,48,20338,186,37824,California
Butte,2021-02-28,140,58342,16,26064,124,32278,0,0,132,17610,8,20346,132,37956,California
Butte,2021-03-01,1629,59971,178,26242,1450,33728,1,1,329,16643,1297,21643,330,38286,California
Butte,2021-03-02,1746,61717,197,26439,1549,35277,0,1,312,15525,1430,23073,312,38598,California
Butte,2021-03-03,2785,64502,849,27288,1936,37213,0,1,481,13703,2303,25376,481,39079,California
Butte,2021-03-04,3143,67645,678,27966,2465,39678,0,1,622,11805,2520,27896,622,39701,California
Butte,2021-03-05,1347,68992,615,28581,731,40409,1,2,734,11930,610,28506,735,40436,California
Butte,2021-03-06,247,69239,27,28608,197,40606,23,25,186,12079,60,28566,209,40645,California
Butte,2021-03-07,55,69294,3,28611,35,40641,17,42,30,12101,25,28591,47,40692,California
Butte,2021-03-08,1265,70559,129,28740,1059,41700,77,119,1100,13116,162,28753,1177,41869,California
Butte,2021-03-09,1899,72458,279,29019,1517,43217,103,222,1411,14145,485,29238,1514,43383,California
Butte,2021-03-10,2321,74779,966,29985,1254,44471,101,323,1579,15087,737,29975,1679,45062,California
Butte,2021-03-11,2808,77587,1316,31301,1366,45837,126,449,1982,16380,815,30790,2108,47170,California
Butte,2021-03-12,1146,78733,329,31630,468,46305,349,798,357,16303,783,31573,706,47876,California
Butte,2021-03-13,254,78987,67,31697,138,46443,49,847,62,16221,192,31765,110,47986,California
Butte,2021-03-14,161,79148,15,31712,104,46547,42,889,21,16145,139,31904,63,48049,California
Butte,2021-03-15,1722,80870,360,32072,1069,47616,293,1182,1127,16977,588,32492,1420,49469,California
Butte,2021-03-16,1632,82502,417,32489,1137,48753,78,1260,1092,17609,537,33029,1169,50638,California
Butte,2021-03-17,1953,84455,1358,33847,514,49267,81,1341,1135,18014,810,33839,1215,51853,California
Butte,2021-03-18,1806,86261,1464,35311,213,49480,129,1470,1062,18466,738,34577,1190,53043,California
Butte,2021-03-19,699,86960,313,35624,302,49782,84,1554,346,18552,344,34921,430,53473,California
Butte,2021-03-20,205,87165,32,35656,157,49939,16,1570,93,18549,112,35033,109,53582,California
Butte,2021-03-21,58,87223,27,35683,2,49941,29,1599,15,18550,43,35076,44,53626,California
Butte,2021-03-22,1463,88686,353,36036,1016,50957,94,1693,1198,19579,263,35339,1292,54918,California
Butte,2021-03-23,1805,90491,493,36529,1198,52155,114,1807,1455,20801,347,35686,1569,56487,California
Butte,2021-03-24,2250,92741,1269,37798,855,53010,126,1933,1702,22084,544,36230,1827,58314,California
Butte,2021-03-25,1485,94226,1202,39000,191,53201,92,2025,1021,22737,460,36690,1113,59427,California
Butte,2021-03-26,1211,95437,441,39441,524,53725,246,2271,566,22912,637,37327,812,60239,California
Butte,2021-03-27,300,95737,84,39525,192,53917,24,2295,134,22905,163,37490,156,60395,California
Butte,2021-03-28,227,95964,44,39569,175,54092,8,2303,102,22892,122,37612,109,60504,California
Butte,2021-03-29,1720,97684,381,39950,1269,55361,70,2373,1305,23857,410,38022,1375,61879,California
Butte,2021-03-30,1041,98725,471,40421,480,55841,90,2463,497,23906,538,38560,587,62466,California
Butte,2021-03-31,1779,100504,1305,41726,407,56248,67,2530,1089,24378,684,39244,1156,63622,California
Butte,2021-04-01,3287,103791,2670,44396,490,56738,127,2657,2218,25660,1064,40308,2346,65968,California
Butte,2021-04-02,998,104789,417,44813,461,57199,120,2777,560,25908,430,40738,678,66646,California
Butte,2021-04-03,347,105136,47,44860,225,57424,75,2852,167,25970,180,40918,242,66888,California
Butte,2021-04-04,185,105321,23,44883,139,57563,23,2875,106,26023,77,40995,130,67018,California
Butte,2021-04-05,1955,107276,421,45304,1363,58926,171,3046,594,25434,1352,42347,763,67781,California
Butte,2021-04-06,2190,109466,618,45922,1152,60078,420,3466,793,25253,1391,43738,1210,68991,California
Butte,2021-04-07,3008,112474,1312,47234,1304,61382,392,3858,699,24041,2303,46041,1091,70082,California
Butte,2021-04-08,2720,115194,1189,48423,1266,62648,265,4123,438,22465,2279,48320,703,70785,California
Butte,2021-04-09,1365,116559,349,48772,536,63184,480,4603,325,22230,1037,49357,802,71587,California
Butte,2021-04-10,220,116779,48,48820,75,63259,97,4700,96,22299,123,49480,192,71779,California
Butte,2021-04-11,107,116886,45,48865,52,63311,10,4710,83,22370,22,49502,93,71872,California
Butte,2021-04-12,1407,118293,314,49179,960,64271,133,4843,252,21600,1155,50657,385,72257,California
Butte,2021-04-13,1641,119934,571,49750,1064,65335,6,4849,350,20672,1284,51941,356,72613,California
Butte,2021-04-14,2827,122761,2337,52087,490,65825,0,4849,1311,20473,1511,53452,1312,73925,California
Butte,2021-04-15,640,123401,395,52482,245,66070,0,4849,483,20802,154,53606,483,74408,California
Butte,2021-04-16,809,124210,415,52897,394,66464,0,4849,474,20944,332,53938,474,74882,California
Butte,2021-04-17,341,124551,62,52959,279,66743,0,4849,239,21083,100,54038,239,75121,California
Butte,2021-04-18,41,124592,11,52970,30,66773,0,4849,37,21116,4,54042,37,75158,California
Butte,2021-04-19,1558,126150,380,53350,1178,67951,0,4849,446,20454,1108,55150,446,75604,California
Butte,2021-04-20,1966,128116,714,54064,1252,69203,0,4849,774,20042,1186,56336,774,76378,California
Butte,2021-04-21,2050,130166,1166,55230,884,70087,0,4849,481,18960,1563,57899,481,76859,California
Butte,2021-04-22,2212,132378,1934,57164,278,70365,0,4849,635,18022,1573,59472,635,77494,California
Butte,2021-04-23,946,133324,446,57610,500,70865,0,4849,491,18059,454,59926,491,77985,California
Butte,2021-04-24,345,133669,138,57748,207,71072,0,4849,191,18096,154,60080,191,78176,California
Butte,2021-04-25,172,133841,67,57815,105,71177,0,4849,63,18050,109,60189,63,78239,California
Butte,2021-04-26,1485,135326,426,58241,1054,72231,5,4854,417,17407,1065,61254,422,78661,California
Butte,2021-04-27,934,136260,638,58879,269,72500,27,4881,562,17628,368,61622,589,79250,California
Butte,2021-04-28,1390,137650,935,59814,431,72931,24,4905,499,17265,886,62508,523,79773,California
Butte,2021-04-29,878,138528,541,60355,312,73243,25,4930,296,17008,578,63086,321,80094,California
Butte,2021-04-30,892,139420,387,60742,484,73727,21,4951,452,17044,436,63522,472,80566,California
Butte,2021-05-01,239,139659,64,60806,156,73883,19,4970,72,16969,166,63688,91,80657,California
Butte,2021-05-02,147,139806,61,60867,73,73956,13,4983,42,16919,105,63793,55,80712,California
Butte,2021-05-03,605,140411,249,61116,325,74281,31,5014,157,16668,439,64232,188,80900,California
Butte,2021-05-04,814,141225,314,61430,468,74749,32,5046,210,16311,598,64830,241,81141,California
Butte,2021-05-05,1339,142564,1091,62521,212,74961,36,5082,276,15564,1059,65889,312,81453,California
Butte,2021-05-06,927,143491,671,63192,219,75180,37,5119,366,15410,557,66446,403,81856,California
Butte,2021-05-07,563,144054,291,63483,235,75415,37,5156,288,15463,272,66718,325,82181,California
Butte,2021-05-08,169,144223,36,63519,124,75539,9,5165,90,15484,78,66796,99,82280,California
Butte,2021-05-09,94,144317,20,63539,71,75610,3,5168,50,15493,44,66840,53,82333,California
Butte,2021-05-10,520,144837,307,63846,170,75780,43,5211,214,15447,303,67143,257,82590,California
Butte,2021-05-11,858,145695,639,64485,162,75942,57,5268,272,15193,583,67726,329,82919,California
Butte,2021-05-12,724,146419,469,64954,210,76152,45,5313,319,15156,401,68127,364,83283,California
Butte,2021-05-13,829,147248,556,65510,214,76366,59,5372,280,14955,538,68665,337,83620,California
Butte,2021-05-14,479,147727,316,65826,148,76514,15,5387,117,14726,361,69026,132,83752,California
Calaveras,2020-12-16,5,5,5,5,0,0,0,0,5,5,0,0,5,5,California
Calaveras,2020-12-17,3,8,3,8,0,0,0,0,3,8,0,0,3,8,California
Calaveras,2020-12-18,38,46,38,46,0,0,0,0,38,46,0,0,38,46,California
Calaveras,2020-12-19,3,49,3,49,0,0,0,0,3,49,0,0,3,49,California
Calaveras,2020-12-20,3,52,3,52,0,0,0,0,3,52,0,0,3,52,California
Calaveras,2020-12-21,55,107,48,100,7,7,0,0,55,107,0,0,55,107,California
Calaveras,2020-12-22,82,189,78,178,4,11,0,0,83,190,0,0,83,190,California
Calaveras,2020-12-23,76,265,74,252,2,13,0,0,76,266,0,0,76,266,California
Calaveras,2020-12-24,2,267,2,254,0,13,0,0,2,268,0,0,2,268,California
Calaveras,2020-12-26,3,270,3,257,0,13,0,0,3,271,0,0,3,271,California
Calaveras,2020-12-28,21,291,17,274,4,17,0,0,20,290,1,1,20,291,California
Calaveras,2020-12-29,167,458,147,421,20,37,0,0,167,457,0,1,167,458,California
Calaveras,2020-12-30,94,552,82,503,12,49,0,0,94,551,0,1,94,552,California
Calaveras,2020-12-31,36,588,25,528,11,60,0,0,36,587,0,1,36,588,California
Calaveras,2021-01-02,11,599,11,539,0,60,0,0,11,598,0,1,11,599,California
Calaveras,2021-01-03,10,609,4,543,6,66,0,0,10,608,0,1,10,609,California
Calaveras,2021-01-04,33,642,5,548,28,94,0,0,33,641,0,1,33,642,California
Calaveras,2021-01-05,40,682,9,557,31,125,0,0,31,668,9,10,36,678,California
Calaveras,2021-01-06,107,789,30,587,77,202,0,0,97,755,10,20,97,775,California
Calaveras,2021-01-07,105,894,26,613,79,281,0,0,92,837,11,31,93,868,California
Calaveras,2021-01-08,68,962,38,651,30,311,0,0,45,860,23,54,46,914,California
Calaveras,2021-01-09,5,967,5,656,0,311,0,0,2,859,3,57,2,916,California
Calaveras,2021-01-10,2,969,0,656,2,313,0,0,2,861,0,57,2,918,California
Calaveras,2021-01-11,65,1034,59,715,6,319,0,0,27,853,37,94,29,947,California
Calaveras,2021-01-12,85,1119,52,767,33,352,0,0,52,873,33,127,53,1000,California
Calaveras,2021-01-13,109,1228,44,811,65,417,0,0,75,915,34,161,76,1076,California
Calaveras,2021-01-14,138,1366,41,852,97,514,0,0,105,989,32,193,106,1182,California
Calaveras,2021-01-15,91,1457,29,881,62,576,0,0,71,1040,20,213,71,1253,California
Calaveras,2021-01-16,13,1470,2,883,11,587,0,0,12,1051,1,214,12,1265,California
Calaveras,2021-01-17,9,1479,1,884,8,595,0,0,9,1060,0,214,9,1274,California
Calaveras,2021-01-18,133,1612,20,904,113,708,0,0,119,1168,14,228,122,1396,California
Calaveras,2021-01-19,205,1817,175,1079,30,738,0,0,62,1089,142,370,63,1459,California
Calaveras,2021-01-20,377,2194,82,1161,295,1033,0,0,291,1305,85,455,301,1760,California
Calaveras,2021-01-21,462,2656,40,1201,422,1455,0,0,432,1715,30,485,440,2200,California
Calaveras,2021-01-22,401,3057,23,1224,378,1833,0,0,390,2102,11,496,398,2598,California
Calaveras,2021-01-23,22,3079,10,1234,12,1845,0,0,18,2116,4,500,18,2616,California
Calaveras,2021-01-24,13,3092,8,1242,5,1850,0,0,11,2125,2,502,11,2627,California
Calaveras,2021-01-25,86,3178,8,1250,78,1928,0,0,81,2201,5,507,81,2708,California
Calaveras,2021-01-26,47,3225,15,1265,32,1960,0,0,39,2232,8,515,39,2747,California
Calaveras,2021-01-27,133,3358,43,1308,90,2050,0,0,105,2310,27,542,105,2852,California
Calaveras,2021-01-28,164,3522,24,1332,140,2190,0,0,140,2430,24,566,144,2996,California
Calaveras,2021-01-29,387,3909,11,1343,376,2566,0,0,362,2776,25,591,371,3367,California
Calaveras,2021-01-30,27,3936,10,1353,17,2583,0,0,25,2801,0,591,25,3392,California
Calaveras,2021-01-31,6,3942,4,1357,2,2585,0,0,5,2805,1,592,5,3397,California
Calaveras,2021-02-01,25,3967,11,1368,14,2599,0,0,17,2814,8,600,17,3414,California
Calaveras,2021-02-02,109,4076,22,1390,87,2686,0,0,71,2853,33,633,72,3486,California
Calaveras,2021-02-03,429,4505,42,1432,387,3073,0,0,345,3117,83,716,347,3833,California
Calaveras,2021-02-04,381,4886,25,1457,356,3429,0,0,296,3331,85,801,299,4132,California
Calaveras,2021-02-05,78,4964,22,1479,56,3485,0,0,40,3334,38,839,41,4173,California
Calaveras,2021-02-06,21,4985,12,1491,9,3494,0,0,21,3355,0,839,21,4194,California
Calaveras,2021-02-07,4,4989,1,1492,3,3497,0,0,2,3355,2,841,2,4196,California
Calaveras,2021-02-08,39,5028,18,1510,21,3518,0,0,31,3380,6,847,31,4227,California
Calaveras,2021-02-09,193,5221,77,1587,116,3634,0,0,131,3458,54,901,132,4359,California
Calaveras,2021-02-10,513,5734,31,1618,482,4116,0,0,442,3833,71,972,446,4805,California
Calaveras,2021-02-11,583,6317,81,1699,502,4618,0,0,472,4201,108,1080,476,5281,California
Calaveras,2021-02-12,570,6887,325,2024,245,4863,0,0,494,4623,74,1154,496,5777,California
Calaveras,2021-02-13,194,7081,38,2062,156,5019,0,0,179,4787,15,1169,179,5956,California
Calaveras,2021-02-14,221,7302,71,2133,150,5169,0,0,206,4979,14,1183,206,6162,California
Calaveras,2021-02-15,383,7685,23,2156,360,5529,0,0,263,5125,117,1300,263,6425,California
Calaveras,2021-02-16,268,7953,144,2300,124,5653,0,0,230,5319,38,1338,232,6657,California
Calaveras,2021-02-17,510,8463,38,2338,472,6125,0,0,210,5240,291,1629,212,6869,California
Calaveras,2021-02-18,499,8962,91,2429,408,6533,0,0,99,4953,386,2015,99,6968,California
Calaveras,2021-02-19,440,9402,43,2472,397,6930,0,0,98,4719,332,2347,98,7066,California
Calaveras,2021-02-20,59,9461,15,2487,44,6974,0,0,48,4756,11,2358,48,7114,California
Calaveras,2021-02-21,23,9484,14,2501,9,6983,0,0,19,4771,4,2362,19,7133,California
Calaveras,2021-02-22,62,9546,38,2539,24,7007,0,0,33,4775,29,2391,33,7166,California
Calaveras,2021-02-23,125,9671,40,2579,85,7092,0,0,89,4829,36,2427,90,7256,California
Calaveras,2021-02-24,96,9767,47,2626,49,7141,0,0,66,4866,29,2456,66,7322,California
Calaveras,2021-02-25,550,10317,99,2725,451,7592,0,0,359,5039,186,2642,359,7681,California
Calaveras,2021-02-26,706,11023,46,2771,660,8252,0,0,370,5091,320,2962,372,8053,California
Calaveras,2021-02-27,204,11227,22,2793,182,8434,0,0,180,5247,24,2986,180,8233,California
Calaveras,2021-02-28,99,11326,16,2809,83,8517,0,0,93,5335,5,2991,93,8326,California
Calaveras,2021-03-01,229,11555,41,2850,188,8705,0,0,146,5402,80,3071,147,8473,California
Calaveras,2021-03-02,249,11804,96,2946,153,8858,0,0,203,5563,43,3114,204,8677,California
Calaveras,2021-03-03,510,12314,103,3049,407,9265,0,0,213,5485,291,3405,213,8890,California
Calaveras,2021-03-04,742,13056,66,3115,675,9940,1,1,351,5455,382,3787,352,9242,California
Calaveras,2021-03-05,455,13511,271,3386,180,10120,4,5,140,5288,311,4098,144,9386,California
Calaveras,2021-03-06,155,13666,42,3428,107,10227,6,11,121,5381,34,4132,127,9513,California
Calaveras,2021-03-07,75,13741,32,3460,36,10263,7,18,34,5381,41,4173,41,9554,California
Calaveras,2021-03-08,162,13903,27,3487,127,10390,8,26,128,5484,33,4206,136,9690,California
Calaveras,2021-03-09,360,14263,136,3623,218,10608,6,32,32,5199,323,4529,38,9728,California
Calaveras,2021-03-10,417,14680,29,3652,385,10993,3,35,57,4904,355,4884,60,9788,California
Calaveras,2021-03-11,849,15529,421,4073,415,11408,13,48,432,4938,412,5296,446,10234,California
Calaveras,2021-03-12,401,15930,213,4286,178,11586,10,58,326,5206,74,5370,342,10576,California
Calaveras,2021-03-13,177,16107,16,4302,153,11739,8,66,142,5324,34,5404,152,10728,California
Calaveras,2021-03-14,156,16263,11,4313,144,11883,1,67,18,5212,138,5542,26,10754,California
Calaveras,2021-03-15,331,16594,48,4361,257,12140,26,93,52,5016,278,5820,82,10836,California
Calaveras,2021-03-16,685,17279,550,4911,115,12255,20,113,545,5443,138,5958,565,11401,California
Calaveras,2021-03-17,279,17558,52,4963,213,12468,14,127,50,5282,226,6184,65,11466,California
Calaveras,2021-03-18,666,18224,570,5533,80,12548,16,143,549,5732,117,6301,567,12033,California
Calaveras,2021-03-19,231,18455,50,5583,107,12655,74,217,56,5690,171,6472,129,12162,California
Calaveras,2021-03-20,80,18535,21,5604,58,12713,1,218,23,5658,57,6529,25,12187,California
Calaveras,2021-03-21,48,18583,31,5635,6,12719,11,229,12,5645,36,6565,23,12210,California
Calaveras,2021-03-22,80,18663,36,5671,23,12742,21,250,26,5638,54,6619,47,12257,California
Calaveras,2021-03-23,294,18957,204,5875,80,12822,10,260,116,5595,169,6788,126,12383,California
Calaveras,2021-03-24,132,19089,50,5925,72,12894,10,270,43,5560,88,6876,53,12436,California
Calaveras,2021-03-25,741,19830,102,6027,636,13530,3,273,447,5719,291,7167,450,12886,California
Calaveras,2021-03-26,426,20256,28,6055,392,13922,6,279,88,5480,335,7502,96,12982,California
Calaveras,2021-03-27,212,20468,19,6074,189,14111,4,283,37,5351,172,7674,43,13025,California
Calaveras,2021-03-28,111,20579,12,6086,97,14208,2,285,8,5260,102,7776,11,13036,California
Calaveras,2021-03-29,179,20758,23,6109,153,14361,3,288,58,5203,119,7895,62,13098,California
Calaveras,2021-03-30,532,21290,24,6133,491,14852,17,305,356,5401,175,8070,373,13471,California
Calaveras,2021-03-31,322,21612,140,6273,172,15024,10,315,156,5402,166,8236,167,13638,California
Calaveras,2021-04-01,685,22297,442,6715,242,15266,1,316,187,5096,497,8733,191,13829,California
Calaveras,2021-04-02,395,22692,232,6947,155,15421,8,324,118,4949,274,9007,127,13956,California
Calaveras,2021-04-03,144,22836,34,6981,106,15527,4,328,39,4887,105,9112,43,13999,California
Calaveras,2021-04-04,78,22914,25,7006,53,15580,0,328,49,4907,29,9141,49,14048,California
Calaveras,2021-04-05,209,23123,79,7085,121,15701,9,337,99,4906,110,9251,109,14157,California
Calaveras,2021-04-06,650,23773,573,7658,64,15765,13,350,111,4494,536,9787,124,14281,California
Calaveras,2021-04-07,753,24526,657,8315,60,15825,36,386,617,5012,136,9923,654,14935,California
Calaveras,2021-04-08,945,25471,854,9169,70,15895,21,407,435,4963,507,10430,458,15393,California
Calaveras,2021-04-09,154,25625,58,9227,48,15943,48,455,57,4973,96,10526,106,15499,California
Calaveras,2021-04-10,189,25814,42,9269,129,16072,18,473,147,5098,41,10567,166,15665,California
Calaveras,2021-04-11,69,25883,44,9313,23,16095,2,475,48,5127,21,10588,50,15715,California
Calaveras,2021-04-12,103,25986,46,9359,38,16133,19,494,54,5152,49,10637,74,15789,California
Calaveras,2021-04-13,422,26408,367,9726,55,16188,0,494,363,5459,58,10695,365,16154,California
Calaveras,2021-04-14,182,26590,28,9754,154,16342,0,494,136,5550,46,10741,137,16291,California
Calaveras,2021-04-15,336,26926,287,10041,49,16391,0,494,253,5723,80,10821,253,16544,California
Calaveras,2021-04-16,99,27025,25,10066,74,16465,0,494,47,5722,48,10869,47,16591,California
Calaveras,2021-04-17,330,27355,128,10194,202,16667,0,494,287,5966,43,10912,287,16878,California
Calaveras,2021-04-18,18,27373,5,10199,13,16680,0,494,11,5970,7,10919,11,16889,California
Calaveras,2021-04-19,69,27442,27,10226,42,16722,0,494,42,5987,26,10945,43,16932,California
Calaveras,2021-04-20,260,27702,93,10319,167,16889,0,494,194,6117,64,11009,194,17126,California
Calaveras,2021-04-21,214,27916,146,10465,68,16957,0,494,85,6076,127,11136,86,17212,California
Calaveras,2021-04-22,543,28459,97,10562,446,17403,0,494,142,5822,399,11535,145,17357,California
Calaveras,2021-04-23,159,28618,81,10643,78,17481,0,494,65,5795,92,11627,65,17422,California
Calaveras,2021-04-24,172,28790,36,10679,136,17617,0,494,129,5883,42,11669,130,17552,California
Calaveras,2021-04-25,43,28833,28,10707,15,17632,0,494,22,5886,21,11690,24,17576,California
Calaveras,2021-04-26,96,28929,59,10766,37,17669,0,494,28,5847,68,11758,29,17605,California
Calaveras,2021-04-27,424,29353,58,10824,352,18021,14,508,58,5555,364,12122,72,17677,California
Calaveras,2021-04-28,641,29994,573,11397,37,18058,31,539,52,5058,589,12711,92,17769,California
Calaveras,2021-04-29,509,30503,439,11836,51,18109,19,558,74,4722,434,13145,98,17867,California
Calaveras,2021-04-30,148,30651,60,11896,83,18192,5,563,67,4719,81,13226,78,17945,California
Calaveras,2021-05-01,197,30848,109,12005,86,18278,2,565,130,4789,66,13292,136,18081,California
Calaveras,2021-05-02,52,30900,35,12040,16,18294,1,566,20,4780,31,13323,22,18103,California
Calaveras,2021-05-03,92,30992,70,12110,17,18311,5,571,29,4755,63,13386,38,18141,California
Calaveras,2021-05-04,413,31405,328,12438,48,18359,37,608,42,4465,370,13756,80,18221,California
Calaveras,2021-05-05,110,31515,56,12494,22,18381,32,640,48,4483,61,13817,79,18300,California
Calaveras,2021-05-06,253,31768,194,12688,36,18417,23,663,47,4349,205,14022,71,18371,California
Calaveras,2021-05-07,84,31852,24,12712,54,18471,6,669,54,4379,30,14052,60,18431,California
Calaveras,2021-05-08,289,32141,140,12852,147,18618,2,671,92,4278,195,14247,94,18525,California
Calaveras,2021-05-09,28,32169,12,12864,13,18631,3,674,12,4277,16,14263,15,18540,California
Calaveras,2021-05-10,52,32221,23,12887,28,18659,1,675,23,4274,28,14291,25,18565,California
Calaveras,2021-05-11,127,32348,85,12972,30,18689,12,687,88,4337,38,14329,101,18666,California
Calaveras,2021-05-12,155,32503,35,13007,120,18809,0,687,41,4265,113,14442,41,18707,California
Calaveras,2021-05-13,107,32610,57,13064,34,18843,16,703,53,4281,53,14495,69,18776,California
Calaveras,2021-05-14,80,32690,59,13123,20,18863,1,704,67,4336,13,14508,68,18844,California
Colusa,2020-12-18,1,1,1,1,0,0,0,0,1,1,0,0,1,1,California
Colusa,2020-12-21,2,3,2,3,0,0,0,0,2,3,0,0,2,3,California
Colusa,2020-12-22,10,13,10,13,0,0,0,0,10,13,0,0,10,13,California
Colusa,2020-12-23,10,23,10,23,0,0,0,0,10,23,0,0,10,23,California
Colusa,2020-12-24,2,25,1,24,1,1,0,0,2,25,0,0,2,25,California
Colusa,2020-12-27,1,26,1,25,0,1,0,0,1,26,0,0,1,26,California
Colusa,2020-12-28,7,33,3,28,4,5,0,0,7,33,0,0,7,33,California
Colusa,2020-12-29,11,44,8,36,3,8,0,0,11,44,0,0,11,44,California
Colusa,2020-12-30,50,94,13,49,37,45,0,0,50,94,0,0,50,94,California
Colusa,2020-12-31,18,112,1,50,17,62,0,0,18,112,0,0,18,112,California
Colusa,2021-01-04,4,116,0,50,4,66,0,0,4,116,0,0,4,116,California
Colusa,2021-01-05,67,183,1,51,66,132,0,0,67,183,0,0,67,183,California
Colusa,2021-01-06,15,198,9,60,6,138,0,0,15,198,0,0,15,198,California
Colusa,2021-01-07,38,236,4,64,34,172,0,0,37,234,1,1,37,235,California
Colusa,2021-01-08,9,245,7,71,2,174,0,0,8,241,1,2,8,243,California
Colusa,2021-01-09,2,247,1,72,1,175,0,0,2,243,0,2,2,245,California
Colusa,2021-01-10,1,248,0,72,1,176,0,0,1,244,0,2,1,246,California
Colusa,2021-01-11,12,260,6,78,6,182,0,0,7,246,5,7,7,253,California
Colusa,2021-01-12,11,271,9,87,2,184,0,0,6,247,5,12,6,259,California
Colusa,2021-01-13,21,292,13,100,8,192,0,0,13,252,8,20,13,272,California
Colusa,2021-01-14,35,327,28,128,7,199,0,0,33,283,2,22,33,305,California
Colusa,2021-01-15,42,369,5,133,37,236,0,0,40,321,2,24,40,345,California
Colusa,2021-01-16,12,381,1,134,11,247,0,0,11,331,1,25,11,356,California
Colusa,2021-01-17,3,384,2,136,1,248,0,0,2,332,1,26,2,358,California
Colusa,2021-01-18,4,388,0,136,4,252,0,0,4,336,0,26,4,362,California
Colusa,2021-01-19,9,397,8,144,1,253,0,0,5,337,4,30,5,367,California
Colusa,2021-01-20,115,512,101,245,14,267,0,0,102,426,13,43,102,469,California
Colusa,2021-01-21,56,568,41,286,15,282,0,0,55,480,1,44,55,524,California
Colusa,2021-01-22,40,608,17,303,23,305,0,0,35,510,5,49,35,559,California
Colusa,2021-01-23,35,643,6,309,29,334,0,0,35,545,0,49,35,594,California
Colusa,2021-01-25,7,650,0,309,7,341,0,0,7,552,0,49,7,601,California
Colusa,2021-01-26,8,658,5,314,3,344,0,0,5,554,3,52,5,606,California
Colusa,2021-01-27,109,767,31,345,78,422,0,0,107,659,2,54,107,713,California
Colusa,2021-01-28,79,846,46,391,33,455,0,0,72,724,7,61,72,785,California
Colusa,2021-01-29,41,887,7,398,34,489,0,0,40,763,1,62,40,825,California
Colusa,2021-01-30,27,914,4,402,23,512,0,0,27,790,0,62,27,852,California
Colusa,2021-01-31,7,921,7,409,0,512,0,0,7,797,0,62,7,859,California
Colusa,2021-02-01,27,948,10,419,17,529,0,0,22,814,5,67,22,881,California
Colusa,2021-02-02,42,990,8,427,34,563,0,0,36,844,6,73,36,917,California
Colusa,2021-02-03,69,1059,10,437,59,622,0,0,59,893,10,83,59,976,California
Colusa,2021-02-04,143,1202,81,518,62,684,0,0,115,980,28,111,115,1091,California
Colusa,2021-02-05,32,1234,8,526,24,708,0,0,29,1006,3,114,29,1120,California
Colusa,2021-02-06,284,1518,8,534,276,984,0,0,273,1268,11,125,273,1393,California
Colusa,2021-02-07,2,1520,1,535,1,985,0,0,0,1266,2,127,0,1393,California
Colusa,2021-02-08,40,1560,5,540,35,1020,0,0,37,1300,3,130,37,1430,California
Colusa,2021-02-09,231,1791,14,554,217,1237,0,0,176,1421,55,185,176,1606,California
Colusa,2021-02-10,116,1907,41,595,75,1312,0,0,73,1451,43,228,73,1679,California
Colusa,2021-02-11,98,2005,36,631,62,1374,0,0,73,1499,25,253,73,1752,California
Colusa,2021-02-12,118,2123,9,640,109,1483,0,0,79,1538,40,293,79,1831,California
Colusa,2021-02-13,60,2183,8,648,52,1535,0,0,52,1582,8,301,52,1883,California
Colusa,2021-02-14,20,2203,8,656,12,1547,0,0,14,1590,6,307,14,1897,California
Colusa,2021-02-15,45,2248,10,666,35,1582,0,0,38,1621,7,314,38,1935,California
Colusa,2021-02-16,67,2315,4,670,63,1645,0,0,66,1686,1,315,66,2001,California
Colusa,2021-02-17,206,2521,143,813,63,1708,0,0,60,1600,146,461,60,2061,California
Colusa,2021-02-18,135,2656,35,848,100,1808,0,0,112,1689,23,484,112,2173,California
Colusa,2021-02-19,155,2811,19,867,136,1944,0,0,129,1792,26,510,129,2302,California
Colusa,2021-02-20,28,2839,6,873,22,1966,0,0,12,1788,16,526,12,2314,California
Colusa,2021-02-21,1,2840,1,874,0,1966,0,0,0,1787,1,527,0,2314,California
Colusa,2021-02-22,43,2883,26,900,17,1983,0,0,29,1802,14,541,29,2343,California
Colusa,2021-02-23,22,2905,6,906,16,1999,0,0,18,1816,4,545,18,2361,California
Colusa,2021-02-24,300,3205,54,960,246,2245,0,0,158,1832,142,687,158,2519,California
Colusa,2021-02-25,102,3307,55,1015,47,2292,0,0,66,1862,36,723,66,2585,California
Colusa,2021-02-26,99,3406,14,1029,85,2377,0,0,60,1883,39,762,60,2645,California
Colusa,2021-02-27,55,3461,4,1033,51,2428,0,0,40,1908,15,777,40,2685,California
Colusa,2021-02-28,26,3487,14,1047,12,2440,0,0,18,1918,8,785,18,2703,California
Colusa,2021-03-01,46,3533,15,1062,31,2471,0,0,29,1930,17,802,29,2732,California
Colusa,2021-03-02,49,3582,13,1075,36,2507,0,0,26,1933,23,825,26,2758,California
Colusa,2021-03-03,242,3824,43,1118,199,2706,0,0,185,2061,57,882,185,2943,California
Colusa,2021-03-04,137,3961,57,1175,80,2786,0,0,79,2082,58,940,79,3022,California
Colusa,2021-03-05,98,4059,25,1200,64,2850,9,9,53,2099,45,985,62,3084,California
Colusa,2021-03-06,274,4333,9,1209,265,3115,0,9,37,1899,237,1222,37,3121,California
Colusa,2021-03-07,8,4341,5,1214,3,3118,0,9,6,1903,2,1224,6,3127,California
Colusa,2021-03-08,89,4430,21,1235,33,3151,35,44,45,1939,44,1268,80,3207,California
Colusa,2021-03-09,274,4704,72,1307,179,3330,23,67,83,1854,191,1459,106,3313,California
Colusa,2021-03-10,289,4993,37,1344,216,3546,36,103,203,2007,86,1545,239,3552,California
Colusa,2021-03-11,420,5413,60,1404,339,3885,21,124,339,2284,81,1626,358,3910,California
Colusa,2021-03-12,109,5522,18,1422,78,3963,13,137,19,2226,90,1716,32,3942,California
Colusa,2021-03-13,61,5583,16,1438,36,3999,9,146,18,2210,43,1759,27,3969,California
Colusa,2021-03-14,20,5603,0,1438,18,4017,2,148,6,2205,13,1772,8,3977,California
Colusa,2021-03-15,69,5672,26,1464,35,4052,8,156,14,2172,55,1827,22,3999,California
Colusa,2021-03-16,296,5968,16,1480,234,4286,46,202,189,2300,107,1934,235,4234,California
Colusa,2021-03-17,195,6163,49,1529,146,4432,0,202,110,2325,85,2019,110,4344,California
Colusa,2021-03-18,324,6487,37,1566,216,4648,71,273,201,2474,123,2142,272,4616,California
Colusa,2021-03-19,78,6565,20,1586,56,4704,2,275,53,2504,25,2167,55,4671,California
Colusa,2021-03-20,49,6614,7,1593,41,4745,1,276,36,2528,13,2180,37,4708,California
Colusa,2021-03-21,6,6620,4,1597,2,4747,0,276,4,2530,2,2182,4,4712,California
Colusa,2021-03-22,62,6682,10,1607,43,4790,9,285,40,2557,22,2204,49,4761,California
Colusa,2021-03-23,81,6763,16,1623,63,4853,2,287,54,2586,27,2231,56,4817,California
Colusa,2021-03-24,337,7100,57,1680,274,5127,6,293,69,2392,268,2499,74,4891,California
Colusa,2021-03-25,109,7209,60,1740,44,5171,5,298,53,2394,56,2555,58,4949,California
Colusa,2021-03-26,298,7507,47,1787,247,5418,4,302,245,2590,53,2608,249,5198,California
Colusa,2021-03-27,63,7570,5,1792,58,5476,0,302,25,2577,38,2646,25,5223,California
Colusa,2021-03-28,16,7586,7,1799,9,5485,0,302,8,2577,8,2654,8,5231,California
Colusa,2021-03-29,71,7657,20,1819,45,5530,6,308,31,2574,40,2694,37,5268,California
Colusa,2021-03-30,147,7804,78,1897,67,5597,2,310,75,2579,72,2766,77,5345,California
Colusa,2021-03-31,234,8038,42,1939,192,5789,0,310,74,2494,159,2925,74,5419,California
Colusa,2021-04-01,428,8466,70,2009,304,6093,54,364,306,2732,121,3046,359,5778,California
Colusa,2021-04-02,81,8547,12,2021,55,6148,14,378,37,2739,44,3090,51,5829,California
Colusa,2021-04-03,61,8608,10,2031,28,6176,23,401,13,2727,48,3138,36,5865,California
Colusa,2021-04-04,18,8626,0,2031,8,6184,10,411,3,2725,15,3153,13,5878,California
Colusa,2021-04-05,96,8722,26,2057,55,6239,15,426,39,2722,57,3210,54,5932,California
Colusa,2021-04-06,128,8850,33,2090,45,6284,50,476,43,2730,85,3295,93,6025,California
Colusa,2021-04-07,355,9205,40,2130,292,6576,23,499,129,2657,226,3521,153,6178,California
Colusa,2021-04-08,428,9633,34,2164,367,6943,27,526,123,2505,302,3823,150,6328,California
Colusa,2021-04-09,76,9709,21,2185,32,6975,23,549,28,2508,48,3871,51,6379,California
Colusa,2021-04-10,44,9753,9,2194,15,6990,20,569,12,2508,32,3903,32,6411,California
Colusa,2021-04-11,16,9769,3,2197,11,7001,2,571,8,2510,8,3911,10,6421,California
Colusa,2021-04-12,31,9800,3,2200,28,7029,0,571,24,2527,7,3918,24,6445,California
Colusa,2021-04-13,277,10077,23,2223,254,7283,0,571,92,2435,184,4102,92,6537,California
Colusa,2021-04-14,95,10172,19,2242,76,7359,0,571,34,2408,61,4163,34,6571,California
Colusa,2021-04-15,323,10495,47,2289,276,7635,0,571,130,2345,193,4356,130,6701,California
Colusa,2021-04-16,80,10575,11,2300,69,7704,0,571,36,2338,43,4399,36,6737,California
Colusa,2021-04-17,53,10628,7,2307,46,7750,0,571,31,2347,22,4421,31,6768,California
Colusa,2021-04-18,9,10637,2,2309,7,7757,0,571,7,2352,2,4423,7,6775,California
Colusa,2021-04-19,61,10698,22,2331,39,7796,0,571,17,2325,44,4467,17,6792,California
Colusa,2021-04-20,176,10874,32,2363,144,7940,0,571,128,2405,48,4515,128,6920,California
Colusa,2021-04-21,170,11044,59,2422,111,8051,0,571,110,2455,60,4575,110,7030,California
Colusa,2021-04-22,418,11462,27,2449,390,8441,1,572,215,2468,202,4777,215,7245,California
Colusa,2021-04-23,91,11553,17,2466,74,8515,0,572,37,2451,54,4831,37,7282,California
Colusa,2021-04-24,237,11790,19,2485,217,8732,1,573,204,2623,33,4864,205,7487,California
Colusa,2021-04-25,12,11802,6,2491,6,8738,0,573,8,2627,4,4868,8,7495,California
Colusa,2021-04-26,23,11825,5,2496,17,8755,1,574,7,2619,15,4883,7,7502,California
Colusa,2021-04-27,94,11919,23,2519,67,8822,4,578,43,2615,51,4934,47,7549,California
Colusa,2021-04-28,188,12107,27,2546,158,8980,3,581,138,2707,49,4983,141,7690,California
Colusa,2021-04-29,317,12424,27,2573,286,9266,4,585,48,2492,267,5250,52,7742,California
Colusa,2021-04-30,65,12489,18,2591,47,9313,0,585,41,2509,24,5274,41,7783,California
Colusa,2021-05-01,19,12508,8,2599,8,9321,3,588,9,2511,10,5284,12,7795,California
Colusa,2021-05-02,3,12511,0,2599,2,9323,1,589,2,2513,1,5285,3,7798,California
Colusa,2021-05-03,21,12532,7,2606,14,9337,0,589,6,2504,15,5300,6,7804,California
Colusa,2021-05-04,86,12618,44,2650,41,9378,1,590,63,2545,23,5323,64,7868,California
Colusa,2021-05-05,67,12685,16,2666,50,9428,1,591,32,2543,35,5358,33,7901,California
Colusa,2021-05-06,253,12938,16,2682,235,9663,2,593,110,2512,143,5501,112,8013,California
Colusa,2021-05-07,67,13005,5,2687,58,9721,4,597,30,2509,37,5538,34,8047,California
Colusa,2021-05-08,18,13023,5,2692,13,9734,0,597,9,2509,9,5547,9,8056,California
Colusa,2021-05-09,13,13036,5,2697,5,9739,3,600,6,2511,7,5554,9,8065,California
Colusa,2021-05-10,16,13052,7,2704,9,9748,0,600,6,2507,10,5564,6,8071,California
Colusa,2021-05-11,93,13145,34,2738,59,9807,0,600,50,2514,43,5607,50,8121,California
Colusa,2021-05-12,74,13219,32,2770,37,9844,5,605,21,2487,53,5660,26,8147,California
Colusa,2021-05-13,220,13439,15,2785,204,10048,1,606,66,2400,154,5814,67,8214,California
Colusa,2021-05-14,38,13477,7,2792,30,10078,1,607,17,2397,21,5835,18,8232,California
Contra Costa,2020-12-15,18,18,18,18,0,0,0,0,18,18,0,0,18,18,California
Contra Costa,2020-12-16,521,539,521,539,0,0,0,0,521,539,0,0,521,539,California
Contra Costa,2020-12-17,909,1448,909,1448,0,0,0,0,909,1448,0,0,909,1448,California
Contra Costa,2020-12-18,1591,3039,1590,3038,1,1,0,0,1591,3039,0,0,1591,3039,California
Contra Costa,2020-12-19,1104,4143,1103,4141,1,2,0,0,1104,4143,0,0,1104,4143,California
Contra Costa,2020-12-20,584,4727,583,4724,1,3,0,0,584,4727,0,0,584,4727,California
Contra Costa,2020-12-21,1652,6379,1650,6374,2,5,0,0,1652,6379,0,0,1652,6379,California
Contra Costa,2020-12-22,1668,8047,1563,7937,105,110,0,0,1668,8047,0,0,1668,8047,California
Contra Costa,2020-12-23,1591,9638,1343,9280,248,358,0,0,1591,9638,0,0,1591,9638,California
Contra Costa,2020-12-24,656,10294,336,9616,320,678,0,0,656,10294,0,0,656,10294,California
Contra Costa,2020-12-25,39,10333,17,9633,22,700,0,0,39,10333,0,0,39,10333,California
Contra Costa,2020-12-26,642,10975,132,9765,510,1210,0,0,642,10975,0,0,642,10975,California
Contra Costa,2020-12-27,240,11215,87,9852,153,1363,0,0,240,11215,0,0,240,11215,California
Contra Costa,2020-12-28,1833,13048,863,10715,970,2333,0,0,1833,13048,0,0,1833,13048,California
Contra Costa,2020-12-29,1829,14877,823,11538,1006,3339,0,0,1829,14877,0,0,1829,14877,California
Contra Costa,2020-12-30,2391,17268,1213,12751,1178,4517,0,0,2390,17267,0,0,2390,17267,California
Contra Costa,2020-12-31,915,18183,308,13059,607,5124,0,0,914,18181,0,0,914,18181,California
Contra Costa,2021-01-01,61,18244,23,13082,38,5162,0,0,61,18242,0,0,61,18242,California
Contra Costa,2021-01-02,335,18579,173,13255,162,5324,0,0,335,18577,0,0,335,18577,California
Contra Costa,2021-01-03,175,18754,117,13372,58,5382,0,0,174,18751,0,0,174,18751,California
Contra Costa,2021-01-04,1904,20658,1250,14622,654,6036,0,0,1884,20617,18,18,1884,20635,California
Contra Costa,2021-01-05,2102,22760,1256,15878,846,6882,0,0,1843,22203,258,276,1844,22479,California
Contra Costa,2021-01-06,3279,26039,2247,18125,1032,7914,0,0,2519,23971,754,1030,2522,25001,California
Contra Costa,2021-01-07,3093,29132,2059,20184,1034,8948,0,0,1880,24641,1210,2240,1880,26881,California
Contra Costa,2021-01-08,3385,32517,2393,22577,992,9940,0,0,1823,24910,1557,3797,1826,28707,California
Contra Costa,2021-01-09,1585,34102,1134,23711,451,10391,0,0,748,24824,836,4633,750,29457,California
Contra Costa,2021-01-10,362,34464,286,23997,76,10467,0,0,153,24768,209,4842,153,29610,California
Contra Costa,2021-01-11,3836,38300,3144,27141,692,11159,0,0,2232,25399,1604,6446,2235,31845,California
Contra Costa,2021-01-12,3905,42205,2930,30071,975,12134,0,0,2578,26653,1327,7773,2581,34426,California
Contra Costa,2021-01-13,4708,46913,2917,32988,1791,13925,0,0,3764,29478,940,8713,3765,38191,California
Contra Costa,2021-01-14,4307,51220,1557,34545,2750,16675,0,0,3925,33021,382,9095,3925,42116,California
Contra Costa,2021-01-15,5335,56555,2459,37004,2876,19551,0,0,5012,37715,322,9417,5016,47132,California
Contra Costa,2021-01-16,1720,58275,555,37559,1165,20716,0,0,1645,39285,75,9492,1645,48777,California
Contra Costa,2021-01-17,1637,59912,975,38534,662,21378,0,0,1514,40679,123,9615,1517,50294,California
Contra Costa,2021-01-18,3202,63114,1261,39795,1941,23319,0,0,2578,42640,618,10233,2579,52873,California
Contra Costa,2021-01-19,7065,70179,3161,42956,3904,27223,0,0,6062,47707,1000,11233,6067,58940,California
Contra Costa,2021-01-20,6666,76845,4105,47061,2561,29784,0,0,5433,51916,1229,12462,5438,64378,California
Contra Costa,2021-01-21,6978,83823,3113,50174,3865,33649,0,0,6249,57449,724,13186,6257,70635,California
Contra Costa,2021-01-22,6373,90196,2708,52882,3665,37314,0,0,5515,62118,849,14035,5518,76153,California
Contra Costa,2021-01-23,2031,92227,363,53245,1668,38982,0,0,1773,63637,256,14291,1775,77928,California
Contra Costa,2021-01-24,1580,93807,217,53462,1363,40345,0,0,1435,64931,145,14436,1439,79367,California
Contra Costa,2021-01-25,6656,100463,3017,56479,3639,43984,0,0,5093,68466,1561,15997,5096,84463,California
Contra Costa,2021-01-26,8091,108554,4687,61166,3404,47388,0,0,6248,72884,1835,17832,6253,90716,California
Contra Costa,2021-01-27,8245,116799,5502,66668,2743,50131,0,0,6340,77404,1824,19656,6344,97060,California
Contra Costa,2021-01-28,7446,124245,4085,70753,3361,53492,0,0,5840,81648,1600,21256,5844,102904,California
Contra Costa,2021-01-29,7440,131685,3890,74643,3550,57042,0,0,6127,86468,1309,22565,6129,109033,California
Contra Costa,2021-01-30,2083,133768,598,75241,1485,58527,0,0,1717,87826,359,22924,1717,110750,California
Contra Costa,2021-01-31,698,134466,479,75720,219,58746,0,0,572,88275,123,23047,572,111322,California
Contra Costa,2021-02-01,5530,139996,3766,79486,1764,60510,0,0,3897,90548,1627,24674,3900,115222,California
Contra Costa,2021-02-02,7755,147751,5268,84754,2487,62997,0,0,5904,94604,1849,26523,5905,121127,California
Contra Costa,2021-02-03,8273,156024,5464,90218,2809,65806,0,0,5611,97566,2650,29173,5612,126739,California
Contra Costa,2021-02-04,7443,163467,3535,93753,3908,69714,0,0,5710,101550,1729,30902,5713,132452,California
Contra Costa,2021-02-05,8429,171896,4821,98574,3608,73322,0,0,5718,104564,2704,33606,5718,138170,California
Contra Costa,2021-02-06,3474,175370,2157,100731,1317,74639,0,0,2821,106734,652,34258,2822,140992,California
Contra Costa,2021-02-07,983,176353,712,101443,271,74910,0,0,605,106962,377,34635,605,141597,California
Contra Costa,2021-02-08,5820,182173,3443,104886,2377,77287,0,0,4338,109824,1477,36112,4339,145936,California
Contra Costa,2021-02-09,8666,190839,4780,109666,3886,81173,0,0,5771,112706,2890,39002,5772,151708,California
Contra Costa,2021-02-10,8633,199472,4648,114314,3985,85158,0,0,5355,114802,3263,42265,5359,157067,California
Contra Costa,2021-02-11,9313,208785,4218,118532,5095,90253,0,0,5266,116032,4041,46306,5271,162338,California
Contra Costa,2021-02-12,10073,218858,4616,123148,5457,95710,0,0,5452,116873,4614,50920,5455,167793,California
Contra Costa,2021-02-13,4880,223738,1368,124516,3512,99222,0,0,3400,118797,1477,52397,3401,171194,California
Contra Costa,2021-02-14,2091,225829,867,125383,1224,100446,0,0,1229,119166,860,53257,1229,172423,California
Contra Costa,2021-02-15,4458,230287,2469,127852,1989,102435,0,0,2350,119416,2101,55358,2351,174774,California
Contra Costa,2021-02-16,10417,240704,4909,132761,5508,107943,0,0,4643,118297,5766,61124,4647,179421,California
Contra Costa,2021-02-17,12280,252984,6134,138895,6146,114089,0,0,5625,117283,6640,67764,5626,185047,California
Contra Costa,2021-02-18,11474,264458,5971,144866,5503,119592,0,0,5323,116471,6137,73901,5325,190372,California
Contra Costa,2021-02-19,11407,275865,7108,151974,4299,123891,0,0,5175,115432,6215,80116,5176,195548,California
Contra Costa,2021-02-20,6449,282314,2897,154871,3552,127443,0,0,4568,118137,1865,81981,4570,200118,California
Contra Costa,2021-02-21,1813,284127,1264,156135,549,127992,0,0,1094,118513,718,82699,1094,201212,California
Contra Costa,2021-02-22,7547,291674,5105,161240,2442,130434,0,0,3465,117910,4070,86769,3467,204679,California
Contra Costa,2021-02-23,11919,303593,7262,168502,4657,135091,0,0,5933,117875,5972,92741,5937,210616,California
Contra Costa,2021-02-24,10492,314085,7684,176186,2808,137899,0,0,5057,117516,5418,98159,5059,215675,California
Contra Costa,2021-02-25,11480,325565,7221,183407,4259,142158,0,0,5216,116492,6244,104403,5220,220895,California
Contra Costa,2021-02-26,10710,336275,6756,190163,3954,146112,0,0,5314,116426,5381,109784,5315,226210,California
Contra Costa,2021-02-27,6625,342900,4211,194374,2414,148526,0,0,4114,118038,2503,112287,4115,230325,California
Contra Costa,2021-02-28,3794,346694,3122,197496,672,149198,0,0,3194,120637,596,112883,3195,233520,California
Contra Costa,2021-03-01,8110,354804,6085,203581,2020,151218,5,5,4978,122506,3116,115999,4985,238505,California
Contra Costa,2021-03-02,10158,364962,6332,209913,3825,155043,1,6,5260,122885,4882,120881,5261,243766,California
Contra Costa,2021-03-03,11187,376149,6989,216902,4197,159240,1,7,6269,124252,4904,125785,6271,250037,California
Contra Costa,2021-03-04,11889,388038,7104,224006,4785,164025,0,7,6161,124704,5709,131494,6161,256198,California
Contra Costa,2021-03-05,11243,399281,6672,230678,4565,168590,6,13,6405,126293,4822,136316,6411,262609,California
Contra Costa,2021-03-06,7304,406585,4016,234694,2978,171568,310,323,4722,128753,2570,138886,5030,267639,California
Contra Costa,2021-03-07,3658,410243,2291,236985,1306,172874,61,384,2983,131123,674,139560,3044,270683,California
Contra Costa,2021-03-08,8065,418308,3770,240755,3991,176865,304,688,5374,134125,2680,142240,5682,276365,California
Contra Costa,2021-03-09,10229,428537,5025,245780,4909,181774,295,983,5056,134311,5165,147405,5351,281716,California
Contra Costa,2021-03-10,12157,440694,5971,251751,4688,186462,1498,2481,5479,134614,6665,154070,6968,288684,California
Contra Costa,2021-03-11,12473,453167,6566,258317,5344,191806,563,3044,6366,135461,6083,160153,6930,295614,California
Contra Costa,2021-03-12,12553,465720,5155,263472,6853,198659,545,3589,6276,136018,6262,166415,6819,302433,California
Contra Costa,2021-03-13,7761,473481,3074,266546,4263,202922,424,4013,3076,134844,4668,171083,3494,305927,California
Contra Costa,2021-03-14,4352,477833,2548,269094,1319,204241,485,4498,2069,135122,2275,173358,2553,308480,California
Contra Costa,2021-03-15,9393,487226,5070,274164,3570,207811,753,5251,4753,136004,4623,177981,5505,313985,California
Contra Costa,2021-03-16,14258,501484,8468,282632,5393,213204,397,5648,7264,136692,6972,184953,7660,321645,California
Contra Costa,2021-03-17,14996,516480,10344,292976,4439,217643,213,5861,8579,139094,6396,191349,8798,330443,California
Contra Costa,2021-03-18,15373,531853,8546,301522,6347,223990,480,6341,8785,141798,6559,197908,9263,339706,California
Contra Costa,2021-03-19,15498,547351,8904,310426,5204,229194,1390,7731,8296,144300,7189,205097,9691,349397,California
Contra Costa,2021-03-20,10615,557966,6342,316768,3970,233164,303,8034,5241,144488,5357,210454,5545,354942,California
Contra Costa,2021-03-21,4445,562411,3891,320659,466,233630,88,8122,2084,144305,2354,212808,2171,357113,California
Contra Costa,2021-03-22,11534,573945,8692,329351,2593,236223,249,8371,7095,147221,4427,217235,7343,364456,California
Contra Costa,2021-03-23,15606,589551,10752,340103,4684,240907,170,8541,9497,150810,6081,223316,9670,374126,California
Contra Costa,2021-03-24,14981,604532,11679,351782,3090,243997,212,8753,9200,154475,5749,229065,9414,383540,California
Contra Costa,2021-03-25,15270,619802,11893,363675,3093,247090,284,9037,9427,158379,5806,234871,9710,393250,California
Contra Costa,2021-03-26,14929,634731,10697,374372,3837,250927,395,9432,8809,161483,6095,240966,9199,402449,California
Contra Costa,2021-03-27,10431,645162,6755,381127,3166,254093,510,9942,5764,163092,4658,245624,6267,408716,California
Contra Costa,2021-03-28,4129,649291,2925,384052,1152,255245,52,9994,1754,162534,2364,247988,1806,410522,California
Contra Costa,2021-03-29,10832,660123,8448,392500,2269,257514,115,10109,7070,165976,3745,251733,7187,417709,California
Contra Costa,2021-03-30,16726,676849,9126,401626,6249,263763,1351,11460,11028,172673,5683,257416,12380,430089,California
Contra Costa,2021-03-31,17947,694796,12554,414180,3953,267716,1440,12900,11520,179236,6393,263809,12956,443045,California
Contra Costa,2021-04-01,17511,712307,12257,426437,3884,271600,1370,14270,11415,185951,6074,269883,12789,455834,California
Contra Costa,2021-04-02,17400,729707,12837,439274,3557,275157,1006,15276,11560,192688,5829,275712,12566,468400,California
Contra Costa,2021-04-03,10751,740458,6410,445684,2805,277962,1536,16812,6159,195802,4579,280291,7693,476093,California
Contra Costa,2021-04-04,3324,743782,1315,446999,1415,279377,594,17406,890,194859,2427,282718,1484,477577,California
Contra Costa,2021-04-05,12043,755825,7855,454854,3213,282590,975,18381,6563,196930,5467,288185,7538,485115,California
Contra Costa,2021-04-06,17285,773110,11978,466832,3022,285612,2285,20666,9746,201441,7519,295704,12030,497145,California
Contra Costa,2021-04-07,18448,791558,12476,479308,3169,288781,2803,23469,10464,206780,7965,303669,13304,510449,California
Contra Costa,2021-04-08,18597,810155,12395,491703,3293,292074,2909,26378,9986,211078,8584,312253,12882,523331,California
Contra Costa,2021-04-09,18649,828804,11901,503604,4276,296350,2472,28850,9958,214840,8665,320918,12427,535758,California
Contra Costa,2021-04-10,10503,839307,3800,507404,2157,298507,4546,33396,3286,215458,7201,328119,7819,543577,California
Contra Costa,2021-04-11,3317,842624,1982,509386,681,299188,654,34050,1121,215042,2190,330309,1774,545351,California
Contra Costa,2021-04-12,11862,854486,7843,517229,2966,302154,1053,35103,5590,215431,6258,336567,6647,551998,California
Contra Costa,2021-04-13,17767,872253,10893,528122,6868,309022,6,35109,11861,221419,5885,342452,11873,563871,California
Contra Costa,2021-04-14,17541,889794,11008,539130,6532,315554,1,35110,9717,223336,7804,350256,9721,573592,California
Contra Costa,2021-04-15,17477,907271,10720,549850,6757,322311,0,35110,8104,222115,9344,359600,8123,581715,California
Contra Costa,2021-04-16,16833,924104,10503,560353,6328,328639,2,35112,7588,220488,9222,368822,7595,589310,California
Contra Costa,2021-04-17,11418,935522,6265,566618,5153,333792,0,35112,6136,221360,5270,374092,6142,595452,California
Contra Costa,2021-04-18,2730,938252,2110,568728,620,334412,0,35112,1774,222187,947,375039,1774,597226,California
Contra Costa,2021-04-19,11349,949601,8491,577219,2858,337270,0,35112,3558,217982,7765,382804,3560,600786,California
Contra Costa,2021-04-20,16615,966216,10796,588015,5819,343089,0,35112,6226,213858,10354,393158,6230,607016,California
Contra Costa,2021-04-21,17299,983515,14121,602136,3178,346267,0,35112,6153,208907,11112,404270,6161,613177,California
Contra Costa,2021-04-22,17142,1000657,13885,616021,3256,349523,1,35113,6073,203952,11038,415308,6083,619260,California
Contra Costa,2021-04-23,16955,1017612,13486,629507,3469,352992,0,35113,5480,197997,11443,426751,5488,624748,California
Contra Costa,2021-04-24,10891,1028503,8409,637916,2482,355474,0,35113,4166,195462,6705,433456,4170,628918,California
Contra Costa,2021-04-25,3225,1031728,2173,640089,1050,356524,2,35115,2034,196312,1189,434645,2039,630957,California
Contra Costa,2021-04-26,9787,1041515,8203,648292,1560,358084,24,35139,2875,192325,6896,441541,2909,633866,California
Contra Costa,2021-04-27,14428,1055943,10582,658874,3694,361778,152,35291,3872,185824,10535,452076,4034,637900,California
Contra Costa,2021-04-28,13829,1069772,10757,669631,2785,364563,287,35578,3461,179240,10336,462412,3752,641652,California
Contra Costa,2021-04-29,12994,1082766,10052,679683,2772,367335,170,35748,2827,172100,10142,472554,3002,644654,California
Contra Costa,2021-04-30,13637,1096403,10754,690437,2633,369968,250,35998,3093,164929,10518,483072,3347,648001,California
Contra Costa,2021-05-01,7992,1104395,5839,696276,1836,371804,317,36315,1908,161090,6065,489137,2226,650227,California
Contra Costa,2021-05-02,2323,1106718,1578,697854,666,372470,79,36394,989,160834,1324,490461,1068,651295,California
Contra Costa,2021-05-03,9102,1115820,8009,705863,918,373388,175,36569,1923,155773,7164,497625,2103,653398,California
Contra Costa,2021-05-04,14054,1129874,12127,717990,1600,374988,327,36896,2295,146659,11736,509361,2622,656020,California
Contra Costa,2021-05-05,12476,1142350,10757,728747,1519,376507,200,37096,2399,139210,10050,519411,2601,658621,California
Contra Costa,2021-05-06,10253,1152603,8527,737274,1400,377907,326,37422,1940,133195,8289,527700,2274,660895,California
Contra Costa,2021-05-07,9585,1162188,7700,744974,1661,379568,224,37646,2213,128290,7339,535039,2434,663329,California
Contra Costa,2021-05-08,5266,1167454,3962,748936,1137,380705,167,37813,1245,125702,4004,539043,1416,664745,California
Contra Costa,2021-05-09,2102,1169556,1774,750710,269,380974,59,37872,462,124590,1636,540679,524,665269,California
Contra Costa,2021-05-10,4917,1174473,3938,754648,761,381735,218,38090,1345,122601,3551,544230,1562,666831,California
Contra Costa,2021-05-11,8637,1183110,4488,759136,3922,385657,227,38317,1692,117600,6926,551156,1925,668756,California
Contra Costa,2021-05-12,8892,1192002,4520,763656,4150,389807,222,38539,1523,112005,7346,558502,1751,670507,California
Contra Costa,2021-05-13,10984,1202986,7267,770923,3552,393359,165,38704,3715,108642,7242,565744,3879,674386,California
Contra Costa,2021-05-14,10052,1213038,6622,777545,3250,396609,180,38884,3708,106200,6329,572073,3887,678273,California
Del Norte,2020-12-21,23,23,23,23,0,0,0,0,23,23,0,0,23,23,California
Del Norte,2020-12-22,45,68,45,68,0,0,0,0,45,68,0,0,45,68,California
Del Norte,2020-12-23,58,126,48,116,10,10,0,0,56,124,0,0,56,124,California
Del Norte,2020-12-28,34,160,34,150,0,10,0,0,34,158,0,0,34,158,California
Del Norte,2020-12-29,4,164,4,154,0,10,0,0,4,162,0,0,4,162,California
Del Norte,2020-12-30,67,231,55,209,12,22,0,0,68,230,0,0,68,230,California
Del Norte,2020-12-31,16,247,13,222,3,25,0,0,16,246,0,0,16,246,California
Del Norte,2021-01-04,102,349,49,271,53,78,0,0,102,348,0,0,102,348,California
Del Norte,2021-01-05,33,382,0,271,33,111,0,0,32,380,1,1,33,381,California
Del Norte,2021-01-06,77,459,18,289,59,170,0,0,77,457,0,1,77,458,California
Del Norte,2021-01-07,21,480,1,290,20,190,0,0,21,478,0,1,21,479,California
Del Norte,2021-01-08,78,558,7,297,71,261,0,0,78,556,0,1,78,557,California
Del Norte,2021-01-11,40,598,21,318,19,280,0,0,18,553,22,23,19,576,California
Del Norte,2021-01-12,50,648,31,349,19,299,0,0,30,563,20,43,30,606,California
Del Norte,2021-01-13,86,734,40,389,46,345,0,0,53,583,33,76,53,659,California
Del Norte,2021-01-14,52,786,14,403,38,383,0,0,46,623,6,82,46,705,California
Del Norte,2021-01-15,107,893,18,421,89,472,0,0,95,706,12,94,95,800,California
Del Norte,2021-01-17,1,894,1,422,0,472,0,0,1,707,0,94,1,801,California
Del Norte,2021-01-18,2,896,0,422,2,474,0,0,2,709,0,94,2,803,California
Del Norte,2021-01-19,119,1015,56,478,63,537,0,0,77,744,42,136,77,880,California
Del Norte,2021-01-20,159,1174,84,562,75,612,0,0,96,778,62,198,96,976,California
Del Norte,2021-01-21,43,1217,40,602,3,615,0,0,32,799,11,209,32,1008,California
Del Norte,2021-01-22,20,1237,17,619,3,618,0,0,13,805,7,216,13,1021,California
Del Norte,2021-01-23,1,1238,0,619,1,619,0,0,1,806,0,216,1,1022,California
Del Norte,2021-01-24,1,1239,0,619,1,620,0,0,1,807,0,216,1,1023,California
Del Norte,2021-01-25,100,1339,82,701,18,638,0,0,56,819,44,260,56,1079,California
Del Norte,2021-01-26,18,1357,11,712,7,645,0,0,7,815,11,271,7,1086,California
Del Norte,2021-01-27,64,1421,21,733,43,688,0,0,61,873,3,274,61,1147,California
Del Norte,2021-01-28,291,1712,20,753,271,959,0,0,286,1154,5,279,286,1433,California
Del Norte,2021-01-29,55,1767,21,774,34,993,0,0,44,1187,11,290,44,1477,California
Del Norte,2021-01-30,8,1775,1,775,7,1000,0,0,8,1195,0,290,8,1485,California
Del Norte,2021-02-01,41,1816,1,776,40,1040,0,0,26,1206,15,305,26,1511,California
Del Norte,2021-02-02,142,1958,34,810,108,1148,0,0,73,1211,68,373,73,1584,California
Del Norte,2021-02-03,126,2084,40,850,86,1234,0,0,71,1227,55,428,71,1655,California
Del Norte,2021-02-04,71,2155,29,879,42,1276,0,0,42,1240,29,457,42,1697,California
Del Norte,2021-02-05,184,2339,22,901,162,1438,0,0,119,1295,64,521,119,1816,California
Del Norte,2021-02-06,312,2651,6,907,306,1744,0,0,312,1607,0,521,312,2128,California
Del Norte,2021-02-07,2,2653,1,908,1,1745,0,0,2,1609,0,521,2,2130,California
Del Norte,2021-02-08,36,2689,1,909,35,1780,0,0,32,1637,4,525,32,2162,California
Del Norte,2021-02-09,8,2697,5,914,3,1783,0,0,2,1633,6,531,2,2164,California
Del Norte,2021-02-10,143,2840,20,934,123,1906,0,0,86,1663,56,587,86,2250,California
Del Norte,2021-02-11,177,3017,59,993,118,2024,0,0,64,1614,113,700,64,2314,California
Del Norte,2021-02-12,121,3138,14,1007,107,2131,0,0,67,1627,54,754,67,2381,California
Del Norte,2021-02-13,2,3140,1,1008,1,2132,0,0,2,1629,0,754,2,2383,California
Del Norte,2021-02-14,3,3143,1,1009,2,2134,0,0,2,1630,1,755,2,2385,California
Del Norte,2021-02-15,4,3147,0,1009,4,2138,0,0,2,1630,2,757,2,2387,California
Del Norte,2021-02-16,132,3279,1,1010,131,2269,0,0,13,1524,119,876,13,2400,California
Del Norte,2021-02-17,91,3370,20,1030,71,2340,0,0,24,1481,67,943,24,2424,California
Del Norte,2021-02-18,77,3447,24,1054,53,2393,0,0,51,1506,26,969,51,2475,California
Del Norte,2021-02-19,43,3490,17,1071,26,2419,0,0,33,1529,10,979,33,2508,California
Del Norte,2021-02-20,8,3498,5,1076,3,2422,0,0,6,1533,2,981,6,2514,California
Del Norte,2021-02-22,2,3500,0,1076,2,2424,0,0,2,1535,0,981,2,2516,California
Del Norte,2021-02-23,107,3607,89,1165,18,2442,0,0,31,1491,76,1057,32,2548,California
Del Norte,2021-02-24,152,3759,98,1263,54,2496,0,0,79,1497,73,1130,79,2627,California
Del Norte,2021-02-25,476,4235,131,1394,345,2841,0,0,213,1449,261,1391,213,2840,California
Del Norte,2021-02-26,213,4448,176,1570,37,2878,0,0,167,1570,46,1437,167,3007,California
Del Norte,2021-02-27,152,4600,145,1715,6,2884,1,1,141,1701,11,1448,142,3149,California
Del Norte,2021-02-28,4,4604,1,1716,3,2887,0,1,3,1703,1,1449,3,3152,California
Del Norte,2021-03-01,29,4633,2,1718,27,2914,0,1,4,1683,24,1473,4,3156,California
Del Norte,2021-03-02,220,4853,141,1859,79,2993,0,1,187,1837,33,1506,187,3343,California
Del Norte,2021-03-03,167,5020,99,1958,68,3061,0,1,126,1922,41,1547,126,3469,California
Del Norte,2021-03-04,120,5140,83,2041,37,3098,0,1,91,1985,28,1575,91,3560,California
Del Norte,2021-03-05,120,5260,10,2051,110,3208,0,1,72,2009,48,1623,72,3632,California
Del Norte,2021-03-06,465,5725,78,2129,338,3546,49,50,164,1879,301,1924,171,3803,California
Del Norte,2021-03-07,2,5727,1,2130,1,3547,0,50,1,1879,1,1925,1,3804,California
Del Norte,2021-03-08,28,5755,1,2131,25,3572,2,52,5,1863,23,1948,7,3811,California
Del Norte,2021-03-09,193,5948,112,2243,78,3650,3,55,182,2037,11,1959,185,3996,California
Del Norte,2021-03-10,233,6181,96,2339,109,3759,28,83,134,2100,99,2058,162,4158,California
Del Norte,2021-03-11,151,6332,55,2394,91,3850,5,88,103,2160,48,2106,108,4266,California
Del Norte,2021-03-12,178,6510,89,2483,89,3939,0,88,125,2232,53,2159,125,4391,California
Del Norte,2021-03-13,94,6604,93,2576,1,3940,0,88,91,2320,3,2162,91,4482,California
Del Norte,2021-03-14,1,6605,0,2576,1,3941,0,88,1,2320,1,2163,1,4483,California
Del Norte,2021-03-15,39,6644,0,2576,39,3980,0,88,35,2351,4,2167,35,4518,California
Del Norte,2021-03-16,281,6925,135,2711,146,4126,0,88,260,2590,21,2188,260,4778,California
Del Norte,2021-03-17,283,7208,95,2806,186,4312,2,90,169,2647,114,2302,171,4949,California
Del Norte,2021-03-18,285,7493,107,2913,175,4487,3,93,149,2664,135,2437,152,5101,California
Del Norte,2021-03-19,266,7759,159,3072,101,4588,6,99,91,2586,175,2612,97,5198,California
Del Norte,2021-03-20,157,7916,154,3226,3,4591,0,99,15,2459,142,2754,15,5213,California
Del Norte,2021-03-21,4,7920,2,3228,2,4593,0,99,2,2459,2,2756,2,5215,California
Del Norte,2021-03-22,43,7963,3,3231,39,4632,1,100,39,2496,3,2759,40,5255,California
Del Norte,2021-03-23,335,8298,164,3395,153,4785,18,118,165,2510,168,2927,182,5437,California
Del Norte,2021-03-24,397,8695,107,3502,249,5034,41,159,236,2626,161,3088,277,5714,California
Del Norte,2021-03-25,192,8887,89,3591,103,5137,0,159,84,2603,107,3195,84,5798,California
Del Norte,2021-03-26,232,9119,112,3703,120,5257,0,159,197,2765,35,3230,197,5995,California
Del Norte,2021-03-27,108,9227,87,3790,4,5261,17,176,17,2708,91,3321,34,6029,California
Del Norte,2021-03-28,4,9231,2,3792,2,5263,0,176,1,2706,3,3324,1,6030,California
Del Norte,2021-03-29,57,9288,6,3798,34,5297,17,193,32,2730,25,3349,49,6079,California
Del Norte,2021-03-30,339,9627,118,3916,210,5507,11,204,128,2658,211,3560,139,6218,California
Del Norte,2021-03-31,353,9980,100,4016,236,5743,17,221,198,2720,153,3713,215,6433,California
Del Norte,2021-04-01,164,10144,58,4074,72,5815,34,255,69,2729,94,3807,103,6536,California
Del Norte,2021-04-02,230,10374,78,4152,103,5918,49,304,47,2643,183,3990,97,6633,California
Del Norte,2021-04-03,108,10482,83,4235,2,5920,23,327,5,2569,102,4092,28,6661,California
Del Norte,2021-04-04,4,10486,0,4235,0,5920,4,331,0,2569,4,4096,4,6665,California
Del Norte,2021-04-05,47,10533,5,4240,38,5958,4,335,40,2606,7,4103,44,6709,California
Del Norte,2021-04-06,378,10911,119,4359,222,6180,37,372,145,2560,229,4332,183,6892,California
Del Norte,2021-04-07,436,11347,115,4474,260,6440,61,433,289,2764,146,4478,350,7242,California
Del Norte,2021-04-08,227,11574,54,4528,105,6545,68,501,105,2815,122,4600,173,7415,California
Del Norte,2021-04-09,205,11779,47,4575,81,6626,77,578,98,2882,106,4706,173,7588,California
Del Norte,2021-04-10,47,11826,26,4601,4,6630,17,595,27,2906,20,4726,44,7632,California
Del Norte,2021-04-11,12,11838,3,4604,2,6632,7,602,2,2905,10,4736,9,7641,California
Del Norte,2021-04-12,28,11866,1,4605,9,6641,18,620,1,2898,26,4762,19,7660,California
Del Norte,2021-04-13,298,12164,50,4655,248,6889,0,620,155,2910,143,4905,155,7815,California
Del Norte,2021-04-14,328,12492,23,4678,305,7194,0,620,138,2863,190,5095,143,7958,California
Del Norte,2021-04-15,164,12656,31,4709,133,7327,0,620,45,2790,119,5214,46,8004,California
Del Norte,2021-04-16,161,12817,40,4749,121,7448,0,620,59,2748,102,5316,60,8064,California
Del Norte,2021-04-17,102,12919,70,4819,32,7480,0,620,97,2840,5,5321,97,8161,California
Del Norte,2021-04-18,5,12924,4,4823,1,7481,0,620,4,2843,1,5322,4,8165,California
Del Norte,2021-04-19,50,12974,6,4829,44,7525,0,620,8,2809,42,5364,8,8173,California
Del Norte,2021-04-20,209,13183,40,4869,169,7694,0,620,74,2748,135,5499,74,8247,California
Del Norte,2021-04-21,288,13471,23,4892,265,7959,0,620,64,2591,224,5723,67,8314,California
Del Norte,2021-04-22,114,13585,15,4907,99,8058,0,620,62,2601,52,5775,62,8376,California
Del Norte,2021-04-23,152,13737,21,4928,131,8189,0,620,39,2528,112,5887,39,8415,California
Del Norte,2021-04-24,25,13762,14,4942,11,8200,0,620,20,2543,5,5892,20,8435,California
Del Norte,2021-04-25,2,13764,0,4942,2,8202,0,620,2,2545,0,5892,2,8437,California
Del Norte,2021-04-26,30,13794,0,4942,30,8232,0,620,8,2531,22,5914,8,8445,California
Del Norte,2021-04-27,181,13975,19,4961,157,8389,5,625,49,2453,132,6046,54,8499,California
Del Norte,2021-04-28,352,14327,101,5062,246,8635,5,630,63,2235,287,6333,69,8568,California
Del Norte,2021-04-29,92,14419,5,5067,83,8718,4,634,26,2199,66,6399,30,8598,California
Del Norte,2021-04-30,83,14502,6,5073,67,8785,10,644,44,2214,39,6438,54,8652,California
Del Norte,2021-05-01,8,14510,3,5076,5,8790,0,644,6,2218,2,6440,6,8658,California
Del Norte,2021-05-02,8,14518,0,5076,8,8798,0,644,8,2226,0,6440,8,8666,California
Del Norte,2021-05-03,40,14558,3,5079,34,8832,3,647,2,2194,37,6477,5,8671,California
Del Norte,2021-05-04,221,14779,36,5115,180,9012,5,652,47,2072,174,6651,52,8723,California
Del Norte,2021-05-05,231,15010,19,5134,204,9216,8,660,56,1961,175,6826,64,8787,California
Del Norte,2021-05-06,112,15122,24,5158,75,9291,13,673,27,1916,85,6911,40,8827,California
Del Norte,2021-05-07,151,15273,29,5187,118,9409,4,677,32,1833,119,7030,36,8863,California
Del Norte,2021-05-08,64,15337,55,5242,7,9416,2,679,7,1785,57,7087,9,8872,California
Del Norte,2021-05-09,9,15346,3,5245,3,9419,3,682,2,1783,7,7094,5,8877,California
Del Norte,2021-05-10,25,15371,3,5248,18,9437,4,686,15,1792,10,7104,19,8896,California
Del Norte,2021-05-11,168,15539,49,5297,117,9554,2,688,31,1688,137,7241,33,8929,California
Del Norte,2021-05-12,147,15686,23,5320,114,9668,10,698,26,1604,120,7361,36,8965,California
Del Norte,2021-05-13,54,15740,29,5349,25,9693,0,698,31,1612,23,7384,31,8996,California
Del Norte,2021-05-14,43,15783,11,5360,31,9724,1,699,26,1622,17,7401,27,9023,California
El Dorado,2020-12-15,12,12,12,12,0,0,0,0,12,12,0,0,12,12,California
El Dorado,2020-12-16,40,52,40,52,0,0,0,0,40,52,0,0,40,52,California
El Dorado,2020-12-17,31,83,31,83,0,0,0,0,31,83,0,0,31,83,California
El Dorado,2020-12-18,236,319,236,319,0,0,0,0,236,319,0,0,236,319,California
El Dorado,2020-12-19,116,435,116,435,0,0,0,0,116,435,0,0,116,435,California
El Dorado,2020-12-20,85,520,85,520,0,0,0,0,85,520,0,0,85,520,California
El Dorado,2020-12-21,309,829,308,828,1,1,0,0,309,829,0,0,309,829,California
El Dorado,2020-12-22,238,1067,214,1042,24,25,0,0,238,1067,0,0,238,1067,California
El Dorado,2020-12-23,189,1256,140,1182,49,74,0,0,189,1256,0,0,189,1256,California
El Dorado,2020-12-24,87,1343,66,1248,21,95,0,0,87,1343,0,0,87,1343,California
El Dorado,2020-12-25,8,1351,8,1256,0,95,0,0,8,1351,0,0,8,1351,California
El Dorado,2020-12-26,44,1395,26,1282,18,113,0,0,44,1395,0,0,44,1395,California
El Dorado,2020-12-27,37,1432,33,1315,4,117,0,0,37,1432,0,0,37,1432,California
El Dorado,2020-12-28,215,1647,168,1483,47,164,0,0,215,1647,0,0,215,1647,California
El Dorado,2020-12-29,459,2106,142,1625,317,481,0,0,459,2106,0,0,459,2106,California
El Dorado,2020-12-30,506,2612,136,1761,370,851,0,0,506,2612,0,0,506,2612,California
El Dorado,2020-12-31,110,2722,70,1831,40,891,0,0,110,2722,0,0,110,2722,California
El Dorado,2021-01-01,7,2729,4,1835,3,894,0,0,7,2729,0,0,7,2729,California
El Dorado,2021-01-02,153,2882,141,1976,12,906,0,0,153,2882,0,0,153,2882,California
El Dorado,2021-01-03,92,2974,17,1993,75,981,0,0,92,2974,0,0,92,2974,California
El Dorado,2021-01-04,190,3164,62,2055,128,1109,0,0,190,3164,0,0,190,3164,California
El Dorado,2021-01-05,208,3372,51,2106,157,1266,0,0,192,3340,16,16,192,3356,California
El Dorado,2021-01-06,261,3633,189,2295,72,1338,0,0,197,3473,64,80,197,3553,California
El Dorado,2021-01-07,330,3963,136,2431,194,1532,0,0,259,3661,71,151,259,3812,California
El Dorado,2021-01-08,977,4940,502,2933,475,2007,0,0,774,4233,203,354,775,4587,California
El Dorado,2021-01-09,193,5133,156,3089,37,2044,0,0,125,4290,68,422,125,4712,California
El Dorado,2021-01-10,180,5313,129,3218,51,2095,0,0,110,4331,70,492,111,4823,California
El Dorado,2021-01-11,659,5972,293,3511,366,2461,0,0,459,4592,199,691,460,5283,California
El Dorado,2021-01-12,697,6669,422,3933,275,2736,0,0,448,4791,249,940,448,5731,California
El Dorado,2021-01-13,700,7369,296,4229,404,3140,0,0,539,5169,161,1101,539,6270,California
El Dorado,2021-01-14,694,8063,220,4449,474,3614,0,0,599,5673,95,1196,599,6869,California
El Dorado,2021-01-15,686,8749,185,4634,501,4115,0,0,614,6215,72,1268,614,7483,California
El Dorado,2021-01-16,173,8922,104,4738,69,4184,0,0,146,6334,27,1295,146,7629,California
El Dorado,2021-01-17,100,9022,47,4785,53,4237,0,0,83,6400,17,1312,83,7712,California
El Dorado,2021-01-18,421,9443,138,4923,283,4520,0,0,353,6685,68,1380,353,8065,California
El Dorado,2021-01-19,655,10098,355,5278,300,4820,0,0,505,7041,150,1530,506,8571,California
El Dorado,2021-01-20,1011,11109,686,5964,325,5145,0,0,900,7831,110,1640,900,9471,California
El Dorado,2021-01-21,1162,12271,576,6540,586,5731,0,0,954,8618,167,1807,954,10425,California
El Dorado,2021-01-22,1107,13378,712,7252,395,6126,0,0,1053,9618,53,1860,1053,11478,California
El Dorado,2021-01-23,738,14116,617,7869,121,6247,0,0,627,10134,111,1971,627,12105,California
El Dorado,2021-01-24,126,14242,76,7945,50,6297,0,0,107,10222,19,1990,107,12212,California
El Dorado,2021-01-25,612,14854,206,8151,406,6703,0,0,524,10658,88,2078,524,12736,California
El Dorado,2021-01-26,676,15530,366,8517,310,7013,0,0,572,11127,104,2182,573,13309,California
El Dorado,2021-01-27,987,16517,388,8905,599,7612,0,0,650,11439,338,2520,650,13959,California
El Dorado,2021-01-28,1107,17624,453,9358,654,8266,0,0,746,11824,361,2881,746,14705,California
El Dorado,2021-01-29,976,18600,490,9848,486,8752,0,0,746,12342,229,3110,747,15452,California
El Dorado,2021-01-30,611,19211,359,10207,252,9004,0,0,451,12633,160,3270,451,15903,California
El Dorado,2021-01-31,210,19421,189,10396,21,9025,0,0,181,12785,29,3299,181,16084,California
El Dorado,2021-02-01,796,20217,367,10763,429,9454,0,0,652,13293,144,3443,652,16736,California
El Dorado,2021-02-02,839,21056,368,11131,471,9925,0,0,676,13806,163,3606,676,17412,California
El Dorado,2021-02-03,900,21956,475,11606,425,10350,0,0,688,14282,212,3818,688,18100,California
El Dorado,2021-02-04,1267,23223,724,12330,543,10893,0,0,871,14758,395,4213,871,18971,California
El Dorado,2021-02-05,1484,24707,597,12927,887,11780,0,0,868,15045,581,4794,868,19839,California
El Dorado,2021-02-06,640,25347,335,13262,305,12085,0,0,530,15466,110,4904,531,20370,California
El Dorado,2021-02-07,258,25605,176,13438,82,12167,0,0,194,15596,64,4968,194,20564,California
El Dorado,2021-02-08,882,26487,417,13855,465,12632,0,0,608,15930,274,5242,608,21172,California
El Dorado,2021-02-09,912,27399,489,14344,423,13055,0,0,488,15994,424,5666,488,21660,California
El Dorado,2021-02-10,1248,28647,727,15071,521,13576,0,0,656,16059,591,6257,656,22316,California
El Dorado,2021-02-11,2154,30801,891,15962,1263,14839,0,0,960,15829,1191,7448,961,23277,California
El Dorado,2021-02-12,1572,32373,826,16788,746,15585,0,0,678,15615,893,8341,679,23956,California
El Dorado,2021-02-13,978,33351,668,17456,310,15895,0,0,434,15508,541,8882,434,24390,California
El Dorado,2021-02-14,486,33837,155,17611,331,16226,0,0,400,15822,86,8968,400,24790,California
El Dorado,2021-02-15,1182,35019,385,17996,797,17023,0,0,823,16289,359,9327,826,25616,California
El Dorado,2021-02-16,1204,36223,532,18528,672,17695,0,0,678,16443,525,9852,679,26295,California
El Dorado,2021-02-17,907,37130,376,18904,531,18226,0,0,419,16376,488,10340,421,26716,California
El Dorado,2021-02-18,2084,39214,1012,19916,1072,19298,0,0,1344,16981,739,11079,1344,28060,California
El Dorado,2021-02-19,1170,40384,604,20520,566,19864,0,0,648,17108,521,11600,648,28708,California
El Dorado,2021-02-20,924,41308,440,20960,484,20348,0,0,672,17534,246,11846,672,29380,California
El Dorado,2021-02-21,283,41591,226,21186,57,20405,0,0,99,17450,183,12029,99,29479,California
El Dorado,2021-02-22,870,42461,435,21621,435,20840,0,0,284,17149,585,12614,284,29763,California
El Dorado,2021-02-23,845,43306,473,22094,372,21212,0,0,348,17001,496,13110,348,30111,California
El Dorado,2021-02-24,1027,44333,438,22532,589,21801,0,0,428,16831,599,13709,429,30540,California
El Dorado,2021-02-25,1649,45982,898,23430,751,22552,0,0,716,16622,927,14636,718,31258,California
El Dorado,2021-02-26,2355,48337,1481,24911,874,23426,0,0,1590,17449,763,15399,1590,32848,California
El Dorado,2021-02-27,1661,49998,439,25350,1222,24648,0,0,1221,18233,437,15836,1221,34069,California
El Dorado,2021-02-28,591,50589,205,25555,386,25034,0,0,437,18517,154,15990,438,34507,California
El Dorado,2021-03-01,1138,51727,453,26008,684,25718,1,1,627,18637,508,16498,628,35135,California
El Dorado,2021-03-02,919,52646,266,26274,653,26371,0,1,480,18680,437,16935,480,35615,California
El Dorado,2021-03-03,1684,54330,462,26736,1222,27593,0,1,1157,19319,520,17455,1159,36774,California
El Dorado,2021-03-04,2513,56843,1550,28286,963,28556,0,1,1219,19247,1291,18746,1219,37993,California
El Dorado,2021-03-05,1578,58421,424,28710,1149,29705,5,6,1043,19766,529,19275,1048,39041,California
El Dorado,2021-03-06,738,59159,209,28919,494,30199,35,41,391,19845,347,19622,426,39467,California
El Dorado,2021-03-07,406,59565,198,29117,190,30389,18,59,242,19943,162,19784,260,39727,California
El Dorado,2021-03-08,1328,60893,365,29482,891,31280,72,131,858,20405,467,20251,929,40656,California
El Dorado,2021-03-09,982,61875,226,29708,689,31969,67,198,582,20670,384,20635,649,41305,California
El Dorado,2021-03-10,947,62822,343,30051,548,32517,56,254,546,20876,395,21030,601,41906,California
El Dorado,2021-03-11,3019,65841,1834,31885,1003,33520,182,436,1375,20807,1625,22655,1556,43462,California
El Dorado,2021-03-12,1779,67620,620,32505,913,34433,246,682,744,20779,1018,23673,990,44452,California
El Dorado,2021-03-13,1065,68685,344,32849,438,34871,283,965,374,20746,688,24361,655,45107,California
El Dorado,2021-03-14,794,69479,208,33057,474,35345,112,1077,280,20624,514,24875,392,45499,California
El Dorado,2021-03-15,1402,70881,303,33360,973,36318,126,1203,613,20579,785,25660,740,46239,California
El Dorado,2021-03-16,1215,72096,409,33769,662,36980,144,1347,571,20656,638,26298,715,46954,California
El Dorado,2021-03-17,1111,73207,350,34119,667,37647,94,1441,726,21091,385,26683,820,47774,California
El Dorado,2021-03-18,2996,76203,1772,35891,1179,38826,45,1486,1996,22140,992,27675,2041,49815,California
El Dorado,2021-03-19,1114,77317,363,36254,606,39432,145,1631,639,22449,475,28150,784,50599,California
El Dorado,2021-03-20,949,78266,270,36524,662,40094,17,1648,369,22267,568,28718,386,50985,California
El Dorado,2021-03-21,1025,79291,418,36942,602,40696,5,1653,935,23119,88,28806,940,51925,California
El Dorado,2021-03-22,1504,80795,489,37431,933,41629,82,1735,1193,24088,306,29112,1275,53200,California
El Dorado,2021-03-23,1142,81937,449,37880,601,42230,92,1827,731,24512,399,29511,823,54023,California
El Dorado,2021-03-24,1454,83391,621,38501,637,42867,196,2023,662,24606,764,30275,858,54881,California
El Dorado,2021-03-25,2507,85898,1683,40184,721,43588,103,2126,1383,24974,1118,31393,1486,56367,California
El Dorado,2021-03-26,1819,87717,697,40881,1012,44600,110,2236,947,25182,850,32243,1058,57425,California
El Dorado,2021-03-27,1315,89032,188,41069,1123,45723,4,2240,334,24545,975,33218,338,57763,California
El Dorado,2021-03-28,634,89666,182,41251,443,46166,9,2249,203,24331,427,33645,213,57976,California
El Dorado,2021-03-29,1316,90982,431,41682,869,47035,16,2265,827,24688,486,34131,843,58819,California
El Dorado,2021-03-30,1362,92344,411,42093,858,47893,93,2358,688,24801,666,34797,779,59598,California
El Dorado,2021-03-31,1558,93902,582,42675,913,48806,63,2421,700,24706,856,35653,761,60359,California
El Dorado,2021-04-01,3231,97133,1765,44440,1383,50189,83,2504,1534,24630,1695,37348,1619,61978,California
El Dorado,2021-04-02,1883,99016,561,45001,1227,51416,95,2599,749,24346,1128,38476,844,62822,California
El Dorado,2021-04-03,748,99764,294,45295,333,51749,121,2720,229,24178,517,38993,349,63171,California
El Dorado,2021-04-04,271,100035,85,45380,139,51888,47,2767,98,24151,172,39165,145,63316,California
El Dorado,2021-04-05,1417,101452,424,45804,899,52787,94,2861,587,24006,825,39990,680,63996,California
El Dorado,2021-04-06,1413,102865,523,46327,668,53455,222,3083,452,23720,958,40948,672,64668,California
El Dorado,2021-04-07,1577,104442,554,46881,576,54031,447,3530,556,23702,1018,41966,1000,65668,California
El Dorado,2021-04-08,2664,107106,1716,48597,713,54744,235,3765,1109,23498,1546,43512,1342,67010,California
El Dorado,2021-04-09,1422,108528,450,49047,752,55496,220,3985,568,23431,851,44363,784,67794,California
El Dorado,2021-04-10,818,109346,224,49271,484,55980,110,4095,472,23669,343,44706,581,68375,California
El Dorado,2021-04-11,703,110049,454,49725,233,56213,16,4111,208,23399,494,45200,224,68599,California
El Dorado,2021-04-12,1276,111325,498,50223,630,56843,148,4259,558,23393,711,45911,705,69304,California
El Dorado,2021-04-13,1118,112443,607,50830,511,57354,0,4259,511,23301,603,46514,511,69815,California
El Dorado,2021-04-14,1086,113529,459,51289,626,57980,1,4260,387,23003,686,47200,388,70203,California
El Dorado,2021-04-15,2494,116023,1673,52962,821,58801,0,4260,960,22433,1531,48731,961,71164,California
El Dorado,2021-04-16,1471,117494,519,53481,952,59753,0,4260,609,22185,858,49589,610,71774,California
El Dorado,2021-04-17,785,118279,200,53681,585,60338,0,4260,485,22373,297,49886,485,72259,California
El Dorado,2021-04-18,998,119277,88,53769,910,61248,0,4260,402,22180,595,50481,402,72661,California
El Dorado,2021-04-19,1712,120989,437,54206,1275,62523,0,4260,690,21854,1016,51497,690,73351,California
El Dorado,2021-04-20,1108,122097,358,54564,750,63273,0,4260,459,21669,644,52141,459,73810,California
El Dorado,2021-04-21,1151,123248,463,55027,684,63957,4,4264,586,21698,558,52699,587,74397,California
El Dorado,2021-04-22,2548,125796,1681,56708,867,64824,0,4264,1070,21291,1477,54176,1070,75467,California
El Dorado,2021-04-23,1403,127199,497,57205,906,65730,0,4264,715,21322,685,54861,716,76183,California
El Dorado,2021-04-24,964,128163,512,57717,452,66182,0,4264,733,21826,229,55090,733,76916,California
El Dorado,2021-04-25,651,128814,447,58164,204,66386,0,4264,463,22101,188,55278,463,77379,California
El Dorado,2021-04-26,1129,129943,447,58611,666,67052,16,4280,530,22049,598,55876,546,77925,California
El Dorado,2021-04-27,1047,130990,373,58984,646,67698,28,4308,471,21978,570,56446,499,78424,California
El Dorado,2021-04-28,1030,132020,346,59330,644,68342,40,4348,401,21791,628,57074,441,78865,California
El Dorado,2021-04-29,1931,133951,1306,60636,593,68935,32,4380,541,20977,1387,58461,573,79438,California
El Dorado,2021-04-30,2116,136067,1327,61963,748,69683,41,4421,1359,21632,744,59205,1399,80837,California
El Dorado,2021-05-01,615,136682,282,62245,306,69989,27,4448,277,21605,331,59536,304,81141,California
El Dorado,2021-05-02,298,136980,212,62457,57,70046,29,4477,101,21540,194,59730,129,81270,California
El Dorado,2021-05-03,820,137800,402,62859,368,70414,50,4527,275,21324,543,60273,327,81597,California
El Dorado,2021-05-04,877,138677,432,63291,387,70801,58,4585,309,21127,564,60837,367,81964,California
El Dorado,2021-05-05,872,139549,430,63721,369,71170,73,4658,414,21158,456,61293,487,82451,California
El Dorado,2021-05-06,1111,140660,481,64202,583,71753,47,4705,475,21044,632,61925,518,82969,California
El Dorado,2021-05-07,976,141636,371,64573,547,72300,58,4763,400,20925,576,62501,457,83426,California
El Dorado,2021-05-08,484,142120,147,64720,299,72599,38,4801,186,20853,296,62797,224,83650,California
El Dorado,2021-05-09,217,142337,78,64798,112,72711,27,4828,100,20864,116,62913,127,83777,California
El Dorado,2021-05-10,827,143164,274,65072,494,73205,59,4887,241,20586,576,63489,298,84075,California
El Dorado,2021-05-11,659,143823,286,65358,319,73524,54,4941,288,20561,368,63857,343,84418,California
El Dorado,2021-05-12,578,144401,315,65673,229,73753,34,4975,234,20486,344,64201,269,84687,California
El Dorado,2021-05-13,1062,145463,693,66366,332,74085,37,5012,335,20134,723,64924,371,85058,California
El Dorado,2021-05-14,755,146218,466,66832,226,74311,63,5075,287,20022,462,65386,350,85408,California
Fresno,2020-12-15,2,2,2,2,0,0,0,0,2,2,0,0,2,2,California
Fresno,2020-12-16,121,123,121,123,0,0,0,0,121,123,0,0,121,123,California
Fresno,2020-12-17,121,244,121,244,0,0,0,0,121,244,0,0,121,244,California
Fresno,2020-12-18,344,588,344,588,0,0,0,0,344,588,0,0,344,588,California
Fresno,2020-12-19,159,747,159,747,0,0,0,0,159,747,0,0,159,747,California
Fresno,2020-12-20,258,1005,256,1003,2,2,0,0,258,1005,0,0,258,1005,California
Fresno,2020-12-21,925,1930,924,1927,1,3,0,0,956,1961,0,0,956,1961,California
Fresno,2020-12-22,902,2832,873,2800,29,32,0,0,906,2867,0,0,906,2867,California
Fresno,2020-12-23,1087,3919,1046,3846,41,73,0,0,1088,3955,0,0,1088,3955,California
Fresno,2020-12-24,583,4502,563,4409,20,93,0,0,583,4538,0,0,583,4538,California
Fresno,2020-12-25,2,4504,1,4410,1,94,0,0,2,4540,0,0,2,4540,California
Fresno,2020-12-26,723,5227,714,5124,9,103,0,0,723,5263,0,0,723,5263,California
Fresno,2020-12-27,300,5527,204,5328,96,199,0,0,300,5563,0,0,300,5563,California
Fresno,2020-12-28,1063,6590,775,6103,288,487,0,0,1064,6627,0,0,1064,6627,California
Fresno,2020-12-29,1782,8372,1037,7140,745,1232,0,0,1780,8406,1,1,1780,8407,California
Fresno,2020-12-30,987,9359,479,7619,508,1740,0,0,987,9393,0,1,987,9394,California
Fresno,2020-12-31,899,10258,309,7928,590,2330,0,0,898,10291,0,1,898,10292,California
Fresno,2021-01-01,9,10267,3,7931,6,2336,0,0,9,10300,0,1,9,10301,California
Fresno,2021-01-02,1030,11297,717,8648,313,2649,0,0,1030,11330,0,1,1030,11331,California
Fresno,2021-01-03,153,11450,128,8776,25,2674,0,0,153,11483,0,1,153,11484,California
Fresno,2021-01-04,619,12069,376,9152,243,2917,0,0,619,12102,0,1,619,12103,California
Fresno,2021-01-05,779,12848,311,9463,468,3385,0,0,705,12733,74,75,705,12808,California
Fresno,2021-01-06,979,13827,346,9809,633,4018,0,0,807,13368,172,247,807,13615,California
Fresno,2021-01-07,1889,15716,916,10725,973,4991,0,0,1635,14752,254,501,1638,15253,California
Fresno,2021-01-08,1788,17504,614,11339,1174,6165,0,0,1424,15814,362,863,1424,16677,California
Fresno,2021-01-09,630,18134,388,11727,242,6407,0,0,355,15894,275,1138,355,17032,California
Fresno,2021-01-10,517,18651,487,12214,30,6437,0,0,204,15785,313,1451,204,17236,California
Fresno,2021-01-11,2163,20814,1755,13969,408,6845,0,0,1470,16565,693,2144,1473,18709,California
Fresno,2021-01-12,2528,23342,1829,15798,699,7544,0,0,1679,17395,851,2995,1681,20390,California
Fresno,2021-01-13,3537,26879,2420,18218,1117,8661,0,0,2680,19221,857,3852,2683,23073,California
Fresno,2021-01-14,4156,31035,2201,20419,1955,10616,0,0,3685,22436,470,4322,3685,26758,California
Fresno,2021-01-15,3651,34686,2530,22949,1121,11737,0,0,3294,25377,357,4679,3298,30056,California
Fresno,2021-01-16,3153,37839,2310,25259,843,12580,0,0,2688,27602,464,5143,2689,32745,California
Fresno,2021-01-17,978,38817,557,25816,421,13001,0,0,780,28184,198,5341,780,33525,California
Fresno,2021-01-18,3076,41893,2369,28185,707,13708,0,0,2411,29934,663,6004,2413,35938,California
Fresno,2021-01-19,4340,46233,2548,30733,1792,15500,0,0,3685,32968,655,6659,3689,39627,California
Fresno,2021-01-20,3005,49238,1194,31927,1811,17311,0,0,2698,35364,305,6964,2701,42328,California
Fresno,2021-01-21,4383,53621,2025,33952,2358,19669,0,0,4030,39069,331,7295,4036,46364,California
Fresno,2021-01-22,3314,56935,1348,35300,1966,21635,0,0,2919,41611,378,7673,2920,49284,California
Fresno,2021-01-23,3045,59980,1971,37271,1074,22709,0,0,2321,43216,723,8396,2328,51612,California
Fresno,2021-01-24,553,60533,373,37644,180,22889,0,0,348,43362,205,8601,351,51963,California
Fresno,2021-01-25,2344,62877,865,38509,1479,24368,0,0,1855,44732,489,9090,1859,53822,California
Fresno,2021-01-26,2023,64900,584,39093,1439,25807,0,0,1312,45336,709,9799,1313,55135,California
Fresno,2021-01-27,2284,67184,1166,40259,1118,26925,0,0,1753,46562,530,10329,1756,56891,California
Fresno,2021-01-28,4501,71685,3059,43318,1442,28367,0,0,3477,49022,1020,11349,3480,60371,California
Fresno,2021-01-29,1707,73392,983,44301,724,29091,0,0,1409,50137,295,11644,1410,61781,California
Fresno,2021-01-30,1453,74845,552,44853,901,29992,0,0,1035,50754,418,12062,1035,62816,California
Fresno,2021-01-31,227,75072,218,45071,9,30001,0,0,73,50673,154,12216,73,62889,California
Fresno,2021-02-01,3341,78413,1667,46738,1674,31675,0,0,1818,50987,1522,13738,1836,64725,California
Fresno,2021-02-02,2722,81135,552,47290,2170,33845,0,0,1585,51466,1122,14860,1601,66326,California
Fresno,2021-02-03,3545,84680,2093,49383,1452,35297,0,0,1533,51004,1996,16856,1534,67860,California
Fresno,2021-02-04,4199,88879,1898,51281,2301,37598,0,0,1931,50702,2238,19094,1936,69796,California
Fresno,2021-02-05,5337,94216,2725,54006,2612,40210,0,0,2309,49992,3023,22117,2313,72109,California
Fresno,2021-02-06,2937,97153,2048,56054,889,41099,0,0,978,49015,1956,24073,979,73088,California
Fresno,2021-02-07,470,97623,289,56343,181,41280,0,0,275,49096,194,24267,275,73363,California
Fresno,2021-02-08,4278,101901,2292,58635,1986,43266,0,0,1813,48477,2441,26708,1822,75185,California
Fresno,2021-02-09,5335,107236,2087,60722,3248,46514,0,0,3122,49470,2138,28846,3131,78316,California
Fresno,2021-02-10,3888,111124,1236,61958,2652,49166,0,0,1994,49637,1839,30685,2006,80322,California
Fresno,2021-02-11,6459,117583,2097,64055,4362,53528,0,0,3367,49932,3077,33762,3372,83694,California
Fresno,2021-02-12,5393,122976,1384,65439,4009,57537,0,0,2743,50052,2630,36392,2750,86444,California
Fresno,2021-02-13,3740,126716,1550,66989,2190,59727,0,0,2086,50502,1642,38034,2092,88536,California
Fresno,2021-02-14,1563,128279,283,67272,1280,61007,0,0,849,50639,714,38748,851,89387,California
Fresno,2021-02-15,2892,131171,272,67544,2620,63627,0,0,1787,51329,1101,39849,1791,91178,California
Fresno,2021-02-16,6698,137869,2407,69951,4291,67918,0,0,4253,53161,2427,42276,4259,95437,California
Fresno,2021-02-17,5342,143211,2457,72408,2885,70803,0,0,2986,53841,2311,44587,2991,98428,California
Fresno,2021-02-18,6864,150075,2905,75313,3959,74762,0,0,2571,52179,4243,48830,2581,101009,California
Fresno,2021-02-19,3840,153915,1104,76417,2736,77498,0,0,1835,52022,1995,50825,1838,102847,California
Fresno,2021-02-20,4540,158455,2502,78919,2038,79536,0,0,3059,53613,1474,52299,3065,105912,California
Fresno,2021-02-21,193,158648,174,79093,19,79555,0,0,130,53693,50,52349,130,106042,California
Fresno,2021-02-22,2235,160883,1005,80098,1230,80785,0,0,1228,53925,998,53347,1230,107272,California
Fresno,2021-02-23,3915,164798,1504,81602,2411,83196,0,0,3050,56123,854,54201,3052,110324,California
Fresno,2021-02-24,4192,168990,1501,83103,2691,85887,0,0,3440,58824,740,54941,3441,113765,California
Fresno,2021-02-25,7529,176519,2561,85664,4968,90855,0,0,6063,63491,1403,56344,6070,119835,California
Fresno,2021-02-26,8372,184891,3065,88729,5307,96162,0,0,7079,69308,1268,57612,7085,126920,California
Fresno,2021-02-27,6322,191213,2224,90953,4098,100260,0,0,5628,74257,680,58292,5629,132549,California
Fresno,2021-02-28,1653,192866,535,91488,1118,101378,0,0,1562,75742,78,58370,1563,134112,California
Fresno,2021-03-01,4954,197820,1315,92803,3639,105017,0,0,3637,78076,1307,59677,3641,137753,California
Fresno,2021-03-02,8686,206506,2325,95128,6361,111378,0,0,7312,84060,1350,61027,7334,145087,California
Fresno,2021-03-03,6893,213399,1692,96820,5200,116578,1,1,5879,89052,1002,62029,5994,151081,California
Fresno,2021-03-04,8665,222064,2556,99376,6109,122687,0,1,7130,94684,1506,63535,7138,158219,California
Fresno,2021-03-05,8081,230145,2718,102094,5361,128048,2,3,7052,100917,896,64431,7129,165348,California
Fresno,2021-03-06,6524,236669,3550,105644,2856,130904,118,121,5569,105660,948,65379,5691,171039,California
Fresno,2021-03-07,1484,238153,679,106323,769,131673,36,157,1254,106723,228,65607,1291,172330,California
Fresno,2021-03-08,5087,243240,2023,108346,2911,134584,153,310,3906,109621,1172,66779,4070,176400,California
Fresno,2021-03-09,7208,250448,2441,110787,4497,139081,270,580,4001,110738,3189,69968,4306,180706,California
Fresno,2021-03-10,6645,257093,2762,113549,3490,142571,393,973,5239,114983,1397,71365,5642,186348,California
Fresno,2021-03-11,11465,268558,4561,118110,6338,148909,566,1539,6216,116637,5204,76569,6858,193206,California
Fresno,2021-03-12,11746,280304,5030,123140,6263,155172,453,1992,8744,122991,2984,79553,9338,202544,California
Fresno,2021-03-13,8180,288484,3906,127046,3242,158414,1032,3024,3923,123782,4235,83788,5026,207570,California
Fresno,2021-03-14,1762,290246,472,127518,1000,159414,290,3314,662,123644,1089,84877,951,208521,California
Fresno,2021-03-15,7083,297329,3150,130668,3762,163176,171,3485,4917,126767,2151,87028,5274,213795,California
Fresno,2021-03-16,10103,307432,4431,135099,5277,168453,395,3880,6061,129309,4010,91038,6552,220347,California
Fresno,2021-03-17,8605,316037,3884,138983,4029,172482,692,4572,5825,133448,2759,93797,6898,227245,California
Fresno,2021-03-18,12279,328316,6580,145563,5067,177549,632,5204,8003,138280,4228,98025,9060,236305,California
Fresno,2021-03-19,10908,339224,5646,151209,4648,182197,614,5818,7402,143114,3477,101502,8311,244616,California
Fresno,2021-03-20,7391,346615,4427,155636,2652,184849,312,6130,4508,145352,2858,104360,5096,249712,California
Fresno,2021-03-21,1777,348392,1204,156840,203,185052,370,6500,961,145872,812,105172,1332,251044,California
Fresno,2021-03-22,5651,354043,2890,159730,2166,187218,595,7095,3851,148734,1784,106956,4646,255690,California
Fresno,2021-03-23,10536,364579,5242,164972,4801,192019,493,7588,6052,151244,4463,111419,6973,262663,California
Fresno,2021-03-24,8698,373277,3715,168687,4155,196174,828,8416,4819,153098,3845,115264,5699,268362,California
Fresno,2021-03-25,12070,385347,5579,174266,5708,201882,783,9199,6174,154283,5852,121116,7037,275399,California
Fresno,2021-03-26,12048,397395,5340,179606,6063,207945,645,9844,5277,153504,6720,127836,5941,281340,California
Fresno,2021-03-27,9379,406774,4138,183744,4158,212103,1083,10927,2934,151119,6408,134244,4023,285363,California
Fresno,2021-03-28,3378,410152,1293,185037,1397,213500,688,11615,1266,151246,2104,136348,2231,287594,California
Fresno,2021-03-29,5979,416131,1980,187017,3455,216955,544,12159,2886,151622,3068,139416,3444,291038,California
Fresno,2021-03-30,10801,426932,4220,191237,5694,222649,887,13046,4450,150634,6325,145741,5337,296375,California
Fresno,2021-03-31,9328,436260,3327,194564,5017,227666,984,14030,3801,149928,5488,151229,4782,301157,California
Fresno,2021-04-01,11733,447993,4089,198653,6783,234449,861,14891,3934,146988,7698,158927,4758,305915,California
Fresno,2021-04-02,11628,459621,4430,203083,6412,240861,786,15677,4214,144736,7261,166188,5009,310924,California
Fresno,2021-04-03,6241,465862,3398,206481,2590,243451,253,15930,2210,143226,4016,170204,2506,313430,California
Fresno,2021-04-04,1488,467350,534,207015,910,244361,44,15974,556,142902,924,171128,600,314030,California
Fresno,2021-04-05,8298,475648,4468,211483,3033,247394,797,16771,2529,140541,5754,176882,3393,317423,California
Fresno,2021-04-06,9562,485210,4019,215502,4369,251763,1174,17945,3616,139438,5910,182792,4807,322230,California
Fresno,2021-04-07,10322,495532,5313,220815,3819,255582,1190,19135,3565,137501,6719,189511,4782,327012,California
Fresno,2021-04-08,10827,506359,5130,225945,4552,260134,1145,20280,3513,134930,7271,196782,4700,331712,California
Fresno,2021-04-09,11096,517455,5299,231244,4421,264555,1376,21656,3622,132516,7435,204217,5021,336733,California
Fresno,2021-04-10,7871,525326,5159,236403,2191,266746,521,22177,3746,132668,4114,208331,4266,340999,California
Fresno,2021-04-11,1388,526714,929,237332,370,267116,89,22266,449,132273,934,209265,539,341538,California
Fresno,2021-04-12,7144,533858,3770,241102,2458,269574,916,23182,2327,130719,4796,214061,3242,344780,California
Fresno,2021-04-13,8913,542771,4241,245343,4602,274176,70,23252,3503,129008,5375,219436,3664,348444,California
Fresno,2021-04-14,9124,551895,5414,250757,3709,277885,1,23253,3710,127391,5374,224810,3757,352201,California
Fresno,2021-04-15,8112,560007,3914,254671,4195,282080,3,23256,3141,125592,4946,229756,3147,355348,California
Fresno,2021-04-16,9344,569351,4626,259297,4716,286796,2,23258,3892,124076,5415,235171,3899,359247,California
Fresno,2021-04-17,5570,574921,3729,263026,1840,288636,1,23259,2708,123942,2845,238016,2711,361958,California
Fresno,2021-04-18,1023,575944,557,263583,466,289102,0,23259,476,123875,543,238559,476,362434,California
Fresno,2021-04-19,5515,581459,3025,266608,2486,291588,4,23263,2262,122931,3213,241772,2269,364703,California
Fresno,2021-04-20,6830,588289,3322,269930,3500,295088,8,23271,2549,121231,4258,246030,2558,367261,California
Fresno,2021-04-21,6259,594548,3411,273341,2839,297927,9,23280,2575,120169,3649,249679,2587,369848,California
Fresno,2021-04-22,6327,600875,3139,276480,3187,301114,1,23281,2336,118570,3939,253618,2340,372188,California
Fresno,2021-04-23,7018,607893,3766,280246,3234,304348,18,23299,2719,117035,4260,257878,2725,374913,California
Fresno,2021-04-24,4153,612046,2480,282726,1673,306021,0,23299,1954,116804,2185,260063,1954,376867,California
Fresno,2021-04-25,1382,613428,567,283293,813,306834,2,23301,694,116815,684,260747,695,377562,California
Fresno,2021-04-26,3916,617344,1963,285256,1910,308744,43,23344,1658,116281,2233,262980,1699,379261,California
Fresno,2021-04-27,4518,621862,2286,287542,2122,310866,110,23454,1781,115455,2717,265697,1891,381152,California
Fresno,2021-04-28,4698,626560,2623,290165,1948,312814,127,23581,1920,114744,2758,268455,2047,383199,California
Fresno,2021-04-29,4718,631278,2645,292810,1941,314755,132,23713,1738,113663,2951,271406,1870,385069,California
Fresno,2021-04-30,5306,636584,3227,296037,1949,316704,130,23843,2097,112713,3176,274582,2226,387295,California
Fresno,2021-05-01,4179,640763,3466,299503,577,317281,136,23979,1212,111107,2953,277535,1347,388642,California
Fresno,2021-05-02,1241,642004,776,300279,414,317695,51,24030,600,111127,630,278165,650,389292,California
Fresno,2021-05-03,3975,645979,2675,302954,1115,318810,185,24215,1307,109973,2642,280807,1488,390780,California
Fresno,2021-05-04,4685,650664,2373,305327,2164,320974,148,24363,1515,108488,3150,283957,1665,392445,California
Fresno,2021-05-05,4759,655423,2834,308161,1700,322674,225,24588,1458,106886,3278,287235,1676,394121,California
Fresno,2021-05-06,3977,659400,2401,310562,1471,324145,105,24693,1336,105711,2616,289851,1441,395562,California
Fresno,2021-05-07,4931,664331,3235,313797,1536,325681,160,24853,1526,104011,3384,293235,1684,397246,California
Fresno,2021-05-08,3880,668211,2485,316282,1251,326932,144,24997,1168,102630,2694,295929,1313,398559,California
Fresno,2021-05-09,706,668917,375,316657,287,327219,44,25041,345,102663,355,296284,388,398947,California
Fresno,2021-05-10,2934,671851,1593,318250,1201,328420,140,25181,929,101734,1998,298282,1069,400016,California
Fresno,2021-05-11,3562,675413,1840,320090,1634,330054,88,25269,1114,100502,2435,300717,1203,401219,California
Fresno,2021-05-12,3455,678868,2110,322200,1201,331255,144,25413,1192,99599,2240,302957,1337,402556,California
Fresno,2021-05-13,3540,682408,1913,324113,1526,332781,101,25514,1554,99305,1949,304906,1655,404211,California
Fresno,2021-05-14,3117,685525,1840,325953,1127,333908,150,25664,1094,98543,2003,306909,1241,405452,California
Glenn,2020-12-17,1,1,1,1,0,0,0,0,1,1,0,0,1,1,California
Glenn,2020-12-19,1,2,1,2,0,0,0,0,1,2,0,0,1,2,California
Glenn,2020-12-20,1,3,1,3,0,0,0,0,1,3,0,0,1,3,California
Glenn,2020-12-21,11,14,11,14,0,0,0,0,11,14,0,0,11,14,California
Glenn,2020-12-22,59,73,59,73,0,0,0,0,59,73,0,0,59,73,California
Glenn,2020-12-23,27,100,27,100,0,0,0,0,27,100,0,0,27,100,California
Glenn,2020-12-24,9,109,9,109,0,0,0,0,9,109,0,0,9,109,California
Glenn,2020-12-26,2,111,2,111,0,0,0,0,2,111,0,0,2,111,California
Glenn,2020-12-27,4,115,4,115,0,0,0,0,4,115,0,0,4,115,California
Glenn,2020-12-28,21,136,21,136,0,0,0,0,21,136,0,0,21,136,California
Glenn,2020-12-29,82,218,82,218,0,0,0,0,82,218,0,0,82,218,California
Glenn,2020-12-30,129,347,106,324,23,23,0,0,129,347,0,0,129,347,California
Glenn,2020-12-31,38,385,9,333,29,52,0,0,38,385,0,0,38,385,California
Glenn,2021-01-02,2,387,2,335,0,52,0,0,2,387,0,0,2,387,California
Glenn,2021-01-04,7,394,5,340,2,54,0,0,7,394,0,0,7,394,California
Glenn,2021-01-05,9,403,8,348,1,55,0,0,9,403,0,0,9,403,California
Glenn,2021-01-06,60,463,8,356,52,107,0,0,60,463,0,0,60,463,California
Glenn,2021-01-07,67,530,12,368,55,162,0,0,65,526,2,2,65,528,California
Glenn,2021-01-08,12,542,9,377,3,165,0,0,12,538,0,2,12,540,California
Glenn,2021-01-10,1,543,1,378,0,165,0,0,0,537,1,3,0,540,California
Glenn,2021-01-11,30,573,30,408,0,165,0,0,12,531,18,21,12,552,California
Glenn,2021-01-12,42,615,37,445,5,170,0,0,14,517,28,49,14,566,California
Glenn,2021-01-13,152,767,87,532,65,235,0,0,108,581,44,93,108,674,California
Glenn,2021-01-14,185,952,96,628,89,324,0,0,175,746,10,103,175,849,California
Glenn,2021-01-15,42,994,34,662,8,332,0,0,37,778,5,108,37,886,California
Glenn,2021-01-16,34,1028,14,676,20,352,0,0,24,792,10,118,24,910,California
Glenn,2021-01-17,4,1032,2,678,2,354,0,0,2,792,2,120,2,912,California
Glenn,2021-01-18,17,1049,16,694,1,355,0,0,9,793,8,128,9,921,California
Glenn,2021-01-19,31,1080,20,714,11,366,0,0,14,790,17,145,14,935,California
Glenn,2021-01-20,163,1243,94,808,69,435,0,0,82,791,81,226,82,1017,California
Glenn,2021-01-21,124,1367,98,906,26,461,0,0,30,727,94,320,30,1047,California
Glenn,2021-01-22,339,1706,65,971,274,735,0,0,332,1052,7,327,332,1379,California
Glenn,2021-01-23,14,1720,7,978,7,742,0,0,12,1062,2,329,12,1391,California
Glenn,2021-01-24,2,1722,2,980,0,742,0,0,2,1064,0,329,2,1393,California
Glenn,2021-01-25,27,1749,9,989,18,760,0,0,24,1085,3,332,24,1417,California
Glenn,2021-01-26,29,1778,13,1002,16,776,0,0,23,1102,6,338,23,1440,California
Glenn,2021-01-27,188,1966,13,1015,175,951,0,0,166,1246,22,360,166,1606,California
Glenn,2021-01-28,146,2112,8,1023,138,1089,0,0,116,1332,30,390,116,1722,California
Glenn,2021-01-29,296,2408,12,1035,284,1373,0,0,282,1600,14,404,282,2004,California
Glenn,2021-01-30,4,2412,0,1035,4,1377,0,0,4,1604,0,404,4,2008,California
Glenn,2021-01-31,1,2413,0,1035,1,1378,0,0,1,1605,0,404,1,2009,California
Glenn,2021-02-01,28,2441,10,1045,18,1396,0,0,16,1609,12,416,16,2025,California
Glenn,2021-02-02,28,2469,13,1058,15,1411,0,0,19,1619,9,425,19,2044,California
Glenn,2021-02-03,206,2675,57,1115,149,1560,0,0,111,1636,95,520,112,2156,California
Glenn,2021-02-04,150,2825,84,1199,66,1626,0,0,45,1576,105,625,45,2201,California
Glenn,2021-02-05,319,3144,24,1223,295,1921,0,0,299,1855,20,645,299,2500,California
Glenn,2021-02-06,14,3158,2,1225,12,1933,0,0,13,1867,1,646,13,2513,California
Glenn,2021-02-07,2,3160,2,1227,0,1933,0,0,2,1869,0,646,2,2515,California
Glenn,2021-02-08,21,3181,17,1244,4,1937,0,0,4,1856,17,663,4,2519,California
Glenn,2021-02-09,49,3230,20,1264,29,1966,0,0,36,1879,13,676,36,2555,California
Glenn,2021-02-10,139,3369,19,1283,120,2086,0,0,65,1870,74,750,65,2620,California
Glenn,2021-02-11,233,3602,133,1416,100,2186,0,0,150,1937,83,833,150,2770,California
Glenn,2021-02-12,420,4022,99,1515,321,2507,0,0,354,2225,66,899,354,3124,California
Glenn,2021-02-13,34,4056,7,1522,27,2534,0,0,16,2223,18,917,16,3140,California
Glenn,2021-02-14,1,4057,0,1522,1,2535,0,0,1,2224,0,917,1,3141,California
Glenn,2021-02-15,8,4065,0,1522,8,2543,0,0,8,2232,0,917,8,3149,California
Glenn,2021-02-16,39,4104,9,1531,30,2573,0,0,21,2235,18,935,21,3170,California
Glenn,2021-02-17,380,4484,14,1545,366,2939,0,0,302,2459,78,1013,302,3472,California
Glenn,2021-02-18,135,4619,100,1645,35,2974,0,0,111,2546,24,1037,111,3583,California
Glenn,2021-02-19,303,4922,17,1662,286,3260,0,0,29,2301,274,1311,29,3612,California
Glenn,2021-02-20,8,4930,0,1662,8,3268,0,0,0,2293,8,1319,0,3612,California
Glenn,2021-02-22,33,4963,14,1676,19,3287,0,0,17,2294,16,1335,17,3629,California
Glenn,2021-02-23,40,5003,10,1686,30,3317,0,0,28,2310,12,1347,28,3657,California
Glenn,2021-02-24,229,5232,23,1709,206,3523,0,0,47,2175,182,1529,47,3704,California
Glenn,2021-02-25,262,5494,148,1857,114,3637,0,0,118,2157,136,1665,118,3822,California
Glenn,2021-02-26,304,5798,24,1881,280,3917,0,0,20,1894,283,1948,20,3842,California
Glenn,2021-02-27,15,5813,5,1886,10,3927,0,0,5,1890,9,1957,5,3847,California
Glenn,2021-02-28,6,5819,3,1889,3,3930,0,0,3,1891,2,1959,3,3850,California
Glenn,2021-03-01,28,5847,6,1895,22,3952,0,0,12,1887,16,1975,12,3862,California
Glenn,2021-03-02,35,5882,7,1902,28,3980,0,0,17,1886,18,1993,17,3879,California
Glenn,2021-03-03,192,6074,37,1939,155,4135,0,0,101,1898,89,2082,101,3980,California
Glenn,2021-03-04,521,6595,175,2114,346,4481,0,0,375,2127,146,2228,375,4355,California
Glenn,2021-03-05,356,6951,48,2162,308,4789,0,0,35,1841,321,2549,35,4390,California
Glenn,2021-03-06,26,6977,3,2165,22,4811,1,1,9,1834,17,2566,10,4400,California
Glenn,2021-03-07,5,6982,0,2165,5,4816,0,1,3,1836,1,2567,3,4403,California
Glenn,2021-03-08,20,7002,2,2167,17,4833,1,2,18,1853,2,2569,19,4422,California
Glenn,2021-03-09,82,7084,11,2178,68,4901,3,5,54,1881,28,2597,56,4478,California
Glenn,2021-03-10,172,7256,69,2247,101,5002,2,7,95,1901,77,2674,97,4575,California
Glenn,2021-03-11,584,7840,170,2417,391,5393,23,30,454,2248,130,2804,477,5052,California
Glenn,2021-03-12,418,8258,14,2431,342,5735,62,92,41,1974,377,3181,103,5155,California
Glenn,2021-03-13,12,8270,1,2432,3,5738,8,100,1,1972,11,3192,9,5164,California
Glenn,2021-03-14,3,8273,1,2433,2,5740,0,100,2,1973,1,3193,2,5166,California
Glenn,2021-03-15,75,8348,15,2448,55,5795,5,105,60,2023,15,3208,65,5231,California
Glenn,2021-03-16,107,8455,33,2481,63,5858,11,116,66,2059,41,3249,77,5308,California
Glenn,2021-03-17,416,8871,97,2578,312,6170,7,123,115,1878,301,3550,120,5428,California
Glenn,2021-03-18,521,9392,215,2793,50,6220,256,379,145,1902,376,3926,400,5828,California
Glenn,2021-03-19,92,9484,16,2809,70,6290,6,385,71,1959,20,3946,77,5905,California
Glenn,2021-03-20,121,9605,1,2810,119,6409,1,386,119,2077,2,3948,120,6025,California
Glenn,2021-03-21,6,9611,5,2815,0,6409,1,387,3,2079,2,3950,4,6029,California
Glenn,2021-03-22,117,9728,54,2869,55,6464,8,395,97,2166,18,3968,105,6134,California
Glenn,2021-03-23,173,9901,66,2935,56,6520,51,446,100,2245,72,4040,151,6285,California
Glenn,2021-03-24,205,10106,99,3034,101,6621,5,451,133,2312,71,4111,138,6423,California
Glenn,2021-03-25,458,10564,229,3263,135,6756,94,545,330,2609,127,4238,424,6847,California
Glenn,2021-03-26,229,10793,37,3300,156,6912,36,581,178,2772,51,4289,214,7061,California
Glenn,2021-03-27,151,10944,22,3322,124,7036,5,586,141,2908,10,4299,146,7207,California
Glenn,2021-03-28,15,10959,10,3332,5,7041,0,586,10,2913,5,4304,10,7217,California
Glenn,2021-03-29,60,11019,20,3352,37,7078,3,589,46,2948,14,4318,49,7266,California
Glenn,2021-03-30,74,11093,42,3394,31,7109,1,590,42,2961,30,4348,43,7309,California
Glenn,2021-03-31,125,11218,35,3429,89,7198,1,591,54,2946,70,4418,55,7364,California
Glenn,2021-04-01,646,11864,188,3617,449,7647,9,600,234,2779,410,4828,243,7607,California
Glenn,2021-04-02,159,12023,25,3642,122,7769,12,612,123,2878,36,4864,135,7742,California
Glenn,2021-04-03,91,12114,4,3646,80,7849,7,619,80,2954,11,4875,87,7829,California
Glenn,2021-04-04,8,12122,3,3649,3,7852,2,621,4,2956,4,4879,6,7835,California
Glenn,2021-04-05,65,12187,25,3674,27,7879,13,634,28,2960,37,4916,41,7876,California
Glenn,2021-04-06,144,12331,52,3726,53,7932,39,673,38,2931,105,5021,76,7952,California
Glenn,2021-04-07,159,12490,46,3772,59,7991,54,727,73,2972,86,5107,127,8079,California
Glenn,2021-04-08,641,13131,189,3961,418,8409,34,761,139,2645,500,5607,173,8252,California
Glenn,2021-04-09,157,13288,57,4018,84,8493,16,777,101,2706,56,5663,117,8369,California
Glenn,2021-04-10,73,13361,1,4019,61,8554,11,788,61,2766,12,5675,72,8441,California
Glenn,2021-04-11,17,13378,8,4027,4,8558,5,793,7,2768,10,5685,12,8453,California
Glenn,2021-04-12,114,13492,25,4052,60,8618,29,822,20,2723,94,5779,49,8502,California
Glenn,2021-04-13,118,13610,63,4115,55,8673,0,822,31,2668,86,5865,31,8533,California
Glenn,2021-04-14,123,13733,47,4162,76,8749,0,822,69,2683,54,5919,69,8602,California
Glenn,2021-04-15,361,14094,275,4437,86,8835,0,822,124,2570,237,6156,124,8726,California
Glenn,2021-04-16,164,14258,40,4477,124,8959,0,822,78,2562,86,6242,78,8804,California
Glenn,2021-04-17,166,14424,18,4495,148,9107,0,822,36,2475,123,6365,36,8840,California
Glenn,2021-04-18,16,14440,3,4498,13,9120,0,822,13,2485,3,6368,13,8853,California
Glenn,2021-04-19,82,14522,17,4515,65,9185,0,822,27,2458,54,6422,27,8880,California
Glenn,2021-04-20,125,14647,81,4596,44,9229,0,822,56,2445,69,6491,56,8936,California
Glenn,2021-04-21,412,15059,309,4905,103,9332,0,822,286,2605,126,6617,286,9222,California
Glenn,2021-04-22,208,15267,48,4953,160,9492,0,822,43,2484,164,6781,43,9265,California
Glenn,2021-04-23,178,15445,24,4977,154,9646,0,822,48,2403,129,6910,48,9313,California
Glenn,2021-04-24,179,15624,32,5009,147,9793,0,822,44,2312,135,7045,44,9357,California
Glenn,2021-04-25,28,15652,16,5025,12,9805,0,822,21,2326,7,7052,21,9378,California
Glenn,2021-04-26,46,15698,11,5036,35,9840,0,822,19,2318,27,7079,19,9397,California
Glenn,2021-04-27,58,15756,45,5081,8,9848,5,827,28,2321,29,7108,32,9429,California
Glenn,2021-04-28,255,16011,177,5258,67,9915,11,838,127,2331,128,7236,138,9567,California
Glenn,2021-04-29,181,16192,22,5280,157,10072,2,840,43,2238,138,7374,45,9612,California
Glenn,2021-04-30,156,16348,35,5315,119,10191,2,842,46,2176,110,7484,48,9660,California
Glenn,2021-05-01,108,16456,13,5328,94,10285,1,843,30,2129,78,7562,31,9691,California
Glenn,2021-05-02,30,16486,12,5340,9,10294,9,852,15,2138,15,7577,24,9715,California
Glenn,2021-05-03,36,16522,23,5363,12,10306,1,853,14,2131,22,7599,15,9730,California
Glenn,2021-05-04,57,16579,33,5396,19,10325,5,858,28,2135,29,7628,33,9763,California
Glenn,2021-05-05,122,16701,35,5431,77,10402,10,868,51,2125,71,7699,61,9824,California
Glenn,2021-05-06,106,16807,41,5472,60,10462,5,873,40,2104,66,7765,45,9869,California
Glenn,2021-05-07,120,16927,33,5505,78,10540,9,882,31,2056,88,7853,40,9909,California
Glenn,2021-05-08,66,16993,12,5517,50,10590,4,886,21,2037,44,7897,25,9934,California
Glenn,2021-05-09,17,17010,11,5528,6,10596,0,886,13,2046,4,7901,13,9947,California
Glenn,2021-05-10,36,17046,15,5543,16,10612,5,891,15,2045,21,7922,20,9967,California
Glenn,2021-05-11,76,17122,53,5596,14,10626,9,900,16,2010,60,7982,25,9992,California
Glenn,2021-05-12,327,17449,245,5841,68,10694,14,914,46,1789,281,8263,60,10052,California
Glenn,2021-05-13,121,17570,30,5871,73,10767,18,932,39,1764,82,8345,57,10109,California
Glenn,2021-05-14,81,17651,8,5879,72,10839,1,933,29,1743,51,8396,30,10139,California
Humboldt,2020-12-15,2,2,2,2,0,0,0,0,2,2,0,0,2,2,California
Humboldt,2020-12-16,15,17,15,17,0,0,0,0,15,17,0,0,15,17,California
Humboldt,2020-12-17,117,134,117,134,0,0,0,0,117,134,0,0,117,134,California
Humboldt,2020-12-18,177,311,177,311,0,0,0,0,177,311,0,0,177,311,California
Humboldt,2020-12-19,10,321,10,321,0,0,0,0,10,321,0,0,10,321,California
Humboldt,2020-12-20,28,349,28,349,0,0,0,0,28,349,0,0,28,349,California
Humboldt,2020-12-21,166,515,166,515,0,0,0,0,166,515,0,0,166,515,California
Humboldt,2020-12-22,297,812,297,812,0,0,0,0,297,812,0,0,297,812,California
Humboldt,2020-12-23,310,1122,262,1074,48,48,0,0,312,1124,0,0,312,1124,California
Humboldt,2020-12-24,25,1147,2,1076,23,71,0,0,25,1149,0,0,25,1149,California
Humboldt,2020-12-25,2,1149,2,1078,0,71,0,0,2,1151,0,0,2,1151,California
Humboldt,2020-12-26,6,1155,5,1083,1,72,0,0,6,1157,0,0,6,1157,California
Humboldt,2020-12-28,157,1312,145,1228,12,84,0,0,157,1314,0,0,157,1314,California
Humboldt,2020-12-29,171,1483,124,1352,47,131,0,0,171,1485,0,0,171,1485,California
Humboldt,2020-12-30,224,1707,124,1476,100,231,0,0,224,1709,0,0,224,1709,California
Humboldt,2020-12-31,242,1949,79,1555,163,394,0,0,242,1951,0,0,242,1951,California
Humboldt,2021-01-01,2,1951,1,1556,1,395,0,0,2,1953,0,0,2,1953,California
Humboldt,2021-01-02,38,1989,1,1557,37,432,0,0,38,1991,0,0,38,1991,California
Humboldt,2021-01-04,217,2206,142,1699,75,507,0,0,219,2210,0,0,219,2210,California
Humboldt,2021-01-05,130,2336,18,1717,112,619,0,0,129,2338,1,1,129,2339,California
Humboldt,2021-01-06,302,2638,204,1921,98,717,0,0,229,2506,61,62,229,2568,California
Humboldt,2021-01-07,423,3061,311,2232,112,829,0,0,309,2716,99,161,309,2877,California
Humboldt,2021-01-08,420,3481,281,2513,139,968,0,0,285,2870,131,292,285,3162,California
Humboldt,2021-01-09,69,3550,45,2558,24,992,0,0,66,2934,3,295,67,3229,California
Humboldt,2021-01-10,84,3634,84,2642,0,992,0,0,4,2858,80,375,4,3233,California
Humboldt,2021-01-11,289,3923,278,2920,11,1003,0,0,72,2717,213,588,72,3305,California
Humboldt,2021-01-12,482,4405,319,3239,163,1166,0,0,298,2853,162,750,298,3603,California
Humboldt,2021-01-13,491,4896,276,3515,215,1381,0,0,314,2994,174,924,315,3918,California
Humboldt,2021-01-14,522,5418,164,3679,358,1739,0,0,466,3405,56,980,467,4385,California
Humboldt,2021-01-15,375,5793,39,3718,336,2075,0,0,358,3746,17,997,358,4743,California
Humboldt,2021-01-16,170,5963,6,3724,164,2239,0,0,169,3914,1,998,169,4912,California
Humboldt,2021-01-17,6,5969,4,3728,2,2241,0,0,6,3920,0,998,6,4918,California
Humboldt,2021-01-18,294,6263,259,3987,35,2276,0,0,144,3914,150,1148,144,5062,California
Humboldt,2021-01-19,625,6888,372,4359,253,2529,0,0,498,4291,121,1269,498,5560,California
Humboldt,2021-01-20,916,7804,405,4764,511,3040,0,0,768,4921,140,1409,770,6330,California
Humboldt,2021-01-21,959,8763,261,5025,698,3738,0,0,917,5796,42,1451,917,7247,California
Humboldt,2021-01-22,676,9439,376,5401,300,4038,0,0,667,6455,9,1460,668,7915,California
Humboldt,2021-01-23,814,10253,272,5673,542,4580,0,0,805,7252,9,1469,806,8721,California
Humboldt,2021-01-24,227,10480,1,5674,226,4806,0,0,226,7477,1,1470,226,8947,California
Humboldt,2021-01-25,305,10785,233,5907,72,4878,0,0,149,7470,156,1626,149,9096,California
Humboldt,2021-01-26,525,11310,141,6048,384,5262,0,0,475,7895,50,1676,475,9571,California
Humboldt,2021-01-27,1260,12570,587,6635,673,5935,0,0,1194,9032,59,1735,1196,10767,California
Humboldt,2021-01-28,1457,14027,634,7269,823,6758,0,0,1320,10220,134,1869,1322,12089,California
Humboldt,2021-01-29,1131,15158,546,7815,585,7343,0,0,703,10496,428,2297,704,12793,California
Humboldt,2021-01-30,974,16132,457,8272,517,7860,0,0,961,11445,13,2310,962,13755,California
Humboldt,2021-01-31,313,16445,312,8584,1,7861,0,0,312,11756,1,2311,312,14067,California
Humboldt,2021-02-01,333,16778,192,8776,141,8002,0,0,189,11802,143,2454,189,14256,California
Humboldt,2021-02-02,444,17222,74,8850,370,8372,0,0,339,12041,102,2556,341,14597,California
Humboldt,2021-02-03,658,17880,257,9107,401,8773,0,0,508,12399,150,2706,508,15105,California
Humboldt,2021-02-04,638,18518,262,9369,376,9149,0,0,440,12644,195,2901,440,15545,California
Humboldt,2021-02-05,814,19332,94,9463,720,9869,0,0,626,13082,188,3089,626,16171,California
Humboldt,2021-02-06,1057,20389,446,9909,611,10480,0,0,1014,14055,42,3131,1015,17186,California
Humboldt,2021-02-07,378,20767,9,9918,369,10849,0,0,373,14425,4,3135,374,17560,California
Humboldt,2021-02-08,324,21091,142,10060,182,11031,0,0,183,14468,140,3275,183,17743,California
Humboldt,2021-02-09,494,21585,220,10280,274,11305,0,0,179,14332,315,3590,179,17922,California
Humboldt,2021-02-10,564,22149,371,10651,193,11498,0,0,233,14239,326,3916,233,18155,California
Humboldt,2021-02-11,1297,23446,395,11046,902,12400,0,0,500,13946,794,4710,501,18656,California
Humboldt,2021-02-12,1146,24592,736,11782,410,12810,0,0,706,14212,440,5150,706,19362,California
Humboldt,2021-02-13,1505,26097,557,12339,948,13758,0,0,916,14541,587,5737,916,20278,California
Humboldt,2021-02-14,112,26209,5,12344,107,13865,0,0,109,14648,2,5739,109,20387,California
Humboldt,2021-02-15,292,26501,78,12422,214,14079,0,0,195,14746,97,5836,195,20582,California
Humboldt,2021-02-16,534,27035,118,12540,416,14495,0,0,253,14719,281,6117,254,20836,California
Humboldt,2021-02-17,453,27488,281,12821,172,14667,0,0,137,14541,315,6432,137,20973,California
Humboldt,2021-02-18,969,28457,596,13417,373,15040,0,0,228,14030,739,7171,228,21201,California
Humboldt,2021-02-19,476,28933,434,13851,42,15082,0,0,89,13735,384,7555,89,21290,California
Humboldt,2021-02-20,1596,30529,983,14834,613,15695,0,0,475,13094,1118,8673,477,21767,California
Humboldt,2021-02-21,479,31008,471,15305,8,15703,0,0,183,12982,296,8969,184,21951,California
Humboldt,2021-02-22,127,31135,92,15397,35,15738,0,0,28,12913,97,9066,28,21979,California
Humboldt,2021-02-23,172,31307,70,15467,102,15840,0,0,40,12823,130,9196,40,22019,California
Humboldt,2021-02-24,1165,32472,705,16172,460,16300,0,0,587,12833,577,9773,587,22606,California
Humboldt,2021-02-25,832,33304,317,16489,515,16815,0,0,228,12459,602,10375,228,22834,California
Humboldt,2021-02-26,2145,35449,106,16595,2039,18854,0,0,451,11223,1688,12063,452,23286,California
Humboldt,2021-02-27,1693,37142,1075,17670,618,19472,0,0,869,11274,822,12885,873,24159,California
Humboldt,2021-02-28,121,37263,10,17680,111,19583,0,0,116,11385,5,12890,116,24275,California
Humboldt,2021-03-01,259,37522,47,17727,212,19795,0,0,184,11494,75,12965,184,24459,California
Humboldt,2021-03-02,287,37809,48,17775,239,20034,0,0,157,11521,130,13095,157,24616,California
Humboldt,2021-03-03,1656,39465,1098,18873,558,20592,0,0,1221,12315,428,13523,1222,25838,California
Humboldt,2021-03-04,899,40364,112,18985,787,21379,0,0,280,11978,619,14142,282,26120,California
Humboldt,2021-03-05,945,41309,183,19168,751,22130,11,11,388,11824,553,14695,399,26519,California
Humboldt,2021-03-06,1699,43008,841,20009,809,22939,49,60,714,11603,984,15679,763,27282,California
Humboldt,2021-03-07,364,43372,296,20305,50,22989,18,78,157,11571,207,15886,175,27457,California
Humboldt,2021-03-08,273,43645,7,20312,188,23177,78,156,179,11734,94,15980,257,27714,California
Humboldt,2021-03-09,481,44126,203,20515,130,23307,148,304,232,11867,247,16227,380,28094,California
Humboldt,2021-03-10,690,44816,467,20982,70,23377,153,457,420,12169,269,16496,571,28665,California
Humboldt,2021-03-11,1447,46263,463,21445,885,24262,99,556,629,12081,815,17311,727,29392,California
Humboldt,2021-03-12,1745,48008,1082,22527,441,24703,222,778,1053,12675,684,17995,1278,30670,California
Humboldt,2021-03-13,1570,49578,1022,23549,496,25199,52,830,676,12515,888,18883,728,31398,California
Humboldt,2021-03-14,142,49720,18,23567,115,25314,9,839,28,12438,114,18997,37,31435,California
Humboldt,2021-03-15,275,49995,51,23618,204,25518,20,859,59,12301,216,19213,79,31514,California
Humboldt,2021-03-16,635,50630,200,23818,174,25692,261,1120,260,12446,374,19587,519,32033,California
Humboldt,2021-03-17,732,51362,397,24215,227,25919,108,1228,339,12501,392,19979,447,32480,California
Humboldt,2021-03-18,1735,53097,1166,25381,526,26445,43,1271,1041,12896,689,20668,1084,33564,California
Humboldt,2021-03-19,1073,54170,58,25439,701,27146,314,1585,439,13017,631,21299,752,34316,California
Humboldt,2021-03-20,1375,55545,751,26190,611,27757,13,1598,428,12514,945,22244,442,34758,California
Humboldt,2021-03-21,248,55793,32,26222,187,27944,29,1627,203,12700,45,22289,231,34989,California
Humboldt,2021-03-22,115,55908,15,26237,50,27994,50,1677,58,12753,55,22344,108,35097,California
Humboldt,2021-03-23,410,56318,41,26278,326,28320,43,1720,319,13026,89,22433,362,35459,California
Humboldt,2021-03-24,1414,57732,389,26667,977,29297,48,1768,1037,13740,369,22802,1083,36542,California
Humboldt,2021-03-25,1832,59564,1207,27874,563,29860,62,1830,946,13864,884,23686,1008,37550,California
Humboldt,2021-03-26,2038,61602,437,28311,1545,31405,56,1886,1596,15078,437,24123,1651,39201,California
Humboldt,2021-03-27,1965,63567,1437,29748,359,31764,169,2055,1092,15471,868,24991,1261,40462,California
Humboldt,2021-03-28,267,63834,81,29829,115,31879,71,2126,85,15446,182,25173,157,40619,California
Humboldt,2021-03-29,468,64302,126,29955,247,32126,95,2221,199,15471,268,25441,293,40912,California
Humboldt,2021-03-30,939,65241,304,30259,521,32647,114,2335,564,15778,370,25811,677,41589,California
Humboldt,2021-03-31,1856,67097,517,30776,1243,33890,96,2431,1403,16830,450,26261,1502,43091,California
Humboldt,2021-04-01,2099,69196,705,31481,1302,35192,92,2523,1475,17779,617,26878,1566,44657,California
Humboldt,2021-04-02,1706,70902,1098,32579,504,35696,104,2627,607,17398,1093,27971,712,45369,California
Humboldt,2021-04-03,1663,72565,1503,34082,144,35840,16,2643,669,17099,984,28955,685,46054,California
Humboldt,2021-04-04,481,73046,370,34452,102,35942,9,2652,405,17438,76,29031,415,46469,California
Humboldt,2021-04-05,773,73819,458,34910,267,36209,48,2700,440,17595,331,29362,488,46957,California
Humboldt,2021-04-06,838,74657,317,35227,387,36596,134,2834,587,18069,245,29607,719,47676,California
Humboldt,2021-04-07,1486,76143,1056,36283,291,36887,139,2973,983,18690,501,30108,1122,48798,California
Humboldt,2021-04-08,1727,77870,1085,37368,484,37371,158,3131,735,18593,990,31098,893,49691,California
Humboldt,2021-04-09,1432,79302,432,37800,847,38218,153,3284,1148,19603,284,31382,1294,50985,California
Humboldt,2021-04-10,929,80231,136,37936,617,38835,176,3460,730,20310,197,31579,904,51889,California
Humboldt,2021-04-11,638,80869,137,38073,35,38870,466,3926,127,20391,511,32090,592,52481,California
Humboldt,2021-04-12,430,81299,222,38295,83,38953,125,4051,273,20632,157,32247,398,52879,California
Humboldt,2021-04-13,581,81880,322,38617,256,39209,3,4054,546,21149,31,32278,548,53427,California
Humboldt,2021-04-14,1414,83294,1025,39642,389,39598,0,4054,1303,22342,110,32388,1303,54730,California
Humboldt,2021-04-15,1811,85105,1195,40837,612,40210,4,4058,1244,23039,549,32937,1246,55976,California
Humboldt,2021-04-16,1122,86227,518,41355,604,40814,0,4058,540,23000,579,33516,540,56516,California
Humboldt,2021-04-17,1599,87826,1276,42631,323,41137,0,4058,1012,23431,581,34097,1012,57528,California
Humboldt,2021-04-18,615,88441,342,42973,272,41409,1,4059,93,23008,516,34613,93,57621,California
Humboldt,2021-04-19,185,88626,82,43055,103,41512,0,4059,70,22965,113,34726,70,57691,California
Humboldt,2021-04-20,473,89099,129,43184,344,41856,0,4059,231,22955,241,34967,231,57922,California
Humboldt,2021-04-21,1082,90181,375,43559,707,42563,0,4059,427,22738,645,35612,428,58350,California
Humboldt,2021-04-22,873,91054,520,44079,351,42914,2,4061,439,22745,432,36044,439,58789,California
Humboldt,2021-04-23,2153,93207,302,44381,1851,44765,0,4061,314,21223,1836,37880,314,59103,California
Humboldt,2021-04-24,1037,94244,875,45256,157,44922,5,4066,349,20891,686,38566,354,59457,California
Humboldt,2021-04-25,371,94615,236,45492,135,45057,0,4066,191,20905,177,38743,191,59648,California
Humboldt,2021-04-26,304,94919,210,45702,90,45147,4,4070,86,20777,216,38959,88,59736,California
Humboldt,2021-04-27,685,95604,225,45927,442,45589,18,4088,136,20385,546,39505,154,59890,California
Humboldt,2021-04-28,1526,97130,792,46719,690,46279,44,4132,397,19699,1127,40632,441,60331,California
Humboldt,2021-04-29,1722,98852,579,47298,1105,47384,38,4170,278,18575,1440,42072,316,60647,California
Humboldt,2021-04-30,1239,100091,387,47685,818,48202,34,4204,195,17764,1038,43110,227,60874,California
Humboldt,2021-05-01,457,100548,378,48063,57,48259,22,4226,284,17898,172,43282,306,61180,California
Humboldt,2021-05-02,227,100775,182,48245,36,48295,9,4235,113,17908,113,43395,123,61303,California
Humboldt,2021-05-03,608,101383,377,48622,207,48502,24,4259,96,17518,510,43905,120,61423,California
Humboldt,2021-05-04,804,102187,481,49103,279,48781,44,4303,245,17250,556,44461,288,61711,California
Humboldt,2021-05-05,1678,103865,1074,50177,547,49328,57,4360,178,15990,1493,45954,233,61944,California
Humboldt,2021-05-06,1649,105514,1041,51218,356,49684,252,4612,134,14864,1512,47466,386,62330,California
Humboldt,2021-05-07,1426,106940,304,51522,1063,50747,59,4671,237,13971,1187,48653,294,62624,California
Humboldt,2021-05-08,697,107637,105,51627,570,51317,22,4693,88,13473,608,49261,110,62734,California
Humboldt,2021-05-09,907,108544,855,52482,43,51360,9,4702,48,12671,859,50120,57,62791,California
Humboldt,2021-05-10,205,108749,36,52518,133,51493,36,4738,79,12660,126,50246,115,62906,California
Humboldt,2021-05-11,484,109233,144,52662,270,51763,70,4808,183,12612,301,50547,253,63159,California
Humboldt,2021-05-12,557,109790,117,52779,401,52164,39,4847,197,12488,360,50907,236,63395,California
Humboldt,2021-05-13,452,110242,223,53002,207,52371,22,4869,210,12479,241,51148,232,63627,California
Humboldt,2021-05-14,373,110615,32,53034,245,52616,96,4965,76,12355,295,51443,171,63798,California
Imperial,2020-12-16,1,1,1,1,0,0,0,0,1,1,0,0,1,1,California
Imperial,2020-12-17,4,5,4,5,0,0,0,0,4,5,0,0,4,5,California
Imperial,2020-12-18,12,17,12,17,0,0,0,0,12,17,0,0,12,17,California
Imperial,2020-12-20,2,19,2,19,0,0,0,0,2,19,0,0,2,19,California
Imperial,2020-12-21,186,205,186,205,0,0,0,0,186,205,0,0,186,205,California
Imperial,2020-12-22,241,446,239,444,2,2,0,0,241,446,0,0,241,446,California
Imperial,2020-12-23,210,656,209,653,1,3,0,0,209,655,0,0,209,655,California
Imperial,2020-12-24,5,661,5,658,0,3,0,0,5,660,0,0,5,660,California
Imperial,2020-12-26,1,662,0,658,1,4,0,0,1,661,0,0,1,661,California
Imperial,2020-12-27,62,724,0,658,62,66,0,0,62,723,0,0,62,723,California
Imperial,2020-12-28,214,938,114,772,100,166,0,0,214,937,0,0,214,937,California
Imperial,2020-12-29,189,1127,36,808,153,319,0,0,189,1126,0,0,189,1126,California
Imperial,2020-12-30,366,1493,50,858,316,635,0,0,366,1492,0,0,366,1492,California
Imperial,2020-12-31,197,1690,26,884,171,806,0,0,197,1689,0,0,197,1689,California
Imperial,2021-01-01,47,1737,5,889,42,848,0,0,47,1736,0,0,47,1736,California
Imperial,2021-01-02,4,1741,0,889,4,852,0,0,4,1740,0,0,4,1740,California
Imperial,2021-01-03,90,1831,0,889,90,942,0,0,90,1830,0,0,90,1830,California
Imperial,2021-01-04,85,1916,5,894,80,1022,0,0,85,1915,0,0,85,1915,California
Imperial,2021-01-05,173,2089,14,908,159,1181,0,0,173,2088,0,0,173,2088,California
Imperial,2021-01-06,190,2279,25,933,165,1346,0,0,189,2276,1,1,189,2277,California
Imperial,2021-01-07,321,2600,10,943,311,1657,0,0,318,2591,3,4,318,2595,California
Imperial,2021-01-08,192,2792,52,995,140,1797,0,0,182,2763,10,14,182,2777,California
Imperial,2021-01-09,24,2816,21,1016,3,1800,0,0,24,2787,0,14,24,2801,California
Imperial,2021-01-10,1,2817,0,1016,1,1801,0,0,1,2788,0,14,1,2802,California
Imperial,2021-01-11,402,3219,243,1259,159,1960,0,0,174,2734,228,242,174,2976,California
Imperial,2021-01-12,404,3623,302,1561,102,2062,0,0,142,2615,261,503,142,3118,California
Imperial,2021-01-13,379,4002,132,1693,247,2309,0,0,280,2796,99,602,280,3398,California
Imperial,2021-01-14,260,4262,151,1844,109,2418,0,0,254,3045,5,607,254,3652,California
Imperial,2021-01-15,241,4503,182,2026,59,2477,0,0,234,3272,7,614,234,3886,California
Imperial,2021-01-16,77,4580,73,2099,4,2481,0,0,76,3347,1,615,76,3962,California
Imperial,2021-01-17,10,4590,2,2101,8,2489,0,0,10,3357,0,615,10,3972,California
Imperial,2021-01-18,1053,5643,399,2500,654,3143,0,0,955,4215,98,713,956,4928,California
Imperial,2021-01-19,165,5808,129,2629,36,3179,0,0,118,4286,47,760,118,5046,California
Imperial,2021-01-20,292,6100,195,2824,97,3276,0,0,254,4502,38,798,254,5300,California
Imperial,2021-01-21,415,6515,183,3007,232,3508,0,0,395,4877,20,818,395,5695,California
Imperial,2021-01-22,457,6972,189,3196,268,3776,0,0,448,5316,9,827,448,6143,California
Imperial,2021-01-23,1040,8012,290,3486,750,4526,0,0,1039,6354,1,828,1039,7182,California
Imperial,2021-01-24,11,8023,4,3490,7,4533,0,0,11,6365,0,828,11,7193,California
Imperial,2021-01-25,213,8236,5,3495,208,4741,0,0,34,6221,178,1006,34,7227,California
Imperial,2021-01-26,360,8596,185,3680,175,4916,0,0,217,6295,143,1149,217,7444,California
Imperial,2021-01-27,570,9166,162,3842,408,5324,0,0,237,6199,333,1482,237,7681,California
Imperial,2021-01-28,633,9799,160,4002,473,5797,0,0,525,6616,108,1590,525,8206,California
Imperial,2021-01-29,424,10223,296,4298,128,5925,0,0,374,6940,50,1640,374,8580,California
Imperial,2021-01-30,56,10279,31,4329,25,5950,0,0,39,6962,17,1657,39,8619,California
Imperial,2021-01-31,17,10296,7,4336,10,5960,0,0,16,6977,1,1658,16,8635,California
Imperial,2021-02-01,420,10716,54,4390,366,6326,0,0,209,6977,209,1867,209,8844,California
Imperial,2021-02-02,680,11396,54,4444,626,6952,0,0,499,7295,181,2048,499,9343,California
Imperial,2021-02-03,457,11853,48,4492,409,7361,0,0,264,7367,192,2240,264,9607,California
Imperial,2021-02-04,1724,13577,1203,5695,521,7882,0,0,1408,8461,314,2554,1408,11015,California
Imperial,2021-02-05,389,13966,241,5936,148,8030,0,0,152,8378,235,2789,152,11167,California
Imperial,2021-02-06,860,14826,838,6774,22,8052,0,0,823,9165,36,2825,823,11990,California
Imperial,2021-02-07,21,14847,9,6783,12,8064,0,0,20,9184,1,2826,20,12010,California
Imperial,2021-02-08,249,15096,42,6825,207,8271,0,0,181,9297,68,2894,181,12191,California
Imperial,2021-02-09,463,15559,146,6971,317,8588,0,0,305,9444,158,3052,305,12496,California
Imperial,2021-02-10,386,15945,56,7027,330,8918,0,0,96,9251,290,3342,97,12593,California
Imperial,2021-02-11,465,16410,259,7286,206,9124,0,0,89,8964,376,3718,89,12682,California
Imperial,2021-02-12,2130,18540,1411,8697,719,9843,0,0,1778,10391,351,4069,1778,14460,California
Imperial,2021-02-13,42,18582,18,8715,24,9867,0,0,34,10418,8,4077,35,14495,California
Imperial,2021-02-14,24,18606,12,8727,12,9879,0,0,21,10436,3,4080,21,14516,California
Imperial,2021-02-15,32,18638,11,8738,21,9900,0,0,25,10454,7,4087,25,14541,California
Imperial,2021-02-16,514,19152,267,9005,247,10147,0,0,293,10526,221,4308,293,14834,California
Imperial,2021-02-17,439,19591,285,9290,154,10301,0,0,83,10253,356,4664,83,14917,California
Imperial,2021-02-18,646,20237,308,9598,338,10639,0,0,140,9889,504,5168,140,15057,California
Imperial,2021-02-19,767,21004,382,9980,385,11024,0,0,192,9507,574,5742,192,15249,California
Imperial,2021-02-20,1038,22042,191,10171,847,11871,0,0,325,9122,712,6454,327,15576,California
Imperial,2021-02-21,588,22630,554,10725,34,11905,0,0,577,9689,10,6464,577,16153,California
Imperial,2021-02-22,806,23436,567,11292,239,12144,0,0,757,10397,49,6513,757,16910,California
Imperial,2021-02-23,961,24397,395,11687,566,12710,0,0,908,11252,53,6566,908,17818,California
Imperial,2021-02-24,718,25115,302,11989,416,13126,0,0,621,11777,96,6662,621,18439,California
Imperial,2021-02-25,818,25933,339,12328,479,13605,0,0,452,11869,365,7027,457,18896,California
Imperial,2021-02-26,1745,27678,1351,13679,394,13999,0,0,1570,13267,173,7200,1571,20467,California
Imperial,2021-02-27,860,28538,811,14490,49,14048,0,0,121,12650,739,7939,122,20589,California
Imperial,2021-02-28,32,28570,20,14510,12,14060,0,0,22,12662,10,7949,22,20611,California
Imperial,2021-03-01,495,29065,295,14805,199,14259,1,1,429,13029,64,8013,431,21042,California
Imperial,2021-03-02,676,29741,247,15052,429,14688,0,1,386,13128,289,8302,388,21430,California
Imperial,2021-03-03,927,30668,49,15101,877,15565,1,2,558,13332,366,8668,570,22000,California
Imperial,2021-03-04,747,31415,77,15178,669,16234,1,3,485,13587,260,8928,515,22515,California
Imperial,2021-03-05,2590,34005,1939,17117,651,16885,0,3,1265,13532,1322,10250,1267,23782,California
Imperial,2021-03-06,690,34695,238,17355,452,17337,0,3,649,14147,38,10288,653,24435,California
Imperial,2021-03-07,75,34770,41,17396,34,17371,0,3,54,14181,21,10309,55,24490,California
Imperial,2021-03-08,415,35185,331,17727,49,17420,35,38,362,14526,52,10361,397,24887,California
Imperial,2021-03-09,681,35866,310,18037,124,17544,247,285,397,14885,284,10645,643,25530,California
Imperial,2021-03-10,684,36550,313,18350,266,17810,105,390,320,14947,363,11008,425,25955,California
Imperial,2021-03-11,1786,38336,478,18828,1116,18926,192,582,1185,15735,600,11608,1388,27343,California
Imperial,2021-03-12,3705,42041,2540,21368,979,19905,186,768,2105,16428,1598,13206,2291,29634,California
Imperial,2021-03-13,1144,43185,93,21461,828,20733,223,991,858,17229,284,13490,1085,30719,California
Imperial,2021-03-14,169,43354,31,21492,126,20859,12,1003,139,17351,30,13520,152,30871,California
Imperial,2021-03-15,671,44025,214,21706,198,21057,259,1262,374,17689,295,13815,633,31504,California
Imperial,2021-03-16,1069,45094,275,21981,341,21398,453,1715,533,18140,534,14349,985,32489,California
Imperial,2021-03-17,1571,46665,689,22670,745,22143,137,1852,992,18694,576,14925,1130,33619,California
Imperial,2021-03-18,1781,48446,1177,23847,544,22687,60,1912,1251,19479,528,15453,1313,34932,California
Imperial,2021-03-19,3337,51783,2446,26293,888,23575,3,1915,1501,19156,1828,17281,1505,36437,California
Imperial,2021-03-20,865,52648,550,26843,310,23885,5,1920,421,19148,440,17721,432,36869,California
Imperial,2021-03-21,217,52865,35,26878,178,24063,4,1924,159,19257,58,17779,167,37036,California
Imperial,2021-03-22,1047,53912,339,27217,701,24764,7,1931,622,19464,424,18203,631,37667,California
Imperial,2021-03-23,1390,55302,411,27628,972,25736,7,1938,890,19866,497,18700,899,38566,California
Imperial,2021-03-24,1870,57172,542,28170,901,26637,427,2365,899,20223,968,19668,1325,39891,California
Imperial,2021-03-25,2931,60103,509,28679,884,27521,1538,3903,1022,20869,1905,21573,2551,42442,California
Imperial,2021-03-26,2488,62591,880,29559,737,28258,871,4774,776,20812,1705,23278,1648,44090,California
Imperial,2021-03-27,597,63188,282,29841,263,28521,52,4826,436,21142,158,23436,488,44578,California
Imperial,2021-03-28,210,63398,51,29892,157,28678,2,4828,172,21279,37,23473,174,44752,California
Imperial,2021-03-29,1214,64612,348,30240,391,29069,475,5303,317,21177,895,24368,793,45545,California
Imperial,2021-03-30,1900,66512,675,30915,593,29662,632,5935,675,21260,1225,25593,1308,46853,California
Imperial,2021-03-31,1524,68036,712,31627,807,30469,5,5940,1007,21756,515,26108,1011,47864,California
Imperial,2021-04-01,1921,69957,401,32028,1278,31747,242,6182,841,21764,1074,27182,1082,48946,California
Imperial,2021-04-02,1268,71225,450,32478,744,32491,74,6256,750,22073,515,27697,824,49770,California
Imperial,2021-04-03,1498,72723,411,32889,1008,33499,79,6335,688,22033,807,28504,767,50537,California
Imperial,2021-04-04,84,72807,40,32929,28,33527,16,6351,25,22015,59,28563,41,50578,California
Imperial,2021-04-05,2118,74925,1286,34215,765,34292,67,6418,405,20784,1705,30268,474,51052,California
Imperial,2021-04-06,1293,76218,526,34741,578,34870,189,6607,680,21044,610,30878,870,51922,California
Imperial,2021-04-07,2149,78367,549,35290,1224,36094,376,6983,1540,22354,606,31484,1916,53838,California
Imperial,2021-04-08,2185,80552,1071,36361,820,36914,294,7277,1077,22618,1105,32589,1369,55207,California
Imperial,2021-04-09,2168,82720,634,36995,918,37832,616,7893,836,22740,1328,33917,1450,56657,California
Imperial,2021-04-10,1276,83996,184,37179,821,38653,271,8164,215,22165,1059,34976,484,57141,California
Imperial,2021-04-11,219,84215,30,37209,157,38810,32,8196,76,22130,143,35119,108,57249,California
Imperial,2021-04-12,1416,85631,765,37974,431,39241,220,8416,798,22534,614,35733,1018,58267,California
Imperial,2021-04-13,2743,88374,1891,39865,850,40091,2,8418,2037,23869,702,36435,2037,60304,California
Imperial,2021-04-14,2007,90381,940,40805,1067,41158,0,8418,1419,24706,583,37018,1420,61724,California
Imperial,2021-04-15,1966,92347,908,41713,1058,42216,0,8418,1379,25503,584,37602,1381,63105,California
Imperial,2021-04-16,2354,94701,1186,42899,1168,43384,0,8418,1433,26024,912,38514,1433,64538,California
Imperial,2021-04-17,1812,96513,934,43833,876,44260,2,8420,1428,27076,379,38893,1431,65969,California
Imperial,2021-04-18,250,96763,69,43902,181,44441,0,8420,90,27007,159,39052,90,66059,California
Imperial,2021-04-19,828,97591,264,44166,564,45005,0,8420,489,27162,338,39390,493,66552,California
Imperial,2021-04-20,1315,98906,520,44686,795,45800,0,8420,772,27396,539,39929,773,67325,California
Imperial,2021-04-21,1363,100269,336,45022,1027,46827,0,8420,822,27680,538,40467,822,68147,California
Imperial,2021-04-22,2041,102310,786,45808,1255,48082,0,8420,1438,28525,595,41062,1440,69587,California
Imperial,2021-04-23,1691,104001,420,46228,1271,49353,0,8420,894,28650,773,41835,898,70485,California
Imperial,2021-04-24,534,104535,315,46543,219,49572,0,8420,206,28530,326,42161,206,70691,California
Imperial,2021-04-25,263,104798,96,46639,167,49739,0,8420,135,28538,127,42288,135,70826,California
Imperial,2021-04-26,1127,105925,459,47098,665,50404,3,8423,689,28796,434,42722,692,71518,California
Imperial,2021-04-27,1021,106946,339,47437,673,51077,9,8432,520,28827,498,43220,529,72047,California
Imperial,2021-04-28,1371,108317,612,48049,733,51810,26,8458,647,28780,720,43940,673,72720,California
Imperial,2021-04-29,1739,110056,847,48896,846,52656,46,8504,793,28681,939,44879,840,73560,California
Imperial,2021-04-30,1421,111477,729,49625,662,53318,30,8534,1023,29341,393,45272,1053,74613,California
Imperial,2021-05-01,302,111779,116,49741,184,53502,2,8536,154,29350,148,45420,157,74770,California
Imperial,2021-05-02,83,111862,25,49766,56,53558,2,8538,53,29376,30,45450,56,74826,California
Imperial,2021-05-03,1554,113416,542,50308,966,54524,46,8584,352,28581,1194,46644,399,75225,California
Imperial,2021-05-04,1597,115013,856,51164,720,55244,21,8605,472,27954,1121,47765,494,75719,California
Imperial,2021-05-05,1467,116480,888,52052,559,55803,20,8625,433,27382,1026,48791,454,76173,California
Imperial,2021-05-06,1580,118060,1109,53161,441,56244,30,8655,513,26862,1063,49854,543,76716,California
Imperial,2021-05-07,1526,119586,920,54081,568,56812,38,8693,624,26628,896,50750,662,77378,California
Imperial,2021-05-08,444,120030,313,54394,123,56935,8,8701,139,26478,297,51047,147,77525,California
Imperial,2021-05-09,92,120122,61,54455,30,56965,1,8702,30,26450,59,51106,31,77556,California
Imperial,2021-05-10,563,120685,193,54648,280,57245,90,8792,215,26410,344,51450,304,77860,California
Imperial,2021-05-11,960,121645,385,55033,559,57804,16,8808,360,26194,594,52044,378,78238,California
Imperial,2021-05-12,658,122303,245,55278,378,58182,35,8843,244,26063,410,52454,279,78517,California
Imperial,2021-05-13,1214,123517,791,56069,370,58552,53,8896,487,25881,722,53176,540,79057,California
Imperial,2021-05-14,1024,124541,622,56691,367,58919,35,8931,737,26367,286,53462,772,79829,California
Inyo,2020-12-19,85,85,85,85,0,0,0,0,85,85,0,0,85,85,California
Inyo,2020-12-20,58,143,58,143,0,0,0,0,58,143,0,0,58,143,California
Inyo,2020-12-21,88,231,85,228,3,3,0,0,88,231,0,0,88,231,California
Inyo,2020-12-22,105,336,105,333,0,3,0,0,105,336,0,0,105,336,California
Inyo,2020-12-23,70,406,67,400,3,6,0,0,70,406,0,0,70,406,California
Inyo,2020-12-24,16,422,16,416,0,6,0,0,16,422,0,0,16,422,California
Inyo,2020-12-25,1,423,0,416,1,7,0,0,1,423,0,0,1,423,California
Inyo,2020-12-26,74,497,74,490,0,7,0,0,74,497,0,0,74,497,California
Inyo,2020-12-28,48,545,36,526,12,19,0,0,48,545,0,0,48,545,California
Inyo,2020-12-29,19,564,19,545,0,19,0,0,19,564,0,0,19,564,California
Inyo,2020-12-30,56,620,54,599,2,21,0,0,56,620,0,0,56,620,California
Inyo,2020-12-31,29,649,0,599,29,50,0,0,29,649,0,0,29,649,California
Inyo,2021-01-01,1,650,0,599,1,51,0,0,1,650,0,0,1,650,California
Inyo,2021-01-03,1,651,0,599,1,52,0,0,1,651,0,0,1,651,California
Inyo,2021-01-04,2,653,1,600,1,53,0,0,2,653,0,0,2,653,California
Inyo,2021-01-05,34,687,0,600,34,87,0,0,34,687,0,0,34,687,California
Inyo,2021-01-06,68,755,0,600,68,155,0,0,68,755,0,0,68,755,California
Inyo,2021-01-07,31,786,1,601,30,185,0,0,31,786,0,0,31,786,California
Inyo,2021-01-08,9,795,8,609,1,186,0,0,4,786,5,5,5,791,California
Inyo,2021-01-09,87,882,86,695,1,187,0,0,1,701,86,91,1,792,California
Inyo,2021-01-10,52,934,52,747,0,187,0,0,0,649,52,143,0,792,California
Inyo,2021-01-11,97,1031,82,829,15,202,0,0,16,584,81,224,16,808,California
Inyo,2021-01-12,139,1170,118,947,21,223,0,0,28,501,111,335,28,836,California
Inyo,2021-01-13,86,1256,68,1015,18,241,0,0,21,458,65,400,22,858,California
Inyo,2021-01-14,59,1315,13,1028,46,287,0,0,49,497,10,410,49,907,California
Inyo,2021-01-15,163,1478,28,1056,135,422,0,0,163,660,0,410,163,1070,California
Inyo,2021-01-16,74,1552,73,1129,1,423,0,0,1,588,73,483,1,1071,California
Inyo,2021-01-18,58,1610,36,1165,22,445,0,0,19,568,39,522,19,1090,California
Inyo,2021-01-19,114,1724,72,1237,42,487,0,0,97,648,17,539,97,1187,California
Inyo,2021-01-20,147,1871,71,1308,76,563,0,0,93,687,54,593,93,1280,California
Inyo,2021-01-21,121,1992,57,1365,64,627,0,0,120,806,1,594,120,1400,California
Inyo,2021-01-22,62,2054,0,1365,62,689,0,0,61,866,1,595,61,1461,California
Inyo,2021-01-23,52,2106,52,1417,0,689,0,0,52,918,0,595,52,1513,California
Inyo,2021-01-25,49,2155,6,1423,43,732,0,0,37,943,12,607,37,1550,California
Inyo,2021-01-26,135,2290,54,1477,81,813,0,0,129,1066,6,613,129,1679,California
Inyo,2021-01-27,24,2314,2,1479,22,835,0,0,23,1088,1,614,23,1702,California
Inyo,2021-01-28,92,2406,2,1481,90,925,0,0,63,1122,29,643,63,1765,California
Inyo,2021-01-29,25,2431,3,1484,22,947,0,0,23,1143,2,645,23,1788,California
Inyo,2021-01-30,11,2442,1,1485,10,957,0,0,11,1154,0,645,11,1799,California
Inyo,2021-01-31,32,2474,4,1489,28,985,0,0,4,1130,28,673,4,1803,California
Inyo,2021-02-01,10,2484,9,1498,1,986,0,0,0,1120,10,683,0,1803,California
Inyo,2021-02-02,130,2614,14,1512,116,1102,0,0,104,1198,26,709,104,1907,California
Inyo,2021-02-03,116,2730,0,1512,116,1218,0,0,74,1230,42,751,74,1981,California
Inyo,2021-02-04,149,2879,31,1543,118,1336,0,0,90,1261,59,810,90,2071,California
Inyo,2021-02-05,117,2996,61,1604,56,1392,0,0,115,1374,2,812,115,2186,California
Inyo,2021-02-06,4,3000,2,1606,2,1394,0,0,3,1376,1,813,3,2189,California
Inyo,2021-02-07,4,3004,2,1608,2,1396,0,0,4,1380,0,813,4,2193,California
Inyo,2021-02-08,117,3121,7,1615,110,1506,0,0,97,1457,20,833,97,2290,California
Inyo,2021-02-09,195,3316,52,1667,143,1649,0,0,124,1510,71,904,124,2414,California
Inyo,2021-02-10,143,3459,18,1685,125,1774,0,0,109,1585,34,938,109,2523,California
Inyo,2021-02-11,220,3679,56,1741,164,1938,0,0,126,1617,94,1032,126,2649,California
Inyo,2021-02-12,299,3978,51,1792,248,2186,0,0,167,1652,132,1164,167,2816,California
Inyo,2021-02-13,60,4038,55,1847,5,2191,0,0,8,1608,52,1216,8,2824,California
Inyo,2021-02-14,1,4039,0,1847,1,2192,0,0,1,1609,0,1216,1,2825,California
Inyo,2021-02-15,29,4068,9,1856,20,2212,0,0,5,1590,24,1240,5,2830,California
Inyo,2021-02-16,179,4247,50,1906,129,2341,0,0,92,1596,86,1326,92,2922,California
Inyo,2021-02-17,38,4285,4,1910,34,2375,0,0,8,1574,30,1356,8,2930,California
Inyo,2021-02-18,123,4408,6,1916,117,2492,0,0,79,1609,44,1400,79,3009,California
Inyo,2021-02-19,52,4460,4,1920,48,2540,0,0,9,1575,43,1443,9,3018,California
Inyo,2021-02-20,504,4964,500,2420,4,2544,0,0,502,2075,2,1445,502,3520,California
Inyo,2021-02-21,267,5231,267,2687,0,2544,0,0,267,2342,0,1445,267,3787,California
Inyo,2021-02-22,61,5292,19,2706,42,2586,0,0,27,2335,34,1479,27,3814,California
Inyo,2021-02-23,198,5490,20,2726,178,2764,0,0,94,2326,103,1582,94,3908,California
Inyo,2021-02-24,118,5608,0,2726,118,2882,0,0,57,2322,61,1643,57,3965,California
Inyo,2021-02-25,130,5738,3,2729,127,3009,0,0,62,2316,68,1711,62,4027,California
Inyo,2021-02-26,103,5841,60,2789,43,3052,0,0,19,2251,84,1795,19,4046,California
Inyo,2021-02-27,15,5856,4,2793,11,3063,0,0,3,2242,12,1807,3,4049,California
Inyo,2021-02-28,3,5859,1,2794,2,3065,0,0,2,2243,1,1808,2,4051,California
Inyo,2021-03-01,19,5878,2,2796,17,3082,0,0,17,2258,2,1810,17,4068,California
Inyo,2021-03-02,196,6074,1,2797,195,3277,0,0,111,2284,85,1895,111,4179,California
Inyo,2021-03-03,84,6158,3,2800,81,3358,0,0,40,2280,44,1939,40,4219,California
Inyo,2021-03-04,128,6286,4,2804,124,3482,0,0,46,2244,82,2021,46,4265,California
Inyo,2021-03-05,141,6427,56,2860,85,3567,0,0,38,2179,103,2124,38,4303,California
Inyo,2021-03-06,31,6458,1,2861,30,3597,0,0,30,2208,1,2125,30,4333,California
Inyo,2021-03-07,7,6465,4,2865,3,3600,0,0,5,2211,2,2127,5,4338,California
Inyo,2021-03-08,182,6647,5,2870,177,3777,0,0,91,2211,91,2218,91,4429,California
Inyo,2021-03-09,187,6834,2,2872,185,3962,0,0,71,2166,116,2334,71,4500,California
Inyo,2021-03-10,70,6904,8,2880,61,4023,1,1,30,2157,40,2374,31,4531,California
Inyo,2021-03-11,204,7108,1,2881,198,4221,5,6,74,2106,130,2504,79,4610,California
Inyo,2021-03-12,175,7283,4,2885,166,4387,5,11,77,2090,98,2602,82,4692,California
Inyo,2021-03-13,576,7859,541,3426,25,4412,10,21,77,1679,498,3100,87,4779,California
Inyo,2021-03-14,431,8290,430,3856,1,4413,0,21,168,1585,262,3362,168,4947,California
Inyo,2021-03-15,51,8341,15,3871,34,4447,2,23,30,1596,21,3383,32,4979,California
Inyo,2021-03-16,163,8504,4,3875,153,4600,6,29,63,1566,99,3482,69,5048,California
Inyo,2021-03-17,108,8612,3,3878,98,4698,7,36,92,1649,16,3498,99,5147,California
Inyo,2021-03-18,184,8796,15,3893,162,4860,7,43,103,1678,81,3579,110,5257,California
Inyo,2021-03-19,46,8842,4,3897,38,4898,4,47,36,1708,10,3589,40,5297,California
Inyo,2021-03-20,20,8862,1,3898,10,4908,9,56,1,1699,19,3608,10,5307,California
Inyo,2021-03-22,59,8921,2,3900,52,4960,5,61,39,1723,20,3628,44,5351,California
Inyo,2021-03-23,194,9115,4,3904,186,5146,4,65,104,1741,90,3718,108,5459,California
Inyo,2021-03-24,140,9255,3,3907,133,5279,4,69,87,1779,53,3771,91,5550,California
Inyo,2021-03-25,325,9580,104,4011,217,5496,4,73,259,1976,66,3837,263,5813,California
Inyo,2021-03-26,91,9671,3,4014,84,5580,4,77,71,2031,20,3857,75,5888,California
Inyo,2021-03-27,52,9723,44,4058,5,5585,3,80,46,2074,6,3863,49,5937,California
Inyo,2021-03-28,4,9727,1,4059,2,5587,1,81,1,2073,3,3866,2,5939,California
Inyo,2021-03-29,109,9836,2,4061,102,5689,5,86,82,2134,26,3892,87,6026,California
Inyo,2021-03-30,212,10048,2,4063,205,5894,5,91,101,2129,111,4003,106,6132,California
Inyo,2021-03-31,149,10197,4,4067,140,6034,5,96,108,2201,41,4044,113,6245,California
Inyo,2021-04-01,164,10361,4,4071,159,6193,1,97,115,2268,49,4093,116,6361,California
Inyo,2021-04-02,80,10441,1,4072,77,6270,2,99,51,2292,29,4122,53,6414,California
Inyo,2021-04-03,94,10535,47,4119,33,6303,14,113,6,2225,86,4208,19,6433,California
Inyo,2021-04-04,5,10540,4,4123,0,6303,1,114,1,2223,4,4212,2,6435,California
Inyo,2021-04-05,117,10657,1,4124,112,6415,4,118,29,2168,88,4300,33,6468,California
Inyo,2021-04-06,236,10893,6,4130,167,6582,63,181,105,2205,131,4431,168,6636,California
Inyo,2021-04-07,201,11094,2,4132,73,6655,126,307,46,2221,156,4587,172,6808,California
Inyo,2021-04-08,178,11272,15,4147,146,6801,17,324,80,2220,98,4685,97,6905,California
Inyo,2021-04-09,125,11397,7,4154,95,6896,23,347,38,2195,86,4771,61,6966,California
Inyo,2021-04-10,42,11439,1,4155,24,6920,17,364,3,2176,39,4810,20,6986,California
Inyo,2021-04-11,1,11440,0,4155,1,6921,0,364,1,2177,0,4810,1,6987,California
Inyo,2021-04-12,80,11520,0,4155,75,6996,5,369,41,2184,39,4849,46,7033,California
Inyo,2021-04-13,119,11639,3,4158,113,7109,3,372,61,2191,57,4906,64,7097,California
Inyo,2021-04-14,126,11765,1,4159,125,7234,0,372,42,2149,84,4990,42,7139,California
Inyo,2021-04-15,273,12038,115,4274,158,7392,0,372,83,2042,190,5180,83,7222,California
Inyo,2021-04-16,49,12087,6,4280,43,7435,0,372,21,2035,28,5208,21,7243,California
Inyo,2021-04-17,2,12089,1,4281,1,7436,0,372,1,2035,1,5209,1,7244,California
Inyo,2021-04-19,130,12219,43,4324,87,7523,0,372,44,1993,86,5295,44,7288,California
Inyo,2021-04-20,164,12383,3,4327,161,7684,0,372,81,1991,83,5378,81,7369,California
Inyo,2021-04-21,113,12496,4,4331,109,7793,0,372,32,1942,81,5459,32,7401,California
Inyo,2021-04-22,196,12692,1,4332,195,7988,0,372,52,1850,144,5603,52,7453,California
Inyo,2021-04-23,95,12787,4,4336,91,8079,0,372,22,1799,73,5676,22,7475,California
Inyo,2021-04-24,310,13097,309,4645,1,8080,0,372,305,2099,5,5681,305,7780,California
Inyo,2021-04-25,136,13233,135,4780,1,8081,0,372,136,2235,0,5681,136,7916,California
Inyo,2021-04-26,91,13324,0,4780,90,8171,1,373,10,2165,81,5762,11,7927,California
Inyo,2021-04-27,178,13502,7,4787,166,8337,5,378,49,2090,129,5891,54,7981,California
Inyo,2021-04-28,121,13623,2,4789,117,8454,2,380,20,2011,101,5992,22,8003,California
Inyo,2021-04-29,172,13795,56,4845,116,8570,0,380,79,1998,92,6084,79,8082,California
Inyo,2021-04-30,85,13880,5,4850,79,8649,1,381,24,1962,61,6145,25,8107,California
Inyo,2021-05-01,11,13891,3,4853,8,8657,0,381,9,1969,2,6147,9,8116,California
Inyo,2021-05-02,7,13898,3,4856,2,8659,2,383,4,1972,3,6150,6,8122,California
Inyo,2021-05-03,38,13936,1,4857,33,8692,4,387,5,1948,33,6183,9,8131,California
Inyo,2021-05-04,121,14057,2,4859,115,8807,4,391,23,1877,98,6281,27,8158,California
Inyo,2021-05-05,35,14092,0,4859,33,8840,2,393,11,1866,24,6305,13,8171,California
Inyo,2021-05-06,93,14185,5,4864,80,8920,8,401,13,1807,80,6385,21,8192,California
Inyo,2021-05-07,48,14233,4,4868,36,8956,8,409,24,1816,23,6408,32,8224,California
Inyo,2021-05-08,11,14244,2,4870,4,8960,5,414,4,1818,7,6415,9,8233,California
Inyo,2021-05-09,1,14245,0,4870,1,8961,0,414,0,1817,1,6416,0,8233,California
Inyo,2021-05-10,69,14314,1,4871,66,9027,2,416,30,1811,39,6455,33,8266,California
Inyo,2021-05-11,87,14401,1,4872,83,9110,3,419,20,1767,67,6522,23,8289,California
Inyo,2021-05-12,43,14444,2,4874,39,9149,2,421,10,1747,32,6554,12,8301,California
Inyo,2021-05-13,74,14518,1,4875,72,9221,1,422,11,1697,62,6616,12,8313,California
Inyo,2021-05-14,9,14527,3,4878,2,9223,4,426,2,1696,7,6623,6,8319,California
Kern,2020-12-15,1,1,1,1,0,0,0,0,1,1,0,0,1,1,California
Kern,2020-12-16,18,19,18,19,0,0,0,0,18,19,0,0,18,19,California
Kern,2020-12-17,163,182,163,182,0,0,0,0,163,182,0,0,163,182,California
Kern,2020-12-18,322,504,322,504,0,0,0,0,322,504,0,0,322,504,California
Kern,2020-12-19,98,602,98,602,0,0,0,0,99,603,0,0,99,603,California
Kern,2020-12-20,61,663,61,663,0,0,0,0,61,664,0,0,61,664,California
Kern,2020-12-21,671,1334,670,1333,1,1,0,0,671,1335,0,0,671,1335,California
Kern,2020-12-22,530,1864,527,1860,3,4,0,0,530,1865,0,0,530,1865,California
Kern,2020-12-23,555,2419,417,2277,138,142,0,0,555,2420,0,0,555,2420,California
Kern,2020-12-24,122,2541,43,2320,79,221,0,0,122,2542,0,0,122,2542,California
Kern,2020-12-25,1,2542,1,2321,0,221,0,0,1,2543,0,0,1,2543,California
Kern,2020-12-26,33,2575,1,2322,32,253,0,0,33,2576,0,0,33,2576,California
Kern,2020-12-27,35,2610,3,2325,32,285,0,0,35,2611,0,0,35,2611,California
Kern,2020-12-28,827,3437,663,2988,164,449,0,0,827,3438,0,0,827,3438,California
Kern,2020-12-29,745,4182,452,3440,293,742,0,0,744,4181,1,1,744,4182,California
Kern,2020-12-30,1203,5385,910,4350,293,1035,0,0,1203,5384,0,1,1203,5385,California
Kern,2020-12-31,277,5662,99,4449,178,1213,0,0,277,5661,0,1,277,5662,California
Kern,2021-01-01,13,5675,6,4455,7,1220,0,0,13,5674,0,1,13,5675,California
Kern,2021-01-02,78,5753,18,4473,60,1280,0,0,78,5752,0,1,78,5753,California
Kern,2021-01-03,23,5776,4,4477,19,1299,0,0,23,5775,0,1,23,5776,California
Kern,2021-01-04,555,6331,361,4838,194,1493,0,0,555,6330,0,1,555,6331,California
Kern,2021-01-05,1134,7465,739,5577,395,1888,0,0,1122,7440,12,13,1122,7453,California
Kern,2021-01-06,1167,8632,455,6032,712,2600,0,0,1137,8547,30,43,1137,8590,California
Kern,2021-01-07,1406,10038,493,6525,913,3513,0,0,1238,9618,167,210,1238,9828,California
Kern,2021-01-08,1628,11666,768,7293,860,4373,0,0,1330,10650,299,509,1331,11159,California
Kern,2021-01-09,226,11892,77,7370,149,4522,0,0,192,10808,34,543,192,11351,California
Kern,2021-01-10,194,12086,148,7518,46,4568,0,0,153,10920,41,584,153,11504,California
Kern,2021-01-11,1556,13642,984,8502,572,5140,0,0,1001,11366,555,1139,1001,12505,California
Kern,2021-01-12,1868,15510,810,9312,1058,6198,0,0,1357,12212,511,1650,1357,13862,California
Kern,2021-01-13,1852,17362,869,10181,983,7181,0,0,1432,13224,420,2070,1432,15294,California
Kern,2021-01-14,2185,19547,645,10826,1540,8721,0,0,2140,15318,46,2116,2140,17434,California
Kern,2021-01-15,2705,22252,858,11684,1847,10568,0,0,2608,17832,95,2211,2609,20043,California
Kern,2021-01-16,671,22923,213,11897,458,11026,0,0,636,18433,35,2246,636,20679,California
Kern,2021-01-17,73,22996,7,11904,66,11092,0,0,71,18502,2,2248,71,20750,California
Kern,2021-01-18,1645,24641,659,12563,986,12078,0,0,1477,19811,168,2416,1477,22227,California
Kern,2021-01-19,1855,26496,1035,13598,820,12898,0,0,1388,20733,467,2883,1389,23616,California
Kern,2021-01-20,2557,29053,1622,15220,935,13833,0,0,1856,21895,696,3579,1858,25474,California
Kern,2021-01-21,2168,31221,922,16142,1246,15079,0,0,1972,23672,195,3774,1972,27446,California
Kern,2021-01-22,2711,33932,1293,17435,1418,16497,0,0,2433,25828,277,4051,2433,29879,California
Kern,2021-01-23,1244,35176,535,17970,709,17206,0,0,1198,26980,46,4097,1198,31077,California
Kern,2021-01-24,160,35336,18,17988,142,17348,0,0,154,27128,6,4103,154,31231,California
Kern,2021-01-25,2385,37721,1086,19074,1299,18647,0,0,1900,28545,484,4587,1901,33132,California
Kern,2021-01-26,2770,40491,1129,20203,1641,20288,0,0,1912,29600,857,5444,1912,35044,California
Kern,2021-01-27,3564,44055,1907,22110,1657,21945,0,0,2863,31765,698,6142,2863,37907,California
Kern,2021-01-28,2865,46920,1354,23464,1511,23456,0,0,2431,33770,429,6571,2434,40341,California
Kern,2021-01-29,3788,50708,1808,25272,1980,25436,0,0,3241,36467,544,7115,3241,43582,California
Kern,2021-01-30,1325,52033,497,25769,828,26264,0,0,1277,37698,46,7161,1277,44859,California
Kern,2021-01-31,403,52436,276,26045,127,26391,0,0,268,37831,135,7296,268,45127,California
Kern,2021-02-01,2423,54859,818,26863,1605,27996,0,0,1871,39154,549,7845,1872,46999,California
Kern,2021-02-02,2923,57782,973,27836,1950,29946,0,0,2060,40352,863,8708,2061,49060,California
Kern,2021-02-03,3660,61442,1549,29385,2111,32057,0,0,2691,42081,962,9670,2691,51751,California
Kern,2021-02-04,3804,65246,1452,30837,2352,34409,0,0,2589,43466,1204,10874,2589,54340,California
Kern,2021-02-05,4850,70096,1989,32826,2861,37270,0,0,3090,44815,1741,12615,3090,57430,California
Kern,2021-02-06,1736,71832,767,33593,969,38239,0,0,1512,46106,221,12836,1512,58942,California
Kern,2021-02-07,283,72115,151,33744,132,38371,0,0,267,46359,14,12850,267,59209,California
Kern,2021-02-08,2563,74678,788,34532,1775,40146,0,0,1254,46323,1291,14141,1255,60464,California
Kern,2021-02-09,3040,77718,988,35520,2052,42198,0,0,1467,46226,1564,15705,1467,61931,California
Kern,2021-02-10,3787,81505,1659,37179,2128,44326,0,0,1873,46202,1898,17603,1874,63805,California
Kern,2021-02-11,4262,85767,1536,38715,2726,47052,0,0,2223,46400,2026,19629,2224,66029,California
Kern,2021-02-12,4951,90718,1892,40607,3059,50111,0,0,2478,46419,2459,22088,2478,68507,California
Kern,2021-02-13,2010,92728,728,41335,1282,51393,0,0,1165,46741,843,22931,1165,69672,California
Kern,2021-02-14,351,93079,12,41347,339,51732,0,0,270,46931,80,23011,270,69942,California
Kern,2021-02-15,2740,95819,894,42241,1846,53578,0,0,1209,46618,1522,24533,1209,71151,California
Kern,2021-02-16,2942,98761,720,42961,2222,55800,0,0,1648,46984,1283,25816,1649,72800,California
Kern,2021-02-17,4069,102830,2078,45039,1991,57791,0,0,1926,46774,2137,27953,1927,74727,California
Kern,2021-02-18,3753,106583,1484,46523,2269,60060,0,0,1618,46270,2122,30075,1618,76345,California
Kern,2021-02-19,4198,110781,1917,48440,2281,62341,0,0,1737,45555,2452,32527,1737,78082,California
Kern,2021-02-20,2569,113350,967,49407,1602,63943,0,0,1339,45667,1227,33754,1339,79421,California
Kern,2021-02-21,249,113599,143,49550,106,64049,0,0,86,45592,161,33915,86,79507,California
Kern,2021-02-22,2656,116255,1148,50698,1508,65557,0,0,1422,45785,1229,35144,1422,80929,California
Kern,2021-02-23,3549,119804,1127,51825,2422,67979,0,0,1975,46189,1572,36716,1976,82905,California
Kern,2021-02-24,5165,124969,2268,54093,2897,70876,0,0,3076,47180,2085,38801,3076,85981,California
Kern,2021-02-25,5360,130329,2452,56545,2908,73784,0,0,3179,48197,2162,40963,3179,89160,California
Kern,2021-02-26,6889,137218,3521,60066,3368,77152,0,0,4349,50014,2533,43496,4350,93510,California
Kern,2021-02-27,3857,141075,1896,61962,1961,79113,0,0,2522,51208,1328,44824,2522,96032,California
Kern,2021-02-28,912,141987,501,62463,410,79523,1,1,691,51681,219,45043,692,96724,California
Kern,2021-03-01,3992,145979,1809,64272,2180,81703,3,4,2680,53060,1304,46347,2683,99407,California
Kern,2021-03-02,4375,150354,1376,65648,2998,84701,1,5,2867,54430,1497,47844,2867,102274,California
Kern,2021-03-03,5803,156157,2698,68346,3105,87806,0,5,3713,56068,2076,49920,3714,105988,California
Kern,2021-03-04,5554,161711,2163,70509,3388,91194,3,8,3558,57646,1982,51902,3560,109548,California
Kern,2021-03-05,6476,168187,2671,73180,3786,94980,19,27,4046,59289,2422,54324,4065,113613,California
Kern,2021-03-06,4716,172903,1912,75092,2703,97683,101,128,3446,61573,1262,55586,3546,117159,California
Kern,2021-03-07,2046,174949,1586,76678,411,98094,49,177,1855,63287,190,55776,1904,119063,California
Kern,2021-03-08,2817,177766,858,77536,1746,99840,213,390,1471,63629,1340,57116,1682,120745,California
Kern,2021-03-09,3632,181398,790,78326,2459,102299,383,773,2237,64859,1388,58504,2618,123363,California
Kern,2021-03-10,6030,187428,2469,80795,2490,104789,1071,1844,3505,66921,2512,61016,4574,127937,California
Kern,2021-03-11,6299,193727,2411,83206,2862,107651,1026,2870,3742,69142,2545,63561,4766,132703,California
Kern,2021-03-12,7670,201397,2925,86131,3393,111044,1352,4222,4161,71150,3496,67057,5504,138207,California
Kern,2021-03-13,4429,205826,2303,88434,1791,112835,335,4557,3011,73078,1412,68469,3340,141547,California
Kern,2021-03-14,2185,208011,1412,89846,534,113369,239,4796,1670,74470,515,68984,1907,143454,California
Kern,2021-03-15,4249,212260,1087,90933,2448,115817,714,5510,2182,75305,2055,71039,2890,146344,California
Kern,2021-03-16,4333,216593,1009,91942,2796,118613,528,6038,2333,76172,1991,73030,2858,149202,California
Kern,2021-03-17,7241,223834,3811,95753,2873,121486,557,6595,4305,78108,2925,75955,4861,154063,California
Kern,2021-03-18,6991,230825,3409,99162,3003,124489,579,7174,4163,80038,2808,78763,4738,158801,California
Kern,2021-03-19,8751,239576,4771,103933,3332,127821,648,7822,4551,81046,4186,82949,5194,163995,California
Kern,2021-03-20,5939,245515,3595,107528,2170,129991,174,7996,3814,82919,2116,85065,3989,167984,California
Kern,2021-03-21,2866,248381,1753,109281,236,130227,877,8873,1684,84303,1176,86241,2560,170544,California
Kern,2021-03-22,3949,252330,1545,110826,2047,132274,357,9230,1919,84560,2019,88260,2276,172820,California
Kern,2021-03-23,4699,257029,1653,112479,2848,135122,198,9428,2494,85074,2176,90436,2690,175510,California
Kern,2021-03-24,6998,264027,3508,115987,3017,138139,473,9901,3666,85894,3318,93754,4138,179648,California
Kern,2021-03-25,6636,270663,2885,118872,3420,141559,331,10232,3267,86138,3351,97105,3595,183243,California
Kern,2021-03-26,9600,280263,4155,123027,4191,145750,1254,11486,4747,87301,4836,101941,5999,189242,California
Kern,2021-03-27,5438,285701,3741,126768,1569,147319,128,11614,3301,88594,2135,104076,3428,192670,California
Kern,2021-03-28,4345,290046,3857,130625,474,147793,14,11628,2773,89810,1571,105647,2787,195457,California
Kern,2021-03-29,4201,294247,1634,132259,2289,150082,278,11906,2616,91127,1574,107221,2891,198348,California
Kern,2021-03-30,5537,299784,1825,134084,3328,153410,384,12290,3080,92137,2452,109673,3462,201810,California
Kern,2021-03-31,8124,307908,4283,138367,3195,156605,646,12936,4291,93253,3820,113493,4936,206746,California
Kern,2021-04-01,7627,315535,3644,142011,3685,160290,298,13234,4117,94171,3495,116988,4413,211159,California
Kern,2021-04-02,8152,323687,4198,146209,3349,163639,605,13839,4088,94811,4049,121037,4689,215848,California
Kern,2021-04-03,5716,329403,3418,149627,2115,165754,183,14022,2626,94536,3083,124120,2808,218656,California
Kern,2021-04-04,1330,330733,867,150494,379,166133,84,14106,546,94384,782,124902,630,219286,California
Kern,2021-04-05,5326,336059,2192,152686,2368,168501,766,14872,2886,95581,2430,127332,3627,222913,California
Kern,2021-04-06,7066,343125,2459,155145,3245,171746,1362,16234,3604,97104,3440,130772,4963,227876,California
Kern,2021-04-07,9281,352406,5404,160549,2922,174668,955,17189,4670,98135,4593,135365,5624,233500,California
Kern,2021-04-08,8594,361000,4757,165306,2934,177602,903,18092,3927,98314,4645,140010,4824,238324,California
Kern,2021-04-09,10136,371136,5093,170399,4060,181662,983,19075,4457,98096,5655,145665,5437,243761,California
Kern,2021-04-10,6523,377659,3425,173824,1859,183521,1239,20314,2295,97403,4220,149885,3527,247288,California
Kern,2021-04-11,3762,381421,2888,176712,356,183877,518,20832,1429,97025,2322,152207,1944,249232,California
Kern,2021-04-12,4376,385797,984,177696,2422,186299,970,21802,1577,96787,2784,154991,2546,251778,California
Kern,2021-04-13,4272,390069,1409,179105,2838,189137,25,21827,2128,96806,2135,157126,2154,253932,California
Kern,2021-04-14,6026,396095,2963,182068,3041,192178,22,21849,3066,96948,2945,160071,3087,257019,California
Kern,2021-04-15,5254,401349,2462,184530,2790,194968,2,21851,2535,96781,2704,162775,2537,259556,California
Kern,2021-04-16,7244,408593,3437,187967,3806,198774,1,21852,3082,95724,4141,166916,3084,262640,California
Kern,2021-04-17,5893,414486,3854,191821,2039,200813,0,21852,2257,94358,3624,170540,2258,264898,California
Kern,2021-04-18,3703,418189,3466,195287,237,201050,0,21852,1082,92826,2614,173154,1082,265980,California
Kern,2021-04-19,3800,421989,1724,197011,2075,203125,1,21853,1442,91929,2339,175493,1442,267422,California
Kern,2021-04-20,4311,426300,1545,198556,2765,205890,1,21854,1668,90967,2632,178125,1670,269092,California
Kern,2021-04-21,5849,432149,3120,201676,2724,208614,5,21859,2246,89633,3584,181709,2250,271342,California
Kern,2021-04-22,4780,436929,2311,203987,2469,211083,0,21859,1769,88412,2991,184700,1770,273112,California
Kern,2021-04-23,6043,442972,2936,206923,3106,214189,1,21860,2000,86405,4009,188709,2002,275114,California
Kern,2021-04-24,3930,446902,2729,209652,1191,215380,10,21870,1482,85465,2432,191141,1492,276606,California
Kern,2021-04-25,1341,448243,1063,210715,278,215658,0,21870,772,85673,564,191705,772,277378,California
Kern,2021-04-26,3771,452014,1817,212532,1902,217560,52,21922,1041,84048,2720,194425,1095,278473,California
Kern,2021-04-27,4635,456649,2277,214809,2257,219817,101,22023,1413,82350,3209,197634,1511,279984,California
Kern,2021-04-28,6244,462893,3672,218481,2449,222266,123,22146,1781,79801,4450,202084,1901,281885,California
Kern,2021-04-29,5506,468399,3062,221543,2344,224610,100,22246,1635,77686,3851,205935,1736,283621,California
Kern,2021-04-30,5575,473974,3118,224661,2299,226909,158,22404,1624,75529,3938,209873,1781,285402,California
Kern,2021-05-01,2568,476542,1796,226457,713,227622,59,22463,956,74937,1606,211479,1014,286416,California
Kern,2021-05-02,1885,478427,1601,228058,263,227885,21,22484,696,74470,1184,212663,717,287133,California
Kern,2021-05-03,2425,480852,951,229009,1343,229228,131,22615,752,73696,1659,214322,885,288018,California
Kern,2021-05-04,3527,484379,1228,230237,2193,231421,106,22721,1234,72755,2279,216601,1338,289356,California
Kern,2021-05-05,4128,488507,2128,232365,1849,233270,151,22872,1358,71507,2756,219357,1508,290864,California
Kern,2021-05-06,3525,492032,1566,233931,1817,235087,142,23014,1084,70310,2422,221779,1225,292089,California
Kern,2021-05-07,4549,496581,2281,236212,2095,237182,173,23187,1276,68509,3248,225027,1447,293536,California
Kern,2021-05-08,2845,499426,1793,238005,937,238119,115,23302,891,67573,1941,226968,1005,294541,California
Kern,2021-05-09,1299,500725,1124,239129,145,238264,30,23332,450,67211,842,227810,480,295021,California
Kern,2021-05-10,2146,502871,809,239938,1240,239504,97,23429,620,66418,1508,229318,715,295736,California
Kern,2021-05-11,2551,505422,870,240808,1558,241062,123,23552,927,65853,1616,230934,1051,296787,California
Kern,2021-05-12,3422,508844,1370,242178,1904,242966,148,23700,1066,64721,2346,233280,1214,298001,California
Kern,2021-05-13,3150,511994,1646,243824,1362,244328,142,23842,1447,64614,1693,234973,1586,299587,California
Kern,2021-05-14,3344,515338,2116,245940,1073,245401,155,23997,1513,64465,1817,236790,1668,301255,California
Kings,2020-12-16,1,1,1,1,0,0,0,0,1,1,0,0,1,1,California
Kings,2020-12-17,8,9,8,9,0,0,0,0,8,9,0,0,8,9,California
Kings,2020-12-18,12,21,12,21,0,0,0,0,12,21,0,0,12,21,California
Kings,2020-12-19,11,32,11,32,0,0,0,0,11,32,0,0,11,32,California
Kings,2020-12-20,13,45,13,45,0,0,0,0,13,45,0,0,13,45,California
Kings,2020-12-21,156,201,156,201,0,0,0,0,269,314,0,0,269,314,California
Kings,2020-12-22,143,344,143,344,0,0,0,0,140,454,0,0,140,454,California
Kings,2020-12-23,135,479,123,467,12,12,0,0,136,590,0,0,136,590,California
Kings,2020-12-24,11,490,9,476,2,14,0,0,11,601,0,0,11,601,California
Kings,2020-12-26,7,497,4,480,3,17,0,0,7,608,0,0,7,608,California
Kings,2020-12-27,4,501,4,484,0,17,0,0,4,612,0,0,4,612,California
Kings,2020-12-28,131,632,103,587,28,45,0,0,132,744,0,0,132,744,California
Kings,2020-12-29,78,710,51,638,27,72,0,0,79,823,0,0,79,823,California
Kings,2020-12-30,148,858,109,747,39,111,0,0,148,971,0,0,148,971,California
Kings,2020-12-31,45,903,6,753,39,150,0,0,45,1016,0,0,45,1016,California
Kings,2021-01-01,1,904,0,753,1,151,0,0,1,1017,0,0,1,1017,California
Kings,2021-01-02,10,914,9,762,1,152,0,0,10,1027,0,0,10,1027,California
Kings,2021-01-04,112,1026,42,804,70,222,0,0,112,1139,0,0,112,1139,California
Kings,2021-01-05,196,1222,39,843,157,379,0,0,196,1335,0,0,196,1335,California
Kings,2021-01-06,277,1499,178,1021,99,478,0,0,274,1606,3,3,274,1609,California
Kings,2021-01-07,178,1677,81,1102,97,575,0,0,170,1768,8,11,170,1779,California
Kings,2021-01-08,247,1924,54,1156,193,768,0,0,228,1977,19,30,228,2007,California
Kings,2021-01-09,63,1987,9,1165,54,822,0,0,55,2024,8,38,55,2062,California
Kings,2021-01-10,15,2002,3,1168,12,834,0,0,12,2033,3,41,12,2074,California
Kings,2021-01-11,518,2520,354,1522,164,998,0,0,276,2068,242,283,277,2351,California
Kings,2021-01-12,350,2870,253,1775,97,1095,0,0,216,2153,131,414,216,2567,California
Kings,2021-01-13,414,3284,268,2043,146,1241,0,0,322,2383,92,506,322,2889,California
Kings,2021-01-14,210,3494,32,2075,178,1419,0,0,200,2563,21,527,201,3090,California
Kings,2021-01-15,418,3912,30,2105,388,1807,0,0,406,2957,12,539,406,3496,California
Kings,2021-01-16,31,3943,12,2117,19,1826,0,0,30,2986,1,540,30,3526,California
Kings,2021-01-17,9,3952,6,2123,3,1829,0,0,7,2991,2,542,7,3533,California
Kings,2021-01-18,172,4124,40,2163,132,1961,0,0,146,3111,26,568,146,3679,California
Kings,2021-01-19,377,4501,158,2321,219,2180,0,0,249,3232,128,696,249,3928,California
Kings,2021-01-20,237,4738,146,2467,91,2271,0,0,127,3254,105,801,127,4055,California
Kings,2021-01-21,190,4928,35,2502,155,2426,0,0,174,3410,18,819,174,4229,California
Kings,2021-01-22,126,5054,40,2542,86,2512,0,0,126,3531,5,824,126,4355,California
Kings,2021-01-23,26,5080,14,2556,12,2524,0,0,20,3545,6,830,20,4375,California
Kings,2021-01-24,4,5084,4,2560,0,2524,0,0,2,3545,2,832,2,4377,California
Kings,2021-01-25,124,5208,26,2586,98,2622,0,0,90,3601,34,866,90,4467,California
Kings,2021-01-26,154,5362,35,2621,119,2741,0,0,115,3677,39,905,115,4582,California
Kings,2021-01-27,319,5681,34,2655,285,3026,0,0,249,3857,69,974,249,4831,California
Kings,2021-01-28,326,6007,46,2701,280,3306,0,0,271,4073,55,1029,271,5102,California
Kings,2021-01-29,86,6093,26,2727,60,3366,0,0,69,4125,17,1046,69,5171,California
Kings,2021-01-30,1556,7649,31,2758,1525,4891,0,0,1553,5677,3,1049,1555,6726,California
Kings,2021-02-01,199,7848,64,2822,135,5026,0,0,72,5624,125,1174,72,6798,California
Kings,2021-02-02,232,8080,14,2836,218,5244,0,0,82,5557,149,1323,82,6880,California
Kings,2021-02-03,357,8437,191,3027,166,5410,0,0,203,5607,153,1476,203,7083,California
Kings,2021-02-04,396,8833,99,3126,297,5707,0,0,198,5608,197,1673,198,7281,California
Kings,2021-02-05,258,9091,15,3141,243,5950,0,0,101,5554,155,1828,101,7382,California
Kings,2021-02-06,61,9152,10,3151,51,6001,0,0,28,5549,33,1861,28,7410,California
Kings,2021-02-07,5,9157,3,3154,2,6003,0,0,3,5550,2,1863,3,7413,California
Kings,2021-02-08,171,9328,29,3183,142,6145,0,0,68,5515,103,1966,68,7481,California
Kings,2021-02-09,253,9581,57,3240,196,6341,0,0,110,5484,141,2107,110,7591,California
Kings,2021-02-10,285,9866,112,3352,173,6514,0,0,168,5535,117,2224,168,7759,California
Kings,2021-02-11,430,10296,65,3417,365,6879,0,0,316,5738,113,2337,316,8075,California
Kings,2021-02-12,623,10919,36,3453,587,7466,0,0,347,5810,275,2612,347,8422,California
Kings,2021-02-13,104,11023,6,3459,98,7564,0,0,78,5862,26,2638,78,8500,California
Kings,2021-02-14,102,11125,4,3463,98,7662,0,0,94,5948,8,2646,94,8594,California
Kings,2021-02-15,246,11371,5,3468,241,7903,0,0,137,5977,108,2754,137,8731,California
Kings,2021-02-16,486,11857,33,3501,453,8356,0,0,251,5994,234,2988,251,8982,California
Kings,2021-02-17,380,12237,23,3524,357,8713,0,0,243,6101,137,3125,244,9226,California
Kings,2021-02-18,155,12392,23,3547,132,8845,0,0,98,6142,57,3182,98,9324,California
Kings,2021-02-19,159,12551,24,3571,135,8980,0,0,103,6192,53,3235,103,9427,California
Kings,2021-02-20,171,12722,40,3611,131,9111,0,0,134,6289,37,3272,134,9561,California
Kings,2021-02-21,3,12725,2,3613,1,9112,0,0,3,6292,0,3272,3,9564,California
Kings,2021-02-22,110,12835,19,3632,91,9203,0,0,51,6284,59,3331,51,9615,California
Kings,2021-02-23,296,13131,69,3701,227,9430,0,0,179,6346,117,3448,179,9794,California
Kings,2021-02-24,592,13723,154,3855,438,9868,0,0,380,6514,212,3660,380,10174,California
Kings,2021-02-25,667,14390,115,3970,552,10420,0,0,449,6747,216,3876,449,10623,California
Kings,2021-02-26,658,15048,129,4099,529,10949,0,0,596,7281,62,3938,596,11219,California
Kings,2021-02-27,1499,16547,62,4161,1437,12386,0,0,564,6911,934,4872,564,11783,California
Kings,2021-02-28,1171,17718,597,4758,574,12960,0,0,674,7091,494,5366,674,12457,California
Kings,2021-03-01,261,17979,80,4838,181,13141,0,0,216,7262,45,5411,216,12673,California
Kings,2021-03-02,475,18454,209,5047,266,13407,0,0,425,7638,50,5461,426,13099,California
Kings,2021-03-03,630,19084,304,5351,326,13733,0,0,440,7890,188,5649,440,13539,California
Kings,2021-03-04,718,19802,342,5693,376,14109,0,0,622,8417,96,5745,623,14162,California
Kings,2021-03-05,1059,20861,349,6042,701,14810,9,9,942,9252,117,5862,952,15114,California
Kings,2021-03-06,511,21372,184,6226,314,15124,13,22,481,9716,30,5892,494,15608,California
Kings,2021-03-07,365,21737,224,6450,137,15261,4,26,357,10069,8,5900,361,15969,California
Kings,2021-03-08,370,22107,96,6546,221,15482,53,79,262,10275,108,6008,314,16283,California
Kings,2021-03-09,524,22631,239,6785,230,15712,55,134,417,10642,106,6114,473,16756,California
Kings,2021-03-10,506,23137,125,6910,290,16002,91,225,322,10871,183,6297,412,17168,California
Kings,2021-03-11,1023,24160,305,7215,608,16610,110,335,618,11196,403,6700,728,17896,California
Kings,2021-03-12,1358,25518,441,7656,823,17433,94,429,957,11849,400,7100,1053,18949,California
Kings,2021-03-13,670,26188,331,7987,295,17728,44,473,544,12312,126,7226,589,19538,California
Kings,2021-03-14,671,26859,101,8088,184,17912,386,859,200,12427,471,7697,586,20124,California
Kings,2021-03-15,703,27562,266,8354,322,18234,115,974,466,12774,236,7933,583,20707,California
Kings,2021-03-16,1039,28601,438,8792,540,18774,61,1035,703,13202,336,8269,764,21471,California
Kings,2021-03-17,1089,29690,417,9209,611,19385,61,1096,770,13721,319,8588,838,22309,California
Kings,2021-03-18,1100,30790,466,9675,412,19797,222,1318,768,14383,331,8919,993,23302,California
Kings,2021-03-19,949,31739,468,10143,396,20193,85,1403,732,14996,217,9136,830,24132,California
Kings,2021-03-20,624,32363,255,10398,338,20531,31,1434,450,15312,172,9308,488,24620,California
Kings,2021-03-21,1400,33763,1085,11483,304,20835,11,1445,846,15615,554,9862,857,25477,California
Kings,2021-03-22,450,34213,203,11686,164,20999,83,1528,276,15804,174,10036,363,25840,California
Kings,2021-03-23,899,35112,493,12179,343,21342,63,1591,576,16125,321,10357,642,26482,California
Kings,2021-03-24,923,36035,479,12658,421,21763,23,1614,512,16252,410,10767,537,27019,California
Kings,2021-03-25,894,36929,445,13103,423,22186,26,1640,447,16280,445,11212,473,27492,California
Kings,2021-03-26,1282,38211,374,13477,823,23009,85,1725,530,16147,747,11959,614,28106,California
Kings,2021-03-27,616,38827,245,13722,359,23368,12,1737,169,15883,445,12404,181,28287,California
Kings,2021-03-28,549,39376,478,14200,64,23432,7,1744,342,16033,207,12611,357,28644,California
Kings,2021-03-29,459,39835,202,14402,196,23628,61,1805,251,16138,206,12817,311,28955,California
Kings,2021-03-30,842,40677,463,14865,341,23969,38,1843,420,16175,421,13238,458,29413,California
Kings,2021-03-31,730,41407,374,15239,292,24261,64,1907,415,16346,308,13546,479,29892,California
Kings,2021-04-01,758,42165,380,15619,295,24556,83,1990,342,16361,410,13956,425,30317,California
Kings,2021-04-02,985,43150,430,16049,433,24989,122,2112,390,16282,590,14546,511,30828,California
Kings,2021-04-03,475,43625,330,16379,137,25126,8,2120,161,16144,308,14854,170,30998,California
Kings,2021-04-04,156,43781,82,16461,68,25194,6,2126,43,16081,112,14966,49,31047,California
Kings,2021-04-05,1045,44826,323,16784,472,25666,250,2376,233,15752,811,15777,482,31529,California
Kings,2021-04-06,1188,46014,448,17232,433,26099,307,2683,292,15458,893,16670,599,32128,California
Kings,2021-04-07,1340,47354,641,17873,514,26613,185,2868,415,15136,922,17592,600,32728,California
Kings,2021-04-08,1590,48944,626,18499,713,27326,251,3119,361,14526,1222,18814,612,33340,California
Kings,2021-04-09,1143,50087,538,19037,428,27754,177,3296,242,14043,899,19713,416,33756,California
Kings,2021-04-10,589,50676,327,19364,160,27914,102,3398,177,13911,411,20124,279,34035,California
Kings,2021-04-11,328,51004,74,19438,248,28162,6,3404,196,13981,132,20256,202,34237,California
Kings,2021-04-12,697,51701,310,19748,187,28349,200,3604,190,13865,506,20762,390,34627,California
Kings,2021-04-13,896,52597,508,20256,388,28737,0,3604,296,13567,599,21361,301,34928,California
Kings,2021-04-14,1023,53620,566,20822,457,29194,0,3604,371,13287,652,22013,372,35300,California
Kings,2021-04-15,1048,54668,521,21343,526,29720,1,3605,466,13173,581,22594,467,35767,California
Kings,2021-04-16,765,55433,360,21703,405,30125,0,3605,266,12941,498,23092,266,36033,California
Kings,2021-04-17,457,55890,244,21947,213,30338,0,3605,200,12885,256,23348,200,36233,California
Kings,2021-04-18,550,56440,240,22187,310,30648,0,3605,69,12473,481,23829,69,36302,California
Kings,2021-04-19,526,56966,289,22476,237,30885,0,3605,287,12523,237,24066,287,36589,California
Kings,2021-04-20,732,57698,442,22918,290,31175,0,3605,245,12282,486,24552,245,36834,California
Kings,2021-04-21,636,58334,304,23222,332,31507,0,3605,220,12092,410,24962,220,37054,California
Kings,2021-04-22,550,58884,276,23498,274,31781,0,3605,201,11948,346,25308,202,37256,California
Kings,2021-04-23,663,59547,290,23788,373,32154,0,3605,329,11946,331,25639,329,37585,California
Kings,2021-04-24,244,59791,178,23966,65,32219,1,3606,120,11944,123,25762,121,37706,California
Kings,2021-04-25,195,59986,176,24142,19,32238,0,3606,159,12067,36,25798,159,37865,California
Kings,2021-04-26,295,60281,153,24295,139,32377,3,3609,184,12144,110,25908,187,38052,California
Kings,2021-04-27,399,60680,178,24473,202,32579,19,3628,166,12097,232,26140,185,38237,California
Kings,2021-04-28,505,61185,253,24726,232,32811,20,3648,265,12142,240,26380,285,38522,California
Kings,2021-04-29,285,61470,112,24838,162,32973,11,3659,133,12136,150,26530,144,38666,California
Kings,2021-04-30,366,61836,163,25001,186,33159,17,3676,152,12094,211,26741,169,38835,California
Kings,2021-05-01,229,62065,166,25167,53,33212,10,3686,74,12025,153,26894,84,38919,California
Kings,2021-05-02,168,62233,146,25313,22,33234,0,3686,126,12109,42,26936,126,39045,California
Kings,2021-05-03,469,62702,255,25568,201,33435,13,3699,122,11898,346,27282,135,39180,California
Kings,2021-05-04,509,63211,255,25823,234,33669,20,3719,158,11725,351,27633,178,39358,California
Kings,2021-05-05,535,63746,276,26099,239,33908,20,3739,134,11478,401,28034,154,39512,California
Kings,2021-05-06,533,64279,264,26363,246,34154,23,3762,121,11212,410,28444,144,39656,California
Kings,2021-05-07,366,64645,211,26574,141,34295,14,3776,148,11159,215,28659,162,39818,California
Kings,2021-05-08,228,64873,166,26740,51,34346,11,3787,73,11088,155,28814,84,39902,California
Kings,2021-05-09,193,65066,64,26804,129,34475,0,3787,40,10975,153,28967,40,39942,California
Kings,2021-05-10,331,65397,254,27058,67,34542,10,3797,113,10881,216,29183,122,40064,California
Kings,2021-05-11,366,65763,228,27286,111,34653,27,3824,115,10773,251,29434,143,40207,California
Kings,2021-05-12,353,66116,128,27414,212,34865,13,3837,147,10728,205,29639,160,40367,California
Kings,2021-05-13,362,66478,136,27550,221,35086,5,3842,147,10665,215,29854,152,40519,California
Kings,2021-05-14,245,66723,151,27701,67,35153,27,3869,124,10695,119,29973,149,40668,California
Lake,2020-12-17,4,4,4,4,0,0,0,0,4,4,0,0,4,4,California
Lake,2020-12-18,51,55,51,55,0,0,0,0,51,55,0,0,51,55,California
Lake,2020-12-19,3,58,3,58,0,0,0,0,3,58,0,0,3,58,California
Lake,2020-12-20,6,64,6,64,0,0,0,0,6,64,0,0,6,64,California
Lake,2020-12-21,86,150,86,150,0,0,0,0,86,150,0,0,86,150,California
Lake,2020-12-22,63,213,60,210,3,3,0,0,63,213,0,0,63,213,California
Lake,2020-12-23,123,336,114,324,9,12,0,0,123,336,0,0,123,336,California
Lake,2020-12-24,2,338,0,324,2,14,0,0,2,338,0,0,2,338,California
Lake,2020-12-26,2,340,2,326,0,14,0,0,2,340,0,0,2,340,California
Lake,2020-12-27,2,342,2,328,0,14,0,0,2,342,0,0,2,342,California
Lake,2020-12-28,52,394,43,371,9,23,0,0,52,394,0,0,52,394,California
Lake,2020-12-29,50,444,45,416,5,28,0,0,50,444,0,0,50,444,California
Lake,2020-12-30,125,569,118,534,7,35,0,0,125,569,0,0,125,569,California
Lake,2020-12-31,67,636,64,598,3,38,0,0,67,636,0,0,67,636,California
Lake,2021-01-01,1,637,0,598,1,39,0,0,1,637,0,0,1,637,California
Lake,2021-01-02,2,639,1,599,1,40,0,0,2,639,0,0,2,639,California
Lake,2021-01-04,87,726,21,620,66,106,0,0,87,726,0,0,87,726,California
Lake,2021-01-05,120,846,59,679,61,167,0,0,118,842,2,2,118,844,California
Lake,2021-01-06,105,951,65,744,40,207,0,0,103,943,2,4,103,947,California
Lake,2021-01-07,108,1059,85,829,23,230,0,0,99,1033,9,13,99,1046,California
Lake,2021-01-08,152,1211,124,953,28,258,0,0,100,1081,52,65,100,1146,California
Lake,2021-01-09,63,1274,61,1014,2,260,0,0,59,1136,4,69,59,1205,California
Lake,2021-01-10,3,1277,3,1017,0,260,0,0,0,1133,3,72,0,1205,California
Lake,2021-01-11,192,1469,151,1168,41,301,0,0,112,1165,80,152,112,1317,California
Lake,2021-01-12,81,1550,48,1216,33,334,0,0,57,1198,24,176,57,1374,California
Lake,2021-01-13,165,1715,112,1328,53,387,0,0,108,1249,57,233,108,1482,California
Lake,2021-01-14,147,1862,46,1374,101,488,0,0,125,1352,22,255,125,1607,California
Lake,2021-01-15,215,2077,92,1466,123,611,0,0,188,1513,27,282,188,1795,California
Lake,2021-01-16,134,2211,81,1547,53,664,0,0,132,1643,2,284,132,1927,California
Lake,2021-01-17,18,2229,6,1553,12,676,0,0,12,1649,6,290,12,1939,California
Lake,2021-01-18,246,2475,227,1780,19,695,0,0,126,1655,120,410,126,2065,California
Lake,2021-01-19,311,2786,117,1897,194,889,0,0,266,1877,45,455,267,2332,California
Lake,2021-01-20,422,3208,80,1977,342,1231,0,0,358,2172,63,518,358,2690,California
Lake,2021-01-21,433,3641,49,2026,384,1615,0,0,398,2535,35,553,398,3088,California
Lake,2021-01-22,318,3959,46,2072,272,1887,0,0,282,2781,36,589,282,3370,California
Lake,2021-01-23,122,4081,5,2077,117,2004,0,0,121,2901,1,590,121,3491,California
Lake,2021-01-24,5,4086,2,2079,3,2007,0,0,5,2906,0,590,5,3496,California
Lake,2021-01-25,257,4343,95,2174,162,2169,0,0,176,3001,81,671,176,3672,California
Lake,2021-01-26,429,4772,36,2210,393,2562,0,0,406,3384,23,694,406,4078,California
Lake,2021-01-27,359,5131,41,2251,318,2880,0,0,331,3688,28,722,332,4410,California
Lake,2021-01-28,498,5629,161,2412,337,3217,0,0,368,3926,130,852,368,4778,California
Lake,2021-01-29,636,6265,83,2495,553,3770,0,0,576,4442,60,912,576,5354,California
Lake,2021-01-30,554,6819,44,2539,510,4280,0,0,548,4984,6,918,548,5902,California
Lake,2021-01-31,14,6833,8,2547,6,4286,0,0,12,4994,2,920,12,5914,California
Lake,2021-02-01,179,7012,18,2565,161,4447,0,0,166,5147,13,933,166,6080,California
Lake,2021-02-02,563,7575,151,2716,412,4859,0,0,397,5378,166,1099,397,6477,California
Lake,2021-02-03,445,8020,33,2749,412,5271,0,0,340,5613,105,1204,340,6817,California
Lake,2021-02-04,119,8139,68,2817,51,5322,0,0,72,5638,47,1251,72,6889,California
Lake,2021-02-05,379,8518,70,2887,309,5631,0,0,288,5837,89,1340,288,7177,California
Lake,2021-02-06,276,8794,41,2928,235,5866,0,0,265,6091,11,1351,265,7442,California
Lake,2021-02-07,2,8796,1,2929,1,5867,0,0,2,6093,0,1351,2,7444,California
Lake,2021-02-08,279,9075,207,3136,72,5939,0,0,159,6132,120,1471,159,7603,California
Lake,2021-02-09,345,9420,25,3161,320,6259,0,0,301,6390,43,1514,301,7904,California
Lake,2021-02-10,352,9772,54,3215,298,6557,0,0,274,6586,78,1592,274,8178,California
Lake,2021-02-11,169,9941,18,3233,151,6708,0,0,56,6529,113,1705,56,8234,California
Lake,2021-02-12,376,10317,29,3262,347,7055,0,0,288,6731,87,1792,289,8523,California
Lake,2021-02-13,247,10564,7,3269,240,7295,0,0,236,6956,11,1803,236,8759,California
Lake,2021-02-14,20,10584,5,3274,15,7310,0,0,6,6948,14,1817,6,8765,California
Lake,2021-02-15,172,10756,13,3287,159,7469,0,0,8,6793,163,1980,8,8773,California
Lake,2021-02-16,423,11179,23,3310,400,7869,0,0,176,6722,247,2227,176,8949,California
Lake,2021-02-17,351,11530,54,3364,297,8166,0,0,70,6512,280,2507,70,9019,California
Lake,2021-02-18,457,11987,69,3433,388,8554,0,0,114,6283,343,2850,114,9133,California
Lake,2021-02-19,418,12405,25,3458,393,8947,0,0,93,6051,325,3175,93,9226,California
Lake,2021-02-20,294,12699,60,3518,234,9181,0,0,251,6260,42,3217,251,9477,California
Lake,2021-02-21,6,12705,6,3524,0,9181,0,0,0,6254,6,3223,0,9477,California
Lake,2021-02-22,140,12845,23,3547,117,9298,0,0,43,6200,97,3320,43,9520,California
Lake,2021-02-23,214,13059,14,3561,200,9498,0,0,28,6042,186,3506,28,9548,California
Lake,2021-02-24,955,14014,377,3938,578,10076,0,0,416,5920,538,4044,416,9964,California
Lake,2021-02-25,732,14746,465,4403,267,10343,0,0,472,6135,257,4301,472,10436,California
Lake,2021-02-26,995,15741,304,4707,691,11034,0,0,350,5843,642,4943,350,10786,California
Lake,2021-02-27,411,16152,98,4805,313,11347,0,0,328,6088,83,5026,328,11114,California
Lake,2021-02-28,18,16170,12,4817,6,11353,0,0,10,6090,8,5034,10,11124,California
Lake,2021-03-01,595,16765,53,4870,542,11895,0,0,442,6379,153,5187,442,11566,California
Lake,2021-03-02,745,17510,18,4888,727,12622,0,0,289,6212,456,5643,289,11855,California
Lake,2021-03-03,358,17868,195,5083,163,12785,0,0,135,6124,223,5866,135,11990,California
Lake,2021-03-04,578,18446,509,5592,69,12854,0,0,561,6668,17,5883,561,12551,California
Lake,2021-03-05,1036,19482,40,5632,996,13850,0,0,174,5984,858,6741,174,12725,California
Lake,2021-03-06,34,19516,9,5641,24,13874,1,1,21,5993,13,6754,22,12747,California
Lake,2021-03-07,7,19523,5,5646,2,13876,0,1,4,5994,3,6757,4,12751,California
Lake,2021-03-08,339,19862,267,5913,63,13939,9,10,299,6262,40,6797,308,13059,California
Lake,2021-03-09,915,20777,29,5942,869,14808,17,27,393,6151,521,7318,410,13469,California
Lake,2021-03-10,203,20980,60,6002,130,14938,13,40,135,6231,68,7386,148,13617,California
Lake,2021-03-11,583,21563,47,6049,62,15000,474,514,48,6218,535,7921,522,14139,California
Lake,2021-03-12,851,22414,202,6251,625,15625,24,538,362,6116,488,8409,386,14525,California
Lake,2021-03-13,277,22691,21,6272,20,15645,236,774,16,6107,260,8669,251,14776,California
Lake,2021-03-14,11,22702,2,6274,9,15654,0,774,7,6110,4,8673,7,14783,California
Lake,2021-03-15,642,23344,14,6288,611,16265,17,791,483,6451,159,8832,500,15283,California
Lake,2021-03-16,1113,24457,834,7122,262,16527,17,808,446,6250,663,9495,462,15745,California
Lake,2021-03-17,248,24705,121,7243,105,16632,22,830,92,6208,156,9651,114,15859,California
Lake,2021-03-18,748,25453,373,7616,338,16970,37,867,372,6241,375,10026,408,16267,California
Lake,2021-03-19,580,26033,313,7929,247,17217,20,887,473,6628,106,10132,493,16760,California
Lake,2021-03-20,248,26281,8,7937,237,17454,3,890,29,6443,217,10349,32,16792,California
Lake,2021-03-21,16,26297,11,7948,4,17458,1,891,11,6450,5,10354,12,16804,California
Lake,2021-03-22,325,26622,245,8193,66,17524,14,905,239,6617,86,10440,253,17057,California
Lake,2021-03-23,419,27041,21,8214,385,17909,13,918,353,6918,65,10505,366,17423,California
Lake,2021-03-24,413,27454,61,8275,344,18253,8,926,317,7149,95,10600,326,17749,California
Lake,2021-03-25,660,28114,469,8744,185,18438,6,932,175,6845,485,11085,181,17930,California
Lake,2021-03-26,68,28182,33,8777,34,18472,1,933,44,6866,24,11109,45,17975,California
Lake,2021-03-27,309,28491,7,8784,299,18771,3,936,17,6596,290,11399,20,17995,California
Lake,2021-03-28,17,28508,8,8792,9,18780,0,936,11,6601,6,11405,11,18006,California
Lake,2021-03-29,899,29407,268,9060,629,19409,2,938,193,6092,704,12109,195,18201,California
Lake,2021-03-30,452,29859,303,9363,147,19556,2,940,366,6375,85,12194,368,18569,California
Lake,2021-03-31,582,30441,60,9423,522,20078,0,940,417,6635,157,12351,417,18986,California
Lake,2021-04-01,424,30865,219,9642,193,20271,12,952,179,6584,242,12593,191,19177,California
Lake,2021-04-02,221,31086,41,9683,152,20423,28,980,98,6587,123,12716,126,19303,California
Lake,2021-04-03,32,31118,6,9689,23,20446,3,983,13,6584,19,12735,16,19319,California
Lake,2021-04-04,20,31138,11,9700,7,20453,2,985,15,6596,5,12740,17,19336,California
Lake,2021-04-05,638,31776,70,9770,549,21002,19,1004,399,6777,236,12976,417,19753,California
Lake,2021-04-06,475,32251,16,9786,433,21435,26,1030,302,6933,172,13148,328,20081,California
Lake,2021-04-07,517,32768,56,9842,410,21845,51,1081,350,7169,165,13313,401,20482,California
Lake,2021-04-08,597,33365,486,10328,45,21890,66,1147,102,6845,492,13805,168,20650,California
Lake,2021-04-09,281,33646,39,10367,173,22063,69,1216,47,6730,231,14036,116,20766,California
Lake,2021-04-10,251,33897,14,10381,13,22076,224,1440,9,6721,242,14278,233,20999,California
Lake,2021-04-11,22,33919,17,10398,3,22079,2,1442,7,6715,15,14293,9,21008,California
Lake,2021-04-12,1069,34988,232,10630,804,22883,33,1475,248,6176,820,15113,281,21289,California
Lake,2021-04-13,179,35167,109,10739,70,22953,0,1475,53,6103,126,15239,53,21342,California
Lake,2021-04-14,612,35779,38,10777,574,23527,0,1475,549,6589,63,15302,549,21891,California
Lake,2021-04-15,640,36419,192,10969,448,23975,0,1475,331,6611,309,15611,331,22222,California
Lake,2021-04-16,263,36682,29,10998,233,24208,1,1476,73,6496,189,15800,74,22296,California
Lake,2021-04-17,41,36723,12,11010,29,24237,0,1476,31,6517,10,15810,31,22327,California
Lake,2021-04-18,8,36731,5,11015,3,24240,0,1476,0,6509,8,15818,0,22327,California
Lake,2021-04-19,295,37026,38,11053,257,24497,0,1476,245,6704,50,15868,245,22572,California
Lake,2021-04-20,692,37718,278,11331,414,24911,0,1476,113,6240,578,16446,114,22686,California
Lake,2021-04-21,532,38250,64,11395,468,25379,0,1476,204,6116,328,16774,204,22890,California
Lake,2021-04-22,461,38711,50,11445,411,25790,0,1476,314,6284,146,16920,314,23204,California
Lake,2021-04-23,113,38824,58,11503,55,25845,0,1476,67,6305,46,16966,67,23271,California
Lake,2021-04-24,53,38877,9,11512,44,25889,0,1476,39,6330,14,16980,39,23310,California
Lake,2021-04-25,35,38912,18,11530,17,25906,0,1476,23,6341,12,16992,23,23333,California
Lake,2021-04-26,286,39198,78,11608,207,26113,1,1477,83,6222,203,17195,84,23417,California
Lake,2021-04-27,240,39438,22,11630,200,26313,18,1495,82,6164,158,17353,100,23517,California
Lake,2021-04-28,507,39945,47,11677,445,26758,15,1510,117,5907,388,17741,131,23648,California
Lake,2021-04-29,212,40157,83,11760,113,26871,16,1526,115,5941,97,17838,131,23779,California
Lake,2021-04-30,289,40446,46,11806,212,27083,31,1557,150,5983,139,17977,181,23960,California
Lake,2021-05-01,47,40493,26,11832,19,27102,2,1559,32,6002,15,17992,34,23994,California
Lake,2021-05-02,18,40511,9,11841,8,27110,1,1560,9,6003,9,18001,10,24004,California
Lake,2021-05-03,409,40920,26,11867,348,27458,35,1595,63,5756,345,18346,98,24102,California
Lake,2021-05-04,405,41325,216,12083,141,27599,48,1643,125,5650,279,18625,173,24275,California
Lake,2021-05-05,631,41956,45,12128,574,28173,12,1655,89,5210,540,19165,100,24375,California
Lake,2021-05-06,141,42097,19,12147,93,28266,29,1684,72,5241,69,19234,100,24475,California
Lake,2021-05-07,164,42261,28,12175,116,28382,20,1704,103,5305,59,19293,123,24598,California
Lake,2021-05-08,43,42304,8,12183,35,28417,0,1704,36,5334,7,19300,36,24634,California
Lake,2021-05-09,17,42321,2,12185,10,28427,5,1709,10,5342,7,19307,15,24649,California
Lake,2021-05-10,243,42564,12,12197,204,28631,27,1736,58,5243,184,19491,85,24734,California
Lake,2021-05-11,193,42757,27,12224,151,28782,15,1751,117,5300,76,19567,133,24867,California
Lake,2021-05-12,542,43299,33,12257,490,29272,19,1770,57,4890,485,20052,75,24942,California
Lake,2021-05-13,300,43599,60,12317,229,29501,11,1781,70,4743,228,20280,81,25023,California
Lake,2021-05-14,151,43750,27,12344,113,29614,11,1792,97,4798,53,20333,108,25131,California
Lassen,2020-12-16,8,8,8,8,0,0,0,0,8,8,0,0,8,8,California
Lassen,2020-12-17,6,14,6,14,0,0,0,0,6,14,0,0,6,14,California
Lassen,2020-12-18,1,15,1,15,0,0,0,0,1,15,0,0,1,15,California
Lassen,2020-12-19,5,20,5,20,0,0,0,0,5,20,0,0,5,20,California
Lassen,2020-12-20,2,22,2,22,0,0,0,0,2,22,0,0,2,22,California
Lassen,2020-12-21,11,33,11,33,0,0,0,0,11,33,0,0,11,33,California
Lassen,2020-12-22,23,56,23,56,0,0,0,0,23,56,0,0,23,56,California
Lassen,2020-12-23,6,62,6,62,0,0,0,0,6,62,0,0,6,62,California
Lassen,2020-12-24,11,73,11,73,0,0,0,0,11,73,0,0,11,73,California
Lassen,2020-12-28,3,76,2,75,1,1,0,0,3,76,0,0,3,76,California
Lassen,2020-12-29,35,111,35,110,0,1,0,0,35,111,0,0,35,111,California
Lassen,2020-12-30,36,147,35,145,1,2,0,0,36,147,0,0,36,147,California
Lassen,2020-12-31,49,196,42,187,7,9,0,0,49,196,0,0,49,196,California
Lassen,2021-01-02,1,197,0,187,1,10,0,0,1,197,0,0,1,197,California
Lassen,2021-01-04,15,212,1,188,14,24,0,0,15,212,0,0,15,212,California
Lassen,2021-01-05,194,406,53,241,141,165,0,0,194,406,0,0,194,406,California
Lassen,2021-01-06,95,501,44,285,51,216,0,0,87,486,8,8,88,494,California
Lassen,2021-01-07,43,544,7,292,36,252,0,0,37,517,6,14,37,531,California
Lassen,2021-01-08,50,594,2,294,48,300,0,0,50,567,0,14,50,581,California
Lassen,2021-01-09,12,606,6,300,6,306,0,0,12,579,0,14,12,593,California
Lassen,2021-01-11,27,633,5,305,22,328,0,0,27,606,0,14,27,620,California
Lassen,2021-01-12,49,682,29,334,20,348,0,0,30,617,19,33,30,650,California
Lassen,2021-01-13,161,843,18,352,143,491,0,0,146,748,15,48,146,796,California
Lassen,2021-01-14,163,1006,18,370,145,636,0,0,151,887,12,60,151,947,California
Lassen,2021-01-15,33,1039,6,376,27,663,0,0,33,920,0,60,33,980,California
Lassen,2021-01-16,34,1073,33,409,1,664,0,0,34,954,0,60,34,1014,California
Lassen,2021-01-17,1,1074,0,409,1,665,0,0,1,955,0,60,1,1015,California
Lassen,2021-01-18,5,1079,2,411,3,668,0,0,4,958,1,61,4,1019,California
Lassen,2021-01-19,185,1264,36,447,149,817,0,0,157,1087,28,89,157,1176,California
Lassen,2021-01-20,188,1452,100,547,88,905,0,0,105,1124,68,157,105,1281,California
Lassen,2021-01-21,145,1597,93,640,52,957,0,0,121,1227,18,175,121,1402,California
Lassen,2021-01-22,31,1628,18,658,13,970,0,0,21,1238,10,185,21,1423,California
Lassen,2021-01-23,2,1630,0,658,2,972,0,0,2,1240,0,185,2,1425,California
Lassen,2021-01-24,1,1631,0,658,1,973,0,0,1,1241,0,185,1,1426,California
Lassen,2021-01-25,11,1642,0,658,11,984,0,0,11,1252,0,185,11,1437,California
Lassen,2021-01-26,126,1768,12,670,114,1098,0,0,122,1370,4,189,122,1559,California
Lassen,2021-01-27,87,1855,35,705,52,1150,0,0,69,1421,18,207,69,1628,California
Lassen,2021-01-28,85,1940,15,720,70,1220,0,0,84,1504,1,208,84,1712,California
Lassen,2021-01-29,23,1963,7,727,16,1236,0,0,22,1525,1,209,22,1734,California
Lassen,2021-02-01,62,2025,4,731,58,1294,0,0,36,1535,26,235,36,1770,California
Lassen,2021-02-02,177,2202,12,743,165,1459,0,0,44,1446,133,368,44,1814,California
Lassen,2021-02-03,96,2298,21,764,75,1534,0,0,51,1452,45,413,51,1865,California
Lassen,2021-02-04,112,2410,15,779,97,1631,0,0,63,1466,49,462,63,1928,California
Lassen,2021-02-05,65,2475,12,791,53,1684,0,0,23,1447,42,504,23,1951,California
Lassen,2021-02-06,69,2544,34,825,35,1719,0,0,36,1451,32,536,36,1987,California
Lassen,2021-02-07,2,2546,2,827,0,1719,0,0,2,1453,0,536,2,1989,California
Lassen,2021-02-08,44,2590,4,831,40,1759,0,0,18,1445,26,562,18,2007,California
Lassen,2021-02-09,129,2719,8,839,121,1880,0,0,50,1416,79,641,50,2057,California
Lassen,2021-02-10,184,2903,21,860,163,2043,0,0,76,1384,108,749,76,2133,California
Lassen,2021-02-11,184,3087,16,876,168,2211,0,0,80,1361,103,852,80,2213,California
Lassen,2021-02-12,42,3129,11,887,31,2242,0,0,14,1347,28,880,14,2227,California
Lassen,2021-02-13,12,3141,3,890,9,2251,0,0,10,1355,2,882,10,2237,California
Lassen,2021-02-14,13,3154,0,890,13,2264,0,0,12,1366,1,883,12,2249,California
Lassen,2021-02-15,21,3175,2,892,19,2283,0,0,17,1379,4,887,17,2266,California
Lassen,2021-02-16,192,3367,4,896,188,2471,0,0,31,1251,159,1046,31,2297,California
Lassen,2021-02-17,183,3550,94,990,89,2560,0,0,10,1088,173,1219,10,2307,California
Lassen,2021-02-18,80,3630,22,1012,58,2618,0,0,20,1048,60,1279,20,2327,California
Lassen,2021-02-19,82,3712,62,1074,20,2638,0,0,18,1002,64,1343,18,2345,California
Lassen,2021-02-20,8,3720,0,1074,8,2646,0,0,6,1006,2,1345,6,2351,California
Lassen,2021-02-21,22,3742,2,1076,20,2666,0,0,18,1020,4,1349,18,2369,California
Lassen,2021-02-22,24,3766,10,1086,14,2680,0,0,6,1008,18,1367,6,2375,California
Lassen,2021-02-23,153,3919,10,1096,143,2823,0,0,41,937,112,1479,41,2416,California
Lassen,2021-02-24,165,4084,16,1112,149,2972,0,0,107,987,57,1536,107,2523,California
Lassen,2021-02-25,156,4240,19,1131,137,3109,0,0,99,1029,57,1593,99,2622,California
Lassen,2021-02-26,73,4313,16,1147,57,3166,0,0,36,1028,37,1630,36,2658,California
Lassen,2021-02-27,8,4321,7,1154,1,3167,0,0,3,1026,5,1635,3,2661,California
Lassen,2021-02-28,6,4327,1,1155,5,3172,0,0,3,1026,3,1638,3,2664,California
Lassen,2021-03-01,42,4369,4,1159,38,3210,0,0,8,1001,33,1671,8,2672,California
Lassen,2021-03-02,106,4475,8,1167,98,3308,0,0,80,1055,26,1697,80,2752,California
Lassen,2021-03-03,170,4645,12,1179,158,3466,0,0,113,1111,57,1754,113,2865,California
Lassen,2021-03-04,150,4795,17,1196,133,3599,0,0,100,1162,49,1803,100,2965,California
Lassen,2021-03-05,47,4842,7,1203,17,3616,23,23,11,1160,36,1839,34,2999,California
Lassen,2021-03-06,55,4897,4,1207,29,3645,22,45,5,1137,50,1889,27,3026,California
Lassen,2021-03-07,56,4953,1,1208,0,3645,55,100,1,1138,55,1944,56,3082,California
Lassen,2021-03-08,89,5042,2,1210,7,3652,80,180,3,1135,86,2030,83,3165,California
Lassen,2021-03-09,137,5179,11,1221,109,3761,17,197,88,1192,49,2079,106,3271,California
Lassen,2021-03-10,175,5354,10,1231,163,3924,2,199,79,1178,95,2174,81,3352,California
Lassen,2021-03-11,185,5539,16,1247,162,4086,7,206,113,1229,69,2243,120,3472,California
Lassen,2021-03-12,35,5574,18,1265,13,4099,4,210,12,1222,23,2266,16,3488,California
Lassen,2021-03-13,49,5623,0,1265,3,4102,46,256,1,1220,48,2314,46,3534,California
Lassen,2021-03-14,14,5637,2,1267,11,4113,1,257,2,1211,12,2326,3,3537,California
Lassen,2021-03-15,33,5670,2,1269,31,4144,0,257,16,1210,17,2343,16,3553,California
Lassen,2021-03-16,93,5763,2,1271,85,4229,6,263,74,1271,19,2362,80,3633,California
Lassen,2021-03-17,1083,6846,9,1280,1069,5298,5,268,1064,2321,19,2381,1069,4702,California
Lassen,2021-03-18,95,6941,9,1289,85,5383,1,269,81,2389,14,2395,82,4784,California
Lassen,2021-03-19,17,6958,11,1300,2,5385,4,273,7,2390,10,2405,11,4795,California
Lassen,2021-03-20,29,6987,3,1303,23,5408,3,276,22,2408,7,2412,25,4820,California
Lassen,2021-03-21,34,7021,0,1303,34,5442,0,276,14,2403,19,2431,14,4834,California
Lassen,2021-03-22,57,7078,1,1304,56,5498,0,276,54,2454,3,2434,54,4888,California
Lassen,2021-03-23,119,7197,11,1315,107,5605,1,277,67,2470,52,2486,68,4956,California
Lassen,2021-03-24,213,7410,13,1328,199,5804,1,278,107,2473,105,2591,108,5064,California
Lassen,2021-03-25,153,7563,22,1350,131,5935,0,278,70,2460,83,2674,70,5134,California
Lassen,2021-03-26,78,7641,13,1363,26,5961,39,317,19,2459,58,2732,57,5191,California
Lassen,2021-03-27,20,7661,4,1367,1,5962,15,332,3,2460,17,2749,18,5209,California
Lassen,2021-03-28,18,7679,3,1370,5,5967,10,342,4,2460,14,2763,14,5223,California
Lassen,2021-03-29,52,7731,0,1370,27,5994,25,367,20,2474,31,2794,45,5268,California
Lassen,2021-03-30,198,7929,10,1380,163,6157,25,392,51,2403,147,2941,76,5344,California
Lassen,2021-03-31,146,8075,12,1392,112,6269,22,414,62,2403,84,3025,84,5428,California
Lassen,2021-04-01,165,8240,15,1407,131,6400,19,433,48,2354,116,3141,67,5495,California
Lassen,2021-04-02,29,8269,4,1411,3,6403,22,455,2,2351,27,3168,24,5519,California
Lassen,2021-04-03,12,8281,0,1411,2,6405,10,465,0,2349,12,3180,10,5529,California
Lassen,2021-04-04,7,8288,2,1413,0,6405,5,470,1,2349,6,3186,6,5535,California
Lassen,2021-04-05,22,8310,4,1417,11,6416,7,477,11,2356,11,3197,18,5553,California
Lassen,2021-04-06,184,8494,9,1426,145,6561,30,507,53,2308,131,3328,83,5636,California
Lassen,2021-04-07,135,8629,6,1432,92,6653,37,544,32,2276,103,3431,71,5707,California
Lassen,2021-04-08,168,8797,9,1441,103,6756,56,600,32,2232,132,3563,88,5795,California
Lassen,2021-04-09,52,8849,6,1447,11,6767,35,635,9,2233,42,3605,43,5838,California
Lassen,2021-04-10,9,8858,0,1447,2,6769,7,642,0,2232,8,3613,7,5845,California
Lassen,2021-04-11,5,8863,2,1449,0,6769,3,645,2,2234,3,3616,5,5850,California
Lassen,2021-04-12,30,8893,2,1451,15,6784,13,658,2,2221,28,3644,15,5865,California
Lassen,2021-04-13,129,9022,6,1457,123,6907,0,658,40,2173,88,3732,40,5905,California
Lassen,2021-04-14,987,10009,16,1473,971,7878,0,658,51,1289,935,4667,51,5956,California
Lassen,2021-04-15,147,10156,14,1487,133,8011,0,658,19,1180,128,4795,19,5975,California
Lassen,2021-04-16,11,10167,4,1491,7,8018,0,658,5,1179,6,4801,5,5980,California
Lassen,2021-04-17,23,10190,2,1493,21,8039,0,658,3,1162,20,4821,3,5983,California
Lassen,2021-04-18,5,10195,2,1495,3,8042,0,658,2,1161,3,4824,2,5985,California
Lassen,2021-04-19,33,10228,0,1495,33,8075,0,658,17,1162,16,4840,17,6002,California
Lassen,2021-04-20,138,10366,7,1502,131,8206,0,658,52,1128,86,4926,52,6054,California
Lassen,2021-04-21,163,10529,10,1512,153,8359,0,658,32,1031,129,5055,32,6086,California
Lassen,2021-04-22,102,10631,16,1528,86,8445,0,658,33,995,69,5124,33,6119,California
Lassen,2021-04-23,28,10659,3,1531,25,8470,0,658,22,1011,6,5130,22,6141,California
Lassen,2021-04-24,10,10669,6,1537,4,8474,0,658,4,1009,6,5136,4,6145,California
Lassen,2021-04-25,5,10674,0,1537,4,8478,1,659,3,1011,2,5138,4,6149,California
Lassen,2021-04-26,42,10716,1,1538,37,8515,4,663,9,991,33,5171,13,6162,California
Lassen,2021-04-27,122,10838,10,1548,109,8624,3,666,70,1012,52,5223,73,6235,California
Lassen,2021-04-28,84,10922,8,1556,74,8698,2,668,31,992,53,5276,33,6268,California
Lassen,2021-04-29,67,10989,7,1563,57,8755,3,671,22,973,44,5320,25,6293,California
Lassen,2021-04-30,11,11000,7,1570,1,8756,3,674,3,971,8,5328,6,6299,California
Lassen,2021-05-01,4,11004,0,1570,3,8759,1,675,3,974,1,5329,4,6303,California
Lassen,2021-05-02,12,11016,8,1578,4,8763,0,675,8,978,4,5333,8,6311,California
Lassen,2021-05-03,19,11035,1,1579,11,8774,7,682,4,974,15,5348,11,6322,California
Lassen,2021-05-04,72,11107,4,1583,60,8834,8,690,20,950,52,5400,28,6350,California
Lassen,2021-05-05,81,11188,4,1587,67,8901,10,700,26,932,54,5454,36,6386,California
Lassen,2021-05-06,84,11272,21,1608,41,8942,22,722,24,918,60,5514,46,6432,California
Lassen,2021-05-07,47,11319,32,1640,10,8952,5,727,39,954,8,5522,44,6476,California
Lassen,2021-05-08,11,11330,0,1640,5,8957,6,733,4,957,7,5529,10,6486,California
Lassen,2021-05-09,3,11333,1,1641,0,8957,2,735,0,956,3,5532,2,6488,California
Lassen,2021-05-10,13,11346,1,1642,9,8966,3,738,7,960,6,5538,10,6498,California
Lassen,2021-05-11,70,11416,1,1643,60,9026,9,747,19,937,51,5589,28,6526,California
Lassen,2021-05-12,41,11457,4,1647,32,9058,5,752,12,925,29,5618,17,6543,California
Lassen,2021-05-13,32,11489,7,1654,20,9078,5,757,11,920,21,5639,16,6559,California
Lassen,2021-05-14,7,11496,1,1655,3,9081,3,760,1,918,6,5645,4,6563,California
Los Angeles,2020-12-15,393,393,393,393,0,0,0,0,393,393,0,0,393,393,California
Los Angeles,2020-12-16,3364,3757,3364,3757,0,0,0,0,3364,3757,0,0,3364,3757,California
Los Angeles,2020-12-17,10239,13996,10239,13996,0,0,0,0,10240,13997,0,0,10240,13997,California
Los Angeles,2020-12-18,14528,28524,14505,28501,23,23,0,0,14528,28525,0,0,14528,28525,California
Los Angeles,2020-12-19,7230,35754,7222,35723,8,31,0,0,7231,35756,0,0,7231,35756,California
Los Angeles,2020-12-20,4596,40350,4588,40311,8,39,0,0,4598,40354,0,0,4598,40354,California
Los Angeles,2020-12-21,13705,54055,13690,54001,15,54,0,0,13705,54058,1,1,13705,54059,California
Los Angeles,2020-12-22,11530,65585,11149,65150,381,435,0,0,11531,65588,1,2,11531,65590,California
Los Angeles,2020-12-23,11895,77480,10138,75288,1757,2192,0,0,11896,77484,0,2,11896,77486,California
Los Angeles,2020-12-24,7023,84503,4256,79544,2767,4959,0,0,7026,84510,0,2,7026,84512,California
Los Angeles,2020-12-25,525,85028,419,79963,106,5065,0,0,525,85035,0,2,525,85037,California
Los Angeles,2020-12-26,2527,87555,2180,82143,347,5412,0,0,2527,87561,1,3,2527,87564,California
Los Angeles,2020-12-27,1761,89316,1028,83171,733,6145,0,0,1761,89322,0,3,1761,89325,California
Los Angeles,2020-12-28,10298,99614,6388,89559,3910,10055,0,0,10296,99617,1,4,10296,99621,California
Los Angeles,2020-12-29,11605,111219,6082,95641,5523,15578,0,0,11607,111224,0,4,11607,111228,California
Los Angeles,2020-12-30,14871,126090,8092,103733,6779,22357,0,0,14870,126094,0,4,14870,126098,California
Los Angeles,2020-12-31,7944,134034,2758,106491,5186,27543,0,0,7941,134033,2,6,7941,134039,California
Los Angeles,2021-01-01,1007,135041,273,106764,734,28277,0,0,1007,135040,0,6,1007,135046,California
Los Angeles,2021-01-02,4474,139515,1662,108426,2812,31089,0,0,4474,139514,0,6,4474,139520,California
Los Angeles,2021-01-03,952,140467,217,108643,735,31824,0,0,951,140464,1,7,951,140471,California
Los Angeles,2021-01-04,12721,153188,4890,113533,7831,39655,0,0,12706,153167,3,10,12706,153177,California
Los Angeles,2021-01-05,16059,169247,7092,120625,8967,48622,0,0,14156,165450,1876,1886,14159,167336,California
Los Angeles,2021-01-06,22698,191945,12083,132708,10615,59237,0,0,17102,177032,5528,7414,17110,184446,California
Los Angeles,2021-01-07,29387,221332,15822,148530,13565,72802,0,0,18871,185447,10470,17884,18885,203331,California
Los Angeles,2021-01-08,33137,254469,17911,166441,15226,88028,0,0,20905,194155,12206,30090,20914,224245,California
Los Angeles,2021-01-09,12380,266849,7086,173527,5294,93322,0,0,7507,196797,4871,34961,7513,231758,California
Los Angeles,2021-01-10,4682,271531,3633,177160,1049,94371,0,0,1949,196014,2733,37694,1950,233708,California
Los Angeles,2021-01-11,25826,297357,16267,193427,9559,103930,0,0,14879,199965,10937,48631,14888,248596,California
Los Angeles,2021-01-12,29252,326609,16093,209520,13159,117089,0,0,19112,208967,10122,58753,19124,267720,California
Los Angeles,2021-01-13,29288,355897,15646,225166,13642,130731,0,0,20340,220381,8931,67684,20345,288065,California
Los Angeles,2021-01-14,29287,385184,12737,237903,16550,147281,0,0,23770,238664,5497,73181,23780,311845,California
Los Angeles,2021-01-15,33842,419026,12381,250284,21461,168742,0,0,30263,265381,3554,76735,30271,342116,California
Los Angeles,2021-01-16,17571,436597,4970,255254,12601,181343,0,0,15794,279410,1769,78504,15798,357914,California
Los Angeles,2021-01-17,5199,441796,2315,257569,2884,184227,0,0,4952,284118,246,78750,4954,362868,California
Los Angeles,2021-01-18,15598,457394,10072,267641,5526,189753,0,0,10890,290315,4695,83445,10892,373760,California
Los Angeles,2021-01-19,38494,495888,20596,288237,17898,207651,0,0,30692,313257,7761,91206,30703,404463,California
Los Angeles,2021-01-20,45828,541716,23951,312188,21877,229528,0,0,38334,344137,7464,98670,38344,442807,California
Los Angeles,2021-01-21,48762,590478,22476,334664,26286,255814,0,0,44482,384417,4216,102886,44496,487303,California
Los Angeles,2021-01-22,47975,638453,22256,356920,25719,281533,0,0,44541,425579,3389,106275,44551,531854,California
Los Angeles,2021-01-23,33995,672448,15720,372640,18275,299808,0,0,31940,455509,2022,108297,31952,563806,California
Los Angeles,2021-01-24,15749,688197,12222,384862,3527,303335,0,0,15201,470171,540,108837,15202,579008,California
Los Angeles,2021-01-25,38834,727031,16496,401358,22338,325673,0,0,30309,492000,8496,117333,30325,609333,California
Los Angeles,2021-01-26,49347,776378,24520,425878,24827,350500,0,0,41139,524986,8173,125506,41159,650492,California
Los Angeles,2021-01-27,48606,824984,25861,451739,22745,373245,0,0,39353,555244,9115,134621,39373,689865,California
Los Angeles,2021-01-28,48671,873655,23145,474884,25526,398771,0,0,40243,587195,8306,142927,40257,730122,California
Los Angeles,2021-01-29,49320,922975,25435,500319,23885,422656,0,0,39246,616736,9720,152647,39261,769383,California
Los Angeles,2021-01-30,30034,953009,15429,515748,14605,437261,0,0,25876,638535,4081,156728,25880,795263,California
Los Angeles,2021-01-31,13037,966046,10394,526142,2643,439904,0,0,12104,649724,919,157647,12108,807371,California
Los Angeles,2021-02-01,38122,1004168,16258,542400,21864,461768,0,0,27819,667283,10270,167917,27829,835200,California
Los Angeles,2021-02-02,44283,1048451,17914,560314,26369,488137,0,0,32081,687208,12159,180076,32084,867284,California
Los Angeles,2021-02-03,52183,1100634,19590,579904,32593,520730,0,0,37273,709819,14668,194744,37279,904563,California
Los Angeles,2021-02-04,57249,1157883,20743,600647,36506,557236,0,0,39116,731123,17826,212570,39130,943693,California
Los Angeles,2021-02-05,61292,1219175,21103,621750,40189,597425,0,0,39351,748960,21523,234093,39360,983053,California
Los Angeles,2021-02-06,35584,1254759,13363,635113,22221,619646,0,0,27131,767737,8377,242470,27154,1010207,California
Los Angeles,2021-02-07,10864,1265623,8439,643552,2425,622071,0,0,8457,773809,2392,244862,8464,1018671,California
Los Angeles,2021-02-08,46797,1312420,21554,665106,25243,647314,0,0,30609,788368,16052,260914,30611,1049282,California
Los Angeles,2021-02-09,55833,1368253,24612,689718,31221,678535,0,0,28384,789387,27372,288286,28391,1077673,California
Los Angeles,2021-02-10,66950,1435203,29432,719150,37518,716053,0,0,30832,784486,35743,324029,30842,1108515,California
Los Angeles,2021-02-11,58029,1493232,30882,750032,27147,743200,0,0,28009,782922,29577,353606,28013,1136528,California
Los Angeles,2021-02-12,59582,1552814,29822,779854,29760,772960,0,0,25978,775654,33262,386868,25994,1162522,California
Los Angeles,2021-02-13,33807,1586621,19622,799476,14185,787145,0,0,15465,772901,18256,405124,15503,1178025,California
Los Angeles,2021-02-14,21914,1608535,14993,814469,6921,794066,0,0,8797,768644,13057,418181,8800,1186825,California
Los Angeles,2021-02-15,32472,1641007,15865,830334,16607,810673,0,0,17801,771845,14606,432787,17807,1204632,California
Los Angeles,2021-02-16,64059,1705066,32548,862882,31511,842184,0,0,29856,767602,34111,466898,29868,1234500,California
Los Angeles,2021-02-17,64549,1769615,34346,897228,30203,872387,0,0,26408,756051,37966,504864,26415,1260915,California
Los Angeles,2021-02-18,68333,1837948,34717,931945,33616,906003,0,0,28575,745067,39570,544434,28586,1289501,California
Los Angeles,2021-02-19,58125,1896073,35914,967859,22211,928214,0,0,28476,744011,29547,573981,28491,1317992,California
Los Angeles,2021-02-20,32821,1928894,23881,991740,8940,937154,0,0,15770,742791,16998,590979,15778,1333770,California
Los Angeles,2021-02-21,16837,1945731,15176,1006916,1661,938815,0,0,8532,743067,8259,599238,8535,1342305,California
Los Angeles,2021-02-22,34383,1980114,25015,1031931,9368,948183,0,0,17761,744290,16549,615787,17772,1360077,California
Los Angeles,2021-02-23,53761,2033875,22822,1054753,30939,979122,0,0,21159,732969,32491,648278,21170,1381247,California
Los Angeles,2021-02-24,64365,2098240,28459,1083212,35906,1015028,0,0,28340,725475,35852,684130,28358,1409605,California
Los Angeles,2021-02-25,73976,2172216,33815,1117027,40161,1055189,0,0,38924,729520,34892,719022,38937,1448542,California
Los Angeles,2021-02-26,83550,2255766,38650,1155677,44900,1100089,0,0,48002,742251,35302,754324,48033,1496575,California
Los Angeles,2021-02-27,58824,2314590,25118,1180795,33702,1133791,4,4,30036,743674,28640,782964,30063,1526638,California
Los Angeles,2021-02-28,26859,2341449,18533,1199328,8325,1142116,1,5,18842,754628,7895,790859,18849,1545487,California
Los Angeles,2021-03-01,55723,2397172,31228,1230556,24473,1166589,22,27,33768,766641,21792,812651,33805,1579292,California
Los Angeles,2021-03-02,71154,2468326,31594,1262150,39558,1206147,2,29,43498,782619,27533,840184,43511,1622803,California
Los Angeles,2021-03-03,83029,2551355,41680,1303830,41339,1247486,10,39,52239,804262,30628,870812,52271,1675074,California
Los Angeles,2021-03-04,89823,2641178,45812,1349642,44000,1291486,11,50,56687,828022,32956,903768,56716,1731790,California
Los Angeles,2021-03-05,88185,2729363,42749,1392391,45407,1336893,29,79,58870,857823,29131,932899,58932,1790722,California
Los Angeles,2021-03-06,66268,2795631,33311,1425702,31139,1368032,1818,1897,42665,878854,23455,956354,44486,1835208,California
Los Angeles,2021-03-07,25782,2821413,19376,1445078,5599,1373631,807,2704,19874,893650,5880,962234,20676,1855884,California
Los Angeles,2021-03-08,51546,2872959,26740,1471818,22858,1396489,1948,4652,38765,921686,12674,974908,40710,1896594,California
Los Angeles,2021-03-09,69115,2942074,26562,1498380,39276,1435765,3277,7929,41319,938632,27641,1002549,44587,1941181,California
Los Angeles,2021-03-10,79468,3021542,37418,1535798,37181,1472946,4869,12798,49809,963784,29489,1032038,54641,1995822,California
Los Angeles,2021-03-11,92411,3113953,45022,1580820,40712,1513658,6677,19475,54138,986468,38090,1070128,60774,2056596,California
Los Angeles,2021-03-12,97476,3211429,43322,1624142,40323,1553981,13831,33306,56773,1016511,40511,1110639,70554,2127150,California
Los Angeles,2021-03-13,74069,3285498,34487,1658629,27684,1581665,11898,45204,44010,1042430,29944,1140583,55863,2183013,California
Los Angeles,2021-03-14,38114,3323612,25425,1684054,10225,1591890,2464,47668,25497,1057816,12554,1153137,27940,2210953,California
Los Angeles,2021-03-15,73658,3397270,35573,1719627,32752,1624642,5333,53001,44977,1079614,28489,1181626,50287,2261240,California
Los Angeles,2021-03-16,98531,3495801,42675,1762302,50089,1674731,5767,58768,64381,1115761,33963,1215589,70110,2331350,California
Los Angeles,2021-03-17,95807,3591608,43036,1805338,44559,1719290,8212,66980,64494,1157241,31118,1246707,72598,2403948,California
Los Angeles,2021-03-18,100212,3691820,47446,1852784,47558,1766848,5208,72188,63936,1190366,36007,1282714,69132,2473080,California
Los Angeles,2021-03-19,106839,3798659,55184,1907968,46976,1813824,4679,76867,66480,1221390,40090,1322804,71114,2544194,California
Los Angeles,2021-03-20,75150,3873809,36633,1944601,34003,1847827,4514,81381,52065,1255049,22905,1345709,56564,2600758,California
Los Angeles,2021-03-21,33602,3907411,24801,1969402,7956,1855783,845,82226,21815,1266035,11674,1357383,22660,2623418,California
Los Angeles,2021-03-22,69601,3977012,40630,2010032,26972,1882755,1999,84225,49428,1297531,19928,1377311,51424,2674842,California
Los Angeles,2021-03-23,94979,4071991,50948,2060980,40966,1923721,3065,87290,62891,1331624,31848,1409159,65941,2740783,California
Los Angeles,2021-03-24,103642,4175633,54785,2115765,45900,1969621,2957,90247,61516,1354263,41823,1450982,64462,2805245,California
Los Angeles,2021-03-25,108979,4284612,58035,2173800,47253,2016874,3691,93938,62438,1374103,46272,1497254,66112,2871357,California
Los Angeles,2021-03-26,113169,4397781,61491,2235291,47574,2064448,4104,98042,64157,1393592,48750,1546004,68239,2939596,California
Los Angeles,2021-03-27,82102,4479883,43014,2278305,36957,2101405,2131,100173,42930,1399720,38935,1584939,45063,2984659,California
Los Angeles,2021-03-28,40941,4520824,27388,2305693,12970,2114375,583,100756,20763,1401012,20053,1604992,21345,3006004,California
Los Angeles,2021-03-29,81543,4602367,45972,2351665,33971,2148346,1600,102356,46734,1414718,34623,1639615,48329,3054333,California
Los Angeles,2021-03-30,107142,4709509,50534,2402199,50847,2199193,5761,108117,65626,1444781,41298,1680913,71361,3125694,California
Los Angeles,2021-03-31,120311,4829820,60370,2462569,51423,2250616,8518,116635,70329,1473877,49711,1730624,78807,3204501,California
Los Angeles,2021-04-01,130852,4960672,61051,2523620,54944,2305560,14857,131492,71200,1500526,59373,1789997,86022,3290523,California
Los Angeles,2021-04-02,129104,5089776,57033,2580653,57149,2362709,14922,146414,69177,1525015,59614,1849611,84103,3374626,California
Los Angeles,2021-04-03,96631,5186407,44023,2624676,39531,2402240,13077,159491,48198,1537993,48265,1897876,61243,3435869,California
Los Angeles,2021-04-04,38996,5225403,20377,2645053,12026,2414266,6593,166084,16730,1539087,22197,1920073,23291,3459160,California
Los Angeles,2021-04-05,93347,5318750,44157,2689210,39044,2453310,10146,176230,44918,1545850,48245,1968318,55008,3514168,California
Los Angeles,2021-04-06,120295,5439045,56611,2745821,43522,2496832,20162,196392,55889,1557619,64178,2032496,75947,3590115,California
Los Angeles,2021-04-07,118949,5557994,54063,2799884,43956,2540788,20930,217322,54404,1568526,64314,2096810,75221,3665336,California
Los Angeles,2021-04-08,131472,5689466,57884,2857768,49675,2590463,23913,241235,59964,1581023,71248,2168058,83745,3749081,California
Los Angeles,2021-04-09,130129,5819595,56241,2914009,50097,2640560,23791,265026,56466,1587757,73393,2241451,80127,3829208,California
Los Angeles,2021-04-10,100676,5920271,42737,2956746,34040,2674600,23899,288925,37333,1585750,63129,2304580,61122,3890330,California
Los Angeles,2021-04-11,41607,5961878,22492,2979238,9601,2684201,9514,298439,14505,1582687,27033,2331613,23970,3914300,California
Los Angeles,2021-04-12,78408,6040286,38324,3017562,33814,2718015,6270,304709,32632,1575950,45587,2377200,38850,3953150,California
Los Angeles,2021-04-13,116734,6157020,58730,3076292,57582,2775597,422,305131,61816,1583485,54709,2431909,62244,4015394,California
Los Angeles,2021-04-14,117050,6274070,58783,3135075,58138,2833735,129,305260,63547,1593895,53263,2485172,63673,4079067,California
Los Angeles,2021-04-15,129122,6403192,69763,3204838,59189,2892924,170,305430,74084,1613228,54787,2539959,74120,4153187,California
Los Angeles,2021-04-16,128481,6531673,68267,3273105,60074,2952998,140,305570,67940,1620945,60297,2600256,68014,4221201,California
Los Angeles,2021-04-17,96727,6628400,50608,3323713,46094,2999092,25,305595,55028,1634482,41514,2641770,55051,4276252,California
Los Angeles,2021-04-18,33782,6662182,22400,3346113,11381,3010473,1,305596,18652,1638075,15065,2656835,18658,4294910,California
Los Angeles,2021-04-19,74482,6736664,39535,3385648,34937,3045410,10,305606,33347,1630465,40976,2697811,33366,4328276,California
Los Angeles,2021-04-20,101265,6837929,49756,3435404,51490,3096900,19,305625,50364,1630162,50687,2748498,50384,4378660,California
Los Angeles,2021-04-21,108851,6946780,52460,3487864,56202,3153102,189,305814,48488,1618763,60078,2808576,48679,4427339,California
Los Angeles,2021-04-22,114362,7061142,59031,3546895,55297,3208399,34,305848,50221,1605176,63847,2872423,50260,4477599,California
Los Angeles,2021-04-23,113276,7174418,62148,3609043,51110,3259509,18,305866,53968,1600133,59029,2931452,53986,4531585,California
Los Angeles,2021-04-24,87535,7261953,56281,3665324,31228,3290737,26,305892,48828,1610494,38499,2969951,48860,4580445,California
Los Angeles,2021-04-25,37761,7299714,25093,3690417,12663,3303400,5,305897,20407,1613646,17260,2987211,20412,4600857,California
Los Angeles,2021-04-26,68926,7368640,37098,3727515,31381,3334781,447,306344,33974,1613294,34768,3021979,34416,4635273,California
Los Angeles,2021-04-27,85966,7454606,41648,3769163,42640,3377421,1678,308022,32801,1594841,52924,3074903,34471,4669744,California
Los Angeles,2021-04-28,84269,7538875,40762,3809925,41496,3418917,2011,310033,32842,1578516,51170,3126073,34845,4704589,California
Los Angeles,2021-04-29,90570,7629445,45302,3855227,43164,3462081,2104,312137,32116,1554609,58128,3184201,34221,4738810,California
Los Angeles,2021-04-30,98359,7727804,48860,3904087,47131,3509212,2368,314505,35792,1530540,62218,3246419,38149,4776959,California
Los Angeles,2021-05-01,74697,7802501,42069,3946156,31135,3540347,1493,315998,28285,1514119,46194,3292613,29773,4806732,California
Los Angeles,2021-05-02,27903,7830404,17898,3964054,9274,3549621,731,316729,10094,1507240,17702,3310315,10823,4817555,California
Los Angeles,2021-05-03,60189,7890593,29607,3993661,28425,3578046,2157,318886,21166,1491740,38810,3349125,23310,4840865,California
Los Angeles,2021-05-04,84885,7975478,46807,4040468,35878,3613924,2200,321086,25945,1461214,58659,3407784,28133,4868998,California
Los Angeles,2021-05-05,87718,8063196,51266,4091734,34131,3648055,2321,323407,23923,1423940,63509,3471293,26235,4895233,California
Los Angeles,2021-05-06,95205,8158401,57584,4149318,35166,3683221,2455,325862,22696,1376925,72151,3543444,25136,4920369,California
Los Angeles,2021-05-07,94379,8252780,56306,4205624,35750,3718971,2323,328185,25605,1336381,68453,3611897,27909,4948278,California
Los Angeles,2021-05-08,63103,8315883,41649,4247273,19846,3738817,1608,329793,17024,1309381,45623,3657520,18623,4966901,California
Los Angeles,2021-05-09,23698,8339581,17889,4265162,5079,3743896,730,330523,6057,1298729,17435,3674955,6783,4973684,California
Los Angeles,2021-05-10,47809,8387390,25190,4290352,20796,3764692,1823,332346,14283,1281599,33228,3708183,16098,4989782,California
Los Angeles,2021-05-11,66159,8453549,35617,4325969,28586,3793278,1956,334302,16836,1251279,49093,3757276,18773,5008555,California
Los Angeles,2021-05-12,65204,8518753,35463,4361432,27827,3821105,1914,336216,18327,1224905,46599,3803875,20225,5028780,California
Los Angeles,2021-05-13,66160,8584913,40430,4401862,24343,3845448,1387,337603,23175,1206789,42670,3846545,24554,5053334,California
Los Angeles,2021-05-14,58385,8643298,39179,4441041,17985,3863433,1221,338824,18420,1186654,39769,3886314,19634,5072968,California
Madera,2020-12-16,22,22,22,22,0,0,0,0,22,22,0,0,22,22,California
Madera,2020-12-17,13,35,13,35,0,0,0,0,13,35,0,0,13,35,California
Madera,2020-12-18,60,95,60,95,0,0,0,0,60,95,0,0,60,95,California
Madera,2020-12-19,5,100,5,100,0,0,0,0,5,100,0,0,5,100,California
Madera,2020-12-20,14,114,14,114,0,0,0,0,14,114,0,0,14,114,California
Madera,2020-12-21,60,174,60,174,0,0,0,0,60,174,0,0,60,174,California
Madera,2020-12-22,98,272,96,270,2,2,0,0,98,272,0,0,98,272,California
Madera,2020-12-23,67,339,67,337,0,2,0,0,67,339,0,0,67,339,California
Madera,2020-12-24,45,384,40,377,5,7,0,0,45,384,0,0,45,384,California
Madera,2020-12-26,28,412,26,403,2,9,0,0,28,412,0,0,28,412,California
Madera,2020-12-27,30,442,12,415,18,27,0,0,30,442,0,0,30,442,California
Madera,2020-12-28,107,549,37,452,70,97,0,0,107,549,0,0,107,549,California
Madera,2020-12-29,175,724,40,492,135,232,0,0,175,724,0,0,175,724,California
Madera,2020-12-30,218,942,86,578,132,364,0,0,218,942,0,0,218,942,California
Madera,2020-12-31,200,1142,80,658,120,484,0,0,200,1142,0,0,200,1142,California
Madera,2021-01-01,1,1143,1,659,0,484,0,0,1,1143,0,0,1,1143,California
Madera,2021-01-02,89,1232,33,692,56,540,0,0,89,1232,0,0,89,1232,California
Madera,2021-01-03,5,1237,5,697,0,540,0,0,5,1237,0,0,5,1237,California
Madera,2021-01-04,129,1366,65,762,64,604,0,0,129,1366,0,0,129,1366,California
Madera,2021-01-05,279,1645,143,905,136,740,0,0,275,1637,4,4,275,1641,California
Madera,2021-01-06,184,1829,27,932,157,897,0,0,164,1781,20,24,164,1805,California
Madera,2021-01-07,396,2225,113,1045,283,1180,0,0,374,2133,22,46,374,2179,California
Madera,2021-01-08,418,2643,72,1117,346,1526,0,0,363,2443,54,100,364,2543,California
Madera,2021-01-09,37,2680,14,1131,23,1549,0,0,28,2462,9,109,28,2571,California
Madera,2021-01-10,17,2697,14,1145,3,1552,0,0,5,2455,12,121,5,2576,California
Madera,2021-01-11,237,2934,189,1334,48,1600,0,0,195,2608,42,163,195,2771,California
Madera,2021-01-12,391,3325,158,1492,233,1833,0,0,285,2787,106,269,285,3056,California
Madera,2021-01-13,185,3510,91,1583,94,1927,0,0,129,2861,56,325,130,3186,California
Madera,2021-01-14,554,4064,82,1665,472,2399,0,0,520,3347,34,359,520,3706,California
Madera,2021-01-15,599,4663,160,1825,439,2838,0,0,578,3904,21,380,578,4284,California
Madera,2021-01-16,382,5045,47,1872,335,3173,0,0,353,4228,29,409,353,4637,California
Madera,2021-01-17,335,5380,15,1887,320,3493,0,0,331,4555,4,413,331,4968,California
Madera,2021-01-18,77,5457,61,1948,16,3509,0,0,58,4595,18,431,58,5026,California
Madera,2021-01-19,571,6028,135,2083,436,3945,0,0,544,5113,27,458,545,5571,California
Madera,2021-01-20,235,6263,80,2163,155,4100,0,0,207,5293,27,485,207,5778,California
Madera,2021-01-21,238,6501,131,2294,107,4207,0,0,205,5467,31,516,205,5983,California
Madera,2021-01-22,257,6758,83,2377,174,4381,0,0,243,5696,14,530,243,6226,California
Madera,2021-01-23,100,6858,52,2429,48,4429,0,0,76,5748,24,554,76,6302,California
Madera,2021-01-24,101,6959,82,2511,19,4448,0,0,78,5803,23,577,78,6380,California
Madera,2021-01-25,255,7214,124,2635,131,4579,0,0,141,5830,114,691,141,6521,California
Madera,2021-01-26,483,7697,189,2824,294,4873,0,0,294,5937,188,879,295,6816,California
Madera,2021-01-27,737,8434,63,2887,674,5547,0,0,600,6402,137,1016,602,7418,California
Madera,2021-01-28,543,8977,107,2994,436,5983,0,0,440,6739,103,1119,440,7858,California
Madera,2021-01-29,467,9444,95,3089,372,6355,0,0,412,7096,55,1174,412,8270,California
Madera,2021-01-30,505,9949,16,3105,489,6844,0,0,451,7493,54,1228,451,8721,California
Madera,2021-01-31,9,9958,6,3111,3,6847,0,0,8,7500,1,1229,8,8729,California
Madera,2021-02-01,261,10219,77,3188,184,7031,0,0,198,7635,63,1292,198,8927,California
Madera,2021-02-02,252,10471,87,3275,165,7196,0,0,162,7709,89,1381,163,9090,California
Madera,2021-02-03,594,11065,460,3735,134,7330,0,0,474,8066,118,1499,475,9565,California
Madera,2021-02-04,390,11455,122,3857,268,7598,0,0,113,7904,276,1775,114,9679,California
Madera,2021-02-05,975,12430,297,4154,678,8276,0,0,369,7673,601,2376,370,10049,California
Madera,2021-02-06,359,12789,324,4478,35,8311,0,0,320,7955,38,2414,320,10369,California
Madera,2021-02-07,35,12824,7,4485,28,8339,0,0,30,7980,5,2419,30,10399,California
Madera,2021-02-08,384,13208,308,4793,76,8415,0,0,270,8137,113,2532,270,10669,California
Madera,2021-02-09,480,13688,119,4912,361,8776,0,0,198,8057,279,2811,199,10868,California
Madera,2021-02-10,431,14119,149,5061,282,9058,0,0,325,8276,106,2917,325,11193,California
Madera,2021-02-11,936,15055,307,5368,629,9687,0,0,407,8156,528,3445,408,11601,California
Madera,2021-02-12,843,15898,120,5488,723,10410,0,0,311,7944,526,3971,314,11915,California
Madera,2021-02-13,484,16382,43,5531,441,10851,0,0,138,7739,345,4316,140,12055,California
Madera,2021-02-14,399,16781,75,5606,324,11175,0,0,137,7615,262,4578,138,12193,California
Madera,2021-02-15,244,17025,98,5704,146,11321,0,0,175,7722,68,4646,175,12368,California
Madera,2021-02-16,774,17799,183,5887,591,11912,0,0,229,7409,543,5189,230,12598,California
Madera,2021-02-17,610,18409,274,6161,336,12248,0,0,340,7486,265,5454,342,12940,California
Madera,2021-02-18,1299,19708,540,6701,759,13007,0,0,1120,8428,179,5633,1121,14061,California
Madera,2021-02-19,859,20567,543,7244,316,13323,0,0,717,9004,142,5775,718,14779,California
Madera,2021-02-20,1071,21638,980,8224,91,13414,0,0,999,9933,71,5846,1000,15779,California
Madera,2021-02-21,962,22600,819,9043,143,13557,0,0,957,10885,5,5851,957,16736,California
Madera,2021-02-22,909,23509,833,9876,76,13633,0,0,855,11686,54,5905,855,17591,California
Madera,2021-02-23,770,24279,497,10373,273,13906,0,0,550,12017,219,6124,550,18141,California
Madera,2021-02-24,906,25185,299,10672,607,14513,0,0,377,11866,528,6652,377,18518,California
Madera,2021-02-25,1017,26202,306,10978,711,15224,0,0,586,12023,429,7081,586,19104,California
Madera,2021-02-26,1074,27276,185,11163,889,16113,0,0,698,12347,374,7455,698,19802,California
Madera,2021-02-27,872,28148,245,11408,627,16740,0,0,449,12379,420,7875,452,20254,California
Madera,2021-02-28,189,28337,29,11437,160,16900,0,0,183,12556,6,7881,183,20437,California
Madera,2021-03-01,375,28712,120,11557,255,17155,0,0,195,12573,178,8059,195,20632,California
Madera,2021-03-02,656,29368,269,11826,387,17542,0,0,543,13004,113,8172,544,21176,California
Madera,2021-03-03,1331,30699,707,12533,624,18166,0,0,929,13558,399,8571,953,22129,California
Madera,2021-03-04,1181,31880,507,13040,674,18840,0,0,936,14251,246,8817,939,23068,California
Madera,2021-03-05,1330,33210,408,13448,909,19749,13,13,1065,15077,263,9080,1089,24157,California
Madera,2021-03-06,802,34012,621,14069,149,19898,32,45,484,15277,317,9397,517,24674,California
Madera,2021-03-07,153,34165,27,14096,104,20002,22,67,103,15352,50,9447,125,24799,California
Madera,2021-03-08,597,34762,336,14432,202,20204,59,126,304,15424,293,9740,365,25164,California
Madera,2021-03-09,457,35219,160,14592,263,20467,34,160,279,15569,176,9916,321,25485,California
Madera,2021-03-10,1136,36355,511,15103,547,21014,78,238,707,15930,425,10341,786,26271,California
Madera,2021-03-11,1661,38016,844,15947,485,21499,332,570,749,16112,910,11251,1092,27363,California
Madera,2021-03-12,1528,39544,777,16724,596,22095,155,725,752,16270,774,12025,932,28295,California
Madera,2021-03-13,1814,41358,1270,17994,346,22441,198,923,747,16167,1064,13089,961,29256,California
Madera,2021-03-14,582,41940,447,18441,102,22543,33,956,292,16205,287,13376,325,29581,California
Madera,2021-03-15,738,42678,222,18663,469,23012,47,1003,514,16570,221,13597,586,30167,California
Madera,2021-03-16,825,43503,422,19085,356,23368,47,1050,642,17096,180,13777,706,30873,California
Madera,2021-03-17,1416,44919,932,20017,421,23789,63,1113,862,17565,546,14323,1015,31888,California
Madera,2021-03-18,1875,46794,649,20666,1166,24955,60,1173,911,17663,957,15280,1055,32943,California
Madera,2021-03-19,1522,48316,587,21253,851,25806,84,1257,987,18271,529,15809,1137,34080,California
Madera,2021-03-20,1132,49448,772,22025,309,26115,51,1308,582,18404,548,16357,681,34761,California
Madera,2021-03-21,1073,50521,872,22897,156,26271,45,1353,357,18094,713,17070,403,35164,California
Madera,2021-03-22,1359,51880,851,23748,440,26711,68,1421,686,18220,670,17740,796,35960,California
Madera,2021-03-23,1396,53276,839,24587,466,27177,91,1512,734,18467,660,18400,907,36867,California
Madera,2021-03-24,908,54184,472,25059,405,27582,31,1543,603,18802,303,18703,638,37505,California
Madera,2021-03-25,1128,55312,492,25551,612,28194,24,1567,648,19018,469,19172,685,38190,California
Madera,2021-03-26,1441,56753,512,26063,797,28991,132,1699,674,19066,761,19933,809,38999,California
Madera,2021-03-27,831,57584,530,26593,279,29270,22,1721,373,19010,452,20385,396,39395,California
Madera,2021-03-28,420,58004,137,26730,222,29492,61,1782,230,19165,189,20574,344,39739,California
Madera,2021-03-29,681,58685,179,26909,475,29967,27,1809,489,19497,188,20762,520,40259,California
Madera,2021-03-30,1018,59703,562,27471,424,30391,32,1841,557,19629,458,21220,590,40849,California
Madera,2021-03-31,1321,61024,488,27959,698,31089,135,1976,446,19343,869,22089,583,41432,California
Madera,2021-04-01,1254,62278,540,28499,662,31751,52,2028,442,19030,807,22896,494,41926,California
Madera,2021-04-02,1538,63816,409,28908,1070,32821,59,2087,470,18504,1057,23953,531,42457,California
Madera,2021-04-03,885,64701,689,29597,176,32997,20,2107,386,18423,497,24450,416,42873,California
Madera,2021-04-04,187,64888,65,29662,120,33117,2,2109,88,18414,99,24549,90,42963,California
Madera,2021-04-05,737,65625,256,29918,423,33540,58,2167,341,18432,395,24944,413,43376,California
Madera,2021-04-06,1691,67316,878,30796,464,34004,349,2516,634,18358,1056,26000,982,44358,California
Madera,2021-04-07,1199,68515,371,31167,679,34683,149,2665,456,18228,740,26740,610,44968,California
Madera,2021-04-08,1696,70211,655,31822,784,35467,257,2922,567,17936,1122,27862,830,45798,California
Madera,2021-04-09,1619,71830,680,32502,790,36257,149,3071,938,18351,675,28537,1090,46888,California
Madera,2021-04-10,955,72785,679,33181,209,36466,67,3138,710,18883,246,28783,778,47666,California
Madera,2021-04-11,792,73577,640,33821,74,36540,78,3216,302,18774,487,29270,378,48044,California
Madera,2021-04-12,782,74359,270,34091,434,36974,78,3294,304,18679,478,29748,383,48427,California
Madera,2021-04-13,1231,75590,608,34699,582,37556,41,3335,725,18951,504,30252,776,49203,California
Madera,2021-04-14,1365,76955,840,35539,525,38081,0,3335,583,18756,784,31036,589,49792,California
Madera,2021-04-15,1140,78095,486,36025,653,38734,1,3336,453,18536,675,31711,455,50247,California
Madera,2021-04-16,1297,79392,532,36557,765,39499,0,3336,445,18141,841,32552,446,50693,California
Madera,2021-04-17,1262,80654,1063,37620,199,39698,0,3336,822,18523,440,32992,822,51515,California
Madera,2021-04-18,244,80898,207,37827,37,39735,0,3336,99,18478,144,33136,99,51614,California
Madera,2021-04-19,802,81700,236,38063,565,40300,1,3337,274,18231,522,33658,275,51889,California
Madera,2021-04-20,869,82569,427,38490,442,40742,0,3337,237,17841,629,34287,239,52128,California
Madera,2021-04-21,852,83421,445,38935,407,41149,0,3337,297,17585,555,34842,299,52427,California
Madera,2021-04-22,1058,84479,509,39444,549,41698,0,3337,392,17316,662,35504,393,52820,California
Madera,2021-04-23,962,85441,306,39750,655,42353,1,3338,348,17056,609,36113,349,53169,California
Madera,2021-04-24,703,86144,463,40213,240,42593,0,3338,281,16920,418,36531,282,53451,California
Madera,2021-04-25,265,86409,161,40374,101,42694,3,3341,118,16899,143,36674,122,53573,California
Madera,2021-04-26,516,86925,97,40471,413,43107,6,3347,111,16613,403,37077,117,53690,California
Madera,2021-04-27,566,87491,267,40738,278,43385,21,3368,303,16676,262,37339,325,54015,California
Madera,2021-04-28,472,87963,196,40934,257,43642,19,3387,235,16694,235,37574,253,54268,California
Madera,2021-04-29,518,88481,240,41174,251,43893,27,3414,253,16716,258,37832,280,54548,California
Madera,2021-04-30,919,89400,503,41677,400,44293,16,3430,261,16340,653,38485,277,54825,California
Madera,2021-05-01,958,90358,865,42542,80,44373,13,3443,390,16175,568,39053,403,55228,California
Madera,2021-05-02,398,90756,350,42892,44,44417,4,3447,149,16079,249,39302,153,55381,California
Madera,2021-05-03,504,91260,202,43094,262,44679,40,3487,102,15822,399,39701,142,55523,California
Madera,2021-05-04,873,92133,428,43522,405,45084,40,3527,212,15413,661,40362,252,55775,California
Madera,2021-05-05,992,93125,471,43993,462,45546,59,3586,273,15028,717,41079,332,56107,California
Madera,2021-05-06,689,93814,243,44236,415,45961,31,3617,153,14681,531,41610,184,56291,California
Madera,2021-05-07,804,94618,279,44515,504,46465,21,3638,193,14288,606,42216,213,56504,California
Madera,2021-05-08,967,95585,755,45270,202,46667,10,3648,187,13706,779,42995,197,56701,California
Madera,2021-05-09,145,95730,19,45289,115,46782,11,3659,34,13641,110,43105,45,56746,California
Madera,2021-05-10,342,96072,73,45362,257,47039,12,3671,101,13514,240,43345,113,56859,California
Madera,2021-05-11,515,96587,176,45538,331,47370,8,3679,163,13335,350,43695,171,57030,California
Madera,2021-05-12,465,97052,217,45755,212,47582,36,3715,117,13141,347,44042,153,57183,California
Madera,2021-05-13,478,97530,287,46042,161,47743,30,3745,155,13006,320,44362,185,57368,California
Madera,2021-05-14,351,97881,185,46227,156,47899,10,3755,146,12959,203,44565,156,57524,California
Marin,2020-12-15,2,2,2,2,0,0,0,0,2,2,0,0,2,2,California
Marin,2020-12-16,107,109,107,109,0,0,0,0,107,109,0,0,107,109,California
Marin,2020-12-17,261,370,261,370,0,0,0,0,261,370,0,0,261,370,California
Marin,2020-12-18,373,743,373,743,0,0,0,0,373,743,0,0,373,743,California
Marin,2020-12-19,348,1091,347,1090,1,1,0,0,348,1091,0,0,348,1091,California
Marin,2020-12-20,167,1258,166,1256,1,2,0,0,167,1258,0,0,167,1258,California
Marin,2020-12-21,238,1496,235,1491,3,5,0,0,238,1496,0,0,238,1496,California
Marin,2020-12-22,521,2017,317,1808,204,209,0,0,521,2017,0,0,521,2017,California
Marin,2020-12-23,730,2747,321,2129,409,618,0,0,730,2747,0,0,730,2747,California
Marin,2020-12-24,357,3104,159,2288,198,816,0,0,357,3104,0,0,357,3104,California
Marin,2020-12-25,27,3131,0,2288,27,843,0,0,27,3131,0,0,27,3131,California
Marin,2020-12-26,143,3274,93,2381,50,893,0,0,143,3274,0,0,143,3274,California
Marin,2020-12-27,92,3366,55,2436,37,930,0,0,92,3366,0,0,92,3366,California
Marin,2020-12-28,408,3774,99,2535,309,1239,0,0,408,3774,0,0,408,3774,California
Marin,2020-12-29,402,4176,88,2623,314,1553,0,0,402,4176,0,0,402,4176,California
Marin,2020-12-30,626,4802,388,3011,238,1791,0,0,626,4802,0,0,626,4802,California
Marin,2020-12-31,197,4999,34,3045,163,1954,0,0,197,4999,0,0,197,4999,California
Marin,2021-01-01,17,5016,7,3052,10,1964,0,0,17,5016,0,0,17,5016,California
Marin,2021-01-02,108,5124,102,3154,6,1970,0,0,108,5124,0,0,108,5124,California
Marin,2021-01-03,54,5178,36,3190,18,1988,0,0,51,5175,0,0,51,5175,California
Marin,2021-01-04,296,5474,192,3382,104,2092,0,0,295,5469,1,1,295,5470,California
Marin,2021-01-05,369,5843,222,3604,147,2239,0,0,326,5752,43,44,326,5796,California
Marin,2021-01-06,819,6662,318,3922,501,2740,0,0,641,6215,178,222,641,6437,California
Marin,2021-01-07,890,7552,503,4425,387,3127,0,0,543,6411,347,569,543,6980,California
Marin,2021-01-08,970,8522,514,4939,456,3583,0,0,594,6630,375,944,594,7574,California
Marin,2021-01-09,620,9142,224,5163,396,3979,0,0,488,6986,132,1076,488,8062,California
Marin,2021-01-10,129,9271,100,5263,29,4008,0,0,55,6967,74,1150,55,8117,California
Marin,2021-01-11,468,9739,326,5589,142,4150,0,0,248,6997,220,1370,250,8367,California
Marin,2021-01-12,934,10673,538,6127,396,4546,0,0,567,7200,364,1734,567,8934,California
Marin,2021-01-13,1177,11850,499,6626,678,5224,0,0,939,7901,238,1972,939,9873,California
Marin,2021-01-14,1068,12918,318,6944,750,5974,0,0,918,8671,148,2120,918,10791,California
Marin,2021-01-15,1157,14075,354,7298,803,6777,0,0,1027,9570,129,2249,1028,11819,California
Marin,2021-01-16,1121,15196,914,8212,207,6984,0,0,1047,10543,74,2323,1047,12866,California
Marin,2021-01-17,1232,16428,1113,9325,119,7103,0,0,1203,11721,28,2351,1206,14072,California
Marin,2021-01-18,360,16788,159,9484,201,7304,0,0,309,11979,51,2402,309,14381,California
Marin,2021-01-19,1154,17942,912,10396,242,7546,0,0,982,12790,171,2573,982,15363,California
Marin,2021-01-20,1792,19734,1210,11606,582,8128,0,0,1062,13133,719,3292,1062,16425,California
Marin,2021-01-21,1685,21419,1060,12666,625,8753,0,0,1331,14115,351,3643,1333,17758,California
Marin,2021-01-22,1700,23119,1088,13754,612,9365,0,0,1532,15479,168,3811,1532,19290,California
Marin,2021-01-23,1844,24963,1342,15096,502,9867,0,0,1755,17146,88,3899,1755,21045,California
Marin,2021-01-24,615,25578,166,15262,449,10316,0,0,583,17697,32,3931,583,21628,California
Marin,2021-01-25,1129,26707,229,15491,900,11216,0,0,694,17957,435,4366,695,22323,California
Marin,2021-01-26,1505,28212,783,16274,722,11938,0,0,1130,18713,374,4740,1130,23453,California
Marin,2021-01-27,1714,29926,886,17160,828,12766,0,0,1352,19706,360,5100,1353,24806,California
Marin,2021-01-28,2080,32006,1071,18231,1009,13775,0,0,1816,21260,263,5363,1817,26623,California
Marin,2021-01-29,2195,34201,1446,19677,749,14524,0,0,1990,23058,193,5556,1991,28614,California
Marin,2021-01-30,1721,35922,906,20583,815,15339,0,0,1642,24622,79,5635,1643,30257,California
Marin,2021-01-31,458,36380,321,20904,137,15476,0,0,432,25028,26,5661,432,30689,California
Marin,2021-02-01,1092,37472,417,21321,675,16151,0,0,893,25723,199,5860,894,31583,California
Marin,2021-02-02,1351,38823,463,21784,888,17039,0,0,722,25827,618,6478,722,32305,California
Marin,2021-02-03,1781,40604,430,22214,1351,18390,0,0,1255,26557,525,7003,1255,33560,California
Marin,2021-02-04,1540,42144,513,22727,1027,19417,0,0,937,26894,600,7603,937,34497,California
Marin,2021-02-05,2181,44325,684,23411,1497,20914,0,0,1343,27403,834,8437,1343,35840,California
Marin,2021-02-06,1427,45752,851,24262,576,21490,0,0,605,27187,821,9258,605,36445,California
Marin,2021-02-07,1290,47042,1008,25270,282,21772,0,0,488,26874,801,10059,488,36933,California
Marin,2021-02-08,1521,48563,754,26024,767,22539,0,0,726,26807,793,10852,726,37659,California
Marin,2021-02-09,1781,50344,1122,27146,659,23198,0,0,835,26696,946,11798,835,38494,California
Marin,2021-02-10,2340,52684,1493,28639,847,24045,0,0,1217,26793,1121,12919,1218,39712,California
Marin,2021-02-11,2869,55553,1643,30282,1226,25271,0,0,1454,26841,1409,14328,1457,41169,California
Marin,2021-02-12,3064,58617,1540,31822,1524,26795,0,0,1563,26906,1498,15826,1563,42732,California
Marin,2021-02-13,2338,60955,1243,33065,1095,27890,0,0,1130,26830,1206,17032,1130,43862,California
Marin,2021-02-14,812,61767,302,33367,510,28400,0,0,719,27457,93,17125,720,44582,California
Marin,2021-02-15,1215,62982,355,33722,860,29260,0,0,835,27914,379,17504,836,45418,California
Marin,2021-02-16,2465,65447,1057,34779,1408,30668,0,0,1504,28458,960,18464,1504,46922,California
Marin,2021-02-17,2100,67547,942,35721,1158,31826,0,0,1087,28535,1011,19475,1088,48010,California
Marin,2021-02-18,2417,69964,1582,37303,835,32661,0,0,1058,28235,1358,20833,1058,49068,California
Marin,2021-02-19,2762,72726,2157,39460,605,33266,0,0,1220,27927,1529,22362,1221,50289,California
Marin,2021-02-20,2566,75292,2112,41572,454,33720,0,0,1217,27803,1342,23704,1218,51507,California
Marin,2021-02-21,1285,76577,1092,42664,193,33913,0,0,908,28338,373,24077,908,52415,California
Marin,2021-02-22,1830,78407,1410,44074,420,34333,0,0,1216,28942,612,24689,1216,53631,California
Marin,2021-02-23,2836,81243,1615,45689,1221,35554,0,0,1908,29933,918,25607,1909,55540,California
Marin,2021-02-24,3510,84753,1609,47298,1901,37455,0,0,2251,30933,1252,26859,2252,57792,California
Marin,2021-02-25,3934,88687,1811,49109,2123,39578,0,0,2776,32559,1151,28010,2777,60569,California
Marin,2021-02-26,3495,92182,1890,50999,1605,41183,0,0,2536,34149,947,28957,2537,63106,California
Marin,2021-02-27,2611,94793,1494,52493,1117,42300,0,0,1777,35097,831,29788,1779,64885,California
Marin,2021-02-28,1380,96173,919,53412,461,42761,0,0,1043,35806,334,30122,1043,65928,California
Marin,2021-03-01,2497,98670,1550,54962,947,43708,0,0,1679,36673,812,30934,1679,67607,California
Marin,2021-03-02,2452,101122,1612,56574,839,44547,1,1,1699,37623,750,31684,1700,69307,California
Marin,2021-03-03,4320,105442,2402,58976,1914,46461,4,5,2798,38909,1516,33200,2802,72109,California
Marin,2021-03-04,3353,108795,1651,60627,1701,48162,1,6,2340,40247,1006,34206,2344,74453,California
Marin,2021-03-05,3039,111834,1142,61769,1885,50047,12,18,1781,40786,1254,35460,1793,76246,California
Marin,2021-03-06,3219,115053,2306,64075,835,50882,78,96,2645,42939,569,36029,2722,78968,California
Marin,2021-03-07,1373,116426,1153,65228,196,51078,24,120,983,43560,386,36415,1007,79975,California
Marin,2021-03-08,1875,118301,1370,66598,388,51466,117,237,1406,44617,466,36881,1523,81498,California
Marin,2021-03-09,2101,120402,1220,67818,774,52240,107,344,1429,45483,670,37551,1536,83034,California
Marin,2021-03-10,4405,124807,2460,70278,1662,53902,283,627,3175,47717,1226,38777,3460,86494,California
Marin,2021-03-11,4567,129374,1876,72154,2556,56458,135,762,3273,49838,1287,40064,3408,89902,California
Marin,2021-03-12,3979,133353,1539,73693,2084,58542,356,1118,1566,49358,2402,42466,1922,91824,California
Marin,2021-03-13,4095,137448,2858,76551,1165,59707,72,1190,2420,50172,1673,44139,2487,94311,California
Marin,2021-03-14,2274,139722,1096,77647,1061,60768,117,1307,726,49468,1546,45685,842,95153,California
Marin,2021-03-15,3232,142954,1765,79412,1419,62187,48,1355,1219,48732,2002,47687,1266,96419,California
Marin,2021-03-16,4304,147258,2316,81728,1624,63811,364,1719,1524,47841,2777,50464,1886,98305,California
Marin,2021-03-17,4176,151434,2265,83993,1866,65677,45,1764,2055,47830,2110,52574,2099,100404,California
Marin,2021-03-18,4486,155920,2259,86252,2152,67829,75,1839,2250,47932,2220,54794,2322,102726,California
Marin,2021-03-19,4468,160388,2283,88535,1966,69795,219,2058,2429,48549,2029,56823,2646,105372,California
Marin,2021-03-20,3575,163963,1981,90516,1480,71275,114,2172,2032,49160,1536,58359,2147,107519,California
Marin,2021-03-21,1536,165499,1131,91647,380,71655,25,2197,800,49251,734,59093,825,108344,California
Marin,2021-03-22,2468,167967,2134,93781,169,71824,165,2362,993,48938,1471,60564,1158,109502,California
Marin,2021-03-23,4248,172215,2200,95981,1918,73742,130,2492,1929,48684,2313,62877,2059,111561,California
Marin,2021-03-24,4422,176637,2900,98881,1418,75160,104,2596,1801,47977,2610,65487,1903,113464,California
Marin,2021-03-25,4644,181281,2836,101717,1740,76900,68,2664,2269,47950,2362,67849,2335,115799,California
Marin,2021-03-26,4290,185571,2329,104046,1747,78647,214,2878,2421,48733,1852,69701,2635,118434,California
Marin,2021-03-27,3708,189279,2661,106707,1028,79675,19,2897,1152,47366,2546,72247,1179,119613,California
Marin,2021-03-28,2381,191660,1720,108427,655,80330,6,2903,1105,47207,1270,73517,1111,120724,California
Marin,2021-03-29,2687,194347,2092,110519,570,80900,25,2928,1185,46918,1500,75017,1211,121935,California
Marin,2021-03-30,4654,199001,3644,114163,977,81877,33,2961,3054,48408,1597,76614,3087,125022,California
Marin,2021-03-31,5803,204804,4107,118270,1647,83524,49,3010,2578,47824,3213,79827,2629,127651,California
Marin,2021-04-01,4414,209218,2278,120548,1885,85409,251,3261,2124,47919,2281,82108,2376,130027,California
Marin,2021-04-02,3705,212923,1841,122389,1500,86909,364,3625,1983,48550,1715,83823,2346,132373,California
Marin,2021-04-03,3861,216784,2532,124921,958,87867,371,3996,1480,48036,2369,86192,1855,134228,California
Marin,2021-04-04,1644,218428,1234,126155,207,88074,203,4199,1200,48997,442,86634,1403,135631,California
Marin,2021-04-05,2196,220624,1526,127681,299,88373,371,4570,1267,49709,924,87558,1636,137267,California
Marin,2021-04-06,3949,224573,2109,129790,1290,89663,550,5120,2193,50698,1751,89309,2740,140007,California
Marin,2021-04-07,3921,228494,1986,131776,1296,90959,639,5759,1434,50291,2480,91789,2073,142080,California
Marin,2021-04-08,4998,233492,1957,133733,2434,93393,607,6366,2283,50465,2706,94495,2880,144960,California
Marin,2021-04-09,3955,237447,1544,135277,1686,95079,725,7091,1304,49845,2646,97141,2026,146986,California
Marin,2021-04-10,3185,240632,1461,136738,1292,96371,432,7523,1435,49970,1740,98881,1865,148851,California
Marin,2021-04-11,1058,241690,803,137541,93,96464,162,7685,474,50023,582,99463,635,149486,California
Marin,2021-04-12,1735,243425,1235,138776,340,96804,160,7845,925,50302,807,100270,1086,150572,California
Marin,2021-04-13,3711,247136,2272,141048,1432,98236,7,7852,1347,49302,2354,102624,1354,151926,California
Marin,2021-04-14,4159,251295,2480,143528,1676,99912,3,7855,1712,48577,2438,105062,1713,153639,California
Marin,2021-04-15,5556,256851,3935,147463,1621,101533,0,7855,3180,49394,2364,107426,3181,156820,California
Marin,2021-04-16,4241,261092,2236,149699,2002,103535,3,7858,2062,49293,2167,109593,2066,158886,California
Marin,2021-04-17,3523,264615,2153,151852,1370,104905,0,7858,1761,49298,1756,111349,1761,160647,California
Marin,2021-04-18,3178,267793,3075,154927,103,105008,0,7858,2541,51205,634,111983,2541,163188,California
Marin,2021-04-19,2016,269809,1847,156774,169,105177,0,7858,1159,51512,854,112837,1161,164349,California
Marin,2021-04-20,3693,273502,2553,159327,1140,106317,0,7858,1473,50772,2214,115051,1474,165823,California
Marin,2021-04-21,4002,277504,2943,162270,1056,107373,3,7861,1377,49540,2610,117661,1378,167201,California
Marin,2021-04-22,4212,281716,3211,165481,1001,108374,0,7861,1485,48309,2719,120380,1488,168689,California
Marin,2021-04-23,3227,284943,1828,167309,1399,109773,0,7861,1235,47558,1987,122367,1236,169925,California
Marin,2021-04-24,2522,287465,1692,169001,829,110602,1,7862,926,46898,1587,123954,927,170852,California
Marin,2021-04-25,1387,288852,1269,170270,118,110720,0,7862,311,46139,1070,125024,311,171163,California
Marin,2021-04-26,1548,290400,1348,171618,197,110917,3,7865,349,45295,1197,126221,353,171516,California
Marin,2021-04-27,2967,293367,2169,173787,760,111677,38,7903,970,44311,1988,128209,1004,172520,California
Marin,2021-04-28,2295,295662,1583,175370,664,112341,48,7951,723,43512,1569,129778,770,173290,California
Marin,2021-04-29,2871,298533,1967,177337,842,113183,62,8013,787,42284,2077,131855,849,174139,California
Marin,2021-04-30,1949,300482,1274,178611,587,113770,88,8101,698,41825,1245,133100,786,174925,California
Marin,2021-05-01,1809,302291,1003,179614,783,114553,23,8124,523,41092,1279,134379,546,175471,California
Marin,2021-05-02,724,303015,587,180201,108,114661,29,8153,200,40800,520,134899,228,175699,California
Marin,2021-05-03,1213,304228,988,181189,170,114831,55,8208,263,40170,947,135846,317,176016,California
Marin,2021-05-04,2916,307144,1959,183148,867,115698,90,8298,468,38287,2441,138287,558,176574,California
Marin,2021-05-05,2716,309860,1994,185142,600,116298,122,8420,441,36581,2269,140556,563,177137,California
Marin,2021-05-06,3253,313113,2529,187671,636,116934,88,8508,426,34275,2819,143375,513,177650,California
Marin,2021-05-07,2026,315139,1540,189211,400,117334,86,8594,378,33097,1640,145015,462,178112,California
Marin,2021-05-08,2463,317602,1858,191069,483,117817,122,8716,338,31440,2117,147132,460,178572,California
Marin,2021-05-09,987,318589,901,191970,65,117882,21,8737,118,30715,865,147997,140,178712,California
Marin,2021-05-10,1404,319993,1149,193119,186,118068,69,8806,200,29783,1200,149197,268,178980,California
Marin,2021-05-11,2282,322275,1835,194954,393,118461,54,8860,292,28140,1988,151185,345,179325,California
Marin,2021-05-12,1380,323655,1023,195977,288,118749,69,8929,268,27368,1107,152292,335,179660,California
Marin,2021-05-13,2403,326058,2091,198068,260,119009,52,8981,1275,27572,1122,153414,1326,180986,California
Marin,2021-05-14,1216,327274,649,198717,508,119517,59,9040,425,27273,783,154197,484,181470,California
Mariposa,2020-12-17,37,37,37,37,0,0,0,0,39,39,0,0,39,39,California
Mariposa,2020-12-18,55,92,55,92,0,0,0,0,56,95,0,0,56,95,California
Mariposa,2020-12-20,2,94,2,94,0,0,0,0,2,97,0,0,2,97,California
Mariposa,2020-12-21,48,142,48,142,0,0,0,0,53,150,0,0,53,150,California
Mariposa,2020-12-22,5,147,5,147,0,0,0,0,5,155,0,0,5,155,California
Mariposa,2020-12-23,16,163,16,163,0,0,0,0,16,171,0,0,16,171,California
Mariposa,2020-12-24,1,164,0,163,1,1,0,0,0,171,0,0,0,171,California
Mariposa,2020-12-26,1,165,1,164,0,1,0,0,1,172,0,0,1,172,California
Mariposa,2020-12-27,1,166,0,164,1,2,0,0,1,173,0,0,1,173,California
Mariposa,2020-12-28,6,172,3,167,3,5,0,0,6,179,0,0,6,179,California
Mariposa,2020-12-29,33,205,3,170,30,35,0,0,33,212,0,0,33,212,California
Mariposa,2020-12-30,25,230,4,174,21,56,0,0,25,237,0,0,25,237,California
Mariposa,2020-12-31,16,246,0,174,16,72,0,0,16,253,0,0,16,253,California
Mariposa,2021-01-02,1,247,1,175,0,72,0,0,1,254,0,0,1,254,California
Mariposa,2021-01-04,8,255,1,176,7,79,0,0,8,262,0,0,8,262,California
Mariposa,2021-01-05,24,279,14,190,10,89,0,0,14,266,10,10,14,276,California
Mariposa,2021-01-06,6,285,3,193,3,92,0,0,3,266,3,13,3,279,California
Mariposa,2021-01-07,51,336,46,239,5,97,0,0,5,225,46,59,5,284,California
Mariposa,2021-01-08,108,444,79,318,29,126,0,0,33,183,75,134,33,317,California
Mariposa,2021-01-09,1,445,0,318,1,127,0,0,1,184,0,134,1,318,California
Mariposa,2021-01-11,31,476,10,328,21,148,0,0,23,199,8,142,23,341,California
Mariposa,2021-01-12,19,495,4,332,15,163,0,0,15,210,4,146,15,356,California
Mariposa,2021-01-13,21,516,4,336,17,180,0,0,18,225,3,149,18,374,California
Mariposa,2021-01-14,73,589,7,343,66,246,0,0,67,286,6,155,67,441,California
Mariposa,2021-01-15,67,656,26,369,41,287,0,0,57,333,10,165,57,498,California
Mariposa,2021-01-16,14,670,2,371,12,299,0,0,13,345,1,166,13,511,California
Mariposa,2021-01-17,2,672,0,371,2,301,0,0,2,347,0,166,2,513,California
Mariposa,2021-01-18,3,675,3,374,0,301,0,0,1,346,2,168,1,514,California
Mariposa,2021-01-19,8,683,4,378,4,305,0,0,5,349,2,170,5,519,California
Mariposa,2021-01-20,23,706,1,379,22,327,0,0,22,370,1,171,22,541,California
Mariposa,2021-01-21,65,771,7,386,58,385,0,0,61,427,4,175,61,602,California
Mariposa,2021-01-22,56,827,2,388,54,439,0,0,56,483,0,175,56,658,California
Mariposa,2021-01-23,116,943,2,390,114,553,0,0,115,597,1,176,115,773,California
Mariposa,2021-01-24,2,945,2,392,0,553,0,0,2,599,0,176,2,775,California
Mariposa,2021-01-25,4,949,1,393,3,556,0,0,0,595,4,180,0,775,California
Mariposa,2021-01-26,36,985,4,397,32,588,0,0,4,571,32,212,8,783,California
Mariposa,2021-01-27,23,1008,1,398,22,610,0,0,13,574,10,222,13,796,California
Mariposa,2021-01-28,126,1134,3,401,123,733,0,0,113,675,12,234,113,909,California
Mariposa,2021-01-29,84,1218,22,423,62,795,0,0,83,757,1,235,83,992,California
Mariposa,2021-01-30,9,1227,1,424,8,803,0,0,8,764,1,236,8,1000,California
Mariposa,2021-01-31,1,1228,0,424,1,804,0,0,1,765,0,236,1,1001,California
Mariposa,2021-02-01,87,1315,30,454,57,861,0,0,66,810,21,257,66,1067,California
Mariposa,2021-02-02,15,1330,3,457,12,873,0,0,9,813,6,263,9,1076,California
Mariposa,2021-02-03,20,1350,1,458,19,892,0,0,14,821,6,269,14,1090,California
Mariposa,2021-02-04,97,1447,8,466,89,981,0,0,92,910,4,273,93,1183,California
Mariposa,2021-02-05,190,1637,5,471,185,1166,0,0,164,1048,26,299,164,1347,California
Mariposa,2021-02-06,11,1648,4,475,7,1173,0,0,10,1057,1,300,10,1357,California
Mariposa,2021-02-07,1,1649,0,475,1,1174,0,0,1,1058,0,300,1,1358,California
Mariposa,2021-02-08,40,1689,2,477,38,1212,0,0,21,1060,19,319,21,1379,California
Mariposa,2021-02-09,43,1732,25,502,18,1230,0,0,37,1091,6,325,37,1416,California
Mariposa,2021-02-10,28,1760,5,507,23,1253,0,0,17,1104,10,335,23,1439,California
Mariposa,2021-02-11,375,2135,5,512,370,1623,0,0,361,1454,14,349,364,1803,California
Mariposa,2021-02-12,185,2320,8,520,177,1800,0,0,141,1551,44,393,141,1944,California
Mariposa,2021-02-13,11,2331,3,523,8,1808,0,0,9,1558,2,395,9,1953,California
Mariposa,2021-02-14,8,2339,4,527,4,1812,0,0,5,1560,3,398,5,1958,California
Mariposa,2021-02-15,9,2348,3,530,6,1818,0,0,7,1565,2,400,7,1965,California
Mariposa,2021-02-16,57,2405,34,564,23,1841,0,0,34,1576,23,423,34,1999,California
Mariposa,2021-02-17,36,2441,8,572,28,1869,0,0,27,1596,8,431,28,2027,California
Mariposa,2021-02-18,57,2498,7,579,50,1919,0,0,20,1579,37,468,20,2047,California
Mariposa,2021-02-19,82,2580,3,582,79,1998,0,0,77,1651,5,473,77,2124,California
Mariposa,2021-02-20,252,2832,4,586,248,2246,0,0,222,1844,29,502,222,2346,California
Mariposa,2021-02-21,236,3068,3,589,233,2479,0,0,235,2078,1,503,235,2581,California
Mariposa,2021-02-22,23,3091,7,596,16,2495,0,0,21,2097,2,505,21,2602,California
Mariposa,2021-02-23,42,3133,36,632,6,2501,0,0,25,2105,17,522,25,2627,California
Mariposa,2021-02-24,20,3153,3,635,17,2518,0,0,8,2102,11,533,8,2635,California
Mariposa,2021-02-25,17,3170,8,643,9,2527,0,0,11,2107,6,539,11,2646,California
Mariposa,2021-02-26,421,3591,7,650,414,2941,0,0,360,2407,61,600,361,3007,California
Mariposa,2021-02-27,171,3762,5,655,166,3107,0,0,160,2556,11,611,160,3167,California
Mariposa,2021-02-28,2,3764,1,656,1,3108,0,0,0,2554,2,613,0,3167,California
Mariposa,2021-03-01,82,3846,26,682,56,3164,0,0,17,2507,64,677,17,3184,California
Mariposa,2021-03-02,21,3867,14,696,7,3171,0,0,11,2509,9,686,11,3195,California
Mariposa,2021-03-03,70,3937,5,701,65,3236,0,0,66,2572,4,690,67,3262,California
Mariposa,2021-03-04,37,3974,9,710,28,3264,0,0,20,2576,17,707,21,3283,California
Mariposa,2021-03-05,55,4029,9,719,46,3310,0,0,38,2602,17,724,43,3326,California
Mariposa,2021-03-06,15,4044,6,725,9,3319,0,0,7,2601,8,732,7,3333,California
Mariposa,2021-03-07,1,4045,1,726,0,3319,0,0,0,2600,1,733,0,3333,California
Mariposa,2021-03-08,38,4083,4,730,23,3342,11,11,9,2591,29,762,20,3353,California
Mariposa,2021-03-09,45,4128,18,748,17,3359,10,21,14,2584,31,793,24,3377,California
Mariposa,2021-03-10,30,4158,9,757,11,3370,10,31,9,2582,21,814,19,3396,California
Mariposa,2021-03-11,468,4626,6,763,443,3813,19,50,226,2589,241,1055,248,3644,California
Mariposa,2021-03-12,254,4880,8,771,219,4032,27,77,114,2589,140,1195,140,3784,California
Mariposa,2021-03-13,32,4912,6,777,11,4043,15,92,11,2593,21,1216,25,3809,California
Mariposa,2021-03-14,17,4929,2,779,4,4047,11,103,3,2593,14,1230,14,3823,California
Mariposa,2021-03-15,76,5005,7,786,31,4078,38,141,31,2617,45,1275,69,3892,California
Mariposa,2021-03-16,82,5087,32,818,15,4093,35,176,24,2618,58,1333,59,3951,California
Mariposa,2021-03-17,71,5158,10,828,53,4146,8,184,51,2658,19,1352,59,4010,California
Mariposa,2021-03-18,66,5224,15,843,41,4187,10,194,41,2684,25,1377,51,4061,California
Mariposa,2021-03-19,338,5562,11,854,322,4509,5,199,303,2957,35,1412,308,4369,California
Mariposa,2021-03-20,425,5987,5,859,418,4927,2,201,46,2627,379,1791,49,4418,California
Mariposa,2021-03-21,14,6001,8,867,5,4932,1,202,9,2633,4,1795,10,4428,California
Mariposa,2021-03-22,36,6037,7,874,21,4953,8,210,24,2654,12,1807,33,4461,California
Mariposa,2021-03-23,53,6090,33,907,10,4963,10,220,32,2675,21,1828,42,4503,California
Mariposa,2021-03-24,55,6145,5,912,48,5011,2,222,50,2722,5,1833,52,4555,California
Mariposa,2021-03-25,75,6220,15,927,52,5063,8,230,53,2763,20,1853,61,4616,California
Mariposa,2021-03-26,488,6708,9,936,478,5541,1,231,252,2780,236,2089,253,4869,California
Mariposa,2021-03-27,226,6934,8,944,218,5759,0,231,90,2737,136,2225,93,4962,California
Mariposa,2021-03-28,5,6939,0,944,2,5761,3,234,1,2737,4,2229,4,4966,California
Mariposa,2021-03-29,19,6958,6,950,13,5774,0,234,12,2742,7,2236,12,4978,California
Mariposa,2021-03-30,36,6994,13,963,7,5781,16,250,13,2748,23,2259,29,5007,California
Mariposa,2021-03-31,89,7083,16,979,66,5847,7,257,69,2804,20,2279,76,5083,California
Mariposa,2021-04-01,53,7136,9,988,36,5883,8,265,33,2825,20,2299,41,5124,California
Mariposa,2021-04-02,347,7483,11,999,334,6217,2,267,307,3095,39,2338,309,5433,California
Mariposa,2021-04-03,10,7493,7,1006,3,6220,0,267,5,3095,5,2343,5,5438,California
Mariposa,2021-04-04,2,7495,1,1007,0,6220,1,268,0,3094,2,2345,1,5439,California
Mariposa,2021-04-05,32,7527,23,1030,6,6226,3,271,16,3097,16,2361,19,5458,California
Mariposa,2021-04-06,44,7571,20,1050,8,6234,16,287,14,3098,29,2390,30,5488,California
Mariposa,2021-04-07,97,7668,6,1056,72,6306,19,306,28,3076,69,2459,47,5535,California
Mariposa,2021-04-08,276,7944,13,1069,244,6550,19,325,141,3104,133,2592,161,5696,California
Mariposa,2021-04-09,37,7981,9,1078,13,6563,15,340,10,3102,27,2619,25,5721,California
Mariposa,2021-04-10,201,8182,3,1081,188,6751,10,350,186,3284,13,2632,195,5916,California
Mariposa,2021-04-11,124,8306,4,1085,118,6869,2,352,57,3277,67,2699,60,5976,California
Mariposa,2021-04-12,42,8348,13,1098,27,6896,2,354,13,3263,29,2728,15,5991,California
Mariposa,2021-04-13,53,8401,45,1143,8,6904,0,354,34,3278,19,2747,34,6025,California
Mariposa,2021-04-14,112,8513,7,1150,105,7009,0,354,58,3283,53,2800,58,6083,California
Mariposa,2021-04-15,56,8569,16,1166,40,7049,0,354,41,3312,12,2812,41,6124,California
Mariposa,2021-04-16,381,8950,11,1177,370,7419,0,354,106,3143,275,3087,106,6230,California
Mariposa,2021-04-17,10,8960,5,1182,5,7424,0,354,7,3147,3,3090,7,6237,California
Mariposa,2021-04-18,6,8966,0,1182,6,7430,0,354,3,3147,3,3093,3,6240,California
Mariposa,2021-04-19,56,9022,25,1207,31,7461,0,354,29,3151,25,3118,29,6269,California
Mariposa,2021-04-20,62,9084,49,1256,13,7474,0,354,39,3169,21,3139,39,6308,California
Mariposa,2021-04-21,89,9173,13,1269,76,7550,0,354,41,3163,47,3186,41,6349,California
Mariposa,2021-04-22,47,9220,8,1277,39,7589,0,354,37,3191,9,3195,37,6386,California
Mariposa,2021-04-23,314,9534,69,1346,245,7834,0,354,145,3168,169,3364,146,6532,California
Mariposa,2021-04-24,105,9639,10,1356,95,7929,0,354,42,3148,62,3426,42,6574,California
Mariposa,2021-04-26,15,9654,10,1366,5,7934,0,354,5,3143,10,3436,5,6579,California
Mariposa,2021-04-27,31,9685,16,1382,14,7948,1,355,15,3147,12,3448,16,6595,California
Mariposa,2021-04-28,73,9758,13,1395,53,8001,7,362,28,3137,45,3493,35,6630,California
Mariposa,2021-04-29,84,9842,12,1407,71,8072,1,363,79,3212,5,3498,80,6710,California
Mariposa,2021-04-30,209,10051,5,1412,199,8271,5,368,63,3134,146,3644,68,6778,California
Mariposa,2021-05-01,1,10052,1,1413,0,8271,0,368,0,3133,1,3645,0,6778,California
Mariposa,2021-05-02,3,10055,2,1415,0,8271,1,369,0,3131,3,3648,1,6779,California
Mariposa,2021-05-03,15,10070,12,1427,2,8273,1,370,7,3132,7,3655,8,6787,California
Mariposa,2021-05-04,50,10120,31,1458,15,8288,4,374,36,3158,14,3669,40,6827,California
Mariposa,2021-05-05,54,10174,8,1466,44,8332,2,376,17,3140,37,3706,19,6846,California
Mariposa,2021-05-06,54,10228,34,1500,14,8346,6,382,37,3166,17,3723,43,6889,California
Mariposa,2021-05-07,23,10251,7,1507,13,8359,3,385,13,3172,10,3733,16,6905,California
Mariposa,2021-05-08,281,10532,4,1511,277,8636,0,385,34,2961,247,3980,36,6941,California
Mariposa,2021-05-09,2,10534,1,1512,1,8637,0,385,0,2959,2,3982,0,6941,California
Mariposa,2021-05-10,18,10552,8,1520,8,8645,2,387,3,2949,15,3997,5,6946,California
Mariposa,2021-05-11,28,10580,19,1539,9,8654,0,387,20,2962,7,4004,20,6966,California
Mariposa,2021-05-12,9,10589,4,1543,2,8656,3,390,1,2958,8,4012,4,6970,California
Mariposa,2021-05-13,16,10605,8,1551,6,8662,2,392,8,2960,8,4020,10,6980,California
Mariposa,2021-05-14,161,10766,120,1671,40,8702,1,393,99,2998,62,4082,100,7080,California
Mendocino,2020-12-17,70,70,70,70,0,0,0,0,70,70,0,0,70,70,California
Mendocino,2020-12-18,85,155,84,154,1,1,0,0,84,154,0,0,84,154,California
Mendocino,2020-12-19,4,159,4,158,0,1,0,0,4,158,0,0,4,158,California
Mendocino,2020-12-20,7,166,7,165,0,1,0,0,7,165,0,0,7,165,California
Mendocino,2020-12-21,241,407,241,406,0,1,0,0,77,242,0,0,77,242,California
Mendocino,2020-12-22,251,658,190,596,61,62,0,0,251,493,0,0,251,493,California
Mendocino,2020-12-23,270,928,47,643,223,285,0,0,269,762,0,0,269,762,California
Mendocino,2020-12-24,49,977,8,651,41,326,0,0,49,811,0,0,49,811,California
Mendocino,2020-12-25,1,978,0,651,1,327,0,0,1,812,0,0,1,812,California
Mendocino,2020-12-26,2,980,2,653,0,327,0,0,2,814,0,0,2,814,California
Mendocino,2020-12-27,1,981,0,653,1,328,0,0,1,815,0,0,1,815,California
Mendocino,2020-12-28,74,1055,9,662,65,393,0,0,74,889,0,0,74,889,California
Mendocino,2020-12-29,122,1177,61,723,61,454,0,0,122,1011,0,0,122,1011,California
Mendocino,2020-12-30,123,1300,68,791,55,509,0,0,123,1134,0,0,123,1134,California
Mendocino,2020-12-31,132,1432,97,888,35,544,0,0,132,1266,0,0,132,1266,California
Mendocino,2021-01-01,8,1440,6,894,2,546,0,0,8,1274,0,0,8,1274,California
Mendocino,2021-01-04,839,2279,19,913,820,1366,0,0,839,2113,0,0,839,2113,California
Mendocino,2021-01-05,72,2351,36,949,36,1402,0,0,59,2159,13,13,59,2172,California
Mendocino,2021-01-06,155,2506,133,1082,22,1424,0,0,145,2294,10,23,145,2317,California
Mendocino,2021-01-07,358,2864,238,1320,120,1544,0,0,295,2526,63,86,295,2612,California
Mendocino,2021-01-08,95,2959,82,1402,13,1557,0,0,41,2514,54,140,42,2654,California
Mendocino,2021-01-09,10,2969,6,1408,4,1561,0,0,8,2520,2,142,8,2662,California
Mendocino,2021-01-10,8,2977,8,1416,0,1561,0,0,1,2514,7,149,1,2663,California
Mendocino,2021-01-11,101,3078,92,1508,9,1570,0,0,43,2500,57,206,43,2706,California
Mendocino,2021-01-12,385,3463,375,1883,10,1580,0,0,269,2653,116,322,269,2975,California
Mendocino,2021-01-13,487,3950,145,2028,342,1922,0,0,445,3059,40,362,446,3421,California
Mendocino,2021-01-14,639,4589,20,2048,619,2541,0,0,630,3680,9,371,630,4051,California
Mendocino,2021-01-15,1859,6448,861,2909,998,3539,0,0,1854,5530,5,376,1855,5906,California
Mendocino,2021-01-16,791,7239,50,2959,741,4280,0,0,789,6317,2,378,789,6695,California
Mendocino,2021-01-17,553,7792,1,2960,552,4832,0,0,552,6868,1,379,552,7247,California
Mendocino,2021-01-18,487,8279,462,3422,25,4857,0,0,475,7331,12,391,475,7722,California
Mendocino,2021-01-19,334,8613,148,3570,186,5043,0,0,158,7313,176,567,158,7880,California
Mendocino,2021-01-20,554,9167,407,3977,147,5190,0,0,448,7658,104,671,449,8329,California
Mendocino,2021-01-21,538,9705,225,4202,313,5503,0,0,352,7825,185,856,352,8681,California
Mendocino,2021-01-22,149,9854,58,4260,91,5594,0,0,110,7896,39,895,110,8791,California
Mendocino,2021-01-23,156,10010,84,4344,72,5666,0,0,150,8040,6,901,150,8941,California
Mendocino,2021-01-24,5,10015,3,4347,2,5668,0,0,5,8045,0,901,5,8946,California
Mendocino,2021-01-25,191,10206,18,4365,173,5841,0,0,121,8096,70,971,121,9067,California
Mendocino,2021-01-26,155,10361,55,4420,100,5941,0,0,95,8131,60,1031,95,9162,California
Mendocino,2021-01-27,441,10802,371,4791,70,6011,0,0,175,8047,259,1290,175,9337,California
Mendocino,2021-01-28,590,11392,526,5317,64,6075,0,0,495,8448,94,1384,495,9832,California
Mendocino,2021-01-29,392,11784,351,5668,41,6116,0,0,363,8783,29,1413,364,10196,California
Mendocino,2021-01-30,49,11833,31,5699,18,6134,0,0,42,8818,7,1420,42,10238,California
Mendocino,2021-01-31,273,12106,2,5701,271,6405,0,0,3,8551,270,1690,3,10241,California
Mendocino,2021-02-01,381,12487,52,5753,329,6734,0,0,59,8288,322,2012,59,10300,California
Mendocino,2021-02-02,725,13212,505,6258,220,6954,0,0,366,8295,359,2371,366,10666,California
Mendocino,2021-02-03,390,13602,205,6463,185,7139,0,0,221,8349,167,2538,221,10887,California
Mendocino,2021-02-04,624,14226,529,6992,95,7234,0,0,500,8725,124,2662,500,11387,California
Mendocino,2021-02-05,1301,15527,1213,8205,88,7322,0,0,583,8592,716,3378,583,11970,California
Mendocino,2021-02-06,559,16086,158,8363,401,7723,0,0,544,9121,15,3393,544,12514,California
Mendocino,2021-02-07,32,16118,28,8391,4,7727,0,0,32,9153,0,3393,32,12546,California
Mendocino,2021-02-08,746,16864,714,9105,32,7759,0,0,285,8977,461,3854,285,12831,California
Mendocino,2021-02-09,141,17005,58,9163,83,7842,0,0,89,9014,52,3906,89,12920,California
Mendocino,2021-02-10,1487,18492,923,10086,564,8406,0,0,742,9018,738,4644,742,13662,California
Mendocino,2021-02-11,1142,19634,208,10294,934,9340,0,0,279,8434,863,5507,279,13941,California
Mendocino,2021-02-12,1416,21050,163,10457,1253,10593,0,0,643,8311,772,6279,649,14590,California
Mendocino,2021-02-13,496,21546,12,10469,484,11077,0,0,103,8027,392,6671,108,14698,California
Mendocino,2021-02-14,693,22239,3,10472,690,11767,0,0,134,7602,559,7230,134,14832,California
Mendocino,2021-02-15,330,22569,42,10514,288,12055,0,0,175,7622,155,7385,175,15007,California
Mendocino,2021-02-16,201,22770,51,10565,150,12205,0,0,130,7681,71,7456,130,15137,California
Mendocino,2021-02-17,1351,24121,1189,11754,162,12367,0,0,876,8084,473,7929,876,16013,California
Mendocino,2021-02-18,1787,25908,641,12395,1146,13513,0,0,1221,8740,565,8494,1221,17234,California
Mendocino,2021-02-19,750,26658,146,12541,604,14117,0,0,611,9212,139,8633,611,17845,California
Mendocino,2021-02-20,571,27229,545,13086,26,14143,0,0,540,9723,29,8662,540,18385,California
Mendocino,2021-02-21,325,27554,6,13092,319,14462,0,0,313,10025,11,8673,313,18698,California
Mendocino,2021-02-22,162,27716,30,13122,132,14594,0,0,69,10003,91,8764,69,18767,California
Mendocino,2021-02-23,679,28395,666,13788,13,14607,0,0,613,10552,64,8828,613,19380,California
Mendocino,2021-02-24,1839,30234,1759,15547,80,14687,0,0,1431,11582,403,9231,1433,20813,California
Mendocino,2021-02-25,1707,31941,532,16079,1175,15862,0,0,1287,12450,419,9650,1287,22100,California
Mendocino,2021-02-26,1402,33343,748,16827,654,16516,0,0,1039,13128,361,10011,1039,23139,California
Mendocino,2021-02-27,199,33542,151,16978,48,16564,0,0,76,13082,122,10133,76,23215,California
Mendocino,2021-02-28,36,33578,14,16992,22,16586,0,0,24,13094,12,10145,24,23239,California
Mendocino,2021-03-01,578,34156,534,17526,44,16630,0,0,539,13596,37,10182,539,23778,California
Mendocino,2021-03-02,73,34229,26,17552,47,16677,0,0,41,13606,31,10213,41,23819,California
Mendocino,2021-03-03,1715,35944,1331,18883,384,17061,0,0,1081,14055,632,10845,1081,24900,California
Mendocino,2021-03-04,1770,37714,147,19030,1623,18684,0,0,1552,15393,215,11060,1553,26453,California
Mendocino,2021-03-05,211,37925,151,19181,51,18735,9,9,120,15434,88,11148,129,26582,California
Mendocino,2021-03-06,244,38169,21,19202,198,18933,25,34,203,15622,40,11188,228,26810,California
Mendocino,2021-03-07,505,38674,8,19210,477,19410,20,54,118,15373,386,11574,137,26947,California
Mendocino,2021-03-08,125,38799,30,19240,58,19468,37,91,64,15415,59,11633,101,27048,California
Mendocino,2021-03-09,576,39375,236,19476,299,19767,41,132,478,15836,98,11731,519,27567,California
Mendocino,2021-03-10,1111,40486,981,20457,65,19832,65,197,268,15332,840,12571,336,27903,California
Mendocino,2021-03-11,825,41311,611,21068,160,19992,54,251,395,15354,427,12998,449,28352,California
Mendocino,2021-03-12,2023,43334,1032,22100,896,20888,95,346,1213,15859,803,13801,1308,29660,California
Mendocino,2021-03-13,655,43989,525,22625,73,20961,57,403,98,15461,553,14354,155,29815,California
Mendocino,2021-03-14,104,44093,2,22627,95,21056,7,410,11,15390,89,14443,18,29833,California
Mendocino,2021-03-15,597,44690,50,22677,489,21545,58,468,208,15267,388,14831,265,30098,California
Mendocino,2021-03-16,571,45261,374,23051,151,21696,46,514,139,15022,430,15261,185,30283,California
Mendocino,2021-03-17,1562,46823,1359,24410,55,21751,148,662,213,14044,1346,16607,368,30651,California
Mendocino,2021-03-18,1310,48133,247,24657,1025,22776,38,700,284,13349,1018,17625,323,30974,California
Mendocino,2021-03-19,1757,49890,857,25514,839,23615,61,761,332,12323,1421,19046,395,31369,California
Mendocino,2021-03-20,68,49958,10,25524,37,23652,21,782,12,12300,56,19102,33,31402,California
Mendocino,2021-03-21,8,49966,1,25525,2,23654,5,787,3,12303,5,19107,8,31410,California
Mendocino,2021-03-22,624,50590,580,26105,15,23669,29,816,146,12003,474,19581,174,31584,California
Mendocino,2021-03-23,165,50755,33,26138,102,23771,30,846,115,12098,50,19631,145,31729,California
Mendocino,2021-03-24,913,51668,840,26978,26,23797,47,893,114,11462,797,20428,161,31890,California
Mendocino,2021-03-25,1990,53658,50,27028,1920,25717,20,913,175,9844,1811,22239,193,32083,California
Mendocino,2021-03-26,509,54167,359,27387,125,25842,25,938,324,10008,185,22424,349,32432,California
Mendocino,2021-03-27,143,54310,13,27400,118,25960,12,950,81,10039,61,22485,92,32524,California
Mendocino,2021-03-28,25,54335,5,27405,16,25976,4,954,3,10025,21,22506,7,32531,California
Mendocino,2021-03-29,187,54522,99,27504,46,26022,42,996,96,10072,91,22597,138,32669,California
Mendocino,2021-03-30,686,55208,601,28105,48,26070,37,1033,411,10246,274,22871,448,33117,California
Mendocino,2021-03-31,871,56079,274,28379,537,26607,60,1093,405,10248,464,23335,466,33583,California
Mendocino,2021-04-01,1711,57790,400,28779,1232,27839,79,1172,385,9395,1318,24653,465,34048,California
Mendocino,2021-04-02,1286,59076,1057,29836,156,27995,73,1245,224,8634,1058,25711,297,34345,California
Mendocino,2021-04-03,706,59782,9,29845,676,28671,21,1266,84,8122,618,26329,106,34451,California
Mendocino,2021-04-04,69,59851,34,29879,29,28700,6,1272,54,8167,15,26344,60,34511,California
Mendocino,2021-04-05,212,60063,142,30021,46,28746,24,1296,132,8240,80,26424,153,34664,California
Mendocino,2021-04-06,396,60459,121,30142,180,28926,95,1391,107,8153,289,26713,202,34866,California
Mendocino,2021-04-07,484,60943,176,30318,63,28989,245,1636,119,8153,363,27076,363,35229,California
Mendocino,2021-04-08,1489,62432,911,31229,463,29452,115,1751,1000,8785,483,27559,1115,36344,California
Mendocino,2021-04-09,756,63188,425,31654,170,29622,161,1912,395,8981,360,27919,556,36900,California
Mendocino,2021-04-10,404,63592,91,31745,267,29889,46,1958,100,8823,304,28223,146,37046,California
Mendocino,2021-04-11,122,63714,47,31792,19,29908,56,2014,59,8875,63,28286,115,37161,California
Mendocino,2021-04-12,621,64335,513,32305,48,29956,60,2074,415,9144,206,28492,475,37636,California
Mendocino,2021-04-13,289,64624,226,32531,63,30019,0,2074,222,9299,67,28559,222,37858,California
Mendocino,2021-04-14,514,65138,424,32955,90,30109,0,2074,412,9609,102,28661,412,38270,California
Mendocino,2021-04-15,656,65794,326,33281,330,30439,0,2074,395,9747,257,28918,395,38665,California
Mendocino,2021-04-16,124,65918,51,33332,72,30511,1,2075,77,9778,46,28964,77,38742,California
Mendocino,2021-04-17,198,66116,12,33344,186,30697,0,2075,70,9722,126,29090,70,38812,California
Mendocino,2021-04-18,9,66125,4,33348,5,30702,0,2075,6,9725,3,29093,6,38818,California
Mendocino,2021-04-19,538,66663,513,33861,24,30726,1,2076,432,10053,105,29198,433,39251,California
Mendocino,2021-04-20,417,67080,290,34151,127,30853,0,2076,261,10158,156,29354,261,39512,California
Mendocino,2021-04-21,192,67272,133,34284,58,30911,1,2077,114,10195,77,29431,114,39626,California
Mendocino,2021-04-22,489,67761,314,34598,174,31085,1,2078,321,10350,166,29597,321,39947,California
Mendocino,2021-04-23,848,68609,706,35304,142,31227,0,2078,691,10886,155,29752,691,40638,California
Mendocino,2021-04-24,108,68717,14,35318,94,31321,0,2078,101,10980,7,29759,101,40739,California
Mendocino,2021-04-25,56,68773,32,35350,20,31341,4,2082,18,10964,38,29797,22,40761,California
Mendocino,2021-04-26,293,69066,227,35577,61,31402,5,2087,192,11061,100,29897,197,40958,California
Mendocino,2021-04-27,201,69267,89,35666,85,31487,27,2114,92,11071,108,30005,118,41076,California
Mendocino,2021-04-28,219,69486,147,35813,53,31540,19,2133,126,11123,93,30098,145,41221,California
Mendocino,2021-04-29,1137,70623,840,36653,282,31822,15,2148,106,10215,1029,31127,121,41342,California
Mendocino,2021-04-30,608,71231,386,37039,212,32034,10,2158,229,10075,379,31506,239,41581,California
Mendocino,2021-05-01,470,71701,434,37473,30,32064,6,2164,366,10344,103,31609,372,41953,California
Mendocino,2021-05-02,56,71757,47,37520,6,32070,3,2167,9,10310,46,31655,12,41965,California
Mendocino,2021-05-03,134,71891,75,37595,38,32108,21,2188,39,10276,94,31749,60,42025,California
Mendocino,2021-05-04,377,72268,252,37847,92,32200,33,2221,140,10212,237,31986,173,42198,California
Mendocino,2021-05-05,869,73137,785,38632,69,32269,15,2236,219,9797,649,32635,234,42432,California
Mendocino,2021-05-06,628,73765,380,39012,226,32495,22,2258,152,9497,474,33109,174,42606,California
Mendocino,2021-05-07,179,73944,36,39048,119,32614,24,2282,117,9577,61,33170,141,42747,California
Mendocino,2021-05-08,124,74068,4,39052,119,32733,1,2283,109,9672,15,33185,110,42857,California
Mendocino,2021-05-09,20,74088,5,39057,14,32747,1,2284,3,9659,17,33202,4,42861,California
Mendocino,2021-05-10,232,74320,149,39206,78,32825,5,2289,142,9716,90,33292,147,43008,California
Mendocino,2021-05-11,273,74593,141,39347,115,32940,17,2306,129,9717,144,33436,145,43153,California
Mendocino,2021-05-12,125,74718,79,39426,38,32978,8,2314,36,9674,87,33523,44,43197,California
Mendocino,2021-05-13,1175,75893,1085,40511,76,33054,14,2328,290,9093,885,34408,304,43501,California
Mendocino,2021-05-14,513,76406,420,40931,43,33097,50,2378,93,8820,416,34824,143,43644,California
Merced,2020-12-16,3,3,3,3,0,0,0,0,3,3,0,0,3,3,California
Merced,2020-12-17,5,8,5,8,0,0,0,0,5,8,0,0,5,8,California
Merced,2020-12-18,143,151,143,151,0,0,0,0,143,151,0,0,143,151,California
Merced,2020-12-19,39,190,39,190,0,0,0,0,39,190,0,0,39,190,California
Merced,2020-12-20,17,207,17,207,0,0,0,0,17,207,0,0,17,207,California
Merced,2020-12-21,125,332,122,329,3,3,0,0,125,332,0,0,125,332,California
Merced,2020-12-22,152,484,152,481,0,3,0,0,152,484,0,0,152,484,California
Merced,2020-12-23,248,732,242,723,6,9,0,0,248,732,0,0,248,732,California
Merced,2020-12-24,72,804,72,795,0,9,0,0,72,804,0,0,72,804,California
Merced,2020-12-25,4,808,4,799,0,9,0,0,4,808,0,0,4,808,California
Merced,2020-12-26,6,814,3,802,3,12,0,0,6,814,0,0,6,814,California
Merced,2020-12-27,12,826,11,813,1,13,0,0,12,826,0,0,12,826,California
Merced,2020-12-28,123,949,98,911,25,38,0,0,123,949,0,0,123,949,California
Merced,2020-12-29,180,1129,124,1035,56,94,0,0,180,1129,0,0,180,1129,California
Merced,2020-12-30,214,1343,89,1124,125,219,0,0,214,1343,0,0,214,1343,California
Merced,2020-12-31,103,1446,34,1158,69,288,0,0,103,1446,0,0,103,1446,California
Merced,2021-01-01,4,1450,0,1158,4,292,0,0,4,1450,0,0,4,1450,California
Merced,2021-01-02,128,1578,117,1275,11,303,0,0,128,1578,0,0,128,1578,California
Merced,2021-01-03,9,1587,5,1280,4,307,0,0,9,1587,0,0,9,1587,California
Merced,2021-01-04,80,1667,42,1322,38,345,0,0,80,1667,0,0,80,1667,California
Merced,2021-01-05,319,1986,231,1553,88,433,0,0,313,1976,6,6,315,1982,California
Merced,2021-01-06,253,2239,103,1656,150,583,0,0,247,2217,6,12,247,2229,California
Merced,2021-01-07,184,2423,80,1736,104,687,0,0,174,2380,11,23,174,2403,California
Merced,2021-01-08,527,2950,393,2129,134,821,0,0,376,2606,150,173,376,2779,California
Merced,2021-01-09,23,2973,10,2139,13,834,0,0,17,2617,6,179,17,2796,California
Merced,2021-01-10,11,2984,7,2146,4,838,0,0,7,2620,4,183,7,2803,California
Merced,2021-01-11,226,3210,167,2313,59,897,0,0,102,2600,124,307,104,2907,California
Merced,2021-01-12,282,3492,159,2472,123,1020,0,0,232,2781,51,358,232,3139,California
Merced,2021-01-13,372,3864,173,2645,199,1219,0,0,221,2854,151,509,224,3363,California
Merced,2021-01-14,324,4188,200,2845,124,1343,0,0,159,2850,164,673,160,3523,California
Merced,2021-01-15,578,4766,127,2972,451,1794,0,0,540,3353,39,712,542,4065,California
Merced,2021-01-16,203,4969,122,3094,81,1875,0,0,198,3546,5,717,198,4263,California
Merced,2021-01-17,50,5019,12,3106,38,1913,0,0,49,3594,1,718,49,4312,California
Merced,2021-01-18,261,5280,126,3232,135,2048,0,0,239,3814,22,740,242,4554,California
Merced,2021-01-19,710,5990,586,3818,124,2172,0,0,539,4186,171,911,543,5097,California
Merced,2021-01-20,571,6561,466,4284,105,2277,0,0,514,4646,57,968,517,5614,California
Merced,2021-01-21,1007,7568,647,4931,360,2637,0,0,908,5458,99,1067,911,6525,California
Merced,2021-01-22,1305,8873,686,5617,619,3256,0,0,1278,6721,27,1094,1290,7815,California
Merced,2021-01-23,307,9180,185,5802,122,3378,0,0,202,6818,105,1199,202,8017,California
Merced,2021-01-24,32,9212,14,5816,18,3396,0,0,23,6833,8,1207,23,8040,California
Merced,2021-01-25,727,9939,241,6057,486,3882,0,0,668,7444,58,1265,669,8709,California
Merced,2021-01-26,914,10853,484,6541,430,4312,0,0,673,7904,214,1479,674,9383,California
Merced,2021-01-27,979,11832,582,7123,397,4709,0,0,812,8551,165,1644,812,10195,California
Merced,2021-01-28,1139,12971,593,7716,546,5255,0,0,1017,9447,122,1766,1018,11213,California
Merced,2021-01-29,846,13817,321,8037,525,5780,0,0,600,9811,239,2005,603,11816,California
Merced,2021-01-30,259,14076,27,8064,232,6012,0,0,243,10038,16,2021,243,12059,California
Merced,2021-01-31,46,14122,10,8074,36,6048,0,0,45,10082,1,2022,45,12104,California
Merced,2021-02-01,374,14496,52,8126,322,6370,0,0,325,10360,48,2070,326,12430,California
Merced,2021-02-02,295,14791,181,8307,114,6484,0,0,176,10420,117,2187,177,12607,California
Merced,2021-02-03,347,15138,71,8378,276,6760,0,0,168,10409,179,2366,168,12775,California
Merced,2021-02-04,372,15510,147,8525,225,6985,0,0,241,10521,130,2496,242,13017,California
Merced,2021-02-05,512,16022,172,8697,340,7325,0,0,272,10556,239,2735,274,13291,California
Merced,2021-02-06,389,16411,219,8916,170,7495,0,0,246,10661,142,2877,247,13538,California
Merced,2021-02-07,21,16432,13,8929,8,7503,0,0,14,10668,7,2884,14,13552,California
Merced,2021-02-08,280,16712,197,9126,83,7586,0,0,170,10730,109,2993,171,13723,California
Merced,2021-02-09,1215,17927,955,10081,260,7846,0,0,772,11068,435,3428,773,14496,California
Merced,2021-02-10,1852,19779,1431,11512,421,8267,0,0,1273,11772,569,3997,1273,15769,California
Merced,2021-02-11,2503,22282,2007,13519,496,8763,0,0,1815,12908,679,4676,1815,17584,California
Merced,2021-02-12,1714,23996,1013,14532,701,9464,0,0,746,12697,959,5635,748,18332,California
Merced,2021-02-13,361,24357,206,14738,155,9619,0,0,262,12863,98,5733,264,18596,California
Merced,2021-02-14,117,24474,26,14764,91,9710,0,0,96,12939,21,5754,97,18693,California
Merced,2021-02-15,272,24746,40,14804,232,9942,0,0,168,13010,98,5852,169,18862,California
Merced,2021-02-16,1214,25960,843,15647,371,10313,0,0,838,13492,358,6210,840,19702,California
Merced,2021-02-17,1875,27835,1630,17277,245,10558,0,0,1314,14261,548,6758,1317,21019,California
Merced,2021-02-18,1209,29044,819,18096,390,10948,0,0,406,13885,782,7540,406,21425,California
Merced,2021-02-19,1262,30306,413,18509,849,11797,0,0,537,13705,719,8259,539,21964,California
Merced,2021-02-20,276,30582,31,18540,245,12042,0,0,142,13715,132,8391,142,22106,California
Merced,2021-02-21,76,30658,62,18602,14,12056,0,0,32,13703,44,8435,32,22138,California
Merced,2021-02-22,831,31489,293,18895,538,12594,0,0,483,13840,346,8781,483,22621,California
Merced,2021-02-23,1080,32569,421,19316,659,13253,0,0,638,14041,437,9218,638,23259,California
Merced,2021-02-24,817,33386,303,19619,514,13767,0,0,445,14124,363,9581,446,23705,California
Merced,2021-02-25,1762,35148,870,20489,892,14659,0,0,1310,14987,449,10030,1312,25017,California
Merced,2021-02-26,2149,37297,1376,21865,773,15432,0,0,1737,16315,410,10440,1738,26755,California
Merced,2021-02-27,2527,39824,1102,22967,1425,16857,0,0,2242,18273,284,10724,2242,28997,California
Merced,2021-02-28,307,40131,72,23039,235,17092,0,0,252,18474,51,10775,252,29249,California
Merced,2021-03-01,1117,41248,281,23320,835,17927,1,1,776,18919,332,11107,777,30026,California
Merced,2021-03-02,1750,42998,907,24227,842,18769,1,2,1362,19903,379,11486,1363,31389,California
Merced,2021-03-03,2214,45212,1728,25955,485,19254,1,3,1457,20622,740,12226,1459,32848,California
Merced,2021-03-04,2881,48093,2267,28222,612,19866,2,5,1911,21583,953,13179,1914,34762,California
Merced,2021-03-05,2065,50158,1194,29416,847,20713,24,29,1528,22611,525,13704,1553,36315,California
Merced,2021-03-06,1165,51323,662,30078,481,21194,22,51,909,23287,255,13959,931,37246,California
Merced,2021-03-07,229,51552,65,30143,139,21333,25,76,200,23483,29,13988,225,37471,California
Merced,2021-03-08,1387,52939,789,30932,533,21866,65,141,1175,24510,212,14200,1239,38710,California
Merced,2021-03-09,1691,54630,996,31928,588,22454,107,248,1097,25126,589,14789,1205,39915,California
Merced,2021-03-10,2688,57318,1861,33789,627,23081,200,448,1616,25888,1058,15847,1820,41735,California
Merced,2021-03-11,1937,59255,690,34479,1043,24124,204,652,1220,26632,702,16549,1446,43181,California
Merced,2021-03-12,2196,61451,900,35379,1028,25152,268,920,1482,27684,710,17259,1762,44943,California
Merced,2021-03-13,720,62171,309,35688,168,25320,243,1163,412,28040,300,17559,656,45599,California
Merced,2021-03-14,249,62420,136,35824,83,25403,30,1193,149,28121,99,17658,180,45779,California
Merced,2021-03-15,1501,63921,493,36317,753,26156,255,1448,985,28851,509,18167,1239,47018,California
Merced,2021-03-16,1442,65363,695,37012,521,26677,226,1674,958,29559,475,18642,1183,48201,California
Merced,2021-03-17,1959,67322,1057,38069,724,27401,178,1852,1511,30810,440,19082,1691,49892,California
Merced,2021-03-18,2040,69362,1171,39240,722,28123,147,1999,1390,31722,638,19720,1550,51442,California
Merced,2021-03-19,2660,72022,1449,40689,1018,29141,193,2192,1383,32033,1266,20986,1577,53019,California
Merced,2021-03-20,2413,74435,1485,42174,533,29674,395,2587,956,31934,1454,22440,1355,54374,California
Merced,2021-03-21,556,74991,343,42517,200,29874,13,2600,436,32265,120,22560,451,54825,California
Merced,2021-03-22,1262,76253,629,43146,557,30431,76,2676,887,32862,368,22928,965,55790,California
Merced,2021-03-23,1827,78080,1101,44247,662,31093,64,2740,1345,33794,478,23406,1410,57200,California
Merced,2021-03-24,1426,79506,893,45140,498,31591,35,2775,949,34307,472,23878,985,58185,California
Merced,2021-03-25,3304,82810,2272,47412,1011,32602,21,2796,2079,35193,1217,25095,2103,60288,California
Merced,2021-03-26,1930,84740,1084,48496,812,33414,34,2830,889,35082,1033,26128,922,61210,California
Merced,2021-03-27,3222,87962,1869,50365,1205,34619,148,2978,1487,34995,1723,27851,1636,62846,California
Merced,2021-03-28,517,88479,213,50578,297,34916,7,2985,213,34915,302,28153,222,63068,California
Merced,2021-03-29,1797,90276,754,51332,878,35794,165,3150,667,34628,1123,29276,836,63904,California
Merced,2021-03-30,2144,92420,800,52132,1285,37079,59,3209,990,34528,1150,30426,1050,64954,California
Merced,2021-03-31,2124,94544,1400,53532,686,37765,38,3247,952,34362,1157,31583,991,65945,California
Merced,2021-04-01,2182,96726,1020,54552,1037,38802,125,3372,999,34311,1177,32760,1126,67071,California
Merced,2021-04-02,2331,99057,636,55188,1292,40094,403,3775,782,33966,1532,34292,1187,68258,California
Merced,2021-04-03,903,99960,426,55614,464,40558,13,3788,496,34075,403,34695,512,68770,California
Merced,2021-04-04,369,100329,143,55757,222,40780,4,3792,141,33995,227,34922,147,68917,California
Merced,2021-04-05,1264,101593,600,56357,453,41233,211,4003,417,33782,840,35762,627,69544,California
Merced,2021-04-06,2419,104012,897,57254,695,41928,827,4830,904,34001,1511,37273,1730,71274,California
Merced,2021-04-07,1650,105662,886,58140,657,42585,107,4937,585,33643,1052,38325,694,71968,California
Merced,2021-04-08,2274,107936,1169,59309,890,43475,215,5152,813,33238,1431,39756,1026,72994,California
Merced,2021-04-09,1680,109616,473,59782,632,44107,575,5727,562,33275,1102,40858,1139,74133,California
Merced,2021-04-10,694,110310,362,60144,144,44251,188,5915,176,33124,513,41371,362,74495,California
Merced,2021-04-11,488,110798,281,60425,72,44323,135,6050,147,33068,339,41710,283,74778,California
Merced,2021-04-12,1415,112213,928,61353,364,44687,123,6173,813,33437,567,42277,936,75714,California
Merced,2021-04-13,2027,114240,1450,62803,574,45261,3,6176,938,33380,1001,43278,944,76658,California
Merced,2021-04-14,2041,116281,1208,64011,833,46094,0,6176,903,33278,1007,44285,905,77563,California
Merced,2021-04-15,3015,119296,1974,65985,1041,47135,0,6176,957,32407,1832,46117,961,78524,California
Merced,2021-04-16,2357,121653,1149,67134,1208,48343,0,6176,965,32076,1296,47413,965,79489,California
Merced,2021-04-17,1458,123111,811,67945,647,48990,0,6176,364,31352,1089,48502,365,79854,California
Merced,2021-04-18,465,123576,246,68191,219,49209,0,6176,188,31290,250,48752,188,80042,California
Merced,2021-04-19,1323,124899,743,68934,580,49789,0,6176,702,31465,527,49279,702,80744,California
Merced,2021-04-20,1408,126307,732,69666,676,50465,0,6176,783,31691,558,49837,784,81528,California
Merced,2021-04-21,1463,127770,880,70546,583,51048,0,6176,748,31835,604,50441,748,82276,California
Merced,2021-04-22,1603,129373,739,71285,864,51912,0,6176,773,31859,749,51190,773,83049,California
Merced,2021-04-23,1628,131001,667,71952,961,52873,0,6176,882,32042,700,51890,883,83932,California
Merced,2021-04-24,568,131569,398,72350,170,53043,0,6176,388,32255,176,52066,389,84321,California
Merced,2021-04-25,325,131894,185,72535,140,53183,0,6176,191,32314,132,52198,191,84512,California
Merced,2021-04-26,1177,133071,512,73047,665,53848,0,6176,613,32398,531,52729,615,85127,California
Merced,2021-04-27,1531,134602,675,73722,846,54694,10,6186,620,32183,846,53575,631,85758,California
Merced,2021-04-28,1363,135965,675,74397,679,55373,9,6195,781,32413,561,54136,791,86549,California
Merced,2021-04-29,1389,137354,588,74985,776,56149,25,6220,647,32354,733,54869,674,87223,California
Merced,2021-04-30,1423,138777,603,75588,776,56925,44,6264,727,32433,693,55562,772,87995,California
Merced,2021-05-01,555,139332,240,75828,311,57236,4,6268,257,32399,295,55857,261,88256,California
Merced,2021-05-02,291,139623,117,75945,159,57395,15,6283,128,32380,163,56020,144,88400,California
Merced,2021-05-03,773,140396,530,76475,196,57591,47,6330,270,32221,497,56517,338,88738,California
Merced,2021-05-04,1004,141400,536,77011,416,58007,52,6382,364,32001,636,57153,416,89154,California
Merced,2021-05-05,1151,142551,712,77723,363,58370,76,6458,484,31904,657,57810,560,89714,California
Merced,2021-05-06,895,143446,463,78186,383,58753,49,6507,300,31663,590,58400,349,90063,California
Merced,2021-05-07,867,144313,259,78445,567,59320,41,6548,358,31559,505,58905,401,90464,California
Merced,2021-05-08,396,144709,200,78645,160,59480,36,6584,181,31562,214,59119,217,90681,California
Merced,2021-05-09,215,144924,107,78752,100,59580,8,6592,103,31562,111,59230,111,90792,California
Merced,2021-05-10,687,145611,350,79102,301,59881,36,6628,190,31292,496,59726,226,91018,California
Merced,2021-05-11,1094,146705,649,79751,398,60279,47,6675,420,31090,669,60395,467,91485,California
Merced,2021-05-12,831,147536,496,80247,299,60578,36,6711,234,30767,593,60988,270,91755,California
Merced,2021-05-13,678,148214,349,80596,294,60872,35,6746,238,30603,438,61426,274,92029,California
Merced,2021-05-14,378,148592,203,80799,152,61024,23,6769,193,30636,183,61609,216,92245,California
Modoc,2020-12-16,1,1,1,1,0,0,0,0,1,1,0,0,1,1,California
Modoc,2020-12-21,99,100,99,100,0,0,0,0,99,100,0,0,99,100,California
Modoc,2020-12-22,14,114,14,114,0,0,0,0,14,114,0,0,14,114,California
Modoc,2020-12-23,4,118,4,118,0,0,0,0,4,118,0,0,4,118,California
Modoc,2020-12-24,1,119,1,119,0,0,0,0,1,119,0,0,1,119,California
Modoc,2020-12-28,2,121,2,121,0,0,0,0,2,121,0,0,2,121,California
Modoc,2020-12-29,10,131,1,122,9,9,0,0,10,131,0,0,10,131,California
Modoc,2020-12-30,7,138,0,122,7,16,0,0,7,138,0,0,7,138,California
Modoc,2021-01-02,3,141,1,123,2,18,0,0,3,141,0,0,3,141,California
Modoc,2021-01-04,8,149,0,123,8,26,0,0,8,149,0,0,8,149,California
Modoc,2021-01-05,2,151,1,124,1,27,0,0,2,151,0,0,2,151,California
Modoc,2021-01-06,3,154,2,126,1,28,0,0,2,152,1,1,2,153,California
Modoc,2021-01-07,72,226,0,126,72,100,0,0,72,224,0,1,72,225,California
Modoc,2021-01-08,105,331,0,126,105,205,0,0,105,329,0,1,105,330,California
Modoc,2021-01-10,1,332,1,127,0,205,0,0,0,328,1,2,0,330,California
Modoc,2021-01-11,90,422,81,208,9,214,0,0,19,276,71,73,19,349,California
Modoc,2021-01-12,94,516,25,233,69,283,0,0,68,318,26,99,68,417,California
Modoc,2021-01-13,24,540,4,237,20,303,0,0,22,338,2,101,22,439,California
Modoc,2021-01-14,129,669,6,243,123,426,0,0,124,457,5,106,124,563,California
Modoc,2021-01-15,6,675,1,244,5,431,0,0,6,463,0,106,6,569,California
Modoc,2021-01-16,1,676,1,245,0,431,0,0,1,464,0,106,1,570,California
Modoc,2021-01-18,1,677,1,246,0,431,0,0,1,465,0,106,1,571,California
Modoc,2021-01-19,5,682,3,249,2,433,0,0,3,466,2,108,3,574,California
Modoc,2021-01-20,11,693,1,250,10,443,0,0,11,477,0,108,11,585,California
Modoc,2021-01-21,157,850,2,252,155,598,0,0,157,634,0,108,157,742,California
Modoc,2021-01-22,2,852,0,252,2,600,0,0,2,636,0,108,2,744,California
Modoc,2021-01-25,11,863,0,252,11,611,0,0,11,647,0,108,11,755,California
Modoc,2021-01-26,65,928,1,253,64,675,0,0,65,712,0,108,65,820,California
Modoc,2021-01-27,41,969,2,255,39,714,0,0,25,721,16,124,25,845,California
Modoc,2021-01-28,145,1114,2,257,143,857,0,0,144,864,1,125,144,989,California
Modoc,2021-01-29,3,1117,1,258,2,859,0,0,3,867,0,125,3,992,California
Modoc,2021-02-01,26,1143,13,271,13,872,0,0,12,865,14,139,12,1004,California
Modoc,2021-02-02,170,1313,2,273,168,1040,0,0,167,1029,3,142,167,1171,California
Modoc,2021-02-03,18,1331,13,286,5,1045,0,0,11,1033,7,149,11,1182,California
Modoc,2021-02-04,155,1486,4,290,151,1196,0,0,27,932,128,277,27,1209,California
Modoc,2021-02-05,4,1490,3,293,1,1197,0,0,3,934,1,278,3,1212,California
Modoc,2021-02-08,9,1499,2,295,7,1204,0,0,8,941,1,279,8,1220,California
Modoc,2021-02-09,197,1696,13,308,184,1388,0,0,65,874,132,411,65,1285,California
Modoc,2021-02-10,5,1701,2,310,3,1391,0,0,4,877,1,412,4,1289,California
Modoc,2021-02-11,201,1902,3,313,198,1589,0,0,83,842,118,530,83,1372,California
Modoc,2021-02-12,4,1906,0,313,4,1593,0,0,2,842,2,532,2,1374,California
Modoc,2021-02-13,1,1907,0,313,1,1594,0,0,1,843,0,532,1,1375,California
Modoc,2021-02-16,147,2054,6,319,141,1735,0,0,143,982,4,536,143,1518,California
Modoc,2021-02-17,24,2078,1,320,23,1758,0,0,12,982,12,548,12,1530,California
Modoc,2021-02-18,188,2266,2,322,186,1944,0,0,25,846,162,710,26,1556,California
Modoc,2021-02-19,2,2268,2,324,0,1944,0,0,2,848,0,710,2,1558,California
Modoc,2021-02-20,1,2269,1,325,0,1944,0,0,0,847,1,711,0,1558,California
Modoc,2021-02-22,17,2286,9,334,8,1952,0,0,3,836,14,725,3,1561,California
Modoc,2021-02-23,20,2306,2,336,18,1970,0,0,1,818,19,744,1,1562,California
Modoc,2021-02-24,90,2396,1,337,89,2059,0,0,30,788,60,804,30,1592,California
Modoc,2021-02-25,169,2565,1,338,168,2227,0,0,13,645,156,960,13,1605,California
Modoc,2021-02-26,3,2568,0,338,3,2230,0,0,1,644,2,962,1,1606,California
Modoc,2021-02-27,5,2573,5,343,0,2230,0,0,2,643,3,965,2,1608,California
Modoc,2021-03-01,5,2578,0,343,5,2235,0,0,0,639,4,969,0,1608,California
Modoc,2021-03-02,193,2771,12,355,181,2416,0,0,26,498,167,1136,26,1634,California
Modoc,2021-03-03,12,2783,6,361,6,2422,0,0,2,490,10,1146,2,1636,California
Modoc,2021-03-04,175,2958,2,363,173,2595,0,0,148,611,27,1173,148,1784,California
Modoc,2021-03-05,4,2962,3,366,1,2596,0,0,2,611,2,1175,2,1786,California
Modoc,2021-03-06,11,2973,0,366,1,2597,10,10,1,612,10,1185,11,1797,California
Modoc,2021-03-07,6,2979,1,367,0,2597,5,15,1,613,5,1190,6,1803,California
Modoc,2021-03-08,8,2987,1,368,3,2600,4,19,1,612,6,1196,5,1808,California
Modoc,2021-03-09,126,3113,10,378,108,2708,8,27,61,616,65,1261,69,1877,California
Modoc,2021-03-10,9,3122,3,381,2,2710,4,31,4,619,5,1266,8,1885,California
Modoc,2021-03-11,207,3329,0,381,99,2809,108,139,22,564,185,1451,130,2015,California
Modoc,2021-03-12,10,3339,1,382,4,2813,5,144,4,567,6,1457,9,2024,California
Modoc,2021-03-13,4,3343,0,382,1,2814,3,147,1,568,3,1460,4,2028,California
Modoc,2021-03-15,12,3355,1,383,10,2824,1,148,10,577,2,1462,11,2039,California
Modoc,2021-03-16,173,3528,1,384,168,2992,4,152,42,491,131,1593,45,2084,California
Modoc,2021-03-17,10,3538,1,385,4,2996,5,157,2,490,8,1601,7,2091,California
Modoc,2021-03-18,67,3605,2,387,58,3054,7,164,35,500,32,1633,42,2133,California
Modoc,2021-03-19,5,3610,0,387,0,3054,5,169,0,500,5,1638,5,2138,California
Modoc,2021-03-20,5,3615,2,389,0,3054,3,172,0,498,5,1643,3,2141,California
Modoc,2021-03-21,4,3619,1,390,1,3055,2,174,2,500,2,1645,4,2145,California
Modoc,2021-03-22,18,3637,1,391,11,3066,6,180,12,512,6,1651,18,2163,California
Modoc,2021-03-23,37,3674,7,398,27,3093,3,183,28,534,9,1660,31,2194,California
Modoc,2021-03-24,29,3703,1,399,18,3111,10,193,2,519,27,1687,12,2206,California
Modoc,2021-03-25,77,3780,1,400,74,3185,2,195,45,534,32,1719,47,2253,California
Modoc,2021-03-26,7,3787,2,402,2,3187,3,198,2,534,5,1724,5,2258,California
Modoc,2021-03-27,2,3789,0,402,1,3188,1,199,1,535,1,1725,2,2260,California
Modoc,2021-03-28,2,3791,1,403,0,3188,1,200,0,534,2,1727,1,2261,California
Modoc,2021-03-29,14,3805,1,404,5,3193,8,208,5,538,9,1736,13,2274,California
Modoc,2021-03-30,55,3860,10,414,38,3231,7,215,21,532,34,1770,28,2302,California
Modoc,2021-03-31,9,3869,3,417,2,3233,4,219,3,533,6,1776,7,2309,California
Modoc,2021-04-01,167,4036,2,419,160,3393,5,224,32,435,135,1911,37,2346,California
Modoc,2021-04-02,5,4041,0,419,2,3395,3,227,1,436,3,1914,4,2350,California
Modoc,2021-04-03,5,4046,2,421,0,3395,3,230,2,438,2,1916,4,2354,California
Modoc,2021-04-05,9,4055,0,421,9,3404,0,230,9,447,0,1916,9,2363,California
Modoc,2021-04-06,24,4079,5,426,9,3413,10,240,6,445,18,1934,16,2379,California
Modoc,2021-04-07,12,4091,1,427,4,3417,7,247,3,446,9,1943,10,2389,California
Modoc,2021-04-08,97,4188,1,428,93,3510,3,250,26,404,71,2014,29,2418,California
Modoc,2021-04-09,11,4199,2,430,6,3516,3,253,2,399,9,2023,4,2422,California
Modoc,2021-04-10,5,4204,0,430,1,3517,4,257,0,398,5,2028,4,2426,California
Modoc,2021-04-11,2,4206,2,432,0,3517,0,257,1,398,1,2029,1,2427,California
Modoc,2021-04-12,14,4220,0,432,10,3527,4,261,1,392,11,2040,5,2432,California
Modoc,2021-04-13,30,4250,29,461,1,3528,0,261,21,404,9,2049,21,2453,California
Modoc,2021-04-14,2,4252,2,463,0,3528,0,261,1,404,1,2050,1,2454,California
Modoc,2021-04-15,100,4352,0,463,100,3628,0,261,27,358,73,2123,27,2481,California
Modoc,2021-04-16,4,4356,4,467,0,3628,0,261,3,360,1,2124,3,2484,California
Modoc,2021-04-17,2,4358,2,469,0,3628,0,261,2,362,0,2124,2,2486,California
Modoc,2021-04-18,1,4359,0,469,1,3629,0,261,1,363,0,2124,1,2487,California
Modoc,2021-04-19,6,4365,0,469,6,3635,0,261,1,359,5,2129,1,2488,California
Modoc,2021-04-20,27,4392,2,471,25,3660,0,261,9,350,18,2147,9,2497,California
Modoc,2021-04-21,4,4396,4,475,0,3660,0,261,1,348,3,2150,1,2498,California
Modoc,2021-04-22,98,4494,4,479,94,3754,0,261,41,332,57,2207,41,2539,California
Modoc,2021-04-23,5,4499,1,480,4,3758,0,261,4,335,1,2208,4,2543,California
Modoc,2021-04-24,3,4502,1,481,1,3759,1,262,2,337,1,2209,3,2546,California
Modoc,2021-04-25,1,4503,1,482,0,3759,0,262,1,338,0,2209,1,2547,California
Modoc,2021-04-26,8,4511,1,483,7,3766,0,262,3,336,5,2214,3,2550,California
Modoc,2021-04-27,6,4517,4,487,1,3767,1,263,1,333,5,2219,2,2552,California
Modoc,2021-04-28,5,4522,1,488,3,3770,1,264,1,331,4,2223,2,2554,California
Modoc,2021-04-29,65,4587,2,490,63,3833,0,264,24,314,41,2264,24,2578,California
Modoc,2021-04-30,5,4592,4,494,1,3834,0,264,3,315,2,2266,3,2581,California
Modoc,2021-05-01,1,4593,1,495,0,3834,0,264,0,314,1,2267,0,2581,California
Modoc,2021-05-02,4,4597,3,498,1,3835,0,264,3,316,1,2268,3,2584,California
Modoc,2021-05-03,10,4607,0,498,9,3844,1,265,0,307,10,2278,1,2585,California
Modoc,2021-05-04,11,4618,3,501,6,3850,2,267,5,308,6,2284,7,2592,California
Modoc,2021-05-05,27,4645,24,525,2,3852,1,268,8,298,19,2303,9,2601,California
Modoc,2021-05-06,54,4699,3,528,49,3901,2,270,21,288,33,2336,23,2624,California
Modoc,2021-05-07,8,4707,3,531,3,3904,2,272,2,286,6,2342,4,2628,California
Modoc,2021-05-08,3,4710,2,533,0,3904,1,273,1,286,2,2344,2,2630,California
Modoc,2021-05-09,2,4712,2,535,0,3904,0,273,1,286,1,2345,1,2631,California
Modoc,2021-05-10,2,4714,0,535,1,3905,1,274,1,287,1,2346,2,2633,California
Modoc,2021-05-11,2,4716,1,536,0,3905,1,275,0,286,2,2348,1,2634,California
Modoc,2021-05-12,3,4719,1,537,0,3905,2,277,1,287,2,2350,3,2637,California
Modoc,2021-05-13,42,4761,1,538,37,3942,4,281,13,275,29,2379,17,2654,California
Modoc,2021-05-14,1,4762,1,539,0,3942,0,281,0,274,1,2380,0,2654,California
Mono,2020-12-18,1,1,1,1,0,0,0,0,1,1,0,0,1,1,California
Mono,2020-12-19,5,6,5,6,0,0,0,0,5,6,0,0,5,6,California
Mono,2020-12-20,7,13,7,13,0,0,0,0,7,13,0,0,7,13,California
Mono,2020-12-21,24,37,17,30,7,7,0,0,24,37,0,0,24,37,California
Mono,2020-12-22,66,103,65,95,1,8,0,0,66,103,0,0,66,103,California
Mono,2020-12-23,70,173,42,137,28,36,0,0,70,173,0,0,70,173,California
Mono,2020-12-24,3,176,1,138,2,38,0,0,3,176,0,0,3,176,California
Mono,2020-12-26,3,179,3,141,0,38,0,0,3,179,0,0,3,179,California
Mono,2020-12-28,94,273,63,204,31,69,0,0,94,273,0,0,94,273,California
Mono,2020-12-29,29,302,29,233,0,69,0,0,29,302,0,0,29,302,California
Mono,2020-12-30,77,379,36,269,41,110,0,0,77,379,0,0,77,379,California
Mono,2020-12-31,4,383,1,270,3,113,0,0,4,383,0,0,4,383,California
Mono,2021-01-01,4,387,4,274,0,113,0,0,4,387,0,0,4,387,California
Mono,2021-01-02,2,389,2,276,0,113,0,0,2,389,0,0,2,389,California
Mono,2021-01-04,1,390,0,276,1,114,0,0,1,390,0,0,1,390,California
Mono,2021-01-05,45,435,2,278,43,157,0,0,44,433,1,1,44,434,California
Mono,2021-01-06,44,479,0,278,44,201,0,0,44,477,0,1,44,478,California
Mono,2021-01-07,55,534,3,281,52,253,0,0,54,530,1,2,54,532,California
Mono,2021-01-08,2,536,1,282,1,254,0,0,1,530,1,3,1,533,California
Mono,2021-01-09,4,540,4,286,0,254,0,0,0,526,4,7,0,533,California
Mono,2021-01-10,5,545,5,291,0,254,0,0,0,521,5,12,0,533,California
Mono,2021-01-11,8,553,5,296,3,257,0,0,4,521,4,16,4,537,California
Mono,2021-01-12,282,835,75,371,207,464,0,0,218,676,63,79,218,755,California
Mono,2021-01-13,233,1068,73,444,160,624,0,0,178,799,55,134,178,933,California
Mono,2021-01-14,73,1141,71,515,2,626,0,0,73,872,0,134,73,1006,California
Mono,2021-01-15,62,1203,2,517,60,686,0,0,62,934,0,134,62,1068,California
Mono,2021-01-16,4,1207,3,520,1,687,0,0,1,932,3,137,1,1069,California
Mono,2021-01-18,64,1271,55,575,9,696,0,0,2,872,62,199,2,1071,California
Mono,2021-01-19,210,1481,208,783,2,698,0,0,172,1007,38,237,173,1244,California
Mono,2021-01-20,230,1711,198,981,32,730,0,0,169,1115,61,298,169,1413,California
Mono,2021-01-21,3,1714,3,984,0,730,0,0,3,1118,0,298,3,1416,California
Mono,2021-01-22,4,1718,0,984,4,734,0,0,4,1122,0,298,4,1420,California
Mono,2021-01-23,595,2313,595,1579,0,734,0,0,594,1715,1,299,594,2014,California
Mono,2021-01-25,202,2515,164,1743,38,772,0,0,163,1839,39,338,163,2177,California
Mono,2021-01-26,505,3020,503,2246,2,774,0,0,499,2332,6,344,499,2676,California
Mono,2021-01-27,5,3025,1,2247,4,778,0,0,5,2337,0,344,5,2681,California
Mono,2021-01-28,6,3031,2,2249,4,782,0,0,2,2335,4,348,2,2683,California
Mono,2021-01-30,202,3233,200,2449,2,784,0,0,201,2535,1,349,201,2884,California
Mono,2021-01-31,243,3476,138,2587,105,889,0,0,139,2570,104,453,139,3023,California
Mono,2021-02-01,27,3503,27,2614,0,889,0,0,0,2543,27,480,0,3023,California
Mono,2021-02-02,5,3508,0,2614,5,894,0,0,2,2542,3,483,2,3025,California
Mono,2021-02-03,4,3512,2,2616,2,896,0,0,2,2542,2,485,2,3027,California
Mono,2021-02-04,211,3723,158,2774,53,949,0,0,90,2511,121,606,90,3117,California
Mono,2021-02-05,617,4340,611,3385,6,955,0,0,614,3122,3,609,614,3731,California
Mono,2021-02-06,138,4478,137,3522,1,956,0,0,137,3258,1,610,137,3868,California
Mono,2021-02-07,2,4480,0,3522,2,958,0,0,2,3260,0,610,2,3870,California
Mono,2021-02-08,172,4652,172,3694,0,958,0,0,15,3119,156,766,15,3885,California
Mono,2021-02-09,226,4878,6,3700,220,1178,0,0,14,2921,212,978,14,3899,California
Mono,2021-02-10,536,5414,186,3886,350,1528,0,0,194,2774,342,1320,195,4094,California
Mono,2021-02-11,7,5421,4,3890,3,1531,0,0,2,2771,5,1325,2,4096,California
Mono,2021-02-12,84,5505,20,3910,64,1595,0,0,26,2739,58,1383,26,4122,California
Mono,2021-02-13,586,6091,586,4496,0,1595,0,0,25,2204,560,1943,25,4147,California
Mono,2021-02-15,166,6257,164,4660,2,1597,0,0,3,2046,161,2104,3,4150,California
Mono,2021-02-16,516,6773,513,5173,3,1600,0,0,45,1623,468,2572,45,4195,California
Mono,2021-02-17,6,6779,1,5174,5,1605,0,0,1,1619,5,2577,1,4196,California
Mono,2021-02-18,3,6782,2,5176,1,1606,0,0,2,1620,1,2578,2,4198,California
Mono,2021-02-19,54,6836,53,5229,1,1607,0,0,54,1674,0,2578,54,4252,California
Mono,2021-02-20,4,6840,4,5233,0,1607,0,0,4,1678,0,2578,4,4256,California
Mono,2021-02-21,5,6845,5,5238,0,1607,0,0,3,1679,2,2580,3,4259,California
Mono,2021-02-22,285,7130,284,5522,1,1608,0,0,24,1443,260,2840,24,4283,California
Mono,2021-02-23,136,7266,116,5638,20,1628,0,0,22,1351,114,2954,22,4305,California
Mono,2021-02-24,10,7276,3,5641,7,1635,0,0,4,1349,6,2960,4,4309,California
Mono,2021-02-25,5,7281,2,5643,3,1638,0,0,3,1351,1,2961,3,4312,California
Mono,2021-02-26,598,7879,596,6239,2,1640,0,0,21,796,576,3537,21,4333,California
Mono,2021-02-27,140,8019,136,6375,4,1644,0,0,4,666,134,3671,4,4337,California
Mono,2021-03-01,3,8022,2,6377,1,1645,0,0,2,668,0,3671,2,4339,California
Mono,2021-03-02,5,8027,3,6380,2,1647,0,0,3,669,2,3673,3,4342,California
Mono,2021-03-03,82,8109,2,6382,80,1727,0,0,79,746,2,3675,79,4421,California
Mono,2021-03-04,5,8114,1,6383,4,1731,0,0,3,747,2,3677,3,4424,California
Mono,2021-03-05,37,8151,27,6410,10,1741,0,0,14,738,23,3700,14,4438,California
Mono,2021-03-06,508,8659,17,6427,491,2232,0,0,500,1233,6,3706,501,4939,California
Mono,2021-03-07,1,8660,0,6427,1,2233,0,0,0,1232,1,3707,0,4939,California
Mono,2021-03-08,538,9198,11,6438,524,2757,3,3,529,1755,9,3716,532,5471,California
Mono,2021-03-09,6,9204,2,6440,3,2760,1,4,3,1757,2,3718,4,5475,California
Mono,2021-03-10,286,9490,90,6530,193,2953,3,7,9,1494,275,3993,12,5487,California
Mono,2021-03-11,10,9500,0,6530,1,2954,9,16,0,1493,10,4003,9,5496,California
Mono,2021-03-12,7,9507,1,6531,1,2955,5,21,0,1491,7,4010,5,5501,California
Mono,2021-03-13,823,10330,386,6917,437,3392,0,21,815,2298,8,4018,815,6316,California
Mono,2021-03-14,4,10334,4,6921,0,3392,0,21,1,2296,3,4021,1,6317,California
Mono,2021-03-15,31,10365,23,6944,3,3395,5,26,14,2299,16,4037,19,6336,California
Mono,2021-03-16,16,10381,6,6950,4,3399,6,32,8,2305,8,4045,14,6350,California
Mono,2021-03-17,34,10415,5,6955,21,3420,8,40,22,2323,12,4057,30,6380,California
Mono,2021-03-18,21,10436,2,6957,11,3431,8,48,9,2328,12,4069,17,6397,California
Mono,2021-03-19,21,10457,1,6958,17,3448,3,51,17,2345,3,4072,20,6417,California
Mono,2021-03-20,5,10462,3,6961,1,3449,1,52,4,2349,1,4073,5,6422,California
Mono,2021-03-21,1,10463,1,6962,0,3449,0,52,1,2350,0,4073,1,6423,California
Mono,2021-03-22,11,10474,0,6962,6,3455,5,57,5,2354,6,4079,10,6433,California
Mono,2021-03-23,41,10515,5,6967,31,3486,5,62,18,2354,23,4102,23,6456,California
Mono,2021-03-24,13,10528,1,6968,7,3493,5,67,5,2356,8,4110,10,6466,California
Mono,2021-03-25,19,10547,3,6971,12,3505,4,71,12,2365,7,4117,16,6482,California
Mono,2021-03-26,19,10566,3,6974,11,3516,5,76,10,2372,8,4125,15,6497,California
Mono,2021-03-27,350,10916,347,7321,3,3519,0,76,324,2670,26,4151,324,6821,California
Mono,2021-03-28,1,10917,1,7322,0,3519,0,76,1,2671,0,4151,1,6822,California
Mono,2021-03-29,10,10927,3,7325,6,3525,1,77,8,2678,2,4153,9,6831,California
Mono,2021-03-30,12,10939,0,7325,8,3533,4,81,7,2684,5,4158,11,6842,California
Mono,2021-03-31,127,11066,7,7332,119,3652,1,82,47,2653,79,4237,48,6890,California
Mono,2021-04-01,8,11074,0,7332,7,3659,1,83,3,2652,5,4242,4,6894,California
Mono,2021-04-02,18,11092,2,7334,16,3675,0,83,7,2648,11,4253,7,6901,California
Mono,2021-04-03,868,11960,372,7706,496,4171,0,83,50,1888,816,5069,56,6957,California
Mono,2021-04-05,528,12488,17,7723,510,4681,1,84,30,1422,497,5566,31,6988,California
Mono,2021-04-06,19,12507,1,7724,5,4686,13,97,1,1418,18,5584,14,7002,California
Mono,2021-04-07,25,12532,3,7727,3,4689,19,116,4,1420,21,5605,23,7025,California
Mono,2021-04-08,22,12554,3,7730,2,4691,17,133,4,1423,18,5623,21,7046,California
Mono,2021-04-09,37,12591,4,7734,4,4695,29,162,7,1429,30,5653,36,7082,California
Mono,2021-04-10,446,13037,2,7736,437,5132,7,169,28,1046,418,6071,35,7117,California
Mono,2021-04-11,1,13038,1,7737,0,5132,0,169,0,1045,1,6072,0,7117,California
Mono,2021-04-12,6,13044,0,7737,3,5135,3,172,3,1048,3,6075,6,7123,California
Mono,2021-04-13,19,13063,2,7739,16,5151,1,173,13,1056,6,6081,14,7137,California
Mono,2021-04-14,26,13089,1,7740,25,5176,0,173,7,1044,19,6100,7,7144,California
Mono,2021-04-15,18,13107,3,7743,15,5191,0,173,9,1044,9,6109,9,7153,California
Mono,2021-04-16,16,13123,1,7744,15,5206,0,173,5,1038,11,6120,5,7158,California
Mono,2021-04-17,51,13174,2,7746,49,5255,0,173,44,1075,7,6127,44,7202,California
Mono,2021-04-18,1,13175,0,7746,1,5256,0,173,1,1076,0,6127,1,7203,California
Mono,2021-04-19,527,13702,319,8065,208,5464,0,173,201,953,324,6451,201,7404,California
Mono,2021-04-20,17,13719,2,8067,15,5479,0,173,12,960,5,6456,12,7416,California
Mono,2021-04-21,9,13728,1,8068,8,5487,0,173,4,959,5,6461,4,7420,California
Mono,2021-04-22,27,13755,13,8081,14,5501,0,173,13,958,14,6475,13,7433,California
Mono,2021-04-23,22,13777,2,8083,20,5521,0,173,12,960,10,6485,12,7445,California
Mono,2021-04-24,33,13810,20,8103,13,5534,0,173,18,963,15,6500,18,7463,California
Mono,2021-04-25,3,13813,2,8105,1,5535,0,173,3,966,0,6500,3,7466,California
Mono,2021-04-26,10,13823,1,8106,9,5544,0,173,2,960,8,6508,2,7468,California
Mono,2021-04-27,66,13889,40,8146,19,5563,7,180,50,1001,16,6524,57,7525,California
Mono,2021-04-28,63,13952,41,8187,18,5581,4,184,48,1040,13,6537,52,7577,California
Mono,2021-04-29,8,13960,1,8188,4,5585,3,187,2,1039,6,6543,5,7582,California
Mono,2021-04-30,16,13976,3,8191,10,5595,3,190,8,1042,8,6551,11,7593,California
Mono,2021-05-01,110,14086,4,8195,106,5701,0,190,98,1128,12,6563,98,7691,California
Mono,2021-05-03,1,14087,0,8195,1,5702,0,190,0,1127,1,6564,0,7691,California
Mono,2021-05-04,19,14106,0,8195,13,5715,6,196,10,1134,9,6573,16,7707,California
Mono,2021-05-05,53,14159,8,8203,41,5756,4,200,46,1177,7,6580,50,7757,California
Mono,2021-05-06,13,14172,3,8206,9,5765,1,201,9,1183,4,6584,10,7767,California
Mono,2021-05-07,29,14201,22,8228,7,5772,0,201,25,1204,4,6588,25,7792,California
Mono,2021-05-08,50,14251,5,8233,45,5817,0,201,22,1198,28,6616,22,7814,California
Mono,2021-05-10,16,14267,1,8234,11,5828,4,205,9,1204,7,6623,13,7827,California
Mono,2021-05-11,15,14282,2,8236,10,5838,3,208,5,1202,10,6633,8,7835,California
Mono,2021-05-12,12,14294,0,8236,11,5849,1,209,4,1199,8,6641,5,7840,California
Mono,2021-05-13,45,14339,34,8270,11,5860,0,209,38,1230,7,6648,38,7878,California
Mono,2021-05-14,2,14341,1,8271,1,5861,0,209,1,1230,1,6649,1,7879,California
Monterey,2020-12-16,4,4,4,4,0,0,0,0,4,4,0,0,4,4,California
Monterey,2020-12-17,83,87,83,87,0,0,0,0,83,87,0,0,83,87,California
Monterey,2020-12-18,482,569,482,569,0,0,0,0,482,569,0,0,482,569,California
Monterey,2020-12-19,580,1149,580,1149,0,0,0,0,580,1149,0,0,580,1149,California
Monterey,2020-12-20,422,1571,422,1571,0,0,0,0,422,1571,0,0,422,1571,California
Monterey,2020-12-21,718,2289,718,2289,0,0,0,0,718,2289,0,0,718,2289,California
Monterey,2020-12-22,533,2822,520,2809,13,13,0,0,533,2822,0,0,533,2822,California
Monterey,2020-12-23,437,3259,262,3071,175,188,0,0,437,3259,0,0,437,3259,California
Monterey,2020-12-24,84,3343,10,3081,74,262,0,0,84,3343,0,0,84,3343,California
Monterey,2020-12-25,6,3349,0,3081,6,268,0,0,6,3349,0,0,6,3349,California
Monterey,2020-12-26,92,3441,5,3086,87,355,0,0,92,3441,0,0,92,3441,California
Monterey,2020-12-27,7,3448,4,3090,3,358,0,0,7,3448,0,0,7,3448,California
Monterey,2020-12-28,475,3923,25,3115,450,808,0,0,475,3923,0,0,475,3923,California
Monterey,2020-12-29,898,4821,167,3282,731,1539,0,0,898,4821,0,0,898,4821,California
Monterey,2020-12-30,567,5388,98,3380,469,2008,0,0,567,5388,0,0,567,5388,California
Monterey,2020-12-31,33,5421,11,3391,22,2030,0,0,33,5421,0,0,33,5421,California
Monterey,2021-01-01,12,5433,2,3393,10,2040,0,0,12,5433,0,0,12,5433,California
Monterey,2021-01-02,137,5570,134,3527,3,2043,0,0,137,5570,0,0,137,5570,California
Monterey,2021-01-03,30,5600,29,3556,1,2044,0,0,30,5600,0,0,30,5600,California
Monterey,2021-01-04,411,6011,18,3574,393,2437,0,0,411,6011,0,0,411,6011,California
Monterey,2021-01-05,752,6763,327,3901,425,2862,0,0,738,6735,14,14,738,6749,California
Monterey,2021-01-06,656,7419,172,4073,484,3346,0,0,634,7347,22,36,634,7383,California
Monterey,2021-01-07,745,8164,571,4644,174,3520,0,0,422,7448,321,357,422,7805,California
Monterey,2021-01-08,1087,9251,734,5378,353,3873,0,0,394,7149,693,1050,394,8199,California
Monterey,2021-01-09,964,10215,936,6314,28,3901,0,0,312,6809,652,1702,312,8511,California
Monterey,2021-01-10,274,10489,271,6585,3,3904,0,0,9,6553,265,1967,9,8520,California
Monterey,2021-01-11,1064,11553,984,7569,80,3984,0,0,362,6213,702,2669,362,8882,California
Monterey,2021-01-12,465,12018,388,7957,77,4061,0,0,204,6156,261,2930,204,9086,California
Monterey,2021-01-13,1217,13235,593,8550,624,4685,0,0,1171,7281,46,2976,1171,10257,California
Monterey,2021-01-14,1119,14354,165,8715,954,5639,0,0,1100,8366,19,2995,1104,11361,California
Monterey,2021-01-15,1046,15400,45,8760,1001,6640,0,0,1033,9386,13,3008,1033,12394,California
Monterey,2021-01-16,363,15763,300,9060,63,6703,0,0,358,9739,5,3013,358,12752,California
Monterey,2021-01-17,309,16072,288,9348,21,6724,0,0,296,10022,13,3026,296,13048,California
Monterey,2021-01-18,401,16473,50,9398,351,7075,0,0,380,10381,21,3047,380,13428,California
Monterey,2021-01-19,578,17051,396,9794,182,7257,0,0,419,10643,157,3204,419,13847,California
Monterey,2021-01-20,532,17583,270,10064,262,7519,0,0,326,10763,206,3410,326,14173,California
Monterey,2021-01-21,840,18423,92,10156,748,8267,0,0,730,11387,110,3520,734,14907,California
Monterey,2021-01-22,1048,19471,193,10349,855,9122,0,0,1009,12357,39,3559,1009,15916,California
Monterey,2021-01-23,241,19712,175,10524,66,9188,0,0,118,12354,122,3681,119,16035,California
Monterey,2021-01-24,56,19768,38,10562,18,9206,0,0,22,12342,34,3715,22,16057,California
Monterey,2021-01-25,782,20550,173,10735,609,9815,0,0,157,11881,618,4333,157,16214,California
Monterey,2021-01-26,927,21477,224,10959,703,10518,0,0,235,11424,692,5025,235,16449,California
Monterey,2021-01-27,860,22337,311,11270,549,11067,0,0,382,11328,478,5503,382,16831,California
Monterey,2021-01-28,2023,24360,739,12009,1284,12351,0,0,1682,12671,341,5844,1684,18515,California
Monterey,2021-01-29,1229,25589,707,12716,522,12873,0,0,1112,13668,116,5960,1113,19628,California
Monterey,2021-01-30,442,26031,294,13010,148,13021,0,0,186,13598,256,6216,186,19814,California
Monterey,2021-01-31,493,26524,71,13081,422,13443,0,0,483,14072,10,6226,484,20298,California
Monterey,2021-02-01,1652,28176,1140,14221,512,13955,0,0,1089,14599,562,6788,1089,21387,California
Monterey,2021-02-02,2160,30336,463,14684,1697,15652,0,0,1553,15546,606,7394,1553,22940,California
Monterey,2021-02-03,2327,32663,1045,15729,1282,16934,0,0,1552,16327,771,8165,1552,24492,California
Monterey,2021-02-04,2772,35435,2088,17817,684,17618,0,0,2463,18483,307,8472,2463,26955,California
Monterey,2021-02-05,3642,39077,2820,20637,822,18440,0,0,3206,21258,431,8903,3206,30161,California
Monterey,2021-02-06,1097,40174,379,21016,718,19158,0,0,755,21673,340,9243,755,30916,California
Monterey,2021-02-07,315,40489,270,21286,45,19203,0,0,96,21550,219,9462,96,31012,California
Monterey,2021-02-08,515,41004,290,21576,225,19428,0,0,426,21887,89,9551,426,31438,California
Monterey,2021-02-09,863,41867,675,22251,188,19616,0,0,553,22132,310,9861,555,31993,California
Monterey,2021-02-10,2085,43952,1113,23364,972,20588,0,0,1235,22518,850,10711,1236,33229,California
Monterey,2021-02-11,2498,46450,970,24334,1528,22116,0,0,1544,23112,952,11663,1546,34775,California
Monterey,2021-02-12,2585,49035,429,24763,2156,24272,0,0,1517,23563,1067,12730,1518,36293,California
Monterey,2021-02-13,1068,50103,50,24813,1018,25290,0,0,977,24449,91,12821,977,37270,California
Monterey,2021-02-14,592,50695,73,24886,519,25809,0,0,519,24895,73,12894,519,37789,California
Monterey,2021-02-15,1366,52061,160,25046,1206,27015,0,0,981,25494,383,13277,982,38771,California
Monterey,2021-02-16,1091,53152,245,25291,846,27861,0,0,867,26137,224,13501,867,39638,California
Monterey,2021-02-17,1937,55089,1164,26455,773,28634,0,0,1638,27480,297,13798,1640,41278,California
Monterey,2021-02-18,2226,57315,1177,27632,1049,29683,0,0,909,27088,1303,15101,911,42189,California
Monterey,2021-02-19,2937,60252,1534,29166,1403,31086,0,0,1346,26845,1590,16691,1347,43536,California
Monterey,2021-02-20,1008,61260,608,29774,400,31486,0,0,952,27742,55,16746,952,44488,California
Monterey,2021-02-21,1240,62500,1212,30986,28,31514,0,0,1170,28844,68,16814,1170,45658,California
Monterey,2021-02-22,975,63475,843,31829,132,31646,0,0,643,29157,330,17144,643,46301,California
Monterey,2021-02-23,953,64428,621,32450,332,31978,0,0,302,28810,650,17794,303,46604,California
Monterey,2021-02-24,2463,66891,1314,33764,1149,33127,0,0,1850,30053,608,18402,1851,48455,California
Monterey,2021-02-25,4404,71295,2414,36178,1990,35117,0,0,1472,28601,2925,21327,1473,49928,California
Monterey,2021-02-26,5247,76542,3080,39258,2167,37284,0,0,2624,28606,2620,23947,2625,52553,California
Monterey,2021-02-27,996,77538,182,39440,814,38098,0,0,805,29225,186,24133,805,53358,California
Monterey,2021-02-28,1527,79065,80,39520,1447,39545,0,0,1065,29833,457,24590,1065,54423,California
Monterey,2021-03-01,1282,80347,139,39659,1140,40685,3,3,745,30049,533,25123,749,55172,California
Monterey,2021-03-02,2776,83123,1721,41380,1055,41740,0,3,1924,31125,848,25971,1924,57096,California
Monterey,2021-03-03,3204,86327,1241,42621,1963,43703,0,3,1265,30454,1937,27908,1266,58362,California
Monterey,2021-03-04,4550,90877,1467,44088,3083,46786,0,3,2951,31810,1595,29503,2951,61313,California
Monterey,2021-03-05,3588,94465,1619,45707,1692,48478,277,280,2956,34412,631,30134,3233,64546,California
Monterey,2021-03-06,5043,99508,1068,46775,3672,52150,303,583,4139,37951,901,31035,4440,68986,California
Monterey,2021-03-07,520,100028,108,46883,167,52317,245,828,233,38140,287,31322,476,69462,California
Monterey,2021-03-08,1657,101685,326,47209,942,53259,389,1217,1118,39106,539,31861,1505,70967,California
Monterey,2021-03-09,1907,103592,679,47888,952,54211,276,1493,1416,40306,490,32351,1690,72657,California
Monterey,2021-03-10,3124,106716,1022,48910,1614,55825,488,1981,1418,40512,1699,34050,1905,74562,California
Monterey,2021-03-11,4109,110825,1409,50319,2327,58152,373,2354,2348,41479,1754,35804,2721,77283,California
Monterey,2021-03-12,4315,115140,2047,52366,2133,60285,135,2489,2632,42565,1680,37484,2766,80049,California
Monterey,2021-03-13,5249,120389,959,53325,3943,64228,347,2836,3941,45546,1308,38792,4289,84338,California
Monterey,2021-03-14,2147,122536,1325,54650,797,65025,25,2861,577,44589,1559,40351,602,84940,California
Monterey,2021-03-15,3938,126474,1266,55916,2383,67408,289,3150,2253,45450,1680,42031,2541,87481,California
Monterey,2021-03-16,3488,129962,574,56490,2539,69947,375,3525,2077,46488,1410,43441,2448,89929,California
Monterey,2021-03-17,5705,135667,2336,58826,3116,73063,253,3778,4109,49266,1589,45030,4367,94296,California
Monterey,2021-03-18,4355,140022,2154,60980,2033,75096,168,3946,3000,51122,1349,46379,3205,97501,California
Monterey,2021-03-19,5392,145414,2559,63539,2689,77785,144,4090,4118,54116,1269,47648,4263,101764,California
Monterey,2021-03-20,3310,148724,419,63958,2196,79981,695,4785,2232,55968,1075,48723,2927,104691,California
Monterey,2021-03-21,623,149347,200,64158,415,80396,8,4793,557,56468,64,48787,564,105255,California
Monterey,2021-03-22,2459,151806,1434,65592,963,81359,62,4855,2250,58573,205,48992,2310,107565,California
Monterey,2021-03-23,3974,155780,2350,67942,1581,82940,43,4898,2518,59682,1451,50443,2560,110125,California
Monterey,2021-03-24,4992,160772,2088,70030,2594,85534,310,5208,3635,62271,1353,51796,3942,114067,California
Monterey,2021-03-25,5212,165984,1210,71240,3645,89179,357,5565,2589,62603,2616,54412,2948,117015,California
Monterey,2021-03-26,5291,171275,2601,73841,2624,91803,66,5631,2655,62699,2627,57039,2723,119738,California
Monterey,2021-03-27,4788,176063,1424,75265,3108,94911,256,5887,3075,64321,1710,58749,3332,123070,California
Monterey,2021-03-28,1106,177169,332,75597,765,95676,9,5896,621,64472,480,59229,631,123701,California
Monterey,2021-03-29,3169,180338,1404,77001,1751,97427,14,5910,1950,65228,1212,60441,1968,125669,California
Monterey,2021-03-30,4437,184775,2131,79132,2263,99690,43,5953,2722,66292,1705,62146,2769,128438,California
Monterey,2021-03-31,5293,190068,2377,81509,2126,101816,790,6743,3332,68448,1958,64104,4114,132552,California
Monterey,2021-04-01,6085,196153,2109,83618,3565,105381,411,7154,3061,68912,3009,67113,3473,136025,California
Monterey,2021-04-02,4663,200816,2241,85859,2361,107742,61,7215,3164,70642,1498,68611,3228,139253,California
Monterey,2021-04-03,5790,206606,1109,86968,3660,111402,1021,8236,1197,68272,4582,73193,2212,141465,California
Monterey,2021-04-04,758,207364,156,87124,588,111990,14,8250,490,68510,268,73461,506,141971,California
Monterey,2021-04-05,3979,211343,2468,89592,1282,113272,229,8479,1465,67695,2509,75970,1694,143665,California
Monterey,2021-04-06,3339,214682,1321,90913,1546,114818,472,8951,1116,67060,2221,78191,1586,145251,California
Monterey,2021-04-07,5481,220163,1365,92278,3605,118423,511,9462,2640,67377,2830,81021,3147,148398,California
Monterey,2021-04-08,6468,226631,3450,95728,2216,120639,802,10264,3169,68056,3293,84314,3972,152370,California
Monterey,2021-04-09,5506,232137,3356,99084,1517,122156,633,10897,2216,67617,3287,87601,2848,155218,California
Monterey,2021-04-10,10019,242156,4871,103955,3001,125157,2147,13044,4895,69542,5115,92716,7040,162258,California
Monterey,2021-04-11,5406,247562,4239,108194,566,125723,601,13645,4363,73466,1037,93753,4961,167219,California
Monterey,2021-04-12,4061,251623,1844,110038,1904,127627,313,13958,907,71670,3016,96769,1220,168439,California
Monterey,2021-04-13,3095,254718,720,110758,2370,129997,5,13963,1469,71539,1607,98376,1476,169915,California
Monterey,2021-04-14,6567,261285,3115,113873,3449,133446,3,13966,1799,68586,4755,103131,1802,171717,California
Monterey,2021-04-15,5743,267028,3887,117760,1856,135302,0,13966,3828,70529,1886,105017,3829,175546,California
Monterey,2021-04-16,4666,271694,2391,120151,2261,137563,14,13980,2174,70235,2482,107499,2188,177734,California
Monterey,2021-04-17,5521,277215,1347,121498,4174,141737,0,13980,3696,72119,1812,109311,3696,181430,California
Monterey,2021-04-18,832,278047,251,121749,581,142318,0,13980,235,71761,593,109904,235,181665,California
Monterey,2021-04-19,3671,281718,1286,123035,2385,144703,0,13980,1752,71602,1911,111815,1752,183417,California
Monterey,2021-04-20,3760,285478,1578,124613,2182,146885,0,13980,1548,70960,2191,114006,1549,184966,California
Monterey,2021-04-21,5774,291252,3149,127762,2625,149510,0,13980,2829,70881,2910,116916,2831,187797,California
Monterey,2021-04-22,4701,295953,1017,128779,3684,153194,0,13980,1952,70122,2711,119627,1952,189749,California
Monterey,2021-04-23,5626,301579,2627,131406,2998,156192,1,13981,2210,68938,3398,123025,2214,191963,California
Monterey,2021-04-24,4131,305710,582,131988,3549,159741,0,13981,1523,67872,2589,125614,1523,193486,California
Monterey,2021-04-25,1235,306945,603,132591,632,160373,0,13981,789,68224,437,126051,789,194275,California
Monterey,2021-04-26,3465,310410,2171,134762,1277,161650,17,13998,874,66549,2566,128617,891,195166,California
Monterey,2021-04-27,2561,312971,899,135661,1545,163195,117,14115,1117,66343,1439,130056,1233,196399,California
Monterey,2021-04-28,3492,316463,1355,137016,1999,165194,138,14253,2170,67339,1309,131365,2305,198704,California
Monterey,2021-04-29,4376,320839,2405,139421,1895,167089,76,14329,1628,66306,2738,134103,1705,200409,California
Monterey,2021-04-30,3074,323913,1653,141074,1345,168434,76,14405,760,64835,2305,136408,834,201243,California
Monterey,2021-05-01,5601,329514,4227,145301,1334,169768,40,14445,678,60643,4908,141316,716,201959,California
Monterey,2021-05-02,4349,333863,3923,149224,399,170167,27,14472,324,56982,4012,145328,351,202310,California
Monterey,2021-05-03,2516,336379,1561,150785,839,171006,116,14588,584,55760,1922,147250,700,203010,California
Monterey,2021-05-04,1725,338104,586,151371,1049,172055,90,14678,629,55397,1083,148333,720,203730,California
Monterey,2021-05-05,3239,341343,1183,152554,1971,174026,85,14763,1050,54357,2176,150509,1136,204866,California
Monterey,2021-05-06,4120,345463,2739,155293,1164,175190,217,14980,1142,52754,2962,153471,1359,206225,California
Monterey,2021-05-07,1914,347377,932,156225,883,176073,99,15079,700,52345,1207,154678,798,207023,California
Monterey,2021-05-08,2571,349948,1366,157591,883,176956,322,15401,915,51934,1645,156323,1234,208257,California
Monterey,2021-05-09,394,350342,113,157704,255,177211,26,15427,143,51853,250,156573,169,208426,California
Monterey,2021-05-10,2582,352924,1853,159557,682,177893,47,15474,341,50010,2232,158805,389,208815,California
Monterey,2021-05-11,1718,354642,885,160442,769,178662,64,15538,735,49840,969,159774,799,209614,California
Monterey,2021-05-12,3522,358164,1939,162381,1514,180176,69,15607,776,47952,2734,162508,846,210460,California
Monterey,2021-05-13,2154,360318,1262,163643,854,181030,38,15645,1199,48246,940,163448,1234,211694,California
Monterey,2021-05-14,766,361084,158,163801,572,181602,36,15681,303,48128,457,163905,339,212033,California
Napa,2020-12-16,12,12,12,12,0,0,0,0,12,12,0,0,12,12,California
Napa,2020-12-17,44,56,44,56,0,0,0,0,44,56,0,0,44,56,California
Napa,2020-12-18,102,158,102,158,0,0,0,0,102,158,0,0,102,158,California
Napa,2020-12-19,221,379,221,379,0,0,0,0,221,379,0,0,221,379,California
Napa,2020-12-20,190,569,190,569,0,0,0,0,190,569,0,0,190,569,California
Napa,2020-12-21,312,881,312,881,0,0,0,0,313,882,0,0,313,882,California
Napa,2020-12-22,340,1221,331,1212,9,9,0,0,340,1222,0,0,340,1222,California
Napa,2020-12-23,429,1650,319,1531,110,119,0,0,429,1651,0,0,429,1651,California
Napa,2020-12-24,139,1789,78,1609,61,180,0,0,139,1790,0,0,139,1790,California
Napa,2020-12-25,1,1790,1,1610,0,180,0,0,1,1791,0,0,1,1791,California
Napa,2020-12-26,39,1829,11,1621,28,208,0,0,39,1830,0,0,39,1830,California
Napa,2020-12-27,32,1861,16,1637,16,224,0,0,32,1862,0,0,32,1862,California
Napa,2020-12-28,252,2113,186,1823,66,290,0,0,281,2143,0,0,281,2143,California
Napa,2020-12-29,274,2387,215,2038,59,349,0,0,307,2450,0,0,307,2450,California
Napa,2020-12-30,628,3015,485,2523,143,492,0,0,636,3086,0,0,636,3086,California
Napa,2020-12-31,459,3474,371,2894,88,580,0,0,459,3545,0,0,459,3545,California
Napa,2021-01-01,1,3475,1,2895,0,580,0,0,1,3546,0,0,1,3546,California
Napa,2021-01-02,98,3573,93,2988,5,585,0,0,98,3644,0,0,98,3644,California
Napa,2021-01-03,13,3586,11,2999,2,587,0,0,9,3653,0,0,9,3653,California
Napa,2021-01-04,107,3693,64,3063,43,630,0,0,107,3760,0,0,107,3760,California
Napa,2021-01-05,162,3855,85,3148,77,707,0,0,145,3881,24,24,145,3905,California
Napa,2021-01-06,460,4315,115,3263,345,1052,0,0,396,4215,62,86,396,4301,California
Napa,2021-01-07,498,4813,235,3498,263,1315,0,0,397,4512,100,186,397,4698,California
Napa,2021-01-08,444,5257,228,3726,216,1531,0,0,262,4593,181,367,262,4960,California
Napa,2021-01-09,325,5582,300,4026,25,1556,0,0,189,4646,136,503,189,5149,California
Napa,2021-01-10,186,5768,103,4129,83,1639,0,0,109,4678,77,580,109,5258,California
Napa,2021-01-11,882,6650,426,4555,456,2095,0,0,509,4815,374,954,511,5769,California
Napa,2021-01-12,1314,7964,372,4927,942,3037,0,0,997,5495,317,1271,997,6766,California
Napa,2021-01-13,1311,9275,264,5191,1047,4084,0,0,1149,6484,161,1432,1150,7916,California
Napa,2021-01-14,1054,10329,173,5364,881,4965,0,0,936,7304,116,1548,936,8852,California
Napa,2021-01-15,1455,11784,384,5748,1071,6036,0,0,1306,8454,157,1705,1307,10159,California
Napa,2021-01-16,358,12142,134,5882,224,6260,0,0,340,8776,18,1723,340,10499,California
Napa,2021-01-17,341,12483,176,6058,165,6425,0,0,331,9097,10,1733,331,10830,California
Napa,2021-01-18,1081,13564,197,6255,884,7309,0,0,990,9996,91,1824,990,11820,California
Napa,2021-01-19,1009,14573,404,6659,605,7914,0,0,767,10522,241,2065,767,12587,California
Napa,2021-01-20,825,15398,185,6844,640,8554,0,0,642,10983,181,2246,642,13229,California
Napa,2021-01-21,1336,16734,374,7218,962,9516,0,0,1081,11811,254,2500,1082,14311,California
Napa,2021-01-22,1541,18275,412,7630,1129,10645,0,0,1214,12700,326,2826,1215,15526,California
Napa,2021-01-23,398,18673,318,7948,80,10725,0,0,336,12974,62,2888,336,15862,California
Napa,2021-01-24,265,18938,188,8136,77,10802,0,0,208,13125,57,2945,208,16070,California
Napa,2021-01-25,1521,20459,231,8367,1290,12092,0,0,1431,14466,90,3035,1431,17501,California
Napa,2021-01-26,880,21339,286,8653,594,12686,0,0,786,15159,94,3129,787,18288,California
Napa,2021-01-27,626,21965,221,8874,405,13091,0,0,470,15474,156,3285,471,18759,California
Napa,2021-01-28,389,22354,176,9050,213,13304,0,0,197,15481,190,3475,197,18956,California
Napa,2021-01-29,256,22610,65,9115,191,13495,0,0,161,15547,95,3570,161,19117,California
Napa,2021-01-30,805,23415,696,9811,109,13604,0,0,641,16024,164,3734,641,19758,California
Napa,2021-01-31,656,24071,625,10436,31,13635,0,0,630,16628,26,3760,630,20388,California
Napa,2021-02-01,315,24386,110,10546,205,13840,0,0,163,16639,152,3912,163,20551,California
Napa,2021-02-02,608,24994,280,10826,328,14168,0,0,297,16628,308,4220,297,20848,California
Napa,2021-02-03,745,25739,309,11135,436,14604,0,0,430,16744,314,4534,430,21278,California
Napa,2021-02-04,789,26528,373,11508,416,15020,0,0,441,16839,346,4880,441,21719,California
Napa,2021-02-05,711,27239,310,11818,401,15421,0,0,344,16816,367,5247,344,22063,California
Napa,2021-02-06,434,27673,146,11964,288,15709,0,0,328,17038,106,5353,328,22391,California
Napa,2021-02-07,176,27849,163,12127,13,15722,0,0,71,17004,105,5458,71,22462,California
Napa,2021-02-08,836,28685,191,12318,645,16367,0,0,274,16719,559,6017,274,22736,California
Napa,2021-02-09,1079,29764,445,12763,634,17001,0,0,439,16518,640,6657,439,23175,California
Napa,2021-02-10,1720,31484,193,12956,1527,18528,0,0,452,15706,1265,7922,453,23628,California
Napa,2021-02-11,1496,32980,195,13151,1301,19829,0,0,407,15037,1076,8998,407,24035,California
Napa,2021-02-12,2164,35144,842,13993,1322,21151,0,0,724,14325,1436,10434,724,24759,California
Napa,2021-02-13,501,35645,53,14046,448,21599,0,0,315,14454,186,10620,315,25074,California
Napa,2021-02-14,357,36002,89,14135,268,21867,0,0,195,14487,162,10782,195,25269,California
Napa,2021-02-15,877,36879,183,14318,694,22561,0,0,222,14056,653,11435,222,25491,California
Napa,2021-02-16,1288,38167,597,14915,691,23252,0,0,612,13994,674,12109,612,26103,California
Napa,2021-02-17,1050,39217,534,15449,516,23768,0,0,481,13908,567,12676,481,26584,California
Napa,2021-02-18,1902,41119,486,15935,1416,25184,0,0,659,13327,1240,13916,659,27243,California
Napa,2021-02-19,1482,42601,587,16522,895,26079,0,0,676,13198,805,14721,676,27919,California
Napa,2021-02-20,823,43424,597,17119,226,26305,0,0,274,12923,549,15270,274,28193,California
Napa,2021-02-21,798,44222,735,17854,63,26368,0,0,196,12517,602,15872,196,28389,California
Napa,2021-02-22,444,44666,187,18041,257,26625,0,0,138,12349,306,16178,138,28527,California
Napa,2021-02-23,1124,45790,300,18341,824,27449,0,0,308,11841,816,16994,308,28835,California
Napa,2021-02-24,1163,46953,644,18985,519,27968,0,0,577,11834,584,17578,577,29412,California
Napa,2021-02-25,2556,49509,1224,20209,1332,29300,0,0,1846,12971,709,18287,1846,31258,California
Napa,2021-02-26,1506,51015,529,20738,977,30277,0,0,594,12655,910,19197,594,31852,California
Napa,2021-02-27,1122,52137,380,21118,742,31019,0,0,870,13275,250,19447,870,32722,California
Napa,2021-02-28,560,52697,459,21577,101,31120,0,0,461,13639,97,19544,461,33183,California
Napa,2021-03-01,1102,53799,816,22393,286,31406,0,0,832,14202,269,19813,832,34015,California
Napa,2021-03-02,1484,55283,1024,23417,460,31866,0,0,1142,15003,341,20154,1142,35157,California
Napa,2021-03-03,1555,56838,690,24107,865,32731,0,0,1370,16189,184,20338,1370,36527,California
Napa,2021-03-04,1709,58547,785,24892,924,33655,0,0,1471,17425,235,20573,1471,37998,California
Napa,2021-03-05,1895,60442,788,25680,1103,34758,4,4,1475,18486,418,20991,1479,39477,California
Napa,2021-03-06,647,61089,280,25960,336,35094,31,35,535,18942,110,21101,566,40043,California
Napa,2021-03-07,521,61610,318,26278,188,35282,15,50,372,19180,149,21250,387,40430,California
Napa,2021-03-08,708,62318,330,26608,325,35607,53,103,531,19589,175,21425,584,41014,California
Napa,2021-03-09,1637,63955,573,27181,1018,36625,46,149,1205,20411,429,21854,1251,42265,California
Napa,2021-03-10,1478,65433,917,28098,468,37093,93,242,777,20583,697,22551,869,43134,California
Napa,2021-03-11,1878,67311,1060,29158,688,37781,130,372,985,20805,893,23444,1115,44249,California
Napa,2021-03-12,1506,68817,914,30072,496,38277,96,468,801,20998,703,24147,896,45145,California
Napa,2021-03-13,1166,69983,301,30373,840,39117,25,493,827,21513,337,24484,852,45997,California
Napa,2021-03-14,612,70595,330,30703,134,39251,148,641,228,21505,383,24867,375,46372,California
Napa,2021-03-15,950,71545,409,31112,472,39723,69,710,481,21588,467,25334,550,46922,California
Napa,2021-03-16,1841,73386,389,31501,1326,41049,126,836,1379,22636,458,25792,1506,48428,California
Napa,2021-03-17,2502,75888,1851,33352,472,41521,179,1015,1589,23491,913,26705,1768,50196,California
Napa,2021-03-18,2110,77998,921,34273,1179,42700,10,1025,1284,23961,824,27529,1294,51490,California
Napa,2021-03-19,1443,79441,872,35145,543,43243,28,1053,710,23969,730,28259,738,52228,California
Napa,2021-03-20,1008,80449,529,35674,326,43569,153,1206,434,23983,573,28832,587,52815,California
Napa,2021-03-21,702,81151,680,36354,20,43589,2,1208,350,23984,351,29183,352,53167,California
Napa,2021-03-22,1295,82446,1119,37473,165,43754,11,1219,493,23691,797,29980,504,53671,California
Napa,2021-03-23,1869,84315,1177,38650,675,44429,17,1236,1024,23891,841,30821,1041,54712,California
Napa,2021-03-24,1706,86021,945,39595,753,45182,8,1244,820,23834,885,31706,828,55540,California
Napa,2021-03-25,1916,87937,1052,40647,810,45992,54,1298,767,23512,1143,32849,821,56361,California
Napa,2021-03-26,1299,89236,831,41478,462,46454,6,1304,593,23409,702,33551,599,56960,California
Napa,2021-03-27,952,90188,432,41910,493,46947,27,1331,318,23120,634,34185,345,57305,California
Napa,2021-03-28,484,90672,374,42284,103,47050,7,1338,184,23012,299,34484,191,57496,California
Napa,2021-03-29,1195,91867,871,43155,319,47369,5,1343,735,23293,459,34943,740,58236,California
Napa,2021-03-30,2550,94417,931,44086,1615,48984,4,1347,1762,24272,788,35731,1767,60003,California
Napa,2021-03-31,1965,96382,958,45044,938,49922,69,1416,803,23983,1159,36890,870,60873,California
Napa,2021-04-01,1741,98123,839,45883,785,50707,117,1533,477,23319,1258,38148,594,61467,California
Napa,2021-04-02,1849,99972,825,46708,883,51590,141,1674,468,22557,1378,39526,616,62083,California
Napa,2021-04-03,628,100600,364,47072,205,51795,59,1733,212,22411,416,39942,270,62353,California
Napa,2021-04-04,354,100954,144,47216,152,51947,58,1791,124,22364,229,40171,182,62535,California
Napa,2021-04-05,1266,102220,756,47972,291,52238,219,2010,572,22462,693,40864,791,63326,California
Napa,2021-04-06,2232,104452,560,48532,1418,53656,254,2264,528,21543,1701,42565,782,64108,California
Napa,2021-04-07,1726,106178,704,49236,801,54457,221,2485,526,21094,1195,43760,746,64854,California
Napa,2021-04-08,1847,108025,1058,50294,419,54876,370,2855,957,21534,886,44646,1326,66180,California
Napa,2021-04-09,1530,109555,919,51213,309,55185,302,3157,676,21659,852,45498,977,67157,California
Napa,2021-04-10,1031,110586,346,51559,584,55769,101,3258,239,21207,791,46289,339,67496,California
Napa,2021-04-11,384,110970,299,51858,62,55831,23,3281,155,21156,229,46518,178,67674,California
Napa,2021-04-12,784,111754,302,52160,358,56189,124,3405,290,21074,493,47011,411,68085,California
Napa,2021-04-13,2526,114280,844,53004,1682,57871,0,3405,924,20401,1597,48608,924,69009,California
Napa,2021-04-14,2066,116346,981,53985,1085,58956,0,3405,1007,20358,1050,49658,1007,70016,California
Napa,2021-04-15,2057,118403,529,54514,1528,60484,0,3405,880,20066,1172,50830,880,70896,California
Napa,2021-04-16,2892,121295,1568,56082,1324,61808,0,3405,2181,21538,709,51539,2181,73077,California
Napa,2021-04-17,1126,122421,265,56347,861,62669,0,3405,827,22068,297,51836,827,73904,California
Napa,2021-04-18,264,122685,172,56519,92,62761,0,3405,117,22039,146,51982,117,74021,California
Napa,2021-04-19,609,123294,339,56858,270,63031,0,3405,266,21963,342,52324,266,74287,California
Napa,2021-04-20,3029,126323,2055,58913,974,64005,0,3405,2077,23090,951,53275,2078,76365,California
Napa,2021-04-21,2912,129235,2152,61065,760,64765,0,3405,1858,23900,1049,54324,1859,78224,California
Napa,2021-04-22,1631,130866,1130,62195,501,65266,0,3405,833,23940,793,55117,833,79057,California
Napa,2021-04-23,1624,132490,1246,63441,376,65642,2,3407,1152,24624,468,55585,1152,80209,California
Napa,2021-04-24,555,133045,316,63757,239,65881,0,3407,284,24640,268,55853,284,80493,California
Napa,2021-04-25,249,133294,191,63948,58,65939,0,3407,129,24650,119,55972,129,80622,California
Napa,2021-04-26,509,133803,264,64212,245,66184,0,3407,264,24673,241,56213,264,80886,California
Napa,2021-04-27,1518,135321,438,64650,1069,67253,11,3418,633,24435,882,57095,644,81530,California
Napa,2021-04-28,971,136292,426,65076,528,67781,17,3435,319,24120,651,57746,336,81866,California
Napa,2021-04-29,637,136929,324,65400,294,68075,19,3454,198,23902,434,58180,216,82082,California
Napa,2021-04-30,599,137528,300,65700,235,68310,64,3518,248,23863,350,58530,311,82393,California
Napa,2021-05-01,320,137848,265,65965,44,68354,11,3529,117,23788,203,58733,128,82521,California
Napa,2021-05-02,237,138085,193,66158,38,68392,6,3535,99,23756,137,58870,105,82626,California
Napa,2021-05-03,623,138708,497,66655,91,68483,35,3570,102,23377,517,59387,138,82764,California
Napa,2021-05-04,1125,139833,717,67372,299,68782,109,3679,297,22959,824,60211,406,83170,California
Napa,2021-05-05,1019,140852,687,68059,296,69078,36,3715,256,22491,760,60971,292,83462,California
Napa,2021-05-06,712,141564,315,68374,374,69452,23,3738,368,22546,336,61307,391,83853,California
Napa,2021-05-07,554,142118,352,68726,158,69610,44,3782,174,22386,377,61684,217,84070,California
Napa,2021-05-08,249,142367,158,68884,80,69690,11,3793,88,22325,160,61844,99,84169,California
Napa,2021-05-09,108,142475,77,68961,31,69721,0,3793,50,22317,58,61902,50,84219,California
Napa,2021-05-10,411,142886,137,69098,255,69976,19,3812,105,22136,305,62207,124,84343,California
Napa,2021-05-11,2145,145031,1767,70865,353,70329,25,3837,370,20762,1769,63976,395,84738,California
Napa,2021-05-12,2149,147180,1344,72209,751,71080,54,3891,305,19281,1840,65816,359,85097,California
Napa,2021-05-13,1503,148683,830,73039,637,71717,36,3927,468,18757,1028,66844,504,85601,California
Napa,2021-05-14,925,149608,493,73532,374,72091,58,3985,167,18227,755,67599,225,85826,California
Nevada,2020-12-16,3,3,3,3,0,0,0,0,3,3,0,0,3,3,California
Nevada,2020-12-17,6,9,6,9,0,0,0,0,6,9,0,0,6,9,California
Nevada,2020-12-18,52,61,52,61,0,0,0,0,52,61,0,0,52,61,California
Nevada,2020-12-19,55,116,55,116,0,0,0,0,55,116,0,0,55,116,California
Nevada,2020-12-20,12,128,12,128,0,0,0,0,12,128,0,0,12,128,California
Nevada,2020-12-21,69,197,69,197,0,0,0,0,69,197,0,0,69,197,California
Nevada,2020-12-22,91,288,89,286,2,2,0,0,91,288,0,0,91,288,California
Nevada,2020-12-23,233,521,202,488,31,33,0,0,233,521,0,0,233,521,California
Nevada,2020-12-24,13,534,11,499,2,35,0,0,13,534,0,0,13,534,California
Nevada,2020-12-25,3,537,3,502,0,35,0,0,3,537,0,0,3,537,California
Nevada,2020-12-26,6,543,4,506,2,37,0,0,6,543,0,0,6,543,California
Nevada,2020-12-27,88,631,88,594,0,37,0,0,88,631,0,0,88,631,California
Nevada,2020-12-28,170,801,93,687,77,114,0,0,170,801,0,0,170,801,California
Nevada,2020-12-29,99,900,73,760,26,140,0,0,99,900,0,0,99,900,California
Nevada,2020-12-30,86,986,66,826,20,160,0,0,86,986,0,0,86,986,California
Nevada,2020-12-31,39,1025,9,835,30,190,0,0,39,1025,0,0,39,1025,California
Nevada,2021-01-01,2,1027,0,835,2,192,0,0,2,1027,0,0,2,1027,California
Nevada,2021-01-02,1,1028,1,836,0,192,0,0,1,1028,0,0,1,1028,California
Nevada,2021-01-03,129,1157,126,962,3,195,0,0,129,1157,0,0,129,1157,California
Nevada,2021-01-04,71,1228,47,1009,24,219,0,0,71,1228,0,0,71,1228,California
Nevada,2021-01-05,273,1501,132,1141,141,360,0,0,272,1499,1,1,272,1500,California
Nevada,2021-01-06,91,1592,43,1184,48,408,0,0,83,1574,8,9,83,1583,California
Nevada,2021-01-07,215,1807,43,1227,172,580,0,0,208,1777,6,15,209,1792,California
Nevada,2021-01-08,221,2028,129,1356,92,672,0,0,168,1893,53,68,169,1961,California
Nevada,2021-01-09,64,2092,56,1412,8,680,0,0,16,1861,48,116,16,1977,California
Nevada,2021-01-10,18,2110,9,1421,9,689,0,0,10,1863,8,124,10,1987,California
Nevada,2021-01-11,185,2295,131,1552,54,743,0,0,57,1792,128,252,57,2044,California
Nevada,2021-01-12,597,2892,451,2003,146,889,0,0,531,2257,66,318,531,2575,California
Nevada,2021-01-13,260,3152,147,2150,113,1002,0,0,125,2247,135,453,125,2700,California
Nevada,2021-01-14,238,3390,127,2277,111,1113,0,0,220,2450,17,470,220,2920,California
Nevada,2021-01-15,395,3785,170,2447,225,1338,0,0,297,2649,98,568,297,3217,California
Nevada,2021-01-16,296,4081,15,2462,281,1619,0,0,292,2937,4,572,292,3509,California
Nevada,2021-01-17,35,4116,31,2493,4,1623,0,0,33,2968,2,574,33,3542,California
Nevada,2021-01-18,152,4268,42,2535,110,1733,0,0,142,3100,10,584,142,3684,California
Nevada,2021-01-19,244,4512,85,2620,159,1892,0,0,225,3306,19,603,225,3909,California
Nevada,2021-01-20,259,4771,154,2774,105,1997,0,0,246,3539,13,616,246,4155,California
Nevada,2021-01-21,338,5109,207,2981,131,2128,0,0,325,3851,13,629,325,4480,California
Nevada,2021-01-22,348,5457,211,3192,137,2265,0,0,318,4139,30,659,318,4798,California
Nevada,2021-01-23,178,5635,105,3297,73,2338,0,0,178,4317,0,659,178,4976,California
Nevada,2021-01-24,105,5740,98,3395,7,2345,0,0,66,4344,39,698,66,5042,California
Nevada,2021-01-25,267,6007,137,3532,130,2475,0,0,206,4489,61,759,206,5248,California
Nevada,2021-01-26,402,6409,141,3673,261,2736,0,0,298,4683,104,863,298,5546,California
Nevada,2021-01-27,419,6828,248,3921,171,2907,0,0,395,5054,24,887,395,5941,California
Nevada,2021-01-28,470,7298,319,4240,151,3058,0,0,426,5437,43,930,426,6367,California
Nevada,2021-01-29,603,7901,392,4632,211,3269,0,0,576,5988,26,956,577,6944,California
Nevada,2021-01-30,232,8133,105,4737,127,3396,0,0,229,6214,3,959,229,7173,California
Nevada,2021-01-31,103,8236,86,4823,17,3413,0,0,101,6315,1,960,102,7275,California
Nevada,2021-02-01,291,8527,71,4894,220,3633,0,0,277,6578,14,974,277,7552,California
Nevada,2021-02-02,521,9048,184,5078,337,3970,0,0,322,6701,199,1173,322,7874,California
Nevada,2021-02-03,812,9860,572,5650,240,4210,0,0,758,7406,53,1226,758,8632,California
Nevada,2021-02-04,738,10598,391,6041,347,4557,0,0,488,7645,249,1475,488,9120,California
Nevada,2021-02-05,644,11242,367,6408,277,4834,0,0,455,7913,187,1662,455,9575,California
Nevada,2021-02-06,269,11511,83,6491,186,5020,0,0,242,8128,27,1689,242,9817,California
Nevada,2021-02-07,245,11756,192,6683,53,5073,0,0,190,8263,55,1744,190,10007,California
Nevada,2021-02-08,651,12407,407,7090,244,5317,0,0,552,8716,99,1843,552,10559,California
Nevada,2021-02-09,602,13009,337,7427,265,5582,0,0,463,9040,139,1982,463,11022,California
Nevada,2021-02-10,648,13657,323,7750,325,5907,0,0,417,9227,231,2213,418,11440,California
Nevada,2021-02-11,871,14528,505,8255,366,6273,0,0,542,9441,328,2541,542,11982,California
Nevada,2021-02-12,937,15465,437,8692,500,6773,0,0,616,9739,318,2859,616,12598,California
Nevada,2021-02-13,600,16065,236,8928,364,7137,0,0,388,9920,208,3067,389,12987,California
Nevada,2021-02-14,229,16294,119,9047,110,7247,0,0,201,10093,28,3095,201,13188,California
Nevada,2021-02-15,709,17003,438,9485,271,7518,0,0,535,10454,174,3269,535,13723,California
Nevada,2021-02-16,622,17625,197,9682,425,7943,0,0,452,10737,169,3438,452,14175,California
Nevada,2021-02-17,1186,18811,764,10446,422,8365,0,0,856,11263,330,3768,856,15031,California
Nevada,2021-02-18,1007,19818,548,10994,459,8824,0,0,600,11458,405,4173,600,15631,California
Nevada,2021-02-19,1015,20833,630,11624,385,9209,0,0,653,11751,361,4534,654,16285,California
Nevada,2021-02-20,298,21131,106,11730,192,9401,0,0,173,11800,124,4658,173,16458,California
Nevada,2021-02-21,90,21221,85,11815,5,9406,0,0,8,11727,81,4739,8,16466,California
Nevada,2021-02-22,494,21715,327,12142,167,9573,0,0,346,11926,147,4886,346,16812,California
Nevada,2021-02-23,469,22184,220,12362,249,9822,0,0,206,11872,260,5146,206,17018,California
Nevada,2021-02-24,474,22658,236,12598,238,10060,0,0,249,11898,225,5371,251,17269,California
Nevada,2021-02-25,861,23519,467,13065,394,10454,0,0,432,11903,427,5798,432,17701,California
Nevada,2021-02-26,1237,24756,881,13946,356,10810,0,0,408,11485,826,6624,408,18109,California
Nevada,2021-02-27,354,25110,110,14056,244,11054,0,0,184,11499,170,6794,184,18293,California
Nevada,2021-02-28,265,25375,152,14208,113,11167,0,0,123,11481,141,6935,123,18416,California
Nevada,2021-03-01,825,26200,428,14636,397,11564,0,0,359,11376,464,7399,359,18775,California
Nevada,2021-03-02,709,26909,263,14899,446,12010,0,0,481,11633,224,7623,481,19256,California
Nevada,2021-03-03,965,27874,491,15390,473,12483,1,1,494,11658,470,8093,495,19751,California
Nevada,2021-03-04,1103,28977,616,16006,487,12970,0,1,465,11488,635,8728,465,20216,California
Nevada,2021-03-05,821,29798,460,16466,351,13321,10,11,363,11405,456,9184,373,20589,California
Nevada,2021-03-06,359,30157,121,16587,211,13532,27,38,145,11363,214,9398,172,20761,California
Nevada,2021-03-07,211,30368,109,16696,83,13615,19,57,70,11311,141,9539,89,20850,California
Nevada,2021-03-08,807,31175,538,17234,224,13839,45,102,360,11271,446,9985,406,21256,California
Nevada,2021-03-09,672,31847,321,17555,301,14140,50,152,369,11388,301,10286,418,21674,California
Nevada,2021-03-10,961,32808,606,18161,299,14439,56,208,323,11133,634,10920,379,22053,California
Nevada,2021-03-11,1105,33913,725,18886,355,14794,25,233,551,11163,546,11466,576,22629,California
Nevada,2021-03-12,1193,35106,723,19609,440,15234,30,263,507,11015,684,12150,536,23165,California
Nevada,2021-03-13,272,35378,53,19662,214,15448,5,268,101,10950,170,12320,105,23270,California
Nevada,2021-03-14,155,35533,21,19683,128,15576,6,274,33,10867,122,12442,39,23309,California
Nevada,2021-03-15,842,36375,456,20139,374,15950,12,286,358,10756,481,12923,370,23679,California
Nevada,2021-03-16,994,37369,466,20605,467,16417,61,347,646,11117,346,13269,707,24386,California
Nevada,2021-03-17,1017,38386,451,21056,556,16973,10,357,586,11285,428,13697,596,24982,California
Nevada,2021-03-18,974,39360,529,21585,422,17395,23,380,479,11296,491,14188,502,25484,California
Nevada,2021-03-19,758,40118,438,22023,283,17678,37,417,352,11283,402,14590,389,25873,California
Nevada,2021-03-20,820,40938,92,22115,304,17982,424,841,233,11355,581,15171,653,26526,California
Nevada,2021-03-21,58,40996,32,22147,25,18007,1,842,40,11379,17,15188,41,26567,California
Nevada,2021-03-22,797,41793,516,22663,276,18283,5,847,536,11661,259,15447,541,27108,California
Nevada,2021-03-23,851,42644,382,23045,443,18726,26,873,640,12119,208,15655,666,27774,California
Nevada,2021-03-24,1021,43665,542,23587,472,19198,7,880,649,12408,366,16021,655,28429,California
Nevada,2021-03-25,901,44566,453,24040,423,19621,25,905,494,12520,406,16427,518,28947,California
Nevada,2021-03-26,1138,45704,433,24473,667,20288,38,943,827,13076,308,16735,864,29811,California
Nevada,2021-03-27,568,46272,71,24544,481,20769,16,959,386,13296,182,16917,402,30213,California
Nevada,2021-03-28,175,46447,50,24594,112,20881,13,972,39,13215,133,17050,52,30265,California
Nevada,2021-03-29,821,47268,501,25095,298,21179,22,994,392,13202,426,17476,413,30678,California
Nevada,2021-03-30,1042,48310,475,25570,533,21712,34,1028,537,13276,497,17973,571,31249,California
Nevada,2021-03-31,1175,49485,659,26229,499,22211,17,1045,693,13513,473,18446,710,31959,California
Nevada,2021-04-01,1235,50720,720,26949,462,22673,53,1098,548,13435,679,19125,601,32560,California
Nevada,2021-04-02,1283,52003,656,27605,591,23264,36,1134,760,13712,519,19644,796,33356,California
Nevada,2021-04-03,288,52291,89,27694,161,23425,38,1172,83,13629,204,19848,121,33477,California
Nevada,2021-04-04,128,52419,42,27736,79,23504,7,1179,77,13662,51,19899,84,33561,California
Nevada,2021-04-05,929,53348,611,28347,299,23803,19,1198,618,13991,308,20207,637,34198,California
Nevada,2021-04-06,1072,54420,663,29010,265,24068,144,1342,472,14013,593,20800,615,34813,California
Nevada,2021-04-07,1145,55565,817,29827,246,24314,82,1424,607,14170,531,21331,688,35501,California
Nevada,2021-04-08,1278,56843,889,30716,306,24620,83,1507,704,14386,571,21902,787,36288,California
Nevada,2021-04-09,1243,58086,847,31563,327,24947,69,1576,843,14899,399,22301,912,37200,California
Nevada,2021-04-10,262,58348,76,31639,110,25057,76,1652,107,14928,154,22455,183,37383,California
Nevada,2021-04-11,100,58448,31,31670,65,25122,4,1656,39,14910,61,22516,43,37426,California
Nevada,2021-04-12,740,59188,539,32209,184,25306,17,1673,313,14817,423,22939,330,37756,California
Nevada,2021-04-13,882,60070,350,32559,532,25838,0,1673,474,14885,406,23345,474,38230,California
Nevada,2021-04-14,1047,61117,566,33125,481,26319,0,1673,536,14918,503,23848,536,38766,California
Nevada,2021-04-15,1072,62189,706,33831,366,26685,0,1673,622,15100,440,24288,622,39388,California
Nevada,2021-04-16,893,63082,691,34522,202,26887,0,1673,522,15252,370,24658,522,39910,California
Nevada,2021-04-17,196,63278,50,34572,146,27033,0,1673,85,15227,110,24768,85,39995,California
Nevada,2021-04-18,184,63462,21,34593,163,27196,0,1673,102,15247,82,24850,102,40097,California
Nevada,2021-04-19,747,64209,480,35073,267,27463,0,1673,303,15114,436,25286,303,40400,California
Nevada,2021-04-20,796,65005,308,35381,488,27951,0,1673,298,14919,493,25779,298,40698,California
Nevada,2021-04-21,900,65905,493,35874,407,28358,0,1673,268,14564,623,26402,268,40966,California
Nevada,2021-04-22,994,66899,621,36495,373,28731,0,1673,339,14260,643,27045,339,41305,California
Nevada,2021-04-23,1217,68116,539,37034,678,29409,0,1673,394,13842,812,27857,394,41699,California
Nevada,2021-04-24,521,68637,73,37107,448,29857,0,1673,170,13663,349,28206,170,41869,California
Nevada,2021-04-25,116,68753,61,37168,50,29907,5,1678,51,13655,64,28270,56,41925,California
Nevada,2021-04-26,704,69457,527,37695,169,30076,8,1686,198,13364,497,28767,206,42131,California
Nevada,2021-04-27,774,70231,348,38043,421,30497,5,1691,403,13409,363,29130,408,42539,California
Nevada,2021-04-28,983,71214,580,38623,398,30895,5,1696,387,13210,591,29721,392,42931,California
Nevada,2021-04-29,1012,72226,709,39332,299,31194,4,1700,277,12758,733,30454,281,43212,California
Nevada,2021-04-30,1221,73447,723,40055,489,31683,9,1709,199,11946,1020,31474,208,43420,California
Nevada,2021-05-01,142,73589,64,40119,74,31757,4,1713,63,11936,77,31551,67,43487,California
Nevada,2021-05-02,53,73642,29,40148,20,31777,4,1717,19,11925,34,31585,23,43510,California
Nevada,2021-05-03,606,74248,404,40552,182,31959,20,1737,178,11697,425,32010,197,43707,California
Nevada,2021-05-04,584,74832,169,40721,397,32356,18,1755,331,11797,249,32259,349,44056,California
Nevada,2021-05-05,732,75564,381,41102,337,32693,14,1769,321,11729,403,32662,335,44391,California
Nevada,2021-05-06,799,76363,561,41663,227,32920,11,1780,196,11341,595,33257,207,44598,California
Nevada,2021-05-07,879,77242,487,42150,357,33277,35,1815,193,10886,683,33940,228,44826,California
Nevada,2021-05-08,172,77414,20,42170,132,33409,20,1835,82,10898,90,34030,102,44928,California
Nevada,2021-05-09,42,77456,8,42178,32,33441,2,1837,19,10896,23,34053,21,44949,California
Nevada,2021-05-10,386,77842,245,42423,117,33558,24,1861,74,10682,312,34365,98,45047,California
Nevada,2021-05-11,510,78352,150,42573,347,33905,13,1874,127,10447,375,34740,140,45187,California
Nevada,2021-05-12,537,78889,227,42800,298,34203,12,1886,150,10231,378,35118,162,45349,California
Nevada,2021-05-13,781,79670,525,43325,250,34453,6,1892,401,10267,371,35489,407,45756,California
Nevada,2021-05-14,636,80306,526,43851,99,34552,11,1903,367,10379,266,35755,378,46134,California
Orange,2020-12-15,16,16,16,16,0,0,0,0,16,16,0,0,16,16,California
Orange,2020-12-16,366,382,366,382,0,0,0,0,366,382,0,0,366,382,California
Orange,2020-12-17,3727,4109,3727,4109,0,0,0,0,3726,4108,0,0,3726,4108,California
Orange,2020-12-18,5060,9169,5052,9161,8,8,0,0,5059,9167,0,0,5059,9167,California
Orange,2020-12-19,2234,11403,2227,11388,7,15,0,0,2233,11400,0,0,2233,11400,California
Orange,2020-12-20,1988,13391,1985,13373,3,18,0,0,1989,13389,0,0,1989,13389,California
Orange,2020-12-21,4254,17645,4248,17621,6,24,0,0,4254,17643,0,0,4254,17643,California
Orange,2020-12-22,3984,21629,3949,21570,35,59,0,0,3984,21627,0,0,3984,21627,California
Orange,2020-12-23,3565,25194,3202,24772,363,422,0,0,3567,25194,0,0,3567,25194,California
Orange,2020-12-24,1381,26575,1079,25851,302,724,0,0,1381,26575,0,0,1381,26575,California
Orange,2020-12-25,17,26592,12,25863,5,729,0,0,17,26592,0,0,17,26592,California
Orange,2020-12-26,1024,27616,423,26286,601,1330,0,0,1024,27616,0,0,1024,27616,California
Orange,2020-12-27,582,28198,275,26561,307,1637,0,0,582,28198,0,0,582,28198,California
Orange,2020-12-28,3543,31741,2568,29129,975,2612,0,0,3543,31741,0,0,3543,31741,California
Orange,2020-12-29,3575,35316,2563,31692,1012,3624,0,0,3574,35314,1,1,3574,35315,California
Orange,2020-12-30,5130,40446,3555,35247,1575,5199,0,0,5130,40444,0,1,5130,40445,California
Orange,2020-12-31,1500,41946,802,36049,698,5897,0,0,1500,41944,0,1,1500,41945,California
Orange,2021-01-01,547,42493,299,36348,248,6145,0,0,546,42489,1,2,546,42491,California
Orange,2021-01-02,1416,43909,904,37252,512,6657,0,0,1416,43905,0,2,1416,43907,California
Orange,2021-01-03,584,44493,324,37576,260,6917,0,0,584,44489,0,2,584,44491,California
Orange,2021-01-04,2746,47239,1561,39137,1185,8102,0,0,2747,47235,1,3,2747,47238,California
Orange,2021-01-05,3526,50765,2297,41434,1229,9331,0,0,3118,49952,404,407,3121,50359,California
Orange,2021-01-06,5015,55780,3468,44902,1547,10878,0,0,3647,52243,1356,1763,3647,54006,California
Orange,2021-01-07,9278,65058,5173,50075,4105,14983,0,0,5705,54392,3560,5323,5709,59715,California
Orange,2021-01-08,9427,74485,5271,55346,4156,19139,0,0,5661,56300,3756,9079,5664,65379,California
Orange,2021-01-09,5012,79497,1743,57089,3269,22408,0,0,3731,58750,1281,10360,3731,69110,California
Orange,2021-01-10,4239,83736,1043,58132,3196,25604,0,0,3359,61234,879,11239,3363,72473,California
Orange,2021-01-11,9449,93185,4909,63041,4540,30144,0,0,5824,63431,3628,14867,5825,78298,California
Orange,2021-01-12,8825,102010,4728,67769,4097,34241,0,0,5359,65327,3464,18331,5360,83658,California
Orange,2021-01-13,10271,112281,4929,72698,5342,39583,0,0,7064,69195,3203,21534,7071,90729,California
Orange,2021-01-14,9974,122255,3779,76477,6195,45778,0,0,8383,75995,1589,23123,8389,99118,California
Orange,2021-01-15,10183,132438,2632,79109,7551,53329,0,0,9304,84418,887,24010,9310,108428,California
Orange,2021-01-16,8709,141147,2094,81203,6615,59944,0,0,8313,92341,395,24405,8318,116746,California
Orange,2021-01-17,8162,149309,1485,82688,6677,66621,0,0,8015,100219,147,24552,8025,124771,California
Orange,2021-01-18,9759,159068,4461,87149,5298,71919,0,0,7516,105492,2246,26798,7519,132290,California
Orange,2021-01-19,7498,166566,5416,92565,2082,74001,0,0,4866,107727,2632,29430,4867,137157,California
Orange,2021-01-20,8385,174951,5921,98486,2464,76465,0,0,5324,109996,3062,32492,5331,142488,California
Orange,2021-01-21,11018,185969,4907,103393,6111,82576,0,0,10207,119404,810,33302,10218,152706,California
Orange,2021-01-22,13668,199637,5144,108537,8524,91100,0,0,12812,131375,849,34151,12820,165526,California
Orange,2021-01-23,13147,212784,6191,114728,6956,98056,0,0,12161,142561,984,35135,12170,177696,California
Orange,2021-01-24,9822,222606,4294,119022,5528,103584,0,0,9491,151727,328,35463,9494,187190,California
Orange,2021-01-25,10460,233066,5872,124894,4588,108172,0,0,7729,156736,2725,38188,7734,194924,California
Orange,2021-01-26,11909,244975,7723,132617,4186,112358,0,0,9738,164310,2167,40355,9741,204665,California
Orange,2021-01-27,13444,258419,8012,140629,5432,117790,0,0,10736,172354,2697,43052,10741,215406,California
Orange,2021-01-28,13049,271468,7215,147844,5834,123624,0,0,11175,181678,1859,44911,11183,226589,California
Orange,2021-01-29,13655,285123,8461,156305,5194,128818,0,0,10755,189552,2885,47796,10759,237348,California
Orange,2021-01-30,12939,298062,4447,160752,8492,137310,0,0,12191,201013,733,48529,12194,249542,California
Orange,2021-01-31,13722,311784,4946,165698,8776,146086,0,0,13259,213822,457,48986,13266,262808,California
Orange,2021-02-01,14117,325901,5827,171525,8290,154376,0,0,12082,223896,2014,51000,12088,274896,California
Orange,2021-02-02,15445,341346,8382,179907,7063,161439,0,0,12685,233930,2654,53654,12688,287584,California
Orange,2021-02-03,16775,358121,12591,192498,4184,165623,0,0,13739,244715,2959,56613,13744,301328,California
Orange,2021-02-04,19887,378008,13002,205500,6885,172508,0,0,14792,254451,5064,61677,14800,316128,California
Orange,2021-02-05,20781,398789,12032,217532,8749,181257,0,0,14476,262669,6263,67940,14481,330609,California
Orange,2021-02-06,16342,415131,10797,228329,5545,186802,0,0,11079,268718,5248,73188,11297,341906,California
Orange,2021-02-07,11534,426665,8110,236439,3424,190226,0,0,7555,272479,3963,77151,7724,349630,California
Orange,2021-02-08,14966,441631,8597,245036,6369,196595,0,0,8939,275422,5997,83148,8940,358570,California
Orange,2021-02-09,17686,459317,12041,257077,5645,202240,0,0,10711,279237,6901,90049,10716,369286,California
Orange,2021-02-10,20934,480251,11203,268280,9731,211971,0,0,12682,283773,8155,98204,12691,381977,California
Orange,2021-02-11,22114,502365,11496,279776,10618,222589,0,0,12378,286565,9604,107808,12396,394373,California
Orange,2021-02-12,24807,527172,11919,291695,12888,235477,0,0,14633,291091,10113,117921,14639,409012,California
Orange,2021-02-13,22021,549193,11918,303613,10103,245580,0,0,11145,292204,10673,128594,11786,420798,California
Orange,2021-02-14,16200,565393,6574,310187,9626,255206,0,0,9551,295133,6623,135217,9552,430350,California
Orange,2021-02-15,17241,582634,7400,317587,9841,265047,0,0,8887,295718,8311,143528,8896,439246,California
Orange,2021-02-16,19953,602587,8997,326584,10956,276003,0,0,10729,297296,9175,152703,10753,449999,California
Orange,2021-02-17,17917,620504,9346,335930,8571,284574,0,0,9197,297854,8671,161374,9229,459228,California
Orange,2021-02-18,15049,635553,9886,345816,5163,289737,0,0,6786,296441,8208,169582,6795,466023,California
Orange,2021-02-19,18200,653753,10896,356712,7304,297041,0,0,6932,292168,11217,180799,6944,472967,California
Orange,2021-02-20,7530,661283,5620,362332,1910,298951,0,0,3781,292232,3727,184526,3791,476758,California
Orange,2021-02-21,4393,665676,3707,366039,686,299637,0,0,795,289468,3559,188085,795,477553,California
Orange,2021-02-22,9669,675345,7888,373927,1781,301418,0,0,3900,287646,5737,193822,3915,481468,California
Orange,2021-02-23,13291,688636,7267,381194,6024,307442,0,0,3496,281419,9734,203556,3507,484975,California
Orange,2021-02-24,21187,709823,12853,394047,8334,315776,0,0,5394,271116,15716,219272,5413,490388,California
Orange,2021-02-25,22707,732530,12314,406361,10393,326169,0,0,8002,264506,14628,233900,8018,498406,California
Orange,2021-02-26,27845,760375,14097,420458,13748,339917,0,0,11244,259310,16465,250365,11269,509675,California
Orange,2021-02-27,25027,785402,10114,430572,14911,354828,2,2,7270,248947,17650,268015,7287,516962,California
Orange,2021-02-28,19103,804505,7419,437991,11684,366512,0,2,4827,239636,14155,282170,4844,521806,California
Orange,2021-03-01,18474,822979,8421,446412,10046,376558,7,9,7149,235565,11240,293410,7169,528975,California
Orange,2021-03-02,18889,841868,8928,455340,9958,386516,3,12,9199,235156,9639,303049,9230,538205,California
Orange,2021-03-03,20557,862425,9672,465012,10882,397398,3,15,11024,236753,9453,312502,11050,549255,California
Orange,2021-03-04,22375,884800,12881,477893,9480,406878,14,29,11614,237685,10722,323224,11654,560909,California
Orange,2021-03-05,20844,905644,10785,488678,10013,416891,46,75,12776,242543,8024,331248,12882,573791,California
Orange,2021-03-06,23990,929634,13157,501835,9969,426860,864,939,12687,244854,11264,342512,13575,587366,California
Orange,2021-03-07,14885,944519,8327,510162,6155,433015,403,1342,8689,247808,6158,348670,9112,596478,California
Orange,2021-03-08,16269,960788,7447,517609,7558,440573,1264,2606,10445,253768,5775,354445,11735,608213,California
Orange,2021-03-09,19768,980556,8598,526207,8733,449306,2437,5043,11348,259176,8376,362821,13784,621997,California
Orange,2021-03-10,24358,1004914,11788,537995,9118,458424,3452,8495,12173,262673,12122,374943,15619,637616,California
Orange,2021-03-11,28991,1033905,15695,553690,9080,467504,4216,12711,13435,264864,15457,390400,17648,655264,California
Orange,2021-03-12,29271,1063176,14238,567928,11176,478680,3857,16568,14695,268940,14497,404897,18573,673837,California
Orange,2021-03-13,27732,1090908,10169,578097,13631,492311,3932,20500,14028,273255,13643,418540,17958,691795,California
Orange,2021-03-14,18807,1109715,8152,586249,8130,500441,2525,23025,11866,280725,6911,425451,14381,706176,California
Orange,2021-03-15,23001,1132716,10124,596373,12118,512559,759,23784,14362,287279,8562,434013,15116,721292,California
Orange,2021-03-16,26367,1159083,11147,607520,14992,527551,228,24012,17156,295541,9128,443141,17390,738682,California
Orange,2021-03-17,27331,1186414,13555,621075,13183,540734,593,24605,19457,307784,7804,450945,20047,758729,California
Orange,2021-03-18,27735,1214149,13935,635010,13522,554256,278,24883,21602,323605,6063,457008,21884,780613,California
Orange,2021-03-19,33478,1247627,18381,653391,14656,568912,441,25324,24925,340539,8442,465450,25376,805989,California
Orange,2021-03-20,25755,1273382,13553,666944,11996,580908,206,25530,22032,359119,3661,469111,22241,828230,California
Orange,2021-03-21,18479,1291861,10672,677616,7080,587988,727,26257,15716,372828,2734,471845,16443,844673,California
Orange,2021-03-22,22712,1314573,11739,689355,10651,598639,322,26579,19192,388916,3435,475280,19523,864196,California
Orange,2021-03-23,25973,1340546,13479,702834,11860,610499,634,27213,20865,405393,5026,480306,21503,885699,California
Orange,2021-03-24,29061,1369607,16202,719036,11947,622446,912,28125,21995,421322,6980,487286,22909,908608,California
Orange,2021-03-25,32279,1401886,17186,736222,14389,636835,704,28829,24208,438253,7981,495267,24912,933520,California
Orange,2021-03-26,34781,1436667,18004,754226,15914,652749,863,29692,24980,454405,9693,504960,25845,959365,California
Orange,2021-03-27,28367,1465034,13570,767796,14483,667232,314,30006,19787,466024,8486,513446,20105,979470,California
Orange,2021-03-28,24716,1489750,12785,780581,11863,679095,68,30074,18623,478698,6020,519466,18694,998164,California
Orange,2021-03-29,26467,1516217,12070,792651,13831,692926,566,30640,17961,488801,8425,527891,18528,1016692,California
Orange,2021-03-30,30791,1547008,13865,806516,16293,709219,633,31273,21313,501344,9403,537294,21946,1038638,California
Orange,2021-03-31,37036,1584044,19405,825921,16921,726140,710,31983,24091,513303,12846,550140,24805,1063443,California
Orange,2021-04-01,40261,1624305,21111,847032,17301,743441,1849,33832,26108,527216,14036,564176,27949,1091392,California
Orange,2021-04-02,39930,1664235,20114,867146,18034,761475,1782,35614,22633,534447,17197,581373,24428,1115820,California
Orange,2021-04-03,30050,1694285,15651,882797,12700,774175,1699,37313,14249,534663,15728,597101,15944,1131764,California
Orange,2021-04-04,18403,1712688,10686,893483,6957,781132,760,38073,8220,533528,10129,607230,8994,1140758,California
Orange,2021-04-05,29867,1742555,13941,907424,12543,793675,3383,41456,13869,534837,15928,623158,17237,1157995,California
Orange,2021-04-06,33254,1775809,15564,922988,14271,807946,3419,44875,14372,533818,18791,641949,17772,1175767,California
Orange,2021-04-07,35870,1811679,20004,942992,11294,819240,4572,49447,15791,534151,20001,661950,20334,1196101,California
Orange,2021-04-08,38525,1850204,21437,964429,11656,830896,5432,54879,18766,538656,19661,681611,24166,1220267,California
Orange,2021-04-09,40544,1890748,23598,988027,11797,842693,5149,60028,17966,539253,22490,704101,23087,1243354,California
Orange,2021-04-10,34086,1924834,18083,1006110,11801,854494,4202,64230,14145,537718,19857,723958,18322,1261676,California
Orange,2021-04-11,25455,1950289,14383,1020493,7814,862308,3258,67488,9788,535131,15619,739577,13032,1274708,California
Orange,2021-04-12,30341,1980630,15355,1035848,11449,873757,3537,71025,11951,532260,18333,757910,15462,1290170,California
Orange,2021-04-13,32272,2012902,18148,1053996,14057,887814,67,71092,15060,530239,17146,775056,15125,1305295,California
Orange,2021-04-14,34330,2047232,20091,1074087,14208,902022,31,71123,15074,526180,19167,794223,15108,1320403,California
Orange,2021-04-15,39876,2087108,24330,1098417,15530,917552,16,71139,18541,523499,21235,815458,18554,1338957,California
Orange,2021-04-16,41170,2128278,24197,1122614,16944,934496,29,71168,18606,519673,22465,837923,18639,1357596,California
Orange,2021-04-17,30122,2158400,17257,1139871,12862,947358,3,71171,13221,516076,16826,854749,13229,1370825,California
Orange,2021-04-18,21379,2179779,12934,1152805,8445,955803,0,71171,8480,511708,12851,867600,8483,1379308,California
Orange,2021-04-19,32411,2212190,17888,1170693,14521,970324,2,71173,14901,509190,17425,885025,14907,1394215,California
Orange,2021-04-20,35123,2247313,18247,1188940,16872,987196,4,71177,17567,509281,17480,902505,17571,1411786,California
Orange,2021-04-21,40564,2287877,23375,1212315,17179,1004375,10,71187,19233,507290,21235,923740,19244,1431030,California
Orange,2021-04-22,39178,2327055,20712,1233027,18458,1022833,8,71195,16294,500835,22763,946503,16308,1447338,California
Orange,2021-04-23,39938,2366993,20573,1253600,19359,1042192,6,71201,17763,496535,22072,968575,17772,1465110,California
Orange,2021-04-24,31794,2398787,16652,1270252,15107,1057299,35,71236,13363,491580,18356,986931,13401,1478511,California
Orange,2021-04-25,22981,2421768,12984,1283236,9984,1067283,13,71249,9871,488414,13055,999986,9889,1488400,California
Orange,2021-04-26,26005,2447773,12690,1295926,13125,1080408,190,71439,11437,485557,14484,1014470,11627,1500027,California
Orange,2021-04-27,28465,2476238,13312,1309238,14656,1095064,497,71936,10931,479604,17386,1031856,11433,1511460,California
Orange,2021-04-28,30515,2506753,15167,1324405,14476,1109540,872,72808,12086,474232,18326,1050182,12954,1524414,California
Orange,2021-04-29,31407,2538160,17171,1341576,13278,1122818,958,73766,11222,466307,20099,1070281,12174,1536588,California
Orange,2021-04-30,29355,2567515,16677,1358253,11741,1134559,937,74703,12383,462733,16888,1087169,13314,1549902,California
Orange,2021-05-01,21733,2589248,14634,1372887,6111,1140670,988,75691,8650,459352,13013,1100182,9632,1559534,California
Orange,2021-05-02,15374,2604622,10221,1383108,4509,1145179,644,76335,5368,455419,9943,1110125,6010,1565544,California
Orange,2021-05-03,20473,2625095,12488,1395596,7229,1152408,756,77091,6415,448595,13992,1124117,7168,1572712,California
Orange,2021-05-04,23465,2648560,13383,1408979,9177,1161585,905,77996,8113,442347,15254,1139371,9006,1581718,California
Orange,2021-05-05,24665,2673225,13764,1422743,10007,1171592,894,78890,8060,434815,16484,1155855,8952,1590670,California
Orange,2021-05-06,26228,2699453,15896,1438639,9335,1180927,997,79887,7248,424196,18856,1174711,8237,1598907,California
Orange,2021-05-07,27947,2727400,16553,1455192,10351,1191278,1043,80930,7921,413326,19830,1194541,8960,1607867,California
Orange,2021-05-08,18329,2745729,12104,1467296,5454,1196732,771,81701,5393,406620,12867,1207408,6161,1614028,California
Orange,2021-05-09,10972,2756701,8331,1475627,2265,1198997,376,82077,2902,401877,8020,1215428,3277,1617305,California
Orange,2021-05-10,18916,2775617,11518,1487145,6623,1205620,775,82852,4264,392352,14565,1229993,5040,1622345,California
Orange,2021-05-11,21079,2796696,11654,1498799,8787,1214407,638,83490,5002,382007,15983,1245976,5638,1627983,California
Orange,2021-05-12,22321,2819017,13746,1512545,7836,1222243,739,84229,6233,372999,15979,1261955,6971,1634954,California
Orange,2021-05-13,19089,2838106,11597,1524142,6984,1229227,508,84737,6938,368370,12077,1274032,7448,1642402,California
Orange,2021-05-14,16293,2854399,9804,1533946,5884,1235111,605,85342,5831,364401,10398,1284430,6429,1648831,California
Placer,2020-12-15,29,29,29,29,0,0,0,0,29,29,0,0,29,29,California
Placer,2020-12-16,55,84,55,84,0,0,0,0,55,84,0,0,55,84,California
Placer,2020-12-17,140,224,140,224,0,0,0,0,140,224,0,0,140,224,California
Placer,2020-12-18,332,556,332,556,0,0,0,0,332,556,0,0,332,556,California
Placer,2020-12-19,252,808,252,808,0,0,0,0,252,808,0,0,252,808,California
Placer,2020-12-20,234,1042,234,1042,0,0,0,0,234,1042,0,0,234,1042,California
Placer,2020-12-21,493,1535,492,1534,1,1,0,0,493,1535,0,0,493,1535,California
Placer,2020-12-22,674,2209,667,2201,7,8,0,0,674,2209,0,0,674,2209,California
Placer,2020-12-23,749,2958,662,2863,87,95,0,0,749,2958,0,0,749,2958,California
Placer,2020-12-24,398,3356,346,3209,52,147,0,0,398,3356,0,0,398,3356,California
Placer,2020-12-26,156,3512,111,3320,45,192,0,0,156,3512,0,0,156,3512,California
Placer,2020-12-27,186,3698,163,3483,23,215,0,0,186,3698,0,0,186,3698,California
Placer,2020-12-28,664,4362,537,4020,127,342,0,0,664,4362,0,0,664,4362,California
Placer,2020-12-29,764,5126,515,4535,249,591,0,0,764,5126,0,0,764,5126,California
Placer,2020-12-30,728,5854,454,4989,274,865,0,0,726,5852,0,0,726,5852,California
Placer,2020-12-31,529,6383,343,5332,186,1051,0,0,529,6381,0,0,529,6381,California
Placer,2021-01-01,15,6398,11,5343,4,1055,0,0,15,6396,0,0,15,6396,California
Placer,2021-01-02,185,6583,153,5496,32,1087,0,0,185,6581,0,0,185,6581,California
Placer,2021-01-03,154,6737,79,5575,75,1162,0,0,154,6735,0,0,154,6735,California
Placer,2021-01-04,619,7356,180,5755,439,1601,0,0,619,7354,0,0,619,7354,California
Placer,2021-01-05,726,8082,159,5914,567,2168,0,0,643,7916,82,82,644,7998,California
Placer,2021-01-06,763,8845,246,6160,517,2685,0,0,620,8393,143,225,620,8618,California
Placer,2021-01-07,986,9831,368,6528,618,3303,0,0,781,8969,205,430,781,9399,California
Placer,2021-01-08,1184,11015,528,7056,656,3959,0,0,855,9498,326,756,855,10254,California
Placer,2021-01-09,450,11465,321,7377,129,4088,0,0,234,9517,215,971,234,10488,California
Placer,2021-01-10,329,11794,186,7563,143,4231,0,0,164,9516,165,1136,164,10652,California
Placer,2021-01-11,1424,13218,806,8369,618,4849,0,0,835,9763,589,1725,836,11488,California
Placer,2021-01-12,1648,14866,876,9245,772,5621,0,0,1047,10209,601,2326,1047,12535,California
Placer,2021-01-13,1634,16500,821,10066,813,6434,0,0,1210,11000,422,2748,1213,13748,California
Placer,2021-01-14,1775,18275,652,10718,1123,7557,0,0,1419,12067,353,3101,1420,15168,California
Placer,2021-01-15,1936,20211,721,11439,1215,8772,0,0,1586,13305,349,3450,1587,16755,California
Placer,2021-01-16,1471,21682,720,12159,751,9523,0,0,1350,14535,121,3571,1351,18106,California
Placer,2021-01-17,563,22245,397,12556,166,9689,0,0,430,14832,133,3704,430,18536,California
Placer,2021-01-18,977,23222,540,13096,437,10126,0,0,747,15350,230,3934,748,19284,California
Placer,2021-01-19,2614,25836,1950,15046,664,10790,0,0,2163,17062,451,4385,2163,21447,California
Placer,2021-01-20,2268,28104,1698,16744,570,11360,0,0,1938,18671,330,4715,1939,23386,California
Placer,2021-01-21,2555,30659,1113,17857,1442,12802,0,0,2162,20442,392,5107,2163,25549,California
Placer,2021-01-22,2306,32965,600,18457,1706,14508,0,0,2131,22401,173,5280,2132,27681,California
Placer,2021-01-23,1188,34153,380,18837,808,15316,0,0,1033,23279,155,5435,1033,28714,California
Placer,2021-01-24,507,34660,265,19102,242,15558,0,0,431,23635,76,5511,432,29146,California
Placer,2021-01-25,1671,36331,802,19904,869,16427,0,0,1383,24731,288,5799,1384,30530,California
Placer,2021-01-26,1855,38186,1031,20935,824,17251,0,0,1591,26058,264,6063,1591,32121,California
Placer,2021-01-27,1841,40027,1153,22088,688,17939,0,0,1597,27414,242,6305,1598,33719,California
Placer,2021-01-28,1806,41833,1116,23204,690,18629,0,0,1558,28726,246,6551,1558,35277,California
Placer,2021-01-29,1894,43727,1171,24375,723,19352,0,0,1702,30239,191,6742,1704,36981,California
Placer,2021-01-30,1726,45453,972,25347,754,20106,0,0,1605,31724,120,6862,1605,38586,California
Placer,2021-01-31,781,46234,624,25971,157,20263,0,0,713,32370,68,6930,714,39300,California
Placer,2021-02-01,2070,48304,1090,27061,980,21243,0,0,1756,33812,314,7244,1756,41056,California
Placer,2021-02-02,2380,50684,1541,28602,839,22082,0,0,1889,35213,488,7732,1889,42945,California
Placer,2021-02-03,2920,53604,1877,30479,1043,23125,0,0,2295,36887,621,8353,2295,45240,California
Placer,2021-02-04,2762,56366,1190,31669,1572,24697,0,0,1937,38004,821,9174,1938,47178,California
Placer,2021-02-05,2733,59099,1208,32877,1525,26222,0,0,1405,38086,1323,10497,1405,48583,California
Placer,2021-02-06,1953,61052,1312,34189,641,26863,0,0,1402,38937,551,11048,1402,49985,California
Placer,2021-02-07,1227,62279,917,35106,310,27173,0,0,940,39591,286,11334,940,50925,California
Placer,2021-02-08,3302,65581,1767,36873,1535,28708,0,0,1976,40250,1318,12652,1977,52902,California
Placer,2021-02-09,3550,69131,2179,39052,1371,30079,0,0,1645,39992,1903,14555,1645,54547,California
Placer,2021-02-10,3750,72881,2190,41242,1560,31639,0,0,1744,39735,2003,16558,1746,56293,California
Placer,2021-02-11,3693,76574,1905,43147,1788,33427,0,0,1588,39232,2092,18650,1589,57882,California
Placer,2021-02-12,2851,79425,1325,44472,1526,34953,0,0,1669,39757,1145,19795,1670,59552,California
Placer,2021-02-13,2544,81969,1487,45959,1057,36010,0,0,1892,40997,652,20447,1892,61444,California
Placer,2021-02-14,1081,83050,677,46636,404,36414,0,0,736,41391,342,20789,736,62180,California
Placer,2021-02-15,2247,85297,1047,47683,1200,37614,0,0,1531,42207,716,21505,1532,63712,California
Placer,2021-02-16,3576,88873,1781,49464,1795,39409,0,0,1589,41819,1978,23483,1590,65302,California
Placer,2021-02-17,3544,92417,1964,51428,1580,40989,0,0,1511,41301,2029,25512,1511,66813,California
Placer,2021-02-18,3797,96214,2047,53475,1750,42739,0,0,1627,40768,2161,27673,1628,68441,California
Placer,2021-02-19,3585,99799,1912,55387,1673,44412,0,0,1328,39845,2252,29925,1329,69770,California
Placer,2021-02-20,2003,101802,1259,56646,744,45156,0,0,913,39677,1084,31009,916,70686,California
Placer,2021-02-21,973,102775,730,57376,243,45399,0,0,280,39268,690,31699,281,70967,California
Placer,2021-02-22,2523,105298,1775,59151,748,46147,0,0,604,37954,1918,33617,604,71571,California
Placer,2021-02-23,2556,107854,1582,60733,974,47121,0,0,884,37167,1671,35288,884,72455,California
Placer,2021-02-24,3292,111146,1179,61912,2113,49234,0,0,1794,37475,1488,36776,1796,74251,California
Placer,2021-02-25,3631,114777,1519,63431,2112,51346,0,0,1967,37788,1656,38432,1969,76220,California
Placer,2021-02-26,4098,118875,2374,65805,1724,53070,0,0,2353,38400,1741,40173,2353,78573,California
Placer,2021-02-27,2824,121699,1495,67300,1329,54399,0,0,1454,38493,1364,41537,1457,80030,California
Placer,2021-02-28,1404,123103,797,68097,607,55006,0,0,588,38271,810,42347,588,80618,California
Placer,2021-03-01,3001,126104,1991,70088,1010,56016,0,0,1553,38381,1443,43790,1553,82171,California
Placer,2021-03-02,2872,128976,1764,71852,1108,57124,0,0,1875,39264,992,44782,1875,84046,California
Placer,2021-03-03,3324,132300,1423,73275,1901,59025,0,0,1818,39583,1500,46282,1819,85865,California
Placer,2021-03-04,3628,135928,1457,74732,2171,61196,0,0,1894,39756,1722,48004,1895,87760,California
Placer,2021-03-05,3012,138940,1034,75766,1956,63152,22,22,1808,40384,1202,49206,1830,89590,California
Placer,2021-03-06,2418,141358,1490,77256,832,63984,96,118,926,39922,1484,50690,1022,90612,California
Placer,2021-03-07,1297,142655,751,78007,508,64492,38,156,531,39728,763,51453,569,91181,California
Placer,2021-03-08,2907,145562,1825,79832,969,65461,113,269,1647,40230,1258,52711,1760,92941,California
Placer,2021-03-09,3171,148733,1679,81511,1401,66862,91,360,1814,40781,1354,54065,1905,94846,California
Placer,2021-03-10,3283,152016,1323,82834,1853,68715,107,467,1708,41026,1570,55635,1815,96661,California
Placer,2021-03-11,3636,155652,1646,84480,1865,70580,125,592,1746,41019,1881,57516,1874,98535,California
Placer,2021-03-12,3677,159329,1485,85965,1411,71991,781,1373,1255,40640,2416,59932,2037,100572,California
Placer,2021-03-13,2112,161441,743,86708,1250,73241,119,1492,1115,40882,992,60924,1234,101806,California
Placer,2021-03-14,1639,163080,671,87379,819,74060,149,1641,891,41174,748,61672,1040,102846,California
Placer,2021-03-15,3182,166262,1533,88912,1517,75577,132,1773,1765,41656,1416,63088,1898,104744,California
Placer,2021-03-16,3566,169828,1917,90829,1516,77093,133,1906,2288,42811,1267,64355,2422,107166,California
Placer,2021-03-17,3428,173256,1732,92561,1597,78690,99,2005,2211,43910,1213,65568,2312,109478,California
Placer,2021-03-18,4093,177349,2326,94887,1729,80419,38,2043,2865,45591,1221,66789,2902,112380,California
Placer,2021-03-19,3439,180788,2070,96957,1105,81524,264,2307,2197,46817,1234,68023,2460,114840,California
Placer,2021-03-20,2137,182925,897,97854,1143,82667,97,2404,1301,47383,831,68854,1397,116237,California
Placer,2021-03-21,1254,184179,575,98429,670,83337,9,2413,946,48033,305,69159,955,117192,California
Placer,2021-03-22,3269,187448,2101,100530,1078,84415,90,2503,2191,49240,1074,70233,2281,119473,California
Placer,2021-03-23,3528,190976,2099,102629,1338,85753,91,2594,2524,50857,999,71232,2616,122089,California
Placer,2021-03-24,3789,194765,1998,104627,1694,87447,97,2691,1952,51092,1815,73047,2050,124139,California
Placer,2021-03-25,3854,198619,1866,106493,1891,89338,97,2788,1787,50919,2056,75103,1883,126022,California
Placer,2021-03-26,3763,202382,1663,108156,1869,91207,231,3019,1585,50570,2165,77268,1816,127838,California
Placer,2021-03-27,1593,203975,468,108624,1105,92312,20,3039,648,50300,938,78206,668,128506,California
Placer,2021-03-28,1109,205084,528,109152,571,92883,10,3049,375,49956,729,78935,385,128891,California
Placer,2021-03-29,3560,208644,1988,111140,1538,94421,34,3083,1723,49886,1828,80763,1758,130649,California
Placer,2021-03-30,3974,212618,2096,113236,1835,96256,43,3126,2092,50152,1868,82631,2134,132783,California
Placer,2021-03-31,4094,216712,1830,115066,2189,98445,75,3201,1693,49526,2394,85025,1768,134551,California
Placer,2021-04-01,2974,219686,1433,116499,1495,99940,46,3247,1660,49921,1313,86338,1708,136259,California
Placer,2021-04-02,2843,222529,1453,117952,1326,101266,64,3311,1592,50333,1244,87582,1656,137915,California
Placer,2021-04-03,1852,224381,985,118937,739,102005,128,3439,889,50394,956,88538,1017,138932,California
Placer,2021-04-04,711,225092,361,119298,297,102302,53,3492,286,50312,421,88959,339,139271,California
Placer,2021-04-05,2998,228090,1897,121195,917,103219,184,3676,1745,50992,1249,90208,1929,141200,California
Placer,2021-04-06,4280,232370,2472,123667,1509,104728,299,3975,1524,50064,2751,92959,1823,143023,California
Placer,2021-04-07,4510,236880,2571,126238,1478,106206,461,4436,2062,50142,2442,95401,2520,145543,California
Placer,2021-04-08,4686,241566,2591,128829,1550,107756,545,4981,1569,49149,3106,98507,2113,147656,California
Placer,2021-04-09,4106,245672,2263,131092,1225,108981,618,5599,1226,48123,2872,101379,1846,149502,California
Placer,2021-04-10,2024,247696,879,131971,960,109941,185,5784,865,48016,1156,102535,1049,150551,California
Placer,2021-04-11,1352,249048,531,132502,788,110729,33,5817,454,47608,894,103429,486,151037,California
Placer,2021-04-12,4097,253145,2645,135147,1072,111801,380,6197,2462,48825,1624,105053,2841,153878,California
Placer,2021-04-13,4345,257490,2994,138141,1350,113151,1,6198,2190,48865,2151,107204,2191,156069,California
Placer,2021-04-14,4119,261609,2564,140705,1554,114705,1,6199,1843,48441,2267,109471,1843,157912,California
Placer,2021-04-15,4491,266100,2508,143213,1982,116687,1,6200,2347,48656,2133,111604,2348,160260,California
Placer,2021-04-16,3675,269775,2185,145398,1490,118177,0,6200,1433,47853,2236,113840,1433,161693,California
Placer,2021-04-17,2417,272192,840,146238,1577,119754,0,6200,1514,48468,899,114739,1514,163207,California
Placer,2021-04-18,1181,273373,255,146493,926,120680,0,6200,411,48111,768,115507,411,163618,California
Placer,2021-04-19,2933,276306,1803,148296,1130,121810,0,6200,1164,47510,1766,117273,1165,164783,California
Placer,2021-04-20,3779,280085,2456,150752,1323,123133,0,6200,2407,48553,1364,118637,2407,167190,California
Placer,2021-04-21,3655,283740,2396,153148,1258,124391,1,6201,2381,49665,1270,119907,2382,169572,California
Placer,2021-04-22,3660,287400,2263,155411,1397,125788,0,6201,1746,49500,1911,121818,1746,171318,California
Placer,2021-04-23,3497,290897,2321,157732,1175,126963,1,6202,1373,48756,2118,123936,1374,172692,California
Placer,2021-04-24,2082,292979,1262,158994,819,127782,1,6203,1217,49116,857,124793,1217,173909,California
Placer,2021-04-25,913,293892,504,159498,409,128191,0,6203,565,49333,348,125141,565,174474,California
Placer,2021-04-26,2351,296243,1248,160746,1080,129271,23,6226,1153,49320,1188,126329,1175,175649,California
Placer,2021-04-27,2637,298880,1369,162115,1233,130504,35,6261,1518,49761,1113,127442,1554,177203,California
Placer,2021-04-28,2910,301790,1802,163917,1071,131575,37,6298,1518,49933,1383,128825,1555,178758,California
Placer,2021-04-29,3261,305051,2074,165991,1135,132710,52,6350,1317,49364,1938,130763,1369,180127,California
Placer,2021-04-30,2982,308033,1804,167795,1129,133839,49,6399,1189,48814,1788,132551,1238,181365,California
Placer,2021-05-01,1331,309364,933,168728,374,134213,24,6423,607,48726,718,133269,630,181995,California
Placer,2021-05-02,715,310079,553,169281,141,134354,21,6444,333,48700,380,133649,354,182349,California
Placer,2021-05-03,1610,311689,992,170273,553,134907,65,6509,438,48036,1167,134816,503,182852,California
Placer,2021-05-04,2296,313985,1295,171568,835,135742,166,6675,864,47639,1427,136243,1030,183882,California
Placer,2021-05-05,3666,317651,2473,174041,1086,136828,107,6782,967,46020,2693,138936,1074,184956,California
Placer,2021-05-06,3091,320742,1894,175935,1121,137949,76,6858,813,44656,2253,141189,889,185845,California
Placer,2021-05-07,2799,323541,1883,177818,824,138773,92,6950,786,43531,2003,143192,878,186723,California
Placer,2021-05-08,1329,324870,707,178525,581,139354,41,6991,392,43027,935,144127,431,187154,California
Placer,2021-05-09,438,325308,202,178727,215,139569,21,7012,217,43043,221,144348,237,187391,California
Placer,2021-05-10,1907,327215,1030,179757,785,140354,92,7104,426,42083,1478,145826,518,187909,California
Placer,2021-05-11,2745,329960,1985,181742,655,141009,105,7209,546,40545,2189,148015,651,188560,California
Placer,2021-05-12,2685,332645,1876,183618,767,141776,42,7251,616,39141,2062,150077,658,189218,California
Placer,2021-05-13,2479,335124,1610,185228,828,142604,41,7292,817,38339,1659,151736,857,190075,California
Placer,2021-05-14,1567,336691,1027,186255,433,143037,107,7399,731,38344,830,152566,835,190910,California
Plumas,2020-12-18,4,4,4,4,0,0,0,0,4,4,0,0,4,4,California
Plumas,2020-12-19,1,5,1,5,0,0,0,0,1,5,0,0,1,5,California
Plumas,2020-12-21,45,50,45,50,0,0,0,0,45,50,0,0,45,50,California
Plumas,2020-12-22,92,142,92,142,0,0,0,0,92,142,0,0,92,142,California
Plumas,2020-12-23,50,192,50,192,0,0,0,0,50,192,0,0,50,192,California
Plumas,2020-12-24,6,198,6,198,0,0,0,0,6,198,0,0,6,198,California
Plumas,2020-12-28,8,206,0,198,8,8,0,0,8,206,0,0,8,206,California
Plumas,2020-12-29,32,238,22,220,10,18,0,0,32,238,0,0,32,238,California
Plumas,2020-12-30,23,261,1,221,22,40,0,0,23,261,0,0,23,261,California
Plumas,2020-12-31,4,265,1,222,3,43,0,0,4,265,0,0,4,265,California
Plumas,2021-01-04,10,275,4,226,6,49,0,0,10,275,0,0,10,275,California
Plumas,2021-01-05,22,297,2,228,20,69,0,0,22,297,0,0,22,297,California
Plumas,2021-01-06,123,420,5,233,118,187,0,0,123,420,0,0,123,420,California
Plumas,2021-01-07,53,473,2,235,51,238,0,0,52,471,1,1,52,472,California
Plumas,2021-01-08,12,485,5,240,7,245,0,0,8,475,4,5,8,480,California
Plumas,2021-01-09,2,487,2,242,0,245,0,0,1,475,1,6,1,481,California
Plumas,2021-01-11,59,546,50,292,9,254,0,0,12,440,47,53,12,493,California
Plumas,2021-01-12,155,701,86,378,69,323,0,0,71,427,84,137,71,564,California
Plumas,2021-01-13,56,757,50,428,6,329,0,0,10,391,46,183,10,574,California
Plumas,2021-01-14,96,853,14,442,82,411,0,0,91,477,5,188,91,665,California
Plumas,2021-01-15,62,915,7,449,55,466,0,0,60,535,2,190,60,725,California
Plumas,2021-01-16,58,973,1,450,57,523,0,0,58,593,0,190,58,783,California
Plumas,2021-01-18,2,975,1,451,1,524,0,0,2,595,0,190,2,785,California
Plumas,2021-01-19,36,1011,5,456,31,555,0,0,32,623,4,194,32,817,California
Plumas,2021-01-20,121,1132,3,459,118,673,0,0,119,740,2,196,119,936,California
Plumas,2021-01-21,112,1244,2,461,110,783,0,0,112,852,0,196,112,1048,California
Plumas,2021-01-22,5,1249,1,462,4,787,0,0,5,857,0,196,5,1053,California
Plumas,2021-01-23,93,1342,2,464,91,878,0,0,93,950,0,196,93,1146,California
Plumas,2021-01-24,1,1343,1,465,0,878,0,0,1,951,0,196,1,1147,California
Plumas,2021-01-25,10,1353,7,472,3,881,0,0,7,955,3,199,7,1154,California
Plumas,2021-01-26,60,1413,2,474,58,939,0,0,52,999,8,207,52,1206,California
Plumas,2021-01-27,25,1438,20,494,5,944,0,0,5,984,20,227,5,1211,California
Plumas,2021-01-28,23,1461,0,494,23,967,0,0,21,1003,2,229,21,1232,California
Plumas,2021-01-29,8,1469,2,496,6,973,0,0,7,1009,1,230,7,1239,California
Plumas,2021-01-30,8,1477,4,500,4,977,0,0,7,1015,1,231,7,1246,California
Plumas,2021-01-31,3,1480,3,503,0,977,0,0,3,1018,0,231,3,1249,California
Plumas,2021-02-01,15,1495,2,505,13,990,0,0,7,1017,8,239,7,1256,California
Plumas,2021-02-02,21,1516,2,507,19,1009,0,0,2,1000,19,258,2,1258,California
Plumas,2021-02-03,127,1643,8,515,119,1128,0,0,13,900,113,371,13,1271,California
Plumas,2021-02-04,102,1745,8,523,94,1222,0,0,23,844,79,450,23,1294,California
Plumas,2021-02-05,24,1769,11,534,13,1235,0,0,9,838,15,465,9,1303,California
Plumas,2021-02-06,7,1776,0,534,7,1242,0,0,7,845,0,465,7,1310,California
Plumas,2021-02-08,16,1792,7,541,9,1251,0,0,4,837,12,477,4,1314,California
Plumas,2021-02-09,171,1963,1,542,170,1421,0,0,111,888,60,537,111,1425,California
Plumas,2021-02-10,89,2052,9,551,80,1501,0,0,80,960,9,546,81,1506,California
Plumas,2021-02-11,322,2374,7,558,315,1816,0,0,263,1164,59,605,263,1769,California
Plumas,2021-02-12,123,2497,4,562,119,1935,0,0,118,1277,5,610,118,1887,California
Plumas,2021-02-13,74,2571,5,567,69,2004,0,0,14,1231,60,670,14,1901,California
Plumas,2021-02-14,8,2579,5,572,3,2007,0,0,8,1239,0,670,8,1909,California
Plumas,2021-02-15,27,2606,5,577,22,2029,0,0,24,1260,3,673,24,1933,California
Plumas,2021-02-16,76,2682,4,581,72,2101,0,0,14,1212,62,735,14,1947,California
Plumas,2021-02-17,136,2818,5,586,131,2232,0,0,12,1100,124,859,12,1959,California
Plumas,2021-02-18,128,2946,6,592,122,2354,0,0,19,1011,109,968,20,1979,California
Plumas,2021-02-19,41,2987,4,596,37,2391,0,0,6,982,35,1003,6,1985,California
Plumas,2021-02-20,104,3091,7,603,97,2488,0,0,12,902,92,1095,12,1997,California
Plumas,2021-02-21,5,3096,5,608,0,2488,0,0,1,899,4,1099,1,1998,California
Plumas,2021-02-22,3,3099,1,609,2,2490,0,0,0,896,3,1102,0,1998,California
Plumas,2021-02-23,25,3124,5,614,20,2510,0,0,17,905,8,1110,17,2015,California
Plumas,2021-02-24,457,3581,7,621,450,2960,0,0,444,1336,13,1123,444,2459,California
Plumas,2021-02-25,230,3811,10,631,220,3180,0,0,169,1444,61,1184,169,2628,California
Plumas,2021-02-26,267,4078,8,639,259,3439,0,0,259,1696,8,1192,260,2888,California
Plumas,2021-02-27,40,4118,4,643,36,3475,0,0,33,1722,7,1199,33,2921,California
Plumas,2021-02-28,1,4119,0,643,1,3476,0,0,1,1723,0,1199,1,2922,California
Plumas,2021-03-01,13,4132,3,646,10,3486,0,0,8,1727,4,1203,8,2930,California
Plumas,2021-03-02,9,4141,0,646,9,3495,0,0,7,1732,2,1205,7,2937,California
Plumas,2021-03-03,151,4292,9,655,142,3637,0,0,135,1851,16,1221,135,3072,California
Plumas,2021-03-04,252,4544,9,664,243,3880,0,0,230,2059,22,1243,230,3302,California
Plumas,2021-03-05,400,4944,7,671,388,4268,5,5,389,2442,11,1254,394,3696,California
Plumas,2021-03-06,19,4963,2,673,9,4277,8,13,3,2437,16,1270,11,3707,California
Plumas,2021-03-07,13,4976,2,675,2,4279,9,22,3,2439,10,1280,12,3719,California
Plumas,2021-03-08,29,5005,3,678,2,4281,24,46,3,2440,26,1306,27,3746,California
Plumas,2021-03-09,133,5138,2,680,116,4397,15,61,18,2358,115,1421,33,3779,California
Plumas,2021-03-10,254,5392,3,683,237,4634,14,75,107,2333,146,1567,121,3900,California
Plumas,2021-03-11,179,5571,8,691,166,4800,5,80,144,2447,35,1602,149,4049,California
Plumas,2021-03-12,595,6166,4,695,303,5103,288,368,23,2186,572,2174,311,4360,California
Plumas,2021-03-13,25,6191,4,699,10,5113,11,379,5,2182,20,2194,16,4376,California
Plumas,2021-03-14,12,6203,3,702,4,5117,5,384,1,2178,10,2204,6,4382,California
Plumas,2021-03-15,31,6234,0,702,24,5141,7,391,5,2164,26,2230,12,4394,California
Plumas,2021-03-16,60,6294,3,705,56,5197,1,392,49,2203,11,2241,50,4444,California
Plumas,2021-03-17,73,6367,9,714,63,5260,1,393,58,2248,14,2255,59,4503,California
Plumas,2021-03-18,60,6427,6,720,38,5298,16,409,12,2228,48,2303,28,4531,California
Plumas,2021-03-19,164,6591,6,726,156,5454,2,411,155,2379,7,2310,158,4689,California
Plumas,2021-03-20,691,7282,4,730,686,6140,1,412,671,3033,18,2328,672,5361,California
Plumas,2021-03-21,2,7284,1,731,1,6141,0,412,1,3034,0,2328,1,5362,California
Plumas,2021-03-22,183,7467,2,733,181,6322,0,412,176,3203,7,2335,176,5538,California
Plumas,2021-03-23,27,7494,2,735,25,6347,0,412,13,3202,14,2349,13,5551,California
Plumas,2021-03-24,653,8147,6,741,646,6993,1,413,223,2997,429,2778,224,5775,California
Plumas,2021-03-25,301,8448,7,748,292,7285,2,415,158,3012,143,2921,158,5933,California
Plumas,2021-03-26,315,8763,9,757,306,7591,0,415,46,2790,268,3189,46,5979,California
Plumas,2021-03-27,13,8776,1,758,11,7602,1,416,3,2784,10,3199,4,5983,California
Plumas,2021-03-28,5,8781,3,761,1,7603,1,417,3,2786,2,3201,4,5987,California
Plumas,2021-03-29,12,8793,4,765,7,7610,1,418,4,2783,8,3209,5,5992,California
Plumas,2021-03-30,151,8944,3,768,147,7757,1,419,24,2681,127,3336,25,6017,California
Plumas,2021-03-31,288,9232,2,770,285,8042,1,420,267,2928,21,3357,268,6285,California
Plumas,2021-04-01,299,9531,11,781,287,8329,1,421,61,2753,236,3593,61,6346,California
Plumas,2021-04-02,375,9906,5,786,369,8698,1,422,29,2448,335,3928,30,6376,California
Plumas,2021-04-03,16,9922,3,789,5,8703,8,430,4,2448,12,3940,12,6388,California
Plumas,2021-04-04,3,9925,1,790,1,8704,1,431,0,2446,3,3943,1,6389,California
Plumas,2021-04-05,10,9935,3,793,6,8710,1,432,3,2443,7,3950,4,6393,California
Plumas,2021-04-06,120,10055,6,799,88,8798,26,458,13,2375,107,4057,39,6432,California
Plumas,2021-04-07,281,10336,7,806,99,8897,175,633,28,2325,253,4310,203,6635,California
Plumas,2021-04-08,150,10486,3,809,132,9029,15,648,34,2258,115,4425,48,6683,California
Plumas,2021-04-09,51,10537,10,819,25,9054,16,664,19,2260,32,4457,34,6717,California
Plumas,2021-04-10,24,10561,2,821,6,9060,16,680,5,2262,19,4476,21,6738,California
Plumas,2021-04-11,4,10565,3,824,0,9060,1,681,3,2265,1,4477,4,6742,California
Plumas,2021-04-12,11,10576,5,829,3,9063,3,684,7,2271,4,4481,10,6752,California
Plumas,2021-04-13,207,10783,5,834,202,9265,0,684,139,2342,68,4549,139,6891,California
Plumas,2021-04-14,109,10892,8,842,101,9366,0,684,55,2343,54,4603,55,6946,California
Plumas,2021-04-15,50,10942,2,844,48,9414,0,684,32,2357,18,4621,32,6978,California
Plumas,2021-04-16,142,11084,2,846,140,9554,0,684,2,2219,140,4761,2,6980,California
Plumas,2021-04-17,666,11750,2,848,664,10218,0,684,21,1597,643,5404,21,7001,California
Plumas,2021-04-18,4,11754,3,851,1,10219,0,684,1,1595,3,5407,1,7002,California
Plumas,2021-04-19,38,11792,3,854,35,10254,0,684,5,1567,33,5440,5,7007,California
Plumas,2021-04-20,42,11834,5,859,37,10291,0,684,26,1578,15,5455,26,7033,California
Plumas,2021-04-21,312,12146,5,864,306,10597,1,685,18,1302,294,5749,18,7051,California
Plumas,2021-04-22,272,12418,8,872,264,10861,0,685,129,1288,143,5892,129,7180,California
Plumas,2021-04-23,73,12491,6,878,67,10928,0,685,16,1247,57,5949,16,7196,California
Plumas,2021-04-24,171,12662,5,883,166,11094,0,685,146,1369,24,5973,146,7342,California
Plumas,2021-04-26,29,12691,4,887,25,11119,0,685,9,1359,19,5992,9,7351,California
Plumas,2021-04-27,87,12778,3,890,84,11203,0,685,51,1374,36,6028,51,7402,California
Plumas,2021-04-28,283,13061,4,894,279,11482,0,685,37,1166,245,6273,37,7439,California
Plumas,2021-04-29,171,13232,68,962,103,11585,0,685,118,1231,53,6326,118,7557,California
Plumas,2021-04-30,23,13255,11,973,12,11597,0,685,7,1222,16,6342,7,7564,California
Plumas,2021-05-01,2,13257,1,974,0,11597,1,686,0,1221,2,6344,1,7565,California
Plumas,2021-05-02,3,13260,3,977,0,11597,0,686,1,1220,2,6346,1,7566,California
Plumas,2021-05-03,16,13276,6,983,4,11601,6,692,5,1220,11,6357,11,7577,California
Plumas,2021-05-04,27,13303,3,986,18,11619,6,698,16,1231,11,6368,22,7599,California
Plumas,2021-05-05,47,13350,6,992,40,11659,1,699,21,1227,26,6394,22,7621,California
Plumas,2021-05-06,56,13406,2,994,49,11708,5,704,15,1206,41,6435,20,7641,California
Plumas,2021-05-07,22,13428,5,999,16,11724,1,705,8,1201,14,6449,9,7650,California
Plumas,2021-05-08,6,13434,0,999,4,11728,2,707,4,1205,2,6451,6,7656,California
Plumas,2021-05-10,49,13483,1,1000,25,11753,23,730,22,1223,27,6478,45,7701,California
Plumas,2021-05-11,164,13647,3,1003,142,11895,19,749,14,1106,150,6628,33,7734,California
Plumas,2021-05-12,97,13744,2,1005,87,11982,8,757,36,1089,61,6689,44,7778,California
Plumas,2021-05-13,41,13785,5,1010,34,12016,2,759,18,1086,23,6712,20,7798,California
Plumas,2021-05-14,8,13793,0,1010,7,12023,1,760,3,1085,5,6717,4,7802,California
Riverside,2020-12-15,5,5,5,5,0,0,0,0,5,5,0,0,5,5,California
Riverside,2020-12-16,63,68,63,68,0,0,0,0,63,68,0,0,63,68,California
Riverside,2020-12-17,805,873,805,873,0,0,0,0,805,873,0,0,805,873,California
Riverside,2020-12-18,1723,2596,1722,2595,1,1,0,0,1723,2596,0,0,1723,2596,California
Riverside,2020-12-19,1027,3623,1024,3619,3,4,0,0,1025,3620,1,1,1025,3621,California
Riverside,2020-12-20,1084,4707,1083,4702,1,5,0,0,1084,4704,0,1,1084,4705,California
Riverside,2020-12-21,2275,6982,2273,6975,2,7,0,0,2275,6979,0,1,2275,6980,California
Riverside,2020-12-22,2258,9240,2219,9194,39,46,0,0,2257,9236,0,1,2257,9237,California
Riverside,2020-12-23,2130,11370,1793,10987,337,383,0,0,2131,11367,0,1,2131,11368,California
Riverside,2020-12-24,828,12198,626,11613,202,585,0,0,828,12195,0,1,828,12196,California
Riverside,2020-12-25,28,12226,5,11618,23,608,0,0,28,12223,0,1,28,12224,California
Riverside,2020-12-26,401,12627,257,11875,144,752,0,0,401,12624,0,1,401,12625,California
Riverside,2020-12-27,362,12989,243,12118,119,871,0,0,362,12986,0,1,362,12987,California
Riverside,2020-12-28,1627,14616,1126,13244,501,1372,0,0,1627,14613,0,1,1627,14614,California
Riverside,2020-12-29,1739,16355,973,14217,766,2138,0,0,1739,16352,0,1,1739,16353,California
Riverside,2020-12-30,2583,18938,1688,15905,895,3033,0,0,2582,18934,0,1,2582,18935,California
Riverside,2020-12-31,1021,19959,394,16299,627,3660,0,0,1023,19957,0,1,1023,19958,California
Riverside,2021-01-01,116,20075,45,16344,71,3731,0,0,116,20073,0,1,116,20074,California
Riverside,2021-01-02,834,20909,694,17038,140,3871,0,0,834,20907,0,1,834,20908,California
Riverside,2021-01-03,343,21252,298,17336,45,3916,0,0,342,21249,0,1,342,21250,California
Riverside,2021-01-04,1265,22517,797,18133,468,4384,0,0,1265,22514,0,1,1265,22515,California
Riverside,2021-01-05,1985,24502,1364,19497,621,5005,0,0,1890,24315,89,90,1890,24405,California
Riverside,2021-01-06,2498,27000,1114,20611,1384,6389,0,0,2191,26203,303,393,2191,26596,California
Riverside,2021-01-07,2764,29764,1812,22423,952,7341,0,0,1703,26852,1056,1449,1705,28301,California
Riverside,2021-01-08,4059,33823,2938,25361,1121,8462,0,0,2248,27293,1807,3256,2248,30549,California
Riverside,2021-01-09,2072,35895,843,26204,1229,9691,0,0,1725,28672,346,3602,1725,32274,California
Riverside,2021-01-10,1668,37563,736,26940,932,10623,0,0,1064,29132,604,4206,1064,33338,California
Riverside,2021-01-11,4527,42090,3102,30042,1425,12048,0,0,2792,30192,1733,5939,2793,36131,California
Riverside,2021-01-12,3414,45504,2735,32777,679,12727,0,0,1722,30227,1687,7626,1722,37853,California
Riverside,2021-01-13,4394,49898,2874,35651,1520,14247,0,0,2787,31410,1604,9230,2787,40640,California
Riverside,2021-01-14,5496,55394,1896,37547,3600,17847,0,0,4908,35730,588,9818,4908,45548,California
Riverside,2021-01-15,6164,61558,2102,39649,4062,21909,0,0,5875,41317,288,10106,5875,51423,California
Riverside,2021-01-16,3609,65167,1017,40666,2592,24501,0,0,3363,44435,246,10352,3364,54787,California
Riverside,2021-01-17,3592,68759,582,41248,3010,27511,0,0,3395,47635,195,10547,3395,58182,California
Riverside,2021-01-18,3734,72493,2026,43274,1708,29219,0,0,2728,49357,1006,11553,2728,60910,California
Riverside,2021-01-19,7412,79905,2645,45919,4767,33986,0,0,6295,54536,1117,12670,6296,67206,California
Riverside,2021-01-20,8126,88031,3045,48964,5081,39067,0,0,6535,59495,1580,14250,6539,73745,California
Riverside,2021-01-21,8365,96396,3523,52487,4842,43909,0,0,7714,66558,652,14902,7715,81460,California
Riverside,2021-01-22,8729,105125,2980,55467,5749,49658,0,0,8298,74428,429,15331,8299,89759,California
Riverside,2021-01-23,5926,111051,2393,57860,3533,53191,0,0,5197,78897,729,16060,5198,94957,California
Riverside,2021-01-24,3035,114086,1430,59290,1605,54796,0,0,2821,81508,211,16271,2822,97779,California
Riverside,2021-01-25,7883,121969,4539,63829,3344,58140,0,0,6756,87139,1126,17397,6757,104536,California
Riverside,2021-01-26,9122,131091,5731,69560,3391,61531,0,0,7610,93241,1509,18906,7611,112147,California
Riverside,2021-01-27,10912,142003,6391,75951,4521,66052,0,0,9299,100934,1609,20515,9302,121449,California
Riverside,2021-01-28,11497,153500,6785,82736,4712,70764,0,0,10337,110120,1152,21667,10338,131787,California
Riverside,2021-01-29,11927,165427,7279,90015,4648,75412,0,0,10556,119335,1345,23012,10560,142347,California
Riverside,2021-01-30,9052,174479,4606,94621,4446,79858,0,0,8589,127465,460,23472,8590,150937,California
Riverside,2021-01-31,5168,179647,4257,98878,911,80769,0,0,5035,132372,132,23604,5039,155976,California
Riverside,2021-02-01,10887,190534,6721,105599,4166,84935,0,0,9099,139693,1781,25385,9102,165078,California
Riverside,2021-02-02,9518,200052,4854,110453,4664,89599,0,0,8021,146227,1490,26875,8024,173102,California
Riverside,2021-02-03,12130,212182,5102,115555,7028,96627,0,0,9795,153697,2325,29200,9795,182897,California
Riverside,2021-02-04,13554,225736,6046,121601,7508,104135,0,0,11439,163031,2107,31307,11441,194338,California
Riverside,2021-02-05,14342,240078,5403,127004,8939,113074,0,0,11282,171265,3052,34359,11286,205624,California
Riverside,2021-02-06,7264,247342,4292,131296,2972,116046,0,0,5617,175246,1639,35998,5620,211244,California
Riverside,2021-02-07,2169,249511,799,132095,1370,117416,0,0,1852,176784,315,36313,1853,213097,California
Riverside,2021-02-08,12462,261973,5538,137633,6924,124340,0,0,10144,184631,2301,38614,10148,223245,California
Riverside,2021-02-09,9673,271646,4549,142182,5124,129464,0,0,7727,190425,1938,40552,7732,230977,California
Riverside,2021-02-10,12080,283726,6983,149165,5097,134561,0,0,8904,196174,3164,43716,8913,239890,California
Riverside,2021-02-11,16592,300318,9045,158210,7547,142108,0,0,12079,203777,4491,48207,12094,251984,California
Riverside,2021-02-12,17685,318003,10811,169021,6874,148982,0,0,12809,211766,4832,53039,12821,264805,California
Riverside,2021-02-13,6329,324332,2129,171150,4200,153182,0,0,3102,211680,3209,56248,3123,267928,California
Riverside,2021-02-14,4931,329263,1125,172275,3806,156988,0,0,2180,211114,2747,58995,2181,270109,California
Riverside,2021-02-15,9827,339090,4999,177274,4828,161816,0,0,5409,212121,4409,63404,5416,275525,California
Riverside,2021-02-16,16111,355201,10108,187382,6003,167819,0,0,9246,214517,6858,70262,9254,284779,California
Riverside,2021-02-17,15023,370224,8211,195593,6812,174631,0,0,7448,214413,7562,77824,7458,292237,California
Riverside,2021-02-18,15535,385759,8993,204586,6542,181173,0,0,8016,214947,7496,85320,8030,300267,California
Riverside,2021-02-19,15297,401056,8226,212812,7071,188244,0,0,7223,214123,8055,93375,7231,307498,California
Riverside,2021-02-20,8310,409366,4496,217308,3814,192058,0,0,2166,210165,6127,99502,2169,309667,California
Riverside,2021-02-21,4368,413734,3848,221156,520,192578,0,0,1217,208245,3137,102639,1217,310884,California
Riverside,2021-02-22,12358,426092,7758,228914,4600,197178,0,0,5101,206112,7239,109878,5106,315990,California
Riverside,2021-02-23,11101,437193,7567,236481,3534,200712,0,0,5392,205828,5680,115558,5396,321386,California
Riverside,2021-02-24,14803,451996,8097,244578,6706,207418,0,0,6294,203669,8470,124028,6311,327697,California
Riverside,2021-02-25,17348,469344,7397,251975,9951,217369,0,0,8057,202482,9269,133297,8082,335779,California
Riverside,2021-02-26,18609,487953,6719,258694,11890,229259,0,0,9294,202553,9256,142553,9327,345106,California
Riverside,2021-02-27,12046,499999,5578,264272,6468,235727,0,0,5752,202073,6259,148812,5779,350885,California
Riverside,2021-02-28,4881,504880,3217,267489,1664,237391,0,0,2411,202033,2458,151270,2418,353303,California
Riverside,2021-03-01,14331,519211,6105,273594,8224,245615,2,2,8438,204642,5858,157128,8467,361770,California
Riverside,2021-03-02,15298,534509,7444,281038,7853,253468,1,3,8980,207356,6294,163422,9008,370778,California
Riverside,2021-03-03,16867,551376,8350,289388,8517,261985,0,3,7284,205234,9533,172955,7411,378189,California
Riverside,2021-03-04,18741,570117,7458,296846,11278,273263,5,8,8906,204505,9790,182745,9061,387250,California
Riverside,2021-03-05,18778,588895,7538,304384,11196,284459,44,52,9299,204698,9429,192174,9622,396872,California
Riverside,2021-03-06,9462,598357,5028,309412,3953,288412,481,533,4704,205169,4744,196918,5215,402087,California
Riverside,2021-03-07,4180,602537,2702,312114,1089,289501,389,922,1961,205314,2209,199127,2354,404441,California
Riverside,2021-03-08,11940,614477,4741,316855,6789,296290,410,1332,5316,204480,6605,205732,5771,410212,California
Riverside,2021-03-09,14663,629140,6765,323620,7398,303688,500,1832,5788,202046,8856,214588,6422,416634,California
Riverside,2021-03-10,15647,644787,8394,332014,6364,310052,889,2721,6016,199513,9590,224178,7057,423691,California
Riverside,2021-03-11,19233,664020,9447,341461,7940,317992,1846,4567,7587,197548,11609,235787,9644,433335,California
Riverside,2021-03-12,21157,685177,7926,349387,8496,326488,4735,9302,7096,195678,14028,249815,12158,445493,California
Riverside,2021-03-13,8396,693573,2509,351896,4683,331171,1204,10506,4301,197184,4076,253891,5582,451075,California
Riverside,2021-03-14,4614,698187,1584,353480,1739,332910,1291,11797,2051,197971,2552,256443,3339,454414,California
Riverside,2021-03-15,18688,716875,7852,361332,9164,342074,1672,13469,9206,199511,9439,265882,10979,465393,California
Riverside,2021-03-16,20895,737770,10139,371471,9941,352015,815,14284,11390,202343,9466,275348,12298,477691,California
Riverside,2021-03-17,21290,759060,10921,382392,9321,361336,1048,15332,12790,207775,8464,283812,13896,491587,California
Riverside,2021-03-18,22580,781640,11748,394140,9176,370512,1656,16988,12538,211983,9994,293806,14202,505789,California
Riverside,2021-03-19,24017,805657,12574,406714,10492,381004,951,17939,14032,217403,9930,303736,15350,521139,California
Riverside,2021-03-20,10607,816264,6845,413559,2596,383600,1166,19105,6832,221656,3745,307481,7998,529137,California
Riverside,2021-03-21,3682,819946,2877,416436,553,384153,252,19357,2526,223295,1140,308621,2779,531916,California
Riverside,2021-03-22,16642,836588,9927,426363,6162,390315,553,19910,10594,228441,5998,314619,11144,543060,California
Riverside,2021-03-23,18557,855145,10503,436866,7631,397946,423,20333,11964,234305,6537,321156,12401,555461,California
Riverside,2021-03-24,18694,873839,10421,447287,8153,406099,120,20453,12842,241469,5804,326960,12968,568429,California
Riverside,2021-03-25,21109,894948,11653,458940,9276,415375,180,20633,14167,248948,6875,333835,14354,582783,California
Riverside,2021-03-26,24101,919049,11895,470835,12033,427408,173,20806,15037,255196,8964,342799,15212,597995,California
Riverside,2021-03-27,9284,928333,4874,475709,3356,430764,1054,21860,4809,256606,4454,347253,5864,603859,California
Riverside,2021-03-28,4722,933055,3104,478813,1526,432290,92,21952,2837,257664,1872,349125,2930,606789,California
Riverside,2021-03-29,17642,950697,8442,487255,9084,441374,116,22068,10966,262121,6638,355763,11095,617884,California
Riverside,2021-03-30,18327,969024,9540,496795,8582,449956,205,22273,11804,267647,6485,362248,12011,629895,California
Riverside,2021-03-31,18044,987068,8392,505187,9351,459307,301,22574,11486,272931,6515,368763,11799,641694,California
Riverside,2021-04-01,25426,1012494,12433,517620,12230,471537,763,23337,16450,281229,8918,377681,17216,658910,California
Riverside,2021-04-02,26040,1038534,14027,531647,11074,482611,939,24276,16355,289117,9633,387314,17521,676431,California
Riverside,2021-04-03,9297,1047831,5914,537561,2803,485414,580,24856,6029,292477,3250,390564,6610,683041,California
Riverside,2021-04-04,3378,1051209,2052,539613,1087,486501,239,25095,1755,292858,1615,392179,1996,685037,California
Riverside,2021-04-05,18368,1069577,9422,549035,7110,493611,1836,26931,9895,296152,8438,400617,11732,696769,California
Riverside,2021-04-06,23671,1093248,12314,561349,9240,502851,2117,29048,13190,301020,10432,411049,15300,712069,California
Riverside,2021-04-07,24521,1117769,13182,574531,8858,511709,2481,31529,13652,306329,10825,421874,16134,728203,California
Riverside,2021-04-08,26929,1144698,14788,589319,9203,520912,2938,34467,16400,315179,10470,432344,19320,747523,California
Riverside,2021-04-09,26053,1170751,15328,604647,8303,529215,2422,36889,15923,323455,10088,442432,18364,765887,California
Riverside,2021-04-10,11936,1182687,6705,611352,3842,533057,1389,38278,5238,323418,6656,449088,6619,772506,California
Riverside,2021-04-11,4599,1187286,2730,614082,1249,534306,620,38898,2177,323803,2411,451499,2796,775302,California
Riverside,2021-04-12,20062,1207348,8909,622991,8518,542824,2635,41533,10074,326560,9950,461449,12707,788009,California
Riverside,2021-04-13,19890,1227238,11129,634120,8735,551559,26,41559,11359,329458,8489,469938,11387,799396,California
Riverside,2021-04-14,22027,1249265,12100,646220,9913,561472,14,41573,10798,329112,11162,481100,10816,810212,California
Riverside,2021-04-15,21664,1270929,12167,658387,9489,570961,8,41581,11347,330217,10251,491351,11356,821568,California
Riverside,2021-04-16,24922,1295851,14419,672806,10497,581458,6,41587,11605,328567,13268,504619,11618,833186,California
Riverside,2021-04-17,9851,1305702,6492,679298,3359,584817,0,41587,4971,328681,4864,509483,4978,838164,California
Riverside,2021-04-18,3852,1309554,2811,682109,1034,585851,7,41594,1835,328519,2006,511489,1844,840008,California
Riverside,2021-04-19,19471,1329025,11595,693704,7873,593724,3,41597,6974,323044,12457,523946,6982,846990,California
Riverside,2021-04-20,18841,1347866,9940,703644,8892,602616,9,41606,7716,319686,11087,535033,7729,854719,California
Riverside,2021-04-21,19451,1367317,11075,714719,8368,610984,8,41614,7663,315636,11728,546761,7678,862397,California
Riverside,2021-04-22,23208,1390525,13537,728256,9668,620652,3,41617,8662,309825,14481,561242,8670,871067,California
Riverside,2021-04-23,23306,1413831,13731,741987,9561,630213,14,41631,9174,304947,14074,575316,9196,880263,California
Riverside,2021-04-24,10460,1424291,7305,749292,3153,633366,2,41633,4841,304207,5584,580900,4844,885107,California
Riverside,2021-04-25,4201,1428492,2813,752105,1387,634753,1,41634,2190,304401,1998,582898,2192,887299,California
Riverside,2021-04-26,16468,1444960,10351,762456,6072,640825,45,41679,5523,299062,10911,593809,5572,892871,California
Riverside,2021-04-27,17636,1462596,10110,772566,7364,648189,162,41841,6091,293811,11504,605313,6253,899124,California
Riverside,2021-04-28,16389,1478985,8827,781393,7304,655493,258,42099,5521,288779,10811,616124,5779,904903,California
Riverside,2021-04-29,18624,1497609,11419,792812,6868,662361,337,42436,5384,281320,13179,629303,5720,910623,California
Riverside,2021-04-30,19644,1517253,11313,804125,7953,670314,378,42814,6282,274672,13311,642614,6663,917286,California
Riverside,2021-05-01,6749,1524002,4868,808993,1713,672027,168,42982,2317,272745,4410,647024,2483,919769,California
Riverside,2021-05-02,3347,1527349,2181,811174,958,672985,208,43190,1063,271752,2270,649294,1277,921046,California
Riverside,2021-05-03,17950,1545299,11013,822187,6450,679435,487,43677,4141,262628,13750,663044,4626,925672,California
Riverside,2021-05-04,17143,1562442,10907,833094,5820,685255,416,44093,4832,255620,12255,675299,5247,930919,California
Riverside,2021-05-05,15696,1578138,8902,841996,6440,691695,354,44447,4517,249364,11127,686426,4871,935790,California
Riverside,2021-05-06,17644,1595782,9937,851933,7308,699003,399,44846,4474,241136,13103,699529,4875,940665,California
Riverside,2021-05-07,20182,1615964,11551,863484,8204,707207,427,45273,5291,232036,14818,714347,5718,946383,California
Riverside,2021-05-08,6785,1622749,4518,868002,2042,709249,225,45498,2543,230594,4209,718556,2767,949150,California
Riverside,2021-05-09,2310,1625059,1516,869518,639,709888,155,45653,856,230162,1443,719999,1011,950161,California
Riverside,2021-05-10,9964,1635023,5110,874628,4479,714367,375,46028,2819,226263,7093,727092,3194,953355,California
Riverside,2021-05-11,13380,1648403,8068,882696,4824,719191,488,46516,3625,220705,9672,736764,4114,957469,California
Riverside,2021-05-12,11719,1660122,5676,888372,5773,724964,270,46786,3465,216231,8207,744971,3733,961202,California
Riverside,2021-05-13,12972,1673094,7613,895985,5100,730064,259,47045,4448,212460,8483,753454,4712,965914,California
Riverside,2021-05-14,12226,1685320,7651,903636,4038,734102,537,47582,4197,209202,7992,761446,4734,970648,California
Sacramento,2020-12-15,315,315,315,315,0,0,0,0,315,315,0,0,315,315,California
Sacramento,2020-12-16,645,960,645,960,0,0,0,0,645,960,0,0,645,960,California
Sacramento,2020-12-17,648,1608,648,1608,0,0,0,0,648,1608,0,0,648,1608,California
Sacramento,2020-12-18,970,2578,970,2578,0,0,0,0,970,2578,0,0,970,2578,California
Sacramento,2020-12-19,612,3190,612,3190,0,0,0,0,612,3190,0,0,612,3190,California
Sacramento,2020-12-20,634,3824,634,3824,0,0,0,0,634,3824,0,0,634,3824,California
Sacramento,2020-12-21,1677,5501,1677,5501,0,0,0,0,1678,5502,0,0,1678,5502,California
Sacramento,2020-12-22,2097,7598,2064,7565,33,33,0,0,2097,7599,0,0,2097,7599,California
Sacramento,2020-12-23,2250,9848,2081,9646,169,202,0,0,2250,9849,0,0,2250,9849,California
Sacramento,2020-12-24,1046,10894,834,10480,212,414,0,0,1046,10895,0,0,1046,10895,California
Sacramento,2020-12-25,1,10895,0,10480,1,415,0,0,1,10896,0,0,1,10896,California
Sacramento,2020-12-26,509,11404,291,10771,218,633,0,0,509,11405,0,0,509,11405,California
Sacramento,2020-12-27,351,11755,247,11018,104,737,0,0,351,11756,0,0,351,11756,California
Sacramento,2020-12-28,1904,13659,1325,12343,579,1316,0,0,1903,13658,1,1,1903,13659,California
Sacramento,2020-12-29,1955,15614,1189,13532,766,2082,0,0,1955,15613,0,1,1955,15614,California
Sacramento,2020-12-30,2562,18176,1457,14989,1105,3187,0,0,2563,18176,0,1,2563,18177,California
Sacramento,2020-12-31,1229,19405,695,15684,534,3721,0,0,1230,19406,0,1,1230,19407,California
Sacramento,2021-01-01,81,19486,70,15754,11,3732,0,0,81,19487,0,1,81,19488,California
Sacramento,2021-01-02,564,20050,363,16117,201,3933,0,0,564,20051,0,1,564,20052,California
Sacramento,2021-01-03,412,20462,223,16340,189,4122,0,0,412,20463,0,1,412,20464,California
Sacramento,2021-01-04,1958,22420,846,17186,1112,5234,0,0,1956,22418,1,2,1956,22420,California
Sacramento,2021-01-05,2212,24632,986,18172,1226,6460,0,0,1858,23929,354,356,1865,24285,California
Sacramento,2021-01-06,2735,27367,1623,19795,1112,7572,0,0,1960,25117,772,1128,1960,26245,California
Sacramento,2021-01-07,2837,30204,1507,21302,1330,8902,0,0,1975,26233,859,1987,1975,28220,California
Sacramento,2021-01-08,3302,33506,2096,23398,1206,10108,0,0,2267,27470,1031,3018,2268,30488,California
Sacramento,2021-01-09,1291,34797,799,24197,492,10600,0,0,902,27985,387,3405,902,31390,California
Sacramento,2021-01-10,1246,36043,710,24907,536,11136,0,0,775,28291,470,3875,776,32166,California
Sacramento,2021-01-11,4353,40396,2963,27870,1390,12526,0,0,2413,28777,1939,5814,2425,34591,California
Sacramento,2021-01-12,4403,44799,3039,30909,1364,13890,0,0,2435,29249,1967,7781,2439,37030,California
Sacramento,2021-01-13,3792,48591,2171,33080,1621,15511,0,0,2381,30221,1410,9191,2382,39412,California
Sacramento,2021-01-14,4633,53224,2369,35449,2264,17775,0,0,3710,33012,919,10110,3710,43122,California
Sacramento,2021-01-15,4427,57651,2265,37714,2162,19937,0,0,3705,35997,721,10831,3706,46828,California
Sacramento,2021-01-16,2093,59744,1292,39006,801,20738,0,0,1876,37656,217,11048,1876,48704,California
Sacramento,2021-01-17,1647,61391,954,39960,693,21431,0,0,1469,38950,178,11226,1472,50176,California
Sacramento,2021-01-18,2866,64257,1772,41732,1094,22525,0,0,2337,40760,528,11754,2338,52514,California
Sacramento,2021-01-19,5000,69257,3050,44782,1950,24475,0,0,3729,43220,1271,13025,3731,56245,California
Sacramento,2021-01-20,4811,74068,2850,47632,1961,26436,0,0,3590,45592,1223,14248,3595,59840,California
Sacramento,2021-01-21,5200,79268,2995,50627,2205,28641,0,0,4234,48867,960,15208,4235,64075,California
Sacramento,2021-01-22,4987,84255,2655,53282,2332,30973,0,0,4686,53254,300,15508,4687,68762,California
Sacramento,2021-01-23,3733,87988,1562,54844,2171,33144,0,0,3274,56069,459,15967,3274,72036,California
Sacramento,2021-01-24,1600,89588,998,55842,602,33746,0,0,1359,57188,241,16208,1360,73396,California
Sacramento,2021-01-25,4368,93956,2117,57959,2251,35997,0,0,2945,58712,1423,17631,2947,76343,California
Sacramento,2021-01-26,4726,98682,2139,60098,2587,38584,0,0,3523,61036,1201,18832,3525,79868,California
Sacramento,2021-01-27,5812,104494,3055,63153,2757,41341,0,0,4204,63637,1605,20437,4206,84074,California
Sacramento,2021-01-28,5366,109860,2712,65865,2654,43995,0,0,4272,66817,1093,21530,4273,88347,California
Sacramento,2021-01-29,5400,115260,2939,68804,2461,46456,0,0,4370,70166,1021,22551,4370,92717,California
Sacramento,2021-01-30,4511,119771,2206,71010,2305,48761,0,0,4075,73807,434,22985,4075,96792,California
Sacramento,2021-01-31,2314,122085,2020,73030,294,49055,0,0,2038,75573,274,23259,2040,98832,California
Sacramento,2021-02-01,5914,127999,3016,76046,2898,51953,0,0,4252,78168,1657,24916,4252,103084,California
Sacramento,2021-02-02,6934,134933,3764,79810,3170,55123,0,0,4846,80947,2069,26985,4848,107932,California
Sacramento,2021-02-03,7103,142036,3560,83370,3543,58666,0,0,5239,84334,1854,28839,5241,113173,California
Sacramento,2021-02-04,7718,149754,3639,87009,4079,62745,0,0,5497,87620,2211,31050,5497,118670,California
Sacramento,2021-02-05,7857,157611,4493,91502,3364,66109,0,0,4911,89611,2923,33973,4914,123584,California
Sacramento,2021-02-06,8443,166054,3455,94957,4988,71097,0,0,7113,95399,1326,35299,7114,130698,California
Sacramento,2021-02-07,4081,170135,2195,97152,1886,72983,0,0,2856,97040,1217,36516,2858,133556,California
Sacramento,2021-02-08,6197,176332,3205,100357,2992,75975,0,0,3884,98615,2309,38825,3884,137440,California
Sacramento,2021-02-09,6801,183133,3586,103943,3215,79190,0,0,4010,99844,2782,41607,4011,141451,California
Sacramento,2021-02-10,7663,190796,4176,108119,3487,82677,0,0,4530,101256,3120,44727,4532,145983,California
Sacramento,2021-02-11,9611,200407,5748,113867,3863,86540,0,0,5547,102755,4050,48777,5549,151532,California
Sacramento,2021-02-12,10665,211072,4142,118009,6523,93063,0,0,6404,104961,4201,52978,6407,157939,California
Sacramento,2021-02-13,7677,218749,2991,121000,4686,97749,0,0,6086,109459,1589,54567,6087,164026,California
Sacramento,2021-02-14,3171,221920,1951,122951,1220,98969,0,0,2088,110471,1080,55647,2092,166118,California
Sacramento,2021-02-15,5992,227912,2046,124997,3946,102915,0,0,4167,112822,1818,57465,4169,170287,California
Sacramento,2021-02-16,9231,237143,4202,129199,5029,107944,0,0,5317,114236,3907,61372,5321,175608,California
Sacramento,2021-02-17,8838,245981,4989,134188,3849,111793,0,0,5138,115688,3688,65060,5140,180748,California
Sacramento,2021-02-18,9562,255543,5721,139909,3841,115634,0,0,5767,117670,3788,68848,5770,186518,California
Sacramento,2021-02-19,10012,265555,6141,146050,3871,119505,0,0,5915,119507,4084,72932,5921,192439,California
Sacramento,2021-02-20,7747,273302,5724,151774,2023,121528,0,0,4695,121159,3044,75976,4696,197135,California
Sacramento,2021-02-21,2942,276244,2337,154111,605,122133,0,0,1025,120273,1911,77887,1025,198160,California
Sacramento,2021-02-22,6194,282438,3750,157861,2444,124577,0,0,2687,119468,3496,81383,2691,200851,California
Sacramento,2021-02-23,7144,289582,4442,162303,2702,127279,0,0,3467,119278,3661,85044,3471,204322,California
Sacramento,2021-02-24,9653,299235,5296,167599,4357,131636,0,0,5286,120218,4350,89394,5290,209612,California
Sacramento,2021-02-25,10922,310157,6227,173826,4695,136331,0,0,6411,122133,4496,93890,6411,216023,California
Sacramento,2021-02-26,13919,324076,6480,180306,7439,143770,0,0,9585,127418,4303,98193,9588,225611,California
Sacramento,2021-02-27,10817,334893,6722,187028,4092,147862,3,3,7950,132523,2848,101041,7953,233564,California
Sacramento,2021-02-28,5619,340512,2229,189257,3390,151252,0,3,2589,132097,3016,104057,2590,236154,California
Sacramento,2021-03-01,8054,348566,3476,192733,4577,155829,1,4,4356,132779,3677,107734,4359,240513,California
Sacramento,2021-03-02,9258,357824,4023,196756,5234,161063,1,5,5691,134923,3551,111285,5695,246208,California
Sacramento,2021-03-03,10939,368763,5009,201765,5927,166990,3,8,6526,137061,4393,115678,6531,252739,California
Sacramento,2021-03-04,13418,382181,6170,207935,7244,174234,4,12,7462,138608,5925,121603,7472,260211,California
Sacramento,2021-03-05,10581,392762,4883,212818,5668,179902,30,42,7035,142148,3525,125128,7065,267276,California
Sacramento,2021-03-06,8100,400862,3108,215926,4870,184772,122,164,4099,142385,3983,129111,4220,271496,California
Sacramento,2021-03-07,7593,408455,2202,218128,5304,190076,87,251,3733,142348,3855,132966,3818,275314,California
Sacramento,2021-03-08,9103,417558,4247,222375,4632,194708,224,475,5963,145405,3128,136094,6185,281499,California
Sacramento,2021-03-09,9558,427116,4527,226902,4739,199447,292,767,5493,147141,4049,140143,5785,287284,California
Sacramento,2021-03-10,11726,438842,7481,234383,3890,203337,355,1122,6853,149512,4838,144981,7209,294493,California
Sacramento,2021-03-11,14997,453839,9964,244347,4237,207574,796,1918,8923,153194,6036,151017,9718,304211,California
Sacramento,2021-03-12,17968,471807,8311,252658,8823,216397,834,2752,8841,153803,9074,160091,9683,313894,California
Sacramento,2021-03-13,12951,484758,3570,256228,8957,225354,424,3176,7857,156998,5083,165174,8278,322172,California
Sacramento,2021-03-14,8377,493135,3464,259692,4283,229637,630,3806,4476,158226,3877,169051,5105,327277,California
Sacramento,2021-03-15,12166,505301,4822,264514,6693,236330,651,4457,7077,160887,5068,174119,7729,335006,California
Sacramento,2021-03-16,13979,519280,6209,270723,7131,243461,639,5096,8639,164852,5307,179426,9272,344278,California
Sacramento,2021-03-17,13641,532921,6573,277296,6457,249918,611,5707,8815,169484,4799,184225,9431,353709,California
Sacramento,2021-03-18,15634,548555,8218,285514,6852,256770,564,6271,10106,174657,5497,189722,10670,364379,California
Sacramento,2021-03-19,15585,564140,7960,293474,6254,263024,1371,7642,8117,176701,7441,197163,9485,373864,California
Sacramento,2021-03-20,12892,577032,7531,301005,5022,268046,339,7981,8163,180507,4698,201861,8504,382368,California
Sacramento,2021-03-21,5594,582626,2750,303755,2805,270851,39,8020,4942,184850,640,202501,4983,387351,California
Sacramento,2021-03-22,9373,591999,4799,308554,3721,274572,853,8873,6285,188927,3062,205563,7139,394490,California
Sacramento,2021-03-23,11323,603322,6749,315303,3765,278337,809,9682,7316,193080,3969,209532,8122,402612,California
Sacramento,2021-03-24,11847,615169,7270,322573,3947,282284,630,10312,6748,195441,5018,214550,7379,409991,California
Sacramento,2021-03-25,14101,629270,8325,330898,4966,287250,810,11122,8565,199321,5493,220043,9373,419364,California
Sacramento,2021-03-26,18247,647517,8938,339836,8821,296071,488,11610,9237,200106,8942,228985,9727,429091,California
Sacramento,2021-03-27,9685,657202,3565,343401,5831,301902,289,11899,5216,201169,4438,233423,5501,434592,California
Sacramento,2021-03-28,6522,663724,3215,346616,3059,304961,248,12147,3129,201166,3383,236806,3380,437972,California
Sacramento,2021-03-29,11010,674734,5895,352511,4745,309706,370,12517,5216,200988,5766,242572,5588,443560,California
Sacramento,2021-03-30,11845,686579,6082,358593,5371,315077,392,12909,6057,201671,5765,248337,6448,450008,California
Sacramento,2021-03-31,13411,699990,7840,366433,5175,320252,396,13305,5679,200033,7705,256042,6067,456075,California
Sacramento,2021-04-01,17322,717312,10415,376848,6686,326938,221,13526,7311,197600,9976,266018,7543,463618,California
Sacramento,2021-04-02,17043,734355,9662,386510,6651,333589,730,14256,8970,199262,8042,274060,9704,473322,California
Sacramento,2021-04-03,10360,744715,6175,392685,3636,337225,549,14805,6363,202205,3969,278029,6912,480234,California
Sacramento,2021-04-04,3694,748409,1523,394208,1982,339207,189,14994,1452,201606,2237,280266,1638,481872,California
Sacramento,2021-04-05,12009,760418,7534,401742,3644,342851,831,15825,5365,201185,6610,286876,6189,488061,California
Sacramento,2021-04-06,15535,775953,8835,410577,5374,348225,1326,17151,6874,200751,8630,295506,8196,496257,California
Sacramento,2021-04-07,14697,790650,7955,418532,5162,353387,1580,18731,7104,201866,7559,303065,8674,504931,California
Sacramento,2021-04-08,14905,805555,6686,425218,5270,358657,2949,21680,5921,201772,8951,312016,8857,513788,California
Sacramento,2021-04-09,18095,823650,9253,434471,6659,365316,2183,23863,7319,200527,10739,322755,9494,523282,California
Sacramento,2021-04-10,12548,836198,3819,438290,7525,372841,1204,25067,5088,199360,7434,330189,6267,529549,California
Sacramento,2021-04-11,10711,846909,4316,442606,6171,379012,224,25291,3790,196478,6895,337084,4013,533562,California
Sacramento,2021-04-12,12882,859791,5005,447611,6015,385027,1862,27153,4926,195350,7902,344986,6774,540336,California
Sacramento,2021-04-13,16205,875996,9920,457531,6281,391308,4,27157,7537,194253,8642,353628,7545,547881,California
Sacramento,2021-04-14,14881,890877,7939,465470,6940,398248,2,27159,5886,191179,8965,362593,5891,553772,California
Sacramento,2021-04-15,16281,907158,8384,473854,7895,406143,2,27161,6601,188143,9643,372236,6607,560379,California
Sacramento,2021-04-16,17372,924530,9611,483465,7761,413904,0,27161,7873,186558,9460,381696,7875,568254,California
Sacramento,2021-04-17,15230,939760,6120,489585,9110,423014,0,27161,11023,193397,4188,385884,11027,579281,California
Sacramento,2021-04-18,8429,948189,3063,492648,5366,428380,0,27161,3742,192468,4672,390556,3743,583024,California
Sacramento,2021-04-19,10573,958762,5712,498360,4857,433237,4,27165,4700,191320,5854,396410,4706,587730,California
Sacramento,2021-04-20,11094,969856,6744,505104,4347,437584,3,27168,5907,192066,5168,401578,5914,593644,California
Sacramento,2021-04-21,11454,981310,6622,511726,4830,442414,2,27170,6218,193078,5209,406787,6221,599865,California
Sacramento,2021-04-22,14774,996084,9869,521595,4902,447316,3,27173,6811,191957,7937,414724,6816,606681,California
Sacramento,2021-04-23,15805,1011889,9997,531592,5808,453124,0,27173,7339,190867,8430,423154,7340,614021,California
Sacramento,2021-04-24,11310,1023199,7005,538597,4304,457428,1,27174,5932,191460,5341,428495,5934,619955,California
Sacramento,2021-04-25,7974,1031173,4480,543077,3494,460922,0,27174,4156,191812,3805,432300,4157,624112,California
Sacramento,2021-04-26,10199,1041372,6404,549481,3770,464692,25,27199,4677,191023,5492,437792,4703,628815,California
Sacramento,2021-04-27,11599,1052971,7624,557105,3856,468548,119,27318,5617,190805,5955,443747,5737,634552,California
Sacramento,2021-04-28,9988,1062959,5695,562800,4092,472640,201,27519,5347,191743,4615,448362,5553,640105,California
Sacramento,2021-04-29,10156,1073115,6789,569589,3062,475702,305,27824,5339,192605,4783,453145,5645,645750,California
Sacramento,2021-04-30,12402,1085517,7790,577379,4350,480052,262,28086,5861,192234,6495,459640,6124,651874,California
Sacramento,2021-05-01,7552,1093069,5463,582842,1916,481968,173,28259,2748,190385,4770,464410,2921,654795,California
Sacramento,2021-05-02,3809,1096878,3159,586001,542,482510,108,28367,2160,191020,1631,466041,2266,657061,California
Sacramento,2021-05-03,9081,1105959,7268,593269,1535,484045,278,28645,3939,190113,5119,471160,4212,661273,California
Sacramento,2021-05-04,9357,1115316,5683,598952,3367,487412,307,28952,3792,188688,5523,476683,4098,665371,California
Sacramento,2021-05-05,10941,1126257,5907,604859,4583,491995,451,29403,4412,187057,6490,483173,4859,670230,California
Sacramento,2021-05-06,11153,1137410,6208,611067,4648,496643,297,29700,4656,185811,6197,489370,4951,675181,California
Sacramento,2021-05-07,10579,1147989,6163,617230,4042,500685,374,30074,4460,184578,6068,495438,4835,680016,California
Sacramento,2021-05-08,8147,1156136,3814,621044,4104,504789,229,30303,2700,182091,5412,500850,2925,682941,California
Sacramento,2021-05-09,3167,1159303,1655,622699,1400,506189,112,30415,1193,181436,1960,502810,1305,684246,California
Sacramento,2021-05-10,8049,1167352,3724,626423,4057,510246,268,30683,1983,177651,6037,508847,2252,686498,California
Sacramento,2021-05-11,8051,1175403,5027,631450,2784,513030,240,30923,2781,175430,5240,514087,3019,689517,California
Sacramento,2021-05-12,7952,1183355,4727,636177,2994,516024,231,31154,2686,173114,5233,519320,2917,692434,California
Sacramento,2021-05-13,10257,1193612,6462,642639,3574,519598,221,31375,3656,170423,6572,525892,3881,696315,California
Sacramento,2021-05-14,8538,1202150,4931,647570,3405,523003,202,31577,3060,168245,5439,531331,3261,699576,California
San Benito,2020-12-16,2,2,2,2,0,0,0,0,2,2,0,0,2,2,California
San Benito,2020-12-17,8,10,8,10,0,0,0,0,8,10,0,0,8,10,California
San Benito,2020-12-18,32,42,32,42,0,0,0,0,32,42,0,0,32,42,California
San Benito,2020-12-19,47,89,47,89,0,0,0,0,47,89,0,0,47,89,California
San Benito,2020-12-20,23,112,23,112,0,0,0,0,23,112,0,0,23,112,California
San Benito,2020-12-21,48,160,48,160,0,0,0,0,48,160,0,0,48,160,California
San Benito,2020-12-22,65,225,65,225,0,0,0,0,65,225,0,0,65,225,California
San Benito,2020-12-23,48,273,36,261,12,12,0,0,48,273,0,0,48,273,California
San Benito,2020-12-24,12,285,4,265,8,20,0,0,12,285,0,0,12,285,California
San Benito,2020-12-25,4,289,4,269,0,20,0,0,4,289,0,0,4,289,California
San Benito,2020-12-26,13,302,4,273,9,29,0,0,13,302,0,0,13,302,California
San Benito,2020-12-27,8,310,7,280,1,30,0,0,8,310,0,0,8,310,California
San Benito,2020-12-28,63,373,36,316,27,57,0,0,63,373,0,0,63,373,California
San Benito,2020-12-29,50,423,21,337,29,86,0,0,50,423,0,0,50,423,California
San Benito,2020-12-30,59,482,37,374,22,108,0,0,59,482,0,0,59,482,California
San Benito,2020-12-31,19,501,2,376,17,125,0,0,19,501,0,0,19,501,California
San Benito,2021-01-02,25,526,24,400,1,126,0,0,25,526,0,0,25,526,California
San Benito,2021-01-03,3,529,1,401,2,128,0,0,3,529,0,0,3,529,California
San Benito,2021-01-04,62,591,23,424,39,167,0,0,62,591,0,0,62,591,California
San Benito,2021-01-05,119,710,37,461,82,249,0,0,116,704,3,3,116,707,California
San Benito,2021-01-06,97,807,42,503,55,304,0,0,83,773,14,17,83,790,California
San Benito,2021-01-07,80,887,43,546,37,341,0,0,52,797,28,45,52,842,California
San Benito,2021-01-08,131,1018,67,613,64,405,0,0,87,840,44,89,87,929,California
San Benito,2021-01-09,43,1061,30,643,13,418,0,0,30,857,13,102,30,959,California
San Benito,2021-01-10,16,1077,14,657,2,420,0,0,5,851,11,113,5,964,California
San Benito,2021-01-11,100,1177,59,716,41,461,0,0,47,845,53,166,47,1011,California
San Benito,2021-01-12,157,1334,53,769,104,565,0,0,121,930,36,202,121,1132,California
San Benito,2021-01-13,191,1525,35,804,156,721,0,0,164,1067,27,229,164,1296,California
San Benito,2021-01-14,116,1641,23,827,93,814,0,0,99,1149,17,246,99,1395,California
San Benito,2021-01-15,214,1855,21,848,193,1007,0,0,200,1335,14,260,200,1595,California
San Benito,2021-01-16,27,1882,9,857,18,1025,0,0,21,1350,6,266,21,1616,California
San Benito,2021-01-17,11,1893,5,862,6,1031,0,0,8,1355,3,269,8,1624,California
San Benito,2021-01-18,36,1929,23,885,13,1044,0,0,21,1361,15,284,21,1645,California
San Benito,2021-01-19,152,2081,65,950,87,1131,0,0,125,1459,27,311,125,1770,California
San Benito,2021-01-20,275,2356,94,1044,181,1312,0,0,229,1643,45,356,229,1999,California
San Benito,2021-01-21,125,2481,32,1076,93,1405,0,0,100,1718,25,381,100,2099,California
San Benito,2021-01-22,231,2712,19,1095,212,1617,0,0,221,1929,10,391,221,2320,California
San Benito,2021-01-23,31,2743,17,1112,14,1631,0,0,13,1924,18,409,13,2333,California
San Benito,2021-01-24,11,2754,3,1115,8,1639,0,0,7,1927,4,413,7,2340,California
San Benito,2021-01-25,67,2821,25,1140,42,1681,0,0,21,1902,46,459,21,2361,California
San Benito,2021-01-26,134,2955,41,1181,93,1774,0,0,81,1930,53,512,81,2442,California
San Benito,2021-01-27,230,3185,69,1250,161,1935,0,0,190,2080,40,552,190,2632,California
San Benito,2021-01-28,155,3340,32,1282,123,2058,0,0,123,2172,31,583,123,2755,California
San Benito,2021-01-29,284,3624,31,1313,253,2311,0,0,261,2411,22,605,261,3016,California
San Benito,2021-01-30,51,3675,32,1345,19,2330,0,0,28,2416,23,628,28,3044,California
San Benito,2021-01-31,16,3691,5,1350,11,2341,0,0,11,2422,5,633,11,3055,California
San Benito,2021-02-01,133,3824,28,1378,105,2446,0,0,89,2467,44,677,89,3144,California
San Benito,2021-02-02,226,4050,49,1427,177,2623,0,0,136,2513,90,767,136,3280,California
San Benito,2021-02-03,336,4386,42,1469,294,2917,0,0,272,2721,64,831,272,3552,California
San Benito,2021-02-04,162,4548,24,1493,138,3055,0,0,118,2795,44,875,118,3670,California
San Benito,2021-02-05,291,4839,40,1533,251,3306,0,0,228,2960,63,938,228,3898,California
San Benito,2021-02-06,49,4888,9,1542,40,3346,0,0,32,2975,17,955,32,3930,California
San Benito,2021-02-07,15,4903,7,1549,8,3354,0,0,14,2988,1,956,14,3944,California
San Benito,2021-02-08,138,5041,15,1564,123,3477,0,0,92,3034,46,1002,92,4036,California
San Benito,2021-02-09,327,5368,64,1628,263,3740,0,0,194,3095,133,1135,194,4230,California
San Benito,2021-02-10,320,5688,88,1716,232,3972,0,0,111,2998,208,1343,111,4341,California
San Benito,2021-02-11,296,5984,32,1748,264,4236,0,0,198,3098,98,1441,198,4539,California
San Benito,2021-02-12,411,6395,30,1778,381,4617,0,0,207,3102,203,1644,207,4746,California
San Benito,2021-02-13,57,6452,8,1786,49,4666,0,0,43,3131,14,1658,43,4789,California
San Benito,2021-02-14,40,6492,5,1791,35,4701,0,0,30,3151,10,1668,30,4819,California
San Benito,2021-02-15,105,6597,9,1800,96,4797,0,0,94,3234,11,1679,94,4913,California
San Benito,2021-02-16,205,6802,11,1811,194,4991,0,0,101,3231,104,1783,101,5014,California
San Benito,2021-02-17,327,7129,30,1841,297,5288,0,0,278,3460,49,1832,278,5292,California
San Benito,2021-02-18,293,7422,38,1879,255,5543,0,0,72,3311,221,2053,72,5364,California
San Benito,2021-02-19,342,7764,45,1924,297,5840,0,0,177,3323,165,2218,177,5541,California
San Benito,2021-02-20,45,7809,26,1950,19,5859,0,0,36,3350,9,2227,36,5577,California
San Benito,2021-02-21,23,7832,8,1958,15,5874,0,0,14,3355,9,2236,14,5591,California
San Benito,2021-02-22,133,7965,36,1994,97,5971,0,0,99,3421,33,2269,99,5690,California
San Benito,2021-02-23,374,8339,92,2086,282,6253,0,0,262,3571,112,2381,262,5952,California
San Benito,2021-02-24,377,8716,63,2149,314,6567,0,0,237,3668,140,2521,237,6189,California
San Benito,2021-02-25,393,9109,63,2212,330,6897,0,0,272,3817,123,2644,272,6461,California
San Benito,2021-02-26,640,9749,72,2284,568,7465,0,0,397,3971,243,2887,397,6858,California
San Benito,2021-02-27,98,9847,36,2320,62,7527,0,0,83,4039,15,2902,83,6941,California
San Benito,2021-02-28,249,10096,24,2344,225,7752,0,0,240,4270,9,2911,240,7181,California
San Benito,2021-03-01,224,10320,59,2403,165,7917,0,0,155,4355,70,2981,155,7336,California
San Benito,2021-03-02,276,10596,90,2493,186,8103,0,0,206,4491,70,3051,206,7542,California
San Benito,2021-03-03,396,10992,58,2551,338,8441,0,0,220,4537,174,3225,220,7762,California
San Benito,2021-03-04,610,11602,124,2675,471,8912,15,15,429,4789,181,3406,433,8195,California
San Benito,2021-03-05,582,12184,305,2980,265,9177,12,27,373,4966,208,3614,385,8580,California
San Benito,2021-03-06,191,12375,67,3047,110,9287,14,41,139,5067,52,3666,153,8733,California
San Benito,2021-03-07,647,13022,603,3650,22,9309,22,63,615,5672,32,3698,637,9370,California
San Benito,2021-03-08,288,13310,66,3716,176,9485,46,109,167,5764,121,3819,213,9583,California
San Benito,2021-03-09,423,13733,84,3800,240,9725,99,208,137,5688,285,4104,209,9792,California
San Benito,2021-03-10,402,14135,114,3914,193,9918,95,303,232,5845,170,4274,327,10119,California
San Benito,2021-03-11,467,14602,119,4033,196,10114,152,455,206,5942,261,4535,358,10477,California
San Benito,2021-03-12,513,15115,117,4150,301,10415,95,550,230,5987,281,4816,326,10803,California
San Benito,2021-03-13,201,15316,101,4251,82,10497,18,568,127,6061,71,4887,145,10948,California
San Benito,2021-03-14,232,15548,40,4291,172,10669,20,588,180,6210,51,4938,200,11148,California
San Benito,2021-03-15,325,15873,100,4391,206,10875,19,607,191,6286,134,5072,210,11358,California
San Benito,2021-03-16,499,16372,219,4610,249,11124,31,638,352,6521,147,5219,382,11740,California
San Benito,2021-03-17,785,17157,476,5086,288,11412,21,659,559,6871,222,5441,572,12312,California
San Benito,2021-03-18,786,17943,525,5611,206,11618,55,714,572,7277,212,5653,618,12930,California
San Benito,2021-03-19,777,18720,404,6015,350,11968,23,737,577,7677,200,5853,600,13530,California
San Benito,2021-03-20,240,18960,148,6163,80,12048,12,749,184,7817,56,5909,196,13726,California
San Benito,2021-03-21,108,19068,56,6219,47,12095,5,754,81,7876,27,5936,86,13812,California
San Benito,2021-03-22,345,19413,170,6389,150,12245,25,779,221,7998,124,6060,246,14058,California
San Benito,2021-03-23,476,19889,198,6587,268,12513,10,789,216,7963,260,6320,225,14283,California
San Benito,2021-03-24,575,20464,305,6892,263,12776,7,796,360,8116,214,6534,367,14650,California
San Benito,2021-03-25,742,21206,441,7333,297,13073,4,800,442,8266,296,6830,446,15096,California
San Benito,2021-03-26,1002,22208,518,7851,481,13554,3,803,333,7934,668,7498,336,15432,California
San Benito,2021-03-27,332,22540,184,8035,115,13669,33,836,215,8066,116,7614,248,15680,California
San Benito,2021-03-28,694,23234,571,8606,118,13787,5,841,125,7627,569,8183,130,15810,California
San Benito,2021-03-29,344,23578,109,8715,215,14002,20,861,149,7600,195,8378,168,15978,California
San Benito,2021-03-30,573,24151,269,8984,210,14212,94,955,288,7697,285,8663,382,16360,California
San Benito,2021-03-31,584,24735,358,9342,203,14415,23,978,334,7807,247,8910,357,16717,California
San Benito,2021-04-01,933,25668,374,9716,521,14936,38,1016,557,8021,375,9285,589,17306,California
San Benito,2021-04-02,541,26209,264,9980,142,15078,135,1151,267,8149,274,9559,402,17708,California
San Benito,2021-04-03,253,26462,87,10067,104,15182,62,1213,75,8108,178,9737,137,17845,California
San Benito,2021-04-04,144,26606,109,10176,30,15212,5,1218,107,8183,37,9774,112,17957,California
San Benito,2021-04-05,352,26958,170,10346,140,15352,42,1260,143,8158,209,9983,184,18141,California
San Benito,2021-04-06,458,27416,160,10506,123,15475,175,1435,155,8185,303,10286,330,18471,California
San Benito,2021-04-07,924,28340,522,11028,213,15688,189,1624,255,7962,667,10953,444,18915,California
San Benito,2021-04-08,853,29193,427,11455,176,15864,250,1874,221,7802,631,11584,471,19386,California
San Benito,2021-04-09,836,30029,496,11951,250,16114,90,1964,288,7632,548,12132,378,19764,California
San Benito,2021-04-10,327,30356,199,12150,71,16185,57,2021,181,7724,146,12278,238,20002,California
San Benito,2021-04-11,470,30826,270,12420,167,16352,33,2054,263,7793,207,12485,276,20278,California
San Benito,2021-04-12,529,31355,286,12706,131,16483,112,2166,279,7931,249,12734,387,20665,California
San Benito,2021-04-13,753,32108,290,12996,440,16923,23,2189,523,8249,229,12963,547,21212,California
San Benito,2021-04-14,829,32937,651,13647,178,17101,0,2189,395,8215,429,13392,395,21607,California
San Benito,2021-04-15,940,33877,732,14379,207,17308,1,2190,467,8211,472,13864,468,22075,California
San Benito,2021-04-16,700,34577,367,14746,324,17632,9,2199,295,8113,402,14266,304,22379,California
San Benito,2021-04-17,314,34891,225,14971,89,17721,0,2199,127,8051,189,14455,127,22506,California
San Benito,2021-04-18,491,35382,410,15381,81,17802,0,2199,241,8043,250,14705,242,22748,California
San Benito,2021-04-19,729,36111,588,15969,141,17943,0,2199,410,8136,318,15023,411,23159,California
San Benito,2021-04-20,748,36859,400,16369,347,18290,1,2200,474,8341,269,15292,474,23633,California
San Benito,2021-04-21,952,37811,701,17070,251,18541,0,2200,520,8443,418,15710,520,24153,California
San Benito,2021-04-22,894,38705,692,17762,202,18743,0,2200,568,8693,318,16028,568,24721,California
San Benito,2021-04-23,626,39331,395,18157,230,18973,1,2201,339,8795,238,16266,340,25061,California
San Benito,2021-04-24,354,39685,201,18358,153,19126,0,2201,164,8808,151,16417,164,25225,California
San Benito,2021-04-25,199,39884,122,18480,77,19203,0,2201,88,8804,92,16509,88,25313,California
San Benito,2021-04-26,480,40364,384,18864,96,19299,0,2201,254,8892,166,16675,254,25567,California
San Benito,2021-04-27,537,40901,278,19142,252,19551,7,2208,402,9176,125,16800,409,25976,California
San Benito,2021-04-28,541,41442,384,19526,148,19699,9,2217,378,9404,158,16958,386,26362,California
San Benito,2021-04-29,621,42063,230,19756,381,20080,10,2227,248,9306,373,17331,275,26637,California
San Benito,2021-04-30,369,42432,204,19960,158,20238,7,2234,198,9342,169,17500,205,26842,California
San Benito,2021-05-01,194,42626,143,20103,43,20281,8,2242,65,9288,127,17627,73,26915,California
San Benito,2021-05-02,189,42815,161,20264,24,20305,4,2246,58,9219,131,17758,62,26977,California
San Benito,2021-05-03,356,43171,281,20545,66,20371,9,2255,84,9042,272,18030,95,27072,California
San Benito,2021-05-04,391,43562,243,20788,142,20513,6,2261,148,8956,241,18271,155,27227,California
San Benito,2021-05-05,600,44162,423,21211,161,20674,16,2277,210,8794,388,18659,226,27453,California
San Benito,2021-05-06,610,44772,484,21695,111,20785,15,2292,220,8643,386,19045,235,27688,California
San Benito,2021-05-07,447,45219,284,21979,153,20938,10,2302,172,8555,273,19318,185,27873,California
San Benito,2021-05-08,275,45494,224,22203,46,20984,5,2307,158,8601,117,19435,163,28036,California
San Benito,2021-05-09,100,45594,75,22278,22,21006,3,2310,47,8598,53,19488,50,28086,California
San Benito,2021-05-10,406,46000,320,22598,62,21068,24,2334,51,8319,355,19843,76,28162,California
San Benito,2021-05-11,803,46803,405,23003,384,21452,14,2348,177,7887,624,20467,192,28354,California
San Benito,2021-05-12,477,47280,388,23391,80,21532,9,2357,114,7649,362,20829,124,28478,California
San Benito,2021-05-13,623,47903,530,23921,83,21615,10,2367,145,7327,476,21305,154,28632,California
San Benito,2021-05-14,316,48219,195,24116,115,21730,6,2373,97,7212,218,21523,103,28735,California
San Bernardino,2020-12-15,13,13,13,13,0,0,0,0,13,13,0,0,13,13,California
San Bernardino,2020-12-16,107,120,107,120,0,0,0,0,107,120,0,0,107,120,California
San Bernardino,2020-12-17,2358,2478,2358,2478,0,0,0,0,2358,2478,0,0,2358,2478,California
San Bernardino,2020-12-18,3143,5621,3140,5618,3,3,0,0,3144,5622,0,0,3144,5622,California
San Bernardino,2020-12-19,1069,6690,1068,6686,1,4,0,0,1070,6692,0,0,1070,6692,California
San Bernardino,2020-12-20,1178,7868,1175,7861,3,7,0,0,1178,7870,0,0,1178,7870,California
San Bernardino,2020-12-21,2451,10319,2446,10307,5,12,0,0,2451,10321,0,0,2451,10321,California
San Bernardino,2020-12-22,2269,12588,2143,12450,126,138,0,0,2270,12591,0,0,2270,12591,California
San Bernardino,2020-12-23,2649,15237,1456,13906,1193,1331,0,0,2647,15238,0,0,2647,15238,California
San Bernardino,2020-12-24,1158,16395,581,14487,577,1908,0,0,1160,16398,0,0,1160,16398,California
San Bernardino,2020-12-25,75,16470,14,14501,61,1969,0,0,75,16473,0,0,75,16473,California
San Bernardino,2020-12-26,462,16932,254,14755,208,2177,0,0,462,16935,0,0,462,16935,California
San Bernardino,2020-12-27,343,17275,160,14915,183,2360,0,0,343,17278,0,0,343,17278,California
San Bernardino,2020-12-28,1570,18845,713,15628,857,3217,0,0,1571,18849,0,0,1571,18849,California
San Bernardino,2020-12-29,2213,21058,1044,16672,1169,4386,0,0,2213,21062,0,0,2213,21062,California
San Bernardino,2020-12-30,2896,23954,1460,18132,1436,5822,0,0,2897,23959,0,0,2897,23959,California
San Bernardino,2020-12-31,1357,25311,439,18571,918,6740,0,0,1355,25314,0,0,1355,25314,California
San Bernardino,2021-01-01,283,25594,151,18722,132,6872,0,0,282,25596,0,0,282,25596,California
San Bernardino,2021-01-02,475,26069,339,19061,136,7008,0,0,475,26071,0,0,475,26071,California
San Bernardino,2021-01-03,136,26205,86,19147,50,7058,0,0,136,26207,0,0,136,26207,California
San Bernardino,2021-01-04,2123,28328,1289,20436,834,7892,0,0,2122,28329,0,0,2122,28329,California
San Bernardino,2021-01-05,2336,30664,1462,21898,874,8766,0,0,2226,30446,109,109,2226,30555,California
San Bernardino,2021-01-06,3438,34102,2352,24250,1086,9852,0,0,2944,32903,488,597,2945,33500,California
San Bernardino,2021-01-07,5421,39523,4507,28757,914,10766,0,0,2483,32467,2919,3516,2483,35983,California
San Bernardino,2021-01-08,5368,44891,4446,33203,922,11688,0,0,2292,31688,3072,6588,2293,38276,California
San Bernardino,2021-01-09,1402,46293,1100,34303,302,11990,0,0,906,32098,496,7084,906,39182,California
San Bernardino,2021-01-10,1025,47318,597,34900,428,12418,0,0,576,32225,449,7533,576,39758,California
San Bernardino,2021-01-11,4982,52300,4074,38974,908,13326,0,0,2769,32784,2210,9743,2769,42527,California
San Bernardino,2021-01-12,4233,56533,3218,42192,1015,14341,0,0,2519,33590,1713,11456,2519,45046,California
San Bernardino,2021-01-13,4564,61097,2848,45040,1716,16057,0,0,3342,35724,1209,12665,3343,48389,California
San Bernardino,2021-01-14,4793,65890,2817,47857,1976,18033,0,0,4211,39357,578,13243,4211,52600,California
San Bernardino,2021-01-15,5989,71879,2977,50834,3012,21045,0,0,5592,44565,387,13630,5595,58195,California
San Bernardino,2021-01-16,2260,74139,1294,52128,966,22011,0,0,2118,46541,142,13772,2118,60313,California
San Bernardino,2021-01-17,1192,75331,517,52645,675,22686,0,0,1102,47556,89,13861,1104,61417,California
San Bernardino,2021-01-18,4270,79601,2639,55284,1631,24317,0,0,3648,50586,621,14482,3651,65068,California
San Bernardino,2021-01-19,6316,85917,3713,58997,2603,26920,0,0,5224,54722,1090,15572,5226,70294,California
San Bernardino,2021-01-20,6812,92729,3742,62739,3070,29990,0,0,4878,57676,1926,17498,4880,75174,California
San Bernardino,2021-01-21,5994,98723,3081,65820,2913,32903,0,0,4874,61442,1111,18609,4877,80051,California
San Bernardino,2021-01-22,6527,105250,3055,68875,3472,36375,0,0,5803,66524,722,19331,5804,85855,California
San Bernardino,2021-01-23,3110,108360,1892,70767,1218,37593,0,0,2720,68855,389,19720,2720,88575,California
San Bernardino,2021-01-24,1195,109555,462,71229,733,38326,0,0,1094,69848,101,19821,1094,89669,California
San Bernardino,2021-01-25,6883,116438,3405,74634,3478,41804,0,0,5026,73023,1854,21675,5029,94698,California
San Bernardino,2021-01-26,7112,123550,3571,78205,3541,45345,0,0,5015,75942,2097,23772,5016,99714,California
San Bernardino,2021-01-27,8494,132044,4146,82351,4348,49693,0,0,5696,78848,2790,26562,5696,105410,California
San Bernardino,2021-01-28,8593,140637,4083,86434,4510,54203,0,0,6269,82798,2319,28881,6269,111679,California
San Bernardino,2021-01-29,8192,148829,3774,90208,4418,58621,0,0,6221,87063,1957,30838,6222,117901,California
San Bernardino,2021-01-30,3091,151920,1900,92108,1191,59812,0,0,2803,89579,287,31125,2803,120704,California
San Bernardino,2021-01-31,924,152844,494,92602,430,60242,0,0,870,90396,53,31178,870,121574,California
San Bernardino,2021-02-01,7553,160397,4235,96837,3318,63560,0,0,4930,92707,2620,33798,4931,126505,California
San Bernardino,2021-02-02,10435,170832,3654,100491,6781,70341,0,0,8371,99019,2060,35858,8372,134877,California
San Bernardino,2021-02-03,8998,179830,4148,104639,4850,75191,0,0,6500,103030,2490,38348,6501,141378,California
San Bernardino,2021-02-04,10531,190361,5201,109840,5330,80521,0,0,7424,107358,3096,41444,7424,148802,California
San Bernardino,2021-02-05,11001,201362,5914,115754,5087,85608,0,0,7473,111315,3517,44961,7474,156276,California
San Bernardino,2021-02-06,5260,206622,2209,117963,3051,88659,0,0,3620,113323,1615,46576,3623,159899,California
San Bernardino,2021-02-07,844,207466,490,118453,354,89013,0,0,466,113415,375,46951,467,160366,California
San Bernardino,2021-02-08,7281,214747,3880,122333,3401,92414,0,0,5609,117355,1669,48620,5609,165975,California
San Bernardino,2021-02-09,10036,224783,5812,128145,4224,96638,0,0,6799,120924,3233,51853,6802,172777,California
San Bernardino,2021-02-10,12155,236938,6539,134684,5616,102254,0,0,7977,124735,4167,56020,7978,180755,California
San Bernardino,2021-02-11,12407,249345,7113,141797,5294,107548,0,0,7910,128174,4474,60494,7913,188668,California
San Bernardino,2021-02-12,10398,259743,5938,147735,4460,112008,0,0,5680,129152,4702,65196,5680,194348,California
San Bernardino,2021-02-13,6029,265772,4005,151740,2024,114032,0,0,3786,130716,2227,67423,3791,198139,California
San Bernardino,2021-02-14,1552,267324,651,152391,901,114933,0,0,873,130918,671,68094,873,199012,California
San Bernardino,2021-02-15,5460,272784,2994,155385,2466,117399,0,0,3055,131582,2391,70485,3055,202067,California
San Bernardino,2021-02-16,12609,285393,7380,162765,5229,122628,0,0,7964,134915,4632,75117,7965,210032,California
San Bernardino,2021-02-17,11793,297186,6457,169222,5336,127964,0,0,7141,137423,4635,79752,7143,217175,California
San Bernardino,2021-02-18,12475,309661,7592,176814,4883,132847,0,0,7703,140370,4757,84509,7704,224879,California
San Bernardino,2021-02-19,11510,321171,5938,182752,5572,138419,0,0,6808,142496,4682,89191,6808,231687,California
San Bernardino,2021-02-20,4521,325692,3470,186222,1051,139470,0,0,2041,142062,2477,91668,2043,233730,California
San Bernardino,2021-02-21,1039,326731,583,186805,456,139926,0,0,330,141683,709,92377,330,234060,California
San Bernardino,2021-02-22,8646,335377,5333,192138,3313,143239,0,0,4035,141119,4600,96977,4036,238096,California
San Bernardino,2021-02-23,9102,344479,5427,197565,3675,146914,0,0,4578,141204,4493,101470,4578,242674,California
San Bernardino,2021-02-24,12422,356901,7164,204729,5258,152172,0,0,6148,141105,6248,107718,6149,248823,California
San Bernardino,2021-02-25,13060,369961,6280,211009,6780,158952,0,0,7606,143278,5436,113154,7609,256432,California
San Bernardino,2021-02-26,13584,383545,6372,217381,7212,166164,0,0,7572,144903,5949,119103,7574,264006,California
San Bernardino,2021-02-27,6638,390183,3702,221083,2935,169099,1,1,4796,147870,1830,120933,4797,268803,California
San Bernardino,2021-02-28,1756,391939,727,221810,1029,170128,0,1,1131,148381,620,121553,1131,269934,California
San Bernardino,2021-03-01,8415,400354,4340,226150,4073,174201,2,3,3832,147664,4559,126112,3842,273776,California
San Bernardino,2021-03-02,13671,414025,5379,231529,8292,182493,0,3,6425,146877,7215,133327,6428,280204,California
San Bernardino,2021-03-03,12786,426811,6454,237983,6329,188822,3,6,5965,146051,6800,140127,5974,286178,California
San Bernardino,2021-03-04,13713,440524,6876,244859,6837,195659,0,6,5964,144291,7728,147855,5968,292146,California
San Bernardino,2021-03-05,14221,454745,7374,252233,6846,202505,1,7,6892,143903,7299,155154,6911,299057,California
San Bernardino,2021-03-06,9661,464406,5408,257641,4038,206543,215,222,4532,143535,5113,160267,4745,303802,California
San Bernardino,2021-03-07,1580,465986,933,258574,592,207135,55,277,1009,144030,569,160836,1064,304866,California
San Bernardino,2021-03-08,8015,474001,3517,262091,4339,211474,159,436,3538,143260,4470,165306,3700,308566,California
San Bernardino,2021-03-09,12611,486612,7039,269130,5328,216802,244,680,4856,140620,7741,173047,5101,313667,California
San Bernardino,2021-03-10,14033,500645,7690,276820,5791,222593,552,1232,6200,139571,7805,180852,6756,320423,California
San Bernardino,2021-03-11,15518,516163,7155,283975,6777,229370,1586,2818,7365,140386,8132,188984,8947,329370,California
San Bernardino,2021-03-12,15436,531599,6833,290808,6558,235928,2045,4863,7306,141682,8100,197084,9396,338766,California
San Bernardino,2021-03-13,8292,539891,4502,295310,3278,239206,512,5375,4905,143725,3376,200460,5419,344185,California
San Bernardino,2021-03-14,3221,543112,1613,296923,1034,240240,574,5949,1836,144751,1378,201838,2404,346589,California
San Bernardino,2021-03-15,11349,554461,5339,302262,3976,244216,2034,7983,5554,146550,5782,207620,7581,354170,California
San Bernardino,2021-03-16,16146,570607,7985,310247,7216,251432,945,8928,9876,151123,6244,213864,10817,364987,California
San Bernardino,2021-03-17,17305,587912,8596,318843,7959,259391,750,9678,10493,155573,6793,220657,11243,376230,California
San Bernardino,2021-03-18,16574,604486,8195,327038,7994,267385,385,10063,9841,159090,6707,227364,10224,386454,California
San Bernardino,2021-03-19,16879,621365,8340,335378,7951,275336,588,10651,9703,162282,7152,234516,10344,396798,California
San Bernardino,2021-03-20,9394,630759,5918,341296,2888,278224,588,11239,5567,164630,3803,238319,6151,402949,California
San Bernardino,2021-03-21,2759,633518,2241,343537,470,278694,48,11287,2229,166389,518,238837,2277,405226,California
San Bernardino,2021-03-22,9585,643103,4498,348035,4652,283346,435,11722,6948,171154,2618,241455,7383,412609,California
San Bernardino,2021-03-23,15460,658563,8770,356805,6071,289417,619,12341,9676,175684,5764,247219,10294,422903,California
San Bernardino,2021-03-24,15097,673660,7793,364598,7003,296420,301,12642,10063,181049,5000,252219,10365,433268,California
San Bernardino,2021-03-25,16972,690632,8312,372910,8363,304783,297,12939,10786,185991,6137,258356,11079,444347,California
San Bernardino,2021-03-26,18072,708704,8593,381503,8711,313494,768,13707,10938,190594,7104,265460,11707,456054,California
San Bernardino,2021-03-27,10769,719473,6937,388440,3080,316574,752,14459,6178,192949,4573,270033,6928,462982,California
San Bernardino,2021-03-28,3532,723005,2467,390907,952,317526,113,14572,2490,194516,1035,271068,2602,465584,California
San Bernardino,2021-03-29,11730,734735,6082,396989,5251,322777,397,14969,7987,199175,3725,274793,8384,473968,California
San Bernardino,2021-03-30,16914,751649,9437,406426,6765,329542,712,15681,10873,204743,6008,280801,11576,485544,California
San Bernardino,2021-03-31,16381,768030,9181,415607,6569,336111,631,16312,10911,210844,5443,286244,11544,497088,California
San Bernardino,2021-04-01,19489,787519,10268,425875,7856,343967,1365,17677,12563,217877,6888,293132,13921,511009,California
San Bernardino,2021-04-02,18649,806168,9362,435237,8012,351979,1275,18952,11285,223140,7340,300472,12603,523612,California
San Bernardino,2021-04-03,11014,817182,6870,442107,3021,355000,1123,20075,6038,225342,4960,305432,7162,530774,California
San Bernardino,2021-04-04,2474,819656,1488,443595,738,355738,248,20323,1269,225660,1200,306632,1518,532292,California
San Bernardino,2021-04-05,11725,831381,5266,448861,4732,360470,1727,22050,6003,227681,5703,312335,7724,540016,California
San Bernardino,2021-04-06,19639,851020,11045,459906,6489,366959,2105,24155,10431,231041,9171,321506,12531,552547,California
San Bernardino,2021-04-07,20821,871841,11141,471047,7219,374178,2461,26616,11392,235480,9402,330908,13841,566388,California
San Bernardino,2021-04-08,21693,893534,11085,482132,8018,382196,2590,29206,11947,240289,9720,340628,14529,580917,California
San Bernardino,2021-04-09,21595,915129,10974,493106,8074,390270,2547,31753,11799,244862,9761,350389,14334,595251,California
San Bernardino,2021-04-10,15566,930695,8059,501165,3813,394083,3694,35447,7741,248478,7806,358195,11422,606673,California
San Bernardino,2021-04-11,4403,935098,2568,503733,885,394968,950,36397,2043,249113,2354,360549,2989,609662,California
San Bernardino,2021-04-12,13337,948435,6178,509911,5519,400487,1640,38037,6329,250089,6988,367537,7964,617626,California
San Bernardino,2021-04-13,19217,967652,10950,520861,8248,408735,19,38056,11016,252950,8175,375712,11036,628662,California
San Bernardino,2021-04-14,19165,986817,10249,531110,8913,417648,3,38059,10849,255517,8286,383998,10853,639515,California
San Bernardino,2021-04-15,20228,1007045,11309,542419,8913,426561,6,38065,10757,256847,9435,393433,10765,650280,California
San Bernardino,2021-04-16,18534,1025579,10523,552942,8010,434571,1,38066,9142,256638,9351,402784,9142,659422,California
San Bernardino,2021-04-17,11908,1037487,7839,560781,4069,438640,0,38066,6258,257276,5620,408404,6258,665680,California
San Bernardino,2021-04-18,2880,1040367,1975,562756,905,439545,0,38066,1316,257037,1555,409959,1316,666996,California
San Bernardino,2021-04-19,12519,1052886,6676,569432,5843,445388,0,38066,4874,254292,7623,417582,4878,671874,California
San Bernardino,2021-04-20,17566,1070452,9805,579237,7758,453146,3,38069,8048,252846,9497,427079,8051,679925,California
San Bernardino,2021-04-21,18022,1088474,10299,589536,7721,460867,2,38071,7972,250826,9994,437073,7974,687899,California
San Bernardino,2021-04-22,19111,1107585,10916,600452,8191,469058,4,38075,7847,247464,11213,448286,7851,695750,California
San Bernardino,2021-04-23,18386,1125971,10521,610973,7864,476922,1,38076,8092,245310,10249,458535,8095,703845,California
San Bernardino,2021-04-24,12777,1138748,9457,620430,3318,480240,2,38078,6884,246319,5877,464412,6886,710731,California
San Bernardino,2021-04-25,3407,1142155,2235,622665,1172,481412,0,38078,1689,246305,1704,466116,1690,712421,California
San Bernardino,2021-04-26,10453,1152608,5600,628265,4764,486176,89,38167,4424,244823,5994,472110,4512,716933,California
San Bernardino,2021-04-27,15847,1168455,9562,637827,6116,492292,169,38336,6480,242144,9327,481437,6648,723581,California
San Bernardino,2021-04-28,14634,1183089,8689,646516,5675,497967,270,38606,5255,238314,9346,490783,5516,729097,California
San Bernardino,2021-04-29,16080,1199169,9267,655783,6544,504511,269,38875,5334,233211,10703,501486,5600,734697,California
San Bernardino,2021-04-30,16486,1215655,10421,666204,5786,510297,279,39154,6045,229138,10394,511880,6321,741018,California
San Bernardino,2021-05-01,10682,1226337,8394,674598,1980,512277,308,39462,3638,226073,7008,518888,3943,744961,California
San Bernardino,2021-05-02,2916,1229253,2112,676710,673,512950,131,39593,1039,225372,1871,520759,1170,746131,California
San Bernardino,2021-05-03,9950,1239203,5753,682463,3794,516744,403,39996,2827,221504,7098,527857,3230,749361,California
San Bernardino,2021-05-04,15614,1254817,9501,691964,5664,522408,449,40445,4512,215403,11060,538917,4959,754320,California
San Bernardino,2021-05-05,15207,1270024,8792,700756,6019,528427,396,40841,4275,209187,10883,549800,4667,758987,California
San Bernardino,2021-05-06,15609,1285633,8952,709708,6248,534675,409,41250,4230,202488,11337,561137,4638,763625,California
San Bernardino,2021-05-07,15310,1300943,8636,718344,6309,540984,365,41615,4578,196753,10674,571811,4939,768564,California
San Bernardino,2021-05-08,9142,1310085,6095,724439,2804,543788,243,41858,3099,194085,6009,577820,3341,771905,California
San Bernardino,2021-05-09,1830,1311915,1132,725571,606,544394,92,41950,734,193823,1087,578907,825,772730,California
San Bernardino,2021-05-10,7350,1319265,3385,728956,3657,548051,308,42258,2238,191302,5064,583971,2543,775273,California
San Bernardino,2021-05-11,11809,1331074,6521,735477,4978,553029,310,42568,3712,187265,8062,592033,4025,779298,California
San Bernardino,2021-05-12,11863,1342937,6346,741823,5219,558248,298,42866,3359,182456,8462,600495,3653,782951,California
San Bernardino,2021-05-13,12104,1355041,7294,749117,4496,562744,314,43180,4616,179933,7448,607943,4925,787876,California
San Bernardino,2021-05-14,9558,1364599,6391,755508,2873,565617,294,43474,3408,177526,6109,614052,3702,791578,California
San Diego,2020-12-15,119,119,119,119,0,0,0,0,119,119,0,0,119,119,California
San Diego,2020-12-16,1103,1222,1103,1222,0,0,0,0,1103,1222,0,0,1103,1222,California
San Diego,2020-12-17,2349,3571,2349,3571,0,0,0,0,2349,3571,0,0,2349,3571,California
San Diego,2020-12-18,3671,7242,3670,7241,1,1,0,0,3671,7242,0,0,3671,7242,California
San Diego,2020-12-19,2311,9553,2311,9552,0,1,0,0,2311,9553,0,0,2311,9553,California
San Diego,2020-12-20,1184,10737,1183,10735,1,2,0,0,1184,10737,0,0,1184,10737,California
San Diego,2020-12-21,3522,14259,3521,14256,1,3,0,0,3522,14259,0,0,3522,14259,California
San Diego,2020-12-22,4058,18317,3415,17671,643,646,0,0,4058,18317,0,0,4058,18317,California
San Diego,2020-12-23,3180,21497,1977,19648,1203,1849,0,0,3180,21497,0,0,3180,21497,California
San Diego,2020-12-24,2737,24234,2219,21867,518,2367,0,0,2737,24234,0,0,2737,24234,California
San Diego,2020-12-25,875,25109,874,22741,1,2368,0,0,875,25109,0,0,875,25109,California
San Diego,2020-12-26,3294,28403,2144,24885,1150,3518,0,0,3294,28403,0,0,3294,28403,California
San Diego,2020-12-27,2507,30910,1617,26502,890,4408,0,0,2506,30908,1,1,2506,30909,California
San Diego,2020-12-28,5900,36810,4213,30715,1687,6095,0,0,5900,36808,0,1,5900,36809,California
San Diego,2020-12-29,5590,42400,3016,33731,2574,8669,0,0,5590,42398,0,1,5590,42399,California
San Diego,2020-12-30,5953,48353,3108,36839,2845,11514,0,0,5953,48351,0,1,5953,48352,California
San Diego,2020-12-31,3038,51391,1055,37894,1983,13497,0,0,3038,51389,0,1,3038,51390,California
San Diego,2021-01-01,1006,52397,452,38346,554,14051,0,0,1006,52395,0,1,1006,52396,California
San Diego,2021-01-02,3763,56160,1320,39666,2443,16494,0,0,3763,56158,0,1,3763,56159,California
San Diego,2021-01-03,859,57019,632,40298,227,16721,0,0,858,57016,0,1,858,57017,California
San Diego,2021-01-04,3704,60723,2051,42349,1653,18374,0,0,3697,60713,0,1,3697,60714,California
San Diego,2021-01-05,4341,65064,2152,44501,2189,20563,0,0,3725,63838,612,613,3737,64451,California
San Diego,2021-01-06,4955,70019,2300,46801,2655,23218,0,0,3720,66350,1212,1825,3724,68175,California
San Diego,2021-01-07,5663,75682,2982,49783,2681,25899,0,0,3505,67710,2151,3976,3511,71686,California
San Diego,2021-01-08,7887,83569,4959,54742,2928,28827,0,0,4101,68058,3769,7745,4117,75803,California
San Diego,2021-01-09,3501,87070,1940,56682,1561,30388,0,0,1951,68482,1538,9283,1962,77765,California
San Diego,2021-01-10,1882,88952,1293,57975,589,30977,0,0,780,68181,1090,10373,789,78554,California
San Diego,2021-01-11,10335,99287,5863,63838,4472,35449,0,0,6806,71483,3522,13895,6824,85378,California
San Diego,2021-01-12,11206,110493,5319,69157,5887,41336,0,0,7830,76059,3367,17262,7943,93321,California
San Diego,2021-01-13,11489,121982,5034,74191,6455,47791,0,0,8944,82495,2532,19794,8968,102289,California
San Diego,2021-01-14,12370,134352,4753,78944,7617,55408,0,0,10202,90573,2159,21953,10237,112526,California
San Diego,2021-01-15,15137,149489,5357,84301,9780,65188,0,0,12493,100495,2625,24578,12547,125073,California
San Diego,2021-01-16,10774,160263,3596,87897,7178,72366,0,0,9328,108413,1441,26019,9359,134432,California
San Diego,2021-01-17,8686,168949,2503,90400,6183,78549,0,0,7846,115439,840,26859,7866,142298,California
San Diego,2021-01-18,12525,181474,5965,96365,6560,85109,0,0,9691,122393,2795,29654,9749,152047,California
San Diego,2021-01-19,14763,196237,5833,102198,8930,94039,0,0,11628,131161,3122,32776,11890,163937,California
San Diego,2021-01-20,18333,214570,6392,108590,11941,105980,0,0,15010,143044,3302,36078,15185,179122,California
San Diego,2021-01-21,17421,231991,5908,114498,11513,117493,0,0,16027,157834,1385,37463,16175,195297,California
San Diego,2021-01-22,17679,249670,4758,119256,12921,130414,0,0,15624,171519,2041,39504,15726,211023,California
San Diego,2021-01-23,14484,264154,5273,124529,9211,139625,0,0,12122,181348,2350,41854,12179,223202,California
San Diego,2021-01-24,11915,276069,3357,127886,8558,148183,0,0,10944,191359,969,42823,10980,234182,California
San Diego,2021-01-25,12268,288337,5796,133682,6472,154655,0,0,9249,197752,3012,45835,9405,243587,California
San Diego,2021-01-26,14959,303296,7661,141343,7298,161953,0,0,11646,206277,3308,49143,11833,255420,California
San Diego,2021-01-27,20767,324063,8131,149474,12636,174589,0,0,17670,221008,3083,52226,17814,273234,California
San Diego,2021-01-28,21308,345371,7650,157124,13658,188247,0,0,19040,237870,2258,54484,19120,292354,California
San Diego,2021-01-29,19715,365086,6469,163593,13246,201493,0,0,17288,252785,2417,56901,17332,309686,California
San Diego,2021-01-30,15906,380992,3667,167260,12239,213732,0,0,13224,263434,2672,59573,13321,323007,California
San Diego,2021-01-31,14806,395798,5758,173018,9048,222780,0,0,14444,277550,358,59931,14474,337481,California
San Diego,2021-02-01,20551,416349,7253,180271,13298,236078,0,0,17350,291789,3187,63118,17426,354907,California
San Diego,2021-02-02,23218,439567,8702,188973,14516,250594,0,0,19671,308092,3537,66655,19840,374747,California
San Diego,2021-02-03,27459,467026,11564,200537,15895,266489,0,0,23265,327369,4176,70831,23453,398200,California
San Diego,2021-02-04,24386,491412,10031,210568,14355,280844,0,0,19668,342618,4700,75531,19949,418149,California
San Diego,2021-02-05,25036,516448,8995,219563,16041,296885,0,0,18326,354704,6686,82217,18772,436921,California
San Diego,2021-02-06,20794,537242,8568,228131,12226,309111,0,0,17527,369191,3261,85478,17748,454669,California
San Diego,2021-02-07,12137,549379,5377,233508,6760,315871,0,0,10260,377852,1857,87335,10518,465187,California
San Diego,2021-02-08,20109,569488,8518,242026,11591,327462,0,0,12675,383791,7416,94751,13355,478542,California
San Diego,2021-02-09,20419,589907,8256,250282,12163,339625,0,0,13202,390866,7196,101947,14271,492813,California
San Diego,2021-02-10,23028,612935,9389,259671,13639,353264,0,0,13872,397005,9098,111045,15237,508050,California
San Diego,2021-02-11,23816,636751,10157,269828,13659,366923,0,0,12748,400396,11039,122084,14430,522480,California
San Diego,2021-02-12,23864,660615,7470,277298,16394,383317,0,0,11913,402639,11933,134017,14176,536656,California
San Diego,2021-02-13,20055,680670,9044,286342,11011,394328,0,0,10920,405627,9127,143144,12115,548771,California
San Diego,2021-02-14,11187,691857,7432,293774,3755,398083,0,0,6329,408612,4854,147998,7839,556610,California
San Diego,2021-02-15,15283,707140,7773,301547,7510,405593,0,0,7852,412118,7409,155407,10915,567525,California
San Diego,2021-02-16,19288,726428,11261,312808,8027,413620,0,0,9239,414291,10036,165443,12209,579734,California
San Diego,2021-02-17,23400,749828,10984,323792,12416,426036,0,0,8123,410234,15263,180706,11206,590940,California
San Diego,2021-02-18,23572,773400,12010,335802,11562,437598,0,0,7788,406322,15773,196479,11861,602801,California
San Diego,2021-02-19,15917,789317,10924,346726,4993,442591,0,0,6633,405667,9264,205743,8609,611410,California
San Diego,2021-02-20,10267,799584,6369,353095,3898,446489,0,0,5817,408939,4448,210191,7720,619130,California
San Diego,2021-02-21,11548,811132,10135,363230,1413,447902,0,0,5188,409306,6330,216521,6697,625827,California
San Diego,2021-02-22,12457,823589,10598,373828,1859,449761,0,0,5792,410076,6657,223178,7427,633254,California
San Diego,2021-02-23,25895,849484,14520,388348,11375,461136,0,0,9658,409396,16229,239407,15549,648803,California
San Diego,2021-02-24,28953,878437,12761,401109,16192,477328,0,0,6863,401617,22069,261476,14290,663093,California
San Diego,2021-02-25,33203,911640,14727,415836,18476,495804,0,0,10166,397143,23017,284493,18543,681636,California
San Diego,2021-02-26,33476,945116,12405,428241,21071,516875,0,0,12145,395064,21301,305794,19222,700858,California
San Diego,2021-02-27,21240,966356,9680,437921,11560,528435,0,0,11447,400982,9788,315582,15706,716564,California
San Diego,2021-02-28,15267,981623,9969,447890,5298,533733,0,0,9509,407522,5757,321339,12297,728861,California
San Diego,2021-03-01,24251,1005874,14315,462205,9934,543667,2,2,14738,416676,9437,330776,18591,747452,California
San Diego,2021-03-02,26162,1032036,14076,476281,12086,555753,0,2,12762,422731,13390,344166,19445,766897,California
San Diego,2021-03-03,34004,1066040,15923,492204,18078,573831,3,5,14072,423792,19910,364076,20971,787868,California
San Diego,2021-03-04,28320,1094360,14105,506309,14215,588046,0,5,12654,427530,15644,379720,19382,807250,California
San Diego,2021-03-05,28934,1123294,14833,521142,14019,602065,82,87,13475,432337,15436,395156,20243,827493,California
San Diego,2021-03-06,23363,1146657,9527,530669,13136,615201,700,787,10295,434940,13054,408210,15657,843150,California
San Diego,2021-03-07,18206,1164863,9299,539968,8336,623537,571,1358,6905,434773,11293,419503,11126,854276,California
San Diego,2021-03-08,23089,1187952,11219,551187,10971,634508,899,2257,11456,440383,11613,431116,17223,871499,California
San Diego,2021-03-09,25892,1213844,11981,563168,12156,646664,1755,4012,10127,440434,15751,446867,15802,887301,California
San Diego,2021-03-10,25312,1239156,10784,573952,12133,658797,2395,6407,9918,441431,15378,462245,16375,903676,California
San Diego,2021-03-11,28712,1267868,11035,584987,14078,672875,3599,10006,10043,440380,18647,480892,17596,921272,California
San Diego,2021-03-12,27079,1294947,9457,594444,14485,687360,3137,13143,9968,439917,17095,497987,16632,937904,California
San Diego,2021-03-13,26167,1321114,7303,601747,17075,704435,1789,14932,10081,439871,16083,514070,16037,953941,California
San Diego,2021-03-14,13840,1334954,5493,607240,7610,712045,737,15669,4798,438692,9034,523104,7855,961796,California
San Diego,2021-03-15,22027,1356981,10170,617410,11078,723123,779,16448,9031,438608,12982,536086,12898,974694,California
San Diego,2021-03-16,30005,1386986,15793,633203,13800,736923,412,16860,15749,443578,14232,550318,19202,993896,California
San Diego,2021-03-17,26328,1413314,12219,645422,13390,750313,719,17579,16777,453585,9536,559854,19543,1013439,California
San Diego,2021-03-18,31509,1444823,17798,663220,12795,763108,916,18495,17018,458588,14459,574313,19462,1032901,California
San Diego,2021-03-19,30278,1475101,14364,677584,14897,778005,1017,19512,19363,469258,10895,585208,21565,1054466,California
San Diego,2021-03-20,27854,1502955,8430,686014,17630,795635,1794,21306,21405,487121,6438,591646,24301,1078767,California
San Diego,2021-03-21,16535,1519490,12057,698071,3761,799396,717,22023,7700,488028,8821,600467,9728,1088495,California
San Diego,2021-03-22,22526,1542016,13150,711221,9117,808513,259,22282,14340,497201,8174,608641,17347,1105842,California
San Diego,2021-03-23,25990,1568006,13642,724863,12084,820597,264,22546,17161,507827,8814,617455,19440,1125282,California
San Diego,2021-03-24,29553,1597559,19765,744628,9425,830022,363,22909,17124,514941,12420,629875,19534,1144816,California
San Diego,2021-03-25,30323,1627882,18282,762910,11382,841404,659,23568,17989,523382,12317,642192,20758,1165574,California
San Diego,2021-03-26,32096,1659978,17905,780815,13633,855037,558,24126,17564,529810,14507,656699,20935,1186509,California
San Diego,2021-03-27,25446,1685424,10993,791808,14060,869097,393,24519,15727,538459,9703,666402,18352,1204861,California
San Diego,2021-03-28,15040,1700464,9196,801004,5787,874884,57,24576,9284,543512,5750,672152,10803,1215664,California
San Diego,2021-03-29,26675,1727139,12908,813912,13171,888055,596,25172,16448,552763,10218,682370,19469,1235133,California
San Diego,2021-03-30,33230,1760369,17905,831817,14553,902608,772,25944,22048,566220,11171,693541,24628,1259761,California
San Diego,2021-03-31,30404,1790773,18761,850578,10966,913574,677,26621,20606,578811,9781,703322,22372,1282133,California
San Diego,2021-04-01,34314,1825087,20055,870633,12796,926370,1463,28084,23247,593784,11042,714364,26015,1308148,California
San Diego,2021-04-02,35748,1860835,20659,891292,12324,938694,2765,30849,24114,610459,11615,725979,28290,1336438,California
San Diego,2021-04-03,30812,1891647,14426,905718,11788,950482,4598,35447,19687,624823,11113,737092,25477,1361915,California
San Diego,2021-04-04,9064,1900711,5206,910924,2930,953412,928,36375,4826,626519,4233,741325,5929,1367844,California
San Diego,2021-04-05,29719,1930430,15400,926324,11701,965113,2618,38993,19394,640692,10310,751635,24483,1392327,California
San Diego,2021-04-06,38704,1969134,20396,946720,12447,977560,5861,44854,22354,654656,16336,767971,30300,1422627,California
San Diego,2021-04-07,35784,2004918,21975,968695,9283,986843,4526,49380,20456,665520,15304,783275,26168,1448795,California
San Diego,2021-04-08,35163,2040081,21362,990057,9704,996547,4097,53477,21326,679666,13818,797093,27964,1476759,California
San Diego,2021-04-09,38229,2078310,22812,1012869,10288,1006835,5129,58606,20841,691569,17319,814412,29222,1505981,California
San Diego,2021-04-10,29176,2107486,11783,1024652,13392,1020227,4001,62607,15177,699738,13989,828401,22158,1528139,California
San Diego,2021-04-11,16250,2123736,10072,1034724,3865,1024092,2313,64920,7296,703359,8950,837351,12571,1540710,California
San Diego,2021-04-12,30672,2154408,12818,1047542,13560,1037652,4294,69214,17173,714966,13485,850836,25092,1565802,California
San Diego,2021-04-13,37184,2191592,17781,1065323,19368,1057020,35,69249,24797,730238,12367,863203,27639,1593441,California
San Diego,2021-04-14,33066,2224658,18926,1084249,14128,1071148,12,69261,17919,737358,15131,878334,22251,1615692,California
San Diego,2021-04-15,39422,2264080,20341,1104590,19077,1090225,4,69265,24013,748796,15388,893722,26826,1642518,California
San Diego,2021-04-16,33798,2297878,18575,1123165,15221,1105446,2,69267,19626,756673,14112,907834,21989,1664507,California
San Diego,2021-04-17,27856,2325734,13536,1136701,14320,1119766,0,69267,12392,756711,15367,923201,15405,1679912,California
San Diego,2021-04-18,14266,2340000,8919,1145620,5344,1125110,3,69270,6575,758538,7678,930879,9505,1689417,California
San Diego,2021-04-19,26451,2366451,13563,1159183,12886,1137996,2,69272,12470,758777,13964,944843,14203,1703620,California
San Diego,2021-04-20,38806,2405257,17603,1176786,21203,1159199,0,69272,19863,762644,18922,963765,22789,1726409,California
San Diego,2021-04-21,34901,2440158,20885,1197671,14016,1173215,0,69272,16934,764594,17932,981697,19882,1746291,California
San Diego,2021-04-22,44537,2484695,22945,1220616,21586,1194801,6,69278,22325,767737,22171,1003868,25314,1771605,California
San Diego,2021-04-23,42063,2526758,26012,1246628,16049,1210850,2,69280,15647,760119,26383,1030251,18765,1790370,California
San Diego,2021-04-24,34322,2561080,18786,1265414,15521,1226371,15,69295,15424,759806,18866,1049117,18553,1808923,California
San Diego,2021-04-25,12447,2573527,7671,1273085,4776,1231147,0,69295,5851,760400,6587,1055704,7181,1816104,California
San Diego,2021-04-26,30797,2604324,15391,1288476,15281,1246428,125,69420,10475,754936,20312,1076016,14848,1830952,California
San Diego,2021-04-27,41940,2646264,23006,1311482,18535,1264963,399,69819,18392,753112,23516,1099532,21692,1852644,California
San Diego,2021-04-28,38129,2684393,22554,1334036,14934,1279897,641,70460,17294,752438,20801,1120333,20127,1872771,California
San Diego,2021-04-29,37981,2722374,24207,1358243,13155,1293052,619,71079,15360,747508,22585,1142918,17655,1890426,California
San Diego,2021-04-30,37914,2760288,23091,1381334,13837,1306889,986,72065,14814,742021,23066,1165984,17579,1908005,California
San Diego,2021-05-01,24260,2784548,10695,1392029,12920,1319809,645,72710,9513,739557,14737,1180721,12273,1920278,California
San Diego,2021-05-02,10701,2795249,7509,1399538,2605,1322414,587,73297,3268,736305,7428,1188149,4176,1924454,California
San Diego,2021-05-03,25307,2820556,12454,1411992,11697,1334111,1156,74453,9351,731657,15932,1204081,11284,1935738,California
San Diego,2021-05-04,31818,2852374,17548,1429540,12970,1347081,1300,75753,11517,725284,20270,1224351,13897,1949635,California
San Diego,2021-05-05,27635,2880009,17017,1446557,9342,1356423,1276,77029,10596,721070,17016,1241367,12802,1962437,California
San Diego,2021-05-06,28303,2908312,18824,1465381,8584,1365007,895,77924,10828,717801,17446,1258813,14177,1976614,California
San Diego,2021-05-07,29487,2937799,19532,1484913,8912,1373919,1043,78967,11043,712657,18408,1277221,13264,1989878,California
San Diego,2021-05-08,22610,2960409,10728,1495641,11172,1385091,710,79677,7307,706743,15282,1292503,9368,1999246,California
San Diego,2021-05-09,7493,2967902,5677,1501318,1407,1386498,409,80086,2616,705308,4870,1297373,3435,2002681,California
San Diego,2021-05-10,21601,2989503,8451,1509769,12341,1398839,809,80895,5963,697696,15609,1312982,7997,2010678,California
San Diego,2021-05-11,27472,3016975,11115,1520884,15595,1414434,762,81657,9621,691817,17827,1330809,11948,2022626,California
San Diego,2021-05-12,21483,3038458,11316,1532200,9404,1423838,763,82420,7845,687774,13616,1344425,9573,2032199,California
San Diego,2021-05-13,26636,3065094,15095,1547295,10970,1434808,571,82991,10823,685239,15770,1360195,13235,2045434,California
San Diego,2021-05-14,14877,3079971,9322,1556617,4955,1439763,600,83591,6133,683946,8727,1368922,7434,2052868,California
San Francisco,2020-12-15,7,7,7,7,0,0,0,0,7,7,0,0,7,7,California
San Francisco,2020-12-16,229,236,229,236,0,0,0,0,229,236,0,0,229,236,California
San Francisco,2020-12-17,393,629,393,629,0,0,0,0,393,629,0,0,393,629,California
San Francisco,2020-12-18,877,1506,876,1505,1,1,0,0,877,1506,0,0,877,1506,California
San Francisco,2020-12-19,601,2107,601,2106,0,1,0,0,601,2107,0,0,601,2107,California
San Francisco,2020-12-20,483,2590,483,2589,0,1,0,0,483,2590,0,0,483,2590,California
San Francisco,2020-12-21,1161,3751,1161,3750,0,1,0,0,1161,3751,0,0,1161,3751,California
San Francisco,2020-12-22,1403,5154,1369,5119,34,35,0,0,1403,5154,0,0,1403,5154,California
San Francisco,2020-12-23,1337,6491,1048,6167,289,324,0,0,1337,6491,0,0,1337,6491,California
San Francisco,2020-12-24,841,7332,503,6670,338,662,0,0,841,7332,0,0,841,7332,California
San Francisco,2020-12-25,34,7366,29,6699,5,667,0,0,34,7366,0,0,34,7366,California
San Francisco,2020-12-26,245,7611,151,6850,94,761,0,0,245,7611,0,0,245,7611,California
San Francisco,2020-12-27,274,7885,60,6910,214,975,0,0,274,7885,0,0,274,7885,California
San Francisco,2020-12-28,1269,9154,686,7596,583,1558,0,0,1269,9154,0,0,1269,9154,California
San Francisco,2020-12-29,1248,10402,624,8220,624,2182,0,0,1248,10402,0,0,1248,10402,California
San Francisco,2020-12-30,1487,11889,780,9000,707,2889,0,0,1487,11889,0,0,1487,11889,California
San Francisco,2020-12-31,963,12852,410,9410,553,3442,0,0,962,12851,0,0,962,12851,California
San Francisco,2021-01-01,88,12940,70,9480,18,3460,0,0,88,12939,0,0,88,12939,California
San Francisco,2021-01-02,333,13273,301,9781,32,3492,0,0,333,13272,0,0,333,13272,California
San Francisco,2021-01-03,295,13568,102,9883,193,3685,0,0,294,13565,1,1,294,13566,California
San Francisco,2021-01-04,1840,15408,1355,11238,485,4170,0,0,1837,15399,3,4,1837,15403,California
San Francisco,2021-01-05,2231,17639,1416,12654,815,4985,0,0,2196,17562,35,39,2198,17601,California
San Francisco,2021-01-06,1871,19510,1160,13814,711,5696,0,0,1606,18906,263,302,1607,19208,California
San Francisco,2021-01-07,2064,21574,1204,15018,860,6556,0,0,1608,20061,453,755,1608,20816,California
San Francisco,2021-01-08,2330,23904,1634,16652,696,7252,0,0,1493,20722,832,1587,1493,22309,California
San Francisco,2021-01-09,1388,25292,892,17544,496,7748,0,0,884,21104,504,2091,886,23195,California
San Francisco,2021-01-10,919,26211,541,18085,378,8126,0,0,460,21106,458,2549,460,23655,California
San Francisco,2021-01-11,2503,28714,1872,19957,631,8757,0,0,1400,21402,1104,3653,1400,25055,California
San Francisco,2021-01-12,3089,31803,2058,22015,1031,9788,0,0,1895,22106,1194,4847,1898,26953,California
San Francisco,2021-01-13,2826,34629,1601,23616,1225,11013,0,0,1996,23272,830,5677,1996,28949,California
San Francisco,2021-01-14,2444,37073,1101,24717,1343,12356,0,0,1884,24596,560,6237,1884,30833,California
San Francisco,2021-01-15,2747,39820,1148,25865,1599,13955,0,0,2355,26563,390,6627,2357,33190,California
San Francisco,2021-01-16,2254,42074,963,26828,1291,15246,0,0,2087,28484,167,6794,2088,35278,California
San Francisco,2021-01-17,1916,43990,530,27358,1386,16632,0,0,1702,29972,214,7008,1702,36980,California
San Francisco,2021-01-18,1378,45368,593,27951,785,17417,0,0,1114,30825,263,7271,1116,38096,California
San Francisco,2021-01-19,2576,47944,1472,29423,1104,18521,0,0,1827,31903,749,8020,1827,39923,California
San Francisco,2021-01-20,2748,50692,1121,30544,1627,20148,0,0,1997,33153,748,8768,1998,41921,California
San Francisco,2021-01-21,3308,54000,945,31489,2363,22511,0,0,2473,34793,833,9601,2473,44394,California
San Francisco,2021-01-22,3187,57187,644,32133,2543,25054,0,0,2745,37098,440,10041,2745,47139,California
San Francisco,2021-01-23,3090,60277,610,32743,2480,27534,0,0,2724,39458,365,10406,2725,49864,California
San Francisco,2021-01-24,2425,62702,363,33106,2062,29596,0,0,2196,41428,226,10632,2196,52060,California
San Francisco,2021-01-25,4584,67286,1782,34888,2802,32398,0,0,3036,42919,1546,12178,3037,55097,California
San Francisco,2021-01-26,4669,71955,2134,37022,2535,34933,0,0,3077,44409,1589,13767,3079,58176,California
San Francisco,2021-01-27,4430,76385,2074,39096,2356,37289,0,0,3080,46143,1346,15113,3080,61256,California
San Francisco,2021-01-28,3757,80142,1555,40651,2202,39491,0,0,2595,47581,1157,16270,2595,63851,California
San Francisco,2021-01-29,4723,84865,1681,42332,3042,42533,0,0,3453,49771,1263,17533,3453,67304,California
San Francisco,2021-01-30,3774,88639,1839,44171,1935,44468,0,0,3325,52652,448,17981,3329,70633,California
San Francisco,2021-01-31,2351,90990,824,44995,1527,45995,0,0,2199,54701,151,18132,2200,72833,California
San Francisco,2021-02-01,3796,94786,1528,46523,2268,48263,0,0,2890,56686,906,19038,2891,75724,California
San Francisco,2021-02-02,4646,99432,1961,48484,2685,50948,0,0,2887,57820,1753,20791,2887,78611,California
San Francisco,2021-02-03,5057,104489,2366,50850,2691,53639,0,0,3750,60266,1305,22096,3751,82362,California
San Francisco,2021-02-04,5031,109520,2436,53286,2595,56234,0,0,3864,62965,1165,23261,3864,86226,California
San Francisco,2021-02-05,5947,115467,3204,56490,2743,58977,0,0,4604,66229,1341,24602,4605,90831,California
San Francisco,2021-02-06,5480,120947,3661,60151,1819,60796,0,0,4581,69916,896,25498,4583,95414,California
San Francisco,2021-02-07,4338,125285,3189,63340,1149,61945,0,0,3762,73108,573,26071,3765,99179,California
San Francisco,2021-02-08,6710,131995,4621,67961,2089,64034,0,0,5494,77405,1199,27270,5496,104675,California
San Francisco,2021-02-09,5924,137919,3984,71945,1940,65974,0,0,4366,80218,1554,28824,4367,109042,California
San Francisco,2021-02-10,6863,144782,4174,76119,2689,68663,0,0,5061,83488,1794,30618,5064,114106,California
San Francisco,2021-02-11,6709,151491,3976,80095,2733,71396,0,0,4890,86565,1814,32432,4891,118997,California
San Francisco,2021-02-12,5315,156806,2666,82761,2649,74045,0,0,3478,88207,1836,34268,3478,122475,California
San Francisco,2021-02-13,4367,161173,2552,85313,1815,75860,0,0,3042,89926,1325,35593,3044,125519,California
San Francisco,2021-02-14,3419,164592,2244,87557,1175,77035,0,0,2294,91097,1125,36718,2296,127815,California
San Francisco,2021-02-15,2773,167365,1507,89064,1266,78301,0,0,1678,91682,1093,37811,1678,129493,California
San Francisco,2021-02-16,5017,172382,2747,91811,2270,80571,0,0,2960,92598,2050,39861,2966,132459,California
San Francisco,2021-02-17,5410,177792,2685,94496,2725,83296,0,0,2962,93143,2418,42279,2963,135422,California
San Francisco,2021-02-18,5374,183166,2632,97128,2742,86038,0,0,2802,93379,2569,44848,2805,138227,California
San Francisco,2021-02-19,5634,188800,2644,99772,2990,89028,0,0,2927,93607,2701,47549,2929,141156,California
San Francisco,2021-02-20,4524,193324,2180,101952,2344,91372,0,0,1702,92496,2814,50363,1703,142859,California
San Francisco,2021-02-21,2743,196067,1374,103326,1369,92741,0,0,1143,92047,1593,51956,1144,144003,California
San Francisco,2021-02-22,5103,201170,3176,106502,1927,94668,0,0,2568,92090,2527,54483,2570,146573,California
San Francisco,2021-02-23,5465,206635,3087,109589,2378,97046,0,0,2767,92165,2692,57175,2767,149340,California
San Francisco,2021-02-24,8985,215620,5086,114675,3899,100945,0,0,4794,92779,4181,61356,4795,154135,California
San Francisco,2021-02-25,9781,225401,6871,121546,2910,103855,0,0,6319,95641,3459,64815,6321,160456,California
San Francisco,2021-02-26,11931,237332,7738,129284,4193,108048,0,0,7066,97842,4866,69681,7067,167523,California
San Francisco,2021-02-27,8923,246255,5679,134963,3243,111291,1,1,4509,97954,4399,74080,4511,172034,California
San Francisco,2021-02-28,7728,253983,5549,140512,2179,113470,0,1,3831,97891,3895,77975,3832,175866,California
San Francisco,2021-03-01,10762,264745,7242,147754,3517,116987,3,4,5225,97607,5515,83490,5231,181097,California
San Francisco,2021-03-02,8898,273643,5678,153432,3220,120207,0,4,5159,99036,3731,87221,5160,186257,California
San Francisco,2021-03-03,11053,284696,6349,159781,4703,124910,1,5,6046,100090,4996,92217,6050,192307,California
San Francisco,2021-03-04,8667,293363,5445,165226,3222,128132,0,5,4886,101201,3775,95992,4886,197193,California
San Francisco,2021-03-05,8697,302060,5148,170374,3545,131677,4,9,5456,103438,3224,99216,5461,202654,California
San Francisco,2021-03-06,6895,308955,4439,174813,2247,133924,209,218,4230,105197,2677,101893,4436,207090,California
San Francisco,2021-03-07,5154,314109,3985,178798,1111,135035,58,276,2901,105890,2266,104159,2959,210049,California
San Francisco,2021-03-08,7172,321281,5186,183984,1800,136835,186,462,5608,110090,1594,105753,5794,215843,California
San Francisco,2021-03-09,6746,328027,3962,187946,2408,139243,376,838,4611,112932,2140,107893,4982,220825,California
San Francisco,2021-03-10,10418,338445,5898,193844,4021,143264,499,1337,6363,115764,4032,111925,6864,227689,California
San Francisco,2021-03-11,10051,348496,6359,200203,2729,145993,963,2300,6600,119884,3435,115360,7555,235244,California
San Francisco,2021-03-12,10761,359257,6270,206473,3164,149157,1327,3627,5979,122429,4758,120118,7303,242547,California
San Francisco,2021-03-13,6592,365849,3837,210310,1695,150852,1060,4687,4077,125059,2506,122624,5136,247683,California
San Francisco,2021-03-14,7489,373338,4841,215151,2406,153258,242,4929,4037,125900,3438,126062,4279,251962,California
San Francisco,2021-03-15,11947,385285,9109,224260,1896,155154,942,5871,8271,131441,3663,129725,9204,261166,California
San Francisco,2021-03-16,12086,397371,8208,232468,3419,158573,459,6330,8789,137411,3277,133002,9247,270413,California
San Francisco,2021-03-17,13209,410580,8154,240622,4497,163070,558,6888,9529,143843,3651,136653,10083,280496,California
San Francisco,2021-03-18,9977,420557,6759,247381,2597,165667,621,7509,5685,145879,4266,140919,6302,286798,California
San Francisco,2021-03-19,12037,432594,8714,256095,2858,168525,465,7974,6412,147150,5601,146520,6872,293670,California
San Francisco,2021-03-20,8725,441319,6388,262483,1877,170402,460,8434,5202,149321,3493,150013,5664,299334,California
San Francisco,2021-03-21,6454,447773,5903,268386,415,170817,136,8570,3680,150379,2757,152770,3815,303149,California
San Francisco,2021-03-22,9754,457527,6845,275231,2066,172883,843,9413,5148,151781,4583,157353,5985,309134,California
San Francisco,2021-03-23,11156,468683,7369,282600,3139,176022,648,10061,6704,154709,4422,161775,7350,316484,California
San Francisco,2021-03-24,12290,480973,9397,291997,2357,178379,536,10597,6335,155662,5915,167690,6868,323352,California
San Francisco,2021-03-25,11827,492800,8651,300648,2613,180992,563,11160,5897,156255,5863,173553,6456,329808,California
San Francisco,2021-03-26,11862,504662,8202,308850,3430,184422,230,11390,6109,156870,5722,179275,6337,336145,California
San Francisco,2021-03-27,8648,513310,5767,314617,2534,186956,347,11737,3922,156432,4706,183981,4268,340413,California
San Francisco,2021-03-28,6583,519893,5245,319862,1296,188252,42,11779,3164,156239,3396,187377,3203,343616,California
San Francisco,2021-03-29,11381,531274,7881,327743,3317,191569,183,11962,5097,155260,6257,193634,5278,348894,California
San Francisco,2021-03-30,11509,542783,7187,334930,4032,195601,290,12252,6842,157754,4642,198276,7136,356030,California
San Francisco,2021-03-31,12123,554906,8038,342968,3789,199390,296,12548,5558,157071,6532,204808,5849,361879,California
San Francisco,2021-04-01,13807,568713,7337,350305,4816,204206,1654,14202,6023,156986,7752,212560,7667,369546,California
San Francisco,2021-04-02,14668,583381,6463,356768,6386,210592,1819,16021,6928,158007,7719,220279,8740,378286,California
San Francisco,2021-04-03,10450,593831,4812,361580,3838,214430,1800,17821,4847,159062,5589,225868,6644,384930,California
San Francisco,2021-04-04,9006,602837,4769,366349,2585,217015,1652,19473,3625,158970,5368,231236,5276,390206,California
San Francisco,2021-04-05,15933,618770,9762,376111,4295,221310,1876,21349,6365,157663,9540,240776,8233,398439,California
San Francisco,2021-04-06,15991,634761,9480,385591,4454,225764,2057,23406,6300,156345,9668,250444,8350,406789,California
San Francisco,2021-04-07,16755,651516,9970,395561,4559,230323,2226,25632,7043,155908,9691,260135,9254,416043,California
San Francisco,2021-04-08,14122,665638,6718,402279,3009,233332,4395,30027,4648,155486,9444,269579,9022,425065,California
San Francisco,2021-04-09,15712,681350,7598,409877,4780,238112,3334,33361,6676,156474,9005,278584,9993,435058,California
San Francisco,2021-04-10,13223,694573,5659,415536,5830,243942,1734,35095,7113,159227,6085,284669,8838,443896,California
San Francisco,2021-04-11,9975,704548,7471,423007,1334,245276,1170,36265,5208,160847,4756,289425,6376,450272,California
San Francisco,2021-04-12,10589,715137,6876,429883,2565,247841,1148,37413,4876,161175,5691,295116,6019,456291,California
San Francisco,2021-04-13,10723,725860,7281,437164,3429,251270,13,37426,5434,161358,5268,300384,5451,461742,California
San Francisco,2021-04-14,13250,739110,7982,445146,5267,256537,1,37427,6407,160957,6809,307193,6408,468150,California
San Francisco,2021-04-15,13683,752793,9498,454644,4184,260721,1,37428,8068,163445,5584,312777,8072,476222,California
San Francisco,2021-04-16,12897,765690,8687,463331,4166,264887,44,37472,7656,165933,5216,317993,7704,483926,California
San Francisco,2021-04-17,10022,775712,7296,470627,2725,267612,1,37473,7093,170117,2914,320907,7098,491024,California
San Francisco,2021-04-18,6586,782298,5035,475662,1550,269162,1,37474,4092,171735,2477,323384,4095,495119,California
San Francisco,2021-04-19,10850,793148,8150,483812,2696,271858,4,37478,6982,174879,3852,327236,6996,502115,California
San Francisco,2021-04-20,12296,805444,7193,491005,5102,276960,1,37479,8488,179585,3785,331021,8491,510606,California
San Francisco,2021-04-21,10518,815962,7517,498522,2997,279957,4,37483,6412,181920,4085,335106,6420,517026,California
San Francisco,2021-04-22,10396,826358,7702,506224,2693,282650,1,37484,6002,183558,4371,339477,6009,523035,California
San Francisco,2021-04-23,10326,836684,5941,512165,4385,287035,0,37484,6164,185595,4134,343611,6171,529206,California
San Francisco,2021-04-24,7965,844649,5491,517656,2474,289509,0,37484,4736,187129,3209,346820,4743,533949,California
San Francisco,2021-04-25,5034,849683,4338,521994,690,290199,6,37490,2952,188022,2068,348888,2961,536910,California
San Francisco,2021-04-26,7881,857564,5608,527602,2261,292460,12,37502,3892,187973,3965,352853,3916,540826,California
San Francisco,2021-04-27,8441,866005,5714,533316,2599,295059,128,37630,4214,188122,4203,357056,4352,545178,California
San Francisco,2021-04-28,9238,875243,6520,539836,2527,297586,191,37821,4770,188644,4444,361500,4966,550144,California
San Francisco,2021-04-29,9089,884332,5384,545220,3512,301098,193,38014,4372,188526,4695,366195,4577,554721,California
San Francisco,2021-04-30,10849,895181,5189,550409,5460,306558,200,38214,3985,185888,6828,373023,4190,558911,California
San Francisco,2021-05-01,6919,902100,3580,553989,3226,309784,113,38327,1705,182517,5191,378214,1820,560731,California
San Francisco,2021-05-02,5312,907412,3082,557071,2132,311916,98,38425,971,179257,4332,382546,1072,561803,California
San Francisco,2021-05-03,9637,917049,6582,563653,2894,314810,161,38586,2464,174746,7145,389691,2634,564437,California
San Francisco,2021-05-04,9300,926349,5971,569624,3079,317889,250,38836,2277,170285,6994,396685,2533,566970,California
San Francisco,2021-05-05,8738,935087,6127,575751,2302,320191,309,39145,2145,166196,6548,403233,2459,569429,California
San Francisco,2021-05-06,10697,945784,8551,584302,1677,321868,469,39614,1862,159726,8804,412037,2334,571763,California
San Francisco,2021-05-07,10082,955866,6451,590753,3363,325231,268,39882,1634,153204,8424,420461,1902,573665,California
San Francisco,2021-05-08,8360,964226,3543,594296,4687,329918,130,40012,985,146976,7344,427805,1116,574781,California
San Francisco,2021-05-09,6690,970916,5827,600123,781,330699,82,40094,1221,142828,5445,433250,1297,576078,California
San Francisco,2021-05-10,6883,977799,4899,605022,1740,332439,244,40338,1023,138263,5832,439082,1267,577345,California
San Francisco,2021-05-11,7063,984862,5087,610109,1777,334216,199,40537,1351,134132,5683,444765,1552,578897,California
San Francisco,2021-05-12,7313,992175,5256,615365,1624,335840,433,40970,1463,130198,5822,450587,1888,580785,California
San Francisco,2021-05-13,9695,1001870,7152,622517,2359,338199,184,41154,3548,127809,6125,456712,3736,584521,California
San Francisco,2021-05-14,6207,1008077,4379,626896,1708,339907,120,41274,1591,124924,4598,461310,1713,586234,California
San Joaquin,2020-12-15,12,12,12,12,0,0,0,0,12,12,0,0,12,12,California
San Joaquin,2020-12-16,307,319,307,319,0,0,0,0,307,319,0,0,307,319,California
San Joaquin,2020-12-17,312,631,312,631,0,0,0,0,312,631,0,0,312,631,California
San Joaquin,2020-12-18,522,1153,518,1149,4,4,0,0,522,1153,0,0,522,1153,California
San Joaquin,2020-12-19,188,1341,188,1337,0,4,0,0,188,1341,0,0,188,1341,California
San Joaquin,2020-12-20,113,1454,112,1449,1,5,0,0,113,1454,0,0,113,1454,California
San Joaquin,2020-12-21,491,1945,491,1940,0,5,0,0,491,1945,0,0,491,1945,California
San Joaquin,2020-12-22,967,2912,847,2787,120,125,0,0,966,2911,0,0,966,2911,California
San Joaquin,2020-12-23,978,3890,919,3706,59,184,0,0,976,3887,0,0,976,3887,California
San Joaquin,2020-12-24,215,4105,187,3893,28,212,0,0,214,4101,0,0,214,4101,California
San Joaquin,2020-12-25,14,4119,14,3907,0,212,0,0,14,4115,0,0,14,4115,California
San Joaquin,2020-12-26,101,4220,29,3936,72,284,0,0,101,4216,0,0,101,4216,California
San Joaquin,2020-12-27,42,4262,29,3965,13,297,0,0,42,4258,0,0,42,4258,California
San Joaquin,2020-12-28,622,4884,421,4386,201,498,0,0,622,4880,0,0,622,4880,California
San Joaquin,2020-12-29,798,5682,672,5058,126,624,0,0,798,5678,0,0,798,5678,California
San Joaquin,2020-12-30,1008,6690,716,5774,292,916,0,0,1006,6684,0,0,1006,6684,California
San Joaquin,2020-12-31,454,7144,203,5977,251,1167,0,0,454,7138,0,0,454,7138,California
San Joaquin,2021-01-01,22,7166,13,5990,9,1176,0,0,22,7160,0,0,22,7160,California
San Joaquin,2021-01-02,262,7428,240,6230,22,1198,0,0,262,7422,0,0,262,7422,California
San Joaquin,2021-01-03,37,7465,19,6249,18,1216,0,0,36,7457,1,1,36,7458,California
San Joaquin,2021-01-04,476,7941,338,6587,138,1354,0,0,474,7930,1,2,474,7932,California
San Joaquin,2021-01-05,978,8919,646,7233,332,1686,0,0,810,8608,168,170,846,8778,California
San Joaquin,2021-01-06,1220,10139,707,7940,513,2199,0,0,917,9230,298,468,920,9698,California
San Joaquin,2021-01-07,1076,11215,681,8621,395,2594,0,0,787,9732,286,754,788,10486,California
San Joaquin,2021-01-08,1192,12407,819,9440,373,2967,0,0,708,9961,483,1237,712,11198,California
San Joaquin,2021-01-09,376,12783,300,9740,76,3043,0,0,247,10079,129,1366,247,11445,California
San Joaquin,2021-01-10,223,13006,115,9855,108,3151,0,0,171,10198,52,1418,171,11616,California
San Joaquin,2021-01-11,1525,14531,1319,11174,206,3357,0,0,861,10463,663,2081,928,12544,California
San Joaquin,2021-01-12,1456,15987,1049,12223,407,3764,0,0,687,10455,765,2846,757,13301,California
San Joaquin,2021-01-13,1528,17515,894,13117,634,4398,0,0,956,10845,571,3417,961,14262,California
San Joaquin,2021-01-14,1650,19165,877,13994,773,5171,0,0,1311,11852,319,3736,1326,15588,California
San Joaquin,2021-01-15,1602,20767,621,14615,981,6152,0,0,1380,13039,208,3944,1395,16983,California
San Joaquin,2021-01-16,1143,21910,193,14808,950,7102,0,0,1116,14129,26,3970,1116,18099,California
San Joaquin,2021-01-17,1613,23523,130,14938,1483,8585,0,0,1575,15668,38,4008,1577,19676,California
San Joaquin,2021-01-18,738,24261,237,15175,501,9086,0,0,618,16170,116,4124,618,20294,California
San Joaquin,2021-01-19,1859,26120,887,16062,972,10058,0,0,1178,16678,676,4800,1184,21478,California
San Joaquin,2021-01-20,2082,28202,1284,17346,798,10856,0,0,1430,17467,647,5447,1436,22914,California
San Joaquin,2021-01-21,1967,30169,893,18239,1074,11930,0,0,1570,18655,390,5837,1578,24492,California
San Joaquin,2021-01-22,1964,32133,914,19153,1050,12980,0,0,1821,20341,138,5975,1824,26316,California
San Joaquin,2021-01-23,894,33027,403,19556,491,13471,0,0,609,20669,284,6259,612,26928,California
San Joaquin,2021-01-24,347,33374,135,19691,212,13683,0,0,324,20973,20,6279,324,27252,California
San Joaquin,2021-01-25,1985,35359,1137,20828,848,14531,0,0,1425,21845,557,6836,1429,28681,California
San Joaquin,2021-01-26,2147,37506,1116,21944,1031,15562,0,0,1538,22782,606,7442,1543,30224,California
San Joaquin,2021-01-27,1726,39232,768,22712,958,16520,0,0,1231,23528,491,7933,1237,31461,California
San Joaquin,2021-01-28,2025,41257,760,23472,1265,17785,0,0,1377,24265,644,8577,1381,32842,California
San Joaquin,2021-01-29,2144,43401,1044,24516,1100,18885,0,0,1797,25728,342,8919,1805,34647,California
San Joaquin,2021-01-30,2165,45566,349,24865,1816,20701,0,0,1989,27545,174,9093,1991,36638,California
San Joaquin,2021-01-31,1556,47122,178,25043,1378,22079,0,0,1493,28977,62,9155,1494,38132,California
San Joaquin,2021-02-01,2492,49614,1314,26357,1178,23257,0,0,1758,30005,733,9888,1761,39893,California
San Joaquin,2021-02-02,2590,52204,1172,27529,1418,24675,0,0,1965,31408,566,10454,1969,41862,California
San Joaquin,2021-02-03,3064,55268,1210,28739,1854,26529,0,0,2201,32758,856,11310,2206,44068,California
San Joaquin,2021-02-04,3435,58703,1713,30452,1722,28251,0,0,2628,34590,802,12112,2634,46702,California
San Joaquin,2021-02-05,3218,61921,1861,32313,1357,29608,0,0,2355,36094,856,12968,2360,49062,California
San Joaquin,2021-02-06,1121,63042,785,33098,336,29944,0,0,946,36869,173,13141,948,50010,California
San Joaquin,2021-02-07,617,63659,488,33586,129,30073,0,0,413,37087,196,13337,414,50424,California
San Joaquin,2021-02-08,1778,65437,1032,34618,746,30819,0,0,1443,38223,313,13650,1449,51873,California
San Joaquin,2021-02-09,2100,67537,1140,35758,960,31779,0,0,1571,39337,459,14109,1573,53446,California
San Joaquin,2021-02-10,2557,70094,1249,37007,1308,33087,0,0,1335,39479,1193,15302,1335,54781,California
San Joaquin,2021-02-11,2930,73024,1504,38511,1426,34513,0,0,1717,40019,1182,16484,1722,56503,California
San Joaquin,2021-02-12,2808,75832,1124,39635,1684,36197,0,0,1589,40413,1200,17684,1594,58097,California
San Joaquin,2021-02-13,2119,77951,398,40033,1721,37918,0,0,855,40022,1252,18936,861,58958,California
San Joaquin,2021-02-14,1902,79853,262,40295,1640,39558,0,0,689,39525,1187,20123,690,59648,California
San Joaquin,2021-02-15,1984,81837,837,41132,1147,40705,0,0,1196,39967,758,20881,1200,60848,California
San Joaquin,2021-02-16,3150,84987,1371,42503,1779,42484,0,0,1740,40319,1396,22277,1748,62596,California
San Joaquin,2021-02-17,3270,88257,1265,43768,2005,44489,0,0,1864,40792,1395,23672,1868,64464,California
San Joaquin,2021-02-18,3325,91582,1368,45136,1957,46446,0,0,1897,41296,1398,25070,1902,66366,California
San Joaquin,2021-02-19,4250,95832,2405,47541,1845,48291,0,0,2388,41876,1808,26878,2388,68754,California
San Joaquin,2021-02-20,1544,97376,653,48194,891,49182,0,0,1065,42463,478,27356,1065,69819,California
San Joaquin,2021-02-21,640,98016,481,48675,159,49341,0,0,403,42633,234,27590,404,70223,California
San Joaquin,2021-02-22,3524,101540,2484,51159,1040,50381,0,0,2521,44186,972,28562,2525,72748,California
San Joaquin,2021-02-23,4294,105834,2614,53773,1680,52061,0,0,2647,45220,1617,30179,2651,75399,California
San Joaquin,2021-02-24,5715,111549,3402,57175,2313,54374,0,0,4108,47747,1583,31762,4110,79509,California
San Joaquin,2021-02-25,6306,117855,3896,61071,2410,56784,0,0,4076,49634,2199,33961,4086,83595,California
San Joaquin,2021-02-26,5467,123322,2850,63921,2617,59401,0,0,3757,51718,1679,35640,3763,87358,California
San Joaquin,2021-02-27,5444,128766,1617,65538,3827,63228,0,0,2616,51565,2780,38420,2627,89985,California
San Joaquin,2021-02-28,3080,131846,1106,66644,1974,65202,0,0,2034,52578,1023,39443,2036,92021,California
San Joaquin,2021-03-01,4078,135924,1796,68440,2282,67484,0,0,2312,53147,1750,41193,2319,94340,California
San Joaquin,2021-03-02,4184,140108,1667,70107,2517,70001,0,0,2627,54292,1538,42731,2683,97023,California
San Joaquin,2021-03-03,5756,145864,3416,73523,2338,72339,2,2,4153,56868,1578,44309,4154,101177,California
San Joaquin,2021-03-04,5687,151551,2254,75777,3430,75769,3,5,3721,58640,1953,46262,3725,104902,California
San Joaquin,2021-03-05,4412,155963,1866,77643,2542,78311,4,9,3042,60336,1354,47616,3050,107952,California
San Joaquin,2021-03-06,3283,159246,2164,79807,989,79300,130,139,2701,62591,579,48195,2834,110786,California
San Joaquin,2021-03-07,1204,160450,552,80359,606,79906,46,185,921,63278,265,48460,952,111738,California
San Joaquin,2021-03-08,3128,163578,1254,81613,1749,81655,125,310,2117,64520,999,49459,2241,113979,California
San Joaquin,2021-03-09,3964,167542,1779,83392,2058,83713,127,437,2623,65949,1325,50784,2754,116733,California
San Joaquin,2021-03-10,4636,172178,2463,85855,2035,85748,138,575,3414,68293,1209,51993,3553,120286,California
San Joaquin,2021-03-11,4931,177109,2340,88195,1991,87739,600,1175,2931,69839,1990,53983,3536,123822,California
San Joaquin,2021-03-12,6259,183368,3127,91322,2800,90539,332,1507,4152,72245,2085,56068,4491,128313,California
San Joaquin,2021-03-13,3055,186423,1448,92770,1481,92020,126,1633,2285,73900,763,56831,2418,130731,California
San Joaquin,2021-03-14,2153,188576,668,93438,1182,93202,303,1936,1038,74136,1110,57941,1346,132077,California
San Joaquin,2021-03-15,6048,194624,3481,96919,2164,95366,403,2339,3170,74871,2851,60792,3586,135663,California
San Joaquin,2021-03-16,6826,201450,3884,100803,2686,98052,256,2595,4026,76375,2786,63578,4290,139953,California
San Joaquin,2021-03-17,7763,209213,4651,105454,3042,101094,70,2665,4318,77362,3410,66988,4397,144350,California
San Joaquin,2021-03-18,7619,216832,4481,109935,2632,103726,506,3171,3772,77839,3808,70796,4285,148635,California
San Joaquin,2021-03-19,7905,224737,4631,114566,2732,106458,542,3713,4792,80131,3090,73886,5382,154017,California
San Joaquin,2021-03-20,3670,228407,2120,116686,1307,107765,243,3956,1823,80376,1832,75718,2077,156094,California
San Joaquin,2021-03-21,2099,230506,1490,118176,403,108168,206,4162,1182,80899,909,76627,1432,157526,California
San Joaquin,2021-03-22,3950,234456,2018,120194,1516,109684,416,4578,2336,82055,1601,78228,2757,160283,California
San Joaquin,2021-03-23,5364,239820,2631,122825,2566,112250,167,4745,3713,84309,1633,79861,3887,164170,California
San Joaquin,2021-03-24,6808,246628,4224,127049,2497,114747,87,4832,3024,83673,3755,83616,3119,167289,California
San Joaquin,2021-03-25,5528,252156,3279,130328,2207,116954,42,4874,3291,84796,2217,85833,3340,170629,California
San Joaquin,2021-03-26,6144,258300,2542,132870,3452,120406,150,5024,3241,85324,2882,88715,3410,174039,California
San Joaquin,2021-03-27,4614,262914,2610,135480,1953,122359,51,5075,1801,84395,2791,91506,1862,175901,California
San Joaquin,2021-03-28,2703,265617,1792,137272,886,123245,25,5100,1294,84401,1390,92896,1396,177297,California
San Joaquin,2021-03-29,4018,269635,2169,139441,1827,125072,22,5122,2020,84474,1984,94880,2057,179354,California
San Joaquin,2021-03-30,6191,275826,3148,142589,2951,128023,92,5214,3439,85297,2727,97607,3550,182904,California
San Joaquin,2021-03-31,6568,282394,4138,146727,2371,130394,59,5273,3332,85492,3219,100826,3414,186318,California
San Joaquin,2021-04-01,6368,288762,2953,149680,3333,133727,82,5355,2815,84910,3537,104363,2955,189273,California
San Joaquin,2021-04-02,6307,295069,2867,152547,2951,136678,489,5844,2516,84178,3769,108132,3037,192310,California
San Joaquin,2021-04-03,4123,299192,2323,154870,1474,138152,326,6170,1989,84382,2117,110249,2321,194631,California
San Joaquin,2021-04-04,2271,301463,1358,156228,711,138863,202,6372,1544,85425,718,110967,1761,196392,California
San Joaquin,2021-04-05,4672,306135,2814,159042,1676,140539,182,6554,2628,86209,2036,113003,2820,199212,California
San Joaquin,2021-04-06,7008,313143,4507,163549,2240,142779,261,6815,3329,86158,3655,116658,3604,202816,California
San Joaquin,2021-04-07,8296,321439,4512,168061,2208,144987,1576,8391,3490,86447,4792,121450,5081,207897,California
San Joaquin,2021-04-08,8642,330081,4687,172748,1933,146920,2022,10413,3303,86457,5317,126767,5327,213224,California
San Joaquin,2021-04-09,8830,338911,4257,177005,3020,149940,1553,11966,3205,85632,5603,132370,4778,218002,California
San Joaquin,2021-04-10,5197,344108,1621,178626,1670,151610,1906,13872,1754,85854,3434,135804,3656,221658,California
San Joaquin,2021-04-11,4063,348171,1544,180170,1354,152964,1165,15037,1758,86478,2294,138098,2918,224576,California
San Joaquin,2021-04-12,5948,354119,2365,182535,2049,155013,1534,16571,2322,86731,3608,141706,3861,228437,California
San Joaquin,2021-04-13,7434,361553,4284,186819,3144,158157,6,16577,4558,88445,2856,144562,4570,233007,California
San Joaquin,2021-04-14,7411,368964,3700,190519,3711,161868,0,16577,4433,89925,2962,147524,4442,237449,California
San Joaquin,2021-04-15,7762,376726,4582,195101,3180,165048,0,16577,4337,90875,3393,150917,4343,241792,California
San Joaquin,2021-04-16,7566,384292,4023,199124,3540,168588,3,16580,4524,92398,3014,153931,4537,246329,California
San Joaquin,2021-04-17,5105,389397,2752,201876,2351,170939,2,16582,3617,94554,1479,155410,3635,249964,California
San Joaquin,2021-04-18,2442,391839,1348,203224,1094,172033,0,16582,1297,94729,1130,156540,1305,251269,California
San Joaquin,2021-04-19,5113,396952,2766,205990,2347,174380,0,16582,2732,95112,2359,158899,2742,254011,California
San Joaquin,2021-04-20,6192,403144,3254,209244,2938,177318,0,16582,2931,94817,3237,162136,2942,256953,California
San Joaquin,2021-04-21,5555,408699,3048,212292,2507,179825,0,16582,2895,95104,2614,164750,2901,259854,California
San Joaquin,2021-04-22,5244,413943,3098,215390,2145,181970,1,16583,3032,95959,2187,166937,3042,262896,California
San Joaquin,2021-04-23,5837,419780,2792,218182,3044,185014,1,16584,3695,97538,2123,169060,3702,266598,California
San Joaquin,2021-04-24,5162,424942,3549,221731,1612,186626,1,16585,3352,99110,1787,170847,3359,269957,California
San Joaquin,2021-04-25,2976,427918,2500,224231,476,187102,0,16585,1950,100058,1008,171855,1956,271913,California
San Joaquin,2021-04-26,3875,431793,2563,226794,1311,188413,1,16586,2026,100253,1836,173691,2031,273944,California
San Joaquin,2021-04-27,4339,436132,2456,229250,1834,190247,49,16635,1782,99553,2539,176230,1839,275783,California
San Joaquin,2021-04-28,5467,441599,3281,232531,2111,192358,75,16710,2684,99566,2754,178984,2767,278550,California
San Joaquin,2021-04-29,4792,446391,2796,235327,1940,194298,56,16766,2425,99706,2347,181331,2487,281037,California
San Joaquin,2021-04-30,4874,451265,2378,237705,2429,196727,67,16833,2502,99927,2356,183687,2577,283614,California
San Joaquin,2021-05-01,3290,454555,1891,239596,1340,198067,59,16892,2085,100884,1200,184887,2157,285771,California
San Joaquin,2021-05-02,2273,456828,1580,241176,638,198705,55,16947,1158,100989,1110,185997,1215,286986,California
San Joaquin,2021-05-03,3177,460005,2129,243305,974,199679,74,17021,1334,100575,1831,187828,1417,288403,California
San Joaquin,2021-05-04,4810,464815,3272,246577,1386,201065,152,17173,1767,99479,3025,190853,1929,290332,California
San Joaquin,2021-05-05,4512,469327,2995,249572,1356,202421,161,17334,1772,98701,2718,193571,1940,292272,California
San Joaquin,2021-05-06,4584,473911,3060,252632,1397,203818,127,17461,2026,98317,2545,196116,2161,294433,California
San Joaquin,2021-05-07,4796,478707,2810,255442,1834,205652,152,17613,1839,97374,2943,199059,2000,296433,California
San Joaquin,2021-05-08,3242,481949,2083,257525,1058,206710,101,17714,1203,96662,2024,201083,1312,297745,California
San Joaquin,2021-05-09,1468,483417,830,258355,568,207278,70,17784,590,96452,875,201958,665,298410,California
San Joaquin,2021-05-10,2751,486168,1455,259810,1174,208452,122,17906,904,95649,1835,203793,1032,299442,California
San Joaquin,2021-05-11,3997,490165,2149,261959,1761,210213,87,17993,1287,94355,2697,206490,1403,300845,California
San Joaquin,2021-05-12,3889,494054,1817,263776,1978,212191,94,18087,1215,93013,2663,209153,1321,302166,California
San Joaquin,2021-05-13,4114,498168,2361,266137,1672,213863,81,18168,1533,92069,2571,211724,1627,303793,California
San Joaquin,2021-05-14,3059,501227,1743,267880,1233,215096,83,18251,1052,91211,1996,213720,1138,304931,California
San Luis Obispo,2020-12-16,4,4,4,4,0,0,0,0,4,4,0,0,4,4,California
San Luis Obispo,2020-12-17,196,200,196,200,0,0,0,0,196,200,0,0,196,200,California
San Luis Obispo,2020-12-18,224,424,224,424,0,0,0,0,224,424,0,0,224,424,California
San Luis Obispo,2020-12-19,162,586,162,586,0,0,0,0,162,586,0,0,162,586,California
San Luis Obispo,2020-12-20,215,801,215,801,0,0,0,0,215,801,0,0,215,801,California
San Luis Obispo,2020-12-21,549,1350,548,1349,1,1,0,0,549,1350,0,0,549,1350,California
San Luis Obispo,2020-12-22,309,1659,305,1654,4,5,0,0,309,1659,0,0,309,1659,California
San Luis Obispo,2020-12-23,682,2341,368,2022,314,319,0,0,682,2341,0,0,682,2341,California
San Luis Obispo,2020-12-24,194,2535,19,2041,175,494,0,0,194,2535,0,0,194,2535,California
San Luis Obispo,2020-12-25,2,2537,1,2042,1,495,0,0,2,2537,0,0,2,2537,California
San Luis Obispo,2020-12-26,89,2626,12,2054,77,572,0,0,89,2626,0,0,89,2626,California
San Luis Obispo,2020-12-27,76,2702,0,2054,76,648,0,0,76,2702,0,0,76,2702,California
San Luis Obispo,2020-12-28,880,3582,430,2484,450,1098,0,0,880,3582,0,0,880,3582,California
San Luis Obispo,2020-12-29,902,4484,502,2986,400,1498,0,0,902,4484,0,0,902,4484,California
San Luis Obispo,2020-12-30,1172,5656,681,3667,491,1989,0,0,1172,5656,0,0,1172,5656,California
San Luis Obispo,2020-12-31,107,5763,4,3671,103,2092,0,0,107,5763,0,0,107,5763,California
San Luis Obispo,2021-01-01,13,5776,8,3679,5,2097,0,0,13,5776,0,0,13,5776,California
San Luis Obispo,2021-01-02,33,5809,8,3687,25,2122,0,0,33,5809,0,0,33,5809,California
San Luis Obispo,2021-01-03,16,5825,6,3693,10,2132,0,0,16,5825,0,0,16,5825,California
San Luis Obispo,2021-01-04,679,6504,525,4218,154,2286,0,0,679,6504,0,0,679,6504,California
San Luis Obispo,2021-01-05,975,7479,757,4975,218,2504,0,0,973,7475,2,2,973,7477,California
San Luis Obispo,2021-01-06,725,8204,480,5455,245,2749,0,0,717,8185,7,9,717,8194,California
San Luis Obispo,2021-01-07,1126,9330,948,6403,178,2927,0,0,683,8425,443,452,683,8877,California
San Luis Obispo,2021-01-08,882,10212,804,7207,78,3005,0,0,513,8570,368,820,513,9390,California
San Luis Obispo,2021-01-09,204,10416,195,7402,9,3014,0,0,27,8420,177,997,27,9417,California
San Luis Obispo,2021-01-10,12,10428,8,7410,4,3018,0,0,8,8424,4,1001,8,9425,California
San Luis Obispo,2021-01-11,559,10987,508,7918,51,3069,0,0,299,8464,259,1260,299,9724,California
San Luis Obispo,2021-01-12,597,11584,380,8298,217,3286,0,0,318,8503,279,1539,318,10042,California
San Luis Obispo,2021-01-13,883,12467,256,8554,627,3913,0,0,644,8910,237,1776,644,10686,California
San Luis Obispo,2021-01-14,729,13196,244,8798,485,4398,0,0,604,9402,112,1888,604,11290,California
San Luis Obispo,2021-01-15,729,13925,288,9086,441,4839,0,0,554,9786,170,2058,554,11844,California
San Luis Obispo,2021-01-16,100,14025,81,9167,19,4858,0,0,95,9876,5,2063,95,11939,California
San Luis Obispo,2021-01-17,67,14092,61,9228,6,4864,0,0,67,9943,0,2063,67,12006,California
San Luis Obispo,2021-01-18,1371,15463,389,9617,982,5846,0,0,1109,10790,262,2325,1109,13115,California
San Luis Obispo,2021-01-19,1584,17047,417,10034,1167,7013,0,0,1176,11558,408,2733,1176,14291,California
San Luis Obispo,2021-01-20,1885,18932,597,10631,1288,8301,0,0,1294,12264,589,3322,1295,15586,California
San Luis Obispo,2021-01-21,1572,20504,467,11098,1105,9406,0,0,1199,13095,369,3691,1200,16786,California
San Luis Obispo,2021-01-22,1521,22025,509,11607,1012,10418,0,0,1206,13988,313,4004,1206,17992,California
San Luis Obispo,2021-01-23,312,22337,294,11901,18,10436,0,0,296,14268,16,4020,296,18288,California
San Luis Obispo,2021-01-24,245,22582,237,12138,8,10444,0,0,239,14501,6,4026,239,18527,California
San Luis Obispo,2021-01-25,2074,24656,606,12744,1468,11912,0,0,1244,14915,830,4856,1244,19771,California
San Luis Obispo,2021-01-26,2003,26659,705,13449,1298,13210,0,0,1135,15182,868,5724,1135,20906,California
San Luis Obispo,2021-01-27,1611,28270,284,13733,1327,14537,0,0,1152,15875,459,6183,1152,22058,California
San Luis Obispo,2021-01-28,1491,29761,343,14076,1148,15685,0,0,1230,16845,260,6443,1230,23288,California
San Luis Obispo,2021-01-29,1735,31496,681,14757,1054,16739,0,0,1451,18012,284,6727,1451,24739,California
San Luis Obispo,2021-01-30,37,31533,18,14775,19,16758,0,0,26,18028,10,6737,26,24765,California
San Luis Obispo,2021-01-31,28,31561,20,14795,8,16766,0,0,25,18050,3,6740,25,24790,California
San Luis Obispo,2021-02-01,1703,33264,738,15533,965,17731,0,0,1401,19150,301,7041,1401,26191,California
San Luis Obispo,2021-02-02,1895,35159,677,16210,1218,18949,0,0,1521,20297,374,7415,1521,27712,California
San Luis Obispo,2021-02-03,1707,36866,729,16939,978,19927,0,0,1294,21178,413,7828,1294,29006,California
San Luis Obispo,2021-02-04,1658,38524,801,17740,857,20784,0,0,1091,21702,567,8395,1091,30097,California
San Luis Obispo,2021-02-05,1602,40126,716,18456,886,21670,0,0,1057,22214,546,8941,1058,31155,California
San Luis Obispo,2021-02-06,159,40285,92,18548,67,21737,0,0,93,22241,66,9007,93,31248,California
San Luis Obispo,2021-02-07,144,40429,99,18647,45,21782,0,0,74,22246,70,9077,75,31323,California
San Luis Obispo,2021-02-08,858,41287,470,19117,388,22170,0,0,498,22385,359,9436,498,31821,California
San Luis Obispo,2021-02-09,1123,42410,449,19566,674,22844,0,0,542,22359,575,10011,549,32370,California
San Luis Obispo,2021-02-10,1431,43841,488,20054,943,23787,0,0,523,21980,905,10916,526,32896,California
San Luis Obispo,2021-02-11,1332,45173,845,20899,487,24274,0,0,656,21964,672,11588,656,33552,California
San Luis Obispo,2021-02-12,786,45959,363,21262,423,24697,0,0,417,22012,369,11957,417,33969,California
San Luis Obispo,2021-02-13,393,46352,127,21389,266,24963,0,0,285,22190,107,12064,285,34254,California
San Luis Obispo,2021-02-14,318,46670,41,21430,277,25240,0,0,282,22437,36,12100,283,34537,California
San Luis Obispo,2021-02-15,727,47397,137,21567,590,25830,0,0,471,22655,253,12353,471,35008,California
San Luis Obispo,2021-02-16,2964,50361,1197,22764,1767,27597,0,0,1360,22417,1598,13951,1360,36368,California
San Luis Obispo,2021-02-17,2777,53138,1238,24002,1539,29136,0,0,1029,21707,1739,15690,1029,37397,California
San Luis Obispo,2021-02-18,2823,55961,1457,25459,1366,30502,0,0,1132,21157,1683,17373,1133,38530,California
San Luis Obispo,2021-02-19,1457,57418,1336,26795,121,30623,0,0,1133,21967,323,17696,1133,39663,California
San Luis Obispo,2021-02-20,252,57670,81,26876,171,30794,0,0,215,22145,37,17733,215,39878,California
San Luis Obispo,2021-02-21,54,57724,50,26926,4,30798,0,0,31,22153,23,17756,31,39909,California
San Luis Obispo,2021-02-22,2410,60134,1863,28789,547,31345,0,0,1465,22674,945,18701,1466,41375,California
San Luis Obispo,2021-02-23,1856,61990,1741,30530,115,31460,0,0,1363,23546,492,19193,1364,42739,California
San Luis Obispo,2021-02-24,2644,64634,1301,31831,1343,32803,0,0,835,22575,1806,20999,835,43574,California
San Luis Obispo,2021-02-25,2130,66764,1243,33074,887,33690,0,0,1206,22865,917,21916,1207,44781,California
San Luis Obispo,2021-02-26,2643,69407,1147,34221,1496,35186,0,0,1324,22878,1311,23227,1324,46105,California
San Luis Obispo,2021-02-27,567,69974,341,34562,226,35412,0,0,520,23351,47,23274,520,46625,California
San Luis Obispo,2021-02-28,200,70174,73,34635,127,35539,0,0,162,23479,34,23308,162,46787,California
San Luis Obispo,2021-03-01,2967,73141,1847,36482,1118,36657,2,2,2041,24596,927,24235,2044,48831,California
San Luis Obispo,2021-03-02,3000,76141,1887,38369,1113,37770,0,2,1854,25309,1142,25377,1855,50686,California
San Luis Obispo,2021-03-03,2281,78422,335,38704,1946,39716,0,2,833,24701,1442,26819,834,51520,California
San Luis Obispo,2021-03-04,2185,80607,1154,39858,1031,40747,0,2,1172,24864,1011,27830,1174,52694,California
San Luis Obispo,2021-03-05,2294,82901,1017,40875,1207,41954,70,72,1290,25236,988,28818,1360,54054,California
San Luis Obispo,2021-03-06,834,83735,309,41184,418,42372,107,179,614,25731,220,29038,715,54769,California
San Luis Obispo,2021-03-07,200,83935,32,41216,84,42456,84,263,71,25759,128,29166,156,54925,California
San Luis Obispo,2021-03-08,2729,86664,755,41971,1659,44115,315,578,1538,26426,1187,30353,1854,56779,California
San Luis Obispo,2021-03-09,2929,89593,955,42926,1726,45841,248,826,1508,26766,1417,31770,1757,58536,California
San Luis Obispo,2021-03-10,3192,92785,1238,44164,1672,47513,282,1108,1816,27492,1372,33142,2098,60634,California
San Luis Obispo,2021-03-11,3148,95933,1273,45437,1552,49065,323,1431,1720,28115,1419,34561,2042,62676,California
San Luis Obispo,2021-03-12,3211,99144,1281,46718,1592,50657,338,1769,1597,28447,1606,36167,1938,64614,California
San Luis Obispo,2021-03-13,795,99939,263,46981,423,51080,109,1878,432,28625,362,36529,540,65154,California
San Luis Obispo,2021-03-14,514,100453,53,47034,350,51430,111,1989,135,28493,378,36907,246,65400,California
San Luis Obispo,2021-03-15,3056,103509,1096,48130,1862,53292,98,2087,1529,28598,1523,38430,1628,67028,California
San Luis Obispo,2021-03-16,2848,106357,1509,49639,1229,54521,110,2197,1438,28741,1404,39834,1547,68575,California
San Luis Obispo,2021-03-17,3423,109780,1447,51086,1715,56236,261,2458,1977,29543,1435,41269,2237,70812,California
San Luis Obispo,2021-03-18,2812,112592,1448,52534,1150,57386,214,2672,1339,29627,1468,42737,1552,72364,California
San Luis Obispo,2021-03-19,2584,115176,1562,54096,701,58087,321,2993,960,29294,1616,44353,1283,73647,California
San Luis Obispo,2021-03-20,833,116009,496,54592,300,58387,37,3030,385,29268,448,44801,422,74069,California
San Luis Obispo,2021-03-21,187,116196,45,54637,139,58526,3,3033,157,29399,29,44830,160,74229,California
San Luis Obispo,2021-03-22,2684,118880,1169,55806,1467,59993,48,3081,1863,30494,816,45646,1911,76140,California
San Luis Obispo,2021-03-23,3371,122251,2210,58016,1130,61123,31,3112,2266,31690,1101,46747,2297,78437,California
San Luis Obispo,2021-03-24,3506,125757,2136,60152,1285,62408,85,3197,2615,33503,886,47633,2699,81136,California
San Luis Obispo,2021-03-25,3667,129424,2294,62446,1361,63769,12,3209,2634,35120,1028,48661,2645,83781,California
San Luis Obispo,2021-03-26,3145,132569,1756,64202,957,64726,432,3641,1749,35911,1390,50051,2181,85962,California
San Luis Obispo,2021-03-27,993,133562,507,64709,394,65120,92,3733,452,35916,539,50590,544,86506,California
San Luis Obispo,2021-03-28,444,134006,152,64861,236,65356,56,3789,243,36014,201,50791,299,86805,California
San Luis Obispo,2021-03-29,2579,136585,1277,66138,1169,66525,133,3922,1651,36884,914,51705,1784,88589,California
San Luis Obispo,2021-03-30,3500,140085,1909,68047,1449,67974,142,4064,2341,38211,1154,52859,2481,91070,California
San Luis Obispo,2021-03-31,3870,143955,2461,70508,1262,69236,147,4211,2500,39497,1360,54219,2646,93716,California
San Luis Obispo,2021-04-01,3835,147790,2420,72928,1298,70534,117,4328,2691,41173,1133,55352,2809,96525,California
San Luis Obispo,2021-04-02,1741,149531,686,73614,744,71278,311,4639,943,41628,797,56149,1252,97777,California
San Luis Obispo,2021-04-03,1110,150641,558,74172,425,71703,127,4766,493,41635,613,56762,620,98397,California
San Luis Obispo,2021-04-04,382,151023,130,74302,212,71915,40,4806,235,41763,147,56909,275,98672,California
San Luis Obispo,2021-04-05,3600,154623,1942,76244,1548,73463,110,4916,2029,42332,1568,58477,2137,100809,California
San Luis Obispo,2021-04-06,4023,158646,2145,78389,1555,75018,323,5239,1942,42524,2073,60550,2265,103074,California
San Luis Obispo,2021-04-07,4284,162930,2337,80726,1584,76602,363,5602,2461,43537,1809,62359,2822,105896,California
San Luis Obispo,2021-04-08,4025,166955,2191,82917,1432,78034,402,6004,2178,44277,1840,64199,2580,108476,California
San Luis Obispo,2021-04-09,3643,170598,1734,84651,1155,79189,754,6758,1532,44456,2102,66301,2281,110757,California
San Luis Obispo,2021-04-10,1572,172170,557,85208,351,79540,664,7422,483,44512,1089,67390,1145,111902,California
San Luis Obispo,2021-04-11,313,172483,64,85272,186,79726,63,7485,126,44516,185,67575,189,112091,California
San Luis Obispo,2021-04-12,3373,175856,1698,86970,1512,81238,163,7648,1415,44135,1958,69533,1577,113668,California
San Luis Obispo,2021-04-13,3636,179492,2095,89065,1540,82778,1,7649,1966,44436,1667,71200,1968,115636,California
San Luis Obispo,2021-04-14,2850,182342,1685,90750,1162,83940,3,7652,1666,44929,1173,72373,1666,117302,California
San Luis Obispo,2021-04-15,3685,186027,2396,93146,1288,85228,1,7653,1972,45207,1696,74069,1974,119276,California
San Luis Obispo,2021-04-16,3616,189643,2201,95347,1412,86640,3,7656,1810,45215,1803,75872,1811,121087,California
San Luis Obispo,2021-04-17,1096,190739,432,95779,662,87302,2,7658,715,45552,380,76252,717,121804,California
San Luis Obispo,2021-04-18,321,191060,100,95879,220,87522,1,7659,111,45456,207,76459,111,121915,California
San Luis Obispo,2021-04-19,3127,194187,1284,97163,1805,89327,38,7697,1160,44691,1964,78423,1199,123114,California
San Luis Obispo,2021-04-20,3507,197694,1934,99097,1573,90900,0,7697,1339,43874,2156,80579,1339,124453,California
San Luis Obispo,2021-04-21,3902,201596,1792,100889,2110,93010,0,7697,1618,43226,2266,82845,1618,126071,California
San Luis Obispo,2021-04-22,4574,206170,2058,102947,2516,95526,0,7697,1487,41643,3072,85917,1489,127560,California
San Luis Obispo,2021-04-23,1464,207634,849,103796,611,96137,4,7701,702,41599,757,86674,713,128273,California
San Luis Obispo,2021-04-24,1080,208714,442,104238,619,96756,19,7720,494,41531,581,87255,513,128786,California
San Luis Obispo,2021-04-25,346,209060,163,104401,183,96939,0,7720,114,41414,231,87486,114,128900,California
San Luis Obispo,2021-04-26,967,210027,341,104742,609,97548,17,7737,362,41199,593,88079,378,129278,California
San Luis Obispo,2021-04-27,3690,213717,1910,106652,1711,99259,69,7806,1427,40439,2256,90335,1496,130774,California
San Luis Obispo,2021-04-28,3726,217443,2087,108739,1567,100826,72,7878,1286,39370,2427,92762,1358,132132,California
San Luis Obispo,2021-04-29,3645,221088,2106,110845,1469,102295,70,7948,1200,38210,2432,95194,1272,133404,California
San Luis Obispo,2021-04-30,2949,224037,1656,112501,1220,103515,73,8021,921,37186,2017,97211,993,134397,California
San Luis Obispo,2021-05-01,466,224503,158,112659,272,103787,36,8057,97,36953,365,97576,132,134529,California
San Luis Obispo,2021-05-02,169,224672,52,112711,97,103884,20,8077,42,36888,127,97703,62,134591,California
San Luis Obispo,2021-05-03,885,225557,288,112999,494,104378,103,8180,225,36555,659,98362,326,134917,California
San Luis Obispo,2021-05-04,2919,228476,1892,114891,963,105341,64,8244,866,35437,2046,100408,928,135845,California
San Luis Obispo,2021-05-05,2803,231279,1850,116741,886,106227,67,8311,693,34099,2099,102507,761,136606,California
San Luis Obispo,2021-05-06,2785,234064,1884,118625,849,107076,52,8363,729,32839,2041,104548,781,137387,California
San Luis Obispo,2021-05-07,2306,236370,1750,120375,495,107571,61,8424,608,31831,1678,106226,670,138057,California
San Luis Obispo,2021-05-08,565,236935,332,120707,209,107780,24,8448,190,31688,357,106583,214,138271,California
San Luis Obispo,2021-05-09,164,237099,41,120748,104,107884,19,8467,46,31636,117,106700,65,138336,California
San Luis Obispo,2021-05-10,717,237816,150,120898,520,108404,47,8514,154,31278,558,107258,200,138536,California
San Luis Obispo,2021-05-11,1165,238981,595,121493,500,108904,70,8584,359,30905,802,108060,429,138965,California
San Luis Obispo,2021-05-12,2343,241324,1568,123061,692,109596,83,8667,680,30020,1648,109708,763,139728,California
San Luis Obispo,2021-05-13,1011,242335,634,123695,320,109916,57,8724,425,29918,583,110291,481,140209,California
San Luis Obispo,2021-05-14,1704,244039,1347,125042,350,110266,7,8731,772,29780,917,111208,779,140988,California
San Mateo,2020-12-15,26,26,26,26,0,0,0,0,26,26,0,0,26,26,California
San Mateo,2020-12-16,111,137,111,137,0,0,0,0,111,137,0,0,111,137,California
San Mateo,2020-12-17,164,301,164,301,0,0,0,0,164,301,0,0,164,301,California
San Mateo,2020-12-18,743,1044,741,1042,2,2,0,0,743,1044,0,0,743,1044,California
San Mateo,2020-12-19,516,1560,516,1558,0,2,0,0,516,1560,0,0,516,1560,California
San Mateo,2020-12-20,510,2070,509,2067,1,3,0,0,510,2070,0,0,510,2070,California
San Mateo,2020-12-21,1156,3226,1156,3223,0,3,0,0,1156,3226,0,0,1156,3226,California
San Mateo,2020-12-22,1525,4751,1518,4741,7,10,0,0,1525,4751,0,0,1525,4751,California
San Mateo,2020-12-23,1575,6326,1386,6127,189,199,0,0,1575,6326,0,0,1575,6326,California
San Mateo,2020-12-24,868,7194,611,6738,257,456,0,0,868,7194,0,0,868,7194,California
San Mateo,2020-12-25,115,7309,111,6849,4,460,0,0,115,7309,0,0,115,7309,California
San Mateo,2020-12-26,561,7870,418,7267,143,603,0,0,561,7870,0,0,561,7870,California
San Mateo,2020-12-27,307,8177,176,7443,131,734,0,0,307,8177,0,0,307,8177,California
San Mateo,2020-12-28,1053,9230,706,8149,347,1081,0,0,1053,9230,0,0,1053,9230,California
San Mateo,2020-12-29,1130,10360,705,8854,425,1506,0,0,1130,10360,0,0,1130,10360,California
San Mateo,2020-12-30,1265,11625,760,9614,505,2011,0,0,1265,11625,0,0,1265,11625,California
San Mateo,2020-12-31,716,12341,231,9845,485,2496,0,0,715,12339,1,1,715,12340,California
San Mateo,2021-01-01,69,12410,49,9894,20,2516,0,0,69,12408,0,1,69,12409,California
San Mateo,2021-01-02,401,12811,271,10165,130,2646,0,0,401,12809,0,1,401,12810,California
San Mateo,2021-01-03,284,13095,209,10374,75,2721,0,0,281,13087,3,4,281,13091,California
San Mateo,2021-01-04,1053,14148,680,11054,373,3094,0,0,1053,14140,0,4,1053,14144,California
San Mateo,2021-01-05,1203,15351,707,11761,496,3590,0,0,1173,15284,30,34,1174,15318,California
San Mateo,2021-01-06,1453,16804,955,12716,498,4088,0,0,1269,16373,181,215,1270,16588,California
San Mateo,2021-01-07,1456,18260,810,13526,646,4734,0,0,1166,17257,283,498,1167,17755,California
San Mateo,2021-01-08,1841,20101,1192,14718,649,5383,0,0,1142,17708,692,1190,1143,18898,California
San Mateo,2021-01-09,1181,21282,777,15495,404,5787,0,0,722,17971,459,1649,722,19620,California
San Mateo,2021-01-10,706,21988,577,16072,129,5916,0,0,267,17799,439,2088,267,19887,California
San Mateo,2021-01-11,2593,24581,1486,17558,1107,7023,0,0,1525,18257,1069,3157,1527,21414,California
San Mateo,2021-01-12,3285,27866,1779,19337,1506,8529,0,0,2099,19175,1184,4341,2102,23516,California
San Mateo,2021-01-13,3486,31352,1754,21091,1732,10261,0,0,2451,20594,1035,5376,2454,25970,California
San Mateo,2021-01-14,3780,35132,1587,22678,2193,12454,0,0,3092,23003,688,6064,3097,29067,California
San Mateo,2021-01-15,4325,39457,1708,24386,2617,15071,0,0,3796,26274,527,6591,3798,32865,California
San Mateo,2021-01-16,3086,42543,777,25163,2309,17380,0,0,2766,28720,320,6911,2766,35631,California
San Mateo,2021-01-17,1312,43855,310,25473,1002,18382,0,0,1102,29612,210,7121,1102,36733,California
San Mateo,2021-01-18,1366,45221,535,26008,831,19213,0,0,992,30236,371,7492,995,37728,California
San Mateo,2021-01-19,2797,48018,1786,27794,1011,20224,0,0,2003,31448,791,8283,2003,39731,California
San Mateo,2021-01-20,2798,50816,1542,29336,1256,21480,0,0,1954,32562,841,9124,1955,41686,California
San Mateo,2021-01-21,2849,53665,1300,30636,1549,23029,0,0,2256,34230,591,9715,2259,43945,California
San Mateo,2021-01-22,2799,56464,1137,31773,1662,24691,0,0,2499,36432,298,10013,2500,46445,California
San Mateo,2021-01-23,2886,59350,1692,33465,1194,25885,0,0,2520,38587,366,10379,2521,48966,California
San Mateo,2021-01-24,1521,60871,376,33841,1145,27030,0,0,1208,39484,312,10691,1209,50175,California
San Mateo,2021-01-25,4431,65302,3147,36988,1284,28314,0,0,3535,42128,894,11585,3538,53713,California
San Mateo,2021-01-26,4294,69596,2979,39967,1315,29629,0,0,3389,44614,904,12489,3390,57103,California
San Mateo,2021-01-27,2794,72390,1476,41443,1318,30947,0,0,1795,45418,992,13481,1796,58899,California
San Mateo,2021-01-28,2805,75195,1356,42799,1449,32396,0,0,1954,46536,836,14317,1954,60853,California
San Mateo,2021-01-29,2987,78182,1341,44140,1646,34042,0,0,2152,47859,832,15149,2155,63008,California
San Mateo,2021-01-30,3377,81559,1477,45617,1900,35942,0,0,2919,50322,457,15606,2920,65928,California
San Mateo,2021-01-31,1682,83241,898,46515,784,36726,0,0,1519,51680,161,15767,1519,67447,California
San Mateo,2021-02-01,2930,86171,1345,47860,1585,38311,0,0,2222,53199,704,16471,2223,69670,California
San Mateo,2021-02-02,3181,89352,1733,49593,1448,39759,0,0,2159,54339,1019,17490,2159,71829,California
San Mateo,2021-02-03,4884,94236,1950,51543,2934,42693,0,0,3831,57121,1050,18540,3832,75661,California
San Mateo,2021-02-04,6298,100534,2592,54135,3706,46399,0,0,4937,60706,1355,19895,4940,80601,California
San Mateo,2021-02-05,6800,107334,2551,56686,4249,50648,0,0,4975,63873,1808,21703,4975,85576,California
San Mateo,2021-02-06,3288,110622,1921,58607,1367,52015,0,0,2622,65832,665,22368,2624,88200,California
San Mateo,2021-02-07,1898,112520,1344,59951,554,52569,0,0,1709,67352,189,22557,1709,89909,California
San Mateo,2021-02-08,5281,117801,2249,62200,3032,55601,0,0,3108,68352,2108,24665,3108,93017,California
San Mateo,2021-02-09,6188,123989,3224,65424,2964,58565,0,0,3343,68855,2840,27505,3343,96360,California
San Mateo,2021-02-10,6497,130486,3271,68695,3226,61791,0,0,3425,69217,3063,30568,3425,99785,California
San Mateo,2021-02-11,7063,137549,3584,72279,3479,65270,0,0,3804,69774,3250,33818,3807,103592,California
San Mateo,2021-02-12,6627,144176,2956,75235,3671,68941,0,0,4705,72561,1920,35738,4707,108299,California
San Mateo,2021-02-13,6099,150275,3997,79232,2102,71043,0,0,2642,71751,3452,39190,2642,110941,California
San Mateo,2021-02-14,4638,154913,3022,82254,1616,72659,0,0,1988,71095,2645,41835,1989,112930,California
San Mateo,2021-02-15,3165,158078,1459,83713,1706,74365,0,0,1784,71503,1377,43212,1785,114715,California
San Mateo,2021-02-16,7154,165232,1879,85592,5275,79640,0,0,5285,74922,1868,45080,5287,120002,California
San Mateo,2021-02-17,7070,172302,1948,87540,5122,84762,0,0,5063,77986,2001,47081,5065,125067,California
San Mateo,2021-02-18,6702,179004,4631,92171,2071,86833,0,0,4449,80198,2240,49321,4452,129519,California
San Mateo,2021-02-19,7812,186816,5612,97783,2200,89033,0,0,5816,84025,1989,51310,5816,135335,California
San Mateo,2021-02-20,3735,190551,2419,100202,1316,90349,0,0,2307,84911,1421,52731,2307,137642,California
San Mateo,2021-02-21,2312,192863,1468,101670,844,91193,0,0,1265,85135,1041,53772,1265,138907,California
San Mateo,2021-02-22,4419,197282,3197,104867,1222,92415,0,0,2779,86281,1634,55406,2780,141687,California
San Mateo,2021-02-23,4294,201576,3049,107916,1245,93660,0,0,2486,86966,1801,57207,2486,144173,California
San Mateo,2021-02-24,7277,208853,3257,111173,4020,97680,0,0,4851,89397,2421,59628,4852,149025,California
San Mateo,2021-02-25,9092,217945,4017,115190,5075,102755,0,0,6017,92354,3060,62688,6017,155042,California
San Mateo,2021-02-26,9770,227715,3718,118908,6052,108807,0,0,6843,96290,2911,65599,6847,161889,California
San Mateo,2021-02-27,6686,234401,3416,122324,3269,112076,1,1,3632,96880,3048,68647,3638,165527,California
San Mateo,2021-02-28,4125,238526,2508,124832,1617,113693,0,1,2553,97868,1566,70213,2554,168081,California
San Mateo,2021-03-01,5662,244188,3541,128373,2120,115813,1,2,2801,97822,2848,73061,2802,170883,California
San Mateo,2021-03-02,5803,249991,3990,132363,1812,117625,1,3,3340,98709,2455,75516,3342,174225,California
San Mateo,2021-03-03,8364,258355,3905,136268,4457,122082,2,5,3611,97583,4739,80255,3613,177838,California
San Mateo,2021-03-04,8432,266787,3942,140210,4487,126569,3,8,3807,96789,4606,84861,3812,181650,California
San Mateo,2021-03-05,9112,275899,5999,146209,3109,129678,4,12,6426,100557,2666,87527,6434,188084,California
San Mateo,2021-03-06,7855,283754,5441,151650,2239,131917,175,187,5742,104369,2104,89631,5916,194000,California
San Mateo,2021-03-07,3483,287237,2322,153972,1093,133010,68,255,2015,104988,1464,91095,2083,196083,California
San Mateo,2021-03-08,4451,291688,2481,156453,1751,134761,219,474,3224,107212,1220,92315,3444,199527,California
San Mateo,2021-03-09,4566,296254,2133,158586,2160,136921,273,747,3015,108956,1542,93857,3286,202813,California
San Mateo,2021-03-10,6922,303176,2644,161230,3991,140912,287,1034,4565,111465,2342,96199,4851,207664,California
San Mateo,2021-03-11,9138,312314,5738,166968,3007,143919,393,1427,3719,110187,5389,101588,4111,211775,California
San Mateo,2021-03-12,10514,322828,6610,173578,3522,147441,382,1809,3508,107090,6988,108576,3891,215666,California
San Mateo,2021-03-13,8106,330934,3422,177000,3056,150497,1628,3437,3913,108441,4181,112757,5532,221198,California
San Mateo,2021-03-14,4940,335874,3308,180308,1525,152022,107,3544,2900,109415,2033,114790,3007,224205,California
San Mateo,2021-03-15,7131,343005,4584,184892,2371,154393,176,3720,3770,110007,3355,118145,3947,228152,California
San Mateo,2021-03-16,11913,354918,4362,189254,7428,161821,123,3843,4860,107955,7037,125182,4985,233137,California
San Mateo,2021-03-17,10800,365718,4366,193620,6309,168130,125,3968,4896,107102,5878,131060,5025,238162,California
San Mateo,2021-03-18,7245,372963,4043,197663,3019,171149,183,4151,4317,108678,2922,133982,4498,242660,California
San Mateo,2021-03-19,7367,380330,4724,202387,1976,173125,667,4818,3613,109214,3744,137726,4280,246940,California
San Mateo,2021-03-20,8296,388626,6436,208823,1524,174649,336,5154,5419,112106,2862,140588,5754,252694,California
San Mateo,2021-03-21,4163,392789,3131,211954,801,175450,231,5385,2349,112880,1803,142391,2577,255271,California
San Mateo,2021-03-22,5225,398014,3546,215500,1261,176711,418,5803,2864,113815,2348,144739,3283,258554,California
San Mateo,2021-03-23,9783,407797,4450,219950,5137,181848,196,5999,4661,113579,5092,149831,4856,263410,California
San Mateo,2021-03-24,9448,417245,5450,225400,3858,185706,140,6139,4107,112553,5272,155103,4246,267656,California
San Mateo,2021-03-25,10029,427274,4889,230289,4872,190578,268,6407,4434,111766,5493,160596,4706,272362,California
San Mateo,2021-03-26,11164,438438,7671,237960,3327,193905,166,6573,4457,109723,6669,167265,4626,276988,California
San Mateo,2021-03-27,10439,448877,7970,245930,2363,196268,106,6679,4700,108805,5721,172986,4803,281791,California
San Mateo,2021-03-28,4212,453089,2697,248627,1403,197671,112,6791,2099,108913,2104,175090,2212,284003,California
San Mateo,2021-03-29,6024,459113,3748,252375,2023,199694,253,7044,2855,108871,3150,178240,3108,287111,California
San Mateo,2021-03-30,7086,466199,4017,256392,2914,202608,155,7199,4464,110884,2607,180847,4620,291731,California
San Mateo,2021-03-31,7219,473418,4555,260947,2526,205134,138,7337,4061,111944,3141,183988,4201,295932,California
San Mateo,2021-04-01,10446,483864,5125,266072,4140,209274,1181,8518,5618,113961,4787,188775,6804,302736,California
San Mateo,2021-04-02,10696,494560,5095,271167,4035,213309,1566,10084,5625,116102,5052,193827,7193,309929,California
San Mateo,2021-04-03,9723,504283,5518,276685,2462,215771,1743,11827,4926,117984,4790,198617,6672,316601,California
San Mateo,2021-04-04,5423,509706,2612,279297,1563,217334,1248,13075,1732,117284,3678,202295,2978,319579,California
San Mateo,2021-04-05,8964,518670,4777,284074,2453,219787,1734,14809,3860,117787,5089,207384,5592,325171,California
San Mateo,2021-04-06,13163,531833,8235,292309,3078,222865,1850,16659,7532,121565,5618,213002,9396,334567,California
San Mateo,2021-04-07,11361,543194,5258,297567,4428,227293,1675,18334,4844,121582,6496,219498,6513,341080,California
San Mateo,2021-04-08,10098,553292,5037,302604,2474,229767,2587,20921,4495,123066,5588,225086,7072,348152,California
San Mateo,2021-04-09,11262,564554,5478,308082,3307,233074,2477,23398,5089,124453,6171,231257,7558,355710,California
San Mateo,2021-04-10,11162,575716,5671,313753,4065,237139,1426,24824,4634,124004,6505,237762,6056,361766,California
San Mateo,2021-04-11,6609,582325,3286,317039,873,238012,2450,27274,2333,124512,4270,242032,4778,366544,California
San Mateo,2021-04-12,7305,589630,4469,321508,1876,239888,960,28234,3552,125290,3734,245766,4512,371056,California
San Mateo,2021-04-13,8142,597772,5085,326593,3048,242936,9,28243,4319,125802,3818,249584,4330,375386,California
San Mateo,2021-04-14,8307,606079,5366,331959,2940,245876,1,28244,4275,126065,4019,253603,4282,379668,California
San Mateo,2021-04-15,11074,617153,7364,339323,3708,249584,2,28246,7263,129543,3788,257391,7266,386934,California
San Mateo,2021-04-16,9938,627091,6855,346178,3067,252651,16,28262,6323,132288,3599,260990,6344,393278,California
San Mateo,2021-04-17,9650,636741,6436,352614,3211,255862,3,28265,6123,134902,3517,264507,6131,399409,California
San Mateo,2021-04-18,5402,642143,2592,355206,2810,258672,0,28265,3654,136824,1738,266245,3660,403069,California
San Mateo,2021-04-19,8349,650492,5439,360645,2910,261582,0,28265,5417,139328,2922,269167,5426,408495,California
San Mateo,2021-04-20,10239,660731,5700,366345,4539,266121,0,28265,6583,142282,3640,272807,6594,415089,California
San Mateo,2021-04-21,8993,669724,6096,372441,2897,269018,0,28265,5574,144459,3404,276211,5581,420670,California
San Mateo,2021-04-22,9567,679291,6412,378853,3154,272172,1,28266,5325,145579,4211,280422,5331,426001,California
San Mateo,2021-04-23,9450,688741,6219,385072,3231,275403,0,28266,5315,146798,4111,284533,5330,431331,California
San Mateo,2021-04-24,11222,699963,8018,393090,3204,278607,0,28266,6047,147699,5154,289687,6055,437386,California
San Mateo,2021-04-25,5515,705478,3857,396947,1656,280263,2,28268,3910,150027,1593,291280,3921,441307,California
San Mateo,2021-04-26,6312,711790,4626,401573,1679,281942,7,28275,3650,151041,2655,293935,3669,444976,California
San Mateo,2021-04-27,10969,722759,7800,409373,3064,285006,105,28380,4419,149044,6525,300460,4528,449504,California
San Mateo,2021-04-28,7659,730418,4423,413796,3032,288038,204,28584,4015,149631,3636,304096,4223,453727,California
San Mateo,2021-04-29,7915,738333,3709,417505,4031,292069,175,28759,3503,148934,4387,308483,3690,457417,California
San Mateo,2021-04-30,8069,746402,5065,422570,2852,294921,152,28911,3422,147895,4626,313109,3587,461004,California
San Mateo,2021-05-01,6141,752543,4114,426684,1908,296829,119,29030,2657,147213,3469,316578,2787,463791,California
San Mateo,2021-05-02,3169,755712,1740,428424,1358,298187,71,29101,1144,146415,2017,318595,1219,465010,California
San Mateo,2021-05-03,6041,761753,4525,432949,1372,299559,144,29245,1906,144338,4127,322722,2050,467060,California
San Mateo,2021-05-04,7228,768981,4892,437841,2164,301723,172,29417,2454,142217,4759,327481,2638,469698,California
San Mateo,2021-05-05,6841,775822,4471,442312,2208,303931,162,29579,2463,140493,4350,331831,2626,472324,California
San Mateo,2021-05-06,8486,784308,6631,448943,1682,305613,173,29752,1738,135678,6731,338562,1916,474240,California
San Mateo,2021-05-07,8187,792495,5857,454800,2047,307660,283,30035,1837,131488,6321,344883,2131,476371,California
San Mateo,2021-05-08,6645,799140,4029,458829,2378,310038,238,30273,1831,128759,4803,349686,2074,478445,California
San Mateo,2021-05-09,3117,802257,2433,461262,611,310649,73,30346,1065,127852,2046,351732,1139,479584,California
San Mateo,2021-05-10,4566,806823,3276,464538,1121,311770,169,30515,773,125018,3784,355516,950,480534,California
San Mateo,2021-05-11,6448,813271,4842,469380,1495,313265,111,30626,1650,122000,4782,360298,1764,482298,California
San Mateo,2021-05-12,6251,819522,4513,473893,1556,314821,182,30808,1474,118894,4766,365064,1660,483958,California
San Mateo,2021-05-13,7747,827269,5621,479514,2041,316862,85,30893,2815,116885,4914,369978,2905,486863,California
San Mateo,2021-05-14,5188,832457,3685,483199,1429,318291,74,30967,1374,114531,3807,373785,1453,488316,California
Santa Barbara,2020-12-15,2,2,2,2,0,0,0,0,2,2,0,0,2,2,California
Santa Barbara,2020-12-16,2,4,2,4,0,0,0,0,2,4,0,0,2,4,California
Santa Barbara,2020-12-17,56,60,56,60,0,0,0,0,56,60,0,0,56,60,California
Santa Barbara,2020-12-18,378,438,377,437,1,1,0,0,378,438,0,0,378,438,California
Santa Barbara,2020-12-19,325,763,325,762,0,1,0,0,325,763,0,0,325,763,California
Santa Barbara,2020-12-20,235,998,235,997,0,1,0,0,235,998,0,0,235,998,California
Santa Barbara,2020-12-21,652,1650,650,1647,2,3,0,0,652,1650,0,0,652,1650,California
Santa Barbara,2020-12-22,245,1895,243,1890,2,5,0,0,245,1895,0,0,245,1895,California
Santa Barbara,2020-12-23,321,2216,203,2093,118,123,0,0,321,2216,0,0,321,2216,California
Santa Barbara,2020-12-24,88,2304,40,2133,48,171,0,0,88,2304,0,0,88,2304,California
Santa Barbara,2020-12-26,326,2630,66,2199,260,431,0,0,326,2630,0,0,326,2630,California
Santa Barbara,2020-12-27,62,2692,1,2200,61,492,0,0,62,2692,0,0,62,2692,California
Santa Barbara,2020-12-28,356,3048,223,2423,133,625,0,0,356,3048,0,0,356,3048,California
Santa Barbara,2020-12-29,555,3603,361,2784,194,819,0,0,555,3603,0,0,555,3603,California
Santa Barbara,2020-12-30,585,4188,403,3187,182,1001,0,0,585,4188,0,0,585,4188,California
Santa Barbara,2020-12-31,240,4428,114,3301,126,1127,0,0,240,4428,0,0,240,4428,California
Santa Barbara,2021-01-01,112,4540,108,3409,4,1131,0,0,112,4540,0,0,112,4540,California
Santa Barbara,2021-01-02,590,5130,225,3634,365,1496,0,0,590,5130,0,0,590,5130,California
Santa Barbara,2021-01-03,23,5153,15,3649,8,1504,0,0,23,5153,0,0,23,5153,California
Santa Barbara,2021-01-04,310,5463,247,3896,63,1567,0,0,309,5462,0,0,309,5462,California
Santa Barbara,2021-01-05,754,6217,381,4277,373,1940,0,0,727,6162,27,27,727,6189,California
Santa Barbara,2021-01-06,656,6873,276,4553,380,2320,0,0,595,6697,60,87,595,6784,California
Santa Barbara,2021-01-07,1033,7906,711,5264,322,2642,0,0,527,6722,502,589,527,7311,California
Santa Barbara,2021-01-08,1202,9108,842,6106,360,3002,0,0,709,6938,493,1082,709,8020,California
Santa Barbara,2021-01-09,566,9674,293,6399,273,3275,0,0,320,7012,246,1328,320,8340,California
Santa Barbara,2021-01-10,62,9736,50,6449,12,3287,0,0,46,7042,16,1344,46,8386,California
Santa Barbara,2021-01-11,839,10575,670,7119,169,3456,0,0,616,7436,222,1566,616,9002,California
Santa Barbara,2021-01-12,1429,12004,635,7754,794,4250,0,0,1272,8551,157,1723,1272,10274,California
Santa Barbara,2021-01-13,1229,13233,281,8035,948,5198,0,0,1102,9526,127,1850,1102,11376,California
Santa Barbara,2021-01-14,1249,14482,133,8168,1116,6314,0,0,1194,10667,54,1904,1195,12571,California
Santa Barbara,2021-01-15,1802,16284,421,8589,1381,7695,0,0,1721,12308,80,1984,1721,14292,California
Santa Barbara,2021-01-16,1272,17556,202,8791,1070,8765,0,0,1233,13503,38,2022,1233,15525,California
Santa Barbara,2021-01-17,123,17679,20,8811,103,8868,0,0,120,13620,3,2025,120,15645,California
Santa Barbara,2021-01-18,1151,18830,417,9228,734,9602,0,0,966,14401,185,2210,966,16611,California
Santa Barbara,2021-01-19,1638,20468,570,9798,1068,10670,0,0,1359,15482,278,2488,1359,17970,California
Santa Barbara,2021-01-20,2095,22563,544,10342,1551,12221,0,0,1737,16862,357,2845,1737,19707,California
Santa Barbara,2021-01-21,3087,25650,1817,12159,1270,13491,0,0,2928,19632,159,3004,2929,22636,California
Santa Barbara,2021-01-22,3018,28668,1864,14023,1154,14645,0,0,2854,22326,161,3165,2855,25491,California
Santa Barbara,2021-01-23,1734,30402,1106,15129,628,15273,0,0,1222,23037,511,3676,1222,26713,California
Santa Barbara,2021-01-24,844,31246,752,15881,92,15365,0,0,835,23863,9,3685,835,27548,California
Santa Barbara,2021-01-25,1245,32491,501,16382,744,16109,0,0,1005,24628,240,3925,1005,28553,California
Santa Barbara,2021-01-26,2051,34542,468,16850,1583,17692,0,0,1664,25907,385,4310,1664,30217,California
Santa Barbara,2021-01-27,1163,35705,400,17250,763,18455,0,0,901,26549,261,4571,903,31120,California
Santa Barbara,2021-01-28,895,36600,298,17548,597,19052,0,0,680,27017,212,4783,680,31800,California
Santa Barbara,2021-01-29,1333,37933,537,18085,796,19848,0,0,979,27647,351,5134,981,32781,California
Santa Barbara,2021-01-30,1892,39825,1420,19505,472,20320,0,0,1488,28734,401,5535,1488,34269,California
Santa Barbara,2021-01-31,1454,41279,1216,20721,238,20558,0,0,1415,30110,39,5574,1415,35684,California
Santa Barbara,2021-02-01,945,42224,521,21242,424,20982,0,0,557,30279,388,5962,557,36241,California
Santa Barbara,2021-02-02,1828,44052,700,21942,1128,22110,0,0,1052,30558,773,6735,1052,37293,California
Santa Barbara,2021-02-03,1941,45993,1077,23019,864,22974,0,0,1499,31625,432,7167,1499,38792,California
Santa Barbara,2021-02-04,2778,48771,1864,24883,914,23888,0,0,2482,33817,290,7457,2482,41274,California
Santa Barbara,2021-02-05,2904,51675,2060,26943,844,24732,0,0,2260,35435,642,8099,2260,43534,California
Santa Barbara,2021-02-06,1204,52879,338,27281,866,25598,0,0,794,35819,410,8509,794,44328,California
Santa Barbara,2021-02-07,301,53180,263,27544,38,25636,0,0,266,36051,34,8543,266,44594,California
Santa Barbara,2021-02-08,956,54136,311,27855,645,26281,0,0,668,36431,288,8831,668,45262,California
Santa Barbara,2021-02-09,2438,56574,313,28168,2125,28406,0,0,1119,36241,1309,10140,1119,46381,California
Santa Barbara,2021-02-10,2762,59336,1496,29664,1266,29672,0,0,780,35048,1973,12113,780,47161,California
Santa Barbara,2021-02-11,4185,63521,2807,32471,1378,31050,0,0,625,32122,3551,15664,625,47786,California
Santa Barbara,2021-02-12,3308,66829,949,33420,2359,33409,0,0,774,30368,2528,18192,774,48560,California
Santa Barbara,2021-02-13,1235,68064,341,33761,894,34303,0,0,561,30259,670,18862,561,49121,California
Santa Barbara,2021-02-14,331,68395,34,33795,297,34600,0,0,285,30498,46,18908,285,49406,California
Santa Barbara,2021-02-15,968,69363,339,34134,629,35229,0,0,492,30519,471,19379,492,49898,California
Santa Barbara,2021-02-16,2108,71471,396,34530,1712,36941,0,0,716,29847,1388,20767,716,50614,California
Santa Barbara,2021-02-17,1437,72908,321,34851,1116,38057,0,0,522,29456,913,21680,522,51136,California
Santa Barbara,2021-02-18,3254,76162,2647,37498,607,38664,0,0,1519,29275,1700,23380,1519,52655,California
Santa Barbara,2021-02-19,3597,79759,2643,40141,954,39618,0,0,2331,30343,1263,24643,2331,54986,California
Santa Barbara,2021-02-20,2221,81980,1435,41576,786,40404,0,0,1666,31463,546,25189,1666,56652,California
Santa Barbara,2021-02-21,126,82106,97,41673,29,40433,0,0,57,31451,69,25258,57,56709,California
Santa Barbara,2021-02-22,940,83046,248,41921,692,41125,0,0,261,31040,672,25930,261,56970,California
Santa Barbara,2021-02-23,3187,86233,1045,42966,2142,43267,0,0,421,28699,2762,28692,421,57391,California
Santa Barbara,2021-02-24,3201,89434,1090,44056,2111,45378,0,0,721,26952,2468,31160,721,58112,California
Santa Barbara,2021-02-25,3451,92885,1919,45975,1532,46910,0,0,986,25481,2458,33618,987,59099,California
Santa Barbara,2021-02-26,3665,96550,2175,48150,1490,48400,0,0,1978,25780,1679,35297,1978,61077,California
Santa Barbara,2021-02-27,1529,98079,564,48714,965,49365,0,0,847,25954,675,35972,849,61926,California
Santa Barbara,2021-02-28,1086,99165,221,48935,865,50230,0,0,894,26662,187,36159,895,62821,California
Santa Barbara,2021-03-01,1636,100801,465,49400,1171,51401,0,0,1084,27208,539,36698,1085,63906,California
Santa Barbara,2021-03-02,2637,103438,414,49814,2223,53624,0,0,2136,28857,488,37186,2137,66043,California
Santa Barbara,2021-03-03,4627,108065,2100,51914,2525,56149,2,2,4031,32307,586,37772,4036,70079,California
Santa Barbara,2021-03-04,3418,111483,2280,54194,1138,57287,0,2,2864,34625,546,38318,2864,72943,California
Santa Barbara,2021-03-05,3814,115297,2162,56356,1593,58880,59,61,3088,37052,720,39038,3147,76090,California
Santa Barbara,2021-03-06,2431,117728,724,57080,1488,60368,219,280,1666,38175,761,39799,1884,77974,California
Santa Barbara,2021-03-07,561,118289,122,57202,309,60677,130,410,382,38510,178,39977,513,78487,California
Santa Barbara,2021-03-08,1574,119863,378,57580,854,61531,342,752,792,38868,776,40753,1134,79621,California
Santa Barbara,2021-03-09,2772,122635,324,57904,1675,63206,773,1525,718,38304,2051,42804,1487,81108,California
Santa Barbara,2021-03-10,2751,125386,546,58450,1159,64365,1046,2571,1034,38673,1711,44515,2080,83188,California
Santa Barbara,2021-03-11,5575,130961,3029,61479,1431,65796,1115,3686,2280,38781,3282,47797,3390,86578,California
Santa Barbara,2021-03-12,3669,134630,2095,63574,1145,66941,429,4115,2176,39898,1485,49282,2602,89180,California
Santa Barbara,2021-03-13,3473,138103,1924,65498,1340,68281,209,4324,2693,42023,778,50060,2903,92083,California
Santa Barbara,2021-03-14,782,138885,370,65868,355,68636,57,4381,464,42226,318,50378,521,92604,California
Santa Barbara,2021-03-15,2105,140990,691,66559,1123,69759,291,4672,1267,42950,832,51210,1556,94160,California
Santa Barbara,2021-03-16,3723,144713,1172,67731,2209,71968,342,5014,2737,45046,983,52193,3079,97239,California
Santa Barbara,2021-03-17,3297,148010,973,68704,1919,73887,405,5419,2308,46768,987,53180,2709,99948,California
Santa Barbara,2021-03-18,5222,153232,2798,71502,2222,76109,202,5621,3998,49759,1209,54389,4200,104148,California
Santa Barbara,2021-03-19,4440,157672,2765,74267,1343,77452,332,5953,3051,51756,1385,55774,3382,107530,California
Santa Barbara,2021-03-20,2166,159838,827,75094,1327,78779,12,5965,1331,52265,833,56607,1342,108872,California
Santa Barbara,2021-03-21,1164,161002,382,75476,752,79531,30,5995,838,52809,324,56931,868,109740,California
Santa Barbara,2021-03-22,2778,163780,1912,77388,822,80353,44,6039,2224,54531,546,57477,2268,112008,California
Santa Barbara,2021-03-23,4477,168257,2250,79638,2127,82480,100,6139,3711,57585,757,58234,3811,115819,California
Santa Barbara,2021-03-24,5407,173664,3154,82792,1512,83992,741,6880,2971,58879,2415,60649,3709,119528,California
Santa Barbara,2021-03-25,5552,179216,3277,86069,2087,86079,188,7068,2779,59090,2756,63405,2967,122495,California
Santa Barbara,2021-03-26,5083,184299,3221,89290,1563,87642,299,7367,2240,58802,2827,66232,2539,125034,California
Santa Barbara,2021-03-27,2923,187222,1219,90509,1661,89303,43,7410,1595,59115,1323,67555,1636,126670,California
Santa Barbara,2021-03-28,2771,189993,1647,92156,1096,90399,28,7438,1887,60152,879,68434,1916,128586,California
Santa Barbara,2021-03-29,4042,194035,2086,94242,1885,92284,71,7509,3231,62647,807,69241,3302,131888,California
Santa Barbara,2021-03-30,6793,200828,3510,97752,3133,95417,150,7659,4554,65124,2224,71465,4701,136589,California
Santa Barbara,2021-03-31,8653,209481,5517,103269,3069,98486,67,7726,5056,66669,3579,75044,5124,141713,California
Santa Barbara,2021-04-01,7016,216497,5189,108458,1568,100054,259,7985,4158,68245,2842,77886,4418,146131,California
Santa Barbara,2021-04-02,6600,223097,4525,112983,1482,101536,593,8578,3384,69013,3209,81095,3977,150108,California
Santa Barbara,2021-04-03,3788,226885,2101,115084,1619,103155,68,8646,2501,70298,1283,82378,2568,152676,California
Santa Barbara,2021-04-04,898,227783,444,115528,414,103569,40,8686,500,70442,396,82774,540,153216,California
Santa Barbara,2021-04-05,3452,231235,2279,117807,915,104484,258,8944,2161,71576,1285,84059,2419,155635,California
Santa Barbara,2021-04-06,5445,236680,2810,120617,2099,106583,536,9480,3326,73332,2104,86163,3860,159495,California
Santa Barbara,2021-04-07,5968,242648,3283,123900,2144,108727,541,10021,4061,76036,1897,88060,4601,164096,California
Santa Barbara,2021-04-08,7359,250007,5008,128908,641,109368,1710,11731,3392,77170,3965,92025,5099,169195,California
Santa Barbara,2021-04-09,7255,257262,4826,133734,1084,110452,1345,13076,3265,77794,3981,96006,4605,173800,California
Santa Barbara,2021-04-10,6629,263891,4587,138321,1425,111877,617,13693,4503,80793,2119,98125,5118,178918,California
Santa Barbara,2021-04-11,2641,266532,1930,140251,412,112289,299,13992,1821,82094,814,98939,2115,181033,California
Santa Barbara,2021-04-12,4424,270956,2847,143098,1024,113313,553,14545,1922,82072,2495,101434,2473,183506,California
Santa Barbara,2021-04-13,6306,277262,4149,147247,2151,115464,6,14551,2623,81021,3679,105113,2628,186134,California
Santa Barbara,2021-04-14,6723,283985,4400,151647,2321,117785,2,14553,4205,82720,2508,107621,4207,190341,California
Santa Barbara,2021-04-15,6933,290918,4083,155730,2849,120634,1,14554,3760,83318,3164,110785,3762,194103,California
Santa Barbara,2021-04-16,6377,297295,3752,159482,2614,123248,11,14565,4392,85750,1970,112755,4402,198505,California
Santa Barbara,2021-04-17,5300,302595,3855,163337,1445,124693,0,14565,4090,88639,1201,113956,4090,202595,California
Santa Barbara,2021-04-18,2127,304722,1476,164813,651,125344,0,14565,371,87259,1752,115708,372,202967,California
Santa Barbara,2021-04-19,3224,307946,2220,167033,998,126342,6,14571,1022,86090,2198,117906,1029,203996,California
Santa Barbara,2021-04-20,5856,313802,3943,170976,1912,128254,1,14572,1646,83538,4198,122104,1646,205642,California
Santa Barbara,2021-04-21,5430,319232,3593,174569,1837,130091,0,14572,1697,81514,3721,125825,1697,207339,California
Santa Barbara,2021-04-22,5075,324307,2549,177118,2525,132616,1,14573,1450,79357,3610,129435,1453,208792,California
Santa Barbara,2021-04-23,5525,329832,3871,180989,1654,134270,0,14573,1951,77744,3564,132999,1951,210743,California
Santa Barbara,2021-04-24,4422,334254,2877,183866,1540,135810,5,14578,1663,76661,2751,135750,1668,212411,California
Santa Barbara,2021-04-25,1832,336086,1185,185051,647,136457,0,14578,501,75839,1323,137073,501,212912,California
Santa Barbara,2021-04-26,2917,339003,1805,186856,1091,137548,21,14599,454,73857,2457,139530,475,213387,California
Santa Barbara,2021-04-27,3680,342683,2030,188886,1563,139111,87,14686,1107,72486,2564,142094,1193,214580,California
Santa Barbara,2021-04-28,4900,347583,2863,191749,1921,141032,116,14802,1403,70522,3486,145580,1522,216102,California
Santa Barbara,2021-04-29,5245,352828,3797,195546,1221,142253,227,15029,1444,68406,3785,149365,1669,217771,California
Santa Barbara,2021-04-30,4944,357772,3694,199240,1086,143339,164,15193,1422,66482,3509,152874,1585,219356,California
Santa Barbara,2021-05-01,5236,363008,4058,203298,1146,144485,32,15225,906,63099,4323,157197,940,220296,California
Santa Barbara,2021-05-02,1131,364139,666,203964,337,144822,128,15353,308,62713,822,158019,436,220732,California
Santa Barbara,2021-05-03,2203,366342,1479,205443,585,145407,139,15492,443,61541,1754,159773,582,221314,California
Santa Barbara,2021-05-04,3278,369620,1661,207104,1547,146954,70,15562,1140,60625,2125,161898,1209,222523,California
Santa Barbara,2021-05-05,5418,375038,3670,210774,1601,148555,147,15709,628,56623,4778,166676,776,223299,California
Santa Barbara,2021-05-06,5036,380074,3903,214677,1029,149584,104,15813,962,53631,4058,170734,1066,224365,California
Santa Barbara,2021-05-07,4659,384733,3654,218331,828,150412,177,15990,1004,51165,3645,174379,1179,225544,California
Santa Barbara,2021-05-08,4208,388941,3152,221483,958,151370,98,16088,866,48802,3327,177706,964,226508,California
Santa Barbara,2021-05-09,702,389643,109,221592,553,151923,40,16128,467,49076,234,177940,508,227016,California
Santa Barbara,2021-05-10,1295,390938,616,222208,595,152518,84,16212,346,48558,947,178887,429,227445,California
Santa Barbara,2021-05-11,1791,392729,768,222976,731,153249,292,16504,384,47832,1400,180287,674,228119,California
Santa Barbara,2021-05-12,1448,394177,637,223613,608,153857,203,16707,405,47404,1036,181323,608,228727,California
Santa Barbara,2021-05-13,3355,397532,2606,226219,560,154417,189,16896,1026,46294,2323,183646,1213,229940,California
Santa Barbara,2021-05-14,3148,400680,2045,228264,1053,155470,50,16946,1142,45488,1996,185642,1190,231130,California
Santa Clara,2020-12-15,65,65,65,65,0,0,0,0,65,65,0,0,65,65,California
Santa Clara,2020-12-16,136,201,136,201,0,0,0,0,136,201,0,0,136,201,California
Santa Clara,2020-12-17,392,593,392,593,0,0,0,0,392,593,0,0,392,593,California
Santa Clara,2020-12-18,1674,2267,1674,2267,0,0,0,0,1674,2267,0,0,1674,2267,California
Santa Clara,2020-12-19,2074,4341,2074,4341,0,0,0,0,2073,4340,0,0,2073,4340,California
Santa Clara,2020-12-20,1893,6234,1892,6233,1,1,0,0,1890,6230,0,0,1890,6230,California
Santa Clara,2020-12-21,2670,8904,2670,8903,0,1,0,0,2669,8899,0,0,2669,8899,California
Santa Clara,2020-12-22,3119,12023,3112,12015,7,8,0,0,3116,12015,0,0,3116,12015,California
Santa Clara,2020-12-23,3262,15285,3075,15090,187,195,0,0,3260,15275,0,0,3260,15275,California
Santa Clara,2020-12-24,1894,17179,1709,16799,185,380,0,0,1888,17162,1,1,1888,17163,California
Santa Clara,2020-12-25,343,17522,342,17141,1,381,0,0,343,17505,0,1,343,17506,California
Santa Clara,2020-12-26,1264,18786,1031,18172,233,614,0,0,1263,18768,0,1,1263,18769,California
Santa Clara,2020-12-27,648,19434,508,18680,140,754,0,0,648,19416,0,1,648,19417,California
Santa Clara,2020-12-28,2334,21768,1732,20412,602,1356,0,0,2334,21750,0,1,2334,21751,California
Santa Clara,2020-12-29,2330,24098,1471,21883,859,2215,0,0,2328,24078,0,1,2328,24079,California
Santa Clara,2020-12-30,2994,27092,1902,23785,1092,3307,0,0,2992,27068,2,3,2992,27071,California
Santa Clara,2020-12-31,1216,28308,392,24177,824,4131,0,0,1215,28282,1,4,1215,28286,California
Santa Clara,2021-01-01,145,28453,12,24189,133,4264,0,0,144,28425,1,5,144,28430,California
Santa Clara,2021-01-02,1087,29540,817,25006,270,4534,0,0,1087,29512,0,5,1087,29517,California
Santa Clara,2021-01-03,584,30124,368,25374,216,4750,0,0,579,30088,3,8,579,30096,California
Santa Clara,2021-01-04,2470,32594,1670,27044,800,5550,0,0,2467,32555,0,8,2467,32563,California
Santa Clara,2021-01-05,3066,35660,2009,29053,1057,6607,0,0,2879,35254,186,194,2885,35448,California
Santa Clara,2021-01-06,3326,38986,1961,31014,1365,7972,0,0,2751,37436,571,765,2753,38201,California
Santa Clara,2021-01-07,4216,43202,2558,33572,1658,9630,0,0,3149,39533,1057,1822,3154,41355,California
Santa Clara,2021-01-08,5847,49049,3821,37393,2026,11656,0,0,3794,41278,2049,3871,3794,45149,California
Santa Clara,2021-01-09,2972,52021,1865,39258,1107,12763,0,0,1688,41685,1284,5155,1691,46840,California
Santa Clara,2021-01-10,1953,53974,1508,40766,445,13208,0,0,745,41223,1207,6362,745,47585,California
Santa Clara,2021-01-11,5944,59918,3741,44507,2203,15411,0,0,3380,42045,2563,8925,3385,50970,California
Santa Clara,2021-01-12,6804,66722,3400,47907,3404,18815,0,0,4563,44369,2240,11165,4564,55534,California
Santa Clara,2021-01-13,7362,74084,3044,50951,4318,23133,0,0,5195,47400,2165,13330,5196,60730,California
Santa Clara,2021-01-14,8223,82307,2789,53740,5434,28567,0,0,6487,52158,1731,15061,6489,67219,California
Santa Clara,2021-01-15,9455,91762,2685,56425,6770,35337,0,0,8136,58983,1316,16377,8141,75360,California
Santa Clara,2021-01-16,4301,96063,1230,57655,3071,38408,0,0,3465,61616,832,17209,3465,78825,California
Santa Clara,2021-01-17,3217,99280,606,58261,2611,41019,0,0,2720,63839,497,17706,2720,81545,California
Santa Clara,2021-01-18,5088,104368,1151,59412,3937,44956,0,0,4534,67820,554,18260,4535,86080,California
Santa Clara,2021-01-19,8484,112852,2676,62088,5808,50764,0,0,6805,72952,1676,19936,6808,92888,California
Santa Clara,2021-01-20,8081,120933,4109,66197,3972,54736,0,0,6531,77938,1545,21481,6531,99419,California
Santa Clara,2021-01-21,8650,129583,3739,69936,4911,59647,0,0,7450,84192,1198,22679,7452,106871,California
Santa Clara,2021-01-22,8618,138201,3241,73177,5377,65024,0,0,8052,91682,565,23244,8055,114926,California
Santa Clara,2021-01-23,3782,141983,1691,74868,2091,67115,0,0,2822,93545,960,24204,2823,117749,California
Santa Clara,2021-01-24,2827,144810,1423,76291,1404,68519,0,0,2341,95403,483,24687,2341,120090,California
Santa Clara,2021-01-25,8375,153185,3786,80077,4589,73108,0,0,6308,99656,2059,26746,6312,126402,California
Santa Clara,2021-01-26,8239,161424,3771,83848,4468,77576,0,0,6122,103673,2107,28853,6124,132526,California
Santa Clara,2021-01-27,8713,170137,3829,87677,4884,82460,0,0,6791,108564,1901,30754,6792,139318,California
Santa Clara,2021-01-28,9462,179599,3797,91474,5665,88125,0,0,7504,114135,1937,32691,7508,146826,California
Santa Clara,2021-01-29,9508,189107,3946,95420,5562,93687,0,0,7336,119309,2163,34854,7337,154163,California
Santa Clara,2021-01-30,4183,193290,2077,97497,2106,95793,0,0,2977,121088,1199,36053,2978,157141,California
Santa Clara,2021-01-31,2174,195464,1305,98802,869,96662,0,0,1581,122079,590,36643,1581,158722,California
Santa Clara,2021-02-01,7829,203293,3487,102289,4342,101004,0,0,6141,126541,1680,38323,6142,164864,California
Santa Clara,2021-02-02,8527,211820,2875,105164,5652,106656,0,0,6528,131080,1992,40315,6531,171395,California
Santa Clara,2021-02-03,9194,221014,3480,108644,5714,112370,0,0,6915,135728,2273,42588,6921,178316,California
Santa Clara,2021-02-04,10916,231930,4121,112765,6795,119165,0,0,8631,142087,2275,44863,8634,186950,California
Santa Clara,2021-02-05,11917,243847,4350,117115,7567,126732,0,0,8454,147094,3448,48311,8455,195405,California
Santa Clara,2021-02-06,5184,249031,2820,119935,2364,129096,0,0,4021,149958,1159,49470,4023,199428,California
Santa Clara,2021-02-07,3474,252505,2349,122284,1125,130221,0,0,3021,152528,452,49922,3022,202450,California
Santa Clara,2021-02-08,10007,262512,3481,125765,6526,136747,0,0,7294,157125,2698,52620,7295,209745,California
Santa Clara,2021-02-09,11161,273673,3817,129582,7344,144091,0,0,7672,161322,3478,56098,7675,217420,California
Santa Clara,2021-02-10,12640,286313,4912,134494,7728,151819,0,0,6837,162371,5790,61888,6839,224259,California
Santa Clara,2021-02-11,13494,299807,4711,139205,8783,160602,0,0,7675,164243,5804,67692,7676,231935,California
Santa Clara,2021-02-12,14540,314347,4492,143697,10048,170650,0,0,6978,163681,7542,75234,6980,238915,California
Santa Clara,2021-02-13,6074,320421,1459,145156,4615,175265,0,0,2220,162056,3847,79081,2222,241137,California
Santa Clara,2021-02-14,4612,325033,1143,146299,3469,178734,0,0,1467,160382,3143,82224,1469,242606,California
Santa Clara,2021-02-15,6255,331288,2799,149098,3456,182190,0,0,2700,159536,3546,85770,2700,245306,California
Santa Clara,2021-02-16,13770,345058,4000,153098,9770,191960,0,0,6928,159640,6824,92594,6928,252234,California
Santa Clara,2021-02-17,14069,359127,5489,158587,8580,200540,0,0,7047,159688,7004,99598,7052,259286,California
Santa Clara,2021-02-18,14193,373320,8361,166948,5832,206372,0,0,7230,160001,6920,106518,7233,266519,California
Santa Clara,2021-02-19,14805,388125,9519,176467,5286,211658,0,0,8615,162447,6174,112692,8620,275139,California
Santa Clara,2021-02-20,6819,394944,5106,181573,1713,213371,0,0,3673,162984,3136,115828,3673,278812,California
Santa Clara,2021-02-21,3248,398192,2429,184002,819,214190,0,0,1164,162074,2076,117904,1166,279978,California
Santa Clara,2021-02-22,10160,408352,6087,190089,4073,218263,0,0,4732,161389,5418,123322,4733,284711,California
Santa Clara,2021-02-23,11875,420227,7705,197794,4170,222433,0,0,6738,163007,5124,128446,6742,291453,California
Santa Clara,2021-02-24,14143,434370,9107,206901,5036,227469,0,0,8754,166388,5373,133819,8754,300207,California
Santa Clara,2021-02-25,14611,448981,9246,216147,5365,232834,0,0,7889,167581,6701,140520,7894,308101,California
Santa Clara,2021-02-26,14554,463535,8435,224582,6119,238953,0,0,7996,169047,6533,147053,7999,316100,California
Santa Clara,2021-02-27,8064,471599,5504,230086,2559,241512,1,1,4460,169921,3594,150647,4468,320568,California
Santa Clara,2021-02-28,4724,476323,3075,233161,1649,243161,0,1,2205,169616,2510,153157,2205,322773,California
Santa Clara,2021-03-01,14068,490391,7978,241139,6087,249248,3,4,8708,172987,5340,158497,8711,331484,California
Santa Clara,2021-03-02,15888,506279,9392,250531,6495,255743,1,5,10131,177388,5732,164229,10133,341617,California
Santa Clara,2021-03-03,18426,524705,9043,259574,9382,265125,1,6,11440,181886,6949,171178,11447,353064,California
Santa Clara,2021-03-04,16419,541124,8939,268513,7477,272602,3,9,9551,184654,6788,177966,9556,362620,California
Santa Clara,2021-03-05,16489,557613,9153,277666,7211,279813,125,134,9139,186593,7329,185295,9268,371888,California
Santa Clara,2021-03-06,9364,566977,6274,283940,2653,282466,437,571,7049,191776,2302,187597,7485,379373,California
Santa Clara,2021-03-07,6732,573709,4414,288354,2085,284551,233,804,5361,196006,1363,188960,5593,384966,California
Santa Clara,2021-03-08,12839,586548,6682,295036,5596,290147,561,1365,8225,200195,4597,193557,8786,393752,California
Santa Clara,2021-03-09,14926,601474,6214,301250,7381,297528,1331,2696,6606,199826,8301,201858,7932,401684,California
Santa Clara,2021-03-10,15006,616480,6482,307732,6421,303949,2103,4799,6116,199160,8864,210722,8198,409882,California
Santa Clara,2021-03-11,17013,633493,7748,315480,7761,311710,1504,6303,6039,195744,10946,221668,7530,417412,California
Santa Clara,2021-03-12,17634,651127,9069,324549,6996,318706,1569,7872,5954,191611,11640,233308,7507,424919,California
Santa Clara,2021-03-13,10705,661832,6194,330743,3020,321726,1491,9363,4793,191989,5889,239197,6267,431186,California
Santa Clara,2021-03-14,6482,668314,3349,334092,1825,323551,1308,10671,3198,193218,3268,242465,4497,435683,California
Santa Clara,2021-03-15,12747,681061,6519,340611,5959,329510,269,10940,5973,192708,6752,249217,6242,441925,California
Santa Clara,2021-03-16,18142,699203,10255,350866,7678,337188,209,11149,8799,192399,9314,258531,9005,450930,California
Santa Clara,2021-03-17,19831,719034,11233,362099,8429,345617,169,11318,10239,193259,9542,268073,10402,461332,California
Santa Clara,2021-03-18,19015,738049,8902,371001,8953,354570,1160,12478,9063,193580,9897,277970,10218,471550,California
Santa Clara,2021-03-19,19180,757229,9865,380866,8317,362887,998,13476,9964,195376,9157,287127,10953,482503,California
Santa Clara,2021-03-20,11480,768709,6301,387167,4351,367238,828,14304,6760,198269,4691,291818,7584,490087,California
Santa Clara,2021-03-21,8258,776967,3732,390899,3128,370366,1398,15702,5544,202497,2703,294521,6931,497018,California
Santa Clara,2021-03-22,16262,793229,9071,399970,6847,377213,344,16046,9293,205189,6944,301465,9636,506654,California
Santa Clara,2021-03-23,19178,812407,12198,412168,6465,383678,515,16561,11250,209072,7882,309347,11765,518419,California
Santa Clara,2021-03-24,22532,834939,14514,426682,7609,391287,409,16970,14638,216269,7852,317199,15049,533468,California
Santa Clara,2021-03-25,22859,857798,13086,439768,8789,400076,984,17954,14760,223964,8036,325235,15731,549199,California
Santa Clara,2021-03-26,21848,879646,13921,453689,7544,407620,383,18337,13523,229577,8289,333524,13902,563101,California
Santa Clara,2021-03-27,15628,895274,10394,464083,4470,412090,764,19101,8437,231626,7149,340673,9198,572299,California
Santa Clara,2021-03-28,11996,907270,8299,472382,2984,415074,713,19814,6496,233356,5475,346148,7205,579504,California
Santa Clara,2021-03-29,20531,927801,12589,484971,7217,422291,725,20539,11187,235955,9305,355453,11904,591408,California
Santa Clara,2021-03-30,25549,953350,15206,500177,8409,430700,1934,22473,16349,245065,9166,364619,18276,609684,California
Santa Clara,2021-03-31,20371,973721,11817,511994,7429,438129,1125,23598,12613,251070,7720,372339,13725,623409,California
Santa Clara,2021-04-01,31626,1005347,19763,531757,8863,446992,3000,26598,20031,262551,11533,383872,23014,646423,California
Santa Clara,2021-04-02,24951,1030298,14235,545992,8590,455582,2126,28724,16298,272344,8619,392491,18412,664835,California
Santa Clara,2021-04-03,15161,1045459,9182,555174,3482,459064,2497,31221,8428,276544,6715,399206,10915,675750,California
Santa Clara,2021-04-04,7612,1053071,4026,559200,2428,461492,1158,32379,3971,278039,3632,402838,5127,680877,California
Santa Clara,2021-04-05,21729,1074800,14493,573693,4775,466267,2461,34840,14181,287153,7524,410362,16638,697515,California
Santa Clara,2021-04-06,29354,1104154,16190,589883,7755,474022,5409,40249,17620,298471,11693,422055,23011,720526,California
Santa Clara,2021-04-07,30622,1134776,15818,605701,8379,482401,6425,46674,18715,311730,11856,433911,25115,745641,California
Santa Clara,2021-04-08,29663,1164439,16225,621926,5935,488336,7503,54177,16168,321940,13428,447339,23638,769279,California
Santa Clara,2021-04-09,27731,1192170,13740,635666,6828,495164,7163,61340,14172,329741,13505,460844,21306,790585,California
Santa Clara,2021-04-10,21250,1213420,12303,647969,3748,498912,5199,66539,11398,336480,9822,470666,16561,807146,California
Santa Clara,2021-04-11,15957,1229377,9560,657529,2638,501550,3759,70298,8289,340872,7639,478305,12031,819177,California
Santa Clara,2021-04-12,26742,1256119,18824,676353,5501,507051,2417,72715,18254,353093,8438,486743,20659,839836,California
Santa Clara,2021-04-13,34233,1290352,26965,703318,7241,514292,27,72742,26435,371853,7724,494467,26484,866320,California
Santa Clara,2021-04-14,36690,1327042,27848,731166,8838,523130,4,72746,26138,387529,10492,504959,26168,892488,California
Santa Clara,2021-04-15,43960,1371002,34130,765296,9829,532959,1,72747,33923,411541,9935,514894,33947,926435,California
Santa Clara,2021-04-16,38240,1409242,26253,791549,11985,544944,2,72749,27444,428278,10735,525629,27472,953907,California
Santa Clara,2021-04-17,21952,1431194,15028,806577,6923,551867,1,72750,15065,436514,6845,532474,15081,968988,California
Santa Clara,2021-04-18,16360,1447554,10636,817213,5724,557591,0,72750,10250,440694,6081,538555,10261,979249,California
Santa Clara,2021-04-19,28788,1476342,20853,838066,7934,565525,1,72751,17233,446469,11489,550044,17264,996513,California
Santa Clara,2021-04-20,36781,1513123,22349,860415,14432,579957,0,72751,22461,454744,14215,564259,22490,1019003,California
Santa Clara,2021-04-21,36649,1549772,21220,881635,15428,595385,1,72752,24269,466747,12299,576558,24302,1043305,California
Santa Clara,2021-04-22,37123,1586895,24749,906384,12373,607758,1,72753,17567,464916,19462,596020,17631,1060936,California
Santa Clara,2021-04-23,31820,1618715,19400,925784,12420,620178,0,72753,14970,463180,16755,612775,15019,1075955,California
Santa Clara,2021-04-24,20886,1639601,15240,941024,5645,625823,1,72754,11818,466025,9001,621776,11846,1087801,California
Santa Clara,2021-04-25,13220,1652821,9477,950501,3736,629559,7,72761,8322,469521,4856,626632,8352,1096153,California
Santa Clara,2021-04-26,24188,1677009,18912,969413,5218,634777,58,72819,10091,465685,14007,640639,10171,1106324,California
Santa Clara,2021-04-27,26645,1703654,19245,988658,7113,641890,287,73106,11712,462879,14842,655481,12036,1118360,California
Santa Clara,2021-04-28,25223,1728877,18599,1007257,6185,648075,439,73545,10379,458990,14763,670244,10874,1129234,California
Santa Clara,2021-04-29,23111,1751988,16790,1024047,5925,654000,396,73941,8328,453061,14716,684960,8787,1138021,California
Santa Clara,2021-04-30,22806,1774794,15643,1039690,6803,660803,360,74301,9704,450180,13018,697978,10137,1148158,California
Santa Clara,2021-05-01,17363,1792157,14441,1054131,2663,663466,259,74560,5474,444112,11842,709820,5774,1153932,California
Santa Clara,2021-05-02,11282,1803439,9361,1063492,1693,665159,228,74788,3495,440112,7745,717565,3745,1157677,California
Santa Clara,2021-05-03,22753,1826192,19349,1082841,2976,668135,428,75216,5140,428171,17542,735107,5601,1163278,California
Santa Clara,2021-05-04,30528,1856720,23923,1106764,6064,674199,541,75757,5486,409286,24950,760057,6065,1169343,California
Santa Clara,2021-05-05,32167,1888887,24456,1131220,7168,681367,543,76300,5441,388665,26630,786687,6009,1175352,California
Santa Clara,2021-05-06,35166,1924053,29277,1160497,5422,686789,467,76767,4670,363459,30364,817051,5158,1180510,California
Santa Clara,2021-05-07,32485,1956538,26153,1186650,5845,692634,487,77254,4635,340906,27716,844767,5163,1185673,California
Santa Clara,2021-05-08,16430,1972968,13363,1200013,2644,695278,423,77677,3477,331954,12868,857635,3916,1189589,California
Santa Clara,2021-05-09,10179,1983147,8817,1208830,1175,696453,187,77864,2421,326851,7723,865358,2620,1192209,California
Santa Clara,2021-05-10,20386,2003533,16292,1225122,3694,700147,400,78264,2731,312428,17576,882934,3153,1195362,California
Santa Clara,2021-05-11,20797,2024330,15561,1240683,4842,704989,394,78658,3798,299706,16921,899855,4199,1199561,California
Santa Clara,2021-05-12,19313,2043643,14196,1254879,4669,709658,448,79106,4060,289044,15182,915037,4520,1204081,California
Santa Clara,2021-05-13,13737,2057380,10239,1265118,3295,712953,203,79309,4526,284607,9168,924205,4731,1208812,California
Santa Clara,2021-05-14,8935,2066315,5636,1270754,3111,716064,188,79497,2832,281560,6068,930273,3021,1211833,California
Santa Cruz,2020-12-15,2,2,2,2,0,0,0,0,2,2,0,0,2,2,California
Santa Cruz,2020-12-16,58,60,58,60,0,0,0,0,58,60,0,0,58,60,California
Santa Cruz,2020-12-17,389,449,389,449,0,0,0,0,389,449,0,0,389,449,California
Santa Cruz,2020-12-18,464,913,464,913,0,0,0,0,464,913,0,0,464,913,California
Santa Cruz,2020-12-19,179,1092,178,1091,1,1,0,0,179,1092,0,0,179,1092,California
Santa Cruz,2020-12-20,95,1187,95,1186,0,1,0,0,95,1187,0,0,95,1187,California
Santa Cruz,2020-12-21,437,1624,437,1623,0,1,0,0,437,1624,0,0,437,1624,California
Santa Cruz,2020-12-22,423,2047,422,2045,1,2,0,0,423,2047,0,0,423,2047,California
Santa Cruz,2020-12-23,371,2418,328,2373,43,45,0,0,371,2418,0,0,371,2418,California
Santa Cruz,2020-12-24,125,2543,49,2422,76,121,0,0,125,2543,0,0,125,2543,California
Santa Cruz,2020-12-25,11,2554,11,2433,0,121,0,0,11,2554,0,0,11,2554,California
Santa Cruz,2020-12-26,65,2619,46,2479,19,140,0,0,65,2619,0,0,65,2619,California
Santa Cruz,2020-12-27,32,2651,27,2506,5,145,0,0,32,2651,0,0,32,2651,California
Santa Cruz,2020-12-28,485,3136,108,2614,377,522,0,0,485,3136,0,0,485,3136,California
Santa Cruz,2020-12-29,798,3934,369,2983,429,951,0,0,798,3934,0,0,798,3934,California
Santa Cruz,2020-12-30,356,4290,164,3147,192,1143,0,0,356,4290,0,0,356,4290,California
Santa Cruz,2020-12-31,312,4602,11,3158,301,1444,0,0,312,4602,0,0,312,4602,California
Santa Cruz,2021-01-01,33,4635,1,3159,32,1476,0,0,33,4635,0,0,33,4635,California
Santa Cruz,2021-01-02,71,4706,57,3216,14,1490,0,0,71,4706,0,0,71,4706,California
Santa Cruz,2021-01-03,15,4721,7,3223,8,1498,0,0,15,4721,0,0,15,4721,California
Santa Cruz,2021-01-04,281,5002,123,3346,158,1656,0,0,279,5000,0,0,279,5000,California
Santa Cruz,2021-01-05,566,5568,429,3775,137,1793,0,0,264,4962,302,302,264,5264,California
Santa Cruz,2021-01-06,803,6371,670,4445,133,1926,0,0,464,5088,338,640,464,5728,California
Santa Cruz,2021-01-07,538,6909,211,4656,327,2253,0,0,385,5321,153,793,386,6114,California
Santa Cruz,2021-01-08,936,7845,562,5218,374,2627,0,0,488,5362,448,1241,489,6603,California
Santa Cruz,2021-01-09,464,8309,123,5341,341,2968,0,0,410,5718,54,1295,410,7013,California
Santa Cruz,2021-01-10,80,8389,70,5411,10,2978,0,0,21,5680,59,1354,21,7034,California
Santa Cruz,2021-01-11,725,9114,591,6002,134,3112,0,0,191,5338,534,1888,192,7226,California
Santa Cruz,2021-01-12,734,9848,530,6532,204,3316,0,0,492,5588,242,2130,492,7718,California
Santa Cruz,2021-01-13,525,10373,228,6760,297,3613,0,0,441,5948,81,2211,441,8159,California
Santa Cruz,2021-01-14,560,10933,104,6864,456,4069,0,0,493,6374,67,2278,493,8652,California
Santa Cruz,2021-01-15,1458,12391,77,6941,1381,5450,0,0,1393,7705,64,2342,1395,10047,California
Santa Cruz,2021-01-16,426,12817,53,6994,373,5823,0,0,407,8093,19,2361,407,10454,California
Santa Cruz,2021-01-17,297,13114,41,7035,256,6079,0,0,272,8340,25,2386,272,10726,California
Santa Cruz,2021-01-18,1016,14130,106,7141,910,6989,0,0,954,9232,62,2448,954,11680,California
Santa Cruz,2021-01-19,1623,15753,525,7666,1098,8087,0,0,1270,10152,351,2799,1271,12951,California
Santa Cruz,2021-01-20,1242,16995,182,7848,1060,9147,0,0,1046,11005,193,2992,1046,13997,California
Santa Cruz,2021-01-21,1712,18707,201,8049,1511,10658,0,0,1604,12503,108,3100,1606,15603,California
Santa Cruz,2021-01-22,1802,20509,532,8581,1270,11928,0,0,1700,14105,99,3199,1701,17304,California
Santa Cruz,2021-01-23,402,20911,147,8728,255,12183,0,0,342,14388,59,3258,342,17646,California
Santa Cruz,2021-01-24,116,21027,21,8749,95,12278,0,0,98,14468,18,3276,98,17744,California
Santa Cruz,2021-01-25,1064,22091,362,9111,702,12980,0,0,553,14510,511,3787,553,18297,California
Santa Cruz,2021-01-26,1697,23788,249,9360,1448,14428,0,0,1184,15181,513,4300,1184,19481,California
Santa Cruz,2021-01-27,1653,25441,449,9809,1204,15632,0,0,1269,16068,382,4682,1269,20750,California
Santa Cruz,2021-01-28,1755,27196,291,10100,1464,17096,0,0,1478,17270,277,4959,1479,22229,California
Santa Cruz,2021-01-29,1735,28931,490,10590,1245,18341,0,0,1605,18746,129,5088,1605,23834,California
Santa Cruz,2021-01-30,1059,29990,309,10899,750,19091,0,0,925,19537,134,5222,925,24759,California
Santa Cruz,2021-01-31,222,30212,113,11012,109,19200,0,0,208,19731,14,5236,208,24967,California
Santa Cruz,2021-02-01,1234,31446,760,11772,474,19674,0,0,828,20153,406,5642,828,25795,California
Santa Cruz,2021-02-02,1009,32455,128,11900,881,20555,0,0,855,20855,153,5795,855,26650,California
Santa Cruz,2021-02-03,2238,34693,961,12861,1277,21832,0,0,1923,22467,311,6106,1923,28573,California
Santa Cruz,2021-02-04,1855,36548,774,13635,1081,22913,0,0,1517,23647,337,6443,1517,30090,California
Santa Cruz,2021-02-05,3169,39717,793,14428,2376,25289,0,0,2848,26175,320,6763,2848,32938,California
Santa Cruz,2021-02-06,2587,42304,163,14591,2424,27713,0,0,2241,28070,346,7109,2241,35179,California
Santa Cruz,2021-02-07,910,43214,122,14713,788,28501,0,0,892,28944,18,7127,892,36071,California
Santa Cruz,2021-02-08,717,43931,203,14916,514,29015,0,0,516,29260,200,7327,516,36587,California
Santa Cruz,2021-02-09,2377,46308,1055,15971,1322,30337,0,0,2109,31105,264,7591,2109,38696,California
Santa Cruz,2021-02-10,2203,48511,582,16553,1621,31958,0,0,1502,31916,692,8283,1503,40199,California
Santa Cruz,2021-02-11,1861,50372,319,16872,1542,33500,0,0,1333,32723,526,8809,1333,41532,California
Santa Cruz,2021-02-12,3230,53602,421,17293,2809,36309,0,0,1820,33144,1401,10210,1822,43354,California
Santa Cruz,2021-02-13,1712,55314,123,17416,1589,37898,0,0,1298,34028,414,10624,1298,44652,California
Santa Cruz,2021-02-14,1410,56724,70,17486,1340,39238,0,0,1146,34910,264,10888,1146,45798,California
Santa Cruz,2021-02-15,1585,58309,281,17767,1304,40542,0,0,567,34460,1018,11906,568,46366,California
Santa Cruz,2021-02-16,1698,60007,208,17975,1490,42032,0,0,539,33862,1137,13043,539,46905,California
Santa Cruz,2021-02-17,2924,62931,977,18952,1947,43979,0,0,1219,33392,1692,14735,1222,48127,California
Santa Cruz,2021-02-18,2885,65816,638,19590,2247,46226,0,0,1232,32975,1649,16384,1232,49359,California
Santa Cruz,2021-02-19,3274,69090,1148,20738,2126,48352,0,0,2012,33728,1259,17643,2012,51371,California
Santa Cruz,2021-02-20,2389,71479,1500,22238,889,49241,0,0,1892,35123,497,18140,1892,53263,California
Santa Cruz,2021-02-21,833,72312,365,22603,468,49709,0,0,705,35702,126,18266,705,53968,California
Santa Cruz,2021-02-22,1260,73572,968,23571,292,50001,0,0,536,35516,722,18988,536,54504,California
Santa Cruz,2021-02-23,2102,75674,938,24509,1164,51165,0,0,711,34837,1390,20378,711,55215,California
Santa Cruz,2021-02-24,3197,78871,1674,26183,1523,52688,0,0,1216,34077,1976,22354,1216,56431,California
Santa Cruz,2021-02-25,3249,82120,1437,27620,1812,54500,0,0,1784,34404,1458,23812,1785,58216,California
Santa Cruz,2021-02-26,2729,84849,766,28386,1963,56463,0,0,1553,34787,1172,24984,1555,59771,California
Santa Cruz,2021-02-27,2634,87483,931,29317,1703,58166,0,0,1834,35823,798,25782,1834,61605,California
Santa Cruz,2021-02-28,1301,88784,361,29678,940,59106,0,0,1085,36695,213,25995,1085,62690,California
Santa Cruz,2021-03-01,1831,90615,1256,30934,575,59681,0,0,691,36248,1138,27133,691,63381,California
Santa Cruz,2021-03-02,1553,92168,365,31299,1188,60869,0,0,875,36450,676,27809,878,64259,California
Santa Cruz,2021-03-03,2370,94538,634,31933,1736,62605,0,0,1299,36681,1068,28877,1299,65558,California
Santa Cruz,2021-03-04,3020,97558,1417,33350,1602,64207,1,1,2034,37742,975,29852,2036,67594,California
Santa Cruz,2021-03-05,2615,100173,490,33840,2107,66314,18,19,1136,37420,1476,31328,1154,68748,California
Santa Cruz,2021-03-06,3874,104047,1348,35188,2421,68735,105,124,2161,37971,1713,33041,2264,71012,California
Santa Cruz,2021-03-07,1346,105393,128,35316,1144,69879,74,198,556,37812,789,33830,630,71642,California
Santa Cruz,2021-03-08,1088,106481,219,35535,740,70619,129,327,656,38166,431,34261,785,72427,California
Santa Cruz,2021-03-09,1778,108259,245,35780,1386,72005,147,474,703,37943,1073,35334,850,73277,California
Santa Cruz,2021-03-10,3867,112126,2093,37873,1624,73629,150,624,1999,38228,1866,37200,2151,75428,California
Santa Cruz,2021-03-11,2812,114938,1220,39093,1417,75046,175,799,1547,38688,1264,38464,1724,77152,California
Santa Cruz,2021-03-12,2771,117709,892,39985,1585,76631,294,1093,912,38038,1855,40319,1205,78357,California
Santa Cruz,2021-03-13,2322,120031,1337,41322,941,77572,44,1137,1183,38131,1136,41455,1229,79586,California
Santa Cruz,2021-03-14,909,120940,219,41541,676,78248,14,1151,441,38120,465,41920,454,80040,California
Santa Cruz,2021-03-15,1358,122298,483,42024,839,79087,36,1187,584,37970,771,42691,621,80661,California
Santa Cruz,2021-03-16,2322,124620,1090,43114,1190,80277,42,1229,1343,38379,975,43666,1384,82045,California
Santa Cruz,2021-03-17,3874,128494,2237,45351,1627,81904,10,1239,2518,39558,1352,45018,2531,84576,California
Santa Cruz,2021-03-18,3870,132364,2093,47444,1657,83561,120,1359,2067,39945,1800,46818,2187,86763,California
Santa Cruz,2021-03-19,3283,135647,1323,48767,1734,85295,226,1585,1653,40198,1625,48443,1878,88641,California
Santa Cruz,2021-03-20,2171,137818,1614,50381,520,85815,37,1622,1097,40260,1072,49515,1134,89775,California
Santa Cruz,2021-03-21,831,138649,443,50824,266,86081,122,1744,448,40450,381,49896,571,90346,California
Santa Cruz,2021-03-22,1383,140032,856,51680,505,86586,22,1766,948,40990,431,50327,971,91317,California
Santa Cruz,2021-03-23,2571,142603,1446,53126,1075,87661,50,1816,1714,41900,854,51181,1764,93081,California
Santa Cruz,2021-03-24,3035,145638,2039,55165,975,88636,21,1837,1998,42886,1032,52213,2018,95099,California
Santa Cruz,2021-03-25,2658,148296,1336,56501,1286,89922,36,1873,1361,42993,1290,53503,1397,96496,California
Santa Cruz,2021-03-26,3038,151334,1834,58335,1177,91099,27,1900,2052,44093,979,54482,2079,98575,California
Santa Cruz,2021-03-27,3246,154580,2020,60355,1201,92300,25,1925,1532,43948,1705,56187,1560,100135,California
Santa Cruz,2021-03-28,932,155512,573,60928,345,92645,14,1939,495,44024,433,56620,509,100644,California
Santa Cruz,2021-03-29,1982,157494,888,61816,1026,93671,68,2007,1282,44677,697,57317,1350,101994,California
Santa Cruz,2021-03-30,2731,160225,821,62637,1746,95417,164,2171,1745,45602,983,58300,1908,103902,California
Santa Cruz,2021-03-31,4097,164322,2740,65377,1308,96725,49,2220,2108,45774,1985,60285,2157,106059,California
Santa Cruz,2021-04-01,4072,168394,2174,67551,1791,98516,107,2327,2069,45954,1998,62283,2178,108237,California
Santa Cruz,2021-04-02,3181,171575,1434,68985,1565,100081,182,2509,1769,46498,1407,63690,1951,110188,California
Santa Cruz,2021-04-03,2264,173839,1235,70220,894,100975,135,2644,893,46156,1369,65059,1027,111215,California
Santa Cruz,2021-04-04,943,174782,494,70714,393,101368,56,2700,554,46377,389,65448,610,111825,California
Santa Cruz,2021-04-05,2278,177060,796,71510,1312,102680,170,2870,1406,47083,871,66319,1577,113402,California
Santa Cruz,2021-04-06,3422,180482,1659,73169,1379,104059,384,3254,1983,48016,1429,67748,2362,115764,California
Santa Cruz,2021-04-07,4173,184655,1641,74810,2165,106224,367,3621,1878,47969,2291,70039,2244,118008,California
Santa Cruz,2021-04-08,4283,188938,2353,77163,1412,107636,518,4139,2524,49259,1750,71789,3040,121048,California
Santa Cruz,2021-04-09,3588,192526,1513,78676,1674,109310,401,4540,1980,50038,1603,73392,2382,123430,California
Santa Cruz,2021-04-10,2266,194792,1096,79772,918,110228,252,4792,1070,50167,1192,74584,1321,124751,California
Santa Cruz,2021-04-11,1002,195794,523,80295,385,110613,94,4886,485,50228,517,75101,578,125329,California
Santa Cruz,2021-04-12,2302,198096,832,81127,1039,111652,431,5317,1098,50567,1189,76290,1528,126857,California
Santa Cruz,2021-04-13,2907,201003,1466,82593,1439,113091,2,5319,1635,50938,1266,77556,1637,128494,California
Santa Cruz,2021-04-14,4656,205659,2277,84870,2379,115470,0,5319,2374,51039,2275,79831,2376,130870,California
Santa Cruz,2021-04-15,5038,210697,3218,88088,1820,117290,0,5319,3174,52360,1853,81684,3174,134044,California
Santa Cruz,2021-04-16,4429,215126,2546,90634,1881,119171,2,5321,2467,52875,1955,83639,2470,136514,California
Santa Cruz,2021-04-17,2280,217406,900,91534,1380,120551,0,5321,1516,53629,762,84401,1516,138030,California
Santa Cruz,2021-04-18,1077,218483,516,92050,560,121111,1,5322,600,53755,475,84876,601,138631,California
Santa Cruz,2021-04-19,2440,220923,1527,93577,912,122023,1,5323,1504,54326,933,85809,1504,140135,California
Santa Cruz,2021-04-20,3128,224051,1692,95269,1436,123459,0,5323,1771,54752,1346,87155,1772,141907,California
Santa Cruz,2021-04-21,4284,228335,2897,98166,1387,124846,0,5323,2414,55311,1855,89010,2414,144321,California
Santa Cruz,2021-04-22,4350,232685,2937,101103,1413,126259,0,5323,2445,55861,1895,90905,2445,146766,California
Santa Cruz,2021-04-23,3101,235786,1750,102853,1350,127609,1,5324,1396,55562,1696,92601,1397,148163,California
Santa Cruz,2021-04-24,2265,238051,1094,103947,1168,128777,3,5327,705,54720,1550,94151,708,148871,California
Santa Cruz,2021-04-25,1101,239152,704,104651,385,129162,12,5339,458,54554,635,94786,469,149340,California
Santa Cruz,2021-04-26,1829,240981,944,105595,871,130033,14,5353,692,54135,1126,95912,707,150047,California
Santa Cruz,2021-04-27,2813,243794,880,106475,1866,131899,67,5420,1401,54197,1406,97318,1468,151515,California
Santa Cruz,2021-04-28,3447,247241,1913,108388,1459,133358,75,5495,1813,54459,1623,98941,1885,153400,California
Santa Cruz,2021-04-29,3745,250986,2486,110874,1196,134554,63,5558,1294,53379,2438,101379,1358,154758,California
Santa Cruz,2021-04-30,2274,253260,1221,112095,1010,135564,43,5601,1015,53187,1251,102630,1059,155817,California
Santa Cruz,2021-05-01,1308,254568,1040,113135,235,135799,33,5634,605,53124,701,103331,638,156455,California
Santa Cruz,2021-05-02,645,255213,464,113599,156,135955,25,5659,210,52925,435,103766,236,156691,California
Santa Cruz,2021-05-03,1898,257111,1001,114600,830,136785,67,5726,630,52366,1257,105023,698,157389,California
Santa Cruz,2021-05-04,2710,259821,1582,116182,1058,137843,70,5796,871,51471,1835,106858,940,158329,California
Santa Cruz,2021-05-05,2715,262536,1329,117511,1325,139168,61,5857,681,50225,1992,108850,746,159075,California
Santa Cruz,2021-05-06,3850,266386,2454,119965,1178,140346,218,6075,868,48344,2964,111814,1083,160158,California
Santa Cruz,2021-05-07,2799,269185,1289,121254,1428,141774,82,6157,537,46705,2259,114073,620,160778,California
Santa Cruz,2021-05-08,1372,270557,691,121945,653,142427,28,6185,384,46132,987,115060,414,161192,California
Santa Cruz,2021-05-09,499,271056,330,122275,146,142573,23,6208,138,45935,358,115418,161,161353,California
Santa Cruz,2021-05-10,1537,272593,1216,123491,256,142829,65,6273,396,45260,1136,116554,461,161814,California
Santa Cruz,2021-05-11,1801,274394,1317,124808,408,143237,76,6349,622,44781,1176,117730,697,162511,California
Santa Cruz,2021-05-12,2429,276823,1231,126039,1124,144361,74,6423,500,43434,1922,119652,575,163086,California
Santa Cruz,2021-05-13,3060,279883,2368,128407,608,144969,84,6507,1235,42932,1822,121474,1320,164406,California
Santa Cruz,2021-05-14,1698,281581,1034,129441,646,145615,18,6525,612,42486,1077,122551,631,165037,California
Shasta,2020-12-16,131,131,131,131,0,0,0,0,131,131,0,0,131,131,California
Shasta,2020-12-17,418,549,418,549,0,0,0,0,418,549,0,0,418,549,California
Shasta,2020-12-18,166,715,166,715,0,0,0,0,166,715,0,0,166,715,California
Shasta,2020-12-19,1,716,1,716,0,0,0,0,1,716,0,0,1,716,California
Shasta,2020-12-21,79,795,79,795,0,0,0,0,79,795,0,0,79,795,California
Shasta,2020-12-22,192,987,187,982,5,5,0,0,192,987,0,0,192,987,California
Shasta,2020-12-23,173,1160,169,1151,4,9,0,0,173,1160,0,0,173,1160,California
Shasta,2020-12-24,18,1178,18,1169,0,9,0,0,18,1178,0,0,18,1178,California
Shasta,2020-12-26,4,1182,1,1170,3,12,0,0,4,1182,0,0,4,1182,California
Shasta,2020-12-27,1,1183,0,1170,1,13,0,0,1,1183,0,0,1,1183,California
Shasta,2020-12-28,40,1223,31,1201,9,22,0,0,40,1223,0,0,40,1223,California
Shasta,2020-12-29,186,1409,185,1386,1,23,0,0,186,1409,0,0,186,1409,California
Shasta,2020-12-30,178,1587,168,1554,10,33,0,0,178,1587,0,0,178,1587,California
Shasta,2020-12-31,83,1670,2,1556,81,114,0,0,83,1670,0,0,83,1670,California
Shasta,2021-01-02,2,1672,0,1556,2,116,0,0,2,1672,0,0,2,1672,California
Shasta,2021-01-03,1,1673,1,1557,0,116,0,0,1,1673,0,0,1,1673,California
Shasta,2021-01-04,372,2045,306,1863,66,182,0,0,373,2046,0,0,373,2046,California
Shasta,2021-01-05,335,2380,314,2177,21,203,0,0,254,2219,81,81,254,2300,California
Shasta,2021-01-06,466,2846,395,2572,71,274,0,0,204,2162,261,342,204,2504,California
Shasta,2021-01-07,125,2971,36,2608,89,363,0,0,104,2245,21,363,104,2608,California
Shasta,2021-01-08,525,3496,448,3056,77,440,0,0,317,2354,208,571,317,2925,California
Shasta,2021-01-09,72,3568,63,3119,9,449,0,0,70,2422,2,573,70,2995,California
Shasta,2021-01-10,5,3573,0,3119,5,454,0,0,4,2426,1,574,5,3000,California
Shasta,2021-01-11,406,3979,184,3303,222,676,0,0,371,2762,35,609,371,3371,California
Shasta,2021-01-12,485,4464,328,3631,157,833,0,0,310,2897,175,784,310,3681,California
Shasta,2021-01-13,599,5063,267,3898,332,1165,0,0,430,3158,169,953,430,4111,California
Shasta,2021-01-14,500,5563,51,3949,449,1614,0,0,482,3622,18,971,482,4593,California
Shasta,2021-01-15,691,6254,136,4085,555,2169,0,0,689,4309,2,973,689,5282,California
Shasta,2021-01-16,897,7151,54,4139,843,3012,0,0,894,5200,3,976,894,6176,California
Shasta,2021-01-17,27,7178,6,4145,21,3033,0,0,23,5219,4,980,23,6199,California
Shasta,2021-01-18,599,7777,129,4274,470,3503,0,0,591,5802,8,988,591,6790,California
Shasta,2021-01-19,1058,8835,398,4672,660,4163,0,0,910,6564,148,1136,910,7700,California
Shasta,2021-01-20,679,9514,411,5083,268,4431,0,0,494,6878,180,1316,494,8194,California
Shasta,2021-01-21,633,10147,280,5363,353,4784,0,0,610,7465,23,1339,610,8804,California
Shasta,2021-01-22,446,10593,172,5535,274,5058,0,0,440,7899,6,1345,440,9244,California
Shasta,2021-01-23,68,10661,5,5540,63,5121,0,0,67,7965,1,1346,67,9311,California
Shasta,2021-01-24,25,10686,2,5542,23,5144,0,0,24,7988,1,1347,24,9335,California
Shasta,2021-01-25,750,11436,491,6033,259,5403,0,0,464,8167,285,1632,464,9799,California
Shasta,2021-01-26,710,12146,333,6366,377,5780,0,0,476,8411,232,1864,476,10275,California
Shasta,2021-01-27,459,12605,179,6545,280,6060,0,0,410,8772,49,1913,410,10685,California
Shasta,2021-01-28,886,13491,576,7121,310,6370,0,0,664,9214,222,2135,664,11349,California
Shasta,2021-01-29,832,14323,331,7452,501,6871,0,0,642,9667,190,2325,643,11992,California
Shasta,2021-01-30,615,14938,14,7466,601,7472,0,0,606,10264,9,2334,606,12598,California
Shasta,2021-01-31,28,14966,4,7470,24,7496,0,0,26,10288,2,2336,26,12624,California
Shasta,2021-02-01,530,15496,148,7618,382,7878,0,0,386,10530,144,2480,386,13010,California
Shasta,2021-02-02,987,16483,500,8118,487,8365,0,0,895,11335,90,2570,895,13905,California
Shasta,2021-02-03,721,17204,211,8329,510,8875,0,0,486,11586,235,2805,486,14391,California
Shasta,2021-02-04,1095,18299,675,9004,420,9295,0,0,902,12296,192,2997,902,15293,California
Shasta,2021-02-05,1240,19539,164,9168,1076,10371,0,0,1033,13123,206,3203,1033,16326,California
Shasta,2021-02-06,1744,21283,41,9209,1703,12074,0,0,1721,14821,23,3226,1721,18047,California
Shasta,2021-02-07,26,21309,3,9212,23,12097,0,0,24,14843,2,3228,24,18071,California
Shasta,2021-02-08,597,21906,168,9380,429,12526,0,0,306,14858,291,3519,306,18377,California
Shasta,2021-02-09,1125,23031,655,10035,470,12996,0,0,733,15199,392,3911,733,19110,California
Shasta,2021-02-10,1125,24156,789,10824,336,13332,0,0,600,15274,526,4437,601,19711,California
Shasta,2021-02-11,886,25042,186,11010,700,14032,0,0,364,15121,517,4954,364,20075,California
Shasta,2021-02-12,1727,26769,1146,12156,581,14613,0,0,1175,15744,552,5506,1175,21250,California
Shasta,2021-02-13,1382,28151,368,12524,1014,15627,0,0,570,15502,813,6319,571,21821,California
Shasta,2021-02-14,150,28301,4,12528,146,15773,0,0,126,15604,24,6343,126,21947,California
Shasta,2021-02-15,379,28680,90,12618,289,16062,0,0,210,15645,169,6512,210,22157,California
Shasta,2021-02-16,1196,29876,522,13140,674,16736,0,0,422,15294,773,7285,422,22579,California
Shasta,2021-02-17,1034,30910,438,13578,596,17332,0,0,414,15088,620,7905,414,22993,California
Shasta,2021-02-18,948,31858,467,14045,481,17813,0,0,460,15061,488,8393,461,23454,California
Shasta,2021-02-19,1328,33186,935,14980,393,18206,0,0,861,15455,467,8860,861,24315,California
Shasta,2021-02-20,802,33988,89,15069,713,18919,0,0,303,15259,499,9359,303,24618,California
Shasta,2021-02-21,31,34019,2,15071,29,18948,0,0,9,15246,22,9381,9,24627,California
Shasta,2021-02-22,429,34448,76,15147,353,19301,0,0,178,15174,250,9631,178,24805,California
Shasta,2021-02-23,912,35360,472,15619,440,19741,0,0,326,14916,584,10215,326,25131,California
Shasta,2021-02-24,890,36250,508,16127,382,20123,0,0,273,14573,616,10831,273,25404,California
Shasta,2021-02-25,518,36768,162,16289,356,20479,0,0,163,14382,354,11185,163,25567,California
Shasta,2021-02-26,791,37559,94,16383,697,21176,0,0,331,14255,458,11643,331,25898,California
Shasta,2021-02-27,828,38387,27,16410,801,21977,0,0,188,13805,638,12281,188,26086,California
Shasta,2021-02-28,176,38563,4,16414,172,22149,0,0,126,13881,50,12331,126,26212,California
Shasta,2021-03-01,584,39147,59,16473,525,22674,0,0,295,13888,288,12619,295,26507,California
Shasta,2021-03-02,1024,40171,472,16945,552,23226,0,0,335,13536,687,13306,335,26842,California
Shasta,2021-03-03,666,40837,168,17113,498,23724,0,0,243,13356,423,13729,243,27085,California
Shasta,2021-03-04,3020,43857,2410,19523,610,24334,0,0,1790,13918,1229,14958,1791,28876,California
Shasta,2021-03-05,1543,45400,162,19685,1352,25686,29,29,794,13991,750,15708,823,29699,California
Shasta,2021-03-06,2744,48144,387,20072,2310,27996,47,76,857,13010,1885,17593,904,30603,California
Shasta,2021-03-07,91,48235,3,20075,56,28052,32,108,37,13025,54,17647,69,30672,California
Shasta,2021-03-08,570,48805,46,20121,385,28437,139,247,157,12910,411,18058,296,30968,California
Shasta,2021-03-09,1253,50058,593,20714,482,28919,178,425,698,13230,555,18613,875,31843,California
Shasta,2021-03-10,801,50859,258,20972,341,29260,202,627,136,12903,664,19277,337,32180,California
Shasta,2021-03-11,1474,52333,471,21443,731,29991,272,899,939,13582,532,19809,1211,33391,California
Shasta,2021-03-12,1529,53862,833,22276,447,30438,249,1148,397,13095,1131,20940,644,34035,California
Shasta,2021-03-13,758,54620,425,22701,232,30670,101,1249,475,13387,282,21222,574,34609,California
Shasta,2021-03-14,1019,55639,8,22709,989,31659,22,1271,881,14153,138,21360,904,35513,California
Shasta,2021-03-15,497,56136,35,22744,362,32021,100,1371,210,14175,287,21647,309,35822,California
Shasta,2021-03-16,1133,57269,147,22891,919,32940,67,1438,850,14809,283,21930,917,36739,California
Shasta,2021-03-17,735,58004,191,23082,486,33426,58,1496,396,14930,333,22263,454,37193,California
Shasta,2021-03-18,1542,59546,586,23668,852,34278,104,1600,1116,15728,422,22685,1220,38413,California
Shasta,2021-03-19,648,60194,196,23864,396,34674,56,1656,415,15967,232,22917,471,38884,California
Shasta,2021-03-20,748,60942,490,24354,244,34918,14,1670,600,16433,148,23065,614,39498,California
Shasta,2021-03-21,312,61254,297,24651,4,34922,11,1681,286,16705,25,23090,297,39795,California
Shasta,2021-03-22,347,61601,37,24688,274,35196,36,1717,199,16793,147,23237,235,40030,California
Shasta,2021-03-23,1309,62910,651,25339,599,35795,59,1776,757,17062,547,23784,816,40846,California
Shasta,2021-03-24,608,63518,156,25495,415,36210,37,1813,365,17222,242,24026,402,41248,California
Shasta,2021-03-25,1138,64656,452,25947,665,36875,21,1834,823,17755,312,24338,845,42093,California
Shasta,2021-03-26,1837,66493,1405,27352,402,37277,30,1864,1478,18905,359,24697,1509,43602,California
Shasta,2021-03-27,1596,68089,407,27759,317,37594,872,2736,575,19330,1019,25716,1444,45046,California
Shasta,2021-03-28,405,68494,299,28058,96,37690,10,2746,302,19541,101,25817,312,45358,California
Shasta,2021-03-29,418,68912,40,28098,366,38056,12,2758,164,19464,253,26070,176,45534,California
Shasta,2021-03-30,1245,70157,766,28864,462,38518,17,2775,626,19491,616,26686,643,46177,California
Shasta,2021-03-31,620,70777,207,29071,407,38925,6,2781,383,19648,232,26918,389,46566,California
Shasta,2021-04-01,893,71670,247,29318,634,39559,12,2793,575,19918,317,27235,587,47153,California
Shasta,2021-04-02,755,72425,201,29519,501,40060,53,2846,414,20047,339,27574,468,47621,California
Shasta,2021-04-03,516,72941,363,29882,134,40194,19,2865,391,20332,125,27699,410,48031,California
Shasta,2021-04-04,291,73232,175,30057,95,40289,21,2886,216,20494,75,27774,237,48268,California
Shasta,2021-04-05,442,73674,68,30125,311,40600,63,2949,254,20623,188,27962,317,48585,California
Shasta,2021-04-06,1165,74839,486,30611,504,41104,175,3124,540,20717,620,28582,714,49299,California
Shasta,2021-04-07,656,75495,213,30824,280,41384,163,3287,259,20745,393,28975,421,49720,California
Shasta,2021-04-08,1140,76635,259,31083,726,42110,155,3442,231,20223,907,29882,385,50105,California
Shasta,2021-04-09,2581,79216,2063,33146,309,42419,209,3651,2007,21870,567,30449,2214,52319,California
Shasta,2021-04-10,879,80095,592,33738,158,42577,129,3780,266,21651,613,31062,394,52713,California
Shasta,2021-04-11,1251,81346,396,34134,835,43412,20,3800,144,20712,1103,32165,164,52877,California
Shasta,2021-04-12,339,81685,8,34142,269,43681,62,3862,98,20631,240,32405,159,53036,California
Shasta,2021-04-13,1268,82953,366,34508,900,44581,2,3864,341,20050,923,33328,342,53378,California
Shasta,2021-04-14,593,83546,143,34651,448,45029,2,3866,221,19902,371,33699,223,53601,California
Shasta,2021-04-15,1069,84615,259,34910,810,45839,0,3866,303,19442,763,34462,303,53904,California
Shasta,2021-04-16,2341,86956,1847,36757,494,46333,0,3866,936,18975,1403,35865,936,54840,California
Shasta,2021-04-17,643,87599,411,37168,232,46565,0,3866,191,18715,452,36317,192,55032,California
Shasta,2021-04-18,265,87864,240,37408,25,46590,0,3866,32,18516,231,36548,32,55064,California
Shasta,2021-04-19,380,88244,27,37435,353,46943,0,3866,161,18458,219,36767,161,55225,California
Shasta,2021-04-20,1013,89257,257,37692,756,47699,0,3866,379,18204,633,37400,379,55604,California
Shasta,2021-04-21,607,89864,221,37913,386,48085,0,3866,305,18207,302,37702,305,55909,California
Shasta,2021-04-22,966,90830,285,38198,681,48766,0,3866,301,17845,663,38365,301,56210,California
Shasta,2021-04-23,660,91490,265,38463,395,49161,0,3866,329,17844,330,38695,329,56539,California
Shasta,2021-04-24,595,92085,359,38822,236,49397,0,3866,105,17459,490,39185,105,56644,California
Shasta,2021-04-25,211,92296,182,39004,28,49425,1,3867,37,17323,174,39359,38,56682,California
Shasta,2021-04-26,484,92780,53,39057,426,49851,5,3872,338,17521,144,39503,342,57024,California
Shasta,2021-04-27,536,93316,178,39235,322,50173,36,3908,297,17616,236,39739,331,57355,California
Shasta,2021-04-28,575,93891,156,39391,386,50559,33,3941,251,17575,324,40063,283,57638,California
Shasta,2021-04-29,782,94673,120,39511,639,51198,23,3964,185,17187,596,40659,208,57846,California
Shasta,2021-04-30,2265,96938,1839,41350,395,51593,31,3995,269,15491,1996,42655,300,58146,California
Shasta,2021-05-01,223,97161,20,41370,127,51720,76,4071,95,15534,128,42783,171,58317,California
Shasta,2021-05-02,46,97207,16,41386,17,51737,13,4084,19,15539,27,42810,32,58349,California
Shasta,2021-05-03,350,97557,94,41480,230,51967,26,4110,111,15438,238,43048,137,58486,California
Shasta,2021-05-04,508,98065,173,41653,298,52265,37,4147,244,15458,261,43309,281,58767,California
Shasta,2021-05-05,432,98497,139,41792,276,52541,17,4164,201,15445,231,43540,218,58985,California
Shasta,2021-05-06,693,99190,263,42055,390,52931,40,4204,297,15395,387,43927,337,59322,California
Shasta,2021-05-07,1101,100291,731,42786,331,53262,39,4243,301,14936,799,44726,340,59662,California
Shasta,2021-05-08,166,100457,83,42869,73,53335,10,4253,97,14974,68,44794,106,59768,California
Shasta,2021-05-09,66,100523,15,42884,46,53381,5,4258,35,14983,31,44825,40,59808,California
Shasta,2021-05-10,258,100781,21,42905,189,53570,48,4306,113,14999,144,44969,160,59968,California
Shasta,2021-05-11,500,101281,162,43067,191,53761,147,4453,171,14989,328,45297,318,60286,California
Shasta,2021-05-12,341,101622,141,43208,177,53938,23,4476,116,14904,224,45521,139,60425,California
Shasta,2021-05-13,497,102119,202,43410,281,54219,14,4490,176,14775,319,45840,190,60615,California
Shasta,2021-05-14,252,102371,94,43504,151,54370,7,4497,102,14734,150,45990,109,60724,California
Sierra,2020-12-18,1,1,1,1,0,0,0,0,1,1,0,0,1,1,California
Sierra,2020-12-21,2,3,2,3,0,0,0,0,2,3,0,0,2,3,California
Sierra,2020-12-22,12,15,12,15,0,0,0,0,12,15,0,0,12,15,California
Sierra,2020-12-23,4,19,4,19,0,0,0,0,4,19,0,0,4,19,California
Sierra,2020-12-28,1,20,0,19,1,1,0,0,1,20,0,0,1,20,California
Sierra,2020-12-29,49,69,7,26,42,43,0,0,49,69,0,0,49,69,California
Sierra,2020-12-30,2,71,0,26,2,45,0,0,2,71,0,0,2,71,California
Sierra,2020-12-31,13,84,0,26,13,58,0,0,13,84,0,0,13,84,California
Sierra,2021-01-01,1,85,1,27,0,58,0,0,1,85,0,0,1,85,California
Sierra,2021-01-05,64,149,2,29,62,120,0,0,64,149,0,0,64,149,California
Sierra,2021-01-06,1,150,1,30,0,120,0,0,1,150,0,0,1,150,California
Sierra,2021-01-07,21,171,1,31,20,140,0,0,20,169,1,1,20,170,California
Sierra,2021-01-08,1,172,1,32,0,140,0,0,1,170,0,1,1,171,California
Sierra,2021-01-11,3,175,3,35,0,140,0,0,0,167,3,4,0,171,California
Sierra,2021-01-12,40,215,12,47,28,168,0,0,28,183,12,16,28,199,California
Sierra,2021-01-13,4,219,3,50,1,169,0,0,1,181,3,19,1,200,California
Sierra,2021-01-14,35,254,2,52,33,202,0,0,35,216,0,19,35,235,California
Sierra,2021-01-15,3,257,1,53,2,204,0,0,3,219,0,19,3,238,California
Sierra,2021-01-18,2,259,0,53,2,206,0,0,2,221,0,19,2,240,California
Sierra,2021-01-19,32,291,0,53,32,238,0,0,32,253,0,19,32,272,California
Sierra,2021-01-20,1,292,1,54,0,238,0,0,1,254,0,19,1,273,California
Sierra,2021-01-21,52,344,0,54,52,290,0,0,52,306,0,19,52,325,California
Sierra,2021-01-22,2,346,0,54,2,292,0,0,2,308,0,19,2,327,California
Sierra,2021-01-23,2,348,0,54,2,294,0,0,2,310,0,19,2,329,California
Sierra,2021-01-26,62,410,0,54,62,356,0,0,24,296,38,57,24,353,California
Sierra,2021-01-27,4,414,4,58,0,356,0,0,0,292,4,61,0,353,California
Sierra,2021-01-28,53,467,0,58,53,409,0,0,43,325,10,71,43,396,California
Sierra,2021-01-29,2,469,0,58,2,411,0,0,2,327,0,71,2,398,California
Sierra,2021-01-30,3,472,3,61,0,411,0,0,2,328,1,72,2,400,California
Sierra,2021-02-01,1,473,0,61,1,412,0,0,0,327,1,73,0,400,California
Sierra,2021-02-02,58,531,1,62,57,469,0,0,19,307,39,112,19,419,California
Sierra,2021-02-03,6,537,5,67,1,470,0,0,5,311,1,113,5,424,California
Sierra,2021-02-04,103,640,5,72,98,568,0,0,54,316,49,162,54,478,California
Sierra,2021-02-05,6,646,4,76,2,570,0,0,5,320,1,163,5,483,California
Sierra,2021-02-09,51,697,0,76,51,621,0,0,48,365,3,166,48,531,California
Sierra,2021-02-10,5,702,2,78,3,624,0,0,4,368,1,167,4,535,California
Sierra,2021-02-11,196,898,1,79,195,819,0,0,134,440,62,229,134,669,California
Sierra,2021-02-12,20,918,0,79,20,839,0,0,20,460,0,229,20,689,California
Sierra,2021-02-13,1,919,1,80,0,839,0,0,1,461,0,229,1,690,California
Sierra,2021-02-15,2,921,2,82,0,839,0,0,0,459,2,231,0,690,California
Sierra,2021-02-16,43,964,0,82,43,882,0,0,10,436,33,264,10,700,California
Sierra,2021-02-17,4,968,0,82,4,886,0,0,1,434,3,267,1,701,California
Sierra,2021-02-18,140,1108,0,82,140,1026,0,0,91,476,49,316,91,792,California
Sierra,2021-02-19,2,1110,1,83,1,1027,0,0,1,476,1,317,1,793,California
Sierra,2021-02-20,2,1112,2,85,0,1027,0,0,0,474,2,319,0,793,California
Sierra,2021-02-22,1,1113,1,86,0,1027,0,0,1,475,0,319,1,794,California
Sierra,2021-02-23,4,1117,0,86,4,1031,0,0,4,479,0,319,4,798,California
Sierra,2021-02-24,3,1120,2,88,1,1032,0,0,3,482,0,319,3,801,California
Sierra,2021-02-25,125,1245,2,90,123,1155,0,0,58,474,66,385,58,859,California
Sierra,2021-02-26,11,1256,6,96,5,1160,0,0,4,471,7,392,4,863,California
Sierra,2021-02-27,2,1258,2,98,0,1160,0,0,0,469,2,394,0,863,California
Sierra,2021-03-01,2,1260,2,100,0,1160,0,0,0,467,2,396,0,863,California
Sierra,2021-03-02,56,1316,0,100,56,1216,0,0,38,487,18,414,38,901,California
Sierra,2021-03-03,2,1318,2,102,0,1216,0,0,1,487,1,415,1,902,California
Sierra,2021-03-04,109,1427,0,102,109,1325,0,0,60,498,49,464,60,962,California
Sierra,2021-03-05,13,1440,1,103,12,1337,0,0,11,507,2,466,11,973,California
Sierra,2021-03-07,1,1441,1,104,0,1337,0,0,0,506,1,467,0,973,California
Sierra,2021-03-08,2,1443,2,106,0,1337,0,0,2,508,0,467,2,975,California
Sierra,2021-03-09,56,1499,0,106,56,1393,0,0,12,476,44,511,12,987,California
Sierra,2021-03-10,6,1505,0,106,6,1399,0,0,4,478,2,513,4,991,California
Sierra,2021-03-11,176,1681,0,106,176,1575,0,0,44,390,132,645,44,1035,California
Sierra,2021-03-12,20,1701,1,107,19,1594,0,0,0,370,20,665,0,1035,California
Sierra,2021-03-13,28,1729,0,107,28,1622,0,0,28,398,0,665,28,1063,California
Sierra,2021-03-14,1,1730,0,107,0,1622,1,1,0,398,1,666,1,1064,California
Sierra,2021-03-15,1,1731,1,108,0,1622,0,1,0,397,1,667,0,1064,California
Sierra,2021-03-16,35,1766,0,108,34,1656,1,2,22,407,13,680,23,1087,California
Sierra,2021-03-17,4,1770,3,111,1,1657,0,2,1,405,3,683,1,1088,California
Sierra,2021-03-18,158,1928,0,111,158,1815,0,2,65,377,93,776,65,1153,California
Sierra,2021-03-19,4,1932,2,113,2,1817,0,2,1,375,3,779,1,1154,California
Sierra,2021-03-20,1,1933,0,113,1,1818,0,2,1,376,0,779,1,1155,California
Sierra,2021-03-23,22,1955,0,113,22,1840,0,2,13,380,9,788,13,1168,California
Sierra,2021-03-24,3,1958,1,114,2,1842,0,2,1,379,2,790,1,1169,California
Sierra,2021-03-25,99,2057,1,115,98,1940,0,2,50,380,49,839,50,1219,California
Sierra,2021-03-26,12,2069,1,116,11,1951,0,2,9,386,3,842,9,1228,California
Sierra,2021-03-27,2,2071,1,117,1,1952,0,2,0,384,2,844,0,1228,California
Sierra,2021-03-29,1,2072,1,118,0,1952,0,2,0,383,1,845,0,1228,California
Sierra,2021-03-30,55,2127,1,119,54,2006,0,2,22,372,33,878,22,1250,California
Sierra,2021-03-31,8,2135,0,119,8,2014,0,2,8,380,0,878,8,1258,California
Sierra,2021-04-01,64,2199,2,121,62,2076,0,2,6,330,56,934,6,1264,California
Sierra,2021-04-02,3,2202,2,123,1,2077,0,2,2,331,1,935,2,1266,California
Sierra,2021-04-04,1,2203,0,123,1,2078,0,2,0,331,0,935,0,1266,California
Sierra,2021-04-06,10,2213,0,123,10,2088,0,2,0,321,10,945,0,1266,California
Sierra,2021-04-07,14,2227,3,126,6,2094,5,7,3,319,10,955,8,1274,California
Sierra,2021-04-08,54,2281,2,128,52,2146,0,7,16,297,38,993,16,1290,California
Sierra,2021-04-09,2,2283,2,130,0,2146,0,7,1,297,1,994,1,1291,California
Sierra,2021-04-10,27,2310,0,130,27,2173,0,7,0,270,27,1021,0,1291,California
Sierra,2021-04-13,45,2355,0,130,45,2218,0,7,5,235,40,1061,5,1296,California
Sierra,2021-04-14,1,2356,0,130,1,2219,0,7,1,236,0,1061,1,1297,California
Sierra,2021-04-15,49,2405,1,131,48,2267,0,7,2,191,47,1108,2,1299,California
Sierra,2021-04-16,1,2406,0,131,1,2268,0,7,1,192,0,1108,1,1300,California
Sierra,2021-04-17,2,2408,1,132,1,2269,0,7,1,192,1,1109,1,1301,California
Sierra,2021-04-19,1,2409,1,133,0,2269,0,7,0,191,1,1110,0,1301,California
Sierra,2021-04-20,34,2443,1,134,33,2302,0,7,7,171,27,1137,7,1308,California
Sierra,2021-04-21,2,2445,1,135,1,2303,0,7,1,171,1,1138,1,1309,California
Sierra,2021-04-22,65,2510,2,137,63,2366,0,7,5,117,59,1197,5,1314,California
Sierra,2021-04-23,13,2523,0,137,13,2379,0,7,5,114,8,1205,5,1319,California
Sierra,2021-04-24,4,2527,0,137,4,2383,0,7,4,118,0,1205,4,1323,California
Sierra,2021-04-25,1,2528,1,138,0,2383,0,7,1,119,0,1205,1,1324,California
Sierra,2021-04-27,28,2556,1,139,27,2410,0,7,5,101,23,1228,5,1329,California
Sierra,2021-04-28,10,2566,2,141,8,2418,0,7,1,93,9,1237,1,1330,California
Sierra,2021-04-29,20,2586,2,143,18,2436,0,7,14,101,6,1243,14,1344,California
Sierra,2021-04-30,4,2590,2,145,2,2438,0,7,2,101,2,1245,2,1346,California
Sierra,2021-05-03,1,2591,1,146,0,2438,0,7,1,102,0,1245,1,1347,California
Sierra,2021-05-05,23,2614,0,146,23,2461,0,7,8,95,15,1260,8,1355,California
Sierra,2021-05-06,1,2615,1,147,0,2461,0,7,0,94,1,1261,0,1355,California
Sierra,2021-05-07,1,2616,1,148,0,2461,0,7,1,95,0,1261,1,1356,California
Sierra,2021-05-08,1,2617,0,148,0,2461,1,8,0,95,1,1262,1,1357,California
Sierra,2021-05-11,11,2628,0,148,4,2465,7,15,0,91,11,1273,7,1364,California
Sierra,2021-05-12,10,2638,1,149,9,2474,0,15,7,95,3,1276,7,1371,California
Sierra,2021-05-13,4,2642,3,152,1,2475,0,15,3,97,1,1277,3,1374,California
Sierra,2021-05-14,4,2646,0,152,4,2479,0,15,3,99,1,1278,3,1377,California
Siskiyou,2020-12-16,2,2,2,2,0,0,0,0,2,2,0,0,2,2,California
Siskiyou,2020-12-17,4,6,4,6,0,0,0,0,4,6,0,0,4,6,California
Siskiyou,2020-12-18,2,8,2,8,0,0,0,0,2,8,0,0,2,8,California
Siskiyou,2020-12-19,4,12,4,12,0,0,0,0,4,12,0,0,4,12,California
Siskiyou,2020-12-20,1,13,1,13,0,0,0,0,1,13,0,0,1,13,California
Siskiyou,2020-12-21,132,145,132,145,0,0,0,0,132,145,0,0,132,145,California
Siskiyou,2020-12-22,158,303,158,303,0,0,0,0,158,303,0,0,158,303,California
Siskiyou,2020-12-23,142,445,142,445,0,0,0,0,142,445,0,0,142,445,California
Siskiyou,2020-12-24,5,450,5,450,0,0,0,0,5,450,0,0,5,450,California
Siskiyou,2020-12-26,2,452,0,450,2,2,0,0,2,452,0,0,2,452,California
Siskiyou,2020-12-27,2,454,0,450,2,4,0,0,2,454,0,0,2,454,California
Siskiyou,2020-12-28,3,457,1,451,2,6,0,0,3,457,0,0,3,457,California
Siskiyou,2020-12-29,6,463,2,453,4,10,0,0,6,463,0,0,6,463,California
Siskiyou,2020-12-30,98,561,3,456,95,105,0,0,98,561,0,0,98,561,California
Siskiyou,2020-12-31,12,573,0,456,12,117,0,0,12,573,0,0,12,573,California
Siskiyou,2021-01-02,1,574,1,457,0,117,0,0,1,574,0,0,1,574,California
Siskiyou,2021-01-03,1,575,0,457,1,118,0,0,1,575,0,0,1,575,California
Siskiyou,2021-01-04,130,705,3,460,127,245,0,0,130,705,0,0,130,705,California
Siskiyou,2021-01-05,116,821,4,464,112,357,0,0,115,819,1,1,115,820,California
Siskiyou,2021-01-06,59,880,6,470,53,410,0,0,55,870,4,5,55,875,California
Siskiyou,2021-01-07,177,1057,4,474,173,583,0,0,176,1045,1,6,176,1051,California
Siskiyou,2021-01-08,41,1098,3,477,38,621,0,0,39,1082,2,8,39,1090,California
Siskiyou,2021-01-09,2,1100,2,479,0,621,0,0,0,1080,2,10,0,1090,California
Siskiyou,2021-01-11,226,1326,65,544,161,782,0,0,163,1180,63,73,163,1253,California
Siskiyou,2021-01-12,322,1648,274,818,48,830,0,0,89,1037,233,306,90,1343,California
Siskiyou,2021-01-13,157,1805,137,955,20,850,0,0,23,926,134,440,23,1366,California
Siskiyou,2021-01-14,26,1831,1,956,25,875,0,0,25,950,1,441,25,1391,California
Siskiyou,2021-01-15,35,1866,3,959,32,907,0,0,35,985,0,441,35,1426,California
Siskiyou,2021-01-16,7,1873,2,961,5,912,0,0,7,992,0,441,7,1433,California
Siskiyou,2021-01-17,1,1874,1,962,0,912,0,0,0,991,1,442,0,1433,California
Siskiyou,2021-01-18,77,1951,4,966,73,985,0,0,75,1064,2,444,75,1508,California
Siskiyou,2021-01-19,21,1972,1,967,20,1005,0,0,20,1083,1,445,20,1528,California
Siskiyou,2021-01-20,47,2019,35,1002,12,1017,0,0,43,1122,4,449,43,1571,California
Siskiyou,2021-01-21,42,2061,1,1003,41,1058,0,0,42,1164,0,449,42,1613,California
Siskiyou,2021-01-22,1327,3388,1175,2178,152,1210,0,0,1327,2491,0,449,1327,2940,California
Siskiyou,2021-01-23,5,3393,1,2179,4,1214,0,0,2,2490,3,452,2,2942,California
Siskiyou,2021-01-25,182,3575,8,2187,174,1388,0,0,178,2664,4,456,178,3120,California
Siskiyou,2021-01-26,148,3723,3,2190,145,1533,0,0,140,2796,8,464,140,3260,California
Siskiyou,2021-01-27,181,3904,1,2191,180,1713,0,0,126,2867,55,519,126,3386,California
Siskiyou,2021-01-28,231,4135,117,2308,114,1827,0,0,225,3086,6,525,225,3611,California
Siskiyou,2021-01-29,249,4384,3,2311,246,2073,0,0,247,3331,2,527,247,3858,California
Siskiyou,2021-01-30,3,4387,2,2313,1,2074,0,0,3,3334,0,527,3,3861,California
Siskiyou,2021-02-01,195,4582,3,2316,192,2266,0,0,105,3349,90,617,105,3966,California
Siskiyou,2021-02-02,289,4871,45,2361,244,2510,0,0,147,3354,142,759,147,4113,California
Siskiyou,2021-02-03,314,5185,1,2362,313,2823,0,0,264,3568,50,809,264,4377,California
Siskiyou,2021-02-04,322,5507,7,2369,315,3138,0,0,200,3646,122,931,200,4577,California
Siskiyou,2021-02-05,512,6019,4,2373,508,3646,0,0,348,3830,164,1095,348,4925,California
Siskiyou,2021-02-06,15,6034,0,2373,15,3661,0,0,15,3845,0,1095,15,4940,California
Siskiyou,2021-02-07,3,6037,2,2375,1,3662,0,0,3,3848,0,1095,3,4943,California
Siskiyou,2021-02-08,221,6258,5,2380,216,3878,0,0,216,4059,5,1100,216,5159,California
Siskiyou,2021-02-09,196,6454,4,2384,192,4070,0,0,163,4189,33,1133,163,5322,California
Siskiyou,2021-02-10,370,6824,40,2424,330,4400,0,0,317,4454,52,1185,317,5639,California
Siskiyou,2021-02-11,190,7014,1,2425,189,4589,0,0,174,4612,16,1201,174,5813,California
Siskiyou,2021-02-12,1690,8704,1198,3623,492,5081,0,0,501,3924,1189,2390,501,6314,California
Siskiyou,2021-02-13,36,8740,2,3625,34,5115,0,0,32,3952,4,2394,32,6346,California
Siskiyou,2021-02-14,5,8745,1,3626,4,5119,0,0,5,3957,0,2394,5,6351,California
Siskiyou,2021-02-15,107,8852,10,3636,97,5216,0,0,105,4060,2,2396,105,6456,California
Siskiyou,2021-02-16,114,8966,2,3638,112,5328,0,0,99,4144,15,2411,99,6555,California
Siskiyou,2021-02-17,185,9151,15,3653,170,5498,0,0,171,4301,14,2425,171,6726,California
Siskiyou,2021-02-18,221,9372,88,3741,133,5631,0,0,98,4276,123,2548,98,6824,California
Siskiyou,2021-02-19,71,9443,34,3775,37,5668,0,0,34,4273,37,2585,34,6858,California
Siskiyou,2021-02-20,21,9464,3,3778,18,5686,0,0,17,4286,4,2589,17,6875,California
Siskiyou,2021-02-21,1,9465,1,3779,0,5686,0,0,1,4287,0,2589,1,6876,California
Siskiyou,2021-02-22,124,9589,1,3780,123,5809,0,0,18,4199,106,2695,18,6894,California
Siskiyou,2021-02-23,197,9786,15,3795,182,5991,0,0,53,4108,144,2839,53,6947,California
Siskiyou,2021-02-24,147,9933,4,3799,143,6134,0,0,35,4031,112,2951,35,6982,California
Siskiyou,2021-02-25,301,10234,24,3823,277,6411,0,0,155,4040,146,3097,155,7137,California
Siskiyou,2021-02-26,670,10904,11,3834,659,7070,0,0,368,4106,302,3399,368,7505,California
Siskiyou,2021-02-27,33,10937,5,3839,28,7098,0,0,28,4129,5,3404,28,7533,California
Siskiyou,2021-02-28,5,10942,4,3843,1,7099,0,0,4,4132,1,3405,4,7537,California
Siskiyou,2021-03-01,280,11222,6,3849,274,7373,0,0,50,3952,230,3635,50,7587,California
Siskiyou,2021-03-02,190,11412,1,3850,189,7562,0,0,70,3902,120,3755,70,7657,California
Siskiyou,2021-03-03,343,11755,7,3857,336,7898,0,0,153,3865,190,3945,153,7810,California
Siskiyou,2021-03-04,794,12549,621,4478,173,8071,0,0,637,4345,157,4102,637,8447,California
Siskiyou,2021-03-05,326,12875,6,4484,309,8380,11,11,105,4243,218,4320,116,8563,California
Siskiyou,2021-03-06,43,12918,3,4487,33,8413,7,18,28,4263,15,4335,35,8598,California
Siskiyou,2021-03-07,12,12930,4,4491,0,8413,8,26,3,4265,9,4344,11,8609,California
Siskiyou,2021-03-08,361,13291,31,4522,295,8708,35,61,59,4057,302,4646,94,8703,California
Siskiyou,2021-03-09,164,13455,2,4524,108,8816,54,115,57,4061,107,4753,111,8814,California
Siskiyou,2021-03-10,221,13676,7,4531,184,9000,30,145,31,3932,190,4943,61,8875,California
Siskiyou,2021-03-11,475,14151,206,4737,222,9222,47,192,275,4055,199,5142,322,9197,California
Siskiyou,2021-03-12,647,14798,141,4878,467,9689,39,231,184,3817,461,5603,223,9420,California
Siskiyou,2021-03-13,428,15226,381,5259,24,9713,23,254,382,4176,46,5649,405,9825,California
Siskiyou,2021-03-14,20,15246,1,5260,3,9716,16,270,2,4176,18,5667,18,9843,California
Siskiyou,2021-03-15,454,15700,258,5518,176,9892,20,290,322,4386,132,5799,342,10185,California
Siskiyou,2021-03-16,255,15955,32,5550,206,10098,17,307,140,4429,114,5913,157,10342,California
Siskiyou,2021-03-17,202,16157,9,5559,185,10283,8,315,34,4303,168,6081,42,10384,California
Siskiyou,2021-03-18,926,17083,788,6347,126,10409,12,327,810,5009,116,6197,822,11206,California
Siskiyou,2021-03-19,68,17151,10,6357,45,10454,13,340,20,4994,48,6245,33,11239,California
Siskiyou,2021-03-20,30,17181,7,6364,18,10472,5,345,6,4981,24,6269,11,11250,California
Siskiyou,2021-03-21,10,17191,4,6368,1,10473,5,350,4,4984,6,6275,9,11259,California
Siskiyou,2021-03-22,208,17399,21,6389,165,10638,22,372,145,5091,60,6335,167,11426,California
Siskiyou,2021-03-23,196,17595,19,6408,167,10805,10,382,141,5187,55,6390,151,11577,California
Siskiyou,2021-03-24,140,17735,47,6455,93,10898,0,382,115,5277,25,6415,115,11692,California
Siskiyou,2021-03-25,572,18307,320,6775,249,11147,3,385,400,5508,172,6587,403,12095,California
Siskiyou,2021-03-26,305,18612,35,6810,270,11417,0,385,104,5413,199,6786,104,12199,California
Siskiyou,2021-03-27,37,18649,4,6814,28,11445,5,390,9,5399,28,6814,14,12213,California
Siskiyou,2021-03-28,8,18657,7,6821,1,11446,0,390,5,5401,3,6817,5,12218,California
Siskiyou,2021-03-29,98,18755,11,6832,85,11531,2,392,47,5400,50,6867,49,12267,California
Siskiyou,2021-03-30,102,18857,7,6839,94,11625,1,393,41,5381,61,6928,42,12309,California
Siskiyou,2021-03-31,189,19046,20,6859,166,11791,3,396,49,5295,139,7067,53,12362,California
Siskiyou,2021-04-01,830,19876,672,7531,158,11949,0,396,214,4893,616,7683,214,12576,California
Siskiyou,2021-04-02,347,20223,197,7728,146,12095,4,400,66,4684,279,7962,70,12646,California
Siskiyou,2021-04-03,26,20249,5,7733,14,12109,7,407,5,4675,21,7983,12,12658,California
Siskiyou,2021-04-04,1,20250,1,7734,0,12109,0,407,0,4674,1,7984,0,12658,California
Siskiyou,2021-04-05,437,20687,331,8065,80,12189,26,433,26,4316,410,8394,52,12710,California
Siskiyou,2021-04-06,220,20907,36,8101,130,12319,54,487,125,4400,94,8488,178,12888,California
Siskiyou,2021-04-07,117,21024,11,8112,64,12383,42,529,67,4459,50,8538,109,12997,California
Siskiyou,2021-04-08,349,21373,183,8295,125,12508,41,570,62,4275,287,8825,103,13100,California
Siskiyou,2021-04-09,546,21919,379,8674,130,12638,37,607,83,3934,462,9287,121,13221,California
Siskiyou,2021-04-10,46,21965,6,8680,3,12641,37,644,7,3939,39,9326,44,13265,California
Siskiyou,2021-04-11,8,21973,5,8685,1,12642,2,646,2,3937,6,9332,4,13269,California
Siskiyou,2021-04-12,129,22102,25,8710,103,12745,1,647,49,3907,80,9412,50,13319,California
Siskiyou,2021-04-13,204,22306,36,8746,167,12912,1,648,78,3860,126,9538,79,13398,California
Siskiyou,2021-04-14,157,22463,65,8811,92,13004,0,648,86,3877,69,9607,86,13484,California
Siskiyou,2021-04-15,1115,23578,955,9766,160,13164,0,648,434,3631,680,10287,434,13918,California
Siskiyou,2021-04-16,297,23875,207,9973,90,13254,0,648,266,3867,30,10317,266,14184,California
Siskiyou,2021-04-17,11,23886,8,9981,3,13257,0,648,7,3870,4,10321,7,14191,California
Siskiyou,2021-04-18,6,23892,3,9984,3,13260,0,648,2,3868,4,10325,2,14193,California
Siskiyou,2021-04-19,128,24020,25,10009,103,13363,0,648,45,3830,83,10408,45,14238,California
Siskiyou,2021-04-20,237,24257,5,10014,232,13595,0,648,94,3781,143,10551,94,14332,California
Siskiyou,2021-04-21,94,24351,10,10024,84,13679,0,648,25,3737,69,10620,25,14357,California
Siskiyou,2021-04-22,415,24766,302,10326,113,13792,0,648,50,3422,365,10985,50,14407,California
Siskiyou,2021-04-23,171,24937,13,10339,158,13950,0,648,149,3550,21,11006,149,14556,California
Siskiyou,2021-04-24,27,24964,4,10343,23,13973,0,648,19,3561,8,11014,19,14575,California
Siskiyou,2021-04-25,3,24967,0,10343,3,13976,0,648,3,3564,0,11014,3,14578,California
Siskiyou,2021-04-26,101,25068,7,10350,89,14065,5,653,25,3518,76,11090,30,14608,California
Siskiyou,2021-04-27,104,25172,4,10354,98,14163,2,655,84,3587,17,11107,86,14694,California
Siskiyou,2021-04-28,110,25282,8,10362,94,14257,8,663,52,3589,58,11165,60,14754,California
Siskiyou,2021-04-29,105,25387,14,10376,91,14348,0,663,25,3534,80,11245,25,14779,California
Siskiyou,2021-04-30,101,25488,20,10396,80,14428,1,664,44,3524,54,11299,44,14823,California
Siskiyou,2021-05-01,11,25499,7,10403,1,14429,3,667,7,3530,4,11303,10,14833,California
Siskiyou,2021-05-02,11,25510,5,10408,6,14435,0,667,9,3537,2,11305,9,14842,California
Siskiyou,2021-05-03,110,25620,23,10431,85,14520,2,669,47,3523,63,11368,49,14891,California
Siskiyou,2021-05-04,113,25733,6,10437,105,14625,2,671,60,3533,52,11420,62,14953,California
Siskiyou,2021-05-05,117,25850,21,10458,87,14712,9,680,39,3504,77,11497,48,15001,California
Siskiyou,2021-05-06,364,26214,293,10751,65,14777,6,686,187,3520,177,11674,193,15194,California
Siskiyou,2021-05-07,309,26523,219,10970,85,14862,5,691,33,3283,275,11949,38,15232,California
Siskiyou,2021-05-08,24,26547,4,10974,19,14881,1,692,18,3296,6,11955,19,15251,California
Siskiyou,2021-05-09,1,26548,0,10974,1,14882,0,692,0,3295,1,11956,0,15251,California
Siskiyou,2021-05-10,67,26615,36,11010,30,14912,1,693,20,3269,47,12003,21,15272,California
Siskiyou,2021-05-11,79,26694,4,11014,71,14983,4,697,46,3286,33,12036,50,15322,California
Siskiyou,2021-05-12,53,26747,4,11018,45,15028,4,701,16,3269,37,12073,20,15342,California
Siskiyou,2021-05-13,68,26815,26,11044,34,15062,8,709,29,3267,39,12112,37,15379,California
Siskiyou,2021-05-14,74,26889,50,11094,23,15085,1,710,48,3291,25,12137,49,15428,California
Solano,2020-12-15,4,4,4,4,0,0,0,0,4,4,0,0,4,4,California
Solano,2020-12-16,71,75,71,75,0,0,0,0,71,75,0,0,71,75,California
Solano,2020-12-17,153,228,153,228,0,0,0,0,153,228,0,0,153,228,California
Solano,2020-12-18,445,673,444,672,1,1,0,0,445,673,0,0,445,673,California
Solano,2020-12-19,518,1191,518,1190,0,1,0,0,518,1191,0,0,518,1191,California
Solano,2020-12-20,355,1546,353,1543,2,3,0,0,355,1546,0,0,355,1546,California
Solano,2020-12-21,573,2119,571,2114,2,5,0,0,573,2119,0,0,573,2119,California
Solano,2020-12-22,663,2782,630,2744,33,38,0,0,663,2782,0,0,663,2782,California
Solano,2020-12-23,861,3643,773,3517,88,126,0,0,860,3642,0,0,860,3642,California
Solano,2020-12-24,422,4065,171,3688,251,377,0,0,422,4064,0,0,422,4064,California
Solano,2020-12-25,10,4075,2,3690,8,385,0,0,10,4074,0,0,10,4074,California
Solano,2020-12-26,175,4250,48,3738,127,512,0,0,175,4249,0,0,175,4249,California
Solano,2020-12-27,104,4354,29,3767,75,587,0,0,104,4353,0,0,104,4353,California
Solano,2020-12-28,862,5216,420,4187,442,1029,0,0,862,5215,0,0,862,5215,California
Solano,2020-12-29,898,6114,376,4563,522,1551,0,0,898,6113,0,0,898,6113,California
Solano,2020-12-30,1236,7350,600,5163,636,2187,0,0,1236,7349,0,0,1236,7349,California
Solano,2020-12-31,537,7887,137,5300,400,2587,0,0,537,7886,0,0,537,7886,California
Solano,2021-01-01,14,7901,13,5313,1,2588,0,0,14,7900,0,0,14,7900,California
Solano,2021-01-02,213,8114,165,5478,48,2636,0,0,213,8113,0,0,213,8113,California
Solano,2021-01-03,57,8171,40,5518,17,2653,0,0,52,8165,0,0,52,8165,California
Solano,2021-01-04,451,8622,246,5764,205,2858,0,0,441,8603,3,3,441,8606,California
Solano,2021-01-05,730,9352,377,6141,353,3211,0,0,576,9030,149,152,576,9182,California
Solano,2021-01-06,845,10197,437,6578,408,3619,0,0,582,9351,261,413,582,9764,California
Solano,2021-01-07,1069,11266,684,7262,385,4004,0,0,612,9509,455,868,613,10377,California
Solano,2021-01-08,1140,12406,778,8040,362,4366,0,0,547,9483,575,1443,549,10926,California
Solano,2021-01-09,886,13292,763,8803,123,4489,0,0,429,9458,454,1897,429,11355,California
Solano,2021-01-10,254,13546,194,8997,60,4549,0,0,152,9508,102,1999,152,11507,California
Solano,2021-01-11,1330,14876,1119,10116,211,4760,0,0,813,9804,517,2516,813,12320,California
Solano,2021-01-12,1569,16445,1169,11285,400,5160,0,0,1018,10273,550,3066,1019,13339,California
Solano,2021-01-13,1466,17911,1005,12290,461,5621,0,0,1207,11223,257,3323,1207,14546,California
Solano,2021-01-14,1888,19799,816,13106,1072,6693,0,0,1574,12483,314,3637,1574,16120,California
Solano,2021-01-15,1695,21494,1060,14166,635,7328,0,0,1397,13582,298,3935,1397,17517,California
Solano,2021-01-16,1288,22782,902,15068,386,7714,0,0,1113,14520,175,4110,1113,18630,California
Solano,2021-01-17,1045,23827,761,15829,284,7998,0,0,1027,15529,18,4128,1027,19657,California
Solano,2021-01-18,1414,25241,856,16685,558,8556,0,0,1297,16711,117,4245,1299,20956,California
Solano,2021-01-19,1652,26893,1340,18025,312,8868,0,0,1380,17820,271,4516,1380,22336,California
Solano,2021-01-20,2033,28926,1422,19447,611,9479,0,0,1546,18882,484,5000,1546,23882,California
Solano,2021-01-21,3173,32099,1007,20454,2166,11645,0,0,2825,21360,348,5348,2826,26708,California
Solano,2021-01-22,1774,33873,846,21300,928,12573,0,0,1584,22754,190,5538,1584,28292,California
Solano,2021-01-23,736,34609,242,21542,494,13067,0,0,531,23080,206,5744,532,28824,California
Solano,2021-01-24,404,35013,61,21603,343,13410,0,0,337,23350,67,5811,337,29161,California
Solano,2021-01-25,1662,36675,626,22229,1036,14446,0,0,1110,23910,551,6362,1111,30272,California
Solano,2021-01-26,1773,38448,738,22967,1035,15481,0,0,1142,24423,630,6992,1143,31415,California
Solano,2021-01-27,1796,40244,726,23693,1070,16551,0,0,1183,25006,600,7592,1183,32598,California
Solano,2021-01-28,1958,42202,707,24400,1251,17802,0,0,1365,25780,592,8184,1366,33964,California
Solano,2021-01-29,1700,43902,784,25184,916,18718,0,0,1344,26770,354,8538,1344,35308,California
Solano,2021-01-30,712,44614,220,25404,492,19210,0,0,551,27160,161,8699,551,35859,California
Solano,2021-01-31,484,45098,394,25798,90,19300,0,0,229,27135,255,8954,230,36089,California
Solano,2021-02-01,1509,46607,988,26786,521,19821,0,0,767,27163,739,9693,767,36856,California
Solano,2021-02-02,3357,49964,1113,27899,2244,22065,0,0,2529,28868,824,10517,2529,39385,California
Solano,2021-02-03,2265,52229,1307,29206,958,23023,0,0,1163,28933,1098,11615,1163,40548,California
Solano,2021-02-04,1803,54032,912,30118,891,23914,0,0,1077,29289,721,12336,1077,41625,California
Solano,2021-02-05,3093,57125,1416,31534,1677,25591,0,0,2091,30386,994,13330,2091,43716,California
Solano,2021-02-06,3052,60177,1169,32703,1883,27474,0,0,2237,31812,811,14141,2237,45953,California
Solano,2021-02-07,846,61023,782,33485,64,27538,0,0,230,31426,616,14757,230,46183,California
Solano,2021-02-08,1750,62773,1233,34718,517,28055,0,0,709,31096,1039,15796,709,46892,California
Solano,2021-02-09,1949,64722,1486,36204,463,28518,0,0,699,30546,1249,17045,699,47591,California
Solano,2021-02-10,2266,66988,1497,37701,769,29287,0,0,821,29922,1445,18490,821,48412,California
Solano,2021-02-11,2503,69491,1488,39189,1015,30302,0,0,1198,29825,1295,19785,1198,49610,California
Solano,2021-02-12,4210,73701,1619,40808,2591,32893,0,0,2866,31354,1337,21122,2866,52476,California
Solano,2021-02-13,2864,76565,248,41056,2616,35509,0,0,2452,33397,409,21531,2452,54928,California
Solano,2021-02-14,704,77269,202,41258,502,36011,0,0,412,33520,290,21821,413,55341,California
Solano,2021-02-15,1314,78583,324,41582,990,37001,0,0,679,33565,634,22455,679,56020,California
Solano,2021-02-16,2558,81141,1385,42967,1173,38174,0,0,1666,34341,891,23346,1667,57687,California
Solano,2021-02-17,3139,84280,1452,44419,1687,39861,0,0,2101,35408,1035,24381,2102,59789,California
Solano,2021-02-18,2850,87130,845,45264,2005,41866,0,0,852,34269,1992,26373,853,60642,California
Solano,2021-02-19,2396,89526,1445,46709,951,42817,0,0,1172,34223,1220,27593,1174,61816,California
Solano,2021-02-20,2568,92094,382,47091,2186,45003,0,0,2096,35846,473,28066,2096,63912,California
Solano,2021-02-21,2175,94269,1861,48952,314,45317,0,0,1864,37403,307,28373,1864,65776,California
Solano,2021-02-22,1719,95988,1047,49999,672,45989,0,0,906,37499,811,29184,907,66683,California
Solano,2021-02-23,2849,98837,1089,51088,1760,47749,0,0,1945,38543,901,30085,1945,68628,California
Solano,2021-02-24,2474,101311,1243,52331,1231,48980,0,0,1386,38843,1086,31171,1386,70014,California
Solano,2021-02-25,2401,103712,1443,53774,958,49938,0,0,1312,39072,1083,32254,1312,71326,California
Solano,2021-02-26,3180,106892,2023,55797,1157,51095,0,0,1860,39617,1315,33569,1860,73186,California
Solano,2021-02-27,3653,110545,1374,57171,2278,53373,1,1,2958,41889,687,34256,2959,76145,California
Solano,2021-02-28,1369,111914,1038,58209,331,53704,0,1,1092,42708,274,34530,1093,77238,California
Solano,2021-03-01,2440,114354,1054,59263,1385,55089,1,2,1839,43951,597,35127,1840,79078,California
Solano,2021-03-02,2182,116536,1364,60627,818,55907,0,2,1267,44303,915,36042,1267,80345,California
Solano,2021-03-03,2213,118749,1256,61883,957,56864,0,2,1376,44851,829,36871,1377,81722,California
Solano,2021-03-04,4349,123098,3407,65290,940,57804,2,4,3134,46782,1208,38079,3139,84861,California
Solano,2021-03-05,4905,128003,1668,66958,3232,61036,5,9,3942,49776,953,39032,3947,88808,California
Solano,2021-03-06,3835,131838,826,67784,2970,64006,39,48,2639,51268,1186,40218,2678,91486,California
Solano,2021-03-07,3547,135385,741,68525,2796,66802,10,58,1952,51648,1583,41801,1963,93449,California
Solano,2021-03-08,2117,137502,1321,69846,526,67328,270,328,1600,53005,511,42312,1868,95317,California
Solano,2021-03-09,3139,140641,1512,71358,1573,68901,54,382,2246,54410,892,43204,2297,97614,California
Solano,2021-03-10,2392,143033,1738,73096,568,69469,86,468,1248,54602,1140,44344,1332,98946,California
Solano,2021-03-11,6005,149038,1748,74844,4004,73473,253,721,4956,58766,1045,45389,5209,104155,California
Solano,2021-03-12,5986,155024,1562,76406,4248,77721,176,897,3164,59288,2818,48207,3340,107495,California
Solano,2021-03-13,4576,159600,803,77209,3689,81410,84,981,2240,59285,2329,50536,2326,109821,California
Solano,2021-03-14,3992,163592,3116,80325,423,81833,453,1434,1654,59056,2333,52869,2104,111925,California
Solano,2021-03-15,4006,167598,2448,82773,1241,83074,317,1751,2512,60399,1486,54355,2829,114754,California
Solano,2021-03-16,3084,170682,1324,84097,1526,84600,234,1985,1571,60696,1508,55863,1805,116559,California
Solano,2021-03-17,6352,177034,1664,85761,4597,89197,91,2076,4891,64221,1457,57320,4982,121541,California
Solano,2021-03-18,5187,182221,1839,87600,3312,92509,36,2112,3822,66722,1357,58677,3858,125399,California
Solano,2021-03-19,3444,185665,2522,90122,849,93358,73,2185,1748,66856,1688,60365,1822,127221,California
Solano,2021-03-20,5524,191189,1667,91789,3803,97161,54,2239,2841,67077,2674,63039,2895,130116,California
Solano,2021-03-21,1668,192857,1563,93352,81,97242,24,2263,854,67142,811,63850,876,130992,California
Solano,2021-03-22,2664,195521,2035,95387,579,97821,50,2313,1672,67874,986,64836,1718,132710,California
Solano,2021-03-23,3504,199025,1664,97051,1798,99619,42,2355,1433,67281,2067,66903,1474,134184,California
Solano,2021-03-24,2816,201841,1763,98814,1018,100637,35,2390,1370,67245,1440,68343,1404,135588,California
Solano,2021-03-25,4854,206695,3978,102792,841,101478,35,2425,2288,67007,2562,70905,2324,137912,California
Solano,2021-03-26,3213,209908,2087,104879,1090,102568,36,2461,1740,67320,1464,72369,1777,139689,California
Solano,2021-03-27,4188,214096,1147,106026,3004,105572,37,2498,1798,66770,2384,74753,1834,141523,California
Solano,2021-03-28,1415,215511,1105,107131,292,105864,18,2516,563,66503,848,75601,581,142104,California
Solano,2021-03-29,3484,218995,2034,109165,1433,107297,17,2533,1593,66235,1878,77479,1610,143714,California
Solano,2021-03-30,2997,221992,2005,111170,902,108199,90,2623,1906,67143,1089,78568,1997,145711,California
Solano,2021-03-31,3121,225113,2126,113296,837,109036,158,2781,1849,67877,1269,79837,2003,147714,California
Solano,2021-04-01,5525,230638,2100,115396,3279,112315,146,2927,3500,69510,2014,81851,3647,151361,California
Solano,2021-04-02,6558,237196,2217,117613,4174,116489,167,3094,2541,68217,4002,85853,2709,154070,California
Solano,2021-04-03,1529,238725,963,118576,412,116901,154,3248,564,67972,963,86816,718,154788,California
Solano,2021-04-04,778,239503,287,118863,189,117090,302,3550,239,67978,535,87351,541,155329,California
Solano,2021-04-05,2969,242472,2027,120890,736,117826,206,3756,1506,68228,1461,88812,1711,157040,California
Solano,2021-04-06,5977,248449,1625,122515,3862,121688,490,4246,1644,66033,4327,93139,2132,159172,California
Solano,2021-04-07,5874,254323,4548,127063,933,122621,393,4639,3346,67260,2512,95651,3739,162911,California
Solano,2021-04-08,6398,260721,1782,128845,3761,126382,855,5494,1800,65336,4571,100222,2647,165558,California
Solano,2021-04-09,6232,266953,1656,130501,3735,130117,841,6335,1511,62983,4700,104922,2347,167905,California
Solano,2021-04-10,1717,268670,948,131449,449,130566,320,6655,792,63170,924,105846,1111,169016,California
Solano,2021-04-11,1226,269896,760,132209,337,130903,129,6784,637,63350,586,106432,766,169782,California
Solano,2021-04-12,3250,273146,1669,133878,1223,132126,358,7142,1341,63143,1904,108336,1697,171479,California
Solano,2021-04-13,2527,275673,1089,134967,1437,133563,1,7143,1323,63267,1200,109536,1324,172803,California
Solano,2021-04-14,6393,282066,1943,136910,4450,138013,0,7143,1844,60570,4542,114078,1845,174648,California
Solano,2021-04-15,5661,287727,2135,139045,3526,141539,0,7143,1715,58352,3933,118011,1715,176363,California
Solano,2021-04-16,3662,291389,2572,141617,1088,142627,2,7145,2277,59253,1378,119389,2279,178642,California
Solano,2021-04-17,3250,294639,1057,142674,2193,144820,0,7145,1127,58265,2116,121505,1128,179770,California
Solano,2021-04-18,1004,295643,610,143284,394,145214,0,7145,529,58320,474,121979,529,180299,California
Solano,2021-04-19,2061,297704,1159,144443,902,146116,0,7145,1147,58561,908,122887,1149,181448,California
Solano,2021-04-20,3010,300714,1835,146278,1175,147291,0,7145,1678,58912,1327,124214,1678,183126,California
Solano,2021-04-21,3554,304268,2325,148603,1229,148520,0,7145,1784,58932,1764,125978,1784,184910,California
Solano,2021-04-22,2918,307186,1473,150076,1445,149965,0,7145,1772,59560,1144,127122,1772,186682,California
Solano,2021-04-23,4125,311311,2071,152147,2054,152019,0,7145,2473,60390,1644,128766,2474,189156,California
Solano,2021-04-24,3741,315052,2277,154424,1462,153481,2,7147,2495,61726,1161,129927,2497,191653,California
Solano,2021-04-25,1429,316481,1114,155538,315,153796,0,7147,1129,62562,293,130220,1129,192782,California
Solano,2021-04-26,2452,318933,1590,157128,858,154654,4,7151,1311,62748,1129,131349,1315,194097,California
Solano,2021-04-27,2361,321294,1239,158367,1098,155752,24,7175,1312,63044,1042,132391,1338,195435,California
Solano,2021-04-28,5083,326377,4105,162472,932,156684,46,7221,3141,64299,1932,134323,3187,198622,California
Solano,2021-04-29,3891,330268,1257,163729,2603,159287,31,7252,1586,63620,2296,136619,1617,200239,California
Solano,2021-04-30,3782,334050,2020,165749,1630,160917,132,7384,1835,63651,1936,138555,1967,202206,California
Solano,2021-05-01,2124,336174,1634,167383,295,161212,195,7579,1255,64236,865,139420,1450,203656,California
Solano,2021-05-02,1095,337269,934,168317,137,161349,24,7603,572,64314,518,139938,596,204252,California
Solano,2021-05-03,1444,338713,1003,169320,354,161703,87,7690,591,64141,852,140790,679,204931,California
Solano,2021-05-04,1784,340497,1041,170361,678,162381,65,7755,799,64021,984,141774,864,205795,California
Solano,2021-05-05,2245,342742,1406,171767,728,163109,111,7866,1082,64053,1159,142933,1191,206986,California
Solano,2021-05-06,1916,344658,1174,172941,585,163694,157,8023,707,63715,1202,144135,864,207850,California
Solano,2021-05-07,2669,347327,1872,174813,682,164376,115,8138,927,63018,1737,145872,1040,208890,California
Solano,2021-05-08,1301,348628,827,175640,359,164735,115,8253,457,62749,841,146713,572,209462,California
Solano,2021-05-09,415,349043,240,175880,164,164899,11,8264,157,62662,256,146969,169,209631,California
Solano,2021-05-10,1319,350362,603,176483,614,165513,102,8366,384,62217,932,147901,487,210118,California
Solano,2021-05-11,2220,352582,1113,177596,1022,166535,85,8451,614,61315,1601,149502,699,210817,California
Solano,2021-05-12,1827,354409,1011,178607,649,167184,167,8618,478,60619,1339,150841,643,211460,California
Solano,2021-05-13,1847,356256,1162,179769,560,167744,125,8743,651,60201,1194,152035,776,212236,California
Solano,2021-05-14,1496,357752,1004,180773,411,168155,81,8824,590,59975,897,152932,671,212907,California
Sonoma,2020-12-15,4,4,4,4,0,0,0,0,4,4,0,0,4,4,California
Sonoma,2020-12-16,27,31,27,31,0,0,0,0,27,31,0,0,27,31,California
Sonoma,2020-12-17,103,134,103,134,0,0,0,0,103,134,0,0,103,134,California
Sonoma,2020-12-18,421,555,421,555,0,0,0,0,421,555,0,0,421,555,California
Sonoma,2020-12-19,111,666,110,665,1,1,0,0,111,666,0,0,111,666,California
Sonoma,2020-12-20,174,840,174,839,0,1,0,0,174,840,0,0,174,840,California
Sonoma,2020-12-21,911,1751,909,1748,2,3,0,0,910,1750,0,0,910,1750,California
Sonoma,2020-12-22,1356,3107,1265,3013,91,94,0,0,1356,3106,0,0,1356,3106,California
Sonoma,2020-12-23,1607,4714,1231,4244,376,470,0,0,1608,4714,0,0,1608,4714,California
Sonoma,2020-12-24,305,5019,101,4345,204,674,0,0,305,5019,0,0,305,5019,California
Sonoma,2020-12-25,8,5027,2,4347,6,680,0,0,8,5027,0,0,8,5027,California
Sonoma,2020-12-26,267,5294,256,4603,11,691,0,0,267,5294,0,0,267,5294,California
Sonoma,2020-12-27,93,5387,80,4683,13,704,0,0,93,5387,0,0,93,5387,California
Sonoma,2020-12-28,988,6375,554,5237,434,1138,0,0,959,6346,0,0,959,6346,California
Sonoma,2020-12-29,1127,7502,775,6012,352,1490,0,0,1094,7440,0,0,1094,7440,California
Sonoma,2020-12-30,1093,8595,479,6491,614,2104,0,0,1085,8525,0,0,1085,8525,California
Sonoma,2020-12-31,517,9112,71,6562,446,2550,0,0,518,9043,0,0,518,9043,California
Sonoma,2021-01-01,11,9123,6,6568,5,2555,0,0,11,9054,0,0,11,9054,California
Sonoma,2021-01-02,131,9254,125,6693,6,2561,0,0,131,9185,0,0,131,9185,California
Sonoma,2021-01-03,25,9279,11,6704,14,2575,0,0,25,9210,0,0,25,9210,California
Sonoma,2021-01-04,341,9620,105,6809,236,2811,0,0,340,9550,0,0,340,9550,California
Sonoma,2021-01-05,437,10057,102,6911,335,3146,0,0,413,9948,15,15,413,9963,California
Sonoma,2021-01-06,947,11004,432,7343,515,3661,0,0,836,10679,105,120,836,10799,California
Sonoma,2021-01-07,1031,12035,534,7877,497,4158,0,0,862,11373,168,288,862,11661,California
Sonoma,2021-01-08,1790,13825,1233,9110,557,4715,0,0,1317,12219,471,759,1317,12978,California
Sonoma,2021-01-09,639,14464,402,9512,237,4952,0,0,591,12762,48,807,591,13569,California
Sonoma,2021-01-10,472,14936,461,9973,11,4963,0,0,278,12846,194,1001,278,13847,California
Sonoma,2021-01-11,1386,16322,1239,11212,147,5110,0,0,414,12293,967,1968,414,14261,California
Sonoma,2021-01-12,1546,17868,1293,12505,253,5363,0,0,395,11539,1149,3117,395,14656,California
Sonoma,2021-01-13,2041,19909,1365,13870,676,6039,0,0,1178,11858,860,3977,1179,15835,California
Sonoma,2021-01-14,1528,21437,800,14670,728,6767,0,0,1298,12926,230,4207,1298,17133,California
Sonoma,2021-01-15,1567,23004,637,15307,930,7697,0,0,1347,14063,211,4418,1348,18481,California
Sonoma,2021-01-16,1145,24149,617,15924,528,8225,0,0,899,14720,242,4660,899,19380,California
Sonoma,2021-01-17,670,24819,549,16473,121,8346,0,0,590,15230,80,4740,590,19970,California
Sonoma,2021-01-18,1106,25925,932,17405,174,8520,0,0,615,15355,491,5231,616,20586,California
Sonoma,2021-01-19,2097,28022,1006,18411,1091,9611,0,0,1387,16035,708,5939,1388,21974,California
Sonoma,2021-01-20,2078,30100,626,19037,1452,11063,0,0,1417,16802,651,6590,1418,23392,California
Sonoma,2021-01-21,2261,32361,647,19684,1614,12677,0,0,2042,18628,217,6807,2043,25435,California
Sonoma,2021-01-22,2740,35101,1043,20727,1697,14374,0,0,2592,21073,147,6954,2592,28027,California
Sonoma,2021-01-23,768,35869,593,21320,175,14549,0,0,661,21628,106,7060,661,28688,California
Sonoma,2021-01-24,852,36721,716,22036,136,14685,0,0,836,22448,16,7076,836,29524,California
Sonoma,2021-01-25,2173,38894,520,22556,1653,16338,0,0,1686,23647,487,7563,1686,31210,California
Sonoma,2021-01-26,2017,40911,302,22858,1715,18053,0,0,1562,24755,454,8017,1562,32772,California
Sonoma,2021-01-27,3702,44613,1281,24139,2421,20474,0,0,3129,27316,571,8588,3132,35904,California
Sonoma,2021-01-28,4119,48732,1847,25986,2272,22746,0,0,3448,30097,668,9256,3449,39353,California
Sonoma,2021-01-29,2969,51701,1412,27398,1557,24303,0,0,2134,31399,833,10089,2135,41488,California
Sonoma,2021-01-30,2584,54285,2395,29793,189,24492,0,0,2242,33300,342,10431,2243,43731,California
Sonoma,2021-01-31,777,55062,665,30458,112,24604,0,0,579,33682,197,10628,579,44310,California
Sonoma,2021-02-01,2507,57569,884,31342,1623,26227,0,0,2101,35380,403,11031,2101,46411,California
Sonoma,2021-02-02,3527,61096,1373,32715,2154,28381,0,0,2957,37769,568,11599,2957,49368,California
Sonoma,2021-02-03,4041,65137,1324,34039,2717,31098,0,0,3111,39953,927,12526,3111,52479,California
Sonoma,2021-02-04,4214,69351,1723,35762,2491,33589,0,0,3423,42588,789,13315,3424,55903,California
Sonoma,2021-02-05,4816,74167,1740,37502,3076,36665,0,0,3796,45369,1016,14331,3797,59700,California
Sonoma,2021-02-06,2660,76827,2299,39801,361,37026,0,0,2099,46908,560,14891,2099,61799,California
Sonoma,2021-02-07,1538,78365,1403,41204,135,37161,0,0,1286,47942,252,15143,1286,63085,California
Sonoma,2021-02-08,3259,81624,1034,42238,2225,39386,0,0,2678,50040,580,15723,2678,65763,California
Sonoma,2021-02-09,3570,85194,1699,43937,1871,41257,0,0,3090,52653,478,16201,3091,68854,California
Sonoma,2021-02-10,4542,89736,2480,46417,2062,43319,0,0,3535,55188,1001,17202,3536,72390,California
Sonoma,2021-02-11,5572,95308,3017,49434,2555,45874,0,0,4391,58400,1179,18381,4391,76781,California
Sonoma,2021-02-12,5903,101211,3245,52679,2658,48532,0,0,4478,61460,1421,19802,4481,81262,California
Sonoma,2021-02-13,1986,103197,1152,53831,834,49366,0,0,1201,61879,782,20584,1201,82463,California
Sonoma,2021-02-14,2317,105514,1823,55654,494,49860,0,0,1569,62701,747,21331,1569,84032,California
Sonoma,2021-02-15,2140,107654,791,56445,1349,51209,0,0,1605,63772,534,21865,1605,85637,California
Sonoma,2021-02-16,4897,112551,2052,58497,2845,54054,0,0,3642,66163,1251,23116,3642,89279,California
Sonoma,2021-02-17,5598,118149,2899,61396,2699,56753,0,0,3572,67719,2018,25134,3574,92853,California
Sonoma,2021-02-18,6924,125073,3130,64526,3794,60547,0,0,4002,68808,2914,28048,4003,96856,California
Sonoma,2021-02-19,5518,130591,1666,66192,3852,64399,0,0,3420,70136,2093,30141,3421,100277,California
Sonoma,2021-02-20,3119,133710,2839,69031,280,64679,0,0,1217,69457,1896,32037,1217,101494,California
Sonoma,2021-02-21,526,134236,418,69449,108,64787,0,0,133,69200,390,32427,133,101627,California
Sonoma,2021-02-22,2878,137114,1356,70805,1522,66309,0,0,1197,68721,1676,34103,1197,102824,California
Sonoma,2021-02-23,3366,140480,2071,72876,1295,67604,0,0,1619,68597,1743,35846,1619,104443,California
Sonoma,2021-02-24,5638,146118,2542,75418,3096,70700,0,0,2915,68795,2718,38564,2916,107359,California
Sonoma,2021-02-25,5795,151913,2239,77657,3556,74256,0,0,3111,69242,2664,41228,3111,110470,California
Sonoma,2021-02-26,6263,158176,2758,80415,3505,77761,0,0,3972,70928,2286,43514,3972,114442,California
Sonoma,2021-02-27,4028,162204,1908,82323,2120,79881,0,0,2685,72272,1341,44855,2685,117127,California
Sonoma,2021-02-28,2335,164539,1851,84174,484,80365,0,0,609,71174,1707,46562,609,117736,California
Sonoma,2021-03-01,3746,168285,1137,85311,2609,82974,0,0,1883,71205,1853,48415,1884,119620,California
Sonoma,2021-03-02,4353,172638,1485,86796,2868,85842,0,0,2536,71932,1809,50224,2536,122156,California
Sonoma,2021-03-03,5041,177679,2638,89434,2403,88245,0,0,2314,71526,2720,52944,2314,124470,California
Sonoma,2021-03-04,5924,183603,2669,92103,3255,91500,0,0,2569,70754,3341,56285,2569,127039,California
Sonoma,2021-03-05,6445,190048,2825,94928,3605,95105,15,15,2714,69769,3715,60000,2730,129769,California
Sonoma,2021-03-06,2782,192830,1213,96141,1434,96539,135,150,1911,70950,864,60864,2045,131814,California
Sonoma,2021-03-07,1705,194535,1394,97535,276,96815,35,185,377,70036,1326,62190,412,132226,California
Sonoma,2021-03-08,4058,198593,656,98191,3227,100042,175,360,2385,70932,1662,63852,2558,134784,California
Sonoma,2021-03-09,5496,204089,3011,101202,2243,102285,242,602,2681,71046,2809,66661,2923,137707,California
Sonoma,2021-03-10,5972,210061,3185,104387,2459,104744,328,930,2413,70241,3545,70206,2740,140447,California
Sonoma,2021-03-11,7531,217592,3002,107389,3709,108453,820,1750,2567,68675,4954,75160,3388,143835,California
Sonoma,2021-03-12,7396,224988,2265,109654,3770,112223,1361,3111,2105,66865,5272,80432,3462,147297,California
Sonoma,2021-03-13,3409,228397,1701,111355,1472,113695,236,3347,2008,67706,1400,81832,2241,149538,California
Sonoma,2021-03-14,1381,229778,384,111739,856,114551,141,3488,851,68170,527,82359,991,150529,California
Sonoma,2021-03-15,5229,235007,1505,113244,3339,117890,385,3873,2195,67722,3026,85385,2578,153107,California
Sonoma,2021-03-16,6279,241286,2244,115488,3804,121694,231,4104,2906,67490,3367,88752,3135,156242,California
Sonoma,2021-03-17,6746,248032,3524,119012,3042,124736,180,4284,3283,67501,3451,92203,3462,159704,California
Sonoma,2021-03-18,7125,255157,2937,121949,3573,128309,615,4899,3179,67353,3938,96141,3790,163494,California
Sonoma,2021-03-19,7491,262648,3241,125190,4019,132328,231,5130,3195,66507,4277,100418,3431,166925,California
Sonoma,2021-03-20,3697,266345,1744,126934,1124,133452,829,5959,2022,67686,1668,102086,2847,169772,California
Sonoma,2021-03-21,1383,267728,601,127535,749,134201,33,5992,1215,68770,164,102250,1248,171020,California
Sonoma,2021-03-22,4531,272259,3103,130638,1326,135527,102,6094,3423,71192,1103,103353,3525,174545,California
Sonoma,2021-03-23,5826,278085,3626,134264,2124,137651,76,6170,4427,74306,1389,104742,4503,179048,California
Sonoma,2021-03-24,6717,284802,4271,138535,2380,140031,66,6236,4089,75850,2610,107352,4154,183202,California
Sonoma,2021-03-25,6995,291797,4193,142728,2695,142726,107,6343,4229,77444,2743,110095,4337,187539,California
Sonoma,2021-03-26,7300,299097,3450,146178,3759,146485,91,6434,3811,77873,3472,113567,3901,191440,California
Sonoma,2021-03-27,3840,302937,1503,147681,1975,148460,362,6796,1123,76649,2710,116277,1486,192926,California
Sonoma,2021-03-28,1509,304446,949,148630,533,148993,27,6823,944,77058,562,116839,971,193897,California
Sonoma,2021-03-29,2899,307345,1098,149728,1768,150761,33,6856,1615,77428,1278,118117,1648,195545,California
Sonoma,2021-03-30,5776,313121,3177,152905,2537,153298,62,6918,3056,77832,2714,120831,3118,198663,California
Sonoma,2021-03-31,5570,318691,3384,156289,1971,155269,215,7133,3235,78960,2323,123154,3451,202114,California
Sonoma,2021-04-01,6722,325413,4004,160293,2382,157651,336,7469,3599,79785,3104,126258,3929,206043,California
Sonoma,2021-04-02,5910,331323,3541,163834,2260,159911,109,7578,3548,81088,2356,128614,3659,209702,California
Sonoma,2021-04-03,3598,334921,1783,165617,1592,161503,223,7801,1567,80857,2019,130633,1788,211490,California
Sonoma,2021-04-04,1060,335981,691,166308,278,161781,91,7892,657,81206,399,131032,748,212238,California
Sonoma,2021-04-05,4365,340346,597,166905,3429,165210,339,8231,1636,80458,2722,133754,1974,214212,California
Sonoma,2021-04-06,6856,347202,3472,170377,2980,168190,404,8635,3978,81974,2864,136618,4380,218592,California
Sonoma,2021-04-07,6763,353965,3813,174190,2115,170305,835,9470,3282,82614,3472,140090,4112,222704,California
Sonoma,2021-04-08,7500,361465,4098,178288,2631,172936,771,10241,4080,84051,3410,143500,4847,227551,California
Sonoma,2021-04-09,6780,368245,3769,182057,2128,175064,883,11124,3482,85127,3285,146785,4361,231912,California
Sonoma,2021-04-10,3870,372115,1686,183743,1631,176695,553,11677,1129,84073,2731,149516,1677,233589,California
Sonoma,2021-04-11,1282,373397,607,184350,593,177288,82,11759,436,83746,845,150361,518,234107,California
Sonoma,2021-04-12,4928,378325,2050,186400,2397,179685,481,12240,1841,82983,3078,153439,2315,236422,California
Sonoma,2021-04-13,7792,386117,4617,191017,3173,182858,2,12242,2955,81112,4828,158267,2957,239379,California
Sonoma,2021-04-14,6540,392657,3727,194744,2793,185651,20,12262,2525,79654,4002,162269,2544,241923,California
Sonoma,2021-04-15,7214,399871,4091,198835,3123,188774,0,12262,3565,79580,3639,165908,3565,245488,California
Sonoma,2021-04-16,6787,406658,3407,202242,3378,192152,2,12264,3847,80495,2934,168842,3849,249337,California
Sonoma,2021-04-17,3111,409769,1510,203752,1601,193753,0,12264,1507,80410,1593,170435,1508,250845,California
Sonoma,2021-04-18,1244,411013,852,204604,392,194145,0,12264,408,79984,834,171269,408,251253,California
Sonoma,2021-04-19,3308,414321,1871,206475,1436,195581,1,12265,1451,79583,1853,173122,1452,252705,California
Sonoma,2021-04-20,6266,420587,3458,209933,2808,198389,0,12265,2376,78083,3877,176999,2377,255082,California
Sonoma,2021-04-21,6365,426952,4190,214123,2173,200562,2,12267,2928,77588,3424,180423,2929,258011,California
Sonoma,2021-04-22,6123,433075,4452,218575,1671,202233,0,12267,2486,76452,3622,184045,2486,260497,California
Sonoma,2021-04-23,7379,440454,4616,223191,2757,204990,6,12273,3706,76503,3662,187707,3713,264210,California
Sonoma,2021-04-24,2747,443201,1493,224684,1240,206230,14,12287,1556,76885,1188,188895,1570,265780,California
Sonoma,2021-04-25,1082,444283,785,225469,297,206527,0,12287,431,76668,648,189543,431,266211,California
Sonoma,2021-04-26,2753,447036,1285,226754,1440,207967,28,12315,1559,77069,1186,190729,1587,267798,California
Sonoma,2021-04-27,5306,452342,3632,230386,1575,209542,99,12414,2186,76247,3107,193836,2285,270083,California
Sonoma,2021-04-28,4857,457199,3195,233581,1467,211009,195,12609,2109,75815,2731,196567,2299,272382,California
Sonoma,2021-04-29,4813,462012,3430,237011,1238,212247,145,12754,1760,74674,3046,199613,1905,274287,California
Sonoma,2021-04-30,5431,467443,3619,240630,1519,213766,293,13047,1815,73176,3605,203218,2107,276394,California
Sonoma,2021-05-01,2464,469907,1772,242402,586,214352,106,13153,1237,73295,1221,204439,1340,277734,California
Sonoma,2021-05-02,863,470770,643,243045,169,214521,51,13204,553,73590,310,204749,605,278339,California
Sonoma,2021-05-03,3178,473948,1682,244727,1351,215872,145,13349,1055,72675,2114,206863,1199,279538,California
Sonoma,2021-05-04,4572,478520,2403,247130,1992,217864,177,13526,1475,71243,3080,209943,1648,281186,California
Sonoma,2021-05-05,3663,482183,2184,249314,1287,219151,192,13718,1319,70418,2334,212277,1509,282695,California
Sonoma,2021-05-06,4496,486679,2403,251717,1966,221117,127,13845,1369,68797,3115,215392,1494,284189,California
Sonoma,2021-05-07,3584,490263,2310,254027,1152,222269,122,13967,1083,67509,2493,217885,1205,285394,California
Sonoma,2021-05-08,1838,492101,1250,255277,496,222765,92,14059,773,67313,1061,218946,865,286259,California
Sonoma,2021-05-09,511,492612,296,255573,175,222940,40,14099,183,67211,325,219271,223,286482,California
Sonoma,2021-05-10,2291,494903,1035,256608,1123,224063,133,14232,280,65623,1998,221269,410,286892,California
Sonoma,2021-05-11,3469,498372,1891,258499,1463,225526,115,14347,970,64219,2489,223758,1085,287977,California
Sonoma,2021-05-12,3863,502235,2425,260924,1307,226833,131,14478,855,62205,3000,226758,986,288963,California
Sonoma,2021-05-13,4479,506714,2644,263568,1722,228555,113,14591,1497,60840,2973,229731,1608,290571,California
Sonoma,2021-05-14,4499,511213,2843,266411,1579,230134,77,14668,1522,59469,2970,232701,1599,292170,California
Stanislaus,2020-12-15,3,3,3,3,0,0,0,0,3,3,0,0,3,3,California
Stanislaus,2020-12-16,37,40,37,40,0,0,0,0,37,40,0,0,37,40,California
Stanislaus,2020-12-17,74,114,74,114,0,0,0,0,74,114,0,0,74,114,California
Stanislaus,2020-12-18,337,451,331,445,6,6,0,0,337,451,0,0,337,451,California
Stanislaus,2020-12-19,134,585,134,579,0,6,0,0,134,585,0,0,134,585,California
Stanislaus,2020-12-20,85,670,85,664,0,6,0,0,85,670,0,0,85,670,California
Stanislaus,2020-12-21,999,1669,998,1662,1,7,0,0,998,1668,0,0,998,1668,California
Stanislaus,2020-12-22,795,2464,783,2445,12,19,0,0,795,2463,0,0,795,2463,California
Stanislaus,2020-12-23,448,2912,430,2875,18,37,0,0,447,2910,0,0,447,2910,California
Stanislaus,2020-12-24,97,3009,88,2963,9,46,0,0,97,3007,0,0,97,3007,California
Stanislaus,2020-12-26,51,3060,8,2971,43,89,0,0,51,3058,0,0,51,3058,California
Stanislaus,2020-12-27,11,3071,6,2977,5,94,0,0,11,3069,0,0,11,3069,California
Stanislaus,2020-12-28,489,3560,395,3372,94,188,0,0,489,3558,0,0,489,3558,California
Stanislaus,2020-12-29,495,4055,416,3788,79,267,0,0,495,4053,0,0,495,4053,California
Stanislaus,2020-12-30,534,4589,279,4067,255,522,0,0,533,4585,1,1,533,4586,California
Stanislaus,2020-12-31,276,4865,157,4224,119,641,0,0,276,4861,0,1,276,4862,California
Stanislaus,2021-01-01,12,4877,4,4228,8,649,0,0,12,4873,0,1,12,4874,California
Stanislaus,2021-01-02,33,4910,26,4254,7,656,0,0,33,4906,0,1,33,4907,California
Stanislaus,2021-01-03,90,5000,87,4341,3,659,0,0,90,4996,0,1,90,4997,California
Stanislaus,2021-01-04,231,5231,151,4492,80,739,0,0,231,5227,0,1,231,5228,California
Stanislaus,2021-01-05,832,6063,342,4834,490,1229,0,0,808,6019,23,24,815,6043,California
Stanislaus,2021-01-06,1004,7067,600,5434,404,1633,0,0,931,6882,70,94,933,6976,California
Stanislaus,2021-01-07,1080,8147,704,6138,376,2009,0,0,890,7590,184,278,892,7868,California
Stanislaus,2021-01-08,1279,9426,723,6861,556,2565,0,0,937,8193,339,617,942,8810,California
Stanislaus,2021-01-09,285,9711,141,7002,144,2709,0,0,195,8298,90,707,195,9005,California
Stanislaus,2021-01-10,48,9759,21,7023,27,2736,0,0,29,8308,19,726,29,9034,California
Stanislaus,2021-01-11,1525,11284,1246,8269,279,3015,0,0,598,8002,922,1648,616,9650,California
Stanislaus,2021-01-12,1469,12753,863,9132,606,3621,0,0,830,8205,635,2283,838,10488,California
Stanislaus,2021-01-13,1441,14194,686,9818,755,4376,0,0,1119,9011,322,2605,1128,11616,California
Stanislaus,2021-01-14,2232,16426,283,10101,1949,6325,0,0,2065,10977,164,2769,2130,13746,California
Stanislaus,2021-01-15,2823,19249,1158,11259,1665,7990,0,0,2672,13581,147,2916,2751,16497,California
Stanislaus,2021-01-16,472,19721,51,11310,421,8411,0,0,455,14022,16,2932,457,16954,California
Stanislaus,2021-01-17,244,19965,202,11512,42,8453,0,0,238,14255,5,2937,238,17192,California
Stanislaus,2021-01-18,2186,22151,1025,12537,1161,9614,0,0,1804,15750,377,3314,1872,19064,California
Stanislaus,2021-01-19,1251,23402,722,13259,529,10143,0,0,805,16113,443,3757,806,19870,California
Stanislaus,2021-01-20,1004,24406,487,13746,517,10660,0,0,712,16534,291,4048,712,20582,California
Stanislaus,2021-01-21,3651,28057,2952,16698,699,11359,0,0,3332,19649,317,4365,3432,24014,California
Stanislaus,2021-01-22,1087,29144,308,17006,779,12138,0,0,1042,20654,41,4406,1046,25060,California
Stanislaus,2021-01-23,343,29487,43,17049,300,12438,0,0,285,20886,57,4463,289,25349,California
Stanislaus,2021-01-24,292,29779,100,17149,192,12630,0,0,226,21048,66,4529,228,25577,California
Stanislaus,2021-01-25,3152,32931,228,17377,2924,15554,0,0,2835,23743,281,4810,2976,28553,California
Stanislaus,2021-01-26,1724,34655,744,18121,980,16534,0,0,1299,24639,419,5229,1315,29868,California
Stanislaus,2021-01-27,1872,36527,1034,19155,838,17372,0,0,1168,25148,660,5889,1169,31037,California
Stanislaus,2021-01-28,2208,38735,1511,20666,697,18069,0,0,1722,26447,478,6367,1777,32814,California
Stanislaus,2021-01-29,2432,41167,1191,21857,1241,19310,0,0,1908,27922,479,6846,1954,34768,California
Stanislaus,2021-01-30,292,41459,131,21988,161,19471,0,0,229,28099,52,6898,229,34997,California
Stanislaus,2021-01-31,369,41828,315,22303,54,19525,0,0,353,28439,13,6911,353,35350,California
Stanislaus,2021-02-01,1265,43093,557,22860,708,20233,0,0,917,29019,337,7248,917,36267,California
Stanislaus,2021-02-02,1236,44329,375,23235,861,21094,0,0,781,29359,445,7693,785,37052,California
Stanislaus,2021-02-03,2478,46807,1099,24334,1379,22473,0,0,1804,30502,669,8362,1812,38864,California
Stanislaus,2021-02-04,2104,48911,726,25060,1378,23851,0,0,1585,31588,505,8867,1591,40455,California
Stanislaus,2021-02-05,2839,51750,1460,26520,1379,25230,0,0,1581,31980,1201,10068,1593,42048,California
Stanislaus,2021-02-06,885,52635,302,26822,583,25813,0,0,694,32486,189,10257,695,42743,California
Stanislaus,2021-02-07,213,52848,189,27011,24,25837,0,0,42,32359,170,10427,43,42786,California
Stanislaus,2021-02-08,2021,54869,1322,28333,699,26536,0,0,1097,32579,889,11316,1109,43895,California
Stanislaus,2021-02-09,1834,56703,779,29112,1055,27591,0,0,1044,32860,769,12085,1050,44945,California
Stanislaus,2021-02-10,1934,58637,533,29645,1401,28992,0,0,1012,32973,901,12986,1014,45959,California
Stanislaus,2021-02-11,5377,64014,3263,32908,2114,31106,0,0,1226,30247,3956,16942,1230,47189,California
Stanislaus,2021-02-12,3292,67306,913,33821,2379,33485,0,0,1450,29937,1765,18707,1455,48644,California
Stanislaus,2021-02-13,1351,68657,651,34472,700,34185,0,0,981,30557,365,19072,985,49629,California
Stanislaus,2021-02-14,421,69078,167,34639,254,34439,0,0,353,30844,66,19138,353,49982,California
Stanislaus,2021-02-15,1811,70889,230,34869,1581,36020,0,0,580,30306,1122,20260,584,50566,California
Stanislaus,2021-02-16,1357,72246,419,35288,938,36958,0,0,578,30117,769,21029,580,51146,California
Stanislaus,2021-02-17,2744,74990,1682,36970,1062,38020,0,0,1933,31251,807,21836,1941,53087,California
Stanislaus,2021-02-18,3355,78345,1897,38867,1458,39478,0,0,1795,31581,1480,23316,1810,54897,California
Stanislaus,2021-02-19,2750,81095,1059,39926,1691,41169,0,0,1525,31934,1185,24501,1538,56435,California
Stanislaus,2021-02-20,745,81840,378,40304,367,41536,0,0,482,32173,245,24746,484,56919,California
Stanislaus,2021-02-21,904,82744,689,40993,215,41751,0,0,550,32404,330,25076,561,57480,California
Stanislaus,2021-02-22,2340,85084,1690,42683,650,42401,0,0,1632,33355,682,25758,1633,59113,California
Stanislaus,2021-02-23,3691,88775,678,43361,3013,45414,0,0,1726,33272,1816,27574,1733,60846,California
Stanislaus,2021-02-24,4168,92943,2843,46204,1325,46739,0,0,3126,35377,1024,28598,3129,63975,California
Stanislaus,2021-02-25,3880,96823,2645,48849,1235,47974,0,0,3077,37673,784,29382,3080,67055,California
Stanislaus,2021-02-26,4181,101004,1213,50062,2968,50942,0,0,2828,39208,1303,30685,2838,69893,California
Stanislaus,2021-02-27,2088,103092,706,50768,1381,52323,1,1,1859,40868,201,30886,1861,71754,California
Stanislaus,2021-02-28,818,103910,262,51030,556,52879,0,1,770,41600,39,30925,771,72525,California
Stanislaus,2021-03-01,2759,106669,1623,52653,1135,54014,1,2,1627,42134,1103,32028,1637,74162,California
Stanislaus,2021-03-02,2379,109048,1413,54066,965,54979,1,3,1653,43071,717,32745,1654,75816,California
Stanislaus,2021-03-03,3707,112755,2227,56293,1478,56457,2,5,2904,45189,786,33531,2904,78720,California
Stanislaus,2021-03-04,5431,118186,3102,59395,2313,58770,16,21,4187,48172,1216,34747,4199,82919,California
Stanislaus,2021-03-05,4020,122206,1116,60511,2888,61658,16,37,3053,50300,941,35688,3069,85988,California
Stanislaus,2021-03-06,3571,125777,2223,62734,1255,62913,93,130,2720,52268,847,36535,2815,88803,California
Stanislaus,2021-03-07,847,126624,386,63120,425,63338,36,166,659,52781,182,36717,695,89498,California
Stanislaus,2021-03-08,1982,128606,854,63974,1039,64377,89,255,1322,53546,645,37362,1410,90908,California
Stanislaus,2021-03-09,2170,130776,894,64868,1184,65561,92,347,1628,54740,530,37892,1724,92632,California
Stanislaus,2021-03-10,5053,135829,2493,67361,2339,67900,221,568,3735,57409,1300,39192,3969,96601,California
Stanislaus,2021-03-11,5706,141535,3133,70494,2097,69997,476,1044,4126,60595,1419,40611,4605,101206,California
Stanislaus,2021-03-12,5759,147294,1226,71720,2612,72609,1921,2965,2912,62598,2825,43436,4828,106034,California
Stanislaus,2021-03-13,3379,150673,2179,73899,1132,73741,68,3033,2687,64674,684,44120,2760,108794,California
Stanislaus,2021-03-14,996,151669,595,74494,350,74091,51,3084,492,64719,501,44621,546,109340,California
Stanislaus,2021-03-15,3684,155353,1971,76465,1355,75446,358,3442,1603,64700,1986,46607,1967,111307,California
Stanislaus,2021-03-16,4900,160253,2439,78904,2050,77496,411,3853,3532,67294,1349,47956,3943,115250,California
Stanislaus,2021-03-17,4709,164962,2850,81754,1681,79177,178,4031,2882,68555,1805,49761,3066,118316,California
Stanislaus,2021-03-18,5410,170372,3414,85168,1930,81107,66,4097,2976,69315,2286,52047,3046,121362,California
Stanislaus,2021-03-19,5912,176284,1526,86694,2861,83968,1525,5622,3099,71153,2784,54831,4622,125984,California
Stanislaus,2021-03-20,3834,180118,3001,89695,765,84733,68,5690,3364,74123,463,55294,3433,129417,California
Stanislaus,2021-03-21,983,181101,883,90578,35,84768,65,5755,746,74699,235,55529,811,130228,California
Stanislaus,2021-03-22,2808,183909,1320,91898,764,85532,724,6479,1242,75118,1548,57077,1967,132195,California
Stanislaus,2021-03-23,3939,187848,2015,93913,1664,87196,260,6739,2812,77098,1111,58188,3091,135286,California
Stanislaus,2021-03-24,4538,192386,3213,97126,1257,88453,68,6807,2638,77951,1856,60044,2709,137995,California
Stanislaus,2021-03-25,4228,196614,2904,100030,1308,89761,16,6823,1811,77438,2340,62384,1827,139822,California
Stanislaus,2021-03-26,4714,201328,1333,101363,3306,93067,75,6898,2369,77585,2311,64695,2458,142280,California
Stanislaus,2021-03-27,4341,205669,2715,104078,1580,94647,46,6944,1378,76070,2947,67642,1432,143712,California
Stanislaus,2021-03-28,1102,206771,439,104517,557,95204,106,7050,320,75731,770,68412,431,144143,California
Stanislaus,2021-03-29,2970,209741,1821,106338,1110,96314,39,7089,1982,76780,978,69390,2027,146170,California
Stanislaus,2021-03-30,3662,213403,2051,108389,1584,97898,27,7116,2232,77623,1422,70812,2265,148435,California
Stanislaus,2021-03-31,5397,218800,3827,112216,1452,99350,118,7234,2768,77900,2612,73424,2889,151324,California
Stanislaus,2021-04-01,5721,224521,3826,116042,1805,101155,90,7324,2625,77545,3080,76504,2725,154049,California
Stanislaus,2021-04-02,4987,229508,1210,117252,3625,104780,152,7476,2239,77284,2663,79167,2402,156451,California
Stanislaus,2021-04-03,4541,234049,3299,120551,1205,105985,37,7513,2240,77281,2292,81459,2289,158740,California
Stanislaus,2021-04-04,1319,235368,472,121023,817,106802,30,7543,650,77304,663,82122,686,159426,California
Stanislaus,2021-04-05,3628,238996,2527,123550,851,107653,250,7793,2353,78645,1266,83388,2607,162033,California
Stanislaus,2021-04-06,5733,244729,4157,127707,1303,108956,273,8066,3081,79366,2639,86027,3360,165393,California
Stanislaus,2021-04-07,6341,251070,3596,131303,2326,111282,419,8485,2829,79124,3496,89523,3254,168647,California
Stanislaus,2021-04-08,5670,256740,3320,134623,1919,113201,431,8916,2766,79441,2885,92408,3202,171849,California
Stanislaus,2021-04-09,4809,261549,2103,136726,2337,115538,369,9285,2184,79403,2603,95011,2565,174414,California
Stanislaus,2021-04-10,6480,268029,3982,140708,859,116397,1639,10924,1999,78576,4458,99469,3631,178045,California
Stanislaus,2021-04-11,1522,269551,850,141558,539,116936,133,11057,666,78522,854,100323,800,178845,California
Stanislaus,2021-04-12,3587,273138,2042,143600,1100,118036,445,11502,1875,79151,1698,102021,2327,181172,California
Stanislaus,2021-04-13,5188,278326,3416,147016,1759,119795,13,11515,2921,79848,2230,104251,2927,184099,California
Stanislaus,2021-04-14,4642,282968,3249,150265,1392,121187,1,11516,2256,79754,2355,106606,2261,186360,California
Stanislaus,2021-04-15,5372,288340,3308,153573,2062,123249,2,11518,3232,80885,2105,108711,3236,189596,California
Stanislaus,2021-04-16,4285,292625,986,154559,3298,126547,1,11519,1815,80273,2430,111141,1818,191414,California
Stanislaus,2021-04-17,3130,295755,2096,156655,1034,127581,0,11519,1828,80812,1293,112434,1832,193246,California
Stanislaus,2021-04-18,528,296283,215,156870,313,127894,0,11519,405,81102,117,112551,407,193653,California
Stanislaus,2021-04-19,3447,299730,2444,159314,1002,128896,1,11520,1635,80965,1781,114332,1644,195297,California
Stanislaus,2021-04-20,3972,303702,2413,161727,1559,130455,0,11520,1744,80511,2200,116532,1746,197043,California
Stanislaus,2021-04-21,3807,307509,2545,164272,1261,131716,1,11521,1604,79954,2168,118700,1611,198654,California
Stanislaus,2021-04-22,3938,311447,2397,166669,1541,133257,0,11521,1579,79223,2316,121016,1585,200239,California
Stanislaus,2021-04-23,3590,315037,844,167513,2745,136002,1,11522,1475,78683,2023,123039,1483,201722,California
Stanislaus,2021-04-24,3723,318760,2920,170433,803,136805,0,11522,1733,78449,1974,125013,1740,203462,California
Stanislaus,2021-04-25,932,319692,476,170909,456,137261,0,11522,683,78893,244,125257,688,204150,California
Stanislaus,2021-04-26,3233,322925,2277,173186,950,138211,6,11528,957,77605,2259,127516,971,205121,California
Stanislaus,2021-04-27,3855,326780,2676,175862,1137,139348,42,11570,1075,75962,2761,130277,1118,206239,California
Stanislaus,2021-04-28,4126,330906,2905,178767,1159,140507,62,11632,1805,75537,2304,132581,1879,208118,California
Stanislaus,2021-04-29,3587,334493,2243,181010,1296,141803,48,11680,1409,74840,2163,134744,1466,209584,California
Stanislaus,2021-04-30,4484,338977,2046,183056,2354,144157,84,11764,1778,74014,2696,137440,1870,211454,California
Stanislaus,2021-05-01,2699,341676,1920,184976,739,144896,40,11804,1008,73388,1682,139122,1056,212510,California
Stanislaus,2021-05-02,1069,342745,610,185586,423,145319,36,11840,516,73398,547,139669,557,213067,California
Stanislaus,2021-05-03,2384,345129,1900,187486,414,145733,70,11910,896,72900,1475,141144,977,214044,California
Stanislaus,2021-05-04,3422,348551,2434,189920,900,146633,88,11998,1028,71639,2385,143529,1124,215168,California
Stanislaus,2021-05-05,3142,351693,2114,192034,954,147587,74,12072,1057,70707,2067,145596,1135,216303,California
Stanislaus,2021-05-06,3081,354774,2292,194326,683,148270,106,12178,1012,69777,2054,147650,1124,217427,California
Stanislaus,2021-05-07,2271,357045,880,195206,1249,149519,142,12320,936,69529,1327,148977,1079,218506,California
Stanislaus,2021-05-08,1953,358998,1335,196541,585,150104,33,12353,710,69049,1230,150207,750,219256,California
Stanislaus,2021-05-09,703,359701,335,196876,341,150445,27,12380,305,68984,397,150604,332,219588,California
Stanislaus,2021-05-10,1654,361355,1133,198009,443,150888,78,12458,446,68311,1198,151802,525,220113,California
Stanislaus,2021-05-11,2324,363679,1466,199475,703,151591,155,12613,653,67460,1663,153465,812,220925,California
Stanislaus,2021-05-12,2043,365722,1213,200688,735,152326,95,12708,790,67105,1241,154706,886,221811,California
Stanislaus,2021-05-13,1783,367505,992,201680,678,153004,113,12821,804,67052,973,155679,920,222731,California
Stanislaus,2021-05-14,1639,369144,486,202166,1035,154039,118,12939,559,66658,1070,156749,676,223407,California
Sutter,2020-12-15,1,1,1,1,0,0,0,0,1,1,0,0,1,1,California
Sutter,2020-12-16,4,5,4,5,0,0,0,0,4,5,0,0,4,5,California
Sutter,2020-12-17,2,7,2,7,0,0,0,0,2,7,0,0,2,7,California
Sutter,2020-12-18,20,27,20,27,0,0,0,0,20,27,0,0,20,27,California
Sutter,2020-12-19,44,71,44,71,0,0,0,0,44,71,0,0,44,71,California
Sutter,2020-12-20,42,113,42,113,0,0,0,0,42,113,0,0,42,113,California
Sutter,2020-12-21,100,213,100,213,0,0,0,0,100,213,0,0,100,213,California
Sutter,2020-12-22,172,385,172,385,0,0,0,0,172,385,0,0,172,385,California
Sutter,2020-12-23,116,501,111,496,5,5,0,0,116,501,0,0,116,501,California
Sutter,2020-12-24,17,518,11,507,6,11,0,0,17,518,0,0,17,518,California
Sutter,2020-12-26,38,556,34,541,4,15,0,0,38,556,0,0,38,556,California
Sutter,2020-12-27,24,580,23,564,1,16,0,0,24,580,0,0,24,580,California
Sutter,2020-12-28,83,663,55,619,28,44,0,0,83,663,0,0,83,663,California
Sutter,2020-12-29,101,764,14,633,87,131,0,0,101,764,0,0,101,764,California
Sutter,2020-12-30,137,901,34,667,103,234,0,0,137,901,0,0,137,901,California
Sutter,2020-12-31,70,971,6,673,64,298,0,0,70,971,0,0,70,971,California
Sutter,2021-01-01,3,974,3,676,0,298,0,0,3,974,0,0,3,974,California
Sutter,2021-01-02,131,1105,129,805,2,300,0,0,131,1105,0,0,131,1105,California
Sutter,2021-01-03,1,1106,0,805,1,301,0,0,1,1106,0,0,1,1106,California
Sutter,2021-01-04,247,1353,139,944,108,409,0,0,247,1353,0,0,247,1353,California
Sutter,2021-01-05,100,1453,57,1001,43,452,0,0,98,1449,2,2,98,1451,California
Sutter,2021-01-06,204,1657,50,1051,154,606,0,0,199,1643,5,7,199,1650,California
Sutter,2021-01-07,251,1908,151,1202,100,706,0,0,242,1877,8,15,242,1892,California
Sutter,2021-01-08,147,2055,40,1242,107,813,0,0,130,1990,17,32,130,2022,California
Sutter,2021-01-09,46,2101,43,1285,3,816,0,0,5,1954,41,73,5,2027,California
Sutter,2021-01-10,397,2498,37,1322,360,1176,0,0,359,2276,37,110,359,2386,California
Sutter,2021-01-11,132,2630,114,1436,18,1194,0,0,26,2196,106,216,26,2412,California
Sutter,2021-01-12,201,2831,164,1600,37,1231,0,0,58,2111,143,359,58,2470,California
Sutter,2021-01-13,161,2992,98,1698,63,1294,0,0,71,2093,89,448,71,2541,California
Sutter,2021-01-14,145,3137,49,1747,96,1390,0,0,126,2200,19,467,126,2667,California
Sutter,2021-01-15,436,3573,132,1879,304,1694,0,0,421,2606,15,482,421,3088,California
Sutter,2021-01-16,384,3957,41,1920,343,2037,0,0,353,2929,30,512,353,3441,California
Sutter,2021-01-17,26,3983,24,1944,2,2039,0,0,10,2923,16,528,10,3451,California
Sutter,2021-01-18,116,4099,61,2005,55,2094,0,0,69,2945,47,575,69,3520,California
Sutter,2021-01-19,104,4203,43,2048,61,2155,0,0,79,2999,25,600,79,3599,California
Sutter,2021-01-20,254,4457,190,2238,64,2219,0,0,234,3213,20,620,234,3833,California
Sutter,2021-01-21,472,4929,303,2541,169,2388,0,0,453,3647,19,639,453,4286,California
Sutter,2021-01-22,269,5198,81,2622,188,2576,0,0,260,3898,9,648,260,4546,California
Sutter,2021-01-23,396,5594,39,2661,357,2933,0,0,370,4242,26,674,370,4916,California
Sutter,2021-01-24,17,5611,14,2675,3,2936,0,0,15,4255,2,676,15,4931,California
Sutter,2021-01-25,307,5918,197,2872,110,3046,0,0,152,4253,154,830,152,5083,California
Sutter,2021-01-26,243,6161,103,2975,140,3186,0,0,143,4297,99,929,143,5226,California
Sutter,2021-01-27,386,6547,255,3230,131,3317,0,0,320,4551,66,995,320,5546,California
Sutter,2021-01-28,524,7071,301,3531,223,3540,0,0,394,4816,129,1124,394,5940,California
Sutter,2021-01-29,419,7490,146,3677,273,3813,0,0,254,4905,165,1289,254,6194,California
Sutter,2021-01-30,775,8265,38,3715,737,4550,0,0,764,5658,11,1300,764,6958,California
Sutter,2021-01-31,27,8292,27,3742,0,4550,0,0,27,5685,0,1300,27,6985,California
Sutter,2021-02-01,165,8457,49,3791,116,4666,0,0,134,5788,31,1331,134,7119,California
Sutter,2021-02-02,244,8701,27,3818,217,4883,0,0,212,5968,32,1363,212,7331,California
Sutter,2021-02-03,443,9144,38,3856,405,5288,0,0,210,5945,233,1596,210,7541,California
Sutter,2021-02-04,670,9814,366,4222,304,5592,0,0,620,6515,50,1646,620,8161,California
Sutter,2021-02-05,286,10100,33,4255,253,5845,0,0,137,6503,149,1795,137,8298,California
Sutter,2021-02-06,735,10835,29,4284,706,6551,0,0,713,7194,22,1817,713,9011,California
Sutter,2021-02-07,23,10858,20,4304,3,6554,0,0,19,7209,4,1821,19,9030,California
Sutter,2021-02-08,134,10992,29,4333,105,6659,0,0,98,7271,36,1857,98,9128,California
Sutter,2021-02-09,244,11236,45,4378,199,6858,0,0,183,7393,61,1918,183,9311,California
Sutter,2021-02-10,818,12054,379,4757,439,7297,0,0,177,6930,640,2558,177,9488,California
Sutter,2021-02-11,603,12657,275,5032,328,7625,0,0,345,7017,258,2816,345,9833,California
Sutter,2021-02-12,633,13290,67,5099,566,8191,0,0,310,7005,322,3138,310,10143,California
Sutter,2021-02-13,897,14187,49,5148,848,9039,0,0,780,7668,117,3255,780,10923,California
Sutter,2021-02-14,90,14277,25,5173,65,9104,0,0,80,7738,10,3265,80,11003,California
Sutter,2021-02-15,198,14475,73,5246,125,9229,0,0,119,7778,79,3344,119,11122,California
Sutter,2021-02-16,289,14764,45,5291,244,9473,0,0,205,7900,83,3427,205,11327,California
Sutter,2021-02-17,822,15586,428,5719,394,9867,0,0,129,7336,693,4120,129,11456,California
Sutter,2021-02-18,700,16286,55,5774,645,10512,0,0,489,7615,210,4330,489,11945,California
Sutter,2021-02-19,664,16950,378,6152,286,10798,0,0,462,7877,200,4530,462,12407,California
Sutter,2021-02-20,622,17572,55,6207,567,11365,0,0,519,8294,102,4632,519,12926,California
Sutter,2021-02-21,29,17601,26,6233,3,11368,0,0,6,8277,23,4655,6,12932,California
Sutter,2021-02-22,207,17808,122,6355,85,11453,0,0,87,8244,120,4775,87,13019,California
Sutter,2021-02-23,223,18031,33,6388,190,11643,0,0,97,8215,126,4901,97,13116,California
Sutter,2021-02-24,960,18991,349,6737,611,12254,0,0,190,7636,769,5670,190,13306,California
Sutter,2021-02-25,786,19777,499,7236,287,12541,0,0,605,8063,178,5848,605,13911,California
Sutter,2021-02-26,370,20147,59,7295,311,12852,0,0,154,8003,214,6062,154,14065,California
Sutter,2021-02-27,865,21012,44,7339,821,13673,0,0,710,8556,157,6219,710,14775,California
Sutter,2021-02-28,83,21095,38,7377,45,13718,0,0,64,8602,18,6237,64,14839,California
Sutter,2021-03-01,247,21342,61,7438,186,13904,0,0,150,8655,97,6334,150,14989,California
Sutter,2021-03-02,334,21676,57,7495,277,14181,0,0,160,8642,173,6507,160,15149,California
Sutter,2021-03-03,1383,23059,513,8008,870,15051,0,0,645,8555,732,7239,645,15794,California
Sutter,2021-03-04,1256,24315,867,8875,389,15440,0,0,950,9203,302,7541,950,16744,California
Sutter,2021-03-05,337,24652,77,8952,259,15699,1,1,204,9276,132,7673,205,16949,California
Sutter,2021-03-06,1022,25674,46,8998,971,16670,5,6,860,9979,162,7835,865,17814,California
Sutter,2021-03-07,64,25738,23,9021,40,16710,1,7,44,10004,20,7855,45,17859,California
Sutter,2021-03-08,226,25964,79,9100,135,16845,12,19,158,10106,68,7923,170,18029,California
Sutter,2021-03-09,385,26349,136,9236,236,17081,13,32,183,10100,202,8125,196,18225,California
Sutter,2021-03-10,1570,27919,683,9919,826,17907,61,93,527,9648,1040,9165,588,18813,California
Sutter,2021-03-11,895,28814,442,10361,434,18341,19,112,648,10071,244,9409,667,19480,California
Sutter,2021-03-12,673,29487,110,10471,381,18722,182,294,199,9979,471,9880,379,19859,California
Sutter,2021-03-13,981,30468,747,11218,217,18939,17,311,778,10573,201,10081,795,20654,California
Sutter,2021-03-14,128,30596,21,11239,96,19035,11,322,43,10542,85,10166,54,20708,California
Sutter,2021-03-15,318,30914,66,11305,203,19238,49,371,151,10576,166,10332,200,20908,California
Sutter,2021-03-16,388,31302,86,11391,255,19493,47,418,210,10654,178,10510,256,21164,California
Sutter,2021-03-17,1498,32800,564,11955,914,20407,20,438,312,9807,1178,11688,331,21495,California
Sutter,2021-03-18,968,33768,180,12135,587,20994,201,639,569,10178,398,12086,769,22264,California
Sutter,2021-03-19,463,34231,165,12300,269,21263,29,668,284,10314,177,12263,313,22577,California
Sutter,2021-03-20,949,35180,116,12416,822,22085,11,679,861,11098,88,12351,872,23449,California
Sutter,2021-03-21,67,35247,47,12463,17,22102,3,682,37,11108,30,12381,40,23489,California
Sutter,2021-03-22,287,35534,120,12583,141,22243,26,708,212,11272,74,12455,238,23727,California
Sutter,2021-03-23,377,35911,116,12699,229,22472,32,740,255,11437,122,12577,287,24014,California
Sutter,2021-03-24,1684,37595,774,13473,840,23312,70,810,318,10473,1352,13929,388,24402,California
Sutter,2021-03-25,1039,38634,680,14153,318,23630,41,851,370,10217,667,14596,411,24813,California
Sutter,2021-03-26,485,39119,173,14326,295,23925,17,868,293,10338,189,14785,310,25123,California
Sutter,2021-03-27,931,40050,63,14389,866,24791,2,870,823,11058,105,14890,825,25948,California
Sutter,2021-03-28,125,40175,71,14460,54,24845,0,870,78,11091,45,14935,78,26026,California
Sutter,2021-03-29,427,40602,144,14604,228,25073,55,925,226,11173,199,15134,281,26307,California
Sutter,2021-03-30,478,41080,160,14764,308,25381,10,935,318,11341,160,15294,328,26635,California
Sutter,2021-03-31,1249,42329,176,14940,1057,26438,16,951,448,11013,791,16085,463,27098,California
Sutter,2021-04-01,1379,43708,734,15674,458,26896,187,1138,424,10676,948,17033,611,27709,California
Sutter,2021-04-02,513,44221,100,15774,295,27191,118,1256,201,10681,311,17344,316,28025,California
Sutter,2021-04-03,910,45131,77,15851,210,27401,623,1879,121,10638,787,18131,744,28769,California
Sutter,2021-04-04,118,45249,22,15873,90,27491,6,1885,55,10636,63,18194,61,28830,California
Sutter,2021-04-05,368,45617,146,16019,186,27677,36,1921,177,10661,188,18382,213,29043,California
Sutter,2021-04-06,508,46125,197,16216,255,27932,56,1977,272,10754,235,18617,328,29371,California
Sutter,2021-04-07,1462,47587,865,17081,522,28454,75,2052,600,10573,856,19473,675,30046,California
Sutter,2021-04-08,1036,48623,576,17657,351,28805,109,2161,570,10789,461,19934,677,30723,California
Sutter,2021-04-09,560,49183,247,17904,249,29054,64,2225,234,10763,324,20258,298,31021,California
Sutter,2021-04-10,818,50001,106,18010,87,29141,625,2850,104,10774,712,20970,723,31744,California
Sutter,2021-04-11,110,50111,28,18038,40,29181,42,2892,32,10770,78,21048,74,31818,California
Sutter,2021-04-12,336,50447,91,18129,191,29372,54,2946,136,10760,200,21248,190,32008,California
Sutter,2021-04-13,429,50876,127,18256,302,29674,0,2946,214,10761,213,21461,214,32222,California
Sutter,2021-04-14,1292,52168,161,18417,1130,30804,1,2947,213,9902,1073,22534,214,32436,California
Sutter,2021-04-15,535,52703,175,18592,360,31164,0,2947,213,9795,320,22854,213,32649,California
Sutter,2021-04-16,393,53096,123,18715,270,31434,0,2947,180,9763,212,23066,180,32829,California
Sutter,2021-04-17,577,53673,84,18799,493,31927,0,2947,506,10200,69,23135,506,33335,California
Sutter,2021-04-18,69,53742,10,18809,59,31986,0,2947,42,10216,26,23161,42,33377,California
Sutter,2021-04-19,288,54030,110,18919,178,32164,0,2947,120,10170,166,23327,120,33497,California
Sutter,2021-04-20,395,54425,136,19055,258,32422,1,2948,201,10178,193,23520,201,33698,California
Sutter,2021-04-21,1234,55659,421,19476,813,33235,0,2948,476,9905,749,24269,476,34174,California
Sutter,2021-04-22,480,56139,167,19643,313,33548,0,2948,247,9921,231,24500,247,34421,California
Sutter,2021-04-23,397,56536,115,19758,282,33830,0,2948,186,9897,210,24710,186,34607,California
Sutter,2021-04-24,326,56862,106,19864,219,34049,1,2949,185,9943,140,24850,186,34793,California
Sutter,2021-04-25,157,57019,75,19939,82,34131,0,2949,86,9961,68,24918,86,34879,California
Sutter,2021-04-26,287,57306,88,20027,197,34328,2,2951,123,9924,162,25080,125,35004,California
Sutter,2021-04-27,526,57832,265,20292,257,34585,4,2955,242,9889,281,25361,246,35250,California
Sutter,2021-04-28,816,58648,340,20632,468,35053,8,2963,260,9606,551,25912,268,35518,California
Sutter,2021-04-29,775,59423,136,20768,638,35691,1,2964,310,9455,462,26374,311,35829,California
Sutter,2021-04-30,356,59779,108,20876,235,35926,13,2977,145,9404,208,26582,157,35986,California
Sutter,2021-05-01,294,60073,105,20981,148,36074,41,3018,124,9402,167,26749,165,36151,California
Sutter,2021-05-02,79,60152,52,21033,25,36099,2,3020,45,9415,34,26783,47,36198,California
Sutter,2021-05-03,169,60321,107,21140,53,36152,9,3029,69,9393,100,26883,78,36276,California
Sutter,2021-05-04,522,60843,236,21376,222,36374,64,3093,221,9379,298,27181,284,36560,California
Sutter,2021-05-05,534,61377,141,21517,385,36759,8,3101,159,9178,368,27549,167,36727,California
Sutter,2021-05-06,424,61801,231,21748,173,36932,20,3121,192,9158,232,27781,212,36939,California
Sutter,2021-05-07,405,62206,145,21893,238,37170,22,3143,152,9080,252,28033,174,37113,California
Sutter,2021-05-08,196,62402,49,21942,141,37311,6,3149,106,9102,90,28123,112,37225,California
Sutter,2021-05-09,81,62483,52,21994,24,37335,5,3154,56,9138,25,28148,61,37286,California
Sutter,2021-05-10,188,62671,42,22036,129,37464,17,3171,47,9063,139,28287,64,37350,California
Sutter,2021-05-11,429,63100,212,22248,200,37664,17,3188,178,9010,247,28534,194,37544,California
Sutter,2021-05-12,393,63493,207,22455,176,37840,10,3198,131,8893,258,28792,141,37685,California
Sutter,2021-05-13,403,63896,223,22678,158,37998,22,3220,155,8824,246,29038,177,37862,California
Sutter,2021-05-14,207,64103,34,22712,163,38161,10,3230,78,8784,128,29166,88,37950,California
Tehama,2020-12-15,1,1,1,1,0,0,0,0,1,1,0,0,1,1,California
Tehama,2020-12-16,2,3,2,3,0,0,0,0,2,3,0,0,2,3,California
Tehama,2020-12-17,12,15,12,15,0,0,0,0,12,15,0,0,12,15,California
Tehama,2020-12-18,2,17,2,17,0,0,0,0,3,18,0,0,3,18,California
Tehama,2020-12-21,33,50,33,50,0,0,0,0,33,51,0,0,33,51,California
Tehama,2020-12-22,68,118,62,112,6,6,0,0,68,119,0,0,68,119,California
Tehama,2020-12-23,48,166,40,152,8,14,0,0,48,167,0,0,48,167,California
Tehama,2020-12-24,5,171,3,155,2,16,0,0,5,172,0,0,5,172,California
Tehama,2020-12-26,3,174,2,157,1,17,0,0,3,175,0,0,3,175,California
Tehama,2020-12-27,2,176,2,159,0,17,0,0,2,177,0,0,2,177,California
Tehama,2020-12-28,56,232,43,202,13,30,0,0,56,233,0,0,56,233,California
Tehama,2020-12-29,31,263,31,233,0,30,0,0,31,264,0,0,31,264,California
Tehama,2020-12-30,54,317,38,271,16,46,0,0,53,317,0,0,53,317,California
Tehama,2020-12-31,14,331,4,275,10,56,0,0,14,331,0,0,14,331,California
Tehama,2021-01-01,2,333,0,275,2,58,0,0,2,333,0,0,2,333,California
Tehama,2021-01-04,32,365,9,284,23,81,0,0,32,365,0,0,32,365,California
Tehama,2021-01-05,70,435,43,327,27,108,0,0,67,429,3,3,67,432,California
Tehama,2021-01-06,71,506,21,348,50,158,0,0,62,483,8,11,62,494,California
Tehama,2021-01-07,57,563,7,355,50,208,0,0,56,538,1,12,56,550,California
Tehama,2021-01-08,33,596,24,379,9,217,0,0,28,561,5,17,28,578,California
Tehama,2021-01-09,7,603,5,384,2,219,0,0,5,564,2,19,5,583,California
Tehama,2021-01-10,1,604,0,384,1,220,0,0,1,565,0,19,1,584,California
Tehama,2021-01-11,48,652,46,430,2,222,0,0,15,547,33,52,15,599,California
Tehama,2021-01-12,116,768,96,526,20,242,0,0,71,573,45,97,71,670,California
Tehama,2021-01-13,73,841,55,581,18,260,0,0,27,554,46,143,27,697,California
Tehama,2021-01-14,225,1066,51,632,174,434,0,0,223,775,2,145,223,920,California
Tehama,2021-01-15,247,1313,74,706,173,607,0,0,243,1014,4,149,243,1163,California
Tehama,2021-01-16,272,1585,27,733,245,852,0,0,269,1280,3,152,269,1432,California
Tehama,2021-01-17,13,1598,9,742,4,856,0,0,11,1289,2,154,11,1443,California
Tehama,2021-01-18,10,1608,6,748,4,860,0,0,5,1289,5,159,5,1448,California
Tehama,2021-01-19,288,1896,62,810,226,1086,0,0,233,1467,55,214,233,1681,California
Tehama,2021-01-20,301,2197,87,897,214,1300,0,0,251,1669,49,263,251,1932,California
Tehama,2021-01-21,214,2411,11,908,203,1503,0,0,204,1863,10,273,204,2136,California
Tehama,2021-01-22,223,2634,21,929,202,1705,0,0,220,2080,3,276,220,2356,California
Tehama,2021-01-23,261,2895,10,939,251,1956,0,0,260,2339,1,277,260,2616,California
Tehama,2021-01-24,1,2896,1,940,0,1956,0,0,1,2340,0,277,1,2617,California
Tehama,2021-01-25,32,2928,14,954,18,1974,0,0,14,2336,18,295,14,2631,California
Tehama,2021-01-26,323,3251,42,996,281,2255,0,0,286,2585,37,332,286,2917,California
Tehama,2021-01-27,299,3550,21,1017,278,2533,0,0,279,2844,20,352,279,3196,California
Tehama,2021-01-28,340,3890,29,1046,311,2844,0,0,325,3154,15,367,325,3521,California
Tehama,2021-01-29,321,4211,19,1065,302,3146,0,0,304,3441,17,384,304,3825,California
Tehama,2021-01-30,103,4314,2,1067,101,3247,0,0,102,3542,1,385,102,3927,California
Tehama,2021-01-31,1,4315,0,1067,1,3248,0,0,1,3543,0,385,1,3928,California
Tehama,2021-02-01,78,4393,22,1089,56,3304,0,0,36,3537,42,427,36,3964,California
Tehama,2021-02-02,347,4740,63,1152,284,3588,0,0,250,3693,94,521,250,4214,California
Tehama,2021-02-03,387,5127,12,1164,375,3963,0,0,343,3992,44,565,343,4557,California
Tehama,2021-02-04,476,5603,99,1263,377,4340,0,0,395,4307,81,646,396,4953,California
Tehama,2021-02-05,174,5777,73,1336,101,4441,0,0,112,4357,62,708,112,5065,California
Tehama,2021-02-06,28,5805,13,1349,15,4456,0,0,16,4361,12,720,16,5081,California
Tehama,2021-02-07,5,5810,4,1353,1,4457,0,0,2,4360,3,723,2,5083,California
Tehama,2021-02-08,36,5846,14,1367,22,4479,0,0,27,4378,9,732,27,5110,California
Tehama,2021-02-09,78,5924,34,1401,44,4523,0,0,44,4388,34,766,44,5154,California
Tehama,2021-02-10,233,6157,62,1463,171,4694,0,0,157,4469,76,842,157,5311,California
Tehama,2021-02-11,221,6378,16,1479,205,4899,0,0,82,4414,137,979,82,5393,California
Tehama,2021-02-12,364,6742,65,1544,299,5198,0,0,174,4398,190,1169,174,5567,California
Tehama,2021-02-13,386,7128,13,1557,373,5571,0,0,147,4306,239,1408,147,5714,California
Tehama,2021-02-14,34,7162,1,1558,33,5604,0,0,32,4336,2,1410,32,5746,California
Tehama,2021-02-15,51,7213,9,1567,42,5646,0,0,45,4375,6,1416,45,5791,California
Tehama,2021-02-16,242,7455,16,1583,226,5872,0,0,60,4253,182,1598,60,5851,California
Tehama,2021-02-17,280,7735,12,1595,268,6140,0,0,54,4081,226,1824,54,5905,California
Tehama,2021-02-18,368,8103,32,1627,336,6476,0,0,144,4001,224,2048,144,6049,California
Tehama,2021-02-19,213,8316,18,1645,195,6671,0,0,42,3872,171,2219,42,6091,California
Tehama,2021-02-20,271,8587,6,1651,265,6936,0,0,26,3653,245,2464,26,6117,California
Tehama,2021-02-22,39,8626,15,1666,24,6960,0,0,26,3666,13,2477,26,6143,California
Tehama,2021-02-23,46,8672,19,1685,27,6987,0,0,26,3672,20,2497,26,6169,California
Tehama,2021-02-24,299,8971,13,1698,286,7273,0,0,26,3425,273,2770,26,6195,California
Tehama,2021-02-25,378,9349,62,1760,316,7589,0,0,39,3126,338,3108,39,6234,California
Tehama,2021-02-26,455,9804,19,1779,436,8025,0,0,70,2811,385,3493,70,6304,California
Tehama,2021-02-27,294,10098,5,1784,289,8314,0,0,34,2585,260,3753,34,6338,California
Tehama,2021-02-28,23,10121,2,1786,21,8335,0,0,20,2602,3,3756,20,6358,California
Tehama,2021-03-01,67,10188,8,1794,59,8394,0,0,33,2601,34,3790,33,6391,California
Tehama,2021-03-02,131,10319,18,1812,113,8507,0,0,30,2530,101,3891,30,6421,California
Tehama,2021-03-03,146,10465,33,1845,113,8620,0,0,47,2478,99,3990,47,6468,California
Tehama,2021-03-04,620,11085,36,1881,584,9204,0,0,222,2309,391,4381,222,6690,California
Tehama,2021-03-05,396,11481,18,1899,378,9582,0,0,214,2342,181,4562,214,6904,California
Tehama,2021-03-06,299,11780,17,1916,282,9864,0,0,81,2207,217,4779,82,6986,California
Tehama,2021-03-07,5,11785,1,1917,4,9868,0,0,3,2209,1,4780,3,6989,California
Tehama,2021-03-08,58,11843,12,1929,31,9899,15,15,27,2221,30,4810,42,7031,California
Tehama,2021-03-09,364,12207,8,1937,337,10236,19,34,309,2494,55,4865,328,7359,California
Tehama,2021-03-10,352,12559,13,1950,318,10554,21,55,69,2302,282,5147,90,7449,California
Tehama,2021-03-11,486,13045,17,1967,423,10977,46,101,343,2548,143,5290,389,7838,California
Tehama,2021-03-12,304,13349,19,1986,220,11197,65,166,179,2667,125,5415,244,8082,California
Tehama,2021-03-13,45,13394,8,1994,31,11228,6,172,6,2640,39,5454,12,8094,California
Tehama,2021-03-14,51,13445,3,1997,37,11265,11,183,10,2620,41,5495,21,8115,California
Tehama,2021-03-15,151,13596,21,2018,110,11375,20,203,82,2653,69,5564,102,8217,California
Tehama,2021-03-16,418,14014,14,2032,366,11741,38,241,315,2904,102,5666,353,8570,California
Tehama,2021-03-17,416,14430,22,2054,362,12103,32,273,333,3188,81,5747,365,8935,California
Tehama,2021-03-18,489,14919,26,2080,439,12542,24,297,310,3345,177,5924,334,9269,California
Tehama,2021-03-19,317,15236,23,2103,281,12823,13,310,275,3591,42,5966,288,9557,California
Tehama,2021-03-20,40,15276,8,2111,30,12853,2,312,28,3609,12,5978,30,9587,California
Tehama,2021-03-21,12,15288,5,2116,7,12860,0,312,12,3621,0,5978,12,9599,California
Tehama,2021-03-22,90,15378,7,2123,66,12926,17,329,49,3646,41,6019,66,9665,California
Tehama,2021-03-23,87,15465,26,2149,54,12980,7,336,68,3702,19,6038,75,9740,California
Tehama,2021-03-24,86,15551,16,2165,68,13048,2,338,55,3728,31,6069,57,9797,California
Tehama,2021-03-25,516,16067,352,2517,151,13199,13,351,466,4158,49,6118,479,10276,California
Tehama,2021-03-26,506,16573,398,2915,96,13295,12,363,431,4527,74,6192,443,10719,California
Tehama,2021-03-27,452,17025,360,3275,67,13362,25,388,385,4871,66,6258,410,11129,California
Tehama,2021-03-28,34,17059,13,3288,21,13383,0,388,22,4881,12,6270,22,11151,California
Tehama,2021-03-29,123,17182,31,3319,91,13474,1,389,77,4912,46,6316,77,11228,California
Tehama,2021-03-30,372,17554,222,3541,148,13622,2,391,254,5050,118,6434,256,11484,California
Tehama,2021-03-31,397,17951,296,3837,98,13720,3,394,325,5306,71,6505,327,11811,California
Tehama,2021-04-01,528,18479,248,4085,274,13994,6,400,395,5574,133,6638,401,12212,California
Tehama,2021-04-02,452,18931,213,4298,233,14227,6,406,268,5663,184,6822,273,12485,California
Tehama,2021-04-03,60,18991,3,4301,52,14279,5,411,30,5668,30,6852,35,12520,California
Tehama,2021-04-04,34,19025,6,4307,27,14306,1,412,22,5679,12,6864,23,12543,California
Tehama,2021-04-05,115,19140,21,4328,68,14374,26,438,60,5710,55,6919,86,12629,California
Tehama,2021-04-06,493,19633,110,4438,332,14706,51,489,141,5550,352,7271,192,12821,California
Tehama,2021-04-07,416,20049,282,4720,90,14796,44,533,303,5784,112,7383,346,13167,California
Tehama,2021-04-08,600,20649,174,4894,388,15184,38,571,229,5681,370,7753,267,13434,California
Tehama,2021-04-09,430,21079,193,5087,204,15388,33,604,215,5715,214,7967,248,13682,California
Tehama,2021-04-10,72,21151,9,5096,37,15425,26,630,39,5747,33,8000,65,13747,California
Tehama,2021-04-11,33,21184,7,5103,15,15440,11,641,8,5741,25,8025,19,13766,California
Tehama,2021-04-12,112,21296,6,5109,87,15527,19,660,42,5732,70,8095,61,13827,California
Tehama,2021-04-13,386,21682,63,5172,323,15850,0,660,67,5480,319,8414,67,13894,California
Tehama,2021-04-14,404,22086,51,5223,353,16203,0,660,53,5183,350,8764,53,13947,California
Tehama,2021-04-15,496,22582,192,5415,304,16507,0,660,85,4857,411,9175,85,14032,California
Tehama,2021-04-16,587,23169,336,5751,251,16758,0,660,76,4422,511,9686,76,14108,California
Tehama,2021-04-17,347,23516,268,6019,79,16837,0,660,41,4159,305,9991,42,14150,California
Tehama,2021-04-18,17,23533,3,6022,14,16851,0,660,13,4168,4,9995,13,14163,California
Tehama,2021-04-19,93,23626,7,6029,86,16937,0,660,40,4155,53,10048,40,14203,California
Tehama,2021-04-20,500,24126,412,6441,88,17025,0,660,146,3951,352,10400,148,14351,California
Tehama,2021-04-21,519,24645,445,6886,74,17099,0,660,168,3769,350,10750,168,14519,California
Tehama,2021-04-22,515,25160,364,7250,151,17250,0,660,150,3555,364,11114,150,14669,California
Tehama,2021-04-23,445,25605,346,7596,99,17349,0,660,204,3519,241,11355,205,14874,California
Tehama,2021-04-24,104,25709,18,7614,86,17435,0,660,30,3475,74,11429,30,14904,California
Tehama,2021-04-25,29,25738,18,7632,11,17446,0,660,11,3468,18,11447,11,14915,California
Tehama,2021-04-26,74,25812,10,7642,64,17510,0,660,43,3480,31,11478,43,14958,California
Tehama,2021-04-27,251,26063,206,7848,45,17555,0,660,92,3413,159,11637,92,15050,California
Tehama,2021-04-28,395,26458,318,8166,60,17615,17,677,65,3165,330,11967,82,15132,California
Tehama,2021-04-29,351,26809,171,8337,175,17790,5,682,68,2956,282,12249,73,15205,California
Tehama,2021-04-30,324,27133,240,8577,78,17868,6,688,112,2862,212,12461,118,15323,California
Tehama,2021-05-01,72,27205,4,8581,65,17933,3,691,14,2821,58,12519,17,15340,California
Tehama,2021-05-02,46,27251,24,8605,10,17943,12,703,26,2839,20,12539,38,15378,California
Tehama,2021-05-03,117,27368,41,8646,68,18011,8,711,62,2854,55,12594,70,15448,California
Tehama,2021-05-04,156,27524,55,8701,94,18105,7,718,67,2839,89,12683,74,15522,California
Tehama,2021-05-05,86,27610,21,8722,55,18160,10,728,38,2839,48,12731,48,15570,California
Tehama,2021-05-06,162,27772,90,8812,57,18217,15,743,97,2886,65,12796,112,15682,California
Tehama,2021-05-07,167,27939,71,8883,85,18302,11,754,46,2824,119,12915,57,15739,California
Tehama,2021-05-08,49,27988,6,8889,42,18344,1,755,13,2802,36,12951,14,15753,California
Tehama,2021-05-09,15,28003,3,8892,12,18356,0,755,6,2799,9,12960,6,15759,California
Tehama,2021-05-10,77,28080,7,8899,64,18420,6,761,36,2801,40,13000,42,15801,California
Tehama,2021-05-11,163,28243,115,9014,37,18457,11,772,32,2713,131,13131,43,15844,California
Tehama,2021-05-12,191,28434,132,9146,51,18508,8,780,40,2611,150,13281,48,15892,California
Tehama,2021-05-13,221,28655,157,9303,55,18563,9,789,96,2591,125,13406,105,15997,California
Tehama,2021-05-14,201,28856,121,9424,65,18628,15,804,41,2487,160,13566,56,16053,California
Trinity,2020-12-17,4,4,4,4,0,0,0,0,4,4,0,0,4,4,California
Trinity,2020-12-18,2,6,2,6,0,0,0,0,2,6,0,0,2,6,California
Trinity,2020-12-21,39,45,39,45,0,0,0,0,39,45,0,0,39,45,California
Trinity,2020-12-22,5,50,5,50,0,0,0,0,5,50,0,0,5,50,California
Trinity,2020-12-23,5,55,5,55,0,0,0,0,5,55,0,0,5,55,California
Trinity,2020-12-28,30,85,30,85,0,0,0,0,30,85,0,0,30,85,California
Trinity,2020-12-29,8,93,7,92,1,1,0,0,8,93,0,0,8,93,California
Trinity,2020-12-30,10,103,8,100,2,3,0,0,10,103,0,0,10,103,California
Trinity,2020-12-31,2,105,1,101,1,4,0,0,2,105,0,0,2,105,California
Trinity,2021-01-04,28,133,0,101,28,32,0,0,26,131,0,0,26,131,California
Trinity,2021-01-05,3,136,1,102,2,34,0,0,3,134,0,0,3,134,California
Trinity,2021-01-06,24,160,4,106,20,54,0,0,20,150,4,4,20,154,California
Trinity,2021-01-08,49,209,2,108,47,101,0,0,48,196,2,6,48,202,California
Trinity,2021-01-11,42,251,39,147,3,104,0,0,4,162,38,44,4,206,California
Trinity,2021-01-12,9,260,7,154,2,106,0,0,4,161,5,49,4,210,California
Trinity,2021-01-13,7,267,4,158,3,109,0,0,4,162,3,52,4,214,California
Trinity,2021-01-14,4,271,1,159,3,112,0,0,4,166,0,52,4,218,California
Trinity,2021-01-15,4,275,0,159,4,116,0,0,4,170,0,52,4,222,California
Trinity,2021-01-16,4,279,0,159,4,120,0,0,4,174,0,52,4,226,California
Trinity,2021-01-18,31,310,31,190,0,120,0,0,1,145,30,82,1,227,California
Trinity,2021-01-19,96,406,14,204,82,202,0,0,82,213,14,96,82,309,California
Trinity,2021-01-20,19,425,3,207,16,218,0,0,17,228,2,98,17,326,California
Trinity,2021-01-21,17,442,7,214,10,228,0,0,17,245,0,98,17,343,California
Trinity,2021-01-22,5,447,1,215,4,232,0,0,5,250,0,98,5,348,California
Trinity,2021-01-23,7,454,3,218,4,236,0,0,7,257,0,98,7,355,California
Trinity,2021-01-25,14,468,1,219,13,249,0,0,13,269,1,99,13,368,California
Trinity,2021-01-26,10,478,1,220,9,258,0,0,9,277,1,100,9,377,California
Trinity,2021-01-27,12,490,0,220,12,270,0,0,12,289,0,100,12,389,California
Trinity,2021-01-28,13,503,3,223,10,280,0,0,10,296,3,103,10,399,California
Trinity,2021-01-29,2,505,0,223,2,282,0,0,1,296,1,104,1,400,California
Trinity,2021-01-30,12,517,11,234,1,283,0,0,12,308,0,104,12,412,California
Trinity,2021-02-01,2,519,1,235,1,284,0,0,1,308,1,105,1,413,California
Trinity,2021-02-02,14,533,3,238,11,295,0,0,13,320,1,106,13,426,California
Trinity,2021-02-03,6,539,1,239,5,300,0,0,3,320,3,109,3,429,California
Trinity,2021-02-04,42,581,32,271,10,310,0,0,35,348,7,116,35,464,California
Trinity,2021-02-05,350,931,0,271,350,660,0,0,320,638,30,146,320,784,California
Trinity,2021-02-06,210,1141,5,276,205,865,0,0,203,834,7,153,203,987,California
Trinity,2021-02-07,1,1142,0,276,1,866,0,0,1,835,0,153,1,988,California
Trinity,2021-02-08,25,1167,0,276,25,891,0,0,15,840,10,163,15,1003,California
Trinity,2021-02-09,27,1194,2,278,25,916,0,0,11,835,16,179,11,1014,California
Trinity,2021-02-10,122,1316,10,288,112,1028,0,0,102,917,20,199,102,1116,California
Trinity,2021-02-11,339,1655,2,290,337,1365,0,0,332,1242,7,206,332,1448,California
Trinity,2021-02-12,14,1669,6,296,8,1373,0,0,10,1248,4,210,10,1458,California
Trinity,2021-02-13,12,1681,5,301,7,1380,0,0,5,1246,7,217,5,1463,California
Trinity,2021-02-14,2,1683,2,303,0,1380,0,0,2,1248,0,217,2,1465,California
Trinity,2021-02-15,47,1730,0,303,47,1427,0,0,47,1295,0,217,47,1512,California
Trinity,2021-02-16,5,1735,1,304,4,1431,0,0,3,1296,2,219,3,1515,California
Trinity,2021-02-17,94,1829,2,306,92,1523,0,0,84,1370,10,229,84,1599,California
Trinity,2021-02-18,4,1833,0,306,4,1527,0,0,1,1368,3,232,1,1600,California
Trinity,2021-02-19,304,2137,2,308,302,1829,0,0,290,1644,14,246,290,1890,California
Trinity,2021-02-20,141,2278,14,322,127,1956,0,0,113,1729,28,274,113,2003,California
Trinity,2021-02-21,1,2279,1,323,0,1956,0,0,1,1730,0,274,1,2004,California
Trinity,2021-02-22,8,2287,0,323,8,1964,0,0,5,1732,3,277,5,2009,California
Trinity,2021-02-23,11,2298,4,327,7,1971,0,0,6,1733,5,282,6,2015,California
Trinity,2021-02-24,30,2328,8,335,22,1993,0,0,7,1717,23,305,7,2022,California
Trinity,2021-02-25,36,2364,23,358,13,2006,0,0,5,1691,31,336,5,2027,California
Trinity,2021-02-26,11,2375,1,359,10,2016,0,0,5,1690,6,342,5,2032,California
Trinity,2021-02-27,9,2384,7,366,2,2018,0,0,4,1689,5,347,4,2036,California
Trinity,2021-03-01,9,2393,0,366,9,2027,0,0,5,1690,4,351,5,2041,California
Trinity,2021-03-02,9,2402,3,369,6,2033,0,0,2,1685,7,358,2,2043,California
Trinity,2021-03-03,5,2407,0,369,5,2038,0,0,4,1688,1,359,4,2047,California
Trinity,2021-03-04,24,2431,19,388,5,2043,0,0,14,1692,10,369,14,2061,California
Trinity,2021-03-05,388,2819,1,389,387,2430,0,0,121,1550,263,632,121,2182,California
Trinity,2021-03-06,202,3021,7,396,195,2625,0,0,27,1402,175,807,27,2209,California
Trinity,2021-03-07,4,3025,3,399,1,2626,0,0,3,1404,1,808,3,2212,California
Trinity,2021-03-08,3,3028,0,399,2,2628,1,1,1,1404,2,810,2,2214,California
Trinity,2021-03-09,94,3122,0,399,92,2720,2,3,89,1490,5,815,91,2305,California
Trinity,2021-03-10,126,3248,3,402,120,2840,3,6,38,1443,88,903,41,2346,California
Trinity,2021-03-11,14,3262,4,406,8,2848,2,8,5,1441,9,912,7,2353,California
Trinity,2021-03-12,385,3647,5,411,374,3222,6,14,90,1242,295,1207,96,2449,California
Trinity,2021-03-13,13,3660,8,419,3,3225,2,16,8,1247,5,1212,10,2459,California
Trinity,2021-03-14,3,3663,1,420,2,3227,0,16,2,1248,1,1213,2,2461,California
Trinity,2021-03-15,67,3730,0,420,66,3293,1,17,14,1210,53,1266,15,2476,California
Trinity,2021-03-16,115,3845,7,427,108,3401,0,17,101,1297,14,1280,101,2577,California
Trinity,2021-03-17,100,3945,3,430,97,3498,0,17,26,1249,74,1354,26,2603,California
Trinity,2021-03-18,10,3955,2,432,5,3503,3,20,5,1252,5,1359,8,2611,California
Trinity,2021-03-19,459,4414,4,436,345,3848,110,130,36,975,423,1782,146,2757,California
Trinity,2021-03-20,105,4519,7,443,98,3946,0,130,70,1011,34,1816,70,2827,California
Trinity,2021-03-21,4,4523,0,443,3,3949,1,131,3,1014,1,1817,4,2831,California
Trinity,2021-03-22,2,4525,0,443,2,3951,0,131,2,1016,0,1817,2,2833,California
Trinity,2021-03-23,96,4621,2,445,94,4045,0,131,78,1076,18,1835,78,2911,California
Trinity,2021-03-24,12,4633,1,446,11,4056,0,131,9,1082,3,1838,9,2920,California
Trinity,2021-03-25,110,4743,8,454,96,4152,6,137,84,1146,26,1864,90,3010,California
Trinity,2021-03-26,85,4828,8,462,77,4229,0,137,78,1217,7,1871,78,3088,California
Trinity,2021-03-27,19,4847,4,466,6,4235,9,146,8,1223,11,1882,17,3105,California
Trinity,2021-03-28,5,4852,3,469,2,4237,0,146,1,1220,4,1886,1,3106,California
Trinity,2021-03-29,5,4857,0,469,5,4242,0,146,2,1219,3,1889,2,3108,California
Trinity,2021-03-30,77,4934,5,474,72,4314,0,146,67,1276,10,1899,67,3175,California
Trinity,2021-03-31,56,4990,5,479,19,4333,32,178,21,1293,35,1934,52,3227,California
Trinity,2021-04-01,41,5031,11,490,19,4352,11,189,21,1305,20,1954,32,3259,California
Trinity,2021-04-02,243,5274,5,495,164,4516,74,263,73,1283,169,2123,147,3406,California
Trinity,2021-04-03,17,5291,12,507,5,4521,0,263,7,1280,10,2133,7,3413,California
Trinity,2021-04-04,10,5301,8,515,2,4523,0,263,8,1286,2,2135,8,3421,California
Trinity,2021-04-05,59,5360,6,521,52,4575,1,264,55,1338,4,2139,56,3477,California
Trinity,2021-04-06,116,5476,15,536,98,4673,3,267,28,1281,88,2227,31,3508,California
Trinity,2021-04-07,24,5500,12,548,7,4680,5,272,16,1294,8,2235,21,3529,California
Trinity,2021-04-08,87,5587,10,558,75,4755,2,274,50,1309,37,2272,52,3581,California
Trinity,2021-04-09,169,5756,20,578,144,4899,5,279,90,1325,79,2351,95,3676,California
Trinity,2021-04-10,11,5767,7,585,4,4903,0,279,10,1334,1,2352,10,3686,California
Trinity,2021-04-11,9,5776,5,590,2,4905,2,281,4,1335,5,2357,6,3692,California
Trinity,2021-04-12,77,5853,5,595,71,4976,1,282,64,1387,12,2369,64,3756,California
Trinity,2021-04-13,97,5950,5,600,92,5068,0,282,10,1310,87,2456,10,3766,California
Trinity,2021-04-14,10,5960,5,605,5,5073,0,282,6,1312,4,2460,6,3772,California
Trinity,2021-04-15,43,6003,10,615,33,5106,0,282,14,1297,29,2489,14,3786,California
Trinity,2021-04-16,144,6147,12,627,132,5238,0,282,72,1297,72,2561,72,3858,California
Trinity,2021-04-17,11,6158,5,632,6,5244,0,282,9,1304,2,2563,9,3867,California
Trinity,2021-04-18,2,6160,1,633,1,5245,0,282,0,1302,2,2565,0,3867,California
Trinity,2021-04-19,5,6165,2,635,3,5248,0,282,4,1305,1,2566,4,3871,California
Trinity,2021-04-20,92,6257,8,643,84,5332,0,282,20,1253,72,2638,20,3891,California
Trinity,2021-04-21,22,6279,9,652,13,5345,0,282,9,1249,13,2651,9,3900,California
Trinity,2021-04-22,91,6370,5,657,86,5431,0,282,14,1186,77,2728,14,3914,California
Trinity,2021-04-23,183,6553,6,663,177,5608,0,282,114,1231,69,2797,114,4028,California
Trinity,2021-04-24,21,6574,13,676,8,5616,0,282,5,1220,16,2813,5,4033,California
Trinity,2021-04-25,10,6584,9,685,1,5617,0,282,3,1217,6,2819,3,4036,California
Trinity,2021-04-26,45,6629,6,691,39,5656,0,282,40,1252,5,2824,40,4076,California
Trinity,2021-04-27,85,6714,7,698,78,5734,0,282,22,1211,63,2887,22,4098,California
Trinity,2021-04-28,33,6747,11,709,22,5756,0,282,12,1202,21,2908,12,4110,California
Trinity,2021-04-29,34,6781,13,722,21,5777,0,282,12,1192,22,2930,12,4122,California
Trinity,2021-04-30,26,6807,20,742,6,5783,0,282,8,1182,18,2948,8,4130,California
Trinity,2021-05-01,14,6821,8,750,1,5784,5,287,4,1181,10,2958,9,4139,California
Trinity,2021-05-02,8,6829,5,755,1,5785,2,289,2,1179,6,2964,4,4143,California
Trinity,2021-05-03,58,6887,13,768,44,5829,1,290,9,1141,48,3012,10,4153,California
Trinity,2021-05-04,23,6910,11,779,11,5840,1,291,8,1135,15,3027,9,4162,California
Trinity,2021-05-05,10,6920,6,785,4,5844,0,291,3,1131,7,3034,3,4165,California
Trinity,2021-05-06,72,6992,10,795,60,5904,2,293,15,1091,57,3091,17,4182,California
Trinity,2021-05-07,174,7166,12,807,128,6032,34,327,14,979,160,3251,48,4230,California
Trinity,2021-05-08,7,7173,3,810,4,6036,0,327,3,978,4,3255,3,4233,California
Trinity,2021-05-09,11,7184,8,818,3,6039,0,327,7,981,4,3259,7,4240,California
Trinity,2021-05-10,15,7199,4,822,10,6049,1,328,9,985,6,3265,10,4250,California
Trinity,2021-05-11,8,7207,3,825,5,6054,0,328,5,987,3,3268,5,4255,California
Trinity,2021-05-12,16,7223,13,838,2,6056,1,329,12,996,4,3272,13,4268,California
Trinity,2021-05-13,8,7231,5,843,3,6059,0,329,6,1000,2,3274,6,4274,California
Trinity,2021-05-14,103,7334,1,844,74,6133,28,357,18,961,85,3359,46,4320,California
Tulare,2020-12-15,1,1,1,1,0,0,0,0,1,1,0,0,1,1,California
Tulare,2020-12-16,3,4,3,4,0,0,0,0,3,4,0,0,3,4,California
Tulare,2020-12-17,110,114,110,114,0,0,0,0,110,114,0,0,110,114,California
Tulare,2020-12-18,290,404,289,403,1,1,0,0,290,404,0,0,290,404,California
Tulare,2020-12-19,327,731,327,730,0,1,0,0,327,731,0,0,327,731,California
Tulare,2020-12-20,166,897,165,895,1,2,0,0,166,897,0,0,166,897,California
Tulare,2020-12-21,423,1320,423,1318,0,2,0,0,443,1340,0,0,443,1340,California
Tulare,2020-12-22,469,1789,467,1785,2,4,0,0,468,1808,0,0,468,1808,California
Tulare,2020-12-23,327,2116,319,2104,8,12,0,0,325,2133,0,0,325,2133,California
Tulare,2020-12-24,18,2134,16,2120,2,14,0,0,18,2151,0,0,18,2151,California
Tulare,2020-12-26,8,2142,7,2127,1,15,0,0,8,2159,0,0,8,2159,California
Tulare,2020-12-27,16,2158,12,2139,4,19,0,0,16,2175,0,0,16,2175,California
Tulare,2020-12-28,481,2639,469,2608,12,31,0,0,480,2655,0,0,480,2655,California
Tulare,2020-12-29,547,3186,478,3086,69,100,0,0,547,3202,0,0,547,3202,California
Tulare,2020-12-30,474,3660,435,3521,39,139,0,0,474,3676,0,0,474,3676,California
Tulare,2020-12-31,95,3755,22,3543,73,212,0,0,95,3771,0,0,95,3771,California
Tulare,2021-01-01,2,3757,1,3544,1,213,0,0,2,3773,0,0,2,3773,California
Tulare,2021-01-02,30,3787,17,3561,13,226,0,0,30,3803,0,0,30,3803,California
Tulare,2021-01-03,23,3810,9,3570,14,240,0,0,23,3826,0,0,23,3826,California
Tulare,2021-01-04,92,3902,16,3586,76,316,0,0,92,3918,0,0,92,3918,California
Tulare,2021-01-05,460,4362,278,3864,182,498,0,0,458,4374,2,2,458,4376,California
Tulare,2021-01-06,864,5226,634,4498,230,728,0,0,854,5218,10,12,854,5230,California
Tulare,2021-01-07,781,6007,583,5081,198,926,0,0,674,5785,107,119,674,5904,California
Tulare,2021-01-08,1266,7273,574,5655,692,1618,0,0,928,6376,337,456,928,6832,California
Tulare,2021-01-09,742,8015,203,5858,539,2157,0,0,555,6744,187,643,555,7387,California
Tulare,2021-01-10,50,8065,44,5902,6,2163,0,0,11,6716,39,682,11,7398,California
Tulare,2021-01-11,1270,9335,769,6671,501,2664,0,0,834,7114,436,1118,834,8232,California
Tulare,2021-01-12,1403,10738,489,7160,914,3578,0,0,994,7701,408,1526,995,9227,California
Tulare,2021-01-13,438,11176,209,7369,229,3807,0,0,364,7991,74,1600,364,9591,California
Tulare,2021-01-14,491,11667,140,7509,351,4158,0,0,465,8441,15,1615,465,10056,California
Tulare,2021-01-15,1623,13290,154,7663,1469,5627,0,0,1614,10046,9,1624,1614,11670,California
Tulare,2021-01-16,1901,15191,114,7777,1787,7414,0,0,1887,11919,14,1638,1887,13557,California
Tulare,2021-01-17,141,15332,122,7899,19,7433,0,0,131,12040,10,1648,131,13688,California
Tulare,2021-01-18,693,16025,660,8559,33,7466,0,0,295,11937,398,2046,295,13983,California
Tulare,2021-01-19,1007,17032,684,9243,323,7789,0,0,579,12088,428,2474,579,14562,California
Tulare,2021-01-20,2426,19458,613,9856,1813,9602,0,0,2011,13710,389,2863,2011,16573,California
Tulare,2021-01-21,1551,21009,186,10042,1365,10967,0,0,1525,15214,21,2884,1525,18098,California
Tulare,2021-01-22,1060,22069,190,10232,870,11837,0,0,1035,16225,24,2908,1035,19133,California
Tulare,2021-01-23,438,22507,156,10388,282,12119,0,0,417,16621,21,2929,417,19550,California
Tulare,2021-01-24,30,22537,27,10415,3,12122,0,0,28,16647,2,2931,28,19578,California
Tulare,2021-01-25,1327,23864,980,11395,347,12469,0,0,1297,17914,30,2961,1297,20875,California
Tulare,2021-01-26,1496,25360,1098,12493,398,12867,0,0,1171,18761,324,3285,1171,22046,California
Tulare,2021-01-27,1498,26858,1070,13563,428,13295,0,0,920,19104,577,3862,920,22966,California
Tulare,2021-01-28,1205,28063,771,14334,434,13729,0,0,809,19517,396,4258,809,23775,California
Tulare,2021-01-29,1130,29193,720,15054,410,14139,0,0,820,20027,310,4568,820,24595,California
Tulare,2021-01-30,1674,30867,1580,16634,94,14233,0,0,1650,21654,24,4592,1651,26246,California
Tulare,2021-01-31,54,30921,49,16683,5,14238,0,0,51,21702,3,4595,51,26297,California
Tulare,2021-02-01,1184,32105,915,17598,269,14507,0,0,829,22177,354,4949,829,27126,California
Tulare,2021-02-02,677,32782,328,17926,349,14856,0,0,445,22393,230,5179,446,27572,California
Tulare,2021-02-03,587,33369,261,18187,326,15182,0,0,336,22498,231,5410,336,27908,California
Tulare,2021-02-04,553,33922,167,18354,386,15568,0,0,266,22479,286,5696,267,28175,California
Tulare,2021-02-05,1235,35157,238,18592,997,16565,0,0,416,22078,817,6513,416,28591,California
Tulare,2021-02-06,836,35993,158,18750,678,17243,0,0,267,21778,567,7080,267,28858,California
Tulare,2021-02-07,82,36075,70,18820,12,17255,0,0,23,21742,59,7139,23,28881,California
Tulare,2021-02-08,942,37017,329,19149,613,17868,0,0,243,21289,696,7835,243,29124,California
Tulare,2021-02-09,1410,38427,329,19478,1081,18949,0,0,364,20612,1041,8876,364,29488,California
Tulare,2021-02-10,2471,40898,1986,21464,485,19434,0,0,2071,22286,397,9273,2071,31559,California
Tulare,2021-02-11,1325,42223,377,21841,948,20382,0,0,906,22773,419,9692,906,32465,California
Tulare,2021-02-12,2781,45004,575,22416,2206,22588,0,0,1210,22419,1564,11256,1210,33675,California
Tulare,2021-02-13,2480,47484,157,22573,2323,24911,0,0,666,21275,1810,13066,666,34341,California
Tulare,2021-02-14,337,47821,40,22613,297,25208,0,0,300,21538,37,13103,300,34641,California
Tulare,2021-02-15,920,48741,294,22907,626,25834,0,0,663,21945,256,13359,663,35304,California
Tulare,2021-02-16,2833,51574,1595,24502,1238,27072,0,0,1079,21271,1753,15112,1079,36383,California
Tulare,2021-02-17,2698,54272,511,25013,2187,29259,0,0,461,19500,2232,17344,461,36844,California
Tulare,2021-02-18,2304,56576,456,25469,1848,31107,0,0,632,18468,1664,19008,632,37476,California
Tulare,2021-02-19,2303,58879,863,26332,1440,32547,0,0,946,18059,1355,20363,946,38422,California
Tulare,2021-02-20,2987,61866,1890,28222,1097,33644,0,0,1260,17598,1721,22084,1260,39682,California
Tulare,2021-02-21,93,61959,89,28311,4,33648,0,0,57,17619,36,22120,57,39739,California
Tulare,2021-02-22,1106,63065,700,29011,406,34054,0,0,210,16934,895,23015,210,39949,California
Tulare,2021-02-23,1946,65011,940,29951,1006,35060,0,0,1457,17903,488,23503,1457,41406,California
Tulare,2021-02-24,2480,67491,1549,31500,931,35991,0,0,2101,19627,378,23881,2102,43508,California
Tulare,2021-02-25,3481,70972,1953,33453,1528,37519,0,0,3067,22284,410,24291,3067,46575,California
Tulare,2021-02-26,3842,74814,1880,35333,1962,39481,0,0,3377,25198,463,24754,3377,49952,California
Tulare,2021-02-27,2902,77716,1396,36729,1506,40987,0,0,2769,27845,122,24876,2769,52721,California
Tulare,2021-02-28,1303,79019,1031,37760,272,41259,0,0,1284,29112,17,24893,1284,54005,California
Tulare,2021-03-01,1749,80768,780,38540,969,42228,0,0,1564,30493,183,25076,1564,55569,California
Tulare,2021-03-02,2693,83461,1194,39734,1499,43727,0,0,2524,32851,167,25243,2525,58094,California
Tulare,2021-03-03,3929,87390,2597,42331,1332,45059,0,0,1977,32881,1949,27192,1979,60073,California
Tulare,2021-03-04,2895,90285,1301,43632,1594,46653,0,0,2574,35138,317,27509,2574,62647,California
Tulare,2021-03-05,3307,93592,1697,45329,1595,48248,15,15,2798,37448,505,28014,2815,65462,California
Tulare,2021-03-06,3065,96657,1433,46762,1573,49821,59,74,2816,40075,246,28260,2873,68335,California
Tulare,2021-03-07,1093,97750,683,47445,389,50210,21,95,1053,41109,40,28300,1074,69409,California
Tulare,2021-03-08,1705,99455,1004,48449,532,50742,169,264,1386,42349,314,28614,1554,70963,California
Tulare,2021-03-09,3197,102652,2190,50639,860,51602,147,411,2800,44896,398,29012,2945,73908,California
Tulare,2021-03-10,2794,105446,1390,52029,1230,52832,174,585,2413,47109,372,29384,2585,76493,California
Tulare,2021-03-11,4141,109587,1965,53994,1876,54708,300,885,3204,49676,937,30321,3504,79997,California
Tulare,2021-03-12,4346,113933,2389,56383,1608,56316,349,1234,3073,51838,1262,31583,3424,83421,California
Tulare,2021-03-13,4006,117939,1851,58234,2050,58366,105,1339,3069,54081,931,32514,3174,86595,California
Tulare,2021-03-14,1801,119740,972,59206,609,58975,220,1559,1274,55047,526,33040,1492,88087,California
Tulare,2021-03-15,2738,122478,1619,60825,1004,59979,115,1674,1965,56357,771,33811,2081,90168,California
Tulare,2021-03-16,3423,125901,2115,62940,1231,61210,77,1751,1873,56764,1546,35357,1953,92121,California
Tulare,2021-03-17,4012,129913,2608,65548,1327,62537,77,1828,2270,57382,1736,37093,2354,94475,California
Tulare,2021-03-18,4598,134511,3353,68901,1173,63710,72,1900,2442,57750,2148,39241,2516,96991,California
Tulare,2021-03-19,5067,139578,3320,72221,1552,65262,195,2095,2717,58333,2331,41572,2914,99905,California
Tulare,2021-03-20,4451,144029,2762,74983,1317,66579,372,2467,2115,58495,2328,43900,2490,102395,California
Tulare,2021-03-21,1919,145948,1631,76614,262,66841,26,2493,990,58584,926,44826,1015,103410,California
Tulare,2021-03-22,2498,148446,1710,78324,676,67517,112,2605,1659,59524,833,45659,1773,105183,California
Tulare,2021-03-23,3727,152173,2140,80464,1535,69052,52,2657,2084,60033,1633,47292,2142,107325,California
Tulare,2021-03-24,3167,155340,1957,82421,1168,70220,42,2699,1808,60533,1351,48643,1851,109176,California
Tulare,2021-03-25,3461,158801,1802,84223,1487,71707,172,2871,1711,60675,1743,50386,1885,111061,California
Tulare,2021-03-26,5211,164012,3109,87332,1993,73700,109,2980,2568,60727,2625,53011,2677,113738,California
Tulare,2021-03-27,3520,167532,1805,89137,1617,75317,98,3078,992,59296,2520,55531,1089,114827,California
Tulare,2021-03-28,1456,168988,1052,90189,373,75690,31,3109,675,59230,778,56309,712,115539,California
Tulare,2021-03-29,2893,171881,1674,91863,1108,76798,111,3220,1225,58905,1663,57972,1338,116877,California
Tulare,2021-03-30,4807,176688,2769,94632,1808,78606,230,3450,1555,57443,3244,61216,1782,118659,California
Tulare,2021-03-31,3868,180556,2300,96932,1455,80061,113,3563,1571,56840,2289,63505,1686,120345,California
Tulare,2021-04-01,4414,184970,2370,99302,1978,82039,66,3629,1550,55603,2854,66359,1617,121962,California
Tulare,2021-04-02,5235,190205,2992,102294,2126,84165,117,3746,1644,53799,3575,69934,1771,123733,California
Tulare,2021-04-03,3503,193708,2013,104307,1127,85292,363,4109,845,52391,2620,72554,1212,124945,California
Tulare,2021-04-04,1622,195330,1136,105443,479,85771,7,4116,395,51569,1225,73779,403,125348,California
Tulare,2021-04-05,3324,198654,2332,107775,729,86500,263,4379,865,50253,2447,76226,1131,126479,California
Tulare,2021-04-06,3413,202067,1464,109239,1456,87956,493,4872,927,49197,2479,78705,1423,127902,California
Tulare,2021-04-07,3834,205901,1812,111051,1592,89548,430,5302,1277,48345,2550,81255,1698,129600,California
Tulare,2021-04-08,4716,210617,2592,113643,1667,91215,457,5759,1544,47179,3163,84418,1997,131597,California
Tulare,2021-04-09,4774,215391,2943,116586,1401,92616,430,6189,1827,46497,2940,87358,2258,133855,California
Tulare,2021-04-10,3805,219196,2057,118643,1432,94048,316,6505,976,44965,2822,90180,1290,135145,California
Tulare,2021-04-11,1577,220773,1038,119681,468,94516,71,6576,590,44642,984,91164,661,135806,California
Tulare,2021-04-12,3360,224133,2105,121786,662,95178,593,7169,1083,44050,2269,93433,1677,137483,California
Tulare,2021-04-13,2408,226541,1585,123371,813,95991,10,7179,924,43513,1473,94906,936,138419,California
Tulare,2021-04-14,2838,229379,1677,125048,1161,97152,0,7179,933,42544,1902,96808,933,139352,California
Tulare,2021-04-15,3262,232641,2129,127177,1133,98285,0,7179,1468,42229,1783,98591,1468,140820,California
Tulare,2021-04-16,3646,236287,2214,129391,1432,99717,0,7179,1476,41545,2160,100751,1476,142296,California
Tulare,2021-04-17,2202,238489,1297,130688,905,100622,0,7179,1179,41706,1019,101770,1180,143476,California
Tulare,2021-04-18,1518,240007,1188,131876,330,100952,0,7179,815,41819,702,102472,815,144291,California
Tulare,2021-04-19,2118,242125,1222,133098,894,101846,2,7181,900,41505,1216,103688,902,145193,California
Tulare,2021-04-20,2320,244445,1303,134401,1017,102863,0,7181,990,41178,1317,105005,990,146183,California
Tulare,2021-04-21,2175,246620,1320,135721,855,103718,0,7181,788,40615,1351,106356,788,146971,California
Tulare,2021-04-22,2094,248714,1169,136890,925,104643,0,7181,736,40011,1340,107696,736,147707,California
Tulare,2021-04-23,2564,251278,1570,138460,993,105636,1,7182,1018,39493,1536,109232,1018,148725,California
Tulare,2021-04-24,1638,252916,1054,139514,582,106218,2,7184,863,39588,770,110002,865,149590,California
Tulare,2021-04-25,692,253608,519,140033,173,106391,0,7184,264,39424,428,110430,264,149854,California
Tulare,2021-04-26,1462,255070,873,140906,570,106961,19,7203,616,39218,839,111269,633,150487,California
Tulare,2021-04-27,1587,256657,626,141532,924,107885,37,7240,672,39013,913,112182,708,151195,California
Tulare,2021-04-28,1699,258356,968,142500,690,108575,41,7281,671,38701,1024,113206,712,151907,California
Tulare,2021-04-29,1985,260341,1189,143689,759,109334,37,7318,777,38315,1198,114404,812,152719,California
Tulare,2021-04-30,2419,262760,1765,145454,604,109938,50,7368,896,37743,1517,115921,945,153664,California
Tulare,2021-05-01,1406,264166,1208,146662,186,110124,12,7380,722,37800,677,116598,734,154398,California
Tulare,2021-05-02,584,264750,496,147158,72,110196,16,7396,189,37613,392,116990,205,154603,California
Tulare,2021-05-03,1607,266357,1092,148250,390,110586,125,7521,348,36834,1252,118242,473,155076,California
Tulare,2021-05-04,1538,267895,820,149070,649,111235,69,7590,622,36614,909,119151,689,155765,California
Tulare,2021-05-05,1253,269148,608,149678,567,111802,78,7668,435,36320,807,119958,513,156278,California
Tulare,2021-05-06,1951,271099,1327,151005,578,112380,46,7714,589,35600,1355,121313,635,156913,California
Tulare,2021-05-07,1846,272945,1253,152258,525,112905,68,7782,528,34885,1310,122623,595,157508,California
Tulare,2021-05-08,1230,274175,800,153058,405,113310,25,7807,523,34732,701,123324,548,158056,California
Tulare,2021-05-09,593,274768,469,153527,103,113413,21,7828,120,34405,469,123793,142,158198,California
Tulare,2021-05-10,1007,275775,585,154112,357,113770,65,7893,304,34072,702,124495,369,158567,California
Tulare,2021-05-11,1196,276971,604,154716,516,114286,76,7969,498,33953,693,125188,574,159141,California
Tulare,2021-05-12,1465,278436,935,155651,479,114765,51,8020,386,33323,1066,126254,436,159577,California
Tulare,2021-05-13,1393,279829,857,156508,499,115264,37,8057,635,33241,754,127008,672,160249,California
Tulare,2021-05-14,1241,281070,811,157319,386,115650,44,8101,516,33086,714,127722,559,160808,California
Tuolumne,2020-12-16,47,47,47,47,0,0,0,0,47,47,0,0,47,47,California
Tuolumne,2020-12-17,17,64,17,64,0,0,0,0,17,64,0,0,17,64,California
Tuolumne,2020-12-18,101,165,100,164,1,1,0,0,101,165,0,0,101,165,California
Tuolumne,2020-12-19,5,170,5,169,0,1,0,0,5,170,0,0,5,170,California
Tuolumne,2020-12-20,1,171,1,170,0,1,0,0,1,171,0,0,1,171,California
Tuolumne,2020-12-21,116,287,102,272,14,15,0,0,116,287,0,0,116,287,California
Tuolumne,2020-12-22,172,459,172,444,0,15,0,0,172,459,0,0,172,459,California
Tuolumne,2020-12-23,186,645,184,628,2,17,0,0,186,645,0,0,186,645,California
Tuolumne,2020-12-26,3,648,3,631,0,17,0,0,3,648,0,0,3,648,California
Tuolumne,2020-12-28,77,725,75,706,2,19,0,0,77,725,0,0,77,725,California
Tuolumne,2020-12-29,102,827,39,745,63,82,0,0,102,827,0,0,102,827,California
Tuolumne,2020-12-30,78,905,22,767,56,138,0,0,78,905,0,0,78,905,California
Tuolumne,2020-12-31,27,932,20,787,7,145,0,0,27,932,0,0,27,932,California
Tuolumne,2021-01-01,7,939,6,793,1,146,0,0,7,939,0,0,7,939,California
Tuolumne,2021-01-02,118,1057,115,908,3,149,0,0,118,1057,0,0,118,1057,California
Tuolumne,2021-01-03,2,1059,2,910,0,149,0,0,2,1059,0,0,2,1059,California
Tuolumne,2021-01-04,69,1128,26,936,43,192,0,0,69,1128,0,0,69,1128,California
Tuolumne,2021-01-05,93,1221,27,963,66,258,0,0,90,1216,3,3,91,1219,California
Tuolumne,2021-01-06,132,1353,72,1035,60,318,0,0,68,1220,64,67,68,1287,California
Tuolumne,2021-01-07,119,1472,63,1098,56,374,0,0,64,1229,55,122,64,1351,California
Tuolumne,2021-01-08,103,1575,79,1177,24,398,0,0,26,1180,76,198,27,1378,California
Tuolumne,2021-01-09,1,1576,0,1177,1,399,0,0,1,1181,0,198,1,1379,California
Tuolumne,2021-01-10,3,1579,1,1178,2,401,0,0,3,1184,0,198,3,1382,California
Tuolumne,2021-01-11,116,1695,90,1268,26,427,0,0,34,1136,82,280,34,1416,California
Tuolumne,2021-01-12,102,1797,86,1354,16,443,0,0,17,1068,85,365,17,1433,California
Tuolumne,2021-01-13,231,2028,125,1479,106,549,0,0,182,1202,49,414,183,1616,California
Tuolumne,2021-01-14,147,2175,107,1586,40,589,0,0,42,1140,104,518,42,1658,California
Tuolumne,2021-01-15,474,2649,72,1658,402,991,0,0,412,1492,61,579,413,2071,California
Tuolumne,2021-01-16,7,2656,3,1661,4,995,0,0,6,1497,1,580,6,2077,California
Tuolumne,2021-01-17,8,2664,5,1666,3,998,0,0,7,1504,0,580,7,2084,California
Tuolumne,2021-01-18,46,2710,38,1704,8,1006,0,0,9,1477,36,616,9,2093,California
Tuolumne,2021-01-19,477,3187,73,1777,404,1410,0,0,431,1862,46,662,431,2524,California
Tuolumne,2021-01-20,76,3263,58,1835,18,1428,0,0,24,1835,51,713,24,2548,California
Tuolumne,2021-01-21,56,3319,23,1858,33,1461,0,0,40,1859,16,729,40,2588,California
Tuolumne,2021-01-22,169,3488,16,1874,153,1614,0,0,162,2014,7,736,162,2750,California
Tuolumne,2021-01-23,665,4153,147,2021,518,2132,0,0,550,2461,115,851,562,3312,California
Tuolumne,2021-01-24,523,4676,1,2022,522,2654,0,0,519,2978,3,854,520,3832,California
Tuolumne,2021-01-25,49,4725,28,2050,21,2675,0,0,22,2974,27,881,23,3855,California
Tuolumne,2021-01-26,80,4805,68,2118,12,2687,0,0,40,2975,40,921,41,3896,California
Tuolumne,2021-01-27,61,4866,4,2122,57,2744,0,0,8,2931,52,973,8,3904,California
Tuolumne,2021-01-28,27,4893,7,2129,20,2764,0,0,18,2940,9,982,18,3922,California
Tuolumne,2021-01-29,74,4967,6,2135,68,2832,0,0,35,2936,39,1021,35,3957,California
Tuolumne,2021-01-30,709,5676,552,2687,157,2989,0,0,686,3616,23,1044,703,4660,California
Tuolumne,2021-01-31,8,5684,2,2689,6,2995,0,0,5,3618,3,1047,5,4665,California
Tuolumne,2021-02-01,25,5709,6,2695,19,3014,0,0,22,3637,3,1050,22,4687,California
Tuolumne,2021-02-02,646,6355,37,2732,609,3623,0,0,635,4263,9,1059,635,5322,California
Tuolumne,2021-02-03,238,6593,109,2841,129,3752,0,0,86,4197,152,1211,86,5408,California
Tuolumne,2021-02-04,123,6716,13,2854,110,3862,0,0,60,4194,63,1274,60,5468,California
Tuolumne,2021-02-05,98,6814,12,2866,86,3948,0,0,35,4167,62,1336,35,5503,California
Tuolumne,2021-02-06,854,7668,580,3446,274,4222,0,0,848,5012,6,1342,851,6354,California
Tuolumne,2021-02-07,8,7676,4,3450,4,4226,0,0,4,5012,4,1346,4,6358,California
Tuolumne,2021-02-08,91,7767,40,3490,51,4277,0,0,67,5055,24,1370,67,6425,California
Tuolumne,2021-02-09,862,8629,53,3543,809,5086,0,0,822,5837,40,1410,822,7247,California
Tuolumne,2021-02-10,92,8721,17,3560,75,5161,0,0,31,5808,60,1470,31,7278,California
Tuolumne,2021-02-11,143,8864,67,3627,76,5237,0,0,77,5819,66,1536,77,7355,California
Tuolumne,2021-02-12,646,9510,19,3646,627,5864,0,0,205,5584,440,1976,205,7560,California
Tuolumne,2021-02-13,149,9659,42,3688,107,5971,0,0,118,5677,25,2001,118,7678,California
Tuolumne,2021-02-14,148,9807,12,3700,136,6107,0,0,147,5823,1,2002,147,7825,California
Tuolumne,2021-02-15,185,9992,10,3710,175,6282,0,0,176,5990,9,2011,176,8001,California
Tuolumne,2021-02-16,528,10520,17,3727,511,6793,0,0,121,5709,404,2415,123,8124,California
Tuolumne,2021-02-17,111,10631,63,3790,48,6841,0,0,61,5721,49,2464,61,8185,California
Tuolumne,2021-02-18,680,11311,26,3816,654,7495,0,0,629,6300,51,2515,630,8815,California
Tuolumne,2021-02-19,142,11453,23,3839,119,7614,0,0,43,6244,99,2614,43,8858,California
Tuolumne,2021-02-20,904,12357,342,4181,562,8176,0,0,386,6127,504,3118,387,9245,California
Tuolumne,2021-02-21,976,13333,38,4219,938,9114,0,0,469,6094,504,3622,471,9716,California
Tuolumne,2021-02-22,79,13412,58,4277,21,9135,0,0,47,6110,31,3653,47,9763,California
Tuolumne,2021-02-23,48,13460,24,4301,24,9159,0,0,26,6115,21,3674,26,9789,California
Tuolumne,2021-02-24,103,13563,58,4359,45,9204,0,0,43,6099,59,3733,43,9832,California
Tuolumne,2021-02-25,1051,14614,34,4393,1017,10221,0,0,1020,7088,31,3764,1020,10852,California
Tuolumne,2021-02-26,144,14758,10,4403,134,10355,0,0,121,7186,23,3787,121,10973,California
Tuolumne,2021-02-27,949,15707,577,4980,372,10727,0,0,247,6750,685,4472,249,11222,California
Tuolumne,2021-02-28,56,15763,4,4984,52,10779,0,0,52,6799,3,4475,52,11274,California
Tuolumne,2021-03-01,112,15875,21,5005,91,10870,0,0,77,6844,33,4508,78,11352,California
Tuolumne,2021-03-02,705,16580,73,5078,632,11502,0,0,106,6352,598,5106,106,11458,California
Tuolumne,2021-03-03,90,16670,22,5100,68,11570,0,0,65,6392,25,5131,65,11523,California
Tuolumne,2021-03-04,1169,17839,75,5175,1094,12664,0,0,1106,7435,63,5194,1106,12629,California
Tuolumne,2021-03-05,85,17924,10,5185,75,12739,0,0,48,7448,36,5230,49,12678,California
Tuolumne,2021-03-06,1055,18979,604,5789,449,13188,2,2,204,6808,847,6077,207,12885,California
Tuolumne,2021-03-07,41,19020,12,5801,14,13202,15,17,18,6818,23,6100,33,12918,California
Tuolumne,2021-03-08,194,19214,88,5889,99,13301,7,24,138,6907,56,6156,145,13063,California
Tuolumne,2021-03-09,857,20071,16,5905,830,14131,11,35,68,6202,785,6941,80,13143,California
Tuolumne,2021-03-10,78,20149,12,5917,55,14186,11,46,53,6241,25,6966,64,13207,California
Tuolumne,2021-03-11,1281,21430,36,5953,1239,15425,6,52,1255,7478,26,6992,1263,14470,California
Tuolumne,2021-03-12,299,21729,34,5987,250,15675,15,67,191,7580,107,7099,209,14679,California
Tuolumne,2021-03-13,112,21841,12,5999,100,15775,0,67,84,7638,27,7126,85,14764,California
Tuolumne,2021-03-14,142,21983,8,6007,125,15900,9,76,8,7525,134,7260,21,14785,California
Tuolumne,2021-03-15,294,22277,79,6086,212,16112,3,79,100,7442,193,7453,110,14895,California
Tuolumne,2021-03-16,802,23079,40,6126,751,16863,11,90,665,7982,136,7589,676,15571,California
Tuolumne,2021-03-17,152,23231,30,6156,109,16972,13,103,79,8002,71,7660,91,15662,California
Tuolumne,2021-03-18,948,24179,28,6184,907,17879,13,116,318,7705,628,8288,331,15993,California
Tuolumne,2021-03-19,132,24311,16,6200,85,17964,31,147,71,7747,59,8347,101,16094,California
Tuolumne,2021-03-20,89,24400,7,6207,72,18036,10,157,37,7742,51,8398,46,16140,California
Tuolumne,2021-03-21,835,25235,391,6598,434,18470,10,167,39,7003,789,9187,50,16190,California
Tuolumne,2021-03-22,164,25399,73,6671,72,18542,19,186,97,7053,66,9253,116,16306,California
Tuolumne,2021-03-23,709,26108,638,7309,57,18599,14,200,672,7701,37,9290,685,16991,California
Tuolumne,2021-03-24,110,26218,20,7329,72,18671,18,218,77,7764,32,9322,95,17086,California
Tuolumne,2021-03-25,1297,27515,23,7352,1271,19942,3,221,326,7124,969,10291,329,17415,California
Tuolumne,2021-03-26,269,27784,16,7368,230,20172,23,244,111,7110,148,10439,134,17549,California
Tuolumne,2021-03-27,578,28362,53,7421,525,20697,0,244,318,7171,258,10697,319,17868,California
Tuolumne,2021-03-28,48,28410,7,7428,41,20738,0,244,8,7141,39,10736,9,17877,California
Tuolumne,2021-03-29,205,28615,83,7511,122,20860,0,244,108,7155,94,10830,108,17985,California
Tuolumne,2021-03-30,162,28777,11,7522,150,21010,1,245,120,7235,41,10871,121,18106,California
Tuolumne,2021-03-31,95,28872,14,7536,79,21089,2,247,37,7218,56,10927,39,18145,California
Tuolumne,2021-04-01,1248,30120,30,7566,1218,22307,0,247,226,6424,1020,11947,226,18371,California
Tuolumne,2021-04-02,165,30285,11,7577,128,22435,26,273,92,6471,71,12018,118,18489,California
Tuolumne,2021-04-03,426,30711,35,7612,390,22825,1,274,239,6526,187,12205,242,18731,California
Tuolumne,2021-04-04,33,30744,3,7615,30,22855,0,274,21,6536,11,12216,21,18752,California
Tuolumne,2021-04-05,125,30869,19,7634,100,22955,6,280,55,6527,70,12286,61,18813,California
Tuolumne,2021-04-06,645,31514,516,8150,102,23057,27,307,512,6934,133,12419,540,19353,California
Tuolumne,2021-04-07,125,31639,37,8187,72,23129,16,323,47,6919,78,12497,63,19416,California
Tuolumne,2021-04-08,1435,33074,33,8220,1388,24517,14,337,239,5979,1193,13690,253,19669,California
Tuolumne,2021-04-09,267,33341,41,8261,182,24699,44,381,125,6010,142,13832,173,19842,California
Tuolumne,2021-04-10,56,33397,2,8263,34,24733,20,401,23,6021,32,13864,43,19885,California
Tuolumne,2021-04-11,17,33414,2,8265,12,24745,3,404,12,6031,5,13869,15,19900,California
Tuolumne,2021-04-12,163,33577,66,8331,92,24837,5,409,89,6057,68,13937,94,19994,California
Tuolumne,2021-04-13,784,34361,35,8366,749,25586,0,409,170,5621,606,14543,170,20164,California
Tuolumne,2021-04-14,146,34507,27,8393,119,25705,0,409,70,5619,73,14616,71,20235,California
Tuolumne,2021-04-15,338,34845,20,8413,318,26023,0,409,56,5399,276,14892,56,20291,California
Tuolumne,2021-04-16,241,35086,49,8462,192,26215,0,409,135,5435,99,14991,135,20426,California
Tuolumne,2021-04-17,43,35129,6,8468,37,26252,0,409,27,5446,16,15007,27,20453,California
Tuolumne,2021-04-18,9,35138,3,8471,6,26258,0,409,4,5446,4,15011,4,20457,California
Tuolumne,2021-04-19,168,35306,79,8550,89,26347,0,409,90,5460,76,15087,90,20547,California
Tuolumne,2021-04-20,713,36019,616,9166,97,26444,0,409,77,4908,629,15716,77,20624,California
Tuolumne,2021-04-21,117,36136,26,9192,91,26535,0,409,61,4918,51,15767,61,20685,California
Tuolumne,2021-04-22,700,36836,46,9238,654,27189,0,409,423,5074,267,16034,423,21108,California
Tuolumne,2021-04-23,160,36996,31,9269,129,27318,0,409,85,5086,73,16107,85,21193,California
Tuolumne,2021-04-24,80,37076,18,9287,62,27380,0,409,52,5110,28,16135,52,21245,California
Tuolumne,2021-04-25,27,37103,10,9297,17,27397,0,409,24,5131,3,16138,24,21269,California
Tuolumne,2021-04-26,153,37256,56,9353,97,27494,0,409,70,5120,82,16220,71,21340,California
Tuolumne,2021-04-27,134,37390,21,9374,106,27600,7,416,62,5119,70,16290,69,21409,California
Tuolumne,2021-04-28,115,37505,25,9399,79,27679,11,427,64,5144,50,16340,75,21484,California
Tuolumne,2021-04-29,271,37776,16,9415,247,27926,8,435,49,4980,221,16561,57,21541,California
Tuolumne,2021-04-30,348,38124,21,9436,315,28241,12,447,65,4777,280,16841,77,21618,California
Tuolumne,2021-05-01,24,38148,7,9443,13,28254,4,451,16,4789,8,16849,20,21638,California
Tuolumne,2021-05-02,26,38174,3,9446,21,28275,2,453,19,4803,7,16856,21,21659,California
Tuolumne,2021-05-03,86,38260,14,9460,67,28342,5,458,24,4771,61,16917,29,21688,California
Tuolumne,2021-05-04,682,38942,600,10060,77,28419,5,463,201,4496,480,17397,205,21893,California
Tuolumne,2021-05-05,92,39034,25,10085,61,28480,6,469,47,4507,43,17440,54,21947,California
Tuolumne,2021-05-06,275,39309,13,10098,248,28728,14,483,37,4324,233,17673,50,21997,California
Tuolumne,2021-05-07,310,39619,24,10122,278,29006,8,491,57,4137,252,17925,65,22062,California
Tuolumne,2021-05-08,47,39666,7,10129,36,29042,4,495,29,4152,18,17943,33,22095,California
Tuolumne,2021-05-09,15,39681,2,10131,11,29053,2,497,2,4143,13,17956,4,22099,California
Tuolumne,2021-05-10,99,39780,44,10175,50,29103,5,502,27,4104,71,18027,32,22131,California
Tuolumne,2021-05-11,195,39975,64,10239,119,29222,12,514,54,4030,140,18167,66,22197,California
Tuolumne,2021-05-12,108,40083,17,10256,88,29310,3,517,42,4009,66,18233,45,22242,California
Tuolumne,2021-05-13,82,40165,18,10274,56,29366,8,525,53,4041,29,18262,61,22303,California
Tuolumne,2021-05-14,134,40299,70,10344,55,29421,9,534,74,4065,59,18321,83,22386,California
Ventura,2020-12-15,5,5,5,5,0,0,0,0,5,5,0,0,5,5,California
Ventura,2020-12-16,73,78,73,78,0,0,0,0,73,78,0,0,73,78,California
Ventura,2020-12-17,249,327,249,327,0,0,0,0,249,327,0,0,249,327,California
Ventura,2020-12-18,1412,1739,1412,1739,0,0,0,0,1412,1739,0,0,1412,1739,California
Ventura,2020-12-19,911,2650,911,2650,0,0,0,0,911,2650,0,0,911,2650,California
Ventura,2020-12-20,430,3080,430,3080,0,0,0,0,430,3080,0,0,430,3080,California
Ventura,2020-12-21,1467,4547,1467,4547,0,0,0,0,1467,4547,0,0,1467,4547,California
Ventura,2020-12-22,1104,5651,1099,5646,5,5,0,0,1104,5651,0,0,1104,5651,California
Ventura,2020-12-23,1027,6678,979,6625,48,53,0,0,1027,6678,0,0,1027,6678,California
Ventura,2020-12-24,477,7155,379,7004,98,151,0,0,477,7155,0,0,477,7155,California
Ventura,2020-12-25,11,7166,7,7011,4,155,0,0,11,7166,0,0,11,7166,California
Ventura,2020-12-26,112,7278,92,7103,20,175,0,0,112,7278,0,0,112,7278,California
Ventura,2020-12-27,58,7336,27,7130,31,206,0,0,58,7336,0,0,58,7336,California
Ventura,2020-12-28,1072,8408,932,8062,140,346,0,0,1072,8408,0,0,1072,8408,California
Ventura,2020-12-29,1171,9579,764,8826,407,753,0,0,1171,9579,0,0,1171,9579,California
Ventura,2020-12-30,1987,11566,1522,10348,465,1218,0,0,1987,11566,0,0,1987,11566,California
Ventura,2020-12-31,480,12046,162,10510,318,1536,0,0,480,12046,0,0,480,12046,California
Ventura,2021-01-01,25,12071,7,10517,18,1554,0,0,25,12071,0,0,25,12071,California
Ventura,2021-01-02,174,12245,79,10596,95,1649,0,0,174,12245,0,0,174,12245,California
Ventura,2021-01-03,16,12261,8,10604,8,1657,0,0,16,12261,0,0,16,12261,California
Ventura,2021-01-04,1083,13344,552,11156,531,2188,0,0,1082,13343,0,0,1082,13343,California
Ventura,2021-01-05,1373,14717,777,11933,596,2784,0,0,1331,14632,42,42,1331,14674,California
Ventura,2021-01-06,2058,16775,1180,13113,878,3662,0,0,1626,15837,423,465,1628,16302,California
Ventura,2021-01-07,2068,18843,1326,14439,742,4404,0,0,1181,16133,885,1350,1181,17483,California
Ventura,2021-01-08,2197,21040,1474,15913,723,5127,0,0,906,15751,1289,2639,907,18390,California
Ventura,2021-01-09,721,21761,500,16413,221,5348,0,0,319,15668,402,3041,319,18709,California
Ventura,2021-01-10,343,22104,327,16740,16,5364,0,0,129,15583,214,3255,129,18838,California
Ventura,2021-01-11,2445,24549,1488,18228,957,6321,0,0,1493,16127,952,4207,1496,20334,California
Ventura,2021-01-12,3043,27592,1611,19839,1432,7753,0,0,2018,17120,1025,5232,2018,22352,California
Ventura,2021-01-13,2927,30519,1424,21263,1503,9256,0,0,2043,18283,881,6113,2044,24396,California
Ventura,2021-01-14,2736,33255,1062,22325,1674,10930,0,0,2288,20125,447,6560,2289,26685,California
Ventura,2021-01-15,2889,36144,972,23297,1917,12847,0,0,2676,22589,213,6773,2677,29362,California
Ventura,2021-01-16,485,36629,187,23484,298,13145,0,0,405,22914,80,6853,405,29767,California
Ventura,2021-01-17,260,36889,138,23622,122,13267,0,0,254,23162,6,6859,254,30021,California
Ventura,2021-01-18,2217,39106,1671,25293,546,13813,0,0,1666,24279,550,7409,1667,31688,California
Ventura,2021-01-19,3045,42151,2122,27415,923,14736,0,0,2150,25537,895,8304,2153,33841,California
Ventura,2021-01-20,4097,46248,3145,30560,952,15688,0,0,3043,27530,1051,9355,3044,36885,California
Ventura,2021-01-21,3845,50093,2676,33236,1169,16857,0,0,3168,30026,674,10029,3170,40055,California
Ventura,2021-01-22,3614,53707,2494,35730,1120,17977,0,0,3453,33318,161,10190,3453,43508,California
Ventura,2021-01-23,1182,54889,648,36378,534,18511,0,0,1082,34303,99,10289,1084,44592,California
Ventura,2021-01-24,453,55342,137,36515,316,18827,0,0,440,34730,13,10302,440,45032,California
Ventura,2021-01-25,3156,58498,2032,38547,1124,19951,0,0,2600,36776,555,10857,2601,47633,California
Ventura,2021-01-26,3716,62214,2208,40755,1508,21459,0,0,2717,38496,998,11855,2718,50351,California
Ventura,2021-01-27,3462,65676,1560,42315,1902,23361,0,0,2719,40476,739,12594,2719,53070,California
Ventura,2021-01-28,3877,69553,1997,44312,1880,25241,0,0,3262,43141,598,13192,3263,56333,California
Ventura,2021-01-29,4271,73824,2524,46836,1747,26988,0,0,3768,46419,490,13682,3768,60101,California
Ventura,2021-01-30,3040,76864,1966,48802,1074,28062,0,0,2869,49122,167,13849,2870,62971,California
Ventura,2021-01-31,836,77700,448,49250,388,28450,0,0,749,49785,86,13935,749,63720,California
Ventura,2021-02-01,3946,81646,2113,51363,1833,30283,0,0,3171,52186,772,14707,3173,66893,California
Ventura,2021-02-02,4407,86053,2375,53738,2032,32315,0,0,3383,54550,1020,15727,3384,70277,California
Ventura,2021-02-03,4455,90508,2090,55828,2365,34680,0,0,3445,56991,1005,16732,3446,73723,California
Ventura,2021-02-04,4777,95285,2288,58116,2489,37169,0,0,3520,59264,1249,17981,3522,77245,California
Ventura,2021-02-05,4841,100126,2320,60436,2521,39690,0,0,3347,61132,1481,19462,3349,80594,California
Ventura,2021-02-06,2841,102967,1517,61953,1324,41014,0,0,2438,63168,402,19864,2438,83032,California
Ventura,2021-02-07,712,103679,242,62195,470,41484,0,0,586,63629,126,19990,587,83619,California
Ventura,2021-02-08,3497,107176,1623,63818,1874,43358,0,0,2428,64993,1064,21054,2428,86047,California
Ventura,2021-02-09,4722,111898,1974,65792,2748,46106,0,0,2465,65205,2256,23310,2468,88515,California
Ventura,2021-02-10,4718,116616,2238,68030,2480,48586,0,0,2390,65279,2317,25627,2391,90906,California
Ventura,2021-02-11,4666,121282,1863,69893,2803,51389,0,0,2448,65519,2211,27838,2451,93357,California
Ventura,2021-02-12,6306,127588,2662,72555,3644,55033,0,0,3224,65666,3077,30915,3224,96581,California
Ventura,2021-02-13,3301,130889,1827,74382,1474,56507,0,0,1846,66063,1451,32366,1848,98429,California
Ventura,2021-02-14,1227,132116,124,74506,1103,57610,0,0,1011,66859,216,32582,1012,99441,California
Ventura,2021-02-15,3988,136104,1799,76305,2189,59799,0,0,2118,67110,1867,34449,2118,101559,California
Ventura,2021-02-16,5551,141655,2708,79013,2843,62642,0,0,3014,67595,2529,36978,3014,104573,California
Ventura,2021-02-17,5237,146892,1923,80936,3314,65956,0,0,3269,68906,1958,38936,3269,107842,California
Ventura,2021-02-18,5782,152674,1832,82768,3950,69906,0,0,3635,70405,2136,41072,3635,111477,California
Ventura,2021-02-19,6457,159131,3773,86541,2684,72590,0,0,3012,69981,3438,44510,3014,114491,California
Ventura,2021-02-20,4939,164070,3172,89713,1767,74357,0,0,2770,70592,2163,46673,2774,117265,California
Ventura,2021-02-21,1050,165120,761,90474,289,74646,0,0,431,70410,613,47286,431,117696,California
Ventura,2021-02-22,5371,170491,2408,92882,2963,77609,0,0,3457,71962,1905,49191,3457,121153,California
Ventura,2021-02-23,5934,176425,2969,95851,2965,80574,0,0,3416,72878,2502,51693,3418,124571,California
Ventura,2021-02-24,6997,183422,2607,98458,4390,84964,0,0,4246,74388,2738,54431,4248,128819,California
Ventura,2021-02-25,7496,190918,2572,101030,4924,89888,0,0,4576,76060,2906,57337,4578,133397,California
Ventura,2021-02-26,9352,200270,2771,103801,6581,96469,0,0,6164,79065,3161,60498,6166,139563,California
Ventura,2021-02-27,9999,210269,5276,109077,4723,101192,0,0,7375,83842,2608,63106,7385,146948,California
Ventura,2021-02-28,2571,212840,1637,110714,933,102125,1,1,2097,85472,467,63573,2097,149045,California
Ventura,2021-03-01,6952,219792,2816,113530,4136,106261,0,1,4634,87813,2306,65879,4647,153692,California
Ventura,2021-03-02,7488,227280,3941,117471,3545,109806,2,3,5258,90851,2220,68099,5258,158950,California
Ventura,2021-03-03,8525,235805,3904,121375,4620,114426,1,4,6076,94498,2434,70533,6081,165031,California
Ventura,2021-03-04,8109,243914,3869,125244,4240,118666,0,4,5477,97360,2618,73151,5480,170511,California
Ventura,2021-03-05,9980,253894,4806,130050,5164,123830,10,14,7088,101589,2877,76028,7106,177617,California
Ventura,2021-03-06,7236,261130,4397,134447,2686,126516,153,167,5321,105157,1908,77936,5476,183093,California
Ventura,2021-03-07,1653,262783,606,135053,947,127463,100,267,1235,106074,418,78354,1335,184428,California
Ventura,2021-03-08,6741,269524,3415,138468,3172,130635,154,421,4634,108764,2101,80455,4791,189219,California
Ventura,2021-03-09,6556,276080,2824,141292,3532,134167,200,621,3682,109788,2860,83315,3884,193103,California
Ventura,2021-03-10,6812,282892,2971,144263,3602,137769,239,860,4489,112206,2310,85625,4728,197831,California
Ventura,2021-03-11,6377,289269,2890,147153,3174,140943,313,1173,3423,112999,2941,88566,3734,201565,California
Ventura,2021-03-12,8523,297792,3035,150188,4643,145586,845,2018,4112,113562,4393,92959,4956,206521,California
Ventura,2021-03-13,6691,304483,2499,152687,3350,148936,842,2860,3761,115242,2921,95880,4601,211122,California
Ventura,2021-03-14,2133,306616,479,153166,1159,150095,495,3355,731,115068,1401,97281,1227,212349,California
Ventura,2021-03-15,6920,313536,2050,155216,3521,153616,1349,4704,2978,115474,3917,101198,4323,216672,California
Ventura,2021-03-16,7925,321461,2462,157678,4350,157966,1113,5817,3995,116665,3916,105114,5107,221779,California
Ventura,2021-03-17,7476,328937,2771,160449,4357,162323,348,6165,4471,118504,2982,108096,4821,226600,California
Ventura,2021-03-18,7228,336165,3274,163723,3802,166125,152,6317,4708,120856,2506,110602,4858,231458,California
Ventura,2021-03-19,8407,344572,3780,167503,4514,170639,113,6430,5025,122629,3363,113965,5136,236594,California
Ventura,2021-03-20,8150,352722,5248,172751,2881,173520,21,6451,3897,122319,4229,118194,3919,240513,California
Ventura,2021-03-21,2787,355509,1513,174264,902,174422,372,6823,1319,122552,1456,119650,1689,242202,California
Ventura,2021-03-22,7346,362855,3690,177954,3554,177976,102,6925,4842,125010,2488,122138,4946,247148,California
Ventura,2021-03-23,8188,371043,3888,181842,4228,182204,72,6997,4671,126261,3491,125629,4742,251890,California
Ventura,2021-03-24,8873,379916,3409,185251,5389,187593,75,7072,4428,126348,4416,130045,4503,256393,California
Ventura,2021-03-25,8797,388713,3907,189158,4790,192383,100,7172,4449,126566,4331,134376,4549,260942,California
Ventura,2021-03-26,9827,398540,3351,192509,5823,198206,653,7825,3906,125230,5893,140269,4557,265499,California
Ventura,2021-03-27,8115,406655,3905,196414,4170,202376,40,7865,2396,121970,5697,145966,2437,267936,California
Ventura,2021-03-28,2531,409186,1411,197825,1111,203487,9,7874,1385,122227,1137,147103,1394,269330,California
Ventura,2021-03-29,8446,417632,4254,202079,4149,207636,43,7917,4220,122292,4198,151301,4263,273593,California
Ventura,2021-03-30,8939,426571,4413,206492,4398,212034,128,8045,4527,122548,4398,155699,4654,278247,California
Ventura,2021-03-31,10701,437272,4826,211318,5248,217282,627,8672,4646,121790,6033,161732,5275,283522,California
Ventura,2021-04-01,10685,447957,5198,216516,4609,221891,878,9550,5391,122787,5273,167005,6270,289792,California
Ventura,2021-04-02,11638,459595,4604,221120,5730,227621,1304,10854,5550,123591,6058,173063,6862,296654,California
Ventura,2021-04-03,8030,467625,3958,225078,2926,230547,1146,12000,3371,123458,4649,177712,4516,301170,California
Ventura,2021-04-04,1717,469342,962,226040,621,231168,134,12134,1154,124190,557,178269,1289,302459,California
Ventura,2021-04-05,9315,478657,4872,230912,3340,234508,1103,13237,4729,125448,4575,182844,5833,308292,California
Ventura,2021-04-06,10843,489500,5550,236462,3812,238320,1481,14718,5562,127232,5256,188100,7040,315332,California
Ventura,2021-04-07,11313,500813,5430,241892,4401,242721,1482,16200,5174,127759,6124,194224,6651,321983,California
Ventura,2021-04-08,10249,511062,5312,247204,3997,246718,940,17140,5119,128696,5114,199338,6051,328034,California
Ventura,2021-04-09,11097,522159,4344,251548,5046,251764,1707,18847,4844,129010,6231,205569,6545,334579,California
Ventura,2021-04-10,9138,531297,3508,255056,3476,255240,2154,21001,3002,128042,6120,211689,5152,339731,California
Ventura,2021-04-11,2423,533720,861,255917,993,256233,569,21570,685,127563,1731,213420,1252,340983,California
Ventura,2021-04-12,8889,542609,4471,260388,3611,259844,807,22377,3744,126981,5127,218547,4545,345528,California
Ventura,2021-04-13,8765,551374,4437,264825,4322,264166,6,22383,3744,125741,4990,223537,3750,349278,California
Ventura,2021-04-14,8664,560038,4064,268889,4585,268751,15,22398,3366,123860,5264,228801,3383,352661,California
Ventura,2021-04-15,9310,569348,4534,273423,4769,273520,7,22405,4105,122790,5182,233983,4112,356773,California
Ventura,2021-04-16,10126,579474,4486,277909,5639,279159,1,22406,4856,122395,5254,239237,4859,361632,California
Ventura,2021-04-17,8556,588030,5318,283227,3237,282396,1,22407,5021,123894,3523,242760,5022,366654,California
Ventura,2021-04-18,2134,590164,1014,284241,1120,283516,0,22407,905,123575,1224,243984,905,367559,California
Ventura,2021-04-19,8032,598196,4850,289091,3181,286697,1,22408,4640,124843,3374,247358,4642,372201,California
Ventura,2021-04-20,9246,607442,4915,294006,4327,291024,4,22412,4375,124368,4855,252213,4380,376581,California
Ventura,2021-04-21,8854,616296,4532,298538,4318,295342,4,22416,4220,123973,4620,256833,4225,380806,California
Ventura,2021-04-22,10034,626330,5484,304022,4550,299892,0,22416,4501,122958,5516,262349,4501,385307,California
Ventura,2021-04-23,10803,637133,5396,309418,5406,305298,1,22417,5414,123009,5363,267712,5414,390721,California
Ventura,2021-04-24,10322,647455,5893,315311,4429,309727,0,22417,6117,124933,4194,271906,6118,396839,California
Ventura,2021-04-25,2473,649928,1701,317012,772,310499,0,22417,1142,124747,1328,273234,1142,397981,California
Ventura,2021-04-26,7189,657117,4131,321143,2993,313492,65,22482,2998,123637,4169,277403,3059,401040,California
Ventura,2021-04-27,8358,665475,4623,325766,3566,317058,169,22651,3152,121766,5191,282594,3320,404360,California
Ventura,2021-04-28,8246,673721,4813,330579,3117,320175,316,22967,3212,120279,5015,287609,3528,407888,California
Ventura,2021-04-29,7755,681476,4220,334799,3271,323446,264,23231,2745,118300,4986,292595,3007,410895,California
Ventura,2021-04-30,9325,690801,5443,340242,3609,327055,273,23504,3858,116986,5437,298032,4123,415018,California
Ventura,2021-05-01,4939,695740,3631,343873,1206,328261,102,23606,1867,115900,3055,301087,1969,416987,California
Ventura,2021-05-02,2129,697869,1428,345301,612,328873,89,23695,1035,115934,1090,302177,1124,418111,California
Ventura,2021-05-03,6219,704088,3911,349212,2031,330904,277,23972,1951,113913,4248,306425,2227,420338,California
Ventura,2021-05-04,6272,710360,3317,352529,2656,333560,299,24271,2269,112491,3989,310414,2567,422905,California
Ventura,2021-05-05,5255,715615,3008,355537,1989,335549,258,24529,1899,111310,3333,313747,2152,425057,California
Ventura,2021-05-06,6055,721670,3208,358745,2577,338126,270,24799,1923,109388,4115,317862,2193,427250,California
Ventura,2021-05-07,6619,728289,3333,362078,3013,341139,273,25072,2261,107590,4332,322194,2534,429784,California
Ventura,2021-05-08,5289,733578,4110,366188,1027,342166,152,25224,1208,104882,4068,326262,1360,431144,California
Ventura,2021-05-09,1052,734630,733,366921,273,342439,46,25270,398,104680,646,326908,444,431588,California
Ventura,2021-05-10,6004,740634,4072,370993,1729,344168,203,25473,1351,101588,4645,331553,1553,433141,California
Ventura,2021-05-11,5083,745717,3199,374192,1676,345844,208,25681,1464,99649,3610,335163,1671,434812,California
Ventura,2021-05-12,4670,750387,2700,376892,1773,347617,197,25878,1435,98065,3216,338379,1632,436444,California
Ventura,2021-05-13,5386,755773,3180,380072,2036,349653,170,26048,1798,96457,3576,341955,1968,438412,California
Ventura,2021-05-14,4857,760630,2867,382939,1850,351503,140,26188,1501,94750,3347,345302,1640,440052,California
Yolo,2020-12-15,39,39,39,39,0,0,0,0,39,39,0,0,39,39,California
Yolo,2020-12-16,78,117,78,117,0,0,0,0,78,117,0,0,78,117,California
Yolo,2020-12-17,101,218,101,218,0,0,0,0,101,218,0,0,101,218,California
Yolo,2020-12-18,210,428,210,428,0,0,0,0,210,428,0,0,210,428,California
Yolo,2020-12-19,88,516,88,516,0,0,0,0,88,516,0,0,88,516,California
Yolo,2020-12-20,100,616,100,616,0,0,0,0,100,616,0,0,100,616,California
Yolo,2020-12-21,254,870,254,870,0,0,0,0,254,870,0,0,254,870,California
Yolo,2020-12-22,381,1251,380,1250,1,1,0,0,381,1251,0,0,381,1251,California
Yolo,2020-12-23,432,1683,412,1662,20,21,0,0,432,1683,0,0,432,1683,California
Yolo,2020-12-24,151,1834,95,1757,56,77,0,0,151,1834,0,0,151,1834,California
Yolo,2020-12-25,1,1835,1,1758,0,77,0,0,1,1835,0,0,1,1835,California
Yolo,2020-12-26,75,1910,25,1783,50,127,0,0,75,1910,0,0,75,1910,California
Yolo,2020-12-27,46,1956,19,1802,27,154,0,0,46,1956,0,0,46,1956,California
Yolo,2020-12-28,346,2302,179,1981,167,321,0,0,346,2302,0,0,346,2302,California
Yolo,2020-12-29,488,2790,267,2248,221,542,0,0,488,2790,0,0,488,2790,California
Yolo,2020-12-30,622,3412,254,2502,368,910,0,0,622,3412,0,0,622,3412,California
Yolo,2020-12-31,185,3597,95,2597,90,1000,0,0,185,3597,0,0,185,3597,California
Yolo,2021-01-01,58,3655,56,2653,2,1002,0,0,58,3655,0,0,58,3655,California
Yolo,2021-01-02,69,3724,26,2679,43,1045,0,0,69,3724,0,0,69,3724,California
Yolo,2021-01-03,44,3768,19,2698,25,1070,0,0,44,3768,0,0,44,3768,California
Yolo,2021-01-04,193,3961,43,2741,150,1220,0,0,193,3961,0,0,193,3961,California
Yolo,2021-01-05,612,4573,236,2977,376,1596,0,0,551,4451,61,61,551,4512,California
Yolo,2021-01-06,480,5053,183,3160,297,1893,0,0,349,4669,131,192,349,4861,California
Yolo,2021-01-07,709,5762,234,3394,475,2368,0,0,519,4999,189,381,519,5380,California
Yolo,2021-01-08,633,6395,312,3706,321,2689,0,0,417,5201,215,596,417,5797,California
Yolo,2021-01-09,410,6805,69,3775,341,3030,0,0,364,5519,46,642,364,6161,California
Yolo,2021-01-10,393,7198,80,3855,313,3343,0,0,323,5772,70,712,323,6484,California
Yolo,2021-01-11,562,7760,325,4180,237,3580,0,0,293,5798,269,981,295,6779,California
Yolo,2021-01-12,481,8241,364,4544,117,3697,0,0,173,5664,308,1289,174,6953,California
Yolo,2021-01-13,769,9010,312,4856,457,4154,0,0,519,5933,250,1539,519,7472,California
Yolo,2021-01-14,377,9387,183,5039,194,4348,0,0,273,6102,104,1643,273,7745,California
Yolo,2021-01-15,623,10010,318,5357,305,4653,0,0,544,6568,79,1722,545,8290,California
Yolo,2021-01-16,740,10750,95,5452,645,5298,0,0,709,7246,31,1753,709,8999,California
Yolo,2021-01-17,187,10937,118,5570,69,5367,0,0,180,7419,7,1760,180,9179,California
Yolo,2021-01-18,479,11416,303,5873,176,5543,0,0,380,7700,99,1859,380,9559,California
Yolo,2021-01-19,558,11974,374,6247,184,5727,0,0,383,7908,175,2034,383,9942,California
Yolo,2021-01-20,660,12634,380,6627,280,6007,0,0,475,8199,184,2218,475,10417,California
Yolo,2021-01-21,649,13283,382,7009,267,6274,0,0,461,8472,188,2406,461,10878,California
Yolo,2021-01-22,746,14029,250,7259,496,6770,0,0,629,8986,115,2521,629,11507,California
Yolo,2021-01-23,615,14644,124,7383,491,7261,0,0,567,9505,48,2569,567,12074,California
Yolo,2021-01-24,208,14852,124,7507,84,7345,0,0,167,9631,41,2610,167,12241,California
Yolo,2021-01-25,728,15580,154,7661,574,7919,0,0,513,9929,215,2825,513,12754,California
Yolo,2021-01-26,818,16398,327,7988,491,8410,0,0,429,9969,389,3214,429,13183,California
Yolo,2021-01-27,557,16955,223,8211,334,8744,0,0,383,10178,174,3388,383,13566,California
Yolo,2021-01-28,1051,18006,567,8778,484,9228,0,0,925,10978,125,3513,925,14491,California
Yolo,2021-01-29,874,18880,264,9042,610,9838,0,0,791,11687,82,3595,791,15282,California
Yolo,2021-01-30,1515,20395,915,9957,600,10438,0,0,1406,12990,103,3698,1406,16688,California
Yolo,2021-01-31,249,20644,211,10168,38,10476,0,0,214,13170,34,3732,214,16902,California
Yolo,2021-02-01,844,21488,360,10528,484,10960,0,0,614,13557,227,3959,614,17516,California
Yolo,2021-02-02,1322,22810,746,11274,576,11536,0,0,930,14096,392,4351,931,18447,California
Yolo,2021-02-03,1515,24325,398,11672,1117,12653,0,0,1182,14948,330,4681,1182,19629,California
Yolo,2021-02-04,1787,26112,283,11955,1504,14157,0,0,1237,15647,539,5220,1238,20867,California
Yolo,2021-02-05,1593,27705,902,12857,691,14848,0,0,1196,16448,396,5616,1197,22064,California
Yolo,2021-02-06,1916,29621,1246,14103,670,15518,0,0,1555,17643,361,5977,1556,23620,California
Yolo,2021-02-07,520,30141,250,14353,270,15788,0,0,171,17466,348,6325,171,23791,California
Yolo,2021-02-08,948,31089,332,14685,616,16404,0,0,605,17731,340,6665,605,24396,California
Yolo,2021-02-09,863,31952,389,15074,474,16878,0,0,578,18024,285,6950,578,24974,California
Yolo,2021-02-10,1458,33410,477,15551,981,17859,0,0,821,18210,637,7587,823,25797,California
Yolo,2021-02-11,1567,34977,799,16350,768,18627,0,0,1185,19013,382,7969,1185,26982,California
Yolo,2021-02-12,1908,36885,749,17099,1159,19786,0,0,1440,19989,464,8433,1440,28422,California
Yolo,2021-02-13,2056,38941,712,17811,1344,21130,0,0,1391,20715,665,9098,1391,29813,California
Yolo,2021-02-14,571,39512,155,17966,416,21546,0,0,446,21037,124,9222,446,30259,California
Yolo,2021-02-15,531,40043,189,18155,342,21888,0,0,266,21039,265,9487,267,30526,California
Yolo,2021-02-16,1129,41172,426,18581,703,22591,0,0,810,21531,319,9806,811,31337,California
Yolo,2021-02-17,1391,42563,701,19282,690,23281,0,0,996,22132,395,10201,996,32333,California
Yolo,2021-02-18,2495,45058,813,20095,1682,24963,0,0,1725,23088,770,10971,1726,34059,California
Yolo,2021-02-19,1742,46800,745,20840,997,25960,0,0,1121,23590,619,11590,1121,35180,California
Yolo,2021-02-20,2443,49243,949,21789,1494,27454,0,0,1372,23897,1066,12656,1373,36553,California
Yolo,2021-02-21,283,49526,225,22014,58,27512,0,0,73,23761,209,12865,73,36626,California
Yolo,2021-02-22,1361,50887,600,22614,761,28273,0,0,693,23787,667,13532,693,37319,California
Yolo,2021-02-23,1126,52013,842,23456,284,28557,0,0,438,23539,686,14218,438,37757,California
Yolo,2021-02-24,2091,54104,590,24046,1501,30058,0,0,1381,24212,708,14926,1381,39138,California
Yolo,2021-02-25,1381,55485,486,24532,895,30953,0,0,916,24664,464,15390,916,40054,California
Yolo,2021-02-26,2599,58084,1011,25543,1588,32541,0,0,1393,24854,1203,16593,1393,41447,California
Yolo,2021-02-27,1659,59743,766,26309,893,33434,0,0,1209,25613,450,17043,1209,42656,California
Yolo,2021-02-28,1773,61516,1492,27801,281,33715,0,0,679,25200,1092,18135,679,43335,California
Yolo,2021-03-01,1105,62621,368,28169,737,34452,0,0,673,25443,430,18565,673,44008,California
Yolo,2021-03-02,1463,64084,683,28852,780,35232,0,0,933,25846,530,19095,933,44941,California
Yolo,2021-03-03,1842,65926,632,29484,1210,36442,0,0,835,25676,1005,20100,835,45776,California
Yolo,2021-03-04,2910,68836,1454,30938,1456,37898,0,0,1576,25921,1331,21431,1576,47352,California
Yolo,2021-03-05,2349,71185,1396,32334,942,38840,11,11,1473,26530,875,22306,1484,48836,California
Yolo,2021-03-06,1469,72654,1121,33455,319,39159,29,40,837,26766,630,22936,866,49702,California
Yolo,2021-03-07,911,73565,675,34130,222,39381,14,54,775,27419,136,23072,789,50491,California
Yolo,2021-03-08,1094,74659,489,34619,562,39943,43,97,766,27902,327,23399,810,51301,California
Yolo,2021-03-09,1245,75904,671,35290,513,40456,61,158,755,28230,488,23887,816,52117,California
Yolo,2021-03-10,1798,77702,1049,36339,461,40917,288,446,751,28220,1043,24930,1033,53150,California
Yolo,2021-03-11,2345,80047,1600,37939,679,41596,66,512,1601,29145,743,25673,1668,54818,California
Yolo,2021-03-12,2893,82940,1343,39282,1471,43067,79,591,1372,29082,1513,27186,1450,56268,California
Yolo,2021-03-13,1844,84784,730,40012,937,44004,177,768,999,29416,842,28028,1176,57444,California
Yolo,2021-03-14,1004,85788,211,40223,643,44647,150,918,523,29604,480,28508,668,58112,California
Yolo,2021-03-15,1322,87110,772,40995,374,45021,176,1094,707,29872,613,29121,881,58993,California
Yolo,2021-03-16,1868,88978,717,41712,1079,46100,72,1166,1103,30282,765,29886,1175,60168,California
Yolo,2021-03-17,2490,91468,970,42682,1448,47548,72,1238,1708,31314,779,30665,1811,61979,California
Yolo,2021-03-18,3019,94487,1022,43704,1773,49321,224,1462,1264,31051,1751,32416,1488,63467,California
Yolo,2021-03-19,2086,96573,863,44567,1155,50476,68,1530,1095,31229,985,33401,1163,64630,California
Yolo,2021-03-20,2748,99321,817,45384,1890,52366,41,1571,1115,30760,1627,35028,1158,65788,California
Yolo,2021-03-21,316,99637,215,45599,93,52459,8,1579,229,30911,86,35114,237,66025,California
Yolo,2021-03-22,1399,101036,487,46086,854,53313,58,1637,919,31410,477,35591,976,67001,California
Yolo,2021-03-23,1731,102767,933,47019,742,54055,56,1693,1073,31881,657,36248,1128,68129,California
Yolo,2021-03-24,2850,105617,1394,48413,1407,55462,49,1742,1420,31933,1418,37666,1470,69599,California
Yolo,2021-03-25,2540,108157,1408,49821,1105,56567,27,1769,1257,31944,1273,38939,1284,70883,California
Yolo,2021-03-26,2398,110555,1255,51076,1124,57691,19,1788,1034,31639,1357,40296,1052,71935,California
Yolo,2021-03-27,1653,112208,454,51530,1182,58873,17,1805,762,31528,890,41186,779,72714,California
Yolo,2021-03-28,1106,113314,862,52392,226,59099,18,1823,276,30996,826,42012,294,73008,California
Yolo,2021-03-29,2013,115327,822,53214,1161,60260,30,1853,980,30977,1029,43041,1010,74018,California
Yolo,2021-03-30,2269,117596,1068,54282,1178,61438,23,1876,1178,31092,1086,44127,1201,75219,California
Yolo,2021-03-31,2346,119942,1219,55501,1091,62529,36,1912,1198,31181,1147,45274,1236,76455,California
Yolo,2021-04-01,3831,123773,1840,57341,1516,64045,475,2387,1619,31065,2209,47483,2093,78548,California
Yolo,2021-04-02,3379,127152,1505,58846,1730,65775,144,2531,2091,32019,1282,48765,2236,80784,California
Yolo,2021-04-03,1789,128941,1078,59924,496,66271,215,2746,800,32046,988,49753,1015,81799,California
Yolo,2021-04-04,390,129331,153,60077,175,66446,62,2808,147,32012,243,49996,209,82008,California
Yolo,2021-04-05,1901,131232,730,60807,1073,67519,98,2906,1005,32224,891,50887,1103,83111,California
Yolo,2021-04-06,2566,133798,1300,62107,1095,68614,171,3077,1312,32463,1245,52132,1484,84595,California
Yolo,2021-04-07,2973,136771,1512,63619,1110,69724,351,3428,1921,33693,1046,53178,2276,86871,California
Yolo,2021-04-08,2416,139187,1001,64620,942,70666,473,3901,1022,33793,1391,54569,1491,88362,California
Yolo,2021-04-09,2571,141758,913,65533,1081,71747,577,4478,844,33483,1724,56293,1414,89776,California
Yolo,2021-04-10,1731,143489,816,66349,739,72486,176,4654,1024,33979,703,56996,1199,90975,California
Yolo,2021-04-11,887,144376,282,66631,561,73047,44,4698,364,33866,520,57516,407,91382,California
Yolo,2021-04-12,1763,146139,520,67151,1099,74146,144,4842,1091,34433,669,58185,1236,92618,California
Yolo,2021-04-13,1969,148108,911,68062,1058,75204,0,4842,1039,34543,929,59114,1039,93657,California
Yolo,2021-04-14,2757,150865,762,68824,1995,77199,0,4842,1368,34527,1384,60498,1368,95025,California
Yolo,2021-04-15,3305,154170,1132,69956,2173,79372,0,4842,2263,35756,1034,61532,2263,97288,California
Yolo,2021-04-16,3037,157207,1957,71913,1080,80452,0,4842,1934,36593,1097,62629,1934,99222,California
Yolo,2021-04-17,1602,158809,470,72383,1132,81584,0,4842,829,36652,770,63399,829,100051,California
Yolo,2021-04-18,633,159442,305,72688,328,81912,0,4842,354,36730,276,63675,354,100405,California
Yolo,2021-04-19,1664,161106,716,73404,947,82859,1,4843,766,36604,893,64568,767,101172,California
Yolo,2021-04-20,1996,163102,1009,74413,987,83846,0,4843,1071,36752,923,65491,1071,102243,California
Yolo,2021-04-21,1981,165083,983,75396,998,84844,0,4843,1082,36939,895,66386,1082,103325,California
Yolo,2021-04-22,1932,167015,875,76271,1057,85901,0,4843,961,36935,966,67352,962,104287,California
Yolo,2021-04-23,2609,169624,1522,77793,1087,86988,0,4843,1167,36672,1430,68782,1167,105454,California
Yolo,2021-04-24,1154,170778,630,78423,522,87510,2,4845,454,36436,692,69474,456,105910,California
Yolo,2021-04-25,942,171720,401,78824,541,88051,0,4845,722,36939,219,69693,722,106632,California
Yolo,2021-04-26,1177,172897,450,79274,724,88775,3,4848,483,36734,692,70385,487,107119,California
Yolo,2021-04-27,1487,174384,697,79971,781,89556,9,4857,571,36401,915,71300,582,107701,California
Yolo,2021-04-28,2012,176396,995,80966,990,90546,27,4884,704,35827,1305,72605,731,108432,California
Yolo,2021-04-29,1710,178106,789,81755,838,91384,83,4967,650,35501,1059,73664,733,109165,California
Yolo,2021-04-30,2001,180107,988,82743,956,92340,57,5024,958,35479,1037,74701,1015,110180,California
Yolo,2021-05-01,1283,181390,997,83740,266,92606,20,5044,382,34981,900,75601,402,110582,California
Yolo,2021-05-02,495,181885,401,84141,71,92677,23,5067,321,35151,174,75775,344,110926,California
Yolo,2021-05-03,1122,183007,407,84548,681,93358,34,5101,304,34672,816,76591,337,111263,California
Yolo,2021-05-04,1439,184446,659,85207,756,94114,24,5125,487,34235,948,77539,511,111774,California
Yolo,2021-05-05,1551,185997,422,85629,1063,95177,66,5191,438,33633,1106,78645,504,112278,California
Yolo,2021-05-06,1505,187502,700,86329,726,95903,79,5270,501,33222,991,79636,580,112858,California
Yolo,2021-05-07,2299,189801,1373,87702,875,96778,51,5321,458,31897,1833,81469,508,113366,California
Yolo,2021-05-08,825,190626,359,88061,409,97187,57,5378,311,31753,511,81980,367,113733,California
Yolo,2021-05-09,393,191019,163,88224,217,97404,13,5391,90,31554,302,82282,103,113836,California
Yolo,2021-05-10,901,191920,356,88580,499,97903,46,5437,154,31008,745,83027,199,114035,California
Yolo,2021-05-11,1119,193039,649,89229,448,98351,22,5459,274,30462,841,83868,295,114330,California
Yolo,2021-05-12,1494,194533,661,89890,805,99156,28,5487,274,29550,1217,85085,305,114635,California
Yolo,2021-05-13,2046,196579,770,90660,1220,100376,56,5543,581,28726,1461,86546,637,115272,California
Yolo,2021-05-14,1380,197959,1069,91729,292,100668,19,5562,806,28981,571,87117,826,116098,California
Yuba,2020-12-16,4,4,4,4,0,0,0,0,4,4,0,0,4,4,California
Yuba,2020-12-17,4,8,4,8,0,0,0,0,4,8,0,0,4,8,California
Yuba,2020-12-18,8,16,8,16,0,0,0,0,8,16,0,0,8,16,California
Yuba,2020-12-19,12,28,12,28,0,0,0,0,12,28,0,0,12,28,California
Yuba,2020-12-20,20,48,20,48,0,0,0,0,20,48,0,0,20,48,California
Yuba,2020-12-21,40,88,40,88,0,0,0,0,40,88,0,0,40,88,California
Yuba,2020-12-22,86,174,86,174,0,0,0,0,86,174,0,0,86,174,California
Yuba,2020-12-23,64,238,62,236,2,2,0,0,64,238,0,0,64,238,California
Yuba,2020-12-24,20,258,10,246,10,12,0,0,20,258,0,0,20,258,California
Yuba,2020-12-26,15,273,13,259,2,14,0,0,15,273,0,0,15,273,California
Yuba,2020-12-27,15,288,15,274,0,14,0,0,15,288,0,0,15,288,California
Yuba,2020-12-28,51,339,35,309,16,30,0,0,51,339,0,0,51,339,California
Yuba,2020-12-29,75,414,10,319,65,95,0,0,75,414,0,0,75,414,California
Yuba,2020-12-30,64,478,20,339,44,139,0,0,64,478,0,0,64,478,California
Yuba,2020-12-31,38,516,7,346,31,170,0,0,38,516,0,0,38,516,California
Yuba,2021-01-02,23,539,22,368,1,171,0,0,23,539,0,0,23,539,California
Yuba,2021-01-03,10,549,6,374,4,175,0,0,10,549,0,0,10,549,California
Yuba,2021-01-04,90,639,21,395,69,244,0,0,90,639,0,0,90,639,California
Yuba,2021-01-05,70,709,38,433,32,276,0,0,69,707,1,1,69,708,California
Yuba,2021-01-06,154,863,76,509,78,354,0,0,148,849,6,7,148,856,California
Yuba,2021-01-07,75,938,19,528,56,410,0,0,72,917,4,11,72,928,California
Yuba,2021-01-08,73,1011,25,553,48,458,0,0,66,976,7,18,66,994,California
Yuba,2021-01-09,19,1030,16,569,3,461,0,0,11,979,8,26,11,1005,California
Yuba,2021-01-10,117,1147,22,591,95,556,0,0,95,1052,22,48,95,1100,California
Yuba,2021-01-11,72,1219,50,641,22,578,0,0,32,1044,40,88,32,1132,California
Yuba,2021-01-12,107,1326,77,718,30,608,0,0,42,1021,65,153,42,1174,California
Yuba,2021-01-13,119,1445,72,790,47,655,0,0,54,1011,64,217,54,1228,California
Yuba,2021-01-14,109,1554,43,833,66,721,0,0,97,1096,12,229,97,1325,California
Yuba,2021-01-15,206,1760,88,921,118,839,0,0,195,1280,11,240,195,1520,California
Yuba,2021-01-16,184,1944,21,942,163,1002,0,0,172,1439,13,253,172,1692,California
Yuba,2021-01-17,13,1957,9,951,4,1006,0,0,7,1440,6,259,7,1699,California
Yuba,2021-01-18,60,2017,32,983,28,1034,0,0,35,1450,25,284,35,1734,California
Yuba,2021-01-19,80,2097,29,1012,51,1085,0,0,65,1500,15,299,65,1799,California
Yuba,2021-01-20,133,2230,87,1099,46,1131,0,0,110,1587,23,322,110,1909,California
Yuba,2021-01-21,213,2443,97,1196,116,1247,0,0,205,1784,8,330,205,2114,California
Yuba,2021-01-22,103,2546,6,1202,97,1344,0,0,94,1869,9,339,94,2208,California
Yuba,2021-01-23,200,2746,7,1209,193,1537,0,0,197,2063,3,342,197,2405,California
Yuba,2021-01-24,10,2756,7,1216,3,1540,0,0,8,2069,2,344,8,2413,California
Yuba,2021-01-25,84,2840,28,1244,56,1596,0,0,53,2092,30,374,53,2466,California
Yuba,2021-01-26,148,2988,39,1283,109,1705,0,0,90,2124,58,432,90,2556,California
Yuba,2021-01-27,183,3171,128,1411,55,1760,0,0,115,2171,68,500,115,2671,California
Yuba,2021-01-28,217,3388,79,1490,138,1898,0,0,175,2304,42,542,175,2846,California
Yuba,2021-01-29,158,3546,55,1545,103,2001,0,0,111,2368,47,589,111,2957,California
Yuba,2021-01-30,410,3956,23,1568,387,2388,0,0,399,2756,11,600,399,3356,California
Yuba,2021-01-31,18,3974,12,1580,6,2394,0,0,16,2770,2,602,16,3372,California
Yuba,2021-02-01,155,4129,75,1655,80,2474,0,0,131,2879,23,625,132,3504,California
Yuba,2021-02-02,123,4252,23,1678,100,2574,0,0,101,2958,22,647,101,3605,California
Yuba,2021-02-03,226,4478,29,1707,197,2771,0,0,114,2961,111,758,114,3719,California
Yuba,2021-02-04,296,4774,121,1828,175,2946,0,0,253,3171,43,801,253,3972,California
Yuba,2021-02-05,147,4921,32,1860,115,3061,0,0,71,3166,76,877,71,4043,California
Yuba,2021-02-06,450,5371,26,1886,424,3485,0,0,442,3600,8,885,442,4485,California
Yuba,2021-02-07,18,5389,11,1897,7,3492,0,0,15,3612,3,888,15,4500,California
Yuba,2021-02-08,96,5485,35,1932,61,3553,0,0,66,3648,30,918,66,4566,California
Yuba,2021-02-09,154,5639,56,1988,98,3651,0,0,84,3662,70,988,84,4650,California
Yuba,2021-02-10,352,5991,172,2160,180,3831,0,0,114,3539,237,1225,114,4764,California
Yuba,2021-02-11,396,6387,63,2223,333,4164,0,0,299,3743,95,1320,299,5063,California
Yuba,2021-02-12,265,6652,27,2250,238,4402,0,0,151,3780,114,1434,151,5214,California
Yuba,2021-02-13,435,7087,35,2285,400,4802,0,0,387,4119,48,1482,387,5601,California
Yuba,2021-02-14,54,7141,11,2296,43,4845,0,0,49,4163,5,1487,49,5650,California
Yuba,2021-02-15,87,7228,36,2332,51,4896,0,0,68,4212,19,1506,68,5718,California
Yuba,2021-02-16,199,7427,53,2385,146,5042,0,0,140,4294,58,1564,140,5858,California
Yuba,2021-02-17,372,7799,156,2541,216,5258,0,0,99,4121,272,1836,99,5957,California
Yuba,2021-02-18,317,8116,46,2587,271,5529,0,0,194,4192,123,1959,194,6151,California
Yuba,2021-02-19,224,8340,82,2669,142,5671,0,0,142,4252,82,2041,142,6293,California
Yuba,2021-02-20,390,8730,31,2700,359,6030,0,0,336,4534,54,2095,336,6629,California
Yuba,2021-02-21,17,8747,14,2714,3,6033,0,0,7,4531,10,2105,7,6636,California
Yuba,2021-02-22,128,8875,79,2793,49,6082,0,0,38,4480,89,2194,38,6674,California
Yuba,2021-02-23,113,8988,25,2818,88,6170,0,0,46,4460,66,2260,46,6720,California
Yuba,2021-02-24,482,9470,136,2954,346,6516,0,0,107,4192,375,2635,107,6827,California
Yuba,2021-02-25,344,9814,139,3093,205,6721,0,0,215,4278,129,2764,215,7042,California
Yuba,2021-02-26,256,10070,67,3160,189,6910,0,0,143,4310,111,2875,143,7185,California
Yuba,2021-02-27,472,10542,47,3207,425,7335,0,0,383,4606,87,2962,383,7568,California
Yuba,2021-02-28,66,10608,21,3228,45,7380,0,0,45,4630,21,2983,45,7613,California
Yuba,2021-03-01,156,10764,40,3268,116,7496,0,0,80,4635,75,3058,80,7693,California
Yuba,2021-03-02,160,10924,36,3304,124,7620,0,0,80,4635,80,3138,80,7773,California
Yuba,2021-03-03,622,11546,159,3463,463,8083,0,0,200,4414,421,3559,200,7973,California
Yuba,2021-03-04,465,12011,269,3732,196,8279,0,0,324,4598,140,3699,324,8297,California
Yuba,2021-03-05,317,12328,60,3792,256,8535,1,1,249,4780,68,3767,250,8547,California
Yuba,2021-03-06,474,12802,35,3827,435,8970,4,5,368,5046,106,3873,372,8919,California
Yuba,2021-03-07,49,12851,27,3854,21,8991,1,6,33,5064,16,3889,34,8953,California
Yuba,2021-03-08,160,13011,49,3903,95,9086,16,22,101,5122,59,3948,117,9070,California
Yuba,2021-03-09,178,13189,47,3950,111,9197,20,42,84,5132,94,4042,104,9174,California
Yuba,2021-03-10,737,13926,234,4184,473,9670,30,72,232,4890,504,4546,262,9436,California
Yuba,2021-03-11,438,14364,197,4381,229,9899,12,84,295,5054,143,4689,307,9743,California
Yuba,2021-03-12,461,14825,86,4467,321,10220,54,138,150,4947,311,5000,204,9947,California
Yuba,2021-03-13,455,15280,335,4802,105,10325,15,153,360,5228,94,5094,375,10322,California
Yuba,2021-03-14,107,15387,21,4823,76,10401,10,163,46,5224,60,5154,56,10378,California
Yuba,2021-03-15,190,15577,49,4872,124,10525,17,180,96,5243,94,5248,113,10491,California
Yuba,2021-03-16,290,15867,71,4943,194,10719,25,205,177,5333,112,5360,202,10693,California
Yuba,2021-03-17,739,16606,162,5105,548,11267,29,234,193,5011,544,5904,222,10915,California
Yuba,2021-03-18,582,17188,160,5265,310,11577,112,346,353,5246,229,6133,464,11379,California
Yuba,2021-03-19,327,17515,120,5385,158,11735,49,395,188,5345,138,6271,237,11616,California
Yuba,2021-03-20,556,18071,81,5466,457,12192,18,413,476,5760,79,6350,494,12110,California
Yuba,2021-03-21,60,18131,35,5501,25,12217,0,413,48,5796,12,6362,48,12158,California
Yuba,2021-03-22,190,18321,70,5571,113,12330,7,420,148,5909,42,6404,155,12313,California
Yuba,2021-03-23,264,18585,80,5651,157,12487,27,447,177,6028,85,6489,204,12517,California
Yuba,2021-03-24,769,19354,255,5906,433,12920,81,528,189,5719,578,7067,269,12786,California
Yuba,2021-03-25,501,19855,267,6173,212,13132,22,550,248,5736,253,7320,270,13056,California
Yuba,2021-03-26,392,20247,143,6316,222,13354,27,577,226,5824,165,7485,253,13309,California
Yuba,2021-03-27,459,20706,27,6343,429,13783,3,580,404,6176,54,7539,406,13715,California
Yuba,2021-03-28,99,20805,40,6383,55,13838,4,584,37,6155,62,7601,41,13756,California
Yuba,2021-03-29,295,21100,86,6469,177,14015,32,616,179,6250,116,7717,211,13967,California
Yuba,2021-03-30,274,21374,68,6537,198,14213,8,624,189,6362,85,7802,197,14164,California
Yuba,2021-03-31,667,22041,113,6650,542,14755,12,636,237,6182,429,8231,249,14413,California
Yuba,2021-04-01,620,22661,288,6938,303,15058,29,665,286,6163,334,8565,315,14728,California
Yuba,2021-04-02,493,23154,94,7032,316,15374,83,748,186,6125,306,8871,268,14996,California
Yuba,2021-04-03,653,23807,54,7086,117,15491,482,1230,87,6129,565,9436,569,15565,California
Yuba,2021-04-04,59,23866,11,7097,42,15533,6,1236,34,6144,25,9461,40,15605,California
Yuba,2021-04-05,246,24112,79,7176,146,15679,21,1257,124,6168,120,9581,144,15749,California
Yuba,2021-04-06,354,24466,114,7290,180,15859,60,1317,171,6217,182,9763,231,15980,California
Yuba,2021-04-07,769,25235,396,7686,320,16179,53,1370,346,6195,420,10183,398,16378,California
Yuba,2021-04-08,739,25974,287,7973,190,16369,262,1632,274,6266,464,10647,535,16913,California
Yuba,2021-04-09,396,26370,173,8146,157,16526,66,1698,162,6261,233,10880,228,17141,California
Yuba,2021-04-10,592,26962,71,8217,74,16600,447,2145,70,6257,520,11400,516,17657,California
Yuba,2021-04-11,102,27064,26,8243,64,16664,12,2157,43,6253,59,11459,55,17712,California
Yuba,2021-04-12,210,27274,45,8288,136,16800,29,2186,80,6233,129,11588,109,17821,California
Yuba,2021-04-13,397,27671,103,8391,294,17094,0,2186,204,6245,192,11780,204,18025,California
Yuba,2021-04-14,694,28365,109,8500,585,17679,0,2186,120,5792,573,12353,120,18145,California
Yuba,2021-04-15,336,28701,127,8627,209,17888,0,2186,147,5750,189,12542,147,18292,California
Yuba,2021-04-16,332,29033,100,8727,232,18120,0,2186,178,5774,154,12696,178,18470,California
Yuba,2021-04-17,402,29435,58,8785,344,18464,0,2186,331,6035,70,12766,331,18801,California
Yuba,2021-04-18,52,29487,9,8794,43,18507,0,2186,24,6031,28,12794,24,18825,California
Yuba,2021-04-19,245,29732,102,8896,143,18650,0,2186,104,5994,141,12935,104,18929,California
Yuba,2021-04-20,302,30034,77,8973,225,18875,0,2186,174,6042,127,13062,175,19104,California
Yuba,2021-04-21,700,30734,282,9255,418,19293,0,2186,299,5940,401,13463,299,19403,California
Yuba,2021-04-22,340,31074,132,9387,208,19501,0,2186,184,5968,156,13619,184,19587,California
Yuba,2021-04-23,342,31416,111,9498,231,19732,0,2186,163,5953,178,13797,163,19750,California
Yuba,2021-04-24,216,31632,68,9566,148,19880,0,2186,123,5983,93,13890,123,19873,California
Yuba,2021-04-25,73,31705,30,9596,43,19923,0,2186,36,5982,37,13927,36,19909,California
Yuba,2021-04-26,224,31929,54,9650,166,20089,4,2190,102,5966,122,14049,106,20015,California
Yuba,2021-04-27,472,32401,162,9812,300,20389,10,2200,233,5972,237,14286,243,20258,California
Yuba,2021-04-28,430,32831,174,9986,251,20640,5,2205,144,5841,280,14566,149,20407,California
Yuba,2021-04-29,426,33257,63,10049,362,21002,1,2206,144,5705,281,14847,145,20552,California
Yuba,2021-04-30,328,33585,93,10142,206,21208,29,2235,140,5688,186,15033,169,20721,California
Yuba,2021-05-01,205,33790,91,10233,96,21304,18,2253,93,5688,111,15144,111,20832,California
Yuba,2021-05-02,64,33854,34,10267,26,21330,4,2257,37,5702,27,15171,41,20873,California
Yuba,2021-05-03,142,33996,66,10333,67,21397,9,2266,45,5662,94,15265,54,20927,California
Yuba,2021-05-04,318,34314,94,10427,203,21600,21,2287,140,5645,178,15443,161,21088,California
Yuba,2021-05-05,315,34629,78,10505,231,21831,6,2293,114,5564,201,15644,120,21208,California
Yuba,2021-05-06,275,34904,103,10608,134,21965,38,2331,90,5510,182,15826,128,21336,California
Yuba,2021-05-07,359,35263,95,10703,235,22200,29,2360,121,5421,238,16064,149,21485,California
Yuba,2021-05-08,104,35367,32,10735,69,22269,3,2363,46,5412,58,16122,49,21534,California
Yuba,2021-05-09,52,35419,23,10758,26,22295,3,2366,37,5437,15,16137,40,21574,California
Yuba,2021-05-10,170,35589,55,10813,97,22392,18,2384,54,5394,115,16252,72,21646,California
Yuba,2021-05-11,363,35952,160,10973,191,22583,12,2396,135,5314,226,16478,146,21792,California
Yuba,2021-05-12,242,36194,118,11091,118,22701,6,2402,91,5260,151,16629,97,21889,California
Yuba,2021-05-13,309,36503,185,11276,82,22783,42,2444,94,5182,214,16843,136,22025,California
Yuba,2021-05-14,207,36710,43,11319,147,22930,17,2461,71,5133,136,16979,87,22112,California
