county,administered_date,total_doses,cumulative_total_doses,pfizer_doses,cumulative_pfizer_doses,moderna_doses,cumulative_moderna_doses,jj_doses,cumulative_jj_doses,partially_vaccinated,total_partially_vaccinated,fully_vaccinated,cumulative_fully_vaccinated,at_least_one_dose,cumulative_at_least_one_dose,california_flag
All CA Counties,2020-12-15,1156,1156,1156,1156,0,0,0,0,1156,1156,0,0,1156,1156,
All CA Counties,2020-12-16,8460,9616,8460,9616,0,0,0,0,8460,9616,0,0,8460,9616,
All CA Counties,2020-12-17,26532,36148,26532,36148,0,0,0,0,26529,36141,4,4,26529,36145,
All CA Counties,2020-12-18,45238,81386,45179,81327,59,59,0,0,45234,81370,5,9,45234,81379,
All CA Counties,2020-12-19,25506,106892,25480,106807,26,85,0,0,25505,106874,1,10,25505,106884,
All CA Counties,2020-12-20,19130,126022,19098,125905,32,117,0,0,19129,126002,1,11,19129,126013,
All CA Counties,2020-12-21,49786,175808,49694,175599,92,209,0,0,49787,175787,3,14,49788,175801,
All CA Counties,2020-12-22,50188,225996,48046,223645,2142,2351,0,0,50180,225961,6,20,50180,225981,
All CA Counties,2020-12-23,50754,276750,41933,265578,8821,11172,0,0,50748,276707,5,25,50751,276732,
All CA Counties,2020-12-24,24114,300864,16357,281935,7757,18929,0,0,24108,300811,6,31,24110,300842,
All CA Counties,2020-12-25,2348,303212,2023,283958,325,19254,0,0,2348,303159,0,31,2348,303190,
All CA Counties,2020-12-26,14640,317852,9476,293434,5164,24418,0,0,14638,317795,2,33,14638,317828,
All CA Counties,2020-12-27,9468,327320,5609,299043,3859,28277,0,0,9465,327257,3,36,9465,327293,
All CA Counties,2020-12-28,46192,373512,29602,328645,16590,44867,0,0,46189,373443,3,39,46189,373482,
All CA Counties,2020-12-29,51355,424867,28624,357269,22731,67598,0,0,51348,424787,4,43,51348,424830,
All CA Counties,2020-12-30,63154,488021,35651,392920,27503,95101,0,0,63142,487923,9,52,63145,487975,
All CA Counties,2020-12-31,29599,517620,10946,403866,18653,113754,0,0,29577,517481,20,72,29578,517553,
All CA Counties,2021-01-01,4642,522262,2107,405973,2535,116289,0,0,4634,522108,7,79,4634,522187,
All CA Counties,2021-01-02,18542,540804,10262,416235,8280,124569,0,0,18537,540643,2,81,18537,540724,
All CA Counties,2021-01-03,6204,547008,3510,419745,2694,127263,0,0,6169,546798,14,95,6169,546893,
All CA Counties,2021-01-04,43651,590659,22022,441767,21629,148892,0,0,43572,590330,40,135,43572,590465,
All CA Counties,2021-01-05,56745,647404,29932,471699,26813,175705,0,0,51080,635904,5604,5739,51178,641643,
All CA Counties,2021-01-06,73648,721052,40635,512334,33013,208718,0,0,57922,678325,15540,21279,57961,699604,
All CA Counties,2021-01-07,92737,813789,52826,565160,39911,248629,0,0,61081,707987,31478,52757,61140,760744,
All CA Counties,2021-01-08,107448,921237,64670,629830,42778,291407,0,0,65395,731545,41908,94665,65466,826210,
All CA Counties,2021-01-09,44641,965878,25723,655553,18918,310325,0,0,27932,742824,16682,111347,27961,854171,
All CA Counties,2021-01-10,24408,990286,14903,670456,9505,319830,0,0,13134,744729,11248,122595,13153,867324,
All CA Counties,2021-01-11,104945,1095231,69829,740285,35116,354946,0,0,60845,761712,44039,166634,61022,928346,
All CA Counties,2021-01-12,114290,1209521,67786,808071,46504,401450,0,0,72748,793267,41438,208072,72993,1001339,
All CA Counties,2021-01-13,119892,1329413,62342,870413,57550,459000,0,0,85846,845247,33957,242029,85937,1087276,
All CA Counties,2021-01-14,124758,1454171,50161,920574,74597,533597,0,0,104946,930671,19707,261736,105131,1192407,
All CA Counties,2021-01-15,142545,1596716,52129,972703,90416,624013,0,0,127255,1042969,15191,276927,127489,1319896,
All CA Counties,2021-01-16,81010,1677726,27417,1000120,53593,677606,0,0,73371,1108785,7610,284537,73426,1393322,
All CA Counties,2021-01-17,48368,1726094,16905,1017025,31463,709069,0,0,44673,1149821,3682,288219,44718,1438040,
All CA Counties,2021-01-18,88421,1814515,46118,1063143,42303,751372,0,0,68988,1199630,19359,307578,69168,1507208,
All CA Counties,2021-01-19,142372,1956887,73728,1136871,68644,820016,0,0,111110,1279911,31161,338739,111442,1618650,
All CA Counties,2021-01-20,163719,2120606,84610,1221481,79109,899125,0,0,129420,1375555,34049,372788,129693,1748343,
All CA Counties,2021-01-21,176069,2296675,78827,1300308,97242,996367,0,0,156350,1512800,19484,392272,156729,1905072,
All CA Counties,2021-01-22,170884,2467559,69793,1370101,101091,1097458,0,0,156353,1654927,14384,406656,156511,2061583,
All CA Counties,2021-01-23,112069,2579628,49526,1419627,62543,1160001,0,0,99401,1741854,12597,419253,99524,2161107,
All CA Counties,2021-01-24,61221,2640849,29424,1449051,31797,1191798,0,0,56504,1793744,4679,423932,56569,2217676,
All CA Counties,2021-01-25,145751,2786600,65542,1514593,80209,1272007,0,0,110310,1869145,35291,459223,110692,2328368,
All CA Counties,2021-01-26,169581,2956181,83142,1597735,86439,1358446,0,0,131643,1963269,37791,497014,131915,2460283,
All CA Counties,2021-01-27,183206,3139387,87920,1685655,95286,1453732,0,0,143267,2067161,39592,536606,143484,2603767,
All CA Counties,2021-01-28,188711,3328098,86938,1772593,101773,1555505,0,0,154135,2187271,34263,570869,154373,2758140,
All CA Counties,2021-01-29,184493,3512591,88336,1860929,96157,1651662,0,0,149351,2302306,34499,605368,149534,2907674,
All CA Counties,2021-01-30,124509,3637100,55514,1916443,68995,1720657,0,0,108933,2396006,15382,620750,109082,3016756,
All CA Counties,2021-01-31,69195,3706295,38437,1954880,30758,1751415,0,0,64114,2455166,5010,625760,64170,3080926,
All CA Counties,2021-02-01,162473,3868768,75806,2030686,86667,1838082,0,0,121127,2535295,41129,666889,121258,3202184,
All CA Counties,2021-02-02,186434,4055202,78382,2109068,108052,1946134,0,0,141346,2632099,44771,711660,141575,3343759,
All CA Counties,2021-02-03,212562,4267764,96275,2205343,116287,2062421,0,0,157519,2735389,54486,766146,157776,3501535,
All CA Counties,2021-02-04,229440,4497204,100495,2305838,128945,2191366,0,0,168117,2843149,60721,826867,168481,3670016,
All CA Counties,2021-02-05,247428,4744632,106900,2412738,140528,2331894,0,0,167865,2932862,78702,905569,168415,3838431,
All CA Counties,2021-02-06,155983,4900615,75000,2487738,80983,2412877,0,0,120996,3019594,34761,940330,121493,3959924,
All CA Counties,2021-02-07,67006,4967621,43301,2531039,23705,2436582,0,0,50488,3054110,16424,956754,50940,4010864,
All CA Counties,2021-02-08,181637,5149258,89226,2620265,92411,2528993,0,0,119656,3113029,61493,1018247,120412,4131276,
All CA Counties,2021-02-09,212124,5361382,102360,2722625,109764,2638757,0,0,126803,3156176,84817,1103064,127964,4259240,
All CA Counties,2021-02-10,250289,5611671,120324,2842949,129965,2768722,0,0,137328,3182931,112058,1215122,138813,4398053,
All CA Counties,2021-02-11,267087,5878758,131989,2974938,135098,2903820,0,0,144395,3207691,121441,1336563,146201,4544254,
All CA Counties,2021-02-12,274480,6153238,120187,3095125,154293,3058113,0,0,147562,3231710,125942,1462505,149961,4694215,
All CA Counties,2021-02-13,168835,6322073,78132,3173257,90703,3148816,0,0,93059,3251414,75312,1537817,95016,4789231,
All CA Counties,2021-02-14,96098,6418171,47912,3221169,48186,3197002,0,0,51824,3260718,44069,1581886,53373,4842604,
All CA Counties,2021-02-15,143392,6561563,62838,3284007,80554,3277556,0,0,79121,3279137,63836,1645722,82255,4924859,
All CA Counties,2021-02-16,250657,6812220,118899,3402906,131758,3409314,0,0,133783,3299605,116426,1762148,136894,5061753,
All CA Counties,2021-02-17,260898,7073118,129983,3532889,130915,3540229,0,0,129483,3301543,130771,1892919,132709,5194462,
All CA Counties,2021-02-18,275208,7348326,143487,3676376,131721,3671950,0,0,132683,3296904,141568,2034487,136929,5331391,
All CA Counties,2021-02-19,256209,7604535,148502,3824878,107707,3779657,0,0,131419,3306509,123898,2158385,133503,5464894,
All CA Counties,2021-02-20,155891,7760426,99700,3924578,56191,3835848,0,0,85227,3323581,70190,2228575,87262,5552156,
All CA Counties,2021-02-21,84198,7844624,69379,3993957,14819,3850667,0,0,42476,3326216,41393,2269968,44028,5596184,
All CA Counties,2021-02-22,167641,8012265,112292,4106249,55349,3906016,0,0,83671,3328137,83508,2353476,85429,5681613,
All CA Counties,2021-02-23,229082,8241347,121194,4227443,107888,4013904,0,0,106425,3318583,121975,2475451,112421,5794034,
All CA Counties,2021-02-24,285236,8526583,144229,4371672,141007,4154911,0,0,135306,3312210,149232,2624683,142859,5936893,
All CA Counties,2021-02-25,323704,8850287,159646,4531318,164058,4318969,0,0,169462,3336748,153486,2778169,178024,6114917,
All CA Counties,2021-02-26,358400,9208687,167084,4698402,191316,4510285,0,0,199374,3385380,158033,2936202,206665,6321582,
All CA Counties,2021-02-27,254336,9463023,123662,4822064,130648,4640933,26,26,144523,3425210,109138,3045340,148968,6470550,
All CA Counties,2021-02-28,136551,9599574,81153,4903217,55385,4696318,13,39,79712,3451425,56354,3101694,82569,6553119,
All CA Counties,2021-03-01,245695,9845269,130730,5033947,114824,4811142,141,180,141402,3493566,103416,3205110,145557,6698676,
All CA Counties,2021-03-02,291102,10136371,147088,5181035,143982,4955124,32,212,175553,3561091,114948,3320058,182473,6881149,
All CA Counties,2021-03-03,336558,10472929,167756,5348791,168734,5123858,68,280,194547,3621786,141227,3461285,201922,7083071,
All CA Counties,2021-03-04,354268,10827197,179142,5527933,175026,5298884,100,380,208207,3691906,145216,3606501,215336,7298407,
All CA Counties,2021-03-05,342092,11169289,168102,5696035,172856,5471740,1134,1514,212992,3785069,128219,3734720,221382,7519789,
All CA Counties,2021-03-06,260412,11429701,133686,5829721,118864,5590604,7862,9376,161914,3861500,98034,3832754,174465,7694254,
All CA Counties,2021-03-07,129149,11558850,78787,5908508,46177,5636781,4185,13561,80433,3901297,48492,3881246,88289,7782543,
All CA Counties,2021-03-08,221801,11780651,108499,6017007,102795,5739576,10507,24068,145283,3985969,76058,3957304,160730,7943273,
All CA Counties,2021-03-09,293923,12074574,140522,6157529,137462,5877038,15939,40007,164505,4041562,128874,4086178,184467,8127740,
All CA Counties,2021-03-10,325137,12399711,162066,6319595,138561,6015599,24510,64517,175670,4097169,148693,4234871,204300,8332040,
All CA Counties,2021-03-11,379469,12779180,183843,6503438,162239,6177838,33387,97904,194334,4145013,184042,4418913,231886,8563926,
All CA Counties,2021-03-12,398417,13177597,177992,6681430,174075,6351913,46350,144254,195132,4188300,202302,4621215,245589,8809515,
All CA Counties,2021-03-13,286271,13463868,125453,6806883,129617,6481530,31201,175455,154915,4247804,130811,4752026,190315,8999830,
All CA Counties,2021-03-14,155868,13619736,83542,6890425,57204,6538734,15122,190577,78555,4266758,76963,4828989,95917,9095747,
All CA Counties,2021-03-15,292353,13912089,139994,7030419,131695,6670429,20664,211241,158432,4316191,133041,4962030,182474,9278221,
All CA Counties,2021-03-16,372442,14284531,175167,7205586,179859,6850288,17416,228657,215645,4396490,155946,5117976,236245,9514466,
All CA Counties,2021-03-17,387520,14672051,192247,7397833,176605,7026893,18668,247325,240148,4511393,146409,5264385,261312,9775778,
All CA Counties,2021-03-18,404946,15076997,207788,7605621,178795,7205688,18363,265688,240016,4608175,163712,5428097,260494,10036272,
All CA Counties,2021-03-19,413793,15490790,217959,7823580,174129,7379817,21705,287393,239731,4698786,172961,5601058,263572,10299844,
All CA Counties,2021-03-20,296585,15787375,155910,7979490,124742,7504559,15933,303326,187237,4794880,108577,5709635,204671,10504515,
All CA Counties,2021-03-21,144789,15932164,100232,8079722,37012,7541571,7545,310871,87110,4835336,57256,5766891,97712,10602227,
All CA Counties,2021-03-22,275730,16207894,160712,8240434,103761,7645332,11257,322128,179181,4933140,95681,5862572,193485,10795712,
All CA Counties,2021-03-23,360302,16568196,198853,8439287,150343,7795675,11106,333234,220994,5029526,138299,6000871,234685,11030397,
All CA Counties,2021-03-24,389700,16957896,223154,8662441,154000,7949675,12546,345780,225889,5107577,162460,6163331,240511,11270908,
All CA Counties,2021-03-25,420221,17378117,231715,8894156,173597,8123272,14909,360689,237590,5181008,181204,6344535,254635,11525543,
All CA Counties,2021-03-26,437064,17815181,233743,9127899,187129,8310401,16192,376881,235559,5235415,200171,6544706,254578,11780121,
All CA Counties,2021-03-27,314742,18129923,167093,9294992,135842,8446243,11807,388688,158450,5252534,155377,6700083,172496,11952617,
All CA Counties,2021-03-28,170003,18299926,109231,9404223,57173,8503416,3599,392287,88695,5266199,80814,6780897,94479,12047096,
All CA Counties,2021-03-29,311859,18611785,167763,9571986,135022,8638438,9074,401361,173217,5313207,137774,6918671,184782,12231878,
All CA Counties,2021-03-30,400446,19012231,202803,9774789,179375,8817813,18268,419629,224773,5383184,174806,7093477,244783,12476661,
All CA Counties,2021-03-31,428420,19440651,232693,10007482,173789,8991602,21938,441567,237963,5454777,189303,7282780,260896,12737557,
All CA Counties,2021-04-01,494682,19935333,253098,10260580,200820,9192422,40764,482331,271936,5547355,221180,7503960,313758,13051315,
All CA Counties,2021-04-02,476285,20411618,232108,10492688,200803,9393225,43374,525705,258189,5633741,216732,7720692,303118,13354433,
All CA Counties,2021-04-03,330818,20742436,168649,10661337,120580,9513805,41589,567294,164683,5675670,165418,7886110,207347,13561780,
All CA Counties,2021-04-04,132768,20875204,69270,10730607,44405,9558210,19093,586387,58103,5678661,74316,7960426,77307,13639087,
All CA Counties,2021-04-05,355086,21230290,183039,10913646,132092,9690302,39955,626342,174435,5715561,179882,8140308,216782,13855869,
All CA Counties,2021-04-06,459682,21689972,233084,11146730,160917,9851219,65681,692023,222675,5769768,235987,8376295,290194,14146063,
All CA Counties,2021-04-07,475206,22165178,246839,11393569,158164,10009383,70203,762226,230885,5828547,243248,8619543,302027,14448090,
All CA Counties,2021-04-08,501935,22667113,253258,11646827,163947,10173330,84730,846956,235994,5886768,264627,8884170,322848,14770938,
All CA Counties,2021-04-09,497662,23164775,248084,11894911,169319,10342649,80259,927215,228931,5931343,267553,9151723,312128,15083066,
All CA Counties,2021-04-10,370301,23535076,168810,12063721,126960,10469609,74531,1001746,155293,5949583,214182,9365905,232422,15315488,
All CA Counties,2021-04-11,188688,23723764,105762,12169483,48825,10518434,34101,1035847,78096,5954371,110206,9476111,114994,15430482,
All CA Counties,2021-04-12,341992,24065756,175760,12345243,127886,10646320,38346,1074193,158137,5971578,182785,9658896,199992,15630474,
All CA Counties,2021-04-13,435390,24501146,243794,12589037,190633,10836953,963,1075156,243114,6027507,191160,9850056,247089,15877563,
All CA Counties,2021-04-14,455686,24956832,255541,12844578,199852,11036805,293,1075449,237267,6052471,217116,10067172,242080,16119643,
All CA Counties,2021-04-15,496358,25453190,289184,13133762,206871,11243676,303,1075752,277494,6115861,217242,10284414,280632,16400275,
All CA Counties,2021-04-16,480889,25934079,270505,13404267,210071,11453747,313,1076065,256174,6151519,223265,10507679,258923,16659198,
All CA Counties,2021-04-17,346625,26280704,193895,13598162,152663,11606410,67,1076132,197636,6204371,148015,10655694,200867,16860065,
All CA Counties,2021-04-18,161662,26442366,104047,13702209,57597,11664007,18,1076150,82933,6212098,78249,10733943,85976,16946041,
All CA Counties,2021-04-19,323342,26765708,185903,13888112,137340,11801347,99,1076249,152809,6197367,169503,10903446,154772,17100813,
All CA Counties,2021-04-20,419216,27184924,226534,14114646,192599,11993946,83,1076332,207914,6198341,210109,11113555,211083,17311896,
All CA Counties,2021-04-21,440029,27624953,254413,14369059,185345,12179291,271,1076603,211468,6186642,226875,11340430,215176,17527072,
All CA Counties,2021-04-22,456055,28081008,262452,14631511,193524,12372815,79,1076682,203411,6142275,251103,11591533,206736,17733808,
All CA Counties,2021-04-23,448654,28529662,257830,14889341,190732,12563547,92,1076774,203511,6105646,243611,11835144,206982,17940790,
All CA Counties,2021-04-24,326369,28856031,205200,15094541,120985,12684532,184,1076958,165881,6115509,159478,11994622,169341,18110131,
All CA Counties,2021-04-25,150728,29006759,98763,15193304,51890,12736422,75,1077033,80540,6127881,69683,12064305,82055,18192186,
All CA Counties,2021-04-26,305392,29312151,177663,15370967,126174,12862596,1555,1078588,133451,6096530,170861,12235166,139510,18331696,
All CA Counties,2021-04-27,373432,29685583,207270,15578237,159521,13022117,6641,1085229,151028,6036203,221174,12456340,160847,18492543,
All CA Counties,2021-04-28,359512,30045095,207712,15785949,143862,13165979,7938,1093167,148472,5985153,209825,12666165,158775,18651318,
All CA Counties,2021-04-29,368852,30413947,214170,16000119,146738,13312717,7944,1101111,136120,5899661,231434,12897599,145942,18797260,
All CA Counties,2021-04-30,381502,30795449,219990,16220109,152553,13465270,8959,1110070,145710,5821934,234386,13131985,156659,18953919,
All CA Counties,2021-05-01,248708,31044157,158761,16378870,83822,13549092,6125,1116195,90312,5763139,157464,13289449,98669,19052588,
All CA Counties,2021-05-02,117069,31161226,81820,16460690,31366,13580458,3883,1120078,40943,5732642,75693,13365142,45196,19097784,
All CA Counties,2021-05-03,254313,31415539,156067,16616757,89458,13669916,8788,1128866,77675,5644277,175718,13540860,87353,19185137,
All CA Counties,2021-05-04,333722,31749261,205141,16821898,118761,13788677,9820,1138686,98790,5520280,233792,13774652,109795,19294932,
All CA Counties,2021-05-05,338335,32087596,211988,17033886,116260,13904937,10087,1148773,95776,5385974,241240,14015892,106934,19401866,
All CA Counties,2021-05-06,355298,32442894,233232,17267118,111514,14016451,10552,1159325,90407,5226273,263162,14279054,103461,19505327,
All CA Counties,2021-05-07,352521,32795415,221467,17488585,121165,14137616,9889,1169214,96030,5078405,255044,14534098,107176,19612503,
All CA Counties,2021-05-08,233351,33028766,148846,17637431,77538,14215154,6967,1176181,64454,4983412,167887,14701985,72894,19685397,
All CA Counties,2021-05-09,95388,33124154,72313,17709744,20101,14235255,2974,1179155,25117,4942025,69924,14771909,28537,19713934,
All CA Counties,2021-05-10,206314,33330468,118427,17828171,80007,14315262,7880,1187035,51192,4848153,154256,14926165,60384,19774318,
All CA Counties,2021-05-11,274199,33604667,156553,17984724,108986,14424248,8660,1195695,72611,4730644,200586,15126751,83077,19857395,
All CA Counties,2021-05-12,271638,33876305,158566,18143290,103953,14528201,9119,1204814,73010,4616405,197525,15324276,83286,19940681,
All CA Counties,2021-05-13,316854,34193159,204879,18348169,104560,14632761,7415,1212229,119426,4549671,196239,15520515,129505,20070186,
All CA Counties,2021-05-14,340399,34533558,218652,18566821,112834,14745595,8913,1221142,132902,4487372,206199,15726714,143900,20214086,
All CA Counties,2021-05-15,280108,34813666,195783,18762604,78314,14823909,6011,1227153,115499,4446188,163683,15890397,122499,20336585,
All CA Counties,2021-05-16,141294,34954960,108335,18870939,30007,14853916,2952,1230105,57702,4424137,83116,15973513,61065,20397650,
All CA Counties,2021-05-17,240160,35195120,158199,19029138,74543,14928459,7418,1237523,95199,4383581,144045,16117558,103489,20501139,
All CA Counties,2021-05-18,281500,35476620,171866,19201004,102233,15030692,7401,1244924,109887,4331795,170481,16288039,118695,20619834,
All CA Counties,2021-05-19,275141,35751761,172011,19373015,95566,15126258,7564,1252488,112635,4291685,161433,16449472,121323,20741157,
All CA Counties,2021-05-20,263302,36015063,157467,19530482,97707,15223965,8128,1260616,100256,4239727,161878,16611350,109920,20851077,
All CA Counties,2021-05-21,282008,36297071,173502,19703984,100555,15324520,7951,1268567,106263,4180726,174446,16785796,115445,20966522,
All CA Counties,2021-05-22,203981,36501052,135119,19839103,62652,15387172,6210,1274777,86923,4158737,116257,16902053,94268,21060790,
All CA Counties,2021-05-23,89459,36590511,62697,19901800,24069,15411241,2693,1277470,38458,4149701,50571,16952624,41535,21102325,
All CA Counties,2021-05-24,171071,36761582,100507,20002307,62257,15473498,8307,1285777,64855,4118324,105389,17058013,74012,21176337,
All CA Counties,2021-05-25,189298,36950880,111179,20113486,70122,15543620,7997,1293774,71619,4082426,116641,17174654,80743,21257080,
All CA Counties,2021-05-26,184290,37135170,106118,20219604,70336,15613956,7836,1301610,71497,4050793,111677,17286331,80044,21337124,
All CA Counties,2021-05-27,172006,37307176,98376,20317980,65141,15679097,8489,1310099,69097,4027393,102057,17388388,78657,21415781,
All CA Counties,2021-05-28,188384,37495560,108702,20426682,72597,15751694,7085,1317184,81155,4010504,106251,17494639,89362,21505143,
All CA Counties,2021-05-29,106613,37602173,65499,20492181,37327,15789021,3787,1320971,49730,4008176,56341,17550980,54013,21559156,
All CA Counties,2021-05-30,46930,37649103,30971,20523152,13507,15802528,2452,1323423,20518,4005193,26169,17577149,23186,21582342,
All CA Counties,2021-05-31,19752,37668855,11632,20534784,7148,15809676,972,1324395,6416,3999515,13181,17590330,7503,21589845,
All CA Counties,2021-06-01,167936,37836791,98044,20632828,62863,15872539,7029,1331424,59357,3959201,107587,17697917,67273,21657118,
All CA Counties,2021-06-02,142388,37979179,84266,20717094,51046,15923585,7076,1338500,53695,3932842,87787,17785704,61428,21718546,
All CA Counties,2021-06-03,170496,38149675,116700,20833794,46793,15970378,7003,1345503,51722,3874646,117920,17903624,59724,21778270,
All CA Counties,2021-06-04,198928,38348603,140273,20974067,52534,16022912,6121,1351624,59381,3803486,138497,18042121,67337,21845607,
All CA Counties,2021-06-05,157053,38505656,118601,21092668,32864,16055776,5588,1357212,43475,3740701,112793,18154914,50008,21895615,
All CA Counties,2021-06-06,63596,38569252,53597,21146265,7790,16063566,2209,1359421,16801,3714008,46502,18201416,19809,21915424,
All CA Counties,2021-06-07,136225,38705477,100054,21246319,30313,16093879,5858,1365279,40009,3664980,95607,18297023,46579,21962003,
All CA Counties,2021-06-08,157789,38863266,114627,21360946,36421,16130300,6741,1372020,46751,3609367,110133,18407156,54520,22016523,
All CA Counties,2021-06-09,151870,39015136,110541,21471487,34602,16164902,6727,1378747,41986,3549920,109072,18516228,49625,22066148,
All CA Counties,2021-06-10,146264,39161400,105433,21576920,33533,16198435,7298,1386045,42851,3498423,102690,18618918,51193,22117341,
All CA Counties,2021-06-11,158505,39319905,111411,21688331,40411,16238846,6683,1392728,49176,3446756,108433,18727351,56766,22174107,
All CA Counties,2021-06-12,114595,39434500,86892,21775223,24010,16262856,3693,1396421,32709,3402482,81336,18808687,37062,22211169,
All CA Counties,2021-06-13,44656,39479156,33297,21808520,9309,16272165,2050,1398471,11118,3382747,33294,18841981,13559,22224728,
All CA Counties,2021-06-14,114926,39594082,81709,21890229,26473,16298638,6744,1405215,37692,3351165,76633,18918614,45051,22269779,
All CA Counties,2021-06-15,131440,39725522,88811,21979040,33877,16332515,8752,1413967,43955,3318115,86641,19005255,53591,22323370,
All CA Counties,2021-06-16,120515,39846037,84943,22063983,27901,16360416,7671,1421638,41454,3289668,78320,19083575,49873,22373243,
All CA Counties,2021-06-17,113871,39959908,79065,22143048,27006,16387422,7800,1429438,40222,3265407,72912,19156487,48651,22421894,
All CA Counties,2021-06-18,128219,40088127,88948,22231996,31827,16419249,7444,1436882,45897,3238052,81449,19237936,54094,22475988,
All CA Counties,2021-06-19,76285,40164412,55472,22287468,16828,16436077,3985,1440867,28566,3224038,47074,19285010,33060,22509048,
All CA Counties,2021-06-20,30604,40195016,23052,22310520,6204,16442281,1348,1442215,11505,3218221,18885,19303895,13068,22522116,
All CA Counties,2021-06-21,70974,40265990,44508,22355028,20480,16462761,5986,1448201,36394,3226923,34195,19338090,42897,22565013,
All CA Counties,2021-06-22,99992,40365982,69888,22424916,24265,16487026,5839,1454040,38929,3211872,60472,19398562,45421,22610434,
All CA Counties,2021-06-23,93364,40459346,65972,22490888,21714,16508740,5678,1459718,38046,3201437,54754,19453316,44319,22654753,
All CA Counties,2021-06-24,90455,40549801,63286,22554174,21662,16530402,5507,1465225,36622,3190929,53201,19506517,42693,22697446,
All CA Counties,2021-06-25,104188,40653989,73896,22628070,25046,16555448,5246,1470471,42547,3178296,61019,19567536,48386,22745832,
All CA Counties,2021-06-26,67067,40721056,50687,22678757,13341,16568789,3039,1473510,27633,3170444,39075,19606611,31223,22777055,
All CA Counties,2021-06-27,31355,40752411,24115,22702872,5719,16574508,1521,1475031,13390,3167787,17794,19624405,15137,22792192,
All CA Counties,2021-06-28,69462,40821873,54026,22756898,11477,16585985,3959,1478990,30606,3164299,38429,19662834,34941,22827133,
All CA Counties,2021-06-29,55640,40877513,39921,22796819,12628,16598613,3091,1482081,22076,3156482,33225,19696059,25408,22852541,
All CA and Non-CA Counties,2020-12-15,1165,1165,1165,1165,0,0,0,0,1165,1165,0,0,1165,1165,
All CA and Non-CA Counties,2020-12-16,8734,9899,8734,9899,0,0,0,0,8734,9899,0,0,8734,9899,
All CA and Non-CA Counties,2020-12-17,28138,38037,28138,38037,0,0,0,0,28133,38028,4,4,28133,38032,
All CA and Non-CA Counties,2020-12-18,47771,85808,47705,85742,66,66,0,0,47766,85789,5,9,47766,85798,
All CA and Non-CA Counties,2020-12-19,26539,112347,26512,112254,27,93,0,0,26538,112326,1,10,26538,112336,
All CA and Non-CA Counties,2020-12-20,19809,132156,19774,132028,35,128,0,0,19807,132131,2,12,19807,132143,
All CA and Non-CA Counties,2020-12-21,51961,184117,51866,183894,95,223,0,0,51958,184087,3,15,51959,184102,
All CA and Non-CA Counties,2020-12-22,52249,236366,50032,233926,2217,2440,0,0,52241,236322,6,21,52241,236343,
All CA and Non-CA Counties,2020-12-23,52283,288649,43319,277245,8964,11404,0,0,52276,288595,6,27,52279,288622,
All CA and Non-CA Counties,2020-12-24,24915,313564,16968,294213,7947,19351,0,0,24909,313500,6,33,24911,313533,
All CA and Non-CA Counties,2020-12-25,2382,315946,2052,296265,330,19681,0,0,2382,315882,0,33,2382,315915,
All CA and Non-CA Counties,2020-12-26,14948,330894,9684,305949,5264,24945,0,0,14946,330826,2,35,14946,330861,
All CA and Non-CA Counties,2020-12-27,9657,340551,5681,311630,3976,28921,0,0,9654,340477,3,38,9654,340515,
All CA and Non-CA Counties,2020-12-28,47601,388152,30502,342132,17099,46020,0,0,47597,388071,3,41,47597,388112,
All CA and Non-CA Counties,2020-12-29,52898,441050,29644,371776,23254,69274,0,0,52892,440959,4,45,52892,441004,
All CA and Non-CA Counties,2020-12-30,65084,506134,36928,408704,28156,97430,0,0,65072,506025,9,54,65075,506079,
All CA and Non-CA Counties,2020-12-31,30698,536832,11542,420246,19156,116586,0,0,30674,536679,21,75,30675,536754,
All CA and Non-CA Counties,2021-01-01,4759,541591,2134,422380,2625,119211,0,0,4751,541423,7,82,4751,541505,
All CA and Non-CA Counties,2021-01-02,18789,560380,10396,432776,8393,127604,0,0,18783,560203,3,85,18783,560288,
All CA and Non-CA Counties,2021-01-03,6375,566755,3602,436378,2773,130377,0,0,6340,566529,14,99,6340,566628,
All CA and Non-CA Counties,2021-01-04,44796,611551,22534,458912,22262,152639,0,0,44711,611199,41,140,44711,611339,
All CA and Non-CA Counties,2021-01-05,58291,669842,30751,489663,27540,180179,0,0,52433,657936,5795,5935,52532,663871,
All CA and Non-CA Counties,2021-01-06,76320,746162,42216,531879,34104,214283,0,0,59863,701570,16268,22203,59902,723773,
All CA and Non-CA Counties,2021-01-07,96922,843084,55425,587304,41497,255780,0,0,63609,732110,33130,55333,63670,787443,
All CA and Non-CA Counties,2021-01-08,111927,955011,67576,654880,44351,300131,0,0,68009,756430,43763,99096,68083,855526,
All CA and Non-CA Counties,2021-01-09,45950,1000961,26259,681139,19691,319822,0,0,28915,768368,17008,116104,28946,884472,
All CA and Non-CA Counties,2021-01-10,24724,1025685,15091,696230,9633,329455,0,0,13328,770345,11370,127474,13347,897819,
All CA and Non-CA Counties,2021-01-11,108228,1133913,71844,768074,36384,365839,0,0,62800,787955,45367,172841,62977,960796,
All CA and Non-CA Counties,2021-01-12,118137,1252050,70092,838166,48045,413884,0,0,75053,820282,42975,215816,75302,1036098,
All CA and Non-CA Counties,2021-01-13,123558,1375608,64147,902313,59411,473295,0,0,88333,873574,35136,250952,88428,1124526,
All CA and Non-CA Counties,2021-01-14,128415,1504023,51428,953741,76987,550282,0,0,107955,961375,20342,271294,108143,1232669,
All CA and Non-CA Counties,2021-01-15,146732,1650755,53130,1006871,93602,643884,0,0,130965,1076918,15656,286950,131199,1363868,
All CA and Non-CA Counties,2021-01-16,83661,1734416,27812,1034683,55849,699733,0,0,75847,1145037,7783,294733,75902,1439770,
All CA and Non-CA Counties,2021-01-17,48875,1783291,17061,1051744,31814,731547,0,0,45131,1186482,3731,298464,45176,1484946,
All CA and Non-CA Counties,2021-01-18,89662,1872953,46940,1098684,42722,774269,0,0,69769,1236614,19818,318282,69950,1554896,
All CA and Non-CA Counties,2021-01-19,146481,2019434,75088,1173772,71393,845662,0,0,114316,1319203,32062,350344,114651,1669547,
All CA and Non-CA Counties,2021-01-20,168228,2187662,86117,1259889,82111,927773,0,0,132932,1417366,35043,385387,133206,1802753,
All CA and Non-CA Counties,2021-01-21,180341,2368003,80045,1339934,100296,1028069,0,0,160046,1557745,20046,405433,160425,1963178,
All CA and Non-CA Counties,2021-01-22,175521,2543524,70921,1410855,104600,1132669,0,0,160581,1703698,14788,420221,160741,2123919,
All CA and Non-CA Counties,2021-01-23,114350,2657874,49879,1460734,64471,1197140,0,0,101514,1792570,12765,432986,101637,2225556,
All CA and Non-CA Counties,2021-01-24,61830,2719704,29675,1490409,32155,1229295,0,0,57033,1844908,4760,437746,57098,2282654,
All CA and Non-CA Counties,2021-01-25,150303,2870007,67532,1557941,82771,1312066,0,0,113991,1923126,36157,473903,114375,2397029,
All CA and Non-CA Counties,2021-01-26,175726,3045733,86157,1644098,89569,1401635,0,0,136930,2021684,38651,512554,137209,2534238,
All CA and Non-CA Counties,2021-01-27,188365,3234098,90672,1734770,97693,1499328,0,0,147787,2129465,40225,552779,148006,2682244,
All CA and Non-CA Counties,2021-01-28,194127,3428225,89922,1824692,104205,1603533,0,0,158952,2253800,34855,587634,159190,2841434,
All CA and Non-CA Counties,2021-01-29,189536,3617761,91529,1916221,98007,1701540,0,0,153586,2372267,35304,622938,153771,2995205,
All CA and Non-CA Counties,2021-01-30,128953,3746714,57945,1974166,71008,1772548,0,0,113144,2469945,15616,638554,113294,3108499,
All CA and Non-CA Counties,2021-01-31,72480,3819194,41295,2015461,31185,1803733,0,0,67338,2532270,5070,643624,67395,3175894,
All CA and Non-CA Counties,2021-02-01,168117,3987311,78446,2093907,89671,1893404,0,0,126033,2616574,41860,685484,126164,3302058,
All CA and Non-CA Counties,2021-02-02,193319,4180630,80620,2174527,112699,2006103,0,0,147494,2718800,45497,730981,147723,3449781,
All CA and Non-CA Counties,2021-02-03,220087,4400717,98412,2272939,121675,2127778,0,0,164143,2827823,55378,786359,164401,3614182,
All CA and Non-CA Counties,2021-02-04,236426,4637143,102727,2375666,133699,2261477,0,0,174061,2940500,61749,848108,174426,3788608,
All CA and Non-CA Counties,2021-02-05,254274,4891417,109142,2484808,145132,2406609,0,0,173611,3034866,79795,927903,174161,3962769,
All CA and Non-CA Counties,2021-02-06,160410,5051827,77155,2561963,83255,2489864,0,0,124949,3125088,35227,963130,125449,4088218,
All CA and Non-CA Counties,2021-02-07,69241,5121068,45140,2607103,24101,2513965,0,0,52634,3161665,16512,979642,53089,4141307,
All CA and Non-CA Counties,2021-02-08,186992,5308060,92615,2699718,94377,2608342,0,0,123912,3223752,62581,1042223,124668,4265975,
All CA and Non-CA Counties,2021-02-09,216429,5524489,104293,2804011,112136,2720478,0,0,129774,3268561,86140,1128363,130949,4396924,
All CA and Non-CA Counties,2021-02-10,255992,5780481,122303,2926314,133689,2854167,0,0,140529,3296066,114550,1242913,142055,4538979,
All CA and Non-CA Counties,2021-02-11,272075,6052556,134353,3060667,137722,2991889,0,0,147986,3323053,122823,1365736,149810,4688789,
All CA and Non-CA Counties,2021-02-12,279830,6332386,122196,3182863,157634,3149523,0,0,151018,3348653,127821,1493557,153421,4842210,
All CA and Non-CA Counties,2021-02-13,171285,6503671,78874,3261737,92411,3241934,0,0,94921,3369646,75897,1569454,96890,4939100,
All CA and Non-CA Counties,2021-02-14,97464,6601135,48338,3310075,49126,3291060,0,0,52937,3379817,44317,1613771,54488,4993588,
All CA and Non-CA Counties,2021-02-15,146085,6747220,64492,3374567,81593,3372653,0,0,80420,3398163,65211,1678982,83557,5077145,
All CA and Non-CA Counties,2021-02-16,257253,7004473,121920,3496487,135333,3507986,0,0,136413,3417313,120381,1799363,139531,5216676,
All CA and Non-CA Counties,2021-02-17,266993,7271466,133102,3629589,133891,3641877,0,0,131343,3416897,134990,1934353,134574,5351250,
All CA and Non-CA Counties,2021-02-18,281945,7553411,147390,3776979,134555,3776432,0,0,134797,3409783,146158,2080511,139044,5490294,
All CA and Non-CA Counties,2021-02-19,262293,7815704,152771,3929750,109522,3885954,0,0,133942,3418362,127449,2207960,136028,5626322,
All CA and Non-CA Counties,2021-02-20,159425,7975129,102565,4032315,56860,3942814,0,0,86506,3434468,72437,2280397,88543,5714865,
All CA and Non-CA Counties,2021-02-21,87296,8062425,72251,4104566,15045,3957859,0,0,43394,3435851,43563,2323960,44946,5759811,
All CA and Non-CA Counties,2021-02-22,171266,8233691,114957,4219523,56309,4014168,0,0,85336,3437489,85461,2409421,87099,5846910,
All CA and Non-CA Counties,2021-02-23,235365,8469056,124668,4344191,110697,4124865,0,0,108798,3426427,125870,2535291,114808,5961718,
All CA and Non-CA Counties,2021-02-24,291733,8760789,147811,4492002,143922,4268787,0,0,137785,3418530,153240,2688531,145343,6107061,
All CA and Non-CA Counties,2021-02-25,330697,9091486,163202,4655204,167495,4436282,0,0,172551,3442290,157357,2845888,181117,6288178,
All CA and Non-CA Counties,2021-02-26,365318,9456804,170730,4825934,194588,4630870,0,0,202478,3490303,161757,3007645,209770,6497948,
All CA and Non-CA Counties,2021-02-27,259831,9716635,126433,4952367,133371,4764241,27,27,146417,3528445,112724,3120369,150866,6648814,
All CA and Non-CA Counties,2021-02-28,139010,9855645,82934,5035301,56062,4820303,14,41,80525,3553835,57995,3178364,83385,6732199,
All CA and Non-CA Counties,2021-03-01,250723,10106368,133916,5169217,116665,4936968,142,183,142788,3593739,107045,3285409,146949,6879148,
All CA and Non-CA Counties,2021-03-02,297860,10404228,149591,5318808,148237,5085205,32,215,177635,3658689,119607,3405016,184557,7063705,
All CA and Non-CA Counties,2021-03-03,344528,10748756,170897,5489705,173561,5258766,70,285,197254,3716851,146472,3551488,204634,7268339,
All CA and Non-CA Counties,2021-03-04,361156,11109912,182098,5671803,178952,5437718,106,391,210549,3784794,149743,3701231,217686,7486025,
All CA and Non-CA Counties,2021-03-05,347408,11457320,170790,5842593,175469,5613187,1149,1540,215752,3878194,130765,3831996,224165,7710190,
All CA and Non-CA Counties,2021-03-06,265041,11722361,135840,5978433,121181,5734368,8020,9560,164265,3954869,100308,3932304,176983,7887173,
All CA and Non-CA Counties,2021-03-07,130757,11853118,79818,6058251,46698,5781066,4241,13801,81410,3995071,49122,3981426,89324,7976497,
All CA and Non-CA Counties,2021-03-08,224968,12078086,110382,6168633,103828,5884894,10758,24559,147507,4081311,76973,4058399,163213,8139710,
All CA and Non-CA Counties,2021-03-09,298671,12376757,142973,6311606,139441,6024335,16257,40816,167296,4138060,130827,4189226,187576,8327286,
All CA and Non-CA Counties,2021-03-10,329622,12706379,164219,6475825,140379,6164714,25024,65840,178396,4195164,150443,4339669,207547,8534833,
All CA and Non-CA Counties,2021-03-11,385717,13092096,187037,6662862,164600,6329314,34080,99920,197641,4244074,186976,4526645,235886,8770719,
All CA and Non-CA Counties,2021-03-12,404983,13497079,181946,6844808,175957,6505271,47080,147000,198699,4288671,205289,4731934,249886,9020605,
All CA and Non-CA Counties,2021-03-13,290117,13787196,127661,6972469,130779,6636050,31677,178677,157522,4350028,132041,4863975,193398,9214003,
All CA and Non-CA Counties,2021-03-14,157681,13944877,84475,7056944,57741,6693791,15465,194142,79541,4369487,77788,4941763,97247,9311250,
All CA and Non-CA Counties,2021-03-15,296428,14241305,142124,7199068,133168,6826959,21136,215278,160605,4419673,134937,5076700,185123,9496373,
All CA and Non-CA Counties,2021-03-16,380038,14621343,179568,7378636,182660,7009619,17810,233088,219865,4501211,159316,5236016,240854,9737227,
All CA and Non-CA Counties,2021-03-17,396030,15017373,197756,7576392,179224,7188843,19050,252138,245266,4618231,149793,5385809,266813,10004040,
All CA and Non-CA Counties,2021-03-18,413312,15430685,212955,7789347,181448,7370291,18909,271047,244833,4716838,167250,5553059,265857,10269897,
All CA and Non-CA Counties,2021-03-19,421157,15851842,222338,8011685,176572,7546863,22247,293294,244131,4809436,175920,5728979,268518,10538415,
All CA and Non-CA Counties,2021-03-20,301367,16153209,159059,8170744,126286,7673149,16022,309316,190887,4908151,109696,5838675,208411,10746826,
All CA and Non-CA Counties,2021-03-21,146904,16300113,101682,8272426,37588,7710737,7634,316950,88796,4949959,57681,5896356,99489,10846315,
All CA and Non-CA Counties,2021-03-22,279037,16579150,162711,8435137,104980,7815717,11346,328296,181442,5049079,96714,5993070,195834,11042149,
All CA and Non-CA Counties,2021-03-23,366421,16945571,201970,8637107,153037,7968754,11414,339710,225132,5147948,140262,6133332,239131,11281280,
All CA and Non-CA Counties,2021-03-24,397061,17342632,226928,8864035,157138,8125892,12995,352705,230952,5229219,164750,6298082,246021,11527301,
All CA and Non-CA Counties,2021-03-25,428525,17771157,235579,9099614,177511,8303403,15435,368140,243606,5306920,183477,6481559,261178,11788479,
All CA and Non-CA Counties,2021-03-26,443786,18214943,237297,9336911,190113,8493516,16376,384516,239979,5363657,202443,6684002,259180,12047659,
All CA and Non-CA Counties,2021-03-27,320320,18535263,170211,9507122,138082,8631598,12027,396543,161948,5382419,157449,6841451,176211,12223870,
All CA and Non-CA Counties,2021-03-28,173099,18708362,110887,9618009,58452,8690050,3760,400303,90690,5397146,81908,6923359,96635,12320505,
All CA and Non-CA Counties,2021-03-29,317091,19025453,170088,9788097,137584,8827634,9419,409722,176209,5445261,140004,7063363,188119,12508624,
All CA and Non-CA Counties,2021-03-30,407377,19432830,206453,9994550,182089,9009723,18835,428557,228871,5517090,177626,7240989,249455,12758079,
All CA and Non-CA Counties,2021-03-31,434807,19867637,236503,10231053,175585,9185308,22719,451276,241358,5589869,192289,7433278,265068,13023147,
All CA and Non-CA Counties,2021-04-01,502303,20369940,257669,10488722,203211,9388519,41423,492699,276357,5684327,224370,7657648,318828,13341975,
All CA and Non-CA Counties,2021-04-02,484779,20854719,236622,10725344,203635,9592154,44522,537221,262578,5772148,220828,7878476,308649,13650624,
All CA and Non-CA Counties,2021-04-03,337135,21191854,172436,10897780,121951,9714105,42748,579969,168045,5815649,168367,8046843,211868,13862492,
All CA and Non-CA Counties,2021-04-04,134563,21326417,70153,10967933,45078,9759183,19332,599301,59081,5819040,75131,8121974,78522,13941014,
All CA and Non-CA Counties,2021-04-05,359278,21685695,185074,11153007,133577,9892760,40627,639928,176435,5856426,182065,8304039,219451,14160465,
All CA and Non-CA Counties,2021-04-06,466878,22152573,236954,11389961,162598,10055358,67326,707254,225553,5910851,240288,8544327,294713,14455178,
All CA and Non-CA Counties,2021-04-07,483501,22636074,251510,11641471,160084,10215442,71907,779161,234107,5969486,248308,8792635,306943,14762121,
All CA and Non-CA Counties,2021-04-08,510250,23146324,257637,11899108,165935,10381377,86678,865839,239319,6027987,269605,9062240,328106,15090227,
All CA and Non-CA Counties,2021-04-09,505285,23651609,251995,12151103,171063,10552440,82227,948066,231860,6072774,272234,9334474,317021,15407248,
All CA and Non-CA Counties,2021-04-10,376429,24028038,171811,12322914,128224,10680664,76394,1024460,156978,6090117,218616,9553090,235959,15643207,
All CA and Non-CA Counties,2021-04-11,191565,24219603,107332,12430246,49486,10730150,34747,1059207,79074,6094631,112101,9665191,116615,15759822,
All CA and Non-CA Counties,2021-04-12,346214,24565817,178125,12608371,129181,10859331,38908,1098115,160016,6111943,185121,9850312,202433,15962255,
All CA and Non-CA Counties,2021-04-13,441279,25007096,247558,12855929,192734,11052065,987,1099102,246153,6168093,194002,10044314,250152,16212407,
All CA and Non-CA Counties,2021-04-14,461196,25468292,259072,13115001,201827,11253892,297,1099399,240299,6193622,219587,10263901,245116,16457523,
All CA and Non-CA Counties,2021-04-15,502563,25970855,293094,13408095,209159,11463051,310,1099709,280827,6257532,220062,10483963,283972,16741495,
All CA and Non-CA Counties,2021-04-16,486863,26457718,273931,13682026,212612,11675663,320,1100029,259505,6293902,225894,10709857,262264,17003759,
All CA and Non-CA Counties,2021-04-17,352185,26809903,197397,13879423,154720,11830383,68,1100097,200850,6347636,150348,10860205,204082,17207841,
All CA and Non-CA Counties,2021-04-18,163880,26973783,105320,13984743,58541,11888924,19,1100116,84015,6355317,79380,10939585,87061,17294902,
All CA and Non-CA Counties,2021-04-19,327551,27301334,187931,14172674,139520,12028444,100,1100216,154973,6340721,171536,11111121,156940,17451842,
All CA and Non-CA Counties,2021-04-20,424738,27726072,229101,14401775,195554,12223998,83,1100299,210196,6340747,213339,11324460,213365,17665207,
All CA and Non-CA Counties,2021-04-21,446726,28172798,257324,14659099,189126,12413124,276,1100575,213936,6327313,231084,11555544,217650,17882857,
All CA and Non-CA Counties,2021-04-22,463029,28635827,266060,14925159,196888,12610012,81,1100656,205992,6281152,255481,11811025,209320,18092177,
All CA and Non-CA Counties,2021-04-23,454655,29090482,260915,15186074,193647,12803659,93,1100749,206005,6243532,247099,12058124,209479,18301656,
All CA and Non-CA Counties,2021-04-24,331075,29421557,208273,15394347,122613,12926272,189,1100938,167778,6252499,162279,12220403,171246,18472902,
All CA and Non-CA Counties,2021-04-25,152969,29574526,100021,15494368,52872,12979144,76,1101014,81721,6265000,70739,12291142,83240,18556142,
All CA and Non-CA Counties,2021-04-26,309611,29884137,179559,15673927,128470,13107614,1582,1102596,135373,6233312,173147,12464289,141459,18697601,
All CA and Non-CA Counties,2021-04-27,379220,30263357,209452,15883379,162755,13270369,7013,1109609,153056,6171645,224922,12689211,163255,18860856,
All CA and Non-CA Counties,2021-04-28,364493,30627850,209870,16093249,146285,13416654,8338,1117947,150445,6119970,212818,12902029,161143,19021999,
All CA and Non-CA Counties,2021-04-29,373832,31001682,216523,16309772,148932,13565586,8377,1126324,138019,6033749,234494,13136523,148273,19170272,
All CA and Non-CA Counties,2021-04-30,386505,31388187,222430,16532202,154686,13720272,9389,1135713,147619,5955283,237467,13373990,159001,19329273,
All CA and Non-CA Counties,2021-05-01,251934,31640121,160630,16692832,84749,13805021,6555,1142268,91639,5896359,159350,13533340,100426,19429699,
All CA and Non-CA Counties,2021-05-02,118933,31759054,82911,16775743,32015,13837036,4007,1146275,41774,5865788,76722,13610062,46151,19475850,
All CA and Non-CA Counties,2021-05-03,257245,32016299,157667,16933410,90502,13927538,9076,1155351,78806,5777044,177514,13787576,88770,19564620,
All CA and Non-CA Counties,2021-05-04,337742,32354041,207319,17140729,120161,14047699,10262,1165613,100132,5652160,236461,14024037,111577,19676197,
All CA and Non-CA Counties,2021-05-05,342857,32696898,214531,17355260,117867,14165566,10459,1176072,97412,5516987,244118,14268155,108945,19785142,
All CA and Non-CA Counties,2021-05-06,359859,33056757,236041,17591301,112921,14278487,10897,1186969,92006,5356274,266118,14534273,105405,19890547,
All CA and Non-CA Counties,2021-05-07,357223,33413980,224198,17815499,122748,14401235,10277,1197246,97656,5207357,258107,14792380,109190,19999737,
All CA and Non-CA Counties,2021-05-08,236640,33650620,151073,17966572,78349,14479584,7218,1204464,65547,5111523,170073,14962453,74239,20073976,
All CA and Non-CA Counties,2021-05-09,96798,33747418,73251,18039823,20447,14500031,3100,1207564,25701,5070023,70745,15033198,29245,20103221,
All CA and Non-CA Counties,2021-05-10,208909,33956327,119626,18159449,81071,14581102,8212,1215776,52105,4975725,155929,15189127,61631,20164852,
All CA and Non-CA Counties,2021-05-11,277299,34233626,158072,18317521,110261,14691363,8966,1224742,73787,4857780,202508,15391635,84563,20249415,
All CA and Non-CA Counties,2021-05-12,274887,34508513,160149,18477670,105292,14796655,9446,1234188,74264,4743131,199515,15591150,84866,20334281,
All CA and Non-CA Counties,2021-05-13,320090,34828603,206771,18684441,105691,14902346,7628,1241816,120836,4676200,198060,15789210,131129,20465410,
All CA and Non-CA Counties,2021-05-14,343993,35172596,220684,18905125,114157,15016503,9152,1250968,134500,4613753,208186,15997396,145739,20611149,
All CA and Non-CA Counties,2021-05-15,282772,35455368,197356,19102481,79263,15095766,6153,1257121,116650,4572358,165189,16162585,123794,20734943,
All CA and Non-CA Counties,2021-05-16,142986,35598354,109431,19211912,30533,15126299,3022,1260143,58482,4550249,84025,16246610,61916,20796859,
All CA and Non-CA Counties,2021-05-17,243243,35841597,159846,19371758,75741,15202040,7656,1267799,96516,4509486,145806,16392416,105043,20901902,
All CA and Non-CA Counties,2021-05-18,284776,36126373,173529,19545287,103525,15305565,7722,1275521,111348,4457683,172283,16564699,120480,21022382,
All CA and Non-CA Counties,2021-05-19,278513,36404886,173705,19718992,96975,15402540,7833,1283354,114090,4417389,163340,16728039,123046,21145428,
All CA and Non-CA Counties,2021-05-20,266467,36671353,159222,19878214,98867,15501407,8378,1291732,101671,4365359,163617,16891656,111587,21257015,
All CA and Non-CA Counties,2021-05-21,285219,36956572,175291,20053505,101724,15603131,8204,1299936,107621,4306128,176287,17067943,117056,21374071,
All CA and Non-CA Counties,2021-05-22,206785,37163357,136955,20190460,63417,15666548,6413,1306349,88422,4284546,117553,17185496,95971,21470042,
All CA and Non-CA Counties,2021-05-23,91022,37254379,63717,20254177,24534,15691082,2771,1309120,39246,4275603,51345,17236841,42402,21512444,
All CA and Non-CA Counties,2021-05-24,173495,37427874,101670,20355847,63171,15754253,8654,1317774,65923,4244294,106736,17343577,75427,21587871,
All CA and Non-CA Counties,2021-05-25,191681,37619555,112286,20468133,71058,15825311,8337,1326111,72624,4208369,118010,17461587,82085,21669956,
All CA and Non-CA Counties,2021-05-26,186679,37806234,107221,20575354,71265,15896576,8193,1334304,72484,4176687,113071,17574658,81389,21751345,
All CA and Non-CA Counties,2021-05-27,174192,37980426,99463,20674817,65951,15962527,8778,1343082,70073,4153347,103260,17677918,79920,21831265,
All CA and Non-CA Counties,2021-05-28,190836,38171262,109934,20784751,73461,16035988,7441,1350523,82261,4136582,107590,17785508,90825,21922090,
All CA and Non-CA Counties,2021-05-29,108295,38279557,66351,20851102,37802,16073790,4142,1354665,50444,4134359,57305,17842813,55082,21977172,
All CA and Non-CA Counties,2021-05-30,47851,38327408,31534,20882636,13740,16087530,2577,1357242,20970,4131488,26634,17869447,23763,22000935,
All CA and Non-CA Counties,2021-05-31,20178,38347586,11818,20894454,7348,16094878,1012,1358254,6597,4125798,13414,17882861,7724,22008659,
All CA and Non-CA Counties,2021-06-01,170087,38517673,99178,20993632,63572,16158450,7337,1365591,60369,4085670,108721,17991582,68593,22077252,
All CA and Non-CA Counties,2021-06-02,144413,38662086,85268,21078900,51723,16210173,7422,1373013,54616,4059484,88881,18080463,62695,22139947,
All CA and Non-CA Counties,2021-06-03,172649,38834735,117885,21196785,47449,16257622,7315,1380328,52684,4001377,119104,18199567,60997,22200944,
All CA and Non-CA Counties,2021-06-04,201474,39036209,141689,21338474,53347,16310969,6438,1386766,60475,3930181,139943,18339510,68747,22269691,
All CA and Non-CA Counties,2021-06-05,158789,39194998,119811,21458285,33226,16344195,5752,1392518,44254,3867387,113746,18453256,50952,22320643,
All CA and Non-CA Counties,2021-06-06,64544,39259542,54307,21512592,7944,16352139,2293,1394811,17241,3840712,47008,18500264,20333,22340976,
All CA and Non-CA Counties,2021-06-07,138160,39397702,101099,21613691,30871,16383010,6190,1401001,40809,3791681,96741,18597005,47710,22388686,
All CA and Non-CA Counties,2021-06-08,159868,39557570,115812,21729503,36969,16419979,7087,1408088,47539,3735915,111419,18708424,55653,22444339,
All CA and Non-CA Counties,2021-06-09,153861,39711431,111737,21841240,35112,16455091,7012,1415100,42802,3676401,110239,18818663,50725,22495064,
All CA and Non-CA Counties,2021-06-10,148215,39859646,106567,21947807,34041,16489132,7607,1422707,43681,3624928,103806,18922469,52333,22547397,
All CA and Non-CA Counties,2021-06-11,160678,40020324,112662,22060469,41004,16530136,7012,1429719,50099,3573271,109676,19032145,58019,22605416,
All CA and Non-CA Counties,2021-06-12,116232,40136556,88117,22148586,24296,16554432,3819,1433538,33359,3528793,82318,19114463,37840,22643256,
All CA and Non-CA Counties,2021-06-13,45609,40182165,33947,22182533,9511,16563943,2151,1435689,11535,3509044,33826,19148289,14077,22657333,
All CA and Non-CA Counties,2021-06-14,116672,40298837,82691,22265224,26943,16590886,7038,1442727,38416,3477462,77649,19225938,46067,22703400,
All CA and Non-CA Counties,2021-06-15,133180,40432017,89775,22354999,34378,16625264,9027,1451754,44730,3444503,87600,19313538,54641,22758041,
All CA and Non-CA Counties,2021-06-16,122187,40554204,85937,22440936,28358,16653622,7892,1459646,42260,3416226,79177,19392715,50900,22808941,
All CA and Non-CA Counties,2021-06-17,115733,40669937,80100,22521036,27481,16681103,8152,1467798,41072,3392158,73921,19466636,49853,22858794,
All CA and Non-CA Counties,2021-06-18,130184,40800121,90020,22611056,32263,16713366,7901,1475699,46734,3364974,82571,19549207,55387,22914181,
All CA and Non-CA Counties,2021-06-19,77344,40877465,56171,22667227,17088,16730454,4085,1479784,29112,3351096,47583,19596790,33705,22947886,
All CA and Non-CA Counties,2021-06-20,31385,40908850,23619,22690846,6370,16736824,1396,1481180,11971,3345481,19197,19615987,13582,22961468,
All CA and Non-CA Counties,2021-06-21,72254,40981104,45148,22735994,20807,16757631,6299,1487479,37090,3354614,34773,19650760,43906,23005374,
All CA and Non-CA Counties,2021-06-22,101639,41082743,70931,22806925,24615,16782246,6093,1493572,39814,3339945,61229,19711989,46560,23051934,
All CA and Non-CA Counties,2021-06-23,95043,41177786,66892,22873817,22151,16804397,6000,1499572,38846,3329758,55626,19767615,45439,23097373,
All CA and Non-CA Counties,2021-06-24,92005,41269791,64189,22938006,22031,16826428,5785,1505357,37438,3319611,53933,19821548,43786,23141159,
All CA and Non-CA Counties,2021-06-25,105964,41375755,74911,23012917,25448,16851876,5605,1510962,43411,3307292,61926,19883474,49607,23190766,
All CA and Non-CA Counties,2021-06-26,68219,41443974,51441,23064358,13560,16865436,3218,1514180,28232,3299668,39625,19923099,32001,23222767,
All CA and Non-CA Counties,2021-06-27,32109,41476083,24698,23089056,5829,16871265,1582,1515762,13839,3297217,18097,19941196,15646,23238413,
All CA and Non-CA Counties,2021-06-28,70850,41546933,54854,23143910,11747,16883012,4249,1520011,31332,3294085,39091,19980287,35959,23274372,
All CA and Non-CA Counties,2021-06-29,56719,41603652,40548,23184458,12885,16895897,3286,1523297,22619,3286475,33756,20014043,26146,23300518,
Outside California,2020-12-15,9,9,9,9,0,0,0,0,9,9,0,0,9,9,Not in California
Outside California,2020-12-16,274,283,274,283,0,0,0,0,274,283,0,0,274,283,Not in California
Outside California,2020-12-17,1604,1887,1604,1887,0,0,0,0,1604,1887,0,0,1604,1887,Not in California
Outside California,2020-12-18,2532,4419,2525,4412,7,7,0,0,2532,4419,0,0,2532,4419,Not in California
Outside California,2020-12-19,1033,5452,1032,5444,1,8,0,0,1033,5452,0,0,1033,5452,Not in California
Outside California,2020-12-20,679,6131,676,6120,3,11,0,0,678,6129,1,1,678,6130,Not in California
Outside California,2020-12-21,2171,8302,2168,8288,3,14,0,0,2171,8300,0,1,2171,8301,Not in California
Outside California,2020-12-22,2061,10363,1986,10274,75,89,0,0,2061,10361,0,1,2061,10362,Not in California
Outside California,2020-12-23,1529,11892,1386,11660,143,232,0,0,1528,11888,1,2,1528,11890,Not in California
Outside California,2020-12-24,801,12693,611,12271,190,422,0,0,801,12689,0,2,801,12691,Not in California
Outside California,2020-12-25,34,12727,29,12300,5,427,0,0,34,12723,0,2,34,12725,Not in California
Outside California,2020-12-26,308,13035,208,12508,100,527,0,0,308,13031,0,2,308,13033,Not in California
Outside California,2020-12-27,189,13224,72,12580,117,644,0,0,189,13220,0,2,189,13222,Not in California
Outside California,2020-12-28,1405,14629,896,13476,509,1153,0,0,1405,14625,0,2,1405,14627,Not in California
Outside California,2020-12-29,1538,16167,1016,14492,522,1675,0,0,1538,16163,0,2,1538,16165,Not in California
Outside California,2020-12-30,1876,18043,1223,15715,653,2328,0,0,1876,18039,0,2,1876,18041,Not in California
Outside California,2020-12-31,1098,19141,596,16311,502,2830,0,0,1097,19135,1,3,1097,19138,Not in California
Outside California,2021-01-01,117,19258,27,16338,90,2920,0,0,117,19252,0,3,117,19255,Not in California
Outside California,2021-01-02,246,19504,134,16472,112,3032,0,0,245,19496,1,4,245,19500,Not in California
Outside California,2021-01-03,171,19675,92,16564,79,3111,0,0,171,19667,0,4,171,19671,Not in California
Outside California,2021-01-04,1142,20817,509,17073,633,3744,0,0,1137,20803,1,5,1137,20808,Not in California
Outside California,2021-01-05,1546,22363,819,17892,727,4471,0,0,1353,21966,191,196,1354,22162,Not in California
Outside California,2021-01-06,2668,25031,1579,19471,1089,5560,0,0,1937,23175,728,924,1937,24099,Not in California
Outside California,2021-01-07,4116,29147,2531,22002,1585,7145,0,0,2460,23985,1652,2576,2462,26561,Not in California
Outside California,2021-01-08,4478,33625,2906,24908,1572,8717,0,0,2612,24745,1855,4431,2615,29176,Not in California
Outside California,2021-01-09,1307,34932,534,25442,773,9490,0,0,980,25401,326,4757,982,30158,Not in California
Outside California,2021-01-10,316,35248,188,25630,128,9618,0,0,194,25473,122,4879,194,30352,Not in California
Outside California,2021-01-11,3263,38511,1995,27625,1268,10886,0,0,1935,26080,1328,6207,1935,32287,Not in California
Outside California,2021-01-12,3835,42346,2295,29920,1540,12426,0,0,2295,26842,1536,7743,2298,34585,Not in California
Outside California,2021-01-13,3656,46002,1795,31715,1861,14287,0,0,2476,28143,1179,8922,2480,37065,Not in California
Outside California,2021-01-14,3654,49656,1264,32979,2390,16677,0,0,3006,30517,635,9557,3009,40074,Not in California
Outside California,2021-01-15,4180,53836,995,33974,3185,19862,0,0,3703,33755,465,10022,3703,43777,Not in California
Outside California,2021-01-16,2645,56481,389,34363,2256,22118,0,0,2470,36052,173,10195,2470,46247,Not in California
Outside California,2021-01-17,503,56984,152,34515,351,22469,0,0,454,36457,49,10244,454,46701,Not in California
Outside California,2021-01-18,1186,58170,767,35282,419,22888,0,0,728,36729,457,10701,729,47430,Not in California
Outside California,2021-01-19,4084,62254,1335,36617,2749,25637,0,0,3186,39020,898,11599,3189,50619,Not in California
Outside California,2021-01-20,4428,66682,1426,38043,3002,28639,0,0,3483,41563,941,12540,3484,54103,Not in California
Outside California,2021-01-21,4218,70900,1166,39209,3052,31691,0,0,3641,44643,561,13101,3641,57744,Not in California
Outside California,2021-01-22,4602,75502,1097,40306,3505,35196,0,0,4193,48434,404,13505,4195,61939,Not in California
Outside California,2021-01-23,2269,77771,346,40652,1923,37119,0,0,2101,50367,168,13673,2101,64040,Not in California
Outside California,2021-01-24,607,78378,249,40901,358,37477,0,0,526,50812,81,13754,526,64566,Not in California
Outside California,2021-01-25,4532,82910,1973,42874,2559,40036,0,0,3664,53615,863,14617,3666,68232,Not in California
Outside California,2021-01-26,6059,88969,2930,45804,3129,43165,0,0,5199,57962,859,15476,5206,73438,Not in California
Outside California,2021-01-27,5142,94111,2735,48539,2407,45572,0,0,4504,61836,632,16108,4506,77944,Not in California
Outside California,2021-01-28,5265,99376,2835,51374,2430,48002,0,0,4723,66027,532,16640,4723,82667,Not in California
Outside California,2021-01-29,4903,104279,3053,54427,1850,49852,0,0,4091,69316,804,17444,4093,86760,Not in California
Outside California,2021-01-30,4433,108712,2422,56849,2011,51863,0,0,4198,73283,232,17676,4199,90959,Not in California
Outside California,2021-01-31,3270,111982,2843,59692,427,52290,0,0,3208,76432,60,17736,3209,94168,Not in California
Outside California,2021-02-01,5608,117590,2606,62298,3002,55292,0,0,4887,80607,712,18448,4887,99055,Not in California
Outside California,2021-02-02,6819,124409,2173,64471,4646,59938,0,0,6091,85980,718,19166,6091,105146,Not in California
Outside California,2021-02-03,7481,131890,2094,66565,5387,65325,0,0,6592,91692,881,20047,6593,111739,Not in California
Outside California,2021-02-04,6927,138817,2178,68743,4749,70074,0,0,5891,96562,1022,21069,5892,117631,Not in California
Outside California,2021-02-05,6827,145644,2227,70970,4600,74674,0,0,5732,101206,1088,22157,5732,123363,Not in California
Outside California,2021-02-06,4412,150056,2140,73110,2272,76946,0,0,3943,104692,460,22617,3946,127309,Not in California
Outside California,2021-02-07,2226,152282,1830,74940,396,77342,0,0,2139,106748,86,22703,2142,129451,Not in California
Outside California,2021-02-08,5299,157581,3336,78276,1963,79305,0,0,4241,109942,1047,23750,4241,133692,Not in California
Outside California,2021-02-09,4286,161867,1914,80190,2372,81677,0,0,2967,111615,1308,25058,2981,136673,Not in California
Outside California,2021-02-10,5669,167536,1949,82139,3720,85397,0,0,3192,112381,2467,27525,3233,139906,Not in California
Outside California,2021-02-11,4900,172436,2277,84416,2623,88020,0,0,3547,114610,1336,28861,3565,143471,Not in California
Outside California,2021-02-12,5305,177741,1972,86388,3333,91353,0,0,3442,116208,1848,30709,3446,146917,Not in California
Outside California,2021-02-13,2438,180179,737,87125,1701,93054,0,0,1854,117493,581,31290,1866,148783,Not in California
Outside California,2021-02-14,1359,181538,424,87549,935,93989,0,0,1109,118358,246,31536,1111,149894,Not in California
Outside California,2021-02-15,2649,184187,1616,89165,1033,95022,0,0,1271,118271,1361,32897,1274,151168,Not in California
Outside California,2021-02-16,6482,190669,2918,92083,3564,98586,0,0,2597,117000,3874,36771,2603,153771,Not in California
Outside California,2021-02-17,6082,196751,3108,95191,2974,101560,0,0,1852,114646,4211,40982,1857,155628,Not in California
Outside California,2021-02-18,6634,203385,3805,98996,2829,104389,0,0,2097,112240,4504,45486,2098,157726,Not in California
Outside California,2021-02-19,5893,209278,4083,103079,1810,106199,0,0,2471,111300,3413,48899,2473,160199,Not in California
Outside California,2021-02-20,3526,212804,2859,105938,667,106866,0,0,1277,110338,2241,51140,1279,161478,Not in California
Outside California,2021-02-21,3083,215887,2857,108795,226,107092,0,0,917,109099,2156,53296,917,162395,Not in California
Outside California,2021-02-22,3616,219503,2656,111451,960,108052,0,0,1660,108815,1949,55245,1665,164060,Not in California
Outside California,2021-02-23,6222,225725,3424,114875,2798,110850,0,0,2358,107337,3850,59095,2372,166432,Not in California
Outside California,2021-02-24,6458,232183,3551,118426,2907,113757,0,0,2465,105824,3983,63078,2470,168902,Not in California
Outside California,2021-02-25,6926,239109,3502,121928,3424,117181,0,0,3065,105066,3827,66905,3069,171971,Not in California
Outside California,2021-02-26,6880,245989,3622,125550,3258,120439,0,0,3083,104440,3710,70615,3084,175055,Not in California
Outside California,2021-02-27,5471,251460,2754,128304,2716,123155,1,1,1882,102748,3578,74193,1886,176941,Not in California
Outside California,2021-02-28,2441,253901,1768,130072,672,123827,1,2,802,101917,1636,75829,805,177746,Not in California
Outside California,2021-03-01,4984,258885,3160,133232,1823,125650,1,3,1362,99675,3610,79439,1368,179114,Not in California
Outside California,2021-03-02,6737,265622,2493,135725,4244,129894,0,3,2070,97094,4653,84092,2072,181186,Not in California
Outside California,2021-03-03,7957,273579,3132,138857,4823,134717,2,5,2698,94555,5242,89334,2703,183889,Not in California
Outside California,2021-03-04,6841,280420,2912,141769,3923,138640,6,11,2325,92391,4497,93831,2333,186222,Not in California
Outside California,2021-03-05,5291,285711,2673,144442,2603,141243,15,26,2737,92611,2540,96371,2760,188982,Not in California
Outside California,2021-03-06,4609,290320,2142,146584,2311,143554,156,182,2335,92841,2270,98641,2500,191482,Not in California
Outside California,2021-03-07,1607,291927,1030,147614,521,144075,56,238,975,93244,630,99271,1033,192515,Not in California
Outside California,2021-03-08,3136,295063,1861,149475,1026,145101,249,487,2217,94828,890,100161,2474,194989,Not in California
Outside California,2021-03-09,4710,299773,2420,151895,1976,147077,314,801,2781,95999,1924,102085,3095,198084,Not in California
Outside California,2021-03-10,4471,304244,2143,154038,1817,148894,511,1312,2720,97496,1741,103826,3238,201322,Not in California
Outside California,2021-03-11,6218,310462,3181,157219,2358,151252,679,1991,3300,98563,2912,106738,3979,205301,Not in California
Outside California,2021-03-12,6498,316960,3901,161120,1872,153124,725,2716,3556,99912,2932,109670,4281,209582,Not in California
Outside California,2021-03-13,3831,320791,2204,163324,1155,154279,472,3188,2601,101765,1220,110890,3073,212655,Not in California
Outside California,2021-03-14,1799,322590,927,164251,531,154810,341,3529,981,102271,817,111707,1323,213978,Not in California
Outside California,2021-03-15,4041,326631,2116,166367,1455,156265,470,3999,2149,103010,1884,113591,2623,216601,Not in California
Outside California,2021-03-16,7545,334176,4378,170745,2777,159042,390,4389,4190,104236,3349,116940,4575,221176,Not in California
Outside California,2021-03-17,8471,342647,5493,176238,2597,161639,381,4770,5084,106322,3380,120320,5466,226642,Not in California
Outside California,2021-03-18,8333,350980,5147,181385,2640,164279,546,5316,4797,108139,3526,123846,5343,231985,Not in California
Outside California,2021-03-19,7335,358315,4360,185745,2433,166712,542,5858,4377,110111,2951,126797,4923,236908,Not in California
Outside California,2021-03-20,4753,363068,3133,188878,1531,168243,89,5947,3634,112727,1108,127905,3724,240632,Not in California
Outside California,2021-03-21,2095,365163,1436,190314,570,168813,89,6036,1670,114066,422,128327,1761,242393,Not in California
Outside California,2021-03-22,3272,368435,1980,192294,1204,170017,88,6124,2244,115376,1021,129348,2331,244724,Not in California
Outside California,2021-03-23,6093,374528,3106,195400,2684,172701,303,6427,4125,117852,1952,131300,4428,249152,Not in California
Outside California,2021-03-24,7336,381864,3762,199162,3125,175826,449,6876,5045,121061,2283,133583,5492,254644,Not in California
Outside California,2021-03-25,8263,390127,3836,202998,3901,179727,526,7402,5989,125317,2260,135843,6516,261160,Not in California
Outside California,2021-03-26,6685,396812,3533,206531,2973,182700,179,7581,4402,127639,2257,138100,4579,265739,Not in California
Outside California,2021-03-27,5545,402357,3103,209634,2225,184925,217,7798,3480,129279,2054,140154,3694,269433,Not in California
Outside California,2021-03-28,3078,405435,1647,211281,1270,186195,161,7959,1983,130334,1089,141243,2144,271577,Not in California
Outside California,2021-03-29,5192,410627,2306,213587,2541,188736,345,8304,2968,131429,2218,143461,3313,274890,Not in California
Outside California,2021-03-30,6889,417516,3623,217210,2699,191435,567,8871,4073,133271,2805,146266,4647,279537,Not in California
Outside California,2021-03-31,6350,423866,3788,220998,1782,193217,780,9651,3369,134442,2974,149240,4145,283682,Not in California
Outside California,2021-04-01,7595,431461,4556,225554,2383,195600,656,10307,4404,136310,3182,152422,5050,288732,Not in California
Outside California,2021-04-02,8452,439913,4494,230048,2819,198419,1139,11446,4373,137746,4070,156492,5506,294238,Not in California
Outside California,2021-04-03,6297,446210,3777,233825,1361,199780,1159,12605,3348,139314,2939,159431,4507,298745,Not in California
Outside California,2021-04-04,1780,447990,879,234704,662,200442,239,12844,969,139710,810,160241,1206,299951,Not in California
Outside California,2021-04-05,4157,452147,2014,236718,1472,201914,671,13515,1984,140196,2166,162407,2652,302603,Not in California
Outside California,2021-04-06,7172,459319,3854,240572,1674,203588,1644,15159,2866,140413,4289,166696,4506,307109,Not in California
Outside California,2021-04-07,8257,467576,4645,245217,1909,205497,1703,16862,3196,140254,5049,171745,4890,311999,Not in California
Outside California,2021-04-08,8276,475852,4353,249570,1981,207478,1942,18804,3307,140531,4957,176702,5234,317233,Not in California
Outside California,2021-04-09,7588,483440,3887,253457,1733,209211,1968,20772,2905,140730,4670,181372,4869,322102,Not in California
Outside California,2021-04-10,6117,489557,2992,256449,1263,210474,1862,22634,1680,139834,4427,185799,3531,325633,Not in California
Outside California,2021-04-11,2866,492423,1563,258012,657,211131,646,23280,973,139560,1890,187689,1616,327249,Not in California
Outside California,2021-04-12,4184,496607,2344,260356,1279,212410,561,23841,1861,139668,2314,190003,2422,329671,Not in California
Outside California,2021-04-13,5841,502448,3735,264091,2082,214492,24,23865,3021,139899,2814,192817,3045,332716,Not in California
Outside California,2021-04-14,5480,507928,3522,267613,1954,216446,4,23869,3026,140482,2447,195264,3030,335746,Not in California
Outside California,2021-04-15,6173,514101,3893,271506,2274,218720,6,23875,3321,141011,2799,198063,3328,339074,Not in California
Outside California,2021-04-16,5947,520048,3409,274915,2531,221251,7,23882,3321,141729,2613,200676,3331,342405,Not in California
Outside California,2021-04-17,5534,525582,3485,278400,2048,223299,1,23883,3204,142615,2318,202994,3204,345609,Not in California
Outside California,2021-04-18,2193,527775,1260,279660,932,224231,1,23884,1073,142577,1114,204108,1076,346685,Not in California
Outside California,2021-04-19,4174,531949,2006,281666,2167,226398,1,23885,2150,142718,2013,206121,2154,348839,Not in California
Outside California,2021-04-20,5495,537444,2550,284216,2945,229343,0,23885,2276,141785,3209,209330,2276,351115,Not in California
Outside California,2021-04-21,6651,544095,2885,287101,3761,233104,5,23890,2450,140061,4180,213510,2456,353571,Not in California
Outside California,2021-04-22,6947,551042,3589,290690,3356,236460,2,23892,2574,138279,4359,217869,2577,356148,Not in California
Outside California,2021-04-23,5969,557011,3068,293758,2900,239360,1,23893,2478,137286,3474,221343,2481,358629,Not in California
Outside California,2021-04-24,4673,561684,3050,296808,1618,240978,5,23898,1879,136386,2787,224130,1887,360516,Not in California
Outside California,2021-04-25,2220,563904,1249,298057,970,241948,1,23899,1172,136518,1044,225174,1176,361692,Not in California
Outside California,2021-04-26,4188,568092,1877,299934,2284,244232,27,23926,1909,136185,2269,227443,1936,363628,Not in California
Outside California,2021-04-27,5756,573848,2163,302097,3222,247454,371,24297,2018,134854,3728,231171,2397,366025,Not in California
Outside California,2021-04-28,4953,578801,2139,304236,2416,249870,398,24695,1965,134239,2973,234144,2358,368383,Not in California
Outside California,2021-04-29,4944,583745,2330,306566,2181,252051,433,25128,1883,133516,3038,237182,2315,370698,Not in California
Outside California,2021-04-30,4971,588716,2423,308989,2123,254174,425,25553,1892,132771,3065,240247,2320,373018,Not in California
Outside California,2021-05-01,3196,591912,1847,310836,919,255093,430,25983,1309,132635,1875,242122,1739,374757,Not in California
Outside California,2021-05-02,1850,593762,1085,311921,642,255735,123,26106,826,132563,1021,243143,949,375706,Not in California
Outside California,2021-05-03,2906,596668,1582,313503,1039,256774,285,26391,1124,132194,1777,244920,1408,377114,Not in California
Outside California,2021-05-04,4000,600668,2167,315670,1395,258169,438,26829,1336,131312,2654,247574,1772,378886,Not in California
Outside California,2021-05-05,4495,605163,2531,318201,1593,259762,371,27200,1623,130446,2863,250437,1997,380883,Not in California
Outside California,2021-05-06,4525,609688,2788,320989,1399,261161,338,27538,1587,129439,2932,253369,1925,382808,Not in California
Outside California,2021-05-07,4673,614361,2717,323706,1572,262733,384,27922,1616,128396,3043,256412,2000,384808,Not in California
Outside California,2021-05-08,3272,617633,2215,325921,808,263541,249,28171,1087,127557,2176,258588,1337,386145,Not in California
Outside California,2021-05-09,1392,619025,933,326854,337,263878,122,28293,575,127440,812,259400,695,386840,Not in California
Outside California,2021-05-10,2574,621599,1188,328042,1057,264935,329,28622,910,127024,1657,261057,1241,388081,Not in California
Outside California,2021-05-11,3082,624681,1509,329551,1271,266206,302,28924,1166,126582,1914,262971,1472,389553,Not in California
Outside California,2021-05-12,3233,627914,1572,331123,1335,267541,326,29250,1250,126178,1979,264950,1575,391128,Not in California
Outside California,2021-05-13,3216,631130,1879,333002,1129,268670,208,29458,1399,125974,1811,266761,1607,392735,Not in California
Outside California,2021-05-14,3568,634698,2011,335013,1319,269989,238,29696,1584,125823,1976,268737,1825,394560,Not in California
Outside California,2021-05-15,2641,637339,1553,336566,946,270935,142,29838,1136,125606,1497,270234,1280,395840,Not in California
Outside California,2021-05-16,1662,639001,1074,337640,519,271454,69,29907,762,125541,897,271131,832,396672,Not in California
Outside California,2021-05-17,3056,642057,1626,339266,1194,272648,236,30143,1304,125332,1748,272879,1539,398211,Not in California
Outside California,2021-05-18,3241,645298,1639,340905,1283,273931,319,30462,1438,125302,1790,274669,1760,399971,Not in California
Outside California,2021-05-19,3340,648638,1671,342576,1401,275332,268,30730,1444,125125,1888,276557,1711,401682,Not in California
Outside California,2021-05-20,3144,651782,1739,344315,1156,276488,249,30979,1403,125048,1731,278288,1654,403336,Not in California
Outside California,2021-05-21,3186,654968,1775,346090,1162,277650,249,31228,1347,124818,1826,280114,1596,404932,Not in California
Outside California,2021-05-22,2772,657740,1810,347900,760,278410,202,31430,1485,125226,1280,281394,1688,406620,Not in California
Outside California,2021-05-23,1551,659291,1012,348912,461,278871,78,31508,782,125319,768,282162,861,407481,Not in California
Outside California,2021-05-24,2411,661702,1154,350066,911,279782,346,31854,1060,125383,1342,283504,1406,408887,Not in California
Outside California,2021-05-25,2361,664063,1096,351162,931,280713,334,32188,997,125355,1356,284860,1328,410215,Not in California
Outside California,2021-05-26,2377,666440,1094,352256,927,281640,356,32544,984,125311,1385,286245,1341,411556,Not in California
Outside California,2021-05-27,2163,668603,1071,353327,805,282445,287,32831,970,125378,1188,287433,1255,412811,Not in California
Outside California,2021-05-28,2429,671032,1219,354546,859,283304,351,33182,1093,125494,1329,288762,1445,414256,Not in California
Outside California,2021-05-29,1651,672683,827,355373,469,283773,355,33537,689,125580,958,289720,1044,415300,Not in California
Outside California,2021-05-30,912,673595,557,355930,231,284004,124,33661,448,125692,460,290180,572,415872,Not in California
Outside California,2021-05-31,424,674019,185,356115,199,284203,40,33701,181,125682,231,290411,221,416093,Not in California
Outside California,2021-06-01,2121,676140,1116,357231,703,284906,302,34003,999,125865,1118,291529,1301,417394,Not in California
Outside California,2021-06-02,2016,678156,997,358228,673,285579,346,34349,918,126041,1088,292617,1264,418658,Not in California
Outside California,2021-06-03,2134,680290,1168,359396,654,286233,312,34661,954,126133,1173,293790,1265,419923,Not in California
Outside California,2021-06-04,2516,682806,1396,360792,803,287036,317,34978,1077,126093,1433,295223,1393,421316,Not in California
Outside California,2021-06-05,1703,684509,1187,361979,353,287389,163,35141,761,126080,938,296161,925,422241,Not in California
Outside California,2021-06-06,919,685428,689,362668,149,287538,81,35222,431,126106,486,296647,512,422753,Not in California
Outside California,2021-06-07,1914,687342,1035,363703,550,288088,329,35551,792,126105,1121,297768,1120,423873,Not in California
Outside California,2021-06-08,2056,689398,1170,364873,543,288631,343,35894,782,125960,1269,299037,1124,424997,Not in California
Outside California,2021-06-09,1961,691359,1177,366050,500,289131,284,36178,799,125887,1155,300192,1082,426079,Not in California
Outside California,2021-06-10,1935,693294,1121,367171,505,289636,309,36487,824,125915,1106,301298,1134,427213,Not in California
Outside California,2021-06-11,2163,695457,1243,368414,592,290228,328,36815,918,125924,1238,302536,1247,428460,Not in California
Outside California,2021-06-12,1619,697076,1212,369626,281,290509,126,36941,639,125716,975,303511,767,429227,Not in California
Outside California,2021-06-13,942,698018,643,370269,198,290707,101,37042,414,125707,524,304035,515,429742,Not in California
Outside California,2021-06-14,1734,699752,971,371240,469,291176,294,37336,720,125711,1008,305043,1012,430754,Not in California
Outside California,2021-06-15,1713,701465,946,372186,492,291668,275,37611,764,125807,943,305986,1039,431793,Not in California
Outside California,2021-06-16,1665,703130,990,373176,454,292122,221,37832,801,125973,856,306842,1022,432815,Not in California
Outside California,2021-06-17,1844,704974,1024,374200,470,292592,350,38182,838,126157,1004,307846,1188,434003,Not in California
Outside California,2021-06-18,1945,706919,1056,375256,432,293024,457,38639,825,126324,1114,308960,1281,435284,Not in California
Outside California,2021-06-19,1043,707962,686,375942,258,293282,99,38738,544,126471,495,309455,642,435926,Not in California
Outside California,2021-06-20,768,708730,557,376499,165,293447,46,38784,460,126672,305,309760,506,436432,Not in California
Outside California,2021-06-21,1266,709996,630,377129,323,293770,313,39097,687,127099,573,310333,1000,437432,Not in California
Outside California,2021-06-22,1626,711622,1028,378157,344,294114,254,39351,870,127472,751,311084,1124,438556,Not in California
Outside California,2021-06-23,1668,713290,914,379071,433,294547,321,39672,792,127714,869,311953,1111,439667,Not in California
Outside California,2021-06-24,1537,714827,897,379968,363,294910,277,39949,808,128071,727,312680,1084,440751,Not in California
Outside California,2021-06-25,1763,716590,1003,380971,401,295311,359,40308,856,128381,903,313583,1213,441964,Not in California
Outside California,2021-06-26,1139,717729,741,381712,219,295530,179,40487,589,128602,547,314130,768,442732,Not in California
Outside California,2021-06-27,731,718460,565,382277,107,295637,59,40546,437,128805,292,314422,495,443227,Not in California
Outside California,2021-06-28,1371,719831,815,383092,266,295903,290,40836,714,129154,657,315079,1006,444233,Not in California
Outside California,2021-06-29,1071,720902,621,383713,255,296158,195,41031,537,129357,529,315608,732,444965,Not in California
Unknown,2020-12-17,2,2,2,2,0,0,0,0,0,0,0,0,0,0,Not in California
Unknown,2020-12-18,1,3,1,3,0,0,0,0,0,0,0,0,0,0,Not in California
Unknown,2020-12-21,4,7,4,7,0,0,0,0,0,0,0,0,0,0,Not in California
Unknown,2020-12-28,4,11,4,11,0,0,0,0,3,3,0,0,3,3,Not in California
Unknown,2020-12-29,5,16,4,15,1,1,0,0,6,9,0,0,6,9,Not in California
Unknown,2020-12-30,54,70,54,69,0,1,0,0,54,63,0,0,54,63,Not in California
Unknown,2020-12-31,1,71,0,69,1,2,0,0,0,63,0,0,0,63,Not in California
Unknown,2021-01-02,1,72,0,69,1,3,0,0,1,64,0,0,1,64,Not in California
Unknown,2021-01-04,3,75,3,72,0,3,0,0,2,66,0,0,2,66,Not in California
Unknown,2021-01-06,4,79,2,74,2,5,0,0,4,70,0,0,4,70,Not in California
Unknown,2021-01-07,69,148,68,142,1,6,0,0,68,138,0,0,68,138,Not in California
Unknown,2021-01-08,1,149,0,142,1,7,0,0,2,140,0,0,2,140,Not in California
Unknown,2021-01-09,2,151,2,144,0,7,0,0,3,143,0,0,3,143,Not in California
Unknown,2021-01-11,20,171,20,164,0,7,0,0,20,163,0,0,20,163,Not in California
Unknown,2021-01-12,12,183,11,175,1,8,0,0,10,173,1,1,11,174,Not in California
Unknown,2021-01-13,10,193,10,185,0,8,0,0,11,184,0,1,11,185,Not in California
Unknown,2021-01-14,3,196,3,188,0,8,0,0,3,187,0,1,3,188,Not in California
Unknown,2021-01-15,7,203,6,194,1,9,0,0,7,194,0,1,7,195,Not in California
Unknown,2021-01-16,6,209,6,200,0,9,0,0,6,200,0,1,6,201,Not in California
Unknown,2021-01-17,4,213,4,204,0,9,0,0,4,204,0,1,4,205,Not in California
Unknown,2021-01-18,55,268,55,259,0,9,0,0,53,255,2,3,53,258,Not in California
Unknown,2021-01-19,25,293,25,284,0,9,0,0,20,272,3,6,20,278,Not in California
Unknown,2021-01-20,81,374,81,365,0,9,0,0,29,248,53,59,29,307,Not in California
Unknown,2021-01-21,54,428,52,417,2,11,0,0,55,302,1,60,55,362,Not in California
Unknown,2021-01-22,35,463,31,448,4,15,0,0,35,337,0,60,35,397,Not in California
Unknown,2021-01-23,12,475,7,455,5,20,0,0,12,349,0,60,12,409,Not in California
Unknown,2021-01-24,2,477,2,457,0,20,0,0,3,352,0,60,3,412,Not in California
Unknown,2021-01-25,20,497,17,474,3,23,0,0,17,366,3,63,17,429,Not in California
Unknown,2021-01-26,86,583,85,559,1,24,0,0,88,453,1,64,88,517,Not in California
Unknown,2021-01-27,17,600,17,576,0,24,0,0,16,468,1,65,16,533,Not in California
Unknown,2021-01-28,151,751,149,725,2,26,0,0,94,502,60,125,94,627,Not in California
Unknown,2021-01-29,140,891,140,865,0,26,0,0,144,645,1,126,144,771,Not in California
Unknown,2021-01-30,11,902,9,874,2,28,0,0,13,656,2,128,13,784,Not in California
Unknown,2021-01-31,15,917,15,889,0,28,0,0,16,672,0,128,16,800,Not in California
Unknown,2021-02-01,36,953,34,923,2,30,0,0,19,672,19,147,19,819,Not in California
Unknown,2021-02-02,66,1019,65,988,1,31,0,0,57,721,8,155,57,876,Not in California
Unknown,2021-02-03,44,1063,43,1031,1,32,0,0,32,742,11,166,32,908,Not in California
Unknown,2021-02-04,59,1122,54,1085,5,37,0,0,53,789,6,172,53,961,Not in California
Unknown,2021-02-05,19,1141,15,1100,4,41,0,0,14,798,5,177,14,975,Not in California
Unknown,2021-02-06,15,1156,15,1115,0,41,0,0,10,802,6,183,10,985,Not in California
Unknown,2021-02-07,9,1165,9,1124,0,41,0,0,7,807,2,185,7,992,Not in California
Unknown,2021-02-08,56,1221,53,1177,3,44,0,0,15,781,41,226,15,1007,Not in California
Unknown,2021-02-09,19,1240,19,1196,0,44,0,0,4,770,15,241,4,1011,Not in California
Unknown,2021-02-10,34,1274,30,1226,4,48,0,0,9,754,25,266,9,1020,Not in California
Unknown,2021-02-11,88,1362,87,1313,1,49,0,0,44,752,46,312,44,1064,Not in California
Unknown,2021-02-12,45,1407,37,1350,8,57,0,0,14,735,31,343,14,1078,Not in California
Unknown,2021-02-13,12,1419,5,1355,7,64,0,0,8,739,4,347,8,1086,Not in California
Unknown,2021-02-14,7,1426,2,1357,5,69,0,0,4,741,2,349,4,1090,Not in California
Unknown,2021-02-15,44,1470,38,1395,6,75,0,0,28,755,14,363,28,1118,Not in California
Unknown,2021-02-16,114,1584,103,1498,11,86,0,0,33,708,81,444,34,1152,Not in California
Unknown,2021-02-17,13,1597,11,1509,2,88,0,0,8,708,8,452,8,1160,Not in California
Unknown,2021-02-18,103,1700,98,1607,5,93,0,0,17,639,86,538,17,1177,Not in California
Unknown,2021-02-19,191,1891,186,1793,5,98,0,0,52,553,138,676,52,1229,Not in California
Unknown,2021-02-20,8,1899,6,1799,2,100,0,0,2,549,6,682,2,1231,Not in California
Unknown,2021-02-21,15,1914,15,1814,0,100,0,0,1,536,14,696,1,1232,Not in California
Unknown,2021-02-22,9,1923,9,1823,0,100,0,0,5,537,4,700,5,1237,Not in California
Unknown,2021-02-23,61,1984,50,1873,11,111,0,0,15,507,45,745,15,1252,Not in California
Unknown,2021-02-24,39,2023,31,1904,8,119,0,0,14,496,25,770,14,1266,Not in California
Unknown,2021-02-25,67,2090,54,1958,13,132,0,0,24,476,44,814,24,1290,Not in California
Unknown,2021-02-26,38,2128,24,1982,14,146,0,0,21,483,14,828,21,1311,Not in California
Unknown,2021-02-27,24,2152,17,1999,7,153,0,0,12,487,8,836,12,1323,Not in California
Unknown,2021-02-28,18,2170,13,2012,5,158,0,0,11,493,5,841,11,1334,Not in California
Unknown,2021-03-01,44,2214,26,2038,18,176,0,0,24,498,19,860,24,1358,Not in California
Unknown,2021-03-02,21,2235,10,2048,11,187,0,0,12,504,6,866,12,1370,Not in California
Unknown,2021-03-03,13,2248,9,2057,4,191,0,0,9,510,3,869,9,1379,Not in California
Unknown,2021-03-04,47,2295,44,2101,3,194,0,0,17,497,30,899,17,1396,Not in California
Unknown,2021-03-05,25,2320,15,2116,10,204,0,0,23,514,6,905,23,1419,Not in California
Unknown,2021-03-06,20,2340,12,2128,6,210,2,2,16,528,4,909,18,1437,Not in California
Unknown,2021-03-07,1,2341,1,2129,0,210,0,2,2,530,0,909,2,1439,Not in California
Unknown,2021-03-08,31,2372,22,2151,7,217,2,4,7,514,25,934,9,1448,Not in California
Unknown,2021-03-09,38,2410,31,2182,3,220,4,8,10,499,29,963,14,1462,Not in California
Unknown,2021-03-10,14,2424,10,2192,1,221,3,11,6,499,9,972,9,1471,Not in California
Unknown,2021-03-11,30,2454,13,2205,3,224,14,25,7,498,22,994,21,1492,Not in California
Unknown,2021-03-12,68,2522,53,2258,10,234,5,30,11,459,55,1049,16,1508,Not in California
Unknown,2021-03-13,15,2537,4,2262,7,241,4,34,6,459,10,1059,10,1518,Not in California
Unknown,2021-03-14,14,2551,6,2268,6,247,2,36,5,458,8,1067,7,1525,Not in California
Unknown,2021-03-15,34,2585,14,2282,18,265,2,38,24,472,12,1079,26,1551,Not in California
Unknown,2021-03-16,51,2636,23,2305,24,289,4,42,30,485,21,1100,34,1585,Not in California
Unknown,2021-03-17,39,2675,16,2321,22,311,1,43,34,516,4,1104,35,1620,Not in California
Unknown,2021-03-18,33,2708,20,2341,13,324,0,43,20,524,12,1116,20,1640,Not in California
Unknown,2021-03-19,29,2737,19,2360,10,334,0,43,23,539,8,1124,23,1663,Not in California
Unknown,2021-03-20,29,2766,16,2376,13,347,0,43,16,544,11,1135,16,1679,Not in California
Unknown,2021-03-21,20,2786,14,2390,6,353,0,43,16,557,3,1138,16,1695,Not in California
Unknown,2021-03-22,35,2821,19,2409,15,368,1,44,17,563,12,1150,18,1713,Not in California
Unknown,2021-03-23,26,2847,11,2420,10,378,5,49,13,570,11,1161,18,1731,Not in California
Unknown,2021-03-24,25,2872,12,2432,13,391,0,49,18,581,7,1168,18,1749,Not in California
Unknown,2021-03-25,41,2913,28,2460,13,404,0,49,27,595,13,1181,27,1776,Not in California
Unknown,2021-03-26,37,2950,21,2481,11,415,5,54,18,603,15,1196,23,1799,Not in California
Unknown,2021-03-27,33,2983,15,2496,15,430,3,57,18,606,18,1214,21,1820,Not in California
Unknown,2021-03-28,18,3001,9,2505,9,439,0,57,12,613,5,1219,12,1832,Not in California
Unknown,2021-03-29,40,3041,19,2524,21,460,0,57,24,625,12,1231,24,1856,Not in California
Unknown,2021-03-30,42,3083,27,2551,15,475,0,57,25,635,15,1246,25,1881,Not in California
Unknown,2021-03-31,37,3120,22,2573,14,489,1,58,26,650,12,1258,27,1908,Not in California
Unknown,2021-04-01,26,3146,15,2588,8,497,3,61,17,662,8,1266,20,1928,Not in California
Unknown,2021-04-02,42,3188,20,2608,13,510,9,70,16,661,26,1292,25,1953,Not in California
Unknown,2021-04-03,20,3208,10,2618,10,520,0,70,14,665,10,1302,14,1967,Not in California
Unknown,2021-04-04,15,3223,4,2622,11,531,0,70,9,669,5,1307,9,1976,Not in California
Unknown,2021-04-05,35,3258,21,2643,13,544,1,71,16,669,17,1324,17,1993,Not in California
Unknown,2021-04-06,24,3282,16,2659,7,551,1,72,12,670,12,1336,13,2006,Not in California
Unknown,2021-04-07,38,3320,26,2685,11,562,1,73,26,685,11,1347,26,2032,Not in California
Unknown,2021-04-08,39,3359,26,2711,7,569,6,79,18,688,21,1368,24,2056,Not in California
Unknown,2021-04-09,35,3394,24,2735,11,580,0,79,24,701,11,1379,24,2080,Not in California
Unknown,2021-04-10,11,3405,9,2744,1,581,1,80,5,700,7,1386,6,2086,Not in California
Unknown,2021-04-11,11,3416,7,2751,4,585,0,80,5,700,5,1391,5,2091,Not in California
Unknown,2021-04-12,38,3454,21,2772,16,601,1,81,18,697,22,1413,19,2110,Not in California
Unknown,2021-04-13,48,3502,29,2801,19,620,0,81,18,687,28,1441,18,2128,Not in California
Unknown,2021-04-14,30,3532,9,2810,21,641,0,81,6,669,24,1465,6,2134,Not in California
Unknown,2021-04-15,32,3564,17,2827,14,655,1,82,12,660,21,1486,12,2146,Not in California
Unknown,2021-04-16,27,3591,17,2844,10,665,0,82,10,654,16,1502,10,2156,Not in California
Unknown,2021-04-17,26,3617,17,2861,9,674,0,82,10,650,15,1517,11,2167,Not in California
Unknown,2021-04-18,25,3642,13,2874,12,686,0,82,9,642,17,1534,9,2176,Not in California
Unknown,2021-04-19,35,3677,22,2896,13,699,0,82,14,636,20,1554,14,2190,Not in California
Unknown,2021-04-20,27,3704,17,2913,10,709,0,82,6,621,21,1575,6,2196,Not in California
Unknown,2021-04-21,46,3750,26,2939,20,729,0,82,18,610,29,1604,18,2214,Not in California
Unknown,2021-04-22,27,3777,19,2958,8,737,0,82,7,598,19,1623,7,2221,Not in California
Unknown,2021-04-23,32,3809,17,2975,15,752,0,82,16,600,14,1637,16,2237,Not in California
Unknown,2021-04-24,33,3842,23,2998,10,762,0,82,18,604,14,1651,18,2255,Not in California
Unknown,2021-04-25,21,3863,9,3007,12,774,0,82,9,601,12,1663,9,2264,Not in California
Unknown,2021-04-26,31,3894,19,3026,12,786,0,82,13,597,17,1680,13,2277,Not in California
Unknown,2021-04-27,32,3926,19,3045,12,798,1,83,10,588,20,1700,11,2288,Not in California
Unknown,2021-04-28,28,3954,19,3064,7,805,2,85,8,578,20,1720,10,2298,Not in California
Unknown,2021-04-29,36,3990,23,3087,13,818,0,85,16,572,22,1742,16,2314,Not in California
Unknown,2021-04-30,32,4022,17,3104,10,828,5,90,17,578,16,1758,22,2336,Not in California
Unknown,2021-05-01,30,4052,22,3126,8,836,0,90,18,585,11,1769,18,2354,Not in California
Unknown,2021-05-02,14,4066,6,3132,7,843,1,91,5,583,8,1777,6,2360,Not in California
Unknown,2021-05-03,26,4092,18,3150,5,848,3,94,7,573,19,1796,9,2369,Not in California
Unknown,2021-05-04,20,4112,11,3161,5,853,4,98,6,568,15,1811,10,2379,Not in California
Unknown,2021-05-05,27,4139,12,3173,14,867,1,99,13,567,15,1826,14,2393,Not in California
Unknown,2021-05-06,36,4175,21,3194,8,875,7,106,12,562,24,1850,19,2412,Not in California
Unknown,2021-05-07,29,4204,14,3208,11,886,4,110,10,556,20,1870,14,2426,Not in California
Unknown,2021-05-08,17,4221,12,3220,3,889,2,112,6,554,10,1880,8,2434,Not in California
Unknown,2021-05-09,18,4239,5,3225,9,898,4,116,9,558,9,1889,13,2447,Not in California
Unknown,2021-05-10,21,4260,11,3236,7,905,3,119,3,548,16,1905,6,2453,Not in California
Unknown,2021-05-11,18,4278,10,3246,4,909,4,123,10,554,8,1913,14,2467,Not in California
Unknown,2021-05-12,16,4294,11,3257,4,913,1,124,4,548,11,1924,5,2472,Not in California
Unknown,2021-05-13,20,4314,13,3270,2,915,5,129,11,555,10,1934,17,2489,Not in California
Unknown,2021-05-14,26,4340,21,3291,4,919,1,130,14,558,11,1945,14,2503,Not in California
Unknown,2021-05-15,23,4363,20,3311,3,922,0,130,15,564,9,1954,15,2518,Not in California
Unknown,2021-05-16,30,4393,22,3333,7,929,1,131,18,571,12,1966,19,2537,Not in California
Unknown,2021-05-17,27,4420,21,3354,4,933,2,133,13,573,13,1979,15,2552,Not in California
Unknown,2021-05-18,35,4455,24,3378,9,942,2,135,23,586,12,1991,25,2577,Not in California
Unknown,2021-05-19,32,4487,23,3401,8,950,1,136,11,579,19,2010,12,2589,Not in California
Unknown,2021-05-20,21,4508,16,3417,4,954,1,137,12,584,8,2018,13,2602,Not in California
Unknown,2021-05-21,25,4533,14,3431,7,961,4,141,11,584,15,2033,15,2617,Not in California
Unknown,2021-05-22,32,4565,26,3457,5,966,1,142,14,583,16,2049,15,2632,Not in California
Unknown,2021-05-23,12,4577,8,3465,4,970,0,142,6,583,6,2055,6,2638,Not in California
Unknown,2021-05-24,13,4590,9,3474,3,973,1,143,8,587,5,2060,9,2647,Not in California
Unknown,2021-05-25,22,4612,11,3485,5,978,6,149,8,588,13,2073,14,2661,Not in California
Unknown,2021-05-26,12,4624,9,3494,2,980,1,150,3,583,9,2082,4,2665,Not in California
Unknown,2021-05-27,23,4647,16,3510,5,985,2,152,6,576,15,2097,8,2673,Not in California
Unknown,2021-05-28,23,4670,13,3523,5,990,5,157,13,584,10,2107,18,2691,Not in California
Unknown,2021-05-29,31,4701,25,3548,6,996,0,157,25,603,6,2113,25,2716,Not in California
Unknown,2021-05-30,9,4710,6,3554,2,998,1,158,4,603,5,2118,5,2721,Not in California
Unknown,2021-05-31,2,4712,1,3555,1,999,0,158,0,601,2,2120,0,2721,Not in California
Unknown,2021-06-01,30,4742,18,3573,6,1005,6,164,13,604,16,2136,19,2740,Not in California
Unknown,2021-06-02,9,4751,5,3578,4,1009,0,164,3,601,6,2142,3,2743,Not in California
Unknown,2021-06-03,19,4770,17,3595,2,1011,0,164,8,598,11,2153,8,2751,Not in California
Unknown,2021-06-04,30,4800,20,3615,10,1021,0,164,17,602,13,2166,17,2768,Not in California
Unknown,2021-06-05,33,4833,23,3638,9,1030,1,165,18,606,15,2181,19,2787,Not in California
Unknown,2021-06-06,29,4862,21,3659,5,1035,3,168,9,598,20,2201,12,2799,Not in California
Unknown,2021-06-07,21,4883,10,3669,8,1043,3,171,8,596,13,2214,11,2810,Not in California
Unknown,2021-06-08,23,4906,15,3684,5,1048,3,174,6,588,17,2231,9,2819,Not in California
Unknown,2021-06-09,30,4936,19,3703,10,1058,1,175,17,594,12,2243,18,2837,Not in California
Unknown,2021-06-10,16,4952,13,3716,3,1061,0,175,6,590,10,2253,6,2843,Not in California
Unknown,2021-06-11,10,4962,8,3724,1,1062,1,176,5,591,5,2258,6,2849,Not in California
Unknown,2021-06-12,18,4980,13,3737,5,1067,0,176,11,595,7,2265,11,2860,Not in California
Unknown,2021-06-13,11,4991,7,3744,4,1071,0,176,3,590,8,2273,3,2863,Not in California
Unknown,2021-06-14,12,5003,11,3755,1,1072,0,176,4,586,8,2281,4,2867,Not in California
Unknown,2021-06-15,27,5030,18,3773,9,1081,0,176,11,581,16,2297,11,2878,Not in California
Unknown,2021-06-16,7,5037,4,3777,3,1084,0,176,5,585,1,2298,5,2883,Not in California
Unknown,2021-06-17,18,5055,11,3788,5,1089,2,178,12,594,5,2303,14,2897,Not in California
Unknown,2021-06-18,20,5075,16,3804,4,1093,0,178,12,598,8,2311,12,2909,Not in California
Unknown,2021-06-19,16,5091,13,3817,2,1095,1,179,2,587,14,2325,3,2912,Not in California
Unknown,2021-06-20,13,5104,10,3827,1,1096,2,181,6,588,7,2332,8,2920,Not in California
Unknown,2021-06-21,14,5118,10,3837,4,1100,0,181,9,592,5,2337,9,2929,Not in California
Unknown,2021-06-22,21,5139,15,3852,6,1106,0,181,15,601,6,2343,15,2944,Not in California
Unknown,2021-06-23,11,5150,6,3858,4,1110,1,182,8,607,3,2346,9,2953,Not in California
Unknown,2021-06-24,13,5163,6,3864,6,1116,1,183,8,611,5,2351,9,2962,Not in California
Unknown,2021-06-25,13,5176,12,3876,1,1117,0,183,8,615,4,2355,8,2970,Not in California
Unknown,2021-06-26,13,5189,13,3889,0,1117,0,183,10,622,3,2358,10,2980,Not in California
Unknown,2021-06-27,23,5212,18,3907,3,1120,2,185,12,625,11,2369,14,2994,Not in California
Unknown,2021-06-28,17,5229,13,3920,4,1124,0,185,12,632,5,2374,12,3006,Not in California
Unknown,2021-06-29,8,5237,6,3926,2,1126,0,185,6,636,2,2376,6,3012,Not in California
Alameda,2020-12-15,37,37,37,37,0,0,0,0,37,37,0,0,37,37,California
Alameda,2020-12-16,210,247,210,247,0,0,0,0,210,247,0,0,210,247,California
Alameda,2020-12-17,513,760,513,760,0,0,0,0,513,760,0,0,513,760,California
Alameda,2020-12-18,1927,2687,1926,2686,1,1,0,0,1927,2687,0,0,1927,2687,California
Alameda,2020-12-19,1436,4123,1436,4122,0,1,0,0,1436,4123,0,0,1436,4123,California
Alameda,2020-12-20,1187,5310,1186,5308,1,2,0,0,1186,5308,1,1,1186,5309,California
Alameda,2020-12-21,1855,7165,1853,7161,2,4,0,0,1854,7162,0,1,1854,7163,California
Alameda,2020-12-22,2108,9273,2054,9215,54,58,0,0,2107,9268,1,2,2107,9270,California
Alameda,2020-12-23,1950,11223,1694,10909,256,314,0,0,1950,11218,0,2,1950,11220,California
Alameda,2020-12-24,1224,12447,759,11668,465,779,0,0,1224,12442,0,2,1224,12444,California
Alameda,2020-12-25,164,12611,127,11795,37,816,0,0,164,12606,0,2,164,12608,California
Alameda,2020-12-26,866,13477,325,12120,541,1357,0,0,866,13472,0,2,866,13474,California
Alameda,2020-12-27,499,13976,257,12377,242,1599,0,0,499,13971,0,2,499,13973,California
Alameda,2020-12-28,1898,15874,969,13346,929,2528,0,0,1898,15869,0,2,1898,15871,California
Alameda,2020-12-29,2493,18367,1080,14426,1413,3941,0,0,2492,18361,0,2,2492,18363,California
Alameda,2020-12-30,3106,21473,1330,15756,1776,5717,0,0,3106,21467,0,2,3106,21469,California
Alameda,2020-12-31,1808,23281,448,16204,1360,7077,0,0,1805,23270,2,4,1805,23274,California
Alameda,2021-01-01,179,23460,75,16279,104,7181,0,0,177,23445,2,6,177,23451,California
Alameda,2021-01-02,728,24188,527,16806,201,7382,0,0,727,24172,0,6,727,24178,California
Alameda,2021-01-03,337,24525,218,17024,119,7501,0,0,334,24503,3,9,334,24512,California
Alameda,2021-01-04,1623,26148,913,17937,710,8211,0,0,1611,26103,11,20,1611,26123,California
Alameda,2021-01-05,2229,28377,1285,19222,944,9155,0,0,1975,27827,251,271,1975,28098,California
Alameda,2021-01-06,3288,31665,1815,21037,1473,10628,0,0,2408,29360,877,1148,2410,30508,California
Alameda,2021-01-07,3849,35514,2166,23203,1683,12311,0,0,2646,30817,1194,2342,2651,33159,California
Alameda,2021-01-08,4786,40300,2740,25943,2046,14357,0,0,3036,32113,1745,4087,3041,36200,California
Alameda,2021-01-09,2040,42340,1388,27331,652,15009,0,0,1171,32415,869,4956,1171,37371,California
Alameda,2021-01-10,1070,43410,845,28176,225,15234,0,0,431,32206,640,5596,431,37802,California
Alameda,2021-01-11,4690,48100,3548,31724,1142,16376,0,0,2868,33263,1818,7414,2875,40677,California
Alameda,2021-01-12,4875,52975,3290,35014,1585,17961,0,0,3463,35319,1410,8824,3466,44143,California
Alameda,2021-01-13,5092,58067,2711,37725,2381,20342,0,0,3880,37993,1208,10032,3882,48025,California
Alameda,2021-01-14,5695,63762,2821,40546,2874,23216,0,0,4788,41886,898,10930,4791,52816,California
Alameda,2021-01-15,5888,69650,2337,42883,3551,26767,0,0,5102,46213,779,11709,5106,57922,California
Alameda,2021-01-16,3021,72671,1402,44285,1619,28386,0,0,2749,48690,273,11982,2750,60672,California
Alameda,2021-01-17,1890,74561,1093,45378,797,29183,0,0,1682,50165,208,12190,1683,62355,California
Alameda,2021-01-18,3211,77772,2059,47437,1152,30335,0,0,2613,52187,593,12783,2615,64970,California
Alameda,2021-01-19,5565,83337,3342,50779,2223,32558,0,0,4364,55354,1199,13982,4366,69336,California
Alameda,2021-01-20,6946,90283,4253,55032,2693,35251,0,0,5640,59706,1292,15274,5644,74980,California
Alameda,2021-01-21,8199,98482,3780,58812,4419,39670,0,0,7340,66200,851,16125,7345,82325,California
Alameda,2021-01-22,6934,105416,2074,60886,4860,44530,0,0,5774,70824,1151,17276,5775,88100,California
Alameda,2021-01-23,3309,108725,955,61841,2354,46884,0,0,2749,73015,558,17834,2749,90849,California
Alameda,2021-01-24,2052,110777,656,62497,1396,48280,0,0,1776,74519,272,18106,1776,92625,California
Alameda,2021-01-25,5230,116007,1981,64478,3249,51529,0,0,3640,76578,1582,19688,3641,96266,California
Alameda,2021-01-26,7384,123391,2330,66808,5054,56583,0,0,5477,80157,1899,21587,5478,101744,California
Alameda,2021-01-27,6770,130161,2084,68892,4686,61269,0,0,4890,83179,1868,23455,4890,106634,California
Alameda,2021-01-28,7954,138115,2572,71464,5382,66651,0,0,5687,86617,2251,25706,5689,112323,California
Alameda,2021-01-29,8043,146158,3201,74665,4842,71493,0,0,6185,90957,1847,27553,6187,118510,California
Alameda,2021-01-30,3465,149623,1700,76365,1765,73258,0,0,2748,92995,710,28263,2748,121258,California
Alameda,2021-01-31,1933,151556,958,77323,975,74233,0,0,1691,94448,238,28501,1691,122949,California
Alameda,2021-02-01,6527,158083,3892,81215,2635,76868,0,0,4366,96666,2149,30650,4367,127316,California
Alameda,2021-02-02,7105,165188,3821,85036,3284,80152,0,0,4755,99082,2339,32989,4755,132071,California
Alameda,2021-02-03,7183,172371,3796,88832,3387,83539,0,0,4434,100781,2741,35730,4440,136511,California
Alameda,2021-02-04,9620,181991,4179,93011,5441,88980,0,0,6469,104117,3138,38868,6474,142985,California
Alameda,2021-02-05,10405,192396,5421,98432,4984,93964,0,0,6495,106716,3903,42771,6502,149487,California
Alameda,2021-02-06,7043,199439,4467,102899,2576,96540,0,0,5892,111463,1147,43918,5894,155381,California
Alameda,2021-02-07,3591,203030,2898,105797,693,97233,0,0,2642,113160,946,44864,2643,158024,California
Alameda,2021-02-08,8175,211205,5844,111641,2331,99564,0,0,5573,116143,2592,47456,5575,163599,California
Alameda,2021-02-09,9778,220983,5895,117536,3883,103447,0,0,6094,118576,3663,51119,6096,169695,California
Alameda,2021-02-10,11594,232577,6851,124387,4743,108190,0,0,6503,120013,5074,56193,6511,176206,California
Alameda,2021-02-11,14087,246664,8081,132468,6006,114196,0,0,8153,122253,5916,62109,8156,184362,California
Alameda,2021-02-12,12698,259362,5775,138243,6923,121119,0,0,7839,125260,4835,66944,7842,192204,California
Alameda,2021-02-13,7893,267255,4094,142337,3799,124918,0,0,5887,129152,1997,68941,5889,198093,California
Alameda,2021-02-14,4072,271327,2564,144901,1508,126426,0,0,2880,130851,1184,70125,2883,200976,California
Alameda,2021-02-15,5718,277045,3211,148112,2507,128933,0,0,3707,132554,2007,72132,3710,204686,California
Alameda,2021-02-16,12648,289693,7021,155133,5627,134560,0,0,9355,138638,3280,75412,9364,214050,California
Alameda,2021-02-17,14296,303989,8491,163624,5805,140365,0,0,10594,145553,3683,79095,10598,224648,California
Alameda,2021-02-18,16079,320068,10203,173827,5876,146241,0,0,11651,152794,4416,83511,11657,236305,California
Alameda,2021-02-19,18066,338134,11706,185533,6360,152601,0,0,11885,158557,6127,89638,11890,248195,California
Alameda,2021-02-20,12200,350334,9854,195387,2346,154947,0,0,9339,165049,2853,92491,9345,257540,California
Alameda,2021-02-21,7979,358313,6996,202383,983,155930,0,0,5364,167811,2603,95094,5365,262905,California
Alameda,2021-02-22,11238,369551,8299,210682,2939,158869,0,0,7068,170737,4154,99248,7080,269985,California
Alameda,2021-02-23,13220,382771,8040,218722,5180,164049,0,0,8207,173948,5003,104251,8214,278199,California
Alameda,2021-02-24,15011,397782,8473,227195,6538,170587,0,0,9660,178328,5286,109537,9666,287865,California
Alameda,2021-02-25,16146,413928,9350,236545,6796,177383,0,0,10158,182541,5955,115492,10168,298033,California
Alameda,2021-02-26,18795,432723,10970,247515,7825,185208,0,0,11916,187630,6833,122325,11922,309955,California
Alameda,2021-02-27,15277,448000,11267,258782,4008,189216,2,2,9433,191249,5819,128144,9438,319393,California
Alameda,2021-02-28,10180,458180,8489,267271,1690,190906,1,3,6595,194290,3557,131701,6598,325991,California
Alameda,2021-03-01,14198,472378,9813,277084,4374,195280,11,14,8677,197516,5469,137170,8695,334686,California
Alameda,2021-03-02,15159,487537,10898,287982,4259,199539,2,16,9909,202210,5225,142395,9919,344605,California
Alameda,2021-03-03,15938,503475,10446,298428,5489,205028,3,19,10893,208097,5014,147409,10901,355506,California
Alameda,2021-03-04,17592,521067,11286,309714,6304,211332,2,21,11070,212689,6480,153889,11072,366578,California
Alameda,2021-03-05,16422,537489,10744,320458,5668,217000,10,31,11062,218455,5313,159202,11079,377657,California
Alameda,2021-03-06,14653,552142,10323,330781,4064,221064,266,297,9695,223507,4910,164112,9962,387619,California
Alameda,2021-03-07,9832,561974,8533,339314,1213,222277,86,383,7022,227839,2778,166890,7110,394729,California
Alameda,2021-03-08,12067,574041,7512,346826,4173,226450,382,765,9017,234237,2999,169889,9397,404126,California
Alameda,2021-03-09,14819,588860,10381,357207,4006,230456,432,1197,8068,236023,6715,176604,8501,412627,California
Alameda,2021-03-10,17682,606542,12238,369445,4877,235333,567,1764,7947,234828,9704,186308,8509,421136,California
Alameda,2021-03-11,19964,626506,11693,381138,6555,241888,1716,3480,6789,230173,13142,199450,8487,429623,California
Alameda,2021-03-12,21565,648071,12594,393732,7259,249147,1712,5192,7440,225220,14091,213541,9138,438761,California
Alameda,2021-03-13,16259,664330,10412,404144,4837,253984,1010,6202,5157,220312,11064,224605,6156,444917,California
Alameda,2021-03-14,10963,675293,8062,412206,2105,256089,796,6998,3315,216788,7625,232230,4101,449018,California
Alameda,2021-03-15,14609,689902,9548,421754,4524,260613,537,7535,6243,215234,8331,240561,6777,455795,California
Alameda,2021-03-16,17418,707320,11283,433037,5585,266198,550,8085,7411,213245,9952,250513,7963,463758,California
Alameda,2021-03-17,17820,725140,10119,443156,6965,273163,736,8821,8288,212785,9481,259994,9021,472779,California
Alameda,2021-03-18,19515,744655,10680,453836,7934,281097,901,9722,8878,211963,10605,270599,9783,482562,California
Alameda,2021-03-19,19794,764449,10889,464725,7091,288188,1814,11536,7828,209688,11906,282505,9631,492193,California
Alameda,2021-03-20,15946,780395,10449,475174,4635,292823,862,12398,6396,207426,9512,292017,7250,499443,California
Alameda,2021-03-21,9324,789719,7328,482502,1439,294262,557,12955,3441,205552,5872,297889,3998,503441,California
Alameda,2021-03-22,15351,805070,10340,492842,3993,298255,1018,13973,6989,205224,8327,306216,7999,511440,California
Alameda,2021-03-23,19648,824718,11924,504766,6905,305160,819,14792,10021,206492,9576,315792,10844,522284,California
Alameda,2021-03-24,19546,844264,11826,516592,6693,311853,1027,15819,8582,205191,10900,326692,9599,531883,California
Alameda,2021-03-25,20832,865096,11601,528193,7819,319672,1412,17231,9563,204955,11198,337890,10962,542845,California
Alameda,2021-03-26,21224,886320,12804,540997,6844,326516,1576,18807,8600,202542,12574,350464,10161,553006,California
Alameda,2021-03-27,18512,904832,12621,553618,4933,331449,958,19765,7610,200244,10853,361317,8555,561561,California
Alameda,2021-03-28,10730,915562,8726,562344,1799,333248,205,19970,3492,196731,7218,368535,3705,565266,California
Alameda,2021-03-29,14935,930497,9519,571863,4416,337664,1000,20970,5985,194803,8909,377444,6981,572247,California
Alameda,2021-03-30,18884,949381,9936,581799,7223,344887,1725,22695,9490,196647,9359,386803,11203,583450,California
Alameda,2021-03-31,19692,969073,10394,592193,7179,352066,2119,24814,9226,197543,10434,397237,11330,594780,California
Alameda,2021-04-01,23628,992701,10170,602363,7759,359825,5699,30513,11240,202109,12330,409567,16896,611676,California
Alameda,2021-04-02,24408,1017109,10036,612399,8483,368308,5889,36402,11856,207298,12510,422077,17699,629375,California
Alameda,2021-04-03,20536,1037645,9936,622335,5725,374033,4875,41277,10366,212381,10145,432222,15228,644603,California
Alameda,2021-04-04,10021,1047666,4006,626341,2304,376337,3711,44988,3465,213011,6535,438757,7165,651768,California
Alameda,2021-04-05,18003,1065669,7598,633939,5591,381928,4814,49802,7350,214541,10626,449383,12156,663924,California
Alameda,2021-04-06,22462,1088131,10826,644765,5759,387687,5877,55679,10223,218409,12200,461583,16068,679992,California
Alameda,2021-04-07,22817,1110948,11731,656496,5588,393275,5498,61177,11536,224191,11232,472815,17014,697006,California
Alameda,2021-04-08,25817,1136765,11672,668168,6104,399379,8041,69218,11055,228578,14680,487495,19067,716073,California
Alameda,2021-04-09,23704,1160469,10834,679002,7596,406975,5274,74492,12194,234567,11473,498968,17462,733535,California
Alameda,2021-04-10,19486,1179955,7523,686525,5723,412698,6240,80732,8276,237880,11180,510148,14493,748028,California
Alameda,2021-04-11,11110,1191065,4871,691396,2276,414974,3963,84695,4540,239813,6551,516699,8484,756512,California
Alameda,2021-04-12,18323,1209388,11886,703282,4438,419412,1999,86694,10311,244145,7971,524670,12303,768815,California
Alameda,2021-04-13,23281,1232669,14755,718037,8465,427877,61,86755,17091,255170,6134,530804,17159,785974,California
Alameda,2021-04-14,23410,1256079,15354,733391,8054,435931,2,86757,15672,263154,7695,538499,15679,801653,California
Alameda,2021-04-15,24487,1280566,15616,749007,8866,444797,5,86762,16131,271010,8290,546789,16146,817799,California
Alameda,2021-04-16,24891,1305457,14651,763658,10233,455030,7,86769,15883,277972,8943,555732,15905,833704,California
Alameda,2021-04-17,21207,1326664,14654,778312,6551,461581,2,86771,14650,286124,6514,562246,14666,848370,California
Alameda,2021-04-18,10434,1337098,8054,786366,2380,463961,0,86771,7210,290152,3191,565437,7219,855589,California
Alameda,2021-04-19,15977,1353075,9931,796297,6045,470006,1,86772,9233,292694,6702,572139,9244,864833,California
Alameda,2021-04-20,19012,1372087,11770,808067,7240,477246,2,86774,10331,294424,8626,580765,10356,875189,California
Alameda,2021-04-21,20458,1392545,12298,820365,8148,485394,12,86786,11806,297677,8587,589352,11840,887029,California
Alameda,2021-04-22,22152,1414697,14400,834765,7747,493141,5,86791,11740,299096,10351,599703,11770,898799,California
Alameda,2021-04-23,22514,1437211,14702,849467,7808,500949,4,86795,12507,301700,9936,609639,12540,911339,California
Alameda,2021-04-24,19088,1456299,14479,863946,4601,505550,8,86803,10076,302833,8965,618604,10098,921437,California
Alameda,2021-04-25,9034,1465333,7025,870971,2008,507558,1,86804,5909,305657,3096,621700,5920,927357,California
Alameda,2021-04-26,14851,1480184,10308,881279,4517,512075,26,86830,9100,309082,5712,627412,9137,936494,California
Alameda,2021-04-27,16724,1496908,9960,891239,6396,518471,368,87198,7841,308487,8828,636240,8233,944727,California
Alameda,2021-04-28,17079,1513987,10887,902126,5723,524194,469,87667,6904,305738,10138,646378,7389,952116,California
Alameda,2021-04-29,17733,1531720,10746,912872,6655,530849,332,87999,6611,301645,11060,657438,6967,959083,California
Alameda,2021-04-30,20575,1552295,12946,925818,7285,538134,344,88343,8474,298498,12011,669449,8864,967947,California
Alameda,2021-05-01,14093,1566388,9429,935247,4453,542587,211,88554,5263,295214,8787,678236,5503,973450,California
Alameda,2021-05-02,7108,1573496,4962,940209,1975,544562,171,88725,2896,294093,4191,682427,3070,976520,California
Alameda,2021-05-03,14622,1588118,10992,951201,3309,547871,321,89046,2862,285605,11703,694130,3215,979735,California
Alameda,2021-05-04,18880,1606998,13649,964850,4870,552741,361,89407,3805,274805,15001,709131,4201,983936,California
Alameda,2021-05-05,18783,1625781,13729,978579,4545,557286,509,89916,3836,264284,14882,724013,4361,988297,California
Alameda,2021-05-06,19277,1645058,14668,993247,3913,561199,696,90612,3785,253371,15408,739421,4495,992792,California
Alameda,2021-05-07,19498,1664556,13168,1006415,5912,567111,418,91030,4473,243328,14951,754372,4908,997700,California
Alameda,2021-05-08,17087,1681643,11855,1018270,5019,572130,213,91243,3270,233051,13776,768148,3499,1001199,California
Alameda,2021-05-09,8578,1690221,7022,1025292,1413,573543,143,91386,1328,227301,7226,775374,1476,1002675,California
Alameda,2021-05-10,10431,1700652,7199,1032491,2908,576451,324,91710,2522,222284,7874,783248,2857,1005532,California
Alameda,2021-05-11,15719,1716371,8623,1041114,6781,583232,315,92025,2810,212589,12858,796106,3163,1008695,California
Alameda,2021-05-12,13535,1729906,9038,1050152,4053,587285,444,92469,2718,205018,10768,806874,3197,1011892,California
Alameda,2021-05-13,18097,1748003,13039,1063191,4515,591800,543,93012,5764,199084,12281,819155,6347,1018239,California
Alameda,2021-05-14,20857,1768860,14187,1077378,6204,598004,466,93478,7087,192962,13688,832843,7566,1025805,California
Alameda,2021-05-15,17355,1786215,12670,1090048,4452,602456,233,93711,5945,187788,11357,844200,6183,1031988,California
Alameda,2021-05-16,8900,1795115,7651,1097699,1143,603599,106,93817,3141,185313,5727,849927,3252,1035240,California
Alameda,2021-05-17,13566,1808681,10121,1107820,2915,606514,530,94347,4203,180739,9322,859249,4748,1039988,California
Alameda,2021-05-18,14296,1822977,10405,1118225,3466,609980,425,94772,4999,176914,9251,868500,5426,1045414,California
Alameda,2021-05-19,14539,1837516,9978,1128203,4223,614203,338,95110,5890,174547,8597,877097,6230,1051644,California
Alameda,2021-05-20,13443,1850959,8887,1137090,4020,618223,536,95646,5752,173198,7637,884734,6288,1057932,California
Alameda,2021-05-21,15311,1866270,10069,1147159,4971,623194,271,95917,5087,168408,10153,894887,5363,1063295,California
Alameda,2021-05-22,10334,1876604,7467,1154626,2699,625893,168,96085,4159,166595,6143,901030,4330,1067625,California
Alameda,2021-05-23,5127,1881731,3946,1158572,1092,626985,89,96174,1672,164922,3435,904465,1762,1069387,California
Alameda,2021-05-24,7282,1889013,4244,1162816,2778,629763,260,96434,2823,163593,4417,908882,3088,1072475,California
Alameda,2021-05-25,8042,1897055,5202,1168018,2579,632342,261,96695,3531,162905,4475,913357,3787,1076262,California
Alameda,2021-05-26,8309,1905364,5193,1173211,2812,635154,304,96999,3588,162096,4695,918052,3886,1080148,California
Alameda,2021-05-27,8164,1913528,4881,1178092,2883,638037,400,97399,3341,161052,4780,922832,3736,1083884,California
Alameda,2021-05-28,8633,1922161,5051,1183143,3357,641394,225,97624,3597,159869,5007,927839,3824,1087708,California
Alameda,2021-05-29,4966,1927127,3013,1186156,1766,643160,187,97811,2459,160031,2486,930325,2648,1090356,California
Alameda,2021-05-30,2458,1929585,1610,1187766,759,643919,89,97900,965,159602,1483,931808,1054,1091410,California
Alameda,2021-05-31,1158,1930743,856,1188622,247,644166,55,97955,346,159207,796,932604,401,1091811,California
Alameda,2021-06-01,7125,1937868,4991,1193613,1888,646054,246,98201,2957,158266,4142,936746,3201,1095012,California
Alameda,2021-06-02,5825,1943693,3627,1197240,1974,648028,224,98425,2183,157055,3610,940356,2399,1097411,California
Alameda,2021-06-03,8516,1952209,6440,1203680,1795,649823,281,98706,2768,154390,5709,946065,3044,1100455,California
Alameda,2021-06-04,10505,1962714,7753,1211433,2511,652334,241,98947,2832,149831,7633,953698,3074,1103529,California
Alameda,2021-06-05,8109,1970823,5896,1217329,2052,654386,161,99108,1786,145486,6289,959987,1944,1105473,California
Alameda,2021-06-06,3678,1974501,3321,1220650,276,654662,81,99189,858,143613,2812,962799,939,1106412,California
Alameda,2021-06-07,5880,1980381,4289,1224939,1414,656076,177,99366,1716,141366,4140,966939,1893,1108305,California
Alameda,2021-06-08,7285,1987666,5819,1230758,1223,657299,243,99609,2095,138539,5163,972102,2336,1110641,California
Alameda,2021-06-09,7310,1994976,5980,1236738,1136,658435,194,99803,1684,134812,5601,977703,1874,1112515,California
Alameda,2021-06-10,8022,2002998,6713,1243451,1001,659436,308,100111,2138,131397,5859,983562,2444,1114959,California
Alameda,2021-06-11,8062,2011060,6193,1249644,1646,661082,223,100334,2456,128503,5578,989140,2684,1117643,California
Alameda,2021-06-12,5515,2016575,4230,1253874,1097,662179,188,100522,1368,125940,4123,993263,1560,1119203,California
Alameda,2021-06-13,2320,2018895,1767,1255641,431,662610,122,100644,668,125088,1640,994903,788,1119991,California
Alameda,2021-06-14,4574,2023469,3442,1259083,922,663532,210,100854,1536,123818,3016,997919,1746,1121737,California
Alameda,2021-06-15,6023,2029492,4379,1263462,1363,664895,281,101135,1786,121685,4199,1002118,2066,1123803,California
Alameda,2021-06-16,5163,2034655,4124,1267586,833,665728,206,101341,1523,119788,3623,1005741,1726,1125529,California
Alameda,2021-06-17,5597,2040252,4528,1272114,837,666565,232,101573,1840,118138,3724,1009465,2074,1127603,California
Alameda,2021-06-18,5944,2046196,4480,1276594,1208,667773,256,101829,1981,116434,3938,1013403,2234,1129837,California
Alameda,2021-06-19,3466,2049662,2626,1279220,681,668454,159,101988,1059,115257,2394,1015797,1217,1131054,California
Alameda,2021-06-20,1396,2051058,1165,1280385,186,668640,45,102033,518,114946,873,1016670,562,1131616,California
Alameda,2021-06-21,2724,2053782,1854,1282239,710,669350,160,102193,1394,115186,1314,1017984,1554,1133170,California
Alameda,2021-06-22,4570,2058352,3536,1285775,841,670191,193,102386,1404,113631,3150,1021134,1595,1134765,California
Alameda,2021-06-23,3503,2061855,2694,1288469,622,670813,187,102573,1175,112675,2314,1023448,1358,1136123,California
Alameda,2021-06-24,4394,2066249,3509,1291978,650,671463,235,102808,1509,111554,2864,1026312,1743,1137866,California
Alameda,2021-06-25,4613,2070862,3466,1295444,945,672408,202,103010,1705,110571,2890,1029202,1907,1139773,California
Alameda,2021-06-26,3074,2073936,2262,1297706,649,673057,163,103173,1069,109817,1985,1031187,1231,1141004,California
Alameda,2021-06-27,1302,2075238,1069,1298775,186,673243,47,103220,513,109594,783,1031970,560,1141564,California
Alameda,2021-06-28,2879,2078117,2351,1301126,336,673579,192,103412,1125,109177,1733,1033703,1316,1142880,California
Alameda,2021-06-29,2922,2081039,2339,1303465,474,674053,109,103521,968,108310,1942,1035645,1075,1143955,California
Alpine,2020-12-18,2,2,2,2,0,0,0,0,2,2,0,0,2,2,California
Alpine,2020-12-19,2,4,2,4,0,0,0,0,2,4,0,0,2,4,California
Alpine,2020-12-21,2,6,2,6,0,0,0,0,2,6,0,0,2,6,California
Alpine,2020-12-30,14,20,0,6,14,14,0,0,14,20,0,0,14,20,California
Alpine,2020-12-31,1,21,0,6,1,15,0,0,1,21,0,0,1,21,California
Alpine,2021-01-01,1,22,0,6,1,16,0,0,1,22,0,0,1,22,California
Alpine,2021-01-02,1,23,1,7,0,16,0,0,1,23,0,0,1,23,California
Alpine,2021-01-04,10,33,0,7,10,26,0,0,10,33,0,0,10,33,California
Alpine,2021-01-05,9,42,1,8,8,34,0,0,9,42,0,0,9,42,California
Alpine,2021-01-06,31,73,0,8,31,65,0,0,31,73,0,0,31,73,California
Alpine,2021-01-07,8,81,0,8,8,73,0,0,8,81,0,0,8,81,California
Alpine,2021-01-08,4,85,2,10,2,75,0,0,2,81,2,2,2,83,California
Alpine,2021-01-09,2,87,2,12,0,75,0,0,0,79,2,4,0,83,California
Alpine,2021-01-11,32,119,1,13,31,106,0,0,31,109,1,5,31,114,California
Alpine,2021-01-13,35,154,0,13,35,141,0,0,35,144,0,5,35,149,California
Alpine,2021-01-14,1,155,0,13,1,142,0,0,1,145,0,5,1,150,California
Alpine,2021-01-15,1,156,0,13,1,143,0,0,1,146,0,5,1,151,California
Alpine,2021-01-20,21,177,0,13,21,164,0,0,21,167,0,5,21,172,California
Alpine,2021-01-21,1,178,0,13,1,165,0,0,1,168,0,5,1,173,California
Alpine,2021-01-22,33,211,0,13,33,198,0,0,33,201,0,5,33,206,California
Alpine,2021-01-23,1,212,1,14,0,198,0,0,0,200,1,6,0,206,California
Alpine,2021-01-25,16,228,0,14,16,214,0,0,16,216,0,6,16,222,California
Alpine,2021-01-27,1,229,1,15,0,214,0,0,0,215,1,7,0,222,California
Alpine,2021-01-28,1,230,0,15,1,215,0,0,0,214,1,8,0,222,California
Alpine,2021-01-29,1,231,0,15,1,216,0,0,1,215,0,8,1,223,California
Alpine,2021-02-01,25,256,0,15,25,241,0,0,7,204,18,26,7,230,California
Alpine,2021-02-03,34,290,0,15,34,275,0,0,10,190,24,50,10,240,California
Alpine,2021-02-04,8,298,0,15,8,283,0,0,3,188,5,55,3,243,California
Alpine,2021-02-05,31,329,0,15,31,314,0,0,12,181,19,74,12,255,California
Alpine,2021-02-07,1,330,1,16,0,314,0,0,1,182,0,74,1,256,California
Alpine,2021-02-08,32,362,0,16,32,346,0,0,4,158,28,102,4,260,California
Alpine,2021-02-10,34,396,0,16,34,380,0,0,0,124,34,136,0,260,California
Alpine,2021-02-11,6,402,0,16,6,386,0,0,3,124,3,139,3,263,California
Alpine,2021-02-12,1,403,0,16,1,387,0,0,0,123,1,140,0,263,California
Alpine,2021-02-17,23,426,0,16,23,410,0,0,3,106,20,160,3,266,California
Alpine,2021-02-18,2,428,0,16,2,412,0,0,1,106,1,161,1,267,California
Alpine,2021-02-19,34,462,1,17,33,445,0,0,2,76,32,193,2,269,California
Alpine,2021-02-22,27,489,0,17,27,472,0,0,8,65,19,212,8,277,California
Alpine,2021-02-24,1,490,1,18,0,472,0,0,1,66,0,212,1,278,California
Alpine,2021-02-25,6,496,1,19,5,477,0,0,6,72,0,212,6,284,California
Alpine,2021-02-26,30,526,1,20,29,506,0,0,29,100,1,213,29,313,California
Alpine,2021-02-27,1,527,0,20,1,507,0,0,1,101,0,213,1,314,California
Alpine,2021-03-01,36,563,0,20,36,543,0,0,26,117,10,223,26,340,California
Alpine,2021-03-03,30,593,1,21,29,572,0,0,18,123,12,235,18,358,California
Alpine,2021-03-04,11,604,1,22,10,582,0,0,11,134,0,235,11,369,California
Alpine,2021-03-05,30,634,0,22,30,612,0,0,22,148,8,243,22,391,California
Alpine,2021-03-08,31,665,0,22,31,643,0,0,29,175,2,245,29,420,California
Alpine,2021-03-10,73,738,0,22,73,716,0,0,73,248,0,245,73,493,California
Alpine,2021-03-11,35,773,0,22,35,751,0,0,31,275,4,249,31,524,California
Alpine,2021-03-12,19,792,0,22,19,770,0,0,17,290,2,251,17,541,California
Alpine,2021-03-15,21,813,1,23,20,790,0,0,20,309,1,252,20,561,California
Alpine,2021-03-17,23,836,0,23,22,812,1,1,19,325,4,256,20,581,California
Alpine,2021-03-18,38,874,3,26,35,847,0,1,35,357,3,259,35,616,California
Alpine,2021-03-19,2,876,1,27,1,848,0,1,1,357,1,260,1,617,California
Alpine,2021-03-22,24,900,0,27,24,872,0,1,15,363,9,269,15,632,California
Alpine,2021-03-24,19,919,0,27,19,891,0,1,8,360,11,280,8,640,California
Alpine,2021-03-25,35,954,1,28,33,924,1,2,27,381,7,287,28,668,California
Alpine,2021-03-27,1,955,0,28,1,925,0,2,0,380,1,288,0,668,California
Alpine,2021-03-28,1,956,1,29,0,925,0,2,1,381,0,288,1,669,California
Alpine,2021-03-29,19,975,0,29,18,943,1,3,2,367,17,305,3,672,California
Alpine,2021-04-01,18,993,0,29,18,961,0,3,8,365,10,315,8,680,California
Alpine,2021-04-02,101,1094,1,30,100,1061,0,3,46,357,54,369,46,726,California
Alpine,2021-04-05,4,1098,1,31,3,1064,0,3,0,353,4,373,0,726,California
Alpine,2021-04-06,3,1101,2,33,1,1065,0,3,2,354,1,374,2,728,California
Alpine,2021-04-07,117,1218,0,33,116,1181,1,4,30,299,86,460,31,759,California
Alpine,2021-04-08,37,1255,0,33,35,1216,2,6,10,284,27,487,12,771,California
Alpine,2021-04-09,2,1257,0,33,2,1218,0,6,2,286,0,487,2,773,California
Alpine,2021-04-14,47,1304,0,33,47,1265,0,6,10,259,37,524,10,783,California
Alpine,2021-04-15,35,1339,0,33,35,1300,0,6,3,230,32,556,3,786,California
Alpine,2021-04-16,1,1340,0,33,1,1301,0,6,1,231,0,556,1,787,California
Alpine,2021-04-19,1,1341,0,33,1,1302,0,6,1,232,0,556,1,788,California
Alpine,2021-04-21,31,1372,0,33,31,1333,0,6,15,231,16,572,15,803,California
Alpine,2021-04-22,24,1396,0,33,24,1357,0,6,1,209,23,595,1,804,California
Alpine,2021-04-24,2,1398,2,35,0,1357,0,6,0,208,2,597,1,805,California
Alpine,2021-04-25,1,1399,1,36,0,1357,0,6,0,207,1,598,0,805,California
Alpine,2021-04-27,2,1401,1,37,1,1358,0,6,1,207,1,599,1,806,California
Alpine,2021-04-28,36,1437,0,37,36,1394,0,6,6,183,30,629,6,812,California
Alpine,2021-04-29,7,1444,1,38,6,1400,0,6,1,178,6,635,1,813,California
Alpine,2021-04-30,2,1446,1,39,0,1400,1,7,1,179,1,636,2,815,California
Alpine,2021-05-02,1,1447,0,39,0,1400,1,8,0,179,1,637,1,816,California
Alpine,2021-05-05,17,1464,0,39,17,1417,0,8,4,170,13,650,4,820,California
Alpine,2021-05-06,8,1472,0,39,8,1425,0,8,0,162,8,658,0,820,California
Alpine,2021-05-07,1,1473,0,39,1,1426,0,8,0,161,1,659,0,820,California
Alpine,2021-05-10,1,1474,0,39,1,1427,0,8,1,162,0,659,1,821,California
Alpine,2021-05-12,1,1475,0,39,0,1427,1,9,0,162,1,660,1,822,California
Alpine,2021-05-13,3,1478,0,39,3,1430,0,9,0,159,3,663,0,822,California
Alpine,2021-05-17,2,1480,0,39,2,1432,0,9,1,159,1,664,1,823,California
Alpine,2021-05-18,1,1481,0,39,1,1433,0,9,1,160,0,664,1,824,California
Alpine,2021-05-19,15,1496,0,39,15,1448,0,9,0,145,15,679,0,824,California
Alpine,2021-05-20,1,1497,1,40,0,1448,0,9,0,144,1,680,0,824,California
Alpine,2021-05-21,1,1498,1,41,0,1448,0,9,0,143,1,681,0,824,California
Alpine,2021-05-25,2,1500,0,41,2,1450,0,9,0,141,2,683,0,824,California
Alpine,2021-05-27,3,1503,2,43,1,1451,0,9,3,144,0,683,3,827,California
Alpine,2021-05-28,2,1505,1,44,1,1452,0,9,2,146,0,683,2,829,California
Alpine,2021-05-29,1,1506,0,44,1,1453,0,9,1,147,0,683,1,830,California
Alpine,2021-06-02,8,1514,0,44,8,1461,0,9,1,141,7,690,1,831,California
Alpine,2021-06-04,1,1515,0,44,1,1462,0,9,1,142,0,690,1,832,California
Alpine,2021-06-07,1,1516,0,44,1,1463,0,9,0,141,1,691,0,832,California
Alpine,2021-06-10,1,1517,1,45,0,1463,0,9,1,142,0,691,1,833,California
Alpine,2021-06-15,2,1519,1,46,1,1464,0,9,0,140,2,693,0,833,California
Alpine,2021-06-18,1,1520,1,47,0,1464,0,9,0,139,1,694,0,833,California
Alpine,2021-06-19,1,1521,1,48,0,1464,0,9,0,138,1,695,0,833,California
Alpine,2021-06-25,1,1522,0,48,1,1465,0,9,0,137,1,696,0,833,California
Alpine,2021-06-29,1,1523,0,48,1,1466,0,9,1,138,0,696,1,834,California
Amador,2020-12-16,2,2,2,2,0,0,0,0,2,2,0,0,2,2,California
Amador,2020-12-17,5,7,5,7,0,0,0,0,5,7,0,0,5,7,California
Amador,2020-12-18,46,53,46,53,0,0,0,0,46,53,0,0,46,53,California
Amador,2020-12-19,16,69,16,69,0,0,0,0,16,69,0,0,16,69,California
Amador,2020-12-20,4,73,4,73,0,0,0,0,4,73,0,0,4,73,California
Amador,2020-12-21,31,104,31,104,0,0,0,0,31,104,0,0,31,104,California
Amador,2020-12-22,35,139,34,138,1,1,0,0,35,139,0,0,35,139,California
Amador,2020-12-23,41,180,39,177,2,3,0,0,41,180,0,0,41,180,California
Amador,2020-12-24,5,185,3,180,2,5,0,0,5,185,0,0,5,185,California
Amador,2020-12-26,6,191,5,185,1,6,0,0,6,191,0,0,6,191,California
Amador,2020-12-27,1,192,0,185,1,7,0,0,1,192,0,0,1,192,California
Amador,2020-12-28,31,223,27,212,4,11,0,0,31,223,0,0,31,223,California
Amador,2020-12-29,25,248,18,230,7,18,0,0,25,248,0,0,25,248,California
Amador,2020-12-30,125,373,79,309,46,64,0,0,125,373,0,0,125,373,California
Amador,2020-12-31,195,568,170,479,25,89,0,0,195,568,0,0,195,568,California
Amador,2021-01-01,2,570,0,479,2,91,0,0,2,570,0,0,2,570,California
Amador,2021-01-02,57,627,57,536,0,91,0,0,57,627,0,0,57,627,California
Amador,2021-01-03,66,693,17,553,49,140,0,0,66,693,0,0,66,693,California
Amador,2021-01-04,125,818,2,555,123,263,0,0,125,818,0,0,125,818,California
Amador,2021-01-05,33,851,3,558,30,293,0,0,32,849,1,1,32,850,California
Amador,2021-01-06,41,892,11,569,30,323,0,0,37,882,4,5,37,887,California
Amador,2021-01-07,234,1126,73,642,161,484,0,0,221,1090,13,18,221,1108,California
Amador,2021-01-08,85,1211,70,712,15,499,0,0,42,1090,43,61,43,1151,California
Amador,2021-01-09,11,1222,11,723,0,499,0,0,2,1083,9,70,2,1153,California
Amador,2021-01-10,6,1228,4,727,2,501,0,0,2,1081,4,74,2,1155,California
Amador,2021-01-11,125,1353,44,771,81,582,0,0,88,1133,37,111,89,1244,California
Amador,2021-01-12,70,1423,54,825,16,598,0,0,42,1147,28,139,42,1286,California
Amador,2021-01-13,41,1464,24,849,17,615,0,0,29,1164,12,151,29,1315,California
Amador,2021-01-14,153,1617,24,873,129,744,0,0,142,1296,11,162,143,1458,California
Amador,2021-01-15,63,1680,26,899,37,781,0,0,54,1341,9,171,54,1512,California
Amador,2021-01-16,20,1700,13,912,7,788,0,0,14,1350,6,177,15,1527,California
Amador,2021-01-17,25,1725,5,917,20,808,0,0,25,1375,0,177,25,1552,California
Amador,2021-01-18,32,1757,28,945,4,812,0,0,10,1363,22,199,10,1562,California
Amador,2021-01-19,127,1884,101,1046,26,838,0,0,82,1400,45,244,82,1644,California
Amador,2021-01-20,185,2069,34,1080,151,989,0,0,169,1554,15,259,169,1813,California
Amador,2021-01-21,261,2330,230,1310,31,1020,0,0,149,1592,112,371,150,1963,California
Amador,2021-01-22,144,2474,76,1386,68,1088,0,0,137,1722,7,378,137,2100,California
Amador,2021-01-23,60,2534,33,1419,27,1115,0,0,57,1776,3,381,57,2157,California
Amador,2021-01-24,29,2563,12,1431,17,1132,0,0,25,1797,4,385,25,2182,California
Amador,2021-01-25,61,2624,29,1460,32,1164,0,0,43,1822,18,403,43,2225,California
Amador,2021-01-26,247,2871,17,1477,230,1394,0,0,237,2049,10,413,237,2462,California
Amador,2021-01-27,307,3178,35,1512,272,1666,0,0,259,2264,45,458,260,2722,California
Amador,2021-01-28,374,3552,99,1611,275,1941,0,0,290,2471,84,542,291,3013,California
Amador,2021-01-29,107,3659,34,1645,73,2014,0,0,92,2548,15,557,92,3105,California
Amador,2021-01-30,198,3857,37,1682,161,2175,0,0,193,2736,5,562,193,3298,California
Amador,2021-01-31,33,3890,28,1710,5,2180,0,0,32,2767,1,563,32,3330,California
Amador,2021-02-01,68,3958,24,1734,44,2224,0,0,40,2779,28,591,40,3370,California
Amador,2021-02-02,216,4174,66,1800,150,2374,0,0,129,2823,85,676,129,3499,California
Amador,2021-02-03,145,4319,40,1840,105,2479,0,0,92,2863,52,728,92,3591,California
Amador,2021-02-04,254,4573,77,1917,177,2656,0,0,166,2944,87,815,168,3759,California
Amador,2021-02-05,338,4911,64,1981,274,2930,0,0,320,3247,17,832,320,4079,California
Amador,2021-02-06,125,5036,81,2062,44,2974,0,0,120,3362,5,837,120,4199,California
Amador,2021-02-07,39,5075,35,2097,4,2978,0,0,35,3394,4,841,36,4235,California
Amador,2021-02-08,94,5169,65,2162,29,3007,0,0,75,3450,19,860,75,4310,California
Amador,2021-02-09,178,5347,82,2244,96,3103,0,0,111,3494,67,927,111,4421,California
Amador,2021-02-10,983,6330,80,2324,903,4006,0,0,948,4407,35,962,948,5369,California
Amador,2021-02-11,312,6642,120,2444,192,4198,0,0,200,4497,110,1072,200,5569,California
Amador,2021-02-12,341,6983,125,2569,216,4414,0,0,263,4682,78,1150,263,5832,California
Amador,2021-02-13,183,7166,84,2653,99,4513,0,0,156,4811,27,1177,156,5988,California
Amador,2021-02-14,122,7288,54,2707,68,4581,0,0,105,4899,17,1194,105,6093,California
Amador,2021-02-15,193,7481,64,2771,129,4710,0,0,176,5059,16,1210,176,6269,California
Amador,2021-02-16,467,7948,52,2823,415,5125,0,0,426,5445,41,1251,427,6696,California
Amador,2021-02-17,264,8212,84,2907,180,5305,0,0,166,5513,98,1349,166,6862,California
Amador,2021-02-18,401,8613,101,3008,300,5605,0,0,335,5782,66,1415,335,7197,California
Amador,2021-02-19,205,8818,79,3087,126,5731,0,0,116,5809,89,1504,116,7313,California
Amador,2021-02-20,104,8922,34,3121,70,5801,0,0,68,5841,36,1540,68,7381,California
Amador,2021-02-21,53,8975,36,3157,17,5818,0,0,17,5824,34,1574,17,7398,California
Amador,2021-02-22,66,9041,26,3183,40,5858,0,0,32,5823,33,1607,32,7430,California
Amador,2021-02-23,324,9365,57,3240,267,6125,0,0,141,5781,183,1790,141,7571,California
Amador,2021-02-24,401,9766,61,3301,340,6465,0,0,265,5914,132,1922,265,7836,California
Amador,2021-02-25,531,10297,122,3423,409,6874,0,0,280,5945,249,2171,280,8116,California
Amador,2021-02-26,644,10941,81,3504,563,7437,0,0,517,6336,126,2297,517,8633,California
Amador,2021-02-27,300,11241,94,3598,206,7643,0,0,99,6237,200,2497,101,8734,California
Amador,2021-02-28,127,11368,58,3656,69,7712,0,0,63,6238,64,2561,65,8799,California
Amador,2021-03-01,199,11567,70,3726,129,7841,0,0,126,6292,73,2634,127,8926,California
Amador,2021-03-02,385,11952,63,3789,322,8163,0,0,336,6580,49,2683,337,9263,California
Amador,2021-03-03,244,12196,79,3868,165,8328,0,0,168,6674,75,2758,169,9432,California
Amador,2021-03-04,501,12697,117,3985,384,8712,0,0,396,6966,104,2862,396,9828,California
Amador,2021-03-05,520,13217,76,4061,444,9156,0,0,296,7042,222,3084,298,10126,California
Amador,2021-03-06,105,13322,50,4111,54,9210,1,1,59,7056,46,3130,60,10186,California
Amador,2021-03-07,90,13412,44,4155,46,9256,0,1,22,7010,68,3198,22,10208,California
Amador,2021-03-08,154,13566,72,4227,81,9337,1,2,92,7041,62,3260,93,10301,California
Amador,2021-03-09,377,13943,52,4279,325,9662,0,2,293,7254,80,3340,293,10594,California
Amador,2021-03-10,521,14464,77,4356,442,10104,2,4,112,6961,409,3749,116,10710,California
Amador,2021-03-11,484,14948,125,4481,349,10453,10,14,303,7097,180,3929,316,11026,California
Amador,2021-03-12,588,15536,71,4552,510,10963,7,21,343,7209,244,4173,356,11382,California
Amador,2021-03-13,118,15654,18,4570,93,11056,7,28,75,7253,43,4216,87,11469,California
Amador,2021-03-14,99,15753,20,4590,76,11132,3,31,22,7201,77,4293,25,11494,California
Amador,2021-03-15,184,15937,27,4617,150,11282,7,38,55,7135,129,4422,63,11557,California
Amador,2021-03-16,456,16393,55,4672,391,11673,10,48,139,6969,315,4737,149,11706,California
Amador,2021-03-17,387,16780,45,4717,339,12012,3,51,262,7111,123,4860,265,11971,California
Amador,2021-03-18,517,17297,101,4818,412,12424,4,55,258,7119,257,5117,265,12236,California
Amador,2021-03-19,545,17842,57,4875,473,12897,15,70,386,7367,157,5274,405,12641,California
Amador,2021-03-20,113,17955,46,4921,67,12964,0,70,48,7353,64,5338,50,12691,California
Amador,2021-03-21,50,18005,37,4958,12,12976,1,71,28,7365,21,5359,33,12724,California
Amador,2021-03-22,115,18120,34,4992,53,13029,28,99,50,7378,65,5424,78,12802,California
Amador,2021-03-23,436,18556,47,5039,382,13411,7,106,275,7501,160,5584,283,13085,California
Amador,2021-03-24,342,18898,35,5074,55,13466,252,358,35,7482,306,5890,287,13372,California
Amador,2021-03-25,614,19512,87,5161,520,13986,7,365,397,7670,216,6106,404,13776,California
Amador,2021-03-26,754,20266,45,5206,702,14688,7,372,280,7489,471,6577,290,14066,California
Amador,2021-03-27,94,20360,15,5221,77,14765,2,374,31,7461,63,6640,35,14101,California
Amador,2021-03-28,73,20433,17,5238,54,14819,2,376,13,7418,59,6699,16,14117,California
Amador,2021-03-29,184,20617,28,5266,155,14974,1,377,78,7399,103,6802,84,14201,California
Amador,2021-03-30,541,21158,29,5295,511,15485,1,378,293,7446,247,7049,294,14495,California
Amador,2021-03-31,201,21359,58,5353,138,15623,5,383,44,7340,155,7204,49,14544,California
Amador,2021-04-01,626,21985,95,5448,531,16154,0,383,270,7259,353,7557,272,14816,California
Amador,2021-04-02,619,22604,39,5487,566,16720,14,397,385,7427,233,7790,401,15217,California
Amador,2021-04-03,87,22691,24,5511,43,16763,20,417,21,7404,66,7856,43,15260,California
Amador,2021-04-04,39,22730,3,5514,30,16793,6,423,15,7401,24,7880,21,15281,California
Amador,2021-04-05,146,22876,53,5567,76,16869,17,440,49,7373,96,7976,68,15349,California
Amador,2021-04-06,505,23381,39,5606,448,17317,18,458,224,7336,279,8255,242,15591,California
Amador,2021-04-07,100,23481,34,5640,47,17364,19,477,43,7344,54,8309,62,15653,California
Amador,2021-04-08,499,23980,84,5724,393,17757,22,499,221,7311,276,8585,243,15896,California
Amador,2021-04-09,488,24468,22,5746,446,18203,20,519,212,7265,275,8860,229,16125,California
Amador,2021-04-10,51,24519,14,5760,28,18231,9,528,23,7269,28,8888,32,16157,California
Amador,2021-04-11,51,24570,25,5785,22,18253,4,532,23,7269,27,8915,27,16184,California
Amador,2021-04-12,99,24669,26,5811,63,18316,10,542,43,7266,56,8971,53,16237,California
Amador,2021-04-13,347,25016,49,5860,298,18614,0,542,67,7057,277,9248,68,16305,California
Amador,2021-04-14,280,25296,26,5886,254,18868,0,542,56,6893,221,9469,57,16362,California
Amador,2021-04-15,342,25638,78,5964,264,19132,0,542,73,6708,258,9727,73,16435,California
Amador,2021-04-16,489,26127,29,5993,460,19592,0,542,381,6982,107,9834,381,16816,California
Amador,2021-04-17,67,26194,34,6027,33,19625,0,542,31,6977,36,9870,31,16847,California
Amador,2021-04-18,34,26228,12,6039,22,19647,0,542,12,6969,21,9891,13,16860,California
Amador,2021-04-19,69,26297,27,6066,42,19689,0,542,30,6963,38,9929,32,16892,California
Amador,2021-04-20,441,26738,59,6125,382,20071,0,542,110,6751,324,10253,112,17004,California
Amador,2021-04-21,89,26827,35,6160,53,20124,1,543,44,6753,43,10296,45,17049,California
Amador,2021-04-22,519,27346,80,6240,438,20562,1,544,100,6453,401,10697,101,17150,California
Amador,2021-04-23,368,27714,47,6287,321,20883,0,544,289,6670,74,10771,291,17441,California
Amador,2021-04-24,52,27766,25,6312,27,20910,0,544,31,6681,20,10791,31,17472,California
Amador,2021-04-25,45,27811,19,6331,26,20936,0,544,29,6694,16,10807,29,17501,California
Amador,2021-04-26,95,27906,27,6358,67,21003,1,545,44,6691,50,10857,47,17548,California
Amador,2021-04-27,502,28408,45,6403,456,21459,1,546,91,6377,407,11264,93,17641,California
Amador,2021-04-28,70,28478,30,6433,37,21496,3,549,41,6392,29,11293,44,17685,California
Amador,2021-04-29,228,28706,70,6503,49,21545,109,658,67,6406,161,11454,175,17860,California
Amador,2021-04-30,347,29053,28,6531,315,21860,4,662,89,6242,258,11712,94,17954,California
Amador,2021-05-01,47,29100,15,6546,27,21887,5,667,26,6254,19,11731,31,17985,California
Amador,2021-05-02,28,29128,14,6560,11,21898,3,670,11,6252,17,11748,15,18000,California
Amador,2021-05-03,69,29197,35,6595,24,21922,10,680,28,6249,41,11789,38,18038,California
Amador,2021-05-04,467,29664,29,6624,431,22353,7,687,68,5925,399,12188,75,18113,California
Amador,2021-05-05,207,29871,153,6777,46,22399,8,695,162,6052,42,12230,169,18282,California
Amador,2021-05-06,110,29981,56,6833,49,22448,5,700,63,6075,45,12275,68,18350,California
Amador,2021-05-07,130,30111,30,6863,93,22541,7,707,68,6088,62,12337,75,18425,California
Amador,2021-05-08,43,30154,8,6871,32,22573,3,710,21,6090,22,12359,24,18449,California
Amador,2021-05-09,17,30171,1,6872,10,22583,6,716,4,6087,13,12372,10,18459,California
Amador,2021-05-10,62,30233,15,6887,44,22627,3,719,26,6080,36,12408,29,18488,California
Amador,2021-05-11,103,30336,34,6921,43,22670,26,745,45,6093,58,12466,71,18559,California
Amador,2021-05-12,71,30407,25,6946,43,22713,3,748,34,6093,37,12503,37,18596,California
Amador,2021-05-13,79,30486,40,6986,33,22746,6,754,38,6097,40,12543,44,18640,California
Amador,2021-05-14,402,30888,38,7024,360,23106,4,758,91,5884,310,12853,97,18737,California
Amador,2021-05-15,51,30939,20,7044,21,23127,10,768,23,5890,28,12881,34,18771,California
Amador,2021-05-16,42,30981,15,7059,27,23154,0,768,17,5882,25,12906,17,18788,California
Amador,2021-05-17,75,31056,22,7081,51,23205,2,770,35,5881,39,12945,38,18826,California
Amador,2021-05-18,252,31308,172,7253,45,23250,35,805,167,5999,84,13029,202,19028,California
Amador,2021-05-19,75,31383,24,7277,47,23297,4,809,34,5999,40,13069,40,19068,California
Amador,2021-05-20,89,31472,47,7324,37,23334,5,814,30,5976,58,13127,35,19103,California
Amador,2021-05-21,275,31747,29,7353,244,23578,2,816,37,5777,238,13365,39,19142,California
Amador,2021-05-22,47,31794,16,7369,26,23604,5,821,13,5762,34,13399,19,19161,California
Amador,2021-05-23,29,31823,5,7374,21,23625,3,824,5,5746,24,13423,8,19169,California
Amador,2021-05-24,89,31912,30,7404,47,23672,12,836,40,5749,49,13472,52,19221,California
Amador,2021-05-25,139,32051,87,7491,27,23699,25,861,80,5797,57,13529,105,19326,California
Amador,2021-05-26,205,32256,161,7652,37,23736,7,868,40,5679,164,13693,46,19372,California
Amador,2021-05-27,81,32337,36,7688,36,23772,9,877,29,5665,52,13745,38,19410,California
Amador,2021-05-28,69,32406,26,7714,39,23811,4,881,28,5657,40,13785,32,19442,California
Amador,2021-05-29,26,32432,2,7716,21,23832,3,884,8,5650,18,13803,11,19453,California
Amador,2021-05-30,19,32451,5,7721,8,23840,6,890,5,5647,14,13817,11,19464,California
Amador,2021-05-31,10,32461,0,7721,9,23849,1,891,2,5642,8,13825,3,19467,California
Amador,2021-06-01,96,32557,67,7788,24,23873,5,896,43,5638,52,13877,48,19515,California
Amador,2021-06-02,47,32604,17,7805,22,23895,8,904,17,5634,30,13907,26,19541,California
Amador,2021-06-03,59,32663,26,7831,28,23923,5,909,19,5619,39,13946,24,19565,California
Amador,2021-06-04,101,32764,22,7853,58,23981,21,930,20,5579,81,14027,41,19606,California
Amador,2021-06-05,41,32805,16,7869,20,24001,5,935,4,5551,37,14064,9,19615,California
Amador,2021-06-06,18,32823,8,7877,9,24010,1,936,8,5550,10,14074,9,19624,California
Amador,2021-06-07,45,32868,18,7895,23,24033,4,940,17,5543,28,14102,21,19645,California
Amador,2021-06-08,176,33044,140,8035,25,24058,11,951,55,5490,120,14222,67,19712,California
Amador,2021-06-09,48,33092,19,8054,20,24078,9,960,12,5475,36,14258,21,19733,California
Amador,2021-06-10,55,33147,23,8077,20,24098,12,972,19,5470,36,14294,31,19764,California
Amador,2021-06-11,57,33204,17,8094,35,24133,5,977,12,5442,45,14339,17,19781,California
Amador,2021-06-12,22,33226,9,8103,11,24144,2,979,8,5439,13,14352,10,19791,California
Amador,2021-06-13,9,33235,2,8105,6,24150,1,980,2,5435,7,14359,3,19794,California
Amador,2021-06-14,47,33282,24,8129,21,24171,2,982,15,5420,32,14391,17,19811,California
Amador,2021-06-15,43,33325,12,8141,19,24190,12,994,18,5425,25,14416,30,19841,California
Amador,2021-06-16,75,33400,34,8175,31,24221,10,1004,34,5428,41,14457,44,19885,California
Amador,2021-06-17,47,33447,23,8198,20,24241,4,1008,28,5442,18,14475,32,19917,California
Amador,2021-06-18,156,33603,120,8318,29,24270,7,1015,63,5419,93,14568,70,19987,California
Amador,2021-06-19,30,33633,8,8326,14,24284,8,1023,11,5420,19,14587,20,20007,California
Amador,2021-06-20,8,33641,6,8332,1,24285,1,1024,3,5419,5,14592,4,20011,California
Amador,2021-06-21,46,33687,14,8346,23,24308,9,1033,15,5412,31,14623,24,20035,California
Amador,2021-06-22,63,33750,36,8382,24,24332,3,1036,41,5434,22,14645,44,20079,California
Amador,2021-06-23,53,33803,30,8412,15,24347,8,1044,32,5453,21,14666,40,20119,California
Amador,2021-06-24,58,33861,27,8439,21,24368,10,1054,32,5470,25,14691,42,20161,California
Amador,2021-06-25,69,33930,42,8481,15,24383,12,1066,45,5504,24,14715,58,20219,California
Amador,2021-06-26,13,33943,6,8487,5,24388,2,1068,9,5511,4,14719,11,20230,California
Amador,2021-06-27,23,33966,15,8502,4,24392,4,1072,12,5516,11,14730,16,20246,California
Amador,2021-06-28,65,34031,29,8531,21,24413,15,1087,36,5538,29,14759,51,20297,California
Amador,2021-06-29,37,34068,12,8543,17,24430,8,1095,24,5557,13,14772,32,20329,California
Butte,2020-12-16,3,3,3,3,0,0,0,0,3,3,0,0,3,3,California
Butte,2020-12-17,21,24,21,24,0,0,0,0,21,24,0,0,21,24,California
Butte,2020-12-18,51,75,51,75,0,0,0,0,51,75,0,0,51,75,California
Butte,2020-12-19,7,82,7,82,0,0,0,0,7,82,0,0,7,82,California
Butte,2020-12-20,10,92,10,92,0,0,0,0,10,92,0,0,10,92,California
Butte,2020-12-21,631,723,631,723,0,0,0,0,631,723,0,0,631,723,California
Butte,2020-12-22,619,1342,617,1340,2,2,0,0,619,1342,0,0,619,1342,California
Butte,2020-12-23,877,2219,861,2201,16,18,0,0,877,2219,0,0,877,2219,California
Butte,2020-12-24,159,2378,155,2356,4,22,0,0,159,2378,0,0,159,2378,California
Butte,2020-12-26,91,2469,89,2445,2,24,0,0,91,2469,0,0,91,2469,California
Butte,2020-12-27,35,2504,34,2479,1,25,0,0,35,2504,0,0,35,2504,California
Butte,2020-12-28,279,2783,273,2752,6,31,0,0,279,2783,0,0,279,2783,California
Butte,2020-12-29,205,2988,181,2933,24,55,0,0,205,2988,0,0,205,2988,California
Butte,2020-12-30,513,3501,291,3224,222,277,0,0,513,3501,0,0,513,3501,California
Butte,2020-12-31,213,3714,18,3242,195,472,0,0,213,3714,0,0,213,3714,California
Butte,2021-01-01,15,3729,6,3248,9,481,0,0,15,3729,0,0,15,3729,California
Butte,2021-01-02,40,3769,37,3285,3,484,0,0,40,3769,0,0,40,3769,California
Butte,2021-01-03,3,3772,0,3285,3,487,0,0,3,3772,0,0,3,3772,California
Butte,2021-01-04,208,3980,175,3460,33,520,0,0,208,3980,0,0,208,3980,California
Butte,2021-01-05,197,4177,152,3612,45,565,0,0,196,4175,1,1,196,4176,California
Butte,2021-01-06,625,4802,395,4007,230,795,0,0,620,4791,5,6,621,4797,California
Butte,2021-01-07,764,5566,370,4377,394,1189,0,0,744,5515,20,26,744,5541,California
Butte,2021-01-08,672,6238,530,4907,142,1331,0,0,625,6093,47,73,625,6166,California
Butte,2021-01-09,13,6251,8,4915,5,1336,0,0,7,6094,6,79,7,6173,California
Butte,2021-01-10,19,6270,5,4920,14,1350,0,0,14,6103,5,84,14,6187,California
Butte,2021-01-11,983,7253,947,5867,36,1386,0,0,356,5835,627,711,359,6546,California
Butte,2021-01-12,700,7953,655,6522,45,1431,0,0,276,5687,424,1135,276,6822,California
Butte,2021-01-13,1570,9523,1076,7598,494,1925,0,0,727,5574,842,1977,729,7551,California
Butte,2021-01-14,1637,11160,893,8491,744,2669,0,0,1440,6818,196,2173,1440,8991,California
Butte,2021-01-15,1063,12223,819,9310,244,2913,0,0,954,7662,110,2283,954,9945,California
Butte,2021-01-16,589,12812,301,9611,288,3201,0,0,544,8161,45,2328,544,10489,California
Butte,2021-01-17,239,13051,64,9675,175,3376,0,0,201,8324,38,2366,201,10690,California
Butte,2021-01-18,347,13398,305,9980,42,3418,0,0,279,8536,67,2433,279,10969,California
Butte,2021-01-19,494,13892,432,10412,62,3480,0,0,222,8486,272,2705,222,11191,California
Butte,2021-01-20,1395,15287,710,11122,685,4165,0,0,1092,9275,303,3008,1092,12283,California
Butte,2021-01-21,1495,16782,883,12005,612,4777,0,0,1387,10555,107,3115,1387,13670,California
Butte,2021-01-22,1142,17924,482,12487,660,5437,0,0,1088,11589,54,3169,1088,14758,California
Butte,2021-01-23,128,18052,85,12572,43,5480,0,0,103,11667,25,3194,103,14861,California
Butte,2021-01-24,8,18060,6,12578,2,5482,0,0,8,11675,0,3194,8,14869,California
Butte,2021-01-25,661,18721,338,12916,323,5805,0,0,498,12010,163,3357,498,15367,California
Butte,2021-01-26,1476,20197,378,13294,1098,6903,0,0,1339,13212,137,3494,1339,16706,California
Butte,2021-01-27,2109,22306,706,14000,1403,8306,0,0,1374,13852,734,4228,1374,18080,California
Butte,2021-01-28,2269,24575,262,14262,2007,10313,0,0,1956,15496,312,4540,1956,20036,California
Butte,2021-01-29,1692,26267,489,14751,1203,11516,0,0,1312,16430,378,4918,1312,21348,California
Butte,2021-01-30,32,26299,9,14760,23,11539,0,0,30,16458,2,4920,30,21378,California
Butte,2021-01-31,17,26316,15,14775,2,11541,0,0,16,16473,1,4921,16,21394,California
Butte,2021-02-01,1763,28079,406,15181,1357,12898,0,0,1369,17452,390,5311,1369,22763,California
Butte,2021-02-02,1939,30018,363,15544,1576,14474,0,0,1635,18782,305,5616,1635,24398,California
Butte,2021-02-03,2755,32773,781,16325,1974,16448,0,0,1856,19741,897,6513,1856,26254,California
Butte,2021-02-04,2977,35750,324,16649,2653,19101,0,0,2415,21597,559,7072,2415,28669,California
Butte,2021-02-05,1280,37030,670,17319,610,19711,0,0,554,21426,726,7798,555,29224,California
Butte,2021-02-06,151,37181,106,17425,45,19756,0,0,65,21405,86,7884,65,29289,California
Butte,2021-02-07,38,37219,34,17459,4,19760,0,0,14,21395,24,7908,14,29303,California
Butte,2021-02-08,699,37918,547,18006,152,19912,0,0,239,21175,459,8367,239,29542,California
Butte,2021-02-09,955,38873,459,18465,496,20408,0,0,724,21669,230,8597,724,30266,California
Butte,2021-02-10,1711,40584,1191,19656,520,20928,0,0,653,21268,1054,9651,653,30919,California
Butte,2021-02-11,2209,42793,1347,21003,862,21790,0,0,991,21044,1215,10866,991,31910,California
Butte,2021-02-12,1001,43794,434,21437,567,22357,0,0,322,20689,677,11543,322,32232,California
Butte,2021-02-13,250,44044,43,21480,207,22564,0,0,149,20737,101,11644,149,32381,California
Butte,2021-02-14,164,44208,10,21490,154,22718,0,0,158,20889,6,11650,158,32539,California
Butte,2021-02-15,263,44471,49,21539,214,22932,0,0,196,21018,67,11717,196,32735,California
Butte,2021-02-16,739,45210,437,21976,302,23234,0,0,280,20838,460,12177,280,33015,California
Butte,2021-02-17,1528,46738,853,22829,675,23909,0,0,845,21004,679,12856,845,33860,California
Butte,2021-02-18,1572,48310,771,23600,801,24710,0,0,757,20946,815,13671,757,34617,California
Butte,2021-02-19,1181,49491,396,23996,785,25495,0,0,404,20581,769,14440,404,35021,California
Butte,2021-02-20,489,49980,35,24031,454,25949,0,0,128,20350,359,14799,128,35149,California
Butte,2021-02-21,19,49999,17,24048,2,25951,0,0,13,20357,6,14805,13,35162,California
Butte,2021-02-22,1517,51516,297,24345,1220,27171,0,0,377,19598,1136,15941,377,35539,California
Butte,2021-02-23,1642,53158,296,24641,1346,28517,0,0,465,18893,1170,17111,465,36004,California
Butte,2021-02-24,2203,55361,629,25270,1574,30091,0,0,759,18216,1436,18547,759,36763,California
Butte,2021-02-25,2079,57440,577,25847,1502,31593,0,0,652,17448,1421,19968,653,37416,California
Butte,2021-02-26,924,58364,310,26157,614,32207,0,0,399,17326,521,20489,399,37815,California
Butte,2021-02-27,241,58605,50,26207,191,32398,0,0,189,17465,50,20539,189,38004,California
Butte,2021-02-28,143,58748,17,26224,126,32524,0,0,135,17592,8,20547,135,38139,California
Butte,2021-03-01,1643,60391,182,26406,1460,33984,1,1,338,16631,1300,21847,339,38478,California
Butte,2021-03-02,1754,62145,201,26607,1553,35537,0,1,307,15496,1442,23289,307,38785,California
Butte,2021-03-03,2795,64940,857,27464,1938,37475,0,1,481,13669,2308,25597,481,39266,California
Butte,2021-03-04,3160,68100,684,28148,2476,39951,0,1,628,11768,2529,28126,628,39894,California
Butte,2021-03-05,1362,69462,620,28768,741,40692,1,2,738,11887,620,28746,739,40633,California
Butte,2021-03-06,250,69712,27,28795,200,40892,23,25,187,12035,62,28808,210,40843,California
Butte,2021-03-07,57,69769,3,28798,37,40929,17,42,32,12059,25,28833,49,40892,California
Butte,2021-03-08,1275,71044,132,28930,1065,41994,78,120,1105,13075,167,29000,1183,42075,California
Butte,2021-03-09,1909,72953,284,29214,1523,43517,102,222,1413,14098,492,29492,1515,43590,California
Butte,2021-03-10,2325,75278,972,30186,1253,44770,100,322,1582,15043,737,30229,1682,45272,California
Butte,2021-03-11,2816,78094,1322,31508,1366,46136,128,450,1979,16324,826,31055,2107,47379,California
Butte,2021-03-12,1165,79259,333,31841,465,46601,367,817,351,16235,807,31862,718,48097,California
Butte,2021-03-13,274,79533,70,31911,143,46744,61,878,65,16151,209,32071,125,48222,California
Butte,2021-03-14,164,79697,16,31927,106,46850,42,920,21,16072,142,32213,63,48285,California
Butte,2021-03-15,1737,81434,356,32283,1087,47937,294,1214,1143,16924,585,32798,1437,49722,California
Butte,2021-03-16,1668,83102,431,32714,1159,49096,78,1292,1111,17560,552,33350,1188,50910,California
Butte,2021-03-17,1957,85059,1354,34068,522,49618,81,1373,1111,17913,838,34188,1191,52101,California
Butte,2021-03-18,1810,86869,1462,35530,219,49837,129,1502,1060,18357,744,34932,1188,53289,California
Butte,2021-03-19,698,87567,312,35842,302,50139,84,1586,344,18441,344,35276,428,53717,California
Butte,2021-03-20,209,87776,31,35873,161,50300,17,1603,97,18443,112,35388,114,53831,California
Butte,2021-03-21,73,87849,40,35913,4,50304,29,1632,24,18450,47,35435,54,53885,California
Butte,2021-03-22,1507,89356,373,36286,1039,51343,95,1727,1240,19519,265,35700,1334,55219,California
Butte,2021-03-23,1860,91216,523,36809,1223,52566,114,1841,1507,20791,349,36049,1621,56840,California
Butte,2021-03-24,2267,93483,1270,38079,871,53437,126,1967,1709,22072,553,36602,1834,58674,California
Butte,2021-03-25,1486,94969,1200,39279,194,53631,92,2059,1018,22718,464,37066,1110,59784,California
Butte,2021-03-26,1212,96181,441,39720,524,54155,247,2306,562,22884,643,37709,809,60593,California
Butte,2021-03-27,306,96487,87,39807,195,54350,24,2330,137,22877,166,37875,159,60752,California
Butte,2021-03-28,229,96716,45,39852,176,54526,8,2338,103,22864,123,37998,110,60862,California
Butte,2021-03-29,1764,98480,383,40235,1311,55837,70,2408,1342,23859,417,38415,1412,62274,California
Butte,2021-03-30,1039,99519,472,40707,476,56313,91,2499,491,23899,542,38957,582,62856,California
Butte,2021-03-31,1780,101299,1304,42011,409,56722,67,2566,1085,24364,687,39644,1152,64008,California
Butte,2021-04-01,3340,104639,2713,44724,498,57220,129,2695,2262,25685,1070,40714,2391,66399,California
Butte,2021-04-02,1009,105648,423,45147,465,57685,121,2816,569,25941,432,41146,688,67087,California
Butte,2021-04-03,347,105995,47,45194,225,57910,75,2891,164,25997,183,41329,239,67326,California
Butte,2021-04-04,190,106185,25,45219,141,58051,24,2915,110,26053,78,41407,134,67460,California
Butte,2021-04-05,1971,108156,419,45638,1381,59432,171,3086,594,25448,1368,42775,763,68223,California
Butte,2021-04-06,2216,110372,620,46258,1173,60605,423,3509,803,25268,1404,44179,1224,69447,California
Butte,2021-04-07,3044,113416,1324,47582,1326,61931,394,3903,717,24058,2321,46500,1111,70558,California
Butte,2021-04-08,2753,116169,1201,48783,1283,63214,269,4172,459,22495,2291,48791,728,71286,California
Butte,2021-04-09,1378,117547,354,49137,542,63756,482,4654,330,22258,1044,49835,807,72093,California
Butte,2021-04-10,228,117775,48,49185,80,63836,100,4754,102,22334,125,49960,201,72294,California
Butte,2021-04-11,107,117882,44,49229,53,63889,10,4764,83,22404,23,49983,93,72387,California
Butte,2021-04-12,1415,119297,315,49544,966,64855,134,4898,234,21591,1181,51164,368,72755,California
Butte,2021-04-13,1655,120952,574,50118,1075,65930,6,4904,345,20639,1303,52467,351,73106,California
Butte,2021-04-14,2852,123804,2359,52477,493,66423,0,4904,1325,20444,1522,53989,1327,74433,California
Butte,2021-04-15,649,124453,399,52876,250,66673,0,4904,486,20773,157,54146,486,74919,California
Butte,2021-04-16,816,125269,419,53295,397,67070,0,4904,482,20923,332,54478,482,75401,California
Butte,2021-04-17,346,125615,62,53357,284,67354,0,4904,242,21063,102,54580,242,75643,California
Butte,2021-04-18,57,125672,23,53380,34,67388,0,4904,44,21094,13,54593,44,75687,California
Butte,2021-04-19,1566,127238,384,53764,1182,68570,0,4904,417,20365,1146,55739,417,76104,California
Butte,2021-04-20,2031,129269,765,54529,1266,69836,0,4904,759,19860,1264,57003,759,76863,California
Butte,2021-04-21,2111,131380,1228,55757,883,70719,0,4904,487,18730,1617,58620,487,77350,California
Butte,2021-04-22,2271,133651,1985,57742,286,71005,0,4904,625,17714,1641,60261,625,77975,California
Butte,2021-04-23,971,134622,473,58215,498,71503,0,4904,491,17726,479,60740,491,78466,California
Butte,2021-04-24,349,134971,139,58354,210,71713,0,4904,191,17759,158,60898,191,78657,California
Butte,2021-04-25,174,135145,69,58423,105,71818,0,4904,65,17715,109,61007,65,78722,California
Butte,2021-04-26,1575,136720,470,58893,1100,72918,5,4909,409,16968,1161,62168,414,79136,California
Butte,2021-04-27,1036,137756,696,59589,313,73231,27,4936,588,17141,443,62611,616,79752,California
Butte,2021-04-28,1431,139187,977,60566,429,73660,25,4961,509,16757,918,63529,534,80286,California
Butte,2021-04-29,914,140101,569,61135,320,73980,25,4986,311,16496,597,64126,336,80622,California
Butte,2021-04-30,928,141029,420,61555,487,74467,21,5007,466,16528,454,64580,486,81108,California
Butte,2021-05-01,244,141273,64,61619,158,74625,22,5029,72,16450,169,64749,91,81199,California
Butte,2021-05-02,151,141424,63,61682,75,74700,13,5042,43,16398,108,64857,56,81255,California
Butte,2021-05-03,635,142059,257,61939,347,75047,31,5073,177,16158,448,65305,208,81463,California
Butte,2021-05-04,848,142907,343,62282,473,75520,32,5105,223,15793,619,65924,254,81717,California
Butte,2021-05-05,1373,144280,1120,63402,215,75735,38,5143,292,15048,1075,66999,330,82047,California
Butte,2021-05-06,965,145245,701,64103,225,75960,39,5182,366,14857,596,67595,405,82452,California
Butte,2021-05-07,581,145826,310,64413,235,76195,36,5218,296,14906,282,67877,331,82783,California
Butte,2021-05-08,188,146014,53,64466,124,76319,11,5229,91,14912,96,67973,102,82885,California
Butte,2021-05-09,103,146117,27,64493,73,76392,3,5232,54,14920,49,68022,57,82942,California
Butte,2021-05-10,534,146651,316,64809,173,76565,45,5277,213,14860,318,68340,258,83200,California
Butte,2021-05-11,914,147565,660,65469,194,76759,60,5337,295,14599,616,68956,355,83555,California
Butte,2021-05-12,785,148350,483,65952,254,77013,48,5385,335,14537,445,69401,383,83938,California
Butte,2021-05-13,947,149297,627,66579,255,77268,65,5450,349,14362,587,69988,412,84350,California
Butte,2021-05-14,869,150166,543,67122,293,77561,33,5483,380,14288,486,70474,412,84762,California
Butte,2021-05-15,508,150674,247,67369,227,77788,34,5517,238,14292,268,70742,272,85034,California
Butte,2021-05-16,168,150842,82,67451,68,77856,18,5535,98,14339,69,70811,116,85150,California
Butte,2021-05-17,769,151611,496,67947,224,78080,49,5584,330,14282,435,71246,378,85528,California
Butte,2021-05-18,1068,152679,735,68682,284,78364,49,5633,475,14219,587,71833,524,86052,California
Butte,2021-05-19,832,153511,541,69223,247,78611,44,5677,326,14088,500,72333,369,86421,California
Butte,2021-05-20,985,154496,660,69883,215,78826,110,5787,384,13983,598,72931,493,86914,California
Butte,2021-05-21,891,155387,544,70427,321,79147,26,5813,293,13707,594,73525,318,87232,California
Butte,2021-05-22,298,155685,138,70565,145,79292,15,5828,143,13712,152,73677,157,87389,California
Butte,2021-05-23,131,155816,82,70647,48,79340,1,5829,79,13740,52,73729,80,87469,California
Butte,2021-05-24,353,156169,165,70812,138,79478,50,5879,177,13792,174,73903,226,87695,California
Butte,2021-05-25,700,156869,449,71261,215,79693,36,5915,343,13821,350,74253,379,88074,California
Butte,2021-05-26,562,157431,180,71441,359,80052,23,5938,243,13775,311,74564,265,88339,California
Butte,2021-05-27,865,158296,623,72064,224,80276,18,5956,422,13778,438,75002,441,88780,California
Butte,2021-05-28,520,158816,141,72205,300,80576,79,6035,212,13764,305,75307,291,89071,California
Butte,2021-05-29,224,159040,116,72321,96,80672,12,6047,143,13838,81,75388,155,89226,California
Butte,2021-05-30,107,159147,56,72377,51,80723,0,6047,59,13849,48,75436,59,89285,California
Butte,2021-05-31,44,159191,23,72400,18,80741,3,6050,25,13858,19,75455,28,89313,California
Butte,2021-06-01,676,159867,427,72827,213,80954,36,6086,252,13726,420,75875,288,89601,California
Butte,2021-06-02,819,160686,566,73393,208,81162,45,6131,351,13657,464,76339,395,89996,California
Butte,2021-06-03,626,161312,422,73815,187,81349,17,6148,205,13461,418,76757,222,90218,California
Butte,2021-06-04,484,161796,277,74092,179,81528,28,6176,145,13302,332,77089,173,90391,California
Butte,2021-06-05,321,162117,208,74300,93,81621,20,6196,96,13195,223,77312,116,90507,California
Butte,2021-06-06,134,162251,99,74399,33,81654,2,6198,32,13128,101,77413,34,90541,California
Butte,2021-06-07,402,162653,258,74657,115,81769,29,6227,168,13092,233,77646,197,90738,California
Butte,2021-06-08,650,163303,468,75125,163,81932,19,6246,177,12827,462,78108,197,90935,California
Butte,2021-06-09,434,163737,297,75422,118,82050,19,6265,145,12708,283,78391,164,91099,California
Butte,2021-06-10,634,164371,451,75873,151,82201,32,6297,234,12574,398,78789,264,91363,California
Butte,2021-06-11,445,164816,265,76138,159,82360,21,6318,149,12450,294,79083,170,91533,California
Butte,2021-06-12,253,165069,155,76293,88,82448,10,6328,76,12360,176,79259,86,91619,California
Butte,2021-06-13,97,165166,64,76357,30,82478,3,6331,20,12306,77,79336,23,91642,California
Butte,2021-06-14,387,165553,232,76589,135,82613,20,6351,136,12213,250,79586,157,91799,California
Butte,2021-06-15,548,166101,385,76974,137,82750,26,6377,161,12019,381,79967,187,91986,California
Butte,2021-06-16,418,166519,257,77231,116,82866,45,6422,169,11986,246,80213,213,92199,California
Butte,2021-06-17,581,167100,433,77664,121,82987,27,6449,179,11791,401,80614,206,92405,California
Butte,2021-06-18,410,167510,205,77869,152,83139,53,6502,160,11753,248,80862,210,92615,California
Butte,2021-06-19,207,167717,153,78022,49,83188,5,6507,92,11735,115,80977,97,92712,California
Butte,2021-06-20,93,167810,68,78090,25,83213,0,6507,24,11690,69,81046,24,92736,California
Butte,2021-06-21,277,168087,164,78254,91,83304,22,6529,132,11701,143,81189,154,92890,California
Butte,2021-06-22,419,168506,274,78528,121,83425,24,6553,151,11612,264,81453,175,93065,California
Butte,2021-06-23,451,168957,333,78861,93,83518,25,6578,165,11516,285,81738,189,93254,California
Butte,2021-06-24,420,169377,284,79145,108,83626,28,6606,153,11430,266,82004,180,93434,California
Butte,2021-06-25,412,169789,201,79346,188,83814,23,6629,154,11350,257,82261,177,93611,California
Butte,2021-06-26,131,169920,95,79441,34,83848,2,6631,55,11331,76,82337,57,93668,California
Butte,2021-06-27,63,169983,38,79479,24,83872,1,6632,20,11309,43,82380,21,93689,California
Butte,2021-06-28,293,170276,220,79699,54,83926,19,6651,119,11274,173,82553,138,93827,California
Butte,2021-06-29,197,170473,126,79825,63,83989,8,6659,75,11235,121,82674,82,93909,California
Calaveras,2020-12-16,5,5,5,5,0,0,0,0,5,5,0,0,5,5,California
Calaveras,2020-12-17,3,8,3,8,0,0,0,0,3,8,0,0,3,8,California
Calaveras,2020-12-18,39,47,39,47,0,0,0,0,39,47,0,0,39,47,California
Calaveras,2020-12-19,3,50,3,50,0,0,0,0,3,50,0,0,3,50,California
Calaveras,2020-12-20,4,54,4,54,0,0,0,0,4,54,0,0,4,54,California
Calaveras,2020-12-21,54,108,47,101,7,7,0,0,54,108,0,0,54,108,California
Calaveras,2020-12-22,82,190,78,179,4,11,0,0,83,191,0,0,83,191,California
Calaveras,2020-12-23,76,266,74,253,2,13,0,0,76,267,0,0,76,267,California
Calaveras,2020-12-24,2,268,2,255,0,13,0,0,2,269,0,0,2,269,California
Calaveras,2020-12-26,3,271,3,258,0,13,0,0,3,272,0,0,3,272,California
Calaveras,2020-12-28,22,293,18,276,4,17,0,0,21,292,1,1,21,293,California
Calaveras,2020-12-29,160,453,138,414,22,39,0,0,160,452,0,1,160,453,California
Calaveras,2020-12-30,94,547,82,496,12,51,0,0,94,546,0,1,94,547,California
Calaveras,2020-12-31,37,584,26,522,11,62,0,0,37,583,0,1,37,584,California
Calaveras,2021-01-02,11,595,11,533,0,62,0,0,11,594,0,1,11,595,California
Calaveras,2021-01-03,10,605,4,537,6,68,0,0,10,604,0,1,10,605,California
Calaveras,2021-01-04,33,638,5,542,28,96,0,0,33,637,0,1,33,638,California
Calaveras,2021-01-05,42,680,11,553,31,127,0,0,33,666,9,10,38,676,California
Calaveras,2021-01-06,107,787,30,583,77,204,0,0,97,753,10,20,97,773,California
Calaveras,2021-01-07,106,893,26,609,80,284,0,0,93,836,11,31,94,867,California
Calaveras,2021-01-08,69,962,39,648,30,314,0,0,45,859,24,55,47,914,California
Calaveras,2021-01-09,5,967,5,653,0,314,0,0,2,858,3,58,2,916,California
Calaveras,2021-01-10,2,969,0,653,2,316,0,0,2,860,0,58,2,918,California
Calaveras,2021-01-11,66,1035,60,713,6,322,0,0,27,851,38,96,29,947,California
Calaveras,2021-01-12,87,1122,54,767,33,355,0,0,52,869,35,131,53,1000,California
Calaveras,2021-01-13,110,1232,46,813,64,419,0,0,75,910,35,166,76,1076,California
Calaveras,2021-01-14,142,1374,45,858,97,516,0,0,108,986,33,199,109,1185,California
Calaveras,2021-01-15,93,1467,29,887,64,580,0,0,73,1039,20,219,73,1258,California
Calaveras,2021-01-16,13,1480,2,889,11,591,0,0,12,1050,1,220,12,1270,California
Calaveras,2021-01-17,9,1489,1,890,8,599,0,0,9,1059,0,220,9,1279,California
Calaveras,2021-01-18,138,1627,21,911,117,716,0,0,122,1169,16,236,126,1405,California
Calaveras,2021-01-19,208,1835,177,1088,31,747,0,0,70,1104,137,373,72,1477,California
Calaveras,2021-01-20,380,2215,82,1170,298,1045,0,0,286,1315,93,466,304,1781,California
Calaveras,2021-01-21,468,2683,42,1212,426,1471,0,0,426,1717,42,508,444,2225,California
Calaveras,2021-01-22,405,3088,24,1236,381,1852,0,0,389,2102,16,524,401,2626,California
Calaveras,2021-01-23,19,3107,8,1244,11,1863,0,0,18,2119,1,525,18,2644,California
Calaveras,2021-01-24,14,3121,8,1252,6,1869,0,0,12,2129,2,527,12,2656,California
Calaveras,2021-01-25,87,3208,7,1259,80,1949,0,0,82,2206,5,532,82,2738,California
Calaveras,2021-01-26,49,3257,17,1276,32,1981,0,0,39,2235,10,542,39,2777,California
Calaveras,2021-01-27,139,3396,47,1323,92,2073,0,0,110,2317,28,570,110,2887,California
Calaveras,2021-01-28,165,3561,25,1348,140,2213,0,0,137,2432,28,598,143,3030,California
Calaveras,2021-01-29,399,3960,14,1362,385,2598,0,0,365,2778,34,632,380,3410,California
Calaveras,2021-01-30,27,3987,10,1372,17,2615,0,0,25,2803,0,632,25,3435,California
Calaveras,2021-01-31,6,3993,4,1376,2,2617,0,0,5,2807,1,633,5,3440,California
Calaveras,2021-02-01,31,4024,12,1388,19,2636,0,0,22,2820,9,642,22,3462,California
Calaveras,2021-02-02,114,4138,25,1413,89,2725,0,0,75,2862,34,676,76,3538,California
Calaveras,2021-02-03,444,4582,45,1458,399,3124,0,0,359,3139,84,760,361,3899,California
Calaveras,2021-02-04,391,4973,26,1484,365,3489,0,0,305,3361,86,846,308,4207,California
Calaveras,2021-02-05,81,5054,22,1506,59,3548,0,0,42,3365,39,885,43,4250,California
Calaveras,2021-02-06,22,5076,12,1518,10,3558,0,0,22,3387,0,885,22,4272,California
Calaveras,2021-02-07,6,5082,1,1519,5,3563,0,0,2,3387,2,887,2,4274,California
Calaveras,2021-02-08,42,5124,19,1538,23,3586,0,0,34,3415,6,893,34,4308,California
Calaveras,2021-02-09,196,5320,79,1617,117,3703,0,0,133,3488,61,954,134,4442,California
Calaveras,2021-02-10,518,5838,33,1650,485,4188,0,0,444,3866,74,1028,452,4894,California
Calaveras,2021-02-11,600,6438,91,1741,509,4697,0,0,481,4243,116,1144,493,5387,California
Calaveras,2021-02-12,576,7014,325,2066,251,4948,0,0,491,4661,83,1227,501,5888,California
Calaveras,2021-02-13,203,7217,45,2111,158,5106,0,0,188,4834,15,1242,188,6076,California
Calaveras,2021-02-14,224,7441,71,2182,153,5259,0,0,208,5028,14,1256,208,6284,California
Calaveras,2021-02-15,386,7827,24,2206,362,5621,0,0,263,5172,119,1375,263,6547,California
Calaveras,2021-02-16,271,8098,147,2353,124,5745,0,0,233,5370,38,1413,236,6783,California
Calaveras,2021-02-17,514,8612,40,2393,474,6219,0,0,204,5287,292,1705,209,6992,California
Calaveras,2021-02-18,504,9116,96,2489,408,6627,0,0,98,5004,382,2087,99,7091,California
Calaveras,2021-02-19,442,9558,43,2532,399,7026,0,0,98,4773,329,2416,98,7189,California
Calaveras,2021-02-20,58,9616,15,2547,43,7069,0,0,48,4811,10,2426,48,7237,California
Calaveras,2021-02-21,27,9643,16,2563,11,7080,0,0,20,4825,6,2432,20,7257,California
Calaveras,2021-02-22,62,9705,38,2601,24,7104,0,0,33,4829,29,2461,33,7290,California
Calaveras,2021-02-23,132,9837,46,2647,86,7190,0,0,92,4882,40,2501,93,7383,California
Calaveras,2021-02-24,98,9935,48,2695,50,7240,0,0,67,4919,30,2531,67,7450,California
Calaveras,2021-02-25,559,10494,106,2801,453,7693,0,0,357,5091,193,2724,365,7815,California
Calaveras,2021-02-26,785,11279,45,2846,740,8433,0,0,379,5090,382,3106,381,8196,California
Calaveras,2021-02-27,206,11485,25,2871,181,8614,0,0,181,5246,25,3131,181,8377,California
Calaveras,2021-02-28,97,11582,15,2886,82,8696,0,0,92,5333,5,3136,92,8469,California
Calaveras,2021-03-01,250,11832,47,2933,203,8899,0,0,153,5395,92,3228,154,8623,California
Calaveras,2021-03-02,260,12092,105,3038,155,9054,0,0,209,5558,48,3276,211,8834,California
Calaveras,2021-03-03,570,12662,110,3148,460,9514,0,0,218,5431,346,3622,219,9053,California
Calaveras,2021-03-04,754,13416,71,3219,682,10196,1,1,353,5394,392,4014,355,9408,California
Calaveras,2021-03-05,457,13873,272,3491,181,10377,4,5,142,5238,302,4316,146,9554,California
Calaveras,2021-03-06,155,14028,43,3534,106,10483,6,11,114,5318,41,4357,121,9675,California
Calaveras,2021-03-07,76,14104,32,3566,37,10520,7,18,35,5319,41,4398,42,9717,California
Calaveras,2021-03-08,171,14275,32,3598,131,10651,8,26,133,5424,36,4434,141,9858,California
Calaveras,2021-03-09,377,14652,144,3742,227,10878,6,32,33,5125,338,4772,39,9897,California
Calaveras,2021-03-10,432,15084,35,3777,394,11272,3,35,58,4822,364,5136,61,9958,California
Calaveras,2021-03-11,882,15966,442,4219,427,11699,13,48,437,4843,431,5567,452,10410,California
Calaveras,2021-03-12,430,16396,224,4443,196,11895,10,58,326,5086,102,5669,345,10755,California
Calaveras,2021-03-13,193,16589,19,4462,166,12061,8,66,140,5187,51,5720,152,10907,California
Calaveras,2021-03-14,160,16749,11,4473,148,12209,1,67,18,5070,142,5862,25,10932,California
Calaveras,2021-03-15,336,17085,50,4523,260,12469,26,93,54,4873,281,6143,84,11016,California
Calaveras,2021-03-16,699,17784,561,5084,118,12587,20,113,553,5302,144,6287,573,11589,California
Calaveras,2021-03-17,287,18071,53,5137,220,12807,14,127,52,5141,228,6515,67,11656,California
Calaveras,2021-03-18,672,18743,576,5713,80,12887,16,143,551,5589,121,6636,569,12225,California
Calaveras,2021-03-19,237,18980,52,5765,110,12997,75,218,60,5549,173,6809,133,12358,California
Calaveras,2021-03-20,81,19061,22,5787,58,13055,1,219,23,5516,58,6867,25,12383,California
Calaveras,2021-03-21,47,19108,29,5816,7,13062,11,230,9,5500,37,6904,21,12404,California
Calaveras,2021-03-22,84,19192,39,5855,24,13086,21,251,26,5489,58,6962,47,12451,California
Calaveras,2021-03-23,300,19492,206,6061,84,13170,10,261,119,5448,169,7131,128,12579,California
Calaveras,2021-03-24,136,19628,52,6113,74,13244,10,271,44,5412,90,7221,54,12633,California
Calaveras,2021-03-25,754,20382,109,6222,641,13885,4,275,451,5575,292,7513,455,13088,California
Calaveras,2021-03-26,438,20820,29,6251,402,14287,7,282,91,5333,342,7855,100,13188,California
Calaveras,2021-03-27,213,21033,21,6272,188,14475,4,286,38,5205,172,8027,44,13232,California
Calaveras,2021-03-28,114,21147,12,6284,99,14574,3,289,8,5112,105,8132,12,13244,California
Calaveras,2021-03-29,187,21334,25,6309,159,14733,3,292,59,5050,125,8257,63,13307,California
Calaveras,2021-03-30,541,21875,26,6335,498,15231,17,309,362,5251,178,8435,379,13686,California
Calaveras,2021-03-31,328,22203,143,6478,175,15406,10,319,159,5254,167,8602,170,13856,California
Calaveras,2021-04-01,694,22897,448,6926,245,15651,1,320,184,4937,506,9108,189,14045,California
Calaveras,2021-04-02,399,23296,234,7160,157,15808,8,328,116,4788,275,9383,126,14171,California
Calaveras,2021-04-03,144,23440,35,7195,105,15913,4,332,40,4728,104,9487,44,14215,California
Calaveras,2021-04-04,82,23522,26,7221,56,15969,0,332,50,4746,32,9519,50,14265,California
Calaveras,2021-04-05,213,23735,81,7302,122,16091,10,342,99,4741,114,9633,109,14374,California
Calaveras,2021-04-06,661,24396,581,7883,66,16157,14,356,115,4328,542,10175,129,14503,California
Calaveras,2021-04-07,762,25158,664,8547,61,16218,37,393,621,4846,141,10316,659,15162,California
Calaveras,2021-04-08,949,26107,856,9403,70,16288,23,416,433,4791,512,10828,457,15619,California
Calaveras,2021-04-09,158,26265,60,9463,49,16337,49,465,56,4797,98,10926,104,15723,California
Calaveras,2021-04-10,194,26459,42,9505,133,16470,19,484,148,4920,45,10971,168,15891,California
Calaveras,2021-04-11,70,26529,45,9550,23,16493,2,486,49,4950,21,10992,51,15942,California
Calaveras,2021-04-12,107,26636,46,9596,42,16535,19,505,57,4977,50,11042,77,16019,California
Calaveras,2021-04-13,428,27064,372,9968,56,16591,0,505,367,5286,60,11102,369,16388,California
Calaveras,2021-04-14,185,27249,28,9996,157,16748,0,505,135,5373,49,11151,136,16524,California
Calaveras,2021-04-15,335,27584,284,10280,51,16799,0,505,244,5531,86,11237,244,16768,California
Calaveras,2021-04-16,109,27693,32,10312,77,16876,0,505,50,5529,52,11289,50,16818,California
Calaveras,2021-04-17,334,28027,128,10440,206,17082,0,505,291,5777,43,11332,291,17109,California
Calaveras,2021-04-18,18,28045,5,10445,13,17095,0,505,11,5781,7,11339,11,17120,California
Calaveras,2021-04-19,76,28121,27,10472,49,17144,0,505,44,5795,31,11370,45,17165,California
Calaveras,2021-04-20,271,28392,94,10566,177,17321,0,505,197,5924,68,11438,197,17362,California
Calaveras,2021-04-21,217,28609,146,10712,71,17392,0,505,83,5876,132,11570,84,17446,California
Calaveras,2021-04-22,547,29156,97,10809,450,17842,0,505,144,5623,399,11969,146,17592,California
Calaveras,2021-04-23,162,29318,81,10890,81,17923,0,505,64,5592,95,12064,64,17656,California
Calaveras,2021-04-24,174,29492,37,10927,137,18060,0,505,131,5682,42,12106,132,17788,California
Calaveras,2021-04-25,42,29534,28,10955,14,18074,0,505,21,5684,21,12127,23,17811,California
Calaveras,2021-04-26,119,29653,74,11029,45,18119,0,505,35,5637,83,12210,36,17847,California
Calaveras,2021-04-27,446,30099,74,11103,359,18478,13,518,58,5324,384,12594,71,17918,California
Calaveras,2021-04-28,650,30749,580,11683,39,18517,31,549,55,4825,592,13186,93,18011,California
Calaveras,2021-04-29,518,31267,442,12125,57,18574,19,568,72,4477,443,13629,95,18106,California
Calaveras,2021-04-30,156,31423,62,12187,89,18663,5,573,71,4475,84,13713,82,18188,California
Calaveras,2021-05-01,202,31625,111,12298,88,18751,3,576,134,4549,67,13780,141,18329,California
Calaveras,2021-05-02,53,31678,36,12334,16,18767,1,577,20,4540,31,13811,22,18351,California
Calaveras,2021-05-03,94,31772,69,12403,20,18787,5,582,30,4516,63,13874,39,18390,California
Calaveras,2021-05-04,420,32192,330,12733,53,18840,37,619,44,4223,375,14249,82,18472,California
Calaveras,2021-05-05,113,32305,58,12791,23,18863,32,651,50,4243,61,14310,81,18553,California
Calaveras,2021-05-06,255,32560,194,12985,37,18900,24,675,47,4109,206,14516,72,18625,California
Calaveras,2021-05-07,89,32649,25,13010,58,18958,6,681,58,4142,31,14547,64,18689,California
Calaveras,2021-05-08,290,32939,142,13152,146,19104,2,683,90,4038,196,14743,92,18781,California
Calaveras,2021-05-09,29,32968,12,13164,14,19118,3,686,13,4038,16,14759,16,18797,California
Calaveras,2021-05-10,64,33032,29,13193,34,19152,1,687,28,4034,34,14793,30,18827,California
Calaveras,2021-05-11,137,33169,91,13284,34,19186,12,699,95,4101,41,14834,108,18935,California
Calaveras,2021-05-12,171,33340,49,13333,122,19308,0,699,53,4037,117,14951,53,18988,California
Calaveras,2021-05-13,121,33461,66,13399,40,19348,15,714,65,4064,54,15005,81,19069,California
Calaveras,2021-05-14,149,33610,92,13491,54,19402,3,717,100,4119,48,15053,103,19172,California
Calaveras,2021-05-15,268,33878,96,13587,169,19571,3,720,106,4072,156,15209,109,19281,California
Calaveras,2021-05-16,30,33908,12,13599,18,19589,0,720,14,4071,16,15225,15,19296,California
Calaveras,2021-05-17,90,33998,42,13641,41,19630,7,727,47,4084,42,15267,55,19351,California
Calaveras,2021-05-18,228,34226,62,13703,144,19774,22,749,73,4025,154,15421,95,19446,California
Calaveras,2021-05-19,151,34377,63,13766,84,19858,4,753,72,4024,78,15499,77,19523,California
Calaveras,2021-05-20,204,34581,80,13846,98,19956,26,779,66,3980,135,15634,91,19614,California
Calaveras,2021-05-21,97,34678,55,13901,38,19994,4,783,58,4003,38,15672,61,19675,California
Calaveras,2021-05-22,303,34981,160,14061,143,20137,0,783,148,3997,154,15826,148,19823,California
Calaveras,2021-05-23,31,35012,16,14077,15,20152,0,783,13,3992,18,15844,13,19836,California
Calaveras,2021-05-24,77,35089,41,14118,20,20172,16,799,33,3998,44,15888,50,19886,California
Calaveras,2021-05-25,124,35213,47,14165,60,20232,17,816,56,4003,68,15956,73,19959,California
Calaveras,2021-05-26,120,35333,87,14252,29,20261,4,820,83,4053,36,15992,86,20045,California
Calaveras,2021-05-27,85,35418,44,14296,37,20298,4,824,29,4034,53,16045,34,20079,California
Calaveras,2021-05-28,85,35503,44,14340,37,20335,4,828,39,4031,46,16091,43,20122,California
Calaveras,2021-05-29,69,35572,23,14363,41,20376,5,833,33,4034,36,16127,39,20161,California
Calaveras,2021-05-30,36,35608,14,14377,17,20393,5,838,11,4025,25,16152,16,20177,California
Calaveras,2021-05-31,5,35613,0,14377,3,20396,2,840,0,4022,5,16157,2,20179,California
Calaveras,2021-06-01,145,35758,97,14474,42,20438,6,846,44,3971,101,16258,50,20229,California
Calaveras,2021-06-02,85,35843,54,14528,27,20465,4,850,36,3962,49,16307,40,20269,California
Calaveras,2021-06-03,93,35936,55,14583,31,20496,7,857,42,3964,49,16356,51,20320,California
Calaveras,2021-06-04,139,36075,93,14676,34,20530,12,869,36,3909,103,16459,48,20368,California
Calaveras,2021-06-05,85,36160,28,14704,55,20585,2,871,34,3895,50,16509,36,20404,California
Calaveras,2021-06-06,41,36201,29,14733,9,20594,3,874,22,3901,19,16528,25,20429,California
Calaveras,2021-06-07,62,36263,45,14778,9,20603,8,882,25,3898,36,16564,33,20462,California
Calaveras,2021-06-08,125,36388,79,14857,39,20642,7,889,57,3896,66,16630,64,20526,California
Calaveras,2021-06-09,95,36483,51,14908,38,20680,6,895,30,3869,65,16695,38,20564,California
Calaveras,2021-06-10,119,36602,58,14966,52,20732,9,904,41,3843,76,16771,50,20614,California
Calaveras,2021-06-11,103,36705,58,15024,40,20772,5,909,32,3809,71,16842,37,20651,California
Calaveras,2021-06-12,62,36767,36,15060,24,20796,2,911,20,3789,42,16884,22,20673,California
Calaveras,2021-06-13,31,36798,18,15078,9,20805,4,915,8,3778,23,16907,12,20685,California
Calaveras,2021-06-14,59,36857,39,15117,16,20821,4,919,22,3768,37,16944,27,20712,California
Calaveras,2021-06-15,89,36946,54,15171,26,20847,9,928,23,3735,66,17010,33,20745,California
Calaveras,2021-06-16,179,37125,138,15309,27,20874,14,942,39,3649,139,17149,53,20798,California
Calaveras,2021-06-17,60,37185,32,15341,23,20897,5,947,24,3645,33,17182,29,20827,California
Calaveras,2021-06-18,60,37245,41,15382,15,20912,4,951,25,3639,35,17217,29,20856,California
Calaveras,2021-06-19,66,37311,23,15405,26,20938,17,968,23,3636,43,17260,40,20896,California
Calaveras,2021-06-20,6,37317,2,15407,3,20941,1,969,2,3635,4,17264,3,20899,California
Calaveras,2021-06-21,38,37355,14,15421,18,20959,6,975,23,3650,15,17279,30,20929,California
Calaveras,2021-06-22,64,37419,32,15453,30,20989,2,977,29,3648,34,17313,32,20961,California
Calaveras,2021-06-23,60,37479,34,15487,19,21008,7,984,26,3647,34,17347,33,20994,California
Calaveras,2021-06-24,72,37551,36,15523,32,21040,4,988,38,3655,34,17381,42,21036,California
Calaveras,2021-06-25,52,37603,32,15555,13,21053,7,995,23,3656,29,17410,30,21066,California
Calaveras,2021-06-26,33,37636,16,15571,15,21068,2,997,20,3666,13,17423,23,21089,California
Calaveras,2021-06-27,19,37655,17,15588,1,21069,1,998,8,3664,11,17434,9,21098,California
Calaveras,2021-06-28,43,37698,25,15613,13,21082,5,1003,19,3665,24,17458,25,21123,California
Calaveras,2021-06-29,52,37750,41,15654,8,21090,3,1006,23,3662,29,17487,26,21149,California
Colusa,2020-12-18,1,1,1,1,0,0,0,0,1,1,0,0,1,1,California
Colusa,2020-12-21,2,3,2,3,0,0,0,0,2,3,0,0,2,3,California
Colusa,2020-12-22,10,13,10,13,0,0,0,0,10,13,0,0,10,13,California
Colusa,2020-12-23,10,23,10,23,0,0,0,0,10,23,0,0,10,23,California
Colusa,2020-12-24,2,25,1,24,1,1,0,0,2,25,0,0,2,25,California
Colusa,2020-12-27,1,26,1,25,0,1,0,0,1,26,0,0,1,26,California
Colusa,2020-12-28,7,33,3,28,4,5,0,0,7,33,0,0,7,33,California
Colusa,2020-12-29,10,43,8,36,2,7,0,0,10,43,0,0,10,43,California
Colusa,2020-12-30,51,94,14,50,37,44,0,0,51,94,0,0,51,94,California
Colusa,2020-12-31,18,112,1,51,17,61,0,0,18,112,0,0,18,112,California
Colusa,2021-01-04,4,116,0,51,4,65,0,0,4,116,0,0,4,116,California
Colusa,2021-01-05,68,184,1,52,67,132,0,0,68,184,0,0,68,184,California
Colusa,2021-01-06,15,199,9,61,6,138,0,0,15,199,0,0,15,199,California
Colusa,2021-01-07,40,239,5,66,35,173,0,0,39,237,1,1,39,238,California
Colusa,2021-01-08,9,248,7,73,2,175,0,0,8,244,1,2,8,246,California
Colusa,2021-01-09,2,250,1,74,1,176,0,0,2,246,0,2,2,248,California
Colusa,2021-01-10,1,251,0,74,1,177,0,0,1,247,0,2,1,249,California
Colusa,2021-01-11,12,263,6,80,6,183,0,0,7,249,5,7,7,256,California
Colusa,2021-01-12,11,274,9,89,2,185,0,0,6,250,5,12,6,262,California
Colusa,2021-01-13,21,295,13,102,8,193,0,0,13,255,8,20,13,275,California
Colusa,2021-01-14,36,331,29,131,7,200,0,0,34,287,2,22,34,309,California
Colusa,2021-01-15,42,373,5,136,37,237,0,0,40,325,2,24,40,349,California
Colusa,2021-01-16,12,385,1,137,11,248,0,0,11,335,1,25,11,360,California
Colusa,2021-01-17,3,388,2,139,1,249,0,0,2,336,1,26,2,362,California
Colusa,2021-01-18,4,392,0,139,4,253,0,0,4,340,0,26,4,366,California
Colusa,2021-01-19,9,401,8,147,1,254,0,0,5,341,4,30,5,371,California
Colusa,2021-01-20,115,516,101,248,14,268,0,0,101,428,14,44,101,472,California
Colusa,2021-01-21,59,575,44,292,15,283,0,0,58,485,1,45,58,530,California
Colusa,2021-01-22,40,615,17,309,23,306,0,0,35,515,5,50,35,565,California
Colusa,2021-01-23,35,650,6,315,29,335,0,0,35,550,0,50,35,600,California
Colusa,2021-01-25,7,657,0,315,7,342,0,0,7,557,0,50,7,607,California
Colusa,2021-01-26,8,665,5,320,3,345,0,0,5,559,3,53,5,612,California
Colusa,2021-01-27,109,774,31,351,78,423,0,0,107,664,2,55,107,719,California
Colusa,2021-01-28,83,857,48,399,35,458,0,0,74,729,9,64,74,793,California
Colusa,2021-01-29,43,900,7,406,36,494,0,0,42,770,1,65,42,835,California
Colusa,2021-01-30,27,927,4,410,23,517,0,0,27,797,0,65,27,862,California
Colusa,2021-01-31,7,934,7,417,0,517,0,0,7,804,0,65,7,869,California
Colusa,2021-02-01,27,961,10,427,17,534,0,0,22,821,5,70,22,891,California
Colusa,2021-02-02,42,1003,8,435,34,568,0,0,36,851,6,76,36,927,California
Colusa,2021-02-03,70,1073,10,445,60,628,0,0,58,897,12,88,58,985,California
Colusa,2021-02-04,143,1216,81,526,62,690,0,0,114,982,29,117,114,1099,California
Colusa,2021-02-05,32,1248,8,534,24,714,0,0,29,1008,3,120,29,1128,California
Colusa,2021-02-06,285,1533,9,543,276,990,0,0,274,1271,11,131,274,1402,California
Colusa,2021-02-07,2,1535,1,544,1,991,0,0,0,1269,2,133,0,1402,California
Colusa,2021-02-08,40,1575,5,549,35,1026,0,0,37,1303,3,136,37,1439,California
Colusa,2021-02-09,231,1806,14,563,217,1243,0,0,176,1424,55,191,176,1615,California
Colusa,2021-02-10,118,1924,42,605,76,1319,0,0,74,1454,44,235,74,1689,California
Colusa,2021-02-11,101,2025,38,643,63,1382,0,0,74,1501,27,262,74,1763,California
Colusa,2021-02-12,117,2142,9,652,108,1490,0,0,78,1539,40,302,78,1841,California
Colusa,2021-02-13,60,2202,8,660,52,1542,0,0,52,1583,8,310,52,1893,California
Colusa,2021-02-14,21,2223,8,668,13,1555,0,0,15,1592,6,316,15,1908,California
Colusa,2021-02-15,47,2270,10,678,37,1592,0,0,40,1625,7,323,40,1948,California
Colusa,2021-02-16,69,2339,4,682,65,1657,0,0,68,1692,1,324,68,2016,California
Colusa,2021-02-17,206,2545,143,825,63,1720,0,0,59,1604,147,471,59,2075,California
Colusa,2021-02-18,136,2681,36,861,100,1820,0,0,113,1694,23,494,113,2188,California
Colusa,2021-02-19,157,2838,19,880,138,1958,0,0,131,1799,26,520,131,2319,California
Colusa,2021-02-20,30,2868,6,886,24,1982,0,0,13,1795,17,537,13,2332,California
Colusa,2021-02-21,1,2869,1,887,0,1982,0,0,0,1794,1,538,0,2332,California
Colusa,2021-02-22,44,2913,27,914,17,1999,0,0,30,1810,14,552,30,2362,California
Colusa,2021-02-23,22,2935,6,920,16,2015,0,0,18,1824,4,556,18,2380,California
Colusa,2021-02-24,301,3236,54,974,247,2262,0,0,158,1839,143,699,158,2538,California
Colusa,2021-02-25,103,3339,55,1029,48,2310,0,0,67,1870,36,735,67,2605,California
Colusa,2021-02-26,100,3439,14,1043,86,2396,0,0,60,1890,40,775,60,2665,California
Colusa,2021-02-27,55,3494,4,1047,51,2447,0,0,40,1915,15,790,40,2705,California
Colusa,2021-02-28,27,3521,15,1062,12,2459,0,0,18,1924,9,799,18,2723,California
Colusa,2021-03-01,46,3567,15,1077,31,2490,0,0,29,1936,17,816,29,2752,California
Colusa,2021-03-02,49,3616,13,1090,36,2526,0,0,26,1939,23,839,26,2778,California
Colusa,2021-03-03,246,3862,46,1136,200,2726,0,0,189,2071,57,896,189,2967,California
Colusa,2021-03-04,139,4001,59,1195,80,2806,0,0,80,2092,59,955,80,3047,California
Colusa,2021-03-05,98,4099,25,1220,64,2870,9,9,53,2109,45,1000,62,3109,California
Colusa,2021-03-06,276,4375,9,1229,267,3137,0,9,39,1911,237,1237,39,3148,California
Colusa,2021-03-07,8,4383,5,1234,3,3140,0,9,6,1915,2,1239,6,3154,California
Colusa,2021-03-08,89,4472,21,1255,33,3173,35,44,45,1951,44,1283,80,3234,California
Colusa,2021-03-09,276,4748,74,1329,179,3352,23,67,85,1868,191,1474,108,3342,California
Colusa,2021-03-10,289,5037,38,1367,215,3567,36,103,202,2019,87,1561,238,3580,California
Colusa,2021-03-11,419,5456,60,1427,338,3905,21,124,337,2293,82,1643,356,3936,California
Colusa,2021-03-12,111,5567,18,1445,80,3985,13,137,20,2235,91,1734,33,3969,California
Colusa,2021-03-13,61,5628,16,1461,36,4021,9,146,18,2219,43,1777,27,3996,California
Colusa,2021-03-14,19,5647,0,1461,17,4038,2,148,5,2213,13,1790,7,4003,California
Colusa,2021-03-15,71,5718,27,1488,36,4074,8,156,14,2178,57,1847,22,4025,California
Colusa,2021-03-16,299,6017,16,1504,237,4311,46,202,189,2303,110,1957,235,4260,California
Colusa,2021-03-17,194,6211,50,1554,144,4455,0,202,108,2325,86,2043,108,4368,California
Colusa,2021-03-18,325,6536,38,1592,216,4671,71,273,201,2474,124,2167,273,4641,California
Colusa,2021-03-19,80,6616,20,1612,58,4729,2,275,54,2504,26,2193,56,4697,California
Colusa,2021-03-20,50,6666,8,1620,41,4770,1,276,36,2527,14,2207,37,4734,California
Colusa,2021-03-21,6,6672,4,1624,2,4772,0,276,1,2525,5,2212,3,4737,California
Colusa,2021-03-22,62,6734,10,1634,43,4815,9,285,40,2552,22,2234,49,4786,California
Colusa,2021-03-23,83,6817,16,1650,65,4880,2,287,56,2583,27,2261,58,4844,California
Colusa,2021-03-24,340,7157,57,1707,277,5157,6,293,68,2384,272,2533,73,4917,California
Colusa,2021-03-25,109,7266,60,1767,44,5201,5,298,52,2384,57,2590,57,4974,California
Colusa,2021-03-26,301,7567,47,1814,250,5451,4,302,248,2583,53,2643,252,5226,California
Colusa,2021-03-27,63,7630,5,1819,58,5509,0,302,25,2570,38,2681,25,5251,California
Colusa,2021-03-28,16,7646,7,1826,9,5518,0,302,8,2570,8,2689,8,5259,California
Colusa,2021-03-29,72,7718,20,1846,46,5564,6,308,32,2568,40,2729,38,5297,California
Colusa,2021-03-30,151,7869,82,1928,67,5631,2,310,72,2563,79,2808,74,5371,California
Colusa,2021-03-31,234,8103,41,1969,193,5824,0,310,70,2470,163,2971,70,5441,California
Colusa,2021-04-01,435,8538,73,2042,307,6131,55,365,311,2712,123,3094,365,5806,California
Colusa,2021-04-02,82,8620,13,2055,55,6186,14,379,38,2720,44,3138,52,5858,California
Colusa,2021-04-03,62,8682,10,2065,29,6215,23,402,14,2708,48,3186,36,5894,California
Colusa,2021-04-04,18,8700,0,2065,8,6223,10,412,3,2706,15,3201,13,5907,California
Colusa,2021-04-05,96,8796,26,2091,54,6277,16,428,38,2702,58,3259,54,5961,California
Colusa,2021-04-06,130,8926,35,2126,45,6322,50,478,43,2708,87,3346,93,6054,California
Colusa,2021-04-07,357,9283,42,2168,292,6614,23,501,132,2639,225,3571,156,6210,California
Colusa,2021-04-08,429,9712,34,2202,367,6981,28,529,121,2483,305,3876,149,6359,California
Colusa,2021-04-09,77,9789,21,2223,32,7013,24,553,28,2486,49,3925,52,6411,California
Colusa,2021-04-10,45,9834,10,2233,14,7027,21,574,11,2484,34,3959,32,6443,California
Colusa,2021-04-11,16,9850,3,2236,11,7038,2,576,8,2486,8,3967,10,6453,California
Colusa,2021-04-12,32,9882,3,2239,29,7067,0,576,25,2504,7,3974,25,6478,California
Colusa,2021-04-13,280,10162,23,2262,257,7324,0,576,95,2415,184,4158,95,6573,California
Colusa,2021-04-14,97,10259,20,2282,77,7401,0,576,35,2388,62,4220,35,6608,California
Colusa,2021-04-15,324,10583,47,2329,277,7678,0,576,132,2328,192,4412,132,6740,California
Colusa,2021-04-16,82,10665,11,2340,71,7749,0,576,36,2319,45,4457,36,6776,California
Colusa,2021-04-17,52,10717,7,2347,45,7794,0,576,30,2327,22,4479,30,6806,California
Colusa,2021-04-18,9,10726,2,2349,7,7801,0,576,7,2332,2,4481,7,6813,California
Colusa,2021-04-19,62,10788,22,2371,40,7841,0,576,18,2306,44,4525,18,6831,California
Colusa,2021-04-20,189,10977,38,2409,151,7992,0,576,134,2385,55,4580,134,6965,California
Colusa,2021-04-21,179,11156,68,2477,111,8103,0,576,110,2426,69,4649,110,7075,California
Colusa,2021-04-22,425,11581,27,2504,397,8500,1,577,221,2444,203,4852,221,7296,California
Colusa,2021-04-23,96,11677,20,2524,76,8576,0,577,37,2422,59,4911,37,7333,California
Colusa,2021-04-24,241,11918,19,2543,221,8797,1,578,210,2601,31,4942,210,7543,California
Colusa,2021-04-25,12,11930,6,2549,6,8803,0,578,8,2605,4,4946,8,7551,California
Colusa,2021-04-26,25,11955,5,2554,19,8822,1,579,6,2593,18,4964,6,7557,California
Colusa,2021-04-27,97,12052,25,2579,68,8890,4,583,44,2588,53,5017,48,7605,California
Colusa,2021-04-28,196,12248,33,2612,160,9050,3,586,144,2684,51,5068,147,7752,California
Colusa,2021-04-29,319,12567,29,2641,286,9336,4,590,48,2467,269,5337,52,7804,California
Colusa,2021-04-30,67,12634,20,2661,47,9383,0,590,43,2486,24,5361,43,7847,California
Colusa,2021-05-01,19,12653,8,2669,8,9391,3,593,9,2488,10,5371,12,7859,California
Colusa,2021-05-02,4,12657,1,2670,2,9393,1,594,2,2489,2,5373,3,7862,California
Colusa,2021-05-03,31,12688,7,2677,24,9417,0,594,15,2488,16,5389,15,7877,California
Colusa,2021-05-04,99,12787,55,2732,43,9460,1,595,69,2528,30,5419,70,7947,California
Colusa,2021-05-05,84,12871,21,2753,62,9522,1,596,35,2515,49,5468,36,7983,California
Colusa,2021-05-06,254,13125,16,2769,236,9758,2,598,111,2485,143,5611,113,8096,California
Colusa,2021-05-07,66,13191,4,2773,58,9816,4,602,30,2483,36,5647,34,8130,California
Colusa,2021-05-08,18,13209,6,2779,12,9828,0,602,9,2483,9,5656,9,8139,California
Colusa,2021-05-09,13,13222,5,2784,5,9833,3,605,6,2485,7,5663,9,8148,California
Colusa,2021-05-10,16,13238,7,2791,9,9842,0,605,6,2481,10,5673,6,8154,California
Colusa,2021-05-11,93,13331,34,2825,59,9901,0,605,48,2484,45,5718,48,8202,California
Colusa,2021-05-12,75,13406,32,2857,39,9940,4,609,21,2455,54,5772,25,8227,California
Colusa,2021-05-13,242,13648,24,2881,217,10157,1,610,78,2370,164,5936,79,8306,California
Colusa,2021-05-14,85,13733,18,2899,52,10209,15,625,32,2365,52,5988,47,8353,California
Colusa,2021-05-15,41,13774,10,2909,29,10238,2,627,21,2368,20,6008,23,8376,California
Colusa,2021-05-16,24,13798,8,2917,9,10247,7,634,11,2373,13,6021,18,8394,California
Colusa,2021-05-17,25,13823,5,2922,18,10265,2,636,13,2376,12,6033,15,8409,California
Colusa,2021-05-18,103,13926,27,2949,74,10339,2,638,47,2369,56,6089,49,8458,California
Colusa,2021-05-19,220,14146,44,2993,156,10495,20,658,66,2301,154,6243,86,8544,California
Colusa,2021-05-20,281,14427,33,3026,244,10739,4,662,67,2158,214,6457,71,8615,California
Colusa,2021-05-21,71,14498,24,3050,45,10784,2,664,35,2159,36,6493,37,8652,California
Colusa,2021-05-22,218,14716,21,3071,196,10980,1,665,30,2002,188,6681,31,8683,California
Colusa,2021-05-23,20,14736,9,3080,7,10987,4,669,6,1998,14,6695,10,8693,California
Colusa,2021-05-24,26,14762,3,3083,18,11005,5,674,15,2007,11,6706,20,8713,California
Colusa,2021-05-25,135,14897,75,3158,58,11063,2,676,52,1978,83,6789,54,8767,California
Colusa,2021-05-26,72,14969,25,3183,47,11110,0,676,32,1970,40,6829,32,8799,California
Colusa,2021-05-27,172,15141,17,3200,155,11265,0,676,55,1908,117,6946,55,8854,California
Colusa,2021-05-28,79,15220,25,3225,53,11318,1,677,40,1910,39,6985,41,8895,California
Colusa,2021-05-29,40,15260,18,3243,18,11336,4,681,29,1932,11,6996,33,8928,California
Colusa,2021-05-30,8,15268,1,3244,2,11338,5,686,1,1931,7,7003,6,8934,California
Colusa,2021-05-31,4,15272,0,3244,4,11342,0,686,1,1929,3,7006,1,8935,California
Colusa,2021-06-01,50,15322,16,3260,33,11375,1,687,26,1932,24,7030,27,8962,California
Colusa,2021-06-02,146,15468,20,3280,124,11499,2,689,51,1891,94,7124,53,9015,California
Colusa,2021-06-03,63,15531,20,3300,42,11541,1,690,26,1884,34,7158,27,9042,California
Colusa,2021-06-04,60,15591,19,3319,37,11578,4,694,21,1870,39,7197,25,9067,California
Colusa,2021-06-05,35,15626,16,3335,18,11596,1,695,17,1870,18,7215,18,9085,California
Colusa,2021-06-06,11,15637,6,3341,4,11600,1,696,6,1872,5,7220,7,9092,California
Colusa,2021-06-07,22,15659,6,3347,16,11616,0,696,10,1870,12,7232,10,9102,California
Colusa,2021-06-08,75,15734,21,3368,54,11670,0,696,29,1853,46,7278,29,9131,California
Colusa,2021-06-09,70,15804,39,3407,31,11701,0,696,28,1839,42,7320,28,9159,California
Colusa,2021-06-10,58,15862,23,3430,31,11732,4,700,14,1813,44,7364,18,9177,California
Colusa,2021-06-11,60,15922,33,3463,27,11759,0,700,29,1811,31,7395,29,9206,California
Colusa,2021-06-12,36,15958,22,3485,14,11773,0,700,10,1795,26,7421,10,9216,California
Colusa,2021-06-13,10,15968,3,3488,5,11778,2,702,2,1791,8,7429,4,9220,California
Colusa,2021-06-14,19,15987,9,3497,10,11788,0,702,7,1786,12,7441,7,9227,California
Colusa,2021-06-15,76,16063,36,3533,39,11827,1,703,19,1749,57,7498,20,9247,California
Colusa,2021-06-16,55,16118,15,3548,39,11866,1,704,15,1725,40,7538,16,9263,California
Colusa,2021-06-17,117,16235,10,3558,106,11972,1,705,17,1643,100,7638,18,9281,California
Colusa,2021-06-18,63,16298,32,3590,27,11999,4,709,25,1634,38,7676,29,9310,California
Colusa,2021-06-19,26,16324,21,3611,4,12003,1,710,6,1621,20,7696,7,9317,California
Colusa,2021-06-20,10,16334,7,3618,3,12006,0,710,8,1627,2,7698,8,9325,California
Colusa,2021-06-21,20,16354,3,3621,16,12022,1,711,8,1624,12,7710,9,9334,California
Colusa,2021-06-22,69,16423,30,3651,34,12056,5,716,30,1621,38,7748,35,9369,California
Colusa,2021-06-23,50,16473,27,3678,22,12078,1,717,21,1614,29,7777,22,9391,California
Colusa,2021-06-24,60,16533,26,3704,32,12110,2,719,21,1598,39,7816,23,9414,California
Colusa,2021-06-25,42,16575,16,3720,26,12136,0,719,25,1606,17,7833,25,9439,California
Colusa,2021-06-26,18,16593,13,3733,5,12141,0,719,5,1598,13,7846,5,9444,California
Colusa,2021-06-27,7,16600,4,3737,3,12144,0,719,5,1601,2,7848,5,9449,California
Colusa,2021-06-28,8,16608,1,3738,6,12150,1,720,5,1604,3,7851,6,9455,California
Colusa,2021-06-29,20,16628,8,3746,8,12158,4,724,9,1606,11,7862,13,9468,California
Contra Costa,2020-12-15,19,19,19,19,0,0,0,0,19,19,0,0,19,19,California
Contra Costa,2020-12-16,525,544,525,544,0,0,0,0,525,544,0,0,525,544,California
Contra Costa,2020-12-17,1047,1591,1047,1591,0,0,0,0,1047,1591,0,0,1047,1591,California
Contra Costa,2020-12-18,1753,3344,1751,3342,2,2,0,0,1753,3344,0,0,1753,3344,California
Contra Costa,2020-12-19,1112,4456,1111,4453,1,3,0,0,1112,4456,0,0,1112,4456,California
Contra Costa,2020-12-20,596,5052,595,5048,1,4,0,0,596,5052,0,0,596,5052,California
Contra Costa,2020-12-21,1667,6719,1664,6712,3,7,0,0,1667,6719,0,0,1667,6719,California
Contra Costa,2020-12-22,1674,8393,1567,8279,107,114,0,0,1674,8393,0,0,1674,8393,California
Contra Costa,2020-12-23,1621,10014,1370,9649,251,365,0,0,1621,10014,0,0,1621,10014,California
Contra Costa,2020-12-24,655,10669,334,9983,321,686,0,0,655,10669,0,0,655,10669,California
Contra Costa,2020-12-25,41,10710,19,10002,22,708,0,0,41,10710,0,0,41,10710,California
Contra Costa,2020-12-26,649,11359,135,10137,514,1222,0,0,649,11359,0,0,649,11359,California
Contra Costa,2020-12-27,242,11601,87,10224,155,1377,0,0,242,11601,0,0,242,11601,California
Contra Costa,2020-12-28,1847,13448,872,11096,975,2352,0,0,1847,13448,0,0,1847,13448,California
Contra Costa,2020-12-29,1844,15292,826,11922,1018,3370,0,0,1844,15292,0,0,1844,15292,California
Contra Costa,2020-12-30,2409,17701,1218,13140,1191,4561,0,0,2407,17698,2,2,2408,17700,California
Contra Costa,2020-12-31,925,18626,309,13449,616,5177,0,0,924,18622,0,2,924,18624,California
Contra Costa,2021-01-01,67,18693,24,13473,43,5220,0,0,67,18689,0,2,67,18691,California
Contra Costa,2021-01-02,346,19039,178,13651,168,5388,0,0,346,19035,0,2,346,19037,California
Contra Costa,2021-01-03,181,19220,122,13773,59,5447,0,0,180,19215,0,2,180,19217,California
Contra Costa,2021-01-04,1903,21123,1245,15018,658,6105,0,0,1883,21080,18,20,1883,21100,California
Contra Costa,2021-01-05,2114,23237,1263,16281,851,6956,0,0,1828,22624,285,305,1829,22929,California
Contra Costa,2021-01-06,3297,26534,2263,18544,1034,7990,0,0,2483,24302,808,1113,2486,25415,California
Contra Costa,2021-01-07,3114,29648,2078,20622,1036,9026,0,0,1800,24791,1311,2424,1800,27215,California
Contra Costa,2021-01-08,3412,33060,2405,23027,1007,10033,0,0,1765,24917,1642,4066,1768,28983,California
Contra Costa,2021-01-09,1592,34652,1139,24166,453,10486,0,0,734,24796,857,4923,736,29719,California
Contra Costa,2021-01-10,363,35015,288,24454,75,10561,0,0,151,24735,212,5135,151,29870,California
Contra Costa,2021-01-11,3855,38870,3158,27612,697,11258,0,0,2229,25341,1626,6761,2232,32102,California
Contra Costa,2021-01-12,3953,42823,2965,30577,988,12246,0,0,2602,26596,1350,8111,2605,34707,California
Contra Costa,2021-01-13,4794,47617,2993,33570,1801,14047,0,0,3821,29450,968,9079,3822,38529,California
Contra Costa,2021-01-14,4327,51944,1570,35140,2757,16804,0,0,3939,33001,388,9467,3939,42468,California
Contra Costa,2021-01-15,5359,57303,2473,37613,2886,19690,0,0,5030,37707,328,9795,5034,47502,California
Contra Costa,2021-01-16,1744,59047,565,38178,1179,20869,0,0,1667,39297,77,9872,1667,49169,California
Contra Costa,2021-01-17,1669,60716,984,39162,685,21554,0,0,1548,40727,121,9993,1551,50720,California
Contra Costa,2021-01-18,3224,63940,1276,40438,1948,23502,0,0,2591,42692,627,10620,2592,53312,California
Contra Costa,2021-01-19,7083,71023,3167,43605,3916,27418,0,0,6071,47761,1007,11627,6076,59388,California
Contra Costa,2021-01-20,6901,77924,4308,47913,2593,30011,0,0,5651,52171,1246,12873,5656,65044,California
Contra Costa,2021-01-21,7081,85005,3152,51065,3929,33940,0,0,6345,57794,730,13603,6353,71397,California
Contra Costa,2021-01-22,6457,91462,2756,53821,3701,37641,0,0,5589,62527,859,14462,5592,76989,California
Contra Costa,2021-01-23,2053,93515,361,54182,1692,39333,0,0,1787,64053,263,14725,1789,78778,California
Contra Costa,2021-01-24,1590,95105,218,54400,1372,40705,0,0,1442,65351,148,14873,1446,80224,California
Contra Costa,2021-01-25,6712,101817,3051,57451,3661,44366,0,0,5126,68899,1582,16455,5130,85354,California
Contra Costa,2021-01-26,8181,109998,4726,62177,3455,47821,0,0,6304,73339,1869,18324,6309,91663,California
Contra Costa,2021-01-27,8238,118236,5434,67611,2804,50625,0,0,6374,77865,1852,20176,6378,98041,California
Contra Costa,2021-01-28,7497,125733,4105,71716,3392,54017,0,0,5877,82132,1614,21790,5881,103922,California
Contra Costa,2021-01-29,7501,133234,3913,75629,3588,57605,0,0,6172,86983,1323,23113,6174,110096,California
Contra Costa,2021-01-30,2150,135384,648,76277,1502,59107,0,0,1745,88331,397,23510,1745,111841,California
Contra Costa,2021-01-31,665,136049,434,76711,231,59338,0,0,568,88806,93,23603,568,112409,California
Contra Costa,2021-02-01,5868,141917,4080,80791,1788,61126,0,0,3953,90856,1906,25509,3956,116365,California
Contra Costa,2021-02-02,7643,149560,5116,85907,2527,63653,0,0,5924,95064,1717,27226,5925,122290,California
Contra Costa,2021-02-03,8346,157906,5508,91415,2838,66491,0,0,5630,97997,2698,29924,5631,127921,California
Contra Costa,2021-02-04,7517,165423,3595,95010,3922,70413,0,0,5747,101980,1767,31691,5750,133671,California
Contra Costa,2021-02-05,8474,173897,4832,99842,3642,74055,0,0,5764,105041,2703,34394,5764,139435,California
Contra Costa,2021-02-06,3492,177389,2165,102007,1327,75382,0,0,2836,107223,655,35049,2837,142272,California
Contra Costa,2021-02-07,994,178383,720,102727,274,75656,0,0,606,107443,386,35435,606,142878,California
Contra Costa,2021-02-08,5895,184278,3504,106231,2391,78047,0,0,4389,110335,1498,36933,4390,147268,California
Contra Costa,2021-02-09,8706,192984,4801,111032,3905,81952,0,0,5780,113198,2918,39851,5781,153049,California
Contra Costa,2021-02-10,8705,201689,4677,115709,4028,85980,0,0,5337,115189,3350,43201,5341,158390,California
Contra Costa,2021-02-11,9400,211089,4249,119958,5151,91131,0,0,5178,116159,4214,47415,5184,163574,California
Contra Costa,2021-02-12,10188,221277,4674,124632,5514,96645,0,0,5488,116962,4689,52104,5492,169066,California
Contra Costa,2021-02-13,4941,226218,1392,126024,3549,100194,0,0,3434,118897,1501,53605,3436,172502,California
Contra Costa,2021-02-14,2111,228329,872,126896,1239,101433,0,0,1225,119239,883,54488,1225,173727,California
Contra Costa,2021-02-15,4514,232843,2497,129393,2017,103450,0,0,2342,119423,2159,56647,2343,176070,California
Contra Costa,2021-02-16,10492,243335,4956,134349,5536,108986,0,0,4670,118288,5810,62457,4675,180745,California
Contra Costa,2021-02-17,12393,255728,6209,140558,6184,115170,0,0,5665,117249,6706,69163,5667,186412,California
Contra Costa,2021-02-18,11580,267308,6005,146563,5575,120745,0,0,5354,116394,6211,75374,5356,191768,California
Contra Costa,2021-02-19,11629,278937,7249,153812,4380,125125,0,0,5235,115273,6358,81732,5237,197005,California
Contra Costa,2021-02-20,6608,285545,2995,156807,3613,128738,0,0,4649,117989,1937,83669,4653,201658,California
Contra Costa,2021-02-21,2351,287896,1767,158574,584,129322,0,0,1580,118800,769,84438,1580,203238,California
Contra Costa,2021-02-22,7809,295705,5283,163857,2526,131848,0,0,3597,118203,4197,88635,3600,206838,California
Contra Costa,2021-02-23,12300,308005,7565,171422,4735,136583,0,0,6191,118309,6093,94728,6199,213037,California
Contra Costa,2021-02-24,10763,318768,7894,179316,2869,139452,0,0,5225,118021,5515,100243,5227,218264,California
Contra Costa,2021-02-25,11917,330685,7563,186879,4354,143806,0,0,5537,117206,6358,106601,5543,223807,California
Contra Costa,2021-02-26,11133,341818,7031,193910,4102,147908,0,0,5520,117130,5598,112199,5522,229329,California
Contra Costa,2021-02-27,6906,348724,4447,198357,2459,150367,0,0,4334,118902,2564,114763,4336,233665,California
Contra Costa,2021-02-28,4339,353063,3598,201955,740,151107,1,1,3664,121896,672,115435,3666,237331,California
Contra Costa,2021-03-01,8688,361751,6585,208540,2096,153203,7,8,5352,123936,3321,118756,5361,242692,California
Contra Costa,2021-03-02,10702,372453,6851,215391,3850,157053,1,9,5738,124729,4947,123703,5740,248432,California
Contra Costa,2021-03-03,11428,383881,7194,222585,4233,161286,1,10,6450,126221,4960,128663,6452,254884,California
Contra Costa,2021-03-04,11999,395880,7179,229764,4818,166104,2,12,6250,126742,5731,134394,6252,261136,California
Contra Costa,2021-03-05,11513,407393,6922,236686,4584,170688,7,19,6617,128490,4877,139271,6625,267761,California
Contra Costa,2021-03-06,7520,414913,4214,240900,2995,173683,311,330,4923,131140,2582,141853,5232,272993,California
Contra Costa,2021-03-07,3862,418775,2467,243367,1331,175014,64,394,3171,133685,689,142542,3234,276227,California
Contra Costa,2021-03-08,8259,427034,3938,247305,4015,179029,306,700,5549,136847,2696,145238,5858,282085,California
Contra Costa,2021-03-09,11200,438234,5942,253247,4961,183990,297,997,5862,137683,5326,150564,6162,288247,California
Contra Costa,2021-03-10,12474,450708,6234,259481,4740,188730,1500,2497,5679,138069,6780,157344,7166,295413,California
Contra Costa,2021-03-11,12539,463247,6600,266081,5371,194101,568,3065,6396,138913,6116,163460,6960,302373,California
Contra Costa,2021-03-12,12688,475935,5230,271311,6890,200991,568,3633,6307,139427,6356,169816,6870,309243,California
Contra Costa,2021-03-13,7904,483839,3177,274488,4295,205286,432,4065,3110,138188,4774,174590,3535,312778,California
Contra Costa,2021-03-14,4445,488284,2634,277122,1327,206613,484,4549,1690,137616,2745,177335,2173,314951,California
Contra Costa,2021-03-15,9516,497800,5165,282287,3593,210206,758,5307,4691,138261,4802,182137,5447,320398,California
Contra Costa,2021-03-16,14417,512217,8592,290879,5416,215622,409,5716,7111,138498,7281,189418,7518,327916,California
Contra Costa,2021-03-17,15163,527380,10484,301363,4457,220079,222,5938,8486,140563,6648,196066,8713,336629,California
Contra Costa,2021-03-18,15521,542901,8669,310032,6371,226450,481,6419,8578,142715,6905,202971,9057,345686,California
Contra Costa,2021-03-19,15733,558634,9105,319137,5228,231678,1400,7819,8162,144730,7552,210523,9567,355253,California
Contra Costa,2021-03-20,10771,569405,6462,325599,3993,235671,316,8135,5098,144496,5647,216170,5413,360666,California
Contra Costa,2021-03-21,4591,573996,4018,329617,475,236146,98,8233,1788,143590,2791,218961,1885,362551,California
Contra Costa,2021-03-22,11712,585708,8824,338441,2628,238774,260,8493,6806,145766,4887,223848,7063,369614,California
Contra Costa,2021-03-23,15749,601457,10871,349312,4707,243481,171,8664,9051,148323,6665,230513,9222,378836,California
Contra Costa,2021-03-24,15111,616568,11777,361089,3120,246601,214,8878,9132,151728,5942,236455,9347,388183,California
Contra Costa,2021-03-25,15436,632004,12030,373119,3112,249713,294,9172,9428,155476,5970,242425,9718,397901,California
Contra Costa,2021-03-26,15134,647138,10859,383978,3872,253585,403,9575,8686,158141,6418,248843,9083,406984,California
Contra Costa,2021-03-27,10589,657727,6884,390862,3193,256778,512,10087,5617,159303,4958,253801,6120,413104,California
Contra Costa,2021-03-28,4252,661979,3035,393897,1165,257943,52,10139,1616,158347,2624,256425,1668,414772,California
Contra Costa,2021-03-29,10960,672939,8545,402442,2299,260242,116,10255,6951,161426,3991,260416,7070,421842,California
Contra Costa,2021-03-30,16856,689795,9223,411665,6274,266516,1359,11614,10384,166716,6448,266864,11738,433580,California
Contra Costa,2021-03-31,18095,707890,12656,424321,3993,270509,1446,13060,11364,172833,6683,273547,12800,446380,California
Contra Costa,2021-04-01,17630,725520,12301,436622,3939,274448,1390,14450,11417,179457,6174,279721,12798,459178,California
Contra Costa,2021-04-02,17545,743065,12906,449528,3607,278055,1032,15482,11620,186187,5914,285635,12644,471822,California
Contra Costa,2021-04-03,10894,753959,6504,456032,2838,280893,1552,17034,6211,189275,4669,290304,7757,479579,California
Contra Costa,2021-04-04,3362,757321,1331,457363,1428,282321,603,17637,851,188224,2503,292807,1452,481031,California
Contra Costa,2021-04-05,12143,769464,7913,465276,3244,285565,986,18623,6582,190247,5545,298352,7568,488599,California
Contra Costa,2021-04-06,17396,786860,12037,477313,3061,288626,2298,20921,9745,194653,7629,305981,12035,500634,California
Contra Costa,2021-04-07,18642,805502,12613,489926,3201,291827,2828,23749,10559,200013,8057,314038,13417,514051,California
Contra Costa,2021-04-08,18725,824227,12475,502401,3323,295150,2927,26676,10029,204290,8668,322706,12945,526996,California
Contra Costa,2021-04-09,18920,843147,12069,514470,4336,299486,2515,29191,10103,208114,8785,331491,12609,539605,California
Contra Costa,2021-04-10,10601,853748,3843,518313,2194,301680,4564,33755,3320,208719,7260,338751,7865,547470,California
Contra Costa,2021-04-11,3370,857118,2010,520323,695,302375,665,34420,1136,208291,2228,340979,1800,549270,California
Contra Costa,2021-04-12,12026,869144,7927,528250,3017,305392,1082,35502,5655,208680,6354,347333,6743,556013,California
Contra Costa,2021-04-13,17977,887121,11031,539281,6938,312330,8,35510,11990,214724,5959,353292,12003,568016,California
Contra Costa,2021-04-14,17788,904909,11176,550457,6611,318941,1,35511,9880,216725,7884,361176,9885,577901,California
Contra Costa,2021-04-15,17594,922503,10797,561254,6796,325737,1,35512,8155,215496,9409,370585,8180,586081,California
Contra Costa,2021-04-16,17016,939519,10594,571848,6421,332158,1,35513,7688,213893,9300,379885,7697,593778,California
Contra Costa,2021-04-17,11593,951112,6366,578214,5227,337385,0,35513,6261,214849,5312,385197,6268,600046,California
Contra Costa,2021-04-18,2923,954035,2287,580501,636,338021,0,35513,1851,215639,1061,386258,1851,601897,California
Contra Costa,2021-04-19,11523,965558,8600,589101,2923,340944,0,35513,3671,211491,7823,394081,3675,605572,California
Contra Costa,2021-04-20,17035,982593,11107,600208,5928,346872,0,35513,6454,207401,10549,404630,6459,612031,California
Contra Costa,2021-04-21,17846,1000439,14592,614800,3253,350125,1,35514,6421,202453,11378,416008,6430,618461,California
Contra Costa,2021-04-22,17360,1017799,14066,628866,3292,353417,2,35516,6139,197422,11182,427190,6151,624612,California
Contra Costa,2021-04-23,17206,1035005,13695,642561,3510,356927,1,35517,5568,191401,11601,438791,5580,630192,California
Contra Costa,2021-04-24,10963,1045968,8446,651007,2516,359443,1,35518,4203,188873,6735,445526,4207,634399,California
Contra Costa,2021-04-25,3290,1049258,2219,653226,1069,360512,2,35520,2078,189746,1211,446737,2084,636483,California
Contra Costa,2021-04-26,10134,1059392,8453,661679,1657,362169,24,35544,3070,185810,7043,453780,3107,639590,California
Contra Costa,2021-04-27,14756,1074148,10785,672464,3793,365962,178,35722,4038,179343,10693,464473,4226,643816,California
Contra Costa,2021-04-28,14339,1088487,11182,683646,2872,368834,285,36007,3858,173048,10445,474918,4150,647966,California
Contra Costa,2021-04-29,13550,1102037,10503,694149,2878,371712,169,36176,3273,166250,10246,485164,3448,651414,California
Contra Costa,2021-04-30,13847,1115884,10903,705052,2686,374398,258,36434,3204,159105,10613,495777,3468,654882,California
Contra Costa,2021-05-01,8048,1123932,5852,710904,1873,376271,323,36757,1917,155241,6103,501880,2239,657121,California
Contra Costa,2021-05-02,2341,1126273,1591,712495,669,376940,81,36838,987,154968,1341,503221,1068,658189,California
Contra Costa,2021-05-03,9140,1135413,8021,720516,943,377883,176,37014,1929,149883,7193,510414,2108,660297,California
Contra Costa,2021-05-04,14215,1149628,12276,732792,1609,379492,330,37344,2311,140651,11873,522287,2641,662938,California
Contra Costa,2021-05-05,12660,1162288,10923,743715,1535,381027,202,37546,2447,133119,10182,532469,2650,665588,California
Contra Costa,2021-05-06,10369,1172657,8619,752334,1413,382440,337,37883,1964,127049,8379,540848,2309,667897,California
Contra Costa,2021-05-07,9705,1182362,7805,760139,1676,384116,224,38107,2239,122078,7430,548278,2459,670356,California
Contra Costa,2021-05-08,5415,1187777,4098,764237,1149,385265,168,38275,1308,119467,4091,552369,1480,671836,California
Contra Costa,2021-05-09,2148,1189925,1819,766056,270,385535,59,38334,451,118289,1690,554059,512,672348,California
Contra Costa,2021-05-10,4975,1194900,3985,770041,770,386305,220,38554,1333,116220,3620,557679,1551,673899,California
Contra Costa,2021-05-11,8897,1203797,4691,774732,3968,390273,238,38792,1786,111161,7091,564770,2032,675931,California
Contra Costa,2021-05-12,9285,1213082,4787,779519,4232,394505,266,39058,1594,105364,7663,572433,1866,677797,California
Contra Costa,2021-05-13,11779,1224861,7859,787378,3733,398238,187,39245,4217,102235,7535,579968,4406,682203,California
Contra Costa,2021-05-14,12259,1237120,8193,795571,3782,402020,284,39529,5009,100305,7221,587189,5291,687494,California
Contra Costa,2021-05-15,10025,1247145,7275,802846,2632,404652,118,39647,4414,99243,5596,592785,4534,692028,California
Contra Costa,2021-05-16,2637,1249782,2321,805167,265,404917,51,39698,1220,99102,1411,594196,1270,693298,California
Contra Costa,2021-05-17,7129,1256911,5754,810921,1198,406115,177,39875,3555,99281,3554,597750,3733,697031,California
Contra Costa,2021-05-18,10241,1267152,6999,817920,3024,409139,218,40093,4432,98155,5779,603529,4653,701684,California
Contra Costa,2021-05-19,8482,1275634,6855,824775,1432,410571,195,40288,3823,97538,4639,608168,4022,705706,California
Contra Costa,2021-05-20,7191,1282825,5674,830449,1330,411901,187,40475,3317,97198,3844,612012,3504,709210,California
Contra Costa,2021-05-21,7068,1289893,5410,835859,1446,413347,212,40687,3189,96744,3852,615864,3398,712608,California
Contra Costa,2021-05-22,5117,1295010,4045,839904,892,414239,180,40867,2488,96806,2604,618468,2666,715274,California
Contra Costa,2021-05-23,1280,1296290,853,840757,370,414609,57,40924,604,96799,667,619135,660,715934,California
Contra Costa,2021-05-24,4746,1301036,3929,844686,641,415250,176,41100,2229,96705,2503,621638,2409,718343,California
Contra Costa,2021-05-25,6269,1307305,5096,849782,922,416172,251,41351,2625,95954,3626,625264,2875,721218,California
Contra Costa,2021-05-26,5619,1312924,3606,853388,1825,417997,188,41539,1926,94396,3671,628935,2113,723331,California
Contra Costa,2021-05-27,3811,1316735,2697,856085,937,418934,177,41716,1603,93980,2192,631127,1776,725107,California
Contra Costa,2021-05-28,5349,1322084,3741,859826,1437,420371,171,41887,2223,93269,3101,634228,2390,727497,California
Contra Costa,2021-05-29,3277,1325361,2131,861957,1029,421400,117,42004,1614,93348,1652,635880,1731,729228,California
Contra Costa,2021-05-30,925,1326286,584,862541,313,421713,28,42032,340,93133,583,636463,368,729596,California
Contra Costa,2021-05-31,385,1326671,265,862806,108,421821,12,42044,127,93016,255,636718,138,729734,California
Contra Costa,2021-06-01,4793,1331464,3564,866370,1083,422904,146,42190,1653,91693,3122,639840,1799,731533,California
Contra Costa,2021-06-02,3426,1334890,2429,868799,853,423757,144,42334,1391,91203,2024,641864,1534,733067,California
Contra Costa,2021-06-03,5406,1340296,4505,873304,786,424543,115,42449,1398,88715,4001,645865,1513,734580,California
Contra Costa,2021-06-04,6363,1346659,5334,878638,891,425434,138,42587,1574,85654,4770,650635,1709,736289,California
Contra Costa,2021-06-05,5211,1351870,4419,883057,680,426114,112,42699,1077,82719,4122,654757,1187,737476,California
Contra Costa,2021-06-06,1357,1353227,1184,884241,143,426257,30,42729,316,82029,1036,655793,346,737822,California
Contra Costa,2021-06-07,4923,1358150,4331,888572,492,426749,100,42829,1347,79911,3566,659359,1448,739270,California
Contra Costa,2021-06-08,6093,1364243,5255,893827,715,427464,123,42952,1416,76790,4660,664019,1539,740809,California
Contra Costa,2021-06-09,4845,1369088,4129,897956,570,428034,146,43098,1240,74592,3585,667604,1387,742196,California
Contra Costa,2021-06-10,4772,1373860,4009,901965,597,428631,166,43264,1218,72438,3538,671142,1384,743580,California
Contra Costa,2021-06-11,4837,1378697,3960,905925,678,429309,199,43463,1272,70358,3550,674692,1470,745050,California
Contra Costa,2021-06-12,3160,1381857,2678,908603,415,429724,67,43530,713,68700,2436,677128,778,745828,California
Contra Costa,2021-06-13,1141,1382998,852,909455,181,429905,108,43638,278,68230,856,677984,386,746214,California
Contra Costa,2021-06-14,3877,1386875,3276,912731,472,430377,129,43767,1111,66719,2748,680732,1237,747451,California
Contra Costa,2021-06-15,4165,1391040,3470,916201,534,430911,161,43928,1309,65342,2847,683579,1470,748921,California
Contra Costa,2021-06-16,3466,1394506,2821,919022,461,431372,184,44112,1208,64493,2239,685818,1390,750311,California
Contra Costa,2021-06-17,2759,1397265,2258,921280,376,431748,125,44237,1048,63960,1704,687522,1171,751482,California
Contra Costa,2021-06-18,3681,1400946,3029,924309,461,432209,191,44428,1327,63134,2342,689864,1516,752998,California
Contra Costa,2021-06-19,2021,1402967,1688,925997,229,432438,104,44532,574,62369,1444,691308,679,753677,California
Contra Costa,2021-06-20,787,1403754,660,926657,98,432536,29,44561,332,62278,451,691759,360,754037,California
Contra Costa,2021-06-21,1806,1405560,1378,928035,273,432809,155,44716,974,62581,824,692583,1127,755164,California
Contra Costa,2021-06-22,3035,1408595,2570,930605,324,433133,141,44857,1185,62069,1837,694420,1325,756489,California
Contra Costa,2021-06-23,2553,1411148,2122,932727,329,433462,102,44959,1028,61682,1517,695937,1130,757619,California
Contra Costa,2021-06-24,2338,1413486,1968,934695,241,433703,129,45088,938,61359,1388,697325,1065,758684,California
Contra Costa,2021-06-25,2756,1416242,2245,936940,357,434060,154,45242,1125,61014,1626,698951,1281,759965,California
Contra Costa,2021-06-26,1450,1417692,1206,938146,168,434228,76,45318,476,60594,972,699923,552,760517,California
Contra Costa,2021-06-27,693,1418385,604,938750,67,434295,22,45340,274,60473,417,700340,296,760813,California
Contra Costa,2021-06-28,2300,1420685,2006,940756,167,434462,127,45467,835,59983,1451,701791,961,761774,California
Contra Costa,2021-06-29,1997,1422682,1678,942434,224,434686,95,45562,710,59508,1278,703069,803,762577,California
Del Norte,2020-12-21,23,23,23,23,0,0,0,0,23,23,0,0,23,23,California
Del Norte,2020-12-22,46,69,46,69,0,0,0,0,46,69,0,0,46,69,California
Del Norte,2020-12-23,59,128,48,117,11,11,0,0,57,126,0,0,57,126,California
Del Norte,2020-12-28,34,162,34,151,0,11,0,0,34,160,0,0,34,160,California
Del Norte,2020-12-29,4,166,4,155,0,11,0,0,4,164,0,0,4,164,California
Del Norte,2020-12-30,67,233,55,210,12,23,0,0,68,232,0,0,68,232,California
Del Norte,2020-12-31,16,249,13,223,3,26,0,0,16,248,0,0,16,248,California
Del Norte,2021-01-04,103,352,50,273,53,79,0,0,103,351,0,0,103,351,California
Del Norte,2021-01-05,32,384,0,273,32,111,0,0,32,383,0,0,32,383,California
Del Norte,2021-01-06,77,461,18,291,59,170,0,0,77,460,0,0,77,460,California
Del Norte,2021-01-07,21,482,1,292,20,190,0,0,21,481,0,0,21,481,California
Del Norte,2021-01-08,77,559,7,299,70,260,0,0,77,558,0,0,77,558,California
Del Norte,2021-01-11,40,599,21,320,19,279,0,0,18,555,22,22,19,577,California
Del Norte,2021-01-12,52,651,33,353,19,298,0,0,31,565,21,43,31,608,California
Del Norte,2021-01-13,86,737,40,393,46,344,0,0,53,585,33,76,53,661,California
Del Norte,2021-01-14,54,791,14,407,40,384,0,0,48,627,6,82,48,709,California
Del Norte,2021-01-15,107,898,18,425,89,473,0,0,95,710,12,94,95,804,California
Del Norte,2021-01-17,1,899,1,426,0,473,0,0,1,711,0,94,1,805,California
Del Norte,2021-01-18,2,901,0,426,2,475,0,0,2,713,0,94,2,807,California
Del Norte,2021-01-19,119,1020,56,482,63,538,0,0,77,748,42,136,77,884,California
Del Norte,2021-01-20,161,1181,86,568,75,613,0,0,98,783,63,199,98,982,California
Del Norte,2021-01-21,43,1224,40,608,3,616,0,0,32,804,11,210,32,1014,California
Del Norte,2021-01-22,19,1243,17,625,2,618,0,0,12,809,7,217,12,1026,California
Del Norte,2021-01-23,1,1244,0,625,1,619,0,0,1,810,0,217,1,1027,California
Del Norte,2021-01-24,1,1245,0,625,1,620,0,0,1,811,0,217,1,1028,California
Del Norte,2021-01-25,101,1346,83,708,18,638,0,0,56,822,45,262,56,1084,California
Del Norte,2021-01-26,18,1364,11,719,7,645,0,0,7,818,11,273,7,1091,California
Del Norte,2021-01-27,64,1428,21,740,43,688,0,0,61,876,3,276,61,1152,California
Del Norte,2021-01-28,293,1721,20,760,273,961,0,0,288,1159,5,281,288,1440,California
Del Norte,2021-01-29,64,1785,23,783,41,1002,0,0,44,1183,20,301,44,1484,California
Del Norte,2021-01-30,8,1793,1,784,7,1009,0,0,8,1191,0,301,8,1492,California
Del Norte,2021-02-01,41,1834,1,785,40,1049,0,0,26,1202,15,316,26,1518,California
Del Norte,2021-02-02,143,1977,35,820,108,1157,0,0,73,1208,68,384,74,1592,California
Del Norte,2021-02-03,129,2106,42,862,87,1244,0,0,74,1227,55,439,74,1666,California
Del Norte,2021-02-04,70,2176,28,890,42,1286,0,0,41,1238,30,469,41,1707,California
Del Norte,2021-02-05,184,2360,22,912,162,1448,0,0,119,1293,64,533,119,1826,California
Del Norte,2021-02-06,311,2671,5,917,306,1754,0,0,311,1604,0,533,311,2137,California
Del Norte,2021-02-07,2,2673,1,918,1,1755,0,0,2,1606,0,533,2,2139,California
Del Norte,2021-02-08,35,2708,1,919,34,1789,0,0,31,1633,4,537,31,2170,California
Del Norte,2021-02-09,8,2716,5,924,3,1792,0,0,2,1629,6,543,2,2172,California
Del Norte,2021-02-10,143,2859,20,944,123,1915,0,0,85,1657,57,600,85,2257,California
Del Norte,2021-02-11,178,3037,59,1003,119,2034,0,0,64,1607,114,714,64,2321,California
Del Norte,2021-02-12,122,3159,14,1017,108,2142,0,0,68,1621,54,768,68,2389,California
Del Norte,2021-02-13,2,3161,1,1018,1,2143,0,0,2,1623,0,768,2,2391,California
Del Norte,2021-02-14,3,3164,1,1019,2,2145,0,0,2,1624,1,769,2,2393,California
Del Norte,2021-02-15,5,3169,0,1019,5,2150,0,0,3,1625,2,771,3,2396,California
Del Norte,2021-02-16,132,3301,1,1020,131,2281,0,0,13,1519,119,890,13,2409,California
Del Norte,2021-02-17,93,3394,20,1040,73,2354,0,0,25,1477,67,957,25,2434,California
Del Norte,2021-02-18,77,3471,24,1064,53,2407,0,0,51,1502,26,983,51,2485,California
Del Norte,2021-02-19,43,3514,17,1081,26,2433,0,0,33,1525,10,993,33,2518,California
Del Norte,2021-02-20,9,3523,6,1087,3,2436,0,0,6,1528,3,996,6,2524,California
Del Norte,2021-02-22,2,3525,0,1087,2,2438,0,0,2,1530,0,996,2,2526,California
Del Norte,2021-02-23,107,3632,89,1176,18,2456,0,0,31,1486,75,1071,31,2557,California
Del Norte,2021-02-24,155,3787,100,1276,55,2511,0,0,80,1491,75,1146,80,2637,California
Del Norte,2021-02-25,479,4266,131,1407,348,2859,0,0,214,1442,263,1409,214,2851,California
Del Norte,2021-02-26,213,4479,177,1584,36,2895,0,0,166,1561,47,1456,166,3017,California
Del Norte,2021-02-27,150,4629,144,1728,5,2900,1,1,141,1694,9,1465,142,3159,California
Del Norte,2021-02-28,4,4633,1,1729,3,2903,0,1,3,1696,1,1466,3,3162,California
Del Norte,2021-03-01,28,4661,2,1731,26,2929,0,1,4,1677,23,1489,4,3166,California
Del Norte,2021-03-02,222,4883,142,1873,80,3009,0,1,188,1831,34,1523,188,3354,California
Del Norte,2021-03-03,176,5059,107,1980,69,3078,0,1,134,1923,42,1565,134,3488,California
Del Norte,2021-03-04,120,5179,83,2063,37,3115,0,1,91,1986,28,1593,91,3579,California
Del Norte,2021-03-05,122,5301,11,2074,111,3226,0,1,74,2012,48,1641,74,3653,California
Del Norte,2021-03-06,465,5766,77,2151,339,3565,49,50,163,1880,302,1943,170,3823,California
Del Norte,2021-03-07,2,5768,1,2152,1,3566,0,50,1,1880,1,1944,1,3824,California
Del Norte,2021-03-08,29,5797,1,2153,26,3592,2,52,6,1866,22,1966,8,3832,California
Del Norte,2021-03-09,194,5991,113,2266,78,3670,3,55,183,2041,11,1977,186,4018,California
Del Norte,2021-03-10,236,6227,96,2362,111,3781,29,84,134,2102,102,2079,163,4181,California
Del Norte,2021-03-11,151,6378,55,2417,91,3872,5,89,103,2162,48,2127,108,4289,California
Del Norte,2021-03-12,177,6555,88,2505,89,3961,0,89,124,2233,53,2180,124,4413,California
Del Norte,2021-03-13,94,6649,93,2598,1,3962,0,89,91,2321,3,2183,91,4504,California
Del Norte,2021-03-14,1,6650,0,2598,1,3963,0,89,1,2321,1,2184,1,4505,California
Del Norte,2021-03-15,38,6688,0,2598,38,4001,0,89,34,2351,4,2188,34,4539,California
Del Norte,2021-03-16,282,6970,135,2733,147,4148,0,89,261,2591,21,2209,261,4800,California
Del Norte,2021-03-17,284,7254,95,2828,187,4335,2,91,170,2649,114,2323,172,4972,California
Del Norte,2021-03-18,284,7538,107,2935,175,4510,2,93,149,2666,134,2457,151,5123,California
Del Norte,2021-03-19,270,7808,160,3095,104,4614,6,99,92,2586,178,2635,98,5221,California
Del Norte,2021-03-20,157,7965,154,3249,3,4617,0,99,15,2459,142,2777,15,5236,California
Del Norte,2021-03-21,4,7969,2,3251,2,4619,0,99,2,2459,2,2779,2,5238,California
Del Norte,2021-03-22,43,8012,3,3254,39,4658,1,100,39,2496,3,2782,40,5278,California
Del Norte,2021-03-23,335,8347,164,3418,153,4811,18,118,164,2508,169,2951,181,5459,California
Del Norte,2021-03-24,397,8744,107,3525,250,5061,40,158,229,2609,168,3119,269,5728,California
Del Norte,2021-03-25,193,8937,88,3613,105,5166,0,158,85,2587,107,3226,85,5813,California
Del Norte,2021-03-26,234,9171,113,3726,121,5287,0,158,197,2747,37,3263,197,6010,California
Del Norte,2021-03-27,107,9278,86,3812,4,5291,17,175,17,2691,90,3353,34,6044,California
Del Norte,2021-03-28,4,9282,2,3814,2,5293,0,175,1,2689,3,3356,1,6045,California
Del Norte,2021-03-29,57,9339,6,3820,34,5327,17,192,32,2713,25,3381,49,6094,California
Del Norte,2021-03-30,338,9677,119,3939,208,5535,11,203,126,2638,212,3593,137,6231,California
Del Norte,2021-03-31,356,10033,101,4040,238,5773,17,220,200,2701,154,3747,217,6448,California
Del Norte,2021-04-01,164,10197,58,4098,72,5845,34,254,69,2710,94,3841,103,6551,California
Del Norte,2021-04-02,232,10429,78,4176,105,5950,49,303,49,2626,183,4024,99,6650,California
Del Norte,2021-04-03,108,10537,83,4259,2,5952,23,326,5,2552,102,4126,28,6678,California
Del Norte,2021-04-04,4,10541,0,4259,0,5952,4,330,0,2552,4,4130,4,6682,California
Del Norte,2021-04-05,47,10588,5,4264,38,5990,4,334,40,2589,7,4137,44,6726,California
Del Norte,2021-04-06,381,10969,120,4384,223,6213,38,372,146,2543,231,4368,185,6911,California
Del Norte,2021-04-07,438,11407,115,4499,261,6474,62,434,289,2746,149,4517,352,7263,California
Del Norte,2021-04-08,229,11636,54,4553,106,6580,69,503,105,2796,124,4641,174,7437,California
Del Norte,2021-04-09,207,11843,47,4600,83,6663,77,580,100,2865,106,4747,175,7612,California
Del Norte,2021-04-10,47,11890,26,4626,4,6667,17,597,27,2889,20,4767,44,7656,California
Del Norte,2021-04-11,12,11902,3,4629,2,6669,7,604,2,2888,10,4777,9,7665,California
Del Norte,2021-04-12,27,11929,1,4630,9,6678,17,621,1,2881,25,4802,18,7683,California
Del Norte,2021-04-13,299,12228,50,4680,249,6927,0,621,155,2892,144,4946,155,7838,California
Del Norte,2021-04-14,331,12559,23,4703,308,7235,0,621,139,2844,192,5138,144,7982,California
Del Norte,2021-04-15,164,12723,31,4734,133,7368,0,621,45,2771,119,5257,46,8028,California
Del Norte,2021-04-16,162,12885,40,4774,122,7490,0,621,60,2730,102,5359,61,8089,California
Del Norte,2021-04-17,108,12993,76,4850,32,7522,0,621,102,2826,6,5365,102,8191,California
Del Norte,2021-04-18,6,12999,5,4855,1,7523,0,621,5,2830,1,5366,5,8196,California
Del Norte,2021-04-19,51,13050,6,4861,45,7568,0,621,9,2797,42,5408,9,8205,California
Del Norte,2021-04-20,209,13259,40,4901,169,7737,0,621,74,2736,135,5543,74,8279,California
Del Norte,2021-04-21,293,13552,23,4924,270,8007,0,621,68,2582,225,5768,71,8350,California
Del Norte,2021-04-22,116,13668,16,4940,100,8107,0,621,63,2592,53,5821,63,8413,California
Del Norte,2021-04-23,155,13823,22,4962,133,8240,0,621,41,2519,114,5935,41,8454,California
Del Norte,2021-04-24,25,13848,14,4976,11,8251,0,621,20,2534,5,5940,20,8474,California
Del Norte,2021-04-25,2,13850,0,4976,2,8253,0,621,2,2536,0,5940,2,8476,California
Del Norte,2021-04-26,31,13881,0,4976,31,8284,0,621,9,2523,22,5962,9,8485,California
Del Norte,2021-04-27,181,14062,21,4997,155,8439,5,626,50,2448,131,6093,56,8541,California
Del Norte,2021-04-28,351,14413,100,5097,246,8685,5,631,63,2230,287,6380,69,8610,California
Del Norte,2021-04-29,93,14506,6,5103,83,8768,4,635,26,2193,67,6447,30,8640,California
Del Norte,2021-04-30,87,14593,7,5110,70,8838,10,645,47,2210,40,6487,57,8697,California
Del Norte,2021-05-01,7,14600,2,5112,5,8843,0,645,5,2213,2,6489,5,8702,California
Del Norte,2021-05-02,8,14608,0,5112,8,8851,0,645,8,2221,0,6489,8,8710,California
Del Norte,2021-05-03,40,14648,3,5115,34,8885,3,648,2,2189,37,6526,5,8715,California
Del Norte,2021-05-04,222,14870,36,5151,181,9066,5,653,47,2066,175,6701,52,8767,California
Del Norte,2021-05-05,234,15104,20,5171,206,9272,8,661,59,1959,174,6875,67,8834,California
Del Norte,2021-05-06,113,15217,26,5197,74,9346,13,674,26,1911,87,6962,39,8873,California
Del Norte,2021-05-07,151,15368,28,5225,119,9465,4,678,31,1826,120,7082,35,8908,California
Del Norte,2021-05-08,65,15433,55,5280,8,9473,2,680,7,1777,58,7140,9,8917,California
Del Norte,2021-05-09,10,15443,4,5284,3,9476,3,683,2,1774,8,7148,5,8922,California
Del Norte,2021-05-10,24,15467,3,5287,17,9493,4,687,14,1782,10,7158,18,8940,California
Del Norte,2021-05-11,177,15644,50,5337,125,9618,2,689,34,1675,143,7301,36,8976,California
Del Norte,2021-05-12,151,15795,23,5360,118,9736,10,699,27,1589,123,7424,37,9013,California
Del Norte,2021-05-13,69,15864,31,5391,37,9773,1,700,39,1599,30,7454,40,9053,California
Del Norte,2021-05-14,76,15940,26,5417,49,9822,1,701,41,1606,35,7489,42,9095,California
Del Norte,2021-05-15,96,16036,53,5470,37,9859,6,707,53,1622,43,7532,59,9154,California
Del Norte,2021-05-16,11,16047,0,5470,11,9870,0,707,11,1633,0,7532,11,9165,California
Del Norte,2021-05-17,26,16073,3,5473,20,9890,3,710,15,1640,11,7543,18,9183,California
Del Norte,2021-05-18,129,16202,69,5542,60,9950,0,710,81,1673,48,7591,81,9264,California
Del Norte,2021-05-19,97,16299,14,5556,66,10016,17,727,35,1662,62,7653,51,9315,California
Del Norte,2021-05-20,101,16400,33,5589,65,10081,3,730,41,1647,59,7712,44,9359,California
Del Norte,2021-05-21,81,16481,34,5623,44,10125,3,733,44,1657,37,7749,47,9406,California
Del Norte,2021-05-22,24,16505,8,5631,16,10141,0,733,11,1656,12,7761,11,9417,California
Del Norte,2021-05-23,14,16519,5,5636,9,10150,0,733,7,1656,7,7768,7,9424,California
Del Norte,2021-05-24,25,16544,9,5645,16,10166,0,733,16,1663,9,7777,16,9440,California
Del Norte,2021-05-25,47,16591,5,5650,36,10202,6,739,17,1659,27,7804,23,9463,California
Del Norte,2021-05-26,117,16708,36,5686,74,10276,7,746,54,1658,62,7866,61,9524,California
Del Norte,2021-05-27,72,16780,27,5713,41,10317,4,750,34,1658,38,7904,38,9562,California
Del Norte,2021-05-28,52,16832,7,5720,37,10354,8,758,8,1630,44,7948,16,9578,California
Del Norte,2021-05-29,8,16840,0,5720,4,10358,4,762,3,1632,5,7953,7,9585,California
Del Norte,2021-05-30,6,16846,0,5720,6,10364,0,762,1,1628,5,7958,1,9586,California
Del Norte,2021-05-31,4,16850,2,5722,2,10366,0,762,3,1630,1,7959,3,9589,California
Del Norte,2021-06-01,52,16902,6,5728,39,10405,7,769,11,1607,41,8000,18,9607,California
Del Norte,2021-06-02,84,16986,11,5739,68,10473,5,774,19,1566,65,8065,24,9631,California
Del Norte,2021-06-03,62,17048,36,5775,24,10497,2,776,27,1560,35,8100,29,9660,California
Del Norte,2021-06-04,71,17119,25,5800,41,10538,5,781,20,1534,51,8151,25,9685,California
Del Norte,2021-06-05,1,17120,0,5800,1,10539,0,781,0,1533,1,8152,0,9685,California
Del Norte,2021-06-06,10,17130,4,5804,4,10543,2,783,7,1539,3,8155,9,9694,California
Del Norte,2021-06-07,40,17170,9,5813,26,10569,5,788,15,1534,25,8180,20,9714,California
Del Norte,2021-06-08,112,17282,81,5894,26,10595,5,793,33,1493,79,8259,38,9752,California
Del Norte,2021-06-09,58,17340,11,5905,40,10635,7,800,16,1474,42,8301,23,9775,California
Del Norte,2021-06-10,57,17397,27,5932,23,10658,7,807,12,1449,44,8345,19,9794,California
Del Norte,2021-06-11,59,17456,23,5955,27,10685,9,816,13,1425,46,8391,22,9816,California
Del Norte,2021-06-12,17,17473,3,5958,11,10696,3,819,2,1415,15,8406,5,9821,California
Del Norte,2021-06-13,61,17534,43,6001,13,10709,5,824,13,1385,48,8454,18,9839,California
Del Norte,2021-06-14,37,17571,15,6016,18,10727,4,828,15,1383,21,8475,19,9858,California
Del Norte,2021-06-15,38,17609,9,6025,21,10748,8,836,5,1363,33,8508,13,9871,California
Del Norte,2021-06-16,99,17708,38,6063,50,10798,11,847,22,1319,77,8585,33,9904,California
Del Norte,2021-06-17,31,17739,13,6076,15,10813,3,850,7,1305,24,8609,10,9914,California
Del Norte,2021-06-18,48,17787,22,6098,21,10834,5,855,19,1300,29,8638,24,9938,California
Del Norte,2021-06-19,11,17798,0,6098,7,10841,4,859,3,1299,8,8646,7,9945,California
Del Norte,2021-06-20,13,17811,9,6107,4,10845,0,859,8,1302,5,8651,8,9953,California
Del Norte,2021-06-21,24,17835,9,6116,10,10855,5,864,10,1303,14,8665,15,9968,California
Del Norte,2021-06-22,39,17874,9,6125,19,10874,11,875,14,1303,25,8690,25,9993,California
Del Norte,2021-06-23,68,17942,32,6157,30,10904,6,881,31,1304,36,8726,37,10030,California
Del Norte,2021-06-24,42,17984,27,6184,10,10914,5,886,17,1301,25,8751,22,10052,California
Del Norte,2021-06-25,28,18012,14,6198,12,10926,2,888,13,1301,15,8766,15,10067,California
Del Norte,2021-06-26,5,18017,0,6198,5,10931,0,888,2,1300,3,8769,2,10069,California
Del Norte,2021-06-27,9,18026,4,6202,5,10936,0,888,6,1303,3,8772,6,10075,California
Del Norte,2021-06-28,13,18039,6,6208,5,10941,2,890,7,1306,6,8778,9,10084,California
Del Norte,2021-06-29,49,18088,36,6244,11,10952,2,892,18,1295,31,8809,20,10104,California
El Dorado,2020-12-15,12,12,12,12,0,0,0,0,12,12,0,0,12,12,California
El Dorado,2020-12-16,40,52,40,52,0,0,0,0,40,52,0,0,40,52,California
El Dorado,2020-12-17,33,85,33,85,0,0,0,0,33,85,0,0,33,85,California
El Dorado,2020-12-18,262,347,262,347,0,0,0,0,262,347,0,0,262,347,California
El Dorado,2020-12-19,118,465,118,465,0,0,0,0,118,465,0,0,118,465,California
El Dorado,2020-12-20,87,552,87,552,0,0,0,0,87,552,0,0,87,552,California
El Dorado,2020-12-21,312,864,311,863,1,1,0,0,312,864,0,0,312,864,California
El Dorado,2020-12-22,239,1103,215,1078,24,25,0,0,239,1103,0,0,239,1103,California
El Dorado,2020-12-23,190,1293,141,1219,49,74,0,0,190,1293,0,0,190,1293,California
El Dorado,2020-12-24,86,1379,65,1284,21,95,0,0,86,1379,0,0,86,1379,California
El Dorado,2020-12-25,8,1387,8,1292,0,95,0,0,8,1387,0,0,8,1387,California
El Dorado,2020-12-26,45,1432,27,1319,18,113,0,0,45,1432,0,0,45,1432,California
El Dorado,2020-12-27,38,1470,34,1353,4,117,0,0,38,1470,0,0,38,1470,California
El Dorado,2020-12-28,218,1688,169,1522,49,166,0,0,218,1688,0,0,218,1688,California
El Dorado,2020-12-29,462,2150,145,1667,317,483,0,0,462,2150,0,0,462,2150,California
El Dorado,2020-12-30,510,2660,139,1806,371,854,0,0,510,2660,0,0,510,2660,California
El Dorado,2020-12-31,109,2769,69,1875,40,894,0,0,109,2769,0,0,109,2769,California
El Dorado,2021-01-01,7,2776,4,1879,3,897,0,0,7,2776,0,0,7,2776,California
El Dorado,2021-01-02,153,2929,141,2020,12,909,0,0,153,2929,0,0,153,2929,California
El Dorado,2021-01-03,94,3023,18,2038,76,985,0,0,94,3023,0,0,94,3023,California
El Dorado,2021-01-04,192,3215,61,2099,131,1116,0,0,192,3215,0,0,192,3215,California
El Dorado,2021-01-05,229,3444,73,2172,156,1272,0,0,211,3408,18,18,211,3426,California
El Dorado,2021-01-06,243,3687,168,2340,75,1347,0,0,177,3520,65,83,177,3603,California
El Dorado,2021-01-07,337,4024,138,2478,199,1546,0,0,259,3701,78,161,259,3862,California
El Dorado,2021-01-08,992,5016,512,2990,480,2026,0,0,766,4242,226,387,767,4629,California
El Dorado,2021-01-09,198,5214,160,3150,38,2064,0,0,127,4298,71,458,127,4756,California
El Dorado,2021-01-10,180,5394,131,3281,49,2113,0,0,109,4337,71,529,110,4866,California
El Dorado,2021-01-11,662,6056,295,3576,367,2480,0,0,461,4599,200,729,462,5328,California
El Dorado,2021-01-12,811,6867,427,4003,384,2864,0,0,559,4906,252,981,559,5887,California
El Dorado,2021-01-13,705,7572,300,4303,405,3269,0,0,541,5283,164,1145,541,6428,California
El Dorado,2021-01-14,803,8375,222,4525,581,3850,0,0,707,5895,95,1240,707,7135,California
El Dorado,2021-01-15,797,9172,190,4715,607,4457,0,0,723,6544,74,1314,723,7858,California
El Dorado,2021-01-16,216,9388,102,4817,114,4571,0,0,189,6706,27,1341,189,8047,California
El Dorado,2021-01-17,107,9495,50,4867,57,4628,0,0,89,6777,18,1359,89,8136,California
El Dorado,2021-01-18,426,9921,142,5009,284,4912,0,0,352,7055,74,1433,352,8488,California
El Dorado,2021-01-19,753,10674,451,5460,302,5214,0,0,602,7507,151,1584,603,9091,California
El Dorado,2021-01-20,1015,11689,692,6152,323,5537,0,0,900,8293,114,1698,900,9991,California
El Dorado,2021-01-21,1271,12960,683,6835,588,6125,0,0,1063,9189,167,1865,1063,11054,California
El Dorado,2021-01-22,1244,14204,843,7678,401,6526,0,0,1182,10310,61,1926,1182,12236,California
El Dorado,2021-01-23,881,15085,624,8302,257,6783,0,0,765,10959,116,2042,765,13001,California
El Dorado,2021-01-24,129,15214,79,8381,50,6833,0,0,109,11048,20,2062,109,13110,California
El Dorado,2021-01-25,698,15912,292,8673,406,7239,0,0,610,11570,88,2150,610,13720,California
El Dorado,2021-01-26,684,16596,369,9042,315,7554,0,0,577,12040,107,2257,577,14297,California
El Dorado,2021-01-27,997,17593,394,9436,603,8157,0,0,658,12358,340,2597,658,14955,California
El Dorado,2021-01-28,1114,18707,455,9891,659,8816,0,0,752,12748,362,2959,752,15707,California
El Dorado,2021-01-29,1047,19754,557,10448,490,9306,0,0,755,13213,291,3250,756,16463,California
El Dorado,2021-01-30,842,20596,293,10741,549,9855,0,0,745,13862,96,3346,745,17208,California
El Dorado,2021-01-31,239,20835,216,10957,23,9878,0,0,184,13991,55,3401,184,17392,California
El Dorado,2021-02-01,803,21638,367,11324,436,10314,0,0,655,14498,148,3549,655,18047,California
El Dorado,2021-02-02,850,22488,369,11693,481,10795,0,0,686,15020,164,3713,686,18733,California
El Dorado,2021-02-03,906,23394,477,12170,429,11224,0,0,693,15500,213,3926,693,19426,California
El Dorado,2021-02-04,1254,24648,709,12879,545,11769,0,0,871,15990,381,4307,871,20297,California
El Dorado,2021-02-05,1504,26152,610,13489,894,12663,0,0,869,16261,598,4905,869,21166,California
El Dorado,2021-02-06,1089,27241,333,13822,756,13419,0,0,982,17137,107,5012,983,22149,California
El Dorado,2021-02-07,263,27504,180,14002,83,13502,0,0,197,17268,66,5078,197,22346,California
El Dorado,2021-02-08,883,28387,418,14420,465,13967,0,0,606,17599,275,5353,606,22952,California
El Dorado,2021-02-09,982,29369,550,14970,432,14399,0,0,546,17711,434,5787,546,23498,California
El Dorado,2021-02-10,1271,30640,743,15713,528,14927,0,0,670,17781,600,6387,670,24168,California
El Dorado,2021-02-11,2170,32810,897,16610,1273,16200,0,0,754,17124,1412,7799,755,24923,California
El Dorado,2021-02-12,1588,34398,833,17443,755,16955,0,0,675,16891,909,8708,676,25599,California
El Dorado,2021-02-13,1260,35658,676,18119,584,17539,0,0,659,16952,598,9306,659,26258,California
El Dorado,2021-02-14,493,36151,157,18276,336,17875,0,0,400,17259,93,9399,400,26658,California
El Dorado,2021-02-15,1178,37329,387,18663,791,18666,0,0,817,17719,361,9760,821,27479,California
El Dorado,2021-02-16,1207,38536,530,19193,677,19343,0,0,668,17850,538,10298,669,28148,California
El Dorado,2021-02-17,958,39494,423,19616,535,19878,0,0,463,17820,495,10793,465,28613,California
El Dorado,2021-02-18,2121,41615,1037,20653,1084,20962,0,0,1076,17859,1037,11830,1076,29689,California
El Dorado,2021-02-19,1236,42851,660,21313,576,21538,0,0,692,18008,543,12373,692,30381,California
El Dorado,2021-02-20,1091,43942,462,21775,629,22167,0,0,682,18288,403,12776,683,31064,California
El Dorado,2021-02-21,357,44299,236,22011,121,22288,0,0,168,18267,189,12965,168,31232,California
El Dorado,2021-02-22,894,45193,449,22460,445,22733,0,0,278,17931,614,13579,278,31510,California
El Dorado,2021-02-23,869,46062,486,22946,383,23116,0,0,353,17769,515,14094,353,31863,California
El Dorado,2021-02-24,1042,47104,448,23394,594,23710,0,0,437,17601,605,14699,437,32300,California
El Dorado,2021-02-25,1923,49027,1150,24544,773,24483,0,0,698,17085,1218,15917,702,33002,California
El Dorado,2021-02-26,2407,51434,1505,26049,902,25385,0,0,1617,17915,787,16704,1617,34619,California
El Dorado,2021-02-27,1739,53173,448,26497,1291,26676,0,0,1289,18757,447,17151,1289,35908,California
El Dorado,2021-02-28,965,54138,230,26727,735,27411,0,0,502,18798,462,17613,503,36411,California
El Dorado,2021-03-01,1165,55303,468,27195,695,28106,2,2,644,18924,520,18133,646,37057,California
El Dorado,2021-03-02,940,56243,273,27468,666,28772,1,3,492,18972,446,18579,494,37551,California
El Dorado,2021-03-03,1711,57954,470,27938,1241,30013,0,3,1164,19599,539,19118,1166,38717,California
El Dorado,2021-03-04,2522,60476,1550,29488,972,30985,0,3,1199,19480,1319,20437,1200,39917,California
El Dorado,2021-03-05,1592,62068,432,29920,1155,32140,5,8,1054,20007,532,20969,1059,40976,California
El Dorado,2021-03-06,742,62810,216,30136,491,32631,35,43,392,20085,349,21318,427,41403,California
El Dorado,2021-03-07,863,63673,200,30336,644,33275,19,62,245,19734,615,21933,264,41667,California
El Dorado,2021-03-08,1337,65010,372,30708,892,34167,73,135,863,20199,469,22402,934,42601,California
El Dorado,2021-03-09,992,66002,231,30939,692,34859,69,204,589,20470,387,22789,658,43259,California
El Dorado,2021-03-10,958,66960,349,31288,553,35412,56,260,552,20678,399,23188,607,43866,California
El Dorado,2021-03-11,3035,69995,1838,33126,1012,36424,185,445,1290,20427,1723,24911,1472,45338,California
El Dorado,2021-03-12,1804,71799,627,33753,934,37358,243,688,749,20382,1037,25948,992,46330,California
El Dorado,2021-03-13,1134,72933,347,34100,504,37862,283,971,433,20397,698,26646,713,47043,California
El Dorado,2021-03-14,1017,73950,207,34307,699,38561,111,1082,279,20051,736,27382,390,47433,California
El Dorado,2021-03-15,1397,75347,304,34611,968,39529,125,1207,607,19998,786,28168,733,48166,California
El Dorado,2021-03-16,1224,76571,417,35028,663,40192,144,1351,563,20050,656,28824,708,48874,California
El Dorado,2021-03-17,1150,77721,362,35390,692,40884,96,1447,749,20493,400,29224,843,49717,California
El Dorado,2021-03-18,3015,80736,1784,37174,1186,42070,45,1492,1981,21495,1025,30249,2027,51744,California
El Dorado,2021-03-19,1128,81864,365,37539,612,42682,151,1643,627,21774,498,30747,777,52521,California
El Dorado,2021-03-20,1087,82951,270,37809,801,43483,16,1659,504,21722,572,31319,520,53041,California
El Dorado,2021-03-21,1036,83987,424,38233,607,44090,5,1664,910,22524,124,31443,926,53967,California
El Dorado,2021-03-22,1517,85504,495,38728,940,45030,82,1746,1192,23479,319,31762,1274,55241,California
El Dorado,2021-03-23,1159,86663,458,39186,606,45636,95,1841,734,23895,413,32175,829,56070,California
El Dorado,2021-03-24,1464,88127,629,39815,642,46278,193,2034,659,23970,777,32952,852,56922,California
El Dorado,2021-03-25,2522,90649,1690,41505,728,47006,104,2138,1372,24304,1143,34095,1477,58399,California
El Dorado,2021-03-26,1829,92478,698,42203,1021,48027,110,2248,930,24470,875,34970,1041,59440,California
El Dorado,2021-03-27,1501,93979,189,42392,1307,49334,5,2253,493,23966,1002,35972,498,59938,California
El Dorado,2021-03-28,692,94671,183,42575,498,49832,11,2264,171,23631,517,36489,182,60120,California
El Dorado,2021-03-29,1320,95991,434,43009,870,50702,16,2280,823,23976,494,36983,839,60959,California
El Dorado,2021-03-30,1367,97358,417,43426,857,51559,93,2373,681,24070,678,37661,772,61731,California
El Dorado,2021-03-31,1571,98929,588,44014,918,52477,65,2438,693,23950,875,38536,755,62486,California
El Dorado,2021-04-01,3248,102177,1775,45789,1390,53867,83,2521,1542,23874,1702,40238,1626,64112,California
El Dorado,2021-04-02,1901,104078,565,46354,1239,55106,97,2618,749,23574,1146,41384,846,64958,California
El Dorado,2021-04-03,753,104831,298,46652,334,55440,121,2739,232,23408,518,41902,352,65310,California
El Dorado,2021-04-04,273,105104,85,46737,140,55580,48,2787,98,23380,174,42076,146,65456,California
El Dorado,2021-04-05,1424,106528,423,47160,907,56487,94,2881,592,23240,825,42901,685,66141,California
El Dorado,2021-04-06,1414,107942,525,47685,670,57157,219,3100,450,22948,959,43860,667,66808,California
El Dorado,2021-04-07,1593,109535,560,48245,583,57740,450,3550,561,22927,1029,44889,1008,67816,California
El Dorado,2021-04-08,2695,112230,1729,49974,730,58470,236,3786,1113,22702,1573,46462,1348,69164,California
El Dorado,2021-04-09,1448,113678,459,50433,768,59238,221,4007,575,22624,870,47332,792,69956,California
El Dorado,2021-04-10,994,114672,228,50661,654,59892,112,4119,641,23026,350,47682,752,70708,California
El Dorado,2021-04-11,773,115445,454,51115,303,60195,16,4135,209,22688,563,48245,225,70933,California
El Dorado,2021-04-12,1287,116732,502,51617,636,60831,149,4284,563,22682,717,48962,711,71644,California
El Dorado,2021-04-13,1122,117854,610,52227,512,61343,0,4284,507,22578,611,49573,507,72151,California
El Dorado,2021-04-14,1103,118957,467,52694,635,61978,1,4285,380,22251,708,50281,381,72532,California
El Dorado,2021-04-15,2525,121482,1696,54390,829,62807,0,4285,961,21654,1559,51840,962,73494,California
El Dorado,2021-04-16,1473,122955,522,54912,951,63758,0,4285,608,21402,861,52701,609,74103,California
El Dorado,2021-04-17,1010,123965,202,55114,807,64565,1,4286,709,21813,298,52999,709,74812,California
El Dorado,2021-04-18,1208,125173,120,55234,1088,65653,0,4286,426,21458,781,53780,426,75238,California
El Dorado,2021-04-19,1738,126911,444,55678,1294,66947,0,4286,697,21120,1035,54815,697,75935,California
El Dorado,2021-04-20,1152,128063,397,56075,755,67702,0,4286,478,20930,669,55484,479,76414,California
El Dorado,2021-04-21,1238,129301,537,56612,697,68399,4,4290,636,20975,594,56078,639,77053,California
El Dorado,2021-04-22,2581,131882,1713,58325,868,69267,0,4290,1073,20545,1504,57582,1074,78127,California
El Dorado,2021-04-23,1434,133316,520,58845,914,70181,0,4290,727,20569,704,58286,728,78855,California
El Dorado,2021-04-24,1045,134361,521,59366,524,70705,0,4290,805,21136,238,58524,805,79660,California
El Dorado,2021-04-25,830,135191,450,59816,380,71085,0,4290,475,21256,355,58879,475,80135,California
El Dorado,2021-04-26,1207,136398,496,60312,694,71779,17,4307,566,21202,636,59515,582,80717,California
El Dorado,2021-04-27,1136,137534,431,60743,667,72446,38,4345,509,21129,620,60135,547,81264,California
El Dorado,2021-04-28,1087,138621,375,61118,672,73118,40,4385,442,20967,644,60779,482,81746,California
El Dorado,2021-04-29,2008,140629,1380,62498,596,73714,32,4417,599,20192,1406,62185,631,82377,California
El Dorado,2021-04-30,2152,142781,1364,63862,747,74461,41,4458,1376,20846,762,62947,1416,83793,California
El Dorado,2021-05-01,621,143402,286,64148,307,74768,28,4486,277,20814,337,63284,305,84098,California
El Dorado,2021-05-02,301,143703,214,64362,58,74826,29,4515,100,20744,198,63482,128,84226,California
El Dorado,2021-05-03,826,144529,403,64765,373,75199,50,4565,281,20535,541,64023,332,84558,California
El Dorado,2021-05-04,914,145443,462,65227,392,75591,60,4625,327,20339,583,64606,387,84945,California
El Dorado,2021-05-05,905,146348,452,65679,379,75970,74,4699,437,20384,466,65072,511,85456,California
El Dorado,2021-05-06,1142,147490,504,66183,590,76560,48,4747,488,20268,648,65720,532,85988,California
El Dorado,2021-05-07,996,148486,391,66574,546,77106,59,4806,405,20140,591,66311,463,86451,California
El Dorado,2021-05-08,674,149160,153,66727,484,77590,37,4843,221,19948,450,66761,258,86709,California
El Dorado,2021-05-09,232,149392,93,66820,112,77702,27,4870,102,19948,129,66890,129,86838,California
El Dorado,2021-05-10,827,150219,276,67096,493,78195,58,4928,239,19665,578,67468,295,87133,California
El Dorado,2021-05-11,697,150916,310,67406,325,78520,62,4990,283,19600,411,67879,346,87479,California
El Dorado,2021-05-12,653,151569,345,67751,267,78787,41,5031,248,19485,405,68284,290,87769,California
El Dorado,2021-05-13,1264,152833,798,68549,426,79213,40,5071,470,19206,788,69072,509,88278,California
El Dorado,2021-05-14,1413,154246,815,69364,514,79727,84,5155,669,19220,739,69811,753,89031,California
El Dorado,2021-05-15,906,155152,560,69924,290,80017,56,5211,320,19010,586,70397,376,89407,California
El Dorado,2021-05-16,873,156025,464,70388,383,80400,26,5237,236,18636,636,71033,262,89669,California
El Dorado,2021-05-17,1579,157604,670,71058,860,81260,49,5286,560,18229,1015,72048,608,90277,California
El Dorado,2021-05-18,1030,158634,517,71575,459,81719,54,5340,438,18130,591,72639,492,90769,California
El Dorado,2021-05-19,818,159452,332,71907,434,82153,52,5392,306,17982,505,73144,357,91126,California
El Dorado,2021-05-20,1182,160634,658,72565,449,82602,75,5467,440,17756,739,73883,513,91639,California
El Dorado,2021-05-21,2338,162972,1747,74312,548,83150,43,5510,811,17087,1523,75406,854,92493,California
El Dorado,2021-05-22,707,163679,206,74518,465,83615,36,5546,222,16861,484,75890,258,92751,California
El Dorado,2021-05-23,380,164059,134,74652,217,83832,29,5575,93,16698,285,76175,122,92873,California
El Dorado,2021-05-24,879,164938,452,75104,358,84190,69,5644,304,16498,571,76746,371,93244,California
El Dorado,2021-05-25,608,165546,255,75359,317,84507,36,5680,221,16370,384,77130,256,93500,California
El Dorado,2021-05-26,810,166356,398,75757,388,84895,24,5704,277,16140,531,77661,301,93801,California
El Dorado,2021-05-27,622,166978,245,76002,342,85237,35,5739,310,16173,311,77972,344,94145,California
El Dorado,2021-05-28,731,167709,257,76259,410,85647,64,5803,305,16119,423,78395,369,94514,California
El Dorado,2021-05-29,390,168099,111,76370,263,85910,16,5819,171,16087,219,78614,187,94701,California
El Dorado,2021-05-30,173,168272,101,76471,58,85968,14,5833,81,16091,91,78705,95,94796,California
El Dorado,2021-05-31,37,168309,12,76483,14,85982,11,5844,8,16081,29,78734,19,94815,California
El Dorado,2021-06-01,676,168985,290,76773,347,86329,39,5883,228,15903,445,79179,267,95082,California
El Dorado,2021-06-02,630,169615,299,77072,281,86610,50,5933,259,15842,370,79549,309,95391,California
El Dorado,2021-06-03,728,170343,339,77411,346,86956,43,5976,173,15503,555,80104,216,95607,California
El Dorado,2021-06-04,885,171228,527,77938,324,87280,34,6010,185,15024,698,80802,219,95826,California
El Dorado,2021-06-05,389,171617,225,78163,152,87432,12,6022,83,14814,305,81107,95,95921,California
El Dorado,2021-06-06,279,171896,194,78357,69,87501,16,6038,51,14653,227,81334,66,95987,California
El Dorado,2021-06-07,785,172681,488,78845,257,87758,40,6078,171,14258,606,81940,211,96198,California
El Dorado,2021-06-08,632,173313,383,79228,216,87974,33,6111,130,13921,499,82439,162,96360,California
El Dorado,2021-06-09,464,173777,277,79505,161,88135,26,6137,111,13705,353,82792,137,96497,California
El Dorado,2021-06-10,587,174364,366,79871,190,88325,31,6168,162,13475,423,83215,193,96690,California
El Dorado,2021-06-11,657,175021,393,80264,220,88545,44,6212,130,13123,526,83741,174,96864,California
El Dorado,2021-06-12,261,175282,153,80417,89,88634,19,6231,61,13004,199,83940,80,96944,California
El Dorado,2021-06-13,162,175444,90,80507,54,88688,18,6249,34,12929,127,84067,52,96996,California
El Dorado,2021-06-14,508,175952,357,80864,121,88809,30,6279,133,12717,375,84442,163,97159,California
El Dorado,2021-06-15,447,176399,237,81101,173,88982,37,6316,126,12562,318,84760,163,97322,California
El Dorado,2021-06-16,505,176904,355,81456,109,89091,41,6357,131,12361,373,85133,172,97494,California
El Dorado,2021-06-17,437,177341,267,81723,137,89228,33,6390,139,12237,297,85430,173,97667,California
El Dorado,2021-06-18,395,177736,252,81975,109,89337,34,6424,118,12113,276,85706,152,97819,California
El Dorado,2021-06-19,247,177983,154,82129,80,89417,13,6437,91,12062,155,85861,104,97923,California
El Dorado,2021-06-20,123,178106,89,82218,28,89445,6,6443,52,12049,71,85932,58,97981,California
El Dorado,2021-06-21,318,178424,164,82382,129,89574,25,6468,124,12006,192,86124,149,98130,California
El Dorado,2021-06-22,394,178818,257,82639,114,89688,23,6491,133,11902,260,86384,156,98286,California
El Dorado,2021-06-23,424,179242,292,82931,110,89798,22,6513,139,11780,283,86667,161,98447,California
El Dorado,2021-06-24,391,179633,241,83172,136,89934,14,6527,146,11695,245,86912,160,98607,California
El Dorado,2021-06-25,350,179983,215,83387,99,90033,36,6563,144,11674,201,87113,180,98787,California
El Dorado,2021-06-26,207,180190,122,83509,70,90103,15,6578,69,11622,137,87250,85,98872,California
El Dorado,2021-06-27,114,180304,80,83589,28,90131,6,6584,51,11616,63,87313,57,98929,California
El Dorado,2021-06-28,300,180604,211,83800,63,90194,26,6610,129,11601,170,87483,155,99084,California
El Dorado,2021-06-29,227,180831,135,83935,72,90266,20,6630,82,11559,144,87627,102,99186,California
Fresno,2020-12-15,2,2,2,2,0,0,0,0,2,2,0,0,2,2,California
Fresno,2020-12-16,124,126,124,126,0,0,0,0,124,126,0,0,124,126,California
Fresno,2020-12-17,123,249,123,249,0,0,0,0,123,249,0,0,123,249,California
Fresno,2020-12-18,351,600,351,600,0,0,0,0,351,600,0,0,351,600,California
Fresno,2020-12-19,161,761,161,761,0,0,0,0,161,761,0,0,161,761,California
Fresno,2020-12-20,258,1019,256,1017,2,2,0,0,258,1019,0,0,258,1019,California
Fresno,2020-12-21,931,1950,929,1946,2,4,0,0,960,1979,0,0,960,1979,California
Fresno,2020-12-22,908,2858,876,2822,32,36,0,0,912,2891,0,0,912,2891,California
Fresno,2020-12-23,1089,3947,1046,3868,43,79,0,0,1090,3981,0,0,1090,3981,California
Fresno,2020-12-24,590,4537,564,4432,26,105,0,0,590,4571,0,0,590,4571,California
Fresno,2020-12-25,3,4540,1,4433,2,107,0,0,3,4574,0,0,3,4574,California
Fresno,2020-12-26,723,5263,714,5147,9,116,0,0,723,5297,0,0,723,5297,California
Fresno,2020-12-27,306,5569,210,5357,96,212,0,0,306,5603,0,0,306,5603,California
Fresno,2020-12-28,1096,6665,801,6158,295,507,0,0,1097,6700,0,0,1097,6700,California
Fresno,2020-12-29,1767,8432,1000,7158,767,1274,0,0,1765,8464,1,1,1765,8465,California
Fresno,2020-12-30,986,9418,445,7603,541,1815,0,0,986,9450,0,1,986,9451,California
Fresno,2020-12-31,929,10347,310,7913,619,2434,0,0,928,10378,0,1,928,10379,California
Fresno,2021-01-01,10,10357,3,7916,7,2441,0,0,10,10388,0,1,10,10389,California
Fresno,2021-01-02,1027,11384,712,8628,315,2756,0,0,1027,11415,0,1,1027,11416,California
Fresno,2021-01-03,156,11540,130,8758,26,2782,0,0,156,11571,0,1,156,11572,California
Fresno,2021-01-04,623,12163,376,9134,247,3029,0,0,623,12194,0,1,623,12195,California
Fresno,2021-01-05,786,12949,312,9446,474,3503,0,0,712,12832,74,75,712,12907,California
Fresno,2021-01-06,994,13943,350,9796,644,4147,0,0,820,13478,174,249,820,13727,California
Fresno,2021-01-07,1902,15845,919,10715,983,5130,0,0,1646,14871,256,505,1649,15376,California
Fresno,2021-01-08,1795,17640,615,11330,1180,6310,0,0,1429,15937,364,869,1430,16806,California
Fresno,2021-01-09,638,18278,391,11721,247,6557,0,0,360,16019,278,1147,360,17166,California
Fresno,2021-01-10,519,18797,489,12210,30,6587,0,0,204,15908,315,1462,204,17370,California
Fresno,2021-01-11,2228,21025,1811,14021,417,7004,0,0,1532,16748,696,2158,1536,18906,California
Fresno,2021-01-12,2539,23564,1832,15853,707,7711,0,0,1687,17583,854,3012,1689,20595,California
Fresno,2021-01-13,3568,27132,2437,18290,1131,8842,0,0,2712,19441,857,3869,2715,23310,California
Fresno,2021-01-14,4176,31308,2207,20497,1969,10811,0,0,3698,22662,477,4346,3698,27008,California
Fresno,2021-01-15,3682,34990,2539,23036,1143,11954,0,0,3323,25630,359,4705,3327,30335,California
Fresno,2021-01-16,3162,38152,2316,25352,846,12800,0,0,2692,27854,470,5175,2694,33029,California
Fresno,2021-01-17,979,39131,557,25909,422,13222,0,0,779,28433,200,5375,779,33808,California
Fresno,2021-01-18,3093,42224,2377,28286,716,13938,0,0,2435,30214,656,6031,2437,36245,California
Fresno,2021-01-19,4351,46575,2552,30838,1799,15737,0,0,3691,33249,660,6691,3695,39940,California
Fresno,2021-01-20,3058,49633,1228,32066,1830,17567,0,0,2745,35687,310,7001,2748,42688,California
Fresno,2021-01-21,4442,54075,2077,34143,2365,19932,0,0,4078,39430,341,7342,4084,46772,California
Fresno,2021-01-22,3341,57416,1359,35502,1982,21914,0,0,2950,42007,374,7716,2951,49723,California
Fresno,2021-01-23,3067,60483,1982,37484,1085,22999,0,0,2343,43632,723,8439,2348,52071,California
Fresno,2021-01-24,560,61043,379,37863,181,23180,0,0,352,43778,208,8647,354,52425,California
Fresno,2021-01-25,2453,63496,871,38734,1582,24762,0,0,1874,45076,579,9226,1877,54302,California
Fresno,2021-01-26,2103,65599,597,39331,1506,26268,0,0,1333,45642,768,9994,1334,55636,California
Fresno,2021-01-27,2417,68016,1244,40575,1173,27441,0,0,1741,46715,671,10665,1744,57380,California
Fresno,2021-01-28,4584,72600,3070,43645,1514,28955,0,0,3481,49100,1099,11764,3484,60864,California
Fresno,2021-01-29,1681,74281,951,44596,730,29685,0,0,1377,50178,300,12064,1378,62242,California
Fresno,2021-01-30,1453,75734,545,45141,908,30593,0,0,1035,50795,418,12482,1035,63277,California
Fresno,2021-01-31,226,75960,215,45356,11,30604,0,0,72,50713,154,12636,72,63349,California
Fresno,2021-02-01,3371,79331,1670,47026,1701,32305,0,0,1781,50915,1589,14225,1791,65140,California
Fresno,2021-02-02,2749,82080,560,47586,2189,34494,0,0,1588,51373,1146,15371,1604,66744,California
Fresno,2021-02-03,3582,85662,2115,49701,1467,35961,0,0,1553,50910,2017,17388,1554,68298,California
Fresno,2021-02-04,4224,89886,1911,51612,2313,38274,0,0,1933,50593,2255,19643,1938,70236,California
Fresno,2021-02-05,5372,95258,2746,54358,2626,40900,0,0,2317,49864,3050,22693,2321,72557,California
Fresno,2021-02-06,2943,98201,2048,56406,895,41795,0,0,970,48871,1964,24657,971,73528,California
Fresno,2021-02-07,469,98670,287,56693,182,41977,0,0,272,48947,196,24853,272,73800,California
Fresno,2021-02-08,4297,102967,2305,58998,1992,43969,0,0,1811,48294,2473,27326,1820,75620,California
Fresno,2021-02-09,5359,108326,2087,61085,3272,47241,0,0,3133,49287,2149,29475,3142,78762,California
Fresno,2021-02-10,3919,112245,1240,62325,2679,49920,0,0,1989,49412,1876,31351,2001,80763,California
Fresno,2021-02-11,6478,118723,2096,64421,4382,54302,0,0,3322,49603,3136,34487,3327,84090,California
Fresno,2021-02-12,5440,124163,1388,65809,4052,58354,0,0,2737,49665,2684,37171,2746,86836,California
Fresno,2021-02-13,3771,127934,1571,67380,2200,60554,0,0,2090,50090,1670,38841,2095,88931,California
Fresno,2021-02-14,1584,129518,290,67670,1294,61848,0,0,848,50208,733,39574,851,89782,California
Fresno,2021-02-15,2911,132429,271,67941,2640,64488,0,0,1802,50911,1103,40677,1806,91588,California
Fresno,2021-02-16,6751,139180,2421,70362,4330,68818,0,0,4263,52713,2469,43146,4271,95859,California
Fresno,2021-02-17,5390,144570,2489,72851,2901,71719,0,0,2996,53365,2348,45494,3000,98859,California
Fresno,2021-02-18,6939,151509,2928,75779,4011,75730,0,0,2603,51689,4290,49784,2614,101473,California
Fresno,2021-02-19,3976,155485,1134,76913,2842,78572,0,0,1842,51413,2121,51905,1845,103318,California
Fresno,2021-02-20,4597,160082,2507,79420,2090,80662,0,0,3074,52980,1514,53419,3081,106399,California
Fresno,2021-02-21,198,160280,179,79599,19,80681,0,0,131,53058,53,53472,131,106530,California
Fresno,2021-02-22,2293,162573,1032,80631,1261,81942,0,0,1264,53307,1018,54490,1267,107797,California
Fresno,2021-02-23,4708,167281,2269,82900,2439,84381,0,0,3824,56262,871,55361,3826,111623,California
Fresno,2021-02-24,4225,171506,1506,84406,2719,87100,0,0,3468,58987,745,56106,3470,115093,California
Fresno,2021-02-25,8735,180241,3760,88166,4975,92075,0,0,7234,64793,1437,57543,7243,122336,California
Fresno,2021-02-26,9071,189312,3722,91888,5349,97424,0,0,7742,71237,1304,58847,7748,130084,California
Fresno,2021-02-27,7302,196614,3167,95055,4134,101558,1,1,6584,77123,703,59550,6589,136673,California
Fresno,2021-02-28,1669,198283,541,95596,1128,102686,0,1,1575,78618,81,59631,1576,138249,California
Fresno,2021-03-01,5124,203407,1331,96927,3793,106479,0,1,3699,80913,1408,61039,3703,141952,California
Fresno,2021-03-02,9900,213307,3401,100328,6499,112978,0,1,8505,88073,1370,62409,8530,150482,California
Fresno,2021-03-03,7085,220392,1787,102115,5297,118275,1,2,6062,93240,1010,63419,6177,156659,California
Fresno,2021-03-04,10478,230870,4132,106247,6346,124621,0,2,8725,100249,1725,65144,8734,165393,California
Fresno,2021-03-05,9379,240249,3643,109890,5734,130355,2,4,8072,107224,1174,66318,8149,173542,California
Fresno,2021-03-06,7021,247270,3955,113845,2948,133303,118,122,6020,112374,993,67311,6143,179685,California
Fresno,2021-03-07,1497,248767,682,114527,778,134081,37,159,1266,113450,228,67539,1304,180989,California
Fresno,2021-03-08,5345,254112,2060,116587,3134,137215,151,310,4048,116378,1284,68823,4212,185201,California
Fresno,2021-03-09,8672,262784,3807,120394,4593,141808,272,582,4662,117358,3989,72812,4969,190170,California
Fresno,2021-03-10,6929,269713,2879,123273,3660,145468,390,972,5411,121658,1509,74321,5809,195979,California
Fresno,2021-03-11,11640,281353,4596,127869,6493,151961,551,1523,6326,123326,5287,79608,6955,202934,California
Fresno,2021-03-12,12098,293451,5151,133020,6520,158481,427,1950,9091,129998,2985,82593,9657,212591,California
Fresno,2021-03-13,8363,301814,4069,137089,3281,161762,1013,2963,4045,130838,4295,86888,5135,217726,California
Fresno,2021-03-14,1780,303594,484,137573,1007,162769,289,3252,672,130702,1097,87985,961,218687,California
Fresno,2021-03-15,7156,310750,3185,140758,3794,166563,177,3429,4939,133815,2202,90187,5315,224002,California
Fresno,2021-03-16,10250,321000,4549,145307,5307,171870,394,3823,5431,134954,4784,94971,5923,229925,California
Fresno,2021-03-17,8754,329754,4002,149309,4050,175920,702,4525,5920,139170,2810,97781,7026,236951,California
Fresno,2021-03-18,12567,342321,6804,156113,5086,181006,677,5202,7043,141907,5472,103253,8209,245160,California
Fresno,2021-03-19,11286,353607,5962,162075,4704,185710,620,5822,6924,145495,4330,107583,7918,253078,California
Fresno,2021-03-20,7645,361252,4616,166691,2704,188414,325,6147,3767,146058,3847,111430,4410,257488,California
Fresno,2021-03-21,1862,363114,1272,167963,213,188627,377,6524,1019,146620,835,112265,1397,258885,California
Fresno,2021-03-22,5713,368827,2934,170897,2182,190809,597,7121,3822,149404,1873,114138,4657,263542,California
Fresno,2021-03-23,10656,379483,5331,176228,4825,195634,500,7621,5114,149942,5518,119656,6056,269598,California
Fresno,2021-03-24,8902,388385,3853,180081,4216,199850,833,8454,4982,151928,3883,123539,5869,275467,California
Fresno,2021-03-25,12234,400619,5689,185770,5741,205591,804,9258,4754,150136,7431,130970,5639,281106,California
Fresno,2021-03-26,12259,412878,5471,191241,6141,211732,647,9905,4446,147501,7753,138723,5118,286224,California
Fresno,2021-03-27,10147,423025,4860,196101,4199,215931,1088,10993,2971,144430,7136,145859,4065,290289,California
Fresno,2021-03-28,3424,426449,1324,197425,1408,217339,692,11685,1117,144385,2299,148158,2254,292543,California
Fresno,2021-03-29,6004,432453,2017,199442,3448,220787,539,12224,2898,144759,3077,151235,3451,295994,California
Fresno,2021-03-30,11021,443474,4276,203718,5845,226632,900,13124,3830,142331,7159,158394,4731,300725,California
Fresno,2021-03-31,9739,453213,3396,207114,5343,231975,1000,14124,3667,140966,6025,164419,4660,305385,California
Fresno,2021-04-01,12254,465467,4223,211337,7158,239133,873,14997,4058,137761,8091,172510,4886,310271,California
Fresno,2021-04-02,12128,477595,4640,215977,6692,245825,796,15793,4276,135149,7688,180198,5076,315347,California
Fresno,2021-04-03,6424,484019,3531,219508,2629,248454,264,16057,2143,133331,4262,184460,2444,317791,California
Fresno,2021-04-04,1498,485517,538,220046,915,249369,45,16102,543,132975,945,185405,589,318380,California
Fresno,2021-04-05,8351,493868,4480,224526,3068,252437,803,16905,2446,130404,5889,191294,3318,321698,California
Fresno,2021-04-06,9648,503516,4037,228563,4418,256855,1193,18098,3545,129095,6063,197357,4754,326452,California
Fresno,2021-04-07,10652,514168,5518,234081,3915,260770,1219,19317,3543,126817,7064,204421,4786,331238,California
Fresno,2021-04-08,10990,525158,5179,239260,4644,265414,1167,20484,3449,123981,7491,211912,4655,335893,California
Fresno,2021-04-09,11665,536823,5390,244650,4870,270284,1405,21889,3652,121093,7964,219876,5076,340969,California
Fresno,2021-04-10,7937,544760,5175,249825,2234,272518,528,22417,3687,121075,4231,224107,4213,345182,California
Fresno,2021-04-11,1404,546164,939,250764,373,272891,92,22509,448,120665,951,225058,541,345723,California
Fresno,2021-04-12,7573,553737,4095,254859,2544,275435,934,23443,2413,118882,5128,230186,3345,349068,California
Fresno,2021-04-13,9043,562780,4318,259177,4654,280089,71,23514,3521,117083,5483,235669,3684,352752,California
Fresno,2021-04-14,9762,572542,5810,264987,3951,284040,1,23515,3787,114987,5931,241600,3835,356587,California
Fresno,2021-04-15,8529,581071,4245,269232,4281,288321,3,23518,3197,112887,5303,246903,3203,359790,California
Fresno,2021-04-16,9634,590705,4676,273908,4956,293277,2,23520,3915,111132,5677,252580,3922,363712,California
Fresno,2021-04-17,5668,596373,3788,277696,1880,295157,0,23520,2693,110876,2951,255531,2695,366407,California
Fresno,2021-04-18,1153,597526,677,278373,476,295633,0,23520,518,110764,630,256161,518,366925,California
Fresno,2021-04-19,5790,603316,3221,281594,2566,298199,3,23523,2262,109544,3488,259649,2268,369193,California
Fresno,2021-04-20,7219,610535,3689,285283,3521,301720,9,23532,2694,107748,4499,264148,2703,371896,California
Fresno,2021-04-21,6894,617429,4026,289309,2859,304579,9,23541,2868,106643,3985,268133,2880,374776,California
Fresno,2021-04-22,6578,624007,3350,292659,3227,307806,1,23542,2419,104967,4099,272232,2423,377199,California
Fresno,2021-04-23,7343,631350,4040,296699,3286,311092,17,23559,2799,103315,4456,276688,2804,380003,California
Fresno,2021-04-24,4174,635524,2491,299190,1683,312775,0,23559,1918,102990,2243,278931,1918,381921,California
Fresno,2021-04-25,1370,636894,551,299741,816,313591,3,23562,685,102999,679,279610,688,382609,California
Fresno,2021-04-26,4316,641210,2214,301955,2057,315648,45,23607,1823,102406,2461,282071,1868,384477,California
Fresno,2021-04-27,4935,646145,2531,304486,2278,317926,126,23733,1938,101495,2974,285045,2063,386540,California
Fresno,2021-04-28,4916,651061,2810,307296,1976,319902,130,23863,2064,100862,2828,287873,2195,388735,California
Fresno,2021-04-29,4911,655972,2759,310055,2012,321914,140,24003,1880,99879,3001,290874,2018,390753,California
Fresno,2021-04-30,5525,661497,3385,313440,2006,323920,134,24137,2217,98952,3277,294151,2350,393103,California
Fresno,2021-05-01,4201,665698,3468,316908,593,324513,140,24277,1236,97380,2946,297097,1374,394477,California
Fresno,2021-05-02,1253,666951,777,317685,425,324938,51,24328,618,97424,623,297720,667,395144,California
Fresno,2021-05-03,4051,671002,2703,320388,1155,326093,193,24521,1311,96211,2711,300431,1498,396642,California
Fresno,2021-05-04,4953,675955,2617,323005,2184,328277,152,24673,1578,94596,3347,303778,1732,398374,California
Fresno,2021-05-05,5364,681319,3407,326412,1729,330006,228,24901,1692,92868,3645,307423,1917,400291,California
Fresno,2021-05-06,4493,685812,2899,329311,1489,331495,105,25006,1562,91636,2899,310322,1667,401958,California
Fresno,2021-05-07,5090,690902,3360,332671,1563,333058,167,25173,1579,89892,3487,313809,1743,403701,California
Fresno,2021-05-08,4055,694957,2644,335315,1263,334321,148,25321,1250,88509,2782,316591,1399,405100,California
Fresno,2021-05-09,721,695678,393,335708,285,334606,43,25364,349,88535,366,316957,392,405492,California
Fresno,2021-05-10,2980,698658,1591,337299,1248,335854,141,25505,931,87570,2037,318994,1072,406564,California
Fresno,2021-05-11,3893,702551,2075,339374,1721,337575,97,25602,1257,86302,2622,321616,1354,407918,California
Fresno,2021-05-12,4151,706702,2712,342086,1275,338850,164,25766,1404,85149,2721,324337,1568,409486,California
Fresno,2021-05-13,4179,710881,2444,344530,1630,340480,105,25871,1852,84820,2287,326624,1958,411444,California
Fresno,2021-05-14,5113,715994,3078,347608,1851,342331,184,26055,2157,84239,2923,329547,2342,413786,California
Fresno,2021-05-15,3636,719630,2728,350336,777,343108,131,26186,1861,84465,1764,331311,1990,415776,California
Fresno,2021-05-16,1578,721208,1079,351415,465,343573,34,26220,915,84758,657,331968,950,416726,California
Fresno,2021-05-17,4187,725395,2829,354244,1195,344768,163,26383,2225,85211,1933,333901,2386,419112,California
Fresno,2021-05-18,4132,729527,2556,356800,1420,346188,156,26539,2083,85423,2024,335925,2236,421348,California
Fresno,2021-05-19,4357,733884,2767,359567,1413,347601,177,26716,2057,85380,2276,338201,2233,423581,California
Fresno,2021-05-20,4125,738009,2465,362032,1472,349073,188,26904,1881,85220,2227,340428,2067,425648,California
Fresno,2021-05-21,4573,742582,2980,365012,1498,350571,95,26999,2029,84829,2513,342941,2122,427770,California
Fresno,2021-05-22,3943,746525,2928,367940,842,351413,173,27172,2266,85607,1660,344601,2438,430208,California
Fresno,2021-05-23,953,747478,622,368562,301,351714,30,27202,466,85626,477,345078,496,430704,California
Fresno,2021-05-24,3309,750787,2100,370662,1094,352808,115,27317,1532,85520,1753,346831,1647,432351,California
Fresno,2021-05-25,3209,753996,1928,372590,1155,353963,126,27443,1343,85136,1852,348683,1468,433819,California
Fresno,2021-05-26,3253,757249,2150,374740,996,354959,107,27550,1574,85157,1658,350341,1679,435498,California
Fresno,2021-05-27,3147,760396,1913,376653,1127,356086,107,27657,1309,84761,1813,352154,1417,436915,California
Fresno,2021-05-28,3435,763831,2216,378869,1124,357210,95,27752,1867,85176,1548,353702,1963,438878,California
Fresno,2021-05-29,2277,766108,1657,380526,550,357760,70,27822,1189,85358,1078,354780,1260,440138,California
Fresno,2021-05-30,889,766997,535,381061,319,358079,35,27857,410,85342,461,355241,445,440583,California
Fresno,2021-05-31,318,767315,160,381221,146,358225,12,27869,134,85307,179,355420,144,440727,California
Fresno,2021-06-01,3018,770333,1817,383038,1104,359329,97,27966,1139,84686,1856,357276,1235,441962,California
Fresno,2021-06-02,2664,772997,1719,384757,855,360184,90,28056,1058,84259,1577,358853,1150,443112,California
Fresno,2021-06-03,2953,775950,2025,386782,825,361009,103,28159,1103,83635,1828,360681,1204,444316,California
Fresno,2021-06-04,3244,779194,2352,389134,791,361800,101,28260,1070,82657,2150,362831,1172,445488,California
Fresno,2021-06-05,3123,782317,2308,391442,694,362494,121,28381,1223,82127,1872,364703,1342,446830,California
Fresno,2021-06-06,1173,783490,932,392374,203,362697,38,28419,344,81685,824,365527,382,447212,California
Fresno,2021-06-07,3094,786584,2433,394807,569,363266,92,28511,886,80476,2186,367713,977,448189,California
Fresno,2021-06-08,2761,789345,2036,396843,643,363909,82,28593,806,79421,1942,369655,887,449076,California
Fresno,2021-06-09,2935,792280,2193,399036,652,364561,90,28683,962,78518,1954,371609,1051,450127,California
Fresno,2021-06-10,2659,794939,1934,400970,655,365216,70,28753,916,77780,1723,373332,985,451112,California
Fresno,2021-06-11,3133,798072,2194,403164,829,366045,110,28863,1160,77114,1936,375268,1270,452382,California
Fresno,2021-06-12,2906,800978,2297,405461,443,366488,166,29029,778,75937,2116,377384,939,453321,California
Fresno,2021-06-13,712,801690,462,405923,233,366721,17,29046,196,75639,511,377895,213,453534,California
Fresno,2021-06-14,2500,804190,1818,407741,553,367274,129,29175,942,75170,1538,379433,1069,454603,California
Fresno,2021-06-15,2368,806558,1702,409443,590,367864,76,29251,927,74750,1422,380855,1002,455605,California
Fresno,2021-06-16,2634,809192,1895,411338,625,368489,114,29365,1037,74314,1585,382440,1149,456754,California
Fresno,2021-06-17,2249,811441,1578,412916,580,369069,91,29456,945,74057,1291,383731,1034,457788,California
Fresno,2021-06-18,3002,814443,2157,415073,727,369796,118,29574,1188,73568,1796,385527,1307,459095,California
Fresno,2021-06-19,1691,816134,1248,416321,366,370162,77,29651,584,73124,1103,386630,659,459754,California
Fresno,2021-06-20,496,816630,350,416671,135,370297,11,29662,190,73024,301,386931,201,459955,California
Fresno,2021-06-21,1623,818253,1085,417756,474,370771,64,29726,934,73347,675,387606,998,460953,California
Fresno,2021-06-22,2171,820424,1504,419260,558,371329,109,29835,1007,73310,1150,388756,1113,462066,California
Fresno,2021-06-23,2052,822476,1472,420732,512,371841,68,29903,1010,73361,1025,389781,1076,463142,California
Fresno,2021-06-24,1993,824469,1411,422143,505,372346,77,29980,890,73240,1087,390868,966,464108,California
Fresno,2021-06-25,2047,826516,1437,423580,529,372875,81,30061,974,73239,1056,391924,1055,465163,California
Fresno,2021-06-26,1837,828353,1424,425004,313,373188,100,30161,718,72945,1112,393036,818,465981,California
Fresno,2021-06-27,913,829266,676,425680,138,373326,99,30260,466,73064,443,393479,562,466543,California
Fresno,2021-06-28,1605,830871,1223,426903,284,373610,98,30358,705,72976,888,394367,800,467343,California
Fresno,2021-06-29,1193,832064,799,427702,332,373942,62,30420,490,72830,697,395064,551,467894,California
Glenn,2020-12-17,1,1,1,1,0,0,0,0,1,1,0,0,1,1,California
Glenn,2020-12-19,1,2,1,2,0,0,0,0,1,2,0,0,1,2,California
Glenn,2020-12-20,1,3,1,3,0,0,0,0,1,3,0,0,1,3,California
Glenn,2020-12-21,12,15,12,15,0,0,0,0,12,15,0,0,12,15,California
Glenn,2020-12-22,59,74,59,74,0,0,0,0,59,74,0,0,59,74,California
Glenn,2020-12-23,28,102,28,102,0,0,0,0,28,102,0,0,28,102,California
Glenn,2020-12-24,9,111,9,111,0,0,0,0,9,111,0,0,9,111,California
Glenn,2020-12-26,2,113,2,113,0,0,0,0,2,113,0,0,2,113,California
Glenn,2020-12-27,4,117,4,117,0,0,0,0,4,117,0,0,4,117,California
Glenn,2020-12-28,21,138,21,138,0,0,0,0,21,138,0,0,21,138,California
Glenn,2020-12-29,82,220,82,220,0,0,0,0,82,220,0,0,82,220,California
Glenn,2020-12-30,129,349,106,326,23,23,0,0,129,349,0,0,129,349,California
Glenn,2020-12-31,38,387,9,335,29,52,0,0,38,387,0,0,38,387,California
Glenn,2021-01-02,3,390,3,338,0,52,0,0,3,390,0,0,3,390,California
Glenn,2021-01-04,7,397,5,343,2,54,0,0,7,397,0,0,7,397,California
Glenn,2021-01-05,9,406,8,351,1,55,0,0,9,406,0,0,9,406,California
Glenn,2021-01-06,60,466,8,359,52,107,0,0,60,466,0,0,60,466,California
Glenn,2021-01-07,67,533,12,371,55,162,0,0,65,529,2,2,65,531,California
Glenn,2021-01-08,12,545,9,380,3,165,0,0,12,541,0,2,12,543,California
Glenn,2021-01-10,1,546,1,381,0,165,0,0,0,540,1,3,0,543,California
Glenn,2021-01-11,30,576,30,411,0,165,0,0,12,534,18,21,12,555,California
Glenn,2021-01-12,42,618,37,448,5,170,0,0,14,520,28,49,14,569,California
Glenn,2021-01-13,221,839,158,606,63,233,0,0,176,651,45,94,176,745,California
Glenn,2021-01-14,119,958,30,636,89,322,0,0,109,750,10,104,109,854,California
Glenn,2021-01-15,40,998,33,669,7,329,0,0,35,780,5,109,35,889,California
Glenn,2021-01-16,33,1031,14,683,19,348,0,0,23,793,10,119,23,912,California
Glenn,2021-01-17,4,1035,2,685,2,350,0,0,2,793,2,121,2,914,California
Glenn,2021-01-18,17,1052,16,701,1,351,0,0,9,794,8,129,9,923,California
Glenn,2021-01-19,30,1082,20,721,10,361,0,0,13,790,17,146,13,936,California
Glenn,2021-01-20,164,1246,95,816,69,430,0,0,83,792,81,227,83,1019,California
Glenn,2021-01-21,124,1370,98,914,26,456,0,0,30,728,94,321,30,1049,California
Glenn,2021-01-22,340,1710,66,980,274,730,0,0,333,1054,7,328,333,1382,California
Glenn,2021-01-23,16,1726,9,989,7,737,0,0,13,1064,3,331,13,1395,California
Glenn,2021-01-24,2,1728,2,991,0,737,0,0,2,1066,0,331,2,1397,California
Glenn,2021-01-25,26,1754,8,999,18,755,0,0,23,1086,3,334,23,1420,California
Glenn,2021-01-26,30,1784,14,1013,16,771,0,0,24,1104,6,340,24,1444,California
Glenn,2021-01-27,190,1974,13,1026,177,948,0,0,168,1250,22,362,168,1612,California
Glenn,2021-01-28,147,2121,8,1034,139,1087,0,0,117,1337,30,392,117,1729,California
Glenn,2021-01-29,296,2417,12,1046,284,1371,0,0,282,1605,14,406,282,2011,California
Glenn,2021-01-30,4,2421,0,1046,4,1375,0,0,4,1609,0,406,4,2015,California
Glenn,2021-01-31,1,2422,0,1046,1,1376,0,0,1,1610,0,406,1,2016,California
Glenn,2021-02-01,30,2452,11,1057,19,1395,0,0,18,1616,12,418,18,2034,California
Glenn,2021-02-02,31,2483,16,1073,15,1410,0,0,21,1627,10,428,21,2055,California
Glenn,2021-02-03,280,2763,126,1199,154,1564,0,0,134,1616,146,574,135,2190,California
Glenn,2021-02-04,86,2849,19,1218,67,1631,0,0,29,1588,57,631,29,2219,California
Glenn,2021-02-05,319,3168,24,1242,295,1926,0,0,299,1867,20,651,299,2518,California
Glenn,2021-02-06,14,3182,2,1244,12,1938,0,0,13,1879,1,652,13,2531,California
Glenn,2021-02-07,2,3184,2,1246,0,1938,0,0,2,1881,0,652,2,2533,California
Glenn,2021-02-08,21,3205,17,1263,4,1942,0,0,4,1868,17,669,4,2537,California
Glenn,2021-02-09,49,3254,20,1283,29,1971,0,0,36,1891,13,682,36,2573,California
Glenn,2021-02-10,137,3391,19,1302,118,2089,0,0,66,1886,71,753,66,2639,California
Glenn,2021-02-11,235,3626,134,1436,101,2190,0,0,153,1956,83,836,153,2792,California
Glenn,2021-02-12,419,4045,99,1535,320,2510,0,0,352,2241,67,903,352,3144,California
Glenn,2021-02-13,37,4082,9,1544,28,2538,0,0,17,2238,20,923,17,3161,California
Glenn,2021-02-14,1,4083,0,1544,1,2539,0,0,1,2239,0,923,1,3162,California
Glenn,2021-02-15,9,4092,0,1544,9,2548,0,0,8,2246,1,924,8,3170,California
Glenn,2021-02-16,40,4132,9,1553,31,2579,0,0,21,2248,19,943,21,3191,California
Glenn,2021-02-17,380,4512,14,1567,366,2945,0,0,302,2472,78,1021,302,3493,California
Glenn,2021-02-18,141,4653,106,1673,35,2980,0,0,117,2565,24,1045,117,3610,California
Glenn,2021-02-19,303,4956,17,1690,286,3266,0,0,29,2320,274,1319,29,3639,California
Glenn,2021-02-20,9,4965,0,1690,9,3275,0,0,1,2313,8,1327,1,3640,California
Glenn,2021-02-21,1,4966,1,1691,0,3275,0,0,1,2314,0,1327,1,3641,California
Glenn,2021-02-22,33,4999,14,1705,19,3294,0,0,16,2313,17,1344,16,3657,California
Glenn,2021-02-23,42,5041,11,1716,31,3325,0,0,29,2329,13,1357,29,3686,California
Glenn,2021-02-24,255,5296,48,1764,207,3532,0,0,47,2168,208,1565,47,3733,California
Glenn,2021-02-25,236,5532,122,1886,114,3646,0,0,123,2178,113,1678,123,3856,California
Glenn,2021-02-26,304,5836,24,1910,280,3926,0,0,20,1915,283,1961,20,3876,California
Glenn,2021-02-27,16,5852,6,1916,10,3936,0,0,6,1912,9,1970,6,3882,California
Glenn,2021-02-28,6,5858,3,1919,3,3939,0,0,3,1913,2,1972,3,3885,California
Glenn,2021-03-01,27,5885,6,1925,21,3960,0,0,12,1910,15,1987,12,3897,California
Glenn,2021-03-02,35,5920,7,1932,28,3988,0,0,17,1909,18,2005,17,3914,California
Glenn,2021-03-03,191,6111,37,1969,154,4142,0,0,100,1920,89,2094,100,4014,California
Glenn,2021-03-04,520,6631,175,2144,345,4487,0,0,373,2146,147,2241,373,4387,California
Glenn,2021-03-05,357,6988,49,2193,308,4795,0,0,35,1859,322,2563,35,4422,California
Glenn,2021-03-06,28,7016,4,2197,23,4818,1,1,11,1854,17,2580,12,4434,California
Glenn,2021-03-07,5,7021,0,2197,5,4823,0,1,3,1856,1,2581,3,4437,California
Glenn,2021-03-08,20,7041,2,2199,17,4840,1,2,18,1873,2,2583,19,4456,California
Glenn,2021-03-09,82,7123,12,2211,67,4907,3,5,54,1901,28,2611,56,4512,California
Glenn,2021-03-10,172,7295,69,2280,101,5008,2,7,94,1919,78,2689,96,4608,California
Glenn,2021-03-11,583,7878,169,2449,391,5399,23,30,447,2253,136,2825,470,5078,California
Glenn,2021-03-12,420,8298,14,2463,343,5742,63,93,41,1978,379,3204,104,5182,California
Glenn,2021-03-13,13,8311,1,2464,4,5746,8,101,1,1975,12,3216,9,5191,California
Glenn,2021-03-14,3,8314,1,2465,2,5748,0,101,1,1974,2,3218,1,5192,California
Glenn,2021-03-15,76,8390,15,2480,56,5804,5,106,61,2025,15,3233,66,5258,California
Glenn,2021-03-16,109,8499,34,2514,65,5869,10,116,69,2064,40,3273,79,5337,California
Glenn,2021-03-17,417,8916,98,2612,312,6181,7,123,116,1884,301,3574,121,5458,California
Glenn,2021-03-18,521,9437,216,2828,50,6231,255,378,142,1901,379,3953,396,5854,California
Glenn,2021-03-19,96,9533,16,2844,74,6305,6,384,75,1962,20,3973,81,5935,California
Glenn,2021-03-20,133,9666,2,2846,130,6435,1,385,130,2090,3,3976,131,6066,California
Glenn,2021-03-21,6,9672,5,2851,0,6435,1,386,3,2092,2,3978,4,6070,California
Glenn,2021-03-22,123,9795,54,2905,61,6496,8,394,103,2185,18,3996,111,6181,California
Glenn,2021-03-23,179,9974,67,2972,61,6557,51,445,104,2267,73,4069,155,6336,California
Glenn,2021-03-24,208,10182,100,3072,103,6660,5,450,134,2334,72,4141,139,6475,California
Glenn,2021-03-25,471,10653,230,3302,147,6807,94,544,343,2644,127,4268,437,6912,California
Glenn,2021-03-26,238,10891,37,3339,165,6972,36,580,187,2816,51,4319,223,7135,California
Glenn,2021-03-27,168,11059,22,3361,140,7112,6,586,154,2962,14,4333,160,7295,California
Glenn,2021-03-28,15,11074,10,3371,5,7117,0,586,10,2967,5,4338,10,7305,California
Glenn,2021-03-29,61,11135,20,3391,38,7155,3,589,47,3003,14,4352,50,7355,California
Glenn,2021-03-30,76,11211,43,3434,32,7187,1,590,44,3018,30,4382,45,7400,California
Glenn,2021-03-31,124,11335,35,3469,88,7275,1,591,54,3004,69,4451,55,7455,California
Glenn,2021-04-01,654,11989,187,3656,458,7733,9,600,243,2848,408,4859,252,7707,California
Glenn,2021-04-02,170,12159,26,3682,132,7865,12,612,133,2956,37,4896,145,7852,California
Glenn,2021-04-03,95,12254,4,3686,84,7949,7,619,84,3036,11,4907,91,7943,California
Glenn,2021-04-04,9,12263,3,3689,4,7953,2,621,5,3039,4,4911,7,7950,California
Glenn,2021-04-05,67,12330,26,3715,28,7981,13,634,30,3045,37,4948,43,7993,California
Glenn,2021-04-06,145,12475,52,3767,53,8034,40,674,37,3014,107,5055,76,8069,California
Glenn,2021-04-07,161,12636,47,3814,60,8094,54,728,75,3057,86,5141,129,8198,California
Glenn,2021-04-08,642,13278,188,4002,418,8512,36,764,138,2729,502,5643,174,8372,California
Glenn,2021-04-09,160,13438,57,4059,86,8598,17,781,102,2789,58,5701,118,8490,California
Glenn,2021-04-10,76,13514,1,4060,60,8658,15,796,58,2845,17,5718,73,8563,California
Glenn,2021-04-11,17,13531,8,4068,4,8662,5,801,7,2847,10,5728,12,8575,California
Glenn,2021-04-12,116,13647,26,4094,61,8723,29,830,21,2802,95,5823,50,8625,California
Glenn,2021-04-13,118,13765,63,4157,55,8778,0,830,30,2744,88,5911,30,8655,California
Glenn,2021-04-14,123,13888,47,4204,76,8854,0,830,68,2757,55,5966,68,8723,California
Glenn,2021-04-15,365,14253,276,4480,89,8943,0,830,124,2641,240,6206,124,8847,California
Glenn,2021-04-16,169,14422,42,4522,127,9070,0,830,79,2630,90,6296,79,8926,California
Glenn,2021-04-17,168,14590,17,4539,151,9221,0,830,29,2528,131,6427,29,8955,California
Glenn,2021-04-18,19,14609,6,4545,13,9234,0,830,15,2539,4,6431,15,8970,California
Glenn,2021-04-19,83,14692,17,4562,66,9300,0,830,22,2501,60,6491,22,8992,California
Glenn,2021-04-20,134,14826,90,4652,44,9344,0,830,55,2477,79,6570,55,9047,California
Glenn,2021-04-21,431,15257,328,4980,103,9447,0,830,291,2628,140,6710,291,9338,California
Glenn,2021-04-22,214,15471,54,5034,160,9607,0,830,38,2491,175,6885,38,9376,California
Glenn,2021-04-23,191,15662,36,5070,155,9762,0,830,49,2399,141,7026,49,9425,California
Glenn,2021-04-24,180,15842,32,5102,148,9910,0,830,30,2280,149,7175,30,9455,California
Glenn,2021-04-25,30,15872,18,5120,12,9922,0,830,22,2294,8,7183,22,9477,California
Glenn,2021-04-26,50,15922,14,5134,36,9958,0,830,19,2282,31,7214,19,9496,California
Glenn,2021-04-27,65,15987,50,5184,10,9968,5,835,33,2287,32,7246,37,9533,California
Glenn,2021-04-28,263,16250,184,5368,68,10036,11,846,132,2300,130,7376,143,9676,California
Glenn,2021-04-29,186,16436,27,5395,157,10193,2,848,40,2196,146,7522,42,9718,California
Glenn,2021-04-30,163,16599,42,5437,119,10312,2,850,40,2115,123,7645,42,9760,California
Glenn,2021-05-01,108,16707,13,5450,94,10406,1,851,26,2060,82,7727,27,9787,California
Glenn,2021-05-02,32,16739,14,5464,9,10415,9,860,15,2067,17,7744,24,9811,California
Glenn,2021-05-03,39,16778,24,5488,14,10429,1,861,14,2057,25,7769,15,9826,California
Glenn,2021-05-04,60,16838,36,5524,19,10448,5,866,28,2058,32,7801,33,9859,California
Glenn,2021-05-05,128,16966,40,5564,77,10525,11,877,52,2045,76,7877,63,9922,California
Glenn,2021-05-06,111,17077,41,5605,65,10590,5,882,40,2019,71,7948,45,9967,California
Glenn,2021-05-07,122,17199,36,5641,77,10667,9,891,30,1967,91,8039,39,10006,California
Glenn,2021-05-08,65,17264,12,5653,49,10716,4,895,21,1949,43,8082,25,10031,California
Glenn,2021-05-09,17,17281,11,5664,6,10722,0,895,11,1954,6,8088,11,10042,California
Glenn,2021-05-10,37,17318,15,5679,17,10739,5,900,13,1948,24,8112,18,10060,California
Glenn,2021-05-11,83,17401,58,5737,16,10755,9,909,17,1908,66,8178,26,10086,California
Glenn,2021-05-12,335,17736,252,5989,69,10824,14,923,50,1687,285,8463,64,10150,California
Glenn,2021-05-13,159,17895,60,6049,80,10904,19,942,65,1677,94,8557,84,10234,California
Glenn,2021-05-14,105,18000,24,6073,76,10980,5,947,34,1645,71,8628,39,10273,California
Glenn,2021-05-15,67,18067,40,6113,24,11004,3,950,32,1645,34,8662,34,10307,California
Glenn,2021-05-16,31,18098,18,6131,13,11017,0,950,9,1632,22,8684,9,10316,California
Glenn,2021-05-17,86,18184,61,6192,21,11038,4,954,60,1670,26,8710,64,10380,California
Glenn,2021-05-18,67,18251,50,6242,13,11051,4,958,21,1649,46,8756,25,10405,California
Glenn,2021-05-19,199,18450,118,6360,69,11120,12,970,73,1608,125,8881,84,10489,California
Glenn,2021-05-20,120,18570,79,6439,39,11159,2,972,80,1650,40,8921,82,10571,California
Glenn,2021-05-21,70,18640,26,6465,43,11202,1,973,28,1637,42,8963,29,10600,California
Glenn,2021-05-22,56,18696,24,6489,32,11234,0,973,29,1639,27,8990,29,10629,California
Glenn,2021-05-23,29,18725,16,6505,13,11247,0,973,12,1635,16,9006,12,10641,California
Glenn,2021-05-24,30,18755,11,6516,15,11262,4,977,11,1632,18,9024,15,10656,California
Glenn,2021-05-25,48,18803,37,6553,9,11271,2,979,25,1636,23,9047,27,10683,California
Glenn,2021-05-26,75,18878,16,6569,55,11326,4,983,27,1619,48,9095,31,10714,California
Glenn,2021-05-27,100,18978,62,6631,37,11363,1,984,46,1614,52,9147,47,10761,California
Glenn,2021-05-28,63,19041,19,6650,37,11400,7,991,33,1624,30,9177,40,10801,California
Glenn,2021-05-29,48,19089,11,6661,33,11433,4,995,21,1622,27,9204,25,10826,California
Glenn,2021-05-30,21,19110,13,6674,8,11441,0,995,8,1618,12,9216,8,10834,California
Glenn,2021-05-31,4,19114,0,6674,4,11445,0,995,0,1614,4,9220,0,10834,California
Glenn,2021-06-01,58,19172,33,6707,22,11467,3,998,23,1605,35,9255,26,10860,California
Glenn,2021-06-02,98,19270,49,6756,46,11513,3,1001,39,1588,59,9314,42,10902,California
Glenn,2021-06-03,76,19346,43,6799,26,11539,7,1008,18,1557,56,9370,25,10927,California
Glenn,2021-06-04,77,19423,37,6836,37,11576,3,1011,42,1567,35,9405,45,10972,California
Glenn,2021-06-05,55,19478,30,6866,22,11598,3,1014,17,1549,38,9443,20,10992,California
Glenn,2021-06-06,30,19508,27,6893,2,11600,1,1015,14,1549,15,9458,15,11007,California
Glenn,2021-06-07,68,19576,59,6952,7,11607,2,1017,13,1510,54,9512,15,11022,California
Glenn,2021-06-08,35,19611,19,6971,11,11618,5,1022,16,1512,19,9531,21,11043,California
Glenn,2021-06-09,64,19675,36,7007,21,11639,7,1029,31,1517,33,9564,38,11081,California
Glenn,2021-06-10,118,19793,87,7094,25,11664,6,1035,35,1475,83,9647,41,11122,California
Glenn,2021-06-11,88,19881,57,7151,28,11692,3,1038,25,1440,63,9710,28,11150,California
Glenn,2021-06-12,35,19916,19,7170,13,11705,3,1041,13,1434,22,9732,16,11166,California
Glenn,2021-06-13,11,19927,11,7181,0,11705,0,1041,5,1433,6,9738,5,11171,California
Glenn,2021-06-14,40,19967,27,7208,10,11715,3,1044,16,1429,23,9761,19,11190,California
Glenn,2021-06-15,48,20015,33,7241,14,11729,1,1045,23,1428,25,9786,24,11214,California
Glenn,2021-06-16,87,20102,52,7293,34,11763,1,1046,58,1460,27,9813,59,11273,California
Glenn,2021-06-17,61,20163,36,7329,21,11784,4,1050,7,1417,54,9867,11,11284,California
Glenn,2021-06-18,83,20246,45,7374,17,11801,21,1071,28,1411,55,9922,49,11333,California
Glenn,2021-06-19,43,20289,22,7396,21,11822,0,1071,24,1416,19,9941,24,11357,California
Glenn,2021-06-20,14,20303,10,7406,4,11826,0,1071,3,1408,11,9952,3,11360,California
Glenn,2021-06-21,26,20329,18,7424,6,11832,2,1073,19,1422,7,9959,21,11381,California
Glenn,2021-06-22,45,20374,30,7454,13,11845,2,1075,21,1422,23,9982,23,11404,California
Glenn,2021-06-23,54,20428,37,7491,14,11859,3,1078,28,1427,26,10008,31,11435,California
Glenn,2021-06-24,43,20471,27,7518,12,11871,4,1082,17,1422,26,10034,21,11456,California
Glenn,2021-06-25,68,20539,48,7566,19,11890,1,1083,32,1419,36,10070,33,11489,California
Glenn,2021-06-26,35,20574,20,7586,14,11904,1,1084,16,1417,19,10089,17,11506,California
Glenn,2021-06-27,17,20591,13,7599,4,11908,0,1084,4,1408,13,10102,4,11510,California
Glenn,2021-06-28,27,20618,23,7622,1,11909,3,1087,12,1407,15,10117,14,11524,California
Glenn,2021-06-29,12,20630,4,7626,7,11916,1,1088,5,1406,7,10124,6,11530,California
Humboldt,2020-12-15,2,2,2,2,0,0,0,0,2,2,0,0,2,2,California
Humboldt,2020-12-16,16,18,16,18,0,0,0,0,16,18,0,0,16,18,California
Humboldt,2020-12-17,117,135,117,135,0,0,0,0,117,135,0,0,117,135,California
Humboldt,2020-12-18,177,312,177,312,0,0,0,0,177,312,0,0,177,312,California
Humboldt,2020-12-19,10,322,10,322,0,0,0,0,10,322,0,0,10,322,California
Humboldt,2020-12-20,28,350,28,350,0,0,0,0,28,350,0,0,28,350,California
Humboldt,2020-12-21,167,517,167,517,0,0,0,0,167,517,0,0,167,517,California
Humboldt,2020-12-22,335,852,335,852,0,0,0,0,335,852,0,0,335,852,California
Humboldt,2020-12-23,322,1174,264,1116,58,58,0,0,324,1176,0,0,324,1176,California
Humboldt,2020-12-24,25,1199,2,1118,23,81,0,0,25,1201,0,0,25,1201,California
Humboldt,2020-12-25,2,1201,2,1120,0,81,0,0,2,1203,0,0,2,1203,California
Humboldt,2020-12-26,6,1207,5,1125,1,82,0,0,6,1209,0,0,6,1209,California
Humboldt,2020-12-28,207,1414,149,1274,58,140,0,0,207,1416,0,0,207,1416,California
Humboldt,2020-12-29,184,1598,123,1397,61,201,0,0,185,1601,0,0,185,1601,California
Humboldt,2020-12-30,233,1831,127,1524,106,307,0,0,233,1834,0,0,233,1834,California
Humboldt,2020-12-31,246,2077,81,1605,165,472,0,0,246,2080,0,0,246,2080,California
Humboldt,2021-01-01,3,2080,2,1607,1,473,0,0,3,2083,0,0,3,2083,California
Humboldt,2021-01-02,40,2120,2,1609,38,511,0,0,40,2123,0,0,40,2123,California
Humboldt,2021-01-04,219,2339,142,1751,77,588,0,0,220,2343,0,0,220,2343,California
Humboldt,2021-01-05,133,2472,21,1772,112,700,0,0,133,2475,1,1,133,2476,California
Humboldt,2021-01-06,314,2786,214,1986,100,800,0,0,241,2655,61,62,241,2717,California
Humboldt,2021-01-07,436,3222,324,2310,112,912,0,0,319,2874,100,162,319,3036,California
Humboldt,2021-01-08,426,3648,286,2596,140,1052,0,0,287,3028,133,295,287,3323,California
Humboldt,2021-01-09,68,3716,44,2640,24,1076,0,0,65,3091,3,298,66,3389,California
Humboldt,2021-01-10,84,3800,84,2724,0,1076,0,0,4,3015,80,378,4,3393,California
Humboldt,2021-01-11,292,4092,281,3005,11,1087,0,0,71,2869,217,595,71,3464,California
Humboldt,2021-01-12,503,4595,339,3344,164,1251,0,0,286,2960,195,790,286,3750,California
Humboldt,2021-01-13,500,5095,281,3625,219,1470,0,0,321,3106,176,966,322,4072,California
Humboldt,2021-01-14,557,5652,173,3798,384,1854,0,0,501,3552,56,1022,502,4574,California
Humboldt,2021-01-15,371,6023,28,3826,343,2197,0,0,354,3889,17,1039,354,4928,California
Humboldt,2021-01-16,169,6192,6,3832,163,2360,0,0,168,4056,1,1040,168,5096,California
Humboldt,2021-01-17,7,6199,4,3836,3,2363,0,0,7,4063,0,1040,7,5103,California
Humboldt,2021-01-18,305,6504,270,4106,35,2398,0,0,151,4060,154,1194,151,5254,California
Humboldt,2021-01-19,659,7163,400,4506,259,2657,0,0,529,4465,124,1318,529,5783,California
Humboldt,2021-01-20,950,8113,421,4927,529,3186,0,0,786,5097,156,1474,788,6571,California
Humboldt,2021-01-21,972,9085,260,5187,712,3898,0,0,929,5983,43,1517,929,7500,California
Humboldt,2021-01-22,689,9774,381,5568,308,4206,0,0,679,6653,10,1527,680,8180,California
Humboldt,2021-01-23,928,10702,283,5851,645,4851,0,0,919,7564,9,1536,920,9100,California
Humboldt,2021-01-24,229,10931,1,5852,228,5079,0,0,227,7789,2,1538,227,9327,California
Humboldt,2021-01-25,351,11282,234,6086,117,5196,0,0,154,7746,197,1735,154,9481,California
Humboldt,2021-01-26,544,11826,149,6235,395,5591,0,0,480,8162,64,1799,480,9961,California
Humboldt,2021-01-27,1272,13098,584,6819,688,6279,0,0,1199,9297,66,1865,1201,11162,California
Humboldt,2021-01-28,1464,14562,637,7456,827,7106,0,0,1323,10484,138,2003,1325,12487,California
Humboldt,2021-01-29,1164,15726,547,8003,617,7723,0,0,695,10710,469,2472,695,13182,California
Humboldt,2021-01-30,1028,16754,470,8473,558,8281,0,0,983,11649,45,2517,984,14166,California
Humboldt,2021-01-31,317,17071,315,8788,2,8283,0,0,316,11964,1,2518,316,14482,California
Humboldt,2021-02-01,321,17392,177,8965,144,8427,0,0,185,12013,136,2654,185,14667,California
Humboldt,2021-02-02,454,17846,79,9044,375,8802,0,0,349,12262,102,2756,351,15018,California
Humboldt,2021-02-03,677,18523,267,9311,410,9212,0,0,521,12627,156,2912,521,15539,California
Humboldt,2021-02-04,652,19175,260,9571,392,9604,0,0,444,12866,205,3117,444,15983,California
Humboldt,2021-02-05,827,20002,108,9679,719,10323,0,0,625,13290,201,3318,625,16608,California
Humboldt,2021-02-06,1085,21087,471,10150,614,10937,0,0,1036,14279,48,3366,1037,17645,California
Humboldt,2021-02-07,379,21466,8,10158,371,11308,0,0,374,14650,4,3370,375,18020,California
Humboldt,2021-02-08,338,21804,147,10305,191,11499,0,0,180,14673,157,3527,180,18200,California
Humboldt,2021-02-09,504,22308,228,10533,276,11775,0,0,177,14523,327,3854,177,18377,California
Humboldt,2021-02-10,564,22872,370,10903,194,11969,0,0,205,14374,354,4208,205,18582,California
Humboldt,2021-02-11,1324,24196,399,11302,925,12894,0,0,490,14037,829,5037,492,19074,California
Humboldt,2021-02-12,1169,25365,748,12050,421,13315,0,0,712,14293,456,5493,712,19786,California
Humboldt,2021-02-13,1551,26916,601,12651,950,14265,0,0,924,14593,625,6118,925,20711,California
Humboldt,2021-02-14,114,27030,5,12656,109,14374,0,0,110,14700,3,6121,110,20821,California
Humboldt,2021-02-15,294,27324,81,12737,213,14587,0,0,193,14793,100,6221,193,21014,California
Humboldt,2021-02-16,556,27880,124,12861,432,15019,0,0,254,14748,301,6522,256,21270,California
Humboldt,2021-02-17,455,28335,283,13144,172,15191,0,0,133,14560,321,6843,133,21403,California
Humboldt,2021-02-18,1033,29368,608,13752,425,15616,0,0,276,14086,750,7593,276,21679,California
Humboldt,2021-02-19,489,29857,441,14193,48,15664,0,0,92,13785,393,7986,92,21771,California
Humboldt,2021-02-20,1731,31588,1026,15219,705,16369,0,0,480,13023,1245,9231,483,22254,California
Humboldt,2021-02-21,486,32074,478,15697,8,16377,0,0,183,12904,303,9534,184,22438,California
Humboldt,2021-02-22,139,32213,95,15792,44,16421,0,0,29,12825,108,9642,29,22467,California
Humboldt,2021-02-23,185,32398,71,15863,114,16535,0,0,44,12730,139,9781,44,22511,California
Humboldt,2021-02-24,1225,33623,745,16608,480,17015,0,0,588,12683,635,10416,588,23099,California
Humboldt,2021-02-25,838,34461,319,16927,519,17534,0,0,232,12311,604,11020,232,23331,California
Humboldt,2021-02-26,2151,36612,108,17035,2043,19577,0,0,439,11045,1706,12726,440,23771,California
Humboldt,2021-02-27,1713,38325,1092,18127,621,20198,0,0,853,11044,858,13584,857,24628,California
Humboldt,2021-02-28,126,38451,11,18138,115,20313,0,0,118,11155,7,13591,118,24746,California
Humboldt,2021-03-01,262,38713,47,18185,215,20528,0,0,188,11269,74,13665,188,24934,California
Humboldt,2021-03-02,305,39018,51,18236,254,20782,0,0,166,11296,139,13804,166,25100,California
Humboldt,2021-03-03,1674,40692,1106,19342,568,21350,0,0,1224,12078,443,14247,1225,26325,California
Humboldt,2021-03-04,926,41618,114,19456,812,22162,0,0,300,11754,626,14873,302,26627,California
Humboldt,2021-03-05,949,42567,190,19646,748,22910,11,11,390,11599,556,15429,401,27028,California
Humboldt,2021-03-06,1798,44365,936,20582,813,23723,49,60,796,11443,1001,16430,845,27873,California
Humboldt,2021-03-07,369,44734,296,20878,54,23777,19,79,158,11409,211,16641,177,28050,California
Humboldt,2021-03-08,275,45009,6,20884,191,23968,78,157,180,11573,94,16735,258,28308,California
Humboldt,2021-03-09,501,45510,206,21090,147,24115,148,305,245,11711,254,16989,392,28700,California
Humboldt,2021-03-10,694,46204,468,21558,71,24186,155,460,420,12011,273,17262,573,29273,California
Humboldt,2021-03-11,1491,47695,462,22020,929,25115,100,560,659,11942,827,18089,758,30031,California
Humboldt,2021-03-12,1754,49449,1086,23106,445,25560,223,783,1055,12532,691,18780,1281,31312,California
Humboldt,2021-03-13,1584,51033,1036,24142,497,26057,51,834,671,12346,907,19687,721,32033,California
Humboldt,2021-03-14,143,51176,19,24161,116,26173,8,842,29,12269,114,19801,37,32070,California
Humboldt,2021-03-15,280,51456,52,24213,206,26379,22,864,60,12131,220,20021,82,32152,California
Humboldt,2021-03-16,638,52094,201,24414,176,26555,261,1125,262,12277,375,20396,521,32673,California
Humboldt,2021-03-17,732,52826,395,24809,229,26784,108,1233,340,12334,391,20787,448,33121,California
Humboldt,2021-03-18,1741,54567,1166,25975,532,27316,43,1276,1036,12714,699,21486,1079,34200,California
Humboldt,2021-03-19,1076,55643,61,26036,700,28016,315,1591,441,12836,633,22119,755,34955,California
Humboldt,2021-03-20,1383,57026,757,26793,612,28628,14,1605,424,12318,957,23076,439,35394,California
Humboldt,2021-03-21,252,57278,34,26827,189,28817,29,1634,207,12508,45,23121,235,35629,California
Humboldt,2021-03-22,119,57397,15,26842,54,28871,50,1684,62,12565,55,23176,112,35741,California
Humboldt,2021-03-23,413,57810,41,26883,329,29200,43,1727,320,12836,92,23268,363,36104,California
Humboldt,2021-03-24,1414,59224,389,27272,978,30178,47,1774,1038,13552,368,23636,1084,37188,California
Humboldt,2021-03-25,1844,61068,1214,28486,566,30744,64,1838,947,13667,895,24531,1010,38198,California
Humboldt,2021-03-26,2043,63111,440,28926,1546,32290,57,1895,1596,14878,441,24972,1652,39850,California
Humboldt,2021-03-27,2091,65202,1493,30419,424,32714,174,2069,1116,15197,971,25943,1290,41140,California
Humboldt,2021-03-28,268,65470,82,30501,114,32828,72,2141,81,15165,186,26129,154,41294,California
Humboldt,2021-03-29,469,65939,125,30626,248,33076,96,2237,199,15190,269,26398,294,41588,California
Humboldt,2021-03-30,947,66886,304,30930,529,33605,114,2351,561,15483,381,26779,674,42262,California
Humboldt,2021-03-31,1869,68755,522,31452,1249,34854,98,2449,1411,16539,454,27233,1510,43772,California
Humboldt,2021-04-01,2123,70878,712,32164,1318,36172,93,2542,1482,17481,633,27866,1575,45347,California
Humboldt,2021-04-02,1730,72608,1113,33277,510,36682,107,2649,622,17108,1102,28968,729,46076,California
Humboldt,2021-04-03,1670,74278,1509,34786,146,36828,15,2664,672,16807,988,29956,687,46763,California
Humboldt,2021-04-04,485,74763,372,35158,104,36932,9,2673,404,17140,80,30036,413,47176,California
Humboldt,2021-04-05,780,75543,465,35623,267,37199,48,2721,444,17299,333,30369,492,47668,California
Humboldt,2021-04-06,847,76390,319,35942,394,37593,134,2855,589,17768,252,30621,721,48389,California
Humboldt,2021-04-07,1501,77891,1067,37009,292,37885,142,2997,994,18400,504,31125,1136,49525,California
Humboldt,2021-04-08,1760,79651,1097,38106,504,38389,159,3156,744,18289,1014,32139,903,50428,California
Humboldt,2021-04-09,1446,81097,441,38547,850,39239,155,3311,1155,19302,290,32429,1303,51731,California
Humboldt,2021-04-10,942,82039,138,38685,629,39868,175,3486,742,20019,198,32627,915,52646,California
Humboldt,2021-04-11,646,82685,138,38823,36,39904,472,3958,129,20101,517,33144,599,53245,California
Humboldt,2021-04-12,443,83128,230,39053,86,39990,127,4085,282,20350,160,33304,409,53654,California
Humboldt,2021-04-13,594,83722,324,39377,265,40255,5,4090,558,20878,34,33338,562,54216,California
Humboldt,2021-04-14,1450,85172,1047,40424,403,40658,0,4090,1333,22095,116,33454,1333,55549,California
Humboldt,2021-04-15,1834,87006,1203,41627,627,41285,4,4094,1260,22802,555,34009,1262,56811,California
Humboldt,2021-04-16,1141,88147,522,42149,619,41904,0,4094,556,22776,582,34591,556,57367,California
Humboldt,2021-04-17,1859,90006,1536,43685,323,42227,0,4094,1054,23031,799,35390,1054,58421,California
Humboldt,2021-04-18,670,90676,354,44039,315,42542,1,4095,85,22537,579,35969,85,58506,California
Humboldt,2021-04-19,208,90884,86,44125,122,42664,0,4095,92,22515,114,36083,92,58598,California
Humboldt,2021-04-20,508,91392,139,44264,369,43033,0,4095,252,22512,255,36338,252,58850,California
Humboldt,2021-04-21,1125,92517,392,44656,733,43766,0,4095,456,22309,660,36998,457,59307,California
Humboldt,2021-04-22,900,93417,538,45194,361,44127,1,4096,457,22326,440,37438,457,59764,California
Humboldt,2021-04-23,2195,95612,312,45506,1883,46010,0,4096,339,20813,1852,39290,339,60103,California
Humboldt,2021-04-24,1101,96713,885,46391,211,46221,5,4101,366,20452,732,40022,371,60474,California
Humboldt,2021-04-25,377,97090,241,46632,136,46357,0,4101,194,20465,181,40203,194,60668,California
Humboldt,2021-04-26,391,97481,272,46904,115,46472,4,4105,110,20298,279,40482,112,60780,California
Humboldt,2021-04-27,777,98258,278,47182,470,46942,29,4134,154,19860,621,41103,183,60963,California
Humboldt,2021-04-28,1604,99862,843,48025,716,47658,45,4179,417,19138,1184,42287,462,61425,California
Humboldt,2021-04-29,1789,101651,635,48660,1116,48774,38,4217,299,17990,1485,43772,337,61762,California
Humboldt,2021-04-30,1303,102954,436,49096,833,49607,34,4251,205,17136,1091,44863,237,61999,California
Humboldt,2021-05-01,483,103437,386,49482,74,49681,23,4274,300,17277,182,45045,323,62322,California
Humboldt,2021-05-02,233,103670,186,49668,38,49719,9,4283,117,17288,115,45160,126,62448,California
Humboldt,2021-05-03,618,104288,375,50043,219,49938,24,4307,102,16901,514,45674,127,62575,California
Humboldt,2021-05-04,872,105160,523,50566,303,50241,46,4353,262,16601,607,46281,307,62882,California
Humboldt,2021-05-05,1741,106901,1116,51682,567,50808,58,4411,185,15294,1548,47829,241,63123,California
Humboldt,2021-05-06,1694,108595,1075,52757,367,51175,252,4663,141,14137,1550,49379,393,63516,California
Humboldt,2021-05-07,1437,110032,315,53072,1062,52237,60,4723,238,13237,1196,50575,296,63812,California
Humboldt,2021-05-08,743,110775,147,53219,573,52810,23,4746,90,12699,651,51226,113,63925,California
Humboldt,2021-05-09,906,111681,854,54073,42,52852,10,4756,47,11897,859,52085,57,63982,California
Humboldt,2021-05-10,218,111899,37,54110,142,52994,39,4795,82,11882,136,52221,121,64103,California
Humboldt,2021-05-11,536,112435,184,54294,279,53273,73,4868,204,11828,331,52552,277,64380,California
Humboldt,2021-05-12,622,113057,142,54436,434,53707,46,4914,227,11706,394,52946,272,64652,California
Humboldt,2021-05-13,630,113687,302,54738,301,54008,27,4941,289,11683,339,53285,316,64968,California
Humboldt,2021-05-14,712,114399,142,54880,466,54474,104,5045,233,11543,476,53761,336,65304,California
Humboldt,2021-05-15,787,115186,643,55523,135,54609,9,5054,212,11190,574,54335,221,65525,California
Humboldt,2021-05-16,122,115308,54,55577,64,54673,4,5058,68,11208,54,54389,72,65597,California
Humboldt,2021-05-17,410,115718,215,55792,172,54845,23,5081,225,11272,183,54572,247,65844,California
Humboldt,2021-05-18,665,116383,327,56119,309,55154,29,5110,362,11361,302,54874,391,66235,California
Humboldt,2021-05-19,992,117375,549,56668,400,55554,43,5153,344,11102,644,55518,385,66620,California
Humboldt,2021-05-20,828,118203,607,57275,208,55762,13,5166,593,11477,232,55750,607,67227,California
Humboldt,2021-05-21,877,119080,291,57566,525,56287,61,5227,350,11361,527,56277,411,67638,California
Humboldt,2021-05-22,414,119494,320,57886,86,56373,8,5235,146,11249,266,56543,154,67792,California
Humboldt,2021-05-23,393,119887,323,58209,67,56440,3,5238,75,11009,318,56861,78,67870,California
Humboldt,2021-05-24,338,120225,175,58384,134,56574,29,5267,183,11067,154,57015,212,68082,California
Humboldt,2021-05-25,529,120754,337,58721,168,56742,24,5291,287,11139,239,57254,311,68393,California
Humboldt,2021-05-26,648,121402,310,59031,314,57056,24,5315,309,11134,338,57592,333,68726,California
Humboldt,2021-05-27,465,121867,247,59278,181,57237,37,5352,276,11258,189,57781,313,69039,California
Humboldt,2021-05-28,411,122278,193,59471,171,57408,47,5399,169,11234,240,58021,216,69255,California
Humboldt,2021-05-29,172,122450,103,59574,66,57474,3,5402,91,11247,81,58102,94,69349,California
Humboldt,2021-05-30,104,122554,45,59619,54,57528,5,5407,49,11247,54,58156,54,69403,California
Humboldt,2021-05-31,73,122627,27,59646,40,57568,6,5413,49,11278,23,58179,54,69457,California
Humboldt,2021-06-01,459,123086,266,59912,178,57746,15,5428,183,11200,276,58455,198,69655,California
Humboldt,2021-06-02,532,123618,250,60162,228,57974,54,5482,236,11198,290,58745,288,69943,California
Humboldt,2021-06-03,391,124009,226,60388,143,58117,22,5504,85,11027,278,59023,107,70050,California
Humboldt,2021-06-04,507,124516,317,60705,166,58283,24,5528,133,10853,330,59353,156,70206,California
Humboldt,2021-06-05,409,124925,314,61019,50,58333,45,5573,206,10956,148,59501,251,70457,California
Humboldt,2021-06-06,170,125095,118,61137,43,58376,9,5582,69,10938,96,59597,78,70535,California
Humboldt,2021-06-07,360,125455,217,61354,119,58495,24,5606,111,10825,248,59845,135,70670,California
Humboldt,2021-06-08,521,125976,302,61656,190,58685,29,5635,151,10636,368,60213,179,70849,California
Humboldt,2021-06-09,397,126373,203,61859,147,58832,47,5682,123,10534,272,60485,170,71019,California
Humboldt,2021-06-10,563,126936,445,62304,91,58923,27,5709,93,10186,466,60951,118,71137,California
Humboldt,2021-06-11,438,127374,246,62550,164,59087,28,5737,100,9977,337,61288,128,71265,California
Humboldt,2021-06-12,178,127552,131,62681,47,59134,0,5737,49,9898,128,61416,49,71314,California
Humboldt,2021-06-13,214,127766,146,62827,43,59177,25,5762,92,9894,120,61536,116,71430,California
Humboldt,2021-06-14,419,128185,254,63081,138,59315,27,5789,115,9733,303,61839,142,71572,California
Humboldt,2021-06-15,544,128729,369,63450,147,59462,28,5817,154,9530,384,62223,181,71753,California
Humboldt,2021-06-16,483,129212,322,63772,114,59576,47,5864,140,9383,334,62557,187,71940,California
Humboldt,2021-06-17,396,129608,259,64031,91,59667,46,5910,98,9229,298,62855,144,72084,California
Humboldt,2021-06-18,400,130008,229,64260,142,59809,29,5939,129,9121,265,63120,157,72241,California
Humboldt,2021-06-19,202,130210,136,64396,45,59854,21,5960,87,9114,114,63234,107,72348,California
Humboldt,2021-06-20,80,130290,36,64432,30,59884,14,5974,33,9116,45,63279,47,72395,California
Humboldt,2021-06-21,153,130443,72,64504,54,59938,27,6001,53,9096,100,63379,80,72475,California
Humboldt,2021-06-22,348,130791,219,64723,110,60048,19,6020,144,9056,203,63582,163,72638,California
Humboldt,2021-06-23,351,131142,248,64971,74,60122,29,6049,106,8951,238,63820,133,72771,California
Humboldt,2021-06-24,204,131346,106,65077,49,60171,49,6098,88,8974,112,63932,135,72906,California
Humboldt,2021-06-25,254,131600,144,65221,95,60266,15,6113,104,8946,147,64079,119,73025,California
Humboldt,2021-06-26,252,131852,191,65412,38,60304,23,6136,64,8845,188,64267,87,73112,California
Humboldt,2021-06-27,73,131925,50,65462,21,60325,2,6138,26,8826,47,64314,28,73140,California
Humboldt,2021-06-28,154,132079,100,65562,26,60351,28,6166,68,8836,86,64400,96,73236,California
Humboldt,2021-06-29,187,132266,101,65663,56,60407,30,6196,52,8785,133,64533,82,73318,California
Imperial,2020-12-16,1,1,1,1,0,0,0,0,1,1,0,0,1,1,California
Imperial,2020-12-17,4,5,4,5,0,0,0,0,4,5,0,0,4,5,California
Imperial,2020-12-18,13,18,13,18,0,0,0,0,13,18,0,0,13,18,California
Imperial,2020-12-20,3,21,3,21,0,0,0,0,3,21,0,0,3,21,California
Imperial,2020-12-21,185,206,185,206,0,0,0,0,185,206,0,0,185,206,California
Imperial,2020-12-22,240,446,238,444,2,2,0,0,240,446,0,0,240,446,California
Imperial,2020-12-23,211,657,210,654,1,3,0,0,211,657,0,0,211,657,California
Imperial,2020-12-24,7,664,7,661,0,3,0,0,7,664,0,0,7,664,California
Imperial,2020-12-26,3,667,1,662,2,5,0,0,3,667,0,0,3,667,California
Imperial,2020-12-27,62,729,0,662,62,67,0,0,62,729,0,0,62,729,California
Imperial,2020-12-28,216,945,115,777,101,168,0,0,216,945,0,0,216,945,California
Imperial,2020-12-29,190,1135,37,814,153,321,0,0,190,1135,0,0,190,1135,California
Imperial,2020-12-30,367,1502,51,865,316,637,0,0,367,1502,0,0,367,1502,California
Imperial,2020-12-31,199,1701,28,893,171,808,0,0,199,1701,0,0,199,1701,California
Imperial,2021-01-01,47,1748,5,898,42,850,0,0,47,1748,0,0,47,1748,California
Imperial,2021-01-02,5,1753,0,898,5,855,0,0,5,1753,0,0,5,1753,California
Imperial,2021-01-03,90,1843,0,898,90,945,0,0,90,1843,0,0,90,1843,California
Imperial,2021-01-04,87,1930,7,905,80,1025,0,0,87,1930,0,0,87,1930,California
Imperial,2021-01-05,173,2103,14,919,159,1184,0,0,173,2103,0,0,173,2103,California
Imperial,2021-01-06,192,2295,26,945,166,1350,0,0,191,2293,1,1,191,2294,California
Imperial,2021-01-07,330,2625,12,957,318,1668,0,0,325,2613,5,6,325,2619,California
Imperial,2021-01-08,194,2819,51,1008,143,1811,0,0,185,2789,9,15,185,2804,California
Imperial,2021-01-09,24,2843,21,1029,3,1814,0,0,24,2813,0,15,24,2828,California
Imperial,2021-01-10,4,2847,1,1030,3,1817,0,0,3,2815,1,16,3,2831,California
Imperial,2021-01-11,403,3250,243,1273,160,1977,0,0,176,2764,227,243,176,3007,California
Imperial,2021-01-12,575,3825,467,1740,108,2085,0,0,313,2816,261,504,313,3320,California
Imperial,2021-01-13,386,4211,135,1875,251,2336,0,0,284,2998,102,606,284,3604,California
Imperial,2021-01-14,307,4518,190,2065,117,2453,0,0,301,3294,5,611,301,3905,California
Imperial,2021-01-15,247,4765,182,2247,65,2518,0,0,239,3525,8,619,239,4144,California
Imperial,2021-01-16,94,4859,74,2321,20,2538,0,0,93,3617,1,620,93,4237,California
Imperial,2021-01-17,18,4877,5,2326,13,2551,0,0,17,3633,1,621,17,4254,California
Imperial,2021-01-18,1073,5950,401,2727,672,3223,0,0,975,4511,98,719,976,5230,California
Imperial,2021-01-19,172,6122,129,2856,43,3266,0,0,125,4589,47,766,125,5355,California
Imperial,2021-01-20,300,6422,198,3054,102,3368,0,0,261,4811,39,805,261,5616,California
Imperial,2021-01-21,436,6858,185,3239,251,3619,0,0,414,5203,22,827,414,6030,California
Imperial,2021-01-22,476,7334,188,3427,288,3907,0,0,467,5661,9,836,467,6497,California
Imperial,2021-01-23,1064,8398,292,3719,772,4679,0,0,1061,6719,3,839,1061,7558,California
Imperial,2021-01-24,24,8422,2,3721,22,4701,0,0,24,6743,0,839,24,7582,California
Imperial,2021-01-25,224,8646,10,3731,214,4915,0,0,41,6603,181,1020,41,7623,California
Imperial,2021-01-26,376,9022,181,3912,195,5110,0,0,232,6693,143,1163,233,7856,California
Imperial,2021-01-27,589,9611,163,4075,426,5536,0,0,255,6614,334,1497,255,8111,California
Imperial,2021-01-28,654,10265,165,4240,489,6025,0,0,544,7048,110,1607,544,8655,California
Imperial,2021-01-29,446,10711,298,4538,148,6173,0,0,396,7394,50,1657,396,9051,California
Imperial,2021-01-30,82,10793,39,4577,43,6216,0,0,65,7442,17,1674,65,9116,California
Imperial,2021-01-31,27,10820,4,4581,23,6239,0,0,26,7467,1,1675,26,9142,California
Imperial,2021-02-01,464,11284,67,4648,397,6636,0,0,251,7507,211,1886,251,9393,California
Imperial,2021-02-02,763,12047,82,4730,681,7317,0,0,580,7904,183,2069,580,9973,California
Imperial,2021-02-03,622,12669,180,4910,442,7759,0,0,359,8002,261,2330,359,10332,California
Imperial,2021-02-04,1936,14605,1378,6288,558,8317,0,0,1496,9059,439,2769,1496,11828,California
Imperial,2021-02-05,456,15061,255,6543,201,8518,0,0,219,9042,238,3007,221,12049,California
Imperial,2021-02-06,890,15951,849,7392,41,8559,0,0,854,9858,38,3045,854,12903,California
Imperial,2021-02-07,49,16000,17,7409,32,8591,0,0,45,9899,4,3049,45,12948,California
Imperial,2021-02-08,274,16274,45,7454,229,8820,0,0,206,10037,68,3117,206,13154,California
Imperial,2021-02-09,489,16763,153,7607,336,9156,0,0,321,10193,168,3285,324,13478,California
Imperial,2021-02-10,479,17242,59,7666,420,9576,0,0,111,9939,368,3653,114,13592,California
Imperial,2021-02-11,1083,18325,387,8053,696,10272,0,0,180,9224,898,4551,183,13775,California
Imperial,2021-02-12,2180,20505,1437,9490,743,11015,0,0,1824,10695,359,4910,1830,15605,California
Imperial,2021-02-13,110,20615,57,9547,53,11068,0,0,92,10768,21,4931,94,15699,California
Imperial,2021-02-14,49,20664,34,9581,15,11083,0,0,46,10811,3,4934,46,15745,California
Imperial,2021-02-15,145,20809,37,9618,108,11191,0,0,127,10923,18,4952,130,15875,California
Imperial,2021-02-16,520,21329,264,9882,256,11447,0,0,302,11011,218,5170,306,16181,California
Imperial,2021-02-17,460,21789,303,10185,157,11604,0,0,104,10764,356,5526,109,16290,California
Imperial,2021-02-18,679,22468,329,10514,350,11954,0,0,156,10411,519,6045,166,16456,California
Imperial,2021-02-19,794,23262,402,10916,392,12346,0,0,208,10038,583,6628,210,16666,California
Imperial,2021-02-20,1062,24324,208,11124,854,13200,0,0,337,9662,723,7351,347,17013,California
Imperial,2021-02-21,603,24927,571,11695,32,13232,0,0,595,10253,7,7358,598,17611,California
Imperial,2021-02-22,836,25763,592,12287,244,13476,0,0,776,10974,60,7418,781,18392,California
Imperial,2021-02-23,1128,26891,529,12816,599,14075,0,0,958,11776,169,7587,971,19363,California
Imperial,2021-02-24,788,27679,351,13167,437,14512,0,0,667,12338,119,7706,681,20044,California
Imperial,2021-02-25,954,28633,421,13588,533,15045,0,0,537,12481,417,8123,560,20604,California
Imperial,2021-02-26,2369,31002,1409,14997,960,16005,0,0,1856,13847,512,8635,1878,22482,California
Imperial,2021-02-27,1010,32012,922,15919,88,16093,0,0,250,13356,761,9396,270,22752,California
Imperial,2021-02-28,110,32122,91,16010,19,16112,0,0,88,13433,22,9418,99,22851,California
Imperial,2021-03-01,585,32707,358,16368,224,16336,3,3,499,13863,83,9501,513,23364,California
Imperial,2021-03-02,777,33484,300,16668,476,16812,1,4,438,13978,337,9838,452,23816,California
Imperial,2021-03-03,1002,34486,96,16764,905,17717,1,5,606,14221,392,10230,635,24451,California
Imperial,2021-03-04,839,35325,151,16915,687,18404,1,6,548,14530,289,10519,598,25049,California
Imperial,2021-03-05,3169,38494,2269,19184,900,19304,0,6,1785,14959,1388,11907,1817,26866,California
Imperial,2021-03-06,819,39313,330,19514,489,19793,0,6,723,15614,93,12000,748,27614,California
Imperial,2021-03-07,158,39471,103,19617,55,19848,0,6,105,15692,52,12052,130,27744,California
Imperial,2021-03-08,498,39969,386,20003,77,19925,35,41,406,16075,92,12144,475,28219,California
Imperial,2021-03-09,743,40712,352,20355,143,20068,248,289,445,16472,298,12442,695,28914,California
Imperial,2021-03-10,750,41462,361,20716,284,20352,105,394,364,16570,385,12827,483,29397,California
Imperial,2021-03-11,1865,43327,527,21243,1147,21499,191,585,1237,17398,624,13451,1452,30849,California
Imperial,2021-03-12,4913,48240,3493,24736,1211,22710,209,794,3156,19033,1751,15202,3386,34235,California
Imperial,2021-03-13,1235,49475,117,24853,884,23594,234,1028,893,19846,339,15541,1152,35387,California
Imperial,2021-03-14,214,49689,59,24912,141,23735,14,1042,156,19974,58,15599,186,35573,California
Imperial,2021-03-15,743,50432,267,25179,218,23953,258,1300,416,20343,324,15923,693,36266,California
Imperial,2021-03-16,1219,51651,371,25550,379,24332,469,1769,606,20838,610,16533,1105,37371,California
Imperial,2021-03-17,1671,53322,740,26290,792,25124,139,1908,1060,21442,604,17137,1208,38579,California
Imperial,2021-03-18,1875,55197,1251,27541,564,25688,60,1968,1309,22256,561,17698,1375,39954,California
Imperial,2021-03-19,3861,59058,2827,30368,1031,26719,3,1971,1956,22320,1898,19596,1962,41916,California
Imperial,2021-03-20,1815,60873,583,30951,1225,27944,7,1978,1351,23227,457,20053,1364,43280,California
Imperial,2021-03-21,292,61165,104,31055,183,28127,5,1983,166,23281,126,20179,180,43460,California
Imperial,2021-03-22,1111,62276,400,31455,704,28831,7,1990,648,23487,461,20640,667,44127,California
Imperial,2021-03-23,1543,63819,555,32010,982,29813,6,1996,966,23891,573,21213,977,45104,California
Imperial,2021-03-24,2211,66030,637,32647,1148,30961,426,2422,1190,24493,1017,22230,1619,46723,California
Imperial,2021-03-25,3307,69337,798,33445,889,31850,1620,4042,1247,25298,2054,24284,2859,49582,California
Imperial,2021-03-26,3267,72604,1252,34697,1037,32887,978,5020,944,24914,2311,26595,1927,51509,California
Imperial,2021-03-27,675,73279,327,35024,291,33178,57,5077,451,25204,220,26815,510,52019,California
Imperial,2021-03-28,242,73521,79,35103,161,33339,2,5079,182,25331,58,26873,185,52204,California
Imperial,2021-03-29,1521,75042,392,35495,404,33743,725,5804,328,25196,1190,28063,1055,53259,California
Imperial,2021-03-30,2137,77179,724,36219,597,34340,816,6620,689,25252,1446,29509,1502,54761,California
Imperial,2021-03-31,1585,78764,767,36986,812,35152,6,6626,1026,25727,556,30065,1031,55792,California
Imperial,2021-04-01,2111,80875,467,37453,1399,36551,245,6871,887,25642,1217,31282,1132,56924,California
Imperial,2021-04-02,2194,83069,516,37969,1601,38152,77,6948,1445,26424,741,32023,1523,58447,California
Imperial,2021-04-03,1555,84624,458,38427,1017,39169,80,7028,712,26378,840,32863,794,59241,California
Imperial,2021-04-04,111,84735,67,38494,27,39196,17,7045,33,26351,78,32941,51,59292,California
Imperial,2021-04-05,3440,88175,2350,40844,925,40121,165,7210,812,24717,2618,35559,984,60276,California
Imperial,2021-04-06,1361,89536,571,41415,600,40721,190,7400,694,24942,662,36221,887,61163,California
Imperial,2021-04-07,2220,91756,609,42024,1235,41956,376,7776,1575,26242,649,36870,1949,63112,California
Imperial,2021-04-08,2261,94017,1121,43145,842,42798,298,8074,1081,26444,1175,38045,1377,64489,California
Imperial,2021-04-09,3308,97325,1698,44843,979,43777,631,8705,1525,26823,1774,39819,2153,66642,California
Imperial,2021-04-10,1348,98673,225,45068,849,44626,274,8979,243,26237,1102,40921,516,67158,California
Imperial,2021-04-11,251,98924,62,45130,157,44783,32,9011,85,26191,166,41087,120,67278,California
Imperial,2021-04-12,1485,100409,807,45937,457,45240,221,9232,829,26594,648,41735,1051,68329,California
Imperial,2021-04-13,2959,103368,1918,47855,1039,46279,2,9234,2031,27707,923,42658,2036,70365,California
Imperial,2021-04-14,2075,105443,982,48837,1093,47372,0,9234,1396,28435,673,43331,1401,71766,California
Imperial,2021-04-15,2043,107486,958,49795,1085,48457,0,9234,1369,29141,669,44000,1375,73141,California
Imperial,2021-04-16,3478,110964,1822,51617,1656,50113,0,9234,2153,29986,1311,45311,2156,75297,California
Imperial,2021-04-17,1845,112809,956,52573,887,51000,2,9236,1420,30989,420,45731,1423,76720,California
Imperial,2021-04-18,273,113082,85,52658,188,51188,0,9236,91,30903,180,45911,94,76814,California
Imperial,2021-04-19,852,113934,271,52929,581,51769,0,9236,422,30903,427,46338,427,77241,California
Imperial,2021-04-20,1347,115281,551,53480,796,52565,0,9236,737,31034,609,46947,740,77981,California
Imperial,2021-04-21,1435,116716,377,53857,1057,53622,1,9237,805,31216,623,47570,805,78786,California
Imperial,2021-04-22,2385,119101,829,54686,1556,55178,0,9237,1628,32105,741,48311,1630,80416,California
Imperial,2021-04-23,2832,121933,551,55237,2281,57459,0,9237,1072,31453,1728,50039,1076,81492,California
Imperial,2021-04-24,550,122483,324,55561,226,57685,0,9237,193,31292,354,50393,193,81685,California
Imperial,2021-04-25,272,122755,102,55663,170,57855,0,9237,131,31284,139,50532,131,81816,California
Imperial,2021-04-26,1235,123990,483,56146,748,58603,4,9241,709,31477,520,51052,713,82529,California
Imperial,2021-04-27,1124,125114,371,56517,744,59347,9,9250,553,31475,565,51617,563,83092,California
Imperial,2021-04-28,1502,126616,650,57167,823,60170,29,9279,678,31364,818,52435,707,83799,California
Imperial,2021-04-29,1846,128462,867,58034,933,61103,46,9325,812,31202,1022,53457,860,84659,California
Imperial,2021-04-30,3287,131749,1688,59722,1565,62668,34,9359,1577,31115,1698,55155,1611,86270,California
Imperial,2021-05-01,327,132076,126,59848,198,62866,3,9362,154,31102,172,55327,159,86429,California
Imperial,2021-05-02,88,132164,29,59877,57,62923,2,9364,42,31101,46,55373,45,86474,California
Imperial,2021-05-03,1646,133810,545,60422,1052,63975,49,9413,368,30252,1265,56638,416,86890,California
Imperial,2021-05-04,1766,135576,965,61387,774,64749,27,9440,540,29601,1218,57856,567,87457,California
Imperial,2021-05-05,1518,137094,905,62292,593,65342,20,9460,444,29004,1062,58918,465,87922,California
Imperial,2021-05-06,1718,138812,1139,63431,537,65879,42,9502,537,28410,1175,60093,581,88503,California
Imperial,2021-05-07,2591,141403,1449,64880,1097,66976,45,9547,858,27603,1713,61806,906,89409,California
Imperial,2021-05-08,801,142204,649,65529,143,67119,9,9556,196,27210,598,62404,205,89614,California
Imperial,2021-05-09,102,142306,70,65599,31,67150,1,9557,29,27170,70,62474,30,89644,California
Imperial,2021-05-10,1181,143487,303,65902,754,67904,124,9681,359,26837,814,63288,481,90125,California
Imperial,2021-05-11,1477,144964,475,66377,983,68887,19,9700,495,26382,974,64262,519,90644,California
Imperial,2021-05-12,877,145841,280,66657,557,69444,40,9740,317,26184,555,64817,357,91001,California
Imperial,2021-05-13,1869,147710,1252,67909,545,69989,72,9812,823,26042,1035,65852,893,91894,California
Imperial,2021-05-14,1764,149474,973,68882,732,70721,59,9871,1162,26673,590,66442,1221,93115,California
Imperial,2021-05-15,1234,150708,479,69361,733,71454,22,9893,471,26410,757,67199,494,93609,California
Imperial,2021-05-16,127,150835,86,69447,37,71491,4,9897,53,26394,73,67272,57,93666,California
Imperial,2021-05-17,1979,152814,723,70170,1205,72696,51,9948,690,25853,1282,68554,741,94407,California
Imperial,2021-05-18,1715,154529,893,71063,748,73444,74,10022,941,26101,768,69322,1016,95423,California
Imperial,2021-05-19,1304,155833,622,71685,613,74057,69,10091,610,26094,685,70007,678,96101,California
Imperial,2021-05-20,1661,157494,1012,72697,583,74640,66,10157,743,25996,907,70914,809,96910,California
Imperial,2021-05-21,1925,159419,1237,73934,625,75265,63,10220,972,26090,941,71855,1035,97945,California
Imperial,2021-05-22,297,159716,193,74127,86,75351,18,10238,153,26123,138,71993,171,98116,California
Imperial,2021-05-23,94,159810,34,74161,51,75402,9,10247,33,26106,59,72052,42,98158,California
Imperial,2021-05-24,1278,161088,626,74787,594,75996,58,10305,530,25952,741,72793,587,98745,California
Imperial,2021-05-25,1481,162569,481,75268,966,76962,34,10339,541,25599,929,73722,576,99321,California
Imperial,2021-05-26,1055,163624,551,75819,454,77416,50,10389,464,25524,588,74310,513,99834,California
Imperial,2021-05-27,1324,164948,731,76550,523,77939,70,10459,652,25579,667,74977,722,100556,California
Imperial,2021-05-28,1027,165975,593,77143,362,78301,72,10531,377,25389,640,75617,450,101006,California
Imperial,2021-05-29,223,166198,123,77266,94,78395,6,10537,112,25396,111,75728,118,101124,California
Imperial,2021-05-30,98,166296,29,77295,67,78462,2,10539,67,25434,31,75759,69,101193,California
Imperial,2021-05-31,79,166375,20,77315,53,78515,6,10545,36,25433,43,75802,42,101235,California
Imperial,2021-06-01,1182,167557,549,77864,568,79083,65,10610,468,25259,707,76509,533,101768,California
Imperial,2021-06-02,1085,168642,597,78461,397,79480,91,10701,548,25368,528,77037,637,102405,California
Imperial,2021-06-03,1246,169888,735,79196,416,79896,95,10796,590,25403,650,77687,685,103090,California
Imperial,2021-06-04,2351,172239,1711,80907,538,80434,102,10898,983,25131,1356,79043,1084,104174,California
Imperial,2021-06-05,364,172603,232,81139,117,80551,15,10913,172,25130,188,79231,187,104361,California
Imperial,2021-06-06,79,172682,46,81185,21,80572,12,10925,44,25151,35,79266,56,104417,California
Imperial,2021-06-07,1003,173685,654,81839,284,80856,65,10990,481,25178,519,79785,546,104963,California
Imperial,2021-06-08,1337,175022,1015,82854,266,81122,56,11046,541,24982,792,80577,596,105559,California
Imperial,2021-06-09,1058,176080,770,83624,231,81353,57,11103,486,24960,565,81142,543,106102,California
Imperial,2021-06-10,1126,177206,772,84396,310,81663,44,11147,439,24759,683,81825,482,106584,California
Imperial,2021-06-11,1619,178825,1181,85577,395,82058,43,11190,706,24609,899,82724,749,107333,California
Imperial,2021-06-12,238,179063,124,85701,103,82161,11,11201,98,24579,139,82863,109,107442,California
Imperial,2021-06-13,83,179146,21,85722,60,82221,2,11203,52,24604,30,82893,55,107497,California
Imperial,2021-06-14,864,180010,610,86332,212,82433,42,11245,371,24528,489,83382,413,107910,California
Imperial,2021-06-15,998,181008,734,87066,235,82668,29,11274,445,24456,547,83929,475,108385,California
Imperial,2021-06-16,909,181917,616,87682,248,82916,45,11319,447,24491,458,84387,493,108878,California
Imperial,2021-06-17,1017,182934,750,88432,226,83142,41,11360,452,24422,560,84947,491,109369,California
Imperial,2021-06-18,1059,183993,758,89190,246,83388,55,11415,659,24745,390,85337,713,110082,California
Imperial,2021-06-19,270,184263,187,89377,78,83466,5,11420,144,24769,125,85462,149,110231,California
Imperial,2021-06-20,63,184326,30,89407,29,83495,4,11424,24,24758,39,85501,28,110259,California
Imperial,2021-06-21,653,184979,388,89795,227,83722,38,11462,394,24940,252,85753,434,110693,California
Imperial,2021-06-22,1073,186052,761,90556,269,83991,43,11505,592,25103,473,86226,636,111329,California
Imperial,2021-06-23,1019,187071,708,91264,259,84250,52,11557,546,25236,464,86690,597,111926,California
Imperial,2021-06-24,957,188028,675,91939,240,84490,42,11599,499,25324,453,87143,541,112467,California
Imperial,2021-06-25,1325,189353,1006,92945,261,84751,58,11657,574,25218,738,87881,632,113099,California
Imperial,2021-06-26,187,189540,123,93068,60,84811,4,11661,71,25178,115,87996,75,113174,California
Imperial,2021-06-27,123,189663,60,93128,58,84869,5,11666,51,25161,72,88068,55,113229,California
Imperial,2021-06-28,645,190308,463,93591,160,85029,22,11688,338,25218,302,88370,359,113588,California
Imperial,2021-06-29,579,190887,447,94038,103,85132,29,11717,271,25212,306,88676,300,113888,California
Inyo,2020-12-19,85,85,85,85,0,0,0,0,85,85,0,0,85,85,California
Inyo,2020-12-20,58,143,58,143,0,0,0,0,58,143,0,0,58,143,California
Inyo,2020-12-21,88,231,85,228,3,3,0,0,88,231,0,0,88,231,California
Inyo,2020-12-22,105,336,105,333,0,3,0,0,105,336,0,0,105,336,California
Inyo,2020-12-23,70,406,67,400,3,6,0,0,70,406,0,0,70,406,California
Inyo,2020-12-24,15,421,15,415,0,6,0,0,15,421,0,0,15,421,California
Inyo,2020-12-25,1,422,0,415,1,7,0,0,1,422,0,0,1,422,California
Inyo,2020-12-26,74,496,74,489,0,7,0,0,74,496,0,0,74,496,California
Inyo,2020-12-28,49,545,37,526,12,19,0,0,49,545,0,0,49,545,California
Inyo,2020-12-29,19,564,19,545,0,19,0,0,19,564,0,0,19,564,California
Inyo,2020-12-30,56,620,54,599,2,21,0,0,56,620,0,0,56,620,California
Inyo,2020-12-31,29,649,0,599,29,50,0,0,29,649,0,0,29,649,California
Inyo,2021-01-01,1,650,0,599,1,51,0,0,1,650,0,0,1,650,California
Inyo,2021-01-03,1,651,0,599,1,52,0,0,1,651,0,0,1,651,California
Inyo,2021-01-04,4,655,1,600,3,55,0,0,4,655,0,0,4,655,California
Inyo,2021-01-05,34,689,0,600,34,89,0,0,34,689,0,0,34,689,California
Inyo,2021-01-06,68,757,0,600,68,157,0,0,68,757,0,0,68,757,California
Inyo,2021-01-07,31,788,1,601,30,187,0,0,31,788,0,0,31,788,California
Inyo,2021-01-08,9,797,8,609,1,188,0,0,4,788,5,5,5,793,California
Inyo,2021-01-09,87,884,86,695,1,189,0,0,1,703,86,91,1,794,California
Inyo,2021-01-10,52,936,52,747,0,189,0,0,0,651,52,143,0,794,California
Inyo,2021-01-11,97,1033,82,829,15,204,0,0,16,586,81,224,16,810,California
Inyo,2021-01-12,138,1171,117,946,21,225,0,0,28,504,110,334,28,838,California
Inyo,2021-01-13,86,1257,68,1014,18,243,0,0,21,461,65,399,22,860,California
Inyo,2021-01-14,59,1316,13,1027,46,289,0,0,49,500,10,409,49,909,California
Inyo,2021-01-15,163,1479,28,1055,135,424,0,0,163,663,0,409,163,1072,California
Inyo,2021-01-16,74,1553,73,1128,1,425,0,0,1,591,73,482,1,1073,California
Inyo,2021-01-18,59,1612,37,1165,22,447,0,0,19,570,40,522,19,1092,California
Inyo,2021-01-19,115,1727,73,1238,42,489,0,0,98,651,17,539,98,1190,California
Inyo,2021-01-20,148,1875,71,1309,77,566,0,0,93,689,55,594,93,1283,California
Inyo,2021-01-21,120,1995,57,1366,63,629,0,0,119,807,1,595,119,1402,California
Inyo,2021-01-22,62,2057,0,1366,62,691,0,0,61,867,1,596,61,1463,California
Inyo,2021-01-23,53,2110,52,1418,1,692,0,0,53,920,0,596,53,1516,California
Inyo,2021-01-25,49,2159,6,1424,43,735,0,0,37,945,12,608,37,1553,California
Inyo,2021-01-26,135,2294,54,1478,81,816,0,0,129,1068,6,614,129,1682,California
Inyo,2021-01-27,24,2318,2,1480,22,838,0,0,23,1090,1,615,23,1705,California
Inyo,2021-01-28,92,2410,2,1482,90,928,0,0,63,1124,29,644,63,1768,California
Inyo,2021-01-29,25,2435,3,1485,22,950,0,0,23,1145,2,646,23,1791,California
Inyo,2021-01-30,11,2446,1,1486,10,960,0,0,11,1156,0,646,11,1802,California
Inyo,2021-01-31,32,2478,4,1490,28,988,0,0,4,1132,28,674,4,1806,California
Inyo,2021-02-01,11,2489,9,1499,2,990,0,0,1,1123,10,684,1,1807,California
Inyo,2021-02-02,130,2619,14,1513,116,1106,0,0,104,1201,26,710,104,1911,California
Inyo,2021-02-03,118,2737,0,1513,118,1224,0,0,74,1231,44,754,74,1985,California
Inyo,2021-02-04,151,2888,33,1546,118,1342,0,0,91,1263,60,814,92,2077,California
Inyo,2021-02-05,118,3006,62,1608,56,1398,0,0,116,1377,2,816,116,2193,California
Inyo,2021-02-06,4,3010,2,1610,2,1400,0,0,3,1379,1,817,3,2196,California
Inyo,2021-02-07,4,3014,2,1612,2,1402,0,0,4,1383,0,817,4,2200,California
Inyo,2021-02-08,117,3131,7,1619,110,1512,0,0,97,1460,20,837,97,2297,California
Inyo,2021-02-09,201,3332,52,1671,149,1661,0,0,128,1515,73,910,128,2425,California
Inyo,2021-02-10,140,3472,16,1687,124,1785,0,0,107,1589,33,943,107,2532,California
Inyo,2021-02-11,222,3694,57,1744,165,1950,0,0,126,1619,96,1039,126,2658,California
Inyo,2021-02-12,302,3996,52,1796,250,2200,0,0,168,1653,134,1173,168,2826,California
Inyo,2021-02-13,59,4055,54,1850,5,2205,0,0,7,1608,52,1225,7,2833,California
Inyo,2021-02-14,2,4057,0,1850,2,2207,0,0,2,1610,0,1225,2,2835,California
Inyo,2021-02-15,29,4086,9,1859,20,2227,0,0,5,1591,24,1249,5,2840,California
Inyo,2021-02-16,181,4267,52,1911,129,2356,0,0,92,1595,88,1337,92,2932,California
Inyo,2021-02-17,38,4305,4,1915,34,2390,0,0,8,1573,30,1367,8,2940,California
Inyo,2021-02-18,122,4427,6,1921,116,2506,0,0,79,1609,43,1410,79,3019,California
Inyo,2021-02-19,53,4480,4,1925,49,2555,0,0,9,1575,43,1453,9,3028,California
Inyo,2021-02-20,513,4993,508,2433,5,2560,0,0,510,2082,3,1456,510,3538,California
Inyo,2021-02-21,445,5438,445,2878,0,2560,0,0,445,2527,0,1456,445,3983,California
Inyo,2021-02-22,61,5499,19,2897,42,2602,0,0,27,2520,34,1490,27,4010,California
Inyo,2021-02-23,199,5698,19,2916,180,2782,0,0,94,2510,104,1594,94,4104,California
Inyo,2021-02-24,118,5816,0,2916,118,2900,0,0,57,2506,61,1655,57,4161,California
Inyo,2021-02-25,132,5948,5,2921,127,3027,0,0,62,2498,70,1725,62,4223,California
Inyo,2021-02-26,105,6053,61,2982,44,3071,0,0,20,2433,85,1810,20,4243,California
Inyo,2021-02-27,14,6067,3,2985,11,3082,0,0,2,2423,12,1822,2,4245,California
Inyo,2021-02-28,3,6070,1,2986,2,3084,0,0,2,2424,1,1823,2,4247,California
Inyo,2021-03-01,19,6089,2,2988,17,3101,0,0,17,2439,2,1825,17,4264,California
Inyo,2021-03-02,197,6286,1,2989,196,3297,0,0,112,2466,85,1910,112,4376,California
Inyo,2021-03-03,86,6372,3,2992,83,3380,0,0,42,2464,44,1954,42,4418,California
Inyo,2021-03-04,127,6499,3,2995,124,3504,0,0,45,2428,81,2035,45,4463,California
Inyo,2021-03-05,145,6644,57,3052,88,3592,0,0,41,2365,104,2139,41,4504,California
Inyo,2021-03-06,30,6674,1,3053,29,3621,0,0,29,2393,1,2140,29,4533,California
Inyo,2021-03-07,7,6681,4,3057,3,3624,0,0,5,2396,2,2142,5,4538,California
Inyo,2021-03-08,184,6865,5,3062,179,3803,0,0,91,2394,93,2235,91,4629,California
Inyo,2021-03-09,191,7056,3,3065,188,3991,0,0,74,2351,117,2352,74,4703,California
Inyo,2021-03-10,71,7127,8,3073,62,4053,1,1,30,2341,41,2393,31,4734,California
Inyo,2021-03-11,205,7332,1,3074,199,4252,5,6,74,2289,131,2524,79,4813,California
Inyo,2021-03-12,177,7509,5,3079,166,4418,6,12,77,2272,100,2624,83,4896,California
Inyo,2021-03-13,584,8093,549,3628,25,4443,10,22,70,1839,513,3137,80,4976,California
Inyo,2021-03-14,441,8534,440,4068,1,4444,0,22,2,1403,438,3575,2,4978,California
Inyo,2021-03-15,51,8585,15,4083,34,4478,2,24,30,1414,21,3596,32,5010,California
Inyo,2021-03-16,164,8749,4,4087,154,4632,6,30,64,1385,99,3695,70,5080,California
Inyo,2021-03-17,108,8857,3,4090,98,4730,7,37,92,1468,16,3711,99,5179,California
Inyo,2021-03-18,185,9042,16,4106,162,4892,7,44,104,1498,81,3792,111,5290,California
Inyo,2021-03-19,46,9088,4,4110,38,4930,4,48,36,1528,10,3802,40,5330,California
Inyo,2021-03-20,20,9108,1,4111,10,4940,9,57,1,1519,19,3821,10,5340,California
Inyo,2021-03-22,59,9167,3,4114,51,4991,5,62,39,1543,20,3841,44,5384,California
Inyo,2021-03-23,195,9362,4,4118,187,5178,4,66,105,1562,90,3931,109,5493,California
Inyo,2021-03-24,141,9503,3,4121,133,5311,5,71,86,1598,55,3986,91,5584,California
Inyo,2021-03-25,331,9834,110,4231,218,5529,3,74,265,1800,66,4052,268,5852,California
Inyo,2021-03-26,92,9926,3,4234,85,5614,4,78,71,1854,21,4073,75,5927,California
Inyo,2021-03-27,53,9979,45,4279,5,5619,3,81,47,1898,6,4079,50,5977,California
Inyo,2021-03-28,4,9983,1,4280,2,5621,1,82,1,1897,3,4082,2,5979,California
Inyo,2021-03-29,109,10092,2,4282,102,5723,5,87,82,1958,26,4108,87,6066,California
Inyo,2021-03-30,221,10313,2,4284,214,5937,5,92,109,1960,112,4220,114,6180,California
Inyo,2021-03-31,150,10463,4,4288,141,6078,5,97,108,2031,42,4262,113,6293,California
Inyo,2021-04-01,166,10629,3,4291,162,6240,1,98,117,2100,49,4311,118,6411,California
Inyo,2021-04-02,81,10710,1,4292,78,6318,2,100,50,2121,31,4342,52,6463,California
Inyo,2021-04-03,92,10802,46,4338,32,6350,14,114,4,2052,86,4428,17,6480,California
Inyo,2021-04-04,5,10807,4,4342,0,6350,1,115,1,2050,4,4432,2,6482,California
Inyo,2021-04-05,117,10924,1,4343,112,6462,4,119,29,1995,88,4520,33,6515,California
Inyo,2021-04-06,237,11161,5,4348,169,6631,63,182,105,2031,132,4652,168,6683,California
Inyo,2021-04-07,205,11366,2,4350,76,6707,127,309,48,2048,158,4810,175,6858,California
Inyo,2021-04-08,182,11548,15,4365,150,6857,17,326,82,2047,100,4910,99,6957,California
Inyo,2021-04-09,125,11673,7,4372,95,6952,23,349,37,2020,87,4997,60,7017,California
Inyo,2021-04-10,42,11715,1,4373,24,6976,17,366,3,2001,39,5036,20,7037,California
Inyo,2021-04-11,1,11716,0,4373,1,6977,0,366,1,2002,0,5036,1,7038,California
Inyo,2021-04-12,79,11795,0,4373,74,7051,5,371,41,2010,38,5074,46,7084,California
Inyo,2021-04-13,124,11919,5,4378,116,7167,3,374,64,2018,59,5133,67,7151,California
Inyo,2021-04-14,130,12049,2,4380,128,7295,0,374,45,1978,85,5218,45,7196,California
Inyo,2021-04-15,275,12324,117,4497,158,7453,0,374,79,1861,196,5414,79,7275,California
Inyo,2021-04-16,47,12371,5,4502,42,7495,0,374,19,1852,28,5442,19,7294,California
Inyo,2021-04-17,2,12373,1,4503,1,7496,0,374,1,1852,1,5443,1,7295,California
Inyo,2021-04-19,131,12504,44,4547,87,7583,0,374,45,1811,86,5529,45,7340,California
Inyo,2021-04-20,163,12667,2,4549,161,7744,0,374,79,1806,84,5613,79,7419,California
Inyo,2021-04-21,113,12780,5,4554,108,7852,0,374,32,1757,81,5694,32,7451,California
Inyo,2021-04-22,196,12976,1,4555,195,8047,0,374,51,1663,145,5839,51,7502,California
Inyo,2021-04-23,95,13071,4,4559,91,8138,0,374,22,1612,73,5912,22,7524,California
Inyo,2021-04-24,309,13380,308,4867,1,8139,0,374,305,1913,4,5916,305,7829,California
Inyo,2021-04-25,135,13515,134,5001,1,8140,0,374,135,2048,0,5916,135,7964,California
Inyo,2021-04-26,93,13608,2,5003,90,8230,1,375,11,1979,81,5997,12,7976,California
Inyo,2021-04-27,184,13792,7,5010,172,8402,5,380,48,1896,136,6133,53,8029,California
Inyo,2021-04-28,121,13913,2,5012,117,8519,2,382,20,1817,101,6234,22,8051,California
Inyo,2021-04-29,172,14085,56,5068,116,8635,0,382,77,1800,94,6328,77,8128,California
Inyo,2021-04-30,83,14168,5,5073,77,8712,1,383,23,1764,60,6388,24,8152,California
Inyo,2021-05-01,12,14180,3,5076,9,8721,0,383,10,1772,2,6390,10,8162,California
Inyo,2021-05-02,7,14187,3,5079,2,8723,2,385,4,1775,3,6393,6,8168,California
Inyo,2021-05-03,39,14226,1,5080,34,8757,4,389,6,1752,33,6426,10,8178,California
Inyo,2021-05-04,123,14349,2,5082,117,8874,4,393,19,1671,104,6530,23,8201,California
Inyo,2021-05-05,36,14385,0,5082,34,8908,2,395,11,1659,25,6555,13,8214,California
Inyo,2021-05-06,94,14479,4,5086,82,8990,8,403,13,1599,81,6636,21,8235,California
Inyo,2021-05-07,49,14528,4,5090,37,9027,8,411,24,1607,24,6660,32,8267,California
Inyo,2021-05-08,11,14539,2,5092,4,9031,5,416,4,1609,7,6667,9,8276,California
Inyo,2021-05-09,1,14540,0,5092,1,9032,0,416,0,1608,1,6668,0,8276,California
Inyo,2021-05-10,70,14610,1,5093,67,9099,2,418,32,1604,39,6707,35,8311,California
Inyo,2021-05-11,88,14698,1,5094,84,9183,3,421,20,1559,68,6775,23,8334,California
Inyo,2021-05-12,43,14741,2,5096,39,9222,2,423,11,1540,32,6807,13,8347,California
Inyo,2021-05-13,76,14817,1,5097,74,9296,1,424,13,1491,63,6870,14,8361,California
Inyo,2021-05-14,28,14845,5,5102,18,9314,5,429,14,1496,14,6884,19,8380,California
Inyo,2021-05-15,380,15225,367,5469,11,9325,2,431,86,1290,294,7178,88,8468,California
Inyo,2021-05-16,200,15425,200,5669,0,9325,0,431,73,1236,127,7305,73,8541,California
Inyo,2021-05-17,64,15489,3,5672,57,9382,4,435,19,1215,44,7349,23,8564,California
Inyo,2021-05-18,83,15572,2,5674,80,9462,1,436,17,1167,66,7415,18,8582,California
Inyo,2021-05-19,47,15619,2,5676,40,9502,5,441,14,1153,33,7448,19,8601,California
Inyo,2021-05-20,146,15765,83,5759,62,9564,1,442,37,1081,110,7558,38,8639,California
Inyo,2021-05-21,49,15814,18,5777,26,9590,5,447,19,1075,30,7588,24,8663,California
Inyo,2021-05-22,26,15840,16,5793,7,9597,3,450,19,1090,7,7595,22,8685,California
Inyo,2021-05-23,2,15842,1,5794,0,9597,1,451,0,1089,2,7597,1,8686,California
Inyo,2021-05-24,33,15875,6,5800,24,9621,3,454,13,1085,20,7617,16,8702,California
Inyo,2021-05-25,83,15958,39,5839,42,9663,2,456,48,1100,35,7652,50,8752,California
Inyo,2021-05-26,44,16002,16,5855,26,9689,2,458,21,1101,22,7674,23,8775,California
Inyo,2021-05-27,39,16041,10,5865,21,9710,8,466,12,1095,26,7700,20,8795,California
Inyo,2021-05-28,26,16067,6,5871,15,9725,5,471,8,1090,18,7718,13,8808,California
Inyo,2021-05-29,16,16083,5,5876,11,9736,0,471,7,1088,9,7727,7,8815,California
Inyo,2021-05-30,2,16085,0,5876,2,9738,0,471,0,1086,2,7729,0,8815,California
Inyo,2021-06-01,55,16140,16,5892,33,9771,6,477,23,1083,32,7761,29,8844,California
Inyo,2021-06-02,11,16151,9,5901,1,9772,1,478,9,1091,2,7763,10,8854,California
Inyo,2021-06-03,25,16176,0,5901,18,9790,7,485,1,1075,24,7787,8,8862,California
Inyo,2021-06-04,32,16208,6,5907,22,9812,4,489,12,1071,20,7807,16,8878,California
Inyo,2021-06-05,17,16225,8,5915,8,9820,1,490,4,1063,13,7820,5,8883,California
Inyo,2021-06-06,1,16226,1,5916,0,9820,0,490,1,1064,0,7820,1,8884,California
Inyo,2021-06-07,51,16277,15,5931,33,9853,3,493,5,1026,46,7866,8,8892,California
Inyo,2021-06-08,52,16329,24,5955,25,9878,3,496,25,1027,27,7893,28,8920,California
Inyo,2021-06-09,111,16440,95,6050,14,9892,2,498,14,946,97,7990,16,8936,California
Inyo,2021-06-10,53,16493,39,6089,9,9901,5,503,15,928,38,8028,20,8956,California
Inyo,2021-06-11,44,16537,23,6112,19,9920,2,505,17,920,27,8055,19,8975,California
Inyo,2021-06-12,15,16552,8,6120,6,9926,1,506,5,916,10,8065,6,8981,California
Inyo,2021-06-13,1,16553,0,6120,1,9927,0,506,0,915,1,8066,0,8981,California
Inyo,2021-06-14,60,16613,28,6148,29,9956,3,509,8,874,52,8118,11,8992,California
Inyo,2021-06-15,53,16666,40,6188,9,9965,4,513,10,845,43,8161,14,9006,California
Inyo,2021-06-16,34,16700,20,6208,14,9979,0,513,7,825,27,8188,7,9013,California
Inyo,2021-06-17,23,16723,13,6221,6,9985,4,517,5,817,17,8205,9,9022,California
Inyo,2021-06-18,14,16737,5,6226,6,9991,3,520,2,810,12,8217,5,9027,California
Inyo,2021-06-19,20,16757,6,6232,13,10004,1,521,7,805,13,8230,8,9035,California
Inyo,2021-06-21,29,16786,8,6240,18,10022,3,524,13,805,16,8246,16,9051,California
Inyo,2021-06-22,51,16837,41,6281,8,10030,2,526,24,804,27,8273,26,9077,California
Inyo,2021-06-23,14,16851,6,6287,7,10037,1,527,1,793,13,8286,2,9079,California
Inyo,2021-06-24,6,16857,2,6289,3,10040,1,528,3,794,3,8289,4,9083,California
Inyo,2021-06-25,26,16883,10,6299,13,10053,3,531,12,795,14,8303,15,9098,California
Inyo,2021-06-26,12,16895,6,6305,4,10057,2,533,4,793,8,8311,6,9104,California
Inyo,2021-06-28,13,16908,11,6316,2,10059,0,533,8,796,5,8316,8,9112,California
Inyo,2021-06-29,31,16939,29,6345,2,10061,0,533,11,787,20,8336,11,9123,California
Kern,2020-12-15,1,1,1,1,0,0,0,0,1,1,0,0,1,1,California
Kern,2020-12-16,19,20,19,20,0,0,0,0,19,20,0,0,19,20,California
Kern,2020-12-17,164,184,164,184,0,0,0,0,164,184,0,0,164,184,California
Kern,2020-12-18,325,509,325,509,0,0,0,0,325,509,0,0,325,509,California
Kern,2020-12-19,99,608,99,608,0,0,0,0,100,609,0,0,100,609,California
Kern,2020-12-20,62,670,62,670,0,0,0,0,62,671,0,0,62,671,California
Kern,2020-12-21,673,1343,672,1342,1,1,0,0,673,1344,0,0,673,1344,California
Kern,2020-12-22,533,1876,530,1872,3,4,0,0,533,1877,0,0,533,1877,California
Kern,2020-12-23,558,2434,420,2292,138,142,0,0,558,2435,0,0,558,2435,California
Kern,2020-12-24,123,2557,44,2336,79,221,0,0,123,2558,0,0,123,2558,California
Kern,2020-12-25,1,2558,1,2337,0,221,0,0,1,2559,0,0,1,2559,California
Kern,2020-12-26,34,2592,2,2339,32,253,0,0,34,2593,0,0,34,2593,California
Kern,2020-12-27,35,2627,3,2342,32,285,0,0,35,2628,0,0,35,2628,California
Kern,2020-12-28,831,3458,666,3008,165,450,0,0,831,3459,0,0,831,3459,California
Kern,2020-12-29,744,4202,451,3459,293,743,0,0,743,4201,1,1,743,4202,California
Kern,2020-12-30,1207,5409,915,4374,292,1035,0,0,1207,5408,0,1,1207,5409,California
Kern,2020-12-31,276,5685,99,4473,177,1212,0,0,276,5684,0,1,276,5685,California
Kern,2021-01-01,18,5703,9,4482,9,1221,0,0,18,5702,0,1,18,5703,California
Kern,2021-01-02,79,5782,18,4500,61,1282,0,0,79,5781,0,1,79,5782,California
Kern,2021-01-03,23,5805,4,4504,19,1301,0,0,23,5804,0,1,23,5805,California
Kern,2021-01-04,553,6358,361,4865,192,1493,0,0,553,6357,0,1,553,6358,California
Kern,2021-01-05,1134,7492,740,5605,394,1887,0,0,1122,7467,12,13,1122,7480,California
Kern,2021-01-06,1167,8659,450,6055,717,2604,0,0,1137,8574,30,43,1137,8617,California
Kern,2021-01-07,1415,10074,491,6546,924,3528,0,0,1245,9650,169,212,1245,9862,California
Kern,2021-01-08,1630,11704,771,7317,859,4387,0,0,1329,10678,302,514,1330,11192,California
Kern,2021-01-09,229,11933,79,7396,150,4537,0,0,193,10835,36,550,193,11385,California
Kern,2021-01-10,195,12128,149,7545,46,4583,0,0,154,10948,41,591,154,11539,California
Kern,2021-01-11,1561,13689,988,8533,573,5156,0,0,1003,11393,558,1149,1003,12542,California
Kern,2021-01-12,1878,15567,818,9351,1060,6216,0,0,1361,12237,517,1666,1361,13903,California
Kern,2021-01-13,1862,17429,878,10229,984,7200,0,0,1438,13251,424,2090,1438,15341,California
Kern,2021-01-14,2203,19632,655,10884,1548,8748,0,0,2157,15362,46,2136,2157,17498,California
Kern,2021-01-15,2731,22363,863,11747,1868,10616,0,0,2633,17900,96,2232,2634,20132,California
Kern,2021-01-16,675,23038,213,11960,462,11078,0,0,640,18505,35,2267,640,20772,California
Kern,2021-01-17,74,23112,7,11967,67,11145,0,0,72,18575,2,2269,72,20844,California
Kern,2021-01-18,1646,24758,657,12624,989,12134,0,0,1480,19889,166,2435,1480,22324,California
Kern,2021-01-19,1869,26627,1034,13658,835,12969,0,0,1401,20823,468,2903,1402,23726,California
Kern,2021-01-20,2737,29364,1792,15450,945,13914,0,0,1954,22001,778,3681,1956,25682,California
Kern,2021-01-21,2141,31505,876,16326,1265,15179,0,0,1943,23747,197,3878,1943,27625,California
Kern,2021-01-22,2735,34240,1314,17640,1421,16600,0,0,2454,25921,280,4158,2454,30079,California
Kern,2021-01-23,1258,35498,544,18184,714,17314,0,0,1210,27084,47,4205,1210,31289,California
Kern,2021-01-24,155,35653,12,18196,143,17457,0,0,149,27227,6,4211,149,31438,California
Kern,2021-01-25,2384,38037,1083,19279,1301,18758,0,0,1898,28642,484,4695,1899,33337,California
Kern,2021-01-26,2791,40828,1131,20410,1660,20418,0,0,1930,29712,860,5555,1930,35267,California
Kern,2021-01-27,3560,44388,1895,22305,1665,22083,0,0,2860,31875,697,6252,2860,38127,California
Kern,2021-01-28,2897,47285,1360,23665,1537,23620,0,0,2464,33914,428,6680,2467,40594,California
Kern,2021-01-29,3803,51088,1803,25468,2000,25620,0,0,3252,36618,548,7228,3252,43846,California
Kern,2021-01-30,1334,52422,499,25967,835,26455,0,0,1282,37850,50,7278,1282,45128,California
Kern,2021-01-31,402,52824,275,26242,127,26582,0,0,267,37982,135,7413,267,45395,California
Kern,2021-02-01,2587,55411,977,27219,1610,28192,0,0,1873,39145,711,8124,1874,47269,California
Kern,2021-02-02,2766,58177,804,28023,1962,30154,0,0,2058,40496,708,8832,2059,49328,California
Kern,2021-02-03,3701,61878,1559,29582,2142,32296,0,0,2719,42240,975,9807,2719,52047,California
Kern,2021-02-04,3830,65708,1455,31037,2375,34671,0,0,2593,43606,1227,11034,2593,54640,California
Kern,2021-02-05,4876,70584,1992,33029,2884,37555,0,0,3106,44961,1751,12785,3106,57746,California
Kern,2021-02-06,1748,72332,768,33797,980,38535,0,0,1514,46245,230,13015,1514,59260,California
Kern,2021-02-07,283,72615,150,33947,133,38668,0,0,265,46494,16,13031,265,59525,California
Kern,2021-02-08,2570,75185,789,34736,1781,40449,0,0,1259,46461,1293,14324,1260,60785,California
Kern,2021-02-09,3047,78232,980,35716,2067,42516,0,0,1466,46357,1570,15894,1466,62251,California
Kern,2021-02-10,3834,82066,1674,37390,2160,44676,0,0,1874,46289,1943,17837,1875,64126,California
Kern,2021-02-11,4297,86363,1542,38932,2755,47431,0,0,2235,46478,2049,19886,2238,66364,California
Kern,2021-02-12,5012,91375,1910,40842,3102,50533,0,0,2490,46461,2507,22393,2490,68854,California
Kern,2021-02-13,2022,93397,736,41578,1286,51819,0,0,1165,46772,854,23247,1165,70019,California
Kern,2021-02-14,353,93750,12,41590,341,52160,0,0,271,46962,81,23328,271,70290,California
Kern,2021-02-15,2777,96527,908,42498,1869,54029,0,0,1225,46649,1538,24866,1225,71515,California
Kern,2021-02-16,2973,99500,722,43220,2251,56280,0,0,1662,47013,1299,26165,1663,73178,California
Kern,2021-02-17,4109,103609,2099,45319,2010,58290,0,0,1937,46785,2166,28331,1938,75116,California
Kern,2021-02-18,3793,107402,1508,46827,2285,60575,0,0,1626,46256,2155,30486,1626,76742,California
Kern,2021-02-19,4230,111632,1934,48761,2296,62871,0,0,1750,45535,2471,32957,1750,78492,California
Kern,2021-02-20,2627,114259,983,49744,1644,64515,0,0,1368,45648,1255,34212,1368,79860,California
Kern,2021-02-21,277,114536,168,49912,109,64624,0,0,92,45559,182,34394,93,79953,California
Kern,2021-02-22,2696,117232,1171,51083,1525,66149,0,0,1446,45762,1243,35637,1446,81399,California
Kern,2021-02-23,3598,120830,1134,52217,2464,68613,0,0,1997,46161,1599,37236,1998,83397,California
Kern,2021-02-24,5223,126053,2295,54512,2928,71541,0,0,3110,47163,2108,39344,3110,86507,California
Kern,2021-02-25,5392,131445,2461,56973,2931,74472,0,0,3197,48185,2175,41519,3197,89704,California
Kern,2021-02-26,6937,138382,3541,60514,3396,77868,0,0,4368,49992,2563,44082,4370,94074,California
Kern,2021-02-27,3959,142341,1983,62497,1976,79844,0,0,2615,51272,1335,45417,2615,96689,California
Kern,2021-02-28,919,143260,503,63000,415,80259,1,1,696,51749,220,45637,697,97386,California
Kern,2021-03-01,4021,147281,1826,64826,2191,82450,4,5,2702,53146,1309,46946,2706,100092,California
Kern,2021-03-02,4497,151778,1417,66243,3076,85526,4,9,2963,54587,1523,48469,2964,103056,California
Kern,2021-03-03,6007,157785,2848,69091,3157,88683,2,11,3890,56376,2102,50571,3891,106947,California
Kern,2021-03-04,5706,163491,2283,71374,3418,92101,5,16,3698,58086,1991,52562,3701,110648,California
Kern,2021-03-05,6667,170158,2884,74258,3764,95865,19,35,4206,59861,2450,55012,4225,114873,California
Kern,2021-03-06,4760,174918,1930,76188,2722,98587,108,143,3480,62176,1273,56285,3588,118461,California
Kern,2021-03-07,2062,176980,1592,77780,413,99000,57,200,1861,63895,199,56484,1918,120379,California
Kern,2021-03-08,2911,179891,925,78705,1763,100763,223,423,1525,64258,1383,57867,1746,122125,California
Kern,2021-03-09,3749,183640,815,79520,2544,103307,390,813,2339,65581,1401,59268,2724,124849,California
Kern,2021-03-10,6168,189808,2571,82091,2520,105827,1077,1890,3607,67719,2544,61812,4682,129531,California
Kern,2021-03-11,6347,196155,2445,84536,2873,108700,1029,2919,3777,69960,2560,64372,4801,134332,California
Kern,2021-03-12,7866,204021,3085,87621,3426,112126,1355,4274,4330,72109,3523,67895,5672,140004,California
Kern,2021-03-13,4684,208705,2535,90156,1811,113937,338,4612,3256,74276,1421,69316,3588,143592,California
Kern,2021-03-14,2314,211019,1535,91691,535,114472,244,4856,1788,75780,525,69841,2029,145621,California
Kern,2021-03-15,4282,215301,1110,92801,2460,116932,712,5568,2194,76604,2075,71916,2899,148520,California
Kern,2021-03-16,4450,219751,1022,93823,2892,119824,536,6104,2423,77545,2011,73927,2952,151472,California
Kern,2021-03-17,7476,227227,4090,97913,2835,122659,551,6655,4492,79615,2972,76899,5042,156514,California
Kern,2021-03-18,7326,234553,3719,101632,3018,125677,589,7244,4443,81782,2861,79760,5028,161542,California
Kern,2021-03-19,9031,243584,5013,106645,3357,129034,661,7905,4729,82883,4283,84043,5384,166926,California
Kern,2021-03-20,6198,249782,3835,110480,2189,131223,174,8079,3918,84711,2266,86309,4094,171020,California
Kern,2021-03-21,3059,252841,1935,112415,240,131463,884,8963,1852,86245,1200,87509,2734,173754,California
Kern,2021-03-22,3998,256839,1570,113985,2070,133533,358,9321,1936,86495,2044,89553,2294,176048,California
Kern,2021-03-23,4757,261596,1681,115666,2875,136408,201,9522,2482,86929,2245,91798,2679,178727,California
Kern,2021-03-24,7198,268794,3682,119348,3039,139447,477,9999,3658,87539,3522,95320,4132,182859,California
Kern,2021-03-25,6803,275597,3012,122360,3457,142904,334,10333,3226,87538,3558,98878,3557,186416,California
Kern,2021-03-26,9891,285488,4425,126785,4207,147111,1259,11592,4724,88374,5146,104024,5982,192398,California
Kern,2021-03-27,5718,291206,3997,130782,1592,148703,129,11721,3452,89690,2264,106288,3580,195978,California
Kern,2021-03-28,4691,295897,4199,134981,478,149181,14,11735,2957,90929,1732,108020,2971,198949,California
Kern,2021-03-29,4263,300160,1683,136664,2302,151483,278,12013,2612,92179,1637,109657,2887,201836,California
Kern,2021-03-30,5613,305773,1878,138542,3347,154830,388,12401,3069,93092,2540,112197,3453,205289,California
Kern,2021-03-31,8431,314204,4555,143097,3228,158058,648,13049,4316,93958,4097,116294,4963,210252,California
Kern,2021-04-01,7928,322132,3886,146983,3739,161797,303,13352,4237,94832,3661,119955,4535,214787,California
Kern,2021-04-02,8466,330598,4462,151445,3393,165190,611,13963,4222,95431,4225,124180,4824,219611,California
Kern,2021-04-03,6007,336605,3674,155119,2149,167339,184,14147,2658,94930,3340,127520,2839,222450,California
Kern,2021-04-04,1341,337946,874,155993,382,167721,85,14232,477,94629,861,128381,560,223010,California
Kern,2021-04-05,5377,343323,2222,158215,2381,170102,774,15006,2900,95809,2465,130846,3645,226655,California
Kern,2021-04-06,7144,350467,2480,160695,3283,173385,1381,16387,3566,97199,3553,134399,4943,231598,California
Kern,2021-04-07,9398,359865,5480,166175,2953,176338,965,17352,4576,97936,4802,139201,5539,237137,California
Kern,2021-04-08,8684,368549,4809,170984,2961,179299,914,18266,3729,97639,4928,144129,4631,241768,California
Kern,2021-04-09,10295,378844,5152,176136,4149,183448,994,19260,4365,97092,5902,150031,5355,247123,California
Kern,2021-04-10,6606,385450,3467,179603,1889,185337,1250,20510,2141,96023,4454,154485,3385,250508,California
Kern,2021-04-11,3934,389384,2921,182524,369,185706,644,21154,1275,95291,2644,157129,1912,252420,California
Kern,2021-04-12,4426,393810,996,183520,2456,188162,974,22128,1589,95039,2813,159942,2561,254981,California
Kern,2021-04-13,4322,398132,1426,184946,2870,191032,26,22154,2131,95020,2175,162117,2156,257137,California
Kern,2021-04-14,6120,404252,3012,187958,3086,194118,22,22176,3017,94974,3084,165201,3038,260175,California
Kern,2021-04-15,5321,409573,2498,190456,2820,196938,3,22179,2521,94715,2783,167984,2524,262699,California
Kern,2021-04-16,7327,416900,3475,193931,3851,200789,1,22180,3001,93423,4297,172281,3005,265704,California
Kern,2021-04-17,6012,422912,3944,197875,2068,202857,0,22180,2152,91735,3842,176123,2154,267858,California
Kern,2021-04-18,3900,426812,3655,201530,245,203102,0,22180,969,89782,2922,179045,969,268827,California
Kern,2021-04-19,3867,430679,1746,203276,2119,205221,2,22182,1446,88829,2399,181444,1446,270273,California
Kern,2021-04-20,4485,435164,1669,204945,2814,208035,2,22184,1720,87807,2743,184187,1721,271994,California
Kern,2021-04-21,6029,441193,3268,208213,2756,210791,5,22189,2212,86233,3789,187976,2215,274209,California
Kern,2021-04-22,4887,446080,2392,210605,2495,213286,0,22189,1742,84855,3121,191097,1743,275952,California
Kern,2021-04-23,6224,452304,3090,213695,3133,216419,1,22190,1952,82579,4231,195328,1955,277907,California
Kern,2021-04-24,4026,456330,2809,216504,1206,217625,11,22201,1451,81487,2555,197883,1463,279370,California
Kern,2021-04-25,1405,457735,1117,217621,288,217913,0,22201,828,81744,571,198454,828,280198,California
Kern,2021-04-26,3905,461640,1866,219487,1988,219901,51,22252,1082,80065,2814,201268,1135,281333,California
Kern,2021-04-27,4838,466478,2366,221853,2364,222265,108,22360,1494,78335,3329,204597,1599,282932,California
Kern,2021-04-28,6422,472900,3826,225679,2472,224737,124,22484,1873,75801,4528,209125,1994,284926,California
Kern,2021-04-29,5629,478529,3165,228844,2365,227102,99,22583,1692,73678,3915,213040,1792,286718,California
Kern,2021-04-30,5710,484239,3231,232075,2320,229422,159,22742,1682,71506,4012,217052,1840,288558,California
Kern,2021-05-01,2723,486962,1929,234004,735,230157,59,22801,1087,71026,1625,218677,1145,289703,California
Kern,2021-05-02,1896,488858,1607,235611,267,230424,22,22823,695,70549,1194,219871,717,290420,California
Kern,2021-05-03,2557,491415,1034,236645,1389,231813,134,22957,788,69718,1754,221625,923,291343,California
Kern,2021-05-04,3726,495141,1356,238001,2261,234074,109,23066,1315,68745,2395,224020,1422,292765,California
Kern,2021-05-05,4231,499372,2202,240203,1877,235951,152,23218,1406,67493,2808,226828,1556,294321,California
Kern,2021-05-06,3650,503022,1683,241886,1821,237772,146,23364,1144,66300,2479,229307,1286,295607,California
Kern,2021-05-07,4645,507667,2332,244218,2137,239909,176,23540,1309,64481,3303,232610,1484,297091,California
Kern,2021-05-08,2944,510611,1852,246070,976,240885,116,23656,915,63496,2014,234624,1029,298120,California
Kern,2021-05-09,1354,511965,1179,247249,145,241030,30,23686,442,63065,903,235527,472,298592,California
Kern,2021-05-10,2297,514262,913,248162,1282,242312,102,23788,682,62252,1595,237122,782,299374,California
Kern,2021-05-11,2732,516994,986,249148,1620,243932,126,23914,988,61635,1732,238854,1115,300489,California
Kern,2021-05-12,3652,520646,1478,250626,2023,245955,151,24065,1143,60434,2493,241347,1292,301781,California
Kern,2021-05-13,3532,524178,1865,252491,1513,247468,154,24219,1641,60348,1877,243224,1791,303572,California
Kern,2021-05-14,4341,528519,2577,255068,1541,249009,223,24442,1995,60239,2326,245550,2217,305789,California
Kern,2021-05-15,2946,531465,1920,256988,938,249947,88,24530,1566,60528,1364,246914,1653,307442,California
Kern,2021-05-16,1617,533082,1387,258375,190,250137,40,24570,938,60833,673,247587,978,308420,California
Kern,2021-05-17,2337,535419,1008,259383,1182,251319,147,24717,1180,61015,1144,248731,1326,309746,California
Kern,2021-05-18,3224,538643,1503,260886,1588,252907,133,24850,1624,61187,1582,250313,1754,311500,California
Kern,2021-05-19,3838,542481,2393,263279,1316,254223,129,24979,1784,61056,2041,252354,1910,313410,California
Kern,2021-05-20,3118,545599,1697,264976,1277,255500,144,25123,1400,60901,1697,254051,1542,314952,California
Kern,2021-05-21,3649,549248,2209,267185,1305,256805,135,25258,1813,61038,1811,255862,1948,316900,California
Kern,2021-05-22,2958,552206,2303,269488,606,257411,49,25307,1398,60934,1548,257410,1444,318344,California
Kern,2021-05-23,1290,553496,1095,270583,169,257580,26,25333,670,61017,612,258022,695,319039,California
Kern,2021-05-24,1894,555390,821,271404,959,258539,114,25447,893,61028,995,259017,1006,320045,California
Kern,2021-05-25,2407,557797,1115,272519,1203,259742,89,25536,1111,60946,1281,260298,1199,321244,California
Kern,2021-05-26,2791,560588,1615,274134,1074,260816,102,25638,1194,60659,1581,261879,1294,322538,California
Kern,2021-05-27,2412,563000,1240,275374,1069,261885,103,25741,1261,60892,1130,263009,1363,323901,California
Kern,2021-05-28,2732,565732,1388,276762,1233,263118,111,25852,1263,60809,1455,264464,1372,325273,California
Kern,2021-05-29,1908,567640,1265,278027,594,263712,49,25901,931,60826,963,265427,980,326253,California
Kern,2021-05-30,863,568503,705,278732,139,263851,19,25920,434,60856,422,265849,452,326705,California
Kern,2021-05-31,134,568637,42,278774,81,263932,11,25931,47,60829,84,265933,57,326762,California
Kern,2021-06-01,2287,570924,949,279723,1267,265199,71,26002,967,60562,1304,267237,1037,327799,California
Kern,2021-06-02,2251,573175,1304,281027,841,266040,106,26108,942,60312,1298,268535,1048,328847,California
Kern,2021-06-03,2379,575554,1340,282367,883,266923,156,26264,861,59821,1507,270042,1016,329863,California
Kern,2021-06-04,2957,578511,1918,284285,929,267852,110,26374,860,58711,2079,272121,969,330832,California
Kern,2021-06-05,2529,581040,2043,286328,452,268304,34,26408,788,57802,1731,273852,822,331654,California
Kern,2021-06-06,1226,582266,1121,287449,82,268386,23,26431,400,57404,821,274673,423,332077,California
Kern,2021-06-07,1810,584076,1129,288578,586,268972,95,26526,682,57064,1115,275788,775,332852,California
Kern,2021-06-08,2126,586202,1238,289816,816,269788,72,26598,650,56328,1457,277245,721,333573,California
Kern,2021-06-09,2628,588830,1845,291661,694,270482,89,26687,824,55450,1790,279035,912,334485,California
Kern,2021-06-10,2234,591064,1382,293043,752,271234,100,26787,782,54890,1440,280475,880,335365,California
Kern,2021-06-11,2829,593893,1906,294949,832,272066,91,26878,1048,54261,1769,282244,1140,336505,California
Kern,2021-06-12,1794,595687,1333,296282,411,272477,50,26928,536,53594,1253,283497,586,337091,California
Kern,2021-06-13,925,596612,808,297090,110,272587,7,26935,270,53220,652,284149,278,337369,California
Kern,2021-06-14,1861,598473,1133,298223,631,273218,97,27032,640,52745,1210,285359,735,338104,California
Kern,2021-06-15,2117,600590,1182,299405,857,274075,78,27110,819,52352,1290,286649,897,339001,California
Kern,2021-06-16,2077,602667,1369,300774,631,274706,77,27187,821,52009,1240,287889,897,339898,California
Kern,2021-06-17,1884,604551,1180,301954,590,275296,114,27301,904,52057,971,288860,1019,340917,California
Kern,2021-06-18,2190,606741,1378,303332,694,275990,118,27419,921,51844,1251,290111,1038,341955,California
Kern,2021-06-19,1230,607971,882,304214,316,276306,32,27451,521,51698,699,290810,553,342508,California
Kern,2021-06-20,715,608686,593,304807,103,276409,19,27470,271,51544,444,291254,290,342798,California
Kern,2021-06-21,1244,609930,667,305474,500,276909,77,27547,672,51727,564,291818,747,343545,California
Kern,2021-06-22,1657,611587,882,306356,699,277608,76,27623,674,51505,972,292790,750,344295,California
Kern,2021-06-23,1719,613306,1097,307453,545,278153,77,27700,760,51400,940,293730,835,345130,California
Kern,2021-06-24,1593,614899,981,308434,523,278676,89,27789,678,51258,908,294638,766,345896,California
Kern,2021-06-25,1781,616680,1115,309549,577,279253,89,27878,839,51254,930,295568,926,346822,California
Kern,2021-06-26,1325,618005,990,310539,304,279557,31,27909,567,51098,753,296321,597,347419,California
Kern,2021-06-27,607,618612,512,311051,81,279638,14,27923,264,51037,339,296660,278,347697,California
Kern,2021-06-28,1125,619737,749,311800,289,279927,87,28010,493,50996,619,297279,578,348275,California
Kern,2021-06-29,817,620554,391,312191,365,280292,61,28071,335,50917,474,297753,395,348670,California
Kings,2020-12-16,1,1,1,1,0,0,0,0,1,1,0,0,1,1,California
Kings,2020-12-17,8,9,8,9,0,0,0,0,8,9,0,0,8,9,California
Kings,2020-12-18,12,21,12,21,0,0,0,0,12,21,0,0,12,21,California
Kings,2020-12-19,12,33,12,33,0,0,0,0,12,33,0,0,12,33,California
Kings,2020-12-20,13,46,13,46,0,0,0,0,13,46,0,0,13,46,California
Kings,2020-12-21,156,202,156,202,0,0,0,0,268,314,0,0,268,314,California
Kings,2020-12-22,141,343,141,343,0,0,0,0,138,452,0,0,138,452,California
Kings,2020-12-23,136,479,123,466,13,13,0,0,137,589,0,0,137,589,California
Kings,2020-12-24,11,490,9,475,2,15,0,0,11,600,0,0,11,600,California
Kings,2020-12-26,7,497,4,479,3,18,0,0,7,607,0,0,7,607,California
Kings,2020-12-27,4,501,4,483,0,18,0,0,4,611,0,0,4,611,California
Kings,2020-12-28,131,632,103,586,28,46,0,0,132,743,0,0,132,743,California
Kings,2020-12-29,83,715,55,641,28,74,0,0,84,827,0,0,84,827,California
Kings,2020-12-30,150,865,109,750,41,115,0,0,150,977,0,0,150,977,California
Kings,2020-12-31,45,910,6,756,39,154,0,0,45,1022,0,0,45,1022,California
Kings,2021-01-01,1,911,0,756,1,155,0,0,1,1023,0,0,1,1023,California
Kings,2021-01-02,12,923,10,766,2,157,0,0,12,1035,0,0,12,1035,California
Kings,2021-01-03,1,924,1,767,0,157,0,0,1,1036,0,0,1,1036,California
Kings,2021-01-04,111,1035,41,808,70,227,0,0,111,1147,0,0,111,1147,California
Kings,2021-01-05,195,1230,39,847,156,383,0,0,195,1342,0,0,195,1342,California
Kings,2021-01-06,278,1508,179,1026,99,482,0,0,275,1614,3,3,275,1617,California
Kings,2021-01-07,182,1690,83,1109,99,581,0,0,174,1780,8,11,174,1791,California
Kings,2021-01-08,249,1939,54,1163,195,776,0,0,229,1989,20,31,229,2020,California
Kings,2021-01-09,63,2002,9,1172,54,830,0,0,55,2036,8,39,55,2075,California
Kings,2021-01-10,15,2017,3,1175,12,842,0,0,12,2045,3,42,12,2087,California
Kings,2021-01-11,517,2534,353,1528,164,1006,0,0,276,2081,241,283,277,2364,California
Kings,2021-01-12,348,2882,252,1780,96,1102,0,0,215,2166,130,413,215,2579,California
Kings,2021-01-13,422,3304,275,2055,147,1249,0,0,331,2406,91,504,331,2910,California
Kings,2021-01-14,210,3514,30,2085,180,1429,0,0,200,2586,21,525,201,3111,California
Kings,2021-01-15,417,3931,30,2115,387,1816,0,0,405,2979,12,537,405,3516,California
Kings,2021-01-16,28,3959,9,2124,19,1835,0,0,27,3005,1,538,27,3543,California
Kings,2021-01-17,12,3971,9,2133,3,1838,0,0,10,3013,2,540,10,3553,California
Kings,2021-01-18,173,4144,41,2174,132,1970,0,0,147,3134,26,566,147,3700,California
Kings,2021-01-19,381,4525,161,2335,220,2190,0,0,252,3257,129,695,252,3952,California
Kings,2021-01-20,253,4778,162,2497,91,2281,0,0,134,3277,114,809,134,4086,California
Kings,2021-01-21,213,4991,57,2554,156,2437,0,0,196,3454,19,828,196,4282,California
Kings,2021-01-22,105,5096,17,2571,88,2525,0,0,104,3553,5,833,104,4386,California
Kings,2021-01-23,26,5122,14,2585,12,2537,0,0,19,3565,7,840,19,4405,California
Kings,2021-01-24,4,5126,4,2589,0,2537,0,0,2,3565,2,842,2,4407,California
Kings,2021-01-25,155,5281,55,2644,100,2637,0,0,92,3594,63,905,92,4499,California
Kings,2021-01-26,172,5453,52,2696,120,2757,0,0,113,3648,59,964,113,4612,California
Kings,2021-01-27,356,5809,61,2757,295,3052,0,0,252,3797,103,1067,252,4864,California
Kings,2021-01-28,361,6170,74,2831,287,3339,0,0,276,3988,85,1152,276,5140,California
Kings,2021-01-29,113,6283,27,2858,86,3425,0,0,96,4067,17,1169,96,5236,California
Kings,2021-01-30,1568,7851,30,2888,1538,4963,0,0,1565,5631,3,1172,1567,6803,California
Kings,2021-01-31,1,7852,1,2889,0,4963,0,0,1,5632,0,1172,1,6804,California
Kings,2021-02-01,242,8094,87,2976,155,5118,0,0,93,5578,147,1319,93,6897,California
Kings,2021-02-02,311,8405,80,3056,231,5349,0,0,96,5460,214,1533,96,6993,California
Kings,2021-02-03,461,8866,251,3307,210,5559,0,0,244,5488,216,1749,244,7237,California
Kings,2021-02-04,436,9302,102,3409,334,5893,0,0,228,5509,207,1956,228,7465,California
Kings,2021-02-05,337,9639,57,3466,280,6173,0,0,177,5529,157,2113,177,7642,California
Kings,2021-02-06,62,9701,10,3476,52,6225,0,0,29,5525,33,2146,29,7671,California
Kings,2021-02-07,6,9707,4,3480,2,6227,0,0,3,5525,3,2149,3,7674,California
Kings,2021-02-08,175,9882,29,3509,146,6373,0,0,68,5486,107,2256,68,7742,California
Kings,2021-02-09,256,10138,59,3568,197,6570,0,0,112,5456,142,2398,112,7854,California
Kings,2021-02-10,375,10513,113,3681,262,6832,0,0,250,5581,125,2523,250,8104,California
Kings,2021-02-11,481,10994,66,3747,415,7247,0,0,359,5819,121,2644,359,8463,California
Kings,2021-02-12,628,11622,36,3783,592,7839,0,0,350,5892,277,2921,350,8813,California
Kings,2021-02-13,232,11854,7,3790,225,8064,0,0,205,6070,27,2948,205,9018,California
Kings,2021-02-14,103,11957,4,3794,99,8163,0,0,95,6157,8,2956,95,9113,California
Kings,2021-02-15,248,12205,5,3799,243,8406,0,0,138,6186,109,3065,138,9251,California
Kings,2021-02-16,590,12795,33,3832,557,8963,0,0,350,6298,239,3304,351,9602,California
Kings,2021-02-17,440,13235,24,3856,416,9379,0,0,301,6462,139,3443,303,9905,California
Kings,2021-02-18,344,13579,22,3878,322,9701,0,0,212,6543,131,3574,212,10117,California
Kings,2021-02-19,210,13789,24,3902,186,9887,0,0,129,6594,78,3652,129,10246,California
Kings,2021-02-20,172,13961,41,3943,131,10018,0,0,134,6690,38,3690,134,10380,California
Kings,2021-02-21,3,13964,2,3945,1,10019,0,0,3,6693,0,3690,3,10383,California
Kings,2021-02-22,123,14087,21,3966,102,10121,0,0,57,6684,66,3756,57,10440,California
Kings,2021-02-23,437,14524,71,4037,366,10487,0,0,317,6881,120,3876,317,10757,California
Kings,2021-02-24,738,15262,156,4193,582,11069,0,0,523,7189,215,4091,523,11280,California
Kings,2021-02-25,819,16081,132,4325,687,11756,0,0,592,7556,225,4316,592,11872,California
Kings,2021-02-26,859,16940,136,4461,723,12479,0,0,770,8238,88,4404,770,12642,California
Kings,2021-02-27,1518,18458,65,4526,1453,13932,0,0,582,7885,935,5339,582,13224,California
Kings,2021-02-28,1206,19664,597,5123,609,14541,0,0,674,8030,530,5869,675,13899,California
Kings,2021-03-01,294,19958,90,5213,204,14745,0,0,223,8182,71,5940,223,14122,California
Kings,2021-03-02,590,20548,258,5471,332,15077,0,0,516,8626,74,6014,518,14640,California
Kings,2021-03-03,758,21306,327,5798,431,15508,0,0,533,8936,223,6237,533,15173,California
Kings,2021-03-04,833,22139,356,6154,477,15985,0,0,704,9512,129,6366,705,15878,California
Kings,2021-03-05,1190,23329,369,6523,812,16797,9,9,1039,10412,151,6517,1051,16929,California
Kings,2021-03-06,518,23847,187,6710,318,17115,13,22,488,10883,30,6547,501,17430,California
Kings,2021-03-07,364,24211,223,6933,137,17252,4,26,355,11233,9,6556,359,17789,California
Kings,2021-03-08,382,24593,98,7031,231,17483,53,79,265,11433,117,6673,317,18106,California
Kings,2021-03-09,686,25279,388,7419,243,17726,55,134,578,11960,107,6780,634,18740,California
Kings,2021-03-10,760,26039,250,7669,405,18131,105,239,554,12414,204,6984,658,19398,California
Kings,2021-03-11,1201,27240,430,8099,655,18786,116,355,753,12838,446,7430,870,20268,California
Kings,2021-03-12,1511,28751,447,8546,970,19756,94,449,981,13388,527,7957,1077,21345,California
Kings,2021-03-13,682,29433,334,8880,306,20062,42,491,558,13866,124,8081,602,21947,California
Kings,2021-03-14,674,30107,101,8981,184,20246,389,880,200,13981,474,8555,589,22536,California
Kings,2021-03-15,712,30819,266,9247,327,20573,119,999,469,14330,242,8797,591,23127,California
Kings,2021-03-16,1167,31986,478,9725,626,21199,63,1062,750,14728,415,9212,813,23940,California
Kings,2021-03-17,1109,33095,419,10144,628,21827,62,1124,780,15249,329,9541,850,24790,California
Kings,2021-03-18,1130,34225,475,10619,432,22259,223,1347,749,15844,379,9920,974,25764,California
Kings,2021-03-19,972,35197,468,11087,417,22676,87,1434,725,16425,246,10166,827,26591,California
Kings,2021-03-20,641,35838,256,11343,354,23030,31,1465,464,16754,174,10340,503,27094,California
Kings,2021-03-21,1422,37260,1091,12434,319,23349,12,1477,863,17070,559,10899,875,27969,California
Kings,2021-03-22,452,37712,201,12635,165,23514,86,1563,267,17243,184,11083,357,28326,California
Kings,2021-03-23,1045,38757,506,13141,475,23989,64,1627,550,17367,493,11576,617,28943,California
Kings,2021-03-24,1090,39847,486,13627,581,24570,23,1650,498,17300,590,12166,523,29466,California
Kings,2021-03-25,1050,40897,472,14099,551,25121,27,1677,445,17168,603,12769,471,29937,California
Kings,2021-03-26,1407,42304,380,14479,937,26058,90,1767,514,16883,888,13657,603,30540,California
Kings,2021-03-27,643,42947,259,14738,372,26430,12,1779,155,16564,486,14143,167,30707,California
Kings,2021-03-28,673,43620,602,15340,64,26494,7,1786,403,16717,270,14413,423,31130,California
Kings,2021-03-29,470,44090,212,15552,197,26691,61,1847,257,16823,211,14624,317,31447,California
Kings,2021-03-30,867,44957,475,16027,353,27044,39,1886,428,16851,438,15062,466,31913,California
Kings,2021-03-31,854,45811,438,16465,343,27387,73,1959,420,16918,426,15488,493,32406,California
Kings,2021-04-01,914,46725,489,16954,335,27722,90,2049,355,16811,552,16040,445,32851,California
Kings,2021-04-02,1115,47840,454,17408,535,28257,126,2175,393,16613,716,16756,518,33369,California
Kings,2021-04-03,496,48336,348,17756,139,28396,9,2184,171,16475,319,17075,181,33550,California
Kings,2021-04-04,157,48493,83,17839,68,28464,6,2190,42,16410,113,17188,48,33598,California
Kings,2021-04-05,1062,49555,327,18166,480,28944,255,2445,239,16081,822,18010,493,34091,California
Kings,2021-04-06,1258,50813,493,18659,452,29396,313,2758,285,15708,970,18980,597,34688,California
Kings,2021-04-07,1377,52190,655,19314,536,29932,186,2944,337,15194,1037,20017,523,35211,California
Kings,2021-04-08,1631,53821,638,19952,740,30672,253,3197,374,14571,1250,21267,627,35838,California
Kings,2021-04-09,1210,55031,565,20517,465,31137,180,3377,237,14014,971,22238,414,36252,California
Kings,2021-04-10,596,55627,333,20850,161,31298,102,3479,175,13871,419,22657,276,36528,California
Kings,2021-04-11,355,55982,76,20926,272,31570,7,3486,196,13917,157,22814,203,36731,California
Kings,2021-04-12,710,56692,315,21241,192,31762,203,3689,194,13800,514,23328,397,37128,California
Kings,2021-04-13,917,57609,527,21768,390,32152,0,3689,293,13476,622,23950,298,37426,California
Kings,2021-04-14,1050,58659,579,22347,471,32623,0,3689,379,13185,671,24621,380,37806,California
Kings,2021-04-15,1064,59723,525,22872,538,33161,1,3690,453,13031,608,25229,454,38260,California
Kings,2021-04-16,797,60520,365,23237,432,33593,0,3690,263,12763,532,25761,264,38524,California
Kings,2021-04-17,460,60980,245,23482,215,33808,0,3690,188,12680,271,26032,188,38712,California
Kings,2021-04-18,571,61551,246,23728,325,34133,0,3690,45,12199,526,26558,45,38757,California
Kings,2021-04-19,626,62177,383,24111,243,34376,0,3690,295,12166,328,26886,295,39052,California
Kings,2021-04-20,753,62930,461,24572,292,34668,0,3690,240,11894,512,27398,240,39292,California
Kings,2021-04-21,690,63620,351,24923,339,35007,0,3690,241,11694,441,27839,241,39533,California
Kings,2021-04-22,572,64192,291,25214,281,35288,0,3690,209,11544,360,28199,210,39743,California
Kings,2021-04-23,677,64869,298,25512,379,35667,0,3690,330,11531,343,28542,330,40073,California
Kings,2021-04-24,247,65116,179,25691,67,35734,1,3691,119,11524,127,28669,120,40193,California
Kings,2021-04-25,204,65320,184,25875,20,35754,0,3691,166,11653,37,28706,166,40359,California
Kings,2021-04-26,325,65645,176,26051,146,35900,3,3694,201,11734,123,28829,204,40563,California
Kings,2021-04-27,432,66077,196,26247,217,36117,19,3713,184,11691,246,29075,203,40766,California
Kings,2021-04-28,523,66600,263,26510,240,36357,20,3733,270,11728,253,29328,290,41056,California
Kings,2021-04-29,302,66902,125,26635,165,36522,12,3745,141,11723,158,29486,153,41209,California
Kings,2021-04-30,371,67273,168,26803,186,36708,17,3762,154,11681,213,29699,171,41380,California
Kings,2021-05-01,227,67500,166,26969,51,36759,10,3772,72,11609,154,29853,82,41462,California
Kings,2021-05-02,169,67669,147,27116,22,36781,0,3772,127,11694,42,29895,127,41589,California
Kings,2021-05-03,473,68142,251,27367,209,36990,13,3785,121,11477,351,30246,134,41723,California
Kings,2021-05-04,528,68670,271,27638,237,37227,20,3805,163,11296,364,30610,183,41906,California
Kings,2021-05-05,565,69235,299,27937,246,37473,20,3825,143,11037,422,31032,163,42069,California
Kings,2021-05-06,569,69804,290,28227,256,37729,23,3848,130,10753,437,31469,153,42222,California
Kings,2021-05-07,369,70173,212,28439,143,37872,14,3862,149,10698,218,31687,163,42385,California
Kings,2021-05-08,244,70417,179,28618,53,37925,12,3874,85,10636,158,31845,96,42481,California
Kings,2021-05-09,191,70608,63,28681,128,38053,0,3874,40,10525,151,31996,40,42521,California
Kings,2021-05-10,347,70955,270,28951,67,38120,10,3884,114,10417,231,32227,123,42644,California
Kings,2021-05-11,384,71339,239,29190,116,38236,29,3913,116,10295,268,32495,146,42790,California
Kings,2021-05-12,401,71740,163,29353,224,38460,14,3927,164,10238,235,32730,178,42968,California
Kings,2021-05-13,410,72150,167,29520,235,38695,8,3935,168,10173,241,32971,176,43144,California
Kings,2021-05-14,463,72613,317,29837,115,38810,31,3966,239,10220,223,33194,270,43414,California
Kings,2021-05-15,356,72969,256,30093,82,38892,18,3984,197,10276,159,33353,215,43629,California
Kings,2021-05-16,247,73216,221,30314,25,38917,1,3985,75,10180,172,33525,76,43705,California
Kings,2021-05-17,408,73624,323,30637,68,38985,17,4002,210,10210,197,33722,227,43932,California
Kings,2021-05-18,400,74024,283,30920,104,39089,13,4015,229,10282,171,33893,243,44175,California
Kings,2021-05-19,574,74598,281,31201,271,39360,22,4037,227,10186,345,34238,249,44424,California
Kings,2021-05-20,449,75047,235,31436,187,39547,27,4064,258,10281,191,34429,286,44710,California
Kings,2021-05-21,517,75564,262,31698,244,39791,11,4075,263,10305,250,34679,274,44984,California
Kings,2021-05-22,308,75872,247,31945,49,39840,12,4087,219,10449,87,34766,231,45215,California
Kings,2021-05-23,232,76104,223,32168,9,39849,0,4087,106,10429,126,34892,106,45321,California
Kings,2021-05-24,259,76363,173,32341,71,39920,15,4102,122,10429,137,35029,137,45458,California
Kings,2021-05-25,406,76769,269,32610,104,40024,33,4135,236,10530,168,35197,269,45727,California
Kings,2021-05-26,303,77072,123,32733,163,40187,17,4152,120,10485,182,35379,137,45864,California
Kings,2021-05-27,325,77397,176,32909,131,40318,18,4170,177,10535,145,35524,195,46059,California
Kings,2021-05-28,287,77684,140,33049,129,40447,18,4188,132,10533,152,35676,150,46209,California
Kings,2021-05-29,173,77857,100,33149,62,40509,11,4199,86,10544,86,35762,97,46306,California
Kings,2021-05-30,130,77987,113,33262,15,40524,2,4201,69,10554,61,35823,71,46377,California
Kings,2021-05-31,41,78028,22,33284,16,40540,3,4204,15,10546,26,35849,18,46395,California
Kings,2021-06-01,318,78346,187,33471,115,40655,16,4220,118,10483,196,36045,133,46528,California
Kings,2021-06-02,276,78622,125,33596,144,40799,7,4227,85,10387,188,36233,92,46620,California
Kings,2021-06-03,224,78846,126,33722,87,40886,11,4238,70,10322,146,36379,81,46701,California
Kings,2021-06-04,429,79275,285,34007,130,41016,14,4252,156,10223,269,36648,170,46871,California
Kings,2021-06-05,258,79533,224,34231,27,41043,7,4259,62,10109,183,36831,69,46940,California
Kings,2021-06-06,163,79696,155,34386,3,41046,5,4264,82,10119,77,36908,87,47027,California
Kings,2021-06-07,293,79989,224,34610,55,41101,14,4278,96,10031,197,37105,109,47136,California
Kings,2021-06-08,311,80300,240,34850,51,41152,20,4298,79,9899,231,37336,99,47235,California
Kings,2021-06-09,396,80696,262,35112,125,41277,9,4307,116,9747,277,37613,125,47360,California
Kings,2021-06-10,336,81032,219,35331,104,41381,13,4320,80,9584,256,37869,93,47453,California
Kings,2021-06-11,372,81404,281,35612,88,41469,3,4323,143,9506,224,38093,146,47599,California
Kings,2021-06-12,269,81673,221,35833,44,41513,4,4327,69,9395,184,38277,73,47672,California
Kings,2021-06-13,128,81801,119,35952,8,41521,1,4328,34,9337,93,38370,35,47707,California
Kings,2021-06-14,239,82040,173,36125,46,41567,20,4348,98,9314,141,38511,118,47825,California
Kings,2021-06-15,255,82295,180,36305,64,41631,11,4359,88,9247,166,38677,99,47924,California
Kings,2021-06-16,253,82548,129,36434,116,41747,8,4367,91,9192,155,38832,100,48024,California
Kings,2021-06-17,209,82757,112,36546,87,41834,10,4377,82,9157,127,38959,92,48116,California
Kings,2021-06-18,252,83009,173,36719,70,41904,9,4386,118,9150,134,39093,127,48243,California
Kings,2021-06-19,101,83110,69,36788,27,41931,5,4391,40,9134,61,39154,45,48288,California
Kings,2021-06-20,83,83193,68,36856,9,41940,6,4397,28,9113,55,39209,34,48322,California
Kings,2021-06-21,182,83375,98,36954,53,41993,31,4428,97,9156,85,39294,128,48450,California
Kings,2021-06-22,199,83574,128,37082,63,42056,8,4436,82,9129,117,39411,90,48540,California
Kings,2021-06-23,199,83773,94,37176,90,42146,15,4451,86,9118,112,39523,101,48641,California
Kings,2021-06-24,145,83918,68,37244,72,42218,5,4456,56,9091,88,39611,61,48702,California
Kings,2021-06-25,306,84224,219,37463,78,42296,9,4465,150,9095,155,39766,159,48861,California
Kings,2021-06-26,124,84348,82,37545,38,42334,4,4469,53,9081,71,39837,57,48918,California
Kings,2021-06-27,117,84465,111,37656,5,42339,1,4470,38,9044,76,39913,39,48957,California
Kings,2021-06-28,192,84657,138,37794,37,42376,17,4487,82,9033,110,40023,99,49056,California
Kings,2021-06-29,100,84757,86,37880,10,42386,4,4491,48,9034,51,40074,52,49108,California
Lake,2020-12-17,4,4,4,4,0,0,0,0,4,4,0,0,4,4,California
Lake,2020-12-18,51,55,51,55,0,0,0,0,51,55,0,0,51,55,California
Lake,2020-12-19,3,58,3,58,0,0,0,0,3,58,0,0,3,58,California
Lake,2020-12-20,6,64,6,64,0,0,0,0,6,64,0,0,6,64,California
Lake,2020-12-21,87,151,87,151,0,0,0,0,87,151,0,0,87,151,California
Lake,2020-12-22,63,214,60,211,3,3,0,0,63,214,0,0,63,214,California
Lake,2020-12-23,124,338,115,326,9,12,0,0,124,338,0,0,124,338,California
Lake,2020-12-24,2,340,0,326,2,14,0,0,2,340,0,0,2,340,California
Lake,2020-12-26,2,342,2,328,0,14,0,0,2,342,0,0,2,342,California
Lake,2020-12-27,2,344,2,330,0,14,0,0,2,344,0,0,2,344,California
Lake,2020-12-28,52,396,43,373,9,23,0,0,52,396,0,0,52,396,California
Lake,2020-12-29,50,446,45,418,5,28,0,0,50,446,0,0,50,446,California
Lake,2020-12-30,129,575,121,539,8,36,0,0,129,575,0,0,129,575,California
Lake,2020-12-31,67,642,64,603,3,39,0,0,67,642,0,0,67,642,California
Lake,2021-01-01,4,646,1,604,3,42,0,0,4,646,0,0,4,646,California
Lake,2021-01-02,2,648,1,605,1,43,0,0,2,648,0,0,2,648,California
Lake,2021-01-04,88,736,21,626,67,110,0,0,88,736,0,0,88,736,California
Lake,2021-01-05,120,856,59,685,61,171,0,0,118,852,2,2,118,854,California
Lake,2021-01-06,103,959,64,749,39,210,0,0,101,951,2,4,101,955,California
Lake,2021-01-07,109,1068,85,834,24,234,0,0,100,1042,9,13,100,1055,California
Lake,2021-01-08,156,1224,127,961,29,263,0,0,104,1094,52,65,104,1159,California
Lake,2021-01-09,63,1287,61,1022,2,265,0,0,59,1149,4,69,59,1218,California
Lake,2021-01-10,3,1290,3,1025,0,265,0,0,0,1146,3,72,0,1218,California
Lake,2021-01-11,189,1479,150,1175,39,304,0,0,109,1175,80,152,109,1327,California
Lake,2021-01-12,81,1560,48,1223,33,337,0,0,57,1208,24,176,57,1384,California
Lake,2021-01-13,169,1729,114,1337,55,392,0,0,110,1259,59,235,110,1494,California
Lake,2021-01-14,151,1880,48,1385,103,495,0,0,129,1366,22,257,129,1623,California
Lake,2021-01-15,222,2102,95,1480,127,622,0,0,194,1532,28,285,194,1817,California
Lake,2021-01-16,136,2238,83,1563,53,675,0,0,134,1664,2,287,134,1951,California
Lake,2021-01-17,18,2256,6,1569,12,687,0,0,12,1670,6,293,12,1963,California
Lake,2021-01-18,245,2501,226,1795,19,706,0,0,125,1675,120,413,125,2088,California
Lake,2021-01-19,317,2818,120,1915,197,903,0,0,271,1901,46,459,272,2360,California
Lake,2021-01-20,426,3244,82,1997,344,1247,0,0,361,2198,64,523,361,2721,California
Lake,2021-01-21,440,3684,49,2046,391,1638,0,0,405,2568,35,558,405,3126,California
Lake,2021-01-22,322,4006,47,2093,275,1913,0,0,285,2816,37,595,285,3411,California
Lake,2021-01-23,127,4133,6,2099,121,2034,0,0,126,2941,1,596,126,3537,California
Lake,2021-01-24,5,4138,2,2101,3,2037,0,0,5,2946,0,596,5,3542,California
Lake,2021-01-25,259,4397,96,2197,163,2200,0,0,177,3041,82,678,177,3719,California
Lake,2021-01-26,433,4830,36,2233,397,2597,0,0,409,3426,24,702,409,4128,California
Lake,2021-01-27,362,5192,40,2273,322,2919,0,0,335,3735,27,729,336,4464,California
Lake,2021-01-28,499,5691,162,2435,337,3256,0,0,368,3974,129,858,368,4832,California
Lake,2021-01-29,652,6343,101,2536,551,3807,0,0,577,4476,75,933,577,5409,California
Lake,2021-01-30,557,6900,43,2579,514,4321,0,0,551,5021,6,939,551,5960,California
Lake,2021-01-31,15,6915,9,2588,6,4327,0,0,13,5032,2,941,13,5973,California
Lake,2021-02-01,180,7095,18,2606,162,4489,0,0,166,5184,14,955,166,6139,California
Lake,2021-02-02,565,7660,153,2759,412,4901,0,0,397,5413,168,1123,397,6536,California
Lake,2021-02-03,445,8105,33,2792,412,5313,0,0,341,5650,104,1227,341,6877,California
Lake,2021-02-04,121,8226,70,2862,51,5364,0,0,71,5671,50,1277,71,6948,California
Lake,2021-02-05,382,8608,73,2935,309,5673,0,0,287,5865,93,1370,287,7235,California
Lake,2021-02-06,276,8884,42,2977,234,5907,0,0,264,6117,12,1382,264,7499,California
Lake,2021-02-07,2,8886,1,2978,1,5908,0,0,2,6119,0,1382,2,7501,California
Lake,2021-02-08,278,9164,206,3184,72,5980,0,0,159,6159,119,1501,159,7660,California
Lake,2021-02-09,346,9510,25,3209,321,6301,0,0,301,6416,44,1545,301,7961,California
Lake,2021-02-10,356,9866,54,3263,302,6603,0,0,275,6610,81,1626,275,8236,California
Lake,2021-02-11,180,10046,18,3281,162,6765,0,0,59,6548,121,1747,59,8295,California
Lake,2021-02-12,378,10424,29,3310,349,7114,0,0,287,6745,90,1837,287,8582,California
Lake,2021-02-13,252,10676,8,3318,244,7358,0,0,239,6971,13,1850,239,8821,California
Lake,2021-02-14,22,10698,5,3323,17,7375,0,0,8,6965,14,1864,8,8829,California
Lake,2021-02-15,172,10870,13,3336,159,7534,0,0,8,6810,163,2027,8,8837,California
Lake,2021-02-16,429,11299,23,3359,406,7940,0,0,178,6737,251,2278,178,9015,California
Lake,2021-02-17,353,11652,56,3415,297,8237,0,0,72,6529,280,2558,72,9087,California
Lake,2021-02-18,465,12117,72,3487,393,8630,0,0,116,6297,348,2906,116,9203,California
Lake,2021-02-19,436,12553,28,3515,408,9038,0,0,94,6051,340,3246,94,9297,California
Lake,2021-02-20,296,12849,61,3576,235,9273,0,0,251,6258,44,3290,251,9548,California
Lake,2021-02-21,7,12856,7,3583,0,9273,0,0,0,6251,7,3297,0,9548,California
Lake,2021-02-22,142,12998,23,3606,119,9392,0,0,41,6192,100,3397,41,9589,California
Lake,2021-02-23,216,13214,15,3621,201,9593,0,0,28,6032,188,3585,28,9617,California
Lake,2021-02-24,1008,14222,429,4050,579,10172,0,0,468,5961,539,4124,468,10085,California
Lake,2021-02-25,761,14983,496,4546,265,10437,0,0,500,6203,258,4382,500,10585,California
Lake,2021-02-26,1018,16001,323,4869,695,11132,0,0,364,5917,650,5032,364,10949,California
Lake,2021-02-27,410,16411,97,4966,313,11445,0,0,327,6162,82,5114,327,11276,California
Lake,2021-02-28,21,16432,12,4978,9,11454,0,0,12,6165,9,5123,12,11288,California
Lake,2021-03-01,597,17029,55,5033,542,11996,0,0,444,6456,153,5276,444,11732,California
Lake,2021-03-02,747,17776,18,5051,729,12725,0,0,288,6286,458,5734,288,12020,California
Lake,2021-03-03,369,18145,196,5247,173,12898,0,0,147,6211,222,5956,147,12167,California
Lake,2021-03-04,578,18723,506,5753,72,12970,0,0,562,6757,16,5972,562,12729,California
Lake,2021-03-05,1046,19769,52,5805,994,13964,0,0,187,6089,855,6827,187,12916,California
Lake,2021-03-06,35,19804,9,5814,25,13989,1,1,22,6099,13,6840,23,12939,California
Lake,2021-03-07,8,19812,6,5820,2,13991,0,1,5,6101,3,6843,5,12944,California
Lake,2021-03-08,342,20154,267,6087,65,14056,10,11,300,6369,42,6885,310,13254,California
Lake,2021-03-09,932,21086,44,6131,871,14927,17,28,408,6272,523,7408,426,13680,California
Lake,2021-03-10,205,21291,60,6191,131,15058,14,42,134,6350,71,7479,149,13829,California
Lake,2021-03-11,587,21878,49,6240,64,15122,474,516,46,6329,541,8020,520,14349,California
Lake,2021-03-12,852,22730,203,6443,624,15746,25,541,361,6226,489,8509,386,14735,California
Lake,2021-03-13,283,23013,22,6465,25,15771,236,777,20,6219,262,8771,255,14990,California
Lake,2021-03-14,11,23024,2,6467,9,15780,0,777,7,6222,4,8775,7,14997,California
Lake,2021-03-15,642,23666,13,6480,611,16391,18,795,481,6561,160,8935,499,15496,California
Lake,2021-03-16,1117,24783,836,7316,264,16655,17,812,378,6220,735,9670,394,15890,California
Lake,2021-03-17,250,25033,122,7438,105,16760,23,835,92,6177,158,9828,115,16005,California
Lake,2021-03-18,751,25784,377,7815,337,17097,37,872,356,6177,392,10220,392,16397,California
Lake,2021-03-19,586,26370,317,8132,249,17346,20,892,476,6564,109,10329,496,16893,California
Lake,2021-03-20,249,26619,9,8141,237,17583,3,895,31,6382,216,10545,34,16927,California
Lake,2021-03-21,15,26634,10,8151,4,17587,1,896,10,6388,5,10550,11,16938,California
Lake,2021-03-22,337,26971,256,8407,67,17654,14,910,250,6565,87,10637,264,17202,California
Lake,2021-03-23,429,27400,21,8428,394,18048,14,924,363,6877,65,10702,377,17579,California
Lake,2021-03-24,423,27823,62,8490,353,18401,8,932,326,7116,96,10798,335,17914,California
Lake,2021-03-25,675,28498,483,8973,185,18586,7,939,174,6795,501,11299,180,18094,California
Lake,2021-03-26,68,28566,33,9006,34,18620,1,940,31,6791,36,11335,32,18126,California
Lake,2021-03-27,309,28875,7,9013,299,18919,3,943,17,6521,290,11625,20,18146,California
Lake,2021-03-28,17,28892,8,9021,9,18928,0,943,9,6522,8,11633,9,18155,California
Lake,2021-03-29,987,29879,286,9307,699,19627,2,945,202,5943,783,12416,204,18359,California
Lake,2021-03-30,465,30344,314,9621,149,19776,2,947,366,6213,98,12514,368,18727,California
Lake,2021-03-31,614,30958,60,9681,554,20330,0,947,432,6472,173,12687,432,19159,California
Lake,2021-04-01,449,31407,234,9915,203,20533,12,959,187,6413,258,12945,199,19358,California
Lake,2021-04-02,224,31631,41,9956,155,20688,28,987,97,6411,127,13072,125,19483,California
Lake,2021-04-03,33,31664,6,9962,24,20712,3,990,13,6407,20,13092,16,19499,California
Lake,2021-04-04,20,31684,11,9973,7,20719,2,992,15,6419,5,13097,17,19516,California
Lake,2021-04-05,644,32328,71,10044,553,21272,20,1012,402,6601,239,13336,421,19937,California
Lake,2021-04-06,480,32808,17,10061,437,21709,26,1038,308,6764,171,13507,334,20271,California
Lake,2021-04-07,526,33334,58,10119,416,22125,52,1090,356,7004,168,13675,408,20679,California
Lake,2021-04-08,605,33939,493,10612,46,22171,66,1156,104,6676,498,14173,170,20849,California
Lake,2021-04-09,281,34220,39,10651,173,22344,69,1225,48,6562,230,14403,116,20965,California
Lake,2021-04-10,257,34477,15,10666,16,22360,226,1451,11,6553,246,14649,237,21202,California
Lake,2021-04-11,21,34498,16,10682,3,22363,2,1453,7,6548,14,14663,9,21211,California
Lake,2021-04-12,1083,35581,233,10915,816,23179,34,1487,244,5988,838,15501,278,21489,California
Lake,2021-04-13,181,35762,110,11025,71,23250,0,1487,54,5915,127,15628,54,21543,California
Lake,2021-04-14,620,36382,38,11063,582,23832,0,1487,554,6403,66,15694,554,22097,California
Lake,2021-04-15,647,37029,193,11256,454,24286,0,1487,332,6420,315,16009,332,22429,California
Lake,2021-04-16,267,37296,31,11287,236,24522,0,1487,76,6306,190,16199,76,22505,California
Lake,2021-04-17,42,37338,12,11299,30,24552,0,1487,32,6328,10,16209,32,22537,California
Lake,2021-04-18,9,37347,6,11305,3,24555,0,1487,0,6319,9,16218,0,22537,California
Lake,2021-04-19,298,37645,39,11344,259,24814,0,1487,247,6515,51,16269,247,22784,California
Lake,2021-04-20,695,38340,281,11625,414,25228,0,1487,95,6012,599,16868,96,22880,California
Lake,2021-04-21,532,38872,62,11687,470,25698,0,1487,197,5874,335,17203,197,23077,California
Lake,2021-04-22,471,39343,51,11738,420,26118,0,1487,323,6050,147,17350,323,23400,California
Lake,2021-04-23,122,39465,64,11802,58,26176,0,1487,72,6074,48,17398,72,23472,California
Lake,2021-04-24,55,39520,9,11811,46,26222,0,1487,41,6101,14,17412,41,23513,California
Lake,2021-04-25,37,39557,20,11831,17,26239,0,1487,25,6114,12,17424,25,23538,California
Lake,2021-04-26,294,39851,82,11913,211,26450,1,1488,89,5999,205,17629,90,23628,California
Lake,2021-04-27,250,40101,25,11938,207,26657,18,1506,87,5941,163,17792,105,23733,California
Lake,2021-04-28,511,40612,51,11989,445,27102,15,1521,90,5626,419,18211,104,23837,California
Lake,2021-04-29,209,40821,82,12071,111,27213,16,1537,110,5652,99,18310,125,23962,California
Lake,2021-04-30,288,41109,44,12115,213,27426,31,1568,147,5689,141,18451,178,24140,California
Lake,2021-05-01,49,41158,27,12142,20,27446,2,1570,34,5711,14,18465,36,24176,California
Lake,2021-05-02,19,41177,10,12152,8,27454,1,1571,10,5713,9,18474,11,24187,California
Lake,2021-05-03,413,41590,30,12182,347,27801,36,1607,66,5469,346,18820,102,24289,California
Lake,2021-05-04,404,41994,217,12399,139,27940,48,1655,124,5362,279,19099,172,24461,California
Lake,2021-05-05,630,42624,44,12443,574,28514,12,1667,84,4914,543,19642,95,24556,California
Lake,2021-05-06,142,42766,19,12462,94,28608,29,1696,72,4944,70,19712,100,24656,California
Lake,2021-05-07,166,42932,29,12491,117,28725,20,1716,102,5004,62,19774,122,24778,California
Lake,2021-05-08,44,42976,9,12500,35,28760,0,1716,37,5034,7,19781,37,24815,California
Lake,2021-05-09,17,42993,2,12502,10,28770,5,1721,10,5042,7,19788,15,24830,California
Lake,2021-05-10,245,43238,11,12513,206,28976,28,1749,59,4944,185,19973,87,24917,California
Lake,2021-05-11,194,43432,25,12538,152,29128,17,1766,115,4998,79,20052,133,25050,California
Lake,2021-05-12,542,43974,33,12571,489,29617,20,1786,56,4587,486,20538,75,25125,California
Lake,2021-05-13,318,44292,69,12640,235,29852,14,1800,72,4429,244,20782,86,25211,California
Lake,2021-05-14,268,44560,83,12723,167,30019,18,1818,163,4506,103,20885,180,25391,California
Lake,2021-05-15,45,44605,19,12742,23,30042,3,1821,28,4520,17,20902,31,25422,California
Lake,2021-05-16,33,44638,19,12761,13,30055,1,1822,18,4524,15,20917,19,25441,California
Lake,2021-05-17,315,44953,44,12805,256,30311,15,1837,82,4391,230,21147,97,25538,California
Lake,2021-05-18,299,45252,65,12870,215,30526,19,1856,171,4454,127,21274,190,25728,California
Lake,2021-05-19,313,45565,57,12927,241,30767,15,1871,88,4333,224,21498,103,25831,California
Lake,2021-05-20,236,45801,60,12987,165,30932,11,1882,92,4292,144,21642,103,25934,California
Lake,2021-05-21,274,46075,51,13038,199,31131,24,1906,114,4272,158,21800,138,26072,California
Lake,2021-05-22,97,46172,53,13091,41,31172,3,1909,48,4274,49,21849,51,26123,California
Lake,2021-05-23,58,46230,28,13119,29,31201,1,1910,30,4277,28,21877,31,26154,California
Lake,2021-05-24,158,46388,36,13155,108,31309,14,1924,72,4277,86,21963,86,26240,California
Lake,2021-05-25,205,46593,58,13213,136,31445,11,1935,75,4234,129,22092,86,26326,California
Lake,2021-05-26,151,46744,44,13257,96,31541,11,1946,54,4204,95,22187,65,26391,California
Lake,2021-05-27,175,46919,49,13306,112,31653,14,1960,61,4166,113,22300,75,26466,California
Lake,2021-05-28,222,47141,21,13327,163,31816,38,1998,50,4084,169,22469,87,26553,California
Lake,2021-05-29,37,47178,10,13337,21,31837,6,2004,14,4081,23,22492,20,26573,California
Lake,2021-05-30,22,47200,6,13343,14,31851,2,2006,12,4085,10,22502,14,26587,California
Lake,2021-05-31,63,47263,21,13364,40,31891,2,2008,53,4130,10,22512,55,26642,California
Lake,2021-06-01,199,47462,40,13404,150,32041,9,2017,69,4079,129,22641,78,26720,California
Lake,2021-06-02,133,47595,46,13450,75,32116,12,2029,53,4064,80,22721,65,26785,California
Lake,2021-06-03,179,47774,51,13501,109,32225,19,2048,77,4058,102,22823,96,26881,California
Lake,2021-06-04,185,47959,55,13556,115,32340,15,2063,47,3984,136,22959,62,26943,California
Lake,2021-06-05,92,48051,57,13613,27,32367,8,2071,56,4012,36,22995,64,27007,California
Lake,2021-06-06,68,48119,38,13651,30,32397,0,2071,24,3992,44,23039,24,27031,California
Lake,2021-06-07,89,48208,29,13680,52,32449,8,2079,31,3974,57,23096,39,27070,California
Lake,2021-06-08,179,48387,68,13748,99,32548,12,2091,67,3941,112,23208,79,27149,California
Lake,2021-06-09,172,48559,43,13791,125,32673,4,2095,37,3849,133,23341,41,27190,California
Lake,2021-06-10,128,48687,63,13854,52,32725,13,2108,50,3834,78,23419,63,27253,California
Lake,2021-06-11,209,48896,67,13921,119,32844,23,2131,48,3746,159,23578,71,27324,California
Lake,2021-06-12,66,48962,38,13959,22,32866,6,2137,34,3754,32,23610,40,27364,California
Lake,2021-06-13,29,48991,16,13975,13,32879,0,2137,14,3753,15,23625,14,27378,California
Lake,2021-06-14,179,49170,87,14062,79,32958,13,2150,50,3688,128,23753,63,27441,California
Lake,2021-06-15,244,49414,65,14127,162,33120,17,2167,78,3617,166,23919,95,27536,California
Lake,2021-06-16,163,49577,57,14184,91,33211,15,2182,55,3580,107,24026,70,27606,California
Lake,2021-06-17,179,49756,86,14270,83,33294,10,2192,80,3572,98,24124,90,27696,California
Lake,2021-06-18,136,49892,38,14308,89,33383,9,2201,53,3551,83,24207,62,27758,California
Lake,2021-06-19,67,49959,25,14333,42,33425,0,2201,34,3552,33,24240,34,27792,California
Lake,2021-06-20,22,49981,8,14341,12,33437,2,2203,11,3554,11,24251,13,27805,California
Lake,2021-06-21,67,50048,17,14358,43,33480,7,2210,29,3552,38,24289,36,27841,California
Lake,2021-06-22,135,50183,51,14409,74,33554,10,2220,62,3552,72,24361,72,27913,California
Lake,2021-06-23,148,50331,68,14477,56,33610,24,2244,80,3588,68,24429,104,28017,California
Lake,2021-06-24,138,50469,91,14568,34,33644,13,2257,48,3561,88,24517,61,28078,California
Lake,2021-06-25,128,50597,58,14626,61,33705,9,2266,65,3573,62,24579,74,28152,California
Lake,2021-06-26,48,50645,37,14663,11,33716,0,2266,6,3537,42,24621,6,28158,California
Lake,2021-06-27,42,50687,30,14693,12,33728,0,2266,23,3541,19,24640,23,28181,California
Lake,2021-06-28,65,50752,22,14715,22,33750,21,2287,28,3554,36,24676,49,28230,California
Lake,2021-06-29,94,50846,32,14747,58,33808,4,2291,57,3578,37,24713,61,28291,California
Lassen,2020-12-16,8,8,8,8,0,0,0,0,8,8,0,0,8,8,California
Lassen,2020-12-17,6,14,6,14,0,0,0,0,6,14,0,0,6,14,California
Lassen,2020-12-18,1,15,1,15,0,0,0,0,1,15,0,0,1,15,California
Lassen,2020-12-19,5,20,5,20,0,0,0,0,5,20,0,0,5,20,California
Lassen,2020-12-20,2,22,2,22,0,0,0,0,2,22,0,0,2,22,California
Lassen,2020-12-21,11,33,11,33,0,0,0,0,11,33,0,0,11,33,California
Lassen,2020-12-22,23,56,23,56,0,0,0,0,23,56,0,0,23,56,California
Lassen,2020-12-23,6,62,6,62,0,0,0,0,6,62,0,0,6,62,California
Lassen,2020-12-24,10,72,10,72,0,0,0,0,10,72,0,0,10,72,California
Lassen,2020-12-28,3,75,2,74,1,1,0,0,3,75,0,0,3,75,California
Lassen,2020-12-29,35,110,35,109,0,1,0,0,35,110,0,0,35,110,California
Lassen,2020-12-30,36,146,35,144,1,2,0,0,36,146,0,0,36,146,California
Lassen,2020-12-31,49,195,42,186,7,9,0,0,49,195,0,0,49,195,California
Lassen,2021-01-02,1,196,0,186,1,10,0,0,1,196,0,0,1,196,California
Lassen,2021-01-04,15,211,2,188,13,23,0,0,15,211,0,0,15,211,California
Lassen,2021-01-05,193,404,52,240,141,164,0,0,193,404,0,0,193,404,California
Lassen,2021-01-06,96,500,44,284,52,216,0,0,88,485,8,8,89,493,California
Lassen,2021-01-07,43,543,7,291,36,252,0,0,37,516,6,14,37,530,California
Lassen,2021-01-08,50,593,2,293,48,300,0,0,50,566,0,14,50,580,California
Lassen,2021-01-09,12,605,6,299,6,306,0,0,12,578,0,14,12,592,California
Lassen,2021-01-11,27,632,5,304,22,328,0,0,27,605,0,14,27,619,California
Lassen,2021-01-12,49,681,29,333,20,348,0,0,30,616,19,33,30,649,California
Lassen,2021-01-13,160,841,18,351,142,490,0,0,146,748,14,47,146,795,California
Lassen,2021-01-14,162,1003,18,369,144,634,0,0,150,886,12,59,150,945,California
Lassen,2021-01-15,33,1036,6,375,27,661,0,0,33,919,0,59,33,978,California
Lassen,2021-01-16,34,1070,33,408,1,662,0,0,34,953,0,59,34,1012,California
Lassen,2021-01-17,1,1071,0,408,1,663,0,0,1,954,0,59,1,1013,California
Lassen,2021-01-18,5,1076,2,410,3,666,0,0,4,957,1,60,4,1017,California
Lassen,2021-01-19,186,1262,36,446,150,816,0,0,158,1087,28,88,158,1175,California
Lassen,2021-01-20,189,1451,101,547,88,904,0,0,106,1125,68,156,106,1281,California
Lassen,2021-01-21,145,1596,93,640,52,956,0,0,121,1228,18,174,121,1402,California
Lassen,2021-01-22,31,1627,18,658,13,969,0,0,21,1239,10,184,21,1423,California
Lassen,2021-01-23,2,1629,0,658,2,971,0,0,2,1241,0,184,2,1425,California
Lassen,2021-01-24,1,1630,0,658,1,972,0,0,1,1242,0,184,1,1426,California
Lassen,2021-01-25,12,1642,1,659,11,983,0,0,11,1252,1,185,11,1437,California
Lassen,2021-01-26,126,1768,12,671,114,1097,0,0,122,1370,4,189,122,1559,California
Lassen,2021-01-27,89,1857,37,708,52,1149,0,0,71,1423,18,207,71,1630,California
Lassen,2021-01-28,86,1943,16,724,70,1219,0,0,85,1507,1,208,85,1715,California
Lassen,2021-01-29,23,1966,7,731,16,1235,0,0,22,1528,1,209,22,1737,California
Lassen,2021-02-01,61,2027,4,735,57,1292,0,0,36,1539,25,234,36,1773,California
Lassen,2021-02-02,177,2204,12,747,165,1457,0,0,44,1450,133,367,44,1817,California
Lassen,2021-02-03,98,2302,21,768,77,1534,0,0,50,1452,48,415,50,1867,California
Lassen,2021-02-04,113,2415,16,784,97,1631,0,0,64,1467,49,464,64,1931,California
Lassen,2021-02-05,66,2481,12,796,54,1685,0,0,24,1449,42,506,24,1955,California
Lassen,2021-02-06,69,2550,34,830,35,1720,0,0,36,1453,32,538,36,1991,California
Lassen,2021-02-07,3,2553,3,833,0,1720,0,0,3,1456,0,538,3,1994,California
Lassen,2021-02-08,44,2597,4,837,40,1760,0,0,18,1448,26,564,18,2012,California
Lassen,2021-02-09,128,2725,7,844,121,1881,0,0,49,1418,79,643,49,2061,California
Lassen,2021-02-10,184,2909,22,866,162,2043,0,0,76,1386,108,751,76,2137,California
Lassen,2021-02-11,183,3092,16,882,167,2210,0,0,79,1362,103,854,79,2216,California
Lassen,2021-02-12,44,3136,11,893,33,2243,0,0,16,1350,28,882,16,2232,California
Lassen,2021-02-13,11,3147,3,896,8,2251,0,0,9,1357,2,884,9,2241,California
Lassen,2021-02-14,13,3160,0,896,13,2264,0,0,12,1368,1,885,12,2253,California
Lassen,2021-02-15,22,3182,3,899,19,2283,0,0,17,1381,4,889,17,2270,California
Lassen,2021-02-16,192,3374,4,903,188,2471,0,0,31,1253,159,1048,31,2301,California
Lassen,2021-02-17,183,3557,94,997,89,2560,0,0,10,1090,173,1221,10,2311,California
Lassen,2021-02-18,81,3638,23,1020,58,2618,0,0,20,1049,61,1282,20,2331,California
Lassen,2021-02-19,83,3721,62,1082,21,2639,0,0,19,1004,64,1346,19,2350,California
Lassen,2021-02-20,8,3729,0,1082,8,2647,0,0,6,1008,2,1348,6,2356,California
Lassen,2021-02-21,22,3751,2,1084,20,2667,0,0,18,1022,4,1352,18,2374,California
Lassen,2021-02-22,26,3777,12,1096,14,2681,0,0,8,1012,18,1370,8,2382,California
Lassen,2021-02-23,154,3931,10,1106,144,2825,0,0,43,944,111,1481,43,2425,California
Lassen,2021-02-24,166,4097,16,1122,150,2975,0,0,107,993,58,1539,107,2532,California
Lassen,2021-02-25,159,4256,22,1144,137,3112,0,0,99,1032,60,1599,99,2631,California
Lassen,2021-02-26,74,4330,16,1160,58,3170,0,0,37,1032,37,1636,37,2668,California
Lassen,2021-02-27,8,4338,7,1167,1,3171,0,0,3,1030,5,1641,3,2671,California
Lassen,2021-02-28,7,4345,2,1169,5,3176,0,0,3,1029,4,1645,3,2674,California
Lassen,2021-03-01,42,4387,4,1173,38,3214,0,0,8,1004,33,1678,8,2682,California
Lassen,2021-03-02,108,4495,8,1181,100,3314,0,0,81,1059,26,1704,81,2763,California
Lassen,2021-03-03,169,4664,11,1192,158,3472,0,0,113,1116,56,1760,113,2876,California
Lassen,2021-03-04,149,4813,17,1209,132,3604,0,0,98,1164,50,1810,98,2974,California
Lassen,2021-03-05,49,4862,7,1216,18,3622,24,24,11,1161,38,1848,35,3009,California
Lassen,2021-03-06,55,4917,4,1220,29,3651,22,46,5,1138,50,1898,27,3036,California
Lassen,2021-03-07,58,4975,3,1223,0,3651,55,101,3,1141,55,1953,58,3094,California
Lassen,2021-03-08,88,5063,2,1225,7,3658,79,180,3,1138,85,2038,82,3176,California
Lassen,2021-03-09,137,5200,11,1236,109,3767,17,197,89,1196,48,2086,106,3282,California
Lassen,2021-03-10,175,5375,10,1246,163,3930,2,199,79,1182,95,2181,81,3363,California
Lassen,2021-03-11,185,5560,16,1262,162,4092,7,206,113,1233,69,2250,120,3483,California
Lassen,2021-03-12,34,5594,17,1279,13,4105,4,210,12,1227,22,2272,16,3499,California
Lassen,2021-03-13,48,5642,0,1279,2,4107,46,256,1,1226,47,2319,46,3545,California
Lassen,2021-03-14,14,5656,2,1281,11,4118,1,257,2,1217,12,2331,3,3548,California
Lassen,2021-03-15,36,5692,5,1286,31,4149,0,257,16,1213,20,2351,16,3564,California
Lassen,2021-03-16,93,5785,2,1288,85,4234,6,263,74,1274,19,2370,80,3644,California
Lassen,2021-03-17,1083,6868,9,1297,1069,5303,5,268,1063,2322,20,2390,1068,4712,California
Lassen,2021-03-18,94,6962,9,1306,84,5387,1,269,81,2391,13,2403,82,4794,California
Lassen,2021-03-19,18,6980,11,1317,3,5390,4,273,7,2391,11,2414,11,4805,California
Lassen,2021-03-20,30,7010,3,1320,24,5414,3,276,23,2410,7,2421,26,4831,California
Lassen,2021-03-21,34,7044,1,1321,33,5447,0,276,14,2405,19,2440,14,4845,California
Lassen,2021-03-22,59,7103,1,1322,58,5505,0,276,56,2458,3,2443,56,4901,California
Lassen,2021-03-23,120,7223,11,1333,108,5613,1,277,67,2473,53,2496,68,4969,California
Lassen,2021-03-24,213,7436,13,1346,199,5812,1,278,106,2475,105,2601,107,5076,California
Lassen,2021-03-25,155,7591,23,1369,132,5944,0,278,72,2464,83,2684,72,5148,California
Lassen,2021-03-26,77,7668,13,1382,26,5970,38,316,19,2463,57,2741,56,5204,California
Lassen,2021-03-27,21,7689,4,1386,1,5971,16,332,3,2464,18,2759,19,5223,California
Lassen,2021-03-28,19,7708,4,1390,4,5975,11,343,2,2460,17,2776,13,5236,California
Lassen,2021-03-29,53,7761,0,1390,28,6003,25,368,20,2473,32,2808,45,5281,California
Lassen,2021-03-30,200,7961,10,1400,164,6167,26,394,52,2403,148,2956,78,5359,California
Lassen,2021-03-31,147,8108,12,1412,113,6280,22,416,62,2403,84,3040,84,5443,California
Lassen,2021-04-01,166,8274,15,1427,130,6410,21,437,47,2353,118,3158,68,5511,California
Lassen,2021-04-02,30,8304,4,1431,3,6413,23,460,2,2350,28,3186,25,5536,California
Lassen,2021-04-03,12,8316,0,1431,2,6415,10,470,0,2348,12,3198,10,5546,California
Lassen,2021-04-04,7,8323,2,1433,0,6415,5,475,1,2348,6,3204,6,5552,California
Lassen,2021-04-05,22,8345,4,1437,11,6426,7,482,11,2355,11,3215,18,5570,California
Lassen,2021-04-06,183,8528,8,1445,145,6571,30,512,53,2308,130,3345,83,5653,California
Lassen,2021-04-07,135,8663,6,1451,92,6663,37,549,32,2276,103,3448,71,5724,California
Lassen,2021-04-08,169,8832,9,1460,104,6767,56,605,32,2231,133,3581,88,5812,California
Lassen,2021-04-09,54,8886,6,1466,10,6777,38,643,8,2231,45,3626,45,5857,California
Lassen,2021-04-10,10,8896,0,1466,2,6779,8,651,0,2230,9,3635,8,5865,California
Lassen,2021-04-11,6,8902,2,1468,1,6780,3,654,3,2233,3,3638,6,5871,California
Lassen,2021-04-12,32,8934,4,1472,15,6795,13,667,4,2222,28,3666,17,5888,California
Lassen,2021-04-13,129,9063,6,1478,123,6918,0,667,40,2174,88,3754,40,5928,California
Lassen,2021-04-14,989,10052,16,1494,973,7891,0,667,51,1288,937,4691,51,5979,California
Lassen,2021-04-15,147,10199,14,1508,133,8024,0,667,19,1179,128,4819,19,5998,California
Lassen,2021-04-16,14,10213,5,1513,9,8033,0,667,6,1177,8,4827,6,6004,California
Lassen,2021-04-17,25,10238,3,1516,22,8055,0,667,4,1160,21,4848,4,6008,California
Lassen,2021-04-18,5,10243,2,1518,3,8058,0,667,2,1159,3,4851,2,6010,California
Lassen,2021-04-19,35,10278,0,1518,35,8093,0,667,18,1160,17,4868,18,6028,California
Lassen,2021-04-20,137,10415,7,1525,130,8223,0,667,51,1125,86,4954,51,6079,California
Lassen,2021-04-21,167,10582,10,1535,156,8379,1,668,34,1029,131,5085,35,6114,California
Lassen,2021-04-22,104,10686,16,1551,88,8467,0,668,34,993,70,5155,34,6148,California
Lassen,2021-04-23,27,10713,1,1552,26,8493,0,668,21,1008,6,5161,21,6169,California
Lassen,2021-04-24,9,10722,5,1557,4,8497,0,668,3,1005,6,5167,3,6172,California
Lassen,2021-04-25,5,10727,0,1557,4,8501,1,669,3,1007,2,5169,4,6176,California
Lassen,2021-04-26,44,10771,2,1559,38,8539,4,673,9,986,34,5203,13,6189,California
Lassen,2021-04-27,122,10893,9,1568,110,8649,3,676,69,1005,53,5256,72,6261,California
Lassen,2021-04-28,82,10975,7,1575,73,8722,2,678,29,983,53,5309,31,6292,California
Lassen,2021-04-29,69,11044,7,1582,59,8781,3,681,24,966,44,5353,27,6319,California
Lassen,2021-04-30,15,11059,8,1590,4,8785,3,684,6,966,9,5362,9,6328,California
Lassen,2021-05-01,5,11064,0,1590,4,8789,1,685,4,970,1,5363,5,6333,California
Lassen,2021-05-02,11,11075,7,1597,4,8793,0,685,7,973,4,5367,7,6340,California
Lassen,2021-05-03,18,11093,2,1599,10,8803,6,691,3,967,15,5382,9,6349,California
Lassen,2021-05-04,73,11166,5,1604,60,8863,8,699,21,944,52,5434,29,6378,California
Lassen,2021-05-05,83,11249,4,1608,67,8930,12,711,26,926,56,5490,38,6416,California
Lassen,2021-05-06,84,11333,21,1629,41,8971,22,733,25,914,59,5549,47,6463,California
Lassen,2021-05-07,49,11382,33,1662,11,8982,5,738,41,952,8,5557,46,6509,California
Lassen,2021-05-08,11,11393,0,1662,5,8987,6,744,4,955,7,5564,10,6519,California
Lassen,2021-05-09,3,11396,1,1663,0,8987,2,746,0,954,3,5567,2,6521,California
Lassen,2021-05-10,12,11408,1,1664,8,8995,3,749,6,957,6,5573,9,6530,California
Lassen,2021-05-11,75,11483,1,1665,63,9058,11,760,21,935,54,5627,32,6562,California
Lassen,2021-05-12,45,11528,5,1670,34,9092,6,766,15,926,30,5657,21,6583,California
Lassen,2021-05-13,40,11568,11,1681,24,9116,5,771,14,919,26,5683,19,6602,California
Lassen,2021-05-14,22,11590,4,1685,10,9126,8,779,11,927,11,5694,19,6621,California
Lassen,2021-05-15,16,11606,2,1687,4,9130,10,789,4,929,12,5706,14,6635,California
Lassen,2021-05-16,7,11613,2,1689,3,9133,2,791,2,929,4,5710,4,6639,California
Lassen,2021-05-17,36,11649,4,1693,20,9153,12,803,10,925,26,5736,22,6661,California
Lassen,2021-05-18,95,11744,11,1704,71,9224,13,816,31,905,64,5800,44,6705,California
Lassen,2021-05-19,61,11805,4,1708,46,9270,11,827,9,873,51,5851,19,6724,California
Lassen,2021-05-20,35,11840,8,1716,18,9288,9,836,11,869,24,5875,20,6744,California
Lassen,2021-05-21,67,11907,33,1749,20,9308,14,850,35,886,32,5907,49,6793,California
Lassen,2021-05-22,17,11924,2,1751,7,9315,8,858,7,891,10,5917,15,6808,California
Lassen,2021-05-23,7,11931,4,1755,1,9316,2,860,0,886,7,5924,2,6810,California
Lassen,2021-05-24,13,11944,1,1756,10,9326,2,862,5,886,7,5931,7,6817,California
Lassen,2021-05-25,101,12045,6,1762,86,9412,9,871,34,862,67,5998,43,6860,California
Lassen,2021-05-26,59,12104,1,1763,42,9454,16,887,11,841,48,6046,27,6887,California
Lassen,2021-05-27,45,12149,18,1781,21,9475,6,893,14,831,30,6076,20,6907,California
Lassen,2021-05-28,75,12224,49,1830,18,9493,8,901,31,826,44,6120,39,6946,California
Lassen,2021-05-29,15,12239,1,1831,12,9505,2,903,8,829,7,6127,10,6956,California
Lassen,2021-05-30,2,12241,0,1831,1,9506,1,904,1,830,1,6128,2,6958,California
Lassen,2021-05-31,7,12248,0,1831,6,9512,1,905,1,826,6,6134,2,6960,California
Lassen,2021-06-01,45,12293,2,1833,36,9548,7,912,15,818,30,6164,22,6982,California
Lassen,2021-06-02,59,12352,2,1835,41,9589,16,928,15,806,43,6207,31,7013,California
Lassen,2021-06-03,31,12383,6,1841,15,9604,10,938,8,801,23,6230,18,7031,California
Lassen,2021-06-04,39,12422,2,1843,25,9629,12,950,13,800,26,6256,25,7056,California
Lassen,2021-06-05,14,12436,3,1846,7,9636,4,954,4,798,10,6266,8,7064,California
Lassen,2021-06-06,5,12441,0,1846,2,9638,3,957,1,798,4,6270,4,7068,California
Lassen,2021-06-07,19,12460,0,1846,10,9648,9,966,3,794,16,6286,12,7080,California
Lassen,2021-06-08,43,12503,9,1855,30,9678,4,970,15,785,28,6314,19,7099,California
Lassen,2021-06-09,19,12522,2,1857,15,9693,2,972,7,783,11,6325,9,7108,California
Lassen,2021-06-10,25,12547,10,1867,12,9705,3,975,12,785,13,6338,15,7123,California
Lassen,2021-06-11,44,12591,29,1896,14,9719,1,976,11,765,33,6371,13,7136,California
Lassen,2021-06-12,6,12597,2,1898,4,9723,0,976,2,763,4,6375,2,7138,California
Lassen,2021-06-13,3,12600,2,1900,1,9724,0,976,1,762,2,6377,1,7139,California
Lassen,2021-06-14,9,12609,1,1901,6,9730,2,978,3,762,5,6382,5,7144,California
Lassen,2021-06-15,51,12660,5,1906,40,9770,6,984,15,747,36,6418,21,7165,California
Lassen,2021-06-16,12,12672,1,1907,6,9776,5,989,7,754,5,6423,12,7177,California
Lassen,2021-06-17,24,12696,12,1919,8,9784,4,993,10,754,14,6437,14,7191,California
Lassen,2021-06-18,51,12747,21,1940,21,9805,9,1002,12,735,39,6476,20,7211,California
Lassen,2021-06-19,13,12760,1,1941,10,9815,2,1004,5,734,8,6484,7,7218,California
Lassen,2021-06-20,7,12767,3,1944,3,9818,1,1005,6,740,1,6485,7,7225,California
Lassen,2021-06-21,16,12783,0,1944,13,9831,3,1008,5,737,11,6496,8,7233,California
Lassen,2021-06-22,37,12820,1,1945,35,9866,1,1009,19,739,18,6514,20,7253,California
Lassen,2021-06-23,18,12838,2,1947,12,9878,4,1013,5,735,13,6527,9,7262,California
Lassen,2021-06-24,28,12866,5,1952,16,9894,7,1020,14,742,14,6541,21,7283,California
Lassen,2021-06-25,23,12889,4,1956,19,9913,0,1020,13,745,10,6551,13,7296,California
Lassen,2021-06-26,6,12895,0,1956,6,9919,0,1020,1,741,5,6556,1,7297,California
Lassen,2021-06-27,1,12896,0,1956,0,9919,1,1021,0,741,1,6557,1,7298,California
Lassen,2021-06-28,13,12909,2,1958,9,9928,2,1023,9,748,4,6561,11,7309,California
Lassen,2021-06-29,14,12923,0,1958,14,9942,0,1023,5,744,9,6570,5,7314,California
Los Angeles,2020-12-15,399,399,399,399,0,0,0,0,399,399,0,0,399,399,California
Los Angeles,2020-12-16,3589,3988,3589,3988,0,0,0,0,3589,3988,0,0,3589,3988,California
Los Angeles,2020-12-17,10432,14420,10432,14420,0,0,0,0,10431,14417,2,2,10431,14419,California
Los Angeles,2020-12-18,14805,29225,14780,29200,25,25,0,0,14803,29218,2,4,14803,29222,California
Los Angeles,2020-12-19,7316,36541,7307,36507,9,34,0,0,7318,36536,0,4,7318,36540,California
Los Angeles,2020-12-20,4674,41215,4663,41170,11,45,0,0,4676,41212,0,4,4676,41216,California
Los Angeles,2020-12-21,13792,55007,13775,54945,17,62,0,0,13792,55003,1,5,13792,55008,California
Los Angeles,2020-12-22,11614,66621,11221,66166,393,455,0,0,11613,66614,2,7,11613,66621,California
Los Angeles,2020-12-23,12027,78648,10246,76412,1781,2236,0,0,12028,78642,0,7,12028,78649,California
Los Angeles,2020-12-24,7072,85720,4278,80690,2794,5030,0,0,7073,85714,1,8,7073,85722,California
Los Angeles,2020-12-25,528,86248,421,81111,107,5137,0,0,529,86243,0,8,529,86251,California
Los Angeles,2020-12-26,2551,88799,2197,83308,354,5491,0,0,2550,88791,2,10,2550,88801,California
Los Angeles,2020-12-27,1785,90584,1045,84353,740,6231,0,0,1785,90576,0,10,1785,90586,California
Los Angeles,2020-12-28,10402,100986,6447,90800,3955,10186,0,0,10399,100974,1,11,10399,100985,California
Los Angeles,2020-12-29,11694,112680,6136,96936,5558,15744,0,0,11694,112667,1,12,11694,112679,California
Los Angeles,2020-12-30,14969,127649,8138,105074,6831,22575,0,0,14968,127635,0,12,14968,127647,California
Los Angeles,2020-12-31,8021,135670,2782,107856,5239,27814,0,0,8015,135645,5,17,8015,135662,California
Los Angeles,2021-01-01,1096,136766,324,108180,772,28586,0,0,1094,136737,2,19,1094,136756,California
Los Angeles,2021-01-02,4510,141276,1685,109865,2825,31411,0,0,4509,141246,0,19,4509,141265,California
Los Angeles,2021-01-03,973,142249,230,110095,743,32154,0,0,970,142213,3,22,970,142235,California
Los Angeles,2021-01-04,12825,155074,4917,115012,7908,40062,0,0,12810,155021,2,24,12810,155045,California
Los Angeles,2021-01-05,16160,171234,7141,122153,9019,49081,0,0,14208,167315,1923,1947,14217,169262,California
Los Angeles,2021-01-06,22825,194059,12137,134290,10688,59769,0,0,17125,178821,5629,7576,17135,186397,California
Los Angeles,2021-01-07,29849,223908,16141,150431,13708,73477,0,0,18950,186939,10848,18424,18966,205363,California
Los Angeles,2021-01-08,33581,257489,18270,168701,15311,88788,0,0,21071,195543,12479,30903,21083,226446,California
Los Angeles,2021-01-09,12567,270056,7212,175913,5355,94143,0,0,7612,198211,4952,35855,7620,234066,California
Los Angeles,2021-01-10,4732,274788,3660,179573,1072,95215,0,0,1985,197450,2747,38602,1986,236052,California
Los Angeles,2021-01-11,26000,300788,16344,195917,9656,104871,0,0,14996,201467,10990,49592,15007,251059,California
Los Angeles,2021-01-12,29504,330292,16261,212178,13243,118114,0,0,19281,210554,10207,59799,19294,270353,California
Los Angeles,2021-01-13,29668,359960,15907,228085,13761,131875,0,0,20637,222184,9014,68813,20644,290997,California
Los Angeles,2021-01-14,29467,389427,12759,240844,16708,148583,0,0,23893,240534,5556,74369,23906,314903,California
Los Angeles,2021-01-15,34136,423563,12440,253284,21696,170279,0,0,30522,267479,3587,77956,30532,345435,California
Los Angeles,2021-01-16,17756,441319,5012,258296,12744,183023,0,0,15956,281651,1791,79747,15963,361398,California
Los Angeles,2021-01-17,5284,446603,2358,260654,2926,185949,0,0,5023,286416,260,80007,5025,366423,California
Los Angeles,2021-01-18,15777,462380,10162,270816,5615,191564,0,0,11024,292704,4740,84747,11028,377451,California
Los Angeles,2021-01-19,38855,501235,20704,291520,18151,209715,0,0,30979,315866,7832,92579,30994,408445,California
Los Angeles,2021-01-20,47244,548479,24748,316268,22496,232211,0,0,39568,347806,7641,100220,39581,448026,California
Los Angeles,2021-01-21,49378,597857,22685,338953,26693,258904,0,0,45016,388551,4288,104508,45033,493059,California
Los Angeles,2021-01-22,48643,646500,22487,361440,26156,285060,0,0,45124,430223,3468,107976,45140,538199,California
Los Angeles,2021-01-23,34350,680850,15821,377261,18529,303589,0,0,32239,460399,2077,110053,32253,570452,California
Los Angeles,2021-01-24,15763,696613,12188,389449,3575,307164,0,0,15201,475051,552,110605,15204,585656,California
Los Angeles,2021-01-25,39798,736411,16771,406220,23027,330191,0,0,31078,497466,8679,119284,31094,616750,California
Los Angeles,2021-01-26,49910,786321,24733,430953,25177,355368,0,0,41538,530692,8333,127617,41559,658309,California
Los Angeles,2021-01-27,51170,837491,25920,456873,25250,380618,0,0,41655,563006,9368,136985,41682,699991,California
Los Angeles,2021-01-28,49250,886741,23513,480386,25737,406355,0,0,40654,595208,8468,145453,40670,740661,California
Los Angeles,2021-01-29,50020,936761,25691,506077,24329,430684,0,0,39751,625071,9905,155358,39768,780429,California
Los Angeles,2021-01-30,30376,967137,15537,521614,14839,445523,0,0,26020,646828,4269,159627,26026,806455,California
Los Angeles,2021-01-31,12881,980018,10090,531704,2791,448314,0,0,11949,657867,914,160541,11953,818408,California
Los Angeles,2021-02-01,38848,1018866,16403,548107,22445,470759,0,0,28079,675241,10717,171258,28091,846499,California
Los Angeles,2021-02-02,45106,1063972,18108,566215,26998,497757,0,0,32583,695361,12469,183727,32589,879088,California
Los Angeles,2021-02-03,52765,1116737,19732,585947,33033,530790,0,0,37655,718176,14852,198579,37667,916755,California
Los Angeles,2021-02-04,57749,1174486,20867,606814,36882,567672,0,0,39440,739671,17960,216539,39455,956210,California
Los Angeles,2021-02-05,62030,1236516,21259,628073,40771,608443,0,0,39748,757612,21822,238361,39763,995973,California
Los Angeles,2021-02-06,35828,1272344,13464,641537,22364,630807,0,0,27236,776359,8512,246873,27259,1023232,California
Los Angeles,2021-02-07,11017,1283361,8513,650050,2504,633311,0,0,8585,782540,2412,249285,8593,1031825,California
Los Angeles,2021-02-08,47364,1330725,21838,671888,25526,658837,0,0,30910,797148,16308,265593,30916,1062741,California
Los Angeles,2021-02-09,56290,1387015,24792,696680,31498,690335,0,0,28505,797974,27691,293284,28517,1091258,California
Los Angeles,2021-02-10,67664,1454679,29596,726276,38068,728403,0,0,30583,791905,36670,329954,30601,1121859,California
Los Angeles,2021-02-11,58885,1513564,31413,757689,27472,755875,0,0,28219,789966,30168,360122,28229,1150088,California
Los Angeles,2021-02-12,60590,1574154,30144,787833,30446,786321,0,0,26360,782514,33835,393957,26383,1176471,California
Los Angeles,2021-02-13,34227,1608381,19998,807831,14229,800550,0,0,15533,779516,18586,412543,15588,1192059,California
Los Angeles,2021-02-14,22047,1630428,15056,822887,6991,807541,0,0,8834,775214,13145,425688,8843,1200902,California
Los Angeles,2021-02-15,33277,1663705,16148,839035,17129,824670,0,0,18200,778435,14996,440684,18217,1219119,California
Los Angeles,2021-02-16,64809,1728514,32944,871979,31865,856535,0,0,29960,773688,34726,475410,29979,1249098,California
Los Angeles,2021-02-17,65597,1794111,35008,906987,30589,887124,0,0,26594,761518,38779,514189,26609,1275707,California
Los Angeles,2021-02-18,69356,1863467,35266,942253,34090,921214,0,0,28767,749990,40317,554506,28789,1304496,California
Los Angeles,2021-02-19,59368,1922835,36577,978830,22791,944005,0,0,28886,748618,30278,584784,28906,1333402,California
Los Angeles,2021-02-20,33497,1956332,24404,1003234,9093,953098,0,0,16082,747418,17322,602106,16122,1349524,California
Los Angeles,2021-02-21,22567,1978899,20839,1024073,1728,954826,0,0,11317,747583,11161,613267,11326,1360850,California
Los Angeles,2021-02-22,35533,2014432,25883,1049956,9650,964476,0,0,18206,748613,17213,630480,18243,1379093,California
Los Angeles,2021-02-23,55831,2070263,24071,1074027,31760,996236,0,0,21816,736576,33883,664363,21846,1400939,California
Los Angeles,2021-02-24,65462,2135725,29143,1103170,36319,1032555,0,0,28190,727733,37070,701433,28227,1429166,California
Los Angeles,2021-02-25,74592,2210317,34131,1137301,40461,1073016,0,0,38427,730223,35973,737406,38463,1467629,California
Los Angeles,2021-02-26,84235,2294552,38993,1176294,45242,1118258,0,0,47234,740759,36746,774152,47282,1514911,California
Los Angeles,2021-02-27,60693,2355245,26755,1203049,33929,1152187,9,9,30976,742240,29541,803693,31022,1545933,California
Los Angeles,2021-02-28,27075,2382320,18657,1221706,8415,1160602,3,12,18977,753257,7980,811673,18997,1564930,California
Los Angeles,2021-03-01,57635,2439955,32687,1254393,24906,1185508,42,54,34580,765079,22835,834508,34657,1599587,California
Los Angeles,2021-03-02,78435,2518390,38045,1292438,40382,1225890,8,62,49459,785781,28801,863309,49503,1649090,California
Los Angeles,2021-03-03,86365,2604755,44290,1336728,42056,1267946,19,81,54706,809085,31457,894766,54761,1703851,California
Los Angeles,2021-03-04,92130,2696885,47199,1383927,44914,1312860,17,98,58271,833763,33650,928416,58328,1762179,California
Los Angeles,2021-03-05,90842,2787727,44809,1428736,45999,1358859,34,132,60683,864613,29937,958353,60787,1822966,California
Los Angeles,2021-03-06,67631,2855358,34504,1463240,31296,1390155,1831,1963,43559,886099,23918,982271,45404,1868370,California
Los Angeles,2021-03-07,27411,2882769,20869,1484109,5702,1395857,840,2803,21194,901959,6180,988451,22040,1890410,California
Los Angeles,2021-03-08,54613,2937382,29547,1513656,23095,1418952,1971,4774,41272,931996,13215,1001666,43252,1933662,California
Los Angeles,2021-03-09,82154,3019536,39161,1552817,39702,1458654,3291,8065,52239,957775,29750,1031416,55529,1989191,California
Los Angeles,2021-03-10,83624,3103160,41192,1594009,37533,1496187,4899,12964,52897,985010,30523,1061939,57758,2046949,California
Los Angeles,2021-03-11,93763,3196923,46111,1640120,40912,1537099,6740,19704,54891,1007947,38653,1100592,61590,2108539,California
Los Angeles,2021-03-12,99838,3296761,45258,1685378,40644,1577743,13936,33640,58247,1038707,41354,1141946,72114,2180653,California
Los Angeles,2021-03-13,76015,3372776,35897,1721275,28122,1605865,11996,45636,45299,1065364,30586,1172532,57243,2237896,California
Los Angeles,2021-03-14,39249,3412025,26376,1747651,10315,1616180,2558,48194,23969,1076677,15198,1187730,26511,2264407,California
Los Angeles,2021-03-15,75691,3487716,37203,1784854,33022,1649202,5466,53660,45735,1098112,29733,1217463,51168,2315575,California
Los Angeles,2021-03-16,100568,3588284,44253,1829107,50431,1699633,5884,59544,65079,1133777,35250,1252713,70915,2386490,California
Los Angeles,2021-03-17,98204,3686488,44924,1874031,44954,1744587,8326,67870,65851,1175677,32119,1284832,74019,2460509,California
Los Angeles,2021-03-18,103692,3790180,49807,1923838,48298,1792885,5587,73457,65580,1209041,37785,1322617,71149,2531658,California
Los Angeles,2021-03-19,109960,3900140,57558,1981396,47609,1840494,4793,78250,67714,1239549,41943,1364560,72451,2604109,California
Los Angeles,2021-03-20,76710,3976850,37910,2019306,34196,1874690,4604,82854,51989,1271606,24518,1389078,56575,2660684,California
Los Angeles,2021-03-21,34942,4011792,26029,2045335,8006,1882696,907,83761,22345,1282391,12465,1401543,23250,2683934,California
Los Angeles,2021-03-22,71454,4083246,42119,2087454,27159,1909855,2176,85937,50068,1313536,21095,1422638,52240,2736174,California
Los Angeles,2021-03-23,97147,4180393,52778,2140232,41123,1950978,3246,89183,58599,1337108,38260,1460898,61832,2798006,California
Los Angeles,2021-03-24,105571,4285964,56152,2196384,46248,1997226,3171,92354,60555,1356154,44665,1505563,63711,2861717,California
Los Angeles,2021-03-25,111430,4397394,59894,2256278,47627,2044853,3909,96263,62286,1373517,48809,1554372,66172,2927889,California
Los Angeles,2021-03-26,115831,4513225,63519,2319797,48067,2092920,4245,100508,63731,1389675,51783,1606155,67941,2995830,California
Los Angeles,2021-03-27,83817,4597042,44136,2363933,37541,2130461,2140,102648,42663,1393615,40864,1647019,44804,3040634,California
Los Angeles,2021-03-28,42308,4639350,28706,2392639,13017,2143478,585,103233,20068,1392167,22103,1669122,20655,3061289,California
Los Angeles,2021-03-29,83488,4722838,47052,2439691,34653,2178131,1783,105016,46154,1403009,37091,1706213,47933,3109222,California
Los Angeles,2021-03-30,109625,4832463,52482,2492173,51200,2229331,5943,110959,56962,1413478,52397,1758610,62866,3172088,California
Los Angeles,2021-03-31,123243,4955706,62357,2554530,52038,2281369,8848,119807,68408,1436177,54495,1813105,77194,3249282,California
Los Angeles,2021-04-01,134203,5089909,62973,2617503,55759,2337128,15471,135278,71615,1460972,62192,1875297,86987,3336269,California
Los Angeles,2021-04-02,133174,5223083,59627,2677130,57959,2395087,15588,150866,70452,1484602,62355,1937652,85985,3422254,California
Los Angeles,2021-04-03,98949,5322032,45355,2722485,39922,2435009,13672,164538,48700,1496854,50040,1987692,62292,3484546,California
Los Angeles,2021-04-04,39328,5361360,20602,2743087,12077,2447086,6649,171187,16381,1496992,22848,2010540,22986,3507532,California
Los Angeles,2021-04-05,94466,5455826,44770,2787857,39361,2486447,10335,181522,44446,1501909,49788,2060328,54705,3562237,California
Los Angeles,2021-04-06,121870,5577696,57507,2845364,43983,2530430,20380,201902,55734,1512028,65859,2126187,75978,3638215,California
Los Angeles,2021-04-07,121347,5699043,55292,2900656,44785,2575215,21270,223172,54557,1521212,66500,2192687,75684,3713899,California
Los Angeles,2021-04-08,133913,5832956,59016,2959672,50642,2625857,24255,247427,60088,1531903,73469,2266156,84160,3798059,California
Los Angeles,2021-04-09,132818,5965774,57680,3017352,50993,2676850,24145,271572,56715,1536827,75751,2341907,80675,3878734,California
Los Angeles,2021-04-10,102186,6067960,43188,3060540,34757,2711607,24241,295813,37407,1533812,64517,2406424,61502,3940236,California
Los Angeles,2021-04-11,41986,6109946,22698,3083238,9884,2721491,9404,305217,14443,1530148,27447,2433871,23783,3964019,California
Los Angeles,2021-04-12,79813,6189759,39007,3122245,34318,2755809,6488,311705,32593,1522179,46982,2480853,39013,4003032,California
Los Angeles,2021-04-13,118612,6308371,59818,3182063,58359,2814168,435,312140,62682,1529657,55648,2536501,63126,4066158,California
Los Angeles,2021-04-14,120415,6428786,60280,3242343,60001,2874169,134,312274,65203,1540091,54903,2591404,65337,4131495,California
Los Angeles,2021-04-15,131762,6560548,71268,3313611,60296,2934465,198,312472,75305,1559337,56128,2647532,75374,4206869,California
Los Angeles,2021-04-16,131943,6692491,69705,3383316,62092,2996557,146,312618,69490,1566828,62083,2709615,69574,4276443,California
Los Angeles,2021-04-17,99734,6792225,52205,3435521,47498,3044055,31,312649,57089,1581556,42387,2752002,57115,4333558,California
Los Angeles,2021-04-18,35794,6828019,24172,3459693,11621,3055676,1,312650,19586,1585043,16108,2768110,19595,4353153,California
Los Angeles,2021-04-19,77419,6905438,40585,3500278,36817,3092493,17,312667,34751,1577383,42440,2810550,34780,4387933,California
Los Angeles,2021-04-20,105916,7011354,52530,3552808,53356,3145849,30,312697,52372,1576538,53254,2863804,52409,4440342,California
Los Angeles,2021-04-21,114900,7126254,56321,3609129,58388,3204237,191,312888,50994,1564223,63508,2927312,51193,4491535,California
Los Angeles,2021-04-22,118768,7245022,61759,3670888,56976,3261213,33,312921,52370,1550605,66034,2993346,52416,4543951,California
Los Angeles,2021-04-23,118311,7363333,65048,3735936,53241,3314454,22,312943,56435,1545542,61529,3054875,56466,4600417,California
Los Angeles,2021-04-24,90448,7453781,57477,3793413,32929,3347383,42,312985,50468,1556339,39726,3094601,50523,4650940,California
Los Angeles,2021-04-25,38008,7491789,25175,3818588,12827,3360210,6,312991,20451,1559369,17427,3112028,20457,4671397,California
Los Angeles,2021-04-26,79115,7570904,41264,3859852,37340,3397550,511,313502,39015,1559039,39855,3151883,39525,4710922,California
Los Angeles,2021-04-27,95458,7666362,45989,3905841,47468,3445018,2001,315503,37030,1539941,58119,3210002,39021,4749943,California
Los Angeles,2021-04-28,87983,7754345,42675,3948516,43205,3488223,2103,317606,34832,1524095,52775,3262777,36929,4786872,California
Los Angeles,2021-04-29,94583,7848928,47349,3995865,45019,3533242,2215,319821,34276,1500696,59884,3322661,36485,4823357,California
Los Angeles,2021-04-30,102530,7951458,50828,4046693,49244,3582486,2458,322279,37737,1476559,64317,3386978,40180,4863537,California
Los Angeles,2021-05-01,75818,8027276,42397,4089090,31867,3614353,1554,323833,28560,1459754,46915,3433893,30110,4893647,California
Los Angeles,2021-05-02,28078,8055354,18031,4107121,9307,3623660,740,324573,10176,1452893,17775,3451668,10914,4904561,California
Los Angeles,2021-05-03,62579,8117933,30395,4137516,29948,3653608,2236,326809,22753,1438321,39543,3491211,24971,4929532,California
Los Angeles,2021-05-04,88616,8206549,49404,4186920,36914,3690522,2298,329107,27668,1407649,60623,3551834,29951,4959483,California
Los Angeles,2021-05-05,91576,8298125,53623,4240543,35554,3726076,2399,331506,25423,1369683,65776,3617610,27810,4987293,California
Los Angeles,2021-05-06,98634,8396759,59664,4300207,36452,3762528,2518,334024,23614,1321183,74617,3692227,26117,5013410,California
Los Angeles,2021-05-07,98435,8495194,58292,4358499,37763,3800291,2380,336404,27156,1279803,70893,3763120,29513,5042923,California
Los Angeles,2021-05-08,66958,8562152,43954,4402453,21227,3821518,1777,338181,18618,1252196,47993,3811113,20386,5063309,California
Los Angeles,2021-05-09,24471,8586623,18801,4421254,4930,3826448,740,338921,6163,1240888,18203,3829316,6895,5070204,California
Los Angeles,2021-05-10,50770,8637393,26924,4448178,21937,3848385,1909,340830,15553,1223376,34969,3864285,17457,5087661,California
Los Angeles,2021-05-11,71510,8708903,39003,4487181,30355,3878740,2152,342982,18751,1191781,52480,3916765,20885,5108546,California
Los Angeles,2021-05-12,72642,8781545,39799,4526980,30524,3909264,2319,345301,20442,1162641,51875,3968640,22735,5131281,California
Los Angeles,2021-05-13,78433,8859978,47299,4574279,29401,3938665,1733,347034,27981,1142299,50044,4018684,29702,5160983,California
Los Angeles,2021-05-14,89802,8949780,57194,4631473,30728,3969393,1880,348914,33910,1122550,55528,4074212,35779,5196762,California
Los Angeles,2021-05-15,76556,9026336,53593,4685066,21410,3990803,1553,350467,29793,1107425,46458,4120670,31333,5228095,California
Los Angeles,2021-05-16,31014,9057350,24588,4709654,5810,3996613,616,351083,12322,1101769,18589,4139259,12933,5241028,California
Los Angeles,2021-05-17,62055,9119405,40208,4749862,20066,4016679,1781,352864,24929,1091582,36874,4176133,26687,5267715,California
Los Angeles,2021-05-18,65306,9184711,38679,4788541,24792,4041471,1835,354699,25704,1079762,39325,4215458,27505,5295220,California
Los Angeles,2021-05-19,67582,9252293,40742,4829283,24996,4066467,1844,356543,28779,1071842,38526,4253984,30606,5325826,California
Los Angeles,2021-05-20,66615,9318908,37316,4866599,27219,4093686,2080,358623,25197,1058082,41029,4295013,27269,5353095,California
Los Angeles,2021-05-21,70135,9389043,42541,4909140,25518,4119204,2076,360699,27177,1044762,42562,4337575,29242,5382337,California
Los Angeles,2021-05-22,57337,9446380,37337,4946477,18345,4137549,1655,362354,23286,1035879,33812,4371387,24929,5407266,California
Los Angeles,2021-05-23,24260,9470640,16911,4963388,6506,4144055,843,363197,10706,1034001,13423,4384810,11545,5418811,California
Los Angeles,2021-05-24,49059,9519699,27115,4990503,20084,4164139,1860,365057,18575,1024173,30245,4415055,20417,5439228,California
Los Angeles,2021-05-25,49834,9569533,28836,5019339,19223,4183362,1775,366832,19162,1014691,30413,4445468,20931,5460159,California
Los Angeles,2021-05-26,47203,9616736,26690,5046029,18670,4202032,1843,368675,19724,1009083,27056,4472524,21448,5481607,California
Los Angeles,2021-05-27,45508,9662244,25449,5071478,18225,4220257,1834,370509,18798,1003235,26463,4498987,20615,5502222,California
Los Angeles,2021-05-28,52364,9714608,29657,5101135,20811,4241068,1896,372405,23253,999579,28793,4527780,25137,5527359,California
Los Angeles,2021-05-29,30512,9745120,17637,5118772,11830,4252898,1045,373450,14160,998611,16161,4543941,15193,5542552,California
Los Angeles,2021-05-30,12494,9757614,8194,5126966,3567,4256465,733,374183,5788,998475,6651,4550592,6515,5549067,California
Los Angeles,2021-05-31,6048,9763662,3739,5130705,2003,4258468,306,374489,1728,996246,4260,4554852,2031,5551098,California
Los Angeles,2021-06-01,46290,9809952,25930,5156635,18787,4277255,1573,376062,16991,985829,28955,4583807,18538,5569636,California
Los Angeles,2021-06-02,38579,9848531,22292,5178927,14833,4292088,1454,377516,15081,979122,23215,4607022,16508,5586144,California
Los Angeles,2021-06-03,42814,9891345,28347,5207274,12906,4304994,1561,379077,14693,967527,27833,4634855,16238,5602382,California
Los Angeles,2021-06-04,52400,9943745,35420,5242694,15303,4320297,1677,380754,16563,950268,35476,4670331,18217,5620599,California
Los Angeles,2021-06-05,42542,9986287,30489,5273183,10671,4330968,1382,382136,12321,933922,30035,4700366,13689,5634288,California
Los Angeles,2021-06-06,14709,10000996,12141,5285324,1830,4332798,738,382874,3913,927842,10725,4711091,4645,5638933,California
Los Angeles,2021-06-07,36926,10037922,26369,5311693,9108,4341906,1449,384323,11730,916010,24995,4736086,13163,5652096,California
Los Angeles,2021-06-08,38375,10076297,26445,5338138,10342,4352248,1588,385911,12767,905046,25305,4761391,14341,5666437,California
Los Angeles,2021-06-09,39795,10116092,28102,5366240,10173,4362421,1520,387431,11679,890365,27854,4789245,13173,5679610,California
Los Angeles,2021-06-10,36597,10152689,25344,5391584,9647,4372068,1606,389037,11523,878637,24840,4814085,13112,5692722,California
Los Angeles,2021-06-11,41171,10193860,28201,5419785,11306,4383374,1664,390701,13453,866321,27418,4841503,15102,5707824,California
Los Angeles,2021-06-12,33399,10227259,24057,5443842,8122,4391496,1220,391921,10325,854949,22906,4864409,11534,5719358,California
Los Angeles,2021-06-13,11521,10238780,8251,5452093,2631,4394127,639,392560,2637,849399,8819,4873228,3269,5722627,California
Los Angeles,2021-06-14,32513,10271293,23368,5475461,7772,4401899,1373,393933,11365,841165,20955,4894183,12721,5735348,California
Los Angeles,2021-06-15,33880,10305173,22751,5498212,9426,4411325,1703,395636,11810,832938,21713,4915896,13486,5748834,California
Los Angeles,2021-06-16,32258,10337431,22303,5520515,8218,4419543,1737,397373,11328,825296,20701,4936597,13059,5761893,California
Los Angeles,2021-06-17,29595,10367026,19829,5540344,8037,4427580,1729,399102,10829,819333,18506,4955103,12543,5774436,California
Los Angeles,2021-06-18,35217,10402243,24224,5564568,9048,4436628,1945,401047,12463,811337,22384,4977487,14388,5788824,California
Los Angeles,2021-06-19,22296,10424539,15004,5579572,5926,4442554,1366,402413,8584,807840,13428,4990915,9931,5798755,California
Los Angeles,2021-06-20,8441,10432980,5943,5585515,2008,4444562,490,402903,3061,806081,5306,4996221,3547,5802302,California
Los Angeles,2021-06-21,19077,10452057,11723,5597238,5982,4450544,1372,404275,10244,808967,8716,5004937,11602,5813904,California
Los Angeles,2021-06-22,26163,10478220,17666,5614904,6989,4457533,1508,405783,10142,804770,15842,5020779,11645,5825549,California
Los Angeles,2021-06-23,24858,10503078,17103,5632007,6367,4463900,1388,407171,9993,801444,14691,5035470,11365,5836914,California
Los Angeles,2021-06-24,24622,10527700,16948,5648955,6074,4469974,1600,408771,9518,797629,14894,5050364,11079,5847993,California
Los Angeles,2021-06-25,29087,10556787,20278,5669233,7213,4477187,1596,410367,11872,794067,17010,5067374,13448,5861441,California
Los Angeles,2021-06-26,19841,10576628,14465,5683698,4372,4481559,1004,411371,8257,791838,11474,5078848,9245,5870686,California
Los Angeles,2021-06-27,8573,10585201,6236,5689934,1906,4483465,431,411802,3640,791030,4869,5083717,4061,5874747,California
Los Angeles,2021-06-28,18913,10604114,14699,5704633,3264,4486729,950,412752,8454,790085,10342,5094059,9397,5884144,California
Los Angeles,2021-06-29,15820,10619934,11043,5715676,4121,4490850,656,413408,6452,787926,9261,5103320,7102,5891246,California
Madera,2020-12-16,22,22,22,22,0,0,0,0,22,22,0,0,22,22,California
Madera,2020-12-17,12,34,12,34,0,0,0,0,12,34,0,0,12,34,California
Madera,2020-12-18,61,95,61,95,0,0,0,0,61,95,0,0,61,95,California
Madera,2020-12-19,5,100,5,100,0,0,0,0,5,100,0,0,5,100,California
Madera,2020-12-20,14,114,14,114,0,0,0,0,14,114,0,0,14,114,California
Madera,2020-12-21,59,173,59,173,0,0,0,0,59,173,0,0,59,173,California
Madera,2020-12-22,97,270,95,268,2,2,0,0,97,270,0,0,97,270,California
Madera,2020-12-23,67,337,67,335,0,2,0,0,67,337,0,0,67,337,California
Madera,2020-12-24,45,382,40,375,5,7,0,0,45,382,0,0,45,382,California
Madera,2020-12-26,27,409,26,401,1,8,0,0,27,409,0,0,27,409,California
Madera,2020-12-27,30,439,12,413,18,26,0,0,30,439,0,0,30,439,California
Madera,2020-12-28,108,547,36,449,72,98,0,0,108,547,0,0,108,547,California
Madera,2020-12-29,176,723,38,487,138,236,0,0,176,723,0,0,176,723,California
Madera,2020-12-30,226,949,90,577,136,372,0,0,226,949,0,0,226,949,California
Madera,2020-12-31,203,1152,81,658,122,494,0,0,203,1152,0,0,203,1152,California
Madera,2021-01-01,2,1154,1,659,1,495,0,0,2,1154,0,0,2,1154,California
Madera,2021-01-02,89,1243,33,692,56,551,0,0,89,1243,0,0,89,1243,California
Madera,2021-01-03,4,1247,4,696,0,551,0,0,4,1247,0,0,4,1247,California
Madera,2021-01-04,130,1377,66,762,64,615,0,0,130,1377,0,0,130,1377,California
Madera,2021-01-05,280,1657,143,905,137,752,0,0,276,1649,4,4,276,1653,California
Madera,2021-01-06,184,1841,27,932,157,909,0,0,164,1793,20,24,164,1817,California
Madera,2021-01-07,402,2243,117,1049,285,1194,0,0,379,2150,23,47,380,2197,California
Madera,2021-01-08,421,2664,72,1121,349,1543,0,0,366,2463,54,101,367,2564,California
Madera,2021-01-09,38,2702,14,1135,24,1567,0,0,29,2483,9,110,29,2593,California
Madera,2021-01-10,17,2719,14,1149,3,1570,0,0,5,2476,12,122,5,2598,California
Madera,2021-01-11,238,2957,190,1339,48,1618,0,0,197,2632,41,163,197,2795,California
Madera,2021-01-12,388,3345,157,1496,231,1849,0,0,284,2812,104,267,284,3079,California
Madera,2021-01-13,184,3529,91,1587,93,1942,0,0,128,2885,56,323,129,3208,California
Madera,2021-01-14,557,4086,83,1670,474,2416,0,0,523,3374,34,357,523,3731,California
Madera,2021-01-15,599,4685,160,1830,439,2855,0,0,577,3929,22,379,577,4308,California
Madera,2021-01-16,383,5068,49,1879,334,3189,0,0,355,4256,28,407,355,4663,California
Madera,2021-01-17,334,5402,15,1894,319,3508,0,0,330,4582,4,411,330,4993,California
Madera,2021-01-18,77,5479,61,1955,16,3524,0,0,58,4622,18,429,58,5051,California
Madera,2021-01-19,568,6047,134,2089,434,3958,0,0,541,5137,27,456,542,5593,California
Madera,2021-01-20,340,6387,183,2272,157,4115,0,0,244,5286,95,551,244,5837,California
Madera,2021-01-21,293,6680,183,2455,110,4225,0,0,228,5451,63,614,228,6065,California
Madera,2021-01-22,259,6939,84,2539,175,4400,0,0,243,5678,16,630,243,6308,California
Madera,2021-01-23,101,7040,53,2592,48,4448,0,0,77,5731,24,654,77,6385,California
Madera,2021-01-24,101,7141,82,2674,19,4467,0,0,79,5788,22,676,79,6464,California
Madera,2021-01-25,270,7411,126,2800,144,4611,0,0,145,5808,125,801,145,6609,California
Madera,2021-01-26,493,7904,190,2990,303,4914,0,0,301,5919,191,992,302,6911,California
Madera,2021-01-27,747,8651,66,3056,681,5595,0,0,609,6392,138,1130,611,7522,California
Madera,2021-01-28,551,9202,111,3167,440,6035,0,0,445,6732,106,1236,446,7968,California
Madera,2021-01-29,472,9674,94,3261,378,6413,0,0,416,7092,56,1292,416,8384,California
Madera,2021-01-30,505,10179,16,3277,489,6902,0,0,451,7489,54,1346,451,8835,California
Madera,2021-01-31,8,10187,5,3282,3,6905,0,0,7,7495,1,1347,7,8842,California
Madera,2021-02-01,332,10519,147,3429,185,7090,0,0,207,7577,125,1472,207,9049,California
Madera,2021-02-02,253,10772,89,3518,164,7254,0,0,160,7646,92,1564,161,9210,California
Madera,2021-02-03,596,11368,460,3978,136,7390,0,0,477,8007,117,1681,478,9688,California
Madera,2021-02-04,398,11766,126,4104,272,7662,0,0,117,7845,280,1961,118,9806,California
Madera,2021-02-05,980,12746,299,4403,681,8343,0,0,371,7614,603,2564,372,10178,California
Madera,2021-02-06,364,13110,326,4729,38,8381,0,0,322,7895,41,2605,322,10500,California
Madera,2021-02-07,35,13145,7,4736,28,8409,0,0,30,7920,5,2610,30,10530,California
Madera,2021-02-08,384,13529,308,5044,76,8485,0,0,269,8075,114,2724,269,10799,California
Madera,2021-02-09,485,14014,118,5162,367,8852,0,0,199,7992,283,3007,200,10999,California
Madera,2021-02-10,435,14449,151,5313,284,9136,0,0,282,8123,151,3158,282,11281,California
Madera,2021-02-11,937,15386,307,5620,630,9766,0,0,403,7994,533,3691,404,11685,California
Madera,2021-02-12,849,16235,121,5741,728,10494,0,0,314,7782,529,4220,317,12002,California
Madera,2021-02-13,484,16719,45,5786,439,10933,0,0,136,7574,347,4567,139,12141,California
Madera,2021-02-14,401,17120,75,5861,326,11259,0,0,134,7443,267,4834,136,12277,California
Madera,2021-02-15,246,17366,100,5961,146,11405,0,0,175,7548,70,4904,175,12452,California
Madera,2021-02-16,779,18145,184,6145,595,12000,0,0,227,7226,550,5454,228,12680,California
Madera,2021-02-17,616,18761,276,6421,340,12340,0,0,342,7304,266,5720,344,13024,California
Madera,2021-02-18,1309,20070,546,6967,763,13103,0,0,1123,8244,184,5904,1124,14148,California
Madera,2021-02-19,871,20941,553,7520,318,13421,0,0,723,8822,146,6050,724,14872,California
Madera,2021-02-20,1077,22018,985,8505,92,13513,0,0,1001,9750,74,6124,1002,15874,California
Madera,2021-02-21,983,23001,840,9345,143,13656,0,0,976,10720,6,6130,976,16850,California
Madera,2021-02-22,941,23942,863,10208,78,13734,0,0,883,11547,56,6186,883,17733,California
Madera,2021-02-23,754,24696,466,10674,288,14022,0,0,525,11844,228,6414,525,18258,California
Madera,2021-02-24,913,25609,302,10976,611,14633,0,0,383,11698,529,6943,383,18641,California
Madera,2021-02-25,1036,26645,319,11295,717,15350,0,0,602,11868,432,7375,602,19243,California
Madera,2021-02-26,1097,27742,199,11494,898,16248,0,0,712,12197,383,7758,712,19955,California
Madera,2021-02-27,926,28668,295,11789,631,16879,0,0,495,12267,428,8186,498,20453,California
Madera,2021-02-28,194,28862,30,11819,164,17043,0,0,188,12449,6,8192,188,20641,California
Madera,2021-03-01,380,29242,120,11939,260,17303,0,0,195,12463,182,8374,196,20837,California
Madera,2021-03-02,742,29984,350,12289,392,17695,0,0,628,12981,112,8486,630,21467,California
Madera,2021-03-03,1359,31343,729,13018,630,18325,0,0,951,13553,405,8891,977,22444,California
Madera,2021-03-04,1204,32547,526,13544,678,19003,0,0,951,14253,254,9145,954,23398,California
Madera,2021-03-05,1363,33910,422,13966,928,19931,13,13,1080,15076,281,9426,1104,24502,California
Madera,2021-03-06,817,34727,636,14602,149,20080,32,45,498,15289,318,9744,531,25033,California
Madera,2021-03-07,156,34883,27,14629,107,20187,22,67,105,15365,51,9795,127,25160,California
Madera,2021-03-08,605,35488,337,14966,208,20395,60,127,310,15442,295,10090,372,25532,California
Madera,2021-03-09,598,36086,296,15262,268,20663,34,161,409,15706,187,10277,451,25983,California
Madera,2021-03-10,1193,37279,559,15821,554,21217,80,241,755,16109,433,10710,836,26819,California
Madera,2021-03-11,1685,38964,868,16689,489,21706,328,569,769,16310,908,11618,1109,27928,California
Madera,2021-03-12,1587,40551,824,17513,608,22314,155,724,801,16513,782,12400,985,28913,California
Madera,2021-03-13,1888,42439,1327,18840,362,22676,199,923,817,16481,1065,13465,1033,29946,California
Madera,2021-03-14,584,43023,449,19289,103,22779,32,955,288,16509,292,13757,320,30266,California
Madera,2021-03-15,742,43765,226,19515,470,23249,46,1001,511,16869,228,13985,588,30854,California
Madera,2021-03-16,932,44697,528,20043,357,23606,47,1048,741,17487,187,14172,805,31659,California
Madera,2021-03-17,1463,46160,980,21023,420,24026,63,1111,906,17999,548,14720,1060,32719,California
Madera,2021-03-18,1959,48119,689,21712,1205,25231,65,1176,971,18145,979,15699,1125,33844,California
Madera,2021-03-19,1587,49706,592,22304,913,26144,82,1258,1031,18785,552,16251,1192,35036,California
Madera,2021-03-20,1183,50889,777,23081,353,26497,53,1311,591,18903,591,16842,709,35745,California
Madera,2021-03-21,1101,51990,899,23980,157,26654,45,1356,372,18597,724,17566,418,36163,California
Madera,2021-03-22,1358,53348,853,24833,440,27094,65,1421,667,18688,688,18254,779,36942,California
Madera,2021-03-23,1432,54780,877,25710,464,27558,91,1512,680,18793,749,19003,854,37796,California
Madera,2021-03-24,950,55730,509,26219,410,27968,31,1543,615,19114,330,19333,651,38447,California
Madera,2021-03-25,1167,56897,527,26746,616,28584,24,1567,643,19281,513,19846,680,39127,California
Madera,2021-03-26,1521,58418,578,27324,810,29394,133,1700,712,19325,805,20651,849,39976,California
Madera,2021-03-27,928,59346,606,27930,297,29691,25,1725,415,19258,508,21159,441,40417,California
Madera,2021-03-28,435,59781,151,28081,224,29915,60,1785,202,19380,232,21391,354,40771,California
Madera,2021-03-29,683,60464,179,28260,475,30390,29,1814,489,19712,190,21581,522,41293,California
Madera,2021-03-30,1070,61534,605,28865,436,30826,29,1843,477,19630,589,22170,507,41800,California
Madera,2021-03-31,1400,62934,542,29407,720,31546,138,1981,424,19222,970,23140,562,42362,California
Madera,2021-04-01,1386,64320,627,30034,708,32254,51,2032,480,18856,895,24035,529,42891,California
Madera,2021-04-02,1608,65928,461,30495,1088,33342,59,2091,480,18279,1117,25152,540,43431,California
Madera,2021-04-03,961,66889,763,31258,178,33520,20,2111,392,18133,567,25719,421,43852,California
Madera,2021-04-04,187,67076,65,31323,120,33640,2,2113,86,18121,101,25820,89,43941,California
Madera,2021-04-05,736,67812,253,31576,424,34064,59,2172,338,18136,396,26216,411,44352,California
Madera,2021-04-06,1702,69514,886,32462,462,34526,354,2526,526,17842,1174,27390,880,45232,California
Madera,2021-04-07,1227,70741,382,32844,695,35221,150,2676,423,17619,801,28191,578,45810,California
Madera,2021-04-08,1729,72470,671,33515,799,36020,259,2935,556,17276,1164,29355,821,46631,California
Madera,2021-04-09,1653,74123,696,34211,808,36828,149,3084,947,17674,701,30056,1099,47730,California
Madera,2021-04-10,978,75101,686,34897,224,37052,68,3152,711,18186,268,30324,780,48510,California
Madera,2021-04-11,812,75913,657,35554,76,37128,79,3231,287,18029,521,30845,364,48874,California
Madera,2021-04-12,817,76730,295,35849,447,37575,75,3306,316,17920,501,31346,392,49266,California
Madera,2021-04-13,1250,77980,617,36466,591,38166,42,3348,727,18179,519,31865,778,50044,California
Madera,2021-04-14,1400,79380,868,37334,532,38698,0,3348,576,17939,822,32687,582,50626,California
Madera,2021-04-15,1170,80550,509,37843,660,39358,1,3349,422,17627,736,33423,424,51050,California
Madera,2021-04-16,1361,81911,546,38389,815,40173,0,3349,385,17052,962,34385,387,51437,California
Madera,2021-04-17,1295,83206,1091,39480,204,40377,0,3349,775,17309,518,34903,775,52212,California
Madera,2021-04-18,260,83466,220,39700,40,40417,0,3349,89,17232,166,35069,89,52301,California
Madera,2021-04-19,818,84284,245,39945,572,40989,1,3350,285,16990,527,35596,285,52586,California
Madera,2021-04-20,907,85191,456,40401,451,41440,0,3350,236,16561,667,36263,238,52824,California
Madera,2021-04-21,891,86082,483,40884,408,41848,0,3350,299,16271,591,36854,301,53125,California
Madera,2021-04-22,1101,87183,534,41418,567,42415,0,3350,379,15933,718,37572,380,53505,California
Madera,2021-04-23,971,88154,318,41736,653,43068,0,3350,340,15647,626,38198,340,53845,California
Madera,2021-04-24,708,88862,466,42202,242,43310,0,3350,247,15438,457,38655,248,54093,California
Madera,2021-04-25,264,89126,160,42362,101,43411,3,3353,117,15416,143,38798,121,54214,California
Madera,2021-04-26,563,89689,109,42471,448,43859,6,3359,133,15128,427,39225,139,54353,California
Madera,2021-04-27,628,90317,280,42751,323,44182,25,3384,316,15160,310,39535,342,54695,California
Madera,2021-04-28,508,90825,205,42956,284,44466,19,3403,247,15166,259,39794,265,54960,California
Madera,2021-04-29,554,91379,251,43207,276,44742,27,3430,259,15165,288,40082,287,55247,California
Madera,2021-04-30,945,92324,511,43718,418,45160,16,3446,276,14794,663,40745,292,55539,California
Madera,2021-05-01,968,93292,870,44588,85,45245,13,3459,389,14618,578,41323,402,55941,California
Madera,2021-05-02,400,93692,352,44940,43,45288,5,3464,145,14513,255,41578,150,56091,California
Madera,2021-05-03,499,94191,198,45138,261,45549,40,3504,101,14259,395,41973,141,56232,California
Madera,2021-05-04,910,95101,439,45577,427,45976,44,3548,216,13825,694,42667,260,56492,California
Madera,2021-05-05,1024,96125,490,46067,474,46450,60,3608,280,13423,742,43409,340,56832,California
Madera,2021-05-06,710,96835,260,46327,418,46868,32,3640,166,13082,539,43948,198,57030,California
Madera,2021-05-07,813,97648,283,46610,509,47377,21,3661,197,12689,610,44558,217,57247,California
Madera,2021-05-08,976,98624,762,47372,203,47580,11,3672,188,12101,787,45345,199,57446,California
Madera,2021-05-09,147,98771,21,47393,115,47695,11,3683,35,12037,110,45455,46,57492,California
Madera,2021-05-10,361,99132,75,47468,274,47969,12,3695,101,11891,259,45714,113,57605,California
Madera,2021-05-11,539,99671,186,47654,344,48313,9,3704,173,11709,364,46078,182,57787,California
Madera,2021-05-12,504,100175,228,47882,240,48553,36,3740,125,11493,377,46455,161,57948,California
Madera,2021-05-13,509,100684,310,48192,167,48720,32,3772,174,11367,332,46787,206,58154,California
Madera,2021-05-14,537,101221,270,48462,243,48963,24,3796,232,11321,302,47089,256,58410,California
Madera,2021-05-15,560,101781,476,48938,76,49039,8,3804,361,11494,196,47285,369,58779,California
Madera,2021-05-16,258,102039,190,49128,36,49075,32,3836,107,11482,151,47436,139,58918,California
Madera,2021-05-17,450,102489,188,49316,234,49309,28,3864,199,11461,248,47684,227,59145,California
Madera,2021-05-18,549,103038,366,49682,159,49468,24,3888,287,11514,258,47942,311,59456,California
Madera,2021-05-19,487,103525,224,49906,241,49709,22,3910,216,11483,269,48211,238,59694,California
Madera,2021-05-20,591,104116,270,50176,284,49993,37,3947,230,11396,354,48565,267,59961,California
Madera,2021-05-21,503,104619,193,50369,283,50276,27,3974,191,11307,307,48872,218,60179,California
Madera,2021-05-22,901,105520,815,51184,74,50350,12,3986,529,11477,371,49243,541,60720,California
Madera,2021-05-23,267,105787,240,51424,17,50367,10,3996,143,11507,123,49366,153,60873,California
Madera,2021-05-24,308,106095,140,51564,127,50494,41,4037,122,11485,185,49551,163,61036,California
Madera,2021-05-25,382,106477,169,51733,181,50675,32,4069,151,11439,229,49780,183,61219,California
Madera,2021-05-26,445,106922,259,51992,164,50839,22,4091,237,11492,206,49986,259,61478,California
Madera,2021-05-27,374,107296,136,52128,200,51039,38,4129,128,11416,242,50228,166,61644,California
Madera,2021-05-28,447,107743,171,52299,248,51287,28,4157,172,11343,273,50501,200,61844,California
Madera,2021-05-29,308,108051,217,52516,73,51360,18,4175,167,11387,141,50642,185,62029,California
Madera,2021-05-30,61,108112,26,52542,31,51391,4,4179,28,11387,32,50674,32,62061,California
Madera,2021-05-31,26,108138,9,52551,13,51404,4,4183,11,11387,15,50689,15,62076,California
Madera,2021-06-01,288,108426,143,52694,122,51526,23,4206,106,11336,180,50869,129,62205,California
Madera,2021-06-02,396,108822,126,52820,247,51773,23,4229,117,11198,278,51147,140,62345,California
Madera,2021-06-03,281,109103,149,52969,117,51890,15,4244,90,11112,191,51338,105,62450,California
Madera,2021-06-04,376,109479,241,53210,124,52014,11,4255,148,11044,227,51565,159,62609,California
Madera,2021-06-05,515,109994,390,53600,112,52126,13,4268,151,10850,358,51923,164,62773,California
Madera,2021-06-06,135,110129,115,53715,13,52139,7,4275,38,10798,97,52020,45,62818,California
Madera,2021-06-07,249,110378,154,53869,74,52213,21,4296,44,10659,204,52224,65,62883,California
Madera,2021-06-08,388,110766,272,54141,95,52308,21,4317,96,10484,292,52516,117,63000,California
Madera,2021-06-09,372,111138,236,54377,110,52418,26,4343,143,10425,228,52744,169,63169,California
Madera,2021-06-10,339,111477,196,54573,127,52545,16,4359,116,10336,221,52965,132,63301,California
Madera,2021-06-11,377,111854,218,54791,127,52672,32,4391,169,10328,207,53172,199,63500,California
Madera,2021-06-12,570,112424,501,55292,54,52726,15,4406,91,9955,479,53651,106,63606,California
Madera,2021-06-13,194,112618,160,55452,29,52755,5,4411,54,9875,139,53790,59,63665,California
Madera,2021-06-14,227,112845,163,55615,41,52796,23,4434,89,9852,135,53925,112,63777,California
Madera,2021-06-15,360,113205,249,55864,78,52874,33,4467,156,9838,203,54128,189,63966,California
Madera,2021-06-16,327,113532,251,56115,62,52936,14,4481,119,9767,204,54332,133,64099,California
Madera,2021-06-17,264,113796,131,56246,124,53060,9,4490,98,9709,165,54497,107,64206,California
Madera,2021-06-18,274,114070,174,56420,76,53136,24,4514,116,9691,157,54654,139,64345,California
Madera,2021-06-19,246,114316,199,56619,39,53175,8,4522,80,9613,166,54820,88,64433,California
Madera,2021-06-20,55,114371,45,56664,3,53178,7,4529,27,9619,28,54848,34,64467,California
Madera,2021-06-21,166,114537,81,56745,60,53238,25,4554,74,9627,91,54939,99,64566,California
Madera,2021-06-22,236,114773,159,56904,58,53296,19,4573,116,9644,118,55057,135,64701,California
Madera,2021-06-23,264,115037,189,57093,65,53361,10,4583,140,9670,124,55181,150,64851,California
Madera,2021-06-24,206,115243,100,57193,84,53445,22,4605,77,9641,128,55309,99,64950,California
Madera,2021-06-25,260,115503,168,57361,68,53513,24,4629,100,9608,157,55466,124,65074,California
Madera,2021-06-26,181,115684,135,57496,34,53547,12,4641,75,9589,106,55572,87,65161,California
Madera,2021-06-27,111,115795,85,57581,22,53569,4,4645,57,9596,54,55626,61,65222,California
Madera,2021-06-28,155,115950,95,57676,41,53610,19,4664,82,9625,72,55698,101,65323,California
Madera,2021-06-29,143,116093,101,57777,26,53636,16,4680,69,9638,72,55770,85,65408,California
Marin,2020-12-15,2,2,2,2,0,0,0,0,2,2,0,0,2,2,California
Marin,2020-12-16,108,110,108,110,0,0,0,0,108,110,0,0,108,110,California
Marin,2020-12-17,274,384,274,384,0,0,0,0,274,384,0,0,274,384,California
Marin,2020-12-18,391,775,391,775,0,0,0,0,391,775,0,0,391,775,California
Marin,2020-12-19,349,1124,348,1123,1,1,0,0,349,1124,0,0,349,1124,California
Marin,2020-12-20,167,1291,166,1289,1,2,0,0,167,1291,0,0,167,1291,California
Marin,2020-12-21,237,1528,234,1523,3,5,0,0,237,1528,0,0,237,1528,California
Marin,2020-12-22,522,2050,318,1841,204,209,0,0,522,2050,0,0,522,2050,California
Marin,2020-12-23,731,2781,316,2157,415,624,0,0,731,2781,0,0,731,2781,California
Marin,2020-12-24,359,3140,160,2317,199,823,0,0,359,3140,0,0,359,3140,California
Marin,2020-12-25,27,3167,0,2317,27,850,0,0,27,3167,0,0,27,3167,California
Marin,2020-12-26,144,3311,95,2412,49,899,0,0,144,3311,0,0,144,3311,California
Marin,2020-12-27,91,3402,54,2466,37,936,0,0,91,3402,0,0,91,3402,California
Marin,2020-12-28,407,3809,99,2565,308,1244,0,0,407,3809,0,0,407,3809,California
Marin,2020-12-29,399,4208,88,2653,311,1555,0,0,399,4208,0,0,399,4208,California
Marin,2020-12-30,630,4838,390,3043,240,1795,0,0,630,4838,0,0,630,4838,California
Marin,2020-12-31,201,5039,35,3078,166,1961,0,0,200,5037,1,1,200,5038,California
Marin,2021-01-01,31,5070,14,3092,17,1978,0,0,31,5068,0,1,31,5069,California
Marin,2021-01-02,115,5185,109,3201,6,1984,0,0,115,5183,0,1,115,5184,California
Marin,2021-01-03,49,5234,31,3232,18,2002,0,0,45,5228,0,1,45,5229,California
Marin,2021-01-04,299,5533,194,3426,105,2107,0,0,298,5525,1,2,298,5527,California
Marin,2021-01-05,371,5904,223,3649,148,2255,0,0,328,5810,43,45,328,5855,California
Marin,2021-01-06,821,6725,320,3969,501,2756,0,0,639,6267,182,227,639,6494,California
Marin,2021-01-07,889,7614,502,4471,387,3143,0,0,529,6437,360,587,530,7024,California
Marin,2021-01-08,975,8589,517,4988,458,3601,0,0,584,6631,390,977,584,7608,California
Marin,2021-01-09,617,9206,222,5210,395,3996,0,0,487,6988,130,1107,487,8095,California
Marin,2021-01-10,131,9337,102,5312,29,4025,0,0,57,6971,74,1181,57,8152,California
Marin,2021-01-11,473,9810,329,5641,144,4169,0,0,251,7002,222,1403,253,8405,California
Marin,2021-01-12,938,10748,544,6185,394,4563,0,0,568,7204,366,1769,568,8973,California
Marin,2021-01-13,1171,11919,496,6681,675,5238,0,0,936,7905,235,2004,936,9909,California
Marin,2021-01-14,1077,12996,324,7005,753,5991,0,0,925,8680,150,2154,925,10834,California
Marin,2021-01-15,1167,14163,357,7362,810,6801,0,0,1035,9586,131,2285,1037,11871,California
Marin,2021-01-16,1126,15289,916,8278,210,7011,0,0,1050,10560,76,2361,1050,12921,California
Marin,2021-01-17,1226,16515,1108,9386,118,7129,0,0,1197,11732,28,2389,1200,14121,California
Marin,2021-01-18,365,16880,160,9546,205,7334,0,0,315,11997,50,2439,315,14436,California
Marin,2021-01-19,1153,18033,911,10457,242,7576,0,0,982,12809,170,2609,982,15418,California
Marin,2021-01-20,1805,19838,1218,11675,587,8163,0,0,1068,13153,725,3334,1069,16487,California
Marin,2021-01-21,1701,21539,1069,12744,632,8795,0,0,1342,14141,356,3690,1344,17831,California
Marin,2021-01-22,1718,23257,1097,13841,621,9416,0,0,1543,15510,175,3865,1544,19375,California
Marin,2021-01-23,1857,25114,1349,15190,508,9924,0,0,1767,17188,89,3954,1767,21142,California
Marin,2021-01-24,619,25733,166,15356,453,10377,0,0,585,17739,34,3988,585,21727,California
Marin,2021-01-25,1133,26866,234,15590,899,11276,0,0,694,17995,439,4427,695,22422,California
Marin,2021-01-26,1522,28388,784,16374,738,12014,0,0,1141,18756,380,4807,1141,23563,California
Marin,2021-01-27,1732,30120,893,17267,839,12853,0,0,1361,19749,369,5176,1362,24925,California
Marin,2021-01-28,2093,32213,1075,18342,1018,13871,0,0,1826,21310,266,5442,1827,26752,California
Marin,2021-01-29,2215,34428,1440,19782,775,14646,0,0,2017,23143,185,5627,2018,28770,California
Marin,2021-01-30,1719,36147,906,20688,813,15459,0,0,1640,24704,79,5706,1640,30410,California
Marin,2021-01-31,457,36604,320,21008,137,15596,0,0,430,25107,27,5733,430,30840,California
Marin,2021-02-01,1102,37706,417,21425,685,16281,0,0,901,25809,200,5933,902,31742,California
Marin,2021-02-02,1433,39139,500,21925,933,17214,0,0,765,25919,655,6588,765,32507,California
Marin,2021-02-03,1786,40925,426,22351,1360,18574,0,0,1276,26686,509,7097,1276,33783,California
Marin,2021-02-04,1537,42462,506,22857,1031,19605,0,0,928,27009,605,7702,928,34711,California
Marin,2021-02-05,2184,44646,677,23534,1507,21112,0,0,1341,27511,839,8541,1341,36052,California
Marin,2021-02-06,1427,46073,848,24382,579,21691,0,0,601,27289,823,9364,601,36653,California
Marin,2021-02-07,1294,47367,1009,25391,285,21976,0,0,496,26988,797,10161,496,37149,California
Marin,2021-02-08,1534,48901,759,26150,775,22751,0,0,733,26923,798,10959,733,37882,California
Marin,2021-02-09,1792,50693,1129,27279,663,23414,0,0,845,26821,947,11906,845,38727,California
Marin,2021-02-10,2357,53050,1503,28782,854,24268,0,0,1223,26913,1132,13038,1224,39951,California
Marin,2021-02-11,2889,55939,1656,30438,1233,25501,0,0,1459,26950,1425,14463,1462,41413,California
Marin,2021-02-12,3089,59028,1550,31988,1539,27040,0,0,1568,27001,1518,15981,1569,42982,California
Marin,2021-02-13,2345,61373,1247,33235,1098,28138,0,0,1126,26910,1217,17198,1126,44108,California
Marin,2021-02-14,824,62197,310,33545,514,28652,0,0,728,27543,96,17294,729,44837,California
Marin,2021-02-15,1229,63426,359,33904,870,29522,0,0,844,28004,384,17678,845,45682,California
Marin,2021-02-16,2485,65911,1066,34970,1419,30941,0,0,1513,28546,971,18649,1513,47195,California
Marin,2021-02-17,2120,68031,951,35921,1169,32110,0,0,1100,28630,1017,19666,1101,48296,California
Marin,2021-02-18,2451,70482,1603,37524,848,32958,0,0,1067,28326,1371,21037,1067,49363,California
Marin,2021-02-19,2807,73289,2191,39715,616,33574,0,0,1243,28022,1548,22585,1244,50607,California
Marin,2021-02-20,2652,75941,2176,41891,476,34050,0,0,1253,27890,1387,23972,1255,51862,California
Marin,2021-02-21,1346,77287,1145,43036,201,34251,0,0,951,28452,389,24361,951,52813,California
Marin,2021-02-22,1882,79169,1444,44480,438,34689,0,0,1243,29059,636,24997,1243,54056,California
Marin,2021-02-23,2923,82092,1686,46166,1237,35926,0,0,1955,30061,954,25951,1956,56012,California
Marin,2021-02-24,3547,85639,1634,47800,1913,37839,0,0,2267,31059,1270,27221,2268,58280,California
Marin,2021-02-25,4101,89740,1938,49738,2163,40002,0,0,2897,32763,1195,28416,2899,61179,California
Marin,2021-02-26,3684,93424,2007,51745,1677,41679,0,0,2654,34400,1018,29434,2655,63834,California
Marin,2021-02-27,2745,96169,1617,53362,1128,42807,0,0,1900,35462,840,30274,1902,65736,California
Marin,2021-02-28,1648,97817,929,54291,719,43526,0,0,1295,36408,349,30623,1295,67031,California
Marin,2021-03-01,2700,100517,1675,55966,1024,44550,1,1,1821,37360,870,31493,1822,68853,California
Marin,2021-03-02,2536,103053,1690,57656,845,45395,1,2,1735,38300,797,32290,1737,70590,California
Marin,2021-03-03,4353,107406,2426,60082,1923,47318,4,6,2817,39591,1530,33820,2821,73411,California
Marin,2021-03-04,3407,110813,1674,61756,1732,49050,1,7,2382,40960,1018,34838,2387,75798,California
Marin,2021-03-05,3087,113900,1179,62935,1895,50945,13,20,1807,41505,1275,36113,1820,77618,California
Marin,2021-03-06,3238,117138,2320,65255,840,51785,78,98,2660,43671,572,36685,2738,80356,California
Marin,2021-03-07,1398,118536,1174,66429,200,51985,24,122,1000,44302,393,37078,1024,81380,California
Marin,2021-03-08,1904,120440,1392,67821,395,52380,117,239,1427,45373,473,37551,1544,82924,California
Marin,2021-03-09,2240,122680,1343,69164,786,53166,111,350,1552,46349,685,38236,1661,84585,California
Marin,2021-03-10,4473,127153,2510,71674,1670,54836,293,643,3218,48610,1249,39485,3510,88095,California
Marin,2021-03-11,4600,131753,1891,73565,2572,57408,137,780,3294,50743,1298,40783,3431,91526,California
Marin,2021-03-12,4007,135760,1550,75115,2101,59509,356,1136,1564,50236,2426,43209,1919,93445,California
Marin,2021-03-13,4115,139875,2867,77982,1173,60682,75,1211,2392,50981,1716,44925,2461,95906,California
Marin,2021-03-14,2284,142159,1106,79088,1060,61742,118,1329,700,50215,1581,46506,815,96721,California
Marin,2021-03-15,3266,145425,1785,80873,1432,63174,49,1378,1208,49431,2041,48547,1257,97978,California
Marin,2021-03-16,4305,149730,2323,83196,1619,64793,363,1741,1464,48420,2836,51383,1825,99803,California
Marin,2021-03-17,4227,153957,2293,85489,1881,66674,53,1794,2063,48385,2150,53533,2115,101918,California
Marin,2021-03-18,4512,158469,2283,87772,2154,68828,75,1869,2142,48249,2350,55883,2214,104132,California
Marin,2021-03-19,4499,162968,2312,90084,1966,70794,221,2090,2331,48641,2157,58040,2549,106681,California
Marin,2021-03-20,3603,166571,2002,92086,1487,72281,114,2204,1932,49026,1662,59702,2047,108728,California
Marin,2021-03-21,1556,168127,1155,93241,378,72659,23,2227,814,49124,739,60441,837,109565,California
Marin,2021-03-22,2513,170640,2169,95410,176,72835,168,2395,919,48624,1587,62028,1087,110652,California
Marin,2021-03-23,4326,174966,2271,97681,1926,74761,129,2524,1935,48305,2383,64411,2064,112716,California
Marin,2021-03-24,4477,179443,2908,100589,1454,76215,115,2639,1828,47610,2636,67047,1941,114657,California
Marin,2021-03-25,4667,184110,2844,103433,1751,77966,72,2711,2251,47530,2401,69448,2321,116978,California
Marin,2021-03-26,4322,188432,2352,105785,1756,79722,214,2925,2399,48235,1908,71356,2613,119591,California
Marin,2021-03-27,3713,192145,2663,108448,1031,80753,19,2944,1144,46839,2558,73914,1162,120753,California
Marin,2021-03-28,2386,194531,1722,110170,658,81411,6,2950,842,46150,1537,75451,848,121601,California
Marin,2021-03-29,2699,197230,2102,112272,571,81982,26,2976,1138,45756,1558,77009,1164,122765,California
Marin,2021-03-30,4678,201908,3655,115927,989,82971,34,3010,2956,47027,1719,78728,2990,125755,California
Marin,2021-03-31,5851,207759,4142,120069,1660,84631,49,3059,2557,46351,3283,82011,2607,128362,California
Marin,2021-04-01,4465,212224,2292,122361,1915,86546,258,3317,2117,46390,2335,84346,2374,130736,California
Marin,2021-04-02,3753,215977,1863,124224,1519,88065,371,3688,2014,47035,1731,86077,2376,133112,California
Marin,2021-04-03,3866,219843,2521,126745,965,89030,380,4068,1459,46480,2395,88472,1840,134952,California
Marin,2021-04-04,1653,221496,1242,127987,209,89239,202,4270,1201,47433,450,88922,1403,136355,California
Marin,2021-04-05,2223,223719,1542,129529,307,89546,374,4644,1274,48135,944,89866,1646,138001,California
Marin,2021-04-06,4000,227719,2125,131654,1320,90866,555,5199,2218,49131,1775,91641,2771,140772,California
Marin,2021-04-07,3998,231717,2017,133671,1334,92200,647,5846,1463,48715,2525,94166,2109,142881,California
Marin,2021-04-08,5071,236788,1979,135650,2479,94679,613,6459,2309,48878,2749,96915,2912,145793,California
Marin,2021-04-09,4007,240795,1569,137219,1708,96387,730,7189,1329,48259,2674,99589,2055,147848,California
Marin,2021-04-10,3229,244024,1487,138706,1308,97695,434,7623,1450,48374,1765,101354,1880,149728,California
Marin,2021-04-11,1068,245092,813,139519,93,97788,162,7785,478,48425,588,101942,639,150367,California
Marin,2021-04-12,1761,246853,1249,140768,349,98137,163,7948,921,48674,836,102778,1085,151452,California
Marin,2021-04-13,3801,250654,2333,143101,1461,99598,7,7955,1381,47654,2408,105186,1388,152840,California
Marin,2021-04-14,4272,254926,2557,145658,1712,101310,3,7958,1748,46904,2499,107685,1749,154589,California
Marin,2021-04-15,5644,260570,3981,149639,1663,102973,0,7958,3229,47735,2399,110084,3230,157819,California
Marin,2021-04-16,4304,264874,2259,151898,2042,105015,3,7961,2092,47635,2196,112280,2096,159915,California
Marin,2021-04-17,3579,268453,2176,154074,1403,106418,0,7961,1788,47640,1784,114064,1789,161704,California
Marin,2021-04-18,3240,271693,3139,157213,101,106519,0,7961,2554,49511,683,114747,2554,164258,California
Marin,2021-04-19,2068,273761,1890,159103,177,106696,1,7962,1157,49766,904,115651,1159,165417,California
Marin,2021-04-20,3791,277552,2637,161740,1154,107850,0,7962,1480,48946,2301,117952,1481,166898,California
Marin,2021-04-21,4154,281706,3065,164805,1086,108936,3,7965,1402,47617,2732,120684,1403,168301,California
Marin,2021-04-22,4297,286003,3275,168080,1022,109958,0,7965,1503,46341,2783,123467,1507,169808,California
Marin,2021-04-23,3296,289299,1859,169939,1437,111395,0,7965,1256,45570,2028,125495,1257,171065,California
Marin,2021-04-24,2528,291827,1686,171625,841,112236,1,7966,924,44904,1592,127087,926,171991,California
Marin,2021-04-25,1384,293211,1263,172888,121,112357,0,7966,303,44134,1073,128160,303,172294,California
Marin,2021-04-26,1669,294880,1431,174319,235,112592,3,7969,410,43293,1256,129416,415,172709,California
Marin,2021-04-27,3083,297963,2223,176542,809,113401,51,8020,1006,42278,2068,131484,1053,173762,California
Marin,2021-04-28,2352,300315,1625,178167,676,114077,51,8071,739,41458,1609,133093,789,174551,California
Marin,2021-04-29,2945,303260,2022,180189,860,114937,63,8134,821,40230,2113,135206,885,175436,California
Marin,2021-04-30,1990,305250,1291,181480,612,115549,87,8221,704,39744,1277,136483,791,176227,California
Marin,2021-05-01,1841,307091,1027,182507,791,116340,23,8244,547,39028,1285,137768,569,176796,California
Marin,2021-05-02,730,307821,590,183097,111,116451,29,8273,201,38734,523,138291,229,177025,California
Marin,2021-05-03,1226,309047,999,184096,171,116622,56,8329,265,38098,956,139247,320,177345,California
Marin,2021-05-04,2965,312012,1996,186092,877,117499,92,8421,480,36194,2476,141723,572,177917,California
Marin,2021-05-05,2794,314806,2033,188125,635,118134,126,8547,453,34438,2334,144057,578,178495,California
Marin,2021-05-06,3277,318083,2539,190664,649,118783,89,8636,428,32113,2839,146896,514,179009,California
Marin,2021-05-07,2057,320140,1552,192216,419,119202,86,8722,384,30914,1666,148562,467,179476,California
Marin,2021-05-08,2506,322646,1899,194115,485,119687,122,8844,349,29237,2149,150711,472,179948,California
Marin,2021-05-09,991,323637,900,195015,72,119759,19,8863,112,28493,876,151587,132,180080,California
Marin,2021-05-10,1419,325056,1158,196173,191,119950,70,8933,204,27556,1210,152797,273,180353,California
Marin,2021-05-11,2345,327401,1868,198041,420,120370,57,8990,305,25880,2037,154834,361,180714,California
Marin,2021-05-12,1859,329260,1461,199502,329,120699,69,9059,298,24690,1555,156389,365,181079,California
Marin,2021-05-13,2686,331946,2297,201799,335,121034,54,9113,1418,24901,1260,157649,1471,182550,California
Marin,2021-05-14,2207,334153,1451,203250,656,121690,100,9213,884,24568,1316,158965,983,183533,California
Marin,2021-05-15,2761,336914,2280,205530,401,122091,80,9293,1675,25238,1085,160050,1755,185288,California
Marin,2021-05-16,1725,338639,1664,207194,53,122144,8,9301,1397,26317,326,160376,1405,186693,California
Marin,2021-05-17,2142,340781,1990,209184,109,122253,43,9344,1702,27629,433,160809,1745,188438,California
Marin,2021-05-18,1539,342320,1192,210376,292,122545,55,9399,794,27738,738,161547,847,189285,California
Marin,2021-05-19,1569,343889,1241,211617,257,122802,71,9470,770,27784,793,162340,839,190124,California
Marin,2021-05-20,1834,345723,1494,213111,254,123056,86,9556,749,27543,1077,163417,836,190960,California
Marin,2021-05-21,1474,347197,845,213956,580,123636,49,9605,438,27001,1029,164446,487,191447,California
Marin,2021-05-22,1435,348632,1087,215043,290,123926,58,9663,964,27557,466,164912,1022,192469,California
Marin,2021-05-23,479,349111,425,215468,42,123968,12,9675,219,27532,257,165169,232,192701,California
Marin,2021-05-24,674,349785,499,215967,135,124103,40,9715,352,27604,319,165488,391,193092,California
Marin,2021-05-25,1005,350790,627,216594,332,124435,46,9761,316,27282,681,166169,359,193451,California
Marin,2021-05-26,729,351519,493,217087,186,124621,50,9811,262,27132,462,166631,312,193763,California
Marin,2021-05-27,1035,352554,665,217752,291,124912,79,9890,342,26863,690,167321,421,194184,California
Marin,2021-05-28,1109,353663,721,218473,308,125220,80,9970,327,26491,778,168099,406,194590,California
Marin,2021-05-29,378,354041,221,218694,147,125367,10,9980,208,26539,170,168269,218,194808,California
Marin,2021-05-30,97,354138,57,218751,35,125402,5,9985,55,26558,41,168310,60,194868,California
Marin,2021-05-31,27,354165,13,218764,13,125415,1,9986,14,26560,13,168323,15,194883,California
Marin,2021-06-01,759,354924,552,219316,162,125577,45,10031,319,26486,437,168760,363,195246,California
Marin,2021-06-02,628,355552,476,219792,100,125677,52,10083,218,26348,406,169166,268,195514,California
Marin,2021-06-03,1503,357055,1330,221122,114,125791,59,10142,231,25369,1269,170435,290,195804,California
Marin,2021-06-04,1038,358093,862,221984,142,125933,34,10176,189,24747,843,171278,221,196025,California
Marin,2021-06-05,1927,360020,1709,223693,170,126103,48,10224,318,23511,1602,172880,366,196391,California
Marin,2021-06-06,1408,361428,1359,225052,15,126118,34,10258,152,22442,1255,174135,186,196577,California
Marin,2021-06-07,1941,363369,1824,226876,67,126185,50,10308,239,21035,1696,175831,289,196866,California
Marin,2021-06-08,980,364349,871,227747,68,126253,41,10349,232,20567,741,176572,273,197139,California
Marin,2021-06-09,743,365092,667,228414,66,126319,10,10359,136,20107,606,177178,146,197285,California
Marin,2021-06-10,883,365975,772,229186,60,126379,51,10410,181,19641,698,177876,232,197517,California
Marin,2021-06-11,688,366663,576,229762,80,126459,32,10442,144,19273,544,178420,176,197693,California
Marin,2021-06-12,922,367585,792,230554,89,126548,41,10483,152,18699,767,179187,193,197886,California
Marin,2021-06-13,417,368002,386,230940,20,126568,11,10494,67,18431,346,179533,78,197964,California
Marin,2021-06-14,866,368868,739,231679,80,126648,47,10541,209,18033,653,180186,255,198219,California
Marin,2021-06-15,538,369406,428,232107,84,126732,26,10567,169,17860,368,180554,195,198414,California
Marin,2021-06-16,497,369903,406,232513,45,126777,46,10613,161,17737,329,180883,206,198620,California
Marin,2021-06-17,558,370461,480,232993,47,126824,31,10644,193,17597,363,181246,223,198843,California
Marin,2021-06-18,488,370949,377,233370,76,126900,35,10679,171,17492,310,181556,205,199048,California
Marin,2021-06-19,367,371316,296,233666,37,126937,34,10713,146,17451,219,181775,178,199226,California
Marin,2021-06-20,113,371429,88,233754,14,126951,11,10724,47,17443,66,181841,58,199284,California
Marin,2021-06-21,349,371778,248,234002,46,126997,55,10779,139,17428,209,182050,194,199478,California
Marin,2021-06-22,451,372229,351,234353,69,127066,31,10810,139,17289,309,182359,170,199648,California
Marin,2021-06-23,357,372586,295,234648,29,127095,33,10843,120,17204,237,182596,152,199800,California
Marin,2021-06-24,398,372984,306,234954,42,127137,50,10893,133,17124,261,182857,181,199981,California
Marin,2021-06-25,379,373363,277,235231,60,127197,42,10935,173,17135,204,183061,215,200196,California
Marin,2021-06-26,322,373685,271,235502,20,127217,31,10966,116,17076,206,183267,147,200343,California
Marin,2021-06-27,208,373893,160,235662,22,127239,26,10992,69,17033,137,183404,94,200437,California
Marin,2021-06-28,395,374288,336,235998,31,127270,28,11020,134,16936,259,183663,162,200599,California
Marin,2021-06-29,227,374515,192,236190,21,127291,14,11034,91,16908,133,183796,105,200704,California
Mariposa,2020-12-17,38,38,38,38,0,0,0,0,40,40,0,0,40,40,California
Mariposa,2020-12-18,55,93,55,93,0,0,0,0,56,96,0,0,56,96,California
Mariposa,2020-12-20,2,95,2,95,0,0,0,0,2,98,0,0,2,98,California
Mariposa,2020-12-21,49,144,49,144,0,0,0,0,53,151,0,0,53,151,California
Mariposa,2020-12-22,5,149,5,149,0,0,0,0,5,156,0,0,5,156,California
Mariposa,2020-12-23,16,165,16,165,0,0,0,0,16,172,0,0,16,172,California
Mariposa,2020-12-24,1,166,0,165,1,1,0,0,0,172,1,1,1,173,California
Mariposa,2020-12-26,1,167,1,166,0,1,0,0,1,173,0,1,1,174,California
Mariposa,2020-12-27,1,168,0,166,1,2,0,0,1,174,0,1,1,175,California
Mariposa,2020-12-28,6,174,3,169,3,5,0,0,6,180,0,1,6,181,California
Mariposa,2020-12-29,33,207,3,172,30,35,0,0,33,213,0,1,33,214,California
Mariposa,2020-12-30,26,233,4,176,22,57,0,0,26,239,0,1,26,240,California
Mariposa,2020-12-31,17,250,0,176,17,74,0,0,17,256,0,1,17,257,California
Mariposa,2021-01-02,1,251,1,177,0,74,0,0,1,257,0,1,1,258,California
Mariposa,2021-01-04,9,260,2,179,7,81,0,0,9,266,0,1,9,267,California
Mariposa,2021-01-05,24,284,14,193,10,91,0,0,14,270,10,11,14,281,California
Mariposa,2021-01-06,6,290,3,196,3,94,0,0,3,270,3,14,3,284,California
Mariposa,2021-01-07,50,340,45,241,5,99,0,0,5,230,45,59,5,289,California
Mariposa,2021-01-08,110,450,80,321,30,129,0,0,34,188,76,135,34,323,California
Mariposa,2021-01-09,1,451,0,321,1,130,0,0,1,189,0,135,1,324,California
Mariposa,2021-01-11,31,482,10,331,21,151,0,0,23,204,8,143,23,347,California
Mariposa,2021-01-12,19,501,4,335,15,166,0,0,15,215,4,147,15,362,California
Mariposa,2021-01-13,21,522,4,339,17,183,0,0,18,230,3,150,18,380,California
Mariposa,2021-01-14,74,596,7,346,67,250,0,0,68,292,6,156,68,448,California
Mariposa,2021-01-15,68,664,27,373,41,291,0,0,58,340,10,166,58,506,California
Mariposa,2021-01-16,14,678,2,375,12,303,0,0,13,352,1,167,13,519,California
Mariposa,2021-01-17,3,681,1,376,2,305,0,0,2,353,1,168,2,521,California
Mariposa,2021-01-18,4,685,3,379,1,306,0,0,2,353,2,170,2,523,California
Mariposa,2021-01-19,8,693,4,383,4,310,0,0,5,356,2,172,5,528,California
Mariposa,2021-01-20,24,717,1,384,23,333,0,0,23,378,1,173,23,551,California
Mariposa,2021-01-21,66,783,8,392,58,391,0,0,62,436,4,177,62,613,California
Mariposa,2021-01-22,56,839,3,395,53,444,0,0,56,492,0,177,56,669,California
Mariposa,2021-01-23,116,955,2,397,114,558,0,0,114,604,2,179,114,783,California
Mariposa,2021-01-24,2,957,2,399,0,558,0,0,2,606,0,179,2,785,California
Mariposa,2021-01-25,4,961,1,400,3,561,0,0,0,602,4,183,0,785,California
Mariposa,2021-01-26,37,998,3,403,34,595,0,0,4,577,33,216,8,793,California
Mariposa,2021-01-27,26,1024,2,405,24,619,0,0,13,578,12,228,13,806,California
Mariposa,2021-01-28,127,1151,3,408,124,743,0,0,114,680,12,240,114,920,California
Mariposa,2021-01-29,94,1245,23,431,71,814,0,0,93,772,1,241,93,1013,California
Mariposa,2021-01-30,9,1254,1,432,8,822,0,0,8,779,1,242,8,1021,California
Mariposa,2021-01-31,1,1255,0,432,1,823,0,0,1,780,0,242,1,1022,California
Mariposa,2021-02-01,93,1348,32,464,61,884,0,0,72,831,21,263,72,1094,California
Mariposa,2021-02-02,15,1363,3,467,12,896,0,0,9,834,6,269,9,1103,California
Mariposa,2021-02-03,20,1383,1,468,19,915,0,0,13,841,6,275,13,1116,California
Mariposa,2021-02-04,98,1481,8,476,90,1005,0,0,93,931,4,279,94,1210,California
Mariposa,2021-02-05,193,1674,5,481,188,1193,0,0,166,1070,27,306,166,1376,California
Mariposa,2021-02-06,11,1685,4,485,7,1200,0,0,10,1079,1,307,10,1386,California
Mariposa,2021-02-07,1,1686,0,485,1,1201,0,0,1,1080,0,307,1,1387,California
Mariposa,2021-02-08,42,1728,2,487,40,1241,0,0,23,1084,19,326,23,1410,California
Mariposa,2021-02-09,45,1773,25,512,20,1261,0,0,39,1117,6,332,39,1449,California
Mariposa,2021-02-10,28,1801,5,517,23,1284,0,0,17,1130,10,342,23,1472,California
Mariposa,2021-02-11,377,2178,6,523,371,1655,0,0,361,1478,16,358,364,1836,California
Mariposa,2021-02-12,187,2365,8,531,179,1834,0,0,143,1577,44,402,143,1979,California
Mariposa,2021-02-13,12,2377,3,534,9,1843,0,0,10,1585,2,404,10,1989,California
Mariposa,2021-02-14,8,2385,4,538,4,1847,0,0,5,1587,3,407,5,1994,California
Mariposa,2021-02-15,9,2394,3,541,6,1853,0,0,7,1592,2,409,7,2001,California
Mariposa,2021-02-16,60,2454,36,577,24,1877,0,0,36,1605,24,433,37,2038,California
Mariposa,2021-02-17,37,2491,9,586,28,1905,0,0,27,1624,9,442,28,2066,California
Mariposa,2021-02-18,57,2548,7,593,50,1955,0,0,20,1607,37,479,20,2086,California
Mariposa,2021-02-19,83,2631,4,597,79,2034,0,0,75,1674,8,487,75,2161,California
Mariposa,2021-02-20,256,2887,4,601,252,2286,0,0,224,1868,30,517,224,2385,California
Mariposa,2021-02-21,238,3125,4,605,234,2520,0,0,236,2103,1,518,236,2621,California
Mariposa,2021-02-22,24,3149,9,614,15,2535,0,0,21,2121,3,521,21,2642,California
Mariposa,2021-02-23,43,3192,37,651,6,2541,0,0,25,2128,18,539,25,2667,California
Mariposa,2021-02-24,21,3213,3,654,18,2559,0,0,8,2124,12,551,8,2675,California
Mariposa,2021-02-25,18,3231,9,663,9,2568,0,0,12,2130,6,557,12,2687,California
Mariposa,2021-02-26,421,3652,7,670,414,2982,0,0,354,2418,67,624,355,3042,California
Mariposa,2021-02-27,173,3825,7,677,166,3148,0,0,162,2569,11,635,162,3204,California
Mariposa,2021-02-28,2,3827,1,678,1,3149,0,0,0,2567,2,637,0,3204,California
Mariposa,2021-03-01,87,3914,26,704,61,3210,0,0,18,2517,68,705,18,3222,California
Mariposa,2021-03-02,21,3935,14,718,7,3217,0,0,11,2519,9,714,11,3233,California
Mariposa,2021-03-03,72,4007,6,724,66,3283,0,0,66,2580,6,720,67,3300,California
Mariposa,2021-03-04,41,4048,9,733,32,3315,0,0,19,2578,22,742,20,3320,California
Mariposa,2021-03-05,62,4110,10,743,52,3367,0,0,40,2603,22,764,47,3367,California
Mariposa,2021-03-06,17,4127,7,750,10,3377,0,0,7,2601,10,774,8,3375,California
Mariposa,2021-03-07,1,4128,1,751,0,3377,0,0,0,2600,1,775,0,3375,California
Mariposa,2021-03-08,39,4167,4,755,24,3401,11,11,9,2590,30,805,20,3395,California
Mariposa,2021-03-09,46,4213,18,773,18,3419,10,21,14,2582,32,837,24,3419,California
Mariposa,2021-03-10,34,4247,12,785,12,3431,10,31,10,2579,23,860,20,3439,California
Mariposa,2021-03-11,472,4719,6,791,446,3877,20,51,224,2579,247,1107,247,3686,California
Mariposa,2021-03-12,255,4974,8,799,219,4096,28,79,109,2569,146,1253,136,3822,California
Mariposa,2021-03-13,35,5009,6,805,14,4110,15,94,12,2572,23,1276,26,3848,California
Mariposa,2021-03-14,18,5027,2,807,5,4115,11,105,3,2572,14,1290,14,3862,California
Mariposa,2021-03-15,77,5104,8,815,31,4146,38,143,31,2595,46,1336,69,3931,California
Mariposa,2021-03-16,83,5187,34,849,14,4160,35,178,24,2595,59,1395,59,3990,California
Mariposa,2021-03-17,73,5260,11,860,54,4214,8,186,52,2635,20,1415,60,4050,California
Mariposa,2021-03-18,68,5328,17,877,41,4255,10,196,43,2663,25,1440,53,4103,California
Mariposa,2021-03-19,340,5668,11,888,324,4579,5,201,303,2934,37,1477,308,4411,California
Mariposa,2021-03-20,426,6094,6,894,418,4997,2,203,45,2601,381,1858,48,4459,California
Mariposa,2021-03-21,15,6109,9,903,5,5002,1,204,10,2608,4,1862,11,4470,California
Mariposa,2021-03-22,38,6147,8,911,22,5024,8,212,25,2630,13,1875,35,4505,California
Mariposa,2021-03-23,55,6202,35,946,10,5034,10,222,34,2653,21,1896,44,4549,California
Mariposa,2021-03-24,57,6259,6,952,49,5083,2,224,52,2702,5,1901,54,4603,California
Mariposa,2021-03-25,76,6335,15,967,53,5136,8,232,54,2744,20,1921,62,4665,California
Mariposa,2021-03-26,490,6825,10,977,479,5615,1,233,252,2759,238,2159,253,4918,California
Mariposa,2021-03-27,225,7050,9,986,216,5831,0,233,89,2714,136,2295,91,5009,California
Mariposa,2021-03-28,5,7055,0,986,2,5833,3,236,1,2714,4,2299,4,5013,California
Mariposa,2021-03-29,20,7075,6,992,14,5847,0,236,12,2718,8,2307,12,5025,California
Mariposa,2021-03-30,37,7112,13,1005,8,5855,16,252,14,2725,23,2330,30,5055,California
Mariposa,2021-03-31,89,7201,16,1021,66,5921,7,259,68,2779,21,2351,75,5130,California
Mariposa,2021-04-01,55,7256,11,1032,35,5956,9,268,35,2803,20,2371,44,5174,California
Mariposa,2021-04-02,349,7605,13,1045,334,6290,2,270,307,3071,41,2412,309,5483,California
Mariposa,2021-04-03,11,7616,8,1053,3,6293,0,270,6,3072,5,2417,6,5489,California
Mariposa,2021-04-04,2,7618,1,1054,0,6293,1,271,0,3071,2,2419,1,5490,California
Mariposa,2021-04-05,34,7652,23,1077,7,6300,4,275,17,3075,17,2436,21,5511,California
Mariposa,2021-04-06,43,7695,21,1098,6,6306,16,291,13,3075,29,2465,29,5540,California
Mariposa,2021-04-07,99,7794,7,1105,73,6379,19,310,28,3051,71,2536,47,5587,California
Mariposa,2021-04-08,280,8074,16,1121,245,6624,19,329,145,3083,133,2669,165,5752,California
Mariposa,2021-04-09,39,8113,9,1130,15,6639,15,344,11,3081,28,2697,26,5778,California
Mariposa,2021-04-10,202,8315,4,1134,188,6827,10,354,187,3264,13,2710,196,5974,California
Mariposa,2021-04-11,124,8439,4,1138,118,6945,2,356,57,3257,67,2777,60,6034,California
Mariposa,2021-04-12,43,8482,14,1152,27,6972,2,358,14,3244,29,2806,16,6050,California
Mariposa,2021-04-13,53,8535,46,1198,7,6979,0,358,34,3259,19,2825,34,6084,California
Mariposa,2021-04-14,113,8648,9,1207,104,7083,0,358,58,3263,54,2879,58,6142,California
Mariposa,2021-04-15,58,8706,16,1223,42,7125,0,358,41,3290,14,2893,41,6183,California
Mariposa,2021-04-16,381,9087,11,1234,370,7495,0,358,106,3121,275,3168,106,6289,California
Mariposa,2021-04-17,11,9098,7,1241,4,7499,0,358,8,3126,3,3171,8,6297,California
Mariposa,2021-04-18,7,9105,0,1241,7,7506,0,358,3,3125,4,3175,3,6300,California
Mariposa,2021-04-19,58,9163,26,1267,32,7538,0,358,30,3129,26,3201,30,6330,California
Mariposa,2021-04-20,62,9225,48,1315,14,7552,0,358,37,3143,23,3224,37,6367,California
Mariposa,2021-04-21,93,9318,15,1330,78,7630,0,358,43,3137,49,3273,43,6410,California
Mariposa,2021-04-22,51,9369,11,1341,40,7670,0,358,38,3163,12,3285,38,6448,California
Mariposa,2021-04-23,315,9684,70,1411,245,7915,0,358,144,3138,171,3456,146,6594,California
Mariposa,2021-04-24,106,9790,10,1421,96,8011,0,358,43,3119,62,3518,43,6637,California
Mariposa,2021-04-26,17,9807,12,1433,5,8016,0,358,6,3114,11,3529,6,6643,California
Mariposa,2021-04-27,34,9841,17,1450,15,8031,2,360,15,3115,16,3545,17,6660,California
Mariposa,2021-04-28,73,9914,13,1463,53,8084,7,367,27,3103,46,3591,34,6694,California
Mariposa,2021-04-29,84,9998,12,1475,71,8155,1,368,79,3178,5,3596,80,6774,California
Mariposa,2021-04-30,210,10208,5,1480,200,8355,5,373,62,3097,148,3744,67,6841,California
Mariposa,2021-05-01,3,10211,2,1482,1,8356,0,373,1,3096,2,3746,1,6842,California
Mariposa,2021-05-02,3,10214,2,1484,0,8356,1,374,0,3094,3,3749,1,6843,California
Mariposa,2021-05-03,16,10230,12,1496,3,8359,1,375,7,3093,9,3758,8,6851,California
Mariposa,2021-05-04,50,10280,31,1527,15,8374,4,379,37,3121,13,3771,41,6892,California
Mariposa,2021-05-05,57,10337,9,1536,46,8420,2,381,18,3102,39,3810,20,6912,California
Mariposa,2021-05-06,57,10394,36,1572,16,8436,5,386,40,3130,17,3827,45,6957,California
Mariposa,2021-05-07,28,10422,8,1580,17,8453,3,389,13,3131,15,3842,16,6973,California
Mariposa,2021-05-08,282,10704,7,1587,275,8728,0,389,33,2917,249,4091,35,7008,California
Mariposa,2021-05-09,2,10706,1,1588,1,8729,0,389,0,2915,2,4093,0,7008,California
Mariposa,2021-05-10,20,10726,9,1597,9,8738,2,391,5,2907,15,4108,7,7015,California
Mariposa,2021-05-11,28,10754,18,1615,10,8748,0,391,21,2922,6,4114,21,7036,California
Mariposa,2021-05-12,67,10821,4,1619,58,8806,5,396,6,2872,61,4175,11,7047,California
Mariposa,2021-05-13,48,10869,8,1627,38,8844,2,398,13,2852,35,4210,15,7062,California
Mariposa,2021-05-14,250,11119,122,1749,121,8965,7,405,118,2845,132,4342,125,7187,California
Mariposa,2021-05-15,19,11138,9,1758,8,8973,2,407,11,2851,6,4348,12,7199,California
Mariposa,2021-05-16,3,11141,1,1759,1,8974,1,408,1,2851,2,4350,2,7201,California
Mariposa,2021-05-17,18,11159,7,1766,7,8981,4,412,7,2850,11,4361,10,7211,California
Mariposa,2021-05-18,63,11222,43,1809,15,8996,5,417,46,2885,16,4377,51,7262,California
Mariposa,2021-05-19,72,11294,33,1842,38,9034,1,418,52,2919,19,4396,53,7315,California
Mariposa,2021-05-20,33,11327,18,1860,13,9047,2,420,12,2912,21,4417,14,7329,California
Mariposa,2021-05-21,93,11420,8,1868,83,9130,2,422,43,2909,48,4465,45,7374,California
Mariposa,2021-05-22,48,11468,6,1874,41,9171,1,423,17,2896,31,4496,18,7392,California
Mariposa,2021-05-23,4,11472,2,1876,1,9172,1,424,2,2897,2,4498,3,7395,California
Mariposa,2021-05-24,15,11487,9,1885,4,9176,2,426,9,2902,6,4504,11,7406,California
Mariposa,2021-05-25,26,11513,16,1901,10,9186,0,426,18,2912,8,4512,18,7424,California
Mariposa,2021-05-26,35,11548,4,1905,27,9213,4,430,28,2937,7,4519,32,7456,California
Mariposa,2021-05-27,120,11668,64,1969,55,9268,1,431,62,2942,58,4577,63,7519,California
Mariposa,2021-05-28,66,11734,6,1975,56,9324,4,435,24,2928,42,4619,28,7547,California
Mariposa,2021-05-29,8,11742,2,1977,5,9329,1,436,3,2929,3,4622,4,7551,California
Mariposa,2021-05-30,1,11743,0,1977,0,9329,1,437,0,2929,1,4623,1,7552,California
Mariposa,2021-05-31,2,11745,0,1977,1,9330,1,438,0,2928,2,4625,1,7553,California
Mariposa,2021-06-01,14,11759,3,1980,11,9341,0,438,5,2924,9,4634,5,7558,California
Mariposa,2021-06-02,26,11785,14,1994,7,9348,5,443,6,2916,19,4653,11,7569,California
Mariposa,2021-06-03,20,11805,10,2004,7,9355,3,446,7,2913,13,4666,10,7579,California
Mariposa,2021-06-04,91,11896,80,2084,9,9364,2,448,27,2879,62,4728,28,7607,California
Mariposa,2021-06-05,30,11926,4,2088,24,9388,2,450,7,2865,23,4751,9,7616,California
Mariposa,2021-06-06,4,11930,3,2091,0,9388,1,451,1,2864,3,4754,2,7618,California
Mariposa,2021-06-07,10,11940,5,2096,5,9393,0,451,4,2863,5,4759,4,7622,California
Mariposa,2021-06-08,45,11985,34,2130,9,9402,2,453,13,2846,32,4791,15,7637,California
Mariposa,2021-06-09,28,12013,21,2151,2,9404,5,458,6,2835,22,4813,11,7648,California
Mariposa,2021-06-10,16,12029,8,2159,5,9409,3,461,6,2835,10,4823,10,7658,California
Mariposa,2021-06-11,43,12072,12,2171,23,9432,8,469,9,2818,34,4857,17,7675,California
Mariposa,2021-06-12,17,12089,11,2182,5,9437,1,470,3,2807,14,4871,3,7678,California
Mariposa,2021-06-13,1,12090,0,2182,0,9437,1,471,0,2807,1,4872,1,7679,California
Mariposa,2021-06-14,13,12103,4,2186,8,9445,1,472,5,2805,8,4880,6,7685,California
Mariposa,2021-06-15,23,12126,11,2197,11,9456,1,473,6,2795,17,4897,7,7692,California
Mariposa,2021-06-16,28,12154,12,2209,15,9471,1,474,7,2782,21,4918,8,7700,California
Mariposa,2021-06-17,11,12165,6,2215,5,9476,0,474,4,2779,7,4925,4,7704,California
Mariposa,2021-06-18,69,12234,50,2265,16,9492,3,477,33,2779,35,4960,35,7739,California
Mariposa,2021-06-19,18,12252,5,2270,13,9505,0,477,6,2773,12,4972,6,7745,California
Mariposa,2021-06-21,11,12263,4,2274,7,9512,0,477,7,2777,3,4975,7,7752,California
Mariposa,2021-06-22,23,12286,9,2283,11,9523,3,480,13,2783,10,4985,16,7768,California
Mariposa,2021-06-23,9,12295,3,2286,3,9526,3,483,5,2787,4,4989,8,7776,California
Mariposa,2021-06-24,11,12306,4,2290,7,9533,0,483,5,2786,6,4995,5,7781,California
Mariposa,2021-06-25,50,12356,22,2312,27,9560,1,484,17,2772,32,5027,18,7799,California
Mariposa,2021-06-26,1,12357,1,2313,0,9560,0,484,0,2771,1,5028,0,7799,California
Mariposa,2021-06-27,1,12358,0,2313,0,9560,1,485,0,2771,1,5029,1,7800,California
Mariposa,2021-06-28,1,12359,1,2314,0,9560,0,485,1,2772,0,5029,1,7801,California
Mariposa,2021-06-29,3,12362,0,2314,2,9562,1,486,1,2772,2,5031,2,7803,California
Mendocino,2020-12-17,70,70,70,70,0,0,0,0,70,70,0,0,70,70,California
Mendocino,2020-12-18,85,155,84,154,1,1,0,0,84,154,0,0,84,154,California
Mendocino,2020-12-19,4,159,4,158,0,1,0,0,4,158,0,0,4,158,California
Mendocino,2020-12-20,7,166,7,165,0,1,0,0,7,165,0,0,7,165,California
Mendocino,2020-12-21,238,404,238,403,0,1,0,0,77,242,0,0,77,242,California
Mendocino,2020-12-22,253,657,192,595,61,62,0,0,253,495,0,0,253,495,California
Mendocino,2020-12-23,272,929,48,643,224,286,0,0,271,766,0,0,271,766,California
Mendocino,2020-12-24,50,979,8,651,42,328,0,0,50,816,0,0,50,816,California
Mendocino,2020-12-25,1,980,0,651,1,329,0,0,1,817,0,0,1,817,California
Mendocino,2020-12-26,2,982,2,653,0,329,0,0,2,819,0,0,2,819,California
Mendocino,2020-12-27,1,983,0,653,1,330,0,0,1,820,0,0,1,820,California
Mendocino,2020-12-28,74,1057,9,662,65,395,0,0,74,894,0,0,74,894,California
Mendocino,2020-12-29,122,1179,61,723,61,456,0,0,122,1016,0,0,122,1016,California
Mendocino,2020-12-30,123,1302,69,792,54,510,0,0,123,1139,0,0,123,1139,California
Mendocino,2020-12-31,132,1434,97,889,35,545,0,0,132,1271,0,0,132,1271,California
Mendocino,2021-01-01,10,1444,7,896,3,548,0,0,10,1281,0,0,10,1281,California
Mendocino,2021-01-02,1,1445,1,897,0,548,0,0,1,1282,0,0,1,1282,California
Mendocino,2021-01-04,837,2282,18,915,819,1367,0,0,837,2119,0,0,837,2119,California
Mendocino,2021-01-05,71,2353,36,951,35,1402,0,0,58,2164,13,13,58,2177,California
Mendocino,2021-01-06,157,2510,135,1086,22,1424,0,0,147,2301,10,23,147,2324,California
Mendocino,2021-01-07,361,2871,239,1325,122,1546,0,0,298,2536,63,86,298,2622,California
Mendocino,2021-01-08,95,2966,82,1407,13,1559,0,0,41,2524,54,140,42,2664,California
Mendocino,2021-01-09,10,2976,6,1413,4,1563,0,0,8,2530,2,142,8,2672,California
Mendocino,2021-01-10,9,2985,8,1421,1,1564,0,0,2,2525,7,149,2,2674,California
Mendocino,2021-01-11,103,3088,93,1514,10,1574,0,0,45,2513,57,206,45,2719,California
Mendocino,2021-01-12,389,3477,379,1893,10,1584,0,0,272,2668,117,323,272,2991,California
Mendocino,2021-01-13,496,3973,149,2042,347,1931,0,0,451,3077,43,366,452,3443,California
Mendocino,2021-01-14,654,4627,20,2062,634,2565,0,0,645,3713,9,375,645,4088,California
Mendocino,2021-01-15,1878,6505,867,2929,1011,3576,0,0,1873,5582,5,380,1874,5962,California
Mendocino,2021-01-16,791,7296,48,2977,743,4319,0,0,789,6369,2,382,789,6751,California
Mendocino,2021-01-17,554,7850,1,2978,553,4872,0,0,553,6921,1,383,553,7304,California
Mendocino,2021-01-18,488,8338,463,3441,25,4897,0,0,475,7383,13,396,475,7779,California
Mendocino,2021-01-19,335,8673,149,3590,186,5083,0,0,158,7364,177,573,158,7937,California
Mendocino,2021-01-20,557,9230,409,3999,148,5231,0,0,450,7710,105,678,451,8388,California
Mendocino,2021-01-21,539,9769,226,4225,313,5544,0,0,352,7876,186,864,352,8740,California
Mendocino,2021-01-22,152,9921,61,4286,91,5635,0,0,112,7948,40,904,112,8852,California
Mendocino,2021-01-23,157,10078,85,4371,72,5707,0,0,151,8093,6,910,151,9003,California
Mendocino,2021-01-24,5,10083,3,4374,2,5709,0,0,5,8098,0,910,5,9008,California
Mendocino,2021-01-25,192,10275,18,4392,174,5883,0,0,122,8150,70,980,122,9130,California
Mendocino,2021-01-26,155,10430,54,4446,101,5984,0,0,95,8185,60,1040,95,9225,California
Mendocino,2021-01-27,443,10873,373,4819,70,6054,0,0,177,8103,259,1299,177,9402,California
Mendocino,2021-01-28,603,11476,539,5358,64,6118,0,0,506,8513,96,1395,506,9908,California
Mendocino,2021-01-29,391,11867,351,5709,40,6158,0,0,362,8847,29,1424,363,10271,California
Mendocino,2021-01-30,50,11917,31,5740,19,6177,0,0,43,8883,7,1431,43,10314,California
Mendocino,2021-01-31,275,12192,2,5742,273,6450,0,0,4,8616,271,1702,4,10318,California
Mendocino,2021-02-01,382,12574,54,5796,328,6778,0,0,60,8354,322,2024,60,10378,California
Mendocino,2021-02-02,748,13322,527,6323,221,6999,0,0,386,8378,362,2386,386,10764,California
Mendocino,2021-02-03,395,13717,208,6531,187,7186,0,0,223,8431,170,2556,223,10987,California
Mendocino,2021-02-04,630,14347,535,7066,95,7281,0,0,503,8807,127,2683,503,11490,California
Mendocino,2021-02-05,1306,15653,1217,8283,89,7370,0,0,587,8677,717,3400,587,12077,California
Mendocino,2021-02-06,559,16212,159,8442,400,7770,0,0,544,9206,15,3415,544,12621,California
Mendocino,2021-02-07,34,16246,30,8472,4,7774,0,0,34,9240,0,3415,34,12655,California
Mendocino,2021-02-08,751,16997,718,9190,33,7807,0,0,287,9063,464,3879,287,12942,California
Mendocino,2021-02-09,143,17140,60,9250,83,7890,0,0,89,9098,54,3933,89,13031,California
Mendocino,2021-02-10,1489,18629,924,10174,565,8455,0,0,741,9098,741,4674,741,13772,California
Mendocino,2021-02-11,1213,19842,209,10383,1004,9459,0,0,299,8483,914,5588,299,14071,California
Mendocino,2021-02-12,1459,21301,162,10545,1297,10756,0,0,658,8341,800,6388,658,14729,California
Mendocino,2021-02-13,507,21808,14,10559,493,11249,0,0,104,8048,402,6790,109,14838,California
Mendocino,2021-02-14,694,22502,4,10563,690,11939,0,0,135,7624,559,7349,135,14973,California
Mendocino,2021-02-15,334,22836,43,10606,291,12230,0,0,175,7641,158,7507,175,15148,California
Mendocino,2021-02-16,200,23036,50,10656,150,12380,0,0,129,7699,71,7578,129,15277,California
Mendocino,2021-02-17,1360,24396,1197,11853,163,12543,0,0,880,8101,478,8056,880,16157,California
Mendocino,2021-02-18,1808,26204,663,12516,1145,13688,0,0,1224,8743,582,8638,1224,17381,California
Mendocino,2021-02-19,755,26959,149,12665,606,14294,0,0,611,9212,144,8782,613,17994,California
Mendocino,2021-02-20,578,27537,551,13216,27,14321,0,0,547,9730,29,8811,547,18541,California
Mendocino,2021-02-21,326,27863,8,13224,318,14639,0,0,314,10033,11,8822,314,18855,California
Mendocino,2021-02-22,162,28025,30,13254,132,14771,0,0,69,10011,91,8913,69,18924,California
Mendocino,2021-02-23,864,28889,850,14104,14,14785,0,0,647,10443,215,9128,647,19571,California
Mendocino,2021-02-24,1850,30739,1768,15872,82,14867,0,0,1432,11464,413,9541,1434,21005,California
Mendocino,2021-02-25,1714,32453,538,16410,1176,16043,0,0,1289,12329,424,9965,1289,22294,California
Mendocino,2021-02-26,1416,33869,750,17160,666,16709,0,0,1048,13012,365,10330,1048,23342,California
Mendocino,2021-02-27,201,34070,152,17312,49,16758,0,0,77,12966,123,10453,77,23419,California
Mendocino,2021-02-28,37,34107,14,17326,23,16781,0,0,24,12977,13,10466,24,23443,California
Mendocino,2021-03-01,591,34698,547,17873,44,16825,0,0,550,13489,38,10504,550,23993,California
Mendocino,2021-03-02,75,34773,28,17901,47,16872,0,0,42,13499,32,10536,42,24035,California
Mendocino,2021-03-03,2034,36807,1333,19234,701,17573,0,0,1384,14235,648,11184,1384,25419,California
Mendocino,2021-03-04,1853,38660,152,19386,1701,19274,0,0,1632,15651,218,11402,1634,27053,California
Mendocino,2021-03-05,479,39139,417,19803,53,19327,9,9,373,15931,102,11504,382,27435,California
Mendocino,2021-03-06,248,39387,23,19826,198,19525,27,36,204,16119,43,11547,231,27666,California
Mendocino,2021-03-07,525,39912,27,19853,478,20003,20,56,137,15888,387,11934,156,27822,California
Mendocino,2021-03-08,123,40035,28,19881,58,20061,37,93,64,15932,57,11991,101,27923,California
Mendocino,2021-03-09,940,40975,598,20479,301,20362,41,134,832,16697,108,12099,873,28796,California
Mendocino,2021-03-10,1147,42122,984,21463,98,20460,65,199,267,16158,874,12973,335,29131,California
Mendocino,2021-03-11,841,42963,624,22087,162,20622,55,254,399,16173,439,13412,454,29585,California
Mendocino,2021-03-12,2068,45031,1057,23144,899,21521,112,366,1235,16693,827,14239,1347,30932,California
Mendocino,2021-03-13,704,45735,569,23713,77,21598,58,424,107,16265,593,14832,165,31097,California
Mendocino,2021-03-14,105,45840,3,23716,95,21693,7,431,12,16195,89,14921,19,31116,California
Mendocino,2021-03-15,601,46441,52,23768,490,22183,59,490,209,16073,389,15310,267,31383,California
Mendocino,2021-03-16,585,47026,389,24157,150,22333,46,536,116,15768,467,15777,162,31545,California
Mendocino,2021-03-17,1584,48610,1380,25537,56,22389,148,684,219,14784,1358,17135,374,31919,California
Mendocino,2021-03-18,1309,49919,248,25785,1024,23413,37,721,279,14078,1022,18157,316,32235,California
Mendocino,2021-03-19,1778,51697,856,26641,861,24274,61,782,331,13032,1440,19597,394,32629,California
Mendocino,2021-03-20,70,51767,10,26651,39,24313,21,803,12,13007,58,19655,33,32662,California
Mendocino,2021-03-21,8,51775,1,26652,2,24315,5,808,3,13010,5,19660,8,32670,California
Mendocino,2021-03-22,655,52430,611,27263,15,24330,29,837,145,12677,506,20166,173,32843,California
Mendocino,2021-03-23,165,52595,34,27297,101,24431,30,867,114,12770,51,20217,144,32987,California
Mendocino,2021-03-24,917,53512,842,28139,28,24459,47,914,112,12126,803,21020,159,33146,California
Mendocino,2021-03-25,2016,55528,54,28193,1942,26401,20,934,176,10486,1834,22854,194,33340,California
Mendocino,2021-03-26,547,56075,395,28588,126,26527,26,960,114,10193,432,23286,139,33479,California
Mendocino,2021-03-27,162,56237,31,28619,119,26646,12,972,84,10211,77,23363,95,33574,California
Mendocino,2021-03-28,27,56264,7,28626,16,26662,4,976,5,10199,21,23384,9,33583,California
Mendocino,2021-03-29,191,56455,98,28724,49,26711,44,1020,96,10244,95,23479,140,33723,California
Mendocino,2021-03-30,718,57173,633,29357,48,26759,37,1057,107,9779,609,24088,144,33867,California
Mendocino,2021-03-31,919,58092,281,29638,577,27336,61,1118,154,9232,762,24850,215,34082,California
Mendocino,2021-04-01,1752,59844,425,30063,1246,28582,81,1199,383,8337,1358,26208,463,34545,California
Mendocino,2021-04-02,1311,61155,1078,31141,160,28742,73,1272,160,7422,1148,27356,233,34778,California
Mendocino,2021-04-03,714,61869,14,31155,679,29421,21,1293,87,6908,622,27978,108,34886,California
Mendocino,2021-04-04,71,61940,35,31190,30,29451,6,1299,55,6953,16,27994,61,34947,California
Mendocino,2021-04-05,213,62153,141,31331,48,29499,24,1323,127,7015,86,28080,148,35095,California
Mendocino,2021-04-06,401,62554,124,31455,182,29681,95,1418,108,6925,293,28373,203,35298,California
Mendocino,2021-04-07,493,63047,181,31636,65,29746,247,1665,118,6916,372,28745,363,35661,California
Mendocino,2021-04-08,1500,64547,921,32557,464,30210,115,1780,1007,7552,487,29232,1123,36784,California
Mendocino,2021-04-09,760,65307,428,32985,171,30381,161,1941,397,7747,363,29595,558,37342,California
Mendocino,2021-04-10,405,65712,92,33077,267,30648,46,1987,99,7586,306,29901,145,37487,California
Mendocino,2021-04-11,122,65834,47,33124,19,30667,56,2043,59,7638,63,29964,115,37602,California
Mendocino,2021-04-12,623,66457,514,33638,48,30715,61,2104,408,7892,215,30179,469,38071,California
Mendocino,2021-04-13,292,66749,229,33867,63,30778,0,2104,224,8048,68,30247,224,38295,California
Mendocino,2021-04-14,525,67274,430,34297,95,30873,0,2104,422,8367,103,30350,422,38717,California
Mendocino,2021-04-15,662,67936,328,34625,334,31207,0,2104,387,8484,270,30620,387,39104,California
Mendocino,2021-04-16,129,68065,55,34680,73,31280,1,2105,80,8516,48,30668,80,39184,California
Mendocino,2021-04-17,195,68260,12,34692,183,31463,0,2105,68,8459,125,30793,68,39252,California
Mendocino,2021-04-18,17,68277,9,34701,8,31471,0,2105,9,8462,6,30799,9,39261,California
Mendocino,2021-04-19,542,68819,516,35217,25,31496,1,2106,430,8783,110,30909,431,39692,California
Mendocino,2021-04-20,429,69248,296,35513,133,31629,0,2106,269,8893,159,31068,269,39961,California
Mendocino,2021-04-21,198,69446,135,35648,62,31691,1,2107,118,8933,78,31146,118,40079,California
Mendocino,2021-04-22,487,69933,317,35965,169,31860,1,2108,312,9074,171,31317,312,40391,California
Mendocino,2021-04-23,861,70794,703,36668,158,32018,0,2108,701,9618,157,31474,701,41092,California
Mendocino,2021-04-24,110,70904,16,36684,94,32112,0,2108,103,9714,7,31481,103,41195,California
Mendocino,2021-04-25,58,70962,34,36718,20,32132,4,2112,18,9697,39,31520,22,41217,California
Mendocino,2021-04-26,310,71272,238,36956,67,32199,5,2117,203,9799,106,31626,208,41425,California
Mendocino,2021-04-27,208,71480,91,37047,90,32289,27,2144,95,9808,112,31738,121,41546,California
Mendocino,2021-04-28,223,71703,147,37194,57,32346,19,2163,126,9857,97,31835,146,41692,California
Mendocino,2021-04-29,1147,72850,842,38036,290,32636,15,2178,113,8956,1028,32863,127,41819,California
Mendocino,2021-04-30,609,73459,384,38420,215,32851,10,2188,230,8818,378,33241,240,42059,California
Mendocino,2021-05-01,480,73939,435,38855,37,32888,8,2196,374,9095,105,33346,382,42441,California
Mendocino,2021-05-02,57,73996,47,38902,7,32895,3,2199,9,9060,47,33393,12,42453,California
Mendocino,2021-05-03,148,74144,85,38987,41,32936,22,2221,43,9022,103,33496,65,42518,California
Mendocino,2021-05-04,380,74524,253,39240,94,33030,33,2254,142,8959,238,33734,175,42693,California
Mendocino,2021-05-05,879,75403,791,40031,73,33103,15,2269,223,8541,655,34389,237,42930,California
Mendocino,2021-05-06,632,76035,382,40413,228,33331,22,2291,155,8243,475,34864,177,43107,California
Mendocino,2021-05-07,190,76225,36,40449,129,33460,25,2316,122,8322,67,34931,146,43253,California
Mendocino,2021-05-08,126,76351,5,40454,120,33580,1,2317,110,8418,15,34946,111,43364,California
Mendocino,2021-05-09,22,76373,7,40461,14,33594,1,2318,5,8407,17,34963,6,43370,California
Mendocino,2021-05-10,244,76617,161,40622,78,33672,5,2323,151,8470,93,35056,156,43526,California
Mendocino,2021-05-11,281,76898,144,40766,119,33791,18,2341,130,8466,150,35206,146,43672,California
Mendocino,2021-05-12,143,77041,81,40847,54,33845,8,2349,44,8421,97,35303,52,43724,California
Mendocino,2021-05-13,1236,78277,1122,41969,97,33942,17,2366,323,7848,913,36216,340,44064,California
Mendocino,2021-05-14,725,79002,495,42464,167,34109,63,2429,250,7691,470,36686,313,44377,California
Mendocino,2021-05-15,85,79087,29,42493,52,34161,4,2433,40,7690,45,36731,44,44421,California
Mendocino,2021-05-16,117,79204,104,42597,11,34172,2,2435,99,7775,17,36748,102,44523,California
Mendocino,2021-05-17,177,79381,84,42681,77,34249,16,2451,101,7816,76,36824,117,44640,California
Mendocino,2021-05-18,245,79626,118,42799,99,34348,28,2479,108,7815,136,36960,135,44775,California
Mendocino,2021-05-19,328,79954,191,42990,116,34464,21,2500,242,7995,83,37043,263,45038,California
Mendocino,2021-05-20,297,80251,116,43106,139,34603,42,2542,105,7953,189,37232,147,45185,California
Mendocino,2021-05-21,655,80906,476,43582,164,34767,15,2557,507,8328,147,37379,522,45707,California
Mendocino,2021-05-22,787,81693,676,44258,103,34870,8,2565,241,8032,545,37924,249,45956,California
Mendocino,2021-05-23,30,81723,13,44271,10,34880,7,2572,15,8039,14,37938,21,45977,California
Mendocino,2021-05-24,129,81852,45,44316,63,34943,21,2593,61,8054,67,38005,82,46059,California
Mendocino,2021-05-25,296,82148,177,44493,89,35032,30,2623,135,8058,160,38165,164,46223,California
Mendocino,2021-05-26,324,82472,244,44737,68,35100,12,2635,131,8009,192,38357,143,46366,California
Mendocino,2021-05-27,246,82718,112,44849,112,35212,22,2657,102,7990,142,38499,123,46489,California
Mendocino,2021-05-28,238,82956,98,44947,127,35339,13,2670,152,8072,84,38583,166,46655,California
Mendocino,2021-05-29,48,83004,17,44964,26,35365,5,2675,24,8077,24,38607,29,46684,California
Mendocino,2021-05-30,15,83019,2,44966,12,35377,1,2676,10,8083,5,38612,11,46695,California
Mendocino,2021-05-31,6,83025,0,44966,5,35382,1,2677,2,8083,3,38615,3,46698,California
Mendocino,2021-06-01,313,83338,105,45071,199,35581,9,2686,83,7945,230,38845,92,46790,California
Mendocino,2021-06-02,155,83493,58,45129,89,35670,8,2694,54,7908,99,38944,62,46852,California
Mendocino,2021-06-03,560,84053,458,45587,93,35763,9,2703,125,7614,428,39372,134,46986,California
Mendocino,2021-06-04,322,84375,195,45782,104,35867,23,2726,86,7488,235,39607,109,47095,California
Mendocino,2021-06-05,226,84601,93,45875,115,35982,18,2744,73,7428,151,39758,91,47186,California
Mendocino,2021-06-06,63,84664,58,45933,2,35984,3,2747,2,7372,61,39819,5,47191,California
Mendocino,2021-06-07,148,84812,71,46004,65,36049,12,2759,59,7354,89,39908,71,47262,California
Mendocino,2021-06-08,231,85043,130,46134,87,36136,14,2773,97,7336,129,40037,111,47373,California
Mendocino,2021-06-09,312,85355,249,46383,53,36189,10,2783,108,7251,203,40240,118,47491,California
Mendocino,2021-06-10,132,85487,71,46454,45,36234,16,2799,59,7253,73,40313,75,47566,California
Mendocino,2021-06-11,747,86234,587,47041,132,36366,28,2827,121,6778,624,40937,149,47715,California
Mendocino,2021-06-12,78,86312,53,47094,19,36385,6,2833,28,6763,49,40986,34,47749,California
Mendocino,2021-06-13,29,86341,16,47110,11,36396,2,2835,15,6767,13,40999,17,47766,California
Mendocino,2021-06-14,131,86472,60,47170,52,36448,19,2854,48,6751,82,41081,66,47832,California
Mendocino,2021-06-15,260,86732,167,47337,74,36522,19,2873,83,6676,177,41258,102,47934,California
Mendocino,2021-06-16,270,87002,168,47505,80,36602,22,2895,66,6562,202,41460,88,48022,California
Mendocino,2021-06-17,171,87173,90,47595,64,36666,17,2912,56,6521,114,41574,73,48095,California
Mendocino,2021-06-18,278,87451,127,47722,121,36787,30,2942,79,6431,198,41772,108,48203,California
Mendocino,2021-06-19,76,87527,43,47765,26,36813,7,2949,17,6396,59,41831,24,48227,California
Mendocino,2021-06-20,12,87539,4,47769,4,36817,4,2953,7,6402,5,41836,11,48238,California
Mendocino,2021-06-21,99,87638,33,47802,55,36872,11,2964,43,6402,53,41889,53,48291,California
Mendocino,2021-06-22,133,87771,86,47888,34,36906,13,2977,56,6396,75,41964,69,48360,California
Mendocino,2021-06-23,226,87997,160,48048,37,36943,29,3006,101,6401,125,42089,130,48490,California
Mendocino,2021-06-24,195,88192,111,48159,70,37013,14,3020,73,6367,121,42210,87,48577,California
Mendocino,2021-06-25,184,88376,97,48256,74,37087,13,3033,71,6339,112,42322,84,48661,California
Mendocino,2021-06-26,71,88447,46,48302,21,37108,4,3037,19,6310,52,42374,23,48684,California
Mendocino,2021-06-27,23,88470,13,48315,9,37117,1,3038,13,6314,10,42384,14,48698,California
Mendocino,2021-06-28,60,88530,40,48355,11,37128,9,3047,20,6305,38,42422,29,48727,California
Mendocino,2021-06-29,68,88598,48,48403,19,37147,1,3048,17,6272,51,42473,18,48745,California
Merced,2020-12-16,3,3,3,3,0,0,0,0,3,3,0,0,3,3,California
Merced,2020-12-17,9,12,9,12,0,0,0,0,9,12,0,0,9,12,California
Merced,2020-12-18,146,158,146,158,0,0,0,0,146,158,0,0,146,158,California
Merced,2020-12-19,39,197,39,197,0,0,0,0,39,197,0,0,39,197,California
Merced,2020-12-20,18,215,18,215,0,0,0,0,18,215,0,0,18,215,California
Merced,2020-12-21,125,340,122,337,3,3,0,0,125,340,0,0,125,340,California
Merced,2020-12-22,153,493,153,490,0,3,0,0,153,493,0,0,153,493,California
Merced,2020-12-23,256,749,249,739,7,10,0,0,256,749,0,0,256,749,California
Merced,2020-12-24,72,821,72,811,0,10,0,0,72,821,0,0,72,821,California
Merced,2020-12-25,4,825,4,815,0,10,0,0,4,825,0,0,4,825,California
Merced,2020-12-26,6,831,3,818,3,13,0,0,6,831,0,0,6,831,California
Merced,2020-12-27,12,843,11,829,1,14,0,0,12,843,0,0,12,843,California
Merced,2020-12-28,122,965,97,926,25,39,0,0,122,965,0,0,122,965,California
Merced,2020-12-29,193,1158,123,1049,70,109,0,0,193,1158,0,0,193,1158,California
Merced,2020-12-30,218,1376,90,1139,128,237,0,0,218,1376,0,0,218,1376,California
Merced,2020-12-31,102,1478,33,1172,69,306,0,0,102,1478,0,0,102,1478,California
Merced,2021-01-01,6,1484,1,1173,5,311,0,0,6,1484,0,0,6,1484,California
Merced,2021-01-02,129,1613,118,1291,11,322,0,0,129,1613,0,0,129,1613,California
Merced,2021-01-03,9,1622,5,1296,4,326,0,0,9,1622,0,0,9,1622,California
Merced,2021-01-04,82,1704,42,1338,40,366,0,0,82,1704,0,0,82,1704,California
Merced,2021-01-05,330,2034,235,1573,95,461,0,0,324,2024,6,6,326,2030,California
Merced,2021-01-06,260,2294,106,1679,154,615,0,0,253,2271,7,13,254,2284,California
Merced,2021-01-07,187,2481,83,1762,104,719,0,0,175,2433,13,26,175,2459,California
Merced,2021-01-08,527,3008,394,2156,133,852,0,0,374,2655,152,178,374,2833,California
Merced,2021-01-09,23,3031,10,2166,13,865,0,0,17,2666,6,184,17,2850,California
Merced,2021-01-10,11,3042,7,2173,4,869,0,0,7,2669,4,188,7,2857,California
Merced,2021-01-11,231,3273,172,2345,59,928,0,0,102,2644,129,317,104,2961,California
Merced,2021-01-12,299,3572,174,2519,125,1053,0,0,249,2842,51,368,249,3210,California
Merced,2021-01-13,394,3966,178,2697,216,1269,0,0,239,2930,154,522,242,3452,California
Merced,2021-01-14,328,4294,205,2902,123,1392,0,0,160,2924,167,689,161,3613,California
Merced,2021-01-15,592,4886,133,3035,459,1851,0,0,553,3440,40,729,556,4169,California
Merced,2021-01-16,214,5100,130,3165,84,1935,0,0,197,3620,17,746,197,4366,California
Merced,2021-01-17,51,5151,12,3177,39,1974,0,0,49,3667,2,748,49,4415,California
Merced,2021-01-18,268,5419,129,3306,139,2113,0,0,244,3891,24,772,248,4663,California
Merced,2021-01-19,716,6135,590,3896,126,2239,0,0,543,4269,172,944,550,5213,California
Merced,2021-01-20,574,6709,468,4364,106,2345,0,0,517,4732,57,1001,520,5733,California
Merced,2021-01-21,1029,7738,654,5018,375,2720,0,0,927,5560,102,1103,930,6663,California
Merced,2021-01-22,1319,9057,696,5714,623,3343,0,0,1290,6834,28,1131,1302,7965,California
Merced,2021-01-23,332,9389,198,5912,134,3477,0,0,225,6952,107,1238,225,8190,California
Merced,2021-01-24,36,9425,15,5927,21,3498,0,0,28,6973,7,1245,28,8218,California
Merced,2021-01-25,743,10168,243,6170,500,3998,0,0,681,7594,61,1306,682,8900,California
Merced,2021-01-26,946,11114,488,6658,458,4456,0,0,689,8055,229,1535,690,9590,California
Merced,2021-01-27,1005,12119,589,7247,416,4872,0,0,832,8716,171,1706,832,10422,California
Merced,2021-01-28,1161,13280,597,7844,564,5436,0,0,1037,9632,123,1829,1039,11461,California
Merced,2021-01-29,875,14155,315,8159,560,5996,0,0,621,10014,242,2071,624,12085,California
Merced,2021-01-30,269,14424,28,8187,241,6237,0,0,252,10249,17,2088,252,12337,California
Merced,2021-01-31,48,14472,11,8198,37,6274,0,0,47,10295,1,2089,47,12384,California
Merced,2021-02-01,396,14868,52,8250,344,6618,0,0,343,10588,51,2140,344,12728,California
Merced,2021-02-02,316,15184,183,8433,133,6751,0,0,187,10650,126,2266,188,12916,California
Merced,2021-02-03,365,15549,80,8513,285,7036,0,0,182,10649,183,2449,182,13098,California
Merced,2021-02-04,389,15938,160,8673,229,7265,0,0,256,10774,132,2581,257,13355,California
Merced,2021-02-05,522,16460,179,8852,343,7608,0,0,281,10818,239,2820,283,13638,California
Merced,2021-02-06,395,16855,221,9073,174,7782,0,0,251,10929,141,2961,252,13890,California
Merced,2021-02-07,21,16876,13,9086,8,7790,0,0,14,10936,7,2968,14,13904,California
Merced,2021-02-08,291,17167,200,9286,91,7881,0,0,178,11004,111,3079,179,14083,California
Merced,2021-02-09,1232,18399,968,10254,264,8145,0,0,783,11347,441,3520,784,14867,California
Merced,2021-02-10,1904,20303,1445,11699,459,8604,0,0,1306,12065,588,4108,1306,16173,California
Merced,2021-02-11,2566,22869,2044,13743,522,9126,0,0,1845,13203,708,4816,1846,18019,California
Merced,2021-02-12,1744,24613,1027,14770,717,9843,0,0,765,13011,960,5776,768,18787,California
Merced,2021-02-13,370,24983,211,14981,159,10002,0,0,269,13186,96,5872,271,19058,California
Merced,2021-02-14,119,25102,27,15008,92,10094,0,0,97,13262,22,5894,98,19156,California
Merced,2021-02-15,278,25380,43,15051,235,10329,0,0,170,13332,101,5995,171,19327,California
Merced,2021-02-16,1237,26617,855,15906,382,10711,0,0,847,13813,370,6365,851,20178,California
Merced,2021-02-17,1913,28530,1667,17573,246,10957,0,0,1334,14597,559,6924,1343,21521,California
Merced,2021-02-18,1279,29809,874,18447,405,11362,0,0,451,14245,807,7731,455,21976,California
Merced,2021-02-19,1293,31102,441,18888,852,12214,0,0,554,14068,733,8464,556,22532,California
Merced,2021-02-20,290,31392,33,18921,257,12471,0,0,143,14066,145,8609,143,22675,California
Merced,2021-02-21,83,31475,67,18988,16,12487,0,0,30,14045,51,8660,30,22705,California
Merced,2021-02-22,852,32327,299,19287,553,13040,0,0,486,14169,364,9024,488,23193,California
Merced,2021-02-23,1116,33443,432,19719,684,13724,0,0,646,14354,464,9488,649,23842,California
Merced,2021-02-24,860,34303,311,20030,549,14273,0,0,456,14419,392,9880,457,24299,California
Merced,2021-02-25,1830,36133,912,20942,918,15191,0,0,1345,15286,481,10361,1348,25647,California
Merced,2021-02-26,2227,38360,1415,22357,812,16003,0,0,1762,16596,453,10814,1763,27410,California
Merced,2021-02-27,2635,40995,1198,23555,1437,17440,0,0,2343,18648,291,11105,2343,29753,California
Merced,2021-02-28,324,41319,76,23631,247,17687,1,1,257,18842,63,11168,257,30010,California
Merced,2021-03-01,1161,42480,287,23918,873,18560,1,2,788,19268,363,11531,789,30799,California
Merced,2021-03-02,1898,44378,1038,24956,859,19419,1,3,1487,20354,404,11935,1490,32289,California
Merced,2021-03-03,2476,46854,1970,26926,505,19924,1,4,1701,21303,754,12689,1703,33992,California
Merced,2021-03-04,3155,50009,2526,29452,627,20551,2,6,2162,22496,972,13661,2165,36157,California
Merced,2021-03-05,2357,52366,1470,30922,863,21414,24,30,1802,23782,541,14202,1827,37984,California
Merced,2021-03-06,1182,53548,671,31593,489,21903,22,52,914,24451,267,14469,936,38920,California
Merced,2021-03-07,232,53780,66,31659,141,22044,25,77,203,24650,29,14498,228,39148,California
Merced,2021-03-08,1554,55334,942,32601,547,22591,65,142,1322,25805,231,14729,1386,40534,California
Merced,2021-03-09,1891,57225,1147,33748,636,23227,108,250,1222,26475,660,15389,1330,41864,California
Merced,2021-03-10,2964,60189,1989,35737,775,24002,200,450,1638,27010,1308,16697,1843,43707,California
Merced,2021-03-11,2219,62408,836,36573,1179,25181,204,654,1233,27502,966,17663,1458,45165,California
Merced,2021-03-12,2547,64955,1112,37685,1160,26341,275,929,1655,28557,887,18550,1942,47107,California
Merced,2021-03-13,1031,65986,321,38006,469,26810,241,1170,714,29201,309,18859,953,48060,California
Merced,2021-03-14,270,66256,155,38161,85,26895,30,1200,151,29267,115,18974,181,48241,California
Merced,2021-03-15,1720,67976,671,38832,792,27687,257,1457,1187,30188,522,19496,1443,49684,California
Merced,2021-03-16,1660,69636,876,39708,557,28244,227,1684,1139,31046,509,20005,1367,51051,California
Merced,2021-03-17,2316,71952,1388,41096,747,28991,181,1865,1839,32602,465,20470,2021,53072,California
Merced,2021-03-18,2267,74219,1384,42480,734,29725,149,2014,1410,33336,839,21309,1573,54645,California
Merced,2021-03-19,2809,77028,1587,44067,1027,30752,195,2209,1402,33539,1394,22703,1597,56242,California
Merced,2021-03-20,2471,79499,1534,45601,541,31293,396,2605,968,33412,1495,24198,1368,57610,California
Merced,2021-03-21,571,80070,345,45946,211,31504,15,2620,448,33755,122,24320,465,58075,California
Merced,2021-03-22,1283,81353,643,46589,564,32068,76,2696,894,34347,380,24700,972,59047,California
Merced,2021-03-23,1978,83331,1234,47823,678,32746,66,2762,1375,35195,592,25292,1440,60487,California
Merced,2021-03-24,1726,85057,1169,48992,521,33267,36,2798,1004,35526,709,26001,1040,61527,California
Merced,2021-03-25,3623,88680,2557,51549,1043,34310,23,2821,2121,36193,1480,27481,2147,63674,California
Merced,2021-03-26,2212,90892,1350,52899,825,35135,37,2858,904,35855,1278,28759,940,64614,California
Merced,2021-03-27,3601,94493,1928,54827,1250,36385,423,3281,1570,35834,2015,30774,1994,66608,California
Merced,2021-03-28,527,95020,217,55044,303,36688,7,3288,214,35746,310,31084,222,66830,California
Merced,2021-03-29,1956,96976,886,55930,898,37586,172,3460,682,35341,1261,32345,856,67686,California
Merced,2021-03-30,2294,99270,923,56853,1312,38898,59,3519,1010,35134,1278,33623,1071,68757,California
Merced,2021-03-31,2392,101662,1487,58340,720,39618,185,3704,993,34937,1374,34997,1177,69934,California
Merced,2021-04-01,2606,104268,1062,59402,1185,40803,359,4063,1067,34838,1524,36521,1425,71359,California
Merced,2021-04-02,2481,106749,749,60151,1310,42113,422,4485,799,34412,1637,38158,1211,72570,California
Merced,2021-04-03,1098,107847,607,60758,472,42585,19,4504,668,34680,420,38578,688,73258,California
Merced,2021-04-04,376,108223,143,60901,229,42814,4,4508,143,34597,232,38810,149,73407,California
Merced,2021-04-05,1509,109732,830,61731,466,43280,213,4721,413,34137,1086,39896,626,74033,California
Merced,2021-04-06,2611,112343,1069,62800,712,43992,830,5551,895,34153,1708,41604,1724,75757,California
Merced,2021-04-07,1921,114264,1134,63934,679,44671,108,5659,596,33574,1285,42889,706,76463,California
Merced,2021-04-08,2509,116773,1355,65289,934,45605,220,5879,992,33316,1466,44355,1208,77671,California
Merced,2021-04-09,1719,118492,484,65773,653,46258,582,6461,561,33323,1137,45492,1144,78815,California
Merced,2021-04-10,988,119480,371,66144,429,46687,188,6649,178,32883,804,46296,364,79179,California
Merced,2021-04-11,488,119968,281,66425,72,46759,135,6784,147,32827,339,46635,283,79462,California
Merced,2021-04-12,1523,121491,996,67421,403,47162,124,6908,868,33205,615,47250,993,80455,California
Merced,2021-04-13,2063,123554,1475,68896,586,47748,2,6910,935,33117,1029,48279,941,81396,California
Merced,2021-04-14,2256,125810,1397,70293,859,48607,0,6910,1046,33090,1074,49353,1047,82443,California
Merced,2021-04-15,3056,128866,1993,72286,1063,49670,0,6910,942,32160,1876,51229,946,83389,California
Merced,2021-04-16,2417,131283,1176,73462,1241,50911,0,6910,962,31775,1347,52576,962,84351,California
Merced,2021-04-17,2156,133439,1482,74944,673,51584,1,6911,663,30957,1485,54061,667,85018,California
Merced,2021-04-18,524,133963,298,75242,226,51810,0,6911,200,30861,296,54357,200,85218,California
Merced,2021-04-19,1378,135341,762,76004,616,52426,0,6911,710,31004,567,54924,710,85928,California
Merced,2021-04-20,1559,136900,797,76801,762,53188,0,6911,813,31144,673,55597,813,86741,California
Merced,2021-04-21,1619,138519,1004,77805,615,53803,0,6911,800,31242,703,56300,801,87542,California
Merced,2021-04-22,1722,140241,794,78599,928,54731,0,6911,787,31188,842,57142,788,88330,California
Merced,2021-04-23,1715,141956,735,79334,980,55711,0,6911,925,31373,741,57883,926,89256,California
Merced,2021-04-24,884,142840,705,80039,179,55890,0,6911,555,31604,324,58207,555,89811,California
Merced,2021-04-25,334,143174,192,80231,142,56032,0,6911,193,31660,137,58344,193,90004,California
Merced,2021-04-26,1291,144465,561,80792,730,56762,0,6911,648,31704,606,58950,650,90654,California
Merced,2021-04-27,1839,146304,936,81728,891,57653,12,6923,743,31433,1026,59976,755,91409,California
Merced,2021-04-28,1446,147750,728,82456,710,58363,8,6931,823,31667,597,60573,831,92240,California
Merced,2021-04-29,1511,149261,683,83139,803,59166,25,6956,718,31630,782,61355,745,92985,California
Merced,2021-04-30,1517,150778,653,83792,820,59986,44,7000,784,31733,726,62081,829,93814,California
Merced,2021-05-01,566,151344,242,84034,320,60306,4,7004,266,31707,295,62376,269,94083,California
Merced,2021-05-02,304,151648,122,84156,167,60473,15,7019,126,31672,177,62553,142,94225,California
Merced,2021-05-03,875,152523,573,84729,228,60701,74,7093,315,31507,556,63109,391,94616,California
Merced,2021-05-04,1082,153605,592,85321,438,61139,52,7145,397,31278,678,63787,449,95065,California
Merced,2021-05-05,1471,155076,964,86285,431,61570,76,7221,646,31189,812,64599,723,95788,California
Merced,2021-05-06,953,156029,509,86794,394,61964,50,7271,317,30928,628,65227,367,96155,California
Merced,2021-05-07,1180,157209,520,87314,618,62582,42,7313,459,30717,715,65942,504,96659,California
Merced,2021-05-08,452,157661,253,87567,163,62745,36,7349,219,30740,232,66174,255,96914,California
Merced,2021-05-09,214,157875,106,87673,101,62846,7,7356,96,30726,117,66291,103,97017,California
Merced,2021-05-10,728,158603,384,88057,307,63153,37,7393,201,30441,524,66815,239,97256,California
Merced,2021-05-11,1203,159806,723,88780,420,63573,60,7453,475,30255,721,67536,535,97791,California
Merced,2021-05-12,1122,160928,644,89424,436,64009,42,7495,386,29951,733,68269,429,98220,California
Merced,2021-05-13,951,161879,541,89965,368,64377,42,7537,428,29903,518,68787,470,98690,California
Merced,2021-05-14,1079,162958,665,90630,374,64751,40,7577,569,30008,504,69291,609,99299,California
Merced,2021-05-15,767,163725,580,91210,168,64919,19,7596,452,30178,303,69594,473,99772,California
Merced,2021-05-16,370,164095,253,91463,108,65027,9,7605,215,30250,153,69747,225,99997,California
Merced,2021-05-17,1111,165206,724,92187,357,65384,30,7635,544,30265,560,70307,575,100572,California
Merced,2021-05-18,1291,166497,862,93049,398,65782,31,7666,713,30438,571,70878,744,101316,California
Merced,2021-05-19,1150,167647,758,93807,385,66167,7,7673,640,30583,506,71384,651,101967,California
Merced,2021-05-20,1068,168715,566,94373,446,66613,56,7729,403,30381,663,72047,461,102428,California
Merced,2021-05-21,1201,169916,694,95067,479,67092,28,7757,487,30195,702,72749,516,102944,California
Merced,2021-05-22,765,170681,549,95616,203,67295,13,7770,455,30357,309,73058,471,103415,California
Merced,2021-05-23,360,171041,260,95876,87,67382,13,7783,236,30483,123,73181,249,103664,California
Merced,2021-05-24,634,171675,273,96149,330,67712,31,7814,233,30353,395,73576,265,103929,California
Merced,2021-05-25,775,172450,436,96585,305,68017,34,7848,391,30398,379,73955,424,104353,California
Merced,2021-05-26,1006,173456,558,97143,415,68432,33,7881,400,30228,604,74559,434,104787,California
Merced,2021-05-27,930,174386,655,97798,240,68672,35,7916,559,30456,367,74926,595,105382,California
Merced,2021-05-28,777,175163,352,98150,379,69051,46,7962,333,30400,435,75361,379,105761,California
Merced,2021-05-29,393,175556,273,98423,112,69163,8,7970,160,30339,230,75591,169,105930,California
Merced,2021-05-30,215,175771,146,98569,58,69221,11,7981,130,30395,85,75676,141,106071,California
Merced,2021-05-31,111,175882,25,98594,80,69301,6,7987,31,30355,78,75754,38,106109,California
Merced,2021-06-01,865,176747,542,99136,290,69591,33,8020,316,30160,544,76298,349,106458,California
Merced,2021-06-02,755,177502,485,99621,244,69835,26,8046,340,30118,408,76706,366,106824,California
Merced,2021-06-03,762,178264,484,100105,244,70079,34,8080,300,29995,456,77162,333,107157,California
Merced,2021-06-04,798,179062,454,100559,322,70401,22,8102,305,29836,487,77649,328,107485,California
Merced,2021-06-05,511,179573,404,100963,95,70496,12,8114,190,29722,316,77965,202,107687,California
Merced,2021-06-06,227,179800,191,101154,30,70526,6,8120,79,29659,148,78113,85,107772,California
Merced,2021-06-07,664,180464,532,101686,119,70645,13,8133,193,29396,471,78584,208,107980,California
Merced,2021-06-08,865,181329,641,102327,200,70845,24,8157,273,29106,587,79171,297,108277,California
Merced,2021-06-09,879,182208,646,102973,218,71063,15,8172,264,28781,604,79775,279,108556,California
Merced,2021-06-10,649,182857,449,103422,180,71243,20,8192,264,28687,378,80153,284,108840,California
Merced,2021-06-11,577,183434,366,103788,196,71439,15,8207,240,28611,333,80486,257,109097,California
Merced,2021-06-12,581,184015,474,104262,84,71523,23,8230,175,28404,405,80891,198,109295,California
Merced,2021-06-13,256,184271,134,104396,117,71640,5,8235,63,28279,193,81084,68,109363,California
Merced,2021-06-14,552,184823,362,104758,156,71796,34,8269,251,28266,299,81383,286,109649,California
Merced,2021-06-15,790,185613,561,105319,202,71998,27,8296,269,28050,513,81896,297,109946,California
Merced,2021-06-16,723,186336,499,105818,202,72200,22,8318,327,28013,386,82282,349,110295,California
Merced,2021-06-17,738,187074,562,106380,145,72345,31,8349,237,27788,493,82775,268,110563,California
Merced,2021-06-18,777,187851,510,106890,236,72581,31,8380,389,27827,381,83156,420,110983,California
Merced,2021-06-19,366,188217,252,107142,87,72668,27,8407,197,27884,167,83323,224,111207,California
Merced,2021-06-20,238,188455,184,107326,46,72714,8,8415,140,27935,97,83420,148,111355,California
Merced,2021-06-21,322,188777,196,107522,114,72828,12,8427,200,28026,121,83541,212,111567,California
Merced,2021-06-22,515,189292,357,107879,139,72967,19,8446,254,28039,261,83802,274,111841,California
Merced,2021-06-23,583,189875,366,108245,206,73173,11,8457,290,28056,285,84087,302,112143,California
Merced,2021-06-24,544,190419,384,108629,128,73301,32,8489,251,28050,289,84376,283,112426,California
Merced,2021-06-25,482,190901,338,108967,120,73421,24,8513,249,28096,226,84602,272,112698,California
Merced,2021-06-26,182,191083,124,109091,52,73473,6,8519,89,28100,91,84693,95,112793,California
Merced,2021-06-27,193,191276,145,109236,39,73512,9,8528,120,28156,73,84766,129,112922,California
Merced,2021-06-28,334,191610,220,109456,98,73610,16,8544,175,28191,156,84922,191,113113,California
Merced,2021-06-29,194,191804,120,109576,59,73669,15,8559,79,28170,115,85037,94,113207,California
Modoc,2020-12-16,1,1,1,1,0,0,0,0,1,1,0,0,1,1,California
Modoc,2020-12-21,99,100,99,100,0,0,0,0,99,100,0,0,99,100,California
Modoc,2020-12-22,14,114,14,114,0,0,0,0,14,114,0,0,14,114,California
Modoc,2020-12-23,4,118,4,118,0,0,0,0,4,118,0,0,4,118,California
Modoc,2020-12-24,1,119,1,119,0,0,0,0,1,119,0,0,1,119,California
Modoc,2020-12-28,2,121,2,121,0,0,0,0,2,121,0,0,2,121,California
Modoc,2020-12-29,10,131,1,122,9,9,0,0,10,131,0,0,10,131,California
Modoc,2020-12-30,7,138,0,122,7,16,0,0,7,138,0,0,7,138,California
Modoc,2021-01-02,3,141,1,123,2,18,0,0,3,141,0,0,3,141,California
Modoc,2021-01-04,8,149,0,123,8,26,0,0,8,149,0,0,8,149,California
Modoc,2021-01-05,3,152,2,125,1,27,0,0,3,152,0,0,3,152,California
Modoc,2021-01-06,3,155,2,127,1,28,0,0,2,153,1,1,2,154,California
Modoc,2021-01-07,72,227,0,127,72,100,0,0,72,225,0,1,72,226,California
Modoc,2021-01-08,105,332,0,127,105,205,0,0,105,330,0,1,105,331,California
Modoc,2021-01-10,1,333,1,128,0,205,0,0,0,329,1,2,0,331,California
Modoc,2021-01-11,90,423,81,209,9,214,0,0,19,277,71,73,19,350,California
Modoc,2021-01-12,94,517,25,234,69,283,0,0,68,319,26,99,68,418,California
Modoc,2021-01-13,24,541,4,238,20,303,0,0,22,339,2,101,22,440,California
Modoc,2021-01-14,128,669,6,244,122,425,0,0,123,457,5,106,123,563,California
Modoc,2021-01-15,6,675,1,245,5,430,0,0,6,463,0,106,6,569,California
Modoc,2021-01-16,2,677,1,246,1,431,0,0,2,465,0,106,2,571,California
Modoc,2021-01-18,3,680,1,247,2,433,0,0,3,468,0,106,3,574,California
Modoc,2021-01-19,5,685,3,250,2,435,0,0,3,469,2,108,3,577,California
Modoc,2021-01-20,11,696,1,251,10,445,0,0,11,480,0,108,11,588,California
Modoc,2021-01-21,157,853,2,253,155,600,0,0,157,637,0,108,157,745,California
Modoc,2021-01-22,2,855,0,253,2,602,0,0,2,639,0,108,2,747,California
Modoc,2021-01-25,11,866,0,253,11,613,0,0,11,650,0,108,11,758,California
Modoc,2021-01-26,65,931,1,254,64,677,0,0,65,715,0,108,65,823,California
Modoc,2021-01-27,42,973,3,257,39,716,0,0,26,725,16,124,26,849,California
Modoc,2021-01-28,146,1119,2,259,144,860,0,0,145,869,1,125,145,994,California
Modoc,2021-01-29,3,1122,1,260,2,862,0,0,3,872,0,125,3,997,California
Modoc,2021-02-01,26,1148,13,273,13,875,0,0,12,870,14,139,12,1009,California
Modoc,2021-02-02,170,1318,2,275,168,1043,0,0,167,1034,3,142,167,1176,California
Modoc,2021-02-03,18,1336,13,288,5,1048,0,0,11,1038,7,149,11,1187,California
Modoc,2021-02-04,155,1491,4,292,151,1199,0,0,27,937,128,277,27,1214,California
Modoc,2021-02-05,2,1493,2,294,0,1199,0,0,1,937,1,278,1,1215,California
Modoc,2021-02-08,9,1502,2,296,7,1206,0,0,8,944,1,279,8,1223,California
Modoc,2021-02-09,197,1699,13,309,184,1390,0,0,65,877,132,411,65,1288,California
Modoc,2021-02-10,5,1704,2,311,3,1393,0,0,4,880,1,412,4,1292,California
Modoc,2021-02-11,200,1904,3,314,197,1590,0,0,83,846,117,529,83,1375,California
Modoc,2021-02-12,4,1908,0,314,4,1594,0,0,2,846,2,531,2,1377,California
Modoc,2021-02-13,2,1910,0,314,2,1596,0,0,1,846,1,532,1,1378,California
Modoc,2021-02-16,147,2057,6,320,141,1737,0,0,141,981,6,538,141,1519,California
Modoc,2021-02-17,25,2082,2,322,23,1760,0,0,12,980,13,551,12,1531,California
Modoc,2021-02-18,187,2269,2,324,185,1945,0,0,23,842,163,714,25,1556,California
Modoc,2021-02-19,3,2272,3,327,0,1945,0,0,2,843,1,715,2,1558,California
Modoc,2021-02-20,1,2273,1,328,0,1945,0,0,0,842,1,716,0,1558,California
Modoc,2021-02-22,17,2290,9,337,8,1953,0,0,3,831,14,730,3,1561,California
Modoc,2021-02-23,20,2310,2,339,18,1971,0,0,1,813,19,749,1,1562,California
Modoc,2021-02-24,91,2401,1,340,90,2061,0,0,31,784,60,809,31,1593,California
Modoc,2021-02-25,169,2570,0,340,169,2230,0,0,12,639,157,966,12,1605,California
Modoc,2021-02-26,3,2573,0,340,3,2233,0,0,1,638,2,968,1,1606,California
Modoc,2021-02-27,4,2577,4,344,0,2233,0,0,2,638,2,970,2,1608,California
Modoc,2021-03-01,6,2583,0,344,6,2239,0,0,1,635,4,974,1,1609,California
Modoc,2021-03-02,193,2776,12,356,181,2420,0,0,26,494,167,1141,26,1635,California
Modoc,2021-03-03,12,2788,6,362,6,2426,0,0,2,486,10,1151,2,1637,California
Modoc,2021-03-04,174,2962,2,364,172,2598,0,0,147,606,27,1178,147,1784,California
Modoc,2021-03-05,3,2965,3,367,0,2598,0,0,2,607,1,1179,2,1786,California
Modoc,2021-03-06,11,2976,0,367,1,2599,10,10,1,608,10,1189,11,1797,California
Modoc,2021-03-07,8,2984,2,369,0,2599,6,16,2,610,6,1195,8,1805,California
Modoc,2021-03-08,8,2992,1,370,3,2602,4,20,1,609,6,1201,5,1810,California
Modoc,2021-03-09,127,3119,10,380,108,2710,9,29,61,613,66,1267,70,1880,California
Modoc,2021-03-10,9,3128,3,383,2,2712,4,33,4,616,5,1272,8,1888,California
Modoc,2021-03-11,207,3335,0,383,99,2811,108,141,22,561,185,1457,130,2018,California
Modoc,2021-03-12,10,3345,1,384,4,2815,5,146,4,564,6,1463,9,2027,California
Modoc,2021-03-13,4,3349,0,384,1,2816,3,149,1,565,3,1466,4,2031,California
Modoc,2021-03-15,12,3361,1,385,10,2826,1,150,10,574,2,1468,11,2042,California
Modoc,2021-03-16,174,3535,2,387,168,2994,4,154,42,487,132,1600,45,2087,California
Modoc,2021-03-17,10,3545,1,388,4,2998,5,159,2,486,8,1608,7,2094,California
Modoc,2021-03-18,66,3611,2,390,57,3055,7,166,34,495,32,1640,41,2135,California
Modoc,2021-03-19,5,3616,0,390,0,3055,5,171,0,495,5,1645,5,2140,California
Modoc,2021-03-20,5,3621,2,392,0,3055,3,174,0,493,5,1650,3,2143,California
Modoc,2021-03-21,3,3624,1,393,0,3055,2,176,1,494,2,1652,3,2146,California
Modoc,2021-03-22,17,3641,1,394,11,3066,5,181,12,506,5,1657,17,2163,California
Modoc,2021-03-23,37,3678,7,401,27,3093,3,184,28,528,9,1666,31,2194,California
Modoc,2021-03-24,29,3707,1,402,18,3111,10,194,1,511,28,1694,11,2205,California
Modoc,2021-03-25,77,3784,1,403,74,3185,2,196,45,526,32,1726,47,2252,California
Modoc,2021-03-26,7,3791,2,405,2,3187,3,199,2,526,5,1731,5,2257,California
Modoc,2021-03-27,2,3793,0,405,1,3188,1,200,1,527,1,1732,2,2259,California
Modoc,2021-03-28,2,3795,1,406,0,3188,1,201,0,526,2,1734,1,2260,California
Modoc,2021-03-29,14,3809,1,407,5,3193,8,209,5,530,9,1743,13,2273,California
Modoc,2021-03-30,54,3863,9,416,38,3231,7,216,20,523,34,1777,27,2300,California
Modoc,2021-03-31,10,3873,3,419,3,3234,4,220,4,525,6,1783,8,2308,California
Modoc,2021-04-01,167,4040,2,421,160,3394,5,225,32,427,135,1918,37,2345,California
Modoc,2021-04-02,5,4045,0,421,2,3396,3,228,1,428,3,1921,4,2349,California
Modoc,2021-04-03,5,4050,2,423,0,3396,3,231,2,430,2,1923,4,2353,California
Modoc,2021-04-05,9,4059,0,423,9,3405,0,231,9,439,0,1923,9,2362,California
Modoc,2021-04-06,24,4083,5,428,9,3414,10,241,6,437,18,1941,16,2378,California
Modoc,2021-04-07,12,4095,1,429,4,3418,7,248,3,438,9,1950,10,2388,California
Modoc,2021-04-08,95,4190,1,430,92,3510,2,250,26,397,69,2019,28,2416,California
Modoc,2021-04-09,11,4201,2,432,6,3516,3,253,2,392,9,2028,4,2420,California
Modoc,2021-04-10,5,4206,0,432,1,3517,4,257,0,391,5,2033,4,2424,California
Modoc,2021-04-11,2,4208,2,434,0,3517,0,257,1,391,1,2034,1,2425,California
Modoc,2021-04-12,14,4222,0,434,10,3527,4,261,1,385,11,2045,5,2430,California
Modoc,2021-04-13,30,4252,29,463,1,3528,0,261,21,397,9,2054,21,2451,California
Modoc,2021-04-14,2,4254,2,465,0,3528,0,261,1,397,1,2055,1,2452,California
Modoc,2021-04-15,100,4354,0,465,100,3628,0,261,27,352,72,2127,27,2479,California
Modoc,2021-04-16,4,4358,4,469,0,3628,0,261,3,354,1,2128,3,2482,California
Modoc,2021-04-17,2,4360,2,471,0,3628,0,261,2,356,0,2128,2,2484,California
Modoc,2021-04-18,1,4361,0,471,1,3629,0,261,1,357,0,2128,1,2485,California
Modoc,2021-04-19,7,4368,0,471,7,3636,0,261,2,354,5,2133,2,2487,California
Modoc,2021-04-20,26,4394,2,473,24,3660,0,261,8,344,18,2151,8,2495,California
Modoc,2021-04-21,3,4397,3,476,0,3660,0,261,1,343,2,2153,1,2496,California
Modoc,2021-04-22,95,4492,1,477,94,3754,0,261,38,324,57,2210,38,2534,California
Modoc,2021-04-23,4,4496,0,477,4,3758,0,261,3,326,1,2211,3,2537,California
Modoc,2021-04-24,2,4498,0,477,1,3759,1,262,1,327,1,2212,2,2539,California
Modoc,2021-04-25,1,4499,1,478,0,3759,0,262,1,328,0,2212,1,2540,California
Modoc,2021-04-26,7,4506,0,478,7,3766,0,262,2,325,5,2217,2,2542,California
Modoc,2021-04-27,5,4511,4,482,0,3766,1,263,0,321,5,2222,1,2543,California
Modoc,2021-04-28,7,4518,1,483,5,3771,1,264,2,319,5,2227,3,2546,California
Modoc,2021-04-29,63,4581,2,485,61,3832,0,264,22,300,41,2268,22,2568,California
Modoc,2021-04-30,4,4585,3,488,1,3833,0,264,2,300,2,2270,2,2570,California
Modoc,2021-05-01,1,4586,1,489,0,3833,0,264,0,299,1,2271,0,2570,California
Modoc,2021-05-02,4,4590,3,492,1,3834,0,264,3,301,1,2272,3,2573,California
Modoc,2021-05-03,11,4601,0,492,10,3844,1,265,1,293,10,2282,2,2575,California
Modoc,2021-05-04,11,4612,3,495,6,3850,2,267,5,294,6,2288,7,2582,California
Modoc,2021-05-05,27,4639,24,519,2,3852,1,268,8,284,19,2307,9,2591,California
Modoc,2021-05-06,54,4693,3,522,49,3901,2,270,21,274,33,2340,23,2614,California
Modoc,2021-05-07,8,4701,3,525,3,3904,2,272,2,272,6,2346,4,2618,California
Modoc,2021-05-08,3,4704,2,527,0,3904,1,273,1,272,2,2348,2,2620,California
Modoc,2021-05-09,1,4705,1,528,0,3904,0,273,0,271,1,2349,0,2620,California
Modoc,2021-05-10,2,4707,0,528,1,3905,1,274,1,272,1,2350,2,2622,California
Modoc,2021-05-11,3,4710,2,530,0,3905,1,275,0,270,3,2353,1,2623,California
Modoc,2021-05-12,2,4712,0,530,0,3905,2,277,0,270,2,2355,2,2625,California
Modoc,2021-05-13,42,4754,0,530,38,3943,4,281,14,260,28,2383,18,2643,California
Modoc,2021-05-14,8,4762,3,533,0,3943,5,286,3,263,5,2388,8,2651,California
Modoc,2021-05-15,4,4766,3,536,1,3944,0,286,4,267,0,2388,4,2655,California
Modoc,2021-05-16,3,4769,1,537,2,3946,0,286,1,266,2,2390,1,2656,California
Modoc,2021-05-17,5,4774,3,540,2,3948,0,286,4,269,1,2391,4,2660,California
Modoc,2021-05-18,23,4797,12,552,9,3957,2,288,14,276,9,2400,16,2676,California
Modoc,2021-05-19,9,4806,2,554,3,3960,4,292,5,281,4,2404,9,2685,California
Modoc,2021-05-20,59,4865,3,557,47,4007,9,301,8,247,51,2455,17,2702,California
Modoc,2021-05-21,6,4871,4,561,1,4008,1,302,1,244,5,2460,2,2704,California
Modoc,2021-05-22,2,4873,2,563,0,4008,0,302,1,244,1,2461,1,2705,California
Modoc,2021-05-23,2,4875,2,565,0,4008,0,302,0,242,2,2463,0,2705,California
Modoc,2021-05-24,4,4879,1,566,1,4009,2,304,2,244,2,2465,4,2709,California
Modoc,2021-05-25,2,4881,1,567,1,4010,0,304,1,244,1,2466,1,2710,California
Modoc,2021-05-26,35,4916,32,599,3,4013,0,304,25,260,10,2476,26,2736,California
Modoc,2021-05-27,28,4944,1,600,22,4035,5,309,6,249,22,2498,11,2747,California
Modoc,2021-05-28,8,4952,1,601,4,4039,3,312,3,250,5,2503,6,2753,California
Modoc,2021-05-29,1,4953,1,602,0,4039,0,312,0,249,1,2504,0,2753,California
Modoc,2021-06-01,7,4960,0,602,6,4045,1,313,2,247,5,2509,3,2756,California
Modoc,2021-06-02,7,4967,0,602,5,4050,2,315,4,250,3,2512,6,2762,California
Modoc,2021-06-03,25,4992,1,603,22,4072,2,317,4,235,21,2533,6,2768,California
Modoc,2021-06-04,5,4997,3,606,1,4073,1,318,0,231,5,2538,1,2769,California
Modoc,2021-06-05,1,4998,0,606,1,4074,0,318,0,230,1,2539,0,2769,California
Modoc,2021-06-07,4,5002,4,610,0,4074,0,318,1,228,3,2542,1,2770,California
Modoc,2021-06-08,29,5031,10,620,18,4092,1,319,18,236,11,2553,19,2789,California
Modoc,2021-06-09,3,5034,2,622,1,4093,0,319,2,237,1,2554,2,2791,California
Modoc,2021-06-10,21,5055,1,623,19,4112,1,320,7,231,14,2568,8,2799,California
Modoc,2021-06-11,5,5060,3,626,1,4113,1,321,2,231,3,2571,3,2802,California
Modoc,2021-06-12,2,5062,1,627,1,4114,0,321,0,229,2,2573,0,2802,California
Modoc,2021-06-14,4,5066,0,627,2,4116,2,323,0,227,4,2577,2,2804,California
Modoc,2021-06-15,6,5072,0,627,4,4120,2,325,3,229,3,2580,5,2809,California
Modoc,2021-06-16,41,5113,25,652,11,4131,5,330,22,239,19,2599,29,2838,California
Modoc,2021-06-17,46,5159,20,672,25,4156,1,331,27,248,19,2618,28,2866,California
Modoc,2021-06-18,3,5162,0,672,1,4157,2,333,1,249,2,2620,3,2869,California
Modoc,2021-06-19,3,5165,0,672,1,4158,2,335,1,250,2,2622,3,2872,California
Modoc,2021-06-21,1,5166,0,672,1,4159,0,335,1,251,0,2622,1,2873,California
Modoc,2021-06-22,11,5177,4,676,7,4166,0,335,9,258,2,2624,9,2882,California
Modoc,2021-06-23,6,5183,0,676,3,4169,3,338,1,257,5,2629,4,2886,California
Modoc,2021-06-24,32,5215,14,690,14,4183,4,342,22,273,10,2639,26,2912,California
Modoc,2021-06-25,7,5222,0,690,5,4188,2,344,2,272,5,2644,4,2916,California
Modoc,2021-06-28,4,5226,1,691,3,4191,0,344,3,274,1,2645,3,2919,California
Modoc,2021-06-29,3,5229,1,692,1,4192,1,345,1,274,2,2647,2,2921,California
Mono,2020-12-18,1,1,1,1,0,0,0,0,1,1,0,0,1,1,California
Mono,2020-12-19,5,6,5,6,0,0,0,0,5,6,0,0,5,6,California
Mono,2020-12-20,7,13,7,13,0,0,0,0,7,13,0,0,7,13,California
Mono,2020-12-21,24,37,17,30,7,7,0,0,24,37,0,0,24,37,California
Mono,2020-12-22,66,103,65,95,1,8,0,0,66,103,0,0,66,103,California
Mono,2020-12-23,71,174,43,138,28,36,0,0,71,174,0,0,71,174,California
Mono,2020-12-24,3,177,1,139,2,38,0,0,3,177,0,0,3,177,California
Mono,2020-12-26,3,180,3,142,0,38,0,0,3,180,0,0,3,180,California
Mono,2020-12-27,1,181,0,142,1,39,0,0,1,181,0,0,1,181,California
Mono,2020-12-28,94,275,63,205,31,70,0,0,94,275,0,0,94,275,California
Mono,2020-12-29,29,304,29,234,0,70,0,0,29,304,0,0,29,304,California
Mono,2020-12-30,77,381,36,270,41,111,0,0,77,381,0,0,77,381,California
Mono,2020-12-31,4,385,1,271,3,114,0,0,4,385,0,0,4,385,California
Mono,2021-01-01,4,389,4,275,0,114,0,0,4,389,0,0,4,389,California
Mono,2021-01-02,2,391,2,277,0,114,0,0,2,391,0,0,2,391,California
Mono,2021-01-04,2,393,0,277,2,116,0,0,2,393,0,0,2,393,California
Mono,2021-01-05,45,438,2,279,43,159,0,0,44,436,1,1,44,437,California
Mono,2021-01-06,44,482,0,279,44,203,0,0,44,480,0,1,44,481,California
Mono,2021-01-07,55,537,3,282,52,255,0,0,53,532,2,3,54,535,California
Mono,2021-01-08,2,539,1,283,1,256,0,0,1,532,1,4,1,536,California
Mono,2021-01-09,4,543,4,287,0,256,0,0,0,528,4,8,0,536,California
Mono,2021-01-10,5,548,5,292,0,256,0,0,0,523,5,13,0,536,California
Mono,2021-01-11,8,556,5,297,3,259,0,0,4,523,4,17,4,540,California
Mono,2021-01-12,283,839,75,372,208,467,0,0,219,679,63,80,219,759,California
Mono,2021-01-13,234,1073,73,445,161,628,0,0,179,803,55,135,179,938,California
Mono,2021-01-14,74,1147,72,517,2,630,0,0,73,875,1,136,73,1011,California
Mono,2021-01-15,65,1212,3,520,62,692,0,0,65,940,0,136,65,1076,California
Mono,2021-01-16,4,1216,3,523,1,693,0,0,1,938,3,139,1,1077,California
Mono,2021-01-18,64,1280,55,578,9,702,0,0,2,878,62,201,2,1079,California
Mono,2021-01-19,210,1490,207,785,3,705,0,0,172,1013,38,239,173,1252,California
Mono,2021-01-20,235,1725,201,986,34,739,0,0,173,1124,62,301,173,1425,California
Mono,2021-01-21,4,1729,4,990,0,739,0,0,4,1128,0,301,4,1429,California
Mono,2021-01-22,4,1733,0,990,4,743,0,0,4,1132,0,301,4,1433,California
Mono,2021-01-23,591,2324,591,1581,0,743,0,0,590,1721,1,302,590,2023,California
Mono,2021-01-24,1,2325,0,1581,1,744,0,0,0,1720,1,303,0,2023,California
Mono,2021-01-25,200,2525,162,1743,38,782,0,0,161,1842,39,342,161,2184,California
Mono,2021-01-26,501,3026,499,2242,2,784,0,0,495,2331,6,348,495,2679,California
Mono,2021-01-27,4,3030,0,2242,4,788,0,0,4,2335,0,348,4,2683,California
Mono,2021-01-28,6,3036,2,2244,4,792,0,0,2,2333,4,352,2,2685,California
Mono,2021-01-30,198,3234,196,2440,2,794,0,0,197,2529,1,353,197,2882,California
Mono,2021-01-31,241,3475,136,2576,105,899,0,0,137,2562,104,457,137,3019,California
Mono,2021-02-01,27,3502,27,2603,0,899,0,0,0,2535,27,484,0,3019,California
Mono,2021-02-02,5,3507,0,2603,5,904,0,0,2,2534,3,487,2,3021,California
Mono,2021-02-03,4,3511,2,2605,2,906,0,0,2,2534,2,489,2,3023,California
Mono,2021-02-04,214,3725,159,2764,55,961,0,0,91,2504,121,610,91,3114,California
Mono,2021-02-05,611,4336,605,3369,6,967,0,0,608,3109,3,613,608,3722,California
Mono,2021-02-06,135,4471,134,3503,1,968,0,0,134,3242,1,614,134,3856,California
Mono,2021-02-07,2,4473,0,3503,2,970,0,0,2,3244,0,614,2,3858,California
Mono,2021-02-08,171,4644,171,3674,0,970,0,0,15,3104,155,769,15,3873,California
Mono,2021-02-09,231,4875,6,3680,225,1195,0,0,14,2901,217,986,14,3887,California
Mono,2021-02-10,542,5417,188,3868,354,1549,0,0,198,2756,344,1330,199,4086,California
Mono,2021-02-11,8,5425,5,3873,3,1552,0,0,3,2754,5,1335,3,4089,California
Mono,2021-02-12,89,5514,21,3894,68,1620,0,0,27,2719,62,1397,27,4116,California
Mono,2021-02-13,585,6099,585,4479,0,1620,0,0,24,2183,560,1957,24,4140,California
Mono,2021-02-15,167,6266,165,4644,2,1622,0,0,2,2022,163,2120,2,4142,California
Mono,2021-02-16,521,6787,517,5161,4,1626,0,0,45,1595,473,2593,46,4188,California
Mono,2021-02-17,6,6793,1,5162,5,1631,0,0,2,1593,4,2597,2,4190,California
Mono,2021-02-18,4,6797,2,5164,2,1633,0,0,3,1595,1,2598,3,4193,California
Mono,2021-02-19,55,6852,54,5218,1,1634,0,0,55,1650,0,2598,55,4248,California
Mono,2021-02-20,4,6856,4,5222,0,1634,0,0,4,1654,0,2598,4,4252,California
Mono,2021-02-21,6,6862,6,5228,0,1634,0,0,4,1656,2,2600,4,4256,California
Mono,2021-02-22,286,7148,285,5513,1,1635,0,0,25,1421,260,2860,25,4281,California
Mono,2021-02-23,142,7290,122,5635,20,1655,0,0,24,1327,118,2978,24,4305,California
Mono,2021-02-24,11,7301,3,5638,8,1663,0,0,4,1324,7,2985,4,4309,California
Mono,2021-02-25,5,7306,2,5640,3,1666,0,0,3,1326,1,2986,3,4312,California
Mono,2021-02-26,596,7902,594,6234,2,1668,0,0,21,773,574,3560,21,4333,California
Mono,2021-02-27,138,8040,134,6368,4,1672,0,0,4,645,132,3692,4,4337,California
Mono,2021-02-28,1,8041,0,6368,0,1672,1,1,0,645,1,3693,1,4338,California
Mono,2021-03-01,3,8044,2,6370,1,1673,0,1,2,647,0,3693,2,4340,California
Mono,2021-03-02,6,8050,4,6374,2,1675,0,1,4,649,2,3695,4,4344,California
Mono,2021-03-03,114,8164,3,6377,111,1786,0,1,110,756,3,3698,110,4454,California
Mono,2021-03-04,6,8170,2,6379,4,1790,0,1,3,756,3,3701,3,4457,California
Mono,2021-03-05,38,8208,28,6407,10,1800,0,1,14,746,24,3725,14,4471,California
Mono,2021-03-06,506,8714,18,6425,488,2288,0,1,497,1237,7,3732,498,4969,California
Mono,2021-03-07,1,8715,0,6425,1,2289,0,1,0,1236,1,3733,0,4969,California
Mono,2021-03-08,531,9246,11,6436,517,2806,3,4,521,1750,10,3743,524,5493,California
Mono,2021-03-09,6,9252,2,6438,3,2809,1,5,3,1752,2,3745,4,5497,California
Mono,2021-03-10,287,9539,91,6529,193,3002,3,8,8,1487,276,4021,11,5508,California
Mono,2021-03-11,10,9549,0,6529,1,3003,9,17,0,1486,10,4031,9,5517,California
Mono,2021-03-12,6,9555,1,6530,1,3004,4,21,0,1484,6,4037,4,5521,California
Mono,2021-03-13,820,10375,384,6914,436,3440,0,21,812,2288,8,4045,812,6333,California
Mono,2021-03-14,5,10380,5,6919,0,3440,0,21,1,2285,4,4049,1,6334,California
Mono,2021-03-15,31,10411,23,6942,3,3443,5,26,14,2288,16,4065,19,6353,California
Mono,2021-03-16,16,10427,6,6948,4,3447,6,32,8,2294,8,4073,14,6367,California
Mono,2021-03-17,33,10460,5,6953,20,3467,8,40,21,2311,12,4085,29,6396,California
Mono,2021-03-18,21,10481,2,6955,11,3478,8,48,8,2314,13,4098,16,6412,California
Mono,2021-03-19,21,10502,1,6956,17,3495,3,51,17,2331,3,4101,20,6432,California
Mono,2021-03-20,5,10507,3,6959,1,3496,1,52,4,2335,1,4102,5,6437,California
Mono,2021-03-21,1,10508,1,6960,0,3496,0,52,1,2336,0,4102,1,6438,California
Mono,2021-03-22,11,10519,0,6960,6,3502,5,57,5,2340,6,4108,10,6448,California
Mono,2021-03-23,43,10562,6,6966,32,3534,5,62,17,2336,26,4134,22,6470,California
Mono,2021-03-24,14,10576,1,6967,8,3542,5,67,5,2338,9,4143,11,6481,California
Mono,2021-03-25,19,10595,3,6970,12,3554,4,71,12,2347,7,4150,16,6497,California
Mono,2021-03-26,19,10614,3,6973,11,3565,5,76,10,2354,8,4158,15,6512,California
Mono,2021-03-27,353,10967,350,7323,3,3568,0,76,326,2653,27,4185,326,6838,California
Mono,2021-03-29,10,10977,3,7326,6,3574,1,77,8,2660,2,4187,9,6847,California
Mono,2021-03-30,12,10989,0,7326,8,3582,4,81,7,2666,5,4192,11,6858,California
Mono,2021-03-31,135,11124,7,7333,127,3709,1,82,23,2579,111,4303,24,6882,California
Mono,2021-04-01,9,11133,0,7333,8,3717,1,83,4,2579,5,4308,5,6887,California
Mono,2021-04-02,18,11151,2,7335,16,3733,0,83,7,2575,11,4319,7,6894,California
Mono,2021-04-03,862,12013,371,7706,491,4224,0,83,48,1812,811,5130,48,6942,California
Mono,2021-04-04,1,12014,1,7707,0,4224,0,83,0,1811,1,5131,0,6942,California
Mono,2021-04-05,529,12543,18,7725,510,4734,1,84,35,1354,493,5624,36,6978,California
Mono,2021-04-06,19,12562,1,7726,5,4739,13,97,1,1350,18,5642,14,6992,California
Mono,2021-04-07,23,12585,2,7728,2,4741,19,116,2,1350,21,5663,21,7013,California
Mono,2021-04-08,26,12611,4,7732,3,4744,19,135,6,1355,20,5683,25,7038,California
Mono,2021-04-09,38,12649,4,7736,5,4749,29,164,8,1362,30,5713,37,7075,California
Mono,2021-04-10,451,13100,2,7738,442,5191,7,171,30,978,421,6134,37,7112,California
Mono,2021-04-11,1,13101,1,7739,0,5191,0,171,0,977,1,6135,0,7112,California
Mono,2021-04-12,6,13107,0,7739,3,5194,3,174,3,980,3,6138,6,7118,California
Mono,2021-04-13,20,13127,3,7742,16,5210,1,175,14,989,6,6144,15,7133,California
Mono,2021-04-14,26,13153,2,7744,24,5234,0,175,8,979,18,6162,8,7141,California
Mono,2021-04-15,18,13171,4,7748,14,5248,0,175,10,981,8,6170,10,7151,California
Mono,2021-04-16,18,13189,1,7749,17,5265,0,175,7,977,11,6181,7,7158,California
Mono,2021-04-17,52,13241,2,7751,50,5315,0,175,45,1015,7,6188,45,7203,California
Mono,2021-04-18,1,13242,0,7751,1,5316,0,175,1,1016,0,6188,1,7204,California
Mono,2021-04-19,538,13780,329,8080,209,5525,0,175,202,885,333,6521,202,7406,California
Mono,2021-04-20,15,13795,2,8082,13,5538,0,175,10,890,5,6526,10,7416,California
Mono,2021-04-21,7,13802,0,8082,7,5545,0,175,2,887,5,6531,2,7418,California
Mono,2021-04-22,25,13827,11,8093,14,5559,0,175,11,884,14,6545,11,7429,California
Mono,2021-04-23,22,13849,2,8095,20,5579,0,175,12,886,10,6555,12,7441,California
Mono,2021-04-24,35,13884,21,8116,14,5593,0,175,20,891,15,6570,20,7461,California
Mono,2021-04-25,3,13887,2,8118,1,5594,0,175,3,894,0,6570,3,7464,California
Mono,2021-04-26,12,13899,2,8120,10,5604,0,175,3,888,9,6579,3,7467,California
Mono,2021-04-27,67,13966,41,8161,19,5623,7,182,51,930,16,6595,58,7525,California
Mono,2021-04-28,62,14028,40,8201,18,5641,4,186,48,970,12,6607,52,7577,California
Mono,2021-04-29,10,14038,3,8204,4,5645,3,189,3,969,7,6614,6,7583,California
Mono,2021-04-30,17,14055,3,8207,11,5656,3,192,8,971,9,6623,11,7594,California
Mono,2021-05-01,109,14164,5,8212,104,5760,0,192,96,1055,12,6635,96,7690,California
Mono,2021-05-02,1,14165,1,8213,0,5760,0,192,1,1056,0,6635,1,7691,California
Mono,2021-05-03,2,14167,1,8214,1,5761,0,192,1,1056,1,6636,1,7692,California
Mono,2021-05-04,20,14187,1,8215,13,5774,6,198,10,1062,10,6646,16,7708,California
Mono,2021-05-05,52,14239,8,8223,40,5814,4,202,45,1104,7,6653,49,7757,California
Mono,2021-05-06,16,14255,4,8227,11,5825,1,203,10,1109,6,6659,11,7768,California
Mono,2021-05-07,29,14284,22,8249,7,5832,0,203,25,1130,4,6663,25,7793,California
Mono,2021-05-08,53,14337,7,8256,46,5878,0,203,24,1125,29,6692,24,7817,California
Mono,2021-05-09,1,14338,1,8257,0,5878,0,203,0,1125,0,6692,0,7817,California
Mono,2021-05-10,18,14356,1,8258,13,5891,4,207,9,1129,9,6701,13,7830,California
Mono,2021-05-11,15,14371,2,8260,10,5901,3,210,5,1127,10,6711,8,7838,California
Mono,2021-05-12,12,14383,0,8260,11,5912,1,211,4,1124,8,6719,5,7843,California
Mono,2021-05-13,46,14429,31,8291,14,5926,1,212,37,1153,9,6728,38,7881,California
Mono,2021-05-14,11,14440,1,8292,9,5935,1,213,6,1155,5,6733,7,7888,California
Mono,2021-05-15,65,14505,24,8316,34,5969,7,220,18,1133,47,6780,25,7913,California
Mono,2021-05-16,6,14511,4,8320,1,5970,1,221,2,1132,4,6784,3,7916,California
Mono,2021-05-17,250,14761,34,8354,209,6179,7,228,54,999,195,6979,62,7978,California
Mono,2021-05-18,134,14895,110,8464,23,6202,1,229,87,1041,47,7026,89,8067,California
Mono,2021-05-19,119,15014,112,8576,2,6204,5,234,76,1079,43,7069,81,8148,California
Mono,2021-05-20,71,15085,56,8632,10,6214,5,239,54,1121,17,7086,59,8207,California
Mono,2021-05-21,23,15108,4,8636,16,6230,3,242,10,1121,13,7099,13,8220,California
Mono,2021-05-22,21,15129,11,8647,8,6238,2,244,15,1132,6,7105,17,8237,California
Mono,2021-05-23,2,15131,0,8647,2,6240,0,244,1,1132,1,7106,1,8238,California
Mono,2021-05-24,16,15147,2,8649,13,6253,1,245,9,1136,7,7113,11,8249,California
Mono,2021-05-25,14,15161,5,8654,9,6262,0,245,7,1136,7,7120,7,8256,California
Mono,2021-05-26,18,15179,2,8656,15,6277,1,246,7,1133,11,7131,8,8264,California
Mono,2021-05-27,8,15187,0,8656,8,6285,0,246,5,1136,2,7133,5,8269,California
Mono,2021-05-28,42,15229,28,8684,14,6299,0,246,11,1116,31,7164,11,8280,California
Mono,2021-05-29,129,15358,27,8711,99,6398,3,249,32,1054,97,7261,35,8315,California
Mono,2021-06-01,16,15374,7,8718,9,6407,0,249,9,1056,7,7268,9,8324,California
Mono,2021-06-02,48,15422,4,8722,44,6451,0,249,11,1030,37,7305,11,8335,California
Mono,2021-06-03,11,15433,1,8723,7,6458,3,252,1,1024,10,7315,4,8339,California
Mono,2021-06-04,12,15445,1,8724,10,6468,1,253,3,1019,9,7324,4,8343,California
Mono,2021-06-05,44,15489,23,8747,21,6489,0,253,5,985,39,7363,5,8348,California
Mono,2021-06-06,1,15490,0,8747,1,6490,0,253,0,984,1,7364,0,8348,California
Mono,2021-06-07,99,15589,87,8834,8,6498,4,257,12,913,87,7451,16,8364,California
Mono,2021-06-08,113,15702,103,8937,8,6506,2,259,12,826,101,7552,14,8378,California
Mono,2021-06-09,7,15709,2,8939,5,6511,0,259,1,821,6,7558,1,8379,California
Mono,2021-06-10,6,15715,0,8939,4,6515,2,261,2,821,4,7562,4,8383,California
Mono,2021-06-11,73,15788,62,9001,6,6521,5,266,6,765,67,7629,11,8394,California
Mono,2021-06-12,1,15789,1,9002,0,6521,0,266,0,764,1,7630,0,8394,California
Mono,2021-06-13,1,15790,0,9002,1,6522,0,266,1,765,0,7630,1,8395,California
Mono,2021-06-14,63,15853,29,9031,28,6550,6,272,20,748,43,7673,26,8421,California
Mono,2021-06-15,7,15860,4,9035,3,6553,0,272,3,747,4,7677,3,8424,California
Mono,2021-06-16,13,15873,4,9039,9,6562,0,272,5,744,8,7685,5,8429,California
Mono,2021-06-17,6,15879,1,9040,3,6565,2,274,2,744,4,7689,4,8433,California
Mono,2021-06-18,5,15884,3,9043,1,6566,1,275,1,743,3,7692,2,8435,California
Mono,2021-06-19,3,15887,3,9046,0,6566,0,275,3,746,0,7692,3,8438,California
Mono,2021-06-20,1,15888,0,9046,1,6567,0,275,0,745,1,7693,0,8438,California
Mono,2021-06-21,14,15902,2,9048,10,6577,2,277,3,740,10,7703,5,8443,California
Mono,2021-06-22,12,15914,2,9050,9,6586,1,278,4,738,7,7710,5,8448,California
Mono,2021-06-23,12,15926,0,9050,6,6592,6,284,2,737,10,7720,9,8457,California
Mono,2021-06-24,7,15933,0,9050,5,6597,2,286,2,736,5,7725,4,8461,California
Mono,2021-06-25,33,15966,22,9072,11,6608,0,286,7,717,26,7751,7,8468,California
Mono,2021-06-26,1,15967,1,9073,0,6608,0,286,0,716,1,7752,0,8468,California
Mono,2021-06-28,11,15978,7,9080,1,6609,3,289,2,712,9,7761,5,8473,California
Mono,2021-06-29,2,15980,2,9082,0,6609,0,289,2,714,0,7761,2,8475,California
Monterey,2020-12-16,6,6,6,6,0,0,0,0,6,6,0,0,6,6,California
Monterey,2020-12-17,87,93,87,93,0,0,0,0,87,93,0,0,87,93,California
Monterey,2020-12-18,487,580,487,580,0,0,0,0,487,580,0,0,487,580,California
Monterey,2020-12-19,581,1161,580,1160,1,1,0,0,580,1160,0,0,580,1160,California
Monterey,2020-12-20,421,1582,421,1581,0,1,0,0,421,1581,0,0,421,1581,California
Monterey,2020-12-21,725,2307,725,2306,0,1,0,0,725,2306,0,0,725,2306,California
Monterey,2020-12-22,536,2843,523,2829,13,14,0,0,536,2842,0,0,536,2842,California
Monterey,2020-12-23,441,3284,265,3094,176,190,0,0,441,3283,0,0,441,3283,California
Monterey,2020-12-24,85,3369,11,3105,74,264,0,0,85,3368,0,0,85,3368,California
Monterey,2020-12-25,6,3375,0,3105,6,270,0,0,6,3374,0,0,6,3374,California
Monterey,2020-12-26,92,3467,5,3110,87,357,0,0,92,3466,0,0,92,3466,California
Monterey,2020-12-27,6,3473,3,3113,3,360,0,0,6,3472,0,0,6,3472,California
Monterey,2020-12-28,477,3950,25,3138,452,812,0,0,477,3949,0,0,477,3949,California
Monterey,2020-12-29,901,4851,168,3306,733,1545,0,0,901,4850,0,0,901,4850,California
Monterey,2020-12-30,566,5417,97,3403,469,2014,0,0,566,5416,0,0,566,5416,California
Monterey,2020-12-31,33,5450,11,3414,22,2036,0,0,33,5449,0,0,33,5449,California
Monterey,2021-01-01,13,5463,3,3417,10,2046,0,0,13,5462,0,0,13,5462,California
Monterey,2021-01-02,137,5600,134,3551,3,2049,0,0,137,5599,0,0,137,5599,California
Monterey,2021-01-03,30,5630,29,3580,1,2050,0,0,30,5629,0,0,30,5629,California
Monterey,2021-01-04,412,6042,19,3599,393,2443,0,0,412,6041,0,0,412,6041,California
Monterey,2021-01-05,758,6800,330,3929,428,2871,0,0,744,6771,14,14,744,6785,California
Monterey,2021-01-06,662,7462,175,4104,487,3358,0,0,638,7385,24,38,638,7423,California
Monterey,2021-01-07,752,8214,576,4680,176,3534,0,0,425,7485,325,363,425,7848,California
Monterey,2021-01-08,1094,9308,738,5418,356,3890,0,0,395,7181,699,1062,395,8243,California
Monterey,2021-01-09,963,10271,933,6351,30,3920,0,0,311,6842,650,1712,311,8554,California
Monterey,2021-01-10,272,10543,270,6621,2,3922,0,0,8,6586,264,1976,8,8562,California
Monterey,2021-01-11,1068,11611,986,7607,82,4004,0,0,365,6248,703,2679,365,8927,California
Monterey,2021-01-12,474,12085,395,8002,79,4083,0,0,210,6194,264,2943,210,9137,California
Monterey,2021-01-13,1222,13307,595,8597,627,4710,0,0,1176,7324,46,2989,1176,10313,California
Monterey,2021-01-14,1200,14507,245,8842,955,5665,0,0,1179,8486,21,3010,1183,11496,California
Monterey,2021-01-15,1055,15562,46,8888,1009,6674,0,0,1043,9517,12,3022,1043,12539,California
Monterey,2021-01-16,365,15927,300,9188,65,6739,0,0,360,9872,5,3027,360,12899,California
Monterey,2021-01-17,313,16240,293,9481,20,6759,0,0,301,10161,12,3039,301,13200,California
Monterey,2021-01-18,398,16638,48,9529,350,7109,0,0,376,10515,22,3061,376,13576,California
Monterey,2021-01-19,585,17223,400,9929,185,7294,0,0,422,10776,161,3222,422,13998,California
Monterey,2021-01-20,545,17768,271,10200,274,7568,0,0,336,10903,209,3431,336,14334,California
Monterey,2021-01-21,869,18637,114,10314,755,8323,0,0,758,11554,111,3542,762,15096,California
Monterey,2021-01-22,1070,19707,200,10514,870,9193,0,0,1029,12542,41,3583,1029,16125,California
Monterey,2021-01-23,244,19951,175,10689,69,9262,0,0,120,12541,123,3706,122,16247,California
Monterey,2021-01-24,61,20012,38,10727,23,9285,0,0,27,12534,34,3740,27,16274,California
Monterey,2021-01-25,801,20813,176,10903,625,9910,0,0,175,12090,619,4359,175,16449,California
Monterey,2021-01-26,953,21766,234,11137,719,10629,0,0,251,11639,702,5061,251,16700,California
Monterey,2021-01-27,849,22615,296,11433,553,11182,0,0,368,11526,481,5542,368,17068,California
Monterey,2021-01-28,2030,24645,741,12174,1289,12471,0,0,1687,12872,343,5885,1689,18757,California
Monterey,2021-01-29,1280,25925,714,12888,566,13037,0,0,1162,13918,117,6002,1163,19920,California
Monterey,2021-01-30,464,26389,295,13183,169,13206,0,0,208,13870,256,6258,208,20128,California
Monterey,2021-01-31,496,26885,74,13257,422,13628,0,0,485,14345,11,6269,486,20614,California
Monterey,2021-02-01,1648,28533,1133,14390,515,14143,0,0,1078,14855,568,6837,1078,21692,California
Monterey,2021-02-02,2187,30720,477,14867,1710,15853,0,0,1574,15817,612,7449,1574,23266,California
Monterey,2021-02-03,2342,33062,1049,15916,1293,17146,0,0,1565,16609,773,8222,1565,24831,California
Monterey,2021-02-04,2818,35880,2101,18017,717,17863,0,0,2464,18724,349,8571,2464,27295,California
Monterey,2021-02-05,3676,39556,2828,20845,848,18711,0,0,3234,21521,437,9008,3234,30529,California
Monterey,2021-02-06,1100,40656,379,21224,721,19432,0,0,755,21934,342,9350,755,31284,California
Monterey,2021-02-07,318,40974,273,21497,45,19477,0,0,97,21810,221,9571,97,31381,California
Monterey,2021-02-08,520,41494,291,21788,229,19706,0,0,421,22132,99,9670,421,31802,California
Monterey,2021-02-09,878,42372,683,22471,195,19901,0,0,566,22388,312,9982,568,32370,California
Monterey,2021-02-10,2094,44466,1108,23579,986,20887,0,0,1236,22768,858,10840,1238,33608,California
Monterey,2021-02-11,2521,46987,977,24556,1544,22431,0,0,1538,23327,981,11821,1540,35148,California
Monterey,2021-02-12,2624,49611,446,25002,2178,24609,0,0,1524,23753,1099,12920,1525,36673,California
Monterey,2021-02-13,1079,50690,50,25052,1029,25638,0,0,989,24653,89,13009,989,37662,California
Monterey,2021-02-14,598,51288,74,25126,524,26162,0,0,525,25105,73,13082,525,38187,California
Monterey,2021-02-15,1388,52676,167,25293,1221,27383,0,0,980,25680,406,13488,981,39168,California
Monterey,2021-02-16,1099,53775,249,25542,850,28233,0,0,872,26325,227,13715,872,40040,California
Monterey,2021-02-17,1970,55745,1178,26720,792,29025,0,0,1656,27670,313,14028,1658,41698,California
Monterey,2021-02-18,2241,57986,1181,27901,1060,30085,0,0,908,27262,1318,15346,910,42608,California
Monterey,2021-02-19,2967,60953,1553,29454,1414,31499,0,0,1347,26996,1615,16961,1349,43957,California
Monterey,2021-02-20,1037,61990,624,30078,413,31912,0,0,974,27909,62,17023,975,44932,California
Monterey,2021-02-21,1287,63277,1257,31335,30,31942,0,0,1210,29047,73,17096,1211,46143,California
Monterey,2021-02-22,1041,64318,892,32227,149,32091,0,0,678,29365,360,17456,678,46821,California
Monterey,2021-02-23,995,65313,646,32873,349,32440,0,0,308,28988,686,18142,309,47130,California
Monterey,2021-02-24,2474,67787,1316,34189,1158,33598,0,0,1857,30234,612,18754,1858,48988,California
Monterey,2021-02-25,4415,72202,2420,36609,1995,35593,0,0,1476,28780,2932,21686,1478,50466,California
Monterey,2021-02-26,5299,77501,3087,39696,2212,37805,0,0,2629,28743,2667,24353,2630,53096,California
Monterey,2021-02-27,1025,78526,187,39883,838,38643,0,0,816,29355,204,24557,816,53912,California
Monterey,2021-02-28,1536,80062,86,39969,1449,40092,1,1,1067,29960,463,25020,1068,54980,California
Monterey,2021-03-01,1296,81358,144,40113,1149,41241,3,4,754,30181,536,25556,757,55737,California
Monterey,2021-03-02,2815,84173,1732,41845,1083,42324,0,4,1952,31274,859,26415,1952,57689,California
Monterey,2021-03-03,3221,87394,1247,43092,1974,44298,0,4,1282,30621,1936,28351,1283,58972,California
Monterey,2021-03-04,4577,91971,1476,44568,3101,47399,0,4,2944,31940,1627,29978,2946,61918,California
Monterey,2021-03-05,3678,95649,1621,46189,1777,49176,280,284,3003,34549,674,30652,3283,65201,California
Monterey,2021-03-06,5065,100714,1069,47258,3692,52868,304,588,4160,38110,902,31554,4463,69664,California
Monterey,2021-03-07,522,101236,107,47365,169,53037,246,834,232,38297,289,31843,476,70140,California
Monterey,2021-03-08,1673,102909,329,47694,956,53993,388,1222,1127,39263,546,32389,1512,71652,California
Monterey,2021-03-09,1990,104899,699,48393,1016,55009,275,1497,1487,40520,502,32891,1759,73411,California
Monterey,2021-03-10,3186,108085,1030,49423,1668,56677,488,1985,1467,40760,1712,34603,1952,75363,California
Monterey,2021-03-11,4168,112253,1412,50835,2381,59058,375,2360,2394,41771,1758,36361,2769,78132,California
Monterey,2021-03-12,4426,116679,2046,52881,2245,61303,135,2495,2728,42938,1695,38056,2862,80994,California
Monterey,2021-03-13,5308,121987,961,53842,4000,65303,347,2842,3980,45939,1326,39382,4327,85321,California
Monterey,2021-03-14,2161,124148,1330,55172,806,66109,25,2867,550,44921,1593,40975,575,85896,California
Monterey,2021-03-15,3987,128135,1273,56445,2411,68520,303,3170,2249,45740,1734,42709,2553,88449,California
Monterey,2021-03-16,3549,131684,594,57039,2564,71084,391,3561,2119,46818,1428,44137,2506,90955,California
Monterey,2021-03-17,5815,137499,2360,59399,3198,74282,257,3818,4202,49675,1607,45744,4464,95419,California
Monterey,2021-03-18,4467,141966,2168,61567,2130,76412,169,3987,3105,51630,1356,47100,3311,98730,California
Monterey,2021-03-19,5506,147472,2578,64145,2782,79194,146,4133,4218,54711,1283,48383,4364,103094,California
Monterey,2021-03-20,3371,150843,424,64569,2254,81448,693,4826,2281,56600,1085,49468,2974,106068,California
Monterey,2021-03-21,642,151485,215,64784,418,81866,9,4835,570,57108,70,49538,578,106646,California
Monterey,2021-03-22,2500,153985,1443,66227,994,82860,63,4898,2286,59244,211,49749,2347,108993,California
Monterey,2021-03-23,4024,158009,2357,68584,1624,84484,43,4941,2555,60378,1464,51213,2598,111591,California
Monterey,2021-03-24,5122,163131,2120,70704,2683,87167,319,5260,3743,63062,1374,52587,4058,115649,California
Monterey,2021-03-25,5334,168465,1231,71935,3744,90911,359,5619,2689,63475,2636,55223,3049,118698,California
Monterey,2021-03-26,5455,173920,2612,74547,2757,93668,86,5705,2789,63698,2654,57877,2877,121575,California
Monterey,2021-03-27,4853,178773,1452,75999,3146,96814,255,5960,3127,65359,1723,59600,3384,124959,California
Monterey,2021-03-28,1128,179901,347,76346,772,97586,9,5969,633,65514,487,60087,642,125601,California
Monterey,2021-03-29,3232,183133,1417,77763,1801,99387,14,5983,2006,66321,1218,61305,2025,127626,California
Monterey,2021-03-30,4518,187651,2138,79901,2334,101721,46,6029,2773,67409,1734,63039,2822,130448,California
Monterey,2021-03-31,5312,192963,2299,82200,2216,103937,797,6826,3324,69537,1984,65023,4112,134560,California
Monterey,2021-04-01,6148,199111,2060,84260,3675,107612,413,7239,3110,70032,3022,68045,3517,138077,California
Monterey,2021-04-02,4708,203819,2187,86447,2457,110069,64,7303,3165,71722,1541,69586,3231,141308,California
Monterey,2021-04-03,5942,209761,1119,87566,3777,113846,1046,8349,1232,69291,4701,74287,2270,143578,California
Monterey,2021-04-04,769,210530,157,87723,597,114443,15,8364,497,69533,272,74559,514,144092,California
Monterey,2021-04-05,4038,214568,2495,90218,1306,115749,237,8601,1504,68743,2529,77088,1739,145831,California
Monterey,2021-04-06,3448,218016,1354,91572,1621,117370,473,9074,1185,68139,2259,79347,1655,147486,California
Monterey,2021-04-07,5652,223668,1393,92965,3741,121111,518,9592,2709,68429,2932,82279,3222,150708,California
Monterey,2021-04-08,6695,230363,3514,96479,2370,123481,811,10403,3304,69158,3387,85666,4116,154824,California
Monterey,2021-04-09,5768,236131,3436,99915,1691,125172,641,11044,2292,68614,3473,89139,2929,157753,California
Monterey,2021-04-10,10292,246423,4961,104876,3125,128297,2206,13250,4996,70527,5284,94423,7197,164950,California
Monterey,2021-04-11,5516,251939,4338,109214,571,128868,607,13857,4466,74550,1044,95467,5067,170017,California
Monterey,2021-04-12,4151,256090,1882,111096,1953,130821,316,14173,959,72771,3053,98520,1274,171291,California
Monterey,2021-04-13,3227,259317,743,111839,2478,133299,6,14179,1553,72676,1656,100176,1561,172852,California
Monterey,2021-04-14,6850,266167,3185,115024,3662,136961,3,14182,1863,69579,4964,105140,1867,174719,California
Monterey,2021-04-15,5921,272088,3910,118934,2011,138972,0,14182,3886,71462,2004,107144,3887,178606,California
Monterey,2021-04-16,4814,276902,2367,121301,2434,141406,13,14195,2173,71026,2623,109767,2187,180793,California
Monterey,2021-04-17,5859,282761,1400,122701,4459,145865,0,14195,3798,72780,2045,111812,3799,184592,California
Monterey,2021-04-18,885,283646,293,122994,592,146457,0,14195,257,72413,624,112436,257,184849,California
Monterey,2021-04-19,3621,287267,1157,124151,2464,148921,0,14195,1648,72102,1959,114395,1648,186497,California
Monterey,2021-04-20,3840,291107,1543,125694,2297,151218,0,14195,1524,71334,2293,116688,1525,188022,California
Monterey,2021-04-21,6183,297290,3372,129066,2811,154029,0,14195,2950,71094,3192,119880,2952,190974,California
Monterey,2021-04-22,4895,302185,1067,130133,3828,157857,0,14195,1996,70235,2855,122735,1996,192970,California
Monterey,2021-04-23,5740,307925,2705,132838,3034,160891,1,14196,2261,69044,3458,126193,2267,195237,California
Monterey,2021-04-24,4285,312210,582,133420,3703,164594,0,14196,1544,67864,2724,128917,1544,196781,California
Monterey,2021-04-25,1247,313457,608,134028,639,165233,0,14196,788,68203,449,129366,788,197569,California
Monterey,2021-04-26,3785,317242,2242,136270,1526,166759,17,14213,983,66427,2776,132142,1000,198569,California
Monterey,2021-04-27,2881,320123,943,137213,1798,168557,140,14353,1221,66131,1656,133798,1360,199929,California
Monterey,2021-04-28,3649,323772,1393,138606,2104,170661,152,14505,2239,67121,1396,135194,2386,202315,California
Monterey,2021-04-29,4547,328319,2434,141040,2037,172698,76,14581,1661,65986,2873,138067,1738,204053,California
Monterey,2021-04-30,3247,331566,1685,142725,1487,174185,75,14656,832,64485,2406,140473,905,204958,California
Monterey,2021-05-01,5642,337208,4236,146961,1366,175551,40,14696,684,60270,4937,145410,722,205680,California
Monterey,2021-05-02,4348,341556,3922,150883,399,175950,27,14723,301,56565,4033,149443,328,206008,California
Monterey,2021-05-03,2544,344100,1565,152448,865,176815,114,14837,583,55311,1951,151394,697,206705,California
Monterey,2021-05-04,1819,345919,621,153069,1108,177923,90,14927,655,54907,1150,152544,746,207451,California
Monterey,2021-05-05,3378,349297,1241,154310,2051,179974,86,15013,1070,53767,2297,154841,1157,208608,California
Monterey,2021-05-06,4205,353502,2775,157085,1213,181187,217,15230,1112,52017,3078,157919,1328,209936,California
Monterey,2021-05-07,1967,355469,953,158038,916,182103,98,15328,704,51564,1254,159173,801,210737,California
Monterey,2021-05-08,2713,358182,1484,159522,906,183009,323,15651,962,51109,1739,160912,1284,212021,California
Monterey,2021-05-09,393,358575,113,159635,253,183262,27,15678,128,51000,264,161176,155,212176,California
Monterey,2021-05-10,2822,361397,2080,161715,695,183957,47,15725,522,49282,2289,163465,571,212747,California
Monterey,2021-05-11,1860,363257,947,162662,835,184792,78,15803,753,49020,1094,164559,832,213579,California
Monterey,2021-05-12,3917,367174,2066,164728,1768,186560,83,15886,867,46935,3036,167595,951,214530,California
Monterey,2021-05-13,2665,369839,1589,166317,1022,187582,54,15940,1519,47371,1135,168730,1571,216101,California
Monterey,2021-05-14,1865,371704,579,166896,1186,188768,100,16040,735,47086,1120,169850,835,216936,California
Monterey,2021-05-15,3386,375090,825,167721,2295,191063,266,16306,953,45881,2420,172270,1215,218151,California
Monterey,2021-05-16,982,376072,631,168352,280,191343,71,16377,283,45541,693,172963,353,218504,California
Monterey,2021-05-17,2236,378308,1336,169688,823,192166,77,16454,1060,45515,1163,174126,1137,219641,California
Monterey,2021-05-18,1727,380035,662,170350,1021,193187,44,16498,782,45407,936,175062,828,220469,California
Monterey,2021-05-19,3602,383637,2335,172685,1177,194364,90,16588,1913,45729,1683,176745,2005,222474,California
Monterey,2021-05-20,2737,386374,937,173622,1690,196054,110,16698,896,44911,1827,178572,1009,223483,California
Monterey,2021-05-21,3264,389638,1312,174934,1860,197914,92,16790,1002,43756,2248,180820,1093,224576,California
Monterey,2021-05-22,2122,391760,724,175658,1118,199032,280,17070,799,43521,1312,182132,1077,225653,California
Monterey,2021-05-23,859,392619,505,176163,338,199370,16,17086,488,43659,366,182498,504,226157,California
Monterey,2021-05-24,1730,394349,555,176718,1113,200483,62,17148,572,43140,1154,183652,635,226792,California
Monterey,2021-05-25,1415,395764,531,177249,814,201297,70,17218,551,42911,850,184502,621,227413,California
Monterey,2021-05-26,2651,398415,1015,178264,1580,202877,56,17274,1000,42331,1637,186139,1057,228470,California
Monterey,2021-05-27,2481,400896,1358,179622,1066,203943,57,17331,890,41704,1575,187714,948,229418,California
Monterey,2021-05-28,1737,402633,577,180199,1100,205043,60,17391,745,41529,981,188695,806,230224,California
Monterey,2021-05-29,989,403622,637,180836,319,205362,33,17424,400,41381,582,189277,434,230658,California
Monterey,2021-05-30,379,404001,163,180999,202,205564,14,17438,141,41299,237,189514,155,230813,California
Monterey,2021-05-31,186,404187,33,181032,144,205708,9,17447,53,41229,132,189646,62,230875,California
Monterey,2021-06-01,1706,405893,908,181940,666,206374,132,17579,523,40716,1164,190810,651,231526,California
Monterey,2021-06-02,1671,407564,965,182905,657,207031,49,17628,693,40485,973,191783,742,232268,California
Monterey,2021-06-03,2205,409769,1410,184315,760,207791,35,17663,509,39342,1686,193469,543,232811,California
Monterey,2021-06-04,1325,411094,682,184997,610,208401,33,17696,525,39108,792,194261,558,233369,California
Monterey,2021-06-05,2168,413262,848,185845,700,209101,620,18316,470,38507,1683,195944,1082,234451,California
Monterey,2021-06-06,493,413755,405,186250,79,209180,9,18325,250,38523,242,196186,258,234709,California
Monterey,2021-06-07,937,414692,486,186736,405,209585,46,18371,361,38363,565,196751,405,235114,California
Monterey,2021-06-08,1143,415835,702,187438,417,210002,24,18395,413,38080,719,197470,436,235550,California
Monterey,2021-06-09,2895,418730,2170,189608,599,210601,126,18521,634,36583,2257,199727,760,236310,California
Monterey,2021-06-10,1474,420204,888,190496,527,211128,59,18580,529,36231,938,200665,586,236896,California
Monterey,2021-06-11,1384,421588,752,191248,556,211684,76,18656,503,35934,874,201539,577,237473,California
Monterey,2021-06-12,742,422330,504,191752,223,211907,15,18671,349,35907,391,201930,364,237837,California
Monterey,2021-06-13,596,422926,463,192215,120,212027,13,18684,125,35577,467,202397,137,237974,California
Monterey,2021-06-14,1392,424318,998,193213,360,212387,34,18718,364,34954,1021,203418,398,238372,California
Monterey,2021-06-15,1132,425450,560,193773,449,212836,123,18841,396,34746,727,204145,519,238891,California
Monterey,2021-06-16,1558,427008,1088,194861,438,213274,32,18873,395,34018,1155,205300,427,239318,California
Monterey,2021-06-17,1166,428174,673,195534,339,213613,154,19027,422,33853,740,206040,575,239893,California
Monterey,2021-06-18,1196,429370,724,196258,444,214057,28,19055,531,33753,659,206699,559,240452,California
Monterey,2021-06-19,1303,430673,1007,197265,266,214323,30,19085,490,33468,805,207504,520,240972,California
Monterey,2021-06-20,235,430908,157,197422,70,214393,8,19093,81,33404,154,207658,90,241062,California
Monterey,2021-06-21,674,431582,368,197790,271,214664,35,19128,384,33537,285,207943,418,241480,California
Monterey,2021-06-22,1504,433086,962,198752,353,215017,189,19317,489,33207,1003,208946,673,242153,California
Monterey,2021-06-23,1071,434157,716,199468,321,215338,34,19351,434,33046,628,209574,467,242620,California
Monterey,2021-06-24,862,435019,516,199984,325,215663,21,19372,414,33037,444,210018,435,243055,California
Monterey,2021-06-25,981,436000,609,200593,356,216019,16,19388,461,32998,515,210533,476,243531,California
Monterey,2021-06-26,608,436608,443,201036,153,216172,12,19400,336,33075,269,210802,346,243877,California
Monterey,2021-06-27,351,436959,271,201307,66,216238,14,19414,99,32937,251,211053,113,243990,California
Monterey,2021-06-28,560,437519,366,201673,168,216406,26,19440,246,32900,309,211362,272,244262,California
Monterey,2021-06-29,612,438131,362,202035,180,216586,70,19510,208,32778,399,211761,277,244539,California
Napa,2020-12-16,12,12,12,12,0,0,0,0,12,12,0,0,12,12,California
Napa,2020-12-17,46,58,46,58,0,0,0,0,46,58,0,0,46,58,California
Napa,2020-12-18,105,163,105,163,0,0,0,0,105,163,0,0,105,163,California
Napa,2020-12-19,222,385,222,385,0,0,0,0,222,385,0,0,222,385,California
Napa,2020-12-20,190,575,190,575,0,0,0,0,190,575,0,0,190,575,California
Napa,2020-12-21,313,888,313,888,0,0,0,0,314,889,0,0,314,889,California
Napa,2020-12-22,339,1227,330,1218,9,9,0,0,339,1228,0,0,339,1228,California
Napa,2020-12-23,435,1662,323,1541,112,121,0,0,435,1663,0,0,435,1663,California
Napa,2020-12-24,140,1802,78,1619,62,183,0,0,140,1803,0,0,140,1803,California
Napa,2020-12-25,1,1803,1,1620,0,183,0,0,1,1804,0,0,1,1804,California
Napa,2020-12-26,39,1842,11,1631,28,211,0,0,39,1843,0,0,39,1843,California
Napa,2020-12-27,32,1874,16,1647,16,227,0,0,32,1875,0,0,32,1875,California
Napa,2020-12-28,252,2126,185,1832,67,294,0,0,279,2154,0,0,279,2154,California
Napa,2020-12-29,273,2399,215,2047,58,352,0,0,306,2460,0,0,306,2460,California
Napa,2020-12-30,633,3032,485,2532,148,500,0,0,641,3101,0,0,641,3101,California
Napa,2020-12-31,463,3495,374,2906,89,589,0,0,463,3564,0,0,463,3564,California
Napa,2021-01-01,1,3496,1,2907,0,589,0,0,1,3565,0,0,1,3565,California
Napa,2021-01-02,96,3592,91,2998,5,594,0,0,96,3661,0,0,96,3661,California
Napa,2021-01-03,14,3606,12,3010,2,596,0,0,9,3670,0,0,9,3670,California
Napa,2021-01-04,106,3712,63,3073,43,639,0,0,106,3776,0,0,106,3776,California
Napa,2021-01-05,163,3875,86,3159,77,716,0,0,146,3898,24,24,146,3922,California
Napa,2021-01-06,462,4337,116,3275,346,1062,0,0,397,4232,63,87,397,4319,California
Napa,2021-01-07,498,4835,236,3511,262,1324,0,0,394,4523,103,190,394,4713,California
Napa,2021-01-08,444,5279,228,3739,216,1540,0,0,260,4600,183,373,260,4973,California
Napa,2021-01-09,329,5608,304,4043,25,1565,0,0,191,4653,138,511,191,5164,California
Napa,2021-01-10,186,5794,103,4146,83,1648,0,0,109,4685,77,588,109,5273,California
Napa,2021-01-11,874,6668,422,4568,452,2100,0,0,502,4816,373,961,504,5777,California
Napa,2021-01-12,1329,7997,380,4948,949,3049,0,0,1006,5499,323,1284,1006,6783,California
Napa,2021-01-13,1317,9314,268,5216,1049,4098,0,0,1153,6490,163,1447,1154,7937,California
Napa,2021-01-14,1054,10368,169,5385,885,4983,0,0,937,7312,115,1562,937,8874,California
Napa,2021-01-15,1467,11835,384,5769,1083,6066,0,0,1320,8478,155,1717,1321,10195,California
Napa,2021-01-16,361,12196,132,5901,229,6295,0,0,343,8803,18,1735,343,10538,California
Napa,2021-01-17,343,12539,179,6080,164,6459,0,0,333,9126,10,1745,333,10871,California
Napa,2021-01-18,1088,13627,196,6276,892,7351,0,0,996,10030,92,1837,996,11867,California
Napa,2021-01-19,1006,14633,403,6679,603,7954,0,0,766,10557,239,2076,766,12633,California
Napa,2021-01-20,836,15469,189,6868,647,8601,0,0,648,11020,186,2262,649,13282,California
Napa,2021-01-21,1571,17040,610,7478,961,9562,0,0,1117,11685,453,2715,1118,14400,California
Napa,2021-01-22,1573,18613,436,7914,1137,10699,0,0,1229,12572,343,3058,1230,15630,California
Napa,2021-01-23,397,19010,318,8232,79,10778,0,0,336,12847,61,3119,336,15966,California
Napa,2021-01-24,269,19279,190,8422,79,10857,0,0,211,13000,58,3177,211,16177,California
Napa,2021-01-25,1524,20803,232,8654,1292,12149,0,0,1433,14342,91,3268,1433,17610,California
Napa,2021-01-26,879,21682,285,8939,594,12743,0,0,784,15032,95,3363,785,18395,California
Napa,2021-01-27,632,22314,222,9161,410,13153,0,0,471,15342,162,3525,472,18867,California
Napa,2021-01-28,390,22704,175,9336,215,13368,0,0,198,15350,190,3715,198,19065,California
Napa,2021-01-29,265,22969,66,9402,199,13567,0,0,168,15421,97,3812,168,19233,California
Napa,2021-01-30,820,23789,709,10111,111,13678,0,0,650,15901,170,3982,650,19883,California
Napa,2021-01-31,693,24482,661,10772,32,13710,0,0,668,16544,25,4007,668,20551,California
Napa,2021-02-01,323,24805,113,10885,210,13920,0,0,165,16551,158,4165,165,20716,California
Napa,2021-02-02,616,25421,283,11168,333,14253,0,0,304,16546,309,4474,304,21020,California
Napa,2021-02-03,749,26170,312,11480,437,14690,0,0,434,16666,314,4788,434,21454,California
Napa,2021-02-04,792,26962,372,11852,420,15110,0,0,442,16760,348,5136,442,21896,California
Napa,2021-02-05,713,27675,311,12163,402,15512,0,0,342,16731,371,5507,342,22238,California
Napa,2021-02-06,440,28115,147,12310,293,15805,0,0,334,16960,105,5612,334,22572,California
Napa,2021-02-07,181,28296,168,12478,13,15818,0,0,72,16924,108,5720,72,22644,California
Napa,2021-02-08,838,29134,191,12669,647,16465,0,0,278,16644,558,6278,278,22922,California
Napa,2021-02-09,1090,30224,451,13120,639,17104,0,0,445,16445,644,6922,445,23367,California
Napa,2021-02-10,1740,31964,195,13315,1545,18649,0,0,454,15617,1283,8205,455,23822,California
Napa,2021-02-11,1505,33469,196,13511,1309,19958,0,0,406,14937,1086,9291,406,24228,California
Napa,2021-02-12,2198,35667,866,14377,1332,21290,0,0,698,14140,1495,10786,698,24926,California
Napa,2021-02-13,513,36180,56,14433,457,21747,0,0,318,14264,194,10980,318,25244,California
Napa,2021-02-14,356,36536,89,14522,267,22014,0,0,192,14292,164,11144,192,25436,California
Napa,2021-02-15,881,37417,184,14706,697,22711,0,0,223,13859,656,11800,223,25659,California
Napa,2021-02-16,1297,38714,601,15307,696,23407,0,0,617,13798,678,12478,617,26276,California
Napa,2021-02-17,1062,39776,535,15842,527,23934,0,0,482,13703,578,13056,483,26759,California
Napa,2021-02-18,1931,41707,491,16333,1440,25374,0,0,667,13111,1259,14315,667,27426,California
Napa,2021-02-19,1516,43223,600,16933,916,26290,0,0,684,12966,829,15144,684,28110,California
Napa,2021-02-20,871,44094,636,17569,235,26525,0,0,284,12663,587,15731,284,28394,California
Napa,2021-02-21,890,44984,821,18390,69,26594,0,0,195,12163,695,16426,195,28589,California
Napa,2021-02-22,476,45460,199,18589,277,26871,0,0,147,11981,329,16755,147,28736,California
Napa,2021-02-23,1157,46617,315,18904,842,27713,0,0,329,11482,828,17583,329,29065,California
Napa,2021-02-24,1189,47806,660,19564,529,28242,0,0,596,11487,591,18174,596,29661,California
Napa,2021-02-25,2600,50406,1255,20819,1345,29587,0,0,1878,12644,721,18895,1878,31539,California
Napa,2021-02-26,1554,51960,552,21371,1002,30589,0,0,620,12332,932,19827,620,32159,California
Napa,2021-02-27,1189,53149,425,21796,764,31353,0,0,932,13009,255,20082,932,33091,California
Napa,2021-02-28,725,53874,605,22401,120,31473,0,0,608,13502,115,20197,608,33699,California
Napa,2021-03-01,1175,55049,881,23282,294,31767,0,0,897,14123,276,20473,897,34596,California
Napa,2021-03-02,1507,56556,1050,24332,457,32224,0,0,1160,14937,346,20819,1160,35756,California
Napa,2021-03-03,1572,58128,695,25027,877,33101,0,0,1382,16130,189,21008,1382,37138,California
Napa,2021-03-04,1722,59850,790,25817,932,34033,0,0,1480,17371,239,21247,1480,38618,California
Napa,2021-03-05,1907,61757,790,26607,1113,35146,4,4,1483,18437,421,21668,1487,40105,California
Napa,2021-03-06,658,62415,289,26896,338,35484,31,35,544,18900,112,21780,575,40680,California
Napa,2021-03-07,534,62949,322,27218,196,35680,16,51,382,19147,151,21931,398,41078,California
Napa,2021-03-08,716,63665,336,27554,327,36007,53,104,539,19564,174,22105,591,41669,California
Napa,2021-03-09,1688,65353,607,28161,1035,37042,46,150,1248,20422,436,22541,1294,42963,California
Napa,2021-03-10,1499,66852,925,29086,480,37522,94,244,800,20619,694,23235,891,43854,California
Napa,2021-03-11,1887,68739,1066,30152,689,38211,132,376,986,20836,900,24135,1117,44971,California
Napa,2021-03-12,1521,70260,925,31077,501,38712,95,471,811,21037,705,24840,906,45877,California
Napa,2021-03-13,1179,71439,311,31388,843,39555,25,496,834,21553,343,25183,859,46736,California
Napa,2021-03-14,618,72057,335,31723,134,39689,149,645,206,21496,411,25594,354,47090,California
Napa,2021-03-15,959,73016,412,32135,479,40168,68,713,482,21570,475,26069,549,47639,California
Napa,2021-03-16,1857,74873,394,32529,1336,41504,127,840,1381,22607,472,26541,1509,49148,California
Napa,2021-03-17,2528,77401,1860,34389,489,41993,179,1019,1597,23453,930,27471,1776,50924,California
Napa,2021-03-18,2149,79550,955,35344,1183,43176,11,1030,1286,23892,859,28330,1298,52222,California
Napa,2021-03-19,1464,81014,891,36235,545,43721,28,1058,695,23849,766,29096,723,52945,California
Napa,2021-03-20,1013,82027,530,36765,330,44051,153,1211,390,23770,622,29718,543,53488,California
Napa,2021-03-21,724,82751,699,37464,22,44073,3,1214,232,23515,490,30208,235,53723,California
Napa,2021-03-22,1302,84053,1122,38586,168,44241,12,1226,437,23104,860,31068,449,54172,California
Napa,2021-03-23,1898,85951,1201,39787,680,44921,17,1243,1009,23245,885,31953,1026,55198,California
Napa,2021-03-24,1712,87663,947,40734,756,45677,9,1252,817,23176,894,32847,825,56023,California
Napa,2021-03-25,1935,89598,1059,41793,822,46499,54,1306,772,22845,1157,34004,826,56849,California
Napa,2021-03-26,1311,90909,839,42632,466,46965,6,1312,587,22720,718,34722,593,57442,California
Napa,2021-03-27,954,91863,434,43066,493,47458,27,1339,295,22383,659,35381,322,57764,California
Napa,2021-03-28,493,92356,382,43448,104,47562,7,1346,180,22260,311,35692,188,57952,California
Napa,2021-03-29,1202,93558,876,44324,321,47883,5,1351,729,22523,471,36163,734,58686,California
Napa,2021-03-30,2802,96360,935,45259,1862,49745,5,1356,1980,23685,823,36986,1985,60671,California
Napa,2021-03-31,1975,98335,963,46222,943,50688,69,1425,799,23378,1173,38159,866,61537,California
Napa,2021-04-01,1760,100095,847,47069,796,51484,117,1542,478,22697,1275,39434,594,62131,California
Napa,2021-04-02,1872,101967,844,47913,886,52370,142,1684,473,21915,1396,40830,614,62745,California
Napa,2021-04-03,640,102607,372,48285,208,52578,60,1744,213,21761,426,41256,272,63017,California
Napa,2021-04-04,360,102967,145,48430,155,52733,60,1804,123,21708,236,41492,183,63200,California
Napa,2021-04-05,1278,104245,759,49189,299,53032,220,2024,572,21796,704,42196,792,63992,California
Napa,2021-04-06,2268,106513,566,49755,1443,54475,259,2283,527,20843,1738,43934,785,64777,California
Napa,2021-04-07,1753,108266,708,50463,823,55298,222,2505,532,20380,1215,45149,752,65529,California
Napa,2021-04-08,1871,110137,1072,51535,423,55721,376,2881,966,20822,899,46048,1341,66870,California
Napa,2021-04-09,1549,111686,927,52462,317,56038,305,3186,678,20936,868,46916,982,67852,California
Napa,2021-04-10,1053,112739,353,52815,597,56635,103,3289,246,20481,804,47720,349,68201,California
Napa,2021-04-11,386,113125,300,53115,63,56698,23,3312,157,20432,229,47949,180,68381,California
Napa,2021-04-12,796,113921,302,53417,369,57067,125,3437,292,20343,502,48451,413,68794,California
Napa,2021-04-13,2593,116514,869,54286,1724,58791,0,3437,944,19644,1643,50094,944,69738,California
Napa,2021-04-14,2159,118673,1017,55303,1142,59933,0,3437,1052,19597,1099,51193,1052,70790,California
Napa,2021-04-15,2097,120770,537,55840,1560,61493,0,3437,903,19314,1186,52379,903,71693,California
Napa,2021-04-16,3013,123783,1645,57485,1368,62861,0,3437,2279,20864,729,53108,2279,73972,California
Napa,2021-04-17,1168,124951,275,57760,893,63754,0,3437,862,21421,305,53413,862,74834,California
Napa,2021-04-18,286,125237,190,57950,96,63850,0,3437,124,21383,162,53575,124,74958,California
Napa,2021-04-19,631,125868,342,58292,289,64139,0,3437,277,21307,353,53928,277,75235,California
Napa,2021-04-20,3074,128942,2095,60387,979,65118,0,3437,2090,22416,982,54910,2091,77326,California
Napa,2021-04-21,2977,131919,2200,62587,777,65895,0,3437,1883,23212,1088,55998,1884,79210,California
Napa,2021-04-22,1832,133751,1297,63884,535,66430,0,3437,864,23112,964,56962,864,80074,California
Napa,2021-04-23,1654,135405,1271,65155,381,66811,2,3439,1166,23794,484,57446,1166,81240,California
Napa,2021-04-24,574,135979,323,65478,251,67062,0,3439,298,23819,273,57719,298,81538,California
Napa,2021-04-25,248,136227,189,65667,59,67121,0,3439,127,23826,120,57839,127,81665,California
Napa,2021-04-26,550,136777,282,65949,268,67389,0,3439,283,23847,262,58101,283,81948,California
Napa,2021-04-27,1788,138565,469,66418,1307,68696,12,3451,594,23263,1190,59291,606,82554,California
Napa,2021-04-28,1022,139587,473,66891,532,69228,17,3468,350,22960,670,59961,367,82921,California
Napa,2021-04-29,734,140321,365,67256,349,69577,20,3488,269,22790,458,60419,288,83209,California
Napa,2021-04-30,621,140942,312,67568,245,69822,64,3552,258,22750,361,60780,321,83530,California
Napa,2021-05-01,331,141273,272,67840,48,69870,11,3563,122,22674,209,60989,133,83663,California
Napa,2021-05-02,239,141512,194,68034,39,69909,6,3569,101,22644,137,61126,107,83770,California
Napa,2021-05-03,638,142150,498,68532,104,70013,36,3605,112,22271,522,61648,149,83919,California
Napa,2021-05-04,1143,143293,729,69261,302,70315,112,3717,307,21858,832,62480,419,84338,California
Napa,2021-05-05,1043,144336,705,69966,300,70615,38,3755,265,21386,775,63255,303,84641,California
Napa,2021-05-06,724,145060,322,70288,379,70994,23,3778,373,21442,342,63597,398,85039,California
Napa,2021-05-07,1596,146656,1365,71653,168,71162,63,3841,333,20597,1240,64837,395,85434,California
Napa,2021-05-08,259,146915,166,71819,82,71244,11,3852,87,20526,169,65006,98,85532,California
Napa,2021-05-09,120,147035,88,71907,32,71276,0,3852,59,20524,61,65067,59,85591,California
Napa,2021-05-10,429,147464,147,72054,263,71539,19,3871,109,20333,319,65386,128,85719,California
Napa,2021-05-11,2195,149659,1809,73863,361,71900,25,3896,386,18941,1803,67189,411,86130,California
Napa,2021-05-12,2217,151876,1387,75250,773,72673,57,3953,312,17410,1899,69088,368,86498,California
Napa,2021-05-13,1968,153844,1253,76503,675,73348,40,3993,866,17222,1095,70183,907,87405,California
Napa,2021-05-14,1966,155810,1188,77691,692,74040,86,4079,532,16415,1426,71609,619,88024,California
Napa,2021-05-15,1074,156884,364,78055,698,74738,12,4091,256,15870,814,72423,269,88293,California
Napa,2021-05-16,245,157129,164,78219,79,74817,2,4093,73,15773,172,72595,75,88368,California
Napa,2021-05-17,892,158021,347,78566,515,75332,30,4123,306,15586,524,73119,337,88705,California
Napa,2021-05-18,1077,159098,553,79119,467,75799,57,4180,511,15593,561,73680,568,89273,California
Napa,2021-05-19,979,160077,578,79697,371,76170,30,4210,509,15664,467,74147,538,89811,California
Napa,2021-05-20,661,160738,436,80133,194,76364,31,4241,381,15798,278,74425,412,90223,California
Napa,2021-05-21,527,161265,265,80398,230,76594,32,4273,218,15741,307,74732,250,90473,California
Napa,2021-05-22,461,161726,274,80672,178,76772,9,4282,191,15672,270,75002,201,90674,California
Napa,2021-05-23,401,162127,355,81027,35,76807,11,4293,295,15872,106,75108,306,90980,California
Napa,2021-05-24,382,162509,186,81213,176,76983,20,4313,153,15818,227,75335,173,91153,California
Napa,2021-05-25,434,162943,178,81391,185,77168,71,4384,146,15747,287,75622,216,91369,California
Napa,2021-05-26,560,163503,362,81753,174,77342,24,4408,320,15854,237,75859,344,91713,California
Napa,2021-05-27,398,163901,170,81923,200,77542,28,4436,150,15784,248,76107,178,91891,California
Napa,2021-05-28,405,164306,209,82132,172,77714,24,4460,168,15741,233,76340,190,92081,California
Napa,2021-05-29,128,164434,79,82211,45,77759,4,4464,74,15766,53,76393,78,92159,California
Napa,2021-05-30,98,164532,61,82272,32,77791,5,4469,28,15731,68,76461,33,92192,California
Napa,2021-05-31,51,164583,17,82289,28,77819,6,4475,9,15704,42,76503,15,92207,California
Napa,2021-06-01,605,165188,314,82603,267,78086,24,4499,261,15650,338,76841,284,92491,California
Napa,2021-06-02,414,165602,246,82849,146,78232,22,4521,191,15641,221,77062,212,92703,California
Napa,2021-06-03,759,166361,464,83313,270,78502,25,4546,131,15170,625,77687,154,92857,California
Napa,2021-06-04,784,167145,603,83916,144,78646,37,4583,146,14717,636,78323,183,93040,California
Napa,2021-06-05,309,167454,251,84167,47,78693,11,4594,71,14563,236,78559,82,93122,California
Napa,2021-06-06,145,167599,126,84293,18,78711,1,4595,44,14508,100,78659,45,93167,California
Napa,2021-06-07,395,167994,287,84580,80,78791,28,4623,93,14327,302,78961,121,93288,California
Napa,2021-06-08,621,168615,493,85073,111,78902,17,4640,274,14274,344,79305,291,93579,California
Napa,2021-06-09,556,169171,451,85524,90,78992,15,4655,96,13926,459,79764,111,93690,California
Napa,2021-06-10,512,169683,416,85940,63,79055,33,4688,109,13665,403,80167,142,93832,California
Napa,2021-06-11,410,170093,267,86207,119,79174,24,4712,117,13514,292,80459,141,93973,California
Napa,2021-06-12,205,170298,173,86380,27,79201,5,4717,42,13399,162,80621,47,94020,California
Napa,2021-06-13,290,170588,277,86657,8,79209,5,4722,30,13174,260,80881,35,94055,California
Napa,2021-06-14,482,171070,338,86995,118,79327,26,4748,93,12905,385,81266,116,94171,California
Napa,2021-06-15,377,171447,277,87272,87,79414,13,4761,184,12911,191,81457,197,94368,California
Napa,2021-06-16,261,171708,165,87437,81,79495,15,4776,85,12839,172,81629,100,94468,California
Napa,2021-06-17,390,172098,322,87759,60,79555,8,4784,70,12597,320,81949,78,94546,California
Napa,2021-06-18,267,172365,173,87932,83,79638,11,4795,91,12525,174,82123,102,94648,California
Napa,2021-06-19,111,172476,77,88009,23,79661,11,4806,47,12521,62,82185,58,94706,California
Napa,2021-06-20,54,172530,42,88051,9,79670,3,4809,19,12508,35,82220,22,94728,California
Napa,2021-06-21,158,172688,73,88124,65,79735,20,4829,75,12520,82,82302,94,94822,California
Napa,2021-06-22,378,173066,299,88423,65,79800,14,4843,111,12380,265,82567,125,94947,California
Napa,2021-06-23,341,173407,265,88688,54,79854,22,4865,109,12281,229,82796,130,95077,California
Napa,2021-06-24,168,173575,115,88803,48,79902,5,4870,71,12262,95,82891,76,95153,California
Napa,2021-06-25,242,173817,158,88961,71,79973,13,4883,117,12272,119,83010,129,95282,California
Napa,2021-06-26,94,173911,78,89039,11,79984,5,4888,45,12273,49,83059,50,95332,California
Napa,2021-06-27,70,173981,60,89099,10,79994,0,4888,33,12269,37,83096,33,95365,California
Napa,2021-06-28,186,174167,141,89240,34,80028,11,4899,81,12256,104,83200,91,95456,California
Napa,2021-06-29,192,174359,147,89387,38,80066,7,4906,57,12186,134,83334,64,95520,California
Nevada,2020-12-16,3,3,3,3,0,0,0,0,3,3,0,0,3,3,California
Nevada,2020-12-17,7,10,7,10,0,0,0,0,7,10,0,0,7,10,California
Nevada,2020-12-18,56,66,56,66,0,0,0,0,56,66,0,0,56,66,California
Nevada,2020-12-19,55,121,55,121,0,0,0,0,55,121,0,0,55,121,California
Nevada,2020-12-20,12,133,12,133,0,0,0,0,12,133,0,0,12,133,California
Nevada,2020-12-21,69,202,69,202,0,0,0,0,69,202,0,0,69,202,California
Nevada,2020-12-22,90,292,88,290,2,2,0,0,90,292,0,0,90,292,California
Nevada,2020-12-23,233,525,202,492,31,33,0,0,233,525,0,0,233,525,California
Nevada,2020-12-24,13,538,11,503,2,35,0,0,13,538,0,0,13,538,California
Nevada,2020-12-25,3,541,3,506,0,35,0,0,3,541,0,0,3,541,California
Nevada,2020-12-26,6,547,4,510,2,37,0,0,6,547,0,0,6,547,California
Nevada,2020-12-27,89,636,89,599,0,37,0,0,89,636,0,0,89,636,California
Nevada,2020-12-28,170,806,93,692,77,114,0,0,170,806,0,0,170,806,California
Nevada,2020-12-29,99,905,73,765,26,140,0,0,99,905,0,0,99,905,California
Nevada,2020-12-30,86,991,66,831,20,160,0,0,86,991,0,0,86,991,California
Nevada,2020-12-31,39,1030,9,840,30,190,0,0,39,1030,0,0,39,1030,California
Nevada,2021-01-01,3,1033,0,840,3,193,0,0,3,1033,0,0,3,1033,California
Nevada,2021-01-02,1,1034,1,841,0,193,0,0,1,1034,0,0,1,1034,California
Nevada,2021-01-03,130,1164,125,966,5,198,0,0,130,1164,0,0,130,1164,California
Nevada,2021-01-04,72,1236,47,1013,25,223,0,0,72,1236,0,0,72,1236,California
Nevada,2021-01-05,274,1510,133,1146,141,364,0,0,273,1508,1,1,273,1509,California
Nevada,2021-01-06,90,1600,42,1188,48,412,0,0,82,1582,8,9,82,1591,California
Nevada,2021-01-07,218,1818,44,1232,174,586,0,0,210,1786,7,16,211,1802,California
Nevada,2021-01-08,220,2038,128,1360,92,678,0,0,164,1895,56,72,165,1967,California
Nevada,2021-01-09,64,2102,57,1417,7,685,0,0,14,1859,50,122,14,1981,California
Nevada,2021-01-10,18,2120,9,1426,9,694,0,0,10,1861,8,130,10,1991,California
Nevada,2021-01-11,186,2306,131,1557,55,749,0,0,58,1791,128,258,58,2049,California
Nevada,2021-01-12,600,2906,453,2010,147,896,0,0,533,2257,67,325,533,2582,California
Nevada,2021-01-13,262,3168,148,2158,114,1010,0,0,128,2251,134,459,128,2710,California
Nevada,2021-01-14,238,3406,127,2285,111,1121,0,0,221,2456,16,475,221,2931,California
Nevada,2021-01-15,401,3807,173,2458,228,1349,0,0,300,2655,101,576,300,3231,California
Nevada,2021-01-16,299,4106,15,2473,284,1633,0,0,295,2946,4,580,295,3526,California
Nevada,2021-01-17,37,4143,33,2506,4,1637,0,0,35,2979,2,582,35,3561,California
Nevada,2021-01-18,150,4293,40,2546,110,1747,0,0,140,3109,10,592,140,3701,California
Nevada,2021-01-19,248,4541,88,2634,160,1907,0,0,228,3317,20,612,228,3929,California
Nevada,2021-01-20,274,4815,165,2799,109,2016,0,0,260,3563,14,626,260,4189,California
Nevada,2021-01-21,343,5158,207,3006,136,2152,0,0,329,3878,14,640,329,4518,California
Nevada,2021-01-22,379,5537,238,3244,141,2293,0,0,348,4195,31,671,348,4866,California
Nevada,2021-01-23,182,5719,107,3351,75,2368,0,0,182,4377,0,671,182,5048,California
Nevada,2021-01-24,110,5829,102,3453,8,2376,0,0,69,4405,41,712,69,5117,California
Nevada,2021-01-25,264,6093,135,3588,129,2505,0,0,203,4547,61,773,203,5320,California
Nevada,2021-01-26,409,6502,145,3733,264,2769,0,0,304,4746,105,878,304,5624,California
Nevada,2021-01-27,428,6930,254,3987,174,2943,0,0,403,5124,25,903,403,6027,California
Nevada,2021-01-28,480,7410,327,4314,153,3096,0,0,436,5517,43,946,436,6463,California
Nevada,2021-01-29,607,8017,393,4707,214,3310,0,0,579,6070,27,973,580,7043,California
Nevada,2021-01-30,296,8313,106,4813,190,3500,0,0,293,6360,3,976,293,7336,California
Nevada,2021-01-31,103,8416,86,4899,17,3517,0,0,99,6457,3,979,100,7436,California
Nevada,2021-02-01,294,8710,71,4970,223,3740,0,0,280,6723,14,993,280,7716,California
Nevada,2021-02-02,531,9241,187,5157,344,4084,0,0,331,6854,200,1193,331,8047,California
Nevada,2021-02-03,820,10061,576,5733,244,4328,0,0,765,7565,54,1247,765,8812,California
Nevada,2021-02-04,741,10802,392,6125,349,4677,0,0,490,7805,250,1497,490,9302,California
Nevada,2021-02-05,657,11459,371,6496,286,4963,0,0,466,8082,189,1686,466,9768,California
Nevada,2021-02-06,271,11730,83,6579,188,5151,0,0,242,8295,29,1715,242,10010,California
Nevada,2021-02-07,246,11976,192,6771,54,5205,0,0,192,8433,54,1769,192,10202,California
Nevada,2021-02-08,651,12627,405,7176,246,5451,0,0,550,8884,99,1868,550,10752,California
Nevada,2021-02-09,606,13233,339,7515,267,5718,0,0,463,9204,143,2011,463,11215,California
Nevada,2021-02-10,654,13887,326,7841,328,6046,0,0,421,9394,232,2243,422,11637,California
Nevada,2021-02-11,887,14774,513,8354,374,6420,0,0,553,9615,332,2575,553,12190,California
Nevada,2021-02-12,957,15731,445,8799,512,6932,0,0,630,9921,324,2899,630,12820,California
Nevada,2021-02-13,619,16350,241,9040,378,7310,0,0,393,10093,222,3121,394,13214,California
Nevada,2021-02-14,234,16584,120,9160,114,7424,0,0,205,10269,29,3150,205,13419,California
Nevada,2021-02-15,714,17298,438,9598,276,7700,0,0,538,10632,175,3325,538,13957,California
Nevada,2021-02-16,628,17926,201,9799,427,8127,0,0,457,10919,170,3495,457,14414,California
Nevada,2021-02-17,1198,19124,776,10575,422,8549,0,0,856,11433,342,3837,856,15270,California
Nevada,2021-02-18,1022,20146,557,11132,465,9014,0,0,601,11618,416,4253,601,15871,California
Nevada,2021-02-19,1036,21182,636,11768,400,9414,0,0,667,11920,366,4619,668,16539,California
Nevada,2021-02-20,305,21487,109,11877,196,9610,0,0,177,11970,127,4746,177,16716,California
Nevada,2021-02-21,94,21581,86,11963,8,9618,0,0,8,11895,83,4829,8,16724,California
Nevada,2021-02-22,508,22089,341,12304,167,9785,0,0,360,12108,147,4976,360,17084,California
Nevada,2021-02-23,496,22585,242,12546,254,10039,0,0,221,12058,272,5248,222,17306,California
Nevada,2021-02-24,517,23102,279,12825,238,10277,0,0,254,12053,263,5511,258,17564,California
Nevada,2021-02-25,871,23973,471,13296,400,10677,0,0,437,12058,432,5943,437,18001,California
Nevada,2021-02-26,1247,25220,887,14183,360,11037,0,0,416,11646,828,6771,416,18417,California
Nevada,2021-02-27,424,25644,112,14295,312,11349,0,0,193,11608,231,7002,193,18610,California
Nevada,2021-02-28,274,25918,160,14455,114,11463,0,0,126,11587,147,7149,126,18736,California
Nevada,2021-03-01,840,26758,437,14892,403,11866,0,0,368,11486,469,7618,368,19104,California
Nevada,2021-03-02,742,27500,292,15184,450,12316,0,0,511,11771,226,7844,511,19615,California
Nevada,2021-03-03,991,28491,509,15693,481,12797,1,1,518,11819,471,8315,519,20134,California
Nevada,2021-03-04,1109,29600,620,16313,489,13286,0,1,467,11648,638,8953,467,20601,California
Nevada,2021-03-05,1181,30781,479,16792,692,13978,10,11,707,11894,471,9424,717,21318,California
Nevada,2021-03-06,364,31145,121,16913,216,14194,27,38,149,11854,215,9639,175,21493,California
Nevada,2021-03-07,209,31354,108,17021,82,14276,19,57,70,11804,139,9778,89,21582,California
Nevada,2021-03-08,827,32181,558,17579,223,14499,46,103,375,11775,451,10229,422,22004,California
Nevada,2021-03-09,793,32974,403,17982,340,14839,50,153,466,11965,325,10554,515,22519,California
Nevada,2021-03-10,1005,33979,648,18630,301,15140,56,209,339,11700,659,11213,394,22913,California
Nevada,2021-03-11,1109,35088,727,19357,357,15497,25,234,551,11727,549,11762,576,23489,California
Nevada,2021-03-12,1537,36625,728,20085,779,16276,30,264,839,11900,694,12456,867,24356,California
Nevada,2021-03-13,938,37563,57,20142,876,17152,5,269,755,12479,181,12637,760,25116,California
Nevada,2021-03-14,160,37723,20,20162,135,17287,5,274,33,12390,127,12764,38,25154,California
Nevada,2021-03-15,855,38578,465,20627,378,17665,12,286,357,12266,493,13257,369,25523,California
Nevada,2021-03-16,1004,39582,468,21095,474,18139,62,348,640,12605,362,13619,701,26224,California
Nevada,2021-03-17,1025,40607,454,21549,561,18700,10,358,585,12764,437,14056,596,26820,California
Nevada,2021-03-18,983,41590,533,22082,427,19127,23,381,476,12761,501,14557,498,27318,California
Nevada,2021-03-19,939,42529,440,22522,462,19589,37,418,362,12679,572,15129,490,27808,California
Nevada,2021-03-20,837,43366,94,22616,316,19905,427,845,242,12755,589,15718,665,28473,California
Nevada,2021-03-21,59,43425,32,22648,26,19931,1,846,33,12771,25,15743,41,28514,California
Nevada,2021-03-22,802,44227,519,23167,278,20209,5,851,532,13041,267,16010,537,29051,California
Nevada,2021-03-23,864,45091,391,23558,445,20654,28,879,619,13446,242,16252,647,29698,California
Nevada,2021-03-24,1023,46114,543,24101,473,21127,7,886,638,13711,379,16631,644,30342,California
Nevada,2021-03-25,913,47027,463,24564,425,21552,25,911,495,13814,416,17047,519,30861,California
Nevada,2021-03-26,1167,48194,441,25005,687,22239,39,950,839,14367,325,17372,878,31739,California
Nevada,2021-03-27,589,48783,73,25078,500,22739,16,966,405,14605,183,17555,421,32160,California
Nevada,2021-03-28,177,48960,53,25131,111,22850,13,979,37,14520,135,17690,50,32210,California
Nevada,2021-03-29,825,49785,503,25634,300,23150,22,1001,373,14467,447,18137,394,32604,California
Nevada,2021-03-30,1059,50844,483,26117,542,23692,34,1035,487,14424,564,18701,521,33125,California
Nevada,2021-03-31,1181,52025,661,26778,503,24195,17,1052,670,14608,502,19203,686,33811,California
Nevada,2021-04-01,1246,53271,726,27504,467,24662,53,1105,551,14528,683,19886,603,34414,California
Nevada,2021-04-02,1304,54575,663,28167,605,25267,36,1141,772,14808,528,20414,808,35222,California
Nevada,2021-04-03,289,54864,86,28253,162,25429,41,1182,81,14723,207,20621,122,35344,California
Nevada,2021-04-04,129,54993,42,28295,80,25509,7,1189,77,14755,52,20673,84,35428,California
Nevada,2021-04-05,937,55930,615,28910,302,25811,20,1209,621,15084,311,20984,640,36068,California
Nevada,2021-04-06,1075,57005,666,29576,265,26076,144,1353,434,15027,634,21618,577,36645,California
Nevada,2021-04-07,1147,58152,819,30395,245,26321,83,1436,608,15185,532,22150,690,37335,California
Nevada,2021-04-08,1280,59432,890,31285,306,26627,84,1520,707,15407,568,22718,790,38125,California
Nevada,2021-04-09,1273,60705,849,32134,356,26983,68,1588,863,15929,408,23126,930,39055,California
Nevada,2021-04-10,900,61605,78,32212,746,27729,76,1664,125,15361,769,23895,201,39256,California
Nevada,2021-04-11,112,61717,34,32246,72,27801,6,1670,41,15337,71,23966,47,39303,California
Nevada,2021-04-12,749,62466,542,32788,190,27991,17,1687,318,15246,426,24392,335,39638,California
Nevada,2021-04-13,891,63357,355,33143,536,28527,0,1687,471,15301,416,24808,471,40109,California
Nevada,2021-04-14,1057,64414,568,33711,489,29016,0,1687,538,15328,511,25319,538,40647,California
Nevada,2021-04-15,1082,65496,710,34421,372,29388,0,1687,624,15506,446,25765,624,41271,California
Nevada,2021-04-16,909,66405,692,35113,217,29605,0,1687,517,15633,390,26155,517,41788,California
Nevada,2021-04-17,204,66609,55,35168,149,29754,0,1687,89,15609,113,26268,89,41877,California
Nevada,2021-04-18,201,66810,21,35189,180,29934,0,1687,102,15612,99,26367,102,41979,California
Nevada,2021-04-19,756,67566,483,35672,273,30207,0,1687,308,15483,437,26804,308,42287,California
Nevada,2021-04-20,830,68396,330,36002,500,30707,0,1687,312,15283,512,27316,312,42599,California
Nevada,2021-04-21,933,69329,519,36521,414,31121,0,1687,272,14904,651,27967,272,42871,California
Nevada,2021-04-22,1003,70332,629,37150,374,31495,0,1687,339,14591,653,28620,340,43211,California
Nevada,2021-04-23,1257,71589,552,37702,705,32200,0,1687,401,14148,844,29464,401,43612,California
Nevada,2021-04-24,518,72107,70,37772,448,32648,0,1687,168,13968,348,29812,168,43780,California
Nevada,2021-04-25,130,72237,60,37832,65,32713,5,1692,50,13943,79,29891,54,43834,California
Nevada,2021-04-26,746,72983,561,38393,177,32890,8,1700,219,13653,517,30408,227,44061,California
Nevada,2021-04-27,817,73800,380,38773,432,33322,5,1705,410,13669,399,30807,415,44476,California
Nevada,2021-04-28,990,74790,580,39353,405,33727,5,1710,386,13462,598,31405,391,44867,California
Nevada,2021-04-29,1014,75804,706,40059,304,34031,4,1714,277,13008,735,32140,281,45148,California
Nevada,2021-04-30,1247,77051,727,40786,511,34542,9,1723,213,12198,1032,33172,222,45370,California
Nevada,2021-05-01,144,77195,60,40846,80,34622,4,1727,63,12186,79,33251,67,45437,California
Nevada,2021-05-02,58,77253,32,40878,22,34644,4,1731,20,12172,38,33289,24,45461,California
Nevada,2021-05-03,610,77863,405,41283,186,34830,19,1750,178,11940,428,33717,196,45657,California
Nevada,2021-05-04,591,78454,172,41455,401,35231,18,1768,336,12043,251,33968,354,46011,California
Nevada,2021-05-05,737,79191,381,41836,342,35573,14,1782,324,11977,404,34372,338,46349,California
Nevada,2021-05-06,804,79995,565,42401,228,35801,11,1793,195,11584,599,34971,206,46555,California
Nevada,2021-05-07,889,80884,487,42888,367,36168,35,1828,184,11102,701,35672,219,46774,California
Nevada,2021-05-08,175,81059,19,42907,136,36304,20,1848,77,11103,96,35768,97,46871,California
Nevada,2021-05-09,47,81106,8,42915,37,36341,2,1850,23,11104,24,35792,25,46896,California
Nevada,2021-05-10,392,81498,248,43163,120,36461,24,1874,77,10891,314,36106,101,46997,California
Nevada,2021-05-11,518,82016,156,43319,349,36810,13,1887,129,10652,381,36487,142,47139,California
Nevada,2021-05-12,544,82560,237,43556,296,37106,11,1898,154,10436,381,36868,165,47304,California
Nevada,2021-05-13,835,83395,552,44108,273,37379,10,1908,429,10477,398,37266,439,47743,California
Nevada,2021-05-14,788,84183,581,44689,189,37568,18,1926,439,10589,345,37611,457,48200,California
Nevada,2021-05-15,187,84370,87,44776,92,37660,8,1934,87,10585,99,37710,95,48295,California
Nevada,2021-05-16,161,84531,54,44830,107,37767,0,1934,56,10536,105,37815,56,48351,California
Nevada,2021-05-17,494,85025,316,45146,148,37915,30,1964,210,10503,273,38088,240,48591,California
Nevada,2021-05-18,419,85444,255,45401,160,38075,4,1968,221,10533,196,38284,226,48817,California
Nevada,2021-05-19,491,85935,355,45756,131,38206,5,1973,256,10568,226,38510,261,49078,California
Nevada,2021-05-20,607,86542,350,46106,245,38451,12,1985,216,10410,386,38896,228,49306,California
Nevada,2021-05-21,509,87051,327,46433,172,38623,10,1995,218,10350,288,39184,228,49534,California
Nevada,2021-05-22,244,87295,34,46467,157,38780,53,2048,93,10345,151,39335,146,49680,California
Nevada,2021-05-23,51,87346,18,46485,33,38813,0,2048,17,10329,33,39368,17,49697,California
Nevada,2021-05-24,310,87656,219,46704,80,38893,11,2059,106,10245,201,39569,117,49814,California
Nevada,2021-05-25,342,87998,82,46786,248,39141,12,2071,81,10082,256,39825,93,49907,California
Nevada,2021-05-26,453,88451,197,46983,246,39387,10,2081,135,9916,311,40136,145,50052,California
Nevada,2021-05-27,420,88871,224,47207,174,39561,22,2103,178,9877,239,40375,200,50252,California
Nevada,2021-05-28,346,89217,212,47419,112,39673,22,2125,190,9937,153,40528,213,50465,California
Nevada,2021-05-29,67,89284,12,47431,55,39728,0,2125,42,9954,25,40553,42,50507,California
Nevada,2021-05-30,38,89322,21,47452,15,39743,2,2127,26,9970,12,40565,28,50535,California
Nevada,2021-05-31,6,89328,4,47456,0,39743,2,2129,2,9970,4,40569,4,50539,California
Nevada,2021-06-01,421,89749,128,47584,276,40019,17,2146,102,9779,310,40879,119,50658,California
Nevada,2021-06-02,402,90151,165,47749,230,40249,7,2153,101,9594,293,41172,108,50766,California
Nevada,2021-06-03,558,90709,402,48151,151,40400,5,2158,97,9240,456,41628,102,50868,California
Nevada,2021-06-04,543,91252,434,48585,105,40505,4,2162,107,8920,431,42059,111,50979,California
Nevada,2021-06-05,173,91425,70,48655,101,40606,2,2164,67,8884,105,42164,69,51048,California
Nevada,2021-06-06,53,91478,40,48695,13,40619,0,2164,11,8853,42,42206,11,51059,California
Nevada,2021-06-07,268,91746,195,48890,43,40662,30,2194,60,8740,203,42409,90,51149,California
Nevada,2021-06-08,287,92033,188,49078,85,40747,14,2208,65,8606,213,42622,79,51228,California
Nevada,2021-06-09,326,92359,217,49295,102,40849,7,2215,81,8454,240,42862,88,51316,California
Nevada,2021-06-10,275,92634,179,49474,88,40937,8,2223,74,8341,194,43056,81,51397,California
Nevada,2021-06-11,326,92960,233,49707,74,41011,19,2242,75,8186,248,43304,93,51490,California
Nevada,2021-06-12,91,93051,53,49760,33,41044,5,2247,26,8152,65,43369,31,51521,California
Nevada,2021-06-13,32,93083,17,49777,14,41058,1,2248,6,8133,26,43395,7,51528,California
Nevada,2021-06-14,189,93272,135,49912,43,41101,11,2259,49,8059,134,43529,60,51588,California
Nevada,2021-06-15,172,93444,98,50010,66,41167,8,2267,66,8031,102,43631,74,51662,California
Nevada,2021-06-16,237,93681,133,50143,96,41263,8,2275,68,7945,162,43793,76,51738,California
Nevada,2021-06-17,223,93904,131,50274,79,41342,13,2288,39,7814,183,43976,52,51790,California
Nevada,2021-06-18,219,94123,150,50424,51,41393,18,2306,67,7749,150,44126,85,51875,California
Nevada,2021-06-19,68,94191,33,50457,30,41423,5,2311,29,7744,39,44165,34,51909,California
Nevada,2021-06-20,27,94218,20,50477,7,41430,0,2311,8,7734,18,44183,8,51917,California
Nevada,2021-06-21,108,94326,48,50525,53,41483,7,2318,49,7737,53,44236,56,51973,California
Nevada,2021-06-22,162,94488,97,50622,53,41536,12,2330,63,7719,93,44329,75,52048,California
Nevada,2021-06-23,211,94699,137,50759,44,41580,30,2360,86,7714,120,44449,115,52163,California
Nevada,2021-06-24,175,94874,113,50872,45,41625,17,2377,59,7680,110,44559,76,52239,California
Nevada,2021-06-25,208,95082,139,51011,48,41673,21,2398,76,7645,132,44691,97,52336,California
Nevada,2021-06-26,82,95164,61,51072,20,41693,1,2399,31,7626,51,44742,32,52368,California
Nevada,2021-06-27,28,95192,12,51084,12,41705,4,2403,7,7616,21,44763,11,52379,California
Nevada,2021-06-28,168,95360,118,51202,29,41734,21,2424,66,7609,94,44857,87,52466,California
Nevada,2021-06-29,84,95444,47,51249,25,41759,12,2436,28,7600,49,44906,40,52506,California
Orange,2020-12-15,16,16,16,16,0,0,0,0,16,16,0,0,16,16,California
Orange,2020-12-16,396,412,396,412,0,0,0,0,396,412,0,0,396,412,California
Orange,2020-12-17,3762,4174,3762,4174,0,0,0,0,3759,4170,1,1,3759,4171,California
Orange,2020-12-18,5123,9297,5115,9289,8,8,0,0,5120,9288,2,3,5120,9291,California
Orange,2020-12-19,2245,11542,2238,11527,7,15,0,0,2244,11532,0,3,2244,11535,California
Orange,2020-12-20,2001,13543,1998,13525,3,18,0,0,2002,13534,0,3,2002,13537,California
Orange,2020-12-21,4270,17813,4264,17789,6,24,0,0,4270,17804,0,3,4270,17807,California
Orange,2020-12-22,4002,21815,3966,21755,36,60,0,0,4002,21806,0,3,4002,21809,California
Orange,2020-12-23,3607,25422,3238,24993,369,429,0,0,3608,25414,0,3,3608,25417,California
Orange,2020-12-24,1389,26811,1088,26081,301,730,0,0,1389,26803,0,3,1389,26806,California
Orange,2020-12-25,21,26832,16,26097,5,735,0,0,21,26824,0,3,21,26827,California
Orange,2020-12-26,998,27830,424,26521,574,1309,0,0,998,27822,0,3,998,27825,California
Orange,2020-12-27,586,28416,276,26797,310,1619,0,0,586,28408,0,3,586,28411,California
Orange,2020-12-28,3629,32045,2633,29430,996,2615,0,0,3629,32037,0,3,3629,32040,California
Orange,2020-12-29,3538,35583,2517,31947,1021,3636,0,0,3537,35573,1,4,3537,35577,California
Orange,2020-12-30,5144,40727,3554,35501,1590,5226,0,0,5144,40717,0,4,5144,40721,California
Orange,2020-12-31,1534,42261,820,36321,714,5940,0,0,1531,42245,3,7,1531,42252,California
Orange,2021-01-01,715,42976,391,36712,324,6264,0,0,713,42956,2,9,713,42965,California
Orange,2021-01-02,1370,44346,846,37558,524,6788,0,0,1367,44321,2,11,1367,44332,California
Orange,2021-01-03,589,44935,323,37881,266,7054,0,0,589,44910,0,11,589,44921,California
Orange,2021-01-04,2783,47718,1573,39454,1210,8264,0,0,2784,47693,1,12,2784,47705,California
Orange,2021-01-05,3554,51272,2318,41772,1236,9500,0,0,3140,50425,411,423,3143,50848,California
Orange,2021-01-06,5051,56323,3479,45251,1572,11072,0,0,3671,52730,1366,1789,3671,54519,California
Orange,2021-01-07,9374,65697,5232,50483,4142,15214,0,0,5740,54856,3619,5408,5745,60264,California
Orange,2021-01-08,9569,75266,5374,55857,4195,19409,0,0,5717,56735,3841,9249,5720,65984,California
Orange,2021-01-09,5066,80332,1769,57626,3297,22706,0,0,3771,59211,1295,10544,3771,69755,California
Orange,2021-01-10,4266,84598,1050,58676,3216,25922,0,0,3383,61716,882,11426,3387,73142,California
Orange,2021-01-11,9529,94127,4941,63617,4588,30510,0,0,5883,63955,3648,15074,5887,79029,California
Orange,2021-01-12,9030,103157,4854,68471,4176,34686,0,0,5541,66011,3487,18561,5543,84572,California
Orange,2021-01-13,10372,113529,4956,73427,5416,40102,0,0,7147,69943,3222,21783,7154,91726,California
Orange,2021-01-14,10160,123689,3820,77247,6340,46442,0,0,8558,76907,1600,23383,8564,100290,California
Orange,2021-01-15,10334,134023,2677,79924,7657,54099,0,0,9443,85458,899,24282,9450,109740,California
Orange,2021-01-16,8870,142893,2120,82044,6750,60849,0,0,8466,93528,401,24683,8471,118211,California
Orange,2021-01-17,8289,151182,1515,83559,6774,67623,0,0,8133,101515,156,24839,8143,126354,California
Orange,2021-01-18,9819,161001,4447,88006,5372,72995,0,0,7554,106805,2267,27106,7557,133911,California
Orange,2021-01-19,7612,168613,5471,93477,2141,75136,0,0,4968,109132,2643,29749,4970,138881,California
Orange,2021-01-20,8687,177300,6103,99580,2584,77720,0,0,5611,111678,3074,32823,5620,144501,California
Orange,2021-01-21,11375,188675,5126,104706,6249,83969,0,0,10520,121358,851,33674,10531,155032,California
Orange,2021-01-22,13987,202662,5226,109932,8761,92730,0,0,13086,133560,892,34566,13094,168126,California
Orange,2021-01-23,13322,215984,6218,116150,7104,99834,0,0,12366,144987,950,35516,12377,180503,California
Orange,2021-01-24,9947,225931,4309,120459,5638,105472,0,0,9604,154256,339,35855,9608,190111,California
Orange,2021-01-25,10542,236473,5883,126342,4659,110131,0,0,7782,159293,2750,38605,7787,197898,California
Orange,2021-01-26,11974,248447,7715,134057,4259,114390,0,0,9778,166883,2191,40796,9781,207679,California
Orange,2021-01-27,13637,262084,8016,142073,5621,120011,0,0,10875,175012,2751,43547,10880,218559,California
Orange,2021-01-28,13281,275365,7271,149344,6010,126021,0,0,11345,184446,1920,45467,11354,229913,California
Orange,2021-01-29,13799,289164,8442,157786,5357,131378,0,0,10846,192363,2932,48399,10849,240762,California
Orange,2021-01-30,13216,302380,4518,162304,8698,140076,0,0,12420,204008,779,49178,12424,253186,California
Orange,2021-01-31,13846,316226,4917,167221,8929,149005,0,0,13372,216923,465,49643,13380,266566,California
Orange,2021-02-01,15046,331272,6536,173757,8510,157515,0,0,12512,226938,2505,52148,12520,279086,California
Orange,2021-02-02,15241,346513,8022,181779,7219,164734,0,0,12727,237196,2475,54623,12733,291819,California
Orange,2021-02-03,16828,363341,12488,194267,4340,169074,0,0,13827,248110,2919,57542,13833,305652,California
Orange,2021-02-04,20165,383506,13122,207389,7043,176117,0,0,15005,258003,5120,62662,15013,320665,California
Orange,2021-02-05,21046,404552,12086,219475,8960,185077,0,0,14629,266274,6369,69031,14640,335305,California
Orange,2021-02-06,16539,421091,10872,230347,5667,190744,0,0,11227,272428,5294,74325,11448,346753,California
Orange,2021-02-07,11606,432697,8120,238467,3486,194230,0,0,7608,276226,3980,78305,7778,354531,California
Orange,2021-02-08,15242,447939,8734,247201,6508,200738,0,0,9115,279249,6097,84402,9120,363651,California
Orange,2021-02-09,17938,465877,12157,259358,5781,206519,0,0,10747,282894,7117,91519,10762,374413,California
Orange,2021-02-10,21138,487015,11248,270606,9890,216409,0,0,12776,287429,8264,99783,12799,387212,California
Orange,2021-02-11,22450,509465,11623,282229,10827,227236,0,0,12282,289709,10026,109809,12306,399518,California
Orange,2021-02-12,25222,534687,12132,294361,13090,240326,0,0,14768,294117,10381,120190,14789,414307,California
Orange,2021-02-13,22223,556910,12042,306403,10181,250507,0,0,11180,295085,10869,131059,11837,426144,California
Orange,2021-02-14,16376,573286,6664,313067,9712,260219,0,0,9657,298062,6688,137747,9665,435809,California
Orange,2021-02-15,17506,590792,7527,320594,9979,270198,0,0,9018,298663,8440,146187,9041,444850,California
Orange,2021-02-16,20270,611062,9175,329769,11095,281293,0,0,10876,300245,9337,155524,10919,455769,California
Orange,2021-02-17,18282,629344,9581,339350,8701,289994,0,0,9313,300724,8905,164429,9384,465153,California
Orange,2021-02-18,15342,644686,10042,349392,5300,295294,0,0,6914,299304,8369,172798,6949,472102,California
Orange,2021-02-19,18553,663239,11081,360473,7472,302766,0,0,6994,294834,11491,184289,7021,479123,California
Orange,2021-02-20,7689,670928,5717,366190,1972,304738,0,0,3846,294903,3807,188096,3876,482999,California
Orange,2021-02-21,4781,675709,4060,370250,721,305459,0,0,988,292154,3747,191843,998,483997,California
Orange,2021-02-22,10039,685748,8183,378433,1856,307315,0,0,4024,290248,5959,197802,4053,488050,California
Orange,2021-02-23,13672,699420,7493,385926,6179,313494,0,0,3635,283964,9962,207764,3678,491728,California
Orange,2021-02-24,21440,720860,12942,398868,8498,321992,0,0,5463,273592,15906,223670,5534,497262,California
Orange,2021-02-25,23059,743919,12467,411335,10592,332584,0,0,8121,266909,14859,238529,8176,505438,California
Orange,2021-02-26,28287,772206,14319,425654,13968,346552,0,0,11430,261693,16720,255249,11504,516942,California
Orange,2021-02-27,25345,797551,10328,435982,15014,361566,3,3,7403,251348,17814,273063,7469,524411,California
Orange,2021-02-28,19284,816835,7488,443470,11796,373362,0,3,4901,242049,14243,287306,4944,529355,California
Orange,2021-03-01,18941,835776,8672,452142,10250,383612,19,22,7378,238046,11448,298754,7445,536800,California
Orange,2021-03-02,19672,855448,9507,461649,10161,393773,4,26,9593,237690,10015,308769,9659,546459,California
Orange,2021-03-03,21382,876830,10154,471803,11223,404996,5,31,11511,239488,9782,318551,11580,558039,California
Orange,2021-03-04,22921,899751,13162,484965,9745,414741,14,45,11828,240344,11045,329596,11901,569940,California
Orange,2021-03-05,21500,921251,11198,496163,10253,424994,49,94,13124,245289,8328,337924,13273,583213,California
Orange,2021-03-06,24450,945701,13428,509591,10146,435140,876,970,12895,247609,11501,349425,13821,597034,California
Orange,2021-03-07,15460,961161,8675,518266,6367,441507,418,1388,9001,250665,6415,355840,9471,606505,California
Orange,2021-03-08,17059,978220,7902,526168,7845,449352,1312,2700,10897,256839,6091,361931,12265,618770,California
Orange,2021-03-09,21360,999580,9886,536054,9006,458358,2468,5168,12562,263140,8752,370683,15053,633823,California
Orange,2021-03-10,25032,1024612,12291,548345,9281,467639,3460,8628,12602,266867,12359,383042,16086,649909,California
Orange,2021-03-11,29370,1053982,15908,564253,9203,476842,4259,12887,13552,268984,15709,398751,17826,667735,California
Orange,2021-03-12,29641,1083623,14417,578670,11339,488181,3885,16772,14826,273018,14715,413466,18749,686484,California
Orange,2021-03-13,28003,1111626,10299,588969,13743,501924,3961,20733,14127,277302,13809,427275,18093,704577,California
Orange,2021-03-14,19001,1130627,8257,597226,8192,510116,2552,23285,11832,284554,7132,434407,14384,718961,California
Orange,2021-03-15,23310,1153937,10290,607516,12252,522368,768,24053,14458,291037,8753,443160,15236,734197,California
Orange,2021-03-16,26668,1180605,11305,618821,15089,537457,274,24327,17188,299133,9392,452552,17488,751685,California
Orange,2021-03-17,27568,1208173,13716,632537,13287,550744,565,24892,19581,311381,7899,460451,20147,771832,California
Orange,2021-03-18,28131,1236304,14191,646728,13636,564380,304,25196,21752,327150,6304,466755,22073,793905,California
Orange,2021-03-19,33895,1270199,18654,665382,14787,579167,454,25650,25080,344001,8697,475452,25548,819453,California
Orange,2021-03-20,25971,1296170,13680,679062,12085,591252,206,25856,22093,362508,3802,479254,22309,841762,California
Orange,2021-03-21,18738,1314908,10868,689930,7123,598375,747,26603,15807,376173,2893,482147,16558,858320,California
Orange,2021-03-22,22967,1337875,11934,701864,10709,609084,324,26927,19276,392203,3583,485730,19613,877933,California
Orange,2021-03-23,26336,1364211,13770,715634,11919,621003,647,27574,20827,408265,5419,491149,21481,899414,California
Orange,2021-03-24,29417,1393628,16479,732113,12008,633011,930,28504,22032,423960,7273,498422,22968,922382,California
Orange,2021-03-25,32684,1426312,17377,749490,14589,647600,718,29222,24295,440696,8281,506703,25017,947399,California
Orange,2021-03-26,35099,1461411,18237,767727,15994,663594,868,30090,24899,456402,10073,516776,25779,973178,California
Orange,2021-03-27,28638,1490049,13725,781452,14597,678191,316,30406,19809,467805,8725,525501,20128,993306,California
Orange,2021-03-28,24982,1515031,12991,794443,11923,690114,68,30474,18627,480240,6267,531768,18702,1012008,California
Orange,2021-03-29,26719,1541750,12256,806699,13894,704008,569,31043,17845,489901,8758,540526,18419,1030427,California
Orange,2021-03-30,31052,1572802,14057,820756,16357,720365,638,31681,20446,500479,10506,551032,21084,1051511,California
Orange,2021-03-31,37379,1610181,19604,840360,17051,737416,724,32405,23712,511388,13529,564561,24438,1075949,California
Orange,2021-04-01,40911,1651092,21477,861837,17482,754898,1952,34357,26255,525117,14463,579024,28192,1104141,California
Orange,2021-04-02,40429,1691521,20400,882237,18170,773068,1859,36216,22735,532149,17570,596594,24602,1128743,California
Orange,2021-04-03,30500,1722021,15789,898026,12933,786001,1778,37994,14362,532239,16043,612637,16133,1144876,California
Orange,2021-04-04,18518,1740539,10747,908773,6996,792997,775,38769,8164,530885,10289,622926,8935,1153811,California
Orange,2021-04-05,30270,1770809,14153,922926,12684,805681,3433,42202,13851,531843,16318,639244,17276,1171087,California
Orange,2021-04-06,33652,1804461,15757,938683,14439,820120,3456,45658,14431,530594,19115,658359,17866,1188953,California
Orange,2021-04-07,36451,1840912,20252,958935,11535,831655,4664,50322,16043,530956,20308,678667,20670,1209623,California
Orange,2021-04-08,39497,1880409,21837,980772,12098,843753,5562,55884,19106,535322,20265,698932,24631,1234254,California
Orange,2021-04-09,41365,1921774,24066,1004838,12005,855758,5294,61178,18255,535842,22996,721928,23516,1257770,California
Orange,2021-04-10,34853,1956627,18388,1023226,12160,867918,4305,65483,14426,534225,20326,742254,18709,1276479,California
Orange,2021-04-11,25864,1982491,14650,1037876,7921,875839,3293,68776,9920,531534,15884,758138,13193,1289672,California
Orange,2021-04-12,30852,2013343,15579,1053455,11622,887461,3651,72427,12129,528658,18638,776776,15762,1305434,California
Orange,2021-04-13,32871,2046214,18511,1071966,14290,901751,70,72497,15302,526551,17482,794258,15375,1320809,California
Orange,2021-04-14,35070,2081284,20574,1092540,14460,916211,36,72533,15245,522140,19704,813962,15293,1336102,California
Orange,2021-04-15,40925,2122209,24924,1117464,15985,932196,16,72549,19047,519453,21746,835708,19059,1355161,California
Orange,2021-04-16,42146,2164355,24783,1142247,17333,949529,30,72579,19054,515597,22951,858659,19095,1374256,California
Orange,2021-04-17,30699,2195054,17407,1159654,13285,962814,7,72586,13480,512021,17069,875728,13493,1387749,California
Orange,2021-04-18,22326,2217380,13609,1173263,8717,971531,0,72586,8905,507584,13348,889076,8911,1396660,California
Orange,2021-04-19,33100,2250480,18294,1191557,14802,986333,4,72590,15234,505069,17759,906835,15244,1411904,California
Orange,2021-04-20,36631,2287111,19371,1210928,17253,1003586,7,72597,18235,505015,18302,925137,18248,1430152,California
Orange,2021-04-21,42511,2329622,24918,1235846,17584,1021170,9,72606,20177,503054,22154,947291,20193,1450345,California
Orange,2021-04-22,40154,2369776,21500,1257346,18644,1039814,10,72616,16732,496530,23274,970565,16750,1467095,California
Orange,2021-04-23,41096,2410872,21590,1278936,19498,1059312,8,72624,18403,492382,22568,993133,18420,1485515,California
Orange,2021-04-24,32136,2443008,16835,1295771,15269,1074581,32,72656,13492,487361,18548,1011681,13527,1499042,California
Orange,2021-04-25,23014,2466022,12995,1308766,10004,1084585,15,72671,9831,484103,13111,1024792,9853,1508895,California
Orange,2021-04-26,29308,2495330,14540,1323306,14569,1099154,199,72870,12696,480514,16487,1041279,12898,1521793,California
Orange,2021-04-27,31576,2526906,14979,1338285,15965,1115119,632,73502,11971,473696,19428,1060707,12610,1534403,California
Orange,2021-04-28,31465,2558371,15982,1354267,14598,1129717,885,74387,12645,468542,18683,1079390,13529,1547932,California
Orange,2021-04-29,32518,2590889,17961,1372228,13588,1143305,969,75356,11580,460270,20813,1100203,12541,1560473,California
Orange,2021-04-30,30442,2621331,17548,1389776,11947,1155252,947,76303,13007,456898,17316,1117519,13944,1574417,California
Orange,2021-05-01,23006,2644337,15747,1405523,6269,1161521,990,77293,8789,452575,14093,1131612,9770,1584187,California
Orange,2021-05-02,15454,2659791,10296,1415819,4513,1166034,645,77938,5384,448598,10000,1141612,6023,1590210,California
Orange,2021-05-03,20720,2680511,12662,1428481,7295,1173329,763,78701,6513,441762,14111,1155723,7275,1597485,California
Orange,2021-05-04,24216,2704727,14007,1442488,9288,1182617,921,79622,8269,435110,15828,1171551,9176,1606661,California
Orange,2021-05-05,25458,2730185,14458,1456946,10103,1192720,897,80519,8190,427068,17129,1188680,9087,1615748,California
Orange,2021-05-06,26887,2757072,16407,1473353,9478,1202198,1002,81521,7397,416108,19352,1208032,8392,1624140,California
Orange,2021-05-07,29372,2786444,17783,1491136,10535,1212733,1054,82575,8174,404354,20976,1229008,9222,1633362,California
Orange,2021-05-08,19171,2805615,12821,1503957,5549,1218282,801,83376,5551,397209,13488,1242496,6343,1639705,California
Orange,2021-05-09,11139,2816754,8502,1512459,2262,1220544,375,83751,2802,392097,8289,1250785,3177,1642882,California
Orange,2021-05-10,19510,2836264,12023,1524482,6705,1227249,782,84533,4305,382076,15109,1265894,5088,1647970,California
Orange,2021-05-11,22736,2859000,12856,1537338,9142,1236391,738,85271,5389,370958,17239,1283133,6121,1654091,California
Orange,2021-05-12,24104,2883104,14999,1552337,8268,1244659,837,86108,6548,360923,17417,1300550,7382,1661473,California
Orange,2021-05-13,22138,2905242,13735,1566072,7794,1252453,609,86717,8159,355828,13864,1314414,8769,1670242,California
Orange,2021-05-14,26878,2932120,17786,1583858,8240,1260693,852,87569,10476,350872,16255,1330669,11299,1681541,California
Orange,2021-05-15,20484,2952604,14799,1598657,5135,1265828,550,88119,8313,347631,12097,1342766,8856,1690397,California
Orange,2021-05-16,15588,2968192,12857,1611514,2392,1268220,339,88458,6715,345871,8812,1351578,7052,1697449,California
Orange,2021-05-17,19590,2987782,12876,1624390,6013,1274233,701,89159,6919,340876,12602,1364180,7607,1705056,California
Orange,2021-05-18,20634,3008416,12033,1636423,7931,1282164,670,89829,8012,337024,12527,1376707,8675,1713731,California
Orange,2021-05-19,22570,3030986,12924,1649347,8972,1291136,674,90503,7711,330664,14736,1391443,8376,1722107,California
Orange,2021-05-20,22604,3053590,13267,1662614,8669,1299805,668,91171,7737,324313,14753,1406196,8402,1730509,California
Orange,2021-05-21,25742,3079332,14798,1677412,10219,1310024,725,91896,8280,315971,17342,1423538,9000,1739509,California
Orange,2021-05-22,18319,3097651,12204,1689616,5568,1315592,547,92443,6972,312236,11254,1434792,7519,1747028,California
Orange,2021-05-23,10034,3107685,6939,1696555,2822,1318414,273,92716,3518,309555,6471,1441263,3790,1750818,California
Orange,2021-05-24,15702,3123387,9341,1705896,5738,1324152,623,93339,5798,306160,9809,1451072,6414,1757232,California
Orange,2021-05-25,15661,3139048,9223,1715119,5914,1330066,524,93863,5574,302280,9973,1461045,6093,1763325,California
Orange,2021-05-26,15265,3154313,8569,1723688,6196,1336262,500,94363,5624,298845,9549,1470594,6114,1769439,California
Orange,2021-05-27,14415,3168728,8676,1732364,5195,1341457,544,94907,6295,297632,8044,1478638,6831,1776270,California
Orange,2021-05-28,16837,3185565,9933,1742297,6275,1347732,629,95536,7378,296265,9363,1488001,7996,1784266,California
Orange,2021-05-29,9009,3194574,5282,1747579,3368,1351100,359,95895,4077,295820,4875,1492876,4430,1788696,California
Orange,2021-05-30,6016,3200590,3904,1751483,1831,1352931,281,96176,2161,294438,3819,1496695,2437,1791133,California
Orange,2021-05-31,1698,3202288,1052,1752535,599,1353530,47,96223,521,293848,1157,1497852,567,1791700,California
Orange,2021-06-01,13404,3215692,7786,1760321,5128,1358658,490,96713,4983,291002,8311,1506163,5465,1797165,California
Orange,2021-06-02,13026,3228718,8075,1768396,4534,1363192,417,97130,4454,287445,8421,1514584,4864,1802029,California
Orange,2021-06-03,12905,3241623,8918,1777314,3533,1366725,454,97584,4394,283840,8448,1523032,4843,1806872,California
Orange,2021-06-04,17176,3258799,12184,1789498,4413,1371138,579,98163,5239,277805,11850,1534882,5815,1812687,California
Orange,2021-06-05,12934,3271733,9763,1799261,2789,1373927,382,98545,3815,272937,9061,1543943,4193,1816880,California
Orange,2021-06-06,5358,3277091,4555,1803816,603,1374530,200,98745,1802,271404,3535,1547478,2002,1818882,California
Orange,2021-06-07,10795,3287886,7635,1811451,2695,1377225,465,99210,3302,267745,7419,1554897,3760,1822642,California
Orange,2021-06-08,12204,3300090,8792,1820243,2903,1380128,509,99719,3770,263682,8343,1563240,4280,1826922,California
Orange,2021-06-09,11746,3311836,8133,1828376,3156,1383284,457,100176,3284,259043,8375,1571615,3736,1830658,California
Orange,2021-06-10,11610,3323446,8458,1836834,2690,1385974,462,100638,3401,254752,8149,1579764,3858,1834516,California
Orange,2021-06-11,13321,3336767,9373,1846207,3450,1389424,498,101136,4287,250589,8944,1588708,4781,1839297,California
Orange,2021-06-12,9810,3346577,7515,1853722,1979,1391403,316,101452,3009,247167,6747,1595455,3325,1842622,California
Orange,2021-06-13,4060,3350637,2961,1856683,936,1392339,163,101615,1017,245339,3009,1598464,1181,1843803,California
Orange,2021-06-14,9861,3360498,7195,1863878,2207,1394546,459,102074,3256,242499,6553,1605017,3713,1847516,California
Orange,2021-06-15,10191,3370689,7339,1871217,2419,1396965,433,102507,3560,239932,6556,1611573,3989,1851505,California
Orange,2021-06-16,9565,3380254,6876,1878093,2223,1399188,466,102973,3271,237428,6237,1617810,3733,1855238,California
Orange,2021-06-17,9376,3389630,7086,1885179,1923,1401111,367,103340,3334,235148,5981,1623791,3701,1858939,California
Orange,2021-06-18,11238,3400868,8214,1893393,2526,1403637,498,103838,3890,232264,7270,1631061,4386,1863325,California
Orange,2021-06-19,6319,3407187,4714,1898107,1361,1404998,244,104082,2611,231464,3658,1634719,2858,1866183,California
Orange,2021-06-20,3072,3410259,2384,1900491,595,1405593,93,104175,1037,230572,2022,1636741,1130,1867313,California
Orange,2021-06-21,6646,3416905,4570,1905061,1641,1407234,435,104610,3573,231539,3042,1639783,4009,1871322,California
Orange,2021-06-22,7699,3424604,5694,1910755,1652,1408886,353,104963,2931,230123,4700,1644483,3284,1874606,California
Orange,2021-06-23,7321,3431925,5502,1916257,1513,1410399,306,105269,2965,229083,4309,1648792,3269,1877875,California
Orange,2021-06-24,7114,3439039,5340,1921597,1408,1411807,366,105635,3026,228422,4052,1652844,3391,1881266,California
Orange,2021-06-25,8501,3447540,6202,1927799,1919,1413726,380,106015,3314,226971,5139,1657983,3688,1884954,California
Orange,2021-06-26,5875,3453415,4515,1932314,1134,1414860,226,106241,2474,226313,3358,1661341,2700,1887654,California
Orange,2021-06-27,3431,3456846,2780,1935094,539,1415399,112,106353,1482,225981,1927,1663268,1595,1889249,California
Orange,2021-06-28,6155,3463001,4992,1940086,839,1416238,324,106677,2745,225688,3362,1666630,3069,1892318,California
Orange,2021-06-29,4002,3467003,2876,1942962,952,1417190,174,106851,1634,225160,2335,1668965,1807,1894125,California
Placer,2020-12-15,30,30,30,30,0,0,0,0,30,30,0,0,30,30,California
Placer,2020-12-16,56,86,56,86,0,0,0,0,56,86,0,0,56,86,California
Placer,2020-12-17,148,234,148,234,0,0,0,0,148,234,0,0,148,234,California
Placer,2020-12-18,429,663,429,663,0,0,0,0,429,663,0,0,429,663,California
Placer,2020-12-19,253,916,253,916,0,0,0,0,253,916,0,0,253,916,California
Placer,2020-12-20,234,1150,234,1150,0,0,0,0,234,1150,0,0,234,1150,California
Placer,2020-12-21,498,1648,496,1646,2,2,0,0,498,1648,0,0,498,1648,California
Placer,2020-12-22,678,2326,671,2317,7,9,0,0,678,2326,0,0,678,2326,California
Placer,2020-12-23,757,3083,668,2985,89,98,0,0,757,3083,0,0,757,3083,California
Placer,2020-12-24,405,3488,351,3336,54,152,0,0,405,3488,0,0,405,3488,California
Placer,2020-12-26,159,3647,114,3450,45,197,0,0,159,3647,0,0,159,3647,California
Placer,2020-12-27,184,3831,162,3612,22,219,0,0,184,3831,0,0,184,3831,California
Placer,2020-12-28,669,4500,541,4153,128,347,0,0,669,4500,0,0,669,4500,California
Placer,2020-12-29,768,5268,516,4669,252,599,0,0,768,5268,0,0,768,5268,California
Placer,2020-12-30,734,6002,458,5127,276,875,0,0,732,6000,0,0,732,6000,California
Placer,2020-12-31,541,6543,354,5481,187,1062,0,0,541,6541,0,0,541,6541,California
Placer,2021-01-01,16,6559,12,5493,4,1066,0,0,16,6557,0,0,16,6557,California
Placer,2021-01-02,187,6746,154,5647,33,1099,0,0,187,6744,0,0,187,6744,California
Placer,2021-01-03,154,6900,79,5726,75,1174,0,0,154,6898,0,0,154,6898,California
Placer,2021-01-04,622,7522,180,5906,442,1616,0,0,622,7520,0,0,622,7520,California
Placer,2021-01-05,733,8255,160,6066,573,2189,0,0,644,8077,88,88,645,8165,California
Placer,2021-01-06,765,9020,249,6315,516,2705,0,0,613,8538,152,240,613,8778,California
Placer,2021-01-07,990,10010,369,6684,621,3326,0,0,763,9074,227,467,763,9541,California
Placer,2021-01-08,1187,11197,530,7214,657,3983,0,0,796,9482,388,855,796,10337,California
Placer,2021-01-09,454,11651,321,7535,133,4116,0,0,237,9503,216,1071,237,10574,California
Placer,2021-01-10,331,11982,187,7722,144,4260,0,0,163,9498,168,1239,163,10737,California
Placer,2021-01-11,1438,13420,814,8536,624,4884,0,0,844,9749,594,1833,845,11582,California
Placer,2021-01-12,1675,15095,893,9429,782,5666,0,0,1062,10199,612,2445,1062,12644,California
Placer,2021-01-13,1658,16753,838,10267,820,6486,0,0,1226,10998,430,2875,1229,13873,California
Placer,2021-01-14,1817,18570,670,10937,1147,7633,0,0,1452,12089,362,3237,1453,15326,California
Placer,2021-01-15,1940,20510,721,11658,1219,8852,0,0,1589,13329,350,3587,1590,16916,California
Placer,2021-01-16,1509,22019,718,12376,791,9643,0,0,1387,14595,122,3709,1388,18304,California
Placer,2021-01-17,570,22589,399,12775,171,9814,0,0,431,14888,138,3847,431,18735,California
Placer,2021-01-18,982,23571,542,13317,440,10254,0,0,749,15405,233,4080,750,19485,California
Placer,2021-01-19,2629,26200,1963,15280,666,10920,0,0,2174,17125,455,4535,2175,21660,California
Placer,2021-01-20,2346,28546,1766,17046,580,11500,0,0,2009,18798,337,4872,2010,23670,California
Placer,2021-01-21,2588,31134,1133,18179,1455,12955,0,0,2186,20585,400,5272,2187,25857,California
Placer,2021-01-22,2352,33486,627,18806,1725,14680,0,0,2177,22590,173,5445,2178,28035,California
Placer,2021-01-23,1204,34690,388,19194,816,15496,0,0,1046,23478,158,5603,1046,29081,California
Placer,2021-01-24,519,35209,273,19467,246,15742,0,0,438,23836,81,5684,439,29520,California
Placer,2021-01-25,1687,36896,806,20273,881,16623,0,0,1392,24934,295,5979,1393,30913,California
Placer,2021-01-26,1884,38780,1046,21319,838,17461,0,0,1613,26276,271,6250,1613,32526,California
Placer,2021-01-27,1868,40648,1171,22490,697,18158,0,0,1615,27641,251,6501,1616,34142,California
Placer,2021-01-28,1814,42462,1126,23616,688,18846,0,0,1562,28953,250,6751,1562,35704,California
Placer,2021-01-29,1920,44382,1181,24797,739,19585,0,0,1717,30470,201,6952,1718,37422,California
Placer,2021-01-30,1749,46131,976,25773,773,20358,0,0,1627,31976,121,7073,1627,39049,California
Placer,2021-01-31,789,46920,628,26401,161,20519,0,0,717,32622,72,7145,718,39767,California
Placer,2021-02-01,2091,49011,1105,27506,986,21505,0,0,1772,34076,318,7463,1772,41539,California
Placer,2021-02-02,2417,51428,1553,29059,864,22369,0,0,1911,35484,503,7966,1911,43450,California
Placer,2021-02-03,2934,54362,1887,30946,1047,23416,0,0,2302,37158,628,8594,2302,45752,California
Placer,2021-02-04,2787,57149,1196,32142,1591,25007,0,0,1948,38272,835,9429,1949,47701,California
Placer,2021-02-05,2805,59954,1275,33417,1530,26537,0,0,1433,38357,1348,10777,1433,49134,California
Placer,2021-02-06,1996,61950,1336,34753,660,27197,0,0,1445,39251,551,11328,1445,50579,California
Placer,2021-02-07,1222,63172,911,35664,311,27508,0,0,935,39900,286,11614,935,51514,California
Placer,2021-02-08,3304,66476,1760,37424,1544,29052,0,0,1956,40535,1322,12936,1957,53471,California
Placer,2021-02-09,3573,70049,2187,39611,1386,30438,0,0,1652,40270,1917,14853,1652,55123,California
Placer,2021-02-10,3791,73840,2217,41828,1574,32012,0,0,1719,39925,2066,16919,1721,56844,California
Placer,2021-02-11,3737,77577,1922,43750,1815,33827,0,0,1583,39373,2136,19055,1584,58428,California
Placer,2021-02-12,2876,80453,1343,45093,1533,35360,0,0,1674,39882,1166,20221,1675,60103,California
Placer,2021-02-13,2622,83075,1473,46566,1149,36509,0,0,1931,41122,691,20912,1931,62034,California
Placer,2021-02-14,1091,84166,685,47251,406,36915,0,0,739,41511,350,21262,739,62773,California
Placer,2021-02-15,2263,86429,1050,48301,1213,38128,0,0,1553,42355,710,21972,1554,64327,California
Placer,2021-02-16,3606,90035,1800,50101,1806,39934,0,0,1599,41958,1997,23969,1600,65927,California
Placer,2021-02-17,3572,93607,1984,52085,1588,41522,0,0,1517,41425,2051,26020,1518,67445,California
Placer,2021-02-18,3849,97456,2078,54163,1771,43293,0,0,1638,40864,2200,28220,1639,69084,California
Placer,2021-02-19,3679,101135,1978,56141,1701,44994,0,0,1360,39938,2287,30507,1361,70445,California
Placer,2021-02-20,2085,103220,1307,57448,778,45772,0,0,940,39744,1137,31644,943,71388,California
Placer,2021-02-21,1066,104286,757,58205,309,46081,0,0,329,39340,734,32378,330,71718,California
Placer,2021-02-22,2561,106847,1794,59999,767,46848,0,0,611,38004,1947,34325,611,72329,California
Placer,2021-02-23,2664,109511,1622,61621,1042,47890,0,0,904,37149,1759,36084,904,73233,California
Placer,2021-02-24,3351,112862,1206,62827,2145,50035,0,0,1813,37436,1528,37612,1815,75048,California
Placer,2021-02-25,3744,116606,1551,64378,2193,52228,0,0,2048,37800,1687,39299,2051,77099,California
Placer,2021-02-26,4279,120885,2457,66835,1822,54050,0,0,2479,38485,1795,41094,2480,79579,California
Placer,2021-02-27,2930,123815,1538,68373,1392,55442,0,0,1510,38582,1415,42509,1512,81091,California
Placer,2021-02-28,1606,125421,875,69248,730,56172,1,1,737,38456,864,43373,738,81829,California
Placer,2021-03-01,3210,128631,2136,71384,1074,57246,0,1,1637,38528,1565,44938,1637,83466,California
Placer,2021-03-02,2923,131554,1802,73186,1121,58367,0,1,1903,39423,1008,45946,1903,85369,California
Placer,2021-03-03,3396,134950,1481,74667,1914,60281,1,2,1857,39751,1531,47477,1859,87228,California
Placer,2021-03-04,3641,138591,1463,76130,2178,62459,0,2,1897,39917,1732,49209,1898,89126,California
Placer,2021-03-05,3024,141615,1038,77168,1965,64424,21,23,1819,40557,1200,50409,1840,90966,California
Placer,2021-03-06,2445,144060,1514,78682,836,65260,95,118,941,40097,1496,51905,1036,92002,California
Placer,2021-03-07,1344,145404,774,79456,530,65790,40,158,548,39893,792,52697,588,92590,California
Placer,2021-03-08,2922,148326,1833,81289,976,66766,113,271,1654,40395,1265,53962,1767,94357,California
Placer,2021-03-09,3216,151542,1711,83000,1414,68180,91,362,1845,40963,1368,55330,1936,96293,California
Placer,2021-03-10,3319,154861,1340,84340,1872,70052,107,469,1728,41212,1585,56915,1834,98127,California
Placer,2021-03-11,3673,158534,1671,86011,1877,71929,125,594,1754,41186,1907,58822,1881,100008,California
Placer,2021-03-12,3709,162243,1497,87508,1431,73360,781,1375,1253,40777,2444,61266,2035,102043,California
Placer,2021-03-13,2196,164439,752,88260,1321,74681,123,1498,1167,41042,1024,62290,1289,103332,California
Placer,2021-03-14,1694,166133,684,88944,859,75540,151,1649,894,41289,798,63088,1045,104377,California
Placer,2021-03-15,3227,169360,1552,90496,1545,77085,130,1779,1772,41741,1451,64539,1903,106280,California
Placer,2021-03-16,3624,172984,1949,92445,1541,78626,134,1913,2312,42886,1301,65840,2446,108726,California
Placer,2021-03-17,3474,176458,1749,94194,1621,80247,104,2017,2232,43986,1238,67078,2338,111064,California
Placer,2021-03-18,4127,180585,2341,96535,1747,81994,39,2056,2867,45640,1251,68329,2905,113969,California
Placer,2021-03-19,3471,184056,2079,98614,1124,83118,268,2324,2162,46769,1299,69628,2428,116397,California
Placer,2021-03-20,2198,186254,910,99524,1189,84307,99,2423,1341,47356,852,70480,1439,117836,California
Placer,2021-03-21,1277,187531,586,100110,681,84988,10,2433,794,47777,479,70959,900,118736,California
Placer,2021-03-22,3326,190857,2130,102240,1104,86092,92,2525,2159,48865,1163,72122,2251,120987,California
Placer,2021-03-23,3594,194451,2124,104364,1380,87472,90,2615,2566,50500,1022,73144,2657,123644,California
Placer,2021-03-24,3809,198260,2007,106371,1704,89176,98,2713,1921,50655,1865,75009,2020,125664,California
Placer,2021-03-25,3869,202129,1870,108241,1899,91075,100,2813,1729,50355,2128,77137,1828,127492,California
Placer,2021-03-26,3796,205925,1679,109920,1885,92960,232,3045,1522,49851,2258,79395,1754,129246,California
Placer,2021-03-27,1643,207568,483,110403,1139,94099,21,3066,639,49513,997,80392,659,129905,California
Placer,2021-03-28,1130,208698,530,110933,589,94688,11,3077,302,49015,812,81204,314,130219,California
Placer,2021-03-29,3585,212283,2000,112933,1549,96237,36,3113,1731,48941,1844,83048,1770,131989,California
Placer,2021-03-30,3982,216265,2097,115030,1841,98078,44,3157,2077,49170,1890,84938,2119,134108,California
Placer,2021-03-31,4124,220389,1839,116869,2210,100288,75,3232,1691,48509,2425,87363,1764,135872,California
Placer,2021-04-01,3005,223394,1446,118315,1511,101799,48,3280,1669,48897,1329,88692,1717,137589,California
Placer,2021-04-02,2856,226250,1457,119772,1332,103131,67,3347,1604,49320,1245,89937,1668,139257,California
Placer,2021-04-03,1868,228118,998,120770,741,103872,129,3476,896,49379,964,90901,1023,140280,California
Placer,2021-04-04,717,228835,368,121138,296,104168,53,3529,287,49294,425,91326,340,140620,California
Placer,2021-04-05,3022,231857,1912,123050,924,105092,186,3715,1754,49971,1263,92589,1940,142560,California
Placer,2021-04-06,4322,236179,2498,125548,1521,106613,303,4018,1536,49032,2777,95366,1838,144398,California
Placer,2021-04-07,4574,240753,2608,128156,1501,108114,465,4483,2088,49102,2479,97845,2549,146947,California
Placer,2021-04-08,4742,245495,2616,130772,1581,109695,545,5028,1586,48090,3143,100988,2131,149078,California
Placer,2021-04-09,4163,249658,2281,133053,1257,110952,625,5653,1251,47065,2903,103891,1878,150956,California
Placer,2021-04-10,2112,251770,886,133939,1043,111995,183,5836,920,46978,1189,105080,1102,152058,California
Placer,2021-04-11,1392,253162,536,134475,823,112818,33,5869,457,46537,930,106010,489,152547,California
Placer,2021-04-12,4134,257296,2662,137137,1085,113903,387,6256,2472,47744,1652,107662,2859,155406,California
Placer,2021-04-13,4371,261667,3006,140143,1364,115267,1,6257,2188,47757,2177,109839,2190,157596,California
Placer,2021-04-14,4184,265851,2597,142740,1586,116853,1,6258,1862,47308,2311,112150,1862,159458,California
Placer,2021-04-15,4529,270380,2520,145260,2008,118861,1,6259,2361,47512,2158,114308,2362,161820,California
Placer,2021-04-16,3717,274097,2202,147462,1515,120376,0,6259,1451,46703,2260,116568,1451,163271,California
Placer,2021-04-17,2642,276739,855,148317,1787,122163,0,6259,1727,47521,909,117477,1727,164998,California
Placer,2021-04-18,1270,278009,301,148618,969,123132,0,6259,442,47137,826,118303,442,165440,California
Placer,2021-04-19,2969,280978,1828,150446,1141,124273,0,6259,1168,46510,1796,120099,1169,166609,California
Placer,2021-04-20,3916,284894,2562,153008,1354,125627,0,6259,2453,47509,1454,121553,2453,169062,California
Placer,2021-04-21,3820,288714,2536,155544,1283,126910,1,6260,2482,48659,1333,122886,2483,171545,California
Placer,2021-04-22,3745,292459,2334,157878,1411,128321,0,6260,1795,48509,1945,124831,1795,173340,California
Placer,2021-04-23,3584,296043,2382,160260,1201,129522,1,6261,1406,47745,2171,127002,1407,174747,California
Placer,2021-04-24,2092,298135,1270,161530,821,130343,1,6262,1220,48103,862,127864,1220,175967,California
Placer,2021-04-25,934,299069,500,162030,434,130777,0,6262,557,48283,377,128241,557,176524,California
Placer,2021-04-26,2515,301584,1361,163391,1130,131907,24,6286,1212,48224,1294,129535,1235,177759,California
Placer,2021-04-27,2797,304381,1481,164872,1267,133174,49,6335,1588,48657,1205,130740,1638,179397,California
Placer,2021-04-28,3063,307444,1917,166789,1110,134284,36,6371,1615,48871,1438,132178,1652,181049,California
Placer,2021-04-29,3447,310891,2248,169037,1145,135429,54,6425,1454,48392,1987,134165,1508,182557,California
Placer,2021-04-30,3037,313928,1845,170882,1143,136572,49,6474,1220,47850,1811,135976,1269,183826,California
Placer,2021-05-01,1340,315268,936,171818,379,136951,25,6499,613,47767,720,136696,637,184463,California
Placer,2021-05-02,734,316002,571,172389,141,137092,22,6521,330,47717,402,137098,352,184815,California
Placer,2021-05-03,1620,317622,999,173388,554,137646,67,6588,440,47047,1176,138274,506,185321,California
Placer,2021-05-04,2367,319989,1357,174745,844,138490,166,6754,880,46613,1480,139754,1046,186367,California
Placer,2021-05-05,3731,323720,2538,177283,1088,139578,105,6859,975,44947,2746,142500,1080,187447,California
Placer,2021-05-06,3113,326833,1910,179193,1127,140705,76,6935,817,43570,2270,144770,893,188340,California
Placer,2021-05-07,2840,329673,1916,181109,831,141536,93,7028,800,42435,2028,146798,893,189233,California
Placer,2021-05-08,1408,331081,735,181844,630,142166,43,7071,411,41891,996,147794,452,189685,California
Placer,2021-05-09,451,331532,221,182065,209,142375,21,7092,208,41877,243,148037,229,189914,California
Placer,2021-05-10,1924,333456,1029,183094,799,143174,96,7188,423,40900,1496,149533,519,190433,California
Placer,2021-05-11,3037,336493,2199,185293,720,143894,118,7306,654,39299,2373,151906,772,191205,California
Placer,2021-05-12,2881,339374,1999,187292,825,144719,57,7363,679,37843,2194,154100,738,191943,California
Placer,2021-05-13,2875,342249,1857,189149,970,145689,48,7411,1012,37041,1861,155961,1059,193002,California
Placer,2021-05-14,2853,345102,1875,191024,842,146531,136,7547,1376,37085,1462,157423,1506,194508,California
Placer,2021-05-15,2098,347200,1363,192387,711,147242,24,7571,929,36875,1163,158586,953,195461,California
Placer,2021-05-16,1194,348394,531,192918,644,147886,19,7590,344,36390,848,159434,363,195824,California
Placer,2021-05-17,2364,350758,1574,194492,714,148600,76,7666,1021,36148,1339,160773,1097,196921,California
Placer,2021-05-18,2503,353261,1678,196170,745,149345,80,7746,1120,35968,1379,162152,1199,198120,California
Placer,2021-05-19,2543,355804,1595,197765,901,150246,47,7793,873,35223,1665,163817,920,199040,California
Placer,2021-05-20,2543,358347,1650,199415,845,151091,48,7841,863,34463,1671,165488,911,199951,California
Placer,2021-05-21,2445,360792,1529,200944,771,151862,145,7986,1054,34277,1383,166871,1197,201148,California
Placer,2021-05-22,1606,362398,1055,201999,509,152371,42,8028,758,34234,843,167714,800,201948,California
Placer,2021-05-23,635,363033,355,202354,265,152636,15,8043,278,34171,357,168071,294,202242,California
Placer,2021-05-24,1520,364553,773,203127,608,153244,139,8182,451,33694,1067,169138,590,202832,California
Placer,2021-05-25,1794,366347,943,204070,751,153995,100,8282,639,33285,1148,170286,739,203571,California
Placer,2021-05-26,1583,367930,906,204976,638,154633,39,8321,610,32967,968,171254,650,204221,California
Placer,2021-05-27,1466,369396,722,205698,699,155332,45,8366,662,32880,794,172048,707,204928,California
Placer,2021-05-28,1703,371099,858,206556,748,156080,97,8463,725,32729,973,173021,822,205750,California
Placer,2021-05-29,750,371849,405,206961,314,156394,31,8494,378,32769,368,173389,408,206158,California
Placer,2021-05-30,341,372190,228,207189,99,156493,14,8508,209,32861,131,173520,223,206381,California
Placer,2021-05-31,147,372337,70,207259,60,156553,17,8525,30,32791,116,173636,46,206427,California
Placer,2021-06-01,1674,374011,880,208139,721,157274,73,8598,590,32375,1078,174714,662,207089,California
Placer,2021-06-02,1504,375515,759,208898,677,157951,68,8666,486,31912,1017,175731,554,207643,California
Placer,2021-06-03,1702,377217,1029,209927,615,158566,58,8724,430,31133,1266,176997,487,208130,California
Placer,2021-06-04,1855,379072,1315,211242,486,159052,54,8778,452,30243,1394,178391,504,208634,California
Placer,2021-06-05,1084,380156,767,212009,276,159328,41,8819,267,29738,813,179204,308,208942,California
Placer,2021-06-06,483,380639,344,212353,122,159450,17,8836,122,29517,360,179564,139,209081,California
Placer,2021-06-07,1052,381691,718,213071,262,159712,72,8908,224,28986,825,180389,294,209375,California
Placer,2021-06-08,1727,383418,1315,214386,363,160075,49,8957,432,28174,1292,181681,480,209855,California
Placer,2021-06-09,1168,384586,849,215235,266,160341,53,9010,259,27581,906,182587,313,210168,California
Placer,2021-06-10,1246,385832,854,216089,316,160657,76,9086,306,27024,937,183524,380,210548,California
Placer,2021-06-11,1491,387323,1073,217162,359,161016,59,9145,342,26280,1144,184668,400,210948,California
Placer,2021-06-12,1011,388334,752,217914,233,161249,26,9171,220,25737,789,185457,246,211194,California
Placer,2021-06-13,394,388728,303,218217,80,161329,11,9182,93,25541,300,185757,104,211298,California
Placer,2021-06-14,775,389503,528,218745,201,161530,46,9228,223,25261,547,186304,267,211565,California
Placer,2021-06-15,1286,390789,860,219605,363,161893,63,9291,422,24885,860,187164,484,212049,California
Placer,2021-06-16,1032,391821,746,220351,231,162124,55,9346,334,24576,697,187861,388,212437,California
Placer,2021-06-17,881,392702,607,220958,236,162360,38,9384,277,24291,600,188461,315,212752,California
Placer,2021-06-18,1153,393855,764,221722,300,162660,89,9473,379,23986,773,189234,468,213220,California
Placer,2021-06-19,605,394460,434,222156,137,162797,34,9507,235,23888,366,189600,268,213488,California
Placer,2021-06-20,281,394741,231,222387,43,162840,7,9514,106,23827,173,189773,112,213600,California
Placer,2021-06-21,493,395234,289,222676,167,163007,37,9551,234,23839,259,190032,271,213871,California
Placer,2021-06-22,886,396120,624,223300,209,163216,53,9604,269,23551,610,190642,322,214193,California
Placer,2021-06-23,842,396962,610,223910,185,163401,47,9651,388,23533,453,191095,435,214628,California
Placer,2021-06-24,820,397782,514,224424,259,163660,47,9698,314,23391,503,191598,361,214989,California
Placer,2021-06-25,936,398718,664,225088,219,163879,53,9751,387,23289,542,192140,440,215429,California
Placer,2021-06-26,538,399256,388,225476,120,163999,30,9781,236,23255,300,192440,266,215695,California
Placer,2021-06-27,250,399506,182,225658,57,164056,11,9792,120,23256,129,192569,130,215825,California
Placer,2021-06-28,442,399948,321,225979,78,164134,43,9835,191,23240,250,192819,234,216059,California
Placer,2021-06-29,601,400549,416,226395,148,164282,37,9872,216,23108,385,193204,253,216312,California
Plumas,2020-12-18,3,3,3,3,0,0,0,0,3,3,0,0,3,3,California
Plumas,2020-12-19,1,4,1,4,0,0,0,0,1,4,0,0,1,4,California
Plumas,2020-12-21,45,49,45,49,0,0,0,0,45,49,0,0,45,49,California
Plumas,2020-12-22,92,141,92,141,0,0,0,0,92,141,0,0,92,141,California
Plumas,2020-12-23,50,191,50,191,0,0,0,0,50,191,0,0,50,191,California
Plumas,2020-12-24,6,197,6,197,0,0,0,0,6,197,0,0,6,197,California
Plumas,2020-12-28,8,205,0,197,8,8,0,0,8,205,0,0,8,205,California
Plumas,2020-12-29,32,237,22,219,10,18,0,0,32,237,0,0,32,237,California
Plumas,2020-12-30,23,260,1,220,22,40,0,0,23,260,0,0,23,260,California
Plumas,2020-12-31,4,264,1,221,3,43,0,0,4,264,0,0,4,264,California
Plumas,2021-01-01,1,265,0,221,1,44,0,0,1,265,0,0,1,265,California
Plumas,2021-01-02,1,266,0,221,1,45,0,0,1,266,0,0,1,266,California
Plumas,2021-01-04,10,276,4,225,6,51,0,0,10,276,0,0,10,276,California
Plumas,2021-01-05,22,298,2,227,20,71,0,0,22,298,0,0,22,298,California
Plumas,2021-01-06,123,421,5,232,118,189,0,0,123,421,0,0,123,421,California
Plumas,2021-01-07,53,474,2,234,51,240,0,0,52,472,1,1,52,473,California
Plumas,2021-01-08,11,485,4,238,7,247,0,0,8,477,3,4,8,481,California
Plumas,2021-01-09,2,487,2,240,0,247,0,0,1,477,1,5,1,482,California
Plumas,2021-01-11,58,545,50,290,8,255,0,0,11,441,47,52,11,493,California
Plumas,2021-01-12,155,700,86,376,69,324,0,0,71,428,84,136,71,564,California
Plumas,2021-01-13,55,755,50,426,5,329,0,0,9,391,46,182,9,573,California
Plumas,2021-01-14,98,853,14,440,84,413,0,0,93,479,5,187,93,666,California
Plumas,2021-01-15,62,915,7,447,55,468,0,0,60,537,2,189,60,726,California
Plumas,2021-01-16,58,973,1,448,57,525,0,0,58,595,0,189,58,784,California
Plumas,2021-01-18,2,975,1,449,1,526,0,0,2,597,0,189,2,786,California
Plumas,2021-01-19,36,1011,5,454,31,557,0,0,32,625,4,193,32,818,California
Plumas,2021-01-20,121,1132,3,457,118,675,0,0,119,742,2,195,119,937,California
Plumas,2021-01-21,112,1244,2,459,110,785,0,0,112,854,0,195,112,1049,California
Plumas,2021-01-22,5,1249,1,460,4,789,0,0,5,859,0,195,5,1054,California
Plumas,2021-01-23,93,1342,2,462,91,880,0,0,93,952,0,195,93,1147,California
Plumas,2021-01-24,1,1343,1,463,0,880,0,0,1,953,0,195,1,1148,California
Plumas,2021-01-25,10,1353,7,470,3,883,0,0,7,957,3,198,7,1155,California
Plumas,2021-01-26,59,1412,2,472,57,940,0,0,51,1000,8,206,51,1206,California
Plumas,2021-01-27,26,1438,20,492,6,946,0,0,6,986,20,226,6,1212,California
Plumas,2021-01-28,24,1462,0,492,24,970,0,0,22,1006,2,228,22,1234,California
Plumas,2021-01-29,9,1471,3,495,6,976,0,0,8,1013,1,229,8,1242,California
Plumas,2021-01-30,11,1482,4,499,7,983,0,0,9,1020,2,231,9,1251,California
Plumas,2021-01-31,3,1485,3,502,0,983,0,0,3,1023,0,231,3,1254,California
Plumas,2021-02-01,20,1505,3,505,17,1000,0,0,12,1027,8,239,12,1266,California
Plumas,2021-02-02,24,1529,4,509,20,1020,0,0,4,1011,20,259,4,1270,California
Plumas,2021-02-03,129,1658,8,517,121,1141,0,0,14,911,114,373,14,1284,California
Plumas,2021-02-04,102,1760,8,525,94,1235,0,0,23,855,79,452,23,1307,California
Plumas,2021-02-05,25,1785,11,536,14,1249,0,0,10,850,15,467,10,1317,California
Plumas,2021-02-06,8,1793,1,537,7,1256,0,0,8,858,0,467,8,1325,California
Plumas,2021-02-08,16,1809,7,544,9,1265,0,0,4,850,12,479,4,1329,California
Plumas,2021-02-09,172,1981,2,546,170,1435,0,0,112,902,60,539,112,1441,California
Plumas,2021-02-10,87,2068,9,555,78,1513,0,0,79,974,8,547,80,1521,California
Plumas,2021-02-11,320,2388,6,561,314,1827,0,0,261,1176,59,606,261,1782,California
Plumas,2021-02-12,124,2512,4,565,120,1947,0,0,119,1290,5,611,119,1901,California
Plumas,2021-02-13,75,2587,5,570,70,2017,0,0,15,1245,60,671,15,1916,California
Plumas,2021-02-14,8,2595,5,575,3,2020,0,0,8,1253,0,671,8,1924,California
Plumas,2021-02-15,26,2621,5,580,21,2041,0,0,23,1273,3,674,23,1947,California
Plumas,2021-02-16,78,2699,4,584,74,2115,0,0,14,1223,64,738,14,1961,California
Plumas,2021-02-17,136,2835,5,589,131,2246,0,0,12,1111,124,862,12,1973,California
Plumas,2021-02-18,130,2965,6,595,124,2370,0,0,21,1024,109,971,22,1995,California
Plumas,2021-02-19,43,3008,6,601,37,2407,0,0,7,995,36,1007,7,2002,California
Plumas,2021-02-20,105,3113,7,608,98,2505,0,0,13,916,92,1099,13,2015,California
Plumas,2021-02-21,6,3119,5,613,1,2506,0,0,2,914,4,1103,2,2017,California
Plumas,2021-02-22,5,3124,3,616,2,2508,0,0,1,911,4,1107,1,2018,California
Plumas,2021-02-23,24,3148,5,621,19,2527,0,0,17,921,7,1114,17,2035,California
Plumas,2021-02-24,459,3607,8,629,451,2978,0,0,446,1354,13,1127,446,2481,California
Plumas,2021-02-25,235,3842,12,641,223,3201,0,0,170,1459,65,1192,170,2651,California
Plumas,2021-02-26,268,4110,9,650,259,3460,0,0,260,1712,8,1200,261,2912,California
Plumas,2021-02-27,41,4151,4,654,37,3497,0,0,34,1739,7,1207,34,2946,California
Plumas,2021-02-28,3,4154,0,654,3,3500,0,0,1,1738,2,1209,1,2947,California
Plumas,2021-03-01,21,4175,6,660,15,3515,0,0,12,1742,8,1217,12,2959,California
Plumas,2021-03-02,10,4185,0,660,10,3525,0,0,7,1747,2,1219,7,2966,California
Plumas,2021-03-03,156,4341,11,671,145,3670,0,0,139,1869,17,1236,139,3105,California
Plumas,2021-03-04,253,4594,9,680,244,3914,0,0,231,2078,22,1258,231,3336,California
Plumas,2021-03-05,399,4993,6,686,388,4302,5,5,387,2458,12,1270,392,3728,California
Plumas,2021-03-06,20,5013,2,688,10,4312,8,13,4,2454,16,1286,12,3740,California
Plumas,2021-03-07,13,5026,2,690,2,4314,9,22,3,2456,10,1296,12,3752,California
Plumas,2021-03-08,30,5056,3,693,3,4317,24,46,3,2457,27,1323,28,3780,California
Plumas,2021-03-09,133,5189,2,695,116,4433,15,61,18,2375,115,1438,33,3813,California
Plumas,2021-03-10,253,5442,3,698,236,4669,14,75,107,2351,145,1583,121,3934,California
Plumas,2021-03-11,177,5619,8,706,164,4833,5,80,142,2463,35,1618,147,4081,California
Plumas,2021-03-12,594,6213,4,710,303,5136,287,367,22,2200,572,2190,309,4390,California
Plumas,2021-03-13,28,6241,5,715,12,5148,11,378,7,2197,21,2211,18,4408,California
Plumas,2021-03-14,12,6253,3,718,4,5152,5,383,1,2193,10,2221,6,4414,California
Plumas,2021-03-15,32,6285,1,719,24,5176,7,390,6,2180,26,2247,13,4427,California
Plumas,2021-03-16,61,6346,3,722,57,5233,1,391,49,2219,11,2258,50,4477,California
Plumas,2021-03-17,76,6422,10,732,65,5298,1,392,59,2263,16,2274,60,4537,California
Plumas,2021-03-18,62,6484,7,739,39,5337,16,408,14,2245,48,2322,30,4567,California
Plumas,2021-03-19,165,6649,7,746,156,5493,2,410,155,2395,8,2330,158,4725,California
Plumas,2021-03-20,698,7347,4,750,693,6186,1,411,676,3052,20,2350,677,5402,California
Plumas,2021-03-21,2,7349,1,751,1,6187,0,411,1,3053,0,2350,1,5403,California
Plumas,2021-03-22,182,7531,2,753,180,6367,0,411,175,3221,7,2357,175,5578,California
Plumas,2021-03-23,28,7559,2,755,26,6393,0,411,14,3221,14,2371,14,5592,California
Plumas,2021-03-24,656,8215,6,761,649,7042,1,412,222,3012,433,2804,224,5816,California
Plumas,2021-03-25,307,8522,7,768,298,7340,2,414,163,3031,144,2948,163,5979,California
Plumas,2021-03-26,315,8837,9,777,306,7646,0,414,46,2809,268,3216,46,6025,California
Plumas,2021-03-27,13,8850,1,778,11,7657,1,415,3,2803,10,3226,4,6029,California
Plumas,2021-03-28,5,8855,3,781,1,7658,1,416,3,2805,2,3228,4,6033,California
Plumas,2021-03-29,12,8867,4,785,7,7665,1,417,4,2802,8,3236,5,6038,California
Plumas,2021-03-30,152,9019,3,788,148,7813,1,418,25,2701,127,3363,26,6064,California
Plumas,2021-03-31,296,9315,4,792,291,8104,1,419,271,2948,25,3388,272,6336,California
Plumas,2021-04-01,309,9624,12,804,296,8400,1,420,66,2774,240,3628,66,6402,California
Plumas,2021-04-02,377,10001,5,809,371,8771,1,421,31,2472,334,3962,32,6434,California
Plumas,2021-04-03,16,10017,3,812,5,8776,8,429,2,2468,14,3976,10,6444,California
Plumas,2021-04-04,3,10020,1,813,1,8777,1,430,0,2466,3,3979,1,6445,California
Plumas,2021-04-05,12,10032,4,817,7,8784,1,431,4,2464,7,3986,5,6450,California
Plumas,2021-04-06,120,10152,6,823,88,8872,26,457,13,2396,107,4093,39,6489,California
Plumas,2021-04-07,283,10435,8,831,99,8971,176,633,29,2347,254,4347,205,6694,California
Plumas,2021-04-08,150,10585,4,835,131,9102,15,648,35,2282,114,4461,49,6743,California
Plumas,2021-04-09,51,10636,10,845,24,9126,17,665,18,2283,33,4494,34,6777,California
Plumas,2021-04-10,25,10661,2,847,6,9132,17,682,5,2285,20,4514,22,6799,California
Plumas,2021-04-11,4,10665,3,850,0,9132,1,683,3,2288,1,4515,4,6803,California
Plumas,2021-04-12,13,10678,5,855,5,9137,3,686,7,2293,5,4520,10,6813,California
Plumas,2021-04-13,211,10889,5,860,206,9343,0,686,141,2364,70,4590,141,6954,California
Plumas,2021-04-14,111,11000,8,868,103,9446,0,686,56,2366,54,4644,56,7010,California
Plumas,2021-04-15,53,11053,2,870,51,9497,0,686,33,2380,19,4663,33,7043,California
Plumas,2021-04-16,142,11195,2,872,140,9637,0,686,2,2242,140,4803,2,7045,California
Plumas,2021-04-17,670,11865,2,874,668,10305,0,686,18,1611,649,5452,18,7063,California
Plumas,2021-04-18,4,11869,3,877,1,10306,0,686,1,1609,3,5455,1,7064,California
Plumas,2021-04-19,38,11907,3,880,35,10341,0,686,5,1581,33,5488,5,7069,California
Plumas,2021-04-20,42,11949,5,885,37,10378,0,686,26,1592,15,5503,26,7095,California
Plumas,2021-04-21,311,12260,5,890,305,10683,1,687,18,1317,293,5796,18,7113,California
Plumas,2021-04-22,273,12533,8,898,265,10948,0,687,125,1294,148,5944,125,7238,California
Plumas,2021-04-23,73,12606,6,904,67,11015,0,687,16,1253,57,6001,16,7254,California
Plumas,2021-04-24,171,12777,5,909,166,11181,0,687,144,1371,26,6027,144,7398,California
Plumas,2021-04-26,30,12807,4,913,26,11207,0,687,8,1358,21,6048,8,7406,California
Plumas,2021-04-27,90,12897,3,916,87,11294,0,687,53,1374,37,6085,53,7459,California
Plumas,2021-04-28,286,13183,4,920,282,11576,0,687,38,1166,246,6331,38,7497,California
Plumas,2021-04-29,172,13355,69,989,103,11679,0,687,118,1230,54,6385,118,7615,California
Plumas,2021-04-30,21,13376,10,999,11,11690,0,687,5,1219,16,6401,5,7620,California
Plumas,2021-05-01,7,13383,1,1000,5,11695,1,688,1,1217,4,6405,2,7622,California
Plumas,2021-05-02,3,13386,3,1003,0,11695,0,688,1,1216,2,6407,1,7623,California
Plumas,2021-05-03,20,13406,7,1010,7,11702,6,694,6,1216,12,6419,12,7635,California
Plumas,2021-05-04,32,13438,5,1015,21,11723,6,700,19,1229,12,6431,25,7660,California
Plumas,2021-05-05,49,13487,6,1021,42,11765,1,701,22,1225,27,6458,23,7683,California
Plumas,2021-05-06,57,13544,2,1023,50,11815,5,706,15,1203,42,6500,20,7703,California
Plumas,2021-05-07,22,13566,5,1028,16,11831,1,707,8,1198,14,6514,9,7712,California
Plumas,2021-05-08,6,13572,0,1028,4,11835,2,709,4,1202,2,6516,6,7718,California
Plumas,2021-05-10,51,13623,1,1029,27,11862,23,732,23,1220,28,6544,46,7764,California
Plumas,2021-05-11,163,13786,3,1032,141,12003,19,751,12,1100,151,6695,31,7795,California
Plumas,2021-05-12,99,13885,2,1034,89,12092,8,759,37,1084,61,6756,45,7840,California
Plumas,2021-05-13,34,13919,3,1037,29,12121,2,761,12,1076,22,6778,14,7854,California
Plumas,2021-05-14,20,13939,4,1041,11,12132,5,766,10,1081,10,6788,15,7869,California
Plumas,2021-05-15,10,13949,4,1045,4,12136,2,768,4,1081,6,6794,6,7875,California
Plumas,2021-05-16,2,13951,1,1046,1,12137,0,768,1,1081,1,6795,1,7876,California
Plumas,2021-05-17,13,13964,0,1046,4,12141,9,777,4,1085,9,6804,13,7889,California
Plumas,2021-05-18,42,14006,7,1053,34,12175,1,778,22,1088,20,6824,23,7912,California
Plumas,2021-05-19,47,14053,3,1056,30,12205,14,792,12,1080,35,6859,27,7939,California
Plumas,2021-05-20,189,14242,136,1192,42,12247,11,803,79,1062,108,6967,90,8029,California
Plumas,2021-05-21,28,14270,7,1199,14,12261,7,810,13,1067,15,6982,20,8049,California
Plumas,2021-05-22,136,14406,1,1200,135,12396,0,810,6,945,128,7110,6,8055,California
Plumas,2021-05-23,1,14407,1,1201,0,12396,0,810,0,944,1,7111,0,8055,California
Plumas,2021-05-24,51,14458,37,1238,13,12409,1,811,41,977,9,7120,42,8097,California
Plumas,2021-05-25,65,14523,3,1241,61,12470,1,812,14,941,51,7171,15,8112,California
Plumas,2021-05-26,41,14564,7,1248,27,12497,7,819,17,942,23,7194,24,8136,California
Plumas,2021-05-27,99,14663,25,1273,61,12558,13,832,40,937,58,7252,53,8189,California
Plumas,2021-05-28,43,14706,15,1288,26,12584,2,834,23,943,19,7271,25,8214,California
Plumas,2021-05-29,8,14714,0,1288,8,12592,0,834,6,948,2,7273,7,8221,California
Plumas,2021-05-30,1,14715,0,1288,1,12593,0,834,0,948,0,7273,0,8221,California
Plumas,2021-05-31,7,14722,0,1288,4,12597,3,837,0,946,5,7278,3,8224,California
Plumas,2021-06-01,32,14754,7,1295,20,12617,5,842,9,938,23,7301,15,8239,California
Plumas,2021-06-02,57,14811,6,1301,31,12648,20,862,10,921,47,7348,30,8269,California
Plumas,2021-06-03,59,14870,17,1318,33,12681,9,871,27,925,32,7380,36,8305,California
Plumas,2021-06-04,15,14885,3,1321,11,12692,1,872,8,929,5,7385,9,8314,California
Plumas,2021-06-05,7,14892,3,1324,4,12696,0,872,2,926,5,7390,2,8316,California
Plumas,2021-06-06,2,14894,1,1325,1,12697,0,872,0,924,2,7392,0,8316,California
Plumas,2021-06-07,37,14931,5,1330,25,12722,7,879,9,912,28,7420,16,8332,California
Plumas,2021-06-08,28,14959,9,1339,17,12739,2,881,6,898,22,7442,8,8340,California
Plumas,2021-06-09,42,15001,5,1344,34,12773,3,884,9,877,33,7475,12,8352,California
Plumas,2021-06-10,32,15033,15,1359,13,12786,4,888,10,869,22,7497,14,8366,California
Plumas,2021-06-11,24,15057,13,1372,9,12795,2,890,8,863,16,7513,10,8376,California
Plumas,2021-06-12,10,15067,2,1374,7,12802,1,891,5,864,5,7518,6,8382,California
Plumas,2021-06-13,3,15070,1,1375,2,12804,0,891,3,867,0,7518,3,8385,California
Plumas,2021-06-14,97,15167,88,1463,6,12810,3,894,13,799,84,7602,16,8401,California
Plumas,2021-06-15,27,15194,7,1470,18,12828,2,896,9,792,18,7620,11,8412,California
Plumas,2021-06-16,33,15227,11,1481,13,12841,9,905,9,786,24,7644,18,8430,California
Plumas,2021-06-17,49,15276,30,1511,15,12856,4,909,11,764,37,7681,15,8445,California
Plumas,2021-06-18,39,15315,18,1529,14,12870,7,916,13,758,26,7707,20,8465,California
Plumas,2021-06-19,9,15324,2,1531,7,12877,0,916,2,753,7,7714,2,8467,California
Plumas,2021-06-21,9,15333,4,1535,4,12881,1,917,5,755,4,7718,6,8473,California
Plumas,2021-06-22,28,15361,11,1546,15,12896,2,919,9,747,19,7737,11,8484,California
Plumas,2021-06-23,26,15387,15,1561,9,12905,2,921,15,753,11,7748,17,8501,California
Plumas,2021-06-24,30,15417,19,1580,8,12913,3,924,14,754,15,7763,16,8517,California
Plumas,2021-06-25,21,15438,8,1588,11,12924,2,926,7,751,12,7775,9,8526,California
Plumas,2021-06-26,13,15451,4,1592,8,12932,1,927,3,745,10,7785,4,8530,California
Plumas,2021-06-28,10,15461,4,1596,2,12934,4,931,2,743,8,7793,6,8536,California
Plumas,2021-06-29,11,15472,9,1605,1,12935,1,932,8,749,3,7796,9,8545,California
Riverside,2020-12-15,7,7,7,7,0,0,0,0,7,7,0,0,7,7,California
Riverside,2020-12-16,96,103,96,103,0,0,0,0,96,103,0,0,96,103,California
Riverside,2020-12-17,834,937,834,937,0,0,0,0,834,937,0,0,834,937,California
Riverside,2020-12-18,1778,2715,1777,2714,1,1,0,0,1778,2715,0,0,1778,2715,California
Riverside,2020-12-19,1056,3771,1053,3767,3,4,0,0,1054,3768,1,1,1054,3769,California
Riverside,2020-12-20,1114,4885,1113,4880,1,5,0,0,1114,4882,0,1,1114,4883,California
Riverside,2020-12-21,2340,7225,2338,7218,2,7,0,0,2340,7222,0,1,2340,7223,California
Riverside,2020-12-22,2294,9519,2247,9465,47,54,0,0,2293,9515,0,1,2293,9516,California
Riverside,2020-12-23,2165,11684,1821,11286,344,398,0,0,2166,11681,0,1,2166,11682,California
Riverside,2020-12-24,857,12541,653,11939,204,602,0,0,857,12538,0,1,857,12539,California
Riverside,2020-12-25,41,12582,18,11957,23,625,0,0,40,12578,0,1,40,12579,California
Riverside,2020-12-26,490,13072,270,12227,220,845,0,0,490,13068,0,1,490,13069,California
Riverside,2020-12-27,398,13470,268,12495,130,975,0,0,397,13464,1,2,397,13466,California
Riverside,2020-12-28,1717,15187,1197,13692,520,1495,0,0,1717,15181,0,2,1717,15183,California
Riverside,2020-12-29,1809,16996,1026,14718,783,2278,0,0,1809,16990,0,2,1809,16992,California
Riverside,2020-12-30,2649,19645,1724,16442,925,3203,0,0,2647,19636,1,3,2647,19639,California
Riverside,2020-12-31,1080,20725,422,16864,658,3861,0,0,1081,20716,1,4,1081,20720,California
Riverside,2021-01-01,132,20857,58,16922,74,3935,0,0,132,20848,0,4,132,20852,California
Riverside,2021-01-02,895,21752,707,17629,188,4123,0,0,895,21743,0,4,895,21747,California
Riverside,2021-01-03,359,22111,305,17934,54,4177,0,0,358,22101,0,4,358,22105,California
Riverside,2021-01-04,1303,23414,809,18743,494,4671,0,0,1302,23403,0,4,1302,23407,California
Riverside,2021-01-05,2060,25474,1415,20158,645,5316,0,0,1936,25222,117,121,1936,25343,California
Riverside,2021-01-06,2596,28070,1159,21317,1437,6753,0,0,2254,27140,336,457,2254,27597,California
Riverside,2021-01-07,2884,30954,1885,23202,999,7752,0,0,1771,27807,1106,1563,1773,29370,California
Riverside,2021-01-08,4122,35076,2978,26180,1144,8896,0,0,2265,28220,1852,3415,2265,31635,California
Riverside,2021-01-09,2140,37216,879,27059,1261,10157,0,0,1761,29604,377,3792,1761,33396,California
Riverside,2021-01-10,1697,38913,749,27808,948,11105,0,0,1082,30071,615,4407,1082,34478,California
Riverside,2021-01-11,4619,43532,3157,30965,1462,12567,0,0,2842,31138,1775,6182,2842,37320,California
Riverside,2021-01-12,3520,47052,2780,33745,740,13307,0,0,1807,31240,1708,7890,1810,39130,California
Riverside,2021-01-13,4591,51643,3007,36752,1584,14891,0,0,2946,32545,1641,9531,2946,42076,California
Riverside,2021-01-14,5799,57442,2069,38821,3730,18621,0,0,5168,37086,629,10160,5170,47246,California
Riverside,2021-01-15,6283,63725,2107,40928,4176,22797,0,0,5947,42700,334,10494,5948,53194,California
Riverside,2021-01-16,3721,67446,1034,41962,2687,25484,0,0,3459,45898,262,10756,3460,56654,California
Riverside,2021-01-17,3664,71110,604,42566,3060,28544,0,0,3455,49146,207,10963,3455,60109,California
Riverside,2021-01-18,3865,74975,2105,44671,1760,30304,0,0,2816,50914,1049,12012,2817,62926,California
Riverside,2021-01-19,7538,82513,2686,47357,4852,35156,0,0,6392,56165,1146,13158,6397,69323,California
Riverside,2021-01-20,8478,90991,3272,50629,5206,40362,0,0,6802,61310,1663,14821,6808,76131,California
Riverside,2021-01-21,8568,99559,3580,54209,4988,45350,0,0,7862,68466,707,15528,7863,83994,California
Riverside,2021-01-22,8969,108528,3061,57270,5908,51258,0,0,8492,76485,475,16003,8494,92488,California
Riverside,2021-01-23,6076,114604,2358,59628,3718,54976,0,0,5263,80937,812,16815,5264,97752,California
Riverside,2021-01-24,3119,117723,1437,61065,1682,56658,0,0,2893,83609,222,17037,2894,100646,California
Riverside,2021-01-25,8033,125756,4593,65658,3440,60098,0,0,6863,89307,1167,18204,6865,107511,California
Riverside,2021-01-26,9230,134986,5718,71376,3512,63610,0,0,7697,95475,1530,19734,7698,115209,California
Riverside,2021-01-27,11116,146102,6418,77794,4698,68308,0,0,9474,103316,1636,21370,9477,124686,California
Riverside,2021-01-28,11739,157841,6825,84619,4914,73222,0,0,10537,112662,1194,22564,10540,135226,California
Riverside,2021-01-29,12106,169947,7313,91932,4793,78015,0,0,10706,121997,1376,23940,10711,145937,California
Riverside,2021-01-30,9198,179145,4625,96557,4573,82588,0,0,8690,130187,501,24441,8691,154628,California
Riverside,2021-01-31,5194,184339,4227,100784,967,83555,0,0,5049,135100,141,24582,5054,159682,California
Riverside,2021-02-01,11293,195632,6961,107745,4332,87887,0,0,9265,142351,2018,26600,9269,168951,California
Riverside,2021-02-02,9688,205320,4881,112626,4807,92694,0,0,8172,149026,1503,28103,8178,177129,California
Riverside,2021-02-03,12449,217769,5213,117839,7236,99930,0,0,9987,156566,2452,30555,9992,187121,California
Riverside,2021-02-04,13771,231540,6064,123903,7707,107637,0,0,11604,166020,2157,32712,11611,198732,California
Riverside,2021-02-05,14672,246212,5550,129453,9122,116759,0,0,11427,174219,3236,35948,11435,210167,California
Riverside,2021-02-06,7348,253560,4272,133725,3076,119835,0,0,5683,178250,1656,37604,5687,215854,California
Riverside,2021-02-07,2223,255783,810,134535,1413,121248,0,0,1883,179802,338,37942,1890,217744,California
Riverside,2021-02-08,12611,268394,5592,140127,7019,128267,0,0,10220,187662,2374,40316,10234,227978,California
Riverside,2021-02-09,9823,278217,4571,144698,5252,133519,0,0,7790,193451,2022,42338,7811,235789,California
Riverside,2021-02-10,12274,290491,7022,151720,5252,138771,0,0,8963,199135,3298,45636,8982,244771,California
Riverside,2021-02-11,16897,307388,9105,160825,7792,146563,0,0,12216,206731,4657,50293,12253,257024,California
Riverside,2021-02-12,18059,325447,10933,171758,7126,153689,0,0,12950,214645,5064,55357,12978,270002,California
Riverside,2021-02-13,6445,331892,2176,173934,4269,157958,0,0,3116,214486,3306,58663,3147,273149,California
Riverside,2021-02-14,5039,336931,1184,175118,3855,161813,0,0,2262,213989,2772,61435,2275,275424,California
Riverside,2021-02-15,10025,346956,5124,180242,4901,166714,0,0,5528,215052,4482,65917,5545,280969,California
Riverside,2021-02-16,16386,363342,10239,190481,6147,172861,0,0,9409,217523,6965,72882,9436,290405,California
Riverside,2021-02-17,15363,378705,8416,198897,6947,179808,0,0,7618,217470,7726,80608,7673,298078,California
Riverside,2021-02-18,15811,394516,9086,207983,6725,186533,0,0,8092,217933,7672,88280,8135,306213,California
Riverside,2021-02-19,15613,410129,8366,216349,7247,193780,0,0,7331,217061,8231,96511,7359,313572,California
Riverside,2021-02-20,8520,418649,4584,220933,3936,197716,0,0,2254,213092,6234,102745,2265,315837,California
Riverside,2021-02-21,4487,423136,3962,224895,525,198241,0,0,1277,211194,3186,105931,1288,317125,California
Riverside,2021-02-22,12615,435751,7964,232859,4651,202892,0,0,5177,208970,7415,113346,5191,322316,California
Riverside,2021-02-23,11492,447243,7780,240639,3712,206604,0,0,5579,208699,5880,119226,5609,327925,California
Riverside,2021-02-24,14955,462198,8136,248775,6819,213423,0,0,6346,206534,8567,127793,6402,334327,California
Riverside,2021-02-25,17623,479821,7498,256273,10125,223548,0,0,8159,205331,9432,137225,8229,342556,California
Riverside,2021-02-26,18952,498773,6852,263125,12100,235648,0,0,9447,205405,9440,146665,9514,352070,California
Riverside,2021-02-27,12198,510971,5645,268770,6553,242201,0,0,5802,204902,6362,153027,5859,357929,California
Riverside,2021-02-28,5002,515973,3291,272061,1711,243912,0,0,2484,204913,2504,155531,2515,360444,California
Riverside,2021-03-01,14504,530477,6182,278243,8316,252228,6,6,8521,207557,5936,161467,8580,369024,California
Riverside,2021-03-02,15557,546034,7603,285846,7953,260181,1,7,9094,210269,6435,167902,9147,378171,California
Riverside,2021-03-03,17274,563308,8554,294400,8720,268901,0,7,7524,208256,9697,177599,7684,385855,California
Riverside,2021-03-04,19018,582326,7563,301963,11450,280351,5,12,9054,207596,9915,187514,9255,395110,California
Riverside,2021-03-05,19145,601471,7703,309666,11396,291747,46,58,9449,207764,9645,197159,9813,404923,California
Riverside,2021-03-06,9644,611115,5106,314772,4053,295800,485,543,4778,208223,4852,202011,5311,410234,California
Riverside,2021-03-07,4328,615443,2793,317565,1143,296943,392,935,2025,208381,2292,204303,2450,412684,California
Riverside,2021-03-08,12138,627581,4834,322399,6891,303834,413,1348,5411,207581,6704,211007,5904,418588,California
Riverside,2021-03-09,15011,642592,7018,329417,7484,311318,509,1857,5948,205152,9039,220046,6610,425198,California
Riverside,2021-03-10,16159,658751,8674,338091,6551,317869,934,2791,6263,202687,9847,229893,7382,432580,California
Riverside,2021-03-11,19589,678340,9591,347682,8127,325996,1871,4662,7648,200537,11897,241790,9747,442327,California
Riverside,2021-03-12,21366,699706,8003,355685,8604,334600,4759,9421,7071,198455,14246,256036,12164,454491,California
Riverside,2021-03-13,8626,708332,2581,358266,4810,339410,1235,10656,4391,199979,4207,260243,5731,460222,California
Riverside,2021-03-14,4840,713172,1663,359929,1802,341212,1375,12031,2117,200771,2708,262951,3500,463722,California
Riverside,2021-03-15,18807,731979,7927,367856,9208,350420,1672,13703,9172,202151,9582,272533,10962,474684,California
Riverside,2021-03-16,21127,753106,10284,378140,10028,360448,815,14518,11441,204878,9643,282176,12370,487054,California
Riverside,2021-03-17,21590,774696,11080,389220,9444,369892,1066,15584,12905,210283,8635,290811,14040,501094,California
Riverside,2021-03-18,22943,797639,11994,401214,9272,379164,1677,17261,12656,214405,10228,301039,14350,515444,California
Riverside,2021-03-19,24312,821951,12769,413983,10569,389733,974,18235,14139,219778,10110,311149,15483,530927,California
Riverside,2021-03-20,10875,832826,6943,420926,2726,392459,1206,19441,6928,224016,3909,315058,8147,539074,California
Riverside,2021-03-21,3923,836749,3030,423956,615,393074,278,19719,2602,225602,1300,316358,2886,541960,California
Riverside,2021-03-22,16799,853548,10017,433973,6228,399302,554,20273,10649,230720,6087,322445,11205,553165,California
Riverside,2021-03-23,18779,872327,10612,444585,7744,407046,423,20696,11969,236391,6748,329193,12419,565584,California
Riverside,2021-03-24,18891,891218,10524,455109,8245,415291,122,20818,12908,243517,5930,335123,13056,578640,California
Riverside,2021-03-25,21288,912506,11731,466840,9370,424661,187,21005,14184,250882,7023,342146,14388,593028,California
Riverside,2021-03-26,24289,936795,11997,478837,12119,436780,173,21178,15058,257009,9120,351266,15247,608275,California
Riverside,2021-03-27,9394,946189,4913,483750,3427,440207,1054,22232,4841,258386,4524,355790,5901,614176,California
Riverside,2021-03-28,4809,950998,3154,486904,1561,441768,94,22326,2856,259398,1941,357731,2953,617129,California
Riverside,2021-03-29,17738,968736,8477,495381,9137,450905,124,22450,10954,263763,6734,364465,11099,628228,California
Riverside,2021-03-30,18460,987196,9612,504993,8638,459543,210,22660,11739,269041,6676,371141,11954,640182,California
Riverside,2021-03-31,18260,1005456,8491,513484,9443,468986,326,22986,11399,273969,6809,377950,11737,651919,California
Riverside,2021-04-01,25723,1031179,12561,526045,12359,481345,803,23789,16511,282156,9131,387081,17318,669237,California
Riverside,2021-04-02,26272,1057451,14119,540164,11168,492513,985,24774,16411,289980,9796,396877,17620,686857,California
Riverside,2021-04-03,9466,1066917,6002,546166,2849,495362,615,25389,6085,293318,3361,400238,6699,693556,California
Riverside,2021-04-04,3443,1070360,2081,548247,1095,496457,267,25656,1719,293595,1711,401949,1988,695544,California
Riverside,2021-04-05,18628,1088988,9508,557755,7236,503693,1884,27540,9990,296882,8594,410543,11881,707425,California
Riverside,2021-04-06,23937,1112925,12441,570196,9323,513016,2173,29713,13339,301841,10545,421088,15504,722929,California
Riverside,2021-04-07,25074,1137999,13488,583684,9046,522062,2540,32253,13929,307217,11093,432181,16469,739398,California
Riverside,2021-04-08,27649,1165648,15255,598939,9362,531424,3032,35285,16839,316337,10737,442918,19857,759255,California
Riverside,2021-04-09,26534,1192182,15583,614522,8432,539856,2519,37804,16135,324677,10346,453264,18686,777941,California
Riverside,2021-04-10,12162,1204344,6811,621333,3928,543784,1423,39227,5328,324634,6789,460053,6746,784687,California
Riverside,2021-04-11,4698,1209042,2792,624125,1264,545048,642,39869,2201,324998,2484,462537,2848,787535,California
Riverside,2021-04-12,20296,1229338,9042,633167,8590,553638,2664,42533,10149,327710,10106,472643,12818,800353,California
Riverside,2021-04-13,20263,1249601,11339,644506,8896,562534,28,42561,11603,330731,8618,481261,11639,811992,California
Riverside,2021-04-14,22501,1272102,12410,656916,10076,572610,15,42576,11022,330382,11408,492669,11059,823051,California
Riverside,2021-04-15,22291,1294393,12620,669536,9663,582273,8,42584,11772,331728,10445,503114,11791,834842,California
Riverside,2021-04-16,25415,1319808,14678,684214,10731,593004,6,42590,11820,330034,13533,516647,11839,846681,California
Riverside,2021-04-17,10020,1329828,6611,690825,3409,596413,0,42590,5042,330135,4952,521599,5053,851734,California
Riverside,2021-04-18,4217,1334045,3140,693965,1070,597483,7,42597,1959,329870,2240,523839,1975,853709,California
Riverside,2021-04-19,19764,1353809,11743,705708,8018,605501,3,42600,7105,324384,12607,536446,7121,860830,California
Riverside,2021-04-20,19574,1373383,10549,716257,9016,614517,9,42609,7986,320848,11538,547984,8002,868832,California
Riverside,2021-04-21,20885,1394268,12351,728608,8524,623041,10,42619,8398,316856,12412,560396,8420,877252,California
Riverside,2021-04-22,23893,1418161,14115,742723,9774,632815,4,42623,8942,310935,14878,575274,8957,886209,California
Riverside,2021-04-23,23842,1442003,14166,756889,9662,642477,14,42637,9348,305886,14433,589707,9384,895593,California
Riverside,2021-04-24,10543,1452546,7328,764217,3206,645683,9,42646,4830,305056,5672,595379,4842,900435,California
Riverside,2021-04-25,4256,1456802,2827,767044,1422,647105,7,42653,2202,305231,2036,597415,2211,902646,California
Riverside,2021-04-26,17390,1474192,10941,777985,6390,653495,59,42712,5928,299818,11416,608831,6003,908649,California
Riverside,2021-04-27,18625,1492817,10702,788687,7717,661212,206,42918,6496,294447,12081,620912,6710,915359,California
Riverside,2021-04-28,16920,1509737,9231,797918,7424,668636,265,43183,5751,289367,11106,632018,6026,921385,California
Riverside,2021-04-29,19147,1528884,11817,809735,6979,675615,351,43534,5573,281786,13504,645522,5923,927308,California
Riverside,2021-04-30,20327,1549211,11855,821590,8084,683699,388,43922,6657,275218,13614,659136,7046,934354,California
Riverside,2021-05-01,6889,1556100,4943,826533,1761,685460,185,44107,2363,273270,4496,663632,2548,936902,California
Riverside,2021-05-02,3394,1559494,2218,828751,967,686427,209,44316,1090,272291,2285,665917,1306,938208,California
Riverside,2021-05-03,18077,1577571,11101,839852,6479,692906,497,44813,4181,263138,13829,679746,4676,942884,California
Riverside,2021-05-04,17764,1595335,11381,851233,5919,698825,464,45277,5003,255928,12689,692435,5479,948363,California
Riverside,2021-05-05,16363,1611698,9438,860671,6551,705376,374,45651,4726,249474,11575,704010,5121,953484,California
Riverside,2021-05-06,18353,1630051,10448,871119,7489,712865,416,46067,4705,241066,13568,717578,5160,958644,California
Riverside,2021-05-07,20772,1650823,11877,882996,8449,721314,446,46513,5527,231881,15161,732739,5976,964620,California
Riverside,2021-05-08,7101,1657924,4725,887721,2113,723427,263,46776,2650,230387,4415,737154,2921,967541,California
Riverside,2021-05-09,2494,1660418,1696,889417,645,724072,153,46929,924,229911,1561,738715,1085,968626,California
Riverside,2021-05-10,10148,1670566,5206,894623,4548,728620,394,47323,2866,225944,7232,745947,3265,971891,California
Riverside,2021-05-11,14347,1684913,8752,903375,5068,733688,527,47850,4013,220250,10250,756197,4556,976447,California
Riverside,2021-05-12,13065,1697978,6723,910098,6009,739697,333,48183,3936,215442,9077,765274,4269,980716,California
Riverside,2021-05-13,15255,1713233,9337,919435,5636,745333,282,48465,5413,211360,9790,775064,5708,986424,California
Riverside,2021-05-14,18246,1731479,11564,930999,5886,751219,796,49261,7103,208188,11070,786134,7898,994322,California
Riverside,2021-05-15,9892,1741371,7129,938128,2366,753585,397,49658,5092,208907,4770,790904,5489,999811,California
Riverside,2021-05-16,3720,1745091,2761,940889,841,754426,118,49776,1869,209055,1837,792741,1985,1001796,California
Riverside,2021-05-17,11821,1756912,7607,948496,3859,758285,355,50131,5092,207809,6697,799438,5451,1007247,California
Riverside,2021-05-18,15261,1772173,9481,957977,5421,763706,359,50490,6164,205283,9050,808488,6524,1013771,California
Riverside,2021-05-19,12240,1784413,7742,965719,4253,767959,245,50735,5903,205150,6285,814773,6152,1019923,California
Riverside,2021-05-20,11925,1796338,7483,973202,4183,772142,259,50994,5298,204133,6578,821351,5561,1025484,California
Riverside,2021-05-21,14479,1810817,8924,982126,5231,777373,324,51318,6062,202172,8349,829700,6388,1031872,California
Riverside,2021-05-22,7222,1818039,4887,987013,2138,779511,197,51515,3860,202907,3324,833024,4059,1035931,California
Riverside,2021-05-23,2752,1820791,1839,988852,836,780347,77,51592,1290,202826,1447,834471,1366,1037297,California
Riverside,2021-05-24,8883,1829674,5812,994664,2759,783106,312,51904,3964,202218,4884,839355,4276,1041573,California
Riverside,2021-05-25,9746,1839420,5804,1000468,3670,786776,272,52176,3885,200558,5821,845176,4161,1045734,California
Riverside,2021-05-26,8936,1848356,5537,1006005,3067,789843,332,52508,3904,199819,4980,850156,4241,1049975,California
Riverside,2021-05-27,8566,1856922,5126,1011131,3203,793046,237,52745,3879,199303,4636,854792,4120,1054095,California
Riverside,2021-05-28,10781,1867703,6525,1017656,3942,796988,314,53059,4968,198841,5751,860543,5289,1059384,California
Riverside,2021-05-29,5043,1872746,3437,1021093,1482,798470,124,53183,2813,199572,2208,862751,2939,1062323,California
Riverside,2021-05-30,1972,1874718,1425,1022518,479,798949,68,53251,1019,199714,945,863696,1087,1063410,California
Riverside,2021-05-31,880,1875598,501,1023019,346,799295,33,53284,338,199548,537,864233,371,1063781,California
Riverside,2021-06-01,9179,1884777,5666,1028685,3275,802570,238,53522,3446,197552,5679,869912,3683,1067464,California
Riverside,2021-06-02,7135,1891912,4349,1033034,2508,805078,278,53800,2737,196215,4354,874266,3017,1070481,California
Riverside,2021-06-03,7967,1899879,5305,1038339,2391,807469,271,54071,2728,194013,5197,879463,2995,1073476,California
Riverside,2021-06-04,10736,1910615,7650,1045989,2826,810295,260,54331,3719,191029,6965,886428,3981,1077457,California
Riverside,2021-06-05,6950,1917565,5131,1051120,1272,811567,547,54878,2169,188991,4757,891185,2719,1080176,California
Riverside,2021-06-06,2208,1919773,1877,1052997,280,811847,51,54929,677,188196,1524,892709,729,1080905,California
Riverside,2021-06-07,6919,1926692,5243,1058240,1445,813292,231,55160,2262,186063,4627,897336,2494,1083399,California
Riverside,2021-06-08,9068,1935760,6573,1064813,2222,815514,273,55433,2961,183248,6051,903387,3236,1086635,California
Riverside,2021-06-09,7730,1943490,5631,1070444,1804,817318,295,55728,2345,180547,5339,908726,2638,1089273,California
Riverside,2021-06-10,7583,1951073,5348,1075792,2000,819318,235,55963,2361,177953,5194,913920,2600,1091873,California
Riverside,2021-06-11,8882,1959955,6020,1081812,2569,821887,293,56256,2995,175415,5826,919746,3288,1095161,California
Riverside,2021-06-12,5333,1965288,3944,1085756,1261,823148,128,56384,1659,173565,3643,923389,1793,1096954,California
Riverside,2021-06-13,1796,1967084,1335,1087091,417,823565,44,56428,497,172819,1287,924676,541,1097495,California
Riverside,2021-06-14,6356,1973440,4550,1091641,1497,825062,309,56737,2079,170962,4241,928917,2384,1099879,California
Riverside,2021-06-15,7115,1980555,4865,1096506,1941,827003,309,57046,2682,169573,4385,933302,2996,1102875,California
Riverside,2021-06-16,6854,1987409,4735,1101241,1806,828809,313,57359,2437,167949,4373,937675,2749,1105624,California
Riverside,2021-06-17,6522,1993931,4602,1105843,1679,830488,241,57600,2500,166707,3989,941664,2747,1108371,California
Riverside,2021-06-18,8235,2002166,5968,1111811,1990,832478,277,57877,3394,165589,4794,946458,3676,1112047,California
Riverside,2021-06-19,4277,2006443,3282,1115093,839,833317,156,58033,1781,165061,2468,948926,1940,1113987,California
Riverside,2021-06-20,1505,2007948,1145,1116238,324,833641,36,58069,577,164758,917,949843,614,1114601,California
Riverside,2021-06-21,4266,2012214,2832,1119070,1159,834800,275,58344,2210,165207,2037,951880,2486,1117087,California
Riverside,2021-06-22,6329,2018543,4482,1123552,1595,836395,252,58596,2712,164597,3579,955459,2969,1120056,California
Riverside,2021-06-23,5490,2024033,3887,1127439,1346,837741,257,58853,2561,164521,2894,958353,2818,1122874,California
Riverside,2021-06-24,5382,2029415,3697,1131136,1444,839185,241,59094,2349,164114,2998,961351,2591,1125465,California
Riverside,2021-06-25,6824,2036239,4939,1136075,1606,840791,279,59373,2973,163552,3818,965169,3256,1128721,California
Riverside,2021-06-26,3793,2040032,2928,1139003,747,841538,118,59491,1752,163405,2018,967187,1871,1130592,California
Riverside,2021-06-27,1497,2041529,1206,1140209,246,841784,45,59536,690,163344,796,967983,735,1131327,California
Riverside,2021-06-28,4110,2045639,3203,1143412,705,842489,202,59738,1912,163289,2172,970155,2117,1133444,California
Riverside,2021-06-29,3310,2048949,2398,1145810,775,843264,137,59875,1377,162889,1916,972071,1516,1134960,California
Sacramento,2020-12-15,315,315,315,315,0,0,0,0,315,315,0,0,315,315,California
Sacramento,2020-12-16,646,961,646,961,0,0,0,0,646,961,0,0,646,961,California
Sacramento,2020-12-17,706,1667,706,1667,0,0,0,0,706,1667,0,0,706,1667,California
Sacramento,2020-12-18,1117,2784,1117,2784,0,0,0,0,1117,2784,0,0,1117,2784,California
Sacramento,2020-12-19,613,3397,613,3397,0,0,0,0,613,3397,0,0,613,3397,California
Sacramento,2020-12-20,632,4029,632,4029,0,0,0,0,632,4029,0,0,632,4029,California
Sacramento,2020-12-21,1676,5705,1676,5705,0,0,0,0,1677,5706,0,0,1677,5706,California
Sacramento,2020-12-22,2114,7819,2078,7783,36,36,0,0,2114,7820,0,0,2114,7820,California
Sacramento,2020-12-23,2267,10086,2093,9876,174,210,0,0,2267,10087,0,0,2267,10087,California
Sacramento,2020-12-24,1044,11130,832,10708,212,422,0,0,1044,11131,0,0,1044,11131,California
Sacramento,2020-12-25,2,11132,1,10709,1,423,0,0,2,11133,0,0,2,11133,California
Sacramento,2020-12-26,511,11643,292,11001,219,642,0,0,511,11644,0,0,511,11644,California
Sacramento,2020-12-27,357,12000,251,11252,106,748,0,0,357,12001,0,0,357,12001,California
Sacramento,2020-12-28,1929,13929,1343,12595,586,1334,0,0,1928,13928,1,1,1928,13929,California
Sacramento,2020-12-29,1975,15904,1203,13798,772,2106,0,0,1975,15903,0,1,1975,15904,California
Sacramento,2020-12-30,2564,18468,1458,15256,1106,3212,0,0,2565,18468,0,1,2565,18469,California
Sacramento,2020-12-31,1235,19703,697,15953,538,3750,0,0,1236,19704,0,1,1236,19705,California
Sacramento,2021-01-01,82,19785,70,16023,12,3762,0,0,82,19786,0,1,82,19787,California
Sacramento,2021-01-02,575,20360,369,16392,206,3968,0,0,575,20361,0,1,575,20362,California
Sacramento,2021-01-03,413,20773,224,16616,189,4157,0,0,413,20774,0,1,413,20775,California
Sacramento,2021-01-04,1947,22720,836,17452,1111,5268,0,0,1945,22718,1,2,1945,22720,California
Sacramento,2021-01-05,2220,24940,996,18448,1224,6492,0,0,1855,24215,365,367,1862,24582,California
Sacramento,2021-01-06,2734,27674,1619,20067,1115,7607,0,0,1936,25356,795,1162,1936,26518,California
Sacramento,2021-01-07,2850,30524,1513,21580,1337,8944,0,0,1919,26348,927,2089,1919,28437,California
Sacramento,2021-01-08,3300,33824,2086,23666,1214,10158,0,0,2180,27413,1116,3205,2181,30618,California
Sacramento,2021-01-09,1296,35120,803,24469,493,10651,0,0,899,27917,395,3600,899,31517,California
Sacramento,2021-01-10,1255,36375,713,25182,542,11193,0,0,784,28232,470,4070,785,32302,California
Sacramento,2021-01-11,4367,40742,2966,28148,1401,12594,0,0,2423,28724,1943,6013,2435,34737,California
Sacramento,2021-01-12,4668,45410,3276,31424,1392,13986,0,0,2625,29312,2042,8055,2630,37367,California
Sacramento,2021-01-13,3851,49261,2225,33649,1626,15612,0,0,2429,30321,1421,9476,2430,39797,California
Sacramento,2021-01-14,4759,54020,2438,36087,2321,17933,0,0,3838,33240,919,10395,3838,43635,California
Sacramento,2021-01-15,4470,58490,2266,38353,2204,20137,0,0,3747,36265,723,11118,3748,47383,California
Sacramento,2021-01-16,2227,60717,1286,39639,941,21078,0,0,2006,38051,220,11338,2006,49389,California
Sacramento,2021-01-17,1688,62405,988,40627,700,21778,0,0,1502,39370,186,11524,1505,50894,California
Sacramento,2021-01-18,2826,65231,1726,42353,1100,22878,0,0,2237,41020,588,12112,2238,53132,California
Sacramento,2021-01-19,4993,70224,3031,45384,1962,24840,0,0,3751,43532,1241,13353,3753,56885,California
Sacramento,2021-01-20,4987,75211,3006,48390,1981,26821,0,0,3674,45898,1314,14667,3680,60565,California
Sacramento,2021-01-21,5246,80457,3016,51406,2230,29051,0,0,4274,49208,966,15633,4276,64841,California
Sacramento,2021-01-22,5035,85492,2690,54096,2345,31396,0,0,4733,53641,301,15934,4734,69575,California
Sacramento,2021-01-23,3869,89361,1560,55656,2309,33705,0,0,3404,56580,465,16399,3404,72979,California
Sacramento,2021-01-24,1639,91000,1022,56678,617,34322,0,0,1389,57720,250,16649,1390,74369,California
Sacramento,2021-01-25,4423,95423,2166,58844,2257,36579,0,0,2943,59185,1480,18129,2945,77314,California
Sacramento,2021-01-26,4780,100203,2178,61022,2602,39181,0,0,3562,61536,1213,19342,3564,80878,California
Sacramento,2021-01-27,5861,106064,3043,64065,2818,41999,0,0,4231,64144,1625,20967,4233,85111,California
Sacramento,2021-01-28,5418,111482,2735,66800,2683,44682,0,0,4311,67351,1105,22072,4312,89423,California
Sacramento,2021-01-29,5431,116913,2937,69737,2494,47176,0,0,4400,70728,1023,23095,4400,93823,California
Sacramento,2021-01-30,4886,121799,2202,71939,2684,49860,0,0,4450,74746,432,23527,4450,98273,California
Sacramento,2021-01-31,2418,124217,2117,74056,301,50161,0,0,2063,76458,353,23880,2065,100338,California
Sacramento,2021-02-01,5966,130183,3035,77091,2931,53092,0,0,4276,79052,1682,25562,4276,104614,California
Sacramento,2021-02-02,6964,137147,3721,80812,3243,56335,0,0,4862,81834,2082,27644,4864,109478,California
Sacramento,2021-02-03,7181,144328,3623,84435,3558,59893,0,0,5300,85267,1869,29513,5302,114780,California
Sacramento,2021-02-04,7798,152126,3685,88120,4113,64006,0,0,5538,88553,2252,31765,5538,120318,California
Sacramento,2021-02-05,7899,160025,4504,92624,3395,67401,0,0,4848,90378,3027,34792,4852,125170,California
Sacramento,2021-02-06,8845,168870,3499,96123,5346,72747,0,0,7482,96501,1361,36153,7484,132654,California
Sacramento,2021-02-07,4104,172974,2207,98330,1897,74644,0,0,2891,98186,1208,37361,2893,135547,California
Sacramento,2021-02-08,6270,179244,3255,101585,3015,77659,0,0,3916,99755,2347,39708,3916,139463,California
Sacramento,2021-02-09,6798,186042,3568,105153,3230,80889,0,0,3993,100961,2788,42496,3994,143457,California
Sacramento,2021-02-10,7773,193815,4257,109410,3516,84405,0,0,4536,102281,3219,45715,4539,147996,California
Sacramento,2021-02-11,9641,203456,5743,115153,3898,88303,0,0,5521,103703,4101,49816,5523,153519,California
Sacramento,2021-02-12,10758,214214,4179,119332,6579,94882,0,0,6440,105896,4250,54066,6443,159962,California
Sacramento,2021-02-13,8144,222358,3016,122348,5128,100010,0,0,6378,110518,1757,55823,6379,166341,California
Sacramento,2021-02-14,3254,225612,2002,124350,1252,101262,0,0,2119,111510,1132,56955,2124,168465,California
Sacramento,2021-02-15,6045,231657,2062,126412,3983,105245,0,0,4195,113868,1840,58795,4198,172663,California
Sacramento,2021-02-16,9313,240970,4244,130656,5069,110314,0,0,5350,115270,3953,62748,5355,178018,California
Sacramento,2021-02-17,8924,249894,5025,135681,3899,114213,0,0,5177,116719,3731,66479,5180,183198,California
Sacramento,2021-02-18,9657,259551,5784,141465,3873,118086,0,0,5755,118586,3892,70371,5759,188957,California
Sacramento,2021-02-19,10167,269718,6236,147701,3931,122017,0,0,5980,120414,4159,74530,5987,194944,California
Sacramento,2021-02-20,8072,277790,5850,153551,2222,124239,0,0,4778,121912,3284,77814,4782,199726,California
Sacramento,2021-02-21,3361,281151,2479,156030,882,125121,0,0,1330,121220,2022,79836,1330,201056,California
Sacramento,2021-02-22,6382,287533,3855,159885,2527,127648,0,0,2791,120441,3574,83410,2795,203851,California
Sacramento,2021-02-23,7314,294847,4539,164424,2775,130423,0,0,3564,120277,3732,87142,3568,207419,California
Sacramento,2021-02-24,9879,304726,5432,169856,4447,134870,0,0,5402,121226,4459,91601,5408,212827,California
Sacramento,2021-02-25,11313,316039,6482,176338,4831,139701,0,0,6653,123236,4644,96245,6654,219481,California
Sacramento,2021-02-26,14477,330516,6821,183159,7656,147357,0,0,9924,128646,4520,100765,9930,229411,California
Sacramento,2021-02-27,11211,341727,6886,190045,4322,151679,3,3,8303,134070,2882,103647,8306,237717,California
Sacramento,2021-02-28,6580,348307,2350,192395,4230,155909,0,3,3130,133767,3436,107083,3133,240850,California
Sacramento,2021-03-01,8642,356949,3631,196026,5009,160918,2,5,4704,134561,3915,110998,4709,245559,California
Sacramento,2021-03-02,9356,366305,4052,200078,5303,166221,1,6,5736,136700,3601,114599,5740,251299,California
Sacramento,2021-03-03,11158,377463,5097,205175,6058,172279,3,9,6699,138968,4436,119035,6704,258003,California
Sacramento,2021-03-04,13513,390976,6224,211399,7285,179564,4,13,7514,140528,5965,125000,7525,265528,California
Sacramento,2021-03-05,10686,401662,4939,216338,5717,185281,30,43,7093,144084,3568,128568,7124,272652,California
Sacramento,2021-03-06,8157,409819,3129,219467,4906,190187,122,165,4149,144367,3987,132555,4270,276922,California
Sacramento,2021-03-07,7992,417811,2227,221694,5675,195862,90,255,3773,144019,4209,136764,3861,280783,California
Sacramento,2021-03-08,9144,426955,4273,225967,4645,200507,226,481,5972,147058,3157,139921,6196,286979,California
Sacramento,2021-03-09,9671,436626,4584,230551,4793,205300,294,775,5562,148823,4091,144012,5856,292835,California
Sacramento,2021-03-10,11846,448472,7530,238081,3958,209258,358,1133,6918,151214,4890,148902,7281,300116,California
Sacramento,2021-03-11,15124,463596,10030,248111,4263,213521,831,1964,8964,154889,6116,155018,9791,309907,California
Sacramento,2021-03-12,18100,481696,8352,256463,8879,222400,869,2833,8871,155476,9157,164175,9744,319651,California
Sacramento,2021-03-13,13430,495126,3585,260048,9415,231815,430,3263,8229,158943,5187,169362,8654,328305,California
Sacramento,2021-03-14,8645,503771,3474,263522,4537,236352,634,3897,4442,159846,4171,173533,5074,333379,California
Sacramento,2021-03-15,12267,516038,4881,268403,6723,243075,663,4560,7056,162385,5181,178714,7720,341099,California
Sacramento,2021-03-16,14100,530138,6262,274665,7183,250258,655,5215,8667,166304,5394,184108,9313,350412,California
Sacramento,2021-03-17,13869,544007,6673,281338,6560,256818,636,5851,8824,170748,5019,189127,9463,359875,California
Sacramento,2021-03-18,15837,559844,8339,289677,6894,263712,604,6455,10044,175639,5758,194885,10649,370524,California
Sacramento,2021-03-19,15725,575569,8024,297701,6309,270021,1392,7847,7933,177195,7760,202645,9316,379840,California
Sacramento,2021-03-20,13371,588940,7565,305266,5462,275483,344,8191,8461,181121,4879,207524,8805,388645,California
Sacramento,2021-03-21,5635,594575,2785,308051,2810,278293,40,8231,3375,183803,2245,209769,4927,393572,California
Sacramento,2021-03-22,9478,604053,4880,312931,3745,282038,853,9084,6269,187743,3180,212949,7120,400692,California
Sacramento,2021-03-23,11481,615534,6853,319784,3823,285861,805,9889,7360,191830,4076,217025,8163,408855,California
Sacramento,2021-03-24,11952,627486,7299,327083,4022,289883,631,10520,6764,194123,5104,222129,7397,416252,California
Sacramento,2021-03-25,14252,641738,8378,335461,5033,294916,841,11361,8552,197857,5653,227782,9387,425639,California
Sacramento,2021-03-26,18361,660099,8957,344418,8893,303809,511,11872,9181,198440,9111,236893,9694,435333,California
Sacramento,2021-03-27,10190,670289,3586,348004,6313,310122,291,12163,5557,199688,4597,241490,5845,441178,California
Sacramento,2021-03-28,6630,676919,3233,351237,3148,313270,249,12412,2699,198740,3920,245410,2972,444150,California
Sacramento,2021-03-29,11064,687983,5912,357149,4762,318032,390,12802,4957,198011,6076,251486,5347,449497,California
Sacramento,2021-03-30,11954,699937,6106,363255,5429,323461,419,13221,6040,198581,5887,257373,6457,455954,California
Sacramento,2021-03-31,13525,713462,7878,371133,5233,328694,414,13635,5596,196684,7901,265274,6004,461958,California
Sacramento,2021-04-01,17532,730994,10483,381616,6793,335487,256,13891,7369,194198,10115,275389,7629,469587,California
Sacramento,2021-04-02,17222,748216,9732,391348,6748,342235,742,14633,9046,195842,8143,283532,9787,479374,California
Sacramento,2021-04-03,10475,758691,6238,397586,3687,345922,550,15183,6420,198783,4024,287556,6965,486339,California
Sacramento,2021-04-04,3733,762424,1533,399119,1994,347916,206,15389,1453,198163,2274,289830,1654,487993,California
Sacramento,2021-04-05,12092,774516,7571,406690,3675,351591,846,16235,5390,197728,6664,296494,6229,494222,California
Sacramento,2021-04-06,15716,790232,8888,415578,5482,357073,1346,17581,6943,197272,8739,305233,8283,502505,California
Sacramento,2021-04-07,14946,805178,8055,423633,5271,362344,1620,19201,7190,198361,7709,312942,8798,511303,California
Sacramento,2021-04-08,15154,820332,6809,430442,5343,367687,3002,22203,6036,198295,9084,322026,9018,520321,California
Sacramento,2021-04-09,18393,838725,9390,439832,6769,374456,2234,24437,7474,197116,10875,332901,9696,530017,California
Sacramento,2021-04-10,13405,852130,3852,443684,8329,382785,1224,25661,5819,196577,7556,340457,7017,537034,California
Sacramento,2021-04-11,11182,863312,4373,448057,6582,389367,227,25888,3864,193381,7291,347748,4095,541129,California
Sacramento,2021-04-12,13038,876350,5075,453132,6070,395437,1893,27781,4963,192210,8009,355757,6838,547967,California
Sacramento,2021-04-13,16345,892695,9987,463119,6353,401790,5,27786,7596,191101,8714,364471,7605,555572,California
Sacramento,2021-04-14,15067,907762,8014,471133,7051,408841,2,27788,5932,187934,9103,373574,5936,561508,California
Sacramento,2021-04-15,16475,924237,8464,479597,8008,416849,3,27791,6676,184858,9757,383331,6681,568189,California
Sacramento,2021-04-16,17596,941833,9722,489319,7874,424723,0,27791,7967,183244,9583,392914,7969,576158,California
Sacramento,2021-04-17,15862,957695,6187,495506,9675,434398,0,27791,11599,190609,4239,397153,11604,587762,California
Sacramento,2021-04-18,9068,966763,3267,498773,5801,440199,0,27791,3899,189362,5148,402301,3901,591663,California
Sacramento,2021-04-19,10677,977440,5768,504541,4904,445103,5,27796,4720,188159,5930,408231,4727,596390,California
Sacramento,2021-04-20,11568,989008,7135,511676,4429,449532,4,27800,6080,188787,5460,413691,6088,602478,California
Sacramento,2021-04-21,12321,1001329,7376,519052,4943,454475,2,27802,6620,189739,5671,419362,6623,609101,California
Sacramento,2021-04-22,15260,1016589,10278,529330,4978,459453,4,27806,7000,188523,8222,427584,7006,616107,California
Sacramento,2021-04-23,16303,1032892,10357,539687,5946,465399,0,27806,7554,187371,8708,436292,7556,623663,California
Sacramento,2021-04-24,11615,1044507,7009,546696,4605,470004,1,27807,6203,188201,5375,441667,6205,629868,California
Sacramento,2021-04-25,8455,1052962,4477,551173,3978,473982,0,27807,4174,188109,4267,445934,4175,634043,California
Sacramento,2021-04-26,10843,1063805,6836,558009,3983,477965,24,27831,5158,187637,5654,451588,5182,639225,California
Sacramento,2021-04-27,12277,1076082,8083,566092,4039,482004,155,27986,6033,187618,6209,457797,6190,645415,California
Sacramento,2021-04-28,10792,1086874,6116,572208,4471,486475,205,28191,5963,188992,4798,462595,6172,651587,California
Sacramento,2021-04-29,11189,1098063,7593,579801,3292,489767,304,28495,6142,190433,5008,467603,6449,658036,California
Sacramento,2021-04-30,12751,1110814,8083,587884,4405,494172,263,28758,6031,190059,6669,474272,6295,664331,California
Sacramento,2021-05-01,7618,1118432,5482,593366,1960,496132,176,28934,2780,188212,4801,479073,2954,667285,California
Sacramento,2021-05-02,5013,1123445,4314,597680,548,496680,151,29085,2231,187838,2754,481827,2380,669665,California
Sacramento,2021-05-03,9145,1132590,7308,604988,1555,498235,282,29367,3973,186941,5148,486975,4251,673916,California
Sacramento,2021-05-04,9688,1142278,5951,610939,3427,501662,310,29677,3854,185315,5788,492763,4162,678078,California
Sacramento,2021-05-05,11368,1153646,6236,617175,4670,506332,462,30139,4644,183738,6676,499439,5099,683177,California
Sacramento,2021-05-06,11444,1165090,6397,623572,4739,511071,308,30447,4683,182294,6431,505870,4987,688164,California
Sacramento,2021-05-07,10785,1175875,6296,629868,4118,515189,371,30818,4540,181014,6192,512062,4912,693076,California
Sacramento,2021-05-08,8990,1184865,4004,633872,4756,519945,230,31048,2864,178017,6083,518145,3086,696162,California
Sacramento,2021-05-09,3285,1188150,1790,635662,1382,521327,113,31161,1203,177262,2071,520216,1316,697478,California
Sacramento,2021-05-10,8243,1196393,3876,639538,4096,525423,271,31432,2002,173328,6209,526425,2275,699753,California
Sacramento,2021-05-11,8650,1205043,5466,645004,2925,528348,259,31691,3015,171002,5600,532025,3274,703027,California
Sacramento,2021-05-12,8741,1213784,5288,650292,3196,531544,257,31948,2947,168446,5758,537783,3202,706229,California
Sacramento,2021-05-13,11963,1225747,7702,657994,3985,535529,276,32224,4533,165866,7388,545171,4808,711037,California
Sacramento,2021-05-14,12443,1238190,7086,665080,5068,540597,289,32513,5044,163857,7342,552513,5333,716370,California
Sacramento,2021-05-15,13238,1251428,8023,673103,5069,545666,146,32659,5871,162539,7331,559844,6013,722383,California
Sacramento,2021-05-16,8403,1259831,4215,677318,4075,549741,113,32772,2199,158673,6180,566024,2314,724697,California
Sacramento,2021-05-17,10474,1270305,6391,683709,3792,553533,291,33063,3915,156359,6523,572547,4209,728906,California
Sacramento,2021-05-18,9887,1280192,6211,689920,3465,556998,211,33274,3704,154137,6142,578689,3920,732826,California
Sacramento,2021-05-19,9807,1289999,6250,696170,3294,560292,263,33537,4416,153473,5349,584038,4685,737511,California
Sacramento,2021-05-20,10226,1300225,6745,702915,3221,563513,260,33797,3803,151166,6371,590409,4064,741575,California
Sacramento,2021-05-21,10733,1310958,6813,709728,3597,567110,323,34120,4449,149701,6243,596652,4778,746353,California
Sacramento,2021-05-22,7442,1318400,4602,714330,2667,569777,173,34293,3339,149143,4073,600725,3515,749868,California
Sacramento,2021-05-23,4569,1322969,3018,717348,1448,571225,103,34396,1962,148622,2587,603312,2066,751934,California
Sacramento,2021-05-24,7818,1330787,4721,722069,2767,573992,330,34726,2482,146143,5289,608601,2810,754744,California
Sacramento,2021-05-25,6712,1337499,3879,725948,2541,576533,292,35018,2378,144504,4308,612909,2669,757413,California
Sacramento,2021-05-26,8562,1346061,4726,730674,3501,580034,335,35353,2810,141944,5700,618609,3140,760553,California
Sacramento,2021-05-27,6689,1352750,3643,734317,2806,582840,240,35593,2945,141428,3701,622310,3185,763738,California
Sacramento,2021-05-28,8269,1361019,4583,738900,3312,586152,374,35967,3458,140489,4771,627081,3832,767570,California
Sacramento,2021-05-29,4425,1365444,2690,741590,1576,587728,159,36126,2228,140702,2173,629254,2386,769956,California
Sacramento,2021-05-30,1677,1367121,1058,742648,581,588309,38,36164,748,140567,922,630176,787,770743,California
Sacramento,2021-05-31,882,1368003,441,743089,428,588737,13,36177,312,140323,569,630745,325,771068,California
Sacramento,2021-06-01,6977,1374980,4182,747271,2588,591325,207,36384,2535,138661,4401,635146,2739,773807,California
Sacramento,2021-06-02,6105,1381085,3350,750621,2541,593866,214,36598,2263,137339,3797,638943,2475,776282,California
Sacramento,2021-06-03,7452,1388537,5068,755689,2199,596065,185,36783,2139,134387,5273,644216,2321,778603,California
Sacramento,2021-06-04,7064,1395601,4517,760206,2336,598401,211,36994,2204,131973,4829,649045,2415,781018,California
Sacramento,2021-06-05,6217,1401818,4557,764763,1519,599920,141,37135,1756,129437,4432,653477,1896,782914,California
Sacramento,2021-06-06,2388,1404206,1875,766638,455,600375,58,37193,771,128656,1611,655088,830,783744,California
Sacramento,2021-06-07,5561,1409767,3896,770534,1484,601859,181,37374,1547,126392,3988,659076,1724,785468,California
Sacramento,2021-06-08,5413,1415180,3686,774220,1547,603406,180,37554,1726,124640,3660,662736,1908,787376,California
Sacramento,2021-06-09,6167,1421347,4277,778497,1705,605111,185,37739,1622,121953,4493,667229,1806,789182,California
Sacramento,2021-06-10,5416,1426763,3464,781961,1740,606851,212,37951,1677,120153,3689,670918,1889,791071,California
Sacramento,2021-06-11,7558,1434321,5219,787180,2145,608996,194,38145,2057,116935,5467,676385,2249,793320,California
Sacramento,2021-06-12,4738,1439059,3067,790247,1553,610549,118,38263,1286,114913,3428,679813,1406,794726,California
Sacramento,2021-06-13,1933,1440992,1423,791670,466,611015,44,38307,401,113837,1519,681332,443,795169,California
Sacramento,2021-06-14,4303,1445295,2786,794456,1356,612371,161,38468,1338,112387,2947,684279,1497,796666,California
Sacramento,2021-06-15,4928,1450223,2965,797421,1738,614109,225,38693,1723,111145,3189,687468,1947,798613,California
Sacramento,2021-06-16,4483,1454706,3015,800436,1248,615357,220,38913,1559,110018,2898,690366,1771,800384,California
Sacramento,2021-06-17,4074,1458780,2647,803083,1261,616618,166,39079,1401,108940,2640,693006,1562,801946,California
Sacramento,2021-06-18,5129,1463909,3351,806434,1537,618155,241,39320,1741,107557,3364,696370,1981,803927,California
Sacramento,2021-06-19,3323,1467232,2257,808691,922,619077,144,39464,1189,106772,2117,698487,1332,805259,California
Sacramento,2021-06-20,1233,1468465,915,809606,291,619368,27,39491,565,106706,658,699145,592,805851,California
Sacramento,2021-06-21,2521,1470986,1333,810939,1028,620396,160,39651,1237,106831,1270,700415,1395,807246,California
Sacramento,2021-06-22,3907,1474893,2697,813636,1018,621414,192,39843,1538,106212,2344,702759,1725,808971,California
Sacramento,2021-06-23,4078,1478971,2813,816449,1056,622470,209,40052,1520,105400,2537,705296,1725,810696,California
Sacramento,2021-06-24,3474,1482445,2249,818698,1031,623501,194,40246,1383,104906,2070,707366,1576,812272,California
Sacramento,2021-06-25,4175,1486620,2830,821528,1137,624638,208,40454,1691,104337,2465,709831,1896,814168,California
Sacramento,2021-06-26,2842,1489462,2033,823561,688,625326,121,40575,1189,104012,1634,711465,1309,815477,California
Sacramento,2021-06-27,1230,1490692,904,824465,295,625621,31,40606,450,103717,776,712241,481,815958,California
Sacramento,2021-06-28,2595,1493287,1926,826391,527,626148,142,40748,1132,103545,1445,713686,1273,817231,California
Sacramento,2021-06-29,2332,1495619,1625,828016,590,626738,117,40865,890,103134,1422,715108,1011,818242,California
San Benito,2020-12-16,29,29,29,29,0,0,0,0,29,29,0,0,29,29,California
San Benito,2020-12-17,48,77,48,77,0,0,0,0,48,77,0,0,48,77,California
San Benito,2020-12-18,73,150,73,150,0,0,0,0,73,150,0,0,73,150,California
San Benito,2020-12-19,48,198,48,198,0,0,0,0,48,198,0,0,48,198,California
San Benito,2020-12-20,24,222,24,222,0,0,0,0,24,222,0,0,24,222,California
San Benito,2020-12-21,77,299,77,299,0,0,0,0,77,299,0,0,77,299,California
San Benito,2020-12-22,101,400,101,400,0,0,0,0,101,400,0,0,101,400,California
San Benito,2020-12-23,86,486,74,474,12,12,0,0,86,486,0,0,86,486,California
San Benito,2020-12-24,13,499,5,479,8,20,0,0,13,499,0,0,13,499,California
San Benito,2020-12-25,4,503,4,483,0,20,0,0,4,503,0,0,4,503,California
San Benito,2020-12-26,13,516,4,487,9,29,0,0,13,516,0,0,13,516,California
San Benito,2020-12-27,8,524,7,494,1,30,0,0,8,524,0,0,8,524,California
San Benito,2020-12-28,67,591,36,530,31,61,0,0,67,591,0,0,67,591,California
San Benito,2020-12-29,49,640,21,551,28,89,0,0,49,640,0,0,49,640,California
San Benito,2020-12-30,60,700,38,589,22,111,0,0,60,700,0,0,60,700,California
San Benito,2020-12-31,19,719,2,591,17,128,0,0,19,719,0,0,19,719,California
San Benito,2021-01-02,24,743,23,614,1,129,0,0,24,743,0,0,24,743,California
San Benito,2021-01-03,4,747,2,616,2,131,0,0,3,746,0,0,3,746,California
San Benito,2021-01-04,61,808,23,639,38,169,0,0,61,807,0,0,61,807,California
San Benito,2021-01-05,117,925,37,676,80,249,0,0,114,918,3,3,114,921,California
San Benito,2021-01-06,102,1027,43,719,59,308,0,0,87,990,15,18,87,1008,California
San Benito,2021-01-07,106,1133,68,787,38,346,0,0,54,992,52,70,54,1062,California
San Benito,2021-01-08,182,1315,90,877,92,438,0,0,117,1044,65,135,117,1179,California
San Benito,2021-01-09,44,1359,31,908,13,451,0,0,30,1060,14,149,30,1209,California
San Benito,2021-01-10,17,1376,15,923,2,453,0,0,5,1053,12,161,5,1214,California
San Benito,2021-01-11,173,1549,108,1031,65,518,0,0,72,1024,101,262,72,1286,California
San Benito,2021-01-12,161,1710,57,1088,104,622,0,0,121,1105,40,302,121,1407,California
San Benito,2021-01-13,240,1950,69,1157,171,793,0,0,189,1243,51,353,189,1596,California
San Benito,2021-01-14,131,2081,24,1181,107,900,0,0,112,1336,19,372,112,1708,California
San Benito,2021-01-15,217,2298,21,1202,196,1096,0,0,203,1525,14,386,203,1911,California
San Benito,2021-01-16,26,2324,9,1211,17,1113,0,0,20,1539,6,392,20,1931,California
San Benito,2021-01-17,12,2336,5,1216,7,1120,0,0,9,1545,3,395,9,1940,California
San Benito,2021-01-18,37,2373,23,1239,14,1134,0,0,22,1552,15,410,22,1962,California
San Benito,2021-01-19,186,2559,80,1319,106,1240,0,0,148,1662,38,448,148,2110,California
San Benito,2021-01-20,338,2897,103,1422,235,1475,0,0,291,1907,46,494,291,2401,California
San Benito,2021-01-21,146,3043,33,1455,113,1588,0,0,120,2001,26,520,120,2521,California
San Benito,2021-01-22,237,3280,19,1474,218,1806,0,0,227,2218,10,530,227,2748,California
San Benito,2021-01-23,31,3311,17,1491,14,1820,0,0,13,2213,18,548,13,2761,California
San Benito,2021-01-24,29,3340,3,1494,26,1846,0,0,25,2234,4,552,25,2786,California
San Benito,2021-01-25,72,3412,24,1518,48,1894,0,0,24,2210,48,600,24,2810,California
San Benito,2021-01-26,138,3550,41,1559,97,1991,0,0,86,2244,52,652,86,2896,California
San Benito,2021-01-27,231,3781,70,1629,161,2152,0,0,191,2395,40,692,191,3087,California
San Benito,2021-01-28,153,3934,32,1661,121,2273,0,0,121,2485,31,723,121,3208,California
San Benito,2021-01-29,295,4229,35,1696,260,2533,0,0,270,2731,24,747,270,3478,California
San Benito,2021-01-30,52,4281,33,1729,19,2552,0,0,29,2737,23,770,29,3507,California
San Benito,2021-01-31,16,4297,5,1734,11,2563,0,0,11,2743,5,775,11,3518,California
San Benito,2021-02-01,137,4434,29,1763,108,2671,0,0,93,2792,44,819,93,3611,California
San Benito,2021-02-02,230,4664,49,1812,181,2852,0,0,139,2840,91,910,139,3750,California
San Benito,2021-02-03,340,5004,43,1855,297,3149,0,0,273,3046,67,977,273,4023,California
San Benito,2021-02-04,166,5170,24,1879,142,3291,0,0,120,3120,46,1023,120,4143,California
San Benito,2021-02-05,292,5462,41,1920,251,3542,0,0,229,3286,63,1086,229,4372,California
San Benito,2021-02-06,50,5512,9,1929,41,3583,0,0,33,3302,17,1103,33,4405,California
San Benito,2021-02-07,17,5529,8,1937,9,3592,0,0,15,3315,2,1105,15,4420,California
San Benito,2021-02-08,141,5670,18,1955,123,3715,0,0,95,3364,46,1151,95,4515,California
San Benito,2021-02-09,326,5996,64,2019,262,3977,0,0,194,3426,132,1283,194,4709,California
San Benito,2021-02-10,323,6319,90,2109,233,4210,0,0,106,3316,216,1499,106,4815,California
San Benito,2021-02-11,299,6618,33,2142,266,4476,0,0,201,3419,98,1597,201,5016,California
San Benito,2021-02-12,414,7032,32,2174,382,4858,0,0,208,3422,205,1802,208,5224,California
San Benito,2021-02-13,56,7088,7,2181,49,4907,0,0,44,3454,12,1814,44,5268,California
San Benito,2021-02-14,40,7128,5,2186,35,4942,0,0,30,3474,10,1824,30,5298,California
San Benito,2021-02-15,105,7233,9,2195,96,5038,0,0,94,3557,11,1835,94,5392,California
San Benito,2021-02-16,207,7440,12,2207,195,5233,0,0,101,3553,106,1941,102,5494,California
San Benito,2021-02-17,327,7767,29,2236,298,5531,0,0,278,3782,49,1990,278,5772,California
San Benito,2021-02-18,295,8062,38,2274,257,5788,0,0,73,3633,222,2212,73,5845,California
San Benito,2021-02-19,345,8407,47,2321,298,6086,0,0,179,3647,165,2377,179,6024,California
San Benito,2021-02-20,48,8455,27,2348,21,6107,0,0,37,3673,11,2388,37,6061,California
San Benito,2021-02-21,25,8480,9,2357,16,6123,0,0,15,3678,10,2398,15,6076,California
San Benito,2021-02-22,137,8617,39,2396,98,6221,0,0,101,3744,35,2433,101,6177,California
San Benito,2021-02-23,379,8996,94,2490,285,6506,0,0,262,3889,117,2550,262,6439,California
San Benito,2021-02-24,381,9377,68,2558,313,6819,0,0,243,3994,138,2688,243,6682,California
San Benito,2021-02-25,393,9770,64,2622,329,7148,0,0,271,4141,124,2812,271,6953,California
San Benito,2021-02-26,655,10425,77,2699,578,7726,0,0,404,4294,251,3063,404,7357,California
San Benito,2021-02-27,105,10530,41,2740,64,7790,0,0,86,4361,19,3082,86,7443,California
San Benito,2021-02-28,254,10784,30,2770,224,8014,0,0,243,4593,11,3093,243,7686,California
San Benito,2021-03-01,233,11017,61,2831,172,8186,0,0,162,4683,72,3165,162,7848,California
San Benito,2021-03-02,286,11303,96,2927,190,8376,0,0,213,4823,73,3238,213,8061,California
San Benito,2021-03-03,406,11709,66,2993,340,8716,0,0,227,4873,177,3415,227,8288,California
San Benito,2021-03-04,616,12325,126,3119,475,9191,15,15,430,5120,186,3601,433,8721,California
San Benito,2021-03-05,582,12907,307,3426,263,9454,12,27,374,5300,206,3807,386,9107,California
San Benito,2021-03-06,193,13100,69,3495,110,9564,14,41,140,5401,53,3860,154,9261,California
San Benito,2021-03-07,648,13748,603,4098,22,9586,23,64,615,6006,33,3893,638,9899,California
San Benito,2021-03-08,290,14038,66,4164,177,9763,47,111,167,6097,123,4016,214,10113,California
San Benito,2021-03-09,424,14462,83,4247,242,10005,99,210,138,6022,285,4301,210,10323,California
San Benito,2021-03-10,404,14866,115,4362,194,10199,95,305,233,6179,171,4472,328,10651,California
San Benito,2021-03-11,475,15341,124,4486,198,10397,153,458,211,6279,264,4736,364,11015,California
San Benito,2021-03-12,523,15864,124,4610,302,10699,97,555,233,6322,288,5024,331,11346,California
San Benito,2021-03-13,200,16064,99,4709,83,10782,18,573,126,6395,71,5095,144,11490,California
San Benito,2021-03-14,233,16297,40,4749,173,10955,20,593,180,6543,52,5147,200,11690,California
San Benito,2021-03-15,324,16621,100,4849,205,11160,19,612,191,6620,133,5280,210,11900,California
San Benito,2021-03-16,499,17120,218,5067,250,11410,31,643,351,6853,148,5428,381,12281,California
San Benito,2021-03-17,791,17911,479,5546,290,11700,22,665,561,7202,226,5654,575,12856,California
San Benito,2021-03-18,790,18701,528,6074,206,11906,56,721,574,7609,214,5868,621,13477,California
San Benito,2021-03-19,777,19478,403,6477,350,12256,24,745,575,8006,201,6069,598,14075,California
San Benito,2021-03-20,246,19724,149,6626,84,12340,13,758,186,8145,60,6129,199,14274,California
San Benito,2021-03-21,108,19832,56,6682,47,12387,5,763,80,8202,28,6157,85,14359,California
San Benito,2021-03-22,354,20186,173,6855,156,12543,25,788,223,8319,131,6288,248,14607,California
San Benito,2021-03-23,476,20662,198,7053,268,12811,10,798,210,8272,266,6554,219,14826,California
San Benito,2021-03-24,575,21237,304,7357,264,13075,7,805,352,8409,222,6776,359,15185,California
San Benito,2021-03-25,742,21979,442,7799,296,13371,4,809,440,8555,298,7074,444,15629,California
San Benito,2021-03-26,1021,23000,521,8320,495,13866,5,814,337,8214,683,7757,342,15971,California
San Benito,2021-03-27,338,23338,189,8509,117,13983,32,846,219,8347,118,7875,251,16222,California
San Benito,2021-03-28,735,24073,609,9118,121,14104,5,851,130,7877,605,8480,135,16357,California
San Benito,2021-03-29,345,24418,108,9226,217,14321,20,871,143,7838,201,8681,162,16519,California
San Benito,2021-03-30,578,24996,274,9500,211,14532,93,964,294,7941,284,8965,387,16906,California
San Benito,2021-03-31,595,25591,366,9866,205,14737,24,988,340,8053,252,9217,364,17270,California
San Benito,2021-04-01,952,26543,383,10249,530,15267,39,1027,562,8259,389,9606,595,17865,California
San Benito,2021-04-02,541,27084,262,10511,143,15410,136,1163,264,8383,276,9882,400,18265,California
San Benito,2021-04-03,254,27338,87,10598,103,15513,64,1227,75,8343,178,10060,138,18403,California
San Benito,2021-04-04,143,27481,108,10706,30,15543,5,1232,106,8417,37,10097,111,18514,California
San Benito,2021-04-05,354,27835,169,10875,141,15684,44,1276,143,8392,211,10308,186,18700,California
San Benito,2021-04-06,466,28301,162,11037,127,15811,177,1453,161,8424,305,10613,337,19037,California
San Benito,2021-04-07,943,29244,525,11562,227,16038,191,1644,264,8202,677,11290,455,19492,California
San Benito,2021-04-08,872,30116,439,12001,179,16217,254,1898,233,8051,638,11928,487,19979,California
San Benito,2021-04-09,853,30969,505,12506,256,16473,92,1990,297,7885,555,12483,389,20368,California
San Benito,2021-04-10,341,31310,206,12712,77,16550,58,2048,192,7986,149,12632,250,20618,California
San Benito,2021-04-11,480,31790,273,12985,172,16722,35,2083,270,8059,210,12842,283,20901,California
San Benito,2021-04-12,531,32321,286,13271,133,16855,112,2195,279,8195,251,13093,387,21288,California
San Benito,2021-04-13,759,33080,294,13565,442,17297,23,2218,526,8513,232,13325,550,21838,California
San Benito,2021-04-14,832,33912,655,14220,177,17474,0,2218,395,8477,431,13756,395,22233,California
San Benito,2021-04-15,945,34857,735,14955,209,17683,1,2219,474,8483,470,14226,476,22709,California
San Benito,2021-04-16,711,35568,371,15326,331,18014,9,2228,301,8387,407,14633,311,23020,California
San Benito,2021-04-17,322,35890,226,15552,96,18110,0,2228,129,8321,195,14828,129,23149,California
San Benito,2021-04-18,506,36396,425,15977,81,18191,0,2228,247,8311,259,15087,249,23398,California
San Benito,2021-04-19,746,37142,596,16573,150,18341,0,2228,421,8410,323,15410,422,23820,California
San Benito,2021-04-20,786,37928,415,16988,369,18710,2,2230,494,8618,287,15697,495,24315,California
San Benito,2021-04-21,972,38900,720,17708,252,18962,0,2230,523,8707,434,16131,523,24838,California
San Benito,2021-04-22,900,39800,695,18403,205,19167,0,2230,564,8943,328,16459,564,25402,California
San Benito,2021-04-23,643,40443,407,18810,235,19402,1,2231,342,9033,252,16711,342,25744,California
San Benito,2021-04-24,362,40805,202,19012,160,19562,0,2231,166,9043,156,16867,166,25910,California
San Benito,2021-04-25,205,41010,128,19140,77,19639,0,2231,95,9046,92,16959,95,26005,California
San Benito,2021-04-26,495,41505,393,19533,102,19741,0,2231,259,9130,175,17134,259,26264,California
San Benito,2021-04-27,560,42065,286,19819,267,20008,7,2238,408,9403,142,17276,415,26679,California
San Benito,2021-04-28,555,42620,393,20212,154,20162,8,2246,391,9642,159,17435,398,27077,California
San Benito,2021-04-29,633,43253,234,20446,389,20551,10,2256,255,9546,378,17813,282,27359,California
San Benito,2021-04-30,381,43634,214,20660,160,20711,7,2263,205,9584,174,17987,212,27571,California
San Benito,2021-05-01,195,43829,142,20802,44,20755,9,2272,65,9529,129,18116,74,27645,California
San Benito,2021-05-02,189,44018,160,20962,25,20780,4,2276,57,9458,132,18248,61,27706,California
San Benito,2021-05-03,359,44377,282,21244,67,20847,10,2286,87,9285,272,18520,99,27805,California
San Benito,2021-05-04,412,44789,254,21498,150,20997,8,2294,149,9180,261,18781,156,27961,California
San Benito,2021-05-05,611,45400,432,21930,164,21161,15,2309,217,9021,391,19172,232,28193,California
San Benito,2021-05-06,625,46025,498,22428,112,21273,15,2324,224,8863,397,19569,239,28432,California
San Benito,2021-05-07,455,46480,290,22718,155,21428,10,2334,175,8771,278,19847,186,28618,California
San Benito,2021-05-08,280,46760,228,22946,47,21475,5,2339,156,8808,124,19971,161,28779,California
San Benito,2021-05-09,108,46868,83,23029,22,21497,3,2342,48,8799,60,20031,51,28830,California
San Benito,2021-05-10,412,47280,323,23352,65,21562,24,2366,53,8518,359,20390,78,28908,California
San Benito,2021-05-11,835,48115,423,23775,396,21958,16,2382,192,8086,641,21031,209,29117,California
San Benito,2021-05-12,515,48630,411,24186,91,22049,13,2395,123,7832,391,21422,137,29254,California
San Benito,2021-05-13,733,49363,627,24813,89,22138,17,2412,209,7536,521,21943,225,29479,California
San Benito,2021-05-14,602,49965,445,25258,150,22288,7,2419,231,7405,369,22312,238,29717,California
San Benito,2021-05-15,228,50193,172,25430,50,22338,6,2425,127,7437,101,22413,133,29850,California
San Benito,2021-05-16,173,50366,145,25575,26,22364,2,2427,96,7458,77,22490,98,29948,California
San Benito,2021-05-17,382,50748,310,25885,63,22427,9,2436,172,7432,207,22697,181,30129,California
San Benito,2021-05-18,673,51421,353,26238,315,22742,5,2441,210,7185,463,23160,216,30345,California
San Benito,2021-05-19,572,51993,421,26659,143,22885,8,2449,231,7083,341,23501,239,30584,California
San Benito,2021-05-20,591,52584,468,27127,112,22997,11,2460,315,7134,275,23776,326,30910,California
San Benito,2021-05-21,463,53047,272,27399,175,23172,16,2476,212,7113,249,24025,228,31138,California
San Benito,2021-05-22,293,53340,221,27620,67,23239,5,2481,179,7186,112,24137,185,31323,California
San Benito,2021-05-23,99,53439,61,27681,34,23273,4,2485,36,7162,63,24200,39,31362,California
San Benito,2021-05-24,307,53746,259,27940,41,23314,7,2492,193,7248,114,24314,200,31562,California
San Benito,2021-05-25,523,54269,238,28178,278,23592,7,2499,166,7066,355,24669,173,31735,California
San Benito,2021-05-26,313,54582,196,28374,110,23702,7,2506,125,7010,187,24856,131,31866,California
San Benito,2021-05-27,409,54991,313,28687,73,23775,23,2529,152,6931,257,25113,178,32044,California
San Benito,2021-05-28,283,55274,176,28863,100,23875,7,2536,108,6872,174,25287,115,32159,California
San Benito,2021-05-29,146,55420,124,28987,20,23895,2,2538,61,6850,85,25372,63,32222,California
San Benito,2021-05-30,269,55689,253,29240,16,23911,0,2538,90,6762,178,25550,90,32312,California
San Benito,2021-05-31,100,55789,87,29327,11,23922,2,2540,43,6751,56,25606,45,32357,California
San Benito,2021-06-01,267,56056,120,29447,121,24043,26,2566,85,6680,181,25787,110,32467,California
San Benito,2021-06-02,321,56377,243,29690,76,24119,2,2568,109,6581,211,25998,112,32579,California
San Benito,2021-06-03,335,56712,285,29975,43,24162,7,2575,97,6449,236,26234,104,32683,California
San Benito,2021-06-04,273,56985,205,30180,68,24230,0,2575,86,6349,186,26420,86,32769,California
San Benito,2021-06-05,95,57080,76,30256,18,24248,1,2576,21,6298,73,26493,22,32791,California
San Benito,2021-06-06,59,57139,49,30305,7,24255,3,2579,13,6268,46,26539,16,32807,California
San Benito,2021-06-07,337,57476,297,30602,35,24290,5,2584,85,6108,250,26789,90,32897,California
San Benito,2021-06-08,307,57783,215,30817,77,24367,15,2599,94,6005,212,27001,109,33006,California
San Benito,2021-06-09,239,58022,188,31005,43,24410,8,2607,68,5910,171,27172,76,33082,California
San Benito,2021-06-10,358,58380,330,31335,21,24431,7,2614,73,5708,282,27454,80,33162,California
San Benito,2021-06-11,271,58651,230,31565,21,24452,20,2634,95,5648,175,27629,115,33277,California
San Benito,2021-06-12,160,58811,146,31711,10,24462,4,2638,52,5611,93,27722,56,33333,California
San Benito,2021-06-13,53,58864,41,31752,10,24472,2,2640,16,5599,30,27752,18,33351,California
San Benito,2021-06-14,179,59043,151,31903,24,24496,4,2644,61,5546,117,27869,64,33415,California
San Benito,2021-06-15,218,59261,125,32028,87,24583,6,2650,77,5491,139,28008,84,33499,California
San Benito,2021-06-16,213,59474,171,32199,29,24612,13,2663,73,5438,139,28147,86,33585,California
San Benito,2021-06-17,252,59726,208,32407,17,24629,27,2690,78,5370,174,28321,106,33691,California
San Benito,2021-06-18,159,59885,102,32509,50,24679,7,2697,64,5346,95,28416,71,33762,California
San Benito,2021-06-19,115,60000,109,32618,6,24685,0,2697,48,5327,67,28483,48,33810,California
San Benito,2021-06-20,38,60038,36,32654,2,24687,0,2697,18,5325,20,28503,18,33828,California
San Benito,2021-06-21,111,60149,81,32735,15,24702,15,2712,58,5345,52,28555,72,33900,California
San Benito,2021-06-22,194,60343,124,32859,58,24760,12,2724,74,5311,119,28674,85,33985,California
San Benito,2021-06-23,151,60494,113,32972,27,24787,11,2735,62,5295,89,28763,73,34058,California
San Benito,2021-06-24,189,60683,161,33133,15,24802,13,2748,81,5282,107,28870,94,34152,California
San Benito,2021-06-25,151,60834,121,33254,28,24830,2,2750,65,5264,86,28956,68,34220,California
San Benito,2021-06-26,76,60910,61,33315,14,24844,1,2751,33,5256,42,28998,34,34254,California
San Benito,2021-06-27,59,60969,52,33367,2,24846,5,2756,25,5252,34,29032,30,34284,California
San Benito,2021-06-28,123,61092,100,33467,19,24865,4,2760,51,5235,72,29104,55,34339,California
San Benito,2021-06-29,91,61183,39,33506,40,24905,12,2772,31,5218,60,29164,43,34382,California
San Bernardino,2020-12-15,13,13,13,13,0,0,0,0,13,13,0,0,13,13,California
San Bernardino,2020-12-16,114,127,114,127,0,0,0,0,114,127,0,0,114,127,California
San Bernardino,2020-12-17,2376,2503,2376,2503,0,0,0,0,2375,2501,1,1,2375,2502,California
San Bernardino,2020-12-18,3173,5676,3170,5673,3,3,0,0,3173,5673,1,2,3173,5675,California
San Bernardino,2020-12-19,1076,6752,1075,6748,1,4,0,0,1077,6750,0,2,1077,6752,California
San Bernardino,2020-12-20,1182,7934,1178,7926,4,8,0,0,1182,7932,0,2,1182,7934,California
San Bernardino,2020-12-21,2461,10395,2455,10381,6,14,0,0,2461,10393,0,2,2461,10395,California
San Bernardino,2020-12-22,2282,12677,2153,12534,129,143,0,0,2283,12676,0,2,2283,12678,California
San Bernardino,2020-12-23,2676,15353,1467,14001,1209,1352,0,0,2674,15350,0,2,2674,15352,California
San Bernardino,2020-12-24,1161,16514,582,14583,579,1931,0,0,1162,16511,1,3,1162,16514,California
San Bernardino,2020-12-25,76,16590,15,14598,61,1992,0,0,76,16587,0,3,76,16590,California
San Bernardino,2020-12-26,466,17056,255,14853,211,2203,0,0,466,17053,0,3,466,17056,California
San Bernardino,2020-12-27,351,17407,164,15017,187,2390,0,0,350,17402,1,4,350,17406,California
San Bernardino,2020-12-28,1588,18995,717,15734,871,3261,0,0,1589,18991,0,4,1589,18995,California
San Bernardino,2020-12-29,2230,21225,1048,16782,1182,4443,0,0,2230,21221,0,4,2230,21225,California
San Bernardino,2020-12-30,2915,24140,1461,18243,1454,5897,0,0,2915,24136,0,4,2915,24140,California
San Bernardino,2020-12-31,1380,25520,441,18684,939,6836,0,0,1378,25514,0,4,1378,25518,California
San Bernardino,2021-01-01,288,25808,152,18836,136,6972,0,0,287,25801,0,4,287,25805,California
San Bernardino,2021-01-02,485,26293,345,19181,140,7112,0,0,485,26286,0,4,485,26290,California
San Bernardino,2021-01-03,142,26435,88,19269,54,7166,0,0,142,26428,0,4,142,26432,California
San Bernardino,2021-01-04,2144,28579,1293,20562,851,8017,0,0,2143,28571,0,4,2143,28575,California
San Bernardino,2021-01-05,2345,30924,1462,22024,883,8900,0,0,2233,30694,110,114,2233,30808,California
San Bernardino,2021-01-06,3464,34388,2362,24386,1102,10002,0,0,2964,33166,493,607,2965,33773,California
San Bernardino,2021-01-07,5453,39841,4519,28905,934,10936,0,0,2489,32710,2945,3552,2489,36262,California
San Bernardino,2021-01-08,5394,45235,4467,33372,927,11863,0,0,2293,31907,3097,6649,2294,38556,California
San Bernardino,2021-01-09,1411,46646,1105,34477,306,12169,0,0,909,32314,502,7151,909,39465,California
San Bernardino,2021-01-10,1028,47674,599,35076,429,12598,0,0,578,32442,450,7601,578,40043,California
San Bernardino,2021-01-11,4994,52668,4081,39157,913,13511,0,0,2777,33007,2212,9813,2777,42820,California
San Bernardino,2021-01-12,4255,56923,3231,42388,1024,14535,0,0,2528,33810,1725,11538,2528,45348,California
San Bernardino,2021-01-13,4606,61529,2868,45256,1738,16273,0,0,3380,35977,1214,12752,3381,48729,California
San Bernardino,2021-01-14,4876,66405,2884,48140,1992,18265,0,0,4289,39683,583,13335,4289,53018,California
San Bernardino,2021-01-15,6003,72408,2963,51103,3040,21305,0,0,5601,44895,392,13727,5604,58622,California
San Bernardino,2021-01-16,2276,74684,1293,52396,983,22288,0,0,2132,46883,144,13871,2132,60754,California
San Bernardino,2021-01-17,1191,75875,508,52904,683,22971,0,0,1108,47910,82,13953,1109,61863,California
San Bernardino,2021-01-18,4288,80163,2649,55553,1639,24610,0,0,3659,50943,628,14581,3661,65524,California
San Bernardino,2021-01-19,6359,86522,3716,59269,2643,27253,0,0,5263,55114,1094,15675,5265,70789,California
San Bernardino,2021-01-20,6910,93432,3791,63060,3119,30372,0,0,4940,58096,1960,17635,4942,75731,California
San Bernardino,2021-01-21,6036,99468,3100,66160,2936,33308,0,0,4904,61881,1122,18757,4907,80638,California
San Bernardino,2021-01-22,6603,106071,3089,69249,3514,36822,0,0,5872,67025,729,19486,5873,86511,California
San Bernardino,2021-01-23,3141,109212,1901,71150,1240,38062,0,0,2731,69348,408,19894,2731,89242,California
San Bernardino,2021-01-24,1209,110421,462,71612,747,38809,0,0,1105,70349,104,19998,1105,90347,California
San Bernardino,2021-01-25,6923,117344,3417,75029,3506,42315,0,0,5062,73557,1857,21855,5065,95412,California
San Bernardino,2021-01-26,7111,124455,3545,78574,3566,45881,0,0,5005,76459,2105,23960,5007,100419,California
San Bernardino,2021-01-27,8562,133017,4146,82720,4416,50297,0,0,5728,79362,2825,26785,5728,106147,California
San Bernardino,2021-01-28,8648,141665,4086,86806,4562,54859,0,0,6305,83330,2337,29122,6305,112452,California
San Bernardino,2021-01-29,8228,149893,3753,90559,4475,59334,0,0,6234,87587,1978,31100,6235,118687,California
San Bernardino,2021-01-30,3093,152986,1876,92435,1217,60551,0,0,2800,90096,292,31392,2801,121488,California
San Bernardino,2021-01-31,924,153910,478,92913,446,60997,0,0,860,90895,61,31453,860,122348,California
San Bernardino,2021-02-01,7637,161547,4263,97176,3374,64371,0,0,4957,93177,2676,34129,4958,127306,California
San Bernardino,2021-02-02,10558,172105,3684,100860,6874,71245,0,0,8449,99523,2105,36234,8451,135757,California
San Bernardino,2021-02-03,9098,181203,4170,105030,4928,76173,0,0,6568,103570,2522,38756,6569,142326,California
San Bernardino,2021-02-04,10607,191810,5217,110247,5390,81563,0,0,7477,107929,3119,41875,7478,149804,California
San Bernardino,2021-02-05,11143,202953,5973,116220,5170,86733,0,0,7551,111901,3580,45455,7552,157356,California
San Bernardino,2021-02-06,5293,208246,2224,118444,3069,89802,0,0,3647,113935,1616,47071,3650,161006,California
San Bernardino,2021-02-07,851,209097,493,118937,358,90160,0,0,475,114038,373,47444,476,161482,California
San Bernardino,2021-02-08,7318,216415,3895,122832,3423,93583,0,0,5630,117981,1687,49131,5630,167112,California
San Bernardino,2021-02-09,10166,226581,5906,128738,4260,97843,0,0,6845,121510,3320,52451,6849,173961,California
San Bernardino,2021-02-10,12183,238764,6491,135229,5692,103535,0,0,8016,125372,4155,56606,8017,181978,California
San Bernardino,2021-02-11,12542,251306,7181,142410,5361,108896,0,0,7969,128799,4546,61152,7973,189951,California
San Bernardino,2021-02-12,10601,261907,6000,148410,4601,113497,0,0,5776,129777,4801,65953,5779,195730,California
San Bernardino,2021-02-13,6125,268032,4078,152488,2047,115544,0,0,3837,131351,2268,68221,3842,199572,California
San Bernardino,2021-02-14,1574,269606,664,153152,910,116454,0,0,882,131549,685,68906,883,200455,California
San Bernardino,2021-02-15,5522,275128,3019,156171,2503,118957,0,0,3080,132201,2428,71334,3080,203535,California
San Bernardino,2021-02-16,12737,287865,7436,163607,5301,124258,0,0,8007,135499,4713,76047,8011,211546,California
San Bernardino,2021-02-17,11922,299787,6531,170138,5391,129649,0,0,7184,137972,4716,80763,7189,218735,California
San Bernardino,2021-02-18,12588,312375,7650,177788,4938,134587,0,0,7754,140918,4810,85573,7756,226491,California
San Bernardino,2021-02-19,11781,324156,6043,183831,5738,140325,0,0,6939,143052,4807,90380,6941,233432,California
San Bernardino,2021-02-20,4590,328746,3523,187354,1067,141392,0,0,2055,142598,2515,92895,2061,235493,California
San Bernardino,2021-02-21,1160,329906,693,188047,467,141859,0,0,405,142252,753,93648,407,235900,California
San Bernardino,2021-02-22,8806,338712,5432,193479,3374,145233,0,0,4100,141665,4689,98337,4102,240002,California
San Bernardino,2021-02-23,9609,348321,5840,199319,3769,149002,0,0,4865,141818,4718,103055,4871,244873,California
San Bernardino,2021-02-24,12539,360860,7209,206528,5330,154332,0,0,6192,141689,6327,109382,6198,251071,California
San Bernardino,2021-02-25,13162,374022,6305,212833,6857,161189,0,0,7660,143868,5485,114867,7664,258735,California
San Bernardino,2021-02-26,13733,387755,6392,219225,7341,168530,0,0,7650,145507,6019,120886,7658,266393,California
San Bernardino,2021-02-27,6707,394462,3751,222976,2955,171485,1,1,4821,148460,1873,122759,4826,271219,California
San Bernardino,2021-02-28,1787,396249,748,223724,1039,172524,0,1,1146,148976,632,123391,1148,272367,California
San Bernardino,2021-03-01,8507,404756,4386,228110,4116,176640,5,6,3865,148243,4614,128005,3881,276248,California
San Bernardino,2021-03-02,13933,418689,5580,233690,8353,184993,0,6,6548,147450,7351,135356,6558,282806,California
San Bernardino,2021-03-03,13154,431843,6697,240387,6453,191446,4,10,6203,146739,6927,142283,6216,289022,California
San Bernardino,2021-03-04,13999,445842,6942,247329,7056,198502,1,11,6072,144915,7905,150188,6081,295103,California
San Bernardino,2021-03-05,14498,460340,7573,254902,6923,205425,2,13,7063,144601,7400,157588,7086,302189,California
San Bernardino,2021-03-06,9758,470098,5479,260381,4055,209480,224,237,4554,144192,5185,162773,4776,306965,California
San Bernardino,2021-03-07,1690,471788,1022,261403,596,210076,72,309,1064,144707,624,163397,1139,308104,California
San Bernardino,2021-03-08,8141,479929,3602,265005,4368,214444,171,480,3613,143978,4518,167915,3789,311893,California
San Bernardino,2021-03-09,13132,493061,7503,272508,5378,219822,251,731,5292,141698,7826,175741,5546,317439,California
San Bernardino,2021-03-10,14243,507304,7871,280379,5817,225639,555,1286,6366,140772,7850,183591,6924,324363,California
San Bernardino,2021-03-11,15687,522991,7266,287645,6815,232454,1606,2892,7389,141488,8276,191867,8992,333355,California
San Bernardino,2021-03-12,15632,538623,6964,294609,6617,239071,2051,4943,7356,142706,8235,200102,9453,342808,California
San Bernardino,2021-03-13,8412,547035,4581,299190,3314,242385,517,5460,4972,144777,3420,203522,5491,348299,California
San Bernardino,2021-03-14,3305,550340,1675,300865,1047,243432,583,6043,1844,145746,1454,204976,2423,350722,California
San Bernardino,2021-03-15,11443,561783,5403,306268,4006,247438,2034,8077,5440,147232,5983,210959,7469,358191,California
San Bernardino,2021-03-16,16269,578052,8053,314321,7274,254712,942,9019,9872,151687,6366,217325,10821,369012,California
San Bernardino,2021-03-17,17501,595553,8698,323019,8053,262765,750,9769,10580,156119,6898,224223,11330,380342,California
San Bernardino,2021-03-18,16768,612321,8299,331318,8079,270844,390,10159,9904,159577,6833,231056,10291,390633,California
San Bernardino,2021-03-19,17112,629433,8495,339813,8018,278862,599,10758,9799,162742,7283,238339,10448,401081,California
San Bernardino,2021-03-20,9511,638944,5984,345797,2928,281790,599,11357,5626,165104,3857,242196,6219,407300,California
San Bernardino,2021-03-21,2835,641779,2303,348100,481,282271,51,11408,2265,166863,557,242753,2316,409616,California
San Bernardino,2021-03-22,9739,651518,4600,352700,4703,286974,436,11844,7054,171692,2661,245414,7490,417106,California
San Bernardino,2021-03-23,15658,667176,8887,361587,6151,293125,620,12464,9658,175995,5972,251386,10275,427381,California
San Bernardino,2021-03-24,15221,682397,7839,369426,7076,300201,306,12770,10042,181206,5138,256524,10349,437730,California
San Bernardino,2021-03-25,17120,699517,8385,377811,8430,308631,305,13075,10796,186032,6269,262793,11095,448825,California
San Bernardino,2021-03-26,18242,717759,8675,386486,8797,317428,770,13845,10886,190364,7326,270119,11658,460483,California
San Bernardino,2021-03-27,10884,728643,7023,393509,3106,320534,755,14600,6186,192628,4675,274794,6939,467422,California
San Bernardino,2021-03-28,3651,732294,2563,396072,973,321507,115,14715,2527,194156,1114,275908,2642,470064,California
San Bernardino,2021-03-29,11822,744116,6142,402214,5278,326785,402,15117,7968,198694,3831,279739,8369,478433,California
San Bernardino,2021-03-30,17039,761155,9514,411728,6806,333591,719,15836,10538,203478,6462,286201,11246,489679,California
San Bernardino,2021-03-31,16647,777802,9374,421102,6631,340222,642,16478,10881,209267,5731,291932,11520,501199,California
San Bernardino,2021-04-01,19877,797679,10490,431592,7960,348182,1427,17905,12732,216321,7096,299028,14150,515349,California
San Bernardino,2021-04-02,18942,816621,9547,441139,8098,356280,1297,19202,11421,221591,7489,306517,12759,528108,California
San Bernardino,2021-04-03,11184,827805,6992,448131,3045,359325,1147,20349,6077,223719,5086,311603,7214,535322,California
San Bernardino,2021-04-04,2513,830318,1516,449647,746,360071,251,20600,1260,223986,1244,312847,1511,536833,California
San Bernardino,2021-04-05,11872,842190,5317,454964,4775,364846,1780,22380,6038,225988,5809,318656,7811,544644,California
San Bernardino,2021-04-06,19876,862066,11180,466144,6566,371412,2130,24510,10484,229246,9344,328000,12602,557246,California
San Bernardino,2021-04-07,21202,883268,11384,477528,7315,378727,2503,27013,11524,233612,9644,337644,14010,571256,California
San Bernardino,2021-04-08,22108,905376,11336,488864,8133,386860,2639,29652,12104,238370,9973,347617,14731,585987,California
San Bernardino,2021-04-09,21993,927369,11182,500046,8182,395042,2629,32281,11926,242883,10026,357643,14539,600526,California
San Bernardino,2021-04-10,15740,943109,8147,508193,3869,398911,3724,36005,7811,246497,7905,365548,11519,612045,California
San Bernardino,2021-04-11,4455,947564,2594,510787,894,399805,967,36972,2045,247099,2403,367951,3005,615050,California
San Bernardino,2021-04-12,13534,961098,6248,517035,5614,405419,1672,38644,6408,248074,7100,375051,8075,623125,California
San Bernardino,2021-04-13,19485,980583,11108,528143,8358,413777,19,38663,11191,251023,8264,383315,11213,634338,California
San Bernardino,2021-04-14,19546,1000129,10444,538587,9099,422876,3,38666,11013,253548,8494,391809,11019,645357,California
San Bernardino,2021-04-15,20631,1020760,11532,550119,9093,431969,6,38672,10932,254829,9658,401467,10939,656296,California
San Bernardino,2021-04-16,18897,1039657,10705,560824,8191,440160,1,38673,9257,254494,9593,411060,9258,665554,California
San Bernardino,2021-04-17,12085,1051742,7969,568793,4116,444276,0,38673,6320,255094,5720,416780,6320,671874,California
San Bernardino,2021-04-18,3233,1054975,2307,571100,926,445202,0,38673,1391,254656,1829,418609,1391,673265,California
San Bernardino,2021-04-19,12730,1067705,6801,577901,5929,451131,0,38673,4933,251823,7771,426380,4938,678203,California
San Bernardino,2021-04-20,18283,1085988,10363,588264,7917,459048,3,38676,8262,250101,9989,436369,8267,686470,California
San Bernardino,2021-04-21,19103,1105091,11229,599493,7872,466920,2,38678,8328,247727,10707,447076,8333,694803,California
San Bernardino,2021-04-22,19669,1124760,11396,610889,8269,475189,4,38682,7967,244055,11646,458722,7974,702777,California
San Bernardino,2021-04-23,18946,1143706,10996,621885,7949,483138,1,38683,8237,241642,10653,469375,8240,711017,California
San Bernardino,2021-04-24,12861,1156567,9485,631370,3374,486512,2,38685,6907,242613,5938,475313,6909,717926,California
San Bernardino,2021-04-25,3424,1159991,2239,633609,1185,487697,0,38685,1679,242566,1728,477041,1681,719607,California
San Bernardino,2021-04-26,11365,1171356,6216,639825,5059,492756,90,38775,4832,240998,6491,483532,4923,724530,California
San Bernardino,2021-04-27,16754,1188110,10174,649999,6368,499124,212,38987,6882,238264,9828,493360,7094,731624,California
San Bernardino,2021-04-28,15100,1203210,9088,659087,5734,504858,278,39265,5468,234395,9606,502966,5737,737361,California
San Bernardino,2021-04-29,16617,1219827,9699,668786,6650,511508,268,39533,5576,229233,11003,513969,5841,743202,California
San Bernardino,2021-04-30,16875,1236702,10751,679537,5843,517351,281,39814,6268,225213,10567,524536,6547,749749,California
San Bernardino,2021-05-01,10780,1247482,8427,687964,2039,519390,314,40128,3732,222213,7042,531578,4042,753791,California
San Bernardino,2021-05-02,2951,1250433,2135,690099,685,520075,131,40259,1050,221503,1890,533468,1180,754971,California
San Bernardino,2021-05-03,10064,1260497,5791,695890,3869,523944,404,40663,2903,217660,7150,540618,3307,758278,California
San Bernardino,2021-05-04,16054,1276551,9852,705742,5745,529689,457,41120,4684,211472,11326,551944,5138,763416,California
San Bernardino,2021-05-05,15746,1292297,9205,714947,6128,535817,413,41533,4452,205087,11245,563189,4860,768276,California
San Bernardino,2021-05-06,16076,1308373,9263,724210,6399,542216,414,41947,4399,198265,11633,574822,4811,773087,California
San Bernardino,2021-05-07,15700,1324073,8873,733083,6449,548665,378,42325,4671,192337,10973,585795,5045,778132,California
San Bernardino,2021-05-08,9584,1333657,6431,739514,2886,551551,267,42592,3299,189652,6251,592046,3566,781698,California
San Bernardino,2021-05-09,2079,1335736,1377,740891,612,552163,90,42682,833,189336,1239,593285,923,782621,California
San Bernardino,2021-05-10,7685,1343421,3561,744452,3806,555969,318,43000,2367,186747,5271,598556,2682,785303,California
San Bernardino,2021-05-11,12593,1356014,7084,751536,5150,561119,359,43359,4036,182629,8513,607069,4395,789698,California
San Bernardino,2021-05-12,12836,1368850,7032,758568,5488,566607,316,43675,3655,177468,9131,616200,3970,793668,California
San Bernardino,2021-05-13,13512,1382362,8213,766781,4948,571555,351,44026,5294,174934,8172,624372,5638,799306,California
San Bernardino,2021-05-14,13993,1396355,9362,776143,4293,575848,338,44364,5817,172968,8121,632493,6155,805461,California
San Bernardino,2021-05-15,11429,1407784,8514,784657,2726,578574,189,44553,4650,171055,6746,639239,4833,810294,California
San Bernardino,2021-05-16,3119,1410903,2377,787034,680,579254,62,44615,1559,171135,1541,640780,1621,811915,California
San Bernardino,2021-05-17,10094,1420997,6814,793848,2987,582241,293,44908,4494,170353,5565,646345,4783,816698,California
San Bernardino,2021-05-18,13778,1434775,9160,803008,4370,586611,248,45156,6180,169206,7571,653916,6424,823122,California
San Bernardino,2021-05-19,11559,1446334,7235,810243,3944,590555,380,45536,5216,168490,6307,660223,5591,828713,California
San Bernardino,2021-05-20,11620,1457954,6959,817202,4344,594899,317,45853,5027,167282,6552,666775,5344,834057,California
San Bernardino,2021-05-21,12609,1470563,8347,825549,3880,598779,382,46235,5341,165787,7214,673989,5719,839776,California
San Bernardino,2021-05-22,8925,1479488,6691,832240,2026,600805,208,46443,4270,165654,4607,678596,4474,844250,California
San Bernardino,2021-05-23,2439,1481927,1554,833794,793,601598,92,46535,1133,165583,1295,679891,1224,845474,California
San Bernardino,2021-05-24,6968,1488895,4464,838258,2199,603797,305,46840,3087,165149,3825,683716,3391,848865,California
San Bernardino,2021-05-25,9330,1498225,5727,843985,3348,607145,255,47095,4102,164312,5191,688907,4354,853219,California
San Bernardino,2021-05-26,8241,1506466,5234,849219,2758,609903,249,47344,3736,163830,4461,693368,3979,857198,California
San Bernardino,2021-05-27,7666,1514132,4663,853882,2766,612669,237,47581,3450,163341,4176,697544,3687,860885,California
San Bernardino,2021-05-28,8803,1522935,5472,859354,3052,615721,279,47860,4361,163583,4396,701940,4638,865523,California
San Bernardino,2021-05-29,5055,1527990,3375,862729,1561,617282,119,47979,2560,163786,2475,704415,2678,868201,California
San Bernardino,2021-05-30,1748,1529738,1239,863968,430,617712,79,48058,849,163821,892,705307,927,869128,California
San Bernardino,2021-05-31,894,1530632,566,864534,311,618023,17,48075,316,163582,573,705880,334,869462,California
San Bernardino,2021-06-01,8647,1539279,5557,870091,2843,620866,247,48322,3359,161954,5231,711111,3603,873065,California
San Bernardino,2021-06-02,6839,1546118,4304,874395,2294,623160,241,48563,2878,161141,3928,715039,3115,876180,California
San Bernardino,2021-06-03,7972,1554090,5381,879776,2392,625552,199,48762,2696,158785,5251,720290,2895,879075,California
San Bernardino,2021-06-04,9144,1563234,6187,885963,2665,628217,292,49054,3140,156259,5957,726247,3431,882506,California
San Bernardino,2021-06-05,6552,1569786,5005,890968,1421,629638,126,49180,2244,154341,4285,730532,2367,884873,California
San Bernardino,2021-06-06,2028,1571814,1689,892657,275,629913,64,49244,663,153712,1356,731888,727,885600,California
San Bernardino,2021-06-07,6286,1578100,4889,897546,1183,631096,214,49458,1953,151567,4310,736198,2165,887765,California
San Bernardino,2021-06-08,8432,1586532,6122,903668,2086,633182,224,49682,2604,148627,5763,741961,2823,890588,California
San Bernardino,2021-06-09,6992,1593524,4973,908641,1827,635009,192,49874,2255,146388,4687,746648,2448,893036,California
San Bernardino,2021-06-10,7083,1600607,5011,913652,1868,636877,204,50078,2227,144009,4809,751457,2430,895466,California
San Bernardino,2021-06-11,8040,1608647,5623,919275,2189,639066,228,50306,2904,142050,5089,756546,3130,898596,California
San Bernardino,2021-06-12,5893,1614540,4644,923919,1128,640194,121,50427,1714,139731,4157,760703,1838,900434,California
San Bernardino,2021-06-13,1493,1616033,1061,924980,361,640555,71,50498,401,139114,1088,761791,471,900905,California
San Bernardino,2021-06-14,4925,1620958,3555,928535,1150,641705,220,50718,1800,138034,3098,764889,2018,902923,California
San Bernardino,2021-06-15,7167,1628125,5064,933599,1854,643559,249,50967,2554,136270,4562,769451,2798,905721,California
San Bernardino,2021-06-16,6360,1634485,4529,938128,1609,645168,222,51189,2332,134844,3981,773432,2555,908276,California
San Bernardino,2021-06-17,5643,1640128,3966,942094,1516,646684,161,51350,2202,133802,3404,776836,2362,910638,California
San Bernardino,2021-06-18,6854,1646982,4605,946699,2010,648694,239,51589,2572,132365,4246,781082,2809,913447,California
San Bernardino,2021-06-19,4058,1651040,3031,949730,895,649589,132,51721,1746,131954,2287,783369,1876,915323,California
San Bernardino,2021-06-20,1465,1652505,1126,950856,279,649868,60,51781,585,131726,873,784242,645,915968,California
San Bernardino,2021-06-21,3561,1656066,2306,953162,1029,650897,226,52007,1995,132396,1549,785791,2219,918187,California
San Bernardino,2021-06-22,5677,1661743,3867,957029,1595,652492,215,52222,2274,131514,3373,789164,2491,920678,California
San Bernardino,2021-06-23,5036,1666779,3573,960602,1268,653760,195,52417,2119,130935,2889,792053,2310,922988,California
San Bernardino,2021-06-24,4849,1671628,3370,963972,1270,655030,209,52626,2076,130472,2743,794796,2280,925268,California
San Bernardino,2021-06-25,5758,1677386,4100,968072,1454,656484,204,52830,2514,129970,3217,798013,2715,927983,California
San Bernardino,2021-06-26,3539,1680925,2703,970775,762,657246,74,52904,1644,129813,1874,799887,1717,929700,California
San Bernardino,2021-06-27,1448,1682373,1151,971926,244,657490,53,52957,680,129784,762,800649,733,930433,California
San Bernardino,2021-06-28,3440,1685813,2709,974635,582,658072,149,53106,1692,129890,1734,802383,1840,932273,California
San Bernardino,2021-06-29,3397,1689210,2629,977264,637,658709,131,53237,1396,129428,1986,804369,1524,933797,California
San Diego,2020-12-15,119,119,119,119,0,0,0,0,119,119,0,0,119,119,California
San Diego,2020-12-16,1074,1193,1074,1193,0,0,0,0,1074,1193,0,0,1074,1193,California
San Diego,2020-12-17,2324,3517,2324,3517,0,0,0,0,2324,3517,0,0,2324,3517,California
San Diego,2020-12-18,3607,7124,3606,7123,1,1,0,0,3607,7124,0,0,3607,7124,California
San Diego,2020-12-19,2269,9393,2269,9392,0,1,0,0,2269,9393,0,0,2269,9393,California
San Diego,2020-12-20,1149,10542,1148,10540,1,2,0,0,1149,10542,0,0,1149,10542,California
San Diego,2020-12-21,3458,14000,3456,13996,2,4,0,0,3458,14000,0,0,3458,14000,California
San Diego,2020-12-22,4019,18019,3382,17378,637,641,0,0,4019,18019,0,0,4019,18019,California
San Diego,2020-12-23,3156,21175,1956,19334,1200,1841,0,0,3156,21175,0,0,3156,21175,California
San Diego,2020-12-24,2703,23878,2189,21523,514,2355,0,0,2703,23878,0,0,2703,23878,California
San Diego,2020-12-25,857,24735,856,22379,1,2356,0,0,857,24735,0,0,857,24735,California
San Diego,2020-12-26,3199,27934,2129,24508,1070,3426,0,0,3199,27934,0,0,3199,27934,California
San Diego,2020-12-27,2479,30413,1594,26102,885,4311,0,0,2478,30411,1,1,2478,30412,California
San Diego,2020-12-28,5832,36245,4156,30258,1676,5987,0,0,5832,36243,0,1,5832,36244,California
San Diego,2020-12-29,5497,41742,2943,33201,2554,8541,0,0,5497,41740,0,1,5497,41741,California
San Diego,2020-12-30,5848,47590,3047,36248,2801,11342,0,0,5848,47588,0,1,5848,47589,California
San Diego,2020-12-31,2969,50559,1029,37277,1940,13282,0,0,2969,50557,0,1,2969,50558,California
San Diego,2021-01-01,992,51551,442,37719,550,13832,0,0,992,51549,0,1,992,51550,California
San Diego,2021-01-02,3666,55217,1287,39006,2379,16211,0,0,3666,55215,0,1,3666,55216,California
San Diego,2021-01-03,833,56050,621,39627,212,16423,0,0,832,56047,0,1,832,56048,California
San Diego,2021-01-04,3643,59693,2019,41646,1624,18047,0,0,3637,59684,0,1,3637,59685,California
San Diego,2021-01-05,4295,63988,2143,43789,2152,20199,0,0,3712,62828,580,581,3724,63409,California
San Diego,2021-01-06,4833,68821,2247,46036,2586,22785,0,0,3638,65296,1174,1755,3642,67051,California
San Diego,2021-01-07,5548,74369,2930,48966,2618,25403,0,0,3434,66630,2109,3864,3443,70494,California
San Diego,2021-01-08,7799,82168,4893,53859,2906,28309,0,0,4065,66994,3718,7582,4082,74576,California
San Diego,2021-01-09,3417,85585,1907,55766,1510,29819,0,0,1893,67384,1514,9096,1904,76480,California
San Diego,2021-01-10,1846,87431,1276,57042,570,30389,0,0,757,67074,1077,10173,767,77247,California
San Diego,2021-01-11,10193,97624,5793,62835,4400,34789,0,0,6707,70320,3479,13652,6725,83972,California
San Diego,2021-01-12,10999,108623,5258,68093,5741,40530,0,0,7656,74752,3334,16986,7766,91738,California
San Diego,2021-01-13,11290,119913,4987,73080,6303,46833,0,0,8773,81046,2506,19492,8800,100538,California
San Diego,2021-01-14,11954,131867,4514,77594,7440,54273,0,0,9831,88796,2116,21608,9866,110404,California
San Diego,2021-01-15,14786,146653,5232,82826,9554,63827,0,0,12186,98458,2582,24190,12244,122648,California
San Diego,2021-01-16,10531,157184,3550,86376,6981,70808,0,0,9099,106161,1428,25618,9131,131779,California
San Diego,2021-01-17,8471,165655,2431,88807,6040,76848,0,0,7645,112999,826,26444,7664,139443,California
San Diego,2021-01-18,12661,178316,6220,95027,6441,83289,0,0,9852,120138,2778,29222,9917,149360,California
San Diego,2021-01-19,14405,192721,5625,100652,8780,92069,0,0,11311,128626,3085,32307,11573,160933,California
San Diego,2021-01-20,18068,210789,6330,106982,11738,103807,0,0,14769,140300,3279,35586,14953,175886,California
San Diego,2021-01-21,17032,227821,5744,112726,11288,115095,0,0,15665,154751,1358,36944,15809,191695,California
San Diego,2021-01-22,17200,245021,4582,117308,12618,127713,0,0,15201,168051,1986,38930,15286,206981,California
San Diego,2021-01-23,14060,259081,5201,122509,8859,136572,0,0,11793,177651,2255,41185,11855,218836,California
San Diego,2021-01-24,11568,270649,3248,125757,8320,144892,0,0,10606,187340,960,42145,10649,229485,California
San Diego,2021-01-25,11980,282629,5667,131424,6313,151205,0,0,9005,193536,2966,45111,9162,238647,California
San Diego,2021-01-26,14958,297587,7813,139237,7145,158350,0,0,11572,201915,3384,48495,11763,250410,California
San Diego,2021-01-27,20158,317745,7828,147065,12330,170680,0,0,17170,216253,2979,51474,17317,267727,California
San Diego,2021-01-28,20892,338637,7586,154651,13306,183986,0,0,18644,232748,2237,53711,18732,286459,California
San Diego,2021-01-29,19219,357856,6308,160959,12911,196897,0,0,16781,247155,2426,56137,16833,303292,California
San Diego,2021-01-30,15430,373286,3509,164468,11921,208818,0,0,12775,257393,2641,58778,12879,316171,California
San Diego,2021-01-31,14490,387776,5700,170168,8790,217608,0,0,14139,271218,346,59124,14171,330342,California
San Diego,2021-02-01,20471,408247,7483,177651,12988,230596,0,0,16963,284769,3489,62613,17040,347382,California
San Diego,2021-02-02,22491,430738,8285,185936,14206,244802,0,0,19257,300965,3226,65839,19422,366804,California
San Diego,2021-02-03,27209,457947,11697,197633,15512,260314,0,0,22981,319923,4207,70046,23165,389969,California
San Diego,2021-02-04,23806,481753,9806,207439,14000,274314,0,0,19257,334924,4534,74580,19535,409504,California
San Diego,2021-02-05,24232,505985,8593,216032,15639,289953,0,0,17820,346811,6387,80967,18274,427778,California
San Diego,2021-02-06,20393,526378,8446,224478,11947,301900,0,0,17183,361008,3207,84174,17404,445182,California
San Diego,2021-02-07,11895,538273,5307,229785,6588,308488,0,0,10050,369476,1834,86008,10302,455484,California
San Diego,2021-02-08,19787,558060,8415,238200,11372,319860,0,0,12424,375225,7349,93357,13098,468582,California
San Diego,2021-02-09,20142,578202,8237,246437,11905,331765,0,0,12968,382094,7153,100510,14022,482604,California
San Diego,2021-02-10,22608,600810,9263,255700,13345,345110,0,0,13631,388149,8926,109436,14981,497585,California
San Diego,2021-02-11,23461,624271,10079,265779,13382,358492,0,0,12550,391473,10885,120321,14209,511794,California
San Diego,2021-02-12,23261,647532,7278,273057,15983,374475,0,0,11538,393552,11705,132026,13784,525578,California
San Diego,2021-02-13,19739,667271,8960,282017,10779,385254,0,0,10739,396467,8989,141015,11904,537482,California
San Diego,2021-02-14,11018,678289,7325,289342,3693,388947,0,0,6129,399203,4885,145900,7621,545103,California
San Diego,2021-02-15,14969,693258,7562,296904,7407,396354,0,0,7582,402459,7365,153265,10621,555724,California
San Diego,2021-02-16,18995,712253,11087,307991,7908,404262,0,0,9035,404481,9948,163213,11970,567694,California
San Diego,2021-02-17,22958,735211,10731,318722,12227,416489,0,0,7843,400215,15101,178314,10835,578529,California
San Diego,2021-02-18,23280,758491,11909,330631,11371,427860,0,0,7636,396238,15633,193947,11656,590185,California
San Diego,2021-02-19,15658,774149,10890,341521,4768,432628,0,0,6365,395270,9265,203212,8297,598482,California
San Diego,2021-02-20,10069,784218,6305,347826,3764,436392,0,0,5621,398330,4438,207650,7498,605980,California
San Diego,2021-02-21,11428,795646,10023,357849,1405,437797,0,0,5029,398454,6393,214043,6517,612497,California
San Diego,2021-02-22,12226,807872,10426,368275,1800,439597,0,0,5581,399027,6632,220675,7205,619702,California
San Diego,2021-02-23,25207,833079,14097,382372,11110,450707,0,0,9224,398094,15973,236648,15040,634742,California
San Diego,2021-02-24,28462,861541,12588,394960,15874,466581,0,0,6626,390229,21816,258464,13951,648693,California
San Diego,2021-02-25,32504,894045,14413,409373,18091,484672,0,0,9787,385608,22695,281159,18074,666767,California
San Diego,2021-02-26,32680,926725,12132,421505,20548,505220,0,0,11670,383302,20978,302137,18672,685439,California
San Diego,2021-02-27,20714,947439,9366,430871,11348,516568,0,0,11099,388960,9609,311746,15267,700706,California
San Diego,2021-02-28,14915,962354,9750,440621,5165,521733,0,0,9254,395274,5660,317406,11974,712680,California
San Diego,2021-03-01,23947,986301,14124,454745,9822,531555,1,1,14504,404212,9363,326769,18301,730981,California
San Diego,2021-03-02,25801,1012102,13892,468637,11909,543464,0,1,12556,410138,13233,340002,19159,750140,California
San Diego,2021-03-03,33523,1045625,15779,484416,17741,561205,3,4,13830,411139,19667,359669,20668,770808,California
San Diego,2021-03-04,27842,1073467,13881,498297,13961,575166,0,4,12391,414738,15430,375099,19029,789837,California
San Diego,2021-03-05,28469,1101936,14665,512962,13724,588890,80,84,13295,419542,15146,390245,19950,809787,California
San Diego,2021-03-06,23037,1124973,9407,522369,12933,601823,697,781,10169,422146,12854,403099,15458,825245,California
San Diego,2021-03-07,17939,1142912,9135,531504,8236,610059,568,1349,6819,421994,11107,414206,10955,836200,California
San Diego,2021-03-08,22711,1165623,11045,542549,10760,620819,906,2255,11270,427510,11420,425626,16936,853136,California
San Diego,2021-03-09,25424,1191047,11705,554254,11966,632785,1753,4008,9953,427619,15454,441080,15563,868699,California
San Diego,2021-03-10,25078,1216125,10507,564761,12187,644972,2384,6392,9921,428764,15141,456221,16286,884985,California
San Diego,2021-03-11,28074,1244199,10787,575548,13767,658739,3520,9912,9778,427685,18271,474492,17192,902177,California
San Diego,2021-03-12,26882,1271081,9412,584960,14375,673114,3095,13007,9826,427176,17043,491535,16534,918711,California
San Diego,2021-03-13,25879,1296960,7196,592156,16924,690038,1759,14766,10010,427171,15864,507399,15859,934570,California
San Diego,2021-03-14,13684,1310644,5410,597566,7540,697578,734,15500,4765,426026,8910,516309,7765,942335,California
San Diego,2021-03-15,21762,1332406,10030,607596,10949,708527,783,16283,8962,426025,12782,529091,12781,955116,California
San Diego,2021-03-16,29544,1361950,15481,623077,13650,722177,413,16696,15602,431084,13918,543009,18977,974093,California
San Diego,2021-03-17,26389,1388339,12135,635212,13537,735714,717,17413,16954,441366,9418,552427,19700,993793,California
San Diego,2021-03-18,31110,1419449,17498,652710,12690,748404,922,18335,16941,446584,14134,566561,19352,1013145,California
San Diego,2021-03-19,30087,1449536,14259,666969,14775,763179,1053,19388,19279,457313,10787,577348,21516,1034661,California
San Diego,2021-03-20,27580,1477116,8398,675367,17408,780587,1774,21162,21278,475154,6291,583639,24132,1058793,California
San Diego,2021-03-21,16258,1493374,11857,687224,3706,784293,695,21857,7637,476193,8607,592246,9646,1068439,California
San Diego,2021-03-22,22393,1515767,13052,700276,9055,793348,286,22143,14267,485383,8112,600358,17302,1085741,California
San Diego,2021-03-23,25711,1541478,13482,713758,11943,805291,286,22429,17024,496043,8673,609031,19333,1105074,California
San Diego,2021-03-24,29277,1570755,19567,733325,9321,814612,389,22818,16980,503147,12284,621315,19388,1124462,California
San Diego,2021-03-25,30123,1600878,18132,751457,11309,825921,682,23500,17888,511601,12214,633529,20668,1145130,California
San Diego,2021-03-26,31827,1632705,17796,769253,13516,839437,515,24015,17376,517863,14426,647955,20688,1165818,California
San Diego,2021-03-27,25357,1658062,11043,780296,13934,853371,380,24395,15608,526364,9731,657686,18232,1184050,California
San Diego,2021-03-28,14992,1673054,9185,789481,5749,859120,58,24453,9233,531370,5752,663438,10758,1194808,California
San Diego,2021-03-29,26573,1699627,12837,802318,13105,872225,631,25084,16359,540587,10203,673641,19420,1214228,California
San Diego,2021-03-30,33048,1732675,17795,820113,14463,886688,790,25874,21886,553931,11148,684789,24492,1238720,California
San Diego,2021-03-31,30280,1762955,18684,838797,10888,897576,708,26582,20537,566556,9724,694513,22349,1261069,California
San Diego,2021-04-01,34115,1797070,19914,858711,12722,910298,1479,28061,23115,581487,10976,705489,25907,1286976,California
San Diego,2021-04-02,35599,1832669,20598,879309,12226,922524,2775,30836,23998,598109,11581,717070,28203,1315179,California
San Diego,2021-04-03,30727,1863396,14409,893718,11703,934227,4615,35451,19583,612373,11129,728199,25393,1340572,California
San Diego,2021-04-04,8987,1872383,5159,898877,2909,937136,919,36370,4775,614036,4206,732405,5869,1346441,California
San Diego,2021-04-05,29629,1902012,15335,914212,11598,948734,2696,39066,19224,628034,10388,742793,24386,1370827,California
San Diego,2021-04-06,38530,1940542,20283,934495,12349,961083,5898,44964,22155,641837,16355,759148,30158,1400985,California
San Diego,2021-04-07,35959,1976501,21860,956355,9552,970635,4547,49511,20240,652135,15694,774842,25992,1426977,California
San Diego,2021-04-08,34989,2011490,21249,977604,9611,980246,4129,53640,21133,666120,13835,788677,27820,1454797,California
San Diego,2021-04-09,38146,2049636,22750,1000354,10220,990466,5176,58816,20596,677693,17487,806164,29060,1483857,California
San Diego,2021-04-10,28957,2078593,11712,1012066,13255,1003721,3990,62806,14931,685612,14015,820179,21934,1505791,California
San Diego,2021-04-11,16137,2094730,9983,1022049,3859,1007580,2295,65101,7137,689047,8995,829174,12430,1518221,California
San Diego,2021-04-12,30618,2125348,12844,1034893,13498,1021078,4276,69377,16992,700360,13611,842785,24924,1543145,California
San Diego,2021-04-13,36896,2162244,17683,1052576,19178,1040256,35,69412,24465,715276,12409,855194,27325,1570470,California
San Diego,2021-04-14,32844,2195088,18820,1071396,14011,1054267,13,69425,17666,722124,15164,870358,22012,1592482,California
San Diego,2021-04-15,39265,2234353,20342,1091738,18914,1073181,9,69434,23751,733252,15489,885847,26617,1619099,California
San Diego,2021-04-16,33572,2267925,18457,1110195,15112,1088293,3,69437,19389,740894,14124,899971,21766,1640865,California
San Diego,2021-04-17,27857,2295782,13531,1123726,14326,1102619,0,69437,12301,740794,15461,915432,15361,1656226,California
San Diego,2021-04-18,14631,2310413,9087,1132813,5541,1108160,3,69440,6782,742697,7836,923268,9739,1665965,California
San Diego,2021-04-19,26559,2336972,13574,1146387,12983,1121143,2,69442,12447,742777,14093,937361,14173,1680138,California
San Diego,2021-04-20,39611,2376583,18397,1164784,21212,1142355,2,69444,20196,746537,19392,956753,23152,1703290,California
San Diego,2021-04-21,36394,2412977,22003,1186787,14391,1156746,0,69444,17536,748553,18817,975570,20833,1724123,California
San Diego,2021-04-22,44916,2457893,23298,1210085,21614,1178360,4,69448,22437,751598,22438,998008,25483,1749606,California
San Diego,2021-04-23,42703,2500596,26511,1236596,16190,1194550,2,69450,15968,744052,26699,1024707,19153,1768759,California
San Diego,2021-04-24,34903,2535499,18895,1255491,15993,1210543,15,69465,15561,743499,19303,1044010,18750,1787509,California
San Diego,2021-04-25,12633,2548132,7669,1263160,4964,1215507,0,69465,5886,744013,6735,1050745,7249,1794758,California
San Diego,2021-04-26,33416,2581548,16796,1279956,16481,1231988,139,69604,11708,738574,21685,1072430,16246,1811004,California
San Diego,2021-04-27,44798,2626346,24672,1304628,19573,1251561,553,70157,19756,736947,24997,1097427,23370,1834374,California
San Diego,2021-04-28,38471,2664817,22819,1327447,14976,1266537,676,70833,17421,736286,21007,1118434,20346,1854720,California
San Diego,2021-04-29,38304,2703121,24454,1351901,13193,1279730,657,71490,15567,731518,22700,1141134,17932,1872652,California
San Diego,2021-04-30,38258,2741379,23237,1375138,13940,1293670,1081,72571,15036,726302,23182,1164316,17966,1890618,California
San Diego,2021-05-01,24215,2765594,10675,1385813,12902,1306572,638,73209,9504,723901,14701,1179017,12300,1902918,California
San Diego,2021-05-02,10608,2776202,7431,1393244,2595,1309167,582,73791,3227,720665,7377,1186394,4141,1907059,California
San Diego,2021-05-03,25196,2801398,12389,1405633,11657,1320824,1150,74941,9251,715962,15922,1202316,11219,1918278,California
San Diego,2021-05-04,32037,2833435,17826,1423459,12933,1333757,1278,76219,11561,709448,20449,1222765,13935,1932213,California
San Diego,2021-05-05,27989,2861424,17236,1440695,9474,1343231,1279,77498,10588,704962,17378,1240143,12892,1945105,California
San Diego,2021-05-06,28533,2889957,18966,1459661,8656,1351887,911,78409,10766,701349,17737,1257880,14124,1959229,California
San Diego,2021-05-07,29720,2919677,19464,1479125,9216,1361103,1040,79449,11017,695955,18668,1276548,13274,1972503,California
San Diego,2021-05-08,23097,2942774,11105,1490230,11249,1372352,743,80192,7250,689566,15821,1292369,9432,1981935,California
San Diego,2021-05-09,7523,2950297,5665,1495895,1452,1373804,406,80598,2574,688024,4943,1297312,3401,1985336,California
San Diego,2021-05-10,21751,2972048,8653,1504548,12279,1386083,819,81417,5870,680143,15851,1313163,7970,1993306,California
San Diego,2021-05-11,28799,3000847,12230,1516778,15752,1401835,817,82234,10103,674120,18667,1331830,12644,2005950,California
San Diego,2021-05-12,23100,3023947,12640,1529418,9588,1411423,872,83106,8320,669689,14752,1346582,10321,2016271,California
San Diego,2021-05-13,31436,3055383,19071,1548489,11726,1423149,639,83745,13030,667602,18348,1364930,16261,2032532,California
San Diego,2021-05-14,30871,3086254,19812,1568301,10222,1433371,837,84582,13990,667677,16839,1381769,16914,2049446,California
San Diego,2021-05-15,26159,3112413,16469,1584770,8868,1442239,822,85404,10820,665003,15284,1397053,12610,2062056,California
San Diego,2021-05-16,13700,3126113,10226,1594996,2912,1445151,562,85966,6737,665746,6950,1404003,7693,2069749,California
San Diego,2021-05-17,21382,3147495,12966,1607962,7672,1452823,744,86710,8838,663694,12506,1416509,10454,2080203,California
San Diego,2021-05-18,34226,3181721,19397,1627359,13966,1466789,863,87573,13271,658342,20923,1437432,15571,2095774,California
San Diego,2021-05-19,28389,3210110,17813,1645172,9796,1476585,780,88353,11962,655818,16396,1453828,13872,2109646,California
San Diego,2021-05-20,34792,3244902,19246,1664418,14728,1491313,818,89171,11662,646750,23098,1476926,14030,2123676,California
San Diego,2021-05-21,27004,3271906,17161,1681579,8854,1500167,989,90160,10842,643692,16130,1493056,13072,2136748,California
San Diego,2021-05-22,21526,3293432,12415,1693994,7864,1508031,1247,91407,8991,642545,12511,1505567,11364,2148112,California
San Diego,2021-05-23,7347,3300779,5245,1699239,1794,1509825,308,91715,3477,642867,3846,1509413,4168,2152280,California
San Diego,2021-05-24,17835,3318614,9111,1708350,6816,1516641,1908,93623,6403,640625,11414,1520827,9172,2161452,California
San Diego,2021-05-25,24209,3342823,13099,1721449,9271,1525912,1839,95462,8435,636314,15745,1536572,11434,2172886,California
San Diego,2021-05-26,19126,3361949,10601,1732050,6515,1532427,2010,97472,6579,633253,12516,1549088,9455,2182341,California
San Diego,2021-05-27,20620,3382569,11952,1744002,6278,1538705,2390,99862,6933,630017,13667,1562755,10431,2192772,California
San Diego,2021-05-28,21255,3403824,13191,1757193,7356,1546061,708,100570,8359,627347,12877,1575632,10207,2202979,California
San Diego,2021-05-29,11981,3415805,7573,1764766,3919,1549980,489,101059,5151,626687,6817,1582449,6157,2209136,California
San Diego,2021-05-30,4670,3420475,3191,1767957,1101,1551081,378,101437,2002,626635,2662,1585111,2610,2211746,California
San Diego,2021-05-31,2586,3423061,1744,1769701,671,1551752,171,101608,849,626051,1730,1586841,1146,2212892,California
San Diego,2021-06-01,21265,3444326,11338,1781039,8298,1560050,1629,103237,5759,618898,15480,1602321,8327,2221219,California
San Diego,2021-06-02,17070,3461396,8815,1789854,6182,1566232,2073,105310,5477,615606,11567,1613888,8275,2229494,California
San Diego,2021-06-03,19196,3480592,12002,1801856,5395,1571627,1799,107109,5166,609605,14009,1627897,8008,2237502,California
San Diego,2021-06-04,19813,3500405,13842,1815698,5356,1576983,615,107724,5722,603779,14061,1641958,8235,2245737,California
San Diego,2021-06-05,15809,3516214,12031,1827729,2996,1579979,782,108506,4480,598708,11312,1653270,6241,2251978,California
San Diego,2021-06-06,5601,3521815,4532,1832261,758,1580737,311,108817,1590,597420,4000,1657270,2712,2254690,California
San Diego,2021-06-07,12795,3534610,8042,1840303,3404,1584141,1349,110166,3549,593837,9228,1666498,5645,2260335,California
San Diego,2021-06-08,20462,3555072,14457,1854760,4119,1588260,1886,112052,4983,586296,15466,1681964,7925,2268260,California
San Diego,2021-06-09,17036,3572108,11349,1866109,3739,1591999,1948,114000,4366,580913,12655,1694619,7272,2275532,California
San Diego,2021-06-10,17875,3589983,11868,1877977,3930,1595929,2077,116077,4376,574976,13473,1708092,7536,2283068,California
San Diego,2021-06-11,15794,3605777,10070,1888047,4376,1600305,1348,117425,4311,570114,11453,1719545,6591,2289659,California
San Diego,2021-06-12,11002,3616779,8437,1896484,2143,1602448,422,117847,3162,566519,7821,1727366,4226,2293885,California
San Diego,2021-06-13,4159,3620938,3112,1899596,842,1603290,205,118052,1012,564992,3141,1730507,1614,2295499,California
San Diego,2021-06-14,12623,3633561,7577,1907173,2855,1606145,2191,120243,3566,562365,9043,1739550,6416,2301915,California
San Diego,2021-06-15,17890,3651451,10246,1917419,4209,1610354,3435,123678,4718,558276,13162,1752712,9073,2310988,California
San Diego,2021-06-16,13963,3665414,8876,1926295,2772,1613126,2315,125993,4461,556356,9488,1762200,7568,2318556,California
San Diego,2021-06-17,14721,3680135,8462,1934757,3423,1616549,2836,128829,4152,553443,10557,1772757,7644,2326200,California
San Diego,2021-06-18,14134,3694269,8745,1943502,3564,1620113,1825,130654,4424,550792,9700,1782457,7049,2333249,California
San Diego,2021-06-19,7537,3701806,5563,1949065,1514,1621627,460,131114,2753,549775,4763,1787220,3746,2336995,California
San Diego,2021-06-20,3104,3704910,2254,1951319,650,1622277,200,131314,1151,549398,1948,1789168,1571,2338566,California
San Diego,2021-06-21,9114,3714024,5148,1956467,2423,1624700,1543,132857,3887,550151,5220,1794388,5973,2344539,California
San Diego,2021-06-22,11277,3725301,7548,1964015,2581,1627281,1148,134005,4434,549584,6836,1801224,6269,2350808,California
San Diego,2021-06-23,10801,3736102,7053,1971068,2316,1629597,1432,135437,4425,549726,6367,1807591,6509,2357317,California
San Diego,2021-06-24,10039,3746141,6544,1977612,2735,1632332,760,136197,4050,549180,5981,1813572,5435,2362752,California
San Diego,2021-06-25,10596,3756737,7383,1984995,2610,1634942,603,136800,4111,548056,6476,1820048,5352,2368104,California
San Diego,2021-06-26,6666,3763403,5233,1990228,1124,1636066,309,137109,2672,547629,3986,1824034,3559,2371663,California
San Diego,2021-06-27,3012,3766415,2307,1992535,499,1636565,206,137315,1332,547735,1677,1825711,1783,2373446,California
San Diego,2021-06-28,6999,3773414,5132,1997667,1356,1637921,511,137826,3326,548301,3670,1829381,4236,2377682,California
San Diego,2021-06-29,4095,3777509,2933,2000600,609,1638530,553,138379,1741,548515,2347,1831728,2561,2380243,California
San Francisco,2020-12-15,6,6,6,6,0,0,0,0,6,6,0,0,6,6,California
San Francisco,2020-12-16,232,238,232,238,0,0,0,0,232,238,0,0,232,238,California
San Francisco,2020-12-17,414,652,414,652,0,0,0,0,414,652,0,0,414,652,California
San Francisco,2020-12-18,906,1558,905,1557,1,1,0,0,906,1558,0,0,906,1558,California
San Francisco,2020-12-19,607,2165,607,2164,0,1,0,0,607,2165,0,0,607,2165,California
San Francisco,2020-12-20,481,2646,481,2645,0,1,0,0,481,2646,0,0,481,2646,California
San Francisco,2020-12-21,1162,3808,1162,3807,0,1,0,0,1162,3808,0,0,1162,3808,California
San Francisco,2020-12-22,1396,5204,1362,5169,34,35,0,0,1396,5204,0,0,1396,5204,California
San Francisco,2020-12-23,1352,6556,1054,6223,298,333,0,0,1352,6556,0,0,1352,6556,California
San Francisco,2020-12-24,843,7399,505,6728,338,671,0,0,843,7399,0,0,843,7399,California
San Francisco,2020-12-25,37,7436,31,6759,6,677,0,0,37,7436,0,0,37,7436,California
San Francisco,2020-12-26,249,7685,154,6913,95,772,0,0,249,7685,0,0,249,7685,California
San Francisco,2020-12-27,274,7959,60,6973,214,986,0,0,274,7959,0,0,274,7959,California
San Francisco,2020-12-28,1278,9237,692,7665,586,1572,0,0,1278,9237,0,0,1278,9237,California
San Francisco,2020-12-29,1262,10499,632,8297,630,2202,0,0,1262,10499,0,0,1262,10499,California
San Francisco,2020-12-30,1488,11987,781,9078,707,2909,0,0,1488,11987,0,0,1488,11987,California
San Francisco,2020-12-31,980,12967,415,9493,565,3474,0,0,979,12966,0,0,979,12966,California
San Francisco,2021-01-01,105,13072,78,9571,27,3501,0,0,105,13071,0,0,105,13071,California
San Francisco,2021-01-02,336,13408,301,9872,35,3536,0,0,336,13407,0,0,336,13407,California
San Francisco,2021-01-03,299,13707,105,9977,194,3730,0,0,298,13704,1,1,298,13705,California
San Francisco,2021-01-04,1846,15553,1358,11335,488,4218,0,0,1843,15544,3,4,1843,15548,California
San Francisco,2021-01-05,2242,17795,1422,12757,820,5038,0,0,2203,17710,39,43,2205,17753,California
San Francisco,2021-01-06,1876,19671,1162,13919,714,5752,0,0,1607,19051,267,310,1608,19361,California
San Francisco,2021-01-07,2074,21745,1210,15129,864,6616,0,0,1600,20180,471,781,1600,20961,California
San Francisco,2021-01-08,2335,24080,1644,16773,691,7307,0,0,1474,20798,856,1637,1474,22435,California
San Francisco,2021-01-09,1397,25477,900,17673,497,7804,0,0,888,21179,509,2146,890,23325,California
San Francisco,2021-01-10,919,26396,541,18214,378,8182,0,0,460,21181,458,2604,460,23785,California
San Francisco,2021-01-11,2513,28909,1871,20085,642,8824,0,0,1407,21482,1107,3711,1408,25193,California
San Francisco,2021-01-12,3096,32005,2061,22146,1035,9859,0,0,1901,22191,1194,4905,1903,27096,California
San Francisco,2021-01-13,2848,34853,1617,23763,1231,11090,0,0,2009,23361,839,5744,2009,29105,California
San Francisco,2021-01-14,2462,37315,1111,24874,1351,12441,0,0,1895,24689,567,6311,1895,31000,California
San Francisco,2021-01-15,2773,40088,1163,26037,1610,14051,0,0,2370,26660,401,6712,2372,33372,California
San Francisco,2021-01-16,2238,42326,937,26974,1301,15352,0,0,2069,28562,169,6881,2071,35443,California
San Francisco,2021-01-17,1943,44269,537,27511,1406,16758,0,0,1722,30064,220,7101,1722,37165,California
San Francisco,2021-01-18,1388,45657,602,28113,786,17544,0,0,1118,30914,269,7370,1119,38284,California
San Francisco,2021-01-19,2600,48257,1481,29594,1119,18663,0,0,1844,32002,756,8126,1844,40128,California
San Francisco,2021-01-20,2835,51092,1187,30781,1648,20311,0,0,2075,33321,757,8883,2076,42204,California
San Francisco,2021-01-21,3444,54536,1038,31819,2406,22717,0,0,2565,35008,878,9761,2565,44769,California
San Francisco,2021-01-22,3252,57788,678,32497,2574,25291,0,0,2803,37364,447,10208,2803,47572,California
San Francisco,2021-01-23,3116,60904,610,33107,2506,27797,0,0,2745,39740,370,10578,2746,50318,California
San Francisco,2021-01-24,2431,63335,363,33470,2068,29865,0,0,2197,41707,230,10808,2197,52515,California
San Francisco,2021-01-25,4643,67978,1835,35305,2808,32673,0,0,3052,43172,1588,12396,3053,55568,California
San Francisco,2021-01-26,4756,72734,2182,37487,2574,35247,0,0,3106,44633,1647,14043,3108,58676,California
San Francisco,2021-01-27,4385,77119,1981,39468,2404,37651,0,0,3074,46398,1309,15352,3074,61750,California
San Francisco,2021-01-28,3800,80919,1577,41045,2223,39874,0,0,2626,47858,1167,16519,2627,64377,California
San Francisco,2021-01-29,4839,85758,1764,42809,3075,42949,0,0,3511,50078,1291,17810,3511,67888,California
San Francisco,2021-01-30,3813,89571,1847,44656,1966,44915,0,0,3350,52971,461,18271,3354,71242,California
San Francisco,2021-01-31,2359,91930,820,45476,1539,46454,0,0,2208,55030,150,18421,2209,73451,California
San Francisco,2021-02-01,4005,95935,1714,47190,2291,48745,0,0,2923,56872,1082,19503,2924,76375,California
San Francisco,2021-02-02,4573,100508,1824,49014,2749,51494,0,0,2956,58217,1611,21114,2956,79331,California
San Francisco,2021-02-03,5123,105631,2404,51418,2719,54213,0,0,3796,60689,1325,22439,3797,83128,California
San Francisco,2021-02-04,5076,110707,2447,53865,2629,56842,0,0,3892,63400,1181,23620,3892,87020,California
San Francisco,2021-02-05,6014,116721,3244,57109,2770,59612,0,0,4656,66701,1356,24976,4657,91677,California
San Francisco,2021-02-06,5487,122208,3661,60770,1826,61438,0,0,4613,70473,843,25819,4615,96292,California
San Francisco,2021-02-07,4365,126573,3210,63980,1155,62593,0,0,3783,73681,579,26398,3787,100079,California
San Francisco,2021-02-08,6772,133345,4656,68636,2116,64709,0,0,5538,78004,1218,27616,5541,105620,California
San Francisco,2021-02-09,5968,139313,4016,72652,1952,66661,0,0,4410,80849,1567,29183,4412,110032,California
San Francisco,2021-02-10,6945,146258,4205,76857,2740,69401,0,0,5067,84047,1873,31056,5071,115103,California
San Francisco,2021-02-11,6755,153013,4005,80862,2750,72151,0,0,4889,87078,1861,32917,4892,119995,California
San Francisco,2021-02-12,5373,158386,2694,83556,2679,74830,0,0,3483,88670,1891,34808,3483,123478,California
San Francisco,2021-02-13,4421,162807,2591,86147,1830,76660,0,0,3068,90391,1350,36158,3071,126549,California
San Francisco,2021-02-14,3446,166253,2261,88408,1185,77845,0,0,2307,91563,1137,37295,2309,128858,California
San Francisco,2021-02-15,2802,169055,1515,89923,1287,79132,0,0,1681,92128,1116,38411,1681,130539,California
San Francisco,2021-02-16,5161,174216,2837,92760,2324,81456,0,0,3008,92997,2146,40557,3015,133554,California
San Francisco,2021-02-17,5390,179606,2649,95409,2741,84197,0,0,2965,93552,2413,42970,2968,136522,California
San Francisco,2021-02-18,5436,185042,2660,98069,2776,86973,0,0,2815,93755,2618,45588,2821,139343,California
San Francisco,2021-02-19,5726,190768,2693,100762,3033,90006,0,0,2967,93975,2748,48336,2968,142311,California
San Francisco,2021-02-20,4646,195414,2252,103014,2394,92400,0,0,1736,92815,2899,51235,1739,144050,California
San Francisco,2021-02-21,2959,198373,1560,104574,1399,93799,0,0,1318,92502,1632,52867,1319,145369,California
San Francisco,2021-02-22,5353,203726,3344,107918,2009,95808,0,0,2687,92537,2655,55522,2690,148059,California
San Francisco,2021-02-23,5778,209504,3284,111202,2494,98302,0,0,2919,92604,2852,58374,2919,150978,California
San Francisco,2021-02-24,9221,218725,5222,116424,3999,102301,0,0,4940,93280,4267,62641,4943,155921,California
San Francisco,2021-02-25,10072,228797,7035,123459,3037,105338,0,0,6470,96154,3598,66239,6472,162393,California
San Francisco,2021-02-26,12386,241183,8041,131500,4345,109683,0,0,7314,98399,5070,71309,7315,169708,California
San Francisco,2021-02-27,9422,250605,6064,137564,3357,113040,1,1,4697,98386,4712,76021,4699,174407,California
San Francisco,2021-02-28,7921,258526,5661,143225,2260,115300,0,1,3871,98213,4045,80066,3872,178279,California
San Francisco,2021-03-01,11411,269937,7699,150924,3707,119007,5,6,5564,97964,5820,85886,5571,183850,California
San Francisco,2021-03-02,10043,279980,6763,157687,3280,122287,0,6,5677,99287,4355,90241,5678,189528,California
San Francisco,2021-03-03,11408,291388,6658,164345,4749,127036,1,7,6259,100416,5134,95375,6263,195791,California
San Francisco,2021-03-04,8814,300202,5531,169876,3283,130319,0,7,4971,101556,3833,99208,4973,200764,California
San Francisco,2021-03-05,9257,309459,5663,175539,3590,133909,4,11,5799,103916,3444,102652,5804,206568,California
San Francisco,2021-03-06,7236,316695,4694,180233,2333,136242,209,220,4537,105948,2711,105363,4743,211311,California
San Francisco,2021-03-07,5419,322114,4225,184458,1134,137376,60,280,3120,106818,2310,107673,3180,214491,California
San Francisco,2021-03-08,7555,329669,5487,189945,1879,139255,189,469,5963,111346,1623,109296,6151,220642,California
San Francisco,2021-03-09,8351,338020,5534,195479,2440,141695,377,846,6091,115544,2265,111561,6463,227105,California
San Francisco,2021-03-10,11277,349297,6619,202098,4154,145849,504,1350,7043,118880,4209,115770,7545,234650,California
San Francisco,2021-03-11,10130,359427,6389,208487,2769,148618,972,2322,6635,122998,3475,119245,7593,242243,California
San Francisco,2021-03-12,10901,370328,6360,214847,3189,151807,1352,3674,6062,125589,4815,124060,7406,249649,California
San Francisco,2021-03-13,6770,377098,3949,218796,1738,153545,1083,4757,4203,128316,2557,126617,5284,254933,California
San Francisco,2021-03-14,7584,384682,4932,223728,2405,155950,247,5004,3961,128918,3604,130221,4206,259139,California
San Francisco,2021-03-15,12131,396813,9278,233006,1906,157856,947,5951,8365,134468,3748,133969,9298,268437,California
San Francisco,2021-03-16,12268,409081,8341,241347,3448,161304,479,6430,8786,140276,3459,137428,9267,277704,California
San Francisco,2021-03-17,13611,422692,8454,249801,4525,165829,632,7062,9736,146793,3844,141272,10361,288065,California
San Francisco,2021-03-18,10291,432983,7048,256849,2617,168446,626,7688,5864,148872,4402,145674,6481,294546,California
San Francisco,2021-03-19,12595,445578,9236,266085,2886,171332,473,8161,6590,149949,5977,151651,7054,301600,California
San Francisco,2021-03-20,8949,454527,6587,272672,1895,173227,467,8628,5195,151893,3722,155373,5666,307266,California
San Francisco,2021-03-21,6696,461223,6137,278809,420,173647,139,8767,3763,152877,2916,158289,3900,311166,California
San Francisco,2021-03-22,9997,471220,6963,285772,2195,175842,839,9606,5158,154052,4814,163103,5989,317155,California
San Francisco,2021-03-23,11396,482616,7587,293359,3159,179001,650,10256,6339,156008,5025,168128,6981,324136,California
San Francisco,2021-03-24,12413,495029,9512,302871,2363,181364,538,10794,6157,156480,6214,174342,6686,330822,California
San Francisco,2021-03-25,12008,507037,8764,311635,2677,184041,567,11361,5821,156751,6113,180455,6384,337206,California
San Francisco,2021-03-26,12061,519098,8356,319991,3471,187512,234,11595,5840,156634,6186,186641,6069,343275,California
San Francisco,2021-03-27,8898,527996,5912,325903,2634,190146,352,11947,3821,155752,5053,191694,4171,347446,California
San Francisco,2021-03-28,6677,534673,5327,331230,1308,191454,42,11989,2976,155092,3675,195369,3015,350461,California
San Francisco,2021-03-29,11657,546330,8020,339250,3453,194907,184,12173,4818,153286,6806,202175,5000,355461,California
San Francisco,2021-03-30,11695,558025,7323,346573,4082,198989,290,12463,5511,152929,6157,208332,5800,361261,California
San Francisco,2021-03-31,12324,570349,8195,354768,3830,202819,299,12762,4916,150762,7375,215707,5208,366469,California
San Francisco,2021-04-01,14023,584372,7443,362211,4882,207701,1698,14460,6038,150527,7944,223651,7709,374178,California
San Francisco,2021-04-02,14898,599270,6580,368791,6428,214129,1890,16350,6953,151433,7921,231572,8827,383005,California
San Francisco,2021-04-03,10619,609889,4930,373721,3862,217991,1827,18177,4805,152260,5794,237366,6621,389626,California
San Francisco,2021-04-04,9058,618947,4807,378528,2594,220585,1657,19834,3581,152031,5458,242824,5229,394855,California
San Francisco,2021-04-05,16129,635076,9849,388377,4389,224974,1891,21725,6290,150394,9808,252632,8171,403026,California
San Francisco,2021-04-06,16162,651238,9546,397923,4544,229518,2072,23797,6283,148886,9850,262482,8342,411368,California
San Francisco,2021-04-07,16904,668142,10059,407982,4604,234122,2241,26038,7007,148242,9871,272353,9227,420595,California
San Francisco,2021-04-08,14249,682391,6781,414763,3034,237156,4434,30472,4638,147706,9573,281926,9037,429632,California
San Francisco,2021-04-09,15889,698280,7686,422449,4839,241995,3364,33836,6626,148442,9229,291155,9965,439597,California
San Francisco,2021-04-10,13364,711644,5713,428162,5894,247889,1757,35593,7109,151063,6228,297383,8849,448446,California
San Francisco,2021-04-11,10076,721720,7548,435710,1350,249239,1178,36771,5208,152589,4853,302236,6379,454825,California
San Francisco,2021-04-12,10655,732375,6919,442629,2582,251821,1154,37925,4878,152861,5751,307987,6023,460848,California
San Francisco,2021-04-13,10875,743250,7373,450002,3490,255311,12,37937,5477,152985,5370,313357,5494,466342,California
San Francisco,2021-04-14,13396,756646,8070,458072,5325,260636,1,37938,6358,152348,6998,320355,6361,472703,California
San Francisco,2021-04-15,13879,770525,9613,467685,4265,264901,1,37939,8070,154649,5775,326130,8076,480779,California
San Francisco,2021-04-16,13048,783573,8767,476452,4237,269138,44,37983,7611,156902,5406,331536,7659,488438,California
San Francisco,2021-04-17,10254,793827,7384,483836,2869,272007,1,37984,7239,161149,2997,334533,7244,495682,California
San Francisco,2021-04-18,6953,800780,5384,489220,1567,273574,2,37986,4316,162853,2616,337149,4320,500002,California
San Francisco,2021-04-19,11093,811873,8311,497531,2777,276351,5,37991,7091,165975,3984,341133,7106,507108,California
San Francisco,2021-04-20,13103,824976,7902,505433,5199,281550,2,37993,8920,170745,4153,345286,8923,516031,California
San Francisco,2021-04-21,11917,836893,8748,514181,3164,284714,5,37998,7231,173329,4657,349943,7241,523272,California
San Francisco,2021-04-22,11075,847968,8278,522459,2796,287510,1,37999,6362,175019,4680,354623,6370,529642,California
San Francisco,2021-04-23,10928,858896,6407,528866,4521,292031,0,37999,6477,177084,4421,359044,6486,536128,California
San Francisco,2021-04-24,7969,866865,5476,534342,2493,294524,0,37999,4710,178565,3238,362282,4719,540847,California
San Francisco,2021-04-25,5049,871914,4339,538681,704,295228,6,38005,2948,179436,2088,364370,2959,543806,California
San Francisco,2021-04-26,8531,880445,6080,544761,2439,297667,12,38017,4249,179461,4252,368622,4277,548083,California
San Francisco,2021-04-27,8986,889431,6112,550873,2704,300371,170,38187,4489,179659,4471,373093,4669,552752,California
San Francisco,2021-04-28,9965,899396,6974,557847,2800,303171,191,38378,5228,180381,4704,377797,5426,558178,California
San Francisco,2021-04-29,9802,909198,5831,563678,3777,306948,194,38572,4822,180458,4953,382750,5030,563208,California
San Francisco,2021-04-30,11336,920534,5606,569284,5527,312475,203,38775,4224,177825,7066,389816,4433,567641,California
San Francisco,2021-05-01,6997,927531,3595,572879,3287,315762,115,38890,1701,174381,5261,395077,1817,569458,California
San Francisco,2021-05-02,5338,932869,3095,575974,2145,317907,98,38988,976,171107,4352,399429,1078,570536,California
San Francisco,2021-05-03,9702,942571,6611,582585,2927,320834,164,39152,2439,166487,7231,406660,2611,573147,California
San Francisco,2021-05-04,9852,952423,6441,589026,3160,323994,251,39403,2384,161692,7435,414095,2640,575787,California
San Francisco,2021-05-05,9272,961695,6576,595602,2383,326377,313,39716,2272,157330,6951,421046,2589,578376,California
San Francisco,2021-05-06,10975,972670,8788,604390,1715,328092,472,40188,1908,150679,9033,430079,2382,580758,California
San Francisco,2021-05-07,10322,982992,6670,611060,3379,331471,273,40461,1679,144013,8616,438695,1950,582708,California
San Francisco,2021-05-08,8906,991898,4057,615117,4719,336190,130,40591,1099,137469,7774,446469,1230,583938,California
San Francisco,2021-05-09,6744,998642,5855,620972,806,336996,83,40674,1085,132995,5636,452105,1162,585100,California
San Francisco,2021-05-10,7389,1006031,5324,626296,1810,338806,255,40929,1005,127902,6352,458457,1259,586359,California
San Francisco,2021-05-11,8154,1014185,6027,632323,1908,340714,219,41148,1494,122991,6623,465080,1712,588071,California
San Francisco,2021-05-12,8388,1022573,6153,638476,1778,342492,457,41605,1495,118079,6860,471940,1948,590019,California
San Francisco,2021-05-13,11392,1033965,8387,646863,2779,345271,226,41831,4183,115317,7179,479119,4417,594436,California
San Francisco,2021-05-14,9582,1043547,6825,653688,2586,347857,171,42002,2987,111923,6563,485682,3169,597605,California
San Francisco,2021-05-15,8131,1051678,6439,660127,1636,349493,56,42058,3202,110280,4913,490595,3270,600875,California
San Francisco,2021-05-16,5302,1056980,4459,664586,784,350277,59,42117,2024,109107,3257,493852,2084,602959,California
San Francisco,2021-05-17,7406,1064386,5520,670106,1721,351998,165,42282,2383,106656,5002,498854,2551,605510,California
San Francisco,2021-05-18,8763,1073149,5020,675126,3567,355565,176,42458,1829,101775,6886,505740,2005,607515,California
San Francisco,2021-05-19,7493,1080642,5546,680672,1712,357277,235,42693,2162,98867,5303,511043,2395,609910,California
San Francisco,2021-05-20,6144,1086786,4127,684799,1764,359041,253,42946,1495,95999,4611,515654,1743,611653,California
San Francisco,2021-05-21,7194,1093980,4074,688873,2934,361975,186,43132,1573,92179,5574,521228,1754,613407,California
San Francisco,2021-05-22,4809,1098789,3623,692496,1095,363070,91,43223,2182,91844,2607,523835,2272,615679,California
San Francisco,2021-05-23,1938,1100727,1484,693980,380,363450,74,43297,849,91689,1079,524914,924,616603,California
San Francisco,2021-05-24,4225,1104952,2998,696978,1064,364514,163,43460,1233,90121,2966,527880,1398,618001,California
San Francisco,2021-05-25,3699,1108651,2402,699380,1074,365588,223,43683,1030,88719,2650,530530,1248,619249,California
San Francisco,2021-05-26,3960,1112611,2553,701933,1261,366849,146,43829,1045,87020,2890,533420,1191,620440,California
San Francisco,2021-05-27,3717,1116328,2144,704077,1397,368246,176,44005,1163,85816,2542,535962,1338,621778,California
San Francisco,2021-05-28,3781,1120109,2154,706231,1465,369711,162,44167,1316,84856,2437,538399,1477,623255,California
San Francisco,2021-05-29,2030,1122139,1462,707693,466,370177,102,44269,787,84517,1222,539621,883,624138,California
San Francisco,2021-05-30,966,1123105,692,708385,237,370414,37,44306,393,84378,569,540190,430,624568,California
San Francisco,2021-05-31,257,1123362,209,708594,41,370455,7,44313,85,84300,170,540360,92,624660,California
San Francisco,2021-06-01,3573,1126935,2163,710757,1223,371678,187,44500,1058,83043,2499,542859,1242,625902,California
San Francisco,2021-06-02,2460,1129395,1778,712535,559,372237,123,44623,809,82333,1637,544496,927,626829,California
San Francisco,2021-06-03,3963,1133358,2722,715257,1038,373275,203,44826,912,80410,3033,547529,1110,627939,California
San Francisco,2021-06-04,5726,1139084,4853,720110,737,374012,136,44962,1239,77328,4452,551981,1370,629309,California
San Francisco,2021-06-05,3720,1142804,3143,723253,429,374441,148,45110,871,75506,2837,554818,1015,630324,California
San Francisco,2021-06-06,2333,1145137,2183,725436,112,374553,38,45148,384,73986,1942,556760,422,630746,California
San Francisco,2021-06-07,3642,1148779,3016,728452,492,375045,134,45282,863,72221,2760,559520,995,631741,California
San Francisco,2021-06-08,2828,1151607,2224,730676,438,375483,166,45448,795,71160,2016,561536,955,632696,California
San Francisco,2021-06-09,2315,1153922,1854,732530,325,375808,136,45584,648,70291,1651,563187,782,633478,California
San Francisco,2021-06-10,2496,1156418,1907,734437,399,376207,190,45774,748,69493,1736,564923,938,634416,California
San Francisco,2021-06-11,3157,1159575,2492,736929,500,376707,165,45939,924,68373,2207,567130,1087,635503,California
San Francisco,2021-06-12,3040,1162615,2639,739568,275,376982,126,46065,720,66911,2306,569436,844,636347,California
San Francisco,2021-06-13,926,1163541,805,740373,74,377056,47,46112,225,66489,693,570129,271,636618,California
San Francisco,2021-06-14,2511,1166052,2029,742402,331,377387,151,46263,825,65788,1675,571804,974,637592,California
San Francisco,2021-06-15,1905,1167957,1469,743871,303,377690,133,46396,666,65357,1230,573034,799,638391,California
San Francisco,2021-06-16,1849,1169806,1395,745266,260,377950,194,46590,633,64978,1199,574233,820,639211,California
San Francisco,2021-06-17,1982,1171788,1527,746793,255,378205,200,46790,647,64500,1320,575553,842,640053,California
San Francisco,2021-06-18,2346,1174134,1733,748526,437,378642,176,46966,751,63842,1581,577134,923,640976,California
San Francisco,2021-06-19,1404,1175538,1182,749708,112,378754,110,47076,429,63417,961,578095,536,641512,California
San Francisco,2021-06-20,626,1176164,536,750244,55,378809,35,47111,254,63340,366,578461,289,641801,California
San Francisco,2021-06-21,1156,1177320,862,751106,183,378992,111,47222,602,63507,544,579005,711,642512,California
San Francisco,2021-06-22,1577,1178897,1239,752345,227,379219,111,47333,548,63145,1015,580020,653,643165,California
San Francisco,2021-06-23,1484,1180381,1169,753514,175,379394,140,47473,591,62988,881,580901,724,643889,California
San Francisco,2021-06-24,1536,1181917,1124,754638,243,379637,169,47642,510,62655,1007,581908,674,644563,California
San Francisco,2021-06-25,1821,1183738,1472,756110,247,379884,102,47744,654,62263,1146,583054,754,645317,California
San Francisco,2021-06-26,1395,1185133,1249,757359,66,379950,80,47824,498,61949,888,583942,574,645891,California
San Francisco,2021-06-27,553,1185686,492,757851,33,379983,28,47852,225,61879,322,584264,252,646143,California
San Francisco,2021-06-28,1480,1187166,1274,759125,113,380096,93,47945,526,61555,942,585206,618,646761,California
San Francisco,2021-06-29,994,1188160,730,759855,166,380262,98,48043,319,61297,669,585875,411,647172,California
San Joaquin,2020-12-15,14,14,14,14,0,0,0,0,14,14,0,0,14,14,California
San Joaquin,2020-12-16,310,324,310,324,0,0,0,0,310,324,0,0,310,324,California
San Joaquin,2020-12-17,323,647,323,647,0,0,0,0,323,647,0,0,323,647,California
San Joaquin,2020-12-18,539,1186,535,1182,4,4,0,0,539,1186,0,0,539,1186,California
San Joaquin,2020-12-19,192,1378,192,1374,0,4,0,0,192,1378,0,0,192,1378,California
San Joaquin,2020-12-20,119,1497,117,1491,2,6,0,0,119,1497,0,0,119,1497,California
San Joaquin,2020-12-21,496,1993,495,1986,1,7,0,0,496,1993,0,0,496,1993,California
San Joaquin,2020-12-22,981,2974,860,2846,121,128,0,0,980,2973,0,0,980,2973,California
San Joaquin,2020-12-23,986,3960,929,3775,57,185,0,0,984,3957,2,2,986,3959,California
San Joaquin,2020-12-24,216,4176,188,3963,28,213,0,0,215,4172,1,3,216,4175,California
San Joaquin,2020-12-25,15,4191,15,3978,0,213,0,0,15,4187,0,3,15,4190,California
San Joaquin,2020-12-26,103,4294,31,4009,72,285,0,0,103,4290,0,3,103,4293,California
San Joaquin,2020-12-27,46,4340,32,4041,14,299,0,0,46,4336,0,3,46,4339,California
San Joaquin,2020-12-28,627,4967,424,4465,203,502,0,0,627,4963,0,3,627,4966,California
San Joaquin,2020-12-29,799,5766,669,5134,130,632,0,0,799,5762,0,3,799,5765,California
San Joaquin,2020-12-30,1016,6782,722,5856,294,926,0,0,1014,6776,2,5,1016,6781,California
San Joaquin,2020-12-31,456,7238,203,6059,253,1179,0,0,456,7232,1,6,457,7238,California
San Joaquin,2021-01-01,25,7263,13,6072,12,1191,0,0,25,7257,0,6,25,7263,California
San Joaquin,2021-01-02,267,7530,244,6316,23,1214,0,0,267,7524,0,6,267,7530,California
San Joaquin,2021-01-03,39,7569,22,6338,17,1231,0,0,38,7561,1,7,38,7568,California
San Joaquin,2021-01-04,479,8048,340,6678,139,1370,0,0,477,8037,1,8,477,8045,California
San Joaquin,2021-01-05,992,9040,656,7334,336,1706,0,0,819,8721,173,181,857,8902,California
San Joaquin,2021-01-06,1232,10272,716,8050,516,2222,0,0,926,9350,301,482,930,9832,California
San Joaquin,2021-01-07,1094,11366,694,8744,400,2622,0,0,790,9840,301,783,791,10623,California
San Joaquin,2021-01-08,1217,12583,831,9575,386,3008,0,0,717,10064,498,1281,722,11345,California
San Joaquin,2021-01-09,385,12968,303,9878,82,3090,0,0,250,10181,135,1416,252,11597,California
San Joaquin,2021-01-10,227,13195,117,9995,110,3200,0,0,174,10303,52,1468,174,11771,California
San Joaquin,2021-01-11,1540,14735,1330,11325,210,3410,0,0,872,10576,667,2135,940,12711,California
San Joaquin,2021-01-12,1523,16258,1104,12429,419,3829,0,0,735,10599,784,2919,807,13518,California
San Joaquin,2021-01-13,1550,17808,906,13335,644,4473,0,0,965,10987,582,3501,970,14488,California
San Joaquin,2021-01-14,1779,19587,978,14313,801,5274,0,0,1428,12104,330,3831,1447,15935,California
San Joaquin,2021-01-15,1564,21151,556,14869,1008,6282,0,0,1321,13220,228,4059,1344,17279,California
San Joaquin,2021-01-16,1138,22289,182,15051,956,7238,0,0,1105,14293,32,4091,1105,18384,California
San Joaquin,2021-01-17,1631,23920,139,15190,1492,8730,0,0,1586,15836,45,4136,1588,19972,California
San Joaquin,2021-01-18,744,24664,239,15429,505,9235,0,0,622,16340,118,4254,622,20594,California
San Joaquin,2021-01-19,1887,26551,901,16330,986,10221,0,0,1200,16866,682,4936,1208,21802,California
San Joaquin,2021-01-20,2108,28659,1292,17622,816,11037,0,0,1456,17684,645,5581,1463,23265,California
San Joaquin,2021-01-21,1999,30658,902,18524,1097,12134,0,0,1600,18901,392,5973,1609,24874,California
San Joaquin,2021-01-22,1975,32633,899,19423,1076,13210,0,0,1833,20599,137,6110,1835,26709,California
San Joaquin,2021-01-23,908,33541,393,19816,515,13725,0,0,619,20933,287,6397,621,27330,California
San Joaquin,2021-01-24,368,33909,138,19954,230,13955,0,0,344,21256,21,6418,344,27674,California
San Joaquin,2021-01-25,2014,35923,1148,21102,866,14821,0,0,1441,22130,570,6988,1444,29118,California
San Joaquin,2021-01-26,2176,38099,1125,22227,1051,15872,0,0,1546,23061,623,7611,1554,30672,California
San Joaquin,2021-01-27,1759,39858,770,22997,989,16861,0,0,1254,23822,500,8111,1261,31933,California
San Joaquin,2021-01-28,2085,41943,781,23778,1304,18165,0,0,1417,24585,663,8774,1426,33359,California
San Joaquin,2021-01-29,2189,44132,1057,24835,1132,19297,0,0,1833,26079,349,9123,1843,35202,California
San Joaquin,2021-01-30,2185,46317,355,25190,1830,21127,0,0,2002,27901,182,9305,2004,37206,California
San Joaquin,2021-01-31,1554,47871,173,25363,1381,22508,0,0,1486,29322,66,9371,1487,38693,California
San Joaquin,2021-02-01,2546,50417,1310,26673,1236,23744,0,0,1772,30324,774,10145,1776,40469,California
San Joaquin,2021-02-02,2658,53075,1181,27854,1477,25221,0,0,2044,31819,553,10698,2048,42517,California
San Joaquin,2021-02-03,3147,56222,1236,29090,1911,27132,0,0,2269,33227,870,11568,2278,44795,California
San Joaquin,2021-02-04,3617,59839,1838,30928,1779,28911,0,0,2714,35050,897,12465,2720,47515,California
San Joaquin,2021-02-05,3216,63055,1808,32736,1408,30319,0,0,2376,36616,824,13289,2390,49905,California
San Joaquin,2021-02-06,1092,64147,739,33475,353,30672,0,0,943,37414,146,13435,944,50849,California
San Joaquin,2021-02-07,624,64771,493,33968,131,30803,0,0,417,37630,202,13637,418,51267,California
San Joaquin,2021-02-08,1888,66659,1047,35015,841,31644,0,0,1529,38831,335,13972,1536,52803,California
San Joaquin,2021-02-09,2166,68825,1155,36170,1011,32655,0,0,1611,39962,483,14455,1614,54417,California
San Joaquin,2021-02-10,2634,71459,1265,37435,1369,34024,0,0,1398,40148,1213,15668,1399,55816,California
San Joaquin,2021-02-11,2969,74428,1480,38915,1489,35513,0,0,1725,40672,1208,16876,1732,57548,California
San Joaquin,2021-02-12,2871,77299,1137,40052,1734,37247,0,0,1630,41093,1214,18090,1635,59183,California
San Joaquin,2021-02-13,2146,79445,412,40464,1734,38981,0,0,868,40706,1261,19351,874,60057,California
San Joaquin,2021-02-14,1926,81371,265,40729,1661,40642,0,0,707,40228,1186,20537,708,60765,California
San Joaquin,2021-02-15,2027,83398,844,41573,1183,41825,0,0,1224,40685,771,21308,1228,61993,California
San Joaquin,2021-02-16,3234,86632,1413,42986,1821,43646,0,0,1786,41051,1431,22739,1797,63790,California
San Joaquin,2021-02-17,3335,89967,1288,44274,2047,45693,0,0,1908,41553,1411,24150,1913,65703,California
San Joaquin,2021-02-18,3401,93368,1409,45683,1992,47685,0,0,1935,42067,1428,25578,1942,67645,California
San Joaquin,2021-02-19,4323,97691,2447,48130,1876,49561,0,0,2406,42612,1861,27439,2406,70051,California
San Joaquin,2021-02-20,1616,99307,698,48828,918,50479,0,0,1080,43162,532,27971,1082,71133,California
San Joaquin,2021-02-21,691,99998,519,49347,172,50651,0,0,425,43327,263,28234,428,71561,California
San Joaquin,2021-02-22,3620,103618,2549,51896,1071,51722,0,0,2572,44889,1018,29252,2580,74141,California
San Joaquin,2021-02-23,4389,108007,2664,54560,1725,53447,0,0,2680,45903,1672,30924,2686,76827,California
San Joaquin,2021-02-24,5860,113867,3473,58033,2387,55834,0,0,4173,48423,1657,32581,4177,81004,California
San Joaquin,2021-02-25,6451,120318,3974,62007,2477,58311,0,0,4125,50276,2282,34863,4135,85139,California
San Joaquin,2021-02-26,5603,125921,2899,64906,2704,61015,0,0,3814,52346,1751,36614,3821,88960,California
San Joaquin,2021-02-27,5540,131461,1656,66562,3883,64898,1,1,2676,52237,2799,39413,2690,91650,California
San Joaquin,2021-02-28,3139,134600,1134,67696,2005,66903,0,1,2074,53279,1035,40448,2077,93727,California
San Joaquin,2021-03-01,4340,138940,1854,69550,2483,69386,3,4,2361,53694,1958,42406,2373,96100,California
San Joaquin,2021-03-02,4300,143240,1706,71256,2594,71980,0,4,2691,54855,1586,43992,2747,98847,California
San Joaquin,2021-03-03,5896,149136,3493,74749,2401,74381,2,6,4232,57455,1633,45625,4233,103080,California
San Joaquin,2021-03-04,5787,154923,2296,77045,3488,77869,3,9,3768,59226,2001,47626,3772,106852,California
San Joaquin,2021-03-05,4557,159480,1917,78962,2635,80504,5,14,3140,60976,1399,49025,3149,110001,California
San Joaquin,2021-03-06,3345,162825,2198,81160,1017,81521,130,144,2744,63259,594,49619,2877,112878,California
San Joaquin,2021-03-07,1238,164063,576,81736,614,82135,48,192,946,63964,274,49893,979,113857,California
San Joaquin,2021-03-08,3238,167301,1293,83029,1821,83956,124,316,2113,65091,1109,51002,2236,116093,California
San Joaquin,2021-03-09,4221,171522,1881,84910,2211,86167,129,445,2694,66413,1506,52508,2828,118921,California
San Joaquin,2021-03-10,4952,176474,2547,87457,2261,88428,144,589,3463,68548,1471,53979,3606,122527,California
San Joaquin,2021-03-11,5256,181730,2471,89928,2181,90609,604,1193,2964,69840,2277,56256,3569,126096,California
San Joaquin,2021-03-12,6641,188371,3243,93171,3060,93669,338,1531,4180,71935,2430,58686,4525,130621,California
San Joaquin,2021-03-13,3264,191635,1521,94692,1617,95286,126,1657,2335,73485,917,59603,2467,133088,California
San Joaquin,2021-03-14,2193,193828,679,95371,1207,96493,307,1964,1033,73676,1153,60756,1344,134432,California
San Joaquin,2021-03-15,6178,200006,3525,98896,2244,98737,409,2373,3197,74353,2943,63699,3620,138052,California
San Joaquin,2021-03-16,6976,206982,3941,102837,2779,101516,256,2629,4107,75881,2841,66540,4369,142421,California
San Joaquin,2021-03-17,8006,214988,4742,107579,3193,104709,71,2700,4409,76827,3542,70082,4488,146909,California
San Joaquin,2021-03-18,7769,222757,4546,112125,2711,107420,512,3212,3855,77339,3862,73944,4374,151283,California
San Joaquin,2021-03-19,8055,230812,4703,116828,2809,110229,543,3755,4872,79657,3155,77099,5473,156756,California
San Joaquin,2021-03-20,3729,234541,2161,118989,1326,111555,242,3997,1836,79883,1864,78963,2090,158846,California
San Joaquin,2021-03-21,2147,236688,1518,120507,421,111976,208,4205,1162,80366,965,79928,1448,160294,California
San Joaquin,2021-03-22,4144,240832,2102,122609,1623,113599,419,4624,2484,81635,1638,81566,2907,163201,California
San Joaquin,2021-03-23,5528,246360,2700,125309,2659,116258,169,4793,3816,83943,1684,83250,3992,167193,California
San Joaquin,2021-03-24,6986,253346,4301,129610,2596,118854,89,4882,3104,83310,3833,87083,3200,170393,California
San Joaquin,2021-03-25,5739,259085,3384,132994,2310,121164,45,4927,3429,84508,2281,89364,3479,173872,California
San Joaquin,2021-03-26,6346,265431,2613,135607,3578,124742,155,5082,3335,85038,2982,92346,3512,177384,California
San Joaquin,2021-03-27,4707,270138,2643,138250,1990,126732,74,5156,1812,84068,2866,95212,1896,179280,California
San Joaquin,2021-03-28,2765,272903,1833,140083,907,127639,25,5181,1274,84003,1470,96682,1405,180685,California
San Joaquin,2021-03-29,4183,277086,2211,142294,1949,129588,23,5204,2117,84110,2047,98729,2154,182839,California
San Joaquin,2021-03-30,6391,283477,3203,145497,3094,132682,94,5298,3537,84942,2819,101548,3651,186490,California
San Joaquin,2021-03-31,6836,290313,4224,149721,2551,135233,61,5359,3503,85230,3301,104849,3589,190079,California
San Joaquin,2021-04-01,6603,296916,3032,152753,3479,138712,92,5451,2962,84732,3610,108459,3112,193191,California
San Joaquin,2021-04-02,6504,303420,2909,155662,3088,141800,507,5958,2609,84015,3864,112323,3147,196338,California
San Joaquin,2021-04-03,4241,307661,2410,158072,1505,143305,326,6284,2032,84195,2189,114512,2369,198707,California
San Joaquin,2021-04-04,2308,309969,1378,159450,723,144028,207,6491,1555,85236,741,115253,1782,200489,California
San Joaquin,2021-04-05,4893,314862,2883,162333,1772,145800,238,6729,2732,86070,2145,117398,2979,203468,California
San Joaquin,2021-04-06,7230,322092,4588,166921,2363,148163,279,7008,3465,86101,3728,121126,3759,207227,California
San Joaquin,2021-04-07,8496,330588,4602,171523,2302,150465,1592,8600,3589,86413,4881,126007,5193,212420,California
San Joaquin,2021-04-08,8937,339525,4773,176296,1994,152459,2170,10770,3388,86453,5519,131526,5559,217979,California
San Joaquin,2021-04-09,9113,348638,4418,180714,3086,155545,1609,12379,3351,85698,5733,137259,4978,222957,California
San Joaquin,2021-04-10,5262,353900,1666,182380,1687,157232,1909,14288,1788,85933,3459,140718,3694,226651,California
San Joaquin,2021-04-11,4309,358209,1776,184156,1366,158598,1167,15455,1977,86753,2318,143036,3138,229789,California
San Joaquin,2021-04-12,6173,364382,2515,186671,2108,160706,1550,17005,2438,87038,3707,146743,3992,233781,California
San Joaquin,2021-04-13,7675,372057,4414,191085,3252,163958,9,17014,4680,88766,2967,149710,4695,238476,California
San Joaquin,2021-04-14,7738,379795,3921,195006,3815,167773,2,17016,4647,90363,3064,152774,4661,243137,California
San Joaquin,2021-04-15,8046,387841,4775,199781,3271,171044,0,17016,4437,91246,3563,156337,4446,247583,California
San Joaquin,2021-04-16,7920,395761,4295,204076,3622,174666,3,17019,4766,92907,3120,159457,4781,252364,California
San Joaquin,2021-04-17,5210,400971,2830,206906,2378,177044,2,17021,3692,95114,1505,160962,3712,256076,California
San Joaquin,2021-04-18,2606,403577,1500,208406,1106,178150,0,17021,1382,95297,1207,162169,1390,257466,California
San Joaquin,2021-04-19,5322,408899,2837,211243,2485,180635,0,17021,2768,95559,2517,164686,2779,260245,California
San Joaquin,2021-04-20,6499,415398,3485,214728,3013,183648,1,17022,3052,95210,3412,168098,3063,263308,California
San Joaquin,2021-04-21,6051,421449,3445,218173,2606,186254,0,17022,3082,95394,2907,171005,3091,266399,California
San Joaquin,2021-04-22,5568,427017,3315,221488,2251,188505,2,17024,3147,96174,2386,173391,3166,269565,California
San Joaquin,2021-04-23,6215,433232,3032,224520,3182,191687,1,17025,3893,97779,2296,175687,3901,273466,California
San Joaquin,2021-04-24,5280,438512,3636,228156,1642,193329,2,17027,3434,99405,1817,177504,3443,276909,California
San Joaquin,2021-04-25,3081,441593,2594,230750,487,193816,0,17027,2045,100446,1010,178514,2051,278960,California
San Joaquin,2021-04-26,4244,445837,2740,233490,1500,195316,4,17031,2184,100599,2041,180555,2194,281154,California
San Joaquin,2021-04-27,4831,450668,2767,236257,2002,197318,62,17093,2039,99945,2763,183318,2109,283263,California
San Joaquin,2021-04-28,5873,456541,3521,239778,2273,199591,79,17172,2857,99913,2978,186296,2946,286209,California
San Joaquin,2021-04-29,5189,461730,3051,242829,2081,201672,57,17229,2627,100078,2531,188827,2696,288905,California
San Joaquin,2021-04-30,5246,466976,2592,245421,2587,204259,67,17296,2688,100309,2534,191361,2765,291670,California
San Joaquin,2021-05-01,3379,470355,1930,247351,1391,205650,58,17354,2151,101312,1218,192579,2221,293891,California
San Joaquin,2021-05-02,2308,472663,1605,248956,646,206296,57,17411,1167,101400,1137,193716,1225,295116,California
San Joaquin,2021-05-03,3419,476082,2287,251243,1052,207348,80,17491,1413,100912,1989,195705,1501,296617,California
San Joaquin,2021-05-04,5092,481174,3432,254675,1503,208851,157,17648,1856,99724,3212,198917,2024,298641,California
San Joaquin,2021-05-05,5377,486551,3724,258399,1489,210340,164,17812,2395,99342,2947,201864,2565,301206,California
San Joaquin,2021-05-06,4909,491460,3317,261716,1462,211802,130,17942,2139,98870,2753,204617,2281,303487,California
San Joaquin,2021-05-07,5349,496809,3143,264859,2054,213856,152,18094,2039,97786,3284,207901,2200,305687,California
San Joaquin,2021-05-08,3406,500215,2235,267094,1070,214926,101,18195,1285,97076,2105,210006,1395,307082,California
San Joaquin,2021-05-09,1516,501731,865,267959,581,215507,70,18265,573,96785,940,210946,649,307731,California
San Joaquin,2021-05-10,2945,504676,1561,269520,1259,216766,125,18390,946,95879,1982,212928,1076,308807,California
San Joaquin,2021-05-11,4267,508943,2230,271750,1914,218680,123,18513,1294,94372,2955,215883,1448,310255,California
San Joaquin,2021-05-12,4519,513462,2153,273903,2240,220920,126,18639,1395,92803,3102,218985,1533,311788,California
San Joaquin,2021-05-13,4895,518357,2881,276784,1924,222844,90,18729,1877,91783,3002,221987,1982,313770,California
San Joaquin,2021-05-14,5920,524277,3566,280350,2246,225090,108,18837,2438,90883,3452,225439,2552,316322,California
San Joaquin,2021-05-15,5264,529541,3139,283489,2044,227134,81,18918,1654,89043,3579,229018,1739,318061,California
San Joaquin,2021-05-16,3623,533164,2850,286339,724,227858,49,18967,1471,88433,2138,231156,1528,319589,California
San Joaquin,2021-05-17,4173,537337,2502,288841,1574,229432,97,19064,1791,87967,2364,233520,1898,321487,California
San Joaquin,2021-05-18,4007,541344,2318,291159,1574,231006,115,19179,1860,87816,2129,235649,1978,323465,California
San Joaquin,2021-05-19,4796,546140,2798,293957,1863,232869,135,19314,2030,87255,2735,238384,2174,325639,California
San Joaquin,2021-05-20,4013,550153,2405,296362,1503,234372,105,19419,1731,86838,2256,240640,1839,327478,California
San Joaquin,2021-05-21,5092,555245,2995,299357,1975,236347,122,19541,2307,86523,2754,243394,2439,329917,California
San Joaquin,2021-05-22,4063,559308,2550,301907,1418,237765,95,19636,1811,86202,2238,245632,1917,331834,California
San Joaquin,2021-05-23,2540,561848,2085,303992,411,238176,44,19680,1470,86661,1059,246691,1518,333352,California
San Joaquin,2021-05-24,3102,564950,1821,305813,1188,239364,93,19773,1446,86565,1640,248331,1544,334896,California
San Joaquin,2021-05-25,3135,568085,1952,307765,1035,240399,148,19921,1445,86490,1669,250000,1594,336490,California
San Joaquin,2021-05-26,3931,572016,2422,310187,1434,241833,75,19996,1597,85848,2317,252317,1675,338165,California
San Joaquin,2021-05-27,3148,575164,1717,311904,1347,243180,84,20080,1280,85363,1852,254169,1367,339532,California
San Joaquin,2021-05-28,3134,578298,1675,313579,1367,244547,92,20172,1451,85257,1658,255827,1552,341084,California
San Joaquin,2021-05-29,2151,580449,1189,314768,926,245473,36,20208,917,84985,1229,257056,957,342041,California
San Joaquin,2021-05-30,977,581426,523,315291,428,245901,26,20234,400,84843,571,257627,429,342470,California
San Joaquin,2021-05-31,621,582047,260,315551,354,246255,7,20241,235,84704,381,258008,242,342712,California
San Joaquin,2021-06-01,2469,584516,1487,317038,885,247140,97,20338,1170,84689,1289,259297,1274,343986,California
San Joaquin,2021-06-02,2737,587253,1618,318656,1065,248205,54,20392,1134,84293,1587,260884,1191,345177,California
San Joaquin,2021-06-03,2854,590107,1763,320419,1034,249239,57,20449,1055,83628,1781,262665,1116,346293,California
San Joaquin,2021-06-04,3148,593255,1935,322354,1109,250348,104,20553,1055,82722,2066,264731,1160,347453,California
San Joaquin,2021-06-05,2520,595775,1919,324273,535,250883,66,20619,1149,82662,1279,266010,1219,348672,California
San Joaquin,2021-06-06,1099,596874,885,325158,177,251060,37,20656,428,82475,652,266662,465,349137,California
San Joaquin,2021-06-07,2833,599707,2100,327258,692,251752,41,20697,974,81647,1852,268514,1024,350161,California
San Joaquin,2021-06-08,2771,602478,2101,329359,625,252377,45,20742,872,80685,1882,270396,920,351081,California
San Joaquin,2021-06-09,2855,605333,1987,331346,824,253201,44,20786,963,79820,1874,272270,1009,352090,California
San Joaquin,2021-06-10,2676,608009,1947,333293,663,253864,66,20852,1004,79226,1667,273937,1073,353163,California
San Joaquin,2021-06-11,2969,610978,2054,335347,798,254662,117,20969,972,78328,1988,275925,1090,354253,California
San Joaquin,2021-06-12,1861,612839,1402,336749,428,255090,31,21000,629,77784,1225,277150,681,354934,California
San Joaquin,2021-06-13,1065,613904,826,337575,191,255281,48,21048,487,77747,574,277724,537,355471,California
San Joaquin,2021-06-14,2217,616121,1489,339064,656,255937,72,21120,931,77477,1275,278999,1005,356476,California
San Joaquin,2021-06-15,2243,618364,1497,340561,669,256606,77,21197,870,77067,1360,280359,950,357426,California
San Joaquin,2021-06-16,2719,621083,1952,342513,685,257291,82,21279,906,76259,1797,282156,989,358415,California
San Joaquin,2021-06-17,2619,623702,1865,344378,691,257982,63,21342,888,75492,1718,283874,951,359366,California
San Joaquin,2021-06-18,2767,626469,1815,346193,876,258858,76,21418,1145,75105,1609,285483,1222,360588,California
San Joaquin,2021-06-19,1393,627862,867,347060,266,259124,260,21678,499,74978,887,286370,760,361348,California
San Joaquin,2021-06-20,656,628518,518,347578,112,259236,26,21704,290,74933,360,286730,315,361663,California
San Joaquin,2021-06-21,1621,630139,957,348535,555,259791,109,21813,822,75072,792,287522,931,362594,California
San Joaquin,2021-06-22,1896,632035,1248,349783,577,260368,71,21884,821,74898,1064,288586,890,363484,California
San Joaquin,2021-06-23,2039,634074,1338,351121,619,260987,82,21966,830,74622,1189,289775,913,364397,California
San Joaquin,2021-06-24,2034,636108,1388,352509,546,261533,100,22066,925,74602,1048,290823,1028,365425,California
San Joaquin,2021-06-25,1787,637895,1138,353647,570,262103,79,22145,830,74561,950,291773,909,366334,California
San Joaquin,2021-06-26,1101,638996,815,354462,233,262336,53,22198,544,74606,553,292326,598,366932,California
San Joaquin,2021-06-27,580,639576,439,354901,102,262438,39,22237,284,74637,292,292618,323,367255,California
San Joaquin,2021-06-28,1483,641059,1047,355948,366,262804,70,22307,700,74655,753,293371,771,368026,California
San Joaquin,2021-06-29,983,642042,582,356530,359,263163,42,22349,439,74597,539,293910,481,368507,California
San Luis Obispo,2020-12-16,4,4,4,4,0,0,0,0,4,4,0,0,4,4,California
San Luis Obispo,2020-12-17,196,200,196,200,0,0,0,0,196,200,0,0,196,200,California
San Luis Obispo,2020-12-18,224,424,224,424,0,0,0,0,224,424,0,0,224,424,California
San Luis Obispo,2020-12-19,164,588,164,588,0,0,0,0,164,588,0,0,164,588,California
San Luis Obispo,2020-12-20,215,803,215,803,0,0,0,0,215,803,0,0,215,803,California
San Luis Obispo,2020-12-21,550,1353,549,1352,1,1,0,0,550,1353,0,0,550,1353,California
San Luis Obispo,2020-12-22,309,1662,305,1657,4,5,0,0,309,1662,0,0,309,1662,California
San Luis Obispo,2020-12-23,681,2343,367,2024,314,319,0,0,681,2343,0,0,681,2343,California
San Luis Obispo,2020-12-24,194,2537,19,2043,175,494,0,0,194,2537,0,0,194,2537,California
San Luis Obispo,2020-12-25,2,2539,1,2044,1,495,0,0,2,2539,0,0,2,2539,California
San Luis Obispo,2020-12-26,89,2628,12,2056,77,572,0,0,89,2628,0,0,89,2628,California
San Luis Obispo,2020-12-27,76,2704,0,2056,76,648,0,0,76,2704,0,0,76,2704,California
San Luis Obispo,2020-12-28,877,3581,428,2484,449,1097,0,0,877,3581,0,0,877,3581,California
San Luis Obispo,2020-12-29,905,4486,506,2990,399,1496,0,0,905,4486,0,0,905,4486,California
San Luis Obispo,2020-12-30,1172,5658,679,3669,493,1989,0,0,1172,5658,0,0,1172,5658,California
San Luis Obispo,2020-12-31,109,5767,4,3673,105,2094,0,0,109,5767,0,0,109,5767,California
San Luis Obispo,2021-01-01,18,5785,11,3684,7,2101,0,0,18,5785,0,0,18,5785,California
San Luis Obispo,2021-01-02,34,5819,8,3692,26,2127,0,0,34,5819,0,0,34,5819,California
San Luis Obispo,2021-01-03,17,5836,6,3698,11,2138,0,0,17,5836,0,0,17,5836,California
San Luis Obispo,2021-01-04,680,6516,524,4222,156,2294,0,0,680,6516,0,0,680,6516,California
San Luis Obispo,2021-01-05,974,7490,755,4977,219,2513,0,0,971,7484,3,3,971,7487,California
San Luis Obispo,2021-01-06,728,8218,481,5458,247,2760,0,0,720,8197,7,10,720,8207,California
San Luis Obispo,2021-01-07,1123,9341,947,6405,176,2936,0,0,680,8434,443,453,680,8887,California
San Luis Obispo,2021-01-08,884,10225,804,7209,80,3016,0,0,515,8581,368,821,515,9402,California
San Luis Obispo,2021-01-09,205,10430,195,7404,10,3026,0,0,28,8432,177,998,28,9430,California
San Luis Obispo,2021-01-10,12,10442,8,7412,4,3030,0,0,8,8436,4,1002,8,9438,California
San Luis Obispo,2021-01-11,560,11002,509,7921,51,3081,0,0,298,8473,261,1263,298,9736,California
San Luis Obispo,2021-01-12,600,11602,382,8303,218,3299,0,0,319,8511,281,1544,319,10055,California
San Luis Obispo,2021-01-13,887,12489,259,8562,628,3927,0,0,650,8926,235,1779,650,10705,California
San Luis Obispo,2021-01-14,727,13216,239,8801,488,4415,0,0,605,9418,113,1892,605,11310,California
San Luis Obispo,2021-01-15,734,13950,293,9094,441,4856,0,0,555,9799,174,2066,555,11865,California
San Luis Obispo,2021-01-16,101,14051,81,9175,20,4876,0,0,96,9890,5,2071,96,11961,California
San Luis Obispo,2021-01-17,63,14114,56,9231,7,4883,0,0,63,9953,0,2071,63,12024,California
San Luis Obispo,2021-01-18,1370,15484,390,9621,980,5863,0,0,1107,10797,263,2334,1107,13131,California
San Luis Obispo,2021-01-19,1583,17067,417,10038,1166,7029,0,0,1173,11561,410,2744,1174,14305,California
San Luis Obispo,2021-01-20,1893,18960,602,10640,1291,8320,0,0,1300,12271,591,3335,1301,15606,California
San Luis Obispo,2021-01-21,1579,20539,470,11110,1109,9429,0,0,1207,13111,368,3703,1208,16814,California
San Luis Obispo,2021-01-22,1522,22061,508,11618,1014,10443,0,0,1206,14003,314,4017,1206,18020,California
San Luis Obispo,2021-01-23,308,22369,289,11907,19,10462,0,0,292,14279,16,4033,292,18312,California
San Luis Obispo,2021-01-24,442,22811,234,12141,208,10670,0,0,436,14708,7,4040,436,18748,California
San Luis Obispo,2021-01-25,2075,24886,602,12743,1473,12143,0,0,1245,15123,830,4870,1245,19993,California
San Luis Obispo,2021-01-26,2003,26889,704,13447,1299,13442,0,0,1140,15400,863,5733,1140,21133,California
San Luis Obispo,2021-01-27,1609,28498,280,13727,1329,14771,0,0,1150,16091,459,6192,1150,22283,California
San Luis Obispo,2021-01-28,1496,29994,342,14069,1154,15925,0,0,1232,17061,262,6454,1232,23515,California
San Luis Obispo,2021-01-29,1747,31741,689,14758,1058,16983,0,0,1457,18228,290,6744,1457,24972,California
San Luis Obispo,2021-01-30,41,31782,19,14777,22,17005,0,0,29,18246,11,6755,29,25001,California
San Luis Obispo,2021-01-31,233,32015,19,14796,214,17219,0,0,231,18475,2,6757,231,25232,California
San Luis Obispo,2021-02-01,1710,33725,741,15537,969,18188,0,0,1405,19576,304,7061,1405,26637,California
San Luis Obispo,2021-02-02,1902,35627,680,16217,1222,19410,0,0,1525,20725,377,7438,1526,28163,California
San Luis Obispo,2021-02-03,1713,37340,730,16947,983,20393,0,0,1297,21606,416,7854,1297,29460,California
San Luis Obispo,2021-02-04,1663,39003,802,17749,861,21254,0,0,1097,22137,566,8420,1097,30557,California
San Luis Obispo,2021-02-05,1607,40610,717,18466,890,22144,0,0,1062,22654,546,8966,1063,31620,California
San Luis Obispo,2021-02-06,179,40789,108,18574,71,22215,0,0,99,22673,80,9046,99,31719,California
San Luis Obispo,2021-02-07,124,40913,79,18653,45,22260,0,0,72,22694,52,9098,73,31792,California
San Luis Obispo,2021-02-08,865,41778,473,19126,392,22652,0,0,501,22832,363,9461,501,32293,California
San Luis Obispo,2021-02-09,1128,42906,448,19574,680,23332,0,0,546,22809,576,10037,553,32846,California
San Luis Obispo,2021-02-10,1443,44349,493,20067,950,24282,0,0,528,22427,913,10950,531,33377,California
San Luis Obispo,2021-02-11,1336,45685,847,20914,489,24771,0,0,660,22413,674,11624,660,34037,California
San Luis Obispo,2021-02-12,782,46467,362,21276,420,25191,0,0,415,22461,367,11991,415,34452,California
San Luis Obispo,2021-02-13,396,46863,131,21407,265,25456,0,0,288,22642,107,12098,288,34740,California
San Luis Obispo,2021-02-14,323,47186,44,21451,279,25735,0,0,284,22888,39,12137,285,35025,California
San Luis Obispo,2021-02-15,731,47917,139,21590,592,26327,0,0,475,23108,255,12392,475,35500,California
San Luis Obispo,2021-02-16,2978,50895,1199,22789,1779,28106,0,0,1367,22864,1611,14003,1367,36867,California
San Luis Obispo,2021-02-17,2792,53687,1247,24036,1545,29651,0,0,1026,22133,1757,15760,1026,37893,California
San Luis Obispo,2021-02-18,2839,56526,1470,25506,1369,31020,0,0,1137,21578,1693,17453,1138,39031,California
San Luis Obispo,2021-02-19,1475,58001,1353,26859,122,31142,0,0,1141,22387,332,17785,1141,40172,California
San Luis Obispo,2021-02-20,260,58261,86,26945,174,31316,0,0,220,22568,40,17825,221,40393,California
San Luis Obispo,2021-02-21,57,58318,53,26998,4,31320,0,0,32,22575,25,17850,32,40425,California
San Luis Obispo,2021-02-22,2426,60744,1876,28874,550,31870,0,0,1473,23097,952,18802,1474,41899,California
San Luis Obispo,2021-02-23,1862,62606,1747,30621,115,31985,0,0,1366,23970,494,19296,1367,43266,California
San Luis Obispo,2021-02-24,2647,65253,1302,31923,1345,33330,0,0,836,22998,1808,21104,836,44102,California
San Luis Obispo,2021-02-25,2132,67385,1243,33166,889,34219,0,0,1208,23290,917,22021,1209,45311,California
San Luis Obispo,2021-02-26,2651,70036,1150,34316,1501,35720,0,0,1330,23309,1311,23332,1330,46641,California
San Luis Obispo,2021-02-27,584,70620,354,34670,230,35950,0,0,527,23780,56,23388,527,47168,California
San Luis Obispo,2021-02-28,591,71211,67,34737,524,36474,0,0,164,23519,425,23813,164,47332,California
San Luis Obispo,2021-03-01,3010,74221,1879,36616,1129,37603,2,2,2078,24668,932,24745,2081,49413,California
San Luis Obispo,2021-03-02,3052,77273,1913,38529,1139,38742,0,2,1893,25408,1154,25899,1894,51307,California
San Luis Obispo,2021-03-03,2351,79624,344,38873,2007,40749,0,2,856,24776,1489,27388,857,52164,California
San Luis Obispo,2021-03-04,2204,81828,1163,40036,1041,41790,0,2,1186,24949,1015,28403,1188,53352,California
San Luis Obispo,2021-03-05,2304,84132,1021,41057,1213,43003,70,72,1297,25323,993,29396,1367,54719,California
San Luis Obispo,2021-03-06,841,84973,312,41369,421,43424,108,180,618,25820,223,29619,720,55439,California
San Luis Obispo,2021-03-07,203,85176,34,41403,85,43509,84,264,75,25851,127,29746,158,55597,California
San Luis Obispo,2021-03-08,2739,87915,759,42162,1662,45171,318,582,1543,26520,1191,30937,1860,57457,California
San Luis Obispo,2021-03-09,2964,90879,974,43136,1742,46913,248,830,1532,26873,1428,32365,1781,59238,California
San Luis Obispo,2021-03-10,3200,94079,1241,44377,1677,48590,282,1112,1819,27596,1377,33742,2100,61338,California
San Luis Obispo,2021-03-11,3352,97431,1322,45699,1707,50297,323,1435,1810,28200,1530,35272,2134,63472,California
San Luis Obispo,2021-03-12,3219,100650,1239,46938,1642,51939,338,1773,1624,28576,1588,36860,1964,65436,California
San Luis Obispo,2021-03-13,909,101559,262,47200,538,52477,109,1882,540,28855,368,37228,647,66083,California
San Luis Obispo,2021-03-14,517,102076,55,47255,351,52828,111,1993,135,28721,380,37608,246,66329,California
San Luis Obispo,2021-03-15,3070,105146,1103,48358,1866,54694,101,2094,1530,28818,1537,39145,1634,67963,California
San Luis Obispo,2021-03-16,2859,108005,1511,49869,1238,55932,110,2204,1440,28955,1412,40557,1549,69512,California
San Luis Obispo,2021-03-17,3461,111466,1448,51317,1751,57683,262,2466,2007,29783,1440,41997,2268,71780,California
San Luis Obispo,2021-03-18,2827,114293,1449,52766,1164,58847,214,2680,1352,29880,1468,43465,1565,73345,California
San Luis Obispo,2021-03-19,2601,116894,1574,54340,705,59552,322,3002,964,29540,1628,45093,1288,74633,California
San Luis Obispo,2021-03-20,840,117734,501,54841,302,59854,37,3039,385,29508,454,45547,422,75055,California
San Luis Obispo,2021-03-21,190,117924,45,54886,141,59995,4,3043,160,29642,29,45576,163,75218,California
San Luis Obispo,2021-03-22,2762,120686,1174,56060,1540,61535,48,3091,1928,30788,830,46406,1976,77194,California
San Luis Obispo,2021-03-23,3349,124035,2228,58288,1092,62627,29,3120,2227,31927,1117,47523,2256,79450,California
San Luis Obispo,2021-03-24,3573,127608,2187,60475,1301,63928,85,3205,2662,33768,905,48428,2746,82196,California
San Luis Obispo,2021-03-25,3711,131319,2328,62803,1371,65299,12,3217,2658,35389,1048,49476,2669,84865,California
San Luis Obispo,2021-03-26,3312,134631,1809,64612,1031,66330,472,3689,1837,36230,1468,50944,2309,87174,California
San Luis Obispo,2021-03-27,1006,135637,508,65120,407,66737,91,3780,452,36221,552,51496,543,87717,California
San Luis Obispo,2021-03-28,621,136258,155,65275,410,67147,56,3836,418,36494,202,51698,475,88192,California
San Luis Obispo,2021-03-29,2631,138889,1322,66597,1176,68323,133,3969,1680,37373,935,52633,1814,90006,California
San Luis Obispo,2021-03-30,3536,142425,1940,68537,1455,69778,141,4110,2343,38670,1186,53819,2483,92489,California
San Luis Obispo,2021-03-31,3894,146319,2477,71014,1269,71047,148,4258,2502,39938,1381,55200,2649,95138,California
San Luis Obispo,2021-04-01,3903,150222,2472,73486,1313,72360,118,4376,2721,41608,1167,56367,2837,97975,California
San Luis Obispo,2021-04-02,1760,151982,691,74177,754,73114,315,4691,956,42076,801,57168,1269,99244,California
San Luis Obispo,2021-04-03,1113,153095,556,74733,430,73544,127,4818,494,42083,614,57782,621,99865,California
San Luis Obispo,2021-04-04,388,153483,134,74867,214,73758,40,4858,241,42217,147,57929,281,100146,California
San Luis Obispo,2021-04-05,3639,157122,1940,76807,1586,75344,113,4971,2038,42770,1597,59526,2150,102296,California
San Luis Obispo,2021-04-06,4170,161292,2207,79014,1639,76983,324,5295,1982,42897,2179,61705,2306,104602,California
San Luis Obispo,2021-04-07,4311,165603,2348,81362,1596,78579,367,5662,2473,43911,1823,63528,2837,107439,California
San Luis Obispo,2021-04-08,4000,169603,2194,83556,1398,79977,408,6070,2137,44602,1854,65382,2545,109984,California
San Luis Obispo,2021-04-09,3688,173291,1754,85310,1173,81150,761,6831,1506,44693,2170,67552,2261,112245,California
San Luis Obispo,2021-04-10,1699,174990,569,85879,460,81610,670,7501,499,44661,1197,68749,1165,113410,California
San Luis Obispo,2021-04-11,317,175307,64,85943,186,81796,67,7568,126,44665,189,68938,193,113603,California
San Luis Obispo,2021-04-12,3428,178735,1720,87663,1546,83342,162,7730,1420,44240,2006,70944,1581,115184,California
San Luis Obispo,2021-04-13,3721,182456,2158,89821,1562,84904,1,7731,1997,44518,1721,72665,1999,117183,California
San Luis Obispo,2021-04-14,3617,186073,2064,91885,1548,86452,5,7736,1768,44459,1831,74496,1772,118955,California
San Luis Obispo,2021-04-15,3793,189866,2471,94356,1321,87773,1,7737,2038,44766,1733,76229,2040,120995,California
San Luis Obispo,2021-04-16,3684,193550,2247,96603,1433,89206,4,7741,1775,44644,1899,78128,1777,122772,California
San Luis Obispo,2021-04-17,1095,194645,433,97036,660,89866,2,7743,711,44974,383,78511,713,123485,California
San Luis Obispo,2021-04-18,328,194973,104,97140,223,90089,1,7744,115,44880,209,78720,115,123600,California
San Luis Obispo,2021-04-19,3210,198183,1352,98492,1820,91909,38,7782,1101,43917,2103,80823,1140,124740,California
San Luis Obispo,2021-04-20,3659,201842,2032,100524,1627,93536,0,7782,1346,42962,2301,83124,1346,126086,California
San Luis Obispo,2021-04-21,4006,205848,1849,102373,2157,95693,0,7782,1606,42192,2379,85503,1609,127695,California
San Luis Obispo,2021-04-22,4621,210469,2078,104451,2543,98236,0,7782,1429,40450,3173,88676,1431,129126,California
San Luis Obispo,2021-04-23,1442,211911,837,105288,601,98837,4,7786,722,40461,716,89392,727,129853,California
San Luis Obispo,2021-04-24,1083,212994,439,105727,625,99462,19,7805,509,40408,581,89973,528,130381,California
San Luis Obispo,2021-04-25,518,213512,163,105890,355,99817,0,7805,113,40121,400,90373,113,130494,California
San Luis Obispo,2021-04-26,1085,214597,397,106287,670,100487,18,7823,398,39861,675,91048,415,130909,California
San Luis Obispo,2021-04-27,3928,218525,1994,108281,1855,102342,79,7902,1531,39081,2389,93437,1609,132518,California
San Luis Obispo,2021-04-28,3820,222345,2107,110388,1641,103983,72,7974,1343,38031,2465,95902,1415,133933,California
San Luis Obispo,2021-04-29,3730,226075,2127,112515,1536,105519,67,8041,1252,36890,2461,98363,1320,135253,California
San Luis Obispo,2021-04-30,3000,229075,1685,114200,1241,106760,74,8115,919,35819,2062,100425,991,136244,California
San Luis Obispo,2021-05-01,478,229553,164,114364,279,107039,35,8150,103,35585,371,100796,137,136381,California
San Luis Obispo,2021-05-02,172,229725,53,114417,99,107138,20,8170,43,35519,129,100925,63,136444,California
San Luis Obispo,2021-05-03,892,230617,287,114704,494,107632,111,8281,223,35184,667,101592,332,136776,California
San Luis Obispo,2021-05-04,2972,233589,1919,116623,982,108614,71,8352,874,34035,2091,103683,942,137718,California
San Luis Obispo,2021-05-05,2855,236444,1875,118498,913,109527,67,8419,675,32609,2168,105851,742,138460,California
San Luis Obispo,2021-05-06,2844,239288,1913,120411,867,110394,64,8483,725,31298,2100,107951,789,139249,California
San Luis Obispo,2021-05-07,2366,241654,1775,122186,523,110917,68,8551,598,30217,1748,109699,667,139916,California
San Luis Obispo,2021-05-08,606,242260,343,122529,239,111156,24,8575,204,30062,383,110082,228,140144,California
San Luis Obispo,2021-05-09,166,242426,43,122572,104,111260,19,8594,46,30008,119,110201,65,140209,California
San Luis Obispo,2021-05-10,732,243158,158,122730,522,111782,52,8646,157,29645,570,110771,207,140416,California
San Luis Obispo,2021-05-11,1215,244373,597,123327,543,112325,75,8721,381,29273,828,111599,456,140872,California
San Luis Obispo,2021-05-12,2508,246881,1610,124937,815,113140,83,8804,696,28257,1795,113394,779,141651,California
San Luis Obispo,2021-05-13,1185,248066,717,125654,406,113546,62,8866,489,28117,690,114084,550,142201,California
San Luis Obispo,2021-05-14,2264,250330,1644,127298,568,114114,52,8918,932,27786,1314,115398,983,143184,California
San Luis Obispo,2021-05-15,988,251318,454,127752,500,114614,34,8952,463,27762,522,115920,498,143682,California
San Luis Obispo,2021-05-16,310,251628,166,127918,138,114752,6,8958,176,27811,133,116053,182,143864,California
San Luis Obispo,2021-05-17,1686,253314,976,128894,650,115402,60,9018,666,27526,1011,117064,726,144590,California
San Luis Obispo,2021-05-18,1907,255221,1161,130055,713,116115,33,9051,722,27103,1179,118243,756,145346,California
San Luis Obispo,2021-05-19,1459,256680,626,130681,770,116885,63,9114,407,26526,1046,119289,469,145815,California
San Luis Obispo,2021-05-20,1149,257829,499,131180,613,117498,37,9151,339,26103,799,120088,376,146191,California
San Luis Obispo,2021-05-21,1106,258935,573,131753,492,117990,41,9192,510,26068,586,120674,551,146742,California
San Luis Obispo,2021-05-22,682,259617,325,132078,334,118324,23,9215,339,26094,336,121010,362,147104,California
San Luis Obispo,2021-05-23,147,259764,69,132147,72,118396,6,9221,52,26058,94,121104,58,147162,California
San Luis Obispo,2021-05-24,562,260326,262,132409,266,118662,34,9255,200,25932,360,121464,234,147396,California
San Luis Obispo,2021-05-25,880,261206,429,132838,424,119086,27,9282,345,25776,527,121991,371,147767,California
San Luis Obispo,2021-05-26,2142,263348,993,133831,1094,120180,55,9337,663,25021,1472,123463,717,148484,California
San Luis Obispo,2021-05-27,1877,265225,666,134497,1179,121359,32,9369,490,24160,1382,124845,521,149005,California
San Luis Obispo,2021-05-28,911,266136,464,134961,426,121785,21,9390,478,24228,431,125276,499,149504,California
San Luis Obispo,2021-05-29,378,266514,153,135114,214,121999,11,9401,208,24279,169,125445,220,149724,California
San Luis Obispo,2021-05-30,89,266603,36,135150,45,122044,8,9409,34,24266,54,125499,41,149765,California
San Luis Obispo,2021-05-31,41,266644,5,135155,23,122067,13,9422,16,24270,24,125523,28,149793,California
San Luis Obispo,2021-06-01,755,267399,325,135480,400,122467,30,9452,270,24089,481,126004,300,150093,California
San Luis Obispo,2021-06-02,638,268037,287,135767,311,122778,40,9492,185,23867,446,126450,224,150317,California
San Luis Obispo,2021-06-03,917,268954,455,136222,431,123209,31,9523,254,23491,661,127111,285,150602,California
San Luis Obispo,2021-06-04,2481,271435,1523,137745,917,124126,41,9564,702,22466,1766,128877,741,151343,California
San Luis Obispo,2021-06-05,661,272096,288,138033,353,124479,20,9584,318,22462,342,129219,338,151681,California
San Luis Obispo,2021-06-06,185,272281,132,138165,44,124523,9,9593,46,22378,139,129358,55,151736,California
San Luis Obispo,2021-06-07,545,272826,358,138523,149,124672,38,9631,154,22181,389,129747,192,151928,California
San Luis Obispo,2021-06-08,808,273634,525,139048,242,124914,41,9672,244,21906,560,130307,285,152213,California
San Luis Obispo,2021-06-09,639,274273,356,139404,252,125166,31,9703,187,21674,450,130757,218,152431,California
San Luis Obispo,2021-06-10,757,275030,365,139769,353,125519,39,9742,223,21404,532,131289,262,152693,California
San Luis Obispo,2021-06-11,938,275968,541,140310,361,125880,36,9778,340,21187,594,131883,377,153070,California
San Luis Obispo,2021-06-12,394,276362,270,140580,121,126001,3,9781,168,21133,225,132108,171,153241,California
San Luis Obispo,2021-06-13,160,276522,91,140671,66,126067,3,9784,43,21062,117,132225,46,153287,California
San Luis Obispo,2021-06-14,455,276977,298,140969,126,126193,31,9815,129,20897,323,132548,158,153445,California
San Luis Obispo,2021-06-15,638,277615,397,141366,203,126396,38,9853,236,20772,398,132946,273,153718,California
San Luis Obispo,2021-06-16,626,278241,365,141731,226,126622,35,9888,180,20547,439,133385,214,153932,California
San Luis Obispo,2021-06-17,598,278839,341,142072,231,126853,26,9914,197,20370,400,133785,223,154155,California
San Luis Obispo,2021-06-18,788,279627,505,142577,237,127090,46,9960,278,20189,506,134291,325,154480,California
San Luis Obispo,2021-06-19,266,279893,151,142728,101,127191,14,9974,100,20139,164,134455,114,154594,California
San Luis Obispo,2021-06-20,110,280003,73,142801,29,127220,8,9982,45,20128,64,134519,53,154647,California
San Luis Obispo,2021-06-21,350,280353,221,143022,103,127323,26,10008,155,20116,193,134712,181,154828,California
San Luis Obispo,2021-06-22,615,280968,360,143382,223,127546,32,10040,275,20085,338,135050,307,155135,California
San Luis Obispo,2021-06-23,493,281461,270,143652,203,127749,20,10060,238,20088,255,135305,258,155393,California
San Luis Obispo,2021-06-24,467,281928,262,143914,179,127928,26,10086,204,20059,259,135564,230,155623,California
San Luis Obispo,2021-06-25,528,282456,213,144127,293,128221,22,10108,211,19979,311,135875,231,155854,California
San Luis Obispo,2021-06-26,271,282727,146,144273,107,128328,18,10126,118,19961,153,136028,135,155989,California
San Luis Obispo,2021-06-27,146,282873,95,144368,46,128374,5,10131,76,19973,69,136097,81,156070,California
San Luis Obispo,2021-06-28,327,283200,231,144599,80,128454,16,10147,125,19913,200,136297,140,156210,California
San Luis Obispo,2021-06-29,229,283429,141,144740,78,128532,10,10157,94,19886,131,136428,104,156314,California
San Mateo,2020-12-15,27,27,27,27,0,0,0,0,27,27,0,0,27,27,California
San Mateo,2020-12-16,112,139,112,139,0,0,0,0,112,139,0,0,112,139,California
San Mateo,2020-12-17,174,313,174,313,0,0,0,0,174,313,0,0,174,313,California
San Mateo,2020-12-18,777,1090,775,1088,2,2,0,0,777,1090,0,0,777,1090,California
San Mateo,2020-12-19,519,1609,519,1607,0,2,0,0,519,1609,0,0,519,1609,California
San Mateo,2020-12-20,509,2118,508,2115,1,3,0,0,509,2118,0,0,509,2118,California
San Mateo,2020-12-21,1147,3265,1146,3261,1,4,0,0,1147,3265,0,0,1147,3265,California
San Mateo,2020-12-22,1517,4782,1509,4770,8,12,0,0,1516,4780,1,1,1516,4781,California
San Mateo,2020-12-23,1571,6353,1381,6151,190,202,0,0,1571,6351,0,1,1571,6352,California
San Mateo,2020-12-24,869,7222,611,6762,258,460,0,0,869,7220,0,1,869,7221,California
San Mateo,2020-12-25,114,7336,110,6872,4,464,0,0,114,7334,0,1,114,7335,California
San Mateo,2020-12-26,563,7899,418,7290,145,609,0,0,563,7897,0,1,563,7898,California
San Mateo,2020-12-27,304,8203,173,7463,131,740,0,0,304,8201,0,1,304,8202,California
San Mateo,2020-12-28,1059,9262,710,8173,349,1089,0,0,1059,9260,0,1,1059,9261,California
San Mateo,2020-12-29,1139,10401,715,8888,424,1513,0,0,1139,10399,0,1,1139,10400,California
San Mateo,2020-12-30,1271,11672,765,9653,506,2019,0,0,1271,11670,0,1,1271,11671,California
San Mateo,2020-12-31,711,12383,229,9882,482,2501,0,0,710,12379,1,2,710,12381,California
San Mateo,2021-01-01,113,12496,77,9959,36,2537,0,0,113,12492,0,2,113,12494,California
San Mateo,2021-01-02,404,12900,275,10234,129,2666,0,0,404,12896,0,2,404,12898,California
San Mateo,2021-01-03,284,13184,209,10443,75,2741,0,0,281,13174,3,5,281,13179,California
San Mateo,2021-01-04,1056,14240,681,11124,375,3116,0,0,1056,14230,0,5,1056,14235,California
San Mateo,2021-01-05,1217,15457,716,11840,501,3617,0,0,1183,15380,34,39,1184,15419,California
San Mateo,2021-01-06,1461,16918,959,12799,502,4119,0,0,1267,16457,191,230,1268,16687,California
San Mateo,2021-01-07,1464,18382,817,13616,647,4766,0,0,1153,17306,304,534,1153,17840,California
San Mateo,2021-01-08,1858,20240,1203,14819,655,5421,0,0,1141,17737,710,1244,1141,18981,California
San Mateo,2021-01-09,1183,21423,782,15601,401,5822,0,0,719,17992,464,1708,719,19700,California
San Mateo,2021-01-10,714,22137,584,16185,130,5952,0,0,269,17819,442,2150,269,19969,California
San Mateo,2021-01-11,2619,24756,1511,17696,1108,7060,0,0,1538,18281,1078,3228,1540,21509,California
San Mateo,2021-01-12,3457,28213,1940,19636,1517,8577,0,0,2231,19300,1217,4445,2236,23745,California
San Mateo,2021-01-13,3419,31632,1673,21309,1746,10323,0,0,2368,20619,1051,5496,2370,26115,California
San Mateo,2021-01-14,3808,35440,1613,22922,2195,12518,0,0,3105,23026,703,6199,3110,29225,California
San Mateo,2021-01-15,4354,39794,1737,24659,2617,15135,0,0,3803,26283,548,6747,3805,33030,California
San Mateo,2021-01-16,3089,42883,770,25429,2319,17454,0,0,2757,28711,330,7077,2758,35788,California
San Mateo,2021-01-17,1315,44198,304,25733,1011,18465,0,0,1110,29616,205,7282,1110,36898,California
San Mateo,2021-01-18,1372,45570,543,26276,829,19294,0,0,991,30229,378,7660,991,37889,California
San Mateo,2021-01-19,2810,48380,1798,28074,1012,20306,0,0,2006,31434,801,8461,2006,39895,California
San Mateo,2021-01-20,2992,51372,1728,29802,1264,21570,0,0,2139,32724,850,9311,2140,42035,California
San Mateo,2021-01-21,2938,54310,1360,31162,1578,23148,0,0,2337,34466,598,9909,2340,44375,California
San Mateo,2021-01-22,2837,57147,1147,32309,1690,24838,0,0,2529,36692,304,10213,2530,46905,California
San Mateo,2021-01-23,2896,60043,1688,33997,1208,26046,0,0,2525,38847,371,10584,2526,49431,California
San Mateo,2021-01-24,1520,61563,376,34373,1144,27190,0,0,1208,39745,311,10895,1209,50640,California
San Mateo,2021-01-25,4434,65997,3152,37525,1282,28472,0,0,3524,42367,906,11801,3528,54168,California
San Mateo,2021-01-26,4359,70356,3013,40538,1346,29818,0,0,3422,44855,935,12736,3423,57591,California
San Mateo,2021-01-27,2832,73188,1477,42015,1355,31173,0,0,1822,45674,1004,13740,1823,59414,California
San Mateo,2021-01-28,2833,76021,1372,43387,1461,32634,0,0,1975,46807,842,14582,1975,61389,California
San Mateo,2021-01-29,3024,79045,1355,44742,1669,34303,0,0,2175,48137,847,15429,2177,63566,California
San Mateo,2021-01-30,3418,82463,1488,46230,1930,36233,0,0,2951,50623,466,15895,2952,66518,California
San Mateo,2021-01-31,1695,84158,901,47131,794,37027,0,0,1529,51989,163,16058,1529,68047,California
San Mateo,2021-02-01,2969,87127,1371,48502,1598,38625,0,0,2236,53497,729,16787,2237,70284,California
San Mateo,2021-02-02,3256,90383,1749,50251,1507,40132,0,0,2209,54662,1044,17831,2209,72493,California
San Mateo,2021-02-03,5037,95420,2078,52329,2959,43091,0,0,3885,57399,1149,18980,3886,76379,California
San Mateo,2021-02-04,6259,101679,2517,54846,3742,46833,0,0,4974,61097,1280,20260,4978,81357,California
San Mateo,2021-02-05,6845,108524,2558,57404,4287,51120,0,0,5008,64286,1819,22079,5008,86365,California
San Mateo,2021-02-06,3287,111811,1912,59316,1375,52495,0,0,2628,66261,655,22734,2630,88995,California
San Mateo,2021-02-07,1902,113713,1344,60660,558,53053,0,0,1710,67780,191,22925,1710,90705,California
San Mateo,2021-02-08,5305,119018,2265,62925,3040,56093,0,0,3127,68794,2113,25038,3127,93832,California
San Mateo,2021-02-09,6195,125213,3209,66134,2986,59079,0,0,3327,69262,2859,27897,3327,97159,California
San Mateo,2021-02-10,6549,131762,3289,69423,3260,62339,0,0,3278,69288,3252,31149,3278,100437,California
San Mateo,2021-02-11,7109,138871,3602,73025,3507,65846,0,0,3780,69749,3321,34470,3782,104219,California
San Mateo,2021-02-12,6691,145562,2999,76024,3692,69538,0,0,4728,72521,1958,36428,4730,108949,California
San Mateo,2021-02-13,6216,151778,4100,80124,2116,71654,0,0,2651,71620,3552,39980,2651,111600,California
San Mateo,2021-02-14,4732,156510,3103,83227,1629,73283,0,0,1990,70884,2727,42707,1991,113591,California
San Mateo,2021-02-15,3191,159701,1464,84691,1727,75010,0,0,1797,71295,1387,44094,1798,115389,California
San Mateo,2021-02-16,7196,166897,1907,86598,5289,80299,0,0,5297,74698,1896,45990,5299,120688,California
San Mateo,2021-02-17,7119,174016,1986,88584,5133,85432,0,0,5051,77687,2063,48053,5052,125740,California
San Mateo,2021-02-18,6819,180835,4711,93295,2108,87540,0,0,4517,79914,2293,50346,4520,130260,California
San Mateo,2021-02-19,7882,188717,5629,98924,2253,89793,0,0,5830,83699,2045,52391,5830,136090,California
San Mateo,2021-02-20,3818,192535,2469,101393,1349,91142,0,0,2349,84588,1461,53852,2350,138440,California
San Mateo,2021-02-21,2683,195218,1813,103206,870,92012,0,0,1598,85109,1078,54930,1599,140039,California
San Mateo,2021-02-22,4544,199762,3295,106501,1249,93261,0,0,2864,86302,1673,56603,2866,142905,California
San Mateo,2021-02-23,4436,204198,3170,109671,1266,94527,0,0,2581,87037,1846,58449,2581,145486,California
San Mateo,2021-02-24,7399,211597,3333,113004,4066,98593,0,0,4906,89460,2484,60933,4907,150393,California
San Mateo,2021-02-25,9318,220915,4153,117157,5165,103758,0,0,6145,92450,3156,64089,6146,156539,California
San Mateo,2021-02-26,10078,230993,3888,121045,6190,109948,0,0,6976,96343,3087,67176,6980,163519,California
San Mateo,2021-02-27,6912,237905,3570,124615,3341,113289,1,1,3765,96976,3139,70315,3772,167291,California
San Mateo,2021-02-28,4467,242372,2755,127370,1712,115001,0,1,2684,97887,1774,72089,2685,169976,California
San Mateo,2021-03-01,6050,248422,3810,131180,2236,117237,4,5,2990,97838,3045,75134,2996,172972,California
San Mateo,2021-03-02,6291,254713,4467,135647,1823,119060,1,6,3618,98793,2665,77799,3620,176592,California
San Mateo,2021-03-03,8554,263267,4040,139687,4512,123572,2,8,3707,97672,4830,82629,3709,180301,California
San Mateo,2021-03-04,8581,271848,4024,143711,4553,128125,4,12,3877,96874,4681,87310,3883,184184,California
San Mateo,2021-03-05,9402,281250,6259,149970,3139,131264,4,16,6586,100672,2795,90105,6593,190777,California
San Mateo,2021-03-06,8003,289253,5565,155535,2262,133526,176,192,5866,104588,2125,92230,6041,196818,California
San Mateo,2021-03-07,3632,292885,2457,157992,1104,134630,71,263,2142,105317,1486,93716,2215,199033,California
San Mateo,2021-03-08,4554,297439,2575,160567,1759,136389,220,483,3327,107643,1219,94935,3545,202578,California
San Mateo,2021-03-09,5357,302796,2872,163439,2209,138598,276,759,3730,110030,1614,96549,4001,206579,California
San Mateo,2021-03-10,7280,310076,2957,166396,4037,142635,286,1045,4840,112730,2424,98973,5124,211703,California
San Mateo,2021-03-11,9198,319274,5766,172162,3040,145675,392,1437,3693,111350,5461,104434,4081,215784,California
San Mateo,2021-03-12,10655,329929,6708,178870,3559,149234,388,1825,3590,108287,7040,111474,3977,219761,California
San Mateo,2021-03-13,8264,338193,3536,182406,3092,152326,1636,3461,3993,109650,4252,115726,5615,225376,California
San Mateo,2021-03-14,5033,343226,3397,185803,1527,153853,109,3570,2658,110050,2367,118093,2767,228143,California
San Mateo,2021-03-15,7248,350474,4680,190483,2389,156242,179,3749,3787,110565,3452,121545,3967,232110,California
San Mateo,2021-03-16,12024,362498,4434,194917,7465,163707,125,3874,4838,108364,7167,128712,4966,237076,California
San Mateo,2021-03-17,10988,373486,4484,199401,6358,170065,146,4020,4965,107484,5993,134705,5113,242189,California
San Mateo,2021-03-18,7421,380907,4164,203565,3066,173131,191,4211,4408,109076,3005,137710,4597,246786,California
San Mateo,2021-03-19,7602,388509,4907,208472,2022,175153,673,4884,3648,109454,3943,141653,4321,251107,California
San Mateo,2021-03-20,8424,396933,6556,215028,1533,176686,335,5219,5366,112116,3039,144692,5701,256808,California
San Mateo,2021-03-21,4289,401222,3250,218278,806,177492,233,5452,2295,112657,1983,146675,2524,259332,California
San Mateo,2021-03-22,5392,406614,3673,221951,1293,178785,426,5878,2841,113387,2536,149211,3266,262598,California
San Mateo,2021-03-23,9963,416577,4588,226539,5176,183961,199,6077,4498,112651,5433,154644,4697,267295,California
San Mateo,2021-03-24,9601,426178,5548,232087,3907,187868,146,6223,4108,111485,5417,160061,4251,271546,California
San Mateo,2021-03-25,10206,436384,5018,237105,4919,192787,269,6492,4459,110575,5640,165701,4730,276276,California
San Mateo,2021-03-26,11349,447733,7792,244897,3389,196176,168,6660,4334,108104,6973,172674,4502,280778,California
San Mateo,2021-03-27,10615,458348,8114,253011,2390,198566,111,6771,4677,106971,5919,178593,4786,285564,California
San Mateo,2021-03-28,4304,462652,2785,255796,1406,199972,113,6884,1996,106786,2298,180891,2113,287677,California
San Mateo,2021-03-29,6120,468772,3794,259590,2070,202042,256,7140,2741,106422,3360,184251,2996,290673,California
San Mateo,2021-03-30,7219,475991,4107,263697,2958,205000,154,7294,3888,107148,3316,187567,4042,294715,California
San Mateo,2021-03-31,7383,483374,4661,268358,2578,207578,144,7438,3882,107691,3483,191050,4026,298741,California
San Mateo,2021-04-01,10708,494082,5284,273642,4204,211782,1220,8658,5741,109729,4914,195964,6952,305693,California
San Mateo,2021-04-02,10974,505056,5245,278887,4129,215911,1600,10258,5772,111910,5178,201142,7359,313052,California
San Mateo,2021-04-03,10043,515099,5789,284676,2475,218386,1779,12037,5118,113887,4915,206057,6892,319944,California
San Mateo,2021-04-04,5472,520571,2636,287312,1578,219964,1258,13295,1711,113105,3746,209803,2964,322908,California
San Mateo,2021-04-05,9072,529643,4829,292141,2498,222462,1745,15040,3883,113557,5170,214973,5622,328530,California
San Mateo,2021-04-06,13286,542929,8297,300438,3130,225592,1859,16899,7572,117291,5698,220671,9432,337962,California
San Mateo,2021-04-07,11532,554461,5353,305791,4480,230072,1699,18598,4897,117265,6614,227285,6588,344550,California
San Mateo,2021-04-08,10275,564736,5119,310910,2537,232609,2619,21217,4548,118710,5706,232991,7151,351701,California
San Mateo,2021-04-09,11462,576198,5586,316496,3372,235981,2504,23721,5139,120025,6319,239310,7634,359335,California
San Mateo,2021-04-10,11330,587528,5755,322251,4124,240105,1451,25172,4688,119544,6610,245920,6129,365464,California
San Mateo,2021-04-11,6661,594189,3309,325560,880,240985,2472,27644,2324,119998,4330,250250,4784,370248,California
San Mateo,2021-04-12,7439,601628,4534,330094,1925,242910,980,28624,3583,120721,3834,254084,4557,374805,California
San Mateo,2021-04-13,8304,609932,5168,335262,3125,246035,11,28635,4385,121214,3905,257989,4398,379203,California
San Mateo,2021-04-14,8436,618368,5441,340703,2994,249029,1,28636,4306,121418,4111,262100,4315,383518,California
San Mateo,2021-04-15,11303,629671,7498,348201,3803,252832,2,28638,7360,124868,3914,266014,7364,390882,California
San Mateo,2021-04-16,10156,639827,6969,355170,3171,256003,16,28654,6415,127588,3717,269731,6437,397319,California
San Mateo,2021-04-17,9873,649700,6571,361741,3300,259303,2,28656,6242,130220,3619,273350,6251,403570,California
San Mateo,2021-04-18,5743,655443,2875,364616,2868,262171,0,28656,3855,132208,1873,275223,3861,407431,California
San Mateo,2021-04-19,8538,663981,5552,370168,2986,265157,0,28656,5541,134780,2981,278204,5553,412984,California
San Mateo,2021-04-20,10859,674840,6218,376386,4640,269797,1,28657,6945,137848,3889,282093,6957,419941,California
San Mateo,2021-04-21,9912,684752,6891,383277,3019,272816,2,28659,6141,140248,3749,285842,6149,426090,California
San Mateo,2021-04-22,10180,694932,6922,390199,3257,276073,1,28660,5686,141482,4458,290300,5692,431782,California
San Mateo,2021-04-23,10014,704946,6718,396917,3296,279369,0,28660,5617,142749,4368,294668,5635,437417,California
San Mateo,2021-04-24,11305,716251,8058,404975,3247,282616,0,28660,5818,143113,5464,300132,5828,443245,California
San Mateo,2021-04-25,5563,721814,3883,408858,1678,284294,2,28662,3952,145484,1595,301727,3966,447211,California
San Mateo,2021-04-26,6907,728721,5010,413868,1889,286183,8,28670,4001,146612,2892,304619,4020,451231,California
San Mateo,2021-04-27,11620,740341,8209,422077,3256,289439,155,28825,4759,144709,6827,311446,4924,456155,California
San Mateo,2021-04-28,8216,748557,4784,426861,3226,292665,206,29031,4377,145476,3823,315269,4590,460745,California
San Mateo,2021-04-29,8452,757009,4079,430940,4200,296865,173,29204,3833,144909,4590,319859,4023,464768,California
San Mateo,2021-04-30,8465,765474,5370,436310,2941,299806,154,29358,3628,143902,4808,324667,3801,468569,California
San Mateo,2021-05-01,6223,771697,4157,440467,1948,301754,118,29476,2690,143209,3514,328181,2821,471390,California
San Mateo,2021-05-02,3194,774891,1753,442220,1371,303125,70,29546,1153,142406,2031,330212,1228,472618,California
San Mateo,2021-05-03,6096,780987,4543,446763,1408,304533,145,29691,1852,140171,4233,334445,1998,474616,California
San Mateo,2021-05-04,7694,788681,5312,452075,2210,306743,172,29863,2551,137785,5128,339573,2742,477358,California
San Mateo,2021-05-05,7185,795866,4769,456844,2257,309000,159,30022,2453,135698,4702,344275,2615,479973,California
San Mateo,2021-05-06,8934,804800,7043,463887,1715,310715,176,30198,1792,130549,7121,351396,1972,481945,California
San Mateo,2021-05-07,8425,813225,6071,469958,2069,312784,285,30483,1869,126185,6531,357927,2167,484112,California
San Mateo,2021-05-08,7024,820249,4388,474346,2397,315181,239,30722,1926,123272,5082,363009,2169,486281,California
San Mateo,2021-05-09,3156,823405,2461,476807,621,315802,74,30796,944,122090,2201,365210,1019,487300,California
San Mateo,2021-05-10,4810,828215,3501,480308,1139,316941,170,30966,745,118959,4055,369265,924,488224,California
San Mateo,2021-05-11,7256,835471,5550,485858,1577,318518,129,31095,1712,115278,5524,374789,1843,490067,California
San Mateo,2021-05-12,7071,842542,5149,491007,1706,320224,216,31311,1425,111290,5632,380421,1644,491711,California
San Mateo,2021-05-13,9769,852311,7352,498359,2320,322544,97,31408,3420,108507,6314,386735,3531,495242,California
San Mateo,2021-05-14,8576,860887,6355,504714,2106,324650,115,31523,2580,105232,5976,392711,2701,497943,California
San Mateo,2021-05-15,10648,871535,8347,513061,2199,326849,102,31625,4716,104154,5917,398628,4839,502782,California
San Mateo,2021-05-16,7291,878826,5210,518271,2010,328859,71,31696,2273,101501,4998,403626,2345,505127,California
San Mateo,2021-05-17,7211,886037,5128,523399,1975,330834,108,31804,2133,98685,5061,408687,2245,507372,California
San Mateo,2021-05-18,8562,894599,5923,529322,2541,333375,98,31902,3064,96480,5373,414060,3168,510540,California
San Mateo,2021-05-19,7934,902533,5918,535240,1894,335269,122,32024,3560,95838,4327,418387,3685,514225,California
San Mateo,2021-05-20,5771,908304,3596,538836,2041,337310,134,32158,2171,94572,3574,421961,2308,516533,California
San Mateo,2021-05-21,7029,915333,4783,543619,2101,339411,145,32303,1871,91451,5137,427098,2016,518549,California
San Mateo,2021-05-22,6349,921682,4319,547938,1963,341374,67,32370,2625,90440,3705,430803,2694,521243,California
San Mateo,2021-05-23,3082,924764,1752,549690,1241,342615,89,32459,1170,89799,1900,432703,1259,522502,California
San Mateo,2021-05-24,3677,928441,2450,552140,1078,343693,149,32608,1225,88742,2429,435132,1372,523874,California
San Mateo,2021-05-25,4789,933230,3017,555157,1592,345285,180,32788,1578,87314,3189,438321,1761,525635,California
San Mateo,2021-05-26,5727,938957,3083,558240,2526,347811,118,32906,1785,85297,3920,442241,1903,527538,California
San Mateo,2021-05-27,3775,942732,2205,560445,1471,349282,99,33005,1198,84038,2552,444793,1293,528831,California
San Mateo,2021-05-28,3519,946251,2208,562653,1226,350508,85,33090,1308,83259,2171,446964,1392,530223,California
San Mateo,2021-05-29,3233,949484,2285,564938,897,351405,51,33141,1236,82576,1969,448933,1286,531509,California
San Mateo,2021-05-30,1634,951118,1105,566043,468,351873,61,33202,642,82297,982,449915,703,532212,California
San Mateo,2021-05-31,437,951555,274,566317,155,352028,8,33210,159,82188,276,450191,167,532379,California
San Mateo,2021-06-01,3342,954897,1976,568293,1271,353299,95,33305,956,80865,2373,452564,1050,533429,California
San Mateo,2021-06-02,2775,957672,1839,570132,858,354157,78,33383,1058,80298,1701,454265,1134,534563,California
San Mateo,2021-06-03,3816,961488,2998,573130,705,354862,113,33496,830,78265,2972,457237,939,535502,California
San Mateo,2021-06-04,4133,965621,3187,576317,851,355713,95,33591,1119,76472,2994,460231,1201,536703,California
San Mateo,2021-06-05,5154,970775,4504,580821,550,356263,100,33691,953,73356,4169,464400,1053,537756,California
San Mateo,2021-06-06,2512,973287,2074,582895,377,356640,61,33752,475,71872,2016,466416,532,538288,California
San Mateo,2021-06-07,3119,976406,2615,585510,424,357064,80,33832,698,70234,2414,468830,776,539064,California
San Mateo,2021-06-08,4075,980481,3446,588956,525,357589,104,33936,967,68233,3073,471903,1072,540136,California
San Mateo,2021-06-09,4146,984627,3572,592528,504,358093,70,34006,619,65406,3514,475417,687,540823,California
San Mateo,2021-06-10,2963,987590,2395,594923,452,358545,116,34122,751,64077,2196,477613,867,541690,California
San Mateo,2021-06-11,2852,990442,2290,597213,451,358996,111,34233,909,63165,1932,479545,1020,542710,California
San Mateo,2021-06-12,3143,993585,2802,600015,260,359256,81,34314,769,61656,2359,481904,850,543560,California
San Mateo,2021-06-13,1416,995001,1065,601080,288,359544,63,34377,349,61016,1052,482956,412,543972,California
San Mateo,2021-06-14,2430,997431,2101,603181,246,359790,83,34460,690,60081,1708,484664,773,544745,California
San Mateo,2021-06-15,2268,999699,1800,604981,348,360138,120,34580,684,59318,1566,486230,803,545548,California
San Mateo,2021-06-16,2446,1002145,2028,607009,261,360399,157,34737,703,58473,1700,487930,855,546403,California
San Mateo,2021-06-17,1946,1004091,1608,608617,250,360649,88,34825,687,58039,1209,489139,775,547178,California
San Mateo,2021-06-18,2131,1006222,1788,610405,265,360914,78,34903,618,57237,1494,490633,692,547870,California
San Mateo,2021-06-19,1781,1008003,1561,611966,160,361074,60,34963,586,56759,1123,491756,645,548515,California
San Mateo,2021-06-20,770,1008773,699,612665,60,361134,11,34974,287,56608,449,492205,298,548813,California
San Mateo,2021-06-21,1244,1010017,932,613597,239,361373,73,35047,604,56653,634,492839,679,549492,California
San Mateo,2021-06-22,1593,1011610,1290,614887,208,361581,95,35142,597,56365,979,493818,691,550183,California
San Mateo,2021-06-23,1844,1013454,1567,616454,175,361756,102,35244,620,55896,1191,495009,722,550905,California
San Mateo,2021-06-24,1462,1014916,1088,617542,272,362028,102,35346,535,55621,909,495918,634,551539,California
San Mateo,2021-06-25,1781,1016697,1482,619024,222,362250,77,35423,660,55248,1110,497028,737,552276,California
San Mateo,2021-06-26,1244,1017941,1047,620071,138,362388,59,35482,495,55067,734,497762,553,552829,California
San Mateo,2021-06-27,656,1018597,533,620604,77,362465,46,35528,290,55038,365,498127,336,553165,California
San Mateo,2021-06-28,1252,1019849,1071,621675,105,362570,76,35604,496,54866,743,498870,571,553736,California
San Mateo,2021-06-29,1079,1020928,888,622563,121,362691,70,35674,350,54561,721,499591,416,554152,California
Santa Barbara,2020-12-15,2,2,2,2,0,0,0,0,2,2,0,0,2,2,California
Santa Barbara,2020-12-16,2,4,2,4,0,0,0,0,2,4,0,0,2,4,California
Santa Barbara,2020-12-17,56,60,56,60,0,0,0,0,56,60,0,0,56,60,California
Santa Barbara,2020-12-18,382,442,381,441,1,1,0,0,382,442,0,0,382,442,California
Santa Barbara,2020-12-19,325,767,325,766,0,1,0,0,325,767,0,0,325,767,California
Santa Barbara,2020-12-20,236,1003,236,1002,0,1,0,0,236,1003,0,0,236,1003,California
Santa Barbara,2020-12-21,656,1659,654,1656,2,3,0,0,656,1659,0,0,656,1659,California
Santa Barbara,2020-12-22,247,1906,245,1901,2,5,0,0,247,1906,0,0,247,1906,California
Santa Barbara,2020-12-23,325,2231,207,2108,118,123,0,0,325,2231,0,0,325,2231,California
Santa Barbara,2020-12-24,88,2319,40,2148,48,171,0,0,88,2319,0,0,88,2319,California
Santa Barbara,2020-12-26,326,2645,66,2214,260,431,0,0,326,2645,0,0,326,2645,California
Santa Barbara,2020-12-27,62,2707,1,2215,61,492,0,0,62,2707,0,0,62,2707,California
Santa Barbara,2020-12-28,357,3064,224,2439,133,625,0,0,357,3064,0,0,357,3064,California
Santa Barbara,2020-12-29,561,3625,358,2797,203,828,0,0,561,3625,0,0,561,3625,California
Santa Barbara,2020-12-30,581,4206,398,3195,183,1011,0,0,581,4206,0,0,581,4206,California
Santa Barbara,2020-12-31,242,4448,114,3309,128,1139,0,0,242,4448,0,0,242,4448,California
Santa Barbara,2021-01-01,117,4565,111,3420,6,1145,0,0,117,4565,0,0,117,4565,California
Santa Barbara,2021-01-02,598,5163,232,3652,366,1511,0,0,598,5163,0,0,598,5163,California
Santa Barbara,2021-01-03,23,5186,15,3667,8,1519,0,0,23,5186,0,0,23,5186,California
Santa Barbara,2021-01-04,306,5492,243,3910,63,1582,0,0,305,5491,0,0,305,5491,California
Santa Barbara,2021-01-05,756,6248,380,4290,376,1958,0,0,728,6191,28,28,728,6219,California
Santa Barbara,2021-01-06,658,6906,276,4566,382,2340,0,0,597,6728,60,88,597,6816,California
Santa Barbara,2021-01-07,1032,7938,709,5275,323,2663,0,0,528,6756,500,588,528,7344,California
Santa Barbara,2021-01-08,1209,9147,850,6125,359,3022,0,0,714,6975,495,1083,714,8058,California
Santa Barbara,2021-01-09,565,9712,293,6418,272,3294,0,0,319,7048,246,1329,319,8377,California
Santa Barbara,2021-01-10,64,9776,51,6469,13,3307,0,0,47,7078,17,1346,47,8424,California
Santa Barbara,2021-01-11,846,10622,677,7146,169,3476,0,0,618,7469,227,1573,618,9042,California
Santa Barbara,2021-01-12,1445,12067,648,7794,797,4273,0,0,1285,8594,160,1733,1285,10327,California
Santa Barbara,2021-01-13,1223,13290,270,8064,953,5226,0,0,1096,9563,127,1860,1096,11423,California
Santa Barbara,2021-01-14,1261,14551,141,8205,1120,6346,0,0,1204,10712,56,1916,1205,12628,California
Santa Barbara,2021-01-15,1803,16354,420,8625,1383,7729,0,0,1720,12351,81,1997,1720,14348,California
Santa Barbara,2021-01-16,1279,17633,203,8828,1076,8805,0,0,1239,13551,39,2036,1239,15587,California
Santa Barbara,2021-01-17,126,17759,23,8851,103,8908,0,0,123,13671,3,2039,123,15710,California
Santa Barbara,2021-01-18,1154,18913,419,9270,735,9643,0,0,969,14455,185,2224,969,16679,California
Santa Barbara,2021-01-19,1643,20556,570,9840,1073,10716,0,0,1363,15541,277,2501,1363,18042,California
Santa Barbara,2021-01-20,2224,22780,656,10496,1568,12284,0,0,1802,16922,421,2922,1802,19844,California
Santa Barbara,2021-01-21,3202,25982,1920,12416,1282,13566,0,0,3041,19804,161,3083,3043,22887,California
Santa Barbara,2021-01-22,2950,28932,1793,14209,1157,14723,0,0,2778,22414,169,3252,2779,25666,California
Santa Barbara,2021-01-23,1738,30670,1105,15314,633,15356,0,0,1222,23121,515,3767,1222,26888,California
Santa Barbara,2021-01-24,847,31517,750,16064,97,15453,0,0,836,23947,10,3777,836,27724,California
Santa Barbara,2021-01-25,1239,32756,492,16556,747,16200,0,0,1003,24714,236,4013,1003,28727,California
Santa Barbara,2021-01-26,2053,34809,467,17023,1586,17786,0,0,1668,25999,383,4396,1668,30395,California
Santa Barbara,2021-01-27,1170,35979,399,17422,771,18557,0,0,907,26646,262,4658,909,31304,California
Santa Barbara,2021-01-28,899,36878,296,17718,603,19160,0,0,683,27117,212,4870,683,31987,California
Santa Barbara,2021-01-29,1347,38225,526,18244,821,19981,0,0,983,27742,360,5230,985,32972,California
Santa Barbara,2021-01-30,1905,40130,1417,19661,488,20469,0,0,1487,28814,415,5645,1487,34459,California
Santa Barbara,2021-01-31,1456,41586,1213,20874,243,20712,0,0,1417,30192,39,5684,1417,35876,California
Santa Barbara,2021-02-01,951,42537,523,21397,428,21140,0,0,550,30342,400,6084,550,36426,California
Santa Barbara,2021-02-02,1811,44348,683,22080,1128,22268,0,0,1042,30617,767,6851,1042,37468,California
Santa Barbara,2021-02-03,1964,46312,1085,23165,879,23147,0,0,1515,31693,439,7290,1515,38983,California
Santa Barbara,2021-02-04,2805,49117,1876,25041,929,24076,0,0,2505,33905,293,7583,2505,41488,California
Santa Barbara,2021-02-05,2927,52044,2080,27121,847,24923,0,0,2282,35545,642,8225,2282,43770,California
Santa Barbara,2021-02-06,1203,53247,340,27461,863,25786,0,0,793,35928,410,8635,793,44563,California
Santa Barbara,2021-02-07,311,53558,268,27729,43,25829,0,0,272,36163,37,8672,272,44835,California
Santa Barbara,2021-02-08,955,54513,311,28040,644,26473,0,0,665,36538,290,8962,665,45500,California
Santa Barbara,2021-02-09,2452,56965,315,28355,2137,28610,0,0,1123,36342,1319,10281,1123,46623,California
Santa Barbara,2021-02-10,2781,59746,1503,29858,1278,29888,0,0,747,35069,2021,12302,748,47371,California
Santa Barbara,2021-02-11,4211,63957,2819,32677,1392,31280,0,0,632,32135,3566,15868,632,48003,California
Santa Barbara,2021-02-12,3321,67278,950,33627,2371,33651,0,0,774,30370,2541,18409,776,48779,California
Santa Barbara,2021-02-13,1245,68523,344,33971,901,34552,0,0,565,30257,678,19087,565,49344,California
Santa Barbara,2021-02-14,335,68858,37,34008,298,34850,0,0,288,30499,47,19134,289,49633,California
Santa Barbara,2021-02-15,982,69840,346,34354,636,35486,0,0,498,30517,481,19615,499,50132,California
Santa Barbara,2021-02-16,2133,71973,408,34762,1725,37211,0,0,726,29840,1403,21018,726,50858,California
Santa Barbara,2021-02-17,1451,73424,327,35089,1124,38335,0,0,521,29439,925,21943,524,51382,California
Santa Barbara,2021-02-18,3277,76701,2669,37758,608,38943,0,0,1527,29254,1713,23656,1528,52910,California
Santa Barbara,2021-02-19,3612,80313,2650,40408,962,39905,0,0,2334,30314,1275,24931,2335,55245,California
Santa Barbara,2021-02-20,2322,82635,1517,41925,805,40710,0,0,1747,31497,565,25496,1748,56993,California
Santa Barbara,2021-02-21,142,82777,113,42038,29,40739,0,0,63,31484,76,25572,63,57056,California
Santa Barbara,2021-02-22,950,83727,252,42290,698,41437,0,0,277,31090,671,26243,277,57333,California
Santa Barbara,2021-02-23,3217,86944,1073,43363,2144,43581,0,0,427,28731,2787,29030,428,57761,California
Santa Barbara,2021-02-24,3240,90184,1112,44475,2128,45709,0,0,733,26967,2497,31527,733,58494,California
Santa Barbara,2021-02-25,3469,93653,1926,46401,1543,47252,0,0,993,25496,2468,33995,997,59491,California
Santa Barbara,2021-02-26,3682,97335,2181,48582,1501,48753,0,0,1983,25791,1689,35684,1984,61475,California
Santa Barbara,2021-02-27,1546,98881,567,49149,979,49732,0,0,863,25980,679,36363,868,62343,California
Santa Barbara,2021-02-28,1096,99977,223,49372,873,50605,0,0,896,26684,194,36557,898,63241,California
Santa Barbara,2021-03-01,1670,101647,488,49860,1180,51785,2,2,1108,27250,545,37102,1111,64352,California
Santa Barbara,2021-03-02,2671,104318,426,50286,2245,54030,0,2,2164,28922,494,37596,2166,66518,California
Santa Barbara,2021-03-03,4651,108969,2107,52393,2542,56572,2,4,4048,32385,592,38188,4055,70573,California
Santa Barbara,2021-03-04,3445,112414,2293,54686,1152,57724,0,4,2877,34705,559,38747,2879,73452,California
Santa Barbara,2021-03-05,3833,116247,2172,56858,1602,59326,59,63,3100,37138,727,39474,3160,76612,California
Santa Barbara,2021-03-06,2444,118691,734,57592,1491,60817,219,282,1677,38269,762,40236,1893,78505,California
Santa Barbara,2021-03-07,567,119258,123,57715,312,61129,132,414,384,38604,182,40418,517,79022,California
Santa Barbara,2021-03-08,1586,120844,382,58097,861,61990,343,757,801,38970,778,41196,1144,80166,California
Santa Barbara,2021-03-09,2799,123643,347,58444,1685,63675,767,1524,743,38425,2053,43249,1508,81674,California
Santa Barbara,2021-03-10,2775,126418,555,58999,1167,64842,1053,2577,1046,38798,1724,44973,2097,83771,California
Santa Barbara,2021-03-11,5596,132014,3039,62038,1441,66283,1116,3693,2284,38896,3295,48268,3393,87164,California
Santa Barbara,2021-03-12,3708,135722,2112,64150,1161,67444,435,4128,2182,39992,1518,49786,2614,89778,California
Santa Barbara,2021-03-13,3508,139230,1943,66093,1358,68802,207,4335,2698,42092,805,50591,2905,92683,California
Santa Barbara,2021-03-14,813,140043,395,66488,361,69163,57,4392,488,42315,324,50915,547,93230,California
Santa Barbara,2021-03-15,2122,142165,700,67188,1131,70294,291,4683,1273,43035,842,51757,1562,94792,California
Santa Barbara,2021-03-16,3738,145903,1186,68374,2209,72503,343,5026,2739,45124,994,52751,3083,97875,California
Santa Barbara,2021-03-17,3328,149231,980,69354,1944,74447,404,5430,2334,46867,991,53742,2734,100609,California
Santa Barbara,2021-03-18,5239,154470,2802,72156,2235,76682,202,5632,4011,49868,1212,54954,4213,104822,California
Santa Barbara,2021-03-19,4458,158928,2777,74933,1347,78029,334,5966,3060,51867,1394,56348,3393,108215,California
Santa Barbara,2021-03-20,2196,161124,841,75774,1336,79365,19,5985,1335,52366,857,57205,1356,109571,California
Santa Barbara,2021-03-21,1171,162295,385,76159,756,80121,30,6015,841,52911,327,57532,872,110443,California
Santa Barbara,2021-03-22,2789,165084,1922,78081,823,80944,44,6059,2224,54624,556,58088,2269,112712,California
Santa Barbara,2021-03-23,4472,169556,2255,80336,2116,83060,101,6160,3697,57656,765,58853,3797,116509,California
Santa Barbara,2021-03-24,5430,174986,3156,83492,1520,84580,754,6914,2973,58944,2433,61286,3721,120230,California
Santa Barbara,2021-03-25,5567,180553,3274,86766,2099,86679,194,7108,2783,59155,2766,64052,2977,123207,California
Santa Barbara,2021-03-26,5109,185662,3231,89997,1572,88251,306,7414,2237,58843,2855,66907,2543,125750,California
Santa Barbara,2021-03-27,2966,188628,1225,91222,1698,89949,43,7457,1623,59168,1339,68246,1664,127414,California
Santa Barbara,2021-03-28,2793,191421,1659,92881,1106,91055,28,7485,1903,60214,886,69132,1932,129346,California
Santa Barbara,2021-03-29,4046,195467,2088,94969,1888,92943,70,7555,3225,62692,817,69949,3295,132641,California
Santa Barbara,2021-03-30,6800,202267,3511,98480,3139,96082,150,7705,4531,65116,2254,72203,4678,137319,California
Santa Barbara,2021-03-31,8684,210951,5528,104008,3089,99171,67,7772,5033,66587,3629,75832,5100,142419,California
Santa Barbara,2021-04-01,7062,218013,5216,109224,1585,100756,261,8033,4175,68158,2864,78696,4435,146854,California
Santa Barbara,2021-04-02,6656,224669,4561,113785,1500,102256,595,8628,3421,68947,3226,81922,4015,150869,California
Santa Barbara,2021-04-03,3819,228488,2113,115898,1634,103890,72,8700,2519,70243,1293,83215,2589,153458,California
Santa Barbara,2021-04-04,904,229392,446,116344,417,104307,41,8741,500,70382,402,83617,541,153999,California
Santa Barbara,2021-04-05,3482,232874,2298,118642,925,105232,259,9000,2178,71524,1295,84912,2437,156436,California
Santa Barbara,2021-04-06,5495,238369,2838,121480,2116,107348,541,9541,3360,73305,2118,87030,3899,160335,California
Santa Barbara,2021-04-07,6029,244398,3290,124770,2196,109544,543,10084,4089,76005,1931,88961,4631,164966,California
Santa Barbara,2021-04-08,7431,251829,5049,129819,652,110196,1730,11814,3429,77166,3994,92955,5155,170121,California
Santa Barbara,2021-04-09,7344,259173,4886,134705,1096,111292,1362,13176,3308,77803,4026,96981,4663,174784,California
Santa Barbara,2021-04-10,6717,265890,4654,139359,1445,112737,618,13794,4567,80844,2141,99122,5182,179966,California
Santa Barbara,2021-04-11,2683,268573,1967,141326,413,113150,303,14097,1857,82178,820,99942,2154,182120,California
Santa Barbara,2021-04-12,4433,273006,2849,144175,1028,114178,556,14653,1917,82142,2508,102450,2472,184592,California
Santa Barbara,2021-04-13,6388,279394,4191,148366,2191,116369,6,14659,2663,81090,3720,106170,2668,187260,California
Santa Barbara,2021-04-14,6811,286205,4422,152788,2387,118756,2,14661,4241,82775,2559,108729,4244,191504,California
Santa Barbara,2021-04-15,7019,293224,4113,156901,2905,121661,1,14662,3808,83386,3199,111928,3810,195314,California
Santa Barbara,2021-04-16,6430,299654,3775,160676,2644,124305,11,14673,4424,85834,1986,113914,4434,199748,California
Santa Barbara,2021-04-17,5366,305020,3887,164563,1479,125784,0,14673,4132,88747,1219,115133,4132,203880,California
Santa Barbara,2021-04-18,2198,307218,1535,166098,663,126447,0,14673,390,87336,1802,116935,391,204271,California
Santa Barbara,2021-04-19,3278,310496,2261,168359,1011,127458,6,14679,1044,86161,2226,119161,1051,205322,California
Santa Barbara,2021-04-20,5980,316476,4003,172362,1976,129434,1,14680,1694,83585,4270,123431,1694,207016,California
Santa Barbara,2021-04-21,5568,322044,3682,176044,1886,131320,0,14680,1783,81603,3767,127198,1785,208801,California
Santa Barbara,2021-04-22,5145,327189,2599,178643,2545,133865,1,14681,1481,79441,3646,130844,1484,210285,California
Santa Barbara,2021-04-23,5628,332817,3898,182541,1730,135595,0,14681,1992,77812,3621,134465,1992,212277,California
Santa Barbara,2021-04-24,4429,337246,2874,185415,1550,137145,5,14686,1635,76678,2775,137240,1641,213918,California
Santa Barbara,2021-04-25,1844,339090,1184,186599,660,137805,0,14686,498,75839,1337,138577,498,214416,California
Santa Barbara,2021-04-26,3254,342344,1988,188587,1245,139050,21,14707,560,73734,2687,141264,582,214998,California
Santa Barbara,2021-04-27,3987,346331,2192,190779,1693,140743,102,14809,1175,72209,2802,144066,1277,216275,California
Santa Barbara,2021-04-28,4928,351259,2876,193655,1936,142679,116,14925,1400,70217,3512,147578,1520,217795,California
Santa Barbara,2021-04-29,5276,356535,3819,197474,1230,143909,227,15152,1436,68055,3823,151401,1661,219456,California
Santa Barbara,2021-04-30,4966,361501,3712,201186,1090,144999,164,15316,1410,66090,3538,154939,1573,221029,California
Santa Barbara,2021-05-01,5249,366750,4052,205238,1163,146162,34,15350,893,62679,4340,159279,929,221958,California
Santa Barbara,2021-05-02,1131,367881,668,205906,335,146497,128,15478,304,62285,826,160105,432,222390,California
Santa Barbara,2021-05-03,2203,370084,1476,207382,589,147086,138,15616,441,61106,1755,161860,576,222966,California
Santa Barbara,2021-05-04,3319,373403,1693,209075,1554,148640,72,15688,1150,60172,2155,164015,1221,224187,California
Santa Barbara,2021-05-05,5457,378860,3684,212759,1626,150266,147,15835,634,56146,4809,168824,783,224970,California
Santa Barbara,2021-05-06,5083,383943,3931,216690,1047,151313,105,15940,971,53126,4096,172920,1076,226046,California
Santa Barbara,2021-05-07,4664,388607,3644,220334,840,152153,180,16120,997,50648,3652,176572,1174,227220,California
Santa Barbara,2021-05-08,4306,392913,3192,223526,1016,153169,98,16218,908,48270,3385,179957,1007,228227,California
Santa Barbara,2021-05-09,701,393614,111,223637,550,153719,40,16258,463,48537,237,180194,504,228731,California
Santa Barbara,2021-05-10,1360,394974,657,224294,619,154338,84,16342,376,48015,981,181175,459,229190,California
Santa Barbara,2021-05-11,1935,396909,839,225133,800,155138,296,16638,443,47269,1482,182657,736,229926,California
Santa Barbara,2021-05-12,2080,398989,743,225876,1113,156251,224,16862,523,46471,1545,184202,747,230673,California
Santa Barbara,2021-05-13,3892,402881,2788,228664,907,157158,197,17059,1235,45258,2645,186847,1432,232105,California
Santa Barbara,2021-05-14,4151,407032,2526,231190,1531,158689,94,17153,1616,44447,2520,189367,1709,233814,California
Santa Barbara,2021-05-15,3524,410556,2563,233753,942,159631,19,17172,1843,44641,1669,191036,1863,235677,California
Santa Barbara,2021-05-16,1137,411693,521,234274,501,160132,115,17287,528,44681,603,191639,643,236320,California
Santa Barbara,2021-05-17,1641,413334,936,235210,642,160774,63,17350,862,44832,773,192412,924,237244,California
Santa Barbara,2021-05-18,1856,415190,1159,236369,601,161375,96,17446,973,45035,867,193279,1070,238314,California
Santa Barbara,2021-05-19,1768,416958,973,237342,754,162129,41,17487,806,44928,953,194232,846,239160,California
Santa Barbara,2021-05-20,1750,418708,951,238293,680,162809,119,17606,877,45064,861,195093,997,240157,California
Santa Barbara,2021-05-21,3461,422169,2341,240634,1066,163875,54,17660,1257,44187,2189,197282,1312,241469,California
Santa Barbara,2021-05-22,2468,424637,1705,242339,719,164594,44,17704,1396,44564,1064,198346,1441,242910,California
Santa Barbara,2021-05-23,763,425400,337,242676,396,164990,30,17734,412,44656,350,198696,442,243352,California
Santa Barbara,2021-05-24,1008,426408,589,243265,356,165346,63,17797,485,44686,518,199214,548,243900,California
Santa Barbara,2021-05-25,1405,427813,568,243833,768,166114,69,17866,461,44278,938,200152,530,244430,California
Santa Barbara,2021-05-26,3013,430826,1711,245544,1180,167294,122,17988,840,43081,2158,202310,961,245391,California
Santa Barbara,2021-05-27,1951,432777,1209,246753,600,167894,142,18130,823,42926,1121,203431,966,246357,California
Santa Barbara,2021-05-28,1504,434281,697,247450,655,168549,152,18282,613,42803,888,204319,765,247122,California
Santa Barbara,2021-05-29,901,435182,318,247768,546,169095,37,18319,361,42664,537,204856,398,247520,California
Santa Barbara,2021-05-30,507,435689,179,247947,230,169325,98,18417,184,42624,321,205177,281,247801,California
Santa Barbara,2021-05-31,95,435784,42,247989,43,169368,10,18427,22,42583,72,205249,31,247832,California
Santa Barbara,2021-06-01,1134,436918,592,248581,483,169851,59,18486,441,42397,686,205935,500,248332,California
Santa Barbara,2021-06-02,982,437900,585,249166,314,170165,83,18569,425,42351,553,206488,507,248839,California
Santa Barbara,2021-06-03,2054,439954,1544,250710,453,170618,57,18626,613,41585,1433,207921,667,249506,California
Santa Barbara,2021-06-04,1456,441410,669,251379,647,171265,140,18766,487,41248,960,208881,623,250129,California
Santa Barbara,2021-06-05,2923,444333,2211,253590,660,171925,52,18818,492,39371,2420,211301,543,250672,California
Santa Barbara,2021-06-06,910,445243,479,254069,412,172337,19,18837,225,38933,682,211983,244,250916,California
Santa Barbara,2021-06-07,1169,446412,833,254902,283,172620,53,18890,299,38418,867,212850,352,251268,California
Santa Barbara,2021-06-08,1112,447524,712,255614,368,172988,32,18922,292,37927,814,213664,323,251591,California
Santa Barbara,2021-06-09,1018,448542,693,256307,240,173228,85,19007,314,37625,701,214365,399,251990,California
Santa Barbara,2021-06-10,2384,450926,2070,258377,243,173471,71,19078,521,36357,1860,216225,592,252582,California
Santa Barbara,2021-06-11,1310,452236,607,258984,599,174070,104,19182,392,35941,912,217137,496,253078,California
Santa Barbara,2021-06-12,892,453128,601,259585,268,174338,23,19205,236,35551,648,217785,258,253336,California
Santa Barbara,2021-06-13,487,453615,299,259884,91,174429,97,19302,129,35421,356,218141,226,253562,California
Santa Barbara,2021-06-14,1254,454869,856,260740,322,174751,76,19378,335,34921,911,219052,411,253973,California
Santa Barbara,2021-06-15,1144,456013,754,261494,355,175106,35,19413,396,34611,741,219793,431,254404,California
Santa Barbara,2021-06-16,934,456947,648,262142,239,175345,47,19460,353,34434,575,220368,398,254802,California
Santa Barbara,2021-06-17,1872,458819,1541,263683,242,175587,89,19549,621,33897,1247,221615,710,255512,California
Santa Barbara,2021-06-18,1107,459926,713,264396,295,175882,99,19648,361,33615,742,222357,460,255972,California
Santa Barbara,2021-06-19,540,460466,363,264759,145,176027,32,19680,250,33610,287,222644,282,256254,California
Santa Barbara,2021-06-20,369,460835,211,264970,148,176175,10,19690,153,33557,215,222859,162,256416,California
Santa Barbara,2021-06-21,528,461363,264,265234,211,176386,53,19743,275,33637,248,223107,328,256744,California
Santa Barbara,2021-06-22,766,462129,495,265729,240,176626,31,19774,299,33503,463,223570,329,257073,California
Santa Barbara,2021-06-23,779,462908,564,266293,183,176809,32,19806,334,33428,440,224010,365,257438,California
Santa Barbara,2021-06-24,1355,464263,1147,267440,150,176959,58,19864,580,33296,768,224778,636,258074,California
Santa Barbara,2021-06-25,965,465228,617,268057,290,177249,58,19922,447,33286,514,225292,504,258578,California
Santa Barbara,2021-06-26,507,465735,355,268412,121,177370,31,19953,200,33210,307,225599,231,258809,California
Santa Barbara,2021-06-27,390,466125,257,268669,73,177443,60,20013,188,33260,198,225797,248,259057,California
Santa Barbara,2021-06-28,460,466585,302,268971,125,177568,33,20046,233,33299,227,226024,266,259323,California
Santa Barbara,2021-06-29,348,466933,236,269207,104,177672,8,20054,175,33310,171,226195,182,259505,California
Santa Clara,2020-12-15,71,71,71,71,0,0,0,0,71,71,0,0,71,71,California
Santa Clara,2020-12-16,150,221,150,221,0,0,0,0,150,221,0,0,150,221,California
Santa Clara,2020-12-17,407,628,407,628,0,0,0,0,407,628,0,0,407,628,California
Santa Clara,2020-12-18,1754,2382,1754,2382,0,0,0,0,1754,2382,0,0,1754,2382,California
Santa Clara,2020-12-19,2076,4458,2076,4458,0,0,0,0,2075,4457,0,0,2075,4457,California
Santa Clara,2020-12-20,1900,6358,1899,6357,1,1,0,0,1897,6354,0,0,1897,6354,California
Santa Clara,2020-12-21,2677,9035,2677,9034,0,1,0,0,2675,9028,1,1,2675,9029,California
Santa Clara,2020-12-22,3127,12162,3120,12154,7,8,0,0,3122,12148,2,3,3122,12151,California
Santa Clara,2020-12-23,3272,15434,3083,15237,189,197,0,0,3269,15416,1,4,3269,15420,California
Santa Clara,2020-12-24,1888,17322,1697,16934,191,388,0,0,1882,17296,2,6,1882,17302,California
Santa Clara,2020-12-25,346,17668,345,17279,1,389,0,0,346,17642,0,6,346,17648,California
Santa Clara,2020-12-26,1273,18941,1038,18317,235,624,0,0,1272,18914,0,6,1272,18920,California
Santa Clara,2020-12-27,658,19599,515,18832,143,767,0,0,658,19572,0,6,658,19578,California
Santa Clara,2020-12-28,2349,21948,1739,20571,610,1377,0,0,2349,21921,0,6,2349,21927,California
Santa Clara,2020-12-29,2372,24320,1507,22078,865,2242,0,0,2370,24291,0,6,2370,24297,California
Santa Clara,2020-12-30,2994,27314,1894,23972,1100,3342,0,0,2991,27279,3,9,2991,27288,California
Santa Clara,2020-12-31,1234,28548,398,24370,836,4178,0,0,1233,28511,1,10,1233,28521,California
Santa Clara,2021-01-01,149,28697,14,24384,135,4313,0,0,148,28658,1,11,148,28669,California
Santa Clara,2021-01-02,1095,29792,820,25204,275,4588,0,0,1095,29753,0,11,1095,29764,California
Santa Clara,2021-01-03,588,30380,371,25575,217,4805,0,0,583,30333,3,14,583,30347,California
Santa Clara,2021-01-04,2482,32862,1679,27254,803,5608,0,0,2479,32812,0,14,2479,32826,California
Santa Clara,2021-01-05,3097,35959,2031,29285,1066,6674,0,0,2904,35530,192,206,2910,35736,California
Santa Clara,2021-01-06,3364,39323,1991,31276,1373,8047,0,0,2756,37685,603,809,2758,38494,California
Santa Clara,2021-01-07,4237,43560,2575,33851,1662,9709,0,0,3151,39767,1075,1884,3157,41651,California
Santa Clara,2021-01-08,5885,49445,3852,37703,2033,11742,0,0,3770,41430,2107,3991,3770,45421,California
Santa Clara,2021-01-09,3037,52482,1917,39620,1120,12862,0,0,1714,41827,1320,5311,1717,47138,California
Santa Clara,2021-01-10,1975,54457,1525,41145,450,13312,0,0,752,41363,1216,6527,752,47890,California
Santa Clara,2021-01-11,5997,60454,3792,44937,2205,15517,0,0,3399,42176,2591,9118,3404,51294,California
Santa Clara,2021-01-12,6910,67364,3506,48443,3404,18921,0,0,4571,44424,2324,11442,4572,55866,California
Santa Clara,2021-01-13,7474,74838,3140,51583,4334,23255,0,0,5219,47394,2251,13693,5221,61087,California
Santa Clara,2021-01-14,8310,83148,2868,54451,5442,28697,0,0,6509,52113,1792,15485,6511,67598,California
Santa Clara,2021-01-15,9556,92704,2766,57217,6790,35487,0,0,8155,58876,1397,16882,8160,75758,California
Santa Clara,2021-01-16,4355,97059,1254,58471,3101,38588,0,0,3497,61519,854,17736,3497,79255,California
Santa Clara,2021-01-17,3244,100303,618,59089,2626,41214,0,0,2733,63745,507,18243,2733,81988,California
Santa Clara,2021-01-18,5120,105423,1176,60265,3944,45158,0,0,4557,67740,563,18806,4558,86546,California
Santa Clara,2021-01-19,8519,113942,2703,62968,5816,50974,0,0,6819,72866,1696,20502,6822,93368,California
Santa Clara,2021-01-20,8453,122395,4450,67418,4003,54977,0,0,6883,78184,1565,22067,6883,100251,California
Santa Clara,2021-01-21,8918,131313,3947,71365,4971,59948,0,0,7634,84541,1279,23346,7636,107887,California
Santa Clara,2021-01-22,8729,140042,3305,74670,5424,65372,0,0,8150,92119,575,23921,8153,116040,California
Santa Clara,2021-01-23,3805,143847,1684,76354,2121,67493,0,0,2836,93987,969,24890,2837,118877,California
Santa Clara,2021-01-24,2849,146696,1430,77784,1419,68912,0,0,2353,95849,491,25381,2353,121230,California
Santa Clara,2021-01-25,8408,155104,3806,81590,4602,73514,0,0,6320,100091,2080,27461,6322,127552,California
Santa Clara,2021-01-26,8331,163435,3796,85386,4535,78049,0,0,6178,104130,2142,29603,6181,133733,California
Santa Clara,2021-01-27,8816,172251,3885,89271,4931,82980,0,0,6871,109078,1924,31527,6872,140605,California
Santa Clara,2021-01-28,9542,181793,3826,93097,5716,88696,0,0,7544,114651,1976,33503,7549,148154,California
Santa Clara,2021-01-29,9611,191404,3966,97063,5645,94341,0,0,7408,119870,2190,35693,7409,155563,California
Santa Clara,2021-01-30,4209,195613,2090,99153,2119,96460,0,0,2986,121644,1213,36906,2987,158550,California
Santa Clara,2021-01-31,2202,197815,1321,100474,881,97341,0,0,1594,122637,601,37507,1594,160144,California
Santa Clara,2021-02-01,7878,205693,3513,103987,4365,101706,0,0,6163,127100,1702,39209,6165,166309,California
Santa Clara,2021-02-02,8664,214357,2902,106889,5762,107468,0,0,6618,131683,2038,41247,6621,172930,California
Santa Clara,2021-02-03,9287,223644,3509,110398,5778,113246,0,0,6975,136359,2305,43552,6981,179911,California
Santa Clara,2021-02-04,11032,234676,4177,114575,6855,120101,0,0,8709,142761,2311,45863,8713,188624,California
Santa Clara,2021-02-05,11999,246675,4381,118956,7618,127719,0,0,8513,147805,3470,49333,8514,197138,California
Santa Clara,2021-02-06,5222,251897,2837,121793,2385,130104,0,0,4040,150670,1177,50510,4042,201180,California
Santa Clara,2021-02-07,3490,255387,2359,124152,1131,131235,0,0,3031,153246,456,50966,3032,204212,California
Santa Clara,2021-02-08,10069,265456,3525,127677,6544,137779,0,0,7330,157850,2727,53693,7331,211543,California
Santa Clara,2021-02-09,11226,276682,3835,131512,7391,145170,0,0,7696,162036,3514,57207,7700,219243,California
Santa Clara,2021-02-10,12790,289472,4964,136476,7826,152996,0,0,6632,162532,6140,63347,6636,225879,California
Santa Clara,2021-02-11,13637,303109,4776,141252,8861,161857,0,0,7649,164213,5970,69317,7651,233530,California
Santa Clara,2021-02-12,14690,317799,4536,145788,10154,172011,0,0,6984,163518,7681,76998,6986,240516,California
Santa Clara,2021-02-13,6167,323966,1497,147285,4670,176681,0,0,2245,161853,3912,80910,2247,242763,California
Santa Clara,2021-02-14,4658,328624,1162,148447,3496,180177,0,0,1480,160162,3173,84083,1482,244245,California
Santa Clara,2021-02-15,6328,334952,2824,151271,3504,183681,0,0,2730,159302,3591,87674,2731,246976,California
Santa Clara,2021-02-16,13911,348863,4031,155302,9880,193561,0,0,6977,159371,6910,94584,6979,253955,California
Santa Clara,2021-02-17,14156,363019,5552,160854,8604,202165,0,0,7047,159335,7089,101673,7053,261008,California
Santa Clara,2021-02-18,14339,377358,8455,169309,5884,208049,0,0,7291,159636,6994,108667,7295,268303,California
Santa Clara,2021-02-19,15032,392390,9658,178967,5374,213423,0,0,8710,162075,6278,114945,8717,277020,California
Santa Clara,2021-02-20,7037,399427,5267,184234,1770,215193,0,0,3784,162633,3228,118173,3786,280806,California
Santa Clara,2021-02-21,3429,402856,2556,186790,873,216066,0,0,1272,161771,2136,120309,1274,282080,California
Santa Clara,2021-02-22,10617,413473,6319,193109,4298,220364,0,0,4928,161040,5661,125970,4930,287010,California
Santa Clara,2021-02-23,12223,425696,7884,200993,4339,224703,0,0,6895,162632,5307,131277,6899,293909,California
Santa Clara,2021-02-24,14358,440054,9257,210250,5101,229804,0,0,8865,166024,5473,136750,8865,302774,California
Santa Clara,2021-02-25,15056,455110,9594,219844,5462,235266,0,0,8186,167373,6844,143594,8193,310967,California
Santa Clara,2021-02-26,15001,470111,8692,228536,6309,241575,0,0,8167,168745,6802,150396,8174,319141,California
Santa Clara,2021-02-27,8305,478416,5724,234260,2580,244155,1,1,4630,169718,3665,154061,4638,323779,California
Santa Clara,2021-02-28,5381,483797,3676,237936,1705,245860,0,1,2668,169690,2697,156758,2669,326448,California
Santa Clara,2021-03-01,14542,498339,8362,246298,6174,252034,6,7,9005,173184,5517,162275,9011,335459,California
Santa Clara,2021-03-02,16141,514480,9559,255857,6581,258615,1,8,10289,177650,5825,168100,10291,345750,California
Santa Clara,2021-03-03,18680,533160,9248,265105,9428,268043,4,12,11618,182253,7023,175123,11626,357376,California
Santa Clara,2021-03-04,16569,549729,9015,274120,7551,275594,3,15,9643,185066,6836,181959,9649,367025,California
Santa Clara,2021-03-05,16634,566363,9255,283375,7253,282847,126,141,9231,187050,7379,189338,9363,376388,California
Santa Clara,2021-03-06,9441,575804,6315,289690,2675,285522,451,592,7080,192233,2349,191687,7532,383920,California
Santa Clara,2021-03-07,6828,582632,4473,294163,2108,287630,247,839,5437,196533,1381,193068,5681,389601,California
Santa Clara,2021-03-08,12925,595557,6740,300903,5613,293243,572,1411,8289,200774,4618,197686,8859,398460,California
Santa Clara,2021-03-09,15318,610875,6528,307431,7461,300704,1329,2740,6902,200606,8392,206078,8224,406684,California
Santa Clara,2021-03-10,15205,626080,6631,314062,6458,307162,2116,4856,6244,200007,8929,215007,8330,415014,California
Santa Clara,2021-03-11,17143,643223,7791,321853,7846,315008,1506,6362,6074,196541,11028,226035,7562,422576,California
Santa Clara,2021-03-12,17748,660971,9125,330978,7054,322062,1569,7931,5956,192297,11744,237779,7500,430076,California
Santa Clara,2021-03-13,10864,671835,6296,337274,3067,325129,1501,9432,4831,192597,6007,243786,6307,436383,California
Santa Clara,2021-03-14,6541,678376,3402,340676,1833,326962,1306,10738,3166,193699,3355,247141,4457,440840,California
Santa Clara,2021-03-15,12843,691219,6558,347234,6007,332969,278,11016,5935,193034,6878,254019,6213,447053,California
Santa Clara,2021-03-16,18333,709552,10357,357591,7767,340736,209,11225,8832,192604,9468,263487,9038,456091,California
Santa Clara,2021-03-17,20106,729658,11431,369022,8506,349242,169,11394,10360,193437,9690,273177,10523,466614,California
Santa Clara,2021-03-18,19322,748980,9072,378094,9091,358333,1159,12553,9137,193593,10128,283305,10284,476898,California
Santa Clara,2021-03-19,19545,768525,10087,388181,8453,366786,1005,13558,10028,195167,9449,292754,11023,487921,California
Santa Clara,2021-03-20,11599,780124,6397,394578,4370,371156,832,14390,6744,197917,4824,297578,7574,495495,California
Santa Clara,2021-03-21,8365,788489,3840,398418,3131,374287,1394,15784,5352,201650,2997,300575,6730,502225,California
Santa Clara,2021-03-22,16549,805038,9223,407641,6973,381260,353,16137,9179,203837,7341,307916,9528,511753,California
Santa Clara,2021-03-23,19492,824530,12377,420018,6590,387850,525,16662,11271,207462,8167,316083,11792,523545,California
Santa Clara,2021-03-24,22807,847337,14637,434655,7752,395602,418,17080,14693,214505,8069,324152,15112,538657,California
Santa Clara,2021-03-25,23093,870430,13208,447863,8893,404495,992,18072,14859,222175,8165,332317,15835,554492,California
Santa Clara,2021-03-26,22118,892548,14058,461921,7670,412165,390,18462,13620,227719,8458,340775,14002,568494,California
Santa Clara,2021-03-27,15766,908314,10488,472409,4508,416673,770,19232,8470,229706,7248,348023,9235,577729,California
Santa Clara,2021-03-28,12082,920396,8375,480784,2989,419662,718,19950,6486,231334,5569,353592,7197,584926,California
Santa Clara,2021-03-29,20687,941083,12631,493415,7332,426994,724,20674,11204,233816,9438,363030,11920,596846,California
Santa Clara,2021-03-30,25777,966860,15282,508697,8543,435537,1952,22626,16227,242475,9504,372534,18163,615009,California
Santa Clara,2021-03-31,20633,987493,11939,520636,7558,443095,1136,23762,12641,248292,7944,380478,13761,628770,California
Santa Clara,2021-04-01,32037,1019530,19886,540522,9045,452140,3106,26868,20238,259875,11723,392201,23306,652076,California
Santa Clara,2021-04-02,25415,1044945,14391,554913,8799,460939,2225,29093,16585,269884,8783,400984,18792,670868,California
Santa Clara,2021-04-03,15385,1060330,9316,564229,3522,464461,2547,31640,8507,274063,6855,407839,11034,681902,California
Santa Clara,2021-04-04,7656,1067986,4047,568276,2435,466896,1174,32814,3971,275520,3673,411512,5130,687032,California
Santa Clara,2021-04-05,21995,1089981,14614,582890,4887,471783,2494,35308,14372,284777,7592,419104,16849,703881,California
Santa Clara,2021-04-06,29765,1119746,16359,599249,7910,479693,5496,40804,17828,296181,11883,430987,23287,727168,California
Santa Clara,2021-04-07,31051,1150797,16025,615274,8507,488200,6519,47323,18941,309551,12049,443036,25419,752587,California
Santa Clara,2021-04-08,30167,1180964,16454,631728,6064,494264,7649,54972,16412,319885,13675,456711,24009,776596,California
Santa Clara,2021-04-09,28263,1209227,13990,645718,6956,501220,7317,62289,14424,327803,13770,470481,21688,798284,California
Santa Clara,2021-04-10,21648,1230875,12472,658190,3810,505030,5366,67655,11549,334602,10060,480541,16859,815143,California
Santa Clara,2021-04-11,16100,1246975,9647,667837,2666,507696,3787,71442,8330,338955,7735,488276,12088,827231,California
Santa Clara,2021-04-12,27151,1274126,19075,686912,5591,513287,2485,73927,18464,351267,8624,496900,20936,848167,California
Santa Clara,2021-04-13,34668,1308794,27255,714167,7384,520671,29,73956,26697,370124,7892,504792,26749,874916,California
Santa Clara,2021-04-14,37216,1346010,28203,742370,9009,529680,4,73960,26386,385797,10756,515548,26429,901345,California
Santa Clara,2021-04-15,44677,1390687,34568,776938,10103,539783,6,73966,34342,409956,10213,525761,34372,935717,California
Santa Clara,2021-04-16,38839,1429526,26583,803521,12253,552036,3,73969,27760,426752,10994,536755,27790,963507,California
Santa Clara,2021-04-17,22305,1451831,15235,818756,7068,559104,2,73971,15303,435139,6938,543693,15325,978832,California
Santa Clara,2021-04-18,16941,1468772,11137,829893,5804,564908,0,73971,10592,439428,6316,550009,10605,989437,California
Santa Clara,2021-04-19,29213,1497985,21088,850981,8124,573032,1,73972,17452,445232,11683,561692,17487,1006924,California
Santa Clara,2021-04-20,37982,1535967,23342,874323,14638,587670,2,73974,23103,453616,14760,576452,23144,1030068,California
Santa Clara,2021-04-21,38113,1574080,22510,896833,15601,603271,2,73976,24945,465544,13060,589512,24988,1055056,California
Santa Clara,2021-04-22,37946,1612026,25445,922278,12500,615771,1,73977,17870,463518,19973,609485,17947,1073003,California
Santa Clara,2021-04-23,32766,1644792,20146,942424,12619,628390,1,73978,15334,461589,17325,626810,15396,1088399,California
Santa Clara,2021-04-24,21210,1666002,15488,957912,5721,634111,1,73979,12050,464586,9085,635895,12082,1100481,California
Santa Clara,2021-04-25,13601,1679603,9832,967744,3763,637874,6,73985,8677,468413,4880,640775,8707,1109188,California
Santa Clara,2021-04-26,25496,1705099,19687,987431,5749,643623,60,74045,10606,464313,14791,655566,10691,1119879,California
Santa Clara,2021-04-27,27983,1733082,19952,1007383,7644,651267,387,74432,12201,461268,15686,671252,12641,1132520,California
Santa Clara,2021-04-28,26566,1759648,19780,1027163,6347,657614,439,74871,11265,457829,15214,686466,11775,1144295,California
Santa Clara,2021-04-29,24509,1784157,17988,1045151,6122,663736,399,75270,9217,452319,15208,701674,9698,1153993,California
Santa Clara,2021-04-30,23682,1807839,16335,1061486,6978,670714,369,75639,10132,449458,13453,715127,10592,1164585,California
Santa Clara,2021-05-01,17513,1825352,14512,1075998,2737,673451,264,75903,5505,443317,11953,727080,5812,1170397,California
Santa Clara,2021-05-02,11299,1836651,9375,1085373,1691,675142,233,76136,3488,439292,7767,734847,3742,1174139,California
Santa Clara,2021-05-03,22878,1859529,19379,1104752,3067,678209,432,76568,5138,427245,17662,752509,5615,1179754,California
Santa Clara,2021-05-04,31148,1890677,24474,1129226,6131,684340,543,77111,5558,407918,25477,777986,6150,1185904,California
Santa Clara,2021-05-05,32787,1923464,25037,1154263,7205,691545,545,77656,5529,386862,27158,805144,6102,1192006,California
Santa Clara,2021-05-06,35951,1959415,30020,1184283,5458,697003,473,78129,4789,361121,31026,836170,5285,1197291,California
Santa Clara,2021-05-07,32908,1992323,26490,1210773,5928,702931,490,78619,4707,338302,28065,864235,5246,1202537,California
Santa Clara,2021-05-08,17207,2009530,14111,1224884,2671,705602,425,79044,3742,329111,13373,877608,4182,1206719,California
Santa Clara,2021-05-09,10569,2020099,9198,1234082,1185,706787,186,79230,2329,323437,8202,885810,2528,1209247,California
Santa Clara,2021-05-10,21130,2041229,16966,1251048,3761,710548,403,79633,2706,308228,18339,904149,3130,1212377,California
Santa Clara,2021-05-11,22878,2064107,17316,1268364,5117,715665,445,80078,4139,294170,18648,922797,4590,1216967,California
Santa Clara,2021-05-12,21539,2085646,15873,1284237,5144,720809,522,80600,4280,281818,17161,939958,4809,1221776,California
Santa Clara,2021-05-13,28307,2113953,22936,1307173,5068,725877,303,80903,11248,276406,16971,956929,11559,1233335,California
Santa Clara,2021-05-14,27865,2141818,19476,1326649,7999,733876,390,81293,9567,268173,18203,975132,9970,1243305,California
Santa Clara,2021-05-15,20995,2162813,16890,1343539,3824,737700,281,81574,8136,263825,12773,987905,8425,1251730,California
Santa Clara,2021-05-16,16422,2179235,13426,1356965,2820,740520,176,81750,5368,258403,10969,998874,5547,1257277,California
Santa Clara,2021-05-17,20415,2199650,16064,1373029,3983,744503,368,82118,6847,252129,13491,1012365,7217,1264494,California
Santa Clara,2021-05-18,26159,2225809,16728,1389757,9016,753519,415,82533,7151,240828,18868,1031233,7567,1272061,California
Santa Clara,2021-05-19,24605,2250414,14398,1404155,9784,763303,423,82956,7295,231357,17196,1048429,7725,1279786,California
Santa Clara,2021-05-20,18516,2268930,12185,1416340,5880,769183,451,83407,6090,225557,12337,1060766,6537,1286323,California
Santa Clara,2021-05-21,22329,2291259,14845,1431185,6987,776170,497,83904,7379,218608,14839,1075605,7890,1294213,California
Santa Clara,2021-05-22,12920,2304179,9784,1440969,2785,778955,351,84255,5635,217380,7219,1082824,5991,1300204,California
Santa Clara,2021-05-23,8369,2312548,6226,1447195,1941,780896,202,84457,3345,215952,4977,1087801,3549,1303753,California
Santa Clara,2021-05-24,10900,2323448,7866,1455061,2585,783481,449,84906,3779,213121,7060,1094861,4229,1307982,California
Santa Clara,2021-05-25,11482,2334930,7950,1463011,3113,786594,419,85325,4397,210926,7009,1101870,4814,1312796,California
Santa Clara,2021-05-26,10425,2345355,6764,1469775,3324,789918,337,85662,3959,208857,6359,1108229,4290,1317086,California
Santa Clara,2021-05-27,9402,2354757,5999,1475774,2928,792846,475,86137,3503,206997,5831,1114060,3971,1321057,California
Santa Clara,2021-05-28,10882,2365639,7055,1482829,3398,796244,429,86566,4430,205472,6386,1120446,4861,1325918,California
Santa Clara,2021-05-29,6354,2371993,4333,1487162,1739,797983,282,86848,2711,204861,3601,1124047,2990,1328908,California
Santa Clara,2021-05-30,3839,2375832,2884,1490046,746,798729,209,87057,1813,204885,1997,1126044,2021,1330929,California
Santa Clara,2021-05-31,1098,2376930,629,1490675,360,799089,109,87166,439,204781,652,1126696,548,1331477,California
Santa Clara,2021-06-01,9078,2386008,6380,1497055,2314,801403,384,87550,3011,202185,5990,1132686,3394,1334871,California
Santa Clara,2021-06-02,7694,2393702,5528,1502583,1815,803218,351,87901,2897,200684,4740,1137426,3239,1338110,California
Santa Clara,2021-06-03,12226,2405928,10116,1512699,1741,804959,369,88270,2632,194153,9535,1146961,3004,1341114,California
Santa Clara,2021-06-04,13597,2419525,11379,1524078,1901,806860,317,88587,3285,187499,10249,1157210,3595,1344709,California
Santa Clara,2021-06-05,10454,2429979,8986,1533064,1208,808068,260,88847,2191,181737,8211,1165421,2449,1347158,California
Santa Clara,2021-06-06,6911,2436890,6161,1539225,596,808664,154,89001,1342,177717,5515,1170936,1495,1348653,California
Santa Clara,2021-06-07,9905,2446795,8349,1547574,1311,809975,245,89246,2289,172672,7577,1178513,2532,1351185,California
Santa Clara,2021-06-08,9146,2455941,7470,1555044,1405,811380,271,89517,2444,168741,6644,1185157,2713,1353898,California
Santa Clara,2021-06-09,9517,2465458,7942,1562986,1322,812702,253,89770,2261,164057,7193,1192350,2509,1356407,California
Santa Clara,2021-06-10,8323,2473781,6910,1569896,1086,813788,327,90097,2250,160611,6021,1198371,2575,1358982,California
Santa Clara,2021-06-11,10218,2483999,8675,1578571,1264,815052,279,90376,2511,155745,7656,1206027,2790,1361772,California
Santa Clara,2021-06-12,7178,2491177,5978,1584549,1033,816085,167,90543,1706,152192,5426,1211453,1873,1363645,California
Santa Clara,2021-06-13,3753,2494930,3032,1587581,608,816693,113,90656,878,150331,2852,1214305,991,1364636,California
Santa Clara,2021-06-14,5950,2500880,4808,1592389,910,817603,232,90888,1928,148503,3989,1218294,2161,1366797,California
Santa Clara,2021-06-15,7351,2508231,5956,1598345,1095,818698,300,91188,2074,145651,5228,1223522,2376,1369173,California
Santa Clara,2021-06-16,6353,2514584,5140,1603485,903,819601,310,91498,2088,143833,4217,1227739,2399,1371572,California
Santa Clara,2021-06-17,5356,2519940,4338,1607823,773,820374,245,91743,1836,142461,3449,1231188,2077,1373649,California
Santa Clara,2021-06-18,5432,2525372,4382,1612205,879,821253,171,91914,1786,140853,3564,1234752,1956,1375605,California
Santa Clara,2021-06-19,4520,2529892,3616,1615821,702,821955,202,92116,1285,139142,3198,1237950,1487,1377092,California
Santa Clara,2021-06-20,2139,2532031,1756,1617577,319,822274,64,92180,677,138437,1446,1239396,741,1377833,California
Santa Clara,2021-06-21,3686,2535717,2772,1620349,686,822960,228,92408,1803,138617,1850,1241246,2030,1379863,California
Santa Clara,2021-06-22,5053,2540770,4024,1624373,804,823764,225,92633,1698,137221,3317,1244563,1921,1381784,California
Santa Clara,2021-06-23,4476,2545246,3521,1627894,756,824520,199,92832,1606,136188,2836,1247399,1803,1383587,California
Santa Clara,2021-06-24,4356,2549602,3374,1631268,784,825304,198,93030,1610,135303,2693,1250092,1808,1385395,California
Santa Clara,2021-06-25,5511,2555113,4499,1635767,802,826106,210,93240,1892,133835,3566,1253658,2098,1387493,California
Santa Clara,2021-06-26,3685,2558798,2936,1638703,610,826716,139,93379,1335,132998,2309,1255967,1472,1388965,California
Santa Clara,2021-06-27,1985,2560783,1547,1640250,350,827066,88,93467,687,132487,1284,1257251,773,1389738,California
Santa Clara,2021-06-28,4025,2564808,3406,1643656,397,827463,222,93689,1542,131790,2458,1259709,1761,1391499,California
Santa Clara,2021-06-29,3051,2567859,2290,1645946,598,828061,163,93852,1122,131172,1903,1261612,1285,1392784,California
Santa Cruz,2020-12-15,2,2,2,2,0,0,0,0,2,2,0,0,2,2,California
Santa Cruz,2020-12-16,57,59,57,59,0,0,0,0,57,59,0,0,57,59,California
Santa Cruz,2020-12-17,389,448,389,448,0,0,0,0,389,448,0,0,389,448,California
Santa Cruz,2020-12-18,466,914,466,914,0,0,0,0,466,914,0,0,466,914,California
Santa Cruz,2020-12-19,182,1096,181,1095,1,1,0,0,182,1096,0,0,182,1096,California
Santa Cruz,2020-12-20,93,1189,92,1187,1,2,0,0,93,1189,0,0,93,1189,California
Santa Cruz,2020-12-21,437,1626,436,1623,1,3,0,0,437,1626,0,0,437,1626,California
Santa Cruz,2020-12-22,424,2050,423,2046,1,4,0,0,424,2050,0,0,424,2050,California
Santa Cruz,2020-12-23,369,2419,325,2371,44,48,0,0,369,2419,0,0,369,2419,California
Santa Cruz,2020-12-24,125,2544,49,2420,76,124,0,0,125,2544,0,0,125,2544,California
Santa Cruz,2020-12-25,10,2554,10,2430,0,124,0,0,10,2554,0,0,10,2554,California
Santa Cruz,2020-12-26,65,2619,46,2476,19,143,0,0,65,2619,0,0,65,2619,California
Santa Cruz,2020-12-27,32,2651,27,2503,5,148,0,0,32,2651,0,0,32,2651,California
Santa Cruz,2020-12-28,483,3134,108,2611,375,523,0,0,483,3134,0,0,483,3134,California
Santa Cruz,2020-12-29,797,3931,369,2980,428,951,0,0,797,3931,0,0,797,3931,California
Santa Cruz,2020-12-30,357,4288,165,3145,192,1143,0,0,357,4288,0,0,357,4288,California
Santa Cruz,2020-12-31,312,4600,11,3156,301,1444,0,0,312,4600,0,0,312,4600,California
Santa Cruz,2021-01-01,33,4633,1,3157,32,1476,0,0,33,4633,0,0,33,4633,California
Santa Cruz,2021-01-02,69,4702,55,3212,14,1490,0,0,69,4702,0,0,69,4702,California
Santa Cruz,2021-01-03,15,4717,7,3219,8,1498,0,0,15,4717,0,0,15,4717,California
Santa Cruz,2021-01-04,281,4998,123,3342,158,1656,0,0,279,4996,0,0,279,4996,California
Santa Cruz,2021-01-05,570,5568,434,3776,136,1792,0,0,268,4962,302,302,268,5264,California
Santa Cruz,2021-01-06,801,6369,669,4445,132,1924,0,0,463,5088,337,639,463,5727,California
Santa Cruz,2021-01-07,537,6906,210,4655,327,2251,0,0,384,5320,153,792,385,6112,California
Santa Cruz,2021-01-08,941,7847,566,5221,375,2626,0,0,492,5364,449,1241,493,6605,California
Santa Cruz,2021-01-09,466,8313,125,5346,341,2967,0,0,410,5718,56,1297,410,7015,California
Santa Cruz,2021-01-10,79,8392,70,5416,9,2976,0,0,20,5679,59,1356,20,7035,California
Santa Cruz,2021-01-11,729,9121,593,6009,136,3112,0,0,194,5339,535,1891,195,7230,California
Santa Cruz,2021-01-12,734,9855,530,6539,204,3316,0,0,491,5587,243,2134,491,7721,California
Santa Cruz,2021-01-13,532,10387,234,6773,298,3614,0,0,445,5948,84,2218,445,8166,California
Santa Cruz,2021-01-14,563,10950,104,6877,459,4073,0,0,496,6377,67,2285,496,8662,California
Santa Cruz,2021-01-15,1465,12415,79,6956,1386,5459,0,0,1399,7713,65,2350,1401,10063,California
Santa Cruz,2021-01-16,424,12839,53,7009,371,5830,0,0,405,8099,19,2369,405,10468,California
Santa Cruz,2021-01-17,298,13137,41,7050,257,6087,0,0,273,8347,25,2394,273,10741,California
Santa Cruz,2021-01-18,1015,14152,104,7154,911,6998,0,0,953,9238,62,2456,953,11694,California
Santa Cruz,2021-01-19,1630,15782,527,7681,1103,8101,0,0,1276,10163,352,2808,1277,12971,California
Santa Cruz,2021-01-20,1254,17036,185,7866,1069,9170,0,0,1053,11018,198,3006,1053,14024,California
Santa Cruz,2021-01-21,1753,18789,226,8092,1527,10697,0,0,1645,12557,108,3114,1647,15671,California
Santa Cruz,2021-01-22,1808,20597,526,8618,1282,11979,0,0,1705,14163,100,3214,1706,17377,California
Santa Cruz,2021-01-23,404,21001,148,8766,256,12235,0,0,345,14450,58,3272,345,17722,California
Santa Cruz,2021-01-24,113,21114,20,8786,93,12328,0,0,96,14529,17,3289,96,17818,California
Santa Cruz,2021-01-25,1067,22181,364,9150,703,13031,0,0,556,14574,511,3800,556,18374,California
Santa Cruz,2021-01-26,1701,23882,253,9403,1448,14479,0,0,1187,15247,514,4314,1187,19561,California
Santa Cruz,2021-01-27,1685,25567,460,9863,1225,15704,0,0,1294,16152,389,4703,1294,20855,California
Santa Cruz,2021-01-28,1773,27340,296,10159,1477,17181,0,0,1494,17368,279,4982,1495,22350,California
Santa Cruz,2021-01-29,1754,29094,493,10652,1261,18442,0,0,1620,18855,133,5115,1620,23970,California
Santa Cruz,2021-01-30,1076,30170,308,10960,768,19210,0,0,939,19657,137,5252,939,24909,California
Santa Cruz,2021-01-31,223,30393,111,11071,112,19322,0,0,209,19852,14,5266,209,25118,California
Santa Cruz,2021-02-01,1232,31625,756,11827,476,19798,0,0,822,20265,409,5675,822,25940,California
Santa Cruz,2021-02-02,1022,32647,131,11958,891,20689,0,0,866,20977,154,5829,866,26806,California
Santa Cruz,2021-02-03,2244,34891,961,12919,1283,21972,0,0,1927,22592,312,6141,1927,28733,California
Santa Cruz,2021-02-04,1863,36754,771,13690,1092,23064,0,0,1519,23769,342,6483,1519,30252,California
Santa Cruz,2021-02-05,3183,39937,792,14482,2391,25455,0,0,2861,26309,321,6804,2861,33113,California
Santa Cruz,2021-02-06,2584,42521,160,14642,2424,27879,0,0,2239,28203,345,7149,2239,35352,California
Santa Cruz,2021-02-07,918,43439,123,14765,795,28674,0,0,900,29085,18,7167,900,36252,California
Santa Cruz,2021-02-08,719,44158,202,14967,517,29191,0,0,518,29403,200,7367,518,36770,California
Santa Cruz,2021-02-09,2376,46534,1055,16022,1321,30512,0,0,2108,31243,268,7635,2108,38878,California
Santa Cruz,2021-02-10,2218,48752,578,16600,1640,32152,0,0,1510,32058,696,8331,1511,40389,California
Santa Cruz,2021-02-11,1867,50619,319,16919,1548,33700,0,0,1311,32815,554,8885,1311,41700,California
Santa Cruz,2021-02-12,3253,53872,424,17343,2829,36529,0,0,1830,33234,1414,10299,1833,43533,California
Santa Cruz,2021-02-13,1731,55603,124,17467,1607,38136,0,0,1317,34137,414,10713,1317,44850,California
Santa Cruz,2021-02-14,1408,57011,68,17535,1340,39476,0,0,1146,35021,262,10975,1146,45996,California
Santa Cruz,2021-02-15,1594,58605,285,17820,1309,40785,0,0,569,34567,1024,11999,570,46566,California
Santa Cruz,2021-02-16,1717,60322,217,18037,1500,42285,0,0,542,33956,1153,13152,542,47108,California
Santa Cruz,2021-02-17,2944,63266,988,19025,1956,44241,0,0,1225,33479,1705,14857,1228,48336,California
Santa Cruz,2021-02-18,2912,66178,647,19672,2265,46506,0,0,1234,33043,1670,16527,1234,49570,California
Santa Cruz,2021-02-19,3302,69480,1164,20836,2138,48644,0,0,2024,33793,1274,17801,2024,51594,California
Santa Cruz,2021-02-20,2463,71943,1540,22376,923,49567,0,0,1915,35176,534,18335,1917,53511,California
Santa Cruz,2021-02-21,860,72803,378,22754,482,50049,0,0,728,35774,130,18465,728,54239,California
Santa Cruz,2021-02-22,1278,74081,985,23739,293,50342,0,0,542,35583,734,19199,543,54782,California
Santa Cruz,2021-02-23,2107,76188,944,24683,1163,51505,0,0,715,34907,1391,20590,715,55497,California
Santa Cruz,2021-02-24,3213,79401,1675,26358,1538,53043,0,0,1219,34137,1989,22579,1219,56716,California
Santa Cruz,2021-02-25,3282,82683,1450,27808,1832,54875,0,0,1810,34486,1463,24042,1812,58528,California
Santa Cruz,2021-02-26,2760,85443,774,28582,1986,56861,0,0,1572,34877,1183,25225,1574,60102,California
Santa Cruz,2021-02-27,2663,88106,940,29522,1723,58584,0,0,1856,35928,805,26030,1856,61958,California
Santa Cruz,2021-02-28,1315,89421,374,29896,941,59525,0,0,1089,36794,223,26253,1089,63047,California
Santa Cruz,2021-03-01,1918,91339,1263,31159,655,60180,0,0,731,36341,1184,27437,731,63778,California
Santa Cruz,2021-03-02,1569,92908,375,31534,1194,61374,0,0,891,36558,677,28114,894,64672,California
Santa Cruz,2021-03-03,2380,95288,648,32182,1732,63106,0,0,1309,36798,1069,29183,1309,65981,California
Santa Cruz,2021-03-04,3023,98311,1421,33603,1601,64707,1,1,2030,37849,981,30164,2032,68013,California
Santa Cruz,2021-03-05,2651,100962,504,34107,2129,66836,18,19,1160,37540,1487,31651,1178,69191,California
Santa Cruz,2021-03-06,3881,104843,1351,35458,2425,69261,105,124,2168,38099,1713,33364,2272,71463,California
Santa Cruz,2021-03-07,1351,106194,129,35587,1149,70410,73,197,561,37945,788,34152,634,72097,California
Santa Cruz,2021-03-08,1104,107298,226,35813,746,71156,132,329,663,38297,441,34593,793,72890,California
Santa Cruz,2021-03-09,1820,109118,275,36088,1393,72549,152,481,723,38079,1093,35686,875,73765,California
Santa Cruz,2021-03-10,3905,113023,2103,38191,1652,74201,150,631,2013,38354,1889,37575,2164,75929,California
Santa Cruz,2021-03-11,2841,115864,1231,39422,1435,75636,175,806,1561,38814,1279,38854,1739,77668,California
Santa Cruz,2021-03-12,2804,118668,896,40318,1612,77248,296,1102,927,38162,1873,40727,1221,78889,California
Santa Cruz,2021-03-13,2355,121023,1349,41667,962,78210,44,1146,1186,38228,1165,41892,1231,80120,California
Santa Cruz,2021-03-14,914,121937,219,41886,682,78892,13,1159,438,38204,474,42366,450,80570,California
Santa Cruz,2021-03-15,1376,123313,484,42370,855,79747,37,1196,589,38048,783,43149,627,81197,California
Santa Cruz,2021-03-16,2390,125703,1147,43517,1199,80946,44,1240,1386,38477,999,44148,1428,82625,California
Santa Cruz,2021-03-17,4082,129785,2426,45943,1645,82591,11,1251,2699,39814,1375,45523,2712,85337,California
Santa Cruz,2021-03-18,3959,133744,2135,48078,1704,84295,120,1371,2136,40251,1819,47342,2256,87593,California
Santa Cruz,2021-03-19,3480,137224,1381,49459,1873,86168,226,1597,1831,40665,1643,48985,2057,89650,California
Santa Cruz,2021-03-20,2251,139475,1651,51110,533,86701,67,1664,1103,40688,1147,50132,1170,90820,California
Santa Cruz,2021-03-21,887,140362,479,51589,280,86981,128,1792,474,40881,410,50542,603,91423,California
Santa Cruz,2021-03-22,1452,141814,889,52478,540,87521,23,1815,1011,41479,437,50979,1035,92458,California
Santa Cruz,2021-03-23,2640,144454,1487,53965,1102,88623,51,1866,1762,42417,875,51854,1813,94271,California
Santa Cruz,2021-03-24,3159,147613,2139,56104,999,89622,21,1887,2096,43482,1051,52905,2116,96387,California
Santa Cruz,2021-03-25,2689,150302,1351,57455,1301,90923,37,1924,1362,43564,1316,54221,1398,97785,California
Santa Cruz,2021-03-26,3180,153482,1841,59296,1311,92234,28,1952,2162,44743,1010,55231,2189,99974,California
Santa Cruz,2021-03-27,3259,156741,2027,61323,1205,93439,27,1979,1516,44555,1732,56963,1544,101518,California
Santa Cruz,2021-03-28,942,157683,583,61906,345,93784,14,1993,496,44623,442,57405,510,102028,California
Santa Cruz,2021-03-29,2026,159709,898,62804,1060,94844,68,2061,1283,45235,739,58144,1351,103379,California
Santa Cruz,2021-03-30,2757,162466,831,63635,1762,96606,164,2225,1744,46132,1010,59154,1907,105286,California
Santa Cruz,2021-03-31,4217,166683,2850,66485,1317,97923,50,2275,2220,46410,1992,61146,2270,107556,California
Santa Cruz,2021-04-01,4101,170784,2190,68675,1802,99725,109,2384,2083,46591,2011,63157,2192,109748,California
Santa Cruz,2021-04-02,3332,174116,1438,70113,1713,101438,181,2565,1906,47256,1422,64579,2087,111835,California
Santa Cruz,2021-04-03,2283,176399,1245,71358,902,102340,136,2701,892,46894,1389,65968,1027,112862,California
Santa Cruz,2021-04-04,945,177344,494,71852,395,102735,56,2757,553,47110,392,66360,608,113470,California
Santa Cruz,2021-04-05,2292,179636,804,72656,1320,104055,168,2925,1417,47822,874,67234,1586,115056,California
Santa Cruz,2021-04-06,3444,183080,1679,74335,1382,105437,383,3308,1989,48744,1444,68678,2366,117422,California
Santa Cruz,2021-04-07,4227,187307,1671,76006,2185,107622,371,3679,1824,48537,2400,71078,2193,119615,California
Santa Cruz,2021-04-08,4335,191642,2377,78383,1431,109053,527,4206,2555,49846,1771,72849,3080,122695,California
Santa Cruz,2021-04-09,3764,195406,1531,79914,1822,110875,411,4617,2116,50733,1641,74490,2528,125223,California
Santa Cruz,2021-04-10,2304,197710,1106,81020,937,111812,261,4878,1088,50868,1212,75702,1347,126570,California
Santa Cruz,2021-04-11,1018,198728,536,81556,387,112199,95,4973,496,50936,522,76224,590,127160,California
Santa Cruz,2021-04-12,2353,201081,843,82399,1084,113283,426,5399,1125,51273,1214,77438,1551,128711,California
Santa Cruz,2021-04-13,2982,204063,1485,83884,1495,114778,2,5401,1675,51652,1298,78736,1677,130388,California
Santa Cruz,2021-04-14,4784,208847,2306,86190,2478,117256,0,5401,2310,51501,2463,81199,2312,132700,California
Santa Cruz,2021-04-15,5140,213987,3258,89448,1882,119138,0,5401,3214,52805,1912,83111,3216,135916,California
Santa Cruz,2021-04-16,4633,218620,2566,92014,2065,121203,2,5403,2502,53189,2122,85233,2506,138422,California
Santa Cruz,2021-04-17,2294,220914,920,92934,1374,122577,0,5403,1509,53916,782,86015,1509,139931,California
Santa Cruz,2021-04-18,1118,222032,556,93490,561,123138,1,5404,608,54019,506,86521,609,140540,California
Santa Cruz,2021-04-19,2617,224649,1543,95033,1073,124211,1,5405,1623,54651,991,87512,1623,142163,California
Santa Cruz,2021-04-20,3306,227955,1772,96805,1534,125745,0,5405,1871,55099,1423,88935,1871,144034,California
Santa Cruz,2021-04-21,4452,232407,2993,99798,1459,127204,0,5405,2410,55487,2023,90958,2411,146445,California
Santa Cruz,2021-04-22,4418,236825,2997,102795,1421,128625,0,5405,2468,56016,1940,92898,2469,148914,California
Santa Cruz,2021-04-23,3265,240090,1780,104575,1484,130109,1,5406,1416,55594,1839,94737,1417,150331,California
Santa Cruz,2021-04-24,2270,242360,1091,105666,1176,131285,3,5409,697,54732,1562,96299,700,151031,California
Santa Cruz,2021-04-25,1101,243461,707,106373,381,131666,13,5422,457,54565,635,96934,468,151499,California
Santa Cruz,2021-04-26,2172,245633,1081,107454,1074,132740,17,5439,910,54243,1250,98184,928,152427,California
Santa Cruz,2021-04-27,3046,248679,1008,108462,1956,134696,82,5521,1523,54333,1515,99699,1605,154032,California
Santa Cruz,2021-04-28,3543,252222,1979,110441,1487,136183,77,5598,1871,54619,1659,101358,1945,155977,California
Santa Cruz,2021-04-29,3840,256062,2566,113007,1211,137394,63,5661,1358,53571,2472,103830,1424,157401,California
Santa Cruz,2021-04-30,2420,258482,1230,114237,1147,138541,43,5704,1025,53253,1387,105217,1069,158470,California
Santa Cruz,2021-05-01,1323,259805,1050,115287,240,138781,33,5737,608,53184,711,105928,642,159112,California
Santa Cruz,2021-05-02,659,260464,466,115753,167,138948,26,5763,216,52984,443,106371,243,159355,California
Santa Cruz,2021-05-03,1942,262406,1005,116758,870,139818,67,5830,658,52437,1273,107644,726,160081,California
Santa Cruz,2021-05-04,2759,265165,1618,118376,1070,140888,71,5901,886,51522,1870,109514,955,161036,California
Santa Cruz,2021-05-05,2841,268006,1434,119810,1326,142214,81,5982,753,50316,2045,111559,839,161875,California
Santa Cruz,2021-05-06,3936,271942,2515,122325,1200,143414,221,6203,892,48400,3026,114585,1110,162985,California
Santa Cruz,2021-05-07,2816,274758,1304,123629,1429,144843,83,6286,439,46553,2371,116956,524,163509,California
Santa Cruz,2021-05-08,1440,276198,754,124383,658,145501,28,6314,399,45941,1041,117997,429,163938,California
Santa Cruz,2021-05-09,537,276735,341,124724,173,145674,23,6337,160,45749,375,118372,183,164121,California
Santa Cruz,2021-05-10,2125,278860,1283,126007,776,146450,66,6403,414,44527,1702,120074,480,164601,California
Santa Cruz,2021-05-11,2441,281301,1391,127398,961,147411,89,6492,653,43485,1783,121857,741,165342,California
Santa Cruz,2021-05-12,3263,284564,1426,128824,1756,149167,81,6573,576,41466,2677,124534,658,166000,California
Santa Cruz,2021-05-13,3983,288547,2705,131529,1184,150351,94,6667,1431,40446,2547,127081,1527,167527,California
Santa Cruz,2021-05-14,3085,291632,1716,133245,1329,151680,40,6707,1216,39844,1861,128942,1259,168786,California
Santa Cruz,2021-05-15,2301,293933,1332,134577,957,152637,12,6719,1117,39792,1181,130123,1129,169915,California
Santa Cruz,2021-05-16,813,294746,437,135014,354,152991,22,6741,256,39516,555,130678,279,170194,California
Santa Cruz,2021-05-17,1583,296329,828,135842,684,153675,71,6812,556,39117,1026,131704,627,170821,California
Santa Cruz,2021-05-18,2384,298713,1478,137320,882,154557,24,6836,1154,39072,1223,132927,1178,171999,California
Santa Cruz,2021-05-19,3164,301877,1907,139227,1220,155777,37,6873,1335,38625,1819,134746,1372,173371,California
Santa Cruz,2021-05-20,3461,305338,2489,141716,824,156601,148,7021,1615,38547,1841,136587,1763,175134,California
Santa Cruz,2021-05-21,1805,307143,934,142650,781,157382,90,7111,619,38076,1180,137767,709,175843,California
Santa Cruz,2021-05-22,1748,308891,1354,144004,383,157765,11,7122,613,37570,1131,138898,625,176468,California
Santa Cruz,2021-05-23,490,309381,276,144280,195,157960,19,7141,154,37411,332,139230,173,176641,California
Santa Cruz,2021-05-24,1210,310591,704,144984,427,158387,79,7220,315,36918,887,140117,394,177035,California
Santa Cruz,2021-05-25,2312,312903,1326,146310,941,159328,45,7265,483,35764,1682,141799,528,177563,California
Santa Cruz,2021-05-26,1784,314687,842,147152,897,160225,45,7310,490,35021,1278,143077,535,178098,California
Santa Cruz,2021-05-27,1354,316041,741,147893,508,160733,105,7415,461,34701,886,143963,566,178664,California
Santa Cruz,2021-05-28,866,316907,389,148282,447,161180,30,7445,377,34629,480,144443,408,179072,California
Santa Cruz,2021-05-29,599,317506,339,148621,247,161427,13,7458,320,34685,277,144720,333,179405,California
Santa Cruz,2021-05-30,247,317753,124,148745,109,161536,14,7472,95,34644,149,144869,108,179513,California
Santa Cruz,2021-05-31,146,317899,64,148809,81,161617,1,7473,45,34590,100,144969,46,179559,California
Santa Cruz,2021-06-01,971,318870,602,149411,356,161973,13,7486,353,34339,616,145585,365,179924,California
Santa Cruz,2021-06-02,932,319802,551,149962,339,162312,42,7528,354,34162,573,146158,396,180320,California
Santa Cruz,2021-06-03,2319,322121,1561,151523,720,163032,38,7566,541,32973,1768,147926,579,180899,California
Santa Cruz,2021-06-04,1083,323204,747,152270,301,163333,35,7601,248,32429,828,148754,284,181183,California
Santa Cruz,2021-06-05,1088,324292,887,153157,196,163529,5,7606,193,31736,891,149645,198,181381,California
Santa Cruz,2021-06-06,416,324708,307,153464,92,163621,17,7623,111,31562,302,149947,128,181509,California
Santa Cruz,2021-06-07,870,325578,648,154112,191,163812,31,7654,232,31188,637,150584,263,181772,California
Santa Cruz,2021-06-08,1529,327107,1230,155342,274,164086,25,7679,321,30332,1203,151787,347,182119,California
Santa Cruz,2021-06-09,1477,328584,1163,156505,297,164383,17,7696,292,29464,1178,152965,310,182429,California
Santa Cruz,2021-06-10,2024,330608,1665,158170,287,164670,72,7768,363,28240,1656,154621,432,182861,California
Santa Cruz,2021-06-11,844,331452,527,158697,282,164952,35,7803,291,28017,547,155168,324,183185,California
Santa Cruz,2021-06-12,980,332432,862,159559,112,165064,6,7809,170,27386,807,155975,176,183361,California
Santa Cruz,2021-06-13,206,332638,138,159697,46,165110,22,7831,32,27266,174,156149,54,183415,California
Santa Cruz,2021-06-14,583,333221,383,160080,164,165274,36,7867,169,27059,411,156560,204,183619,California
Santa Cruz,2021-06-15,976,334197,726,160806,227,165501,23,7890,347,26804,626,157186,371,183990,California
Santa Cruz,2021-06-16,848,335045,630,161436,183,165684,35,7925,275,26544,569,157755,309,184299,California
Santa Cruz,2021-06-17,825,335870,643,162079,143,165827,39,7964,306,26372,516,158271,344,184643,California
Santa Cruz,2021-06-18,661,336531,405,162484,225,166052,31,7995,297,26340,360,158631,328,184971,California
Santa Cruz,2021-06-19,339,336870,268,162752,64,166116,7,8002,120,26251,216,158847,127,185098,California
Santa Cruz,2021-06-20,164,337034,117,162869,29,166145,18,8020,69,26243,95,158942,87,185185,California
Santa Cruz,2021-06-21,369,337403,263,163132,85,166230,21,8041,190,26275,177,159119,209,185394,California
Santa Cruz,2021-06-22,708,338111,505,163637,173,166403,30,8071,274,26147,433,159552,305,185699,California
Santa Cruz,2021-06-23,411,338522,293,163930,108,166511,10,8081,199,26148,206,159758,207,185906,California
Santa Cruz,2021-06-24,544,339066,386,164316,115,166626,43,8124,219,26086,323,160081,261,186167,California
Santa Cruz,2021-06-25,530,339596,342,164658,163,166789,25,8149,237,26059,289,160370,262,186429,California
Santa Cruz,2021-06-26,261,339857,162,164820,90,166879,9,8158,106,26021,153,160523,115,186544,California
Santa Cruz,2021-06-27,182,340039,132,164952,20,166899,30,8188,65,25999,117,160640,95,186639,California
Santa Cruz,2021-06-28,468,340507,384,165336,74,166973,10,8198,206,25954,261,160901,216,186855,California
Santa Cruz,2021-06-29,588,341095,481,165817,88,167061,19,8217,205,25797,380,161281,223,187078,California
Shasta,2020-12-16,131,131,131,131,0,0,0,0,131,131,0,0,131,131,California
Shasta,2020-12-17,422,553,422,553,0,0,0,0,422,553,0,0,422,553,California
Shasta,2020-12-18,166,719,166,719,0,0,0,0,166,719,0,0,166,719,California
Shasta,2020-12-19,1,720,1,720,0,0,0,0,1,720,0,0,1,720,California
Shasta,2020-12-21,79,799,79,799,0,0,0,0,79,799,0,0,79,799,California
Shasta,2020-12-22,193,992,188,987,5,5,0,0,193,992,0,0,193,992,California
Shasta,2020-12-23,173,1165,169,1156,4,9,0,0,173,1165,0,0,173,1165,California
Shasta,2020-12-24,19,1184,19,1175,0,9,0,0,19,1184,0,0,19,1184,California
Shasta,2020-12-26,4,1188,1,1176,3,12,0,0,4,1188,0,0,4,1188,California
Shasta,2020-12-27,1,1189,0,1176,1,13,0,0,1,1189,0,0,1,1189,California
Shasta,2020-12-28,40,1229,31,1207,9,22,0,0,40,1229,0,0,40,1229,California
Shasta,2020-12-29,186,1415,185,1392,1,23,0,0,186,1415,0,0,186,1415,California
Shasta,2020-12-30,177,1592,167,1559,10,33,0,0,177,1592,0,0,177,1592,California
Shasta,2020-12-31,83,1675,2,1561,81,114,0,0,83,1675,0,0,83,1675,California
Shasta,2021-01-02,2,1677,0,1561,2,116,0,0,2,1677,0,0,2,1677,California
Shasta,2021-01-03,1,1678,1,1562,0,116,0,0,1,1678,0,0,1,1678,California
Shasta,2021-01-04,373,2051,307,1869,66,182,0,0,374,2052,0,0,374,2052,California
Shasta,2021-01-05,338,2389,315,2184,23,205,0,0,256,2226,82,82,256,2308,California
Shasta,2021-01-06,466,2855,395,2579,71,276,0,0,203,2167,262,344,203,2511,California
Shasta,2021-01-07,125,2980,37,2616,88,364,0,0,103,2248,22,366,103,2614,California
Shasta,2021-01-08,524,3504,447,3063,77,441,0,0,316,2356,208,574,316,2930,California
Shasta,2021-01-09,73,3577,64,3127,9,450,0,0,71,2425,2,576,71,3001,California
Shasta,2021-01-10,5,3582,0,3127,5,455,0,0,3,2428,2,578,5,3006,California
Shasta,2021-01-11,409,3991,186,3313,223,678,0,0,373,2765,36,614,373,3379,California
Shasta,2021-01-12,489,4480,332,3645,157,835,0,0,313,2903,176,790,314,3693,California
Shasta,2021-01-13,603,5083,269,3914,334,1169,0,0,432,3164,171,961,432,4125,California
Shasta,2021-01-14,504,5587,52,3966,452,1621,0,0,486,3632,18,979,486,4611,California
Shasta,2021-01-15,690,6277,136,4102,554,2175,0,0,688,4318,2,981,688,5299,California
Shasta,2021-01-16,897,7174,53,4155,844,3019,0,0,894,5209,3,984,894,6193,California
Shasta,2021-01-17,27,7201,6,4161,21,3040,0,0,23,5228,4,988,23,6216,California
Shasta,2021-01-18,599,7800,129,4290,470,3510,0,0,591,5811,8,996,591,6807,California
Shasta,2021-01-19,1065,8865,402,4692,663,4173,0,0,917,6580,148,1144,917,7724,California
Shasta,2021-01-20,758,9623,490,5182,268,4441,0,0,573,6973,180,1324,573,8297,California
Shasta,2021-01-21,689,10312,335,5517,354,4795,0,0,666,7616,23,1347,666,8963,California
Shasta,2021-01-22,451,10763,177,5694,274,5069,0,0,445,8055,6,1353,445,9408,California
Shasta,2021-01-23,68,10831,5,5699,63,5132,0,0,67,8121,1,1354,67,9475,California
Shasta,2021-01-24,26,10857,3,5702,23,5155,0,0,25,8145,1,1355,25,9500,California
Shasta,2021-01-25,748,11605,489,6191,259,5414,0,0,459,8316,288,1643,459,9959,California
Shasta,2021-01-26,713,12318,333,6524,380,5794,0,0,479,8563,232,1875,479,10438,California
Shasta,2021-01-27,463,12781,181,6705,282,6076,0,0,413,8927,49,1924,413,10851,California
Shasta,2021-01-28,894,13675,580,7285,314,6390,0,0,672,9377,222,2146,672,11523,California
Shasta,2021-01-29,833,14508,329,7614,504,6894,0,0,644,9833,189,2335,645,12168,California
Shasta,2021-01-30,615,15123,14,7628,601,7495,0,0,605,10428,10,2345,605,12773,California
Shasta,2021-01-31,27,15150,4,7632,23,7518,0,0,25,10451,2,2347,25,12798,California
Shasta,2021-02-01,532,15682,149,7781,383,7901,0,0,385,10689,147,2494,385,13183,California
Shasta,2021-02-02,992,16674,501,8282,491,8392,0,0,899,11497,91,2585,899,14082,California
Shasta,2021-02-03,725,17399,213,8495,512,8904,0,0,490,11752,235,2820,490,14572,California
Shasta,2021-02-04,1105,18504,678,9173,427,9331,0,0,911,12470,193,3013,911,15483,California
Shasta,2021-02-05,1266,19770,168,9341,1098,10429,0,0,1057,13319,208,3221,1057,16540,California
Shasta,2021-02-06,1746,21516,41,9382,1705,12134,0,0,1723,15019,23,3244,1723,18263,California
Shasta,2021-02-07,25,21541,3,9385,22,12156,0,0,23,15040,2,3246,23,18286,California
Shasta,2021-02-08,601,22142,169,9554,432,12588,0,0,309,15057,292,3538,309,18595,California
Shasta,2021-02-09,1132,23274,660,10214,472,13060,0,0,708,15342,424,3962,709,19304,California
Shasta,2021-02-10,1127,24401,788,11002,339,13399,0,0,546,15307,581,4543,546,19850,California
Shasta,2021-02-11,895,25296,187,11189,708,14107,0,0,316,15050,573,5116,316,20166,California
Shasta,2021-02-12,1804,27100,1217,12406,587,14694,0,0,1243,15733,560,5676,1243,21409,California
Shasta,2021-02-13,1384,28484,374,12780,1010,15704,0,0,569,15487,816,6492,570,21979,California
Shasta,2021-02-14,152,28636,5,12785,147,15851,0,0,124,15584,27,6519,124,22103,California
Shasta,2021-02-15,380,29016,92,12877,288,16139,0,0,211,15626,169,6688,211,22314,California
Shasta,2021-02-16,1202,30218,523,13400,679,16818,0,0,427,15279,774,7462,427,22741,California
Shasta,2021-02-17,1038,31256,439,13839,599,17417,0,0,411,15063,627,8089,411,23152,California
Shasta,2021-02-18,955,32211,472,14311,483,17900,0,0,460,15029,495,8584,461,23613,California
Shasta,2021-02-19,1338,33549,946,15257,392,18292,0,0,867,15425,471,9055,867,24480,California
Shasta,2021-02-20,809,34358,94,15351,715,19007,0,0,310,15236,499,9554,310,24790,California
Shasta,2021-02-21,32,34390,3,15354,29,19036,0,0,10,15224,22,9576,10,24800,California
Shasta,2021-02-22,433,34823,79,15433,354,19390,0,0,181,15154,251,9827,181,24981,California
Shasta,2021-02-23,912,35735,471,15904,441,19831,0,0,328,14898,584,10411,328,25309,California
Shasta,2021-02-24,897,36632,514,16418,383,20214,0,0,278,14558,618,11029,278,25587,California
Shasta,2021-02-25,521,37153,165,16583,356,20570,0,0,162,14362,358,11387,162,25749,California
Shasta,2021-02-26,797,37950,98,16681,699,21269,0,0,337,14240,459,11846,337,26086,California
Shasta,2021-02-27,829,38779,27,16708,802,22071,0,0,189,13792,637,12483,189,26275,California
Shasta,2021-02-28,176,38955,4,16712,172,22243,0,0,127,13870,49,12532,127,26402,California
Shasta,2021-03-01,588,39543,61,16773,527,22770,0,0,298,13879,289,12821,298,26700,California
Shasta,2021-03-02,1031,40574,475,17248,556,23326,0,0,338,13526,691,13512,338,27038,California
Shasta,2021-03-03,680,41254,175,17423,505,23831,0,0,247,13340,433,13945,247,27285,California
Shasta,2021-03-04,3038,44292,2421,19844,617,24448,0,0,1732,13770,1303,15248,1733,29018,California
Shasta,2021-03-05,1563,45855,163,20007,1371,25819,29,29,789,13813,775,16023,818,29836,California
Shasta,2021-03-06,2743,48598,385,20392,2311,28130,47,76,854,12827,1887,17910,901,30737,California
Shasta,2021-03-07,93,48691,4,20396,57,28187,32,108,39,12844,54,17964,71,30808,California
Shasta,2021-03-08,571,49262,48,20444,384,28571,139,247,157,12728,412,18376,296,31104,California
Shasta,2021-03-09,1256,50518,596,21040,482,29053,178,425,696,13042,559,18935,873,31977,California
Shasta,2021-03-10,804,51322,257,21297,345,29398,202,627,142,12723,661,19596,342,32319,California
Shasta,2021-03-11,1560,52882,472,21769,817,30215,271,898,943,13323,613,20209,1213,33532,California
Shasta,2021-03-12,1557,54439,845,22614,465,30680,247,1145,410,12833,1146,21355,656,34188,California
Shasta,2021-03-13,756,55195,425,23039,233,30913,98,1243,473,13123,280,21635,570,34758,California
Shasta,2021-03-14,1017,56212,8,23047,986,31899,23,1266,878,13888,138,21773,903,35661,California
Shasta,2021-03-15,497,56709,36,23083,361,32260,100,1366,209,13908,288,22061,308,35969,California
Shasta,2021-03-16,1144,57853,150,23233,926,33186,68,1434,858,14548,286,22347,926,36895,California
Shasta,2021-03-17,742,58595,193,23426,491,33677,58,1492,397,14668,335,22682,455,37350,California
Shasta,2021-03-18,1548,60143,589,24015,855,34532,104,1596,1117,15462,427,23109,1221,38571,California
Shasta,2021-03-19,647,60790,198,24213,393,34925,56,1652,412,15696,234,23343,468,39039,California
Shasta,2021-03-20,749,61539,490,24703,245,35170,14,1666,595,16153,154,23497,611,39650,California
Shasta,2021-03-21,313,61852,298,25001,4,35174,11,1677,285,16423,27,23524,297,39947,California
Shasta,2021-03-22,348,62200,38,25039,274,35448,36,1713,199,16511,147,23671,235,40182,California
Shasta,2021-03-23,1312,63512,653,25692,600,36048,59,1772,759,16781,548,24219,818,41000,California
Shasta,2021-03-24,609,64121,155,25847,416,36464,38,1810,365,16941,243,24462,403,41403,California
Shasta,2021-03-25,1136,65257,452,26299,663,37127,21,1831,823,17476,311,24773,846,42249,California
Shasta,2021-03-26,1836,67093,1403,27702,403,37530,30,1861,1474,18619,362,25135,1505,43754,California
Shasta,2021-03-27,1595,68688,406,28108,317,37847,872,2733,578,19049,1015,26150,1445,45199,California
Shasta,2021-03-28,408,69096,301,28409,97,37944,10,2743,302,19257,104,26254,312,45511,California
Shasta,2021-03-29,425,69521,41,28450,372,38316,12,2755,169,19183,255,26509,181,45692,California
Shasta,2021-03-30,1250,70771,770,29220,463,38779,17,2772,626,19205,621,27130,643,46335,California
Shasta,2021-03-31,621,71392,208,29428,407,39186,6,2778,384,19362,233,27363,390,46725,California
Shasta,2021-04-01,897,72289,247,29675,637,39823,13,2791,575,19630,320,27683,588,47313,California
Shasta,2021-04-02,758,73047,199,29874,504,40327,55,2846,412,19754,343,28026,467,47780,California
Shasta,2021-04-03,512,73559,360,30234,133,40460,19,2865,387,20035,125,28151,406,48186,California
Shasta,2021-04-04,292,73851,175,30409,96,40556,21,2886,218,20200,74,28225,239,48425,California
Shasta,2021-04-05,446,74297,70,30479,312,40868,64,2950,254,20326,192,28417,318,48743,California
Shasta,2021-04-06,1172,75469,487,30966,507,41375,178,3128,540,20416,627,29044,717,49460,California
Shasta,2021-04-07,665,76134,217,31183,283,41658,165,3293,260,20438,401,29445,423,49883,California
Shasta,2021-04-08,1155,77289,264,31447,734,42392,157,3450,222,19886,930,30375,378,50261,California
Shasta,2021-04-09,2601,79890,2078,33525,309,42701,214,3664,2017,21536,577,30952,2227,52488,California
Shasta,2021-04-10,885,80775,597,34122,157,42858,131,3795,269,21319,615,31567,398,52886,California
Shasta,2021-04-11,1252,82027,399,34521,833,43691,20,3815,144,20379,1104,32671,164,53050,California
Shasta,2021-04-12,343,82370,7,34528,272,43963,64,3879,98,20296,244,32915,161,53211,California
Shasta,2021-04-13,1279,83649,368,34896,909,44872,2,3881,340,19703,934,33849,341,53552,California
Shasta,2021-04-14,594,84243,143,35039,449,45321,2,3883,220,19552,373,34222,222,53774,California
Shasta,2021-04-15,1086,85329,258,35297,827,46148,1,3884,301,19074,779,35001,301,54075,California
Shasta,2021-04-16,2361,87690,1860,37157,501,46649,0,3884,950,18615,1409,36410,950,55025,California
Shasta,2021-04-17,648,88338,417,37574,231,46880,0,3884,193,18354,455,36865,194,55219,California
Shasta,2021-04-18,270,88608,244,37818,26,46906,0,3884,35,18156,233,37098,35,55254,California
Shasta,2021-04-19,387,88995,29,37847,358,47264,0,3884,168,18105,219,37317,168,55422,California
Shasta,2021-04-20,1030,90025,266,38113,764,48028,0,3884,385,17847,643,37960,385,55807,California
Shasta,2021-04-21,624,90649,229,38342,395,48423,0,3884,316,17855,308,38268,316,56123,California
Shasta,2021-04-22,972,91621,286,38628,686,49109,0,3884,302,17489,668,38936,302,56425,California
Shasta,2021-04-23,670,92291,263,38891,407,49516,0,3884,340,17500,329,39265,340,56765,California
Shasta,2021-04-24,601,92892,358,39249,242,49758,1,3885,109,17119,490,39755,109,56874,California
Shasta,2021-04-25,210,93102,180,39429,29,49787,1,3886,36,16982,174,39929,37,56911,California
Shasta,2021-04-26,506,93608,57,39486,444,50231,5,3891,356,17194,148,40077,360,57271,California
Shasta,2021-04-27,552,94160,183,39669,329,50560,40,3931,303,17288,246,40323,340,57611,California
Shasta,2021-04-28,584,94744,166,39835,385,50945,33,3964,250,17236,334,40657,282,57893,California
Shasta,2021-04-29,785,95529,121,39956,640,51585,24,3988,180,16836,604,41261,204,58097,California
Shasta,2021-04-30,2277,97806,1848,41804,397,51982,32,4020,272,15137,2003,43264,304,58401,California
Shasta,2021-05-01,232,98038,21,41825,135,52117,76,4096,103,15187,129,43393,179,58580,California
Shasta,2021-05-02,49,98087,17,41842,19,52136,13,4109,22,15195,27,43420,35,58615,California
Shasta,2021-05-03,357,98444,98,41940,233,52369,26,4135,114,15093,242,43662,140,58755,California
Shasta,2021-05-04,537,98981,201,42141,297,52666,39,4174,253,15104,281,43943,292,59047,California
Shasta,2021-05-05,452,99433,153,42294,281,52947,18,4192,207,15084,245,44188,225,59272,California
Shasta,2021-05-06,696,100129,266,42560,390,53337,40,4232,299,15033,388,44576,337,59609,California
Shasta,2021-05-07,1124,101253,742,43302,342,53679,40,4272,305,14560,818,45394,345,59954,California
Shasta,2021-05-08,176,101429,85,43387,80,53759,11,4283,104,14602,72,45466,114,60068,California
Shasta,2021-05-09,66,101495,15,43402,46,53805,5,4288,35,14611,31,45497,40,60108,California
Shasta,2021-05-10,259,101754,23,43425,187,53992,49,4337,113,14627,144,45641,160,60268,California
Shasta,2021-05-11,525,102279,162,43587,212,54204,151,4488,184,14622,340,45981,335,60603,California
Shasta,2021-05-12,398,102677,146,43733,228,54432,24,4512,133,14515,264,46245,157,60760,California
Shasta,2021-05-13,581,103258,241,43974,323,54755,17,4529,225,14403,354,46599,242,61002,California
Shasta,2021-05-14,648,103906,275,44249,347,55102,26,4555,298,14379,349,46948,325,61327,California
Shasta,2021-05-15,400,104306,130,44379,165,55267,105,4660,168,14420,231,47179,272,61599,California
Shasta,2021-05-16,222,104528,155,44534,57,55324,10,4670,163,14534,59,47238,173,61772,California
Shasta,2021-05-17,540,105068,245,44779,235,55559,60,4730,284,14623,255,47493,344,62116,California
Shasta,2021-05-18,619,105687,294,45073,300,55859,25,4755,327,14682,293,47786,352,62468,California
Shasta,2021-05-19,591,106278,280,45353,243,56102,68,4823,281,14725,306,48092,349,62817,California
Shasta,2021-05-20,581,106859,265,45618,297,56399,19,4842,276,14716,303,48395,294,63111,California
Shasta,2021-05-21,658,107517,302,45920,337,56736,19,4861,332,14744,323,48718,351,63462,California
Shasta,2021-05-22,235,107752,133,46053,94,56830,8,4869,144,14809,88,48806,153,63615,California
Shasta,2021-05-23,114,107866,49,46102,56,56886,9,4878,69,14842,45,48851,78,63693,California
Shasta,2021-05-24,546,108412,170,46272,344,57230,32,4910,191,14711,354,49205,223,63916,California
Shasta,2021-05-25,467,108879,200,46472,222,57452,45,4955,159,14610,304,49509,203,64119,California
Shasta,2021-05-26,372,109251,147,46619,200,57652,25,4980,148,14560,223,49732,173,64292,California
Shasta,2021-05-27,422,109673,154,46773,259,57911,9,4989,155,14460,264,49996,164,64456,California
Shasta,2021-05-28,444,110117,198,46971,217,58128,29,5018,207,14462,234,50230,236,64692,California
Shasta,2021-05-29,225,110342,63,47034,131,58259,31,5049,88,14442,137,50367,117,64809,California
Shasta,2021-05-30,88,110430,51,47085,35,58294,2,5051,57,14470,31,50398,59,64868,California
Shasta,2021-05-31,35,110465,8,47093,26,58320,1,5052,11,14459,23,50421,12,64880,California
Shasta,2021-06-01,532,110997,156,47249,230,58550,146,5198,137,14355,388,50809,284,65164,California
Shasta,2021-06-02,294,111291,119,47368,166,58716,9,5207,120,14312,172,50981,129,65293,California
Shasta,2021-06-03,369,111660,157,47525,203,58919,9,5216,118,14189,250,51231,127,65420,California
Shasta,2021-06-04,576,112236,286,47811,262,59181,28,5244,202,14046,373,51604,230,65650,California
Shasta,2021-06-05,259,112495,154,47965,88,59269,17,5261,77,13960,181,51785,95,65745,California
Shasta,2021-06-06,163,112658,128,48093,33,59302,2,5263,48,13895,115,51900,50,65795,California
Shasta,2021-06-07,405,113063,236,48329,152,59454,17,5280,110,13728,294,52194,127,65922,California
Shasta,2021-06-08,518,113581,310,48639,162,59616,46,5326,153,13565,361,52555,198,66120,California
Shasta,2021-06-09,485,114066,274,48913,123,59739,88,5414,111,13392,371,52926,198,66318,California
Shasta,2021-06-10,421,114487,256,49169,140,59879,25,5439,128,13258,287,53213,153,66471,California
Shasta,2021-06-11,470,114957,255,49424,178,60057,37,5476,131,13088,337,53550,167,66638,California
Shasta,2021-06-12,213,115170,140,49564,67,60124,6,5482,79,13040,133,53683,85,66723,California
Shasta,2021-06-13,89,115259,55,49619,32,60156,2,5484,25,13003,64,53747,27,66750,California
Shasta,2021-06-14,288,115547,157,49776,112,60268,19,5503,83,12901,204,53951,102,66852,California
Shasta,2021-06-15,468,116015,238,50014,112,60380,118,5621,164,12878,299,54250,276,67128,California
Shasta,2021-06-16,258,116273,150,50164,96,60476,12,5633,82,12800,172,54422,94,67222,California
Shasta,2021-06-17,293,116566,127,50291,130,60606,36,5669,105,12754,187,54609,141,67363,California
Shasta,2021-06-18,374,116940,226,50517,127,60733,21,5690,158,12718,215,54824,179,67542,California
Shasta,2021-06-19,116,117056,75,50592,39,60772,2,5692,52,12709,63,54887,54,67596,California
Shasta,2021-06-20,59,117115,37,50629,19,60791,3,5695,23,12699,36,54923,26,67622,California
Shasta,2021-06-21,209,117324,72,50701,108,60899,29,5724,85,12690,123,55046,114,67736,California
Shasta,2021-06-22,376,117700,144,50845,82,60981,150,5874,97,12656,271,55317,237,67973,California
Shasta,2021-06-23,221,117921,131,50976,73,61054,17,5891,93,12639,127,55444,110,68083,California
Shasta,2021-06-24,231,118152,136,51112,77,61131,18,5909,93,12614,136,55580,111,68194,California
Shasta,2021-06-25,300,118452,210,51322,77,61208,13,5922,126,12578,174,55754,138,68332,California
Shasta,2021-06-26,138,118590,80,51402,48,61256,10,5932,55,12561,82,55836,65,68397,California
Shasta,2021-06-27,69,118659,46,51448,19,61275,4,5936,24,12544,45,55881,28,68425,California
Shasta,2021-06-28,174,118833,109,51557,48,61323,17,5953,83,12553,91,55972,100,68525,California
Shasta,2021-06-29,152,118985,92,51649,35,61358,25,5978,61,12550,89,56061,86,68611,California
Sierra,2020-12-18,1,1,1,1,0,0,0,0,1,1,0,0,1,1,California
Sierra,2020-12-21,2,3,2,3,0,0,0,0,2,3,0,0,2,3,California
Sierra,2020-12-22,12,15,12,15,0,0,0,0,12,15,0,0,12,15,California
Sierra,2020-12-23,4,19,4,19,0,0,0,0,4,19,0,0,4,19,California
Sierra,2020-12-28,1,20,0,19,1,1,0,0,1,20,0,0,1,20,California
Sierra,2020-12-29,50,70,7,26,43,44,0,0,50,70,0,0,50,70,California
Sierra,2020-12-30,2,72,0,26,2,46,0,0,2,72,0,0,2,72,California
Sierra,2020-12-31,13,85,0,26,13,59,0,0,13,85,0,0,13,85,California
Sierra,2021-01-01,1,86,1,27,0,59,0,0,1,86,0,0,1,86,California
Sierra,2021-01-05,63,149,2,29,61,120,0,0,63,149,0,0,63,149,California
Sierra,2021-01-06,1,150,1,30,0,120,0,0,1,150,0,0,1,150,California
Sierra,2021-01-07,21,171,1,31,20,140,0,0,20,169,1,1,20,170,California
Sierra,2021-01-08,1,172,1,32,0,140,0,0,1,170,0,1,1,171,California
Sierra,2021-01-11,3,175,3,35,0,140,0,0,0,167,3,4,0,171,California
Sierra,2021-01-12,39,214,12,47,27,167,0,0,27,182,12,16,27,198,California
Sierra,2021-01-13,4,218,3,50,1,168,0,0,1,180,3,19,1,199,California
Sierra,2021-01-14,35,253,2,52,33,201,0,0,35,215,0,19,35,234,California
Sierra,2021-01-15,3,256,1,53,2,203,0,0,3,218,0,19,3,237,California
Sierra,2021-01-18,3,259,0,53,3,206,0,0,3,221,0,19,3,240,California
Sierra,2021-01-19,31,290,0,53,31,237,0,0,31,252,0,19,31,271,California
Sierra,2021-01-20,1,291,1,54,0,237,0,0,1,253,0,19,1,272,California
Sierra,2021-01-21,52,343,0,54,52,289,0,0,52,305,0,19,52,324,California
Sierra,2021-01-22,2,345,0,54,2,291,0,0,2,307,0,19,2,326,California
Sierra,2021-01-23,2,347,0,54,2,293,0,0,2,309,0,19,2,328,California
Sierra,2021-01-25,1,348,1,55,0,293,0,0,1,310,0,19,1,329,California
Sierra,2021-01-26,63,411,1,56,62,355,0,0,24,295,39,58,24,353,California
Sierra,2021-01-27,4,415,4,60,0,355,0,0,0,291,4,62,0,353,California
Sierra,2021-01-28,53,468,0,60,53,408,0,0,43,324,10,72,43,396,California
Sierra,2021-01-29,2,470,0,60,2,410,0,0,2,326,0,72,2,398,California
Sierra,2021-01-30,3,473,3,63,0,410,0,0,2,327,1,73,2,400,California
Sierra,2021-02-01,1,474,0,63,1,411,0,0,0,326,1,74,0,400,California
Sierra,2021-02-02,57,531,1,64,56,467,0,0,18,305,39,113,18,418,California
Sierra,2021-02-03,6,537,5,69,1,468,0,0,5,309,1,114,5,423,California
Sierra,2021-02-04,102,639,5,74,97,565,0,0,53,313,49,163,53,476,California
Sierra,2021-02-05,6,645,4,78,2,567,0,0,5,317,1,164,5,481,California
Sierra,2021-02-09,51,696,0,78,51,618,0,0,48,362,3,167,48,529,California
Sierra,2021-02-10,5,701,2,80,3,621,0,0,4,365,1,168,4,533,California
Sierra,2021-02-11,195,896,1,81,194,815,0,0,134,438,61,229,134,667,California
Sierra,2021-02-12,20,916,0,81,20,835,0,0,20,458,0,229,20,687,California
Sierra,2021-02-13,1,917,1,82,0,835,0,0,1,459,0,229,1,688,California
Sierra,2021-02-15,4,921,3,85,1,836,0,0,0,455,4,233,0,688,California
Sierra,2021-02-16,43,964,1,86,42,878,0,0,10,432,33,266,10,698,California
Sierra,2021-02-17,4,968,0,86,4,882,0,0,1,430,3,269,1,699,California
Sierra,2021-02-18,139,1107,0,86,139,1021,0,0,90,471,49,318,90,789,California
Sierra,2021-02-19,2,1109,1,87,1,1022,0,0,1,471,1,319,1,790,California
Sierra,2021-02-20,2,1111,2,89,0,1022,0,0,0,469,2,321,0,790,California
Sierra,2021-02-22,1,1112,1,90,0,1022,0,0,1,470,0,321,1,791,California
Sierra,2021-02-23,4,1116,0,90,4,1026,0,0,4,474,0,321,4,795,California
Sierra,2021-02-24,3,1119,2,92,1,1027,0,0,3,477,0,321,3,798,California
Sierra,2021-02-25,124,1243,2,94,122,1149,0,0,58,470,65,386,58,856,California
Sierra,2021-02-26,11,1254,6,100,5,1154,0,0,4,467,7,393,4,860,California
Sierra,2021-02-27,2,1256,2,102,0,1154,0,0,0,465,2,395,0,860,California
Sierra,2021-03-01,2,1258,2,104,0,1154,0,0,0,463,2,397,0,860,California
Sierra,2021-03-02,56,1314,0,104,56,1210,0,0,38,483,18,415,38,898,California
Sierra,2021-03-03,2,1316,2,106,0,1210,0,0,1,483,1,416,1,899,California
Sierra,2021-03-04,108,1424,0,106,108,1318,0,0,60,495,48,464,60,959,California
Sierra,2021-03-05,13,1437,1,107,12,1330,0,0,11,504,2,466,11,970,California
Sierra,2021-03-07,1,1438,1,108,0,1330,0,0,0,503,1,467,0,970,California
Sierra,2021-03-08,2,1440,2,110,0,1330,0,0,2,505,0,467,2,972,California
Sierra,2021-03-09,56,1496,0,110,56,1386,0,0,12,473,44,511,12,984,California
Sierra,2021-03-10,6,1502,0,110,6,1392,0,0,4,475,2,513,4,988,California
Sierra,2021-03-11,173,1675,0,110,173,1565,0,0,41,384,132,645,41,1029,California
Sierra,2021-03-12,20,1695,1,111,19,1584,0,0,0,364,20,665,0,1029,California
Sierra,2021-03-13,27,1722,0,111,27,1611,0,0,27,391,0,665,27,1056,California
Sierra,2021-03-14,1,1723,0,111,0,1611,1,1,0,391,1,666,1,1057,California
Sierra,2021-03-15,2,1725,1,112,0,1611,1,2,0,390,2,668,1,1058,California
Sierra,2021-03-16,35,1760,0,112,34,1645,1,3,22,400,13,681,23,1081,California
Sierra,2021-03-17,3,1763,2,114,1,1646,0,3,0,397,3,684,0,1081,California
Sierra,2021-03-18,157,1920,0,114,157,1803,0,3,65,370,92,776,65,1146,California
Sierra,2021-03-19,4,1924,2,116,2,1805,0,3,1,368,3,779,1,1147,California
Sierra,2021-03-20,1,1925,0,116,1,1806,0,3,1,369,0,779,1,1148,California
Sierra,2021-03-23,22,1947,0,116,22,1828,0,3,13,373,9,788,13,1161,California
Sierra,2021-03-24,3,1950,1,117,2,1830,0,3,1,372,2,790,1,1162,California
Sierra,2021-03-25,99,2049,1,118,98,1928,0,3,50,373,49,839,50,1212,California
Sierra,2021-03-26,12,2061,1,119,11,1939,0,3,8,377,4,843,8,1220,California
Sierra,2021-03-27,1,2062,0,119,1,1940,0,3,0,376,1,844,0,1220,California
Sierra,2021-03-29,1,2063,1,120,0,1940,0,3,0,375,1,845,0,1220,California
Sierra,2021-03-30,54,2117,1,121,53,1993,0,3,22,365,32,877,22,1242,California
Sierra,2021-03-31,8,2125,0,121,8,2001,0,3,8,373,0,877,8,1250,California
Sierra,2021-04-01,63,2188,1,122,62,2063,0,3,5,322,56,933,5,1255,California
Sierra,2021-04-02,3,2191,2,124,1,2064,0,3,2,323,1,934,2,1257,California
Sierra,2021-04-04,1,2192,0,124,1,2065,0,3,0,323,0,934,0,1257,California
Sierra,2021-04-06,11,2203,0,124,11,2076,0,3,1,314,10,944,1,1258,California
Sierra,2021-04-07,14,2217,3,127,6,2082,5,8,3,312,10,954,8,1266,California
Sierra,2021-04-08,53,2270,2,129,51,2133,0,8,16,291,37,991,16,1282,California
Sierra,2021-04-09,2,2272,2,131,0,2133,0,8,1,291,1,992,1,1283,California
Sierra,2021-04-10,27,2299,0,131,27,2160,0,8,0,264,27,1019,0,1283,California
Sierra,2021-04-13,43,2342,0,131,43,2203,0,8,5,231,38,1057,5,1288,California
Sierra,2021-04-14,1,2343,0,131,1,2204,0,8,1,232,0,1057,1,1289,California
Sierra,2021-04-15,48,2391,1,132,47,2251,0,8,2,188,46,1103,2,1291,California
Sierra,2021-04-17,2,2393,1,133,1,2252,0,8,1,188,1,1104,1,1292,California
Sierra,2021-04-18,1,2394,0,133,1,2253,0,8,0,188,0,1104,0,1292,California
Sierra,2021-04-19,1,2395,1,134,0,2253,0,8,0,187,1,1105,0,1292,California
Sierra,2021-04-20,34,2429,1,135,33,2286,0,8,7,167,27,1132,7,1299,California
Sierra,2021-04-21,2,2431,1,136,1,2287,0,8,1,167,1,1133,1,1300,California
Sierra,2021-04-22,64,2495,1,137,63,2350,0,8,5,114,58,1191,5,1305,California
Sierra,2021-04-23,14,2509,0,137,14,2364,0,8,5,110,9,1200,5,1310,California
Sierra,2021-04-24,4,2513,0,137,4,2368,0,8,4,114,0,1200,4,1314,California
Sierra,2021-04-27,27,2540,0,137,27,2395,0,8,4,95,23,1223,4,1318,California
Sierra,2021-04-28,10,2550,2,139,8,2403,0,8,1,87,9,1232,1,1319,California
Sierra,2021-04-29,20,2570,2,141,18,2421,0,8,14,95,6,1238,14,1333,California
Sierra,2021-04-30,4,2574,2,143,2,2423,0,8,2,95,2,1240,2,1335,California
Sierra,2021-05-01,1,2575,0,143,1,2424,0,8,0,95,0,1240,0,1335,California
Sierra,2021-05-03,1,2576,1,144,0,2424,0,8,1,96,0,1240,1,1336,California
Sierra,2021-05-04,1,2577,0,144,1,2425,0,8,0,95,1,1241,0,1336,California
Sierra,2021-05-05,22,2599,0,144,22,2447,0,8,7,87,15,1256,7,1343,California
Sierra,2021-05-06,1,2600,1,145,0,2447,0,8,0,86,1,1257,0,1343,California
Sierra,2021-05-07,1,2601,1,146,0,2447,0,8,1,87,0,1257,1,1344,California
Sierra,2021-05-08,1,2602,0,146,0,2447,1,9,0,87,1,1258,1,1345,California
Sierra,2021-05-11,11,2613,0,146,4,2451,7,16,0,83,11,1269,7,1352,California
Sierra,2021-05-12,11,2624,1,147,10,2461,0,16,8,88,3,1272,8,1360,California
Sierra,2021-05-13,3,2627,2,149,1,2462,0,16,2,89,1,1273,2,1362,California
Sierra,2021-05-14,3,2630,1,150,2,2464,0,16,3,92,0,1273,3,1365,California
Sierra,2021-05-17,1,2631,1,151,0,2464,0,16,1,93,0,1273,1,1366,California
Sierra,2021-05-18,2,2633,0,151,1,2465,1,17,0,92,2,1275,1,1367,California
Sierra,2021-05-19,5,2638,2,153,3,2468,0,17,1,89,4,1279,1,1368,California
Sierra,2021-05-20,9,2647,8,161,0,2468,1,18,8,97,1,1280,9,1377,California
Sierra,2021-05-21,5,2652,2,163,3,2471,0,18,1,94,4,1284,1,1378,California
Sierra,2021-05-22,5,2657,0,163,5,2476,0,18,1,91,4,1288,1,1379,California
Sierra,2021-05-23,1,2658,0,163,1,2477,0,18,1,92,0,1288,1,1380,California
Sierra,2021-05-24,3,2661,1,164,2,2479,0,18,2,93,1,1289,2,1382,California
Sierra,2021-05-25,3,2664,0,164,3,2482,0,18,1,92,2,1291,1,1383,California
Sierra,2021-05-26,8,2672,0,164,8,2490,0,18,4,92,4,1295,4,1387,California
Sierra,2021-05-27,9,2681,1,165,7,2497,1,19,2,88,7,1302,3,1390,California
Sierra,2021-05-28,4,2685,2,167,2,2499,0,19,2,88,2,1304,2,1392,California
Sierra,2021-05-29,2,2687,0,167,2,2501,0,19,2,90,0,1304,2,1394,California
Sierra,2021-05-30,1,2688,1,168,0,2501,0,19,1,91,0,1304,1,1395,California
Sierra,2021-06-01,1,2689,0,168,1,2502,0,19,0,90,1,1305,0,1395,California
Sierra,2021-06-02,23,2712,0,168,21,2523,2,21,0,70,22,1327,2,1397,California
Sierra,2021-06-03,3,2715,2,170,1,2524,0,21,0,67,3,1330,0,1397,California
Sierra,2021-06-04,2,2717,2,172,0,2524,0,21,1,67,1,1331,1,1398,California
Sierra,2021-06-08,1,2718,1,173,0,2524,0,21,1,68,0,1331,1,1399,California
Sierra,2021-06-09,8,2726,1,174,5,2529,2,23,0,62,8,1339,2,1401,California
Sierra,2021-06-10,8,2734,8,182,0,2529,0,23,4,62,4,1343,4,1405,California
Sierra,2021-06-11,3,2737,1,183,2,2531,0,23,0,59,3,1346,0,1405,California
Sierra,2021-06-12,1,2738,1,184,0,2531,0,23,1,60,0,1346,1,1406,California
Sierra,2021-06-13,1,2739,1,185,0,2531,0,23,0,59,1,1347,0,1406,California
Sierra,2021-06-14,6,2745,4,189,1,2532,1,24,2,58,4,1351,3,1409,California
Sierra,2021-06-15,2,2747,1,190,1,2533,0,24,1,59,0,1351,1,1410,California
Sierra,2021-06-16,3,2750,0,190,3,2536,0,24,2,60,1,1352,2,1412,California
Sierra,2021-06-17,4,2754,2,192,1,2537,1,25,2,61,2,1354,3,1415,California
Sierra,2021-06-18,2,2756,1,193,0,2537,1,26,0,60,2,1356,1,1416,California
Sierra,2021-06-21,1,2757,0,193,1,2538,0,26,0,59,1,1357,0,1416,California
Sierra,2021-06-22,5,2762,3,196,2,2540,0,26,3,60,2,1359,3,1419,California
Sierra,2021-06-23,6,2768,0,196,6,2546,0,26,2,58,4,1363,2,1421,California
Sierra,2021-06-24,6,2774,0,196,2,2548,4,30,1,58,5,1368,5,1426,California
Sierra,2021-06-27,1,2775,1,197,0,2548,0,30,1,59,0,1368,1,1427,California
Sierra,2021-06-28,1,2776,0,197,0,2548,1,31,0,59,1,1369,1,1428,California
Siskiyou,2020-12-16,2,2,2,2,0,0,0,0,2,2,0,0,2,2,California
Siskiyou,2020-12-17,4,6,4,6,0,0,0,0,4,6,0,0,4,6,California
Siskiyou,2020-12-18,2,8,2,8,0,0,0,0,2,8,0,0,2,8,California
Siskiyou,2020-12-19,4,12,4,12,0,0,0,0,4,12,0,0,4,12,California
Siskiyou,2020-12-20,1,13,1,13,0,0,0,0,1,13,0,0,1,13,California
Siskiyou,2020-12-21,132,145,132,145,0,0,0,0,132,145,0,0,132,145,California
Siskiyou,2020-12-22,159,304,159,304,0,0,0,0,159,304,0,0,159,304,California
Siskiyou,2020-12-23,142,446,142,446,0,0,0,0,142,446,0,0,142,446,California
Siskiyou,2020-12-24,5,451,5,451,0,0,0,0,5,451,0,0,5,451,California
Siskiyou,2020-12-26,2,453,0,451,2,2,0,0,2,453,0,0,2,453,California
Siskiyou,2020-12-27,2,455,0,451,2,4,0,0,2,455,0,0,2,455,California
Siskiyou,2020-12-28,3,458,1,452,2,6,0,0,3,458,0,0,3,458,California
Siskiyou,2020-12-29,6,464,2,454,4,10,0,0,6,464,0,0,6,464,California
Siskiyou,2020-12-30,100,564,3,457,97,107,0,0,100,564,0,0,100,564,California
Siskiyou,2020-12-31,12,576,0,457,12,119,0,0,12,576,0,0,12,576,California
Siskiyou,2021-01-02,1,577,1,458,0,119,0,0,1,577,0,0,1,577,California
Siskiyou,2021-01-03,1,578,0,458,1,120,0,0,1,578,0,0,1,578,California
Siskiyou,2021-01-04,130,708,3,461,127,247,0,0,130,708,0,0,130,708,California
Siskiyou,2021-01-05,118,826,4,465,114,361,0,0,116,823,2,2,117,825,California
Siskiyou,2021-01-06,59,885,6,471,53,414,0,0,55,874,4,6,55,880,California
Siskiyou,2021-01-07,178,1063,4,475,174,588,0,0,177,1050,1,7,177,1057,California
Siskiyou,2021-01-08,41,1104,3,478,38,626,0,0,39,1087,2,9,39,1096,California
Siskiyou,2021-01-09,3,1107,3,481,0,626,0,0,1,1086,2,11,1,1097,California
Siskiyou,2021-01-11,296,1403,135,616,161,787,0,0,163,1116,133,144,163,1260,California
Siskiyou,2021-01-12,254,1657,204,820,50,837,0,0,91,1045,163,307,92,1352,California
Siskiyou,2021-01-13,159,1816,138,958,21,858,0,0,23,932,136,443,23,1375,California
Siskiyou,2021-01-14,36,1852,1,959,35,893,0,0,35,966,1,444,35,1410,California
Siskiyou,2021-01-15,55,1907,3,962,52,945,0,0,55,1021,0,444,55,1465,California
Siskiyou,2021-01-16,7,1914,2,964,5,950,0,0,7,1028,0,444,7,1472,California
Siskiyou,2021-01-17,1,1915,1,965,0,950,0,0,0,1027,1,445,0,1472,California
Siskiyou,2021-01-18,74,1989,2,967,72,1022,0,0,73,1099,1,446,73,1545,California
Siskiyou,2021-01-19,41,2030,1,968,40,1062,0,0,40,1138,1,447,40,1585,California
Siskiyou,2021-01-20,68,2098,35,1003,33,1095,0,0,64,1198,4,451,64,1649,California
Siskiyou,2021-01-21,69,2167,1,1004,68,1163,0,0,69,1267,0,451,69,1718,California
Siskiyou,2021-01-22,1346,3513,1178,2182,168,1331,0,0,1346,2613,0,451,1346,3064,California
Siskiyou,2021-01-23,6,3519,2,2184,4,1335,0,0,3,2613,3,454,3,3067,California
Siskiyou,2021-01-25,208,3727,8,2192,200,1535,0,0,204,2813,4,458,204,3271,California
Siskiyou,2021-01-26,158,3885,4,2196,154,1689,0,0,149,2953,9,467,149,3420,California
Siskiyou,2021-01-27,202,4087,2,2198,200,1889,0,0,138,3028,63,530,138,3558,California
Siskiyou,2021-01-28,260,4347,118,2316,142,2031,0,0,235,3244,19,549,235,3793,California
Siskiyou,2021-01-29,272,4619,3,2319,269,2300,0,0,253,3478,19,568,253,4046,California
Siskiyou,2021-01-30,6,4625,5,2324,1,2301,0,0,6,3484,0,568,6,4052,California
Siskiyou,2021-02-01,215,4840,3,2327,212,2513,0,0,114,3497,101,669,114,4166,California
Siskiyou,2021-02-02,318,5158,45,2372,273,2786,0,0,165,3509,153,822,165,4331,California
Siskiyou,2021-02-03,334,5492,1,2373,333,3119,0,0,265,3705,69,891,265,4596,California
Siskiyou,2021-02-04,368,5860,7,2380,361,3480,0,0,227,3791,141,1032,227,4823,California
Siskiyou,2021-02-05,546,6406,4,2384,542,4022,0,0,371,3987,175,1207,371,5194,California
Siskiyou,2021-02-06,15,6421,0,2384,15,4037,0,0,15,4002,0,1207,15,5209,California
Siskiyou,2021-02-07,2,6423,1,2385,1,4038,0,0,2,4004,0,1207,2,5211,California
Siskiyou,2021-02-08,243,6666,4,2389,239,4277,0,0,217,4195,26,1233,217,5428,California
Siskiyou,2021-02-09,249,6915,4,2393,245,4522,0,0,196,4338,53,1286,196,5624,California
Siskiyou,2021-02-10,389,7304,41,2434,348,4870,0,0,319,4588,69,1355,319,5943,California
Siskiyou,2021-02-11,215,7519,1,2435,214,5084,0,0,185,4743,30,1385,185,6128,California
Siskiyou,2021-02-12,1706,9225,1200,3635,506,5590,0,0,497,4031,1209,2594,497,6625,California
Siskiyou,2021-02-13,36,9261,2,3637,34,5624,0,0,31,4057,5,2599,31,6656,California
Siskiyou,2021-02-14,6,9267,2,3639,4,5628,0,0,6,4063,0,2599,6,6662,California
Siskiyou,2021-02-15,105,9372,8,3647,97,5725,0,0,103,4164,2,2601,103,6765,California
Siskiyou,2021-02-16,138,9510,2,3649,136,5861,0,0,101,4228,37,2638,101,6866,California
Siskiyou,2021-02-17,298,9808,16,3665,282,6143,0,0,261,4452,37,2675,261,7127,California
Siskiyou,2021-02-18,272,10080,88,3753,184,6327,0,0,129,4438,143,2818,129,7256,California
Siskiyou,2021-02-19,97,10177,34,3787,63,6390,0,0,36,4415,59,2877,36,7292,California
Siskiyou,2021-02-20,23,10200,5,3792,18,6408,0,0,16,4426,7,2884,18,7310,California
Siskiyou,2021-02-21,1,10201,1,3793,0,6408,0,0,1,4427,0,2884,1,7311,California
Siskiyou,2021-02-22,209,10410,2,3795,207,6615,0,0,76,4370,133,3017,76,7387,California
Siskiyou,2021-02-23,346,10756,15,3810,331,6946,0,0,194,4412,152,3169,194,7581,California
Siskiyou,2021-02-24,172,10928,5,3815,167,7113,0,0,49,4338,123,3292,49,7630,California
Siskiyou,2021-02-25,312,11240,25,3840,287,7400,0,0,157,4341,154,3446,157,7787,California
Siskiyou,2021-02-26,674,11914,11,3851,663,8063,0,0,369,4405,305,3751,369,8156,California
Siskiyou,2021-02-27,32,11946,5,3856,27,8090,0,0,28,4429,4,3755,28,8184,California
Siskiyou,2021-02-28,4,11950,4,3860,0,8090,0,0,3,4431,1,3756,3,8187,California
Siskiyou,2021-03-01,291,12241,6,3866,285,8375,0,0,50,4240,241,3997,50,8237,California
Siskiyou,2021-03-02,211,12452,1,3867,210,8585,0,0,70,4169,141,4138,70,8307,California
Siskiyou,2021-03-03,350,12802,12,3879,338,8923,0,0,155,4129,195,4333,155,8462,California
Siskiyou,2021-03-04,827,13629,622,4501,205,9128,0,0,646,4594,181,4514,646,9108,California
Siskiyou,2021-03-05,347,13976,6,4507,330,9458,11,11,105,4471,239,4753,116,9224,California
Siskiyou,2021-03-06,43,14019,3,4510,33,9491,7,18,28,4491,15,4768,35,9259,California
Siskiyou,2021-03-07,12,14031,4,4514,0,9491,8,26,2,4491,10,4778,10,9269,California
Siskiyou,2021-03-08,367,14398,28,4542,304,9795,35,61,67,4293,300,5078,102,9371,California
Siskiyou,2021-03-09,178,14576,2,4544,122,9917,54,115,44,4257,134,5212,98,9469,California
Siskiyou,2021-03-10,222,14798,7,4551,185,10102,30,145,26,4117,196,5408,56,9525,California
Siskiyou,2021-03-11,492,15290,205,4756,240,10342,47,192,282,4237,209,5617,329,9854,California
Siskiyou,2021-03-12,653,15943,141,4897,473,10815,39,231,184,3992,467,6084,222,10076,California
Siskiyou,2021-03-13,427,16370,379,5276,25,10840,23,254,379,4346,48,6132,402,10478,California
Siskiyou,2021-03-14,19,16389,0,5276,3,10843,16,270,1,4345,18,6150,17,10495,California
Siskiyou,2021-03-15,498,16887,258,5534,176,11019,64,334,322,4555,176,6326,386,10881,California
Siskiyou,2021-03-16,258,17145,34,5568,207,11226,17,351,140,4595,117,6443,157,11038,California
Siskiyou,2021-03-17,202,17347,9,5577,185,11411,8,359,34,4469,168,6611,42,11080,California
Siskiyou,2021-03-18,927,18274,789,6366,126,11537,12,371,808,5170,119,6730,820,11900,California
Siskiyou,2021-03-19,68,18342,10,6376,45,11582,13,384,19,5153,49,6779,32,11932,California
Siskiyou,2021-03-20,30,18372,7,6383,18,11600,5,389,6,5140,24,6803,11,11943,California
Siskiyou,2021-03-21,9,18381,3,6386,1,11601,5,394,3,5142,6,6809,8,11951,California
Siskiyou,2021-03-22,208,18589,21,6407,165,11766,22,416,144,5247,61,6870,166,12117,California
Siskiyou,2021-03-23,194,18783,19,6426,166,11932,9,425,141,5343,53,6923,149,12266,California
Siskiyou,2021-03-24,143,18926,48,6474,95,12027,0,425,116,5432,27,6950,116,12382,California
Siskiyou,2021-03-25,572,19498,320,6794,249,12276,3,428,399,5662,173,7123,403,12785,California
Siskiyou,2021-03-26,307,19805,35,6829,272,12548,0,428,105,5567,200,7323,105,12890,California
Siskiyou,2021-03-27,38,19843,5,6834,28,12576,5,433,10,5554,28,7351,15,12905,California
Siskiyou,2021-03-28,8,19851,7,6841,1,12577,0,433,5,5556,3,7354,5,12910,California
Siskiyou,2021-03-29,95,19946,10,6851,83,12660,2,435,45,5553,50,7404,47,12957,California
Siskiyou,2021-03-30,100,20046,6,6857,93,12753,1,436,40,5534,60,7464,41,12998,California
Siskiyou,2021-03-31,191,20237,21,6878,167,12920,3,439,48,5446,140,7604,52,13050,California
Siskiyou,2021-04-01,830,21067,671,7549,159,13079,0,439,214,5044,616,8220,214,13264,California
Siskiyou,2021-04-02,347,21414,197,7746,146,13225,4,443,66,4835,279,8499,70,13334,California
Siskiyou,2021-04-03,26,21440,5,7751,14,13239,7,450,5,4826,21,8520,12,13346,California
Siskiyou,2021-04-04,1,21441,0,7751,1,13240,0,450,1,4827,0,8520,1,13347,California
Siskiyou,2021-04-05,438,21879,331,8082,81,13321,26,476,27,4470,410,8930,53,13400,California
Siskiyou,2021-04-06,220,22099,37,8119,130,13451,53,529,127,4558,91,9021,179,13579,California
Siskiyou,2021-04-07,117,22216,11,8130,64,13515,42,571,65,4614,52,9073,108,13687,California
Siskiyou,2021-04-08,354,22570,187,8317,126,13641,41,612,64,4429,290,9363,105,13792,California
Siskiyou,2021-04-09,547,23117,377,8694,132,13773,38,650,85,4092,461,9824,124,13916,California
Siskiyou,2021-04-10,46,23163,6,8700,3,13776,37,687,7,4097,39,9863,44,13960,California
Siskiyou,2021-04-11,7,23170,4,8704,1,13777,2,689,2,4096,5,9868,4,13964,California
Siskiyou,2021-04-12,128,23298,24,8728,103,13880,1,690,48,4065,80,9948,49,14013,California
Siskiyou,2021-04-13,207,23505,37,8765,169,14049,1,691,81,4021,126,10074,82,14095,California
Siskiyou,2021-04-14,156,23661,64,8829,92,14141,0,691,84,4035,70,10144,84,14179,California
Siskiyou,2021-04-15,1116,24777,957,9786,159,14300,0,691,437,3794,679,10823,438,14617,California
Siskiyou,2021-04-16,314,25091,219,10005,95,14395,0,691,270,4022,42,10865,270,14887,California
Siskiyou,2021-04-17,11,25102,8,10013,3,14398,0,691,7,4025,4,10869,7,14894,California
Siskiyou,2021-04-18,5,25107,3,10016,2,14400,0,691,1,4022,4,10873,1,14895,California
Siskiyou,2021-04-19,129,25236,24,10040,105,14505,0,691,47,3987,82,10955,47,14942,California
Siskiyou,2021-04-20,236,25472,5,10045,231,14736,0,691,94,3940,141,11096,94,15036,California
Siskiyou,2021-04-21,96,25568,10,10055,86,14822,0,691,27,3898,69,11165,27,15063,California
Siskiyou,2021-04-22,414,25982,301,10356,113,14935,0,691,50,3584,364,11529,50,15113,California
Siskiyou,2021-04-23,181,26163,15,10371,166,15101,0,691,159,3722,21,11550,159,15272,California
Siskiyou,2021-04-24,28,26191,4,10375,24,15125,0,691,20,3734,8,11558,20,15292,California
Siskiyou,2021-04-25,2,26193,0,10375,2,15127,0,691,2,3736,0,11558,2,15294,California
Siskiyou,2021-04-26,101,26294,5,10380,91,15218,5,696,25,3690,76,11634,30,15324,California
Siskiyou,2021-04-27,114,26408,5,10385,107,15325,2,698,87,3754,25,11659,89,15413,California
Siskiyou,2021-04-28,111,26519,8,10393,95,15420,8,706,53,3757,58,11717,61,15474,California
Siskiyou,2021-04-29,149,26668,16,10409,132,15552,1,707,30,3669,119,11836,31,15505,California
Siskiyou,2021-04-30,102,26770,20,10429,81,15633,1,708,45,3660,54,11890,45,15550,California
Siskiyou,2021-05-01,11,26781,7,10436,1,15634,3,711,7,3666,4,11894,10,15560,California
Siskiyou,2021-05-02,11,26792,5,10441,6,15640,0,711,9,3673,2,11896,9,15569,California
Siskiyou,2021-05-03,110,26902,23,10464,85,15725,2,713,47,3659,63,11959,49,15618,California
Siskiyou,2021-05-04,123,27025,7,10471,114,15839,2,715,60,3659,62,12021,62,15680,California
Siskiyou,2021-05-05,114,27139,20,10491,85,15924,9,724,39,3633,74,12095,48,15728,California
Siskiyou,2021-05-06,366,27505,296,10787,64,15988,6,730,190,3653,176,12271,196,15924,California
Siskiyou,2021-05-07,308,27813,219,11006,84,16072,5,735,31,3413,276,12547,36,15960,California
Siskiyou,2021-05-08,25,27838,4,11010,20,16092,1,736,18,3425,7,12554,19,15979,California
Siskiyou,2021-05-09,1,27839,0,11010,1,16093,0,736,0,3424,1,12555,0,15979,California
Siskiyou,2021-05-10,98,27937,67,11077,30,16123,1,737,21,3369,77,12632,22,16001,California
Siskiyou,2021-05-11,87,28024,8,11085,74,16197,5,742,51,3389,36,12668,56,16057,California
Siskiyou,2021-05-12,56,28080,4,11089,48,16245,4,746,16,3369,40,12708,20,16077,California
Siskiyou,2021-05-13,83,28163,35,11124,39,16284,9,755,38,3371,45,12753,47,16124,California
Siskiyou,2021-05-14,176,28339,82,11206,93,16377,1,756,108,3413,67,12820,109,16233,California
Siskiyou,2021-05-15,43,28382,13,11219,28,16405,2,758,36,3445,6,12826,38,16271,California
Siskiyou,2021-05-16,6,28388,2,11221,4,16409,0,758,4,3447,2,12828,4,16275,California
Siskiyou,2021-05-17,66,28454,2,11223,41,16450,23,781,11,3426,55,12883,34,16309,California
Siskiyou,2021-05-18,220,28674,83,11306,133,16583,4,785,123,3457,96,12979,127,16436,California
Siskiyou,2021-05-19,156,28830,96,11402,59,16642,1,786,124,3550,32,13011,125,16561,California
Siskiyou,2021-05-20,532,29362,429,11831,101,16743,2,788,236,3494,294,13305,238,16799,California
Siskiyou,2021-05-21,197,29559,95,11926,102,16845,0,788,109,3516,87,13392,109,16908,California
Siskiyou,2021-05-22,41,29600,19,11945,22,16867,0,788,26,3527,15,13407,26,16934,California
Siskiyou,2021-05-23,4,29604,3,11948,1,16868,0,788,2,3527,2,13409,2,16936,California
Siskiyou,2021-05-24,18,29622,3,11951,15,16883,0,788,5,3520,12,13421,5,16941,California
Siskiyou,2021-05-25,157,29779,16,11967,121,17004,20,808,50,3485,105,13526,70,17011,California
Siskiyou,2021-05-26,76,29855,19,11986,57,17061,0,808,41,3491,35,13561,41,17052,California
Siskiyou,2021-05-27,133,29988,94,12080,37,17098,2,810,57,3474,76,13637,59,17111,California
Siskiyou,2021-05-28,156,30144,60,12140,95,17193,1,811,104,3528,51,13688,105,17216,California
Siskiyou,2021-05-29,16,30160,9,12149,4,17197,3,814,5,3525,11,13699,8,17224,California
Siskiyou,2021-05-31,2,30162,1,12150,0,17197,1,815,1,3526,1,13700,2,17226,California
Siskiyou,2021-06-01,86,30248,20,12170,66,17263,0,815,29,3499,56,13756,29,17255,California
Siskiyou,2021-06-02,122,30370,33,12203,89,17352,0,815,45,3467,77,13833,45,17300,California
Siskiyou,2021-06-03,156,30526,109,12312,42,17394,5,820,40,3396,116,13949,45,17345,California
Siskiyou,2021-06-04,99,30625,76,12388,23,17417,0,820,20,3337,79,14028,20,17365,California
Siskiyou,2021-06-05,37,30662,17,12405,19,17436,1,821,15,3331,22,14050,16,17381,California
Siskiyou,2021-06-06,3,30665,2,12407,0,17436,1,822,0,3329,3,14053,1,17382,California
Siskiyou,2021-06-07,38,30703,4,12411,30,17466,4,826,26,3347,12,14065,30,17412,California
Siskiyou,2021-06-08,208,30911,93,12504,112,17578,3,829,63,3273,140,14205,66,17478,California
Siskiyou,2021-06-09,113,31024,84,12588,28,17606,1,830,31,3223,82,14287,32,17510,California
Siskiyou,2021-06-10,177,31201,145,12733,31,17637,1,831,77,3201,100,14387,78,17588,California
Siskiyou,2021-06-11,110,31311,58,12791,45,17682,7,838,22,3163,67,14454,29,17617,California
Siskiyou,2021-06-12,29,31340,6,12797,23,17705,0,838,9,3152,20,14474,9,17626,California
Siskiyou,2021-06-13,24,31364,16,12813,8,17713,0,838,2,3132,22,14496,2,17628,California
Siskiyou,2021-06-14,24,31388,4,12817,16,17729,4,842,11,3133,13,14509,14,17642,California
Siskiyou,2021-06-15,88,31476,21,12838,54,17783,13,855,33,3124,55,14564,46,17688,California
Siskiyou,2021-06-16,102,31578,23,12861,77,17860,2,857,49,3122,53,14617,51,17739,California
Siskiyou,2021-06-17,186,31764,142,13003,32,17892,12,869,40,3029,145,14762,52,17791,California
Siskiyou,2021-06-18,99,31863,64,13067,27,17919,8,877,20,2978,79,14841,28,17819,California
Siskiyou,2021-06-19,26,31889,17,13084,9,17928,0,877,12,2976,14,14855,12,17831,California
Siskiyou,2021-06-20,2,31891,1,13085,0,17928,1,878,1,2977,1,14856,2,17833,California
Siskiyou,2021-06-21,38,31929,3,13088,33,17961,2,880,27,2995,11,14867,29,17862,California
Siskiyou,2021-06-22,65,31994,24,13112,37,17998,4,884,32,2998,33,14900,36,17898,California
Siskiyou,2021-06-23,52,32046,7,13119,41,18039,4,888,11,2973,40,14940,15,17913,California
Siskiyou,2021-06-24,92,32138,52,13171,31,18070,9,897,47,2984,45,14985,56,17969,California
Siskiyou,2021-06-25,95,32233,60,13231,35,18105,0,897,64,3017,31,15016,64,18033,California
Siskiyou,2021-06-26,8,32241,3,13234,5,18110,0,897,4,3017,4,15020,4,18037,California
Siskiyou,2021-06-28,10,32251,4,13238,6,18116,0,897,5,3017,5,15025,5,18042,California
Siskiyou,2021-06-29,50,32301,38,13276,10,18126,2,899,25,3019,25,15050,27,18069,California
Solano,2020-12-15,4,4,4,4,0,0,0,0,4,4,0,0,4,4,California
Solano,2020-12-16,70,74,70,74,0,0,0,0,70,74,0,0,70,74,California
Solano,2020-12-17,171,245,171,245,0,0,0,0,171,245,0,0,171,245,California
Solano,2020-12-18,479,724,478,723,1,1,0,0,479,724,0,0,479,724,California
Solano,2020-12-19,521,1245,521,1244,0,1,0,0,521,1245,0,0,521,1245,California
Solano,2020-12-20,357,1602,355,1599,2,3,0,0,357,1602,0,0,357,1602,California
Solano,2020-12-21,574,2176,572,2171,2,5,0,0,574,2176,0,0,574,2176,California
Solano,2020-12-22,662,2838,629,2800,33,38,0,0,662,2838,0,0,662,2838,California
Solano,2020-12-23,865,3703,774,3574,91,129,0,0,864,3701,1,1,864,3702,California
Solano,2020-12-24,425,4128,171,3745,254,383,0,0,425,4126,0,1,425,4127,California
Solano,2020-12-25,10,4138,2,3747,8,391,0,0,10,4136,0,1,10,4137,California
Solano,2020-12-26,175,4313,48,3795,127,518,0,0,175,4311,0,1,175,4312,California
Solano,2020-12-27,106,4419,29,3824,77,595,0,0,106,4417,0,1,106,4418,California
Solano,2020-12-28,878,5297,431,4255,447,1042,0,0,878,5295,0,1,878,5296,California
Solano,2020-12-29,911,6208,376,4631,535,1577,0,0,911,6206,0,1,911,6207,California
Solano,2020-12-30,1240,7448,603,5234,637,2214,0,0,1240,7446,0,1,1240,7447,California
Solano,2020-12-31,544,7992,140,5374,404,2618,0,0,544,7990,0,1,544,7991,California
Solano,2021-01-01,14,8006,13,5387,1,2619,0,0,14,8004,0,1,14,8005,California
Solano,2021-01-02,218,8224,170,5557,48,2667,0,0,218,8222,0,1,218,8223,California
Solano,2021-01-03,56,8280,40,5597,16,2683,0,0,50,8272,0,1,50,8273,California
Solano,2021-01-04,452,8732,244,5841,208,2891,0,0,443,8713,2,3,443,8716,California
Solano,2021-01-05,735,9467,381,6222,354,3245,0,0,574,9131,156,159,574,9290,California
Solano,2021-01-06,848,10315,438,6660,410,3655,0,0,576,9437,270,429,576,9866,California
Solano,2021-01-07,1070,11385,686,7346,384,4039,0,0,592,9554,476,905,593,10459,California
Solano,2021-01-08,1153,12538,785,8131,368,4407,0,0,550,9521,585,1490,552,11011,California
Solano,2021-01-09,885,13423,762,8893,123,4530,0,0,427,9493,455,1945,427,11438,California
Solano,2021-01-10,253,13676,192,9085,61,4591,0,0,152,9544,101,2046,152,11590,California
Solano,2021-01-11,1336,15012,1123,10208,213,4804,0,0,817,9842,519,2565,817,12407,California
Solano,2021-01-12,1583,16595,1180,11388,403,5207,0,0,1027,10315,555,3120,1028,13435,California
Solano,2021-01-13,1471,18066,1007,12395,464,5671,0,0,1212,11270,257,3377,1212,14647,California
Solano,2021-01-14,1917,19983,832,13227,1085,6756,0,0,1598,12551,317,3694,1598,16245,California
Solano,2021-01-15,1726,21709,1066,14293,660,7416,0,0,1425,13675,301,3995,1425,17670,California
Solano,2021-01-16,1294,23003,905,15198,389,7805,0,0,1120,14621,174,4169,1120,18790,California
Solano,2021-01-17,1055,24058,758,15956,297,8102,0,0,1034,15635,21,4190,1035,19825,California
Solano,2021-01-18,1433,25491,857,16813,576,8678,0,0,1312,16826,121,4311,1312,21137,California
Solano,2021-01-19,1665,27156,1347,18160,318,8996,0,0,1391,17944,273,4584,1391,22528,California
Solano,2021-01-20,2059,29215,1426,19586,633,9629,0,0,1571,19030,485,5069,1571,24099,California
Solano,2021-01-21,3218,32433,1033,20619,2185,11814,0,0,2858,21530,360,5429,2860,26959,California
Solano,2021-01-22,1794,34227,857,21476,937,12751,0,0,1593,22923,201,5630,1594,28553,California
Solano,2021-01-23,746,34973,244,21720,502,13253,0,0,535,23247,212,5842,536,29089,California
Solano,2021-01-24,409,35382,63,21783,346,13599,0,0,342,23522,67,5909,342,29431,California
Solano,2021-01-25,1676,37058,631,22414,1045,14644,0,0,1116,24080,559,6468,1117,30548,California
Solano,2021-01-26,1805,38863,749,23163,1056,15700,0,0,1160,24596,645,7113,1161,31709,California
Solano,2021-01-27,1811,40674,720,23883,1091,16791,0,0,1194,25177,613,7726,1194,32903,California
Solano,2021-01-28,1980,42654,713,24596,1267,18058,0,0,1380,25959,599,8325,1381,34284,California
Solano,2021-01-29,1722,44376,778,25374,944,19002,0,0,1355,26951,363,8688,1355,35639,California
Solano,2021-01-30,937,45313,435,25809,502,19504,0,0,609,27233,328,9016,610,36249,California
Solano,2021-01-31,268,45581,176,25985,92,19596,0,0,174,27314,93,9109,174,36423,California
Solano,2021-02-01,1559,47140,1032,27017,527,20123,0,0,772,27302,784,9893,772,37195,California
Solano,2021-02-02,3383,50523,1103,28120,2280,22403,0,0,2564,29052,814,10707,2564,39759,California
Solano,2021-02-03,2279,52802,1315,29435,964,23367,0,0,1171,29118,1105,11812,1171,40930,California
Solano,2021-02-04,1812,54614,903,30338,909,24276,0,0,1080,29471,727,12539,1080,42010,California
Solano,2021-02-05,3123,57737,1424,31762,1699,25975,0,0,2110,30575,1006,13545,2110,44120,California
Solano,2021-02-06,3078,60815,1171,32933,1907,27882,0,0,2260,32021,814,14359,2260,46380,California
Solano,2021-02-07,846,61661,781,33714,65,27947,0,0,235,31646,610,14969,235,46615,California
Solano,2021-02-08,1772,63433,1243,34957,529,28476,0,0,723,31322,1047,16016,723,47338,California
Solano,2021-02-09,1958,65391,1492,36449,466,28942,0,0,700,30765,1257,17273,700,48038,California
Solano,2021-02-10,2292,67683,1508,37957,784,29726,0,0,822,30118,1469,18742,822,48860,California
Solano,2021-02-11,2545,70228,1501,39458,1044,30770,0,0,1204,29993,1329,20071,1204,50064,California
Solano,2021-02-12,4276,74504,1635,41093,2641,33411,0,0,2911,31548,1357,21428,2912,52976,California
Solano,2021-02-13,2895,77399,247,41340,2648,36059,0,0,2479,33615,412,21840,2479,55455,California
Solano,2021-02-14,732,78131,204,41544,528,36587,0,0,406,33698,324,22164,407,55862,California
Solano,2021-02-15,1278,79409,267,41811,1011,37598,0,0,655,33730,623,22787,655,56517,California
Solano,2021-02-16,2584,81993,1391,43202,1193,38791,0,0,1682,34512,901,23688,1683,58200,California
Solano,2021-02-17,3269,85262,1455,44657,1814,40605,0,0,2214,35676,1051,24739,2215,60415,California
Solano,2021-02-18,2917,88179,851,45508,2066,42671,0,0,859,34484,2051,26790,859,61274,California
Solano,2021-02-19,2498,90677,1477,46985,1021,43692,0,0,1184,34365,1305,28095,1186,62460,California
Solano,2021-02-20,2757,93434,395,47380,2362,46054,0,0,2232,36072,525,28620,2232,64692,California
Solano,2021-02-21,2334,95768,2007,49387,327,46381,0,0,2003,37749,326,28946,2003,66695,California
Solano,2021-02-22,1820,97588,1068,50455,752,47133,0,0,945,37825,870,29816,946,67641,California
Solano,2021-02-23,2959,100547,1150,51605,1809,48942,0,0,2004,38877,952,30768,2004,69645,California
Solano,2021-02-24,2543,103090,1270,52875,1273,50215,0,0,1413,39165,1126,31894,1414,71059,California
Solano,2021-02-25,2645,105735,1569,54444,1076,51291,0,0,1458,39441,1182,33076,1458,72517,California
Solano,2021-02-26,3546,109281,2273,56717,1273,52564,0,0,2097,40094,1444,34520,2097,74614,California
Solano,2021-02-27,3988,113269,1539,58256,2448,55012,1,1,3222,42562,755,35275,3223,77837,California
Solano,2021-02-28,1950,115219,1573,59829,376,55388,1,2,1618,43853,328,35603,1619,79456,California
Solano,2021-03-01,2752,117971,1223,61052,1528,56916,1,3,2076,45260,670,36273,2077,81533,California
Solano,2021-03-02,2311,120282,1408,62460,903,57819,0,3,1291,45533,1018,37291,1291,82824,California
Solano,2021-03-03,2267,122549,1276,63736,991,58810,0,3,1403,46083,854,38145,1404,84228,California
Solano,2021-03-04,4427,126976,3433,67169,992,59802,2,5,3168,48007,1249,39394,3173,87401,California
Solano,2021-03-05,4963,131939,1681,68850,3277,63079,5,10,3970,51000,982,40376,3975,91376,California
Solano,2021-03-06,3864,135803,836,69686,2989,66068,39,49,2647,52480,1206,41582,2686,94062,California
Solano,2021-03-07,3577,139380,762,70448,2806,68874,9,58,1952,52830,1612,43194,1962,96024,California
Solano,2021-03-08,2190,141570,1352,71800,569,69443,269,327,1629,54173,553,43747,1896,97920,California
Solano,2021-03-09,3244,144814,1575,73375,1614,71057,55,382,2335,55652,907,44654,2386,100306,California
Solano,2021-03-10,2431,147245,1762,75137,583,71640,86,468,1275,55860,1151,45805,1359,101665,California
Solano,2021-03-11,6047,153292,1766,76903,4027,75667,254,722,4987,60047,1055,46860,5242,106907,California
Solano,2021-03-12,6053,159345,1581,78484,4293,79960,179,901,3168,60518,2875,49735,3346,110253,California
Solano,2021-03-13,4617,163962,807,79291,3725,83685,85,986,2239,60474,2371,52106,2327,112580,California
Solano,2021-03-14,4023,167985,3138,82429,430,84115,455,1441,1557,60022,2461,54567,2009,114589,California
Solano,2021-03-15,4034,172019,2461,84890,1245,85360,328,1769,2518,61360,1506,56073,2844,117433,California
Solano,2021-03-16,3099,175118,1324,86214,1540,86900,235,2004,1567,61635,1526,57599,1801,119234,California
Solano,2021-03-17,6517,181635,1683,87897,4739,91639,95,2099,4949,65115,1564,59163,5044,124278,California
Solano,2021-03-18,5219,186854,1856,89753,3325,94964,38,2137,3748,67440,1463,60626,3788,128066,California
Solano,2021-03-19,3590,190444,2653,92406,862,95826,75,2212,1634,67204,1946,62572,1710,129776,California
Solano,2021-03-20,5591,196035,1682,94088,3854,99680,55,2267,2630,66940,2949,65521,2685,132461,California
Solano,2021-03-21,1697,197732,1589,95677,83,99763,25,2292,376,66024,1316,66837,400,132861,California
Solano,2021-03-22,2707,200439,2054,97731,602,100365,51,2343,1572,66515,1129,67966,1620,134481,California
Solano,2021-03-23,3559,203998,1681,99412,1834,102199,44,2387,1396,65798,2156,70122,1439,135920,California
Solano,2021-03-24,2842,206840,1775,101187,1032,103231,35,2422,1361,65718,1474,71596,1394,137314,California
Solano,2021-03-25,4892,211732,4004,105191,853,104084,35,2457,2274,65415,2612,74208,2309,139623,California
Solano,2021-03-26,3247,214979,2107,107298,1103,105187,37,2494,1742,65699,1495,75703,1779,141402,California
Solano,2021-03-27,4224,219203,1163,108461,3021,108208,40,2534,1662,64844,2555,78258,1700,143102,California
Solano,2021-03-28,1423,220626,1111,109572,294,108502,18,2552,539,64521,880,79138,557,143659,California
Solano,2021-03-29,3542,224168,2047,111619,1479,109981,16,2568,1546,64102,1982,81120,1563,145222,California
Solano,2021-03-30,3054,227222,2022,113641,940,110921,92,2660,1903,64946,1150,82270,1994,147216,California
Solano,2021-03-31,3156,230378,2147,115788,848,111769,161,2821,1847,65644,1306,83576,2004,149220,California
Solano,2021-04-01,5577,235955,2113,117901,3311,115080,153,2974,3518,67269,2046,85622,3671,152891,California
Solano,2021-04-02,6631,242586,2237,120138,4225,119305,169,3143,2551,65924,4062,89684,2717,155608,California
Solano,2021-04-03,1530,244116,970,121108,408,119713,152,3295,568,65683,960,90644,719,156327,California
Solano,2021-04-04,782,244898,288,121396,194,119907,300,3595,242,65689,536,91180,542,156869,California
Solano,2021-04-05,3017,247915,2064,123460,745,120652,208,3803,1519,65918,1496,92676,1725,158594,California
Solano,2021-04-06,6070,253985,1641,125101,3940,124592,489,4292,1640,63624,4421,97097,2127,160721,California
Solano,2021-04-07,5989,259974,4641,129742,946,125538,402,4694,3404,64863,2565,99662,3804,164525,California
Solano,2021-04-08,6502,266476,1801,131543,3828,129366,873,5567,1810,62874,4663,104325,2674,167199,California
Solano,2021-04-09,6320,272796,1663,133206,3806,133172,851,6418,1523,60471,4771,109096,2368,169567,California
Solano,2021-04-10,1758,274554,967,134173,454,133626,337,6755,813,60676,943,110039,1148,170715,California
Solano,2021-04-11,1243,275797,773,134946,338,133964,132,6887,641,60850,599,110638,773,171488,California
Solano,2021-04-12,3299,279096,1702,136648,1233,135197,364,7251,1352,60622,1941,112579,1713,173201,California
Solano,2021-04-13,2573,281669,1115,137763,1457,136654,1,7252,1339,60732,1230,113809,1340,174541,California
Solano,2021-04-14,6547,288216,1968,139731,4579,141233,0,7252,1853,57901,4685,118494,1854,176395,California
Solano,2021-04-15,5743,293959,2170,141901,3572,144805,1,7253,1748,55669,3981,122475,1749,178144,California
Solano,2021-04-16,3712,297671,2599,144500,1111,145916,2,7255,2300,56567,1404,123879,2302,180446,California
Solano,2021-04-17,3294,300965,1074,145574,2220,148136,0,7255,1126,55539,2156,126035,1128,181574,California
Solano,2021-04-18,1054,302019,657,146231,397,148533,0,7255,547,55580,506,126541,547,182121,California
Solano,2021-04-19,2158,304177,1172,147403,986,149519,0,7255,1169,55769,982,127523,1171,183292,California
Solano,2021-04-20,3078,307255,1884,149287,1194,150713,0,7255,1703,56103,1369,128892,1703,184995,California
Solano,2021-04-21,3894,311149,2409,151696,1485,152198,0,7255,2041,56300,1844,130736,2041,187036,California
Solano,2021-04-22,3045,314194,1526,153222,1519,153717,0,7255,1805,56870,1235,131971,1805,188841,California
Solano,2021-04-23,4219,318413,2141,155363,2078,155795,0,7255,2539,57736,1675,133646,2541,191382,California
Solano,2021-04-24,3896,322309,2346,157709,1548,157343,2,7257,2587,59102,1223,134869,2589,193971,California
Solano,2021-04-25,1431,323740,1116,158825,315,157658,0,7257,1131,59940,293,135162,1131,195102,California
Solano,2021-04-26,2618,326358,1702,160527,912,158570,4,7261,1445,60230,1159,136321,1449,196551,California
Solano,2021-04-27,2603,328961,1309,161836,1264,159834,30,7291,1475,60619,1117,137438,1506,198057,California
Solano,2021-04-28,6077,335038,5024,166860,1007,160841,46,7337,3802,62206,2260,139698,3847,201904,California
Solano,2021-04-29,4575,339613,1475,168335,3065,163906,35,7372,2066,61808,2499,142197,2101,204005,California
Solano,2021-04-30,4165,343778,2223,170558,1801,165707,141,7513,1937,61673,2212,144409,2077,206082,California
Solano,2021-05-01,2186,345964,1684,172242,302,166009,200,7713,1298,62289,882,145291,1498,207580,California
Solano,2021-05-02,1200,347164,941,173183,234,166243,25,7738,661,62441,534,145825,686,208266,California
Solano,2021-05-03,1467,348631,1019,174202,361,166604,87,7825,604,62273,860,146685,692,208958,California
Solano,2021-05-04,1826,350457,1071,175273,689,167293,66,7891,822,62159,1002,147687,888,209846,California
Solano,2021-05-05,2288,352745,1443,176716,732,168025,113,8004,1103,62192,1181,148868,1214,211060,California
Solano,2021-05-06,1995,354740,1195,177911,591,168616,209,8213,725,61860,1258,150126,926,211986,California
Solano,2021-05-07,2835,357575,1975,179886,740,169356,120,8333,984,61119,1843,151969,1102,213088,California
Solano,2021-05-08,1483,359058,938,180824,429,169785,116,8449,571,60898,908,152877,687,213775,California
Solano,2021-05-09,452,359510,275,181099,166,169951,11,8460,175,60811,274,153151,187,213962,California
Solano,2021-05-10,1368,360878,643,181742,618,170569,107,8567,387,60328,976,154127,493,214455,California
Solano,2021-05-11,2341,363219,1210,182952,1042,171611,89,8656,681,59443,1655,155782,770,215225,California
Solano,2021-05-12,2192,365411,1266,184218,751,172362,175,8831,728,58895,1449,157231,901,216126,California
Solano,2021-05-13,3076,368487,2120,186338,744,173106,212,9043,1627,59289,1445,158676,1839,217965,California
Solano,2021-05-14,2497,370984,1704,188042,671,173777,122,9165,1056,59034,1433,160109,1178,219143,California
Solano,2021-05-15,3415,374399,2763,190805,566,174343,86,9251,1301,58318,2102,162211,1386,220529,California
Solano,2021-05-16,1541,375940,1143,191948,365,174708,33,9284,278,57369,1259,163470,310,220839,California
Solano,2021-05-17,2459,378399,1413,193361,959,175667,87,9371,865,56743,1574,165044,948,221787,California
Solano,2021-05-18,2938,381337,1633,194994,1216,176883,89,9460,1460,56827,1465,166509,1549,223336,California
Solano,2021-05-19,5695,387032,4134,199128,1429,178312,132,9592,2170,55614,3515,170024,2302,225638,California
Solano,2021-05-20,2622,389654,1583,200711,976,179288,63,9655,943,54951,1669,171693,1006,226644,California
Solano,2021-05-21,3559,393213,1871,202582,1619,180907,69,9724,1368,54206,2182,173875,1437,228081,California
Solano,2021-05-22,2738,395951,2109,204691,535,181442,94,9818,1151,53870,1580,175455,1244,229325,California
Solano,2021-05-23,1411,397362,1165,205856,221,181663,25,9843,756,53999,652,176107,781,230106,California
Solano,2021-05-24,1890,399252,1095,206951,722,182385,73,9916,640,53469,1242,177349,712,230818,California
Solano,2021-05-25,1620,400872,820,207771,742,183127,58,9974,580,53074,1032,178381,637,231455,California
Solano,2021-05-26,1895,402767,1088,208859,750,183877,57,10031,707,52656,1183,179564,765,232220,California
Solano,2021-05-27,2130,404897,942,209801,1113,184990,75,10106,875,52361,1244,180808,949,233169,California
Solano,2021-05-28,2017,406914,1024,210825,937,185927,56,10162,759,51927,1250,182058,816,233985,California
Solano,2021-05-29,655,407569,324,211149,300,186227,31,10193,302,51909,350,182408,332,234317,California
Solano,2021-05-30,324,407893,155,211304,144,186371,25,10218,115,51843,206,182614,140,234457,California
Solano,2021-05-31,130,408023,20,211324,101,186472,9,10227,26,51774,104,182718,35,234492,California
Solano,2021-06-01,1830,409853,1174,212498,577,187049,79,10306,723,51475,1102,183820,803,235295,California
Solano,2021-06-02,1824,411677,1285,213783,473,187522,66,10372,924,51569,893,184713,987,236282,California
Solano,2021-06-03,2192,413869,1732,215515,377,187899,83,10455,705,50877,1481,186194,789,237071,California
Solano,2021-06-04,1653,415522,1146,216661,441,188340,66,10521,503,50300,1146,187340,569,237640,California
Solano,2021-06-05,1421,416943,1027,217688,343,188683,51,10572,470,49876,945,188285,521,238161,California
Solano,2021-06-06,672,417615,553,218241,86,188769,33,10605,360,49958,311,188596,393,238554,California
Solano,2021-06-07,1242,418857,949,219190,230,188999,63,10668,409,49601,829,189425,472,239026,California
Solano,2021-06-08,1832,420689,1323,220513,475,189474,34,10702,486,48780,1341,190766,520,239546,California
Solano,2021-06-09,2101,422790,1788,222301,251,189725,62,10764,665,48076,1430,192196,726,240272,California
Solano,2021-06-10,1234,424024,847,223148,313,190038,74,10838,392,47708,833,193029,465,240737,California
Solano,2021-06-11,1599,425623,1271,224419,262,190300,66,10904,587,47353,1007,194036,652,241389,California
Solano,2021-06-12,1199,426822,921,225340,217,190517,61,10965,206,46634,986,195022,267,241656,California
Solano,2021-06-13,610,427432,520,225860,81,190598,9,10974,112,46257,498,195520,121,241777,California
Solano,2021-06-14,1314,428746,931,226791,349,190947,34,11008,275,45533,1031,196551,307,242084,California
Solano,2021-06-15,1465,430211,930,227721,484,191431,51,11059,607,45340,851,197402,658,242742,California
Solano,2021-06-16,1159,431370,769,228490,321,191752,69,11128,394,45042,760,198162,462,243204,California
Solano,2021-06-17,1217,432587,930,229420,218,191970,69,11197,433,44775,768,198930,501,243705,California
Solano,2021-06-18,1179,433766,875,230295,237,192207,67,11264,441,44550,733,199663,508,244213,California
Solano,2021-06-19,428,434194,300,230595,100,192307,28,11292,162,44479,261,199924,190,244403,California
Solano,2021-06-20,184,434378,141,230736,36,192343,7,11299,86,44474,98,200022,93,244496,California
Solano,2021-06-21,631,435009,406,231142,162,192505,63,11362,395,44697,235,200257,458,244954,California
Solano,2021-06-22,1149,436158,867,232009,237,192742,45,11407,421,44439,724,200981,466,245420,California
Solano,2021-06-23,1336,437494,1091,233100,174,192916,71,11478,455,44088,876,201857,525,245945,California
Solano,2021-06-24,905,438399,688,233788,151,193067,66,11544,387,44026,514,202371,452,246397,California
Solano,2021-06-25,1037,439436,724,234512,244,193311,69,11613,480,44035,539,202910,548,246945,California
Solano,2021-06-26,561,439997,430,234942,94,193405,37,11650,222,43956,337,203247,258,247203,California
Solano,2021-06-27,438,440435,383,235325,53,193458,2,11652,155,43831,282,203529,157,247360,California
Solano,2021-06-28,964,441399,799,236124,130,193588,35,11687,391,43689,568,204097,426,247786,California
Solano,2021-06-29,682,442081,527,236651,110,193698,45,11732,287,43627,394,204491,332,248118,California
Sonoma,2020-12-15,4,4,4,4,0,0,0,0,4,4,0,0,4,4,California
Sonoma,2020-12-16,27,31,27,31,0,0,0,0,27,31,0,0,27,31,California
Sonoma,2020-12-17,111,142,111,142,0,0,0,0,111,142,0,0,111,142,California
Sonoma,2020-12-18,436,578,436,578,0,0,0,0,436,578,0,0,436,578,California
Sonoma,2020-12-19,112,690,111,689,1,1,0,0,112,690,0,0,112,690,California
Sonoma,2020-12-20,176,866,176,865,0,1,0,0,176,866,0,0,176,866,California
Sonoma,2020-12-21,911,1777,909,1774,2,3,0,0,910,1776,0,0,910,1776,California
Sonoma,2020-12-22,1355,3132,1264,3038,91,94,0,0,1355,3131,0,0,1355,3131,California
Sonoma,2020-12-23,1606,4738,1229,4267,377,471,0,0,1607,4738,0,0,1607,4738,California
Sonoma,2020-12-24,307,5045,102,4369,205,676,0,0,307,5045,0,0,307,5045,California
Sonoma,2020-12-25,8,5053,2,4371,6,682,0,0,8,5053,0,0,8,5053,California
Sonoma,2020-12-26,268,5321,257,4628,11,693,0,0,268,5321,0,0,268,5321,California
Sonoma,2020-12-27,94,5415,80,4708,14,707,0,0,94,5415,0,0,94,5415,California
Sonoma,2020-12-28,981,6396,547,5255,434,1141,0,0,954,6369,0,0,954,6369,California
Sonoma,2020-12-29,1136,7532,781,6036,355,1496,0,0,1102,7471,0,0,1102,7471,California
Sonoma,2020-12-30,1098,8630,482,6518,616,2112,0,0,1090,8561,0,0,1090,8561,California
Sonoma,2020-12-31,518,9148,69,6587,449,2561,0,0,519,9080,0,0,519,9080,California
Sonoma,2021-01-01,191,9339,91,6678,100,2661,0,0,191,9271,0,0,191,9271,California
Sonoma,2021-01-02,139,9478,130,6808,9,2670,0,0,139,9410,0,0,139,9410,California
Sonoma,2021-01-03,26,9504,10,6818,16,2686,0,0,26,9436,0,0,26,9436,California
Sonoma,2021-01-04,345,9849,108,6926,237,2923,0,0,344,9780,0,0,344,9780,California
Sonoma,2021-01-05,435,10284,101,7027,334,3257,0,0,409,10173,16,16,409,10189,California
Sonoma,2021-01-06,952,11236,433,7460,519,3776,0,0,837,10901,109,125,837,11026,California
Sonoma,2021-01-07,1037,12273,539,7999,498,4274,0,0,862,11589,174,299,862,11888,California
Sonoma,2021-01-08,1807,14080,1244,9243,563,4837,0,0,1323,12430,482,781,1323,13211,California
Sonoma,2021-01-09,642,14722,402,9645,240,5077,0,0,594,12976,48,829,594,13805,California
Sonoma,2021-01-10,471,15193,460,10105,11,5088,0,0,277,13059,194,1023,277,14082,California
Sonoma,2021-01-11,1390,16583,1242,11347,148,5236,0,0,417,12508,968,1991,417,14499,California
Sonoma,2021-01-12,1551,18134,1294,12641,257,5493,0,0,401,11761,1148,3139,401,14900,California
Sonoma,2021-01-13,2054,20188,1370,14011,684,6177,0,0,1187,12085,864,4003,1188,16088,California
Sonoma,2021-01-14,1545,21733,810,14821,735,6912,0,0,1314,13168,231,4234,1314,17402,California
Sonoma,2021-01-15,1564,23297,633,15454,931,7843,0,0,1340,14296,214,4448,1342,18744,California
Sonoma,2021-01-16,1154,24451,619,16073,535,8378,0,0,906,14958,244,4692,906,19650,California
Sonoma,2021-01-17,680,25131,558,16631,122,8500,0,0,600,15478,80,4772,600,20250,California
Sonoma,2021-01-18,1111,26242,940,17571,171,8671,0,0,621,15610,490,5262,622,20872,California
Sonoma,2021-01-19,2106,28348,1007,18578,1099,9770,0,0,1391,16289,713,5975,1392,22264,California
Sonoma,2021-01-20,2191,30539,714,19292,1477,11247,0,0,1519,17147,662,6637,1520,23784,California
Sonoma,2021-01-21,2318,32857,675,19967,1643,12890,0,0,2089,19010,227,6864,2090,25874,California
Sonoma,2021-01-22,2772,35629,1058,21025,1714,14604,0,0,2621,21481,150,7014,2621,28495,California
Sonoma,2021-01-23,771,36400,596,21621,175,14779,0,0,659,22029,111,7125,659,29154,California
Sonoma,2021-01-24,850,37250,714,22335,136,14915,0,0,831,22841,19,7144,831,29985,California
Sonoma,2021-01-25,2183,39433,521,22856,1662,16577,0,0,1692,24042,491,7635,1692,31677,California
Sonoma,2021-01-26,2064,41497,310,23166,1754,18331,0,0,1596,25171,467,8102,1596,33273,California
Sonoma,2021-01-27,3751,45248,1283,24449,2468,20799,0,0,3167,27759,581,8683,3169,36442,California
Sonoma,2021-01-28,4137,49385,1842,26291,2295,23094,0,0,3452,30531,682,9365,3454,39896,California
Sonoma,2021-01-29,3018,52403,1421,27712,1597,24691,0,0,2167,31851,849,10214,2169,42065,California
Sonoma,2021-01-30,2606,55009,2409,30121,197,24888,0,0,2256,33760,348,10562,2257,44322,California
Sonoma,2021-01-31,801,55810,686,30807,115,25003,0,0,569,34098,231,10793,569,44891,California
Sonoma,2021-02-01,2505,58315,862,31669,1643,26646,0,0,2113,35823,388,11181,2113,47004,California
Sonoma,2021-02-02,3616,61931,1402,33071,2214,28860,0,0,3028,38266,585,11766,3028,50032,California
Sonoma,2021-02-03,4074,66005,1334,34405,2740,31600,0,0,3125,40446,945,12711,3125,53157,California
Sonoma,2021-02-04,4252,70257,1745,36150,2507,34107,0,0,3450,43097,800,13511,3451,56608,California
Sonoma,2021-02-05,4867,75124,1765,37915,3102,37209,0,0,3801,45838,1061,14572,3802,60410,California
Sonoma,2021-02-06,2670,77794,2302,40217,368,37577,0,0,2127,47424,541,15113,2127,62537,California
Sonoma,2021-02-07,1554,79348,1416,41633,138,37715,0,0,1291,48452,263,15376,1291,63828,California
Sonoma,2021-02-08,3289,82637,1043,42676,2246,39961,0,0,2687,50540,599,15975,2687,66515,California
Sonoma,2021-02-09,3600,86237,1714,44390,1886,41847,0,0,3111,53166,486,16461,3112,69627,California
Sonoma,2021-02-10,4601,90838,2511,46901,2090,43937,0,0,3572,55717,1022,17483,3573,73200,California
Sonoma,2021-02-11,5642,96480,3043,49944,2599,46536,0,0,4360,58800,1277,18760,4360,77560,California
Sonoma,2021-02-12,5975,102455,3287,53231,2688,49224,0,0,4513,61865,1452,20212,4517,82077,California
Sonoma,2021-02-13,2018,104473,1164,54395,854,50078,0,0,1210,62271,804,21016,1210,83287,California
Sonoma,2021-02-14,2337,106810,1832,56227,505,50583,0,0,1584,63106,749,21765,1584,84871,California
Sonoma,2021-02-15,2151,108961,792,57019,1359,51942,0,0,1605,64165,546,22311,1605,86476,California
Sonoma,2021-02-16,4992,113953,2130,59149,2862,54804,0,0,3712,66604,1275,23586,3714,90190,California
Sonoma,2021-02-17,5663,119616,2946,62095,2717,57521,0,0,3577,68111,2072,25658,3579,93769,California
Sonoma,2021-02-18,7017,126633,3173,65268,3844,61365,0,0,4025,69176,2962,28620,4027,97796,California
Sonoma,2021-02-19,5659,132292,1723,66991,3936,65301,0,0,3494,70526,2146,30766,3496,101292,California
Sonoma,2021-02-20,3163,135455,2862,69853,301,65602,0,0,1232,69839,1919,32685,1232,102524,California
Sonoma,2021-02-21,552,136007,438,70291,114,65716,0,0,147,69588,398,33083,147,102671,California
Sonoma,2021-02-22,2986,138993,1409,71700,1577,67293,0,0,1233,69080,1741,34824,1233,103904,California
Sonoma,2021-02-23,3470,142463,2134,73834,1336,68629,0,0,1629,68875,1834,36658,1629,105533,California
Sonoma,2021-02-24,5729,148192,2575,76409,3154,71783,0,0,2932,69021,2787,39445,2933,108466,California
Sonoma,2021-02-25,6018,154210,2359,78768,3659,75442,0,0,3227,69482,2766,42211,3227,111693,California
Sonoma,2021-02-26,6648,160858,2934,81702,3714,79156,0,0,4218,71280,2420,44631,4218,115911,California
Sonoma,2021-02-27,4234,165092,1963,83665,2271,81427,0,0,2841,72731,1390,46021,2841,118752,California
Sonoma,2021-02-28,2505,167597,1853,85518,651,82078,1,1,761,71760,1733,47754,762,119514,California
Sonoma,2021-03-01,4142,171739,1324,86842,2817,84895,1,2,2168,71974,1956,49710,2170,121684,California
Sonoma,2021-03-02,4426,176165,1528,88370,2896,87791,2,4,2553,72667,1862,51572,2555,124239,California
Sonoma,2021-03-03,5093,181258,2645,91015,2448,90239,0,4,2340,72268,2739,54311,2340,126579,California
Sonoma,2021-03-04,5982,187240,2689,93704,3293,93532,0,4,2591,71483,3376,57687,2591,129170,California
Sonoma,2021-03-05,6512,193752,2872,96576,3625,97157,15,19,2747,70502,3744,61431,2763,131933,California
Sonoma,2021-03-06,2811,196563,1231,97807,1442,98599,138,157,1930,71697,872,62303,2067,134000,California
Sonoma,2021-03-07,1736,198299,1401,99208,299,98898,36,193,401,70803,1331,63634,437,134437,California
Sonoma,2021-03-08,4089,202388,666,99874,3248,102146,175,368,2391,71684,1683,65317,2564,137001,California
Sonoma,2021-03-09,5626,208014,3099,102973,2259,104405,268,636,2714,71755,2898,68215,2969,139970,California
Sonoma,2021-03-10,6059,214073,3221,106194,2488,106893,350,986,2440,70945,3597,71812,2787,142757,California
Sonoma,2021-03-11,7570,221643,3030,109224,3716,110609,824,1810,2562,69341,4986,76798,3382,146139,California
Sonoma,2021-03-12,7435,229078,2272,111496,3799,114408,1364,3174,2065,67423,5342,82140,3424,149563,California
Sonoma,2021-03-13,3462,232540,1715,113211,1508,115916,239,3413,2020,68243,1434,83574,2254,151817,California
Sonoma,2021-03-14,1402,233942,389,113600,870,116786,143,3556,852,68691,547,84121,995,152812,California
Sonoma,2021-03-15,5265,239207,1523,115123,3355,120141,387,3943,2181,68196,3061,87182,2566,155378,California
Sonoma,2021-03-16,6337,245544,2275,117398,3832,123973,230,4173,2906,67909,3421,90603,3134,158512,California
Sonoma,2021-03-17,6808,252352,3550,120948,3079,127052,179,4352,3296,67889,3493,94096,3473,161985,California
Sonoma,2021-03-18,7166,259518,2956,123904,3594,130646,616,4968,3125,67600,4025,98121,3736,165721,California
Sonoma,2021-03-19,7535,267053,3264,127168,4040,134686,231,5199,3059,66453,4441,102562,3294,169015,California
Sonoma,2021-03-20,3733,270786,1762,128930,1147,135833,824,6023,2020,67588,1704,104266,2839,171854,California
Sonoma,2021-03-21,1401,272187,614,129544,752,136585,35,6058,1212,68652,183,104449,1247,173101,California
Sonoma,2021-03-22,4589,276776,3122,132666,1367,137952,100,6158,3340,70850,1242,105691,3440,176541,California
Sonoma,2021-03-23,5879,282655,3642,136308,2163,140115,74,6232,4429,73915,1439,107130,4504,181045,California
Sonoma,2021-03-24,6848,289503,4287,140595,2486,142601,75,6307,4169,75500,2657,109787,4242,185287,California
Sonoma,2021-03-25,7147,296650,4207,144802,2828,145429,112,6419,4295,77085,2824,112611,4409,189696,California
Sonoma,2021-03-26,7480,304130,3477,148279,3906,149335,97,6516,3816,77360,3637,116248,3912,193608,California
Sonoma,2021-03-27,3873,308003,1518,149797,1993,151328,362,6878,998,75857,2860,119108,1357,194965,California
Sonoma,2021-03-28,1517,309520,952,150749,537,151865,28,6906,798,75966,715,119823,824,195789,California
Sonoma,2021-03-29,2988,312508,1111,151860,1844,153709,33,6939,1547,76114,1432,121255,1580,197369,California
Sonoma,2021-03-30,5920,318428,3232,155092,2625,156334,63,7002,3102,76470,2809,124064,3165,200534,California
Sonoma,2021-03-31,5750,324178,3418,158510,2115,158449,217,7219,3345,77644,2388,126452,3562,204096,California
Sonoma,2021-04-01,6967,331145,4077,162587,2545,160994,345,7564,3782,78604,3157,129609,4117,208213,California
Sonoma,2021-04-02,5978,337123,3580,166167,2288,163282,110,7674,3581,79909,2385,131994,3690,211903,California
Sonoma,2021-04-03,3687,340810,1829,167996,1630,164912,228,7902,1623,79708,2047,134041,1846,213749,California
Sonoma,2021-04-04,1068,341878,694,168690,283,165195,91,7993,647,80030,416,134457,738,214487,California
Sonoma,2021-04-05,4453,346331,665,169355,3440,168635,348,8341,1674,79281,2771,137228,2022,216509,California
Sonoma,2021-04-06,6938,353269,3514,172869,3013,171648,411,8752,4029,80826,2893,140121,4438,220947,California
Sonoma,2021-04-07,6872,360141,3885,176754,2139,173787,848,9600,3349,81510,3505,143626,4189,225136,California
Sonoma,2021-04-08,7684,367825,4154,180908,2752,176539,778,10378,4202,83016,3469,147095,4975,230111,California
Sonoma,2021-04-09,6871,374696,3835,184743,2144,178683,892,11270,3531,84106,3326,150421,4416,234527,California
Sonoma,2021-04-10,3926,378622,1709,186452,1653,180336,564,11834,1155,83060,2758,153179,1712,236239,California
Sonoma,2021-04-11,1293,379915,613,187065,598,180934,82,11916,440,82731,851,154030,522,236761,California
Sonoma,2021-04-12,4974,384889,2070,189135,2417,183351,487,12403,1852,81958,3105,157135,2332,239093,California
Sonoma,2021-04-13,7952,392841,4683,193818,3265,186616,4,12407,3054,80131,4884,162019,3057,242150,California
Sonoma,2021-04-14,6708,399549,3789,197607,2898,189514,21,12428,2582,78620,4112,166131,2601,244751,California
Sonoma,2021-04-15,7556,407105,4290,201897,3266,192780,0,12428,3673,78429,3865,169996,3674,248425,California
Sonoma,2021-04-16,6939,414044,3468,205365,3469,196249,2,12430,3921,79346,3007,173003,3924,252349,California
Sonoma,2021-04-17,3546,417590,1834,207199,1712,197961,0,12430,1696,79211,1832,174835,1697,254046,California
Sonoma,2021-04-18,1411,419001,1010,208209,401,198362,0,12430,541,78884,868,175703,541,254587,California
Sonoma,2021-04-19,3445,422446,1894,210103,1550,199912,1,12431,1531,78509,1907,177610,1532,256119,California
Sonoma,2021-04-20,6415,428861,3541,213644,2873,202785,1,12432,2397,76905,4004,181614,2400,258519,California
Sonoma,2021-04-21,6846,435707,4356,218000,2488,205273,2,12434,3139,76361,3684,185298,3140,261659,California
Sonoma,2021-04-22,6483,442190,4528,222528,1954,207227,1,12435,2636,75169,3828,189126,2636,264295,California
Sonoma,2021-04-23,7570,449760,4671,227199,2892,210119,7,12442,3694,75010,3861,192987,3702,267997,California
Sonoma,2021-04-24,2787,452547,1516,228715,1257,211376,14,12456,1548,75338,1234,194221,1562,269559,California
Sonoma,2021-04-25,1086,453633,789,229504,297,211673,0,12456,431,75117,652,194873,431,269990,California
Sonoma,2021-04-26,3001,456634,1435,230939,1538,213211,28,12484,1633,75419,1359,196232,1661,271651,California
Sonoma,2021-04-27,5533,462167,3736,234675,1673,214884,124,12608,2249,74519,3272,199504,2372,274023,California
Sonoma,2021-04-28,4939,467106,3238,237913,1501,216385,200,12808,2025,73845,2894,202398,2220,276243,California
Sonoma,2021-04-29,5114,472220,3600,241513,1371,217756,143,12951,1915,72718,3185,205583,2058,278301,California
Sonoma,2021-04-30,5562,477782,3632,245145,1634,219390,296,13247,1831,71130,3714,209297,2126,280427,California
Sonoma,2021-05-01,2520,480302,1786,246931,628,220018,106,13353,1235,71191,1275,210572,1336,281763,California
Sonoma,2021-05-02,871,481173,650,247581,170,220188,51,13404,554,71480,317,210889,606,282369,California
Sonoma,2021-05-03,3261,484434,1684,249265,1426,221614,151,13555,1072,70525,2176,213065,1221,283590,California
Sonoma,2021-05-04,4612,489046,2413,251678,2021,223635,178,13733,1466,69040,3123,216188,1638,285228,California
Sonoma,2021-05-05,3716,492762,2189,253867,1333,224968,194,13927,1325,68183,2374,218562,1517,286745,California
Sonoma,2021-05-06,4597,497359,2423,256290,2047,227015,127,14054,1312,66396,3223,221785,1436,288181,California
Sonoma,2021-05-07,3644,501003,2329,258619,1192,228207,123,14177,1100,65088,2531,224316,1223,289404,California
Sonoma,2021-05-08,1925,502928,1293,259912,540,228747,92,14269,680,64628,1232,225548,772,290176,California
Sonoma,2021-05-09,499,503427,285,260197,173,228920,41,14310,158,64491,336,225884,199,290375,California
Sonoma,2021-05-10,2363,505790,1040,261237,1190,230110,133,14443,297,62870,2048,227932,427,290802,California
Sonoma,2021-05-11,3601,509391,1941,263178,1538,231648,122,14565,882,61174,2700,230632,1004,291806,California
Sonoma,2021-05-12,4078,513469,2499,265677,1427,233075,152,14717,851,58961,3215,233847,1002,292808,California
Sonoma,2021-05-13,4965,518434,2838,268515,1997,235072,130,14847,1658,57453,3294,237141,1786,294594,California
Sonoma,2021-05-14,5851,524285,3610,272125,2104,237176,137,14984,2217,56189,3619,240760,2355,296949,California
Sonoma,2021-05-15,2989,527274,2200,274325,726,237902,63,15047,1873,57017,1108,241868,1936,298885,California
Sonoma,2021-05-16,1352,528626,1134,275459,159,238061,59,15106,997,57723,350,242218,1056,299941,California
Sonoma,2021-05-17,2443,531069,1815,277274,533,238594,95,15201,888,57154,1550,243768,981,300922,California
Sonoma,2021-05-18,4336,535405,2861,280135,1366,239960,109,15310,1465,55875,2852,246620,1573,302495,California
Sonoma,2021-05-19,3872,539277,2417,282552,1340,241300,115,15425,1478,55090,2378,248998,1593,304088,California
Sonoma,2021-05-20,3423,542700,2244,284796,1085,242385,94,15519,1331,54429,2080,251078,1419,305507,California
Sonoma,2021-05-21,4259,546959,2393,287189,1737,244122,129,15648,1505,53317,2731,253809,1619,307126,California
Sonoma,2021-05-22,2339,549298,1282,288471,1017,245139,40,15688,665,52360,1662,255471,705,307831,California
Sonoma,2021-05-23,1500,550798,1219,289690,263,245402,18,15706,773,52430,721,256192,791,308622,California
Sonoma,2021-05-24,2017,552815,1256,290946,629,246031,132,15838,662,51897,1327,257519,794,309416,California
Sonoma,2021-05-25,2942,555757,1798,292744,1056,247087,88,15926,739,50533,2189,259708,825,310241,California
Sonoma,2021-05-26,2483,558240,1729,294473,643,247730,111,16037,996,50165,1472,261180,1104,311345,California
Sonoma,2021-05-27,2078,560318,1138,295611,843,248573,97,16134,687,49564,1382,262562,781,312126,California
Sonoma,2021-05-28,2185,562503,1127,296738,965,249538,93,16227,622,48727,1552,264114,715,312841,California
Sonoma,2021-05-29,1351,563854,921,297659,362,249900,68,16295,643,48740,698,264812,711,313552,California
Sonoma,2021-05-30,346,564200,213,297872,122,250022,11,16306,138,48686,202,265014,148,313700,California
Sonoma,2021-05-31,70,564270,26,297898,43,250065,1,16307,17,48651,53,265067,18,313718,California
Sonoma,2021-06-01,1938,566208,1109,299007,753,250818,76,16383,697,48192,1228,266295,769,314487,California
Sonoma,2021-06-02,1586,567794,972,299979,498,251316,116,16499,657,48040,924,267219,772,315259,California
Sonoma,2021-06-03,2005,569799,1382,301361,544,251860,79,16578,440,47002,1556,268775,518,315777,California
Sonoma,2021-06-04,2710,572509,2207,303568,396,252256,107,16685,515,45438,2185,270960,621,316398,California
Sonoma,2021-06-05,1818,574327,1492,305060,295,252551,31,16716,275,44207,1537,272497,306,316704,California
Sonoma,2021-06-06,1010,575337,934,305994,67,252618,9,16725,141,43491,866,273363,150,316854,California
Sonoma,2021-06-07,1480,576817,1239,307233,186,252804,55,16780,330,42731,1142,274505,382,317236,California
Sonoma,2021-06-08,1895,578712,1523,308756,326,253130,46,16826,534,41960,1349,275854,578,317814,California
Sonoma,2021-06-09,1645,580357,1357,310113,226,253356,62,16888,387,41165,1244,277098,449,318263,California
Sonoma,2021-06-10,1833,582190,1506,311619,223,253579,104,16992,556,40559,1264,278362,658,318921,California
Sonoma,2021-06-11,1996,584186,1632,313251,273,253852,91,17083,541,39743,1448,279810,632,319553,California
Sonoma,2021-06-12,1127,585313,890,314141,191,254043,46,17129,350,39370,770,280580,397,319950,California
Sonoma,2021-06-13,555,585868,466,314607,70,254113,19,17148,106,39046,448,281028,124,320074,California
Sonoma,2021-06-14,950,586818,678,315285,212,254325,60,17208,344,38851,598,281626,403,320477,California
Sonoma,2021-06-15,1850,588668,1380,316665,361,254686,109,17317,609,38336,1232,282858,717,321194,California
Sonoma,2021-06-16,1571,590239,1209,317874,261,254947,101,17418,501,37873,1063,283921,600,321794,California
Sonoma,2021-06-17,1040,591279,788,318662,172,255119,80,17498,411,37739,624,284545,490,322284,California
Sonoma,2021-06-18,1069,592348,773,319435,194,255313,102,17600,451,37680,609,285154,550,322834,California
Sonoma,2021-06-19,832,593180,688,320123,106,255419,38,17638,274,37436,555,285709,311,323145,California
Sonoma,2021-06-20,243,593423,199,320322,37,255456,7,17645,83,37369,157,285866,90,323235,California
Sonoma,2021-06-21,539,593962,306,320628,155,255611,78,17723,256,37431,271,286137,333,323568,California
Sonoma,2021-06-22,1244,595206,983,321611,170,255781,91,17814,581,37442,658,286795,669,324237,California
Sonoma,2021-06-23,1216,596422,938,322549,194,255975,84,17898,480,37276,730,287525,564,324801,California
Sonoma,2021-06-24,946,597368,633,323182,214,256189,99,17997,417,37270,521,288046,515,325316,California
Sonoma,2021-06-25,1188,598556,910,324092,197,256386,81,18078,515,37212,652,288698,594,325910,California
Sonoma,2021-06-26,685,599241,489,324581,115,256501,81,18159,331,37271,352,289050,411,326321,California
Sonoma,2021-06-27,194,599435,159,324740,24,256525,11,18170,101,37291,92,289142,112,326433,California
Sonoma,2021-06-28,695,600130,556,325296,82,256607,57,18227,308,37270,385,289527,364,326797,California
Sonoma,2021-06-29,777,600907,618,325914,117,256724,42,18269,330,37197,445,289972,372,327169,California
Stanislaus,2020-12-15,5,5,5,5,0,0,0,0,5,5,0,0,5,5,California
Stanislaus,2020-12-16,39,44,39,44,0,0,0,0,39,44,0,0,39,44,California
Stanislaus,2020-12-17,74,118,74,118,0,0,0,0,74,118,0,0,74,118,California
Stanislaus,2020-12-18,343,461,337,455,6,6,0,0,343,461,0,0,343,461,California
Stanislaus,2020-12-19,134,595,134,589,0,6,0,0,134,595,0,0,134,595,California
Stanislaus,2020-12-20,87,682,87,676,0,6,0,0,87,682,0,0,87,682,California
Stanislaus,2020-12-21,999,1681,998,1674,1,7,0,0,998,1680,1,1,999,1681,California
Stanislaus,2020-12-22,798,2479,786,2460,12,19,0,0,798,2478,0,1,798,2479,California
Stanislaus,2020-12-23,452,2931,433,2893,19,38,0,0,451,2929,1,2,452,2931,California
Stanislaus,2020-12-24,99,3030,90,2983,9,47,0,0,99,3028,0,2,99,3030,California
Stanislaus,2020-12-26,54,3084,9,2992,45,92,0,0,54,3082,0,2,54,3084,California
Stanislaus,2020-12-27,11,3095,6,2998,5,97,0,0,11,3093,0,2,11,3095,California
Stanislaus,2020-12-28,491,3586,396,3394,95,192,0,0,491,3584,0,2,491,3586,California
Stanislaus,2020-12-29,502,4088,416,3810,86,278,0,0,502,4086,0,2,502,4088,California
Stanislaus,2020-12-30,544,4632,282,4092,262,540,0,0,543,4628,1,3,543,4631,California
Stanislaus,2020-12-31,284,4916,160,4252,124,664,0,0,284,4912,0,3,284,4915,California
Stanislaus,2021-01-01,17,4933,7,4259,10,674,0,0,17,4929,0,3,17,4932,California
Stanislaus,2021-01-02,35,4968,27,4286,8,682,0,0,35,4964,0,3,35,4967,California
Stanislaus,2021-01-03,91,5059,88,4374,3,685,0,0,91,5055,0,3,91,5058,California
Stanislaus,2021-01-04,234,5293,154,4528,80,765,0,0,234,5289,0,3,234,5292,California
Stanislaus,2021-01-05,854,6147,358,4886,496,1261,0,0,827,6099,26,29,836,6128,California
Stanislaus,2021-01-06,1014,7161,608,5494,406,1667,0,0,936,6966,75,104,942,7070,California
Stanislaus,2021-01-07,1084,8245,706,6200,378,2045,0,0,890,7671,189,293,894,7964,California
Stanislaus,2021-01-08,1302,9547,738,6938,564,2609,0,0,953,8285,346,639,960,8924,California
Stanislaus,2021-01-09,291,9838,145,7083,146,2755,0,0,201,8396,90,729,201,9125,California
Stanislaus,2021-01-10,49,9887,22,7105,27,2782,0,0,29,8405,20,749,29,9154,California
Stanislaus,2021-01-11,1515,11402,1228,8333,287,3069,0,0,576,8068,932,1681,595,9749,California
Stanislaus,2021-01-12,1489,12891,871,9204,618,3687,0,0,837,8275,648,2329,855,10604,California
Stanislaus,2021-01-13,1460,14351,693,9897,767,4454,0,0,1128,9088,331,2660,1144,11748,California
Stanislaus,2021-01-14,2269,16620,289,10186,1980,6434,0,0,2074,11058,192,2852,2162,13910,California
Stanislaus,2021-01-15,2862,19482,1177,11363,1685,8119,0,0,2690,13675,167,3019,2784,16694,California
Stanislaus,2021-01-16,473,19955,50,11413,423,8542,0,0,454,14113,18,3037,456,17150,California
Stanislaus,2021-01-17,244,20199,202,11615,42,8584,0,0,237,14344,6,3043,237,17387,California
Stanislaus,2021-01-18,2214,22413,1032,12647,1182,9766,0,0,1811,15842,398,3441,1896,19283,California
Stanislaus,2021-01-19,1276,23689,729,13376,547,10313,0,0,825,16221,447,3888,826,20109,California
Stanislaus,2021-01-20,1034,24723,492,13868,542,10855,0,0,738,16665,294,4182,738,20847,California
Stanislaus,2021-01-21,3735,28458,3000,16868,735,11590,0,0,3380,19822,351,4533,3508,24355,California
Stanislaus,2021-01-22,1123,29581,317,17185,806,12396,0,0,1077,20860,42,4575,1080,25435,California
Stanislaus,2021-01-23,379,29960,43,17228,336,12732,0,0,319,21121,59,4634,320,25755,California
Stanislaus,2021-01-24,317,30277,100,17328,217,12949,0,0,249,21304,68,4702,251,26006,California
Stanislaus,2021-01-25,3205,33482,233,17561,2972,15921,0,0,2850,24006,319,5021,3021,29027,California
Stanislaus,2021-01-26,1756,35238,753,18314,1003,16924,0,0,1306,24890,442,5463,1326,30353,California
Stanislaus,2021-01-27,1947,37185,1074,19388,873,17797,0,0,1222,25440,674,6137,1224,31577,California
Stanislaus,2021-01-28,2246,39431,1533,20921,713,18510,0,0,1736,26748,500,6637,1808,33385,California
Stanislaus,2021-01-29,2498,41929,1222,22143,1276,19786,0,0,1941,28244,503,7140,1999,35384,California
Stanislaus,2021-01-30,300,42229,136,22279,164,19950,0,0,233,28421,56,7196,233,35617,California
Stanislaus,2021-01-31,374,42603,319,22598,55,20005,0,0,357,28764,14,7210,357,35974,California
Stanislaus,2021-02-01,1354,43957,589,23187,765,20770,0,0,988,29401,352,7562,989,36963,California
Stanislaus,2021-02-02,1271,45228,354,23541,917,21687,0,0,827,29800,432,7994,831,37794,California
Stanislaus,2021-02-03,2695,47923,1249,24790,1446,23133,0,0,1987,31100,703,8697,2003,39797,California
Stanislaus,2021-02-04,2136,50059,718,25508,1418,24551,0,0,1613,32212,511,9208,1623,41420,California
Stanislaus,2021-02-05,2904,52963,1493,27001,1411,25962,0,0,1620,32635,1214,10422,1637,43057,California
Stanislaus,2021-02-06,891,53854,302,27303,589,26551,0,0,697,33143,191,10613,699,43756,California
Stanislaus,2021-02-07,234,54088,208,27511,26,26577,0,0,45,33004,185,10798,46,43802,California
Stanislaus,2021-02-08,2090,56178,1357,28868,733,27310,0,0,1133,33253,913,11711,1162,44964,California
Stanislaus,2021-02-09,1876,58054,795,29663,1081,28391,0,0,1067,33552,780,12491,1079,46043,California
Stanislaus,2021-02-10,1986,60040,551,30214,1435,29826,0,0,1051,33698,907,13398,1053,47096,California
Stanislaus,2021-02-11,5461,65501,3293,33507,2168,31994,0,0,1241,30986,3960,17358,1248,48344,California
Stanislaus,2021-02-12,3347,68848,930,34437,2417,34411,0,0,1471,30685,1785,19143,1484,49828,California
Stanislaus,2021-02-13,1388,70236,680,35117,708,35119,0,0,1010,31331,370,19513,1016,50844,California
Stanislaus,2021-02-14,429,70665,174,35291,255,35374,0,0,356,31617,70,19583,356,51200,California
Stanislaus,2021-02-15,1844,72509,235,35526,1609,36983,0,0,593,31085,1130,20713,598,51798,California
Stanislaus,2021-02-16,1386,73895,430,35956,956,37939,0,0,582,30880,790,21503,585,52383,California
Stanislaus,2021-02-17,2806,76701,1724,37680,1082,39021,0,0,1925,31951,872,22375,1943,54326,California
Stanislaus,2021-02-18,3422,80123,1933,39613,1489,40510,0,0,1783,32247,1539,23914,1835,56161,California
Stanislaus,2021-02-19,2841,82964,1120,40733,1721,42231,0,0,1540,32566,1247,25161,1566,57727,California
Stanislaus,2021-02-20,774,83738,393,41126,381,42612,0,0,476,32767,276,25437,477,58204,California
Stanislaus,2021-02-21,918,84656,701,41827,217,42829,0,0,538,32963,354,25791,550,58754,California
Stanislaus,2021-02-22,2386,87042,1710,43537,676,43505,0,0,1635,33869,730,26521,1636,60390,California
Stanislaus,2021-02-23,3776,90818,688,44225,3088,46593,0,0,1731,33753,1859,28380,1743,62133,California
Stanislaus,2021-02-24,4240,95058,2888,47113,1352,47945,0,0,3129,35800,1085,29465,3132,65265,California
Stanislaus,2021-02-25,4000,99058,2751,49864,1249,49194,0,0,3171,38166,808,30273,3174,68439,California
Stanislaus,2021-02-26,4265,103323,1231,51095,3034,52228,0,0,2847,39669,1356,31629,2859,71298,California
Stanislaus,2021-02-27,2117,105440,717,51812,1399,53627,1,1,1879,41343,207,31836,1881,73179,California
Stanislaus,2021-02-28,845,106285,271,52083,574,54201,0,1,786,42083,47,31883,787,73966,California
Stanislaus,2021-03-01,3150,109435,1674,53757,1471,55672,5,6,1670,42340,1429,33312,1686,75652,California
Stanislaus,2021-03-02,2436,111871,1452,55209,983,56655,1,7,1681,43287,737,34049,1684,77336,California
Stanislaus,2021-03-03,3771,115642,2273,57482,1494,58149,4,11,2937,45414,814,34863,2941,80277,California
Stanislaus,2021-03-04,5510,121152,3149,60631,2344,60493,17,28,4231,48421,1237,36100,4244,84521,California
Stanislaus,2021-03-05,4155,125307,1149,61780,2990,63483,16,44,3137,50588,985,37085,3152,87673,California
Stanislaus,2021-03-06,3624,128931,2256,64036,1275,64758,93,137,2762,52589,856,37941,2857,90530,California
Stanislaus,2021-03-07,866,129797,395,64431,434,65192,37,174,670,53106,190,38131,707,91237,California
Stanislaus,2021-03-08,2040,131837,885,65316,1065,66257,90,264,1355,53887,664,38795,1445,92682,California
Stanislaus,2021-03-09,2708,134545,1024,66340,1591,67848,93,357,1654,54599,1039,39834,1751,94433,California
Stanislaus,2021-03-10,5598,140143,2734,69074,2635,70483,229,586,3786,56840,1785,41619,4026,98459,California
Stanislaus,2021-03-11,6217,146360,3392,72466,2344,72827,481,1067,4164,59623,1866,43485,4649,103108,California
Stanislaus,2021-03-12,6334,152694,1378,73844,3028,75855,1928,2995,2952,61151,3348,46833,4876,107984,California
Stanislaus,2021-03-13,3759,156453,2346,76190,1339,77194,74,3069,2840,63162,910,47743,2921,110905,California
Stanislaus,2021-03-14,1008,157461,599,76789,355,77549,54,3123,497,63207,506,48249,551,111456,California
Stanislaus,2021-03-15,3839,161300,1998,78787,1479,79028,362,3485,1663,63162,2076,50325,2031,113487,California
Stanislaus,2021-03-16,5132,166432,2520,81307,2173,81201,439,3924,3684,65860,1422,51747,4120,117607,California
Stanislaus,2021-03-17,4966,171398,2959,84266,1828,83029,179,4103,2993,67102,1934,53681,3176,120783,California
Stanislaus,2021-03-18,5612,177010,3485,87751,2056,85085,71,4174,3066,67855,2389,56070,3142,123925,California
Stanislaus,2021-03-19,6058,183068,1591,89342,2934,88019,1533,5707,3205,69774,2811,58881,4730,128655,California
Stanislaus,2021-03-20,3888,186956,3050,92392,770,88789,68,5775,3391,72760,474,59355,3460,132115,California
Stanislaus,2021-03-21,1027,187983,917,93309,44,88833,66,5841,776,73358,244,59599,842,132957,California
Stanislaus,2021-03-22,3040,191023,1404,94713,903,89736,733,6574,1420,73925,1587,61186,2154,135111,California
Stanislaus,2021-03-23,4154,195177,2120,96833,1769,91505,265,6839,2981,76038,1152,62338,3265,138376,California
Stanislaus,2021-03-24,4736,199913,3304,100137,1354,92859,78,6917,2770,76975,1914,64252,2851,141227,California
Stanislaus,2021-03-25,4448,204361,3026,103163,1405,94264,17,6934,1974,76573,2394,66646,1992,143219,California
Stanislaus,2021-03-26,4961,209322,1424,104587,3463,97727,74,7008,2531,76801,2390,69036,2618,145837,California
Stanislaus,2021-03-27,4472,213794,2787,107374,1601,99328,84,7092,1406,75252,3047,72083,1498,147335,California
Stanislaus,2021-03-28,1127,214921,449,107823,570,99898,108,7200,323,74900,790,72873,438,147773,California
Stanislaus,2021-03-29,3195,218116,1855,109678,1300,101198,40,7240,2169,76100,1015,73888,2215,149988,California
Stanislaus,2021-03-30,3870,221986,2086,111764,1758,102956,26,7266,2393,77059,1466,75354,2425,152413,California
Stanislaus,2021-03-31,5644,227630,3890,115654,1624,104580,130,7396,2939,77451,2681,78035,3073,155486,California
Stanislaus,2021-04-01,5958,233588,3875,119529,1966,106546,117,7513,2755,77161,3173,81208,2883,158369,California
Stanislaus,2021-04-02,5224,238812,1236,120765,3819,110365,169,7682,2378,76973,2746,83954,2558,160927,California
Stanislaus,2021-04-03,4716,243528,3453,124218,1226,111591,37,7719,2257,76834,2446,86400,2307,163234,California
Stanislaus,2021-04-04,1332,244860,477,124695,825,112416,30,7749,653,76852,670,87070,688,163922,California
Stanislaus,2021-04-05,3790,248650,2576,127271,953,113369,261,8010,2458,78254,1321,88391,2723,166645,California
Stanislaus,2021-04-06,5976,254626,4253,131524,1438,114807,285,8295,3222,79030,2737,91128,3513,170158,California
Stanislaus,2021-04-07,6555,261181,3684,135208,2431,117238,440,8735,2905,78756,3627,94755,3353,173511,California
Stanislaus,2021-04-08,5897,267078,3429,138637,2020,119258,448,9183,2907,79157,2956,97711,3357,176868,California
Stanislaus,2021-04-09,5035,272113,2205,140842,2445,121703,385,9568,2303,79155,2701,100412,2699,179567,California
Stanislaus,2021-04-10,6517,278630,4000,144842,877,122580,1640,11208,1997,78293,4493,104905,3631,183198,California
Stanislaus,2021-04-11,1534,280164,859,145701,542,123122,133,11341,666,78228,865,105770,800,183998,California
Stanislaus,2021-04-12,3797,283961,2128,147829,1220,124342,449,11790,1957,78836,1808,107578,2416,186414,California
Stanislaus,2021-04-13,5417,289378,3509,151338,1894,126236,14,11804,2972,79420,2396,109974,2980,189394,California
Stanislaus,2021-04-14,4830,294208,3339,154677,1489,127725,2,11806,2349,79334,2441,112415,2355,191749,California
Stanislaus,2021-04-15,5584,299792,3391,158068,2190,129915,3,11809,3254,80316,2275,114690,3257,195006,California
Stanislaus,2021-04-16,4507,304299,1067,159135,3439,133354,1,11810,1869,79604,2584,117274,1872,196878,California
Stanislaus,2021-04-17,3176,307475,2136,161271,1040,134394,0,11810,1841,80126,1321,118595,1843,198721,California
Stanislaus,2021-04-18,616,308091,297,161568,317,134711,2,11812,433,80386,176,118771,436,199157,California
Stanislaus,2021-04-19,3641,311732,2464,164032,1175,135886,2,11814,1659,80115,1938,120709,1667,200824,California
Stanislaus,2021-04-20,4177,315909,2493,166525,1684,137570,0,11814,1772,79526,2364,123073,1775,202599,California
Stanislaus,2021-04-21,4053,319962,2678,169203,1374,138944,1,11815,1633,78798,2368,125441,1640,204239,California
Stanislaus,2021-04-22,4140,324102,2455,171658,1685,140629,0,11815,1637,77988,2452,127893,1642,205881,California
Stanislaus,2021-04-23,3841,327943,914,172572,2926,143555,1,11816,1568,77393,2171,130064,1576,207457,California
Stanislaus,2021-04-24,3892,331835,2966,175538,926,144481,0,11816,1857,77239,2016,132080,1862,209319,California
Stanislaus,2021-04-25,941,332776,483,176021,458,144939,0,11816,689,77686,246,132326,693,210012,California
Stanislaus,2021-04-26,3670,336446,2443,178464,1221,146160,6,11822,1153,76360,2490,134816,1164,211176,California
Stanislaus,2021-04-27,4306,340752,2886,181350,1372,147532,48,11870,1251,74642,3021,137837,1303,212479,California
Stanislaus,2021-04-28,4601,345353,3159,184509,1380,148912,62,11932,1950,74034,2627,140464,2019,214498,California
Stanislaus,2021-04-29,3981,349334,2442,186951,1491,150403,48,11980,1562,73259,2395,142859,1620,216118,California
Stanislaus,2021-04-30,4827,354161,2156,189107,2587,152990,84,12064,1901,72350,2901,145760,1992,218110,California
Stanislaus,2021-05-01,2736,356897,1935,191042,759,153749,42,12106,1028,71730,1698,147458,1078,219188,California
Stanislaus,2021-05-02,1089,357986,625,191667,425,154174,39,12145,522,71736,561,148019,567,219755,California
Stanislaus,2021-05-03,2576,360562,1999,193666,506,154680,71,12216,978,71207,1582,149601,1053,220808,California
Stanislaus,2021-05-04,3764,364326,2574,196240,1096,155776,94,12310,1176,69912,2574,152175,1279,222087,California
Stanislaus,2021-05-05,3442,367768,2264,198504,1102,156878,76,12386,1198,68966,2223,154398,1277,223364,California
Stanislaus,2021-05-06,3778,371546,2863,201367,791,157669,124,12510,1158,67659,2595,156993,1288,224652,California
Stanislaus,2021-05-07,2596,374142,1042,202409,1392,159061,162,12672,1108,67454,1477,158470,1272,225924,California
Stanislaus,2021-05-08,2020,376162,1405,203814,582,159643,33,12705,751,66994,1251,159721,791,226715,California
Stanislaus,2021-05-09,719,376881,344,204158,349,159992,26,12731,303,66910,414,160135,330,227045,California
Stanislaus,2021-05-10,1813,378694,1152,205310,562,160554,99,12830,489,66187,1313,161448,590,227635,California
Stanislaus,2021-05-11,2535,381229,1578,206888,797,161351,160,12990,754,65336,1770,163218,919,228554,California
Stanislaus,2021-05-12,2411,383640,1369,208257,933,162284,109,13099,939,64929,1457,164675,1050,229604,California
Stanislaus,2021-05-13,2183,385823,1290,209547,773,163057,120,13219,1038,64953,1136,165811,1160,230764,California
Stanislaus,2021-05-14,2787,388610,1258,210805,1391,164448,138,13357,1304,64935,1462,167273,1444,232208,California
Stanislaus,2021-05-15,2498,391108,1780,212585,668,165116,50,13407,1211,64928,1277,168550,1270,233478,California
Stanislaus,2021-05-16,1106,392214,748,213333,350,165466,8,13415,590,65017,513,169063,602,234080,California
Stanislaus,2021-05-17,2061,394275,1392,214725,587,166053,82,13497,997,65045,1058,170121,1086,235166,California
Stanislaus,2021-05-18,2326,396601,1609,216334,602,166655,115,13612,1206,65256,1109,171230,1320,236486,California
Stanislaus,2021-05-19,3131,399732,2151,218485,825,167480,155,13767,1378,65051,1741,172971,1536,238022,California
Stanislaus,2021-05-20,2242,401974,1218,219703,920,168400,104,13871,892,64713,1339,174310,1001,239023,California
Stanislaus,2021-05-21,2501,404475,1224,220927,1179,169579,98,13969,997,64324,1487,175797,1098,240121,California
Stanislaus,2021-05-22,2010,406485,1214,222141,727,170306,69,14038,873,64139,1128,176925,943,241064,California
Stanislaus,2021-05-23,1078,407563,707,222848,355,170661,16,14054,512,64106,561,177486,528,241592,California
Stanislaus,2021-05-24,1833,409396,1274,224122,480,171141,79,14133,728,63817,1102,178588,813,242405,California
Stanislaus,2021-05-25,1812,411208,1238,225360,474,171615,100,14233,860,63833,948,179536,964,243369,California
Stanislaus,2021-05-26,2032,413240,1267,226627,713,172328,52,14285,950,63761,1074,180610,1002,244371,California
Stanislaus,2021-05-27,1784,415024,981,227608,723,173051,80,14365,618,63303,1156,181766,698,245069,California
Stanislaus,2021-05-28,2189,417213,1036,228644,1066,174117,87,14452,945,63097,1238,183004,1032,246101,California
Stanislaus,2021-05-29,1317,418530,848,229492,428,174545,41,14493,589,63005,724,183728,632,246733,California
Stanislaus,2021-05-30,455,418985,273,229765,148,174693,34,14527,209,63006,242,183970,243,246976,California
Stanislaus,2021-05-31,259,419244,122,229887,130,174823,7,14534,97,62948,162,184132,104,247080,California
Stanislaus,2021-06-01,1694,420938,1055,230942,583,175406,56,14590,637,62594,1051,185183,697,247777,California
Stanislaus,2021-06-02,1812,422750,1151,232093,590,175996,71,14661,748,62364,1052,186235,822,248599,California
Stanislaus,2021-06-03,1396,424146,828,232921,520,176516,48,14709,513,62056,871,187106,563,249162,California
Stanislaus,2021-06-04,1913,426059,1149,234070,695,177211,69,14778,721,61666,1184,188290,794,249956,California
Stanislaus,2021-06-05,1573,427632,1222,235292,308,177519,43,14821,514,61171,1053,189343,558,250514,California
Stanislaus,2021-06-06,511,428143,419,235711,83,177602,9,14830,188,61047,322,189665,198,250712,California
Stanislaus,2021-06-07,1610,429753,1233,236944,332,177934,45,14875,604,60698,997,190662,648,251360,California
Stanislaus,2021-06-08,1917,431670,1442,238386,398,178332,77,14952,673,60214,1234,191896,750,252110,California
Stanislaus,2021-06-09,1863,433533,1313,239699,468,178800,82,15034,633,59704,1226,193122,716,252826,California
Stanislaus,2021-06-10,1478,435011,938,240637,476,179276,64,15098,602,59505,867,193989,668,253494,California
Stanislaus,2021-06-11,1487,436498,895,241532,542,179818,50,15148,544,59172,929,194918,596,254090,California
Stanislaus,2021-06-12,1031,437529,752,242284,254,180072,25,15173,379,58933,646,195564,407,254497,California
Stanislaus,2021-06-13,538,438067,397,242681,135,180207,6,15179,168,58742,367,195931,176,254673,California
Stanislaus,2021-06-14,1356,439423,966,243647,368,180575,22,15201,492,58401,856,196787,515,255188,California
Stanislaus,2021-06-15,1584,441007,1144,244791,396,180971,44,15245,534,57936,1045,197832,580,255768,California
Stanislaus,2021-06-16,1934,442941,1390,246181,480,181451,64,15309,775,57619,1156,198988,839,256607,California
Stanislaus,2021-06-17,1150,444091,732,246913,376,181827,42,15351,540,57600,605,199593,586,257193,California
Stanislaus,2021-06-18,1307,445398,797,247710,428,182255,82,15433,521,57424,781,200374,605,257798,California
Stanislaus,2021-06-19,856,446254,628,248338,183,182438,45,15478,372,57362,480,200854,418,258216,California
Stanislaus,2021-06-20,305,446559,213,248551,86,182524,6,15484,138,57340,166,201020,144,258360,California
Stanislaus,2021-06-21,944,447503,538,249089,279,182803,127,15611,478,57486,461,201481,607,258967,California
Stanislaus,2021-06-22,1203,448706,873,249962,261,183064,69,15680,489,57340,707,202188,561,259528,California
Stanislaus,2021-06-23,1224,449930,813,250775,349,183413,62,15742,522,57223,700,202888,583,260111,California
Stanislaus,2021-06-24,947,450877,631,251406,266,183679,50,15792,479,57289,466,203354,532,260643,California
Stanislaus,2021-06-25,1100,451977,714,252120,324,184003,62,15854,467,57188,628,203982,527,261170,California
Stanislaus,2021-06-26,604,452581,459,252579,121,184124,24,15878,279,57168,324,204306,304,261474,California
Stanislaus,2021-06-27,394,452975,299,252878,85,184209,10,15888,200,57185,193,204499,210,261684,California
Stanislaus,2021-06-28,919,453894,724,253602,162,184371,33,15921,404,57109,513,205012,437,262121,California
Stanislaus,2021-06-29,696,454590,536,254138,127,184498,33,15954,261,56972,431,205443,294,262415,California
Sutter,2020-12-15,1,1,1,1,0,0,0,0,1,1,0,0,1,1,California
Sutter,2020-12-16,4,5,4,5,0,0,0,0,4,5,0,0,4,5,California
Sutter,2020-12-17,3,8,3,8,0,0,0,0,3,8,0,0,3,8,California
Sutter,2020-12-18,21,29,21,29,0,0,0,0,21,29,0,0,21,29,California
Sutter,2020-12-19,45,74,45,74,0,0,0,0,45,74,0,0,45,74,California
Sutter,2020-12-20,43,117,43,117,0,0,0,0,43,117,0,0,43,117,California
Sutter,2020-12-21,99,216,99,216,0,0,0,0,99,216,0,0,99,216,California
Sutter,2020-12-22,172,388,172,388,0,0,0,0,172,388,0,0,172,388,California
Sutter,2020-12-23,115,503,110,498,5,5,0,0,115,503,0,0,115,503,California
Sutter,2020-12-24,17,520,11,509,6,11,0,0,17,520,0,0,17,520,California
Sutter,2020-12-26,38,558,34,543,4,15,0,0,38,558,0,0,38,558,California
Sutter,2020-12-27,24,582,23,566,1,16,0,0,24,582,0,0,24,582,California
Sutter,2020-12-28,83,665,55,621,28,44,0,0,83,665,0,0,83,665,California
Sutter,2020-12-29,101,766,14,635,87,131,0,0,101,766,0,0,101,766,California
Sutter,2020-12-30,136,902,33,668,103,234,0,0,136,902,0,0,136,902,California
Sutter,2020-12-31,70,972,6,674,64,298,0,0,70,972,0,0,70,972,California
Sutter,2021-01-01,3,975,3,677,0,298,0,0,3,975,0,0,3,975,California
Sutter,2021-01-02,131,1106,129,806,2,300,0,0,131,1106,0,0,131,1106,California
Sutter,2021-01-03,1,1107,0,806,1,301,0,0,1,1107,0,0,1,1107,California
Sutter,2021-01-04,247,1354,138,944,109,410,0,0,247,1354,0,0,247,1354,California
Sutter,2021-01-05,99,1453,56,1000,43,453,0,0,96,1447,3,3,96,1450,California
Sutter,2021-01-06,205,1658,50,1050,155,608,0,0,200,1642,5,8,200,1650,California
Sutter,2021-01-07,251,1909,153,1203,98,706,0,0,241,1874,9,17,241,1891,California
Sutter,2021-01-08,150,2059,40,1243,110,816,0,0,133,1990,17,34,133,2024,California
Sutter,2021-01-09,46,2105,43,1286,3,819,0,0,5,1954,41,75,5,2029,California
Sutter,2021-01-10,394,2499,37,1323,357,1176,0,0,356,2273,37,112,356,2385,California
Sutter,2021-01-11,132,2631,115,1438,17,1193,0,0,25,2191,107,219,25,2410,California
Sutter,2021-01-12,202,2833,165,1603,37,1230,0,0,58,2105,144,363,58,2468,California
Sutter,2021-01-13,162,2995,99,1702,63,1293,0,0,72,2088,89,452,72,2540,California
Sutter,2021-01-14,147,3142,51,1753,96,1389,0,0,127,2195,20,472,127,2667,California
Sutter,2021-01-15,436,3578,131,1884,305,1694,0,0,422,2603,14,486,422,3089,California
Sutter,2021-01-16,385,3963,41,1925,344,2038,0,0,354,2927,30,516,354,3443,California
Sutter,2021-01-17,26,3989,24,1949,2,2040,0,0,10,2921,16,532,10,3453,California
Sutter,2021-01-18,117,4106,62,2011,55,2095,0,0,69,2942,48,580,69,3522,California
Sutter,2021-01-19,107,4213,42,2053,65,2160,0,0,83,3001,24,604,83,3605,California
Sutter,2021-01-20,273,4486,209,2262,64,2224,0,0,251,3230,22,626,251,3856,California
Sutter,2021-01-21,522,5008,351,2613,171,2395,0,0,504,3716,18,644,504,4360,California
Sutter,2021-01-22,240,5248,52,2665,188,2583,0,0,230,3937,9,653,230,4590,California
Sutter,2021-01-23,397,5645,39,2704,358,2941,0,0,371,4282,26,679,371,4961,California
Sutter,2021-01-24,17,5662,15,2719,2,2943,0,0,15,4295,2,681,15,4976,California
Sutter,2021-01-25,306,5968,196,2915,110,3053,0,0,149,4289,156,837,150,5126,California
Sutter,2021-01-26,248,6216,108,3023,140,3193,0,0,144,4330,103,940,144,5270,California
Sutter,2021-01-27,388,6604,256,3279,132,3325,0,0,321,4584,67,1007,321,5591,California
Sutter,2021-01-28,583,7187,359,3638,224,3549,0,0,410,4823,171,1178,410,6001,California
Sutter,2021-01-29,364,7551,88,3726,276,3825,0,0,242,4943,122,1300,242,6243,California
Sutter,2021-01-30,776,8327,38,3764,738,4563,0,0,765,5697,11,1311,765,7008,California
Sutter,2021-01-31,28,8355,27,3791,1,4564,0,0,28,5725,0,1311,28,7036,California
Sutter,2021-02-01,170,8525,53,3844,117,4681,0,0,137,5830,32,1343,137,7173,California
Sutter,2021-02-02,247,8772,27,3871,220,4901,0,0,213,6009,34,1377,213,7386,California
Sutter,2021-02-03,447,9219,40,3911,407,5308,0,0,212,5987,234,1611,212,7598,California
Sutter,2021-02-04,669,9888,365,4276,304,5612,0,0,619,6557,49,1660,619,8217,California
Sutter,2021-02-05,288,10176,32,4308,256,5868,0,0,135,6539,153,1813,135,8352,California
Sutter,2021-02-06,731,10907,28,4336,703,6571,0,0,709,7226,22,1835,709,9061,California
Sutter,2021-02-07,24,10931,20,4356,4,6575,0,0,20,7242,4,1839,20,9081,California
Sutter,2021-02-08,136,11067,31,4387,105,6680,0,0,98,7302,38,1877,98,9179,California
Sutter,2021-02-09,248,11315,45,4432,203,6883,0,0,187,7428,61,1938,187,9366,California
Sutter,2021-02-10,823,12138,385,4817,438,7321,0,0,180,6966,642,2580,180,9546,California
Sutter,2021-02-11,607,12745,274,5091,333,7654,0,0,317,6993,290,2870,317,9863,California
Sutter,2021-02-12,637,13382,69,5160,568,8222,0,0,312,6981,324,3194,312,10175,California
Sutter,2021-02-13,905,14287,48,5208,857,9079,0,0,786,7648,119,3313,786,10961,California
Sutter,2021-02-14,90,14377,25,5233,65,9144,0,0,79,7716,11,3324,79,11040,California
Sutter,2021-02-15,203,14580,72,5305,131,9275,0,0,123,7760,79,3403,123,11163,California
Sutter,2021-02-16,288,14868,44,5349,244,9519,0,0,203,7879,84,3487,203,11366,California
Sutter,2021-02-17,836,15704,436,5785,400,9919,0,0,135,7314,700,4187,135,11501,California
Sutter,2021-02-18,716,16420,58,5843,658,10577,0,0,499,7597,216,4403,499,12000,California
Sutter,2021-02-19,676,17096,385,6228,291,10868,0,0,462,7851,208,4611,462,12462,California
Sutter,2021-02-20,626,17722,56,6284,570,11438,0,0,516,8259,108,4719,516,12978,California
Sutter,2021-02-21,28,17750,27,6311,1,11439,0,0,7,8245,21,4740,7,12985,California
Sutter,2021-02-22,208,17958,123,6434,85,11524,0,0,85,8207,123,4863,85,13070,California
Sutter,2021-02-23,227,18185,34,6468,193,11717,0,0,99,8180,126,4989,99,13169,California
Sutter,2021-02-24,972,19157,349,6817,623,12340,0,0,194,7597,777,5766,194,13363,California
Sutter,2021-02-25,785,19942,497,7314,288,12628,0,0,604,8024,177,5943,604,13967,California
Sutter,2021-02-26,379,20321,61,7375,318,12946,0,0,158,7963,219,6162,158,14125,California
Sutter,2021-02-27,867,21188,47,7422,820,13766,0,0,713,8520,156,6318,713,14838,California
Sutter,2021-02-28,89,21277,43,7465,46,13812,0,0,68,8568,20,6338,68,14906,California
Sutter,2021-03-01,251,21528,63,7528,188,14000,0,0,153,8623,98,6436,153,15059,California
Sutter,2021-03-02,339,21867,59,7587,280,14280,0,0,162,8611,174,6610,162,15221,California
Sutter,2021-03-03,1402,23269,531,8118,871,15151,0,0,660,8536,735,7345,660,15881,California
Sutter,2021-03-04,1251,24520,862,8980,389,15540,0,0,942,9175,303,7648,942,16823,California
Sutter,2021-03-05,341,24861,80,9060,260,15800,1,1,208,9251,133,7781,209,17032,California
Sutter,2021-03-06,1026,25887,46,9106,975,16775,5,6,856,9945,167,7948,861,17893,California
Sutter,2021-03-07,66,25953,23,9129,42,16817,1,7,45,9971,20,7968,46,17939,California
Sutter,2021-03-08,228,26181,80,9209,136,16953,12,19,159,10073,69,8037,171,18110,California
Sutter,2021-03-09,389,26570,137,9346,240,17193,12,31,184,10065,204,8241,196,18306,California
Sutter,2021-03-10,1569,28139,681,10027,827,18020,61,92,522,9613,1035,9276,583,18889,California
Sutter,2021-03-11,893,29032,438,10465,436,18456,19,111,645,10032,245,9521,664,19553,California
Sutter,2021-03-12,678,29710,111,10576,387,18843,180,291,201,9937,474,9995,379,19932,California
Sutter,2021-03-13,990,30700,751,11327,220,19063,19,310,781,10529,207,10202,799,20731,California
Sutter,2021-03-14,131,30831,22,11349,98,19161,11,321,45,10499,86,10288,56,20787,California
Sutter,2021-03-15,322,31153,67,11416,206,19367,49,370,150,10528,170,10458,199,20986,California
Sutter,2021-03-16,390,31543,86,11502,257,19624,47,417,212,10608,178,10636,258,21244,California
Sutter,2021-03-17,1498,33041,562,12064,914,20538,22,439,305,9753,1181,11817,326,21570,California
Sutter,2021-03-18,973,34014,181,12245,588,21126,204,643,565,10118,402,12219,767,22337,California
Sutter,2021-03-19,463,34477,166,12411,268,21394,29,672,282,10250,179,12398,311,22648,California
Sutter,2021-03-20,949,35426,118,12529,820,22214,11,683,858,11029,90,12488,869,23517,California
Sutter,2021-03-21,68,35494,47,12576,18,22232,3,686,33,11030,35,12523,36,23553,California
Sutter,2021-03-22,288,35782,120,12696,142,22374,26,712,212,11193,75,12598,238,23791,California
Sutter,2021-03-23,379,36161,114,12810,232,22606,33,745,253,11354,124,12722,285,24076,California
Sutter,2021-03-24,1688,37849,773,13583,845,23451,70,815,311,10374,1361,14083,381,24457,California
Sutter,2021-03-25,1040,38889,677,14260,320,23771,43,858,366,10113,670,14753,409,24866,California
Sutter,2021-03-26,497,39386,175,14435,305,24076,17,875,295,10228,197,14950,312,25178,California
Sutter,2021-03-27,928,40314,63,14498,863,24939,2,877,812,10931,111,15061,814,25992,California
Sutter,2021-03-28,125,40439,72,14570,53,24992,0,877,77,10962,46,15107,77,26069,California
Sutter,2021-03-29,427,40866,143,14713,228,25220,56,933,223,11039,202,15309,279,26348,California
Sutter,2021-03-30,480,41346,161,14874,309,25529,10,943,317,11203,163,15472,327,26675,California
Sutter,2021-03-31,1258,42604,177,15051,1065,26594,16,959,443,10860,801,16273,458,27133,California
Sutter,2021-04-01,1386,43990,741,15792,460,27054,185,1144,429,10527,946,17219,613,27746,California
Sutter,2021-04-02,516,44506,101,15893,297,27351,118,1262,203,10534,310,17529,317,28063,California
Sutter,2021-04-03,909,45415,77,15970,210,27561,622,1884,122,10495,782,18311,743,28806,California
Sutter,2021-04-04,118,45533,22,15992,90,27651,6,1890,54,10492,63,18374,60,28866,California
Sutter,2021-04-05,371,45904,145,16137,189,27840,37,1927,178,10517,190,18564,215,29081,California
Sutter,2021-04-06,510,46414,198,16335,256,28096,56,1983,273,10611,235,18799,329,29410,California
Sutter,2021-04-07,1482,47896,887,17222,521,28617,74,2057,610,10433,862,19661,684,30094,California
Sutter,2021-04-08,1061,48957,583,17805,363,28980,115,2172,581,10652,474,20135,693,30787,California
Sutter,2021-04-09,570,49527,250,18055,255,29235,65,2237,237,10626,328,20463,302,31089,California
Sutter,2021-04-10,829,50356,111,18166,88,29323,630,2867,110,10643,713,21176,730,31819,California
Sutter,2021-04-11,120,50476,33,18199,40,29363,47,2914,38,10645,82,21258,84,31903,California
Sutter,2021-04-12,343,50819,93,18292,196,29559,54,2968,139,10636,202,21460,193,32096,California
Sutter,2021-04-13,432,51251,126,18418,306,29865,0,2968,215,10636,215,21675,215,32311,California
Sutter,2021-04-14,1328,52579,163,18581,1164,31029,1,2969,225,9767,1095,22770,226,32537,California
Sutter,2021-04-15,541,53120,173,18754,368,31397,0,2969,219,9667,319,23089,219,32756,California
Sutter,2021-04-16,408,53528,129,18883,279,31676,0,2969,189,9639,217,23306,189,32945,California
Sutter,2021-04-17,582,54110,82,18965,500,32176,0,2969,509,10077,71,23377,509,33454,California
Sutter,2021-04-18,93,54203,34,18999,59,32235,0,2969,59,10104,32,23409,59,33513,California
Sutter,2021-04-19,293,54496,112,19111,181,32416,0,2969,122,10057,169,23578,122,33635,California
Sutter,2021-04-20,465,54961,182,19293,283,32699,0,2969,224,10042,239,23817,224,33859,California
Sutter,2021-04-21,1312,56273,503,19796,809,33508,0,2969,514,9772,784,24601,514,34373,California
Sutter,2021-04-22,527,56800,194,19990,333,33841,0,2969,258,9764,266,24867,258,34631,California
Sutter,2021-04-23,439,57239,154,20144,285,34126,0,2969,200,9729,235,25102,200,34831,California
Sutter,2021-04-24,326,57565,107,20251,218,34344,1,2970,185,9774,140,25242,185,35016,California
Sutter,2021-04-25,159,57724,75,20326,84,34428,0,2970,86,9789,71,25313,86,35102,California
Sutter,2021-04-26,320,58044,105,20431,213,34641,2,2972,136,9745,182,25495,138,35240,California
Sutter,2021-04-27,560,58604,286,20717,270,34911,4,2976,256,9706,299,25794,260,35500,California
Sutter,2021-04-28,861,59465,386,21103,467,35378,8,2984,284,9428,570,26364,292,35792,California
Sutter,2021-04-29,805,60270,165,21268,639,36017,1,2985,324,9278,475,26839,325,36117,California
Sutter,2021-04-30,395,60665,144,21412,238,36255,13,2998,173,9246,217,27056,185,36302,California
Sutter,2021-05-01,301,60966,109,21521,151,36406,41,3039,130,9249,168,27224,171,36473,California
Sutter,2021-05-02,81,61047,54,21575,25,36431,2,3041,45,9260,36,27260,47,36520,California
Sutter,2021-05-03,218,61265,110,21685,99,36530,9,3050,89,9229,129,27389,98,36618,California
Sutter,2021-05-04,557,61822,254,21939,239,36769,64,3114,228,9194,326,27715,291,36909,California
Sutter,2021-05-05,566,62388,175,22114,383,37152,8,3122,164,8970,396,28111,172,37081,California
Sutter,2021-05-06,436,62824,234,22348,181,37333,21,3143,196,8947,239,28350,216,37297,California
Sutter,2021-05-07,426,63250,160,22508,244,37577,22,3165,163,8873,259,28609,185,37482,California
Sutter,2021-05-08,240,63490,94,22602,140,37717,6,3171,115,8869,125,28734,121,37603,California
Sutter,2021-05-09,107,63597,79,22681,23,37740,5,3176,62,8891,45,28779,67,37670,California
Sutter,2021-05-10,193,63790,44,22725,130,37870,19,3195,50,8819,141,28920,69,37739,California
Sutter,2021-05-11,471,64261,237,22962,213,38083,21,3216,191,8754,275,29195,210,37949,California
Sutter,2021-05-12,463,64724,261,23223,191,38274,11,3227,155,8616,304,29499,166,38115,California
Sutter,2021-05-13,489,65213,261,23484,206,38480,22,3249,189,8528,299,29798,211,38326,California
Sutter,2021-05-14,440,65653,188,23672,236,38716,16,3265,202,8513,233,30031,218,38544,California
Sutter,2021-05-15,850,66503,316,23988,503,39219,31,3296,310,8316,538,30569,341,38885,California
Sutter,2021-05-16,172,66675,118,24106,46,39265,8,3304,93,8339,78,30647,101,38986,California
Sutter,2021-05-17,289,66964,115,24221,160,39425,14,3318,148,8362,139,30786,162,39148,California
Sutter,2021-05-18,552,67516,312,24533,236,39661,4,3322,298,8413,251,31037,302,39450,California
Sutter,2021-05-19,462,67978,264,24797,191,39852,7,3329,222,8405,237,31274,229,39679,California
Sutter,2021-05-20,458,68436,238,25035,208,40060,12,3341,214,8391,240,31514,226,39905,California
Sutter,2021-05-21,489,68925,222,25257,255,40315,12,3353,211,8339,274,31788,222,40127,California
Sutter,2021-05-22,368,69293,204,25461,161,40476,3,3356,182,8342,181,31969,184,40311,California
Sutter,2021-05-23,191,69484,95,25556,87,40563,9,3365,92,8350,93,32062,101,40412,California
Sutter,2021-05-24,241,69725,91,25647,127,40690,23,3388,97,8329,141,32203,120,40532,California
Sutter,2021-05-25,400,70125,195,25842,192,40882,13,3401,163,8274,230,32433,175,40707,California
Sutter,2021-05-26,323,70448,158,26000,156,41038,9,3410,112,8189,206,32639,121,40828,California
Sutter,2021-05-27,433,70881,116,26116,298,41336,19,3429,121,8021,308,32947,140,40968,California
Sutter,2021-05-28,339,71220,163,26279,159,41495,17,3446,168,8040,166,33113,185,41153,California
Sutter,2021-05-29,254,71474,120,26399,119,41614,15,3461,132,8069,118,33231,147,41300,California
Sutter,2021-05-30,84,71558,61,26460,20,41634,3,3464,39,8067,44,33275,42,41342,California
Sutter,2021-05-31,20,71578,3,26463,14,41648,3,3467,7,8064,13,33288,10,41352,California
Sutter,2021-06-01,311,71889,134,26597,169,41817,8,3475,116,7994,194,33482,124,41476,California
Sutter,2021-06-02,280,72169,119,26716,155,41972,6,3481,97,7920,177,33659,103,41579,California
Sutter,2021-06-03,341,72510,222,26938,109,42081,10,3491,114,7823,221,33880,124,41703,California
Sutter,2021-06-04,342,72852,198,27136,137,42218,7,3498,119,7730,219,34099,126,41829,California
Sutter,2021-06-05,436,73288,366,27502,66,42284,4,3502,150,7603,281,34380,154,41983,California
Sutter,2021-06-06,134,73422,115,27617,16,42300,3,3505,44,7562,88,34468,47,42030,California
Sutter,2021-06-07,163,73585,105,27722,49,42349,9,3514,56,7521,106,34574,65,42095,California
Sutter,2021-06-08,366,73951,205,27927,149,42498,12,3526,156,7482,207,34781,168,42263,California
Sutter,2021-06-09,367,74318,234,28161,128,42626,5,3531,128,7378,237,35018,133,42396,California
Sutter,2021-06-10,383,74701,276,28437,97,42723,10,3541,149,7307,230,35248,159,42555,California
Sutter,2021-06-11,337,75038,215,28652,116,42839,6,3547,116,7211,217,35465,121,42676,California
Sutter,2021-06-12,243,75281,170,28822,58,42897,15,3562,69,7121,174,35639,84,42760,California
Sutter,2021-06-13,83,75364,65,28887,17,42914,1,3563,22,7084,60,35699,23,42783,California
Sutter,2021-06-14,190,75554,111,28998,68,42982,11,3574,74,7055,114,35813,85,42868,California
Sutter,2021-06-15,281,75835,151,29149,117,43099,13,3587,101,6991,178,35991,114,42982,California
Sutter,2021-06-16,221,76056,142,29291,70,43169,9,3596,106,6991,115,36106,115,43097,California
Sutter,2021-06-17,280,76336,170,29461,104,43273,6,3602,121,6961,157,36263,127,43224,California
Sutter,2021-06-18,265,76601,170,29631,80,43353,15,3617,94,6903,167,36430,109,43333,California
Sutter,2021-06-19,209,76810,140,29771,65,43418,4,3621,59,6818,148,36578,63,43396,California
Sutter,2021-06-20,70,76880,49,29820,19,43437,2,3623,31,6812,39,36617,33,43429,California
Sutter,2021-06-21,113,76993,54,29874,47,43484,12,3635,51,6815,60,36677,63,43492,California
Sutter,2021-06-22,221,77214,128,30002,90,43574,3,3638,86,6771,133,36810,89,43581,California
Sutter,2021-06-23,184,77398,108,30110,68,43642,8,3646,77,6748,107,36917,84,43665,California
Sutter,2021-06-24,226,77624,151,30261,66,43708,9,3655,95,6721,131,37048,104,43769,California
Sutter,2021-06-25,225,77849,145,30406,74,43782,6,3661,88,6682,133,37181,94,43863,California
Sutter,2021-06-26,217,78066,176,30582,36,43818,5,3666,74,6621,141,37322,80,43943,California
Sutter,2021-06-27,78,78144,65,30647,12,43830,1,3667,29,6603,48,37370,30,43973,California
Sutter,2021-06-28,119,78263,75,30722,40,43870,4,3671,61,6611,57,37427,65,44038,California
Sutter,2021-06-29,114,78377,56,30778,52,43922,6,3677,37,6579,75,37502,43,44081,California
Tehama,2020-12-15,1,1,1,1,0,0,0,0,1,1,0,0,1,1,California
Tehama,2020-12-16,2,3,2,3,0,0,0,0,2,3,0,0,2,3,California
Tehama,2020-12-17,12,15,12,15,0,0,0,0,12,15,0,0,12,15,California
Tehama,2020-12-18,2,17,2,17,0,0,0,0,3,18,0,0,3,18,California
Tehama,2020-12-21,33,50,33,50,0,0,0,0,33,51,0,0,33,51,California
Tehama,2020-12-22,69,119,63,113,6,6,0,0,69,120,0,0,69,120,California
Tehama,2020-12-23,48,167,40,153,8,14,0,0,48,168,0,0,48,168,California
Tehama,2020-12-24,5,172,3,156,2,16,0,0,5,173,0,0,5,173,California
Tehama,2020-12-26,3,175,2,158,1,17,0,0,3,176,0,0,3,176,California
Tehama,2020-12-27,2,177,2,160,0,17,0,0,2,178,0,0,2,178,California
Tehama,2020-12-28,56,233,43,203,13,30,0,0,56,234,0,0,56,234,California
Tehama,2020-12-29,31,264,31,234,0,30,0,0,31,265,0,0,31,265,California
Tehama,2020-12-30,55,319,39,273,16,46,0,0,54,319,0,0,54,319,California
Tehama,2020-12-31,14,333,4,277,10,56,0,0,14,333,0,0,14,333,California
Tehama,2021-01-01,3,336,0,277,3,59,0,0,3,336,0,0,3,336,California
Tehama,2021-01-04,32,368,9,286,23,82,0,0,32,368,0,0,32,368,California
Tehama,2021-01-05,70,438,43,329,27,109,0,0,67,432,3,3,67,435,California
Tehama,2021-01-06,71,509,21,350,50,159,0,0,62,486,8,11,62,497,California
Tehama,2021-01-07,57,566,7,357,50,209,0,0,56,541,1,12,56,553,California
Tehama,2021-01-08,34,600,25,382,9,218,0,0,29,565,5,17,29,582,California
Tehama,2021-01-09,7,607,5,387,2,220,0,0,5,568,2,19,5,587,California
Tehama,2021-01-10,1,608,0,387,1,221,0,0,1,569,0,19,1,588,California
Tehama,2021-01-11,48,656,46,433,2,223,0,0,15,551,33,52,15,603,California
Tehama,2021-01-12,132,788,112,545,20,243,0,0,86,591,46,98,86,689,California
Tehama,2021-01-13,72,860,55,600,17,260,0,0,26,571,46,144,26,715,California
Tehama,2021-01-14,223,1083,50,650,173,433,0,0,221,790,2,146,221,936,California
Tehama,2021-01-15,250,1333,75,725,175,608,0,0,246,1032,4,150,246,1182,California
Tehama,2021-01-16,263,1596,19,744,244,852,0,0,260,1289,3,153,260,1442,California
Tehama,2021-01-17,7,1603,3,747,4,856,0,0,4,1290,3,156,4,1446,California
Tehama,2021-01-18,10,1613,6,753,4,860,0,0,5,1290,5,161,5,1451,California
Tehama,2021-01-19,292,1905,65,818,227,1087,0,0,237,1472,55,216,237,1688,California
Tehama,2021-01-20,302,2207,87,905,215,1302,0,0,252,1675,49,265,252,1940,California
Tehama,2021-01-21,214,2421,11,916,203,1505,0,0,204,1869,10,275,204,2144,California
Tehama,2021-01-22,223,2644,21,937,202,1707,0,0,220,2086,3,278,220,2364,California
Tehama,2021-01-23,257,2901,7,944,250,1957,0,0,256,2341,1,279,256,2620,California
Tehama,2021-01-24,1,2902,1,945,0,1957,0,0,1,2342,0,279,1,2621,California
Tehama,2021-01-25,33,2935,15,960,18,1975,0,0,15,2339,18,297,15,2636,California
Tehama,2021-01-26,320,3255,42,1002,278,2253,0,0,283,2585,37,334,283,2919,California
Tehama,2021-01-27,300,3555,21,1023,279,2532,0,0,280,2845,20,354,280,3199,California
Tehama,2021-01-28,343,3898,31,1054,312,2844,0,0,328,3158,15,369,328,3527,California
Tehama,2021-01-29,323,4221,20,1074,303,3147,0,0,305,3445,18,387,305,3832,California
Tehama,2021-01-30,102,4323,2,1076,100,3247,0,0,101,3545,1,388,101,3933,California
Tehama,2021-01-31,1,4324,0,1076,1,3248,0,0,1,3546,0,388,1,3934,California
Tehama,2021-02-01,79,4403,23,1099,56,3304,0,0,36,3539,43,431,36,3970,California
Tehama,2021-02-02,358,4761,64,1163,294,3598,0,0,260,3701,98,529,260,4230,California
Tehama,2021-02-03,401,5162,12,1175,389,3987,0,0,357,4014,44,573,357,4587,California
Tehama,2021-02-04,498,5660,99,1274,399,4386,0,0,417,4351,81,654,418,5005,California
Tehama,2021-02-05,181,5841,73,1347,108,4494,0,0,119,4408,62,716,119,5124,California
Tehama,2021-02-06,29,5870,14,1361,15,4509,0,0,17,4413,12,728,17,5141,California
Tehama,2021-02-07,6,5876,5,1366,1,4510,0,0,2,4412,3,731,2,5143,California
Tehama,2021-02-08,35,5911,13,1379,22,4532,0,0,26,4429,9,740,26,5169,California
Tehama,2021-02-09,78,5989,34,1413,44,4576,0,0,44,4439,34,774,44,5213,California
Tehama,2021-02-10,232,6221,63,1476,169,4745,0,0,157,4521,75,849,157,5370,California
Tehama,2021-02-11,220,6441,15,1491,205,4950,0,0,82,4467,136,985,82,5452,California
Tehama,2021-02-12,364,6805,66,1557,298,5248,0,0,172,4447,192,1177,172,5624,California
Tehama,2021-02-13,384,7189,14,1571,370,5618,0,0,145,4353,239,1416,145,5769,California
Tehama,2021-02-14,38,7227,2,1573,36,5654,0,0,36,4387,2,1418,36,5805,California
Tehama,2021-02-15,53,7280,10,1583,43,5697,0,0,47,4428,6,1424,47,5852,California
Tehama,2021-02-16,246,7526,16,1599,230,5927,0,0,63,4308,183,1607,63,5915,California
Tehama,2021-02-17,281,7807,12,1611,269,6196,0,0,53,4133,228,1835,53,5968,California
Tehama,2021-02-18,371,8178,32,1643,339,6535,0,0,145,4052,226,2061,145,6113,California
Tehama,2021-02-19,214,8392,18,1661,196,6731,0,0,43,3924,171,2232,43,6156,California
Tehama,2021-02-20,271,8663,7,1668,264,6995,0,0,27,3707,244,2476,27,6183,California
Tehama,2021-02-21,1,8664,1,1669,0,6995,0,0,1,3708,0,2476,1,6184,California
Tehama,2021-02-22,40,8704,16,1685,24,7019,0,0,27,3722,13,2489,27,6211,California
Tehama,2021-02-23,47,8751,20,1705,27,7046,0,0,26,3727,21,2510,26,6237,California
Tehama,2021-02-24,303,9054,13,1718,290,7336,0,0,29,3482,274,2784,29,6266,California
Tehama,2021-02-25,380,9434,60,1778,320,7656,0,0,40,3182,340,3124,40,6306,California
Tehama,2021-02-26,461,9895,19,1797,442,8098,0,0,71,2863,390,3514,71,6377,California
Tehama,2021-02-27,294,10189,5,1802,289,8387,0,0,34,2637,260,3774,34,6411,California
Tehama,2021-02-28,23,10212,2,1804,21,8408,0,0,20,2654,3,3777,20,6431,California
Tehama,2021-03-01,67,10279,8,1812,59,8467,0,0,33,2653,34,3811,33,6464,California
Tehama,2021-03-02,151,10430,18,1830,133,8600,0,0,30,2562,121,3932,30,6494,California
Tehama,2021-03-03,166,10596,32,1862,134,8734,0,0,50,2496,116,4048,50,6544,California
Tehama,2021-03-04,657,11253,36,1898,621,9355,0,0,224,2294,426,4474,224,6768,California
Tehama,2021-03-05,404,11657,20,1918,384,9739,0,0,215,2321,188,4662,215,6983,California
Tehama,2021-03-06,303,11960,15,1933,288,10027,0,0,80,2180,222,4884,81,7064,California
Tehama,2021-03-07,6,11966,1,1934,5,10032,0,0,3,2181,2,4886,3,7067,California
Tehama,2021-03-08,57,12023,12,1946,30,10062,15,15,26,2192,30,4916,41,7108,California
Tehama,2021-03-09,367,12390,8,1954,340,10402,19,34,312,2468,55,4971,331,7439,California
Tehama,2021-03-10,355,12745,17,1971,317,10719,21,55,73,2281,281,5252,94,7533,California
Tehama,2021-03-11,493,13238,18,1989,426,11145,49,104,345,2527,148,5400,394,7927,California
Tehama,2021-03-12,307,13545,20,2009,222,11367,65,169,179,2644,127,5527,244,8171,California
Tehama,2021-03-13,49,13594,8,2017,34,11401,7,176,6,2614,43,5570,13,8184,California
Tehama,2021-03-14,53,13647,3,2020,40,11441,10,186,9,2589,44,5614,19,8203,California
Tehama,2021-03-15,154,13801,22,2042,112,11553,20,206,84,2623,70,5684,104,8307,California
Tehama,2021-03-16,418,14219,14,2056,366,11919,38,244,315,2874,102,5786,353,8660,California
Tehama,2021-03-17,434,14653,22,2078,380,12299,32,276,351,3176,81,5867,383,9043,California
Tehama,2021-03-18,486,15139,26,2104,436,12735,24,300,308,3332,176,6043,332,9375,California
Tehama,2021-03-19,318,15457,22,2126,283,13018,13,313,276,3579,42,6085,289,9664,California
Tehama,2021-03-20,41,15498,8,2134,31,13049,2,315,29,3598,12,6097,31,9695,California
Tehama,2021-03-21,12,15510,5,2139,7,13056,0,315,12,3610,0,6097,12,9707,California
Tehama,2021-03-22,92,15602,8,2147,67,13123,17,332,51,3637,41,6138,68,9775,California
Tehama,2021-03-23,88,15690,28,2175,54,13177,6,338,70,3695,18,6156,76,9851,California
Tehama,2021-03-24,86,15776,16,2191,68,13245,2,340,55,3721,31,6187,57,9908,California
Tehama,2021-03-25,538,16314,363,2554,162,13407,13,353,481,4159,56,6243,494,10402,California
Tehama,2021-03-26,514,16828,403,2957,99,13506,12,365,434,4528,77,6320,446,10848,California
Tehama,2021-03-27,452,17280,356,3313,71,13577,25,390,383,4868,68,6388,408,11256,California
Tehama,2021-03-28,31,17311,10,3323,21,13598,0,390,19,4875,12,6400,19,11275,California
Tehama,2021-03-29,124,17435,31,3354,92,13690,1,391,78,4907,46,6446,78,11353,California
Tehama,2021-03-30,372,17807,222,3576,148,13838,2,393,253,5043,119,6565,255,11608,California
Tehama,2021-03-31,400,18207,298,3874,99,13937,3,396,327,5300,72,6637,329,11937,California
Tehama,2021-04-01,528,18735,247,4121,275,14212,6,402,395,5569,132,6769,401,12338,California
Tehama,2021-04-02,457,19192,215,4336,237,14449,5,407,272,5660,185,6954,276,12614,California
Tehama,2021-04-03,62,19254,4,4340,53,14502,5,412,31,5665,31,6985,36,12650,California
Tehama,2021-04-04,35,19289,7,4347,27,14529,1,413,23,5677,12,6997,24,12674,California
Tehama,2021-04-05,118,19407,21,4368,69,14598,28,441,61,5709,57,7054,89,12763,California
Tehama,2021-04-06,492,19899,109,4477,332,14930,51,492,137,5542,355,7409,188,12951,California
Tehama,2021-04-07,416,20315,283,4760,90,15020,43,535,303,5775,112,7521,345,13296,California
Tehama,2021-04-08,606,20921,175,4935,391,15411,40,575,230,5670,375,7896,270,13566,California
Tehama,2021-04-09,430,21351,193,5128,204,15615,33,608,215,5704,214,8110,248,13814,California
Tehama,2021-04-10,79,21430,9,5137,38,15653,32,640,40,5737,39,8149,72,13886,California
Tehama,2021-04-11,33,21463,7,5144,15,15668,11,651,8,5731,25,8174,19,13905,California
Tehama,2021-04-12,112,21575,6,5150,87,15755,19,670,40,5718,72,8246,59,13964,California
Tehama,2021-04-13,390,21965,66,5216,324,16079,0,670,67,5462,323,8569,67,14031,California
Tehama,2021-04-14,407,22372,53,5269,354,16433,0,670,50,5157,355,8924,50,14081,California
Tehama,2021-04-15,516,22888,193,5462,323,16756,0,670,80,4802,435,9359,80,14161,California
Tehama,2021-04-16,599,23487,343,5805,256,17012,0,670,76,4355,523,9882,76,14237,California
Tehama,2021-04-17,349,23836,269,6074,80,17092,0,670,41,4090,307,10189,42,14279,California
Tehama,2021-04-18,17,23853,3,6077,14,17106,0,670,14,4101,3,10192,14,14293,California
Tehama,2021-04-19,96,23949,7,6084,89,17195,0,670,41,4087,55,10247,41,14334,California
Tehama,2021-04-20,528,24477,435,6519,93,17288,0,670,152,3868,373,10620,154,14488,California
Tehama,2021-04-21,513,24990,434,6953,79,17367,0,670,171,3699,340,10960,171,14659,California
Tehama,2021-04-22,526,25516,366,7319,160,17527,0,670,157,3490,366,11326,157,14816,California
Tehama,2021-04-23,452,25968,350,7669,102,17629,0,670,203,3446,248,11574,204,15020,California
Tehama,2021-04-24,104,26072,18,7687,86,17715,0,670,27,3396,77,11651,27,15047,California
Tehama,2021-04-25,29,26101,18,7705,11,17726,0,670,9,3386,19,11670,9,15056,California
Tehama,2021-04-26,86,26187,12,7717,74,17800,0,670,47,3394,39,11709,47,15103,California
Tehama,2021-04-27,257,26444,209,7926,47,17847,1,671,95,3328,162,11871,96,15199,California
Tehama,2021-04-28,404,26848,324,8250,63,17910,17,688,71,3083,333,12204,88,15287,California
Tehama,2021-04-29,358,27206,173,8423,179,18089,6,694,71,2874,286,12490,77,15364,California
Tehama,2021-04-30,327,27533,240,8663,81,18170,6,700,113,2779,214,12704,119,15483,California
Tehama,2021-05-01,74,27607,4,8667,67,18237,3,703,16,2740,58,12762,19,15502,California
Tehama,2021-05-02,44,27651,22,8689,10,18247,12,715,24,2756,20,12782,36,15538,California
Tehama,2021-05-03,117,27768,40,8729,69,18316,8,723,62,2771,55,12837,70,15608,California
Tehama,2021-05-04,163,27931,59,8788,97,18413,7,730,70,2755,93,12930,77,15685,California
Tehama,2021-05-05,93,28024,24,8812,59,18472,10,740,44,2760,49,12979,54,15739,California
Tehama,2021-05-06,166,28190,91,8903,60,18532,15,755,100,2809,66,13045,115,15854,California
Tehama,2021-05-07,174,28364,73,8976,90,18622,11,766,48,2744,124,13169,59,15913,California
Tehama,2021-05-08,50,28414,6,8982,43,18665,1,767,14,2723,36,13205,15,15928,California
Tehama,2021-05-09,16,28430,4,8986,12,18677,0,767,6,2719,10,13215,6,15934,California
Tehama,2021-05-10,79,28509,8,8994,65,18742,6,773,38,2722,40,13255,43,15977,California
Tehama,2021-05-11,174,28683,115,9109,49,18791,10,783,36,2630,138,13393,46,16023,California
Tehama,2021-05-12,212,28895,133,9242,68,18859,11,794,47,2523,165,13558,58,16081,California
Tehama,2021-05-13,246,29141,167,9409,71,18930,8,802,112,2510,133,13691,120,16201,California
Tehama,2021-05-14,246,29387,133,9542,92,19022,21,823,57,2400,188,13879,78,16279,California
Tehama,2021-05-15,224,29611,135,9677,54,19076,35,858,161,2534,62,13941,196,16475,California
Tehama,2021-05-16,27,29638,7,9684,17,19093,3,861,15,2540,12,13953,18,16493,California
Tehama,2021-05-17,111,29749,30,9714,66,19159,15,876,52,2549,58,14011,67,16560,California
Tehama,2021-05-18,151,29900,77,9791,59,19218,15,891,48,2511,101,14112,63,16623,California
Tehama,2021-05-19,125,30025,53,9844,62,19280,10,901,38,2472,87,14199,48,16671,California
Tehama,2021-05-20,325,30350,234,10078,68,19348,23,924,221,2613,103,14302,244,16915,California
Tehama,2021-05-21,221,30571,99,10177,109,19457,13,937,78,2563,141,14443,91,17006,California
Tehama,2021-05-22,64,30635,31,10208,29,19486,4,941,36,2575,28,14471,40,17046,California
Tehama,2021-05-23,48,30683,23,10231,14,19500,11,952,12,2562,36,14507,23,17069,California
Tehama,2021-05-24,99,30782,31,10262,60,19560,8,960,34,2539,65,14572,42,17111,California
Tehama,2021-05-25,76,30858,19,10281,49,19609,8,968,46,2563,29,14601,53,17164,California
Tehama,2021-05-26,78,30936,29,10310,46,19655,3,971,50,2589,27,14628,53,17217,California
Tehama,2021-05-27,151,31087,95,10405,52,19707,4,975,49,2542,100,14728,53,17270,California
Tehama,2021-05-28,133,31220,36,10441,90,19797,7,982,62,2541,70,14798,69,17339,California
Tehama,2021-05-29,52,31272,8,10449,39,19836,5,987,33,2560,19,14817,38,17377,California
Tehama,2021-05-30,11,31283,2,10451,8,19844,1,988,2,2554,9,14826,3,17380,California
Tehama,2021-05-31,17,31300,2,10453,14,19858,1,989,5,2548,12,14838,6,17386,California
Tehama,2021-06-01,94,31394,17,10470,60,19918,17,1006,30,2531,64,14902,47,17433,California
Tehama,2021-06-02,87,31481,30,10500,52,19970,5,1011,31,2511,56,14958,36,17469,California
Tehama,2021-06-03,134,31615,100,10600,23,19993,11,1022,28,2444,106,15064,39,17508,California
Tehama,2021-06-04,135,31750,35,10635,86,20079,14,1036,59,2440,75,15139,71,17579,California
Tehama,2021-06-05,158,31908,128,10763,22,20101,8,1044,31,2353,126,15265,39,17618,California
Tehama,2021-06-06,14,31922,7,10770,1,20102,6,1050,2,2349,11,15276,7,17625,California
Tehama,2021-06-07,66,31988,26,10796,38,20140,2,1052,16,2317,50,15326,18,17643,California
Tehama,2021-06-08,100,32088,33,10829,58,20198,9,1061,36,2298,64,15390,45,17688,California
Tehama,2021-06-09,85,32173,42,10871,41,20239,2,1063,43,2301,42,15432,45,17733,California
Tehama,2021-06-10,259,32432,209,11080,40,20279,10,1073,38,2130,219,15651,48,17781,California
Tehama,2021-06-11,143,32575,64,11144,70,20349,9,1082,51,2101,89,15740,60,17841,California
Tehama,2021-06-12,60,32635,37,11181,23,20372,0,1082,23,2087,37,15777,23,17864,California
Tehama,2021-06-13,22,32657,6,11187,10,20382,6,1088,5,2081,17,15794,11,17875,California
Tehama,2021-06-14,88,32745,14,11201,68,20450,6,1094,26,2051,62,15856,32,17907,California
Tehama,2021-06-15,89,32834,39,11240,39,20489,11,1105,33,2040,55,15911,44,17951,California
Tehama,2021-06-16,90,32924,60,11300,27,20516,3,1108,47,2047,43,15954,50,18001,California
Tehama,2021-06-17,148,33072,105,11405,28,20544,15,1123,84,2083,62,16016,98,18099,California
Tehama,2021-06-18,99,33171,39,11444,46,20590,14,1137,31,2060,68,16084,45,18144,California
Tehama,2021-06-19,38,33209,13,11457,20,20610,5,1142,17,2061,21,16105,22,18166,California
Tehama,2021-06-20,13,33222,3,11460,9,20619,1,1143,4,2057,9,16114,5,18171,California
Tehama,2021-06-21,55,33277,11,11471,37,20656,7,1150,18,2045,37,16151,25,18196,California
Tehama,2021-06-22,77,33354,23,11494,41,20697,13,1163,31,2044,45,16196,44,18240,California
Tehama,2021-06-23,95,33449,54,11548,37,20734,4,1167,46,2045,48,16244,49,18289,California
Tehama,2021-06-24,81,33530,41,11589,32,20766,8,1175,45,2062,36,16280,53,18342,California
Tehama,2021-06-25,129,33659,69,11658,53,20819,7,1182,56,2053,72,16352,63,18405,California
Tehama,2021-06-26,44,33703,23,11681,21,20840,0,1182,21,2051,23,16375,21,18426,California
Tehama,2021-06-27,8,33711,4,11685,3,20843,1,1183,5,2054,3,16378,6,18432,California
Tehama,2021-06-28,42,33753,16,11701,21,20864,5,1188,21,2059,21,16399,26,18458,California
Tehama,2021-06-29,38,33791,12,11713,22,20886,4,1192,22,2070,15,16414,26,18484,California
Trinity,2020-12-17,4,4,4,4,0,0,0,0,4,4,0,0,4,4,California
Trinity,2020-12-18,2,6,2,6,0,0,0,0,2,6,0,0,2,6,California
Trinity,2020-12-21,38,44,38,44,0,0,0,0,38,44,0,0,38,44,California
Trinity,2020-12-22,4,48,4,48,0,0,0,0,4,48,0,0,4,48,California
Trinity,2020-12-23,6,54,5,53,1,1,0,0,6,54,0,0,6,54,California
Trinity,2020-12-28,31,85,31,84,0,1,0,0,31,85,0,0,31,85,California
Trinity,2020-12-29,8,93,7,91,1,2,0,0,8,93,0,0,8,93,California
Trinity,2020-12-30,10,103,8,99,2,4,0,0,10,103,0,0,10,103,California
Trinity,2020-12-31,2,105,1,100,1,5,0,0,2,105,0,0,2,105,California
Trinity,2021-01-04,28,133,0,100,28,33,0,0,27,132,0,0,27,132,California
Trinity,2021-01-05,3,136,1,101,2,35,0,0,3,135,0,0,3,135,California
Trinity,2021-01-06,24,160,4,105,20,55,0,0,20,151,4,4,20,155,California
Trinity,2021-01-08,49,209,2,107,47,102,0,0,48,197,2,6,48,203,California
Trinity,2021-01-11,41,250,38,145,3,105,0,0,4,164,37,43,4,207,California
Trinity,2021-01-12,9,259,6,151,3,108,0,0,4,163,5,48,4,211,California
Trinity,2021-01-13,7,266,4,155,3,111,0,0,4,164,3,51,4,215,California
Trinity,2021-01-14,4,270,1,156,3,114,0,0,4,168,0,51,4,219,California
Trinity,2021-01-15,4,274,0,156,4,118,0,0,4,172,0,51,4,223,California
Trinity,2021-01-16,4,278,0,156,4,122,0,0,4,176,0,51,4,227,California
Trinity,2021-01-18,31,309,31,187,0,122,0,0,0,145,31,82,0,227,California
Trinity,2021-01-19,35,344,14,201,21,143,0,0,21,152,14,96,21,248,California
Trinity,2021-01-20,20,364,3,204,17,160,0,0,17,166,3,99,17,265,California
Trinity,2021-01-21,17,381,7,211,10,170,0,0,17,183,0,99,17,282,California
Trinity,2021-01-22,5,386,1,212,4,174,0,0,5,188,0,99,5,287,California
Trinity,2021-01-23,7,393,3,215,4,178,0,0,7,195,0,99,7,294,California
Trinity,2021-01-25,14,407,1,216,13,191,0,0,13,207,1,100,13,307,California
Trinity,2021-01-26,10,417,1,217,9,200,0,0,9,215,1,101,9,316,California
Trinity,2021-01-27,12,429,0,217,12,212,0,0,12,227,0,101,12,328,California
Trinity,2021-01-28,12,441,2,219,10,222,0,0,9,233,3,104,9,337,California
Trinity,2021-01-29,2,443,0,219,2,224,0,0,1,233,1,105,1,338,California
Trinity,2021-01-30,12,455,11,230,1,225,0,0,12,245,0,105,12,350,California
Trinity,2021-02-01,2,457,1,231,1,226,0,0,1,245,1,106,1,351,California
Trinity,2021-02-02,15,472,3,234,12,238,0,0,14,258,1,107,14,365,California
Trinity,2021-02-03,7,479,1,235,6,244,0,0,4,259,3,110,4,369,California
Trinity,2021-02-04,42,521,32,267,10,254,0,0,35,287,7,117,35,404,California
Trinity,2021-02-05,354,875,0,267,354,608,0,0,323,579,31,148,323,727,California
Trinity,2021-02-06,210,1085,5,272,205,813,0,0,203,775,7,155,203,930,California
Trinity,2021-02-07,1,1086,0,272,1,814,0,0,1,776,0,155,1,931,California
Trinity,2021-02-08,27,1113,0,272,27,841,0,0,16,781,11,166,16,947,California
Trinity,2021-02-09,27,1140,2,274,25,866,0,0,11,776,16,182,11,958,California
Trinity,2021-02-10,122,1262,10,284,112,978,0,0,102,858,20,202,102,1060,California
Trinity,2021-02-11,338,1600,2,286,336,1314,0,0,331,1182,7,209,331,1391,California
Trinity,2021-02-12,18,1618,10,296,8,1322,0,0,14,1192,4,213,14,1405,California
Trinity,2021-02-13,13,1631,6,302,7,1329,0,0,6,1191,7,220,6,1411,California
Trinity,2021-02-14,2,1633,2,304,0,1329,0,0,2,1193,0,220,2,1413,California
Trinity,2021-02-15,47,1680,0,304,47,1376,0,0,47,1240,0,220,47,1460,California
Trinity,2021-02-16,4,1684,1,305,3,1379,0,0,2,1240,2,222,2,1462,California
Trinity,2021-02-17,94,1778,2,307,92,1471,0,0,84,1314,10,232,84,1546,California
Trinity,2021-02-18,4,1782,0,307,4,1475,0,0,1,1312,3,235,1,1547,California
Trinity,2021-02-19,307,2089,1,308,306,1781,0,0,294,1593,13,248,294,1841,California
Trinity,2021-02-20,142,2231,14,322,128,1909,0,0,114,1679,28,276,114,1955,California
Trinity,2021-02-21,1,2232,1,323,0,1909,0,0,1,1680,0,276,1,1956,California
Trinity,2021-02-22,8,2240,0,323,8,1917,0,0,5,1682,3,279,5,1961,California
Trinity,2021-02-23,10,2250,3,326,7,1924,0,0,5,1682,5,284,5,1966,California
Trinity,2021-02-24,30,2280,8,334,22,1946,0,0,7,1666,23,307,7,1973,California
Trinity,2021-02-25,36,2316,23,357,13,1959,0,0,5,1640,31,338,5,1978,California
Trinity,2021-02-26,11,2327,1,358,10,1969,0,0,5,1639,6,344,5,1983,California
Trinity,2021-02-27,10,2337,8,366,2,1971,0,0,4,1637,6,350,4,1987,California
Trinity,2021-03-01,10,2347,0,366,10,1981,0,0,5,1637,5,355,5,1992,California
Trinity,2021-03-02,9,2356,3,369,6,1987,0,0,2,1632,7,362,2,1994,California
Trinity,2021-03-03,4,2360,0,369,4,1991,0,0,3,1634,1,363,3,1997,California
Trinity,2021-03-04,24,2384,19,388,5,1996,0,0,10,1630,14,377,10,2007,California
Trinity,2021-03-05,388,2772,1,389,387,2383,0,0,120,1486,264,641,120,2127,California
Trinity,2021-03-06,202,2974,7,396,195,2578,0,0,26,1336,176,817,26,2153,California
Trinity,2021-03-07,4,2978,3,399,1,2579,0,0,3,1338,1,818,3,2156,California
Trinity,2021-03-08,5,2983,1,400,3,2582,1,1,2,1338,3,821,3,2159,California
Trinity,2021-03-09,94,3077,0,400,92,2674,2,3,88,1422,6,827,90,2249,California
Trinity,2021-03-10,126,3203,3,403,120,2794,3,6,38,1375,88,915,41,2290,California
Trinity,2021-03-11,16,3219,4,407,10,2804,2,8,5,1371,11,926,7,2297,California
Trinity,2021-03-12,397,3616,5,412,386,3190,6,14,96,1172,301,1227,102,2399,California
Trinity,2021-03-13,13,3629,8,420,3,3193,2,16,8,1177,5,1232,10,2409,California
Trinity,2021-03-14,4,3633,1,421,3,3196,0,16,3,1179,1,1233,3,2412,California
Trinity,2021-03-15,67,3700,0,421,66,3262,1,17,14,1141,53,1286,15,2427,California
Trinity,2021-03-16,116,3816,7,428,109,3371,0,17,103,1231,13,1299,103,2530,California
Trinity,2021-03-17,100,3916,3,431,97,3468,0,17,26,1183,74,1373,26,2556,California
Trinity,2021-03-18,10,3926,2,433,5,3473,3,20,5,1186,5,1378,8,2564,California
Trinity,2021-03-19,460,4386,4,437,346,3819,110,130,33,902,427,1805,143,2707,California
Trinity,2021-03-20,105,4491,7,444,98,3917,0,130,70,938,34,1839,70,2777,California
Trinity,2021-03-21,4,4495,0,444,3,3920,1,131,3,941,1,1840,4,2781,California
Trinity,2021-03-22,2,4497,0,444,2,3922,0,131,2,943,0,1840,2,2783,California
Trinity,2021-03-23,95,4592,2,446,93,4015,0,131,77,1002,18,1858,77,2860,California
Trinity,2021-03-24,12,4604,1,447,11,4026,0,131,9,1008,3,1861,9,2869,California
Trinity,2021-03-25,111,4715,8,455,97,4123,6,137,85,1073,26,1887,91,2960,California
Trinity,2021-03-26,84,4799,8,463,76,4199,0,137,77,1143,7,1894,77,3037,California
Trinity,2021-03-27,20,4819,4,467,7,4206,9,146,9,1150,11,1905,18,3055,California
Trinity,2021-03-28,5,4824,3,470,2,4208,0,146,1,1147,4,1909,1,3056,California
Trinity,2021-03-29,6,4830,1,471,5,4213,0,146,2,1145,4,1913,2,3058,California
Trinity,2021-03-30,77,4907,5,476,72,4285,0,146,67,1202,10,1923,67,3125,California
Trinity,2021-03-31,56,4963,5,481,19,4304,32,178,21,1219,35,1958,52,3177,California
Trinity,2021-04-01,40,5003,10,491,19,4323,11,189,21,1232,19,1977,32,3209,California
Trinity,2021-04-02,249,5252,5,496,170,4493,74,263,77,1212,171,2148,151,3360,California
Trinity,2021-04-03,17,5269,12,508,5,4498,0,263,7,1209,10,2158,7,3367,California
Trinity,2021-04-04,10,5279,8,516,2,4500,0,263,8,1215,2,2160,8,3375,California
Trinity,2021-04-05,58,5337,6,522,51,4551,1,264,54,1266,4,2164,55,3430,California
Trinity,2021-04-06,117,5454,15,537,99,4650,3,267,28,1208,89,2253,31,3461,California
Trinity,2021-04-07,27,5481,12,549,10,4660,5,272,19,1224,8,2261,24,3485,California
Trinity,2021-04-08,89,5570,10,559,77,4737,2,274,52,1241,37,2298,54,3539,California
Trinity,2021-04-09,169,5739,20,579,145,4882,4,278,91,1258,78,2376,95,3634,California
Trinity,2021-04-10,11,5750,7,586,4,4886,0,278,10,1267,1,2377,10,3644,California
Trinity,2021-04-11,10,5760,5,591,3,4889,2,280,4,1267,6,2383,6,3650,California
Trinity,2021-04-12,77,5837,5,596,71,4960,1,281,64,1319,12,2395,64,3714,California
Trinity,2021-04-13,104,5941,5,601,99,5059,0,281,11,1237,93,2488,11,3725,California
Trinity,2021-04-14,10,5951,5,606,5,5064,0,281,6,1239,4,2492,6,3731,California
Trinity,2021-04-15,46,5997,11,617,35,5099,0,281,16,1226,29,2521,16,3747,California
Trinity,2021-04-16,151,6148,13,630,138,5237,0,281,78,1232,72,2593,78,3825,California
Trinity,2021-04-17,11,6159,5,635,6,5243,0,281,9,1239,2,2595,9,3834,California
Trinity,2021-04-18,3,6162,1,636,2,5245,0,281,0,1236,3,2598,0,3834,California
Trinity,2021-04-19,67,6229,2,638,65,5310,0,281,66,1301,1,2599,66,3900,California
Trinity,2021-04-20,94,6323,8,646,86,5396,0,281,21,1249,73,2672,21,3921,California
Trinity,2021-04-21,22,6345,9,655,13,5409,0,281,9,1245,13,2685,9,3930,California
Trinity,2021-04-22,92,6437,5,660,87,5496,0,281,14,1181,78,2763,14,3944,California
Trinity,2021-04-23,178,6615,6,666,172,5668,0,281,110,1223,68,2831,110,4054,California
Trinity,2021-04-24,23,6638,12,678,11,5679,0,281,6,1212,17,2848,6,4060,California
Trinity,2021-04-25,10,6648,9,687,1,5680,0,281,3,1209,6,2854,3,4063,California
Trinity,2021-04-26,48,6696,9,696,39,5719,0,281,40,1241,8,2862,40,4103,California
Trinity,2021-04-27,88,6784,11,707,77,5796,0,281,23,1199,65,2927,23,4126,California
Trinity,2021-04-28,33,6817,11,718,22,5818,0,281,12,1190,21,2948,12,4138,California
Trinity,2021-04-29,34,6851,13,731,21,5839,0,281,12,1180,22,2970,12,4150,California
Trinity,2021-04-30,27,6878,21,752,6,5845,0,281,8,1170,18,2988,8,4158,California
Trinity,2021-05-01,15,6893,8,760,2,5847,5,286,5,1170,10,2998,10,4168,California
Trinity,2021-05-02,8,6901,5,765,1,5848,2,288,2,1168,6,3004,4,4172,California
Trinity,2021-05-03,58,6959,13,778,44,5892,1,289,9,1130,48,3052,10,4182,California
Trinity,2021-05-04,23,6982,11,789,11,5903,1,290,8,1124,15,3067,9,4191,California
Trinity,2021-05-05,11,6993,7,796,4,5907,0,290,4,1121,7,3074,4,4195,California
Trinity,2021-05-06,73,7066,10,806,61,5968,2,292,16,1082,57,3131,18,4213,California
Trinity,2021-05-07,176,7242,12,818,130,6098,34,326,14,968,162,3293,48,4261,California
Trinity,2021-05-08,6,7248,2,820,4,6102,0,326,2,966,4,3297,2,4263,California
Trinity,2021-05-09,11,7259,8,828,3,6105,0,326,7,969,4,3301,7,4270,California
Trinity,2021-05-10,16,7275,6,834,9,6114,1,327,8,970,8,3309,9,4279,California
Trinity,2021-05-11,7,7282,3,837,4,6118,0,327,5,973,2,3311,5,4284,California
Trinity,2021-05-12,19,7301,16,853,2,6120,1,328,14,983,5,3316,15,4299,California
Trinity,2021-05-13,15,7316,10,863,4,6124,1,329,9,987,6,3322,10,4309,California
Trinity,2021-05-14,138,7454,19,882,91,6215,28,357,39,955,99,3421,67,4376,California
Trinity,2021-05-15,15,7469,10,892,4,6219,1,358,7,956,7,3428,8,4384,California
Trinity,2021-05-16,8,7477,6,898,2,6221,0,358,6,960,2,3430,6,4390,California
Trinity,2021-05-17,108,7585,20,918,86,6307,2,360,42,938,66,3496,44,4434,California
Trinity,2021-05-18,37,7622,7,925,29,6336,1,361,11,924,26,3522,12,4446,California
Trinity,2021-05-19,143,7765,17,942,97,6433,29,390,26,863,116,3638,55,4501,California
Trinity,2021-05-20,28,7793,21,963,4,6437,3,393,17,872,11,3649,20,4521,California
Trinity,2021-05-21,21,7814,12,975,9,6446,0,393,12,875,9,3658,12,4533,California
Trinity,2021-05-22,17,7831,14,989,3,6449,0,393,13,884,4,3662,13,4546,California
Trinity,2021-05-23,6,7837,4,993,2,6451,0,393,2,882,4,3666,2,4548,California
Trinity,2021-05-24,109,7946,12,1005,96,6547,1,394,8,791,100,3766,9,4557,California
Trinity,2021-05-25,39,7985,14,1019,25,6572,0,394,17,786,22,3788,17,4574,California
Trinity,2021-05-26,12,7997,6,1025,6,6578,0,394,4,782,8,3796,4,4578,California
Trinity,2021-05-27,31,8028,14,1039,12,6590,5,399,8,772,23,3819,13,4591,California
Trinity,2021-05-28,14,8042,10,1049,3,6593,1,400,7,773,7,3826,8,4599,California
Trinity,2021-05-29,10,8052,7,1056,2,6595,1,401,7,778,3,3829,8,4607,California
Trinity,2021-05-30,6,8058,5,1061,1,6596,0,401,0,772,6,3835,0,4607,California
Trinity,2021-05-31,4,8062,3,1064,1,6597,0,401,2,772,2,3837,2,4609,California
Trinity,2021-06-01,15,8077,8,1072,5,6602,2,403,4,768,10,3847,6,4615,California
Trinity,2021-06-02,24,8101,19,1091,3,6605,2,405,9,764,15,3862,11,4626,California
Trinity,2021-06-03,39,8140,13,1104,26,6631,0,405,13,751,26,3888,13,4639,California
Trinity,2021-06-04,45,8185,21,1125,16,6647,8,413,12,738,33,3921,20,4659,California
Trinity,2021-06-05,19,8204,18,1143,1,6648,0,413,13,745,6,3927,13,4672,California
Trinity,2021-06-06,9,8213,6,1149,2,6650,1,414,2,741,7,3934,3,4675,California
Trinity,2021-06-07,28,8241,19,1168,8,6658,1,415,12,738,16,3950,13,4688,California
Trinity,2021-06-08,14,8255,12,1180,1,6659,1,416,4,733,10,3960,5,4693,California
Trinity,2021-06-09,24,8279,14,1194,1,6660,9,425,5,728,19,3979,14,4707,California
Trinity,2021-06-10,20,8299,18,1212,2,6662,0,425,5,718,15,3994,5,4712,California
Trinity,2021-06-11,45,8344,10,1222,33,6695,2,427,14,703,31,4025,16,4728,California
Trinity,2021-06-12,9,8353,9,1231,0,6695,0,427,2,698,7,4032,2,4730,California
Trinity,2021-06-13,4,8357,4,1235,0,6695,0,427,1,696,3,4035,1,4731,California
Trinity,2021-06-14,43,8400,16,1251,27,6722,0,427,11,675,32,4067,11,4742,California
Trinity,2021-06-15,45,8445,21,1272,3,6725,21,448,9,668,36,4103,29,4771,California
Trinity,2021-06-16,10,8455,6,1278,4,6729,0,448,3,664,7,4110,3,4774,California
Trinity,2021-06-17,15,8470,13,1291,0,6729,2,450,5,662,9,4119,7,4781,California
Trinity,2021-06-18,15,8485,10,1301,3,6732,2,452,6,661,9,4128,8,4789,California
Trinity,2021-06-19,10,8495,10,1311,0,6732,0,452,2,655,8,4136,2,4791,California
Trinity,2021-06-20,3,8498,3,1314,0,6732,0,452,3,658,0,4136,3,4794,California
Trinity,2021-06-21,8,8506,6,1320,0,6732,2,454,5,662,3,4139,7,4801,California
Trinity,2021-06-22,33,8539,10,1330,13,6745,10,464,14,667,19,4158,24,4825,California
Trinity,2021-06-23,15,8554,8,1338,1,6746,6,470,2,662,13,4171,8,4833,California
Trinity,2021-06-24,24,8578,14,1352,4,6750,6,476,15,674,9,4180,21,4854,California
Trinity,2021-06-25,10,8588,10,1362,0,6750,0,476,6,676,4,4184,6,4860,California
Trinity,2021-06-26,18,8606,18,1380,0,6750,0,476,8,674,10,4194,8,4868,California
Trinity,2021-06-27,4,8610,4,1384,0,6750,0,476,0,670,4,4198,0,4868,California
Trinity,2021-06-28,11,8621,9,1393,1,6751,1,477,4,668,7,4205,5,4873,California
Trinity,2021-06-29,10,8631,4,1397,3,6754,3,480,4,669,6,4211,7,4880,California
Tulare,2020-12-15,1,1,1,1,0,0,0,0,1,1,0,0,1,1,California
Tulare,2020-12-16,4,5,4,5,0,0,0,0,4,5,0,0,4,5,California
Tulare,2020-12-17,110,115,110,115,0,0,0,0,110,115,0,0,110,115,California
Tulare,2020-12-18,290,405,289,404,1,1,0,0,290,405,0,0,290,405,California
Tulare,2020-12-19,326,731,326,730,0,1,0,0,326,731,0,0,326,731,California
Tulare,2020-12-20,165,896,165,895,0,1,0,0,165,896,0,0,165,896,California
Tulare,2020-12-21,424,1320,424,1319,0,1,0,0,444,1340,0,0,444,1340,California
Tulare,2020-12-22,470,1790,468,1787,2,3,0,0,469,1809,0,0,469,1809,California
Tulare,2020-12-23,327,2117,318,2105,9,12,0,0,325,2134,0,0,325,2134,California
Tulare,2020-12-24,18,2135,16,2121,2,14,0,0,18,2152,0,0,18,2152,California
Tulare,2020-12-26,8,2143,7,2128,1,15,0,0,8,2160,0,0,8,2160,California
Tulare,2020-12-27,16,2159,12,2140,4,19,0,0,16,2176,0,0,16,2176,California
Tulare,2020-12-28,481,2640,468,2608,13,32,0,0,480,2656,0,0,480,2656,California
Tulare,2020-12-29,550,3190,479,3087,71,103,0,0,550,3206,0,0,550,3206,California
Tulare,2020-12-30,468,3658,424,3511,44,147,0,0,468,3674,0,0,468,3674,California
Tulare,2020-12-31,100,3758,22,3533,78,225,0,0,100,3774,0,0,100,3774,California
Tulare,2021-01-01,3,3761,1,3534,2,227,0,0,3,3777,0,0,3,3777,California
Tulare,2021-01-02,32,3793,19,3553,13,240,0,0,32,3809,0,0,32,3809,California
Tulare,2021-01-03,23,3816,9,3562,14,254,0,0,23,3832,0,0,23,3832,California
Tulare,2021-01-04,93,3909,16,3578,77,331,0,0,93,3925,0,0,93,3925,California
Tulare,2021-01-05,465,4374,279,3857,186,517,0,0,463,4386,2,2,463,4388,California
Tulare,2021-01-06,865,5239,634,4491,231,748,0,0,855,5231,10,12,855,5243,California
Tulare,2021-01-07,782,6021,585,5076,197,945,0,0,674,5797,108,120,674,5917,California
Tulare,2021-01-08,1279,7300,573,5649,706,1651,0,0,942,6403,336,456,942,6859,California
Tulare,2021-01-09,807,8107,204,5853,603,2254,0,0,619,6834,188,644,619,7478,California
Tulare,2021-01-10,51,8158,43,5896,8,2262,0,0,13,6809,38,682,13,7491,California
Tulare,2021-01-11,1275,9433,772,6668,503,2765,0,0,836,7206,439,1121,836,8327,California
Tulare,2021-01-12,1452,10885,504,7172,948,3713,0,0,1040,7836,411,1532,1041,9368,California
Tulare,2021-01-13,411,11296,179,7351,232,3945,0,0,336,8097,75,1607,336,9704,California
Tulare,2021-01-14,494,11790,143,7494,351,4296,0,0,468,8550,15,1622,468,10172,California
Tulare,2021-01-15,1651,13441,156,7650,1495,5791,0,0,1642,10183,9,1631,1642,11814,California
Tulare,2021-01-16,1925,15366,114,7764,1811,7602,0,0,1911,12080,14,1645,1911,13725,California
Tulare,2021-01-17,142,15508,122,7886,20,7622,0,0,132,12202,10,1655,132,13857,California
Tulare,2021-01-18,693,16201,657,8543,36,7658,0,0,294,12097,399,2054,294,14151,California
Tulare,2021-01-19,1018,17219,690,9233,328,7986,0,0,591,12261,427,2481,591,14742,California
Tulare,2021-01-20,2476,19695,664,9897,1812,9798,0,0,2040,13910,391,2872,2040,16782,California
Tulare,2021-01-21,1617,21312,227,10124,1390,11188,0,0,1589,15477,22,2894,1589,18371,California
Tulare,2021-01-22,1092,22404,214,10338,878,12066,0,0,1064,16514,27,2921,1064,19435,California
Tulare,2021-01-23,440,22844,157,10495,283,12349,0,0,419,16912,21,2942,419,19854,California
Tulare,2021-01-24,31,22875,28,10523,3,12352,0,0,29,16939,2,2944,29,19883,California
Tulare,2021-01-25,1351,24226,987,11510,364,12716,0,0,1298,18184,53,2997,1298,21181,California
Tulare,2021-01-26,1508,25734,1101,12611,407,13123,0,0,1168,19013,339,3336,1168,22349,California
Tulare,2021-01-27,1506,27240,1072,13683,434,13557,0,0,924,19356,581,3917,924,23273,California
Tulare,2021-01-28,1219,28459,779,14462,440,13997,0,0,818,19773,401,4318,818,24091,California
Tulare,2021-01-29,1130,29589,719,15181,411,14408,0,0,820,20283,310,4628,820,24911,California
Tulare,2021-01-30,1668,31257,1573,16754,95,14503,0,0,1643,21902,25,4653,1644,26555,California
Tulare,2021-01-31,66,31323,61,16815,5,14508,0,0,62,21961,3,4656,62,26617,California
Tulare,2021-02-01,1182,32505,909,17724,273,14781,0,0,818,22417,362,5018,818,27435,California
Tulare,2021-02-02,712,33217,358,18082,354,15135,0,0,460,22628,250,5268,461,27896,California
Tulare,2021-02-03,561,33778,228,18310,333,15468,0,0,330,22767,191,5459,330,28226,California
Tulare,2021-02-04,570,34348,170,18480,400,15868,0,0,282,22763,287,5746,283,28509,California
Tulare,2021-02-05,1246,35594,240,18720,1006,16874,0,0,407,22333,837,6583,407,28916,California
Tulare,2021-02-06,835,36429,155,18875,680,17554,0,0,207,21914,626,7209,207,29123,California
Tulare,2021-02-07,84,36513,71,18946,13,17567,0,0,23,21876,61,7270,23,29146,California
Tulare,2021-02-08,946,37459,329,19275,617,18184,0,0,239,21412,704,7974,240,29386,California
Tulare,2021-02-09,1415,38874,336,19611,1079,19263,0,0,340,20682,1070,9044,340,29726,California
Tulare,2021-02-10,2485,41359,1989,21600,496,19759,0,0,2074,22346,410,9454,2074,31800,California
Tulare,2021-02-11,1340,42699,377,21977,963,20722,0,0,877,22760,463,9917,877,32677,California
Tulare,2021-02-12,2789,45488,575,22552,2214,22936,0,0,1163,22305,1618,11535,1163,33840,California
Tulare,2021-02-13,2483,47971,159,22711,2324,25260,0,0,642,21112,1835,13370,642,34482,California
Tulare,2021-02-14,340,48311,40,22751,300,25560,0,0,303,21378,37,13407,303,34785,California
Tulare,2021-02-15,922,49233,295,23046,627,26187,0,0,661,21779,260,13667,661,35446,California
Tulare,2021-02-16,2846,52079,1596,24642,1250,27437,0,0,1079,21095,1765,15432,1081,36527,California
Tulare,2021-02-17,2706,54785,517,25159,2189,29626,0,0,451,19297,2250,17682,452,36979,California
Tulare,2021-02-18,2353,57138,455,25614,1898,31524,0,0,642,18242,1697,19379,642,37621,California
Tulare,2021-02-19,2345,59483,883,26497,1462,32986,0,0,967,17840,1369,20748,967,38588,California
Tulare,2021-02-20,3003,62486,1893,28390,1110,34096,0,0,1263,17383,1723,22471,1266,39854,California
Tulare,2021-02-21,99,62585,95,28485,4,34100,0,0,49,17384,48,22519,49,39903,California
Tulare,2021-02-22,1117,63702,708,29193,409,34509,0,0,213,16696,901,23420,213,40116,California
Tulare,2021-02-23,1972,65674,950,30143,1022,35531,0,0,1472,17670,498,23918,1472,41588,California
Tulare,2021-02-24,2488,68162,1549,31692,939,36470,0,0,2108,19400,379,24297,2109,43697,California
Tulare,2021-02-25,3521,71683,1989,33681,1532,38002,0,0,3104,22093,413,24710,3106,46803,California
Tulare,2021-02-26,3865,75548,1892,35573,1973,39975,0,0,3388,25006,475,25185,3388,50191,California
Tulare,2021-02-27,3007,78555,1497,37070,1510,41485,0,0,2872,27755,123,25308,2872,53063,California
Tulare,2021-02-28,1314,79869,1040,38110,274,41759,0,0,1292,29029,18,25326,1292,54355,California
Tulare,2021-03-01,1790,81659,808,38918,982,42741,0,0,1598,30438,189,25515,1598,55953,California
Tulare,2021-03-02,2822,84481,1271,40189,1551,44292,0,0,2643,32905,177,25692,2644,58597,California
Tulare,2021-03-03,4086,88567,2733,42922,1352,45644,1,1,2130,33088,1950,27642,2133,60730,California
Tulare,2021-03-04,2985,91552,1348,44270,1637,47281,0,1,2639,35390,337,27979,2639,63369,California
Tulare,2021-03-05,3503,95055,1758,46028,1730,49011,15,16,2983,37874,517,28496,3001,66370,California
Tulare,2021-03-06,3095,98150,1446,47474,1589,50600,60,76,2839,40519,252,28748,2897,69267,California
Tulare,2021-03-07,1141,99291,707,48181,413,51013,21,97,1099,41598,41,28789,1120,70387,California
Tulare,2021-03-08,1738,101029,1008,49189,561,51574,169,266,1405,42843,328,29117,1573,71960,California
Tulare,2021-03-09,3266,104295,2244,51433,874,52448,148,414,2853,45430,412,29529,2999,74959,California
Tulare,2021-03-10,2983,107278,1404,52837,1404,53852,175,589,2575,47782,397,29926,2749,77708,California
Tulare,2021-03-11,4241,111519,1998,54835,1939,55791,304,893,3292,50429,949,30875,3596,81304,California
Tulare,2021-03-12,4417,115936,2434,57269,1631,57422,352,1245,3125,52622,1283,32158,3476,84780,California
Tulare,2021-03-13,4156,120092,1946,59215,2105,59527,105,1350,3198,54975,950,33108,3303,88083,California
Tulare,2021-03-14,1862,121954,989,60204,653,60180,220,1570,1336,56003,525,33633,1553,89636,California
Tulare,2021-03-15,2753,124707,1632,61836,1006,61186,115,1685,1972,57317,776,34409,2090,91726,California
Tulare,2021-03-16,3440,128147,2121,63957,1242,62428,77,1762,1877,57715,1559,35968,1957,93683,California
Tulare,2021-03-17,4084,132231,2667,66624,1341,63769,76,1838,2332,58384,1746,37714,2415,96098,California
Tulare,2021-03-18,4671,136902,3410,70034,1189,64958,72,1910,2466,58731,2195,39909,2542,98640,California
Tulare,2021-03-19,5123,142025,3379,73413,1549,66507,195,2105,2734,59294,2368,42277,2931,101571,California
Tulare,2021-03-20,4493,146518,2799,76212,1322,67829,372,2477,2067,59322,2414,44691,2442,104013,California
Tulare,2021-03-21,2011,148529,1722,77934,263,68092,26,2503,1063,59468,944,45635,1090,105103,California
Tulare,2021-03-22,2582,151111,1794,79728,676,68768,112,2615,1697,60401,879,46514,1812,106915,California
Tulare,2021-03-23,3797,154908,2198,81926,1547,70315,52,2667,2085,60844,1701,48215,2144,109059,California
Tulare,2021-03-24,3202,158110,1986,83912,1175,71490,41,2708,1718,61129,1474,49689,1759,110818,California
Tulare,2021-03-25,3481,161591,1812,85724,1495,72985,174,2882,1674,61180,1799,51488,1850,112668,California
Tulare,2021-03-26,5263,166854,3135,88859,2016,75001,112,2994,2545,61137,2700,54188,2657,115325,California
Tulare,2021-03-27,3541,170395,1815,90674,1628,76629,98,3092,989,59679,2544,56732,1086,116411,California
Tulare,2021-03-28,1476,171871,1070,91744,375,77004,31,3123,673,59592,801,57533,714,117125,California
Tulare,2021-03-29,2888,174759,1673,93417,1108,78112,107,3230,1227,59272,1656,59189,1336,118461,California
Tulare,2021-03-30,4925,179684,2787,96204,1906,80018,232,3462,1498,57578,3416,62605,1722,120183,California
Tulare,2021-03-31,3974,183658,2344,98548,1516,81534,114,3576,1554,56836,2411,65016,1669,121852,California
Tulare,2021-04-01,4541,188199,2454,101002,2014,83548,73,3649,1557,55494,2973,67989,1631,123483,California
Tulare,2021-04-02,5371,193570,3060,104062,2184,85732,127,3776,1552,53372,3802,71791,1680,125163,California
Tulare,2021-04-03,3631,197201,2094,106156,1162,86894,375,4151,833,51818,2760,74551,1206,126369,California
Tulare,2021-04-04,1634,198835,1147,107303,480,87374,7,4158,357,50910,1272,75823,364,126733,California
Tulare,2021-04-05,3356,202191,2345,109648,744,88118,267,4425,851,49537,2492,78315,1119,127852,California
Tulare,2021-04-06,3440,205631,1472,111120,1471,89589,497,4922,892,48389,2539,80854,1391,129243,California
Tulare,2021-04-07,3925,209556,1838,112958,1647,91236,440,5362,1172,47250,2741,83595,1602,130845,California
Tulare,2021-04-08,4803,214359,2627,115585,1716,92952,460,5822,1537,45991,3252,86847,1993,132838,California
Tulare,2021-04-09,4846,219205,2997,118582,1412,94364,437,6259,1818,45227,3020,89867,2256,135094,California
Tulare,2021-04-10,3842,223047,2071,120653,1451,95815,320,6579,931,43572,2902,92769,1247,136341,California
Tulare,2021-04-11,1589,224636,1050,121703,465,96280,74,6653,490,43040,1096,93865,564,136905,California
Tulare,2021-04-12,3425,228061,2137,123840,692,96972,596,7249,1071,42364,2344,96209,1668,138573,California
Tulare,2021-04-13,2411,230472,1594,125434,808,97780,9,7258,900,41777,1498,97707,911,139484,California
Tulare,2021-04-14,2879,233351,1702,127136,1177,98957,0,7258,911,40725,1963,99670,911,140395,California
Tulare,2021-04-15,3317,236668,2165,129301,1152,100109,0,7258,1471,40363,1833,101503,1471,141866,California
Tulare,2021-04-16,3723,240391,2249,131550,1474,101583,0,7258,1491,39635,2219,103722,1491,143357,California
Tulare,2021-04-17,2252,242643,1325,132875,927,102510,0,7258,1195,39780,1051,104773,1196,144553,California
Tulare,2021-04-18,1576,244219,1238,134113,338,102848,0,7258,829,39863,746,105519,829,145382,California
Tulare,2021-04-19,2186,246405,1271,135384,914,103762,1,7259,898,39479,1283,106802,899,146281,California
Tulare,2021-04-20,2422,248827,1389,136773,1033,104795,0,7259,1005,39084,1400,108202,1005,147286,California
Tulare,2021-04-21,2322,251149,1440,138213,882,105677,0,7259,841,38486,1440,109642,842,148128,California
Tulare,2021-04-22,2168,253317,1232,139445,936,106613,0,7259,740,37817,1409,111051,740,148868,California
Tulare,2021-04-23,2639,255956,1629,141074,1009,107622,1,7260,1029,37250,1597,112648,1030,149898,California
Tulare,2021-04-24,1644,257600,1054,142128,588,108210,2,7262,852,37317,787,113435,854,150752,California
Tulare,2021-04-25,695,258295,522,142650,173,108383,0,7262,266,37155,428,113863,266,151018,California
Tulare,2021-04-26,1556,259851,946,143596,591,108974,19,7281,655,36933,894,114757,672,151690,California
Tulare,2021-04-27,1703,261554,708,144304,957,109931,38,7319,730,36732,968,115725,767,152457,California
Tulare,2021-04-28,1750,263304,1005,145309,703,110634,42,7361,697,36422,1048,116773,738,153195,California
Tulare,2021-04-29,2040,265344,1229,146538,773,111407,38,7399,794,36019,1233,118006,830,154025,California
Tulare,2021-04-30,2466,267810,1800,148338,616,112023,50,7449,911,35432,1547,119553,960,154985,California
Tulare,2021-05-01,1424,269234,1219,149557,193,112216,12,7461,734,35498,680,120233,746,155731,California
Tulare,2021-05-02,589,269823,500,150057,72,112288,17,7478,187,35303,398,120631,203,155934,California
Tulare,2021-05-03,1622,271445,1095,151152,402,112690,125,7603,349,34511,1266,121897,474,156408,California
Tulare,2021-05-04,1571,273016,842,151994,659,113349,70,7673,629,34275,932,122829,696,157104,California
Tulare,2021-05-05,1315,274331,654,152648,572,113921,89,7762,449,33958,855,123684,538,157642,California
Tulare,2021-05-06,1990,276321,1345,153993,596,114517,49,7811,603,33231,1379,125063,652,158294,California
Tulare,2021-05-07,1854,278175,1262,155255,524,115041,68,7879,523,32498,1323,126386,590,158884,California
Tulare,2021-05-08,1242,279417,816,156071,401,115442,25,7904,533,32355,701,127087,558,159442,California
Tulare,2021-05-09,594,280011,471,156542,102,115544,21,7925,114,32016,475,127562,136,159578,California
Tulare,2021-05-10,1024,281035,591,157133,367,115911,66,7991,307,31676,713,128275,373,159951,California
Tulare,2021-05-11,1318,282353,701,157834,538,116449,79,8070,547,31538,764,129039,626,160577,California
Tulare,2021-05-12,1602,283955,1038,158872,506,116955,58,8128,432,30872,1155,130194,489,161066,California
Tulare,2021-05-13,1581,285536,1015,159887,528,117483,38,8166,722,30777,854,131048,759,161825,California
Tulare,2021-05-14,1975,287511,1283,161170,630,118113,62,8228,894,30665,1068,132116,956,162781,California
Tulare,2021-05-15,1570,289081,886,162056,637,118750,47,8275,664,30472,898,133014,705,163486,California
Tulare,2021-05-16,699,289780,558,162614,129,118879,12,8287,325,30437,372,133386,337,163823,California
Tulare,2021-05-17,1566,291346,982,163596,510,119389,74,8361,743,30439,815,134201,817,164640,California
Tulare,2021-05-18,1583,292929,857,164453,673,120062,53,8414,783,30477,796,134997,834,165474,California
Tulare,2021-05-19,1482,294411,954,165407,494,120556,34,8448,759,30555,715,135712,793,166267,California
Tulare,2021-05-20,1581,295992,1064,166471,430,120986,87,8535,751,30567,826,136538,838,167105,California
Tulare,2021-05-21,1949,297941,1421,167892,486,121472,42,8577,1059,30786,882,137420,1101,168206,California
Tulare,2021-05-22,1608,299549,1143,169035,442,121914,23,8600,601,30412,999,138419,625,168831,California
Tulare,2021-05-23,411,299960,326,169361,75,121989,10,8610,207,30427,202,138621,217,169048,California
Tulare,2021-05-24,936,300896,578,169939,298,122287,60,8670,417,30387,517,139138,477,169525,California
Tulare,2021-05-25,1184,302080,701,170640,451,122738,32,8702,505,30251,673,139811,537,170062,California
Tulare,2021-05-26,883,302963,486,171126,355,123093,42,8744,393,30199,486,140297,434,170496,California
Tulare,2021-05-27,1271,304234,804,171930,436,123529,31,8775,585,30134,683,140980,618,171114,California
Tulare,2021-05-28,1187,305421,658,172588,480,124009,49,8824,623,30247,558,141538,671,171785,California
Tulare,2021-05-29,876,306297,647,173235,209,124218,20,8844,496,30385,378,141916,516,172301,California
Tulare,2021-05-30,285,306582,206,173441,71,124289,8,8852,163,30436,120,142036,171,172472,California
Tulare,2021-05-31,132,306714,52,173493,69,124358,11,8863,55,30426,76,142112,66,172538,California
Tulare,2021-06-01,1056,307770,626,174119,399,124757,31,8894,382,30172,666,142778,412,172950,California
Tulare,2021-06-02,796,308566,467,174586,296,125053,33,8927,355,30128,430,143208,386,173336,California
Tulare,2021-06-03,1139,309705,810,175396,273,125326,56,8983,390,29844,729,143937,445,173781,California
Tulare,2021-06-04,1164,310869,827,176223,305,125631,32,9015,358,29432,802,144739,390,174171,California
Tulare,2021-06-05,883,311752,697,176920,171,125802,15,9030,299,29164,582,145321,314,174485,California
Tulare,2021-06-06,417,312169,354,177274,45,125847,18,9048,136,29038,280,145601,154,174639,California
Tulare,2021-06-07,874,313043,687,177961,153,126000,34,9082,273,28747,598,146199,307,174946,California
Tulare,2021-06-08,1047,314090,774,178735,213,126213,60,9142,351,28466,692,146891,411,175357,California
Tulare,2021-06-09,1078,315168,755,179490,287,126500,36,9178,341,28109,732,147623,375,175732,California
Tulare,2021-06-10,1097,316265,880,180370,181,126681,36,9214,383,27815,712,148335,418,176150,California
Tulare,2021-06-11,1230,317495,882,181252,313,126994,35,9249,381,27392,839,149174,416,176566,California
Tulare,2021-06-12,954,318449,740,181992,203,127197,11,9260,335,27125,613,149787,346,176912,California
Tulare,2021-06-13,314,318763,225,182217,85,127282,4,9264,91,26998,222,150009,95,177007,California
Tulare,2021-06-14,767,319530,563,182780,178,127460,26,9290,293,26848,469,150478,319,177326,California
Tulare,2021-06-15,983,320513,665,183445,288,127748,30,9320,434,26770,542,151020,464,177790,California
Tulare,2021-06-16,855,321368,577,184022,228,127976,50,9370,374,26717,478,151498,425,178215,California
Tulare,2021-06-17,1023,322391,752,184774,241,128217,30,9400,409,26545,611,152109,439,178654,California
Tulare,2021-06-18,989,323380,696,185470,257,128474,36,9436,373,26339,614,152723,408,179062,California
Tulare,2021-06-19,850,324230,679,186149,158,128632,13,9449,390,26286,456,153179,403,179465,California
Tulare,2021-06-20,249,324479,186,186335,55,128687,8,9457,74,26195,174,153353,83,179548,California
Tulare,2021-06-21,514,324993,336,186671,147,128834,31,9488,301,26314,212,153565,331,179879,California
Tulare,2021-06-22,745,325738,510,187181,211,129045,24,9512,340,26279,399,153964,364,180243,California
Tulare,2021-06-23,728,326466,496,187677,206,129251,26,9538,394,26369,330,154294,420,180663,California
Tulare,2021-06-24,843,327309,637,188314,152,129403,54,9592,420,26423,420,154714,474,181137,California
Tulare,2021-06-25,847,328156,549,188863,278,129681,20,9612,442,26485,400,155114,462,181599,California
Tulare,2021-06-26,877,329033,680,189543,172,129853,25,9637,481,26597,394,155508,506,182105,California
Tulare,2021-06-27,245,329278,182,189725,56,129909,7,9644,115,26590,129,155637,122,182227,California
Tulare,2021-06-28,570,329848,430,190155,111,130020,29,9673,291,26633,276,155913,319,182546,California
Tulare,2021-06-29,376,330224,243,190398,110,130130,23,9696,178,26641,193,156106,201,182747,California
Tuolumne,2020-12-16,47,47,47,47,0,0,0,0,47,47,0,0,47,47,California
Tuolumne,2020-12-17,18,65,18,65,0,0,0,0,18,65,0,0,18,65,California
Tuolumne,2020-12-18,101,166,100,165,1,1,0,0,101,166,0,0,101,166,California
Tuolumne,2020-12-19,5,171,5,170,0,1,0,0,5,171,0,0,5,171,California
Tuolumne,2020-12-20,2,173,2,172,0,1,0,0,2,173,0,0,2,173,California
Tuolumne,2020-12-21,115,288,101,273,14,15,0,0,115,288,0,0,115,288,California
Tuolumne,2020-12-22,172,460,172,445,0,15,0,0,172,460,0,0,172,460,California
Tuolumne,2020-12-23,185,645,183,628,2,17,0,0,185,645,0,0,185,645,California
Tuolumne,2020-12-25,1,646,1,629,0,17,0,0,1,646,0,0,1,646,California
Tuolumne,2020-12-26,2,648,2,631,0,17,0,0,2,648,0,0,2,648,California
Tuolumne,2020-12-28,75,723,73,704,2,19,0,0,75,723,0,0,75,723,California
Tuolumne,2020-12-29,102,825,38,742,64,83,0,0,102,825,0,0,102,825,California
Tuolumne,2020-12-30,77,902,22,764,55,138,0,0,77,902,0,0,77,902,California
Tuolumne,2020-12-31,27,929,20,784,7,145,0,0,27,929,0,0,27,929,California
Tuolumne,2021-01-01,6,935,5,789,1,146,0,0,6,935,0,0,6,935,California
Tuolumne,2021-01-02,119,1054,116,905,3,149,0,0,119,1054,0,0,119,1054,California
Tuolumne,2021-01-03,2,1056,2,907,0,149,0,0,2,1056,0,0,2,1056,California
Tuolumne,2021-01-04,69,1125,26,933,43,192,0,0,69,1125,0,0,69,1125,California
Tuolumne,2021-01-05,94,1219,28,961,66,258,0,0,91,1214,3,3,92,1217,California
Tuolumne,2021-01-06,133,1352,72,1033,61,319,0,0,69,1219,64,67,69,1286,California
Tuolumne,2021-01-07,120,1472,64,1097,56,375,0,0,64,1227,56,123,64,1350,California
Tuolumne,2021-01-08,106,1578,82,1179,24,399,0,0,27,1178,78,201,29,1379,California
Tuolumne,2021-01-09,2,1580,0,1179,2,401,0,0,2,1180,0,201,2,1381,California
Tuolumne,2021-01-10,3,1583,1,1180,2,403,0,0,3,1183,0,201,3,1384,California
Tuolumne,2021-01-11,117,1700,91,1271,26,429,0,0,35,1136,82,283,35,1419,California
Tuolumne,2021-01-12,102,1802,86,1357,16,445,0,0,18,1070,84,367,18,1437,California
Tuolumne,2021-01-13,231,2033,125,1482,106,551,0,0,182,1204,49,416,183,1620,California
Tuolumne,2021-01-14,148,2181,108,1590,40,591,0,0,43,1143,104,520,43,1663,California
Tuolumne,2021-01-15,475,2656,74,1664,401,992,0,0,411,1492,63,583,412,2075,California
Tuolumne,2021-01-16,7,2663,3,1667,4,996,0,0,6,1497,1,584,6,2081,California
Tuolumne,2021-01-17,8,2671,4,1671,4,1000,0,0,8,1505,0,584,8,2089,California
Tuolumne,2021-01-18,47,2718,38,1709,9,1009,0,0,10,1479,36,620,10,2099,California
Tuolumne,2021-01-19,478,3196,72,1781,406,1415,0,0,434,1869,44,664,434,2533,California
Tuolumne,2021-01-20,76,3272,58,1839,18,1433,0,0,24,1842,51,715,24,2557,California
Tuolumne,2021-01-21,58,3330,24,1863,34,1467,0,0,42,1868,16,731,42,2599,California
Tuolumne,2021-01-22,171,3501,17,1880,154,1621,0,0,163,2023,8,739,163,2762,California
Tuolumne,2021-01-23,653,4154,131,2011,522,2143,0,0,543,2472,110,849,559,3321,California
Tuolumne,2021-01-24,525,4679,2,2013,523,2666,0,0,521,2992,4,853,524,3845,California
Tuolumne,2021-01-25,51,4730,28,2041,23,2689,0,0,25,2992,26,879,26,3871,California
Tuolumne,2021-01-26,81,4811,68,2109,13,2702,0,0,40,2992,41,920,41,3912,California
Tuolumne,2021-01-27,61,4872,4,2113,57,2759,0,0,9,2950,51,971,9,3921,California
Tuolumne,2021-01-28,27,4899,6,2119,21,2780,0,0,18,2959,9,980,18,3939,California
Tuolumne,2021-01-29,75,4974,6,2125,69,2849,0,0,36,2956,39,1019,36,3975,California
Tuolumne,2021-01-30,723,5697,561,2686,162,3011,0,0,699,3649,24,1043,717,4692,California
Tuolumne,2021-01-31,9,5706,2,2688,7,3018,0,0,6,3652,3,1046,6,4698,California
Tuolumne,2021-02-01,27,5733,7,2695,20,3038,0,0,24,3673,3,1049,24,4722,California
Tuolumne,2021-02-02,655,6388,49,2744,606,3644,0,0,641,4304,11,1060,642,5364,California
Tuolumne,2021-02-03,247,6635,112,2856,135,3779,0,0,93,4243,154,1214,93,5457,California
Tuolumne,2021-02-04,126,6761,14,2870,112,3891,0,0,64,4245,62,1276,64,5521,California
Tuolumne,2021-02-05,104,6865,14,2884,90,3981,0,0,39,4220,64,1340,39,5560,California
Tuolumne,2021-02-06,872,7737,593,3477,279,4260,0,0,862,5078,10,1350,868,6428,California
Tuolumne,2021-02-07,8,7745,4,3481,4,4264,0,0,4,5078,4,1354,4,6432,California
Tuolumne,2021-02-08,96,7841,43,3524,53,4317,0,0,71,5124,25,1379,71,6503,California
Tuolumne,2021-02-09,864,8705,51,3575,813,5130,0,0,822,5904,42,1421,822,7325,California
Tuolumne,2021-02-10,96,8801,18,3593,78,5208,0,0,33,5876,61,1482,33,7358,California
Tuolumne,2021-02-11,148,8949,68,3661,80,5288,0,0,82,5892,66,1548,82,7440,California
Tuolumne,2021-02-12,651,9600,22,3683,629,5917,0,0,211,5664,439,1987,211,7651,California
Tuolumne,2021-02-13,157,9757,44,3727,113,6030,0,0,122,5752,34,2021,122,7773,California
Tuolumne,2021-02-14,152,9909,14,3741,138,6168,0,0,151,5902,1,2022,151,7924,California
Tuolumne,2021-02-15,190,10099,11,3752,179,6347,0,0,181,6074,9,2031,181,8105,California
Tuolumne,2021-02-16,534,10633,18,3770,516,6863,0,0,125,5796,405,2436,127,8232,California
Tuolumne,2021-02-17,112,10745,64,3834,48,6911,0,0,62,5809,49,2485,62,8294,California
Tuolumne,2021-02-18,689,11434,30,3864,659,7570,0,0,637,6395,52,2537,638,8932,California
Tuolumne,2021-02-19,147,11581,25,3889,122,7692,0,0,46,6340,101,2638,46,8978,California
Tuolumne,2021-02-20,914,12495,344,4233,570,8262,0,0,386,6220,510,3148,390,9368,California
Tuolumne,2021-02-21,991,13486,44,4277,947,9209,0,0,477,6192,510,3658,482,9850,California
Tuolumne,2021-02-22,82,13568,60,4337,22,9231,0,0,47,6206,33,3691,47,9897,California
Tuolumne,2021-02-23,49,13617,25,4362,24,9255,0,0,25,6208,23,3714,25,9922,California
Tuolumne,2021-02-24,105,13722,58,4420,47,9302,0,0,41,6187,63,3777,42,9964,California
Tuolumne,2021-02-25,1058,14780,36,4456,1022,10324,0,0,1023,7176,35,3812,1024,10988,California
Tuolumne,2021-02-26,155,14935,12,4468,143,10467,0,0,125,7272,30,3842,126,11114,California
Tuolumne,2021-02-27,964,15899,584,5052,380,10847,0,0,248,6828,697,4539,253,11367,California
Tuolumne,2021-02-28,56,15955,4,5056,52,10899,0,0,52,6877,3,4542,52,11419,California
Tuolumne,2021-03-01,121,16076,22,5078,98,10997,1,1,79,6917,41,4583,81,11500,California
Tuolumne,2021-03-02,714,16790,79,5157,635,11632,0,1,109,6422,604,5187,109,11609,California
Tuolumne,2021-03-03,98,16888,22,5179,76,11708,0,1,66,6457,31,5218,66,11675,California
Tuolumne,2021-03-04,1176,18064,77,5256,1099,12807,0,1,1108,7499,66,5284,1108,12783,California
Tuolumne,2021-03-05,93,18157,10,5266,83,12890,0,1,52,7512,40,5324,53,12836,California
Tuolumne,2021-03-06,1069,19226,610,5876,457,13347,2,3,201,6860,860,6184,208,13044,California
Tuolumne,2021-03-07,42,19268,13,5889,14,13361,15,18,19,6871,23,6207,34,13078,California
Tuolumne,2021-03-08,201,19469,92,5981,102,13463,7,25,143,6962,58,6265,149,13227,California
Tuolumne,2021-03-09,875,20344,19,6000,845,14308,11,36,66,6237,802,7067,77,13304,California
Tuolumne,2021-03-10,101,20445,19,6019,71,14379,11,47,54,6255,47,7114,65,13369,California
Tuolumne,2021-03-11,1309,21754,45,6064,1258,15637,6,53,1256,7466,53,7167,1264,14633,California
Tuolumne,2021-03-12,316,22070,44,6108,257,15894,15,68,191,7552,123,7290,209,14842,California
Tuolumne,2021-03-13,120,22190,12,6120,108,16002,0,68,84,7602,35,7325,85,14927,California
Tuolumne,2021-03-14,150,22340,11,6131,130,16132,9,77,6,7478,144,7469,20,14947,California
Tuolumne,2021-03-15,305,22645,83,6214,219,16351,3,80,104,7393,200,7669,115,15062,California
Tuolumne,2021-03-16,811,23456,41,6255,759,17110,11,91,671,7937,139,7808,683,15745,California
Tuolumne,2021-03-17,157,23613,34,6289,110,17220,13,104,80,7953,76,7884,92,15837,California
Tuolumne,2021-03-18,953,24566,28,6317,912,18132,13,117,317,7652,631,8515,330,16167,California
Tuolumne,2021-03-19,138,24704,20,6337,89,18221,29,146,76,7696,61,8576,105,16272,California
Tuolumne,2021-03-20,93,24797,8,6345,75,18296,10,156,38,7689,54,8630,47,16319,California
Tuolumne,2021-03-21,842,25639,395,6740,437,18733,10,166,38,6950,789,9419,50,16369,California
Tuolumne,2021-03-22,165,25804,75,6815,71,18804,19,185,96,6998,68,9487,116,16485,California
Tuolumne,2021-03-23,716,26520,639,7454,63,18867,14,199,677,7650,38,9525,690,17175,California
Tuolumne,2021-03-24,112,26632,22,7476,72,18939,18,217,78,7713,33,9558,96,17271,California
Tuolumne,2021-03-25,1303,27935,24,7500,1276,20215,3,220,326,7068,974,10532,329,17600,California
Tuolumne,2021-03-26,281,28216,19,7519,238,20453,24,244,119,7062,150,10682,144,17744,California
Tuolumne,2021-03-27,590,28806,55,7574,535,20988,0,244,318,7116,267,10949,321,18065,California
Tuolumne,2021-03-28,48,28854,7,7581,41,21029,0,244,8,7086,39,10988,9,18074,California
Tuolumne,2021-03-29,211,29065,87,7668,124,21153,0,244,111,7100,97,11085,111,18185,California
Tuolumne,2021-03-30,170,29235,13,7681,156,21309,1,245,124,7180,45,11130,125,18310,California
Tuolumne,2021-03-31,98,29333,14,7695,82,21391,2,247,40,7166,56,11186,42,18352,California
Tuolumne,2021-04-01,1254,30587,31,7726,1223,22614,0,247,229,6373,1022,12208,229,18581,California
Tuolumne,2021-04-02,171,30758,12,7738,133,22747,26,273,93,6417,75,12283,119,18700,California
Tuolumne,2021-04-03,437,31195,36,7774,399,23146,2,275,245,6474,189,12472,246,18946,California
Tuolumne,2021-04-04,34,31229,4,7778,30,23176,0,275,21,6484,11,12483,21,18967,California
Tuolumne,2021-04-05,131,31360,19,7797,105,23281,7,282,58,6476,73,12556,65,19032,California
Tuolumne,2021-04-06,655,32015,518,8315,110,23391,27,309,518,6886,136,12692,546,19578,California
Tuolumne,2021-04-07,130,32145,38,8353,75,23466,17,326,50,6873,80,12772,67,19645,California
Tuolumne,2021-04-08,1453,33598,35,8388,1403,24869,15,341,250,5940,1198,13970,265,19910,California
Tuolumne,2021-04-09,279,33877,44,8432,190,25059,45,386,133,5975,146,14116,181,20091,California
Tuolumne,2021-04-10,56,33933,2,8434,34,25093,20,406,23,5986,32,14148,43,20134,California
Tuolumne,2021-04-11,18,33951,3,8437,12,25105,3,409,12,5995,6,14154,15,20149,California
Tuolumne,2021-04-12,172,34123,66,8503,101,25206,5,414,89,6011,78,14232,94,20243,California
Tuolumne,2021-04-13,789,34912,35,8538,754,25960,0,414,171,5572,610,14842,171,20414,California
Tuolumne,2021-04-14,159,35071,32,8570,127,26087,0,414,79,5576,76,14918,80,20494,California
Tuolumne,2021-04-15,346,35417,22,8592,324,26411,0,414,61,5359,278,15196,61,20555,California
Tuolumne,2021-04-16,260,35677,55,8647,205,26616,0,414,142,5394,108,15304,143,20698,California
Tuolumne,2021-04-17,44,35721,6,8653,38,26654,0,414,28,5406,16,15320,28,20726,California
Tuolumne,2021-04-18,11,35732,3,8656,8,26662,0,414,6,5408,5,15325,7,20733,California
Tuolumne,2021-04-19,177,35909,79,8735,98,26760,0,414,98,5429,77,15402,98,20831,California
Tuolumne,2021-04-20,714,36623,617,9352,97,26857,0,414,75,4873,631,16033,75,20906,California
Tuolumne,2021-04-21,122,36745,27,9379,95,26952,0,414,64,4885,52,16085,64,20970,California
Tuolumne,2021-04-22,711,37456,46,9425,665,27617,0,414,429,5043,272,16357,430,21400,California
Tuolumne,2021-04-23,181,37637,32,9457,149,27766,0,414,82,5033,93,16450,83,21483,California
Tuolumne,2021-04-24,79,37716,18,9475,61,27827,0,414,50,5054,29,16479,50,21533,California
Tuolumne,2021-04-25,26,37742,10,9485,16,27843,0,414,23,5074,3,16482,23,21556,California
Tuolumne,2021-04-26,158,37900,56,9541,102,27945,0,414,74,5066,83,16565,75,21631,California
Tuolumne,2021-04-27,145,38045,23,9564,115,28060,7,421,66,5063,76,16641,73,21704,California
Tuolumne,2021-04-28,119,38164,24,9588,84,28144,11,432,63,5082,55,16696,74,21778,California
Tuolumne,2021-04-29,284,38448,21,9609,255,28399,8,440,57,4924,223,16919,65,21843,California
Tuolumne,2021-04-30,373,38821,26,9635,335,28734,12,452,73,4713,296,17215,85,21928,California
Tuolumne,2021-05-01,25,38846,7,9642,13,28747,5,457,16,4725,9,17224,21,21949,California
Tuolumne,2021-05-02,26,38872,3,9645,21,28768,2,459,19,4739,7,17231,21,21970,California
Tuolumne,2021-05-03,112,38984,15,9660,92,28860,5,464,38,4710,72,17303,43,22013,California
Tuolumne,2021-05-04,709,39693,601,10261,103,28963,5,469,214,4435,493,17796,218,22231,California
Tuolumne,2021-05-05,110,39803,26,10287,78,29041,6,475,58,4450,49,17845,64,22295,California
Tuolumne,2021-05-06,292,40095,15,10302,261,29302,16,491,43,4264,244,18089,58,22353,California
Tuolumne,2021-05-07,329,40424,25,10327,296,29598,8,499,63,4070,265,18354,71,22424,California
Tuolumne,2021-05-08,51,40475,7,10334,40,29638,4,503,33,4089,18,18372,37,22461,California
Tuolumne,2021-05-09,17,40492,2,10336,13,29651,2,505,3,4080,14,18386,5,22466,California
Tuolumne,2021-05-10,114,40606,45,10381,64,29715,5,510,32,4036,81,18467,37,22503,California
Tuolumne,2021-05-11,203,40809,61,10442,130,29845,12,522,54,3955,147,18614,66,22569,California
Tuolumne,2021-05-12,133,40942,22,10464,107,29952,4,526,51,3928,82,18696,55,22624,California
Tuolumne,2021-05-13,117,41059,19,10483,90,30042,8,534,73,3964,44,18740,80,22704,California
Tuolumne,2021-05-14,206,41265,76,10559,119,30161,11,545,106,3983,98,18838,117,22821,California
Tuolumne,2021-05-15,58,41323,15,10574,36,30197,7,552,19,3971,39,18877,27,22848,California
Tuolumne,2021-05-16,28,41351,9,10583,17,30214,2,554,14,3973,14,18891,16,22864,California
Tuolumne,2021-05-17,110,41461,30,10613,77,30291,3,557,47,3961,63,18954,51,22915,California
Tuolumne,2021-05-18,181,41642,57,10670,77,30368,47,604,60,3948,120,19074,107,23022,California
Tuolumne,2021-05-19,118,41760,20,10690,65,30433,33,637,46,3956,71,19145,79,23101,California
Tuolumne,2021-05-20,411,42171,21,10711,383,30816,7,644,52,3658,357,19502,59,23160,California
Tuolumne,2021-05-21,201,42372,95,10806,101,30917,5,649,120,3704,79,19581,125,23285,California
Tuolumne,2021-05-22,58,42430,18,10824,34,30951,6,655,25,3702,32,19613,30,23315,California
Tuolumne,2021-05-23,27,42457,7,10831,19,30970,1,656,10,3696,17,19630,11,23326,California
Tuolumne,2021-05-24,138,42595,43,10874,89,31059,6,662,53,3671,84,19714,59,23385,California
Tuolumne,2021-05-25,297,42892,222,11096,69,31128,6,668,111,3603,185,19899,117,23502,California
Tuolumne,2021-05-26,88,42980,24,11120,63,31191,1,669,38,3592,50,19949,39,23541,California
Tuolumne,2021-05-27,76,43056,15,11135,59,31250,2,671,31,3581,44,19993,33,23574,California
Tuolumne,2021-05-28,111,43167,51,11186,59,31309,1,672,64,3602,44,20037,65,23639,California
Tuolumne,2021-05-29,38,43205,7,11193,25,31334,6,678,17,3604,21,20058,23,23662,California
Tuolumne,2021-05-30,18,43223,1,11194,14,31348,3,681,4,3597,14,20072,7,23669,California
Tuolumne,2021-05-31,10,43233,2,11196,7,31355,1,682,2,3592,8,20080,3,23672,California
Tuolumne,2021-06-01,79,43312,22,11218,53,31408,4,686,25,3568,53,20133,29,23701,California
Tuolumne,2021-06-02,73,43385,8,11226,57,31465,8,694,23,3549,50,20183,31,23732,California
Tuolumne,2021-06-03,77,43462,25,11251,37,31502,15,709,23,3535,52,20235,38,23770,California
Tuolumne,2021-06-04,131,43593,62,11313,66,31568,3,712,38,3485,91,20326,41,23811,California
Tuolumne,2021-06-05,42,43635,11,11324,29,31597,2,714,16,3477,26,20352,18,23829,California
Tuolumne,2021-06-06,19,43654,5,11329,7,31604,7,721,4,3473,15,20367,11,23840,California
Tuolumne,2021-06-07,59,43713,14,11343,37,31641,8,729,26,3474,33,20400,34,23874,California
Tuolumne,2021-06-08,74,43787,22,11365,51,31692,1,730,27,3457,45,20445,28,23902,California
Tuolumne,2021-06-09,87,43874,45,11410,32,31724,10,740,40,3461,46,20491,50,23952,California
Tuolumne,2021-06-10,98,43972,15,11425,76,31800,7,747,27,3424,71,20562,34,23986,California
Tuolumne,2021-06-11,102,44074,48,11473,51,31851,3,750,25,3376,76,20638,28,24014,California
Tuolumne,2021-06-12,62,44136,20,11493,26,31877,16,766,18,3368,42,20680,34,24048,California
Tuolumne,2021-06-13,17,44153,2,11495,10,31887,5,771,3,3362,14,20694,8,24056,California
Tuolumne,2021-06-14,101,44254,34,11529,63,31950,4,775,53,3371,48,20742,57,24113,California
Tuolumne,2021-06-15,130,44384,82,11611,39,31989,9,784,21,3294,107,20849,30,24143,California
Tuolumne,2021-06-16,96,44480,47,11658,46,32035,3,787,54,3310,41,20890,57,24200,California
Tuolumne,2021-06-17,45,44525,10,11668,34,32069,1,788,17,3300,28,20918,18,24218,California
Tuolumne,2021-06-18,170,44695,95,11763,61,32130,14,802,60,3264,109,21027,73,24291,California
Tuolumne,2021-06-19,26,44721,9,11772,14,32144,3,805,10,3261,16,21043,13,24304,California
Tuolumne,2021-06-20,13,44734,2,11774,11,32155,0,805,10,3268,3,21046,10,24314,California
Tuolumne,2021-06-21,40,44774,4,11778,35,32190,1,806,20,3269,20,21066,21,24335,California
Tuolumne,2021-06-22,44,44818,10,11788,34,32224,0,806,21,3268,22,21088,21,24356,California
Tuolumne,2021-06-23,71,44889,8,11796,43,32267,20,826,35,3287,36,21124,55,24411,California
Tuolumne,2021-06-24,54,44943,16,11812,29,32296,9,835,22,3288,32,21156,33,24444,California
Tuolumne,2021-06-25,55,44998,30,11842,20,32316,5,840,31,3299,24,21180,35,24479,California
Tuolumne,2021-06-26,16,45014,5,11847,11,32327,0,840,11,3305,5,21185,11,24490,California
Tuolumne,2021-06-27,10,45024,3,11850,7,32334,0,840,10,3315,0,21185,10,24500,California
Tuolumne,2021-06-28,34,45058,11,11861,18,32352,5,845,24,3334,10,21195,29,24529,California
Tuolumne,2021-06-29,23,45081,9,11870,12,32364,2,847,14,3341,9,21204,16,24545,California
Ventura,2020-12-15,5,5,5,5,0,0,0,0,5,5,0,0,5,5,California
Ventura,2020-12-16,75,80,75,80,0,0,0,0,75,80,0,0,75,80,California
Ventura,2020-12-17,314,394,314,394,0,0,0,0,314,394,0,0,314,394,California
Ventura,2020-12-18,1599,1993,1599,1993,0,0,0,0,1599,1993,0,0,1599,1993,California
Ventura,2020-12-19,986,2979,985,2978,1,1,0,0,986,2979,0,0,986,2979,California
Ventura,2020-12-20,459,3438,459,3437,0,1,0,0,459,3438,0,0,459,3438,California
Ventura,2020-12-21,1517,4955,1517,4954,0,1,0,0,1517,4955,0,0,1517,4955,California
Ventura,2020-12-22,1159,6114,1153,6107,6,7,0,0,1159,6114,0,0,1159,6114,California
Ventura,2020-12-23,1087,7201,1037,7144,50,57,0,0,1087,7201,0,0,1087,7201,California
Ventura,2020-12-24,479,7680,379,7523,100,157,0,0,479,7680,0,0,479,7680,California
Ventura,2020-12-25,12,7692,7,7530,5,162,0,0,12,7692,0,0,12,7692,California
Ventura,2020-12-26,112,7804,91,7621,21,183,0,0,112,7804,0,0,112,7804,California
Ventura,2020-12-27,59,7863,27,7648,32,215,0,0,59,7863,0,0,59,7863,California
Ventura,2020-12-28,1093,8956,950,8598,143,358,0,0,1093,8956,0,0,1093,8956,California
Ventura,2020-12-29,1185,10141,775,9373,410,768,0,0,1184,10140,0,0,1184,10140,California
Ventura,2020-12-30,1999,12140,1531,10904,468,1236,0,0,1999,12139,0,0,1999,12139,California
Ventura,2020-12-31,487,12627,165,11069,322,1558,0,0,482,12616,5,5,482,12621,California
Ventura,2021-01-01,39,12666,16,11085,23,1581,0,0,39,12655,0,5,39,12660,California
Ventura,2021-01-02,177,12843,81,11166,96,1677,0,0,177,12832,0,5,177,12837,California
Ventura,2021-01-03,19,12862,8,11174,11,1688,0,0,19,12851,0,5,19,12856,California
Ventura,2021-01-04,1031,13893,493,11667,538,2226,0,0,1029,13880,0,5,1029,13885,California
Ventura,2021-01-05,1380,15273,783,12450,597,2823,0,0,1268,15039,109,114,1268,15153,California
Ventura,2021-01-06,2072,17345,1188,13638,884,3707,0,0,1571,16120,492,606,1573,16726,California
Ventura,2021-01-07,2083,19428,1332,14970,751,4458,0,0,1039,16121,1039,1645,1040,17766,California
Ventura,2021-01-08,2202,21630,1476,16446,726,5184,0,0,907,15737,1293,2938,909,18675,California
Ventura,2021-01-09,724,22354,503,16949,221,5405,0,0,318,15649,406,3344,318,18993,California
Ventura,2021-01-10,344,22698,327,17276,17,5422,0,0,129,15563,215,3559,129,19122,California
Ventura,2021-01-11,2460,25158,1493,18769,967,6389,0,0,1507,16121,953,4512,1511,20633,California
Ventura,2021-01-12,3055,28213,1617,20386,1438,7827,0,0,1935,16936,1120,5632,1935,22568,California
Ventura,2021-01-13,2946,31159,1435,21821,1511,9338,0,0,2036,18066,907,6539,2037,24605,California
Ventura,2021-01-14,2791,33950,1106,22927,1685,11023,0,0,2328,19933,462,7001,2329,26934,California
Ventura,2021-01-15,2896,36846,968,23895,1928,12951,0,0,2682,22402,214,7215,2683,29617,California
Ventura,2021-01-16,490,37336,188,24083,302,13253,0,0,410,22732,80,7295,410,30027,California
Ventura,2021-01-17,267,37603,139,24222,128,13381,0,0,260,22986,6,7301,260,30287,California
Ventura,2021-01-18,2220,39823,1666,25888,554,13935,0,0,1669,24106,550,7851,1670,31957,California
Ventura,2021-01-19,3062,42885,2131,28019,931,14866,0,0,2152,25351,910,8761,2155,34112,California
Ventura,2021-01-20,4181,47066,3215,31234,966,15832,0,0,3085,27344,1093,9854,3086,37198,California
Ventura,2021-01-21,3889,50955,2708,33942,1181,17013,0,0,3206,29877,675,10529,3208,40406,California
Ventura,2021-01-22,3646,54601,2509,36451,1137,18150,0,0,3479,33189,167,10696,3479,43885,California
Ventura,2021-01-23,1192,55793,651,37102,541,18691,0,0,1091,34182,100,10796,1093,44978,California
Ventura,2021-01-24,456,56249,135,37237,321,19012,0,0,443,34612,13,10809,443,45421,California
Ventura,2021-01-25,3173,59422,2037,39274,1136,20148,0,0,2612,36665,560,11369,2613,48034,California
Ventura,2021-01-26,3736,63158,2212,41486,1524,21672,0,0,2725,38384,1007,12376,2726,50760,California
Ventura,2021-01-27,3508,66666,1570,43056,1938,23610,0,0,2753,40388,751,13127,2755,53515,California
Ventura,2021-01-28,3909,70575,2005,45061,1904,25514,0,0,3281,43060,612,13739,3284,56799,California
Ventura,2021-01-29,4307,74882,2541,47602,1766,27280,0,0,3793,46355,498,14237,3793,60592,California
Ventura,2021-01-30,3049,77931,1961,49563,1088,28368,0,0,2872,49057,171,14408,2873,63465,California
Ventura,2021-01-31,837,78768,445,50008,392,28760,0,0,747,49715,89,14497,747,64212,California
Ventura,2021-02-01,3995,82763,2122,52130,1873,30633,0,0,3208,52146,779,15276,3210,67422,California
Ventura,2021-02-02,4452,87215,2385,54515,2067,32700,0,0,3419,54541,1027,16303,3422,70844,California
Ventura,2021-02-03,4486,91701,2094,56609,2392,35092,0,0,3455,56972,1026,17329,3457,74301,California
Ventura,2021-02-04,4828,96529,2310,58919,2518,37610,0,0,3543,59242,1277,18606,3547,77848,California
Ventura,2021-02-05,4919,101448,2387,61306,2532,40142,0,0,3373,61086,1532,20138,3376,81224,California
Ventura,2021-02-06,2864,104312,1523,62829,1341,41483,0,0,2457,63137,406,20544,2457,83681,California
Ventura,2021-02-07,745,105057,245,63074,500,41983,0,0,620,63633,125,20669,621,84302,California
Ventura,2021-02-08,3528,108585,1633,64707,1895,43878,0,0,2438,64988,1084,21753,2439,86741,California
Ventura,2021-02-09,4759,113344,1980,66687,2779,46657,0,0,2487,65210,2269,24022,2491,89232,California
Ventura,2021-02-10,4777,118121,2259,68946,2518,49175,0,0,2399,65247,2363,26385,2400,91632,California
Ventura,2021-02-11,4729,122850,1884,70830,2845,52020,0,0,2479,65487,2242,28627,2482,94114,California
Ventura,2021-02-12,6396,129246,2695,73525,3701,55721,0,0,3265,65628,3124,31751,3265,97379,California
Ventura,2021-02-13,3334,132580,1847,75372,1487,57208,0,0,1860,66020,1470,33221,1862,99241,California
Ventura,2021-02-14,1234,133814,126,75498,1108,58316,0,0,1014,66817,219,33440,1016,100257,California
Ventura,2021-02-15,4041,137855,1830,77328,2211,60527,0,0,2132,67045,1906,35346,2134,102391,California
Ventura,2021-02-16,5608,143463,2744,80072,2864,63391,0,0,3036,67520,2562,37908,3037,105428,California
Ventura,2021-02-17,5362,148825,1943,82015,3419,66810,0,0,3361,68890,1991,39899,3361,108789,California
Ventura,2021-02-18,5834,154659,1848,83863,3986,70796,0,0,3657,70388,2159,42058,3657,112446,California
Ventura,2021-02-19,6578,161237,3829,87692,2749,73545,0,0,3029,69905,3519,45577,3036,115482,California
Ventura,2021-02-20,5020,166257,3230,90922,1790,75335,0,0,2784,70491,2204,47781,2790,118272,California
Ventura,2021-02-21,1140,167397,835,91757,305,75640,0,0,471,70300,662,48443,471,118743,California
Ventura,2021-02-22,5544,172941,2466,94223,3078,78718,0,0,3544,71866,1982,50425,3548,122291,California
Ventura,2021-02-23,6047,178988,3004,97227,3043,81761,0,0,3453,72751,2572,52997,3457,125748,California
Ventura,2021-02-24,7101,186089,2623,99850,4478,86239,0,0,4260,74190,2823,55820,4262,130010,California
Ventura,2021-02-25,7627,193716,2580,102430,5047,91286,0,0,4587,75756,3026,58846,4592,134602,California
Ventura,2021-02-26,9480,203196,2783,105213,6697,97983,0,0,6172,78651,3281,62127,6176,140778,California
Ventura,2021-02-27,10627,213823,5300,110513,5327,103310,0,0,7971,83995,2637,64764,7981,148759,California
Ventura,2021-02-28,2581,216404,1647,112160,933,104243,1,1,2100,85623,473,65237,2101,150860,California
Ventura,2021-03-01,7177,223581,2858,115018,4316,108559,3,4,4762,88007,2394,67631,4778,155638,California
Ventura,2021-03-02,7745,231326,4050,119068,3693,112252,2,6,5424,91123,2309,69940,5425,161063,California
Ventura,2021-03-03,8718,240044,3934,123002,4781,117033,3,9,6135,94704,2561,72501,6142,167205,California
Ventura,2021-03-04,8320,248364,3885,126887,4435,121468,0,9,5604,97614,2699,75200,5609,172814,California
Ventura,2021-03-05,10110,258474,4819,131706,5280,126748,11,20,7189,101923,2904,78104,7213,180027,California
Ventura,2021-03-06,7804,266278,4404,136110,3246,129994,154,174,5814,105913,1982,80086,5972,185999,California
Ventura,2021-03-07,1669,267947,620,136730,948,130942,101,275,1249,106845,420,80506,1352,187351,California
Ventura,2021-03-08,6864,274811,3446,140176,3262,134204,156,431,4745,109641,2109,82615,4905,192256,California
Ventura,2021-03-09,6896,281707,3034,143210,3662,137866,200,631,3993,110952,2888,85503,4199,196455,California
Ventura,2021-03-10,7056,288763,3023,146233,3791,141657,242,873,4701,113555,2340,87843,4943,201398,California
Ventura,2021-03-11,6592,295355,2910,149143,3363,145020,319,1192,3588,114477,2984,90827,3906,205304,California
Ventura,2021-03-12,8763,304118,3061,152204,4858,149878,844,2036,4276,115131,4462,95289,5116,210420,California
Ventura,2021-03-13,7320,311438,2514,154718,3960,153838,846,2882,4347,117368,2954,98243,5191,215611,California
Ventura,2021-03-14,2146,313584,488,155206,1162,155000,496,3378,725,117172,1418,99661,1222,216833,California
Ventura,2021-03-15,7132,320716,2057,157263,3726,158726,1349,4727,3154,117722,3948,103609,4498,221331,California
Ventura,2021-03-16,8196,328912,2472,159735,4609,163335,1115,5842,4231,119120,3947,107556,5345,226676,California
Ventura,2021-03-17,7748,336660,2809,162544,4590,167925,349,6191,4715,121175,3010,110566,5065,231741,California
Ventura,2021-03-18,7611,344271,3309,165853,4149,172074,153,6344,5004,123740,2592,113158,5157,236898,California
Ventura,2021-03-19,8706,352977,3833,169686,4760,176834,113,6457,5286,125756,3381,116539,5397,242295,California
Ventura,2021-03-20,8918,361895,5956,175642,2938,179772,24,6481,4636,126165,4253,120792,4662,246957,California
Ventura,2021-03-21,2812,364707,1531,177173,909,180681,372,6853,1316,126367,1482,122274,1684,248641,California
Ventura,2021-03-22,7467,372174,3736,180909,3628,184309,103,6956,4919,128868,2523,124797,5024,253665,California
Ventura,2021-03-23,8301,380475,3960,184869,4267,188576,74,7030,4653,129983,3610,128407,4725,258390,California
Ventura,2021-03-24,8976,389451,3441,188310,5457,194033,78,7108,4481,130089,4457,132864,4563,262953,California
Ventura,2021-03-25,8882,398333,3934,192244,4844,198877,104,7212,4501,130334,4359,137223,4604,267557,California
Ventura,2021-03-26,9996,408329,3386,195630,5956,204833,654,7866,4026,129078,5933,143156,4677,272234,California
Ventura,2021-03-27,8802,417131,3951,199581,4808,209641,43,7909,2437,125234,6325,149481,2481,274715,California
Ventura,2021-03-28,2553,419684,1433,201014,1111,210752,9,7918,1380,125456,1167,150648,1389,276104,California
Ventura,2021-03-29,8667,428351,4331,205345,4290,215042,46,7964,4285,125438,4349,154997,4331,280435,California
Ventura,2021-03-30,9040,437391,4482,209827,4427,219469,131,8095,4404,125354,4619,159616,4535,284970,California
Ventura,2021-03-31,10878,448269,4883,214710,5366,224835,629,8724,4699,124531,6148,165764,5325,290295,California
Ventura,2021-04-01,10952,459221,5313,220023,4749,229584,890,9614,5530,125570,5376,171140,6415,296710,California
Ventura,2021-04-02,11878,471099,4669,224692,5862,235446,1347,10961,5700,126475,6143,177283,7048,303758,California
Ventura,2021-04-03,8165,479264,4042,228734,2945,238391,1178,12139,3446,126386,4706,181989,4617,308375,California
Ventura,2021-04-04,1721,480985,963,229697,623,239014,135,12274,1148,127103,566,182555,1283,309658,California
Ventura,2021-04-05,9480,490465,4883,234580,3476,242490,1121,13395,4839,128434,4626,187181,5957,315615,California
Ventura,2021-04-06,11027,501492,5586,240166,3942,246432,1499,14894,5665,130265,5332,192513,7163,322778,California
Ventura,2021-04-07,11533,513025,5424,245590,4594,251026,1515,16409,5272,130807,6239,198752,6781,329559,California
Ventura,2021-04-08,10510,523535,5304,250894,4218,255244,988,17397,5246,131792,5237,203989,6222,335781,California
Ventura,2021-04-09,11403,534938,4403,255297,5269,260513,1731,19128,4995,132126,6383,210372,6717,342498,California
Ventura,2021-04-10,9889,544827,4178,259475,3538,264051,2173,21301,3067,130558,6803,217175,5235,347733,California
Ventura,2021-04-11,2455,547282,863,260338,1015,265066,577,21878,688,130065,1756,218931,1263,348996,California
Ventura,2021-04-12,9128,556410,4539,264877,3754,268820,835,22713,3823,129432,5285,224216,4652,353648,California
Ventura,2021-04-13,8976,565386,4577,269454,4393,273213,6,22719,3798,128097,5139,229355,3804,357452,California
Ventura,2021-04-14,8908,574294,4151,273605,4742,277955,15,22734,3413,126078,5453,234808,3434,360886,California
Ventura,2021-04-15,9538,583832,4612,278217,4899,282854,27,22761,4109,124827,5388,240196,4137,365023,California
Ventura,2021-04-16,10365,594197,4581,282798,5782,288636,2,22763,4882,124260,5456,245652,4889,369912,California
Ventura,2021-04-17,9067,603264,5414,288212,3639,292275,14,22777,5286,125797,3763,249415,5300,375212,California
Ventura,2021-04-18,2245,605509,1107,289319,1138,293413,0,22777,971,125504,1265,250680,972,376184,California
Ventura,2021-04-19,8178,613687,4881,294200,3294,296707,3,22780,4702,126760,3450,254130,4706,380890,California
Ventura,2021-04-20,9594,623281,5106,299306,4483,301190,5,22785,4526,126250,5041,259171,4531,385421,California
Ventura,2021-04-21,9242,632523,4817,304123,4420,305610,5,22790,4425,125883,4797,263968,4430,389851,California
Ventura,2021-04-22,10210,642733,5586,309709,4623,310233,1,22791,4539,124777,5648,269616,4542,394393,California
Ventura,2021-04-23,11051,653784,5515,315224,5535,315768,1,22792,5497,124752,5524,275140,5499,399892,California
Ventura,2021-04-24,10578,664362,5914,321138,4664,320432,0,22792,6211,126615,4349,279489,6212,406104,California
Ventura,2021-04-25,2492,666854,1720,322858,772,321204,0,22792,1160,126447,1328,280817,1160,407264,California
Ventura,2021-04-26,8028,674882,4614,327472,3347,324551,67,22859,3338,125186,4661,285478,3400,410664,California
Ventura,2021-04-27,9221,684103,5149,332621,3844,328395,228,23087,3472,123157,5728,291206,3699,414363,California
Ventura,2021-04-28,8444,692547,4898,337519,3225,331620,321,23408,3313,121690,5102,296308,3635,417998,California
Ventura,2021-04-29,7962,700509,4296,341815,3402,335022,264,23672,2832,119684,5101,301409,3095,421093,California
Ventura,2021-04-30,9543,710052,5517,347332,3751,338773,275,23947,3935,118312,5572,306981,4200,425293,California
Ventura,2021-05-01,5157,715209,3646,350978,1404,340177,107,24054,2044,117375,3084,310065,2147,427440,California
Ventura,2021-05-02,2137,717346,1431,352409,615,340792,91,24145,1034,117404,1097,311162,1126,428566,California
Ventura,2021-05-03,6333,723679,3890,356299,2154,342946,289,24434,1981,115343,4331,315493,2270,430836,California
Ventura,2021-05-04,6460,730139,3380,359679,2782,345728,298,24732,2329,113855,4116,319609,2628,433464,California
Ventura,2021-05-05,5481,735620,3071,362750,2149,347877,261,24993,1957,112574,3493,323102,2212,435676,California
Ventura,2021-05-06,6245,741865,3223,365973,2753,350630,269,25262,1996,110612,4228,327330,2266,437942,California
Ventura,2021-05-07,6925,748790,3472,369445,3177,353807,276,25538,2359,108709,4537,331867,2634,440576,California
Ventura,2021-05-08,5417,754207,4214,373659,1045,354852,158,25696,1220,105902,4183,336050,1376,441952,California
Ventura,2021-05-09,1129,755336,822,374481,261,355113,46,25742,428,105682,693,336743,473,442425,California
Ventura,2021-05-10,6164,761500,4110,378591,1844,356957,210,25952,1391,102523,4759,341502,1600,444025,California
Ventura,2021-05-11,5357,766857,3305,381896,1828,358785,224,26176,1503,100407,3842,345344,1726,445751,California
Ventura,2021-05-12,5070,771927,2991,384887,1859,360644,220,26396,1534,98641,3520,348864,1754,447505,California
Ventura,2021-05-13,6367,778294,3856,388743,2304,362948,207,26603,2271,97044,4078,352942,2481,449986,California
Ventura,2021-05-14,7517,785811,4661,393404,2637,365585,219,26822,2837,95434,4661,357603,3051,453037,California
Ventura,2021-05-15,6760,792571,5397,398801,1275,366860,88,26910,2811,94411,3922,361525,2899,455936,California
Ventura,2021-05-16,2202,794773,1710,400511,440,367300,52,26962,1039,94344,1158,362683,1091,457027,California
Ventura,2021-05-17,5902,800675,3566,404077,2122,369422,214,27176,2411,93495,3473,366156,2624,459651,California
Ventura,2021-05-18,5424,806099,3169,407246,2075,371497,180,27356,2134,92537,3271,369427,2313,461964,California
Ventura,2021-05-19,5843,811942,3528,410774,2104,373601,211,27567,2365,91660,3449,372876,2572,464536,California
Ventura,2021-05-20,5495,817437,3050,413824,2286,375887,159,27726,2131,90612,3334,376210,2286,466822,California
Ventura,2021-05-21,7946,825383,4478,418302,3292,379179,176,27902,2565,88006,5348,381558,2742,469564,California
Ventura,2021-05-22,5654,831037,2894,421196,2685,381864,75,27977,1766,85969,3878,385436,1841,471405,California
Ventura,2021-05-23,1990,833027,1526,422722,392,382256,72,28049,740,85541,1240,386676,812,472217,California
Ventura,2021-05-24,4550,837577,2472,425194,1910,384166,168,28217,1454,84083,3077,389753,1619,473836,California
Ventura,2021-05-25,4300,841877,2232,427426,1916,386082,152,28369,1419,82791,2862,392615,1570,475406,California
Ventura,2021-05-26,4288,846165,2283,429709,1840,387922,165,28534,1650,81990,2616,395231,1815,477221,California
Ventura,2021-05-27,3874,850039,1913,431622,1833,389755,128,28662,1381,81019,2479,397710,1508,478729,California
Ventura,2021-05-28,4571,854610,2481,434103,1896,391651,194,28856,1982,80619,2570,400280,2170,480899,California
Ventura,2021-05-29,2158,856768,1351,435454,740,392391,67,28923,1051,80642,1095,401375,1118,482017,California
Ventura,2021-05-30,911,857679,583,436037,275,392666,53,28976,357,80501,551,401926,410,482427,California
Ventura,2021-05-31,258,857937,138,436175,111,392777,9,28985,61,80374,197,402123,70,482497,California
Ventura,2021-06-01,4011,861948,2279,438454,1566,394343,166,29151,1286,79125,2701,404824,1452,483949,California
Ventura,2021-06-02,2968,864916,1633,440087,1199,395542,136,29287,1006,78322,1945,406769,1142,485091,California
Ventura,2021-06-03,3243,868159,2007,442094,1081,396623,155,29442,884,77013,2347,409116,1038,486129,California
Ventura,2021-06-04,4595,872754,3024,445118,1410,398033,161,29603,1419,75430,3162,412278,1579,487708,California
Ventura,2021-06-05,3822,876576,3192,448310,567,398600,63,29666,1154,73993,2655,414933,1218,488926,California
Ventura,2021-06-06,1252,877828,1072,449382,135,398735,45,29711,282,73360,959,415892,326,489252,California
Ventura,2021-06-07,3173,881001,2359,451741,703,399438,111,29822,947,72206,2211,418103,1057,490309,California
Ventura,2021-06-08,3028,884029,1997,453738,898,400336,133,29955,882,71091,2130,420233,1015,491324,California
Ventura,2021-06-09,2945,886974,2052,455790,787,401123,106,30061,762,69788,2170,422403,867,492191,California
Ventura,2021-06-10,3032,890006,2120,457910,810,401933,102,30163,809,68487,2210,424613,909,493100,California
Ventura,2021-06-11,3471,893477,2385,460295,948,402881,138,30301,975,67113,2485,427098,1111,494211,California
Ventura,2021-06-12,2166,895643,1699,461994,421,403302,46,30347,518,66038,1639,428737,564,494775,California
Ventura,2021-06-13,1019,896662,781,462775,174,403476,64,30411,237,65560,781,429518,303,495078,California
Ventura,2021-06-14,2647,899309,1809,464584,709,404185,129,30540,815,64683,1820,431338,943,496021,California
Ventura,2021-06-15,2440,901749,1573,466157,756,404941,111,30651,849,64063,1578,432916,958,496979,California
Ventura,2021-06-16,2486,904235,1824,467981,556,405497,106,30757,826,63353,1641,434557,931,497910,California
Ventura,2021-06-17,2224,906459,1558,469539,566,406063,100,30857,820,62878,1395,435952,920,498830,California
Ventura,2021-06-18,2966,909425,2091,471630,750,406813,125,30982,977,62005,1974,437926,1101,499931,California
Ventura,2021-06-19,1377,910802,1065,472695,287,407100,25,31007,523,61710,843,438769,548,500479,California
Ventura,2021-06-20,692,911494,537,473232,114,407214,41,31048,260,61582,429,439198,301,500780,California
Ventura,2021-06-21,1691,913185,1083,474315,490,407704,118,31166,841,61700,840,440038,958,501738,California
Ventura,2021-06-22,1975,915160,1383,475698,493,408197,99,31265,740,61315,1223,441261,838,502576,California
Ventura,2021-06-23,1779,916939,1221,476919,452,408649,106,31371,736,61124,1032,442293,841,503417,California
Ventura,2021-06-24,1818,918757,1199,478118,502,409151,117,31488,722,60878,1085,443378,839,504256,California
Ventura,2021-06-25,2419,921176,1613,479731,630,409781,176,31664,876,60396,1534,444912,1052,505308,California
Ventura,2021-06-26,1551,922727,1262,480993,225,410006,64,31728,522,59960,1022,445934,586,505894,California
Ventura,2021-06-27,570,923297,442,481435,102,410108,26,31754,257,59933,310,446244,283,506177,California
Ventura,2021-06-28,1758,925055,1424,482859,240,410348,94,31848,718,59718,1027,447271,812,506989,California
Ventura,2021-06-29,1355,926410,935,483794,339,410687,81,31929,525,59498,824,448095,604,507593,California
Yolo,2020-12-15,39,39,39,39,0,0,0,0,39,39,0,0,39,39,California
Yolo,2020-12-16,79,118,79,118,0,0,0,0,79,118,0,0,79,118,California
Yolo,2020-12-17,104,222,104,222,0,0,0,0,104,222,0,0,104,222,California
Yolo,2020-12-18,234,456,234,456,0,0,0,0,234,456,0,0,234,456,California
Yolo,2020-12-19,88,544,88,544,0,0,0,0,88,544,0,0,88,544,California
Yolo,2020-12-20,101,645,101,645,0,0,0,0,101,645,0,0,101,645,California
Yolo,2020-12-21,255,900,255,900,0,0,0,0,255,900,0,0,255,900,California
Yolo,2020-12-22,385,1285,384,1284,1,1,0,0,385,1285,0,0,385,1285,California
Yolo,2020-12-23,438,1723,418,1702,20,21,0,0,438,1723,0,0,438,1723,California
Yolo,2020-12-24,153,1876,97,1799,56,77,0,0,153,1876,0,0,153,1876,California
Yolo,2020-12-25,1,1877,1,1800,0,77,0,0,1,1877,0,0,1,1877,California
Yolo,2020-12-26,75,1952,25,1825,50,127,0,0,75,1952,0,0,75,1952,California
Yolo,2020-12-27,46,1998,19,1844,27,154,0,0,46,1998,0,0,46,1998,California
Yolo,2020-12-28,403,2401,232,2076,171,325,0,0,403,2401,0,0,403,2401,California
Yolo,2020-12-29,494,2895,269,2345,225,550,0,0,494,2895,0,0,494,2895,California
Yolo,2020-12-30,626,3521,256,2601,370,920,0,0,626,3521,0,0,626,3521,California
Yolo,2020-12-31,184,3705,94,2695,90,1010,0,0,184,3705,0,0,184,3705,California
Yolo,2021-01-01,58,3763,56,2751,2,1012,0,0,58,3763,0,0,58,3763,California
Yolo,2021-01-02,70,3833,27,2778,43,1055,0,0,70,3833,0,0,70,3833,California
Yolo,2021-01-03,44,3877,19,2797,25,1080,0,0,44,3877,0,0,44,3877,California
Yolo,2021-01-04,192,4069,41,2838,151,1231,0,0,192,4069,0,0,192,4069,California
Yolo,2021-01-05,617,4686,236,3074,381,1612,0,0,554,4560,63,63,554,4623,California
Yolo,2021-01-06,486,5172,185,3259,301,1913,0,0,347,4768,139,202,347,4970,California
Yolo,2021-01-07,714,5886,236,3495,478,2391,0,0,520,5095,193,395,520,5490,California
Yolo,2021-01-08,633,6519,313,3808,320,2711,0,0,407,5277,225,620,407,5897,California
Yolo,2021-01-09,411,6930,71,3879,340,3051,0,0,365,5596,46,666,365,6262,California
Yolo,2021-01-10,394,7324,80,3959,314,3365,0,0,324,5850,70,736,324,6586,California
Yolo,2021-01-11,564,7888,328,4287,236,3601,0,0,290,5868,274,1010,292,6878,California
Yolo,2021-01-12,567,8455,445,4732,122,3723,0,0,196,5694,371,1381,197,7075,California
Yolo,2021-01-13,776,9231,314,5046,462,4185,0,0,522,5962,254,1635,522,7597,California
Yolo,2021-01-14,384,9615,186,5232,198,4383,0,0,280,6138,104,1739,280,7877,California
Yolo,2021-01-15,633,10248,324,5556,309,4692,0,0,552,6610,81,1820,553,8430,California
Yolo,2021-01-16,746,10994,96,5652,650,5342,0,0,715,7294,31,1851,715,9145,California
Yolo,2021-01-17,192,11186,121,5773,71,5413,0,0,185,7472,7,1858,185,9330,California
Yolo,2021-01-18,483,11669,304,6077,179,5592,0,0,333,7655,150,2008,333,9663,California
Yolo,2021-01-19,559,12228,372,6449,187,5779,0,0,382,7860,177,2185,382,10045,California
Yolo,2021-01-20,664,12892,386,6835,278,6057,0,0,473,8143,190,2375,473,10518,California
Yolo,2021-01-21,651,13543,385,7220,266,6323,0,0,461,8414,190,2565,461,10979,California
Yolo,2021-01-22,758,14301,254,7474,504,6827,0,0,641,8940,115,2680,641,11620,California
Yolo,2021-01-23,626,14927,125,7599,501,7328,0,0,577,9468,49,2729,577,12197,California
Yolo,2021-01-24,208,15135,123,7722,85,7413,0,0,167,9594,41,2770,167,12364,California
Yolo,2021-01-25,740,15875,160,7882,580,7993,0,0,516,9886,224,2994,516,12880,California
Yolo,2021-01-26,830,16705,326,8208,504,8497,0,0,435,9926,395,3389,435,13315,California
Yolo,2021-01-27,683,17388,230,8438,453,8950,0,0,399,10041,284,3673,399,13714,California
Yolo,2021-01-28,1053,18441,565,9003,488,9438,0,0,927,10843,125,3798,927,14641,California
Yolo,2021-01-29,957,19398,266,9269,691,10129,0,0,872,11631,84,3882,872,15513,California
Yolo,2021-01-30,1529,20927,922,10191,607,10736,0,0,1409,12926,114,3996,1409,16922,California
Yolo,2021-01-31,240,21167,202,10393,38,10774,0,0,211,13109,28,4024,211,17133,California
Yolo,2021-02-01,855,22022,365,10758,490,11264,0,0,619,13495,233,4257,619,17752,California
Yolo,2021-02-02,1353,23375,756,11514,597,11861,0,0,935,14013,418,4675,936,18688,California
Yolo,2021-02-03,1532,24907,399,11913,1133,12994,0,0,1189,14862,340,5015,1189,19877,California
Yolo,2021-02-04,1813,26720,286,12199,1527,14521,0,0,1257,15575,545,5560,1258,21135,California
Yolo,2021-02-05,1616,28336,920,13119,696,15217,0,0,1210,16381,405,5965,1211,22346,California
Yolo,2021-02-06,1926,30262,1255,14374,671,15888,0,0,1563,17582,363,6328,1564,23910,California
Yolo,2021-02-07,523,30785,252,14626,271,16159,0,0,172,17404,350,6678,172,24082,California
Yolo,2021-02-08,951,31736,335,14961,616,16775,0,0,604,17665,343,7021,604,24686,California
Yolo,2021-02-09,861,32597,386,15347,475,17250,0,0,573,17950,288,7309,573,25259,California
Yolo,2021-02-10,1478,34075,481,15828,997,18247,0,0,830,18134,648,7957,832,26091,California
Yolo,2021-02-11,1582,35657,809,16637,773,19020,0,0,1187,18926,395,8352,1187,27278,California
Yolo,2021-02-12,1938,37595,761,17398,1177,20197,0,0,1452,19897,482,8834,1453,28731,California
Yolo,2021-02-13,2068,39663,715,18113,1353,21550,0,0,1391,20611,677,9511,1391,30122,California
Yolo,2021-02-14,574,40237,156,18269,418,21968,0,0,447,20932,126,9637,447,30569,California
Yolo,2021-02-15,535,40772,193,18462,342,22310,0,0,266,20930,269,9906,267,30836,California
Yolo,2021-02-16,1143,41915,431,18893,712,23022,0,0,814,21417,328,10234,815,31651,California
Yolo,2021-02-17,1395,43310,705,19598,690,23712,0,0,992,22006,403,10637,992,32643,California
Yolo,2021-02-18,2507,45817,818,20416,1689,25401,0,0,1726,22953,780,11417,1727,34370,California
Yolo,2021-02-19,1765,47582,757,21173,1008,26409,0,0,1131,23455,629,12046,1131,35501,California
Yolo,2021-02-20,2478,50060,957,22130,1521,27930,0,0,1374,23733,1097,13143,1375,36876,California
Yolo,2021-02-21,299,50359,237,22367,62,27992,0,0,81,23597,217,13360,81,36957,California
Yolo,2021-02-22,1390,51749,603,22970,787,28779,0,0,702,23613,686,14046,702,37659,California
Yolo,2021-02-23,1147,52896,856,23826,291,29070,0,0,442,23352,703,14749,442,38101,California
Yolo,2021-02-24,2106,55002,600,24426,1506,30576,0,0,1386,24020,718,15467,1386,39487,California
Yolo,2021-02-25,1398,56400,495,24921,903,31479,0,0,921,24465,476,15943,921,40408,California
Yolo,2021-02-26,2657,59057,1045,25966,1612,33091,0,0,1348,24508,1305,17248,1348,41756,California
Yolo,2021-02-27,1690,60747,780,26746,910,34001,0,0,1235,25288,455,17703,1235,42991,California
Yolo,2021-02-28,1830,62577,1525,28271,305,34306,0,0,710,24882,1117,18820,711,43702,California
Yolo,2021-03-01,1149,63726,379,28650,770,35076,0,0,694,25123,453,19273,694,44396,California
Yolo,2021-03-02,1489,65215,705,29355,784,35860,0,0,953,25540,536,19809,953,45349,California
Yolo,2021-03-03,1875,67090,649,30004,1226,37086,0,0,849,25366,1023,20832,849,46198,California
Yolo,2021-03-04,2935,70025,1472,31476,1463,38549,0,0,1567,25568,1365,22197,1567,47765,California
Yolo,2021-03-05,2369,72394,1411,32887,947,39496,11,11,1473,26157,895,23092,1484,49249,California
Yolo,2021-03-06,1491,73885,1136,34023,326,39822,29,40,850,26398,638,23730,879,50128,California
Yolo,2021-03-07,918,74803,680,34703,224,40046,14,54,782,27058,136,23866,796,50924,California
Yolo,2021-03-08,1105,75908,495,35198,567,40613,43,97,775,27548,329,24195,819,51743,California
Yolo,2021-03-09,1279,77187,691,35889,525,41138,63,160,784,27902,493,24688,847,52590,California
Yolo,2021-03-10,1827,79014,1061,36950,474,41612,292,452,759,27883,1063,25751,1044,53634,California
Yolo,2021-03-11,2355,81369,1604,38554,685,42297,66,518,1612,28820,742,26493,1679,55313,California
Yolo,2021-03-12,2923,84292,1360,39914,1482,43779,81,599,1377,28743,1536,28029,1459,56772,California
Yolo,2021-03-13,1853,86145,735,40649,942,44721,176,775,1005,29078,845,28874,1180,57952,California
Yolo,2021-03-14,1020,87165,214,40863,655,45376,151,926,525,29254,494,29368,670,58622,California
Yolo,2021-03-15,1324,88489,769,41632,376,45752,179,1105,710,29527,612,29980,885,59507,California
Yolo,2021-03-16,1887,90376,725,42357,1090,46842,72,1177,1117,29948,770,30750,1191,60698,California
Yolo,2021-03-17,2529,92905,989,43346,1467,48309,73,1250,1731,30991,794,31544,1837,62535,California
Yolo,2021-03-18,3048,95953,1041,44387,1781,50090,226,1476,1261,30695,1783,33327,1487,64022,California
Yolo,2021-03-19,2104,98057,877,45264,1158,51248,69,1545,1086,30838,1012,34339,1155,65177,California
Yolo,2021-03-20,2781,100838,820,46084,1919,53167,42,1587,1090,30294,1685,36024,1141,66318,California
Yolo,2021-03-21,316,101154,215,46299,93,53260,8,1595,177,30372,138,36162,216,66534,California
Yolo,2021-03-22,1409,102563,496,46795,855,54115,58,1653,913,30852,493,36655,973,67507,California
Yolo,2021-03-23,1763,104326,951,47746,755,54870,57,1710,1083,31313,679,37334,1140,68647,California
Yolo,2021-03-24,2885,107211,1409,49155,1426,56296,50,1760,1400,31292,1472,38806,1451,70098,California
Yolo,2021-03-25,2559,109770,1423,50578,1107,57403,29,1789,1260,31293,1288,40094,1289,71387,California
Yolo,2021-03-26,2411,112181,1264,51842,1127,58530,20,1809,1026,30960,1378,41472,1045,72432,California
Yolo,2021-03-27,1661,113842,458,52300,1185,59715,18,1827,754,30826,906,42378,772,73204,California
Yolo,2021-03-28,1110,114952,866,53166,225,59940,19,1846,253,30245,853,43231,272,73476,California
Yolo,2021-03-29,2031,116983,826,53992,1175,61115,30,1876,966,30180,1061,44292,996,74472,California
Yolo,2021-03-30,2289,119272,1086,55078,1181,62296,22,1898,1169,30257,1115,45407,1192,75664,California
Yolo,2021-03-31,2356,121628,1227,56305,1092,63388,37,1935,1179,30297,1176,46583,1216,76880,California
Yolo,2021-04-01,3856,125484,1865,58170,1515,64903,476,2411,1609,30137,2244,48827,2084,78964,California
Yolo,2021-04-02,3406,128890,1526,59696,1734,66637,146,2557,2107,31099,1291,50118,2253,81217,California
Yolo,2021-04-03,1827,130717,1104,60800,502,67139,221,2778,807,31109,1018,51136,1028,82245,California
Yolo,2021-04-04,395,131112,157,60957,177,67316,61,2839,147,31069,248,51384,208,82453,California
Yolo,2021-04-05,1923,133035,738,61695,1085,68401,100,2939,1021,31294,897,52281,1122,83575,California
Yolo,2021-04-06,2593,135628,1319,63014,1102,69503,172,3111,1309,31500,1274,53555,1480,85055,California
Yolo,2021-04-07,2994,138622,1519,64533,1119,70622,356,3467,1923,32717,1066,54621,2283,87338,California
Yolo,2021-04-08,2433,141055,1010,65543,946,71568,477,3944,1031,32822,1399,56020,1504,88842,California
Yolo,2021-04-09,2602,143657,922,66465,1099,72667,581,4525,857,32510,1742,57762,1430,90272,California
Yolo,2021-04-10,1767,145424,831,67296,753,73420,183,4708,1043,33015,720,58482,1225,91497,California
Yolo,2021-04-11,895,146319,286,67582,565,73985,44,4752,368,32902,524,59006,411,91908,California
Yolo,2021-04-12,1775,148094,529,68111,1104,75089,142,4894,1101,33475,671,59677,1244,93152,California
Yolo,2021-04-13,1995,150089,920,69031,1075,76164,0,4894,1047,33575,947,60624,1047,94199,California
Yolo,2021-04-14,2804,152893,773,69804,2031,78195,0,4894,1382,33541,1416,62040,1382,95581,California
Yolo,2021-04-15,3354,156247,1138,70942,2216,80411,0,4894,2298,34789,1050,63090,2298,97879,California
Yolo,2021-04-16,3096,159343,1998,72940,1098,81509,0,4894,1980,35661,1108,64198,1980,99859,California
Yolo,2021-04-17,1630,160973,478,73418,1152,82661,0,4894,850,35734,777,64975,850,100709,California
Yolo,2021-04-18,648,161621,319,73737,329,82990,0,4894,363,35816,281,65256,363,101072,California
Yolo,2021-04-19,1694,163315,731,74468,962,83952,1,4895,782,35692,907,66163,783,101855,California
Yolo,2021-04-20,2059,165374,1058,75526,1001,84953,0,4895,1092,35819,965,67128,1092,102947,California
Yolo,2021-04-21,2068,167442,1059,76585,1009,85962,0,4895,1116,35988,947,68075,1116,104063,California
Yolo,2021-04-22,1986,169428,914,77499,1072,87034,0,4895,982,35973,998,69073,983,105046,California
Yolo,2021-04-23,2650,172078,1561,79060,1089,88123,0,4895,1163,35660,1476,70549,1163,106209,California
Yolo,2021-04-24,1173,173251,647,79707,523,88646,3,4898,462,35422,703,71252,465,106674,California
Yolo,2021-04-25,952,174203,406,80113,546,89192,0,4898,728,35927,223,71475,728,107402,California
Yolo,2021-04-26,1245,175448,497,80610,745,89937,3,4901,529,35747,713,72188,533,107935,California
Yolo,2021-04-27,1561,177009,735,81345,807,90744,19,4920,609,35425,952,73140,630,108565,California
Yolo,2021-04-28,2068,179077,1027,82372,1014,91758,27,4947,749,34886,1315,74455,776,109341,California
Yolo,2021-04-29,1792,180869,854,83226,855,92613,83,5030,710,34599,1078,75533,791,110132,California
Yolo,2021-04-30,2038,182907,1020,84246,959,93572,59,5089,975,34576,1056,76589,1033,111165,California
Yolo,2021-05-01,1288,184195,999,85245,269,93841,20,5109,377,34063,910,77499,397,111562,California
Yolo,2021-05-02,522,184717,428,85673,71,93912,23,5132,324,34212,198,77697,347,111909,California
Yolo,2021-05-03,1125,185842,405,86078,686,94598,34,5166,300,33722,823,78520,333,112242,California
Yolo,2021-05-04,1473,187315,686,86764,762,95360,25,5191,510,33298,959,79479,535,112777,California
Yolo,2021-05-05,1593,188908,457,87221,1070,96430,66,5257,460,32698,1126,80605,526,113303,California
Yolo,2021-05-06,1526,190434,712,87933,732,97162,82,5339,500,32269,1011,81616,582,113885,California
Yolo,2021-05-07,2325,192759,1402,89335,872,98034,51,5390,464,30929,1853,83469,513,114398,California
Yolo,2021-05-08,852,193611,375,89710,421,98455,56,5446,322,30778,527,83996,376,114774,California
Yolo,2021-05-09,403,194014,172,89882,218,98673,13,5459,92,30573,310,84306,105,114879,California
Yolo,2021-05-10,908,194922,360,90242,503,99176,45,5504,154,30019,752,85058,198,115077,California
Yolo,2021-05-11,1179,196101,697,90939,460,99636,22,5526,294,29456,879,85937,316,115393,California
Yolo,2021-05-12,1583,197684,716,91655,834,100470,33,5559,308,28528,1272,87209,344,115737,California
Yolo,2021-05-13,2181,199865,860,92515,1266,101736,55,5614,646,27698,1531,88740,701,116438,California
Yolo,2021-05-14,2035,201900,1517,94032,487,102223,31,5645,1150,27997,882,89622,1181,117619,California
Yolo,2021-05-15,1280,203180,733,94765,500,102723,47,5692,661,28087,618,90240,708,118327,California
Yolo,2021-05-16,1452,204632,1238,96003,207,102930,7,5699,1012,28671,435,90675,1019,119346,California
Yolo,2021-05-17,1138,205770,445,96448,675,103605,18,5717,350,28255,784,91459,368,119714,California
Yolo,2021-05-18,1694,207464,1109,97557,563,104168,22,5739,912,28412,777,92236,934,120648,California
Yolo,2021-05-19,1009,208473,586,98143,384,104552,39,5778,483,28410,524,92760,522,121170,California
Yolo,2021-05-20,1100,209573,700,98843,374,104926,26,5804,380,28102,714,93474,406,121576,California
Yolo,2021-05-21,1442,211015,932,99775,483,105409,27,5831,362,27415,1074,94548,387,121963,California
Yolo,2021-05-22,824,211839,540,100315,276,105685,8,5839,282,27170,536,95084,291,122254,California
Yolo,2021-05-23,615,212454,164,100479,435,106120,16,5855,106,26785,508,95592,123,122377,California
Yolo,2021-05-24,709,213163,352,100831,337,106457,20,5875,222,26544,484,96076,243,122620,California
Yolo,2021-05-25,882,214045,510,101341,349,106806,23,5898,340,26371,536,96612,363,122983,California
Yolo,2021-05-26,821,214866,272,101613,516,107322,33,5931,251,26089,566,97178,284,123267,California
Yolo,2021-05-27,759,215625,380,101993,328,107650,51,5982,303,25991,452,97630,354,123621,California
Yolo,2021-05-28,878,216503,400,102393,449,108099,29,6011,377,25899,497,98127,405,124026,California
Yolo,2021-05-29,601,217104,349,102742,216,108315,36,6047,273,25880,325,98452,306,124332,California
Yolo,2021-05-30,136,217240,71,102813,58,108373,7,6054,55,25863,79,98531,62,124394,California
Yolo,2021-05-31,67,217307,18,102831,47,108420,2,6056,15,25827,52,98583,16,124410,California
Yolo,2021-06-01,758,218065,327,103158,406,108826,25,6081,247,25594,505,99088,272,124682,California
Yolo,2021-06-02,763,218828,306,103464,436,109262,21,6102,235,25325,525,99613,256,124938,California
Yolo,2021-06-03,930,219758,592,104056,314,109576,24,6126,216,24854,711,100324,240,125178,California
Yolo,2021-06-04,1495,221253,1215,105271,257,109833,23,6149,380,24146,1110,101434,402,125580,California
Yolo,2021-06-05,719,221972,548,105819,154,109987,17,6166,149,23742,570,102004,166,125746,California
Yolo,2021-06-06,1109,223081,1045,106864,57,110044,7,6173,156,22953,952,102956,163,125909,California
Yolo,2021-06-07,516,223597,271,107135,226,110270,19,6192,149,22758,363,103319,168,126077,California
Yolo,2021-06-08,1044,224641,814,107949,212,110482,18,6210,200,22133,843,104162,218,126295,California
Yolo,2021-06-09,792,225433,492,108441,269,110751,31,6241,260,21894,529,104691,290,126585,California
Yolo,2021-06-10,570,226003,360,108801,177,110928,33,6274,166,21691,402,105093,199,126784,California
Yolo,2021-06-11,657,226660,450,109251,183,111111,24,6298,195,21450,460,105553,219,127003,California
Yolo,2021-06-12,483,227143,278,109529,180,111291,25,6323,146,21286,335,105888,171,127174,California
Yolo,2021-06-13,155,227298,116,109645,38,111329,1,6324,63,21260,91,105979,65,127239,California
Yolo,2021-06-14,411,227709,254,109899,124,111453,33,6357,129,21142,281,106260,163,127402,California
Yolo,2021-06-15,773,228482,399,110298,348,111801,26,6383,302,21002,468,106728,328,127730,California
Yolo,2021-06-16,474,228956,241,110539,191,111992,42,6425,168,20906,304,107032,208,127938,California
Yolo,2021-06-17,497,229453,317,110856,125,112117,55,6480,173,20812,322,107354,228,128166,California
Yolo,2021-06-18,551,230004,394,111250,135,112252,22,6502,212,20709,336,107690,233,128399,California
Yolo,2021-06-19,322,230326,208,111458,98,112350,16,6518,117,20638,204,107894,133,128532,California
Yolo,2021-06-20,114,230440,74,111532,36,112386,4,6522,62,20655,50,107944,67,128599,California
Yolo,2021-06-21,204,230644,88,111620,97,112483,19,6541,111,20693,92,108036,130,128729,California
Yolo,2021-06-22,521,231165,296,111916,207,112690,18,6559,244,20680,275,108311,262,128991,California
Yolo,2021-06-23,375,231540,214,112130,144,112834,17,6576,152,20629,220,108531,169,129160,California
Yolo,2021-06-24,394,231934,248,112378,104,112938,42,6618,173,20624,220,108751,215,129375,California
Yolo,2021-06-25,553,232487,389,112767,120,113058,44,6662,193,20503,358,109109,237,129612,California
Yolo,2021-06-26,269,232756,164,112931,83,113141,22,6684,109,20475,158,109267,130,129742,California
Yolo,2021-06-27,178,232934,141,113072,32,113173,5,6689,64,20429,114,109381,68,129810,California
Yolo,2021-06-28,210,233144,130,113202,52,113225,28,6717,108,20463,101,109482,135,129945,California
Yolo,2021-06-29,294,233438,215,113417,66,113291,13,6730,110,20404,182,109664,123,130068,California
Yuba,2020-12-16,4,4,4,4,0,0,0,0,4,4,0,0,4,4,California
Yuba,2020-12-17,4,8,4,8,0,0,0,0,4,8,0,0,4,8,California
Yuba,2020-12-18,8,16,8,16,0,0,0,0,8,16,0,0,8,16,California
Yuba,2020-12-19,12,28,12,28,0,0,0,0,12,28,0,0,12,28,California
Yuba,2020-12-20,19,47,19,47,0,0,0,0,19,47,0,0,19,47,California
Yuba,2020-12-21,41,88,41,88,0,0,0,0,41,88,0,0,41,88,California
Yuba,2020-12-22,86,174,86,174,0,0,0,0,86,174,0,0,86,174,California
Yuba,2020-12-23,65,239,63,237,2,2,0,0,65,239,0,0,65,239,California
Yuba,2020-12-24,20,259,10,247,10,12,0,0,20,259,0,0,20,259,California
Yuba,2020-12-25,1,260,1,248,0,12,0,0,1,260,0,0,1,260,California
Yuba,2020-12-26,13,273,12,260,1,13,0,0,13,273,0,0,13,273,California
Yuba,2020-12-27,15,288,15,275,0,13,0,0,15,288,0,0,15,288,California
Yuba,2020-12-28,51,339,35,310,16,29,0,0,51,339,0,0,51,339,California
Yuba,2020-12-29,74,413,10,320,64,93,0,0,74,413,0,0,74,413,California
Yuba,2020-12-30,63,476,20,340,43,136,0,0,63,476,0,0,63,476,California
Yuba,2020-12-31,40,516,7,347,33,169,0,0,40,516,0,0,40,516,California
Yuba,2021-01-02,23,539,22,369,1,170,0,0,23,539,0,0,23,539,California
Yuba,2021-01-03,10,549,6,375,4,174,0,0,10,549,0,0,10,549,California
Yuba,2021-01-04,92,641,23,398,69,243,0,0,92,641,0,0,92,641,California
Yuba,2021-01-05,71,712,39,437,32,275,0,0,70,710,1,1,70,711,California
Yuba,2021-01-06,154,866,76,513,78,353,0,0,148,852,6,7,148,859,California
Yuba,2021-01-07,75,941,19,532,56,409,0,0,72,920,4,11,72,931,California
Yuba,2021-01-08,73,1014,24,556,49,458,0,0,66,979,7,18,66,997,California
Yuba,2021-01-09,19,1033,16,572,3,461,0,0,11,982,8,26,11,1008,California
Yuba,2021-01-10,117,1150,22,594,95,556,0,0,95,1055,22,48,95,1103,California
Yuba,2021-01-11,73,1223,50,644,23,579,0,0,33,1048,40,88,33,1136,California
Yuba,2021-01-12,109,1332,79,723,30,609,0,0,44,1027,65,153,44,1180,California
Yuba,2021-01-13,119,1451,72,795,47,656,0,0,54,1017,64,217,54,1234,California
Yuba,2021-01-14,114,1565,44,839,70,726,0,0,102,1107,12,229,102,1336,California
Yuba,2021-01-15,203,1768,85,924,118,844,0,0,193,1290,10,239,193,1529,California
Yuba,2021-01-16,188,1956,21,945,167,1011,0,0,176,1453,13,252,176,1705,California
Yuba,2021-01-17,13,1969,9,954,4,1015,0,0,7,1454,6,258,7,1712,California
Yuba,2021-01-18,61,2030,32,986,29,1044,0,0,36,1465,25,283,36,1748,California
Yuba,2021-01-19,80,2110,30,1016,50,1094,0,0,65,1515,15,298,65,1813,California
Yuba,2021-01-20,133,2243,86,1102,47,1141,0,0,110,1602,23,321,110,1923,California
Yuba,2021-01-21,223,2466,105,1207,118,1259,0,0,213,1805,10,331,213,2136,California
Yuba,2021-01-22,106,2572,6,1213,100,1359,0,0,97,1893,9,340,97,2233,California
Yuba,2021-01-23,199,2771,7,1220,192,1551,0,0,197,2088,2,342,197,2430,California
Yuba,2021-01-24,10,2781,7,1227,3,1554,0,0,8,2094,2,344,8,2438,California
Yuba,2021-01-25,86,2867,30,1257,56,1610,0,0,53,2115,32,376,53,2491,California
Yuba,2021-01-26,149,3016,41,1298,108,1718,0,0,90,2146,59,435,90,2581,California
Yuba,2021-01-27,184,3200,129,1427,55,1773,0,0,117,2196,67,502,117,2698,California
Yuba,2021-01-28,227,3427,89,1516,138,1911,0,0,176,2321,51,553,176,2874,California
Yuba,2021-01-29,150,3577,46,1562,104,2015,0,0,111,2393,39,592,111,2985,California
Yuba,2021-01-30,409,3986,23,1585,386,2401,0,0,398,2780,11,603,398,3383,California
Yuba,2021-01-31,18,4004,12,1597,6,2407,0,0,16,2794,2,605,16,3399,California
Yuba,2021-02-01,154,4158,74,1671,80,2487,0,0,130,2902,23,628,131,3530,California
Yuba,2021-02-02,128,4286,23,1694,105,2592,0,0,104,2982,24,652,104,3634,California
Yuba,2021-02-03,229,4515,30,1724,199,2791,0,0,116,2986,112,764,116,3750,California
Yuba,2021-02-04,298,4813,120,1844,178,2969,0,0,253,3194,45,809,253,4003,California
Yuba,2021-02-05,147,4960,32,1876,115,3084,0,0,71,3189,76,885,71,4074,California
Yuba,2021-02-06,451,5411,26,1902,425,3509,0,0,443,3624,8,893,443,4517,California
Yuba,2021-02-07,20,5431,13,1915,7,3516,0,0,16,3636,4,897,16,4533,California
Yuba,2021-02-08,97,5528,34,1949,63,3579,0,0,65,3669,32,929,65,4598,California
Yuba,2021-02-09,155,5683,56,2005,99,3678,0,0,85,3684,70,999,85,4683,California
Yuba,2021-02-10,362,6045,177,2182,185,3863,0,0,121,3566,239,1238,121,4804,California
Yuba,2021-02-11,405,6450,68,2250,337,4200,0,0,301,3765,102,1340,301,5105,California
Yuba,2021-02-12,269,6719,28,2278,241,4441,0,0,152,3800,117,1457,152,5257,California
Yuba,2021-02-13,438,7157,36,2314,402,4843,0,0,387,4136,51,1508,387,5644,California
Yuba,2021-02-14,52,7209,10,2324,42,4885,0,0,47,4178,5,1513,47,5691,California
Yuba,2021-02-15,89,7298,36,2360,53,4938,0,0,69,4227,20,1533,69,5760,California
Yuba,2021-02-16,202,7500,54,2414,148,5086,0,0,143,4312,58,1591,143,5903,California
Yuba,2021-02-17,376,7876,156,2570,220,5306,0,0,99,4135,276,1867,99,6002,California
Yuba,2021-02-18,323,8199,48,2618,275,5581,0,0,196,4204,127,1994,196,6198,California
Yuba,2021-02-19,230,8429,85,2703,145,5726,0,0,143,4260,87,2081,143,6341,California
Yuba,2021-02-20,397,8826,31,2734,366,6092,0,0,339,4542,57,2138,339,6680,California
Yuba,2021-02-21,18,8844,14,2748,4,6096,0,0,8,4540,10,2148,8,6688,California
Yuba,2021-02-22,128,8972,79,2827,49,6145,0,0,38,4488,90,2238,38,6726,California
Yuba,2021-02-23,119,9091,25,2852,94,6239,0,0,51,4473,67,2305,52,6778,California
Yuba,2021-02-24,487,9578,138,2990,349,6588,0,0,109,4204,378,2683,109,6887,California
Yuba,2021-02-25,346,9924,140,3130,206,6794,0,0,216,4290,130,2813,216,7103,California
Yuba,2021-02-26,261,10185,69,3199,192,6986,0,0,145,4321,114,2927,145,7248,California
Yuba,2021-02-27,474,10659,47,3246,427,7413,0,0,386,4621,86,3013,386,7634,California
Yuba,2021-02-28,72,10731,23,3269,49,7462,0,0,48,4645,24,3037,48,7682,California
Yuba,2021-03-01,161,10892,42,3311,119,7581,0,0,81,4647,79,3116,81,7763,California
Yuba,2021-03-02,160,11052,36,3347,124,7705,0,0,80,4647,80,3196,80,7843,California
Yuba,2021-03-03,629,11681,160,3507,469,8174,0,0,201,4421,427,3623,201,8044,California
Yuba,2021-03-04,470,12151,273,3780,197,8371,0,0,327,4606,142,3765,327,8371,California
Yuba,2021-03-05,326,12477,61,3841,264,8635,1,1,258,4797,68,3833,259,8630,California
Yuba,2021-03-06,475,12952,35,3876,436,9071,4,5,368,5063,106,3939,372,9002,California
Yuba,2021-03-07,51,13003,28,3904,22,9093,1,6,36,5085,15,3954,37,9039,California
Yuba,2021-03-08,158,13161,48,3952,94,9187,16,22,99,5141,59,4013,115,9154,California
Yuba,2021-03-09,178,13339,47,3999,111,9298,20,42,84,5151,94,4107,104,9258,California
Yuba,2021-03-10,737,14076,235,4234,472,9770,30,72,234,4914,501,4608,264,9522,California
Yuba,2021-03-11,436,14512,196,4430,228,9998,12,84,293,5076,143,4751,305,9827,California
Yuba,2021-03-12,467,14979,87,4517,327,10325,53,137,155,4972,312,5063,208,10035,California
Yuba,2021-03-13,464,15443,338,4855,111,10436,15,152,366,5256,97,5160,381,10416,California
Yuba,2021-03-14,107,15550,21,4876,76,10512,10,162,46,5253,59,5219,56,10472,California
Yuba,2021-03-15,193,15743,50,4926,127,10639,16,178,98,5272,95,5314,114,10586,California
Yuba,2021-03-16,296,16039,72,4998,200,10839,24,202,184,5369,111,5425,208,10794,California
Yuba,2021-03-17,749,16788,164,5162,554,11393,31,233,196,5048,549,5974,228,11022,California
Yuba,2021-03-18,589,17377,162,5324,314,11707,113,346,358,5287,231,6205,470,11492,California
Yuba,2021-03-19,332,17709,119,5443,159,11866,54,400,186,5380,146,6351,239,11731,California
Yuba,2021-03-20,553,18262,80,5523,455,12321,18,418,473,5792,79,6430,491,12222,California
Yuba,2021-03-21,61,18323,36,5559,25,12346,0,418,42,5821,19,6449,48,12270,California
Yuba,2021-03-22,191,18514,70,5629,114,12460,7,425,149,5935,42,6491,156,12426,California
Yuba,2021-03-23,264,18778,79,5708,159,12619,26,451,176,6051,86,6577,202,12628,California
Yuba,2021-03-24,771,19549,255,5963,435,13054,81,532,187,5737,582,7159,268,12896,California
Yuba,2021-03-25,507,20056,270,6233,215,13269,22,554,254,5760,253,7412,276,13172,California
Yuba,2021-03-26,400,20456,144,6377,227,13496,29,583,226,5842,173,7585,255,13427,California
Yuba,2021-03-27,463,20919,28,6405,432,13928,3,586,408,6198,54,7639,410,13837,California
Yuba,2021-03-28,102,21021,42,6447,56,13984,4,590,34,6168,68,7707,38,13875,California
Yuba,2021-03-29,296,21317,86,6533,178,14162,32,622,179,6262,117,7824,211,14086,California
Yuba,2021-03-30,274,21591,69,6602,197,14359,8,630,189,6374,85,7909,197,14283,California
Yuba,2021-03-31,676,22267,115,6717,550,14909,11,641,244,6199,430,8339,255,14538,California
Yuba,2021-04-01,627,22894,290,7007,307,15216,30,671,292,6186,335,8674,322,14860,California
Yuba,2021-04-02,502,23396,95,7102,324,15540,83,754,185,6137,316,8990,267,15127,California
Yuba,2021-04-03,654,24050,55,7157,117,15657,482,1236,87,6140,566,9556,569,15696,California
Yuba,2021-04-04,59,24109,10,7167,42,15699,7,1243,32,6152,27,9583,39,15735,California
Yuba,2021-04-05,245,24354,79,7246,145,15844,21,1264,124,6177,119,9702,144,15879,California
Yuba,2021-04-06,358,24712,115,7361,182,16026,61,1325,173,6226,184,9886,233,16112,California
Yuba,2021-04-07,788,25500,408,7769,327,16353,53,1378,360,6213,425,10311,412,16524,California
Yuba,2021-04-08,754,26254,292,8061,197,16550,265,1643,282,6288,471,10782,546,17070,California
Yuba,2021-04-09,405,26659,172,8233,166,16716,67,1710,171,6293,233,11015,238,17308,California
Yuba,2021-04-10,601,27260,72,8305,81,16797,448,2158,71,6283,528,11543,518,17826,California
Yuba,2021-04-11,102,27362,24,8329,66,16863,12,2170,43,6280,58,11601,55,17881,California
Yuba,2021-04-12,212,27574,45,8374,137,17000,30,2200,80,6258,131,11732,109,17990,California
Yuba,2021-04-13,400,27974,104,8478,296,17296,0,2200,203,6265,196,11928,203,18193,California
Yuba,2021-04-14,715,28689,109,8587,606,17902,0,2200,128,5807,586,12514,128,18321,California
Yuba,2021-04-15,346,29035,135,8722,211,18113,0,2200,150,5761,196,12710,150,18471,California
Yuba,2021-04-16,342,29377,100,8822,242,18355,0,2200,181,5783,159,12869,181,18652,California
Yuba,2021-04-17,406,29783,60,8882,346,18701,0,2200,334,6046,71,12940,334,18986,California
Yuba,2021-04-18,65,29848,20,8902,45,18746,0,2200,33,6048,31,12971,33,19019,California
Yuba,2021-04-19,247,30095,102,9004,145,18891,0,2200,104,6009,143,13114,104,19123,California
Yuba,2021-04-20,341,30436,103,9107,238,19129,0,2200,187,6046,151,13265,188,19311,California
Yuba,2021-04-21,741,31177,322,9429,419,19548,0,2200,321,5947,420,13685,321,19632,California
Yuba,2021-04-22,376,31553,153,9582,223,19771,0,2200,208,5987,168,13853,208,19840,California
Yuba,2021-04-23,363,31916,127,9709,236,20007,0,2200,173,5972,188,14041,173,20013,California
Yuba,2021-04-24,217,32133,69,9778,148,20155,0,2200,123,6001,94,14135,123,20136,California
Yuba,2021-04-25,75,32208,30,9808,45,20200,0,2200,35,5996,40,14175,35,20171,California
Yuba,2021-04-26,249,32457,66,9874,179,20379,4,2204,114,5979,135,14310,118,20289,California
Yuba,2021-04-27,489,32946,172,10046,307,20686,10,2214,243,5988,244,14554,253,20542,California
Yuba,2021-04-28,450,33396,189,10235,256,20942,5,2219,155,5859,289,14843,160,20702,California
Yuba,2021-04-29,453,33849,89,10324,363,21305,1,2220,162,5732,290,15133,163,20865,California
Yuba,2021-04-30,346,34195,108,10432,208,21513,30,2250,151,5720,193,15326,181,21046,California
Yuba,2021-05-01,207,34402,91,10523,97,21610,19,2269,93,5719,113,15439,112,21158,California
Yuba,2021-05-02,70,34472,39,10562,27,21637,4,2273,38,5729,32,15471,42,21200,California
Yuba,2021-05-03,164,34636,65,10627,90,21727,9,2282,51,5678,111,15582,60,21260,California
Yuba,2021-05-04,340,34976,107,10734,212,21939,21,2303,150,5659,190,15772,171,21431,California
Yuba,2021-05-05,333,35309,95,10829,231,22170,7,2310,116,5565,217,15989,123,21554,California
Yuba,2021-05-06,303,35612,126,10955,139,22309,38,2348,102,5507,198,16187,140,21694,California
Yuba,2021-05-07,361,35973,100,11055,233,22542,28,2376,118,5410,242,16429,145,21839,California
Yuba,2021-05-08,130,36103,56,11111,71,22613,3,2379,56,5395,74,16503,59,21898,California
Yuba,2021-05-09,55,36158,25,11136,27,22640,3,2382,33,5409,22,16525,36,21934,California
Yuba,2021-05-10,174,36332,57,11193,99,22739,18,2400,54,5362,119,16644,72,22006,California
Yuba,2021-05-11,388,36720,177,11370,197,22936,14,2414,142,5273,244,16888,155,22161,California
Yuba,2021-05-12,277,36997,147,11517,122,23058,8,2422,104,5212,173,17061,112,22273,California
Yuba,2021-05-13,365,37362,197,11714,125,23183,43,2465,112,5117,250,17311,155,22428,California
Yuba,2021-05-14,367,37729,139,11853,208,23391,20,2485,153,5075,214,17525,172,22600,California
Yuba,2021-05-15,436,38165,113,11966,302,23693,21,2506,113,4887,321,17846,133,22733,California
Yuba,2021-05-16,151,38316,52,12018,90,23783,9,2515,95,4936,55,17901,104,22837,California
Yuba,2021-05-17,218,38534,91,12109,107,23890,20,2535,91,4922,125,18026,111,22948,California
Yuba,2021-05-18,394,38928,163,12272,222,24112,9,2544,165,4867,229,18255,174,23122,California
Yuba,2021-05-19,261,39189,145,12417,110,24222,6,2550,129,4870,132,18387,135,23257,California
Yuba,2021-05-20,433,39622,305,12722,116,24338,12,2562,259,4968,173,18560,271,23528,California
Yuba,2021-05-21,517,40139,271,12993,238,24576,8,2570,306,5073,209,18769,314,23842,California
Yuba,2021-05-22,225,40364,120,13113,96,24672,9,2579,92,5041,133,18902,101,23943,California
Yuba,2021-05-23,73,40437,41,13154,30,24702,2,2581,37,5045,35,18937,39,23982,California
Yuba,2021-05-24,164,40601,55,13209,92,24794,17,2598,48,4996,115,19052,66,24048,California
Yuba,2021-05-25,317,40918,110,13319,190,24984,17,2615,113,4923,202,19254,129,24177,California
Yuba,2021-05-26,230,41148,98,13417,116,25100,16,2631,83,4876,146,19400,99,24276,California
Yuba,2021-05-27,246,41394,76,13493,159,25259,11,2642,97,4838,146,19546,108,24384,California
Yuba,2021-05-28,248,41642,111,13604,130,25389,7,2649,118,4835,128,19674,125,24509,California
Yuba,2021-05-29,164,41806,68,13672,74,25463,22,2671,88,4870,75,19749,110,24619,California
Yuba,2021-05-30,51,41857,21,13693,25,25488,5,2676,20,4864,31,19780,25,24644,California
Yuba,2021-05-31,30,41887,3,13696,20,25508,7,2683,10,4861,20,19800,17,24661,California
Yuba,2021-06-01,246,42133,107,13803,132,25640,7,2690,83,4791,159,19959,89,24750,California
Yuba,2021-06-02,201,42334,82,13885,112,25752,7,2697,60,4719,140,20099,68,24818,California
Yuba,2021-06-03,180,42514,106,13991,68,25820,6,2703,65,4676,114,20213,71,24889,California
Yuba,2021-06-04,244,42758,121,14112,113,25933,10,2713,80,4602,164,20377,90,24979,California
Yuba,2021-06-05,199,42957,150,14262,43,25976,6,2719,89,4588,109,20486,95,25074,California
Yuba,2021-06-06,109,43066,93,14355,13,25989,3,2722,20,4523,88,20574,23,25097,California
Yuba,2021-06-07,118,43184,50,14405,52,26041,16,2738,38,4497,80,20654,54,25151,California
Yuba,2021-06-08,245,43429,115,14520,123,26164,7,2745,72,4405,171,20825,79,25230,California
Yuba,2021-06-09,170,43599,103,14623,61,26225,6,2751,72,4386,97,20922,78,25308,California
Yuba,2021-06-10,377,43976,302,14925,66,26291,9,2760,93,4206,282,21204,102,25410,California
Yuba,2021-06-11,329,44305,235,15160,82,26373,12,2772,66,4022,263,21467,79,25489,California
Yuba,2021-06-12,132,44437,89,15249,37,26410,6,2778,36,3968,96,21563,42,25531,California
Yuba,2021-06-13,47,44484,22,15271,22,26432,3,2781,13,3950,34,21597,16,25547,California
Yuba,2021-06-14,111,44595,53,15324,48,26480,10,2791,30,3910,80,21677,40,25587,California
Yuba,2021-06-15,241,44836,98,15422,135,26615,8,2799,89,3857,150,21827,97,25684,California
Yuba,2021-06-16,153,44989,91,15513,51,26666,11,2810,72,3862,78,21905,83,25767,California
Yuba,2021-06-17,194,45183,113,15626,69,26735,12,2822,83,3846,111,22016,95,25862,California
Yuba,2021-06-18,223,45406,111,15737,90,26825,22,2844,70,3787,151,22167,92,25954,California
Yuba,2021-06-19,140,45546,71,15808,62,26887,7,2851,37,3728,103,22270,44,25998,California
Yuba,2021-06-20,33,45579,19,15827,11,26898,3,2854,13,3724,20,22290,16,26014,California
Yuba,2021-06-21,87,45666,38,15865,39,26937,10,2864,41,3732,42,22332,50,26064,California
Yuba,2021-06-22,172,45838,73,15938,89,27026,10,2874,69,3709,102,22434,79,26143,California
Yuba,2021-06-23,117,45955,65,16003,43,27069,9,2883,48,3697,68,22502,56,26199,California
Yuba,2021-06-24,135,46090,82,16085,47,27116,6,2889,58,3684,77,22579,64,26263,California
Yuba,2021-06-25,151,46241,83,16168,62,27178,6,2895,68,3675,83,22662,74,26337,California
Yuba,2021-06-26,133,46374,105,16273,26,27204,2,2897,44,3633,88,22750,46,26383,California
Yuba,2021-06-27,66,46440,44,16317,20,27224,2,2899,36,3641,30,22780,38,26421,California
Yuba,2021-06-28,59,46499,33,16350,23,27247,3,2902,27,3639,32,22812,30,26451,California
Yuba,2021-06-29,85,46584,36,16386,42,27289,7,2909,36,3634,48,22860,43,26494,California
