county,administered_date,total_doses,cumulative_total_doses,pfizer_doses,cumulative_pfizer_doses,moderna_doses,cumulative_moderna_doses,jj_doses,cumulative_jj_doses,partially_vaccinated,total_partially_vaccinated,fully_vaccinated,cumulative_fully_vaccinated,at_least_one_dose,cumulative_at_least_one_dose,california_flag
All CA Counties,2020-12-15,1163,1163,1163,1163,0,0,0,0,1163,1163,0,0,1163,1163,
All CA Counties,2020-12-16,8707,9870,8707,9870,0,0,0,0,8707,9870,0,0,8707,9870,
All CA Counties,2020-12-17,26629,36499,26629,36499,0,0,0,0,26631,36501,0,0,26631,36501,
All CA Counties,2020-12-18,45377,81876,45310,81809,67,67,0,0,45377,81877,1,1,45377,81878,
All CA Counties,2020-12-19,25563,107439,25533,107342,30,97,0,0,25562,107438,1,2,25562,107440,
All CA Counties,2020-12-20,19142,126581,19110,126452,32,129,0,0,19140,126576,2,4,19140,126580,
All CA Counties,2020-12-21,49857,176438,49761,176213,96,225,0,0,49858,176432,3,7,49859,176439,
All CA Counties,2020-12-22,50245,226683,48097,224310,2148,2373,0,0,50237,226663,6,13,50237,226676,
All CA Counties,2020-12-23,50797,277480,41965,266275,8832,11205,0,0,50790,277450,6,19,50793,277469,
All CA Counties,2020-12-24,24132,301612,16369,282644,7763,18968,0,0,24127,301574,5,24,24129,301598,
All CA Counties,2020-12-25,2351,303963,2026,284670,325,19293,0,0,2351,303925,0,24,2351,303949,
All CA Counties,2020-12-26,14648,318611,9480,294150,5168,24461,0,0,14646,318569,2,26,14646,318595,
All CA Counties,2020-12-27,9477,328088,5615,299765,3862,28323,0,0,9474,328040,3,29,9474,328069,
All CA Counties,2020-12-28,46245,374333,29616,329381,16629,44952,0,0,46241,374277,4,33,46241,374310,
All CA Counties,2020-12-29,51424,425757,28628,358009,22796,67748,0,0,51417,425689,5,38,51417,425727,
All CA Counties,2020-12-30,63214,488971,35671,393680,27543,95291,0,0,63202,488885,9,47,63205,488932,
All CA Counties,2020-12-31,29665,518636,10956,404636,18709,114000,0,0,29643,518509,20,67,29644,518576,
All CA Counties,2021-01-01,4748,523384,2175,406811,2573,116573,0,0,4739,523240,8,75,4739,523315,
All CA Counties,2021-01-02,18563,541947,10266,417077,8297,124870,0,0,18557,541795,2,77,18557,541872,
All CA Counties,2021-01-03,6248,548195,3515,420592,2733,127603,0,0,6213,547995,13,90,6213,548085,
All CA Counties,2021-01-04,43719,591914,22056,442648,21663,149266,0,0,43639,591594,40,130,43639,591724,
All CA Counties,2021-01-05,56897,648811,30032,472680,26865,176131,0,0,51128,637116,5706,5836,51228,642952,
All CA Counties,2021-01-06,73823,722634,40761,513441,33062,209193,0,0,57985,679493,15651,21487,58028,700980,
All CA Counties,2021-01-07,92955,815589,52957,566398,39998,249191,0,0,61180,709139,31594,53081,61240,762220,
All CA Counties,2021-01-08,107749,923338,64848,631246,42901,292092,0,0,65538,732687,42064,95145,65612,827832,
All CA Counties,2021-01-09,44672,968010,25742,656988,18930,311022,0,0,27952,743976,16693,111838,27982,855814,
All CA Counties,2021-01-10,24484,992494,14970,671958,9514,320536,0,0,13167,745863,11299,123137,13186,869000,
All CA Counties,2021-01-11,105128,1097622,69953,741911,35175,355711,0,0,60983,762929,44096,167233,61162,930162,
All CA Counties,2021-01-12,114617,1212239,67936,809847,46681,402392,0,0,72961,794612,41544,208777,73227,1003389,
All CA Counties,2021-01-13,120025,1332264,62339,872186,57686,460078,0,0,85949,846669,33984,242761,86041,1089430,
All CA Counties,2021-01-14,125028,1457292,50093,922279,74935,535013,0,0,105197,932334,19721,262482,105386,1194816,
All CA Counties,2021-01-15,142789,1600081,52146,974425,90643,625656,0,0,127467,1044820,15222,277704,127708,1322524,
All CA Counties,2021-01-16,81127,1681208,27428,1001853,53699,679355,0,0,73475,1110728,7622,285326,73530,1396054,
All CA Counties,2021-01-17,48371,1729579,16918,1018771,31453,710808,0,0,44671,1151758,3687,289013,44717,1440771,
All CA Counties,2021-01-18,88470,1818049,46121,1064892,42349,753157,0,0,69012,1201570,19382,308395,69194,1509965,
All CA Counties,2021-01-19,142637,1960686,73472,1138364,69165,822322,0,0,111338,1282045,31195,339590,111670,1621635,
All CA Counties,2021-01-20,163950,2124636,84642,1223006,79308,901630,0,0,129615,1377849,34085,373675,129889,1751524,
All CA Counties,2021-01-21,176292,2300928,78845,1301851,97447,999077,0,0,156538,1515257,19518,393193,156926,1908450,
All CA Counties,2021-01-22,171088,2472016,69791,1371642,101297,1100374,0,0,156493,1657461,14452,407645,156656,2065106,
All CA Counties,2021-01-23,112090,2584106,49504,1421146,62586,1162960,0,0,99438,1744440,12584,420229,99563,2164669,
All CA Counties,2021-01-24,61222,2645328,29425,1450571,31797,1194757,0,0,56510,1796343,4674,424903,56577,2221246,
All CA Counties,2021-01-25,145941,2791269,65646,1516217,80295,1275052,0,0,110413,1871770,35375,460278,110802,2332048,
All CA Counties,2021-01-26,169928,2961197,83195,1599412,86733,1361785,0,0,131823,1965921,37946,498224,132097,2464145,
All CA Counties,2021-01-27,183476,3144673,88002,1687414,95474,1457259,0,0,143357,2069732,39769,537993,143580,2607725,
All CA Counties,2021-01-28,189052,3333725,86961,1774375,102091,1559350,0,0,154391,2190024,34340,572333,154632,2762357,
All CA Counties,2021-01-29,184889,3518614,88429,1862804,96460,1655810,0,0,149578,2305127,34660,606993,149763,2912120,
All CA Counties,2021-01-30,124569,3643183,55546,1918350,69023,1724833,0,0,108941,2398773,15446,622439,109092,3021212,
All CA Counties,2021-01-31,69202,3712385,38408,1956758,30794,1755627,0,0,64134,2457956,5009,627448,64192,3085404,
All CA Counties,2021-02-01,162597,3874982,75807,2032565,86790,1842417,0,0,121163,2538029,41223,668671,121296,3206700,
All CA Counties,2021-02-02,186725,4061707,78442,2111007,108283,1950700,0,0,141468,2634794,44929,713600,141694,3348394,
All CA Counties,2021-02-03,212075,4273782,95566,2206573,116509,2067209,0,0,156817,2737162,54706,768306,157074,3505468,
All CA Counties,2021-02-04,229273,4503055,100018,2306591,129255,2196464,0,0,167653,2844169,61016,829322,168023,3673491,
All CA Counties,2021-02-05,247609,4750664,106618,2413209,140991,2337455,0,0,167718,2933433,79008,908330,168272,3841763,
All CA Counties,2021-02-06,156203,4906867,74978,2488187,81225,2418680,0,0,121091,3020143,34878,943208,121588,3963351,
All CA Counties,2021-02-07,67192,4974059,43442,2531629,23750,2442430,0,0,50603,3054710,16487,959695,51054,4014405,
All CA Counties,2021-02-08,181965,5156024,89353,2620982,92612,2535042,0,0,119793,3113595,61667,1021362,120552,4134957,
All CA Counties,2021-02-09,212529,5368553,102138,2723120,110391,2645433,0,0,126941,3156938,84755,1106117,128098,4263055,
All CA Counties,2021-02-10,250632,5619185,120365,2843485,130267,2775700,0,0,137460,3183625,112255,1218372,138942,4401997,
All CA Counties,2021-02-11,267437,5886622,132071,2975556,135366,2911066,0,0,144470,3208223,121687,1340059,146285,4548282,
All CA Counties,2021-02-12,275082,6161704,120159,3095715,154923,3065989,0,0,147800,3232181,126238,1466297,150196,4698478,
All CA Counties,2021-02-13,168915,6330619,78173,3173888,90742,3156731,0,0,93068,3251782,75424,1541721,95025,4793503,
All CA Counties,2021-02-14,96426,6427045,47970,3221858,48456,3205187,0,0,51861,3260817,44373,1586094,53408,4846911,
All CA Counties,2021-02-15,143634,6570679,62908,3284766,80726,3285913,0,0,79219,3279209,63962,1650056,82354,4929265,
All CA Counties,2021-02-16,251232,6821911,119082,3403848,132150,3418063,0,0,133972,3299473,116806,1766862,137070,5066335,
All CA Counties,2021-02-17,261657,7083568,130185,3534033,131472,3549535,0,0,129711,3301132,131269,1898131,132928,5199263,
All CA Counties,2021-02-18,275842,7359410,143709,3677742,132133,3681668,0,0,133015,3296427,141964,2040095,137259,5336522,
All CA Counties,2021-02-19,257057,7616467,148807,3826549,108250,3789918,0,0,132065,3306263,124314,2164409,134150,5470672,
All CA Counties,2021-02-20,156828,7773295,100116,3926665,56712,3846630,0,0,85588,3322959,70880,2235289,87576,5558248,
All CA Counties,2021-02-21,86758,7860053,70085,3996750,16673,3863303,0,0,44502,3327067,41944,2277233,46052,5604300,
All CA Counties,2021-02-22,172131,8032184,115346,4112096,56785,3920088,0,0,85135,3327445,86478,2363711,86856,5691156,
All CA Counties,2021-02-23,234837,8267021,123922,4236018,110915,4031003,0,0,108415,3316316,125537,2489248,114408,5805564,
All CA Counties,2021-02-24,293373,8560394,148561,4384579,144812,4175815,0,0,138222,3307829,154269,2643517,145782,5951346,
All CA Counties,2021-02-25,331529,8891923,163806,4548385,167723,4343538,0,0,172638,3331079,157953,2801470,181203,6132549,
All CA Counties,2021-02-26,364029,9255952,169598,4717983,194431,4537969,0,0,202050,3379566,160854,2962324,209341,6341890,
All CA Counties,2021-02-27,257582,9513534,124761,4842744,132791,4670760,30,30,145682,3418584,111115,3073439,150133,6492023,
All CA Counties,2021-02-28,136990,9650524,81289,4924033,55687,4726447,14,44,79704,3444382,56768,3130207,82566,6574589,
All CA Counties,2021-03-01,246477,9897001,130944,5054977,115376,4841823,157,201,141790,3486622,103723,3233930,145963,6720552,
All CA Counties,2021-03-02,294208,10191209,148393,5203370,145781,4987604,34,235,176046,3552088,117511,3351441,182977,6903529,
All CA Counties,2021-03-03,337325,10528534,167943,5371313,169313,5156917,69,304,194996,3612975,141495,3492936,202382,7105911,
All CA Counties,2021-03-04,356682,10885216,180214,5551527,176370,5333287,98,402,209099,3682532,146677,3639613,216234,7322145,
All CA Counties,2021-03-05,345690,11230906,169544,5721071,175011,5508298,1135,1537,214560,3775324,130173,3769786,222965,7545110,
All CA Counties,2021-03-06,261505,11492411,134229,5855300,119361,5627659,7915,9452,162463,3851822,98543,3868329,175041,7720151,
All CA Counties,2021-03-07,133657,11626068,79368,5934668,47396,5675055,6893,16345,81711,3892400,51701,3920030,92279,7812430,
All CA Counties,2021-03-08,224758,11850826,109455,6044123,104300,5779355,11003,27348,146550,3977151,77724,3997754,162475,7974905,
All CA Counties,2021-03-09,295609,12146435,140811,6184934,138579,5917934,16219,43567,165187,4032733,129811,4127565,185393,8160298,
All CA Counties,2021-03-10,326585,12473020,162360,6347294,139592,6057526,24633,68200,176269,4088184,149517,4277082,204968,8365266,
All CA Counties,2021-03-11,380810,12853830,184228,6531522,163024,6220550,33558,101758,194680,4135507,185027,4462109,232350,8597616,
All CA Counties,2021-03-12,398872,13252702,178114,6709636,174307,6394857,46451,148209,195095,4178297,202778,4664887,245568,8843184,
All CA Counties,2021-03-13,286919,13539621,125567,6835203,130125,6524982,31227,179436,155180,4237637,131204,4796091,190544,9033728,
All CA Counties,2021-03-14,156892,13696513,83610,6918813,58148,6583130,15134,194570,78529,4255514,78002,4874093,95879,9129607,
All CA Counties,2021-03-15,293038,13989551,140092,7058905,132237,6715367,20709,215279,158300,4304060,133824,5007917,182370,9311977,
All CA Counties,2021-03-16,373010,14362561,175319,7234224,180228,6895595,17463,232742,214974,4382530,157131,5165048,235601,9547578,
All CA Counties,2021-03-17,388108,14750669,192434,7426658,176942,7072537,18732,251474,239357,4495353,147739,5312787,260562,9808140,
All CA Counties,2021-03-18,405632,15156301,207937,7634595,179295,7251832,18400,269874,238837,4589161,165516,5478303,259324,10067464,
All CA Counties,2021-03-19,414648,15570949,218305,7852900,174468,7426300,21875,291749,238725,4677006,174778,5653081,262623,10330087,
All CA Counties,2021-03-20,297598,15868547,156135,8009035,125485,7551785,15978,307727,187515,4772695,109282,5762363,204971,10535058,
All CA Counties,2021-03-21,145511,16014058,100450,8109485,37511,7589296,7550,315277,87368,4811298,57687,5820050,96290,10631348,
All CA Counties,2021-03-22,276013,16290071,160832,8270317,103932,7693228,11249,326526,178854,4908197,96235,5916285,193134,10824482,
All CA Counties,2021-03-23,360640,16650711,198991,8469308,150543,7843771,11106,337632,220394,5003083,139200,6055485,234086,11058568,
All CA Counties,2021-03-24,390165,17040876,223343,8692651,154251,7998022,12571,350203,225012,5078994,163730,6219215,239641,11298209,
All CA Counties,2021-03-25,420652,17461528,231930,8924581,173799,8171821,14923,365126,236602,5150104,182539,6401754,253649,11551858,
All CA Counties,2021-03-26,437774,17899302,233948,9158529,187607,8359428,16219,381345,234521,5201857,201796,6603550,253549,11805407,
All CA Counties,2021-03-27,315103,18214405,167236,9325765,136050,8495478,11817,393162,158114,5217986,156032,6759582,172161,11977568,
All CA Counties,2021-03-28,170435,18384840,109565,9435330,57262,8552740,3608,396770,88549,5231125,81370,6840952,94509,12072077,
All CA Counties,2021-03-29,312481,18697321,167868,9603198,135456,8688196,9157,405927,173025,5277265,138535,6979487,184675,12256752,
All CA Counties,2021-03-30,401031,19098352,203061,9806259,179619,8867815,18351,424278,224675,5346600,175419,7154906,244754,12501506,
All CA Counties,2021-03-31,428950,19527302,232940,10039199,173999,9041814,22011,446289,237640,5417136,190085,7344991,260621,12762127,
All CA Counties,2021-04-01,495263,20022565,253240,10292439,201094,9242908,40929,487218,271418,5508292,222152,7567143,313308,13075435,
All CA Counties,2021-04-02,476698,20499263,232191,10524630,201010,9443918,43497,530715,257277,5592569,217979,7785122,302256,13377691,
All CA Counties,2021-04-03,331068,20830331,168779,10693409,120663,9564581,41626,572341,164485,5633837,165836,7950958,207104,13584795,
All CA Counties,2021-04-04,132813,20963144,69319,10762728,44398,9608979,19096,591437,57812,5636181,74639,8025597,76983,13661778,
All CA Counties,2021-04-05,355952,21319096,183186,10945914,132532,9741511,40234,631671,173555,5670755,181551,8207148,216125,13877903,
All CA Counties,2021-04-06,460230,21779326,233207,11179121,161213,9902724,65810,697481,222158,5723503,236978,8444126,289726,14167629,
All CA Counties,2021-04-07,475609,22254935,246998,11426119,158297,10061021,70314,767795,230561,5781332,243922,8688048,301751,14469380,
All CA Counties,2021-04-08,502318,22757253,253401,11679520,164069,10225090,84848,852643,235688,5838672,265242,8953290,322582,14791962,
All CA Counties,2021-04-09,498379,23255632,248271,11927791,169626,10394716,80482,933125,228754,5882362,268382,9221672,312072,15104034,
All CA Counties,2021-04-10,370616,23626248,168873,12096664,127084,10521800,74659,1007784,155190,5900187,214564,9436236,232389,15336423,
All CA Counties,2021-04-11,188903,23815151,105831,12202495,48889,10570689,34183,1041967,77792,5904214,110707,9546943,114734,15451157,
All CA Counties,2021-04-12,342319,24157470,175839,12378334,128040,10698729,38440,1080407,157736,5920414,183466,9730409,199666,15650823,
All CA Counties,2021-04-13,435693,24593163,243922,12622256,190804,10889533,967,1081374,242884,5975651,191632,9922041,246869,15897692,
All CA Counties,2021-04-14,455934,25049097,255683,12877939,199956,11089489,295,1081669,237177,6000231,217412,10139453,241992,16139684,
All CA Counties,2021-04-15,496769,25545866,289393,13167332,207071,11296560,305,1081974,277393,6063068,217704,10357157,280541,16420225,
All CA Counties,2021-04-16,481364,26027230,270665,13437997,210386,11506946,313,1082287,256138,6098247,223714,10580871,258893,16679118,
All CA Counties,2021-04-17,347105,26374335,194145,13632142,152898,11659844,62,1082349,197295,6149966,148802,10729673,200521,16879639,
All CA Counties,2021-04-18,161844,26536179,104157,13736299,57669,11717513,18,1082367,82816,6157312,78528,10808201,85874,16965513,
All CA Counties,2021-04-19,323884,26860063,186179,13922478,137605,11855118,100,1082467,152986,6142431,169835,10978036,154954,17120467,
All CA Counties,2021-04-20,419693,27279756,226820,14149298,192791,12047909,82,1082549,208005,6143169,210434,11188470,211172,17331639,
All CA Counties,2021-04-21,440831,27720587,254849,14404147,185709,12233618,273,1082822,211642,6131080,227441,11415911,215352,17546991,
All CA Counties,2021-04-22,456648,28177235,262688,14666835,193875,12427493,85,1082907,203572,6086510,251467,11667378,206897,17753888,
All CA Counties,2021-04-23,448927,28626162,257935,14924770,190897,12618390,95,1083002,203495,6049624,243855,11911233,206969,17960857,
All CA Counties,2021-04-24,326622,28952784,205302,15130072,121136,12739526,184,1083186,165847,6059218,159718,12070951,169312,18130169,
All CA Counties,2021-04-25,150803,29103587,98811,15228883,51916,12791442,76,1083262,80514,6071517,69765,12140716,82064,18212233,
All CA Counties,2021-04-26,305847,29409434,177949,15406832,126339,12917781,1559,1084821,133645,6040150,171084,12311800,139717,18351950,
All CA Counties,2021-04-27,373868,29783302,207429,15614261,159789,13077570,6650,1091471,151150,5979689,221449,12533249,160988,18512938,
All CA Counties,2021-04-28,359947,30143249,208039,15822300,143957,13221527,7951,1099422,148609,5928543,210073,12743322,158927,18671865,
All CA Counties,2021-04-29,369167,30512416,214307,16036607,146900,13368427,7960,1107382,136195,5842968,231607,12974929,146032,18817897,
All CA Counties,2021-04-30,381968,30894384,220249,16256856,152738,13521165,8981,1116363,145908,5765265,234588,13209517,156885,18974782,
All CA Counties,2021-05-01,249059,31143443,158929,16415785,83996,13605161,6134,1122497,90398,5706366,157662,13367179,98763,19073545,
All CA Counties,2021-05-02,117166,31260609,81874,16497659,31402,13636563,3890,1126387,40964,5675839,75748,13442927,45221,19118766,
All CA Counties,2021-05-03,254499,31515108,156171,16653830,89529,13726092,8799,1135186,77702,5587399,175831,13618758,87391,19206157,
All CA Counties,2021-05-04,333987,31849095,205244,16859074,118904,13844996,9839,1145025,98856,5463320,233960,13852718,109881,19316038,
All CA Counties,2021-05-05,338565,32187660,212111,17071185,116358,13961354,10096,1155121,95822,5328919,241386,14094104,106985,19423023,
All CA Counties,2021-05-06,355534,32543194,233363,17304548,111615,14072969,10556,1165677,90383,5168989,263371,14357475,103441,19526464,
All CA Counties,2021-05-07,353015,32896209,221810,17526358,121306,14194275,9899,1175576,96121,5020876,255392,14612867,107279,19633743,
All CA Counties,2021-05-08,233545,33129754,148919,17675277,77649,14271924,6977,1182553,64413,4925655,168084,14780951,72863,19706606,
All CA Counties,2021-05-09,95494,33225248,72364,17747641,20140,14292064,2990,1185543,25135,4884217,70008,14850959,28570,19735176,
All CA Counties,2021-05-10,206853,33432101,118504,17866145,80455,14372519,7894,1193437,51181,4789820,154780,15005739,60383,19795559,
All CA Counties,2021-05-11,274457,33706558,156661,18022806,109123,14481642,8673,1202110,72560,4671987,200865,15206604,83032,19878591,
All CA Counties,2021-05-12,272269,33978827,158652,18181458,104484,14586126,9133,1211243,73057,4557267,198068,15404672,83348,19961939,
All CA Counties,2021-05-13,317704,34296531,204981,18386439,105294,14691420,7429,1218672,119524,4489923,196961,15601633,129617,20091556,
All CA Counties,2021-05-14,341260,34637791,218828,18605267,113510,14804930,8922,1227594,133025,4427060,206893,15808526,144030,20235586,
All CA Counties,2021-05-15,280337,34918128,195876,18801143,78446,14883376,6015,1233609,115556,4385786,163831,15972357,122557,20358143,
All CA Counties,2021-05-16,141405,35059533,108395,18909538,30057,14913433,2953,1236562,57733,4363707,83176,16055533,61097,20419240,
All CA Counties,2021-05-17,240381,35299914,158329,19067867,74632,14988065,7420,1243982,95182,4322927,144254,16199787,103474,20522714,
All CA Counties,2021-05-18,281967,35581881,171993,19239860,102561,15090626,7413,1251395,109974,4270886,170832,16370619,118791,20641505,
All CA Counties,2021-05-19,276083,35857964,172352,19412212,96162,15186788,7569,1258964,112813,4230230,162168,16532787,121512,20763017,
All CA Counties,2021-05-20,263905,36121869,157657,19569869,98087,15284875,8161,1267125,100393,4178018,162306,16695093,110094,20873111,
All CA Counties,2021-05-21,282524,36404393,173836,19743705,100731,15385606,7957,1275082,106387,4118799,174807,16869900,115588,20988699,
All CA Counties,2021-05-22,204776,36609169,135606,19879311,62938,15448544,6232,1281314,87485,4097196,116461,16986361,94858,21083557,
All CA Counties,2021-05-23,89904,36699073,63056,19942367,24150,15472694,2698,1284012,38803,4088417,50665,17037026,41886,21125443,
All CA Counties,2021-05-24,171277,36870350,100617,20042984,62336,15535030,8324,1292336,64914,4056998,105506,17142532,74087,21199530,
All CA Counties,2021-05-25,189683,37060033,111278,20154262,70357,15605387,8048,1300384,71726,4021004,116898,17259430,80904,21280434,
All CA Counties,2021-05-26,184558,37244591,106224,20260486,70474,15675861,7860,1308244,71614,3989378,111813,17371243,80187,21360621,
All CA Counties,2021-05-27,172287,37416878,98482,20358968,65284,15741145,8521,1316765,69180,3965919,102227,17473470,78768,21439389,
All CA Counties,2021-05-28,188723,37605601,108856,20467824,72744,15813889,7123,1323888,81240,3948944,106457,17579927,89482,21528871,
All CA Counties,2021-05-29,107163,37712764,65829,20533653,37505,15851394,3829,1327717,50076,3946829,56523,17636450,54408,21583279,
All CA Counties,2021-05-30,47094,37759858,31085,20564738,13550,15864944,2459,1330176,20609,3943886,26226,17662676,23283,21606562,
All CA Counties,2021-05-31,19802,37779660,11671,20576409,7157,15872101,974,1331150,6434,3938209,13199,17675875,7522,21614084,
All CA Counties,2021-06-01,168348,37948008,98177,20674586,63014,15935115,7157,1338307,59479,3897891,107839,17783714,67521,21681605,
All CA Counties,2021-06-02,142647,38090655,84374,20758960,51161,15986276,7112,1345419,53823,3871587,87898,17871612,61594,21743199,
All CA Counties,2021-06-03,170848,38261503,116831,20875791,46934,16033210,7083,1352502,51848,3813387,118131,17989743,59931,21803130,
All CA Counties,2021-06-04,199383,38460886,140432,21016223,52755,16085965,6196,1358698,59541,3742203,138755,18128498,67571,21870701,
All CA Counties,2021-06-05,157462,38618348,118861,21135084,32967,16118932,5634,1364332,43737,3679584,112938,18241436,50319,21921020,
All CA Counties,2021-06-06,64054,38682402,53970,21189054,7865,16126797,2219,1366551,17073,3653004,46684,18288120,20104,21941124,
All CA Counties,2021-06-07,136571,38818973,100289,21289343,30408,16157205,5874,1372425,40166,3603977,95780,18383900,46753,21987877,
All CA Counties,2021-06-08,158131,38977104,114795,21404138,36545,16193750,6791,1379216,46877,3548334,110339,18494239,54696,22042573,
All CA Counties,2021-06-09,152444,39129548,110898,21515036,34785,16228535,6761,1385977,42263,3488922,109345,18603584,49933,22092506,
All CA Counties,2021-06-10,146690,39276238,105585,21620621,33764,16262299,7341,1393318,42951,3437263,102997,18706581,51338,22143844,
All CA Counties,2021-06-11,159069,39435307,111738,21732359,40603,16302902,6728,1400046,49411,3385561,108743,18815324,57041,22200885,
All CA Counties,2021-06-12,114839,39550146,87042,21819401,24082,16326984,3715,1403761,32691,3341046,81587,18896911,37072,22237957,
All CA Counties,2021-06-13,44761,39594907,33368,21852769,9340,16336324,2053,1405814,11066,3321121,33443,18930354,13518,22251475,
All CA Counties,2021-06-14,115427,39710334,82080,21934849,26587,16362911,6760,1412574,37980,3289651,76820,19007174,45350,22296825,
All CA Counties,2021-06-15,131774,39842108,88997,22023846,33994,16396905,8783,1421357,43977,3256376,86931,19094105,53656,22350481,
All CA Counties,2021-06-16,120939,39963047,85208,22109054,28020,16424925,7711,1429068,41502,3227654,78678,19172783,49956,22400437,
All CA Counties,2021-06-17,114321,40077368,79252,22188306,27215,16452140,7854,1436922,40341,3203250,73230,19246013,48826,22449263,
All CA Counties,2021-06-18,128719,40206087,89270,22277576,31979,16484119,7470,1444392,46084,3175816,81740,19327753,54306,22503569,
All CA Counties,2021-06-19,76464,40282551,55583,22333159,16880,16500999,4001,1448393,28496,3161453,47374,19375127,33011,22536580,
All CA Counties,2021-06-20,30685,40313236,23126,22356285,6207,16507206,1352,1449745,11539,3155630,18931,19394058,13108,22549688,
All CA Counties,2021-06-21,71242,40384478,44674,22400959,20555,16527761,6013,1455758,36476,3164262,34377,19428435,43009,22592697,
All CA Counties,2021-06-22,100361,40484839,70092,22471051,24387,16552148,5882,1461640,39014,3149082,60742,19489177,45562,22638259,
All CA Counties,2021-06-23,93857,40578696,66304,22537355,21828,16573976,5725,1467365,38179,3138482,55100,19544277,44500,22682759,
All CA Counties,2021-06-24,90913,40669609,63492,22600847,21846,16595822,5575,1472940,36737,3127834,53525,19597802,42877,22725636,
All CA Counties,2021-06-25,105084,40774693,74393,22675240,25365,16621187,5326,1478266,42783,3114879,61656,19659458,48701,22774337,
All CA Counties,2021-06-26,67478,40842171,50906,22726146,13474,16634661,3098,1481364,27767,3106952,39346,19698804,31419,22805756,
All CA Counties,2021-06-27,31436,40873607,24171,22750317,5728,16640389,1537,1482901,13353,3104165,17902,19716706,15115,22820871,
All CA Counties,2021-06-28,71621,40945228,55485,22805802,11738,16652127,4398,1487299,31253,3100366,39911,19756617,36112,22856983,
All CA Counties,2021-06-29,83425,41028653,59203,22865005,19993,16672120,4229,1491528,35018,3092281,47890,19804507,39805,22896788,
All CA Counties,2021-06-30,78695,41107348,56488,22921493,18360,16690480,3847,1495375,35082,3088685,43073,19847580,39477,22936265,
All CA Counties,2021-07-01,73540,41180888,53107,22974600,16546,16707026,3887,1499262,32224,3084443,40868,19888448,36626,22972891,
All CA Counties,2021-07-02,83711,41264599,59885,23034485,19967,16726993,3859,1503121,36905,3079441,46268,19934716,41266,23014157,
All CA Counties,2021-07-03,46030,41310629,33601,23068086,10743,16737736,1686,1504807,20827,3077403,24859,19959575,22821,23036978,
All CA Counties,2021-07-04,3379,41314008,1960,23070046,1146,16738882,273,1505080,1482,3077344,1871,19961446,1812,23038790,
All CA Counties,2021-07-05,40560,41354568,30071,23100117,8919,16747801,1570,1506650,18777,3076442,21534,19982980,20632,23059422,
All CA Counties,2021-07-06,85516,41440084,62702,23162819,18865,16766666,3949,1510599,32730,3061508,52219,20035199,37285,23096707,
All CA Counties,2021-07-07,72005,41512089,52068,23214887,16034,16782700,3903,1514502,29857,3054141,41701,20076900,34334,23131041,
All CA Counties,2021-07-08,64010,41576099,46589,23261476,14185,16796885,3236,1517738,26912,3048009,36706,20113606,30574,23161615,
All CA Counties,2021-07-09,52397,41628496,37618,23299094,12023,16808908,2756,1520494,22213,3043529,29823,20143429,25343,23186958,
All CA and Non-CA Counties,2020-12-15,1172,1172,1172,1172,0,0,0,0,1172,1172,0,0,1172,1172,
All CA and Non-CA Counties,2020-12-16,8981,10153,8981,10153,0,0,0,0,8981,10153,0,0,8981,10153,
All CA and Non-CA Counties,2020-12-17,28219,38372,28219,38372,0,0,0,0,28219,38372,0,0,28219,38372,
All CA and Non-CA Counties,2020-12-18,47898,86270,47824,86196,74,74,0,0,47897,86268,1,1,47897,86269,
All CA and Non-CA Counties,2020-12-19,26590,112860,26559,112755,31,105,0,0,26589,112856,1,2,26589,112858,
All CA and Non-CA Counties,2020-12-20,19817,132677,19782,132537,35,140,0,0,19815,132669,2,4,19815,132673,
All CA and Non-CA Counties,2020-12-21,52032,184709,51933,184470,99,239,0,0,52029,184696,3,7,52030,184703,
All CA and Non-CA Counties,2020-12-22,52301,237010,50079,234549,2222,2461,0,0,52293,236983,6,13,52293,236996,
All CA and Non-CA Counties,2020-12-23,52322,289332,43345,277894,8977,11438,0,0,52314,289293,7,20,52317,289313,
All CA and Non-CA Counties,2020-12-24,24934,314266,16981,294875,7953,19391,0,0,24929,314219,5,25,24931,314244,
All CA and Non-CA Counties,2020-12-25,2386,316652,2056,296931,330,19721,0,0,2386,316605,0,25,2386,316630,
All CA and Non-CA Counties,2020-12-26,14954,331606,9686,306617,5268,24989,0,0,14952,331555,2,27,14952,331582,
All CA and Non-CA Counties,2020-12-27,9666,341272,5687,312304,3979,28968,0,0,9663,341215,3,30,9663,341245,
All CA and Non-CA Counties,2020-12-28,47653,388925,30512,342816,17141,46109,0,0,47648,388859,4,34,47648,388893,
All CA and Non-CA Counties,2020-12-29,52971,441896,29650,372466,23321,69430,0,0,52965,441819,5,39,52965,441858,
All CA and Non-CA Counties,2020-12-30,65144,507040,36941,409407,28203,97633,0,0,65132,506945,9,48,65135,506993,
All CA and Non-CA Counties,2020-12-31,30768,537808,11552,420959,19216,116849,0,0,30744,537669,21,69,30745,537738,
All CA and Non-CA Counties,2021-01-01,4855,542663,2203,423162,2652,119501,0,0,4846,542507,8,77,4846,542584,
All CA and Non-CA Counties,2021-01-02,18812,561475,10403,433565,8409,127910,0,0,18805,561309,3,80,18805,561389,
All CA and Non-CA Counties,2021-01-03,6433,567908,3607,437172,2826,130736,0,0,6398,567694,13,93,6398,567787,
All CA and Non-CA Counties,2021-01-04,44870,612778,22571,459743,22299,153035,0,0,44784,612437,41,134,44784,612571,
All CA and Non-CA Counties,2021-01-05,58450,671228,30857,490600,27593,180628,0,0,52486,659125,5899,6033,52587,665158,
All CA and Non-CA Counties,2021-01-06,76494,747722,42337,532937,34157,214785,0,0,59930,702724,16374,22407,59973,725131,
All CA and Non-CA Counties,2021-01-07,97120,844842,55547,588484,41573,256358,0,0,63703,733256,33233,55640,63765,788896,
All CA and Non-CA Counties,2021-01-08,112221,957063,67747,656231,44474,300832,0,0,68153,757573,43913,99553,68230,857126,
All CA and Non-CA Counties,2021-01-09,45979,1003042,26283,682514,19696,320528,0,0,28932,769517,17020,116573,28964,886090,
All CA and Non-CA Counties,2021-01-10,24799,1027841,15156,697670,9643,330171,0,0,13362,771479,11419,127992,13381,899471,
All CA and Non-CA Counties,2021-01-11,108398,1136239,71964,769634,36434,366605,0,0,62928,789166,45420,173412,63107,962578,
All CA and Non-CA Counties,2021-01-12,118504,1254743,70232,839866,48272,414877,0,0,75256,821612,43131,216543,75577,1038155,
All CA and Non-CA Counties,2021-01-13,123670,1378413,64123,903989,59547,474424,0,0,88419,874968,35159,251702,88515,1126670,
All CA and Non-CA Counties,2021-01-14,128687,1507100,51359,955348,77328,551752,0,0,108209,963015,20354,272056,108401,1235071,
All CA and Non-CA Counties,2021-01-15,146952,1654052,53144,1008492,93808,645560,0,0,131155,1078726,15685,287741,131396,1366467,
All CA and Non-CA Counties,2021-01-16,83756,1737808,27825,1036317,55931,701491,0,0,75929,1146915,7795,295536,75984,1442451,
All CA and Non-CA Counties,2021-01-17,48884,1786692,17073,1053390,31811,733302,0,0,45135,1188360,3736,299272,45181,1487632,
All CA and Non-CA Counties,2021-01-18,89720,1876412,46947,1100337,42773,776075,0,0,69805,1238510,19838,319110,69988,1557620,
All CA and Non-CA Counties,2021-01-19,146761,2023173,74841,1175178,71920,847995,0,0,114557,1321304,32098,351208,114892,1672512,
All CA and Non-CA Counties,2021-01-20,168463,2191636,86151,1261329,82312,930307,0,0,133134,1419638,35075,386283,133409,1805921,
All CA and Non-CA Counties,2021-01-21,180574,2372210,80071,1341400,100503,1030810,0,0,160243,1560188,20081,406364,160631,1966552,
All CA and Non-CA Counties,2021-01-22,175729,2547939,70930,1412330,104799,1135609,0,0,160712,1706201,14864,421228,160877,2127429,
All CA and Non-CA Counties,2021-01-23,114352,2662291,49861,1462191,64491,1200100,0,0,101524,1795093,12757,433985,101649,2229078,
All CA and Non-CA Counties,2021-01-24,61840,2724131,29685,1491876,32155,1232255,0,0,57049,1847455,4754,438739,57116,2286194,
All CA and Non-CA Counties,2021-01-25,150565,2874696,67641,1559517,82924,1315179,0,0,114156,1925755,36247,474986,114547,2400741,
All CA and Non-CA Counties,2021-01-26,176124,3050820,86214,1645731,89910,1405089,0,0,137147,2024363,38820,513806,137428,2538169,
All CA and Non-CA Counties,2021-01-27,188709,3239529,90754,1736485,97955,1503044,0,0,147930,2132096,40422,554228,148155,2686324,
All CA and Non-CA Counties,2021-01-28,194474,3434003,89942,1826427,104532,1607576,0,0,159205,2256601,34941,589169,159446,2845770,
All CA and Non-CA Counties,2021-01-29,189976,3623979,91643,1918070,98333,1705909,0,0,153846,2375159,35476,624645,154034,2999804,
All CA and Non-CA Counties,2021-01-30,129039,3753018,57977,1976047,71062,1776971,0,0,113175,2472802,15684,640329,113327,3113131,
All CA and Non-CA Counties,2021-01-31,72492,3825510,41259,2017306,31233,1808204,0,0,67362,2535154,5070,645399,67422,3180553,
All CA and Non-CA Counties,2021-02-01,168276,3993786,78479,2095785,89797,1898001,0,0,126097,2619423,41961,687360,126230,3306783,
All CA and Non-CA Counties,2021-02-02,193704,4187490,80745,2176530,112959,2010960,0,0,147695,2721676,45668,733028,147921,3454704,
All CA and Non-CA Counties,2021-02-03,219655,4407145,97746,2274276,121909,2132869,0,0,163485,2829812,55607,788635,163743,3618447,
All CA and Non-CA Counties,2021-02-04,236245,4643390,102231,2376507,134014,2266883,0,0,173576,2941709,62050,850685,173947,3792394,
All CA and Non-CA Counties,2021-02-05,254759,4898149,109121,2485628,145638,2412521,0,0,173736,3035868,80131,930816,174290,3966684,
All CA and Non-CA Counties,2021-02-06,160783,5058932,77265,2562893,83518,2496039,0,0,125188,3126206,35351,966167,125689,4092373,
All CA and Non-CA Counties,2021-02-07,69433,5128365,45286,2608179,24147,2520186,0,0,52754,3162838,16575,982742,53207,4145580,
All CA and Non-CA Counties,2021-02-08,187326,5315691,92735,2700914,94591,2614777,0,0,124042,3224871,62768,1045510,124801,4270381,
All CA and Non-CA Counties,2021-02-09,216861,5532552,104084,2804998,112777,2727554,0,0,129926,3269881,86074,1131584,131084,4401465,
All CA and Non-CA Counties,2021-02-10,256333,5788885,122352,2927350,133981,2861535,0,0,140662,3297329,114705,1246289,142153,4543618,
All CA and Non-CA Counties,2021-02-11,272451,6061336,134451,3061801,138000,2999535,0,0,148074,3324156,123081,1369370,149908,4693526,
All CA and Non-CA Counties,2021-02-12,280489,6341825,122191,3183992,158298,3157833,0,0,151286,3349701,128140,1497510,153685,4847211,
All CA and Non-CA Counties,2021-02-13,171391,6513216,78926,3262918,92465,3250298,0,0,94944,3370596,76019,1573529,96914,4944125,
All CA and Non-CA Counties,2021-02-14,97817,6611033,48402,3311320,49415,3299713,0,0,52980,3380489,44636,1618165,54529,4998654,
All CA and Non-CA Counties,2021-02-15,146355,6757388,64570,3375890,81785,3381498,0,0,80536,3398815,65348,1683513,83674,5082328,
All CA and Non-CA Counties,2021-02-16,258031,7015419,122110,3498000,135921,3517419,0,0,136618,3417595,120941,1804454,139721,5222049,
All CA and Non-CA Counties,2021-02-17,267763,7283182,133291,3631291,134472,3651891,0,0,131579,3416902,135494,1939948,134801,5356850,
All CA and Non-CA Counties,2021-02-18,282618,7565800,147654,3778945,134964,3786855,0,0,135128,3409682,146593,2086541,139373,5496223,
All CA and Non-CA Counties,2021-02-19,263193,7828993,153107,3932052,110086,3896941,0,0,134601,3418469,127901,2214442,136688,5632911,
All CA and Non-CA Counties,2021-02-20,160378,7989371,102985,4035037,57393,3954334,0,0,86883,3434213,73128,2287570,88872,5721783,
All CA and Non-CA Counties,2021-02-21,89885,8079256,72978,4108015,16907,3971241,0,0,45431,3437066,44128,2331698,46981,5768764,
All CA and Non-CA Counties,2021-02-22,175919,8255175,118127,4226142,57792,4029033,0,0,86842,3437084,88550,2420248,88568,5857332,
All CA and Non-CA Counties,2021-02-23,241803,8496978,127659,4353801,114144,4143177,0,0,110903,3424090,129906,2550154,116912,5974244,
All CA and Non-CA Counties,2021-02-24,300487,8797465,152360,4506161,148127,4291304,0,0,140775,3413651,158779,2708933,148340,6122584,
All CA and Non-CA Counties,2021-02-25,339133,9136598,167541,4673702,171592,4462896,0,0,175865,3435798,162286,2871219,184433,6307017,
All CA and Non-CA Counties,2021-02-26,371724,9508322,173704,4847406,198020,4660916,0,0,205287,3483174,165203,3036422,212579,6519596,
All CA and Non-CA Counties,2021-02-27,263661,9771983,127744,4975150,135886,4796802,31,31,147655,3520093,115190,3151612,152109,6671705,
All CA and Non-CA Counties,2021-02-28,139509,9911492,83075,5058225,56419,4853221,15,46,80546,3545067,58437,3210049,83411,6755116,
All CA and Non-CA Counties,2021-03-01,251569,10163061,134150,5192375,117261,4970482,158,204,143227,3585110,107363,3317412,147406,6902522,
All CA and Non-CA Counties,2021-03-02,301060,10464121,150949,5343324,150077,5120559,34,238,178168,3647991,122220,3439632,185101,7087623,
All CA and Non-CA Counties,2021-03-03,345362,10809483,171103,5514427,174188,5294747,71,309,197760,3706400,146742,3586374,205151,7292774,
All CA and Non-CA Counties,2021-03-04,363722,11173205,183206,5697633,180411,5475158,105,414,211512,3773784,151273,3737647,218657,7511431,
All CA and Non-CA Counties,2021-03-05,351119,11524324,172286,5869919,177683,5652841,1150,1564,217378,3866822,132769,3870416,225807,7737238,
All CA and Non-CA Counties,2021-03-06,266176,11790500,136398,6006317,121703,5774544,8075,9639,164847,3943590,100825,3971241,177593,7914831,
All CA and Non-CA Counties,2021-03-07,135426,11925926,80409,6086726,47972,5822516,7045,16684,82730,3984600,52447,4023688,93457,8008288,
All CA and Non-CA Counties,2021-03-08,228007,12153933,111370,6198096,105364,5927880,11273,27957,148815,4070940,78677,4102365,165017,8173305,
All CA and Non-CA Counties,2021-03-09,300439,12454372,143286,6341382,140596,6068476,16557,44514,168019,4127706,131797,4234162,188563,8361868,
All CA and Non-CA Counties,2021-03-10,331145,12785517,164535,6505917,141441,6209917,25169,69683,179032,4184675,151300,4385462,208269,8570137,
All CA and Non-CA Counties,2021-03-11,387169,13172686,187463,6693380,165444,6375361,34262,103945,198032,4233065,188016,4573478,236406,8806543,
All CA and Non-CA Counties,2021-03-12,405497,13578183,182094,6875474,176218,6551579,47185,151130,198688,4277170,205787,4779265,249892,9056435,
All CA and Non-CA Counties,2021-03-13,290797,13868980,127778,7003252,131317,6682896,31702,182832,157801,4338361,132449,4911714,193640,9250075,
All CA and Non-CA Counties,2021-03-14,158730,14027710,84553,7087805,58702,6741598,15475,198307,79533,4356755,78830,4990544,97224,9347299,
All CA and Non-CA Counties,2021-03-15,297184,14324894,142254,7230059,133744,6875342,21186,219493,160502,4406050,135755,5126299,185050,9532349,
All CA and Non-CA Counties,2021-03-16,380694,14705588,179768,7409827,183066,7058408,17860,237353,219204,4485708,160563,5286862,240221,9772570,
All CA and Non-CA Counties,2021-03-17,396670,15102258,197965,7607792,179593,7238001,19112,256465,244464,4600579,151179,5438041,266050,10038620,
All CA and Non-CA Counties,2021-03-18,414062,15516320,213138,7820930,181979,7419980,18945,275410,243654,4696151,169114,5607155,264686,10303306,
All CA and Non-CA Counties,2021-03-19,422103,15938423,222746,8043676,176936,7596916,22421,297831,243126,4785908,177817,5784972,267574,10570880,
All CA and Non-CA Counties,2021-03-20,302442,16240865,159322,8202998,127050,7723966,16070,313901,191192,4884217,110432,5895404,208741,10779621,
All CA and Non-CA Counties,2021-03-21,147655,16388520,101914,8304912,38102,7762068,7639,321540,89075,4924183,58119,5953523,98085,10877706,
All CA and Non-CA Counties,2021-03-22,279379,16667899,162864,8467776,105177,7867245,11338,332878,181151,5022411,97291,6050814,195519,11073225,
All CA and Non-CA Counties,2021-03-23,366850,17034749,202141,8669917,153290,8020535,11419,344297,224556,5119759,141213,6192027,238561,11311786,
All CA and Non-CA Counties,2021-03-24,397590,17432339,227150,8897067,157421,8177956,13019,357316,230103,5198887,166049,6358076,245177,11556963,
All CA and Non-CA Counties,2021-03-25,429040,17861379,235816,9132883,177774,8355730,15450,372766,242647,5274251,184858,6542934,260222,11817185,
All CA and Non-CA Counties,2021-03-26,444579,18305958,237533,9370416,190641,8546371,16405,389171,238992,5328360,204095,6747029,258204,12075389,
All CA and Non-CA Counties,2021-03-27,320744,18626702,170376,9540792,138328,8684699,12040,401211,161637,5346124,158139,6905168,175903,12251292,
All CA and Non-CA Counties,2021-03-28,173572,18800274,111229,9652021,58573,8743272,3770,404981,90564,5360329,82481,6987649,96686,12347978,
All CA and Non-CA Counties,2021-03-29,317796,19118070,170235,9822256,138057,8881329,9504,414485,176063,5407590,140800,7128449,188061,12536039,
All CA and Non-CA Counties,2021-03-30,408046,19526116,206749,10029005,182377,9063706,18920,433405,228817,5478785,178277,7306726,249472,12785511,
All CA and Non-CA Counties,2021-03-31,435445,19961561,236805,10265810,175838,9239544,22802,456207,241098,5550535,193113,7499839,264863,13050374,
All CA and Non-CA Counties,2021-04-01,503025,20464586,257883,10523693,203545,9443089,41597,497804,275902,5643569,225413,7725252,318447,13368821,
All CA and Non-CA Counties,2021-04-02,485297,20949883,236751,10760444,203899,9646988,44647,542451,261717,5729283,222125,7947377,307839,13676660,
All CA and Non-CA Counties,2021-04-03,337479,21287362,172610,10933054,122084,9769072,42785,585236,167904,5772146,168818,8116195,211681,13888341,
All CA and Non-CA Counties,2021-04-04,134675,21422037,70228,11003282,45110,9814182,19337,604573,58820,5774885,75489,8191684,78228,13966569,
All CA and Non-CA Counties,2021-04-05,360242,21782279,185265,11188547,134059,9948241,40918,645491,175589,5809930,183795,8375479,218840,14185409,
All CA and Non-CA Counties,2021-04-06,467538,22249817,237138,11425685,162934,10111175,67466,712957,225094,5862913,241326,8616805,294309,14479718,
All CA and Non-CA Counties,2021-04-07,484010,22733827,251722,11677407,160254,10271429,72034,784991,233842,5920626,249029,8865834,306742,14786460,
All CA and Non-CA Counties,2021-04-08,510711,23244538,257820,11935227,166088,10437517,86803,871794,239042,5978234,270268,9136102,327876,15114336,
All CA and Non-CA Counties,2021-04-09,506084,23750622,252225,12187452,171403,10608920,82456,954250,231723,6022138,273099,9409201,317003,15431339,
All CA and Non-CA Counties,2021-04-10,376809,24127431,171916,12359368,128367,10737287,76526,1030776,156906,6039068,219028,9628229,235958,15667297,
All CA and Non-CA Counties,2021-04-11,191814,24319245,107429,12466797,49551,10786838,34834,1065610,78785,6042823,112619,9740848,116374,15783671,
All CA and Non-CA Counties,2021-04-12,346619,24665864,178248,12645045,129357,10916195,39014,1104624,159643,6059119,185851,9926699,202147,15985818,
All CA and Non-CA Counties,2021-04-13,441665,25107529,247729,12892774,192944,11109139,992,1105616,245965,6114580,194513,10121212,249974,16235792,
All CA and Non-CA Counties,2021-04-14,461530,25569059,259259,13152033,201972,11311111,299,1105915,240247,6139718,219928,10341140,245066,16480858,
All CA and Non-CA Counties,2021-04-15,503080,26072139,293349,13445382,209419,11520530,312,1106227,280788,6203096,220565,10561705,283943,16764801,
All CA and Non-CA Counties,2021-04-16,487438,26559577,274157,13719539,212961,11733491,320,1106547,259520,6238992,226389,10788094,262285,17027086,
All CA and Non-CA Counties,2021-04-17,352749,26912326,197694,13917233,154992,11888483,63,1106610,200555,6291603,151171,10939265,203782,17230868,
All CA and Non-CA Counties,2021-04-18,164095,27076421,105449,14022682,58627,11947110,19,1106629,83925,6298925,79664,11018929,86986,17317854,
All CA and Non-CA Counties,2021-04-19,328167,27404588,188250,14210932,139816,12086926,101,1106730,155184,6284175,171906,11190835,157156,17475010,
All CA and Non-CA Counties,2021-04-20,425307,27829895,229441,14440373,195783,12282709,83,1106813,210325,6283955,213712,11404547,213492,17688502,
All CA and Non-CA Counties,2021-04-21,447629,28277524,257822,14698195,189528,12472237,279,1107092,214143,6270097,231718,11636265,217860,17906362,
All CA and Non-CA Counties,2021-04-22,463728,28741252,266348,14964543,197293,12669530,87,1107179,206176,6223673,255928,11892193,209504,18115866,
All CA and Non-CA Counties,2021-04-23,455023,29196275,261073,15225616,193854,12863384,96,1107275,206020,6185768,247403,12139596,209498,18325364,
All CA and Non-CA Counties,2021-04-24,331388,29527663,208418,15434034,122781,12986165,189,1107464,167765,6194449,162557,12302153,171238,18496602,
All CA and Non-CA Counties,2021-04-25,153088,29680751,100090,15534124,52921,13039086,77,1107541,81709,6206861,70851,12373004,83263,18579865,
All CA and Non-CA Counties,2021-04-26,310137,29990888,179882,15714006,128668,13167754,1587,1109128,135571,6175096,173436,12546440,141671,18721536,
All CA and Non-CA Counties,2021-04-27,379731,30370619,209661,15923667,163046,13330800,7024,1116152,153192,6113251,225257,12771697,163412,18884948,
All CA and Non-CA Counties,2021-04-28,365020,30735639,210241,16133908,146427,13477227,8352,1124504,150602,6061430,213136,12984833,161315,19046263,
All CA and Non-CA Counties,2021-04-29,374212,31109851,216706,16350614,149114,13626341,8392,1132896,138111,5975097,234713,13219546,148380,19194643,
All CA and Non-CA Counties,2021-04-30,387035,31496886,222722,16573336,154899,13781240,9414,1142310,147825,5896612,237723,13457269,159238,19353881,
All CA and Non-CA Counties,2021-05-01,252352,31749238,160831,16734167,84956,13866196,6565,1148875,91740,5837555,159593,13616862,100536,19454417,
All CA and Non-CA Counties,2021-05-02,119069,31868307,82994,16817161,32060,13898256,4015,1152890,41797,5806923,76811,13693673,46179,19500596,
All CA and Non-CA Counties,2021-05-03,257483,32125790,157806,16974967,90588,13988844,9089,1161979,78840,5718071,177669,13871342,88817,19589413,
All CA and Non-CA Counties,2021-05-04,338080,32463870,207464,17182431,120325,14109169,10291,1172270,100210,5593067,236688,14108030,111684,19701097,
All CA and Non-CA Counties,2021-05-05,343161,32807031,214700,17397131,117990,14227159,10471,1182741,97478,5457770,244316,14352346,109019,19810116,
All CA and Non-CA Counties,2021-05-06,360155,33167186,236206,17633337,113044,14340203,10905,1193646,91990,5296788,266378,14618724,105396,19915512,
All CA and Non-CA Counties,2021-05-07,357773,33524959,224575,17857912,122908,14463111,10290,1203936,97749,5147581,258505,14877229,109298,20024810,
All CA and Non-CA Counties,2021-05-08,236874,33761833,151175,18009087,78469,14541580,7230,1211166,65507,5051481,170311,15047540,74211,20099021,
All CA and Non-CA Counties,2021-05-09,96924,33858757,73316,18082403,20492,14562072,3116,1214282,25719,5009910,70849,15118389,29278,20128299,
All CA and Non-CA Counties,2021-05-10,209484,34068241,119731,18202134,81528,14643600,8225,1222507,52094,4915050,156489,15274878,61629,20189928,
All CA and Non-CA Counties,2021-05-11,277628,34345869,158223,18360357,110424,14754024,8981,1231488,73750,4796743,202841,15477719,84534,20274462,
All CA and Non-CA Counties,2021-05-12,275565,34621434,160253,18520610,105849,14859873,9463,1240951,74316,4681579,200100,15677819,84936,20359398,
All CA and Non-CA Counties,2021-05-13,320999,34942433,206906,18727516,106449,14966322,7644,1248595,120947,4614007,198828,15876647,131256,20490654,
All CA and Non-CA Counties,2021-05-14,344903,35287336,220894,18948410,114847,15081169,9162,1257757,134638,4550976,208916,16085563,145885,20636539,
All CA and Non-CA Counties,2021-05-15,283042,35570378,197474,19145884,79410,15160579,6158,1263915,116716,4509470,165369,16250932,123863,20760402,
All CA and Non-CA Counties,2021-05-16,143106,35713484,109498,19255382,30585,15191164,3023,1266938,58513,4487323,84095,16335027,61948,20822350,
All CA and Non-CA Counties,2021-05-17,243495,35956979,159991,19415373,75846,15267010,7658,1274596,96509,4446326,146036,16481063,105039,20927389,
All CA and Non-CA Counties,2021-05-18,285269,36242248,173669,19589042,103872,15370882,7728,1282324,111443,4394253,172651,16653714,120578,21047967,
All CA and Non-CA Counties,2021-05-19,279505,36521753,174074,19763116,97590,15468472,7841,1290165,114282,4353394,164111,16817825,123252,21171219,
All CA and Non-CA Counties,2021-05-20,267104,36788857,159439,19922555,99250,15567722,8415,1298580,101816,4301100,164067,16981892,111773,21282992,
All CA and Non-CA Counties,2021-05-21,285762,37074619,175635,20098190,101918,15669640,8209,1306789,107749,4241633,176669,17158561,117202,21400194,
All CA and Non-CA Counties,2021-05-22,207646,37282265,137492,20235682,63718,15733358,6436,1313225,89018,4220443,117786,17276347,96596,21496790,
All CA and Non-CA Counties,2021-05-23,91494,37373759,64096,20299778,24622,15757980,2776,1316001,39611,4211771,51445,17327792,42773,21539563,
All CA and Non-CA Counties,2021-05-24,173725,37547484,101791,20401569,63263,15821243,8671,1324672,65982,4180398,106875,17434667,75502,21615065,
All CA and Non-CA Counties,2021-05-25,192093,37739577,112406,20513975,71297,15892540,8390,1333062,72742,4144376,118281,17552948,82259,21697324,
All CA and Non-CA Counties,2021-05-26,186967,37926544,107341,20621316,71410,15963950,8216,1341278,72605,4112691,113220,17666168,81535,21778859,
All CA and Non-CA Counties,2021-05-27,174495,38101039,99572,20720888,66106,16030056,8817,1350095,70156,4089278,103451,17769619,80038,21858897,
All CA and Non-CA Counties,2021-05-28,191189,38292228,110099,20830987,73609,16103665,7481,1357576,82348,4072420,107807,17877426,90949,21949846,
All CA and Non-CA Counties,2021-05-29,108855,38401083,66684,20897671,37987,16141652,4184,1361760,50789,4070399,57497,17934923,55476,22005322,
All CA and Non-CA Counties,2021-05-30,48024,38449107,31656,20929327,13784,16155436,2584,1364344,21072,4067582,26688,17961611,23871,22029193,
All CA and Non-CA Counties,2021-05-31,20235,38469342,11861,20941188,7360,16162796,1014,1365358,6620,4061894,13436,17975047,7748,22036941,
All CA and Non-CA Counties,2021-06-01,170525,38639867,99328,21040516,63730,16226526,7467,1372825,60492,4021741,108997,18084044,68844,22105785,
All CA and Non-CA Counties,2021-06-02,144671,38784538,85381,21125897,51830,16278356,7460,1380285,54735,3995597,89000,18173044,62856,22168641,
All CA and Non-CA Counties,2021-06-03,173028,38957566,118031,21243928,47600,16325956,7397,1387682,52827,3937497,119324,18292368,61224,22229865,
All CA and Non-CA Counties,2021-06-04,201935,39159501,141862,21385790,53559,16379515,6514,1394196,60622,3866245,140220,18432588,68968,22298833,
All CA and Non-CA Counties,2021-06-05,159209,39318710,120078,21505868,33332,16412847,5799,1399995,44511,3803600,113904,18546492,51259,22350092,
All CA and Non-CA Counties,2021-06-06,65010,39383720,54687,21560555,8019,16420866,2304,1402299,17517,3777039,47194,18593686,20633,22370725,
All CA and Non-CA Counties,2021-06-07,138521,39522241,101350,21661905,30965,16451831,6206,1408505,40969,3728000,96926,18690612,47887,22418612,
All CA and Non-CA Counties,2021-06-08,160213,39682454,115980,21777885,37094,16488925,7139,1415644,47667,3672207,111626,18802238,55833,22474445,
All CA and Non-CA Counties,2021-06-09,154437,39836891,112092,21889977,35299,16524224,7046,1422690,43069,3612706,110523,18912761,51022,22525467,
All CA and Non-CA Counties,2021-06-10,148650,39985541,106736,21996713,34265,16558489,7649,1430339,43779,3561054,104127,19016888,52475,22577942,
All CA and Non-CA Counties,2021-06-11,161254,40146795,112995,22109708,41199,16599688,7060,1437399,50330,3509344,110003,19126891,58293,22636235,
All CA and Non-CA Counties,2021-06-12,116472,40263267,88258,22197966,24369,16624057,3845,1441244,33329,3464605,82580,19209471,37841,22674076,
All CA and Non-CA Counties,2021-06-13,45701,40308968,34006,22231972,9541,16633598,2154,1443398,11462,3444637,33983,19243454,14015,22688091,
All CA and Non-CA Counties,2021-06-14,117199,40426167,83071,22315043,27066,16660664,7062,1450460,38718,3413178,77847,19321301,46388,22734479,
All CA and Non-CA Counties,2021-06-15,133512,40559679,89955,22404998,34499,16695163,9058,1459518,44740,3379975,87897,19409198,54694,22789173,
All CA and Non-CA Counties,2021-06-16,122640,40682319,86215,22491213,28486,16723649,7939,1467457,42308,3351401,79564,19488762,50990,22840163,
All CA and Non-CA Counties,2021-06-17,116190,40798509,80286,22571499,27690,16751339,8214,1475671,41184,3327178,74252,19563014,50029,22890192,
All CA and Non-CA Counties,2021-06-18,130700,40929209,90354,22661853,32416,16783755,7930,1483601,46915,3299890,82883,19645897,55595,22945787,
All CA and Non-CA Counties,2021-06-19,77532,41006741,56289,22718142,17141,16800896,4102,1487703,29043,3285659,47888,19693785,33657,22979444,
All CA and Non-CA Counties,2021-06-20,31484,41038225,23707,22741849,6378,16807274,1399,1489102,12012,3280033,19254,19713039,13628,22993072,
All CA and Non-CA Counties,2021-06-21,72536,41110761,45328,22787177,20881,16828155,6327,1495429,37171,3289080,34971,19748010,44018,23037090,
All CA and Non-CA Counties,2021-06-22,102023,41212784,71144,22858321,24742,16852897,6137,1501566,39901,3274273,61511,19809521,46704,23083794,
All CA and Non-CA Counties,2021-06-23,95551,41308335,67232,22925553,22270,16875167,6049,1507615,38980,3263911,55986,19865507,45624,23129418,
All CA and Non-CA Counties,2021-06-24,92476,41400811,64406,22989959,22215,16897382,5855,1513470,37557,3253621,54266,19919773,43976,23173394,
All CA and Non-CA Counties,2021-06-25,106882,41507693,75422,23065381,25771,16923153,5689,1519159,43657,3240982,62574,19982347,49935,23223329,
All CA and Non-CA Counties,2021-06-26,68648,41576341,51673,23117054,13697,16936850,3278,1522437,28375,3233285,39904,20022251,32207,23255536,
All CA and Non-CA Counties,2021-06-27,32213,41608554,24776,23141830,5840,16942690,1597,1524034,13815,3230707,18214,20040465,15636,23271172,
All CA and Non-CA Counties,2021-06-28,73035,41681589,56326,23198156,12011,16954701,4698,1528732,31983,3227256,40595,20081060,37144,23308316,
All CA and Non-CA Counties,2021-06-29,84869,41766458,60085,23258241,20320,16975021,4464,1533196,35789,3219509,48556,20129616,40809,23349125,
All CA and Non-CA Counties,2021-06-30,80110,41846568,57308,23315549,18736,16993757,4066,1537262,35839,3216235,43726,20173342,40452,23389577,
All CA and Non-CA Counties,2021-07-01,74944,41921512,53925,23369474,16895,17010652,4124,1541386,32995,3212378,41490,20214832,37633,23427210,
All CA and Non-CA Counties,2021-07-02,85096,42006608,60677,23430151,20320,17030972,4099,1545485,37614,3207657,46934,20261766,42213,23469423,
All CA and Non-CA Counties,2021-07-03,46853,42053461,34192,23464343,10894,17041866,1767,1547252,21353,3205932,25153,20286919,23428,23492851,
All CA and Non-CA Counties,2021-07-04,3487,42056948,2027,23466370,1171,17043037,289,1547541,1548,3205914,1912,20288831,1894,23494745,
All CA and Non-CA Counties,2021-07-05,41587,42098535,30715,23497085,9230,17052267,1642,1549183,19385,3205278,21948,20310779,21312,23516057,
All CA and Non-CA Counties,2021-07-06,86937,42185472,63523,23560608,19179,17071446,4235,1553418,33397,3190546,52970,20363749,38238,23554295,
All CA and Non-CA Counties,2021-07-07,73516,42258988,52863,23613471,16399,17087845,4254,1557672,30600,3183505,42464,20406213,35423,23589718,
All CA and Non-CA Counties,2021-07-08,65251,42324239,47282,23660753,14465,17102310,3504,1561176,27518,3177618,37334,20443547,31447,23621165,
All CA and Non-CA Counties,2021-07-09,53413,42377652,38146,23698899,12306,17114616,2961,1564137,22681,3173271,30364,20473911,26017,23647182,
Outside California,2020-12-15,9,9,9,9,0,0,0,0,9,9,0,0,9,9,Not in California
Outside California,2020-12-16,274,283,274,283,0,0,0,0,274,283,0,0,274,283,Not in California
Outside California,2020-12-17,1588,1871,1588,1871,0,0,0,0,1588,1871,0,0,1588,1871,Not in California
Outside California,2020-12-18,2520,4391,2513,4384,7,7,0,0,2520,4391,0,0,2520,4391,Not in California
Outside California,2020-12-19,1027,5418,1026,5410,1,8,0,0,1027,5418,0,0,1027,5418,Not in California
Outside California,2020-12-20,675,6093,672,6082,3,11,0,0,675,6093,0,0,675,6093,Not in California
Outside California,2020-12-21,2171,8264,2168,8250,3,14,0,0,2171,8264,0,0,2171,8264,Not in California
Outside California,2020-12-22,2056,10320,1982,10232,74,88,0,0,2056,10320,0,0,2056,10320,Not in California
Outside California,2020-12-23,1525,11845,1380,11612,145,233,0,0,1524,11843,1,1,1524,11844,Not in California
Outside California,2020-12-24,802,12647,612,12224,190,423,0,0,802,12645,0,1,802,12646,Not in California
Outside California,2020-12-25,35,12682,30,12254,5,428,0,0,35,12680,0,1,35,12681,Not in California
Outside California,2020-12-26,306,12988,206,12460,100,528,0,0,306,12986,0,1,306,12987,Not in California
Outside California,2020-12-27,189,13177,72,12532,117,645,0,0,189,13175,0,1,189,13176,Not in California
Outside California,2020-12-28,1404,14581,892,13424,512,1157,0,0,1404,14579,0,1,1404,14580,Not in California
Outside California,2020-12-29,1541,16122,1017,14441,524,1681,0,0,1541,16120,0,1,1541,16121,Not in California
Outside California,2020-12-30,1876,17998,1216,15657,660,2341,0,0,1876,17996,0,1,1876,17997,Not in California
Outside California,2020-12-31,1102,19100,596,16253,506,2847,0,0,1101,19096,1,2,1101,19098,Not in California
Outside California,2021-01-01,107,19207,28,16281,79,2926,0,0,107,19203,0,2,107,19205,Not in California
Outside California,2021-01-02,248,19455,137,16418,111,3037,0,0,247,19449,1,3,247,19452,Not in California
Outside California,2021-01-03,185,19640,92,16510,93,3130,0,0,185,19634,0,3,185,19637,Not in California
Outside California,2021-01-04,1148,20788,512,17022,636,3766,0,0,1143,20776,1,4,1143,20780,Not in California
Outside California,2021-01-05,1553,22341,825,17847,728,4494,0,0,1358,21942,193,197,1359,22139,Not in California
Outside California,2021-01-06,2667,25008,1574,19421,1093,5587,0,0,1941,23160,723,920,1941,24080,Not in California
Outside California,2021-01-07,4093,29101,2519,21940,1574,7161,0,0,2452,23975,1639,2559,2454,26534,Not in California
Outside California,2021-01-08,4471,33572,2899,24839,1572,8733,0,0,2612,24741,1849,4408,2615,29149,Not in California
Outside California,2021-01-09,1305,34877,539,25378,766,9499,0,0,977,25393,327,4735,979,30128,Not in California
Outside California,2021-01-10,315,35192,186,25564,129,9628,0,0,195,25468,120,4855,195,30323,Not in California
Outside California,2021-01-11,3250,38442,1991,27555,1259,10887,0,0,1925,26069,1324,6179,1925,32248,Not in California
Outside California,2021-01-12,3876,42318,2286,29841,1590,12477,0,0,2286,26823,1586,7765,2340,34588,Not in California
Outside California,2021-01-13,3635,45953,1774,31615,1861,14338,0,0,2459,28111,1175,8940,2463,37051,Not in California
Outside California,2021-01-14,3656,49609,1263,32878,2393,16731,0,0,3009,30490,633,9573,3012,40063,Not in California
Outside California,2021-01-15,4156,53765,992,33870,3164,19895,0,0,3681,33708,463,10036,3681,43744,Not in California
Outside California,2021-01-16,2622,56387,390,34260,2232,22127,0,0,2447,35982,173,10209,2447,46191,Not in California
Outside California,2021-01-17,510,56897,152,34412,358,22485,0,0,461,36394,49,10258,461,46652,Not in California
Outside California,2021-01-18,1194,58091,770,35182,424,22909,0,0,739,36680,454,10712,740,47392,Not in California
Outside California,2021-01-19,4099,62190,1344,36526,2755,25664,0,0,3199,38982,900,11612,3202,50594,Not in California
Outside California,2021-01-20,4432,66622,1428,37954,3004,28668,0,0,3490,41536,937,12549,3491,54085,Not in California
Outside California,2021-01-21,4228,70850,1174,39128,3054,31722,0,0,3650,44624,562,13111,3650,57735,Not in California
Outside California,2021-01-22,4605,75455,1107,40235,3498,35220,0,0,4183,48397,412,13523,4185,61920,Not in California
Outside California,2021-01-23,2251,77706,350,40585,1901,37121,0,0,2075,50299,173,13696,2075,63995,Not in California
Outside California,2021-01-24,616,78322,258,40843,358,37479,0,0,536,50755,80,13776,536,64531,Not in California
Outside California,2021-01-25,4604,82926,1978,42821,2626,40105,0,0,3726,53614,869,14645,3728,68259,Not in California
Outside California,2021-01-26,6108,89034,2932,45753,3176,43281,0,0,5234,57982,873,15518,5241,73500,Not in California
Outside California,2021-01-27,5214,94248,2733,48486,2481,45762,0,0,4556,61889,651,16169,4558,78058,Not in California
Outside California,2021-01-28,5263,99511,2824,51310,2439,48201,0,0,4713,66062,540,16709,4713,82771,Not in California
Outside California,2021-01-29,4934,104445,3061,54371,1873,50074,0,0,4111,69361,815,17524,4114,86885,Not in California
Outside California,2021-01-30,4458,108903,2421,56792,2037,52111,0,0,4220,73346,236,17760,4221,91106,Not in California
Outside California,2021-01-31,3273,112176,2834,59626,439,52550,0,0,3210,76497,61,17821,3212,94318,Not in California
Outside California,2021-02-01,5641,117817,2636,62262,3005,55555,0,0,4914,80693,718,18539,4914,99232,Not in California
Outside California,2021-02-02,6913,124730,2238,64500,4675,60230,0,0,6168,86129,732,19271,6168,105400,Not in California
Outside California,2021-02-03,7536,132266,2138,66638,5398,65628,0,0,6636,91876,890,20161,6637,112037,Not in California
Outside California,2021-02-04,6917,139183,2163,68801,4754,70382,0,0,5875,96725,1027,21188,5876,117913,Not in California
Outside California,2021-02-05,7128,146311,2485,71286,4643,75025,0,0,6002,101610,1117,22305,6002,123915,Not in California
Outside California,2021-02-06,4563,150874,2270,73556,2293,77318,0,0,4086,105233,467,22772,4090,128005,Not in California
Outside California,2021-02-07,2232,153106,1835,75391,397,77715,0,0,2144,107293,86,22858,2146,130151,Not in California
Outside California,2021-02-08,5305,158411,3329,78720,1976,79691,0,0,4234,110467,1060,23918,4234,134385,Not in California
Outside California,2021-02-09,4311,162722,1925,80645,2386,82077,0,0,2979,112143,1304,25222,2980,137365,Not in California
Outside California,2021-02-10,5667,168389,1957,82602,3710,85787,0,0,3193,112920,2425,27647,3202,140567,Not in California
Outside California,2021-02-11,4926,173315,2293,84895,2633,88420,0,0,3560,115151,1348,28995,3579,144146,Not in California
Outside California,2021-02-12,5365,178680,1995,86890,3370,91790,0,0,3476,116760,1870,30865,3479,147625,Not in California
Outside California,2021-02-13,2464,181144,748,87638,1716,93506,0,0,1868,118050,591,31456,1881,149506,Not in California
Outside California,2021-02-14,1384,182528,430,88068,954,94460,0,0,1115,118906,261,31717,1117,150623,Not in California
Outside California,2021-02-15,2676,185204,1623,89691,1053,95513,0,0,1289,118827,1371,33088,1292,151915,Not in California
Outside California,2021-02-16,6684,191888,2923,92614,3761,99274,0,0,2613,117392,4053,37141,2618,154533,Not in California
Outside California,2021-02-17,6092,197980,3094,95708,2998,102272,0,0,1860,115041,4216,41357,1865,156398,Not in California
Outside California,2021-02-18,6666,204646,3840,99548,2826,105098,0,0,2095,112600,4537,45894,2096,158494,Not in California
Outside California,2021-02-19,5938,210584,4107,103655,1831,106929,0,0,2489,111655,3436,49330,2491,160985,Not in California
Outside California,2021-02-20,3541,214125,2863,106518,678,107607,0,0,1292,110706,2242,51572,1293,162278,Not in California
Outside California,2021-02-21,3109,217234,2875,109393,234,107841,0,0,928,109467,2167,53739,928,163206,Not in California
Outside California,2021-02-22,3770,221004,2763,112156,1007,108848,0,0,1700,109111,2061,55800,1705,164911,Not in California
Outside California,2021-02-23,6899,227903,3681,115837,3218,112066,0,0,2473,107282,4318,60118,2489,167400,Not in California
Outside California,2021-02-24,7069,234972,3762,119599,3307,115373,0,0,2539,105346,4480,64598,2544,169944,Not in California
Outside California,2021-02-25,7531,242503,3676,123275,3855,119228,0,0,3202,104267,4284,68882,3205,173149,Not in California
Outside California,2021-02-26,7656,250159,4081,127356,3575,122803,0,0,3216,103151,4333,73215,3217,176366,Not in California
Outside California,2021-02-27,6057,256216,2967,130323,3089,125892,1,1,1964,101052,4066,77281,1967,178333,Not in California
Outside California,2021-02-28,2500,258716,1773,132096,726,126618,1,2,830,100221,1664,78945,833,179166,Not in California
Outside California,2021-03-01,5048,263764,3179,135275,1868,128486,1,3,1413,98019,3621,82566,1419,180585,Not in California
Outside California,2021-03-02,6830,270594,2545,137820,4285,132771,0,3,2110,95429,4702,87268,2112,182697,Not in California
Outside California,2021-03-03,8021,278615,3148,140968,4871,137642,2,5,2753,92944,5243,92511,2758,185455,Not in California
Outside California,2021-03-04,6992,285607,2947,143915,4038,141680,7,12,2395,90783,4566,97077,2405,187860,Not in California
Outside California,2021-03-05,5405,291012,2727,146642,2663,144343,15,27,2797,91014,2590,99667,2821,190681,Not in California
Outside California,2021-03-06,4651,295663,2157,148799,2336,146679,158,185,2368,91270,2278,101945,2534,193215,Not in California
Outside California,2021-03-07,1766,297429,1040,149839,576,147255,150,335,1017,91700,744,102689,1174,194389,Not in California
Outside California,2021-03-08,3216,300645,1891,151730,1057,148312,268,603,2256,93303,928,103617,2531,196920,Not in California
Outside California,2021-03-09,4791,305436,2443,154173,2014,150326,334,937,2822,94503,1956,105573,3156,200076,Not in California
Outside California,2021-03-10,4546,309982,2164,156337,1848,152174,534,1471,2756,96020,1775,107348,3292,203368,Not in California
Outside California,2021-03-11,6328,316310,3221,159558,2417,154591,690,2161,3344,97087,2967,110315,4034,207402,Not in California
Outside California,2021-03-12,6563,322873,3932,163490,1902,156493,729,2890,3582,98435,2960,113275,4308,211710,Not in California
Outside California,2021-03-13,3862,326735,2207,165697,1184,157677,471,3361,2615,100286,1235,114510,3086,214796,Not in California
Outside California,2021-03-14,1825,328560,937,166634,549,158226,339,3700,998,100802,821,115331,1337,216133,Not in California
Outside California,2021-03-15,4110,332670,2146,168780,1489,159715,475,4175,2178,101539,1917,117248,2654,218787,Not in California
Outside California,2021-03-16,7636,340306,4427,173207,2816,162531,393,4568,4201,102714,3412,120660,4587,223374,Not in California
Outside California,2021-03-17,8523,348829,5515,178722,2629,165160,379,4947,5073,104731,3436,124096,5453,228827,Not in California
Outside California,2021-03-18,8397,357226,5181,183903,2671,167831,545,5492,4797,106487,3586,127682,5342,234169,Not in California
Outside California,2021-03-19,7426,364652,4422,188325,2458,170289,546,6038,4379,108385,3031,130713,4929,239098,Not in California
Outside California,2021-03-20,4817,369469,3174,191499,1551,171840,92,6130,3662,111000,1140,131853,3755,242853,Not in California
Outside California,2021-03-21,2128,371597,1454,192953,585,172425,89,6219,1695,112354,429,132282,1783,244636,Not in California
Outside California,2021-03-22,3334,374931,2013,194966,1233,173658,88,6307,2281,113678,1044,133326,2368,247004,Not in California
Outside California,2021-03-23,6186,381117,3140,198106,2738,176396,308,6615,4151,116135,2002,135328,4459,251463,Not in California
Outside California,2021-03-24,7403,388520,3798,201904,3157,179553,448,7063,5077,119346,2311,137639,5522,256985,Not in California
Outside California,2021-03-25,8349,396869,3860,205764,3962,183515,527,7590,6021,123590,2305,139944,6549,263534,Not in California
Outside California,2021-03-26,6771,403640,3567,209331,3023,186538,181,7771,4454,125939,2284,142228,4633,268167,Not in California
Outside California,2021-03-27,5608,409248,3125,212456,2263,188801,220,7991,3504,127569,2090,144318,3720,271887,Not in California
Outside California,2021-03-28,3117,412365,1655,214111,1300,190101,162,8153,2003,128629,1105,145423,2165,274052,Not in California
Outside California,2021-03-29,5275,417640,2346,216457,2582,192683,347,8500,3015,129740,2252,147675,3363,277415,Not in California
Outside California,2021-03-30,6974,424614,3664,220121,2741,195424,569,9069,4118,131591,2843,150518,4694,282109,Not in California
Outside California,2021-03-31,6460,431074,3843,223964,1827,197251,790,9859,3433,132790,3017,153535,4216,286325,Not in California
Outside California,2021-04-01,7735,438809,4626,228590,2444,199695,665,10524,4467,134657,3252,156787,5119,291444,Not in California
Outside California,2021-04-02,8554,447363,4538,233128,2875,202570,1141,11665,4421,136092,4120,160907,5555,296999,Not in California
Outside California,2021-04-03,6390,453753,3821,236949,1410,203980,1159,12824,3404,137682,2972,163879,4562,301561,Not in California
Outside California,2021-04-04,1847,455600,905,237854,701,204681,241,13065,999,138073,845,164724,1236,302797,Not in California
Outside California,2021-04-05,4254,459854,2057,239911,1514,206195,683,13748,2016,138542,2227,166951,2696,305493,Not in California
Outside California,2021-04-06,7284,467138,3916,243827,1713,207908,1655,15403,2924,138775,4337,171288,4570,310063,Not in California
Outside California,2021-04-07,8363,475501,4698,248525,1946,209854,1719,17122,3254,138643,5096,176384,4964,315027,Not in California
Outside California,2021-04-08,8361,483862,4398,252923,2013,211867,1950,19072,3339,138910,5007,181391,5274,320301,Not in California
Outside California,2021-04-09,7672,491534,3930,256853,1768,213635,1974,21046,2949,139115,4706,186097,4911,325212,Not in California
Outside California,2021-04-10,6182,497716,3034,259887,1282,214917,1866,22912,1711,138221,4457,190554,3563,328775,Not in California
Outside California,2021-04-11,2900,500616,1591,261478,658,215575,651,23563,988,137949,1907,192461,1635,330410,Not in California
Outside California,2021-04-12,4263,504879,2389,263867,1301,216876,573,24136,1891,138051,2362,194823,2464,332874,Not in California
Outside California,2021-04-13,5924,510803,3779,267646,2120,218996,25,24161,3063,138285,2853,197676,3087,335961,Not in California
Outside California,2021-04-14,5566,516369,3567,271213,1995,220991,4,24165,3064,138861,2492,200168,3068,339029,Not in California
Outside California,2021-04-15,6279,522648,3939,275152,2334,223325,6,24171,3384,139413,2839,203007,3391,342420,Not in California
Outside California,2021-04-16,6048,528696,3476,278628,2565,225890,7,24178,3372,140136,2659,205666,3382,345802,Not in California
Outside California,2021-04-17,5621,534317,3535,282163,2085,227975,1,24179,3252,141033,2355,208021,3252,349054,Not in California
Outside California,2021-04-18,2230,536547,1284,283447,945,228920,1,24180,1099,141011,1124,209145,1102,350156,Not in California
Outside California,2021-04-19,4248,540795,2049,285496,2198,231118,1,24181,2184,141148,2051,211196,2188,352344,Not in California
Outside California,2021-04-20,5590,546385,2606,288102,2983,234101,1,24182,2314,140202,3260,214456,2314,354658,Not in California
Outside California,2021-04-21,6758,553143,2953,291055,3799,237900,6,24188,2486,138443,4252,218708,2493,357151,Not in California
Outside California,2021-04-22,7052,560195,3641,294696,3409,241309,2,24190,2597,136602,4441,223149,2600,359751,Not in California
Outside California,2021-04-23,6065,566260,3122,297818,2942,244251,1,24191,2511,135584,3533,226682,2515,362266,Not in California
Outside California,2021-04-24,4732,570992,3091,300909,1636,245887,5,24196,1900,134668,2824,229506,1908,364174,Not in California
Outside California,2021-04-25,2265,573257,1270,302179,994,246881,1,24197,1188,134786,1074,230580,1192,365366,Not in California
Outside California,2021-04-26,4261,577518,1914,304093,2319,249200,28,24225,1914,134394,2334,232914,1942,367308,Not in California
Outside California,2021-04-27,5832,583350,2214,306307,3245,252445,373,24598,2031,133017,3789,236703,2412,369720,Not in California
Outside California,2021-04-28,5045,588395,2183,308490,2463,254908,399,24997,1985,132352,3043,239746,2378,372098,Not in California
Outside California,2021-04-29,5011,593406,2377,310867,2202,257110,432,25429,1901,131600,3085,242831,2333,374431,Not in California
Outside California,2021-04-30,5037,598443,2458,313325,2151,259261,428,25857,1901,130812,3120,245951,2332,376763,Not in California
Outside California,2021-05-01,3266,601709,1882,315207,953,260214,431,26288,1327,130650,1920,247871,1758,378521,Not in California
Outside California,2021-05-02,1888,603597,1114,316321,650,260864,124,26412,828,130548,1054,248925,952,379473,Not in California
Outside California,2021-05-03,2961,606558,1620,317941,1054,261918,287,26699,1132,130145,1821,250746,1418,380891,Not in California
Outside California,2021-05-04,4073,610631,2211,320152,1416,263334,446,27145,1349,129225,2712,253458,1792,382683,Not in California
Outside California,2021-05-05,4570,615201,2578,322730,1618,264952,374,27519,1645,128332,2915,256373,2022,384705,Not in California
Outside California,2021-05-06,4587,619788,2822,325552,1423,266375,342,27861,1596,127286,2983,259356,1937,386642,Not in California
Outside California,2021-05-07,4731,624519,2752,328304,1592,267967,387,28248,1618,126196,3095,262451,2005,388647,Not in California
Outside California,2021-05-08,3313,627832,2246,330550,816,268783,251,28499,1088,125319,2217,264668,1340,389987,Not in California
Outside California,2021-05-09,1413,629245,948,331498,343,269126,122,28621,576,125183,832,265500,696,390683,Not in California
Outside California,2021-05-10,2610,631855,1216,332714,1066,270192,328,28949,910,124730,1693,267193,1240,391923,Not in California
Outside California,2021-05-11,3151,635006,1552,334266,1295,271487,304,29253,1180,124252,1966,269159,1488,393411,Not in California
Outside California,2021-05-12,3282,638288,1593,335859,1360,272847,329,29582,1255,123812,2023,271182,1583,394994,Not in California
Outside California,2021-05-13,3277,641565,1913,337772,1154,274001,210,29792,1412,123576,1858,273040,1622,396616,Not in California
Outside California,2021-05-14,3620,645185,2048,339820,1333,275334,239,30031,1599,123403,2014,275054,1841,398457,Not in California
Outside California,2021-05-15,2683,647868,1578,341398,962,276296,143,30174,1147,123168,1528,276582,1293,399750,Not in California
Outside California,2021-05-16,1675,649543,1086,342484,520,276816,69,30243,766,123097,907,277489,836,400586,Not in California
Outside California,2021-05-17,3091,652634,1645,344129,1210,278026,236,30479,1318,122882,1769,279258,1554,402140,Not in California
Outside California,2021-05-18,3271,655905,1657,345786,1301,279327,313,30792,1452,122845,1805,281063,1768,403908,Not in California
Outside California,2021-05-19,3392,659297,1700,347486,1421,280748,271,31063,1459,122650,1924,282987,1729,405637,Not in California
Outside California,2021-05-20,3181,662478,1768,349254,1160,281908,253,31316,1413,122564,1754,284741,1668,407305,Not in California
Outside California,2021-05-21,3214,665692,1786,351040,1180,283088,248,31564,1353,122318,1847,286588,1601,408906,Not in California
Outside California,2021-05-22,2839,668531,1860,352900,776,283864,203,31767,1518,122728,1312,287900,1722,410628,Not in California
Outside California,2021-05-23,1580,670111,1033,353933,469,284333,78,31845,802,122833,776,288676,881,411509,Not in California
Outside California,2021-05-24,2439,672550,1168,355101,925,285258,346,32191,1063,122877,1365,290041,1409,412918,Not in California
Outside California,2021-05-25,2390,674940,1118,356219,936,286194,336,32527,1009,122848,1371,291412,1342,414260,Not in California
Outside California,2021-05-26,2397,677337,1108,357327,934,287128,355,32882,988,122792,1400,292812,1344,415604,Not in California
Outside California,2021-05-27,2186,679523,1075,358402,817,287945,294,33176,970,122845,1209,294021,1262,416866,Not in California
Outside California,2021-05-28,2443,681966,1231,359633,860,288805,352,33528,1096,122955,1339,295360,1449,418315,Not in California
Outside California,2021-05-29,1672,683638,837,360470,480,289285,355,33883,699,123041,968,296328,1054,419369,Not in California
Outside California,2021-05-30,924,684562,568,361038,232,289517,124,34007,461,123168,458,296786,585,419954,Not in California
Outside California,2021-05-31,432,684994,189,361227,203,289720,40,34047,186,123158,236,297022,226,420180,Not in California
Outside California,2021-06-01,2149,687143,1136,362363,709,290429,304,34351,1002,123322,1142,298164,1306,421486,Not in California
Outside California,2021-06-02,2017,689160,1003,363366,666,291095,348,34699,910,123485,1097,299261,1260,422746,Not in California
Outside California,2021-06-03,2163,691323,1184,364550,665,291760,314,35013,971,123586,1184,300445,1285,424031,Not in California
Outside California,2021-06-04,2524,693847,1412,365962,794,292554,318,35331,1066,123516,1452,301897,1382,425413,Not in California
Outside California,2021-06-05,1715,695562,1192,367154,359,292913,164,35495,755,123483,953,302850,920,426333,Not in California
Outside California,2021-06-06,927,696489,697,367851,148,293061,82,35577,433,123506,492,303342,515,426848,Not in California
Outside California,2021-06-07,1930,698419,1052,368903,549,293610,329,35906,794,123493,1135,304477,1122,427970,Not in California
Outside California,2021-06-08,2067,700486,1178,370081,544,294154,345,36251,785,123345,1277,305754,1129,429099,Not in California
Outside California,2021-06-09,1963,702449,1174,371255,505,294659,284,36535,789,123250,1166,306920,1071,430170,Not in California
Outside California,2021-06-10,1946,704395,1140,372395,498,295157,308,36843,822,123259,1122,308042,1131,431301,Not in California
Outside California,2021-06-11,2179,706574,1253,373648,595,295752,331,37174,914,123247,1258,309300,1246,432547,Not in California
Outside California,2021-06-12,1618,708192,1205,374853,283,296035,130,37304,629,123021,986,310286,760,433307,Not in California
Outside California,2021-06-13,930,709122,632,375485,197,296232,101,37405,393,122982,533,310819,494,433801,Not in California
Outside California,2021-06-14,1762,710884,982,376467,478,296710,302,37707,734,122994,1022,311841,1034,434835,Not in California
Outside California,2021-06-15,1716,712600,945,377412,496,297206,275,37982,755,123071,953,312794,1030,435865,Not in California
Outside California,2021-06-16,1695,714295,1004,378416,463,297669,228,38210,801,123215,885,313679,1029,436894,Not in California
Outside California,2021-06-17,1853,716148,1024,379440,471,298140,358,38568,831,123386,1018,314697,1189,438083,Not in California
Outside California,2021-06-18,1965,718113,1072,380512,433,298573,460,39028,821,123529,1136,315833,1279,439362,Not in California
Outside California,2021-06-19,1056,719169,696,381208,260,298833,100,39128,545,123668,504,316337,643,440005,Not in California
Outside California,2021-06-20,793,719962,577,381785,170,299003,46,39174,470,123864,320,316657,516,440521,Not in California
Outside California,2021-06-21,1281,721243,645,382430,322,299325,314,39488,687,124276,589,317246,1001,441522,Not in California
Outside California,2021-06-22,1645,722888,1041,383471,349,299674,255,39743,873,124638,766,318012,1128,442650,Not in California
Outside California,2021-06-23,1685,724573,924,384395,438,300112,323,40066,795,124872,883,318895,1117,443767,Not in California
Outside California,2021-06-24,1552,726125,909,385304,364,300476,279,40345,814,125228,736,319631,1092,444859,Not in California
Outside California,2021-06-25,1785,727910,1017,386321,405,300881,363,40708,866,125540,914,320545,1226,446085,Not in California
Outside California,2021-06-26,1156,729066,753,387074,223,301104,180,40888,598,125764,554,321099,778,446863,Not in California
Outside California,2021-06-27,754,729820,587,387661,109,301213,58,40946,450,125970,301,321400,507,447370,Not in California
Outside California,2021-06-28,1397,731217,827,388488,270,301483,300,41246,719,126313,678,322078,1021,448391,Not in California
Outside California,2021-06-29,1436,732653,876,389364,325,301808,235,41481,764,126645,665,322743,997,449388,Not in California
Outside California,2021-06-30,1393,734046,799,390163,375,302183,219,41700,745,126965,643,323386,963,450351,Not in California
Outside California,2021-07-01,1383,735429,798,390961,348,302531,237,41937,756,127339,618,324004,992,451343,Not in California
Outside California,2021-07-02,1377,736806,787,391748,350,302881,240,42177,704,127618,663,324667,942,452285,Not in California
Outside California,2021-07-03,815,737621,583,392331,151,303032,81,42258,522,127931,290,324957,603,452888,Not in California
Outside California,2021-07-04,106,737727,65,392396,25,303057,16,42274,66,127974,39,324996,82,452970,Not in California
Outside California,2021-07-05,1002,738729,624,393020,307,303364,71,42345,591,128230,406,325402,662,453632,Not in California
Outside California,2021-07-06,1408,740137,811,393831,311,303675,286,42631,660,128431,745,326147,946,454578,Not in California
Outside California,2021-07-07,1483,741620,778,394609,356,304031,349,42980,726,128749,752,326899,1070,455648,Not in California
Outside California,2021-07-08,1213,742833,669,395278,276,304307,268,43248,586,128982,620,327519,853,456501,Not in California
Outside California,2021-07-09,1006,743839,520,395798,281,304588,205,43453,466,129121,533,328052,672,457173,Not in California
Unknown,2020-12-17,2,2,2,2,0,0,0,0,0,0,0,0,0,0,Not in California
Unknown,2020-12-18,1,3,1,3,0,0,0,0,0,0,0,0,0,0,Not in California
Unknown,2020-12-21,4,7,4,7,0,0,0,0,0,0,0,0,0,0,Not in California
Unknown,2020-12-28,4,11,4,11,0,0,0,0,3,3,0,0,3,3,Not in California
Unknown,2020-12-29,6,17,5,16,1,1,0,0,7,10,0,0,7,10,Not in California
Unknown,2020-12-30,54,71,54,70,0,1,0,0,54,64,0,0,54,64,Not in California
Unknown,2020-12-31,1,72,0,70,1,2,0,0,0,64,0,0,0,64,Not in California
Unknown,2021-01-02,1,73,0,70,1,3,0,0,1,65,0,0,1,65,Not in California
Unknown,2021-01-04,3,76,3,73,0,3,0,0,2,67,0,0,2,67,Not in California
Unknown,2021-01-06,4,80,2,75,2,5,0,0,4,71,0,0,4,71,Not in California
Unknown,2021-01-07,72,152,71,146,1,6,0,0,71,142,0,0,71,142,Not in California
Unknown,2021-01-08,1,153,0,146,1,7,0,0,3,145,0,0,3,145,Not in California
Unknown,2021-01-09,2,155,2,148,0,7,0,0,3,148,0,0,3,148,Not in California
Unknown,2021-01-11,20,175,20,168,0,7,0,0,20,168,0,0,20,168,Not in California
Unknown,2021-01-12,11,186,10,178,1,8,0,0,9,177,1,1,10,178,Not in California
Unknown,2021-01-13,10,196,10,188,0,8,0,0,11,188,0,1,11,189,Not in California
Unknown,2021-01-14,3,199,3,191,0,8,0,0,3,191,0,1,3,192,Not in California
Unknown,2021-01-15,7,206,6,197,1,9,0,0,7,198,0,1,7,199,Not in California
Unknown,2021-01-16,7,213,7,204,0,9,0,0,7,205,0,1,7,206,Not in California
Unknown,2021-01-17,3,216,3,207,0,9,0,0,3,208,0,1,3,209,Not in California
Unknown,2021-01-18,56,272,56,263,0,9,0,0,54,260,2,3,54,263,Not in California
Unknown,2021-01-19,25,297,25,288,0,9,0,0,20,277,3,6,20,283,Not in California
Unknown,2021-01-20,81,378,81,369,0,9,0,0,29,253,53,59,29,312,Not in California
Unknown,2021-01-21,54,432,52,421,2,11,0,0,55,307,1,60,55,367,Not in California
Unknown,2021-01-22,36,468,32,453,4,15,0,0,36,343,0,60,36,403,Not in California
Unknown,2021-01-23,11,479,7,460,4,19,0,0,11,354,0,60,11,414,Not in California
Unknown,2021-01-24,2,481,2,462,0,19,0,0,3,357,0,60,3,417,Not in California
Unknown,2021-01-25,20,501,17,479,3,22,0,0,17,371,3,63,17,434,Not in California
Unknown,2021-01-26,88,589,87,566,1,23,0,0,90,460,1,64,90,524,Not in California
Unknown,2021-01-27,19,608,19,585,0,23,0,0,17,475,2,66,17,541,Not in California
Unknown,2021-01-28,159,767,157,742,2,25,0,0,101,515,61,127,101,642,Not in California
Unknown,2021-01-29,153,920,153,895,0,25,0,0,157,671,1,128,157,799,Not in California
Unknown,2021-01-30,12,932,10,905,2,27,0,0,14,683,2,130,14,813,Not in California
Unknown,2021-01-31,17,949,17,922,0,27,0,0,18,701,0,130,18,831,Not in California
Unknown,2021-02-01,38,987,36,958,2,29,0,0,20,701,20,150,20,851,Not in California
Unknown,2021-02-02,66,1053,65,1023,1,30,0,0,59,753,7,157,59,910,Not in California
Unknown,2021-02-03,44,1097,42,1065,2,32,0,0,32,774,11,168,32,942,Not in California
Unknown,2021-02-04,55,1152,50,1115,5,37,0,0,48,815,7,175,48,990,Not in California
Unknown,2021-02-05,22,1174,18,1133,4,41,0,0,16,825,6,181,16,1006,Not in California
Unknown,2021-02-06,17,1191,17,1150,0,41,0,0,11,830,6,187,11,1017,Not in California
Unknown,2021-02-07,9,1200,9,1159,0,41,0,0,7,835,2,189,7,1024,Not in California
Unknown,2021-02-08,56,1256,53,1212,3,44,0,0,15,809,41,230,15,1039,Not in California
Unknown,2021-02-09,21,1277,21,1233,0,44,0,0,6,800,15,245,6,1045,Not in California
Unknown,2021-02-10,34,1311,30,1263,4,48,0,0,9,784,25,270,9,1054,Not in California
Unknown,2021-02-11,88,1399,87,1350,1,49,0,0,44,782,46,316,44,1098,Not in California
Unknown,2021-02-12,42,1441,37,1387,5,54,0,0,10,760,32,348,10,1108,Not in California
Unknown,2021-02-13,12,1453,5,1392,7,61,0,0,8,764,4,352,8,1116,Not in California
Unknown,2021-02-14,7,1460,2,1394,5,66,0,0,4,766,2,354,4,1120,Not in California
Unknown,2021-02-15,45,1505,39,1433,6,72,0,0,28,779,15,369,28,1148,Not in California
Unknown,2021-02-16,115,1620,105,1538,10,82,0,0,33,730,82,451,33,1181,Not in California
Unknown,2021-02-17,14,1634,12,1550,2,84,0,0,8,729,9,460,8,1189,Not in California
Unknown,2021-02-18,110,1744,105,1655,5,89,0,0,18,655,92,552,18,1207,Not in California
Unknown,2021-02-19,198,1942,193,1848,5,94,0,0,47,551,151,703,47,1254,Not in California
Unknown,2021-02-20,9,1951,6,1854,3,97,0,0,3,548,6,709,3,1257,Not in California
Unknown,2021-02-21,18,1969,18,1872,0,97,0,0,1,532,17,726,1,1258,Not in California
Unknown,2021-02-22,18,1987,18,1890,0,97,0,0,7,528,11,737,7,1265,Not in California
Unknown,2021-02-23,67,2054,56,1946,11,108,0,0,15,492,51,788,15,1280,Not in California
Unknown,2021-02-24,45,2099,37,1983,8,116,0,0,14,476,30,818,14,1294,Not in California
Unknown,2021-02-25,73,2172,59,2042,14,130,0,0,25,452,49,867,25,1319,Not in California
Unknown,2021-02-26,39,2211,25,2067,14,144,0,0,21,457,16,883,21,1340,Not in California
Unknown,2021-02-27,22,2233,16,2083,6,150,0,0,9,457,9,892,9,1349,Not in California
Unknown,2021-02-28,19,2252,13,2096,6,156,0,0,12,464,5,897,12,1361,Not in California
Unknown,2021-03-01,44,2296,27,2123,17,173,0,0,24,469,19,916,24,1385,Not in California
Unknown,2021-03-02,22,2318,11,2134,11,184,0,0,12,474,7,923,12,1397,Not in California
Unknown,2021-03-03,16,2334,12,2146,4,188,0,0,11,481,4,927,11,1408,Not in California
Unknown,2021-03-04,48,2382,45,2191,3,191,0,0,18,469,30,957,18,1426,Not in California
Unknown,2021-03-05,24,2406,15,2206,9,200,0,0,21,484,6,963,21,1447,Not in California
Unknown,2021-03-06,20,2426,12,2218,6,206,2,2,16,498,4,967,18,1465,Not in California
Unknown,2021-03-07,3,2429,1,2219,0,206,2,4,2,500,2,969,4,1469,Not in California
Unknown,2021-03-08,33,2462,24,2243,7,213,2,6,9,486,25,994,11,1480,Not in California
Unknown,2021-03-09,39,2501,32,2275,3,216,4,10,10,470,30,1024,14,1494,Not in California
Unknown,2021-03-10,14,2515,11,2286,1,217,2,12,7,471,8,1032,9,1503,Not in California
Unknown,2021-03-11,31,2546,14,2300,3,220,14,26,8,471,22,1054,22,1525,Not in California
Unknown,2021-03-12,62,2608,48,2348,9,229,5,31,11,438,49,1103,16,1541,Not in California
Unknown,2021-03-13,16,2624,4,2352,8,237,4,35,6,438,10,1113,10,1551,Not in California
Unknown,2021-03-14,13,2637,6,2358,5,242,2,37,6,439,7,1120,8,1559,Not in California
Unknown,2021-03-15,36,2673,16,2374,18,260,2,39,24,451,14,1134,26,1585,Not in California
Unknown,2021-03-16,48,2721,22,2396,22,282,4,43,29,464,20,1154,33,1618,Not in California
Unknown,2021-03-17,39,2760,16,2412,22,304,1,44,34,495,4,1158,35,1653,Not in California
Unknown,2021-03-18,33,2793,20,2432,13,317,0,44,20,503,12,1170,20,1673,Not in California
Unknown,2021-03-19,29,2822,19,2451,10,327,0,44,22,517,8,1178,22,1695,Not in California
Unknown,2021-03-20,27,2849,13,2464,14,341,0,44,15,522,10,1188,15,1710,Not in California
Unknown,2021-03-21,16,2865,10,2474,6,347,0,44,12,531,3,1191,12,1722,Not in California
Unknown,2021-03-22,32,2897,19,2493,12,359,1,45,16,536,12,1203,17,1739,Not in California
Unknown,2021-03-23,24,2921,10,2503,9,368,5,50,11,541,11,1214,16,1755,Not in California
Unknown,2021-03-24,22,2943,9,2512,13,381,0,50,14,547,8,1222,14,1769,Not in California
Unknown,2021-03-25,39,2982,26,2538,13,394,0,50,24,557,14,1236,24,1793,Not in California
Unknown,2021-03-26,34,3016,18,2556,11,405,5,55,17,564,15,1251,22,1815,Not in California
Unknown,2021-03-27,33,3049,15,2571,15,420,3,58,19,569,17,1268,22,1837,Not in California
Unknown,2021-03-28,20,3069,9,2580,11,431,0,58,12,575,6,1274,12,1849,Not in California
Unknown,2021-03-29,40,3109,21,2601,19,450,0,58,23,585,13,1287,23,1872,Not in California
Unknown,2021-03-30,41,3150,24,2625,17,467,0,58,24,594,15,1302,24,1896,Not in California
Unknown,2021-03-31,35,3185,22,2647,12,479,1,59,25,609,11,1313,26,1922,Not in California
Unknown,2021-04-01,27,3212,17,2664,7,486,3,62,17,620,9,1322,20,1942,Not in California
Unknown,2021-04-02,45,3257,22,2686,14,500,9,71,19,622,26,1348,28,1970,Not in California
Unknown,2021-04-03,21,3278,10,2696,11,511,0,71,15,627,10,1358,15,1985,Not in California
Unknown,2021-04-04,15,3293,4,2700,11,522,0,71,9,631,5,1363,9,1994,Not in California
Unknown,2021-04-05,36,3329,22,2722,13,535,1,72,18,633,17,1380,19,2013,Not in California
Unknown,2021-04-06,24,3353,15,2737,8,543,1,73,12,635,11,1391,13,2026,Not in California
Unknown,2021-04-07,38,3391,26,2763,11,554,1,74,27,651,11,1402,27,2053,Not in California
Unknown,2021-04-08,32,3423,21,2784,6,560,5,79,15,652,19,1421,20,2073,Not in California
Unknown,2021-04-09,33,3456,24,2808,9,569,0,79,20,661,11,1432,20,2093,Not in California
Unknown,2021-04-10,11,3467,9,2817,1,570,1,80,5,660,7,1439,6,2099,Not in California
Unknown,2021-04-11,11,3478,7,2824,4,574,0,80,5,660,5,1444,5,2104,Not in California
Unknown,2021-04-12,37,3515,20,2844,16,590,1,81,16,654,23,1467,17,2121,Not in California
Unknown,2021-04-13,48,3563,28,2872,20,610,0,81,18,644,28,1495,18,2139,Not in California
Unknown,2021-04-14,30,3593,9,2881,21,631,0,81,6,626,24,1519,6,2145,Not in California
Unknown,2021-04-15,32,3625,17,2898,14,645,1,82,11,615,22,1541,11,2156,Not in California
Unknown,2021-04-16,26,3651,16,2914,10,655,0,82,10,609,16,1557,10,2166,Not in California
Unknown,2021-04-17,23,3674,14,2928,9,664,0,82,8,604,14,1571,9,2175,Not in California
Unknown,2021-04-18,21,3695,8,2936,13,677,0,82,10,602,12,1583,10,2185,Not in California
Unknown,2021-04-19,35,3730,22,2958,13,690,0,82,14,596,20,1603,14,2199,Not in California
Unknown,2021-04-20,24,3754,15,2973,9,699,0,82,6,584,18,1621,6,2205,Not in California
Unknown,2021-04-21,40,3794,20,2993,20,719,0,82,15,574,25,1646,15,2220,Not in California
Unknown,2021-04-22,28,3822,19,3012,9,728,0,82,7,561,20,1666,7,2227,Not in California
Unknown,2021-04-23,31,3853,16,3028,15,743,0,82,14,560,15,1681,14,2241,Not in California
Unknown,2021-04-24,34,3887,25,3053,9,752,0,82,18,563,15,1696,18,2259,Not in California
Unknown,2021-04-25,20,3907,9,3062,11,763,0,82,7,558,12,1708,7,2266,Not in California
Unknown,2021-04-26,29,3936,19,3081,10,773,0,82,12,552,18,1726,12,2278,Not in California
Unknown,2021-04-27,31,3967,18,3099,12,785,1,83,11,545,19,1745,12,2290,Not in California
Unknown,2021-04-28,28,3995,19,3118,7,792,2,85,8,535,20,1765,10,2300,Not in California
Unknown,2021-04-29,34,4029,22,3140,12,804,0,85,15,529,21,1786,15,2315,Not in California
Unknown,2021-04-30,30,4059,15,3155,10,814,5,90,16,535,15,1801,21,2336,Not in California
Unknown,2021-05-01,27,4086,20,3175,7,821,0,90,15,539,11,1812,15,2351,Not in California
Unknown,2021-05-02,15,4101,6,3181,8,829,1,91,5,536,9,1821,6,2357,Not in California
Unknown,2021-05-03,23,4124,15,3196,5,834,3,94,6,527,17,1838,8,2365,Not in California
Unknown,2021-05-04,20,4144,9,3205,5,839,6,100,5,522,16,1854,11,2376,Not in California
Unknown,2021-05-05,26,4170,11,3216,14,853,1,101,11,519,15,1869,12,2388,Not in California
Unknown,2021-05-06,34,4204,21,3237,6,859,7,108,11,513,24,1893,18,2406,Not in California
Unknown,2021-05-07,27,4231,13,3250,10,869,4,112,10,509,18,1911,14,2420,Not in California
Unknown,2021-05-08,16,4247,10,3260,4,873,2,114,6,507,10,1921,8,2428,Not in California
Unknown,2021-05-09,17,4264,4,3264,9,882,4,118,8,510,9,1930,12,2440,Not in California
Unknown,2021-05-10,21,4285,11,3275,7,889,3,121,3,500,16,1946,6,2446,Not in California
Unknown,2021-05-11,20,4305,10,3285,6,895,4,125,10,504,10,1956,14,2460,Not in California
Unknown,2021-05-12,14,4319,8,3293,5,900,1,126,4,500,9,1965,5,2465,Not in California
Unknown,2021-05-13,18,4337,12,3305,1,901,5,131,11,508,9,1974,17,2482,Not in California
Unknown,2021-05-14,23,4360,18,3323,4,905,1,132,14,513,9,1983,14,2496,Not in California
Unknown,2021-05-15,22,4382,20,3343,2,907,0,132,13,516,10,1993,13,2509,Not in California
Unknown,2021-05-16,26,4408,17,3360,8,915,1,133,14,519,12,2005,15,2524,Not in California
Unknown,2021-05-17,23,4431,17,3377,4,919,2,135,9,517,13,2018,11,2535,Not in California
Unknown,2021-05-18,31,4462,19,3396,10,929,2,137,17,522,14,2032,19,2554,Not in California
Unknown,2021-05-19,30,4492,22,3418,7,936,1,138,10,514,19,2051,11,2565,Not in California
Unknown,2021-05-20,18,4510,14,3432,3,939,1,139,10,518,7,2058,11,2576,Not in California
Unknown,2021-05-21,24,4534,13,3445,7,946,4,143,9,516,15,2073,13,2589,Not in California
Unknown,2021-05-22,31,4565,26,3471,4,950,1,144,15,519,13,2086,16,2605,Not in California
Unknown,2021-05-23,10,4575,7,3478,3,953,0,144,6,521,4,2090,6,2611,Not in California
Unknown,2021-05-24,9,4584,6,3484,2,955,1,145,5,523,4,2094,6,2617,Not in California
Unknown,2021-05-25,20,4604,10,3494,4,959,6,151,7,524,12,2106,13,2630,Not in California
Unknown,2021-05-26,12,4616,9,3503,2,961,1,152,3,521,7,2113,4,2634,Not in California
Unknown,2021-05-27,22,4638,15,3518,5,966,2,154,6,514,15,2128,8,2642,Not in California
Unknown,2021-05-28,23,4661,12,3530,5,971,6,160,12,521,11,2139,18,2660,Not in California
Unknown,2021-05-29,20,4681,18,3548,2,973,0,160,14,529,6,2145,14,2674,Not in California
Unknown,2021-05-30,6,4687,3,3551,2,975,1,161,2,528,4,2149,3,2677,Not in California
Unknown,2021-05-31,1,4688,1,3552,0,975,0,161,0,527,1,2150,0,2677,Not in California
Unknown,2021-06-01,28,4716,15,3567,7,982,6,167,11,528,16,2166,17,2694,Not in California
Unknown,2021-06-02,7,4723,4,3571,3,985,0,167,2,525,5,2171,2,2696,Not in California
Unknown,2021-06-03,17,4740,16,3587,1,986,0,167,8,524,9,2180,8,2704,Not in California
Unknown,2021-06-04,28,4768,18,3605,10,996,0,167,15,526,13,2193,15,2719,Not in California
Unknown,2021-06-05,32,4800,25,3630,6,1002,1,168,19,533,13,2206,20,2739,Not in California
Unknown,2021-06-06,29,4829,20,3650,6,1008,3,171,11,529,18,2224,14,2753,Not in California
Unknown,2021-06-07,20,4849,9,3659,8,1016,3,174,9,530,11,2235,12,2765,Not in California
Unknown,2021-06-08,15,4864,7,3666,5,1021,3,177,5,528,10,2245,8,2773,Not in California
Unknown,2021-06-09,30,4894,20,3686,9,1030,1,178,17,534,12,2257,18,2791,Not in California
Unknown,2021-06-10,14,4908,11,3697,3,1033,0,178,6,532,8,2265,6,2797,Not in California
Unknown,2021-06-11,6,4914,4,3701,1,1034,1,179,5,536,2,2267,6,2803,Not in California
Unknown,2021-06-12,15,4929,11,3712,4,1038,0,179,9,538,7,2274,9,2812,Not in California
Unknown,2021-06-13,10,4939,6,3718,4,1042,0,179,3,534,7,2281,3,2815,Not in California
Unknown,2021-06-14,10,4949,9,3727,1,1043,0,179,4,533,5,2286,4,2819,Not in California
Unknown,2021-06-15,22,4971,13,3740,9,1052,0,179,8,528,13,2299,8,2827,Not in California
Unknown,2021-06-16,6,4977,3,3743,3,1055,0,179,5,532,1,2300,5,2832,Not in California
Unknown,2021-06-17,16,4993,10,3753,4,1059,2,181,12,542,4,2304,14,2846,Not in California
Unknown,2021-06-18,16,5009,12,3765,4,1063,0,181,10,545,7,2311,10,2856,Not in California
Unknown,2021-06-19,12,5021,10,3775,1,1064,1,182,2,538,10,2321,3,2859,Not in California
Unknown,2021-06-20,6,5027,4,3779,1,1065,1,183,3,539,3,2324,4,2863,Not in California
Unknown,2021-06-21,13,5040,9,3788,4,1069,0,183,8,542,5,2329,8,2871,Not in California
Unknown,2021-06-22,17,5057,11,3799,6,1075,0,183,14,553,3,2332,14,2885,Not in California
Unknown,2021-06-23,9,5066,4,3803,4,1079,1,184,6,557,3,2335,7,2892,Not in California
Unknown,2021-06-24,11,5077,5,3808,5,1084,1,185,6,559,5,2340,7,2899,Not in California
Unknown,2021-06-25,13,5090,12,3820,1,1085,0,185,8,563,4,2344,8,2907,Not in California
Unknown,2021-06-26,14,5104,14,3834,0,1085,0,185,10,569,4,2348,10,2917,Not in California
Unknown,2021-06-27,23,5127,18,3852,3,1088,2,187,12,572,11,2359,14,2931,Not in California
Unknown,2021-06-28,17,5144,14,3866,3,1091,0,187,11,577,6,2365,11,2942,Not in California
Unknown,2021-06-29,8,5152,6,3872,2,1093,0,187,7,583,1,2366,7,2949,Not in California
Unknown,2021-06-30,22,5174,21,3893,1,1094,0,187,12,585,10,2376,12,2961,Not in California
Unknown,2021-07-01,21,5195,20,3913,1,1095,0,187,15,596,4,2380,15,2976,Not in California
Unknown,2021-07-02,8,5203,5,3918,3,1098,0,187,5,598,3,2383,5,2981,Not in California
Unknown,2021-07-03,8,5211,8,3926,0,1098,0,187,4,598,4,2387,4,2985,Not in California
Unknown,2021-07-04,2,5213,2,3928,0,1098,0,187,0,596,2,2389,0,2985,Not in California
Unknown,2021-07-05,25,5238,20,3948,4,1102,1,188,17,606,8,2397,18,3003,Not in California
Unknown,2021-07-06,13,5251,10,3958,3,1105,0,188,7,607,6,2403,7,3010,Not in California
Unknown,2021-07-07,28,5279,17,3975,9,1114,2,190,17,615,11,2414,19,3029,Not in California
Unknown,2021-07-08,28,5307,24,3999,4,1118,0,190,20,627,8,2422,20,3049,Not in California
Unknown,2021-07-09,10,5317,8,4007,2,1120,0,190,2,621,8,2430,2,3051,Not in California
Alameda,2020-12-15,37,37,37,37,0,0,0,0,37,37,0,0,37,37,California
Alameda,2020-12-16,213,250,213,250,0,0,0,0,213,250,0,0,213,250,California
Alameda,2020-12-17,513,763,513,763,0,0,0,0,513,763,0,0,513,763,California
Alameda,2020-12-18,1920,2683,1919,2682,1,1,0,0,1920,2683,0,0,1920,2683,California
Alameda,2020-12-19,1431,4114,1431,4113,0,1,0,0,1431,4114,0,0,1431,4114,California
Alameda,2020-12-20,1183,5297,1182,5295,1,2,0,0,1182,5295,1,1,1182,5296,California
Alameda,2020-12-21,1853,7150,1851,7146,2,4,0,0,1852,7147,0,1,1852,7148,California
Alameda,2020-12-22,2104,9254,2050,9196,54,58,0,0,2103,9249,1,2,2103,9251,California
Alameda,2020-12-23,1936,11190,1680,10876,256,314,0,0,1936,11185,0,2,1936,11187,California
Alameda,2020-12-24,1217,12407,754,11630,463,777,0,0,1217,12402,0,2,1217,12404,California
Alameda,2020-12-25,163,12570,126,11756,37,814,0,0,163,12565,0,2,163,12567,California
Alameda,2020-12-26,862,13432,324,12080,538,1352,0,0,862,13427,0,2,862,13429,California
Alameda,2020-12-27,498,13930,257,12337,241,1593,0,0,498,13925,0,2,498,13927,California
Alameda,2020-12-28,1889,15819,966,13303,923,2516,0,0,1889,15814,0,2,1889,15816,California
Alameda,2020-12-29,2488,18307,1080,14383,1408,3924,0,0,2487,18301,0,2,2487,18303,California
Alameda,2020-12-30,3100,21407,1328,15711,1772,5696,0,0,3100,21401,0,2,3100,21403,California
Alameda,2020-12-31,1804,23211,449,16160,1355,7051,0,0,1801,23200,2,4,1801,23204,California
Alameda,2021-01-01,179,23390,76,16236,103,7154,0,0,177,23375,2,6,177,23381,California
Alameda,2021-01-02,731,24121,526,16762,205,7359,0,0,730,24105,0,6,730,24111,California
Alameda,2021-01-03,336,24457,217,16979,119,7478,0,0,333,24435,3,9,333,24444,California
Alameda,2021-01-04,1623,26080,915,17894,708,8186,0,0,1611,26035,11,20,1611,26055,California
Alameda,2021-01-05,2229,28309,1285,19179,944,9130,0,0,1974,27757,252,272,1974,28029,California
Alameda,2021-01-06,3288,31597,1817,20996,1471,10601,0,0,2410,29294,875,1147,2412,30441,California
Alameda,2021-01-07,3845,35442,2162,23158,1683,12284,0,0,2647,30757,1189,2336,2652,33093,California
Alameda,2021-01-08,4783,40225,2735,25893,2048,14332,0,0,3040,32064,1738,4074,3045,36138,California
Alameda,2021-01-09,2036,42261,1385,27278,651,14983,0,0,1169,32366,867,4941,1169,37307,California
Alameda,2021-01-10,1065,43326,839,28117,226,15209,0,0,428,32156,638,5579,428,37735,California
Alameda,2021-01-11,4689,48015,3548,31665,1141,16350,0,0,2873,33222,1814,7393,2880,40615,California
Alameda,2021-01-12,4872,52887,3286,34951,1586,17936,0,0,3464,35284,1405,8798,3467,44082,California
Alameda,2021-01-13,5082,57969,2705,37656,2377,20313,0,0,3876,37960,1202,10000,3878,47960,California
Alameda,2021-01-14,5694,63663,2816,40472,2878,23191,0,0,4790,41858,895,10895,4793,52753,California
Alameda,2021-01-15,5878,69541,2336,42808,3542,26733,0,0,5093,46177,778,11673,5097,57850,California
Alameda,2021-01-16,3003,72544,1398,44206,1605,28338,0,0,2731,48636,273,11946,2732,60582,California
Alameda,2021-01-17,1883,74427,1090,45296,793,29131,0,0,1674,50102,209,12155,1675,62257,California
Alameda,2021-01-18,3200,77627,2051,47347,1149,30280,0,0,2603,52115,592,12747,2605,64862,California
Alameda,2021-01-19,5556,83183,3335,50682,2221,32501,0,0,4355,55273,1199,13946,4357,69219,California
Alameda,2021-01-20,6940,90123,4242,54924,2698,35199,0,0,5635,59621,1291,15237,5639,74858,California
Alameda,2021-01-21,8186,98309,3769,58693,4417,39616,0,0,7328,66104,850,16087,7333,82191,California
Alameda,2021-01-22,6916,105225,2069,60762,4847,44463,0,0,5761,70720,1146,17233,5762,87953,California
Alameda,2021-01-23,3300,108525,952,61714,2348,46811,0,0,2742,72906,556,17789,2742,90695,California
Alameda,2021-01-24,2047,110572,655,62369,1392,48203,0,0,1772,74407,271,18060,1772,92467,California
Alameda,2021-01-25,5222,115794,1988,64357,3234,51437,0,0,3635,76465,1579,19639,3637,96104,California
Alameda,2021-01-26,7366,123160,2325,66682,5041,56478,0,0,5465,80039,1892,21531,5466,101570,California
Alameda,2021-01-27,6762,129922,2085,68767,4677,61155,0,0,4879,83045,1873,23404,4879,106449,California
Alameda,2021-01-28,7932,137854,2563,71330,5369,66524,0,0,5674,86479,2242,25646,5676,112125,California
Alameda,2021-01-29,8035,145889,3203,74533,4832,71356,0,0,6179,90816,1844,27490,6181,118306,California
Alameda,2021-01-30,3467,149356,1700,76233,1767,73123,0,0,2749,92853,712,28202,2749,121055,California
Alameda,2021-01-31,1937,151293,959,77192,978,74101,0,0,1695,94310,238,28440,1695,122750,California
Alameda,2021-02-01,6518,157811,3887,81079,2631,76732,0,0,4357,96517,2151,30591,4358,127108,California
Alameda,2021-02-02,7096,164907,3819,84898,3277,80009,0,0,4742,98916,2343,32934,4742,131850,California
Alameda,2021-02-03,7173,172080,3783,88681,3390,83399,0,0,4415,100585,2751,35685,4420,136270,California
Alameda,2021-02-04,9601,181681,4152,92833,5449,88848,0,0,6430,103864,3157,38842,6436,142706,California
Alameda,2021-02-05,10415,192096,5426,98259,4989,93837,0,0,6501,106465,3906,42748,6507,149213,California
Alameda,2021-02-06,7041,199137,4462,102721,2579,96416,0,0,5890,111209,1147,43895,5891,155104,California
Alameda,2021-02-07,3595,202732,2897,105618,698,97114,0,0,2648,112915,943,44838,2649,157753,California
Alameda,2021-02-08,8178,210910,5841,111459,2337,99451,0,0,5575,115901,2591,47429,5577,163330,California
Alameda,2021-02-09,9777,220687,5877,117336,3900,103351,0,0,6098,118343,3658,51087,6100,169430,California
Alameda,2021-02-10,11596,232283,6843,124179,4753,108104,0,0,6503,119780,5074,56161,6511,175941,California
Alameda,2021-02-11,14086,246369,8081,132260,6005,114109,0,0,8156,122027,5912,62073,8159,184100,California
Alameda,2021-02-12,12660,259029,5761,138021,6899,121008,0,0,7823,125042,4811,66884,7826,191926,California
Alameda,2021-02-13,7874,266903,4088,142109,3786,124794,0,0,5880,128938,1986,68870,5882,197808,California
Alameda,2021-02-14,4070,270973,2562,144671,1508,126302,0,0,2884,130645,1180,70050,2887,200695,California
Alameda,2021-02-15,5712,276685,3212,147883,2500,128802,0,0,3701,132342,2008,72058,3705,204400,California
Alameda,2021-02-16,12636,289321,7017,154900,5619,134421,0,0,9351,138430,3272,75330,9360,213760,California
Alameda,2021-02-17,14314,303635,8504,163404,5810,140231,0,0,10604,145348,3688,79018,10606,224366,California
Alameda,2021-02-18,16084,319719,10211,173615,5873,146104,0,0,11657,152597,4414,83432,11663,236029,California
Alameda,2021-02-19,18058,337777,11731,185346,6327,152431,0,0,11898,158366,6135,89567,11904,247933,California
Alameda,2021-02-20,12224,350001,9877,195223,2347,154778,0,0,9363,164880,2855,92422,9369,257302,California
Alameda,2021-02-21,7982,357983,6998,202221,984,155762,0,0,5363,167636,2608,95030,5364,262666,California
Alameda,2021-02-22,11420,369403,8433,210654,2987,158749,0,0,7160,170562,4243,99273,7169,269835,California
Alameda,2021-02-23,13593,382996,8256,218910,5337,164086,0,0,8423,173834,5158,104431,8430,278265,California
Alameda,2021-02-24,15478,398474,8684,227594,6794,170880,0,0,9987,178405,5421,109852,9992,288257,California
Alameda,2021-02-25,16463,414937,9562,237156,6901,177781,0,0,10362,182717,6059,115911,10371,298628,California
Alameda,2021-02-26,19120,434057,11156,248312,7964,185745,0,0,12107,187873,6957,122868,12113,310741,California
Alameda,2021-02-27,15460,449517,11418,259730,4040,189785,2,2,9535,191528,5885,128753,9540,320281,California
Alameda,2021-02-28,10170,459687,8478,268208,1691,191476,1,3,6583,194554,3560,132313,6586,326867,California
Alameda,2021-03-01,14199,473886,9817,278025,4368,195844,14,17,8668,197763,5480,137793,8689,335556,California
Alameda,2021-03-02,15156,489042,10891,288916,4263,200107,2,19,9903,202449,5227,143020,9913,345469,California
Alameda,2021-03-03,15961,505003,10461,299377,5497,205604,3,22,10906,208339,5024,148044,10914,356383,California
Alameda,2021-03-04,17604,522607,11287,310664,6315,211919,2,24,11066,212914,6493,154537,11068,367451,California
Alameda,2021-03-05,16416,539023,10734,321398,5672,217591,10,34,11061,218683,5309,159846,11078,378529,California
Alameda,2021-03-06,14692,553715,10327,331725,4103,221694,262,296,9700,223706,4939,164785,9962,388491,California
Alameda,2021-03-07,10004,563719,8543,340268,1245,222939,216,512,7053,228060,2918,167703,7272,395763,California
Alameda,2021-03-08,12090,575809,7513,347781,4178,227117,399,911,9021,234461,3017,170720,9418,405181,California
Alameda,2021-03-09,14842,590651,10380,358161,4020,231137,442,1353,8072,236245,6730,177450,8514,413695,California
Alameda,2021-03-10,17709,608360,12248,370409,4889,236026,572,1925,7962,235052,9713,187163,8520,422215,California
Alameda,2021-03-11,19963,628323,11688,382097,6553,242579,1722,3647,6790,230395,13140,200303,8483,430698,California
Alameda,2021-03-12,21561,649884,12600,394697,7254,249833,1707,5354,7438,225433,14089,214392,9127,439825,California
Alameda,2021-03-13,16259,666143,10411,405108,4836,254669,1012,6366,5163,220536,11058,225450,6161,445986,California
Alameda,2021-03-14,10960,677103,8064,413172,2105,256774,791,7157,3318,217013,7619,233069,4096,450082,California
Alameda,2021-03-15,14606,691709,9548,422720,4523,261297,535,7692,6185,215348,8380,241449,6715,456797,California
Alameda,2021-03-16,17421,709130,11284,434004,5591,266888,546,8238,7299,213133,10062,251511,7847,464644,California
Alameda,2021-03-17,17830,726960,10124,444128,6971,273859,735,8973,8201,212485,9578,261089,8930,473574,California
Alameda,2021-03-18,19509,746469,10680,454808,7926,281785,903,9876,8775,211464,10698,271787,9677,483251,California
Alameda,2021-03-19,19772,766241,10882,465690,7090,288875,1800,11676,7727,208987,11989,283776,9512,492763,California
Alameda,2021-03-20,15936,782177,10435,476125,4639,293514,862,12538,6326,206593,9572,293348,7178,499941,California
Alameda,2021-03-21,9350,791527,7354,483479,1439,294953,557,13095,3474,204759,5864,299212,4030,503971,California
Alameda,2021-03-22,15343,806870,10335,493814,3996,298949,1012,14107,6977,204407,8331,307543,7979,511950,California
Alameda,2021-03-23,19629,826499,11919,505733,6897,305846,813,14920,9958,205565,9616,317159,10774,522724,California
Alameda,2021-03-24,19536,846035,11816,517549,6692,312538,1028,15948,8465,204041,11004,328163,9480,532204,California
Alameda,2021-03-25,20817,866852,11598,529147,7807,320345,1412,17360,9504,203708,11234,339397,10901,543105,California
Alameda,2021-03-26,21216,888068,12793,541940,6852,327197,1571,18931,8561,201218,12602,351999,10112,553217,California
Alameda,2021-03-27,18503,906571,12632,554572,4915,332112,956,19887,7557,198832,10886,362885,8500,561717,California
Alameda,2021-03-28,10720,917291,8727,563299,1791,333903,202,20089,3478,195295,7221,370106,3684,565401,California
Alameda,2021-03-29,14940,932231,9525,572824,4416,338319,999,21088,5986,193366,8911,379017,6982,572383,California
Alameda,2021-03-30,18888,951119,9935,582759,7225,345544,1728,22816,9477,195185,9373,388390,11192,583575,California
Alameda,2021-03-31,19692,970811,10398,593157,7176,352720,2118,24934,9217,196061,10441,398831,11317,594892,California
Alameda,2021-04-01,23619,994430,10151,603308,7757,360477,5711,30645,11227,200604,12329,411160,16872,611764,California
Alameda,2021-04-02,24418,1018848,10034,613342,8481,368958,5903,36548,11860,205785,12516,423676,17697,629461,California
Alameda,2021-04-03,20518,1039366,9920,623262,5721,374679,4877,41425,10370,210873,10121,433797,15209,644670,California
Alameda,2021-04-04,10023,1049389,4012,627274,2300,376979,3711,45136,3467,211494,6534,440331,7155,651825,California
Alameda,2021-04-05,18034,1067423,7613,634887,5603,382582,4818,49954,7365,213022,10638,450969,12166,663991,California
Alameda,2021-04-06,22466,1089889,10820,645707,5768,388350,5878,55832,10227,216884,12198,463167,16060,680051,California
Alameda,2021-04-07,22811,1112700,11726,657433,5588,393938,5497,61329,11532,222661,11229,474396,17006,697057,California
Alameda,2021-04-08,25825,1138525,11673,669106,6111,400049,8041,69370,11058,227040,14683,489079,19062,716119,California
Alameda,2021-04-09,23700,1162225,10835,679941,7595,407644,5270,74640,12193,233019,11466,500545,17445,733564,California
Alameda,2021-04-10,19481,1181706,7518,687459,5722,413366,6241,80881,8276,236333,11174,511719,14488,748052,California
Alameda,2021-04-11,11109,1192815,4870,692329,2279,415645,3960,84841,4515,238209,6574,518293,8450,756502,California
Alameda,2021-04-12,18316,1211131,11881,704210,4437,420082,1998,86839,10297,242522,7975,526268,12288,768790,California
Alameda,2021-04-13,23307,1234438,14767,718977,8478,428560,62,86901,17099,253539,6151,532419,17168,785958,California
Alameda,2021-04-14,23408,1257846,15349,734326,8057,436617,2,86903,15661,261505,7702,540121,15668,801626,California
Alameda,2021-04-15,24510,1282356,15640,749966,8865,445482,5,86908,16149,269375,8293,548414,16163,817789,California
Alameda,2021-04-16,24900,1307256,14658,764624,10236,455718,6,86914,15885,276336,8945,557359,15906,833695,California
Alameda,2021-04-17,21215,1328471,14662,779286,6551,462269,2,86916,14650,284480,6522,563881,14666,848361,California
Alameda,2021-04-18,10450,1338921,8068,787354,2382,464651,0,86916,7219,288514,3194,567075,7228,855589,California
Alameda,2021-04-19,15995,1354916,9946,797300,6048,470699,1,86917,9241,291054,6711,573786,9251,864840,California
Alameda,2021-04-20,19015,1373931,11764,809064,7249,477948,2,86919,10339,292800,8615,582401,10361,875201,California
Alameda,2021-04-21,20447,1394378,12283,821347,8152,486100,12,86931,11802,296058,8577,590978,11835,887036,California
Alameda,2021-04-22,22135,1416513,14391,835738,7739,493839,5,86936,11732,297481,10340,601318,11763,898799,California
Alameda,2021-04-23,22500,1439013,14700,850438,7796,501635,4,86940,12494,300073,9935,611253,12527,911326,California
Alameda,2021-04-24,19072,1458085,14473,864911,4591,506226,8,86948,10071,301219,8949,620202,10095,921421,California
Alameda,2021-04-25,9026,1467111,7020,871931,2005,508231,1,86949,5907,304048,3090,623292,5919,927340,California
Alameda,2021-04-26,14881,1481992,10333,882264,4520,512751,28,86977,9102,307450,5739,629031,9141,936481,California
Alameda,2021-04-27,16737,1498729,9970,892234,6398,519149,369,87346,7844,306851,8836,637867,8237,944718,California
Alameda,2021-04-28,17085,1515814,10901,903135,5718,524867,466,87812,6907,304102,10139,648006,7390,952108,California
Alameda,2021-04-29,17722,1533536,10745,913880,6647,531514,330,88142,6601,300003,11054,659060,6955,959063,California
Alameda,2021-04-30,20572,1554108,12944,926824,7281,538795,347,88489,8473,296863,12006,671066,8866,967929,California
Alameda,2021-05-01,14103,1568211,9431,936255,4461,543256,211,88700,5266,293575,8793,679859,5505,973434,California
Alameda,2021-05-02,7111,1575322,4964,941219,1976,545232,171,88871,2900,292456,4193,684052,3074,976508,California
Alameda,2021-05-03,14632,1589954,11001,952220,3309,548541,322,89193,2859,283963,11707,695759,3214,979722,California
Alameda,2021-05-04,18881,1608835,13646,965866,4871,553412,364,89557,3807,273173,14997,710756,4207,983929,California
Alameda,2021-05-05,18792,1627627,13735,979601,4548,557960,509,90066,3834,262642,14892,725648,4361,988290,California
Alameda,2021-05-06,19294,1646921,14683,994284,3916,561876,695,90761,3783,251706,15428,741076,4492,992782,California
Alameda,2021-05-07,19500,1666421,13166,1007450,5914,567790,420,91181,4469,241656,14956,756032,4906,997688,California
Alameda,2021-05-08,17089,1683510,11861,1019311,5015,572805,213,91394,3266,231368,13783,769815,3495,1001183,California
Alameda,2021-05-09,8586,1692096,7031,1026342,1412,574217,143,91537,1329,225609,7235,777050,1476,1002659,California
Alameda,2021-05-10,10436,1702532,7202,1033544,2907,577124,327,91864,2506,220561,7891,784941,2843,1005502,California
Alameda,2021-05-11,15729,1718261,8625,1042169,6788,583912,316,92180,2808,210852,12871,797812,3162,1008664,California
Alameda,2021-05-12,13537,1731798,9031,1051200,4059,587971,447,92627,2716,203276,10774,808586,3198,1011862,California
Alameda,2021-05-13,18086,1749884,13010,1064210,4534,592505,542,93169,5732,197289,12301,820887,6314,1018176,California
Alameda,2021-05-14,20835,1770719,14161,1078371,6208,598713,466,93635,7069,191154,13684,834571,7549,1025725,California
Alameda,2021-05-15,17339,1788058,12661,1091032,4446,603159,232,93867,5931,185964,11358,845929,6168,1031893,California
Alameda,2021-05-16,8897,1796955,7650,1098682,1141,604300,106,93973,3140,183493,5722,851651,3251,1035144,California
Alameda,2021-05-17,13569,1810524,10119,1108801,2918,607218,532,94505,4201,178912,9327,860978,4746,1039890,California
Alameda,2021-05-18,14288,1824812,10392,1119193,3470,610688,426,94931,4986,175068,9257,870235,5413,1045303,California
Alameda,2021-05-19,14544,1839356,9978,1129171,4228,614916,338,95269,5882,172679,8611,878846,6222,1051525,California
Alameda,2021-05-20,13441,1852797,8886,1138057,4019,618935,536,95805,5748,171327,7636,886482,6284,1057809,California
Alameda,2021-05-21,15294,1868091,10056,1148113,4967,623902,271,96076,5070,166518,10155,896637,5346,1063155,California
Alameda,2021-05-22,10377,1878468,7497,1155610,2712,626614,168,96244,4198,164740,6147,902784,4369,1067524,California
Alameda,2021-05-23,5143,1883611,3964,1159574,1090,627704,89,96333,1679,163067,3442,906226,1769,1069293,California
Alameda,2021-05-24,7276,1890887,4243,1163817,2773,630477,260,96593,2827,161751,4408,910634,3092,1072385,California
Alameda,2021-05-25,8038,1898925,5197,1169014,2579,633056,262,96855,3522,161051,4480,915114,3780,1076165,California
Alameda,2021-05-26,8300,1907225,5187,1174201,2812,635868,301,97156,3580,160234,4693,919807,3876,1080041,California
Alameda,2021-05-27,8168,1915393,4881,1179082,2884,638752,403,97559,3341,159189,4784,924591,3739,1083780,California
Alameda,2021-05-28,8640,1924033,5060,1184142,3352,642104,228,97787,3602,158015,5006,929597,3832,1087612,California
Alameda,2021-05-29,4960,1928993,3001,1187143,1772,643876,187,97974,2448,158163,2489,932086,2637,1090249,California
Alameda,2021-05-30,2466,1931459,1617,1188760,760,644636,89,98063,972,157740,1484,933570,1061,1091310,California
Alameda,2021-05-31,1164,1932623,862,1189622,247,644883,55,98118,347,157341,801,934371,402,1091712,California
Alameda,2021-06-01,7191,1939814,4986,1194608,1892,646775,313,98431,2957,156403,4206,938577,3268,1094980,California
Alameda,2021-06-02,5829,1945643,3626,1198234,1979,648754,224,98655,2182,155189,3612,942189,2398,1097378,California
Alameda,2021-06-03,8508,1954151,6413,1204647,1794,650548,301,98956,2769,152554,5700,947889,3065,1100443,California
Alameda,2021-06-04,10480,1964631,7725,1212372,2513,653061,242,99198,2831,148016,7611,955500,3073,1103516,California
Alameda,2021-06-05,8105,1972736,5895,1218267,2049,655110,161,99359,1792,143687,6279,961779,1950,1105466,California
Alameda,2021-06-06,3693,1976429,3334,1221601,278,655388,81,99440,869,141823,2814,964593,950,1106416,California
Alameda,2021-06-07,5876,1982305,4288,1225889,1411,656799,177,99617,1725,139599,4126,968719,1902,1108318,California
Alameda,2021-06-08,7276,1989581,5817,1231706,1216,658015,243,99860,2100,136791,5149,973868,2341,1110659,California
Alameda,2021-06-09,7306,1996887,5972,1237678,1138,659153,196,100056,1674,133050,5605,979473,1864,1112523,California
Alameda,2021-06-10,8016,2004903,6707,1244385,1005,660158,304,100360,2134,129627,5858,985331,2435,1114958,California
Alameda,2021-06-11,8070,2012973,6186,1250571,1659,661817,225,100585,2462,126737,5580,990911,2690,1117648,California
Alameda,2021-06-12,5509,2018482,4224,1254795,1097,662914,188,100773,1365,124176,4118,995029,1557,1119205,California
Alameda,2021-06-13,2312,2020794,1764,1256559,426,663340,122,100895,662,123319,1639,996668,782,1119987,California
Alameda,2021-06-14,4589,2025383,3450,1260009,927,664267,212,101107,1548,122058,3019,999687,1758,1121745,California
Alameda,2021-06-15,6021,2031404,4374,1264383,1365,665632,282,101389,1790,119936,4193,1003880,2071,1123816,California
Alameda,2021-06-16,5193,2036597,4147,1268530,842,666474,204,101593,1531,118024,3644,1007524,1732,1125548,California
Alameda,2021-06-17,5636,2042233,4550,1273080,851,667325,235,101828,1869,116396,3734,1011258,2106,1127654,California
Alameda,2021-06-18,5948,2048181,4486,1277566,1208,668533,254,102082,1987,114699,3934,1015192,2237,1129891,California
Alameda,2021-06-19,3459,2051640,2619,1280185,681,669214,159,102241,1055,113521,2391,1017583,1213,1131104,California
Alameda,2021-06-20,1403,2053043,1171,1281356,186,669400,46,102287,523,113214,874,1018457,567,1131671,California
Alameda,2021-06-21,2715,2055758,1846,1283202,708,670108,161,102448,1387,113451,1311,1019768,1548,1133219,California
Alameda,2021-06-22,4578,2060336,3546,1286748,838,670946,194,102642,1405,111891,3157,1022925,1597,1134816,California
Alameda,2021-06-23,3500,2063836,2690,1289438,624,671570,186,102828,1178,110944,2307,1025232,1360,1136176,California
Alameda,2021-06-24,4398,2068234,3511,1292949,651,672221,236,103064,1509,109820,2867,1028099,1743,1137919,California
Alameda,2021-06-25,4640,2072874,3474,1296423,957,673178,209,103273,1716,108838,2907,1031006,1925,1139844,California
Alameda,2021-06-26,3074,2075948,2260,1298683,649,673827,165,103438,1066,108079,1989,1032995,1230,1141074,California
Alameda,2021-06-27,1301,2077249,1068,1299751,186,674013,47,103485,512,107856,782,1033777,559,1141633,California
Alameda,2021-06-28,2913,2080162,2367,1302118,349,674362,197,103682,1138,107438,1752,1035529,1334,1142967,California
Alameda,2021-06-29,3690,2083852,2954,1305072,597,674959,139,103821,1286,106474,2388,1037917,1424,1144391,California
Alameda,2021-06-30,2867,2086719,2234,1307306,500,675459,133,103954,1067,105883,1789,1039706,1198,1145589,California
Alameda,2021-07-01,3477,2090196,2736,1310042,591,676050,150,104104,1244,105063,2211,1041917,1391,1146980,California
Alameda,2021-07-02,3987,2094183,2991,1313033,826,676876,170,104274,1453,104171,2508,1044425,1616,1148596,California
Alameda,2021-07-03,2043,2096226,1491,1314524,463,677339,89,104363,801,103831,1229,1045654,889,1149485,California
Alameda,2021-07-04,95,2096321,60,1314584,30,677369,5,104368,41,103824,53,1045707,46,1149531,California
Alameda,2021-07-05,1615,2097936,1342,1315926,215,677584,58,104426,718,103711,887,1046594,774,1150305,California
Alameda,2021-07-06,3607,2101543,2903,1318829,597,678181,107,104533,1214,102661,2371,1048965,1321,1151626,California
Alameda,2021-07-07,2761,2104304,2011,1320840,574,678755,176,104709,981,102060,1757,1050722,1156,1152782,California
Alameda,2021-07-08,2751,2107055,2194,1323034,416,679171,141,104850,1000,101473,1724,1052446,1137,1153919,California
Alameda,2021-07-09,2795,2109850,2187,1325221,486,679657,122,104972,1068,100953,1709,1054155,1189,1155108,California
Alpine,2020-12-18,2,2,2,2,0,0,0,0,2,2,0,0,2,2,California
Alpine,2020-12-19,2,4,2,4,0,0,0,0,2,4,0,0,2,4,California
Alpine,2020-12-21,2,6,2,6,0,0,0,0,2,6,0,0,2,6,California
Alpine,2020-12-29,1,7,0,6,1,1,0,0,1,7,0,0,1,7,California
Alpine,2020-12-30,14,21,0,6,14,15,0,0,14,21,0,0,14,21,California
Alpine,2020-12-31,1,22,0,6,1,16,0,0,1,22,0,0,1,22,California
Alpine,2021-01-01,1,23,0,6,1,17,0,0,1,23,0,0,1,23,California
Alpine,2021-01-02,1,24,1,7,0,17,0,0,1,24,0,0,1,24,California
Alpine,2021-01-04,10,34,0,7,10,27,0,0,10,34,0,0,10,34,California
Alpine,2021-01-05,9,43,1,8,8,35,0,0,9,43,0,0,9,43,California
Alpine,2021-01-06,31,74,0,8,31,66,0,0,31,74,0,0,31,74,California
Alpine,2021-01-07,8,82,0,8,8,74,0,0,8,82,0,0,8,82,California
Alpine,2021-01-08,4,86,2,10,2,76,0,0,2,82,2,2,2,84,California
Alpine,2021-01-09,2,88,2,12,0,76,0,0,0,80,2,4,0,84,California
Alpine,2021-01-11,32,120,1,13,31,107,0,0,31,110,1,5,31,115,California
Alpine,2021-01-13,35,155,0,13,35,142,0,0,35,145,0,5,35,150,California
Alpine,2021-01-14,1,156,0,13,1,143,0,0,1,146,0,5,1,151,California
Alpine,2021-01-15,1,157,0,13,1,144,0,0,1,147,0,5,1,152,California
Alpine,2021-01-18,1,158,1,14,0,144,0,0,1,148,0,5,1,153,California
Alpine,2021-01-20,21,179,0,14,21,165,0,0,21,169,0,5,21,174,California
Alpine,2021-01-21,1,180,0,14,1,166,0,0,1,170,0,5,1,175,California
Alpine,2021-01-22,33,213,0,14,33,199,0,0,33,203,0,5,33,208,California
Alpine,2021-01-23,1,214,1,15,0,199,0,0,0,202,1,6,0,208,California
Alpine,2021-01-25,16,230,0,15,16,215,0,0,16,218,0,6,16,224,California
Alpine,2021-01-26,1,231,0,15,1,216,0,0,0,217,1,7,0,224,California
Alpine,2021-01-27,1,232,1,16,0,216,0,0,0,216,1,8,0,224,California
Alpine,2021-01-28,1,233,0,16,1,217,0,0,0,215,1,9,0,224,California
Alpine,2021-01-29,1,234,0,16,1,218,0,0,1,216,0,9,1,225,California
Alpine,2021-02-01,25,259,0,16,25,243,0,0,7,205,18,27,7,232,California
Alpine,2021-02-03,34,293,0,16,34,277,0,0,10,191,24,51,10,242,California
Alpine,2021-02-04,8,301,0,16,8,285,0,0,3,189,5,56,3,245,California
Alpine,2021-02-05,32,333,1,17,31,316,0,0,12,181,20,76,12,257,California
Alpine,2021-02-07,1,334,1,18,0,316,0,0,1,182,0,76,1,258,California
Alpine,2021-02-08,32,366,0,18,32,348,0,0,4,158,28,104,4,262,California
Alpine,2021-02-10,34,400,0,18,34,382,0,0,0,124,34,138,0,262,California
Alpine,2021-02-11,6,406,0,18,6,388,0,0,3,124,3,141,3,265,California
Alpine,2021-02-12,1,407,0,18,1,389,0,0,0,123,1,142,0,265,California
Alpine,2021-02-17,23,430,0,18,23,412,0,0,3,106,20,162,3,268,California
Alpine,2021-02-18,2,432,0,18,2,414,0,0,1,106,1,163,1,269,California
Alpine,2021-02-19,34,466,1,19,33,447,0,0,2,76,32,195,2,271,California
Alpine,2021-02-22,27,493,0,19,27,474,0,0,8,65,19,214,8,279,California
Alpine,2021-02-24,1,494,1,20,0,474,0,0,1,66,0,214,1,280,California
Alpine,2021-02-25,7,501,2,22,5,479,0,0,7,73,0,214,7,287,California
Alpine,2021-02-26,30,531,1,23,29,508,0,0,29,101,1,215,29,316,California
Alpine,2021-02-27,1,532,0,23,1,509,0,0,1,102,0,215,1,317,California
Alpine,2021-03-01,36,568,0,23,36,545,0,0,26,118,10,225,26,343,California
Alpine,2021-03-03,30,598,1,24,29,574,0,0,18,124,12,237,18,361,California
Alpine,2021-03-04,10,608,0,24,10,584,0,0,10,134,0,237,10,371,California
Alpine,2021-03-05,30,638,0,24,30,614,0,0,22,148,8,245,22,393,California
Alpine,2021-03-08,31,669,0,24,31,645,0,0,29,175,2,247,29,422,California
Alpine,2021-03-10,73,742,0,24,73,718,0,0,73,248,0,247,73,495,California
Alpine,2021-03-11,35,777,0,24,35,753,0,0,31,275,4,251,31,526,California
Alpine,2021-03-12,19,796,0,24,19,772,0,0,17,290,2,253,17,543,California
Alpine,2021-03-15,21,817,1,25,20,792,0,0,20,309,1,254,20,563,California
Alpine,2021-03-17,23,840,0,25,22,814,1,1,19,325,4,258,20,583,California
Alpine,2021-03-18,38,878,3,28,35,849,0,1,34,355,4,262,34,617,California
Alpine,2021-03-19,2,880,1,29,1,850,0,1,1,355,1,263,1,618,California
Alpine,2021-03-22,24,904,0,29,24,874,0,1,15,361,9,272,15,633,California
Alpine,2021-03-24,19,923,0,29,19,893,0,1,8,358,11,283,8,641,California
Alpine,2021-03-25,34,957,0,29,33,926,1,2,27,380,6,289,28,669,California
Alpine,2021-03-27,1,958,0,29,1,927,0,2,0,379,1,290,0,669,California
Alpine,2021-03-28,1,959,1,30,0,927,0,2,1,380,0,290,1,670,California
Alpine,2021-03-29,19,978,0,30,18,945,1,3,2,366,17,307,3,673,California
Alpine,2021-04-01,18,996,0,30,18,963,0,3,8,364,10,317,8,681,California
Alpine,2021-04-02,101,1097,1,31,100,1063,0,3,46,356,54,371,46,727,California
Alpine,2021-04-05,4,1101,1,32,3,1066,0,3,0,352,4,375,0,727,California
Alpine,2021-04-06,3,1104,2,34,1,1067,0,3,2,353,1,376,2,729,California
Alpine,2021-04-07,117,1221,0,34,116,1183,1,4,30,298,86,462,31,760,California
Alpine,2021-04-08,37,1258,0,34,35,1218,2,6,10,283,27,489,12,772,California
Alpine,2021-04-09,2,1260,0,34,2,1220,0,6,2,285,0,489,2,774,California
Alpine,2021-04-14,47,1307,0,34,47,1267,0,6,10,258,37,526,10,784,California
Alpine,2021-04-15,35,1342,0,34,35,1302,0,6,3,229,32,558,3,787,California
Alpine,2021-04-16,1,1343,0,34,1,1303,0,6,1,230,0,558,1,788,California
Alpine,2021-04-19,1,1344,0,34,1,1304,0,6,1,231,0,558,1,789,California
Alpine,2021-04-21,31,1375,0,34,31,1335,0,6,15,230,16,574,15,804,California
Alpine,2021-04-22,24,1399,0,34,24,1359,0,6,1,208,23,597,1,805,California
Alpine,2021-04-24,2,1401,2,36,0,1359,0,6,0,207,2,599,1,806,California
Alpine,2021-04-25,1,1402,1,37,0,1359,0,6,0,206,1,600,0,806,California
Alpine,2021-04-27,2,1404,1,38,1,1360,0,6,1,206,1,601,1,807,California
Alpine,2021-04-28,36,1440,0,38,36,1396,0,6,6,182,30,631,6,813,California
Alpine,2021-04-29,7,1447,1,39,6,1402,0,6,1,177,6,637,1,814,California
Alpine,2021-04-30,2,1449,1,40,0,1402,1,7,1,178,1,638,2,816,California
Alpine,2021-05-02,1,1450,0,40,0,1402,1,8,0,178,1,639,1,817,California
Alpine,2021-05-05,17,1467,0,40,17,1419,0,8,4,169,13,652,4,821,California
Alpine,2021-05-06,8,1475,0,40,8,1427,0,8,0,161,8,660,0,821,California
Alpine,2021-05-07,1,1476,0,40,1,1428,0,8,0,160,1,661,0,821,California
Alpine,2021-05-10,1,1477,0,40,1,1429,0,8,1,161,0,661,1,822,California
Alpine,2021-05-12,1,1478,0,40,0,1429,1,9,0,161,1,662,1,823,California
Alpine,2021-05-13,3,1481,0,40,3,1432,0,9,0,158,3,665,0,823,California
Alpine,2021-05-17,2,1483,0,40,2,1434,0,9,1,158,1,666,1,824,California
Alpine,2021-05-18,1,1484,0,40,1,1435,0,9,1,159,0,666,1,825,California
Alpine,2021-05-19,15,1499,0,40,15,1450,0,9,0,144,15,681,0,825,California
Alpine,2021-05-20,1,1500,1,41,0,1450,0,9,0,143,1,682,0,825,California
Alpine,2021-05-21,1,1501,1,42,0,1450,0,9,0,142,1,683,0,825,California
Alpine,2021-05-25,2,1503,0,42,2,1452,0,9,0,140,2,685,0,825,California
Alpine,2021-05-27,3,1506,2,44,1,1453,0,9,3,143,0,685,3,828,California
Alpine,2021-05-28,2,1508,1,45,1,1454,0,9,2,145,0,685,2,830,California
Alpine,2021-05-29,1,1509,0,45,1,1455,0,9,1,146,0,685,1,831,California
Alpine,2021-06-02,8,1517,0,45,8,1463,0,9,1,140,7,692,1,832,California
Alpine,2021-06-04,1,1518,0,45,1,1464,0,9,1,141,0,692,1,833,California
Alpine,2021-06-07,1,1519,0,45,1,1465,0,9,0,140,1,693,0,833,California
Alpine,2021-06-10,1,1520,1,46,0,1465,0,9,1,141,0,693,1,834,California
Alpine,2021-06-15,2,1522,1,47,1,1466,0,9,0,139,2,695,0,834,California
Alpine,2021-06-18,1,1523,1,48,0,1466,0,9,0,138,1,696,0,834,California
Alpine,2021-06-19,1,1524,1,49,0,1466,0,9,0,137,1,697,0,834,California
Alpine,2021-06-25,1,1525,0,49,1,1467,0,9,0,136,1,698,0,834,California
Alpine,2021-06-29,1,1526,0,49,1,1468,0,9,1,137,0,698,1,835,California
Alpine,2021-06-30,1,1527,0,49,1,1469,0,9,0,136,1,699,0,835,California
Alpine,2021-07-01,1,1528,1,50,0,1469,0,9,0,135,1,700,0,835,California
Alpine,2021-07-06,1,1529,0,50,1,1470,0,9,1,136,0,700,1,836,California
Alpine,2021-07-07,2,1531,0,50,2,1472,0,9,2,138,0,700,2,838,California
Amador,2020-12-16,3,3,3,3,0,0,0,0,3,3,0,0,3,3,California
Amador,2020-12-17,5,8,5,8,0,0,0,0,5,8,0,0,5,8,California
Amador,2020-12-18,48,56,48,56,0,0,0,0,48,56,0,0,48,56,California
Amador,2020-12-19,16,72,16,72,0,0,0,0,16,72,0,0,16,72,California
Amador,2020-12-20,4,76,4,76,0,0,0,0,4,76,0,0,4,76,California
Amador,2020-12-21,31,107,31,107,0,0,0,0,31,107,0,0,31,107,California
Amador,2020-12-22,35,142,34,141,1,1,0,0,35,142,0,0,35,142,California
Amador,2020-12-23,41,183,39,180,2,3,0,0,41,183,0,0,41,183,California
Amador,2020-12-24,5,188,3,183,2,5,0,0,5,188,0,0,5,188,California
Amador,2020-12-26,5,193,4,187,1,6,0,0,5,193,0,0,5,193,California
Amador,2020-12-27,1,194,0,187,1,7,0,0,1,194,0,0,1,194,California
Amador,2020-12-28,30,224,26,213,4,11,0,0,30,224,0,0,30,224,California
Amador,2020-12-29,25,249,18,231,7,18,0,0,25,249,0,0,25,249,California
Amador,2020-12-30,123,372,77,308,46,64,0,0,123,372,0,0,123,372,California
Amador,2020-12-31,195,567,170,478,25,89,0,0,195,567,0,0,195,567,California
Amador,2021-01-01,2,569,0,478,2,91,0,0,2,569,0,0,2,569,California
Amador,2021-01-02,58,627,58,536,0,91,0,0,58,627,0,0,58,627,California
Amador,2021-01-03,67,694,18,554,49,140,0,0,67,694,0,0,67,694,California
Amador,2021-01-04,125,819,2,556,123,263,0,0,125,819,0,0,125,819,California
Amador,2021-01-05,33,852,3,559,30,293,0,0,32,850,1,1,32,851,California
Amador,2021-01-06,40,892,11,570,29,322,0,0,36,882,4,5,36,887,California
Amador,2021-01-07,235,1127,72,642,163,485,0,0,223,1093,12,17,223,1110,California
Amador,2021-01-08,88,1215,72,714,16,501,0,0,43,1092,45,62,44,1154,California
Amador,2021-01-09,12,1227,12,726,0,501,0,0,2,1085,10,72,3,1157,California
Amador,2021-01-10,6,1233,4,730,2,503,0,0,2,1083,4,76,2,1159,California
Amador,2021-01-11,126,1359,44,774,82,585,0,0,89,1136,37,113,90,1249,California
Amador,2021-01-12,71,1430,55,829,16,601,0,0,41,1147,30,143,41,1290,California
Amador,2021-01-13,42,1472,24,853,18,619,0,0,29,1164,12,155,29,1319,California
Amador,2021-01-14,151,1623,22,875,129,748,0,0,141,1296,10,165,142,1461,California
Amador,2021-01-15,62,1685,26,901,36,784,0,0,53,1340,9,174,53,1514,California
Amador,2021-01-16,20,1705,13,914,7,791,0,0,14,1349,6,180,15,1529,California
Amador,2021-01-17,25,1730,5,919,20,811,0,0,25,1374,0,180,25,1554,California
Amador,2021-01-18,31,1761,27,946,4,815,0,0,10,1363,21,201,10,1564,California
Amador,2021-01-19,127,1888,101,1047,26,841,0,0,81,1399,45,246,81,1645,California
Amador,2021-01-20,183,2071,32,1079,151,992,0,0,169,1555,13,259,169,1814,California
Amador,2021-01-21,263,2334,230,1309,33,1025,0,0,151,1595,112,371,152,1966,California
Amador,2021-01-22,142,2476,74,1383,68,1093,0,0,135,1723,7,378,135,2101,California
Amador,2021-01-23,60,2536,33,1416,27,1120,0,0,57,1777,3,381,57,2158,California
Amador,2021-01-24,28,2564,12,1428,16,1136,0,0,24,1797,4,385,24,2182,California
Amador,2021-01-25,60,2624,29,1457,31,1167,0,0,42,1821,18,403,42,2224,California
Amador,2021-01-26,247,2871,18,1475,229,1396,0,0,237,2048,10,413,237,2461,California
Amador,2021-01-27,307,3178,35,1510,272,1668,0,0,259,2263,45,458,260,2721,California
Amador,2021-01-28,374,3552,99,1609,275,1943,0,0,290,2470,84,542,291,3012,California
Amador,2021-01-29,107,3659,33,1642,74,2017,0,0,92,2547,15,557,92,3104,California
Amador,2021-01-30,198,3857,37,1679,161,2178,0,0,193,2735,5,562,193,3297,California
Amador,2021-01-31,34,3891,29,1708,5,2183,0,0,33,2767,1,563,33,3330,California
Amador,2021-02-01,67,3958,23,1731,44,2227,0,0,39,2778,28,591,39,3369,California
Amador,2021-02-02,217,4175,67,1798,150,2377,0,0,130,2823,85,676,130,3499,California
Amador,2021-02-03,144,4319,41,1839,103,2480,0,0,91,2862,52,728,91,3590,California
Amador,2021-02-04,255,4574,77,1916,178,2658,0,0,166,2942,88,816,168,3758,California
Amador,2021-02-05,339,4913,63,1979,276,2934,0,0,320,3244,18,834,320,4078,California
Amador,2021-02-06,125,5038,81,2060,44,2978,0,0,120,3359,5,839,120,4198,California
Amador,2021-02-07,38,5076,34,2094,4,2982,0,0,34,3390,4,843,35,4233,California
Amador,2021-02-08,92,5168,63,2157,29,3011,0,0,73,3444,19,862,73,4306,California
Amador,2021-02-09,178,5346,82,2239,96,3107,0,0,110,3486,68,930,110,4416,California
Amador,2021-02-10,986,6332,82,2321,904,4011,0,0,950,4401,35,965,950,5366,California
Amador,2021-02-11,314,6646,121,2442,193,4204,0,0,200,4490,112,1077,201,5567,California
Amador,2021-02-12,338,6984,121,2563,217,4421,0,0,263,4678,75,1152,263,5830,California
Amador,2021-02-13,182,7166,84,2647,98,4519,0,0,155,4806,27,1179,155,5985,California
Amador,2021-02-14,122,7288,54,2701,68,4587,0,0,105,4894,17,1196,105,6090,California
Amador,2021-02-15,190,7478,62,2763,128,4715,0,0,173,5051,16,1212,173,6263,California
Amador,2021-02-16,467,7945,53,2816,414,5129,0,0,426,5437,41,1253,427,6690,California
Amador,2021-02-17,266,8211,84,2900,182,5311,0,0,166,5503,100,1353,166,6856,California
Amador,2021-02-18,400,8611,101,3001,299,5610,0,0,333,5769,67,1420,333,7189,California
Amador,2021-02-19,204,8815,78,3079,126,5736,0,0,116,5797,88,1508,116,7305,California
Amador,2021-02-20,103,8918,34,3113,69,5805,0,0,67,5828,36,1544,67,7372,California
Amador,2021-02-21,55,8973,37,3150,18,5823,0,0,19,5813,34,1578,19,7391,California
Amador,2021-02-22,67,9040,26,3176,41,5864,0,0,32,5811,34,1612,32,7423,California
Amador,2021-02-23,324,9364,56,3232,268,6132,0,0,139,5766,185,1797,140,7563,California
Amador,2021-02-24,402,9766,63,3295,339,6471,0,0,264,5896,134,1931,264,7827,California
Amador,2021-02-25,534,10300,124,3419,410,6881,0,0,280,5924,252,2183,280,8107,California
Amador,2021-02-26,646,10946,83,3502,563,7444,0,0,519,6317,126,2309,519,8626,California
Amador,2021-02-27,301,11247,95,3597,206,7650,0,0,99,6217,201,2510,101,8727,California
Amador,2021-02-28,126,11373,57,3654,69,7719,0,0,62,6217,64,2574,64,8791,California
Amador,2021-03-01,203,11576,70,3724,133,7852,0,0,130,6275,73,2647,131,8922,California
Amador,2021-03-02,383,11959,64,3788,319,8171,0,0,333,6559,50,2697,334,9256,California
Amador,2021-03-03,246,12205,80,3868,166,8337,0,0,169,6653,76,2773,170,9426,California
Amador,2021-03-04,502,12707,118,3986,384,8721,0,0,396,6945,105,2878,397,9823,California
Amador,2021-03-05,518,13225,76,4062,442,9163,0,0,294,7020,222,3100,297,10120,California
Amador,2021-03-06,103,13328,50,4112,52,9215,1,1,57,7032,46,3146,58,10178,California
Amador,2021-03-07,92,13420,44,4156,48,9263,0,1,24,6988,68,3214,24,10202,California
Amador,2021-03-08,156,13576,73,4229,82,9345,1,2,92,7017,64,3278,93,10295,California
Amador,2021-03-09,378,13954,53,4282,325,9670,0,2,293,7229,81,3359,293,10588,California
Amador,2021-03-10,522,14476,78,4360,442,10112,2,4,112,6935,410,3769,116,10704,California
Amador,2021-03-11,485,14961,125,4485,350,10462,10,14,304,7072,180,3949,317,11021,California
Amador,2021-03-12,588,15549,71,4556,511,10973,6,20,343,7182,244,4193,354,11375,California
Amador,2021-03-13,120,15669,18,4574,95,11068,7,27,76,7226,44,4237,88,11463,California
Amador,2021-03-14,99,15768,18,4592,78,11146,3,30,20,7170,79,4316,23,11486,California
Amador,2021-03-15,183,15951,27,4619,149,11295,7,37,55,7105,128,4444,63,11549,California
Amador,2021-03-16,453,16404,53,4672,391,11686,9,46,139,6942,312,4756,149,11698,California
Amador,2021-03-17,386,16790,46,4718,337,12023,3,49,262,7085,122,4878,265,11963,California
Amador,2021-03-18,517,17307,101,4819,412,12435,4,53,259,7096,256,5134,267,12230,California
Amador,2021-03-19,548,17855,59,4878,474,12909,15,68,387,7343,159,5293,406,12636,California
Amador,2021-03-20,113,17968,46,4924,66,12975,1,69,48,7330,64,5357,51,12687,California
Amador,2021-03-21,52,18020,36,4960,15,12990,1,70,27,7336,24,5381,30,12717,California
Amador,2021-03-22,115,18135,34,4994,53,13043,28,98,50,7349,65,5446,78,12795,California
Amador,2021-03-23,436,18571,47,5041,382,13425,7,105,275,7472,160,5606,283,13078,California
Amador,2021-03-24,342,18913,35,5076,55,13480,252,357,35,7453,306,5912,287,13365,California
Amador,2021-03-25,615,19528,87,5163,521,14001,7,364,398,7642,216,6128,405,13770,California
Amador,2021-03-26,751,20279,45,5208,700,14701,6,370,280,7463,468,6596,289,14059,California
Amador,2021-03-27,94,20373,15,5223,77,14778,2,372,31,7435,63,6659,35,14094,California
Amador,2021-03-28,71,20444,17,5240,52,14830,2,374,13,7394,57,6716,16,14110,California
Amador,2021-03-29,186,20630,31,5271,154,14984,1,375,79,7375,104,6820,85,14195,California
Amador,2021-03-30,537,21167,29,5300,507,15491,1,376,292,7424,244,7064,293,14488,California
Amador,2021-03-31,201,21368,57,5357,139,15630,5,381,43,7316,156,7220,48,14536,California
Amador,2021-04-01,624,21992,93,5450,531,16161,0,381,268,7233,353,7573,270,14806,California
Amador,2021-04-02,617,22609,39,5489,565,16726,13,394,385,7402,231,7804,400,15206,California
Amador,2021-04-03,87,22696,25,5514,42,16768,20,414,22,7382,65,7869,45,15251,California
Amador,2021-04-04,39,22735,3,5517,30,16798,6,420,15,7379,24,7893,21,15272,California
Amador,2021-04-05,147,22882,53,5570,77,16875,17,437,49,7350,97,7990,68,15340,California
Amador,2021-04-06,504,23386,37,5607,449,17324,18,455,224,7314,278,8268,242,15582,California
Amador,2021-04-07,100,23486,34,5641,47,17371,19,474,44,7324,53,8321,63,15645,California
Amador,2021-04-08,500,23986,84,5725,394,17765,22,496,221,7290,277,8598,243,15888,California
Amador,2021-04-09,488,24474,22,5747,446,18211,20,516,212,7244,275,8873,229,16117,California
Amador,2021-04-10,52,24526,14,5761,29,18240,9,525,23,7247,29,8902,32,16149,California
Amador,2021-04-11,51,24577,25,5786,22,18262,4,529,23,7247,27,8929,27,16176,California
Amador,2021-04-12,99,24676,26,5812,63,18325,10,539,43,7244,56,8985,53,16229,California
Amador,2021-04-13,346,25022,49,5861,297,18622,0,539,66,7034,277,9262,67,16296,California
Amador,2021-04-14,280,25302,26,5887,254,18876,0,539,56,6870,221,9483,57,16353,California
Amador,2021-04-15,343,25645,78,5965,265,19141,0,539,73,6684,259,9742,73,16426,California
Amador,2021-04-16,490,26135,30,5995,460,19601,0,539,381,6957,108,9850,381,16807,California
Amador,2021-04-17,66,26201,34,6029,32,19633,0,539,30,6951,36,9886,30,16837,California
Amador,2021-04-18,33,26234,11,6040,22,19655,0,539,12,6943,20,9906,12,16849,California
Amador,2021-04-19,71,26305,29,6069,42,19697,0,539,30,6936,39,9945,32,16881,California
Amador,2021-04-20,442,26747,59,6128,383,20080,0,539,111,6725,324,10269,113,16994,California
Amador,2021-04-21,88,26835,34,6162,53,20133,1,540,44,6728,42,10311,45,17039,California
Amador,2021-04-22,521,27356,79,6241,441,20574,1,541,101,6428,402,10713,102,17141,California
Amador,2021-04-23,368,27724,47,6288,321,20895,0,541,289,6645,74,10787,291,17432,California
Amador,2021-04-24,52,27776,25,6313,27,20922,0,541,31,6656,20,10807,31,17463,California
Amador,2021-04-25,45,27821,19,6332,26,20948,0,541,29,6669,16,10823,29,17492,California
Amador,2021-04-26,96,27917,29,6361,66,21014,1,542,43,6663,52,10875,46,17538,California
Amador,2021-04-27,502,28419,45,6406,456,21470,1,543,91,6349,407,11282,93,17631,California
Amador,2021-04-28,71,28490,31,6437,37,21507,3,546,42,6365,29,11311,45,17676,California
Amador,2021-04-29,230,28720,73,6510,48,21555,109,655,68,6379,162,11473,176,17852,California
Amador,2021-04-30,347,29067,28,6538,315,21870,4,659,88,6213,259,11732,93,17945,California
Amador,2021-05-01,47,29114,15,6553,27,21897,5,664,26,6225,19,11751,31,17976,California
Amador,2021-05-02,28,29142,14,6567,11,21908,3,667,11,6223,17,11768,15,17991,California
Amador,2021-05-03,69,29211,35,6602,24,21932,10,677,28,6220,41,11809,38,18029,California
Amador,2021-05-04,467,29678,29,6631,431,22363,7,684,67,5894,400,12209,74,18103,California
Amador,2021-05-05,208,29886,154,6785,46,22409,8,692,163,6022,42,12251,170,18273,California
Amador,2021-05-06,110,29996,56,6841,49,22458,5,697,63,6045,45,12296,68,18341,California
Amador,2021-05-07,130,30126,30,6871,93,22551,7,704,67,6056,63,12359,74,18415,California
Amador,2021-05-08,43,30169,8,6879,32,22583,3,707,21,6058,22,12381,24,18439,California
Amador,2021-05-09,17,30186,1,6880,10,22593,6,713,4,6055,13,12394,10,18449,California
Amador,2021-05-10,60,30246,14,6894,43,22636,3,716,24,6046,36,12430,27,18476,California
Amador,2021-05-11,103,30349,34,6928,43,22679,26,742,45,6059,58,12488,71,18547,California
Amador,2021-05-12,72,30421,25,6953,44,22723,3,745,35,6060,37,12525,38,18585,California
Amador,2021-05-13,80,30501,40,6993,34,22757,6,751,38,6063,41,12566,44,18629,California
Amador,2021-05-14,404,30905,38,7031,361,23118,5,756,92,5851,311,12877,99,18728,California
Amador,2021-05-15,51,30956,20,7051,21,23139,10,766,23,5857,28,12905,34,18762,California
Amador,2021-05-16,41,30997,15,7066,26,23165,0,766,17,5850,24,12929,17,18779,California
Amador,2021-05-17,75,31072,22,7088,51,23216,2,768,35,5849,39,12968,38,18817,California
Amador,2021-05-18,253,31325,172,7260,46,23262,35,803,167,5966,85,13053,202,19019,California
Amador,2021-05-19,77,31402,26,7286,47,23309,4,807,35,5966,41,13094,41,19060,California
Amador,2021-05-20,90,31492,47,7333,38,23347,5,812,30,5942,59,13153,35,19095,California
Amador,2021-05-21,275,31767,29,7362,244,23591,2,814,37,5743,238,13391,39,19134,California
Amador,2021-05-22,47,31814,16,7378,26,23617,5,819,13,5728,34,13425,19,19153,California
Amador,2021-05-23,29,31843,5,7383,21,23638,3,822,5,5712,24,13449,8,19161,California
Amador,2021-05-24,91,31934,33,7416,46,23684,12,834,42,5717,49,13498,54,19215,California
Amador,2021-05-25,142,32076,90,7506,27,23711,25,859,83,5768,57,13555,108,19323,California
Amador,2021-05-26,204,32280,160,7666,37,23748,7,866,38,5647,165,13720,44,19367,California
Amador,2021-05-27,83,32363,39,7705,35,23783,9,875,30,5634,52,13772,39,19406,California
Amador,2021-05-28,69,32432,26,7731,39,23822,4,879,29,5628,39,13811,33,19439,California
Amador,2021-05-29,26,32458,2,7733,21,23843,3,882,8,5621,18,13829,11,19450,California
Amador,2021-05-30,19,32477,5,7738,8,23851,6,888,5,5618,14,13843,11,19461,California
Amador,2021-05-31,10,32487,0,7738,9,23860,1,889,2,5613,8,13851,3,19464,California
Amador,2021-06-01,97,32584,68,7806,24,23884,5,894,45,5612,51,13902,50,19514,California
Amador,2021-06-02,46,32630,16,7822,22,23906,8,902,16,5607,30,13932,25,19539,California
Amador,2021-06-03,59,32689,26,7848,28,23934,5,907,19,5592,39,13971,24,19563,California
Amador,2021-06-04,101,32790,22,7870,58,23992,21,928,20,5552,81,14052,41,19604,California
Amador,2021-06-05,41,32831,16,7886,20,24012,5,933,4,5524,37,14089,9,19613,California
Amador,2021-06-06,19,32850,9,7895,9,24021,1,934,9,5524,10,14099,10,19623,California
Amador,2021-06-07,44,32894,18,7913,22,24043,4,938,17,5518,27,14126,21,19644,California
Amador,2021-06-08,174,33068,138,8051,25,24068,11,949,54,5465,119,14245,66,19710,California
Amador,2021-06-09,49,33117,20,8071,20,24088,9,958,13,5451,36,14281,22,19732,California
Amador,2021-06-10,56,33173,23,8094,21,24109,12,970,20,5447,36,14317,32,19764,California
Amador,2021-06-11,58,33231,17,8111,36,24145,5,975,12,5418,46,14363,17,19781,California
Amador,2021-06-12,24,33255,11,8122,11,24156,2,977,9,5415,14,14377,11,19792,California
Amador,2021-06-13,9,33264,2,8124,6,24162,1,978,2,5411,7,14384,3,19795,California
Amador,2021-06-14,47,33311,24,8148,21,24183,2,980,15,5396,32,14416,17,19812,California
Amador,2021-06-15,43,33354,13,8161,18,24201,12,992,18,5401,25,14441,30,19842,California
Amador,2021-06-16,72,33426,32,8193,31,24232,9,1001,34,5406,38,14479,43,19885,California
Amador,2021-06-17,49,33475,25,8218,20,24252,4,1005,29,5420,19,14498,33,19918,California
Amador,2021-06-18,156,33631,120,8338,29,24281,7,1012,62,5395,94,14592,69,19987,California
Amador,2021-06-19,30,33661,8,8346,14,24295,8,1020,11,5396,19,14611,20,20007,California
Amador,2021-06-20,8,33669,6,8352,1,24296,1,1021,3,5395,5,14616,4,20011,California
Amador,2021-06-21,46,33715,14,8366,23,24319,9,1030,15,5388,31,14647,24,20035,California
Amador,2021-06-22,50,33765,29,8395,19,24338,2,1032,30,5400,20,14667,32,20067,California
Amador,2021-06-23,42,33807,22,8417,12,24350,8,1040,23,5412,19,14686,31,20098,California
Amador,2021-06-24,51,33858,27,8444,18,24368,6,1046,26,5421,23,14709,32,20130,California
Amador,2021-06-25,53,33911,31,8475,11,24379,11,1057,30,5440,23,14732,42,20172,California
Amador,2021-06-26,11,33922,4,8479,5,24384,2,1059,7,5445,4,14736,9,20181,California
Amador,2021-06-27,22,33944,14,8493,4,24388,4,1063,11,5449,11,14747,15,20196,California
Amador,2021-06-28,52,33996,27,8520,14,24402,11,1074,25,5458,27,14774,36,20232,California
Amador,2021-06-29,50,34046,23,8543,18,24420,9,1083,26,5469,24,14798,35,20267,California
Amador,2021-06-30,48,34094,18,8561,14,24434,16,1099,23,5482,25,14823,38,20305,California
Amador,2021-07-01,32,34126,16,8577,13,24447,3,1102,15,5483,17,14840,18,20323,California
Amador,2021-07-02,36,34162,17,8594,9,24456,10,1112,20,5497,16,14856,30,20353,California
Amador,2021-07-03,17,34179,2,8596,11,24467,4,1116,10,5504,7,14863,14,20367,California
Amador,2021-07-04,5,34184,0,8596,5,24472,0,1116,5,5509,0,14863,5,20372,California
Amador,2021-07-05,28,34212,5,8601,19,24491,4,1120,15,5515,13,14876,19,20391,California
Amador,2021-07-06,29,34241,12,8613,13,24504,4,1124,13,5516,16,14892,17,20408,California
Amador,2021-07-07,33,34274,11,8624,17,24521,5,1129,16,5520,17,14909,21,20429,California
Amador,2021-07-08,28,34302,12,8636,15,24536,1,1130,11,5516,17,14926,13,20442,California
Amador,2021-07-09,53,34355,35,8671,17,24553,1,1131,30,5530,22,14948,36,20478,California
Butte,2020-12-16,3,3,3,3,0,0,0,0,3,3,0,0,3,3,California
Butte,2020-12-17,21,24,21,24,0,0,0,0,21,24,0,0,21,24,California
Butte,2020-12-18,52,76,52,76,0,0,0,0,52,76,0,0,52,76,California
Butte,2020-12-19,7,83,7,83,0,0,0,0,7,83,0,0,7,83,California
Butte,2020-12-20,10,93,10,93,0,0,0,0,10,93,0,0,10,93,California
Butte,2020-12-21,631,724,631,724,0,0,0,0,631,724,0,0,631,724,California
Butte,2020-12-22,619,1343,617,1341,2,2,0,0,619,1343,0,0,619,1343,California
Butte,2020-12-23,876,2219,860,2201,16,18,0,0,876,2219,0,0,876,2219,California
Butte,2020-12-24,159,2378,155,2356,4,22,0,0,159,2378,0,0,159,2378,California
Butte,2020-12-26,90,2468,88,2444,2,24,0,0,90,2468,0,0,90,2468,California
Butte,2020-12-27,35,2503,34,2478,1,25,0,0,35,2503,0,0,35,2503,California
Butte,2020-12-28,279,2782,273,2751,6,31,0,0,279,2782,0,0,279,2782,California
Butte,2020-12-29,205,2987,181,2932,24,55,0,0,205,2987,0,0,205,2987,California
Butte,2020-12-30,512,3499,291,3223,221,276,0,0,512,3499,0,0,512,3499,California
Butte,2020-12-31,213,3712,18,3241,195,471,0,0,213,3712,0,0,213,3712,California
Butte,2021-01-01,17,3729,7,3248,10,481,0,0,17,3729,0,0,17,3729,California
Butte,2021-01-02,40,3769,37,3285,3,484,0,0,40,3769,0,0,40,3769,California
Butte,2021-01-03,3,3772,0,3285,3,487,0,0,3,3772,0,0,3,3772,California
Butte,2021-01-04,208,3980,175,3460,33,520,0,0,208,3980,0,0,208,3980,California
Butte,2021-01-05,198,4178,152,3612,46,566,0,0,197,4176,1,1,197,4177,California
Butte,2021-01-06,627,4805,395,4007,232,798,0,0,622,4794,5,6,623,4800,California
Butte,2021-01-07,763,5568,368,4375,395,1193,0,0,743,5517,20,26,743,5543,California
Butte,2021-01-08,673,6241,531,4906,142,1335,0,0,625,6094,48,74,625,6168,California
Butte,2021-01-09,14,6255,8,4914,6,1341,0,0,8,6096,6,80,8,6176,California
Butte,2021-01-10,19,6274,5,4919,14,1355,0,0,14,6105,5,85,14,6190,California
Butte,2021-01-11,983,7257,947,5866,36,1391,0,0,356,5837,627,712,359,6549,California
Butte,2021-01-12,701,7958,655,6521,46,1437,0,0,276,5689,425,1137,277,6826,California
Butte,2021-01-13,1568,9526,1075,7596,493,1930,0,0,726,5576,841,1978,728,7554,California
Butte,2021-01-14,1638,11164,894,8490,744,2674,0,0,1441,6821,196,2174,1441,8995,California
Butte,2021-01-15,1064,12228,819,9309,245,2919,0,0,955,7666,110,2284,955,9950,California
Butte,2021-01-16,589,12817,301,9610,288,3207,0,0,544,8165,45,2329,544,10494,California
Butte,2021-01-17,240,13057,64,9674,176,3383,0,0,202,8329,38,2367,202,10696,California
Butte,2021-01-18,347,13404,305,9979,42,3425,0,0,279,8541,67,2434,279,10975,California
Butte,2021-01-19,496,13900,433,10412,63,3488,0,0,225,8495,271,2705,225,11200,California
Butte,2021-01-20,1397,15297,710,11122,687,4175,0,0,1094,9286,303,3008,1094,12294,California
Butte,2021-01-21,1495,16792,883,12005,612,4787,0,0,1387,10566,107,3115,1387,13681,California
Butte,2021-01-22,1143,17935,483,12488,660,5447,0,0,1088,11599,55,3170,1088,14769,California
Butte,2021-01-23,128,18063,85,12573,43,5490,0,0,103,11677,25,3195,103,14872,California
Butte,2021-01-24,8,18071,6,12579,2,5492,0,0,8,11685,0,3195,8,14880,California
Butte,2021-01-25,660,18731,338,12917,322,5814,0,0,497,12019,163,3358,497,15377,California
Butte,2021-01-26,1490,20221,379,13296,1111,6925,0,0,1352,13233,138,3496,1352,16729,California
Butte,2021-01-27,2111,22332,704,14000,1407,8332,0,0,1377,13877,733,4229,1377,18106,California
Butte,2021-01-28,2269,24601,263,14263,2006,10338,0,0,1956,15521,312,4541,1956,20062,California
Butte,2021-01-29,1695,26296,490,14753,1205,11543,0,0,1314,16456,379,4920,1314,21376,California
Butte,2021-01-30,32,26328,9,14762,23,11566,0,0,30,16484,2,4922,30,21406,California
Butte,2021-01-31,17,26345,15,14777,2,11568,0,0,16,16499,1,4923,16,21422,California
Butte,2021-02-01,1765,28110,405,15182,1360,12928,0,0,1370,17478,391,5314,1370,22792,California
Butte,2021-02-02,1952,30062,363,15545,1589,14517,0,0,1648,18821,305,5619,1648,24440,California
Butte,2021-02-03,2761,32823,781,16326,1980,16497,0,0,1859,19780,900,6519,1859,26299,California
Butte,2021-02-04,2978,35801,325,16651,2653,19150,0,0,2413,21631,562,7081,2413,28712,California
Butte,2021-02-05,1284,37085,674,17325,610,19760,0,0,555,21458,729,7810,556,29268,California
Butte,2021-02-06,148,37233,104,17429,44,19804,0,0,62,21434,86,7896,62,29330,California
Butte,2021-02-07,37,37270,33,17462,4,19808,0,0,14,21425,23,7919,14,29344,California
Butte,2021-02-08,700,37970,547,18009,153,19961,0,0,239,21204,460,8379,239,29583,California
Butte,2021-02-09,974,38944,463,18472,511,20472,0,0,742,21714,232,8611,742,30325,California
Butte,2021-02-10,1710,40654,1192,19664,518,20990,0,0,655,21316,1053,9664,655,30980,California
Butte,2021-02-11,2221,42875,1361,21025,860,21850,0,0,1006,21107,1216,10880,1007,31987,California
Butte,2021-02-12,1002,43877,435,21460,567,22417,0,0,324,20754,677,11557,324,32311,California
Butte,2021-02-13,256,44133,43,21503,213,22630,0,0,155,20808,101,11658,155,32466,California
Butte,2021-02-14,165,44298,10,21513,155,22785,0,0,158,20960,7,11665,159,32625,California
Butte,2021-02-15,262,44560,49,21562,213,22998,0,0,194,21086,68,11733,194,32819,California
Butte,2021-02-16,763,45323,438,22000,325,23323,0,0,303,20929,460,12193,303,33122,California
Butte,2021-02-17,1535,46858,853,22853,682,24005,0,0,852,21100,681,12874,852,33974,California
Butte,2021-02-18,1594,48452,785,23638,809,24814,0,0,775,21056,819,13693,775,34749,California
Butte,2021-02-19,1178,49630,396,24034,782,25596,0,0,403,20691,768,14461,403,35152,California
Butte,2021-02-20,488,50118,36,24070,452,26048,0,0,125,20454,362,14823,125,35277,California
Butte,2021-02-21,20,50138,17,24087,3,26051,0,0,14,20462,6,14829,14,35291,California
Butte,2021-02-22,1566,51704,316,24403,1250,27301,0,0,396,19692,1166,15995,396,35687,California
Butte,2021-02-23,1692,53396,310,24713,1382,28683,0,0,474,18956,1210,17205,474,36161,California
Butte,2021-02-24,2221,55617,634,25347,1587,30270,0,0,768,18279,1445,18650,768,36929,California
Butte,2021-02-25,2172,57789,640,25987,1532,31802,0,0,713,17543,1450,20100,714,37643,California
Butte,2021-02-26,957,58746,322,26309,635,32437,0,0,417,17424,536,20636,417,38060,California
Butte,2021-02-27,244,58990,50,26359,194,32631,0,0,192,17566,50,20686,192,38252,California
Butte,2021-02-28,147,59137,17,26376,130,32761,0,0,139,17697,8,20694,139,38391,California
Butte,2021-03-01,1641,60778,180,26556,1460,34221,1,1,337,16737,1298,21992,338,38729,California
Butte,2021-03-02,1778,62556,202,26758,1576,35797,0,1,313,15591,1460,23452,314,39043,California
Butte,2021-03-03,2810,65366,858,27616,1952,37749,0,1,493,13773,2311,25763,493,39536,California
Butte,2021-03-04,3173,68539,691,28307,2482,40231,0,1,628,11860,2541,28304,628,40164,California
Butte,2021-03-05,1367,69906,621,28928,745,40976,1,2,743,11984,620,28924,744,40908,California
Butte,2021-03-06,252,70158,27,28955,201,41177,24,26,189,12135,62,28986,213,41121,California
Butte,2021-03-07,68,70226,4,28959,41,41218,23,49,36,12162,32,29018,59,41180,California
Butte,2021-03-08,1278,71504,133,29092,1066,42284,79,128,1106,13178,169,29187,1185,42365,California
Butte,2021-03-09,1931,73435,284,29376,1544,43828,103,231,1414,14183,512,29699,1517,43882,California
Butte,2021-03-10,2336,75771,979,30355,1256,45084,101,332,1588,15130,742,30441,1689,45571,California
Butte,2021-03-11,2825,78596,1330,31685,1367,46451,128,460,1973,16391,841,31282,2102,47673,California
Butte,2021-03-12,1166,79762,334,32019,465,46916,367,827,352,16303,807,32089,719,48392,California
Butte,2021-03-13,276,80038,70,32089,145,47061,61,888,64,16215,212,32301,124,48516,California
Butte,2021-03-14,167,80205,18,32107,107,47168,42,930,23,16137,143,32444,65,48581,California
Butte,2021-03-15,1739,81944,357,32464,1087,48255,295,1225,1140,16981,590,33034,1434,50015,California
Butte,2021-03-16,1688,83632,430,32894,1180,49435,78,1303,1096,17567,587,33621,1173,51188,California
Butte,2021-03-17,1959,85591,1354,34248,524,49959,81,1384,1106,17908,845,34466,1186,52374,California
Butte,2021-03-18,1817,87408,1468,35716,221,50180,128,1512,1012,18248,799,35265,1139,53513,California
Butte,2021-03-19,699,88107,312,36028,303,50483,84,1596,337,18317,352,35617,421,53934,California
Butte,2021-03-20,206,88313,31,36059,158,50641,17,1613,97,18322,109,35726,114,54048,California
Butte,2021-03-21,73,88386,40,36099,4,50645,29,1642,24,18328,47,35773,53,54101,California
Butte,2021-03-22,1507,89893,372,36471,1040,51685,95,1737,1238,19392,268,36041,1332,55433,California
Butte,2021-03-23,1865,91758,524,36995,1227,52912,114,1851,1509,20663,352,36393,1623,57056,California
Butte,2021-03-24,2271,94029,1272,38267,873,53785,126,1977,1703,21928,563,36956,1828,58884,California
Butte,2021-03-25,1489,95518,1201,39468,196,53981,92,2069,1018,22572,466,37422,1110,59994,California
Butte,2021-03-26,1215,96733,441,39909,527,54508,247,2316,557,22726,650,38072,804,60798,California
Butte,2021-03-27,312,97045,87,39996,200,54708,25,2341,137,22714,172,38244,160,60958,California
Butte,2021-03-28,231,97276,45,40041,178,54886,8,2349,103,22699,125,38369,110,61068,California
Butte,2021-03-29,1766,99042,383,40424,1313,56199,70,2419,1342,23692,419,38788,1412,62480,California
Butte,2021-03-30,1050,100092,479,40903,480,56679,91,2510,496,23731,548,39336,587,63067,California
Butte,2021-03-31,1787,101879,1303,42206,417,57096,67,2577,1079,24178,699,40035,1146,64213,California
Butte,2021-04-01,3348,105227,2718,44924,501,57597,129,2706,2259,25487,1079,41114,2388,66601,California
Butte,2021-04-02,1016,106243,425,45349,470,58067,121,2827,571,25741,437,41551,691,67292,California
Butte,2021-04-03,347,106590,48,45397,224,58291,75,2902,164,25797,183,41734,239,67531,California
Butte,2021-04-04,193,106783,25,45422,144,58435,24,2926,112,25854,79,41813,136,67667,California
Butte,2021-04-05,1969,108752,419,45841,1379,59814,171,3097,590,25243,1370,43183,759,68426,California
Butte,2021-04-06,2217,110969,621,46462,1175,60989,421,3518,804,25062,1404,44587,1223,69649,California
Butte,2021-04-07,3046,114015,1324,47786,1327,62316,395,3913,718,23852,2322,46909,1112,70761,California
Butte,2021-04-08,2756,116771,1202,48988,1285,63601,269,4182,458,22285,2294,49203,727,71488,California
Butte,2021-04-09,1380,118151,353,49341,543,64144,484,4666,329,22046,1047,50250,808,72296,California
Butte,2021-04-10,228,118379,48,49389,79,64223,101,4767,101,22121,126,50376,201,72497,California
Butte,2021-04-11,108,118487,45,49434,53,64276,10,4777,83,22190,24,50400,93,72590,California
Butte,2021-04-12,1413,119900,314,49748,965,65241,134,4911,235,21381,1178,51578,369,72959,California
Butte,2021-04-13,1657,121557,575,50323,1076,66317,6,4917,346,20431,1302,52880,352,73311,California
Butte,2021-04-14,2856,124413,2361,52684,495,66812,0,4917,1325,20231,1526,54406,1326,74637,California
Butte,2021-04-15,649,125062,398,53082,251,67063,0,4917,486,20561,156,54562,486,75123,California
Butte,2021-04-16,817,125879,419,53501,398,67461,0,4917,482,20711,332,54894,482,75605,California
Butte,2021-04-17,346,126225,62,53563,284,67745,0,4917,243,20852,102,54996,243,75848,California
Butte,2021-04-18,57,126282,23,53586,34,67779,0,4917,44,20883,13,55009,44,75892,California
Butte,2021-04-19,1570,127852,386,53972,1184,68963,0,4917,419,20154,1148,56157,419,76311,California
Butte,2021-04-20,2039,129891,772,54744,1267,70230,0,4917,757,19637,1274,57431,757,77068,California
Butte,2021-04-21,2113,132004,1229,55973,884,71114,0,4917,488,18507,1618,59049,488,77556,California
Butte,2021-04-22,2272,134276,1986,57959,286,71400,0,4917,624,17488,1643,60692,624,78180,California
Butte,2021-04-23,971,135247,472,58431,499,71899,0,4917,490,17498,480,61172,490,78670,California
Butte,2021-04-24,349,135596,140,58571,209,72108,0,4917,188,17525,161,61333,188,78858,California
Butte,2021-04-25,174,135770,69,58640,105,72213,0,4917,65,17481,109,61442,65,78923,California
Butte,2021-04-26,1577,137347,471,59111,1101,73314,5,4922,408,16731,1163,62605,413,79336,California
Butte,2021-04-27,1039,138386,696,59807,316,73630,27,4949,587,16900,446,63051,615,79951,California
Butte,2021-04-28,1437,139823,979,60786,433,74063,25,4974,511,16515,921,63972,536,80487,California
Butte,2021-04-29,914,140737,569,61355,320,74383,25,4999,312,16257,595,64567,337,80824,California
Butte,2021-04-30,929,141666,420,61775,488,74871,21,5020,466,16289,454,65021,486,81310,California
Butte,2021-05-01,246,141912,64,61839,160,75031,22,5042,73,16211,170,65191,92,81402,California
Butte,2021-05-02,153,142065,64,61903,76,75107,13,5055,45,16161,107,65298,57,81459,California
Butte,2021-05-03,634,142699,257,62160,346,75453,31,5086,178,15924,446,65744,209,81668,California
Butte,2021-05-04,853,143552,344,62504,477,75930,32,5118,224,15557,622,66366,255,81923,California
Butte,2021-05-05,1374,144926,1120,63624,216,76146,38,5156,292,14811,1076,67442,330,82253,California
Butte,2021-05-06,970,145896,702,64326,229,76375,39,5195,369,14622,597,68039,408,82661,California
Butte,2021-05-07,582,146478,310,64636,236,76611,36,5231,297,14673,281,68320,332,82993,California
Butte,2021-05-08,187,146665,53,64689,123,76734,11,5242,91,14680,95,68415,102,83095,California
Butte,2021-05-09,103,146768,27,64716,73,76807,3,5245,54,14688,49,68464,57,83152,California
Butte,2021-05-10,538,147306,316,65032,176,76983,46,5291,214,14627,321,68785,260,83412,California
Butte,2021-05-11,916,148222,662,65694,194,77177,60,5351,296,14366,617,69402,356,83768,California
Butte,2021-05-12,784,149006,483,66177,253,77430,48,5399,333,14301,446,69848,381,84149,California
Butte,2021-05-13,950,149956,628,66805,257,77687,65,5464,349,14123,590,70438,412,84561,California
Butte,2021-05-14,871,150827,544,67349,294,77981,33,5497,380,14047,487,70925,411,84972,California
Butte,2021-05-15,509,151336,246,67595,229,78210,34,5531,239,14052,268,71193,273,85245,California
Butte,2021-05-16,167,151503,82,67677,67,78277,18,5549,98,14100,68,71261,116,85361,California
Butte,2021-05-17,770,152273,498,68175,223,78500,49,5598,331,14044,435,71696,379,85740,California
Butte,2021-05-18,1068,153341,735,68910,284,78784,49,5647,475,13981,587,72283,524,86264,California
Butte,2021-05-19,837,154178,544,69454,249,79033,44,5691,328,13849,503,72786,371,86635,California
Butte,2021-05-20,985,155163,661,70115,214,79247,110,5801,385,13746,597,73383,494,87129,California
Butte,2021-05-21,889,156052,543,70658,320,79567,26,5827,293,13472,592,73975,318,87447,California
Butte,2021-05-22,299,156351,139,70797,145,79712,15,5842,144,13478,152,74127,158,87605,California
Butte,2021-05-23,132,156483,83,70880,48,79760,1,5843,79,13505,53,74180,80,87685,California
Butte,2021-05-24,352,156835,165,71045,138,79898,49,5892,177,13557,174,74354,226,87911,California
Butte,2021-05-25,697,157532,447,71492,213,80111,37,5929,341,13585,349,74703,377,88288,California
Butte,2021-05-26,562,158094,180,71672,359,80470,23,5952,241,13536,312,75015,263,88551,California
Butte,2021-05-27,865,158959,623,72295,224,80694,18,5970,422,13539,438,75453,441,88992,California
Butte,2021-05-28,520,159479,141,72436,300,80994,79,6049,212,13525,305,75758,291,89283,California
Butte,2021-05-29,225,159704,116,72552,97,81091,12,6061,144,13600,81,75839,156,89439,California
Butte,2021-05-30,105,159809,56,72608,49,81140,0,6061,57,13609,48,75887,57,89496,California
Butte,2021-05-31,43,159852,23,72631,18,81158,2,6063,25,13618,18,75905,27,89523,California
Butte,2021-06-01,681,160533,429,73060,215,81373,37,6100,253,13485,422,76327,289,89812,California
Butte,2021-06-02,817,161350,564,73624,208,81581,45,6145,349,13415,463,76790,393,90205,California
Butte,2021-06-03,630,161980,423,74047,190,81771,17,6162,206,13217,421,77211,223,90428,California
Butte,2021-06-04,484,162464,276,74323,180,81951,28,6190,144,13056,333,77544,172,90600,California
Butte,2021-06-05,323,162787,209,74532,94,82045,20,6210,98,12951,223,77767,118,90718,California
Butte,2021-06-06,136,162923,100,74632,34,82079,2,6212,33,12884,102,77869,35,90753,California
Butte,2021-06-07,405,163328,258,74890,116,82195,31,6243,168,12846,236,78105,198,90951,California
Butte,2021-06-08,652,163980,469,75359,164,82359,19,6262,179,12583,462,78567,199,91150,California
Butte,2021-06-09,438,164418,300,75659,119,82478,19,6281,147,12465,284,78851,166,91316,California
Butte,2021-06-10,633,165051,451,76110,150,82628,32,6313,233,12330,398,79249,263,91579,California
Butte,2021-06-11,443,165494,264,76374,158,82786,21,6334,147,12204,294,79543,168,91747,California
Butte,2021-06-12,252,165746,154,76528,88,82874,10,6344,75,12113,176,79719,85,91832,California
Butte,2021-06-13,97,165843,64,76592,30,82904,3,6347,20,12059,77,79796,23,91855,California
Butte,2021-06-14,390,166233,235,76827,135,83039,20,6367,139,11969,250,80046,160,92015,California
Butte,2021-06-15,551,166784,387,77214,138,83177,26,6393,164,11778,381,80427,190,92205,California
Butte,2021-06-16,416,167200,256,77470,116,83293,44,6437,168,11744,246,80673,212,92417,California
Butte,2021-06-17,584,167784,436,77906,121,83414,27,6464,182,11552,401,81074,209,92626,California
Butte,2021-06-18,410,168194,205,78111,152,83566,53,6517,160,11514,248,81322,210,92836,California
Butte,2021-06-19,207,168401,153,78264,49,83615,5,6522,92,11496,115,81437,97,92933,California
Butte,2021-06-20,93,168494,68,78332,25,83640,0,6522,24,11451,69,81506,24,92957,California
Butte,2021-06-21,277,168771,164,78496,92,83732,21,6543,132,11461,143,81649,153,93110,California
Butte,2021-06-22,418,169189,274,78770,120,83852,24,6567,151,11372,264,81913,175,93285,California
Butte,2021-06-23,450,169639,333,79103,92,83944,25,6592,166,11279,283,82196,190,93475,California
Butte,2021-06-24,426,170065,284,79387,108,84052,34,6626,153,11193,272,82468,186,93661,California
Butte,2021-06-25,414,170479,204,79591,187,84239,23,6649,155,11113,258,82726,178,93839,California
Butte,2021-06-26,132,170611,96,79687,34,84273,2,6651,55,11093,77,82803,57,93896,California
Butte,2021-06-27,64,170675,39,79726,24,84297,1,6652,20,11070,44,82847,21,93917,California
Butte,2021-06-28,297,170972,224,79950,54,84351,19,6671,123,11039,173,83020,142,94059,California
Butte,2021-06-29,322,171294,217,80167,92,84443,13,6684,139,11010,180,83200,151,94210,California
Butte,2021-06-30,320,171614,208,80375,96,84539,16,6700,153,11013,166,83366,169,94379,California
Butte,2021-07-01,356,171970,229,80604,107,84646,20,6720,142,10962,213,83579,162,94541,California
Butte,2021-07-02,298,172268,204,80808,68,84714,26,6746,138,10969,157,83736,164,94705,California
Butte,2021-07-03,122,172390,83,80891,37,84751,2,6748,51,10952,70,83806,53,94758,California
Butte,2021-07-04,3,172393,2,80893,1,84752,0,6748,0,10950,2,83808,0,94758,California
Butte,2021-07-05,149,172542,99,80992,40,84792,10,6758,63,10941,82,83890,73,94831,California
Butte,2021-07-06,338,172880,250,81242,73,84865,15,6773,118,10857,218,84108,134,94965,California
Butte,2021-07-07,314,173194,230,81472,76,84941,8,6781,119,10791,193,84301,127,95092,California
Butte,2021-07-08,295,173489,193,81665,93,85034,9,6790,114,10735,179,84480,123,95215,California
Butte,2021-07-09,140,173629,70,81735,57,85091,13,6803,57,10723,82,84562,70,95285,California
Calaveras,2020-12-16,10,10,10,10,0,0,0,0,10,10,0,0,10,10,California
Calaveras,2020-12-17,6,16,6,16,0,0,0,0,6,16,0,0,6,16,California
Calaveras,2020-12-18,39,55,39,55,0,0,0,0,39,55,0,0,39,55,California
Calaveras,2020-12-19,4,59,4,59,0,0,0,0,4,59,0,0,4,59,California
Calaveras,2020-12-20,4,63,4,63,0,0,0,0,4,63,0,0,4,63,California
Calaveras,2020-12-21,54,117,47,110,7,7,0,0,54,117,0,0,54,117,California
Calaveras,2020-12-22,84,201,80,190,4,11,0,0,85,202,0,0,85,202,California
Calaveras,2020-12-23,76,277,74,264,2,13,0,0,76,278,0,0,76,278,California
Calaveras,2020-12-24,2,279,2,266,0,13,0,0,2,280,0,0,2,280,California
Calaveras,2020-12-26,3,282,3,269,0,13,0,0,3,283,0,0,3,283,California
Calaveras,2020-12-27,1,283,1,270,0,13,0,0,1,284,0,0,1,284,California
Calaveras,2020-12-28,22,305,18,288,4,17,0,0,21,304,1,1,21,305,California
Calaveras,2020-12-29,160,465,138,426,22,39,0,0,160,464,0,1,160,465,California
Calaveras,2020-12-30,94,559,82,508,12,51,0,0,94,558,0,1,94,559,California
Calaveras,2020-12-31,38,597,27,535,11,62,0,0,38,596,0,1,38,597,California
Calaveras,2021-01-02,12,609,12,547,0,62,0,0,12,608,0,1,12,609,California
Calaveras,2021-01-03,10,619,4,551,6,68,0,0,10,618,0,1,10,619,California
Calaveras,2021-01-04,33,652,5,556,28,96,0,0,33,651,0,1,33,652,California
Calaveras,2021-01-05,43,695,10,566,33,129,0,0,32,677,11,12,37,689,California
Calaveras,2021-01-06,107,802,30,596,77,206,0,0,97,764,10,22,97,786,California
Calaveras,2021-01-07,108,910,28,624,80,286,0,0,93,845,13,35,94,880,California
Calaveras,2021-01-08,74,984,44,668,30,316,0,0,46,865,28,63,48,928,California
Calaveras,2021-01-09,5,989,5,673,0,316,0,0,2,864,3,66,2,930,California
Calaveras,2021-01-10,2,991,0,673,2,318,0,0,2,866,0,66,2,932,California
Calaveras,2021-01-11,66,1057,60,733,6,324,0,0,27,857,38,104,29,961,California
Calaveras,2021-01-12,89,1146,56,789,33,357,0,0,52,873,37,141,53,1014,California
Calaveras,2021-01-13,110,1256,46,835,64,421,0,0,75,914,35,176,76,1090,California
Calaveras,2021-01-14,144,1400,45,880,99,520,0,0,110,992,33,209,111,1201,California
Calaveras,2021-01-15,94,1494,28,908,66,586,0,0,74,1046,20,229,74,1275,California
Calaveras,2021-01-16,13,1507,2,910,11,597,0,0,12,1057,1,230,12,1287,California
Calaveras,2021-01-17,10,1517,2,912,8,605,0,0,9,1065,1,231,9,1296,California
Calaveras,2021-01-18,139,1656,21,933,118,723,0,0,123,1176,16,247,127,1423,California
Calaveras,2021-01-19,209,1865,177,1110,32,755,0,0,71,1112,137,384,73,1496,California
Calaveras,2021-01-20,383,2248,82,1192,301,1056,0,0,288,1324,94,478,306,1802,California
Calaveras,2021-01-21,469,2717,43,1235,426,1482,0,0,426,1725,43,521,444,2246,California
Calaveras,2021-01-22,407,3124,26,1261,381,1863,0,0,389,2110,18,539,403,2649,California
Calaveras,2021-01-23,21,3145,10,1271,11,1874,0,0,19,2127,2,541,19,2668,California
Calaveras,2021-01-24,14,3159,8,1279,6,1880,0,0,12,2137,2,543,12,2680,California
Calaveras,2021-01-25,89,3248,7,1286,82,1962,0,0,84,2216,5,548,84,2764,California
Calaveras,2021-01-26,51,3299,16,1302,35,1997,0,0,42,2249,9,557,42,2806,California
Calaveras,2021-01-27,141,3440,47,1349,94,2091,0,0,112,2333,28,585,112,2918,California
Calaveras,2021-01-28,165,3605,25,1374,140,2231,0,0,136,2447,29,614,143,3061,California
Calaveras,2021-01-29,401,4006,15,1389,386,2617,0,0,366,2794,35,649,382,3443,California
Calaveras,2021-01-30,27,4033,10,1399,17,2634,0,0,25,2819,0,649,25,3468,California
Calaveras,2021-01-31,7,4040,5,1404,2,2636,0,0,6,2824,1,650,6,3474,California
Calaveras,2021-02-01,31,4071,12,1416,19,2655,0,0,22,2837,9,659,22,3496,California
Calaveras,2021-02-02,113,4184,24,1440,89,2744,0,0,74,2878,34,693,75,3571,California
Calaveras,2021-02-03,444,4628,44,1484,400,3144,0,0,359,3155,84,777,361,3932,California
Calaveras,2021-02-04,391,5019,26,1510,365,3509,0,0,305,3377,86,863,308,4240,California
Calaveras,2021-02-05,81,5100,22,1532,59,3568,0,0,42,3381,39,902,43,4283,California
Calaveras,2021-02-06,22,5122,12,1544,10,3578,0,0,22,3403,0,902,22,4305,California
Calaveras,2021-02-07,6,5128,1,1545,5,3583,0,0,2,3403,2,904,2,4307,California
Calaveras,2021-02-08,42,5170,19,1564,23,3606,0,0,34,3431,6,910,34,4341,California
Calaveras,2021-02-09,200,5370,78,1642,122,3728,0,0,137,3508,61,971,138,4479,California
Calaveras,2021-02-10,519,5889,33,1675,486,4214,0,0,444,3886,75,1046,453,4932,California
Calaveras,2021-02-11,603,6492,91,1766,512,4726,0,0,482,4263,118,1164,495,5427,California
Calaveras,2021-02-12,577,7069,324,2090,253,4979,0,0,490,4678,85,1249,500,5927,California
Calaveras,2021-02-13,205,7274,47,2137,158,5137,0,0,188,4850,16,1265,188,6115,California
Calaveras,2021-02-14,223,7497,71,2208,152,5289,0,0,207,5043,14,1279,207,6322,California
Calaveras,2021-02-15,389,7886,25,2233,364,5653,0,0,265,5189,119,1398,265,6587,California
Calaveras,2021-02-16,273,8159,146,2379,127,5780,0,0,232,5385,41,1439,237,6824,California
Calaveras,2021-02-17,518,8677,40,2419,478,6258,0,0,205,5302,293,1732,210,7034,California
Calaveras,2021-02-18,507,9184,96,2515,411,6669,0,0,98,5016,385,2117,99,7133,California
Calaveras,2021-02-19,443,9627,43,2558,400,7069,0,0,99,4787,328,2445,99,7232,California
Calaveras,2021-02-20,59,9686,15,2573,44,7113,0,0,49,4826,10,2455,49,7281,California
Calaveras,2021-02-21,27,9713,16,2589,11,7124,0,0,20,4840,6,2461,20,7301,California
Calaveras,2021-02-22,64,9777,39,2628,25,7149,0,0,33,4842,31,2492,33,7334,California
Calaveras,2021-02-23,138,9915,49,2677,89,7238,0,0,95,4895,43,2535,96,7430,California
Calaveras,2021-02-24,102,10017,48,2725,54,7292,0,0,68,4931,32,2567,68,7498,California
Calaveras,2021-02-25,557,10574,104,2829,453,7745,0,0,355,5102,192,2759,363,7861,California
Calaveras,2021-02-26,788,11362,47,2876,741,8486,0,0,375,5092,388,3147,378,8239,California
Calaveras,2021-02-27,209,11571,26,2902,183,8669,0,0,184,5251,25,3172,184,8423,California
Calaveras,2021-02-28,96,11667,15,2917,81,8750,0,0,91,5337,5,3177,91,8514,California
Calaveras,2021-03-01,253,11920,48,2965,205,8955,0,0,155,5400,93,3270,156,8670,California
Calaveras,2021-03-02,262,12182,105,3070,157,9112,0,0,208,5559,51,3321,210,8880,California
Calaveras,2021-03-03,574,12756,109,3179,465,9577,0,0,218,5428,350,3671,219,9099,California
Calaveras,2021-03-04,756,13512,70,3249,685,10262,1,1,352,5388,394,4065,354,9453,California
Calaveras,2021-03-05,462,13974,270,3519,188,10450,4,5,146,5236,302,4367,150,9603,California
Calaveras,2021-03-06,155,14129,43,3562,106,10556,6,11,114,5316,41,4408,121,9724,California
Calaveras,2021-03-07,82,14211,33,3595,41,10597,8,19,39,5320,43,4451,47,9771,California
Calaveras,2021-03-08,168,14379,32,3627,128,10725,8,27,130,5422,36,4487,138,9909,California
Calaveras,2021-03-09,382,14761,143,3770,233,10958,6,33,35,5124,339,4826,41,9950,California
Calaveras,2021-03-10,432,15193,35,3805,394,11352,3,36,58,4822,363,5189,61,10011,California
Calaveras,2021-03-11,885,16078,441,4246,431,11783,13,49,437,4842,432,5621,452,10463,California
Calaveras,2021-03-12,430,16508,224,4470,196,11979,10,59,324,5083,103,5724,344,10807,California
Calaveras,2021-03-13,192,16700,19,4489,165,12144,8,67,139,5183,51,5775,151,10958,California
Calaveras,2021-03-14,161,16861,11,4500,149,12293,1,68,18,5065,143,5918,25,10983,California
Calaveras,2021-03-15,337,17198,50,4550,261,12554,26,94,55,4869,281,6199,85,11068,California
Calaveras,2021-03-16,701,17899,562,5112,119,12673,20,114,554,5298,145,6344,574,11642,California
Calaveras,2021-03-17,291,18190,53,5165,224,12897,14,128,52,5133,232,6576,67,11709,California
Calaveras,2021-03-18,675,18865,576,5741,83,12980,16,144,549,5576,125,6701,568,12277,California
Calaveras,2021-03-19,237,19102,52,5793,110,13090,75,219,59,5534,174,6875,132,12409,California
Calaveras,2021-03-20,83,19185,23,5816,59,13149,1,220,24,5501,59,6934,26,12435,California
Calaveras,2021-03-21,47,19232,29,5845,7,13156,11,231,9,5485,37,6971,21,12456,California
Calaveras,2021-03-22,83,19315,39,5884,23,13179,21,252,26,5475,57,7028,47,12503,California
Calaveras,2021-03-23,299,19614,205,6089,84,13263,10,262,118,5433,169,7197,127,12630,California
Calaveras,2021-03-24,135,19749,51,6140,74,13337,10,272,44,5398,89,7286,54,12684,California
Calaveras,2021-03-25,754,20503,108,6248,642,13979,4,276,452,5563,291,7577,456,13140,California
Calaveras,2021-03-26,439,20942,30,6278,402,14381,7,283,91,5323,340,7917,100,13240,California
Calaveras,2021-03-27,212,21154,21,6299,187,14568,4,287,38,5196,171,8088,44,13284,California
Calaveras,2021-03-28,112,21266,12,6311,97,14665,3,290,8,5105,103,8191,12,13296,California
Calaveras,2021-03-29,187,21453,23,6334,161,14826,3,293,60,5047,122,8313,64,13360,California
Calaveras,2021-03-30,541,21994,26,6360,498,15324,17,310,361,5246,179,8492,378,13738,California
Calaveras,2021-03-31,329,22323,144,6504,175,15499,10,320,159,5249,167,8659,170,13908,California
Calaveras,2021-04-01,696,23019,449,6953,246,15745,1,321,184,4930,508,9167,189,14097,California
Calaveras,2021-04-02,401,23420,234,7187,159,15904,8,329,115,4777,278,9445,125,14222,California
Calaveras,2021-04-03,145,23565,36,7223,105,16009,4,333,41,4718,104,9549,45,14267,California
Calaveras,2021-04-04,83,23648,27,7250,56,16065,0,333,51,4737,32,9581,51,14318,California
Calaveras,2021-04-05,212,23860,80,7330,122,16187,10,343,97,4729,115,9696,107,14425,California
Calaveras,2021-04-06,664,24524,581,7911,69,16256,14,357,115,4313,545,10241,129,14554,California
Calaveras,2021-04-07,762,25286,665,8576,60,16316,37,394,621,4832,140,10381,659,15213,California
Calaveras,2021-04-08,951,26237,858,9434,70,16386,23,417,432,4773,515,10896,456,15669,California
Calaveras,2021-04-09,158,26395,60,9494,49,16435,49,466,55,4777,99,10995,103,15772,California
Calaveras,2021-04-10,196,26591,44,9538,133,16568,19,485,150,4902,45,11040,170,15942,California
Calaveras,2021-04-11,70,26661,45,9583,23,16591,2,487,49,4932,21,11061,51,15993,California
Calaveras,2021-04-12,106,26767,46,9629,41,16632,19,506,56,4958,50,11111,76,16069,California
Calaveras,2021-04-13,428,27195,372,10001,56,16688,0,506,366,5265,61,11172,368,16437,California
Calaveras,2021-04-14,186,27381,28,10029,158,16846,0,506,136,5353,49,11221,137,16574,California
Calaveras,2021-04-15,336,27717,285,10314,51,16897,0,506,245,5512,86,11307,245,16819,California
Calaveras,2021-04-16,109,27826,32,10346,77,16974,0,506,50,5510,52,11359,50,16869,California
Calaveras,2021-04-17,333,28159,128,10474,205,17179,0,506,290,5757,43,11402,290,17159,California
Calaveras,2021-04-18,18,28177,5,10479,13,17192,0,506,11,5761,7,11409,11,17170,California
Calaveras,2021-04-19,76,28253,27,10506,49,17241,0,506,44,5775,31,11440,45,17215,California
Calaveras,2021-04-20,270,28523,93,10599,177,17418,0,506,197,5905,67,11507,197,17412,California
Calaveras,2021-04-21,219,28742,148,10747,71,17489,0,506,84,5858,132,11639,85,17497,California
Calaveras,2021-04-22,548,29290,98,10845,450,17939,0,506,144,5604,400,12039,146,17643,California
Calaveras,2021-04-23,162,29452,81,10926,81,18020,0,506,64,5573,95,12134,64,17707,California
Calaveras,2021-04-24,173,29625,38,10964,135,18155,0,506,129,5660,43,12177,130,17837,California
Calaveras,2021-04-25,43,29668,27,10991,16,18171,0,506,23,5665,20,12197,25,17862,California
Calaveras,2021-04-26,119,29787,74,11065,45,18216,0,506,35,5618,83,12280,36,17898,California
Calaveras,2021-04-27,443,30230,72,11137,358,18574,13,519,56,5305,382,12662,69,17967,California
Calaveras,2021-04-28,650,30880,580,11717,39,18613,31,550,55,4807,591,13253,93,18060,California
Calaveras,2021-04-29,519,31399,443,12160,57,18670,19,569,71,4457,444,13697,94,18154,California
Calaveras,2021-04-30,156,31555,62,12222,89,18759,5,574,71,4455,84,13781,82,18236,California
Calaveras,2021-05-01,203,31758,112,12334,88,18847,3,577,134,4529,67,13848,141,18377,California
Calaveras,2021-05-02,54,31812,37,12371,16,18863,1,578,20,4519,32,13880,22,18399,California
Calaveras,2021-05-03,95,31907,70,12441,20,18883,5,583,30,4494,64,13944,39,18438,California
Calaveras,2021-05-04,421,32328,330,12771,54,18937,37,620,45,4202,375,14319,83,18521,California
Calaveras,2021-05-05,112,32440,57,12828,23,18960,32,652,50,4223,60,14379,81,18602,California
Calaveras,2021-05-06,257,32697,194,13022,39,18999,24,676,48,4089,207,14586,73,18675,California
Calaveras,2021-05-07,89,32786,25,13047,58,19057,6,682,58,4122,31,14617,64,18739,California
Calaveras,2021-05-08,291,33077,142,13189,146,19203,3,685,90,4018,197,14814,93,18832,California
Calaveras,2021-05-09,28,33105,12,13201,13,19216,3,688,13,4019,15,14829,16,18848,California
Calaveras,2021-05-10,65,33170,30,13231,34,19250,1,689,28,4014,35,14864,30,18878,California
Calaveras,2021-05-11,137,33307,92,13323,33,19283,12,701,96,4083,40,14904,109,18987,California
Calaveras,2021-05-12,172,33479,50,13373,122,19405,0,701,53,4019,118,15022,54,19041,California
Calaveras,2021-05-13,123,33602,66,13439,42,19447,15,716,66,4046,55,15077,82,19123,California
Calaveras,2021-05-14,148,33750,93,13532,52,19499,3,719,99,4100,48,15125,102,19225,California
Calaveras,2021-05-15,267,34017,96,13628,168,19667,3,722,106,4054,155,15280,109,19334,California
Calaveras,2021-05-16,30,34047,12,13640,18,19685,0,722,14,4053,16,15296,15,19349,California
Calaveras,2021-05-17,90,34137,42,13682,41,19726,7,729,47,4066,42,15338,55,19404,California
Calaveras,2021-05-18,229,34366,63,13745,144,19870,22,751,74,4008,154,15492,96,19500,California
Calaveras,2021-05-19,151,34517,64,13809,83,19953,4,755,72,4007,78,15570,77,19577,California
Calaveras,2021-05-20,203,34720,80,13889,97,20050,26,781,66,3964,134,15704,91,19668,California
Calaveras,2021-05-21,97,34817,55,13944,38,20088,4,785,58,3987,38,15742,61,19729,California
Calaveras,2021-05-22,301,35118,160,14104,141,20229,0,785,148,3983,152,15894,148,19877,California
Calaveras,2021-05-23,32,35150,16,14120,16,20245,0,785,13,3977,19,15913,13,19890,California
Calaveras,2021-05-24,76,35226,40,14160,20,20265,16,801,32,3982,44,15957,49,19939,California
Calaveras,2021-05-25,124,35350,48,14208,59,20324,17,818,56,3987,68,16025,73,20012,California
Calaveras,2021-05-26,121,35471,87,14295,30,20354,4,822,83,4036,37,16062,86,20098,California
Calaveras,2021-05-27,86,35557,44,14339,38,20392,4,826,30,4018,53,16115,35,20133,California
Calaveras,2021-05-28,85,35642,44,14383,37,20429,4,830,39,4015,46,16161,43,20176,California
Calaveras,2021-05-29,69,35711,23,14406,41,20470,5,835,33,4018,36,16197,39,20215,California
Calaveras,2021-05-30,36,35747,14,14420,17,20487,5,840,11,4009,25,16222,16,20231,California
Calaveras,2021-05-31,5,35752,0,14420,3,20490,2,842,0,4006,5,16227,2,20233,California
Calaveras,2021-06-01,147,35899,98,14518,43,20533,6,848,45,3955,102,16329,51,20284,California
Calaveras,2021-06-02,86,35985,55,14573,27,20560,4,852,37,3947,49,16378,41,20325,California
Calaveras,2021-06-03,93,36078,55,14628,31,20591,7,859,42,3949,49,16427,51,20376,California
Calaveras,2021-06-04,139,36217,93,14721,34,20625,12,871,36,3894,103,16530,48,20424,California
Calaveras,2021-06-05,85,36302,28,14749,55,20680,2,873,34,3880,50,16580,36,20460,California
Calaveras,2021-06-06,40,36342,28,14777,9,20689,3,876,21,3885,19,16599,24,20484,California
Calaveras,2021-06-07,62,36404,45,14822,9,20698,8,884,25,3882,36,16635,33,20517,California
Calaveras,2021-06-08,125,36529,80,14902,39,20737,6,890,58,3879,67,16702,64,20581,California
Calaveras,2021-06-09,95,36624,51,14953,38,20775,6,896,30,3852,65,16767,38,20619,California
Calaveras,2021-06-10,120,36744,59,15012,52,20827,9,905,42,3827,76,16843,51,20670,California
Calaveras,2021-06-11,104,36848,59,15071,40,20867,5,910,33,3794,71,16914,38,20708,California
Calaveras,2021-06-12,63,36911,37,15108,24,20891,2,912,20,3774,43,16957,23,20731,California
Calaveras,2021-06-13,31,36942,18,15126,9,20900,4,916,8,3763,23,16980,12,20743,California
Calaveras,2021-06-14,60,37002,40,15166,16,20916,4,920,23,3755,37,17017,29,20772,California
Calaveras,2021-06-15,90,37092,55,15221,26,20942,9,929,23,3721,67,17084,33,20805,California
Calaveras,2021-06-16,179,37271,138,15359,27,20969,14,943,39,3635,139,17223,53,20858,California
Calaveras,2021-06-17,60,37331,33,15392,23,20992,4,947,25,3632,32,17255,29,20887,California
Calaveras,2021-06-18,60,37391,41,15433,15,21007,4,951,25,3626,35,17290,29,20916,California
Calaveras,2021-06-19,66,37457,23,15456,26,21033,17,968,23,3623,43,17333,40,20956,California
Calaveras,2021-06-20,6,37463,2,15458,3,21036,1,969,2,3622,4,17337,3,20959,California
Calaveras,2021-06-21,39,37502,15,15473,18,21054,6,975,24,3638,15,17352,31,20990,California
Calaveras,2021-06-22,63,37565,32,15505,29,21083,2,977,28,3636,33,17385,31,21021,California
Calaveras,2021-06-23,64,37629,38,15543,19,21102,7,984,30,3639,34,17419,37,21058,California
Calaveras,2021-06-24,69,37698,37,15580,30,21132,2,986,35,3642,34,17453,37,21095,California
Calaveras,2021-06-25,53,37751,33,15613,12,21144,8,994,23,3643,30,17483,31,21126,California
Calaveras,2021-06-26,33,37784,16,15629,15,21159,2,996,20,3653,13,17496,23,21149,California
Calaveras,2021-06-27,18,37802,16,15645,1,21160,1,997,8,3652,10,17506,9,21158,California
Calaveras,2021-06-28,45,37847,27,15672,13,21173,5,1002,18,3650,26,17532,24,21182,California
Calaveras,2021-06-29,60,37907,48,15720,9,21182,3,1005,27,3649,31,17563,30,21212,California
Calaveras,2021-06-30,42,37949,26,15746,8,21190,8,1013,21,3657,21,17584,29,21241,California
Calaveras,2021-07-01,40,37989,24,15770,11,21201,5,1018,20,3663,19,17603,25,21266,California
Calaveras,2021-07-02,42,38031,32,15802,8,21209,2,1020,25,3673,17,17620,27,21293,California
Calaveras,2021-07-03,21,38052,15,15817,5,21214,1,1021,11,3675,10,17630,12,21305,California
Calaveras,2021-07-04,3,38055,1,15818,2,21216,0,1021,3,3678,0,17630,3,21308,California
Calaveras,2021-07-05,25,38080,15,15833,7,21223,3,1024,5,3667,20,17650,9,21317,California
Calaveras,2021-07-06,65,38145,26,15859,23,21246,16,1040,33,3685,32,17682,50,21367,California
Calaveras,2021-07-07,43,38188,25,15884,14,21260,4,1044,21,3689,21,17703,25,21392,California
Calaveras,2021-07-08,54,38242,19,15903,30,21290,5,1049,26,3693,27,17730,31,21423,California
Calaveras,2021-07-09,33,38275,16,15919,13,21303,4,1053,18,3700,15,17745,22,21445,California
Colusa,2020-12-18,1,1,1,1,0,0,0,0,1,1,0,0,1,1,California
Colusa,2020-12-21,2,3,2,3,0,0,0,0,2,3,0,0,2,3,California
Colusa,2020-12-22,10,13,10,13,0,0,0,0,10,13,0,0,10,13,California
Colusa,2020-12-23,10,23,10,23,0,0,0,0,10,23,0,0,10,23,California
Colusa,2020-12-24,2,25,1,24,1,1,0,0,2,25,0,0,2,25,California
Colusa,2020-12-27,1,26,1,25,0,1,0,0,1,26,0,0,1,26,California
Colusa,2020-12-28,7,33,3,28,4,5,0,0,7,33,0,0,7,33,California
Colusa,2020-12-29,10,43,8,36,2,7,0,0,10,43,0,0,10,43,California
Colusa,2020-12-30,51,94,14,50,37,44,0,0,51,94,0,0,51,94,California
Colusa,2020-12-31,18,112,1,51,17,61,0,0,18,112,0,0,18,112,California
Colusa,2021-01-04,3,115,0,51,3,64,0,0,3,115,0,0,3,115,California
Colusa,2021-01-05,68,183,1,52,67,131,0,0,68,183,0,0,68,183,California
Colusa,2021-01-06,15,198,9,61,6,137,0,0,15,198,0,0,15,198,California
Colusa,2021-01-07,40,238,5,66,35,172,0,0,39,236,1,1,39,237,California
Colusa,2021-01-08,9,247,7,73,2,174,0,0,8,243,1,2,8,245,California
Colusa,2021-01-09,2,249,1,74,1,175,0,0,2,245,0,2,2,247,California
Colusa,2021-01-10,1,250,0,74,1,176,0,0,1,246,0,2,1,248,California
Colusa,2021-01-11,12,262,6,80,6,182,0,0,7,248,5,7,7,255,California
Colusa,2021-01-12,11,273,9,89,2,184,0,0,6,249,5,12,6,261,California
Colusa,2021-01-13,21,294,13,102,8,192,0,0,13,254,8,20,13,274,California
Colusa,2021-01-14,36,330,29,131,7,199,0,0,34,286,2,22,34,308,California
Colusa,2021-01-15,42,372,5,136,37,236,0,0,40,324,2,24,40,348,California
Colusa,2021-01-16,12,384,1,137,11,247,0,0,11,334,1,25,11,359,California
Colusa,2021-01-17,3,387,2,139,1,248,0,0,2,335,1,26,2,361,California
Colusa,2021-01-18,4,391,0,139,4,252,0,0,4,339,0,26,4,365,California
Colusa,2021-01-19,9,400,8,147,1,253,0,0,5,340,4,30,5,370,California
Colusa,2021-01-20,115,515,101,248,14,267,0,0,101,427,14,44,101,471,California
Colusa,2021-01-21,59,574,44,292,15,282,0,0,58,484,1,45,58,529,California
Colusa,2021-01-22,40,614,17,309,23,305,0,0,35,514,5,50,35,564,California
Colusa,2021-01-23,35,649,6,315,29,334,0,0,35,549,0,50,35,599,California
Colusa,2021-01-25,7,656,0,315,7,341,0,0,7,556,0,50,7,606,California
Colusa,2021-01-26,8,664,5,320,3,344,0,0,5,558,3,53,5,611,California
Colusa,2021-01-27,110,774,31,351,79,423,0,0,108,664,2,55,108,719,California
Colusa,2021-01-28,84,858,48,399,36,459,0,0,75,730,9,64,75,794,California
Colusa,2021-01-29,42,900,7,406,35,494,0,0,41,770,1,65,41,835,California
Colusa,2021-01-30,27,927,4,410,23,517,0,0,27,797,0,65,27,862,California
Colusa,2021-01-31,7,934,7,417,0,517,0,0,7,804,0,65,7,869,California
Colusa,2021-02-01,27,961,10,427,17,534,0,0,22,821,5,70,22,891,California
Colusa,2021-02-02,42,1003,8,435,34,568,0,0,36,851,6,76,36,927,California
Colusa,2021-02-03,74,1077,10,445,64,632,0,0,62,901,12,88,62,989,California
Colusa,2021-02-04,143,1220,81,526,62,694,0,0,114,986,29,117,114,1103,California
Colusa,2021-02-05,33,1253,9,535,24,718,0,0,30,1013,3,120,30,1133,California
Colusa,2021-02-06,285,1538,9,544,276,994,0,0,274,1276,11,131,274,1407,California
Colusa,2021-02-07,2,1540,1,545,1,995,0,0,0,1274,2,133,0,1407,California
Colusa,2021-02-08,41,1581,5,550,36,1031,0,0,38,1309,3,136,38,1445,California
Colusa,2021-02-09,231,1812,14,564,217,1248,0,0,176,1430,55,191,176,1621,California
Colusa,2021-02-10,118,1930,42,606,76,1324,0,0,74,1460,44,235,74,1695,California
Colusa,2021-02-11,107,2037,44,650,63,1387,0,0,80,1513,27,262,80,1775,California
Colusa,2021-02-12,117,2154,9,659,108,1495,0,0,78,1551,40,302,78,1853,California
Colusa,2021-02-13,60,2214,8,667,52,1547,0,0,52,1595,8,310,52,1905,California
Colusa,2021-02-14,20,2234,8,675,12,1559,0,0,14,1603,6,316,14,1919,California
Colusa,2021-02-15,46,2280,10,685,36,1595,0,0,39,1635,7,323,39,1958,California
Colusa,2021-02-16,69,2349,4,689,65,1660,0,0,68,1702,1,324,68,2026,California
Colusa,2021-02-17,209,2558,143,832,66,1726,0,0,62,1617,147,471,62,2088,California
Colusa,2021-02-18,139,2697,39,871,100,1826,0,0,116,1710,23,494,116,2204,California
Colusa,2021-02-19,157,2854,19,890,138,1964,0,0,131,1815,26,520,131,2335,California
Colusa,2021-02-20,32,2886,6,896,26,1990,0,0,13,1809,19,539,13,2348,California
Colusa,2021-02-21,4,2890,2,898,2,1992,0,0,2,1809,2,541,2,2350,California
Colusa,2021-02-22,45,2935,27,925,18,2010,0,0,30,1824,15,556,30,2380,California
Colusa,2021-02-23,21,2956,6,931,15,2025,0,0,17,1837,4,560,17,2397,California
Colusa,2021-02-24,308,3264,55,986,253,2278,0,0,159,1847,149,709,159,2556,California
Colusa,2021-02-25,118,3382,65,1051,53,2331,0,0,79,1887,39,748,79,2635,California
Colusa,2021-02-26,101,3483,15,1066,86,2417,0,0,60,1906,41,789,60,2695,California
Colusa,2021-02-27,57,3540,4,1070,53,2470,0,0,42,1933,15,804,42,2737,California
Colusa,2021-02-28,27,3567,15,1085,12,2482,0,0,18,1942,9,813,18,2755,California
Colusa,2021-03-01,46,3613,15,1100,31,2513,0,0,29,1954,17,830,29,2784,California
Colusa,2021-03-02,50,3663,13,1113,37,2550,0,0,26,1956,24,854,26,2810,California
Colusa,2021-03-03,253,3916,46,1159,207,2757,0,0,193,2089,60,914,193,3003,California
Colusa,2021-03-04,147,4063,60,1219,87,2844,0,0,77,2096,70,984,77,3080,California
Colusa,2021-03-05,111,4174,25,1244,77,2921,9,9,54,2102,57,1041,63,3143,California
Colusa,2021-03-06,276,4450,9,1253,267,3188,0,9,39,1904,237,1278,39,3182,California
Colusa,2021-03-07,9,4459,5,1258,4,3192,0,9,7,1909,2,1280,7,3189,California
Colusa,2021-03-08,108,4567,21,1279,52,3244,35,44,48,1933,59,1339,83,3272,California
Colusa,2021-03-09,288,4855,74,1353,191,3435,23,67,94,1856,194,1533,117,3389,California
Colusa,2021-03-10,310,5165,38,1391,236,3671,36,103,211,2004,99,1632,247,3636,California
Colusa,2021-03-11,437,5602,63,1454,353,4024,21,124,340,2266,97,1729,359,3995,California
Colusa,2021-03-12,111,5713,18,1472,80,4104,13,137,20,2208,91,1820,33,4028,California
Colusa,2021-03-13,68,5781,16,1488,43,4147,9,146,21,2191,47,1867,30,4058,California
Colusa,2021-03-14,21,5802,0,1488,19,4166,2,148,5,2183,15,1882,7,4065,California
Colusa,2021-03-15,81,5883,28,1516,45,4211,8,156,24,2158,57,1939,32,4097,California
Colusa,2021-03-16,298,6181,16,1532,236,4447,46,202,189,2284,109,2048,235,4332,California
Colusa,2021-03-17,195,6376,49,1581,146,4593,0,202,106,2301,89,2137,106,4438,California
Colusa,2021-03-18,326,6702,39,1620,216,4809,71,273,193,2433,133,2270,265,4703,California
Colusa,2021-03-19,79,6781,20,1640,57,4866,2,275,52,2460,27,2297,54,4757,California
Colusa,2021-03-20,52,6833,8,1648,43,4909,1,276,38,2485,14,2311,39,4796,California
Colusa,2021-03-21,6,6839,4,1652,2,4911,0,276,1,2481,5,2316,1,4797,California
Colusa,2021-03-22,62,6901,10,1662,43,4954,9,285,40,2508,22,2338,49,4846,California
Colusa,2021-03-23,82,6983,16,1678,64,5018,2,287,56,2540,26,2364,58,4904,California
Colusa,2021-03-24,339,7322,57,1735,276,5294,6,293,65,2336,274,2638,70,4974,California
Colusa,2021-03-25,111,7433,62,1797,44,5338,5,298,52,2334,59,2697,57,5031,California
Colusa,2021-03-26,300,7733,47,1844,249,5587,4,302,247,2532,53,2750,251,5282,California
Colusa,2021-03-27,63,7796,5,1849,58,5645,0,302,24,2517,39,2789,24,5306,California
Colusa,2021-03-28,16,7812,7,1856,9,5654,0,302,7,2515,9,2798,7,5313,California
Colusa,2021-03-29,71,7883,19,1875,46,5700,6,308,30,2510,41,2839,36,5349,California
Colusa,2021-03-30,152,8035,83,1958,67,5767,2,310,73,2506,79,2918,75,5424,California
Colusa,2021-03-31,233,8268,40,1998,193,5960,0,310,65,2404,167,3085,65,5489,California
Colusa,2021-04-01,436,8704,74,2072,307,6267,55,365,310,2643,125,3210,364,5853,California
Colusa,2021-04-02,82,8786,14,2086,54,6321,14,379,38,2651,44,3254,52,5905,California
Colusa,2021-04-03,62,8848,10,2096,29,6350,23,402,14,2639,48,3302,36,5941,California
Colusa,2021-04-04,18,8866,0,2096,8,6358,10,412,3,2637,15,3317,13,5954,California
Colusa,2021-04-05,99,8965,27,2123,56,6414,16,428,34,2622,65,3382,50,6004,California
Colusa,2021-04-06,130,9095,35,2158,45,6459,50,478,35,2612,95,3477,85,6089,California
Colusa,2021-04-07,357,9452,42,2200,292,6751,23,501,125,2530,231,3708,149,6238,California
Colusa,2021-04-08,429,9881,34,2234,367,7118,28,529,117,2366,309,4017,145,6383,California
Colusa,2021-04-09,77,9958,21,2255,32,7150,24,553,28,2369,49,4066,52,6435,California
Colusa,2021-04-10,45,10003,10,2265,14,7164,21,574,8,2361,37,4103,29,6464,California
Colusa,2021-04-11,16,10019,3,2268,11,7175,2,576,8,2363,8,4111,10,6474,California
Colusa,2021-04-12,32,10051,3,2271,29,7204,0,576,15,2361,17,4128,15,6489,California
Colusa,2021-04-13,280,10331,23,2294,257,7461,0,576,95,2272,184,4312,95,6584,California
Colusa,2021-04-14,97,10428,20,2314,77,7538,0,576,35,2245,62,4374,35,6619,California
Colusa,2021-04-15,325,10753,48,2362,277,7815,0,576,130,2180,195,4569,130,6749,California
Colusa,2021-04-16,80,10833,11,2373,69,7884,0,576,35,2171,44,4613,35,6784,California
Colusa,2021-04-17,54,10887,7,2380,47,7931,0,576,30,2177,24,4637,30,6814,California
Colusa,2021-04-18,9,10896,2,2382,7,7938,0,576,7,2182,2,4639,7,6821,California
Colusa,2021-04-19,61,10957,21,2403,40,7978,0,576,17,2155,44,4683,17,6838,California
Colusa,2021-04-20,189,11146,38,2441,151,8129,0,576,133,2232,56,4739,133,6971,California
Colusa,2021-04-21,178,11324,68,2509,110,8239,0,576,109,2272,69,4808,109,7080,California
Colusa,2021-04-22,425,11749,27,2536,397,8636,1,577,221,2290,203,5011,221,7301,California
Colusa,2021-04-23,96,11845,21,2557,75,8711,0,577,37,2268,59,5070,37,7338,California
Colusa,2021-04-24,241,12086,19,2576,221,8932,1,578,210,2447,31,5101,210,7548,California
Colusa,2021-04-25,12,12098,6,2582,6,8938,0,578,8,2451,4,5105,8,7556,California
Colusa,2021-04-26,25,12123,5,2587,19,8957,1,579,6,2439,18,5123,6,7562,California
Colusa,2021-04-27,97,12220,25,2612,68,9025,4,583,44,2434,53,5176,48,7610,California
Colusa,2021-04-28,196,12416,33,2645,160,9185,3,586,144,2530,51,5227,147,7757,California
Colusa,2021-04-29,320,12736,29,2674,287,9472,4,590,48,2312,270,5497,52,7809,California
Colusa,2021-04-30,70,12806,23,2697,47,9519,0,590,46,2334,24,5521,46,7855,California
Colusa,2021-05-01,19,12825,8,2705,8,9527,3,593,9,2336,10,5531,12,7867,California
Colusa,2021-05-02,5,12830,1,2706,3,9530,1,594,2,2336,3,5534,3,7870,California
Colusa,2021-05-03,31,12861,7,2713,24,9554,0,594,15,2335,16,5550,15,7885,California
Colusa,2021-05-04,99,12960,55,2768,43,9597,1,595,69,2375,30,5580,70,7955,California
Colusa,2021-05-05,84,13044,21,2789,62,9659,1,596,35,2362,49,5629,36,7991,California
Colusa,2021-05-06,254,13298,16,2805,236,9895,2,598,111,2332,143,5772,113,8104,California
Colusa,2021-05-07,66,13364,4,2809,58,9953,4,602,30,2330,36,5808,34,8138,California
Colusa,2021-05-08,18,13382,6,2815,12,9965,0,602,9,2330,9,5817,9,8147,California
Colusa,2021-05-09,13,13395,5,2820,5,9970,3,605,6,2332,7,5824,9,8156,California
Colusa,2021-05-10,26,13421,6,2826,20,9990,0,605,9,2324,17,5841,9,8165,California
Colusa,2021-05-11,93,13514,34,2860,59,10049,0,605,48,2327,45,5886,48,8213,California
Colusa,2021-05-12,78,13592,32,2892,42,10091,4,609,21,2295,57,5943,25,8238,California
Colusa,2021-05-13,249,13841,24,2916,224,10315,1,610,80,2207,169,6112,81,8319,California
Colusa,2021-05-14,95,13936,18,2934,62,10377,15,625,33,2194,61,6173,48,8367,California
Colusa,2021-05-15,41,13977,10,2944,29,10406,2,627,21,2197,20,6193,23,8390,California
Colusa,2021-05-16,24,14001,8,2952,9,10415,7,634,11,2202,13,6206,18,8408,California
Colusa,2021-05-17,25,14026,5,2957,18,10433,2,636,13,2205,12,6218,15,8423,California
Colusa,2021-05-18,104,14130,27,2984,75,10508,2,638,46,2195,58,6276,48,8471,California
Colusa,2021-05-19,224,14354,44,3028,160,10668,20,658,66,2123,158,6434,86,8557,California
Colusa,2021-05-20,284,14638,34,3062,246,10914,4,662,68,1979,216,6650,72,8629,California
Colusa,2021-05-21,70,14708,24,3086,44,10958,2,664,34,1979,36,6686,36,8665,California
Colusa,2021-05-22,222,14930,24,3110,197,11155,1,665,34,1826,188,6874,35,8700,California
Colusa,2021-05-23,19,14949,8,3118,7,11162,4,669,5,1821,14,6888,9,8709,California
Colusa,2021-05-24,26,14975,3,3121,18,11180,5,674,15,1830,11,6899,20,8729,California
Colusa,2021-05-25,135,15110,75,3196,58,11238,2,676,52,1801,83,6982,54,8783,California
Colusa,2021-05-26,73,15183,25,3221,47,11285,1,677,32,1793,41,7023,33,8816,California
Colusa,2021-05-27,171,15354,17,3238,154,11439,0,677,54,1730,117,7140,54,8870,California
Colusa,2021-05-28,80,15434,25,3263,54,11493,1,678,41,1733,39,7179,42,8912,California
Colusa,2021-05-29,40,15474,18,3281,18,11511,4,682,29,1755,11,7190,33,8945,California
Colusa,2021-05-30,8,15482,1,3282,2,11513,5,687,1,1754,7,7197,6,8951,California
Colusa,2021-05-31,4,15486,0,3282,4,11517,0,687,1,1752,3,7200,1,8952,California
Colusa,2021-06-01,49,15535,15,3297,33,11550,1,688,25,1754,24,7224,26,8978,California
Colusa,2021-06-02,146,15681,20,3317,124,11674,2,690,51,1713,94,7318,53,9031,California
Colusa,2021-06-03,63,15744,20,3337,42,11716,1,691,26,1706,34,7352,27,9058,California
Colusa,2021-06-04,61,15805,19,3356,38,11754,4,695,22,1693,39,7391,26,9084,California
Colusa,2021-06-05,35,15840,16,3372,18,11772,1,696,17,1693,18,7409,18,9102,California
Colusa,2021-06-06,11,15851,6,3378,4,11776,1,697,6,1695,5,7414,7,9109,California
Colusa,2021-06-07,24,15875,6,3384,18,11794,0,697,10,1691,14,7428,10,9119,California
Colusa,2021-06-08,75,15950,21,3405,54,11848,0,697,29,1674,46,7474,29,9148,California
Colusa,2021-06-09,71,16021,41,3446,30,11878,0,697,28,1659,43,7517,28,9176,California
Colusa,2021-06-10,58,16079,23,3469,31,11909,4,701,14,1633,44,7561,18,9194,California
Colusa,2021-06-11,57,16136,30,3499,27,11936,0,701,26,1628,31,7592,26,9220,California
Colusa,2021-06-12,37,16173,23,3522,14,11950,0,701,9,1609,28,7620,9,9229,California
Colusa,2021-06-13,10,16183,3,3525,5,11955,2,703,2,1605,8,7628,4,9233,California
Colusa,2021-06-14,19,16202,9,3534,10,11965,0,703,7,1600,12,7640,7,9240,California
Colusa,2021-06-15,75,16277,36,3570,38,12003,1,704,19,1564,56,7696,20,9260,California
Colusa,2021-06-16,56,16333,16,3586,39,12042,1,705,16,1541,40,7736,17,9277,California
Colusa,2021-06-17,116,16449,10,3596,105,12147,1,706,17,1460,99,7835,18,9295,California
Colusa,2021-06-18,63,16512,32,3628,27,12174,4,710,25,1451,38,7873,29,9324,California
Colusa,2021-06-19,26,16538,21,3649,4,12178,1,711,6,1438,20,7893,7,9331,California
Colusa,2021-06-20,9,16547,6,3655,3,12181,0,711,7,1443,2,7895,7,9338,California
Colusa,2021-06-21,20,16567,3,3658,16,12197,1,712,8,1440,12,7907,9,9347,California
Colusa,2021-06-22,67,16634,28,3686,34,12231,5,717,29,1437,37,7944,34,9381,California
Colusa,2021-06-23,50,16684,27,3713,22,12253,1,718,21,1430,29,7973,22,9403,California
Colusa,2021-06-24,60,16744,27,3740,31,12284,2,720,22,1416,38,8011,24,9427,California
Colusa,2021-06-25,41,16785,16,3756,25,12309,0,720,25,1425,16,8027,25,9452,California
Colusa,2021-06-26,18,16803,13,3769,5,12314,0,720,5,1417,13,8040,5,9457,California
Colusa,2021-06-27,7,16810,4,3773,3,12317,0,720,5,1420,2,8042,5,9462,California
Colusa,2021-06-28,8,16818,1,3774,6,12323,1,721,5,1423,3,8045,6,9468,California
Colusa,2021-06-29,41,16859,17,3791,20,12343,4,725,17,1421,23,8068,21,9489,California
Colusa,2021-06-30,77,16936,38,3829,38,12381,1,726,28,1402,49,8117,30,9519,California
Colusa,2021-07-01,48,16984,23,3852,24,12405,1,727,20,1395,28,8145,21,9540,California
Colusa,2021-07-02,49,17033,27,3879,21,12426,1,728,25,1397,24,8169,26,9566,California
Colusa,2021-07-03,21,17054,8,3887,13,12439,0,728,11,1398,10,8179,11,9577,California
Colusa,2021-07-04,3,17057,2,3889,1,12440,0,728,1,1397,2,8181,1,9578,California
Colusa,2021-07-05,10,17067,6,3895,4,12444,0,728,4,1395,6,8187,4,9582,California
Colusa,2021-07-06,44,17111,18,3913,25,12469,1,729,21,1396,21,8208,22,9604,California
Colusa,2021-07-07,53,17164,29,3942,23,12492,1,730,32,1408,21,8229,33,9637,California
Colusa,2021-07-08,27,17191,12,3954,14,12506,1,731,18,1418,9,8238,19,9656,California
Colusa,2021-07-09,12,17203,11,3965,0,12506,1,732,3,1412,9,8247,3,9659,California
Contra Costa,2020-12-15,19,19,19,19,0,0,0,0,19,19,0,0,19,19,California
Contra Costa,2020-12-16,527,546,527,546,0,0,0,0,527,546,0,0,527,546,California
Contra Costa,2020-12-17,1049,1595,1049,1595,0,0,0,0,1049,1595,0,0,1049,1595,California
Contra Costa,2020-12-18,1765,3360,1763,3358,2,2,0,0,1765,3360,0,0,1765,3360,California
Contra Costa,2020-12-19,1117,4477,1116,4474,1,3,0,0,1117,4477,0,0,1117,4477,California
Contra Costa,2020-12-20,602,5079,601,5075,1,4,0,0,602,5079,0,0,602,5079,California
Contra Costa,2020-12-21,1671,6750,1668,6743,3,7,0,0,1671,6750,0,0,1671,6750,California
Contra Costa,2020-12-22,1676,8426,1569,8312,107,114,0,0,1676,8426,0,0,1676,8426,California
Contra Costa,2020-12-23,1633,10059,1381,9693,252,366,0,0,1633,10059,0,0,1633,10059,California
Contra Costa,2020-12-24,657,10716,336,10029,321,687,0,0,657,10716,0,0,657,10716,California
Contra Costa,2020-12-25,41,10757,19,10048,22,709,0,0,41,10757,0,0,41,10757,California
Contra Costa,2020-12-26,654,11411,135,10183,519,1228,0,0,654,11411,0,0,654,11411,California
Contra Costa,2020-12-27,243,11654,87,10270,156,1384,0,0,243,11654,0,0,243,11654,California
Contra Costa,2020-12-28,1851,13505,871,11141,980,2364,0,0,1851,13505,0,0,1851,13505,California
Contra Costa,2020-12-29,1854,15359,829,11970,1025,3389,0,0,1854,15359,0,0,1854,15359,California
Contra Costa,2020-12-30,2417,17776,1222,13192,1195,4584,0,0,2415,17773,2,2,2416,17775,California
Contra Costa,2020-12-31,927,18703,308,13500,619,5203,0,0,926,18699,0,2,926,18701,California
Contra Costa,2021-01-01,68,18771,24,13524,44,5247,0,0,68,18767,0,2,68,18769,California
Contra Costa,2021-01-02,348,19119,179,13703,169,5416,0,0,347,19114,0,2,347,19116,California
Contra Costa,2021-01-03,182,19301,123,13826,59,5475,0,0,181,19295,0,2,181,19297,California
Contra Costa,2021-01-04,1905,21206,1247,15073,658,6133,0,0,1885,21162,18,20,1885,21182,California
Contra Costa,2021-01-05,2117,23323,1267,16340,850,6983,0,0,1831,22709,285,305,1832,23014,California
Contra Costa,2021-01-06,3311,26634,2272,18612,1039,8022,0,0,2492,24391,813,1118,2495,25509,California
Contra Costa,2021-01-07,3124,29758,2087,20699,1037,9059,0,0,1800,24871,1320,2438,1800,27309,California
Contra Costa,2021-01-08,3424,33182,2413,23112,1011,10070,0,0,1769,24993,1650,4088,1772,29081,California
Contra Costa,2021-01-09,1598,34780,1143,24255,455,10525,0,0,737,24872,860,4948,739,29820,California
Contra Costa,2021-01-10,372,35152,296,24551,76,10601,0,0,154,24808,218,5166,154,29974,California
Contra Costa,2021-01-11,3858,39010,3159,27710,699,11300,0,0,2230,25413,1628,6794,2233,32207,California
Contra Costa,2021-01-12,3966,42976,2973,30683,993,12293,0,0,2609,26670,1356,8150,2613,34820,California
Contra Costa,2021-01-13,4807,47783,3002,33685,1805,14098,0,0,3831,29530,972,9122,3832,38652,California
Contra Costa,2021-01-14,4338,52121,1574,35259,2764,16862,0,0,3948,33088,390,9512,3948,42600,California
Contra Costa,2021-01-15,5374,57495,2478,37737,2896,19758,0,0,5042,37803,331,9843,5046,47646,California
Contra Costa,2021-01-16,1753,59248,566,38303,1187,20945,0,0,1676,39402,77,9920,1676,49322,California
Contra Costa,2021-01-17,1671,60919,984,39287,687,21632,0,0,1550,40834,121,10041,1553,50875,California
Contra Costa,2021-01-18,3235,64154,1282,40569,1953,23585,0,0,2600,42807,628,10669,2601,53476,California
Contra Costa,2021-01-19,7091,71245,3174,43743,3917,27502,0,0,6077,47881,1009,11678,6083,59559,California
Contra Costa,2021-01-20,6914,78159,4314,48057,2600,30102,0,0,5662,52300,1248,12926,5667,65226,California
Contra Costa,2021-01-21,7102,85261,3161,51218,3941,34043,0,0,6365,57942,731,13657,6373,71599,California
Contra Costa,2021-01-22,6466,91727,2761,53979,3705,37748,0,0,5595,62678,862,14519,5598,77197,California
Contra Costa,2021-01-23,2056,93783,358,54337,1698,39446,0,0,1789,64204,265,14784,1791,78988,California
Contra Costa,2021-01-24,1593,95376,218,54555,1375,40821,0,0,1445,65505,148,14932,1449,80437,California
Contra Costa,2021-01-25,6727,102103,3056,57611,3671,44492,0,0,5130,69047,1592,16524,5134,85571,California
Contra Costa,2021-01-26,8193,110296,4730,62341,3463,47955,0,0,6309,73486,1876,18400,6315,91886,California
Contra Costa,2021-01-27,8252,118548,5444,67785,2808,50763,0,0,6384,78018,1856,20256,6388,98274,California
Contra Costa,2021-01-28,7510,126058,4103,71888,3407,54170,0,0,5882,82282,1622,21878,5886,104160,California
Contra Costa,2021-01-29,7538,133596,3916,75804,3622,57792,0,0,6203,87158,1329,23207,6205,110365,California
Contra Costa,2021-01-30,2146,135742,644,76448,1502,59294,0,0,1740,88500,398,23605,1740,112105,California
Contra Costa,2021-01-31,664,136406,433,76881,231,59525,0,0,568,88975,93,23698,568,112673,California
Contra Costa,2021-02-01,5867,142273,4077,80958,1790,61315,0,0,3951,91022,1908,25606,3955,116628,California
Contra Costa,2021-02-02,7645,149918,5118,86076,2527,63842,0,0,5924,95229,1718,27324,5925,122553,California
Contra Costa,2021-02-03,8329,158247,5491,91567,2838,66680,0,0,5609,98130,2709,30033,5610,128163,California
Contra Costa,2021-02-04,7530,165777,3595,95162,3935,70615,0,0,5750,102108,1777,31810,5755,133918,California
Contra Costa,2021-02-05,8502,174279,4842,100004,3660,74275,0,0,5777,105168,2717,34527,5777,139695,California
Contra Costa,2021-02-06,3497,177776,2171,102175,1326,75601,0,0,2836,107345,660,35187,2837,142532,California
Contra Costa,2021-02-07,1003,178779,729,102904,274,75875,0,0,609,107561,393,35580,609,143141,California
Contra Costa,2021-02-08,5913,184692,3515,106419,2398,78273,0,0,4402,110460,1504,37084,4403,147544,California
Contra Costa,2021-02-09,8733,193425,4820,111239,3913,82186,0,0,5790,113318,2933,40017,5791,153335,California
Contra Costa,2021-02-10,8716,202141,4681,115920,4035,86221,0,0,5340,115302,3359,43376,5343,158678,California
Contra Costa,2021-02-11,9412,211553,4254,120174,5158,91379,0,0,5181,116264,4224,47600,5186,163864,California
Contra Costa,2021-02-12,10205,221758,4679,124853,5526,96905,0,0,5492,117055,4704,52304,5495,169359,California
Contra Costa,2021-02-13,4941,226699,1391,126244,3550,100455,0,0,3431,118982,1506,53810,3433,172792,California
Contra Costa,2021-02-14,2111,228810,872,127116,1239,101694,0,0,1223,119320,885,54695,1223,174015,California
Contra Costa,2021-02-15,4518,233328,2500,129616,2018,103712,0,0,2344,119501,2164,56859,2345,176360,California
Contra Costa,2021-02-16,10504,243832,4964,134580,5540,109252,0,0,4676,118364,5817,62676,4680,181040,California
Contra Costa,2021-02-17,12400,256232,6218,140798,6182,115434,0,0,5664,117311,6718,69394,5665,186705,California
Contra Costa,2021-02-18,11605,267837,6014,146812,5591,121025,0,0,5363,116448,6228,75622,5365,192070,California
Contra Costa,2021-02-19,11629,279466,7243,154055,4386,125411,0,0,5245,115328,6367,81989,5247,197317,California
Contra Costa,2021-02-20,6618,286084,2996,157051,3622,129033,0,0,4659,118050,1941,83930,4663,201980,California
Contra Costa,2021-02-21,2362,288446,1771,158822,591,129624,0,0,1581,118851,780,84710,1581,203561,California
Contra Costa,2021-02-22,7982,296428,5407,164229,2575,132199,0,0,3657,118204,4307,89017,3660,207221,California
Contra Costa,2021-02-23,12541,308969,7724,171953,4817,137016,0,0,6300,118291,6221,95238,6308,213529,California
Contra Costa,2021-02-24,10969,319938,8047,180000,2922,139938,0,0,5317,117978,5630,100868,5317,218846,California
Contra Costa,2021-02-25,12130,332068,7703,187703,4427,144365,0,0,5601,117083,6503,107371,5608,224454,California
Contra Costa,2021-02-26,11305,343373,7137,194840,4168,148533,0,0,5601,116997,5689,113060,5603,230057,California
Contra Costa,2021-02-27,6958,350331,4487,199327,2471,151004,0,0,4367,118785,2581,115641,4369,234426,California
Contra Costa,2021-02-28,4349,354680,3610,202937,738,151742,1,1,3666,121775,678,116319,3668,238094,California
Contra Costa,2021-03-01,8725,363405,6603,209540,2115,153857,7,8,5375,123825,3335,119654,5385,243479,California
Contra Costa,2021-03-02,10769,374174,6895,216435,3873,157730,1,9,5778,124631,4974,124628,5780,249259,California
Contra Costa,2021-03-03,11446,385620,7202,223637,4243,161973,1,10,6464,126135,4962,129590,6466,255725,California
Contra Costa,2021-03-04,12034,397654,7196,230833,4836,166809,2,12,6268,126657,5748,135338,6270,261995,California
Contra Costa,2021-03-05,11516,409170,6930,237763,4579,171388,7,19,6612,128391,4886,140224,6620,268615,California
Contra Costa,2021-03-06,7516,416686,4215,241978,2990,174378,311,330,4919,131038,2580,142804,5227,273842,California
Contra Costa,2021-03-07,4015,420701,2476,244454,1353,175731,186,516,3192,133594,821,143625,3377,277219,California
Contra Costa,2021-03-08,8286,428987,3937,248391,4026,179757,323,839,5554,136753,2720,146345,5879,283098,California
Contra Costa,2021-03-09,11226,440213,5951,254342,4974,184731,301,1140,5863,137573,5347,151692,6167,289265,California
Contra Costa,2021-03-10,12494,452707,6242,260584,4753,189484,1499,2639,5685,137948,6794,158486,7169,296434,California
Contra Costa,2021-03-11,12556,465263,6611,267195,5378,194862,567,3206,6407,138791,6122,164608,6965,303399,California
Contra Costa,2021-03-12,12702,477965,5234,272429,6899,201761,569,3775,6311,139297,6366,170974,6872,310271,California
Contra Costa,2021-03-13,7915,485880,3186,275615,4295,206056,434,4209,3116,138061,4778,175752,3542,313813,California
Contra Costa,2021-03-14,4444,490324,2632,278247,1325,207381,487,4696,1688,137489,2746,178498,2174,315987,California
Contra Costa,2021-03-15,9535,499859,5179,283426,3592,210973,764,5460,4676,138087,4838,183336,5436,321423,California
Contra Costa,2021-03-16,14442,514301,8615,292041,5418,216391,409,5869,7073,138227,7340,190676,7480,328903,California
Contra Costa,2021-03-17,15193,529494,10505,302546,4463,220854,225,6094,8452,140196,6713,197389,8682,337585,California
Contra Costa,2021-03-18,15541,545035,8683,311229,6377,227231,481,6575,8553,142278,6950,204339,9032,346617,California
Contra Costa,2021-03-19,15763,560798,9115,320344,5234,232465,1414,7989,8126,144201,7618,211957,9541,356158,California
Contra Costa,2021-03-20,10792,571590,6478,326822,3999,236464,315,8304,5091,143933,5674,217631,5406,361564,California
Contra Costa,2021-03-21,4603,576193,4028,330850,476,236940,99,8403,1790,143020,2801,220432,1888,363452,California
Contra Costa,2021-03-22,11729,587922,8843,339693,2626,239566,260,8663,6807,145181,4902,225334,7063,370515,California
Contra Costa,2021-03-23,15783,603705,10899,350592,4712,244278,172,8835,9039,147677,6715,232049,9211,379726,California
Contra Costa,2021-03-24,15120,618825,11784,362376,3122,247400,214,9049,9104,151017,5980,238029,9320,389046,California
Contra Costa,2021-03-25,15445,634270,12037,374413,3114,250514,294,9343,9414,154729,5992,244021,9704,398750,California
Contra Costa,2021-03-26,15152,649422,10865,385278,3883,254397,404,9747,8681,157370,6438,250459,9079,407829,California
Contra Costa,2021-03-27,10581,660003,6875,392153,3194,257591,512,10259,5607,158519,4962,255421,6111,413940,California
Contra Costa,2021-03-28,4256,664259,3040,395193,1162,258753,54,10313,1615,157560,2628,258049,1669,415609,California
Contra Costa,2021-03-29,10949,675208,8544,403737,2290,261043,115,10428,6940,160630,3988,262037,7058,422667,California
Contra Costa,2021-03-30,16863,692071,9231,412968,6274,267317,1358,11786,10385,165912,6451,268488,11733,434400,California
Contra Costa,2021-03-31,18115,710186,12671,425639,3999,271316,1445,13231,11378,172035,6686,275174,12809,447209,California
Contra Costa,2021-04-01,17647,727833,12306,437945,3946,275262,1395,14626,11409,178633,6194,281368,12792,460001,California
Contra Costa,2021-04-02,17539,745372,12905,450850,3602,278864,1032,15658,11614,185358,5913,287281,12638,472639,California
Contra Costa,2021-04-03,10906,756278,6508,457358,2846,281710,1552,17210,6213,188440,4677,291958,7759,480398,California
Contra Costa,2021-04-04,3365,759643,1335,458693,1427,283137,603,17813,849,187381,2508,294466,1449,481847,California
Contra Costa,2021-04-05,12151,771794,7914,466607,3248,286385,989,18802,6579,189392,5556,300022,7567,489414,California
Contra Costa,2021-04-06,17393,789187,12036,478643,3058,289443,2299,21101,9738,193788,7633,307655,12029,501443,California
Contra Costa,2021-04-07,18660,807847,12627,491270,3206,292649,2827,23928,10562,199135,8071,315726,13418,514861,California
Contra Costa,2021-04-08,18737,826584,12484,503754,3327,295976,2926,26854,10037,203413,8671,324397,12949,527810,California
Contra Costa,2021-04-09,18921,845505,12073,515827,4338,300314,2510,29364,10102,207228,8787,333184,12602,540412,California
Contra Costa,2021-04-10,10611,856116,3851,519678,2194,302508,4566,33930,3326,207835,7263,340447,7870,548282,California
Contra Costa,2021-04-11,3370,859486,2008,521686,695,303203,667,34597,1131,207398,2233,342680,1796,550078,California
Contra Costa,2021-04-12,12032,871518,7931,529617,3017,306220,1084,35681,5650,207773,6364,349044,6739,556817,California
Contra Costa,2021-04-13,17970,889488,11027,540644,6935,313155,8,35689,11980,213806,5960,355004,11993,568810,California
Contra Costa,2021-04-14,17794,907282,11185,551829,6608,319763,1,35690,9885,215812,7884,362888,9890,578700,California
Contra Costa,2021-04-15,17594,924876,10794,562623,6799,326562,1,35691,8151,214577,9411,372299,8176,586876,California
Contra Costa,2021-04-16,17024,941900,10596,573219,6427,332989,1,35692,7688,212966,9308,381607,7697,594573,California
Contra Costa,2021-04-17,11595,953495,6360,579579,5235,338224,0,35692,6264,213926,5311,386918,6271,600844,California
Contra Costa,2021-04-18,2939,956434,2294,581873,645,338869,0,35692,1859,214716,1069,387987,1859,602703,California
Contra Costa,2021-04-19,11521,967955,8600,590473,2921,341790,0,35692,3672,210572,7820,395807,3676,606379,California
Contra Costa,2021-04-20,17048,985003,11115,601588,5933,347723,0,35692,6452,206469,10560,406367,6457,612836,California
Contra Costa,2021-04-21,17861,1002864,14599,616187,3261,350984,1,35693,6433,201533,11378,417745,6442,619278,California
Contra Costa,2021-04-22,17385,1020249,14077,630264,3306,354290,2,35695,6147,196495,11196,428941,6158,625436,California
Contra Costa,2021-04-23,17207,1037456,13697,643961,3508,357798,2,35697,5567,190471,11602,440543,5578,631014,California
Contra Costa,2021-04-24,10965,1048421,8451,652412,2513,360311,1,35698,4208,187953,6730,447273,4212,635226,California
Contra Costa,2021-04-25,3292,1051713,2221,654633,1069,361380,2,35700,2078,188824,1213,448486,2084,637310,California
Contra Costa,2021-04-26,10137,1061850,8462,663095,1651,363031,24,35724,3069,184885,7045,455531,3106,640416,California
Contra Costa,2021-04-27,14761,1076611,10795,673890,3788,366819,178,35902,4043,178424,10691,466222,4230,644646,California
Contra Costa,2021-04-28,14345,1090956,11183,685073,2875,369694,287,36189,3855,172122,10450,476672,4148,648794,California
Contra Costa,2021-04-29,13576,1104532,10525,695598,2882,372576,169,36358,3277,165308,10266,486938,3452,652246,California
Contra Costa,2021-04-30,13851,1118383,10905,706503,2688,375264,258,36616,3205,158166,10611,497549,3469,655715,California
Contra Costa,2021-05-01,8051,1126434,5851,712354,1878,377142,322,36938,1917,154298,6108,503657,2240,657955,California
Contra Costa,2021-05-02,2337,1128771,1588,713942,669,377811,80,37018,985,154024,1339,504996,1065,659020,California
Contra Costa,2021-05-03,9136,1137907,8016,721958,944,378755,176,37194,1931,148949,7185,512181,2110,661130,California
Contra Costa,2021-05-04,14214,1152121,12276,734234,1608,380363,330,37524,2309,139714,11874,524055,2639,663769,California
Contra Costa,2021-05-05,12665,1164786,10931,745165,1531,381894,203,37727,2445,132174,10188,534243,2648,666417,California
Contra Costa,2021-05-06,10375,1175161,8621,753786,1417,383311,337,38064,1969,126107,8381,542624,2314,668731,California
Contra Costa,2021-05-07,9703,1184864,7801,761587,1678,384989,224,38288,2236,121131,7432,550056,2456,671187,California
Contra Costa,2021-05-08,5418,1190282,4103,765690,1147,386136,168,38456,1311,118523,4091,554147,1483,672670,California
Contra Costa,2021-05-09,2149,1192431,1820,767510,270,386406,59,38515,448,117339,1693,555840,509,673179,California
Contra Costa,2021-05-10,4976,1197407,3988,771498,768,387174,220,38735,1337,115276,3618,559458,1555,674734,California
Contra Costa,2021-05-11,8897,1206304,4694,776192,3964,391138,239,38974,1779,110203,7097,566555,2024,676758,California
Contra Costa,2021-05-12,9288,1215592,4793,780985,4228,395366,267,39241,1596,104408,7664,574219,1869,678627,California
Contra Costa,2021-05-13,11809,1227401,7886,788871,3736,399102,187,39428,4241,101298,7541,581760,4431,683058,California
Contra Costa,2021-05-14,12293,1239694,8215,797086,3793,402895,285,39713,5029,99375,7235,588995,5312,688370,California
Contra Costa,2021-05-15,10036,1249730,7285,804371,2633,405528,118,39831,4416,98310,5601,594596,4536,692906,California
Contra Costa,2021-05-16,2644,1252374,2322,806693,271,405799,51,39882,1222,98166,1416,596012,1272,694178,California
Contra Costa,2021-05-17,7134,1259508,5758,812451,1199,406998,177,40059,3556,98343,3557,599569,3734,697912,California
Contra Costa,2021-05-18,10255,1269763,7020,819471,3017,410015,218,40277,4442,97224,5782,605351,4663,702575,California
Contra Costa,2021-05-19,8506,1278269,6871,826342,1439,411454,196,40473,3836,96613,4647,609998,4036,706611,California
Contra Costa,2021-05-20,7205,1285474,5685,832027,1333,412787,187,40660,3329,96283,3846,613844,3516,710127,California
Contra Costa,2021-05-21,7095,1292569,5433,837460,1450,414237,212,40872,3210,95846,3856,617700,3419,713546,California
Contra Costa,2021-05-22,5151,1297720,4072,841532,900,415137,179,41051,2519,95932,2609,620309,2695,716241,California
Contra Costa,2021-05-23,1286,1299006,857,842389,371,415508,58,41109,608,95928,669,620978,665,716906,California
Contra Costa,2021-05-24,4746,1303752,3930,846319,639,416147,177,41286,2230,95836,2503,623481,2411,719317,California
Contra Costa,2021-05-25,6284,1310036,5110,851429,923,417070,251,41537,2635,95091,3630,627111,2885,722202,California
Contra Costa,2021-05-26,5636,1315672,3622,855051,1825,418895,189,41726,1941,93547,3673,630784,2129,724331,California
Contra Costa,2021-05-27,3814,1319486,2701,857752,936,419831,177,41903,1604,93130,2194,632978,1777,726108,California
Contra Costa,2021-05-28,5356,1324842,3744,861496,1441,421272,171,42074,2232,92430,3099,636077,2399,728507,California
Contra Costa,2021-05-29,3297,1328139,2147,863643,1033,422305,117,42191,1633,92527,1653,637730,1750,730257,California
Contra Costa,2021-05-30,936,1329075,591,864234,316,422621,29,42220,347,92316,587,638317,376,730633,California
Contra Costa,2021-05-31,389,1329464,268,864502,109,422730,12,42232,127,92196,258,638575,138,730771,California
Contra Costa,2021-06-01,4806,1334270,3576,868078,1084,423814,146,42378,1660,90874,3128,641703,1806,732577,California
Contra Costa,2021-06-02,3443,1337713,2440,870518,859,424673,144,42522,1409,90403,2023,643726,1552,734129,California
Contra Costa,2021-06-03,5444,1343157,4538,875056,791,425464,115,42637,1408,87896,4030,647756,1523,735652,California
Contra Costa,2021-06-04,6400,1349557,5363,880419,898,426362,139,42776,1586,84822,4796,652552,1722,737374,California
Contra Costa,2021-06-05,5218,1354775,4427,884846,679,427041,112,42888,1079,81884,4126,656678,1188,738562,California
Contra Costa,2021-06-06,1366,1356141,1193,886039,143,427184,30,42918,323,81197,1040,657718,353,738915,California
Contra Costa,2021-06-07,4946,1361087,4350,890389,496,427680,100,43018,1358,79079,3577,661295,1459,740374,California
Contra Costa,2021-06-08,6103,1367190,5264,895653,716,428396,123,43141,1415,75947,4670,665965,1538,741912,California
Contra Costa,2021-06-09,4875,1372065,4156,899809,571,428967,148,43289,1257,73751,3599,669564,1403,743315,California
Contra Costa,2021-06-10,4796,1376861,4031,903840,596,429563,169,43458,1230,71600,3550,673114,1399,744714,California
Contra Costa,2021-06-11,4851,1381712,3977,907817,676,430239,198,43656,1275,69511,3561,676675,1472,746186,California
Contra Costa,2021-06-12,3183,1384895,2701,910518,415,430654,67,43723,723,67851,2448,679123,788,746974,California
Contra Costa,2021-06-13,1152,1386047,859,911377,185,430839,108,43831,287,67388,858,679981,395,747369,California
Contra Costa,2021-06-14,3914,1389961,3308,914685,477,431316,129,43960,1137,65891,2760,682741,1263,748632,California
Contra Costa,2021-06-15,4185,1394146,3490,918175,535,431851,160,44120,1318,64512,2857,685598,1478,750110,California
Contra Costa,2021-06-16,3483,1397629,2838,921013,459,432310,186,44306,1209,63650,2255,687853,1393,751503,California
Contra Costa,2021-06-17,2776,1400405,2272,923285,377,432687,127,44433,1055,63116,1714,689567,1180,752683,California
Contra Costa,2021-06-18,3696,1404101,3043,926328,462,433149,191,44624,1328,62277,2356,691923,1517,754200,California
Contra Costa,2021-06-19,2041,1406142,1705,928033,232,433381,104,44728,576,61496,1462,693385,681,754881,California
Contra Costa,2021-06-20,790,1406932,663,928696,98,433479,29,44757,333,61404,453,693838,361,755242,California
Contra Costa,2021-06-21,1820,1408752,1381,930077,280,433759,159,44916,977,61703,835,694673,1134,756376,California
Contra Costa,2021-06-22,3043,1411795,2577,932654,325,434084,141,45057,1186,61186,1843,696516,1326,757702,California
Contra Costa,2021-06-23,2562,1414357,2129,934783,331,434415,102,45159,1028,60790,1526,698042,1130,758832,California
Contra Costa,2021-06-24,2353,1416710,1979,936762,245,434660,129,45288,944,60464,1397,699439,1071,759903,California
Contra Costa,2021-06-25,2773,1419483,2259,939021,358,435018,156,45444,1127,60108,1641,701080,1285,761188,California
Contra Costa,2021-06-26,1477,1420960,1210,940231,170,435188,97,45541,478,59686,997,702077,575,761763,California
Contra Costa,2021-06-27,691,1421651,603,940834,66,435254,22,45563,273,59565,416,702493,295,762058,California
Contra Costa,2021-06-28,2347,1423998,2024,942858,177,435431,146,45709,844,59063,1491,703984,989,763047,California
Contra Costa,2021-06-29,2535,1426533,2111,944969,293,435724,131,45840,973,58615,1549,705533,1101,764148,California
Contra Costa,2021-06-30,2183,1428716,1787,946756,295,436019,101,45941,886,58316,1284,706817,985,765133,California
Contra Costa,2021-07-01,2078,1430794,1745,948501,226,436245,107,46048,841,58040,1227,708044,951,766084,California
Contra Costa,2021-07-02,2183,1432977,1781,950282,303,436548,99,46147,907,57780,1266,709310,1006,767090,California
Contra Costa,2021-07-03,1057,1434034,865,951147,133,436681,59,46206,426,57639,625,709935,484,767574,California
Contra Costa,2021-07-04,51,1434085,18,951165,18,436699,15,46221,18,57639,33,709968,33,767607,California
Contra Costa,2021-07-05,825,1434910,678,951843,107,436806,40,46261,395,57647,427,710395,435,768042,California
Contra Costa,2021-07-06,2617,1437527,2219,954062,268,437074,130,46391,870,56914,1731,712126,998,769040,California
Contra Costa,2021-07-07,1995,1439522,1665,955727,220,437294,110,46501,770,56576,1215,713341,877,769917,California
Contra Costa,2021-07-08,1721,1441243,1463,957190,178,437472,80,46581,710,56365,1001,714342,790,770707,California
Contra Costa,2021-07-09,1684,1442927,1355,958545,235,437707,94,46675,640,56059,1038,715380,732,771439,California
Del Norte,2020-12-21,23,23,23,23,0,0,0,0,23,23,0,0,23,23,California
Del Norte,2020-12-22,46,69,46,69,0,0,0,0,46,69,0,0,46,69,California
Del Norte,2020-12-23,59,128,48,117,11,11,0,0,57,126,0,0,57,126,California
Del Norte,2020-12-28,34,162,34,151,0,11,0,0,34,160,0,0,34,160,California
Del Norte,2020-12-29,4,166,4,155,0,11,0,0,4,164,0,0,4,164,California
Del Norte,2020-12-30,67,233,55,210,12,23,0,0,68,232,0,0,68,232,California
Del Norte,2020-12-31,16,249,13,223,3,26,0,0,16,248,0,0,16,248,California
Del Norte,2021-01-04,103,352,50,273,53,79,0,0,103,351,0,0,103,351,California
Del Norte,2021-01-05,32,384,0,273,32,111,0,0,32,383,0,0,32,383,California
Del Norte,2021-01-06,77,461,18,291,59,170,0,0,77,460,0,0,77,460,California
Del Norte,2021-01-07,21,482,1,292,20,190,0,0,21,481,0,0,21,481,California
Del Norte,2021-01-08,77,559,7,299,70,260,0,0,77,558,0,0,77,558,California
Del Norte,2021-01-11,40,599,21,320,19,279,0,0,18,555,22,22,19,577,California
Del Norte,2021-01-12,52,651,33,353,19,298,0,0,31,565,21,43,31,608,California
Del Norte,2021-01-13,86,737,40,393,46,344,0,0,53,585,33,76,53,661,California
Del Norte,2021-01-14,54,791,14,407,40,384,0,0,48,627,6,82,48,709,California
Del Norte,2021-01-15,107,898,18,425,89,473,0,0,95,710,12,94,95,804,California
Del Norte,2021-01-17,1,899,1,426,0,473,0,0,1,711,0,94,1,805,California
Del Norte,2021-01-18,2,901,0,426,2,475,0,0,2,713,0,94,2,807,California
Del Norte,2021-01-19,118,1019,56,482,62,537,0,0,76,747,42,136,76,883,California
Del Norte,2021-01-20,161,1180,86,568,75,612,0,0,98,782,63,199,98,981,California
Del Norte,2021-01-21,43,1223,40,608,3,615,0,0,32,803,11,210,32,1013,California
Del Norte,2021-01-22,19,1242,17,625,2,617,0,0,12,808,7,217,12,1025,California
Del Norte,2021-01-23,1,1243,0,625,1,618,0,0,1,809,0,217,1,1026,California
Del Norte,2021-01-24,1,1244,0,625,1,619,0,0,1,810,0,217,1,1027,California
Del Norte,2021-01-25,101,1345,83,708,18,637,0,0,56,821,45,262,56,1083,California
Del Norte,2021-01-26,18,1363,11,719,7,644,0,0,7,817,11,273,7,1090,California
Del Norte,2021-01-27,64,1427,21,740,43,687,0,0,61,875,3,276,61,1151,California
Del Norte,2021-01-28,293,1720,20,760,273,960,0,0,288,1158,5,281,288,1439,California
Del Norte,2021-01-29,64,1784,23,783,41,1001,0,0,44,1182,20,301,44,1483,California
Del Norte,2021-01-30,8,1792,1,784,7,1008,0,0,8,1190,0,301,8,1491,California
Del Norte,2021-02-01,41,1833,1,785,40,1048,0,0,26,1201,15,316,26,1517,California
Del Norte,2021-02-02,142,1975,33,818,109,1157,0,0,72,1206,68,384,73,1590,California
Del Norte,2021-02-03,129,2104,42,860,87,1244,0,0,74,1225,55,439,74,1664,California
Del Norte,2021-02-04,70,2174,28,888,42,1286,0,0,41,1236,30,469,41,1705,California
Del Norte,2021-02-05,183,2357,21,909,162,1448,0,0,118,1290,64,533,118,1823,California
Del Norte,2021-02-06,311,2668,5,914,306,1754,0,0,311,1601,0,533,311,2134,California
Del Norte,2021-02-07,2,2670,1,915,1,1755,0,0,2,1603,0,533,2,2136,California
Del Norte,2021-02-08,35,2705,1,916,34,1789,0,0,31,1630,4,537,31,2167,California
Del Norte,2021-02-09,8,2713,5,921,3,1792,0,0,2,1626,6,543,2,2169,California
Del Norte,2021-02-10,143,2856,20,941,123,1915,0,0,85,1654,57,600,85,2254,California
Del Norte,2021-02-11,178,3034,59,1000,119,2034,0,0,64,1604,114,714,64,2318,California
Del Norte,2021-02-12,123,3157,14,1014,109,2143,0,0,69,1619,54,768,69,2387,California
Del Norte,2021-02-13,2,3159,1,1015,1,2144,0,0,2,1621,0,768,2,2389,California
Del Norte,2021-02-14,3,3162,1,1016,2,2146,0,0,2,1622,1,769,2,2391,California
Del Norte,2021-02-15,5,3167,0,1016,5,2151,0,0,3,1623,2,771,3,2394,California
Del Norte,2021-02-16,131,3298,1,1017,130,2281,0,0,13,1518,118,889,13,2407,California
Del Norte,2021-02-17,93,3391,20,1037,73,2354,0,0,25,1476,67,956,25,2432,California
Del Norte,2021-02-18,77,3468,24,1061,53,2407,0,0,51,1501,26,982,51,2483,California
Del Norte,2021-02-19,43,3511,17,1078,26,2433,0,0,33,1524,10,992,33,2516,California
Del Norte,2021-02-20,9,3520,6,1084,3,2436,0,0,6,1527,3,995,6,2522,California
Del Norte,2021-02-21,1,3521,0,1084,1,2437,0,0,0,1526,1,996,0,2522,California
Del Norte,2021-02-22,2,3523,0,1084,2,2439,0,0,2,1528,0,996,2,2524,California
Del Norte,2021-02-23,112,3635,93,1177,19,2458,0,0,34,1485,77,1073,34,2558,California
Del Norte,2021-02-24,157,3792,101,1278,56,2514,0,0,82,1492,75,1148,82,2640,California
Del Norte,2021-02-25,487,4279,137,1415,350,2864,0,0,220,1447,265,1413,220,2860,California
Del Norte,2021-02-26,213,4492,176,1591,37,2901,0,0,166,1566,47,1460,166,3026,California
Del Norte,2021-02-27,149,4641,143,1734,5,2906,1,1,140,1698,9,1469,141,3167,California
Del Norte,2021-02-28,4,4645,1,1735,3,2909,0,1,3,1700,1,1470,3,3170,California
Del Norte,2021-03-01,28,4673,2,1737,26,2935,0,1,4,1681,23,1493,4,3174,California
Del Norte,2021-03-02,222,4895,142,1879,80,3015,0,1,188,1835,34,1527,188,3362,California
Del Norte,2021-03-03,177,5072,107,1986,70,3085,0,1,135,1928,42,1569,135,3497,California
Del Norte,2021-03-04,122,5194,84,2070,38,3123,0,1,92,1991,29,1598,92,3589,California
Del Norte,2021-03-05,123,5317,11,2081,112,3235,0,1,74,2016,49,1647,74,3663,California
Del Norte,2021-03-06,465,5782,77,2158,339,3574,49,50,163,1884,302,1949,170,3833,California
Del Norte,2021-03-07,2,5784,1,2159,1,3575,0,50,1,1884,1,1950,1,3834,California
Del Norte,2021-03-08,29,5813,1,2160,26,3601,2,52,6,1870,22,1972,8,3842,California
Del Norte,2021-03-09,194,6007,113,2273,78,3679,3,55,183,2045,11,1983,186,4028,California
Del Norte,2021-03-10,236,6243,96,2369,111,3790,29,84,134,2106,102,2085,163,4191,California
Del Norte,2021-03-11,151,6394,55,2424,91,3881,5,89,103,2166,48,2133,108,4299,California
Del Norte,2021-03-12,178,6572,88,2512,90,3971,0,89,124,2237,53,2186,124,4423,California
Del Norte,2021-03-13,94,6666,93,2605,1,3972,0,89,91,2325,3,2189,91,4514,California
Del Norte,2021-03-14,1,6667,0,2605,1,3973,0,89,1,2325,1,2190,1,4515,California
Del Norte,2021-03-15,38,6705,0,2605,38,4011,0,89,34,2355,4,2194,34,4549,California
Del Norte,2021-03-16,282,6987,135,2740,147,4158,0,89,258,2589,24,2218,258,4807,California
Del Norte,2021-03-17,284,7271,95,2835,187,4345,2,91,169,2645,115,2333,171,4978,California
Del Norte,2021-03-18,284,7555,107,2942,175,4520,2,93,144,2652,139,2472,146,5124,California
Del Norte,2021-03-19,270,7825,160,3102,104,4624,6,99,92,2572,178,2650,98,5222,California
Del Norte,2021-03-20,156,7981,153,3255,3,4627,0,99,15,2446,141,2791,15,5237,California
Del Norte,2021-03-21,4,7985,2,3257,2,4629,0,99,2,2446,2,2793,2,5239,California
Del Norte,2021-03-22,43,8028,3,3260,39,4668,1,100,39,2483,3,2796,40,5279,California
Del Norte,2021-03-23,335,8363,164,3424,153,4821,18,118,164,2495,169,2965,181,5460,California
Del Norte,2021-03-24,397,8760,107,3531,250,5071,40,158,228,2594,169,3134,268,5728,California
Del Norte,2021-03-25,193,8953,88,3619,105,5176,0,158,85,2572,107,3241,85,5813,California
Del Norte,2021-03-26,234,9187,113,3732,121,5297,0,158,197,2732,37,3278,197,6010,California
Del Norte,2021-03-27,107,9294,86,3818,4,5301,17,175,17,2676,90,3368,34,6044,California
Del Norte,2021-03-28,4,9298,2,3820,2,5303,0,175,1,2674,3,3371,1,6045,California
Del Norte,2021-03-29,57,9355,6,3826,34,5337,17,192,32,2698,25,3396,49,6094,California
Del Norte,2021-03-30,338,9693,119,3945,208,5545,11,203,126,2623,212,3608,137,6231,California
Del Norte,2021-03-31,356,10049,101,4046,238,5783,17,220,199,2684,155,3763,216,6447,California
Del Norte,2021-04-01,164,10213,58,4104,72,5855,34,254,69,2693,94,3857,103,6550,California
Del Norte,2021-04-02,232,10445,78,4182,105,5960,49,303,49,2609,183,4040,99,6649,California
Del Norte,2021-04-03,108,10553,83,4265,2,5962,23,326,5,2535,102,4142,28,6677,California
Del Norte,2021-04-04,4,10557,0,4265,0,5962,4,330,0,2535,4,4146,4,6681,California
Del Norte,2021-04-05,46,10603,5,4270,37,5999,4,334,39,2571,7,4153,43,6724,California
Del Norte,2021-04-06,380,10983,119,4389,223,6222,38,372,146,2526,230,4383,185,6909,California
Del Norte,2021-04-07,438,11421,115,4504,261,6483,62,434,289,2729,149,4532,352,7261,California
Del Norte,2021-04-08,229,11650,54,4558,106,6589,69,503,105,2779,124,4656,174,7435,California
Del Norte,2021-04-09,206,11856,46,4604,83,6672,77,580,99,2847,106,4762,174,7609,California
Del Norte,2021-04-10,47,11903,26,4630,4,6676,17,597,27,2871,20,4782,44,7653,California
Del Norte,2021-04-11,12,11915,3,4633,2,6678,7,604,2,2870,10,4792,9,7662,California
Del Norte,2021-04-12,27,11942,1,4634,9,6687,17,621,1,2863,25,4817,18,7680,California
Del Norte,2021-04-13,299,12241,50,4684,249,6936,0,621,155,2874,144,4961,155,7835,California
Del Norte,2021-04-14,331,12572,23,4707,308,7244,0,621,139,2826,192,5153,144,7979,California
Del Norte,2021-04-15,164,12736,31,4738,133,7377,0,621,45,2753,119,5272,46,8025,California
Del Norte,2021-04-16,163,12899,40,4778,123,7500,0,621,60,2712,102,5374,61,8086,California
Del Norte,2021-04-17,108,13007,76,4854,32,7532,0,621,102,2808,6,5380,102,8188,California
Del Norte,2021-04-18,6,13013,5,4859,1,7533,0,621,5,2812,1,5381,5,8193,California
Del Norte,2021-04-19,51,13064,6,4865,45,7578,0,621,9,2779,42,5423,9,8202,California
Del Norte,2021-04-20,209,13273,40,4905,169,7747,0,621,74,2718,135,5558,74,8276,California
Del Norte,2021-04-21,292,13565,23,4928,269,8016,0,621,67,2563,225,5783,70,8346,California
Del Norte,2021-04-22,116,13681,16,4944,100,8116,0,621,63,2573,53,5836,63,8409,California
Del Norte,2021-04-23,155,13836,22,4966,133,8249,0,621,41,2500,114,5950,41,8450,California
Del Norte,2021-04-24,25,13861,14,4980,11,8260,0,621,20,2515,5,5955,20,8470,California
Del Norte,2021-04-25,2,13863,0,4980,2,8262,0,621,2,2517,0,5955,2,8472,California
Del Norte,2021-04-26,31,13894,0,4980,31,8293,0,621,9,2504,22,5977,9,8481,California
Del Norte,2021-04-27,181,14075,21,5001,155,8448,5,626,50,2429,131,6108,56,8537,California
Del Norte,2021-04-28,351,14426,100,5101,246,8694,5,631,63,2212,286,6394,69,8606,California
Del Norte,2021-04-29,94,14520,6,5107,84,8778,4,635,27,2176,67,6461,31,8637,California
Del Norte,2021-04-30,87,14607,7,5114,70,8848,10,645,47,2193,40,6501,57,8694,California
Del Norte,2021-05-01,7,14614,2,5116,5,8853,0,645,5,2196,2,6503,5,8699,California
Del Norte,2021-05-02,8,14622,0,5116,8,8861,0,645,8,2204,0,6503,8,8707,California
Del Norte,2021-05-03,39,14661,3,5119,33,8894,3,648,2,2173,36,6539,5,8712,California
Del Norte,2021-05-04,221,14882,36,5155,180,9074,5,653,46,2049,175,6714,51,8763,California
Del Norte,2021-05-05,234,15116,20,5175,206,9280,8,661,59,1942,174,6888,67,8830,California
Del Norte,2021-05-06,113,15229,26,5201,74,9354,13,674,26,1894,87,6975,39,8869,California
Del Norte,2021-05-07,151,15380,28,5229,119,9473,4,678,31,1809,120,7095,35,8904,California
Del Norte,2021-05-08,64,15444,54,5283,8,9481,2,680,6,1759,58,7153,8,8912,California
Del Norte,2021-05-09,11,15455,4,5287,4,9485,3,683,3,1757,8,7161,6,8918,California
Del Norte,2021-05-10,25,15480,3,5290,18,9503,4,687,15,1766,10,7171,19,8937,California
Del Norte,2021-05-11,177,15657,50,5340,125,9628,2,689,34,1659,143,7314,36,8973,California
Del Norte,2021-05-12,151,15808,23,5363,118,9746,10,699,27,1573,123,7437,37,9010,California
Del Norte,2021-05-13,68,15876,30,5393,37,9783,1,700,38,1582,30,7467,39,9049,California
Del Norte,2021-05-14,76,15952,26,5419,49,9832,1,701,41,1589,35,7502,42,9091,California
Del Norte,2021-05-15,96,16048,53,5472,37,9869,6,707,53,1605,43,7545,59,9150,California
Del Norte,2021-05-16,11,16059,0,5472,11,9880,0,707,11,1616,0,7545,11,9161,California
Del Norte,2021-05-17,26,16085,3,5475,20,9900,3,710,15,1623,11,7556,18,9179,California
Del Norte,2021-05-18,129,16214,69,5544,60,9960,0,710,81,1656,48,7604,81,9260,California
Del Norte,2021-05-19,97,16311,14,5558,66,10026,17,727,35,1645,62,7666,51,9311,California
Del Norte,2021-05-20,99,16410,31,5589,65,10091,3,730,39,1628,59,7725,42,9353,California
Del Norte,2021-05-21,81,16491,34,5623,44,10135,3,733,44,1638,37,7762,47,9400,California
Del Norte,2021-05-22,24,16515,8,5631,16,10151,0,733,11,1637,12,7774,11,9411,California
Del Norte,2021-05-23,14,16529,5,5636,9,10160,0,733,7,1637,7,7781,7,9418,California
Del Norte,2021-05-24,25,16554,9,5645,16,10176,0,733,16,1644,9,7790,16,9434,California
Del Norte,2021-05-25,47,16601,5,5650,36,10212,6,739,17,1640,27,7817,23,9457,California
Del Norte,2021-05-26,117,16718,36,5686,74,10286,7,746,54,1639,62,7879,61,9518,California
Del Norte,2021-05-27,72,16790,27,5713,41,10327,4,750,34,1639,38,7917,38,9556,California
Del Norte,2021-05-28,52,16842,7,5720,37,10364,8,758,8,1611,44,7961,16,9572,California
Del Norte,2021-05-29,8,16850,0,5720,4,10368,4,762,3,1613,5,7966,7,9579,California
Del Norte,2021-05-30,6,16856,0,5720,6,10374,0,762,1,1609,5,7971,1,9580,California
Del Norte,2021-05-31,4,16860,2,5722,2,10376,0,762,3,1611,1,7972,3,9583,California
Del Norte,2021-06-01,52,16912,6,5728,39,10415,7,769,11,1588,41,8013,18,9601,California
Del Norte,2021-06-02,83,16995,11,5739,67,10482,5,774,19,1548,64,8077,24,9625,California
Del Norte,2021-06-03,63,17058,36,5775,25,10507,2,776,28,1543,35,8112,30,9655,California
Del Norte,2021-06-04,70,17128,24,5799,41,10548,5,781,20,1518,50,8162,25,9680,California
Del Norte,2021-06-05,1,17129,0,5799,1,10549,0,781,0,1517,1,8163,0,9680,California
Del Norte,2021-06-06,10,17139,4,5803,4,10553,2,783,7,1523,3,8166,9,9689,California
Del Norte,2021-06-07,42,17181,9,5812,28,10581,5,788,15,1516,27,8193,20,9709,California
Del Norte,2021-06-08,112,17293,81,5893,26,10607,5,793,33,1475,79,8272,38,9747,California
Del Norte,2021-06-09,58,17351,11,5904,40,10647,7,800,16,1456,42,8314,23,9770,California
Del Norte,2021-06-10,56,17407,26,5930,23,10670,7,807,11,1430,44,8358,18,9788,California
Del Norte,2021-06-11,59,17466,23,5953,27,10697,9,816,13,1406,46,8404,22,9810,California
Del Norte,2021-06-12,17,17483,3,5956,11,10708,3,819,2,1396,15,8419,5,9815,California
Del Norte,2021-06-13,61,17544,43,5999,13,10721,5,824,13,1366,48,8467,18,9833,California
Del Norte,2021-06-14,37,17581,15,6014,18,10739,4,828,15,1364,21,8488,19,9852,California
Del Norte,2021-06-15,38,17619,9,6023,21,10760,8,836,5,1344,33,8521,13,9865,California
Del Norte,2021-06-16,97,17716,36,6059,50,10810,11,847,22,1302,75,8596,33,9898,California
Del Norte,2021-06-17,31,17747,13,6072,15,10825,3,850,7,1288,24,8620,10,9908,California
Del Norte,2021-06-18,48,17795,22,6094,21,10846,5,855,19,1283,29,8649,24,9932,California
Del Norte,2021-06-19,11,17806,0,6094,7,10853,4,859,3,1282,8,8657,7,9939,California
Del Norte,2021-06-20,13,17819,9,6103,4,10857,0,859,8,1285,5,8662,8,9947,California
Del Norte,2021-06-21,23,17842,8,6111,10,10867,5,864,9,1285,14,8676,14,9961,California
Del Norte,2021-06-22,39,17881,9,6120,19,10886,11,875,14,1285,25,8701,25,9986,California
Del Norte,2021-06-23,68,17949,32,6152,30,10916,6,881,31,1286,36,8737,37,10023,California
Del Norte,2021-06-24,47,17996,27,6179,13,10929,7,888,17,1280,30,8767,24,10047,California
Del Norte,2021-06-25,28,18024,14,6193,12,10941,2,890,13,1280,15,8782,15,10062,California
Del Norte,2021-06-26,5,18029,0,6193,5,10946,0,890,2,1279,3,8785,2,10064,California
Del Norte,2021-06-27,9,18038,4,6197,5,10951,0,890,6,1282,3,8788,6,10070,California
Del Norte,2021-06-28,13,18051,6,6203,5,10956,2,892,7,1285,6,8794,9,10079,California
Del Norte,2021-06-29,55,18106,40,6243,12,10968,3,895,19,1271,36,8830,22,10101,California
Del Norte,2021-06-30,35,18141,17,6260,13,10981,5,900,11,1263,24,8854,16,10117,California
Del Norte,2021-07-01,21,18162,8,6268,9,10990,4,904,7,1260,14,8868,11,10128,California
Del Norte,2021-07-02,19,18181,7,6275,11,11001,1,905,6,1254,13,8881,7,10135,California
Del Norte,2021-07-03,3,18184,2,6277,1,11002,0,905,2,1255,1,8882,2,10137,California
Del Norte,2021-07-04,6,18190,5,6282,1,11003,0,905,2,1253,4,8886,2,10139,California
Del Norte,2021-07-05,10,18200,6,6288,4,11007,0,905,2,1247,8,8894,2,10141,California
Del Norte,2021-07-06,29,18229,15,6303,13,11020,1,906,16,1252,12,8906,17,10158,California
Del Norte,2021-07-07,48,18277,21,6324,22,11042,5,911,18,1245,30,8936,23,10181,California
Del Norte,2021-07-08,26,18303,10,6334,14,11056,2,913,11,1244,14,8950,13,10194,California
Del Norte,2021-07-09,17,18320,6,6340,10,11066,1,914,5,1238,12,8962,6,10200,California
El Dorado,2020-12-15,12,12,12,12,0,0,0,0,12,12,0,0,12,12,California
El Dorado,2020-12-16,40,52,40,52,0,0,0,0,40,52,0,0,40,52,California
El Dorado,2020-12-17,35,87,35,87,0,0,0,0,35,87,0,0,35,87,California
El Dorado,2020-12-18,263,350,263,350,0,0,0,0,263,350,0,0,263,350,California
El Dorado,2020-12-19,119,469,119,469,0,0,0,0,119,469,0,0,119,469,California
El Dorado,2020-12-20,87,556,87,556,0,0,0,0,87,556,0,0,87,556,California
El Dorado,2020-12-21,312,868,311,867,1,1,0,0,312,868,0,0,312,868,California
El Dorado,2020-12-22,242,1110,218,1085,24,25,0,0,242,1110,0,0,242,1110,California
El Dorado,2020-12-23,190,1300,141,1226,49,74,0,0,190,1300,0,0,190,1300,California
El Dorado,2020-12-24,87,1387,66,1292,21,95,0,0,87,1387,0,0,87,1387,California
El Dorado,2020-12-25,8,1395,8,1300,0,95,0,0,8,1395,0,0,8,1395,California
El Dorado,2020-12-26,45,1440,27,1327,18,113,0,0,45,1440,0,0,45,1440,California
El Dorado,2020-12-27,38,1478,34,1361,4,117,0,0,38,1478,0,0,38,1478,California
El Dorado,2020-12-28,217,1695,168,1529,49,166,0,0,217,1695,0,0,217,1695,California
El Dorado,2020-12-29,462,2157,145,1674,317,483,0,0,462,2157,0,0,462,2157,California
El Dorado,2020-12-30,511,2668,140,1814,371,854,0,0,511,2668,0,0,511,2668,California
El Dorado,2020-12-31,111,2779,70,1884,41,895,0,0,111,2779,0,0,111,2779,California
El Dorado,2021-01-01,7,2786,4,1888,3,898,0,0,7,2786,0,0,7,2786,California
El Dorado,2021-01-02,155,2941,142,2030,13,911,0,0,155,2941,0,0,155,2941,California
El Dorado,2021-01-03,96,3037,19,2049,77,988,0,0,96,3037,0,0,96,3037,California
El Dorado,2021-01-04,193,3230,62,2111,131,1119,0,0,193,3230,0,0,193,3230,California
El Dorado,2021-01-05,230,3460,74,2185,156,1275,0,0,211,3422,19,19,211,3441,California
El Dorado,2021-01-06,243,3703,169,2354,74,1349,0,0,176,3532,66,85,176,3617,California
El Dorado,2021-01-07,335,4038,138,2492,197,1546,0,0,258,3713,77,162,258,3875,California
El Dorado,2021-01-08,997,5035,516,3008,481,2027,0,0,770,4257,227,389,771,4646,California
El Dorado,2021-01-09,202,5237,163,3171,39,2066,0,0,130,4315,72,461,130,4776,California
El Dorado,2021-01-10,183,5420,133,3304,50,2116,0,0,110,4353,73,534,111,4887,California
El Dorado,2021-01-11,663,6083,294,3598,369,2485,0,0,463,4618,199,733,464,5351,California
El Dorado,2021-01-12,812,6895,427,4025,385,2870,0,0,559,4924,253,986,559,5910,California
El Dorado,2021-01-13,706,7601,301,4326,405,3275,0,0,541,5300,165,1151,541,6451,California
El Dorado,2021-01-14,806,8407,224,4550,582,3857,0,0,708,5911,97,1248,708,7159,California
El Dorado,2021-01-15,801,9208,189,4739,612,4469,0,0,727,6564,74,1322,727,7886,California
El Dorado,2021-01-16,218,9426,104,4843,114,4583,0,0,191,6728,27,1349,191,8077,California
El Dorado,2021-01-17,107,9533,50,4893,57,4640,0,0,89,6799,18,1367,89,8166,California
El Dorado,2021-01-18,428,9961,144,5037,284,4924,0,0,355,7081,73,1440,355,8521,California
El Dorado,2021-01-19,757,10718,453,5490,304,5228,0,0,606,7537,151,1591,607,9128,California
El Dorado,2021-01-20,1015,11733,693,6183,322,5550,0,0,900,8323,114,1705,900,10028,California
El Dorado,2021-01-21,1273,13006,683,6866,590,6140,0,0,1064,9219,168,1873,1064,11092,California
El Dorado,2021-01-22,1249,14255,845,7711,404,6544,0,0,1185,10341,63,1936,1185,12277,California
El Dorado,2021-01-23,884,15139,625,8336,259,6803,0,0,767,10991,117,2053,767,13044,California
El Dorado,2021-01-24,132,15271,80,8416,52,6855,0,0,112,11083,20,2073,112,13156,California
El Dorado,2021-01-25,700,15971,291,8707,409,7264,0,0,612,11607,88,2161,612,13768,California
El Dorado,2021-01-26,688,16659,372,9079,316,7580,0,0,582,12083,106,2267,582,14350,California
El Dorado,2021-01-27,1002,17661,396,9475,606,8186,0,0,663,12406,340,2607,663,15013,California
El Dorado,2021-01-28,1117,18778,455,9930,662,8848,0,0,754,12797,363,2970,754,15767,California
El Dorado,2021-01-29,1051,19829,557,10487,494,9342,0,0,756,13260,294,3264,757,16524,California
El Dorado,2021-01-30,841,20670,294,10781,547,9889,0,0,742,13904,98,3362,742,17266,California
El Dorado,2021-01-31,243,20913,219,11000,24,9913,0,0,188,14037,55,3417,188,17454,California
El Dorado,2021-02-01,808,21721,368,11368,440,10353,0,0,657,14543,151,3568,657,18111,California
El Dorado,2021-02-02,850,22571,369,11737,481,10834,0,0,686,15065,164,3732,686,18797,California
El Dorado,2021-02-03,911,23482,479,12216,432,11266,0,0,698,15550,213,3945,698,19495,California
El Dorado,2021-02-04,1257,24739,712,12928,545,11811,0,0,876,16047,379,4324,876,20371,California
El Dorado,2021-02-05,1511,26250,615,13543,896,12707,0,0,876,16325,598,4922,876,21247,California
El Dorado,2021-02-06,1089,27339,333,13876,756,13463,0,0,979,17195,110,5032,980,22227,California
El Dorado,2021-02-07,264,27603,181,14057,83,13546,0,0,197,17325,67,5099,197,22424,California
El Dorado,2021-02-08,890,28493,421,14478,469,14015,0,0,608,17653,280,5379,608,23032,California
El Dorado,2021-02-09,979,29472,550,15028,429,14444,0,0,543,17760,436,5815,543,23575,California
El Dorado,2021-02-10,1273,30745,743,15771,530,14974,0,0,672,17832,600,6415,672,24247,California
El Dorado,2021-02-11,2175,32920,897,16668,1278,16252,0,0,755,17171,1417,7832,756,25003,California
El Dorado,2021-02-12,1586,34506,832,17500,754,17006,0,0,675,16937,910,8742,676,25679,California
El Dorado,2021-02-13,1260,35766,675,18175,585,17591,0,0,660,17000,597,9339,660,26339,California
El Dorado,2021-02-14,493,36259,158,18333,335,17926,0,0,400,17307,93,9432,400,26739,California
El Dorado,2021-02-15,1181,37440,387,18720,794,18720,0,0,821,17772,360,9792,825,27564,California
El Dorado,2021-02-16,1213,38653,531,19251,682,19402,0,0,672,17905,540,10332,673,28237,California
El Dorado,2021-02-17,961,39614,425,19676,536,19938,0,0,464,17874,497,10829,466,28703,California
El Dorado,2021-02-18,2121,41735,1034,20710,1087,21025,0,0,1078,17912,1040,11869,1078,29781,California
El Dorado,2021-02-19,1240,42975,664,21374,576,21601,0,0,695,18064,543,12412,695,30476,California
El Dorado,2021-02-20,1097,44072,464,21838,633,22234,0,0,685,18344,406,12818,686,31162,California
El Dorado,2021-02-21,378,44450,244,22082,134,22368,0,0,182,18330,196,13014,182,31344,California
El Dorado,2021-02-22,924,45374,458,22540,466,22834,0,0,289,17987,632,13646,289,31633,California
El Dorado,2021-02-23,902,46276,511,23051,391,23225,0,0,365,17818,534,14180,365,31998,California
El Dorado,2021-02-24,1066,47342,464,23515,602,23827,0,0,443,17638,623,14803,443,32441,California
El Dorado,2021-02-25,1947,49289,1158,24673,789,24616,0,0,697,17098,1241,16044,701,33142,California
El Dorado,2021-02-26,2425,51714,1514,26187,911,25527,0,0,1616,17909,805,16849,1616,34758,California
El Dorado,2021-02-27,1741,53455,448,26635,1293,26820,0,0,1294,18759,444,17293,1294,36052,California
El Dorado,2021-02-28,968,54423,229,26864,739,27559,0,0,507,18807,460,17753,508,36560,California
El Dorado,2021-03-01,1172,55595,467,27331,703,28262,2,2,646,18930,525,18278,648,37208,California
El Dorado,2021-03-02,948,56543,272,27603,675,28937,1,3,498,18982,448,18726,500,37708,California
El Dorado,2021-03-03,1768,58311,474,28077,1294,30231,0,3,1206,19636,554,19280,1208,38916,California
El Dorado,2021-03-04,2538,60849,1557,29634,981,31212,0,3,1200,19505,1332,20612,1201,40117,California
El Dorado,2021-03-05,1595,62444,431,30065,1159,32371,5,8,1056,20033,533,21145,1061,41178,California
El Dorado,2021-03-06,747,63191,219,30284,495,32866,33,41,395,20111,350,21495,428,41606,California
El Dorado,2021-03-07,878,64069,198,30482,645,33511,35,76,245,19761,630,22125,280,41886,California
El Dorado,2021-03-08,1347,65416,378,30860,894,34405,75,151,862,20215,481,22606,935,42821,California
El Dorado,2021-03-09,1004,66420,231,31091,703,35108,70,221,597,20491,391,22997,667,43488,California
El Dorado,2021-03-10,978,67398,348,31439,574,35682,56,277,569,20712,403,23400,624,44112,California
El Dorado,2021-03-11,3057,70455,1851,33290,1019,36701,187,464,1296,20454,1738,25138,1480,45592,California
El Dorado,2021-03-12,1813,72268,628,33918,937,37638,248,712,754,20414,1042,26180,1002,46594,California
El Dorado,2021-03-13,1140,73408,348,34266,508,38146,284,996,436,20429,702,26882,717,47311,California
El Dorado,2021-03-14,1023,74431,207,34473,704,38850,112,1108,278,20075,744,27626,390,47701,California
El Dorado,2021-03-15,1410,75841,305,34778,979,39829,126,1234,612,20020,794,28420,739,48440,California
El Dorado,2021-03-16,1236,77077,424,35202,668,40497,144,1378,565,20064,665,29085,709,49149,California
El Dorado,2021-03-17,1162,78239,362,35564,702,41199,98,1476,753,20505,408,29493,849,49998,California
El Dorado,2021-03-18,3023,81262,1783,37347,1195,42394,45,1521,1980,21498,1032,30525,2025,52023,California
El Dorado,2021-03-19,1130,82392,364,37711,614,43008,152,1673,629,21780,498,31023,780,52803,California
El Dorado,2021-03-20,1090,83482,274,37985,801,43809,15,1688,506,21729,572,31595,521,53324,California
El Dorado,2021-03-21,1095,84577,424,38409,666,44475,5,1693,907,22456,185,31780,912,54236,California
El Dorado,2021-03-22,1518,86095,495,38904,940,45415,83,1776,1186,23399,326,32106,1269,55505,California
El Dorado,2021-03-23,1160,87255,458,39362,607,46022,95,1871,735,23816,413,32519,830,56335,California
El Dorado,2021-03-24,1467,88722,633,39995,640,46662,194,2065,657,23885,782,33301,851,57186,California
El Dorado,2021-03-25,2524,91246,1690,41685,727,47389,107,2172,1368,24213,1148,34449,1476,58662,California
El Dorado,2021-03-26,1831,93077,698,42383,1021,48410,112,2284,926,24372,880,35329,1039,59701,California
El Dorado,2021-03-27,1506,94583,189,42572,1312,49722,5,2289,495,23867,1005,36334,500,60201,California
El Dorado,2021-03-28,692,95275,182,42754,498,50220,12,2301,167,23525,521,36855,179,60380,California
El Dorado,2021-03-29,1326,96601,440,43194,870,51090,16,2317,829,23877,493,37348,845,61225,California
El Dorado,2021-03-30,1374,97975,419,43613,862,51952,93,2410,684,23971,682,38030,776,62001,California
El Dorado,2021-03-31,1576,99551,592,44205,918,52870,66,2476,663,23787,910,38940,726,62727,California
El Dorado,2021-04-01,3244,102795,1774,45979,1387,54257,83,2559,1538,23707,1702,40642,1622,64349,California
El Dorado,2021-04-02,1900,104695,567,46546,1237,55494,96,2655,747,23403,1147,41789,843,65192,California
El Dorado,2021-04-03,755,105450,298,46844,336,55830,121,2776,228,23228,523,42312,348,65540,California
El Dorado,2021-04-04,272,105722,84,46928,140,55970,48,2824,97,23199,174,42486,145,65685,California
El Dorado,2021-04-05,1425,107147,423,47351,908,56878,94,2918,588,23052,828,43314,681,66366,California
El Dorado,2021-04-06,1416,108563,525,47876,671,57549,220,3138,442,22742,969,44283,659,67025,California
El Dorado,2021-04-07,1593,110156,560,48436,581,58130,452,3590,545,22691,1045,45328,994,68019,California
El Dorado,2021-04-08,2697,112853,1723,50159,735,58865,239,3829,1112,22464,1576,46904,1349,69368,California
El Dorado,2021-04-09,1451,114304,456,50615,773,59638,222,4051,569,22372,879,47783,787,70155,California
El Dorado,2021-04-10,1016,115320,229,50844,675,60313,112,4163,659,22789,353,48136,770,70925,California
El Dorado,2021-04-11,774,116094,456,51300,302,60615,16,4179,208,22448,565,48701,224,71149,California
El Dorado,2021-04-12,1293,117387,504,51804,641,61256,148,4327,560,22429,726,49427,707,71856,California
El Dorado,2021-04-13,1125,118512,609,52413,516,61772,0,4327,507,22322,614,50041,507,72363,California
El Dorado,2021-04-14,1110,119622,468,52881,641,62413,1,4328,379,21987,715,50756,380,72743,California
El Dorado,2021-04-15,2534,122156,1697,54578,837,63250,0,4328,960,21379,1569,52325,961,73704,California
El Dorado,2021-04-16,1470,123626,522,55100,948,64198,0,4328,604,21125,859,53184,605,74309,California
El Dorado,2021-04-17,1009,124635,203,55303,805,65003,1,4329,706,21531,300,53484,706,75015,California
El Dorado,2021-04-18,1209,125844,119,55422,1090,66093,0,4329,427,21179,779,54263,427,75442,California
El Dorado,2021-04-19,1745,127589,449,55871,1296,67389,0,4329,701,20842,1038,55301,701,76143,California
El Dorado,2021-04-20,1155,128744,401,56272,754,68143,0,4329,479,20651,671,55972,480,76623,California
El Dorado,2021-04-21,1244,129988,539,56811,701,68844,4,4333,638,20693,598,56570,640,77263,California
El Dorado,2021-04-22,2581,132569,1716,58527,865,69709,0,4333,1073,20263,1504,58074,1074,78337,California
El Dorado,2021-04-23,1436,134005,522,59049,914,70623,0,4333,725,20282,708,58782,727,79064,California
El Dorado,2021-04-24,1045,135050,521,59570,524,71147,0,4333,805,20849,238,59020,805,79869,California
El Dorado,2021-04-25,831,135881,449,60019,382,71529,0,4333,475,20968,356,59376,475,80344,California
El Dorado,2021-04-26,1227,137108,517,60536,693,72222,17,4350,587,20935,636,60012,603,80947,California
El Dorado,2021-04-27,1150,138258,446,60982,666,72888,38,4388,521,20872,622,60634,559,81506,California
El Dorado,2021-04-28,1140,139398,427,61409,673,73561,40,4428,494,20762,644,61278,534,82040,California
El Dorado,2021-04-29,2020,141418,1391,62800,597,74158,32,4460,612,20001,1405,62683,644,82684,California
El Dorado,2021-04-30,2161,143579,1373,64173,747,74905,41,4501,1386,20667,760,63443,1426,84110,California
El Dorado,2021-05-01,620,144199,283,64456,309,75214,28,4529,277,20637,335,63778,305,84415,California
El Dorado,2021-05-02,304,144503,216,64672,58,75272,30,4559,102,20569,199,63977,131,84546,California
El Dorado,2021-05-03,832,145335,411,65083,371,75643,50,4609,285,20362,543,64520,336,84882,California
El Dorado,2021-05-04,928,146263,473,65556,395,76038,60,4669,339,20176,585,65105,399,85281,California
El Dorado,2021-05-05,907,147170,455,66011,378,76416,74,4743,440,20225,465,65570,514,85795,California
El Dorado,2021-05-06,1140,148310,506,66517,587,77003,47,4790,485,20106,647,66217,528,86323,California
El Dorado,2021-05-07,1001,149311,396,66913,546,77549,59,4849,409,19981,592,66809,467,86790,California
El Dorado,2021-05-08,675,149986,156,67069,482,78031,37,4886,206,19758,466,67275,243,87033,California
El Dorado,2021-05-09,232,150218,93,67162,112,78143,27,4913,102,19758,129,67404,129,87162,California
El Dorado,2021-05-10,829,151047,277,67439,494,78637,58,4971,241,19477,578,67982,297,87459,California
El Dorado,2021-05-11,700,151747,311,67750,327,78964,62,5033,284,19411,413,68395,347,87806,California
El Dorado,2021-05-12,655,152402,345,68095,270,79234,40,5073,251,19299,404,68799,292,88098,California
El Dorado,2021-05-13,1261,153663,796,68891,425,79659,40,5113,465,19013,790,69589,504,88602,California
El Dorado,2021-05-14,1412,155075,815,69706,513,80172,84,5197,669,19028,738,70327,753,89355,California
El Dorado,2021-05-15,909,155984,563,70269,290,80462,56,5253,322,18819,587,70914,378,89733,California
El Dorado,2021-05-16,874,156858,465,70734,383,80845,26,5279,236,18444,637,71551,262,89995,California
El Dorado,2021-05-17,1601,158459,688,71422,864,81709,49,5328,559,18013,1038,72589,607,90602,California
El Dorado,2021-05-18,1038,159497,527,71949,458,82167,53,5381,435,17899,602,73191,488,91090,California
El Dorado,2021-05-19,872,160369,384,72333,436,82603,52,5433,308,17701,557,73748,359,91449,California
El Dorado,2021-05-20,1196,161565,672,73005,449,83052,75,5508,444,17468,750,74498,517,91966,California
El Dorado,2021-05-21,2350,163915,1758,74763,550,83602,42,5550,814,16793,1531,76029,856,92822,California
El Dorado,2021-05-22,709,164624,207,74970,466,84068,36,5586,224,16569,484,76513,260,93082,California
El Dorado,2021-05-23,383,165007,135,75105,220,84288,28,5614,94,16405,286,76799,122,93204,California
El Dorado,2021-05-24,899,165906,470,75575,360,84648,69,5683,319,16215,576,77375,386,93590,California
El Dorado,2021-05-25,625,166531,272,75847,317,84965,36,5719,231,16090,391,77766,266,93856,California
El Dorado,2021-05-26,820,167351,409,76256,387,85352,24,5743,284,15864,534,78300,308,94164,California
El Dorado,2021-05-27,627,167978,248,76504,344,85696,35,5778,310,15892,316,78616,344,94508,California
El Dorado,2021-05-28,739,168717,267,76771,407,86103,65,5843,308,15836,429,79045,373,94881,California
El Dorado,2021-05-29,393,169110,112,76883,265,86368,16,5859,172,15804,220,79265,188,95069,California
El Dorado,2021-05-30,173,169283,101,76984,58,86426,14,5873,82,15810,90,79355,96,95165,California
El Dorado,2021-05-31,37,169320,12,76996,14,86440,11,5884,8,15800,29,79384,19,95184,California
El Dorado,2021-06-01,680,170000,293,77289,347,86787,40,5924,231,15625,446,79830,271,95455,California
El Dorado,2021-06-02,631,170631,304,77593,277,87064,50,5974,261,15568,368,80198,311,95766,California
El Dorado,2021-06-03,728,171359,338,77931,347,87411,43,6017,176,15235,552,80750,219,95985,California
El Dorado,2021-06-04,888,172247,528,78459,326,87737,34,6051,186,14755,700,81450,220,96205,California
El Dorado,2021-06-05,388,172635,225,78684,151,87888,12,6063,83,14546,304,81754,95,96300,California
El Dorado,2021-06-06,283,172918,197,78881,70,87958,16,6079,53,14385,229,81983,68,96368,California
El Dorado,2021-06-07,785,173703,488,79369,257,88215,40,6119,170,13988,607,82590,210,96578,California
El Dorado,2021-06-08,632,174335,383,79752,216,88431,33,6152,131,13653,498,83088,163,96741,California
El Dorado,2021-06-09,468,174803,279,80031,163,88594,26,6178,112,13435,356,83444,138,96879,California
El Dorado,2021-06-10,588,175391,365,80396,192,88786,31,6209,160,13200,426,83870,191,97070,California
El Dorado,2021-06-11,657,176048,395,80791,218,89004,44,6253,130,12848,526,84396,174,97244,California
El Dorado,2021-06-12,262,176310,154,80945,89,89093,19,6272,60,12726,201,84597,79,97323,California
El Dorado,2021-06-13,163,176473,90,81035,55,89148,18,6290,34,12650,128,84725,52,97375,California
El Dorado,2021-06-14,514,176987,361,81396,123,89271,30,6320,137,12440,377,85102,167,97542,California
El Dorado,2021-06-15,468,177455,259,81655,172,89443,37,6357,127,12267,337,85439,164,97706,California
El Dorado,2021-06-16,507,177962,359,82014,108,89551,40,6397,132,12065,374,85813,172,97878,California
El Dorado,2021-06-17,432,178394,263,82277,136,89687,33,6430,139,11946,292,86105,173,98051,California
El Dorado,2021-06-18,415,178809,270,82547,110,89797,35,6465,124,11815,290,86395,159,98210,California
El Dorado,2021-06-19,246,179055,152,82699,80,89877,14,6479,91,11766,154,86549,105,98315,California
El Dorado,2021-06-20,124,179179,90,82789,28,89905,6,6485,52,11752,72,86621,58,98373,California
El Dorado,2021-06-21,319,179498,164,82953,129,90034,26,6511,124,11709,193,86814,150,98523,California
El Dorado,2021-06-22,401,179899,259,83212,114,90148,28,6539,133,11603,267,87081,161,98684,California
El Dorado,2021-06-23,426,180325,294,83506,110,90258,22,6561,137,11475,287,87368,159,98843,California
El Dorado,2021-06-24,392,180717,242,83748,136,90394,14,6575,145,11387,247,87615,159,99002,California
El Dorado,2021-06-25,351,181068,214,83962,99,90493,38,6613,143,11365,203,87818,181,99183,California
El Dorado,2021-06-26,208,181276,122,84084,71,90564,15,6628,69,11312,138,87956,85,99268,California
El Dorado,2021-06-27,115,181391,80,84164,29,90593,6,6634,50,11303,65,88021,56,99324,California
El Dorado,2021-06-28,303,181694,214,84378,63,90656,26,6660,132,11291,170,88191,158,99482,California
El Dorado,2021-06-29,291,181985,168,84546,102,90758,21,6681,115,11253,174,88365,136,99618,California
El Dorado,2021-06-30,246,182231,175,84721,59,90817,12,6693,121,11262,124,88489,133,99751,California
El Dorado,2021-07-01,231,182462,134,84855,82,90899,15,6708,87,11219,144,88633,101,99852,California
El Dorado,2021-07-02,259,182721,162,85017,71,90970,26,6734,111,11209,147,88780,137,99989,California
El Dorado,2021-07-03,99,182820,75,85092,19,90989,5,6739,46,11207,53,88833,51,100040,California
El Dorado,2021-07-04,4,182824,0,85092,1,90990,3,6742,0,11206,4,88837,3,100043,California
El Dorado,2021-07-05,152,182976,93,85185,52,91042,7,6749,81,11222,71,88908,87,100130,California
El Dorado,2021-07-06,296,183272,187,85372,77,91119,32,6781,114,11188,180,89088,146,100276,California
El Dorado,2021-07-07,264,183536,172,85544,77,91196,15,6796,122,11184,141,89229,137,100413,California
El Dorado,2021-07-08,303,183839,174,85718,116,91312,13,6809,149,11193,152,89381,161,100574,California
El Dorado,2021-07-09,212,184051,140,85858,52,91364,20,6829,81,11164,130,89511,101,100675,California
Fresno,2020-12-15,2,2,2,2,0,0,0,0,2,2,0,0,2,2,California
Fresno,2020-12-16,124,126,124,126,0,0,0,0,124,126,0,0,124,126,California
Fresno,2020-12-17,123,249,123,249,0,0,0,0,123,249,0,0,123,249,California
Fresno,2020-12-18,350,599,350,599,0,0,0,0,350,599,0,0,350,599,California
Fresno,2020-12-19,161,760,161,760,0,0,0,0,161,760,0,0,161,760,California
Fresno,2020-12-20,256,1016,254,1014,2,2,0,0,256,1016,0,0,256,1016,California
Fresno,2020-12-21,928,1944,926,1940,2,4,0,0,957,1973,0,0,957,1973,California
Fresno,2020-12-22,907,2851,875,2815,32,36,0,0,911,2884,0,0,911,2884,California
Fresno,2020-12-23,1092,3943,1047,3862,45,81,0,0,1093,3977,0,0,1093,3977,California
Fresno,2020-12-24,590,4533,564,4426,26,107,0,0,590,4567,0,0,590,4567,California
Fresno,2020-12-25,3,4536,1,4427,2,109,0,0,3,4570,0,0,3,4570,California
Fresno,2020-12-26,723,5259,714,5141,9,118,0,0,723,5293,0,0,723,5293,California
Fresno,2020-12-27,306,5565,210,5351,96,214,0,0,306,5599,0,0,306,5599,California
Fresno,2020-12-28,1096,6661,802,6153,294,508,0,0,1097,6696,0,0,1097,6696,California
Fresno,2020-12-29,1765,8426,999,7152,766,1274,0,0,1763,8458,1,1,1763,8459,California
Fresno,2020-12-30,984,9410,443,7595,541,1815,0,0,984,9442,0,1,984,9443,California
Fresno,2020-12-31,926,10336,309,7904,617,2432,0,0,926,10368,0,1,926,10369,California
Fresno,2021-01-01,11,10347,4,7908,7,2439,0,0,11,10379,0,1,11,10380,California
Fresno,2021-01-02,1027,11374,713,8621,314,2753,0,0,1027,11406,0,1,1027,11407,California
Fresno,2021-01-03,155,11529,129,8750,26,2779,0,0,155,11561,0,1,155,11562,California
Fresno,2021-01-04,623,12152,376,9126,247,3026,0,0,623,12184,0,1,623,12185,California
Fresno,2021-01-05,786,12938,313,9439,473,3499,0,0,712,12822,74,75,712,12897,California
Fresno,2021-01-06,996,13934,351,9790,645,4144,0,0,822,13470,174,249,822,13719,California
Fresno,2021-01-07,1906,15840,919,10709,987,5131,0,0,1651,14869,255,504,1654,15373,California
Fresno,2021-01-08,1797,17637,615,11324,1182,6313,0,0,1431,15937,364,868,1432,16805,California
Fresno,2021-01-09,636,18273,390,11714,246,6559,0,0,358,16017,278,1146,358,17163,California
Fresno,2021-01-10,516,18789,486,12200,30,6589,0,0,203,15907,313,1459,203,17366,California
Fresno,2021-01-11,2230,21019,1812,14012,418,7007,0,0,1535,16751,695,2154,1539,18905,California
Fresno,2021-01-12,2539,23558,1830,15842,709,7716,0,0,1688,17588,853,3007,1690,20595,California
Fresno,2021-01-13,3573,27131,2439,18281,1134,8850,0,0,2717,19451,857,3864,2720,23315,California
Fresno,2021-01-14,4164,31295,2200,20481,1964,10814,0,0,3691,22670,472,4336,3691,27006,California
Fresno,2021-01-15,3683,34978,2542,23023,1141,11955,0,0,3323,25637,360,4696,3327,30333,California
Fresno,2021-01-16,3160,38138,2314,25337,846,12801,0,0,2690,27859,470,5166,2692,33025,California
Fresno,2021-01-17,979,39117,557,25894,422,13223,0,0,779,28438,200,5366,779,33804,California
Fresno,2021-01-18,3091,42208,2375,28269,716,13939,0,0,2434,30219,655,6021,2436,36240,California
Fresno,2021-01-19,4359,46567,2552,30821,1807,15746,0,0,3699,33262,660,6681,3703,39943,California
Fresno,2021-01-20,3058,49625,1227,32048,1831,17577,0,0,2742,35694,313,6994,2745,42688,California
Fresno,2021-01-21,4451,54076,2082,34130,2369,19946,0,0,4087,39446,341,7335,4093,46781,California
Fresno,2021-01-22,3342,57418,1358,35488,1984,21930,0,0,2954,42030,371,7706,2955,49736,California
Fresno,2021-01-23,3066,60484,1983,37471,1083,23013,0,0,2342,43654,723,8429,2347,52083,California
Fresno,2021-01-24,560,61044,379,37850,181,23194,0,0,352,43800,208,8637,354,52437,California
Fresno,2021-01-25,2449,63493,869,38719,1580,24774,0,0,1870,45094,579,9216,1873,54310,California
Fresno,2021-01-26,2096,65589,596,39315,1500,26274,0,0,1328,45657,766,9982,1329,55639,California
Fresno,2021-01-27,2418,68007,1245,40560,1173,27447,0,0,1738,46730,675,10657,1748,57387,California
Fresno,2021-01-28,4579,72586,3071,43631,1508,28955,0,0,3477,49112,1098,11755,3480,60867,California
Fresno,2021-01-29,1681,74267,951,44582,730,29685,0,0,1374,50185,302,12057,1375,62242,California
Fresno,2021-01-30,1448,75715,540,45122,908,30593,0,0,1031,50799,417,12474,1031,63273,California
Fresno,2021-01-31,227,75942,216,45338,11,30604,0,0,73,50718,154,12628,73,63346,California
Fresno,2021-02-01,3367,79309,1666,47004,1701,32305,0,0,1772,50908,1593,14221,1783,65129,California
Fresno,2021-02-02,2741,82050,555,47559,2186,34491,0,0,1577,51351,1149,15370,1592,66721,California
Fresno,2021-02-03,3577,85627,2109,49668,1468,35959,0,0,1539,50865,2026,17396,1540,68261,California
Fresno,2021-02-04,4221,89848,1905,51573,2316,38275,0,0,1927,50533,2264,19660,1932,70193,California
Fresno,2021-02-05,5374,95222,2743,54316,2631,40906,0,0,2310,49789,3058,22718,2314,72507,California
Fresno,2021-02-06,2954,98176,2059,56375,895,41801,0,0,975,48794,1971,24689,976,73483,California
Fresno,2021-02-07,471,98647,288,56663,183,41984,0,0,273,48870,197,24886,273,73756,California
Fresno,2021-02-08,4297,102944,2301,58964,1996,43980,0,0,1813,48221,2471,27357,1822,75578,California
Fresno,2021-02-09,5361,108305,2089,61053,3272,47252,0,0,3132,49210,2152,29509,3141,78719,California
Fresno,2021-02-10,3915,112220,1239,62292,2676,49928,0,0,1982,49325,1879,31388,1994,80713,California
Fresno,2021-02-11,6483,118703,2102,64394,4381,54309,0,0,3323,49511,3142,34530,3328,84041,California
Fresno,2021-02-12,5452,124155,1390,65784,4062,58371,0,0,2741,49568,2693,37223,2750,86791,California
Fresno,2021-02-13,3776,127931,1575,67359,2201,60572,0,0,2091,49991,1673,38896,2096,88887,California
Fresno,2021-02-14,1583,129514,291,67650,1292,61864,0,0,848,50108,733,39629,850,89737,California
Fresno,2021-02-15,2912,132426,274,67924,2638,64502,0,0,1800,50804,1108,40737,1804,91541,California
Fresno,2021-02-16,6770,139196,2418,70342,4352,68854,0,0,4258,52577,2491,43228,4264,95805,California
Fresno,2021-02-17,5375,144571,2477,72819,2898,71752,0,0,2987,53226,2342,45570,2991,98796,California
Fresno,2021-02-18,6948,151519,2933,75752,4015,75767,0,0,2596,51526,4307,49877,2607,101403,California
Fresno,2021-02-19,3977,155496,1132,76884,2845,78612,0,0,1844,51252,2121,51998,1847,103250,California
Fresno,2021-02-20,4655,160151,2556,79440,2099,80711,0,0,3130,52869,1519,53517,3136,106386,California
Fresno,2021-02-21,207,160358,187,79627,20,80731,0,0,135,52947,57,53574,135,106521,California
Fresno,2021-02-22,2347,162705,1050,80677,1297,82028,0,0,1278,53170,1058,54632,1281,107802,California
Fresno,2021-02-23,4747,167452,2291,82968,2456,84484,0,0,3850,56138,884,55516,3852,111654,California
Fresno,2021-02-24,4310,171762,1539,84507,2771,87255,0,0,3517,58877,781,56297,3520,115174,California
Fresno,2021-02-25,8817,180579,3792,88299,5025,92280,0,0,7296,64725,1457,57754,7305,122479,California
Fresno,2021-02-26,9164,189743,3730,92029,5434,97714,0,0,7819,71230,1319,59073,7824,130303,California
Fresno,2021-02-27,7380,197123,3177,95206,4202,101916,1,1,6651,77172,714,59787,6656,136959,California
Fresno,2021-02-28,1666,198789,540,95746,1126,103042,0,1,1571,78662,82,59869,1572,138531,California
Fresno,2021-03-01,5133,203922,1335,97081,3798,106840,0,1,3705,80961,1410,61279,3709,142240,California
Fresno,2021-03-02,9917,213839,3414,100495,6503,113343,0,1,8518,88130,1374,62653,8543,150783,California
Fresno,2021-03-03,7099,220938,1796,102291,5302,118645,1,2,6075,93309,1011,63664,6190,156973,California
Fresno,2021-03-04,10503,231441,4134,106425,6369,125014,0,2,8738,100320,1737,65401,8748,165721,California
Fresno,2021-03-05,9391,240832,3647,110072,5742,130756,2,4,8081,107301,1177,66578,8158,173879,California
Fresno,2021-03-06,7038,247870,3953,114025,2966,133722,119,123,6034,112463,996,67574,6158,180037,California
Fresno,2021-03-07,1562,249432,691,114716,790,134512,81,204,1286,113558,273,67847,1368,181405,California
Fresno,2021-03-08,5370,254802,2059,116775,3146,137658,165,369,4056,116490,1300,69147,4232,185637,California
Fresno,2021-03-09,8682,263484,3810,120585,4597,142255,275,644,4664,117469,3996,73143,4975,190612,California
Fresno,2021-03-10,6928,270412,2881,123466,3656,145911,391,1035,5408,121765,1511,74654,5807,196419,California
Fresno,2021-03-11,11639,282051,4596,128062,6491,152402,552,1587,6326,123434,5286,79940,6955,203374,California
Fresno,2021-03-12,12095,294146,5151,133213,6517,158919,427,2014,9086,130099,2988,82928,9653,213027,California
Fresno,2021-03-13,8371,302517,4076,137289,3281,162200,1014,3028,4024,130890,4323,87251,5114,218141,California
Fresno,2021-03-14,1786,304303,484,137773,1013,163213,289,3317,673,130750,1102,88353,962,219103,California
Fresno,2021-03-15,7146,311449,3181,140954,3789,167002,176,3493,4930,133860,2200,90553,5310,224413,California
Fresno,2021-03-16,10247,321696,4551,145505,5302,172304,394,3887,5427,134992,4787,95340,5919,230332,California
Fresno,2021-03-17,8759,330455,4005,149510,4050,176354,704,4591,5916,139203,2817,98157,7028,237360,California
Fresno,2021-03-18,12565,343020,6800,156310,5088,181442,677,5268,7024,141909,5490,103647,8196,245556,California
Fresno,2021-03-19,11291,354311,5965,162275,4704,186146,622,5890,6922,145498,4333,107980,7922,253478,California
Fresno,2021-03-20,7646,361957,4619,166894,2703,188849,324,6214,3747,146021,3868,111848,4391,257869,California
Fresno,2021-03-21,1870,363827,1276,168170,213,189062,381,6595,1021,146584,841,112689,1404,259273,California
Fresno,2021-03-22,5722,369549,2937,171107,2187,191249,598,7193,3812,149344,1891,114580,4651,263924,California
Fresno,2021-03-23,10650,380199,5332,176439,4818,196067,500,7693,5085,149836,5540,120120,6032,269956,California
Fresno,2021-03-24,8904,389103,3859,180298,4211,200278,834,8527,4942,151741,3924,124044,5829,275785,California
Fresno,2021-03-25,12233,401336,5691,185989,5737,206015,805,9332,4730,149904,7453,131497,5616,281401,California
Fresno,2021-03-26,12274,413610,5475,191464,6153,212168,646,9978,4398,147156,7817,139314,5069,286470,California
Fresno,2021-03-27,10141,423751,4861,196325,4195,216363,1085,11063,2922,143991,7178,146492,4013,290483,California
Fresno,2021-03-28,3425,427176,1327,197652,1405,217768,693,11756,1110,143936,2306,148798,2251,292734,California
Fresno,2021-03-29,6009,433185,2018,199670,3449,221217,542,12298,2897,144306,3083,151881,3453,296187,California
Fresno,2021-03-30,11037,444222,4281,203951,5850,227067,906,13204,3825,141859,7179,159060,4732,300919,California
Fresno,2021-03-31,9750,453972,3396,207347,5346,232413,1008,14212,3659,140476,6043,165103,4660,305579,California
Fresno,2021-04-01,12249,466221,4226,211573,7163,239576,860,15072,4046,137241,8096,173199,4861,310440,California
Fresno,2021-04-02,12139,478360,4648,216221,6695,246271,796,15868,4281,134629,7693,180892,5081,315521,California
Fresno,2021-04-03,6427,484787,3532,219753,2631,248902,264,16132,2146,132812,4263,185155,2446,317967,California
Fresno,2021-04-04,1506,486293,539,220292,921,249823,46,16178,547,132455,950,186105,593,318560,California
Fresno,2021-04-05,8363,494656,4484,224776,3076,252899,803,16981,2441,129865,5904,192009,3314,321874,California
Fresno,2021-04-06,9660,504316,4052,228828,4415,257314,1193,18174,3550,128554,6070,198079,4759,326633,California
Fresno,2021-04-07,10650,514966,5514,234342,3919,261233,1217,19391,3540,126272,7064,205143,4782,331415,California
Fresno,2021-04-08,10997,525963,5186,239528,4645,265878,1166,20557,3450,123432,7492,212635,4652,336067,California
Fresno,2021-04-09,11749,537712,5468,244996,4877,270755,1404,21961,3687,120530,8011,220646,5109,341176,California
Fresno,2021-04-10,7946,545658,5180,250176,2238,272993,528,22489,3683,120497,4242,224888,4209,345385,California
Fresno,2021-04-11,1405,547063,939,251115,374,273367,92,22581,447,120084,953,225841,540,345925,California
Fresno,2021-04-12,7589,554652,4111,255226,2543,275910,935,23516,2419,118298,5138,230979,3352,349277,California
Fresno,2021-04-13,9047,563699,4321,259547,4655,280565,71,23587,3523,116502,5484,236463,3688,352965,California
Fresno,2021-04-14,9763,573462,5813,265360,3949,284514,1,23588,3791,114414,5927,242390,3839,356804,California
Fresno,2021-04-15,8532,581994,4247,269607,4282,288796,3,23591,3198,112316,5302,247692,3204,360008,California
Fresno,2021-04-16,9633,591627,4674,274281,4957,293753,2,23593,3917,110563,5677,253369,3924,363932,California
Fresno,2021-04-17,5678,597305,3793,278074,1885,295638,0,23593,2699,110309,2955,256324,2701,366633,California
Fresno,2021-04-18,1160,598465,685,278759,475,296113,0,23593,519,110192,636,256960,519,367152,California
Fresno,2021-04-19,5813,604278,3236,281995,2574,298687,3,23596,2265,108956,3507,260467,2271,369423,California
Fresno,2021-04-20,7236,611514,3701,285696,3527,302214,8,23604,2700,107156,4507,264974,2707,372130,California
Fresno,2021-04-21,7080,618594,4202,289898,2869,305083,9,23613,2894,105918,4144,269118,2906,375036,California
Fresno,2021-04-22,6573,625167,3354,293252,3218,308301,1,23614,2413,104236,4099,273217,2417,377453,California
Fresno,2021-04-23,7350,632517,4041,297293,3292,311593,17,23631,2805,102588,4458,277675,2810,380263,California
Fresno,2021-04-24,4182,636699,2497,299790,1685,313278,0,23631,1916,102253,2251,279926,1916,382179,California
Fresno,2021-04-25,1370,638069,552,300342,815,314093,3,23634,685,102262,679,280605,688,382867,California
Fresno,2021-04-26,4329,642398,2229,302571,2055,316148,45,23679,1824,101658,2473,283078,1869,384736,California
Fresno,2021-04-27,4941,647339,2534,305105,2281,318429,126,23805,1938,100742,2979,286057,2063,386799,California
Fresno,2021-04-28,4915,652254,2809,307914,1976,320405,130,23935,2064,100110,2827,288884,2195,388994,California
Fresno,2021-04-29,4911,657165,2759,310673,2011,322416,141,24076,1880,99128,3000,291884,2018,391012,California
Fresno,2021-04-30,5536,662701,3393,314066,2009,324425,134,24210,2216,98192,3285,295169,2349,393361,California
Fresno,2021-05-01,4211,666912,3470,317536,601,325026,140,24350,1240,96620,2950,298119,1378,394739,California
Fresno,2021-05-02,1255,668167,778,318314,426,325452,51,24401,617,96660,626,298745,666,395405,California
Fresno,2021-05-03,4062,672229,2708,321022,1162,326614,192,24593,1308,95431,2724,301469,1495,396900,California
Fresno,2021-05-04,4951,677180,2614,323636,2186,328800,151,24744,1576,93812,3348,304817,1729,398629,California
Fresno,2021-05-05,5369,682549,3411,327047,1729,330529,229,24973,1690,92072,3655,308472,1915,400544,California
Fresno,2021-05-06,4491,687040,2900,329947,1487,332016,104,25077,1559,90836,2899,311371,1663,402207,California
Fresno,2021-05-07,5147,692187,3415,333362,1565,333581,167,25244,1589,89055,3533,314904,1752,403959,California
Fresno,2021-05-08,4071,696258,2654,336016,1269,334850,148,25392,1257,87673,2788,317692,1406,405365,California
Fresno,2021-05-09,723,696981,393,336409,285,335135,45,25437,349,87699,368,318060,394,405759,California
Fresno,2021-05-10,2984,699965,1590,337999,1252,336387,142,25579,932,86732,2041,320101,1074,406833,California
Fresno,2021-05-11,3903,703868,2080,340079,1725,338112,98,25677,1258,85459,2629,322730,1356,408189,California
Fresno,2021-05-12,4155,708023,2712,342791,1280,339392,163,25840,1399,84293,2728,325458,1562,409751,California
Fresno,2021-05-13,4184,712207,2448,345239,1631,341023,105,25945,1856,83967,2288,327746,1962,411713,California
Fresno,2021-05-14,5116,717323,3083,348322,1849,342872,184,26129,2155,83380,2927,330673,2340,414053,California
Fresno,2021-05-15,3640,720963,2732,351054,777,343649,131,26260,1866,83613,1762,332435,1995,416048,California
Fresno,2021-05-16,1586,722549,1086,352140,466,344115,34,26294,922,83912,658,333093,957,417005,California
Fresno,2021-05-17,4192,726741,2833,354973,1196,345311,163,26457,2223,84358,1938,335031,2384,419389,California
Fresno,2021-05-18,4129,730870,2554,357527,1419,346730,156,26613,2081,84569,2023,337054,2234,421623,California
Fresno,2021-05-19,4361,735231,2769,360296,1415,348145,177,26790,2061,84529,2277,339331,2237,423860,California
Fresno,2021-05-20,4115,739346,2456,362752,1469,349614,190,26980,1871,84363,2225,341556,2059,425919,California
Fresno,2021-05-21,4640,743986,3049,365801,1496,351110,95,27075,2092,84032,2516,344072,2185,428104,California
Fresno,2021-05-22,3954,747940,2932,368733,849,351959,173,27248,2275,84818,1661,345733,2447,430551,California
Fresno,2021-05-23,964,748904,631,369364,303,352262,30,27278,476,84845,479,346212,506,431057,California
Fresno,2021-05-24,3312,752216,2106,371470,1091,353353,115,27393,1533,84738,1755,347967,1648,432705,California
Fresno,2021-05-25,3225,755441,1932,373402,1167,354520,126,27519,1351,84355,1859,349826,1476,434181,California
Fresno,2021-05-26,3256,758697,2149,375551,1000,355520,107,27626,1573,84372,1662,351488,1679,435860,California
Fresno,2021-05-27,3146,761843,1911,377462,1128,356648,107,27733,1314,83984,1810,353298,1422,437282,California
Fresno,2021-05-28,3446,765289,2215,379677,1136,357784,95,27828,1872,84403,1549,354847,1968,439250,California
Fresno,2021-05-29,2286,767575,1666,381343,550,358334,70,27898,1192,84582,1084,355931,1263,440513,California
Fresno,2021-05-30,896,768471,538,381881,322,358656,36,27934,415,84569,463,356394,450,440963,California
Fresno,2021-05-31,318,768789,158,382039,148,358804,12,27946,133,84532,180,356574,143,441106,California
Fresno,2021-06-01,3027,771816,1820,383859,1110,359914,97,28043,1144,83912,1860,358434,1240,442346,California
Fresno,2021-06-02,2664,774480,1718,385577,856,360770,90,28133,1060,83490,1574,360008,1152,443498,California
Fresno,2021-06-03,2972,777452,2036,387613,834,361604,102,28235,1113,82866,1837,361845,1213,444711,California
Fresno,2021-06-04,3248,780700,2352,389965,795,362399,101,28336,1070,81885,2153,363998,1172,445883,California
Fresno,2021-06-05,3132,783832,2316,392281,695,363094,121,28457,1227,81354,1877,365875,1346,447229,California
Fresno,2021-06-06,1185,785017,941,393222,206,363300,38,28495,349,80911,830,366705,387,447616,California
Fresno,2021-06-07,3096,788113,2431,395653,574,363874,91,28586,890,79708,2184,368889,981,448597,California
Fresno,2021-06-08,2767,790880,2038,397691,647,364521,82,28668,809,78652,1946,370835,890,449487,California
Fresno,2021-06-09,2951,793831,2202,399893,658,365179,91,28759,975,77759,1958,372793,1065,450552,California
Fresno,2021-06-10,2665,796496,1935,401828,660,365839,70,28829,924,77035,1717,374510,993,451545,California
Fresno,2021-06-11,3202,799698,2262,404090,831,366670,109,28938,1174,76328,1990,376500,1283,452828,California
Fresno,2021-06-12,2908,802606,2300,406390,442,367112,166,29104,775,75144,2120,378620,936,453764,California
Fresno,2021-06-13,716,803322,464,406854,235,367347,17,29121,194,74837,518,379138,211,453975,California
Fresno,2021-06-14,2518,805840,1834,408688,556,367903,128,29249,956,74379,1540,380678,1082,455057,California
Fresno,2021-06-15,2380,808220,1712,410400,593,368496,75,29324,940,73972,1421,382099,1014,456071,California
Fresno,2021-06-16,2639,810859,1894,412294,631,369127,114,29438,1040,73537,1586,383685,1151,457222,California
Fresno,2021-06-17,2264,813123,1582,413876,588,369715,94,29532,954,73289,1294,384979,1046,458268,California
Fresno,2021-06-18,3003,816126,2155,416031,731,370446,117,29649,1187,72796,1798,386777,1305,459573,California
Fresno,2021-06-19,1690,817816,1248,417279,365,370811,77,29726,581,72347,1105,387882,656,460229,California
Fresno,2021-06-20,501,818317,354,417633,136,370947,11,29737,192,72248,302,388184,203,460432,California
Fresno,2021-06-21,1624,819941,1085,418718,474,371421,65,29802,934,72571,676,388860,999,461431,California
Fresno,2021-06-22,2168,822109,1499,420217,559,371980,110,29912,1002,72528,1152,390012,1109,462540,California
Fresno,2021-06-23,2052,824161,1470,421687,514,372494,68,29980,1008,72574,1028,391040,1074,463614,California
Fresno,2021-06-24,1998,826159,1411,423098,511,373005,76,30056,888,72443,1094,392134,963,464577,California
Fresno,2021-06-25,2063,828222,1439,424537,542,373547,82,30138,977,72435,1067,393201,1059,465636,California
Fresno,2021-06-26,1834,830056,1422,425959,312,373859,100,30238,717,72140,1112,394313,817,466453,California
Fresno,2021-06-27,915,830971,677,426636,139,373998,99,30337,465,72256,445,394758,561,467014,California
Fresno,2021-06-28,1608,832579,1221,427857,291,374289,96,30433,709,72170,888,395646,802,467816,California
Fresno,2021-06-29,1784,834363,1181,429038,522,374811,81,30514,799,72073,976,396622,879,468695,California
Fresno,2021-06-30,1714,836077,1164,430202,460,375271,90,30604,745,71955,954,397576,836,469531,California
Fresno,2021-07-01,1581,837658,1144,431346,368,375639,69,30673,690,71834,878,398454,757,470288,California
Fresno,2021-07-02,1709,839367,1213,432559,427,376066,69,30742,812,71826,888,399342,880,471168,California
Fresno,2021-07-03,1059,840426,776,433335,254,376320,29,30771,522,71850,527,399869,551,471719,California
Fresno,2021-07-04,82,840508,26,433361,50,376370,6,30777,32,71838,50,399919,38,471757,California
Fresno,2021-07-05,992,841500,719,434080,240,376610,33,30810,441,71764,547,400466,473,472230,California
Fresno,2021-07-06,2038,843538,1424,435504,525,377135,89,30899,809,71456,1205,401671,897,473127,California
Fresno,2021-07-07,1761,845299,1337,436841,356,377491,68,30967,772,71317,977,402648,838,473965,California
Fresno,2021-07-08,1710,847009,1132,437973,462,377953,116,31083,725,71184,972,403620,839,474804,California
Fresno,2021-07-09,1308,848317,930,438903,304,378257,74,31157,554,71069,744,404364,629,475433,California
Glenn,2020-12-17,1,1,1,1,0,0,0,0,1,1,0,0,1,1,California
Glenn,2020-12-19,1,2,1,2,0,0,0,0,1,2,0,0,1,2,California
Glenn,2020-12-20,1,3,1,3,0,0,0,0,1,3,0,0,1,3,California
Glenn,2020-12-21,12,15,12,15,0,0,0,0,12,15,0,0,12,15,California
Glenn,2020-12-22,59,74,59,74,0,0,0,0,59,74,0,0,59,74,California
Glenn,2020-12-23,28,102,28,102,0,0,0,0,28,102,0,0,28,102,California
Glenn,2020-12-24,9,111,9,111,0,0,0,0,9,111,0,0,9,111,California
Glenn,2020-12-26,2,113,2,113,0,0,0,0,2,113,0,0,2,113,California
Glenn,2020-12-27,4,117,4,117,0,0,0,0,4,117,0,0,4,117,California
Glenn,2020-12-28,22,139,22,139,0,0,0,0,22,139,0,0,22,139,California
Glenn,2020-12-29,83,222,83,222,0,0,0,0,83,222,0,0,83,222,California
Glenn,2020-12-30,129,351,106,328,23,23,0,0,129,351,0,0,129,351,California
Glenn,2020-12-31,38,389,9,337,29,52,0,0,38,389,0,0,38,389,California
Glenn,2021-01-02,3,392,3,340,0,52,0,0,3,392,0,0,3,392,California
Glenn,2021-01-04,7,399,5,345,2,54,0,0,7,399,0,0,7,399,California
Glenn,2021-01-05,9,408,8,353,1,55,0,0,9,408,0,0,9,408,California
Glenn,2021-01-06,60,468,8,361,52,107,0,0,60,468,0,0,60,468,California
Glenn,2021-01-07,67,535,12,373,55,162,0,0,65,531,2,2,65,533,California
Glenn,2021-01-08,12,547,9,382,3,165,0,0,12,543,0,2,12,545,California
Glenn,2021-01-10,1,548,1,383,0,165,0,0,0,542,1,3,0,545,California
Glenn,2021-01-11,31,579,30,413,1,166,0,0,13,537,18,21,13,558,California
Glenn,2021-01-12,42,621,37,450,5,171,0,0,14,523,28,49,14,572,California
Glenn,2021-01-13,221,842,158,608,63,234,0,0,176,654,45,94,176,748,California
Glenn,2021-01-14,119,961,30,638,89,323,0,0,109,753,10,104,109,857,California
Glenn,2021-01-15,40,1001,33,671,7,330,0,0,35,783,5,109,35,892,California
Glenn,2021-01-16,34,1035,14,685,20,350,0,0,24,797,10,119,24,916,California
Glenn,2021-01-17,4,1039,2,687,2,352,0,0,2,797,2,121,2,918,California
Glenn,2021-01-18,18,1057,17,704,1,353,0,0,9,797,9,130,9,927,California
Glenn,2021-01-19,30,1087,20,724,10,363,0,0,13,793,17,147,13,940,California
Glenn,2021-01-20,164,1251,95,819,69,432,0,0,82,793,82,229,82,1022,California
Glenn,2021-01-21,124,1375,98,917,26,458,0,0,30,729,94,323,30,1052,California
Glenn,2021-01-22,341,1716,67,984,274,732,0,0,334,1056,7,330,334,1386,California
Glenn,2021-01-23,16,1732,9,993,7,739,0,0,13,1066,3,333,13,1399,California
Glenn,2021-01-24,2,1734,2,995,0,739,0,0,2,1068,0,333,2,1401,California
Glenn,2021-01-25,27,1761,9,1004,18,757,0,0,24,1089,3,336,24,1425,California
Glenn,2021-01-26,31,1792,14,1018,17,774,0,0,25,1108,6,342,25,1450,California
Glenn,2021-01-27,190,1982,13,1031,177,951,0,0,168,1254,22,364,168,1618,California
Glenn,2021-01-28,147,2129,8,1039,139,1090,0,0,117,1341,30,394,117,1735,California
Glenn,2021-01-29,297,2426,12,1051,285,1375,0,0,283,1610,14,408,283,2018,California
Glenn,2021-01-30,4,2430,0,1051,4,1379,0,0,4,1614,0,408,4,2022,California
Glenn,2021-01-31,1,2431,0,1051,1,1380,0,0,1,1615,0,408,1,2023,California
Glenn,2021-02-01,31,2462,11,1062,20,1400,0,0,19,1622,12,420,19,2042,California
Glenn,2021-02-02,32,2494,16,1078,16,1416,0,0,22,1634,10,430,22,2064,California
Glenn,2021-02-03,280,2774,126,1204,154,1570,0,0,134,1623,146,576,135,2199,California
Glenn,2021-02-04,83,2857,16,1220,67,1637,0,0,26,1592,57,633,26,2225,California
Glenn,2021-02-05,319,3176,24,1244,295,1932,0,0,299,1871,20,653,299,2524,California
Glenn,2021-02-06,14,3190,2,1246,12,1944,0,0,13,1883,1,654,13,2537,California
Glenn,2021-02-07,2,3192,2,1248,0,1944,0,0,2,1885,0,654,2,2539,California
Glenn,2021-02-08,22,3214,17,1265,5,1949,0,0,5,1873,17,671,5,2544,California
Glenn,2021-02-09,51,3265,20,1285,31,1980,0,0,38,1898,13,684,38,2582,California
Glenn,2021-02-10,143,3408,19,1304,124,2104,0,0,72,1899,71,755,72,2654,California
Glenn,2021-02-11,269,3677,168,1472,101,2205,0,0,185,2001,84,839,186,2840,California
Glenn,2021-02-12,419,4096,99,1571,320,2525,0,0,352,2286,67,906,352,3192,California
Glenn,2021-02-13,38,4134,9,1580,29,2554,0,0,17,2282,21,927,17,3209,California
Glenn,2021-02-14,1,4135,0,1580,1,2555,0,0,1,2283,0,927,1,3210,California
Glenn,2021-02-15,10,4145,1,1581,9,2564,0,0,8,2289,2,929,8,3218,California
Glenn,2021-02-16,44,4189,9,1590,35,2599,0,0,25,2295,19,948,25,3243,California
Glenn,2021-02-17,381,4570,14,1604,367,2966,0,0,303,2520,78,1026,303,3546,California
Glenn,2021-02-18,183,4753,148,1752,35,3001,0,0,158,2654,24,1050,158,3704,California
Glenn,2021-02-19,303,5056,17,1769,286,3287,0,0,29,2409,274,1324,29,3733,California
Glenn,2021-02-20,10,5066,0,1769,10,3297,0,0,2,2403,8,1332,2,3735,California
Glenn,2021-02-21,1,5067,1,1770,0,3297,0,0,1,2404,0,1332,1,3736,California
Glenn,2021-02-22,37,5104,17,1787,20,3317,0,0,18,2404,18,1350,18,3754,California
Glenn,2021-02-23,45,5149,12,1799,33,3350,0,0,31,2421,14,1364,31,3785,California
Glenn,2021-02-24,271,5420,49,1848,222,3572,0,0,61,2272,210,1574,61,3846,California
Glenn,2021-02-25,328,5748,212,2060,116,3688,0,0,208,2360,120,1694,208,4054,California
Glenn,2021-02-26,307,6055,26,2086,281,3969,0,0,22,2098,284,1978,22,4076,California
Glenn,2021-02-27,16,6071,6,2092,10,3979,0,0,6,2095,9,1987,6,4082,California
Glenn,2021-02-28,6,6077,3,2095,3,3982,0,0,3,2096,2,1989,3,4085,California
Glenn,2021-03-01,29,6106,6,2101,23,4005,0,0,13,2093,16,2005,13,4098,California
Glenn,2021-03-02,38,6144,7,2108,31,4036,0,0,19,2093,19,2024,19,4117,California
Glenn,2021-03-03,211,6355,37,2145,174,4210,0,0,118,2120,91,2115,118,4235,California
Glenn,2021-03-04,549,6904,204,2349,345,4555,0,0,366,2303,183,2298,366,4601,California
Glenn,2021-03-05,357,7261,49,2398,308,4863,0,0,35,2016,322,2620,35,4636,California
Glenn,2021-03-06,28,7289,4,2402,23,4886,1,1,11,2011,17,2637,12,4648,California
Glenn,2021-03-07,5,7294,0,2402,5,4891,0,1,3,2013,1,2638,3,4651,California
Glenn,2021-03-08,21,7315,3,2405,17,4908,1,2,19,2031,2,2640,20,4671,California
Glenn,2021-03-09,83,7398,12,2417,68,4976,3,5,53,2056,30,2670,55,4726,California
Glenn,2021-03-10,188,7586,80,2497,106,5082,2,7,104,2078,84,2754,106,4832,California
Glenn,2021-03-11,594,8180,180,2677,391,5473,23,30,412,2334,182,2936,438,5270,California
Glenn,2021-03-12,420,8600,14,2691,343,5816,63,93,41,2059,379,3315,104,5374,California
Glenn,2021-03-13,13,8613,1,2692,4,5820,8,101,1,2056,12,3327,9,5383,California
Glenn,2021-03-14,3,8616,1,2693,2,5822,0,101,1,2055,2,3329,1,5384,California
Glenn,2021-03-15,76,8692,15,2708,56,5878,5,106,59,2102,17,3346,64,5448,California
Glenn,2021-03-16,113,8805,34,2742,69,5947,10,116,69,2137,44,3390,79,5527,California
Glenn,2021-03-17,419,9224,99,2841,313,6260,7,123,114,1951,305,3695,119,5646,California
Glenn,2021-03-18,536,9760,231,3072,50,6310,255,378,73,1815,463,4158,327,5973,California
Glenn,2021-03-19,96,9856,16,3088,74,6384,6,384,75,1876,20,4178,81,6054,California
Glenn,2021-03-20,134,9990,2,3090,131,6515,1,385,130,2003,4,4182,131,6185,California
Glenn,2021-03-21,6,9996,5,3095,0,6515,1,386,3,2005,2,4184,4,6189,California
Glenn,2021-03-22,124,10120,55,3150,61,6576,8,394,103,2097,19,4203,111,6300,California
Glenn,2021-03-23,179,10299,67,3217,61,6637,51,445,104,2178,74,4277,155,6455,California
Glenn,2021-03-24,213,10512,103,3320,105,6742,5,450,125,2222,86,4363,130,6585,California
Glenn,2021-03-25,496,11008,255,3575,147,6889,94,544,358,2538,136,4499,452,7037,California
Glenn,2021-03-26,239,11247,37,3612,166,7055,36,580,188,2711,51,4550,224,7261,California
Glenn,2021-03-27,168,11415,22,3634,140,7195,6,586,154,2857,14,4564,160,7421,California
Glenn,2021-03-28,15,11430,10,3644,5,7200,0,586,10,2862,5,4569,10,7431,California
Glenn,2021-03-29,61,11491,20,3664,38,7238,3,589,45,2894,16,4585,48,7479,California
Glenn,2021-03-30,76,11567,43,3707,32,7270,1,590,43,2907,31,4616,44,7523,California
Glenn,2021-03-31,132,11699,35,3742,96,7366,1,591,43,2863,88,4704,44,7567,California
Glenn,2021-04-01,660,12359,193,3935,458,7824,9,600,234,2683,423,5127,243,7810,California
Glenn,2021-04-02,169,12528,25,3960,132,7956,12,612,132,2790,37,5164,144,7954,California
Glenn,2021-04-03,95,12623,4,3964,84,8040,7,619,84,2870,11,5175,91,8045,California
Glenn,2021-04-04,9,12632,3,3967,4,8044,2,621,5,2873,4,5179,7,8052,California
Glenn,2021-04-05,67,12699,26,3993,28,8072,13,634,30,2879,37,5216,43,8095,California
Glenn,2021-04-06,144,12843,52,4045,53,8125,39,673,37,2848,106,5322,75,8170,California
Glenn,2021-04-07,161,13004,47,4092,60,8185,54,727,75,2891,86,5408,129,8299,California
Glenn,2021-04-08,652,13656,198,4290,418,8603,36,763,148,2573,502,5910,184,8483,California
Glenn,2021-04-09,160,13816,57,4347,86,8689,17,780,102,2633,58,5968,118,8601,California
Glenn,2021-04-10,77,13893,1,4348,60,8749,16,796,58,2689,18,5986,74,8675,California
Glenn,2021-04-11,17,13910,8,4356,4,8753,5,801,7,2691,10,5996,12,8687,California
Glenn,2021-04-12,116,14026,26,4382,61,8814,29,830,21,2646,95,6091,50,8737,California
Glenn,2021-04-13,119,14145,64,4446,55,8869,0,830,30,2587,89,6180,30,8767,California
Glenn,2021-04-14,122,14267,46,4492,76,8945,0,830,67,2599,55,6235,67,8834,California
Glenn,2021-04-15,365,14632,276,4768,89,9034,0,830,100,2435,264,6499,100,8934,California
Glenn,2021-04-16,168,14800,41,4809,127,9161,0,830,78,2423,90,6589,78,9012,California
Glenn,2021-04-17,169,14969,17,4826,152,9313,0,830,30,2322,131,6720,30,9042,California
Glenn,2021-04-18,19,14988,6,4832,13,9326,0,830,15,2333,4,6724,15,9057,California
Glenn,2021-04-19,84,15072,17,4849,67,9393,0,830,23,2296,60,6784,23,9080,California
Glenn,2021-04-20,134,15206,90,4939,44,9437,0,830,56,2274,78,6862,56,9136,California
Glenn,2021-04-21,435,15641,332,5271,103,9540,0,830,289,2418,145,7007,289,9425,California
Glenn,2021-04-22,214,15855,54,5325,160,9700,0,830,38,2281,175,7182,38,9463,California
Glenn,2021-04-23,192,16047,36,5361,156,9856,0,830,49,2188,142,7324,49,9512,California
Glenn,2021-04-24,180,16227,32,5393,148,10004,0,830,30,2069,149,7473,30,9542,California
Glenn,2021-04-25,28,16255,17,5410,11,10015,0,830,21,2083,7,7480,21,9563,California
Glenn,2021-04-26,50,16305,14,5424,36,10051,0,830,19,2071,31,7511,19,9582,California
Glenn,2021-04-27,65,16370,50,5474,10,10061,5,835,34,2078,31,7542,38,9620,California
Glenn,2021-04-28,268,16638,189,5663,68,10129,11,846,127,2076,140,7682,138,9758,California
Glenn,2021-04-29,186,16824,27,5690,157,10286,2,848,40,1972,146,7828,42,9800,California
Glenn,2021-04-30,163,16987,42,5732,119,10405,2,850,40,1891,123,7951,42,9842,California
Glenn,2021-05-01,108,17095,13,5745,94,10499,1,851,26,1836,82,8033,27,9869,California
Glenn,2021-05-02,32,17127,14,5759,9,10508,9,860,15,1843,17,8050,24,9893,California
Glenn,2021-05-03,39,17166,24,5783,14,10522,1,861,14,1833,25,8075,15,9908,California
Glenn,2021-05-04,60,17226,36,5819,19,10541,5,866,28,1834,32,8107,33,9941,California
Glenn,2021-05-05,127,17353,39,5858,77,10618,11,877,52,1822,75,8182,63,10004,California
Glenn,2021-05-06,112,17465,42,5900,65,10683,5,882,41,1797,71,8253,46,10050,California
Glenn,2021-05-07,122,17587,36,5936,77,10760,9,891,30,1745,91,8344,39,10089,California
Glenn,2021-05-08,65,17652,12,5948,49,10809,4,895,21,1727,43,8387,25,10114,California
Glenn,2021-05-09,17,17669,11,5959,6,10815,0,895,11,1732,6,8393,11,10125,California
Glenn,2021-05-10,37,17706,15,5974,17,10832,5,900,13,1726,24,8417,18,10143,California
Glenn,2021-05-11,85,17791,60,6034,16,10848,9,909,17,1684,68,8485,26,10169,California
Glenn,2021-05-12,337,18128,254,6288,69,10917,14,923,50,1461,287,8772,64,10233,California
Glenn,2021-05-13,157,18285,58,6346,80,10997,19,942,64,1451,93,8865,83,10316,California
Glenn,2021-05-14,106,18391,24,6370,77,11074,5,947,34,1418,72,8937,39,10355,California
Glenn,2021-05-15,67,18458,40,6410,24,11098,3,950,32,1418,34,8971,34,10389,California
Glenn,2021-05-16,30,18488,17,6427,13,11111,0,950,8,1404,22,8993,8,10397,California
Glenn,2021-05-17,86,18574,61,6488,21,11132,4,954,60,1442,26,9019,64,10461,California
Glenn,2021-05-18,68,18642,50,6538,14,11146,4,958,22,1422,46,9065,26,10487,California
Glenn,2021-05-19,200,18842,118,6656,70,11216,12,970,69,1372,130,9195,80,10567,California
Glenn,2021-05-20,121,18963,80,6736,39,11255,2,972,81,1415,40,9235,83,10650,California
Glenn,2021-05-21,71,19034,27,6763,43,11298,1,973,28,1401,43,9278,29,10679,California
Glenn,2021-05-22,56,19090,24,6787,32,11330,0,973,29,1403,27,9305,29,10708,California
Glenn,2021-05-23,28,19118,16,6803,12,11342,0,973,12,1400,15,9320,12,10720,California
Glenn,2021-05-24,30,19148,11,6814,15,11357,4,977,11,1397,18,9338,15,10735,California
Glenn,2021-05-25,47,19195,35,6849,10,11367,2,979,23,1398,24,9362,25,10760,California
Glenn,2021-05-26,73,19268,14,6863,55,11422,4,983,25,1379,48,9410,29,10789,California
Glenn,2021-05-27,102,19370,63,6926,38,11460,1,984,47,1374,53,9463,48,10837,California
Glenn,2021-05-28,62,19432,18,6944,37,11497,7,991,32,1383,30,9493,39,10876,California
Glenn,2021-05-29,48,19480,11,6955,33,11530,4,995,21,1381,27,9520,25,10901,California
Glenn,2021-05-30,21,19501,13,6968,8,11538,0,995,8,1377,12,9532,8,10909,California
Glenn,2021-05-31,4,19505,0,6968,4,11542,0,995,0,1373,4,9536,0,10909,California
Glenn,2021-06-01,59,19564,34,7002,22,11564,3,998,24,1365,35,9571,27,10936,California
Glenn,2021-06-02,98,19662,49,7051,46,11610,3,1001,39,1348,59,9630,42,10978,California
Glenn,2021-06-03,74,19736,41,7092,26,11636,7,1008,18,1318,55,9685,25,11003,California
Glenn,2021-06-04,77,19813,37,7129,37,11673,3,1011,42,1328,35,9720,45,11048,California
Glenn,2021-06-05,55,19868,30,7159,22,11695,3,1014,17,1310,38,9758,20,11068,California
Glenn,2021-06-06,31,19899,27,7186,3,11698,1,1015,15,1311,15,9773,16,11084,California
Glenn,2021-06-07,68,19967,59,7245,7,11705,2,1017,13,1272,54,9827,15,11099,California
Glenn,2021-06-08,35,20002,19,7264,11,11716,5,1022,16,1274,19,9846,21,11120,California
Glenn,2021-06-09,65,20067,38,7302,20,11736,7,1029,32,1280,33,9879,39,11159,California
Glenn,2021-06-10,119,20186,88,7390,25,11761,6,1035,35,1237,84,9963,41,11200,California
Glenn,2021-06-11,89,20275,58,7448,28,11789,3,1038,25,1201,64,10027,28,11228,California
Glenn,2021-06-12,35,20310,19,7467,13,11802,3,1041,13,1195,22,10049,16,11244,California
Glenn,2021-06-13,11,20321,11,7478,0,11802,0,1041,5,1194,6,10055,5,11249,California
Glenn,2021-06-14,39,20360,26,7504,10,11812,3,1044,15,1189,23,10078,18,11267,California
Glenn,2021-06-15,49,20409,33,7537,15,11827,1,1045,22,1185,27,10105,23,11290,California
Glenn,2021-06-16,84,20493,49,7586,34,11861,1,1046,57,1218,25,10130,58,11348,California
Glenn,2021-06-17,63,20556,38,7624,21,11882,4,1050,9,1177,54,10184,13,11361,California
Glenn,2021-06-18,82,20638,44,7668,17,11899,21,1071,28,1172,54,10238,49,11410,California
Glenn,2021-06-19,42,20680,21,7689,21,11920,0,1071,24,1178,18,10256,24,11434,California
Glenn,2021-06-20,15,20695,11,7700,4,11924,0,1071,4,1171,11,10267,4,11438,California
Glenn,2021-06-21,26,20721,18,7718,6,11930,2,1073,19,1185,7,10274,21,11459,California
Glenn,2021-06-22,48,20769,33,7751,13,11943,2,1075,23,1186,24,10298,25,11484,California
Glenn,2021-06-23,54,20823,37,7788,14,11957,3,1078,28,1191,26,10324,31,11515,California
Glenn,2021-06-24,44,20867,27,7815,13,11970,4,1082,17,1185,27,10351,21,11536,California
Glenn,2021-06-25,67,20934,47,7862,19,11989,1,1083,31,1181,36,10387,32,11568,California
Glenn,2021-06-26,35,20969,20,7882,14,12003,1,1084,16,1179,19,10406,17,11585,California
Glenn,2021-06-27,17,20986,13,7895,4,12007,0,1084,4,1170,13,10419,4,11589,California
Glenn,2021-06-28,27,21013,23,7918,1,12008,3,1087,12,1169,15,10434,14,11603,California
Glenn,2021-06-29,33,21046,16,7934,12,12020,5,1092,11,1163,22,10456,16,11619,California
Glenn,2021-06-30,76,21122,51,7985,20,12040,5,1097,36,1164,40,10496,41,11660,California
Glenn,2021-07-01,56,21178,40,8025,13,12053,3,1100,16,1143,40,10536,19,11679,California
Glenn,2021-07-02,60,21238,35,8060,20,12073,5,1105,22,1133,37,10573,27,11706,California
Glenn,2021-07-03,36,21274,28,8088,7,12080,1,1106,24,1146,12,10585,25,11731,California
Glenn,2021-07-04,3,21277,2,8090,0,12080,1,1107,0,1144,3,10588,1,11732,California
Glenn,2021-07-05,20,21297,17,8107,1,12081,2,1109,6,1138,14,10602,8,11740,California
Glenn,2021-07-06,47,21344,36,8143,10,12091,1,1110,24,1140,23,10625,25,11765,California
Glenn,2021-07-07,67,21411,61,8204,4,12095,2,1112,32,1139,35,10660,34,11799,California
Glenn,2021-07-08,32,21443,16,8220,10,12105,6,1118,11,1135,21,10681,17,11816,California
Glenn,2021-07-09,42,21485,22,8242,15,12120,5,1123,15,1128,27,10708,20,11836,California
Humboldt,2020-12-15,3,3,3,3,0,0,0,0,3,3,0,0,3,3,California
Humboldt,2020-12-16,16,19,16,19,0,0,0,0,16,19,0,0,16,19,California
Humboldt,2020-12-17,119,138,119,138,0,0,0,0,119,138,0,0,119,138,California
Humboldt,2020-12-18,177,315,177,315,0,0,0,0,177,315,0,0,177,315,California
Humboldt,2020-12-19,10,325,10,325,0,0,0,0,10,325,0,0,10,325,California
Humboldt,2020-12-20,27,352,27,352,0,0,0,0,27,352,0,0,27,352,California
Humboldt,2020-12-21,167,519,167,519,0,0,0,0,167,519,0,0,167,519,California
Humboldt,2020-12-22,337,856,337,856,0,0,0,0,337,856,0,0,337,856,California
Humboldt,2020-12-23,322,1178,264,1120,58,58,0,0,324,1180,0,0,324,1180,California
Humboldt,2020-12-24,25,1203,2,1122,23,81,0,0,25,1205,0,0,25,1205,California
Humboldt,2020-12-25,2,1205,2,1124,0,81,0,0,2,1207,0,0,2,1207,California
Humboldt,2020-12-26,6,1211,5,1129,1,82,0,0,6,1213,0,0,6,1213,California
Humboldt,2020-12-28,209,1420,151,1280,58,140,0,0,209,1422,0,0,209,1422,California
Humboldt,2020-12-29,186,1606,125,1405,61,201,0,0,187,1609,0,0,187,1609,California
Humboldt,2020-12-30,235,1841,129,1534,106,307,0,0,235,1844,0,0,235,1844,California
Humboldt,2020-12-31,246,2087,81,1615,165,472,0,0,246,2090,0,0,246,2090,California
Humboldt,2021-01-01,3,2090,2,1617,1,473,0,0,3,2093,0,0,3,2093,California
Humboldt,2021-01-02,40,2130,2,1619,38,511,0,0,40,2133,0,0,40,2133,California
Humboldt,2021-01-04,219,2349,142,1761,77,588,0,0,220,2353,0,0,220,2353,California
Humboldt,2021-01-05,132,2481,21,1782,111,699,0,0,132,2484,1,1,132,2485,California
Humboldt,2021-01-06,314,2795,214,1996,100,799,0,0,240,2662,62,63,240,2725,California
Humboldt,2021-01-07,438,3233,326,2322,112,911,0,0,321,2882,101,164,321,3046,California
Humboldt,2021-01-08,429,3662,289,2611,140,1051,0,0,287,3033,136,300,287,3333,California
Humboldt,2021-01-09,67,3729,43,2654,24,1075,0,0,65,3097,2,302,66,3399,California
Humboldt,2021-01-10,84,3813,84,2738,0,1075,0,0,4,3021,80,382,4,3403,California
Humboldt,2021-01-11,292,4105,281,3019,11,1086,0,0,70,2873,218,600,70,3473,California
Humboldt,2021-01-12,503,4608,339,3358,164,1250,0,0,285,2962,196,796,285,3758,California
Humboldt,2021-01-13,502,5110,281,3639,221,1471,0,0,323,3110,176,972,324,4082,California
Humboldt,2021-01-14,560,5670,175,3814,385,1856,0,0,504,3559,56,1028,505,4587,California
Humboldt,2021-01-15,373,6043,28,3842,345,2201,0,0,355,3896,18,1046,355,4942,California
Humboldt,2021-01-16,169,6212,6,3848,163,2364,0,0,168,4063,1,1047,168,5110,California
Humboldt,2021-01-17,7,6219,4,3852,3,2367,0,0,7,4070,0,1047,7,5117,California
Humboldt,2021-01-18,307,6526,272,4124,35,2402,0,0,149,4061,158,1205,149,5266,California
Humboldt,2021-01-19,661,7187,402,4526,259,2661,0,0,529,4464,126,1331,529,5795,California
Humboldt,2021-01-20,952,8139,424,4950,528,3189,0,0,785,5092,159,1490,787,6582,California
Humboldt,2021-01-21,971,9110,260,5210,711,3900,0,0,928,5977,43,1533,928,7510,California
Humboldt,2021-01-22,688,9798,380,5590,308,4208,0,0,678,6646,10,1543,679,8189,California
Humboldt,2021-01-23,928,10726,282,5872,646,4854,0,0,919,7557,9,1552,920,9109,California
Humboldt,2021-01-24,228,10954,1,5873,227,5081,0,0,227,7783,1,1553,227,9336,California
Humboldt,2021-01-25,352,11306,236,6109,116,5197,0,0,154,7739,198,1751,154,9490,California
Humboldt,2021-01-26,543,11849,149,6258,394,5591,0,0,479,8154,64,1815,479,9969,California
Humboldt,2021-01-27,1273,13122,585,6843,688,6279,0,0,1199,9288,67,1882,1201,11170,California
Humboldt,2021-01-28,1464,14586,637,7480,827,7106,0,0,1320,10469,141,2023,1322,12492,California
Humboldt,2021-01-29,1166,15752,548,8028,618,7724,0,0,696,10695,470,2493,696,13188,California
Humboldt,2021-01-30,1029,16781,470,8498,559,8283,0,0,984,11635,45,2538,985,14173,California
Humboldt,2021-01-31,319,17100,317,8815,2,8285,0,0,318,11952,1,2539,318,14491,California
Humboldt,2021-02-01,320,17420,175,8990,145,8430,0,0,184,12000,136,2675,184,14675,California
Humboldt,2021-02-02,454,17874,79,9069,375,8805,0,0,349,12249,102,2777,351,15026,California
Humboldt,2021-02-03,676,18550,265,9334,411,9216,0,0,520,12613,156,2933,520,15546,California
Humboldt,2021-02-04,654,19204,262,9596,392,9608,0,0,446,12854,205,3138,446,15992,California
Humboldt,2021-02-05,830,20034,108,9704,722,10330,0,0,626,13277,203,3341,626,16618,California
Humboldt,2021-02-06,1086,21120,471,10175,615,10945,0,0,1036,14265,49,3390,1037,17655,California
Humboldt,2021-02-07,379,21499,8,10183,371,11316,0,0,374,14636,4,3394,375,18030,California
Humboldt,2021-02-08,339,21838,147,10330,192,11508,0,0,180,14658,158,3552,180,18210,California
Humboldt,2021-02-09,503,22341,228,10558,275,11783,0,0,176,14508,326,3878,176,18386,California
Humboldt,2021-02-10,564,22905,370,10928,194,11977,0,0,206,14361,353,4231,206,18592,California
Humboldt,2021-02-11,1326,24231,397,11325,929,12906,0,0,492,14025,830,5061,494,19086,California
Humboldt,2021-02-12,1175,25406,749,12074,426,13332,0,0,715,14281,459,5520,715,19801,California
Humboldt,2021-02-13,1551,26957,601,12675,950,14282,0,0,925,14583,624,6144,926,20727,California
Humboldt,2021-02-14,114,27071,5,12680,109,14391,0,0,110,14690,3,6147,110,20837,California
Humboldt,2021-02-15,296,27367,81,12761,215,14606,0,0,195,14785,100,6247,195,21032,California
Humboldt,2021-02-16,554,27921,124,12885,430,15036,0,0,252,14738,301,6548,254,21286,California
Humboldt,2021-02-17,453,28374,282,13167,171,15207,0,0,133,14552,319,6867,133,21419,California
Humboldt,2021-02-18,1029,29403,605,13772,424,15631,0,0,276,14078,750,7617,276,21695,California
Humboldt,2021-02-19,489,29892,441,14213,48,15679,0,0,92,13777,393,8010,92,21787,California
Humboldt,2021-02-20,1757,31649,1035,15248,722,16401,0,0,486,12998,1268,9278,489,22276,California
Humboldt,2021-02-21,497,32146,489,15737,8,16409,0,0,187,12876,310,9588,188,22464,California
Humboldt,2021-02-22,141,32287,96,15833,45,16454,0,0,29,12795,110,9698,29,22493,California
Humboldt,2021-02-23,187,32474,72,15905,115,16569,0,0,46,12702,139,9837,46,22539,California
Humboldt,2021-02-24,1282,33756,779,16684,503,17072,0,0,616,12655,663,10500,616,23155,California
Humboldt,2021-02-25,862,34618,324,17008,538,17610,0,0,236,12268,623,11123,236,23391,California
Humboldt,2021-02-26,2199,36817,107,17115,2092,19702,0,0,444,10965,1748,12871,445,23836,California
Humboldt,2021-02-27,1774,38591,1145,18260,629,20331,0,0,906,11009,866,13737,910,24746,California
Humboldt,2021-02-28,126,38717,11,18271,115,20446,0,0,118,11120,7,13744,118,24864,California
Humboldt,2021-03-01,259,38976,46,18317,213,20659,0,0,184,11230,74,13818,184,25048,California
Humboldt,2021-03-02,311,39287,51,18368,260,20919,0,0,168,11255,143,13961,168,25216,California
Humboldt,2021-03-03,1678,40965,1107,19475,571,21490,0,0,1226,12037,445,14406,1227,26443,California
Humboldt,2021-03-04,926,41891,114,19589,812,22302,0,0,301,11715,625,15031,303,26746,California
Humboldt,2021-03-05,952,42843,190,19779,751,23053,11,11,392,11561,557,15588,403,27149,California
Humboldt,2021-03-06,1811,44654,950,20729,812,23865,49,60,795,11391,1014,16602,844,27993,California
Humboldt,2021-03-07,387,45041,295,21024,59,23924,33,93,160,11356,227,16829,192,28185,California
Humboldt,2021-03-08,282,45323,6,21030,192,24116,84,177,181,11521,100,16929,265,28450,California
Humboldt,2021-03-09,504,45827,206,21236,148,24264,150,327,245,11658,257,17186,394,28844,California
Humboldt,2021-03-10,703,46530,474,21710,72,24336,157,484,426,11963,276,17462,581,29425,California
Humboldt,2021-03-11,1488,48018,460,22170,929,25265,99,583,657,11892,826,18288,755,30180,California
Humboldt,2021-03-12,1756,49774,1086,23256,446,25711,224,807,1055,12481,693,18981,1282,31462,California
Humboldt,2021-03-13,1600,51374,1052,24308,497,26208,51,858,680,12297,914,19895,730,32192,California
Humboldt,2021-03-14,143,51517,19,24327,116,26324,8,866,29,12220,114,20009,37,32229,California
Humboldt,2021-03-15,282,51799,52,24379,208,26532,22,888,61,12080,221,20230,81,32310,California
Humboldt,2021-03-16,638,52437,201,24580,175,26707,262,1150,262,12227,375,20605,522,32832,California
Humboldt,2021-03-17,735,53172,396,24976,231,26938,108,1258,340,12281,394,20999,448,33280,California
Humboldt,2021-03-18,1742,54914,1165,26141,534,27472,43,1301,1017,12623,718,21717,1060,34340,California
Humboldt,2021-03-19,1076,55990,61,26202,700,28172,315,1616,441,12745,633,22350,755,35095,California
Humboldt,2021-03-20,1417,57407,787,26989,616,28788,14,1630,390,12125,1025,23375,405,35500,California
Humboldt,2021-03-21,250,57657,34,27023,189,28977,27,1657,204,12309,46,23421,230,35730,California
Humboldt,2021-03-22,119,57776,15,27038,54,29031,50,1707,63,12368,54,23475,113,35843,California
Humboldt,2021-03-23,412,58188,41,27079,329,29360,42,1749,319,12637,92,23567,361,36204,California
Humboldt,2021-03-24,1416,59604,391,27470,977,30337,48,1797,1036,13348,372,23939,1083,37287,California
Humboldt,2021-03-25,1842,61446,1215,28685,564,30901,63,1860,942,13454,898,24837,1004,38291,California
Humboldt,2021-03-26,2044,63490,442,29127,1545,32446,57,1917,1596,14664,442,25279,1652,39943,California
Humboldt,2021-03-27,2126,65616,1526,30653,426,32872,174,2091,1143,15002,979,26258,1317,41260,California
Humboldt,2021-03-28,268,65884,82,30735,114,32986,72,2163,81,14970,186,26444,154,41414,California
Humboldt,2021-03-29,464,66348,124,30859,244,33230,96,2259,198,14998,265,26709,293,41707,California
Humboldt,2021-03-30,948,67296,303,31162,531,33761,114,2373,561,15290,382,27091,674,42381,California
Humboldt,2021-03-31,1887,69183,542,31704,1247,35008,98,2471,1412,16330,471,27562,1511,43892,California
Humboldt,2021-04-01,2122,71305,711,32415,1318,36326,93,2564,1483,17274,631,28193,1575,45467,California
Humboldt,2021-04-02,1727,73032,1112,33527,508,36834,107,2671,616,16892,1105,29298,723,46190,California
Humboldt,2021-04-03,1673,74705,1515,35042,143,36977,15,2686,664,16572,999,30297,679,46869,California
Humboldt,2021-04-04,482,75187,371,35413,102,37079,9,2695,400,16900,81,30378,409,47278,California
Humboldt,2021-04-05,783,75970,465,35878,270,37349,48,2743,445,17058,335,30713,493,47771,California
Humboldt,2021-04-06,849,76819,320,36198,394,37743,135,2878,589,17526,254,30967,722,48493,California
Humboldt,2021-04-07,1503,78322,1069,37267,292,38035,142,3020,996,18160,504,31471,1138,49631,California
Humboldt,2021-04-08,1762,80084,1096,38363,506,38541,160,3180,744,18049,1015,32486,904,50535,California
Humboldt,2021-04-09,1447,81531,442,38805,850,39391,155,3335,1156,19062,290,32776,1303,51838,California
Humboldt,2021-04-10,945,82476,139,38944,631,40022,175,3510,744,19780,199,32975,917,52755,California
Humboldt,2021-04-11,647,83123,140,39084,36,40058,471,3981,129,19861,518,33493,599,53354,California
Humboldt,2021-04-12,442,83565,229,39313,86,40144,127,4108,280,20107,161,33654,407,53761,California
Humboldt,2021-04-13,591,84156,324,39637,262,40406,5,4113,554,20630,35,33689,558,54319,California
Humboldt,2021-04-14,1451,85607,1048,40685,403,40809,0,4113,1333,21846,117,33806,1333,55652,California
Humboldt,2021-04-15,1836,87443,1203,41888,629,41438,4,4117,1260,22551,557,34363,1262,56914,California
Humboldt,2021-04-16,1139,88582,522,42410,617,42055,0,4117,554,22523,582,34945,554,57468,California
Humboldt,2021-04-17,1879,90461,1555,43965,324,42379,0,4117,1021,22692,852,35797,1021,58489,California
Humboldt,2021-04-18,670,91131,355,44320,314,42693,1,4118,84,22196,580,36377,84,58573,California
Humboldt,2021-04-19,208,91339,86,44406,122,42815,0,4118,92,22174,114,36491,92,58665,California
Humboldt,2021-04-20,511,91850,140,44546,371,43186,0,4118,254,22172,256,36747,254,58919,California
Humboldt,2021-04-21,1124,92974,391,44937,733,43919,0,4118,457,21972,658,37405,458,59377,California
Humboldt,2021-04-22,901,93875,538,45475,362,44281,1,4119,457,21988,441,37846,457,59834,California
Humboldt,2021-04-23,2193,96068,311,45786,1882,46163,0,4119,337,20473,1852,39698,337,60171,California
Humboldt,2021-04-24,1104,97172,885,46671,214,46377,5,4124,360,20097,741,40439,365,60536,California
Humboldt,2021-04-25,377,97549,240,46911,137,46514,0,4124,192,20106,183,40622,192,60728,California
Humboldt,2021-04-26,390,97939,270,47181,116,46630,4,4128,112,19944,276,40898,114,60842,California
Humboldt,2021-04-27,811,98750,311,47492,471,47101,29,4157,185,19534,624,41522,214,61056,California
Humboldt,2021-04-28,1606,100356,847,48339,714,47815,45,4202,422,18820,1181,42703,467,61523,California
Humboldt,2021-04-29,1792,102148,638,48977,1116,48931,38,4240,299,17669,1488,44191,337,61860,California
Humboldt,2021-04-30,1305,103453,437,49414,833,49764,35,4275,205,16814,1093,45284,238,62098,California
Humboldt,2021-05-01,485,103938,387,49801,75,49839,23,4298,300,16953,184,45468,323,62421,California
Humboldt,2021-05-02,233,104171,187,49988,37,49876,9,4307,117,16964,115,45583,126,62547,California
Humboldt,2021-05-03,618,104789,375,50363,219,50095,24,4331,102,16577,514,46097,127,62674,California
Humboldt,2021-05-04,867,105656,521,50884,301,50396,45,4376,260,16277,604,46701,304,62978,California
Humboldt,2021-05-05,1742,107398,1117,52001,567,50963,58,4434,185,14970,1548,48249,241,63219,California
Humboldt,2021-05-06,1694,109092,1075,53076,367,51330,252,4686,141,13813,1550,49799,393,63612,California
Humboldt,2021-05-07,1437,110529,316,53392,1061,52391,60,4746,238,12913,1196,50995,296,63908,California
Humboldt,2021-05-08,745,111274,148,53540,574,52965,23,4769,90,12373,653,51648,113,64021,California
Humboldt,2021-05-09,906,112180,854,54394,42,53007,10,4779,47,11571,859,52507,57,64078,California
Humboldt,2021-05-10,218,112398,37,54431,142,53149,39,4818,82,11556,136,52643,121,64199,California
Humboldt,2021-05-11,534,112932,184,54615,277,53426,73,4891,204,11504,329,52972,277,64476,California
Humboldt,2021-05-12,621,113553,142,54757,433,53859,46,4937,227,11383,393,53365,272,64748,California
Humboldt,2021-05-13,629,114182,302,55059,300,54159,27,4964,288,11359,339,53704,315,65063,California
Humboldt,2021-05-14,711,114893,142,55201,465,54624,104,5068,233,11220,475,54179,336,65399,California
Humboldt,2021-05-15,788,115681,643,55844,135,54759,10,5078,212,10867,575,54754,222,65621,California
Humboldt,2021-05-16,121,115802,54,55898,63,54822,4,5082,68,10886,53,54807,72,65693,California
Humboldt,2021-05-17,409,116211,215,56113,171,54993,23,5105,223,10947,184,54991,245,65938,California
Humboldt,2021-05-18,663,116874,325,56438,309,55302,29,5134,360,11032,303,55294,388,66326,California
Humboldt,2021-05-19,988,117862,549,56987,396,55698,43,5177,319,10727,665,55959,360,66686,California
Humboldt,2021-05-20,828,118690,607,57594,208,55906,13,5190,593,11102,232,56191,607,67293,California
Humboldt,2021-05-21,879,119569,291,57885,527,56433,61,5251,351,10986,528,56719,412,67705,California
Humboldt,2021-05-22,416,119985,321,58206,87,56520,8,5259,147,10874,267,56986,155,67860,California
Humboldt,2021-05-23,394,120379,326,58532,65,56585,3,5262,76,10635,318,57304,79,67939,California
Humboldt,2021-05-24,338,120717,174,58706,135,56720,29,5291,182,10691,155,57459,211,68150,California
Humboldt,2021-05-25,530,121247,338,59044,168,56888,24,5315,288,10764,239,57698,312,68462,California
Humboldt,2021-05-26,648,121895,310,59354,314,57202,24,5339,306,10753,341,58039,330,68792,California
Humboldt,2021-05-27,465,122360,247,59601,181,57383,37,5376,276,10877,189,58228,313,69105,California
Humboldt,2021-05-28,410,122770,193,59794,170,57553,47,5423,169,10855,238,58466,216,69321,California
Humboldt,2021-05-29,172,122942,103,59897,66,57619,3,5426,91,10868,81,58547,94,69415,California
Humboldt,2021-05-30,106,123048,45,59942,56,57675,5,5431,51,10870,54,58601,56,69471,California
Humboldt,2021-05-31,72,123120,27,59969,39,57714,6,5437,48,10900,23,58624,53,69524,California
Humboldt,2021-06-01,461,123581,266,60235,180,57894,15,5452,185,10824,276,58900,200,69724,California
Humboldt,2021-06-02,532,124113,249,60484,229,58123,54,5506,237,10823,290,59190,289,70013,California
Humboldt,2021-06-03,390,124503,226,60710,142,58265,22,5528,84,10651,278,59468,106,70119,California
Humboldt,2021-06-04,508,125011,318,61028,166,58431,24,5552,135,10480,329,59797,158,70277,California
Humboldt,2021-06-05,409,125420,314,61342,50,58481,45,5597,206,10583,148,59945,251,70528,California
Humboldt,2021-06-06,171,125591,119,61461,43,58524,9,5606,70,10567,95,60040,79,70607,California
Humboldt,2021-06-07,359,125950,216,61677,119,58643,24,5630,111,10455,247,60287,135,70742,California
Humboldt,2021-06-08,520,126470,302,61979,189,58832,29,5659,150,10265,368,60655,178,70920,California
Humboldt,2021-06-09,401,126871,206,62185,148,58980,47,5706,129,10171,270,60925,176,71096,California
Humboldt,2021-06-10,566,127437,448,62633,91,59071,27,5733,96,9826,466,61391,121,71217,California
Humboldt,2021-06-11,436,127873,244,62877,164,59235,28,5761,98,9615,337,61728,126,71343,California
Humboldt,2021-06-12,179,128052,132,63009,47,59282,0,5761,48,9533,130,61858,48,71391,California
Humboldt,2021-06-13,215,128267,148,63157,42,59324,25,5786,94,9532,119,61977,118,71509,California
Humboldt,2021-06-14,420,128687,255,63412,138,59462,27,5813,114,9368,305,62282,141,71650,California
Humboldt,2021-06-15,548,129235,373,63785,147,59609,28,5841,157,9167,385,62667,184,71834,California
Humboldt,2021-06-16,482,129717,321,64106,114,59723,47,5888,139,9019,334,63001,186,72020,California
Humboldt,2021-06-17,398,130115,261,64367,91,59814,46,5934,99,8865,299,63300,145,72165,California
Humboldt,2021-06-18,401,130516,232,64599,140,59954,29,5963,132,8762,263,63563,160,72325,California
Humboldt,2021-06-19,202,130718,136,64735,45,59999,21,5984,87,8755,114,63677,107,72432,California
Humboldt,2021-06-20,80,130798,36,64771,30,60029,14,5998,33,8757,45,63722,47,72479,California
Humboldt,2021-06-21,153,130951,71,64842,54,60083,28,6026,52,8736,101,63823,80,72559,California
Humboldt,2021-06-22,349,131300,220,65062,110,60193,19,6045,144,8695,204,64027,163,72722,California
Humboldt,2021-06-23,352,131652,248,65310,74,60267,30,6075,106,8590,239,64266,134,72856,California
Humboldt,2021-06-24,211,131863,106,65416,49,60316,56,6131,87,8612,119,64385,141,72997,California
Humboldt,2021-06-25,255,132118,144,65560,96,60412,15,6146,104,8583,148,64533,119,73116,California
Humboldt,2021-06-26,252,132370,191,65751,38,60450,23,6169,64,8482,188,64721,87,73203,California
Humboldt,2021-06-27,74,132444,51,65802,21,60471,2,6171,26,8462,48,64769,28,73231,California
Humboldt,2021-06-28,156,132600,100,65902,28,60499,28,6199,69,8472,87,64856,97,73328,California
Humboldt,2021-06-29,264,132864,156,66058,75,60574,33,6232,88,8418,174,65030,120,73448,California
Humboldt,2021-06-30,223,133087,146,66204,57,60631,20,6252,93,8403,128,65158,113,73561,California
Humboldt,2021-07-01,190,133277,113,66317,59,60690,18,6270,82,8396,106,65264,99,73660,California
Humboldt,2021-07-02,263,133540,140,66457,83,60773,40,6310,106,8386,156,65420,146,73806,California
Humboldt,2021-07-03,91,133631,62,66519,19,60792,10,6320,40,8386,50,65470,50,73856,California
Humboldt,2021-07-04,9,133640,4,66523,5,60797,0,6320,5,8387,4,65474,5,73861,California
Humboldt,2021-07-05,145,133785,98,66621,35,60832,12,6332,64,8383,80,65554,76,73937,California
Humboldt,2021-07-06,243,134028,160,66781,68,60900,15,6347,67,8289,175,65729,81,74018,California
Humboldt,2021-07-07,242,134270,159,66940,60,60960,23,6370,81,8234,159,65888,104,74122,California
Humboldt,2021-07-08,159,134429,110,67050,32,60992,17,6387,61,8216,96,65984,78,74200,California
Humboldt,2021-07-09,145,134574,83,67133,48,61040,14,6401,47,8178,98,66082,60,74260,California
Imperial,2020-12-16,1,1,1,1,0,0,0,0,1,1,0,0,1,1,California
Imperial,2020-12-17,4,5,4,5,0,0,0,0,4,5,0,0,4,5,California
Imperial,2020-12-18,13,18,13,18,0,0,0,0,13,18,0,0,13,18,California
Imperial,2020-12-20,3,21,3,21,0,0,0,0,3,21,0,0,3,21,California
Imperial,2020-12-21,184,205,184,205,0,0,0,0,184,205,0,0,184,205,California
Imperial,2020-12-22,240,445,238,443,2,2,0,0,240,445,0,0,240,445,California
Imperial,2020-12-23,212,657,211,654,1,3,0,0,212,657,0,0,212,657,California
Imperial,2020-12-24,7,664,7,661,0,3,0,0,7,664,0,0,7,664,California
Imperial,2020-12-26,3,667,1,662,2,5,0,0,3,667,0,0,3,667,California
Imperial,2020-12-27,62,729,0,662,62,67,0,0,62,729,0,0,62,729,California
Imperial,2020-12-28,217,946,115,777,102,169,0,0,217,946,0,0,217,946,California
Imperial,2020-12-29,191,1137,37,814,154,323,0,0,191,1137,0,0,191,1137,California
Imperial,2020-12-30,367,1504,51,865,316,639,0,0,367,1504,0,0,367,1504,California
Imperial,2020-12-31,199,1703,28,893,171,810,0,0,199,1703,0,0,199,1703,California
Imperial,2021-01-01,47,1750,5,898,42,852,0,0,47,1750,0,0,47,1750,California
Imperial,2021-01-02,5,1755,0,898,5,857,0,0,5,1755,0,0,5,1755,California
Imperial,2021-01-03,90,1845,0,898,90,947,0,0,90,1845,0,0,90,1845,California
Imperial,2021-01-04,87,1932,7,905,80,1027,0,0,87,1932,0,0,87,1932,California
Imperial,2021-01-05,174,2106,14,919,160,1187,0,0,174,2106,0,0,174,2106,California
Imperial,2021-01-06,192,2298,26,945,166,1353,0,0,191,2296,1,1,191,2297,California
Imperial,2021-01-07,330,2628,12,957,318,1671,0,0,325,2616,5,6,325,2622,California
Imperial,2021-01-08,195,2823,51,1008,144,1815,0,0,186,2793,9,15,186,2808,California
Imperial,2021-01-09,24,2847,21,1029,3,1818,0,0,24,2817,0,15,24,2832,California
Imperial,2021-01-10,4,2851,1,1030,3,1821,0,0,3,2819,1,16,3,2835,California
Imperial,2021-01-11,403,3254,243,1273,160,1981,0,0,176,2768,227,243,176,3011,California
Imperial,2021-01-12,576,3830,468,1741,108,2089,0,0,314,2821,261,504,314,3325,California
Imperial,2021-01-13,387,4217,136,1877,251,2340,0,0,285,3004,102,606,285,3610,California
Imperial,2021-01-14,307,4524,190,2067,117,2457,0,0,301,3300,5,611,301,3911,California
Imperial,2021-01-15,247,4771,182,2249,65,2522,0,0,239,3531,8,619,239,4150,California
Imperial,2021-01-16,94,4865,74,2323,20,2542,0,0,93,3623,1,620,93,4243,California
Imperial,2021-01-17,18,4883,5,2328,13,2555,0,0,17,3639,1,621,17,4260,California
Imperial,2021-01-18,1073,5956,401,2729,672,3227,0,0,975,4517,98,719,976,5236,California
Imperial,2021-01-19,172,6128,129,2858,43,3270,0,0,125,4595,47,766,125,5361,California
Imperial,2021-01-20,302,6430,199,3057,103,3373,0,0,263,4819,39,805,263,5624,California
Imperial,2021-01-21,437,6867,185,3242,252,3625,0,0,415,5212,22,827,415,6039,California
Imperial,2021-01-22,476,7343,188,3430,288,3913,0,0,467,5670,9,836,467,6506,California
Imperial,2021-01-23,1063,8406,291,3721,772,4685,0,0,1061,6729,2,838,1061,7567,California
Imperial,2021-01-24,24,8430,2,3723,22,4707,0,0,24,6753,0,838,24,7591,California
Imperial,2021-01-25,225,8655,10,3733,215,4922,0,0,42,6614,181,1019,42,7633,California
Imperial,2021-01-26,376,9031,181,3914,195,5117,0,0,232,6704,143,1162,233,7866,California
Imperial,2021-01-27,586,9617,163,4077,423,5540,0,0,253,6624,333,1495,253,8119,California
Imperial,2021-01-28,654,10271,165,4242,489,6029,0,0,544,7058,110,1605,544,8663,California
Imperial,2021-01-29,446,10717,298,4540,148,6177,0,0,396,7404,50,1655,396,9059,California
Imperial,2021-01-30,81,10798,39,4579,42,6219,0,0,64,7451,17,1672,64,9123,California
Imperial,2021-01-31,27,10825,4,4583,23,6242,0,0,26,7476,1,1673,26,9149,California
Imperial,2021-02-01,467,11292,69,4652,398,6640,0,0,254,7519,211,1884,254,9403,California
Imperial,2021-02-02,764,12056,83,4735,681,7321,0,0,580,7915,184,2068,580,9983,California
Imperial,2021-02-03,624,12680,181,4916,443,7764,0,0,361,8015,261,2329,361,10344,California
Imperial,2021-02-04,1936,14616,1379,6295,557,8321,0,0,1495,9071,440,2769,1496,11840,California
Imperial,2021-02-05,456,15072,255,6550,201,8522,0,0,219,9054,238,3007,221,12061,California
Imperial,2021-02-06,888,15960,848,7398,40,8562,0,0,852,9868,38,3045,852,12913,California
Imperial,2021-02-07,48,16008,16,7414,32,8594,0,0,44,9908,4,3049,44,12957,California
Imperial,2021-02-08,275,16283,45,7459,230,8824,0,0,206,10045,69,3118,206,13163,California
Imperial,2021-02-09,491,16774,154,7613,337,9161,0,0,323,10203,168,3286,326,13489,California
Imperial,2021-02-10,480,17254,60,7673,420,9581,0,0,111,9948,369,3655,114,13603,California
Imperial,2021-02-11,1083,18337,387,8060,696,10277,0,0,180,9233,898,4553,183,13786,California
Imperial,2021-02-12,2182,20519,1437,9497,745,11022,0,0,1827,10708,358,4911,1833,15619,California
Imperial,2021-02-13,110,20629,57,9554,53,11075,0,0,92,10781,21,4932,94,15713,California
Imperial,2021-02-14,50,20679,34,9588,16,11091,0,0,47,10825,3,4935,47,15760,California
Imperial,2021-02-15,146,20825,37,9625,109,11200,0,0,127,10936,19,4954,130,15890,California
Imperial,2021-02-16,525,21350,265,9890,260,11460,0,0,306,11027,219,5173,310,16200,California
Imperial,2021-02-17,462,21812,305,10195,157,11617,0,0,104,10778,358,5531,109,16309,California
Imperial,2021-02-18,681,22493,327,10522,354,11971,0,0,160,10428,520,6051,170,16479,California
Imperial,2021-02-19,793,23286,400,10922,393,12364,0,0,207,10052,585,6636,209,16688,California
Imperial,2021-02-20,1061,24347,208,11130,853,13217,0,0,337,9677,722,7358,347,17035,California
Imperial,2021-02-21,618,24965,584,11714,34,13251,0,0,610,10283,7,7365,613,17648,California
Imperial,2021-02-22,859,25824,605,12319,254,13505,0,0,791,11012,67,7432,796,18444,California
Imperial,2021-02-23,1146,26970,538,12857,608,14113,0,0,974,11828,171,7603,987,19431,California
Imperial,2021-02-24,844,27814,402,13259,442,14555,0,0,716,12432,126,7729,730,20161,California
Imperial,2021-02-25,966,28780,425,13684,541,15096,0,0,547,12584,418,8147,570,20731,California
Imperial,2021-02-26,2378,31158,1417,15101,961,16057,0,0,1859,13947,518,8665,1881,22612,California
Imperial,2021-02-27,1010,32168,923,16024,87,16144,0,0,252,13460,759,9424,272,22884,California
Imperial,2021-02-28,109,32277,90,16114,19,16163,0,0,88,13538,21,9445,99,22983,California
Imperial,2021-03-01,589,32866,359,16473,226,16389,4,4,501,13970,84,9529,516,23499,California
Imperial,2021-03-02,781,33647,301,16774,479,16868,1,5,438,14081,341,9870,452,23951,California
Imperial,2021-03-03,1001,34648,95,16869,906,17774,0,5,606,14324,391,10261,634,24585,California
Imperial,2021-03-04,835,35483,150,17019,684,18458,1,6,544,14629,289,10550,594,25179,California
Imperial,2021-03-05,3169,38652,2267,19286,902,19360,0,6,1784,15056,1389,11939,1816,26995,California
Imperial,2021-03-06,818,39470,330,19616,488,19848,0,6,722,15711,93,12032,748,27743,California
Imperial,2021-03-07,162,39632,104,19720,57,19905,1,7,108,15792,53,12085,134,27877,California
Imperial,2021-03-08,499,40131,387,20107,76,19981,36,43,406,16175,93,12178,476,28353,California
Imperial,2021-03-09,746,40877,353,20460,144,20125,249,292,447,16574,299,12477,698,29051,California
Imperial,2021-03-10,837,41714,367,20827,285,20410,185,477,369,16674,467,12944,567,29618,California
Imperial,2021-03-11,1943,43657,527,21354,1146,21556,270,747,1236,17501,703,13647,1530,31148,California
Imperial,2021-03-12,4969,48626,3489,24843,1215,22771,265,1012,3151,19128,1810,15457,3437,34585,California
Imperial,2021-03-13,1235,49861,117,24960,884,23655,234,1246,893,19941,339,15796,1152,35737,California
Imperial,2021-03-14,216,50077,60,25020,142,23797,14,1260,156,20068,59,15855,186,35923,California
Imperial,2021-03-15,782,50859,267,25287,220,24017,295,1555,417,20437,362,16217,731,36654,California
Imperial,2021-03-16,1262,52121,372,25659,380,24397,510,2065,604,20927,654,16871,1144,37798,California
Imperial,2021-03-17,1721,53842,742,26401,794,25191,185,2250,1054,21515,660,17531,1248,39046,California
Imperial,2021-03-18,1902,55744,1251,27652,566,25757,85,2335,1305,22318,592,18123,1395,40441,California
Imperial,2021-03-19,3924,59668,2864,30516,1036,26793,24,2359,1944,22316,1973,20096,1971,42412,California
Imperial,2021-03-20,1831,61499,584,31100,1229,28022,18,2377,1349,23215,474,20570,1373,43785,California
Imperial,2021-03-21,292,61791,104,31204,183,28205,5,2382,165,23266,127,20697,178,43963,California
Imperial,2021-03-22,1110,62901,400,31604,703,28908,7,2389,641,23458,467,21164,659,44622,California
Imperial,2021-03-23,1545,64446,556,32160,983,29891,6,2395,962,23852,579,21743,973,45595,California
Imperial,2021-03-24,2212,66658,636,32796,1150,31041,426,2821,1189,24451,1019,22762,1618,47213,California
Imperial,2021-03-25,3307,69965,799,33595,888,31929,1620,4441,1245,25252,2056,24818,2857,50070,California
Imperial,2021-03-26,3289,73254,1251,34846,1038,32967,1000,5441,944,24869,2332,27150,1949,52019,California
Imperial,2021-03-27,686,73940,328,35174,291,33258,67,5508,452,25160,230,27380,521,52540,California
Imperial,2021-03-28,246,74186,79,35253,160,33418,7,5515,181,25286,63,27443,189,52729,California
Imperial,2021-03-29,1600,75786,392,35645,409,33827,799,6314,331,25154,1264,28707,1132,53861,California
Imperial,2021-03-30,2206,77992,725,36370,598,34425,883,7197,687,25205,1516,30223,1567,55428,California
Imperial,2021-03-31,1636,79628,768,37138,812,35237,56,7253,1022,25671,611,30834,1077,56505,California
Imperial,2021-04-01,2191,81819,466,37604,1400,36637,325,7578,889,25592,1293,32127,1214,57719,California
Imperial,2021-04-02,2251,84070,515,38119,1601,38238,135,7713,1442,26369,800,32927,1577,59296,California
Imperial,2021-04-03,1564,85634,460,38579,1016,39254,88,7801,713,26324,848,33775,803,60099,California
Imperial,2021-04-04,111,85745,67,38646,27,39281,17,7818,33,26297,78,33853,51,60150,California
Imperial,2021-04-05,3496,89241,2348,40994,925,40206,223,8041,813,24667,2672,36525,1042,61192,California
Imperial,2021-04-06,1434,90675,572,41566,601,40807,261,8302,696,24894,733,37258,960,62152,California
Imperial,2021-04-07,2282,92957,613,42179,1234,42041,435,8737,1576,26191,709,37967,2006,64158,California
Imperial,2021-04-08,2318,95275,1122,43301,842,42883,354,9091,1083,26396,1230,39197,1435,65593,California
Imperial,2021-04-09,3570,98845,1712,45013,1063,43946,795,9886,1578,26782,1982,41179,2368,67961,California
Imperial,2021-04-10,1398,100243,227,45240,849,44795,322,10208,245,26197,1149,42328,564,68525,California
Imperial,2021-04-11,254,100497,63,45303,158,44953,33,10241,84,26147,169,42497,119,68644,California
Imperial,2021-04-12,1488,101985,807,46110,460,45413,221,10462,831,26551,649,43146,1053,69697,California
Imperial,2021-04-13,2964,104949,1920,48030,1042,46455,2,10464,2033,27664,925,44071,2038,71735,California
Imperial,2021-04-14,2077,107026,983,49013,1094,47549,0,10464,1396,28390,675,44746,1401,73136,California
Imperial,2021-04-15,2044,109070,958,49971,1086,48635,0,10464,1370,29097,669,45415,1376,74512,California
Imperial,2021-04-16,3560,112630,1822,51793,1738,50373,0,10464,2225,30003,1322,46737,2228,76740,California
Imperial,2021-04-17,1890,114520,958,52751,930,51303,2,10466,1460,31041,425,47162,1463,78203,California
Imperial,2021-04-18,273,114793,85,52836,188,51491,0,10466,91,30955,180,47342,94,78297,California
Imperial,2021-04-19,852,115645,270,53106,582,52073,0,10466,421,30953,428,47770,426,78723,California
Imperial,2021-04-20,1392,117037,553,53659,839,52912,0,10466,777,31121,612,48382,780,79503,California
Imperial,2021-04-21,1478,118515,381,54040,1096,54008,1,10467,844,31338,627,49009,844,80347,California
Imperial,2021-04-22,2506,121021,831,54871,1675,55683,0,10467,1745,32340,745,49754,1747,82094,California
Imperial,2021-04-23,2871,123892,552,55423,2319,58002,0,10467,1111,31727,1728,51482,1115,83209,California
Imperial,2021-04-24,591,124483,325,55748,266,58268,0,10467,234,31606,355,51837,234,83443,California
Imperial,2021-04-25,274,124757,104,55852,170,58438,0,10467,132,31599,139,51976,132,83575,California
Imperial,2021-04-26,1247,126004,484,56336,758,59196,5,10472,717,31798,523,52499,722,84297,California
Imperial,2021-04-27,1164,127168,371,56707,782,59978,11,10483,590,31832,568,53067,602,84899,California
Imperial,2021-04-28,1537,128705,649,57356,855,60833,33,10516,707,31749,823,53890,740,85639,California
Imperial,2021-04-29,1887,130592,865,58221,974,61807,48,10564,848,31620,1027,54917,898,86537,California
Imperial,2021-04-30,3333,133925,1689,59910,1606,63413,38,10602,1613,31562,1709,56626,1651,88188,California
Imperial,2021-05-01,369,134294,129,60039,237,63650,3,10605,195,31590,172,56798,200,88388,California
Imperial,2021-05-02,92,134386,29,60068,56,63706,7,10612,41,31588,51,56849,49,88437,California
Imperial,2021-05-03,1645,136031,546,60614,1051,64757,48,10660,368,30739,1264,58113,415,88852,California
Imperial,2021-05-04,1820,137851,971,61585,822,65579,27,10687,591,30138,1219,59332,618,89470,California
Imperial,2021-05-05,1555,139406,911,62496,624,66203,20,10707,475,29566,1068,60400,496,89966,California
Imperial,2021-05-06,1750,141156,1142,63638,566,66769,42,10749,564,28994,1180,61580,608,90574,California
Imperial,2021-05-07,2647,143803,1455,65093,1135,67904,57,10806,899,28224,1729,63309,959,91533,California
Imperial,2021-05-08,818,144621,649,65742,160,68064,9,10815,212,27846,599,63908,221,91754,California
Imperial,2021-05-09,102,144723,70,65812,31,68095,1,10816,29,27806,70,63978,30,91784,California
Imperial,2021-05-10,1182,145905,303,66115,755,68850,124,10940,361,27476,813,64791,483,92267,California
Imperial,2021-05-11,1522,147427,476,66591,1025,69875,21,10961,535,27058,979,65770,561,92828,California
Imperial,2021-05-12,904,148331,282,66873,582,70457,40,11001,342,26883,556,66326,381,93209,California
Imperial,2021-05-13,1959,150290,1277,68150,610,71067,72,11073,886,26779,1060,67386,956,94165,California
Imperial,2021-05-14,1829,152119,977,69127,790,71857,62,11135,1190,27404,627,68013,1252,95417,California
Imperial,2021-05-15,1282,153401,481,69608,779,72636,22,11157,486,27122,791,68804,509,95926,California
Imperial,2021-05-16,127,153528,87,69695,36,72672,4,11161,54,27108,72,68876,58,95984,California
Imperial,2021-05-17,1981,155509,725,70420,1205,73877,51,11212,692,26568,1283,70159,743,96727,California
Imperial,2021-05-18,1785,157294,896,71316,813,74690,76,11288,970,26808,807,70966,1047,97774,California
Imperial,2021-05-19,1367,158661,623,71939,675,75365,69,11357,635,26788,723,71689,703,98477,California
Imperial,2021-05-20,1820,160481,1041,72980,702,76067,77,11434,768,26597,1037,72726,846,99323,California
Imperial,2021-05-21,1987,162468,1244,74224,679,76746,64,11498,999,26685,975,73701,1063,100386,California
Imperial,2021-05-22,359,162827,194,74418,141,76887,24,11522,172,26701,180,73881,196,100582,California
Imperial,2021-05-23,95,162922,35,74453,51,76938,9,11531,33,26683,60,73941,42,100624,California
Imperial,2021-05-24,1284,164206,629,75082,595,77533,60,11591,529,26523,748,74689,588,101212,California
Imperial,2021-05-25,1558,165764,489,75571,1021,78554,48,11639,565,26155,982,75671,614,101826,California
Imperial,2021-05-26,1133,166897,580,76151,495,79049,58,11697,504,26092,624,76295,561,102387,California
Imperial,2021-05-27,1408,168305,753,76904,582,79631,73,11770,694,26150,709,77004,767,103154,California
Imperial,2021-05-28,1125,169430,613,77517,420,80051,92,11862,417,25964,696,77700,510,103664,California
Imperial,2021-05-29,348,169778,152,77669,155,80206,41,11903,161,25979,187,77887,202,103866,California
Imperial,2021-05-30,99,169877,30,77699,67,80273,2,11905,68,26018,31,77918,70,103936,California
Imperial,2021-05-31,80,169957,20,77719,53,80326,7,11912,36,26017,44,77962,43,103979,California
Imperial,2021-06-01,1319,171276,575,78294,624,80950,120,12032,500,25828,810,78772,621,104600,California
Imperial,2021-06-02,1203,172479,624,78918,457,81407,122,12154,602,25958,592,79364,722,105322,California
Imperial,2021-06-03,1369,173848,760,79678,471,81878,138,12292,625,25984,737,80101,763,106085,California
Imperial,2021-06-04,2499,176347,1734,81412,606,82484,159,12451,1032,25722,1452,81553,1190,107275,California
Imperial,2021-06-05,459,176806,257,81669,144,82628,58,12509,211,25748,243,81796,269,107544,California
Imperial,2021-06-06,82,176888,48,81717,22,82650,12,12521,45,25768,37,81833,57,107601,California
Imperial,2021-06-07,1014,177902,664,82381,284,82934,66,12587,484,25791,527,82360,550,108151,California
Imperial,2021-06-08,1467,179369,1049,83430,330,83264,88,12675,587,25590,874,83234,673,108824,California
Imperial,2021-06-09,1134,180503,783,84213,274,83538,77,12752,512,25563,615,83849,588,109412,California
Imperial,2021-06-10,1222,181725,794,85007,354,83892,74,12826,452,25323,765,84614,525,109937,California
Imperial,2021-06-11,1718,183443,1207,86214,443,84335,68,12894,735,25157,969,85583,803,110740,California
Imperial,2021-06-12,309,183752,141,86355,137,84472,31,12925,138,25157,169,85752,169,110909,California
Imperial,2021-06-13,85,183837,23,86378,60,84532,2,12927,54,25184,30,85782,57,110966,California
Imperial,2021-06-14,883,184720,627,87005,212,84744,44,12971,380,25109,499,86281,424,111390,California
Imperial,2021-06-15,1092,185812,760,87765,284,85028,48,13019,491,25055,594,86875,540,111930,California
Imperial,2021-06-16,1028,186840,657,88422,301,85329,70,13089,486,25074,538,87413,557,112487,California
Imperial,2021-06-17,1119,187959,792,89214,267,85596,60,13149,486,24990,628,88041,544,113031,California
Imperial,2021-06-18,1179,189138,824,90038,285,85881,70,13219,714,25320,453,88494,783,113814,California
Imperial,2021-06-19,345,189483,213,90251,117,85998,15,13234,172,25335,172,88666,187,114001,California
Imperial,2021-06-20,63,189546,30,90281,29,86027,4,13238,24,25324,39,88705,28,114029,California
Imperial,2021-06-21,684,190230,419,90700,227,86254,38,13276,421,25529,256,88961,461,114490,California
Imperial,2021-06-22,1171,191401,809,91509,312,86566,50,13326,634,25685,529,89490,685,115175,California
Imperial,2021-06-23,1141,192542,780,92289,300,86866,61,13387,617,25848,514,90004,677,115852,California
Imperial,2021-06-24,1050,193592,712,93001,290,87156,48,13435,536,25923,509,90513,584,116436,California
Imperial,2021-06-25,1422,195014,1051,94052,290,87446,81,13516,605,25804,804,91317,685,117121,California
Imperial,2021-06-26,249,195263,153,94205,87,87533,9,13525,82,25730,165,91482,91,117212,California
Imperial,2021-06-27,123,195386,60,94265,58,87591,5,13530,51,25713,72,91554,55,117267,California
Imperial,2021-06-28,641,196027,463,94728,157,87748,21,13551,334,25765,302,91856,354,117621,California
Imperial,2021-06-29,841,196868,619,95347,175,87923,47,13598,387,25750,450,92306,435,118056,California
Imperial,2021-06-30,858,197726,552,95899,281,88204,25,13623,356,25636,497,92803,383,118439,California
Imperial,2021-07-01,783,198509,554,96453,213,88417,16,13639,376,25628,400,93203,392,118831,California
Imperial,2021-07-02,909,199418,617,97070,267,88684,25,13664,387,25523,516,93719,411,119242,California
Imperial,2021-07-03,214,199632,98,97168,110,88794,6,13670,89,25496,121,93840,94,119336,California
Imperial,2021-07-04,42,199674,14,97182,25,88819,3,13673,19,25495,23,93863,22,119358,California
Imperial,2021-07-05,203,199877,90,97272,106,88925,7,13680,80,25459,122,93985,86,119444,California
Imperial,2021-07-06,954,200831,667,97939,258,89183,29,13709,372,25286,575,94560,402,119846,California
Imperial,2021-07-07,762,201593,525,98464,189,89372,48,13757,292,25161,464,95024,339,120185,California
Imperial,2021-07-08,719,202312,521,98985,176,89548,22,13779,317,25103,397,95421,339,120524,California
Imperial,2021-07-09,848,203160,646,99631,183,89731,19,13798,365,25011,476,95897,384,120908,California
Inyo,2020-12-19,85,85,85,85,0,0,0,0,85,85,0,0,85,85,California
Inyo,2020-12-20,58,143,58,143,0,0,0,0,58,143,0,0,58,143,California
Inyo,2020-12-21,88,231,85,228,3,3,0,0,88,231,0,0,88,231,California
Inyo,2020-12-22,105,336,105,333,0,3,0,0,105,336,0,0,105,336,California
Inyo,2020-12-23,70,406,67,400,3,6,0,0,70,406,0,0,70,406,California
Inyo,2020-12-24,15,421,15,415,0,6,0,0,15,421,0,0,15,421,California
Inyo,2020-12-25,1,422,0,415,1,7,0,0,1,422,0,0,1,422,California
Inyo,2020-12-26,74,496,74,489,0,7,0,0,74,496,0,0,74,496,California
Inyo,2020-12-28,47,543,35,524,12,19,0,0,47,543,0,0,47,543,California
Inyo,2020-12-29,19,562,19,543,0,19,0,0,19,562,0,0,19,562,California
Inyo,2020-12-30,56,618,54,597,2,21,0,0,56,618,0,0,56,618,California
Inyo,2020-12-31,29,647,0,597,29,50,0,0,29,647,0,0,29,647,California
Inyo,2021-01-01,1,648,0,597,1,51,0,0,1,648,0,0,1,648,California
Inyo,2021-01-03,1,649,0,597,1,52,0,0,1,649,0,0,1,649,California
Inyo,2021-01-04,4,653,1,598,3,55,0,0,4,653,0,0,4,653,California
Inyo,2021-01-05,34,687,0,598,34,89,0,0,34,687,0,0,34,687,California
Inyo,2021-01-06,68,755,0,598,68,157,0,0,68,755,0,0,68,755,California
Inyo,2021-01-07,31,786,1,599,30,187,0,0,31,786,0,0,31,786,California
Inyo,2021-01-08,9,795,8,607,1,188,0,0,4,786,5,5,5,791,California
Inyo,2021-01-09,87,882,86,693,1,189,0,0,1,701,86,91,1,792,California
Inyo,2021-01-10,52,934,52,745,0,189,0,0,0,649,52,143,0,792,California
Inyo,2021-01-11,97,1031,82,827,15,204,0,0,16,584,81,224,16,808,California
Inyo,2021-01-12,138,1169,117,944,21,225,0,0,28,502,110,334,28,836,California
Inyo,2021-01-13,86,1255,68,1012,18,243,0,0,21,459,65,399,22,858,California
Inyo,2021-01-14,60,1315,13,1025,47,290,0,0,50,499,10,409,50,908,California
Inyo,2021-01-15,163,1478,28,1053,135,425,0,0,163,662,0,409,163,1071,California
Inyo,2021-01-16,74,1552,73,1126,1,426,0,0,1,590,73,482,1,1072,California
Inyo,2021-01-18,57,1609,35,1161,22,448,0,0,19,571,38,520,19,1091,California
Inyo,2021-01-19,116,1725,74,1235,42,490,0,0,99,653,17,537,99,1190,California
Inyo,2021-01-20,148,1873,71,1306,77,567,0,0,93,691,55,592,93,1283,California
Inyo,2021-01-21,120,1993,57,1363,63,630,0,0,119,809,1,593,119,1402,California
Inyo,2021-01-22,63,2056,0,1363,63,693,0,0,61,868,2,595,61,1463,California
Inyo,2021-01-23,54,2110,52,1415,2,695,0,0,53,921,0,595,53,1516,California
Inyo,2021-01-25,49,2159,6,1421,43,738,0,0,37,946,12,607,37,1553,California
Inyo,2021-01-26,136,2295,55,1476,81,819,0,0,130,1070,6,613,130,1683,California
Inyo,2021-01-27,24,2319,2,1478,22,841,0,0,23,1092,1,614,23,1706,California
Inyo,2021-01-28,92,2411,2,1480,90,931,0,0,63,1126,29,643,63,1769,California
Inyo,2021-01-29,25,2436,3,1483,22,953,0,0,23,1147,2,645,23,1792,California
Inyo,2021-01-30,11,2447,1,1484,10,963,0,0,11,1158,0,645,11,1803,California
Inyo,2021-01-31,32,2479,4,1488,28,991,0,0,4,1134,28,673,4,1807,California
Inyo,2021-02-01,11,2490,10,1498,1,992,0,0,1,1125,10,683,1,1808,California
Inyo,2021-02-02,130,2620,14,1512,116,1108,0,0,104,1203,26,709,104,1912,California
Inyo,2021-02-03,118,2738,0,1512,118,1226,0,0,74,1233,44,753,74,1986,California
Inyo,2021-02-04,152,2890,34,1546,118,1344,0,0,91,1264,61,814,92,2078,California
Inyo,2021-02-05,118,3008,62,1608,56,1400,0,0,116,1378,2,816,116,2194,California
Inyo,2021-02-06,5,3013,3,1611,2,1402,0,0,3,1380,1,817,3,2197,California
Inyo,2021-02-07,4,3017,2,1613,2,1404,0,0,4,1384,0,817,4,2201,California
Inyo,2021-02-08,117,3134,7,1620,110,1514,0,0,97,1461,20,837,97,2298,California
Inyo,2021-02-09,202,3336,52,1672,150,1664,0,0,129,1517,73,910,129,2427,California
Inyo,2021-02-10,141,3477,16,1688,125,1789,0,0,107,1590,34,944,107,2534,California
Inyo,2021-02-11,222,3699,57,1745,165,1954,0,0,126,1620,96,1040,126,2660,California
Inyo,2021-02-12,302,4001,51,1796,251,2205,0,0,167,1653,134,1174,167,2827,California
Inyo,2021-02-13,59,4060,54,1850,5,2210,0,0,7,1608,52,1226,7,2834,California
Inyo,2021-02-14,2,4062,0,1850,2,2212,0,0,2,1610,0,1226,2,2836,California
Inyo,2021-02-15,29,4091,9,1859,20,2232,0,0,5,1591,24,1250,5,2841,California
Inyo,2021-02-16,183,4274,54,1913,129,2361,0,0,91,1593,89,1339,91,2932,California
Inyo,2021-02-17,38,4312,4,1917,34,2395,0,0,8,1571,30,1369,8,2940,California
Inyo,2021-02-18,122,4434,6,1923,116,2511,0,0,79,1607,43,1412,79,3019,California
Inyo,2021-02-19,53,4487,4,1927,49,2560,0,0,10,1574,43,1455,10,3029,California
Inyo,2021-02-20,513,5000,507,2434,6,2566,0,0,509,2080,3,1458,509,3538,California
Inyo,2021-02-21,446,5446,446,2880,0,2566,0,0,445,2525,0,1458,445,3983,California
Inyo,2021-02-22,62,5508,19,2899,43,2609,0,0,27,2517,35,1493,27,4010,California
Inyo,2021-02-23,203,5711,19,2918,184,2793,0,0,94,2504,107,1600,94,4104,California
Inyo,2021-02-24,119,5830,0,2918,119,2912,0,0,57,2499,62,1662,57,4161,California
Inyo,2021-02-25,133,5963,5,2923,128,3040,0,0,63,2492,70,1732,63,4224,California
Inyo,2021-02-26,106,6069,62,2985,44,3084,0,0,21,2428,85,1817,21,4245,California
Inyo,2021-02-27,14,6083,3,2988,11,3095,0,0,2,2418,12,1829,2,4247,California
Inyo,2021-02-28,3,6086,1,2989,2,3097,0,0,2,2419,1,1830,2,4249,California
Inyo,2021-03-01,19,6105,2,2991,17,3114,0,0,17,2434,2,1832,17,4266,California
Inyo,2021-03-02,197,6302,1,2992,196,3310,0,0,112,2461,85,1917,112,4378,California
Inyo,2021-03-03,87,6389,4,2996,83,3393,0,0,42,2459,44,1961,42,4420,California
Inyo,2021-03-04,128,6517,3,2999,125,3518,0,0,46,2424,81,2042,46,4466,California
Inyo,2021-03-05,145,6662,56,3055,89,3607,0,0,42,2363,103,2145,42,4508,California
Inyo,2021-03-06,30,6692,1,3056,29,3636,0,0,29,2391,1,2146,29,4537,California
Inyo,2021-03-07,7,6699,4,3060,3,3639,0,0,5,2394,2,2148,5,4542,California
Inyo,2021-03-08,184,6883,5,3065,179,3818,0,0,91,2392,93,2241,91,4633,California
Inyo,2021-03-09,191,7074,3,3068,188,4006,0,0,74,2349,117,2358,74,4707,California
Inyo,2021-03-10,71,7145,8,3076,62,4068,1,1,30,2339,41,2399,31,4738,California
Inyo,2021-03-11,206,7351,1,3077,200,4268,5,6,75,2288,131,2530,80,4818,California
Inyo,2021-03-12,179,7530,5,3082,168,4436,6,12,78,2272,100,2630,84,4902,California
Inyo,2021-03-13,584,8114,549,3631,25,4461,10,22,70,1840,512,3142,80,4982,California
Inyo,2021-03-14,441,8555,440,4071,1,4462,0,22,2,1404,438,3580,2,4984,California
Inyo,2021-03-15,51,8606,15,4086,34,4496,2,24,30,1415,21,3601,32,5016,California
Inyo,2021-03-16,164,8770,4,4090,154,4650,6,30,63,1386,99,3700,70,5086,California
Inyo,2021-03-17,108,8878,3,4093,98,4748,7,37,92,1469,16,3716,99,5185,California
Inyo,2021-03-18,185,9063,16,4109,162,4910,7,44,104,1499,81,3797,111,5296,California
Inyo,2021-03-19,48,9111,6,4115,38,4948,4,48,36,1528,11,3808,40,5336,California
Inyo,2021-03-20,20,9131,1,4116,10,4958,9,57,1,1519,19,3827,10,5346,California
Inyo,2021-03-22,59,9190,3,4119,51,5009,5,62,39,1543,20,3847,44,5390,California
Inyo,2021-03-23,195,9385,4,4123,187,5196,4,66,105,1562,90,3937,109,5499,California
Inyo,2021-03-24,141,9526,3,4126,133,5329,5,71,86,1598,55,3992,91,5590,California
Inyo,2021-03-25,330,9856,110,4236,217,5546,3,74,263,1797,67,4059,266,5856,California
Inyo,2021-03-26,92,9948,3,4239,85,5631,4,78,71,1851,21,4080,75,5931,California
Inyo,2021-03-27,53,10001,45,4284,5,5636,3,81,47,1895,6,4086,50,5981,California
Inyo,2021-03-28,4,10005,1,4285,2,5638,1,82,1,1894,3,4089,2,5983,California
Inyo,2021-03-29,109,10114,2,4287,102,5740,5,87,82,1955,26,4115,87,6070,California
Inyo,2021-03-30,221,10335,2,4289,214,5954,5,92,109,1957,112,4227,114,6184,California
Inyo,2021-03-31,150,10485,4,4293,141,6095,5,97,107,2027,43,4270,113,6297,California
Inyo,2021-04-01,167,10652,3,4296,163,6258,1,98,117,2095,50,4320,118,6415,California
Inyo,2021-04-02,80,10732,1,4297,77,6335,2,100,49,2115,31,4351,51,6466,California
Inyo,2021-04-03,93,10825,47,4344,32,6367,14,114,5,2047,86,4437,18,6484,California
Inyo,2021-04-04,5,10830,4,4348,0,6367,1,115,1,2045,4,4441,2,6486,California
Inyo,2021-04-05,116,10946,0,4348,112,6479,4,119,28,1989,88,4529,32,6518,California
Inyo,2021-04-06,237,11183,5,4353,169,6648,63,182,105,2025,132,4661,168,6686,California
Inyo,2021-04-07,204,11387,1,4354,76,6724,127,309,47,2041,158,4819,174,6860,California
Inyo,2021-04-08,182,11569,15,4369,150,6874,17,326,82,2040,100,4919,99,6959,California
Inyo,2021-04-09,126,11695,7,4376,96,6970,23,349,37,2012,88,5007,60,7019,California
Inyo,2021-04-10,42,11737,1,4377,24,6994,17,366,3,1993,39,5046,20,7039,California
Inyo,2021-04-11,1,11738,0,4377,1,6995,0,366,1,1994,0,5046,1,7040,California
Inyo,2021-04-12,79,11817,0,4377,74,7069,5,371,41,2002,38,5084,46,7086,California
Inyo,2021-04-13,124,11941,5,4382,116,7185,3,374,64,2011,58,5142,67,7153,California
Inyo,2021-04-14,130,12071,2,4384,128,7313,0,374,45,1971,85,5227,45,7198,California
Inyo,2021-04-15,274,12345,116,4500,158,7471,0,374,78,1853,196,5423,78,7276,California
Inyo,2021-04-16,48,12393,6,4506,42,7513,0,374,19,1844,28,5451,19,7295,California
Inyo,2021-04-17,2,12395,1,4507,1,7514,0,374,1,1844,1,5452,1,7296,California
Inyo,2021-04-19,133,12528,44,4551,89,7603,0,374,46,1804,86,5538,46,7342,California
Inyo,2021-04-20,164,12692,2,4553,162,7765,0,374,80,1800,84,5622,80,7422,California
Inyo,2021-04-21,113,12805,5,4558,108,7873,0,374,32,1751,81,5703,32,7454,California
Inyo,2021-04-22,195,13000,1,4559,194,8067,0,374,51,1658,144,5847,51,7505,California
Inyo,2021-04-23,95,13095,4,4563,91,8158,0,374,22,1607,73,5920,22,7527,California
Inyo,2021-04-24,310,13405,309,4872,1,8159,0,374,305,1907,5,5925,305,7832,California
Inyo,2021-04-25,135,13540,134,5006,1,8160,0,374,135,2042,0,5925,135,7967,California
Inyo,2021-04-26,92,13632,1,5007,90,8250,1,375,11,1973,81,6006,12,7979,California
Inyo,2021-04-27,183,13815,6,5013,172,8422,5,380,48,1891,135,6141,53,8032,California
Inyo,2021-04-28,121,13936,2,5015,117,8539,2,382,20,1813,100,6241,22,8054,California
Inyo,2021-04-29,171,14107,55,5070,116,8655,0,382,77,1797,93,6334,77,8131,California
Inyo,2021-04-30,82,14189,5,5075,76,8731,1,383,23,1762,59,6393,24,8155,California
Inyo,2021-05-01,12,14201,3,5078,9,8740,0,383,10,1770,2,6395,10,8165,California
Inyo,2021-05-02,7,14208,3,5081,2,8742,2,385,4,1773,3,6398,6,8171,California
Inyo,2021-05-03,38,14246,1,5082,33,8775,4,389,5,1749,33,6431,9,8180,California
Inyo,2021-05-04,123,14369,2,5084,117,8892,4,393,19,1668,104,6535,23,8203,California
Inyo,2021-05-05,37,14406,0,5084,35,8927,2,395,11,1655,26,6561,13,8216,California
Inyo,2021-05-06,94,14500,4,5088,82,9009,8,403,13,1595,81,6642,21,8237,California
Inyo,2021-05-07,50,14550,5,5093,37,9046,8,411,24,1603,24,6666,32,8269,California
Inyo,2021-05-08,11,14561,2,5095,4,9050,5,416,4,1605,7,6673,9,8278,California
Inyo,2021-05-09,1,14562,0,5095,1,9051,0,416,0,1604,1,6674,0,8278,California
Inyo,2021-05-10,70,14632,1,5096,67,9118,2,418,32,1600,39,6713,35,8313,California
Inyo,2021-05-11,88,14720,1,5097,84,9202,3,421,20,1555,68,6781,23,8336,California
Inyo,2021-05-12,42,14762,2,5099,38,9240,2,423,11,1537,31,6812,13,8349,California
Inyo,2021-05-13,75,14837,1,5100,73,9313,1,424,12,1487,63,6875,13,8362,California
Inyo,2021-05-14,28,14865,5,5105,18,9331,5,429,14,1492,14,6889,19,8381,California
Inyo,2021-05-15,379,15244,367,5472,10,9341,2,431,85,1285,294,7183,87,8468,California
Inyo,2021-05-16,200,15444,200,5672,0,9341,0,431,73,1231,127,7310,73,8541,California
Inyo,2021-05-17,63,15507,2,5674,57,9398,4,435,18,1208,45,7355,22,8563,California
Inyo,2021-05-18,84,15591,2,5676,81,9479,1,436,17,1159,67,7422,18,8581,California
Inyo,2021-05-19,46,15637,2,5678,39,9518,5,441,13,1144,33,7455,18,8599,California
Inyo,2021-05-20,147,15784,83,5761,63,9581,1,442,37,1071,111,7566,38,8637,California
Inyo,2021-05-21,49,15833,18,5779,26,9607,5,447,19,1065,30,7596,24,8661,California
Inyo,2021-05-22,25,15858,15,5794,7,9614,3,450,18,1079,7,7603,21,8682,California
Inyo,2021-05-23,2,15860,1,5795,0,9614,1,451,0,1078,2,7605,1,8683,California
Inyo,2021-05-24,33,15893,6,5801,24,9638,3,454,13,1074,20,7625,16,8699,California
Inyo,2021-05-25,82,15975,39,5840,41,9679,2,456,47,1088,35,7660,49,8748,California
Inyo,2021-05-26,44,16019,16,5856,26,9705,2,458,21,1089,22,7682,23,8771,California
Inyo,2021-05-27,39,16058,10,5866,21,9726,8,466,12,1083,26,7708,20,8791,California
Inyo,2021-05-28,26,16084,6,5872,15,9741,5,471,8,1078,18,7726,13,8804,California
Inyo,2021-05-29,16,16100,5,5877,11,9752,0,471,7,1076,9,7735,7,8811,California
Inyo,2021-05-30,2,16102,0,5877,2,9754,0,471,0,1074,2,7737,0,8811,California
Inyo,2021-06-01,54,16156,16,5893,32,9786,6,477,23,1072,31,7768,29,8840,California
Inyo,2021-06-02,11,16167,9,5902,1,9787,1,478,9,1080,2,7770,10,8850,California
Inyo,2021-06-03,25,16192,0,5902,18,9805,7,485,1,1064,24,7794,8,8858,California
Inyo,2021-06-04,32,16224,6,5908,22,9827,4,489,12,1060,20,7814,16,8874,California
Inyo,2021-06-05,17,16241,8,5916,8,9835,1,490,4,1052,13,7827,5,8879,California
Inyo,2021-06-07,51,16292,15,5931,33,9868,3,493,5,1014,46,7873,8,8887,California
Inyo,2021-06-08,51,16343,23,5954,25,9893,3,496,24,1014,27,7900,27,8914,California
Inyo,2021-06-09,111,16454,95,6049,14,9907,2,498,14,933,97,7997,16,8930,California
Inyo,2021-06-10,52,16506,38,6087,9,9916,5,503,14,914,38,8035,19,8949,California
Inyo,2021-06-11,43,16549,23,6110,18,9934,2,505,17,907,26,8061,19,8968,California
Inyo,2021-06-12,15,16564,8,6118,6,9940,1,506,5,903,10,8071,6,8974,California
Inyo,2021-06-13,1,16565,0,6118,1,9941,0,506,0,902,1,8072,0,8974,California
Inyo,2021-06-14,58,16623,27,6145,28,9969,3,509,8,863,50,8122,11,8985,California
Inyo,2021-06-15,52,16675,39,6184,9,9978,4,513,9,833,43,8165,13,8998,California
Inyo,2021-06-16,33,16708,20,6204,13,9991,0,513,7,814,26,8191,7,9005,California
Inyo,2021-06-17,23,16731,13,6217,6,9997,4,517,5,806,17,8208,9,9014,California
Inyo,2021-06-18,14,16745,5,6222,6,10003,3,520,2,799,12,8220,5,9019,California
Inyo,2021-06-19,21,16766,7,6229,13,10016,1,521,7,794,13,8233,8,9027,California
Inyo,2021-06-21,29,16795,8,6237,18,10034,3,524,13,794,16,8249,16,9043,California
Inyo,2021-06-22,51,16846,42,6279,7,10041,2,526,24,793,27,8276,26,9069,California
Inyo,2021-06-23,14,16860,6,6285,7,10048,1,527,1,782,13,8289,2,9071,California
Inyo,2021-06-24,6,16866,2,6287,3,10051,1,528,3,783,3,8292,4,9075,California
Inyo,2021-06-25,26,16892,10,6297,13,10064,3,531,12,784,14,8306,15,9090,California
Inyo,2021-06-26,12,16904,6,6303,4,10068,2,533,4,782,8,8314,6,9096,California
Inyo,2021-06-28,13,16917,11,6314,2,10070,0,533,8,785,5,8319,8,9104,California
Inyo,2021-06-29,34,16951,29,6343,5,10075,0,533,14,779,20,8339,14,9118,California
Inyo,2021-06-30,21,16972,17,6360,4,10079,0,533,7,772,14,8353,7,9125,California
Inyo,2021-07-01,13,16985,9,6369,4,10083,0,533,8,775,5,8358,8,9133,California
Inyo,2021-07-02,21,17006,9,6378,12,10095,0,533,13,780,8,8366,13,9146,California
Inyo,2021-07-03,6,17012,6,6384,0,10095,0,533,5,784,1,8367,5,9151,California
Inyo,2021-07-05,4,17016,2,6386,2,10097,0,533,0,780,4,8371,0,9151,California
Inyo,2021-07-06,24,17040,14,6400,10,10107,0,533,16,788,8,8379,16,9167,California
Inyo,2021-07-07,17,17057,8,6408,7,10114,2,535,3,779,14,8393,5,9172,California
Inyo,2021-07-08,9,17066,7,6415,2,10116,0,535,8,786,1,8394,8,9180,California
Inyo,2021-07-09,5,17071,5,6420,0,10116,0,535,4,789,1,8395,4,9184,California
Kern,2020-12-15,1,1,1,1,0,0,0,0,1,1,0,0,1,1,California
Kern,2020-12-16,19,20,19,20,0,0,0,0,19,20,0,0,19,20,California
Kern,2020-12-17,164,184,164,184,0,0,0,0,164,184,0,0,164,184,California
Kern,2020-12-18,327,511,327,511,0,0,0,0,327,511,0,0,327,511,California
Kern,2020-12-19,99,610,99,610,0,0,0,0,100,611,0,0,100,611,California
Kern,2020-12-20,62,672,62,672,0,0,0,0,62,673,0,0,62,673,California
Kern,2020-12-21,672,1344,671,1343,1,1,0,0,672,1345,0,0,672,1345,California
Kern,2020-12-22,533,1877,530,1873,3,4,0,0,533,1878,0,0,533,1878,California
Kern,2020-12-23,558,2435,420,2293,138,142,0,0,558,2436,0,0,558,2436,California
Kern,2020-12-24,123,2558,44,2337,79,221,0,0,123,2559,0,0,123,2559,California
Kern,2020-12-25,1,2559,1,2338,0,221,0,0,1,2560,0,0,1,2560,California
Kern,2020-12-26,35,2594,2,2340,33,254,0,0,35,2595,0,0,35,2595,California
Kern,2020-12-27,35,2629,3,2343,32,286,0,0,35,2630,0,0,35,2630,California
Kern,2020-12-28,831,3460,666,3009,165,451,0,0,831,3461,0,0,831,3461,California
Kern,2020-12-29,745,4205,451,3460,294,745,0,0,744,4204,1,1,744,4205,California
Kern,2020-12-30,1207,5412,915,4375,292,1037,0,0,1207,5411,0,1,1207,5412,California
Kern,2020-12-31,276,5688,99,4474,177,1214,0,0,276,5687,0,1,276,5688,California
Kern,2021-01-01,20,5708,10,4484,10,1224,0,0,20,5707,0,1,20,5708,California
Kern,2021-01-02,79,5787,18,4502,61,1285,0,0,79,5786,0,1,79,5787,California
Kern,2021-01-03,23,5810,4,4506,19,1304,0,0,23,5809,0,1,23,5810,California
Kern,2021-01-04,554,6364,362,4868,192,1496,0,0,554,6363,0,1,554,6364,California
Kern,2021-01-05,1135,7499,739,5607,396,1892,0,0,1123,7474,12,13,1123,7487,California
Kern,2021-01-06,1168,8667,451,6058,717,2609,0,0,1137,8580,31,44,1137,8624,California
Kern,2021-01-07,1414,10081,491,6549,923,3532,0,0,1244,9655,169,213,1244,9868,California
Kern,2021-01-08,1633,11714,774,7323,859,4391,0,0,1331,10684,303,516,1332,11200,California
Kern,2021-01-09,229,11943,79,7402,150,4541,0,0,193,10841,36,552,193,11393,California
Kern,2021-01-10,195,12138,149,7551,46,4587,0,0,154,10954,41,593,154,11547,California
Kern,2021-01-11,1560,13698,986,8537,574,5161,0,0,1003,11400,557,1150,1003,12550,California
Kern,2021-01-12,1879,15577,818,9355,1061,6222,0,0,1361,12244,518,1668,1362,13912,California
Kern,2021-01-13,1862,17439,879,10234,983,7205,0,0,1438,13258,424,2092,1438,15350,California
Kern,2021-01-14,2204,19643,655,10889,1549,8754,0,0,2158,15370,46,2138,2158,17508,California
Kern,2021-01-15,2729,22372,863,11752,1866,10620,0,0,2633,17909,95,2233,2634,20142,California
Kern,2021-01-16,675,23047,214,11966,461,11081,0,0,640,18514,35,2268,640,20782,California
Kern,2021-01-17,76,23123,8,11974,68,11149,0,0,74,18586,2,2270,74,20856,California
Kern,2021-01-18,1647,24770,658,12632,989,12138,0,0,1481,19901,166,2436,1481,22337,California
Kern,2021-01-19,1871,26641,1034,13666,837,12975,0,0,1403,20837,468,2904,1404,23741,California
Kern,2021-01-20,2739,29380,1793,15459,946,13921,0,0,1956,22017,778,3682,1958,25699,California
Kern,2021-01-21,2141,31521,874,16333,1267,15188,0,0,1943,23763,197,3879,1943,27642,California
Kern,2021-01-22,2737,34258,1316,17649,1421,16609,0,0,2454,25935,282,4161,2454,30096,California
Kern,2021-01-23,1259,35517,544,18193,715,17324,0,0,1209,27094,50,4211,1209,31305,California
Kern,2021-01-24,155,35672,12,18205,143,17467,0,0,149,27237,6,4217,149,31454,California
Kern,2021-01-25,2381,38053,1084,19289,1297,18764,0,0,1895,28649,484,4701,1896,33350,California
Kern,2021-01-26,2789,40842,1132,20421,1657,20421,0,0,1927,29715,861,5562,1927,35277,California
Kern,2021-01-27,3561,44403,1894,22315,1667,22088,0,0,2861,31879,697,6259,2861,38138,California
Kern,2021-01-28,2898,47301,1362,23677,1536,23624,0,0,2464,33917,429,6688,2467,40605,California
Kern,2021-01-29,3794,51095,1801,25478,1993,25617,0,0,3244,36614,547,7235,3244,43849,California
Kern,2021-01-30,1334,52429,500,25978,834,26451,0,0,1281,37844,51,7286,1281,45130,California
Kern,2021-01-31,400,52829,273,26251,127,26578,0,0,265,37974,135,7421,265,45395,California
Kern,2021-02-01,2582,55411,972,27223,1610,28188,0,0,1867,39131,712,8133,1869,47264,California
Kern,2021-02-02,2766,58177,805,28028,1961,30149,0,0,2056,40478,710,8843,2057,49321,California
Kern,2021-02-03,3696,61873,1552,29580,2144,32293,0,0,2710,42209,979,9822,2710,52031,California
Kern,2021-02-04,3828,65701,1451,31031,2377,34670,0,0,2587,43566,1230,11052,2587,54618,California
Kern,2021-02-05,4877,70578,1989,33020,2888,37558,0,0,3104,44916,1754,12806,3104,57722,California
Kern,2021-02-06,1751,72329,770,33790,981,38539,0,0,1516,46201,231,13037,1516,59238,California
Kern,2021-02-07,285,72614,152,33942,133,38672,0,0,266,46450,17,13054,266,59504,California
Kern,2021-02-08,2572,75186,789,34731,1783,40455,0,0,1258,46413,1296,14350,1259,60763,California
Kern,2021-02-09,3046,78232,978,35709,2068,42523,0,0,1468,46314,1567,15917,1468,62231,California
Kern,2021-02-10,3837,82069,1675,37384,2162,44685,0,0,1873,46241,1946,17863,1873,64104,California
Kern,2021-02-11,4296,86365,1541,38925,2755,47440,0,0,2231,46423,2052,19915,2234,66338,California
Kern,2021-02-12,5010,91375,1910,40835,3100,50540,0,0,2488,46404,2507,22422,2488,68826,California
Kern,2021-02-13,2020,93395,736,41571,1284,51824,0,0,1164,46715,853,23275,1164,69990,California
Kern,2021-02-14,354,93749,12,41583,342,52166,0,0,272,46906,81,23356,272,70262,California
Kern,2021-02-15,2770,96519,908,42491,1862,54028,0,0,1223,46591,1538,24894,1223,71485,California
Kern,2021-02-16,2967,99486,721,43212,2246,56274,0,0,1662,46958,1296,26190,1663,73148,California
Kern,2021-02-17,4119,103605,2100,45312,2019,58293,0,0,1941,46728,2172,28362,1942,75090,California
Kern,2021-02-18,3808,107413,1509,46821,2299,60592,0,0,1632,46196,2164,30526,1632,76722,California
Kern,2021-02-19,4248,111661,1936,48757,2312,62904,0,0,1763,45481,2478,33004,1763,78485,California
Kern,2021-02-20,2634,114295,984,49741,1650,64554,0,0,1373,45598,1256,34260,1373,79858,California
Kern,2021-02-21,278,114573,169,49910,109,64663,0,0,92,45507,184,34444,93,79951,California
Kern,2021-02-22,2796,117369,1228,51138,1568,66231,0,0,1499,45719,1287,35731,1499,81450,California
Kern,2021-02-23,3676,121045,1178,52316,2498,68729,0,0,2025,46096,1649,37380,2026,83476,California
Kern,2021-02-24,5386,126431,2376,54692,3010,71739,0,0,3190,47100,2186,39566,3190,86666,California
Kern,2021-02-25,5519,131950,2540,57232,2979,74718,0,0,3268,48140,2228,41794,3268,89934,California
Kern,2021-02-26,7069,139019,3612,60844,3457,78175,0,0,4462,50003,2601,44395,4464,94398,California
Kern,2021-02-27,4018,143037,1998,62842,2020,80195,0,0,2642,51279,1366,45761,2642,97040,California
Kern,2021-02-28,918,143955,504,63346,413,80608,1,1,695,51755,220,45981,696,97736,California
Kern,2021-03-01,4021,147976,1827,65173,2190,82798,4,5,2703,53155,1307,47288,2707,100443,California
Kern,2021-03-02,4549,152525,1420,66593,3125,85923,4,9,2994,54607,1543,48831,2995,103438,California
Kern,2021-03-03,6019,158544,2853,69446,3164,89087,2,11,3893,56391,2110,50941,3894,107332,California
Kern,2021-03-04,5712,164256,2283,71729,3424,92511,5,16,3701,58101,1994,52935,3704,111036,California
Kern,2021-03-05,6735,170991,2883,74612,3833,96344,19,35,4208,59812,2516,55451,4227,115263,California
Kern,2021-03-06,4776,175767,1927,76539,2738,99082,111,146,3482,62118,1287,56738,3593,118856,California
Kern,2021-03-07,2088,177855,1592,78131,425,99507,71,217,1873,63849,213,56951,1944,120800,California
Kern,2021-03-08,2922,180777,926,79057,1765,101272,231,448,1529,64217,1390,58341,1758,122558,California
Kern,2021-03-09,3750,184527,814,79871,2546,103818,390,838,2339,65538,1403,59744,2724,125282,California
Kern,2021-03-10,6173,190700,2570,82441,2523,106341,1080,1918,3609,67677,2548,62292,4687,129969,California
Kern,2021-03-11,6346,197046,2445,84886,2872,109213,1029,2947,3772,69910,2563,64855,4796,134765,California
Kern,2021-03-12,7871,204917,3085,87971,3432,112645,1354,4301,4331,72054,3528,68383,5672,140437,California
Kern,2021-03-13,4686,209603,2535,90506,1813,114458,338,4639,3257,74221,1422,69805,3589,144026,California
Kern,2021-03-14,2318,211921,1534,92040,537,114995,247,4886,1790,75726,527,70332,2032,146058,California
Kern,2021-03-15,4287,216208,1111,93151,2461,117456,715,5601,2180,76519,2094,72426,2887,148945,California
Kern,2021-03-16,4443,220651,1017,94168,2889,120345,537,6138,2413,77443,2019,74445,2943,151888,California
Kern,2021-03-17,7476,228127,4087,98255,2835,123180,554,6692,4453,79438,3011,77456,5006,156894,California
Kern,2021-03-18,7330,235457,3718,101973,3022,126202,590,7282,4405,81526,2903,80359,4991,161885,California
Kern,2021-03-19,9148,244605,5017,106990,3363,129565,768,8050,4675,82511,4451,84810,5436,167321,California
Kern,2021-03-20,6272,250877,3834,110824,2253,131818,185,8235,3953,84343,2307,87117,4139,171460,California
Kern,2021-03-21,3093,253970,1961,112785,246,132064,886,9121,1883,85907,1203,88320,2767,174227,California
Kern,2021-03-22,3997,257967,1570,114355,2070,134134,357,9478,1918,86121,2061,90381,2275,176502,California
Kern,2021-03-23,4756,262723,1681,116036,2874,137008,201,9679,2465,86523,2261,92642,2663,179165,California
Kern,2021-03-24,7202,269925,3686,119722,3039,140047,477,10156,3635,87085,3547,96189,4109,183274,California
Kern,2021-03-25,6804,276729,3013,122735,3456,143503,335,10491,3207,87047,3577,99766,3539,186813,California
Kern,2021-03-26,9899,286628,4431,127166,4208,147711,1260,11751,4684,87796,5194,104960,5943,192756,California
Kern,2021-03-27,5718,292346,3996,131162,1594,149305,128,11879,3446,89100,2269,107229,3573,196329,California
Kern,2021-03-28,4691,297037,4198,135360,479,149784,14,11893,2956,90337,1733,108962,2970,199299,California
Kern,2021-03-29,4260,301297,1681,137041,2301,152085,278,12171,2609,91584,1637,110599,2884,202183,California
Kern,2021-03-30,5610,306907,1877,138918,3345,155430,388,12559,3040,92443,2565,113164,3424,205607,California
Kern,2021-03-31,8463,315370,4576,143494,3230,158660,657,13216,4317,93289,4127,117291,4973,210580,California
Kern,2021-04-01,7937,323307,3886,147380,3739,162399,312,13528,4231,94151,3676,120967,4538,215118,California
Kern,2021-04-02,8472,331779,4461,151841,3400,165799,611,14139,4220,94741,4231,125198,4821,219939,California
Kern,2021-04-03,6006,337785,3674,155515,2149,167948,183,14322,2658,94241,3338,128536,2838,222777,California
Kern,2021-04-04,1341,339126,873,156388,383,168331,85,14407,472,93930,866,129402,555,223332,California
Kern,2021-04-05,5391,344517,2224,158612,2387,170718,780,15187,2903,95108,2474,131876,3652,226984,California
Kern,2021-04-06,7146,351663,2480,161092,3285,174003,1381,16568,3569,96501,3551,135427,4944,231928,California
Kern,2021-04-07,9404,361067,5483,166575,2957,176960,964,17532,4573,97225,4811,140238,5535,237463,California
Kern,2021-04-08,8682,369749,4807,171382,2959,179919,916,18448,3732,96938,4922,145160,4635,242098,California
Kern,2021-04-09,10298,380047,5152,176534,4149,184068,997,19445,4361,96383,5907,151067,5352,247450,California
Kern,2021-04-10,6605,386652,3465,179999,1891,185959,1249,20694,2141,95316,4452,155519,3385,250835,California
Kern,2021-04-11,3989,390641,2922,182921,372,186331,695,21389,1278,94584,2697,158216,1965,252800,California
Kern,2021-04-12,4426,395067,994,183915,2457,188788,975,22364,1586,94328,2815,161031,2559,255359,California
Kern,2021-04-13,4323,399390,1428,185343,2869,191657,26,22390,2134,94313,2174,163205,2159,257518,California
Kern,2021-04-14,6120,405510,3012,188355,3086,194743,22,22412,3017,94266,3085,166290,3038,260556,California
Kern,2021-04-15,5321,410831,2497,190852,2821,197564,3,22415,2519,94003,2785,169075,2522,263078,California
Kern,2021-04-16,7328,418159,3478,194330,3849,201413,1,22416,2996,92700,4303,173378,3000,266078,California
Kern,2021-04-17,6017,424176,3948,198278,2069,203482,0,22416,2111,90926,3887,177265,2113,268191,California
Kern,2021-04-18,3900,428076,3654,201932,246,203728,0,22416,942,88920,2948,180213,942,269133,California
Kern,2021-04-19,3872,431948,1750,203682,2120,205848,2,22418,1445,87960,2405,182618,1445,270578,California
Kern,2021-04-20,4489,436437,1667,205349,2820,208668,2,22420,1722,86939,2744,185362,1723,272301,California
Kern,2021-04-21,6031,442468,3267,208616,2759,211427,5,22425,2211,85363,3790,189152,2214,274515,California
Kern,2021-04-22,4889,447357,2394,211010,2495,213922,0,22425,1742,83985,3121,192273,1743,276258,California
Kern,2021-04-23,6230,453587,3092,214102,3137,217059,1,22426,1951,81702,4238,196511,1955,278213,California
Kern,2021-04-24,4024,457611,2808,216910,1205,218264,11,22437,1446,80603,2557,199068,1458,279671,California
Kern,2021-04-25,1405,459016,1118,218028,287,218551,0,22437,828,80860,571,199639,828,280499,California
Kern,2021-04-26,3907,462923,1870,219898,1986,220537,51,22488,1081,79177,2817,202456,1134,281633,California
Kern,2021-04-27,4836,467759,2366,222264,2362,222899,108,22596,1495,77451,3326,205782,1600,283233,California
Kern,2021-04-28,6427,474186,3829,226093,2475,225374,123,22719,1873,74912,4533,210315,1994,285227,California
Kern,2021-04-29,5628,479814,3168,229261,2361,227735,99,22818,1690,72787,3915,214230,1790,287017,California
Kern,2021-04-30,5714,485528,3228,232489,2327,230062,159,22977,1683,70613,4015,218245,1841,288858,California
Kern,2021-05-01,2728,488256,1933,234422,736,230798,59,23036,1088,70133,1626,219871,1146,290004,California
Kern,2021-05-02,1893,490149,1603,236025,268,231066,22,23058,691,69651,1195,221066,713,290717,California
Kern,2021-05-03,2560,492709,1033,237058,1393,232459,134,23192,790,68822,1754,222820,925,291642,California
Kern,2021-05-04,3746,496455,1357,238415,2280,234739,109,23301,1318,67835,2412,225232,1425,293067,California
Kern,2021-05-05,4234,500689,2201,240616,1881,236620,152,23453,1406,66582,2809,228041,1556,294623,California
Kern,2021-05-06,3663,504352,1685,242301,1833,238453,145,23598,1149,65384,2488,230529,1290,295913,California
Kern,2021-05-07,4648,509000,2332,244633,2140,240593,176,23774,1307,63558,3308,233837,1482,297395,California
Kern,2021-05-08,2942,511942,1852,246485,974,241567,116,23890,914,62572,2014,235851,1028,298423,California
Kern,2021-05-09,1355,513297,1181,247666,145,241712,29,23919,442,62139,904,236755,471,298894,California
Kern,2021-05-10,2320,515617,914,248580,1302,243014,104,24023,684,61309,1616,238371,786,299680,California
Kern,2021-05-11,2741,518358,988,249568,1627,244641,126,24149,992,60692,1736,240107,1119,300799,California
Kern,2021-05-12,3669,522027,1479,251047,2039,246680,151,24300,1151,59490,2502,242609,1300,302099,California
Kern,2021-05-13,3545,525572,1866,252913,1525,248205,154,24454,1646,59401,1885,244494,1796,303895,California
Kern,2021-05-14,4340,529912,2577,255490,1540,249745,223,24677,1995,59293,2325,246819,2217,306112,California
Kern,2021-05-15,2944,532856,1919,257409,937,250682,88,24765,1565,59582,1363,248182,1652,307764,California
Kern,2021-05-16,1616,534472,1386,258795,190,250872,40,24805,936,59884,674,248856,976,308740,California
Kern,2021-05-17,2340,536812,1011,259806,1182,252054,147,24952,1180,60064,1146,250002,1326,310066,California
Kern,2021-05-18,3232,540044,1499,261305,1601,253655,132,25084,1629,60232,1590,251592,1758,311824,California
Kern,2021-05-19,3844,543888,2395,263700,1320,254975,129,25213,1786,60100,2044,253636,1912,313736,California
Kern,2021-05-20,3127,547015,1698,265398,1285,256260,144,25357,1403,59944,1701,255337,1545,315281,California
Kern,2021-05-21,3654,550669,2210,267608,1309,257569,135,25492,1814,60079,1814,257151,1949,317230,California
Kern,2021-05-22,2961,553630,2304,269912,608,258177,49,25541,1400,59977,1548,258699,1446,318676,California
Kern,2021-05-23,1307,554937,1110,271022,171,258348,26,25567,687,60077,612,259311,712,319388,California
Kern,2021-05-24,1906,556843,821,271843,970,259318,115,25682,897,60086,1002,260313,1011,320399,California
Kern,2021-05-25,2406,559249,1115,272958,1202,260520,89,25771,1110,60002,1282,261595,1198,321597,California
Kern,2021-05-26,2794,562043,1616,274574,1076,261596,102,25873,1197,59718,1581,263176,1297,322894,California
Kern,2021-05-27,2418,564461,1246,275820,1068,262664,104,25977,1267,59957,1130,264306,1369,324263,California
Kern,2021-05-28,2729,567190,1385,277205,1233,263897,111,26088,1261,59874,1453,265759,1370,325633,California
Kern,2021-05-29,1910,569100,1264,278469,597,264494,49,26137,935,59896,962,266721,984,326617,California
Kern,2021-05-30,866,569966,708,279177,139,264633,19,26156,436,59928,422,267143,454,327071,California
Kern,2021-05-31,148,570114,49,279226,88,264721,11,26167,56,59905,89,267232,66,327137,California
Kern,2021-06-01,2290,572404,952,280178,1267,265988,71,26238,966,59634,1307,268539,1036,328173,California
Kern,2021-06-02,2251,574655,1303,281481,842,266830,106,26344,942,59385,1297,269836,1048,329221,California
Kern,2021-06-03,2379,577034,1338,282819,885,267715,156,26500,862,58897,1505,271341,1017,330238,California
Kern,2021-06-04,2970,580004,1928,284747,930,268645,112,26612,870,57804,2074,273415,981,331219,California
Kern,2021-06-05,2536,582540,2047,286794,455,269100,34,26646,793,56898,1733,275148,827,332046,California
Kern,2021-06-06,1236,583776,1131,287925,82,269182,23,26669,411,56512,820,275968,434,332480,California
Kern,2021-06-07,1824,585600,1134,289059,593,269775,97,26766,686,56169,1124,277092,781,333261,California
Kern,2021-06-08,2126,587726,1238,290297,816,270591,72,26838,647,55426,1461,278553,718,333979,California
Kern,2021-06-09,2630,590356,1845,292142,696,271287,89,26927,823,54542,1795,280348,911,334890,California
Kern,2021-06-10,2243,592599,1386,293528,756,272043,101,27028,786,53983,1444,281792,885,335775,California
Kern,2021-06-11,2858,595457,1915,295443,851,272894,92,27120,1073,53378,1771,283563,1166,336941,California
Kern,2021-06-12,1787,597244,1327,296770,410,273304,50,27170,530,52705,1253,284816,580,337521,California
Kern,2021-06-13,934,598178,817,297587,110,273414,7,27177,271,52323,661,285477,279,337800,California
Kern,2021-06-14,1860,600038,1133,298720,630,274044,97,27274,643,51854,1207,286684,738,338538,California
Kern,2021-06-15,2120,602158,1186,299906,856,274900,78,27352,820,51459,1293,287977,898,339436,California
Kern,2021-06-16,2087,604245,1376,301282,634,275534,77,27429,823,51110,1248,289225,899,340335,California
Kern,2021-06-17,1894,606139,1185,302467,594,276128,115,27544,909,51160,975,290200,1025,341360,California
Kern,2021-06-18,2225,608364,1396,303863,709,276837,120,27664,952,50976,1255,291455,1071,342431,California
Kern,2021-06-19,1239,609603,890,304753,314,277151,35,27699,527,50836,701,292156,561,342992,California
Kern,2021-06-20,732,610335,610,305363,102,277253,20,27719,285,50694,447,292603,305,343297,California
Kern,2021-06-21,1245,611580,667,306030,500,277753,78,27797,670,50873,567,293170,746,344043,California
Kern,2021-06-22,1655,613235,880,306910,698,278451,77,27874,673,50652,971,294141,750,344793,California
Kern,2021-06-23,1726,614961,1103,308013,545,278996,78,27952,766,50553,941,295082,842,345635,California
Kern,2021-06-24,1593,616554,983,308996,521,279517,89,28041,680,50415,906,295988,768,346403,California
Kern,2021-06-25,1808,618362,1131,310127,585,280102,92,28133,853,50415,943,296931,943,347346,California
Kern,2021-06-26,1326,619688,989,311116,305,280407,32,28165,569,50263,752,297683,600,347946,California
Kern,2021-06-27,610,620298,515,311631,81,280488,14,28179,264,50199,342,298025,278,348224,California
Kern,2021-06-28,1149,621447,763,312394,298,280786,88,28267,506,50161,630,298655,592,348816,California
Kern,2021-06-29,1398,622845,715,313109,593,281379,90,28357,609,50080,778,299433,697,349513,California
Kern,2021-06-30,1586,624431,1065,314174,439,281818,82,28439,812,50205,770,300203,895,350408,California
Kern,2021-07-01,1383,625814,880,315054,439,282257,64,28503,632,50154,747,300950,696,351104,California
Kern,2021-07-02,1743,627557,1165,316219,506,282763,72,28575,796,50088,931,301881,865,351969,California
Kern,2021-07-03,994,628551,696,316915,258,283021,40,28615,487,50113,502,302383,527,352496,California
Kern,2021-07-04,132,628683,98,317013,34,283055,0,28615,63,50108,68,302451,63,352559,California
Kern,2021-07-05,653,629336,398,317411,230,283285,25,28640,294,50072,355,302806,319,352878,California
Kern,2021-07-06,1503,630839,868,318279,553,283838,82,28722,648,49956,846,303652,730,353608,California
Kern,2021-07-07,1417,632256,939,319218,413,284251,65,28787,603,49816,806,304458,666,354274,California
Kern,2021-07-08,1417,633673,929,320147,421,284672,67,28854,550,49571,862,305320,617,354891,California
Kern,2021-07-09,1075,634748,711,320858,312,284984,52,28906,497,49547,572,305892,548,355439,California
Kings,2020-12-16,1,1,1,1,0,0,0,0,1,1,0,0,1,1,California
Kings,2020-12-17,8,9,8,9,0,0,0,0,8,9,0,0,8,9,California
Kings,2020-12-18,12,21,12,21,0,0,0,0,12,21,0,0,12,21,California
Kings,2020-12-19,12,33,12,33,0,0,0,0,12,33,0,0,12,33,California
Kings,2020-12-20,13,46,13,46,0,0,0,0,13,46,0,0,13,46,California
Kings,2020-12-21,157,203,157,203,0,0,0,0,268,314,0,0,268,314,California
Kings,2020-12-22,139,342,139,342,0,0,0,0,136,450,0,0,136,450,California
Kings,2020-12-23,136,478,122,464,14,14,0,0,137,587,0,0,137,587,California
Kings,2020-12-24,11,489,9,473,2,16,0,0,11,598,0,0,11,598,California
Kings,2020-12-26,7,496,4,477,3,19,0,0,7,605,0,0,7,605,California
Kings,2020-12-27,4,500,4,481,0,19,0,0,4,609,0,0,4,609,California
Kings,2020-12-28,131,631,103,584,28,47,0,0,132,741,0,0,132,741,California
Kings,2020-12-29,83,714,55,639,28,75,0,0,84,825,0,0,84,825,California
Kings,2020-12-30,150,864,109,748,41,116,0,0,150,975,0,0,150,975,California
Kings,2020-12-31,45,909,6,754,39,155,0,0,45,1020,0,0,45,1020,California
Kings,2021-01-01,1,910,0,754,1,156,0,0,1,1021,0,0,1,1021,California
Kings,2021-01-02,11,921,9,763,2,158,0,0,11,1032,0,0,11,1032,California
Kings,2021-01-03,1,922,1,764,0,158,0,0,1,1033,0,0,1,1033,California
Kings,2021-01-04,112,1034,41,805,71,229,0,0,112,1145,0,0,112,1145,California
Kings,2021-01-05,195,1229,39,844,156,385,0,0,195,1340,0,0,195,1340,California
Kings,2021-01-06,278,1507,179,1023,99,484,0,0,275,1612,3,3,275,1615,California
Kings,2021-01-07,181,1688,82,1105,99,583,0,0,173,1777,8,11,173,1788,California
Kings,2021-01-08,250,1938,55,1160,195,778,0,0,230,1987,20,31,230,2018,California
Kings,2021-01-09,63,2001,9,1169,54,832,0,0,55,2034,8,39,55,2073,California
Kings,2021-01-10,15,2016,3,1172,12,844,0,0,12,2043,3,42,12,2085,California
Kings,2021-01-11,517,2533,353,1525,164,1008,0,0,276,2079,241,283,277,2362,California
Kings,2021-01-12,347,2880,251,1776,96,1104,0,0,216,2167,128,411,216,2578,California
Kings,2021-01-13,422,3302,275,2051,147,1251,0,0,331,2407,91,502,331,2909,California
Kings,2021-01-14,209,3511,29,2080,180,1431,0,0,199,2586,21,523,200,3109,California
Kings,2021-01-15,418,3929,30,2110,388,1819,0,0,406,2980,12,535,406,3515,California
Kings,2021-01-16,28,3957,9,2119,19,1838,0,0,27,3006,1,536,27,3542,California
Kings,2021-01-17,12,3969,9,2128,3,1841,0,0,10,3014,2,538,10,3552,California
Kings,2021-01-18,173,4142,41,2169,132,1973,0,0,147,3135,26,564,147,3699,California
Kings,2021-01-19,380,4522,160,2329,220,2193,0,0,252,3259,128,692,252,3951,California
Kings,2021-01-20,255,4777,162,2491,93,2286,0,0,135,3279,115,807,135,4086,California
Kings,2021-01-21,211,4988,57,2548,154,2440,0,0,194,3454,19,826,194,4280,California
Kings,2021-01-22,106,5094,17,2565,89,2529,0,0,105,3554,5,831,105,4385,California
Kings,2021-01-23,25,5119,13,2578,12,2541,0,0,19,3567,6,837,19,4404,California
Kings,2021-01-24,4,5123,4,2582,0,2541,0,0,2,3567,2,839,2,4406,California
Kings,2021-01-25,155,5278,55,2637,100,2641,0,0,92,3596,63,902,92,4498,California
Kings,2021-01-26,172,5450,52,2689,120,2761,0,0,113,3650,59,961,113,4611,California
Kings,2021-01-27,356,5806,61,2750,295,3056,0,0,252,3799,103,1064,252,4863,California
Kings,2021-01-28,361,6167,74,2824,287,3343,0,0,276,3990,85,1149,276,5139,California
Kings,2021-01-29,114,6281,28,2852,86,3429,0,0,96,4068,18,1167,96,5235,California
Kings,2021-01-30,1568,7849,28,2880,1540,4969,0,0,1564,5630,4,1171,1566,6801,California
Kings,2021-01-31,1,7850,1,2881,0,4969,0,0,1,5631,0,1171,1,6802,California
Kings,2021-02-01,241,8091,87,2968,154,5123,0,0,92,5576,147,1318,92,6894,California
Kings,2021-02-02,341,8432,109,3077,232,5355,0,0,96,5428,244,1562,96,6990,California
Kings,2021-02-03,479,8911,271,3348,208,5563,0,0,236,5422,242,1804,236,7226,California
Kings,2021-02-04,466,9377,131,3479,335,5898,0,0,229,5415,236,2040,229,7455,California
Kings,2021-02-05,338,9715,57,3536,281,6179,0,0,178,5436,157,2197,178,7633,California
Kings,2021-02-06,61,9776,10,3546,51,6230,0,0,28,5431,33,2230,28,7661,California
Kings,2021-02-07,6,9782,4,3550,2,6232,0,0,3,5431,3,2233,3,7664,California
Kings,2021-02-08,175,9957,29,3579,146,6378,0,0,68,5392,107,2340,68,7732,California
Kings,2021-02-09,257,10214,60,3639,197,6575,0,0,113,5363,142,2482,113,7845,California
Kings,2021-02-10,383,10597,113,3752,270,6845,0,0,258,5496,125,2607,258,8103,California
Kings,2021-02-11,530,11127,67,3819,463,7308,0,0,365,5697,164,2771,365,8468,California
Kings,2021-02-12,709,11836,36,3855,673,7981,0,0,352,5693,356,3127,352,8820,California
Kings,2021-02-13,245,12081,6,3861,239,8220,0,0,219,5886,26,3153,219,9039,California
Kings,2021-02-14,104,12185,4,3865,100,8320,0,0,96,5974,8,3161,96,9135,California
Kings,2021-02-15,247,12432,5,3870,242,8562,0,0,137,6002,109,3270,137,9272,California
Kings,2021-02-16,635,13067,34,3904,601,9163,0,0,359,6087,275,3545,360,9632,California
Kings,2021-02-17,441,13508,24,3928,417,9580,0,0,302,6251,139,3684,303,9935,California
Kings,2021-02-18,357,13865,22,3950,335,9915,0,0,215,6325,141,3825,215,10150,California
Kings,2021-02-19,226,14091,24,3974,202,10117,0,0,133,6368,90,3915,133,10283,California
Kings,2021-02-20,173,14264,41,4015,132,10249,0,0,135,6465,38,3953,135,10418,California
Kings,2021-02-21,3,14267,2,4017,1,10250,0,0,3,6468,0,3953,3,10421,California
Kings,2021-02-22,127,14394,21,4038,106,10356,0,0,59,6459,68,4021,59,10480,California
Kings,2021-02-23,439,14833,70,4108,369,10725,0,0,319,6658,120,4141,319,10799,California
Kings,2021-02-24,773,15606,170,4278,603,11328,0,0,537,6959,236,4377,537,11336,California
Kings,2021-02-25,843,16449,134,4412,709,12037,0,0,606,7330,235,4612,606,11942,California
Kings,2021-02-26,996,17445,137,4549,859,12896,0,0,907,8148,89,4701,907,12849,California
Kings,2021-02-27,1537,18982,67,4616,1470,14366,0,0,597,7806,939,5640,597,13446,California
Kings,2021-02-28,1207,20189,598,5214,609,14975,0,0,674,7951,531,6171,676,14122,California
Kings,2021-03-01,296,20485,90,5304,206,15181,0,0,223,8101,73,6244,223,14345,California
Kings,2021-03-02,591,21076,258,5562,333,15514,0,0,517,8546,74,6318,519,14864,California
Kings,2021-03-03,763,21839,327,5889,435,15949,1,1,536,8858,225,6543,537,15401,California
Kings,2021-03-04,849,22688,356,6245,493,16442,0,1,708,9426,141,6684,709,16110,California
Kings,2021-03-05,1196,23884,369,6614,818,17260,9,10,1043,10328,153,6837,1055,17165,California
Kings,2021-03-06,517,24401,187,6801,317,17577,13,23,486,10796,31,6868,499,17664,California
Kings,2021-03-07,428,24829,282,7083,138,17715,8,31,416,11208,12,6880,424,18088,California
Kings,2021-03-08,386,25215,98,7181,233,17948,55,86,266,11409,120,7000,321,18409,California
Kings,2021-03-09,703,25918,403,7584,245,18193,55,141,594,11951,108,7108,650,19059,California
Kings,2021-03-10,847,26765,270,7854,471,18664,106,247,577,12365,268,7376,682,19741,California
Kings,2021-03-11,1233,27998,449,8303,668,19332,116,363,772,12795,459,7835,889,20630,California
Kings,2021-03-12,1532,29530,449,8752,989,20321,94,457,985,13333,543,8378,1081,21711,California
Kings,2021-03-13,682,30212,335,9087,305,20626,42,499,557,13809,125,8503,601,22312,California
Kings,2021-03-14,675,30887,101,9188,185,20811,389,888,200,13923,475,8978,589,22901,California
Kings,2021-03-15,711,31598,267,9455,325,21136,119,1007,469,14273,241,9219,591,23492,California
Kings,2021-03-16,1202,32800,482,9937,658,21794,62,1069,754,14642,448,9667,817,24309,California
Kings,2021-03-17,1144,33944,424,10361,658,22452,62,1131,781,15130,363,10030,851,25160,California
Kings,2021-03-18,1185,35129,474,10835,488,22940,223,1354,750,15672,433,10463,975,26135,California
Kings,2021-03-19,1007,36136,465,11300,451,23391,91,1445,722,16216,284,10747,828,26963,California
Kings,2021-03-20,644,36780,257,11557,355,23746,32,1477,463,16541,178,10925,503,27466,California
Kings,2021-03-21,1424,38204,1091,12648,321,24067,12,1489,864,16857,560,11485,876,28342,California
Kings,2021-03-22,450,38654,199,12847,165,24232,86,1575,265,17028,184,11669,355,28697,California
Kings,2021-03-23,1048,39702,507,13354,477,24709,64,1639,548,17146,498,12167,616,29313,California
Kings,2021-03-24,1097,40799,486,13840,588,25297,23,1662,495,17066,600,12767,520,29833,California
Kings,2021-03-25,1053,41852,471,14311,555,25852,27,1689,441,16923,610,13377,467,30300,California
Kings,2021-03-26,1415,43267,381,14692,944,26796,90,1779,396,16395,1014,14391,486,30786,California
Kings,2021-03-27,644,43911,259,14951,373,27169,12,1791,148,16061,494,14885,160,30946,California
Kings,2021-03-28,674,44585,602,15553,65,27234,7,1798,347,16101,327,15212,367,31313,California
Kings,2021-03-29,472,45057,213,15766,198,27432,61,1859,258,16207,212,15424,318,31631,California
Kings,2021-03-30,967,46024,549,16315,379,27811,39,1898,430,16139,536,15960,468,32099,California
Kings,2021-03-31,937,46961,491,16806,372,28183,74,1972,420,16123,509,16469,493,32592,California
Kings,2021-04-01,931,47892,503,17309,339,28522,89,2061,355,15998,569,17038,444,33036,California
Kings,2021-04-02,1125,49017,455,17764,544,29066,126,2187,395,15794,724,17762,520,33556,California
Kings,2021-04-03,495,49512,349,18113,137,29203,9,2196,172,15659,317,18079,182,33738,California
Kings,2021-04-04,156,49668,82,18195,68,29271,6,2202,41,15592,114,18193,47,33785,California
Kings,2021-04-05,1063,50731,327,18522,481,29752,255,2457,240,15264,822,19015,494,34279,California
Kings,2021-04-06,1273,52004,504,19026,455,30207,314,2771,284,14875,986,20001,597,34876,California
Kings,2021-04-07,1381,53385,656,19682,539,30746,186,2957,334,14351,1044,21045,520,35396,California
Kings,2021-04-08,1632,55017,638,20320,741,31487,253,3210,374,13728,1250,22295,627,36023,California
Kings,2021-04-09,1242,56259,591,20911,470,31957,181,3391,236,13138,1004,23299,414,36437,California
Kings,2021-04-10,595,56854,333,21244,160,32117,102,3493,175,12996,418,23717,276,36713,California
Kings,2021-04-11,355,57209,76,21320,272,32389,7,3500,196,13042,157,23874,203,36916,California
Kings,2021-04-12,710,57919,315,21635,192,32581,203,3703,194,12925,514,24388,397,37313,California
Kings,2021-04-13,918,58837,526,22161,392,32973,0,3703,294,12602,622,25010,299,37612,California
Kings,2021-04-14,1050,59887,580,22741,470,33443,0,3703,378,12309,672,25682,379,37991,California
Kings,2021-04-15,1064,60951,525,23266,538,33981,1,3704,451,12152,609,26291,452,38443,California
Kings,2021-04-16,797,61748,364,23630,433,34414,0,3704,261,11880,534,26825,262,38705,California
Kings,2021-04-17,457,62205,243,23873,214,34628,0,3704,183,11790,273,27098,183,38888,California
Kings,2021-04-18,571,62776,246,24119,325,34953,0,3704,44,11307,527,27625,44,38932,California
Kings,2021-04-19,629,63405,386,24505,243,35196,0,3704,296,11273,330,27955,296,39228,California
Kings,2021-04-20,756,64161,462,24967,294,35490,0,3704,243,11004,512,28467,243,39471,California
Kings,2021-04-21,697,64858,353,25320,344,35834,0,3704,244,10803,445,28912,244,39715,California
Kings,2021-04-22,575,65433,293,25613,282,36116,0,3704,210,10652,362,29274,211,39926,California
Kings,2021-04-23,677,66110,298,25911,379,36495,0,3704,330,10639,343,29617,330,40256,California
Kings,2021-04-24,247,66357,179,26090,67,36562,1,3705,119,10632,127,29744,120,40376,California
Kings,2021-04-25,202,66559,183,26273,19,36581,0,3705,165,10760,37,29781,165,40541,California
Kings,2021-04-26,325,66884,176,26449,146,36727,3,3708,201,10840,124,29905,204,40745,California
Kings,2021-04-27,435,67319,196,26645,220,36947,19,3727,186,10798,247,30152,205,40950,California
Kings,2021-04-28,523,67842,263,26908,240,37187,20,3747,270,10835,253,30405,290,41240,California
Kings,2021-04-29,302,68144,125,27033,165,37352,12,3759,141,10830,158,30563,153,41393,California
Kings,2021-04-30,375,68519,167,27200,191,37543,17,3776,155,10786,216,30779,172,41565,California
Kings,2021-05-01,227,68746,166,27366,51,37594,10,3786,72,10714,154,30933,82,41647,California
Kings,2021-05-02,170,68916,148,27514,22,37616,0,3786,127,10798,43,30976,127,41774,California
Kings,2021-05-03,475,69391,252,27766,210,37826,13,3799,122,10581,352,31328,135,41909,California
Kings,2021-05-04,528,69919,272,28038,236,38062,20,3819,161,10396,366,31694,181,42090,California
Kings,2021-05-05,566,70485,301,28339,245,38307,20,3839,143,10137,422,32116,163,42253,California
Kings,2021-05-06,572,71057,290,28629,258,38565,24,3863,132,9855,438,32554,156,42409,California
Kings,2021-05-07,366,71423,210,28839,142,38707,14,3877,148,9801,216,32770,162,42571,California
Kings,2021-05-08,243,71666,178,29017,53,38760,12,3889,85,9740,157,32927,96,42667,California
Kings,2021-05-09,191,71857,63,29080,128,38888,0,3889,40,9629,151,33078,40,42707,California
Kings,2021-05-10,346,72203,268,29348,68,38956,10,3899,114,9522,230,33308,123,42830,California
Kings,2021-05-11,387,72590,239,29587,119,39075,29,3928,116,9398,270,33578,146,42976,California
Kings,2021-05-12,400,72990,163,29750,223,39298,14,3942,164,9342,234,33812,178,43154,California
Kings,2021-05-13,412,73402,168,29918,236,39534,8,3950,171,9281,240,34052,179,43333,California
Kings,2021-05-14,463,73865,316,30234,116,39650,31,3981,239,9328,223,34275,270,43603,California
Kings,2021-05-15,355,74220,256,30490,82,39732,17,3998,198,9386,157,34432,215,43818,California
Kings,2021-05-16,247,74467,221,30711,25,39757,1,3999,75,9290,172,34604,76,43894,California
Kings,2021-05-17,408,74875,324,31035,67,39824,17,4016,211,9322,196,34800,228,44122,California
Kings,2021-05-18,399,75274,284,31319,102,39926,13,4029,227,9391,172,34972,241,44363,California
Kings,2021-05-19,576,75850,283,31602,271,40197,22,4051,229,9297,345,35317,251,44614,California
Kings,2021-05-20,451,76301,237,31839,187,40384,27,4078,260,9394,191,35508,288,44902,California
Kings,2021-05-21,518,76819,262,32101,245,40629,11,4089,263,9417,251,35759,274,45176,California
Kings,2021-05-22,305,77124,246,32347,47,40676,12,4101,217,9560,86,35845,229,45405,California
Kings,2021-05-23,233,77357,225,32572,8,40684,0,4101,106,9539,127,35972,106,45511,California
Kings,2021-05-24,262,77619,175,32747,72,40756,15,4116,125,9542,137,36109,140,45651,California
Kings,2021-05-25,404,78023,267,33014,104,40860,33,4149,234,9641,168,36277,267,45918,California
Kings,2021-05-26,306,78329,126,33140,163,41023,17,4166,122,9597,183,36460,139,46057,California
Kings,2021-05-27,325,78654,176,33316,131,41154,18,4184,177,9647,145,36605,195,46252,California
Kings,2021-05-28,288,78942,140,33456,130,41284,18,4202,131,9643,153,36758,149,46401,California
Kings,2021-05-29,174,79116,101,33557,62,41346,11,4213,87,9655,86,36844,98,46499,California
Kings,2021-05-30,133,79249,116,33673,15,41361,2,4215,71,9666,62,36906,73,46572,California
Kings,2021-05-31,40,79289,21,33694,16,41377,3,4218,15,9659,25,36931,18,46590,California
Kings,2021-06-01,317,79606,187,33881,114,41491,16,4234,119,9599,194,37125,134,46724,California
Kings,2021-06-02,276,79882,125,34006,144,41635,7,4241,85,9503,188,37313,92,46816,California
Kings,2021-06-03,226,80108,127,34133,88,41723,11,4252,69,9434,149,37462,80,46896,California
Kings,2021-06-04,427,80535,284,34417,129,41852,14,4266,152,9329,271,37733,166,47062,California
Kings,2021-06-05,258,80793,224,34641,27,41879,7,4273,62,9215,183,37916,69,47131,California
Kings,2021-06-06,162,80955,154,34795,3,41882,5,4278,81,9224,77,37993,86,47217,California
Kings,2021-06-07,294,81249,226,35021,54,41936,14,4292,96,9135,198,38191,109,47326,California
Kings,2021-06-08,313,81562,240,35261,53,41989,20,4312,78,9000,233,38424,98,47424,California
Kings,2021-06-09,401,81963,268,35529,124,42113,9,4321,117,8845,281,38705,126,47550,California
Kings,2021-06-10,341,82304,223,35752,105,42218,13,4334,82,8681,259,38964,95,47645,California
Kings,2021-06-11,375,82679,282,36034,90,42308,3,4337,145,8604,225,39189,148,47793,California
Kings,2021-06-12,268,82947,220,36254,44,42352,4,4341,69,8494,183,39372,73,47866,California
Kings,2021-06-13,127,83074,118,36372,8,42360,1,4342,34,8437,92,39464,35,47901,California
Kings,2021-06-14,240,83314,172,36544,46,42406,22,4364,97,8413,143,39607,119,48020,California
Kings,2021-06-15,255,83569,182,36726,62,42468,11,4375,88,8346,166,39773,99,48119,California
Kings,2021-06-16,255,83824,131,36857,116,42584,8,4383,90,8287,158,39931,99,48218,California
Kings,2021-06-17,207,84031,110,36967,87,42671,10,4393,80,8250,127,40058,90,48308,California
Kings,2021-06-18,253,84284,174,37141,70,42741,9,4402,118,8242,135,40193,127,48435,California
Kings,2021-06-19,102,84386,69,37210,28,42769,5,4407,41,8227,61,40254,46,48481,California
Kings,2021-06-20,84,84470,69,37279,9,42778,6,4413,28,8205,56,40310,34,48515,California
Kings,2021-06-21,181,84651,97,37376,53,42831,31,4444,97,8249,84,40394,128,48643,California
Kings,2021-06-22,199,84850,128,37504,63,42894,8,4452,82,8222,117,40511,90,48733,California
Kings,2021-06-23,197,85047,94,37598,88,42982,15,4467,86,8213,110,40621,101,48834,California
Kings,2021-06-24,145,85192,68,37666,72,43054,5,4472,56,8186,88,40709,61,48895,California
Kings,2021-06-25,311,85503,219,37885,83,43137,9,4481,153,8191,157,40866,162,49057,California
Kings,2021-06-26,124,85627,82,37967,38,43175,4,4485,53,8177,71,40937,57,49114,California
Kings,2021-06-27,118,85745,111,38078,6,43181,1,4486,38,8139,77,41014,39,49153,California
Kings,2021-06-28,192,85937,138,38216,37,43218,17,4503,81,8126,111,41125,98,49251,California
Kings,2021-06-29,177,86114,131,38347,36,43254,10,4513,86,8133,89,41214,96,49347,California
Kings,2021-06-30,191,86305,117,38464,66,43320,8,4521,87,8124,104,41318,95,49442,California
Kings,2021-07-01,133,86438,89,38553,37,43357,7,4528,64,8128,67,41385,71,49513,California
Kings,2021-07-02,183,86621,118,38671,56,43413,9,4537,90,8134,93,41478,99,49612,California
Kings,2021-07-03,105,86726,84,38755,20,43433,1,4538,54,8138,51,41529,55,49667,California
Kings,2021-07-04,4,86730,0,38755,4,43437,0,4538,3,8140,1,41530,3,49670,California
Kings,2021-07-05,94,86824,56,38811,26,43463,12,4550,47,8152,47,41577,59,49729,California
Kings,2021-07-06,217,87041,158,38969,48,43511,11,4561,84,8114,133,41710,95,49824,California
Kings,2021-07-07,236,87277,135,39104,89,43600,12,4573,118,8127,117,41827,130,49954,California
Kings,2021-07-08,204,87481,126,39230,70,43670,8,4581,84,8100,119,41946,92,50046,California
Kings,2021-07-09,115,87596,74,39304,38,43708,3,4584,51,8091,63,42009,54,50100,California
Lake,2020-12-17,4,4,4,4,0,0,0,0,4,4,0,0,4,4,California
Lake,2020-12-18,50,54,50,54,0,0,0,0,50,54,0,0,50,54,California
Lake,2020-12-19,3,57,3,57,0,0,0,0,3,57,0,0,3,57,California
Lake,2020-12-20,6,63,6,63,0,0,0,0,6,63,0,0,6,63,California
Lake,2020-12-21,87,150,87,150,0,0,0,0,87,150,0,0,87,150,California
Lake,2020-12-22,63,213,60,210,3,3,0,0,63,213,0,0,63,213,California
Lake,2020-12-23,124,337,115,325,9,12,0,0,124,337,0,0,124,337,California
Lake,2020-12-24,2,339,0,325,2,14,0,0,2,339,0,0,2,339,California
Lake,2020-12-26,2,341,2,327,0,14,0,0,2,341,0,0,2,341,California
Lake,2020-12-27,2,343,2,329,0,14,0,0,2,343,0,0,2,343,California
Lake,2020-12-28,52,395,43,372,9,23,0,0,52,395,0,0,52,395,California
Lake,2020-12-29,52,447,47,419,5,28,0,0,52,447,0,0,52,447,California
Lake,2020-12-30,131,578,122,541,9,37,0,0,131,578,0,0,131,578,California
Lake,2020-12-31,67,645,64,605,3,40,0,0,67,645,0,0,67,645,California
Lake,2021-01-01,4,649,1,606,3,43,0,0,4,649,0,0,4,649,California
Lake,2021-01-02,2,651,1,607,1,44,0,0,2,651,0,0,2,651,California
Lake,2021-01-04,89,740,21,628,68,112,0,0,89,740,0,0,89,740,California
Lake,2021-01-05,120,860,59,687,61,173,0,0,118,856,2,2,118,858,California
Lake,2021-01-06,103,963,64,751,39,212,0,0,101,955,2,4,101,959,California
Lake,2021-01-07,110,1073,86,837,24,236,0,0,101,1047,9,13,101,1060,California
Lake,2021-01-08,155,1228,126,963,29,265,0,0,104,1100,51,64,104,1164,California
Lake,2021-01-09,64,1292,62,1025,2,267,0,0,60,1156,4,68,60,1224,California
Lake,2021-01-10,3,1295,3,1028,0,267,0,0,0,1153,3,71,0,1224,California
Lake,2021-01-11,189,1484,150,1178,39,306,0,0,109,1182,80,151,109,1333,California
Lake,2021-01-12,81,1565,48,1226,33,339,0,0,58,1217,23,174,58,1391,California
Lake,2021-01-13,170,1735,115,1341,55,394,0,0,110,1267,60,234,110,1501,California
Lake,2021-01-14,151,1886,48,1389,103,497,0,0,129,1374,22,256,129,1630,California
Lake,2021-01-15,221,2107,95,1484,126,623,0,0,193,1539,28,284,193,1823,California
Lake,2021-01-16,137,2244,84,1568,53,676,0,0,135,1672,2,286,135,1958,California
Lake,2021-01-17,18,2262,6,1574,12,688,0,0,12,1678,6,292,12,1970,California
Lake,2021-01-18,246,2508,227,1801,19,707,0,0,125,1682,121,413,125,2095,California
Lake,2021-01-19,318,2826,121,1922,197,904,0,0,271,1907,47,460,272,2367,California
Lake,2021-01-20,427,3253,82,2004,345,1249,0,0,362,2205,64,524,362,2729,California
Lake,2021-01-21,441,3694,50,2054,391,1640,0,0,405,2574,36,560,405,3134,California
Lake,2021-01-22,322,4016,47,2101,275,1915,0,0,285,2822,37,597,285,3419,California
Lake,2021-01-23,127,4143,6,2107,121,2036,0,0,126,2947,1,598,126,3545,California
Lake,2021-01-24,5,4148,2,2109,3,2039,0,0,5,2952,0,598,5,3550,California
Lake,2021-01-25,260,4408,97,2206,163,2202,0,0,178,3048,82,680,178,3728,California
Lake,2021-01-26,432,4840,36,2242,396,2598,0,0,408,3432,24,704,408,4136,California
Lake,2021-01-27,364,5204,40,2282,324,2922,0,0,336,3741,28,732,337,4473,California
Lake,2021-01-28,498,5702,162,2444,336,3258,0,0,366,3977,130,862,366,4839,California
Lake,2021-01-29,654,6356,101,2545,553,3811,0,0,579,4481,75,937,579,5418,California
Lake,2021-01-30,557,6913,43,2588,514,4325,0,0,551,5026,6,943,551,5969,California
Lake,2021-01-31,15,6928,9,2597,6,4331,0,0,13,5037,2,945,13,5982,California
Lake,2021-02-01,182,7110,19,2616,163,4494,0,0,167,5189,15,960,167,6149,California
Lake,2021-02-02,567,7677,155,2771,412,4906,0,0,399,5420,168,1128,399,6548,California
Lake,2021-02-03,444,8121,33,2804,411,5317,0,0,340,5656,104,1232,340,6888,California
Lake,2021-02-04,121,8242,70,2874,51,5368,0,0,71,5677,50,1282,71,6959,California
Lake,2021-02-05,381,8623,72,2946,309,5677,0,0,286,5870,93,1375,286,7245,California
Lake,2021-02-06,276,8899,41,2987,235,5912,0,0,264,6122,12,1387,264,7509,California
Lake,2021-02-07,2,8901,1,2988,1,5913,0,0,2,6124,0,1387,2,7511,California
Lake,2021-02-08,278,9179,206,3194,72,5985,0,0,158,6162,120,1507,158,7669,California
Lake,2021-02-09,345,9524,25,3219,320,6305,0,0,299,6416,45,1552,299,7968,California
Lake,2021-02-10,356,9880,54,3273,302,6607,0,0,275,6610,81,1633,275,8243,California
Lake,2021-02-11,181,10061,18,3291,163,6770,0,0,60,6549,121,1754,60,8303,California
Lake,2021-02-12,377,10438,29,3320,348,7118,0,0,287,6747,89,1843,287,8590,California
Lake,2021-02-13,252,10690,8,3328,244,7362,0,0,239,6973,13,1856,239,8829,California
Lake,2021-02-14,22,10712,5,3333,17,7379,0,0,8,6967,14,1870,8,8837,California
Lake,2021-02-15,174,10886,14,3347,160,7539,0,0,9,6812,164,2034,9,8846,California
Lake,2021-02-16,429,11315,23,3370,406,7945,0,0,178,6739,251,2285,178,9024,California
Lake,2021-02-17,354,11669,56,3426,298,8243,0,0,73,6532,280,2565,73,9097,California
Lake,2021-02-18,466,12135,73,3499,393,8636,0,0,117,6301,348,2913,117,9214,California
Lake,2021-02-19,438,12573,29,3528,409,9045,0,0,95,6053,343,3256,95,9309,California
Lake,2021-02-20,299,12872,63,3591,236,9281,0,0,252,6259,46,3302,252,9561,California
Lake,2021-02-21,7,12879,7,3598,0,9281,0,0,0,6252,7,3309,0,9561,California
Lake,2021-02-22,141,13020,22,3620,119,9400,0,0,40,6191,101,3410,40,9601,California
Lake,2021-02-23,227,13247,16,3636,211,9611,0,0,29,6023,197,3607,29,9630,California
Lake,2021-02-24,1026,14273,431,4067,595,10206,0,0,469,5936,556,4163,469,10099,California
Lake,2021-02-25,771,15044,496,4563,275,10481,0,0,502,6172,266,4429,502,10601,California
Lake,2021-02-26,1024,16068,321,4884,703,11184,0,0,362,5876,658,5087,362,10963,California
Lake,2021-02-27,410,16478,98,4982,312,11496,0,0,326,6119,83,5170,326,11289,California
Lake,2021-02-28,21,16499,12,4994,9,11505,0,0,12,6122,9,5179,12,11301,California
Lake,2021-03-01,602,17101,55,5049,547,12052,0,0,449,6418,153,5332,449,11750,California
Lake,2021-03-02,747,17848,18,5067,729,12781,0,0,287,6247,458,5790,287,12037,California
Lake,2021-03-03,369,18217,196,5263,173,12954,0,0,147,6173,221,6011,147,12184,California
Lake,2021-03-04,579,18796,506,5769,73,13027,0,0,563,6720,16,6027,563,12747,California
Lake,2021-03-05,1047,19843,52,5821,995,14022,0,0,188,6053,855,6882,188,12935,California
Lake,2021-03-06,34,19877,9,5830,24,14046,1,1,21,6062,13,6895,22,12957,California
Lake,2021-03-07,9,19886,6,5836,2,14048,1,2,5,6064,4,6899,6,12963,California
Lake,2021-03-08,342,20228,266,6102,66,14114,10,12,299,6331,42,6941,309,13272,California
Lake,2021-03-09,932,21160,44,6146,871,14985,17,29,407,6234,522,7463,425,13697,California
Lake,2021-03-10,204,21364,60,6206,131,15116,13,42,134,6312,70,7533,148,13845,California
Lake,2021-03-11,587,21951,49,6255,65,15181,473,515,47,6290,540,8073,518,14363,California
Lake,2021-03-12,853,22804,202,6457,625,15806,26,541,360,6185,491,8564,386,14749,California
Lake,2021-03-13,283,23087,22,6479,25,15831,236,777,19,6176,263,8827,254,15003,California
Lake,2021-03-14,12,23099,3,6482,9,15840,0,777,8,6180,4,8831,8,15011,California
Lake,2021-03-15,642,23741,12,6494,612,16452,18,795,482,6521,159,8990,500,15511,California
Lake,2021-03-16,1116,24857,836,7330,263,16715,17,812,379,6183,733,9723,395,15906,California
Lake,2021-03-17,251,25108,123,7453,105,16820,23,835,91,6137,160,9883,114,16020,California
Lake,2021-03-18,749,25857,375,7828,337,17157,37,872,356,6139,390,10273,392,16412,California
Lake,2021-03-19,584,26441,317,8145,248,17405,19,891,476,6527,107,10380,495,16907,California
Lake,2021-03-20,248,26689,9,8154,236,17641,3,894,31,6345,216,10596,34,16941,California
Lake,2021-03-21,15,26704,10,8164,4,17645,1,895,10,6351,5,10601,11,16952,California
Lake,2021-03-22,336,27040,256,8420,67,17712,13,908,250,6528,86,10687,263,17215,California
Lake,2021-03-23,429,27469,21,8441,394,18106,14,922,363,6840,65,10752,377,17592,California
Lake,2021-03-24,423,27892,62,8503,353,18459,8,930,324,7076,97,10849,333,17925,California
Lake,2021-03-25,673,28565,482,8985,184,18643,7,937,173,6755,500,11349,179,18104,California
Lake,2021-03-26,69,28634,34,9019,34,18677,1,938,32,6752,36,11385,33,18137,California
Lake,2021-03-27,309,28943,7,9026,299,18976,3,941,17,6482,290,11675,20,18157,California
Lake,2021-03-28,17,28960,8,9034,9,18985,0,941,9,6483,8,11683,9,18166,California
Lake,2021-03-29,995,29955,286,9320,707,19692,2,943,199,5890,794,12477,201,18367,California
Lake,2021-03-30,465,30420,313,9633,149,19841,3,946,365,6159,99,12576,368,18735,California
Lake,2021-03-31,616,31036,60,9693,556,20397,0,946,432,6417,174,12750,432,19167,California
Lake,2021-04-01,448,31484,233,9926,203,20600,12,958,187,6359,257,13007,199,19366,California
Lake,2021-04-02,224,31708,41,9967,155,20755,28,986,97,6357,127,13134,125,19491,California
Lake,2021-04-03,32,31740,6,9973,23,20778,3,989,13,6354,19,13153,16,19507,California
Lake,2021-04-04,21,31761,12,9985,7,20785,2,991,15,6365,6,13159,17,19524,California
Lake,2021-04-05,643,32404,71,10056,552,21337,20,1011,402,6548,238,13397,421,19945,California
Lake,2021-04-06,482,32886,19,10075,437,21774,26,1037,307,6707,174,13571,333,20278,California
Lake,2021-04-07,526,33412,57,10132,416,22190,53,1090,355,6946,169,13740,408,20686,California
Lake,2021-04-08,608,34020,496,10628,46,22236,66,1156,107,6621,498,14238,173,20859,California
Lake,2021-04-09,282,34302,40,10668,173,22409,69,1225,48,6507,230,14468,116,20975,California
Lake,2021-04-10,257,34559,15,10683,16,22425,226,1451,11,6498,246,14714,237,21212,California
Lake,2021-04-11,21,34580,16,10699,3,22428,2,1453,7,6493,14,14728,9,21221,California
Lake,2021-04-12,1081,35661,233,10932,814,23242,34,1487,243,5932,838,15566,277,21498,California
Lake,2021-04-13,181,35842,110,11042,71,23313,0,1487,54,5859,127,15693,54,21552,California
Lake,2021-04-14,619,36461,38,11080,581,23894,0,1487,553,6346,66,15759,553,22105,California
Lake,2021-04-15,647,37108,193,11273,454,24348,0,1487,332,6363,315,16074,332,22437,California
Lake,2021-04-16,269,37377,32,11305,237,24585,0,1487,76,6247,192,16266,76,22513,California
Lake,2021-04-17,42,37419,12,11317,30,24615,0,1487,32,6269,10,16276,32,22545,California
Lake,2021-04-18,9,37428,6,11323,3,24618,0,1487,0,6260,9,16285,0,22545,California
Lake,2021-04-19,298,37726,39,11362,259,24877,0,1487,247,6456,51,16336,247,22792,California
Lake,2021-04-20,693,38419,280,11642,413,25290,0,1487,94,5953,598,16934,95,22887,California
Lake,2021-04-21,531,38950,62,11704,469,25759,0,1487,196,5814,335,17269,196,23083,California
Lake,2021-04-22,471,39421,51,11755,420,26179,0,1487,323,5990,147,17416,323,23406,California
Lake,2021-04-23,122,39543,64,11819,58,26237,0,1487,72,6014,48,17464,72,23478,California
Lake,2021-04-24,55,39598,9,11828,46,26283,0,1487,41,6041,14,17478,41,23519,California
Lake,2021-04-25,37,39635,20,11848,17,26300,0,1487,25,6054,12,17490,25,23544,California
Lake,2021-04-26,295,39930,82,11930,212,26512,1,1488,90,5940,205,17695,91,23635,California
Lake,2021-04-27,249,40179,24,11954,207,26719,18,1506,86,5881,163,17858,104,23739,California
Lake,2021-04-28,509,40688,50,12004,444,27163,15,1521,89,5566,418,18276,103,23842,California
Lake,2021-04-29,214,40902,85,12089,113,27276,16,1537,112,5591,102,18378,127,23969,California
Lake,2021-04-30,289,41191,45,12134,213,27489,31,1568,147,5628,141,18519,178,24147,California
Lake,2021-05-01,49,41240,26,12160,21,27510,2,1570,33,5648,15,18534,35,24182,California
Lake,2021-05-02,19,41259,10,12170,8,27518,1,1571,10,5650,9,18543,11,24193,California
Lake,2021-05-03,413,41672,30,12200,347,27865,36,1607,66,5406,346,18889,102,24295,California
Lake,2021-05-04,403,42075,217,12417,138,28003,48,1655,123,5298,279,19168,171,24466,California
Lake,2021-05-05,629,42704,44,12461,573,28576,12,1667,84,4851,542,19710,95,24561,California
Lake,2021-05-06,142,42846,19,12480,94,28670,29,1696,72,4881,70,19780,100,24661,California
Lake,2021-05-07,166,43012,29,12509,117,28787,20,1716,102,4941,62,19842,122,24783,California
Lake,2021-05-08,42,43054,7,12516,35,28822,0,1716,35,4969,7,19849,35,24818,California
Lake,2021-05-09,17,43071,2,12518,10,28832,5,1721,10,4977,7,19856,15,24833,California
Lake,2021-05-10,242,43313,10,12528,205,29037,27,1748,58,4879,183,20039,85,24918,California
Lake,2021-05-11,195,43508,25,12553,153,29190,17,1765,116,4934,79,20118,134,25052,California
Lake,2021-05-12,541,44049,31,12584,490,29680,20,1785,54,4520,487,20605,73,25125,California
Lake,2021-05-13,318,44367,69,12653,235,29915,14,1799,72,4362,244,20849,86,25211,California
Lake,2021-05-14,268,44635,83,12736,167,30082,18,1817,163,4439,103,20952,180,25391,California
Lake,2021-05-15,45,44680,19,12755,23,30105,3,1820,28,4453,17,20969,31,25422,California
Lake,2021-05-16,33,44713,19,12774,13,30118,1,1821,18,4457,15,20984,19,25441,California
Lake,2021-05-17,314,45027,44,12818,255,30373,15,1836,82,4325,229,21213,97,25538,California
Lake,2021-05-18,298,45325,65,12883,214,30587,19,1855,171,4389,126,21339,190,25728,California
Lake,2021-05-19,313,45638,57,12940,241,30828,15,1870,88,4268,224,21563,103,25831,California
Lake,2021-05-20,240,45878,60,13000,169,30997,11,1881,94,4227,146,21709,105,25936,California
Lake,2021-05-21,274,46152,51,13051,199,31196,24,1905,113,4205,159,21868,137,26073,California
Lake,2021-05-22,98,46250,54,13105,41,31237,3,1908,49,4208,49,21917,52,26125,California
Lake,2021-05-23,58,46308,28,13133,29,31266,1,1909,30,4211,28,21945,31,26156,California
Lake,2021-05-24,157,46465,35,13168,108,31374,14,1923,71,4210,86,22031,85,26241,California
Lake,2021-05-25,204,46669,57,13225,136,31510,11,1934,74,4166,129,22160,85,26326,California
Lake,2021-05-26,151,46820,45,13270,95,31605,11,1945,55,4138,94,22254,66,26392,California
Lake,2021-05-27,175,46995,47,13317,114,31719,14,1959,61,4100,113,22367,75,26467,California
Lake,2021-05-28,222,47217,21,13338,164,31883,37,1996,50,4017,169,22536,86,26553,California
Lake,2021-05-29,37,47254,10,13348,21,31904,6,2002,14,4014,23,22559,20,26573,California
Lake,2021-05-30,22,47276,6,13354,14,31918,2,2004,12,4018,10,22569,14,26587,California
Lake,2021-05-31,63,47339,21,13375,40,31958,2,2006,53,4063,10,22579,55,26642,California
Lake,2021-06-01,197,47536,38,13413,150,32108,9,2015,69,4014,127,22706,78,26720,California
Lake,2021-06-02,132,47668,46,13459,74,32182,12,2027,53,4000,79,22785,65,26785,California
Lake,2021-06-03,181,47849,53,13512,109,32291,19,2046,79,3996,102,22887,98,26883,California
Lake,2021-06-04,185,48034,54,13566,115,32406,16,2062,47,3923,136,23023,63,26946,California
Lake,2021-06-05,91,48125,56,13622,27,32433,8,2070,55,3950,36,23059,63,27009,California
Lake,2021-06-06,69,48194,39,13661,30,32463,0,2070,24,3929,45,23104,24,27033,California
Lake,2021-06-07,90,48284,29,13690,53,32516,8,2078,32,3912,57,23161,40,27073,California
Lake,2021-06-08,179,48463,68,13758,99,32615,12,2090,67,3879,112,23273,79,27152,California
Lake,2021-06-09,171,48634,42,13800,125,32740,4,2094,36,3786,133,23406,40,27192,California
Lake,2021-06-10,129,48763,64,13864,52,32792,13,2107,51,3772,78,23484,64,27256,California
Lake,2021-06-11,208,48971,66,13930,119,32911,23,2130,48,3685,158,23642,71,27327,California
Lake,2021-06-12,67,49038,39,13969,22,32933,6,2136,34,3692,33,23675,40,27367,California
Lake,2021-06-13,29,49067,16,13985,13,32946,0,2136,14,3691,15,23690,14,27381,California
Lake,2021-06-14,178,49245,86,14071,79,33025,13,2149,50,3627,127,23817,63,27444,California
Lake,2021-06-15,245,49490,65,14136,162,33187,18,2167,79,3558,166,23983,97,27541,California
Lake,2021-06-16,163,49653,57,14193,91,33278,15,2182,55,3521,107,24090,70,27611,California
Lake,2021-06-17,179,49832,86,14279,83,33361,10,2192,78,3509,100,24190,88,27699,California
Lake,2021-06-18,141,49973,38,14317,93,33454,10,2202,57,3492,84,24274,67,27766,California
Lake,2021-06-19,67,50040,25,14342,42,33496,0,2202,34,3493,33,24307,34,27800,California
Lake,2021-06-20,21,50061,7,14349,12,33508,2,2204,10,3494,11,24318,12,27812,California
Lake,2021-06-21,67,50128,17,14366,43,33551,7,2211,29,3492,38,24356,36,27848,California
Lake,2021-06-22,135,50263,51,14417,74,33625,10,2221,62,3492,72,24428,72,27920,California
Lake,2021-06-23,148,50411,68,14485,56,33681,24,2245,80,3528,68,24496,104,28024,California
Lake,2021-06-24,140,50551,93,14578,34,33715,13,2258,48,3499,90,24586,61,28085,California
Lake,2021-06-25,129,50680,57,14635,63,33778,9,2267,66,3512,62,24648,75,28160,California
Lake,2021-06-26,48,50728,37,14672,11,33789,0,2267,6,3476,42,24690,6,28166,California
Lake,2021-06-27,42,50770,30,14702,12,33801,0,2267,23,3480,19,24709,23,28189,California
Lake,2021-06-28,66,50836,22,14724,22,33823,22,2289,28,3493,37,24746,50,28239,California
Lake,2021-06-29,122,50958,47,14771,71,33894,4,2293,66,3507,56,24802,70,28309,California
Lake,2021-06-30,117,51075,61,14832,47,33941,9,2302,59,3517,58,24860,68,28377,California
Lake,2021-07-01,118,51193,54,14886,59,34000,5,2307,41,3490,73,24933,46,28423,California
Lake,2021-07-02,110,51303,35,14921,62,34062,13,2320,52,3498,56,24989,64,28487,California
Lake,2021-07-03,74,51377,43,14964,31,34093,0,2320,34,3494,38,25027,34,28521,California
Lake,2021-07-04,14,51391,5,14969,9,34102,0,2320,9,3498,5,25032,9,28530,California
Lake,2021-07-05,46,51437,18,14987,28,34130,0,2320,32,3516,14,25046,32,28562,California
Lake,2021-07-06,159,51596,54,15041,99,34229,6,2326,63,3492,93,25139,69,28631,California
Lake,2021-07-07,88,51684,53,15094,33,34262,2,2328,55,3516,33,25172,57,28688,California
Lake,2021-07-08,84,51768,34,15128,46,34308,4,2332,40,3516,44,25216,44,28732,California
Lake,2021-07-09,125,51893,71,15199,47,34355,7,2339,47,3493,77,25293,54,28786,California
Lassen,2020-12-16,8,8,8,8,0,0,0,0,8,8,0,0,8,8,California
Lassen,2020-12-17,6,14,6,14,0,0,0,0,6,14,0,0,6,14,California
Lassen,2020-12-18,1,15,1,15,0,0,0,0,1,15,0,0,1,15,California
Lassen,2020-12-19,5,20,5,20,0,0,0,0,5,20,0,0,5,20,California
Lassen,2020-12-20,2,22,2,22,0,0,0,0,2,22,0,0,2,22,California
Lassen,2020-12-21,11,33,11,33,0,0,0,0,11,33,0,0,11,33,California
Lassen,2020-12-22,23,56,23,56,0,0,0,0,23,56,0,0,23,56,California
Lassen,2020-12-23,6,62,6,62,0,0,0,0,6,62,0,0,6,62,California
Lassen,2020-12-24,11,73,11,73,0,0,0,0,11,73,0,0,11,73,California
Lassen,2020-12-28,3,76,2,75,1,1,0,0,3,76,0,0,3,76,California
Lassen,2020-12-29,35,111,35,110,0,1,0,0,35,111,0,0,35,111,California
Lassen,2020-12-30,36,147,35,145,1,2,0,0,36,147,0,0,36,147,California
Lassen,2020-12-31,49,196,42,187,7,9,0,0,49,196,0,0,49,196,California
Lassen,2021-01-02,1,197,0,187,1,10,0,0,1,197,0,0,1,197,California
Lassen,2021-01-04,15,212,2,189,13,23,0,0,15,212,0,0,15,212,California
Lassen,2021-01-05,193,405,52,241,141,164,0,0,193,405,0,0,193,405,California
Lassen,2021-01-06,97,502,45,286,52,216,0,0,89,487,8,8,90,495,California
Lassen,2021-01-07,43,545,7,293,36,252,0,0,37,518,6,14,37,532,California
Lassen,2021-01-08,50,595,2,295,48,300,0,0,50,568,0,14,50,582,California
Lassen,2021-01-09,12,607,6,301,6,306,0,0,12,580,0,14,12,594,California
Lassen,2021-01-11,27,634,5,306,22,328,0,0,27,607,0,14,27,621,California
Lassen,2021-01-12,49,683,29,335,20,348,0,0,30,618,19,33,30,651,California
Lassen,2021-01-13,161,844,19,354,142,490,0,0,146,749,15,48,146,797,California
Lassen,2021-01-14,161,1005,18,372,143,633,0,0,149,886,12,60,149,946,California
Lassen,2021-01-15,32,1037,6,378,26,659,0,0,32,918,0,60,32,978,California
Lassen,2021-01-16,34,1071,33,411,1,660,0,0,34,952,0,60,34,1012,California
Lassen,2021-01-17,1,1072,0,411,1,661,0,0,1,953,0,60,1,1013,California
Lassen,2021-01-18,5,1077,2,413,3,664,0,0,4,956,1,61,4,1017,California
Lassen,2021-01-19,186,1263,36,449,150,814,0,0,158,1086,28,89,158,1175,California
Lassen,2021-01-20,188,1451,100,549,88,902,0,0,105,1123,68,157,105,1280,California
Lassen,2021-01-21,145,1596,93,642,52,954,0,0,121,1226,18,175,121,1401,California
Lassen,2021-01-22,31,1627,18,660,13,967,0,0,21,1237,10,185,21,1422,California
Lassen,2021-01-23,2,1629,0,660,2,969,0,0,2,1239,0,185,2,1424,California
Lassen,2021-01-24,1,1630,0,660,1,970,0,0,1,1240,0,185,1,1425,California
Lassen,2021-01-25,12,1642,1,661,11,981,0,0,11,1250,1,186,11,1436,California
Lassen,2021-01-26,126,1768,12,673,114,1095,0,0,122,1368,4,190,122,1558,California
Lassen,2021-01-27,89,1857,37,710,52,1147,0,0,71,1421,18,208,71,1629,California
Lassen,2021-01-28,85,1942,14,724,71,1218,0,0,84,1504,1,209,84,1713,California
Lassen,2021-01-29,23,1965,7,731,16,1234,0,0,22,1525,1,210,22,1735,California
Lassen,2021-02-01,62,2027,5,736,57,1291,0,0,37,1537,25,235,37,1772,California
Lassen,2021-02-02,177,2204,12,748,165,1456,0,0,44,1448,133,368,44,1816,California
Lassen,2021-02-03,99,2303,21,769,78,1534,0,0,51,1451,48,416,51,1867,California
Lassen,2021-02-04,113,2416,16,785,97,1631,0,0,64,1466,49,465,64,1931,California
Lassen,2021-02-05,66,2482,12,797,54,1685,0,0,24,1448,42,507,24,1955,California
Lassen,2021-02-06,69,2551,34,831,35,1720,0,0,36,1452,32,539,36,1991,California
Lassen,2021-02-07,3,2554,3,834,0,1720,0,0,3,1455,0,539,3,1994,California
Lassen,2021-02-08,44,2598,4,838,40,1760,0,0,18,1447,26,565,18,2012,California
Lassen,2021-02-09,128,2726,7,845,121,1881,0,0,49,1417,79,644,49,2061,California
Lassen,2021-02-10,182,2908,21,866,161,2042,0,0,75,1385,107,751,75,2136,California
Lassen,2021-02-11,183,3091,17,883,166,2208,0,0,80,1363,102,853,80,2216,California
Lassen,2021-02-12,43,3134,11,894,32,2240,0,0,16,1352,27,880,16,2232,California
Lassen,2021-02-13,11,3145,3,897,8,2248,0,0,9,1359,2,882,9,2241,California
Lassen,2021-02-14,13,3158,0,897,13,2261,0,0,12,1370,1,883,12,2253,California
Lassen,2021-02-15,22,3180,3,900,19,2280,0,0,17,1383,4,887,17,2270,California
Lassen,2021-02-16,193,3373,4,904,189,2469,0,0,31,1254,160,1047,31,2301,California
Lassen,2021-02-17,182,3555,94,998,88,2557,0,0,10,1092,172,1219,10,2311,California
Lassen,2021-02-18,80,3635,21,1019,59,2616,0,0,21,1054,59,1278,21,2332,California
Lassen,2021-02-19,83,3718,62,1081,21,2637,0,0,19,1009,64,1342,19,2351,California
Lassen,2021-02-20,8,3726,0,1081,8,2645,0,0,6,1013,2,1344,6,2357,California
Lassen,2021-02-21,22,3748,2,1083,20,2665,0,0,18,1027,4,1348,18,2375,California
Lassen,2021-02-22,29,3777,13,1096,16,2681,0,0,9,1016,20,1368,9,2384,California
Lassen,2021-02-23,155,3932,11,1107,144,2825,0,0,43,947,112,1480,43,2427,California
Lassen,2021-02-24,166,4098,16,1123,150,2975,0,0,107,996,58,1538,107,2534,California
Lassen,2021-02-25,160,4258,23,1146,137,3112,0,0,98,1032,62,1600,98,2632,California
Lassen,2021-02-26,76,4334,17,1163,59,3171,0,0,37,1030,39,1639,37,2669,California
Lassen,2021-02-27,8,4342,7,1170,1,3172,0,0,3,1028,5,1644,3,2672,California
Lassen,2021-02-28,6,4348,2,1172,4,3176,0,0,2,1026,4,1648,2,2674,California
Lassen,2021-03-01,43,4391,4,1176,39,3215,0,0,9,1002,33,1681,9,2683,California
Lassen,2021-03-02,109,4500,8,1184,101,3316,0,0,81,1056,27,1708,81,2764,California
Lassen,2021-03-03,170,4670,11,1195,159,3475,0,0,113,1112,57,1765,113,2877,California
Lassen,2021-03-04,150,4820,17,1212,133,3608,0,0,98,1159,51,1816,98,2975,California
Lassen,2021-03-05,49,4869,7,1219,18,3626,24,24,11,1156,38,1854,35,3010,California
Lassen,2021-03-06,55,4924,4,1223,29,3655,22,46,5,1133,50,1904,27,3037,California
Lassen,2021-03-07,58,4982,3,1226,0,3655,55,101,3,1136,55,1959,58,3095,California
Lassen,2021-03-08,88,5070,2,1228,7,3662,79,180,3,1133,85,2044,82,3177,California
Lassen,2021-03-09,137,5207,11,1239,109,3771,17,197,89,1191,48,2092,106,3283,California
Lassen,2021-03-10,173,5380,10,1249,161,3932,2,199,79,1179,93,2185,81,3364,California
Lassen,2021-03-11,184,5564,16,1265,161,4093,7,206,112,1229,69,2254,119,3483,California
Lassen,2021-03-12,35,5599,17,1282,14,4107,4,210,12,1222,23,2277,16,3499,California
Lassen,2021-03-13,48,5647,0,1282,2,4109,46,256,1,1221,47,2324,46,3545,California
Lassen,2021-03-14,14,5661,2,1284,11,4120,1,257,2,1212,12,2336,3,3548,California
Lassen,2021-03-15,37,5698,5,1289,31,4151,1,258,16,1208,21,2357,17,3565,California
Lassen,2021-03-16,93,5791,2,1291,86,4237,5,263,74,1268,19,2376,79,3644,California
Lassen,2021-03-17,1080,6871,10,1301,1065,5302,5,268,1059,2311,21,2397,1064,4708,California
Lassen,2021-03-18,94,6965,9,1310,84,5386,1,269,81,2380,13,2410,82,4790,California
Lassen,2021-03-19,19,6984,11,1321,4,5390,4,273,7,2379,12,2422,11,4801,California
Lassen,2021-03-20,29,7013,3,1324,23,5413,3,276,22,2397,7,2429,25,4826,California
Lassen,2021-03-21,34,7047,1,1325,33,5446,0,276,14,2392,19,2448,14,4840,California
Lassen,2021-03-22,59,7106,1,1326,58,5504,0,276,56,2445,3,2451,56,4896,California
Lassen,2021-03-23,120,7226,11,1337,108,5612,1,277,67,2460,53,2504,68,4964,California
Lassen,2021-03-24,212,7438,13,1350,198,5810,1,278,105,2461,105,2609,106,5070,California
Lassen,2021-03-25,155,7593,23,1373,132,5942,0,278,72,2450,83,2692,72,5142,California
Lassen,2021-03-26,77,7670,13,1386,26,5968,38,316,19,2449,57,2749,56,5198,California
Lassen,2021-03-27,21,7691,4,1390,1,5969,16,332,3,2450,18,2767,19,5217,California
Lassen,2021-03-28,18,7709,4,1394,3,5972,11,343,2,2447,16,2783,13,5230,California
Lassen,2021-03-29,53,7762,0,1394,28,6000,25,368,20,2460,32,2815,45,5275,California
Lassen,2021-03-30,200,7962,10,1404,164,6164,26,394,52,2390,148,2963,78,5353,California
Lassen,2021-03-31,147,8109,12,1416,113,6277,22,416,62,2390,84,3047,84,5437,California
Lassen,2021-04-01,167,8276,15,1431,131,6408,21,437,47,2339,119,3166,68,5505,California
Lassen,2021-04-02,30,8306,4,1435,3,6411,23,460,2,2336,28,3194,25,5530,California
Lassen,2021-04-03,12,8318,0,1435,2,6413,10,470,0,2334,12,3206,10,5540,California
Lassen,2021-04-04,7,8325,2,1437,0,6413,5,475,1,2334,6,3212,6,5546,California
Lassen,2021-04-05,22,8347,4,1441,11,6424,7,482,11,2341,11,3223,18,5564,California
Lassen,2021-04-06,182,8529,8,1449,144,6568,30,512,52,2293,130,3353,82,5646,California
Lassen,2021-04-07,135,8664,6,1455,92,6660,37,549,32,2261,103,3456,71,5717,California
Lassen,2021-04-08,169,8833,10,1465,103,6763,56,605,32,2216,133,3589,88,5805,California
Lassen,2021-04-09,53,8886,6,1471,10,6773,37,642,8,2216,44,3633,44,5849,California
Lassen,2021-04-10,10,8896,0,1471,2,6775,8,650,0,2215,9,3642,8,5857,California
Lassen,2021-04-11,6,8902,2,1473,1,6776,3,653,3,2218,3,3645,6,5863,California
Lassen,2021-04-12,32,8934,4,1477,15,6791,13,666,4,2207,28,3673,17,5880,California
Lassen,2021-04-13,129,9063,6,1483,123,6914,0,666,40,2159,88,3761,40,5920,California
Lassen,2021-04-14,984,10047,16,1499,968,7882,0,666,51,1279,931,4692,51,5971,California
Lassen,2021-04-15,147,10194,14,1513,133,8015,0,666,19,1170,128,4820,19,5990,California
Lassen,2021-04-16,14,10208,5,1518,9,8024,0,666,6,1168,8,4828,6,5996,California
Lassen,2021-04-17,24,10232,3,1521,21,8045,0,666,4,1152,20,4848,4,6000,California
Lassen,2021-04-18,5,10237,2,1523,3,8048,0,666,2,1151,3,4851,2,6002,California
Lassen,2021-04-19,35,10272,0,1523,35,8083,0,666,18,1152,17,4868,18,6020,California
Lassen,2021-04-20,137,10409,7,1530,130,8213,0,666,51,1117,86,4954,51,6071,California
Lassen,2021-04-21,167,10576,10,1540,156,8369,1,667,34,1021,131,5085,35,6106,California
Lassen,2021-04-22,102,10678,16,1556,86,8455,0,667,32,983,70,5155,32,6138,California
Lassen,2021-04-23,27,10705,1,1557,26,8481,0,667,21,998,6,5161,21,6159,California
Lassen,2021-04-24,9,10714,5,1562,4,8485,0,667,3,995,6,5167,3,6162,California
Lassen,2021-04-25,5,10719,0,1562,4,8489,1,668,3,997,2,5169,4,6166,California
Lassen,2021-04-26,44,10763,2,1564,38,8527,4,672,9,976,34,5203,13,6179,California
Lassen,2021-04-27,119,10882,9,1573,107,8634,3,675,66,992,53,5256,69,6248,California
Lassen,2021-04-28,82,10964,7,1580,73,8707,2,677,29,970,53,5309,31,6279,California
Lassen,2021-04-29,69,11033,7,1587,59,8766,3,680,24,953,44,5353,27,6306,California
Lassen,2021-04-30,15,11048,8,1595,4,8770,3,683,6,953,9,5362,9,6315,California
Lassen,2021-05-01,5,11053,0,1595,4,8774,1,684,4,957,1,5363,5,6320,California
Lassen,2021-05-02,10,11063,6,1601,4,8778,0,684,6,959,4,5367,6,6326,California
Lassen,2021-05-03,17,11080,2,1603,9,8787,6,690,2,952,15,5382,8,6334,California
Lassen,2021-05-04,73,11153,5,1608,60,8847,8,698,21,929,52,5434,29,6363,California
Lassen,2021-05-05,83,11236,4,1612,67,8914,12,710,26,911,56,5490,38,6401,California
Lassen,2021-05-06,80,11316,21,1633,37,8951,22,732,21,895,59,5549,43,6444,California
Lassen,2021-05-07,49,11365,33,1666,11,8962,5,737,41,933,8,5557,46,6490,California
Lassen,2021-05-08,11,11376,0,1666,5,8967,6,743,4,936,7,5564,10,6500,California
Lassen,2021-05-09,3,11379,1,1667,0,8967,2,745,0,935,3,5567,2,6502,California
Lassen,2021-05-10,12,11391,1,1668,8,8975,3,748,6,938,6,5573,9,6511,California
Lassen,2021-05-11,74,11465,1,1669,62,9037,11,759,20,915,54,5627,31,6542,California
Lassen,2021-05-12,44,11509,4,1673,34,9071,6,765,14,905,30,5657,20,6562,California
Lassen,2021-05-13,36,11545,10,1683,21,9092,5,770,10,894,26,5683,15,6577,California
Lassen,2021-05-14,21,11566,3,1686,10,9102,8,778,10,901,11,5694,18,6595,California
Lassen,2021-05-15,16,11582,2,1688,4,9106,10,788,4,903,12,5706,14,6609,California
Lassen,2021-05-16,7,11589,2,1690,3,9109,2,790,2,903,4,5710,4,6613,California
Lassen,2021-05-17,36,11625,4,1694,20,9129,12,802,10,899,26,5736,22,6635,California
Lassen,2021-05-18,92,11717,11,1705,68,9197,13,815,28,876,64,5800,41,6676,California
Lassen,2021-05-19,59,11776,3,1708,45,9242,11,826,7,842,51,5851,17,6693,California
Lassen,2021-05-20,33,11809,8,1716,16,9258,9,835,11,840,22,5873,20,6713,California
Lassen,2021-05-21,67,11876,33,1749,20,9278,14,849,35,857,32,5905,49,6762,California
Lassen,2021-05-22,17,11893,2,1751,7,9285,8,857,7,862,10,5915,15,6777,California
Lassen,2021-05-23,6,11899,3,1754,1,9286,2,859,0,858,6,5921,2,6779,California
Lassen,2021-05-24,13,11912,1,1755,10,9296,2,861,5,858,7,5928,7,6786,California
Lassen,2021-05-25,99,12011,6,1761,84,9380,9,870,33,834,66,5994,42,6828,California
Lassen,2021-05-26,59,12070,1,1762,42,9422,16,886,11,813,48,6042,27,6855,California
Lassen,2021-05-27,43,12113,17,1779,20,9442,6,892,12,801,30,6072,18,6873,California
Lassen,2021-05-28,74,12187,48,1827,18,9460,8,900,30,795,44,6116,38,6911,California
Lassen,2021-05-29,15,12202,1,1828,12,9472,2,902,8,798,7,6123,10,6921,California
Lassen,2021-05-30,2,12204,0,1828,1,9473,1,903,1,799,1,6124,2,6923,California
Lassen,2021-05-31,7,12211,0,1828,6,9479,1,904,1,795,6,6130,2,6925,California
Lassen,2021-06-01,45,12256,2,1830,36,9515,7,911,15,787,30,6160,22,6947,California
Lassen,2021-06-02,57,12313,2,1832,41,9556,14,925,15,775,41,6201,29,6976,California
Lassen,2021-06-03,20,12333,2,1834,9,9565,9,934,6,776,14,6215,15,6991,California
Lassen,2021-06-04,37,12370,1,1835,24,9589,12,946,12,775,25,6240,24,7015,California
Lassen,2021-06-05,14,12384,3,1838,7,9596,4,950,4,773,10,6250,8,7023,California
Lassen,2021-06-06,5,12389,0,1838,2,9598,3,953,1,773,4,6254,4,7027,California
Lassen,2021-06-07,18,12407,0,1838,9,9607,9,962,3,770,15,6269,12,7039,California
Lassen,2021-06-08,42,12449,9,1847,29,9636,4,966,15,762,27,6296,19,7058,California
Lassen,2021-06-09,18,12467,1,1848,15,9651,2,968,7,761,10,6306,9,7067,California
Lassen,2021-06-10,21,12488,10,1858,8,9659,3,971,11,765,10,6316,14,7081,California
Lassen,2021-06-11,43,12531,29,1887,14,9673,0,971,11,745,32,6348,12,7093,California
Lassen,2021-06-12,5,12536,1,1888,4,9677,0,971,1,742,4,6352,1,7094,California
Lassen,2021-06-13,3,12539,2,1890,1,9678,0,971,1,741,2,6354,1,7095,California
Lassen,2021-06-14,10,12549,2,1892,6,9684,2,973,4,742,5,6359,6,7101,California
Lassen,2021-06-15,48,12597,5,1897,38,9722,5,978,15,729,33,6392,20,7121,California
Lassen,2021-06-16,11,12608,0,1897,6,9728,5,983,6,735,5,6397,11,7132,California
Lassen,2021-06-17,22,12630,10,1907,8,9736,4,987,9,735,13,6410,13,7145,California
Lassen,2021-06-18,45,12675,19,1926,18,9754,8,995,9,716,36,6446,17,7162,California
Lassen,2021-06-19,13,12688,1,1927,10,9764,2,997,5,715,8,6454,7,7169,California
Lassen,2021-06-20,6,12694,2,1929,3,9767,1,998,5,720,1,6455,6,7175,California
Lassen,2021-06-21,14,12708,0,1929,12,9779,2,1000,4,716,10,6465,6,7181,California
Lassen,2021-06-22,36,12744,1,1930,34,9813,1,1001,19,719,17,6482,20,7201,California
Lassen,2021-06-23,17,12761,2,1932,12,9825,3,1004,5,715,12,6494,8,7209,California
Lassen,2021-06-24,26,12787,3,1935,16,9841,7,1011,14,724,12,6506,21,7230,California
Lassen,2021-06-25,21,12808,3,1938,18,9859,0,1011,12,727,9,6515,12,7242,California
Lassen,2021-06-26,6,12814,0,1938,6,9865,0,1011,1,723,5,6520,1,7243,California
Lassen,2021-06-27,1,12815,0,1938,0,9865,1,1012,0,723,1,6521,1,7244,California
Lassen,2021-06-28,13,12828,2,1940,9,9874,2,1014,9,730,4,6525,11,7255,California
Lassen,2021-06-29,30,12858,1,1941,28,9902,1,1015,8,717,22,6547,9,7264,California
Lassen,2021-06-30,29,12887,8,1949,16,9918,5,1020,14,721,15,6562,19,7283,California
Lassen,2021-07-01,26,12913,14,1963,11,9929,1,1021,16,728,10,6572,17,7300,California
Lassen,2021-07-02,28,12941,6,1969,18,9947,4,1025,11,728,15,6587,15,7315,California
Lassen,2021-07-03,5,12946,0,1969,5,9952,0,1025,3,729,2,6589,3,7318,California
Lassen,2021-07-04,1,12947,0,1969,1,9953,0,1025,1,730,0,6589,1,7319,California
Lassen,2021-07-05,9,12956,0,1969,6,9959,3,1028,2,728,7,6596,5,7324,California
Lassen,2021-07-06,26,12982,0,1969,26,9985,0,1028,11,726,13,6609,11,7335,California
Lassen,2021-07-07,18,13000,5,1974,12,9997,1,1029,8,725,10,6619,9,7344,California
Lassen,2021-07-08,30,13030,22,1996,8,10005,0,1029,22,739,8,6627,22,7366,California
Lassen,2021-07-09,9,13039,2,1998,5,10010,2,1031,6,744,3,6630,8,7374,California
Los Angeles,2020-12-15,399,399,399,399,0,0,0,0,399,399,0,0,399,399,California
Los Angeles,2020-12-16,3604,4003,3604,4003,0,0,0,0,3604,4003,0,0,3604,4003,California
Los Angeles,2020-12-17,10434,14437,10434,14437,0,0,0,0,10435,14438,0,0,10435,14438,California
Los Angeles,2020-12-18,14815,29252,14789,29226,26,26,0,0,14815,29253,0,0,14815,29253,California
Los Angeles,2020-12-19,7317,36569,7308,36534,9,35,0,0,7319,36572,0,0,7319,36572,California
Los Angeles,2020-12-20,4678,41247,4667,41201,11,46,0,0,4680,41252,0,0,4680,41252,California
Los Angeles,2020-12-21,13789,55036,13772,54973,17,63,0,0,13791,55042,1,1,13791,55043,California
Los Angeles,2020-12-22,11619,66655,11226,66199,393,456,0,0,11619,66659,2,3,11619,66662,California
Los Angeles,2020-12-23,12034,78689,10253,76452,1781,2237,0,0,12035,78694,0,3,12035,78697,California
Los Angeles,2020-12-24,7073,85762,4282,80734,2791,5028,0,0,7076,85770,0,3,7076,85773,California
Los Angeles,2020-12-25,530,86292,423,81157,107,5135,0,0,531,86301,0,3,531,86304,California
Los Angeles,2020-12-26,2556,88848,2200,83357,356,5491,0,0,2555,88854,2,5,2555,88859,California
Los Angeles,2020-12-27,1791,90639,1051,84408,740,6231,0,0,1791,90645,0,5,1791,90650,California
Los Angeles,2020-12-28,10420,101059,6454,90862,3966,10197,0,0,10417,101061,1,6,10417,101067,California
Los Angeles,2020-12-29,11710,112769,6136,96998,5574,15771,0,0,11710,112770,1,7,11710,112777,California
Los Angeles,2020-12-30,14989,127758,8148,105146,6841,22612,0,0,14988,127758,0,7,14988,127765,California
Los Angeles,2020-12-31,8071,135829,2785,107931,5286,27898,0,0,8065,135818,5,12,8065,135830,California
Los Angeles,2021-01-01,1104,136933,325,108256,779,28677,0,0,1102,136918,2,14,1102,136932,California
Los Angeles,2021-01-02,4519,141452,1690,109946,2829,31506,0,0,4518,141436,0,14,4518,141450,California
Los Angeles,2021-01-03,974,142426,230,110176,744,32250,0,0,972,142406,2,16,972,142422,California
Los Angeles,2021-01-04,12835,155261,4920,115096,7915,40165,0,0,12819,155223,2,18,12819,155241,California
Los Angeles,2021-01-05,16156,171417,7140,122236,9016,49181,0,0,14206,167518,1921,1939,14216,169457,California
Los Angeles,2021-01-06,22849,194266,12146,134382,10703,59884,0,0,17142,179031,5639,7578,17152,186609,California
Los Angeles,2021-01-07,29912,224178,16156,150538,13756,73640,0,0,19002,187186,10863,18441,19018,205627,California
Los Angeles,2021-01-08,33670,257848,18280,168818,15390,89030,0,0,21149,195854,12493,30934,21161,226788,California
Los Angeles,2021-01-09,12586,270434,7223,176041,5363,94393,0,0,7627,198533,4956,35890,7635,234423,California
Los Angeles,2021-01-10,4791,275225,3720,179761,1071,95464,0,0,2006,197755,2785,38675,2007,236430,California
Los Angeles,2021-01-11,26069,301294,16406,196167,9663,105127,0,0,15066,201842,10990,49665,15077,251507,California
Los Angeles,2021-01-12,29569,330863,16274,212441,13295,118422,0,0,19343,210987,10211,59876,19356,270863,California
Los Angeles,2021-01-13,29683,360546,15911,228352,13772,132194,0,0,20645,222618,9021,68897,20652,291515,California
Los Angeles,2021-01-14,29485,390031,12758,241110,16727,148921,0,0,23904,240973,5562,74459,23917,315432,California
Los Angeles,2021-01-15,34207,424238,12446,253556,21761,170682,0,0,30581,267966,3599,78058,30592,346024,California
Los Angeles,2021-01-16,17865,442103,5019,258575,12846,183528,0,0,16063,282243,1793,79851,16070,362094,California
Los Angeles,2021-01-17,5276,447379,2358,260933,2918,186446,0,0,5013,286996,262,80113,5015,367109,California
Los Angeles,2021-01-18,15805,463184,10169,271102,5636,192082,0,0,11050,293308,4742,84855,11054,378163,California
Los Angeles,2021-01-19,38925,502109,20701,291803,18224,210306,0,0,31045,316529,7839,92694,31060,409223,California
Los Angeles,2021-01-20,47274,549383,24775,316578,22499,232805,0,0,39595,348492,7645,100339,39608,448831,California
Los Angeles,2021-01-21,49399,598782,22693,339271,26706,259511,0,0,45032,389249,4293,104632,45050,493881,California
Los Angeles,2021-01-22,48636,647418,22494,361765,26142,285653,0,0,45100,430879,3487,108119,45117,538998,California
Los Angeles,2021-01-23,34369,681787,15822,377587,18547,304200,0,0,32252,461063,2082,110201,32266,571264,California
Los Angeles,2021-01-24,15764,697551,12186,389773,3578,307778,0,0,15202,475716,552,110753,15205,586469,California
Los Angeles,2021-01-25,39754,737305,16775,406548,22979,330757,0,0,31006,498032,8706,119459,31022,617491,California
Los Angeles,2021-01-26,49901,787206,24770,431318,25131,355888,0,0,41496,531185,8364,127823,41517,659008,California
Los Angeles,2021-01-27,51172,838378,25960,457278,25212,381100,0,0,41586,563362,9436,137259,41613,700621,California
Los Angeles,2021-01-28,49281,887659,23554,480832,25727,406827,0,0,40657,595543,8492,145751,40673,741294,California
Los Angeles,2021-01-29,50141,937800,25793,506625,24348,431175,0,0,39761,625311,10010,155761,39778,781072,California
Los Angeles,2021-01-30,30448,968248,15600,522225,14848,446023,0,0,26049,647052,4314,160075,26055,807127,California
Los Angeles,2021-01-31,12889,981137,10094,532319,2795,448818,0,0,11961,658105,912,160987,11965,819092,California
Los Angeles,2021-02-01,38873,1020010,16386,548705,22487,471305,0,0,28034,675364,10787,171774,28046,847138,California
Los Angeles,2021-02-02,45158,1065168,18079,566784,27079,498384,0,0,32611,695487,12494,184268,32617,879755,California
Los Angeles,2021-02-03,52624,1117792,19511,586295,33113,531497,0,0,37456,718041,14914,199182,37468,917223,California
Los Angeles,2021-02-04,57656,1175448,20674,606969,36982,568479,0,0,39250,739250,18055,217237,39264,956487,California
Los Angeles,2021-02-05,62004,1237452,21040,628009,40964,609443,0,0,39577,756879,21964,239201,39593,996080,California
Los Angeles,2021-02-06,35874,1273326,13449,641458,22425,631868,0,0,27244,775597,8549,247750,27267,1023347,California
Los Angeles,2021-02-07,11037,1284363,8524,649982,2513,634381,0,0,8600,781789,2416,250166,8608,1031955,California
Los Angeles,2021-02-08,47433,1331796,21884,671866,25549,659930,0,0,30930,796372,16353,266519,30936,1062891,California
Los Angeles,2021-02-09,56396,1388192,24791,696657,31605,691535,0,0,28510,797127,27767,294286,28522,1091413,California
Los Angeles,2021-02-10,67702,1455894,29619,726276,38083,729618,0,0,30537,790918,36764,331050,30555,1121968,California
Los Angeles,2021-02-11,58921,1514815,31427,757703,27494,757112,0,0,28217,788940,30205,361255,28227,1150195,California
Los Angeles,2021-02-12,60835,1575650,30150,787853,30685,787797,0,0,26522,781576,33909,395164,26545,1176740,California
Los Angeles,2021-02-13,34253,1609903,20013,807866,14240,802037,0,0,15539,778563,18607,413771,15594,1192334,California
Los Angeles,2021-02-14,22049,1631952,15054,822920,6995,809032,0,0,8833,774258,13147,426918,8842,1201176,California
Los Angeles,2021-02-15,33329,1665281,16159,839079,17170,826202,0,0,18217,777466,15026,441944,18234,1219410,California
Los Angeles,2021-02-16,64907,1730188,32996,872075,31911,858113,0,0,29924,772547,34860,476804,29941,1249351,California
Los Angeles,2021-02-17,65787,1795975,35088,907163,30699,888812,0,0,26621,760243,38940,515744,26636,1275987,California
Los Angeles,2021-02-18,69399,1865374,35294,942457,34105,922917,0,0,28782,748648,40398,556142,28803,1304790,California
Los Angeles,2021-02-19,59703,1925077,36768,979225,22935,945852,0,0,29040,747206,30502,586644,29060,1333850,California
Los Angeles,2021-02-20,33752,1958829,24573,1003798,9179,955031,0,0,16174,745909,17496,604140,16199,1350049,California
Los Angeles,2021-02-21,22825,1981654,21073,1024871,1752,956783,0,0,11427,746021,11321,615461,11433,1361482,California
Los Angeles,2021-02-22,36762,2018416,26846,1051717,9916,966699,0,0,18731,746871,17904,633365,18754,1380236,California
Los Angeles,2021-02-23,57806,2076222,24743,1076460,33063,999762,0,0,22337,733999,35238,668603,22366,1402602,California
Los Angeles,2021-02-24,67885,2144107,30342,1106802,37543,1037305,0,0,28930,724287,38680,707283,28968,1431570,California
Los Angeles,2021-02-25,76800,2220907,35234,1142036,41566,1078871,0,0,39285,726333,37274,744557,39320,1470890,California
Los Angeles,2021-02-26,86099,2307006,39842,1181878,46257,1125128,0,0,48092,736747,37726,782283,48140,1519030,California
Los Angeles,2021-02-27,61986,2368992,26952,1208830,35025,1160153,9,9,31256,737525,30523,812806,31301,1550331,California
Los Angeles,2021-02-28,27127,2396119,18677,1227507,8447,1168600,3,12,19000,748541,8004,820810,19020,1569351,California
Los Angeles,2021-03-01,57835,2453954,32777,1260284,25013,1193613,45,57,34679,760384,22916,843726,34759,1604110,California
Los Angeles,2021-03-02,78667,2532621,38153,1298437,40505,1234118,9,66,49561,781066,28924,872650,49606,1653716,California
Los Angeles,2021-03-03,86452,2619073,44325,1342762,42108,1276226,19,85,54743,804375,31488,904138,54797,1708513,California
Los Angeles,2021-03-04,92365,2711438,47294,1390056,45054,1321280,17,102,58377,829041,33766,937904,58432,1766945,California
Los Angeles,2021-03-05,91023,2802461,44897,1434953,46092,1367372,34,136,60794,859954,29988,967892,60901,1827846,California
Los Angeles,2021-03-06,67747,2870208,34547,1469500,31351,1398723,1849,1985,43622,881469,23960,991852,45475,1873321,California
Los Angeles,2021-03-07,28499,2898707,20963,1490463,5922,1404645,1614,3599,21441,897503,7016,998868,23050,1896371,California
Los Angeles,2021-03-08,54860,2953567,29556,1520019,23218,1427863,2086,5685,41387,927635,13347,1012215,43479,1939850,California
Los Angeles,2021-03-09,82311,3035878,39194,1559213,39774,1467637,3343,9028,52331,953492,29808,1042023,55665,1995515,California
Los Angeles,2021-03-10,83799,3119677,41257,1600470,37642,1505279,4900,13928,52991,980738,30599,1072622,57845,2053360,California
Los Angeles,2021-03-11,93885,3213562,46138,1646608,40985,1546264,6762,20690,54919,1003620,38742,1111364,61624,2114984,California
Los Angeles,2021-03-12,99877,3313439,45272,1691880,40667,1586931,13938,34628,58238,1034306,41392,1152756,72078,2187062,California
Los Angeles,2021-03-13,76054,3389493,35923,1727803,28127,1615058,12004,46632,45270,1060844,30654,1183410,57192,2244254,California
Los Angeles,2021-03-14,39273,3428766,26386,1754189,10326,1625384,2561,49193,23931,1072056,15258,1198668,26470,2270724,California
Los Angeles,2021-03-15,75765,3504531,37247,1791436,33050,1658434,5468,54661,45547,1093047,29984,1228652,50975,2321699,California
Los Angeles,2021-03-16,100620,3605151,44287,1835723,50448,1708882,5885,60546,64839,1128175,35532,1264184,70660,2392359,California
Los Angeles,2021-03-17,98315,3703466,44968,1880691,45016,1753898,8331,68877,65673,1169604,32396,1296580,73825,2466184,California
Los Angeles,2021-03-18,103761,3807227,49838,1930529,48334,1802232,5589,74466,65197,1202137,38221,1334801,70754,2536938,California
Los Angeles,2021-03-19,110093,3917320,57612,1988141,47675,1849907,4806,79272,67300,1231700,42480,1377281,72043,2608981,California
Los Angeles,2021-03-20,77112,3994432,37963,2026104,34531,1884438,4618,83890,52240,1263873,24661,1401942,56834,2665815,California
Los Angeles,2021-03-21,35027,4029459,26071,2052175,8049,1892487,907,84797,22390,1274667,12500,1414442,23294,2689109,California
Los Angeles,2021-03-22,71508,4100967,42152,2094327,27177,1919664,2179,86976,49970,1305578,21233,1435675,52144,2741253,California
Los Angeles,2021-03-23,97285,4198252,52823,2147150,41210,1960874,3252,90228,58475,1328775,38512,1474187,61709,2802962,California
Los Angeles,2021-03-24,105685,4303937,56211,2203361,46297,2007171,3177,93405,60394,1347397,44927,1519114,63549,2866511,California
Los Angeles,2021-03-25,111548,4415485,59951,2263312,47686,2054857,3911,97316,62124,1364331,49074,1568188,66008,2932519,California
Los Angeles,2021-03-26,115975,4531460,63568,2326880,48158,2103015,4249,101565,63602,1380102,52038,1620226,67809,3000328,California
Los Angeles,2021-03-27,84014,4615474,44167,2371047,37703,2140718,2144,103709,42686,1383904,41026,1661252,44828,3045156,California
Los Angeles,2021-03-28,42382,4657856,28743,2399790,13053,2153771,586,104295,20083,1382418,22156,1683408,20670,3065826,California
Los Angeles,2021-03-29,83593,4741449,47101,2446891,34707,2188478,1785,106080,46136,1393134,37198,1720606,47914,3113740,California
Los Angeles,2021-03-30,109724,4851173,52535,2499426,51245,2239723,5944,112024,56951,1403491,52491,1773097,62848,3176588,California
Los Angeles,2021-03-31,123321,4974494,62412,2561838,52065,2291788,8844,120868,68380,1426055,54588,1827685,77152,3253740,California
Los Angeles,2021-04-01,134330,5108824,63054,2624892,55780,2347568,15496,136364,71607,1450728,62303,1889988,86976,3340716,California
Los Angeles,2021-04-02,133272,5242096,59677,2684569,57981,2405549,15614,151978,70427,1474242,62455,1952443,85969,3426685,California
Los Angeles,2021-04-03,98994,5341090,45367,2729936,39934,2445483,13693,165671,48682,1486419,50095,2002538,62272,3488957,California
Los Angeles,2021-04-04,39345,5380435,20621,2750557,12080,2457563,6644,172315,16357,1486489,22884,2025422,22954,3511911,California
Los Angeles,2021-04-05,94712,5475147,44834,2795391,39458,2497021,10420,182735,44397,1491146,50069,2075491,54726,3566637,California
Los Angeles,2021-04-06,121993,5597140,57568,2852959,44019,2541040,20406,203141,55720,1501140,65982,2141473,75976,3642613,California
Los Angeles,2021-04-07,121461,5718601,55347,2908306,44805,2585845,21309,224450,54554,1510227,66607,2208080,75694,3718307,California
Los Angeles,2021-04-08,134026,5852627,59081,2967387,50651,2636496,24294,248744,60095,1520854,73565,2281645,84192,3802499,California
Los Angeles,2021-04-09,132944,5985571,57714,3025101,51035,2687531,24195,272939,56706,1525678,75876,2357521,80700,3883199,California
Los Angeles,2021-04-10,102244,6087815,43210,3068311,34773,2722304,24261,297200,37414,1522627,64563,2422084,61512,3944711,California
Los Angeles,2021-04-11,42031,6129846,22725,3091036,9902,2732206,9404,306604,14462,1518953,27468,2449552,23794,3968505,California
Los Angeles,2021-04-12,79909,6209755,39029,3130065,34375,2766581,6505,313109,32615,1510949,47050,2496602,39046,4007551,California
Los Angeles,2021-04-13,118669,6328424,59873,3189938,58361,2824942,435,313544,62678,1518372,55699,2552301,63122,4070673,California
Los Angeles,2021-04-14,120477,6448901,60330,3250268,60013,2884955,134,313678,65180,1528714,54975,2607276,65317,4135990,California
Los Angeles,2021-04-15,131927,6580828,71331,3321599,60397,2945352,199,313877,75316,1547834,56268,2663544,75388,4211378,California
Los Angeles,2021-04-16,132041,6712869,69737,3391336,62159,3007511,145,314022,69460,1555185,62192,2725736,69543,4280921,California
Los Angeles,2021-04-17,99882,6812751,52272,3443608,47584,3055095,26,314048,56884,1569366,42726,2768462,56907,4337828,California
Los Angeles,2021-04-18,35837,6848588,24200,3467808,11636,3066731,1,314049,19584,1572802,16157,2784619,19593,4357421,California
Los Angeles,2021-04-19,77625,6926213,40639,3508447,36968,3103699,18,314067,34809,1565063,42578,2827197,34839,4392260,California
Los Angeles,2021-04-20,105978,7032191,52561,3561008,53386,3157085,31,314098,52355,1564135,53321,2880518,52393,4444653,California
Los Angeles,2021-04-21,115090,7147281,56382,3617390,58517,3215602,191,314289,51046,1551750,63629,2944147,51244,4495897,California
Los Angeles,2021-04-22,118938,7266219,61853,3679243,57051,3272653,34,314323,52421,1538087,66131,3010278,52468,4548365,California
Los Angeles,2021-04-23,118441,7384660,65103,3744346,53315,3325968,23,314346,56468,1532972,61615,3071893,56500,4604865,California
Los Angeles,2021-04-24,90537,7475197,57516,3801862,32979,3358947,42,314388,50384,1543524,39886,3111779,50438,4655303,California
Los Angeles,2021-04-25,38015,7513212,25179,3827041,12830,3371777,6,314394,20445,1546536,17439,3129218,20451,4675754,California
Los Angeles,2021-04-26,79255,7592467,41344,3868385,37399,3409176,512,314906,39079,1546210,39915,3169133,39589,4715343,California
Los Angeles,2021-04-27,95583,7688050,46009,3914394,47576,3456752,1998,316904,37080,1527092,58185,3227318,39067,4754410,California
Los Angeles,2021-04-28,88068,7776118,42744,3957138,43216,3499968,2108,319012,34843,1511195,52842,3280160,36945,4791355,California
Los Angeles,2021-04-29,94670,7870788,47393,4004531,45063,3545031,2214,321226,34292,1487757,59938,3340098,36500,4827855,California
Los Angeles,2021-04-30,102625,7973413,50891,4055422,49270,3594301,2464,323690,37765,1463602,64366,3404464,40211,4868066,California
Los Angeles,2021-05-01,75909,8049322,42451,4097873,31896,3626197,1562,325252,28609,1446829,46936,3451400,30163,4898229,California
Los Angeles,2021-05-02,28109,8077431,18048,4115921,9319,3635516,742,325994,10175,1439938,17805,3469205,10914,4909143,California
Los Angeles,2021-05-03,62629,8140060,30423,4146344,29964,3665480,2242,328236,22771,1425368,39562,3508767,24992,4934135,California
Los Angeles,2021-05-04,88699,8228759,49459,4195803,36943,3702423,2297,330533,27684,1394649,60681,3569448,29962,4964097,California
Los Angeles,2021-05-05,91653,8320412,53679,4249482,35573,3737996,2401,332934,25438,1356645,65834,3635282,27830,4991927,California
Los Angeles,2021-05-06,98688,8419100,59709,4309191,36460,3774456,2519,335453,23607,1308083,74672,3709954,26110,5018037,California
Los Angeles,2021-05-07,98527,8517627,58353,4367544,37796,3812252,2378,337831,27177,1266666,70950,3780904,29533,5047570,California
Los Angeles,2021-05-08,67002,8584629,43979,4411523,21243,3833495,1780,339611,18623,1239039,48021,3828925,20394,5067964,California
Los Angeles,2021-05-09,24514,8609143,18833,4430356,4937,3838432,744,340355,6172,1227712,18234,3847159,6907,5074871,California
Los Angeles,2021-05-10,50817,8659960,26952,4457308,21956,3860388,1909,342264,15562,1210181,34996,3882155,17465,5092336,California
Los Angeles,2021-05-11,71559,8731519,39042,4496350,30364,3890752,2153,344417,18765,1178564,52515,3934670,20898,5113234,California
Los Angeles,2021-05-12,72756,8804275,39844,4536194,30594,3921346,2318,346735,20479,1149390,51944,3986614,22770,5136004,California
Los Angeles,2021-05-13,78487,8882762,47333,4583527,29418,3950764,1736,348471,27981,1129005,50091,4036705,29706,5165710,California
Los Angeles,2021-05-14,89891,8972653,57250,4640777,30761,3981525,1880,350351,33940,1109236,55577,4092282,35808,5201518,California
Los Angeles,2021-05-15,76634,9049287,53626,4694403,21453,4002978,1555,351906,29819,1094092,46506,4138788,31362,5232880,California
Los Angeles,2021-05-16,31038,9080325,24599,4719002,5824,4008802,615,352521,12334,1088439,18597,4157385,12944,5245824,California
Los Angeles,2021-05-17,62144,9142469,40259,4759261,20103,4028905,1782,354303,24934,1078180,36953,4194338,26694,5272518,California
Los Angeles,2021-05-18,65385,9207854,38715,4797976,24828,4053733,1842,356145,25733,1066359,39363,4233701,27542,5300060,California
Los Angeles,2021-05-19,67662,9275516,40777,4838753,25036,4078769,1849,357994,28813,1058439,38563,4272264,30643,5330703,California
Los Angeles,2021-05-20,66696,9342212,37353,4876106,27257,4106026,2086,360080,25219,1044656,41075,4313339,27292,5357995,California
Los Angeles,2021-05-21,70212,9412424,42592,4918698,25542,4131568,2078,362158,27205,1031329,42599,4355938,29272,5387267,California
Los Angeles,2021-05-22,57562,9469986,37435,4956133,18470,4150038,1657,363815,23411,1022483,33904,4389842,25058,5412325,California
Los Angeles,2021-05-23,24375,9494361,17009,4973142,6522,4156560,844,364659,10798,1020674,13447,4403289,11638,5423963,California
Los Angeles,2021-05-24,49134,9543495,27164,5000306,20113,4176673,1857,366516,18586,1010808,30292,4433581,20426,5444389,California
Los Angeles,2021-05-25,49922,9593417,28863,5029169,19281,4195954,1778,368294,19199,1001322,30454,4464035,20968,5465357,California
Los Angeles,2021-05-26,47275,9640692,26707,5055876,18714,4214668,1854,370148,19755,995719,27091,4491126,21488,5486845,California
Los Angeles,2021-05-27,45580,9686272,25475,5081351,18268,4232936,1837,371985,18817,989845,26510,4517636,20636,5507481,California
Los Angeles,2021-05-28,52440,9738712,29714,5111065,20827,4253763,1899,373884,23268,986152,28847,4546483,25154,5532635,California
Los Angeles,2021-05-29,30758,9769470,17841,5128906,11871,4265634,1046,374930,14379,985385,16179,4562662,15412,5548047,California
Los Angeles,2021-05-30,12515,9781985,8205,5137111,3574,4269208,736,375666,5797,985250,6662,4569324,6527,5554574,California
Los Angeles,2021-05-31,6061,9788046,3750,5140861,2005,4271213,306,375972,1730,983018,4265,4573589,2033,5556607,California
Los Angeles,2021-06-01,46373,9834419,25970,5166831,18829,4290042,1574,377546,17022,972595,28993,4602582,18570,5575177,California
Los Angeles,2021-06-02,38632,9873051,22338,5189169,14837,4304879,1457,379003,15112,965903,23233,4625815,16541,5591718,California
Los Angeles,2021-06-03,42879,9915930,28386,5217555,12926,4317805,1567,380570,14731,954325,27858,4653673,16280,5607998,California
Los Angeles,2021-06-04,52476,9968406,35448,5253003,15341,4333146,1687,382257,16593,937065,35516,4689189,18256,5626254,California
Los Angeles,2021-06-05,42640,10011046,30542,5283545,10713,4343859,1385,383642,12410,920804,30038,4719227,13777,5640031,California
Los Angeles,2021-06-06,14836,10025882,12246,5295791,1849,4345708,741,384383,3997,914769,10766,4729993,4731,5644762,California
Los Angeles,2021-06-07,37030,10062912,26431,5322222,9145,4354853,1454,385837,11799,902974,25028,4755021,13233,5657995,California
Los Angeles,2021-06-08,38465,10101377,26501,5348723,10369,4365222,1595,387432,12800,891997,25358,4780379,14381,5672376,California
Los Angeles,2021-06-09,39966,10141343,28230,5376953,10213,4375435,1523,388955,11774,877348,27918,4808297,13269,5685645,California
Los Angeles,2021-06-10,36715,10178058,25405,5402358,9702,4385137,1608,390563,11592,865647,24883,4833180,13182,5698827,California
Los Angeles,2021-06-11,41300,10219358,28287,5430645,11341,4396478,1672,392235,13515,853343,27476,4860656,15172,5713999,California
Los Angeles,2021-06-12,33470,10252828,24116,5454761,8136,4404614,1218,393453,10335,841919,22964,4883620,11540,5725539,California
Los Angeles,2021-06-13,11533,10264361,8259,5463020,2637,4407251,637,394090,2615,836313,8852,4892472,3246,5728785,California
Los Angeles,2021-06-14,32782,10297143,23575,5486595,7831,4415082,1376,395466,11507,828103,21072,4913544,12862,5741647,California
Los Angeles,2021-06-15,33971,10331114,22787,5509382,9477,4424559,1707,397173,11842,819857,21767,4935311,13521,5755168,California
Los Angeles,2021-06-16,32358,10363472,22363,5531745,8247,4432806,1748,398921,11378,812225,20747,4956058,13115,5768283,California
Los Angeles,2021-06-17,29751,10393223,19942,5551687,8072,4440878,1737,400658,10889,806240,18595,4974653,12610,5780893,California
Los Angeles,2021-06-18,35362,10428585,24342,5576029,9071,4449949,1949,402607,12499,798183,22484,4997137,14427,5795320,California
Los Angeles,2021-06-19,22304,10450889,15047,5591076,5888,4455837,1369,403976,8483,794426,13589,5010726,9832,5805152,California
Los Angeles,2021-06-20,8440,10459329,5945,5597021,2005,4457842,490,404466,3062,792666,5310,5016036,3550,5808702,California
Los Angeles,2021-06-21,19146,10478475,11771,5608792,6000,4463842,1375,405841,10279,795558,8749,5024785,11641,5820343,California
Los Angeles,2021-06-22,26230,10504705,17705,5626497,7009,4470851,1516,407357,10149,791320,15898,5040683,11660,5832003,California
Los Angeles,2021-06-23,24940,10529645,17160,5643657,6383,4477234,1397,408754,10009,787952,14755,5055438,11387,5843390,California
Los Angeles,2021-06-24,24734,10554379,17034,5660691,6094,4483328,1606,410360,9559,784120,14959,5070397,11127,5854517,California
Los Angeles,2021-06-25,29326,10583705,20439,5681130,7276,4490604,1611,411971,11995,780585,17120,5087517,13585,5868102,California
Los Angeles,2021-06-26,19942,10603647,14508,5695638,4418,4495022,1016,412987,8277,778306,11555,5099072,9276,5877378,California
Los Angeles,2021-06-27,8593,10612240,6254,5701892,1907,4496929,432,413419,3632,777468,4892,5103964,4054,5881432,California
Los Angeles,2021-06-28,20054,10632294,15451,5717343,3369,4500298,1234,414653,8762,776293,11161,5115125,9986,5891418,California
Los Angeles,2021-06-29,22414,10654708,15393,5732736,5953,4506251,1068,415721,9837,774767,12419,5127544,10893,5902311,California
Los Angeles,2021-06-30,22146,10676854,15639,5748375,5425,4511676,1082,416803,9982,773823,11992,5139536,11048,5913359,California
Los Angeles,2021-07-01,19934,10696788,14198,5762573,4736,4516412,1000,417803,8987,772969,10829,5150365,9975,5923334,California
Los Angeles,2021-07-02,23485,10720273,16612,5779185,5763,4522175,1110,418913,10592,771921,12732,5163097,11684,5935018,California
Los Angeles,2021-07-03,13547,10733820,9560,5788745,3492,4525667,495,419408,6179,771332,7257,5170354,6668,5941686,California
Los Angeles,2021-07-04,754,10734574,390,5789135,316,4525983,48,419456,350,771336,393,5170747,397,5942083,California
Los Angeles,2021-07-05,11069,10745643,8062,5797197,2734,4528717,273,419729,5158,770935,5834,5176581,5433,5947516,California
Los Angeles,2021-07-06,23852,10769495,17166,5814363,5527,4534244,1159,420888,9167,766732,14522,5191103,10319,5957835,California
Los Angeles,2021-07-07,20157,10789652,14314,5828677,4746,4538990,1097,421985,8517,764821,11510,5202613,9599,5967434,California
Los Angeles,2021-07-08,17961,10807613,12925,5841602,4281,4543271,755,422740,7704,763133,10141,5212754,8453,5975887,California
Los Angeles,2021-07-09,16007,10823620,11373,5852975,3856,4547127,778,423518,6882,761769,9010,5221764,7646,5983533,California
Madera,2020-12-16,22,22,22,22,0,0,0,0,22,22,0,0,22,22,California
Madera,2020-12-17,12,34,12,34,0,0,0,0,12,34,0,0,12,34,California
Madera,2020-12-18,61,95,61,95,0,0,0,0,61,95,0,0,61,95,California
Madera,2020-12-19,5,100,5,100,0,0,0,0,5,100,0,0,5,100,California
Madera,2020-12-20,14,114,14,114,0,0,0,0,14,114,0,0,14,114,California
Madera,2020-12-21,60,174,60,174,0,0,0,0,60,174,0,0,60,174,California
Madera,2020-12-22,97,271,95,269,2,2,0,0,97,271,0,0,97,271,California
Madera,2020-12-23,67,338,67,336,0,2,0,0,67,338,0,0,67,338,California
Madera,2020-12-24,45,383,40,376,5,7,0,0,45,383,0,0,45,383,California
Madera,2020-12-26,27,410,26,402,1,8,0,0,27,410,0,0,27,410,California
Madera,2020-12-27,30,440,12,414,18,26,0,0,30,440,0,0,30,440,California
Madera,2020-12-28,107,547,36,450,71,97,0,0,107,547,0,0,107,547,California
Madera,2020-12-29,176,723,37,487,139,236,0,0,176,723,0,0,176,723,California
Madera,2020-12-30,226,949,90,577,136,372,0,0,226,949,0,0,226,949,California
Madera,2020-12-31,203,1152,81,658,122,494,0,0,203,1152,0,0,203,1152,California
Madera,2021-01-01,2,1154,1,659,1,495,0,0,2,1154,0,0,2,1154,California
Madera,2021-01-02,90,1244,33,692,57,552,0,0,90,1244,0,0,90,1244,California
Madera,2021-01-03,4,1248,4,696,0,552,0,0,4,1248,0,0,4,1248,California
Madera,2021-01-04,130,1378,66,762,64,616,0,0,130,1378,0,0,130,1378,California
Madera,2021-01-05,281,1659,144,906,137,753,0,0,277,1651,4,4,277,1655,California
Madera,2021-01-06,184,1843,27,933,157,910,0,0,164,1795,20,24,164,1819,California
Madera,2021-01-07,400,2243,116,1049,284,1194,0,0,377,2150,23,47,378,2197,California
Madera,2021-01-08,420,2663,72,1121,348,1542,0,0,365,2462,54,101,366,2563,California
Madera,2021-01-09,38,2701,14,1135,24,1566,0,0,29,2482,9,110,29,2592,California
Madera,2021-01-10,17,2718,14,1149,3,1569,0,0,5,2475,12,122,5,2597,California
Madera,2021-01-11,238,2956,190,1339,48,1617,0,0,197,2631,41,163,197,2794,California
Madera,2021-01-12,388,3344,157,1496,231,1848,0,0,284,2811,104,267,284,3078,California
Madera,2021-01-13,184,3528,91,1587,93,1941,0,0,128,2884,56,323,129,3207,California
Madera,2021-01-14,557,4085,84,1671,473,2414,0,0,523,3373,34,357,523,3730,California
Madera,2021-01-15,599,4684,160,1831,439,2853,0,0,577,3928,22,379,577,4307,California
Madera,2021-01-16,381,5065,48,1879,333,3186,0,0,353,4253,28,407,353,4660,California
Madera,2021-01-17,334,5399,15,1894,319,3505,0,0,330,4579,4,411,330,4990,California
Madera,2021-01-18,77,5476,61,1955,16,3521,0,0,58,4619,18,429,58,5048,California
Madera,2021-01-19,566,6042,133,2088,433,3954,0,0,540,5134,26,455,541,5589,California
Madera,2021-01-20,341,6383,184,2272,157,4111,0,0,245,5284,95,550,245,5834,California
Madera,2021-01-21,292,6675,184,2456,108,4219,0,0,227,5448,63,613,227,6061,California
Madera,2021-01-22,261,6936,84,2540,177,4396,0,0,244,5675,17,630,244,6305,California
Madera,2021-01-23,101,7037,53,2593,48,4444,0,0,77,5728,24,654,77,6382,California
Madera,2021-01-24,100,7137,81,2674,19,4463,0,0,78,5784,22,676,78,6460,California
Madera,2021-01-25,266,7403,123,2797,143,4606,0,0,142,5802,124,800,142,6602,California
Madera,2021-01-26,494,7897,191,2988,303,4909,0,0,301,5912,192,992,302,6904,California
Madera,2021-01-27,755,8652,73,3061,682,5591,0,0,617,6393,138,1130,619,7523,California
Madera,2021-01-28,552,9204,112,3173,440,6031,0,0,446,6734,106,1236,447,7970,California
Madera,2021-01-29,472,9676,94,3267,378,6409,0,0,417,7096,55,1291,417,8387,California
Madera,2021-01-30,505,10181,18,3285,487,6896,0,0,451,7493,54,1345,451,8838,California
Madera,2021-01-31,8,10189,5,3290,3,6899,0,0,7,7499,1,1346,7,8845,California
Madera,2021-02-01,333,10522,148,3438,185,7084,0,0,209,7584,124,1470,209,9054,California
Madera,2021-02-02,256,10778,93,3531,163,7247,0,0,163,7656,92,1562,164,9218,California
Madera,2021-02-03,598,11376,459,3990,139,7386,0,0,479,8019,117,1679,480,9698,California
Madera,2021-02-04,399,11775,126,4116,273,7659,0,0,117,7856,281,1960,118,9816,California
Madera,2021-02-05,981,12756,300,4416,681,8340,0,0,372,7626,603,2563,373,10189,California
Madera,2021-02-06,368,13124,330,4746,38,8378,0,0,326,7911,41,2604,326,10515,California
Madera,2021-02-07,35,13159,7,4753,28,8406,0,0,30,7936,5,2609,30,10545,California
Madera,2021-02-08,387,13546,310,5063,77,8483,0,0,270,8090,116,2725,270,10815,California
Madera,2021-02-09,483,14029,118,5181,365,8848,0,0,198,8008,282,3007,200,11015,California
Madera,2021-02-10,434,14463,150,5331,284,9132,0,0,281,8138,151,3158,281,11296,California
Madera,2021-02-11,935,15398,305,5636,630,9762,0,0,399,8004,534,3692,400,11696,California
Madera,2021-02-12,851,16249,121,5757,730,10492,0,0,315,7792,530,4222,318,12014,California
Madera,2021-02-13,483,16732,45,5802,438,10930,0,0,136,7585,346,4568,139,12153,California
Madera,2021-02-14,402,17134,74,5876,328,11258,0,0,136,7456,266,4834,137,12290,California
Madera,2021-02-15,245,17379,98,5974,147,11405,0,0,176,7565,67,4901,176,12466,California
Madera,2021-02-16,780,18159,185,6159,595,12000,0,0,229,7246,549,5450,230,12696,California
Madera,2021-02-17,623,18782,285,6444,338,12338,0,0,344,7320,272,5722,346,13042,California
Madera,2021-02-18,1307,20089,544,6988,763,13101,0,0,1123,8261,183,5905,1124,14166,California
Madera,2021-02-19,869,20958,552,7540,317,13418,0,0,723,8840,145,6050,724,14890,California
Madera,2021-02-20,1081,22039,987,8527,94,13512,0,0,1004,9769,76,6126,1005,15895,California
Madera,2021-02-21,1002,23041,859,9386,143,13655,0,0,994,10756,7,6133,994,16889,California
Madera,2021-02-22,967,24008,889,10275,78,13733,0,0,905,11600,61,6194,905,17794,California
Madera,2021-02-23,771,24779,482,10757,289,14022,0,0,540,11910,230,6424,540,18334,California
Madera,2021-02-24,933,25712,303,11060,630,14652,0,0,382,11742,550,6974,382,18716,California
Madera,2021-02-25,1051,26763,318,11378,733,15385,0,0,602,11898,446,7420,602,19318,California
Madera,2021-02-26,1102,27865,203,11581,899,16284,0,0,712,12222,388,7808,712,20030,California
Madera,2021-02-27,928,28793,294,11875,634,16918,0,0,498,12296,427,8235,501,20531,California
Madera,2021-02-28,192,28985,30,11905,162,17080,0,0,186,12476,6,8241,186,20717,California
Madera,2021-03-01,380,29365,120,12025,260,17340,0,0,194,12489,182,8423,195,20912,California
Madera,2021-03-02,744,30109,349,12374,395,17735,0,0,631,13011,111,8534,633,21545,California
Madera,2021-03-03,1360,31469,727,13101,633,18368,0,0,952,13585,405,8939,979,22524,California
Madera,2021-03-04,1203,32672,525,13626,678,19046,0,0,950,14286,254,9193,955,23479,California
Madera,2021-03-05,1365,34037,422,14048,930,19976,13,13,1079,15106,284,9477,1104,24583,California
Madera,2021-03-06,818,34855,636,14684,150,20126,32,45,498,15318,319,9796,531,25114,California
Madera,2021-03-07,161,35016,28,14712,108,20234,25,70,107,15396,54,9850,132,25246,California
Madera,2021-03-08,609,35625,340,15052,209,20443,60,130,313,15474,296,10146,374,25620,California
Madera,2021-03-09,600,36225,296,15348,270,20713,34,164,409,15736,189,10335,451,26071,California
Madera,2021-03-10,1196,37421,560,15908,556,21269,80,244,757,16140,434,10769,838,26909,California
Madera,2021-03-11,1684,39105,869,16777,487,21756,328,572,768,16336,912,11681,1108,28017,California
Madera,2021-03-12,1584,40689,820,17597,609,22365,155,727,799,16536,782,12463,982,28999,California
Madera,2021-03-13,1891,42580,1330,18927,362,22727,199,926,813,16495,1072,13535,1031,30030,California
Madera,2021-03-14,585,43165,449,19376,104,22831,32,958,285,16517,295,13830,317,30347,California
Madera,2021-03-15,747,43912,231,19607,470,23301,46,1004,512,16881,231,14061,595,30942,California
Madera,2021-03-16,937,44849,529,20136,361,23662,47,1051,741,17493,193,14254,805,31747,California
Madera,2021-03-17,1465,46314,980,21116,422,24084,63,1114,907,18007,549,14803,1063,32810,California
Madera,2021-03-18,1957,48271,689,21805,1204,25288,64,1178,970,18154,979,15782,1126,33936,California
Madera,2021-03-19,1585,49856,590,22395,912,26200,83,1261,1026,18787,555,16337,1188,35124,California
Madera,2021-03-20,1176,51032,771,23166,352,26552,53,1314,581,18894,592,16929,699,35823,California
Madera,2021-03-21,1101,52133,897,24063,158,26710,46,1360,358,18562,738,17667,406,36229,California
Madera,2021-03-22,1355,53488,851,24914,440,27150,64,1424,651,18624,700,18367,762,36991,California
Madera,2021-03-23,1431,54919,876,25790,464,27614,91,1515,670,18712,758,19125,846,37837,California
Madera,2021-03-24,947,55866,508,26298,408,28022,31,1546,613,19032,329,19454,649,38486,California
Madera,2021-03-25,1168,57034,528,26826,615,28637,25,1571,642,19196,516,19970,680,39166,California
Madera,2021-03-26,1519,58553,578,27404,808,29445,133,1704,711,19240,804,20774,848,40014,California
Madera,2021-03-27,930,59483,605,28009,300,29745,25,1729,412,19164,514,21288,438,40452,California
Madera,2021-03-28,438,59921,152,28161,226,29971,60,1789,204,19290,233,21521,359,40811,California
Madera,2021-03-29,685,60606,180,28341,476,30447,29,1818,490,19622,191,21712,523,41334,California
Madera,2021-03-30,1071,61677,605,28946,437,30884,29,1847,475,19535,592,22304,505,41839,California
Madera,2021-03-31,1403,63080,544,29490,721,31605,138,1985,424,19124,973,23277,562,42401,California
Madera,2021-04-01,1392,64472,628,30118,713,32318,51,2036,479,18750,902,24179,528,42929,California
Madera,2021-04-02,1605,66077,461,30579,1085,33403,59,2095,479,18174,1115,25294,539,43468,California
Madera,2021-04-03,961,67038,763,31342,178,33581,20,2115,391,18027,568,25862,421,43889,California
Madera,2021-04-04,186,67224,65,31407,119,33700,2,2117,85,18014,101,25963,88,43977,California
Madera,2021-04-05,739,67963,253,31660,427,34127,59,2176,337,18024,400,26363,410,44387,California
Madera,2021-04-06,1704,69667,886,32546,463,34590,355,2531,528,17733,1174,27537,883,45270,California
Madera,2021-04-07,1230,70897,384,32930,696,35286,150,2681,423,17508,803,28340,578,45848,California
Madera,2021-04-08,1731,72628,670,33600,801,36087,260,2941,556,17164,1166,29506,822,46670,California
Madera,2021-04-09,1656,74284,699,34299,808,36895,149,3090,949,17563,702,30208,1101,47771,California
Madera,2021-04-10,979,75263,686,34985,225,37120,68,3158,712,18075,269,30477,781,48552,California
Madera,2021-04-11,810,76073,656,35641,75,37195,79,3237,287,17919,520,30997,364,48916,California
Madera,2021-04-12,816,76889,295,35936,446,37641,75,3312,316,17812,499,31496,392,49308,California
Madera,2021-04-13,1252,78141,618,36554,592,38233,42,3354,728,18072,519,32015,779,50087,California
Madera,2021-04-14,1400,79541,867,37421,533,38766,0,3354,576,17832,822,32837,582,50669,California
Madera,2021-04-15,1173,80714,510,37931,662,39428,1,3355,424,17521,737,33574,426,51095,California
Madera,2021-04-16,1364,82078,549,38480,815,40243,0,3355,387,16948,963,34537,390,51485,California
Madera,2021-04-17,1294,83372,1091,39571,203,40446,0,3355,774,17205,517,35054,774,52259,California
Madera,2021-04-18,259,83631,220,39791,39,40485,0,3355,88,17127,166,35220,88,52347,California
Madera,2021-04-19,819,84450,245,40036,573,41058,1,3356,285,16884,528,35748,285,52632,California
Madera,2021-04-20,908,85358,457,40493,451,41509,0,3356,236,16454,668,36416,238,52870,California
Madera,2021-04-21,905,86263,494,40987,411,41920,0,3356,304,16160,600,37016,306,53176,California
Madera,2021-04-22,1101,87364,534,41521,567,42487,0,3356,380,15824,717,37733,381,53557,California
Madera,2021-04-23,972,88336,318,41839,654,43141,0,3356,340,15537,627,38360,340,53897,California
Madera,2021-04-24,709,89045,465,42304,244,43385,0,3356,247,15326,459,38819,248,54145,California
Madera,2021-04-25,266,89311,160,42464,103,43488,3,3359,119,15306,143,38962,123,54268,California
Madera,2021-04-26,562,89873,109,42573,447,43935,6,3365,133,15019,426,39388,139,54407,California
Madera,2021-04-27,632,90505,281,42854,326,44261,25,3390,316,15048,313,39701,342,54749,California
Madera,2021-04-28,510,91015,205,43059,286,44547,19,3409,247,15052,261,39962,265,55014,California
Madera,2021-04-29,553,91568,250,43309,276,44823,27,3436,259,15052,287,40249,287,55301,California
Madera,2021-04-30,943,92511,509,43818,418,45241,16,3452,273,14678,664,40913,290,55591,California
Madera,2021-05-01,968,93479,871,44689,84,45325,13,3465,388,14500,579,41492,401,55992,California
Madera,2021-05-02,400,93879,352,45041,43,45368,5,3470,145,14395,255,41747,150,56142,California
Madera,2021-05-03,498,94377,199,45240,259,45627,40,3510,101,14142,394,42141,141,56283,California
Madera,2021-05-04,910,95287,440,45680,426,46053,44,3554,216,13708,694,42835,260,56543,California
Madera,2021-05-05,1023,96310,491,46171,473,46526,59,3613,279,13305,741,43576,338,56881,California
Madera,2021-05-06,710,97020,259,46430,419,46945,32,3645,166,12963,540,44116,198,57079,California
Madera,2021-05-07,824,97844,294,46724,509,47454,21,3666,198,12561,620,44736,218,57297,California
Madera,2021-05-08,974,98818,761,47485,202,47656,11,3677,187,11972,787,45523,198,57495,California
Madera,2021-05-09,148,98966,21,47506,116,47772,11,3688,35,11907,111,45634,46,57541,California
Madera,2021-05-10,362,99328,75,47581,275,48047,12,3700,101,11761,259,45893,113,57654,California
Madera,2021-05-11,538,99866,186,47767,343,48390,9,3709,172,11578,364,46257,181,57835,California
Madera,2021-05-12,505,100371,229,47996,240,48630,36,3745,125,11361,378,46635,161,57996,California
Madera,2021-05-13,511,100882,311,48307,168,48798,32,3777,176,11237,332,46967,208,58204,California
Madera,2021-05-14,539,101421,271,48578,244,49042,24,3801,234,11193,302,47269,258,58462,California
Madera,2021-05-15,564,101985,477,49055,78,49120,9,3810,363,11367,197,47466,371,58833,California
Madera,2021-05-16,257,102242,190,49245,35,49155,32,3842,106,11354,151,47617,138,58971,California
Madera,2021-05-17,451,102693,189,49434,234,49389,28,3870,200,11334,248,47865,228,59199,California
Madera,2021-05-18,551,103244,368,49802,159,49548,24,3894,288,11389,257,48122,312,59511,California
Madera,2021-05-19,488,103732,225,50027,241,49789,22,3916,217,11359,269,48391,239,59750,California
Madera,2021-05-20,595,104327,271,50298,287,50076,37,3953,233,11274,355,48746,270,60020,California
Madera,2021-05-21,504,104831,193,50491,284,50360,27,3980,193,11188,306,49052,220,60240,California
Madera,2021-05-22,902,105733,817,51308,73,50433,12,3992,532,11362,370,49422,544,60784,California
Madera,2021-05-23,269,106002,242,51550,17,50450,10,4002,144,11392,124,49546,154,60938,California
Madera,2021-05-24,309,106311,141,51691,127,50577,41,4043,123,11371,185,49731,164,61102,California
Madera,2021-05-25,382,106693,169,51860,181,50758,32,4075,151,11325,229,49960,183,61285,California
Madera,2021-05-26,445,107138,259,52119,164,50922,22,4097,237,11378,206,50166,259,61544,California
Madera,2021-05-27,373,107511,135,52254,200,51122,38,4135,127,11301,242,50408,165,61709,California
Madera,2021-05-28,449,107960,173,52427,248,51370,28,4163,174,11230,273,50681,202,61911,California
Madera,2021-05-29,307,108267,216,52643,73,51443,18,4181,166,11273,141,50822,184,62095,California
Madera,2021-05-30,60,108327,27,52670,29,51472,4,4185,28,11274,31,50853,32,62127,California
Madera,2021-05-31,26,108353,9,52679,13,51485,4,4189,11,11274,15,50868,15,62142,California
Madera,2021-06-01,288,108641,143,52822,122,51607,23,4212,105,11221,181,51049,128,62270,California
Madera,2021-06-02,394,109035,125,52947,246,51853,23,4235,116,11083,277,51326,139,62409,California
Madera,2021-06-03,282,109317,150,53097,117,51970,15,4250,90,10996,192,51518,105,62514,California
Madera,2021-06-04,382,109699,245,53342,126,52096,11,4261,152,10930,229,51747,163,62677,California
Madera,2021-06-05,516,110215,390,53732,113,52209,13,4274,150,10734,359,52106,163,62840,California
Madera,2021-06-06,135,110350,115,53847,13,52222,7,4281,38,10682,97,52203,45,62885,California
Madera,2021-06-07,249,110599,154,54001,74,52296,21,4302,44,10543,204,52407,65,62950,California
Madera,2021-06-08,388,110987,274,54275,93,52389,21,4323,97,10370,291,52698,118,63068,California
Madera,2021-06-09,375,111362,240,54515,108,52497,27,4350,145,10314,228,52926,172,63240,California
Madera,2021-06-10,344,111706,199,54714,129,52626,16,4366,118,10224,224,53150,134,63374,California
Madera,2021-06-11,383,112089,222,54936,128,52754,33,4399,171,10215,211,53361,202,63576,California
Madera,2021-06-12,574,112663,504,55440,54,52808,16,4415,92,9841,482,53843,108,63684,California
Madera,2021-06-13,194,112857,161,55601,28,52836,5,4420,54,9761,139,53982,59,63743,California
Madera,2021-06-14,227,113084,162,55763,42,52878,23,4443,89,9738,135,54117,112,63855,California
Madera,2021-06-15,362,113446,249,56012,80,52958,33,4476,154,9720,205,54322,187,64042,California
Madera,2021-06-16,327,113773,251,56263,62,53020,14,4490,119,9649,204,54526,133,64175,California
Madera,2021-06-17,264,114037,131,56394,124,53144,9,4499,98,9591,165,54691,107,64282,California
Madera,2021-06-18,279,114316,178,56572,77,53221,24,4523,120,9576,158,54849,143,64425,California
Madera,2021-06-19,247,114563,200,56772,39,53260,8,4531,81,9499,166,55015,89,64514,California
Madera,2021-06-20,55,114618,45,56817,3,53263,7,4538,27,9505,28,55043,34,64548,California
Madera,2021-06-21,167,114785,82,56899,60,53323,25,4563,74,9512,92,55135,99,64647,California
Madera,2021-06-22,235,115020,159,57058,58,53381,18,4581,116,9529,117,55252,134,64781,California
Madera,2021-06-23,263,115283,188,57246,65,53446,10,4591,140,9556,123,55375,150,64931,California
Madera,2021-06-24,206,115489,100,57346,84,53530,22,4613,77,9527,128,55503,99,65030,California
Madera,2021-06-25,260,115749,168,57514,68,53598,24,4637,99,9492,158,55661,123,65153,California
Madera,2021-06-26,182,115931,136,57650,34,53632,12,4649,76,9474,106,55767,88,65241,California
Madera,2021-06-27,110,116041,85,57735,21,53653,4,4653,57,9482,53,55820,61,65302,California
Madera,2021-06-28,155,116196,95,57830,41,53694,19,4672,82,9511,72,55892,101,65403,California
Madera,2021-06-29,213,116409,153,57983,43,53737,17,4689,101,9519,110,56002,118,65521,California
Madera,2021-06-30,215,116624,144,58127,64,53801,7,4696,121,9555,92,56094,128,65649,California
Madera,2021-07-01,183,116807,115,58242,44,53845,24,4720,72,9541,110,56204,96,65745,California
Madera,2021-07-02,231,117038,175,58417,42,53887,14,4734,96,9516,135,56339,110,65855,California
Madera,2021-07-03,166,117204,116,58533,41,53928,9,4743,78,9518,85,56424,87,65942,California
Madera,2021-07-04,11,117215,0,58533,7,53935,4,4747,6,9523,5,56429,10,65952,California
Madera,2021-07-05,111,117326,95,58628,9,53944,7,4754,50,9520,60,56489,57,66009,California
Madera,2021-07-06,343,117669,247,58875,70,54014,26,4780,136,9475,206,56695,161,66170,California
Madera,2021-07-07,208,117877,146,59021,47,54061,15,4795,100,9482,108,56803,115,66285,California
Madera,2021-07-08,187,118064,125,59146,49,54110,13,4808,105,9519,81,56884,118,66403,California
Madera,2021-07-09,174,118238,120,59266,42,54152,12,4820,98,9554,74,56958,109,66512,California
Marin,2020-12-15,2,2,2,2,0,0,0,0,2,2,0,0,2,2,California
Marin,2020-12-16,108,110,108,110,0,0,0,0,108,110,0,0,108,110,California
Marin,2020-12-17,275,385,275,385,0,0,0,0,275,385,0,0,275,385,California
Marin,2020-12-18,389,774,389,774,0,0,0,0,389,774,0,0,389,774,California
Marin,2020-12-19,348,1122,347,1121,1,1,0,0,348,1122,0,0,348,1122,California
Marin,2020-12-20,166,1288,165,1286,1,2,0,0,166,1288,0,0,166,1288,California
Marin,2020-12-21,239,1527,236,1522,3,5,0,0,239,1527,0,0,239,1527,California
Marin,2020-12-22,521,2048,316,1838,205,210,0,0,521,2048,0,0,521,2048,California
Marin,2020-12-23,730,2778,315,2153,415,625,0,0,730,2778,0,0,730,2778,California
Marin,2020-12-24,359,3137,158,2311,201,826,0,0,359,3137,0,0,359,3137,California
Marin,2020-12-25,26,3163,0,2311,26,852,0,0,26,3163,0,0,26,3163,California
Marin,2020-12-26,144,3307,95,2406,49,901,0,0,144,3307,0,0,144,3307,California
Marin,2020-12-27,91,3398,54,2460,37,938,0,0,91,3398,0,0,91,3398,California
Marin,2020-12-28,407,3805,99,2559,308,1246,0,0,407,3805,0,0,407,3805,California
Marin,2020-12-29,400,4205,89,2648,311,1557,0,0,400,4205,0,0,400,4205,California
Marin,2020-12-30,630,4835,390,3038,240,1797,0,0,630,4835,0,0,630,4835,California
Marin,2020-12-31,202,5037,35,3073,167,1964,0,0,201,5035,1,1,201,5036,California
Marin,2021-01-01,32,5069,14,3087,18,1982,0,0,32,5067,0,1,32,5068,California
Marin,2021-01-02,114,5183,109,3196,5,1987,0,0,114,5181,0,1,114,5182,California
Marin,2021-01-03,49,5232,31,3227,18,2005,0,0,45,5226,0,1,45,5227,California
Marin,2021-01-04,299,5531,194,3421,105,2110,0,0,298,5523,1,2,298,5525,California
Marin,2021-01-05,373,5904,225,3646,148,2258,0,0,330,5810,43,45,330,5855,California
Marin,2021-01-06,818,6722,318,3964,500,2758,0,0,638,6268,180,225,638,6493,California
Marin,2021-01-07,884,7606,501,4465,383,3141,0,0,525,6435,359,584,526,7019,California
Marin,2021-01-08,975,8581,517,4982,458,3599,0,0,583,6627,391,975,583,7602,California
Marin,2021-01-09,616,9197,222,5204,394,3993,0,0,486,6983,130,1105,486,8088,California
Marin,2021-01-10,130,9327,101,5305,29,4022,0,0,57,6967,73,1178,57,8145,California
Marin,2021-01-11,471,9798,328,5633,143,4165,0,0,250,6998,221,1399,252,8397,California
Marin,2021-01-12,937,10735,545,6178,392,4557,0,0,568,7201,365,1764,568,8965,California
Marin,2021-01-13,1174,11909,500,6678,674,5231,0,0,941,7909,233,1997,941,9906,California
Marin,2021-01-14,1073,12982,320,6998,753,5984,0,0,922,8682,149,2146,922,10828,California
Marin,2021-01-15,1164,14146,355,7353,809,6793,0,0,1032,9585,131,2277,1034,11862,California
Marin,2021-01-16,1124,15270,916,8269,208,7001,0,0,1048,10557,76,2353,1048,12910,California
Marin,2021-01-17,1229,16499,1110,9379,119,7120,0,0,1199,11730,29,2382,1202,14112,California
Marin,2021-01-18,367,16866,161,9540,206,7326,0,0,317,11997,50,2432,317,14429,California
Marin,2021-01-19,1156,18022,910,10450,246,7572,0,0,984,12810,171,2603,984,15413,California
Marin,2021-01-20,1812,19834,1220,11670,592,8164,0,0,1074,13159,726,3329,1075,16488,California
Marin,2021-01-21,1702,21536,1070,12740,632,8796,0,0,1342,14146,357,3686,1344,17832,California
Marin,2021-01-22,1720,23256,1098,13838,622,9418,0,0,1546,15519,174,3860,1547,19379,California
Marin,2021-01-23,1858,25114,1351,15189,507,9925,0,0,1767,17196,90,3950,1767,21146,California
Marin,2021-01-24,620,25734,166,15355,454,10379,0,0,586,17748,34,3984,586,21732,California
Marin,2021-01-25,1130,26864,235,15590,895,11274,0,0,691,18001,439,4423,692,22424,California
Marin,2021-01-26,1520,28384,781,16371,739,12013,0,0,1137,18756,382,4805,1137,23561,California
Marin,2021-01-27,1730,30114,891,17262,839,12852,0,0,1357,19743,371,5176,1358,24919,California
Marin,2021-01-28,2090,32204,1076,18338,1014,13866,0,0,1824,21303,265,5441,1825,26744,California
Marin,2021-01-29,2215,34419,1438,19776,777,14643,0,0,2017,23136,185,5626,2018,28762,California
Marin,2021-01-30,1719,36138,907,20683,812,15455,0,0,1640,24697,79,5705,1640,30402,California
Marin,2021-01-31,458,36596,320,21003,138,15593,0,0,431,25101,27,5732,431,30833,California
Marin,2021-02-01,1098,37694,414,21417,684,16277,0,0,896,25797,201,5933,897,31730,California
Marin,2021-02-02,1430,39124,497,21914,933,17210,0,0,761,25900,658,6591,761,32491,California
Marin,2021-02-03,1796,40920,434,22348,1362,18572,0,0,1278,26661,517,7108,1278,33769,California
Marin,2021-02-04,1591,42511,503,22851,1088,19660,0,0,987,27048,600,7708,987,34756,California
Marin,2021-02-05,2177,44688,674,23525,1503,21163,0,0,1336,27547,837,8545,1336,36092,California
Marin,2021-02-06,1430,46118,849,24374,581,21744,0,0,600,27320,827,9372,600,36692,California
Marin,2021-02-07,1306,47424,1022,25396,284,22028,0,0,499,27013,806,10178,499,37191,California
Marin,2021-02-08,1544,48968,766,26162,778,22806,0,0,734,26940,807,10985,734,37925,California
Marin,2021-02-09,1792,50760,1130,27292,662,23468,0,0,847,26842,945,11930,847,38772,California
Marin,2021-02-10,2358,53118,1504,28796,854,24322,0,0,1224,26935,1132,13062,1225,39997,California
Marin,2021-02-11,2885,56003,1655,30451,1230,25552,0,0,1455,26969,1425,14487,1459,41456,California
Marin,2021-02-12,3094,59097,1552,32003,1542,27094,0,0,1571,27021,1520,16007,1572,43028,California
Marin,2021-02-13,2345,61442,1250,33253,1095,28189,0,0,1125,26928,1218,17225,1125,44153,California
Marin,2021-02-14,825,62267,310,33563,515,28704,0,0,730,27564,95,17320,731,44884,California
Marin,2021-02-15,1233,63500,361,33924,872,29576,0,0,845,28024,386,17706,846,45730,California
Marin,2021-02-16,2482,65982,1063,34987,1419,30995,0,0,1511,28565,970,18676,1511,47241,California
Marin,2021-02-17,2119,68101,947,35934,1172,32167,0,0,1100,28649,1017,19693,1101,48342,California
Marin,2021-02-18,2445,70546,1600,37534,845,33012,0,0,1067,28344,1372,21065,1067,49409,California
Marin,2021-02-19,2806,73352,2190,39724,616,33628,0,0,1247,28049,1543,22608,1248,50657,California
Marin,2021-02-20,2659,76011,2178,41902,481,34109,0,0,1254,27907,1398,24006,1256,51913,California
Marin,2021-02-21,1355,77366,1151,43053,204,34313,0,0,951,28459,399,24405,951,52864,California
Marin,2021-02-22,1909,79275,1466,44519,443,34756,0,0,1262,29078,643,25048,1262,54126,California
Marin,2021-02-23,2979,82254,1716,46235,1263,36019,0,0,2001,30118,962,26010,2002,56128,California
Marin,2021-02-24,3637,85891,1672,47907,1965,37984,0,0,2326,31145,1300,27310,2327,58455,California
Marin,2021-02-25,4182,90073,1975,49882,2207,40191,0,0,2941,32860,1228,28538,2943,61398,California
Marin,2021-02-26,3740,93813,2033,51915,1707,41898,0,0,2693,34519,1035,29573,2694,64092,California
Marin,2021-02-27,2758,96571,1625,53540,1133,43031,0,0,1906,35581,846,30419,1908,66000,California
Marin,2021-02-28,1648,98219,927,54467,721,43752,0,0,1296,36530,347,30766,1296,67296,California
Marin,2021-03-01,2709,100928,1678,56145,1030,44782,1,1,1827,37485,873,31639,1828,69124,California
Marin,2021-03-02,2536,103464,1692,57837,843,45625,1,2,1736,38428,795,32434,1738,70862,California
Marin,2021-03-03,4356,107820,2429,60266,1923,47548,4,6,2823,39727,1528,33962,2827,73689,California
Marin,2021-03-04,3416,111236,1680,61946,1735,49283,1,7,2327,40977,1082,35044,2332,76021,California
Marin,2021-03-05,3094,114330,1183,63129,1898,51181,13,20,1808,41517,1281,36325,1821,77842,California
Marin,2021-03-06,3245,117575,2325,65454,841,52022,79,99,2666,43688,573,36898,2744,80586,California
Marin,2021-03-07,1441,119016,1181,66635,209,52231,51,150,1006,44313,430,37328,1055,81641,California
Marin,2021-03-08,1917,120933,1391,68026,399,52630,127,277,1428,45382,485,37813,1554,83195,California
Marin,2021-03-09,2243,123176,1342,69368,787,53417,114,391,1550,46353,690,38503,1661,84856,California
Marin,2021-03-10,4477,127653,2512,71880,1671,55088,294,685,3222,48618,1249,39752,3514,88370,California
Marin,2021-03-11,4597,132250,1890,73770,2570,57658,137,822,3295,50757,1293,41045,3432,91802,California
Marin,2021-03-12,4004,136254,1549,75319,2101,59759,354,1176,1562,50244,2427,43472,1914,93716,California
Marin,2021-03-13,4113,140367,2865,78184,1174,60933,74,1250,2393,50991,1713,45185,2460,96176,California
Marin,2021-03-14,2283,142650,1105,79289,1061,61994,117,1367,701,50225,1580,46765,814,96990,California
Marin,2021-03-15,3262,145912,1786,81075,1431,63425,45,1412,1199,49424,2045,48810,1244,98234,California
Marin,2021-03-16,4301,150213,2321,83396,1617,65042,363,1775,1449,48386,2848,51658,1810,100044,California
Marin,2021-03-17,4234,154447,2295,85691,1885,66927,54,1829,2044,48307,2176,53834,2097,102141,California
Marin,2021-03-18,4510,158957,2283,87974,2152,69079,75,1904,2115,48118,2376,56210,2187,104328,California
Marin,2021-03-19,4495,163452,2311,90285,1964,71043,220,2124,2314,48478,2170,58380,2530,106858,California
Marin,2021-03-20,3600,167052,2001,92286,1487,72530,112,2236,1924,48851,1664,60044,2037,108895,California
Marin,2021-03-21,1553,168605,1153,93439,377,72907,23,2259,813,48949,737,60781,835,109730,California
Marin,2021-03-22,2512,171117,2166,95605,178,73085,168,2427,915,48441,1590,62371,1082,110812,California
Marin,2021-03-23,4314,175431,2264,97869,1921,75006,129,2556,1908,48080,2398,64769,2037,112849,California
Marin,2021-03-24,4478,179909,2911,100780,1454,76460,113,2669,1805,47338,2658,67427,1916,114765,California
Marin,2021-03-25,4663,184572,2843,103623,1748,78208,72,2741,2232,47226,2414,69841,2302,117067,California
Marin,2021-03-26,4319,188891,2355,105978,1750,79958,214,2955,2383,47902,1921,71762,2597,119664,California
Marin,2021-03-27,3717,192608,2666,108644,1032,80990,19,2974,1142,46498,2564,74326,1160,120824,California
Marin,2021-03-28,2391,194999,1721,110365,664,81654,6,2980,843,45806,1541,75867,849,121673,California
Marin,2021-03-29,2706,197705,2108,112473,573,82227,25,3005,1144,45416,1559,77426,1169,122842,California
Marin,2021-03-30,4671,202376,3653,116126,984,83211,34,3039,2953,46688,1715,79141,2987,125829,California
Marin,2021-03-31,5849,208225,4141,120267,1658,84869,50,3089,2549,45998,3288,82429,2598,128427,California
Marin,2021-04-01,4475,212700,2292,122559,1921,86790,262,3351,2118,46030,2343,84772,2375,130802,California
Marin,2021-04-02,3747,216447,1855,124414,1520,88310,372,3723,2008,46668,1731,86503,2369,133171,California
Marin,2021-04-03,3872,220319,2522,126936,970,89280,380,4103,1463,46113,2397,88900,1842,135013,California
Marin,2021-04-04,1648,221967,1240,128176,207,89487,201,4304,1199,47065,447,89347,1399,136412,California
Marin,2021-04-05,2233,224200,1543,129719,313,89800,377,4681,1282,47774,947,90294,1656,138068,California
Marin,2021-04-06,4003,228203,2122,131841,1322,91122,559,5240,2215,48765,1779,92073,2770,140838,California
Marin,2021-04-07,4003,232206,2020,133861,1336,92458,647,5887,1466,48348,2527,94600,2110,142948,California
Marin,2021-04-08,5067,237273,1978,135839,2478,94936,611,6498,2309,48514,2745,97345,2911,145859,California
Marin,2021-04-09,4010,241283,1567,137406,1711,96647,732,7230,1325,47887,2680,100025,2053,147912,California
Marin,2021-04-10,3232,244515,1488,138894,1307,97954,437,7667,1454,48008,1764,101789,1885,149797,California
Marin,2021-04-11,1073,245588,815,139709,95,98049,163,7830,478,48055,593,102382,640,150437,California
Marin,2021-04-12,1759,247347,1247,140956,350,98399,162,7992,921,48305,834,103216,1084,151521,California
Marin,2021-04-13,3805,251152,2334,143290,1464,99863,7,7999,1379,47278,2413,105629,1386,152907,California
Marin,2021-04-14,4278,255430,2562,145852,1713,101576,3,8002,1755,46536,2498,108127,1756,154663,California
Marin,2021-04-15,5649,261079,3988,149840,1661,103237,0,8002,3231,47366,2402,110529,3232,157895,California
Marin,2021-04-16,4315,265394,2267,152107,2045,105282,3,8005,2097,47264,2203,112732,2101,159996,California
Marin,2021-04-17,3592,268986,2182,154289,1410,106692,0,8005,1795,47271,1790,114522,1797,161793,California
Marin,2021-04-18,3244,272230,3143,157432,101,106793,0,8005,2558,49146,683,115205,2558,164351,California
Marin,2021-04-19,2073,274303,1894,159326,178,106971,1,8006,1155,49393,910,116115,1157,165508,California
Marin,2021-04-20,3802,278105,2642,161968,1160,108131,0,8006,1484,48571,2307,118422,1485,166993,California
Marin,2021-04-21,4157,282262,3063,165031,1091,109222,3,8009,1405,47243,2734,121156,1406,168399,California
Marin,2021-04-22,4294,286556,3274,168305,1020,110242,0,8009,1503,45971,2779,123935,1507,169906,California
Marin,2021-04-23,3294,289850,1860,170165,1434,111676,0,8009,1258,45206,2024,125959,1259,171165,California
Marin,2021-04-24,2522,292372,1682,171847,839,112515,1,8010,922,44542,1588,127547,924,172089,California
Marin,2021-04-25,1385,293757,1263,173110,122,112637,0,8010,302,43769,1075,128622,302,172391,California
Marin,2021-04-26,1669,295426,1432,174542,234,112871,3,8013,411,42929,1255,129877,415,172806,California
Marin,2021-04-27,3084,298510,2222,176764,811,113682,51,8064,1010,41920,2066,131943,1057,173863,California
Marin,2021-04-28,2358,300868,1628,178392,679,114361,51,8115,739,41095,1614,133557,789,174652,California
Marin,2021-04-29,2945,303813,2021,180413,861,115222,63,8178,821,39866,2114,135671,885,175537,California
Marin,2021-04-30,1990,305803,1291,181704,612,115834,87,8265,705,39382,1276,136947,792,176329,California
Marin,2021-05-01,1841,307644,1027,182731,791,116625,23,8288,541,38654,1291,138238,563,176892,California
Marin,2021-05-02,734,308378,592,183323,113,116738,29,8317,203,38360,525,138763,231,177123,California
Marin,2021-05-03,1227,309605,997,184320,174,116912,56,8373,263,37717,961,139724,318,177441,California
Marin,2021-05-04,2966,312571,1994,186314,880,117792,92,8465,477,35806,2480,142204,569,178010,California
Marin,2021-05-05,2795,315366,2032,188346,637,118429,126,8591,452,34047,2336,144540,577,178587,California
Marin,2021-05-06,3279,318645,2540,190886,650,119079,89,8680,427,31719,2841,147381,513,179100,California
Marin,2021-05-07,2059,320704,1553,192439,420,119499,86,8766,385,30519,1668,149049,468,179568,California
Marin,2021-05-08,2508,323212,1898,194337,488,119987,122,8888,349,28840,2150,151199,471,180039,California
Marin,2021-05-09,990,324202,899,195236,72,120059,19,8907,112,28097,875,152074,132,180171,California
Marin,2021-05-10,1421,325623,1159,196395,192,120251,70,8977,204,27158,1212,153286,273,180444,California
Marin,2021-05-11,2354,327977,1872,198267,425,120676,57,9034,307,25477,2044,155330,363,180807,California
Marin,2021-05-12,1868,329845,1468,199735,331,121007,69,9103,299,24280,1563,156893,366,181173,California
Marin,2021-05-13,2684,332529,2296,202031,333,121340,55,9158,1418,24496,1256,158149,1472,182645,California
Marin,2021-05-14,2211,334740,1455,203486,656,121996,100,9258,882,24155,1322,159471,981,183626,California
Marin,2021-05-15,2758,337498,2277,205763,401,122397,80,9338,1671,24821,1085,160556,1751,185377,California
Marin,2021-05-16,1730,339228,1668,207431,54,122451,8,9346,1401,25903,327,160883,1409,186786,California
Marin,2021-05-17,2148,341376,1995,209426,110,122561,43,9389,1706,27217,435,161318,1749,188535,California
Marin,2021-05-18,1537,342913,1192,210618,290,122851,55,9444,792,27324,738,162056,845,189380,California
Marin,2021-05-19,1574,344487,1244,211862,258,123109,72,9516,773,27372,795,162851,843,190223,California
Marin,2021-05-20,1838,346325,1497,213359,255,123364,86,9602,751,27133,1077,163928,838,191061,California
Marin,2021-05-21,1476,347801,849,214208,578,123942,49,9651,437,26587,1032,164960,486,191547,California
Marin,2021-05-22,1438,349239,1088,215296,292,124234,58,9709,966,27145,466,165426,1024,192571,California
Marin,2021-05-23,488,349727,433,215729,43,124277,12,9721,227,27126,259,165685,240,192811,California
Marin,2021-05-24,672,350399,498,216227,134,124411,40,9761,351,27199,317,166002,390,193201,California
Marin,2021-05-25,1007,351406,627,216854,334,124745,46,9807,317,26877,682,166684,360,193561,California
Marin,2021-05-26,729,352135,492,217346,187,124932,50,9857,262,26727,462,167146,312,193873,California
Marin,2021-05-27,1033,353168,663,218009,291,125223,79,9936,341,26458,689,167835,420,194293,California
Marin,2021-05-28,1111,354279,723,218732,308,125531,80,10016,328,26086,779,168614,407,194700,California
Marin,2021-05-29,376,354655,219,218951,147,125678,10,10026,208,26136,168,168782,218,194918,California
Marin,2021-05-30,97,354752,57,219008,35,125713,5,10031,55,26155,41,168823,60,194978,California
Marin,2021-05-31,28,354780,14,219022,13,125726,1,10032,14,26156,14,168837,15,194993,California
Marin,2021-06-01,755,355535,549,219571,161,125887,45,10077,317,26083,434,169271,361,195354,California
Marin,2021-06-02,629,356164,477,220048,100,125987,52,10129,217,25942,408,169679,267,195621,California
Marin,2021-06-03,1501,357665,1328,221376,114,126101,59,10188,231,24964,1268,170947,290,195911,California
Marin,2021-06-04,1036,358701,862,222238,139,126240,35,10223,184,24334,847,171794,217,196128,California
Marin,2021-06-05,1929,360630,1711,223949,170,126410,48,10271,319,23099,1602,173396,367,196495,California
Marin,2021-06-06,1415,362045,1368,225317,13,126423,34,10305,154,22027,1260,174656,188,196683,California
Marin,2021-06-07,1943,363988,1826,227143,67,126490,50,10355,241,20622,1696,176352,291,196974,California
Marin,2021-06-08,981,364969,870,228013,70,126560,41,10396,231,20151,743,177095,272,197246,California
Marin,2021-06-09,745,365714,669,228682,66,126626,10,10406,137,19691,607,177702,147,197393,California
Marin,2021-06-10,883,366597,771,229453,61,126687,51,10457,178,19219,701,178403,229,197622,California
Marin,2021-06-11,697,367294,581,230034,84,126771,32,10489,150,18855,546,178949,182,197804,California
Marin,2021-06-12,924,368218,793,230827,89,126860,42,10531,153,18281,769,179718,195,197999,California
Marin,2021-06-13,417,368635,385,231212,21,126881,11,10542,65,18009,348,180066,76,198075,California
Marin,2021-06-14,875,369510,747,231959,80,126961,48,10590,213,17611,657,180723,259,198334,California
Marin,2021-06-15,556,370066,443,232402,87,127048,26,10616,176,17435,378,181101,202,198536,California
Marin,2021-06-16,494,370560,403,232805,45,127093,46,10662,160,17313,327,181428,205,198741,California
Marin,2021-06-17,559,371119,481,233286,46,127139,32,10694,194,17175,363,181791,225,198966,California
Marin,2021-06-18,496,371615,381,233667,77,127216,38,10732,173,17069,316,182107,210,199176,California
Marin,2021-06-19,365,371980,293,233960,37,127253,35,10767,143,17024,221,182328,176,199352,California
Marin,2021-06-20,114,372094,89,234049,14,127267,11,10778,48,17017,66,182394,59,199411,California
Marin,2021-06-21,350,372444,248,234297,46,127313,56,10834,139,17002,210,182604,195,199606,California
Marin,2021-06-22,451,372895,351,234648,69,127382,31,10865,139,16864,308,182912,170,199776,California
Marin,2021-06-23,359,373254,296,234944,30,127412,33,10898,120,16778,238,183150,152,199928,California
Marin,2021-06-24,395,373649,304,235248,42,127454,49,10947,132,16698,259,183409,179,200107,California
Marin,2021-06-25,379,374028,276,235524,59,127513,44,10991,171,16707,206,183615,215,200322,California
Marin,2021-06-26,322,374350,271,235795,20,127533,31,11022,116,16648,206,183821,147,200469,California
Marin,2021-06-27,209,374559,161,235956,22,127555,26,11048,68,16602,139,183960,93,200562,California
Marin,2021-06-28,394,374953,335,236291,31,127586,28,11076,134,16506,258,184218,162,200724,California
Marin,2021-06-29,434,375387,340,236631,58,127644,36,11112,152,16415,279,184497,188,200912,California
Marin,2021-06-30,268,375655,229,236860,26,127670,13,11125,115,16392,151,184648,128,201040,California
Marin,2021-07-01,259,375914,200,237060,43,127713,16,11141,104,16358,154,184802,120,201160,California
Marin,2021-07-02,368,376282,294,237354,40,127753,34,11175,147,16321,217,185019,180,201340,California
Marin,2021-07-03,273,376555,221,237575,21,127774,31,11206,115,16309,158,185177,146,201486,California
Marin,2021-07-05,115,376670,88,237663,11,127785,16,11222,40,16290,74,185251,55,201541,California
Marin,2021-07-06,412,377082,338,238001,35,127820,39,11261,146,16213,260,185511,183,201724,California
Marin,2021-07-07,227,377309,186,238187,28,127848,13,11274,93,16186,131,185642,104,201828,California
Marin,2021-07-08,271,377580,218,238405,36,127884,17,11291,98,16129,171,185813,114,201942,California
Marin,2021-07-09,242,377822,200,238605,20,127904,22,11313,104,16117,138,185951,126,202068,California
Mariposa,2020-12-17,38,38,38,38,0,0,0,0,40,40,0,0,40,40,California
Mariposa,2020-12-18,55,93,55,93,0,0,0,0,56,96,0,0,56,96,California
Mariposa,2020-12-20,2,95,2,95,0,0,0,0,2,98,0,0,2,98,California
Mariposa,2020-12-21,49,144,49,144,0,0,0,0,53,151,0,0,53,151,California
Mariposa,2020-12-22,5,149,5,149,0,0,0,0,5,156,0,0,5,156,California
Mariposa,2020-12-23,16,165,16,165,0,0,0,0,16,172,0,0,16,172,California
Mariposa,2020-12-24,1,166,0,165,1,1,0,0,0,172,1,1,1,173,California
Mariposa,2020-12-26,1,167,1,166,0,1,0,0,1,173,0,1,1,174,California
Mariposa,2020-12-27,1,168,0,166,1,2,0,0,1,174,0,1,1,175,California
Mariposa,2020-12-28,6,174,3,169,3,5,0,0,6,180,0,1,6,181,California
Mariposa,2020-12-29,33,207,3,172,30,35,0,0,33,213,0,1,33,214,California
Mariposa,2020-12-30,26,233,4,176,22,57,0,0,26,239,0,1,26,240,California
Mariposa,2020-12-31,17,250,0,176,17,74,0,0,17,256,0,1,17,257,California
Mariposa,2021-01-02,1,251,1,177,0,74,0,0,1,257,0,1,1,258,California
Mariposa,2021-01-04,9,260,2,179,7,81,0,0,9,266,0,1,9,267,California
Mariposa,2021-01-05,24,284,14,193,10,91,0,0,14,270,10,11,14,281,California
Mariposa,2021-01-06,6,290,3,196,3,94,0,0,3,270,3,14,3,284,California
Mariposa,2021-01-07,50,340,45,241,5,99,0,0,5,230,45,59,5,289,California
Mariposa,2021-01-08,110,450,80,321,30,129,0,0,34,188,76,135,34,323,California
Mariposa,2021-01-09,1,451,0,321,1,130,0,0,1,189,0,135,1,324,California
Mariposa,2021-01-11,31,482,10,331,21,151,0,0,23,204,8,143,23,347,California
Mariposa,2021-01-12,19,501,4,335,15,166,0,0,15,215,4,147,15,362,California
Mariposa,2021-01-13,22,523,4,339,18,184,0,0,19,231,3,150,19,381,California
Mariposa,2021-01-14,74,597,7,346,67,251,0,0,68,293,6,156,68,449,California
Mariposa,2021-01-15,68,665,27,373,41,292,0,0,58,341,10,166,58,507,California
Mariposa,2021-01-16,14,679,2,375,12,304,0,0,13,353,1,167,13,520,California
Mariposa,2021-01-17,3,682,1,376,2,306,0,0,2,354,1,168,2,522,California
Mariposa,2021-01-18,4,686,3,379,1,307,0,0,2,354,2,170,2,524,California
Mariposa,2021-01-19,9,695,5,384,4,311,0,0,6,358,2,172,6,530,California
Mariposa,2021-01-20,24,719,1,385,23,334,0,0,23,380,1,173,23,553,California
Mariposa,2021-01-21,66,785,8,393,58,392,0,0,62,438,4,177,62,615,California
Mariposa,2021-01-22,56,841,3,396,53,445,0,0,56,494,0,177,56,671,California
Mariposa,2021-01-23,116,957,2,398,114,559,0,0,114,606,2,179,114,785,California
Mariposa,2021-01-24,2,959,2,400,0,559,0,0,2,608,0,179,2,787,California
Mariposa,2021-01-25,4,963,1,401,3,562,0,0,0,604,4,183,0,787,California
Mariposa,2021-01-26,37,1000,3,404,34,596,0,0,4,579,33,216,8,795,California
Mariposa,2021-01-27,26,1026,2,406,24,620,0,0,13,580,12,228,13,808,California
Mariposa,2021-01-28,127,1153,3,409,124,744,0,0,114,682,12,240,114,922,California
Mariposa,2021-01-29,93,1246,22,431,71,815,0,0,92,773,1,241,92,1014,California
Mariposa,2021-01-30,9,1255,1,432,8,823,0,0,8,780,1,242,8,1022,California
Mariposa,2021-01-31,1,1256,0,432,1,824,0,0,1,781,0,242,1,1023,California
Mariposa,2021-02-01,93,1349,32,464,61,885,0,0,72,832,21,263,72,1095,California
Mariposa,2021-02-02,14,1363,3,467,11,896,0,0,8,834,6,269,8,1103,California
Mariposa,2021-02-03,20,1383,1,468,19,915,0,0,13,841,6,275,13,1116,California
Mariposa,2021-02-04,99,1482,8,476,91,1006,0,0,94,932,4,279,95,1211,California
Mariposa,2021-02-05,194,1676,6,482,188,1194,0,0,167,1072,27,306,167,1378,California
Mariposa,2021-02-06,11,1687,4,486,7,1201,0,0,10,1081,1,307,10,1388,California
Mariposa,2021-02-07,1,1688,0,486,1,1202,0,0,1,1082,0,307,1,1389,California
Mariposa,2021-02-08,42,1730,2,488,40,1242,0,0,23,1086,19,326,23,1412,California
Mariposa,2021-02-09,46,1776,26,514,20,1262,0,0,39,1118,7,333,39,1451,California
Mariposa,2021-02-10,29,1805,5,519,24,1286,0,0,17,1131,11,344,24,1475,California
Mariposa,2021-02-11,381,2186,7,526,374,1660,0,0,364,1481,17,361,367,1842,California
Mariposa,2021-02-12,189,2375,8,534,181,1841,0,0,145,1582,44,405,145,1987,California
Mariposa,2021-02-13,12,2387,3,537,9,1850,0,0,10,1590,2,407,10,1997,California
Mariposa,2021-02-14,8,2395,4,541,4,1854,0,0,5,1592,3,410,5,2002,California
Mariposa,2021-02-15,9,2404,3,544,6,1860,0,0,7,1597,2,412,7,2009,California
Mariposa,2021-02-16,60,2464,36,580,24,1884,0,0,36,1610,24,436,37,2046,California
Mariposa,2021-02-17,38,2502,10,590,28,1912,0,0,28,1630,9,445,29,2075,California
Mariposa,2021-02-18,57,2559,7,597,50,1962,0,0,20,1613,37,482,20,2095,California
Mariposa,2021-02-19,84,2643,4,601,80,2042,0,0,75,1680,9,491,76,2171,California
Mariposa,2021-02-20,259,2902,4,605,255,2297,0,0,226,1875,31,522,226,2397,California
Mariposa,2021-02-21,242,3144,4,609,238,2535,0,0,240,2114,1,523,240,2637,California
Mariposa,2021-02-22,26,3170,10,619,16,2551,0,0,22,2133,3,526,22,2659,California
Mariposa,2021-02-23,43,3213,37,656,6,2557,0,0,25,2140,18,544,25,2684,California
Mariposa,2021-02-24,21,3234,3,659,18,2575,0,0,8,2136,12,556,8,2692,California
Mariposa,2021-02-25,19,3253,9,668,10,2585,0,0,12,2141,7,563,12,2704,California
Mariposa,2021-02-26,421,3674,7,675,414,2999,0,0,354,2429,67,630,355,3059,California
Mariposa,2021-02-27,171,3845,7,682,164,3163,0,0,160,2578,11,641,160,3219,California
Mariposa,2021-02-28,2,3847,1,683,1,3164,0,0,0,2576,2,643,0,3219,California
Mariposa,2021-03-01,87,3934,26,709,61,3225,0,0,18,2526,68,711,18,3237,California
Mariposa,2021-03-02,21,3955,14,723,7,3232,0,0,11,2528,9,720,11,3248,California
Mariposa,2021-03-03,72,4027,6,729,66,3298,0,0,66,2589,6,726,67,3315,California
Mariposa,2021-03-04,43,4070,10,739,33,3331,0,0,21,2589,22,748,22,3337,California
Mariposa,2021-03-05,64,4134,10,749,54,3385,0,0,40,2613,24,772,48,3385,California
Mariposa,2021-03-06,17,4151,7,756,10,3395,0,0,7,2611,10,782,8,3393,California
Mariposa,2021-03-07,1,4152,1,757,0,3395,0,0,0,2610,1,783,0,3393,California
Mariposa,2021-03-08,40,4192,4,761,25,3420,11,11,10,2601,30,813,21,3414,California
Mariposa,2021-03-09,46,4238,18,779,18,3438,10,21,14,2593,32,845,24,3438,California
Mariposa,2021-03-10,34,4272,12,791,12,3450,10,31,10,2590,23,868,20,3458,California
Mariposa,2021-03-11,472,4744,7,798,445,3895,20,51,222,2586,249,1117,245,3703,California
Mariposa,2021-03-12,255,4999,8,806,219,4114,28,79,108,2574,147,1264,135,3838,California
Mariposa,2021-03-13,36,5035,6,812,15,4129,15,94,13,2578,23,1287,27,3865,California
Mariposa,2021-03-14,18,5053,2,814,5,4134,11,105,3,2578,14,1301,14,3879,California
Mariposa,2021-03-15,78,5131,8,822,31,4165,39,144,32,2602,46,1347,70,3949,California
Mariposa,2021-03-16,82,5213,34,856,14,4179,34,178,24,2602,58,1405,58,4007,California
Mariposa,2021-03-17,74,5287,12,868,54,4233,8,186,52,2641,22,1427,61,4068,California
Mariposa,2021-03-18,66,5353,16,884,41,4274,9,195,42,2668,24,1451,51,4119,California
Mariposa,2021-03-19,340,5693,13,897,322,4596,5,200,303,2939,37,1488,308,4427,California
Mariposa,2021-03-20,429,6122,7,904,420,5016,2,202,40,2595,388,1876,44,4471,California
Mariposa,2021-03-21,15,6137,9,913,5,5021,1,203,10,2602,4,1880,11,4482,California
Mariposa,2021-03-22,38,6175,8,921,22,5043,8,211,25,2624,13,1893,35,4517,California
Mariposa,2021-03-23,55,6230,35,956,10,5053,10,221,34,2647,21,1914,44,4561,California
Mariposa,2021-03-24,57,6287,6,962,49,5102,2,223,52,2696,5,1919,54,4615,California
Mariposa,2021-03-25,77,6364,16,978,53,5155,8,231,54,2737,21,1940,62,4677,California
Mariposa,2021-03-26,490,6854,10,988,479,5634,1,232,251,2750,239,2179,252,4929,California
Mariposa,2021-03-27,222,7076,8,996,214,5848,0,232,88,2706,134,2313,90,5019,California
Mariposa,2021-03-28,5,7081,0,996,2,5850,3,235,1,2706,4,2317,4,5023,California
Mariposa,2021-03-29,20,7101,6,1002,14,5864,0,235,12,2710,8,2325,12,5035,California
Mariposa,2021-03-30,37,7138,13,1015,8,5872,16,251,14,2717,23,2348,30,5065,California
Mariposa,2021-03-31,89,7227,16,1031,66,5938,7,258,68,2771,21,2369,75,5140,California
Mariposa,2021-04-01,55,7282,11,1042,35,5973,9,267,34,2793,21,2390,43,5183,California
Mariposa,2021-04-02,350,7632,14,1056,333,6306,3,270,307,3061,42,2432,310,5493,California
Mariposa,2021-04-03,11,7643,8,1064,3,6309,0,270,6,3062,5,2437,6,5499,California
Mariposa,2021-04-04,2,7645,1,1065,0,6309,1,271,0,3061,2,2439,1,5500,California
Mariposa,2021-04-05,34,7679,23,1088,7,6316,4,275,16,3063,18,2457,20,5520,California
Mariposa,2021-04-06,43,7722,21,1109,6,6322,16,291,13,3063,29,2486,29,5549,California
Mariposa,2021-04-07,99,7821,7,1116,73,6395,19,310,28,3039,71,2557,47,5596,California
Mariposa,2021-04-08,280,8101,16,1132,245,6640,19,329,145,3071,133,2690,165,5761,California
Mariposa,2021-04-09,39,8140,9,1141,15,6655,15,344,11,3069,28,2718,26,5787,California
Mariposa,2021-04-10,203,8343,4,1145,189,6844,10,354,187,3251,14,2732,196,5983,California
Mariposa,2021-04-11,124,8467,4,1149,118,6962,2,356,57,3244,67,2799,60,6043,California
Mariposa,2021-04-12,43,8510,14,1163,27,6989,2,358,14,3231,29,2828,16,6059,California
Mariposa,2021-04-13,53,8563,46,1209,7,6996,0,358,34,3246,19,2847,34,6093,California
Mariposa,2021-04-14,113,8676,9,1218,104,7100,0,358,58,3250,54,2901,58,6151,California
Mariposa,2021-04-15,59,8735,17,1235,42,7142,0,358,41,3276,15,2916,41,6192,California
Mariposa,2021-04-16,382,9117,14,1249,368,7510,0,358,106,3107,275,3191,106,6298,California
Mariposa,2021-04-17,10,9127,6,1255,4,7514,0,358,8,3113,2,3193,8,6306,California
Mariposa,2021-04-18,8,9135,0,1255,8,7522,0,358,3,3111,5,3198,3,6309,California
Mariposa,2021-04-19,58,9193,26,1281,32,7554,0,358,30,3115,26,3224,30,6339,California
Mariposa,2021-04-20,62,9255,48,1329,14,7568,0,358,37,3129,23,3247,37,6376,California
Mariposa,2021-04-21,93,9348,15,1344,78,7646,0,358,43,3123,49,3296,43,6419,California
Mariposa,2021-04-22,51,9399,11,1355,40,7686,0,358,38,3149,12,3308,38,6457,California
Mariposa,2021-04-23,316,9715,71,1426,245,7931,0,358,145,3125,171,3479,147,6604,California
Mariposa,2021-04-24,106,9821,10,1436,96,8027,0,358,43,3106,62,3541,43,6647,California
Mariposa,2021-04-26,17,9838,12,1448,5,8032,0,358,6,3101,11,3552,6,6653,California
Mariposa,2021-04-27,34,9872,17,1465,15,8047,2,360,15,3102,16,3568,17,6670,California
Mariposa,2021-04-28,73,9945,13,1478,53,8100,7,367,27,3090,46,3614,34,6704,California
Mariposa,2021-04-29,83,10028,12,1490,70,8170,1,368,78,3164,5,3619,79,6783,California
Mariposa,2021-04-30,211,10239,6,1496,200,8370,5,373,62,3082,149,3768,67,6850,California
Mariposa,2021-05-01,3,10242,2,1498,1,8371,0,373,1,3081,2,3770,1,6851,California
Mariposa,2021-05-02,3,10245,2,1500,0,8371,1,374,0,3079,3,3773,1,6852,California
Mariposa,2021-05-03,16,10261,12,1512,3,8374,1,375,7,3078,9,3782,8,6860,California
Mariposa,2021-05-04,50,10311,31,1543,15,8389,4,379,37,3106,13,3795,41,6901,California
Mariposa,2021-05-05,57,10368,9,1552,46,8435,2,381,18,3087,39,3834,20,6921,California
Mariposa,2021-05-06,57,10425,36,1588,16,8451,5,386,40,3115,17,3851,45,6966,California
Mariposa,2021-05-07,28,10453,8,1596,17,8468,3,389,13,3116,15,3866,16,6982,California
Mariposa,2021-05-08,282,10735,7,1603,275,8743,0,389,33,2902,249,4115,35,7017,California
Mariposa,2021-05-09,2,10737,1,1604,1,8744,0,389,0,2900,2,4117,0,7017,California
Mariposa,2021-05-10,20,10757,9,1613,9,8753,2,391,5,2892,15,4132,7,7024,California
Mariposa,2021-05-11,28,10785,18,1631,10,8763,0,391,21,2907,6,4138,21,7045,California
Mariposa,2021-05-12,68,10853,4,1635,58,8821,6,397,6,2857,62,4200,12,7057,California
Mariposa,2021-05-13,48,10901,8,1643,38,8859,2,399,13,2837,35,4235,15,7072,California
Mariposa,2021-05-14,249,11150,121,1764,121,8980,7,406,117,2829,132,4367,124,7196,California
Mariposa,2021-05-15,19,11169,9,1773,8,8988,2,408,11,2835,6,4373,12,7208,California
Mariposa,2021-05-16,3,11172,1,1774,1,8989,1,409,1,2835,2,4375,2,7210,California
Mariposa,2021-05-17,18,11190,7,1781,7,8996,4,413,7,2834,11,4386,10,7220,California
Mariposa,2021-05-18,63,11253,43,1824,15,9011,5,418,46,2869,16,4402,51,7271,California
Mariposa,2021-05-19,71,11324,32,1856,38,9049,1,419,52,2904,18,4420,53,7324,California
Mariposa,2021-05-20,33,11357,18,1874,13,9062,2,421,12,2897,21,4441,14,7338,California
Mariposa,2021-05-21,94,11451,9,1883,83,9145,2,423,43,2893,49,4490,45,7383,California
Mariposa,2021-05-22,49,11500,7,1890,41,9186,1,424,18,2881,31,4521,19,7402,California
Mariposa,2021-05-23,4,11504,2,1892,1,9187,1,425,2,2882,2,4523,3,7405,California
Mariposa,2021-05-24,14,11518,8,1900,4,9191,2,427,8,2886,6,4529,10,7415,California
Mariposa,2021-05-25,26,11544,16,1916,10,9201,0,427,18,2896,8,4537,18,7433,California
Mariposa,2021-05-26,35,11579,4,1920,27,9228,4,431,28,2921,7,4544,32,7465,California
Mariposa,2021-05-27,120,11699,64,1984,55,9283,1,432,62,2926,58,4602,63,7528,California
Mariposa,2021-05-28,65,11764,5,1989,56,9339,4,436,23,2911,42,4644,27,7555,California
Mariposa,2021-05-29,8,11772,2,1991,5,9344,1,437,3,2912,3,4647,4,7559,California
Mariposa,2021-05-30,1,11773,0,1991,0,9344,1,438,0,2912,1,4648,1,7560,California
Mariposa,2021-05-31,2,11775,0,1991,1,9345,1,439,0,2911,2,4650,1,7561,California
Mariposa,2021-06-01,14,11789,3,1994,11,9356,0,439,5,2907,9,4659,5,7566,California
Mariposa,2021-06-02,26,11815,14,2008,7,9363,5,444,6,2899,19,4678,11,7577,California
Mariposa,2021-06-03,20,11835,10,2018,7,9370,3,447,7,2896,13,4691,10,7587,California
Mariposa,2021-06-04,89,11924,78,2096,9,9379,2,449,26,2862,61,4752,27,7614,California
Mariposa,2021-06-05,30,11954,4,2100,24,9403,2,451,7,2848,23,4775,9,7623,California
Mariposa,2021-06-06,4,11958,3,2103,0,9403,1,452,1,2847,3,4778,2,7625,California
Mariposa,2021-06-07,9,11967,4,2107,5,9408,0,452,3,2845,5,4783,3,7628,California
Mariposa,2021-06-08,46,12013,34,2141,10,9418,2,454,14,2829,32,4815,16,7644,California
Mariposa,2021-06-09,28,12041,21,2162,2,9420,5,459,6,2818,22,4837,11,7655,California
Mariposa,2021-06-10,16,12057,8,2170,5,9425,3,462,6,2818,10,4847,10,7665,California
Mariposa,2021-06-11,43,12100,12,2182,23,9448,8,470,9,2801,34,4881,17,7682,California
Mariposa,2021-06-12,17,12117,11,2193,5,9453,1,471,3,2790,14,4895,3,7685,California
Mariposa,2021-06-13,1,12118,0,2193,0,9453,1,472,0,2790,1,4896,1,7686,California
Mariposa,2021-06-14,13,12131,4,2197,8,9461,1,473,5,2788,8,4904,6,7692,California
Mariposa,2021-06-15,24,12155,12,2209,11,9472,1,474,7,2779,17,4921,8,7700,California
Mariposa,2021-06-16,29,12184,13,2222,15,9487,1,475,8,2767,21,4942,9,7709,California
Mariposa,2021-06-17,11,12195,6,2228,5,9492,0,475,4,2764,7,4949,4,7713,California
Mariposa,2021-06-18,68,12263,49,2277,16,9508,3,478,33,2765,34,4983,35,7748,California
Mariposa,2021-06-19,18,12281,5,2282,13,9521,0,478,6,2759,12,4995,6,7754,California
Mariposa,2021-06-21,11,12292,4,2286,7,9528,0,478,7,2763,3,4998,7,7761,California
Mariposa,2021-06-22,23,12315,9,2295,11,9539,3,481,13,2769,10,5008,16,7777,California
Mariposa,2021-06-23,9,12324,3,2298,3,9542,3,484,5,2773,4,5012,8,7785,California
Mariposa,2021-06-24,12,12336,5,2303,7,9549,0,484,6,2773,6,5018,6,7791,California
Mariposa,2021-06-25,51,12387,23,2326,27,9576,1,485,18,2760,32,5050,19,7810,California
Mariposa,2021-06-26,1,12388,1,2327,0,9576,0,485,0,2759,1,5051,0,7810,California
Mariposa,2021-06-27,1,12389,0,2327,0,9576,1,486,0,2759,1,5052,1,7811,California
Mariposa,2021-06-28,3,12392,3,2330,0,9576,0,486,3,2762,0,5052,3,7814,California
Mariposa,2021-06-29,7,12399,3,2333,3,9579,1,487,3,2762,4,5056,4,7818,California
Mariposa,2021-06-30,2,12401,0,2333,1,9580,1,488,0,2761,2,5058,1,7819,California
Mariposa,2021-07-01,21,12422,17,2350,2,9582,2,490,8,2758,13,5071,10,7829,California
Mariposa,2021-07-02,3,12425,3,2353,0,9582,0,490,2,2760,0,5071,2,7831,California
Mariposa,2021-07-05,4,12429,1,2354,2,9584,1,491,1,2759,3,5074,2,7833,California
Mariposa,2021-07-06,10,12439,3,2357,2,9586,5,496,2,2758,8,5082,7,7840,California
Mariposa,2021-07-07,11,12450,9,2366,1,9587,1,497,7,2762,4,5086,8,7848,California
Mariposa,2021-07-08,30,12480,19,2385,9,9596,2,499,13,2760,17,5103,15,7863,California
Mariposa,2021-07-09,5,12485,3,2388,0,9596,2,501,1,2759,4,5107,3,7866,California
Mendocino,2020-12-17,70,70,70,70,0,0,0,0,70,70,0,0,70,70,California
Mendocino,2020-12-18,85,155,84,154,1,1,0,0,84,154,0,0,84,154,California
Mendocino,2020-12-19,4,159,4,158,0,1,0,0,4,158,0,0,4,158,California
Mendocino,2020-12-20,7,166,7,165,0,1,0,0,7,165,0,0,7,165,California
Mendocino,2020-12-21,237,403,237,402,0,1,0,0,77,242,0,0,77,242,California
Mendocino,2020-12-22,253,656,192,594,61,62,0,0,253,495,0,0,253,495,California
Mendocino,2020-12-23,272,928,48,642,224,286,0,0,271,766,0,0,271,766,California
Mendocino,2020-12-24,49,977,8,650,41,327,0,0,49,815,0,0,49,815,California
Mendocino,2020-12-25,1,978,0,650,1,328,0,0,1,816,0,0,1,816,California
Mendocino,2020-12-26,2,980,2,652,0,328,0,0,2,818,0,0,2,818,California
Mendocino,2020-12-27,1,981,0,652,1,329,0,0,1,819,0,0,1,819,California
Mendocino,2020-12-28,74,1055,9,661,65,394,0,0,74,893,0,0,74,893,California
Mendocino,2020-12-29,122,1177,61,722,61,455,0,0,122,1015,0,0,122,1015,California
Mendocino,2020-12-30,122,1299,69,791,53,508,0,0,122,1137,0,0,122,1137,California
Mendocino,2020-12-31,132,1431,97,888,35,543,0,0,132,1269,0,0,132,1269,California
Mendocino,2021-01-01,10,1441,7,895,3,546,0,0,10,1279,0,0,10,1279,California
Mendocino,2021-01-02,1,1442,1,896,0,546,0,0,1,1280,0,0,1,1280,California
Mendocino,2021-01-04,838,2280,18,914,820,1366,0,0,838,2118,0,0,838,2118,California
Mendocino,2021-01-05,71,2351,36,950,35,1401,0,0,58,2163,13,13,58,2176,California
Mendocino,2021-01-06,158,2509,136,1086,22,1423,0,0,148,2301,10,23,148,2324,California
Mendocino,2021-01-07,361,2870,239,1325,122,1545,0,0,298,2536,63,86,298,2622,California
Mendocino,2021-01-08,95,2965,82,1407,13,1558,0,0,41,2524,54,140,42,2664,California
Mendocino,2021-01-09,10,2975,6,1413,4,1562,0,0,8,2530,2,142,8,2672,California
Mendocino,2021-01-10,9,2984,8,1421,1,1563,0,0,2,2525,7,149,2,2674,California
Mendocino,2021-01-11,103,3087,93,1514,10,1573,0,0,45,2513,57,206,45,2719,California
Mendocino,2021-01-12,389,3476,379,1893,10,1583,0,0,272,2668,117,323,272,2991,California
Mendocino,2021-01-13,497,3973,150,2043,347,1930,0,0,451,3076,44,367,452,3443,California
Mendocino,2021-01-14,658,4631,21,2064,637,2567,0,0,649,3716,9,376,649,4092,California
Mendocino,2021-01-15,1878,6509,869,2933,1009,3576,0,0,1873,5585,5,381,1874,5966,California
Mendocino,2021-01-16,789,7298,48,2981,741,4317,0,0,787,6370,2,383,787,6753,California
Mendocino,2021-01-17,554,7852,1,2982,553,4870,0,0,553,6922,1,384,553,7306,California
Mendocino,2021-01-18,487,8339,462,3444,25,4895,0,0,475,7385,12,396,475,7781,California
Mendocino,2021-01-19,337,8676,151,3595,186,5081,0,0,159,7366,178,574,159,7940,California
Mendocino,2021-01-20,559,9235,410,4005,149,5230,0,0,452,7714,105,679,453,8393,California
Mendocino,2021-01-21,539,9774,226,4231,313,5543,0,0,352,7880,186,865,352,8745,California
Mendocino,2021-01-22,152,9926,61,4292,91,5634,0,0,112,7952,40,905,112,8857,California
Mendocino,2021-01-23,155,10081,84,4376,71,5705,0,0,149,8095,6,911,149,9006,California
Mendocino,2021-01-24,5,10086,3,4379,2,5707,0,0,5,8100,0,911,5,9011,California
Mendocino,2021-01-25,192,10278,18,4397,174,5881,0,0,122,8152,70,981,122,9133,California
Mendocino,2021-01-26,155,10433,55,4452,100,5981,0,0,96,8189,59,1040,96,9229,California
Mendocino,2021-01-27,445,10878,374,4826,71,6052,0,0,178,8107,260,1300,178,9407,California
Mendocino,2021-01-28,605,11483,542,5368,63,6115,0,0,509,8521,95,1395,509,9916,California
Mendocino,2021-01-29,392,11875,352,5720,40,6155,0,0,363,8856,29,1424,364,10280,California
Mendocino,2021-01-30,50,11925,31,5751,19,6174,0,0,43,8892,7,1431,43,10323,California
Mendocino,2021-01-31,276,12201,3,5754,273,6447,0,0,5,8626,271,1702,5,10328,California
Mendocino,2021-02-01,383,12584,54,5808,329,6776,0,0,60,8363,323,2025,60,10388,California
Mendocino,2021-02-02,748,13332,526,6334,222,6998,0,0,386,8387,362,2387,386,10774,California
Mendocino,2021-02-03,399,13731,210,6544,189,7187,0,0,227,8444,170,2557,227,11001,California
Mendocino,2021-02-04,631,14362,535,7079,96,7283,0,0,502,8817,129,2686,502,11503,California
Mendocino,2021-02-05,1306,15668,1216,8295,90,7373,0,0,587,8687,717,3403,587,12090,California
Mendocino,2021-02-06,558,16226,159,8454,399,7772,0,0,543,9215,15,3418,543,12633,California
Mendocino,2021-02-07,34,16260,30,8484,4,7776,0,0,34,9249,0,3418,34,12667,California
Mendocino,2021-02-08,753,17013,720,9204,33,7809,0,0,287,9070,466,3884,287,12954,California
Mendocino,2021-02-09,143,17156,60,9264,83,7892,0,0,89,9105,54,3938,89,13043,California
Mendocino,2021-02-10,1490,18646,924,10188,566,8458,0,0,742,9106,741,4679,742,13785,California
Mendocino,2021-02-11,1214,19860,209,10397,1005,9463,0,0,298,8488,916,5595,298,14083,California
Mendocino,2021-02-12,1458,21318,163,10560,1295,10758,0,0,659,8349,798,6393,659,14742,California
Mendocino,2021-02-13,506,21824,14,10574,492,11250,0,0,104,8057,401,6794,109,14851,California
Mendocino,2021-02-14,695,22519,4,10578,691,11941,0,0,135,7632,560,7354,135,14986,California
Mendocino,2021-02-15,336,22855,43,10621,293,12234,0,0,177,7651,158,7512,177,15163,California
Mendocino,2021-02-16,201,23056,52,10673,149,12383,0,0,128,7706,73,7585,128,15291,California
Mendocino,2021-02-17,1376,24432,1213,11886,163,12546,0,0,886,8104,488,8073,886,16177,California
Mendocino,2021-02-18,1833,26265,688,12574,1145,13691,0,0,1235,8743,596,8669,1235,17412,California
Mendocino,2021-02-19,765,27030,153,12727,612,14303,0,0,621,9222,144,8813,623,18035,California
Mendocino,2021-02-20,582,27612,554,13281,28,14331,0,0,550,9742,30,8843,550,18585,California
Mendocino,2021-02-21,327,27939,9,13290,318,14649,0,0,314,10044,12,8855,314,18899,California
Mendocino,2021-02-22,168,28107,31,13321,137,14786,0,0,71,10020,95,8950,71,18970,California
Mendocino,2021-02-23,869,28976,855,14176,14,14800,0,0,653,10459,214,9164,653,19623,California
Mendocino,2021-02-24,1871,30847,1788,15964,83,14883,0,0,1440,11476,425,9589,1442,21065,California
Mendocino,2021-02-25,1729,32576,553,16517,1176,16059,0,0,1296,12341,431,10020,1296,22361,California
Mendocino,2021-02-26,1452,34028,778,17295,674,16733,0,0,1066,13024,383,10403,1066,23427,California
Mendocino,2021-02-27,203,34231,153,17448,50,16783,0,0,78,12978,124,10527,78,23505,California
Mendocino,2021-02-28,36,34267,14,17462,22,16805,0,0,23,12988,13,10540,23,23528,California
Mendocino,2021-03-01,593,34860,547,18009,46,16851,0,0,551,13500,39,10579,551,24079,California
Mendocino,2021-03-02,76,34936,28,18037,48,16899,0,0,42,13509,33,10612,42,24121,California
Mendocino,2021-03-03,2038,36974,1334,19371,704,17603,0,0,1385,14243,651,11263,1385,25506,California
Mendocino,2021-03-04,1854,38828,152,19523,1702,19305,0,0,1633,15660,218,11481,1635,27141,California
Mendocino,2021-03-05,482,39310,418,19941,55,19360,9,9,374,15939,104,11585,383,27524,California
Mendocino,2021-03-06,250,39560,25,19966,198,19558,27,36,206,16129,43,11628,233,27757,California
Mendocino,2021-03-07,527,40087,27,19993,480,20038,20,56,138,15898,388,12016,157,27914,California
Mendocino,2021-03-08,124,40211,28,20021,59,20097,37,93,64,15941,58,12074,101,28015,California
Mendocino,2021-03-09,941,41152,598,20619,302,20399,41,134,832,16705,109,12183,873,28888,California
Mendocino,2021-03-10,1148,42300,984,21603,99,20498,65,199,266,16163,876,13059,334,29222,California
Mendocino,2021-03-11,849,43149,632,22235,162,20660,55,254,394,16160,452,13511,449,29671,California
Mendocino,2021-03-12,2068,45217,1058,23293,898,21558,112,366,1235,16680,827,14338,1347,31018,California
Mendocino,2021-03-13,705,45922,570,23863,77,21635,58,424,106,16249,595,14933,164,31182,California
Mendocino,2021-03-14,105,46027,3,23866,95,21730,7,431,12,16179,89,15022,19,31201,California
Mendocino,2021-03-15,604,46631,52,23918,493,22223,59,490,210,16056,391,15413,268,31469,California
Mendocino,2021-03-16,584,47215,389,24307,149,22372,46,536,116,15752,466,15879,162,31631,California
Mendocino,2021-03-17,1585,48800,1380,25687,57,22429,148,684,211,14752,1366,17245,366,31997,California
Mendocino,2021-03-18,1306,50106,246,25933,1023,23452,37,721,269,14029,1029,18274,306,32303,California
Mendocino,2021-03-19,1777,51883,855,26788,861,24313,61,782,310,12942,1460,19734,373,32676,California
Mendocino,2021-03-20,71,51954,11,26799,39,24352,21,803,13,12918,58,19792,34,32710,California
Mendocino,2021-03-21,8,51962,1,26800,2,24354,5,808,3,12921,5,19797,8,32718,California
Mendocino,2021-03-22,656,52618,611,27411,16,24370,29,837,146,12589,506,20303,174,32892,California
Mendocino,2021-03-23,165,52783,34,27445,101,24471,30,867,114,12682,51,20354,144,33036,California
Mendocino,2021-03-24,918,53701,843,28288,27,24498,48,915,111,12036,805,21159,159,33195,California
Mendocino,2021-03-25,2018,55719,54,28342,1944,26442,20,935,173,10388,1839,22998,191,33386,California
Mendocino,2021-03-26,548,56267,395,28737,127,26569,26,961,114,10094,433,23431,139,33525,California
Mendocino,2021-03-27,163,56430,33,28770,118,26687,12,973,83,10109,79,23510,94,33619,California
Mendocino,2021-03-28,28,56458,6,28776,18,26705,4,977,4,10094,23,23533,8,33627,California
Mendocino,2021-03-29,191,56649,99,28875,48,26753,44,1021,96,10139,95,23628,140,33767,California
Mendocino,2021-03-30,720,57369,635,29510,48,26801,37,1058,106,9671,611,24239,143,33910,California
Mendocino,2021-03-31,918,58287,280,29790,577,27378,61,1119,154,9125,761,25000,215,34125,California
Mendocino,2021-04-01,1755,60042,427,30217,1247,28625,81,1200,383,8227,1361,26361,463,34588,California
Mendocino,2021-04-02,1311,61353,1077,31294,161,28786,73,1273,158,7308,1150,27511,231,34819,California
Mendocino,2021-04-03,715,62068,14,31308,680,29466,21,1294,88,6795,622,28133,109,34928,California
Mendocino,2021-04-04,71,62139,35,31343,30,29496,6,1300,54,6838,17,28150,60,34988,California
Mendocino,2021-04-05,213,62352,141,31484,48,29544,24,1324,127,6900,86,28236,148,35136,California
Mendocino,2021-04-06,402,62754,125,31609,182,29726,95,1419,108,6810,294,28530,204,35340,California
Mendocino,2021-04-07,493,63247,181,31790,65,29791,247,1666,118,6801,372,28902,363,35703,California
Mendocino,2021-04-08,1495,64742,916,32706,464,30255,115,1781,1003,7433,485,29387,1117,36820,California
Mendocino,2021-04-09,761,65503,430,33136,170,30425,161,1942,399,7631,362,29749,560,37380,California
Mendocino,2021-04-10,406,65909,92,33228,268,30693,46,1988,98,7467,308,30057,144,37524,California
Mendocino,2021-04-11,121,66030,47,33275,19,30712,55,2043,59,7519,62,30119,114,37638,California
Mendocino,2021-04-12,624,66654,515,33790,48,30760,61,2104,409,7774,215,30334,470,38108,California
Mendocino,2021-04-13,292,66946,230,34020,62,30822,0,2104,224,7930,68,30402,224,38332,California
Mendocino,2021-04-14,524,67470,430,34450,94,30916,0,2104,420,8246,104,30506,420,38752,California
Mendocino,2021-04-15,661,68131,328,34778,333,31249,0,2104,386,8362,270,30776,386,39138,California
Mendocino,2021-04-16,127,68258,54,34832,72,31321,1,2105,78,8392,48,30824,78,39216,California
Mendocino,2021-04-17,195,68453,12,34844,183,31504,0,2105,68,8335,125,30949,68,39284,California
Mendocino,2021-04-18,15,68468,7,34851,8,31512,0,2105,8,8338,5,30954,8,39292,California
Mendocino,2021-04-19,542,69010,516,35367,25,31537,1,2106,429,8657,111,31065,430,39722,California
Mendocino,2021-04-20,431,69441,297,35664,134,31671,0,2106,269,8766,160,31225,269,39991,California
Mendocino,2021-04-21,199,69640,136,35800,62,31733,1,2107,118,8805,79,31304,118,40109,California
Mendocino,2021-04-22,489,70129,318,36118,170,31903,1,2108,314,8948,171,31475,314,40423,California
Mendocino,2021-04-23,861,70990,703,36821,158,32061,0,2108,699,9488,159,31634,699,41122,California
Mendocino,2021-04-24,110,71100,16,36837,94,32155,0,2108,102,9582,8,31642,102,41224,California
Mendocino,2021-04-25,58,71158,34,36871,20,32175,4,2112,18,9565,39,31681,22,41246,California
Mendocino,2021-04-26,310,71468,239,37110,66,32241,5,2117,202,9666,106,31787,207,41453,California
Mendocino,2021-04-27,209,71677,92,37202,90,32331,27,2144,97,9678,111,31898,123,41576,California
Mendocino,2021-04-28,224,71901,148,37350,57,32388,19,2163,126,9727,97,31995,146,41722,California
Mendocino,2021-04-29,1144,73045,839,38189,290,32678,15,2178,113,8829,1025,33020,127,41849,California
Mendocino,2021-04-30,607,73652,383,38572,214,32892,10,2188,228,8689,378,33398,238,42087,California
Mendocino,2021-05-01,481,74133,435,39007,38,32930,8,2196,375,8967,105,33503,383,42470,California
Mendocino,2021-05-02,56,74189,46,39053,7,32937,3,2199,8,8931,47,33550,11,42481,California
Mendocino,2021-05-03,146,74335,85,39138,40,32977,21,2220,42,8892,102,33652,63,42544,California
Mendocino,2021-05-04,382,74717,255,39393,95,33072,32,2252,144,8831,237,33889,176,42720,California
Mendocino,2021-05-05,881,75598,792,40185,74,33146,15,2267,225,8415,654,34543,238,42958,California
Mendocino,2021-05-06,635,76233,384,40569,229,33375,22,2289,156,8116,477,35020,178,43136,California
Mendocino,2021-05-07,189,76422,36,40605,128,33503,25,2314,121,8194,67,35087,145,43281,California
Mendocino,2021-05-08,126,76548,5,40610,120,33623,1,2315,110,8290,15,35102,111,43392,California
Mendocino,2021-05-09,22,76570,7,40617,14,33637,1,2316,5,8279,17,35119,6,43398,California
Mendocino,2021-05-10,244,76814,161,40778,78,33715,5,2321,151,8342,93,35212,156,43554,California
Mendocino,2021-05-11,279,77093,143,40921,118,33833,18,2339,130,8341,147,35359,146,43700,California
Mendocino,2021-05-12,144,77237,82,41003,53,33886,9,2348,45,8298,97,35456,54,43754,California
Mendocino,2021-05-13,1234,78471,1121,42124,96,33982,17,2365,321,7724,912,36368,338,44092,California
Mendocino,2021-05-14,721,79192,491,42615,167,34149,63,2428,247,7565,469,36837,310,44402,California
Mendocino,2021-05-15,84,79276,28,42643,52,34201,4,2432,39,7563,45,36882,43,44445,California
Mendocino,2021-05-16,117,79393,104,42747,11,34212,2,2434,99,7648,17,36899,102,44547,California
Mendocino,2021-05-17,178,79571,85,42832,77,34289,16,2450,102,7690,76,36975,118,44665,California
Mendocino,2021-05-18,249,79820,119,42951,99,34388,31,2481,108,7688,140,37115,138,44803,California
Mendocino,2021-05-19,329,80149,191,43142,117,34505,21,2502,243,7869,83,37198,264,45067,California
Mendocino,2021-05-20,299,80448,116,43258,138,34643,45,2547,103,7824,193,37391,148,45215,California
Mendocino,2021-05-21,654,81102,475,43733,164,34807,15,2562,507,8200,146,37537,522,45737,California
Mendocino,2021-05-22,785,81887,675,44408,102,34909,8,2570,240,7904,544,38081,248,45985,California
Mendocino,2021-05-23,29,81916,12,44420,10,34919,7,2577,15,7912,13,38094,21,46006,California
Mendocino,2021-05-24,129,82045,45,44465,63,34982,21,2598,61,7927,67,38161,82,46088,California
Mendocino,2021-05-25,303,82348,180,44645,90,35072,33,2631,135,7928,166,38327,167,46255,California
Mendocino,2021-05-26,324,82672,244,44889,68,35140,12,2643,131,7879,192,38519,143,46398,California
Mendocino,2021-05-27,249,82921,112,45001,112,35252,25,2668,102,7860,145,38664,126,46524,California
Mendocino,2021-05-28,238,83159,98,45099,127,35379,13,2681,153,7944,83,38747,167,46691,California
Mendocino,2021-05-29,49,83208,17,45116,27,35406,5,2686,24,7948,25,38772,29,46720,California
Mendocino,2021-05-30,15,83223,2,45118,12,35418,1,2687,10,7954,5,38777,11,46731,California
Mendocino,2021-05-31,6,83229,0,45118,5,35423,1,2688,2,7954,3,38780,3,46734,California
Mendocino,2021-06-01,312,83541,105,45223,198,35621,9,2697,83,7817,229,39009,92,46826,California
Mendocino,2021-06-02,157,83698,59,45282,90,35711,8,2705,54,7779,100,39109,62,46888,California
Mendocino,2021-06-03,561,84259,456,45738,93,35804,12,2717,124,7485,430,39539,136,47024,California
Mendocino,2021-06-04,318,84577,192,45930,103,35907,23,2740,86,7363,231,39770,109,47133,California
Mendocino,2021-06-05,227,84804,94,46024,115,36022,18,2758,74,7304,151,39921,92,47225,California
Mendocino,2021-06-06,63,84867,58,46082,2,36024,3,2761,2,7248,61,39982,5,47230,California
Mendocino,2021-06-07,148,85015,72,46154,64,36088,12,2773,58,7228,90,40072,70,47300,California
Mendocino,2021-06-08,244,85259,142,46296,88,36176,14,2787,110,7223,129,40201,124,47424,California
Mendocino,2021-06-09,310,85569,249,46545,51,36227,10,2797,106,7136,203,40404,116,47540,California
Mendocino,2021-06-10,131,85700,70,46615,45,36272,16,2813,58,7137,73,40477,74,47614,California
Mendocino,2021-06-11,750,86450,589,47204,133,36405,28,2841,124,6665,624,41101,152,47766,California
Mendocino,2021-06-12,78,86528,53,47257,19,36424,6,2847,28,6650,49,41150,34,47800,California
Mendocino,2021-06-13,29,86557,16,47273,11,36435,2,2849,15,6654,13,41163,17,47817,California
Mendocino,2021-06-14,130,86687,58,47331,53,36488,19,2868,48,6639,81,41244,66,47883,California
Mendocino,2021-06-15,260,86947,167,47498,74,36562,19,2887,85,6568,175,41419,104,47987,California
Mendocino,2021-06-16,274,87221,172,47670,80,36642,22,2909,70,6458,202,41621,92,48079,California
Mendocino,2021-06-17,173,87394,90,47760,62,36704,21,2930,56,6419,116,41737,77,48156,California
Mendocino,2021-06-18,281,87675,128,47888,123,36827,30,2960,80,6329,199,41936,109,48265,California
Mendocino,2021-06-19,76,87751,43,47931,26,36853,7,2967,17,6294,59,41995,24,48289,California
Mendocino,2021-06-20,12,87763,4,47935,4,36857,4,2971,7,6300,5,42000,11,48300,California
Mendocino,2021-06-21,100,87863,34,47969,55,36912,11,2982,43,6299,54,42054,53,48353,California
Mendocino,2021-06-22,133,87996,86,48055,34,36946,13,2995,56,6293,75,42129,69,48422,California
Mendocino,2021-06-23,227,88223,160,48215,37,36983,30,3025,101,6298,126,42255,131,48553,California
Mendocino,2021-06-24,197,88420,110,48325,70,37053,17,3042,73,6265,123,42378,90,48643,California
Mendocino,2021-06-25,184,88604,97,48422,74,37127,13,3055,71,6237,112,42490,84,48727,California
Mendocino,2021-06-26,72,88676,47,48469,21,37148,4,3059,21,6211,51,42541,25,48752,California
Mendocino,2021-06-27,23,88699,13,48482,9,37157,1,3060,13,6215,10,42551,14,48766,California
Mendocino,2021-06-28,64,88763,43,48525,11,37168,10,3070,20,6203,42,42593,30,48796,California
Mendocino,2021-06-29,153,88916,113,48638,38,37206,2,3072,44,6140,109,42702,46,48842,California
Mendocino,2021-06-30,181,89097,147,48785,27,37233,7,3079,57,6082,123,42825,65,48907,California
Mendocino,2021-07-01,114,89211,66,48851,38,37271,10,3089,65,6109,48,42873,75,48982,California
Mendocino,2021-07-02,105,89316,65,48916,30,37301,10,3099,50,6115,54,42927,60,49042,California
Mendocino,2021-07-03,39,89355,28,48944,9,37310,2,3101,18,6114,21,42948,20,49062,California
Mendocino,2021-07-04,1,89356,0,48944,1,37311,0,3101,1,6115,0,42948,1,49063,California
Mendocino,2021-07-05,37,89393,17,48961,15,37326,5,3106,15,6113,22,42970,20,49083,California
Mendocino,2021-07-06,210,89603,156,49117,41,37367,13,3119,88,6092,122,43092,101,49184,California
Mendocino,2021-07-07,85,89688,56,49173,23,37390,6,3125,36,6087,47,43139,42,49226,California
Mendocino,2021-07-08,85,89773,47,49220,31,37421,7,3132,37,6083,48,43187,44,49270,California
Mendocino,2021-07-09,127,89900,85,49305,20,37441,22,3154,57,6093,68,43255,78,49348,California
Merced,2020-12-16,3,3,3,3,0,0,0,0,3,3,0,0,3,3,California
Merced,2020-12-17,9,12,9,12,0,0,0,0,9,12,0,0,9,12,California
Merced,2020-12-18,147,159,147,159,0,0,0,0,147,159,0,0,147,159,California
Merced,2020-12-19,38,197,38,197,0,0,0,0,38,197,0,0,38,197,California
Merced,2020-12-20,18,215,18,215,0,0,0,0,18,215,0,0,18,215,California
Merced,2020-12-21,124,339,121,336,3,3,0,0,124,339,0,0,124,339,California
Merced,2020-12-22,153,492,153,489,0,3,0,0,153,492,0,0,153,492,California
Merced,2020-12-23,255,747,248,737,7,10,0,0,255,747,0,0,255,747,California
Merced,2020-12-24,72,819,72,809,0,10,0,0,72,819,0,0,72,819,California
Merced,2020-12-25,4,823,4,813,0,10,0,0,4,823,0,0,4,823,California
Merced,2020-12-26,6,829,3,816,3,13,0,0,6,829,0,0,6,829,California
Merced,2020-12-27,12,841,11,827,1,14,0,0,12,841,0,0,12,841,California
Merced,2020-12-28,123,964,98,925,25,39,0,0,123,964,0,0,123,964,California
Merced,2020-12-29,194,1158,124,1049,70,109,0,0,194,1158,0,0,194,1158,California
Merced,2020-12-30,218,1376,90,1139,128,237,0,0,218,1376,0,0,218,1376,California
Merced,2020-12-31,102,1478,33,1172,69,306,0,0,102,1478,0,0,102,1478,California
Merced,2021-01-01,6,1484,1,1173,5,311,0,0,6,1484,0,0,6,1484,California
Merced,2021-01-02,131,1615,120,1293,11,322,0,0,131,1615,0,0,131,1615,California
Merced,2021-01-03,9,1624,5,1298,4,326,0,0,9,1624,0,0,9,1624,California
Merced,2021-01-04,82,1706,42,1340,40,366,0,0,82,1706,0,0,82,1706,California
Merced,2021-01-05,330,2036,235,1575,95,461,0,0,324,2026,6,6,326,2032,California
Merced,2021-01-06,259,2295,106,1681,153,614,0,0,251,2271,8,14,253,2285,California
Merced,2021-01-07,188,2483,84,1765,104,718,0,0,175,2432,14,28,175,2460,California
Merced,2021-01-08,526,3009,393,2158,133,851,0,0,373,2653,152,180,373,2833,California
Merced,2021-01-09,22,3031,9,2167,13,864,0,0,17,2665,5,185,17,2850,California
Merced,2021-01-10,11,3042,7,2174,4,868,0,0,7,2668,4,189,7,2857,California
Merced,2021-01-11,230,3272,172,2346,58,926,0,0,101,2643,129,318,104,2961,California
Merced,2021-01-12,298,3570,173,2519,125,1051,0,0,248,2840,51,369,248,3209,California
Merced,2021-01-13,394,3964,178,2697,216,1267,0,0,239,2928,154,523,242,3451,California
Merced,2021-01-14,328,4292,205,2902,123,1390,0,0,161,2924,166,689,162,3613,California
Merced,2021-01-15,592,4884,133,3035,459,1849,0,0,553,3440,40,729,556,4169,California
Merced,2021-01-16,214,5098,130,3165,84,1933,0,0,197,3620,17,746,197,4366,California
Merced,2021-01-17,51,5149,12,3177,39,1972,0,0,49,3667,2,748,49,4415,California
Merced,2021-01-18,269,5418,130,3307,139,2111,0,0,244,3890,25,773,248,4663,California
Merced,2021-01-19,714,6132,588,3895,126,2237,0,0,540,4264,173,946,547,5210,California
Merced,2021-01-20,575,6707,468,4363,107,2344,0,0,518,4728,57,1003,521,5731,California
Merced,2021-01-21,1030,7737,654,5017,376,2720,0,0,927,5556,102,1105,930,6661,California
Merced,2021-01-22,1321,9058,697,5714,624,3344,0,0,1291,6831,29,1134,1304,7965,California
Merced,2021-01-23,336,9394,202,5916,134,3478,0,0,227,6949,109,1243,227,8192,California
Merced,2021-01-24,36,9430,15,5931,21,3499,0,0,28,6970,7,1250,28,8220,California
Merced,2021-01-25,746,10176,246,6177,500,3999,0,0,684,7594,61,1311,685,8905,California
Merced,2021-01-26,948,11124,487,6664,461,4460,0,0,692,8059,228,1539,693,9598,California
Merced,2021-01-27,1006,12130,590,7254,416,4876,0,0,833,8721,171,1710,833,10431,California
Merced,2021-01-28,1161,13291,596,7850,565,5441,0,0,1037,9637,123,1833,1039,11470,California
Merced,2021-01-29,875,14166,315,8165,560,6001,0,0,621,10019,242,2075,624,12094,California
Merced,2021-01-30,269,14435,28,8193,241,6242,0,0,252,10254,17,2092,252,12346,California
Merced,2021-01-31,49,14484,11,8204,38,6280,0,0,47,10300,1,2093,47,12393,California
Merced,2021-02-01,396,14880,51,8255,345,6625,0,0,343,10593,51,2144,344,12737,California
Merced,2021-02-02,315,15195,183,8438,132,6757,0,0,186,10654,126,2270,187,12924,California
Merced,2021-02-03,362,15557,78,8516,284,7041,0,0,180,10653,181,2451,180,13104,California
Merced,2021-02-04,389,15946,160,8676,229,7270,0,0,255,10776,133,2584,256,13360,California
Merced,2021-02-05,522,16468,179,8855,343,7613,0,0,281,10820,239,2823,283,13643,California
Merced,2021-02-06,395,16863,221,9076,174,7787,0,0,251,10931,141,2964,252,13895,California
Merced,2021-02-07,20,16883,13,9089,7,7794,0,0,13,10937,7,2971,13,13908,California
Merced,2021-02-08,290,17173,200,9289,90,7884,0,0,178,11006,110,3081,179,14087,California
Merced,2021-02-09,1227,18400,964,10253,263,8147,0,0,782,11352,437,3518,783,14870,California
Merced,2021-02-10,1908,20308,1446,11699,462,8609,0,0,1310,12074,588,4106,1310,16180,California
Merced,2021-02-11,2564,22872,2043,13742,521,9130,0,0,1843,13210,708,4814,1844,18024,California
Merced,2021-02-12,1745,24617,1028,14770,717,9847,0,0,765,13017,961,5775,768,18792,California
Merced,2021-02-13,371,24988,212,14982,159,10006,0,0,270,13193,96,5871,272,19064,California
Merced,2021-02-14,119,25107,27,15009,92,10098,0,0,97,13269,22,5893,98,19162,California
Merced,2021-02-15,280,25387,43,15052,237,10335,0,0,172,13341,101,5994,173,19335,California
Merced,2021-02-16,1239,26626,856,15908,383,10718,0,0,846,13818,373,6367,850,20185,California
Merced,2021-02-17,1913,28539,1666,17574,247,10965,0,0,1334,14601,559,6926,1342,21527,California
Merced,2021-02-18,1282,29821,875,18449,407,11372,0,0,454,14252,807,7733,458,21985,California
Merced,2021-02-19,1292,31113,440,18889,852,12224,0,0,554,14077,731,8464,556,22541,California
Merced,2021-02-20,292,31405,35,18924,257,12481,0,0,144,14075,146,8610,144,22685,California
Merced,2021-02-21,84,31489,68,18992,16,12497,0,0,31,14055,51,8661,31,22716,California
Merced,2021-02-22,852,32341,299,19291,553,13050,0,0,486,14179,364,9025,488,23204,California
Merced,2021-02-23,1119,33460,432,19723,687,13737,0,0,647,14363,466,9491,650,23854,California
Merced,2021-02-24,861,34321,310,20033,551,14288,0,0,455,14425,394,9885,456,24310,California
Merced,2021-02-25,1833,36154,912,20945,921,15209,0,0,1346,15291,483,10368,1349,25659,California
Merced,2021-02-26,2225,38379,1414,22359,811,16020,0,0,1759,16597,454,10822,1760,27419,California
Merced,2021-02-27,2635,41014,1197,23556,1438,17458,0,0,2341,18646,292,11114,2341,29760,California
Merced,2021-02-28,324,41338,76,23632,247,17705,1,1,257,18840,63,11177,257,30017,California
Merced,2021-03-01,1162,42500,286,23918,875,18580,1,2,788,19265,364,11541,789,30806,California
Merced,2021-03-02,1897,44397,1039,24957,857,19437,1,3,1486,20351,404,11945,1490,32296,California
Merced,2021-03-03,2478,46875,1972,26929,505,19942,1,4,1702,21300,755,12700,1704,34000,California
Merced,2021-03-04,3155,50030,2527,29456,626,20568,2,6,2163,22494,972,13672,2166,36166,California
Merced,2021-03-05,2363,52393,1474,30930,865,21433,24,30,1808,23786,541,14213,1833,37999,California
Merced,2021-03-06,1180,53573,670,31600,488,21921,22,52,912,24453,267,14480,934,38933,California
Merced,2021-03-07,246,53819,71,31671,143,22064,32,84,211,24661,35,14515,243,39176,California
Merced,2021-03-08,1565,55384,950,32621,548,22612,67,151,1328,25819,236,14751,1394,40570,California
Merced,2021-03-09,1890,57274,1145,33766,637,23249,108,259,1221,26488,660,15411,1329,41899,California
Merced,2021-03-10,2967,60241,1989,35755,778,24027,200,459,1637,27017,1312,16723,1841,43740,California
Merced,2021-03-11,2227,62468,840,36595,1182,25209,205,664,1235,27506,972,17695,1461,45201,California
Merced,2021-03-12,2550,65018,1113,37708,1162,26371,275,939,1656,28561,888,18583,1943,47144,California
Merced,2021-03-13,1032,66050,322,38030,468,26839,242,1181,712,29201,312,18895,952,48096,California
Merced,2021-03-14,268,66318,155,38185,82,26921,31,1212,150,29268,114,19009,181,48277,California
Merced,2021-03-15,1723,68041,671,38856,795,27716,257,1469,1187,30186,525,19534,1443,49720,California
Merced,2021-03-16,1665,69706,880,39736,558,28274,227,1696,1142,31045,511,20045,1370,51090,California
Merced,2021-03-17,2322,72028,1393,41129,748,29022,181,1877,1844,32605,466,20511,2026,53116,California
Merced,2021-03-18,2265,74293,1381,42510,734,29756,150,2027,1408,33337,839,21350,1571,54687,California
Merced,2021-03-19,2807,77100,1584,44094,1028,30784,195,2222,1402,33541,1392,22742,1596,56283,California
Merced,2021-03-20,2470,79570,1532,45626,542,31326,396,2618,969,33417,1493,24235,1369,57652,California
Merced,2021-03-21,570,80140,346,45972,211,31537,13,2631,448,33760,120,24355,463,58115,California
Merced,2021-03-22,1283,81423,641,46613,565,32102,77,2708,894,34353,380,24735,973,59088,California
Merced,2021-03-23,1979,83402,1236,47849,677,32779,66,2774,1373,35197,595,25330,1439,60527,California
Merced,2021-03-24,1728,85130,1169,49018,523,33302,36,2810,1005,35528,710,26040,1041,61568,California
Merced,2021-03-25,3630,88760,2559,51577,1048,34350,23,2833,2124,36195,1483,27523,2150,63718,California
Merced,2021-03-26,2207,90967,1345,52922,825,35175,37,2870,901,35857,1275,28798,937,64655,California
Merced,2021-03-27,3600,94567,1927,54849,1250,36425,423,3293,1568,35833,2016,30814,1992,66647,California
Merced,2021-03-28,526,95093,218,55067,301,36726,7,3300,213,35744,310,31124,221,66868,California
Merced,2021-03-29,1960,97053,890,55957,899,37625,171,3471,681,35332,1266,32390,854,67722,California
Merced,2021-03-30,2294,99347,923,56880,1312,38937,59,3530,1012,35129,1276,33666,1073,68795,California
Merced,2021-03-31,2395,101742,1488,58368,722,39659,185,3715,993,34930,1377,35043,1178,69973,California
Merced,2021-04-01,2607,104349,1063,59431,1186,40845,358,4073,1067,34830,1524,36567,1424,71397,California
Merced,2021-04-02,2484,106833,750,60181,1310,42155,424,4497,800,34405,1639,38206,1214,72611,California
Merced,2021-04-03,1098,107931,607,60788,472,42627,19,4516,667,34671,421,38627,687,73298,California
Merced,2021-04-04,374,108305,143,60931,227,42854,4,4520,141,34585,232,38859,146,73444,California
Merced,2021-04-05,1514,109819,832,61763,469,43323,213,4733,411,34116,1093,39952,624,74068,California
Merced,2021-04-06,2613,112432,1070,62833,713,44036,830,5563,892,34124,1713,41665,1721,75789,California
Merced,2021-04-07,1924,114356,1136,63969,680,44716,108,5671,593,33538,1290,42955,704,76493,California
Merced,2021-04-08,2512,116868,1357,65326,935,45651,220,5891,993,33279,1468,44423,1209,77702,California
Merced,2021-04-09,1716,118584,484,65810,653,46304,579,6470,560,33285,1134,45557,1140,78842,California
Merced,2021-04-10,987,119571,371,66181,428,46732,188,6658,178,32846,803,46360,364,79206,California
Merced,2021-04-11,489,120060,282,66463,72,46804,135,6793,148,32791,339,46699,284,79490,California
Merced,2021-04-12,1529,121589,1000,67463,405,47209,124,6917,871,33169,618,47317,996,80486,California
Merced,2021-04-13,2066,123655,1478,68941,586,47795,2,6919,936,33082,1029,48346,942,81428,California
Merced,2021-04-14,2259,125914,1400,70341,859,48654,0,6919,1049,33058,1074,49420,1050,82478,California
Merced,2021-04-15,3060,128974,1995,72336,1065,49719,0,6919,944,32128,1878,51298,948,83426,California
Merced,2021-04-16,2420,131394,1176,73512,1244,50963,0,6919,964,31743,1349,52647,964,84390,California
Merced,2021-04-17,2157,133551,1483,74995,673,51636,1,6920,663,30924,1486,54133,667,85057,California
Merced,2021-04-18,523,134074,298,75293,225,51861,0,6920,200,30829,295,54428,200,85257,California
Merced,2021-04-19,1376,135450,761,76054,615,52476,0,6920,709,30972,566,54994,709,85966,California
Merced,2021-04-20,1560,137010,797,76851,763,53239,0,6920,813,31111,674,55668,813,86779,California
Merced,2021-04-21,1660,138670,1045,77896,615,53854,0,6920,804,31176,740,56408,805,87584,California
Merced,2021-04-22,1728,140398,796,78692,932,54786,0,6920,788,31119,846,57254,789,88373,California
Merced,2021-04-23,1715,142113,732,79424,983,55769,0,6920,923,31300,743,57997,924,89297,California
Merced,2021-04-24,885,142998,707,80131,178,55947,0,6920,555,31531,324,58321,555,89852,California
Merced,2021-04-25,334,143332,193,80324,141,56088,0,6920,192,31587,137,58458,193,90045,California
Merced,2021-04-26,1294,144626,563,80887,731,56819,0,6920,648,31629,608,59066,650,90695,California
Merced,2021-04-27,1844,146470,940,81827,892,57711,12,6932,745,31358,1028,60094,757,91452,California
Merced,2021-04-28,1445,147915,727,82554,710,58421,8,6940,821,31590,598,60692,830,92282,California
Merced,2021-04-29,1512,149427,684,83238,803,59224,25,6965,717,31549,784,61476,743,93025,California
Merced,2021-04-30,1520,150947,655,83893,821,60045,44,7009,786,31653,727,62203,831,93856,California
Merced,2021-05-01,570,151517,243,84136,323,60368,4,7013,267,31627,296,62499,270,94126,California
Merced,2021-05-02,305,151822,123,84259,167,60535,15,7028,126,31591,178,62677,142,94268,California
Merced,2021-05-03,877,152699,575,84834,228,60763,74,7102,317,31428,556,63233,393,94661,California
Merced,2021-05-04,1082,153781,593,85427,437,61200,52,7154,396,31197,679,63912,448,95109,California
Merced,2021-05-05,1476,155257,967,86394,433,61633,76,7230,648,31108,813,64725,724,95833,California
Merced,2021-05-06,954,156211,510,86904,394,62027,50,7280,316,30844,630,65355,366,96199,California
Merced,2021-05-07,1184,157395,523,87427,619,62646,42,7322,462,30635,717,66072,508,96707,California
Merced,2021-05-08,451,157846,253,87680,162,62808,36,7358,218,30657,232,66304,254,96961,California
Merced,2021-05-09,215,158061,107,87787,101,62909,7,7365,96,30642,118,66422,103,97064,California
Merced,2021-05-10,728,158789,384,88171,307,63216,37,7402,201,30357,524,66946,239,97303,California
Merced,2021-05-11,1205,159994,724,88895,421,63637,60,7462,476,30170,723,67669,536,97839,California
Merced,2021-05-12,1124,161118,645,89540,437,64074,42,7504,387,29866,734,68403,430,98269,California
Merced,2021-05-13,951,162069,540,90080,369,64443,42,7546,426,29815,519,68922,468,98737,California
Merced,2021-05-14,1079,163148,664,90744,375,64818,40,7586,568,29918,505,69427,608,99345,California
Merced,2021-05-15,766,163914,582,91326,165,64983,19,7605,454,30092,301,69728,475,99820,California
Merced,2021-05-16,371,164285,254,91580,108,65091,9,7614,215,30164,153,69881,225,100045,California
Merced,2021-05-17,1109,165394,723,92303,356,65447,30,7644,543,30179,559,70440,574,100619,California
Merced,2021-05-18,1290,166684,862,93165,397,65844,31,7675,711,30350,571,71011,742,101361,California
Merced,2021-05-19,1154,167838,763,93928,384,66228,7,7682,645,30501,505,71516,656,102017,California
Merced,2021-05-20,1066,168904,564,94492,446,66674,56,7738,402,30299,662,72178,460,102477,California
Merced,2021-05-21,1202,170106,695,95187,479,67153,28,7766,486,30110,704,72882,515,102992,California
Merced,2021-05-22,786,170892,567,95754,205,67358,14,7780,472,30288,311,73193,489,103481,California
Merced,2021-05-23,359,171251,260,96014,86,67444,13,7793,236,30415,122,73315,249,103730,California
Merced,2021-05-24,635,171886,273,96287,331,67775,31,7824,233,30285,395,73710,265,103995,California
Merced,2021-05-25,776,172662,435,96722,307,68082,34,7858,391,30329,380,74090,424,104419,California
Merced,2021-05-26,1010,173672,560,97282,417,68499,33,7891,402,30159,606,74696,436,104855,California
Merced,2021-05-27,934,174606,657,97939,240,68739,37,7928,559,30385,371,75067,597,105452,California
Merced,2021-05-28,777,175383,353,98292,378,69117,46,7974,333,30329,435,75502,379,105831,California
Merced,2021-05-29,394,175777,273,98565,113,69230,8,7982,160,30267,231,75733,169,106000,California
Merced,2021-05-30,213,175990,144,98709,58,69288,11,7993,128,30321,85,75818,139,106139,California
Merced,2021-05-31,111,176101,25,98734,80,69368,6,7999,31,30281,78,75896,38,106177,California
Merced,2021-06-01,868,176969,542,99276,292,69660,34,8033,316,30085,546,76442,350,106527,California
Merced,2021-06-02,757,177726,484,99760,246,69906,27,8060,341,30044,409,76851,368,106895,California
Merced,2021-06-03,763,178489,484,100244,245,70151,34,8094,300,29921,457,77308,334,107229,California
Merced,2021-06-04,838,179327,453,100697,363,70514,22,8116,307,29727,524,77832,330,107559,California
Merced,2021-06-05,511,179838,404,101101,95,70609,12,8128,190,29613,316,78148,202,107761,California
Merced,2021-06-06,230,180068,193,101294,31,70640,6,8134,82,29553,148,78296,88,107849,California
Merced,2021-06-07,665,180733,533,101827,119,70759,13,8147,195,29293,470,78766,210,108059,California
Merced,2021-06-08,867,181600,640,102467,203,70962,24,8171,274,29003,588,79354,298,108357,California
Merced,2021-06-09,885,182485,652,103119,218,71180,15,8186,264,28673,610,79964,280,108637,California
Merced,2021-06-10,652,183137,448,103567,181,71361,23,8209,264,28579,381,80345,287,108924,California
Merced,2021-06-11,580,183717,370,103937,193,71554,17,8226,242,28505,335,80680,261,109185,California
Merced,2021-06-12,596,184313,487,104424,85,71639,24,8250,178,28291,416,81096,202,109387,California
Merced,2021-06-13,258,184571,134,104558,117,71756,7,8257,63,28166,195,81291,70,109457,California
Merced,2021-06-14,550,185121,360,104918,156,71912,34,8291,250,28154,297,81588,285,109742,California
Merced,2021-06-15,790,185911,562,105480,201,72113,27,8318,270,27940,512,82100,298,110040,California
Merced,2021-06-16,725,186636,504,105984,199,72312,22,8340,331,27909,384,82484,353,110393,California
Merced,2021-06-17,740,187376,564,106548,145,72457,31,8371,238,27684,494,82978,269,110662,California
Merced,2021-06-18,780,188156,511,107059,237,72694,32,8403,391,27725,382,83360,423,111085,California
Merced,2021-06-19,367,188523,252,107311,88,72782,27,8430,198,27783,167,83527,225,111310,California
Merced,2021-06-20,244,188767,190,107501,46,72828,8,8438,142,27832,101,83628,150,111460,California
Merced,2021-06-21,322,189089,196,107697,114,72942,12,8450,200,27923,121,83749,212,111672,California
Merced,2021-06-22,518,189607,358,108055,139,73081,21,8471,254,27935,264,84013,276,111948,California
Merced,2021-06-23,582,190189,362,108417,209,73290,11,8482,289,27950,285,84298,300,112248,California
Merced,2021-06-24,544,190733,383,108800,129,73419,32,8514,251,27945,288,84586,283,112531,California
Merced,2021-06-25,487,191220,341,109141,122,73541,24,8538,254,27997,226,84812,278,112809,California
Merced,2021-06-26,186,191406,127,109268,52,73593,7,8545,91,28003,93,84905,99,112908,California
Merced,2021-06-27,207,191613,146,109414,40,73633,21,8566,120,28058,86,84991,141,113049,California
Merced,2021-06-28,339,191952,223,109637,99,73732,17,8583,177,28093,159,85150,194,113243,California
Merced,2021-06-29,333,192285,197,109834,114,73846,22,8605,156,28095,176,85326,178,113421,California
Merced,2021-06-30,443,192728,250,110084,171,74017,22,8627,245,28169,193,85519,267,113688,California
Merced,2021-07-01,371,193099,247,110331,111,74128,13,8640,212,28236,159,85678,226,113914,California
Merced,2021-07-02,385,193484,269,110600,102,74230,14,8654,213,28295,169,85847,228,114142,California
Merced,2021-07-03,194,193678,122,110722,60,74290,12,8666,100,28315,92,85939,112,114254,California
Merced,2021-07-04,17,193695,5,110727,11,74301,1,8667,8,28315,9,85948,9,114263,California
Merced,2021-07-05,235,193930,154,110881,77,74378,4,8671,127,28338,108,86056,131,114394,California
Merced,2021-07-06,350,194280,220,111101,116,74494,14,8685,150,28307,195,86251,164,114558,California
Merced,2021-07-07,361,194641,204,111305,145,74639,12,8697,159,28278,200,86451,171,114729,California
Merced,2021-07-08,363,195004,263,111568,99,74738,1,8698,155,28227,208,86659,157,114886,California
Merced,2021-07-09,332,195336,227,111795,85,74823,20,8718,142,28199,189,86848,161,115047,California
Modoc,2020-12-16,1,1,1,1,0,0,0,0,1,1,0,0,1,1,California
Modoc,2020-12-21,99,100,99,100,0,0,0,0,99,100,0,0,99,100,California
Modoc,2020-12-22,14,114,14,114,0,0,0,0,14,114,0,0,14,114,California
Modoc,2020-12-23,4,118,4,118,0,0,0,0,4,118,0,0,4,118,California
Modoc,2020-12-24,1,119,1,119,0,0,0,0,1,119,0,0,1,119,California
Modoc,2020-12-28,2,121,2,121,0,0,0,0,2,121,0,0,2,121,California
Modoc,2020-12-29,10,131,1,122,9,9,0,0,10,131,0,0,10,131,California
Modoc,2020-12-30,7,138,0,122,7,16,0,0,7,138,0,0,7,138,California
Modoc,2021-01-02,3,141,1,123,2,18,0,0,3,141,0,0,3,141,California
Modoc,2021-01-04,8,149,0,123,8,26,0,0,8,149,0,0,8,149,California
Modoc,2021-01-05,3,152,2,125,1,27,0,0,3,152,0,0,3,152,California
Modoc,2021-01-06,3,155,2,127,1,28,0,0,2,153,1,1,2,154,California
Modoc,2021-01-07,72,227,0,127,72,100,0,0,72,225,0,1,72,226,California
Modoc,2021-01-08,105,332,0,127,105,205,0,0,105,330,0,1,105,331,California
Modoc,2021-01-10,1,333,1,128,0,205,0,0,0,329,1,2,0,331,California
Modoc,2021-01-11,90,423,81,209,9,214,0,0,19,277,71,73,19,350,California
Modoc,2021-01-12,94,517,25,234,69,283,0,0,68,319,26,99,68,418,California
Modoc,2021-01-13,24,541,4,238,20,303,0,0,22,339,2,101,22,440,California
Modoc,2021-01-14,128,669,6,244,122,425,0,0,123,457,5,106,123,563,California
Modoc,2021-01-15,6,675,1,245,5,430,0,0,6,463,0,106,6,569,California
Modoc,2021-01-16,2,677,1,246,1,431,0,0,2,465,0,106,2,571,California
Modoc,2021-01-18,3,680,1,247,2,433,0,0,3,468,0,106,3,574,California
Modoc,2021-01-19,5,685,3,250,2,435,0,0,3,469,2,108,3,577,California
Modoc,2021-01-20,11,696,1,251,10,445,0,0,11,480,0,108,11,588,California
Modoc,2021-01-21,157,853,2,253,155,600,0,0,157,637,0,108,157,745,California
Modoc,2021-01-22,2,855,0,253,2,602,0,0,2,639,0,108,2,747,California
Modoc,2021-01-25,11,866,0,253,11,613,0,0,11,650,0,108,11,758,California
Modoc,2021-01-26,65,931,1,254,64,677,0,0,65,715,0,108,65,823,California
Modoc,2021-01-27,43,974,3,257,40,717,0,0,27,726,16,124,27,850,California
Modoc,2021-01-28,146,1120,2,259,144,861,0,0,145,870,1,125,145,995,California
Modoc,2021-01-29,3,1123,1,260,2,863,0,0,3,873,0,125,3,998,California
Modoc,2021-02-01,26,1149,13,273,13,876,0,0,12,871,14,139,12,1010,California
Modoc,2021-02-02,170,1319,2,275,168,1044,0,0,167,1035,3,142,167,1177,California
Modoc,2021-02-03,18,1337,13,288,5,1049,0,0,11,1039,7,149,11,1188,California
Modoc,2021-02-04,155,1492,4,292,151,1200,0,0,27,938,128,277,27,1215,California
Modoc,2021-02-05,2,1494,2,294,0,1200,0,0,1,938,1,278,1,1216,California
Modoc,2021-02-08,9,1503,2,296,7,1207,0,0,8,945,1,279,8,1224,California
Modoc,2021-02-09,197,1700,13,309,184,1391,0,0,65,878,132,411,65,1289,California
Modoc,2021-02-10,5,1705,2,311,3,1394,0,0,4,881,1,412,4,1293,California
Modoc,2021-02-11,202,1907,3,314,199,1593,0,0,85,849,117,529,85,1378,California
Modoc,2021-02-12,4,1911,0,314,4,1597,0,0,2,849,2,531,2,1380,California
Modoc,2021-02-13,2,1913,0,314,2,1599,0,0,1,849,1,532,1,1381,California
Modoc,2021-02-16,147,2060,6,320,141,1740,0,0,141,984,6,538,141,1522,California
Modoc,2021-02-17,25,2085,2,322,23,1763,0,0,12,983,13,551,12,1534,California
Modoc,2021-02-18,187,2272,2,324,185,1948,0,0,23,845,163,714,25,1559,California
Modoc,2021-02-19,3,2275,3,327,0,1948,0,0,2,846,1,715,2,1561,California
Modoc,2021-02-20,1,2276,1,328,0,1948,0,0,0,845,1,716,0,1561,California
Modoc,2021-02-22,19,2295,9,337,10,1958,0,0,3,832,16,732,3,1564,California
Modoc,2021-02-23,20,2315,2,339,18,1976,0,0,1,814,19,751,1,1565,California
Modoc,2021-02-24,91,2406,1,340,90,2066,0,0,31,785,60,811,31,1596,California
Modoc,2021-02-25,169,2575,0,340,169,2235,0,0,12,640,157,968,12,1608,California
Modoc,2021-02-26,3,2578,0,340,3,2238,0,0,1,639,2,970,1,1609,California
Modoc,2021-02-27,4,2582,4,344,0,2238,0,0,2,639,2,972,2,1611,California
Modoc,2021-03-01,6,2588,0,344,6,2244,0,0,1,636,4,976,1,1612,California
Modoc,2021-03-02,193,2781,12,356,181,2425,0,0,26,495,167,1143,26,1638,California
Modoc,2021-03-03,12,2793,6,362,6,2431,0,0,2,487,10,1153,2,1640,California
Modoc,2021-03-04,174,2967,2,364,172,2603,0,0,147,607,27,1180,147,1787,California
Modoc,2021-03-05,3,2970,3,367,0,2603,0,0,2,608,1,1181,2,1789,California
Modoc,2021-03-06,11,2981,0,367,1,2604,10,10,1,609,10,1191,11,1800,California
Modoc,2021-03-07,8,2989,2,369,0,2604,6,16,2,611,6,1197,8,1808,California
Modoc,2021-03-08,8,2997,1,370,3,2607,4,20,1,610,6,1203,5,1813,California
Modoc,2021-03-09,127,3124,10,380,108,2715,9,29,61,614,66,1269,70,1883,California
Modoc,2021-03-10,9,3133,3,383,2,2717,4,33,4,617,5,1274,8,1891,California
Modoc,2021-03-11,207,3340,0,383,99,2816,108,141,22,562,185,1459,130,2021,California
Modoc,2021-03-12,10,3350,1,384,4,2820,5,146,4,565,6,1465,9,2030,California
Modoc,2021-03-13,6,3356,0,384,3,2823,3,149,1,564,5,1470,4,2034,California
Modoc,2021-03-15,12,3368,1,385,10,2833,1,150,10,573,2,1472,11,2045,California
Modoc,2021-03-16,174,3542,2,387,168,3001,4,154,42,486,132,1604,45,2090,California
Modoc,2021-03-17,10,3552,1,388,4,3005,5,159,2,485,8,1612,7,2097,California
Modoc,2021-03-18,66,3618,2,390,57,3062,7,166,34,494,32,1644,41,2138,California
Modoc,2021-03-19,5,3623,0,390,0,3062,5,171,0,494,5,1649,5,2143,California
Modoc,2021-03-20,5,3628,2,392,0,3062,3,174,0,492,5,1654,3,2146,California
Modoc,2021-03-21,3,3631,1,393,0,3062,2,176,1,493,2,1656,3,2149,California
Modoc,2021-03-22,17,3648,1,394,11,3073,5,181,12,505,5,1661,17,2166,California
Modoc,2021-03-23,37,3685,7,401,27,3100,3,184,28,527,9,1670,31,2197,California
Modoc,2021-03-24,29,3714,1,402,18,3118,10,194,1,510,28,1698,11,2208,California
Modoc,2021-03-25,76,3790,1,403,73,3191,2,196,44,524,32,1730,46,2254,California
Modoc,2021-03-26,7,3797,2,405,2,3193,3,199,2,524,5,1735,5,2259,California
Modoc,2021-03-27,2,3799,0,405,1,3194,1,200,1,525,1,1736,2,2261,California
Modoc,2021-03-28,2,3801,1,406,0,3194,1,201,0,524,2,1738,1,2262,California
Modoc,2021-03-29,14,3815,1,407,5,3199,8,209,5,528,9,1747,13,2275,California
Modoc,2021-03-30,54,3869,9,416,38,3237,7,216,20,521,34,1781,27,2302,California
Modoc,2021-03-31,10,3879,3,419,3,3240,4,220,4,523,6,1787,8,2310,California
Modoc,2021-04-01,167,4046,2,421,160,3400,5,225,32,425,135,1922,37,2347,California
Modoc,2021-04-02,5,4051,0,421,2,3402,3,228,1,426,3,1925,4,2351,California
Modoc,2021-04-03,5,4056,2,423,0,3402,3,231,2,428,2,1927,4,2355,California
Modoc,2021-04-05,9,4065,0,423,9,3411,0,231,9,437,0,1927,9,2364,California
Modoc,2021-04-06,24,4089,5,428,9,3420,10,241,6,435,18,1945,16,2380,California
Modoc,2021-04-07,12,4101,1,429,4,3424,7,248,3,436,9,1954,10,2390,California
Modoc,2021-04-08,95,4196,1,430,92,3516,2,250,26,395,69,2023,28,2418,California
Modoc,2021-04-09,11,4207,2,432,6,3522,3,253,2,390,9,2032,4,2422,California
Modoc,2021-04-10,5,4212,0,432,1,3523,4,257,0,389,5,2037,4,2426,California
Modoc,2021-04-11,2,4214,2,434,0,3523,0,257,1,389,1,2038,1,2427,California
Modoc,2021-04-12,14,4228,0,434,10,3533,4,261,1,383,11,2049,5,2432,California
Modoc,2021-04-13,30,4258,29,463,1,3534,0,261,21,395,9,2058,21,2453,California
Modoc,2021-04-14,2,4260,2,465,0,3534,0,261,1,395,1,2059,1,2454,California
Modoc,2021-04-15,100,4360,0,465,100,3634,0,261,27,350,72,2131,27,2481,California
Modoc,2021-04-16,4,4364,4,469,0,3634,0,261,3,352,1,2132,3,2484,California
Modoc,2021-04-17,2,4366,2,471,0,3634,0,261,2,354,0,2132,2,2486,California
Modoc,2021-04-18,1,4367,0,471,1,3635,0,261,1,355,0,2132,1,2487,California
Modoc,2021-04-19,7,4374,0,471,7,3642,0,261,2,352,5,2137,2,2489,California
Modoc,2021-04-20,26,4400,2,473,24,3666,0,261,8,342,18,2155,8,2497,California
Modoc,2021-04-21,3,4403,3,476,0,3666,0,261,1,341,2,2157,1,2498,California
Modoc,2021-04-22,94,4497,1,477,93,3759,0,261,38,323,56,2213,38,2536,California
Modoc,2021-04-23,4,4501,0,477,4,3763,0,261,3,325,1,2214,3,2539,California
Modoc,2021-04-24,2,4503,0,477,1,3764,1,262,1,326,1,2215,2,2541,California
Modoc,2021-04-25,1,4504,1,478,0,3764,0,262,1,327,0,2215,1,2542,California
Modoc,2021-04-26,7,4511,0,478,7,3771,0,262,2,324,5,2220,2,2544,California
Modoc,2021-04-27,5,4516,4,482,0,3771,1,263,0,320,5,2225,1,2545,California
Modoc,2021-04-28,7,4523,1,483,5,3776,1,264,2,318,5,2230,3,2548,California
Modoc,2021-04-29,63,4586,2,485,61,3837,0,264,22,299,41,2271,22,2570,California
Modoc,2021-04-30,4,4590,3,488,1,3838,0,264,2,299,2,2273,2,2572,California
Modoc,2021-05-01,1,4591,1,489,0,3838,0,264,0,298,1,2274,0,2572,California
Modoc,2021-05-02,3,4594,3,492,0,3838,0,264,2,299,1,2275,2,2574,California
Modoc,2021-05-03,12,4606,0,492,11,3849,1,265,2,292,10,2285,3,2577,California
Modoc,2021-05-04,11,4617,3,495,6,3855,2,267,5,293,6,2291,7,2584,California
Modoc,2021-05-05,27,4644,24,519,2,3857,1,268,8,283,19,2310,9,2593,California
Modoc,2021-05-06,54,4698,3,522,49,3906,2,270,21,273,33,2343,23,2616,California
Modoc,2021-05-07,8,4706,3,525,3,3909,2,272,2,271,6,2349,4,2620,California
Modoc,2021-05-08,3,4709,2,527,0,3909,1,273,1,271,2,2351,2,2622,California
Modoc,2021-05-09,1,4710,1,528,0,3909,0,273,0,270,1,2352,0,2622,California
Modoc,2021-05-10,2,4712,0,528,1,3910,1,274,1,271,1,2353,2,2624,California
Modoc,2021-05-11,3,4715,2,530,0,3910,1,275,0,269,3,2356,1,2625,California
Modoc,2021-05-12,2,4717,0,530,0,3910,2,277,0,269,2,2358,2,2627,California
Modoc,2021-05-13,42,4759,0,530,38,3948,4,281,14,259,28,2386,18,2645,California
Modoc,2021-05-14,8,4767,3,533,0,3948,5,286,3,262,5,2391,8,2653,California
Modoc,2021-05-15,4,4771,3,536,1,3949,0,286,4,266,0,2391,4,2657,California
Modoc,2021-05-16,2,4773,1,537,1,3950,0,286,0,264,2,2393,0,2657,California
Modoc,2021-05-17,5,4778,3,540,2,3952,0,286,4,267,1,2394,4,2661,California
Modoc,2021-05-18,23,4801,12,552,9,3961,2,288,14,274,9,2403,16,2677,California
Modoc,2021-05-19,8,4809,1,553,3,3964,4,292,4,278,4,2407,8,2685,California
Modoc,2021-05-20,59,4868,3,556,47,4011,9,301,8,244,51,2458,17,2702,California
Modoc,2021-05-21,6,4874,4,560,1,4012,1,302,1,241,5,2463,2,2704,California
Modoc,2021-05-22,3,4877,2,562,1,4013,0,302,2,242,1,2464,2,2706,California
Modoc,2021-05-23,2,4879,2,564,0,4013,0,302,0,240,2,2466,0,2706,California
Modoc,2021-05-24,4,4883,1,565,1,4014,2,304,2,242,2,2468,4,2710,California
Modoc,2021-05-25,2,4885,1,566,1,4015,0,304,1,242,1,2469,1,2711,California
Modoc,2021-05-26,36,4921,33,599,3,4018,0,304,27,260,9,2478,27,2738,California
Modoc,2021-05-27,28,4949,1,600,22,4040,5,309,6,249,22,2500,11,2749,California
Modoc,2021-05-28,8,4957,1,601,4,4044,3,312,3,250,5,2505,6,2755,California
Modoc,2021-05-29,1,4958,1,602,0,4044,0,312,0,249,1,2506,0,2755,California
Modoc,2021-05-31,1,4959,0,602,0,4044,1,313,0,249,0,2506,0,2755,California
Modoc,2021-06-01,6,4965,0,602,5,4049,1,314,2,248,4,2510,3,2758,California
Modoc,2021-06-02,7,4972,0,602,5,4054,2,316,3,249,4,2514,5,2763,California
Modoc,2021-06-03,25,4997,1,603,22,4076,2,318,4,234,21,2535,6,2769,California
Modoc,2021-06-04,5,5002,3,606,1,4077,1,319,0,230,5,2540,1,2770,California
Modoc,2021-06-05,1,5003,0,606,1,4078,0,319,0,229,1,2541,0,2770,California
Modoc,2021-06-07,4,5007,4,610,0,4078,0,319,1,227,3,2544,1,2771,California
Modoc,2021-06-08,29,5036,10,620,18,4096,1,320,18,235,11,2555,19,2790,California
Modoc,2021-06-09,3,5039,2,622,1,4097,0,320,2,236,1,2556,2,2792,California
Modoc,2021-06-10,21,5060,1,623,19,4116,1,321,7,230,14,2570,8,2800,California
Modoc,2021-06-11,4,5064,2,625,1,4117,1,322,2,231,2,2572,3,2803,California
Modoc,2021-06-12,1,5065,1,626,0,4117,0,322,0,230,1,2573,0,2803,California
Modoc,2021-06-14,4,5069,0,626,2,4119,2,324,0,228,4,2577,2,2805,California
Modoc,2021-06-15,7,5076,1,627,4,4123,2,326,4,231,3,2580,6,2811,California
Modoc,2021-06-16,41,5117,25,652,11,4134,5,331,22,241,19,2599,29,2840,California
Modoc,2021-06-17,46,5163,20,672,25,4159,1,332,27,250,19,2618,28,2868,California
Modoc,2021-06-18,5,5168,0,672,3,4162,2,334,3,253,2,2620,5,2873,California
Modoc,2021-06-19,3,5171,0,672,1,4163,2,336,1,254,2,2622,3,2876,California
Modoc,2021-06-21,1,5172,0,672,1,4164,0,336,1,255,0,2622,1,2877,California
Modoc,2021-06-22,11,5183,4,676,7,4171,0,336,9,262,2,2624,9,2886,California
Modoc,2021-06-23,6,5189,0,676,3,4174,3,339,1,261,5,2629,4,2890,California
Modoc,2021-06-24,33,5222,14,690,15,4189,4,343,22,276,11,2640,26,2916,California
Modoc,2021-06-25,7,5229,0,690,5,4194,2,345,2,275,5,2645,4,2920,California
Modoc,2021-06-28,4,5233,1,691,3,4197,0,345,3,277,1,2646,3,2923,California
Modoc,2021-06-29,8,5241,1,692,6,4203,1,346,5,280,3,2649,6,2929,California
Modoc,2021-06-30,8,5249,1,693,7,4210,0,346,5,282,3,2652,5,2934,California
Modoc,2021-07-01,23,5272,11,704,1,4211,11,357,9,288,14,2666,20,2954,California
Modoc,2021-07-02,2,5274,2,706,0,4211,0,357,0,286,2,2668,0,2954,California
Modoc,2021-07-03,3,5277,0,706,3,4214,0,357,3,289,0,2668,3,2957,California
Modoc,2021-07-06,12,5289,5,711,7,4221,0,357,7,291,5,2673,7,2964,California
Modoc,2021-07-07,6,5295,1,712,4,4225,1,358,3,292,3,2676,4,2968,California
Modoc,2021-07-08,71,5366,35,747,31,4256,5,363,18,262,53,2729,23,2991,California
Modoc,2021-07-09,1,5367,0,747,0,4256,1,364,0,262,1,2730,1,2992,California
Mono,2020-12-18,1,1,1,1,0,0,0,0,1,1,0,0,1,1,California
Mono,2020-12-19,5,6,5,6,0,0,0,0,5,6,0,0,5,6,California
Mono,2020-12-20,7,13,7,13,0,0,0,0,7,13,0,0,7,13,California
Mono,2020-12-21,24,37,17,30,7,7,0,0,24,37,0,0,24,37,California
Mono,2020-12-22,67,104,65,95,2,9,0,0,67,104,0,0,67,104,California
Mono,2020-12-23,70,174,43,138,27,36,0,0,70,174,0,0,70,174,California
Mono,2020-12-24,3,177,1,139,2,38,0,0,3,177,0,0,3,177,California
Mono,2020-12-26,3,180,3,142,0,38,0,0,3,180,0,0,3,180,California
Mono,2020-12-27,1,181,0,142,1,39,0,0,1,181,0,0,1,181,California
Mono,2020-12-28,94,275,63,205,31,70,0,0,94,275,0,0,94,275,California
Mono,2020-12-29,29,304,29,234,0,70,0,0,29,304,0,0,29,304,California
Mono,2020-12-30,77,381,36,270,41,111,0,0,77,381,0,0,77,381,California
Mono,2020-12-31,4,385,1,271,3,114,0,0,4,385,0,0,4,385,California
Mono,2021-01-01,4,389,4,275,0,114,0,0,4,389,0,0,4,389,California
Mono,2021-01-02,2,391,2,277,0,114,0,0,2,391,0,0,2,391,California
Mono,2021-01-04,2,393,0,277,2,116,0,0,2,393,0,0,2,393,California
Mono,2021-01-05,45,438,2,279,43,159,0,0,44,436,1,1,44,437,California
Mono,2021-01-06,44,482,0,279,44,203,0,0,44,480,0,1,44,481,California
Mono,2021-01-07,55,537,3,282,52,255,0,0,53,532,2,3,54,535,California
Mono,2021-01-08,2,539,1,283,1,256,0,0,1,532,1,4,1,536,California
Mono,2021-01-09,4,543,4,287,0,256,0,0,0,528,4,8,0,536,California
Mono,2021-01-10,5,548,5,292,0,256,0,0,0,523,5,13,0,536,California
Mono,2021-01-11,8,556,5,297,3,259,0,0,4,523,4,17,4,540,California
Mono,2021-01-12,283,839,75,372,208,467,0,0,219,679,63,80,219,759,California
Mono,2021-01-13,234,1073,73,445,161,628,0,0,179,803,55,135,179,938,California
Mono,2021-01-14,74,1147,72,517,2,630,0,0,73,875,1,136,73,1011,California
Mono,2021-01-15,65,1212,3,520,62,692,0,0,65,940,0,136,65,1076,California
Mono,2021-01-16,3,1215,3,523,0,692,0,0,0,937,3,139,0,1076,California
Mono,2021-01-18,64,1279,55,578,9,701,0,0,2,877,62,201,2,1078,California
Mono,2021-01-19,209,1488,206,784,3,704,0,0,171,1011,38,239,172,1250,California
Mono,2021-01-20,234,1722,200,984,34,738,0,0,172,1121,62,301,172,1422,California
Mono,2021-01-21,4,1726,4,988,0,738,0,0,4,1125,0,301,4,1426,California
Mono,2021-01-22,4,1730,0,988,4,742,0,0,4,1129,0,301,4,1430,California
Mono,2021-01-23,588,2318,588,1576,0,742,0,0,587,1715,1,302,587,2017,California
Mono,2021-01-24,1,2319,0,1576,1,743,0,0,0,1714,1,303,0,2017,California
Mono,2021-01-25,200,2519,162,1738,38,781,0,0,161,1836,39,342,161,2178,California
Mono,2021-01-26,500,3019,498,2236,2,783,0,0,494,2324,6,348,494,2672,California
Mono,2021-01-27,4,3023,0,2236,4,787,0,0,4,2328,0,348,4,2676,California
Mono,2021-01-28,6,3029,2,2238,4,791,0,0,2,2326,4,352,2,2678,California
Mono,2021-01-30,196,3225,194,2432,2,793,0,0,195,2520,1,353,195,2873,California
Mono,2021-01-31,241,3466,136,2568,105,898,0,0,137,2553,104,457,137,3010,California
Mono,2021-02-01,27,3493,27,2595,0,898,0,0,0,2526,27,484,0,3010,California
Mono,2021-02-02,5,3498,0,2595,5,903,0,0,2,2525,3,487,2,3012,California
Mono,2021-02-03,4,3502,2,2597,2,905,0,0,2,2525,2,489,2,3014,California
Mono,2021-02-04,214,3716,159,2756,55,960,0,0,91,2495,121,610,91,3105,California
Mono,2021-02-05,609,4325,603,3359,6,966,0,0,606,3098,3,613,606,3711,California
Mono,2021-02-06,134,4459,133,3492,1,967,0,0,133,3230,1,614,133,3844,California
Mono,2021-02-07,2,4461,0,3492,2,969,0,0,2,3232,0,614,2,3846,California
Mono,2021-02-08,170,4631,170,3662,0,969,0,0,15,3093,154,768,15,3861,California
Mono,2021-02-09,231,4862,6,3668,225,1194,0,0,14,2890,217,985,14,3875,California
Mono,2021-02-10,540,5402,187,3855,353,1547,0,0,198,2747,342,1327,199,4074,California
Mono,2021-02-11,8,5410,5,3860,3,1550,0,0,3,2745,5,1332,3,4077,California
Mono,2021-02-12,89,5499,21,3881,68,1618,0,0,27,2710,62,1394,27,4104,California
Mono,2021-02-13,585,6084,583,4464,2,1620,0,0,26,2178,558,1952,26,4130,California
Mono,2021-02-15,167,6251,165,4629,2,1622,0,0,2,2017,163,2115,2,4132,California
Mono,2021-02-16,519,6770,515,5144,4,1626,0,0,44,1590,472,2587,45,4177,California
Mono,2021-02-17,6,6776,1,5145,5,1631,0,0,2,1588,4,2591,2,4179,California
Mono,2021-02-18,4,6780,2,5147,2,1633,0,0,3,1590,1,2592,3,4182,California
Mono,2021-02-19,56,6836,55,5202,1,1634,0,0,56,1646,0,2592,56,4238,California
Mono,2021-02-20,4,6840,4,5206,0,1634,0,0,4,1650,0,2592,4,4242,California
Mono,2021-02-21,6,6846,6,5212,0,1634,0,0,4,1652,2,2594,4,4246,California
Mono,2021-02-22,298,7144,297,5509,1,1635,0,0,26,1407,271,2865,26,4272,California
Mono,2021-02-23,151,7295,130,5639,21,1656,0,0,25,1306,126,2991,25,4297,California
Mono,2021-02-24,11,7306,3,5642,8,1664,0,0,4,1303,7,2998,4,4301,California
Mono,2021-02-25,5,7311,2,5644,3,1667,0,0,3,1305,1,2999,3,4304,California
Mono,2021-02-26,595,7906,593,6237,2,1669,0,0,21,753,573,3572,21,4325,California
Mono,2021-02-27,137,8043,133,6370,4,1673,0,0,4,626,131,3703,4,4329,California
Mono,2021-02-28,1,8044,0,6370,0,1673,1,1,0,626,1,3704,1,4330,California
Mono,2021-03-01,3,8047,2,6372,1,1674,0,1,2,628,0,3704,2,4332,California
Mono,2021-03-02,6,8053,4,6376,2,1676,0,1,4,630,2,3706,4,4336,California
Mono,2021-03-03,113,8166,3,6379,110,1786,0,1,109,736,3,3709,109,4445,California
Mono,2021-03-04,6,8172,2,6381,4,1790,0,1,3,736,3,3712,3,4448,California
Mono,2021-03-05,37,8209,28,6409,9,1799,0,1,13,725,24,3736,13,4461,California
Mono,2021-03-06,506,8715,18,6427,488,2287,0,1,497,1216,7,3743,498,4959,California
Mono,2021-03-07,1,8716,0,6427,1,2288,0,1,0,1215,1,3744,0,4959,California
Mono,2021-03-08,527,9243,11,6438,513,2801,3,4,517,1725,10,3754,520,5479,California
Mono,2021-03-09,7,9250,3,6441,3,2804,1,5,3,1726,3,3757,4,5483,California
Mono,2021-03-10,287,9537,91,6532,193,2997,3,8,8,1461,276,4033,11,5494,California
Mono,2021-03-11,10,9547,0,6532,1,2998,9,17,0,1460,10,4043,9,5503,California
Mono,2021-03-12,6,9553,1,6533,1,2999,4,21,0,1458,6,4049,4,5507,California
Mono,2021-03-13,818,10371,381,6914,437,3436,0,21,808,2256,10,4059,808,6315,California
Mono,2021-03-14,5,10376,5,6919,0,3436,0,21,1,2253,4,4063,1,6316,California
Mono,2021-03-15,31,10407,23,6942,3,3439,5,26,14,2256,16,4079,19,6335,California
Mono,2021-03-16,16,10423,6,6948,4,3443,6,32,8,2262,8,4087,14,6349,California
Mono,2021-03-17,34,10457,6,6954,20,3463,8,40,21,2278,13,4100,29,6378,California
Mono,2021-03-18,21,10478,2,6956,11,3474,8,48,8,2281,13,4113,16,6394,California
Mono,2021-03-19,21,10499,1,6957,17,3491,3,51,17,2298,3,4116,20,6414,California
Mono,2021-03-20,5,10504,3,6960,1,3492,1,52,4,2302,1,4117,5,6419,California
Mono,2021-03-21,1,10505,1,6961,0,3492,0,52,1,2303,0,4117,1,6420,California
Mono,2021-03-22,11,10516,0,6961,6,3498,5,57,5,2307,6,4123,10,6430,California
Mono,2021-03-23,43,10559,6,6967,32,3530,5,62,17,2304,25,4148,22,6452,California
Mono,2021-03-24,14,10573,1,6968,8,3538,5,67,5,2306,9,4157,11,6463,California
Mono,2021-03-25,19,10592,3,6971,12,3550,4,71,12,2315,7,4164,16,6479,California
Mono,2021-03-26,19,10611,3,6974,11,3561,5,76,10,2322,8,4172,15,6494,California
Mono,2021-03-27,353,10964,350,7324,3,3564,0,76,325,2619,28,4200,325,6819,California
Mono,2021-03-29,10,10974,3,7327,6,3570,1,77,8,2626,2,4202,9,6828,California
Mono,2021-03-30,12,10986,0,7327,8,3578,4,81,7,2632,5,4207,11,6839,California
Mono,2021-03-31,134,11120,7,7334,126,3704,1,82,23,2546,110,4317,24,6863,California
Mono,2021-04-01,9,11129,0,7334,8,3712,1,83,4,2546,5,4322,5,6868,California
Mono,2021-04-02,19,11148,2,7336,17,3729,0,83,8,2543,11,4333,8,6876,California
Mono,2021-04-03,858,12006,369,7705,489,4218,0,83,48,1784,807,5140,48,6924,California
Mono,2021-04-04,1,12007,1,7706,0,4218,0,83,0,1783,1,5141,0,6924,California
Mono,2021-04-05,527,12534,18,7724,508,4726,1,84,35,1328,491,5632,36,6960,California
Mono,2021-04-06,19,12553,1,7725,5,4731,13,97,1,1324,18,5650,14,6974,California
Mono,2021-04-07,23,12576,2,7727,2,4733,19,116,2,1324,21,5671,21,6995,California
Mono,2021-04-08,26,12602,4,7731,3,4736,19,135,6,1329,20,5691,25,7020,California
Mono,2021-04-09,39,12641,4,7735,6,4742,29,164,9,1337,30,5721,38,7058,California
Mono,2021-04-10,451,13092,2,7737,442,5184,7,171,30,953,421,6142,37,7095,California
Mono,2021-04-11,1,13093,1,7738,0,5184,0,171,0,952,1,6143,0,7095,California
Mono,2021-04-12,6,13099,0,7738,3,5187,3,174,3,955,3,6146,6,7101,California
Mono,2021-04-13,19,13118,2,7740,16,5203,1,175,13,963,6,6152,14,7115,California
Mono,2021-04-14,27,13145,2,7742,25,5228,0,175,9,954,18,6170,9,7124,California
Mono,2021-04-15,18,13163,4,7746,14,5242,0,175,10,956,8,6178,10,7134,California
Mono,2021-04-16,18,13181,1,7747,17,5259,0,175,7,952,11,6189,7,7141,California
Mono,2021-04-17,52,13233,2,7749,50,5309,0,175,45,990,7,6196,45,7186,California
Mono,2021-04-18,1,13234,0,7749,1,5310,0,175,1,991,0,6196,1,7187,California
Mono,2021-04-19,536,13770,327,8076,209,5519,0,175,202,862,331,6527,202,7389,California
Mono,2021-04-20,15,13785,2,8078,13,5532,0,175,10,867,5,6532,10,7399,California
Mono,2021-04-21,7,13792,0,8078,7,5539,0,175,2,864,5,6537,2,7401,California
Mono,2021-04-22,25,13817,11,8089,14,5553,0,175,11,861,14,6551,11,7412,California
Mono,2021-04-23,22,13839,2,8091,20,5573,0,175,12,863,10,6561,12,7424,California
Mono,2021-04-24,35,13874,21,8112,14,5587,0,175,20,868,15,6576,20,7444,California
Mono,2021-04-25,3,13877,2,8114,1,5588,0,175,3,871,0,6576,3,7447,California
Mono,2021-04-26,12,13889,2,8116,10,5598,0,175,3,865,9,6585,3,7450,California
Mono,2021-04-27,66,13955,41,8157,18,5616,7,182,50,906,16,6601,57,7507,California
Mono,2021-04-28,61,14016,40,8197,17,5633,4,186,47,945,12,6613,51,7558,California
Mono,2021-04-29,10,14026,3,8200,4,5637,3,189,3,944,7,6620,6,7564,California
Mono,2021-04-30,19,14045,3,8203,12,5649,4,193,8,945,11,6631,12,7576,California
Mono,2021-05-01,109,14154,5,8208,104,5753,0,193,96,1029,12,6643,96,7672,California
Mono,2021-05-03,2,14156,1,8209,1,5754,0,193,1,1029,1,6644,1,7673,California
Mono,2021-05-04,19,14175,0,8209,13,5767,6,199,10,1036,9,6653,16,7689,California
Mono,2021-05-05,52,14227,8,8217,40,5807,4,203,45,1078,7,6660,49,7738,California
Mono,2021-05-06,16,14243,4,8221,11,5818,1,204,10,1083,6,6666,11,7749,California
Mono,2021-05-07,30,14273,22,8243,8,5826,0,204,25,1103,5,6671,25,7774,California
Mono,2021-05-08,53,14326,7,8250,46,5872,0,204,24,1098,29,6700,24,7798,California
Mono,2021-05-09,1,14327,1,8251,0,5872,0,204,0,1098,0,6700,0,7798,California
Mono,2021-05-10,18,14345,1,8252,13,5885,4,208,9,1102,9,6709,13,7811,California
Mono,2021-05-11,15,14360,2,8254,10,5895,3,211,5,1100,10,6719,8,7819,California
Mono,2021-05-12,12,14372,0,8254,11,5906,1,212,4,1097,8,6727,5,7824,California
Mono,2021-05-13,48,14420,31,8285,16,5922,1,213,38,1126,10,6737,39,7863,California
Mono,2021-05-14,11,14431,1,8286,9,5931,1,214,6,1128,5,6742,7,7870,California
Mono,2021-05-15,66,14497,24,8310,35,5966,7,221,19,1107,47,6789,26,7896,California
Mono,2021-05-16,6,14503,4,8314,1,5967,1,222,2,1106,4,6793,3,7899,California
Mono,2021-05-17,250,14753,34,8348,209,6176,7,229,54,973,195,6988,62,7961,California
Mono,2021-05-18,134,14887,110,8458,23,6199,1,230,87,1015,47,7035,89,8050,California
Mono,2021-05-19,119,15006,112,8570,2,6201,5,235,75,1051,44,7079,80,8130,California
Mono,2021-05-20,71,15077,56,8626,10,6211,5,240,54,1093,17,7096,59,8189,California
Mono,2021-05-21,23,15100,4,8630,16,6227,3,243,10,1093,13,7109,13,8202,California
Mono,2021-05-22,22,15122,12,8642,8,6235,2,245,16,1105,6,7115,18,8220,California
Mono,2021-05-23,2,15124,0,8642,2,6237,0,245,1,1105,1,7116,1,8221,California
Mono,2021-05-24,15,15139,1,8643,13,6250,1,246,9,1110,6,7122,11,8232,California
Mono,2021-05-25,14,15153,5,8648,9,6259,0,246,8,1112,6,7128,8,8240,California
Mono,2021-05-26,18,15171,2,8650,15,6274,1,247,7,1109,11,7139,8,8248,California
Mono,2021-05-27,8,15179,0,8650,8,6282,0,247,5,1112,2,7141,5,8253,California
Mono,2021-05-28,42,15221,28,8678,14,6296,0,247,11,1092,31,7172,11,8264,California
Mono,2021-05-29,128,15349,26,8704,99,6395,3,250,32,1031,96,7268,35,8299,California
Mono,2021-06-01,16,15365,7,8711,9,6404,0,250,9,1033,7,7275,9,8308,California
Mono,2021-06-02,47,15412,4,8715,43,6447,0,250,10,1006,37,7312,10,8318,California
Mono,2021-06-03,11,15423,1,8716,7,6454,3,253,1,1000,10,7322,4,8322,California
Mono,2021-06-04,12,15435,1,8717,10,6464,1,254,3,995,9,7331,4,8326,California
Mono,2021-06-05,44,15479,23,8740,21,6485,0,254,5,961,39,7370,5,8331,California
Mono,2021-06-06,1,15480,0,8740,1,6486,0,254,0,960,1,7371,0,8331,California
Mono,2021-06-07,98,15578,86,8826,8,6494,4,258,11,888,87,7458,15,8346,California
Mono,2021-06-08,113,15691,103,8929,8,6502,2,260,12,801,101,7559,14,8360,California
Mono,2021-06-09,6,15697,1,8930,5,6507,0,260,1,797,5,7564,1,8361,California
Mono,2021-06-10,6,15703,0,8930,4,6511,2,262,2,797,4,7568,4,8365,California
Mono,2021-06-11,74,15777,62,8992,7,6518,5,267,6,740,68,7636,11,8376,California
Mono,2021-06-12,1,15778,1,8993,0,6518,0,267,0,739,1,7637,0,8376,California
Mono,2021-06-13,1,15779,0,8993,1,6519,0,267,1,740,0,7637,1,8377,California
Mono,2021-06-14,64,15843,30,9023,28,6547,6,273,19,720,45,7682,25,8402,California
Mono,2021-06-15,8,15851,5,9028,3,6550,0,273,4,720,4,7686,4,8406,California
Mono,2021-06-16,14,15865,5,9033,9,6559,0,273,6,718,8,7694,6,8412,California
Mono,2021-06-17,6,15871,1,9034,3,6562,2,275,2,718,4,7698,4,8416,California
Mono,2021-06-18,5,15876,3,9037,1,6563,1,276,1,717,3,7701,2,8418,California
Mono,2021-06-19,3,15879,3,9040,0,6563,0,276,3,720,0,7701,3,8421,California
Mono,2021-06-20,1,15880,0,9040,1,6564,0,276,0,719,1,7702,0,8421,California
Mono,2021-06-21,14,15894,2,9042,10,6574,2,278,3,714,10,7712,5,8426,California
Mono,2021-06-22,13,15907,2,9044,10,6584,1,279,4,711,8,7720,5,8431,California
Mono,2021-06-23,12,15919,0,9044,6,6590,6,285,2,710,10,7730,9,8440,California
Mono,2021-06-24,7,15926,0,9044,5,6595,2,287,2,709,5,7735,4,8444,California
Mono,2021-06-25,33,15959,22,9066,11,6606,0,287,7,690,26,7761,7,8451,California
Mono,2021-06-26,1,15960,1,9067,0,6606,0,287,0,689,1,7762,0,8451,California
Mono,2021-06-27,1,15961,0,9067,1,6607,0,287,1,690,0,7762,1,8452,California
Mono,2021-06-28,11,15972,7,9074,1,6608,3,290,2,686,9,7771,5,8457,California
Mono,2021-06-29,2,15974,2,9076,0,6608,0,290,2,688,0,7771,2,8459,California
Mono,2021-06-30,7,15981,1,9077,3,6611,3,293,3,690,4,7775,6,8465,California
Mono,2021-07-01,8,15989,1,9078,4,6615,3,296,2,689,6,7781,5,8470,California
Mono,2021-07-02,39,16028,35,9113,2,6617,2,298,14,680,25,7806,16,8486,California
Mono,2021-07-05,4,16032,0,9113,3,6620,1,299,3,683,1,7807,4,8490,California
Mono,2021-07-06,11,16043,2,9115,5,6625,4,303,4,684,7,7814,8,8498,California
Mono,2021-07-07,7,16050,4,9119,3,6628,0,303,2,681,5,7819,2,8500,California
Mono,2021-07-08,11,16061,9,9128,1,6629,1,304,4,680,6,7825,5,8505,California
Mono,2021-07-09,5,16066,0,9128,4,6633,1,305,1,678,4,7829,2,8507,California
Monterey,2020-12-16,6,6,6,6,0,0,0,0,6,6,0,0,6,6,California
Monterey,2020-12-17,87,93,87,93,0,0,0,0,87,93,0,0,87,93,California
Monterey,2020-12-18,489,582,489,582,0,0,0,0,489,582,0,0,489,582,California
Monterey,2020-12-19,581,1163,580,1162,1,1,0,0,580,1162,0,0,580,1162,California
Monterey,2020-12-20,421,1584,420,1582,1,2,0,0,421,1583,0,0,421,1583,California
Monterey,2020-12-21,723,2307,723,2305,0,2,0,0,723,2306,0,0,723,2306,California
Monterey,2020-12-22,535,2842,522,2827,13,15,0,0,535,2841,0,0,535,2841,California
Monterey,2020-12-23,444,3286,267,3094,177,192,0,0,444,3285,0,0,444,3285,California
Monterey,2020-12-24,84,3370,10,3104,74,266,0,0,84,3369,0,0,84,3369,California
Monterey,2020-12-25,6,3376,0,3104,6,272,0,0,6,3375,0,0,6,3375,California
Monterey,2020-12-26,92,3468,5,3109,87,359,0,0,92,3467,0,0,92,3467,California
Monterey,2020-12-27,6,3474,3,3112,3,362,0,0,6,3473,0,0,6,3473,California
Monterey,2020-12-28,477,3951,25,3137,452,814,0,0,477,3950,0,0,477,3950,California
Monterey,2020-12-29,902,4853,169,3306,733,1547,0,0,902,4852,0,0,902,4852,California
Monterey,2020-12-30,566,5419,98,3404,468,2015,0,0,566,5418,0,0,566,5418,California
Monterey,2020-12-31,33,5452,11,3415,22,2037,0,0,33,5451,0,0,33,5451,California
Monterey,2021-01-01,13,5465,3,3418,10,2047,0,0,13,5464,0,0,13,5464,California
Monterey,2021-01-02,137,5602,134,3552,3,2050,0,0,137,5601,0,0,137,5601,California
Monterey,2021-01-03,30,5632,29,3581,1,2051,0,0,30,5631,0,0,30,5631,California
Monterey,2021-01-04,412,6044,19,3600,393,2444,0,0,412,6043,0,0,412,6043,California
Monterey,2021-01-05,757,6801,328,3928,429,2873,0,0,743,6772,14,14,743,6786,California
Monterey,2021-01-06,663,7464,176,4104,487,3360,0,0,638,7385,25,39,638,7424,California
Monterey,2021-01-07,752,8216,576,4680,176,3536,0,0,424,7483,326,365,424,7848,California
Monterey,2021-01-08,1093,9309,739,5419,354,3890,0,0,395,7180,698,1063,395,8243,California
Monterey,2021-01-09,962,10271,932,6351,30,3920,0,0,311,6842,649,1712,311,8554,California
Monterey,2021-01-10,273,10544,270,6621,3,3923,0,0,9,6587,264,1976,9,8563,California
Monterey,2021-01-11,1068,11612,986,7607,82,4005,0,0,365,6249,703,2679,365,8928,California
Monterey,2021-01-12,477,12089,396,8003,81,4086,0,0,211,6196,266,2945,213,9141,California
Monterey,2021-01-13,1222,13311,594,8597,628,4714,0,0,1176,7326,46,2991,1176,10317,California
Monterey,2021-01-14,1199,14510,244,8841,955,5669,0,0,1179,8489,20,3011,1183,11500,California
Monterey,2021-01-15,1057,15567,46,8887,1011,6680,0,0,1045,9522,12,3023,1045,12545,California
Monterey,2021-01-16,365,15932,300,9187,65,6745,0,0,360,9877,5,3028,360,12905,California
Monterey,2021-01-17,314,16246,294,9481,20,6765,0,0,302,10167,12,3040,302,13207,California
Monterey,2021-01-18,400,16646,50,9531,350,7115,0,0,378,10523,22,3062,378,13585,California
Monterey,2021-01-19,585,17231,400,9931,185,7300,0,0,421,10782,162,3224,421,14006,California
Monterey,2021-01-20,546,17777,270,10201,276,7576,0,0,336,10908,210,3434,336,14342,California
Monterey,2021-01-21,870,18647,116,10317,754,8330,0,0,758,11558,112,3546,762,15104,California
Monterey,2021-01-22,1072,19719,200,10517,872,9202,0,0,1031,12548,41,3587,1031,16135,California
Monterey,2021-01-23,245,19964,175,10692,70,9272,0,0,121,12548,123,3710,123,16258,California
Monterey,2021-01-24,62,20026,38,10730,24,9296,0,0,28,12542,34,3744,28,16286,California
Monterey,2021-01-25,800,20826,176,10906,624,9920,0,0,175,12099,618,4362,175,16461,California
Monterey,2021-01-26,954,21780,233,11139,721,10641,0,0,253,11651,701,5063,253,16714,California
Monterey,2021-01-27,856,22636,300,11439,556,11197,0,0,374,11543,482,5545,374,17088,California
Monterey,2021-01-28,2031,24667,741,12180,1290,12487,0,0,1685,12885,345,5890,1687,18775,California
Monterey,2021-01-29,1284,25951,715,12895,569,13056,0,0,1166,13935,117,6007,1167,19942,California
Monterey,2021-01-30,465,26416,295,13190,170,13226,0,0,209,13888,256,6263,209,20151,California
Monterey,2021-01-31,495,26911,73,13263,422,13648,0,0,484,14362,11,6274,485,20636,California
Monterey,2021-02-01,1641,28552,1125,14388,516,14164,0,0,1073,14868,567,6841,1073,21709,California
Monterey,2021-02-02,2187,30739,478,14866,1709,15873,0,0,1572,15826,614,7455,1572,23281,California
Monterey,2021-02-03,2335,33074,1042,15908,1293,17166,0,0,1555,16605,776,8231,1555,24836,California
Monterey,2021-02-04,2821,35895,2102,18010,719,17885,0,0,2467,18723,349,8580,2467,27303,California
Monterey,2021-02-05,3680,39575,2831,20841,849,18734,0,0,3233,21514,442,9022,3233,30536,California
Monterey,2021-02-06,1102,40677,379,21220,723,19457,0,0,757,21929,342,9364,757,31293,California
Monterey,2021-02-07,319,40996,273,21493,46,19503,0,0,97,21805,221,9585,97,31390,California
Monterey,2021-02-08,524,41520,293,21786,231,19734,0,0,423,22127,101,9686,423,31813,California
Monterey,2021-02-09,882,42402,685,22471,197,19931,0,0,569,22385,311,9997,569,32382,California
Monterey,2021-02-10,2097,44499,1106,23577,991,20922,0,0,1237,22764,860,10857,1239,33621,California
Monterey,2021-02-11,2522,47021,978,24555,1544,22466,0,0,1538,23322,982,11839,1540,35161,California
Monterey,2021-02-12,2629,49650,449,25004,2180,24646,0,0,1527,23749,1101,12940,1528,36689,California
Monterey,2021-02-13,1077,50727,50,25054,1027,25673,0,0,987,24647,89,13029,987,37676,California
Monterey,2021-02-14,597,51324,74,25128,523,26196,0,0,525,25100,72,13101,525,38201,California
Monterey,2021-02-15,1386,52710,167,25295,1219,27415,0,0,977,25671,407,13508,978,39179,California
Monterey,2021-02-16,1097,53807,247,25542,850,28265,0,0,871,26316,226,13734,871,40050,California
Monterey,2021-02-17,1977,55784,1180,26722,797,29062,0,0,1659,27660,317,14051,1661,41711,California
Monterey,2021-02-18,2240,58024,1179,27901,1061,30123,0,0,911,27258,1315,15366,913,42624,California
Monterey,2021-02-19,2965,60989,1545,29446,1420,31543,0,0,1351,26999,1612,16978,1353,43977,California
Monterey,2021-02-20,1038,62027,626,30072,412,31955,0,0,975,27913,62,17040,976,44953,California
Monterey,2021-02-21,1341,63368,1310,31382,31,31986,0,0,1263,29104,73,17113,1264,46217,California
Monterey,2021-02-22,1067,64435,912,32294,155,32141,0,0,684,29408,380,17493,684,46901,California
Monterey,2021-02-23,1021,65456,651,32945,370,32511,0,0,328,29045,692,18185,329,47230,California
Monterey,2021-02-24,2587,68043,1349,34294,1238,33749,0,0,1925,30314,657,18842,1926,49156,California
Monterey,2021-02-25,4590,72633,2494,36788,2096,35845,0,0,1540,28817,3039,21881,1542,50698,California
Monterey,2021-02-26,5394,78027,3136,39924,2258,38103,0,0,2682,28792,2708,24589,2683,53381,California
Monterey,2021-02-27,1047,79074,187,40111,860,38963,0,0,835,29421,206,24795,835,54216,California
Monterey,2021-02-28,1541,80615,88,40199,1452,40415,1,1,1069,30027,464,25259,1070,55286,California
Monterey,2021-03-01,1299,81914,142,40341,1154,41569,3,4,754,30246,538,25797,757,56043,California
Monterey,2021-03-02,2824,84738,1735,42076,1089,42658,0,4,1960,31346,860,26657,1960,58003,California
Monterey,2021-03-03,3222,87960,1247,43323,1975,44633,0,4,1282,30693,1936,28593,1283,59286,California
Monterey,2021-03-04,4577,92537,1479,44802,3098,47731,0,4,2942,32008,1629,30222,2944,62230,California
Monterey,2021-03-05,3677,96214,1621,46423,1776,49507,280,284,3003,34618,673,30895,3283,65513,California
Monterey,2021-03-06,5065,101279,1068,47491,3692,53199,305,589,4158,38174,905,31800,4461,69974,California
Monterey,2021-03-07,594,101873,108,47599,181,53380,305,894,246,38374,347,32147,547,70521,California
Monterey,2021-03-08,1679,103552,328,47927,958,54338,393,1287,1127,39339,552,32699,1517,72038,California
Monterey,2021-03-09,1997,105549,699,48626,1019,55357,279,1566,1488,40595,508,33207,1764,73802,California
Monterey,2021-03-10,3189,108738,1034,49660,1669,57026,486,2052,1473,40841,1709,34916,1955,75757,California
Monterey,2021-03-11,4168,112906,1412,51072,2382,59408,374,2426,2393,41841,1766,36682,2766,78523,California
Monterey,2021-03-12,4429,117335,2048,53120,2245,61653,136,2562,2731,43010,1695,38377,2864,81387,California
Monterey,2021-03-13,5309,122644,963,54083,3999,65652,347,2909,3982,46013,1325,39702,4328,85715,California
Monterey,2021-03-14,2156,124800,1322,55405,809,66461,25,2934,501,44901,1638,41340,526,86241,California
Monterey,2021-03-15,3994,128794,1274,56679,2417,68878,303,3237,2255,45726,1734,43074,2559,88800,California
Monterey,2021-03-16,3548,132342,593,57272,2564,71442,391,3628,2116,46800,1429,44503,2503,91303,California
Monterey,2021-03-17,5824,138166,2366,59638,3200,74642,258,3886,4191,49630,1624,46127,4454,95757,California
Monterey,2021-03-18,4463,142629,2164,61802,2129,76771,170,4056,3094,51567,1364,47491,3301,99058,California
Monterey,2021-03-19,5512,148141,2579,64381,2787,79558,146,4202,4210,54625,1297,48788,4355,103413,California
Monterey,2021-03-20,3372,151513,427,64808,2252,81810,693,4895,2282,56513,1086,49874,2974,106387,California
Monterey,2021-03-21,641,152154,216,65024,415,82225,10,4905,567,57017,72,49946,576,106963,California
Monterey,2021-03-22,2504,154658,1444,66468,997,83222,63,4968,2285,59147,216,50162,2346,109309,California
Monterey,2021-03-23,4027,158685,2360,68828,1624,84846,43,5011,2546,60260,1476,51638,2589,111898,California
Monterey,2021-03-24,5135,163820,2123,70951,2693,87539,319,5330,3741,62929,1387,53025,4056,115954,California
Monterey,2021-03-25,5339,169159,1231,72182,3749,91288,359,5689,2666,63290,2665,55690,3026,118980,California
Monterey,2021-03-26,5463,174622,2615,74797,2762,94050,86,5775,2723,63374,2727,58417,2811,121791,California
Monterey,2021-03-27,4850,179472,1451,76248,3144,97194,255,6030,3127,65038,1720,60137,3384,125175,California
Monterey,2021-03-28,1129,180601,348,76596,772,97966,9,6039,630,65186,491,60628,639,125814,California
Monterey,2021-03-29,3239,183840,1419,78015,1806,99772,14,6053,2005,65984,1226,61854,2024,127838,California
Monterey,2021-03-30,4525,188365,2142,80157,2337,102109,46,6099,2775,67069,1739,63593,2824,130662,California
Monterey,2021-03-31,5309,193674,2298,82455,2213,104322,798,6897,3307,69166,1997,65590,4094,134756,California
Monterey,2021-04-01,6147,199821,2064,84519,3671,107993,412,7309,3112,69665,3019,68609,3518,138274,California
Monterey,2021-04-02,4712,204533,2191,86710,2457,110450,64,7373,3167,71355,1543,70152,3233,141507,California
Monterey,2021-04-03,5942,210475,1116,87826,3780,114230,1046,8419,1233,68925,4701,74853,2271,143778,California
Monterey,2021-04-04,765,211240,156,87982,594,114824,15,8434,493,69163,271,75124,509,144287,California
Monterey,2021-04-05,4048,215288,2499,90481,1312,116136,237,8671,1509,68373,2534,77658,1744,146031,California
Monterey,2021-04-06,3450,218738,1354,91835,1623,117759,473,9144,1186,67768,2260,79918,1655,147686,California
Monterey,2021-04-07,5659,224397,1395,93230,3743,121502,521,9665,2712,68060,2936,82854,3228,150914,California
Monterey,2021-04-08,6698,231095,3516,96746,2370,123872,812,10477,3308,68796,3385,86239,4121,155035,California
Monterey,2021-04-09,5771,236866,3436,100182,1694,125566,641,11118,2295,68255,3473,89712,2932,157967,California
Monterey,2021-04-10,10301,247167,4963,105145,3128,128694,2210,13328,5000,70171,5286,94998,7202,165169,California
Monterey,2021-04-11,5519,252686,4336,109481,574,129268,609,13937,4467,74193,1046,96044,5068,170237,California
Monterey,2021-04-12,4159,256845,1883,111364,1960,131228,316,14253,964,72416,3056,99100,1279,171516,California
Monterey,2021-04-13,3231,260076,745,112109,2480,133708,6,14259,1551,72313,1662,100762,1559,173075,California
Monterey,2021-04-14,6857,266933,3187,115296,3667,137375,3,14262,1868,69220,4965,105727,1872,174947,California
Monterey,2021-04-15,5921,272854,3912,119208,2009,139384,0,14262,3883,71098,2006,107733,3884,178831,California
Monterey,2021-04-16,4783,277637,2330,121538,2439,141823,14,14276,2135,70616,2632,110365,2150,180981,California
Monterey,2021-04-17,5856,283493,1399,122937,4457,146280,0,14276,3794,72365,2046,112411,3795,184776,California
Monterey,2021-04-18,884,284377,294,123231,590,146870,0,14276,260,72005,620,113031,260,185036,California
Monterey,2021-04-19,3621,287998,1159,124390,2462,149332,0,14276,1647,71692,1960,114991,1647,186683,California
Monterey,2021-04-20,3850,291848,1549,125939,2301,151633,0,14276,1528,70923,2298,117289,1529,188212,California
Monterey,2021-04-21,6196,298044,3374,129313,2822,154455,0,14276,2958,70686,3197,120486,2960,191172,California
Monterey,2021-04-22,4902,302946,1071,130384,3831,158286,0,14276,1999,69826,2859,123345,1999,193171,California
Monterey,2021-04-23,5751,308697,2712,133096,3038,161324,1,14277,2265,68632,3465,126810,2271,195442,California
Monterey,2021-04-24,4295,312992,584,133680,3711,165035,0,14277,1548,67451,2730,129540,1549,196991,California
Monterey,2021-04-25,1242,314234,607,134287,635,165670,0,14277,786,67791,446,129986,786,197777,California
Monterey,2021-04-26,3786,318020,2244,136531,1525,167195,17,14294,981,66010,2779,132765,998,198775,California
Monterey,2021-04-27,2885,320905,946,137477,1799,168994,140,14434,1223,65715,1657,134422,1362,200137,California
Monterey,2021-04-28,3666,324571,1402,138879,2111,171105,153,14587,2253,66717,1399,135821,2401,202538,California
Monterey,2021-04-29,4556,329127,2441,141320,2039,173144,76,14663,1668,65588,2874,138695,1745,204283,California
Monterey,2021-04-30,3247,332374,1686,143006,1486,174630,75,14738,834,64092,2403,141098,907,205190,California
Monterey,2021-05-01,5641,338015,4233,147239,1368,175998,40,14778,684,59878,4936,146034,722,205912,California
Monterey,2021-05-02,4346,342361,3922,151161,397,176395,27,14805,300,56173,4032,150066,327,206239,California
Monterey,2021-05-03,2546,344907,1566,152727,866,177261,114,14919,585,54920,1952,152018,699,206938,California
Monterey,2021-05-04,1827,346734,627,153354,1110,178371,90,15009,660,54518,1153,153171,751,207689,California
Monterey,2021-05-05,3378,350112,1241,154595,2053,180424,84,15093,1072,53380,2295,155466,1157,208846,California
Monterey,2021-05-06,4221,354333,2780,157375,1225,181649,216,15309,1122,51634,3084,158550,1338,210184,California
Monterey,2021-05-07,1975,356308,953,158328,924,182573,98,15407,705,51176,1260,159810,802,210986,California
Monterey,2021-05-08,2715,359023,1482,159810,910,183483,323,15730,964,50723,1739,161549,1286,212272,California
Monterey,2021-05-09,394,359417,113,159923,254,183737,27,15757,128,50613,265,161814,155,212427,California
Monterey,2021-05-10,2827,362244,2080,162003,700,184437,47,15804,527,48901,2288,164102,576,213003,California
Monterey,2021-05-11,1865,364109,953,162956,834,185271,78,15882,759,48646,1093,165195,838,213841,California
Monterey,2021-05-12,3928,368037,2073,165029,1772,187043,83,15965,877,46570,3037,168232,961,214802,California
Monterey,2021-05-13,2689,370726,1605,166634,1029,188072,55,16020,1537,47021,1138,169370,1589,216391,California
Monterey,2021-05-14,1871,372597,580,167214,1191,189263,100,16120,735,46730,1126,170496,835,217226,California
Monterey,2021-05-15,3390,375987,826,168040,2298,191561,266,16386,953,45522,2423,172919,1215,218441,California
Monterey,2021-05-16,986,376973,633,168673,282,191843,71,16457,284,45180,696,173615,354,218795,California
Monterey,2021-05-17,2248,379221,1341,170014,830,192673,77,16534,1068,45159,1166,174781,1145,219940,California
Monterey,2021-05-18,1758,380979,690,170704,1024,193697,44,16578,812,45079,938,175719,858,220798,California
Monterey,2021-05-19,3634,384613,2358,173062,1186,194883,90,16668,1939,45421,1689,177408,2031,222829,California
Monterey,2021-05-20,2783,387396,982,174044,1692,196575,109,16777,935,44634,1834,179242,1047,223876,California
Monterey,2021-05-21,3282,390678,1325,175369,1864,198439,93,16870,1012,43483,2255,181497,1104,224980,California
Monterey,2021-05-22,2135,392813,735,176104,1120,199559,280,17150,812,43260,1313,182810,1090,226070,California
Monterey,2021-05-23,879,393692,522,176626,341,199900,16,17166,507,43417,366,183176,523,226593,California
Monterey,2021-05-24,1737,395429,563,177189,1112,201012,62,17228,575,42898,1157,184333,638,227231,California
Monterey,2021-05-25,1436,396865,550,177739,817,201829,69,17297,570,42686,851,185184,639,227870,California
Monterey,2021-05-26,2677,399542,1031,178770,1589,203418,57,17354,1014,42110,1647,186831,1071,228941,California
Monterey,2021-05-27,2493,402035,1366,180136,1070,204488,57,17411,896,41482,1582,188413,954,229895,California
Monterey,2021-05-28,1741,403776,580,180716,1101,205589,60,17471,749,41311,981,189394,810,230705,California
Monterey,2021-05-29,989,404765,635,181351,321,205910,33,17504,404,41169,580,189974,438,231143,California
Monterey,2021-05-30,380,405145,164,181515,202,206112,14,17518,143,41090,236,190210,157,231300,California
Monterey,2021-05-31,186,405331,34,181549,143,206255,9,17527,52,41018,133,190343,61,231361,California
Monterey,2021-06-01,1720,407051,922,182471,666,206921,132,17659,529,40503,1172,191515,657,232018,California
Monterey,2021-06-02,1691,408742,979,183450,662,207583,50,17709,702,40271,983,192498,751,232769,California
Monterey,2021-06-03,2224,410966,1418,184868,771,208354,35,17744,518,39128,1695,194193,552,233321,California
Monterey,2021-06-04,1332,412298,687,185555,611,208965,34,17778,532,38901,793,194986,566,233887,California
Monterey,2021-06-05,2182,414480,857,186412,705,209670,620,18398,478,38303,1688,196674,1090,234977,California
Monterey,2021-06-06,498,414978,408,186820,81,209751,9,18407,253,38320,244,196918,261,235238,California
Monterey,2021-06-07,943,415921,487,187307,409,210160,47,18454,363,38158,570,197488,408,235646,California
Monterey,2021-06-08,1177,417098,737,188044,416,210576,24,18478,415,37844,752,198240,438,236084,California
Monterey,2021-06-09,2921,420019,2193,190237,602,211178,126,18604,642,36337,2275,200515,768,236852,California
Monterey,2021-06-10,1523,421542,933,191170,529,211707,61,18665,540,35959,977,201492,599,237451,California
Monterey,2021-06-11,1402,422944,764,191934,562,212269,76,18741,509,35657,885,202377,583,238034,California
Monterey,2021-06-12,751,423695,512,192446,224,212493,15,18756,352,35627,397,202774,367,238401,California
Monterey,2021-06-13,597,424292,462,192908,122,212615,13,18769,115,35276,478,203252,127,238528,California
Monterey,2021-06-14,1407,425699,1012,193920,361,212976,34,18803,371,34651,1030,204282,405,238933,California
Monterey,2021-06-15,1161,426860,587,194507,451,213427,123,18926,399,34421,752,205034,522,239455,California
Monterey,2021-06-16,1589,428449,1108,195615,448,213875,33,18959,405,33683,1176,206210,438,239893,California
Monterey,2021-06-17,1187,429636,687,196302,343,214218,157,19116,427,33512,755,206965,584,240477,California
Monterey,2021-06-18,1207,430843,727,197029,451,214669,29,19145,536,33413,664,207629,565,241042,California
Monterey,2021-06-19,1310,432153,1013,198042,266,214935,31,19176,492,33126,810,208439,523,241565,California
Monterey,2021-06-20,236,432389,158,198200,70,215005,8,19184,81,33061,155,208594,90,241655,California
Monterey,2021-06-21,679,433068,373,198573,271,215276,35,19219,389,33199,285,208879,423,242078,California
Monterey,2021-06-22,1534,434602,988,199561,354,215630,192,19411,503,32872,1017,209896,690,242768,California
Monterey,2021-06-23,1081,435683,723,200284,324,215954,34,19445,439,32711,633,210529,472,243240,California
Monterey,2021-06-24,867,436550,519,200803,326,216280,22,19467,418,32706,445,210974,440,243680,California
Monterey,2021-06-25,1005,437555,622,201425,367,216647,16,19483,477,32675,523,211497,492,244172,California
Monterey,2021-06-26,608,438163,442,201867,154,216801,12,19495,336,32752,269,211766,346,244518,California
Monterey,2021-06-27,352,438515,272,202139,66,216867,14,19509,99,32613,252,212018,113,244631,California
Monterey,2021-06-28,575,439090,373,202512,171,217038,31,19540,251,32576,319,212337,282,244913,California
Monterey,2021-06-29,863,439953,529,203041,250,217288,84,19624,340,32481,518,212855,423,245336,California
Monterey,2021-06-30,1039,440992,703,203744,316,217604,20,19644,425,32317,609,213464,445,245781,California
Monterey,2021-07-01,767,441759,524,204268,220,217824,23,19667,348,32274,413,213877,370,246151,California
Monterey,2021-07-02,894,442653,495,204763,359,218183,40,19707,474,32375,412,214289,513,246664,California
Monterey,2021-07-03,565,443218,431,205194,130,218313,4,19711,263,32343,298,214587,266,246930,California
Monterey,2021-07-04,33,443251,23,205217,9,218322,1,19712,22,32355,11,214598,23,246953,California
Monterey,2021-07-05,385,443636,234,205451,144,218466,7,19719,174,32327,209,214807,181,247134,California
Monterey,2021-07-06,840,444476,579,206030,237,218703,24,19743,355,32225,481,215288,379,247513,California
Monterey,2021-07-07,770,445246,511,206541,236,218939,23,19766,379,32242,385,215673,402,247915,California
Monterey,2021-07-08,768,446014,437,206978,307,219246,24,19790,286,32080,470,216143,308,248223,California
Monterey,2021-07-09,732,446746,416,207394,294,219540,22,19812,302,31979,424,216567,323,248546,California
Napa,2020-12-16,13,13,13,13,0,0,0,0,13,13,0,0,13,13,California
Napa,2020-12-17,46,59,46,59,0,0,0,0,46,59,0,0,46,59,California
Napa,2020-12-18,107,166,107,166,0,0,0,0,107,166,0,0,107,166,California
Napa,2020-12-19,222,388,222,388,0,0,0,0,222,388,0,0,222,388,California
Napa,2020-12-20,190,578,190,578,0,0,0,0,190,578,0,0,190,578,California
Napa,2020-12-21,315,893,315,893,0,0,0,0,316,894,0,0,316,894,California
Napa,2020-12-22,337,1230,328,1221,9,9,0,0,337,1231,0,0,337,1231,California
Napa,2020-12-23,437,1667,325,1546,112,121,0,0,437,1668,0,0,437,1668,California
Napa,2020-12-24,138,1805,77,1623,61,182,0,0,138,1806,0,0,138,1806,California
Napa,2020-12-26,40,1845,11,1634,29,211,0,0,40,1846,0,0,40,1846,California
Napa,2020-12-27,32,1877,16,1650,16,227,0,0,32,1878,0,0,32,1878,California
Napa,2020-12-28,253,2130,185,1835,68,295,0,0,279,2157,0,0,279,2157,California
Napa,2020-12-29,274,2404,215,2050,59,354,0,0,307,2464,0,0,307,2464,California
Napa,2020-12-30,632,3036,484,2534,148,502,0,0,640,3104,0,0,640,3104,California
Napa,2020-12-31,462,3498,373,2907,89,591,0,0,462,3566,0,0,462,3566,California
Napa,2021-01-01,1,3499,1,2908,0,591,0,0,1,3567,0,0,1,3567,California
Napa,2021-01-02,95,3594,90,2998,5,596,0,0,95,3662,0,0,95,3662,California
Napa,2021-01-03,14,3608,12,3010,2,598,0,0,9,3671,0,0,9,3671,California
Napa,2021-01-04,105,3713,62,3072,43,641,0,0,105,3776,0,0,105,3776,California
Napa,2021-01-05,163,3876,86,3158,77,718,0,0,146,3898,24,24,146,3922,California
Napa,2021-01-06,466,4342,119,3277,347,1065,0,0,399,4232,65,89,399,4321,California
Napa,2021-01-07,499,4841,237,3514,262,1327,0,0,394,4522,104,193,394,4715,California
Napa,2021-01-08,443,5284,229,3743,214,1541,0,0,259,4598,183,376,259,4974,California
Napa,2021-01-09,328,5612,303,4046,25,1566,0,0,190,4650,138,514,190,5164,California
Napa,2021-01-10,186,5798,103,4149,83,1649,0,0,109,4682,77,591,109,5273,California
Napa,2021-01-11,870,6668,420,4569,450,2099,0,0,500,4813,371,962,502,5775,California
Napa,2021-01-12,1329,7997,381,4950,948,3047,0,0,1005,5494,324,1286,1005,6780,California
Napa,2021-01-13,1319,9316,269,5219,1050,4097,0,0,1154,6485,164,1450,1155,7935,California
Napa,2021-01-14,1053,10369,168,5387,885,4982,0,0,936,7306,115,1565,936,8871,California
Napa,2021-01-15,1472,11841,387,5774,1085,6067,0,0,1324,8476,155,1720,1325,10196,California
Napa,2021-01-16,361,12202,132,5906,229,6296,0,0,343,8801,18,1738,343,10539,California
Napa,2021-01-17,342,12544,177,6083,165,6461,0,0,333,9125,9,1747,333,10872,California
Napa,2021-01-18,1092,13636,197,6280,895,7356,0,0,1001,10035,91,1838,1001,11873,California
Napa,2021-01-19,1005,14641,402,6682,603,7959,0,0,766,10563,238,2076,766,12639,California
Napa,2021-01-20,835,15476,189,6871,646,8605,0,0,648,11027,185,2261,649,13288,California
Napa,2021-01-21,1571,17047,609,7480,962,9567,0,0,1118,11694,452,2713,1119,14407,California
Napa,2021-01-22,1578,18625,435,7915,1143,10710,0,0,1233,12584,344,3057,1234,15641,California
Napa,2021-01-23,397,19022,317,8232,80,10790,0,0,337,12861,60,3117,337,15978,California
Napa,2021-01-24,267,19289,189,8421,78,10868,0,0,209,13012,58,3175,209,16187,California
Napa,2021-01-25,1524,20813,232,8653,1292,12160,0,0,1435,14358,89,3264,1435,17622,California
Napa,2021-01-26,879,21692,283,8936,596,12756,0,0,784,15048,95,3359,785,18407,California
Napa,2021-01-27,631,22323,221,9157,410,13166,0,0,468,15353,164,3523,469,18876,California
Napa,2021-01-28,392,22715,175,9332,217,13383,0,0,199,15361,191,3714,199,19075,California
Napa,2021-01-29,264,22979,67,9399,197,13580,0,0,166,15429,98,3812,166,19241,California
Napa,2021-01-30,821,23800,709,10108,112,13692,0,0,652,15912,169,3981,652,19893,California
Napa,2021-01-31,693,24493,661,10769,32,13724,0,0,669,16557,24,4005,669,20562,California
Napa,2021-02-01,325,24818,114,10883,211,13935,0,0,166,16564,159,4164,166,20728,California
Napa,2021-02-02,616,25434,283,11166,333,14268,0,0,304,16559,309,4473,304,21032,California
Napa,2021-02-03,754,26188,313,11479,441,14709,0,0,436,16678,317,4790,436,21468,California
Napa,2021-02-04,787,26975,369,11848,418,15127,0,0,440,16773,345,5135,440,21908,California
Napa,2021-02-05,714,27689,312,12160,402,15529,0,0,342,16743,372,5507,342,22250,California
Napa,2021-02-06,439,28128,144,12304,295,15824,0,0,334,16973,104,5611,334,22584,California
Napa,2021-02-07,180,28308,167,12471,13,15837,0,0,72,16937,108,5719,72,22656,California
Napa,2021-02-08,841,29149,193,12664,648,16485,0,0,278,16654,561,6280,278,22934,California
Napa,2021-02-09,1090,30239,450,13114,640,17125,0,0,445,16455,644,6924,445,23379,California
Napa,2021-02-10,1739,31978,195,13309,1544,18669,0,0,454,15628,1282,8206,455,23834,California
Napa,2021-02-11,1507,33485,198,13507,1309,19978,0,0,408,14950,1086,9292,408,24242,California
Napa,2021-02-12,2199,35684,867,14374,1332,21310,0,0,697,14151,1496,10788,697,24939,California
Napa,2021-02-13,514,36198,56,14430,458,21768,0,0,320,14277,194,10982,320,25259,California
Napa,2021-02-14,354,36552,88,14518,266,22034,0,0,191,14305,163,11145,191,25450,California
Napa,2021-02-15,889,37441,187,14705,702,22736,0,0,227,13872,660,11805,227,25677,California
Napa,2021-02-16,1296,38737,602,15307,694,23430,0,0,617,13813,676,12481,617,26294,California
Napa,2021-02-17,1065,39802,536,15843,529,23959,0,0,486,13723,577,13058,487,26781,California
Napa,2021-02-18,1944,41746,497,16340,1447,25406,0,0,676,13134,1265,14323,676,27457,California
Napa,2021-02-19,1517,43263,599,16939,918,26324,0,0,683,12985,832,15155,683,28140,California
Napa,2021-02-20,879,44142,638,17577,241,26565,0,0,287,12680,592,15747,287,28427,California
Napa,2021-02-21,895,45037,827,18404,68,26633,0,0,198,12181,697,16444,198,28625,California
Napa,2021-02-22,486,45523,203,18607,283,26916,0,0,150,11995,336,16780,150,28775,California
Napa,2021-02-23,1168,46691,319,18926,849,27765,0,0,330,11487,838,17618,330,29105,California
Napa,2021-02-24,1220,47911,684,19610,536,28301,0,0,618,11505,600,18218,618,29723,California
Napa,2021-02-25,2649,50560,1294,20904,1355,29656,0,0,1916,12690,731,18949,1916,31639,California
Napa,2021-02-26,1563,52123,554,21458,1009,30665,0,0,624,12377,937,19886,624,32263,California
Napa,2021-02-27,1189,53312,424,21882,765,31430,0,0,931,13052,256,20142,931,33194,California
Napa,2021-02-28,726,54038,608,22490,118,31548,0,0,608,13544,116,20258,608,33802,California
Napa,2021-03-01,1172,55210,881,23371,291,31839,0,0,894,14162,276,20534,894,34696,California
Napa,2021-03-02,1509,56719,1051,24422,458,32297,0,0,1162,14978,346,20880,1162,35858,California
Napa,2021-03-03,1572,58291,695,25117,877,33174,0,0,1382,16171,189,21069,1382,37240,California
Napa,2021-03-04,1724,60015,792,25909,932,34106,0,0,1480,17410,241,21310,1480,38720,California
Napa,2021-03-05,1912,61927,793,26702,1115,35221,4,4,1483,18471,426,21736,1487,40207,California
Napa,2021-03-06,657,62584,289,26991,338,35559,30,34,544,18934,111,21847,574,40781,California
Napa,2021-03-07,560,63144,322,27313,199,35758,39,73,384,19182,175,22022,423,41204,California
Napa,2021-03-08,724,63868,338,27651,331,36089,55,128,547,19606,174,22196,598,41802,California
Napa,2021-03-09,1694,65562,611,28262,1035,37124,48,176,1249,20461,441,22637,1296,43098,California
Napa,2021-03-10,1502,67064,928,29190,481,37605,93,269,802,20657,696,23333,892,43990,California
Napa,2021-03-11,1893,68957,1068,30258,692,38297,133,402,987,20868,905,24238,1116,45106,California
Napa,2021-03-12,1521,70478,924,31182,501,38798,96,498,813,21070,705,24943,907,46013,California
Napa,2021-03-13,1180,71658,310,31492,845,39643,25,523,834,21585,344,25287,859,46872,California
Napa,2021-03-14,624,72282,338,31830,135,39778,151,674,208,21528,415,25702,358,47230,California
Napa,2021-03-15,962,73244,412,32242,480,40258,70,744,481,21599,479,26181,550,47780,California
Napa,2021-03-16,1859,75103,394,32636,1337,41595,128,872,1383,22640,471,26652,1512,49292,California
Napa,2021-03-17,2534,77637,1863,34499,492,42087,179,1051,1589,23464,944,27596,1768,51060,California
Napa,2021-03-18,2153,79790,959,35458,1182,43269,12,1063,1271,23871,876,28472,1283,52343,California
Napa,2021-03-19,1460,81250,888,36346,545,43814,27,1090,685,23811,772,29244,712,53055,California
Napa,2021-03-20,1017,82267,532,36878,332,44146,153,1243,390,23728,626,29870,543,53598,California
Napa,2021-03-21,727,82994,702,37580,22,44168,3,1246,233,23472,492,30362,236,53834,California
Napa,2021-03-22,1303,84297,1121,38701,170,44338,12,1258,438,23062,860,31222,450,54284,California
Napa,2021-03-23,1900,86197,1202,39903,681,45019,17,1275,1008,23199,888,32110,1025,55309,California
Napa,2021-03-24,1714,87911,948,40851,757,45776,9,1284,817,23128,896,33006,825,56134,California
Napa,2021-03-25,1936,89847,1058,41909,824,46600,54,1338,773,22798,1157,34163,827,56961,California
Napa,2021-03-26,1312,91159,839,42748,467,47067,6,1344,585,22668,721,34884,591,57552,California
Napa,2021-03-27,955,92114,436,43184,492,47559,27,1371,294,22328,661,35545,321,57873,California
Napa,2021-03-28,492,92606,382,43566,103,47662,7,1378,181,22207,309,35854,188,58061,California
Napa,2021-03-29,1200,93806,875,44441,320,47982,5,1383,728,22470,470,36324,733,58794,California
Napa,2021-03-30,2801,96607,935,45376,1861,49843,5,1388,1980,23633,822,37146,1985,60779,California
Napa,2021-03-31,1976,98583,967,46343,940,50783,69,1457,798,23323,1175,38321,865,61644,California
Napa,2021-04-01,1760,100343,847,47190,794,51577,119,1576,478,22643,1274,39595,594,62238,California
Napa,2021-04-02,1869,102212,842,48032,885,52462,142,1718,470,21859,1395,40990,611,62849,California
Napa,2021-04-03,637,102849,372,48404,207,52669,58,1776,214,21707,422,41412,270,63119,California
Napa,2021-04-04,359,103208,146,48550,154,52823,59,1835,122,21652,236,41648,181,63300,California
Napa,2021-04-05,1279,104487,758,49308,302,53125,219,2054,571,21736,705,42353,789,64089,California
Napa,2021-04-06,2271,106758,567,49875,1443,54568,261,2315,528,20783,1740,44093,787,64876,California
Napa,2021-04-07,1753,108511,708,50583,823,55391,222,2537,529,20314,1218,45311,749,65625,California
Napa,2021-04-08,1875,110386,1074,51657,423,55814,378,2915,962,20746,907,46218,1339,66964,California
Napa,2021-04-09,1553,111939,928,52585,319,56133,306,3221,680,20860,871,47089,985,67949,California
Napa,2021-04-10,1050,112989,353,52938,595,56728,102,3323,244,20403,803,47892,346,68295,California
Napa,2021-04-11,388,113377,301,53239,64,56792,23,3346,157,20352,231,48123,180,68475,California
Napa,2021-04-12,796,114173,303,53542,368,57160,125,3471,294,20266,500,48623,414,68889,California
Napa,2021-04-13,2588,116761,866,54408,1722,58882,0,3471,937,19559,1644,50267,937,69826,California
Napa,2021-04-14,2160,118921,1019,55427,1141,60023,0,3471,1052,19512,1099,51366,1052,70878,California
Napa,2021-04-15,2088,121009,534,55961,1554,61577,0,3471,895,19222,1185,52551,895,71773,California
Napa,2021-04-16,3011,124020,1643,57604,1368,62945,0,3471,2278,20772,728,53279,2278,74051,California
Napa,2021-04-17,1168,125188,276,57880,892,63837,0,3471,860,21325,307,53586,860,74911,California
Napa,2021-04-18,286,125474,192,58072,94,63931,0,3471,122,21283,164,53750,122,75033,California
Napa,2021-04-19,629,126103,340,58412,289,64220,0,3471,275,21205,353,54103,275,75308,California
Napa,2021-04-20,3075,129178,2096,60508,979,65199,0,3471,2088,22310,984,55087,2089,77397,California
Napa,2021-04-21,2984,132162,2201,62709,783,65982,0,3471,1886,23105,1092,56179,1887,79284,California
Napa,2021-04-22,1860,134022,1301,64010,558,66540,1,3472,867,22984,988,57167,867,80151,California
Napa,2021-04-23,1653,135675,1270,65280,381,66921,2,3474,1166,23667,483,57650,1166,81317,California
Napa,2021-04-24,571,136246,320,65600,251,67172,0,3474,297,23693,271,57921,297,81614,California
Napa,2021-04-25,249,136495,190,65790,59,67231,0,3474,127,23699,121,58042,127,81741,California
Napa,2021-04-26,553,137048,283,66073,270,67501,0,3474,285,23721,263,58305,285,82026,California
Napa,2021-04-27,1790,138838,469,66542,1309,68810,12,3486,595,23136,1192,59497,607,82633,California
Napa,2021-04-28,1020,139858,472,67014,531,69341,17,3503,349,22833,669,60166,366,82999,California
Napa,2021-04-29,733,140591,365,67379,349,69690,19,3522,270,22664,457,60623,288,83287,California
Napa,2021-04-30,623,141214,312,67691,247,69937,64,3586,257,22620,364,60987,320,83607,California
Napa,2021-05-01,330,141544,271,67962,48,69985,11,3597,121,22543,209,61196,132,83739,California
Napa,2021-05-02,237,141781,193,68155,38,70023,6,3603,99,22511,137,61333,105,83844,California
Napa,2021-05-03,637,142418,497,68652,104,70127,36,3639,111,22137,522,61855,148,83992,California
Napa,2021-05-04,1144,143562,729,69381,304,70431,111,3750,306,21720,834,62689,417,84409,California
Napa,2021-05-05,1040,144602,704,70085,298,70729,38,3788,263,21247,774,63463,301,84710,California
Napa,2021-05-06,722,145324,320,70405,379,71108,23,3811,371,21300,342,63805,395,85105,California
Napa,2021-05-07,1593,146917,1364,71769,166,71274,63,3874,331,20455,1238,65043,393,85498,California
Napa,2021-05-08,260,147177,167,71936,82,71356,11,3885,88,20384,170,65213,99,85597,California
Napa,2021-05-09,119,147296,87,72023,32,71388,0,3885,58,20382,60,65273,58,85655,California
Napa,2021-05-10,430,147726,146,72169,265,71653,19,3904,111,20194,318,65591,130,85785,California
Napa,2021-05-11,2192,149918,1808,73977,359,72012,25,3929,385,18802,1802,67393,410,86195,California
Napa,2021-05-12,2220,152138,1389,75366,774,72786,57,3986,311,17266,1903,69296,367,86562,California
Napa,2021-05-13,1962,154100,1249,76615,674,73460,39,4025,864,17079,1091,70387,904,87466,California
Napa,2021-05-14,1968,156068,1189,77804,693,74153,86,4111,534,16273,1427,71814,621,88087,California
Napa,2021-05-15,1079,157147,367,78171,700,74853,12,4123,258,15728,816,72630,271,88358,California
Napa,2021-05-16,245,157392,165,78336,78,74931,2,4125,73,15631,172,72802,75,88433,California
Napa,2021-05-17,893,158285,348,78684,515,75446,30,4155,306,15443,525,73327,337,88770,California
Napa,2021-05-18,1080,159365,557,79241,466,75912,57,4212,514,15453,561,73888,571,89341,California
Napa,2021-05-19,981,160346,577,79818,374,76286,30,4242,508,15521,469,74357,537,89878,California
Napa,2021-05-20,661,161007,436,80254,195,76481,30,4272,380,15653,278,74635,410,90288,California
Napa,2021-05-21,527,161534,266,80520,229,76710,32,4304,219,15598,306,74941,251,90539,California
Napa,2021-05-22,463,161997,276,80796,178,76888,9,4313,192,15529,271,75212,202,90741,California
Napa,2021-05-23,402,162399,356,81152,35,76923,11,4324,298,15734,104,75316,309,91050,California
Napa,2021-05-24,386,162785,189,81341,177,77100,20,4344,154,15679,229,75545,174,91224,California
Napa,2021-05-25,431,163216,176,81517,184,77284,71,4415,144,15608,285,75830,214,91438,California
Napa,2021-05-26,559,163775,361,81878,174,77458,24,4439,319,15714,237,76067,343,91781,California
Napa,2021-05-27,399,164174,172,82050,199,77657,28,4467,152,15647,247,76314,180,91961,California
Napa,2021-05-28,407,164581,212,82262,171,77828,24,4491,169,15604,234,76548,191,92152,California
Napa,2021-05-29,129,164710,79,82341,46,77874,4,4495,75,15630,53,76601,79,92231,California
Napa,2021-05-30,97,164807,61,82402,31,77905,5,4500,28,15596,67,76668,33,92264,California
Napa,2021-05-31,51,164858,17,82419,28,77933,6,4506,9,15569,42,76710,15,92279,California
Napa,2021-06-01,605,165463,313,82732,268,78201,24,4530,261,15515,338,77048,284,92563,California
Napa,2021-06-02,413,165876,245,82977,146,78347,22,4552,190,15505,221,77269,211,92774,California
Napa,2021-06-03,756,166632,460,83437,271,78618,25,4577,129,15034,623,77892,152,92926,California
Napa,2021-06-04,785,167417,605,84042,143,78761,37,4614,145,14579,637,78529,182,93108,California
Napa,2021-06-05,315,167732,257,84299,47,78808,11,4625,75,14427,238,78767,86,93194,California
Napa,2021-06-06,145,167877,125,84424,19,78827,1,4626,45,14374,99,78866,46,93240,California
Napa,2021-06-07,397,168274,285,84709,84,78911,28,4654,94,14194,302,79168,122,93362,California
Napa,2021-06-08,622,168896,494,85203,111,79022,17,4671,275,14142,344,79512,292,93654,California
Napa,2021-06-09,559,169455,453,85656,91,79113,15,4686,99,13798,458,79970,114,93768,California
Napa,2021-06-10,516,169971,415,86071,67,79180,34,4720,111,13538,405,80375,145,93913,California
Napa,2021-06-11,411,170382,267,86338,119,79299,25,4745,117,13387,293,80668,142,94055,California
Napa,2021-06-12,205,170587,173,86511,27,79326,5,4750,41,13270,163,80831,46,94101,California
Napa,2021-06-13,290,170877,277,86788,8,79334,5,4755,27,13039,263,81094,32,94133,California
Napa,2021-06-14,484,171361,341,87129,117,79451,26,4781,92,12766,388,81482,115,94248,California
Napa,2021-06-15,376,171737,277,87406,86,79537,13,4794,185,12774,190,81672,198,94446,California
Napa,2021-06-16,261,171998,164,87570,81,79618,16,4810,84,12701,173,81845,100,94546,California
Napa,2021-06-17,393,172391,323,87893,61,79679,9,4819,71,12459,322,82167,80,94626,California
Napa,2021-06-18,267,172658,173,88066,83,79762,11,4830,90,12385,175,82342,101,94727,California
Napa,2021-06-19,110,172768,77,88143,23,79785,10,4840,47,12381,61,82403,57,94784,California
Napa,2021-06-20,54,172822,42,88185,9,79794,3,4843,19,12368,35,82438,22,94806,California
Napa,2021-06-21,158,172980,73,88258,65,79859,20,4863,75,12380,82,82520,94,94900,California
Napa,2021-06-22,374,173354,296,88554,63,79922,15,4878,109,12240,264,82784,124,95024,California
Napa,2021-06-23,340,173694,264,88818,54,79976,22,4900,109,12143,227,83011,130,95154,California
Napa,2021-06-24,167,173861,114,88932,48,80024,5,4905,71,12125,94,83105,76,95230,California
Napa,2021-06-25,244,174105,161,89093,70,80094,13,4918,119,12137,119,83224,131,95361,California
Napa,2021-06-26,92,174197,76,89169,11,80105,5,4923,45,12140,47,83271,50,95411,California
Napa,2021-06-27,70,174267,60,89229,10,80115,0,4923,33,12136,37,83308,33,95444,California
Napa,2021-06-28,190,174457,145,89374,34,80149,11,4934,83,12123,106,83414,93,95537,California
Napa,2021-06-29,409,174866,336,89710,55,80204,18,4952,115,11963,292,83706,132,95669,California
Napa,2021-06-30,181,175047,123,89833,49,80253,9,4961,78,11948,102,83808,87,95756,California
Napa,2021-07-01,167,175214,113,89946,45,80298,9,4970,75,11940,91,83899,83,95839,California
Napa,2021-07-02,173,175387,131,90077,35,80333,7,4977,68,11911,104,84003,75,95914,California
Napa,2021-07-03,76,175463,62,90139,8,80341,6,4983,42,11926,33,84036,48,95962,California
Napa,2021-07-04,7,175470,0,90139,6,80347,1,4984,0,11920,7,84043,1,95963,California
Napa,2021-07-05,89,175559,70,90209,14,80361,5,4989,48,11932,41,84084,53,96016,California
Napa,2021-07-06,323,175882,278,90487,33,80394,12,5001,113,11848,208,84292,124,96140,California
Napa,2021-07-07,161,176043,112,90599,37,80431,12,5013,69,11837,92,84384,81,96221,California
Napa,2021-07-08,137,176180,96,90695,25,80456,16,5029,53,11822,82,84466,67,96288,California
Napa,2021-07-09,131,176311,84,90779,40,80496,7,5036,53,11805,77,84543,60,96348,California
Nevada,2020-12-16,3,3,3,3,0,0,0,0,3,3,0,0,3,3,California
Nevada,2020-12-17,6,9,6,9,0,0,0,0,6,9,0,0,6,9,California
Nevada,2020-12-18,58,67,58,67,0,0,0,0,58,67,0,0,58,67,California
Nevada,2020-12-19,55,122,55,122,0,0,0,0,55,122,0,0,55,122,California
Nevada,2020-12-20,13,135,13,135,0,0,0,0,13,135,0,0,13,135,California
Nevada,2020-12-21,69,204,69,204,0,0,0,0,69,204,0,0,69,204,California
Nevada,2020-12-22,90,294,88,292,2,2,0,0,90,294,0,0,90,294,California
Nevada,2020-12-23,230,524,201,493,29,31,0,0,230,524,0,0,230,524,California
Nevada,2020-12-24,13,537,11,504,2,33,0,0,13,537,0,0,13,537,California
Nevada,2020-12-25,3,540,3,507,0,33,0,0,3,540,0,0,3,540,California
Nevada,2020-12-26,6,546,4,511,2,35,0,0,6,546,0,0,6,546,California
Nevada,2020-12-27,89,635,89,600,0,35,0,0,89,635,0,0,89,635,California
Nevada,2020-12-28,172,807,94,694,78,113,0,0,172,807,0,0,172,807,California
Nevada,2020-12-29,100,907,74,768,26,139,0,0,100,907,0,0,100,907,California
Nevada,2020-12-30,86,993,66,834,20,159,0,0,86,993,0,0,86,993,California
Nevada,2020-12-31,38,1031,8,842,30,189,0,0,38,1031,0,0,38,1031,California
Nevada,2021-01-01,4,1035,1,843,3,192,0,0,4,1035,0,0,4,1035,California
Nevada,2021-01-02,2,1037,1,844,1,193,0,0,2,1037,0,0,2,1037,California
Nevada,2021-01-03,130,1167,125,969,5,198,0,0,130,1167,0,0,130,1167,California
Nevada,2021-01-04,72,1239,47,1016,25,223,0,0,72,1239,0,0,72,1239,California
Nevada,2021-01-05,274,1513,133,1149,141,364,0,0,273,1511,1,1,273,1512,California
Nevada,2021-01-06,91,1604,43,1192,48,412,0,0,83,1586,8,9,83,1595,California
Nevada,2021-01-07,217,1821,43,1235,174,586,0,0,210,1791,6,15,211,1806,California
Nevada,2021-01-08,222,2043,129,1364,93,679,0,0,164,1898,58,73,165,1971,California
Nevada,2021-01-09,64,2107,57,1421,7,686,0,0,14,1862,50,123,14,1985,California
Nevada,2021-01-10,19,2126,10,1431,9,695,0,0,10,1863,9,132,10,1995,California
Nevada,2021-01-11,188,2314,131,1562,57,752,0,0,60,1795,128,260,60,2055,California
Nevada,2021-01-12,600,2914,453,2015,147,899,0,0,533,2261,67,327,533,2588,California
Nevada,2021-01-13,260,3174,146,2161,114,1013,0,0,127,2255,133,460,127,2715,California
Nevada,2021-01-14,240,3414,127,2288,113,1126,0,0,223,2462,16,476,223,2938,California
Nevada,2021-01-15,403,3817,174,2462,229,1355,0,0,302,2663,101,577,302,3240,California
Nevada,2021-01-16,300,4117,16,2478,284,1639,0,0,296,2955,4,581,296,3536,California
Nevada,2021-01-17,36,4153,32,2510,4,1643,0,0,34,2987,2,583,34,3570,California
Nevada,2021-01-18,151,4304,41,2551,110,1753,0,0,141,3118,10,593,141,3711,California
Nevada,2021-01-19,250,4554,90,2641,160,1913,0,0,228,3324,22,615,228,3939,California
Nevada,2021-01-20,275,4829,166,2807,109,2022,0,0,262,3573,13,628,262,4201,California
Nevada,2021-01-21,344,5173,206,3013,138,2160,0,0,331,3891,13,641,331,4532,California
Nevada,2021-01-22,380,5553,238,3251,142,2302,0,0,350,4211,30,671,350,4882,California
Nevada,2021-01-23,182,5735,107,3358,75,2377,0,0,182,4393,0,671,182,5064,California
Nevada,2021-01-24,109,5844,101,3459,8,2385,0,0,68,4420,41,712,68,5132,California
Nevada,2021-01-25,266,6110,135,3594,131,2516,0,0,204,4562,62,774,204,5336,California
Nevada,2021-01-26,408,6518,145,3739,263,2779,0,0,303,4760,105,879,303,5639,California
Nevada,2021-01-27,430,6948,254,3993,176,2955,0,0,405,5140,25,904,405,6044,California
Nevada,2021-01-28,479,7427,326,4319,153,3108,0,0,435,5532,43,947,435,6479,California
Nevada,2021-01-29,609,8036,393,4712,216,3324,0,0,580,6085,28,975,581,7060,California
Nevada,2021-01-30,298,8334,107,4819,191,3515,0,0,295,6377,3,978,295,7355,California
Nevada,2021-01-31,104,8438,87,4906,17,3532,0,0,100,6475,3,981,101,7456,California
Nevada,2021-02-01,295,8733,72,4978,223,3755,0,0,281,6742,14,995,281,7737,California
Nevada,2021-02-02,533,9266,188,5166,345,4100,0,0,331,6871,202,1197,331,8068,California
Nevada,2021-02-03,816,10082,572,5738,244,4344,0,0,762,7580,53,1250,762,8830,California
Nevada,2021-02-04,740,10822,393,6131,347,4691,0,0,485,7811,254,1504,485,9315,California
Nevada,2021-02-05,656,11478,368,6499,288,4979,0,0,465,8087,189,1693,465,9780,California
Nevada,2021-02-06,274,11752,84,6583,190,5169,0,0,244,8301,30,1723,244,10024,California
Nevada,2021-02-07,248,12000,194,6777,54,5223,0,0,193,8439,55,1778,193,10217,California
Nevada,2021-02-08,659,12659,409,7186,250,5473,0,0,555,8892,102,1880,555,10772,California
Nevada,2021-02-09,606,13265,339,7525,267,5740,0,0,464,9215,141,2021,464,11236,California
Nevada,2021-02-10,654,13919,326,7851,328,6068,0,0,421,9405,232,2253,422,11658,California
Nevada,2021-02-11,889,14808,513,8364,376,6444,0,0,554,9626,333,2586,554,12212,California
Nevada,2021-02-12,956,15764,446,8810,510,6954,0,0,628,9929,325,2911,628,12840,California
Nevada,2021-02-13,616,16380,237,9047,379,7333,0,0,392,10101,220,3131,392,13232,California
Nevada,2021-02-14,234,16614,120,9167,114,7447,0,0,205,10277,29,3160,205,13437,California
Nevada,2021-02-15,713,17327,438,9605,275,7722,0,0,538,10640,175,3335,538,13975,California
Nevada,2021-02-16,632,17959,202,9807,430,8152,0,0,461,10931,170,3505,461,14436,California
Nevada,2021-02-17,1202,19161,776,10583,426,8578,0,0,858,11445,344,3849,858,15294,California
Nevada,2021-02-18,1025,20186,558,11141,467,9045,0,0,603,11629,419,4268,603,15897,California
Nevada,2021-02-19,1134,21320,636,11777,498,9543,0,0,761,12021,370,4638,762,16659,California
Nevada,2021-02-20,309,21629,114,11891,195,9738,0,0,180,12073,128,4766,180,16839,California
Nevada,2021-02-21,105,21734,91,11982,14,9752,0,0,15,12001,87,4853,15,16854,California
Nevada,2021-02-22,519,22253,347,12329,172,9924,0,0,368,12219,150,5003,368,17222,California
Nevada,2021-02-23,513,22766,252,12581,261,10185,0,0,227,12164,283,5286,228,17450,California
Nevada,2021-02-24,540,23306,294,12875,246,10431,0,0,262,12154,276,5562,266,17716,California
Nevada,2021-02-25,887,24193,476,13351,411,10842,0,0,445,12161,438,6000,445,18161,California
Nevada,2021-02-26,1264,25457,898,14249,366,11208,0,0,424,11748,837,6837,424,18585,California
Nevada,2021-02-27,427,25884,114,14363,313,11521,0,0,194,11709,233,7070,194,18779,California
Nevada,2021-02-28,274,26158,160,14523,114,11635,0,0,126,11688,147,7217,126,18905,California
Nevada,2021-03-01,845,27003,442,14965,403,12038,0,0,370,11587,471,7688,370,19275,California
Nevada,2021-03-02,741,27744,293,15258,448,12486,0,0,509,11869,227,7915,509,19784,California
Nevada,2021-03-03,993,28737,509,15767,483,12969,1,1,521,11921,470,8385,522,20306,California
Nevada,2021-03-04,1110,29847,624,16391,486,13455,0,1,466,11747,640,9025,466,20772,California
Nevada,2021-03-05,1185,31032,482,16873,693,14148,10,11,710,11995,472,9497,720,21492,California
Nevada,2021-03-06,366,31398,121,16994,218,14366,27,38,150,11955,216,9713,176,21668,California
Nevada,2021-03-07,216,31614,108,17102,82,14448,26,64,70,11905,146,9859,96,21764,California
Nevada,2021-03-08,833,32447,563,17665,223,14671,47,111,373,11867,459,10318,421,22185,California
Nevada,2021-03-09,796,33243,405,18070,341,15012,50,161,468,12058,326,10644,517,22702,California
Nevada,2021-03-10,1009,34252,649,18719,303,15315,57,218,340,11792,662,11306,396,23098,California
Nevada,2021-03-11,1113,35365,728,19447,361,15676,24,242,550,11812,554,11860,574,23672,California
Nevada,2021-03-12,1535,36900,726,20173,779,16455,30,272,840,11989,691,12551,868,24540,California
Nevada,2021-03-13,944,37844,59,20232,880,17335,5,277,758,12568,184,12735,763,25303,California
Nevada,2021-03-14,160,38004,20,20252,135,17470,5,282,33,12479,127,12862,38,25341,California
Nevada,2021-03-15,857,38861,467,20719,378,17848,12,294,358,12354,495,13357,370,25711,California
Nevada,2021-03-16,1006,39867,468,21187,476,18324,62,356,637,12685,367,13724,698,26409,California
Nevada,2021-03-17,1028,40895,452,21639,566,18890,10,366,581,12833,444,14168,592,27001,California
Nevada,2021-03-18,982,41877,531,22170,428,19318,23,389,474,12827,502,14670,496,27497,California
Nevada,2021-03-19,941,42818,441,22611,463,19781,37,426,360,12648,576,15246,397,27894,California
Nevada,2021-03-20,837,43655,94,22705,316,20097,427,853,242,12724,589,15835,665,28559,California
Nevada,2021-03-21,61,43716,32,22737,28,20125,1,854,33,12731,27,15862,34,28593,California
Nevada,2021-03-22,802,44518,519,23256,278,20403,5,859,529,12995,270,16132,534,29127,California
Nevada,2021-03-23,861,45379,390,23646,443,20846,28,887,616,13397,242,16374,644,29771,California
Nevada,2021-03-24,1022,46401,543,24189,472,21318,7,894,637,13661,379,16753,643,30414,California
Nevada,2021-03-25,913,47314,464,24653,424,21742,25,919,487,13749,423,17176,511,30925,California
Nevada,2021-03-26,1177,48491,447,25100,691,22433,39,958,845,14303,329,17505,883,31808,California
Nevada,2021-03-27,586,49077,72,25172,498,22931,16,974,402,14538,183,17688,418,32226,California
Nevada,2021-03-28,178,49255,54,25226,111,23042,13,987,36,14451,136,17824,49,32275,California
Nevada,2021-03-29,826,50081,501,25727,303,23345,22,1009,373,14397,448,18272,394,32669,California
Nevada,2021-03-30,1061,51142,487,26214,540,23885,34,1043,489,14356,564,18836,523,33192,California
Nevada,2021-03-31,1188,52330,666,26880,505,24390,17,1060,673,14539,506,19342,689,33881,California
Nevada,2021-04-01,1250,53580,730,27610,466,24856,54,1114,555,14462,684,20026,607,34488,California
Nevada,2021-04-02,1301,54881,661,28271,604,25460,36,1150,773,14746,525,20551,809,35297,California
Nevada,2021-04-03,289,55170,86,28357,162,25622,41,1191,82,14663,206,20757,123,35420,California
Nevada,2021-04-04,128,55298,42,28399,79,25701,7,1198,76,14694,52,20809,83,35503,California
Nevada,2021-04-05,935,56233,615,29014,300,26001,20,1218,622,15026,308,21117,640,36143,California
Nevada,2021-04-06,1079,57312,665,29679,270,26271,144,1362,437,14971,635,21752,580,36723,California
Nevada,2021-04-07,1150,58462,822,30501,246,26517,82,1444,612,15133,531,22283,693,37416,California
Nevada,2021-04-08,1284,59746,894,31395,305,26822,85,1529,709,15356,570,22853,793,38209,California
Nevada,2021-04-09,1278,61024,850,32245,361,27183,67,1596,863,15872,413,23266,929,39138,California
Nevada,2021-04-10,902,61926,81,32326,745,27928,76,1672,128,15308,768,24034,204,39342,California
Nevada,2021-04-11,112,62038,34,32360,72,28000,6,1678,36,15274,76,24110,42,39384,California
Nevada,2021-04-12,748,62786,542,32902,189,28189,17,1695,316,15180,427,24537,333,39717,California
Nevada,2021-04-13,891,63677,354,33256,537,28726,0,1695,472,15237,415,24952,472,40189,California
Nevada,2021-04-14,1061,64738,571,33827,490,29216,0,1695,541,15266,512,25464,541,40730,California
Nevada,2021-04-15,1086,65824,712,34539,374,29590,0,1695,626,15444,448,25912,626,41356,California
Nevada,2021-04-16,911,66735,693,35232,218,29808,0,1695,518,15571,391,26303,518,41874,California
Nevada,2021-04-17,202,66937,54,35286,148,29956,0,1695,87,15545,113,26416,87,41961,California
Nevada,2021-04-18,202,67139,22,35308,180,30136,0,1695,103,15549,99,26515,103,42064,California
Nevada,2021-04-19,758,67897,484,35792,274,30410,0,1695,311,15424,436,26951,311,42375,California
Nevada,2021-04-20,833,68730,334,36126,499,30909,0,1695,313,15223,514,27465,313,42688,California
Nevada,2021-04-21,938,69668,525,36651,413,31322,0,1695,270,14837,656,28121,270,42958,California
Nevada,2021-04-22,1009,70677,634,37285,375,31697,0,1695,342,14524,656,28777,343,43301,California
Nevada,2021-04-23,1258,71935,550,37835,708,32405,0,1695,401,14079,846,29623,401,43702,California
Nevada,2021-04-24,522,72457,73,37908,449,32854,0,1695,168,13895,352,29975,168,43870,California
Nevada,2021-04-25,130,72587,59,37967,66,32920,5,1700,51,13872,78,30053,55,43925,California
Nevada,2021-04-26,744,73331,561,38528,175,33095,8,1708,217,13580,517,30570,225,44150,California
Nevada,2021-04-27,821,74152,383,38911,433,33528,5,1713,412,13596,401,30971,417,44567,California
Nevada,2021-04-28,994,75146,581,39492,408,33936,5,1718,387,13388,600,31571,392,44959,California
Nevada,2021-04-29,1020,76166,710,40202,306,34242,4,1722,279,12932,739,32310,283,45242,California
Nevada,2021-04-30,1249,77415,728,40930,513,34755,8,1730,213,12119,1034,33344,221,45463,California
Nevada,2021-05-01,144,77559,63,40993,77,34832,4,1734,60,12101,82,33426,64,45527,California
Nevada,2021-05-02,59,77618,33,41026,22,34854,4,1738,20,12086,39,33465,24,45551,California
Nevada,2021-05-03,611,78229,405,41431,186,35040,20,1758,178,11854,429,33894,197,45748,California
Nevada,2021-05-04,597,78826,174,41605,405,35445,18,1776,338,11955,255,34149,356,46104,California
Nevada,2021-05-05,740,79566,383,41988,343,35788,14,1790,324,11885,408,34557,338,46442,California
Nevada,2021-05-06,806,80372,565,42553,230,36018,11,1801,198,11496,598,35155,209,46651,California
Nevada,2021-05-07,894,81266,489,43042,370,36388,35,1836,185,11012,704,35859,220,46871,California
Nevada,2021-05-08,176,81442,20,43062,136,36524,20,1856,78,11014,96,35955,98,46969,California
Nevada,2021-05-09,44,81486,8,43070,34,36558,2,1858,21,11014,23,35978,23,46992,California
Nevada,2021-05-10,390,81876,248,43318,118,36676,24,1882,78,10805,311,36289,102,47094,California
Nevada,2021-05-11,517,82393,155,43473,349,37025,13,1895,127,10564,381,36670,140,47234,California
Nevada,2021-05-12,542,82935,237,43710,294,37319,11,1906,152,10346,381,37051,163,47397,California
Nevada,2021-05-13,838,83773,556,44266,272,37591,10,1916,432,10391,397,37448,442,47839,California
Nevada,2021-05-14,792,84565,583,44849,191,37782,18,1934,443,10507,345,37793,461,48300,California
Nevada,2021-05-15,186,84751,87,44936,91,37873,8,1942,87,10504,98,37891,95,48395,California
Nevada,2021-05-16,161,84912,54,44990,107,37980,0,1942,56,10455,105,37996,56,48451,California
Nevada,2021-05-17,499,85411,319,45309,150,38130,30,1972,216,10429,272,38268,246,48697,California
Nevada,2021-05-18,420,85831,256,45565,160,38290,4,1976,221,10458,197,38465,226,48923,California
Nevada,2021-05-19,488,86319,354,45919,129,38419,5,1981,255,10494,224,38689,260,49183,California
Nevada,2021-05-20,612,86931,353,46272,247,38666,12,1993,220,10339,387,39076,232,49415,California
Nevada,2021-05-21,509,87440,327,46599,172,38838,10,2003,217,10278,288,39364,227,49642,California
Nevada,2021-05-22,244,87684,34,46633,157,38995,53,2056,92,10271,152,39516,145,49787,California
Nevada,2021-05-23,53,87737,19,46652,34,39029,0,2056,18,10255,34,39550,18,49805,California
Nevada,2021-05-24,313,88050,219,46871,80,39109,14,2070,105,10169,205,39755,119,49924,California
Nevada,2021-05-25,343,88393,84,46955,247,39356,12,2082,82,10007,256,40011,94,50018,California
Nevada,2021-05-26,455,88848,197,47152,248,39604,10,2092,135,9839,313,40324,145,50163,California
Nevada,2021-05-27,426,89274,226,47378,179,39783,21,2113,179,9796,243,40567,200,50363,California
Nevada,2021-05-28,346,89620,215,47593,108,39891,23,2136,190,9857,153,40720,214,50577,California
Nevada,2021-05-29,66,89686,12,47605,54,39945,0,2136,41,9873,25,40745,41,50618,California
Nevada,2021-05-30,37,89723,19,47624,16,39961,2,2138,25,9888,12,40757,27,50645,California
Nevada,2021-05-31,6,89729,4,47628,0,39961,2,2140,2,9888,4,40761,4,50649,California
Nevada,2021-06-01,420,90149,126,47754,276,40237,18,2158,99,9693,312,41073,117,50766,California
Nevada,2021-06-02,403,90552,165,47919,231,40468,7,2165,101,9507,294,41367,108,50874,California
Nevada,2021-06-03,564,91116,404,48323,155,40623,5,2170,99,9150,461,41828,104,50978,California
Nevada,2021-06-04,548,91664,438,48761,106,40729,4,2174,107,8825,436,42264,111,51089,California
Nevada,2021-06-05,172,91836,70,48831,100,40829,2,2176,65,8786,106,42370,67,51156,California
Nevada,2021-06-06,54,91890,40,48871,14,40843,0,2176,13,8758,41,42411,13,51169,California
Nevada,2021-06-07,270,92160,196,49067,44,40887,30,2206,60,8643,205,42616,90,51259,California
Nevada,2021-06-08,293,92453,194,49261,85,40972,14,2220,67,8507,217,42833,81,51340,California
Nevada,2021-06-09,325,92778,218,49479,100,41072,7,2227,82,8357,239,43072,89,51429,California
Nevada,2021-06-10,273,93051,176,49655,88,41160,9,2236,72,8242,195,43267,80,51509,California
Nevada,2021-06-11,325,93376,230,49885,76,41236,19,2255,74,8086,248,43515,92,51601,California
Nevada,2021-06-12,92,93468,54,49939,33,41269,5,2260,27,8053,65,43580,32,51633,California
Nevada,2021-06-13,33,93501,17,49956,15,41284,1,2261,6,8033,27,43607,7,51640,California
Nevada,2021-06-14,192,93693,138,50094,43,41327,11,2272,50,7959,135,43742,61,51701,California
Nevada,2021-06-15,170,93863,97,50191,65,41392,8,2280,67,7934,100,43842,75,51776,California
Nevada,2021-06-16,237,94100,133,50324,95,41487,9,2289,69,7851,161,44003,78,51854,California
Nevada,2021-06-17,227,94327,133,50457,80,41567,14,2303,40,7719,186,44189,54,51908,California
Nevada,2021-06-18,217,94544,152,50609,48,41615,17,2320,68,7657,147,44336,85,51993,California
Nevada,2021-06-19,70,94614,34,50643,30,41645,6,2326,29,7651,41,44377,35,52028,California
Nevada,2021-06-20,27,94641,20,50663,7,41652,0,2326,8,7641,18,44395,8,52036,California
Nevada,2021-06-21,110,94751,49,50712,54,41706,7,2333,49,7642,55,44450,56,52092,California
Nevada,2021-06-22,166,94917,97,50809,58,41764,11,2344,68,7629,92,44542,79,52171,California
Nevada,2021-06-23,211,95128,138,50947,44,41808,29,2373,86,7623,120,44662,114,52285,California
Nevada,2021-06-24,177,95305,112,51059,47,41855,18,2391,60,7590,111,44773,78,52363,California
Nevada,2021-06-25,207,95512,138,51197,48,41903,21,2412,76,7556,131,44904,97,52460,California
Nevada,2021-06-26,83,95595,61,51258,20,41923,2,2414,31,7537,52,44956,33,52493,California
Nevada,2021-06-27,29,95624,13,51271,12,41935,4,2418,7,7526,22,44978,11,52504,California
Nevada,2021-06-28,169,95793,119,51390,28,41963,22,2440,67,7521,94,45072,89,52593,California
Nevada,2021-06-29,129,95922,74,51464,43,42006,12,2452,46,7504,75,45147,58,52651,California
Nevada,2021-06-30,167,96089,127,51591,34,42040,6,2458,55,7455,109,45256,60,52711,California
Nevada,2021-07-01,124,96213,86,51677,27,42067,11,2469,54,7452,68,45324,65,52776,California
Nevada,2021-07-02,149,96362,98,51775,38,42105,13,2482,74,7471,68,45392,87,52863,California
Nevada,2021-07-03,33,96395,16,51791,11,42116,6,2488,17,7478,15,45407,22,52885,California
Nevada,2021-07-05,45,96440,29,51820,10,42126,6,2494,18,7475,27,45434,24,52909,California
Nevada,2021-07-06,147,96587,90,51910,43,42169,14,2508,53,7454,88,45522,67,52976,California
Nevada,2021-07-07,126,96713,81,51991,33,42202,12,2520,45,7437,74,45596,57,53033,California
Nevada,2021-07-08,140,96853,84,52075,42,42244,14,2534,67,7449,68,45664,80,53113,California
Nevada,2021-07-09,99,96952,51,52126,29,42273,19,2553,32,7434,66,45730,51,53164,California
Orange,2020-12-15,17,17,17,17,0,0,0,0,17,17,0,0,17,17,California
Orange,2020-12-16,402,419,402,419,0,0,0,0,402,419,0,0,402,419,California
Orange,2020-12-17,3774,4193,3774,4193,0,0,0,0,3773,4192,0,0,3773,4192,California
Orange,2020-12-18,5135,9328,5127,9320,8,8,0,0,5133,9324,1,1,5133,9325,California
Orange,2020-12-19,2249,11577,2242,11562,7,15,0,0,2248,11572,0,1,2248,11573,California
Orange,2020-12-20,2005,13582,2002,13564,3,18,0,0,2005,13576,1,2,2005,13578,California
Orange,2020-12-21,4275,17857,4269,17833,6,24,0,0,4275,17851,0,2,4275,17853,California
Orange,2020-12-22,4005,21862,3968,21801,37,61,0,0,4004,21855,0,2,4004,21857,California
Orange,2020-12-23,3611,25473,3241,25042,370,431,0,0,3611,25465,1,3,3611,25468,California
Orange,2020-12-24,1390,26863,1088,26130,302,733,0,0,1390,26855,0,3,1390,26858,California
Orange,2020-12-25,21,26884,16,26146,5,738,0,0,21,26876,0,3,21,26879,California
Orange,2020-12-26,1002,27886,425,26571,577,1315,0,0,1002,27878,0,3,1002,27881,California
Orange,2020-12-27,587,28473,275,26846,312,1627,0,0,587,28465,0,3,587,28468,California
Orange,2020-12-28,3642,32115,2643,29489,999,2626,0,0,3642,32107,0,3,3642,32110,California
Orange,2020-12-29,3537,35652,2513,32002,1024,3650,0,0,3536,35642,1,4,3536,35646,California
Orange,2020-12-30,5151,40803,3553,35555,1598,5248,0,0,5151,40793,0,4,5151,40797,California
Orange,2020-12-31,1535,42338,820,36375,715,5963,0,0,1532,42322,3,7,1532,42329,California
Orange,2021-01-01,739,43077,402,36777,337,6300,0,0,737,43057,2,9,737,43066,California
Orange,2021-01-02,1374,44451,844,37621,530,6830,0,0,1371,44426,2,11,1371,44437,California
Orange,2021-01-03,594,45045,326,37947,268,7098,0,0,593,45019,0,11,593,45030,California
Orange,2021-01-04,2790,47835,1575,39522,1215,8313,0,0,2791,47809,1,12,2791,47821,California
Orange,2021-01-05,3562,51397,2320,41842,1242,9555,0,0,3146,50545,413,425,3149,50970,California
Orange,2021-01-06,5055,56452,3480,45322,1575,11130,0,0,3676,52856,1365,1790,3676,54646,California
Orange,2021-01-07,9404,65856,5252,50574,4152,15282,0,0,5752,54976,3637,5427,5757,60403,California
Orange,2021-01-08,9589,75445,5391,55965,4198,19480,0,0,5717,56835,3861,9288,5720,66123,California
Orange,2021-01-09,5075,80520,1776,57741,3299,22779,0,0,3776,59312,1299,10587,3776,69899,California
Orange,2021-01-10,4283,84803,1059,58800,3224,26003,0,0,3393,61820,889,11476,3397,73296,California
Orange,2021-01-11,9545,94348,4946,63746,4599,30602,0,0,5898,64071,3651,15127,5902,79198,California
Orange,2021-01-12,9043,103391,4858,68604,4185,34787,0,0,5545,66126,3493,18620,5548,84746,California
Orange,2021-01-13,10387,113778,4954,73558,5433,40220,0,0,7160,70070,3223,21843,7167,91913,California
Orange,2021-01-14,10173,123951,3821,77379,6352,46572,0,0,8570,77045,1601,23444,8576,100489,California
Orange,2021-01-15,10349,134300,2675,80054,7674,54246,0,0,9456,85609,899,24343,9463,109952,California
Orange,2021-01-16,8870,143170,2121,82175,6749,60995,0,0,8463,93674,403,24746,8468,118420,California
Orange,2021-01-17,8286,151456,1524,83699,6762,67757,0,0,8129,101656,157,24903,8139,126559,California
Orange,2021-01-18,9813,161269,4444,88143,5369,73126,0,0,7541,106927,2273,27176,7544,134103,California
Orange,2021-01-19,7631,168900,5477,93620,2154,75280,0,0,4982,109264,2647,29823,4984,139087,California
Orange,2021-01-20,8701,177601,6108,99728,2593,77873,0,0,5623,111819,3077,32900,5632,144719,California
Orange,2021-01-21,11377,188978,5125,104853,6252,84125,0,0,10522,121500,853,33753,10534,155253,California
Orange,2021-01-22,13985,202963,5225,110078,8760,92885,0,0,13079,133689,898,34651,13087,168340,California
Orange,2021-01-23,13321,216284,6213,116291,7108,99993,0,0,12374,145132,943,35594,12386,180726,California
Orange,2021-01-24,9945,226229,4312,120603,5633,105626,0,0,9605,154405,336,35930,9609,190335,California
Orange,2021-01-25,10567,236796,5904,126507,4663,110289,0,0,7800,159452,2758,38688,7805,198140,California
Orange,2021-01-26,12020,248816,7721,134228,4299,114588,0,0,9813,167066,2202,40890,9816,207956,California
Orange,2021-01-27,13668,262484,8031,142259,5637,120225,0,0,10887,175188,2770,43660,10892,218848,California
Orange,2021-01-28,13313,275797,7274,149533,6039,126264,0,0,11367,184634,1930,45590,11376,230224,California
Orange,2021-01-29,13841,289638,8464,157997,5377,131641,0,0,10871,192561,2947,48537,10874,241098,California
Orange,2021-01-30,13235,302873,4534,162531,8701,140342,0,0,12428,204203,790,49327,12432,253530,California
Orange,2021-01-31,13859,316732,4916,167447,8943,149285,0,0,13388,217134,465,49792,13396,266926,California
Orange,2021-02-01,15058,331790,6511,173958,8547,157832,0,0,12514,227140,2516,52308,12522,279448,California
Orange,2021-02-02,15266,347056,8005,181963,7261,165093,0,0,12739,237398,2487,54795,12745,292193,California
Orange,2021-02-03,16805,363861,12441,194404,4364,169457,0,0,13792,248269,2927,57722,13798,305991,California
Orange,2021-02-04,20170,384031,13095,207499,7075,176532,0,0,14981,258109,5150,62872,14990,320981,California
Orange,2021-02-05,21084,405115,12092,219591,8992,185524,0,0,14640,266363,6397,69269,14651,335632,California
Orange,2021-02-06,16592,421707,10882,230473,5710,191234,0,0,11254,272519,5318,74587,11474,347106,California
Orange,2021-02-07,11670,433377,8170,238643,3500,194734,0,0,7642,276322,4008,78595,7811,354917,California
Orange,2021-02-08,15291,448668,8753,247396,6538,201272,0,0,9144,279353,6118,84713,9149,364066,California
Orange,2021-02-09,17965,466633,12162,259558,5803,207075,0,0,10752,282988,7132,91845,10767,374833,California
Orange,2021-02-10,21204,487837,11278,270836,9926,217001,0,0,12826,287555,8281,100126,12848,387681,California
Orange,2021-02-11,22506,510343,11637,282473,10869,227870,0,0,12301,289822,10059,110185,12326,400007,California
Orange,2021-02-12,25255,535598,12132,294605,13123,240993,0,0,14784,294228,10399,120584,14805,414812,California
Orange,2021-02-13,22250,557848,12052,306657,10198,251191,0,0,11200,295201,10884,131468,11857,426669,California
Orange,2021-02-14,16649,574497,6683,313340,9966,261157,0,0,9687,297964,6932,138400,9695,436364,California
Orange,2021-02-15,17569,592066,7554,320894,10015,271172,0,0,9058,298583,8462,146862,9081,445445,California
Orange,2021-02-16,20329,612395,9192,330086,11137,282309,0,0,10916,300182,9357,156219,10956,456401,California
Orange,2021-02-17,18372,630767,9619,339705,8753,291062,0,0,9364,300673,8942,165161,9433,465834,California
Orange,2021-02-18,15380,646147,10065,349770,5315,296377,0,0,6928,299245,8389,173550,6961,472795,California
Orange,2021-02-19,18689,664836,11156,360926,7533,303910,0,0,7065,294777,11559,185109,7091,479886,California
Orange,2021-02-20,7745,672581,5742,366668,2003,305913,0,0,3858,294813,3851,188960,3887,483773,California
Orange,2021-02-21,4844,677425,4112,370780,732,306645,0,0,994,292010,3805,192765,1002,484775,California
Orange,2021-02-22,10388,687813,8461,379241,1927,308572,0,0,4143,289985,6195,198960,4170,488945,California
Orange,2021-02-23,14179,701992,7762,387003,6417,314989,0,0,3723,283384,10367,209327,3766,492711,California
Orange,2021-02-24,22113,724105,13364,400367,8749,323738,0,0,5574,272586,16443,225770,5645,498356,California
Orange,2021-02-25,23753,747858,12881,413248,10872,334610,0,0,8297,265571,15365,241135,8350,506706,California
Orange,2021-02-26,28779,776637,14513,427761,14266,348876,0,0,11578,260178,17041,258176,11648,518354,California
Orange,2021-02-27,25871,802508,10552,438313,15314,364190,5,5,7450,249407,18286,276462,7515,525869,California
Orange,2021-02-28,19537,822045,7584,445897,11953,376143,0,5,4909,239879,14481,290943,4953,530822,California
Orange,2021-03-01,19017,841062,8705,454602,10288,386431,24,29,7426,235901,11474,302417,7496,538318,California
Orange,2021-03-02,21820,862882,10562,465164,11254,397685,4,33,9629,233479,12118,314535,9696,548014,California
Orange,2021-03-03,21431,884313,10173,475337,11253,408938,5,38,11545,235297,9797,324332,11615,559629,California
Orange,2021-03-04,24143,908456,13840,489177,10290,419228,13,51,12326,235931,11764,336096,12398,572027,California
Orange,2021-03-05,23779,932235,12529,501706,11202,430430,48,99,14277,240907,9450,345546,14426,586453,California
Orange,2021-03-06,25210,957445,13872,515578,10448,440878,890,989,13382,243456,11770,357316,14319,600772,California
Orange,2021-03-07,16588,974033,8964,524542,6751,447629,873,1862,9491,246827,7047,364363,10418,611190,California
Orange,2021-03-08,18687,992720,8683,533225,8581,456210,1423,3285,11709,253111,6902,371265,13186,624376,California
Orange,2021-03-09,21926,1014646,10052,543277,9255,465465,2619,5904,12834,259533,9044,380309,15466,639842,California
Orange,2021-03-10,25232,1039878,12382,555659,9364,474829,3486,9390,12643,263159,12514,392823,16140,655982,California
Orange,2021-03-11,29700,1069578,16062,571721,9325,484154,4313,13703,13672,265237,15917,408740,17995,673977,California
Orange,2021-03-12,29748,1099326,14480,586201,11371,495525,3897,17600,14844,269209,14801,423541,18773,692750,California
Orange,2021-03-13,28100,1127426,10339,596540,13783,509308,3978,21578,14169,273492,13863,437404,18146,710896,California
Orange,2021-03-14,19071,1146497,8298,604838,8216,517524,2557,24135,11861,280740,7169,444573,14417,725313,California
Orange,2021-03-15,23387,1169884,10321,615159,12293,529817,773,24908,14421,287076,8862,453435,15198,740511,California
Orange,2021-03-16,26728,1196612,11323,626482,15132,544949,273,25181,17149,295041,9483,462918,17448,757959,California
Orange,2021-03-17,27702,1224314,13776,640258,13360,558309,566,25747,19619,307233,7997,470915,20189,778148,California
Orange,2021-03-18,28263,1252577,14286,654544,13671,571980,306,26053,21788,322952,6389,477304,22108,800256,California
Orange,2021-03-19,34197,1286774,18894,673438,14848,586828,455,26508,25281,339911,8789,486093,25748,826004,California
Orange,2021-03-20,26133,1312907,13809,687247,12122,598950,202,26710,22229,358525,3828,489921,22442,848446,California
Orange,2021-03-21,18894,1331801,10956,698203,7192,606142,746,27456,15955,372335,2893,492814,16703,865149,California
Orange,2021-03-22,23050,1354851,11972,710175,10755,616897,323,27779,19324,388378,3614,496428,19657,884806,California
Orange,2021-03-23,26426,1381277,13796,723971,11982,628879,648,28427,20861,404428,5467,501895,21517,906323,California
Orange,2021-03-24,29544,1410821,16555,740526,12059,640938,930,29357,22084,420107,7339,509234,23018,929341,California
Orange,2021-03-25,32772,1443593,17436,757962,14619,655557,717,30074,24200,436571,8458,517692,24922,954263,California
Orange,2021-03-26,35192,1478785,18297,776259,16027,671584,868,30942,24646,451687,10408,528100,25524,979787,California
Orange,2021-03-27,28711,1507496,13771,790030,14624,686208,316,31258,19672,462747,8931,537031,19991,999778,California
Orange,2021-03-28,25065,1532561,13054,803084,11943,698151,68,31326,18590,475033,6379,543410,18665,1018443,California
Orange,2021-03-29,26771,1559332,12283,815367,13920,712071,568,31894,17769,484492,8881,552291,18340,1036783,California
Orange,2021-03-30,31130,1590462,14093,829460,16396,728467,641,32535,20448,495001,10578,562869,21087,1057870,California
Orange,2021-03-31,37485,1627947,19673,849133,17086,745553,726,33261,23721,505831,13617,576486,24447,1082317,California
Orange,2021-04-01,41013,1668960,21518,870651,17535,763088,1960,35221,25882,518740,14913,591399,27822,1110139,California
Orange,2021-04-02,40503,1709463,20428,891079,18208,781296,1867,37088,21971,524182,18403,609802,23845,1133984,California
Orange,2021-04-03,30616,1740079,15870,906949,12963,794259,1783,38871,14142,523721,16377,626179,15916,1149900,California
Orange,2021-04-04,18526,1758605,10756,917705,6994,801253,776,39647,7990,522012,10469,636648,8760,1158660,California
Orange,2021-04-05,30368,1788973,14182,931887,12712,813965,3474,43121,13197,521609,17064,653712,16661,1175321,California
Orange,2021-04-06,33665,1822638,15763,947650,14446,828411,3456,46577,14137,519758,19415,673127,17564,1192885,California
Orange,2021-04-07,36539,1859177,20321,967971,11550,839961,4668,51245,16003,519959,20432,693559,20633,1213518,California
Orange,2021-04-08,39564,1898741,21870,989841,12122,852083,5572,56817,19005,524075,20418,713977,24534,1238052,California
Orange,2021-04-09,41428,1940169,24101,1013942,12013,864096,5314,62131,18038,524112,23273,737250,23310,1261362,California
Orange,2021-04-10,34897,1975066,18420,1032362,12168,876264,4309,66440,14283,522170,20508,757758,18566,1279928,California
Orange,2021-04-11,25910,2000976,14673,1047035,7929,884193,3308,69748,9866,519335,15983,773741,13148,1293076,California
Orange,2021-04-12,30883,2031859,15595,1062630,11636,895829,3652,73400,12107,516395,18680,792421,15740,1308816,California
Orange,2021-04-13,32960,2064819,18554,1081184,14335,910164,71,73471,15282,514176,17574,809995,15355,1324171,California
Orange,2021-04-14,35141,2099960,20614,1101798,14489,924653,38,73509,15205,509621,19809,829804,15254,1339425,California
Orange,2021-04-15,40970,2140930,24974,1126772,15979,940632,17,73526,19030,506860,21802,851606,19041,1358466,California
Orange,2021-04-16,42210,2183140,24814,1151586,17366,957998,30,73556,18995,502838,23060,874666,19038,1377504,California
Orange,2021-04-17,30789,2213929,17459,1169045,13323,971321,7,73563,13454,499124,17181,891847,13467,1390971,California
Orange,2021-04-18,22366,2236295,13633,1182678,8733,980054,0,73563,8851,494546,13434,905281,8856,1399827,California
Orange,2021-04-19,33121,2269416,18305,1200983,14813,994867,3,73566,15209,491962,17802,923083,15218,1415045,California
Orange,2021-04-20,36634,2306050,19375,1220358,17252,1012119,7,73573,18179,491808,18346,941429,18192,1433237,California
Orange,2021-04-21,42518,2348568,24927,1245285,17582,1029701,9,73582,20117,489729,22212,963641,20133,1453370,California
Orange,2021-04-22,40182,2388750,21524,1266809,18647,1048348,11,73593,16724,483177,23295,986936,16743,1470113,California
Orange,2021-04-23,41116,2429866,21611,1288420,19497,1067845,8,73601,18397,479011,22580,1009516,18414,1488527,California
Orange,2021-04-24,32146,2462012,16837,1305257,15277,1083122,32,73633,13475,473952,18569,1028085,13510,1502037,California
Orange,2021-04-25,23049,2485061,13019,1318276,10015,1093137,15,73648,9832,470672,13134,1041219,9854,1511891,California
Orange,2021-04-26,29337,2514398,14577,1332853,14561,1107698,199,73847,12702,467072,16503,1057722,12903,1524794,California
Orange,2021-04-27,31638,2546036,15005,1347858,15998,1123696,635,74482,11971,460202,19483,1077205,12613,1537407,California
Orange,2021-04-28,31503,2577539,16008,1363866,14609,1138305,886,75368,12646,455022,18710,1095915,13530,1550937,California
Orange,2021-04-29,32547,2610086,17972,1381838,13600,1151905,975,76343,11579,446738,20830,1116745,12546,1563483,California
Orange,2021-04-30,30505,2640591,17587,1399425,11970,1163875,948,77291,13012,443330,17356,1134101,13948,1577431,California
Orange,2021-05-01,23115,2663706,15826,1415251,6299,1170174,990,78281,8795,438927,14179,1148280,9776,1587207,California
Orange,2021-05-02,15473,2679179,10308,1425559,4521,1174695,644,78925,5388,434945,10008,1158288,6026,1593233,California
Orange,2021-05-03,20745,2699924,12682,1438241,7299,1181994,764,79689,6512,428092,14127,1172415,7274,1600507,California
Orange,2021-05-04,24228,2724152,14012,1452253,9292,1191286,924,80613,8269,421438,15833,1188248,9179,1609686,California
Orange,2021-05-05,25480,2749632,14472,1466725,10109,1201395,899,81512,8188,413385,17139,1205387,9086,1618772,California
Orange,2021-05-06,26951,2776583,16447,1483172,9498,1210893,1006,82518,7398,402377,19404,1224791,8396,1627168,California
Orange,2021-05-07,29535,2806118,17924,1501096,10556,1221449,1055,83573,8202,390527,21101,1245892,9251,1636419,California
Orange,2021-05-08,19194,2825312,12831,1513927,5561,1227010,802,84375,5555,383378,13498,1259390,6349,1642768,California
Orange,2021-05-09,11143,2836455,8496,1522423,2272,1229282,375,84750,2805,378271,8287,1267677,3180,1645948,California
Orange,2021-05-10,19544,2855999,12045,1534468,6713,1235995,786,85536,4307,368229,15136,1282813,5094,1651042,California
Orange,2021-05-11,22760,2878759,12872,1547340,9149,1245144,739,86275,5395,357110,17246,1300059,6127,1657169,California
Orange,2021-05-12,24109,2902868,14993,1562333,8280,1253424,836,87111,6547,347074,17416,1317475,7380,1664549,California
Orange,2021-05-13,22163,2925031,13746,1576079,7801,1261225,616,87727,8165,341978,13879,1331354,8783,1673332,California
Orange,2021-05-14,26918,2951949,17810,1593889,8254,1269479,854,88581,10469,336977,16294,1347648,11293,1684625,California
Orange,2021-05-15,20492,2972441,14797,1608686,5144,1274623,551,89132,8311,333727,12105,1359753,8855,1693480,California
Orange,2021-05-16,15597,2988038,12868,1621554,2388,1277011,341,89473,6711,331959,8816,1368569,7048,1700528,California
Orange,2021-05-17,19604,3007642,12885,1634439,6018,1283029,701,90174,6917,326954,12609,1381178,7604,1708132,California
Orange,2021-05-18,20668,3028310,12052,1646491,7945,1290974,671,90845,8010,323077,12549,1393727,8672,1716804,California
Orange,2021-05-19,22600,3050910,12950,1659441,8976,1299950,674,91519,7720,316711,14749,1408476,8383,1725187,California
Orange,2021-05-20,22620,3073530,13272,1672713,8674,1308624,674,92193,7734,310350,14765,1423241,8404,1733591,California
Orange,2021-05-21,25893,3099423,14935,1687648,10234,1318858,724,92917,8289,301887,17472,1440713,9009,1742600,California
Orange,2021-05-22,18374,3117797,12246,1699894,5580,1324438,548,93465,7013,298188,11261,1451974,7562,1750162,California
Orange,2021-05-23,10092,3127889,6977,1706871,2841,1327279,274,93739,3551,295523,6489,1458463,3824,1753986,California
Orange,2021-05-24,15708,3143597,9338,1716209,5746,1333025,624,94363,5792,292117,9815,1468278,6409,1760395,California
Orange,2021-05-25,15668,3159265,9231,1725440,5913,1338938,524,94887,5572,288230,9977,1478255,6090,1766485,California
Orange,2021-05-26,15281,3174546,8572,1734012,6209,1345147,500,95387,5620,284779,9561,1487816,6110,1772595,California
Orange,2021-05-27,14433,3188979,8686,1742698,5194,1350341,553,95940,6293,283559,8058,1495874,6838,1779433,California
Orange,2021-05-28,16850,3205829,9935,1752633,6284,1356625,631,96571,7366,282163,9381,1505255,7985,1787418,California
Orange,2021-05-29,9043,3214872,5307,1757940,3377,1360002,359,96930,4080,281699,4899,1510154,4435,1791853,California
Orange,2021-05-30,6055,3220927,3935,1761875,1839,1361841,281,97211,2182,280321,3836,1513990,2458,1794311,California
Orange,2021-05-31,1705,3222632,1058,1762933,600,1362441,47,97258,523,279731,1159,1515149,569,1794880,California
Orange,2021-06-01,13444,3236076,7810,1770743,5139,1367580,495,97753,4992,276886,8324,1523473,5479,1800359,California
Orange,2021-06-02,13051,3249127,8083,1778826,4550,1372130,418,98171,4462,273326,8433,1531906,4873,1805232,California
Orange,2021-06-03,12937,3262064,8930,1787756,3551,1375681,456,98627,4406,269719,8464,1540370,4857,1810089,California
Orange,2021-06-04,17210,3279274,12207,1799963,4425,1380106,578,99205,5264,263699,11859,1552229,5839,1815928,California
Orange,2021-06-05,12991,3292265,9808,1809771,2801,1382907,382,99587,3857,258862,9072,1561301,4235,1820163,California
Orange,2021-06-06,5395,3297660,4585,1814356,607,1383514,203,99790,1825,257343,3547,1564848,2028,1822191,California
Orange,2021-06-07,10820,3308480,7647,1822003,2706,1386220,467,100257,3318,253694,7427,1572275,3778,1825969,California
Orange,2021-06-08,12217,3320697,8798,1830801,2908,1389128,511,100768,3776,249636,8346,1580621,4288,1830257,California
Orange,2021-06-09,11804,3332501,8162,1838963,3183,1392311,459,101227,3322,245015,8396,1589017,3775,1834032,California
Orange,2021-06-10,11622,3344123,8460,1847423,2694,1395005,468,101695,3403,240724,8156,1597173,3865,1837897,California
Orange,2021-06-11,13339,3357462,9392,1856815,3449,1398454,498,102193,4301,236575,8942,1606115,4793,1842690,California
Orange,2021-06-12,9818,3367280,7517,1864332,1983,1400437,318,102511,2995,233122,6766,1612881,3313,1846003,California
Orange,2021-06-13,4078,3371358,2977,1867309,937,1401374,164,102675,1027,231297,3017,1615898,1192,1847195,California
Orange,2021-06-14,9862,3381220,7186,1874495,2213,1403587,463,103138,3251,228460,6549,1622447,3712,1850907,California
Orange,2021-06-15,10219,3391439,7364,1881859,2420,1406007,435,103573,3570,225887,6575,1629022,4002,1854909,California
Orange,2021-06-16,9582,3401021,6880,1888739,2233,1408240,469,104042,3276,223384,6243,1635265,3740,1858649,California
Orange,2021-06-17,9440,3410461,7114,1895853,1956,1410196,370,104412,3354,221086,6021,1641286,3723,1862372,California
Orange,2021-06-18,11253,3421714,8210,1904063,2547,1412743,496,104908,3896,218198,7278,1648564,4390,1866762,California
Orange,2021-06-19,6341,3428055,4714,1908777,1381,1414124,246,105154,2612,217384,3675,1652239,2861,1869623,California
Orange,2021-06-20,3076,3431131,2385,1911162,597,1414721,94,105248,1030,216476,2032,1654271,1124,1870747,California
Orange,2021-06-21,6680,3437811,4584,1915746,1658,1416379,438,105686,3578,217422,3071,1657342,4017,1874764,California
Orange,2021-06-22,7752,3445563,5725,1921471,1673,1418052,354,106040,2953,216006,4724,1662066,3308,1878072,California
Orange,2021-06-23,7406,3452969,5554,1927025,1544,1419596,308,106348,3009,214975,4346,1666412,3315,1881387,California
Orange,2021-06-24,7262,3460231,5432,1932457,1448,1421044,382,106730,3098,214329,4125,1670537,3479,1884866,California
Orange,2021-06-25,8818,3469049,6451,1938908,1986,1423030,381,107111,3382,212704,5383,1675920,3758,1888624,California
Orange,2021-06-26,5962,3475011,4563,1943471,1172,1424202,227,107338,2529,212069,3391,1679311,2756,1891380,California
Orange,2021-06-27,3447,3478458,2795,1946266,540,1424742,112,107450,1484,211726,1940,1681251,1597,1892977,California
Orange,2021-06-28,6307,3484765,5073,1951339,879,1425621,355,107805,2797,211420,3456,1684707,3150,1896127,California
Orange,2021-06-29,6348,3491113,4673,1956012,1421,1427042,254,108059,2617,210613,3679,1688386,2872,1898999,California
Orange,2021-06-30,6245,3497358,4511,1960523,1468,1428510,266,108325,2759,210227,3410,1691796,3024,1902023,California
Orange,2021-07-01,5938,3503296,4554,1965077,1143,1429653,241,108566,2739,210062,3144,1694940,2979,1905002,California
Orange,2021-07-02,7119,3510415,5304,1970381,1495,1431148,320,108886,3108,209505,3981,1698921,3424,1908426,California
Orange,2021-07-03,4075,3514490,2999,1973380,938,1432086,138,109024,1862,209327,2178,1701099,2000,1910426,California
Orange,2021-07-04,339,3514829,218,1973598,107,1432193,14,109038,145,209297,190,1701289,160,1910586,California
Orange,2021-07-05,3866,3518695,2963,1976561,769,1432962,134,109172,1834,209266,2000,1703289,1969,1912555,California
Orange,2021-07-06,6641,3525336,4898,1981459,1420,1434382,323,109495,2543,208088,4041,1707330,2863,1915418,California
Orange,2021-07-07,5604,3530940,4167,1985626,1206,1435588,231,109726,2318,207386,3248,1710578,2546,1917964,California
Orange,2021-07-08,5693,3536633,4334,1989960,1117,1436705,242,109968,2252,206480,3399,1713977,2493,1920457,California
Orange,2021-07-09,4608,3541241,3312,1993272,1032,1437737,264,110232,1839,205853,2730,1716707,2103,1922560,California
Placer,2020-12-15,30,30,30,30,0,0,0,0,30,30,0,0,30,30,California
Placer,2020-12-16,62,92,62,92,0,0,0,0,62,92,0,0,62,92,California
Placer,2020-12-17,148,240,148,240,0,0,0,0,148,240,0,0,148,240,California
Placer,2020-12-18,429,669,429,669,0,0,0,0,429,669,0,0,429,669,California
Placer,2020-12-19,254,923,254,923,0,0,0,0,254,923,0,0,254,923,California
Placer,2020-12-20,235,1158,235,1158,0,0,0,0,235,1158,0,0,235,1158,California
Placer,2020-12-21,502,1660,500,1658,2,2,0,0,502,1660,0,0,502,1660,California
Placer,2020-12-22,681,2341,674,2332,7,9,0,0,681,2341,0,0,681,2341,California
Placer,2020-12-23,762,3103,673,3005,89,98,0,0,762,3103,0,0,762,3103,California
Placer,2020-12-24,411,3514,357,3362,54,152,0,0,411,3514,0,0,411,3514,California
Placer,2020-12-26,161,3675,116,3478,45,197,0,0,161,3675,0,0,161,3675,California
Placer,2020-12-27,184,3859,161,3639,23,220,0,0,184,3859,0,0,184,3859,California
Placer,2020-12-28,675,4534,547,4186,128,348,0,0,674,4532,1,1,674,4533,California
Placer,2020-12-29,770,5304,517,4703,253,601,0,0,770,5302,0,1,770,5303,California
Placer,2020-12-30,736,6040,461,5164,275,876,0,0,734,6036,0,1,734,6037,California
Placer,2020-12-31,548,6588,360,5524,188,1064,0,0,548,6584,0,1,548,6585,California
Placer,2021-01-01,17,6605,12,5536,5,1069,0,0,17,6601,0,1,17,6602,California
Placer,2021-01-02,187,6792,155,5691,32,1101,0,0,187,6788,0,1,187,6789,California
Placer,2021-01-03,155,6947,80,5771,75,1176,0,0,155,6943,0,1,155,6944,California
Placer,2021-01-04,625,7572,182,5953,443,1619,0,0,625,7568,0,1,625,7569,California
Placer,2021-01-05,739,8311,162,6115,577,2196,0,0,649,8129,89,90,650,8219,California
Placer,2021-01-06,766,9077,248,6363,518,2714,0,0,611,8585,155,245,611,8830,California
Placer,2021-01-07,994,10071,373,6736,621,3335,0,0,765,9122,228,473,765,9595,California
Placer,2021-01-08,1191,11262,532,7268,659,3994,0,0,796,9527,391,864,796,10391,California
Placer,2021-01-09,457,11719,321,7589,136,4130,0,0,240,9551,216,1080,240,10631,California
Placer,2021-01-10,335,12054,187,7776,148,4278,0,0,167,9550,168,1248,167,10798,California
Placer,2021-01-11,1441,13495,818,8594,623,4901,0,0,844,9798,597,1845,845,11643,California
Placer,2021-01-12,1683,15178,897,9491,786,5687,0,0,1066,10249,616,2461,1067,12710,California
Placer,2021-01-13,1661,16839,840,10331,821,6508,0,0,1228,11049,431,2892,1231,13941,California
Placer,2021-01-14,1834,18673,685,11016,1149,7657,0,0,1457,12134,374,3266,1459,15400,California
Placer,2021-01-15,1956,20629,732,11748,1224,8881,0,0,1601,13382,354,3620,1602,17002,California
Placer,2021-01-16,1513,22142,718,12466,795,9676,0,0,1391,14652,122,3742,1392,18394,California
Placer,2021-01-17,577,22719,402,12868,175,9851,0,0,438,14952,138,3880,438,18832,California
Placer,2021-01-18,986,23705,545,13413,441,10292,0,0,750,15467,236,4116,751,19583,California
Placer,2021-01-19,2633,26338,1970,15383,663,10955,0,0,2178,17191,455,4571,2179,21762,California
Placer,2021-01-20,2348,28686,1768,17151,580,11535,0,0,2008,18860,340,4911,2009,23771,California
Placer,2021-01-21,2590,31276,1138,18289,1452,12987,0,0,2184,20641,404,5315,2185,25956,California
Placer,2021-01-22,2355,33631,632,18921,1723,14710,0,0,2175,22639,178,5493,2176,28132,California
Placer,2021-01-23,1208,34839,389,19310,819,15529,0,0,1048,23528,159,5652,1048,29180,California
Placer,2021-01-24,522,35361,274,19584,248,15777,0,0,440,23887,82,5734,441,29621,California
Placer,2021-01-25,1686,37047,807,20391,879,16656,0,0,1389,24980,297,6031,1390,31011,California
Placer,2021-01-26,1890,38937,1048,21439,842,17498,0,0,1616,26322,274,6305,1616,32627,California
Placer,2021-01-27,1865,40802,1171,22610,694,18192,0,0,1614,27688,249,6554,1615,34242,California
Placer,2021-01-28,1824,42626,1124,23734,700,18892,0,0,1573,29012,249,6803,1573,35815,California
Placer,2021-01-29,1938,44564,1181,24915,757,19649,0,0,1735,30547,201,7004,1736,37551,California
Placer,2021-01-30,1747,46311,971,25886,776,20425,0,0,1626,32053,120,7124,1626,39177,California
Placer,2021-01-31,787,47098,626,26512,161,20586,0,0,716,32698,71,7195,716,39893,California
Placer,2021-02-01,2093,49191,1104,27616,989,21575,0,0,1772,34151,319,7514,1772,41665,California
Placer,2021-02-02,2417,51608,1553,29169,864,22439,0,0,1908,35553,506,8020,1908,43573,California
Placer,2021-02-03,2932,54540,1883,31052,1049,23488,0,0,2297,37220,630,8650,2297,45870,California
Placer,2021-02-04,2787,57327,1192,32244,1595,25083,0,0,1943,38325,839,9489,1944,47814,California
Placer,2021-02-05,2819,60146,1284,33528,1535,26618,0,0,1438,38406,1357,10846,1438,49252,California
Placer,2021-02-06,1999,62145,1334,34862,665,27283,0,0,1443,39294,555,11401,1443,50695,California
Placer,2021-02-07,1230,63375,914,35776,316,27599,0,0,937,39939,292,11693,937,51632,California
Placer,2021-02-08,3307,66682,1756,37532,1551,29150,0,0,1956,40571,1325,13018,1957,53589,California
Placer,2021-02-09,3582,70264,2194,39726,1388,30538,0,0,1652,40297,1926,14944,1652,55241,California
Placer,2021-02-10,3796,74060,2217,41943,1579,32117,0,0,1721,39951,2068,17012,1722,56963,California
Placer,2021-02-11,3735,77795,1921,43864,1814,33931,0,0,1584,39401,2135,19147,1585,58548,California
Placer,2021-02-12,2901,80696,1349,45213,1552,35483,0,0,1686,39910,1178,20325,1687,60235,California
Placer,2021-02-13,2627,83323,1473,46686,1154,36637,0,0,1931,41145,696,21021,1931,62166,California
Placer,2021-02-14,1100,84423,687,47373,413,37050,0,0,744,41535,354,21375,744,62910,California
Placer,2021-02-15,2265,86688,1050,48423,1215,38265,0,0,1553,42377,712,22087,1554,64464,California
Placer,2021-02-16,3611,90299,1806,50229,1805,40070,0,0,1604,41985,1997,24084,1605,66069,California
Placer,2021-02-17,3579,93878,1989,52218,1590,41660,0,0,1522,41454,2053,26137,1522,67591,California
Placer,2021-02-18,3858,97736,2082,54300,1776,43436,0,0,1644,40897,2202,28339,1645,69236,California
Placer,2021-02-19,3666,101402,1973,56273,1693,45129,0,0,1366,39977,2288,30627,1368,70604,California
Placer,2021-02-20,2110,103512,1310,57583,800,45929,0,0,947,39773,1156,31783,952,71556,California
Placer,2021-02-21,1181,104693,774,58357,407,46336,0,0,428,39451,751,32534,429,71985,California
Placer,2021-02-22,2629,107322,1840,60197,789,47125,0,0,619,38064,2006,34540,619,72604,California
Placer,2021-02-23,2719,110041,1661,61858,1058,48183,0,0,917,37180,1801,36341,917,73521,California
Placer,2021-02-24,3436,113477,1230,63088,2206,50389,0,0,1846,37451,1577,37918,1848,75369,California
Placer,2021-02-25,3828,117305,1579,64667,2249,52638,0,0,2081,37798,1737,39655,2084,77453,California
Placer,2021-02-26,4308,121613,2474,67141,1834,54472,0,0,2479,38455,1823,41478,2480,79933,California
Placer,2021-02-27,2934,124547,1537,68678,1397,55869,0,0,1516,38560,1413,42891,1518,81451,California
Placer,2021-02-28,1620,126167,879,69557,740,56609,1,1,741,38428,874,43765,742,82193,California
Placer,2021-03-01,3211,129378,2133,71690,1078,57687,0,1,1632,38492,1568,45333,1632,83825,California
Placer,2021-03-02,2933,132311,1802,73492,1131,58818,0,1,1907,39386,1013,46346,1907,85732,California
Placer,2021-03-03,3406,135717,1485,74977,1920,60738,1,2,1863,39718,1533,47879,1865,87597,California
Placer,2021-03-04,3660,139377,1467,76444,2193,62931,0,2,1899,39870,1748,49627,1900,89497,California
Placer,2021-03-05,3028,142405,1038,77482,1969,64900,21,23,1820,40508,1203,50830,1841,91338,California
Placer,2021-03-06,2450,144855,1516,78998,838,65738,96,119,944,40050,1498,52328,1040,92378,California
Placer,2021-03-07,1385,146240,773,79771,554,66292,58,177,559,39844,822,53150,616,92994,California
Placer,2021-03-08,2953,149193,1848,81619,987,67279,118,295,1663,40339,1286,54436,1781,94775,California
Placer,2021-03-09,3219,152412,1710,83329,1416,68695,93,388,1847,40910,1369,55805,1940,96715,California
Placer,2021-03-10,3321,155733,1341,84670,1874,70569,106,494,1729,41159,1586,57391,1835,98550,California
Placer,2021-03-11,3689,159422,1680,86350,1882,72451,127,621,1756,41122,1921,59312,1884,100434,California
Placer,2021-03-12,3720,163142,1498,87848,1442,73893,780,1401,1248,40692,2459,61771,2029,102463,California
Placer,2021-03-13,2221,165363,753,88601,1344,75237,124,1525,1184,40967,1032,62803,1307,103770,California
Placer,2021-03-14,1712,167075,685,89286,878,76115,149,1674,894,41194,816,63619,1043,104813,California
Placer,2021-03-15,3231,170306,1552,90838,1549,77664,130,1804,1774,41646,1453,65072,1905,106718,California
Placer,2021-03-16,3643,173949,1966,92804,1543,79207,134,1938,2313,42775,1319,66391,2448,109166,California
Placer,2021-03-17,3471,177420,1747,94551,1620,80827,104,2042,2227,43867,1240,67631,2332,111498,California
Placer,2021-03-18,4133,181553,2346,96897,1747,82574,40,2082,2869,45519,1255,68886,2907,114405,California
Placer,2021-03-19,3477,185030,2082,98979,1126,83700,269,2351,2162,46643,1304,70190,2428,116833,California
Placer,2021-03-20,2203,187233,909,99888,1195,84895,99,2450,1343,47230,854,71044,1441,118274,California
Placer,2021-03-21,1317,188550,587,100475,720,85615,10,2460,795,47517,518,71562,805,119079,California
Placer,2021-03-22,3327,191877,2131,102606,1105,86720,91,2551,2154,48594,1168,72730,2245,121324,California
Placer,2021-03-23,3593,195470,2125,104731,1380,88100,88,2639,2562,50219,1025,73755,2650,123974,California
Placer,2021-03-24,3812,199282,2008,106739,1707,89807,97,2736,1908,50344,1881,75636,2006,125980,California
Placer,2021-03-25,3882,203164,1875,108614,1906,91713,101,2837,1693,49962,2175,77811,1793,127773,California
Placer,2021-03-26,3789,206953,1674,110288,1883,93596,232,3069,1506,49433,2267,80078,1738,129511,California
Placer,2021-03-27,1641,208594,482,110770,1139,94735,20,3089,637,49092,997,81075,656,130167,California
Placer,2021-03-28,1131,209725,527,111297,594,95329,10,3099,299,48585,816,81891,309,130476,California
Placer,2021-03-29,3584,213309,2002,113299,1546,96875,36,3135,1727,48505,1846,83737,1766,132242,California
Placer,2021-03-30,3983,217292,2092,115391,1847,98722,44,3179,2077,48733,1891,85628,2119,134361,California
Placer,2021-03-31,4127,221419,1837,117228,2215,100937,75,3254,1689,48066,2429,88057,1762,136123,California
Placer,2021-04-01,3012,224431,1451,118679,1513,102450,48,3302,1674,48461,1327,89384,1722,137845,California
Placer,2021-04-02,2859,227290,1454,120133,1338,103788,67,3369,1603,48880,1248,90632,1667,139512,California
Placer,2021-04-03,1867,229157,997,121130,741,104529,129,3498,894,48936,965,91597,1021,140533,California
Placer,2021-04-04,720,229877,368,121498,299,104828,53,3551,285,48844,429,92026,337,140870,California
Placer,2021-04-05,3028,232905,1909,123407,933,105761,186,3737,1753,49516,1267,93293,1939,142809,California
Placer,2021-04-06,4329,237234,2499,125906,1528,107289,302,4039,1531,48561,2787,96080,1832,144641,California
Placer,2021-04-07,4575,241809,2613,128519,1499,108788,463,4502,2086,48625,2482,98562,2546,147187,California
Placer,2021-04-08,4746,246555,2619,131138,1584,110372,543,5045,1589,47613,3144,101706,2132,149319,California
Placer,2021-04-09,4165,250720,2281,133419,1257,111629,627,5672,1251,46588,2904,104610,1879,151198,California
Placer,2021-04-10,2119,252839,888,134307,1047,112676,184,5856,924,46502,1193,105803,1107,152305,California
Placer,2021-04-11,1394,254233,535,134842,826,113502,33,5889,445,46035,944,106747,477,152782,California
Placer,2021-04-12,4141,258374,2661,137503,1091,114593,389,6278,2469,47230,1662,108409,2857,155639,California
Placer,2021-04-13,4373,262747,3007,140510,1365,115958,1,6279,2187,47240,2179,110588,2189,157828,California
Placer,2021-04-14,4179,266926,2596,143106,1582,117540,1,6280,1858,46789,2309,112897,1858,159686,California
Placer,2021-04-15,4526,271452,2520,145626,2005,119545,1,6281,2357,46987,2160,115057,2358,162044,California
Placer,2021-04-16,3717,275169,2203,147829,1514,121059,0,6281,1447,46171,2263,117320,1447,163491,California
Placer,2021-04-17,2647,277816,855,148684,1792,122851,0,6281,1731,46992,910,118230,1731,165222,California
Placer,2021-04-18,1274,279090,302,148986,972,123823,0,6281,442,46604,830,119060,442,165664,California
Placer,2021-04-19,2973,282063,1834,150820,1139,124962,0,6281,1170,45978,1797,120857,1171,166835,California
Placer,2021-04-20,3914,285977,2559,153379,1355,126317,0,6281,2448,46970,1456,122313,2448,169283,California
Placer,2021-04-21,3823,289800,2539,155918,1283,127600,1,6282,2485,48123,1333,123646,2486,171769,California
Placer,2021-04-22,3749,293549,2335,158253,1414,129014,0,6282,1793,47966,1950,125596,1793,173562,California
Placer,2021-04-23,3585,297134,2386,160639,1198,130212,1,6283,1404,47197,2174,127770,1405,174967,California
Placer,2021-04-24,2094,299228,1268,161907,825,131037,1,6284,1226,47565,858,128628,1226,176193,California
Placer,2021-04-25,938,300166,503,162410,435,131472,0,6284,556,47739,382,129010,556,176749,California
Placer,2021-04-26,2514,302680,1360,163770,1130,132602,24,6308,1213,47683,1292,130302,1236,177985,California
Placer,2021-04-27,2796,305476,1482,165252,1264,133866,50,6358,1585,48114,1206,131508,1637,179622,California
Placer,2021-04-28,3063,308539,1917,167169,1109,134975,37,6395,1615,48329,1438,132946,1653,181275,California
Placer,2021-04-29,3448,311987,2251,169420,1144,136119,53,6448,1456,47852,1986,134932,1509,182784,California
Placer,2021-04-30,3044,315031,1851,171271,1146,137265,47,6495,1226,47313,1812,136744,1273,184057,California
Placer,2021-05-01,1346,316377,939,172210,382,137647,25,6520,616,47229,724,137468,640,184697,California
Placer,2021-05-02,738,317115,574,172784,142,137789,22,6542,332,47179,404,137872,354,185051,California
Placer,2021-05-03,1619,318734,999,173783,554,138343,66,6608,443,46517,1170,139042,508,185559,California
Placer,2021-05-04,2368,321102,1360,175143,843,139186,165,6773,877,46075,1484,140526,1042,186601,California
Placer,2021-05-05,3729,324831,2534,177677,1089,140275,106,6879,976,44415,2741,143267,1081,187682,California
Placer,2021-05-06,3114,327945,1908,179585,1130,141405,76,6955,819,43043,2267,145534,895,188577,California
Placer,2021-05-07,2839,330784,1914,181499,832,142237,93,7048,798,41906,2028,147562,891,189468,California
Placer,2021-05-08,1417,332201,740,182239,635,142872,42,7090,417,41365,998,148560,457,189925,California
Placer,2021-05-09,456,332657,223,182462,212,143084,21,7111,212,41354,244,148804,233,190158,California
Placer,2021-05-10,1928,334585,1030,183492,802,143886,96,7207,423,40373,1500,150304,519,190677,California
Placer,2021-05-11,3041,337626,2201,185693,722,144608,118,7325,656,38773,2374,152678,774,191451,California
Placer,2021-05-12,2894,340520,2004,187697,833,145441,57,7382,684,37314,2202,154880,743,192194,California
Placer,2021-05-13,2873,343393,1855,189552,970,146411,48,7430,1011,36512,1860,156740,1058,193252,California
Placer,2021-05-14,2859,346252,1876,191428,847,147258,136,7566,1377,36552,1467,158207,1507,194759,California
Placer,2021-05-15,2107,348359,1367,192795,716,147974,24,7590,936,36348,1164,159371,960,195719,California
Placer,2021-05-16,1199,349558,532,193327,648,148622,19,7609,341,35853,855,160226,360,196079,California
Placer,2021-05-17,2360,351918,1570,194897,713,149335,77,7686,1016,35606,1340,161566,1093,197172,California
Placer,2021-05-18,2516,354434,1684,196581,752,150087,80,7766,1128,35429,1384,162950,1207,198379,California
Placer,2021-05-19,2548,356982,1598,198179,904,150991,46,7812,873,34678,1670,164620,919,199298,California
Placer,2021-05-20,2545,359527,1650,199829,847,151838,48,7860,863,33916,1674,166294,912,200210,California
Placer,2021-05-21,2452,361979,1531,201360,776,152614,145,8005,1056,33727,1388,167682,1199,201409,California
Placer,2021-05-22,1617,363596,1066,202426,509,153123,42,8047,766,33689,846,168528,808,202217,California
Placer,2021-05-23,641,364237,359,202785,266,153389,16,8063,280,33625,361,168889,297,202514,California
Placer,2021-05-24,1516,365753,772,203557,607,153996,137,8200,449,33146,1065,169954,586,203100,California
Placer,2021-05-25,1796,367549,946,204503,750,154746,100,8300,641,32740,1147,171101,741,203841,California
Placer,2021-05-26,1586,369135,908,205411,639,155385,39,8339,613,32425,968,172069,653,204494,California
Placer,2021-05-27,1465,370600,722,206133,697,156082,46,8385,664,32342,793,172862,710,205204,California
Placer,2021-05-28,1709,372309,856,206989,756,156838,97,8482,725,32186,978,173840,822,206026,California
Placer,2021-05-29,754,373063,406,207395,317,157155,31,8513,379,32223,372,174212,409,206435,California
Placer,2021-05-30,343,373406,231,207626,98,157253,14,8527,211,32317,131,174343,225,206660,California
Placer,2021-05-31,148,373554,70,207696,61,157314,17,8544,30,32246,117,174460,46,206706,California
Placer,2021-06-01,1679,375233,884,208580,723,158037,72,8616,592,31827,1082,175542,663,207369,California
Placer,2021-06-02,1506,376739,759,209339,680,158717,67,8683,487,31363,1018,176560,554,207923,California
Placer,2021-06-03,1703,378442,1033,210372,611,159328,59,8742,429,30582,1268,177828,487,208410,California
Placer,2021-06-04,1867,380309,1326,211698,487,159815,54,8796,457,29691,1400,179228,509,208919,California
Placer,2021-06-05,1091,381400,772,212470,278,160093,41,8837,267,29179,820,180048,308,209227,California
Placer,2021-06-06,503,381903,362,212832,124,160217,17,8854,125,28944,377,180425,142,209369,California
Placer,2021-06-07,1053,382956,721,213553,260,160477,72,8926,225,28415,824,181249,295,209664,California
Placer,2021-06-08,1728,384684,1316,214869,363,160840,49,8975,433,27604,1292,182541,481,210145,California
Placer,2021-06-09,1171,385855,848,215717,271,161111,52,9027,258,27006,909,183450,311,210456,California
Placer,2021-06-10,1253,387108,865,216582,313,161424,75,9102,313,26456,936,184386,386,210842,California
Placer,2021-06-11,1487,388595,1071,217653,357,161781,59,9161,340,25712,1142,185528,398,211240,California
Placer,2021-06-12,1017,389612,753,218406,238,162019,26,9187,217,25157,798,186326,243,211483,California
Placer,2021-06-13,394,390006,304,218710,79,162098,11,9198,91,24957,302,186628,102,211585,California
Placer,2021-06-14,768,390774,524,219234,199,162297,45,9243,222,24680,543,187171,266,211851,California
Placer,2021-06-15,1289,392063,859,220093,367,162664,63,9306,420,24296,866,188037,482,212333,California
Placer,2021-06-16,1036,393099,750,220843,231,162895,55,9361,333,23981,702,188739,387,212720,California
Placer,2021-06-17,880,393979,608,221451,235,163130,37,9398,275,23692,601,189340,312,213032,California
Placer,2021-06-18,1158,395137,765,222216,304,163434,89,9487,380,23384,777,190117,469,213501,California
Placer,2021-06-19,611,395748,440,222656,138,163572,33,9520,238,23285,369,190486,270,213771,California
Placer,2021-06-20,283,396031,232,222888,43,163615,8,9528,107,23225,174,190660,114,213885,California
Placer,2021-06-21,491,396522,287,223175,166,163781,38,9566,234,23240,257,190917,272,214157,California
Placer,2021-06-22,879,397401,621,223796,204,163985,54,9620,261,22944,611,191528,315,214472,California
Placer,2021-06-23,841,398242,609,224405,185,164170,47,9667,385,22921,455,191983,432,214904,California
Placer,2021-06-24,819,399061,515,224920,257,164427,47,9714,311,22774,505,192488,358,215262,California
Placer,2021-06-25,936,399997,664,225584,219,164646,53,9767,387,22671,543,193031,440,215702,California
Placer,2021-06-26,541,400538,390,225974,121,164767,30,9797,238,22638,301,193332,268,215970,California
Placer,2021-06-27,249,400787,181,226155,57,164824,11,9808,117,22634,131,193463,127,216097,California
Placer,2021-06-28,487,401274,361,226516,83,164907,43,9851,209,22609,277,193740,252,216349,California
Placer,2021-06-29,827,402101,582,227098,199,165106,46,9897,321,22471,505,194245,367,216716,California
Placer,2021-06-30,598,402699,416,227514,141,165247,41,9938,258,22431,339,194584,299,217015,California
Placer,2021-07-01,550,403249,370,227884,141,165388,39,9977,223,22369,324,194908,262,217277,California
Placer,2021-07-02,667,403916,486,228370,156,165544,25,10002,286,22305,375,195283,311,217588,California
Placer,2021-07-03,303,404219,210,228580,79,165623,14,10016,144,22307,156,195439,158,217746,California
Placer,2021-07-04,16,404235,2,228582,14,165637,0,10016,6,22303,10,195449,6,217752,California
Placer,2021-07-05,392,404627,260,228842,98,165735,34,10050,165,22279,223,195672,199,217951,California
Placer,2021-07-06,826,405453,622,229464,162,165897,42,10092,301,22100,522,196194,343,218294,California
Placer,2021-07-07,552,406005,418,229882,103,166000,31,10123,225,22031,325,196519,256,218550,California
Placer,2021-07-08,505,406510,345,230227,122,166122,38,10161,215,21995,289,196808,253,218803,California
Placer,2021-07-09,521,407031,361,230588,102,166224,58,10219,229,21992,290,197098,287,219090,California
Plumas,2020-12-18,3,3,3,3,0,0,0,0,3,3,0,0,3,3,California
Plumas,2020-12-19,1,4,1,4,0,0,0,0,1,4,0,0,1,4,California
Plumas,2020-12-21,45,49,45,49,0,0,0,0,45,49,0,0,45,49,California
Plumas,2020-12-22,92,141,92,141,0,0,0,0,92,141,0,0,92,141,California
Plumas,2020-12-23,50,191,50,191,0,0,0,0,50,191,0,0,50,191,California
Plumas,2020-12-24,6,197,6,197,0,0,0,0,6,197,0,0,6,197,California
Plumas,2020-12-28,8,205,0,197,8,8,0,0,8,205,0,0,8,205,California
Plumas,2020-12-29,32,237,22,219,10,18,0,0,32,237,0,0,32,237,California
Plumas,2020-12-30,23,260,1,220,22,40,0,0,23,260,0,0,23,260,California
Plumas,2020-12-31,4,264,1,221,3,43,0,0,4,264,0,0,4,264,California
Plumas,2021-01-01,1,265,0,221,1,44,0,0,1,265,0,0,1,265,California
Plumas,2021-01-02,1,266,0,221,1,45,0,0,1,266,0,0,1,266,California
Plumas,2021-01-04,10,276,4,225,6,51,0,0,10,276,0,0,10,276,California
Plumas,2021-01-05,22,298,2,227,20,71,0,0,22,298,0,0,22,298,California
Plumas,2021-01-06,122,420,5,232,117,188,0,0,122,420,0,0,122,420,California
Plumas,2021-01-07,53,473,2,234,51,239,0,0,52,471,1,1,52,472,California
Plumas,2021-01-08,11,484,4,238,7,246,0,0,8,476,3,4,8,480,California
Plumas,2021-01-09,2,486,2,240,0,246,0,0,1,476,1,5,1,481,California
Plumas,2021-01-11,58,544,50,290,8,254,0,0,11,440,47,52,11,492,California
Plumas,2021-01-12,155,699,86,376,69,323,0,0,71,427,84,136,71,563,California
Plumas,2021-01-13,55,754,50,426,5,328,0,0,9,390,46,182,9,572,California
Plumas,2021-01-14,99,853,14,440,85,413,0,0,94,479,5,187,94,666,California
Plumas,2021-01-15,63,916,7,447,56,469,0,0,61,538,2,189,61,727,California
Plumas,2021-01-16,58,974,1,448,57,526,0,0,58,596,0,189,58,785,California
Plumas,2021-01-18,3,977,2,450,1,527,0,0,3,599,0,189,3,788,California
Plumas,2021-01-19,36,1013,5,455,31,558,0,0,32,627,4,193,32,820,California
Plumas,2021-01-20,122,1135,3,458,119,677,0,0,120,745,2,195,120,940,California
Plumas,2021-01-21,112,1247,2,460,110,787,0,0,112,857,0,195,112,1052,California
Plumas,2021-01-22,5,1252,1,461,4,791,0,0,5,862,0,195,5,1057,California
Plumas,2021-01-23,94,1346,2,463,92,883,0,0,94,956,0,195,94,1151,California
Plumas,2021-01-24,1,1347,1,464,0,883,0,0,1,957,0,195,1,1152,California
Plumas,2021-01-25,11,1358,8,472,3,886,0,0,8,962,3,198,8,1160,California
Plumas,2021-01-26,59,1417,2,474,57,943,0,0,51,1005,8,206,51,1211,California
Plumas,2021-01-27,26,1443,20,494,6,949,0,0,6,991,20,226,6,1217,California
Plumas,2021-01-28,24,1467,0,494,24,973,0,0,22,1011,2,228,22,1239,California
Plumas,2021-01-29,9,1476,3,497,6,979,0,0,8,1018,1,229,8,1247,California
Plumas,2021-01-30,11,1487,4,501,7,986,0,0,9,1025,2,231,9,1256,California
Plumas,2021-01-31,3,1490,3,504,0,986,0,0,3,1028,0,231,3,1259,California
Plumas,2021-02-01,23,1513,4,508,19,1005,0,0,15,1035,8,239,15,1274,California
Plumas,2021-02-02,24,1537,4,512,20,1025,0,0,4,1019,20,259,4,1278,California
Plumas,2021-02-03,126,1663,6,518,120,1145,0,0,12,918,113,372,12,1290,California
Plumas,2021-02-04,103,1766,8,526,95,1240,0,0,24,863,79,451,24,1314,California
Plumas,2021-02-05,25,1791,11,537,14,1254,0,0,10,858,15,466,10,1324,California
Plumas,2021-02-06,8,1799,1,538,7,1261,0,0,8,866,0,466,8,1332,California
Plumas,2021-02-08,14,1813,5,543,9,1270,0,0,2,856,12,478,2,1334,California
Plumas,2021-02-09,173,1986,3,546,170,1440,0,0,112,907,61,539,112,1446,California
Plumas,2021-02-10,88,2074,9,555,79,1519,0,0,80,980,8,547,81,1527,California
Plumas,2021-02-11,321,2395,6,561,315,1834,0,0,261,1181,60,607,261,1788,California
Plumas,2021-02-12,126,2521,4,565,122,1956,0,0,120,1295,6,613,120,1908,California
Plumas,2021-02-13,77,2598,6,571,71,2027,0,0,16,1250,61,674,16,1924,California
Plumas,2021-02-14,8,2606,5,576,3,2030,0,0,8,1258,0,674,8,1932,California
Plumas,2021-02-15,26,2632,5,581,21,2051,0,0,23,1278,3,677,23,1955,California
Plumas,2021-02-16,78,2710,4,585,74,2125,0,0,14,1228,64,741,14,1969,California
Plumas,2021-02-17,137,2847,5,590,132,2257,0,0,12,1115,125,866,12,1981,California
Plumas,2021-02-18,128,2975,6,596,122,2379,0,0,19,1026,109,975,20,2001,California
Plumas,2021-02-19,43,3018,6,602,37,2416,0,0,7,997,36,1011,7,2008,California
Plumas,2021-02-20,105,3123,7,609,98,2514,0,0,13,918,92,1103,13,2021,California
Plumas,2021-02-21,6,3129,5,614,1,2515,0,0,2,916,4,1107,2,2023,California
Plumas,2021-02-22,7,3136,3,617,4,2519,0,0,1,911,6,1113,1,2024,California
Plumas,2021-02-23,22,3158,3,620,19,2538,0,0,17,923,5,1118,17,2041,California
Plumas,2021-02-24,466,3624,8,628,458,2996,0,0,453,1363,13,1131,453,2494,California
Plumas,2021-02-25,234,3858,11,639,223,3219,0,0,170,1469,64,1195,170,2664,California
Plumas,2021-02-26,267,4125,9,648,258,3477,0,0,259,1721,8,1203,260,2924,California
Plumas,2021-02-27,42,4167,4,652,38,3515,0,0,35,1749,7,1210,35,2959,California
Plumas,2021-02-28,3,4170,0,652,3,3518,0,0,1,1748,2,1212,1,2960,California
Plumas,2021-03-01,23,4193,6,658,16,3534,1,1,12,1751,10,1222,13,2973,California
Plumas,2021-03-02,10,4203,0,658,10,3544,0,1,7,1756,2,1224,7,2980,California
Plumas,2021-03-03,156,4359,11,669,145,3689,0,1,139,1878,17,1241,139,3119,California
Plumas,2021-03-04,254,4613,8,677,246,3935,0,1,230,2084,24,1265,230,3349,California
Plumas,2021-03-05,398,5011,6,683,387,4322,5,6,386,2463,12,1277,391,3740,California
Plumas,2021-03-06,21,5032,2,685,11,4333,8,14,4,2458,17,1294,12,3752,California
Plumas,2021-03-07,13,5045,2,687,2,4335,9,23,3,2460,10,1304,12,3764,California
Plumas,2021-03-08,30,5075,3,690,3,4338,24,47,3,2461,27,1331,28,3792,California
Plumas,2021-03-09,133,5208,2,692,116,4454,15,62,18,2379,115,1446,33,3825,California
Plumas,2021-03-10,255,5463,3,695,238,4692,14,76,107,2353,147,1593,121,3946,California
Plumas,2021-03-11,178,5641,8,703,165,4857,5,81,142,2464,36,1629,147,4093,California
Plumas,2021-03-12,594,6235,4,707,303,5160,287,368,22,2201,572,2201,309,4402,California
Plumas,2021-03-13,28,6263,5,712,12,5172,11,379,7,2198,21,2222,18,4420,California
Plumas,2021-03-14,12,6275,3,715,4,5176,5,384,1,2194,10,2232,6,4426,California
Plumas,2021-03-15,32,6307,1,716,24,5200,7,391,6,2181,26,2258,13,4439,California
Plumas,2021-03-16,61,6368,3,719,57,5257,1,392,49,2220,11,2269,50,4489,California
Plumas,2021-03-17,76,6444,10,729,65,5322,1,393,59,2264,16,2285,60,4549,California
Plumas,2021-03-18,60,6504,7,736,37,5359,16,409,14,2248,46,2331,30,4579,California
Plumas,2021-03-19,165,6669,7,743,156,5515,2,411,155,2398,8,2339,158,4737,California
Plumas,2021-03-20,700,7369,4,747,695,6210,1,412,678,3057,20,2359,679,5416,California
Plumas,2021-03-21,2,7371,1,748,1,6211,0,412,1,3058,0,2359,1,5417,California
Plumas,2021-03-22,183,7554,2,750,181,6392,0,412,175,3226,7,2366,175,5592,California
Plumas,2021-03-23,28,7582,2,752,26,6418,0,412,14,3226,14,2380,14,5606,California
Plumas,2021-03-24,657,8239,6,758,650,7068,1,413,216,3004,440,2820,218,5824,California
Plumas,2021-03-25,309,8548,6,764,301,7369,2,415,166,3027,143,2963,166,5990,California
Plumas,2021-03-26,314,8862,9,773,305,7674,0,415,46,2806,267,3230,46,6036,California
Plumas,2021-03-27,14,8876,1,774,12,7686,1,416,3,2799,11,3241,4,6040,California
Plumas,2021-03-28,6,8882,3,777,2,7688,1,417,3,2800,3,3244,4,6044,California
Plumas,2021-03-29,12,8894,4,781,7,7695,1,418,4,2797,8,3252,5,6049,California
Plumas,2021-03-30,151,9045,3,784,147,7842,1,419,25,2697,126,3378,26,6075,California
Plumas,2021-03-31,297,9342,4,788,292,8134,1,420,272,2945,25,3403,273,6348,California
Plumas,2021-04-01,310,9652,12,800,297,8431,1,421,67,2772,240,3643,67,6415,California
Plumas,2021-04-02,377,10029,5,805,371,8802,1,422,31,2470,334,3977,32,6447,California
Plumas,2021-04-03,16,10045,3,808,5,8807,8,430,2,2466,14,3991,10,6457,California
Plumas,2021-04-04,3,10048,1,809,1,8808,1,431,0,2464,3,3994,1,6458,California
Plumas,2021-04-05,12,10060,4,813,7,8815,1,432,4,2462,7,4001,5,6463,California
Plumas,2021-04-06,121,10181,6,819,89,8904,26,458,14,2395,106,4107,39,6502,California
Plumas,2021-04-07,284,10465,8,827,99,9003,177,635,29,2346,255,4362,206,6708,California
Plumas,2021-04-08,150,10615,4,831,131,9134,15,650,35,2281,114,4476,49,6757,California
Plumas,2021-04-09,53,10668,11,842,24,9158,18,668,19,2283,34,4510,36,6793,California
Plumas,2021-04-10,25,10693,2,844,6,9164,17,685,5,2285,20,4530,22,6815,California
Plumas,2021-04-11,5,10698,3,847,1,9165,1,686,3,2288,1,4531,4,6819,California
Plumas,2021-04-12,13,10711,5,852,5,9170,3,689,7,2293,5,4536,10,6829,California
Plumas,2021-04-13,212,10923,5,857,207,9377,0,689,142,2365,70,4606,142,6971,California
Plumas,2021-04-14,111,11034,8,865,103,9480,0,689,56,2367,54,4660,56,7027,California
Plumas,2021-04-15,54,11088,3,868,51,9531,0,689,34,2382,19,4679,34,7061,California
Plumas,2021-04-16,142,11230,2,870,140,9671,0,689,2,2244,140,4819,2,7063,California
Plumas,2021-04-17,671,11901,2,872,669,10340,0,689,18,1612,650,5469,18,7081,California
Plumas,2021-04-18,4,11905,3,875,1,10341,0,689,1,1610,3,5472,1,7082,California
Plumas,2021-04-19,38,11943,3,878,35,10376,0,689,5,1582,33,5505,5,7087,California
Plumas,2021-04-20,43,11986,5,883,38,10414,0,689,27,1594,15,5520,27,7114,California
Plumas,2021-04-21,311,12297,5,888,305,10719,1,690,18,1319,293,5813,18,7132,California
Plumas,2021-04-22,276,12573,8,896,268,10987,0,690,126,1295,150,5963,126,7258,California
Plumas,2021-04-23,73,12646,6,902,67,11054,0,690,16,1254,57,6020,16,7274,California
Plumas,2021-04-24,171,12817,5,907,166,11220,0,690,144,1372,26,6046,144,7418,California
Plumas,2021-04-26,30,12847,4,911,26,11246,0,690,8,1359,21,6067,8,7426,California
Plumas,2021-04-27,94,12941,3,914,91,11337,0,690,57,1379,37,6104,57,7483,California
Plumas,2021-04-28,285,13226,4,918,281,11618,0,690,37,1170,246,6350,37,7520,California
Plumas,2021-04-29,172,13398,69,987,103,11721,0,690,118,1234,54,6404,118,7638,California
Plumas,2021-04-30,22,13420,11,998,11,11732,0,690,5,1222,17,6421,5,7643,California
Plumas,2021-05-01,8,13428,1,999,6,11738,1,691,1,1219,5,6426,2,7645,California
Plumas,2021-05-02,3,13431,3,1002,0,11738,0,691,1,1218,2,6428,1,7646,California
Plumas,2021-05-03,20,13451,7,1009,7,11745,6,697,6,1218,12,6440,12,7658,California
Plumas,2021-05-04,33,13484,5,1014,22,11767,6,703,19,1230,13,6453,25,7683,California
Plumas,2021-05-05,50,13534,6,1020,43,11810,1,704,22,1226,27,6480,23,7706,California
Plumas,2021-05-06,61,13595,2,1022,54,11864,5,709,19,1208,42,6522,24,7730,California
Plumas,2021-05-07,22,13617,5,1027,16,11880,1,710,8,1203,14,6536,9,7739,California
Plumas,2021-05-08,6,13623,0,1027,4,11884,2,712,4,1207,2,6538,6,7745,California
Plumas,2021-05-10,51,13674,1,1028,27,11911,23,735,23,1225,28,6566,46,7791,California
Plumas,2021-05-11,164,13838,3,1031,142,12053,19,754,12,1104,152,6718,31,7822,California
Plumas,2021-05-12,100,13938,2,1033,90,12143,8,762,37,1087,62,6780,45,7867,California
Plumas,2021-05-13,36,13974,3,1036,31,12174,2,764,14,1081,22,6802,16,7883,California
Plumas,2021-05-14,20,13994,4,1040,11,12185,5,769,10,1086,10,6812,15,7898,California
Plumas,2021-05-15,10,14004,4,1044,4,12189,2,771,4,1086,6,6818,6,7904,California
Plumas,2021-05-16,2,14006,1,1045,1,12190,0,771,1,1086,1,6819,1,7905,California
Plumas,2021-05-17,14,14020,0,1045,5,12195,9,780,5,1091,9,6828,14,7919,California
Plumas,2021-05-18,44,14064,7,1052,36,12231,1,781,24,1096,20,6848,25,7944,California
Plumas,2021-05-19,47,14111,3,1055,30,12261,14,795,12,1088,35,6883,27,7971,California
Plumas,2021-05-20,191,14302,136,1191,44,12305,11,806,78,1066,111,6994,89,8060,California
Plumas,2021-05-21,29,14331,8,1199,14,12319,7,813,14,1072,15,7009,21,8081,California
Plumas,2021-05-22,137,14468,1,1200,136,12455,0,813,7,951,128,7137,7,8088,California
Plumas,2021-05-23,1,14469,1,1201,0,12455,0,813,0,950,1,7138,0,8088,California
Plumas,2021-05-24,51,14520,37,1238,13,12468,1,814,41,983,9,7147,42,8130,California
Plumas,2021-05-25,68,14588,3,1241,64,12532,1,815,15,946,53,7200,16,8146,California
Plumas,2021-05-26,41,14629,7,1248,27,12559,7,822,17,947,23,7223,24,8170,California
Plumas,2021-05-27,99,14728,25,1273,61,12620,13,835,41,944,57,7280,54,8224,California
Plumas,2021-05-28,42,14770,14,1287,26,12646,2,837,22,949,19,7299,24,8248,California
Plumas,2021-05-29,8,14778,0,1287,8,12654,0,837,6,954,2,7301,7,8255,California
Plumas,2021-05-30,1,14779,0,1287,1,12655,0,837,0,954,0,7301,0,8255,California
Plumas,2021-05-31,7,14786,0,1287,4,12659,3,840,0,952,5,7306,3,8258,California
Plumas,2021-06-01,32,14818,7,1294,20,12679,5,845,9,944,23,7329,15,8273,California
Plumas,2021-06-02,59,14877,6,1300,31,12710,22,867,10,927,49,7378,32,8305,California
Plumas,2021-06-03,66,14943,17,1317,39,12749,10,877,27,925,39,7417,37,8342,California
Plumas,2021-06-04,15,14958,3,1320,11,12760,1,878,8,929,5,7422,9,8351,California
Plumas,2021-06-05,7,14965,3,1323,4,12764,0,878,2,926,5,7427,2,8353,California
Plumas,2021-06-06,2,14967,1,1324,1,12765,0,878,0,924,2,7429,0,8353,California
Plumas,2021-06-07,36,15003,5,1329,24,12789,7,885,8,911,28,7457,15,8368,California
Plumas,2021-06-08,28,15031,9,1338,17,12806,2,887,6,897,22,7479,8,8376,California
Plumas,2021-06-09,42,15073,5,1343,34,12840,3,890,9,876,33,7512,12,8388,California
Plumas,2021-06-10,36,15109,15,1358,17,12857,4,894,11,868,23,7535,15,8403,California
Plumas,2021-06-11,25,15134,13,1371,9,12866,3,897,8,862,17,7552,11,8414,California
Plumas,2021-06-12,11,15145,3,1374,7,12873,1,898,6,864,5,7557,7,8421,California
Plumas,2021-06-13,3,15148,1,1375,2,12875,0,898,3,867,0,7557,3,8424,California
Plumas,2021-06-14,96,15244,87,1462,6,12881,3,901,12,798,84,7641,15,8439,California
Plumas,2021-06-15,29,15273,7,1469,20,12901,2,903,9,789,20,7661,11,8450,California
Plumas,2021-06-16,33,15306,11,1480,13,12914,9,912,9,783,24,7685,18,8468,California
Plumas,2021-06-17,49,15355,30,1510,15,12929,4,916,11,761,37,7722,15,8483,California
Plumas,2021-06-18,39,15394,17,1527,14,12943,8,924,13,755,26,7748,20,8503,California
Plumas,2021-06-19,9,15403,2,1529,7,12950,0,924,2,750,7,7755,2,8505,California
Plumas,2021-06-21,9,15412,4,1533,4,12954,1,925,5,752,4,7759,6,8511,California
Plumas,2021-06-22,29,15441,11,1544,16,12970,2,927,9,743,20,7779,11,8522,California
Plumas,2021-06-23,27,15468,15,1559,9,12979,3,930,15,749,12,7791,18,8540,California
Plumas,2021-06-24,30,15498,19,1578,8,12987,3,933,14,750,15,7806,16,8556,California
Plumas,2021-06-25,22,15520,9,1587,11,12998,2,935,8,748,12,7818,10,8566,California
Plumas,2021-06-26,13,15533,4,1591,8,13006,1,936,3,742,10,7828,4,8570,California
Plumas,2021-06-28,10,15543,4,1595,2,13008,4,940,2,740,8,7836,6,8576,California
Plumas,2021-06-29,24,15567,16,1611,7,13015,1,941,11,739,13,7849,12,8588,California
Plumas,2021-06-30,22,15589,9,1620,9,13024,4,945,8,737,14,7863,12,8600,California
Plumas,2021-07-01,43,15632,29,1649,10,13034,4,949,22,742,21,7884,26,8626,California
Plumas,2021-07-02,18,15650,13,1662,4,13038,1,950,4,733,13,7897,4,8630,California
Plumas,2021-07-03,1,15651,0,1662,1,13039,0,950,1,734,0,7897,1,8631,California
Plumas,2021-07-06,28,15679,17,1679,8,13047,3,953,10,728,18,7915,12,8643,California
Plumas,2021-07-07,19,15698,11,1690,7,13054,1,954,10,730,9,7924,11,8654,California
Plumas,2021-07-08,28,15726,8,1698,11,13065,9,963,12,735,16,7940,21,8675,California
Plumas,2021-07-09,8,15734,4,1702,1,13066,3,966,2,734,6,7946,5,8680,California
Riverside,2020-12-15,7,7,7,7,0,0,0,0,7,7,0,0,7,7,California
Riverside,2020-12-16,96,103,96,103,0,0,0,0,96,103,0,0,96,103,California
Riverside,2020-12-17,834,937,834,937,0,0,0,0,834,937,0,0,834,937,California
Riverside,2020-12-18,1781,2718,1780,2717,1,1,0,0,1781,2718,0,0,1781,2718,California
Riverside,2020-12-19,1055,3773,1052,3769,3,4,0,0,1053,3770,1,1,1053,3771,California
Riverside,2020-12-20,1114,4887,1113,4882,1,5,0,0,1114,4884,0,1,1114,4885,California
Riverside,2020-12-21,2343,7230,2341,7223,2,7,0,0,2343,7227,0,1,2343,7228,California
Riverside,2020-12-22,2299,9529,2252,9475,47,54,0,0,2298,9525,0,1,2298,9526,California
Riverside,2020-12-23,2165,11694,1821,11296,344,398,0,0,2166,11691,0,1,2166,11692,California
Riverside,2020-12-24,860,12554,655,11951,205,603,0,0,860,12551,0,1,860,12552,California
Riverside,2020-12-25,41,12595,18,11969,23,626,0,0,40,12591,0,1,40,12592,California
Riverside,2020-12-26,490,13085,270,12239,220,846,0,0,490,13081,0,1,490,13082,California
Riverside,2020-12-27,398,13483,268,12507,130,976,0,0,397,13477,1,2,397,13479,California
Riverside,2020-12-28,1712,15195,1191,13698,521,1497,0,0,1712,15189,0,2,1712,15191,California
Riverside,2020-12-29,1810,17005,1024,14722,786,2283,0,0,1810,16999,0,2,1810,17001,California
Riverside,2020-12-30,2654,19659,1723,16445,931,3214,0,0,2652,19650,1,3,2652,19653,California
Riverside,2020-12-31,1081,20740,422,16867,659,3873,0,0,1082,20731,1,4,1082,20735,California
Riverside,2021-01-01,130,20870,58,16925,72,3945,0,0,130,20861,0,4,130,20865,California
Riverside,2021-01-02,897,21767,709,17634,188,4133,0,0,897,21758,0,4,897,21762,California
Riverside,2021-01-03,364,22131,306,17940,58,4191,0,0,363,22121,0,4,363,22125,California
Riverside,2021-01-04,1308,23439,813,18753,495,4686,0,0,1307,23428,0,4,1307,23432,California
Riverside,2021-01-05,2060,25499,1415,20168,645,5331,0,0,1937,25249,116,120,1937,25369,California
Riverside,2021-01-06,2598,28097,1160,21328,1438,6769,0,0,2255,27167,337,457,2255,27624,California
Riverside,2021-01-07,2885,30982,1884,23212,1001,7770,0,0,1772,27837,1105,1562,1775,29399,California
Riverside,2021-01-08,4128,35110,2982,26194,1146,8916,0,0,2264,28242,1859,3421,2264,31663,California
Riverside,2021-01-09,2139,37249,879,27073,1260,10176,0,0,1761,29627,376,3797,1761,33424,California
Riverside,2021-01-10,1696,38945,751,27824,945,11121,0,0,1080,30091,616,4413,1080,34504,California
Riverside,2021-01-11,4632,43577,3167,30991,1465,12586,0,0,2848,31157,1782,6195,2848,37352,California
Riverside,2021-01-12,3541,47118,2798,33789,743,13329,0,0,1823,31270,1713,7908,1826,39178,California
Riverside,2021-01-13,4591,51709,3002,36791,1589,14918,0,0,2946,32575,1641,9549,2946,42124,California
Riverside,2021-01-14,5801,57510,2053,38844,3748,18666,0,0,5171,37120,628,10177,5173,47297,California
Riverside,2021-01-15,6290,63800,2111,40955,4179,22845,0,0,5954,42741,334,10511,5955,53252,California
Riverside,2021-01-16,3728,67528,1038,41993,2690,25535,0,0,3465,45944,263,10774,3466,56718,California
Riverside,2021-01-17,3664,71192,605,42598,3059,28594,0,0,3455,49192,207,10981,3455,60173,California
Riverside,2021-01-18,3864,75056,2104,44702,1760,30354,0,0,2816,50962,1047,12028,2817,62990,California
Riverside,2021-01-19,7538,82594,2681,47383,4857,35211,0,0,6390,56210,1147,13175,6395,69385,California
Riverside,2021-01-20,8470,91064,3265,50648,5205,40416,0,0,6795,61349,1662,14837,6801,76186,California
Riverside,2021-01-21,8564,99628,3575,54223,4989,45405,0,0,7858,68501,707,15544,7859,84045,California
Riverside,2021-01-22,8974,108602,3056,57279,5918,51323,0,0,8496,76523,476,16020,8498,92543,California
Riverside,2021-01-23,6070,114672,2358,59637,3712,55035,0,0,5260,80974,810,16830,5261,97804,California
Riverside,2021-01-24,3116,117788,1440,61077,1676,56711,0,0,2890,83643,222,17052,2891,100695,California
Riverside,2021-01-25,8035,125823,4597,65674,3438,60149,0,0,6864,89341,1168,18220,6866,107561,California
Riverside,2021-01-26,9238,135061,5718,71392,3520,63669,0,0,7699,95505,1536,19756,7700,115261,California
Riverside,2021-01-27,11130,146191,6420,77812,4710,68379,0,0,9481,103345,1644,21400,9484,124745,California
Riverside,2021-01-28,11720,157911,6804,84616,4916,73295,0,0,10518,112672,1194,22594,10521,135266,California
Riverside,2021-01-29,12090,170001,7300,91916,4790,78085,0,0,10691,121994,1375,23969,10697,145963,California
Riverside,2021-01-30,9185,179186,4613,96529,4572,82657,0,0,8680,130174,501,24470,8681,154644,California
Riverside,2021-01-31,5188,184374,4221,100750,967,83624,0,0,5043,135079,143,24613,5048,159692,California
Riverside,2021-02-01,11507,195881,7166,107916,4341,87965,0,0,9479,142543,2019,26632,9483,169175,California
Riverside,2021-02-02,9849,205730,5025,112941,4824,92789,0,0,8297,149308,1538,28170,8303,177478,California
Riverside,2021-02-03,12398,218128,5161,118102,7237,100026,0,0,9933,156791,2455,30625,9938,187416,California
Riverside,2021-02-04,13745,231873,6034,124136,7711,107737,0,0,11566,166197,2168,32793,11574,198990,California
Riverside,2021-02-05,14676,246549,5549,129685,9127,116864,0,0,11416,174370,3251,36044,11424,210414,California
Riverside,2021-02-06,7356,253905,4277,133962,3079,119943,0,0,5684,178397,1661,37705,5688,216102,California
Riverside,2021-02-07,2231,256136,816,134778,1415,121358,0,0,1890,179955,339,38044,1897,217999,California
Riverside,2021-02-08,12610,268746,5583,140361,7027,128385,0,0,10211,187799,2381,40425,10225,228224,California
Riverside,2021-02-09,9829,278575,4565,144926,5264,133649,0,0,7788,193584,2024,42449,7809,236033,California
Riverside,2021-02-10,12270,290845,7011,151937,5259,138908,0,0,8962,199270,3295,45744,8981,245014,California
Riverside,2021-02-11,16889,307734,9094,161031,7795,146703,0,0,12200,206842,4665,50409,12237,257251,California
Riverside,2021-02-12,18063,325797,10923,171954,7140,153843,0,0,12946,214750,5066,55475,12974,270225,California
Riverside,2021-02-13,6445,332242,2176,174130,4269,158112,0,0,3111,214573,3319,58794,3142,273367,California
Riverside,2021-02-14,5041,337283,1187,175317,3854,161966,0,0,2259,214069,2776,61570,2272,275639,California
Riverside,2021-02-15,10026,347309,5126,180443,4900,166866,0,0,5527,215130,4483,66053,5544,281183,California
Riverside,2021-02-16,16384,363693,10227,190670,6157,173023,0,0,9395,217575,6976,73029,9421,290604,California
Riverside,2021-02-17,15385,379078,8426,199096,6959,179982,0,0,7627,217515,7742,80771,7682,298286,California
Riverside,2021-02-18,15794,394872,9057,208153,6737,186719,0,0,8110,218010,7658,88429,8153,306439,California
Riverside,2021-02-19,15694,410566,8425,216578,7269,193988,0,0,7388,217153,8273,96702,7416,313855,California
Riverside,2021-02-20,8586,419152,4637,221215,3949,197937,0,0,2254,213107,6310,103012,2264,316119,California
Riverside,2021-02-21,4593,423745,4050,225265,543,198480,0,0,1297,211145,3271,106283,1309,317428,California
Riverside,2021-02-22,12945,436690,8196,233461,4749,203229,0,0,5124,208485,7796,114079,5136,322564,California
Riverside,2021-02-23,11763,448453,7975,241436,3788,207017,0,0,5692,208172,6035,120114,5722,328286,California
Riverside,2021-02-24,15510,463963,8482,249918,7028,214045,0,0,6528,205828,8929,129043,6585,334871,California
Riverside,2021-02-25,17987,481950,7708,257626,10279,224324,0,0,8282,204508,9672,138715,8352,343223,California
Riverside,2021-02-26,19152,501102,6930,264556,12222,236546,0,0,9534,204560,9548,148263,9600,352823,California
Riverside,2021-02-27,12439,513541,5724,270280,6715,243261,0,0,5893,203999,6510,154773,5949,358772,California
Riverside,2021-02-28,5007,518548,3293,273573,1714,244975,0,0,2481,204000,2511,157284,2512,361284,California
Riverside,2021-03-01,14520,533068,6191,279764,8323,253298,6,6,8525,206635,5947,163231,8582,369866,California
Riverside,2021-03-02,15631,548699,7632,287396,7998,261296,1,7,9125,209340,6475,169706,9180,379046,California
Riverside,2021-03-03,17300,565999,8565,295961,8735,270031,0,7,7534,207325,9710,179416,7695,386741,California
Riverside,2021-03-04,19048,585047,7586,303547,11458,281489,4,11,9073,206675,9924,189340,9274,396015,California
Riverside,2021-03-05,19178,604225,7725,311272,11406,292895,47,58,9453,206820,9671,199011,9816,405831,California
Riverside,2021-03-06,9661,613886,5109,316381,4067,296962,485,543,4781,207272,4863,203874,5315,411146,California
Riverside,2021-03-07,4465,618351,2816,319197,1187,298149,462,1005,2064,207445,2388,206262,2561,413707,California
Riverside,2021-03-08,12212,630563,4851,324048,6929,305078,432,1437,5444,206657,6744,213006,5956,419663,California
Riverside,2021-03-09,15056,645619,7020,331068,7517,312595,519,1956,5956,204210,9074,222080,6627,426290,California
Riverside,2021-03-10,16181,661800,8679,339747,6563,319158,939,2895,6271,201741,9863,231943,7394,433684,California
Riverside,2021-03-11,19600,681400,9584,349331,8138,327296,1878,4773,7647,199580,11910,243853,9749,443433,California
Riverside,2021-03-12,21359,702759,8000,357331,8602,335898,4757,9530,7047,197448,14266,258119,12134,455567,California
Riverside,2021-03-13,8616,711375,2578,359909,4803,340701,1235,10765,4384,198966,4205,262324,5723,461290,California
Riverside,2021-03-14,4835,716210,1669,361578,1792,342493,1374,12139,2112,199753,2707,265031,3494,464784,California
Riverside,2021-03-15,18789,734999,7923,369501,9194,351687,1672,13811,9129,201060,9611,274642,10918,475702,California
Riverside,2021-03-16,21114,756113,10280,379781,10014,361701,820,14631,11356,203636,9712,284354,12288,487990,California
Riverside,2021-03-17,21587,777700,11078,390859,9443,371144,1066,15697,12863,208960,8673,293027,13997,501987,California
Riverside,2021-03-18,23115,800815,11981,402840,9456,380600,1678,17375,12646,212891,10408,303435,14339,516326,California
Riverside,2021-03-19,24322,825137,12765,415605,10581,391181,976,18351,14092,218159,10168,313603,15436,531762,California
Riverside,2021-03-20,10937,836074,6954,422559,2773,393954,1210,19561,6967,222418,3930,317533,8189,539951,California
Riverside,2021-03-21,3929,840003,3029,425588,623,394577,277,19838,2604,224005,1301,318834,2888,542839,California
Riverside,2021-03-22,16794,856797,10016,435604,6224,400801,554,20392,10578,228986,6153,324987,11134,553973,California
Riverside,2021-03-23,18779,875576,10611,446215,7744,408545,424,20816,11916,234554,6799,331786,12367,566340,California
Riverside,2021-03-24,18901,894477,10521,456736,8258,416803,122,20938,12832,241522,6011,337797,12979,579319,California
Riverside,2021-03-25,21292,915769,11736,468472,9369,426172,187,21125,14130,248775,7081,344878,14334,593653,California
Riverside,2021-03-26,24286,940055,11992,480464,12118,438290,176,21301,15011,254814,9163,354041,15202,608855,California
Riverside,2021-03-27,9397,949452,4915,485379,3428,441718,1054,22355,4827,256161,4540,358581,5887,614742,California
Riverside,2021-03-28,4819,954271,3161,488540,1563,443281,95,22450,2851,257156,1955,360536,2950,617692,California
Riverside,2021-03-29,17770,972041,8481,497021,9162,452443,127,22577,10930,261443,6791,367327,11078,628770,California
Riverside,2021-03-30,18461,990502,9613,506634,8637,461080,211,22788,11708,266659,6708,374035,11924,640694,California
Riverside,2021-03-31,18255,1008757,8481,515115,9447,470527,327,23115,11369,271534,6833,380868,11708,652402,California
Riverside,2021-04-01,25734,1034491,12567,527682,12363,482890,804,23919,16500,279697,9145,390013,17308,669710,California
Riverside,2021-04-02,26269,1060760,14109,541791,11174,494064,986,24905,16394,287489,9809,399822,17601,687311,California
Riverside,2021-04-03,9463,1070223,5997,547788,2850,496914,616,25521,6072,290805,3369,403191,6685,693996,California
Riverside,2021-04-04,3445,1073668,2080,549868,1098,498012,267,25788,1712,291067,1719,404910,1981,695977,California
Riverside,2021-04-05,18652,1092320,9507,559375,7252,505264,1893,27681,9973,294307,8633,413543,11873,707850,California
Riverside,2021-04-06,23945,1116265,12441,571816,9333,514597,2171,29852,13337,299249,10556,424099,15498,723348,California
Riverside,2021-04-07,25059,1141324,13471,585287,9047,523644,2541,32393,13907,304600,11095,435194,16446,739794,California
Riverside,2021-04-08,27663,1168987,15248,600535,9369,533013,3046,35439,16824,313691,10765,445959,19856,759650,California
Riverside,2021-04-09,26548,1195535,15591,616126,8433,541446,2524,37963,16137,322029,10354,456313,18692,778342,California
Riverside,2021-04-10,12158,1207693,6806,622932,3926,545372,1426,39389,5318,321974,6792,463105,6737,785079,California
Riverside,2021-04-11,4692,1212385,2790,625722,1263,546635,639,40028,2197,322335,2479,465584,2840,787919,California
Riverside,2021-04-12,20285,1232670,9031,634753,8586,555221,2668,42696,10137,325042,10102,475686,12809,800728,California
Riverside,2021-04-13,20257,1252927,11340,646093,8889,564110,28,42724,11597,328057,8618,484304,11633,812361,California
Riverside,2021-04-14,22501,1275428,12409,658502,10077,574187,15,42739,11028,327721,11401,495705,11065,823426,California
Riverside,2021-04-15,22308,1297736,12618,671120,9682,583869,8,42747,11772,329049,10463,506168,11791,835217,California
Riverside,2021-04-16,25431,1323167,14687,685807,10738,594607,6,42753,11815,327330,13553,519721,11834,847051,California
Riverside,2021-04-17,10019,1333186,6610,692417,3409,598016,0,42753,5018,327384,4974,524695,5028,852079,California
Riverside,2021-04-18,4224,1337410,3140,695557,1077,599093,7,42760,1955,327105,2251,526946,1972,854051,California
Riverside,2021-04-19,19760,1357170,11742,707299,8015,607108,3,42763,7104,321623,12602,539548,7120,861171,California
Riverside,2021-04-20,19572,1376742,10547,717846,9016,616124,9,42772,7979,318076,11542,551090,7995,869166,California
Riverside,2021-04-21,20893,1397635,12351,730197,8532,624656,10,42782,8399,314083,12414,563504,8421,877587,California
Riverside,2021-04-22,23915,1421550,14128,744325,9783,634439,4,42786,8962,308181,14879,578383,8977,886564,California
Riverside,2021-04-23,23839,1445389,14166,758491,9659,644098,14,42800,9340,303123,14434,592817,9376,895940,California
Riverside,2021-04-24,10543,1455932,7328,765819,3206,647304,9,42809,4830,302293,5671,598488,4841,900781,California
Riverside,2021-04-25,4249,1460181,2822,768641,1420,648724,7,42816,2198,302468,2032,600520,2207,902988,California
Riverside,2021-04-26,17401,1477582,10948,779589,6394,655118,59,42875,5927,297042,11428,611948,6002,908990,California
Riverside,2021-04-27,18628,1496210,10700,790289,7720,662838,208,43083,6496,291670,12084,624032,6712,915702,California
Riverside,2021-04-28,16928,1513138,9234,799523,7427,670265,267,43350,5755,286594,11108,635140,6032,921734,California
Riverside,2021-04-29,19157,1532295,11816,811339,6988,677253,353,43703,5576,279016,13506,648646,5928,927662,California
Riverside,2021-04-30,20346,1552641,11864,823203,8093,685346,389,44092,6662,272444,13624,662270,7052,934714,California
Riverside,2021-05-01,6891,1559532,4943,828146,1763,687109,185,44277,2366,270501,4493,666763,2550,937264,California
Riverside,2021-05-02,3397,1562929,2222,830368,966,688075,209,44486,1097,269534,2280,669043,1313,938577,California
Riverside,2021-05-03,18069,1580998,11098,841466,6476,694551,495,44981,4181,260389,13819,682862,4674,943251,California
Riverside,2021-05-04,17777,1598775,11383,852849,5930,700481,464,45445,5007,253177,12695,695557,5483,948734,California
Riverside,2021-05-05,16359,1615134,9437,862286,6549,707030,373,45818,4726,246723,11574,707131,5120,953854,California
Riverside,2021-05-06,18359,1633493,10452,872738,7492,714522,415,46233,4710,238319,13569,720700,5165,959019,California
Riverside,2021-05-07,20790,1654283,11894,884632,8449,722971,447,46680,5528,229122,15175,735875,5978,964997,California
Riverside,2021-05-08,7110,1661393,4727,889359,2121,725092,262,46942,2657,227634,4415,740290,2927,967924,California
Riverside,2021-05-09,2501,1663894,1697,891056,650,725742,154,47096,926,227156,1566,741856,1088,969012,California
Riverside,2021-05-10,10150,1674044,5207,896263,4547,730289,396,47492,2863,223182,7237,749093,3263,972275,California
Riverside,2021-05-11,14361,1688405,8760,905023,5073,735362,528,48020,4018,217488,10256,759349,4562,976837,California
Riverside,2021-05-12,13065,1701470,6716,911739,6016,741378,333,48353,3934,212677,9078,768427,4267,981104,California
Riverside,2021-05-13,15259,1716729,9341,921080,5634,747012,284,48637,5405,208578,9801,778228,5702,986806,California
Riverside,2021-05-14,18260,1734989,11574,932654,5890,752902,796,49433,7111,205406,11077,789305,7905,994711,California
Riverside,2021-05-15,9914,1744903,7139,939793,2376,755278,399,49832,5102,206127,4778,794083,5499,1000210,California
Riverside,2021-05-16,3723,1748626,2761,942554,844,756122,118,49950,1866,206267,1843,795926,1983,1002193,California
Riverside,2021-05-17,11817,1760443,7607,950161,3855,759977,355,50305,5089,205022,6694,802620,5449,1007642,California
Riverside,2021-05-18,15252,1775695,9477,959638,5416,765393,359,50664,6158,202492,9047,811667,6517,1014159,California
Riverside,2021-05-19,12233,1787928,7738,967376,4250,769643,245,50909,5893,202345,6289,817956,6142,1020301,California
Riverside,2021-05-20,11949,1799877,7506,974882,4183,773826,260,51169,5317,201342,6584,824540,5581,1025882,California
Riverside,2021-05-21,14476,1814353,8924,983806,5228,779054,324,51493,6056,199373,8351,832891,6382,1032264,California
Riverside,2021-05-22,7253,1821606,4911,988717,2145,781199,197,51690,3887,200134,3324,836215,4085,1036349,California
Riverside,2021-05-23,2757,1824363,1847,990564,833,782032,77,51767,1298,200065,1443,837658,1374,1037723,California
Riverside,2021-05-24,8883,1833246,5808,996372,2761,784793,314,52081,3967,199461,4884,842542,4280,1042003,California
Riverside,2021-05-25,9732,1842978,5794,1002166,3664,788457,274,52355,3875,197793,5819,848361,4151,1046154,California
Riverside,2021-05-26,8924,1851902,5533,1007699,3061,791518,330,52685,3897,197050,4976,853337,4233,1050387,California
Riverside,2021-05-27,8567,1860469,5126,1012825,3204,794722,237,52922,3877,196530,4639,857976,4119,1054506,California
Riverside,2021-05-28,10782,1871251,6524,1019349,3943,798665,315,53237,4963,196059,5756,863732,5285,1059791,California
Riverside,2021-05-29,5051,1876302,3436,1022785,1488,800153,127,53364,2819,196799,2208,865940,2948,1062739,California
Riverside,2021-05-30,1969,1878271,1420,1024205,481,800634,68,53432,1017,196939,945,866885,1085,1063824,California
Riverside,2021-05-31,875,1879146,496,1024701,346,800980,33,53465,335,196770,537,867422,368,1064192,California
Riverside,2021-06-01,9178,1888324,5663,1030364,3276,804256,239,53704,3446,194773,5679,873101,3682,1067874,California
Riverside,2021-06-02,7138,1895462,4350,1034714,2510,806766,278,53982,2743,193445,4351,877452,3023,1070897,California
Riverside,2021-06-03,7967,1903429,5296,1040010,2399,809165,272,54254,2730,191250,5193,882645,2998,1073895,California
Riverside,2021-06-04,10744,1914173,7657,1047667,2827,811992,260,54514,3721,188264,6968,889613,3982,1077877,California
Riverside,2021-06-05,6988,1921161,5157,1052824,1285,813277,546,55060,2197,186243,4767,894380,2746,1080623,California
Riverside,2021-06-06,2222,1923383,1886,1054710,285,813562,51,55111,686,185454,1527,895907,738,1081361,California
Riverside,2021-06-07,6942,1930325,5265,1059975,1445,815007,232,55343,2274,183324,4636,900543,2506,1083867,California
Riverside,2021-06-08,9063,1939388,6562,1066537,2227,817234,274,55617,2963,180518,6045,906588,3239,1087106,California
Riverside,2021-06-09,7763,1947151,5644,1072181,1823,819057,296,55913,2373,177841,5343,911931,2666,1089772,California
Riverside,2021-06-10,7608,1954759,5359,1077540,2014,821071,235,56148,2371,175243,5208,917139,2610,1092382,California
Riverside,2021-06-11,8896,1963655,6033,1083573,2571,823642,292,56440,3011,172720,5825,922964,3302,1095684,California
Riverside,2021-06-12,5355,1969010,3958,1087531,1269,824911,128,56568,1660,170852,3662,926626,1794,1097478,California
Riverside,2021-06-13,1798,1970808,1338,1088869,416,825327,44,56612,494,170099,1291,927917,538,1098016,California
Riverside,2021-06-14,6389,1977197,4576,1093445,1507,826834,306,56918,2103,168251,4254,932171,2406,1100422,California
Riverside,2021-06-15,7090,1984287,4832,1098277,1947,828781,311,57229,2651,166828,4390,936561,2967,1103389,California
Riverside,2021-06-16,6837,1991124,4710,1102987,1812,830593,315,57544,2408,165164,4385,940946,2721,1106110,California
Riverside,2021-06-17,6417,1997541,4497,1107484,1679,832272,241,57785,2396,163820,3987,944933,2643,1108753,California
Riverside,2021-06-18,8175,2005716,5909,1113393,1989,834261,277,58062,3338,162649,4790,949723,3619,1112372,California
Riverside,2021-06-19,4275,2009991,3277,1116670,844,835105,154,58216,1781,162118,2471,952194,1940,1114312,California
Riverside,2021-06-20,1500,2011491,1138,1117808,325,835430,37,58253,576,161817,915,953109,614,1114926,California
Riverside,2021-06-21,4264,2015755,2820,1120628,1163,836593,281,58534,2198,162248,2048,955157,2479,1117405,California
Riverside,2021-06-22,6350,2022105,4478,1125106,1621,838214,251,58785,2729,161650,3582,958739,2984,1120389,California
Riverside,2021-06-23,5555,2027660,3941,1129047,1355,839569,259,59044,2577,161543,2943,961682,2836,1123225,California
Riverside,2021-06-24,5389,2033049,3691,1132738,1456,841025,242,59286,2347,161126,3007,964689,2590,1125815,California
Riverside,2021-06-25,6808,2039857,4882,1137620,1645,842670,281,59567,2938,160512,3837,968526,3223,1129038,California
Riverside,2021-06-26,3802,2043659,2927,1140547,749,843419,126,59693,1747,160352,2033,970559,1873,1130911,California
Riverside,2021-06-27,1499,2045158,1208,1141755,246,843665,45,59738,692,160293,796,971355,737,1131648,California
Riverside,2021-06-28,4284,2049442,3340,1145095,721,844386,223,59961,2009,160283,2246,973601,2236,1133884,California
Riverside,2021-06-29,5629,2055071,4172,1149267,1280,845666,177,60138,2573,160016,3019,976620,2752,1136636,California
Riverside,2021-06-30,4967,2060038,3662,1152929,1134,846800,171,60309,2408,160103,2490,979110,2577,1139213,California
Riverside,2021-07-01,4712,2064750,3280,1156209,1129,847929,303,60612,2200,160129,2483,981593,2509,1141722,California
Riverside,2021-07-02,5737,2070487,4263,1160472,1276,849205,198,60810,2739,160108,2957,984550,2936,1144658,California
Riverside,2021-07-03,2865,2073352,2146,1162618,639,849844,80,60890,1411,160177,1423,985973,1492,1146150,California
Riverside,2021-07-04,242,2073594,139,1162757,95,849939,8,60898,96,160137,144,986117,104,1146254,California
Riverside,2021-07-05,2572,2076166,2009,1164766,503,850442,60,60958,1255,160144,1308,987425,1315,1147569,California
Riverside,2021-07-06,5481,2081647,4061,1168827,1203,851645,217,61175,2240,159406,3196,990621,2458,1150027,California
Riverside,2021-07-07,4479,2086126,3304,1172131,978,852623,197,61372,1993,159146,2453,993074,2193,1152220,California
Riverside,2021-07-08,4152,2090278,2971,1175102,986,853609,195,61567,1952,159104,2186,995260,2144,1154364,California
Riverside,2021-07-09,3528,2093806,2629,1177731,724,854333,175,61742,1523,158812,1987,997247,1695,1156059,California
Sacramento,2020-12-15,315,315,315,315,0,0,0,0,315,315,0,0,315,315,California
Sacramento,2020-12-16,683,998,683,998,0,0,0,0,683,998,0,0,683,998,California
Sacramento,2020-12-17,723,1721,723,1721,0,0,0,0,723,1721,0,0,723,1721,California
Sacramento,2020-12-18,1127,2848,1126,2847,1,1,0,0,1127,2848,0,0,1127,2848,California
Sacramento,2020-12-19,625,3473,625,3472,0,1,0,0,625,3473,0,0,625,3473,California
Sacramento,2020-12-20,635,4108,635,4107,0,1,0,0,635,4108,0,0,635,4108,California
Sacramento,2020-12-21,1683,5791,1683,5790,0,1,0,0,1684,5792,0,0,1684,5792,California
Sacramento,2020-12-22,2110,7901,2073,7863,37,38,0,0,2110,7902,0,0,2110,7902,California
Sacramento,2020-12-23,2273,10174,2098,9961,175,213,0,0,2273,10175,0,0,2273,10175,California
Sacramento,2020-12-24,1042,11216,830,10791,212,425,0,0,1042,11217,0,0,1042,11217,California
Sacramento,2020-12-25,3,11219,2,10793,1,426,0,0,3,11220,0,0,3,11220,California
Sacramento,2020-12-26,508,11727,289,11082,219,645,0,0,508,11728,0,0,508,11728,California
Sacramento,2020-12-27,358,12085,252,11334,106,751,0,0,358,12086,0,0,358,12086,California
Sacramento,2020-12-28,1928,14013,1343,12677,585,1336,0,0,1927,14012,1,1,1927,14013,California
Sacramento,2020-12-29,1973,15986,1200,13877,773,2109,0,0,1973,15985,0,1,1973,15986,California
Sacramento,2020-12-30,2567,18553,1459,15336,1108,3217,0,0,2568,18553,0,1,2568,18554,California
Sacramento,2020-12-31,1230,19783,695,16031,535,3752,0,0,1231,19784,0,1,1231,19785,California
Sacramento,2021-01-01,87,19870,73,16104,14,3766,0,0,87,19871,0,1,87,19872,California
Sacramento,2021-01-02,571,20441,366,16470,205,3971,0,0,571,20442,0,1,571,20443,California
Sacramento,2021-01-03,412,20853,223,16693,189,4160,0,0,412,20854,0,1,412,20855,California
Sacramento,2021-01-04,1952,22805,840,17533,1112,5272,0,0,1950,22803,1,2,1950,22805,California
Sacramento,2021-01-05,2246,25051,1011,18544,1235,6507,0,0,1863,24290,383,385,1870,24675,California
Sacramento,2021-01-06,2761,27812,1638,20182,1123,7630,0,0,1942,25420,813,1198,1943,26618,California
Sacramento,2021-01-07,2870,30682,1532,21714,1338,8968,0,0,1921,26398,943,2141,1921,28539,California
Sacramento,2021-01-08,3314,33996,2096,23810,1218,10186,0,0,2184,27457,1126,3267,2185,30724,California
Sacramento,2021-01-09,1298,35294,803,24613,495,10681,0,0,900,27961,396,3663,900,31624,California
Sacramento,2021-01-10,1252,36546,713,25326,539,11220,0,0,783,28277,468,4131,784,32408,California
Sacramento,2021-01-11,4380,40926,2970,28296,1410,12630,0,0,2430,28770,1949,6080,2442,34850,California
Sacramento,2021-01-12,4691,45617,3292,31588,1399,14029,0,0,2639,29366,2050,8130,2646,37496,California
Sacramento,2021-01-13,3868,49485,2236,33824,1632,15661,0,0,2441,30382,1426,9556,2442,39938,California
Sacramento,2021-01-14,4759,54244,2428,36252,2331,17992,0,0,3844,33313,913,10469,3844,43782,California
Sacramento,2021-01-15,4474,58718,2258,38510,2216,20208,0,0,3755,36350,719,11188,3756,47538,California
Sacramento,2021-01-16,2225,60943,1281,39791,944,21152,0,0,2005,38136,219,11407,2005,49543,California
Sacramento,2021-01-17,1686,62629,987,40778,699,21851,0,0,1500,39453,186,11593,1503,51046,California
Sacramento,2021-01-18,2818,65447,1722,42500,1096,22947,0,0,2230,41097,587,12180,2231,53277,California
Sacramento,2021-01-19,4993,70440,3024,45524,1969,24916,0,0,3750,43608,1241,13421,3752,57029,California
Sacramento,2021-01-20,4993,75433,3001,48525,1992,26908,0,0,3679,45978,1315,14736,3685,60714,California
Sacramento,2021-01-21,5262,80695,3017,51542,2245,29153,0,0,4288,49301,967,15703,4290,65004,California
Sacramento,2021-01-22,5053,85748,2686,54228,2367,31520,0,0,4749,53748,303,16006,4750,69754,California
Sacramento,2021-01-23,3873,89621,1563,55791,2310,33830,0,0,3409,56693,464,16470,3409,73163,California
Sacramento,2021-01-24,1641,91262,1025,56816,616,34446,0,0,1392,57837,249,16719,1393,74556,California
Sacramento,2021-01-25,4434,95696,2168,58984,2266,36712,0,0,2952,59309,1482,18201,2954,77510,California
Sacramento,2021-01-26,4782,100478,2178,61162,2604,39316,0,0,3565,61664,1212,19413,3567,81077,California
Sacramento,2021-01-27,5895,106373,3045,64207,2850,42166,0,0,4262,64301,1627,21040,4264,85341,California
Sacramento,2021-01-28,5493,111866,2737,66944,2756,44922,0,0,4386,67583,1105,22145,4387,89728,California
Sacramento,2021-01-29,5458,117324,2932,69876,2526,47448,0,0,4432,70997,1018,23163,4432,94160,California
Sacramento,2021-01-30,4880,122204,2197,72073,2683,50131,0,0,4448,75016,429,23592,4448,98608,California
Sacramento,2021-01-31,2419,124623,2117,74190,302,50433,0,0,2065,76731,352,23944,2067,100675,California
Sacramento,2021-02-01,5957,130580,3032,77222,2925,53358,0,0,4270,79323,1679,25623,4271,104946,California
Sacramento,2021-02-02,6955,137535,3706,80928,3249,56607,0,0,4842,82076,2091,27714,4844,109790,California
Sacramento,2021-02-03,7165,144700,3603,84531,3562,60169,0,0,5277,85479,1876,29590,5279,115069,California
Sacramento,2021-02-04,7805,152505,3683,88214,4122,64291,0,0,5538,88758,2259,31849,5538,120607,California
Sacramento,2021-02-05,7908,160413,4501,92715,3407,67698,0,0,4852,90585,3032,34881,4859,125466,California
Sacramento,2021-02-06,8869,169282,3504,96219,5365,73063,0,0,7506,96732,1361,36242,7508,132974,California
Sacramento,2021-02-07,4109,173391,2218,98437,1891,74954,0,0,2899,98428,1205,37447,2901,135875,California
Sacramento,2021-02-08,6277,179668,3255,101692,3022,77976,0,0,3920,99997,2351,39798,3920,139795,California
Sacramento,2021-02-09,6815,186483,3575,105267,3240,81216,0,0,4006,101211,2794,42592,4008,143803,California
Sacramento,2021-02-10,7777,194260,4253,109520,3524,84740,0,0,4545,102542,3215,45807,4546,148349,California
Sacramento,2021-02-11,9637,203897,5738,115258,3899,88639,0,0,5520,103962,4102,49909,5522,153871,California
Sacramento,2021-02-12,10757,214654,4175,119433,6582,95221,0,0,6431,106137,4259,54168,6434,160305,California
Sacramento,2021-02-13,8146,222800,3019,122452,5127,100348,0,0,6369,110736,1771,55939,6370,166675,California
Sacramento,2021-02-14,3262,226062,2012,124464,1250,101598,0,0,2120,111721,1140,57079,2125,168800,California
Sacramento,2021-02-15,6058,232120,2062,126526,3996,105594,0,0,4206,114089,1841,58920,4209,173009,California
Sacramento,2021-02-16,9327,241447,4238,130764,5089,110683,0,0,5363,115503,3954,62874,5368,178377,California
Sacramento,2021-02-17,8969,250416,5039,135803,3930,114613,0,0,5201,116952,3755,66629,5204,183581,California
Sacramento,2021-02-18,9688,260104,5793,141596,3895,118508,0,0,5762,118804,3914,70543,5766,189347,California
Sacramento,2021-02-19,10160,270264,6216,147812,3944,122452,0,0,5988,120645,4156,74699,5997,195344,California
Sacramento,2021-02-20,8219,278483,5848,153660,2371,124823,0,0,4799,122035,3412,78111,4802,200146,California
Sacramento,2021-02-21,4970,283453,2530,156190,2440,127263,0,0,2901,122875,2061,80172,2901,203047,California
Sacramento,2021-02-22,6546,289999,3974,160164,2572,129835,0,0,2828,122011,3696,83868,2832,205879,California
Sacramento,2021-02-23,7652,297651,4764,164928,2888,132723,0,0,3649,121682,3982,87850,3653,209532,California
Sacramento,2021-02-24,10130,307781,5586,170514,4544,137267,0,0,5456,122495,4651,92501,5464,214996,California
Sacramento,2021-02-25,11541,319322,6604,177118,4937,142204,0,0,6696,124367,4825,97326,6697,221693,California
Sacramento,2021-02-26,14657,333979,6911,184029,7746,149950,0,0,9993,129737,4629,101955,9999,231692,California
Sacramento,2021-02-27,11260,345239,6884,190913,4373,154323,3,3,8346,135203,2883,104838,8349,240041,California
Sacramento,2021-02-28,6663,351902,2349,193262,4314,158637,0,3,3120,134798,3528,108366,3123,243164,California
Sacramento,2021-03-01,8671,360573,3633,196895,5035,163672,3,6,4717,135594,3927,112293,4723,247887,California
Sacramento,2021-03-02,9417,369990,4086,200981,5330,169002,1,7,5772,137746,3624,115917,5776,253663,California
Sacramento,2021-03-03,11212,381202,5117,206098,6091,175093,4,11,6736,140036,4453,120370,6743,260406,California
Sacramento,2021-03-04,13725,394927,6338,212436,7383,182476,4,15,7611,141584,6074,126444,7622,268028,California
Sacramento,2021-03-05,10726,405653,4941,217377,5755,188231,30,45,7122,145163,3574,130018,7153,275181,California
Sacramento,2021-03-06,8182,413835,3143,220520,4915,193146,124,169,4149,145419,4016,134034,4272,279453,California
Sacramento,2021-03-07,8140,421975,2241,222761,5756,198902,143,312,3798,145025,4333,138367,3939,283392,California
Sacramento,2021-03-08,9242,431217,4337,227098,4666,203568,239,551,6002,148041,3223,141590,6239,289631,California
Sacramento,2021-03-09,9780,440997,4587,231685,4899,208467,294,845,5595,149769,4161,145751,5889,295520,California
Sacramento,2021-03-10,11880,452877,7531,239216,3993,212460,356,1201,6942,152175,4896,150647,7302,302822,California
Sacramento,2021-03-11,15233,468110,10113,249329,4288,216748,832,2033,8983,155780,6205,156852,9810,312632,California
Sacramento,2021-03-12,18099,486209,8351,257680,8877,225625,871,2904,8872,156357,9168,166020,9745,322377,California
Sacramento,2021-03-13,13661,499870,3590,261270,9641,235266,430,3334,8449,160030,5201,171221,8874,331251,California
Sacramento,2021-03-14,9481,509351,3481,264751,5364,240630,636,3970,4475,160165,4974,176195,5109,336360,California
Sacramento,2021-03-15,12305,521656,4887,269638,6752,247382,666,4636,7065,162689,5209,181404,7733,344093,California
Sacramento,2021-03-16,14178,535834,6315,275953,7208,254590,655,5291,8655,166508,5482,186886,9301,353394,California
Sacramento,2021-03-17,13890,549724,6682,282635,6576,261166,632,5923,8804,170890,5057,191943,9439,362833,California
Sacramento,2021-03-18,15838,565562,8338,290973,6895,268061,605,6528,10006,175703,5797,197740,10610,373443,California
Sacramento,2021-03-19,15726,581288,8021,298994,6312,274373,1393,7921,7897,177188,7796,205536,9281,382724,California
Sacramento,2021-03-20,13408,594696,7560,306554,5503,279876,345,8266,8499,181154,4877,210413,8843,391567,California
Sacramento,2021-03-21,5858,600554,2780,309334,3039,282915,39,8305,3364,182083,2478,212891,3407,394974,California
Sacramento,2021-03-22,9491,610045,4884,314218,3753,286668,854,9159,6259,185992,3200,216091,7109,402083,California
Sacramento,2021-03-23,11494,621539,6859,321077,3829,290497,806,9965,7352,190052,4096,220187,8156,410239,California
Sacramento,2021-03-24,11963,633502,7298,328375,4033,294530,632,10597,6724,192255,5153,225340,7356,417595,California
Sacramento,2021-03-25,14326,647828,8431,336806,5056,299586,839,11436,8499,195806,5780,231120,9331,426926,California
Sacramento,2021-03-26,18391,666219,8957,345763,8922,308508,512,11948,9138,196280,9177,240297,9651,436577,California
Sacramento,2021-03-27,10210,676429,3588,349351,6330,314838,292,12240,5573,197540,4600,244897,5860,442437,California
Sacramento,2021-03-28,6635,683064,3239,352590,3144,317982,252,12492,2662,196495,3962,248859,2917,445354,California
Sacramento,2021-03-29,11063,694127,5906,358496,4767,322749,390,12882,4950,195752,6083,254942,5340,450694,California
Sacramento,2021-03-30,11970,706097,6110,364606,5442,328191,418,13300,6033,196292,5908,260850,6448,457142,California
Sacramento,2021-03-31,13529,719626,7875,372481,5239,333430,415,13715,5580,194365,7916,268766,5989,463131,California
Sacramento,2021-04-01,17533,737159,10475,382956,6804,340234,254,13969,7346,191831,10137,278903,7603,470734,California
Sacramento,2021-04-02,17243,754402,9733,392689,6766,347000,744,14713,9037,193444,8167,287070,9780,480514,California
Sacramento,2021-04-03,10484,764886,6247,398936,3687,350687,550,15263,6420,196373,4035,291105,6964,487478,California
Sacramento,2021-04-04,3730,768616,1532,400468,1993,352680,205,15468,1448,195746,2276,293381,1649,489127,California
Sacramento,2021-04-05,12114,780730,7573,408041,3698,356378,843,16311,5379,195265,6696,300077,6215,495342,California
Sacramento,2021-04-06,15735,796465,8892,416933,5499,361877,1344,17655,6926,194757,8773,308850,8265,503607,California
Sacramento,2021-04-07,14954,811419,8061,424994,5276,367153,1617,19272,7165,195785,7741,316591,8769,512376,California
Sacramento,2021-04-08,15162,826581,6816,431810,5342,372495,3004,22276,6018,195675,9107,325698,8997,521373,California
Sacramento,2021-04-09,18389,844970,9383,441193,6777,379272,2229,24505,7464,194476,10880,336578,9681,531054,California
Sacramento,2021-04-10,13446,858416,3849,445042,8369,387641,1228,25733,5860,193982,7556,344134,7062,538116,California
Sacramento,2021-04-11,11189,869605,4378,449420,6583,394224,228,25961,3639,190325,7523,351657,3866,541982,California
Sacramento,2021-04-12,13036,882641,5071,454491,6069,400293,1896,27857,4930,189096,8037,359694,6808,548790,California
Sacramento,2021-04-13,16343,898984,9979,464470,6359,406652,5,27862,7577,187950,8732,368426,7586,556376,California
Sacramento,2021-04-14,15068,914052,8018,472488,7048,413700,2,27864,5938,184794,9098,377524,5942,562318,California
Sacramento,2021-04-15,16481,930533,8468,480956,8010,421710,3,27867,6678,181719,9758,387282,6683,569001,California
Sacramento,2021-04-16,17626,948159,9739,490695,7887,429597,0,27867,7975,180097,9599,396881,7977,576978,California
Sacramento,2021-04-17,15886,964045,6192,496887,9694,439291,0,27867,11609,187458,4253,401134,11614,588592,California
Sacramento,2021-04-18,9082,973127,3272,500159,5810,445101,0,27867,3881,186161,5180,406314,3883,592475,California
Sacramento,2021-04-19,10694,983821,5776,505935,4913,450014,5,27872,4733,184965,5936,412250,4740,597215,California
Sacramento,2021-04-20,11574,995395,7142,513077,4428,454442,4,27876,6085,185598,5461,417711,6094,603309,California
Sacramento,2021-04-21,12341,1007736,7387,520464,4952,459394,2,27878,6624,186540,5685,423396,6627,609936,California
Sacramento,2021-04-22,15256,1022992,10268,530732,4983,464377,5,27883,6992,185313,8226,431622,6999,616935,California
Sacramento,2021-04-23,16302,1039294,10351,541083,5951,470328,0,27883,7560,184172,8703,440325,7562,624497,California
Sacramento,2021-04-24,11631,1050925,7010,548093,4620,474948,1,27884,6213,185005,5382,445707,6215,630712,California
Sacramento,2021-04-25,8481,1059406,4483,552576,3998,478946,0,27884,4175,184892,4289,449996,4176,634888,California
Sacramento,2021-04-26,10839,1070245,6833,559409,3982,482928,24,27908,5156,184420,5652,455648,5180,640068,California
Sacramento,2021-04-27,12287,1082532,8088,567497,4044,486972,155,28063,6036,184396,6217,461865,6193,646261,California
Sacramento,2021-04-28,10838,1093370,6161,573658,4472,491444,205,28268,6006,185812,4798,466663,6214,652475,California
Sacramento,2021-04-29,11189,1104559,7595,581253,3290,494734,304,28572,6145,187259,5005,471668,6452,658927,California
Sacramento,2021-04-30,12759,1117318,8082,589335,4413,499147,264,28836,6036,186888,6672,478340,6301,665228,California
Sacramento,2021-05-01,7630,1124948,5482,594817,1973,501120,175,29011,2794,185058,4798,483138,2968,668196,California
Sacramento,2021-05-02,5007,1129955,4309,599126,549,501669,149,29160,2226,184679,2753,485891,2374,670570,California
Sacramento,2021-05-03,9150,1139105,7310,606436,1558,503227,282,29442,3976,183783,5150,491041,4254,674824,California
Sacramento,2021-05-04,9699,1148804,5957,612393,3432,506659,310,29752,3858,182157,5793,496834,4167,678991,California
Sacramento,2021-05-05,11373,1160177,6242,618635,4669,511328,462,30214,4650,180587,6674,503508,5104,684095,California
Sacramento,2021-05-06,11447,1171624,6403,625038,4736,516064,308,30522,4677,179141,6427,509935,4981,689076,California
Sacramento,2021-05-07,10804,1182428,6314,631352,4120,520184,370,30892,4549,177862,6199,516134,4920,693996,California
Sacramento,2021-05-08,9000,1191428,4005,635357,4764,524948,231,31123,2819,174768,6136,522270,3042,697038,California
Sacramento,2021-05-09,3290,1194718,1794,637151,1384,526332,112,31235,1204,174010,2075,524345,1317,698355,California
Sacramento,2021-05-10,8295,1203013,3873,641024,4151,530483,271,31506,2005,170030,6257,530602,2277,700632,California
Sacramento,2021-05-11,8647,1211660,5465,646489,2922,533405,260,31766,3016,167709,5597,536199,3276,703908,California
Sacramento,2021-05-12,8779,1220439,5286,651775,3236,536641,257,32023,2944,165109,5799,541998,3199,707107,California
Sacramento,2021-05-13,12029,1232468,7699,659474,4053,540694,277,32300,4564,162527,7422,549420,4840,711947,California
Sacramento,2021-05-14,12534,1245002,7103,666577,5142,545836,289,32589,5069,160479,7407,556827,5359,717306,California
Sacramento,2021-05-15,13250,1258252,8028,674605,5076,550912,146,32735,5874,159154,7341,564168,6016,723322,California
Sacramento,2021-05-16,8443,1266695,4235,678840,4095,555007,113,32848,2211,155278,6203,570371,2327,725649,California
Sacramento,2021-05-17,10486,1277181,6404,685244,3793,558800,289,33137,3919,152962,6528,576899,4212,729861,California
Sacramento,2021-05-18,9932,1287113,6224,691468,3495,562295,213,33350,3713,150713,6180,583079,3931,733792,California
Sacramento,2021-05-19,9910,1297023,6310,697778,3335,565630,265,33615,4437,149993,5428,588507,4708,738500,California
Sacramento,2021-05-20,10249,1307272,6749,704527,3239,568869,261,33876,3808,147673,6389,594896,4069,742569,California
Sacramento,2021-05-21,10735,1318007,6809,711336,3603,572472,323,34199,4448,146203,6247,601143,4777,747346,California
Sacramento,2021-05-22,7458,1325465,4611,715947,2673,575145,174,34373,3349,145650,4079,605222,3526,750872,California
Sacramento,2021-05-23,4582,1330047,3021,718968,1457,576602,104,34477,1973,145138,2590,607812,2078,752950,California
Sacramento,2021-05-24,7819,1337866,4725,723693,2764,579366,330,34807,2482,142655,5293,613105,2810,755760,California
Sacramento,2021-05-25,6718,1344584,3881,727574,2545,581911,292,35099,2375,141004,4317,617422,2666,758426,California
Sacramento,2021-05-26,8567,1353151,4730,732304,3502,585413,335,35434,2814,138445,5703,623125,3144,761570,California
Sacramento,2021-05-27,6698,1359849,3652,735956,2806,588219,240,35674,2946,137927,3704,626829,3186,764756,California
Sacramento,2021-05-28,8278,1368127,4588,740544,3315,591534,375,36049,3455,136976,4780,631609,3829,768585,California
Sacramento,2021-05-29,4441,1372568,2703,743247,1579,593113,159,36208,2237,137192,2179,633788,2395,770980,California
Sacramento,2021-05-30,1684,1374252,1067,744314,579,593692,38,36246,751,137058,924,634712,790,771770,California
Sacramento,2021-05-31,885,1375137,444,744758,428,594120,13,36259,313,136816,568,635280,326,772096,California
Sacramento,2021-06-01,6976,1382113,4178,748936,2592,596712,206,36465,2531,135148,4402,639682,2734,774830,California
Sacramento,2021-06-02,6099,1388212,3348,752284,2537,599249,214,36679,2264,133830,3794,643476,2476,777306,California
Sacramento,2021-06-03,7464,1395676,5074,757358,2205,601454,185,36864,2142,130871,5282,648758,2323,779629,California
Sacramento,2021-06-04,7089,1402765,4528,761886,2349,603803,212,37076,2210,128446,4847,653605,2422,782051,California
Sacramento,2021-06-05,6219,1408984,4561,766447,1518,605321,140,37216,1756,125907,4436,658041,1897,783948,California
Sacramento,2021-06-06,2423,1411407,1904,768351,460,605781,59,37275,786,125123,1630,659671,846,784794,California
Sacramento,2021-06-07,5583,1416990,3910,772261,1493,607274,180,37455,1555,122854,4001,663672,1732,786526,California
Sacramento,2021-06-08,5411,1422401,3686,775947,1545,608819,180,37635,1715,121084,3667,667339,1897,788423,California
Sacramento,2021-06-09,6190,1428591,4284,780231,1721,610540,185,37820,1628,118386,4510,671849,1812,790235,California
Sacramento,2021-06-10,5423,1434014,3465,783696,1747,612287,211,38031,1651,116527,3721,675570,1862,792097,California
Sacramento,2021-06-11,7563,1441577,5219,788915,2150,614437,194,38225,2047,113284,5482,681052,2239,794336,California
Sacramento,2021-06-12,4727,1446304,3063,791978,1546,615983,118,38343,1278,111251,3430,684482,1397,795733,California
Sacramento,2021-06-13,1935,1448239,1426,793404,465,616448,44,38387,396,110161,1528,686010,438,796171,California
Sacramento,2021-06-14,4325,1452564,2803,796207,1360,617808,162,38549,1352,108719,2954,688964,1512,797683,California
Sacramento,2021-06-15,4927,1457491,2966,799173,1736,619544,225,38774,1720,107473,3190,692154,1944,799627,California
Sacramento,2021-06-16,4486,1461977,3015,802188,1252,620796,219,38993,1553,106330,2907,695061,1764,801391,California
Sacramento,2021-06-17,4070,1466047,2647,804835,1257,622053,166,39159,1398,105249,2640,697701,1559,802950,California
Sacramento,2021-06-18,5133,1471180,3357,808192,1536,623589,240,39399,1746,103873,3361,701062,1985,804935,California
Sacramento,2021-06-19,3339,1474519,2266,810458,928,624517,145,39544,1189,103074,2132,703194,1333,806268,California
Sacramento,2021-06-20,1234,1475753,915,811373,291,624808,28,39572,564,103007,659,703853,592,806860,California
Sacramento,2021-06-21,2525,1478278,1337,812710,1027,625835,161,39733,1238,103130,1274,705127,1397,808257,California
Sacramento,2021-06-22,3907,1482185,2690,815400,1020,626855,197,39930,1537,102514,2345,707472,1729,809986,California
Sacramento,2021-06-23,4080,1486265,2814,818214,1057,627912,209,40139,1522,101704,2537,710009,1727,811713,California
Sacramento,2021-06-24,3476,1489741,2246,820460,1034,628946,196,40335,1387,101216,2070,712079,1582,813295,California
Sacramento,2021-06-25,4189,1493930,2831,823291,1143,630089,215,40550,1689,100637,2480,714559,1901,815196,California
Sacramento,2021-06-26,2844,1496774,2033,825324,688,630777,123,40673,1190,100314,1635,716194,1312,816508,California
Sacramento,2021-06-27,1240,1498014,913,826237,296,631073,31,40704,452,100013,784,716978,483,816991,California
Sacramento,2021-06-28,2629,1500643,1953,828190,535,631608,141,40845,1145,99832,1466,718444,1285,818276,California
Sacramento,2021-06-29,3283,1503926,2189,830379,955,632563,139,40984,1327,99373,1927,720371,1468,819744,California
Sacramento,2021-06-30,3279,1507205,2242,832621,907,633470,130,41114,1547,99338,1713,722084,1678,821422,California
Sacramento,2021-07-01,2854,1510059,1909,834530,786,634256,159,41273,1226,99113,1608,723692,1383,822805,California
Sacramento,2021-07-02,3430,1513489,2289,836819,985,635241,156,41429,1462,98780,1946,725638,1613,824418,California
Sacramento,2021-07-03,1849,1515338,1251,838070,565,635806,33,41462,794,98566,1042,726680,828,825246,California
Sacramento,2021-07-04,156,1515494,62,838132,84,635890,10,41472,66,98552,90,726770,76,825322,California
Sacramento,2021-07-05,1432,1516926,973,839105,424,636314,35,41507,706,98576,717,727487,741,826063,California
Sacramento,2021-07-06,3450,1520376,2438,841543,846,637160,166,41673,1276,97858,2152,729639,1434,827497,California
Sacramento,2021-07-07,3118,1523494,2145,843688,827,637987,146,41819,1307,97514,1791,731430,1447,828944,California
Sacramento,2021-07-08,2705,1526199,1753,845441,784,638771,168,41987,1116,97218,1575,733005,1279,830223,California
Sacramento,2021-07-09,2422,1528621,1598,847039,662,639433,162,42149,981,96934,1424,734429,1140,831363,California
San Benito,2020-12-16,29,29,29,29,0,0,0,0,29,29,0,0,29,29,California
San Benito,2020-12-17,48,77,48,77,0,0,0,0,48,77,0,0,48,77,California
San Benito,2020-12-18,72,149,72,149,0,0,0,0,72,149,0,0,72,149,California
San Benito,2020-12-19,48,197,48,197,0,0,0,0,48,197,0,0,48,197,California
San Benito,2020-12-20,24,221,24,221,0,0,0,0,24,221,0,0,24,221,California
San Benito,2020-12-21,77,298,77,298,0,0,0,0,77,298,0,0,77,298,California
San Benito,2020-12-22,101,399,101,399,0,0,0,0,101,399,0,0,101,399,California
San Benito,2020-12-23,86,485,74,473,12,12,0,0,86,485,0,0,86,485,California
San Benito,2020-12-24,13,498,5,478,8,20,0,0,13,498,0,0,13,498,California
San Benito,2020-12-25,3,501,3,481,0,20,0,0,3,501,0,0,3,501,California
San Benito,2020-12-26,13,514,4,485,9,29,0,0,13,514,0,0,13,514,California
San Benito,2020-12-27,8,522,7,492,1,30,0,0,8,522,0,0,8,522,California
San Benito,2020-12-28,66,588,36,528,30,60,0,0,66,588,0,0,66,588,California
San Benito,2020-12-29,49,637,21,549,28,88,0,0,49,637,0,0,49,637,California
San Benito,2020-12-30,59,696,37,586,22,110,0,0,59,696,0,0,59,696,California
San Benito,2020-12-31,19,715,2,588,17,127,0,0,19,715,0,0,19,715,California
San Benito,2021-01-02,24,739,23,611,1,128,0,0,24,739,0,0,24,739,California
San Benito,2021-01-03,4,743,2,613,2,130,0,0,3,742,0,0,3,742,California
San Benito,2021-01-04,61,804,23,636,38,168,0,0,61,803,0,0,61,803,California
San Benito,2021-01-05,117,921,37,673,80,248,0,0,114,914,3,3,114,917,California
San Benito,2021-01-06,102,1023,42,715,60,308,0,0,87,986,15,18,87,1004,California
San Benito,2021-01-07,107,1130,68,783,39,347,0,0,55,989,52,70,55,1059,California
San Benito,2021-01-08,180,1310,89,872,91,438,0,0,116,1041,64,134,116,1175,California
San Benito,2021-01-09,44,1354,31,903,13,451,0,0,30,1057,14,148,30,1205,California
San Benito,2021-01-10,17,1371,15,918,2,453,0,0,5,1050,12,160,5,1210,California
San Benito,2021-01-11,173,1544,108,1026,65,518,0,0,72,1021,101,261,72,1282,California
San Benito,2021-01-12,161,1705,57,1083,104,622,0,0,121,1102,40,301,121,1403,California
San Benito,2021-01-13,240,1945,68,1151,172,794,0,0,189,1240,51,352,189,1592,California
San Benito,2021-01-14,132,2077,24,1175,108,902,0,0,113,1334,19,371,113,1705,California
San Benito,2021-01-15,217,2294,20,1195,197,1099,0,0,203,1523,14,385,203,1908,California
San Benito,2021-01-16,25,2319,8,1203,17,1116,0,0,20,1538,5,390,20,1928,California
San Benito,2021-01-17,12,2331,5,1208,7,1123,0,0,9,1544,3,393,9,1937,California
San Benito,2021-01-18,37,2368,23,1231,14,1137,0,0,22,1551,15,408,22,1959,California
San Benito,2021-01-19,187,2555,81,1312,106,1243,0,0,149,1662,38,446,149,2108,California
San Benito,2021-01-20,338,2893,102,1414,236,1479,0,0,292,1909,45,491,292,2400,California
San Benito,2021-01-21,146,3039,33,1447,113,1592,0,0,120,2003,26,517,120,2520,California
San Benito,2021-01-22,236,3275,19,1466,217,1809,0,0,226,2219,10,527,226,2746,California
San Benito,2021-01-23,31,3306,17,1483,14,1823,0,0,13,2214,18,545,13,2759,California
San Benito,2021-01-24,28,3334,3,1486,25,1848,0,0,24,2234,4,549,24,2783,California
San Benito,2021-01-25,71,3405,24,1510,47,1895,0,0,23,2209,48,597,23,2806,California
San Benito,2021-01-26,138,3543,41,1551,97,1992,0,0,86,2243,52,649,86,2892,California
San Benito,2021-01-27,230,3773,69,1620,161,2153,0,0,191,2395,39,688,191,3083,California
San Benito,2021-01-28,151,3924,32,1652,119,2272,0,0,120,2485,30,718,120,3203,California
San Benito,2021-01-29,292,4216,33,1685,259,2531,0,0,267,2728,24,742,267,3470,California
San Benito,2021-01-30,52,4268,33,1718,19,2550,0,0,29,2734,23,765,29,3499,California
San Benito,2021-01-31,16,4284,5,1723,11,2561,0,0,11,2740,5,770,11,3510,California
San Benito,2021-02-01,137,4421,29,1752,108,2669,0,0,93,2789,44,814,93,3603,California
San Benito,2021-02-02,229,4650,49,1801,180,2849,0,0,139,2838,90,904,139,3742,California
San Benito,2021-02-03,341,4991,42,1843,299,3148,0,0,273,3043,68,972,273,4015,California
San Benito,2021-02-04,166,5157,22,1865,144,3292,0,0,119,3115,47,1019,119,4134,California
San Benito,2021-02-05,294,5451,40,1905,254,3546,0,0,231,3283,63,1082,231,4365,California
San Benito,2021-02-06,50,5501,9,1914,41,3587,0,0,33,3299,17,1099,33,4398,California
San Benito,2021-02-07,18,5519,9,1923,9,3596,0,0,16,3313,2,1101,16,4414,California
San Benito,2021-02-08,141,5660,18,1941,123,3719,0,0,95,3362,46,1147,95,4509,California
San Benito,2021-02-09,327,5987,64,2005,263,3982,0,0,195,3425,132,1279,195,4704,California
San Benito,2021-02-10,323,6310,89,2094,234,4216,0,0,106,3315,216,1495,106,4810,California
San Benito,2021-02-11,300,6610,33,2127,267,4483,0,0,201,3417,99,1594,201,5011,California
San Benito,2021-02-12,416,7026,32,2159,384,4867,0,0,209,3420,206,1800,209,5220,California
San Benito,2021-02-13,56,7082,7,2166,49,4916,0,0,44,3452,12,1812,44,5264,California
San Benito,2021-02-14,40,7122,5,2171,35,4951,0,0,30,3472,10,1822,30,5294,California
San Benito,2021-02-15,107,7229,9,2180,98,5049,0,0,96,3557,11,1833,96,5390,California
San Benito,2021-02-16,206,7435,11,2191,195,5244,0,0,101,3554,105,1938,102,5492,California
San Benito,2021-02-17,328,7763,29,2220,299,5543,0,0,278,3782,50,1988,278,5770,California
San Benito,2021-02-18,297,8060,39,2259,258,5801,0,0,74,3633,223,2211,74,5844,California
San Benito,2021-02-19,348,8408,48,2307,300,6101,0,0,182,3649,166,2377,182,6026,California
San Benito,2021-02-20,50,8458,28,2335,22,6123,0,0,38,3675,12,2389,38,6064,California
San Benito,2021-02-21,24,8482,9,2344,15,6138,0,0,15,3681,9,2398,15,6079,California
San Benito,2021-02-22,138,8620,37,2381,101,6239,0,0,101,3746,36,2434,101,6180,California
San Benito,2021-02-23,388,9008,97,2478,291,6530,0,0,269,3896,119,2553,269,6449,California
San Benito,2021-02-24,397,9405,75,2553,322,6852,0,0,251,4001,146,2699,251,6700,California
San Benito,2021-02-25,395,9800,63,2616,332,7184,0,0,273,4150,124,2823,273,6973,California
San Benito,2021-02-26,658,10458,77,2693,581,7765,0,0,408,4308,250,3073,408,7381,California
San Benito,2021-02-27,106,10564,41,2734,65,7830,0,0,87,4376,19,3092,87,7468,California
San Benito,2021-02-28,255,10819,31,2765,224,8054,0,0,243,4607,12,3104,243,7711,California
San Benito,2021-03-01,232,11051,61,2826,171,8225,0,0,161,4696,72,3176,161,7872,California
San Benito,2021-03-02,288,11339,95,2921,193,8418,0,0,216,4840,72,3248,216,8088,California
San Benito,2021-03-03,407,11746,64,2985,343,8761,0,0,228,4891,177,3425,228,8316,California
San Benito,2021-03-04,615,12361,125,3110,475,9236,15,15,427,5133,188,3613,430,8746,California
San Benito,2021-03-05,585,12946,307,3417,266,9502,12,27,376,5314,207,3820,388,9134,California
San Benito,2021-03-06,193,13139,69,3486,110,9612,14,41,140,5415,53,3873,154,9288,California
San Benito,2021-03-07,653,13792,603,4089,21,9633,29,70,615,6021,38,3911,644,9932,California
San Benito,2021-03-08,290,14082,66,4155,177,9810,47,117,167,6112,123,4034,214,10146,California
San Benito,2021-03-09,427,14509,82,4237,243,10053,102,219,137,6035,289,4323,212,10358,California
San Benito,2021-03-10,412,14921,121,4358,195,10248,96,315,239,6197,173,4496,335,10693,California
San Benito,2021-03-11,479,15400,127,4485,199,10447,153,468,213,6297,266,4762,366,11059,California
San Benito,2021-03-12,524,15924,124,4609,303,10750,97,565,232,6337,289,5051,329,11388,California
San Benito,2021-03-13,201,16125,99,4708,84,10834,18,583,127,6411,71,5122,145,11533,California
San Benito,2021-03-14,233,16358,40,4748,173,11007,20,603,180,6559,52,5174,200,11733,California
San Benito,2021-03-15,324,16682,98,4846,207,11214,19,622,191,6636,133,5307,210,11943,California
San Benito,2021-03-16,503,17185,218,5064,254,11468,31,653,355,6874,147,5454,385,12328,California
San Benito,2021-03-17,791,17976,479,5543,290,11758,22,675,559,7220,227,5681,573,12901,California
San Benito,2021-03-18,788,18764,526,6069,207,11965,55,730,573,7626,213,5894,619,13520,California
San Benito,2021-03-19,778,19542,402,6471,352,12317,24,754,573,8017,205,6099,596,14116,California
San Benito,2021-03-20,245,19787,147,6618,85,12402,13,767,184,8153,61,6160,197,14313,California
San Benito,2021-03-21,108,19895,56,6674,47,12449,5,772,80,8210,28,6188,85,14398,California
San Benito,2021-03-22,354,20249,173,6847,156,12605,25,797,222,8325,132,6320,247,14645,California
San Benito,2021-03-23,474,20723,197,7044,267,12872,10,807,204,8268,270,6590,213,14858,California
San Benito,2021-03-24,574,21297,303,7347,264,13136,7,814,348,8399,224,6814,355,15213,California
San Benito,2021-03-25,739,22036,440,7787,295,13431,4,818,436,8540,299,7113,440,15653,California
San Benito,2021-03-26,1017,23053,519,8306,493,13924,5,823,331,8191,685,7798,336,15989,California
San Benito,2021-03-27,338,23391,189,8495,117,14041,32,855,220,8326,117,7915,252,16241,California
San Benito,2021-03-28,734,24125,608,9103,121,14162,5,860,129,7855,605,8520,134,16375,California
San Benito,2021-03-29,345,24470,108,9211,217,14379,20,880,144,7818,200,8720,163,16538,California
San Benito,2021-03-30,581,25051,274,9485,214,14593,93,973,294,7918,287,9007,387,16925,California
San Benito,2021-03-31,595,25646,366,9851,205,14798,24,997,335,8019,258,9265,359,17284,California
San Benito,2021-04-01,956,26602,387,10238,530,15328,39,1036,566,8230,388,9653,599,17883,California
San Benito,2021-04-02,541,27143,262,10500,143,15471,136,1172,264,8354,276,9929,400,18283,California
San Benito,2021-04-03,254,27397,87,10587,103,15574,64,1236,75,8314,178,10107,138,18421,California
San Benito,2021-04-04,144,27541,109,10696,30,15604,5,1241,107,8389,37,10144,112,18533,California
San Benito,2021-04-05,353,27894,169,10865,140,15744,44,1285,142,8363,211,10355,185,18718,California
San Benito,2021-04-06,468,28362,164,11029,127,15871,177,1462,163,8397,305,10660,339,19057,California
San Benito,2021-04-07,942,29304,524,11553,227,16098,191,1653,263,8175,676,11336,454,19511,California
San Benito,2021-04-08,870,30174,437,11990,178,16276,255,1908,229,8019,640,11976,484,19995,California
San Benito,2021-04-09,854,31028,506,12496,256,16532,92,2000,298,7854,555,12531,390,20385,California
San Benito,2021-04-10,339,31367,205,12701,77,16609,57,2057,192,7956,147,12678,249,20634,California
San Benito,2021-04-11,481,31848,274,12975,172,16781,35,2092,271,8030,210,12888,284,20918,California
San Benito,2021-04-12,529,32377,285,13260,132,16913,112,2204,278,8166,250,13138,386,21304,California
San Benito,2021-04-13,761,33138,295,13555,443,17356,23,2227,527,8484,233,13371,551,21855,California
San Benito,2021-04-14,836,33974,656,14211,180,17536,0,2227,394,8443,435,13806,394,22249,California
San Benito,2021-04-15,949,34923,737,14948,211,17747,1,2228,476,8450,471,14277,478,22727,California
San Benito,2021-04-16,714,35637,373,15321,333,18080,8,2236,303,8354,408,14685,312,23039,California
San Benito,2021-04-17,322,35959,226,15547,96,18176,0,2236,130,8290,194,14879,130,23169,California
San Benito,2021-04-18,510,36469,429,15976,81,18257,0,2236,249,8280,261,15140,251,23420,California
San Benito,2021-04-19,747,37216,597,16573,150,18407,0,2236,422,8380,323,15463,423,23843,California
San Benito,2021-04-20,788,38004,419,16992,367,18774,2,2238,495,8588,288,15751,496,24339,California
San Benito,2021-04-21,973,38977,721,17713,252,19026,0,2238,524,8678,434,16185,524,24863,California
San Benito,2021-04-22,907,39884,699,18412,208,19234,0,2238,567,8913,332,16517,567,25430,California
San Benito,2021-04-23,644,40528,409,18821,234,19468,1,2239,342,9002,253,16770,342,25772,California
San Benito,2021-04-24,362,40890,202,19023,160,19628,0,2239,166,9012,156,16926,166,25938,California
San Benito,2021-04-25,203,41093,127,19150,76,19704,0,2239,94,9015,91,17017,94,26032,California
San Benito,2021-04-26,498,41591,395,19545,103,19807,0,2239,260,9098,177,17194,260,26292,California
San Benito,2021-04-27,561,42152,287,19832,267,20074,7,2246,409,9372,142,17336,416,26708,California
San Benito,2021-04-28,557,42709,393,20225,155,20229,9,2255,390,9608,162,17498,398,27106,California
San Benito,2021-04-29,634,43343,234,20459,390,20619,10,2265,254,9510,379,17877,281,27387,California
San Benito,2021-04-30,384,43727,215,20674,162,20781,7,2272,208,9551,174,18051,215,27602,California
San Benito,2021-05-01,195,43922,142,20816,44,20825,9,2281,65,9496,129,18180,74,27676,California
San Benito,2021-05-02,190,44112,160,20976,26,20851,4,2285,58,9426,132,18312,62,27738,California
San Benito,2021-05-03,360,44472,284,21260,66,20917,10,2295,86,9250,274,18586,98,27836,California
San Benito,2021-05-04,417,44889,257,21517,152,21069,8,2303,151,9144,264,18850,158,27994,California
San Benito,2021-05-05,611,45500,432,21949,163,21232,16,2319,217,8987,390,19240,233,28227,California
San Benito,2021-05-06,624,46124,497,22446,112,21344,15,2334,225,8832,395,19635,240,28467,California
San Benito,2021-05-07,454,46578,291,22737,153,21497,10,2344,174,8739,278,19913,185,28652,California
San Benito,2021-05-08,279,46857,228,22965,46,21543,5,2349,155,8775,124,20037,160,28812,California
San Benito,2021-05-09,111,46968,86,23051,22,21565,3,2352,47,8762,63,20100,50,28862,California
San Benito,2021-05-10,411,47379,322,23373,65,21630,24,2376,53,8482,358,20458,78,28940,California
San Benito,2021-05-11,837,48216,425,23798,396,22026,16,2392,191,8046,644,21102,208,29148,California
San Benito,2021-05-12,518,48734,413,24211,92,22118,13,2405,124,7791,393,21495,138,29286,California
San Benito,2021-05-13,739,49473,632,24843,90,22208,17,2422,212,7494,525,22020,228,29514,California
San Benito,2021-05-14,601,50074,445,25288,149,22357,7,2429,231,7364,368,22388,238,29752,California
San Benito,2021-05-15,227,50301,171,25459,50,22407,6,2435,126,7395,101,22489,132,29884,California
San Benito,2021-05-16,173,50474,145,25604,26,22433,2,2437,97,7418,76,22565,99,29983,California
San Benito,2021-05-17,388,50862,312,25916,67,22500,9,2446,177,7396,208,22773,186,30169,California
San Benito,2021-05-18,674,51536,356,26272,313,22813,5,2451,212,7152,462,23235,218,30387,California
San Benito,2021-05-19,571,52107,420,26692,143,22956,8,2459,230,7049,341,23576,238,30625,California
San Benito,2021-05-20,593,52700,470,27162,112,23068,11,2470,315,7098,277,23853,326,30951,California
San Benito,2021-05-21,464,53164,273,27435,175,23243,16,2486,213,7078,249,24102,229,31180,California
San Benito,2021-05-22,298,53462,226,27661,67,23310,5,2491,184,7156,112,24214,190,31370,California
San Benito,2021-05-23,100,53562,62,27723,34,23344,4,2495,37,7133,63,24277,40,31410,California
San Benito,2021-05-24,306,53868,257,27980,42,23386,7,2502,190,7214,116,24393,197,31607,California
San Benito,2021-05-25,527,54395,241,28221,279,23665,7,2509,170,7036,355,24748,177,31784,California
San Benito,2021-05-26,312,54707,196,28417,109,23774,7,2516,125,6981,186,24934,131,31915,California
San Benito,2021-05-27,408,55115,312,28729,73,23847,23,2539,151,6901,257,25191,177,32092,California
San Benito,2021-05-28,287,55402,177,28906,103,23950,7,2546,110,6842,176,25367,117,32209,California
San Benito,2021-05-29,151,55553,129,29035,20,23970,2,2548,66,6825,85,25452,68,32277,California
San Benito,2021-05-30,270,55823,253,29288,17,23987,0,2548,91,6738,178,25630,91,32368,California
San Benito,2021-05-31,100,55923,87,29375,11,23998,2,2550,43,6727,56,25686,45,32413,California
San Benito,2021-06-01,267,56190,121,29496,120,24118,26,2576,86,6658,180,25866,111,32524,California
San Benito,2021-06-02,322,56512,244,29740,76,24194,2,2578,110,6560,211,26077,113,32637,California
San Benito,2021-06-03,341,56853,290,30030,45,24239,6,2584,101,6429,238,26315,107,32744,California
San Benito,2021-06-04,273,57126,206,30236,67,24306,0,2584,87,6331,185,26500,87,32831,California
San Benito,2021-06-05,95,57221,77,30313,17,24323,1,2585,23,6284,71,26571,24,32855,California
San Benito,2021-06-06,59,57280,49,30362,7,24330,3,2588,13,6254,46,26617,16,32871,California
San Benito,2021-06-07,339,57619,299,30661,35,24365,5,2593,85,6092,252,26869,90,32961,California
San Benito,2021-06-08,309,57928,217,30878,77,24442,15,2608,94,5987,214,27083,109,33070,California
San Benito,2021-06-09,241,58169,189,31067,44,24486,8,2616,68,5890,173,27256,76,33146,California
San Benito,2021-06-10,360,58529,332,31399,21,24507,7,2623,74,5687,284,27540,81,33227,California
San Benito,2021-06-11,270,58799,229,31628,21,24528,20,2643,92,5622,177,27717,112,33339,California
San Benito,2021-06-12,160,58959,146,31774,10,24538,4,2647,48,5577,97,27814,52,33391,California
San Benito,2021-06-13,53,59012,41,31815,10,24548,2,2649,16,5565,30,27844,18,33409,California
San Benito,2021-06-14,182,59194,151,31966,26,24574,5,2654,61,5511,119,27963,65,33474,California
San Benito,2021-06-15,222,59416,129,32095,87,24661,6,2660,78,5454,142,28105,85,33559,California
San Benito,2021-06-16,213,59629,170,32265,29,24690,14,2674,72,5400,140,28245,86,33645,California
San Benito,2021-06-17,251,59880,207,32472,17,24707,27,2701,78,5333,173,28418,106,33751,California
San Benito,2021-06-18,160,60040,103,32575,50,24757,7,2708,65,5310,95,28513,72,33823,California
San Benito,2021-06-19,114,60154,108,32683,6,24763,0,2708,48,5292,66,28579,48,33871,California
San Benito,2021-06-20,38,60192,36,32719,2,24765,0,2708,18,5290,20,28599,18,33889,California
San Benito,2021-06-21,113,60305,83,32802,15,24780,15,2723,59,5310,53,28652,73,33962,California
San Benito,2021-06-22,206,60511,125,32927,60,24840,21,2744,75,5275,130,28782,95,34057,California
San Benito,2021-06-23,150,60661,113,33040,27,24867,10,2754,61,5257,89,28871,71,34128,California
San Benito,2021-06-24,191,60852,163,33203,15,24882,13,2767,81,5242,109,28980,94,34222,California
San Benito,2021-06-25,151,61003,120,33323,29,24911,2,2769,64,5222,87,29067,67,34289,California
San Benito,2021-06-26,76,61079,61,33384,14,24925,1,2770,33,5214,42,29109,34,34323,California
San Benito,2021-06-27,58,61137,51,33435,2,24927,5,2775,24,5209,34,29143,29,34352,California
San Benito,2021-06-28,123,61260,100,33535,19,24946,4,2779,51,5192,72,29215,55,34407,California
San Benito,2021-06-29,110,61370,55,33590,43,24989,12,2791,40,5174,70,29285,52,34459,California
San Benito,2021-06-30,136,61506,111,33701,18,25007,7,2798,52,5150,83,29368,59,34518,California
San Benito,2021-07-01,132,61638,103,33804,20,25027,9,2807,53,5132,78,29446,60,34578,California
San Benito,2021-07-02,131,61769,74,33878,45,25072,12,2819,54,5121,77,29523,66,34644,California
San Benito,2021-07-03,99,61868,94,33972,4,25076,1,2820,53,5129,46,29569,54,34698,California
San Benito,2021-07-04,14,61882,13,33985,1,25077,0,2820,6,5127,8,29577,6,34704,California
San Benito,2021-07-05,93,61975,80,34065,12,25089,1,2821,45,5125,48,29625,46,34750,California
San Benito,2021-07-06,119,62094,59,34124,52,25141,8,2829,46,5106,73,29698,54,34804,California
San Benito,2021-07-07,146,62240,108,34232,36,25177,2,2831,51,5066,93,29791,53,34857,California
San Benito,2021-07-08,98,62338,81,34313,13,25190,4,2835,45,5063,52,29843,49,34906,California
San Benito,2021-07-09,58,62396,38,34351,17,25207,3,2838,26,5060,32,29875,29,34935,California
San Bernardino,2020-12-15,13,13,13,13,0,0,0,0,13,13,0,0,13,13,California
San Bernardino,2020-12-16,114,127,114,127,0,0,0,0,114,127,0,0,114,127,California
San Bernardino,2020-12-17,2377,2504,2377,2504,0,0,0,0,2377,2504,0,0,2377,2504,California
San Bernardino,2020-12-18,3174,5678,3171,5675,3,3,0,0,3175,5679,0,0,3175,5679,California
San Bernardino,2020-12-19,1077,6755,1076,6751,1,4,0,0,1078,6757,0,0,1078,6757,California
San Bernardino,2020-12-20,1185,7940,1181,7932,4,8,0,0,1185,7942,0,0,1185,7942,California
San Bernardino,2020-12-21,2467,10407,2460,10392,7,15,0,0,2467,10409,0,0,2467,10409,California
San Bernardino,2020-12-22,2280,12687,2151,12543,129,144,0,0,2281,12690,0,0,2281,12690,California
San Bernardino,2020-12-23,2682,15369,1473,14016,1209,1353,0,0,2680,15370,0,0,2680,15370,California
San Bernardino,2020-12-24,1165,16534,584,14600,581,1934,0,0,1166,16535,1,1,1166,16536,California
San Bernardino,2020-12-25,76,16610,15,14615,61,1995,0,0,76,16611,0,1,76,16612,California
San Bernardino,2020-12-26,466,17076,255,14870,211,2206,0,0,466,17077,0,1,466,17078,California
San Bernardino,2020-12-27,351,17427,164,15034,187,2393,0,0,350,17426,1,2,350,17428,California
San Bernardino,2020-12-28,1594,19021,701,15735,893,3286,0,0,1595,19021,0,2,1595,19023,California
San Bernardino,2020-12-29,2259,21280,1048,16783,1211,4497,0,0,2259,21280,0,2,2259,21282,California
San Bernardino,2020-12-30,2933,24213,1462,18245,1471,5968,0,0,2933,24213,0,2,2933,24215,California
San Bernardino,2020-12-31,1386,25599,441,18686,945,6913,0,0,1384,25597,0,2,1384,25599,California
San Bernardino,2021-01-01,258,25857,152,18838,106,7019,0,0,257,25854,0,2,257,25856,California
San Bernardino,2021-01-02,488,26345,345,19183,143,7162,0,0,488,26342,0,2,488,26344,California
San Bernardino,2021-01-03,173,26518,88,19271,85,7247,0,0,173,26515,0,2,173,26517,California
San Bernardino,2021-01-04,2150,28668,1293,20564,857,8104,0,0,2149,28664,0,2,2149,28666,California
San Bernardino,2021-01-05,2349,31017,1463,22027,886,8990,0,0,2236,30789,111,113,2236,30902,California
San Bernardino,2021-01-06,3470,34487,2363,24390,1107,10097,0,0,2969,33264,495,608,2970,33872,California
San Bernardino,2021-01-07,5457,39944,4519,28909,938,11035,0,0,2491,32808,2947,3555,2491,36363,California
San Bernardino,2021-01-08,5402,45346,4470,33379,932,11967,0,0,2301,32013,3097,6652,2302,38665,California
San Bernardino,2021-01-09,1410,46756,1104,34483,306,12273,0,0,908,32419,502,7154,908,39573,California
San Bernardino,2021-01-10,1030,47786,601,35084,429,12702,0,0,578,32545,452,7606,578,40151,California
San Bernardino,2021-01-11,5002,52788,4088,39172,914,13616,0,0,2780,33106,2219,9825,2780,42931,California
San Bernardino,2021-01-12,4258,57046,3233,42405,1025,14641,0,0,2530,33910,1726,11551,2530,45461,California
San Bernardino,2021-01-13,4615,61661,2836,45241,1779,16420,0,0,3384,36076,1219,12770,3385,48846,California
San Bernardino,2021-01-14,4893,66554,2817,48058,2076,18496,0,0,4302,39791,587,13357,4302,53148,California
San Bernardino,2021-01-15,6010,72564,2960,51018,3050,21546,0,0,5609,45012,391,13748,5612,58760,California
San Bernardino,2021-01-16,2274,74838,1290,52308,984,22530,0,0,2130,46998,144,13892,2130,60890,California
San Bernardino,2021-01-17,1190,76028,506,52814,684,23214,0,0,1107,48024,82,13974,1108,61998,California
San Bernardino,2021-01-18,4295,80323,2632,55446,1663,24877,0,0,3664,51059,631,14605,3666,65664,California
San Bernardino,2021-01-19,6368,86691,3446,58892,2922,27799,0,0,5269,55233,1097,15702,5271,70935,California
San Bernardino,2021-01-20,6919,93610,3785,62677,3134,30933,0,0,4948,58222,1961,17663,4950,75885,California
San Bernardino,2021-01-21,6043,99653,3092,65769,2951,33884,0,0,4911,62014,1122,18785,4914,80799,California
San Bernardino,2021-01-22,6617,106270,3056,68825,3561,37445,0,0,5885,67170,730,19515,5886,86685,California
San Bernardino,2021-01-23,3143,109413,1894,70719,1249,38694,0,0,2736,69500,406,19921,2736,89421,California
San Bernardino,2021-01-24,1212,110625,462,71181,750,39444,0,0,1108,70504,104,20025,1108,90529,California
San Bernardino,2021-01-25,6971,117596,3416,74597,3555,42999,0,0,5100,73740,1867,21892,5103,95632,California
San Bernardino,2021-01-26,7205,124801,3548,78145,3657,46656,0,0,5019,76576,2185,24077,5021,100653,California
San Bernardino,2021-01-27,8672,133473,4156,82301,4516,51172,0,0,5788,79489,2875,26952,5788,106441,California
San Bernardino,2021-01-28,8680,142153,4085,86386,4595,55767,0,0,6329,83476,2342,29294,6329,112770,California
San Bernardino,2021-01-29,8234,150387,3745,90131,4489,60256,0,0,6228,87715,1990,31284,6229,118999,California
San Bernardino,2021-01-30,3097,153484,1875,92006,1222,61478,0,0,2802,90224,294,31578,2803,121802,California
San Bernardino,2021-01-31,915,154399,468,92474,447,61925,0,0,856,91022,58,31636,856,122658,California
San Bernardino,2021-02-01,7628,162027,4250,96724,3378,65303,0,0,4940,93280,2683,34319,4941,127599,California
San Bernardino,2021-02-02,10582,172609,3674,100398,6908,72211,0,0,8464,99632,2114,36433,8466,136065,California
San Bernardino,2021-02-03,9083,181692,4137,104535,4946,77157,0,0,6538,103635,2536,38969,6539,142604,California
San Bernardino,2021-02-04,10587,192279,5190,109725,5397,82554,0,0,7442,107944,3134,42103,7443,150047,California
San Bernardino,2021-02-05,11137,203416,5960,115685,5177,87731,0,0,7539,111898,3586,45689,7540,157587,California
San Bernardino,2021-02-06,5292,208708,2217,117902,3075,90806,0,0,3649,113937,1613,47302,3652,161239,California
San Bernardino,2021-02-07,858,209566,498,118400,360,91166,0,0,477,114037,378,47680,478,161717,California
San Bernardino,2021-02-08,7340,216906,3905,122305,3435,94601,0,0,5647,117993,1691,49371,5647,167364,California
San Bernardino,2021-02-09,10182,227088,5633,127938,4549,99150,0,0,6854,121799,3052,52423,6858,174222,California
San Bernardino,2021-02-10,12213,239301,6490,134428,5723,104873,0,0,8045,125689,4156,56579,8046,182268,California
San Bernardino,2021-02-11,12551,251852,7183,141611,5368,110241,0,0,7967,129103,4557,61136,7971,190239,California
San Bernardino,2021-02-12,10625,262477,5956,147567,4669,114910,0,0,5786,130117,4775,65911,5789,196028,California
San Bernardino,2021-02-13,6129,268606,4074,151641,2055,116965,0,0,3840,131691,2271,68182,3845,199873,California
San Bernardino,2021-02-14,1583,270189,669,152310,914,117879,0,0,889,131894,687,68869,890,200763,California
San Bernardino,2021-02-15,5537,275726,3015,155325,2522,120401,0,0,3080,132531,2443,71312,3080,203843,California
San Bernardino,2021-02-16,12766,288492,7456,162781,5310,125711,0,0,8033,135848,4720,76032,8037,211880,California
San Bernardino,2021-02-17,11955,300447,6535,169316,5420,131131,0,0,7194,138308,4739,80771,7199,219079,California
San Bernardino,2021-02-18,12647,313094,7663,176979,4984,136115,0,0,7805,141293,4822,85593,7807,226886,California
San Bernardino,2021-02-19,11831,324925,6058,183037,5773,141888,0,0,6978,143443,4830,90423,6980,233866,California
San Bernardino,2021-02-20,4625,329550,3546,186583,1079,142967,0,0,2074,142979,2541,92964,2077,235943,California
San Bernardino,2021-02-21,1194,330744,717,187300,477,143444,0,0,417,142620,777,93741,418,236361,California
San Bernardino,2021-02-22,9115,339859,5628,192928,3487,146931,0,0,4185,141898,4908,98649,4186,240547,California
San Bernardino,2021-02-23,9825,349684,5954,198882,3871,150802,0,0,4950,142013,4841,103490,4956,245503,California
San Bernardino,2021-02-24,12977,362661,7464,206346,5513,156315,0,0,6312,141690,6641,110131,6318,251821,California
San Bernardino,2021-02-25,13502,376163,6449,212795,7053,163368,0,0,7783,143780,5697,115828,7787,259608,California
San Bernardino,2021-02-26,14001,390164,6532,219327,7469,170837,0,0,7773,145403,6158,121986,7781,267389,California
San Bernardino,2021-02-27,6733,396897,3759,223086,2972,173809,2,2,4829,148347,1891,123877,4835,272224,California
San Bernardino,2021-02-28,1796,398693,754,223840,1042,174851,0,2,1149,148863,635,124512,1151,273375,California
San Bernardino,2021-03-01,8545,407238,4396,228236,4144,178995,5,7,3893,148149,4623,129135,3909,277284,California
San Bernardino,2021-03-02,13973,421211,5526,233762,8447,187442,0,7,6551,147325,7385,136520,6561,283845,California
San Bernardino,2021-03-03,13181,434392,6701,240463,6476,193918,4,11,6209,146600,6947,143467,6222,290067,California
San Bernardino,2021-03-04,14054,448446,6901,247364,7152,201070,1,12,6083,144745,7947,151414,6092,296159,California
San Bernardino,2021-03-05,14561,463007,7531,254895,7028,208098,2,14,7073,144391,7450,158864,7096,303255,California
San Bernardino,2021-03-06,9774,472781,5483,260378,4062,212160,229,243,4555,143972,5199,164063,4780,308035,California
San Bernardino,2021-03-07,1778,474559,1029,261407,617,212777,132,375,1083,144497,692,164755,1217,309252,California
San Bernardino,2021-03-08,8199,482758,3612,265019,4402,217179,185,560,3639,143773,4551,169306,3827,313079,California
San Bernardino,2021-03-09,13162,495920,7526,272545,5379,222558,257,817,5274,141433,7873,177179,5533,318612,California
San Bernardino,2021-03-10,14260,510180,7872,280417,5833,228391,555,1372,6343,140447,7887,185066,6901,325513,California
San Bernardino,2021-03-11,15717,525897,7290,287707,6821,235212,1606,2978,7390,141135,8304,193370,8992,334505,California
San Bernardino,2021-03-12,15651,541548,6974,294681,6623,241835,2054,5032,7336,142289,8279,201649,9433,343938,California
San Bernardino,2021-03-13,8413,549961,4581,299262,3317,245152,515,5547,4966,144340,3432,205081,5483,349421,California
San Bernardino,2021-03-14,3313,553274,1680,300942,1050,246202,583,6130,1835,145285,1468,206549,2413,351834,California
San Bernardino,2021-03-15,11444,564718,5385,306327,4026,250228,2033,8163,5372,146630,6052,212601,7397,359231,California
San Bernardino,2021-03-16,16288,581006,8062,314389,7283,257511,943,9106,9837,150998,6419,219020,10787,370018,California
San Bernardino,2021-03-17,17522,598528,8708,323097,8064,265575,750,9856,10521,155293,6975,225995,11270,381288,California
San Bernardino,2021-03-18,16801,615329,8301,331398,8108,273683,392,10248,9859,158630,6910,232905,10247,391535,California
San Bernardino,2021-03-19,17126,632455,8498,339896,8032,281715,596,10844,9737,161657,7355,240260,10382,401917,California
San Bernardino,2021-03-20,9566,642021,5986,345882,2977,284692,603,11447,5659,164034,3879,244139,6256,408173,California
San Bernardino,2021-03-21,2856,644877,2308,348190,496,285188,52,11499,2277,165800,563,244702,2329,410502,California
San Bernardino,2021-03-22,9746,654623,4602,352792,4708,289896,436,11935,7039,170596,2679,247381,7475,417977,California
San Bernardino,2021-03-23,15705,670328,8896,361688,6188,296084,621,12556,9638,174812,6040,253421,10256,428233,California
San Bernardino,2021-03-24,15240,685568,7835,369523,7097,303181,308,12864,9978,179880,5219,258640,10287,438520,California
San Bernardino,2021-03-25,17139,702707,8391,377914,8441,311622,307,13171,10733,184568,6346,264986,11034,449554,California
San Bernardino,2021-03-26,18386,721093,8714,386628,8903,320525,769,13940,10916,188817,7438,272424,11687,461241,California
San Bernardino,2021-03-27,10899,731992,7031,393659,3112,323637,756,14696,6188,191073,4686,277110,6942,468183,California
San Bernardino,2021-03-28,3653,735645,2564,396223,974,324611,115,14811,2530,192605,1113,278223,2645,470828,California
San Bernardino,2021-03-29,12089,747734,6145,402368,5542,330153,402,15213,7961,196866,4101,282324,8362,479190,California
San Bernardino,2021-03-30,17043,764777,9506,411874,6818,336971,719,15932,10533,201639,6468,288792,11241,490431,California
San Bernardino,2021-03-31,16651,781428,9370,421244,6639,343610,642,16574,10872,207408,5742,294534,11511,501942,California
San Bernardino,2021-04-01,19882,801310,10492,431736,7959,351569,1431,18005,12718,214432,7115,301649,14139,516081,California
San Bernardino,2021-04-02,18938,820248,9537,441273,8109,359678,1292,19297,11403,219667,7501,309150,12736,528817,California
San Bernardino,2021-04-03,11181,831429,6995,448268,3039,362717,1147,20444,6069,221780,5092,314242,7205,536022,California
San Bernardino,2021-04-04,2514,833943,1519,449787,743,363460,252,20696,1258,222043,1246,315488,1509,537531,California
San Bernardino,2021-04-05,11894,845837,5316,455103,4786,368246,1792,22488,6019,224000,5848,321336,7805,545336,California
San Bernardino,2021-04-06,19889,865726,11187,466290,6576,374822,2126,24614,10480,227233,9359,330695,12592,557928,California
San Bernardino,2021-04-07,21231,886957,11409,477699,7320,382142,2502,27116,11534,231591,9662,340357,14020,571948,California
San Bernardino,2021-04-08,22115,909072,11344,489043,8131,390273,2640,29756,12094,236321,9989,350346,14719,586667,California
San Bernardino,2021-04-09,22002,931074,11178,500221,8187,398460,2637,32393,11921,240822,10038,360384,14539,601206,California
San Bernardino,2021-04-10,15749,946823,8153,508374,3869,402329,3727,36120,7818,244444,7906,368290,11528,612734,California
San Bernardino,2021-04-11,4464,951287,2597,510971,897,403226,970,37090,2049,245047,2408,370698,3011,615745,California
San Bernardino,2021-04-12,13545,964832,6258,517229,5614,408840,1673,38763,6415,246027,7103,377801,8083,623828,California
San Bernardino,2021-04-13,19497,984329,11107,528336,8371,417211,19,38782,11187,248958,8278,386079,11209,635037,California
San Bernardino,2021-04-14,19573,1003902,10441,538777,9129,426340,3,38785,11007,251444,8527,394606,11013,646050,California
San Bernardino,2021-04-15,20662,1024564,11537,550314,9119,435459,6,38791,10936,252707,9680,404286,10943,656993,California
San Bernardino,2021-04-16,18935,1043499,10709,561023,8225,443684,1,38792,9261,252346,9624,413910,9263,666256,California
San Bernardino,2021-04-17,12103,1055602,7977,569000,4126,447810,0,38792,6287,252864,5769,419679,6287,672543,California
San Bernardino,2021-04-18,3249,1058851,2317,571317,932,448742,0,38792,1389,252409,1844,421523,1389,673932,California
San Bernardino,2021-04-19,12746,1071597,6810,578127,5936,454678,0,38792,4940,249578,7776,429299,4945,678877,California
San Bernardino,2021-04-20,18302,1089899,10367,588494,7932,462610,3,38795,8279,247874,9988,439287,8284,687161,California
San Bernardino,2021-04-21,19107,1109006,11231,599725,7874,470484,2,38797,8328,245498,10709,449996,8333,695494,California
San Bernardino,2021-04-22,19682,1128688,11408,611133,8270,478754,4,38801,7965,241811,11659,461655,7972,703466,California
San Bernardino,2021-04-23,18948,1147636,10993,622126,7954,486708,1,38802,8177,239277,10714,472369,8180,711646,California
San Bernardino,2021-04-24,12890,1160526,9493,631619,3395,490103,2,38804,6931,240270,5940,478309,6933,718579,California
San Bernardino,2021-04-25,3428,1163954,2240,633859,1188,491291,0,38804,1683,240227,1729,480038,1686,720265,California
San Bernardino,2021-04-26,11388,1175342,6225,640084,5073,496364,90,38894,4840,238654,6504,486542,4931,725196,California
San Bernardino,2021-04-27,16793,1192135,10172,650256,6408,502772,213,39107,6873,235867,9873,496415,7086,732282,California
San Bernardino,2021-04-28,15188,1207323,9167,659423,5743,508515,278,39385,5467,231911,9692,506107,5736,738018,California
San Bernardino,2021-04-29,16624,1223947,9702,669125,6653,515168,269,39654,5575,226743,11009,517116,5841,743859,California
San Bernardino,2021-04-30,16887,1240834,10757,679882,5850,521018,280,39934,6283,222741,10563,527679,6561,750420,California
San Bernardino,2021-05-01,10786,1251620,8429,688311,2043,523061,314,40248,3734,219742,7042,534721,4043,754463,California
San Bernardino,2021-05-02,2957,1254577,2137,690448,688,523749,132,40380,1051,219031,1892,536613,1181,755644,California
San Bernardino,2021-05-03,10081,1264658,5802,696250,3874,527623,405,40785,2905,215178,7164,543777,3311,758955,California
San Bernardino,2021-05-04,16047,1280705,9847,706097,5742,533365,458,41243,4681,208991,11323,555100,5136,764091,California
San Bernardino,2021-05-05,15761,1296466,9214,715311,6134,539499,413,41656,4452,202593,11258,566358,4860,768951,California
San Bernardino,2021-05-06,16082,1312548,9269,724580,6398,545897,415,42071,4399,195769,11636,577994,4812,773763,California
San Bernardino,2021-05-07,15711,1328259,8882,733462,6452,552349,377,42448,4674,189841,10973,588967,5045,778808,California
San Bernardino,2021-05-08,9592,1337851,6436,739898,2889,555238,267,42715,3304,187161,6251,595218,3571,782379,California
San Bernardino,2021-05-09,2079,1339930,1379,741277,609,555847,91,42806,833,186845,1240,596458,924,783303,California
San Bernardino,2021-05-10,7689,1347619,3569,744846,3803,559650,317,43123,2369,184258,5271,601729,2684,785987,California
San Bernardino,2021-05-11,12625,1360244,7089,751935,5175,564825,361,43484,4040,180120,8539,610268,4401,790388,California
San Bernardino,2021-05-12,12845,1373089,7039,758974,5487,570312,319,43803,3654,174952,9139,619407,3971,794359,California
San Bernardino,2021-05-13,13519,1386608,8209,767183,4959,575271,351,44154,5295,172415,8176,627583,5639,799998,California
San Bernardino,2021-05-14,14023,1400631,9383,776566,4301,579572,339,44493,5815,170419,8150,635733,6154,806152,California
San Bernardino,2021-05-15,11446,1412077,8527,785093,2730,582302,189,44682,4658,168505,6755,642488,4841,810993,California
San Bernardino,2021-05-16,3126,1415203,2382,787475,681,582983,63,44745,1561,168584,1545,644033,1624,812617,California
San Bernardino,2021-05-17,10124,1425327,6820,794295,3011,585994,293,45038,4486,167761,5598,649631,4775,817392,California
San Bernardino,2021-05-18,13796,1439123,9161,803456,4387,590381,248,45286,6183,166607,7581,657212,6427,823819,California
San Bernardino,2021-05-19,11584,1450707,7262,810718,3942,594323,380,45666,5223,165884,6321,663533,5598,829417,California
San Bernardino,2021-05-20,11642,1462349,6972,817690,4351,598674,319,45985,5036,164677,6562,670095,5355,834772,California
San Bernardino,2021-05-21,12616,1474965,8353,826043,3881,602555,382,46367,5350,163191,7213,677308,5727,840499,California
San Bernardino,2021-05-22,8950,1483915,6708,832751,2034,604589,208,46575,4288,163067,4616,681924,4492,844991,California
San Bernardino,2021-05-23,2452,1486367,1562,834313,798,605387,92,46667,1139,162997,1300,683224,1230,846221,California
San Bernardino,2021-05-24,6978,1493345,4473,838786,2199,607586,306,46973,3087,162554,3835,687059,3392,849613,California
San Bernardino,2021-05-25,9346,1502691,5732,844518,3357,610943,257,47230,4113,161725,5195,692254,4366,853979,California
San Bernardino,2021-05-26,8249,1510940,5239,849757,2758,613701,252,47482,3743,161253,4460,696714,3988,857967,California
San Bernardino,2021-05-27,7682,1518622,4667,854424,2777,616478,238,47720,3453,160758,4186,700900,3691,861658,California
San Bernardino,2021-05-28,8827,1527449,5488,859912,3061,619539,278,47998,4377,161007,4404,705304,4653,866311,California
San Bernardino,2021-05-29,5083,1532532,3392,863304,1572,621111,119,48117,2579,161218,2486,707790,2697,869008,California
San Bernardino,2021-05-30,1753,1534285,1240,864544,434,621545,79,48196,852,161255,893,708683,930,869938,California
San Bernardino,2021-05-31,899,1535184,572,865116,310,621855,17,48213,320,161020,573,709256,338,870276,California
San Bernardino,2021-06-01,8658,1543842,5564,870680,2848,624703,246,48459,3372,159406,5229,714485,3615,873891,California
San Bernardino,2021-06-02,6854,1550696,4312,874992,2301,627004,241,48700,2888,158599,3932,718417,3125,877016,California
San Bernardino,2021-06-03,7980,1558676,5391,880383,2390,629394,199,48899,2704,156249,5253,723670,2903,879919,California
San Bernardino,2021-06-04,9153,1567829,6190,886573,2671,632065,292,49191,3140,153716,5964,729634,3431,883350,California
San Bernardino,2021-06-05,6563,1574392,5015,891588,1421,633486,127,49318,2251,151798,4293,733927,2375,885725,California
San Bernardino,2021-06-06,2040,1576432,1704,893292,272,633758,64,49382,672,151175,1359,735286,736,886461,California
San Bernardino,2021-06-07,6318,1582750,4915,898207,1189,634947,214,49596,1973,149041,4319,739605,2185,888646,California
San Bernardino,2021-06-08,8445,1591195,6133,904340,2087,637034,225,49821,2607,146099,5768,745373,2826,891472,California
San Bernardino,2021-06-09,7028,1598223,5003,909343,1832,638866,193,50014,2278,143874,4697,750070,2472,893944,California
San Bernardino,2021-06-10,7100,1605323,5014,914357,1882,640748,204,50218,2236,141495,4817,754887,2438,896382,California
San Bernardino,2021-06-11,8066,1613389,5634,919991,2200,642948,232,50450,2914,139531,5108,759995,3144,899526,California
San Bernardino,2021-06-12,5914,1619303,4657,924648,1135,644083,122,50572,1710,137186,4179,764174,1834,901360,California
San Bernardino,2021-06-13,1497,1620800,1062,925710,364,644447,71,50643,403,136569,1090,765264,473,901833,California
San Bernardino,2021-06-14,4931,1625731,3563,929273,1147,645594,221,50864,1805,135496,3097,768361,2024,903857,California
San Bernardino,2021-06-15,7187,1632918,5078,934351,1860,647454,249,51113,2566,133736,4570,772931,2810,906667,California
San Bernardino,2021-06-16,6366,1639284,4537,938888,1607,649061,222,51335,2338,132318,3978,776909,2560,909227,California
San Bernardino,2021-06-17,5672,1644956,3985,942873,1525,650586,162,51497,2216,131277,3419,780328,2378,911605,California
San Bernardino,2021-06-18,6884,1651840,4626,947499,2017,652603,241,51738,2584,129835,4264,784592,2822,914427,California
San Bernardino,2021-06-19,4067,1655907,3038,950537,897,653500,132,51870,1750,129419,2295,786887,1879,916306,California
San Bernardino,2021-06-20,1465,1657372,1126,951663,279,653779,60,51930,584,129189,874,787761,644,916950,California
San Bernardino,2021-06-21,3603,1660975,2335,953998,1038,654817,230,52160,2013,129856,1574,789335,2241,919191,California
San Bernardino,2021-06-22,5693,1666668,3873,957871,1604,656421,216,52376,2281,128969,3386,792721,2499,921690,California
San Bernardino,2021-06-23,5061,1671729,3589,961460,1272,657693,200,52576,2130,128394,2901,795622,2326,924016,California
San Bernardino,2021-06-24,4884,1676613,3391,964851,1281,658974,212,52788,2085,127919,2767,798389,2292,926308,California
San Bernardino,2021-06-25,5850,1682463,4129,968980,1514,660488,207,52995,2548,127397,3273,801662,2751,929059,California
San Bernardino,2021-06-26,3578,1686041,2727,971707,775,661263,76,53071,1663,127241,1894,803556,1738,930797,California
San Bernardino,2021-06-27,1453,1687494,1157,972864,244,661507,52,53123,677,127200,770,804326,729,931526,California
San Bernardino,2021-06-28,3493,1690987,2754,975618,589,662096,150,53273,1712,127294,1767,806093,1861,933387,California
San Bernardino,2021-06-29,5218,1696205,3772,979390,1261,663357,185,53458,2375,127028,2820,808913,2554,935941,California
San Bernardino,2021-06-30,4599,1700804,3240,982630,1186,664543,173,53631,2297,127217,2277,811190,2466,938407,California
San Bernardino,2021-07-01,4174,1704978,2998,985628,1010,665553,166,53797,2064,127358,2089,813279,2230,940637,California
San Bernardino,2021-07-02,5135,1710113,3687,989315,1293,666846,155,53952,2422,127258,2677,815956,2577,943214,California
San Bernardino,2021-07-03,2547,1712660,1920,991235,572,667418,55,54007,1225,127231,1307,817263,1280,944494,California
San Bernardino,2021-07-04,211,1712871,145,991380,62,667480,4,54011,113,127251,97,817360,117,944611,California
San Bernardino,2021-07-05,2288,1715159,1766,993146,470,667950,52,54063,1116,127261,1158,818518,1168,945779,California
San Bernardino,2021-07-06,5084,1720243,3771,996917,1151,669101,162,54225,2215,126787,2851,821369,2377,948156,California
San Bernardino,2021-07-07,4206,1724449,3097,1000014,981,670082,128,54353,1952,126632,2233,823602,2078,950234,California
San Bernardino,2021-07-08,3986,1728435,2916,1002930,921,671003,149,54502,1802,126415,2167,825769,1950,952184,California
San Bernardino,2021-07-09,3094,1731529,2313,1005243,667,671670,114,54616,1362,126171,1717,827486,1473,953657,California
San Diego,2020-12-15,122,122,122,122,0,0,0,0,122,122,0,0,122,122,California
San Diego,2020-12-16,1079,1201,1079,1201,0,0,0,0,1079,1201,0,0,1079,1201,California
San Diego,2020-12-17,2324,3525,2324,3525,0,0,0,0,2324,3525,0,0,2324,3525,California
San Diego,2020-12-18,3611,7136,3610,7135,1,1,0,0,3611,7136,0,0,3611,7136,California
San Diego,2020-12-19,2268,9404,2268,9403,0,1,0,0,2268,9404,0,0,2268,9404,California
San Diego,2020-12-20,1148,10552,1147,10550,1,2,0,0,1148,10552,0,0,1148,10552,California
San Diego,2020-12-21,3462,14014,3460,14010,2,4,0,0,3462,14014,0,0,3462,14014,California
San Diego,2020-12-22,4020,18034,3383,17393,637,641,0,0,4020,18034,0,0,4020,18034,California
San Diego,2020-12-23,3161,21195,1959,19352,1202,1843,0,0,3161,21195,0,0,3161,21195,California
San Diego,2020-12-24,2705,23900,2190,21542,515,2358,0,0,2705,23900,0,0,2705,23900,California
San Diego,2020-12-25,857,24757,856,22398,1,2359,0,0,857,24757,0,0,857,24757,California
San Diego,2020-12-26,3199,27956,2129,24527,1070,3429,0,0,3199,27956,0,0,3199,27956,California
San Diego,2020-12-27,2480,30436,1594,26121,886,4315,0,0,2479,30434,1,1,2479,30435,California
San Diego,2020-12-28,5833,36269,4156,30277,1677,5992,0,0,5833,36267,0,1,5833,36268,California
San Diego,2020-12-29,5499,41768,2944,33221,2555,8547,0,0,5499,41766,0,1,5499,41767,California
San Diego,2020-12-30,5851,47619,3048,36269,2803,11350,0,0,5851,47617,0,1,5851,47618,California
San Diego,2020-12-31,2970,50589,1031,37300,1939,13289,0,0,2970,50587,0,1,2970,50588,California
San Diego,2021-01-01,993,51582,443,37743,550,13839,0,0,993,51580,0,1,993,51581,California
San Diego,2021-01-02,3667,55249,1287,39030,2380,16219,0,0,3667,55247,0,1,3667,55248,California
San Diego,2021-01-03,833,56082,621,39651,212,16431,0,0,832,56079,0,1,832,56080,California
San Diego,2021-01-04,3651,59733,2022,41673,1629,18060,0,0,3645,59724,0,1,3645,59725,California
San Diego,2021-01-05,4302,64035,2150,43823,2152,20212,0,0,3716,62869,583,584,3728,63453,California
San Diego,2021-01-06,4841,68876,2254,46077,2587,22799,0,0,3640,65333,1180,1764,3644,67097,California
San Diego,2021-01-07,5551,74427,2932,49009,2619,25418,0,0,3437,66670,2109,3873,3446,70543,California
San Diego,2021-01-08,7806,82233,4900,53909,2906,28324,0,0,4070,67037,3720,7593,4087,74630,California
San Diego,2021-01-09,3417,85650,1906,55815,1511,29835,0,0,1894,67429,1513,9106,1905,76535,California
San Diego,2021-01-10,1847,87497,1277,57092,570,30405,0,0,758,67120,1077,10183,768,77303,California
San Diego,2021-01-11,10198,97695,5799,62891,4399,34804,0,0,6707,70361,3484,13667,6725,84028,California
San Diego,2021-01-12,11004,108699,5261,68152,5743,40547,0,0,7660,74796,3335,17002,7770,91798,California
San Diego,2021-01-13,11291,119990,4989,73141,6302,46849,0,0,8774,81091,2506,19508,8801,100599,California
San Diego,2021-01-14,11960,131950,4519,77660,7441,54290,0,0,9835,88841,2118,21626,9868,110467,California
San Diego,2021-01-15,14791,146741,5234,82894,9557,63847,0,0,12189,98505,2584,24210,12248,122715,California
San Diego,2021-01-16,10531,157272,3552,86446,6979,70826,0,0,9098,106206,1429,25639,9130,131845,California
San Diego,2021-01-17,8474,165746,2431,88877,6043,76869,0,0,7648,113047,826,26465,7667,139512,California
San Diego,2021-01-18,12662,178408,6223,95100,6439,83308,0,0,9853,120187,2778,29243,9918,149430,California
San Diego,2021-01-19,14410,192818,5625,100725,8785,92093,0,0,11316,128679,3085,32328,11577,161007,California
San Diego,2021-01-20,18076,210894,6334,107059,11742,103835,0,0,14777,140360,3279,35607,14960,175967,California
San Diego,2021-01-21,17037,227931,5747,112806,11290,115125,0,0,15668,154813,1360,36967,15813,191780,California
San Diego,2021-01-22,17215,245146,4588,117394,12627,127752,0,0,15213,168123,1989,38956,15299,207079,California
San Diego,2021-01-23,14065,259211,5197,122591,8868,136620,0,0,11803,177737,2251,41207,11865,218944,California
San Diego,2021-01-24,11573,270784,3249,125840,8324,144944,0,0,10610,187430,961,42168,10654,229598,California
San Diego,2021-01-25,11987,282771,5670,131510,6317,151261,0,0,9008,193628,2969,45137,9167,238765,California
San Diego,2021-01-26,14968,297739,7819,139329,7149,158410,0,0,11575,202003,3391,48528,11766,250531,California
San Diego,2021-01-27,20166,317905,7837,147166,12329,170739,0,0,17180,216354,2976,51504,17327,267858,California
San Diego,2021-01-28,20913,338818,7593,154759,13320,184059,0,0,18658,232856,2244,53748,18746,286604,California
San Diego,2021-01-29,19218,358036,6305,161064,12913,196972,0,0,16785,247270,2422,56170,16836,303440,California
San Diego,2021-01-30,15428,373464,3502,164566,11926,208898,0,0,12781,257520,2636,58806,12886,316326,California
San Diego,2021-01-31,14484,387948,5687,170253,8797,217695,0,0,14135,271344,345,59151,14169,330495,California
San Diego,2021-02-01,20431,408379,7434,177687,12997,230692,0,0,16938,284879,3480,62631,17015,347510,California
San Diego,2021-02-02,22500,430879,8287,185974,14213,244905,0,0,19264,301081,3225,65856,19427,366937,California
San Diego,2021-02-03,27023,457902,11501,197475,15522,260427,0,0,22795,319852,4207,70063,22978,389915,California
San Diego,2021-02-04,23727,481629,9718,207193,14009,274436,0,0,19180,334777,4532,74595,19457,409372,California
San Diego,2021-02-05,24243,505872,8593,215786,15650,290086,0,0,17828,346670,6391,80986,18284,427656,California
San Diego,2021-02-06,20399,526271,8450,224236,11949,302035,0,0,17187,360869,3209,84195,17408,445064,California
San Diego,2021-02-07,11898,538169,5306,229542,6592,308627,0,0,10053,369341,1833,86028,10305,455369,California
San Diego,2021-02-08,19794,557963,8420,237962,11374,320001,0,0,12427,375092,7353,93381,13104,468473,California
San Diego,2021-02-09,20152,578115,8243,246205,11909,331910,0,0,12970,381958,7161,100542,14027,482500,California
San Diego,2021-02-10,22610,600725,9267,255472,13343,345253,0,0,13633,388018,8927,109469,14987,497487,California
San Diego,2021-02-11,23469,624194,10082,265554,13387,358640,0,0,12554,391343,10891,120360,14216,511703,California
San Diego,2021-02-12,23274,647468,7283,272837,15991,374631,0,0,11547,393430,11709,132069,13796,525499,California
San Diego,2021-02-13,19743,667211,8961,281798,10782,385413,0,0,10742,396345,8994,141063,11909,537408,California
San Diego,2021-02-14,11024,678235,7327,289125,3697,389110,0,0,6134,399084,4886,145949,7625,545033,California
San Diego,2021-02-15,14970,693205,7562,296687,7408,396518,0,0,7584,402344,7363,153312,10623,555656,California
San Diego,2021-02-16,19079,712284,11168,307855,7911,404429,0,0,9055,404322,10010,163322,11988,567644,California
San Diego,2021-02-17,22975,735259,10741,318596,12234,416663,0,0,7847,400047,15113,178435,10838,578482,California
San Diego,2021-02-18,23297,758556,11924,330520,11373,428036,0,0,7643,396071,15642,194077,11666,590148,California
San Diego,2021-02-19,15601,774157,10828,341348,4773,432809,0,0,6363,395149,9217,203294,8295,598443,California
San Diego,2021-02-20,10080,784237,6310,347658,3770,436579,0,0,5626,398186,4452,207746,7489,605932,California
San Diego,2021-02-21,11454,795691,10047,357705,1407,437986,0,0,5027,398282,6421,214167,6517,612449,California
San Diego,2021-02-22,12394,808085,10591,368296,1803,439789,0,0,5585,398683,6802,220969,7203,619652,California
San Diego,2021-02-23,25228,833313,14109,382405,11119,450908,0,0,9227,397733,15991,236960,15041,634693,California
San Diego,2021-02-24,28678,861991,12794,395199,15884,466792,0,0,6626,389656,22031,258991,13954,648647,California
San Diego,2021-02-25,32617,894608,14514,409713,18103,484895,0,0,9800,384948,22796,281787,18088,666735,California
San Diego,2021-02-26,32714,927322,12158,421871,20556,505451,0,0,11670,382618,21010,302797,18680,685415,California
San Diego,2021-02-27,20753,948075,9374,431245,11379,516830,0,0,11098,388246,9649,312446,15277,700692,California
San Diego,2021-02-28,14927,963002,9757,441002,5170,522000,0,0,9259,394562,5666,318112,11982,712674,California
San Diego,2021-03-01,23960,986962,14136,455138,9823,531823,1,1,14513,403508,9368,327480,18314,730988,California
San Diego,2021-03-02,25828,1012790,13899,469037,11929,543752,0,1,12565,409432,13251,340731,19175,750163,California
San Diego,2021-03-03,33554,1046344,15792,484829,17759,561511,3,4,13841,410430,19688,360419,20686,770849,California
San Diego,2021-03-04,27864,1074208,13889,498718,13975,575486,0,4,12397,414024,15445,375864,19039,789888,California
San Diego,2021-03-05,28515,1102723,14678,513396,13758,589244,79,83,13314,418828,15173,391037,19977,809865,California
San Diego,2021-03-06,23064,1125787,9418,522814,12945,602189,701,784,10180,421433,12869,403906,15474,825339,California
San Diego,2021-03-07,18095,1143882,9148,531962,8297,610486,650,1434,6851,421301,11229,415135,11097,836436,California
San Diego,2021-03-08,22745,1166627,11054,543016,10776,621262,915,2349,11284,426826,11437,426572,16962,853398,California
San Diego,2021-03-09,25444,1192071,11711,554727,11976,633238,1757,4106,9959,426932,15469,442041,15575,868973,California
San Diego,2021-03-10,25099,1217170,10513,565240,12193,645431,2393,6499,9928,428077,15155,457196,16300,885273,California
San Diego,2021-03-11,28080,1245250,10795,576035,13761,659192,3524,10023,9773,426987,18284,475480,17194,902467,California
San Diego,2021-03-12,26900,1272150,9414,585449,14376,673568,3110,13133,9818,426458,17069,492549,16540,919007,California
San Diego,2021-03-13,25881,1298031,7196,592645,16927,690495,1758,14891,10007,426445,15869,508418,15856,934863,California
San Diego,2021-03-14,13696,1311727,5413,598058,7549,698044,734,15625,4771,425302,8916,517334,7773,942636,California
San Diego,2021-03-15,21773,1333500,10035,608093,10956,709000,782,16407,8969,425304,12786,530120,12788,955424,California
San Diego,2021-03-16,29557,1363057,15487,623580,13655,722655,415,16822,15612,430371,13921,544041,18988,974412,California
San Diego,2021-03-17,26413,1389470,12151,635731,13545,736200,717,17539,16971,440663,9425,553466,19717,994129,California
San Diego,2021-03-18,31127,1420597,17501,653232,12703,748903,923,18462,16938,445863,14154,567620,19354,1013483,California
San Diego,2021-03-19,30103,1450700,14271,667503,14779,763682,1053,19515,19285,456586,10798,578418,21521,1035004,California
San Diego,2021-03-20,27673,1478373,8415,675918,17484,781166,1774,21289,21328,474437,6332,584750,24183,1059187,California
San Diego,2021-03-21,16277,1494650,11866,687784,3716,784882,695,21984,7653,475489,8609,593359,9661,1068848,California
San Diego,2021-03-22,22403,1517053,13059,700843,9058,793940,286,22270,14268,484673,8120,601479,17304,1086152,California
San Diego,2021-03-23,25718,1542771,13485,714328,11947,805887,286,22556,17024,495328,8680,610159,19335,1105487,California
San Diego,2021-03-24,29295,1572066,19580,733908,9326,815213,389,22945,16986,502429,12296,622455,19397,1124884,California
San Diego,2021-03-25,30145,1602211,18141,752049,11321,826534,683,23628,17895,510878,12229,634684,20678,1145562,California
San Diego,2021-03-26,31839,1634050,17811,769860,13513,840047,515,24143,17381,517141,14432,649116,20695,1166257,California
San Diego,2021-03-27,25372,1659422,11054,780914,13937,853984,381,24524,15614,525644,9738,658854,18241,1184498,California
San Diego,2021-03-28,15257,1674679,9391,790305,5808,859792,58,24582,9304,530713,5947,664801,11016,1195514,California
San Diego,2021-03-29,26596,1701275,12850,803155,13114,872906,632,25214,16363,539923,10222,675023,19432,1214946,California
San Diego,2021-03-30,33059,1734334,17802,820957,14464,887370,793,26007,21879,553254,11164,686187,24495,1239441,California
San Diego,2021-03-31,30318,1764652,18716,839673,10894,898264,708,26715,20562,565892,9737,695924,22375,1261816,California
San Diego,2021-04-01,34134,1798786,19918,859591,12735,910999,1481,28196,23124,580825,10986,706910,25919,1287735,California
San Diego,2021-04-02,35623,1834409,20608,880199,12233,923232,2782,30978,24003,597440,11601,718511,28216,1315951,California
San Diego,2021-04-03,30742,1865151,14420,894619,11707,934939,4615,35593,19592,611709,11135,729646,25404,1341355,California
San Diego,2021-04-04,8997,1874148,5167,899786,2912,937851,918,36511,4775,613362,4216,733862,5869,1347224,California
San Diego,2021-04-05,29687,1903835,15353,915139,11608,949459,2726,39237,19233,627360,10436,744298,24434,1371658,California
San Diego,2021-04-06,38562,1942397,20298,935437,12361,961820,5903,45140,22176,641179,16366,760664,30185,1401843,California
San Diego,2021-04-07,35979,1978376,21872,957309,9557,971377,4550,49690,20243,651470,15709,776373,26000,1427843,California
San Diego,2021-04-08,35007,2013383,21263,978572,9614,980991,4130,53820,21140,665453,13846,790219,27829,1455672,California
San Diego,2021-04-09,38169,2051552,22758,1001330,10222,991213,5189,59009,20599,677023,17505,807724,29075,1484747,California
San Diego,2021-04-10,28983,2080535,11715,1013045,13267,1004480,4001,63010,14927,684917,14045,821769,21939,1506686,California
San Diego,2021-04-11,16150,2096685,9989,1023034,3865,1008345,2296,65306,7137,688342,9009,830778,12434,1519120,California
San Diego,2021-04-12,30633,2127318,12851,1035885,13506,1021851,4276,69582,17001,699662,13616,844394,24936,1544056,California
San Diego,2021-04-13,36916,2164234,17689,1053574,19192,1041043,35,69617,24473,714578,12421,856815,27337,1571393,California
San Diego,2021-04-14,32862,2197096,18830,1072404,14019,1055062,13,69630,17673,721425,15173,871988,22020,1593413,California
San Diego,2021-04-15,39284,2236380,20350,1092754,18925,1073987,9,69639,23760,732559,15499,887487,26633,1620046,California
San Diego,2021-04-16,33587,2269967,18468,1111222,15116,1089103,3,69642,19398,740205,14129,901616,21775,1641821,California
San Diego,2021-04-17,27873,2297840,13538,1124760,14335,1103438,0,69642,12288,740064,15489,917105,15348,1657169,California
San Diego,2021-04-18,14646,2312486,9095,1133855,5548,1108986,3,69645,6770,741946,7863,924968,9745,1666914,California
San Diego,2021-04-19,26579,2339065,13584,1147439,12993,1121979,2,69647,12454,742025,14104,939072,14183,1681097,California
San Diego,2021-04-20,39633,2378698,18404,1165843,21227,1143206,2,69649,20203,745779,19407,958479,23161,1704258,California
San Diego,2021-04-21,36417,2415115,22017,1187860,14400,1157606,0,69649,17523,747753,18852,977331,20826,1725084,California
San Diego,2021-04-22,44948,2460063,23311,1211171,21633,1179239,4,69653,22457,750807,22446,999777,25500,1750584,California
San Diego,2021-04-23,42730,2502793,26531,1237702,16196,1195435,3,69656,15984,743270,26709,1026486,19172,1769756,California
San Diego,2021-04-24,34917,2537710,18906,1256608,15996,1211431,15,69671,15561,742707,19315,1045801,18752,1788508,California
San Diego,2021-04-25,12633,2550343,7672,1264280,4960,1216391,1,69672,5856,743192,6766,1052567,7251,1795759,California
San Diego,2021-04-26,33508,2583851,16807,1281087,16562,1232953,139,69811,11775,737808,21709,1074276,16325,1812084,California
San Diego,2021-04-27,44816,2628667,24685,1305772,19577,1252530,554,70365,19750,736166,25020,1099296,23378,1835462,California
San Diego,2021-04-28,38476,2667143,22823,1328595,14978,1267508,675,71040,17423,735505,21009,1120305,20348,1855810,California
San Diego,2021-04-29,38330,2705473,24468,1353063,13204,1280712,658,71698,15577,730736,22716,1143021,17947,1873757,California
San Diego,2021-04-30,38277,2743750,23246,1376309,13949,1294661,1082,72780,15039,725513,23198,1166219,17975,1891732,California
San Diego,2021-05-01,24223,2767973,10678,1386987,12907,1307568,638,73418,9499,723096,14714,1180933,12297,1904029,California
San Diego,2021-05-02,10614,2778587,7435,1394422,2597,1310165,582,74000,3230,719860,7380,1188313,4144,1908173,California
San Diego,2021-05-03,25211,2803798,12399,1406821,11660,1321825,1152,75152,9256,715153,15932,1204245,11225,1919398,California
San Diego,2021-05-04,32049,2835847,17831,1424652,12940,1334765,1278,76430,11559,708627,20462,1224707,13936,1933334,California
San Diego,2021-05-05,28010,2863857,17248,1441900,9481,1344246,1281,77711,10595,704136,17392,1242099,12901,1946235,California
San Diego,2021-05-06,28539,2892396,18965,1460865,8661,1352907,913,78624,10766,700522,17743,1259842,14129,1960364,California
San Diego,2021-05-07,29739,2922135,19477,1480342,9222,1362129,1040,79664,11021,695118,18682,1278524,13278,1973642,California
San Diego,2021-05-08,23107,2945242,11104,1491446,11260,1373389,743,80407,7254,688729,15825,1294349,9436,1983078,California
San Diego,2021-05-09,7550,2952792,5670,1497116,1466,1374855,414,80821,2577,687174,4967,1299316,3412,1986490,California
San Diego,2021-05-10,21763,2974555,8660,1505776,12284,1387139,819,81640,5871,679283,15861,1315177,7970,1994460,California
San Diego,2021-05-11,28805,3003360,12231,1518007,15757,1402896,817,82457,10101,673249,18672,1333849,12638,2007098,California
San Diego,2021-05-12,23115,3026475,12647,1530654,9591,1412487,877,83334,8318,668815,14763,1348612,10329,2017427,California
San Diego,2021-05-13,31442,3057917,19074,1549728,11730,1424217,638,83972,13032,666727,18351,1366963,16263,2033690,California
San Diego,2021-05-14,30875,3088792,19814,1569542,10224,1434441,837,84809,13991,666805,16839,1383802,16917,2050607,California
San Diego,2021-05-15,26176,3114968,16477,1586019,8877,1443318,822,85631,10821,664121,15296,1399098,12612,2063219,California
San Diego,2021-05-16,13708,3128676,10229,1596248,2917,1446235,562,86193,6743,664867,6953,1406051,7699,2070918,California
San Diego,2021-05-17,21394,3150070,12975,1609223,7675,1453910,744,86937,8843,662815,12512,1418563,10460,2081378,California
San Diego,2021-05-18,34233,3184303,19400,1628623,13970,1467880,863,87800,13269,657453,20932,1439495,15570,2096948,California
San Diego,2021-05-19,28409,3212712,17823,1646446,9806,1477686,780,88580,11961,654916,16416,1455911,13879,2110827,California
San Diego,2021-05-20,34805,3247517,19250,1665696,14735,1492421,820,89400,11660,645842,23113,1479024,14039,2124866,California
San Diego,2021-05-21,27023,3274540,17170,1682866,8865,1501286,988,90388,10842,642777,16148,1495172,13083,2137949,California
San Diego,2021-05-22,21537,3296077,12419,1695285,7868,1509154,1250,91638,8990,641626,12523,1507695,11372,2149321,California
San Diego,2021-05-23,7350,3303427,5249,1700534,1793,1510947,308,91946,3479,641950,3848,1511543,4172,2153493,California
San Diego,2021-05-24,17866,3321293,9139,1709673,6816,1517763,1911,93857,6419,639713,11427,1522970,9190,2162683,California
San Diego,2021-05-25,24333,3345626,13103,1722776,9362,1527125,1868,95725,8459,635363,15845,1538815,11495,2174178,California
San Diego,2021-05-26,19132,3364758,10599,1733375,6522,1533647,2011,97736,6582,632304,12520,1551335,9461,2183639,California
San Diego,2021-05-27,20629,3385387,11958,1745333,6281,1539928,2390,100126,6936,629062,13673,1565008,10431,2194070,California
San Diego,2021-05-28,21258,3406645,13191,1758524,7358,1547286,709,100835,8360,626394,12879,1577887,10211,2204281,California
San Diego,2021-05-29,11992,3418637,7577,1766101,3924,1551210,491,101326,5154,625739,6824,1584711,6169,2210450,California
San Diego,2021-05-30,4672,3423309,3192,1769293,1102,1552312,378,101704,2003,625689,2662,1587373,2612,2213062,California
San Diego,2021-05-31,2584,3425893,1742,1771035,671,1552983,171,101875,847,625103,1730,1589103,1144,2214206,California
San Diego,2021-06-01,21270,3447163,11333,1782368,8308,1561291,1629,103504,5760,617949,15484,1604587,8330,2222536,California
San Diego,2021-06-02,17069,3464232,8814,1791182,6184,1567475,2071,105575,5468,614645,11573,1616160,8269,2230805,California
San Diego,2021-06-03,19207,3483439,12007,1803189,5399,1572874,1801,107376,5169,608644,14017,1630177,8016,2238821,California
San Diego,2021-06-04,19824,3503263,13847,1817036,5359,1578233,618,107994,5726,602821,14067,1644244,8244,2247065,California
San Diego,2021-06-05,15815,3519078,12036,1829072,2997,1581230,782,108776,4480,597749,11320,1655564,6248,2253313,California
San Diego,2021-06-06,5606,3524684,4530,1833602,765,1581995,311,109087,1580,596449,4015,1659579,2715,2256028,California
San Diego,2021-06-07,12796,3537480,8047,1841649,3401,1585396,1348,110435,3538,592851,9240,1668819,5642,2261670,California
San Diego,2021-06-08,20479,3557959,14473,1856122,4119,1589515,1887,112322,4994,585320,15472,1684291,7941,2269611,California
San Diego,2021-06-09,17043,3575002,11353,1867475,3739,1593254,1951,114273,4364,579935,12664,1696955,7279,2276890,California
San Diego,2021-06-10,17881,3592883,11870,1879345,3933,1597187,2078,116351,4364,573977,13491,1710446,7533,2284423,California
San Diego,2021-06-11,15856,3608739,10091,1889436,4414,1601601,1351,117702,4329,569095,11496,1721942,6614,2291037,California
San Diego,2021-06-12,11010,3619749,8443,1897879,2146,1603747,421,118123,3161,565497,7830,1729772,4232,2295269,California
San Diego,2021-06-13,4157,3623906,3107,1900986,845,1604592,205,118328,1002,563959,3149,1732921,1611,2296880,California
San Diego,2021-06-14,12628,3636534,7581,1908567,2856,1607448,2191,120519,3556,561310,9058,1741979,6409,2303289,California
San Diego,2021-06-15,17907,3654441,10268,1918835,4203,1611651,3436,123955,4706,557192,13192,1755171,9074,2312363,California
San Diego,2021-06-16,13961,3668402,8876,1927711,2771,1614422,2314,126269,4456,555266,9492,1764663,7566,2319929,California
San Diego,2021-06-17,14821,3683223,8495,1936206,3488,1617910,2838,129107,4198,552351,10611,1775274,7696,2327625,California
San Diego,2021-06-18,14154,3697377,8751,1944957,3575,1621485,1828,130935,4423,549686,9719,1784993,7054,2334679,California
San Diego,2021-06-19,7550,3704927,5578,1950535,1512,1622997,460,131395,2754,548666,4775,1789768,3755,2338434,California
San Diego,2021-06-20,3106,3708033,2258,1952793,649,1623646,199,131594,1148,548281,1953,1791721,1568,2340002,California
San Diego,2021-06-21,9126,3717159,5152,1957945,2430,1626076,1544,133138,3893,549038,5226,1796947,5983,2345985,California
San Diego,2021-06-22,11295,3728454,7567,1965512,2586,1628662,1142,134280,4436,548466,6852,1803799,6280,2352265,California
San Diego,2021-06-23,10825,3739279,7042,1972554,2337,1630999,1446,135726,4419,548592,6397,1810196,6523,2358788,California
San Diego,2021-06-24,10070,3749349,6539,1979093,2754,1633753,777,136503,4050,548039,6011,1816207,5458,2364246,California
San Diego,2021-06-25,10622,3759971,7390,1986483,2628,1636381,604,137107,4117,546901,6496,1822703,5358,2369604,California
San Diego,2021-06-26,6701,3766672,5252,1991735,1140,1637521,309,137416,2679,546461,4010,1826713,3570,2373174,California
San Diego,2021-06-27,3015,3769687,2308,1994043,500,1638021,207,137623,1332,546564,1680,1828393,1783,2374957,California
San Diego,2021-06-28,7217,3776904,5316,1999359,1385,1639406,516,138139,3377,547111,3835,1832228,4382,2379339,California
San Diego,2021-06-29,8795,3785699,6123,2005482,1995,1641401,677,138816,3652,546908,5129,1837357,4926,2384265,California
San Diego,2021-06-30,8232,3793931,6070,2011552,1641,1643042,521,139337,3571,546927,4647,1842004,4666,2388931,California
San Diego,2021-07-01,7313,3801244,5049,2016601,1866,1644908,398,139735,3173,546914,4129,1846133,4116,2393047,California
San Diego,2021-07-02,7533,3808777,5193,2021794,1925,1646833,415,140150,3194,546747,4319,1850452,4152,2397199,California
San Diego,2021-07-03,4183,3812960,3149,2024943,864,1647697,170,140320,1904,546868,2273,1852725,2394,2399593,California
San Diego,2021-07-04,419,3813379,279,2025222,57,1647754,83,140403,155,546898,264,1852989,294,2399887,California
San Diego,2021-07-05,3976,3817355,2852,2028074,834,1648588,290,140693,1844,547201,2128,1855117,2431,2402318,California
San Diego,2021-07-06,8446,3825801,6265,2034339,1786,1650374,395,141088,3153,546108,5284,1860401,4191,2406509,California
San Diego,2021-07-07,7441,3833242,5511,2039850,1444,1651818,486,141574,3052,545882,4378,1864779,4152,2410661,California
San Diego,2021-07-08,3130,3836372,2424,2042274,381,1652199,325,141899,1338,546224,1787,1866566,2129,2412790,California
San Diego,2021-07-09,1025,3837397,861,2043135,121,1652320,43,141942,489,546608,536,1867102,920,2413710,California
San Francisco,2020-12-15,6,6,6,6,0,0,0,0,6,6,0,0,6,6,California
San Francisco,2020-12-16,234,240,234,240,0,0,0,0,234,240,0,0,234,240,California
San Francisco,2020-12-17,417,657,417,657,0,0,0,0,417,657,0,0,417,657,California
San Francisco,2020-12-18,905,1562,904,1561,1,1,0,0,905,1562,0,0,905,1562,California
San Francisco,2020-12-19,612,2174,612,2173,0,1,0,0,612,2174,0,0,612,2174,California
San Francisco,2020-12-20,481,2655,481,2654,0,1,0,0,481,2655,0,0,481,2655,California
San Francisco,2020-12-21,1164,3819,1164,3818,0,1,0,0,1164,3819,0,0,1164,3819,California
San Francisco,2020-12-22,1395,5214,1361,5179,34,35,0,0,1395,5214,0,0,1395,5214,California
San Francisco,2020-12-23,1354,6568,1055,6234,299,334,0,0,1354,6568,0,0,1354,6568,California
San Francisco,2020-12-24,843,7411,504,6738,339,673,0,0,843,7411,0,0,843,7411,California
San Francisco,2020-12-25,37,7448,31,6769,6,679,0,0,37,7448,0,0,37,7448,California
San Francisco,2020-12-26,250,7698,154,6923,96,775,0,0,250,7698,0,0,250,7698,California
San Francisco,2020-12-27,274,7972,60,6983,214,989,0,0,274,7972,0,0,274,7972,California
San Francisco,2020-12-28,1279,9251,693,7676,586,1575,0,0,1279,9251,0,0,1279,9251,California
San Francisco,2020-12-29,1262,10513,631,8307,631,2206,0,0,1262,10513,0,0,1262,10513,California
San Francisco,2020-12-30,1487,12000,781,9088,706,2912,0,0,1487,12000,0,0,1487,12000,California
San Francisco,2020-12-31,982,12982,415,9503,567,3479,0,0,981,12981,0,0,981,12981,California
San Francisco,2021-01-01,107,13089,79,9582,28,3507,0,0,107,13088,0,0,107,13088,California
San Francisco,2021-01-02,339,13428,303,9885,36,3543,0,0,339,13427,0,0,339,13427,California
San Francisco,2021-01-03,298,13726,105,9990,193,3736,0,0,297,13723,1,1,297,13724,California
San Francisco,2021-01-04,1846,15572,1358,11348,488,4224,0,0,1843,15563,3,4,1843,15567,California
San Francisco,2021-01-05,2239,17811,1423,12771,816,5040,0,0,2200,17726,39,43,2202,17769,California
San Francisco,2021-01-06,1877,19688,1162,13933,715,5755,0,0,1607,19066,268,311,1608,19377,California
San Francisco,2021-01-07,2082,21770,1215,15148,867,6622,0,0,1604,20195,475,786,1604,20981,California
San Francisco,2021-01-08,2333,24103,1642,16790,691,7313,0,0,1471,20809,857,1643,1471,22452,California
San Francisco,2021-01-09,1399,25502,902,17692,497,7810,0,0,887,21186,512,2155,889,23341,California
San Francisco,2021-01-10,920,26422,541,18233,379,8189,0,0,461,21189,458,2613,461,23802,California
San Francisco,2021-01-11,2513,28935,1868,20101,645,8834,0,0,1408,21492,1106,3719,1409,25211,California
San Francisco,2021-01-12,3095,32030,2060,22161,1035,9869,0,0,1901,22202,1193,4912,1903,27114,California
San Francisco,2021-01-13,2853,34883,1620,23781,1233,11102,0,0,2013,23375,840,5752,2013,29127,California
San Francisco,2021-01-14,2467,37350,1111,24892,1356,12458,0,0,1900,24708,567,6319,1900,31027,California
San Francisco,2021-01-15,2774,40124,1162,26054,1612,14070,0,0,2371,26680,401,6720,2373,33400,California
San Francisco,2021-01-16,2240,42364,937,26991,1303,15373,0,0,2071,28584,169,6889,2073,35473,California
San Francisco,2021-01-17,1939,44303,533,27524,1406,16779,0,0,1719,30084,219,7108,1719,37192,California
San Francisco,2021-01-18,1394,45697,606,28130,788,17567,0,0,1122,30936,271,7379,1123,38315,California
San Francisco,2021-01-19,2600,48297,1481,29611,1119,18686,0,0,1845,32026,755,8134,1845,40160,California
San Francisco,2021-01-20,2839,51136,1192,30803,1647,20333,0,0,2076,33343,760,8894,2077,42237,California
San Francisco,2021-01-21,3444,54580,1038,31841,2406,22739,0,0,2564,35028,879,9773,2564,44801,California
San Francisco,2021-01-22,3252,57832,678,32519,2574,25313,0,0,2804,37386,446,10219,2804,47605,California
San Francisco,2021-01-23,3119,60951,612,33131,2507,27820,0,0,2747,39763,371,10590,2748,50353,California
San Francisco,2021-01-24,2431,63382,363,33494,2068,29888,0,0,2197,41730,230,10820,2197,52550,California
San Francisco,2021-01-25,4646,68028,1836,35330,2810,32698,0,0,3055,43198,1588,12408,3056,55606,California
San Francisco,2021-01-26,4765,72793,2190,37520,2575,35273,0,0,3114,44666,1648,14056,3116,58722,California
San Francisco,2021-01-27,4385,77178,1984,39504,2401,37674,0,0,3076,46435,1307,15363,3076,61798,California
San Francisco,2021-01-28,3802,80980,1577,41081,2225,39899,0,0,2625,47891,1170,16533,2626,64424,California
San Francisco,2021-01-29,4843,85823,1764,42845,3079,42978,0,0,3513,50111,1293,17826,3513,67937,California
San Francisco,2021-01-30,3817,89640,1847,44692,1970,44948,0,0,3354,53007,462,18288,3358,71295,California
San Francisco,2021-01-31,2359,91999,820,45512,1539,46487,0,0,2208,55066,150,18438,2209,73504,California
San Francisco,2021-02-01,4007,96006,1711,47223,2296,48783,0,0,2928,56917,1078,19516,2929,76433,California
San Francisco,2021-02-02,4563,100569,1820,49043,2743,51526,0,0,2952,58264,1605,21121,2952,79385,California
San Francisco,2021-02-03,5123,105692,2403,51446,2720,54246,0,0,3793,60730,1328,22449,3794,83179,California
San Francisco,2021-02-04,5073,110765,2431,53877,2642,56888,0,0,3888,63436,1182,23631,3888,87067,California
San Francisco,2021-02-05,5988,116753,3207,57084,2781,59669,0,0,4626,66703,1360,24991,4627,91694,California
San Francisco,2021-02-06,5474,122227,3646,60730,1828,61497,0,0,4597,70457,846,25837,4600,96294,California
San Francisco,2021-02-07,4374,126601,3218,63948,1156,62653,0,0,3790,73672,579,26416,3794,100088,California
San Francisco,2021-02-08,6773,133374,4658,68606,2115,64768,0,0,5534,77986,1223,27639,5537,105625,California
San Francisco,2021-02-09,5982,139356,4021,72627,1961,66729,0,0,4419,80835,1572,29211,4421,110046,California
San Francisco,2021-02-10,6960,146316,4208,76835,2752,69481,0,0,5080,84044,1875,31086,5084,115130,California
San Francisco,2021-02-11,6778,153094,4013,80848,2765,72246,0,0,4901,87077,1871,32957,4904,120034,California
San Francisco,2021-02-12,5375,158469,2697,83545,2678,74924,0,0,3485,88671,1891,34848,3485,123519,California
San Francisco,2021-02-13,4425,162894,2595,86140,1830,76754,0,0,3067,90383,1358,36206,3070,126589,California
San Francisco,2021-02-14,3456,166350,2267,88407,1189,77943,0,0,2313,91556,1142,37348,2315,128904,California
San Francisco,2021-02-15,2803,169153,1515,89922,1288,79231,0,0,1681,92118,1119,38467,1681,130585,California
San Francisco,2021-02-16,5170,174323,2846,92768,2324,81555,0,0,3012,92986,2151,40618,3019,133604,California
San Francisco,2021-02-17,5399,179722,2655,95423,2744,84299,0,0,2971,93544,2416,43034,2974,136578,California
San Francisco,2021-02-18,5455,185177,2669,98092,2786,87085,0,0,2826,93750,2626,45660,2832,139410,California
San Francisco,2021-02-19,5736,190913,2698,100790,3038,90123,0,0,2976,93977,2750,48410,2977,142387,California
San Francisco,2021-02-20,4658,195571,2253,103043,2405,92528,0,0,1738,92805,2911,51321,1739,144126,California
San Francisco,2021-02-21,2989,198560,1572,104615,1417,93945,0,0,1321,92470,1657,52978,1322,145448,California
San Francisco,2021-02-22,5513,204073,3417,108032,2096,96041,0,0,2745,92460,2758,55736,2748,148196,California
San Francisco,2021-02-23,5938,210011,3361,111393,2577,98618,0,0,3014,92558,2916,58652,3014,151210,California
San Francisco,2021-02-24,9571,219582,5432,116825,4139,102757,0,0,5094,93193,4461,63113,5096,156306,California
San Francisco,2021-02-25,10477,230059,7314,124139,3163,105920,0,0,6702,96127,3770,66883,6704,163010,California
San Francisco,2021-02-26,12728,242787,8273,132412,4455,110375,0,0,7514,98433,5209,72092,7515,170525,California
San Francisco,2021-02-27,9548,252335,6150,138562,3397,113772,1,1,4767,98443,4759,76851,4769,175294,California
San Francisco,2021-02-28,7931,260266,5663,144225,2268,116040,0,1,3878,98277,4045,80896,3879,179173,California
San Francisco,2021-03-01,11423,271689,7699,151924,3718,119758,6,7,5576,98042,5819,86715,5584,184757,California
San Francisco,2021-03-02,10064,281753,6779,158703,3285,123043,0,7,5693,99376,4360,91075,5694,190451,California
San Francisco,2021-03-03,11444,293197,6686,165389,4757,127800,1,8,6287,100525,5142,96217,6291,196742,California
San Francisco,2021-03-04,8838,302035,5540,170929,3298,131098,0,8,4980,101662,3846,100063,4983,201725,California
San Francisco,2021-03-05,9273,311308,5665,176594,3604,134702,4,12,5807,104022,3452,103515,5812,207537,California
San Francisco,2021-03-06,7237,318545,4697,181291,2328,137030,212,224,4540,106059,2707,106222,4744,212281,California
San Francisco,2021-03-07,5546,324091,4237,185528,1154,138184,155,379,3144,106943,2411,108633,3295,215576,California
San Francisco,2021-03-08,7599,331690,5502,191030,1892,140076,205,584,5983,111482,1647,110280,6186,221762,California
San Francisco,2021-03-09,8365,340055,5535,196565,2450,142526,380,964,6095,115676,2274,112554,6468,228230,California
San Francisco,2021-03-10,11304,351359,6614,203179,4187,146713,503,1467,7043,118980,4237,116791,7541,235771,California
San Francisco,2021-03-11,10141,361500,6397,209576,2772,149485,972,2439,6636,123086,3484,120275,7590,243361,California
San Francisco,2021-03-12,10906,372406,6363,215939,3191,152676,1352,3791,6062,125670,4820,125095,7404,250765,California
San Francisco,2021-03-13,6771,379177,3945,219884,1747,154423,1079,4870,4205,128394,2556,127651,5280,256045,California
San Francisco,2021-03-14,7580,386757,4926,224810,2404,156827,250,5120,3954,128987,3606,131257,4199,260244,California
San Francisco,2021-03-15,12141,398898,9282,234092,1914,158741,945,6065,8354,134501,3770,135027,9284,269528,California
San Francisco,2021-03-16,12269,411167,8340,242432,3451,162192,478,6543,8745,140225,3500,138527,9224,278752,California
San Francisco,2021-03-17,13627,424794,8447,250879,4547,166739,633,7176,9656,146571,3938,142465,10284,289036,California
San Francisco,2021-03-18,10297,435091,7047,257926,2621,169360,629,7805,5784,148484,4488,146953,6401,295437,California
San Francisco,2021-03-19,12616,447707,9245,267171,2899,172259,472,8277,6489,149338,6098,153051,6952,302389,California
San Francisco,2021-03-20,8953,456660,6584,273755,1902,174161,467,8744,5172,151230,3748,156799,5640,308029,California
San Francisco,2021-03-21,6702,463362,6140,279895,423,174584,139,8883,3767,152215,2917,159716,3902,311931,California
San Francisco,2021-03-22,10006,473368,6975,286870,2190,176774,841,9724,5142,153345,4841,164557,5971,317902,California
San Francisco,2021-03-23,11408,484776,7596,294466,3159,179933,653,10377,6303,155219,5073,169630,6947,324849,California
San Francisco,2021-03-24,12428,497204,9520,303986,2370,182303,538,10915,6099,155560,6285,175915,6626,331475,California
San Francisco,2021-03-25,12013,509217,8768,312754,2679,184982,566,11481,5759,155704,6177,182092,6321,337796,California
San Francisco,2021-03-26,12060,521277,8352,321106,3475,188457,233,11714,5780,155467,6245,188337,6008,343804,California
San Francisco,2021-03-27,8914,530191,5920,327026,2642,191099,352,12066,3804,154538,5082,193419,4153,347957,California
San Francisco,2021-03-28,6670,536861,5326,332352,1302,192401,42,12108,2950,153834,3694,197113,2990,350947,California
San Francisco,2021-03-29,11661,548522,8022,340374,3453,195854,186,12294,4799,151989,6828,203941,4983,355930,California
San Francisco,2021-03-30,11691,560213,7320,347694,4080,199934,291,12585,5497,151608,6167,210108,5786,361716,California
San Francisco,2021-03-31,12322,572535,8195,355889,3829,203763,298,12883,4909,149431,7377,217485,5200,366916,California
San Francisco,2021-04-01,14042,586577,7434,363323,4900,208663,1708,14591,6036,149176,7962,225447,7707,374623,California
San Francisco,2021-04-02,14905,601482,6577,369900,6429,215092,1899,16490,6950,150067,7930,233377,8821,383444,California
San Francisco,2021-04-03,10615,612097,4925,374825,3862,218954,1828,18318,4811,150900,5783,239160,6616,390060,California
San Francisco,2021-04-04,9052,621149,4801,379626,2592,221546,1659,19977,3584,150677,5449,244609,5226,395286,California
San Francisco,2021-04-05,16150,637299,9847,389473,4407,225953,1896,21873,6304,149039,9815,254424,8177,403463,California
San Francisco,2021-04-06,16162,653461,9543,399016,4547,230500,2072,23945,6282,147525,9849,264273,8335,411798,California
San Francisco,2021-04-07,16905,670366,10056,409072,4605,235105,2244,26189,7004,146873,9875,274148,9223,421021,California
San Francisco,2021-04-08,14240,684606,6771,415843,3034,238139,4435,30624,4648,146352,9551,283699,9030,430051,California
San Francisco,2021-04-09,15890,700496,7684,423527,4841,242980,3365,33989,6633,147098,9220,292919,9966,440017,California
San Francisco,2021-04-10,13372,713868,5713,429240,5903,248883,1756,35745,7118,149728,6224,299143,8854,448871,California
San Francisco,2021-04-11,10074,723942,7542,436782,1351,250234,1181,36926,5204,151245,4854,303997,6371,455242,California
San Francisco,2021-04-12,10675,734617,6925,443707,2590,252824,1160,38086,4891,151525,5759,309756,6039,461281,California
San Francisco,2021-04-13,10862,745479,7363,451070,3485,256309,14,38100,5465,151641,5368,315124,5484,466765,California
San Francisco,2021-04-14,13395,758874,8063,459133,5331,261640,1,38101,6350,150990,7004,322128,6353,473118,California
San Francisco,2021-04-15,13882,772756,9603,468736,4278,265918,1,38102,8064,153277,5783,327911,8070,481188,California
San Francisco,2021-04-16,13056,785812,8760,477496,4252,270170,44,38146,7603,155507,5421,333332,7651,488839,California
San Francisco,2021-04-17,10248,796060,7380,484876,2867,273037,1,38147,7229,159740,3001,336333,7234,496073,California
San Francisco,2021-04-18,6944,803004,5373,490249,1569,274606,2,38149,4306,161433,2617,338950,4310,500383,California
San Francisco,2021-04-19,11123,814127,8309,498558,2809,277415,5,38154,7095,164535,4008,342958,7110,507493,California
San Francisco,2021-04-20,13133,827260,7898,506456,5233,282648,2,38156,8922,169282,4178,347136,8925,516418,California
San Francisco,2021-04-21,11954,839214,8752,515208,3197,285845,5,38161,7234,171836,4690,351826,7244,523662,California
San Francisco,2021-04-22,11118,850332,8278,523486,2839,288684,1,38162,6371,173503,4712,356538,6379,530041,California
San Francisco,2021-04-23,10946,861278,6409,529895,4537,293221,0,38162,6479,175556,4435,360973,6488,536529,California
San Francisco,2021-04-24,7970,869248,5473,535368,2497,295718,0,38162,4713,177043,3235,364208,4722,541251,California
San Francisco,2021-04-25,5044,874292,4338,539706,700,296418,6,38168,2945,177913,2086,366294,2956,544207,California
San Francisco,2021-04-26,8538,882830,6085,545791,2441,298859,12,38180,4257,177947,4251,370545,4285,548492,California
San Francisco,2021-04-27,8983,891813,6109,551900,2704,301563,170,38350,4484,178138,4472,375017,4663,553155,California
San Francisco,2021-04-28,9965,901778,6978,558878,2797,304360,190,38540,5227,178858,4704,379721,5424,558579,California
San Francisco,2021-04-29,9809,911587,5830,564708,3782,308142,197,38737,4820,178931,4957,384678,5030,563609,California
San Francisco,2021-04-30,11335,922922,5613,570321,5518,313660,204,38941,4227,176310,7058,391736,4437,568046,California
San Francisco,2021-05-01,7000,929922,3599,573920,3286,316946,115,39056,1699,172860,5265,397001,1815,569861,California
San Francisco,2021-05-02,5331,935253,3086,577006,2146,319092,99,39155,978,169599,4342,401343,1081,570942,California
San Francisco,2021-05-03,9706,944959,6611,583617,2931,322023,164,39319,2439,164974,7236,408579,2611,573553,California
San Francisco,2021-05-04,9852,954811,6442,590059,3159,325182,251,39570,2387,160187,7430,416009,2643,576196,California
San Francisco,2021-05-05,9265,964076,6568,596627,2385,327567,312,39882,2275,155836,6943,422952,2592,578788,California
San Francisco,2021-05-06,10972,975048,8784,605411,1715,329282,473,40355,1906,149186,9031,431983,2381,581169,California
San Francisco,2021-05-07,10314,985362,6666,612077,3377,332659,271,40626,1681,142531,8607,440590,1952,583121,California
San Francisco,2021-05-08,8912,994274,4056,616133,4726,337385,130,40756,1101,135984,7779,448369,1232,584353,California
San Francisco,2021-05-09,6738,1001012,5846,621979,808,338193,84,40840,1086,131519,5629,453998,1164,585517,California
San Francisco,2021-05-10,7389,1008401,5319,627298,1815,340008,255,41095,1005,126427,6351,460349,1259,586776,California
San Francisco,2021-05-11,8158,1016559,6025,633323,1913,341921,220,41315,1491,121509,6628,466977,1710,588486,California
San Francisco,2021-05-12,8387,1024946,6150,639473,1780,343701,457,41772,1498,116605,6856,473833,1952,590438,California
San Francisco,2021-05-13,11396,1036342,8389,647862,2781,346482,226,41998,4177,113827,7188,481021,4410,594848,California
San Francisco,2021-05-14,9588,1045930,6821,654683,2596,349078,171,42169,2986,110427,6568,487589,3168,598016,California
San Francisco,2021-05-15,8133,1054063,6448,661131,1629,350707,56,42225,3208,108793,4909,492498,3275,601291,California
San Francisco,2021-05-16,5298,1059361,4457,665588,782,351489,59,42284,2019,107615,3257,495755,2079,603370,California
San Francisco,2021-05-17,7411,1066772,5520,671108,1726,353215,165,42449,2378,105148,5013,500768,2546,605916,California
San Francisco,2021-05-18,8762,1075534,5024,676132,3563,356778,175,42624,1826,100261,6888,507656,2001,607917,California
San Francisco,2021-05-19,7498,1083032,5554,681686,1710,358488,234,42858,2151,97325,5319,512975,2383,610300,California
San Francisco,2021-05-20,6145,1089177,4121,685807,1771,360259,253,43111,1492,94450,4615,517590,1740,612040,California
San Francisco,2021-05-21,7195,1096372,4081,689888,2928,363187,186,43297,1576,90636,5571,523161,1757,613797,California
San Francisco,2021-05-22,4839,1101211,3649,693537,1099,364286,91,43388,2210,90327,2609,525770,2300,616097,California
San Francisco,2021-05-23,1944,1103155,1490,695027,379,364665,75,43463,854,90176,1080,526850,929,617026,California
San Francisco,2021-05-24,4226,1107381,3001,698028,1062,365727,163,43626,1233,88608,2966,529816,1398,618424,California
San Francisco,2021-05-25,3703,1111084,2405,700433,1076,366803,222,43848,1031,87204,2652,532468,1248,619672,California
San Francisco,2021-05-26,3973,1115057,2557,702990,1270,368073,146,43994,1057,85516,2891,535359,1203,620875,California
San Francisco,2021-05-27,3727,1118784,2149,705139,1402,369475,176,44170,1166,84309,2548,537907,1341,622216,California
San Francisco,2021-05-28,3780,1122564,2154,707293,1464,370939,162,44332,1314,83349,2435,540342,1475,623691,California
San Francisco,2021-05-29,2038,1124602,1467,708760,469,371408,102,44434,790,83008,1227,541569,886,624577,California
San Francisco,2021-05-30,975,1125577,697,709457,241,371649,37,44471,396,82867,574,542143,433,625010,California
San Francisco,2021-05-31,260,1125837,212,709669,41,371690,7,44478,88,82792,170,542313,95,625105,California
San Francisco,2021-06-01,3587,1129424,2174,711843,1225,372915,188,44666,1065,81538,2504,544817,1250,626355,California
San Francisco,2021-06-02,2470,1131894,1786,713629,561,373476,123,44789,814,80829,1641,546458,932,627287,California
San Francisco,2021-06-03,3966,1135860,2721,716350,1043,374519,202,44991,914,78908,3032,549490,1111,628398,California
San Francisco,2021-06-04,5730,1141590,4858,721208,738,375257,134,45125,1245,75831,4452,553942,1375,629773,California
San Francisco,2021-06-05,3735,1145325,3157,724365,430,375687,148,45273,874,74000,2849,556791,1018,630791,California
San Francisco,2021-06-06,2342,1147667,2191,726556,113,375800,38,45311,393,72489,1942,558733,431,631222,California
San Francisco,2021-06-07,3658,1151325,3029,729585,494,376294,135,45446,871,70725,2768,561501,1004,632226,California
San Francisco,2021-06-08,2831,1154156,2224,731809,441,376735,166,45612,794,69661,2018,563519,954,633180,California
San Francisco,2021-06-09,2323,1156479,1859,733668,327,377062,137,45749,657,68801,1652,565171,792,633972,California
San Francisco,2021-06-10,2502,1158981,1911,735579,401,377463,190,45939,755,68011,1735,566906,945,634917,California
San Francisco,2021-06-11,3156,1162137,2491,738070,500,377963,165,46104,923,66887,2209,569115,1085,636002,California
San Francisco,2021-06-12,3032,1165169,2632,740702,274,378237,126,46230,712,65416,2307,571422,836,636838,California
San Francisco,2021-06-13,923,1166092,802,741504,74,378311,47,46277,220,64985,697,572119,266,637104,California
San Francisco,2021-06-14,2512,1168604,2029,743533,331,378642,152,46429,827,64290,1671,573790,976,638080,California
San Francisco,2021-06-15,1915,1170519,1479,745012,303,378945,133,46562,675,63870,1228,575018,808,638888,California
San Francisco,2021-06-16,1872,1172391,1417,746429,260,379205,195,46757,643,63489,1212,576230,831,639719,California
San Francisco,2021-06-17,1985,1174376,1527,747956,258,379463,200,46957,646,63006,1324,577554,841,640560,California
San Francisco,2021-06-18,2351,1176727,1736,749692,440,379903,175,47132,752,62345,1584,579138,923,641483,California
San Francisco,2021-06-19,1416,1178143,1182,750874,122,380025,112,47244,433,61918,968,580106,541,642024,California
San Francisco,2021-06-20,629,1178772,536,751410,58,380083,35,47279,255,61841,367,580473,290,642314,California
San Francisco,2021-06-21,1164,1179936,865,752275,188,380271,111,47390,603,62003,550,581023,712,643026,California
San Francisco,2021-06-22,1587,1181523,1246,753521,229,380500,112,47502,550,61637,1022,582045,656,643682,California
San Francisco,2021-06-23,1488,1183011,1174,754695,174,380674,140,47642,589,61472,887,582932,722,644404,California
San Francisco,2021-06-24,1538,1184549,1125,755820,244,380918,169,47811,510,61137,1009,583941,674,645078,California
San Francisco,2021-06-25,1823,1186372,1472,757292,249,381167,102,47913,655,60745,1147,585088,755,645833,California
San Francisco,2021-06-26,1406,1187778,1254,758546,67,381234,85,47998,503,60436,893,585981,584,646417,California
San Francisco,2021-06-27,554,1188332,492,759038,34,381268,28,48026,225,60365,323,586304,252,646669,California
San Francisco,2021-06-28,1485,1189817,1278,760316,114,381382,93,48119,529,60042,944,587248,621,647290,California
San Francisco,2021-06-29,1376,1191193,1056,761372,220,381602,100,48219,494,59760,870,588118,588,647878,California
San Francisco,2021-06-30,1293,1192486,1062,762434,164,381766,67,48286,502,59542,786,588904,568,648446,California
San Francisco,2021-07-01,1181,1193667,932,763366,170,381936,79,48365,475,59398,694,589598,550,648996,California
San Francisco,2021-07-02,1510,1195177,1212,764578,228,382164,70,48435,597,59161,903,590501,666,649662,California
San Francisco,2021-07-03,892,1196069,750,765328,70,382234,72,48507,332,59006,556,591057,401,650063,California
San Francisco,2021-07-04,13,1196082,11,765339,1,382235,1,48508,5,59004,8,591065,6,650069,California
San Francisco,2021-07-05,954,1197036,837,766176,73,382308,44,48552,389,58880,555,591620,431,650500,California
San Francisco,2021-07-06,1651,1198687,1368,767544,192,382500,91,48643,525,58385,1106,592726,611,651111,California
San Francisco,2021-07-07,1093,1199780,864,768408,136,382636,93,48736,387,58168,692,593418,475,651586,California
San Francisco,2021-07-08,1097,1200877,849,769257,141,382777,107,48843,401,57988,685,594103,505,652091,California
San Francisco,2021-07-09,884,1201761,662,769919,147,382924,75,48918,327,57842,546,594649,400,652491,California
San Joaquin,2020-12-15,14,14,14,14,0,0,0,0,14,14,0,0,14,14,California
San Joaquin,2020-12-16,465,479,465,479,0,0,0,0,465,479,0,0,465,479,California
San Joaquin,2020-12-17,374,853,374,853,0,0,0,0,374,853,0,0,374,853,California
San Joaquin,2020-12-18,617,1470,609,1462,8,8,0,0,617,1470,0,0,617,1470,California
San Joaquin,2020-12-19,220,1690,216,1678,4,12,0,0,220,1690,0,0,220,1690,California
San Joaquin,2020-12-20,120,1810,118,1796,2,14,0,0,120,1810,0,0,120,1810,California
San Joaquin,2020-12-21,544,2354,540,2336,4,18,0,0,544,2354,0,0,544,2354,California
San Joaquin,2020-12-22,1000,3354,878,3214,122,140,0,0,999,3353,0,0,999,3353,California
San Joaquin,2020-12-23,991,4345,932,4146,59,199,0,0,989,4342,2,2,991,4344,California
San Joaquin,2020-12-24,223,4568,193,4339,30,229,0,0,222,4564,1,3,223,4567,California
San Joaquin,2020-12-25,18,4586,18,4357,0,229,0,0,18,4582,0,3,18,4585,California
San Joaquin,2020-12-26,103,4689,31,4388,72,301,0,0,103,4685,0,3,103,4688,California
San Joaquin,2020-12-27,46,4735,32,4420,14,315,0,0,46,4731,0,3,46,4734,California
San Joaquin,2020-12-28,631,5366,425,4845,206,521,0,0,631,5362,0,3,631,5365,California
San Joaquin,2020-12-29,802,6168,671,5516,131,652,0,0,801,6162,1,4,801,6166,California
San Joaquin,2020-12-30,1015,7183,722,6238,293,945,0,0,1013,7175,2,6,1015,7181,California
San Joaquin,2020-12-31,461,7644,205,6443,256,1201,0,0,461,7636,1,7,462,7643,California
San Joaquin,2021-01-01,25,7669,14,6457,11,1212,0,0,25,7661,0,7,25,7668,California
San Joaquin,2021-01-02,269,7938,245,6702,24,1236,0,0,269,7930,0,7,269,7937,California
San Joaquin,2021-01-03,38,7976,21,6723,17,1253,0,0,37,7966,1,8,37,7974,California
San Joaquin,2021-01-04,495,8471,353,7076,142,1395,0,0,493,8458,1,9,493,8467,California
San Joaquin,2021-01-05,1075,9546,710,7786,365,1760,0,0,829,9081,244,253,867,9334,California
San Joaquin,2021-01-06,1309,10855,785,8571,524,2284,0,0,942,9667,360,613,946,10280,California
San Joaquin,2021-01-07,1163,12018,759,9330,404,2688,0,0,800,10110,357,970,800,11080,California
San Joaquin,2021-01-08,1322,13340,923,10253,399,3087,0,0,744,10287,574,1544,751,11831,California
San Joaquin,2021-01-09,385,13725,302,10555,83,3170,0,0,251,10406,134,1678,253,12084,California
San Joaquin,2021-01-10,226,13951,117,10672,109,3279,0,0,172,10525,53,1731,172,12256,California
San Joaquin,2021-01-11,1569,15520,1340,12012,229,3508,0,0,883,10793,683,2414,951,13207,California
San Joaquin,2021-01-12,1668,17188,1169,13181,499,4007,0,0,826,10857,834,3248,898,14105,California
San Joaquin,2021-01-13,1594,18782,908,14089,686,4693,0,0,1005,11284,583,3831,1010,15115,California
San Joaquin,2021-01-14,1942,20724,992,15081,950,5643,0,0,1581,12549,335,4166,1600,16715,California
San Joaquin,2021-01-15,1651,22375,552,15633,1099,6742,0,0,1403,13746,231,4397,1428,18143,California
San Joaquin,2021-01-16,1137,23512,181,15814,956,7698,0,0,1105,14820,31,4428,1105,19248,California
San Joaquin,2021-01-17,1634,25146,140,15954,1494,9192,0,0,1588,16365,46,4474,1591,20839,California
San Joaquin,2021-01-18,748,25894,242,16196,506,9698,0,0,626,16873,118,4592,626,21465,California
San Joaquin,2021-01-19,1989,27883,898,17094,1091,10789,0,0,1299,17497,683,5275,1307,22772,California
San Joaquin,2021-01-20,2225,30108,1292,18386,933,11722,0,0,1566,18420,651,5926,1574,24346,California
San Joaquin,2021-01-21,2118,32226,903,19289,1215,12937,0,0,1719,19756,392,6318,1728,26074,California
San Joaquin,2021-01-22,2101,34327,914,20203,1187,14124,0,0,1939,21540,157,6475,1941,28015,California
San Joaquin,2021-01-23,907,35234,393,20596,514,14638,0,0,616,21870,288,6763,618,28633,California
San Joaquin,2021-01-24,369,35603,138,20734,231,14869,0,0,346,22196,20,6783,346,28979,California
San Joaquin,2021-01-25,2118,37721,1170,21904,948,15817,0,0,1524,23135,589,7372,1528,30507,California
San Joaquin,2021-01-26,2346,40067,1112,23016,1234,17051,0,0,1711,24231,623,7995,1719,32226,California
San Joaquin,2021-01-27,1826,41893,770,23786,1056,18107,0,0,1312,25041,508,8503,1318,33544,California
San Joaquin,2021-01-28,2231,44124,783,24569,1448,19555,0,0,1545,25917,679,9182,1555,35099,California
San Joaquin,2021-01-29,2311,46435,1053,25622,1258,20813,0,0,1939,27502,364,9546,1949,37048,California
San Joaquin,2021-01-30,2186,48621,355,25977,1831,22644,0,0,2002,29323,183,9729,2004,39052,California
San Joaquin,2021-01-31,1553,50174,173,26150,1380,24024,0,0,1482,30738,69,9798,1484,40536,California
San Joaquin,2021-02-01,2519,52693,1282,27432,1237,25261,0,0,1746,31714,772,10570,1748,42284,California
San Joaquin,2021-02-02,2670,55363,1178,28610,1492,26753,0,0,2048,33207,559,11129,2052,44336,California
San Joaquin,2021-02-03,3145,58508,1232,29842,1913,28666,0,0,2260,34600,877,12006,2270,46606,California
San Joaquin,2021-02-04,3584,62092,1793,31635,1791,30457,0,0,2669,36368,909,12915,2677,49283,California
San Joaquin,2021-02-05,3284,65376,1796,33431,1488,31945,0,0,2409,37944,847,13762,2423,51706,California
San Joaquin,2021-02-06,1073,66449,720,34151,353,32298,0,0,923,38721,147,13909,924,52630,California
San Joaquin,2021-02-07,624,67073,494,34645,130,32428,0,0,416,38936,202,14111,417,53047,California
San Joaquin,2021-02-08,1927,69000,1048,35693,879,33307,0,0,1551,40150,344,14455,1558,54605,California
San Joaquin,2021-02-09,2289,71289,1151,36844,1138,34445,0,0,1664,41272,545,15000,1667,56272,California
San Joaquin,2021-02-10,2775,74064,1265,38109,1510,35955,0,0,1456,41449,1281,16281,1458,57730,California
San Joaquin,2021-02-11,3056,77120,1475,39584,1581,37536,0,0,1734,41928,1262,17543,1741,59471,California
San Joaquin,2021-02-12,2987,80107,1142,40726,1845,39381,0,0,1649,42283,1298,18841,1653,61124,California
San Joaquin,2021-02-13,2145,82252,411,41137,1734,41115,0,0,867,41895,1261,20102,873,61997,California
San Joaquin,2021-02-14,1921,84173,264,41401,1657,42772,0,0,700,41408,1188,21290,701,62698,California
San Joaquin,2021-02-15,2089,86262,843,42244,1246,44018,0,0,1253,41871,794,22084,1257,63955,California
San Joaquin,2021-02-16,3355,89617,1406,43650,1949,45967,0,0,1855,42257,1479,23563,1865,65820,California
San Joaquin,2021-02-17,3583,93200,1301,44951,2282,48249,0,0,1975,42674,1562,25125,1979,67799,California
San Joaquin,2021-02-18,3555,96755,1408,46359,2147,50396,0,0,1971,43127,1524,26649,1977,69776,California
San Joaquin,2021-02-19,4400,101155,2445,48804,1955,52351,0,0,2426,43656,1898,28547,2427,72203,California
San Joaquin,2021-02-20,1612,102767,696,49500,916,53267,0,0,1079,44206,529,29076,1079,73282,California
San Joaquin,2021-02-21,706,103473,526,50026,180,53447,0,0,431,44368,271,29347,433,73715,California
San Joaquin,2021-02-22,3805,107278,2596,52622,1209,54656,0,0,2621,45856,1137,30484,2625,76340,California
San Joaquin,2021-02-23,4635,111913,2679,55301,1956,56612,0,0,2745,46792,1815,32299,2751,79091,California
San Joaquin,2021-02-24,5970,117883,3490,58791,2480,59092,0,0,4200,49278,1718,34017,4204,83295,California
San Joaquin,2021-02-25,6773,124656,4037,62828,2736,61828,0,0,4190,50982,2498,36515,4202,87497,California
San Joaquin,2021-02-26,5670,130326,2902,65730,2768,64596,0,0,3819,53012,1795,38310,3825,91322,California
San Joaquin,2021-02-27,5523,135849,1646,67376,3876,68472,1,1,2664,52895,2792,41102,2675,93997,California
San Joaquin,2021-02-28,3131,138980,1132,68508,1999,70471,0,1,2063,53927,1034,42136,2066,96063,California
San Joaquin,2021-03-01,4542,143522,1853,70361,2686,73157,3,4,2450,54355,2035,44171,2463,98526,California
San Joaquin,2021-03-02,4429,147951,1710,72071,2719,75876,0,4,2779,55575,1612,45783,2832,101358,California
San Joaquin,2021-03-03,6047,153998,3488,75559,2557,78433,2,6,4353,58278,1651,47434,4354,105712,California
San Joaquin,2021-03-04,5898,159896,2299,77858,3596,82029,3,9,3861,60137,2007,49441,3866,109578,California
San Joaquin,2021-03-05,4787,164683,1917,79775,2865,84894,5,14,3287,61988,1445,50886,3296,112874,California
San Joaquin,2021-03-06,3346,168029,2199,81974,1017,85911,130,144,2744,64273,592,51478,2877,115751,California
San Joaquin,2021-03-07,1310,169339,573,82547,635,86546,102,246,961,64989,331,51809,1047,116798,California
San Joaquin,2021-03-08,3317,172656,1292,83839,1890,88436,135,381,2149,66133,1140,52949,2284,119082,California
San Joaquin,2021-03-09,4355,177011,1879,85718,2346,90782,130,511,2758,67483,1544,54493,2894,121976,California
San Joaquin,2021-03-10,5020,182031,2543,88261,2334,93116,143,654,3506,69645,1487,55980,3649,125625,California
San Joaquin,2021-03-11,5329,187360,2476,90737,2248,95364,605,1259,3009,70963,2296,58276,3614,129239,California
San Joaquin,2021-03-12,6682,194042,3243,93980,3100,98464,339,1598,4205,73072,2439,60715,4548,133787,California
San Joaquin,2021-03-13,3254,197296,1520,95500,1608,100072,126,1724,2323,74612,918,61633,2458,136245,California
San Joaquin,2021-03-14,2182,199478,679,96179,1197,101269,306,2030,1028,74803,1147,62780,1338,137583,California
San Joaquin,2021-03-15,6182,205660,3526,99705,2248,103517,408,2438,3188,75467,2947,65727,3611,141194,California
San Joaquin,2021-03-16,7040,212700,3946,103651,2838,106355,256,2694,4102,76936,2896,68623,4365,145559,California
San Joaquin,2021-03-17,8041,220741,4748,108399,3222,109577,71,2765,4395,77831,3576,72199,4471,150030,California
San Joaquin,2021-03-18,7816,228557,4552,112951,2756,112333,508,3273,3851,78297,3898,76097,4364,154394,California
San Joaquin,2021-03-19,8126,236683,4703,117654,2878,115211,545,3818,4875,80558,3216,79313,5477,159871,California
San Joaquin,2021-03-20,3722,240405,2153,119807,1326,116537,243,4061,1831,80779,1867,81180,2088,161959,California
San Joaquin,2021-03-21,2140,242545,1516,121323,417,116954,207,4268,1154,81247,963,82143,1431,163390,California
San Joaquin,2021-03-22,4202,246747,2101,123424,1685,118639,416,4684,2475,82450,1692,83835,2895,166285,California
San Joaquin,2021-03-23,5537,252284,2705,126129,2664,121303,168,4852,3814,84751,1688,85523,3989,170274,California
San Joaquin,2021-03-24,7038,259322,4298,130427,2649,123952,91,4943,3099,84075,3872,89395,3196,173470,California
San Joaquin,2021-03-25,5783,265105,3373,133800,2364,126316,46,4989,3420,85225,2319,91714,3469,176939,California
San Joaquin,2021-03-26,6507,271612,2616,136416,3737,130053,154,5143,3346,85663,3084,94798,3522,180461,California
San Joaquin,2021-03-27,4701,276313,2643,139059,1983,132036,75,5218,1807,84690,2864,97662,1891,182352,California
San Joaquin,2021-03-28,2760,279073,1836,140895,899,132935,25,5243,1270,84625,1468,99130,1403,183755,California
San Joaquin,2021-03-29,4193,283266,2203,143098,1966,134901,24,5267,2118,84738,2045,101175,2158,185913,California
San Joaquin,2021-03-30,6447,289713,3200,146298,3154,138055,93,5360,3532,85518,2863,104038,3643,189556,California
San Joaquin,2021-03-31,6874,296587,4205,150503,2608,140663,61,5421,3487,85747,3343,107381,3572,193128,California
San Joaquin,2021-04-01,6681,303268,3027,153530,3561,144224,93,5514,2957,85178,3677,111058,3108,196236,California
San Joaquin,2021-04-02,6562,309830,2903,156433,3160,147384,499,6013,2599,84395,3913,114971,3130,199366,California
San Joaquin,2021-04-03,4229,314059,2408,158841,1496,148880,325,6338,2022,84568,2186,117157,2359,201725,California
San Joaquin,2021-04-04,2304,316363,1375,160216,723,149603,206,6544,1543,85589,748,117905,1769,203494,California
San Joaquin,2021-04-05,4992,321355,2868,163084,1884,151487,240,6784,2719,86323,2232,120137,2966,206460,California
San Joaquin,2021-04-06,7365,328720,4579,167663,2506,153993,280,7064,3454,86225,3843,123980,3745,210205,California
San Joaquin,2021-04-07,8514,337234,4596,172259,2326,156319,1592,8656,3580,86507,4898,128878,5180,215385,California
San Joaquin,2021-04-08,8973,346207,4774,177033,2032,158351,2167,10823,3388,86518,5543,134421,5554,220939,California
San Joaquin,2021-04-09,9166,355373,4415,181448,3181,161532,1570,12393,3358,85688,5770,140191,4940,225879,California
San Joaquin,2021-04-10,5269,360642,1667,183115,1690,163222,1912,14305,1789,85923,3463,143654,3698,229577,California
San Joaquin,2021-04-11,4318,364960,1785,184900,1367,164589,1166,15471,1990,86759,2314,145968,3150,232727,California
San Joaquin,2021-04-12,6232,371192,2522,187422,2156,166745,1554,17025,2449,87015,3750,149718,4006,236733,California
San Joaquin,2021-04-13,7724,378916,4419,191841,3296,170041,9,17034,4691,88726,2996,152714,4707,241440,California
San Joaquin,2021-04-14,7763,386679,3936,195777,3825,173866,2,17036,4661,90327,3073,155787,4674,246114,California
San Joaquin,2021-04-15,8048,394727,4776,200553,3272,177138,0,17036,4434,91206,3563,159350,4442,250556,California
San Joaquin,2021-04-16,7931,402658,4302,204855,3626,180764,3,17039,4764,92855,3131,162481,4780,255336,California
San Joaquin,2021-04-17,5216,407874,2837,207692,2377,183141,2,17041,3693,95059,1508,163989,3712,259048,California
San Joaquin,2021-04-18,2610,410484,1504,209196,1106,184247,0,17041,1384,95242,1207,165196,1390,260438,California
San Joaquin,2021-04-19,5335,415819,2843,212039,2491,186738,1,17042,2779,95514,2519,167715,2791,263229,California
San Joaquin,2021-04-20,6499,422318,3487,215526,3011,189749,1,17043,3051,95163,3413,171128,3062,266291,California
San Joaquin,2021-04-21,6075,428393,3462,218988,2612,192361,1,17044,3098,95357,2913,174041,3107,269398,California
San Joaquin,2021-04-22,5571,433964,3316,222304,2253,194614,2,17046,3141,96125,2392,176433,3160,272558,California
San Joaquin,2021-04-23,6225,440189,3034,225338,3190,197804,1,17047,3893,97723,2303,178736,3901,276459,California
San Joaquin,2021-04-24,5289,445478,3644,228982,1643,199447,2,17049,3435,99344,1825,180561,3446,279905,California
San Joaquin,2021-04-25,3083,448561,2598,231580,485,199932,0,17049,2049,100393,1006,181567,2055,281960,California
San Joaquin,2021-04-26,4244,452805,2740,234320,1500,201432,4,17053,2183,100545,2041,183608,2193,284153,California
San Joaquin,2021-04-27,4837,457642,2770,237090,2005,203437,62,17115,2041,99890,2766,186374,2111,286264,California
San Joaquin,2021-04-28,5877,463519,3523,240613,2274,205711,80,17195,2855,99854,2981,189355,2945,289209,California
San Joaquin,2021-04-29,5193,468712,3054,243667,2082,207793,57,17252,2621,100004,2539,191894,2689,291898,California
San Joaquin,2021-04-30,5255,473967,2596,246263,2592,210385,67,17319,2687,100225,2543,194437,2764,294662,California
San Joaquin,2021-05-01,3385,477352,1933,248196,1393,211778,59,17378,2156,101234,1217,195654,2226,296888,California
San Joaquin,2021-05-02,2312,479664,1610,249806,645,212423,57,17435,1169,101323,1138,196792,1227,298115,California
San Joaquin,2021-05-03,3428,483092,2293,252099,1055,213478,80,17515,1416,100834,1994,198786,1505,299620,California
San Joaquin,2021-05-04,5101,488193,3435,255534,1507,214985,159,17674,1859,99646,3217,202003,2029,301649,California
San Joaquin,2021-05-05,5382,493575,3727,259261,1491,216476,164,17838,2395,99262,2951,204954,2567,304216,California
San Joaquin,2021-05-06,4916,498491,3318,262579,1467,217943,131,17969,2132,98771,2765,207719,2274,306490,California
San Joaquin,2021-05-07,5361,503852,3152,265731,2056,219999,153,18122,2037,97674,3297,211016,2200,308690,California
San Joaquin,2021-05-08,3414,507266,2242,267973,1071,221070,101,18223,1287,96964,2107,213123,1397,310087,California
San Joaquin,2021-05-09,1522,508788,869,268842,583,221653,70,18293,575,96671,944,214067,651,310738,California
San Joaquin,2021-05-10,2954,511742,1565,270407,1263,222916,126,18419,945,95757,1990,216057,1076,311814,California
San Joaquin,2021-05-11,4280,516022,2234,272641,1923,224839,123,18542,1299,94248,2963,219020,1454,313268,California
San Joaquin,2021-05-12,4540,520562,2170,274811,2245,227084,125,18667,1397,92663,3119,222139,1534,314802,California
San Joaquin,2021-05-13,4902,525464,2881,277692,1931,229015,90,18757,1878,91636,3008,225147,1981,316783,California
San Joaquin,2021-05-14,5929,531393,3571,281263,2250,231265,108,18865,2439,90730,3458,228605,2552,319335,California
San Joaquin,2021-05-15,5271,536664,3143,284406,2046,233311,82,18947,1655,88887,3583,232188,1740,321075,California
San Joaquin,2021-05-16,3626,540290,2854,287260,723,234034,49,18996,1471,88275,2140,234328,1528,322603,California
San Joaquin,2021-05-17,4180,544470,2506,289766,1577,235611,97,19093,1795,87811,2366,236694,1902,324505,California
San Joaquin,2021-05-18,4016,548486,2321,292087,1580,237191,115,19208,1863,87659,2133,238827,1981,326486,California
San Joaquin,2021-05-19,4803,553289,2801,294888,1867,239058,135,19343,2027,87086,2745,241572,2172,328658,California
San Joaquin,2021-05-20,4019,557308,2409,297297,1505,240563,105,19448,1733,86667,2260,243832,1841,330499,California
San Joaquin,2021-05-21,5125,562433,3022,300319,1980,242543,123,19571,2308,86323,2784,246616,2440,332939,California
San Joaquin,2021-05-22,4068,566501,2552,302871,1421,243964,95,19666,1814,86004,2239,248855,1920,334859,California
San Joaquin,2021-05-23,2543,569044,2087,304958,412,244376,44,19710,1471,86463,1060,249915,1519,336378,California
San Joaquin,2021-05-24,3108,572152,1825,306783,1190,245566,93,19803,1451,86371,1641,251556,1549,337927,California
San Joaquin,2021-05-25,3142,575294,1955,308738,1039,246605,148,19951,1449,86299,1670,253226,1598,339525,California
San Joaquin,2021-05-26,3938,579232,2428,311166,1435,248040,75,20026,1601,85659,2320,255546,1680,341205,California
San Joaquin,2021-05-27,3149,582381,1716,312882,1347,249387,86,20112,1278,85171,1854,257400,1366,342571,California
San Joaquin,2021-05-28,3155,585536,1692,314574,1371,250758,92,20204,1464,85072,1664,259064,1565,344136,California
San Joaquin,2021-05-29,2156,587692,1192,315766,928,251686,36,20240,919,84799,1232,260296,959,345095,California
San Joaquin,2021-05-30,978,588670,524,316290,428,252114,26,20266,400,84656,572,260868,429,345524,California
San Joaquin,2021-05-31,624,589294,264,316554,353,252467,7,20273,239,84522,380,261248,246,345770,California
San Joaquin,2021-06-01,2480,591774,1497,318051,886,253353,97,20370,1180,84515,1290,262538,1283,347053,California
San Joaquin,2021-06-02,2740,594514,1620,319671,1066,254419,54,20424,1137,84122,1587,264125,1194,348247,California
San Joaquin,2021-06-03,2860,597374,1769,321440,1033,255452,58,20482,1060,83462,1782,265907,1122,349369,California
San Joaquin,2021-06-04,3156,600530,1941,323381,1110,256562,105,20587,1059,82558,2069,267976,1165,350534,California
San Joaquin,2021-06-05,2520,603050,1918,325299,536,257098,66,20653,1149,82497,1280,269256,1219,351753,California
San Joaquin,2021-06-06,1098,604148,883,326182,178,257276,37,20690,426,82307,654,269910,464,352217,California
San Joaquin,2021-06-07,2844,606992,2104,328286,699,257975,41,20731,980,81480,1856,271766,1029,353246,California
San Joaquin,2021-06-08,2780,609772,2106,330392,629,258604,45,20776,874,80513,1889,273655,922,354168,California
San Joaquin,2021-06-09,2884,612656,2014,332406,826,259430,44,20820,993,79679,1872,275527,1038,355206,California
San Joaquin,2021-06-10,2676,615332,1945,334351,665,260095,66,20886,1002,79082,1669,277196,1072,356278,California
San Joaquin,2021-06-11,2976,618308,2058,336409,800,260895,118,21004,977,78188,1990,279186,1096,357374,California
San Joaquin,2021-06-12,1861,620169,1402,337811,429,261324,30,21034,629,77643,1225,280411,680,358054,California
San Joaquin,2021-06-13,1076,621245,825,338636,203,261527,48,21082,497,77615,575,280986,547,358601,California
San Joaquin,2021-06-14,2226,623471,1496,340132,657,262184,73,21155,930,77336,1283,282269,1004,359605,California
San Joaquin,2021-06-15,2254,625725,1506,341638,671,262855,77,21232,877,76930,1363,283632,957,360562,California
San Joaquin,2021-06-16,2799,628524,2031,343669,686,263541,82,21314,908,76043,1876,285508,989,361551,California
San Joaquin,2021-06-17,2628,631152,1870,345539,695,264236,63,21377,895,75281,1720,287228,958,362509,California
San Joaquin,2021-06-18,2810,633962,1855,347394,879,265115,76,21453,1184,74930,1612,288840,1261,363770,California
San Joaquin,2021-06-19,1395,635357,867,348261,268,265383,260,21713,499,74801,889,289729,760,364530,California
San Joaquin,2021-06-20,664,636021,526,348787,112,265495,26,21739,297,74762,361,290090,322,364852,California
San Joaquin,2021-06-21,1628,637649,964,349751,555,266050,109,21848,822,74894,799,290889,931,365783,California
San Joaquin,2021-06-22,1903,639552,1255,351006,577,266627,71,21919,818,74708,1073,291962,887,366670,California
San Joaquin,2021-06-23,1981,641533,1307,352313,597,267224,77,21996,779,74381,1183,293145,856,367526,California
San Joaquin,2021-06-24,1979,643512,1349,353662,535,267759,95,22091,873,74304,1044,294189,967,368493,California
San Joaquin,2021-06-25,1724,645236,1100,354762,545,268304,79,22170,762,74192,954,295143,842,369335,California
San Joaquin,2021-06-26,1075,646311,804,355566,220,268524,51,22221,518,74211,551,295694,570,369905,California
San Joaquin,2021-06-27,569,646880,429,355995,99,268623,41,22262,263,74213,301,295995,303,370208,California
San Joaquin,2021-06-28,1452,648332,1024,357019,359,268982,69,22331,663,74187,758,296753,732,370940,California
San Joaquin,2021-06-29,1437,649769,907,357926,459,269441,71,22402,647,74122,782,297535,717,371657,California
San Joaquin,2021-06-30,1499,651268,1024,358950,404,269845,71,22473,637,73978,855,298390,711,372368,California
San Joaquin,2021-07-01,1580,652848,1093,360043,394,270239,93,22566,688,73875,882,299272,779,373147,California
San Joaquin,2021-07-02,1541,654389,1065,361108,423,270662,53,22619,712,73817,824,300096,766,373913,California
San Joaquin,2021-07-03,701,655090,510,361618,164,270826,27,22646,388,73920,312,300408,415,374328,California
San Joaquin,2021-07-04,135,655225,89,361707,33,270859,13,22659,59,73917,76,300484,73,374401,California
San Joaquin,2021-07-05,806,656031,568,362275,194,271053,44,22703,394,73946,409,300893,438,374839,California
San Joaquin,2021-07-06,1329,657360,871,363146,403,271456,55,22758,567,73824,747,301640,625,375464,California
San Joaquin,2021-07-07,1316,658676,967,364113,285,271741,64,22822,608,73797,702,302342,675,376139,California
San Joaquin,2021-07-08,1317,659993,934,365047,329,272070,54,22876,622,73784,690,303032,677,376816,California
San Joaquin,2021-07-09,1023,661016,757,365804,242,272312,24,22900,495,73805,526,303558,547,377363,California
San Luis Obispo,2020-12-16,4,4,4,4,0,0,0,0,4,4,0,0,4,4,California
San Luis Obispo,2020-12-17,195,199,195,199,0,0,0,0,195,199,0,0,195,199,California
San Luis Obispo,2020-12-18,223,422,223,422,0,0,0,0,223,422,0,0,223,422,California
San Luis Obispo,2020-12-19,164,586,164,586,0,0,0,0,164,586,0,0,164,586,California
San Luis Obispo,2020-12-20,215,801,215,801,0,0,0,0,215,801,0,0,215,801,California
San Luis Obispo,2020-12-21,551,1352,550,1351,1,1,0,0,551,1352,0,0,551,1352,California
San Luis Obispo,2020-12-22,309,1661,305,1656,4,5,0,0,309,1661,0,0,309,1661,California
San Luis Obispo,2020-12-23,683,2344,369,2025,314,319,0,0,683,2344,0,0,683,2344,California
San Luis Obispo,2020-12-24,194,2538,19,2044,175,494,0,0,194,2538,0,0,194,2538,California
San Luis Obispo,2020-12-25,2,2540,1,2045,1,495,0,0,2,2540,0,0,2,2540,California
San Luis Obispo,2020-12-26,90,2630,13,2058,77,572,0,0,90,2630,0,0,90,2630,California
San Luis Obispo,2020-12-27,76,2706,0,2058,76,648,0,0,76,2706,0,0,76,2706,California
San Luis Obispo,2020-12-28,879,3585,429,2487,450,1098,0,0,879,3585,0,0,879,3585,California
San Luis Obispo,2020-12-29,904,4489,505,2992,399,1497,0,0,904,4489,0,0,904,4489,California
San Luis Obispo,2020-12-30,1172,5661,679,3671,493,1990,0,0,1172,5661,0,0,1172,5661,California
San Luis Obispo,2020-12-31,110,5771,4,3675,106,2096,0,0,110,5771,0,0,110,5771,California
San Luis Obispo,2021-01-01,19,5790,11,3686,8,2104,0,0,19,5790,0,0,19,5790,California
San Luis Obispo,2021-01-02,34,5824,8,3694,26,2130,0,0,34,5824,0,0,34,5824,California
San Luis Obispo,2021-01-03,17,5841,6,3700,11,2141,0,0,17,5841,0,0,17,5841,California
San Luis Obispo,2021-01-04,681,6522,525,4225,156,2297,0,0,681,6522,0,0,681,6522,California
San Luis Obispo,2021-01-05,978,7500,758,4983,220,2517,0,0,975,7494,3,3,975,7497,California
San Luis Obispo,2021-01-06,728,8228,482,5465,246,2763,0,0,720,8207,7,10,720,8217,California
San Luis Obispo,2021-01-07,1121,9349,945,6410,176,2939,0,0,679,8444,442,452,679,8896,California
San Luis Obispo,2021-01-08,885,10234,804,7214,81,3020,0,0,516,8592,368,820,516,9412,California
San Luis Obispo,2021-01-09,205,10439,195,7409,10,3030,0,0,28,8443,177,997,28,9440,California
San Luis Obispo,2021-01-10,12,10451,8,7417,4,3034,0,0,8,8447,4,1001,8,9448,California
San Luis Obispo,2021-01-11,562,11013,511,7928,51,3085,0,0,298,8482,263,1264,298,9746,California
San Luis Obispo,2021-01-12,614,11627,384,8312,230,3315,0,0,321,8522,293,1557,333,10079,California
San Luis Obispo,2021-01-13,891,12518,262,8574,629,3944,0,0,652,8936,238,1795,652,10731,California
San Luis Obispo,2021-01-14,725,13243,237,8811,488,4432,0,0,605,9428,113,1908,605,11336,California
San Luis Obispo,2021-01-15,728,13971,289,9100,439,4871,0,0,552,9806,174,2082,552,11888,California
San Luis Obispo,2021-01-16,109,14080,88,9188,21,4892,0,0,97,9891,12,2094,97,11985,California
San Luis Obispo,2021-01-17,63,14143,56,9244,7,4899,0,0,63,9954,0,2094,63,12048,California
San Luis Obispo,2021-01-18,1373,15516,391,9635,982,5881,0,0,1109,10799,264,2358,1109,13157,California
San Luis Obispo,2021-01-19,1583,17099,418,10053,1165,7046,0,0,1171,11559,412,2770,1172,14329,California
San Luis Obispo,2021-01-20,1900,18999,602,10655,1298,8344,0,0,1307,12276,591,3361,1308,15637,California
San Luis Obispo,2021-01-21,1580,20579,470,11125,1110,9454,0,0,1208,13117,368,3729,1209,16846,California
San Luis Obispo,2021-01-22,1523,22102,509,11634,1014,10468,0,0,1207,14010,314,4043,1207,18053,California
San Luis Obispo,2021-01-23,306,22408,287,11921,19,10487,0,0,290,14284,16,4059,290,18343,California
San Luis Obispo,2021-01-24,439,22847,232,12153,207,10694,0,0,433,14710,7,4066,433,18776,California
San Luis Obispo,2021-01-25,2076,24923,604,12757,1472,12166,0,0,1243,15120,833,4899,1243,20019,California
San Luis Obispo,2021-01-26,2009,26932,711,13468,1298,13464,0,0,1139,15389,870,5769,1139,21158,California
San Luis Obispo,2021-01-27,1608,28540,281,13749,1327,14791,0,0,1148,16077,460,6229,1148,22306,California
San Luis Obispo,2021-01-28,1496,30036,343,14092,1153,15944,0,0,1232,17046,263,6492,1232,23538,California
San Luis Obispo,2021-01-29,1751,31787,693,14785,1058,17002,0,0,1457,18209,294,6786,1457,24995,California
San Luis Obispo,2021-01-30,41,31828,19,14804,22,17024,0,0,29,18227,11,6797,29,25024,California
San Luis Obispo,2021-01-31,235,32063,19,14823,216,17240,0,0,233,18458,2,6799,233,25257,California
San Luis Obispo,2021-02-01,1710,33773,740,15563,970,18210,0,0,1405,19558,305,7104,1405,26662,California
San Luis Obispo,2021-02-02,1908,35681,682,16245,1226,19436,0,0,1528,20707,380,7484,1529,28191,California
San Luis Obispo,2021-02-03,1710,37391,727,16972,983,20419,0,0,1290,21577,420,7904,1290,29481,California
San Luis Obispo,2021-02-04,1661,39052,801,17773,860,21279,0,0,1094,22104,567,8471,1094,30575,California
San Luis Obispo,2021-02-05,1614,40666,719,18492,895,22174,0,0,1068,22626,546,9017,1068,31643,California
San Luis Obispo,2021-02-06,179,40845,108,18600,71,22245,0,0,98,22644,80,9097,98,31741,California
San Luis Obispo,2021-02-07,124,40969,79,18679,45,22290,0,0,72,22665,52,9149,73,31814,California
San Luis Obispo,2021-02-08,866,41835,473,19152,393,22683,0,0,501,22802,364,9513,501,32315,California
San Luis Obispo,2021-02-09,1129,42964,449,19601,680,23363,0,0,547,22780,569,10082,547,32862,California
San Luis Obispo,2021-02-10,1443,44407,493,20094,950,24313,0,0,528,22398,910,10992,528,33390,California
San Luis Obispo,2021-02-11,1334,45741,844,20938,490,24803,0,0,660,22386,672,11664,660,34050,California
San Luis Obispo,2021-02-12,784,46525,361,21299,423,25226,0,0,417,22436,367,12031,417,34467,California
San Luis Obispo,2021-02-13,397,46922,132,21431,265,25491,0,0,287,22614,109,12140,287,34754,California
San Luis Obispo,2021-02-14,323,47245,45,21476,278,25769,0,0,282,22856,41,12181,283,35037,California
San Luis Obispo,2021-02-15,730,47975,139,21615,591,26360,0,0,473,23074,255,12436,473,35510,California
San Luis Obispo,2021-02-16,2989,50964,1198,22813,1791,28151,0,0,1363,22812,1625,14061,1363,36873,California
San Luis Obispo,2021-02-17,2799,53763,1252,24065,1547,29698,0,0,1024,22070,1766,15827,1024,37897,California
San Luis Obispo,2021-02-18,2849,56612,1473,25538,1376,31074,0,0,1138,21507,1702,17529,1139,39036,California
San Luis Obispo,2021-02-19,1474,58086,1352,26890,122,31196,0,0,1141,22317,331,17860,1141,40177,California
San Luis Obispo,2021-02-20,260,58346,89,26979,171,31367,0,0,220,22497,40,17900,220,40397,California
San Luis Obispo,2021-02-21,58,58404,54,27033,4,31371,0,0,32,22503,26,17926,32,40429,California
San Luis Obispo,2021-02-22,2433,60837,1881,28914,552,31923,0,0,1472,23017,959,18885,1473,41902,California
San Luis Obispo,2021-02-23,1871,62708,1755,30669,116,32039,0,0,1365,23879,504,19389,1366,43268,California
San Luis Obispo,2021-02-24,2681,65389,1321,31990,1360,33399,0,0,838,22877,1840,21229,838,44106,California
San Luis Obispo,2021-02-25,2146,67535,1252,33242,894,34293,0,0,1213,23166,925,22154,1214,45320,California
San Luis Obispo,2021-02-26,2663,70198,1154,34396,1509,35802,0,0,1332,23177,1321,23475,1332,46652,California
San Luis Obispo,2021-02-27,591,70789,358,34754,233,36035,0,0,533,23653,57,23532,533,47185,California
San Luis Obispo,2021-02-28,592,71381,67,34821,525,36560,0,0,162,23387,428,23960,162,47347,California
San Luis Obispo,2021-03-01,3017,74398,1883,36704,1132,37692,2,2,2077,24527,940,24900,2080,49427,California
San Luis Obispo,2021-03-02,3071,77469,1920,38624,1151,38843,0,2,1907,25276,1159,26059,1908,51335,California
San Luis Obispo,2021-03-03,2364,79833,349,38973,2015,40858,0,2,858,24635,1500,27559,859,52194,California
San Luis Obispo,2021-03-04,2226,82059,1162,40135,1064,41922,0,2,1193,24801,1030,28589,1196,53390,California
San Luis Obispo,2021-03-05,2309,84368,1022,41157,1216,43138,71,73,1300,25177,995,29584,1371,54761,California
San Luis Obispo,2021-03-06,837,85205,312,41469,418,43556,107,180,615,25671,222,29806,716,55477,California
San Luis Obispo,2021-03-07,230,85435,35,41504,92,43648,103,283,85,25711,144,29950,184,55661,California
San Luis Obispo,2021-03-08,2745,88180,757,42261,1669,45317,319,602,1543,26374,1197,31147,1860,57521,California
San Luis Obispo,2021-03-09,2980,91160,983,43244,1749,47066,248,850,1535,26717,1441,32588,1784,59305,California
San Luis Obispo,2021-03-10,3205,94365,1244,44488,1680,48746,281,1131,1823,27441,1378,33966,2102,61407,California
San Luis Obispo,2021-03-11,3369,97734,1328,45816,1718,50464,323,1454,1814,28038,1541,35507,2138,63545,California
San Luis Obispo,2021-03-12,3239,100973,1259,47075,1642,52106,338,1792,1626,28396,1606,37113,1964,65509,California
San Luis Obispo,2021-03-13,912,101885,263,47338,539,52645,110,1902,542,28676,369,37482,649,66158,California
San Luis Obispo,2021-03-14,513,102398,55,47393,347,52992,111,2013,134,28543,378,37860,245,66403,California
San Luis Obispo,2021-03-15,3077,105475,1108,48501,1869,54861,100,2113,1533,28638,1541,39401,1636,68039,California
San Luis Obispo,2021-03-16,2859,108334,1510,50011,1239,56100,110,2223,1446,28786,1406,40807,1554,69593,California
San Luis Obispo,2021-03-17,3466,111800,1451,51462,1753,57853,262,2485,2011,29617,1441,42248,2272,71865,California
San Luis Obispo,2021-03-18,2854,114654,1453,52915,1187,59040,214,2699,1362,29707,1484,43732,1574,73439,California
San Luis Obispo,2021-03-19,2608,117262,1576,54491,709,59749,323,3022,968,29370,1630,45362,1293,74732,California
San Luis Obispo,2021-03-20,841,118103,502,54993,302,60051,37,3059,387,29341,453,45815,424,75156,California
San Luis Obispo,2021-03-21,192,118295,47,55040,141,60192,4,3063,160,29473,31,45846,163,75319,California
San Luis Obispo,2021-03-22,2772,121067,1182,56222,1542,61734,48,3111,1929,30612,838,46684,1977,77296,California
San Luis Obispo,2021-03-23,3377,124444,2248,58470,1099,62833,30,3141,2242,31754,1130,47814,2272,79568,California
San Luis Obispo,2021-03-24,3592,128036,2200,60670,1307,64140,85,3226,2678,33609,907,48721,2762,82330,California
San Luis Obispo,2021-03-25,3735,131771,2344,63014,1379,65519,12,3238,2676,35244,1052,49773,2687,85017,California
San Luis Obispo,2021-03-26,3346,135117,1827,64841,1047,66566,472,3710,1868,36113,1471,51244,2340,87357,California
San Luis Obispo,2021-03-27,1010,136127,511,65352,408,66974,91,3801,453,36103,554,51798,544,87901,California
San Luis Obispo,2021-03-28,620,136747,156,65508,408,67382,56,3857,417,36375,202,52000,474,88375,California
San Luis Obispo,2021-03-29,2643,139390,1327,66835,1183,68565,133,3990,1688,37258,939,52939,1822,90197,California
San Luis Obispo,2021-03-30,3540,142930,1942,68777,1457,70022,141,4131,2343,38552,1189,54128,2483,92680,California
San Luis Obispo,2021-03-31,3904,146834,2487,71264,1268,71290,149,4280,2505,39816,1388,55516,2652,95332,California
San Luis Obispo,2021-04-01,3928,150762,2489,73753,1321,72611,118,4398,2728,41478,1182,56698,2844,98176,California
San Luis Obispo,2021-04-02,1760,152522,690,74443,754,73365,316,4714,955,41945,802,57500,1269,99445,California
San Luis Obispo,2021-04-03,1114,153636,557,75000,430,73795,127,4841,492,41948,616,58116,619,100064,California
San Luis Obispo,2021-04-04,380,154016,134,75134,206,74001,40,4881,232,42072,148,58264,272,100336,California
San Luis Obispo,2021-04-05,3655,157671,1947,77081,1594,75595,114,4995,2042,42618,1609,59873,2155,102491,California
San Luis Obispo,2021-04-06,4181,161852,2211,79292,1646,77241,324,5319,1984,42737,2188,62061,2307,104798,California
San Luis Obispo,2021-04-07,4316,166168,2348,81640,1602,78843,366,5685,2474,43747,1826,63887,2836,107634,California
San Luis Obispo,2021-04-08,4003,170171,2193,83833,1401,80244,409,6094,2132,44427,1861,65748,2541,110175,California
San Luis Obispo,2021-04-09,3690,173861,1757,85590,1172,81416,761,6855,1506,44516,2172,67920,2261,112436,California
San Luis Obispo,2021-04-10,1698,175559,569,86159,459,81875,670,7525,497,44481,1198,69118,1163,113599,California
San Luis Obispo,2021-04-11,316,175875,64,86223,185,82060,67,7592,126,44486,188,69306,193,113792,California
San Luis Obispo,2021-04-12,3451,179326,1729,87952,1559,83619,163,7755,1408,44016,2040,71346,1570,115362,California
San Luis Obispo,2021-04-13,3793,183119,2183,90135,1609,85228,1,7756,2001,44231,1788,73134,2003,117365,California
San Luis Obispo,2021-04-14,3604,186723,2063,92198,1536,86764,5,7761,1757,44164,1828,74962,1761,119126,California
San Luis Obispo,2021-04-15,3819,190542,2489,94687,1329,88093,1,7762,2030,44430,1767,76729,2033,121159,California
San Luis Obispo,2021-04-16,3686,194228,2244,96931,1438,89531,4,7766,1767,44290,1909,78638,1769,122928,California
San Luis Obispo,2021-04-17,1101,195329,437,97368,662,90193,2,7768,712,44616,388,79026,714,123642,California
San Luis Obispo,2021-04-18,327,195656,103,97471,223,90416,1,7769,115,44523,208,79234,115,123757,California
San Luis Obispo,2021-04-19,3218,198874,1359,98830,1821,92237,38,7807,1096,43542,2116,81350,1135,124892,California
San Luis Obispo,2021-04-20,3664,202538,2038,100868,1626,93863,0,7807,1324,42537,2329,83679,1324,126216,California
San Luis Obispo,2021-04-21,4032,206570,1850,102718,2182,96045,0,7807,1624,41777,2387,86066,1627,127843,California
San Luis Obispo,2021-04-22,4632,211202,2080,104798,2552,98597,0,7807,1403,39973,3209,89275,1405,129248,California
San Luis Obispo,2021-04-23,1444,212646,838,105636,602,99199,4,7811,724,39986,716,89991,729,129977,California
San Luis Obispo,2021-04-24,1082,213728,439,106075,624,99823,19,7830,507,39930,582,90573,526,130503,California
San Luis Obispo,2021-04-25,518,214246,163,106238,355,100178,0,7830,115,39647,398,90971,115,130618,California
San Luis Obispo,2021-04-26,1082,215328,394,106632,670,100848,18,7848,398,39390,672,91643,415,131033,California
San Luis Obispo,2021-04-27,3929,219257,1994,108626,1856,102704,79,7927,1522,38592,2398,94041,1600,132633,California
San Luis Obispo,2021-04-28,3823,223080,2112,110738,1639,104343,72,7999,1334,37521,2477,96518,1406,134039,California
San Luis Obispo,2021-04-29,3740,226820,2129,112867,1542,105885,69,8068,1247,36363,2475,98993,1317,135356,California
San Luis Obispo,2021-04-30,3005,229825,1686,114553,1244,107129,75,8143,912,35279,2071,101064,987,136343,California
San Luis Obispo,2021-05-01,480,230305,165,114718,280,107409,35,8178,103,35043,373,101437,137,136480,California
San Luis Obispo,2021-05-02,168,230473,53,114771,95,107504,20,8198,43,34981,125,101562,63,136543,California
San Luis Obispo,2021-05-03,897,231370,285,115056,501,108005,111,8309,224,34644,670,102232,333,136876,California
San Luis Obispo,2021-05-04,2978,234348,1922,116978,984,108989,72,8381,874,33490,2097,104329,943,137819,California
San Luis Obispo,2021-05-05,2861,237209,1878,118856,916,109905,67,8448,672,32056,2173,106502,739,138558,California
San Luis Obispo,2021-05-06,2844,240053,1915,120771,865,110770,64,8512,710,30715,2114,108616,773,139331,California
San Luis Obispo,2021-05-07,2373,242426,1776,122547,529,111299,68,8580,593,29616,1761,110377,662,139993,California
San Luis Obispo,2021-05-08,606,243032,344,122891,238,111537,24,8604,202,29458,384,110761,226,140219,California
San Luis Obispo,2021-05-09,166,243198,42,122933,105,111642,19,8623,45,29402,120,110881,64,140283,California
San Luis Obispo,2021-05-10,735,243933,159,123092,524,112166,52,8675,157,29037,572,111453,207,140490,California
San Luis Obispo,2021-05-11,1218,245151,598,123690,545,112711,75,8750,382,28664,830,112283,457,140947,California
San Luis Obispo,2021-05-12,2516,247667,1615,125305,817,113528,84,8834,691,27632,1806,114089,774,141721,California
San Luis Obispo,2021-05-13,1180,248847,714,126019,404,113932,62,8896,488,27495,686,114775,549,142270,California
San Luis Obispo,2021-05-14,2277,251124,1652,127671,573,114505,52,8948,934,27154,1326,116101,985,143255,California
San Luis Obispo,2021-05-15,992,252116,456,128127,502,115007,34,8982,462,27124,527,116628,497,143752,California
San Luis Obispo,2021-05-16,309,252425,165,128292,138,115145,6,8988,176,27174,132,116760,182,143934,California
San Luis Obispo,2021-05-17,1693,254118,978,129270,655,115800,60,9048,666,26883,1018,117778,727,144661,California
San Luis Obispo,2021-05-18,1908,256026,1162,130432,713,116513,33,9081,722,26459,1180,118958,756,145417,California
San Luis Obispo,2021-05-19,1456,257482,623,131055,770,117283,63,9144,398,25869,1050,120008,460,145877,California
San Luis Obispo,2021-05-20,1146,258628,496,131551,613,117896,37,9181,336,25443,799,120807,373,146250,California
San Luis Obispo,2021-05-21,1109,259737,573,132124,491,118387,45,9226,508,25405,591,121398,553,146803,California
San Luis Obispo,2021-05-22,686,260423,327,132451,336,118723,23,9249,342,25434,336,121734,365,147168,California
San Luis Obispo,2021-05-23,147,260570,68,132519,73,118796,6,9255,51,25396,95,121829,57,147225,California
San Luis Obispo,2021-05-24,568,261138,263,132782,265,119061,40,9295,201,25273,364,122193,241,147466,California
San Luis Obispo,2021-05-25,881,262019,430,133212,423,119484,28,9323,347,25121,526,122719,374,147840,California
San Luis Obispo,2021-05-26,2145,264164,996,134208,1094,120578,55,9378,661,24359,1477,124196,715,148555,California
San Luis Obispo,2021-05-27,1882,266046,670,134878,1180,121758,32,9410,490,23495,1385,125581,521,149076,California
San Luis Obispo,2021-05-28,930,266976,474,135352,429,122187,27,9437,488,23570,440,126021,515,149591,California
San Luis Obispo,2021-05-29,379,267355,153,135505,215,122402,11,9448,208,23620,170,126191,220,149811,California
San Luis Obispo,2021-05-30,89,267444,36,135541,45,122447,8,9456,34,23608,53,126244,41,149852,California
San Luis Obispo,2021-05-31,42,267486,6,135547,23,122470,13,9469,16,23612,24,126268,28,149880,California
San Luis Obispo,2021-06-01,757,268243,325,135872,401,122871,31,9500,271,23432,482,126750,302,150182,California
San Luis Obispo,2021-06-02,640,268883,287,136159,311,123182,42,9542,183,23206,450,127200,224,150406,California
San Luis Obispo,2021-06-03,916,269799,453,136612,431,123613,32,9574,252,22829,661,127861,284,150690,California
San Luis Obispo,2021-06-04,2488,272287,1525,138137,921,124534,42,9616,706,21805,1770,129631,746,151436,California
San Luis Obispo,2021-06-05,668,272955,289,138426,359,124893,20,9636,326,21810,341,129972,346,151782,California
San Luis Obispo,2021-06-06,191,273146,136,138562,46,124939,9,9645,52,21732,139,130111,61,151843,California
San Luis Obispo,2021-06-07,547,273693,357,138919,149,125088,41,9686,154,21537,390,130501,195,152038,California
San Luis Obispo,2021-06-08,811,274504,527,139446,243,125331,41,9727,246,21263,561,131062,287,152325,California
San Luis Obispo,2021-06-09,641,275145,357,139803,253,125584,31,9758,188,21033,449,131511,219,152544,California
San Luis Obispo,2021-06-10,752,275897,360,140163,353,125937,39,9797,219,20760,531,132042,258,152802,California
San Luis Obispo,2021-06-11,939,276836,541,140704,362,126299,36,9833,340,20542,595,132637,377,153179,California
San Luis Obispo,2021-06-12,392,277228,268,140972,121,126420,3,9836,166,20486,225,132862,169,153348,California
San Luis Obispo,2021-06-13,162,277390,93,141065,66,126486,3,9839,44,20416,117,132979,47,153395,California
San Luis Obispo,2021-06-14,455,277845,298,141363,126,126612,31,9870,129,20252,322,133301,158,153553,California
San Luis Obispo,2021-06-15,644,278489,400,141763,206,126818,38,9908,239,20128,400,133701,276,153829,California
San Luis Obispo,2021-06-16,625,279114,365,142128,225,127043,35,9943,180,19904,438,134139,214,154043,California
San Luis Obispo,2021-06-17,597,279711,340,142468,231,127274,26,9969,195,19724,401,134540,221,154264,California
San Luis Obispo,2021-06-18,789,280500,506,142974,237,127511,46,10015,277,19540,508,135048,324,154588,California
San Luis Obispo,2021-06-19,265,280765,150,143124,101,127612,14,10029,100,19491,163,135211,114,154702,California
San Luis Obispo,2021-06-20,110,280875,73,143197,29,127641,8,10037,45,19480,64,135275,53,154755,California
San Luis Obispo,2021-06-21,351,281226,222,143419,102,127743,27,10064,153,19464,196,135471,180,154935,California
San Luis Obispo,2021-06-22,621,281847,363,143782,226,127969,32,10096,277,19431,342,135813,309,155244,California
San Luis Obispo,2021-06-23,496,282343,273,144055,203,128172,20,10116,238,19432,257,136070,258,155502,California
San Luis Obispo,2021-06-24,468,282811,262,144317,180,128352,26,10142,204,19402,260,136330,230,155732,California
San Luis Obispo,2021-06-25,527,283338,212,144529,293,128645,22,10164,209,19319,312,136642,229,155961,California
San Luis Obispo,2021-06-26,272,283610,147,144676,107,128752,18,10182,119,19302,153,136795,136,156097,California
San Luis Obispo,2021-06-27,146,283756,95,144771,47,128799,4,10186,76,19313,69,136864,80,156177,California
San Luis Obispo,2021-06-28,342,284098,245,145016,81,128880,16,10202,131,19251,208,137072,146,156323,California
San Luis Obispo,2021-06-29,482,284580,315,145331,151,129031,16,10218,203,19196,274,137346,219,156542,California
San Luis Obispo,2021-06-30,440,285020,244,145575,158,129189,38,10256,161,19117,277,137623,198,156740,California
San Luis Obispo,2021-07-01,465,285485,309,145884,141,129330,15,10271,207,19084,255,137878,222,156962,California
San Luis Obispo,2021-07-02,431,285916,206,146090,204,129534,21,10292,173,19024,254,138132,194,157156,California
San Luis Obispo,2021-07-03,422,286338,178,146268,238,129772,6,10298,120,18851,300,138432,127,157283,California
San Luis Obispo,2021-07-04,28,286366,16,146284,11,129783,1,10299,11,18846,17,138449,12,157295,California
San Luis Obispo,2021-07-05,168,286534,92,146376,65,129848,11,10310,80,18851,84,138533,89,157384,California
San Luis Obispo,2021-07-06,472,287006,296,146672,143,129991,33,10343,191,18796,279,138812,224,157608,California
San Luis Obispo,2021-07-07,381,287387,208,146880,122,130113,51,10394,151,18768,227,139039,199,157807,California
San Luis Obispo,2021-07-08,390,287777,236,147116,144,130257,10,10404,178,18746,210,139249,188,157995,California
San Luis Obispo,2021-07-09,262,288039,103,147219,151,130408,8,10412,107,18710,151,139400,115,158110,California
San Mateo,2020-12-15,27,27,27,27,0,0,0,0,27,27,0,0,27,27,California
San Mateo,2020-12-16,113,140,113,140,0,0,0,0,113,140,0,0,113,140,California
San Mateo,2020-12-17,172,312,172,312,0,0,0,0,172,312,0,0,172,312,California
San Mateo,2020-12-18,777,1089,775,1087,2,2,0,0,777,1089,0,0,777,1089,California
San Mateo,2020-12-19,517,1606,517,1604,0,2,0,0,517,1606,0,0,517,1606,California
San Mateo,2020-12-20,504,2110,503,2107,1,3,0,0,504,2110,0,0,504,2110,California
San Mateo,2020-12-21,1146,3256,1145,3252,1,4,0,0,1146,3256,0,0,1146,3256,California
San Mateo,2020-12-22,1528,4784,1520,4772,8,12,0,0,1527,4782,1,1,1527,4783,California
San Mateo,2020-12-23,1569,6353,1379,6151,190,202,0,0,1569,6351,0,1,1569,6352,California
San Mateo,2020-12-24,871,7224,613,6764,258,460,0,0,871,7222,0,1,871,7223,California
San Mateo,2020-12-25,113,7337,109,6873,4,464,0,0,113,7335,0,1,113,7336,California
San Mateo,2020-12-26,557,7894,416,7289,141,605,0,0,557,7892,0,1,557,7893,California
San Mateo,2020-12-27,302,8196,172,7461,130,735,0,0,302,8194,0,1,302,8195,California
San Mateo,2020-12-28,1060,9256,710,8171,350,1085,0,0,1060,9254,0,1,1060,9255,California
San Mateo,2020-12-29,1138,10394,715,8886,423,1508,0,0,1138,10392,0,1,1138,10393,California
San Mateo,2020-12-30,1269,11663,764,9650,505,2013,0,0,1269,11661,0,1,1269,11662,California
San Mateo,2020-12-31,707,12370,228,9878,479,2492,0,0,706,12366,1,2,706,12368,California
San Mateo,2021-01-01,111,12481,75,9953,36,2528,0,0,111,12477,0,2,111,12479,California
San Mateo,2021-01-02,398,12879,272,10225,126,2654,0,0,398,12875,0,2,398,12877,California
San Mateo,2021-01-03,285,13164,209,10434,76,2730,0,0,282,13154,3,5,282,13159,California
San Mateo,2021-01-04,1053,14217,679,11113,374,3104,0,0,1053,14207,0,5,1053,14212,California
San Mateo,2021-01-05,1213,15430,712,11825,501,3605,0,0,1181,15357,32,37,1182,15394,California
San Mateo,2021-01-06,1461,16891,960,12785,501,4106,0,0,1266,16432,192,229,1267,16661,California
San Mateo,2021-01-07,1465,18356,818,13603,647,4753,0,0,1155,17284,303,532,1155,17816,California
San Mateo,2021-01-08,1854,20210,1201,14804,653,5406,0,0,1139,17715,708,1240,1139,18955,California
San Mateo,2021-01-09,1177,21387,779,15583,398,5804,0,0,715,17968,462,1702,715,19670,California
San Mateo,2021-01-10,711,22098,581,16164,130,5934,0,0,269,17795,442,2144,269,19939,California
San Mateo,2021-01-11,2619,24717,1511,17675,1108,7042,0,0,1540,18258,1079,3223,1542,21481,California
San Mateo,2021-01-12,3465,28182,1945,19620,1520,8562,0,0,2235,19276,1221,4444,2239,23720,California
San Mateo,2021-01-13,3422,31604,1675,21295,1747,10309,0,0,2369,20594,1053,5497,2371,26091,California
San Mateo,2021-01-14,3807,35411,1611,22906,2196,12505,0,0,3108,23008,699,6196,3113,29204,California
San Mateo,2021-01-15,4362,39773,1743,24649,2619,15124,0,0,3811,26272,549,6745,3813,33017,California
San Mateo,2021-01-16,3087,42860,769,25418,2318,17442,0,0,2756,28700,329,7074,2757,35774,California
San Mateo,2021-01-17,1314,44174,306,25724,1008,18450,0,0,1109,29604,205,7279,1109,36883,California
San Mateo,2021-01-18,1370,45544,542,26266,828,19278,0,0,990,30217,377,7656,990,37873,California
San Mateo,2021-01-19,2806,48350,1796,28062,1010,20288,0,0,2002,31418,801,8457,2002,39875,California
San Mateo,2021-01-20,2988,51338,1728,29790,1260,21548,0,0,2136,32706,849,9306,2137,42012,California
San Mateo,2021-01-21,2935,54273,1357,31147,1578,23126,0,0,2334,34445,598,9904,2337,44349,California
San Mateo,2021-01-22,2836,57109,1146,32293,1690,24816,0,0,2530,36674,302,10206,2531,46880,California
San Mateo,2021-01-23,2888,59997,1680,33973,1208,26024,0,0,2526,38839,362,10568,2527,49407,California
San Mateo,2021-01-24,1516,61513,373,34346,1143,27167,0,0,1205,39735,310,10878,1206,50613,California
San Mateo,2021-01-25,4424,65937,3145,37491,1279,28446,0,0,3518,42355,902,11780,3522,54135,California
San Mateo,2021-01-26,4350,70287,3004,40495,1346,29792,0,0,3415,44838,933,12713,3416,57551,California
San Mateo,2021-01-27,2828,73115,1474,41969,1354,31146,0,0,1816,45648,1007,13720,1817,59368,California
San Mateo,2021-01-28,2827,75942,1376,43345,1451,32597,0,0,1973,46783,838,14558,1973,61341,California
San Mateo,2021-01-29,3016,78958,1353,44698,1663,34260,0,0,2166,48103,848,15406,2168,63509,California
San Mateo,2021-01-30,3424,82382,1491,46189,1933,36193,0,0,2958,50597,465,15871,2959,66468,California
San Mateo,2021-01-31,1695,84077,899,47088,796,36989,0,0,1532,51968,161,16032,1532,68000,California
San Mateo,2021-02-01,2967,87044,1369,48457,1598,38587,0,0,2233,53473,729,16761,2234,70234,California
San Mateo,2021-02-02,3257,90301,1751,50208,1506,40093,0,0,2209,54637,1045,17806,2209,72443,California
San Mateo,2021-02-03,5026,95327,2064,52272,2962,43055,0,0,3873,57361,1150,18956,3874,76317,California
San Mateo,2021-02-04,6244,101571,2501,54773,3743,46798,0,0,4957,61042,1280,20236,4961,81278,California
San Mateo,2021-02-05,6847,108418,2559,57332,4288,51086,0,0,5003,64219,1826,22062,5003,86281,California
San Mateo,2021-02-06,3291,111709,1915,59247,1376,52462,0,0,2630,66195,656,22718,2632,88913,California
San Mateo,2021-02-07,1912,113621,1353,60600,559,53021,0,0,1717,67719,193,22911,1717,90630,California
San Mateo,2021-02-08,5312,118933,2268,62868,3044,56065,0,0,3133,68738,2114,25025,3133,93763,California
San Mateo,2021-02-09,6190,125123,3205,66073,2985,59050,0,0,3323,69203,2858,27883,3323,97086,California
San Mateo,2021-02-10,6554,131677,3289,69362,3265,62315,0,0,3280,69228,3255,31138,3280,100366,California
San Mateo,2021-02-11,7103,138780,3596,72958,3507,65822,0,0,3775,69684,3321,34459,3777,104143,California
San Mateo,2021-02-12,6687,145467,2997,75955,3690,69512,0,0,4723,72450,1959,36418,4725,108868,California
San Mateo,2021-02-13,6225,151692,4117,80072,2108,71620,0,0,2644,71519,3575,39993,2644,111512,California
San Mateo,2021-02-14,4748,156440,3117,83189,1631,73251,0,0,1986,70752,2754,42747,1987,113499,California
San Mateo,2021-02-15,3186,159626,1458,84647,1728,74979,0,0,1797,71170,1380,44127,1798,115297,California
San Mateo,2021-02-16,7197,166823,1904,86551,5293,80272,0,0,5303,74583,1892,46019,5305,120602,California
San Mateo,2021-02-17,7125,173948,1986,88537,5139,85411,0,0,5055,77575,2064,48083,5056,125658,California
San Mateo,2021-02-18,6837,180785,4728,93265,2109,87520,0,0,4548,79842,2284,50367,4551,130209,California
San Mateo,2021-02-19,7907,188692,5655,98920,2252,89772,0,0,5853,83650,2045,52412,5853,136062,California
San Mateo,2021-02-20,3836,192528,2477,101397,1359,91131,0,0,2353,84529,1475,53887,2354,138416,California
San Mateo,2021-02-21,2701,195229,1826,103223,875,92006,0,0,1601,85038,1093,54980,1602,140018,California
San Mateo,2021-02-22,4641,199870,3371,106594,1270,93276,0,0,2905,86216,1728,56708,2906,142924,California
San Mateo,2021-02-23,4500,204370,3214,109808,1286,94562,0,0,2607,86942,1881,58589,2607,145531,California
San Mateo,2021-02-24,7565,211935,3409,113217,4156,98718,0,0,4991,89373,2561,61150,4992,150523,California
San Mateo,2021-02-25,9593,221528,4270,117487,5323,104041,0,0,6281,92362,3293,64443,6282,156805,California
San Mateo,2021-02-26,10222,231750,3942,121429,6280,110321,0,0,7071,96301,3134,67577,7073,163878,California
San Mateo,2021-02-27,6968,238718,3605,125034,3362,113683,1,1,3785,96922,3171,70748,3792,167670,California
San Mateo,2021-02-28,4468,243186,2757,127791,1711,115394,0,1,2684,97834,1773,72521,2685,170355,California
San Mateo,2021-03-01,6055,249241,3814,131605,2237,117631,4,5,2993,97786,3047,75568,2999,173354,California
San Mateo,2021-03-02,6295,255536,4466,136071,1828,119459,1,6,3623,98749,2662,78230,3625,176979,California
San Mateo,2021-03-03,8573,264109,4041,140112,4530,123989,2,8,3716,97626,4841,83071,3718,180697,California
San Mateo,2021-03-04,8602,272711,4027,144139,4571,128560,4,12,3884,96821,4695,87766,3890,184587,California
San Mateo,2021-03-05,9405,282116,6268,150407,3133,131693,4,16,6584,100613,2799,90565,6591,191178,California
San Mateo,2021-03-06,8011,290127,5565,155972,2267,133960,179,195,5871,104534,2127,92692,6048,197226,California
San Mateo,2021-03-07,3735,293862,2456,158428,1132,135092,147,342,2163,105278,1568,94260,2312,199538,California
San Mateo,2021-03-08,4570,298432,2575,161003,1758,136850,237,579,3329,107607,1234,95494,3563,203101,California
San Mateo,2021-03-09,5373,303805,2876,163879,2214,139064,283,862,3737,109997,1623,97117,4013,207114,California
San Mateo,2021-03-10,7273,311078,2941,166820,4043,143107,289,1151,4845,112713,2413,99530,5129,212243,California
San Mateo,2021-03-11,9199,320277,5767,172587,3038,146145,394,1545,3662,111262,5503,105033,4052,216295,California
San Mateo,2021-03-12,10653,330930,6708,179295,3559,149704,386,1931,3588,108192,7041,112074,3971,220266,California
San Mateo,2021-03-13,8267,339197,3536,182831,3095,152799,1636,3567,4003,109565,4247,116321,5620,225886,California
San Mateo,2021-03-14,5030,344227,3397,186228,1526,154325,107,3674,2661,109971,2361,118682,2767,228653,California
San Mateo,2021-03-15,7242,351469,4674,190902,2390,156715,178,3852,3765,110446,3468,122150,3943,232596,California
San Mateo,2021-03-16,12014,363483,4425,195327,7464,164179,125,3977,4823,108227,7170,129320,4951,237547,California
San Mateo,2021-03-17,10995,374478,4485,199812,6363,170542,147,4124,4961,107333,6002,135322,5108,242655,California
San Mateo,2021-03-18,7430,381908,4168,203980,3073,173615,189,4313,4398,108895,3023,138345,4585,247240,California
San Mateo,2021-03-19,7597,389505,4904,208884,2019,175634,674,4987,3632,109247,3953,142298,4305,251545,California
San Mateo,2021-03-20,8423,397928,6554,215438,1531,177165,338,5325,5353,111883,3054,145352,5690,257235,California
San Mateo,2021-03-21,4289,402217,3251,218689,805,177970,233,5558,2294,112422,1984,147336,2523,259758,California
San Mateo,2021-03-22,5388,407605,3670,222359,1294,179264,424,5982,2828,113129,2543,149879,3250,263008,California
San Mateo,2021-03-23,9951,417556,4582,226941,5171,184435,198,6180,4442,112292,5477,155356,4640,267648,California
San Mateo,2021-03-24,9601,427157,5551,232492,3902,188337,148,6328,4041,110995,5482,160838,4185,271833,California
San Mateo,2021-03-25,10196,437353,5013,237505,4913,193250,270,6598,4378,109935,5710,166548,4650,276483,California
San Mateo,2021-03-26,11355,448708,7800,245305,3387,196637,168,6766,4315,107424,6994,173542,4483,280966,California
San Mateo,2021-03-27,10590,459298,8105,253410,2376,199013,109,6875,4654,106267,5916,179458,4759,285725,California
San Mateo,2021-03-28,4308,463606,2785,256195,1410,200423,113,6988,1994,106075,2303,181761,2111,287836,California
San Mateo,2021-03-29,6109,469715,3792,259987,2063,202486,254,7242,2736,105711,3353,185114,2989,290825,California
San Mateo,2021-03-30,7231,476946,4111,264098,2966,205452,154,7396,3889,106427,3326,188440,4042,294867,California
San Mateo,2021-03-31,7379,484325,4654,268752,2579,208031,146,7542,3871,106955,3489,191929,4017,298884,California
San Mateo,2021-04-01,10718,495043,5290,274042,4206,212237,1222,8764,5743,108986,4921,196850,6952,305836,California
San Mateo,2021-04-02,10983,506026,5251,279293,4131,216368,1601,10365,5780,111170,5179,202029,7363,313199,California
San Mateo,2021-04-03,10042,516068,5788,285081,2474,218842,1780,12145,5119,113148,4912,206941,6890,320089,California
San Mateo,2021-04-04,5471,521539,2640,287721,1572,220414,1259,13404,1707,112359,3749,210690,2960,323049,California
San Mateo,2021-04-05,9086,530625,4829,292550,2509,222923,1748,15152,3888,112801,5178,215868,5620,328669,California
San Mateo,2021-04-06,13281,543906,8293,300843,3129,226052,1859,17011,7570,116531,5696,221564,9426,338095,California
San Mateo,2021-04-07,11543,555449,5356,306199,4486,230538,1701,18712,4906,116504,6615,228179,6588,344683,California
San Mateo,2021-04-08,10273,565722,5114,311313,2540,233078,2619,21331,4548,117946,5705,233884,7147,351830,California
San Mateo,2021-04-09,11464,577186,5585,316898,3380,236458,2499,23830,5144,119259,6315,240199,7628,359458,California
San Mateo,2021-04-10,11333,588519,5755,322653,4128,240586,1450,25280,4696,118784,6604,246803,6129,365587,California
San Mateo,2021-04-11,6663,595182,3309,325962,881,241467,2473,27753,2325,119238,4331,251134,4785,370372,California
San Mateo,2021-04-12,7435,602617,4533,330495,1928,243395,974,28727,3581,119954,3832,254966,4548,374920,California
San Mateo,2021-04-13,8308,610925,5167,335662,3130,246525,11,28738,4385,120444,3908,258874,4398,379318,California
San Mateo,2021-04-14,8442,619367,5445,341107,2996,249521,1,28739,4306,120641,4118,262992,4315,383633,California
San Mateo,2021-04-15,11301,630668,7496,348603,3803,253324,2,28741,7356,124086,3915,266907,7360,390993,California
San Mateo,2021-04-16,10161,640829,6973,355576,3171,256495,17,28758,6412,126798,3723,270630,6435,397428,California
San Mateo,2021-04-17,9865,650694,6568,362144,3295,259790,2,28760,6232,129418,3621,274251,6241,403669,California
San Mateo,2021-04-18,5736,656430,2870,365014,2866,262656,0,28760,3848,131399,1873,276124,3854,407523,California
San Mateo,2021-04-19,8537,664967,5546,370560,2991,265647,0,28760,5541,133973,2980,279104,5554,413077,California
San Mateo,2021-04-20,10868,675835,6221,376781,4646,270293,1,28761,6950,137043,3893,282997,6963,420040,California
San Mateo,2021-04-21,9917,685752,6888,383669,3027,273320,2,28763,6142,139442,3751,286748,6150,426190,California
San Mateo,2021-04-22,10197,695949,6928,390597,3267,276587,2,28765,5694,140675,4467,291215,5700,431890,California
San Mateo,2021-04-23,10011,705960,6713,397310,3298,279885,0,28765,5615,141943,4365,295580,5633,437523,California
San Mateo,2021-04-24,11309,717269,8065,405375,3244,283129,0,28765,5822,142313,5462,301042,5832,443355,California
San Mateo,2021-04-25,5573,722842,3888,409263,1683,284812,2,28767,3954,144678,1603,302645,3968,447323,California
San Mateo,2021-04-26,6923,729765,5027,414290,1888,286700,8,28775,4003,145794,2906,305551,4022,451345,California
San Mateo,2021-04-27,11616,741381,8201,422491,3260,289960,155,28930,4758,143895,6823,312374,4924,456269,California
San Mateo,2021-04-28,8217,749598,4783,427274,3228,293188,206,29136,4384,144677,3815,316189,4597,460866,California
San Mateo,2021-04-29,8451,758049,4074,431348,4205,297393,172,29308,3835,144115,4585,320774,4023,464889,California
San Mateo,2021-04-30,8481,766530,5370,436718,2952,300345,159,29467,3633,143107,4819,325593,3811,468700,California
San Mateo,2021-05-01,6236,772766,4165,440883,1953,302298,118,29585,2695,142413,3520,329113,2826,471526,California
San Mateo,2021-05-02,3199,775965,1754,442637,1374,303672,71,29656,1156,141613,2032,331145,1232,472758,California
San Mateo,2021-05-03,6092,782057,4538,447175,1408,305080,146,29802,1848,139375,4233,335378,1995,474753,California
San Mateo,2021-05-04,7681,789738,5311,452486,2198,307278,172,29974,2548,136996,5118,340496,2739,477492,California
San Mateo,2021-05-05,7185,796923,4772,457258,2251,309529,162,30136,2450,134904,4704,345200,2612,480104,California
San Mateo,2021-05-06,8940,805863,7047,464305,1717,311246,176,30312,1792,129751,7126,352326,1973,482077,California
San Mateo,2021-05-07,8423,814286,6071,470376,2068,313314,284,30596,1866,125384,6531,358857,2164,484241,California
San Mateo,2021-05-08,7021,821307,4384,474760,2396,315710,241,30837,1926,122474,5081,363938,2171,486412,California
San Mateo,2021-05-09,3153,824460,2458,477218,621,316331,74,30911,943,121293,2199,366137,1018,487430,California
San Mateo,2021-05-10,4807,829267,3498,480716,1139,317470,170,31081,736,118147,4061,370198,915,488345,California
San Mateo,2021-05-11,7269,836536,5555,486271,1586,319056,128,31209,1717,114464,5531,375729,1848,490193,California
San Mateo,2021-05-12,7071,843607,5145,491416,1710,320766,216,31425,1425,110476,5631,381360,1643,491836,California
San Mateo,2021-05-13,9756,853363,7344,498760,2315,323081,97,31522,3413,107691,6309,387669,3524,495360,California
San Mateo,2021-05-14,8577,861940,6357,505117,2104,325185,116,31638,2582,104420,5975,393644,2704,498064,California
San Mateo,2021-05-15,10650,872590,8346,513463,2202,327387,102,31740,4714,103338,5919,399563,4837,502901,California
San Mateo,2021-05-16,7296,879886,5213,518676,2012,329399,71,31811,2283,100700,4992,404555,2354,505255,California
San Mateo,2021-05-17,7207,887093,5125,523801,1973,331372,109,31920,2125,97873,5065,409620,2238,507493,California
San Mateo,2021-05-18,8562,895655,5925,529726,2539,333911,98,32018,3063,95664,5376,414996,3167,510660,California
San Mateo,2021-05-19,7934,903589,5921,535647,1892,335803,121,32139,3556,95014,4330,419326,3680,514340,California
San Mateo,2021-05-20,5785,909374,3608,539255,2043,337846,134,32273,2182,93756,3577,422903,2319,516659,California
San Mateo,2021-05-21,7021,916395,4773,544028,2103,339949,145,32418,1867,90635,5133,428036,2012,518671,California
San Mateo,2021-05-22,6370,922765,4336,548364,1967,341916,67,32485,2644,89641,3707,431743,2713,521384,California
San Mateo,2021-05-23,3116,925881,1773,550137,1254,343170,89,32574,1193,89013,1910,433653,1282,522666,California
San Mateo,2021-05-24,3676,929557,2452,552589,1075,344245,149,32723,1224,87955,2429,436082,1371,524037,California
San Mateo,2021-05-25,4792,934349,3018,555607,1594,345839,180,32903,1576,86521,3193,439275,1759,525796,California
San Mateo,2021-05-26,5727,940076,3080,558687,2528,348367,119,33022,1784,84504,3920,443195,1903,527699,California
San Mateo,2021-05-27,3784,943860,2207,560894,1477,349844,100,33122,1199,83243,2556,445751,1295,528994,California
San Mateo,2021-05-28,3508,947368,2194,563088,1229,351073,85,33207,1297,82453,2171,447922,1381,530375,California
San Mateo,2021-05-29,3239,950607,2286,565374,901,351974,52,33259,1238,81771,1971,449893,1289,531664,California
San Mateo,2021-05-30,1645,952252,1112,566486,472,352446,61,33320,646,81490,988,450881,707,532371,California
San Mateo,2021-05-31,439,952691,276,566762,155,352601,8,33328,161,81384,275,451156,169,532540,California
San Mateo,2021-06-01,3342,956033,1974,568736,1273,353874,95,33423,958,80065,2371,453527,1052,533592,California
San Mateo,2021-06-02,2770,958803,1838,570574,854,354728,78,33501,1056,79499,1698,455225,1132,534724,California
San Mateo,2021-06-03,3819,962622,2997,573571,707,355435,115,33616,823,77452,2981,458206,934,535658,California
San Mateo,2021-06-04,4131,966753,3180,576751,857,356292,94,33710,1117,75657,2993,461199,1198,536856,California
San Mateo,2021-06-05,5158,971911,4505,581256,553,356845,100,33810,953,72536,4174,465373,1053,537909,California
San Mateo,2021-06-06,2531,974442,2085,583341,384,357229,62,33872,481,71048,2027,467400,539,538448,California
San Mateo,2021-06-07,3115,977557,2613,585954,419,357648,83,33955,696,69414,2411,469811,777,539225,California
San Mateo,2021-06-08,4089,981646,3455,589409,528,358176,106,34061,970,67407,3084,472895,1077,540302,California
San Mateo,2021-06-09,4142,985788,3567,592976,505,358681,70,34131,623,64591,3506,476401,690,540992,California
San Mateo,2021-06-10,2968,988756,2404,595380,449,359130,115,34246,749,63252,2203,478604,864,541856,California
San Mateo,2021-06-11,2861,991617,2297,597677,451,359581,113,34359,920,62354,1930,480534,1032,542888,California
San Mateo,2021-06-12,3147,994764,2805,600482,261,359842,81,34440,766,60834,2367,482901,847,543735,California
San Mateo,2021-06-13,1434,996198,1079,601561,292,360134,63,34503,342,60165,1074,483975,405,544140,California
San Mateo,2021-06-14,2442,998640,2109,603670,250,360384,83,34586,697,59233,1712,485687,780,544920,California
San Mateo,2021-06-15,2259,1000899,1791,605461,347,360731,121,34707,672,58456,1569,487256,792,545712,California
San Mateo,2021-06-16,2446,1003345,2028,607489,261,360992,157,34864,702,57610,1701,488957,855,546567,California
San Mateo,2021-06-17,1948,1005293,1611,609100,249,361241,88,34952,684,57170,1212,490169,772,547339,California
San Mateo,2021-06-18,2117,1007410,1774,610874,265,361506,78,35030,612,56371,1485,491654,686,548025,California
San Mateo,2021-06-19,1782,1009192,1561,612435,163,361669,58,35088,589,55895,1121,492775,645,548670,California
San Mateo,2021-06-20,763,1009955,694,613129,58,361727,11,35099,286,55748,444,493219,297,548967,California
San Mateo,2021-06-21,1246,1011201,931,614060,240,361967,75,35174,604,55793,636,493855,681,549648,California
San Mateo,2021-06-22,1590,1012791,1286,615346,208,362175,96,35270,594,55503,979,494834,689,550337,California
San Mateo,2021-06-23,1843,1014634,1563,616909,177,362352,103,35373,615,55025,1196,496030,718,551055,California
San Mateo,2021-06-24,1453,1016087,1079,617988,273,362625,101,35474,525,54740,908,496938,623,551678,California
San Mateo,2021-06-25,1774,1017861,1473,619461,223,362848,78,35552,654,54364,1108,498046,732,552410,California
San Mateo,2021-06-26,1235,1019096,1039,620500,138,362986,58,35610,490,54182,729,498775,547,552957,California
San Mateo,2021-06-27,654,1019750,531,621031,77,363063,46,35656,289,54153,364,499139,335,553292,California
San Mateo,2021-06-28,1250,1021000,1068,622099,106,363169,76,35732,493,53977,744,499883,568,553860,California
San Mateo,2021-06-29,1429,1022429,1150,623249,196,363365,83,35815,487,53610,933,500816,566,554426,California
San Mateo,2021-06-30,1263,1023692,1035,624284,128,363493,100,35915,563,53584,688,501504,662,555088,California
San Mateo,2021-07-01,1210,1024902,1028,625312,123,363616,59,35974,488,53431,700,502204,547,555635,California
San Mateo,2021-07-02,1456,1026358,1211,626523,170,363786,75,36049,552,53165,893,503097,627,556262,California
San Mateo,2021-07-03,1058,1027416,904,627427,112,363898,42,36091,418,52997,626,503723,458,556720,California
San Mateo,2021-07-04,50,1027466,44,627471,0,363898,6,36097,24,53002,25,503748,30,556750,California
San Mateo,2021-07-05,812,1028278,682,628153,103,364001,27,36124,352,52924,454,504202,376,557126,California
San Mateo,2021-07-06,1343,1029621,1112,629265,147,364148,84,36208,545,52763,787,504989,626,557752,California
San Mateo,2021-07-07,1100,1030721,891,630156,132,364280,77,36285,410,52570,680,505669,487,558239,California
San Mateo,2021-07-08,1102,1031823,886,631042,152,364432,64,36349,359,52255,737,506406,422,558661,California
San Mateo,2021-07-09,797,1032620,614,631656,112,364544,71,36420,350,52236,437,506843,418,559079,California
Santa Barbara,2020-12-15,2,2,2,2,0,0,0,0,2,2,0,0,2,2,California
Santa Barbara,2020-12-16,2,4,2,4,0,0,0,0,2,4,0,0,2,4,California
Santa Barbara,2020-12-17,56,60,56,60,0,0,0,0,56,60,0,0,56,60,California
Santa Barbara,2020-12-18,384,444,383,443,1,1,0,0,384,444,0,0,384,444,California
Santa Barbara,2020-12-19,326,770,326,769,0,1,0,0,326,770,0,0,326,770,California
Santa Barbara,2020-12-20,235,1005,235,1004,0,1,0,0,235,1005,0,0,235,1005,California
Santa Barbara,2020-12-21,657,1662,655,1659,2,3,0,0,657,1662,0,0,657,1662,California
Santa Barbara,2020-12-22,246,1908,244,1903,2,5,0,0,246,1908,0,0,246,1908,California
Santa Barbara,2020-12-23,326,2234,208,2111,118,123,0,0,326,2234,0,0,326,2234,California
Santa Barbara,2020-12-24,88,2322,40,2151,48,171,0,0,88,2322,0,0,88,2322,California
Santa Barbara,2020-12-26,325,2647,66,2217,259,430,0,0,325,2647,0,0,325,2647,California
Santa Barbara,2020-12-27,62,2709,1,2218,61,491,0,0,62,2709,0,0,62,2709,California
Santa Barbara,2020-12-28,359,3068,226,2444,133,624,0,0,359,3068,0,0,359,3068,California
Santa Barbara,2020-12-29,562,3630,359,2803,203,827,0,0,562,3630,0,0,562,3630,California
Santa Barbara,2020-12-30,579,4209,396,3199,183,1010,0,0,579,4209,0,0,579,4209,California
Santa Barbara,2020-12-31,242,4451,114,3313,128,1138,0,0,242,4451,0,0,242,4451,California
Santa Barbara,2021-01-01,118,4569,112,3425,6,1144,0,0,118,4569,0,0,118,4569,California
Santa Barbara,2021-01-02,598,5167,232,3657,366,1510,0,0,598,5167,0,0,598,5167,California
Santa Barbara,2021-01-03,23,5190,15,3672,8,1518,0,0,23,5190,0,0,23,5190,California
Santa Barbara,2021-01-04,305,5495,242,3914,63,1581,0,0,304,5494,0,0,304,5494,California
Santa Barbara,2021-01-05,757,6252,382,4296,375,1956,0,0,729,6195,28,28,729,6223,California
Santa Barbara,2021-01-06,659,6911,277,4573,382,2338,0,0,597,6731,61,89,597,6820,California
Santa Barbara,2021-01-07,1032,7943,709,5282,323,2661,0,0,528,6759,500,589,528,7348,California
Santa Barbara,2021-01-08,1208,9151,850,6132,358,3019,0,0,713,6977,495,1084,713,8061,California
Santa Barbara,2021-01-09,562,9713,293,6425,269,3288,0,0,316,7047,246,1330,316,8377,California
Santa Barbara,2021-01-10,64,9777,51,6476,13,3301,0,0,47,7077,17,1347,47,8424,California
Santa Barbara,2021-01-11,850,10627,680,7156,170,3471,0,0,620,7468,229,1576,620,9044,California
Santa Barbara,2021-01-12,1442,12069,646,7802,796,4267,0,0,1282,8590,160,1736,1282,10326,California
Santa Barbara,2021-01-13,1223,13292,270,8072,953,5220,0,0,1096,9559,127,1863,1096,11422,California
Santa Barbara,2021-01-14,1261,14553,140,8212,1121,6341,0,0,1205,10710,55,1918,1206,12628,California
Santa Barbara,2021-01-15,1805,16358,419,8631,1386,7727,0,0,1722,12351,81,1999,1722,14350,California
Santa Barbara,2021-01-16,1277,17635,203,8834,1074,8801,0,0,1237,13549,39,2038,1237,15587,California
Santa Barbara,2021-01-17,126,17761,23,8857,103,8904,0,0,123,13669,3,2041,123,15710,California
Santa Barbara,2021-01-18,1150,18911,419,9276,731,9635,0,0,964,14447,186,2227,964,16674,California
Santa Barbara,2021-01-19,1653,20564,569,9845,1084,10719,0,0,1372,15541,278,2505,1372,18046,California
Santa Barbara,2021-01-20,2225,22789,656,10501,1569,12288,0,0,1803,16923,421,2926,1803,19849,California
Santa Barbara,2021-01-21,3200,25989,1919,12420,1281,13569,0,0,3037,19800,162,3088,3039,22888,California
Santa Barbara,2021-01-22,2951,28940,1794,14214,1157,14726,0,0,2779,22411,169,3257,2780,25668,California
Santa Barbara,2021-01-23,1740,30680,1107,15321,633,15359,0,0,1225,23122,514,3771,1225,26893,California
Santa Barbara,2021-01-24,845,31525,748,16069,97,15456,0,0,834,23946,10,3781,834,27727,California
Santa Barbara,2021-01-25,1240,32765,493,16562,747,16203,0,0,1004,24714,236,4017,1004,28731,California
Santa Barbara,2021-01-26,2050,34815,466,17028,1584,17787,0,0,1665,25996,383,4400,1665,30396,California
Santa Barbara,2021-01-27,1171,35986,398,17426,773,18560,0,0,908,26644,262,4662,910,31306,California
Santa Barbara,2021-01-28,902,36888,296,17722,606,19166,0,0,686,27118,212,4874,686,31992,California
Santa Barbara,2021-01-29,1348,38236,528,18250,820,19986,0,0,983,27742,361,5235,985,32977,California
Santa Barbara,2021-01-30,1905,40141,1417,19667,488,20474,0,0,1487,28814,415,5650,1487,34464,California
Santa Barbara,2021-01-31,1453,41594,1212,20879,241,20715,0,0,1414,30189,39,5689,1414,35878,California
Santa Barbara,2021-02-01,949,42543,518,21397,431,21146,0,0,550,30340,399,6088,550,36428,California
Santa Barbara,2021-02-02,1814,44357,683,22080,1131,22277,0,0,1047,30622,765,6853,1047,37475,California
Santa Barbara,2021-02-03,1964,46321,1080,23160,884,23161,0,0,1512,31693,441,7294,1512,38987,California
Santa Barbara,2021-02-04,2803,49124,1875,25035,928,24089,0,0,2503,33902,294,7588,2503,41490,California
Santa Barbara,2021-02-05,2927,52051,2077,27112,850,24939,0,0,2278,35534,646,8234,2278,43768,California
Santa Barbara,2021-02-06,1210,53261,341,27453,869,25808,0,0,799,35922,411,8645,799,44567,California
Santa Barbara,2021-02-07,311,53572,268,27721,43,25851,0,0,272,36157,37,8682,272,44839,California
Santa Barbara,2021-02-08,955,54527,309,28030,646,26497,0,0,665,36532,290,8972,665,45504,California
Santa Barbara,2021-02-09,2452,56979,316,28346,2136,28633,0,0,1123,36337,1318,10290,1123,46627,California
Santa Barbara,2021-02-10,2778,59757,1501,29847,1277,29910,0,0,745,35064,2019,12309,746,47373,California
Santa Barbara,2021-02-11,4213,63970,2821,32668,1392,31302,0,0,632,32129,3567,15876,632,48005,California
Santa Barbara,2021-02-12,3321,67291,949,33617,2372,33674,0,0,771,30356,2544,18420,771,48776,California
Santa Barbara,2021-02-13,1244,68535,345,33962,899,34573,0,0,564,30242,678,19098,564,49340,California
Santa Barbara,2021-02-14,337,68872,37,33999,300,34873,0,0,290,30486,47,19145,291,49631,California
Santa Barbara,2021-02-15,981,69853,348,34347,633,35506,0,0,496,30501,482,19627,497,50128,California
Santa Barbara,2021-02-16,2132,71985,407,34754,1725,37231,0,0,722,29818,1405,21032,722,50850,California
Santa Barbara,2021-02-17,1454,73439,329,35083,1125,38356,0,0,522,29416,927,21959,525,51375,California
Santa Barbara,2021-02-18,3277,76716,2669,37752,608,38964,0,0,1523,29226,1714,23673,1524,52899,California
Santa Barbara,2021-02-19,3619,80335,2654,40406,965,39929,0,0,2337,30285,1279,24952,2338,55237,California
Santa Barbara,2021-02-20,2329,82664,1524,41930,805,40734,0,0,1753,31473,566,25518,1754,56991,California
Santa Barbara,2021-02-21,145,82809,116,42046,29,40763,0,0,64,31458,79,25597,64,57055,California
Santa Barbara,2021-02-22,983,83792,268,42314,715,41478,0,0,284,31046,696,26293,284,57339,California
Santa Barbara,2021-02-23,3294,87086,1113,43427,2181,43659,0,0,440,28636,2851,29144,441,57780,California
Santa Barbara,2021-02-24,3355,90441,1156,44583,2199,45858,0,0,759,26811,2584,31728,759,58539,California
Santa Barbara,2021-02-25,3591,94032,2011,46594,1580,47438,0,0,1025,25282,2558,34286,1029,59568,California
Santa Barbara,2021-02-26,3720,97752,2200,48794,1520,48958,0,0,2000,25576,1707,35993,2001,61569,California
Santa Barbara,2021-02-27,1549,99301,569,49363,980,49938,0,0,864,25763,681,36674,868,62437,California
Santa Barbara,2021-02-28,1096,100397,223,49586,873,50811,0,0,896,26467,194,36868,898,63335,California
Santa Barbara,2021-03-01,1673,102070,492,50078,1179,51990,2,2,1111,27036,545,37413,1114,64449,California
Santa Barbara,2021-03-02,2677,104747,430,50508,2247,54237,0,2,2167,28708,497,37910,2169,66618,California
Santa Barbara,2021-03-03,4651,109398,2107,52615,2542,56779,2,4,4046,32167,594,38504,4053,70671,California
Santa Barbara,2021-03-04,3443,112841,2289,54904,1154,57933,0,4,2873,34481,561,39065,2875,73546,California
Santa Barbara,2021-03-05,3832,116673,2171,57075,1602,59535,59,63,3101,36917,725,39790,3161,76707,California
Santa Barbara,2021-03-06,2447,119120,733,57808,1494,61029,220,283,1679,38049,763,40553,1895,78602,California
Santa Barbara,2021-03-07,705,119825,125,57933,338,61367,242,525,405,38399,299,40852,649,79251,California
Santa Barbara,2021-03-08,1614,121439,384,58317,869,62236,361,886,804,38760,803,41655,1164,80415,California
Santa Barbara,2021-03-09,2802,124241,346,58663,1683,63919,773,1659,743,38216,2055,43710,1511,81926,California
Santa Barbara,2021-03-10,2772,127013,555,59218,1168,65087,1049,2708,1049,38591,1718,45428,2093,84019,California
Santa Barbara,2021-03-11,5594,132607,3034,62252,1444,66531,1116,3824,2282,38689,3292,48720,3390,87409,California
Santa Barbara,2021-03-12,3710,136317,2112,64364,1163,67694,435,4259,2181,39781,1521,50241,2613,90022,California
Santa Barbara,2021-03-13,3512,139829,1947,66311,1359,69053,206,4465,2701,41882,806,51047,2907,92929,California
Santa Barbara,2021-03-14,824,140653,401,66712,365,69418,58,4523,497,42112,326,51373,556,93485,California
Santa Barbara,2021-03-15,2124,142777,702,67414,1130,70548,292,4815,1273,42832,843,52216,1563,95048,California
Santa Barbara,2021-03-16,3732,146509,1180,68594,2209,72757,343,5158,2732,44913,995,53211,3076,98124,California
Santa Barbara,2021-03-17,3332,149841,983,69577,1944,74701,405,5563,2334,46652,995,54206,2734,100858,California
Santa Barbara,2021-03-18,5274,155115,2803,72380,2268,76969,203,5766,4035,49668,1222,55428,4238,105096,California
Santa Barbara,2021-03-19,4482,159597,2774,75154,1373,78342,335,6101,3058,51641,1419,56847,3392,108488,California
Santa Barbara,2021-03-20,2234,161831,844,75998,1367,79709,23,6124,1368,52172,862,57709,1393,109881,California
Santa Barbara,2021-03-21,1182,163013,385,76383,767,80476,30,6154,851,52727,327,58036,882,110763,California
Santa Barbara,2021-03-22,2794,165807,1924,78307,825,81301,45,6199,2225,54438,559,58595,2270,113033,California
Santa Barbara,2021-03-23,4467,170274,2253,80560,2112,83413,102,6301,3687,57454,770,59365,3786,116819,California
Santa Barbara,2021-03-24,5444,175718,3156,83716,1525,84938,763,7064,2969,58728,2452,61817,3726,120545,California
Santa Barbara,2021-03-25,5569,181287,3270,86986,2100,87038,199,7263,2775,58926,2776,64593,2974,123519,California
Santa Barbara,2021-03-26,5104,186391,3229,90215,1569,88607,306,7569,2216,58579,2869,67462,2522,126041,California
Santa Barbara,2021-03-27,2973,189364,1226,91441,1704,90311,43,7612,1625,58901,1344,68806,1666,127707,California
Santa Barbara,2021-03-28,2794,192158,1660,93101,1106,91417,28,7640,1905,59950,885,69691,1934,129641,California
Santa Barbara,2021-03-29,4048,196206,2085,95186,1891,93308,72,7712,3228,62434,816,70507,3300,132941,California
Santa Barbara,2021-03-30,6799,203005,3512,98698,3136,96444,151,7863,4525,64848,2259,72766,4673,137614,California
Santa Barbara,2021-03-31,8673,211678,5524,104222,3081,99525,68,7931,5017,66299,3634,76400,5085,142699,California
Santa Barbara,2021-04-01,7065,218743,5216,109438,1588,101113,261,8192,4168,67857,2871,79271,4429,147128,California
Santa Barbara,2021-04-02,6655,225398,4560,113998,1500,102613,595,8787,3417,68640,3228,82499,4011,151139,California
Santa Barbara,2021-04-03,3822,229220,2115,116113,1635,104248,72,8859,2521,69936,1294,83793,2590,153729,California
Santa Barbara,2021-04-04,909,230129,449,116562,419,104667,41,8900,499,70068,408,84201,540,154269,California
Santa Barbara,2021-04-05,3496,233625,2302,118864,929,105596,265,9165,2177,71201,1309,85510,2442,156711,California
Santa Barbara,2021-04-06,5506,239131,2842,121706,2111,107707,553,9718,3358,72979,2128,87638,3906,160617,California
Santa Barbara,2021-04-07,6027,245158,3288,124994,2195,109902,544,10262,4084,75671,1933,89571,4625,165242,California
Santa Barbara,2021-04-08,7432,252590,5048,130042,654,110556,1730,11992,3426,76826,3997,93568,5152,170394,California
Santa Barbara,2021-04-09,7344,259934,4887,134929,1095,111651,1362,13354,3304,77456,4029,97597,4659,175053,California
Santa Barbara,2021-04-10,6707,266641,4647,139576,1444,113095,616,13970,4557,80485,2141,99738,5170,180223,California
Santa Barbara,2021-04-11,2681,269322,1962,141538,415,113510,304,14274,1854,81816,821,100559,2152,182375,California
Santa Barbara,2021-04-12,4430,273752,2846,144384,1029,114539,555,14829,1915,81779,2506,103065,2469,184844,California
Santa Barbara,2021-04-13,6386,280138,4190,148574,2190,116729,6,14835,2660,80723,3721,106786,2665,187509,California
Santa Barbara,2021-04-14,6809,286947,4420,152994,2387,119116,2,14837,4243,82414,2555,109341,4246,191755,California
Santa Barbara,2021-04-15,7014,293961,4111,157105,2902,122018,1,14838,3775,82964,3227,112568,3777,195532,California
Santa Barbara,2021-04-16,6431,300392,3774,160879,2646,124664,11,14849,4426,85417,1983,114551,4436,199968,California
Santa Barbara,2021-04-17,5356,305748,3879,164758,1477,126141,0,14849,4095,88266,1246,115797,4095,204063,California
Santa Barbara,2021-04-18,2196,307944,1534,166292,662,126803,0,14849,382,86843,1806,117603,383,204446,California
Santa Barbara,2021-04-19,3282,311226,2263,168555,1013,127816,6,14855,1035,85646,2239,119842,1042,205488,California
Santa Barbara,2021-04-20,5971,317197,4000,172555,1970,129786,1,14856,1688,83067,4267,124109,1688,207176,California
Santa Barbara,2021-04-21,5579,322776,3691,176246,1888,131674,0,14856,1782,81073,3778,127887,1784,208960,California
Santa Barbara,2021-04-22,5147,327923,2599,178845,2547,134221,1,14857,1481,78910,3647,131534,1484,210444,California
Santa Barbara,2021-04-23,5625,333548,3892,182737,1733,135954,0,14857,1988,77276,3622,135156,1988,212432,California
Santa Barbara,2021-04-24,4426,337974,2877,185614,1544,137498,5,14862,1630,76136,2776,137932,1636,214068,California
Santa Barbara,2021-04-25,1848,339822,1184,186798,664,138162,0,14862,499,75296,1339,139271,499,214567,California
Santa Barbara,2021-04-26,3257,343079,1990,188788,1246,139408,21,14883,559,73188,2689,141960,581,215148,California
Santa Barbara,2021-04-27,3994,347073,2198,190986,1694,141102,102,14985,1178,71663,2805,144765,1280,216428,California
Santa Barbara,2021-04-28,4919,351992,2872,193858,1932,143034,115,15100,1398,69676,3504,148269,1517,217945,California
Santa Barbara,2021-04-29,5276,357268,3818,197676,1232,144266,226,15326,1437,67517,3821,152090,1662,219607,California
Santa Barbara,2021-04-30,4973,362241,3717,201393,1092,145358,164,15490,1413,65553,3540,155630,1576,221183,California
Santa Barbara,2021-05-01,5237,367478,4042,205435,1162,146520,33,15523,891,62147,4332,159962,926,222109,California
Santa Barbara,2021-05-02,1131,368609,668,206103,335,146855,128,15651,304,61754,825,160787,432,222541,California
Santa Barbara,2021-05-03,2202,370811,1474,207577,590,147445,138,15789,440,60574,1755,162542,575,223116,California
Santa Barbara,2021-05-04,3319,374130,1695,209272,1552,148997,72,15861,1149,59639,2155,164697,1220,224336,California
Santa Barbara,2021-05-05,5456,379586,3681,212953,1627,150624,148,16009,634,55615,4807,169504,783,225119,California
Santa Barbara,2021-05-06,5081,384667,3930,216883,1046,151670,105,16114,972,52600,4092,173596,1077,226196,California
Santa Barbara,2021-05-07,4659,389326,3641,220524,838,152508,180,16294,997,50128,3646,177242,1174,227370,California
Santa Barbara,2021-05-08,4306,393632,3191,223715,1017,153525,98,16392,908,47749,3386,180628,1007,228377,California
Santa Barbara,2021-05-09,699,394331,109,223824,550,154075,40,16432,461,48015,236,180864,502,228879,California
Santa Barbara,2021-05-10,1363,395694,660,224484,619,154694,84,16516,376,47490,984,181848,459,229338,California
Santa Barbara,2021-05-11,1933,397627,837,225321,800,155494,296,16812,443,46746,1480,183328,736,230074,California
Santa Barbara,2021-05-12,2085,399712,744,226065,1117,156611,224,17036,524,45947,1547,184875,748,230822,California
Santa Barbara,2021-05-13,3896,403608,2789,228854,909,157520,198,17234,1235,44732,2647,187522,1432,232254,California
Santa Barbara,2021-05-14,4155,407763,2525,231379,1536,159056,94,17328,1619,43923,2521,190043,1712,233966,California
Santa Barbara,2021-05-15,3518,411281,2559,233938,940,159996,19,17347,1842,44121,1664,191707,1862,235828,California
Santa Barbara,2021-05-16,1140,412421,522,234460,503,160499,115,17462,530,44161,605,192312,645,236473,California
Santa Barbara,2021-05-17,1640,414061,936,235396,641,161140,63,17525,862,44312,773,193085,924,237397,California
Santa Barbara,2021-05-18,1861,415922,1164,236560,603,161743,94,17619,977,44517,867,193952,1072,238469,California
Santa Barbara,2021-05-19,1770,417692,974,237534,756,162499,40,17659,808,44411,953,194905,847,239316,California
Santa Barbara,2021-05-20,1750,419442,952,238486,679,163178,119,17778,877,44548,860,195765,997,240313,California
Santa Barbara,2021-05-21,3464,422906,2343,240829,1067,164245,54,17832,1257,43668,2192,197957,1312,241625,California
Santa Barbara,2021-05-22,2468,425374,1708,242537,716,164961,44,17876,1399,44050,1062,199019,1444,243069,California
Santa Barbara,2021-05-23,772,426146,346,242883,396,165357,30,17906,422,44153,349,199368,452,243521,California
Santa Barbara,2021-05-24,1007,427153,588,243471,356,165713,63,17969,483,44181,518,199886,546,244067,California
Santa Barbara,2021-05-25,1402,428555,566,244037,767,166480,69,18038,460,43774,936,200822,529,244596,California
Santa Barbara,2021-05-26,3013,431568,1711,245748,1179,167659,123,18161,838,42573,2160,202982,959,245555,California
Santa Barbara,2021-05-27,1953,433521,1211,246959,600,168259,142,18303,825,42420,1121,204103,968,246523,California
Santa Barbara,2021-05-28,1504,435025,697,247656,655,168914,152,18455,613,42297,888,204991,765,247288,California
Santa Barbara,2021-05-29,906,435931,321,247977,548,169462,37,18492,366,42163,537,205528,403,247691,California
Santa Barbara,2021-05-30,509,436440,180,248157,230,169692,99,18591,184,42122,323,205851,282,247973,California
Santa Barbara,2021-05-31,95,436535,42,248199,43,169735,10,18601,22,42081,72,205923,31,248004,California
Santa Barbara,2021-06-01,1133,437668,592,248791,483,170218,58,18659,441,41894,686,206609,499,248503,California
Santa Barbara,2021-06-02,984,438652,585,249376,316,170534,83,18742,426,41849,553,207162,508,249011,California
Santa Barbara,2021-06-03,2060,440712,1549,250925,454,170988,57,18799,615,41082,1436,208598,669,249680,California
Santa Barbara,2021-06-04,1458,442170,670,251595,648,171636,140,18939,488,40745,961,209559,624,250304,California
Santa Barbara,2021-06-05,2914,445084,2213,253808,649,172285,52,18991,481,38854,2423,211982,532,250836,California
Santa Barbara,2021-06-06,925,446009,487,254295,419,172704,19,19010,232,38415,690,212672,251,251087,California
Santa Barbara,2021-06-07,1170,447179,832,255127,286,172990,52,19062,300,37900,867,213539,352,251439,California
Santa Barbara,2021-06-08,1110,448289,710,255837,368,173358,32,19094,290,37406,815,214354,321,251760,California
Santa Barbara,2021-06-09,1024,449313,697,256534,242,173600,85,19179,316,37103,704,215058,401,252161,California
Santa Barbara,2021-06-10,2388,451701,2073,258607,243,173843,72,19251,523,35836,1861,216919,594,252755,California
Santa Barbara,2021-06-11,1307,453008,606,259213,597,174440,104,19355,390,35419,911,217830,494,253249,California
Santa Barbara,2021-06-12,890,453898,598,259811,269,174709,23,19378,234,35027,648,218478,256,253505,California
Santa Barbara,2021-06-13,489,454387,301,260112,91,174800,97,19475,125,34887,362,218840,222,253727,California
Santa Barbara,2021-06-14,1255,455642,857,260969,322,175122,76,19551,335,34386,912,219752,411,254138,California
Santa Barbara,2021-06-15,1146,456788,755,261724,356,175478,35,19586,397,34077,741,220493,432,254570,California
Santa Barbara,2021-06-16,932,457720,647,262371,238,175716,47,19633,354,33904,572,221065,399,254969,California
Santa Barbara,2021-06-17,1876,459596,1545,263916,242,175958,89,19722,625,33369,1247,222312,712,255681,California
Santa Barbara,2021-06-18,1109,460705,715,264631,295,176253,99,19821,363,33089,742,223054,462,256143,California
Santa Barbara,2021-06-19,541,461246,364,264995,145,176398,32,19853,250,33083,288,223342,282,256425,California
Santa Barbara,2021-06-20,370,461616,211,265206,149,176547,10,19863,153,33029,216,223558,162,256587,California
Santa Barbara,2021-06-21,527,462143,264,265470,210,176757,53,19916,275,33110,247,223805,328,256915,California
Santa Barbara,2021-06-22,765,462908,495,265965,239,176996,31,19947,299,32977,462,224267,329,257244,California
Santa Barbara,2021-06-23,779,463687,564,266529,183,177179,32,19979,333,32900,441,224708,364,257608,California
Santa Barbara,2021-06-24,1354,465041,1146,267675,150,177329,58,20037,579,32767,768,225476,635,258243,California
Santa Barbara,2021-06-25,971,466012,617,268292,292,177621,62,20099,449,32759,518,225994,510,258753,California
Santa Barbara,2021-06-26,509,466521,355,268647,123,177744,31,20130,201,32683,308,226302,232,258985,California
Santa Barbara,2021-06-27,393,466914,257,268904,73,177817,63,20193,187,32731,202,226504,250,259235,California
Santa Barbara,2021-06-28,466,467380,305,269209,127,177944,34,20227,237,32773,229,226733,271,259506,California
Santa Barbara,2021-06-29,558,467938,379,269588,164,178108,15,20242,268,32771,284,227017,282,259788,California
Santa Barbara,2021-06-30,649,468587,461,270049,149,178257,39,20281,314,32797,327,227344,353,260141,California
Santa Barbara,2021-07-01,1064,469651,795,270844,120,178377,149,20430,413,32709,649,227993,561,260702,California
Santa Barbara,2021-07-02,771,470422,513,271357,203,178580,55,20485,376,32747,393,228386,431,261133,California
Santa Barbara,2021-07-03,348,470770,220,271577,118,178698,10,20495,154,32720,190,228576,163,261296,California
Santa Barbara,2021-07-04,25,470795,15,271592,10,178708,0,20495,9,32713,16,228592,9,261305,California
Santa Barbara,2021-07-05,492,471287,317,271909,156,178864,19,20514,221,32683,270,228862,240,261545,California
Santa Barbara,2021-07-06,543,471830,395,272304,121,178985,27,20541,200,32571,339,229201,227,261772,California
Santa Barbara,2021-07-07,584,472414,417,272721,121,179106,46,20587,267,32570,314,229515,313,262085,California
Santa Barbara,2021-07-08,990,473404,850,273571,106,179212,34,20621,427,32471,559,230074,460,262545,California
Santa Barbara,2021-07-09,537,473941,383,273954,103,179315,51,20672,211,32412,319,230393,260,262805,California
Santa Clara,2020-12-15,73,73,73,73,0,0,0,0,73,73,0,0,73,73,California
Santa Clara,2020-12-16,153,226,153,226,0,0,0,0,153,226,0,0,153,226,California
Santa Clara,2020-12-17,408,634,408,634,0,0,0,0,408,634,0,0,408,634,California
Santa Clara,2020-12-18,1760,2394,1759,2393,1,1,0,0,1760,2394,0,0,1760,2394,California
Santa Clara,2020-12-19,2079,4473,2079,4472,0,1,0,0,2078,4472,0,0,2078,4472,California
Santa Clara,2020-12-20,1905,6378,1904,6376,1,2,0,0,1902,6374,0,0,1902,6374,California
Santa Clara,2020-12-21,2676,9054,2676,9052,0,2,0,0,2672,9045,1,1,2672,9046,California
Santa Clara,2020-12-22,3132,12186,3125,12177,7,9,0,0,3127,12170,2,3,3127,12173,California
Santa Clara,2020-12-23,3277,15463,3087,15264,190,199,0,0,3274,15443,1,4,3274,15447,California
Santa Clara,2020-12-24,1891,17354,1700,16964,191,390,0,0,1884,17325,2,6,1884,17331,California
Santa Clara,2020-12-25,349,17703,348,17312,1,391,0,0,349,17674,0,6,349,17680,California
Santa Clara,2020-12-26,1276,18979,1041,18353,235,626,0,0,1275,18949,0,6,1275,18955,California
Santa Clara,2020-12-27,659,19638,516,18869,143,769,0,0,659,19608,0,6,659,19614,California
Santa Clara,2020-12-28,2358,21996,1746,20615,612,1381,0,0,2358,21966,0,6,2358,21972,California
Santa Clara,2020-12-29,2376,24372,1510,22125,866,2247,0,0,2374,24340,0,6,2374,24346,California
Santa Clara,2020-12-30,3000,27372,1899,24024,1101,3348,0,0,2997,27334,3,9,2997,27343,California
Santa Clara,2020-12-31,1239,28611,399,24423,840,4188,0,0,1238,28571,1,10,1238,28581,California
Santa Clara,2021-01-01,155,28766,18,24441,137,4325,0,0,153,28722,2,12,153,28734,California
Santa Clara,2021-01-02,1098,29864,819,25260,279,4604,0,0,1098,29820,0,12,1098,29832,California
Santa Clara,2021-01-03,590,30454,372,25632,218,4822,0,0,585,30402,3,15,585,30417,California
Santa Clara,2021-01-04,2485,32939,1681,27313,804,5626,0,0,2482,32884,0,15,2482,32899,California
Santa Clara,2021-01-05,3109,36048,2040,29353,1069,6695,0,0,2913,35608,195,210,2919,35818,California
Santa Clara,2021-01-06,3368,39416,1994,31347,1374,8069,0,0,2758,37764,605,815,2761,38579,California
Santa Clara,2021-01-07,4241,43657,2577,33924,1664,9733,0,0,3153,39847,1077,1892,3160,41739,California
Santa Clara,2021-01-08,5897,49554,3861,37785,2036,11769,0,0,3775,41510,2112,4004,3775,45514,California
Santa Clara,2021-01-09,3044,52598,1920,39705,1124,12893,0,0,1720,41912,1321,5325,1723,47237,California
Santa Clara,2021-01-10,1971,54569,1521,41226,450,13343,0,0,751,41445,1218,6543,751,47988,California
Santa Clara,2021-01-11,6010,60579,3800,45026,2210,15553,0,0,3409,42262,2598,9141,3415,51403,California
Santa Clara,2021-01-12,6915,67494,3509,48535,3406,18959,0,0,4575,44514,2325,11466,4577,55980,California
Santa Clara,2021-01-13,7474,74968,3141,51676,4333,23292,0,0,5220,47485,2250,13716,5221,61201,California
Santa Clara,2021-01-14,8319,83287,2872,54548,5447,28739,0,0,6517,52211,1793,15509,6519,67720,California
Santa Clara,2021-01-15,9569,92856,2776,57324,6793,35532,0,0,8161,58975,1402,16911,8166,75886,California
Santa Clara,2021-01-16,4362,97218,1260,58584,3102,38634,0,0,3501,61619,857,17768,3501,79387,California
Santa Clara,2021-01-17,3246,100464,620,59204,2626,41260,0,0,2735,63847,507,18275,2735,82122,California
Santa Clara,2021-01-18,5124,105588,1179,60383,3945,45205,0,0,4557,67838,567,18842,4558,86680,California
Santa Clara,2021-01-19,8526,114114,2708,63091,5818,51023,0,0,6821,72961,1701,20543,6824,93504,California
Santa Clara,2021-01-20,8458,122572,4458,67549,4000,55023,0,0,6884,78276,1569,22112,6884,100388,California
Santa Clara,2021-01-21,8929,131501,3952,71501,4977,60000,0,0,7642,84638,1282,23394,7644,108032,California
Santa Clara,2021-01-22,8746,140247,3314,74815,5432,65432,0,0,8162,92223,580,23974,8165,116197,California
Santa Clara,2021-01-23,3808,144055,1687,76502,2121,67553,0,0,2837,94090,971,24945,2838,119035,California
Santa Clara,2021-01-24,2852,146907,1431,77933,1421,68974,0,0,2356,95955,491,25436,2356,121391,California
Santa Clara,2021-01-25,8412,155319,3808,81741,4604,73578,0,0,6320,100193,2084,27520,6322,127713,California
Santa Clara,2021-01-26,8329,163648,3800,85541,4529,78107,0,0,6169,104217,2148,29668,6172,133885,California
Santa Clara,2021-01-27,8817,172465,3887,89428,4930,83037,0,0,6865,109152,1931,31599,6866,140751,California
Santa Clara,2021-01-28,9546,182011,3823,93251,5723,88760,0,0,7542,114716,1983,33582,7547,148298,California
Santa Clara,2021-01-29,9624,191635,3972,97223,5652,94412,0,0,7417,119939,2195,35777,7418,155716,California
Santa Clara,2021-01-30,4218,195853,2098,99321,2120,96532,0,0,2987,121705,1222,36999,2988,158704,California
Santa Clara,2021-01-31,2205,198058,1323,100644,882,97414,0,0,1595,122697,603,37602,1595,160299,California
Santa Clara,2021-02-01,7874,205932,3512,104156,4362,101776,0,0,6149,127138,1710,39312,6151,166450,California
Santa Clara,2021-02-02,8662,214594,2895,107051,5767,107543,0,0,6609,131708,2042,41354,6612,173062,California
Santa Clara,2021-02-03,9279,223873,3484,110535,5795,113338,0,0,6958,136357,2315,43669,6964,180026,California
Santa Clara,2021-02-04,11046,234919,4178,114713,6868,120206,0,0,8709,142745,2325,45994,8713,188739,California
Santa Clara,2021-02-05,12046,246965,4389,119102,7657,127863,0,0,8546,147810,3482,49476,8547,197286,California
Santa Clara,2021-02-06,5236,252201,2842,121944,2394,130257,0,0,4047,150676,1183,50659,4049,201335,California
Santa Clara,2021-02-07,3500,255701,2362,124306,1138,131395,0,0,3040,153260,457,51116,3041,204376,California
Santa Clara,2021-02-08,10111,265812,3554,127860,6557,137952,0,0,7347,157858,2751,53867,7349,211725,California
Santa Clara,2021-02-09,11241,277053,3843,131703,7398,145350,0,0,7708,162053,3517,57384,7712,219437,California
Santa Clara,2021-02-10,12806,289859,4978,136681,7828,153178,0,0,6642,162554,6144,63528,6645,226082,California
Santa Clara,2021-02-11,13653,303512,4790,141471,8863,162041,0,0,7659,164240,5975,69503,7661,233743,California
Santa Clara,2021-02-12,14714,318226,4543,146014,10171,172212,0,0,6993,163541,7694,77197,6995,240738,California
Santa Clara,2021-02-13,6179,324405,1503,147517,4676,176888,0,0,2247,161866,3924,81121,2249,242987,California
Santa Clara,2021-02-14,4658,329063,1165,148682,3493,180381,0,0,1482,160178,3172,84293,1484,244471,California
Santa Clara,2021-02-15,6336,335399,2825,151507,3511,183892,0,0,2736,159326,3589,87882,2737,247208,California
Santa Clara,2021-02-16,13918,349317,4029,155536,9889,193781,0,0,6977,159387,6917,94799,6978,254186,California
Santa Clara,2021-02-17,14170,363487,5562,161098,8608,202389,0,0,7050,159348,7095,101894,7056,261242,California
Santa Clara,2021-02-18,14365,377852,8465,169563,5900,208289,0,0,7311,159658,7005,108899,7315,268557,California
Santa Clara,2021-02-19,15038,392890,9662,179225,5376,213665,0,0,8735,162122,6278,115177,8742,277299,California
Santa Clara,2021-02-20,7083,399973,5307,184532,1776,215441,0,0,3807,162671,3259,118436,3808,281107,California
Santa Clara,2021-02-21,3447,403420,2565,187097,882,216323,0,0,1289,161824,2138,120574,1291,282398,California
Santa Clara,2021-02-22,10843,414263,6473,193570,4370,220693,0,0,5019,161055,5789,126363,5020,287418,California
Santa Clara,2021-02-23,12569,426832,8119,201689,4450,225143,0,0,7083,162684,5458,131821,7087,294505,California
Santa Clara,2021-02-24,14930,441762,9605,211294,5325,230468,0,0,9152,166080,5756,137577,9152,303657,California
Santa Clara,2021-02-25,15652,457414,9977,221271,5675,236143,0,0,8470,167418,7141,144718,8479,312136,California
Santa Clara,2021-02-26,15378,472792,8884,230155,6494,242637,0,0,8348,168793,6980,151698,8355,320491,California
Santa Clara,2021-02-27,8482,481274,5846,236001,2635,245272,1,1,4733,169813,3721,155419,4741,325232,California
Santa Clara,2021-02-28,5392,486666,3680,239681,1711,246983,1,2,2675,169789,2700,158119,2676,327908,California
Santa Clara,2021-03-01,14573,501239,8377,248058,6190,253173,6,8,9025,173298,5522,163641,9031,336939,California
Santa Clara,2021-03-02,16192,517431,9578,257636,6612,259785,2,10,10331,177800,5831,169472,10333,347272,California
Santa Clara,2021-03-03,18722,536153,9264,266900,9454,269239,4,14,11644,182417,7035,176507,11652,358924,California
Santa Clara,2021-03-04,16610,552763,9034,275934,7573,276812,3,17,9655,185219,6859,183366,9661,368585,California
Santa Clara,2021-03-05,16671,569434,9268,285202,7277,284089,126,143,9254,187218,7387,190753,9386,377971,California
Santa Clara,2021-03-06,9465,578899,6332,291534,2683,286772,450,593,7106,192427,2346,193099,7555,385526,California
Santa Clara,2021-03-07,7064,585963,4496,296030,2184,288956,384,977,5516,196788,1533,194632,5894,391420,California
Santa Clara,2021-03-08,12975,598938,6745,302775,5629,294585,601,1578,8305,201036,4653,199285,8901,400321,California
Santa Clara,2021-03-09,15329,614267,6535,309310,7462,302047,1332,2910,6915,200877,8389,207674,8230,408551,California
Santa Clara,2021-03-10,15292,629559,6706,316016,6466,308513,2120,5030,6318,200344,8936,216610,8403,416954,California
Santa Clara,2021-03-11,17157,646716,7797,323813,7852,316365,1508,6538,6073,196865,11042,227652,7563,424517,California
Santa Clara,2021-03-12,17781,664497,9138,332951,7071,323436,1572,8110,5956,192591,11771,239423,7497,432014,California
Santa Clara,2021-03-13,10886,675383,6308,339259,3071,326507,1507,9617,4839,192882,6017,245440,6308,438322,California
Santa Clara,2021-03-14,6550,681933,3407,342666,1838,328345,1305,10922,3170,193976,3359,248799,4453,442775,California
Santa Clara,2021-03-15,12862,694795,6575,349241,6009,334354,278,11200,5916,193256,6913,255712,6193,448968,California
Santa Clara,2021-03-16,18336,713131,10356,359597,7771,342125,209,11409,8748,192656,9553,265265,8953,457921,California
Santa Clara,2021-03-17,20125,733256,11439,371036,8515,350640,171,11580,10268,193292,9796,275061,10432,468353,California
Santa Clara,2021-03-18,19335,752591,9075,380111,9098,359738,1162,12742,8976,193119,10298,285359,10125,478478,California
Santa Clara,2021-03-19,19556,772147,10088,390199,8460,368198,1008,13750,9895,194438,9575,294934,10894,489372,California
Santa Clara,2021-03-20,11614,783761,6404,396603,4378,372576,832,14582,6697,197095,4867,299801,7524,496896,California
Santa Clara,2021-03-21,8380,792141,3849,400452,3133,375709,1398,15980,5352,200815,3011,302812,6731,503627,California
Santa Clara,2021-03-22,16569,808710,9232,409684,6983,382692,354,16334,9148,202928,7385,310197,9498,513125,California
Santa Clara,2021-03-23,19514,828224,12396,422080,6592,389284,526,16860,11208,206404,8252,318449,11728,524853,California
Santa Clara,2021-03-24,22829,851053,14645,436725,7766,397050,418,17278,14631,213300,8151,326600,15047,539900,California
Santa Clara,2021-03-25,23125,874178,13230,449955,8903,405953,992,18270,14812,220851,8233,334833,15784,555684,California
Santa Clara,2021-03-26,22129,896307,14077,464032,7661,413614,391,18661,13581,226312,8501,343334,13962,569646,California
Santa Clara,2021-03-27,15811,912118,10512,474544,4529,418143,770,19431,8469,228255,7291,350625,9234,578880,California
Santa Clara,2021-03-28,12088,924206,8391,482935,2980,421123,717,20148,6473,229850,5587,356212,7182,586062,California
Santa Clara,2021-03-29,20702,944908,12647,495582,7328,428451,727,20875,11194,232299,9460,365672,11909,597971,California
Santa Clara,2021-03-30,25798,970706,15292,510874,8557,437008,1949,22824,16220,240923,9528,375200,18152,616123,California
Santa Clara,2021-03-31,20633,991339,11923,522797,7572,444580,1138,23962,12542,246546,8040,383240,13663,629786,California
Santa Clara,2021-04-01,32037,1023376,19879,542676,9042,453622,3116,27078,20216,258095,11737,394977,23286,653072,California
Santa Clara,2021-04-02,25441,1048817,14398,557074,8814,462436,2229,29307,16589,268085,8800,403777,18790,671862,California
Santa Clara,2021-04-03,15391,1064208,9328,566402,3517,465953,2546,31853,8499,272242,6864,410641,11021,682883,California
Santa Clara,2021-04-04,7667,1071875,4052,570454,2438,468391,1177,33030,3944,273634,3709,414350,5101,687984,California
Santa Clara,2021-04-05,22046,1093921,14635,585089,4904,473295,2507,35537,14382,282872,7626,421976,16864,704848,California
Santa Clara,2021-04-06,29797,1123718,16388,601477,7908,481203,5501,41038,17842,294269,11896,433872,23293,728141,California
Santa Clara,2021-04-07,31065,1154783,16029,617506,8514,489717,6522,47560,18943,307629,12057,445929,25417,753558,California
Santa Clara,2021-04-08,30177,1184960,16458,633964,6068,495785,7651,55211,16419,317967,13674,459603,24012,777570,California
Santa Clara,2021-04-09,28292,1213252,13990,647954,6970,502755,7332,62543,14444,325899,13771,473374,21703,799273,California
Santa Clara,2021-04-10,21669,1234921,12482,660436,3804,506559,5383,67926,11552,332698,10074,483448,16873,816146,California
Santa Clara,2021-04-11,16112,1251033,9653,670089,2665,509224,3794,71720,8331,337052,7741,491189,12095,828241,California
Santa Clara,2021-04-12,27212,1278245,19079,689168,5586,514810,2547,74267,18469,349377,8675,499864,21000,849241,California
Santa Clara,2021-04-13,34676,1312921,27266,716434,7381,522191,29,74296,26696,368225,7900,507764,26748,875989,California
Santa Clara,2021-04-14,37222,1350143,28209,744643,9009,531200,4,74300,26377,383877,10768,518532,26420,902409,California
Santa Clara,2021-04-15,44724,1394867,34603,779246,10115,541315,6,74306,34366,408042,10233,528765,34398,936807,California
Santa Clara,2021-04-16,38925,1433792,26647,805893,12274,553589,4,74310,27815,424864,11024,539789,27846,964653,California
Santa Clara,2021-04-17,22379,1456171,15301,821194,7076,560665,2,74312,15353,433282,6957,546746,15375,980028,California
Santa Clara,2021-04-18,16961,1473132,11154,832348,5807,566472,0,74312,10600,437567,6328,553074,10613,990641,California
Santa Clara,2021-04-19,29332,1502464,21202,853550,8129,574601,1,74313,17557,443464,11696,564770,17593,1008234,California
Santa Clara,2021-04-20,38169,1540633,23519,877069,14648,589249,2,74315,23251,451961,14795,579565,23292,1031526,California
Santa Clara,2021-04-21,38195,1578828,22568,899637,15625,604874,2,74317,25016,463949,13071,592636,25059,1056585,California
Santa Clara,2021-04-22,37998,1616826,25487,925124,12510,617384,1,74318,17892,461921,19997,612633,17969,1074554,California
Santa Clara,2021-04-23,32783,1649609,20162,945286,12620,630004,1,74319,15345,460000,17327,629960,15406,1089960,California
Santa Clara,2021-04-24,21237,1670846,15500,960786,5736,635740,1,74320,12055,462985,9102,639062,12087,1102047,California
Santa Clara,2021-04-25,13603,1684449,9834,970620,3763,639503,6,74326,8685,466826,4874,643936,8715,1110762,California
Santa Clara,2021-04-26,25524,1709973,19718,990338,5746,645249,60,74386,10612,462710,14813,658749,10697,1121459,California
Santa Clara,2021-04-27,28002,1737975,19960,1010298,7654,652903,388,74774,12210,459669,15691,674440,12650,1134109,California
Santa Clara,2021-04-28,26573,1764548,19782,1030080,6352,659255,439,75213,11276,456244,15210,689650,11785,1145894,California
Santa Clara,2021-04-29,24516,1789064,17993,1048073,6121,665376,402,75615,9223,450745,15207,704857,9708,1155602,California
Santa Clara,2021-04-30,23704,1812768,16346,1064419,6989,672365,369,75984,10145,447889,13462,718319,10606,1166208,California
Santa Clara,2021-05-01,17528,1830296,14527,1078946,2735,675100,266,76250,5523,441775,11947,730266,5833,1172041,California
Santa Clara,2021-05-02,11322,1841618,9392,1088338,1696,676796,234,76484,3487,437730,7785,738051,3740,1175781,California
Santa Clara,2021-05-03,22903,1864521,19392,1107730,3076,679872,435,76919,5142,425671,17682,755733,5623,1181404,California
Santa Clara,2021-05-04,31170,1895691,24491,1132221,6135,686007,544,77463,5564,406335,25495,781228,6159,1187563,California
Santa Clara,2021-05-05,32798,1928489,25044,1157265,7211,693218,543,78006,5532,385275,27164,808392,6104,1193667,California
Santa Clara,2021-05-06,35958,1964447,30025,1187290,5459,698677,474,78480,4774,359496,31049,839441,5270,1198937,California
Santa Clara,2021-05-07,32921,1997368,26494,1213784,5937,704614,490,78970,4709,336673,28071,867512,5248,1204185,California
Santa Clara,2021-05-08,17229,2014597,14120,1227904,2681,707295,428,79398,3717,327411,13422,880934,4160,1208345,California
Santa Clara,2021-05-09,10575,2025172,9206,1237110,1183,708478,186,79584,2333,321737,8206,889140,2532,1210877,California
Santa Clara,2021-05-10,21152,2046324,16974,1254084,3774,712252,404,79988,2647,306387,18422,907562,3072,1213949,California
Santa Clara,2021-05-11,22883,2069207,17324,1271408,5114,717366,445,80433,4019,292089,18768,926330,4470,1218419,California
Santa Clara,2021-05-12,21569,2090776,15886,1287294,5158,722524,525,80958,4247,279645,17222,943552,4778,1223197,California
Santa Clara,2021-05-13,28353,2119129,22979,1310273,5072,727596,302,81260,11263,274222,16997,960549,11574,1234771,California
Santa Clara,2021-05-14,27969,2147098,19577,1329850,8002,735598,390,81650,9638,266035,18227,978776,10040,1244811,California
Santa Clara,2021-05-15,21013,2168111,16906,1346756,3826,739424,281,81931,8141,261680,12785,991561,8430,1253241,California
Santa Clara,2021-05-16,16422,2184533,13426,1360182,2821,742245,175,82106,5372,256261,10970,1002531,5551,1258792,California
Santa Clara,2021-05-17,20436,2204969,16088,1376270,3980,746225,368,82474,6864,249998,13496,1016027,7233,1266025,California
Santa Clara,2021-05-18,26197,2231166,16742,1393012,9039,755264,416,82890,7168,238689,18894,1034921,7585,1273610,California
Santa Clara,2021-05-19,24638,2255804,14417,1407429,9797,765061,424,83314,7313,229218,17215,1052136,7744,1281354,California
Santa Clara,2021-05-20,18541,2274345,12203,1419632,5887,770948,451,83765,6100,223413,12352,1064488,6547,1287901,California
Santa Clara,2021-05-21,22342,2296687,14853,1434485,6993,777941,496,84261,7383,216457,14850,1079338,7894,1295795,California
Santa Clara,2021-05-22,13040,2309727,9882,1444367,2800,780741,358,84619,5741,215328,7232,1086570,6103,1301898,California
Santa Clara,2021-05-23,8450,2318177,6292,1450659,1956,782697,202,84821,3417,213961,4988,1091558,3621,1305519,California
Santa Clara,2021-05-24,10917,2329094,7876,1458535,2592,785289,449,85270,3787,211129,7069,1098627,4237,1309756,California
Santa Clara,2021-05-25,11489,2340583,7949,1466484,3122,788411,418,85688,4398,208928,7015,1105642,4814,1314570,California
Santa Clara,2021-05-26,10441,2351024,6773,1473257,3331,791742,337,86025,3964,206854,6369,1112011,4295,1318865,California
Santa Clara,2021-05-27,9416,2360440,6010,1479267,2932,794674,474,86499,3514,205001,5834,1117845,3981,1322846,California
Santa Clara,2021-05-28,10916,2371356,7083,1486350,3403,798077,430,86929,4453,203490,6395,1124240,4884,1327730,California
Santa Clara,2021-05-29,6358,2377714,4335,1490685,1742,799819,281,87210,2710,202871,3606,1127846,2987,1330717,California
Santa Clara,2021-05-30,3872,2381586,2910,1493595,753,800572,209,87419,1836,202910,2005,1129851,2044,1332761,California
Santa Clara,2021-05-31,1098,2382684,628,1494223,361,800933,109,87528,438,202804,653,1130504,547,1333308,California
Santa Clara,2021-06-01,9076,2391760,6378,1500601,2315,803248,383,87911,3011,200205,5992,1136496,3393,1336701,California
Santa Clara,2021-06-02,7715,2399475,5540,1506141,1823,805071,352,88263,2909,198709,4748,1141244,3252,1339953,California
Santa Clara,2021-06-03,12245,2411720,10139,1516280,1739,806810,367,88630,2630,192155,9554,1150798,3000,1342953,California
Santa Clara,2021-06-04,13630,2425350,11412,1527692,1902,808712,316,88946,3284,185475,10273,1161071,3593,1346546,California
Santa Clara,2021-06-05,10519,2435869,9041,1536733,1218,809930,260,89206,2202,179670,8265,1169336,2460,1349006,California
Santa Clara,2021-06-06,6964,2442833,6209,1542942,599,810529,156,89362,1386,175683,5528,1174864,1541,1350547,California
Santa Clara,2021-06-07,9958,2452791,8391,1551333,1323,811852,244,89606,2313,170631,7606,1182470,2554,1353101,California
Santa Clara,2021-06-08,9177,2461968,7495,1558828,1412,813264,270,89876,2451,166682,6667,1189137,2718,1355819,California
Santa Clara,2021-06-09,9550,2471518,7966,1566794,1331,814595,253,90129,2268,161981,7217,1196354,2516,1358335,California
Santa Clara,2021-06-10,8327,2479845,6914,1573708,1082,815677,331,90460,2249,158532,6025,1202379,2576,1360911,California
Santa Clara,2021-06-11,10252,2490097,8704,1582412,1271,816948,277,90737,2531,153673,7668,1210047,2809,1363720,California
Santa Clara,2021-06-12,7187,2497284,5984,1588396,1037,817985,166,90903,1688,150075,5453,1215500,1855,1365575,California
Santa Clara,2021-06-13,3757,2501041,3033,1591429,608,818593,116,91019,868,148197,2862,1218362,984,1366559,California
Santa Clara,2021-06-14,5986,2507027,4840,1596269,913,819506,233,91252,1957,146389,3997,1222359,2189,1368748,California
Santa Clara,2021-06-15,7375,2514402,5972,1602241,1102,820608,301,91553,2080,143528,5244,1227603,2383,1371131,California
Santa Clara,2021-06-16,6376,2520778,5159,1607400,909,821517,308,91861,2090,141692,4235,1231838,2399,1373530,California
Santa Clara,2021-06-17,5366,2526144,4348,1611748,773,822290,245,92106,1835,140306,3462,1235300,2076,1375606,California
Santa Clara,2021-06-18,5458,2531602,4403,1616151,883,823173,172,92278,1800,138700,3577,1238877,1971,1377577,California
Santa Clara,2021-06-19,4524,2536126,3621,1619772,705,823878,198,92476,1283,136979,3202,1242079,1481,1379058,California
Santa Clara,2021-06-20,2150,2538276,1765,1621537,321,824199,64,92540,677,136267,1453,1243532,741,1379799,California
Santa Clara,2021-06-21,3707,2541983,2789,1624326,690,824889,228,92768,1810,136438,1863,1245395,2034,1381833,California
Santa Clara,2021-06-22,5096,2547079,4067,1628393,806,825695,223,92991,1711,135022,3348,1248743,1932,1383765,California
Santa Clara,2021-06-23,4483,2551562,3526,1631919,756,826451,201,93192,1608,133990,2839,1251582,1807,1385572,California
Santa Clara,2021-06-24,4367,2555929,3380,1635299,783,827234,204,93396,1612,133102,2704,1254286,1816,1387388,California
Santa Clara,2021-06-25,5529,2561458,4517,1639816,802,828036,210,93606,1898,131631,3575,1257861,2104,1389492,California
Santa Clara,2021-06-26,3687,2565145,2938,1642754,610,828646,139,93745,1335,130791,2312,1260173,1472,1390964,California
Santa Clara,2021-06-27,1988,2567133,1550,1644304,351,828997,87,93832,685,130273,1289,1261462,771,1391735,California
Santa Clara,2021-06-28,4060,2571193,3427,1647731,407,829404,226,94058,1557,129580,2473,1263935,1780,1393515,California
Santa Clara,2021-06-29,4141,2575334,3225,1650956,734,830138,182,94240,1590,128838,2514,1266449,1772,1395287,California
Santa Clara,2021-06-30,3725,2579059,2916,1653872,631,830769,178,94418,1434,128186,2266,1268715,1614,1396901,California
Santa Clara,2021-07-01,3554,2582613,2820,1656692,540,831309,194,94612,1344,127534,2189,1270904,1537,1398438,California
Santa Clara,2021-07-02,4132,2586745,3342,1660034,623,831932,167,94779,1578,126765,2516,1273420,1747,1400185,California
Santa Clara,2021-07-03,2428,2589173,1897,1661931,421,832353,110,94889,1001,126477,1400,1274820,1112,1401297,California
Santa Clara,2021-07-04,135,2589308,100,1662031,22,832375,13,94902,69,126494,65,1274885,82,1401379,California
Santa Clara,2021-07-05,2372,2591680,1954,1663985,294,832669,124,95026,954,126182,1391,1276276,1079,1402458,California
Santa Clara,2021-07-06,4178,2595858,3247,1667232,772,833441,159,95185,1411,125014,2734,1279010,1566,1404024,California
Santa Clara,2021-07-07,3634,2599492,2820,1670052,638,834079,176,95361,1264,124112,2340,1281350,1438,1405462,California
Santa Clara,2021-07-08,3007,2602499,2332,1672384,535,834614,140,95501,1159,123587,1818,1283168,1293,1406755,California
Santa Clara,2021-07-09,2275,2604774,1657,1674041,505,835119,113,95614,945,123326,1314,1284482,1053,1407808,California
Santa Cruz,2020-12-15,2,2,2,2,0,0,0,0,2,2,0,0,2,2,California
Santa Cruz,2020-12-16,57,59,57,59,0,0,0,0,57,59,0,0,57,59,California
Santa Cruz,2020-12-17,389,448,389,448,0,0,0,0,389,448,0,0,389,448,California
Santa Cruz,2020-12-18,465,913,465,913,0,0,0,0,465,913,0,0,465,913,California
Santa Cruz,2020-12-19,184,1097,183,1096,1,1,0,0,184,1097,0,0,184,1097,California
Santa Cruz,2020-12-20,93,1190,93,1189,0,1,0,0,93,1190,0,0,93,1190,California
Santa Cruz,2020-12-21,437,1627,436,1625,1,2,0,0,437,1627,0,0,437,1627,California
Santa Cruz,2020-12-22,422,2049,421,2046,1,3,0,0,422,2049,0,0,422,2049,California
Santa Cruz,2020-12-23,369,2418,325,2371,44,47,0,0,369,2418,0,0,369,2418,California
Santa Cruz,2020-12-24,123,2541,47,2418,76,123,0,0,123,2541,0,0,123,2541,California
Santa Cruz,2020-12-25,9,2550,9,2427,0,123,0,0,9,2550,0,0,9,2550,California
Santa Cruz,2020-12-26,65,2615,46,2473,19,142,0,0,65,2615,0,0,65,2615,California
Santa Cruz,2020-12-27,32,2647,27,2500,5,147,0,0,32,2647,0,0,32,2647,California
Santa Cruz,2020-12-28,483,3130,108,2608,375,522,0,0,483,3130,0,0,483,3130,California
Santa Cruz,2020-12-29,794,3924,366,2974,428,950,0,0,794,3924,0,0,794,3924,California
Santa Cruz,2020-12-30,357,4281,165,3139,192,1142,0,0,357,4281,0,0,357,4281,California
Santa Cruz,2020-12-31,311,4592,11,3150,300,1442,0,0,311,4592,0,0,311,4592,California
Santa Cruz,2021-01-01,33,4625,1,3151,32,1474,0,0,33,4625,0,0,33,4625,California
Santa Cruz,2021-01-02,68,4693,55,3206,13,1487,0,0,68,4693,0,0,68,4693,California
Santa Cruz,2021-01-03,15,4708,7,3213,8,1495,0,0,15,4708,0,0,15,4708,California
Santa Cruz,2021-01-04,281,4989,123,3336,158,1653,0,0,279,4987,0,0,279,4987,California
Santa Cruz,2021-01-05,570,5559,433,3769,137,1790,0,0,268,4953,302,302,268,5255,California
Santa Cruz,2021-01-06,800,6359,668,4437,132,1922,0,0,462,5078,337,639,462,5717,California
Santa Cruz,2021-01-07,536,6895,210,4647,326,2248,0,0,382,5307,154,793,383,6100,California
Santa Cruz,2021-01-08,940,7835,566,5213,374,2622,0,0,491,5350,449,1242,492,6592,California
Santa Cruz,2021-01-09,468,8303,128,5341,340,2962,0,0,409,5700,59,1301,409,7001,California
Santa Cruz,2021-01-10,77,8380,68,5409,9,2971,0,0,20,5663,57,1358,20,7021,California
Santa Cruz,2021-01-11,729,9109,592,6001,137,3108,0,0,195,5325,534,1892,196,7217,California
Santa Cruz,2021-01-12,733,9842,529,6530,204,3312,0,0,491,5574,242,2134,491,7708,California
Santa Cruz,2021-01-13,534,10376,235,6765,299,3611,0,0,446,5935,85,2219,446,8154,California
Santa Cruz,2021-01-14,555,10931,103,6868,452,4063,0,0,489,6358,66,2285,489,8643,California
Santa Cruz,2021-01-15,1459,12390,77,6945,1382,5445,0,0,1395,7691,64,2349,1397,10040,California
Santa Cruz,2021-01-16,423,12813,53,6998,370,5815,0,0,404,8076,19,2368,404,10444,California
Santa Cruz,2021-01-17,299,13112,41,7039,258,6073,0,0,274,8325,25,2393,274,10718,California
Santa Cruz,2021-01-18,1010,14122,100,7139,910,6983,0,0,948,9211,62,2455,948,11666,California
Santa Cruz,2021-01-19,1626,15748,524,7663,1102,8085,0,0,1275,10138,349,2804,1276,12942,California
Santa Cruz,2021-01-20,1250,16998,183,7846,1067,9152,0,0,1048,10987,199,3003,1048,13990,California
Santa Cruz,2021-01-21,1754,18752,226,8072,1528,10680,0,0,1645,12525,109,3112,1647,15637,California
Santa Cruz,2021-01-22,1803,20555,523,8595,1280,11960,0,0,1700,14126,100,3212,1701,17338,California
Santa Cruz,2021-01-23,404,20959,150,8745,254,12214,0,0,344,14411,59,3271,344,17682,California
Santa Cruz,2021-01-24,111,21070,19,8764,92,12306,0,0,94,14488,17,3288,94,17776,California
Santa Cruz,2021-01-25,1063,22133,363,9127,700,13006,0,0,552,14529,511,3799,552,18328,California
Santa Cruz,2021-01-26,1697,23830,254,9381,1443,14449,0,0,1184,15200,513,4312,1184,19512,California
Santa Cruz,2021-01-27,1675,25505,454,9835,1221,15670,0,0,1286,16099,387,4699,1286,20798,California
Santa Cruz,2021-01-28,1765,27270,291,10126,1474,17144,0,0,1487,17309,278,4977,1488,22286,California
Santa Cruz,2021-01-29,1754,29024,493,10619,1261,18405,0,0,1620,18796,133,5110,1620,23906,California
Santa Cruz,2021-01-30,1076,30100,311,10930,765,19170,0,0,941,19602,135,5245,941,24847,California
Santa Cruz,2021-01-31,222,30322,110,11040,112,19282,0,0,208,19796,14,5259,208,25055,California
Santa Cruz,2021-02-01,1232,31554,753,11793,479,19761,0,0,824,20212,408,5667,824,25879,California
Santa Cruz,2021-02-02,1021,32575,130,11923,891,20652,0,0,864,20920,156,5823,864,26743,California
Santa Cruz,2021-02-03,2230,34805,948,12871,1282,21934,0,0,1912,22519,313,6136,1912,28655,California
Santa Cruz,2021-02-04,1841,36646,751,13622,1090,23024,0,0,1497,23674,342,6478,1497,30152,California
Santa Cruz,2021-02-05,3179,39825,787,14409,2392,25416,0,0,2858,26212,320,6798,2858,33010,California
Santa Cruz,2021-02-06,2580,42405,154,14563,2426,27842,0,0,2235,28102,345,7143,2235,35245,California
Santa Cruz,2021-02-07,920,43325,124,14687,796,28638,0,0,902,28986,18,7161,902,36147,California
Santa Cruz,2021-02-08,717,44042,200,14887,517,29155,0,0,518,29306,198,7359,518,36665,California
Santa Cruz,2021-02-09,2371,46413,1054,15941,1317,30472,0,0,2104,31143,267,7626,2104,38769,California
Santa Cruz,2021-02-10,2210,48623,575,16516,1635,32107,0,0,1507,31959,692,8318,1508,40277,California
Santa Cruz,2021-02-11,1863,50486,316,16832,1547,33654,0,0,1311,32719,551,8869,1311,41588,California
Santa Cruz,2021-02-12,3248,53734,425,17257,2823,36477,0,0,1828,33138,1411,10280,1830,43418,California
Santa Cruz,2021-02-13,1733,55467,125,17382,1608,38085,0,0,1319,34044,413,10693,1319,44737,California
Santa Cruz,2021-02-14,1407,56874,68,17450,1339,39424,0,0,1145,34927,262,10955,1145,45882,California
Santa Cruz,2021-02-15,1589,58463,282,17732,1307,40731,0,0,566,34471,1023,11978,567,46449,California
Santa Cruz,2021-02-16,1716,60179,218,17950,1498,42229,0,0,541,33859,1153,13131,541,46990,California
Santa Cruz,2021-02-17,2932,63111,981,18931,1951,44180,0,0,1220,33383,1699,14830,1223,48213,California
Santa Cruz,2021-02-18,2909,66020,641,19572,2268,46448,0,0,1235,32950,1668,16498,1235,49448,California
Santa Cruz,2021-02-19,3285,69305,1156,20728,2129,48577,0,0,2011,33690,1271,17769,2011,51459,California
Santa Cruz,2021-02-20,2445,71750,1535,22263,910,49487,0,0,1913,35071,532,18301,1913,53372,California
Santa Cruz,2021-02-21,873,72623,382,22645,491,49978,0,0,739,35678,132,18433,739,54111,California
Santa Cruz,2021-02-22,1312,73935,1017,23662,295,50273,0,0,546,35461,763,19196,546,54657,California
Santa Cruz,2021-02-23,2152,76087,973,24635,1179,51452,0,0,724,34761,1424,20620,724,55381,California
Santa Cruz,2021-02-24,3317,79404,1746,26381,1571,53023,0,0,1239,33927,2073,22693,1239,56620,California
Santa Cruz,2021-02-25,3388,82792,1508,27889,1880,54903,0,0,1858,34265,1522,24215,1860,58480,California
Santa Cruz,2021-02-26,2794,85586,777,28666,2017,56920,0,0,1589,34656,1200,25415,1591,60071,California
Santa Cruz,2021-02-27,2682,88268,932,29598,1749,58669,1,1,1877,35732,802,26217,1878,61949,California
Santa Cruz,2021-02-28,1310,89578,371,29969,939,59608,0,1,1084,36593,223,26440,1084,63033,California
Santa Cruz,2021-03-01,1919,91497,1256,31225,663,60271,0,1,729,36135,1187,27627,729,63762,California
Santa Cruz,2021-03-02,1557,93054,372,31597,1185,61456,0,1,874,36330,682,28309,877,64639,California
Santa Cruz,2021-03-03,2379,95433,646,32243,1733,63189,0,1,1305,36563,1072,29381,1305,65944,California
Santa Cruz,2021-03-04,3023,98456,1417,33660,1605,64794,1,2,2031,37617,979,30360,2033,67977,California
Santa Cruz,2021-03-05,2648,101104,503,34163,2127,66921,18,20,1153,37296,1492,31852,1171,69148,California
Santa Cruz,2021-03-06,3870,104974,1345,35508,2420,69341,105,125,2157,37846,1711,33563,2261,71409,California
Santa Cruz,2021-03-07,1397,106371,131,35639,1166,70507,100,225,574,37699,821,34384,674,72083,California
Santa Cruz,2021-03-08,1124,107495,224,35863,764,71271,136,361,669,38047,455,34839,803,72886,California
Santa Cruz,2021-03-09,1827,109322,276,36139,1399,72670,152,513,729,37834,1094,35933,881,73767,California
Santa Cruz,2021-03-10,3905,113227,2103,38242,1653,74323,149,662,2017,38117,1884,37817,2167,75934,California
Santa Cruz,2021-03-11,2838,116065,1227,39469,1437,75760,174,836,1558,38573,1279,39096,1735,77669,California
Santa Cruz,2021-03-12,2792,118857,889,40358,1607,77367,296,1132,928,37935,1860,40956,1222,78891,California
Santa Cruz,2021-03-13,2350,121207,1345,41703,963,78330,42,1174,1185,38001,1161,42117,1227,80118,California
Santa Cruz,2021-03-14,915,122122,221,41924,681,79011,13,1187,439,37978,474,42591,451,80569,California
Santa Cruz,2021-03-15,1366,123488,478,42402,851,79862,37,1224,581,37816,781,43372,619,81188,California
Santa Cruz,2021-03-16,2389,125877,1150,43552,1194,81056,45,1269,1381,38237,1003,44375,1424,82612,California
Santa Cruz,2021-03-17,4076,129953,2421,45973,1644,82700,11,1280,2687,39556,1382,45757,2701,85313,California
Santa Cruz,2021-03-18,3953,133906,2133,48106,1701,84401,119,1399,2111,39947,1838,47595,2229,87542,California
Santa Cruz,2021-03-19,3467,137373,1382,49488,1861,86262,224,1623,1822,40353,1640,49235,2046,89588,California
Santa Cruz,2021-03-20,2249,139622,1648,51136,534,86796,67,1690,1104,40380,1144,50379,1171,90759,California
Santa Cruz,2021-03-21,885,140507,477,51613,282,87078,126,1816,477,40579,405,50784,604,91363,California
Santa Cruz,2021-03-22,1444,141951,882,52495,537,87615,25,1841,1009,41183,431,51215,1035,92398,California
Santa Cruz,2021-03-23,2624,144575,1475,53970,1098,88713,51,1892,1748,42109,873,52088,1799,94197,California
Santa Cruz,2021-03-24,3147,147722,2133,56103,993,89706,21,1913,2089,43167,1051,53139,2109,96306,California
Santa Cruz,2021-03-25,2684,150406,1348,57451,1299,91005,37,1950,1346,43219,1330,54469,1382,97688,California
Santa Cruz,2021-03-26,3170,153576,1835,59286,1307,92312,28,1978,2148,44379,1015,55484,2175,99863,California
Santa Cruz,2021-03-27,3241,156817,2020,61306,1194,93506,27,2005,1512,44202,1718,57202,1541,101404,California
Santa Cruz,2021-03-28,935,157752,579,61885,342,93848,14,2019,490,44265,441,57643,504,101908,California
Santa Cruz,2021-03-29,2019,159771,890,62775,1062,94910,67,2086,1277,44871,738,58381,1344,103252,California
Santa Cruz,2021-03-30,2740,162511,829,63604,1747,96657,164,2250,1738,45774,998,59379,1901,105153,California
Santa Cruz,2021-03-31,4208,166719,2849,66453,1308,97965,51,2301,2208,46039,1994,61373,2259,107412,California
Santa Cruz,2021-04-01,4088,170807,2174,68627,1803,99768,111,2412,2072,46211,2010,63383,2182,109594,California
Santa Cruz,2021-04-02,3323,174130,1433,70060,1709,101477,181,2593,1896,46865,1423,64806,2077,111671,California
Santa Cruz,2021-04-03,2277,176407,1244,71304,897,102374,136,2729,890,46506,1384,66190,1025,112696,California
Santa Cruz,2021-04-04,943,177350,492,71796,395,102769,56,2785,548,46714,395,66585,603,113299,California
Santa Cruz,2021-04-05,2281,179631,795,72591,1318,104087,168,2953,1399,47400,881,67466,1567,114866,California
Santa Cruz,2021-04-06,3437,183068,1669,74260,1385,105472,383,3336,1976,48303,1450,68916,2353,117219,California
Santa Cruz,2021-04-07,4225,187293,1668,75928,2187,107659,370,3706,1817,48084,2404,71320,2185,119404,California
Santa Cruz,2021-04-08,4328,191621,2374,78302,1430,109089,524,4230,2546,49382,1770,73090,3068,122472,California
Santa Cruz,2021-04-09,3755,195376,1528,79830,1814,110903,413,4643,2105,50257,1643,74733,2518,124990,California
Santa Cruz,2021-04-10,2306,197682,1103,80933,939,111842,264,4907,1086,50388,1216,75949,1347,126337,California
Santa Cruz,2021-04-11,1016,198698,533,81466,387,112229,96,5003,492,50451,524,76473,587,126924,California
Santa Cruz,2021-04-12,2348,201046,838,82304,1083,113312,427,5430,1122,50787,1212,77685,1548,128472,California
Santa Cruz,2021-04-13,2974,204020,1481,83785,1491,114803,2,5432,1669,51161,1297,78982,1671,130143,California
Santa Cruz,2021-04-14,4777,208797,2304,86089,2473,117276,0,5432,2304,51005,2462,81444,2306,132449,California
Santa Cruz,2021-04-15,5129,213926,3253,89342,1876,119152,0,5432,3207,52307,1907,83351,3209,135658,California
Santa Cruz,2021-04-16,4621,218547,2562,91904,2057,121209,2,5434,2496,52691,2116,85467,2500,138158,California
Santa Cruz,2021-04-17,2286,220833,911,92815,1375,122584,0,5434,1500,53408,783,86250,1500,139658,California
Santa Cruz,2021-04-18,1121,221954,554,93369,566,123150,1,5435,609,53510,508,86758,610,140268,California
Santa Cruz,2021-04-19,2610,224564,1537,94906,1072,124222,1,5436,1618,54140,988,87746,1618,141886,California
Santa Cruz,2021-04-20,3284,227848,1756,96662,1528,125750,0,5436,1857,54582,1415,89161,1857,143743,California
Santa Cruz,2021-04-21,4432,232280,2981,99643,1451,127201,0,5436,2393,54954,2021,91182,2393,146136,California
Santa Cruz,2021-04-22,4405,236685,2988,102631,1417,128618,0,5436,2457,55474,1938,93120,2458,148594,California
Santa Cruz,2021-04-23,3240,239925,1759,104390,1480,130098,1,5437,1404,55054,1825,94945,1405,149999,California
Santa Cruz,2021-04-24,2264,242189,1089,105479,1172,131270,3,5440,692,54188,1561,96506,695,150694,California
Santa Cruz,2021-04-25,1096,243285,704,106183,379,131649,13,5453,455,54022,632,97138,466,151160,California
Santa Cruz,2021-04-26,2162,245447,1077,107260,1068,132717,17,5470,909,53708,1241,98379,927,152087,California
Santa Cruz,2021-04-27,3031,248478,999,108259,1951,134668,81,5551,1518,53802,1505,99884,1599,153686,California
Santa Cruz,2021-04-28,3516,251994,1963,110222,1476,136144,77,5628,1849,54070,1655,101539,1923,155609,California
Santa Cruz,2021-04-29,3828,255822,2558,112780,1207,137351,63,5691,1348,53013,2470,104009,1413,157022,California
Santa Cruz,2021-04-30,2409,258231,1223,114003,1142,138493,44,5735,1014,52685,1387,105396,1059,158081,California
Santa Cruz,2021-05-01,1314,259545,1043,115046,238,138731,33,5768,603,52615,707,106103,637,158718,California
Santa Cruz,2021-05-02,658,260203,464,115510,168,138899,26,5794,215,52414,443,106546,242,158960,California
Santa Cruz,2021-05-03,1932,262135,997,116507,867,139766,68,5862,653,51870,1267,107813,723,159683,California
Santa Cruz,2021-05-04,2738,264873,1599,118106,1068,140834,71,5933,878,50961,1856,109669,947,160630,California
Santa Cruz,2021-05-05,2825,267698,1423,119529,1322,142156,80,6013,744,49752,2038,111707,829,161459,California
Santa Cruz,2021-05-06,3916,271614,2504,122033,1191,143347,221,6234,877,47827,3020,114727,1095,162554,California
Santa Cruz,2021-05-07,2805,274419,1302,123335,1420,144767,83,6317,437,45986,2363,117090,522,163076,California
Santa Cruz,2021-05-08,1423,275842,742,124077,653,145420,28,6345,390,45375,1031,118121,420,163496,California
Santa Cruz,2021-05-09,530,276372,338,124415,169,145589,23,6368,155,45179,374,118495,178,163674,California
Santa Cruz,2021-05-10,2117,278489,1278,125693,773,146362,66,6434,410,43957,1698,120193,476,164150,California
Santa Cruz,2021-05-11,2428,280917,1377,127070,961,147323,90,6524,644,42911,1779,121972,733,164883,California
Santa Cruz,2021-05-12,3230,284147,1407,128477,1742,149065,81,6605,556,40885,2664,124636,638,165521,California
Santa Cruz,2021-05-13,3940,288087,2665,131142,1181,150246,94,6699,1394,39834,2541,127177,1490,167011,California
Santa Cruz,2021-05-14,2997,291084,1633,132775,1324,151570,40,6739,1135,39160,1852,129029,1178,168189,California
Santa Cruz,2021-05-15,2290,293374,1324,134099,954,152524,12,6751,1111,39107,1176,130205,1123,169312,California
Santa Cruz,2021-05-16,807,294181,431,134530,354,152878,22,6773,249,38823,556,130761,272,169584,California
Santa Cruz,2021-05-17,1554,295735,803,135333,680,153558,71,6844,527,38395,1026,131787,598,170182,California
Santa Cruz,2021-05-18,2339,298074,1435,136768,880,154438,24,6868,1108,38303,1224,133011,1132,171314,California
Santa Cruz,2021-05-19,3117,301191,1874,138642,1206,155644,37,6905,1305,37841,1804,134815,1342,172656,California
Santa Cruz,2021-05-20,3421,304612,2457,141099,816,156460,148,7053,1591,37755,1825,136640,1739,174395,California
Santa Cruz,2021-05-21,1785,306397,916,142015,780,157240,89,7142,606,37277,1174,137814,696,175091,California
Santa Cruz,2021-05-22,1723,308120,1331,143346,381,157621,11,7153,599,36767,1121,138935,611,175702,California
Santa Cruz,2021-05-23,478,308598,270,143616,189,157810,19,7172,148,36607,327,139262,167,175869,California
Santa Cruz,2021-05-24,1194,309792,687,144303,428,158238,79,7251,303,36106,883,140145,382,176251,California
Santa Cruz,2021-05-25,2284,312076,1303,145606,936,159174,45,7296,460,34934,1677,141822,505,176756,California
Santa Cruz,2021-05-26,1754,313830,820,146426,889,160063,45,7341,473,34184,1268,143090,518,177274,California
Santa Cruz,2021-05-27,1323,315153,718,147144,501,160564,104,7445,443,33858,873,143963,547,177821,California
Santa Cruz,2021-05-28,847,316000,374,147518,443,161007,30,7475,357,33766,480,144443,388,178209,California
Santa Cruz,2021-05-29,595,316595,337,147855,245,161252,13,7488,319,33825,273,144716,332,178541,California
Santa Cruz,2021-05-30,243,316838,119,147974,110,161362,14,7502,92,33782,148,144864,105,178646,California
Santa Cruz,2021-05-31,144,316982,62,148036,81,161443,1,7503,45,33729,99,144963,46,178692,California
Santa Cruz,2021-06-01,951,317933,582,148618,356,161799,13,7516,343,33478,606,145569,355,179047,California
Santa Cruz,2021-06-02,900,318833,525,149143,334,162133,41,7557,338,33300,557,146126,379,179426,California
Santa Cruz,2021-06-03,2282,321115,1533,150676,711,162844,38,7595,533,32132,1739,147865,571,179997,California
Santa Cruz,2021-06-04,1062,322177,729,151405,299,163143,34,7629,245,31602,810,148675,280,180277,California
Santa Cruz,2021-06-05,1036,323213,839,152244,192,163335,5,7634,191,30957,841,149516,196,180473,California
Santa Cruz,2021-06-06,408,323621,303,152547,88,163423,17,7651,109,30787,296,149812,126,180599,California
Santa Cruz,2021-06-07,851,324472,634,153181,187,163610,30,7681,236,30438,615,150427,266,180865,California
Santa Cruz,2021-06-08,1471,325943,1173,154354,272,163882,26,7707,312,29622,1155,151582,339,181204,California
Santa Cruz,2021-06-09,1434,327377,1130,155484,287,164169,17,7724,285,28783,1142,152724,303,181507,California
Santa Cruz,2021-06-10,1962,329339,1611,157095,284,164453,67,7791,332,27555,1624,154348,396,181903,California
Santa Cruz,2021-06-11,822,330161,511,157606,276,164729,35,7826,288,27348,528,154876,321,182224,California
Santa Cruz,2021-06-12,965,331126,848,158454,111,164840,6,7832,166,26723,797,155673,172,182396,California
Santa Cruz,2021-06-13,201,331327,133,158587,46,164886,22,7854,31,26606,170,155843,53,182449,California
Santa Cruz,2021-06-14,557,331884,357,158944,165,165051,35,7889,163,26411,392,156235,197,182646,California
Santa Cruz,2021-06-15,928,332812,683,159627,223,165274,22,7911,339,26187,586,156821,362,183008,California
Santa Cruz,2021-06-16,802,333614,595,160222,173,165447,34,7945,260,25942,538,157359,293,183301,California
Santa Cruz,2021-06-17,800,334414,622,160844,139,165586,39,7984,301,25785,496,157855,339,183640,California
Santa Cruz,2021-06-18,643,335057,394,161238,219,165805,30,8014,290,25756,349,158204,320,183960,California
Santa Cruz,2021-06-19,329,335386,260,161498,63,165868,6,8020,116,25668,210,158414,122,184082,California
Santa Cruz,2021-06-20,161,335547,114,161612,29,165897,18,8038,69,25663,92,158506,87,184169,California
Santa Cruz,2021-06-21,347,335894,245,161857,83,165980,19,8057,181,25698,165,158671,200,184369,California
Santa Cruz,2021-06-22,673,336567,473,162330,170,166150,30,8087,261,25579,411,159082,292,184661,California
Santa Cruz,2021-06-23,394,336961,279,162609,105,166255,10,8097,193,25585,195,159277,201,184862,California
Santa Cruz,2021-06-24,536,337497,379,162988,113,166368,44,8141,215,25524,319,159596,258,185120,California
Santa Cruz,2021-06-25,555,338052,368,163356,157,166525,30,8171,260,25523,291,159887,290,185410,California
Santa Cruz,2021-06-26,259,338311,161,163517,89,166614,9,8180,106,25487,151,160038,115,185525,California
Santa Cruz,2021-06-27,180,338491,131,163648,19,166633,30,8210,63,25463,117,160155,93,185618,California
Santa Cruz,2021-06-28,472,338963,384,164032,76,166709,12,8222,208,25419,264,160419,220,185838,California
Santa Cruz,2021-06-29,739,339702,573,164605,137,166846,29,8251,285,25281,451,160870,313,186151,California
Santa Cruz,2021-06-30,426,340128,290,164895,112,166958,24,8275,181,25243,243,161113,205,186356,California
Santa Cruz,2021-07-01,413,340541,294,165189,107,167065,12,8287,186,25216,225,161338,198,186554,California
Santa Cruz,2021-07-02,451,340992,329,165518,105,167170,17,8304,201,25190,244,161582,218,186772,California
Santa Cruz,2021-07-03,220,341212,155,165673,61,167231,4,8308,93,25161,126,161708,97,186869,California
Santa Cruz,2021-07-04,11,341223,9,165682,1,167232,1,8309,8,25167,3,161711,9,186878,California
Santa Cruz,2021-07-05,211,341434,168,165850,40,167272,3,8312,117,25194,92,161803,119,186997,California
Santa Cruz,2021-07-06,704,342138,590,166440,99,167371,15,8327,220,24951,478,162281,235,187232,California
Santa Cruz,2021-07-07,415,342553,307,166747,98,167469,10,8337,163,24874,250,162531,173,187405,California
Santa Cruz,2021-07-08,391,342944,280,167027,80,167549,31,8368,140,24795,250,162781,171,187576,California
Santa Cruz,2021-07-09,353,343297,258,167285,74,167623,21,8389,142,24751,207,162988,163,187739,California
Shasta,2020-12-16,131,131,131,131,0,0,0,0,131,131,0,0,131,131,California
Shasta,2020-12-17,422,553,422,553,0,0,0,0,422,553,0,0,422,553,California
Shasta,2020-12-18,166,719,166,719,0,0,0,0,166,719,0,0,166,719,California
Shasta,2020-12-19,1,720,1,720,0,0,0,0,1,720,0,0,1,720,California
Shasta,2020-12-21,78,798,78,798,0,0,0,0,78,798,0,0,78,798,California
Shasta,2020-12-22,201,999,196,994,5,5,0,0,201,999,0,0,201,999,California
Shasta,2020-12-23,173,1172,169,1163,4,9,0,0,173,1172,0,0,173,1172,California
Shasta,2020-12-24,18,1190,18,1181,0,9,0,0,18,1190,0,0,18,1190,California
Shasta,2020-12-26,4,1194,1,1182,3,12,0,0,4,1194,0,0,4,1194,California
Shasta,2020-12-27,1,1195,0,1182,1,13,0,0,1,1195,0,0,1,1195,California
Shasta,2020-12-28,41,1236,31,1213,10,23,0,0,41,1236,0,0,41,1236,California
Shasta,2020-12-29,186,1422,185,1398,1,24,0,0,186,1422,0,0,186,1422,California
Shasta,2020-12-30,177,1599,167,1565,10,34,0,0,177,1599,0,0,177,1599,California
Shasta,2020-12-31,83,1682,2,1567,81,115,0,0,83,1682,0,0,83,1682,California
Shasta,2021-01-02,2,1684,0,1567,2,117,0,0,2,1684,0,0,2,1684,California
Shasta,2021-01-03,1,1685,1,1568,0,117,0,0,1,1685,0,0,1,1685,California
Shasta,2021-01-04,374,2059,308,1876,66,183,0,0,375,2060,0,0,375,2060,California
Shasta,2021-01-05,338,2397,315,2191,23,206,0,0,256,2234,82,82,256,2316,California
Shasta,2021-01-06,466,2863,395,2586,71,277,0,0,203,2175,262,344,203,2519,California
Shasta,2021-01-07,127,2990,37,2623,90,367,0,0,105,2258,22,366,105,2624,California
Shasta,2021-01-08,525,3515,448,3071,77,444,0,0,316,2365,209,575,316,2940,California
Shasta,2021-01-09,73,3588,64,3135,9,453,0,0,71,2434,2,577,71,3011,California
Shasta,2021-01-10,5,3593,0,3135,5,458,0,0,3,2437,2,579,5,3016,California
Shasta,2021-01-11,416,4009,194,3329,222,680,0,0,372,2765,44,623,372,3388,California
Shasta,2021-01-12,488,4497,332,3661,156,836,0,0,312,2902,176,799,313,3701,California
Shasta,2021-01-13,601,5098,268,3929,333,1169,0,0,431,3164,170,969,432,4133,California
Shasta,2021-01-14,504,5602,52,3981,452,1621,0,0,486,3632,18,987,486,4619,California
Shasta,2021-01-15,692,6294,136,4117,556,2177,0,0,690,4320,2,989,690,5309,California
Shasta,2021-01-16,897,7191,54,4171,843,3020,0,0,894,5211,3,992,894,6203,California
Shasta,2021-01-17,27,7218,6,4177,21,3041,0,0,23,5230,4,996,23,6226,California
Shasta,2021-01-18,598,7816,128,4305,470,3511,0,0,590,5812,8,1004,590,6816,California
Shasta,2021-01-19,1078,8894,414,4719,664,4175,0,0,929,6592,149,1153,929,7745,California
Shasta,2021-01-20,757,9651,490,5209,267,4442,0,0,572,6984,180,1333,572,8317,California
Shasta,2021-01-21,688,10339,334,5543,354,4796,0,0,666,7628,22,1355,666,8983,California
Shasta,2021-01-22,451,10790,178,5721,273,5069,0,0,445,8067,6,1361,445,9428,California
Shasta,2021-01-23,69,10859,5,5726,64,5133,0,0,67,8132,2,1363,67,9495,California
Shasta,2021-01-24,26,10885,3,5729,23,5156,0,0,25,8156,1,1364,25,9520,California
Shasta,2021-01-25,763,11648,503,6232,260,5416,0,0,472,8338,290,1654,472,9992,California
Shasta,2021-01-26,714,12362,334,6566,380,5796,0,0,477,8582,234,1888,478,10470,California
Shasta,2021-01-27,464,12826,181,6747,283,6079,0,0,414,8947,49,1937,414,10884,California
Shasta,2021-01-28,928,13754,591,7338,337,6416,0,0,706,9431,222,2159,706,11590,California
Shasta,2021-01-29,834,14588,331,7669,503,6919,0,0,644,9887,189,2348,645,12235,California
Shasta,2021-01-30,616,15204,14,7683,602,7521,0,0,606,10483,10,2358,606,12841,California
Shasta,2021-01-31,28,15232,4,7687,24,7545,0,0,26,10507,2,2360,26,12867,California
Shasta,2021-02-01,535,15767,153,7840,382,7927,0,0,388,10748,147,2507,388,13255,California
Shasta,2021-02-02,997,16764,504,8344,493,8420,0,0,904,11561,91,2598,904,14159,California
Shasta,2021-02-03,728,17492,213,8557,515,8935,0,0,492,11817,236,2834,492,14651,California
Shasta,2021-02-04,1103,18595,676,9233,427,9362,0,0,907,12531,193,3027,907,15558,California
Shasta,2021-02-05,1271,19866,168,9401,1103,10465,0,0,1059,13380,210,3237,1059,16617,California
Shasta,2021-02-06,1804,21670,40,9441,1764,12229,0,0,1778,15133,26,3263,1779,18396,California
Shasta,2021-02-07,24,21694,2,9443,22,12251,0,0,22,15153,2,3265,22,18418,California
Shasta,2021-02-08,601,22295,170,9613,431,12682,0,0,308,15169,292,3557,308,18726,California
Shasta,2021-02-09,1139,23434,669,10282,470,13152,0,0,707,15445,432,3989,708,19434,California
Shasta,2021-02-10,1128,24562,791,11073,337,13489,0,0,544,15406,583,4572,544,19978,California
Shasta,2021-02-11,893,25455,187,11260,706,14195,0,0,315,15148,573,5145,315,20293,California
Shasta,2021-02-12,1807,27262,1220,12480,587,14782,0,0,1245,15831,562,5707,1245,21538,California
Shasta,2021-02-13,1382,28644,374,12854,1008,15790,0,0,569,15589,812,6519,570,22108,California
Shasta,2021-02-14,150,28794,5,12859,145,15935,0,0,124,15687,26,6545,124,22232,California
Shasta,2021-02-15,395,29189,106,12965,289,16224,0,0,213,15718,182,6727,213,22445,California
Shasta,2021-02-16,1206,30395,524,13489,682,16906,0,0,427,15368,777,7504,427,22872,California
Shasta,2021-02-17,1040,31435,439,13928,601,17507,0,0,411,15150,629,8133,411,23283,California
Shasta,2021-02-18,973,32408,486,14414,487,17994,0,0,462,15103,510,8643,463,23746,California
Shasta,2021-02-19,1347,33755,953,15367,394,18388,0,0,873,15503,473,9116,873,24619,California
Shasta,2021-02-20,818,34573,101,15468,717,19105,0,0,319,15323,499,9615,319,24938,California
Shasta,2021-02-21,34,34607,3,15471,31,19136,0,0,12,15313,22,9637,12,24950,California
Shasta,2021-02-22,443,35050,83,15554,360,19496,0,0,185,15241,257,9894,185,25135,California
Shasta,2021-02-23,929,35979,480,16034,449,19945,0,0,331,14975,597,10491,331,25466,California
Shasta,2021-02-24,911,36890,516,16550,395,20340,0,0,284,14636,623,11114,284,25750,California
Shasta,2021-02-25,532,37422,174,16724,358,20698,0,0,144,14394,386,11500,144,25894,California
Shasta,2021-02-26,803,38225,100,16824,703,21401,0,0,339,14271,462,11962,339,26233,California
Shasta,2021-02-27,889,39114,78,16902,811,22212,0,0,241,13870,642,12604,241,26474,California
Shasta,2021-02-28,178,39292,4,16906,174,22386,0,0,128,13948,50,12654,128,26602,California
Shasta,2021-03-01,587,39879,61,16967,526,22912,0,0,296,13954,290,12944,296,26898,California
Shasta,2021-03-02,1035,40914,476,17443,559,23471,0,0,337,13595,696,13640,337,27235,California
Shasta,2021-03-03,681,41595,175,17618,506,23977,0,0,245,13405,435,14075,245,27480,California
Shasta,2021-03-04,3109,44704,2489,20107,620,24597,0,0,1788,13877,1316,15391,1788,29268,California
Shasta,2021-03-05,1946,46650,166,20273,1751,26348,29,29,804,13568,1142,16533,833,30101,California
Shasta,2021-03-06,2756,49406,386,20659,2324,28672,46,75,810,12483,1941,18474,856,30957,California
Shasta,2021-03-07,103,49509,4,20663,60,28732,39,114,40,12498,63,18537,78,31035,California
Shasta,2021-03-08,577,50086,50,20713,385,29117,142,256,158,12380,417,18954,299,31334,California
Shasta,2021-03-09,1256,51342,597,21310,481,29598,178,434,696,12695,558,19512,873,32207,California
Shasta,2021-03-10,803,52145,257,21567,345,29943,201,635,142,12377,660,20172,342,32549,California
Shasta,2021-03-11,1558,53703,472,22039,815,30758,271,906,941,12975,613,20785,1211,33760,California
Shasta,2021-03-12,1560,55263,850,22889,464,31222,246,1152,409,12479,1150,21935,654,34414,California
Shasta,2021-03-13,826,56089,428,23317,300,31522,98,1250,497,12745,327,22262,593,35007,California
Shasta,2021-03-14,1018,57107,8,23325,987,32509,23,1273,878,13508,140,22402,903,35910,California
Shasta,2021-03-15,499,57606,37,23362,363,32872,99,1372,209,13525,290,22692,307,36217,California
Shasta,2021-03-16,1146,58752,151,23513,927,33799,68,1440,857,14163,287,22979,925,37142,California
Shasta,2021-03-17,741,59493,192,23705,491,34290,58,1498,395,14279,337,23316,453,37595,California
Shasta,2021-03-18,1547,61040,589,24294,854,35144,104,1602,1114,15068,429,23745,1218,38813,California
Shasta,2021-03-19,649,61689,199,24493,394,35538,56,1658,410,15296,238,23983,466,39279,California
Shasta,2021-03-20,746,62435,487,24980,245,35783,14,1672,542,15648,204,24187,556,39835,California
Shasta,2021-03-21,313,62748,298,25278,4,35787,11,1683,285,15917,27,24214,296,40131,California
Shasta,2021-03-22,349,63097,39,25317,274,36061,36,1719,199,16004,148,24362,235,40366,California
Shasta,2021-03-23,1311,64408,652,25969,601,36662,58,1777,754,16265,551,24913,812,41178,California
Shasta,2021-03-24,614,65022,156,26125,420,37082,38,1815,367,16424,246,25159,405,41583,California
Shasta,2021-03-25,1133,66155,452,26577,660,37742,21,1836,819,16954,311,25470,841,42424,California
Shasta,2021-03-26,1842,67997,1406,27983,406,38148,30,1866,1473,18090,368,25838,1504,43928,California
Shasta,2021-03-27,1595,69592,406,28389,318,38466,871,2737,577,18517,1016,26854,1443,45371,California
Shasta,2021-03-28,409,70001,301,28690,98,38564,10,2747,302,18724,105,26959,312,45683,California
Shasta,2021-03-29,420,70421,40,28730,368,38932,12,2759,166,18650,252,27211,178,45861,California
Shasta,2021-03-30,1245,71666,769,29499,459,39391,17,2776,623,18671,619,27830,640,46501,California
Shasta,2021-03-31,620,72286,207,29706,407,39798,6,2782,384,18829,232,28062,390,46891,California
Shasta,2021-04-01,903,73189,248,29954,640,40438,15,2797,576,19095,325,28387,591,47482,California
Shasta,2021-04-02,758,73947,199,30153,504,40942,55,2852,412,19219,343,28730,467,47949,California
Shasta,2021-04-03,517,74464,366,30519,132,41074,19,2871,388,19497,129,28859,407,48356,California
Shasta,2021-04-04,294,74758,175,30694,98,41172,21,2892,218,19660,76,28935,239,48595,California
Shasta,2021-04-05,444,75202,70,30764,311,41483,63,2955,253,19785,191,29126,316,48911,California
Shasta,2021-04-06,1169,76371,484,31248,507,41990,178,3133,536,19869,629,29755,713,49624,California
Shasta,2021-04-07,662,77033,215,31463,282,42272,165,3298,258,19890,400,30155,421,50045,California
Shasta,2021-04-08,1150,78183,263,31726,731,43003,156,3454,221,19341,924,31079,375,50420,California
Shasta,2021-04-09,2602,80785,2078,33804,310,43313,214,3668,2017,20991,576,31655,2226,52646,California
Shasta,2021-04-10,885,81670,596,34400,158,43471,131,3799,245,20726,639,32294,374,53020,California
Shasta,2021-04-11,1253,82923,399,34799,834,44305,20,3819,144,19786,1104,33398,164,53184,California
Shasta,2021-04-12,344,83267,7,34806,273,44578,64,3883,98,19702,245,33643,161,53345,California
Shasta,2021-04-13,1277,84544,368,35174,907,45485,2,3885,339,19109,933,34576,340,53685,California
Shasta,2021-04-14,596,85140,143,35317,451,45936,2,3887,220,18956,375,34951,222,53907,California
Shasta,2021-04-15,1082,86222,258,35575,824,46760,0,3887,300,18479,777,35728,300,54207,California
Shasta,2021-04-16,2362,88584,1861,37436,501,47261,0,3887,950,18020,1410,37138,951,55158,California
Shasta,2021-04-17,648,89232,417,37853,231,47492,0,3887,193,17759,455,37593,194,55352,California
Shasta,2021-04-18,270,89502,244,38097,26,47518,0,3887,35,17561,233,37826,35,55387,California
Shasta,2021-04-19,387,89889,28,38125,359,47877,0,3887,168,17510,219,38045,168,55555,California
Shasta,2021-04-20,1031,90920,266,38391,765,48642,0,3887,386,17253,643,38688,386,55941,California
Shasta,2021-04-21,624,91544,228,38619,396,49038,0,3887,317,17263,307,38995,317,56258,California
Shasta,2021-04-22,968,92512,285,38904,683,49721,0,3887,299,16896,666,39661,299,56557,California
Shasta,2021-04-23,669,93181,263,39167,406,50127,0,3887,339,16906,329,39990,339,56896,California
Shasta,2021-04-24,601,93782,358,39525,242,50369,1,3888,109,16525,490,40480,109,57005,California
Shasta,2021-04-25,211,93993,181,39706,29,50398,1,3889,37,16389,174,40654,38,57043,California
Shasta,2021-04-26,505,94498,57,39763,443,50841,5,3894,356,16602,147,40801,360,57403,California
Shasta,2021-04-27,553,95051,183,39946,331,51172,39,3933,302,16694,247,41048,339,57742,California
Shasta,2021-04-28,586,95637,166,40112,387,51559,33,3966,251,16642,335,41383,283,58025,California
Shasta,2021-04-29,782,96419,121,40233,637,52196,24,3990,179,16243,602,41985,203,58228,California
Shasta,2021-04-30,2276,98695,1849,42082,395,52591,32,4022,270,14541,2004,43989,302,58530,California
Shasta,2021-05-01,233,98928,21,42103,136,52727,76,4098,104,14592,129,44118,180,58710,California
Shasta,2021-05-02,49,98977,17,42120,19,52746,13,4111,22,14600,27,44145,35,58745,California
Shasta,2021-05-03,358,99335,99,42219,233,52979,26,4137,114,14498,242,44387,140,58885,California
Shasta,2021-05-04,535,99870,201,42420,295,53274,39,4176,252,14509,280,44667,291,59176,California
Shasta,2021-05-05,453,100323,152,42572,283,53557,18,4194,208,14490,245,44912,226,59402,California
Shasta,2021-05-06,692,101015,263,42835,389,53946,40,4234,296,14437,387,45299,334,59736,California
Shasta,2021-05-07,1121,102136,742,43577,339,54285,40,4274,302,13961,818,46117,342,60078,California
Shasta,2021-05-08,175,102311,85,43662,79,54364,11,4285,104,14004,71,46188,114,60192,California
Shasta,2021-05-09,65,102376,15,43677,45,54409,5,4290,34,14012,31,46219,39,60231,California
Shasta,2021-05-10,258,102634,23,43700,186,54595,49,4339,112,14027,144,46363,159,60390,California
Shasta,2021-05-11,524,103158,160,43860,213,54808,151,4490,182,14019,341,46704,333,60723,California
Shasta,2021-05-12,398,103556,147,44007,227,55035,24,4514,133,13912,264,46968,157,60880,California
Shasta,2021-05-13,584,104140,241,44248,326,55361,17,4531,225,13797,357,47325,242,61122,California
Shasta,2021-05-14,645,104785,275,44523,344,55705,26,4557,295,13771,348,47673,322,61444,California
Shasta,2021-05-15,399,105184,130,44653,166,55871,103,4660,168,13811,230,47903,270,61714,California
Shasta,2021-05-16,222,105406,155,44808,57,55928,10,4670,163,13925,59,47962,173,61887,California
Shasta,2021-05-17,538,105944,247,45055,231,56159,60,4730,282,14012,255,48217,342,62229,California
Shasta,2021-05-18,620,106564,293,45348,302,56461,25,4755,325,14068,294,48511,350,62579,California
Shasta,2021-05-19,590,107154,278,45626,244,56705,68,4823,279,14108,307,48818,347,62926,California
Shasta,2021-05-20,570,107724,255,45881,296,57001,19,4842,264,14087,303,49121,282,63208,California
Shasta,2021-05-21,659,108383,301,46182,339,57340,19,4861,331,14112,325,49446,350,63558,California
Shasta,2021-05-22,235,108618,134,46316,93,57433,8,4869,143,14175,89,49535,152,63710,California
Shasta,2021-05-23,112,108730,47,46363,56,57489,9,4878,67,14206,45,49580,76,63786,California
Shasta,2021-05-24,547,109277,171,46534,344,57833,32,4910,191,14075,354,49934,223,64009,California
Shasta,2021-05-25,476,109753,208,46742,223,58056,45,4955,161,13969,311,50245,205,64214,California
Shasta,2021-05-26,372,110125,146,46888,201,58257,25,4980,147,13917,224,50469,172,64386,California
Shasta,2021-05-27,418,110543,152,47040,257,58514,9,4989,155,13821,260,50729,164,64550,California
Shasta,2021-05-28,441,110984,197,47237,215,58729,29,5018,204,13820,234,50963,233,64783,California
Shasta,2021-05-29,227,111211,66,47303,130,58859,31,5049,89,13800,138,51101,118,64901,California
Shasta,2021-05-30,84,111295,48,47351,34,58893,2,5051,53,13824,31,51132,55,64956,California
Shasta,2021-05-31,34,111329,8,47359,25,58918,1,5052,11,13814,22,51154,12,64968,California
Shasta,2021-06-01,523,111852,154,47513,224,59142,145,5197,133,13709,384,51538,279,65247,California
Shasta,2021-06-02,294,112146,119,47632,166,59308,9,5206,119,13664,173,51711,128,65375,California
Shasta,2021-06-03,372,112518,159,47791,204,59512,9,5215,120,13542,251,51962,129,65504,California
Shasta,2021-06-04,566,113084,281,48072,257,59769,28,5243,197,13400,367,52329,225,65729,California
Shasta,2021-06-05,261,113345,156,48228,88,59857,17,5260,79,13316,181,52510,97,65826,California
Shasta,2021-06-06,162,113507,128,48356,32,59889,2,5262,48,13252,114,52624,50,65876,California
Shasta,2021-06-07,405,113912,236,48592,152,60041,17,5279,109,13083,295,52919,126,66002,California
Shasta,2021-06-08,514,114426,308,48900,160,60201,46,5325,152,12921,359,53278,197,66199,California
Shasta,2021-06-09,483,114909,272,49172,123,60324,88,5413,111,12751,369,53647,199,66398,California
Shasta,2021-06-10,411,115320,246,49418,140,60464,25,5438,127,12625,278,53925,152,66550,California
Shasta,2021-06-11,466,115786,253,49671,176,60640,37,5475,128,12453,336,54261,164,66714,California
Shasta,2021-06-12,211,115997,138,49809,67,60707,6,5481,77,12403,133,54394,83,66797,California
Shasta,2021-06-13,90,116087,56,49865,32,60739,2,5483,26,12367,64,54458,28,66825,California
Shasta,2021-06-14,284,116371,155,50020,111,60850,18,5501,83,12268,200,54658,101,66926,California
Shasta,2021-06-15,463,116834,234,50254,113,60963,116,5617,161,12243,296,54954,271,67197,California
Shasta,2021-06-16,259,117093,153,50407,94,61057,12,5629,83,12167,171,55125,95,67292,California
Shasta,2021-06-17,284,117377,119,50526,129,61186,36,5665,100,12120,183,55308,136,67428,California
Shasta,2021-06-18,367,117744,224,50750,122,61308,21,5686,154,12083,212,55520,175,67603,California
Shasta,2021-06-19,115,117859,75,50825,38,61346,2,5688,52,12075,62,55582,54,67657,California
Shasta,2021-06-20,57,117916,36,50861,18,61364,3,5691,21,12063,36,55618,24,67681,California
Shasta,2021-06-21,202,118118,64,50925,109,61473,29,5720,81,12053,120,55738,110,67791,California
Shasta,2021-06-22,374,118492,142,51067,81,61554,151,5871,94,12016,272,56010,235,68026,California
Shasta,2021-06-23,222,118714,131,51198,74,61628,17,5888,93,11998,128,56138,110,68136,California
Shasta,2021-06-24,226,118940,137,51335,70,61698,19,5907,90,11973,134,56272,109,68245,California
Shasta,2021-06-25,297,119237,202,51537,82,61780,13,5920,122,11932,175,56447,134,68379,California
Shasta,2021-06-26,137,119374,80,51617,47,61827,10,5930,55,11916,81,56528,65,68444,California
Shasta,2021-06-27,68,119442,45,51662,19,61846,4,5934,24,11900,44,56572,28,68472,California
Shasta,2021-06-28,187,119629,121,51783,49,61895,17,5951,92,11914,95,56667,109,68581,California
Shasta,2021-06-29,270,119899,159,51942,83,61978,28,5979,101,11877,166,56833,129,68710,California
Shasta,2021-06-30,208,120107,120,52062,76,62054,12,5991,90,11863,116,56949,102,68812,California
Shasta,2021-07-01,208,120315,135,52197,62,62116,11,6002,81,11830,125,57074,92,68904,California
Shasta,2021-07-02,267,120582,171,52368,82,62198,14,6016,120,11820,144,57218,134,69038,California
Shasta,2021-07-03,117,120699,79,52447,32,62230,6,6022,51,11811,66,57284,57,69095,California
Shasta,2021-07-04,5,120704,1,52448,3,62233,1,6023,1,11809,4,57288,2,69097,California
Shasta,2021-07-05,110,120814,61,52509,39,62272,10,6033,47,11804,62,57350,57,69154,California
Shasta,2021-07-06,286,121100,164,52673,102,62374,20,6053,88,11717,195,57545,108,69262,California
Shasta,2021-07-07,194,121294,101,52774,57,62431,36,6089,64,11690,127,57672,100,69362,California
Shasta,2021-07-08,214,121508,119,52893,77,62508,18,6107,84,11662,129,57801,101,69463,California
Shasta,2021-07-09,151,121659,108,53001,40,62548,3,6110,55,11624,96,57897,58,69521,California
Sierra,2020-12-18,1,1,1,1,0,0,0,0,1,1,0,0,1,1,California
Sierra,2020-12-21,2,3,2,3,0,0,0,0,2,3,0,0,2,3,California
Sierra,2020-12-22,12,15,12,15,0,0,0,0,12,15,0,0,12,15,California
Sierra,2020-12-23,4,19,4,19,0,0,0,0,4,19,0,0,4,19,California
Sierra,2020-12-28,1,20,0,19,1,1,0,0,1,20,0,0,1,20,California
Sierra,2020-12-29,50,70,7,26,43,44,0,0,50,70,0,0,50,70,California
Sierra,2020-12-30,2,72,0,26,2,46,0,0,2,72,0,0,2,72,California
Sierra,2020-12-31,13,85,0,26,13,59,0,0,13,85,0,0,13,85,California
Sierra,2021-01-01,1,86,1,27,0,59,0,0,1,86,0,0,1,86,California
Sierra,2021-01-05,63,149,2,29,61,120,0,0,63,149,0,0,63,149,California
Sierra,2021-01-06,1,150,1,30,0,120,0,0,1,150,0,0,1,150,California
Sierra,2021-01-07,21,171,1,31,20,140,0,0,20,169,1,1,20,170,California
Sierra,2021-01-08,1,172,1,32,0,140,0,0,1,170,0,1,1,171,California
Sierra,2021-01-11,3,175,3,35,0,140,0,0,0,167,3,4,0,171,California
Sierra,2021-01-12,39,214,12,47,27,167,0,0,27,182,12,16,27,198,California
Sierra,2021-01-13,4,218,3,50,1,168,0,0,1,180,3,19,1,199,California
Sierra,2021-01-14,35,253,2,52,33,201,0,0,35,215,0,19,35,234,California
Sierra,2021-01-15,3,256,1,53,2,203,0,0,3,218,0,19,3,237,California
Sierra,2021-01-18,3,259,0,53,3,206,0,0,3,221,0,19,3,240,California
Sierra,2021-01-19,31,290,0,53,31,237,0,0,31,252,0,19,31,271,California
Sierra,2021-01-20,1,291,1,54,0,237,0,0,1,253,0,19,1,272,California
Sierra,2021-01-21,52,343,0,54,52,289,0,0,52,305,0,19,52,324,California
Sierra,2021-01-22,2,345,0,54,2,291,0,0,2,307,0,19,2,326,California
Sierra,2021-01-23,2,347,0,54,2,293,0,0,2,309,0,19,2,328,California
Sierra,2021-01-25,1,348,1,55,0,293,0,0,1,310,0,19,1,329,California
Sierra,2021-01-26,63,411,1,56,62,355,0,0,24,295,39,58,24,353,California
Sierra,2021-01-27,4,415,4,60,0,355,0,0,0,291,4,62,0,353,California
Sierra,2021-01-28,53,468,0,60,53,408,0,0,43,324,10,72,43,396,California
Sierra,2021-01-29,2,470,0,60,2,410,0,0,2,326,0,72,2,398,California
Sierra,2021-01-30,3,473,3,63,0,410,0,0,2,327,1,73,2,400,California
Sierra,2021-02-01,1,474,0,63,1,411,0,0,0,326,1,74,0,400,California
Sierra,2021-02-02,57,531,1,64,56,467,0,0,18,305,39,113,18,418,California
Sierra,2021-02-03,6,537,5,69,1,468,0,0,5,309,1,114,5,423,California
Sierra,2021-02-04,102,639,5,74,97,565,0,0,53,313,49,163,53,476,California
Sierra,2021-02-05,6,645,4,78,2,567,0,0,5,317,1,164,5,481,California
Sierra,2021-02-09,51,696,0,78,51,618,0,0,48,362,3,167,48,529,California
Sierra,2021-02-10,5,701,2,80,3,621,0,0,4,365,1,168,4,533,California
Sierra,2021-02-11,195,896,1,81,194,815,0,0,134,438,61,229,134,667,California
Sierra,2021-02-12,20,916,0,81,20,835,0,0,20,458,0,229,20,687,California
Sierra,2021-02-13,1,917,1,82,0,835,0,0,1,459,0,229,1,688,California
Sierra,2021-02-15,4,921,3,85,1,836,0,0,0,455,4,233,0,688,California
Sierra,2021-02-16,43,964,1,86,42,878,0,0,10,432,33,266,10,698,California
Sierra,2021-02-17,4,968,0,86,4,882,0,0,1,430,3,269,1,699,California
Sierra,2021-02-18,139,1107,0,86,139,1021,0,0,90,471,49,318,90,789,California
Sierra,2021-02-19,2,1109,1,87,1,1022,0,0,1,471,1,319,1,790,California
Sierra,2021-02-20,2,1111,2,89,0,1022,0,0,0,469,2,321,0,790,California
Sierra,2021-02-22,1,1112,1,90,0,1022,0,0,1,470,0,321,1,791,California
Sierra,2021-02-23,4,1116,0,90,4,1026,0,0,4,474,0,321,4,795,California
Sierra,2021-02-24,3,1119,2,92,1,1027,0,0,3,477,0,321,3,798,California
Sierra,2021-02-25,124,1243,2,94,122,1149,0,0,58,470,65,386,58,856,California
Sierra,2021-02-26,11,1254,6,100,5,1154,0,0,4,467,7,393,4,860,California
Sierra,2021-02-27,2,1256,2,102,0,1154,0,0,0,465,2,395,0,860,California
Sierra,2021-03-01,2,1258,2,104,0,1154,0,0,0,463,2,397,0,860,California
Sierra,2021-03-02,56,1314,0,104,56,1210,0,0,38,483,18,415,38,898,California
Sierra,2021-03-03,2,1316,2,106,0,1210,0,0,1,483,1,416,1,899,California
Sierra,2021-03-04,108,1424,0,106,108,1318,0,0,60,495,48,464,60,959,California
Sierra,2021-03-05,13,1437,1,107,12,1330,0,0,11,504,2,466,11,970,California
Sierra,2021-03-07,1,1438,1,108,0,1330,0,0,0,503,1,467,0,970,California
Sierra,2021-03-08,2,1440,2,110,0,1330,0,0,2,505,0,467,2,972,California
Sierra,2021-03-09,56,1496,0,110,56,1386,0,0,12,473,44,511,12,984,California
Sierra,2021-03-10,6,1502,0,110,6,1392,0,0,4,475,2,513,4,988,California
Sierra,2021-03-11,172,1674,0,110,172,1564,0,0,40,383,132,645,40,1028,California
Sierra,2021-03-12,20,1694,1,111,19,1583,0,0,0,363,20,665,0,1028,California
Sierra,2021-03-13,27,1721,0,111,27,1610,0,0,27,390,0,665,27,1055,California
Sierra,2021-03-14,1,1722,0,111,0,1610,1,1,0,390,1,666,1,1056,California
Sierra,2021-03-15,2,1724,1,112,0,1610,1,2,0,389,2,668,1,1057,California
Sierra,2021-03-16,35,1759,0,112,34,1644,1,3,22,399,13,681,23,1080,California
Sierra,2021-03-17,3,1762,2,114,1,1645,0,3,0,396,3,684,0,1080,California
Sierra,2021-03-18,157,1919,0,114,157,1802,0,3,65,369,92,776,65,1145,California
Sierra,2021-03-19,4,1923,2,116,2,1804,0,3,1,367,3,779,1,1146,California
Sierra,2021-03-20,1,1924,0,116,1,1805,0,3,1,368,0,779,1,1147,California
Sierra,2021-03-23,22,1946,0,116,22,1827,0,3,13,372,9,788,13,1160,California
Sierra,2021-03-24,3,1949,1,117,2,1829,0,3,1,371,2,790,1,1161,California
Sierra,2021-03-25,98,2047,0,117,98,1927,0,3,49,371,49,839,49,1210,California
Sierra,2021-03-26,12,2059,1,118,11,1938,0,3,8,375,4,843,8,1218,California
Sierra,2021-03-27,1,2060,0,118,1,1939,0,3,0,374,1,844,0,1218,California
Sierra,2021-03-29,1,2061,1,119,0,1939,0,3,0,373,1,845,0,1218,California
Sierra,2021-03-30,54,2115,1,120,53,1992,0,3,22,363,32,877,22,1240,California
Sierra,2021-03-31,8,2123,0,120,8,2000,0,3,8,371,0,877,8,1248,California
Sierra,2021-04-01,63,2186,1,121,62,2062,0,3,5,320,56,933,5,1253,California
Sierra,2021-04-02,3,2189,2,123,1,2063,0,3,2,321,1,934,2,1255,California
Sierra,2021-04-04,1,2190,0,123,1,2064,0,3,0,321,0,934,0,1255,California
Sierra,2021-04-06,11,2201,0,123,11,2075,0,3,1,312,10,944,1,1256,California
Sierra,2021-04-07,14,2215,3,126,6,2081,5,8,3,310,10,954,8,1264,California
Sierra,2021-04-08,53,2268,2,128,51,2132,0,8,16,289,37,991,16,1280,California
Sierra,2021-04-09,2,2270,2,130,0,2132,0,8,1,289,1,992,1,1281,California
Sierra,2021-04-10,27,2297,0,130,27,2159,0,8,0,262,27,1019,0,1281,California
Sierra,2021-04-13,43,2340,0,130,43,2202,0,8,5,229,38,1057,5,1286,California
Sierra,2021-04-14,1,2341,0,130,1,2203,0,8,1,230,0,1057,1,1287,California
Sierra,2021-04-15,48,2389,1,131,47,2250,0,8,2,186,46,1103,2,1289,California
Sierra,2021-04-17,2,2391,1,132,1,2251,0,8,1,186,1,1104,1,1290,California
Sierra,2021-04-18,1,2392,0,132,1,2252,0,8,0,186,0,1104,0,1290,California
Sierra,2021-04-19,1,2393,1,133,0,2252,0,8,0,185,1,1105,0,1290,California
Sierra,2021-04-20,33,2426,0,133,33,2285,0,8,7,166,26,1131,7,1297,California
Sierra,2021-04-21,2,2428,1,134,1,2286,0,8,1,166,1,1132,1,1298,California
Sierra,2021-04-22,64,2492,1,135,63,2349,0,8,5,113,58,1190,5,1303,California
Sierra,2021-04-23,13,2505,0,135,13,2362,0,8,4,108,9,1199,4,1307,California
Sierra,2021-04-24,4,2509,0,135,4,2366,0,8,4,112,0,1199,4,1311,California
Sierra,2021-04-26,1,2510,0,135,1,2367,0,8,1,113,0,1199,1,1312,California
Sierra,2021-04-27,27,2537,0,135,27,2394,0,8,4,94,23,1222,4,1316,California
Sierra,2021-04-28,10,2547,2,137,8,2402,0,8,1,86,9,1231,1,1317,California
Sierra,2021-04-29,20,2567,2,139,18,2420,0,8,14,94,6,1237,14,1331,California
Sierra,2021-04-30,4,2571,2,141,2,2422,0,8,2,94,2,1239,2,1333,California
Sierra,2021-05-01,1,2572,0,141,1,2423,0,8,0,94,0,1239,0,1333,California
Sierra,2021-05-03,1,2573,1,142,0,2423,0,8,1,95,0,1239,1,1334,California
Sierra,2021-05-04,1,2574,0,142,1,2424,0,8,0,94,1,1240,0,1334,California
Sierra,2021-05-05,23,2597,1,143,22,2446,0,8,8,87,15,1255,8,1342,California
Sierra,2021-05-06,1,2598,1,144,0,2446,0,8,0,86,1,1256,0,1342,California
Sierra,2021-05-07,1,2599,1,145,0,2446,0,8,1,87,0,1256,1,1343,California
Sierra,2021-05-08,1,2600,0,145,0,2446,1,9,0,87,1,1257,1,1344,California
Sierra,2021-05-11,11,2611,0,145,4,2450,7,16,0,83,11,1268,7,1351,California
Sierra,2021-05-12,11,2622,1,146,10,2460,0,16,8,88,3,1271,8,1359,California
Sierra,2021-05-13,3,2625,2,148,1,2461,0,16,2,89,1,1272,2,1361,California
Sierra,2021-05-14,3,2628,1,149,2,2463,0,16,3,92,0,1272,3,1364,California
Sierra,2021-05-17,1,2629,1,150,0,2463,0,16,1,93,0,1272,1,1365,California
Sierra,2021-05-18,2,2631,0,150,1,2464,1,17,0,92,2,1274,1,1366,California
Sierra,2021-05-19,6,2637,2,152,4,2468,0,17,2,90,4,1278,2,1368,California
Sierra,2021-05-20,9,2646,8,160,0,2468,1,18,8,98,1,1279,9,1377,California
Sierra,2021-05-21,4,2650,2,162,2,2470,0,18,1,96,3,1282,1,1378,California
Sierra,2021-05-22,5,2655,0,162,5,2475,0,18,1,93,4,1286,1,1379,California
Sierra,2021-05-23,1,2656,0,162,1,2476,0,18,1,94,0,1286,1,1380,California
Sierra,2021-05-24,3,2659,1,163,2,2478,0,18,2,95,1,1287,2,1382,California
Sierra,2021-05-25,3,2662,0,163,3,2481,0,18,1,94,2,1289,1,1383,California
Sierra,2021-05-26,8,2670,0,163,8,2489,0,18,4,94,4,1293,4,1387,California
Sierra,2021-05-27,9,2679,1,164,7,2496,1,19,2,90,7,1300,3,1390,California
Sierra,2021-05-28,4,2683,2,166,2,2498,0,19,2,90,2,1302,2,1392,California
Sierra,2021-05-29,2,2685,0,166,2,2500,0,19,2,92,0,1302,2,1394,California
Sierra,2021-05-30,1,2686,1,167,0,2500,0,19,1,93,0,1302,1,1395,California
Sierra,2021-06-01,1,2687,0,167,1,2501,0,19,0,92,1,1303,0,1395,California
Sierra,2021-06-02,23,2710,0,167,21,2522,2,21,0,72,22,1325,2,1397,California
Sierra,2021-06-03,3,2713,2,169,1,2523,0,21,0,69,3,1328,0,1397,California
Sierra,2021-06-04,2,2715,2,171,0,2523,0,21,1,69,1,1329,1,1398,California
Sierra,2021-06-08,1,2716,1,172,0,2523,0,21,1,70,0,1329,1,1399,California
Sierra,2021-06-09,8,2724,1,173,5,2528,2,23,0,64,8,1337,2,1401,California
Sierra,2021-06-10,8,2732,8,181,0,2528,0,23,4,64,4,1341,4,1405,California
Sierra,2021-06-11,3,2735,1,182,2,2530,0,23,0,61,3,1344,0,1405,California
Sierra,2021-06-12,1,2736,1,183,0,2530,0,23,1,62,0,1344,1,1406,California
Sierra,2021-06-13,1,2737,1,184,0,2530,0,23,0,61,1,1345,0,1406,California
Sierra,2021-06-14,7,2744,5,189,1,2531,1,24,3,61,4,1349,4,1410,California
Sierra,2021-06-15,2,2746,1,190,1,2532,0,24,1,62,0,1349,1,1411,California
Sierra,2021-06-16,6,2752,1,191,5,2537,0,24,2,60,4,1353,2,1413,California
Sierra,2021-06-17,4,2756,2,193,1,2538,1,25,2,61,2,1355,3,1416,California
Sierra,2021-06-18,2,2758,1,194,0,2538,1,26,0,60,2,1357,1,1417,California
Sierra,2021-06-21,1,2759,0,194,1,2539,0,26,0,59,1,1358,0,1417,California
Sierra,2021-06-22,5,2764,3,197,2,2541,0,26,3,60,2,1360,3,1420,California
Sierra,2021-06-23,6,2770,0,197,6,2547,0,26,2,58,4,1364,2,1422,California
Sierra,2021-06-24,6,2776,0,197,2,2549,4,30,1,58,5,1369,5,1427,California
Sierra,2021-06-27,1,2777,1,198,0,2549,0,30,1,59,0,1369,1,1428,California
Sierra,2021-06-28,1,2778,0,198,0,2549,1,31,0,59,1,1370,1,1429,California
Sierra,2021-06-30,3,2781,2,200,0,2549,1,32,1,59,2,1372,2,1431,California
Sierra,2021-07-01,3,2784,1,201,2,2551,0,32,2,60,1,1373,2,1433,California
Sierra,2021-07-02,1,2785,1,202,0,2551,0,32,0,59,1,1374,0,1433,California
Sierra,2021-07-03,1,2786,1,203,0,2551,0,32,0,58,1,1375,0,1433,California
Sierra,2021-07-06,1,2787,1,204,0,2551,0,32,0,57,1,1376,0,1433,California
Sierra,2021-07-07,6,2793,6,210,0,2551,0,32,2,55,4,1380,2,1435,California
Sierra,2021-07-08,2,2795,1,211,1,2552,0,32,1,55,1,1381,1,1436,California
Sierra,2021-07-09,2,2797,2,213,0,2552,0,32,2,57,0,1381,2,1438,California
Siskiyou,2020-12-16,2,2,2,2,0,0,0,0,2,2,0,0,2,2,California
Siskiyou,2020-12-17,4,6,4,6,0,0,0,0,4,6,0,0,4,6,California
Siskiyou,2020-12-18,2,8,2,8,0,0,0,0,2,8,0,0,2,8,California
Siskiyou,2020-12-19,4,12,4,12,0,0,0,0,4,12,0,0,4,12,California
Siskiyou,2020-12-20,1,13,1,13,0,0,0,0,1,13,0,0,1,13,California
Siskiyou,2020-12-21,132,145,132,145,0,0,0,0,132,145,0,0,132,145,California
Siskiyou,2020-12-22,158,303,158,303,0,0,0,0,158,303,0,0,158,303,California
Siskiyou,2020-12-23,144,447,144,447,0,0,0,0,144,447,0,0,144,447,California
Siskiyou,2020-12-24,5,452,5,452,0,0,0,0,5,452,0,0,5,452,California
Siskiyou,2020-12-26,2,454,0,452,2,2,0,0,2,454,0,0,2,454,California
Siskiyou,2020-12-27,2,456,0,452,2,4,0,0,2,456,0,0,2,456,California
Siskiyou,2020-12-28,4,460,2,454,2,6,0,0,4,460,0,0,4,460,California
Siskiyou,2020-12-29,6,466,2,456,4,10,0,0,6,466,0,0,6,466,California
Siskiyou,2020-12-30,101,567,4,460,97,107,0,0,101,567,0,0,101,567,California
Siskiyou,2020-12-31,12,579,0,460,12,119,0,0,12,579,0,0,12,579,California
Siskiyou,2021-01-02,1,580,1,461,0,119,0,0,1,580,0,0,1,580,California
Siskiyou,2021-01-03,1,581,0,461,1,120,0,0,1,581,0,0,1,581,California
Siskiyou,2021-01-04,132,713,3,464,129,249,0,0,132,713,0,0,132,713,California
Siskiyou,2021-01-05,116,829,4,468,112,361,0,0,114,826,2,2,115,828,California
Siskiyou,2021-01-06,61,890,6,474,55,416,0,0,57,879,4,6,57,885,California
Siskiyou,2021-01-07,176,1066,4,478,172,588,0,0,175,1053,1,7,175,1060,California
Siskiyou,2021-01-08,44,1110,3,481,41,629,0,0,42,1093,2,9,42,1102,California
Siskiyou,2021-01-09,3,1113,3,484,0,629,0,0,1,1092,2,11,1,1103,California
Siskiyou,2021-01-11,293,1406,135,619,158,787,0,0,160,1119,133,144,160,1263,California
Siskiyou,2021-01-12,254,1660,205,824,49,836,0,0,91,1048,163,307,92,1355,California
Siskiyou,2021-01-13,160,1820,139,963,21,857,0,0,23,934,137,444,23,1378,California
Siskiyou,2021-01-14,36,1856,1,964,35,892,0,0,35,968,1,445,35,1413,California
Siskiyou,2021-01-15,55,1911,3,967,52,944,0,0,55,1023,0,445,55,1468,California
Siskiyou,2021-01-16,7,1918,2,969,5,949,0,0,7,1030,0,445,7,1475,California
Siskiyou,2021-01-17,1,1919,1,970,0,949,0,0,0,1029,1,446,0,1475,California
Siskiyou,2021-01-18,75,1994,3,973,72,1021,0,0,73,1100,2,448,73,1548,California
Siskiyou,2021-01-19,41,2035,1,974,40,1061,0,0,40,1139,1,449,40,1588,California
Siskiyou,2021-01-20,68,2103,35,1009,33,1094,0,0,64,1199,4,453,64,1652,California
Siskiyou,2021-01-21,69,2172,1,1010,68,1162,0,0,69,1268,0,453,69,1721,California
Siskiyou,2021-01-22,1345,3517,1177,2187,168,1330,0,0,1345,2613,0,453,1345,3066,California
Siskiyou,2021-01-23,6,3523,2,2189,4,1334,0,0,3,2613,3,456,3,3069,California
Siskiyou,2021-01-25,209,3732,9,2198,200,1534,0,0,205,2814,4,460,205,3274,California
Siskiyou,2021-01-26,158,3890,4,2202,154,1688,0,0,149,2954,9,469,149,3423,California
Siskiyou,2021-01-27,203,4093,3,2205,200,1888,0,0,138,3028,64,533,138,3561,California
Siskiyou,2021-01-28,260,4353,118,2323,142,2030,0,0,235,3244,19,552,235,3796,California
Siskiyou,2021-01-29,271,4624,3,2326,268,2298,0,0,252,3477,19,571,252,4048,California
Siskiyou,2021-01-30,6,4630,5,2331,1,2299,0,0,6,3483,0,571,6,4054,California
Siskiyou,2021-02-01,215,4845,3,2334,212,2511,0,0,114,3496,101,672,114,4168,California
Siskiyou,2021-02-02,318,5163,45,2379,273,2784,0,0,164,3506,154,826,164,4332,California
Siskiyou,2021-02-03,334,5497,1,2380,333,3117,0,0,265,3702,69,895,265,4597,California
Siskiyou,2021-02-04,370,5867,7,2387,363,3480,0,0,229,3790,141,1036,229,4826,California
Siskiyou,2021-02-05,546,6413,4,2391,542,4022,0,0,371,3986,175,1211,371,5197,California
Siskiyou,2021-02-06,15,6428,0,2391,15,4037,0,0,15,4001,0,1211,15,5212,California
Siskiyou,2021-02-07,2,6430,1,2392,1,4038,0,0,2,4003,0,1211,2,5214,California
Siskiyou,2021-02-08,242,6672,4,2396,238,4276,0,0,217,4195,25,1236,217,5431,California
Siskiyou,2021-02-09,247,6919,4,2400,243,4519,0,0,194,4336,53,1289,194,5625,California
Siskiyou,2021-02-10,389,7308,41,2441,348,4867,0,0,319,4586,69,1358,319,5944,California
Siskiyou,2021-02-11,215,7523,1,2442,214,5081,0,0,185,4741,30,1388,185,6129,California
Siskiyou,2021-02-12,1705,9228,1199,3641,506,5587,0,0,497,4030,1208,2596,497,6626,California
Siskiyou,2021-02-13,36,9264,2,3643,34,5621,0,0,31,4056,5,2601,31,6657,California
Siskiyou,2021-02-14,6,9270,2,3645,4,5625,0,0,6,4062,0,2601,6,6663,California
Siskiyou,2021-02-15,106,9376,9,3654,97,5722,0,0,103,4162,3,2604,103,6766,California
Siskiyou,2021-02-16,137,9513,2,3656,135,5857,0,0,100,4225,37,2641,100,6866,California
Siskiyou,2021-02-17,298,9811,16,3672,282,6139,0,0,261,4449,37,2678,261,7127,California
Siskiyou,2021-02-18,272,10083,88,3760,184,6323,0,0,129,4435,143,2821,129,7256,California
Siskiyou,2021-02-19,97,10180,34,3794,63,6386,0,0,36,4412,59,2880,36,7292,California
Siskiyou,2021-02-20,23,10203,5,3799,18,6404,0,0,16,4423,7,2887,18,7310,California
Siskiyou,2021-02-21,1,10204,1,3800,0,6404,0,0,1,4424,0,2887,1,7311,California
Siskiyou,2021-02-22,218,10422,2,3802,216,6620,0,0,78,4362,140,3027,78,7389,California
Siskiyou,2021-02-23,346,10768,14,3816,332,6952,0,0,194,4404,152,3179,194,7583,California
Siskiyou,2021-02-24,173,10941,5,3821,168,7120,0,0,50,4331,123,3302,50,7633,California
Siskiyou,2021-02-25,319,11260,26,3847,293,7413,0,0,162,4337,156,3458,162,7795,California
Siskiyou,2021-02-26,682,11942,11,3858,671,8084,0,0,372,4399,310,3768,372,8167,California
Siskiyou,2021-02-27,31,11973,5,3863,26,8110,0,0,27,4422,4,3772,27,8194,California
Siskiyou,2021-02-28,4,11977,4,3867,0,8110,0,0,3,4424,1,3773,3,8197,California
Siskiyou,2021-03-01,295,12272,6,3873,289,8399,0,0,51,4231,244,4017,51,8248,California
Siskiyou,2021-03-02,211,12483,1,3874,210,8609,0,0,70,4160,141,4158,70,8318,California
Siskiyou,2021-03-03,353,12836,12,3886,341,8950,0,0,155,4117,198,4356,155,8473,California
Siskiyou,2021-03-04,833,13669,623,4509,210,9160,0,0,647,4578,186,4542,647,9120,California
Siskiyou,2021-03-05,354,14023,6,4515,337,9497,11,11,105,4448,246,4788,116,9236,California
Siskiyou,2021-03-06,43,14066,3,4518,33,9530,7,18,28,4468,15,4803,35,9271,California
Siskiyou,2021-03-07,12,14078,4,4522,0,9530,8,26,2,4468,10,4813,10,9281,California
Siskiyou,2021-03-08,439,14517,28,4550,377,9907,34,60,68,4199,371,5184,102,9383,California
Siskiyou,2021-03-09,248,14765,2,4552,192,10099,54,114,44,4093,204,5388,98,9481,California
Siskiyou,2021-03-10,299,15064,7,4559,262,10361,30,144,26,3876,273,5661,56,9537,California
Siskiyou,2021-03-11,521,15585,205,4764,269,10630,47,191,282,3967,238,5899,329,9866,California
Siskiyou,2021-03-12,697,16282,141,4905,517,11147,39,230,184,3678,511,6410,222,10088,California
Siskiyou,2021-03-13,427,16709,379,5284,25,11172,23,253,379,4032,48,6458,402,10490,California
Siskiyou,2021-03-14,19,16728,0,5284,3,11175,16,269,1,4031,18,6476,17,10507,California
Siskiyou,2021-03-15,515,17243,258,5542,193,11368,64,333,339,4258,176,6652,403,10910,California
Siskiyou,2021-03-16,257,17500,34,5576,206,11574,17,350,140,4299,116,6768,157,11067,California
Siskiyou,2021-03-17,204,17704,9,5585,187,11761,8,358,35,4173,169,6937,43,11110,California
Siskiyou,2021-03-18,928,18632,790,6375,126,11887,12,370,807,4872,120,7057,819,11929,California
Siskiyou,2021-03-19,68,18700,10,6385,45,11932,13,383,19,4855,49,7106,32,11961,California
Siskiyou,2021-03-20,29,18729,7,6392,18,11950,4,387,6,4842,23,7129,10,11971,California
Siskiyou,2021-03-21,9,18738,3,6395,1,11951,5,392,3,4844,6,7135,8,11979,California
Siskiyou,2021-03-22,207,18945,21,6416,164,12115,22,414,143,4948,61,7196,165,12144,California
Siskiyou,2021-03-23,194,19139,19,6435,166,12281,9,423,141,5044,53,7249,149,12293,California
Siskiyou,2021-03-24,144,19283,48,6483,96,12377,0,423,115,5130,29,7278,115,12408,California
Siskiyou,2021-03-25,573,19856,320,6803,250,12627,3,426,399,5358,174,7452,402,12810,California
Siskiyou,2021-03-26,308,20164,35,6838,273,12900,0,426,101,5254,205,7657,101,12911,California
Siskiyou,2021-03-27,38,20202,5,6843,28,12928,5,431,10,5241,28,7685,15,12926,California
Siskiyou,2021-03-28,8,20210,7,6850,1,12929,0,431,5,5243,3,7688,5,12931,California
Siskiyou,2021-03-29,95,20305,10,6860,83,13012,2,433,46,5242,49,7737,48,12979,California
Siskiyou,2021-03-30,98,20403,6,6866,91,13103,1,434,40,5225,58,7795,41,13020,California
Siskiyou,2021-03-31,191,20594,21,6887,167,13270,3,437,48,5137,140,7935,52,13072,California
Siskiyou,2021-04-01,829,21423,670,7557,159,13429,0,437,214,4736,615,8550,214,13286,California
Siskiyou,2021-04-02,347,21770,197,7754,146,13575,4,441,66,4527,279,8829,70,13356,California
Siskiyou,2021-04-03,26,21796,5,7759,14,13589,7,448,5,4518,21,8850,12,13368,California
Siskiyou,2021-04-04,1,21797,0,7759,1,13590,0,448,1,4519,0,8850,1,13369,California
Siskiyou,2021-04-05,437,22234,331,8090,80,13670,26,474,26,4161,410,9260,52,13421,California
Siskiyou,2021-04-06,223,22457,37,8127,133,13803,53,527,129,4250,92,9352,181,13602,California
Siskiyou,2021-04-07,119,22576,11,8138,65,13868,43,570,66,4307,53,9405,110,13712,California
Siskiyou,2021-04-08,356,22932,187,8325,127,13995,42,612,65,4123,291,9696,107,13819,California
Siskiyou,2021-04-09,547,23479,377,8702,132,14127,38,650,85,3786,461,10157,124,13943,California
Siskiyou,2021-04-10,45,23524,5,8707,3,14130,37,687,6,3790,39,10196,43,13986,California
Siskiyou,2021-04-11,7,23531,4,8711,1,14131,2,689,2,3789,5,10201,4,13990,California
Siskiyou,2021-04-12,129,23660,24,8735,103,14234,2,691,31,3724,98,10299,33,14023,California
Siskiyou,2021-04-13,207,23867,37,8772,169,14403,1,692,81,3680,126,10425,82,14105,California
Siskiyou,2021-04-14,157,24024,64,8836,93,14496,0,692,85,3695,70,10495,85,14190,California
Siskiyou,2021-04-15,1117,25141,957,9793,160,14656,0,692,438,3455,679,11174,439,14629,California
Siskiyou,2021-04-16,314,25455,219,10012,95,14751,0,692,270,3683,42,11216,270,14899,California
Siskiyou,2021-04-17,11,25466,8,10020,3,14754,0,692,7,3686,4,11220,7,14906,California
Siskiyou,2021-04-18,6,25472,3,10023,3,14757,0,692,2,3684,4,11224,2,14908,California
Siskiyou,2021-04-19,129,25601,24,10047,105,14862,0,692,47,3649,82,11306,47,14955,California
Siskiyou,2021-04-20,236,25837,5,10052,231,15093,0,692,94,3602,141,11447,94,15049,California
Siskiyou,2021-04-21,96,25933,10,10062,86,15179,0,692,26,3558,70,11517,26,15075,California
Siskiyou,2021-04-22,414,26347,301,10363,113,15292,0,692,49,3242,365,11882,49,15124,California
Siskiyou,2021-04-23,181,26528,15,10378,166,15458,0,692,159,3380,21,11903,159,15283,California
Siskiyou,2021-04-24,28,26556,4,10382,24,15482,0,692,20,3392,8,11911,20,15303,California
Siskiyou,2021-04-25,2,26558,0,10382,2,15484,0,692,2,3394,0,11911,2,15305,California
Siskiyou,2021-04-26,101,26659,4,10386,92,15576,5,697,24,3346,77,11988,29,15334,California
Siskiyou,2021-04-27,114,26773,5,10391,107,15683,2,699,87,3410,25,12013,89,15423,California
Siskiyou,2021-04-28,111,26884,8,10399,95,15778,8,707,53,3413,58,12071,61,15484,California
Siskiyou,2021-04-29,150,27034,16,10415,133,15911,1,708,30,3324,120,12191,31,15515,California
Siskiyou,2021-04-30,102,27136,20,10435,81,15992,1,709,45,3315,54,12245,45,15560,California
Siskiyou,2021-05-01,11,27147,7,10442,1,15993,3,712,7,3321,4,12249,10,15570,California
Siskiyou,2021-05-02,10,27157,4,10446,6,15999,0,712,9,3329,1,12250,9,15579,California
Siskiyou,2021-05-03,111,27268,23,10469,86,16085,2,714,46,3312,65,12315,48,15627,California
Siskiyou,2021-05-04,123,27391,7,10476,114,16199,2,716,60,3312,62,12377,62,15689,California
Siskiyou,2021-05-05,116,27507,20,10496,87,16286,9,725,39,3284,76,12453,48,15737,California
Siskiyou,2021-05-06,367,27874,296,10792,65,16351,6,731,190,3303,177,12630,196,15933,California
Siskiyou,2021-05-07,308,28182,219,11011,84,16435,5,736,31,3063,276,12906,36,15969,California
Siskiyou,2021-05-08,25,28207,4,11015,20,16455,1,737,18,3075,7,12913,19,15988,California
Siskiyou,2021-05-09,1,28208,0,11015,1,16456,0,737,0,3074,1,12914,0,15988,California
Siskiyou,2021-05-10,98,28306,67,11082,30,16486,1,738,21,3019,77,12991,22,16010,California
Siskiyou,2021-05-11,88,28394,8,11090,75,16561,5,743,52,3040,36,13027,57,16067,California
Siskiyou,2021-05-12,109,28503,4,11094,101,16662,4,747,17,2970,91,13118,21,16088,California
Siskiyou,2021-05-13,131,28634,35,11129,87,16749,9,756,38,2924,93,13211,47,16135,California
Siskiyou,2021-05-14,176,28810,82,11211,93,16842,1,757,108,2966,67,13278,109,16244,California
Siskiyou,2021-05-15,43,28853,13,11224,28,16870,2,759,36,2998,6,13284,38,16282,California
Siskiyou,2021-05-16,6,28859,2,11226,4,16874,0,759,4,3000,2,13286,4,16286,California
Siskiyou,2021-05-17,65,28924,1,11227,41,16915,23,782,11,2980,54,13340,34,16320,California
Siskiyou,2021-05-18,222,29146,83,11310,135,17050,4,786,125,3013,96,13436,129,16449,California
Siskiyou,2021-05-19,202,29348,97,11407,104,17154,1,787,168,3148,34,13470,169,16618,California
Siskiyou,2021-05-20,534,29882,430,11837,102,17256,2,789,238,3094,294,13764,240,16858,California
Siskiyou,2021-05-21,239,30121,95,11932,144,17400,0,789,109,3074,129,13893,109,16967,California
Siskiyou,2021-05-22,42,30163,19,11951,23,17423,0,789,27,3086,15,13908,27,16994,California
Siskiyou,2021-05-23,4,30167,3,11954,1,17424,0,789,2,3086,2,13910,2,16996,California
Siskiyou,2021-05-24,43,30210,3,11957,40,17464,0,789,29,3102,13,13923,29,17025,California
Siskiyou,2021-05-25,156,30366,15,11972,121,17585,20,809,49,3066,105,14028,69,17094,California
Siskiyou,2021-05-26,76,30442,19,11991,57,17642,0,809,41,3072,35,14063,41,17135,California
Siskiyou,2021-05-27,133,30575,94,12085,37,17679,2,811,57,3055,76,14139,59,17194,California
Siskiyou,2021-05-28,152,30727,58,12143,93,17772,1,812,100,3105,51,14190,101,17295,California
Siskiyou,2021-05-29,16,30743,9,12152,4,17776,3,815,5,3102,11,14201,8,17303,California
Siskiyou,2021-05-31,2,30745,1,12153,0,17776,1,816,1,3103,1,14202,2,17305,California
Siskiyou,2021-06-01,86,30831,20,12173,66,17842,0,816,29,3076,56,14258,29,17334,California
Siskiyou,2021-06-02,123,30954,33,12206,90,17932,0,816,47,3047,76,14334,47,17381,California
Siskiyou,2021-06-03,156,31110,109,12315,42,17974,5,821,40,2976,116,14450,45,17426,California
Siskiyou,2021-06-04,100,31210,76,12391,24,17998,0,821,21,2918,79,14529,21,17447,California
Siskiyou,2021-06-05,36,31246,17,12408,18,18016,1,822,14,2911,22,14551,15,17462,California
Siskiyou,2021-06-06,3,31249,2,12410,0,18016,1,823,0,2909,3,14554,1,17463,California
Siskiyou,2021-06-07,38,31287,4,12414,30,18046,4,827,26,2927,12,14566,30,17493,California
Siskiyou,2021-06-08,210,31497,94,12508,113,18159,3,830,65,2855,140,14706,68,17561,California
Siskiyou,2021-06-09,113,31610,84,12592,28,18187,1,831,31,2805,82,14788,32,17593,California
Siskiyou,2021-06-10,177,31787,145,12737,31,18218,1,832,77,2783,100,14888,78,17671,California
Siskiyou,2021-06-11,112,31899,60,12797,45,18263,7,839,23,2745,68,14956,30,17701,California
Siskiyou,2021-06-12,29,31928,6,12803,23,18286,0,839,9,2734,20,14976,9,17710,California
Siskiyou,2021-06-13,24,31952,16,12819,8,18294,0,839,2,2714,22,14998,2,17712,California
Siskiyou,2021-06-14,24,31976,4,12823,16,18310,4,843,11,2715,13,15011,14,17726,California
Siskiyou,2021-06-15,89,32065,22,12845,54,18364,13,856,32,2703,57,15068,45,17771,California
Siskiyou,2021-06-16,102,32167,23,12868,77,18441,2,858,10,2623,92,15160,12,17783,California
Siskiyou,2021-06-17,186,32353,142,13010,32,18473,12,870,40,2530,145,15305,52,17835,California
Siskiyou,2021-06-18,96,32449,61,13071,27,18500,8,878,19,2480,77,15382,27,17862,California
Siskiyou,2021-06-19,26,32475,17,13088,9,18509,0,878,12,2478,14,15396,12,17874,California
Siskiyou,2021-06-20,2,32477,1,13089,0,18509,1,879,1,2479,1,15397,2,17876,California
Siskiyou,2021-06-21,38,32515,3,13092,33,18542,2,881,5,2453,33,15430,7,17883,California
Siskiyou,2021-06-22,65,32580,24,13116,37,18579,4,885,31,2454,34,15464,35,17918,California
Siskiyou,2021-06-23,53,32633,7,13123,41,18620,5,890,11,2429,41,15505,16,17934,California
Siskiyou,2021-06-24,92,32725,51,13174,32,18652,9,899,46,2438,46,15551,55,17989,California
Siskiyou,2021-06-25,96,32821,60,13234,36,18688,0,899,65,2472,31,15582,65,18054,California
Siskiyou,2021-06-26,8,32829,3,13237,5,18693,0,899,4,2472,4,15586,4,18058,California
Siskiyou,2021-06-28,10,32839,4,13241,6,18699,0,899,5,2472,5,15591,5,18063,California
Siskiyou,2021-06-29,77,32916,52,13293,23,18722,2,901,40,2477,37,15628,42,18105,California
Siskiyou,2021-06-30,53,32969,10,13303,40,18762,3,904,13,2453,40,15668,16,18121,California
Siskiyou,2021-07-01,32,33001,20,13323,7,18769,5,909,9,2444,23,15691,14,18135,California
Siskiyou,2021-07-02,58,33059,36,13359,22,18791,0,909,40,2466,18,15709,40,18175,California
Siskiyou,2021-07-03,16,33075,5,13364,11,18802,0,909,9,2468,7,15716,9,18184,California
Siskiyou,2021-07-05,15,33090,5,13369,10,18812,0,909,4,2462,10,15726,4,18188,California
Siskiyou,2021-07-06,60,33150,14,13383,41,18853,5,914,18,2443,42,15768,23,18211,California
Siskiyou,2021-07-07,36,33186,10,13393,24,18877,2,916,12,2433,24,15792,14,18225,California
Siskiyou,2021-07-08,106,33292,75,13468,29,18906,2,918,44,2418,62,15854,47,18272,California
Siskiyou,2021-07-09,46,33338,36,13504,9,18915,1,919,37,2447,9,15863,38,18310,California
Solano,2020-12-15,4,4,4,4,0,0,0,0,4,4,0,0,4,4,California
Solano,2020-12-16,71,75,71,75,0,0,0,0,71,75,0,0,71,75,California
Solano,2020-12-17,171,246,171,246,0,0,0,0,171,246,0,0,171,246,California
Solano,2020-12-18,480,726,478,724,2,2,0,0,480,726,0,0,480,726,California
Solano,2020-12-19,523,1249,523,1247,0,2,0,0,523,1249,0,0,523,1249,California
Solano,2020-12-20,355,1604,353,1600,2,4,0,0,355,1604,0,0,355,1604,California
Solano,2020-12-21,576,2180,574,2174,2,6,0,0,576,2180,0,0,576,2180,California
Solano,2020-12-22,666,2846,631,2805,35,41,0,0,666,2846,0,0,666,2846,California
Solano,2020-12-23,862,3708,770,3575,92,133,0,0,861,3706,1,1,861,3707,California
Solano,2020-12-24,425,4133,171,3746,254,387,0,0,425,4131,0,1,425,4132,California
Solano,2020-12-25,9,4142,1,3747,8,395,0,0,9,4140,0,1,9,4141,California
Solano,2020-12-26,174,4316,47,3794,127,522,0,0,174,4314,0,1,174,4315,California
Solano,2020-12-27,106,4422,29,3823,77,599,0,0,106,4420,0,1,106,4421,California
Solano,2020-12-28,880,5302,434,4257,446,1045,0,0,880,5300,0,1,880,5301,California
Solano,2020-12-29,914,6216,376,4633,538,1583,0,0,914,6214,0,1,914,6215,California
Solano,2020-12-30,1243,7459,602,5235,641,2224,0,0,1243,7457,0,1,1243,7458,California
Solano,2020-12-31,546,8005,141,5376,405,2629,0,0,546,8003,0,1,546,8004,California
Solano,2021-01-01,14,8019,13,5389,1,2630,0,0,14,8017,0,1,14,8018,California
Solano,2021-01-02,218,8237,170,5559,48,2678,0,0,218,8235,0,1,218,8236,California
Solano,2021-01-03,55,8292,40,5599,15,2693,0,0,49,8284,0,1,49,8285,California
Solano,2021-01-04,451,8743,243,5842,208,2901,0,0,442,8724,2,3,442,8727,California
Solano,2021-01-05,735,9478,383,6225,352,3253,0,0,574,9142,156,159,574,9301,California
Solano,2021-01-06,850,10328,439,6664,411,3664,0,0,577,9448,271,430,577,9878,California
Solano,2021-01-07,1070,11398,684,7348,386,4050,0,0,594,9569,474,904,595,10473,California
Solano,2021-01-08,1156,12554,786,8134,370,4420,0,0,552,9537,586,1490,554,11027,California
Solano,2021-01-09,886,13440,762,8896,124,4544,0,0,427,9508,456,1946,427,11454,California
Solano,2021-01-10,254,13694,193,9089,61,4605,0,0,152,9558,102,2048,152,11606,California
Solano,2021-01-11,1334,15028,1121,10210,213,4818,0,0,817,9858,517,2565,817,12423,California
Solano,2021-01-12,1586,16614,1183,11393,403,5221,0,0,1028,10330,557,3122,1029,13452,California
Solano,2021-01-13,1470,18084,1006,12399,464,5685,0,0,1211,11284,257,3379,1211,14663,California
Solano,2021-01-14,1923,20007,832,13231,1091,6776,0,0,1604,12572,316,3695,1604,16267,California
Solano,2021-01-15,1719,21726,1062,14293,657,7433,0,0,1418,13689,301,3996,1418,17685,California
Solano,2021-01-16,1298,23024,907,15200,391,7824,0,0,1124,14639,174,4170,1124,18809,California
Solano,2021-01-17,1054,24078,757,15957,297,8121,0,0,1033,15652,21,4191,1034,19843,California
Solano,2021-01-18,1428,25506,856,16813,572,8693,0,0,1306,16836,122,4313,1306,21149,California
Solano,2021-01-19,1667,27173,1346,18159,321,9014,0,0,1390,17950,276,4589,1390,22539,California
Solano,2021-01-20,2068,29241,1427,19586,641,9655,0,0,1580,19045,485,5074,1580,24119,California
Solano,2021-01-21,3222,32463,1033,20619,2189,11844,0,0,2864,21553,358,5432,2866,26985,California
Solano,2021-01-22,1792,34255,859,21478,933,12777,0,0,1593,22948,199,5631,1594,28579,California
Solano,2021-01-23,743,34998,244,21722,499,13276,0,0,532,23269,212,5843,533,29112,California
Solano,2021-01-24,408,35406,63,21785,345,13621,0,0,340,23541,68,5911,340,29452,California
Solano,2021-01-25,1680,37086,632,22417,1048,14669,0,0,1119,24101,560,6471,1120,30572,California
Solano,2021-01-26,1804,38890,746,23163,1058,15727,0,0,1157,24612,647,7118,1158,31730,California
Solano,2021-01-27,1811,40701,720,23883,1091,16818,0,0,1193,25191,614,7732,1193,32923,California
Solano,2021-01-28,1983,42684,712,24595,1271,18089,0,0,1383,25976,599,8331,1384,34307,California
Solano,2021-01-29,1724,44408,777,25372,947,19036,0,0,1358,26971,363,8694,1358,35665,California
Solano,2021-01-30,928,45336,431,25803,497,19533,0,0,603,27250,325,9019,604,36269,California
Solano,2021-01-31,270,45606,178,25981,92,19625,0,0,174,27329,95,9114,174,36443,California
Solano,2021-02-01,1558,47164,1032,27013,526,20151,0,0,771,27316,784,9898,771,37214,California
Solano,2021-02-02,3385,50549,1101,28114,2284,22435,0,0,2566,29068,814,10712,2566,39780,California
Solano,2021-02-03,2274,52823,1309,29423,965,23400,0,0,1164,29125,1107,11819,1164,40944,California
Solano,2021-02-04,1816,54639,905,30328,911,24311,0,0,1084,29482,727,12546,1084,42028,California
Solano,2021-02-05,3125,57764,1418,31746,1707,26018,0,0,2110,30584,1008,13554,2110,44138,California
Solano,2021-02-06,3085,60849,1174,32920,1911,27929,0,0,2264,32031,817,14371,2264,46402,California
Solano,2021-02-07,846,61695,780,33700,66,27995,0,0,236,31658,609,14980,236,46638,California
Solano,2021-02-08,1777,63472,1244,34944,533,28528,0,0,724,31331,1051,16031,724,47362,California
Solano,2021-02-09,1962,65434,1492,36436,470,28998,0,0,701,30773,1259,17290,701,48063,California
Solano,2021-02-10,2294,67728,1507,37943,787,29785,0,0,824,30128,1469,18759,824,48887,California
Solano,2021-02-11,2551,70279,1502,39445,1049,30834,0,0,1201,29990,1339,20098,1201,50088,California
Solano,2021-02-12,4277,74556,1635,41080,2642,33476,0,0,2913,31548,1355,21453,2913,53001,California
Solano,2021-02-13,2898,77454,247,41327,2651,36127,0,0,2480,33614,414,21867,2480,55481,California
Solano,2021-02-14,733,78187,204,41531,529,36656,0,0,406,33696,325,22192,407,55888,California
Solano,2021-02-15,1273,79460,267,41798,1006,37662,0,0,654,33731,619,22811,654,56542,California
Solano,2021-02-16,2582,82042,1387,43185,1195,38857,0,0,1679,34509,902,23713,1680,58222,California
Solano,2021-02-17,3280,85322,1449,44634,1831,40688,0,0,2222,35677,1055,24768,2223,60445,California
Solano,2021-02-18,2931,88253,850,45484,2081,42769,0,0,863,34479,2061,26829,863,61308,California
Solano,2021-02-19,2498,90751,1470,46954,1028,43797,0,0,1184,34358,1307,28136,1186,62494,California
Solano,2021-02-20,2786,93537,395,47349,2391,46188,0,0,2260,36093,525,28661,2260,64754,California
Solano,2021-02-21,2342,95879,2013,49362,329,46517,0,0,2010,37776,327,28988,2010,66764,California
Solano,2021-02-22,1847,97726,1083,50445,764,47281,0,0,956,37846,887,29875,957,67721,California
Solano,2021-02-23,2998,100724,1167,51612,1831,49112,0,0,2022,38896,972,30847,2022,69743,California
Solano,2021-02-24,2590,103314,1296,52908,1294,50406,0,0,1423,39157,1163,32010,1424,71167,California
Solano,2021-02-25,2694,106008,1589,54497,1105,51511,0,0,1470,39409,1218,33228,1470,72637,California
Solano,2021-02-26,3574,109582,2284,56781,1290,52801,0,0,2111,40062,1458,34686,2111,74748,California
Solano,2021-02-27,3991,113573,1537,58318,2453,55254,1,1,3226,42536,753,35439,3227,77975,California
Solano,2021-02-28,1948,115521,1574,59892,373,55627,1,2,1616,43824,329,35768,1617,79592,California
Solano,2021-03-01,2765,118286,1230,61122,1534,57161,1,3,2087,45241,671,36439,2088,81680,California
Solano,2021-03-02,2341,120627,1415,62537,926,58087,0,3,1300,45501,1040,37479,1300,82980,California
Solano,2021-03-03,2269,122896,1276,63813,993,59080,0,3,1407,46057,852,38331,1408,84388,California
Solano,2021-03-04,4440,127336,3441,67254,997,60077,2,5,3174,47981,1255,39586,3179,87567,California
Solano,2021-03-05,4978,132314,1680,68934,3293,63370,5,10,3979,50977,988,40574,3984,91551,California
Solano,2021-03-06,3872,136186,835,69769,2996,66366,41,51,2647,52451,1214,41788,2688,94239,California
Solano,2021-03-07,3603,139789,763,70532,2814,69180,26,77,1953,52794,1637,43425,1980,96219,California
Solano,2021-03-08,2206,141995,1351,71883,583,69763,272,349,1630,54126,568,43993,1900,98119,California
Solano,2021-03-09,3246,145241,1568,73451,1623,71386,55,404,2338,55609,906,44899,2389,100508,California
Solano,2021-03-10,2442,147683,1761,75212,596,71982,85,489,1286,55827,1151,46050,1369,101877,California
Solano,2021-03-11,6055,153738,1763,76975,4042,76024,250,739,4997,60022,1053,47103,5248,107125,California
Solano,2021-03-12,6058,159796,1575,78550,4303,80327,180,919,3169,60494,2876,49979,3348,110473,California
Solano,2021-03-13,4626,164422,807,79357,3734,84061,85,1004,2239,60443,2378,52357,2327,112800,California
Solano,2021-03-14,4022,168444,3138,82495,428,84489,456,1460,1556,59991,2461,54818,2009,114809,California
Solano,2021-03-15,4041,172485,2459,84954,1255,85744,327,1787,2521,61329,1508,56326,2846,117655,California
Solano,2021-03-16,3113,175598,1323,86277,1552,87296,238,2025,1575,61610,1531,57857,1812,119467,California
Solano,2021-03-17,6524,182122,1681,87958,4748,92044,95,2120,4941,65067,1579,59436,5036,124503,California
Solano,2021-03-18,5232,187354,1860,89818,3333,95377,39,2159,3741,67366,1482,60918,3781,128284,California
Solano,2021-03-19,3596,190950,2655,92473,865,96242,76,2235,1630,67116,1957,62875,1707,129991,California
Solano,2021-03-20,5585,196535,1680,94153,3851,100093,54,2289,2612,66822,2960,65835,2666,132657,California
Solano,2021-03-21,1699,198234,1591,95744,83,100176,25,2314,376,65905,1316,67151,399,133056,California
Solano,2021-03-22,2713,200947,2058,97802,604,100780,51,2365,1568,66382,1139,68290,1616,134672,California
Solano,2021-03-23,3574,204521,1690,99492,1840,102620,44,2409,1390,65639,2176,70466,1433,136105,California
Solano,2021-03-24,2847,207368,1778,101270,1034,103654,35,2444,1361,65555,1478,71944,1394,137499,California
Solano,2021-03-25,4901,212269,4008,105278,858,104512,35,2479,2279,65253,2616,74560,2314,139813,California
Solano,2021-03-26,3253,215522,2110,107388,1106,105618,37,2516,1736,65521,1505,76065,1773,141586,California
Solano,2021-03-27,4231,219753,1162,108550,3028,108646,41,2557,1663,64662,2561,78626,1702,143288,California
Solano,2021-03-28,1425,221178,1112,109662,295,108941,18,2575,540,64339,881,79507,558,143846,California
Solano,2021-03-29,3543,224721,2043,111705,1484,110425,16,2591,1538,63904,1990,81497,1555,145401,California
Solano,2021-03-30,3062,227783,2028,113733,943,111368,91,2682,1911,64755,1150,82647,2001,147402,California
Solano,2021-03-31,3164,230947,2151,115884,853,112221,160,2842,1851,65455,1308,83955,2008,149410,California
Solano,2021-04-01,5583,236530,2110,117994,3319,115540,154,2996,3525,67090,2044,85999,3679,153089,California
Solano,2021-04-02,6639,243169,2239,120233,4231,119771,169,3165,2552,65740,4068,90067,2718,155807,California
Solano,2021-04-03,1532,244701,969,121202,410,120181,153,3318,569,65500,961,91028,721,156528,California
Solano,2021-04-04,785,245486,288,121490,193,120374,304,3622,241,65505,540,91568,545,157073,California
Solano,2021-04-05,3028,248514,2073,123563,746,121120,209,3831,1517,65721,1508,93076,1724,158797,California
Solano,2021-04-06,6073,254587,1637,125200,3945,125065,491,4322,1631,63409,4432,97508,2120,160917,California
Solano,2021-04-07,5991,260578,4642,129842,947,126012,402,4724,3400,64639,2572,100080,3802,164719,California
Solano,2021-04-08,6504,267082,1800,131642,3832,129844,872,5596,1798,62625,4674,104754,2660,167379,California
Solano,2021-04-09,6323,273405,1664,133306,3809,133653,850,6446,1521,60215,4774,109528,2364,169743,California
Solano,2021-04-10,1758,275163,965,134271,454,134107,339,6785,812,60420,944,110472,1149,170892,California
Solano,2021-04-11,1242,276405,773,135044,337,134444,132,6917,639,60591,600,111072,771,171663,California
Solano,2021-04-12,3294,279699,1703,136747,1230,135674,361,7278,1342,60344,1946,113018,1699,173362,California
Solano,2021-04-13,2574,282273,1115,137862,1458,137132,1,7279,1331,60437,1239,114257,1332,174694,California
Solano,2021-04-14,6549,288822,1967,139829,4582,141714,0,7279,1852,57602,4688,118945,1853,176547,California
Solano,2021-04-15,5748,294570,2174,142003,3573,145287,1,7280,1747,55363,3987,122932,1748,178295,California
Solano,2021-04-16,3710,298280,2597,144600,1111,146398,2,7282,2298,56260,1403,124335,2300,180595,California
Solano,2021-04-17,3292,301572,1074,145674,2218,148616,0,7282,1126,55233,2155,126490,1128,181723,California
Solano,2021-04-18,1056,302628,659,146333,397,149013,0,7282,550,55277,506,126996,550,182273,California
Solano,2021-04-19,2162,304790,1172,147505,990,150003,0,7282,1172,55468,983,127979,1174,183447,California
Solano,2021-04-20,3089,307879,1892,149397,1197,151200,0,7282,1707,55799,1376,129355,1707,185154,California
Solano,2021-04-21,3895,311774,2411,151808,1484,152684,0,7282,2040,55992,1847,131202,2040,187194,California
Solano,2021-04-22,3059,314833,1527,153335,1532,154216,0,7282,1803,56543,1252,132454,1803,188997,California
Solano,2021-04-23,4226,319059,2148,155483,2078,156294,0,7282,2539,57403,1681,134135,2541,191538,California
Solano,2021-04-24,3896,322955,2349,157832,1545,157839,2,7284,2584,58763,1226,135361,2586,194124,California
Solano,2021-04-25,1433,324388,1117,158949,316,158155,0,7284,1133,59603,293,135654,1133,195257,California
Solano,2021-04-26,2621,327009,1702,160651,915,159070,4,7288,1447,59895,1159,136813,1451,196708,California
Solano,2021-04-27,2604,329613,1308,161959,1266,160336,30,7318,1477,60287,1116,137929,1508,198216,California
Solano,2021-04-28,6087,335700,5029,166988,1012,161348,46,7364,3808,61877,2263,140192,3853,202069,California
Solano,2021-04-29,4583,340283,1475,168463,3073,164421,35,7399,2065,61469,2508,142700,2100,204169,California
Solano,2021-04-30,4177,344460,2234,170697,1802,166223,141,7540,1945,61337,2216,144916,2084,206253,California
Solano,2021-05-01,2189,346649,1684,172381,305,166528,200,7740,1298,61951,884,145800,1498,207751,California
Solano,2021-05-02,1201,347850,942,173323,234,166762,25,7765,661,62102,535,146335,686,208437,California
Solano,2021-05-03,1463,349313,1016,174339,361,167123,86,7851,603,61935,857,147192,690,209127,California
Solano,2021-05-04,1829,351142,1073,175412,690,167813,66,7917,823,61820,1004,148196,889,210016,California
Solano,2021-05-05,2287,353429,1445,176857,729,168542,113,8030,1103,61854,1180,149376,1214,211230,California
Solano,2021-05-06,1993,355422,1193,178050,591,169133,209,8239,724,61522,1257,150633,925,212155,California
Solano,2021-05-07,2838,358260,1979,180029,739,169872,120,8359,987,60783,1844,152477,1105,213260,California
Solano,2021-05-08,1487,359747,940,180969,431,170303,116,8475,573,60562,910,153387,689,213949,California
Solano,2021-05-09,451,360198,275,181244,165,170468,11,8486,175,60475,274,153661,187,214136,California
Solano,2021-05-10,1391,361589,646,181890,638,171106,107,8593,388,59971,998,154659,494,214630,California
Solano,2021-05-11,2340,363929,1211,183101,1040,172146,89,8682,680,59085,1655,156314,769,215399,California
Solano,2021-05-12,2199,366128,1266,184367,759,172905,174,8856,729,58531,1455,157769,901,216300,California
Solano,2021-05-13,3101,369229,2123,186490,766,173671,212,9068,1630,58905,1468,159237,1842,218142,California
Solano,2021-05-14,2521,371750,1708,188198,691,174362,122,9190,1060,58634,1453,160690,1182,219324,California
Solano,2021-05-15,3416,375166,2763,190961,567,174929,86,9276,1300,57914,2105,162795,1385,220709,California
Solano,2021-05-16,1540,376706,1142,192103,365,175294,33,9309,277,56963,1260,164055,309,221018,California
Solano,2021-05-17,2458,379164,1412,193515,959,176253,87,9396,863,56335,1574,165629,946,221964,California
Solano,2021-05-18,2959,382123,1639,195154,1231,177484,89,9485,1469,56415,1478,167107,1558,223522,California
Solano,2021-05-19,5783,387906,4178,199332,1474,178958,131,9616,2189,55152,3583,170690,2320,225842,California
Solano,2021-05-20,2635,390541,1580,200912,992,179950,63,9679,942,54475,1682,172372,1005,226847,California
Solano,2021-05-21,3566,394107,1876,202788,1621,181571,69,9748,1370,53727,2187,174559,1439,228286,California
Solano,2021-05-22,2741,396848,2113,204901,534,182105,94,9842,1159,53404,1575,176134,1252,229538,California
Solano,2021-05-23,1413,398261,1168,206069,220,182325,25,9867,756,53531,654,176788,781,230319,California
Solano,2021-05-24,1884,400145,1089,207158,722,183047,73,9940,636,52998,1241,178029,708,231027,California
Solano,2021-05-25,1626,401771,824,207982,744,183791,58,9998,583,52603,1035,179064,640,231667,California
Solano,2021-05-26,1897,403668,1089,209071,751,184542,57,10055,707,52183,1185,180249,765,232432,California
Solano,2021-05-27,2139,405807,950,210021,1114,185656,75,10130,884,51897,1244,181493,958,233390,California
Solano,2021-05-28,2018,407825,1023,211044,939,186595,56,10186,759,51462,1251,182744,816,234206,California
Solano,2021-05-29,661,408486,329,211373,301,186896,31,10217,308,51450,350,183094,338,234544,California
Solano,2021-05-30,325,408811,156,211529,144,187040,25,10242,115,51383,207,183301,140,234684,California
Solano,2021-05-31,128,408939,19,211548,100,187140,9,10251,25,51314,103,183404,34,234718,California
Solano,2021-06-01,1839,410778,1183,212731,578,187718,78,10329,726,51011,1108,184512,805,235523,California
Solano,2021-06-02,1829,412607,1290,214021,473,188191,66,10395,927,51106,895,185407,990,236513,California
Solano,2021-06-03,2195,414802,1736,215757,376,188567,83,10478,707,50416,1481,186888,791,237304,California
Solano,2021-06-04,1654,416456,1150,216907,438,189005,66,10544,502,49836,1148,188036,568,237872,California
Solano,2021-06-05,1423,417879,1030,217937,342,189347,51,10595,472,49414,945,188981,523,238395,California
Solano,2021-06-06,673,418552,553,218490,88,189435,32,10627,363,49499,310,189291,395,238790,California
Solano,2021-06-07,1240,419792,951,219441,227,189662,62,10689,408,49140,829,190120,470,239260,California
Solano,2021-06-08,1833,421625,1326,220767,473,190135,34,10723,486,48318,1342,191462,520,239780,California
Solano,2021-06-09,2113,423738,1801,222568,251,190386,61,10784,669,47609,1438,192900,729,240509,California
Solano,2021-06-10,1299,425037,845,223413,380,190766,74,10858,418,47228,872,193772,491,241000,California
Solano,2021-06-11,1600,426637,1271,224684,263,191029,66,10924,585,46868,1010,194782,650,241650,California
Solano,2021-06-12,1205,427842,925,225609,219,191248,61,10985,205,46141,993,195775,266,241916,California
Solano,2021-06-13,612,428454,523,226132,80,191328,9,10994,112,45763,499,196274,121,242037,California
Solano,2021-06-14,1315,429769,932,227064,349,191677,34,11028,279,45046,1028,197302,311,242348,California
Solano,2021-06-15,1467,431236,929,227993,487,192164,51,11079,602,44841,858,198160,653,243001,California
Solano,2021-06-16,1164,432400,770,228763,324,192488,70,11149,394,44539,765,198925,463,243464,California
Solano,2021-06-17,1221,433621,934,229697,217,192705,70,11219,433,44266,775,199700,502,243966,California
Solano,2021-06-18,1180,434801,876,230573,237,192942,67,11286,442,44041,733,200433,508,244474,California
Solano,2021-06-19,424,435225,295,230868,100,193042,29,11315,158,43967,261,200694,187,244661,California
Solano,2021-06-20,184,435409,140,231008,37,193079,7,11322,86,43962,98,200792,93,244754,California
Solano,2021-06-21,630,436039,404,231412,163,193242,63,11385,393,44182,236,201028,456,245210,California
Solano,2021-06-22,1156,437195,872,232284,239,193481,45,11430,420,43915,732,201760,465,245675,California
Solano,2021-06-23,1433,438628,1188,233472,174,193655,71,11501,492,43541,936,202696,562,246237,California
Solano,2021-06-24,924,439552,687,234159,171,193826,66,11567,393,43473,526,203222,458,246695,California
Solano,2021-06-25,1036,440588,723,234882,245,194071,68,11635,479,43480,539,203761,546,247241,California
Solano,2021-06-26,562,441150,432,235314,93,194164,37,11672,220,43396,340,204101,256,247497,California
Solano,2021-06-27,441,441591,384,235698,55,194219,2,11674,158,43274,282,204383,160,247657,California
Solano,2021-06-28,981,442572,811,236509,132,194351,38,11712,400,43137,575,204958,438,248095,California
Solano,2021-06-29,852,443424,651,237160,148,194499,53,11765,378,43097,470,205428,430,248525,California
Solano,2021-06-30,816,444240,599,237759,172,194671,45,11810,369,43063,447,205875,413,248938,California
Solano,2021-07-01,667,444907,492,238251,112,194783,63,11873,252,42965,413,206288,315,249253,California
Solano,2021-07-02,756,445663,577,238828,144,194927,35,11908,299,42848,451,206739,334,249587,California
Solano,2021-07-03,313,445976,210,239038,88,195015,15,11923,156,42866,153,206892,171,249758,California
Solano,2021-07-04,32,446008,3,239041,16,195031,13,11936,12,42871,20,206912,25,249783,California
Solano,2021-07-05,353,446361,247,239288,91,195122,15,11951,177,42891,172,207084,192,249975,California
Solano,2021-07-06,1020,447381,808,240096,190,195312,22,11973,372,42639,646,207730,394,250369,California
Solano,2021-07-07,682,448063,487,240583,146,195458,49,12022,269,42550,407,208137,318,250687,California
Solano,2021-07-08,598,448661,439,241022,138,195596,21,12043,266,42511,327,208464,288,250975,California
Solano,2021-07-09,603,449264,395,241417,190,195786,18,12061,255,42440,344,208808,273,251248,California
Sonoma,2020-12-15,4,4,4,4,0,0,0,0,4,4,0,0,4,4,California
Sonoma,2020-12-16,27,31,27,31,0,0,0,0,27,31,0,0,27,31,California
Sonoma,2020-12-17,111,142,111,142,0,0,0,0,111,142,0,0,111,142,California
Sonoma,2020-12-18,438,580,438,580,0,0,0,0,438,580,0,0,438,580,California
Sonoma,2020-12-19,113,693,112,692,1,1,0,0,113,693,0,0,113,693,California
Sonoma,2020-12-20,177,870,177,869,0,1,0,0,177,870,0,0,177,870,California
Sonoma,2020-12-21,908,1778,906,1775,2,3,0,0,907,1777,0,0,907,1777,California
Sonoma,2020-12-22,1358,3136,1268,3043,90,93,0,0,1358,3135,0,0,1358,3135,California
Sonoma,2020-12-23,1604,4740,1227,4270,377,470,0,0,1605,4740,0,0,1605,4740,California
Sonoma,2020-12-24,310,5050,103,4373,207,677,0,0,310,5050,0,0,310,5050,California
Sonoma,2020-12-25,9,5059,2,4375,7,684,0,0,9,5059,0,0,9,5059,California
Sonoma,2020-12-26,268,5327,257,4632,11,695,0,0,268,5327,0,0,268,5327,California
Sonoma,2020-12-27,94,5421,80,4712,14,709,0,0,94,5421,0,0,94,5421,California
Sonoma,2020-12-28,977,6398,543,5255,434,1143,0,0,951,6372,0,0,951,6372,California
Sonoma,2020-12-29,1136,7534,779,6034,357,1500,0,0,1102,7474,0,0,1102,7474,California
Sonoma,2020-12-30,1099,8633,483,6517,616,2116,0,0,1091,8565,0,0,1091,8565,California
Sonoma,2020-12-31,518,9151,69,6586,449,2565,0,0,518,9083,0,0,518,9083,California
Sonoma,2021-01-01,271,9422,130,6716,141,2706,0,0,271,9354,0,0,271,9354,California
Sonoma,2021-01-02,135,9557,128,6844,7,2713,0,0,135,9489,0,0,135,9489,California
Sonoma,2021-01-03,26,9583,10,6854,16,2729,0,0,26,9515,0,0,26,9515,California
Sonoma,2021-01-04,345,9928,107,6961,238,2967,0,0,344,9859,0,0,344,9859,California
Sonoma,2021-01-05,434,10362,100,7061,334,3301,0,0,408,10251,16,16,408,10267,California
Sonoma,2021-01-06,953,11315,432,7493,521,3822,0,0,837,10978,110,126,837,11104,California
Sonoma,2021-01-07,1042,12357,539,8032,503,4325,0,0,866,11669,175,301,866,11970,California
Sonoma,2021-01-08,1812,14169,1245,9277,567,4892,0,0,1329,12517,481,782,1329,13299,California
Sonoma,2021-01-09,639,14808,399,9676,240,5132,0,0,591,13060,48,830,591,13890,California
Sonoma,2021-01-10,471,15279,460,10136,11,5143,0,0,277,13143,194,1024,277,14167,California
Sonoma,2021-01-11,1391,16670,1244,11380,147,5290,0,0,418,12593,968,1992,418,14585,California
Sonoma,2021-01-12,1557,18227,1298,12678,259,5549,0,0,404,11846,1151,3143,404,14989,California
Sonoma,2021-01-13,2046,20273,1365,14043,681,6230,0,0,1178,12160,865,4008,1179,16168,California
Sonoma,2021-01-14,1544,21817,810,14853,734,6964,0,0,1314,13244,230,4238,1314,17482,California
Sonoma,2021-01-15,1565,23382,634,15487,931,7895,0,0,1341,14373,214,4452,1343,18825,California
Sonoma,2021-01-16,1146,24528,609,16096,537,8432,0,0,899,15029,243,4695,899,19724,California
Sonoma,2021-01-17,683,25211,561,16657,122,8554,0,0,603,15552,80,4775,603,20327,California
Sonoma,2021-01-18,1107,26318,937,17594,170,8724,0,0,617,15680,490,5265,618,20945,California
Sonoma,2021-01-19,2099,28417,1003,18597,1096,9820,0,0,1388,16360,709,5974,1389,22334,California
Sonoma,2021-01-20,2189,30606,712,19309,1477,11297,0,0,1513,17208,666,6640,1514,23848,California
Sonoma,2021-01-21,2322,32928,675,19984,1647,12944,0,0,2092,19073,228,6868,2093,25941,California
Sonoma,2021-01-22,2777,35705,1055,21039,1722,14666,0,0,2624,21545,152,7020,2624,28565,California
Sonoma,2021-01-23,769,36474,590,21629,179,14845,0,0,661,22099,107,7127,661,29226,California
Sonoma,2021-01-24,852,37326,714,22343,138,14983,0,0,833,22913,19,7146,833,30059,California
Sonoma,2021-01-25,2200,39526,536,22879,1664,16647,0,0,1707,24127,493,7639,1707,31766,California
Sonoma,2021-01-26,2065,41591,308,23187,1757,18404,0,0,1597,25257,467,8106,1597,33363,California
Sonoma,2021-01-27,3744,45335,1274,24461,2470,20874,0,0,3156,27830,585,8691,3158,36521,California
Sonoma,2021-01-28,4125,49460,1834,26295,2291,23165,0,0,3434,30578,688,9379,3436,39957,California
Sonoma,2021-01-29,3023,52483,1424,27719,1599,24764,0,0,2170,31899,851,10230,2172,42129,California
Sonoma,2021-01-30,2594,55077,2398,30117,196,24960,0,0,2241,33790,351,10581,2242,44371,California
Sonoma,2021-01-31,795,55872,679,30796,116,25076,0,0,563,34122,231,10812,563,44934,California
Sonoma,2021-02-01,2499,58371,855,31651,1644,26720,0,0,2107,35843,386,11198,2107,47041,California
Sonoma,2021-02-02,3617,61988,1399,33050,2218,28938,0,0,3028,38285,586,11784,3028,50069,California
Sonoma,2021-02-03,4072,66060,1324,34374,2748,31686,0,0,3122,40461,946,12730,3122,53191,California
Sonoma,2021-02-04,4254,70314,1749,36123,2505,34191,0,0,3440,43090,812,13542,3441,56632,California
Sonoma,2021-02-05,4859,75173,1754,37877,3105,37296,0,0,3785,45807,1069,14611,3786,60418,California
Sonoma,2021-02-06,2666,77839,2298,40175,368,37664,0,0,2121,47385,543,15154,2121,62539,California
Sonoma,2021-02-07,1563,79402,1425,41600,138,37802,0,0,1296,48414,267,15421,1296,63835,California
Sonoma,2021-02-08,3292,82694,1041,42641,2251,40053,0,0,2686,50496,604,16025,2686,66521,California
Sonoma,2021-02-09,3606,86300,1723,44364,1883,41936,0,0,3115,53123,489,16514,3116,69637,California
Sonoma,2021-02-10,4594,90894,2506,46870,2088,44024,0,0,3564,55666,1022,17536,3565,73202,California
Sonoma,2021-02-11,5632,96526,3035,49905,2597,46621,0,0,4349,58737,1278,18814,4349,77551,California
Sonoma,2021-02-12,5971,102497,3289,53194,2682,49303,0,0,4507,61791,1457,20271,4511,82062,California
Sonoma,2021-02-13,2000,104497,1156,54350,844,50147,0,0,1193,62180,804,21075,1193,83255,California
Sonoma,2021-02-14,2338,106835,1835,56185,503,50650,0,0,1577,63000,757,21832,1577,84832,California
Sonoma,2021-02-15,2158,108993,806,56991,1352,52002,0,0,1606,64056,550,22382,1606,86438,California
Sonoma,2021-02-16,5009,114002,2153,59144,2856,54858,0,0,3725,66504,1279,23661,3727,90165,California
Sonoma,2021-02-17,5645,119647,2931,62075,2714,57572,0,0,3554,67985,2075,25736,3556,93721,California
Sonoma,2021-02-18,7031,126678,3179,65254,3852,61424,0,0,4020,69016,2990,28726,4021,97742,California
Sonoma,2021-02-19,5723,132401,1736,66990,3987,65411,0,0,3547,70400,2165,30891,3549,101291,California
Sonoma,2021-02-20,3155,135556,2854,69844,301,65712,0,0,1226,69705,1921,32812,1226,102517,California
Sonoma,2021-02-21,565,136121,449,70293,116,65828,0,0,148,69442,411,33223,148,102665,California
Sonoma,2021-02-22,3048,139169,1439,71732,1609,67437,0,0,1250,68909,1783,35006,1250,103915,California
Sonoma,2021-02-23,3487,142656,2134,73866,1353,68790,0,0,1628,68688,1849,36855,1628,105543,California
Sonoma,2021-02-24,5863,148519,2613,76479,3250,72040,0,0,2978,68796,2871,39726,2979,108522,California
Sonoma,2021-02-25,6144,154663,2386,78865,3758,75798,0,0,3283,69251,2828,42554,3283,111805,California
Sonoma,2021-02-26,6694,161357,2940,81805,3754,79552,0,0,4236,71042,2445,44999,4236,116041,California
Sonoma,2021-02-27,4238,165595,1963,83768,2275,81827,0,0,2839,72489,1392,46391,2839,118880,California
Sonoma,2021-02-28,2502,168097,1848,85616,653,82480,1,1,741,71482,1749,48140,742,119622,California
Sonoma,2021-03-01,4148,172245,1323,86939,2824,85304,1,2,2166,71687,1963,50103,2168,121790,California
Sonoma,2021-03-02,4449,176694,1533,88472,2914,88218,2,4,2551,72354,1886,51989,2553,124343,California
Sonoma,2021-03-03,5093,181787,2644,91116,2449,90667,0,4,2327,71934,2747,54736,2327,126670,California
Sonoma,2021-03-04,5987,187774,2691,93807,3296,93963,0,4,2576,71117,3393,58129,2576,129246,California
Sonoma,2021-03-05,6500,194274,2869,96676,3616,97579,15,19,2720,70093,3760,61889,2736,131982,California
Sonoma,2021-03-06,2810,197084,1226,97902,1445,99024,139,158,1926,71282,874,62763,2063,134045,California
Sonoma,2021-03-07,1806,198890,1399,99301,314,99338,93,251,402,70374,1402,64165,494,134539,California
Sonoma,2021-03-08,4091,202981,662,99963,3249,102587,180,431,2379,71235,1698,65863,2559,137098,California
Sonoma,2021-03-09,5631,208612,3107,103070,2255,104842,269,700,2679,71233,2937,68800,2935,140033,California
Sonoma,2021-03-10,6053,214665,3214,106284,2492,107334,347,1047,2427,70401,3603,72403,2771,142804,California
Sonoma,2021-03-11,7567,222232,3033,109317,3715,111049,819,1866,2537,68743,5007,77410,3349,146153,California
Sonoma,2021-03-12,7438,229670,2270,111587,3804,114853,1364,3230,2049,66793,5356,82766,3406,149559,California
Sonoma,2021-03-13,3465,233135,1717,113304,1508,116361,240,3470,2012,67591,1449,84215,2247,151806,California
Sonoma,2021-03-14,1398,234533,390,113694,865,117226,143,3613,850,68039,545,84760,993,152799,California
Sonoma,2021-03-15,5265,239798,1524,115218,3355,120581,386,3999,2171,67521,3073,87833,2555,155354,California
Sonoma,2021-03-16,6326,246124,2269,117487,3829,124410,228,4227,2881,67197,3432,91265,3108,158462,California
Sonoma,2021-03-17,6801,252925,3548,121035,3073,127483,180,4407,3251,67095,3531,94796,3429,161891,California
Sonoma,2021-03-18,7162,260087,2954,123989,3593,131076,615,5022,3099,66756,4047,98843,3708,165599,California
Sonoma,2021-03-19,7521,267608,3258,127247,4033,135109,230,5252,2985,65474,4502,103345,3220,168819,California
Sonoma,2021-03-20,3738,271346,1767,129014,1145,136254,826,6078,2013,66591,1714,105059,2831,171650,California
Sonoma,2021-03-21,1401,272747,614,129628,752,137006,35,6113,1210,67651,185,105244,1245,172895,California
Sonoma,2021-03-22,4588,277335,3121,132749,1368,138374,99,6212,3333,69836,1247,106491,3432,176327,California
Sonoma,2021-03-23,5879,283214,3644,136393,2162,140536,73,6285,4420,72884,1446,107937,4494,180821,California
Sonoma,2021-03-24,6845,290059,4290,140683,2480,143016,75,6360,4133,74399,2690,110627,4205,185026,California
Sonoma,2021-03-25,7144,297203,4204,144887,2827,145843,113,6473,4236,75871,2878,113505,4350,189376,California
Sonoma,2021-03-26,7489,304692,3477,148364,3914,149757,98,6571,3782,76072,3678,117183,3879,193255,California
Sonoma,2021-03-27,3860,308552,1515,149879,1982,151739,363,6934,989,74563,2857,120040,1348,194603,California
Sonoma,2021-03-28,1515,310067,950,150829,537,152276,28,6962,797,74673,714,120754,824,195427,California
Sonoma,2021-03-29,2991,313058,1107,151936,1851,154127,33,6995,1544,74813,1437,122191,1577,197004,California
Sonoma,2021-03-30,5933,318991,3236,155172,2634,156761,63,7058,3100,75153,2823,125014,3163,200167,California
Sonoma,2021-03-31,5770,324761,3432,158604,2123,158884,215,7273,3338,76294,2411,127425,3552,203719,California
Sonoma,2021-04-01,6971,331732,4071,162675,2554,161438,346,7619,3772,77231,3170,130595,4107,207826,California
Sonoma,2021-04-02,5981,337713,3583,166258,2287,163725,111,7730,3571,78516,2396,132991,3681,211507,California
Sonoma,2021-04-03,3744,341457,1831,168089,1686,165411,227,7957,1679,78367,2048,135039,1899,213406,California
Sonoma,2021-04-04,1073,342530,696,168785,286,165697,91,8048,648,78685,421,135460,739,214145,California
Sonoma,2021-04-05,4458,346988,666,169451,3445,169142,347,8395,1671,77924,2779,138239,2018,216163,California
Sonoma,2021-04-06,6940,353928,3516,172967,3010,172152,414,8809,4033,79476,2891,141130,4443,220606,California
Sonoma,2021-04-07,6868,360796,3877,176844,2143,174295,848,9657,3343,80153,3506,144636,4183,224789,California
Sonoma,2021-04-08,7686,368482,4161,181005,2749,177044,776,10433,4205,81658,3468,148104,4973,229762,California
Sonoma,2021-04-09,6864,375346,3832,184837,2140,179184,892,11325,3520,82734,3329,151433,4405,234167,California
Sonoma,2021-04-10,3923,379269,1705,186542,1657,180841,561,11886,1155,81690,2753,154186,1709,235876,California
Sonoma,2021-04-11,1295,380564,613,187155,601,181442,81,11967,441,81360,852,155038,522,236398,California
Sonoma,2021-04-12,4976,385540,2071,189226,2418,183860,487,12454,1846,80575,3111,158149,2326,238724,California
Sonoma,2021-04-13,7956,393496,4685,193911,3267,187127,4,12458,3044,78727,4895,163044,3047,241771,California
Sonoma,2021-04-14,6711,400207,3794,197705,2896,190023,21,12479,2566,77181,4131,167175,2585,244356,California
Sonoma,2021-04-15,7539,407746,4282,201987,3256,193279,1,12480,3637,76935,3884,171059,3638,247994,California
Sonoma,2021-04-16,6955,414701,3477,205464,3476,196755,2,12482,3914,77820,3032,174091,3917,251911,California
Sonoma,2021-04-17,3543,418244,1832,207296,1711,198466,0,12482,1687,77674,1834,175925,1688,253599,California
Sonoma,2021-04-18,1411,419655,1011,208307,400,198866,0,12482,539,77344,869,176794,539,254138,California
Sonoma,2021-04-19,3447,423102,1892,210199,1554,200420,1,12483,1532,76970,1907,178701,1533,255671,California
Sonoma,2021-04-20,6408,429510,3537,213736,2871,203291,0,12483,2381,75340,4013,182714,2383,258054,California
Sonoma,2021-04-21,6863,436373,4363,218099,2498,205789,2,12485,3137,74778,3700,186414,3138,261192,California
Sonoma,2021-04-22,6490,442863,4535,222634,1954,207743,1,12486,2609,73523,3864,190278,2609,263801,California
Sonoma,2021-04-23,7577,450440,4675,227309,2895,210638,7,12493,3676,73324,3883,194161,3684,267485,California
Sonoma,2021-04-24,2786,453226,1514,228823,1258,211896,14,12507,1543,73644,1237,195398,1557,269042,California
Sonoma,2021-04-25,1086,454312,789,229612,297,212193,0,12507,431,73423,652,196050,431,269473,California
Sonoma,2021-04-26,3003,457315,1438,231050,1537,213730,28,12535,1625,73708,1368,197418,1653,271126,California
Sonoma,2021-04-27,5553,462868,3746,234796,1683,215413,124,12659,2239,72767,3303,200721,2362,273488,California
Sonoma,2021-04-28,4940,467808,3240,238036,1500,216913,200,12859,2014,72070,2906,203627,2209,275697,California
Sonoma,2021-04-29,5125,472933,3609,241645,1372,218285,144,13003,1915,70936,3193,206820,2059,277756,California
Sonoma,2021-04-30,5571,478504,3636,245281,1640,219925,295,13298,1829,69334,3725,210545,2123,279879,California
Sonoma,2021-05-01,2534,481038,1793,247074,634,220559,107,13405,1199,69313,1323,211868,1302,281181,California
Sonoma,2021-05-02,874,481912,652,247726,171,220730,51,13456,557,69605,317,212185,609,281790,California
Sonoma,2021-05-03,3267,485179,1687,249413,1427,222157,153,13609,1067,68638,2184,214369,1217,283007,California
Sonoma,2021-05-04,4628,489807,2418,251831,2028,224185,182,13791,1452,67113,3153,217522,1628,284635,California
Sonoma,2021-05-05,3731,493538,2194,254025,1342,225527,195,13986,1315,66222,2399,219921,1508,286143,California
Sonoma,2021-05-06,4600,498138,2424,256449,2049,227576,127,14113,1301,64414,3233,223154,1425,287568,California
Sonoma,2021-05-07,3645,501783,2331,258780,1191,228767,123,14236,1084,63076,2545,225699,1207,288775,California
Sonoma,2021-05-08,1943,503726,1296,260076,555,229322,92,14328,682,62603,1247,226946,774,289549,California
Sonoma,2021-05-09,504,504230,287,260363,176,229498,41,14369,159,62463,340,227286,200,289749,California
Sonoma,2021-05-10,2367,506597,1042,261405,1191,230689,134,14503,294,60832,2056,229342,425,290174,California
Sonoma,2021-05-11,3605,510202,1944,263349,1539,232228,122,14625,872,59112,2714,232056,994,291168,California
Sonoma,2021-05-12,4076,514278,2497,265846,1427,233655,152,14777,847,56894,3216,235272,998,292166,California
Sonoma,2021-05-13,4973,519251,2846,268692,1996,235651,131,14908,1652,55367,3308,238580,1781,293947,California
Sonoma,2021-05-14,5849,525100,3606,272298,2106,237757,137,15045,2209,54090,3624,242204,2347,296294,California
Sonoma,2021-05-15,2991,528091,2199,274497,729,238486,63,15108,1876,54923,1106,243310,1939,298233,California
Sonoma,2021-05-16,1350,529441,1132,275629,159,238645,59,15167,996,55630,348,243658,1055,299288,California
Sonoma,2021-05-17,2448,531889,1816,277445,537,239182,95,15262,887,55056,1554,245212,980,300268,California
Sonoma,2021-05-18,4342,536231,2863,280308,1370,240552,109,15371,1463,53768,2859,248071,1571,301839,California
Sonoma,2021-05-19,3883,540114,2422,282730,1346,241898,115,15486,1484,52983,2384,250455,1599,303438,California
Sonoma,2021-05-20,3430,543544,2246,284976,1090,242988,94,15580,1328,52310,2089,252544,1416,304854,California
Sonoma,2021-05-21,4256,547800,2392,287368,1735,244723,129,15709,1500,51193,2731,255275,1614,306468,California
Sonoma,2021-05-22,2349,550149,1291,288659,1018,245741,40,15749,660,50221,1672,256947,700,307168,California
Sonoma,2021-05-23,1505,551654,1223,289882,264,246005,18,15767,774,50287,726,257673,792,307960,California
Sonoma,2021-05-24,2027,553681,1261,291143,631,246636,135,15902,661,49748,1334,259007,795,308755,California
Sonoma,2021-05-25,2943,556624,1801,292944,1055,247691,87,15989,738,48380,2191,261198,823,309578,California
Sonoma,2021-05-26,2490,559114,1737,294681,642,248333,111,16100,1003,48019,1472,262670,1111,310689,California
Sonoma,2021-05-27,2072,561186,1135,295816,840,249173,97,16197,681,47413,1381,264051,775,311464,California
Sonoma,2021-05-28,2193,563379,1129,296945,971,250144,93,16290,622,46569,1559,265610,715,312179,California
Sonoma,2021-05-29,1350,564729,921,297866,361,250505,68,16358,633,46563,707,266317,701,312880,California
Sonoma,2021-05-30,350,565079,215,298081,124,250629,11,16369,138,46507,204,266521,148,313028,California
Sonoma,2021-05-31,70,565149,26,298107,43,250672,1,16370,17,46472,53,266574,18,313046,California
Sonoma,2021-06-01,1947,567096,1115,299222,756,251428,76,16446,695,46001,1238,267812,767,313813,California
Sonoma,2021-06-02,1590,568686,973,300195,501,251929,116,16562,660,45850,925,268737,774,314587,California
Sonoma,2021-06-03,2013,570699,1386,301581,546,252475,81,16643,436,44798,1568,270305,516,315103,California
Sonoma,2021-06-04,2711,573410,2208,303789,395,252870,108,16751,512,43228,2188,272493,618,315721,California
Sonoma,2021-06-05,1824,575234,1499,305288,294,253164,31,16782,273,41987,1545,274038,304,316025,California
Sonoma,2021-06-06,1029,576263,951,306239,68,253232,10,16792,144,41259,882,274920,154,316179,California
Sonoma,2021-06-07,1490,577753,1246,307485,189,253421,55,16847,331,40491,1151,276071,383,316562,California
Sonoma,2021-06-08,1902,579655,1526,309011,328,253749,48,16895,532,39711,1358,277429,578,317140,California
Sonoma,2021-06-09,1656,581311,1366,310377,228,253977,62,16957,390,38911,1252,278681,452,317592,California
Sonoma,2021-06-10,1834,583145,1506,311883,224,254201,104,17061,553,38299,1267,279948,655,318247,California
Sonoma,2021-06-11,1999,585144,1631,313514,276,254477,92,17153,545,37489,1447,281395,637,318884,California
Sonoma,2021-06-12,1122,586266,886,314400,190,254667,46,17199,343,37107,772,282167,390,319274,California
Sonoma,2021-06-13,557,586823,467,314867,71,254738,19,17218,104,36779,450,282617,122,319396,California
Sonoma,2021-06-14,954,587777,675,315542,219,254957,60,17278,341,36576,604,283221,401,319797,California
Sonoma,2021-06-15,1844,589621,1380,316922,356,255313,108,17386,597,36044,1236,284457,704,320501,California
Sonoma,2021-06-16,1581,591202,1218,318140,262,255575,101,17487,501,35571,1073,285530,600,321101,California
Sonoma,2021-06-17,1036,592238,785,318925,171,255746,80,17567,409,35437,622,286152,488,321589,California
Sonoma,2021-06-18,1078,593316,773,319698,203,255949,102,17669,452,35372,616,286768,551,322140,California
Sonoma,2021-06-19,833,594149,688,320386,106,256055,39,17708,272,35124,558,287326,310,322450,California
Sonoma,2021-06-20,241,594390,199,320585,36,256091,6,17714,82,35056,156,287482,88,322538,California
Sonoma,2021-06-21,542,594932,308,320893,157,256248,77,17791,254,35113,274,287756,331,322869,California
Sonoma,2021-06-22,1250,596182,988,321881,170,256418,92,17883,582,35121,663,288419,671,323540,California
Sonoma,2021-06-23,1221,597403,942,322823,195,256613,84,17967,475,34941,739,289158,559,324099,California
Sonoma,2021-06-24,951,598354,633,323456,218,256831,100,18067,418,34933,525,289683,517,324616,California
Sonoma,2021-06-25,1191,599545,913,324369,198,257029,80,18147,516,34873,654,290337,594,325210,California
Sonoma,2021-06-26,689,600234,493,324862,115,257144,81,18228,331,34929,355,290692,411,325621,California
Sonoma,2021-06-27,194,600428,159,325021,24,257168,11,18239,101,34949,92,290784,112,325733,California
Sonoma,2021-06-28,712,601140,573,325594,82,257250,57,18296,313,34920,398,291182,369,326102,California
Sonoma,2021-06-29,946,602086,731,326325,165,257415,50,18346,401,34829,542,291724,451,326553,California
Sonoma,2021-06-30,890,602976,688,327013,161,257576,41,18387,386,34758,497,292221,426,326979,California
Sonoma,2021-07-01,964,603940,757,327770,137,257713,70,18457,421,34708,539,292760,489,327468,California
Sonoma,2021-07-02,764,604704,544,328314,170,257883,50,18507,359,34716,401,293161,409,327877,California
Sonoma,2021-07-03,557,605261,458,328772,75,257958,24,18531,227,34639,328,293489,251,328128,California
Sonoma,2021-07-04,23,605284,13,328785,9,257967,1,18532,15,34647,8,293497,16,328144,California
Sonoma,2021-07-05,326,605610,244,329029,59,258026,23,18555,150,34644,175,293672,172,328316,California
Sonoma,2021-07-06,1125,606735,902,329931,152,258178,71,18626,415,34426,702,294374,484,328800,California
Sonoma,2021-07-07,779,607514,594,330525,129,258307,56,18682,312,34332,463,294837,369,329169,California
Sonoma,2021-07-08,851,608365,657,331182,113,258420,81,18763,341,34245,507,295344,420,329589,California
Sonoma,2021-07-09,645,609010,503,331685,101,258521,41,18804,298,34239,346,295690,340,329929,California
Stanislaus,2020-12-15,5,5,5,5,0,0,0,0,5,5,0,0,5,5,California
Stanislaus,2020-12-16,41,46,41,46,0,0,0,0,41,46,0,0,41,46,California
Stanislaus,2020-12-17,74,120,74,120,0,0,0,0,74,120,0,0,74,120,California
Stanislaus,2020-12-18,343,463,337,457,6,6,0,0,343,463,0,0,343,463,California
Stanislaus,2020-12-19,134,597,134,591,0,6,0,0,134,597,0,0,134,597,California
Stanislaus,2020-12-20,87,684,87,678,0,6,0,0,87,684,0,0,87,684,California
Stanislaus,2020-12-21,1000,1684,999,1677,1,7,0,0,999,1683,1,1,1000,1684,California
Stanislaus,2020-12-22,796,2480,784,2461,12,19,0,0,796,2479,0,1,796,2480,California
Stanislaus,2020-12-23,450,2930,431,2892,19,38,0,0,449,2928,1,2,450,2930,California
Stanislaus,2020-12-24,98,3028,89,2981,9,47,0,0,98,3026,0,2,98,3028,California
Stanislaus,2020-12-26,53,3081,9,2990,44,91,0,0,53,3079,0,2,53,3081,California
Stanislaus,2020-12-27,11,3092,6,2996,5,96,0,0,11,3090,0,2,11,3092,California
Stanislaus,2020-12-28,490,3582,396,3392,94,190,0,0,490,3580,0,2,490,3582,California
Stanislaus,2020-12-29,501,4083,415,3807,86,276,0,0,501,4081,0,2,501,4083,California
Stanislaus,2020-12-30,539,4622,282,4089,257,533,0,0,538,4618,1,3,538,4621,California
Stanislaus,2020-12-31,283,4905,159,4248,124,657,0,0,283,4901,0,3,283,4904,California
Stanislaus,2021-01-01,18,4923,7,4255,11,668,0,0,18,4919,0,3,18,4922,California
Stanislaus,2021-01-02,34,4957,26,4281,8,676,0,0,34,4953,0,3,34,4956,California
Stanislaus,2021-01-03,90,5047,87,4368,3,679,0,0,90,5043,0,3,90,5046,California
Stanislaus,2021-01-04,234,5281,154,4522,80,759,0,0,234,5277,0,3,234,5280,California
Stanislaus,2021-01-05,855,6136,358,4880,497,1256,0,0,827,6087,27,30,837,6117,California
Stanislaus,2021-01-06,1014,7150,608,5488,406,1662,0,0,936,6955,75,105,943,7060,California
Stanislaus,2021-01-07,1086,8236,706,6194,380,2042,0,0,891,7660,190,295,895,7955,California
Stanislaus,2021-01-08,1304,9540,741,6935,563,2605,0,0,952,8271,349,644,960,8915,California
Stanislaus,2021-01-09,290,9830,144,7079,146,2751,0,0,201,8383,89,733,201,9116,California
Stanislaus,2021-01-10,49,9879,22,7101,27,2778,0,0,29,8392,20,753,29,9145,California
Stanislaus,2021-01-11,1512,11391,1227,8328,285,3063,0,0,574,8054,931,1684,593,9738,California
Stanislaus,2021-01-12,1488,12879,872,9200,616,3679,0,0,837,8261,647,2331,854,10592,California
Stanislaus,2021-01-13,1460,14339,692,9892,768,4447,0,0,1127,9073,332,2663,1144,11736,California
Stanislaus,2021-01-14,2283,16622,289,10181,1994,6441,0,0,2082,11050,198,2861,2175,13911,California
Stanislaus,2021-01-15,2864,19486,1175,11356,1689,8130,0,0,2687,13663,172,3033,2785,16696,California
Stanislaus,2021-01-16,474,19960,51,11407,423,8553,0,0,455,14102,18,3051,457,17153,California
Stanislaus,2021-01-17,245,20205,202,11609,43,8596,0,0,238,14334,6,3057,238,17391,California
Stanislaus,2021-01-18,2217,22422,1033,12642,1184,9780,0,0,1812,15833,400,3457,1899,19290,California
Stanislaus,2021-01-19,1274,23696,727,13369,547,10327,0,0,823,16210,447,3904,824,20114,California
Stanislaus,2021-01-20,1039,24735,495,13864,544,10871,0,0,743,16659,294,4198,743,20857,California
Stanislaus,2021-01-21,3744,28479,3004,16868,740,11611,0,0,3380,19813,360,4558,3514,24371,California
Stanislaus,2021-01-22,1121,29600,313,17181,808,12419,0,0,1074,20847,43,4601,1077,25448,California
Stanislaus,2021-01-23,380,29980,44,17225,336,12755,0,0,321,21111,58,4659,322,25770,California
Stanislaus,2021-01-24,315,30295,99,17324,216,12971,0,0,248,21295,67,4726,251,26021,California
Stanislaus,2021-01-25,3206,33501,233,17557,2973,15944,0,0,2848,23995,322,5048,3022,29043,California
Stanislaus,2021-01-26,1756,35257,752,18309,1004,16948,0,0,1304,24877,442,5490,1324,30367,California
Stanislaus,2021-01-27,1939,37196,1070,19379,869,17817,0,0,1218,25428,669,6159,1220,31587,California
Stanislaus,2021-01-28,2240,39436,1529,20908,711,18528,0,0,1731,26733,499,6658,1804,33391,California
Stanislaus,2021-01-29,2490,41926,1218,22126,1272,19800,0,0,1932,28221,503,7161,1991,35382,California
Stanislaus,2021-01-30,298,42224,131,22257,167,19967,0,0,230,28395,56,7217,230,35612,California
Stanislaus,2021-01-31,374,42598,319,22576,55,20022,0,0,357,28738,14,7231,357,35969,California
Stanislaus,2021-02-01,1346,43944,584,23160,762,20784,0,0,978,29364,353,7584,979,36948,California
Stanislaus,2021-02-02,1267,45211,349,23509,918,21702,0,0,824,29761,431,8015,828,37776,California
Stanislaus,2021-02-03,2675,47886,1229,24738,1446,23148,0,0,1966,31040,704,8719,1983,39759,California
Stanislaus,2021-02-04,2138,50024,717,25455,1421,24569,0,0,1611,32147,514,9233,1621,41380,California
Stanislaus,2021-02-05,2893,52917,1485,26940,1408,25977,0,0,1613,32569,1208,10441,1630,43010,California
Stanislaus,2021-02-06,893,53810,302,27242,591,26568,0,0,698,33077,192,10633,700,43710,California
Stanislaus,2021-02-07,232,54042,206,27448,26,26594,0,0,43,32936,185,10818,44,43754,California
Stanislaus,2021-02-08,2093,56135,1360,28808,733,27327,0,0,1135,33187,913,11731,1164,44918,California
Stanislaus,2021-02-09,1877,58012,793,29601,1084,28411,0,0,1067,33484,782,12513,1079,45997,California
Stanislaus,2021-02-10,1992,60004,549,30150,1443,29854,0,0,1050,33624,912,13425,1052,47049,California
Stanislaus,2021-02-11,5466,65470,3294,33444,2172,32026,0,0,1239,30919,3952,17377,1247,48296,California
Stanislaus,2021-02-12,3356,68826,929,34373,2427,34453,0,0,1476,30623,1785,19162,1489,49785,California
Stanislaus,2021-02-13,1387,70213,679,35052,708,35161,0,0,1010,31269,369,19531,1015,50800,California
Stanislaus,2021-02-14,430,70643,171,35223,259,35420,0,0,355,31552,72,19603,355,51155,California
Stanislaus,2021-02-15,1846,72489,237,35460,1609,37029,0,0,588,31009,1136,20739,593,51748,California
Stanislaus,2021-02-16,1384,73873,429,35889,955,37984,0,0,584,30809,786,21525,586,52334,California
Stanislaus,2021-02-17,2807,76680,1721,37610,1086,39070,0,0,1926,31882,872,22397,1945,54279,California
Stanislaus,2021-02-18,3415,80095,1928,39538,1487,40557,0,0,1776,32173,1537,23934,1828,56107,California
Stanislaus,2021-02-19,2836,82931,1117,40655,1719,42276,0,0,1534,32483,1247,25181,1557,57664,California
Stanislaus,2021-02-20,768,83699,388,41043,380,42656,0,0,473,32684,273,25454,474,58138,California
Stanislaus,2021-02-21,916,84615,699,41742,217,42873,0,0,535,32877,355,25809,548,58686,California
Stanislaus,2021-02-22,2392,87007,1716,43458,676,43549,0,0,1634,33776,736,26545,1635,60321,California
Stanislaus,2021-02-23,3769,90776,682,44140,3087,46636,0,0,1722,33652,1857,28402,1733,62054,California
Stanislaus,2021-02-24,4260,95036,2903,47043,1357,47993,0,0,3128,35681,1105,29507,3134,65188,California
Stanislaus,2021-02-25,4009,99045,2759,49802,1250,49243,0,0,3177,38052,810,30317,3181,68369,California
Stanislaus,2021-02-26,4263,103308,1233,51035,3030,52273,0,0,2845,39554,1355,31672,2857,71226,California
Stanislaus,2021-02-27,2105,105413,714,51749,1390,53663,1,1,1868,41218,206,31878,1870,73096,California
Stanislaus,2021-02-28,839,106252,270,52019,569,54232,0,1,781,41954,46,31924,782,73878,California
Stanislaus,2021-03-01,3149,109401,1673,53692,1471,55703,5,6,1668,42210,1428,33352,1684,75562,California
Stanislaus,2021-03-02,2437,111838,1456,55148,980,56683,1,7,1678,43151,741,34093,1682,77244,California
Stanislaus,2021-03-03,3766,115604,2270,57418,1492,58175,4,11,2930,45270,815,34908,2934,80178,California
Stanislaus,2021-03-04,5498,121102,3144,60562,2337,60512,17,28,4219,48267,1234,36142,4231,84409,California
Stanislaus,2021-03-05,4148,125250,1148,61710,2984,63496,16,44,3131,50429,984,37126,3146,87555,California
Stanislaus,2021-03-06,3612,128862,2246,63956,1272,64768,94,138,2749,52417,857,37983,2845,90400,California
Stanislaus,2021-03-07,913,129775,394,64350,442,65210,77,215,681,52949,226,38209,758,91158,California
Stanislaus,2021-03-08,2046,131821,888,65238,1061,66271,97,312,1351,53723,673,38882,1447,92605,California
Stanislaus,2021-03-09,2701,134522,1023,66261,1586,67857,92,404,1646,54424,1041,39923,1742,94347,California
Stanislaus,2021-03-10,5582,140104,2729,68990,2624,70481,229,633,3765,56639,1789,41712,4004,98351,California
Stanislaus,2021-03-11,6202,146306,3379,72369,2342,72823,481,1114,4148,59407,1865,43577,4633,102984,California
Stanislaus,2021-03-12,6330,152636,1379,73748,3019,75842,1932,3046,2939,60917,3355,46932,4865,107849,California
Stanislaus,2021-03-13,3751,156387,2343,76091,1337,77179,71,3117,2836,62923,907,47839,2913,110762,California
Stanislaus,2021-03-14,1004,157391,594,76685,355,77534,55,3172,495,62971,503,48342,551,111313,California
Stanislaus,2021-03-15,3825,161216,1993,78678,1470,79004,362,3534,1653,62919,2072,50414,2020,113333,California
Stanislaus,2021-03-16,5124,166340,2515,81193,2169,81173,440,3974,3675,65608,1423,51837,4112,117445,California
Stanislaus,2021-03-17,4956,171296,2949,84142,1828,83001,179,4153,2985,66845,1931,53768,3168,120613,California
Stanislaus,2021-03-18,5588,176884,3465,87607,2053,85054,70,4223,3049,67584,2383,56151,3122,123735,California
Stanislaus,2021-03-19,6049,182933,1591,89198,2933,87987,1525,5748,3203,69501,2804,58955,4721,128456,California
Stanislaus,2021-03-20,3882,186815,3042,92240,772,88759,68,5816,3382,72475,478,59433,3452,131908,California
Stanislaus,2021-03-21,1024,187839,913,93153,45,88804,66,5882,774,73072,243,59676,840,132748,California
Stanislaus,2021-03-22,3034,190873,1402,94555,905,89709,727,6609,1420,73642,1579,61255,2149,134897,California
Stanislaus,2021-03-23,4151,195024,2120,96675,1771,91480,260,6869,2982,75757,1146,62401,3261,138158,California
Stanislaus,2021-03-24,4733,199757,3298,99973,1356,92836,79,6948,2765,76689,1916,64317,2848,141006,California
Stanislaus,2021-03-25,4432,204189,3011,102984,1405,94241,16,6964,1959,76275,2391,66708,1977,142983,California
Stanislaus,2021-03-26,4955,209144,1422,104406,3459,97700,74,7038,2528,76501,2387,69095,2613,145596,California
Stanislaus,2021-03-27,4452,213596,2777,107183,1591,99291,84,7122,1403,74963,3030,72125,1492,147088,California
Stanislaus,2021-03-28,1123,214719,449,107632,566,99857,108,7230,323,74615,785,72910,437,147525,California
Stanislaus,2021-03-29,3191,217910,1852,109484,1299,101156,40,7270,2167,75816,1012,73922,2213,149738,California
Stanislaus,2021-03-30,3870,221780,2084,111568,1760,102916,26,7296,2392,76775,1465,75387,2424,152162,California
Stanislaus,2021-03-31,5635,227415,3884,115452,1621,104537,130,7426,2931,77160,2680,78067,3065,155227,California
Stanislaus,2021-04-01,5955,233370,3873,119325,1964,106501,118,7544,2748,76859,3175,81242,2874,158101,California
Stanislaus,2021-04-02,5215,238585,1241,120566,3805,110306,169,7713,2378,76678,2736,83978,2555,160656,California
Stanislaus,2021-04-03,4709,243294,3451,124017,1220,111526,38,7751,2257,76543,2439,86417,2304,162960,California
Stanislaus,2021-04-04,1332,244626,478,124495,824,112350,30,7781,650,76555,673,87090,685,163645,California
Stanislaus,2021-04-05,3780,248406,2567,127062,953,113303,260,8041,2450,77950,1319,88409,2714,166359,California
Stanislaus,2021-04-06,5976,254382,4246,131308,1444,114747,286,8327,3220,78721,2737,91146,3508,169867,California
Stanislaus,2021-04-07,6548,260930,3680,134988,2429,117176,439,8766,2902,78447,3622,94768,3348,173215,California
Stanislaus,2021-04-08,5890,266820,3427,138415,2016,119192,447,9213,2903,78846,2953,97721,3352,176567,California
Stanislaus,2021-04-09,5007,271827,2184,140599,2441,121633,382,9595,2286,78827,2690,100411,2671,179238,California
Stanislaus,2021-04-10,6516,278343,4000,144599,876,122509,1640,11235,1996,77964,4493,104904,3630,182868,California
Stanislaus,2021-04-11,1538,279881,861,145460,544,123053,133,11368,666,77895,869,105773,800,183668,California
Stanislaus,2021-04-12,3800,283681,2127,147587,1224,124277,449,11817,1956,78498,1812,107585,2415,186083,California
Stanislaus,2021-04-13,5414,289095,3507,151094,1893,126170,14,11831,2970,79081,2395,109980,2978,189061,California
Stanislaus,2021-04-14,4832,293927,3340,154434,1490,127660,2,11833,2351,78997,2441,112421,2357,191418,California
Stanislaus,2021-04-15,5585,299512,3390,157824,2192,129852,3,11836,3253,79976,2277,114698,3256,194674,California
Stanislaus,2021-04-16,4507,304019,1065,158889,3441,133293,1,11837,1867,79262,2584,117282,1870,196544,California
Stanislaus,2021-04-17,3177,307196,2139,161028,1038,134331,0,11837,1842,79785,1321,118603,1844,198388,California
Stanislaus,2021-04-18,618,307814,298,161326,318,134649,2,11839,433,80045,176,118779,436,198824,California
Stanislaus,2021-04-19,3648,311462,2469,163795,1177,135826,2,11841,1660,79770,1943,120722,1668,200492,California
Stanislaus,2021-04-20,4180,315642,2493,166288,1687,137513,0,11841,1773,79179,2366,123088,1775,202267,California
Stanislaus,2021-04-21,4061,319703,2685,168973,1375,138888,1,11842,1634,78445,2375,125463,1641,203908,California
Stanislaus,2021-04-22,4138,323841,2452,171425,1685,140573,1,11843,1637,77636,2451,127914,1642,205550,California
Stanislaus,2021-04-23,3842,327683,914,172339,2927,143500,1,11844,1567,77037,2173,130087,1574,207124,California
Stanislaus,2021-04-24,3891,331574,2968,175307,923,144423,0,11844,1855,76880,2017,132104,1860,208984,California
Stanislaus,2021-04-25,942,332516,485,175792,457,144880,0,11844,689,77327,246,132350,693,209677,California
Stanislaus,2021-04-26,3669,336185,2442,178234,1221,146101,6,11850,1154,76004,2488,134838,1165,210842,California
Stanislaus,2021-04-27,4308,340493,2890,181124,1370,147471,48,11898,1252,74286,3022,137860,1304,212146,California
Stanislaus,2021-04-28,4610,345103,3165,184289,1382,148853,63,11961,1954,73680,2631,140491,2025,214171,California
Stanislaus,2021-04-29,3984,349087,2443,186732,1493,150346,48,12009,1563,72904,2396,142887,1620,215791,California
Stanislaus,2021-04-30,4830,353917,2154,188886,2592,152938,84,12093,1902,71995,2903,145790,1994,217785,California
Stanislaus,2021-05-01,2735,356652,1936,190822,758,153696,41,12134,1026,71371,1699,147489,1075,218860,California
Stanislaus,2021-05-02,1092,357744,627,191449,426,154122,39,12173,524,71378,562,148051,569,219429,California
Stanislaus,2021-05-03,2581,360325,2003,193452,507,154629,71,12244,979,70846,1586,149637,1054,220483,California
Stanislaus,2021-05-04,3773,364098,2572,196024,1097,155726,104,12348,1177,69552,2581,152218,1287,221770,California
Stanislaus,2021-05-05,3445,367543,2266,198290,1103,156829,76,12424,1198,68604,2225,154443,1277,223047,California
Stanislaus,2021-05-06,3774,371317,2861,201151,789,157618,124,12548,1158,67302,2590,157033,1288,224335,California
Stanislaus,2021-05-07,2596,373913,1040,202191,1394,159012,162,12710,1108,67098,1476,158509,1272,225607,California
Stanislaus,2021-05-08,2021,375934,1405,203596,583,159595,33,12743,750,66637,1251,159760,790,226397,California
Stanislaus,2021-05-09,722,376656,347,203943,349,159944,26,12769,305,66555,414,160174,332,226729,California
Stanislaus,2021-05-10,1816,378472,1153,205096,564,160508,99,12868,491,65834,1313,161487,592,227321,California
Stanislaus,2021-05-11,2530,381002,1576,206672,794,161302,160,13028,752,64982,1769,163256,917,228238,California
Stanislaus,2021-05-12,2410,383412,1370,208042,929,162231,111,13139,936,64571,1460,164716,1049,229287,California
Stanislaus,2021-05-13,2183,385595,1289,209331,774,163005,120,13259,1037,64592,1138,165854,1159,230446,California
Stanislaus,2021-05-14,2791,388386,1261,210592,1392,164397,138,13397,1306,64575,1463,167317,1446,231892,California
Stanislaus,2021-05-15,2496,390882,1779,212371,667,165064,50,13447,1209,64566,1277,168594,1268,233160,California
Stanislaus,2021-05-16,1106,391988,747,213118,351,165415,8,13455,591,64658,511,169105,603,233763,California
Stanislaus,2021-05-17,2062,394050,1392,214510,588,166003,82,13537,996,64682,1060,170165,1084,234847,California
Stanislaus,2021-05-18,2327,396377,1609,216119,603,166606,115,13652,1206,64893,1109,171274,1320,236167,California
Stanislaus,2021-05-19,3163,399540,2172,218291,836,167442,155,13807,1383,64669,1766,173040,1542,237709,California
Stanislaus,2021-05-20,2246,401786,1220,219511,921,168363,105,13912,895,64333,1341,174381,1005,238714,California
Stanislaus,2021-05-21,2499,404285,1222,220733,1179,169542,98,14010,995,63942,1487,175868,1096,239810,California
Stanislaus,2021-05-22,2020,406305,1221,221954,728,170270,71,14081,879,63761,1132,177000,951,240761,California
Stanislaus,2021-05-23,1080,407385,708,222662,356,170626,16,14097,513,63728,562,177562,529,241290,California
Stanislaus,2021-05-24,1831,409216,1273,223935,479,171105,79,14176,726,63438,1101,178663,811,242101,California
Stanislaus,2021-05-25,1814,411030,1239,225174,475,171580,100,14276,861,63455,949,179612,966,243067,California
Stanislaus,2021-05-26,2039,413069,1269,226443,717,172297,53,14329,955,63387,1076,180688,1008,244075,California
Stanislaus,2021-05-27,1792,414861,980,227423,727,173024,85,14414,617,62927,1163,181851,703,244778,California
Stanislaus,2021-05-28,2196,417057,1037,228460,1072,174096,87,14501,943,62711,1246,183097,1030,245808,California
Stanislaus,2021-05-29,1321,418378,851,229311,428,174524,42,14543,591,62620,726,183823,635,246443,California
Stanislaus,2021-05-30,454,418832,272,229583,148,174672,34,14577,207,62619,242,184065,241,246684,California
Stanislaus,2021-05-31,259,419091,122,229705,130,174802,7,14584,97,62561,162,184227,104,246788,California
Stanislaus,2021-06-01,1691,420782,1054,230759,581,175383,56,14640,636,62207,1049,185276,695,247483,California
Stanislaus,2021-06-02,1813,422595,1151,231910,591,175974,71,14711,746,61973,1054,186330,820,248303,California
Stanislaus,2021-06-03,1396,423991,828,232738,520,176494,48,14759,514,61667,870,187200,564,248867,California
Stanislaus,2021-06-04,1919,425910,1150,233888,700,177194,69,14828,725,61278,1187,188387,798,249665,California
Stanislaus,2021-06-05,1571,427481,1221,235109,307,177501,43,14871,516,60787,1050,189437,559,250224,California
Stanislaus,2021-06-06,511,427992,419,235528,83,177584,9,14880,186,60659,324,189761,196,250420,California
Stanislaus,2021-06-07,1611,429603,1234,236762,332,177916,45,14925,602,60305,1000,190761,646,251066,California
Stanislaus,2021-06-08,1919,431522,1443,238205,398,178314,78,15003,677,59827,1233,191994,755,251821,California
Stanislaus,2021-06-09,1859,433381,1313,239518,464,178778,82,15085,634,59323,1221,193215,717,252538,California
Stanislaus,2021-06-10,1478,434859,938,240456,476,179254,64,15149,604,59127,866,194081,670,253208,California
Stanislaus,2021-06-11,1500,436359,906,241362,544,179798,50,15199,551,58795,935,195016,603,253811,California
Stanislaus,2021-06-12,1033,437392,752,242114,255,180053,26,15225,381,58559,646,195662,410,254221,California
Stanislaus,2021-06-13,548,437940,407,242521,135,180188,6,15231,177,58376,368,196030,185,254406,California
Stanislaus,2021-06-14,1358,439298,965,243486,370,180558,23,15254,493,58037,855,196885,516,254922,California
Stanislaus,2021-06-15,1586,440884,1144,244630,396,180954,46,15300,533,57570,1048,197933,581,255503,California
Stanislaus,2021-06-16,1938,442822,1393,246023,480,181434,65,15365,774,57249,1160,199093,839,256342,California
Stanislaus,2021-06-17,1152,443974,731,246754,377,181811,44,15409,539,57228,608,199701,587,256929,California
Stanislaus,2021-06-18,1364,445338,852,247606,429,182240,83,15492,547,57048,812,200513,632,257561,California
Stanislaus,2021-06-19,857,446195,629,248235,184,182424,44,15536,372,56984,481,200994,417,257978,California
Stanislaus,2021-06-20,330,446525,238,248473,86,182510,6,15542,154,56969,175,201169,160,258138,California
Stanislaus,2021-06-21,987,447512,580,249053,280,182790,127,15669,511,57139,470,201639,640,258778,California
Stanislaus,2021-06-22,1211,448723,881,249934,261,183051,69,15738,495,56998,707,202346,566,259344,California
Stanislaus,2021-06-23,1231,449954,815,250749,354,183405,62,15800,522,56874,707,203053,583,259927,California
Stanislaus,2021-06-24,944,450898,629,251378,268,183673,47,15847,478,56940,462,203515,528,260455,California
Stanislaus,2021-06-25,1110,452008,717,252095,331,184004,62,15909,469,56833,636,204151,529,260984,California
Stanislaus,2021-06-26,607,452615,460,252555,123,184127,24,15933,279,56811,326,204477,304,261288,California
Stanislaus,2021-06-27,394,453009,298,252853,86,184213,10,15943,202,56832,191,204668,212,261500,California
Stanislaus,2021-06-28,971,453980,769,253622,161,184374,41,15984,429,56762,540,205208,470,261970,California
Stanislaus,2021-06-29,880,454860,687,254309,150,184524,43,16027,357,56644,518,205726,400,262370,California
Stanislaus,2021-06-30,933,455793,637,254946,265,184789,31,16058,428,56606,499,206225,461,262831,California
Stanislaus,2021-07-01,901,456694,563,255509,301,185090,37,16095,407,56565,485,206710,444,263275,California
Stanislaus,2021-07-02,735,457429,419,255928,283,185373,33,16128,366,56601,362,207072,398,263673,California
Stanislaus,2021-07-03,394,457823,295,256223,89,185462,10,16138,207,56632,187,207259,218,263891,California
Stanislaus,2021-07-04,61,457884,29,256252,26,185488,6,16144,19,56616,41,207300,25,263916,California
Stanislaus,2021-07-05,544,458428,400,256652,141,185629,3,16147,264,56604,279,207579,267,264183,California
Stanislaus,2021-07-06,811,459239,578,257230,191,185820,42,16189,368,56574,439,208018,409,264592,California
Stanislaus,2021-07-07,907,460146,591,257821,267,186087,49,16238,358,56437,547,208565,410,265002,California
Stanislaus,2021-07-08,829,460975,519,258340,265,186352,45,16283,416,56489,409,208974,461,265463,California
Stanislaus,2021-07-09,629,461604,336,258676,261,186613,32,16315,299,56497,325,209299,333,265796,California
Sutter,2020-12-15,1,1,1,1,0,0,0,0,1,1,0,0,1,1,California
Sutter,2020-12-16,4,5,4,5,0,0,0,0,4,5,0,0,4,5,California
Sutter,2020-12-17,3,8,3,8,0,0,0,0,3,8,0,0,3,8,California
Sutter,2020-12-18,21,29,21,29,0,0,0,0,21,29,0,0,21,29,California
Sutter,2020-12-19,45,74,45,74,0,0,0,0,45,74,0,0,45,74,California
Sutter,2020-12-20,43,117,43,117,0,0,0,0,43,117,0,0,43,117,California
Sutter,2020-12-21,99,216,99,216,0,0,0,0,99,216,0,0,99,216,California
Sutter,2020-12-22,172,388,172,388,0,0,0,0,172,388,0,0,172,388,California
Sutter,2020-12-23,115,503,110,498,5,5,0,0,115,503,0,0,115,503,California
Sutter,2020-12-24,17,520,11,509,6,11,0,0,17,520,0,0,17,520,California
Sutter,2020-12-26,38,558,34,543,4,15,0,0,38,558,0,0,38,558,California
Sutter,2020-12-27,24,582,23,566,1,16,0,0,24,582,0,0,24,582,California
Sutter,2020-12-28,84,666,56,622,28,44,0,0,84,666,0,0,84,666,California
Sutter,2020-12-29,101,767,14,636,87,131,0,0,101,767,0,0,101,767,California
Sutter,2020-12-30,136,903,33,669,103,234,0,0,136,903,0,0,136,903,California
Sutter,2020-12-31,70,973,6,675,64,298,0,0,70,973,0,0,70,973,California
Sutter,2021-01-01,3,976,3,678,0,298,0,0,3,976,0,0,3,976,California
Sutter,2021-01-02,134,1110,132,810,2,300,0,0,134,1110,0,0,134,1110,California
Sutter,2021-01-03,1,1111,0,810,1,301,0,0,1,1111,0,0,1,1111,California
Sutter,2021-01-04,245,1356,137,947,108,409,0,0,245,1356,0,0,245,1356,California
Sutter,2021-01-05,99,1455,56,1003,43,452,0,0,96,1449,3,3,96,1452,California
Sutter,2021-01-06,204,1659,50,1053,154,606,0,0,199,1643,5,8,199,1651,California
Sutter,2021-01-07,251,1910,153,1206,98,704,0,0,241,1875,9,17,241,1892,California
Sutter,2021-01-08,150,2060,40,1246,110,814,0,0,133,1991,17,34,133,2025,California
Sutter,2021-01-09,46,2106,43,1289,3,817,0,0,5,1955,41,75,5,2030,California
Sutter,2021-01-10,394,2500,37,1326,357,1174,0,0,356,2274,37,112,356,2386,California
Sutter,2021-01-11,132,2632,115,1441,17,1191,0,0,25,2192,107,219,25,2411,California
Sutter,2021-01-12,201,2833,165,1606,36,1227,0,0,57,2105,144,363,57,2468,California
Sutter,2021-01-13,163,2996,99,1705,64,1291,0,0,73,2089,89,452,73,2541,California
Sutter,2021-01-14,148,3144,52,1757,96,1387,0,0,128,2197,20,472,128,2669,California
Sutter,2021-01-15,435,3579,130,1887,305,1692,0,0,421,2604,14,486,421,3090,California
Sutter,2021-01-16,385,3964,41,1928,344,2036,0,0,354,2928,30,516,354,3444,California
Sutter,2021-01-17,26,3990,24,1952,2,2038,0,0,10,2922,16,532,10,3454,California
Sutter,2021-01-18,117,4107,62,2014,55,2093,0,0,69,2943,48,580,69,3523,California
Sutter,2021-01-19,109,4216,43,2057,66,2159,0,0,84,3002,25,605,84,3607,California
Sutter,2021-01-20,274,4490,209,2266,65,2224,0,0,252,3232,22,627,252,3859,California
Sutter,2021-01-21,524,5014,353,2619,171,2395,0,0,506,3720,18,645,506,4365,California
Sutter,2021-01-22,239,5253,51,2670,188,2583,0,0,230,3941,9,654,230,4595,California
Sutter,2021-01-23,398,5651,39,2709,359,2942,0,0,372,4287,26,680,372,4967,California
Sutter,2021-01-24,17,5668,15,2724,2,2944,0,0,15,4300,2,682,15,4982,California
Sutter,2021-01-25,305,5973,195,2919,110,3054,0,0,149,4295,155,837,150,5132,California
Sutter,2021-01-26,252,6225,110,3029,142,3196,0,0,145,4334,106,943,145,5277,California
Sutter,2021-01-27,389,6614,257,3286,132,3328,0,0,320,4585,69,1012,320,5597,California
Sutter,2021-01-28,585,7199,360,3646,225,3553,0,0,410,4822,173,1185,410,6007,California
Sutter,2021-01-29,365,7564,88,3734,277,3830,0,0,243,4943,122,1307,243,6250,California
Sutter,2021-01-30,774,8338,38,3772,736,4566,0,0,763,5695,11,1318,763,7013,California
Sutter,2021-01-31,28,8366,27,3799,1,4567,0,0,28,5723,0,1318,28,7041,California
Sutter,2021-02-01,172,8538,53,3852,119,4686,0,0,140,5832,31,1349,140,7181,California
Sutter,2021-02-02,248,8786,28,3880,220,4906,0,0,214,6012,34,1383,214,7395,California
Sutter,2021-02-03,447,9233,39,3919,408,5314,0,0,210,5986,236,1619,210,7605,California
Sutter,2021-02-04,670,9903,365,4284,305,5619,0,0,619,6555,50,1669,619,8224,California
Sutter,2021-02-05,290,10193,34,4318,256,5875,0,0,136,6537,154,1823,136,8360,California
Sutter,2021-02-06,734,10927,28,4346,706,6581,0,0,712,7227,22,1845,712,9072,California
Sutter,2021-02-07,25,10952,21,4367,4,6585,0,0,21,7244,4,1849,21,9093,California
Sutter,2021-02-08,136,11088,31,4398,105,6690,0,0,98,7304,38,1887,98,9191,California
Sutter,2021-02-09,249,11337,46,4444,203,6893,0,0,188,7431,61,1948,188,9379,California
Sutter,2021-02-10,821,12158,385,4829,436,7329,0,0,178,6967,642,2590,178,9557,California
Sutter,2021-02-11,608,12766,275,5104,333,7662,0,0,316,6991,292,2882,316,9873,California
Sutter,2021-02-12,638,13404,69,5173,569,8231,0,0,312,6978,325,3207,312,10185,California
Sutter,2021-02-13,904,14308,48,5221,856,9087,0,0,785,7644,119,3326,785,10970,California
Sutter,2021-02-14,90,14398,25,5246,65,9152,0,0,79,7712,11,3337,79,11049,California
Sutter,2021-02-15,201,14599,72,5318,129,9281,0,0,122,7755,79,3416,122,11171,California
Sutter,2021-02-16,290,14889,44,5362,246,9527,0,0,204,7875,84,3500,204,11375,California
Sutter,2021-02-17,837,15726,435,5797,402,9929,0,0,136,7311,700,4200,136,11511,California
Sutter,2021-02-18,719,16445,59,5856,660,10589,0,0,502,7598,215,4415,502,12013,California
Sutter,2021-02-19,669,17114,378,6234,291,10880,0,0,464,7860,202,4617,464,12477,California
Sutter,2021-02-20,629,17743,56,6290,573,11453,0,0,520,8272,108,4725,520,12997,California
Sutter,2021-02-21,29,17772,28,6318,1,11454,0,0,7,8257,22,4747,7,13004,California
Sutter,2021-02-22,216,17988,126,6444,90,11544,0,0,86,8214,129,4876,86,13090,California
Sutter,2021-02-23,245,18233,36,6480,209,11753,0,0,108,8187,135,5011,108,13198,California
Sutter,2021-02-24,1024,19257,377,6857,647,12400,0,0,201,7567,821,5832,201,13399,California
Sutter,2021-02-25,854,20111,538,7395,316,12716,0,0,650,8017,200,6032,650,14049,California
Sutter,2021-02-26,399,20510,62,7457,337,13053,0,0,167,7956,228,6260,167,14216,California
Sutter,2021-02-27,867,21377,47,7504,820,13873,0,0,712,8511,157,6417,712,14928,California
Sutter,2021-02-28,89,21466,43,7547,46,13919,0,0,68,8559,20,6437,68,14996,California
Sutter,2021-03-01,251,21717,62,7609,189,14108,0,0,150,8608,101,6538,150,15146,California
Sutter,2021-03-02,342,22059,59,7668,283,14391,0,0,164,8597,175,6713,164,15310,California
Sutter,2021-03-03,1401,23460,531,8199,870,15261,0,0,660,8524,733,7446,660,15970,California
Sutter,2021-03-04,1258,24718,864,9063,394,15655,0,0,947,9164,307,7753,947,16917,California
Sutter,2021-03-05,341,25059,80,9143,260,15915,1,1,208,9240,133,7886,209,17126,California
Sutter,2021-03-06,1028,26087,46,9189,977,16892,5,6,859,9937,167,8053,864,17990,California
Sutter,2021-03-07,69,26156,23,9212,45,16937,1,7,46,9962,22,8075,47,18037,California
Sutter,2021-03-08,235,26391,81,9293,142,17079,12,19,164,10067,71,8146,176,18213,California
Sutter,2021-03-09,394,26785,138,9431,244,17323,12,31,188,10061,206,8352,200,18413,California
Sutter,2021-03-10,1573,28358,678,10109,834,18157,61,92,525,9607,1040,9392,586,18999,California
Sutter,2021-03-11,903,29261,439,10548,445,18602,19,111,652,10031,247,9639,671,19670,California
Sutter,2021-03-12,680,29941,111,10659,389,18991,180,291,203,9938,473,10112,380,20050,California
Sutter,2021-03-13,991,30932,749,11408,223,19214,19,310,778,10524,210,10322,796,20846,California
Sutter,2021-03-14,132,31064,22,11430,99,19313,11,321,45,10493,87,10409,56,20902,California
Sutter,2021-03-15,326,31390,67,11497,210,19523,49,370,155,10528,169,10578,204,21106,California
Sutter,2021-03-16,391,31781,86,11583,258,19781,47,417,212,10607,179,10757,258,21364,California
Sutter,2021-03-17,1499,33280,563,12146,914,20695,22,439,274,9692,1210,11967,295,21659,California
Sutter,2021-03-18,978,34258,183,12329,591,21286,204,643,568,10058,404,12371,770,22429,California
Sutter,2021-03-19,463,34721,166,12495,268,21554,29,672,280,10186,181,12552,309,22738,California
Sutter,2021-03-20,950,35671,118,12613,821,22375,11,683,857,10963,91,12643,868,23606,California
Sutter,2021-03-21,68,35739,47,12660,18,22393,3,686,32,10962,36,12679,35,23641,California
Sutter,2021-03-22,290,36029,120,12780,144,22537,26,712,210,11121,77,12756,236,23877,California
Sutter,2021-03-23,378,36407,114,12894,231,22768,33,745,246,11269,130,12886,278,24155,California
Sutter,2021-03-24,1686,38093,774,13668,843,23611,69,814,309,10287,1360,14246,378,24533,California
Sutter,2021-03-25,1043,39136,679,14347,321,23932,43,857,360,10012,678,14924,403,24936,California
Sutter,2021-03-26,498,39634,176,14523,305,24237,17,874,286,10110,205,15129,303,25239,California
Sutter,2021-03-27,928,40562,63,14586,863,25100,2,876,810,10809,113,15242,812,26051,California
Sutter,2021-03-28,125,40687,72,14658,53,25153,0,876,77,10840,46,15288,77,26128,California
Sutter,2021-03-29,426,41113,142,14800,228,25381,56,932,221,10914,203,15491,277,26405,California
Sutter,2021-03-30,481,41594,160,14960,311,25692,10,942,317,11078,163,15654,327,26732,California
Sutter,2021-03-31,1256,42850,177,15137,1063,26755,16,958,441,10732,802,16456,456,27188,California
Sutter,2021-04-01,1385,44235,740,15877,460,27215,185,1143,428,10398,946,17402,612,27800,California
Sutter,2021-04-02,516,44751,101,15978,297,27512,118,1261,202,10404,310,17712,316,28116,California
Sutter,2021-04-03,913,45664,78,16056,213,27725,622,1883,122,10363,784,18496,743,28859,California
Sutter,2021-04-04,118,45782,22,16078,90,27815,6,1889,54,10360,63,18559,60,28919,California
Sutter,2021-04-05,372,46154,144,16222,191,28006,37,1926,172,10372,197,18756,209,29128,California
Sutter,2021-04-06,510,46664,198,16420,256,28262,56,1982,269,10458,239,18995,325,29453,California
Sutter,2021-04-07,1480,48144,885,17305,520,28782,75,2057,601,10268,866,19861,676,30129,California
Sutter,2021-04-08,1061,49205,584,17889,362,29144,115,2172,572,10470,482,20343,684,30813,California
Sutter,2021-04-09,571,49776,250,18139,256,29400,65,2237,236,10441,330,20673,301,31114,California
Sutter,2021-04-10,831,50607,112,18251,89,29489,630,2867,111,10458,714,21387,731,31845,California
Sutter,2021-04-11,121,50728,34,18285,40,29529,47,2914,38,10459,82,21469,83,31928,California
Sutter,2021-04-12,344,51072,95,18380,195,29724,54,2968,135,10440,208,21677,189,32117,California
Sutter,2021-04-13,430,51502,125,18505,305,30029,0,2968,211,10434,217,21894,211,32328,California
Sutter,2021-04-14,1326,52828,162,18667,1163,31192,1,2969,224,9566,1093,22987,225,32553,California
Sutter,2021-04-15,541,53369,174,18841,367,31559,0,2969,217,9463,320,23307,217,32770,California
Sutter,2021-04-16,409,53778,129,18970,280,31839,0,2969,189,9434,218,23525,189,32959,California
Sutter,2021-04-17,580,54358,83,19053,497,32336,0,2969,508,9871,71,23596,508,33467,California
Sutter,2021-04-18,92,54450,33,19086,59,32395,0,2969,58,9897,32,23628,58,33525,California
Sutter,2021-04-19,295,54745,113,19199,182,32577,0,2969,122,9849,170,23798,122,33647,California
Sutter,2021-04-20,465,55210,182,19381,283,32860,0,2969,224,9835,238,24036,224,33871,California
Sutter,2021-04-21,1312,56522,502,19883,810,33670,0,2969,514,9565,784,24820,514,34385,California
Sutter,2021-04-22,530,57052,195,20078,335,34005,0,2969,259,9556,268,25088,259,34644,California
Sutter,2021-04-23,438,57490,154,20232,284,34289,0,2969,200,9522,234,25322,200,34844,California
Sutter,2021-04-24,325,57815,106,20338,218,34507,1,2970,184,9566,140,25462,184,35028,California
Sutter,2021-04-25,158,57973,75,20413,83,34590,0,2970,86,9582,70,25532,86,35114,California
Sutter,2021-04-26,322,58295,107,20520,213,34803,2,2972,136,9536,184,25716,138,35252,California
Sutter,2021-04-27,557,58852,284,20804,269,35072,4,2976,255,9497,298,26014,259,35511,California
Sutter,2021-04-28,860,59712,386,21190,466,35538,8,2984,284,9220,569,26583,292,35803,California
Sutter,2021-04-29,807,60519,167,21357,639,36177,1,2985,325,9070,476,27059,326,36129,California
Sutter,2021-04-30,394,60913,143,21500,238,36415,13,2998,173,9038,217,27276,185,36314,California
Sutter,2021-05-01,301,61214,109,21609,151,36566,41,3039,130,9041,168,27444,171,36485,California
Sutter,2021-05-02,80,61294,53,21662,25,36591,2,3041,45,9053,35,27479,47,36532,California
Sutter,2021-05-03,217,61511,109,21771,99,36690,9,3050,89,9023,128,27607,98,36630,California
Sutter,2021-05-04,558,62069,254,22025,240,36930,64,3114,228,8988,326,27933,291,36921,California
Sutter,2021-05-05,565,62634,174,22199,383,37313,8,3122,165,8767,394,28327,173,37094,California
Sutter,2021-05-06,438,63072,234,22433,183,37496,21,3143,198,8746,239,28566,218,37312,California
Sutter,2021-05-07,426,63498,160,22593,244,37740,22,3165,162,8672,258,28824,184,37496,California
Sutter,2021-05-08,241,63739,95,22688,140,37880,6,3171,115,8667,126,28950,121,37617,California
Sutter,2021-05-09,107,63846,79,22767,23,37903,5,3176,62,8689,45,28995,67,37684,California
Sutter,2021-05-10,192,64038,44,22811,130,38033,18,3194,50,8616,141,29136,68,37752,California
Sutter,2021-05-11,473,64511,238,23049,214,38247,21,3215,192,8551,276,29412,211,37963,California
Sutter,2021-05-12,466,64977,262,23311,193,38440,11,3226,157,8414,305,29717,168,38131,California
Sutter,2021-05-13,490,65467,262,23573,206,38646,22,3248,189,8325,300,30017,211,38342,California
Sutter,2021-05-14,443,65910,189,23762,238,38884,16,3264,205,8313,233,30250,221,38563,California
Sutter,2021-05-15,848,66758,316,24078,501,39385,31,3295,309,8116,537,30787,340,38903,California
Sutter,2021-05-16,173,66931,118,24196,47,39432,8,3303,93,8138,79,30866,101,39004,California
Sutter,2021-05-17,290,67221,116,24312,160,39592,14,3317,148,8161,139,31005,162,39166,California
Sutter,2021-05-18,553,67774,313,24625,236,39828,4,3321,300,8216,249,31254,304,39470,California
Sutter,2021-05-19,463,68237,264,24889,192,40020,7,3328,223,8209,237,31491,230,39700,California
Sutter,2021-05-20,460,68697,238,25127,210,40230,12,3340,214,8193,242,31733,226,39926,California
Sutter,2021-05-21,488,69185,220,25347,256,40486,12,3352,211,8140,275,32008,222,40148,California
Sutter,2021-05-22,372,69557,207,25554,162,40648,3,3355,186,8147,181,32189,188,40336,California
Sutter,2021-05-23,191,69748,95,25649,87,40735,9,3364,92,8155,93,32282,101,40437,California
Sutter,2021-05-24,240,69988,91,25740,126,40861,23,3387,96,8133,141,32423,119,40556,California
Sutter,2021-05-25,399,70387,196,25936,191,41052,12,3399,165,8081,229,32652,177,40733,California
Sutter,2021-05-26,322,70709,157,26093,156,41208,9,3408,112,7996,206,32858,121,40854,California
Sutter,2021-05-27,434,71143,117,26210,298,41506,19,3427,121,7828,308,33166,140,40994,California
Sutter,2021-05-28,340,71483,165,26375,158,41664,17,3444,168,7848,165,33331,185,41179,California
Sutter,2021-05-29,255,71738,121,26496,119,41783,15,3459,132,7877,118,33449,147,41326,California
Sutter,2021-05-30,84,71822,61,26557,20,41803,3,3462,39,7876,43,33492,42,41368,California
Sutter,2021-05-31,21,71843,3,26560,14,41817,4,3466,7,7873,14,33506,11,41379,California
Sutter,2021-06-01,311,72154,134,26694,169,41986,8,3474,114,7800,195,33701,122,41501,California
Sutter,2021-06-02,283,72437,120,26814,157,42143,6,3480,97,7723,180,33881,103,41604,California
Sutter,2021-06-03,343,72780,224,27038,109,42252,10,3490,116,7628,221,34102,126,41730,California
Sutter,2021-06-04,342,73122,198,27236,137,42389,7,3497,119,7536,218,34320,126,41856,California
Sutter,2021-06-05,440,73562,369,27605,67,42456,4,3501,154,7413,281,34601,158,42014,California
Sutter,2021-06-06,134,73696,115,27720,16,42472,3,3504,44,7372,88,34689,47,42061,California
Sutter,2021-06-07,165,73861,107,27827,49,42521,9,3513,58,7333,106,34795,67,42128,California
Sutter,2021-06-08,366,74227,206,28033,148,42669,12,3525,158,7294,209,35004,170,42298,California
Sutter,2021-06-09,369,74596,235,28268,129,42798,5,3530,128,7189,238,35242,133,42431,California
Sutter,2021-06-10,387,74983,277,28545,100,42898,10,3540,153,7122,230,35472,163,42594,California
Sutter,2021-06-11,338,75321,216,28761,116,43014,6,3546,114,7022,219,35691,119,42713,California
Sutter,2021-06-12,246,75567,172,28933,59,43073,15,3561,71,6933,175,35866,86,42799,California
Sutter,2021-06-13,83,75650,65,28998,17,43090,1,3562,22,6896,60,35926,23,42822,California
Sutter,2021-06-14,188,75838,110,29108,67,43157,11,3573,73,6866,114,36040,84,42906,California
Sutter,2021-06-15,285,76123,154,29262,118,43275,13,3586,101,6798,182,36222,114,43020,California
Sutter,2021-06-16,221,76344,142,29404,70,43345,9,3595,107,6800,114,36336,116,43136,California
Sutter,2021-06-17,283,76627,173,29577,104,43449,6,3601,123,6771,158,36494,129,43265,California
Sutter,2021-06-18,266,76893,171,29748,80,43529,15,3616,94,6711,169,36663,109,43374,California
Sutter,2021-06-19,208,77101,139,29887,65,43594,4,3620,59,6627,147,36810,63,43437,California
Sutter,2021-06-20,70,77171,49,29936,19,43613,2,3622,31,6621,39,36849,33,43470,California
Sutter,2021-06-21,113,77284,54,29990,47,43660,12,3634,51,6624,60,36909,63,43533,California
Sutter,2021-06-22,222,77506,128,30118,91,43751,3,3637,86,6579,134,37043,89,43622,California
Sutter,2021-06-23,185,77691,108,30226,69,43820,8,3645,77,6555,108,37151,84,43706,California
Sutter,2021-06-24,239,77930,161,30387,67,43887,11,3656,103,6533,136,37287,114,43820,California
Sutter,2021-06-25,224,78154,145,30532,73,43960,6,3662,88,6495,132,37419,94,43914,California
Sutter,2021-06-26,220,78374,178,30710,36,43996,6,3668,76,6436,142,37561,83,43997,California
Sutter,2021-06-27,78,78452,65,30775,12,44008,1,3669,28,6416,49,37610,29,44026,California
Sutter,2021-06-28,121,78573,75,30850,40,44048,6,3675,61,6424,59,37669,67,44093,California
Sutter,2021-06-29,232,78805,152,31002,70,44118,10,3685,81,6366,149,37818,91,44184,California
Sutter,2021-06-30,178,78983,113,31115,56,44174,9,3694,73,6347,101,37919,82,44266,California
Sutter,2021-07-01,206,79189,174,31289,25,44199,7,3701,76,6300,129,38048,82,44348,California
Sutter,2021-07-02,196,79385,130,31419,54,44253,12,3713,93,6309,96,38144,105,44453,California
Sutter,2021-07-03,115,79500,88,31507,24,44277,3,3716,40,6283,69,38213,43,44496,California
Sutter,2021-07-04,6,79506,3,31510,3,44280,0,3716,2,6282,3,38216,2,44498,California
Sutter,2021-07-05,87,79593,58,31568,19,44299,10,3726,40,6285,46,38262,49,44547,California
Sutter,2021-07-06,229,79822,136,31704,72,44371,21,3747,77,6233,150,38412,98,44645,California
Sutter,2021-07-07,191,80013,108,31812,75,44446,8,3755,64,6180,125,38537,72,44717,California
Sutter,2021-07-08,216,80229,135,31947,75,44521,6,3761,77,6126,137,38674,83,44800,California
Sutter,2021-07-09,110,80339,67,32014,39,44560,4,3765,51,6125,56,38730,55,44855,California
Tehama,2020-12-15,1,1,1,1,0,0,0,0,1,1,0,0,1,1,California
Tehama,2020-12-16,2,3,2,3,0,0,0,0,2,3,0,0,2,3,California
Tehama,2020-12-17,12,15,12,15,0,0,0,0,12,15,0,0,12,15,California
Tehama,2020-12-18,2,17,2,17,0,0,0,0,3,18,0,0,3,18,California
Tehama,2020-12-21,33,50,33,50,0,0,0,0,33,51,0,0,33,51,California
Tehama,2020-12-22,70,120,64,114,6,6,0,0,70,121,0,0,70,121,California
Tehama,2020-12-23,48,168,40,154,8,14,0,0,48,169,0,0,48,169,California
Tehama,2020-12-24,5,173,3,157,2,16,0,0,5,174,0,0,5,174,California
Tehama,2020-12-26,3,176,2,159,1,17,0,0,3,177,0,0,3,177,California
Tehama,2020-12-27,2,178,2,161,0,17,0,0,2,179,0,0,2,179,California
Tehama,2020-12-28,56,234,43,204,13,30,0,0,56,235,0,0,56,235,California
Tehama,2020-12-29,31,265,31,235,0,30,0,0,31,266,0,0,31,266,California
Tehama,2020-12-30,55,320,39,274,16,46,0,0,54,320,0,0,54,320,California
Tehama,2020-12-31,14,334,4,278,10,56,0,0,14,334,0,0,14,334,California
Tehama,2021-01-01,3,337,0,278,3,59,0,0,3,337,0,0,3,337,California
Tehama,2021-01-04,32,369,9,287,23,82,0,0,32,369,0,0,32,369,California
Tehama,2021-01-05,70,439,43,330,27,109,0,0,67,433,3,3,67,436,California
Tehama,2021-01-06,72,511,21,351,51,160,0,0,63,488,8,11,63,499,California
Tehama,2021-01-07,57,568,7,358,50,210,0,0,56,543,1,12,56,555,California
Tehama,2021-01-08,34,602,25,383,9,219,0,0,29,567,5,17,29,584,California
Tehama,2021-01-09,7,609,5,388,2,221,0,0,5,570,2,19,5,589,California
Tehama,2021-01-10,1,610,0,388,1,222,0,0,1,571,0,19,1,590,California
Tehama,2021-01-11,49,659,47,435,2,224,0,0,15,552,34,53,15,605,California
Tehama,2021-01-12,132,791,112,547,20,244,0,0,86,592,46,99,86,691,California
Tehama,2021-01-13,73,864,55,602,18,262,0,0,27,573,46,145,27,718,California
Tehama,2021-01-14,224,1088,51,653,173,435,0,0,222,793,2,147,222,940,California
Tehama,2021-01-15,250,1338,75,728,175,610,0,0,246,1035,4,151,246,1186,California
Tehama,2021-01-16,264,1602,19,747,245,855,0,0,261,1293,3,154,261,1447,California
Tehama,2021-01-17,7,1609,3,750,4,859,0,0,4,1294,3,157,4,1451,California
Tehama,2021-01-18,12,1621,7,757,5,864,0,0,7,1296,5,162,7,1458,California
Tehama,2021-01-19,295,1916,68,825,227,1091,0,0,240,1481,55,217,240,1698,California
Tehama,2021-01-20,303,2219,87,912,216,1307,0,0,253,1685,49,266,253,1951,California
Tehama,2021-01-21,214,2433,11,923,203,1510,0,0,204,1879,10,276,204,2155,California
Tehama,2021-01-22,224,2657,21,944,203,1713,0,0,221,2097,3,279,221,2376,California
Tehama,2021-01-23,257,2914,7,951,250,1963,0,0,256,2352,1,280,256,2632,California
Tehama,2021-01-24,2,2916,1,952,1,1964,0,0,2,2354,0,280,2,2634,California
Tehama,2021-01-25,32,2948,15,967,17,1981,0,0,14,2350,18,298,14,2648,California
Tehama,2021-01-26,322,3270,42,1009,280,2261,0,0,285,2598,37,335,285,2933,California
Tehama,2021-01-27,300,3570,21,1030,279,2540,0,0,280,2858,20,355,280,3213,California
Tehama,2021-01-28,343,3913,31,1061,312,2852,0,0,328,3171,15,370,328,3541,California
Tehama,2021-01-29,324,4237,20,1081,304,3156,0,0,306,3459,18,388,306,3847,California
Tehama,2021-01-30,102,4339,2,1083,100,3256,0,0,101,3559,1,389,101,3948,California
Tehama,2021-01-31,1,4340,0,1083,1,3257,0,0,1,3560,0,389,1,3949,California
Tehama,2021-02-01,80,4420,24,1107,56,3313,0,0,37,3554,43,432,37,3986,California
Tehama,2021-02-02,362,4782,65,1172,297,3610,0,0,263,3718,99,531,263,4249,California
Tehama,2021-02-03,409,5191,10,1182,399,4009,0,0,363,4035,46,577,363,4612,California
Tehama,2021-02-04,506,5697,99,1281,407,4416,0,0,424,4378,82,659,425,5037,California
Tehama,2021-02-05,180,5877,74,1355,106,4522,0,0,118,4434,62,721,118,5155,California
Tehama,2021-02-06,29,5906,14,1369,15,4537,0,0,17,4439,12,733,17,5172,California
Tehama,2021-02-07,6,5912,5,1374,1,4538,0,0,2,4438,3,736,2,5174,California
Tehama,2021-02-08,35,5947,13,1387,22,4560,0,0,26,4455,9,745,26,5200,California
Tehama,2021-02-09,78,6025,38,1425,40,4600,0,0,40,4457,38,783,40,5240,California
Tehama,2021-02-10,232,6257,63,1488,169,4769,0,0,156,4537,76,859,156,5396,California
Tehama,2021-02-11,220,6477,15,1503,205,4974,0,0,82,4483,136,995,82,5478,California
Tehama,2021-02-12,362,6839,65,1568,297,5271,0,0,170,4461,192,1187,170,5648,California
Tehama,2021-02-13,385,7224,14,1582,371,5642,0,0,145,4366,240,1427,145,5793,California
Tehama,2021-02-14,38,7262,2,1584,36,5678,0,0,36,4400,2,1429,36,5829,California
Tehama,2021-02-15,53,7315,10,1594,43,5721,0,0,47,4441,6,1435,47,5876,California
Tehama,2021-02-16,249,7564,16,1610,233,5954,0,0,64,4320,185,1620,64,5940,California
Tehama,2021-02-17,284,7848,12,1622,272,6226,0,0,54,4144,230,1850,54,5994,California
Tehama,2021-02-18,371,8219,32,1654,339,6565,0,0,145,4063,226,2076,145,6139,California
Tehama,2021-02-19,215,8434,18,1672,197,6762,0,0,43,3934,172,2248,43,6182,California
Tehama,2021-02-20,271,8705,7,1679,264,7026,0,0,27,3717,244,2492,27,6209,California
Tehama,2021-02-21,2,8707,1,1680,1,7027,0,0,1,3717,1,2493,1,6210,California
Tehama,2021-02-22,40,8747,16,1696,24,7051,0,0,28,3733,12,2505,28,6238,California
Tehama,2021-02-23,74,8821,22,1718,52,7103,0,0,29,3717,45,2550,29,6267,California
Tehama,2021-02-24,304,9125,13,1731,291,7394,0,0,29,3471,275,2825,29,6296,California
Tehama,2021-02-25,386,9511,65,1796,321,7715,0,0,42,3169,344,3169,42,6338,California
Tehama,2021-02-26,463,9974,19,1815,444,8159,0,0,71,2848,392,3561,71,6409,California
Tehama,2021-02-27,296,10270,5,1820,291,8450,0,0,34,2620,262,3823,34,6443,California
Tehama,2021-02-28,23,10293,2,1822,21,8471,0,0,20,2637,3,3826,20,6463,California
Tehama,2021-03-01,67,10360,8,1830,59,8530,0,0,32,2634,35,3861,32,6495,California
Tehama,2021-03-02,157,10517,18,1848,139,8669,0,0,32,2541,125,3986,32,6527,California
Tehama,2021-03-03,169,10686,33,1881,136,8805,0,0,51,2474,118,4104,51,6578,California
Tehama,2021-03-04,666,11352,39,1920,627,9432,0,0,223,2259,438,4542,223,6801,California
Tehama,2021-03-05,405,11757,20,1940,385,9817,0,0,213,2281,191,4733,213,7014,California
Tehama,2021-03-06,307,12064,16,1956,291,10108,0,0,80,2136,226,4959,81,7095,California
Tehama,2021-03-07,6,12070,1,1957,5,10113,0,0,3,2137,2,4961,3,7098,California
Tehama,2021-03-08,58,12128,12,1969,31,10144,15,15,27,2149,30,4991,42,7140,California
Tehama,2021-03-09,366,12494,7,1976,340,10484,19,34,311,2424,55,5046,330,7470,California
Tehama,2021-03-10,356,12850,17,1993,318,10802,21,55,73,2236,282,5328,94,7564,California
Tehama,2021-03-11,496,13346,18,2011,429,11231,49,104,348,2485,148,5476,397,7961,California
Tehama,2021-03-12,307,13653,20,2031,222,11453,65,169,179,2603,127,5603,245,8206,California
Tehama,2021-03-13,49,13702,8,2039,34,11487,7,176,6,2573,43,5646,13,8219,California
Tehama,2021-03-14,53,13755,3,2042,40,11527,10,186,9,2548,44,5690,19,8238,California
Tehama,2021-03-15,155,13910,22,2064,113,11640,20,206,85,2583,70,5760,105,8343,California
Tehama,2021-03-16,418,14328,14,2078,366,12006,38,244,313,2830,104,5864,351,8694,California
Tehama,2021-03-17,435,14763,22,2100,381,12387,32,276,351,3131,82,5946,383,9077,California
Tehama,2021-03-18,486,15249,26,2126,436,12823,24,300,307,3285,177,6123,331,9408,California
Tehama,2021-03-19,318,15567,22,2148,283,13106,13,313,276,3532,42,6165,289,9697,California
Tehama,2021-03-20,41,15608,8,2156,31,13137,2,315,29,3551,12,6177,31,9728,California
Tehama,2021-03-21,12,15620,5,2161,7,13144,0,315,12,3563,0,6177,12,9740,California
Tehama,2021-03-22,92,15712,8,2169,67,13211,17,332,50,3588,42,6219,67,9807,California
Tehama,2021-03-23,87,15799,28,2197,53,13264,6,338,69,3645,18,6237,75,9882,California
Tehama,2021-03-24,85,15884,16,2213,67,13331,2,340,54,3670,31,6268,56,9938,California
Tehama,2021-03-25,540,16424,364,2577,163,13494,13,353,483,4110,56,6324,496,10434,California
Tehama,2021-03-26,514,16938,403,2980,99,13593,12,365,434,4479,77,6401,446,10880,California
Tehama,2021-03-27,452,17390,356,3336,71,13664,25,390,383,4819,68,6469,408,11288,California
Tehama,2021-03-28,31,17421,10,3346,21,13685,0,390,19,4826,12,6481,19,11307,California
Tehama,2021-03-29,127,17548,32,3378,95,13780,0,390,80,4859,47,6528,80,11387,California
Tehama,2021-03-30,373,17921,221,3599,150,13930,2,392,252,4992,121,6649,254,11641,California
Tehama,2021-03-31,401,18322,298,3897,100,14030,3,395,328,5250,72,6721,330,11971,California
Tehama,2021-04-01,528,18850,246,4143,276,14306,6,401,395,5519,132,6853,401,12372,California
Tehama,2021-04-02,458,19308,216,4359,237,14543,5,406,273,5611,185,7038,277,12649,California
Tehama,2021-04-03,64,19372,5,4364,54,14597,5,411,32,5616,32,7070,37,12686,California
Tehama,2021-04-04,34,19406,7,4371,26,14623,1,412,23,5629,11,7081,24,12710,California
Tehama,2021-04-05,116,19522,21,4392,67,14690,28,440,59,5659,57,7138,87,12797,California
Tehama,2021-04-06,493,20015,109,4501,333,15023,51,491,137,5491,356,7494,188,12985,California
Tehama,2021-04-07,417,20432,284,4785,90,15113,43,534,304,5725,112,7606,346,13331,California
Tehama,2021-04-08,608,21040,174,4959,394,15507,40,574,230,5618,377,7983,270,13601,California
Tehama,2021-04-09,432,21472,194,5153,204,15711,34,608,216,5653,215,8198,250,13851,California
Tehama,2021-04-10,79,21551,9,5162,38,15749,32,640,40,5686,39,8237,72,13923,California
Tehama,2021-04-11,33,21584,7,5169,15,15764,11,651,8,5680,25,8262,19,13942,California
Tehama,2021-04-12,113,21697,6,5175,88,15852,19,670,40,5666,73,8335,59,14001,California
Tehama,2021-04-13,390,22087,66,5241,324,16176,0,670,67,5410,323,8658,67,14068,California
Tehama,2021-04-14,409,22496,54,5295,355,16531,0,670,51,5105,356,9014,51,14119,California
Tehama,2021-04-15,520,23016,193,5488,327,16858,0,670,81,4748,438,9452,81,14200,California
Tehama,2021-04-16,598,23614,342,5830,256,17114,0,670,75,4300,523,9975,75,14275,California
Tehama,2021-04-17,349,23963,269,6099,80,17194,0,670,41,4035,307,10282,42,14317,California
Tehama,2021-04-18,17,23980,3,6102,14,17208,0,670,14,4046,3,10285,14,14331,California
Tehama,2021-04-19,98,24078,8,6110,90,17298,0,670,42,4032,56,10341,42,14373,California
Tehama,2021-04-20,528,24606,436,6546,92,17390,0,670,152,3812,374,10715,154,14527,California
Tehama,2021-04-21,512,25118,434,6980,78,17468,0,670,170,3642,340,11055,170,14697,California
Tehama,2021-04-22,526,25644,366,7346,160,17628,0,670,158,3435,365,11420,158,14855,California
Tehama,2021-04-23,455,26099,351,7697,104,17732,0,670,204,3390,250,11670,205,15060,California
Tehama,2021-04-24,104,26203,18,7715,86,17818,0,670,27,3340,77,11747,27,15087,California
Tehama,2021-04-25,29,26232,18,7733,11,17829,0,670,9,3330,19,11766,9,15096,California
Tehama,2021-04-26,86,26318,12,7745,74,17903,0,670,47,3338,39,11805,47,15143,California
Tehama,2021-04-27,257,26575,209,7954,47,17950,1,671,95,3272,162,11967,96,15239,California
Tehama,2021-04-28,404,26979,324,8278,63,18013,17,688,70,3025,334,12301,87,15326,California
Tehama,2021-04-29,359,27338,172,8450,181,18194,6,694,72,2817,286,12587,78,15404,California
Tehama,2021-04-30,327,27665,240,8690,81,18275,6,700,113,2722,214,12801,119,15523,California
Tehama,2021-05-01,74,27739,4,8694,67,18342,3,703,16,2683,58,12859,19,15542,California
Tehama,2021-05-02,44,27783,22,8716,10,18352,12,715,24,2699,20,12879,36,15578,California
Tehama,2021-05-03,118,27901,40,8756,70,18422,8,723,64,2717,54,12933,72,15650,California
Tehama,2021-05-04,165,28066,60,8816,98,18520,7,730,71,2701,94,13027,78,15728,California
Tehama,2021-05-05,97,28163,26,8842,61,18581,10,740,45,2704,52,13079,55,15783,California
Tehama,2021-05-06,169,28332,94,8936,60,18641,15,755,103,2756,66,13145,118,15901,California
Tehama,2021-05-07,178,28510,73,9009,94,18735,11,766,52,2695,124,13269,63,15964,California
Tehama,2021-05-08,50,28560,6,9015,43,18778,1,767,14,2674,36,13305,15,15979,California
Tehama,2021-05-09,17,28577,4,9019,13,18791,0,767,7,2671,10,13315,7,15986,California
Tehama,2021-05-10,80,28657,8,9027,66,18857,6,773,39,2675,40,13355,44,16030,California
Tehama,2021-05-11,176,28833,117,9144,49,18906,10,783,37,2583,139,13494,47,16077,California
Tehama,2021-05-12,213,29046,133,9277,69,18975,11,794,48,2477,165,13659,59,16136,California
Tehama,2021-05-13,249,29295,168,9445,73,19048,8,802,114,2465,134,13793,122,16258,California
Tehama,2021-05-14,248,29543,134,9579,93,19141,21,823,59,2357,188,13981,80,16338,California
Tehama,2021-05-15,225,29768,135,9714,54,19195,36,859,161,2491,63,14044,197,16535,California
Tehama,2021-05-16,27,29795,7,9721,17,19212,3,862,15,2497,12,14056,18,16553,California
Tehama,2021-05-17,113,29908,29,9750,69,19281,15,877,54,2508,58,14114,69,16622,California
Tehama,2021-05-18,152,30060,78,9828,59,19340,15,892,50,2472,101,14215,65,16687,California
Tehama,2021-05-19,127,30187,54,9882,63,19403,10,902,41,2437,86,14301,51,16738,California
Tehama,2021-05-20,334,30521,241,10123,70,19473,23,925,231,2589,102,14403,254,16992,California
Tehama,2021-05-21,223,30744,100,10223,110,19583,13,938,80,2541,141,14544,93,17085,California
Tehama,2021-05-22,66,30810,32,10255,30,19613,4,942,38,2555,28,14572,42,17127,California
Tehama,2021-05-23,51,30861,26,10281,14,19627,11,953,15,2545,36,14608,26,17153,California
Tehama,2021-05-24,99,30960,31,10312,60,19687,8,961,34,2522,65,14673,42,17195,California
Tehama,2021-05-25,76,31036,19,10331,49,19736,8,969,46,2546,29,14702,53,17248,California
Tehama,2021-05-26,79,31115,31,10362,45,19781,3,972,52,2574,27,14729,55,17303,California
Tehama,2021-05-27,156,31271,98,10460,54,19835,4,976,51,2526,103,14832,55,17358,California
Tehama,2021-05-28,136,31407,37,10497,92,19927,7,983,65,2528,70,14902,72,17430,California
Tehama,2021-05-29,53,31460,8,10505,40,19967,5,988,34,2548,19,14921,39,17469,California
Tehama,2021-05-30,15,31475,5,10510,9,19976,1,989,6,2546,9,14930,7,17476,California
Tehama,2021-05-31,18,31493,2,10512,15,19991,1,990,5,2539,13,14943,6,17482,California
Tehama,2021-06-01,100,31593,18,10530,64,20055,18,1008,32,2521,68,15011,50,17532,California
Tehama,2021-06-02,88,31681,30,10560,53,20108,5,1013,32,2502,56,15067,37,17569,California
Tehama,2021-06-03,135,31816,102,10662,22,20130,11,1024,29,2436,106,15173,40,17609,California
Tehama,2021-06-04,147,31963,38,10700,95,20225,14,1038,64,2430,82,15255,76,17685,California
Tehama,2021-06-05,159,32122,129,10829,22,20247,8,1046,32,2344,126,15381,40,17725,California
Tehama,2021-06-06,15,32137,7,10836,2,20249,6,1052,2,2339,12,15393,7,17732,California
Tehama,2021-06-07,70,32207,27,10863,41,20290,2,1054,20,2311,50,15443,22,17754,California
Tehama,2021-06-08,103,32310,34,10897,60,20350,9,1063,37,2292,65,15508,46,17800,California
Tehama,2021-06-09,87,32397,43,10940,42,20392,2,1065,43,2293,44,15552,45,17845,California
Tehama,2021-06-10,267,32664,216,11156,41,20433,10,1075,37,2111,229,15781,47,17892,California
Tehama,2021-06-11,149,32813,67,11223,73,20506,9,1084,55,2084,91,15872,64,17956,California
Tehama,2021-06-12,62,32875,39,11262,23,20529,0,1084,24,2070,38,15910,24,17980,California
Tehama,2021-06-13,22,32897,6,11268,10,20539,6,1090,5,2064,17,15927,11,17991,California
Tehama,2021-06-14,93,32990,16,11284,70,20609,7,1097,27,2032,66,15993,34,18025,California
Tehama,2021-06-15,96,33086,42,11326,39,20648,15,1112,37,2026,58,16051,52,18077,California
Tehama,2021-06-16,92,33178,61,11387,28,20676,3,1115,46,2029,46,16097,49,18126,California
Tehama,2021-06-17,152,33330,108,11495,29,20705,15,1130,87,2067,63,16160,101,18227,California
Tehama,2021-06-18,108,33438,42,11537,52,20757,14,1144,36,2045,72,16232,50,18277,California
Tehama,2021-06-19,40,33478,14,11551,21,20778,5,1149,17,2044,23,16255,22,18299,California
Tehama,2021-06-20,16,33494,5,11556,10,20788,1,1150,6,2041,10,16265,7,18306,California
Tehama,2021-06-21,64,33558,19,11575,37,20825,8,1158,23,2031,41,16306,31,18337,California
Tehama,2021-06-22,81,33639,25,11600,42,20867,14,1172,34,2033,46,16352,48,18385,California
Tehama,2021-06-23,95,33734,54,11654,37,20904,4,1176,46,2034,48,16400,49,18434,California
Tehama,2021-06-24,88,33822,42,11696,38,20942,8,1184,48,2050,40,16440,56,18490,California
Tehama,2021-06-25,138,33960,76,11772,55,20997,7,1191,61,2042,76,16516,68,18558,California
Tehama,2021-06-26,46,34006,23,11795,23,21020,0,1191,22,2040,24,16540,22,18580,California
Tehama,2021-06-27,8,34014,4,11799,3,21023,1,1192,5,2043,3,16543,6,18586,California
Tehama,2021-06-28,42,34056,16,11815,21,21044,5,1197,21,2048,21,16564,26,18612,California
Tehama,2021-06-29,64,34120,23,11838,37,21081,4,1201,33,2055,30,16594,37,18649,California
Tehama,2021-06-30,89,34209,67,11905,20,21101,2,1203,47,2062,42,16636,49,18698,California
Tehama,2021-07-01,61,34270,30,11935,28,21129,3,1206,38,2080,23,16659,41,18739,California
Tehama,2021-07-02,89,34359,47,11982,40,21169,2,1208,36,2065,53,16712,38,18777,California
Tehama,2021-07-03,36,34395,17,11999,17,21186,2,1210,13,2057,23,16735,15,18792,California
Tehama,2021-07-04,5,34400,5,12004,0,21186,0,1210,2,2056,3,16738,2,18794,California
Tehama,2021-07-05,29,34429,14,12018,13,21199,2,1212,13,2055,16,16754,15,18809,California
Tehama,2021-07-06,70,34499,33,12051,31,21230,6,1218,35,2061,35,16789,41,18850,California
Tehama,2021-07-07,86,34585,67,12118,17,21247,2,1220,37,2051,49,16838,39,18889,California
Tehama,2021-07-08,118,34703,79,12197,34,21281,5,1225,32,2002,86,16924,37,18926,California
Tehama,2021-07-09,66,34769,45,12242,17,21298,4,1229,27,1994,39,16963,31,18957,California
Trinity,2020-12-17,4,4,4,4,0,0,0,0,4,4,0,0,4,4,California
Trinity,2020-12-18,2,6,2,6,0,0,0,0,2,6,0,0,2,6,California
Trinity,2020-12-21,38,44,38,44,0,0,0,0,38,44,0,0,38,44,California
Trinity,2020-12-22,4,48,4,48,0,0,0,0,4,48,0,0,4,48,California
Trinity,2020-12-23,6,54,5,53,1,1,0,0,6,54,0,0,6,54,California
Trinity,2020-12-28,31,85,31,84,0,1,0,0,31,85,0,0,31,85,California
Trinity,2020-12-29,8,93,7,91,1,2,0,0,8,93,0,0,8,93,California
Trinity,2020-12-30,10,103,8,99,2,4,0,0,10,103,0,0,10,103,California
Trinity,2020-12-31,2,105,1,100,1,5,0,0,2,105,0,0,2,105,California
Trinity,2021-01-04,27,132,0,100,27,32,0,0,26,131,0,0,26,131,California
Trinity,2021-01-05,3,135,1,101,2,34,0,0,3,134,0,0,3,134,California
Trinity,2021-01-06,24,159,4,105,20,54,0,0,20,150,4,4,20,154,California
Trinity,2021-01-08,49,208,2,107,47,101,0,0,48,196,2,6,48,202,California
Trinity,2021-01-11,41,249,38,145,3,104,0,0,4,163,37,43,4,206,California
Trinity,2021-01-12,9,258,6,151,3,107,0,0,4,162,5,48,4,210,California
Trinity,2021-01-13,7,265,4,155,3,110,0,0,4,163,3,51,4,214,California
Trinity,2021-01-14,4,269,1,156,3,113,0,0,4,167,0,51,4,218,California
Trinity,2021-01-15,4,273,0,156,4,117,0,0,4,171,0,51,4,222,California
Trinity,2021-01-16,4,277,0,156,4,121,0,0,4,175,0,51,4,226,California
Trinity,2021-01-18,32,309,32,188,0,121,0,0,1,145,31,82,1,227,California
Trinity,2021-01-19,35,344,14,202,21,142,0,0,21,152,14,96,21,248,California
Trinity,2021-01-20,21,365,4,206,17,159,0,0,18,167,3,99,18,266,California
Trinity,2021-01-21,17,382,7,213,10,169,0,0,17,184,0,99,17,283,California
Trinity,2021-01-22,5,387,1,214,4,173,0,0,5,189,0,99,5,288,California
Trinity,2021-01-23,7,394,3,217,4,177,0,0,7,196,0,99,7,295,California
Trinity,2021-01-25,14,408,1,218,13,190,0,0,13,208,1,100,13,308,California
Trinity,2021-01-26,12,420,1,219,11,201,0,0,11,218,1,101,11,319,California
Trinity,2021-01-27,12,432,0,219,12,213,0,0,12,230,0,101,12,331,California
Trinity,2021-01-28,12,444,2,221,10,223,0,0,9,236,3,104,9,340,California
Trinity,2021-01-29,2,446,0,221,2,225,0,0,1,236,1,105,1,341,California
Trinity,2021-01-30,12,458,11,232,1,226,0,0,12,248,0,105,12,353,California
Trinity,2021-02-01,2,460,1,233,1,227,0,0,1,248,1,106,1,354,California
Trinity,2021-02-02,15,475,3,236,12,239,0,0,14,261,1,107,14,368,California
Trinity,2021-02-03,7,482,1,237,6,245,0,0,4,262,3,110,4,372,California
Trinity,2021-02-04,42,524,32,269,10,255,0,0,35,290,7,117,35,407,California
Trinity,2021-02-05,354,878,0,269,354,609,0,0,323,582,31,148,323,730,California
Trinity,2021-02-06,208,1086,5,274,203,812,0,0,201,776,7,155,201,931,California
Trinity,2021-02-07,1,1087,0,274,1,813,0,0,1,777,0,155,1,932,California
Trinity,2021-02-08,28,1115,1,275,27,840,0,0,16,781,12,167,16,948,California
Trinity,2021-02-09,27,1142,2,277,25,865,0,0,11,776,16,183,11,959,California
Trinity,2021-02-10,121,1263,10,287,111,976,0,0,101,857,20,203,101,1060,California
Trinity,2021-02-11,337,1600,2,289,335,1311,0,0,330,1180,7,210,330,1390,California
Trinity,2021-02-12,18,1618,10,299,8,1319,0,0,14,1190,4,214,14,1404,California
Trinity,2021-02-13,13,1631,6,305,7,1326,0,0,6,1189,7,221,6,1410,California
Trinity,2021-02-14,2,1633,2,307,0,1326,0,0,2,1191,0,221,2,1412,California
Trinity,2021-02-15,46,1679,0,307,46,1372,0,0,46,1237,0,221,46,1458,California
Trinity,2021-02-16,5,1684,1,308,4,1376,0,0,3,1238,2,223,3,1461,California
Trinity,2021-02-17,94,1778,2,310,92,1468,0,0,84,1312,10,233,84,1545,California
Trinity,2021-02-18,4,1782,0,310,4,1472,0,0,1,1310,3,236,1,1546,California
Trinity,2021-02-19,306,2088,1,311,305,1777,0,0,293,1590,13,249,293,1839,California
Trinity,2021-02-20,142,2230,14,325,128,1905,0,0,114,1676,28,277,114,1953,California
Trinity,2021-02-21,1,2231,1,326,0,1905,0,0,1,1677,0,277,1,1954,California
Trinity,2021-02-22,8,2239,0,326,8,1913,0,0,5,1679,3,280,5,1959,California
Trinity,2021-02-23,12,2251,3,329,9,1922,0,0,5,1677,7,287,5,1964,California
Trinity,2021-02-24,30,2281,8,337,22,1944,0,0,7,1661,23,310,7,1971,California
Trinity,2021-02-25,36,2317,23,360,13,1957,0,0,5,1635,31,341,5,1976,California
Trinity,2021-02-26,12,2329,2,362,10,1967,0,0,6,1635,6,347,6,1982,California
Trinity,2021-02-27,12,2341,10,372,2,1969,0,0,6,1635,6,353,6,1988,California
Trinity,2021-03-01,10,2351,0,372,10,1979,0,0,5,1635,5,358,5,1993,California
Trinity,2021-03-02,9,2360,3,375,6,1985,0,0,2,1630,7,365,2,1995,California
Trinity,2021-03-03,4,2364,0,375,4,1989,0,0,3,1632,1,366,3,1998,California
Trinity,2021-03-04,24,2388,19,394,5,1994,0,0,10,1628,14,380,10,2008,California
Trinity,2021-03-05,391,2779,1,395,390,2384,0,0,120,1481,267,647,120,2128,California
Trinity,2021-03-06,200,2979,7,402,193,2577,0,0,26,1333,174,821,26,2154,California
Trinity,2021-03-07,5,2984,3,405,1,2578,1,1,3,1335,2,823,4,2158,California
Trinity,2021-03-08,5,2989,1,406,3,2581,1,2,2,1335,3,826,3,2161,California
Trinity,2021-03-09,94,3083,0,406,92,2673,2,4,88,1419,6,832,90,2251,California
Trinity,2021-03-10,125,3208,3,409,119,2792,3,7,38,1373,87,919,41,2292,California
Trinity,2021-03-11,15,3223,3,412,10,2802,2,9,4,1368,11,930,6,2298,California
Trinity,2021-03-12,398,3621,5,417,387,3189,6,15,98,1172,300,1230,104,2402,California
Trinity,2021-03-13,14,3635,8,425,4,3193,2,17,8,1176,6,1236,10,2412,California
Trinity,2021-03-14,4,3639,1,426,3,3196,0,17,3,1178,1,1237,3,2415,California
Trinity,2021-03-15,66,3705,0,426,65,3261,1,18,14,1141,52,1289,15,2430,California
Trinity,2021-03-16,116,3821,7,433,109,3370,0,18,103,1231,13,1302,103,2533,California
Trinity,2021-03-17,100,3921,3,436,97,3467,0,18,26,1183,74,1376,26,2559,California
Trinity,2021-03-18,11,3932,2,438,6,3473,3,21,5,1185,6,1382,8,2567,California
Trinity,2021-03-19,459,4391,4,442,345,3818,110,131,33,902,426,1808,143,2710,California
Trinity,2021-03-20,106,4497,7,449,99,3917,0,131,68,933,37,1845,68,2778,California
Trinity,2021-03-21,5,4502,0,449,3,3920,2,133,3,936,2,1847,5,2783,California
Trinity,2021-03-22,2,4504,0,449,2,3922,0,133,2,938,0,1847,2,2785,California
Trinity,2021-03-23,96,4600,2,451,93,4015,1,134,77,997,19,1866,78,2863,California
Trinity,2021-03-24,12,4612,1,452,11,4026,0,134,9,1003,3,1869,9,2872,California
Trinity,2021-03-25,111,4723,8,460,97,4123,6,140,85,1068,26,1895,91,2963,California
Trinity,2021-03-26,83,4806,8,468,75,4198,0,140,76,1137,7,1902,76,3039,California
Trinity,2021-03-27,20,4826,4,472,7,4205,9,149,9,1144,11,1913,18,3057,California
Trinity,2021-03-28,5,4831,3,475,2,4207,0,149,1,1141,4,1917,1,3058,California
Trinity,2021-03-29,6,4837,1,476,5,4212,0,149,2,1139,4,1921,2,3060,California
Trinity,2021-03-30,78,4915,6,482,72,4284,0,149,68,1197,10,1931,68,3128,California
Trinity,2021-03-31,56,4971,5,487,19,4303,32,181,21,1214,35,1966,52,3180,California
Trinity,2021-04-01,41,5012,10,497,20,4323,11,192,22,1228,19,1985,33,3213,California
Trinity,2021-04-02,252,5264,6,503,172,4495,74,266,80,1211,171,2156,154,3367,California
Trinity,2021-04-03,18,5282,13,516,5,4500,0,266,8,1209,10,2166,8,3375,California
Trinity,2021-04-04,10,5292,8,524,2,4502,0,266,8,1215,2,2168,8,3383,California
Trinity,2021-04-05,58,5350,6,530,51,4553,1,267,54,1266,4,2172,55,3438,California
Trinity,2021-04-06,118,5468,15,545,100,4653,3,270,29,1209,89,2261,32,3470,California
Trinity,2021-04-07,27,5495,12,557,10,4663,5,275,19,1225,8,2269,24,3494,California
Trinity,2021-04-08,89,5584,10,567,77,4740,2,277,52,1242,37,2306,54,3548,California
Trinity,2021-04-09,171,5755,21,588,146,4886,4,281,93,1261,78,2384,97,3645,California
Trinity,2021-04-10,11,5766,7,595,4,4890,0,281,10,1270,1,2385,10,3655,California
Trinity,2021-04-11,10,5776,5,600,3,4893,2,283,4,1270,6,2391,6,3661,California
Trinity,2021-04-12,77,5853,5,605,71,4964,1,284,64,1322,12,2403,64,3725,California
Trinity,2021-04-13,104,5957,5,610,99,5063,0,284,11,1240,93,2496,11,3736,California
Trinity,2021-04-14,10,5967,5,615,5,5068,0,284,6,1242,4,2500,6,3742,California
Trinity,2021-04-15,45,6012,10,625,35,5103,0,284,15,1228,29,2529,15,3757,California
Trinity,2021-04-16,154,6166,13,638,141,5244,0,284,80,1236,72,2601,80,3837,California
Trinity,2021-04-17,11,6177,5,643,6,5250,0,284,9,1243,2,2603,9,3846,California
Trinity,2021-04-18,3,6180,1,644,2,5252,0,284,0,1240,3,2606,0,3846,California
Trinity,2021-04-19,67,6247,2,646,65,5317,0,284,66,1305,1,2607,66,3912,California
Trinity,2021-04-20,94,6341,8,654,86,5403,0,284,21,1253,73,2680,21,3933,California
Trinity,2021-04-21,22,6363,9,663,13,5416,0,284,9,1249,13,2693,9,3942,California
Trinity,2021-04-22,92,6455,5,668,87,5503,0,284,14,1185,78,2771,14,3956,California
Trinity,2021-04-23,177,6632,6,674,171,5674,0,284,109,1226,68,2839,109,4065,California
Trinity,2021-04-24,25,6657,14,688,11,5685,0,284,6,1213,19,2858,6,4071,California
Trinity,2021-04-25,10,6667,9,697,1,5686,0,284,3,1210,6,2864,3,4074,California
Trinity,2021-04-26,48,6715,9,706,39,5725,0,284,40,1242,8,2872,40,4114,California
Trinity,2021-04-27,88,6803,11,717,77,5802,0,284,23,1200,65,2937,23,4137,California
Trinity,2021-04-28,32,6835,11,728,21,5823,0,284,12,1192,20,2957,12,4149,California
Trinity,2021-04-29,35,6870,13,741,22,5845,0,284,12,1181,23,2980,12,4161,California
Trinity,2021-04-30,28,6898,22,763,6,5851,0,284,8,1170,19,2999,8,4169,California
Trinity,2021-05-01,15,6913,8,771,2,5853,5,289,5,1170,10,3009,10,4179,California
Trinity,2021-05-02,8,6921,5,776,1,5854,2,291,2,1168,6,3015,4,4183,California
Trinity,2021-05-03,58,6979,13,789,44,5898,1,292,9,1130,48,3063,10,4193,California
Trinity,2021-05-04,24,7003,11,800,12,5910,1,293,8,1123,16,3079,9,4202,California
Trinity,2021-05-05,11,7014,7,807,4,5914,0,293,4,1120,7,3086,4,4206,California
Trinity,2021-05-06,73,7087,10,817,61,5975,2,295,16,1081,57,3143,18,4224,California
Trinity,2021-05-07,179,7266,12,829,133,6108,34,329,14,964,165,3308,48,4272,California
Trinity,2021-05-08,6,7272,2,831,4,6112,0,329,2,962,4,3312,2,4274,California
Trinity,2021-05-09,11,7283,8,839,3,6115,0,329,7,965,4,3316,7,4281,California
Trinity,2021-05-10,15,7298,5,844,9,6124,1,330,8,967,7,3323,9,4290,California
Trinity,2021-05-11,8,7306,4,848,4,6128,0,330,6,971,2,3325,6,4296,California
Trinity,2021-05-12,19,7325,16,864,2,6130,1,331,14,981,5,3330,15,4311,California
Trinity,2021-05-13,15,7340,10,874,4,6134,1,332,9,985,6,3336,10,4321,California
Trinity,2021-05-14,141,7481,19,893,94,6228,28,360,39,950,102,3438,67,4388,California
Trinity,2021-05-15,16,7497,11,904,4,6232,1,361,8,952,7,3445,9,4397,California
Trinity,2021-05-16,8,7505,6,910,2,6234,0,361,6,956,2,3447,6,4403,California
Trinity,2021-05-17,108,7613,20,930,86,6320,2,363,42,934,66,3513,44,4447,California
Trinity,2021-05-18,37,7650,7,937,29,6349,1,364,11,920,26,3539,12,4459,California
Trinity,2021-05-19,146,7796,17,954,100,6449,29,393,29,862,116,3655,58,4517,California
Trinity,2021-05-20,28,7824,21,975,4,6453,3,396,17,871,11,3666,20,4537,California
Trinity,2021-05-21,20,7844,12,987,8,6461,0,396,12,875,8,3674,12,4549,California
Trinity,2021-05-22,17,7861,14,1001,3,6464,0,396,13,884,4,3678,13,4562,California
Trinity,2021-05-23,6,7867,4,1005,2,6466,0,396,2,882,4,3682,2,4564,California
Trinity,2021-05-24,109,7976,12,1017,96,6562,1,397,8,791,100,3782,9,4573,California
Trinity,2021-05-25,39,8015,14,1031,25,6587,0,397,17,786,22,3804,17,4590,California
Trinity,2021-05-26,12,8027,6,1037,6,6593,0,397,4,782,8,3812,4,4594,California
Trinity,2021-05-27,31,8058,14,1051,12,6605,5,402,8,772,23,3835,13,4607,California
Trinity,2021-05-28,15,8073,10,1061,4,6609,1,403,8,774,7,3842,9,4616,California
Trinity,2021-05-29,10,8083,7,1068,2,6611,1,404,7,779,3,3845,8,4624,California
Trinity,2021-05-30,6,8089,5,1073,1,6612,0,404,0,773,6,3851,0,4624,California
Trinity,2021-05-31,4,8093,3,1076,1,6613,0,404,2,773,2,3853,2,4626,California
Trinity,2021-06-01,14,8107,7,1083,5,6618,2,406,3,768,10,3863,5,4631,California
Trinity,2021-06-02,24,8131,19,1102,3,6621,2,408,9,764,15,3878,11,4642,California
Trinity,2021-06-03,39,8170,13,1115,26,6647,0,408,13,751,26,3904,13,4655,California
Trinity,2021-06-04,45,8215,21,1136,16,6663,8,416,12,738,33,3937,20,4675,California
Trinity,2021-06-05,19,8234,18,1154,1,6664,0,416,13,745,6,3943,13,4688,California
Trinity,2021-06-06,9,8243,6,1160,2,6666,1,417,2,741,7,3950,3,4691,California
Trinity,2021-06-07,28,8271,19,1179,8,6674,1,418,12,738,16,3966,13,4704,California
Trinity,2021-06-08,15,8286,13,1192,1,6675,1,419,4,732,11,3977,5,4709,California
Trinity,2021-06-09,24,8310,14,1206,1,6676,9,428,5,727,19,3996,14,4723,California
Trinity,2021-06-10,20,8330,18,1224,2,6678,0,428,5,717,15,4011,5,4728,California
Trinity,2021-06-11,45,8375,10,1234,33,6711,2,430,14,702,31,4042,16,4744,California
Trinity,2021-06-12,10,8385,10,1244,0,6711,0,430,3,698,7,4049,3,4747,California
Trinity,2021-06-13,4,8389,4,1248,0,6711,0,430,1,696,3,4052,1,4748,California
Trinity,2021-06-14,43,8432,16,1264,27,6738,0,430,11,675,32,4084,11,4759,California
Trinity,2021-06-15,45,8477,21,1285,3,6741,21,451,9,668,36,4120,29,4788,California
Trinity,2021-06-16,10,8487,6,1291,4,6745,0,451,3,664,7,4127,3,4791,California
Trinity,2021-06-17,15,8502,12,1303,1,6746,2,453,6,664,8,4135,8,4799,California
Trinity,2021-06-18,18,8520,10,1313,6,6752,2,455,6,660,12,4147,8,4807,California
Trinity,2021-06-19,10,8530,10,1323,0,6752,0,455,2,654,8,4155,2,4809,California
Trinity,2021-06-20,3,8533,3,1326,0,6752,0,455,3,657,0,4155,3,4812,California
Trinity,2021-06-21,8,8541,6,1332,0,6752,2,457,5,661,3,4158,7,4819,California
Trinity,2021-06-22,32,8573,9,1341,13,6765,10,467,14,667,18,4176,24,4843,California
Trinity,2021-06-23,15,8588,8,1349,1,6766,6,473,2,662,13,4189,8,4851,California
Trinity,2021-06-24,24,8612,14,1363,4,6770,6,479,15,674,9,4198,21,4872,California
Trinity,2021-06-25,10,8622,10,1373,0,6770,0,479,6,676,4,4202,6,4878,California
Trinity,2021-06-26,18,8640,18,1391,0,6770,0,479,8,674,10,4212,8,4886,California
Trinity,2021-06-27,4,8644,4,1395,0,6770,0,479,0,670,4,4216,0,4886,California
Trinity,2021-06-28,11,8655,9,1404,1,6771,1,480,4,668,7,4223,5,4891,California
Trinity,2021-06-29,11,8666,5,1409,3,6774,3,483,5,670,6,4229,8,4899,California
Trinity,2021-06-30,14,8680,10,1419,1,6775,3,486,6,671,8,4237,9,4908,California
Trinity,2021-07-01,30,8710,11,1430,12,6787,7,493,10,668,20,4257,17,4925,California
Trinity,2021-07-02,24,8734,6,1436,6,6793,12,505,6,668,18,4275,18,4943,California
Trinity,2021-07-03,4,8738,1,1437,0,6793,3,508,0,667,4,4279,3,4946,California
Trinity,2021-07-04,2,8740,1,1438,1,6794,0,508,1,667,1,4280,1,4947,California
Trinity,2021-07-05,13,8753,12,1450,1,6795,0,508,6,666,7,4287,6,4953,California
Trinity,2021-07-06,12,8765,10,1460,2,6797,0,508,6,666,6,4293,6,4959,California
Trinity,2021-07-07,12,8777,9,1469,1,6798,2,510,6,668,6,4299,8,4967,California
Trinity,2021-07-08,16,8793,7,1476,2,6800,7,517,3,664,13,4312,9,4976,California
Trinity,2021-07-09,21,8814,8,1484,12,6812,1,518,6,656,15,4327,7,4983,California
Tulare,2020-12-15,1,1,1,1,0,0,0,0,1,1,0,0,1,1,California
Tulare,2020-12-16,4,5,4,5,0,0,0,0,4,5,0,0,4,5,California
Tulare,2020-12-17,110,115,110,115,0,0,0,0,110,115,0,0,110,115,California
Tulare,2020-12-18,290,405,289,404,1,1,0,0,290,405,0,0,290,405,California
Tulare,2020-12-19,326,731,326,730,0,1,0,0,326,731,0,0,326,731,California
Tulare,2020-12-20,165,896,165,895,0,1,0,0,165,896,0,0,165,896,California
Tulare,2020-12-21,426,1322,426,1321,0,1,0,0,446,1342,0,0,446,1342,California
Tulare,2020-12-22,471,1793,469,1790,2,3,0,0,470,1812,0,0,470,1812,California
Tulare,2020-12-23,327,2120,318,2108,9,12,0,0,325,2137,0,0,325,2137,California
Tulare,2020-12-24,18,2138,16,2124,2,14,0,0,18,2155,0,0,18,2155,California
Tulare,2020-12-26,8,2146,7,2131,1,15,0,0,8,2163,0,0,8,2163,California
Tulare,2020-12-27,16,2162,12,2143,4,19,0,0,16,2179,0,0,16,2179,California
Tulare,2020-12-28,480,2642,467,2610,13,32,0,0,479,2658,0,0,479,2658,California
Tulare,2020-12-29,550,3192,480,3090,70,102,0,0,550,3208,0,0,550,3208,California
Tulare,2020-12-30,469,3661,425,3515,44,146,0,0,469,3677,0,0,469,3677,California
Tulare,2020-12-31,100,3761,22,3537,78,224,0,0,100,3777,0,0,100,3777,California
Tulare,2021-01-01,3,3764,1,3538,2,226,0,0,3,3780,0,0,3,3780,California
Tulare,2021-01-02,32,3796,19,3557,13,239,0,0,32,3812,0,0,32,3812,California
Tulare,2021-01-03,23,3819,9,3566,14,253,0,0,23,3835,0,0,23,3835,California
Tulare,2021-01-04,93,3912,16,3582,77,330,0,0,93,3928,0,0,93,3928,California
Tulare,2021-01-05,465,4377,279,3861,186,516,0,0,463,4389,2,2,463,4391,California
Tulare,2021-01-06,863,5240,633,4494,230,746,0,0,853,5232,10,12,853,5244,California
Tulare,2021-01-07,782,6022,585,5079,197,943,0,0,674,5798,108,120,674,5918,California
Tulare,2021-01-08,1278,7300,572,5651,706,1649,0,0,941,6403,336,456,941,6859,California
Tulare,2021-01-09,805,8105,204,5855,601,2250,0,0,617,6832,188,644,617,7476,California
Tulare,2021-01-10,51,8156,43,5898,8,2258,0,0,13,6807,38,682,13,7489,California
Tulare,2021-01-11,1276,9432,773,6671,503,2761,0,0,835,7201,441,1123,835,8324,California
Tulare,2021-01-12,1451,10883,506,7177,945,3706,0,0,1038,7829,412,1535,1040,9364,California
Tulare,2021-01-13,411,11294,179,7356,232,3938,0,0,336,8090,75,1610,336,9700,California
Tulare,2021-01-14,496,11790,146,7502,350,4288,0,0,470,8545,15,1625,470,10170,California
Tulare,2021-01-15,1650,13440,156,7658,1494,5782,0,0,1641,10177,9,1634,1641,11811,California
Tulare,2021-01-16,1928,15368,115,7773,1813,7595,0,0,1914,12077,14,1648,1914,13725,California
Tulare,2021-01-17,142,15510,122,7895,20,7615,0,0,132,12199,10,1658,132,13857,California
Tulare,2021-01-18,693,16203,657,8552,36,7651,0,0,295,12096,398,2056,295,14152,California
Tulare,2021-01-19,1019,17222,690,9242,329,7980,0,0,592,12261,427,2483,592,14744,California
Tulare,2021-01-20,2479,19701,667,9909,1812,9792,0,0,2042,13912,392,2875,2043,16787,California
Tulare,2021-01-21,1620,21321,227,10136,1393,11185,0,0,1592,15482,22,2897,1592,18379,California
Tulare,2021-01-22,1092,22413,212,10348,880,12065,0,0,1062,16515,29,2926,1062,19441,California
Tulare,2021-01-23,439,22852,156,10504,283,12348,0,0,418,16912,21,2947,418,19859,California
Tulare,2021-01-24,31,22883,28,10532,3,12351,0,0,29,16939,2,2949,29,19888,California
Tulare,2021-01-25,1351,24234,987,11519,364,12715,0,0,1298,18184,53,3002,1298,21186,California
Tulare,2021-01-26,1508,25742,1102,12621,406,13121,0,0,1168,19013,339,3341,1168,22354,California
Tulare,2021-01-27,1504,27246,1071,13692,433,13554,0,0,922,19354,581,3922,922,23276,California
Tulare,2021-01-28,1221,28467,779,14471,442,13996,0,0,820,19773,401,4323,820,24096,California
Tulare,2021-01-29,1128,29595,715,15186,413,14409,0,0,819,20283,309,4632,819,24915,California
Tulare,2021-01-30,1667,31262,1573,16759,94,14503,0,0,1642,21901,25,4657,1643,26558,California
Tulare,2021-01-31,65,31327,61,16820,4,14507,0,0,61,21958,4,4661,61,26619,California
Tulare,2021-02-01,1167,32494,893,17713,274,14781,0,0,805,22402,361,5022,805,27424,California
Tulare,2021-02-02,693,33187,338,18051,355,15136,0,0,438,22588,253,5275,439,27863,California
Tulare,2021-02-03,567,33754,233,18284,334,15470,0,0,327,22715,200,5475,327,28190,California
Tulare,2021-02-04,577,34331,176,18460,401,15871,0,0,282,22704,294,5769,283,28473,California
Tulare,2021-02-05,1246,35577,240,18700,1006,16877,0,0,407,22274,837,6606,407,28880,California
Tulare,2021-02-06,836,36413,156,18856,680,17557,0,0,208,21856,626,7232,208,29088,California
Tulare,2021-02-07,85,36498,72,18928,13,17570,0,0,24,21819,61,7293,24,29112,California
Tulare,2021-02-08,946,37444,329,19257,617,18187,0,0,239,21354,704,7997,239,29351,California
Tulare,2021-02-09,1414,38858,335,19592,1079,19266,0,0,340,20625,1069,9066,340,29691,California
Tulare,2021-02-10,2485,41343,1990,21582,495,19761,0,0,2073,22289,409,9475,2073,31764,California
Tulare,2021-02-11,1347,42690,378,21960,969,20730,0,0,878,22698,469,9944,878,32642,California
Tulare,2021-02-12,2789,45479,573,22533,2216,22946,0,0,1160,22238,1620,11564,1160,33802,California
Tulare,2021-02-13,2478,47957,158,22691,2320,25266,0,0,640,21044,1834,13398,640,34442,California
Tulare,2021-02-14,338,48295,39,22730,299,25565,0,0,301,21308,37,13435,301,34743,California
Tulare,2021-02-15,923,49218,295,23025,628,26193,0,0,663,21712,259,13694,663,35406,California
Tulare,2021-02-16,2853,52071,1596,24621,1257,27450,0,0,1085,21033,1765,15459,1086,36492,California
Tulare,2021-02-17,2705,54776,517,25138,2188,29638,0,0,451,19235,2249,17708,451,36943,California
Tulare,2021-02-18,2361,57137,457,25595,1904,31542,0,0,645,18172,1708,19416,645,37588,California
Tulare,2021-02-19,2352,59489,880,26475,1472,33014,0,0,969,17763,1378,20794,969,38557,California
Tulare,2021-02-20,3000,62489,1882,28357,1118,34132,0,0,1266,17303,1726,22520,1266,39823,California
Tulare,2021-02-21,101,62590,95,28452,6,34138,0,0,50,17305,48,22568,50,39873,California
Tulare,2021-02-22,1143,63733,723,29175,420,34558,0,0,212,16588,929,23497,212,40085,California
Tulare,2021-02-23,2030,65763,982,30157,1048,35606,0,0,1483,17527,544,24041,1483,41568,California
Tulare,2021-02-24,2526,68289,1572,31729,954,36560,0,0,2128,19260,396,24437,2129,43697,California
Tulare,2021-02-25,3592,71881,2028,33757,1564,38124,0,0,3153,21981,434,24871,3155,46852,California
Tulare,2021-02-26,3914,75795,1904,35661,2010,40134,0,0,3433,24935,479,25350,3433,50285,California
Tulare,2021-02-27,3058,78853,1512,37173,1546,41680,0,0,2924,27737,122,25472,2924,53209,California
Tulare,2021-02-28,1314,80167,1039,38212,275,41955,0,0,1292,29012,17,25489,1292,54501,California
Tulare,2021-03-01,1799,81966,812,39024,986,42941,1,1,1605,30427,191,25680,1606,56107,California
Tulare,2021-03-02,2824,84790,1271,40295,1553,44494,0,1,2639,32885,182,25862,2640,58747,California
Tulare,2021-03-03,4090,88880,2734,43029,1355,45849,1,2,2132,33067,1953,27815,2135,60882,California
Tulare,2021-03-04,2995,91875,1353,44382,1642,47491,0,2,2644,35369,342,28157,2644,63526,California
Tulare,2021-03-05,3504,95379,1758,46140,1731,49222,15,17,2983,37852,518,28675,3001,66527,California
Tulare,2021-03-06,3100,98479,1446,47586,1594,50816,60,77,2843,40499,254,28929,2901,69428,California
Tulare,2021-03-07,1163,99642,713,48299,418,51234,32,109,1108,41585,54,28983,1140,70568,California
Tulare,2021-03-08,1741,101383,1009,49308,562,51796,170,279,1407,42833,328,29311,1576,72144,California
Tulare,2021-03-09,3268,104651,2246,51554,874,52670,148,427,2854,45420,413,29724,3000,75144,California
Tulare,2021-03-10,2985,107636,1404,52958,1405,54075,176,603,2577,47775,397,30121,2752,77896,California
Tulare,2021-03-11,4248,111884,2001,54959,1943,56018,304,907,3296,50424,952,31073,3601,81497,California
Tulare,2021-03-12,4422,116306,2434,57393,1634,57652,354,1261,3128,52620,1284,32357,3480,84977,California
Tulare,2021-03-13,4152,120458,1943,59336,2105,59757,104,1365,3195,54970,949,33306,3299,88276,California
Tulare,2021-03-14,1859,122317,988,60324,651,60408,220,1585,1334,55997,524,33830,1551,89827,California
Tulare,2021-03-15,2756,125073,1631,61955,1010,61418,115,1700,1972,57308,779,34609,2090,91917,California
Tulare,2021-03-16,3443,128516,2122,64077,1244,62662,77,1777,1878,57706,1560,36169,1958,93875,California
Tulare,2021-03-17,4089,132605,2668,66745,1345,64007,76,1853,2320,58349,1760,37929,2403,96278,California
Tulare,2021-03-18,4677,137282,3413,70158,1192,65199,72,1925,2444,58649,2221,40150,2521,98799,California
Tulare,2021-03-19,5144,142426,3376,73534,1550,66749,218,2143,2716,59178,2407,42557,2936,101735,California
Tulare,2021-03-20,4490,146916,2796,76330,1323,68072,371,2514,2048,59168,2432,44989,2422,104157,California
Tulare,2021-03-21,2011,148927,1723,78053,262,68334,26,2540,1064,59314,943,45932,1089,105246,California
Tulare,2021-03-22,2584,151511,1796,79849,676,69010,112,2652,1697,60245,881,46813,1812,107058,California
Tulare,2021-03-23,3800,155311,2200,82049,1548,70558,52,2704,2079,60671,1711,48524,2137,109195,California
Tulare,2021-03-24,3209,158520,1991,84040,1177,71735,41,2745,1716,60947,1482,50006,1758,110953,California
Tulare,2021-03-25,3484,162004,1812,85852,1498,73233,174,2919,1663,60973,1813,51819,1839,112792,California
Tulare,2021-03-26,5263,167267,3133,88985,2017,75250,113,3032,2518,60878,2726,54545,2631,115423,California
Tulare,2021-03-27,3542,170809,1815,90800,1630,76880,97,3129,954,59348,2580,57125,1050,116473,California
Tulare,2021-03-28,1478,172287,1072,91872,375,77255,31,3160,670,59253,806,57931,711,117184,California
Tulare,2021-03-29,2893,175180,1674,93546,1112,78367,107,3267,1226,58926,1662,59593,1335,118519,California
Tulare,2021-03-30,4931,180111,2792,96338,1903,80270,236,3503,1499,57233,3420,63013,1727,120246,California
Tulare,2021-03-31,3977,184088,2343,98681,1518,81788,116,3619,1550,56482,2418,65431,1667,121913,California
Tulare,2021-04-01,4541,188629,2460,101141,2013,83801,68,3687,1559,55139,2971,68402,1628,123541,California
Tulare,2021-04-02,5369,193998,3061,104202,2182,85983,126,3813,1552,53017,3800,72202,1678,125219,California
Tulare,2021-04-03,3641,197639,2099,106301,1167,87150,375,4188,834,51455,2769,74971,1207,126426,California
Tulare,2021-04-04,1633,199272,1145,107446,481,87631,7,4195,355,50543,1274,76245,362,126788,California
Tulare,2021-04-05,3355,202627,2341,109787,747,88378,267,4462,850,49169,2492,78737,1118,127906,California
Tulare,2021-04-06,3441,206068,1472,111259,1472,89850,497,4959,893,48022,2539,81276,1392,129298,California
Tulare,2021-04-07,3939,210007,1840,113099,1658,91508,441,5400,1176,46877,2752,84028,1607,130905,California
Tulare,2021-04-08,4811,214818,2624,115723,1727,93235,460,5860,1537,45611,3260,87288,1994,132899,California
Tulare,2021-04-09,4851,219669,2998,118721,1417,94652,436,6296,1822,44849,3021,90309,2259,135158,California
Tulare,2021-04-10,3839,223508,2068,120789,1451,96103,320,6616,930,43195,2900,93209,1246,136404,California
Tulare,2021-04-11,1587,225095,1048,121837,464,96567,75,6691,488,42662,1096,94305,563,136967,California
Tulare,2021-04-12,3425,228520,2137,123974,693,97260,595,7286,1071,41986,2343,96648,1667,138634,California
Tulare,2021-04-13,2416,230936,1598,125572,809,98069,9,7295,901,41399,1499,98147,912,139546,California
Tulare,2021-04-14,2882,233818,1704,127276,1178,99247,0,7295,912,40346,1965,100112,912,140458,California
Tulare,2021-04-15,3324,237142,2169,129445,1155,100402,0,7295,1471,39977,1840,101952,1471,141929,California
Tulare,2021-04-16,3725,240867,2250,131695,1475,101877,0,7295,1493,39252,2218,104170,1493,143422,California
Tulare,2021-04-17,2257,243124,1329,133024,928,102805,0,7295,1197,39397,1053,105223,1198,144620,California
Tulare,2021-04-18,1573,244697,1237,134261,336,103141,0,7295,827,39479,745,105968,827,145447,California
Tulare,2021-04-19,2190,246887,1272,135533,917,104058,1,7296,897,39089,1288,107256,898,146345,California
Tulare,2021-04-20,2423,249310,1391,136924,1032,105090,0,7296,1006,38695,1400,108656,1006,147351,California
Tulare,2021-04-21,2325,251635,1440,138364,885,105975,0,7296,841,38095,1442,110098,842,148193,California
Tulare,2021-04-22,2173,253808,1235,139599,938,106913,0,7296,742,37425,1412,111510,742,148935,California
Tulare,2021-04-23,2644,256452,1630,141229,1013,107926,1,7297,1030,36855,1601,113111,1031,149966,California
Tulare,2021-04-24,1647,258099,1057,142286,588,108514,2,7299,853,36921,789,113900,855,150821,California
Tulare,2021-04-25,698,258797,525,142811,173,108687,0,7299,267,36758,430,114330,267,151088,California
Tulare,2021-04-26,1557,260354,947,143758,591,109278,19,7318,655,36535,895,115225,672,151760,California
Tulare,2021-04-27,1702,262056,707,144465,957,110235,38,7356,730,36335,967,116192,767,152527,California
Tulare,2021-04-28,1751,263807,1006,145471,703,110938,42,7398,698,36026,1048,117240,739,153266,California
Tulare,2021-04-29,2044,265851,1230,146701,776,111714,38,7436,796,35623,1235,118475,832,154098,California
Tulare,2021-04-30,2468,268319,1802,148503,616,112330,50,7486,912,35037,1547,120022,961,155059,California
Tulare,2021-05-01,1418,269737,1215,149718,191,112521,12,7498,731,35103,677,120699,743,155802,California
Tulare,2021-05-02,586,270323,499,150217,71,112592,16,7514,187,34910,396,121095,203,156005,California
Tulare,2021-05-03,1622,271945,1095,151312,402,112994,125,7639,349,34117,1267,122362,474,156479,California
Tulare,2021-05-04,1576,273521,846,152158,660,113654,70,7709,630,33878,937,123299,698,157177,California
Tulare,2021-05-05,1318,274839,655,152813,574,114228,89,7798,451,33562,856,124155,540,157717,California
Tulare,2021-05-06,1993,276832,1349,154162,596,114824,48,7846,604,32834,1380,125535,652,158369,California
Tulare,2021-05-07,1858,278690,1264,155426,525,115349,69,7915,524,32100,1325,126860,591,158960,California
Tulare,2021-05-08,1244,279934,817,156243,401,115750,26,7941,533,31957,702,127562,559,159519,California
Tulare,2021-05-09,596,280530,471,156714,104,115854,21,7962,115,31618,476,128038,137,159656,California
Tulare,2021-05-10,1024,281554,590,157304,368,116222,66,8028,307,31278,713,128751,373,160029,California
Tulare,2021-05-11,1321,282875,702,158006,540,116762,79,8107,548,31140,765,129516,627,160656,California
Tulare,2021-05-12,1608,284483,1042,159048,508,117270,58,8165,434,30474,1157,130673,491,161147,California
Tulare,2021-05-13,1586,286069,1019,160067,529,117799,38,8203,723,30376,858,131531,760,161907,California
Tulare,2021-05-14,1979,288048,1286,161353,631,118430,62,8265,898,30267,1069,132600,960,162867,California
Tulare,2021-05-15,1569,289617,884,162237,638,119068,47,8312,663,30072,899,133499,704,163571,California
Tulare,2021-05-16,697,290314,558,162795,127,119195,12,8324,324,30037,371,133870,336,163907,California
Tulare,2021-05-17,1570,291884,984,163779,512,119707,74,8398,746,30042,815,134685,820,164727,California
Tulare,2021-05-18,1584,293468,859,164638,673,120380,52,8450,785,30083,794,135479,835,165562,California
Tulare,2021-05-19,1483,294951,955,165593,494,120874,34,8484,759,30160,716,136195,793,166355,California
Tulare,2021-05-20,1591,296542,1074,166667,430,121304,87,8571,761,30182,826,137021,848,167203,California
Tulare,2021-05-21,1955,298497,1426,168093,487,121791,42,8613,1063,30403,884,137905,1105,168308,California
Tulare,2021-05-22,1620,300117,1154,169247,443,122234,23,8636,614,30043,998,138903,638,168946,California
Tulare,2021-05-23,412,300529,327,169574,75,122309,10,8646,209,30060,202,139105,219,169165,California
Tulare,2021-05-24,939,301468,579,170153,300,122609,60,8706,420,30023,517,139622,480,169645,California
Tulare,2021-05-25,1186,302654,702,170855,452,123061,32,8738,505,29885,675,140297,537,170182,California
Tulare,2021-05-26,884,303538,487,171342,355,123416,42,8780,394,29834,486,140783,435,170617,California
Tulare,2021-05-27,1277,304815,806,172148,440,123856,31,8811,585,29764,688,141471,618,171235,California
Tulare,2021-05-28,1191,306006,660,172808,482,124338,49,8860,625,29878,559,142030,673,171908,California
Tulare,2021-05-29,883,306889,652,173460,211,124549,20,8880,503,30023,378,142408,523,172431,California
Tulare,2021-05-30,285,307174,207,173667,70,124619,8,8888,164,30075,120,142528,172,172603,California
Tulare,2021-05-31,132,307306,52,173719,69,124688,11,8899,55,30065,76,142604,66,172669,California
Tulare,2021-06-01,1060,308366,629,174348,400,125088,31,8930,386,29815,666,143270,416,173085,California
Tulare,2021-06-02,795,309161,465,174813,297,125385,33,8963,354,29770,430,143700,385,173470,California
Tulare,2021-06-03,1140,310301,810,175623,273,125658,57,9020,390,29486,730,144430,446,173916,California
Tulare,2021-06-04,1171,311472,833,176456,306,125964,32,9052,362,29076,804,145234,394,174310,California
Tulare,2021-06-05,887,312359,700,177156,172,126136,15,9067,304,28814,581,145815,319,174629,California
Tulare,2021-06-06,423,312782,358,177514,47,126183,18,9085,141,28692,281,146096,159,174788,California
Tulare,2021-06-07,883,313665,696,178210,152,126335,35,9120,277,28400,603,146699,311,175099,California
Tulare,2021-06-08,1050,314715,776,178986,214,126549,60,9180,352,28119,693,147392,412,175511,California
Tulare,2021-06-09,1090,315805,762,179748,292,126841,36,9216,347,27763,737,148129,381,175892,California
Tulare,2021-06-10,1100,316905,885,180633,179,127020,36,9252,379,27458,719,148848,414,176306,California
Tulare,2021-06-11,1235,318140,884,181517,316,127336,35,9287,382,27032,843,149691,417,176723,California
Tulare,2021-06-12,972,319112,758,182275,203,127539,11,9298,344,26765,622,150313,355,177078,California
Tulare,2021-06-13,316,319428,227,182502,85,127624,4,9302,91,26636,224,150537,95,177173,California
Tulare,2021-06-14,770,320198,566,183068,179,127803,25,9327,295,26486,470,151007,320,177493,California
Tulare,2021-06-15,986,321184,667,183735,288,128091,31,9358,433,26403,547,151554,464,177957,California
Tulare,2021-06-16,858,322042,581,184316,226,128317,51,9409,375,26350,480,152034,427,178384,California
Tulare,2021-06-17,1025,323067,754,185070,241,128558,30,9439,411,26180,611,152645,441,178825,California
Tulare,2021-06-18,987,324054,694,185764,256,128814,37,9476,371,25973,614,153259,407,179232,California
Tulare,2021-06-19,849,324903,678,186442,158,128972,13,9489,388,25917,457,153716,401,179633,California
Tulare,2021-06-20,249,325152,186,186628,55,129027,8,9497,74,25826,174,153890,83,179716,California
Tulare,2021-06-21,521,325673,340,186968,150,129177,31,9528,304,25944,216,154106,334,180050,California
Tulare,2021-06-22,751,326424,515,187483,212,129389,24,9552,344,25912,400,154506,368,180418,California
Tulare,2021-06-23,735,327159,500,187983,209,129598,26,9578,400,26007,331,154837,426,180844,California
Tulare,2021-06-24,845,328004,638,188621,152,129750,55,9633,421,26062,421,155258,476,181320,California
Tulare,2021-06-25,850,328854,553,189174,277,130027,20,9653,442,26121,403,155661,462,181782,California
Tulare,2021-06-26,929,329783,732,189906,172,130199,25,9678,529,26278,397,156058,554,182336,California
Tulare,2021-06-27,247,330030,183,190089,57,130256,7,9685,116,26271,130,156188,123,182459,California
Tulare,2021-06-28,578,330608,436,190525,112,130368,30,9715,291,26307,284,156472,320,182779,California
Tulare,2021-06-29,719,331327,461,190986,216,130584,42,9757,338,26312,375,156847,380,183159,California
Tulare,2021-06-30,688,332015,466,191452,191,130775,31,9788,374,26405,310,157157,403,183562,California
Tulare,2021-07-01,820,332835,617,192069,172,130947,31,9819,384,26390,429,157586,414,183976,California
Tulare,2021-07-02,719,333554,503,192572,199,131146,17,9836,377,26449,336,157922,395,184371,California
Tulare,2021-07-03,454,334008,329,192901,116,131262,9,9845,218,26445,231,158153,227,184598,California
Tulare,2021-07-04,31,334039,20,192921,10,131272,1,9846,17,26449,14,158167,18,184616,California
Tulare,2021-07-05,404,334443,294,193215,98,131370,12,9858,205,26470,196,158363,217,184833,California
Tulare,2021-07-06,766,335209,553,193768,190,131560,23,9881,326,26383,435,158798,348,185181,California
Tulare,2021-07-07,684,335893,469,194237,178,131738,37,9918,312,26367,364,159162,348,185529,California
Tulare,2021-07-08,702,336595,518,194755,153,131891,31,9949,328,26355,371,159533,359,185888,California
Tulare,2021-07-09,487,337082,368,195123,96,131987,23,9972,264,26420,221,159754,286,186174,California
Tuolumne,2020-12-16,48,48,48,48,0,0,0,0,48,48,0,0,48,48,California
Tuolumne,2020-12-17,18,66,18,66,0,0,0,0,18,66,0,0,18,66,California
Tuolumne,2020-12-18,101,167,100,166,1,1,0,0,101,167,0,0,101,167,California
Tuolumne,2020-12-19,5,172,5,171,0,1,0,0,5,172,0,0,5,172,California
Tuolumne,2020-12-20,2,174,2,173,0,1,0,0,2,174,0,0,2,174,California
Tuolumne,2020-12-21,115,289,101,274,14,15,0,0,115,289,0,0,115,289,California
Tuolumne,2020-12-22,173,462,173,447,0,15,0,0,173,462,0,0,173,462,California
Tuolumne,2020-12-23,185,647,183,630,2,17,0,0,185,647,0,0,185,647,California
Tuolumne,2020-12-25,1,648,1,631,0,17,0,0,1,648,0,0,1,648,California
Tuolumne,2020-12-26,2,650,2,633,0,17,0,0,2,650,0,0,2,650,California
Tuolumne,2020-12-28,75,725,73,706,2,19,0,0,75,725,0,0,75,725,California
Tuolumne,2020-12-29,102,827,38,744,64,83,0,0,102,827,0,0,102,827,California
Tuolumne,2020-12-30,77,904,22,766,55,138,0,0,77,904,0,0,77,904,California
Tuolumne,2020-12-31,28,932,21,787,7,145,0,0,28,932,0,0,28,932,California
Tuolumne,2021-01-01,6,938,5,792,1,146,0,0,6,938,0,0,6,938,California
Tuolumne,2021-01-02,119,1057,116,908,3,149,0,0,119,1057,0,0,119,1057,California
Tuolumne,2021-01-03,2,1059,2,910,0,149,0,0,2,1059,0,0,2,1059,California
Tuolumne,2021-01-04,69,1128,26,936,43,192,0,0,69,1128,0,0,69,1128,California
Tuolumne,2021-01-05,94,1222,28,964,66,258,0,0,91,1217,3,3,92,1220,California
Tuolumne,2021-01-06,132,1354,71,1035,61,319,0,0,68,1221,64,67,68,1288,California
Tuolumne,2021-01-07,121,1475,64,1099,57,376,0,0,65,1230,56,123,65,1353,California
Tuolumne,2021-01-08,108,1583,83,1182,25,401,0,0,28,1181,79,202,30,1383,California
Tuolumne,2021-01-09,2,1585,0,1182,2,403,0,0,2,1183,0,202,2,1385,California
Tuolumne,2021-01-10,3,1588,1,1183,2,405,0,0,3,1186,0,202,3,1388,California
Tuolumne,2021-01-11,117,1705,91,1274,26,431,0,0,35,1139,82,284,35,1423,California
Tuolumne,2021-01-12,103,1808,87,1361,16,447,0,0,18,1072,85,369,18,1441,California
Tuolumne,2021-01-13,231,2039,125,1486,106,553,0,0,182,1206,49,418,183,1624,California
Tuolumne,2021-01-14,148,2187,108,1594,40,593,0,0,43,1145,104,522,43,1667,California
Tuolumne,2021-01-15,474,2661,73,1667,401,994,0,0,411,1494,62,584,411,2078,California
Tuolumne,2021-01-16,7,2668,3,1670,4,998,0,0,6,1499,1,585,6,2084,California
Tuolumne,2021-01-17,8,2676,4,1674,4,1002,0,0,8,1507,0,585,8,2092,California
Tuolumne,2021-01-18,48,2724,38,1712,10,1012,0,0,11,1482,36,621,11,2103,California
Tuolumne,2021-01-19,480,3204,72,1784,408,1420,0,0,436,1874,44,665,436,2539,California
Tuolumne,2021-01-20,76,3280,58,1842,18,1438,0,0,24,1847,51,716,24,2563,California
Tuolumne,2021-01-21,59,3339,25,1867,34,1472,0,0,42,1872,17,733,42,2605,California
Tuolumne,2021-01-22,171,3510,17,1884,154,1626,0,0,163,2027,8,741,163,2768,California
Tuolumne,2021-01-23,651,4161,129,2013,522,2148,0,0,541,2475,110,851,558,3326,California
Tuolumne,2021-01-24,526,4687,3,2016,523,2671,0,0,522,2996,4,855,525,3851,California
Tuolumne,2021-01-25,51,4738,28,2044,23,2694,0,0,25,2996,26,881,26,3877,California
Tuolumne,2021-01-26,81,4819,68,2112,13,2707,0,0,40,2996,41,922,41,3918,California
Tuolumne,2021-01-27,60,4879,4,2116,56,2763,0,0,8,2953,51,973,8,3926,California
Tuolumne,2021-01-28,27,4906,6,2122,21,2784,0,0,18,2962,9,982,18,3944,California
Tuolumne,2021-01-29,74,4980,5,2127,69,2853,0,0,36,2960,38,1020,36,3980,California
Tuolumne,2021-01-30,724,5704,562,2689,162,3015,0,0,699,3653,25,1045,718,4698,California
Tuolumne,2021-01-31,9,5713,2,2691,7,3022,0,0,6,3656,3,1048,6,4704,California
Tuolumne,2021-02-01,27,5740,7,2698,20,3042,0,0,24,3677,3,1051,24,4728,California
Tuolumne,2021-02-02,656,6396,49,2747,607,3649,0,0,642,4309,11,1062,643,5371,California
Tuolumne,2021-02-03,247,6643,112,2859,135,3784,0,0,93,4248,154,1216,93,5464,California
Tuolumne,2021-02-04,126,6769,14,2873,112,3896,0,0,63,4248,63,1279,63,5527,California
Tuolumne,2021-02-05,105,6874,14,2887,91,3987,0,0,39,4222,65,1344,39,5566,California
Tuolumne,2021-02-06,872,7746,593,3480,279,4266,0,0,862,5080,10,1354,868,6434,California
Tuolumne,2021-02-07,8,7754,4,3484,4,4270,0,0,4,5080,4,1358,4,6438,California
Tuolumne,2021-02-08,95,7849,43,3527,52,4322,0,0,70,5125,25,1383,70,6508,California
Tuolumne,2021-02-09,864,8713,51,3578,813,5135,0,0,822,5905,42,1425,822,7330,California
Tuolumne,2021-02-10,98,8811,18,3596,80,5215,0,0,35,5879,61,1486,35,7365,California
Tuolumne,2021-02-11,148,8959,68,3664,80,5295,0,0,82,5895,66,1552,82,7447,California
Tuolumne,2021-02-12,652,9611,22,3686,630,5925,0,0,212,5668,439,1991,212,7659,California
Tuolumne,2021-02-13,158,9769,44,3730,114,6039,0,0,124,5758,34,2025,124,7783,California
Tuolumne,2021-02-14,152,9921,14,3744,138,6177,0,0,151,5908,1,2026,151,7934,California
Tuolumne,2021-02-15,191,10112,11,3755,180,6357,0,0,181,6079,10,2036,181,8115,California
Tuolumne,2021-02-16,534,10646,18,3773,516,6873,0,0,124,5799,406,2442,126,8241,California
Tuolumne,2021-02-17,113,10759,65,3838,48,6921,0,0,63,5813,49,2491,63,8304,California
Tuolumne,2021-02-18,689,11448,30,3868,659,7580,0,0,637,6399,52,2543,638,8942,California
Tuolumne,2021-02-19,147,11595,25,3893,122,7702,0,0,46,6344,101,2644,46,8988,California
Tuolumne,2021-02-20,915,12510,344,4237,571,8273,0,0,387,6226,509,3153,391,9379,California
Tuolumne,2021-02-21,992,13502,44,4281,948,9221,0,0,476,6196,512,3665,482,9861,California
Tuolumne,2021-02-22,82,13584,60,4341,22,9243,0,0,47,6210,33,3698,47,9908,California
Tuolumne,2021-02-23,49,13633,25,4366,24,9267,0,0,25,6212,23,3721,25,9933,California
Tuolumne,2021-02-24,104,13737,57,4423,47,9314,0,0,40,6190,63,3784,41,9974,California
Tuolumne,2021-02-25,1059,14796,36,4459,1023,10337,0,0,1024,7180,35,3819,1025,10999,California
Tuolumne,2021-02-26,154,14950,12,4471,142,10479,0,0,124,7275,30,3849,125,11124,California
Tuolumne,2021-02-27,967,15917,585,5056,382,10861,0,0,250,6833,697,4546,255,11379,California
Tuolumne,2021-02-28,56,15973,4,5060,52,10913,0,0,52,6882,3,4549,52,11431,California
Tuolumne,2021-03-01,122,16095,24,5084,97,11010,1,1,79,6921,42,4591,81,11512,California
Tuolumne,2021-03-02,715,16810,79,5163,636,11646,0,1,109,6425,605,5196,109,11621,California
Tuolumne,2021-03-03,98,16908,22,5185,76,11722,0,1,66,6460,31,5227,66,11687,California
Tuolumne,2021-03-04,1174,18082,77,5262,1097,12819,0,1,1107,7502,65,5292,1107,12794,California
Tuolumne,2021-03-05,95,18177,10,5272,85,12904,0,1,53,7515,41,5333,54,12848,California
Tuolumne,2021-03-06,1068,19245,610,5882,456,13360,2,3,200,6862,860,6193,207,13055,California
Tuolumne,2021-03-07,43,19288,13,5895,15,13375,15,18,19,6872,24,6217,34,13089,California
Tuolumne,2021-03-08,201,19489,91,5986,103,13478,7,25,142,6962,59,6276,149,13238,California
Tuolumne,2021-03-09,875,20364,19,6005,845,14323,11,36,66,6237,802,7078,77,13315,California
Tuolumne,2021-03-10,103,20467,20,6025,72,14395,11,47,54,6253,49,7127,65,13380,California
Tuolumne,2021-03-11,1308,21775,45,6070,1258,15653,5,52,1256,7464,52,7179,1263,14643,California
Tuolumne,2021-03-12,319,22094,45,6115,259,15912,15,67,191,7547,126,7305,209,14852,California
Tuolumne,2021-03-13,121,22215,12,6127,109,16021,0,67,84,7596,36,7341,85,14937,California
Tuolumne,2021-03-14,149,22364,10,6137,130,16151,9,76,7,7475,142,7483,21,14958,California
Tuolumne,2021-03-15,305,22669,83,6220,219,16370,3,79,104,7390,200,7683,115,15073,California
Tuolumne,2021-03-16,812,23481,41,6261,760,17130,11,90,672,7936,139,7822,685,15758,California
Tuolumne,2021-03-17,157,23638,34,6295,110,17240,13,103,80,7953,76,7898,93,15851,California
Tuolumne,2021-03-18,953,24591,27,6322,912,18152,14,117,316,7651,632,8530,330,16181,California
Tuolumne,2021-03-19,138,24729,19,6341,89,18241,30,147,75,7694,62,8592,105,16286,California
Tuolumne,2021-03-20,93,24822,8,6349,75,18316,10,157,37,7685,55,8647,46,16332,California
Tuolumne,2021-03-21,842,25664,394,6743,438,18754,10,167,37,6945,789,9436,49,16381,California
Tuolumne,2021-03-22,167,25831,75,6818,73,18827,19,186,97,6992,69,9505,116,16497,California
Tuolumne,2021-03-23,717,26548,641,7459,62,18889,14,200,678,7645,38,9543,691,17188,California
Tuolumne,2021-03-24,113,26661,22,7481,73,18962,18,218,78,7708,33,9576,96,17284,California
Tuolumne,2021-03-25,1303,27964,24,7505,1276,20238,3,221,325,7063,973,10549,328,17612,California
Tuolumne,2021-03-26,283,28247,19,7524,240,20478,24,245,121,7059,150,10699,146,17758,California
Tuolumne,2021-03-27,591,28838,56,7580,535,21013,0,245,318,7113,267,10966,321,18079,California
Tuolumne,2021-03-28,47,28885,6,7586,41,21054,0,245,8,7084,38,11004,9,18088,California
Tuolumne,2021-03-29,210,29095,87,7673,123,21177,0,245,111,7099,96,11100,111,18199,California
Tuolumne,2021-03-30,171,29266,14,7687,156,21333,1,246,124,7178,46,11146,125,18324,California
Tuolumne,2021-03-31,97,29363,14,7701,81,21414,2,248,40,7165,55,11201,42,18366,California
Tuolumne,2021-04-01,1254,30617,30,7731,1224,22638,0,248,229,6372,1022,12223,229,18595,California
Tuolumne,2021-04-02,172,30789,12,7743,134,22772,26,274,93,6415,76,12299,119,18714,California
Tuolumne,2021-04-03,436,31225,36,7779,398,23170,2,276,245,6473,188,12487,246,18960,California
Tuolumne,2021-04-04,35,31260,4,7783,31,23201,0,276,21,6482,12,12499,21,18981,California
Tuolumne,2021-04-05,131,31391,19,7802,105,23306,7,283,57,6472,74,12573,64,19045,California
Tuolumne,2021-04-06,655,32046,518,8320,110,23416,27,310,517,6881,137,12710,546,19591,California
Tuolumne,2021-04-07,130,32176,38,8358,75,23491,17,327,50,6868,80,12790,67,19658,California
Tuolumne,2021-04-08,1454,33630,36,8394,1403,24894,15,342,251,5936,1198,13988,266,19924,California
Tuolumne,2021-04-09,279,33909,44,8438,190,25084,45,387,133,5971,146,14134,181,20105,California
Tuolumne,2021-04-10,57,33966,2,8440,35,25119,20,407,23,5981,33,14167,43,20148,California
Tuolumne,2021-04-11,17,33983,2,8442,12,25131,3,410,12,5991,5,14172,15,20163,California
Tuolumne,2021-04-12,170,34153,66,8508,99,25230,5,415,89,6009,76,14248,94,20257,California
Tuolumne,2021-04-13,790,34943,35,8543,755,25985,0,415,171,5569,611,14859,171,20428,California
Tuolumne,2021-04-14,159,35102,32,8575,127,26112,0,415,79,5573,76,14935,80,20508,California
Tuolumne,2021-04-15,346,35448,22,8597,324,26436,0,415,61,5356,278,15213,61,20569,California
Tuolumne,2021-04-16,262,35710,57,8654,205,26641,0,415,143,5391,109,15322,144,20713,California
Tuolumne,2021-04-17,44,35754,6,8660,38,26679,0,415,28,5403,16,15338,28,20741,California
Tuolumne,2021-04-18,10,35764,3,8663,7,26686,0,415,5,5404,5,15343,6,20747,California
Tuolumne,2021-04-19,178,35942,79,8742,99,26785,0,415,97,5422,79,15422,97,20844,California
Tuolumne,2021-04-20,714,36656,618,9360,96,26881,0,415,75,4866,631,16053,75,20919,California
Tuolumne,2021-04-21,124,36780,30,9390,94,26975,0,415,66,4880,52,16105,66,20985,California
Tuolumne,2021-04-22,712,37492,46,9436,666,27641,0,415,429,5037,273,16378,430,21415,California
Tuolumne,2021-04-23,179,37671,31,9467,148,27789,0,415,82,5029,91,16469,83,21498,California
Tuolumne,2021-04-24,79,37750,18,9485,61,27850,0,415,50,5050,29,16498,50,21548,California
Tuolumne,2021-04-25,27,37777,10,9495,17,27867,0,415,24,5071,3,16501,24,21572,California
Tuolumne,2021-04-26,160,37937,56,9551,104,27971,0,415,75,5064,83,16584,76,21648,California
Tuolumne,2021-04-27,144,38081,23,9574,114,28085,7,422,66,5062,75,16659,73,21721,California
Tuolumne,2021-04-28,120,38201,24,9598,84,28169,12,434,63,5081,56,16715,75,21796,California
Tuolumne,2021-04-29,287,38488,23,9621,256,28425,8,442,58,4923,224,16939,66,21862,California
Tuolumne,2021-04-30,374,38862,26,9647,336,28761,12,454,74,4714,295,17234,86,21948,California
Tuolumne,2021-05-01,25,38887,7,9654,13,28774,5,459,16,4726,9,17243,21,21969,California
Tuolumne,2021-05-02,26,38913,3,9657,21,28795,2,461,19,4740,7,17250,21,21990,California
Tuolumne,2021-05-03,112,39025,15,9672,92,28887,5,466,38,4711,72,17322,43,22033,California
Tuolumne,2021-05-04,710,39735,601,10273,104,28991,5,471,215,4437,493,17815,219,22252,California
Tuolumne,2021-05-05,110,39845,26,10299,78,29069,6,477,58,4453,48,17863,64,22316,California
Tuolumne,2021-05-06,292,40137,15,10314,261,29330,16,493,43,4267,244,18107,58,22374,California
Tuolumne,2021-05-07,329,40466,25,10339,296,29626,8,501,63,4073,265,18372,71,22445,California
Tuolumne,2021-05-08,50,40516,6,10345,40,29666,4,505,32,4091,18,18390,36,22481,California
Tuolumne,2021-05-09,17,40533,2,10347,13,29679,2,507,3,4082,14,18404,5,22486,California
Tuolumne,2021-05-10,114,40647,45,10392,64,29743,5,512,32,4038,81,18485,37,22523,California
Tuolumne,2021-05-11,205,40852,62,10454,131,29874,12,524,56,3959,147,18632,68,22591,California
Tuolumne,2021-05-12,135,40987,24,10478,107,29981,4,528,51,3930,84,18716,55,22646,California
Tuolumne,2021-05-13,117,41104,19,10497,90,30071,8,536,73,3966,44,18760,80,22726,California
Tuolumne,2021-05-14,207,41311,75,10572,121,30192,11,547,107,3986,98,18858,118,22844,California
Tuolumne,2021-05-15,59,41370,16,10588,36,30228,7,554,20,3975,39,18897,28,22872,California
Tuolumne,2021-05-16,28,41398,8,10596,18,30246,2,556,13,3976,14,18911,15,22887,California
Tuolumne,2021-05-17,110,41508,30,10626,77,30323,3,559,47,3964,63,18974,51,22938,California
Tuolumne,2021-05-18,181,41689,57,10683,77,30400,47,606,60,3951,120,19094,107,23045,California
Tuolumne,2021-05-19,118,41807,20,10703,65,30465,33,639,46,3958,72,19166,79,23124,California
Tuolumne,2021-05-20,411,42218,21,10724,383,30848,7,646,52,3660,357,19523,59,23183,California
Tuolumne,2021-05-21,203,42421,94,10818,103,30951,6,652,118,3701,83,19606,124,23307,California
Tuolumne,2021-05-22,58,42479,19,10837,33,30984,6,658,25,3699,32,19638,30,23337,California
Tuolumne,2021-05-23,27,42506,7,10844,19,31003,1,659,10,3693,17,19655,11,23348,California
Tuolumne,2021-05-24,138,42644,43,10887,89,31092,6,665,53,3668,84,19739,59,23407,California
Tuolumne,2021-05-25,298,42942,222,11109,70,31162,6,671,111,3600,185,19924,117,23524,California
Tuolumne,2021-05-26,87,43029,23,11132,63,31225,1,672,37,3588,50,19974,38,23562,California
Tuolumne,2021-05-27,76,43105,16,11148,58,31283,2,674,30,3575,45,20019,32,23594,California
Tuolumne,2021-05-28,111,43216,51,11199,59,31342,1,675,64,3596,44,20063,65,23659,California
Tuolumne,2021-05-29,38,43254,7,11206,25,31367,6,681,17,3598,21,20084,23,23682,California
Tuolumne,2021-05-30,18,43272,1,11207,14,31381,3,684,4,3591,14,20098,7,23689,California
Tuolumne,2021-05-31,9,43281,1,11208,7,31388,1,685,1,3585,8,20106,2,23691,California
Tuolumne,2021-06-01,79,43360,22,11230,53,31441,4,689,25,3561,53,20159,29,23720,California
Tuolumne,2021-06-02,74,43434,8,11238,58,31499,8,697,22,3540,51,20210,30,23750,California
Tuolumne,2021-06-03,75,43509,25,11263,35,31534,15,712,23,3528,50,20260,38,23788,California
Tuolumne,2021-06-04,133,43642,61,11324,69,31603,3,715,38,3477,92,20352,41,23829,California
Tuolumne,2021-06-05,43,43685,11,11335,30,31633,2,717,17,3470,26,20378,19,23848,California
Tuolumne,2021-06-06,19,43704,5,11340,7,31640,7,724,4,3466,15,20393,11,23859,California
Tuolumne,2021-06-07,60,43764,14,11354,38,31678,8,732,27,3468,33,20426,35,23894,California
Tuolumne,2021-06-08,74,43838,22,11376,51,31729,1,733,27,3451,45,20471,28,23922,California
Tuolumne,2021-06-09,87,43925,45,11421,32,31761,10,743,40,3455,46,20517,50,23972,California
Tuolumne,2021-06-10,99,44024,15,11436,77,31838,7,750,28,3419,71,20588,35,24007,California
Tuolumne,2021-06-11,103,44127,48,11484,52,31890,3,753,25,3371,76,20664,28,24035,California
Tuolumne,2021-06-12,61,44188,20,11504,25,31915,16,769,18,3364,41,20705,34,24069,California
Tuolumne,2021-06-13,17,44205,2,11506,11,31926,4,773,4,3359,13,20718,8,24077,California
Tuolumne,2021-06-14,100,44305,33,11539,63,31989,4,777,52,3367,48,20766,56,24133,California
Tuolumne,2021-06-15,131,44436,83,11622,39,32028,9,786,21,3289,108,20874,30,24163,California
Tuolumne,2021-06-16,95,44531,46,11668,46,32074,3,789,53,3304,41,20915,56,24219,California
Tuolumne,2021-06-17,45,44576,10,11678,34,32108,1,790,17,3294,28,20943,18,24237,California
Tuolumne,2021-06-18,172,44748,95,11773,63,32171,14,804,61,3258,110,21053,74,24311,California
Tuolumne,2021-06-19,25,44773,9,11782,13,32184,3,807,10,3256,15,21068,13,24324,California
Tuolumne,2021-06-20,13,44786,2,11784,11,32195,0,807,10,3263,3,21071,10,24334,California
Tuolumne,2021-06-21,39,44825,3,11787,35,32230,1,808,20,3265,19,21090,21,24355,California
Tuolumne,2021-06-22,45,44870,11,11798,34,32264,0,808,22,3265,22,21112,22,24377,California
Tuolumne,2021-06-23,70,44940,13,11811,37,32301,20,828,32,3279,38,21150,52,24429,California
Tuolumne,2021-06-24,56,44996,24,11835,26,32327,6,834,26,3283,29,21179,33,24462,California
Tuolumne,2021-06-25,55,45051,31,11866,19,32346,5,839,29,3290,26,21205,33,24495,California
Tuolumne,2021-06-26,12,45063,5,11871,7,32353,0,839,7,3292,5,21210,7,24502,California
Tuolumne,2021-06-27,7,45070,2,11873,5,32358,0,839,7,3299,0,21210,7,24509,California
Tuolumne,2021-06-28,40,45110,20,11893,15,32373,5,844,27,3318,13,21223,32,24541,California
Tuolumne,2021-06-29,36,45146,18,11911,16,32389,2,846,21,3327,14,21237,23,24564,California
Tuolumne,2021-06-30,73,45219,36,11947,36,32425,1,847,20,3296,52,21289,21,24585,California
Tuolumne,2021-07-01,37,45256,16,11963,14,32439,7,854,24,3314,13,21302,31,24616,California
Tuolumne,2021-07-02,62,45318,30,11993,26,32465,6,860,43,3344,19,21321,49,24665,California
Tuolumne,2021-07-03,8,45326,4,11997,4,32469,0,860,5,3346,3,21324,5,24670,California
Tuolumne,2021-07-05,14,45340,1,11998,13,32482,0,860,7,3346,7,21331,7,24677,California
Tuolumne,2021-07-06,58,45398,19,12017,35,32517,4,864,21,3335,34,21365,23,24700,California
Tuolumne,2021-07-07,66,45464,33,12050,25,32542,8,872,26,3330,38,21403,33,24733,California
Tuolumne,2021-07-08,33,45497,13,12063,18,32560,2,874,21,3342,11,21414,23,24756,California
Tuolumne,2021-07-09,35,45532,14,12077,21,32581,0,874,20,3347,15,21429,20,24776,California
Ventura,2020-12-15,5,5,5,5,0,0,0,0,5,5,0,0,5,5,California
Ventura,2020-12-16,75,80,75,80,0,0,0,0,75,80,0,0,75,80,California
Ventura,2020-12-17,315,395,315,395,0,0,0,0,315,395,0,0,315,395,California
Ventura,2020-12-18,1601,1996,1601,1996,0,0,0,0,1601,1996,0,0,1601,1996,California
Ventura,2020-12-19,987,2983,986,2982,1,1,0,0,987,2983,0,0,987,2983,California
Ventura,2020-12-20,458,3441,458,3440,0,1,0,0,458,3441,0,0,458,3441,California
Ventura,2020-12-21,1514,4955,1514,4954,0,1,0,0,1514,4955,0,0,1514,4955,California
Ventura,2020-12-22,1160,6115,1154,6108,6,7,0,0,1160,6115,0,0,1160,6115,California
Ventura,2020-12-23,1088,7203,1038,7146,50,57,0,0,1088,7203,0,0,1088,7203,California
Ventura,2020-12-24,478,7681,378,7524,100,157,0,0,478,7681,0,0,478,7681,California
Ventura,2020-12-25,12,7693,7,7531,5,162,0,0,12,7693,0,0,12,7693,California
Ventura,2020-12-26,114,7807,93,7624,21,183,0,0,114,7807,0,0,114,7807,California
Ventura,2020-12-27,59,7866,27,7651,32,215,0,0,59,7866,0,0,59,7866,California
Ventura,2020-12-28,1092,8958,950,8601,142,357,0,0,1092,8958,0,0,1092,8958,California
Ventura,2020-12-29,1188,10146,778,9379,410,767,0,0,1188,10146,0,0,1188,10146,California
Ventura,2020-12-30,2001,12147,1532,10911,469,1236,0,0,2001,12147,0,0,2001,12147,California
Ventura,2020-12-31,487,12634,166,11077,321,1557,0,0,482,12624,5,5,482,12629,California
Ventura,2021-01-01,41,12675,19,11096,22,1579,0,0,41,12665,0,5,41,12670,California
Ventura,2021-01-02,175,12850,81,11177,94,1673,0,0,175,12840,0,5,175,12845,California
Ventura,2021-01-03,20,12870,9,11186,11,1684,0,0,20,12860,0,5,20,12865,California
Ventura,2021-01-04,1034,13904,493,11679,541,2225,0,0,1032,13892,0,5,1032,13897,California
Ventura,2021-01-05,1383,15287,785,12464,598,2823,0,0,1270,15052,110,115,1270,15167,California
Ventura,2021-01-06,2073,17360,1189,13653,884,3707,0,0,1572,16134,492,607,1574,16741,California
Ventura,2021-01-07,2085,19445,1333,14986,752,4459,0,0,1041,16137,1039,1646,1042,17783,California
Ventura,2021-01-08,2203,21648,1478,16464,725,5184,0,0,906,15750,1295,2941,908,18691,California
Ventura,2021-01-09,725,22373,503,16967,222,5406,0,0,319,15663,406,3347,319,19010,California
Ventura,2021-01-10,344,22717,327,17294,17,5423,0,0,130,15579,214,3561,130,19140,California
Ventura,2021-01-11,2464,25181,1494,18788,970,6393,0,0,1513,16145,951,4512,1517,20657,California
Ventura,2021-01-12,3058,28239,1620,20408,1438,7831,0,0,1937,16961,1121,5633,1937,22594,California
Ventura,2021-01-13,2951,31190,1436,21844,1515,9346,0,0,2041,18096,907,6540,2042,24636,California
Ventura,2021-01-14,2795,33985,1106,22950,1689,11035,0,0,2332,19967,462,7002,2333,26969,California
Ventura,2021-01-15,2901,36886,970,23920,1931,12966,0,0,2686,22439,215,7217,2687,29656,California
Ventura,2021-01-16,490,37376,188,24108,302,13268,0,0,410,22769,80,7297,410,30066,California
Ventura,2021-01-17,270,37646,140,24248,130,13398,0,0,263,23026,6,7303,263,30329,California
Ventura,2021-01-18,2224,39870,1668,25916,556,13954,0,0,1673,24150,550,7853,1674,32003,California
Ventura,2021-01-19,3071,42941,2135,28051,936,14890,0,0,2155,25392,916,8769,2158,34161,California
Ventura,2021-01-20,4181,47122,3213,31264,968,15858,0,0,3084,27384,1093,9862,3085,37246,California
Ventura,2021-01-21,3894,51016,2713,33977,1181,17039,0,0,3206,29912,680,10542,3208,40454,California
Ventura,2021-01-22,3649,54665,2511,36488,1138,18177,0,0,3481,33225,168,10710,3481,43935,California
Ventura,2021-01-23,1193,55858,652,37140,541,18718,0,0,1092,34219,100,10810,1094,45029,California
Ventura,2021-01-24,459,56317,137,37277,322,19040,0,0,445,34650,14,10824,445,45474,California
Ventura,2021-01-25,3176,59493,2038,39315,1138,20178,0,0,2616,36708,559,11383,2617,48091,California
Ventura,2021-01-26,3743,63236,2215,41530,1528,21706,0,0,2731,38432,1008,12391,2732,50823,California
Ventura,2021-01-27,3506,66742,1569,43099,1937,23643,0,0,2751,40434,751,13142,2753,53576,California
Ventura,2021-01-28,3911,70653,2008,45107,1903,25546,0,0,3284,43110,611,13753,3287,56863,California
Ventura,2021-01-29,4300,74953,2536,47643,1764,27310,0,0,3788,46400,498,14251,3788,60651,California
Ventura,2021-01-30,3049,78002,1955,49598,1094,28404,0,0,2875,49107,169,14420,2876,63527,California
Ventura,2021-01-31,837,78839,445,50043,392,28796,0,0,747,49765,89,14509,747,64274,California
Ventura,2021-02-01,3986,82825,2114,52157,1872,30668,0,0,3199,52186,780,15289,3201,67475,California
Ventura,2021-02-02,4455,87280,2380,54537,2075,32743,0,0,3413,54568,1034,16323,3416,70891,California
Ventura,2021-02-03,4477,91757,2084,56621,2393,35136,0,0,3442,56982,1030,17353,3444,74335,California
Ventura,2021-02-04,4831,96588,2307,58928,2524,37660,0,0,3540,59243,1283,18636,3544,77879,California
Ventura,2021-02-05,4918,101506,2384,61312,2534,40194,0,0,3370,61082,1534,20170,3373,81252,California
Ventura,2021-02-06,2864,104370,1521,62833,1343,41537,0,0,2455,63128,409,20579,2455,83707,California
Ventura,2021-02-07,747,105117,247,63080,500,42037,0,0,621,63624,126,20705,622,84329,California
Ventura,2021-02-08,3541,108658,1637,64717,1904,43941,0,0,2444,64980,1089,21794,2445,86774,California
Ventura,2021-02-09,4762,113420,1980,66697,2782,46723,0,0,2486,65197,2273,24067,2490,89264,California
Ventura,2021-02-10,4774,118194,2257,68954,2517,49240,0,0,2397,65232,2363,26430,2398,91662,California
Ventura,2021-02-11,4729,122923,1884,70838,2845,52085,0,0,2478,65471,2242,28672,2481,94143,California
Ventura,2021-02-12,6407,129330,2699,73537,3708,55793,0,0,3269,65609,3131,31803,3269,97412,California
Ventura,2021-02-13,3335,132665,1847,75384,1488,57281,0,0,1859,65998,1472,33275,1861,99273,California
Ventura,2021-02-14,1234,133899,125,75509,1109,58390,0,0,1014,66795,219,33494,1016,100289,California
Ventura,2021-02-15,4044,137943,1830,77339,2214,60604,0,0,2131,67020,1908,35402,2133,102422,California
Ventura,2021-02-16,5614,143557,2747,80086,2867,63471,0,0,3038,67493,2566,37968,3039,105461,California
Ventura,2021-02-17,5359,148916,1941,82027,3418,66889,0,0,3357,68859,1991,39959,3357,108818,California
Ventura,2021-02-18,5837,154753,1853,83880,3984,70873,0,0,3659,70356,2162,42121,3659,112477,California
Ventura,2021-02-19,6578,161331,3842,87722,2736,73609,0,0,3043,69877,3528,45649,3049,115526,California
Ventura,2021-02-20,5011,166342,3229,90951,1782,75391,0,0,2788,70462,2207,47856,2792,118318,California
Ventura,2021-02-21,1150,167492,846,91797,304,75695,0,0,472,70262,672,48528,472,118790,California
Ventura,2021-02-22,5744,173236,2556,94353,3188,78883,0,0,3661,71862,2063,50591,3663,122453,California
Ventura,2021-02-23,6245,179481,3097,97450,3148,82031,0,0,3570,72784,2652,53243,3574,126027,California
Ventura,2021-02-24,7313,186794,2674,100124,4639,86670,0,0,4380,74256,2910,56153,4382,130409,California
Ventura,2021-02-25,7773,194567,2639,102763,5134,91804,0,0,4651,75807,3105,59258,4656,135065,California
Ventura,2021-02-26,9624,204191,2822,105585,6802,98606,0,0,6254,78724,3341,62599,6258,141323,California
Ventura,2021-02-27,10687,214878,5309,110894,5378,103984,0,0,7992,84051,2675,65274,8002,149325,California
Ventura,2021-02-28,2584,217462,1649,112543,934,104918,1,1,2100,85677,475,65749,2101,151426,California
Ventura,2021-03-01,7195,224657,2864,115407,4328,109246,3,4,4778,88077,2394,68143,4794,156220,California
Ventura,2021-03-02,7756,232413,4051,119458,3703,112949,2,6,5432,91198,2312,70455,5433,161653,California
Ventura,2021-03-03,8719,241132,3933,123391,4783,117732,3,9,6135,94778,2562,73017,6142,167795,California
Ventura,2021-03-04,8329,249461,3895,127286,4434,122166,0,9,5611,97692,2702,75719,5616,173411,California
Ventura,2021-03-05,10114,259575,4817,132103,5285,127451,12,21,7189,101998,2908,78627,7214,180625,California
Ventura,2021-03-06,7799,267374,4403,136506,3241,130692,155,176,5809,105984,1982,80609,5968,186593,California
Ventura,2021-03-07,1720,269094,619,137125,953,131645,148,324,1252,106919,468,81077,1403,187996,California
Ventura,2021-03-08,6874,275968,3448,140573,3263,134908,163,487,4743,109708,2120,83197,4909,192905,California
Ventura,2021-03-09,6902,282870,3038,143611,3662,138570,202,689,3992,111015,2893,86090,4200,197105,California
Ventura,2021-03-10,7058,289928,3022,146633,3795,142365,241,930,4699,113611,2344,88434,4940,202045,California
Ventura,2021-03-11,6582,296510,2908,149541,3356,145721,318,1248,3583,114532,2979,91413,3900,205945,California
Ventura,2021-03-12,8766,305276,3062,152603,4856,150577,848,2096,4278,115184,4463,95876,5115,211060,California
Ventura,2021-03-13,7316,312592,2516,155119,3954,154531,846,2942,4336,117399,2965,98841,5180,216240,California
Ventura,2021-03-14,2148,314740,488,155607,1164,155695,496,3438,728,117206,1417,100258,1224,217464,California
Ventura,2021-03-15,7130,321870,2057,157664,3727,159422,1346,4784,3134,117716,3964,104222,4474,221938,California
Ventura,2021-03-16,8194,330064,2468,160132,4610,164032,1116,5900,4204,119060,3973,108195,5317,227255,California
Ventura,2021-03-17,7761,337825,2811,162943,4601,168633,349,6249,4704,121079,3035,111230,5054,232309,California
Ventura,2021-03-18,7620,345445,3317,166260,4151,172784,152,6401,5002,123630,2603,113833,5154,237463,California
Ventura,2021-03-19,8721,354166,3834,170094,4772,177556,115,6516,5274,125600,3416,117249,5386,242849,California
Ventura,2021-03-20,8935,363101,5956,176050,2956,180512,23,6539,4637,125990,4271,121520,4661,247510,California
Ventura,2021-03-21,2815,365916,1533,177583,910,181422,372,6911,1314,126185,1487,123007,1682,249192,California
Ventura,2021-03-22,7472,373388,3739,181322,3630,185052,103,7014,4902,128647,2545,125552,5007,254199,California
Ventura,2021-03-23,8292,381680,3946,185268,4274,189326,72,7086,4614,129696,3637,129189,4686,258885,California
Ventura,2021-03-24,8973,390653,3441,188709,5454,194780,78,7164,4411,129671,4518,133707,4493,263378,California
Ventura,2021-03-25,8869,399522,3933,192642,4832,199612,104,7268,4457,129845,4386,138093,4560,267938,California
Ventura,2021-03-26,10009,409531,3388,196030,5967,205579,654,7922,3986,128498,5984,144077,4637,272575,California
Ventura,2021-03-27,8802,418333,3949,199979,4810,210389,43,7965,2424,124628,6338,150415,2468,275043,California
Ventura,2021-03-28,2550,420883,1429,201408,1112,211501,9,7974,1373,124839,1171,151586,1382,276425,California
Ventura,2021-03-29,8668,429551,4330,205738,4291,215792,47,8021,4271,124792,4365,155951,4318,280743,California
Ventura,2021-03-30,9060,438611,4490,210228,4439,220231,131,8152,4402,124688,4637,160588,4533,285276,California
Ventura,2021-03-31,10880,449491,4887,215115,5365,225596,628,8780,4685,123837,6160,166748,5309,290585,California
Ventura,2021-04-01,10966,460457,5317,220432,4757,230353,892,9672,5528,124865,5384,172132,6412,296997,California
Ventura,2021-04-02,11892,472349,4674,225106,5869,236222,1349,11021,5695,125754,6156,178288,7045,304042,California
Ventura,2021-04-03,8166,480515,4044,229150,2943,239165,1179,12200,3442,125660,4706,182994,4612,308654,California
Ventura,2021-04-04,1728,482243,965,230115,628,239793,135,12335,1152,126379,568,183562,1287,309941,California
Ventura,2021-04-05,9503,491746,4893,235008,3486,243279,1124,13459,4842,127698,4644,188206,5963,315904,California
Ventura,2021-04-06,11032,502778,5587,240595,3944,247223,1501,14960,5662,129521,5340,193546,7163,323067,California
Ventura,2021-04-07,11529,514307,5420,246015,4593,251816,1516,16476,5261,130045,6246,199792,6770,329837,California
Ventura,2021-04-08,10512,524819,5310,251325,4218,256034,984,17460,5249,131031,5234,205026,6220,336057,California
Ventura,2021-04-09,11415,536234,4410,255735,5275,261309,1730,19190,4995,131355,6391,211417,6715,342772,California
Ventura,2021-04-10,9890,546124,4177,259912,3535,264844,2178,21368,3067,129793,6802,218219,5240,348012,California
Ventura,2021-04-11,2463,548587,865,260777,1020,265864,578,21946,692,129302,1759,219978,1268,349280,California
Ventura,2021-04-12,9121,557708,4543,265320,3743,269607,835,22781,3816,128662,5284,225262,4644,353924,California
Ventura,2021-04-13,8953,566661,4564,269884,4383,273990,6,22787,3781,127318,5131,230393,3787,357711,California
Ventura,2021-04-14,8910,575571,4146,274030,4749,278739,15,22802,3406,125284,5460,235853,3426,361137,California
Ventura,2021-04-15,9548,585119,4614,278644,4907,283646,27,22829,4104,124014,5402,241255,4132,365269,California
Ventura,2021-04-16,10372,595491,4583,283227,5787,289433,2,22831,4872,123422,5471,246726,4879,370148,California
Ventura,2021-04-17,9090,604581,5430,288657,3646,293079,14,22845,5284,124930,3789,250515,5297,375445,California
Ventura,2021-04-18,2236,606817,1102,289759,1134,294213,0,22845,967,124637,1261,251776,968,376413,California
Ventura,2021-04-19,8192,615009,4895,294654,3294,297507,3,22848,4702,125880,3463,255239,4706,381119,California
Ventura,2021-04-20,9603,624612,5108,299762,4490,301997,5,22853,4522,125356,5051,260290,4527,385646,California
Ventura,2021-04-21,9248,633860,4818,304580,4424,306421,6,22859,4423,124985,4799,265089,4428,390074,California
Ventura,2021-04-22,10207,644067,5589,310169,4617,311038,1,22860,4532,123870,5650,270739,4535,394609,California
Ventura,2021-04-23,11051,655118,5518,315687,5532,316570,1,22861,5490,123831,5531,276270,5492,400101,California
Ventura,2021-04-24,10587,665705,5917,321604,4670,321240,0,22861,6218,125702,4348,280618,6219,406320,California
Ventura,2021-04-25,2492,668197,1721,323325,771,322011,0,22861,1157,125528,1331,281949,1157,407477,California
Ventura,2021-04-26,8043,676240,4623,327948,3353,325364,67,22928,3345,124268,4667,286616,3407,410884,California
Ventura,2021-04-27,9231,685471,5155,333103,3847,329211,229,23157,3475,122237,5734,292350,3703,414587,California
Ventura,2021-04-28,8457,693928,4901,338004,3235,332446,321,23478,3315,120765,5110,297460,3638,418225,California
Ventura,2021-04-29,7969,701897,4299,342303,3406,335852,264,23742,2832,118753,5107,302567,3095,421320,California
Ventura,2021-04-30,9547,711444,5516,347819,3755,339607,276,24018,3935,117378,5577,308144,4202,425522,California
Ventura,2021-05-01,5164,716608,3645,351464,1411,341018,108,24126,2038,116427,3093,311237,2142,427664,California
Ventura,2021-05-02,2143,718751,1433,352897,619,341637,91,24217,1039,116461,1097,312334,1131,428795,California
Ventura,2021-05-03,6343,725094,3896,356793,2159,343796,288,24505,1981,114390,4340,316674,2269,431064,California
Ventura,2021-05-04,6455,731549,3375,360168,2781,346577,299,24804,2326,112901,4115,320789,2626,433690,California
Ventura,2021-05-05,5477,737026,3065,363233,2150,348727,262,25066,1956,111622,3489,324278,2210,435900,California
Ventura,2021-05-06,6242,743268,3221,366454,2753,351480,268,25334,1994,109659,4226,328504,2263,438163,California
Ventura,2021-05-07,6924,750192,3470,369924,3179,354659,275,25609,2355,107749,4539,333043,2629,440792,California
Ventura,2021-05-08,5421,755613,4217,374141,1046,355705,158,25767,1222,104944,4183,337226,1378,442170,California
Ventura,2021-05-09,1128,756741,820,374961,261,355966,47,25814,427,104724,693,337919,473,442643,California
Ventura,2021-05-10,6159,762900,4115,379076,1834,357800,210,26024,1384,101557,4760,342679,1593,444236,California
Ventura,2021-05-11,5361,768261,3307,382383,1829,359629,225,26249,1507,99446,3842,346521,1731,445967,California
Ventura,2021-05-12,5071,773332,2991,385374,1860,361489,220,26469,1535,97682,3519,350040,1755,447722,California
Ventura,2021-05-13,6366,779698,3857,389231,2302,363791,207,26676,2273,96089,4076,354116,2483,450205,California
Ventura,2021-05-14,7510,787208,4657,393888,2634,366425,219,26895,2833,94478,4658,358774,3047,453252,California
Ventura,2021-05-15,6755,793963,5394,399282,1274,367699,87,26982,2803,93445,3923,362697,2890,456142,California
Ventura,2021-05-16,2201,796164,1710,400992,439,368138,52,27034,1038,93376,1159,363856,1090,457232,California
Ventura,2021-05-17,5893,802057,3559,404551,2121,370259,213,27247,2401,92513,3476,367332,2613,459845,California
Ventura,2021-05-18,5426,807483,3170,407721,2076,372335,180,27427,2134,91553,3273,370605,2313,462158,California
Ventura,2021-05-19,5851,813334,3534,411255,2106,374441,211,27638,2362,90665,3457,374062,2569,464727,California
Ventura,2021-05-20,5497,818831,3052,414307,2286,376727,159,27797,2135,89624,3331,377393,2290,467017,California
Ventura,2021-05-21,7940,826771,4472,418779,3291,380018,177,27974,2560,87015,5347,382740,2738,469755,California
Ventura,2021-05-22,5667,832438,2901,421680,2691,382709,75,28049,1772,84978,3884,386624,1847,471602,California
Ventura,2021-05-23,1997,834435,1533,423213,392,383101,72,28121,748,84558,1240,387864,820,472422,California
Ventura,2021-05-24,4545,838980,2463,425676,1914,385015,168,28289,1449,83096,3076,390940,1614,474036,California
Ventura,2021-05-25,4295,843275,2230,427906,1913,386928,152,28441,1415,81800,2862,393802,1566,475602,California
Ventura,2021-05-26,4297,847572,2289,430195,1843,388771,165,28606,1654,81000,2621,396423,1821,477423,California
Ventura,2021-05-27,3876,851448,1912,432107,1836,390607,128,28734,1382,80028,2481,398904,1509,478932,California
Ventura,2021-05-28,4574,856022,2479,434586,1901,392508,194,28928,1978,79620,2574,401478,2166,481098,California
Ventura,2021-05-29,2158,858180,1352,435938,739,393247,67,28995,1046,79634,1099,402577,1113,482211,California
Ventura,2021-05-30,915,859095,585,436523,276,393523,54,29049,359,79495,551,403128,412,482623,California
Ventura,2021-05-31,257,859352,138,436661,110,393633,9,29058,61,79369,196,403324,70,482693,California
Ventura,2021-06-01,4016,863368,2284,438945,1566,395199,166,29224,1294,78130,2699,406023,1460,484153,California
Ventura,2021-06-02,2966,866334,1634,440579,1196,396395,136,29360,1006,77328,1944,407967,1142,485295,California
Ventura,2021-06-03,3248,869582,2010,442589,1083,397478,155,29515,885,76016,2351,410318,1039,486334,California
Ventura,2021-06-04,4595,874177,3023,445612,1411,398889,161,29676,1418,74432,3163,413481,1579,487913,California
Ventura,2021-06-05,3827,878004,3198,448810,565,399454,64,29740,1157,72996,2658,416139,1222,489135,California
Ventura,2021-06-06,1259,879263,1079,449889,135,399589,45,29785,286,72363,963,417102,330,489465,California
Ventura,2021-06-07,3167,882430,2356,452245,700,400289,111,29896,946,71214,2205,419307,1056,490521,California
Ventura,2021-06-08,3032,885462,1996,454241,901,401190,135,30031,885,70103,2131,421438,1020,491541,California
Ventura,2021-06-09,2946,888408,2052,456293,789,401979,105,30136,767,68809,2166,423604,872,492413,California
Ventura,2021-06-10,3043,891451,2129,458422,812,402791,102,30238,812,67503,2218,425822,912,493325,California
Ventura,2021-06-11,3476,894927,2392,460814,947,403738,137,30375,977,66127,2487,428309,1111,494436,California
Ventura,2021-06-12,2156,897083,1691,462505,419,404157,46,30421,515,65058,1630,429939,561,494997,California
Ventura,2021-06-13,1020,898103,783,463288,173,404330,64,30485,235,64576,783,430722,301,495298,California
Ventura,2021-06-14,2647,900750,1805,465093,711,405041,131,30616,817,63704,1819,432541,947,496245,California
Ventura,2021-06-15,2430,903180,1567,466660,753,405794,110,30726,847,63089,1570,434111,955,497200,California
Ventura,2021-06-16,2484,905664,1818,468478,560,406354,106,30832,824,62378,1640,435751,929,498129,California
Ventura,2021-06-17,2219,907883,1552,470030,567,406921,100,30932,815,61898,1395,437146,915,499044,California
Ventura,2021-06-18,2964,910847,2092,472122,748,407669,124,31056,977,61027,1972,439118,1101,500145,California
Ventura,2021-06-19,1378,912225,1067,473189,286,407955,25,31081,522,60729,845,439963,547,500692,California
Ventura,2021-06-20,693,912918,538,473727,114,408069,41,31122,260,60600,430,440393,301,500993,California
Ventura,2021-06-21,1682,914600,1076,474803,488,408557,118,31240,836,60717,836,441229,953,501946,California
Ventura,2021-06-22,1968,916568,1378,476181,491,409048,99,31339,735,60327,1223,442452,833,502779,California
Ventura,2021-06-23,1785,918353,1224,477405,453,409501,108,31447,739,60139,1034,443486,846,503625,California
Ventura,2021-06-24,1821,920174,1198,478603,504,410005,119,31566,723,59894,1087,444573,842,504467,California
Ventura,2021-06-25,2419,922593,1613,480216,631,410636,175,31741,879,59419,1529,446102,1054,505521,California
Ventura,2021-06-26,1553,924146,1265,481481,225,410861,63,31804,521,58978,1025,447127,584,506105,California
Ventura,2021-06-27,582,924728,453,481934,103,410964,26,31830,259,58943,320,447447,285,506390,California
Ventura,2021-06-28,1773,926501,1428,483362,246,411210,99,31929,723,58727,1038,448485,822,507212,California
Ventura,2021-06-29,1666,928167,1112,484474,462,411672,92,32021,686,58531,972,449457,776,507988,California
Ventura,2021-06-30,1582,929749,1115,485589,369,412041,98,32119,773,58597,802,450259,868,508856,California
Ventura,2021-07-01,1464,931213,1085,486674,303,412344,76,32195,627,58473,826,451085,702,509558,California
Ventura,2021-07-02,1777,932990,1212,487886,471,412815,94,32289,824,58447,944,452029,918,510476,California
Ventura,2021-07-03,892,933882,669,488555,187,413002,36,32325,445,58488,440,452469,481,510957,California
Ventura,2021-07-04,61,933943,44,488599,13,413015,4,32329,27,58485,34,452503,31,510988,California
Ventura,2021-07-05,953,934896,695,489294,192,413207,66,32395,407,58414,543,453046,472,511460,California
Ventura,2021-07-06,1503,936399,1046,490340,384,413591,73,32468,646,58284,849,453895,719,512179,California
Ventura,2021-07-07,1520,937919,1059,491399,361,413952,100,32568,583,58037,930,454825,683,512862,California
Ventura,2021-07-08,1695,939614,1316,492715,311,414263,68,32636,707,57832,980,455805,775,513637,California
Ventura,2021-07-09,1337,940951,996,493711,256,414519,85,32721,536,57663,785,456590,616,514253,California
Yolo,2020-12-15,39,39,39,39,0,0,0,0,39,39,0,0,39,39,California
Yolo,2020-12-16,80,119,80,119,0,0,0,0,80,119,0,0,80,119,California
Yolo,2020-12-17,107,226,107,226,0,0,0,0,107,226,0,0,107,226,California
Yolo,2020-12-18,231,457,231,457,0,0,0,0,231,457,0,0,231,457,California
Yolo,2020-12-19,87,544,87,544,0,0,0,0,87,544,0,0,87,544,California
Yolo,2020-12-20,102,646,102,646,0,0,0,0,102,646,0,0,102,646,California
Yolo,2020-12-21,253,899,253,899,0,0,0,0,253,899,0,0,253,899,California
Yolo,2020-12-22,386,1285,385,1284,1,1,0,0,386,1285,0,0,386,1285,California
Yolo,2020-12-23,439,1724,419,1703,20,21,0,0,439,1724,0,0,439,1724,California
Yolo,2020-12-24,153,1877,96,1799,57,78,0,0,153,1877,0,0,153,1877,California
Yolo,2020-12-25,1,1878,1,1800,0,78,0,0,1,1878,0,0,1,1878,California
Yolo,2020-12-26,75,1953,25,1825,50,128,0,0,75,1953,0,0,75,1953,California
Yolo,2020-12-27,46,1999,19,1844,27,155,0,0,46,1999,0,0,46,1999,California
Yolo,2020-12-28,404,2403,235,2079,169,324,0,0,404,2403,0,0,404,2403,California
Yolo,2020-12-29,492,2895,268,2347,224,548,0,0,492,2895,0,0,492,2895,California
Yolo,2020-12-30,626,3521,256,2603,370,918,0,0,626,3521,0,0,626,3521,California
Yolo,2020-12-31,183,3704,93,2696,90,1008,0,0,183,3704,0,0,183,3704,California
Yolo,2021-01-01,58,3762,56,2752,2,1010,0,0,58,3762,0,0,58,3762,California
Yolo,2021-01-02,72,3834,28,2780,44,1054,0,0,72,3834,0,0,72,3834,California
Yolo,2021-01-03,44,3878,19,2799,25,1079,0,0,44,3878,0,0,44,3878,California
Yolo,2021-01-04,192,4070,41,2840,151,1230,0,0,192,4070,0,0,192,4070,California
Yolo,2021-01-05,619,4689,238,3078,381,1611,0,0,554,4559,65,65,554,4624,California
Yolo,2021-01-06,484,5173,183,3261,301,1912,0,0,347,4769,137,202,347,4971,California
Yolo,2021-01-07,713,5886,234,3495,479,2391,0,0,520,5097,192,394,520,5491,California
Yolo,2021-01-08,632,6518,312,3807,320,2711,0,0,406,5278,225,619,406,5897,California
Yolo,2021-01-09,411,6929,73,3880,338,3049,0,0,365,5597,46,665,365,6262,California
Yolo,2021-01-10,394,7323,80,3960,314,3363,0,0,324,5851,70,735,324,6586,California
Yolo,2021-01-11,565,7888,329,4289,236,3599,0,0,290,5868,275,1010,292,6878,California
Yolo,2021-01-12,563,8451,443,4732,120,3719,0,0,194,5694,369,1379,195,7073,California
Yolo,2021-01-13,776,9227,314,5046,462,4181,0,0,522,5962,254,1633,522,7595,California
Yolo,2021-01-14,381,9608,184,5230,197,4378,0,0,277,6135,104,1737,277,7872,California
Yolo,2021-01-15,634,10242,323,5553,311,4689,0,0,551,6604,83,1820,552,8424,California
Yolo,2021-01-16,748,10990,96,5649,652,5341,0,0,717,7290,31,1851,717,9141,California
Yolo,2021-01-17,191,11181,121,5770,70,5411,0,0,184,7467,7,1858,184,9325,California
Yolo,2021-01-18,485,11666,305,6075,180,5591,0,0,333,7648,152,2010,333,9658,California
Yolo,2021-01-19,561,12227,372,6447,189,5780,0,0,384,7855,177,2187,384,10042,California
Yolo,2021-01-20,661,12888,384,6831,277,6057,0,0,470,8135,190,2377,470,10512,California
Yolo,2021-01-21,649,13537,384,7215,265,6322,0,0,460,8406,189,2566,460,10972,California
Yolo,2021-01-22,758,14295,255,7470,503,6825,0,0,640,8930,116,2682,640,11612,California
Yolo,2021-01-23,628,14923,126,7596,502,7327,0,0,578,9458,50,2732,578,12190,California
Yolo,2021-01-24,207,15130,123,7719,84,7411,0,0,166,9583,41,2773,166,12356,California
Yolo,2021-01-25,741,15871,163,7882,578,7989,0,0,520,9881,222,2995,520,12876,California
Yolo,2021-01-26,832,16703,330,8212,502,8491,0,0,435,9919,397,3392,435,13311,California
Yolo,2021-01-27,685,17388,230,8442,455,8946,0,0,402,10038,283,3675,402,13713,California
Yolo,2021-01-28,1056,18444,564,9006,492,9438,0,0,930,10843,125,3800,930,14643,California
Yolo,2021-01-29,994,19438,265,9271,729,10167,0,0,909,11668,84,3884,909,15552,California
Yolo,2021-01-30,1529,20967,923,10194,606,10773,0,0,1406,12957,117,4001,1406,16958,California
Yolo,2021-01-31,239,21206,201,10395,38,10811,0,0,210,13139,28,4029,210,17168,California
Yolo,2021-02-01,859,22065,365,10760,494,11305,0,0,622,13527,234,4263,622,17790,California
Yolo,2021-02-02,1350,23415,755,11515,595,11900,0,0,933,14044,417,4680,934,18724,California
Yolo,2021-02-03,1534,24949,400,11915,1134,13034,0,0,1192,14897,339,5019,1192,19916,California
Yolo,2021-02-04,1809,26758,281,12196,1528,14562,0,0,1254,15607,545,5564,1255,21171,California
Yolo,2021-02-05,1613,28371,917,13113,696,15258,0,0,1209,16414,403,5967,1210,22381,California
Yolo,2021-02-06,1929,30300,1254,14367,675,15933,0,0,1563,17612,366,6333,1564,23945,California
Yolo,2021-02-07,524,30824,253,14620,271,16204,0,0,173,17435,350,6683,173,24118,California
Yolo,2021-02-08,952,31776,334,14954,618,16822,0,0,605,17697,343,7026,605,24723,California
Yolo,2021-02-09,861,32637,387,15341,474,17296,0,0,573,17982,288,7314,573,25296,California
Yolo,2021-02-10,1478,34115,480,15821,998,18294,0,0,830,18166,648,7962,832,26128,California
Yolo,2021-02-11,1581,35696,808,16629,773,19067,0,0,1187,18959,394,8356,1187,27315,California
Yolo,2021-02-12,1949,37645,761,17390,1188,20255,0,0,1460,19935,485,8841,1461,28776,California
Yolo,2021-02-13,2073,39718,716,18106,1357,21612,0,0,1394,20650,679,9520,1394,30170,California
Yolo,2021-02-14,573,40291,156,18262,417,22029,0,0,448,20974,124,9644,448,30618,California
Yolo,2021-02-15,535,40826,192,18454,343,22372,0,0,266,20972,269,9913,267,30885,California
Yolo,2021-02-16,1151,41977,433,18887,718,23090,0,0,821,21464,330,10243,822,31707,California
Yolo,2021-02-17,1394,43371,703,19590,691,23781,0,0,992,22055,402,10645,993,32700,California
Yolo,2021-02-18,2512,45883,822,20412,1690,25471,0,0,1728,23001,783,11428,1729,34429,California
Yolo,2021-02-19,1775,47658,756,21168,1019,26490,0,0,1145,23518,628,12056,1145,35574,California
Yolo,2021-02-20,2572,50230,958,22126,1614,28104,0,0,1386,23724,1181,13237,1387,36961,California
Yolo,2021-02-21,326,50556,236,22362,90,28194,0,0,108,23615,217,13454,108,37069,California
Yolo,2021-02-22,1417,51973,620,22982,797,28991,0,0,711,23622,704,14158,711,37780,California
Yolo,2021-02-23,1175,53148,882,23864,293,29284,0,0,446,23341,727,14885,446,38226,California
Yolo,2021-02-24,2140,55288,612,24476,1528,30812,0,0,1400,24003,738,15623,1400,39626,California
Yolo,2021-02-25,1438,56726,505,24981,933,31745,0,0,938,24442,499,16122,938,40564,California
Yolo,2021-02-26,2697,59423,1059,26040,1638,33383,0,0,1323,24395,1370,17492,1323,41887,California
Yolo,2021-02-27,1712,61135,781,26821,931,34314,0,0,1256,25195,456,17948,1256,43143,California
Yolo,2021-02-28,1833,62968,1525,28346,308,34622,0,0,711,24787,1120,19068,712,43855,California
Yolo,2021-03-01,1157,64125,374,28720,783,35405,0,0,698,25029,456,19524,698,44553,California
Yolo,2021-03-02,1509,65634,706,29426,803,36208,0,0,959,25438,550,20074,959,45512,California
Yolo,2021-03-03,1896,67530,647,30073,1249,37457,0,0,856,25256,1038,21112,856,46368,California
Yolo,2021-03-04,3043,70573,1466,31539,1577,39034,0,0,1580,25376,1460,22572,1580,47948,California
Yolo,2021-03-05,2496,73069,1410,32949,1075,40109,11,11,1519,25930,976,23548,1530,49478,California
Yolo,2021-03-06,1491,74560,1137,34086,325,40434,29,40,848,26167,640,24188,877,50355,California
Yolo,2021-03-07,942,75502,682,34768,234,40668,26,66,788,26827,154,24342,814,51169,California
Yolo,2021-03-08,1348,76850,501,35269,803,41471,44,110,891,27306,456,24798,935,52104,California
Yolo,2021-03-09,1587,78437,691,35960,834,42305,62,172,966,27715,619,25417,1028,53132,California
Yolo,2021-03-10,2220,80657,1063,37023,865,43170,292,464,979,27742,1236,26653,1263,54395,California
Yolo,2021-03-11,2721,83378,1608,38631,1044,44214,69,533,1815,28721,905,27558,1884,56279,California
Yolo,2021-03-12,2935,86313,1362,39993,1491,45705,82,615,1380,28638,1546,29104,1463,57742,California
Yolo,2021-03-13,1963,88276,737,40730,1050,46755,176,791,1030,28913,930,30034,1205,58947,California
Yolo,2021-03-14,1070,89346,214,40944,706,47461,150,941,528,29045,540,30574,672,59619,California
Yolo,2021-03-15,1679,91025,771,41715,727,48188,181,1122,1057,29659,620,31194,1234,60853,California
Yolo,2021-03-16,2035,93060,733,42448,1230,49418,72,1194,1239,30175,795,31989,1311,62164,California
Yolo,2021-03-17,2533,95593,989,43437,1472,50890,72,1266,1732,31213,797,32786,1835,63999,California
Yolo,2021-03-18,3055,98648,1043,44480,1785,52675,227,1493,1262,30913,1789,34575,1489,65488,California
Yolo,2021-03-19,2112,100760,877,45357,1167,53842,68,1561,1084,31043,1022,35597,1152,66640,California
Yolo,2021-03-20,2783,103543,818,46175,1922,55764,43,1604,1093,30497,1684,37281,1138,67778,California
Yolo,2021-03-21,318,103861,217,46392,93,55857,8,1612,177,30542,140,37421,185,67963,California
Yolo,2021-03-22,1412,105273,497,46889,855,56712,60,1672,914,31019,496,37917,973,68936,California
Yolo,2021-03-23,1758,107031,945,47834,756,57468,57,1729,1080,31479,676,38593,1136,70072,California
Yolo,2021-03-24,2894,109925,1407,49241,1436,58904,51,1780,1399,31449,1481,40074,1451,71523,California
Yolo,2021-03-25,2545,112470,1406,50647,1110,60014,29,1809,1242,31427,1293,41367,1271,72794,California
Yolo,2021-03-26,2408,114878,1262,51909,1126,61140,20,1829,1022,31089,1379,42746,1041,73835,California
Yolo,2021-03-27,1668,116546,459,52368,1191,62331,18,1847,741,30922,926,43672,759,74594,California
Yolo,2021-03-28,1110,117656,863,53231,228,62559,19,1866,248,30330,858,44530,266,74860,California
Yolo,2021-03-29,2040,119696,827,54058,1183,63742,30,1896,969,30262,1067,45597,999,75859,California
Yolo,2021-03-30,2334,122030,1124,55182,1189,64931,21,1917,1207,30369,1122,46719,1229,77088,California
Yolo,2021-03-31,2369,124399,1235,56417,1097,66028,37,1954,1182,30402,1186,47905,1219,78307,California
Yolo,2021-04-01,3866,128265,1867,58284,1520,67548,479,2433,1598,30213,2265,50170,2076,80383,California
Yolo,2021-04-02,3411,131676,1527,59811,1737,69285,147,2580,2064,31084,1340,51510,2211,82594,California
Yolo,2021-04-03,1829,133505,1105,60916,502,69787,222,2802,809,31097,1018,52528,1031,83625,California
Yolo,2021-04-04,391,133896,157,61073,173,69960,61,2863,142,31052,248,52776,203,83828,California
Yolo,2021-04-05,1932,135828,740,61813,1092,71052,100,2963,899,31024,1028,53804,1000,84828,California
Yolo,2021-04-06,2605,138433,1325,63138,1107,72159,173,3136,1141,30882,1454,55258,1312,86140,California
Yolo,2021-04-07,3003,141436,1521,64659,1126,73285,356,3492,1746,31736,1252,56510,2106,88246,California
Yolo,2021-04-08,2436,143872,1012,65671,948,74233,476,3968,855,31485,1579,58089,1328,89574,California
Yolo,2021-04-09,2612,146484,926,66597,1104,75337,582,4550,835,31119,1774,59863,1408,90982,California
Yolo,2021-04-10,1769,148253,829,67426,757,76094,183,4733,1026,31588,739,60602,1208,92190,California
Yolo,2021-04-11,895,149148,285,67711,566,76660,44,4777,363,31465,529,61131,406,92596,California
Yolo,2021-04-12,1781,150929,527,68238,1111,77771,143,4920,789,31410,988,62119,933,93529,California
Yolo,2021-04-13,1994,152923,918,69156,1076,78847,0,4920,919,31255,1074,63193,919,94448,California
Yolo,2021-04-14,2807,155730,773,69929,2034,80881,0,4920,1371,31198,1428,64621,1371,95819,California
Yolo,2021-04-15,3369,159099,1146,71075,2223,83104,0,4920,2290,32416,1072,65693,2290,98109,California
Yolo,2021-04-16,3095,162194,1994,73069,1101,84205,0,4920,1976,33281,1111,66804,1976,100085,California
Yolo,2021-04-17,1639,163833,479,73548,1160,85365,0,4920,852,33351,782,67586,852,100937,California
Yolo,2021-04-18,648,164481,318,73866,330,85695,0,4920,362,33432,281,67867,362,101299,California
Yolo,2021-04-19,1691,166172,729,74595,961,86656,1,4921,778,33303,908,68775,779,102078,California
Yolo,2021-04-20,2081,168253,1075,75670,1006,87662,0,4921,1072,33368,1007,69782,1072,103150,California
Yolo,2021-04-21,2079,170332,1062,76732,1017,88679,0,4921,1118,33531,955,70737,1118,104268,California
Yolo,2021-04-22,1993,172325,914,77646,1079,89758,0,4921,985,33515,1002,71739,986,105254,California
Yolo,2021-04-23,2661,174986,1561,79207,1100,90858,0,4921,1169,33204,1480,73219,1169,106423,California
Yolo,2021-04-24,1181,176167,648,79855,530,91388,3,4924,468,32971,704,73923,471,106894,California
Yolo,2021-04-25,952,177119,408,80263,544,91932,0,4924,728,33476,223,74146,728,107622,California
Yolo,2021-04-26,1256,178375,498,80761,755,92687,3,4927,534,33295,719,74865,538,108160,California
Yolo,2021-04-27,1568,179943,740,81501,808,93495,20,4947,607,32962,960,75825,627,108787,California
Yolo,2021-04-28,2077,182020,1029,82530,1021,94516,27,4974,750,32415,1324,77149,777,109564,California
Yolo,2021-04-29,1802,183822,854,83384,864,95380,84,5058,711,32121,1087,78236,793,110357,California
Yolo,2021-04-30,2111,185933,1089,84473,964,96344,58,5116,1043,32161,1061,79297,1101,111458,California
Yolo,2021-05-01,1289,187222,999,85472,270,96614,20,5136,376,31646,911,80208,396,111854,California
Yolo,2021-05-02,519,187741,427,85899,69,96683,23,5159,323,31796,196,80404,346,112200,California
Yolo,2021-05-03,1132,188873,406,86305,692,97375,34,5193,301,31302,828,81232,334,112534,California
Yolo,2021-05-04,1471,190344,683,86988,764,98139,24,5217,507,30874,959,82191,531,113065,California
Yolo,2021-05-05,1597,191941,455,87443,1075,99214,67,5284,462,30275,1128,83319,529,113594,California
Yolo,2021-05-06,1532,193473,718,88161,732,99946,82,5366,498,29838,1017,84336,580,114174,California
Yolo,2021-05-07,2333,195806,1402,89563,880,100826,51,5417,466,28494,1859,86195,515,114689,California
Yolo,2021-05-08,852,196658,374,89937,422,101248,56,5473,320,28340,528,86723,374,115063,California
Yolo,2021-05-09,402,197060,172,90109,217,101465,13,5486,91,28134,310,87033,104,115167,California
Yolo,2021-05-10,1191,198251,359,90468,786,102251,46,5532,204,27398,985,88018,249,115416,California
Yolo,2021-05-11,1181,199432,697,91165,462,102713,22,5554,294,26833,881,88899,316,115732,California
Yolo,2021-05-12,1835,201267,715,91880,1087,103800,33,5587,336,25712,1493,90392,372,116104,California
Yolo,2021-05-13,2617,203884,862,92742,1700,105500,55,5642,666,24486,1947,92339,721,116825,California
Yolo,2021-05-14,2441,206325,1523,94265,887,106387,31,5673,1189,24460,1246,93585,1220,118045,California
Yolo,2021-05-15,1280,207605,732,94997,501,106888,47,5720,660,24548,619,94204,707,118752,California
Yolo,2021-05-16,1456,209061,1238,96235,211,107099,7,5727,1011,25125,441,94645,1018,119770,California
Yolo,2021-05-17,1137,210198,447,96682,672,107771,18,5745,349,24708,784,95429,367,120137,California
Yolo,2021-05-18,1803,212001,1110,97792,670,108441,23,5768,919,24773,877,96306,942,121079,California
Yolo,2021-05-19,1304,213305,588,98380,677,109118,39,5807,519,24549,782,97088,558,121637,California
Yolo,2021-05-20,1228,214533,699,99079,503,109621,26,5833,383,24119,839,97927,409,122046,California
Yolo,2021-05-21,1445,215978,931,100010,487,110108,27,5860,353,23412,1085,99012,378,122424,California
Yolo,2021-05-22,827,216805,542,100552,277,110385,8,5868,282,23167,536,99548,291,122715,California
Yolo,2021-05-23,620,217425,165,100717,439,110824,16,5884,108,22782,510,100058,125,122840,California
Yolo,2021-05-24,710,218135,351,101068,339,111163,20,5904,220,22536,487,100545,241,123081,California
Yolo,2021-05-25,884,219019,513,101581,348,111511,23,5927,343,22367,535,101080,366,123447,California
Yolo,2021-05-26,820,219839,269,101850,518,112029,33,5960,246,22076,570,101650,279,123726,California
Yolo,2021-05-27,760,220599,379,102229,330,112359,51,6011,300,21972,455,102105,351,124077,California
Yolo,2021-05-28,884,221483,402,102631,453,112812,29,6040,378,21876,501,102606,405,124482,California
Yolo,2021-05-29,600,222083,345,102976,219,113031,36,6076,273,21858,324,102930,306,124788,California
Yolo,2021-05-30,136,222219,71,103047,58,113089,7,6083,55,21841,79,103009,62,124850,California
Yolo,2021-05-31,68,222287,18,103065,48,113137,2,6085,16,21806,52,103061,17,124867,California
Yolo,2021-06-01,755,223042,326,103391,405,113542,24,6109,245,21571,504,103565,269,125136,California
Yolo,2021-06-02,758,223800,302,103693,435,113977,21,6130,230,21297,525,104090,251,125387,California
Yolo,2021-06-03,931,224731,593,104286,314,114291,24,6154,212,20818,715,104805,236,125623,California
Yolo,2021-06-04,1497,226228,1217,105503,258,114549,22,6176,380,20107,1112,105917,401,126024,California
Yolo,2021-06-05,719,226947,548,106051,154,114703,17,6193,148,19701,571,106488,165,126189,California
Yolo,2021-06-06,1117,228064,1052,107103,58,114761,7,6200,163,18918,953,107441,170,126359,California
Yolo,2021-06-07,515,228579,269,107372,226,114987,20,6220,112,18651,398,107839,131,126490,California
Yolo,2021-06-08,1043,229622,813,108185,212,115199,18,6238,199,18024,843,108682,216,126706,California
Yolo,2021-06-09,793,230415,491,108676,271,115470,31,6269,216,17698,572,109254,246,126952,California
Yolo,2021-06-10,569,230984,359,109035,177,115647,33,6302,166,17497,400,109654,199,127151,California
Yolo,2021-06-11,659,231643,451,109486,184,115831,24,6326,193,17250,464,110118,217,127368,California
Yolo,2021-06-12,483,232126,278,109764,180,116011,25,6351,143,17082,336,110454,168,127536,California
Yolo,2021-06-13,154,232280,115,109879,38,116049,1,6352,60,17051,93,110547,62,127598,California
Yolo,2021-06-14,411,232691,255,110134,123,116172,33,6385,129,16933,281,110828,163,127761,California
Yolo,2021-06-15,771,233462,399,110533,346,116518,26,6411,236,16666,529,111357,262,128023,California
Yolo,2021-06-16,474,233936,243,110776,189,116707,42,6453,168,16570,304,111661,208,128231,California
Yolo,2021-06-17,494,234430,313,111089,125,116832,56,6509,171,16476,321,111982,227,128458,California
Yolo,2021-06-18,555,234985,397,111486,136,116968,22,6531,209,16363,343,112325,230,128688,California
Yolo,2021-06-19,321,235306,205,111691,99,117067,17,6548,117,16294,203,112528,134,128822,California
Yolo,2021-06-20,114,235420,74,111765,36,117103,4,6552,62,16311,50,112578,67,128889,California
Yolo,2021-06-21,207,235627,88,111853,100,117203,19,6571,112,16349,93,112671,131,129020,California
Yolo,2021-06-22,522,236149,296,112149,206,117409,20,6591,235,16319,285,112956,255,129275,California
Yolo,2021-06-23,377,236526,213,112362,146,117555,18,6609,151,16265,223,113179,169,129444,California
Yolo,2021-06-24,398,236924,247,112609,108,117663,43,6652,175,16261,222,113401,218,129662,California
Yolo,2021-06-25,551,237475,385,112994,121,117784,45,6697,191,16141,356,113757,236,129898,California
Yolo,2021-06-26,271,237746,165,113159,82,117866,24,6721,110,16115,159,113916,133,130031,California
Yolo,2021-06-27,179,237925,142,113301,32,117898,5,6726,64,16068,115,114031,68,130099,California
Yolo,2021-06-28,255,238180,130,113431,52,117950,73,6799,108,16102,146,114177,180,130279,California
Yolo,2021-06-29,421,238601,265,113696,107,118057,49,6848,154,16041,264,114441,203,130482,California
Yolo,2021-06-30,366,238967,205,113901,134,118191,27,6875,134,15969,232,114673,160,130642,California
Yolo,2021-07-01,306,239273,171,114072,103,118294,32,6907,111,15919,192,114865,142,130784,California
Yolo,2021-07-02,343,239616,232,114304,99,118393,12,6919,140,15869,202,115067,152,130936,California
Yolo,2021-07-03,206,239822,128,114432,74,118467,4,6923,91,15849,115,115182,95,131031,California
Yolo,2021-07-04,73,239895,41,114473,27,118494,5,6928,22,15826,50,115232,27,131058,California
Yolo,2021-07-05,139,240034,84,114557,50,118544,5,6933,67,15827,71,115303,72,131130,California
Yolo,2021-07-06,360,240394,239,114796,102,118646,19,6952,136,15762,221,115524,156,131286,California
Yolo,2021-07-07,373,240767,196,114992,112,118758,65,7017,144,15742,228,115752,208,131494,California
Yolo,2021-07-08,297,241064,193,115185,90,118848,14,7031,120,15702,173,115925,133,131627,California
Yolo,2021-07-09,281,241345,198,115383,69,118917,14,7045,110,15660,166,116091,124,131751,California
Yuba,2020-12-16,4,4,4,4,0,0,0,0,4,4,0,0,4,4,California
Yuba,2020-12-17,4,8,4,8,0,0,0,0,4,8,0,0,4,8,California
Yuba,2020-12-18,9,17,9,17,0,0,0,0,9,17,0,0,9,17,California
Yuba,2020-12-19,12,29,12,29,0,0,0,0,12,29,0,0,12,29,California
Yuba,2020-12-20,19,48,19,48,0,0,0,0,19,48,0,0,19,48,California
Yuba,2020-12-21,41,89,41,89,0,0,0,0,41,89,0,0,41,89,California
Yuba,2020-12-22,85,174,85,174,0,0,0,0,85,174,0,0,85,174,California
Yuba,2020-12-23,65,239,63,237,2,2,0,0,65,239,0,0,65,239,California
Yuba,2020-12-24,20,259,10,247,10,12,0,0,20,259,0,0,20,259,California
Yuba,2020-12-25,1,260,1,248,0,12,0,0,1,260,0,0,1,260,California
Yuba,2020-12-26,14,274,13,261,1,13,0,0,14,274,0,0,14,274,California
Yuba,2020-12-27,15,289,15,276,0,13,0,0,15,289,0,0,15,289,California
Yuba,2020-12-28,51,340,35,311,16,29,0,0,51,340,0,0,51,340,California
Yuba,2020-12-29,74,414,10,321,64,93,0,0,74,414,0,0,74,414,California
Yuba,2020-12-30,63,477,20,341,43,136,0,0,63,477,0,0,63,477,California
Yuba,2020-12-31,39,516,6,347,33,169,0,0,39,516,0,0,39,516,California
Yuba,2021-01-02,20,536,19,366,1,170,0,0,20,536,0,0,20,536,California
Yuba,2021-01-03,10,546,6,372,4,174,0,0,10,546,0,0,10,546,California
Yuba,2021-01-04,93,639,23,395,70,244,0,0,93,639,0,0,93,639,California
Yuba,2021-01-05,71,710,39,434,32,276,0,0,70,708,1,1,70,709,California
Yuba,2021-01-06,153,863,76,510,77,353,0,0,147,849,6,7,147,856,California
Yuba,2021-01-07,74,937,18,528,56,409,0,0,71,916,4,11,71,927,California
Yuba,2021-01-08,73,1010,23,551,50,459,0,0,66,975,7,18,66,993,California
Yuba,2021-01-09,19,1029,16,567,3,462,0,0,11,978,8,26,11,1004,California
Yuba,2021-01-10,117,1146,22,589,95,557,0,0,95,1051,22,48,95,1099,California
Yuba,2021-01-11,73,1219,50,639,23,580,0,0,33,1044,40,88,33,1132,California
Yuba,2021-01-12,109,1328,78,717,31,611,0,0,44,1023,65,153,44,1176,California
Yuba,2021-01-13,119,1447,72,789,47,658,0,0,54,1013,64,217,54,1230,California
Yuba,2021-01-14,114,1561,44,833,70,728,0,0,102,1103,12,229,102,1332,California
Yuba,2021-01-15,205,1766,86,919,119,847,0,0,195,1288,10,239,195,1527,California
Yuba,2021-01-16,189,1955,22,941,167,1014,0,0,176,1450,14,253,176,1703,California
Yuba,2021-01-17,13,1968,9,950,4,1018,0,0,7,1451,6,259,7,1710,California
Yuba,2021-01-18,61,2029,32,982,29,1047,0,0,36,1462,25,284,36,1746,California
Yuba,2021-01-19,81,2110,30,1012,51,1098,0,0,66,1513,15,299,66,1812,California
Yuba,2021-01-20,133,2243,86,1098,47,1145,0,0,110,1600,23,322,110,1922,California
Yuba,2021-01-21,221,2464,103,1201,118,1263,0,0,212,1803,9,331,212,2134,California
Yuba,2021-01-22,107,2571,7,1208,100,1363,0,0,98,1892,9,340,98,2232,California
Yuba,2021-01-23,198,2769,7,1215,191,1554,0,0,196,2086,2,342,196,2428,California
Yuba,2021-01-24,10,2779,7,1222,3,1557,0,0,8,2092,2,344,8,2436,California
Yuba,2021-01-25,86,2865,30,1252,56,1613,0,0,53,2113,32,376,53,2489,California
Yuba,2021-01-26,148,3013,40,1292,108,1721,0,0,91,2147,57,433,91,2580,California
Yuba,2021-01-27,184,3197,129,1421,55,1776,0,0,117,2197,67,500,117,2697,California
Yuba,2021-01-28,228,3425,89,1510,139,1915,0,0,178,2325,50,550,178,2875,California
Yuba,2021-01-29,149,3574,45,1555,104,2019,0,0,111,2398,38,588,111,2986,California
Yuba,2021-01-30,407,3981,23,1578,384,2403,0,0,396,2783,11,599,396,3382,California
Yuba,2021-01-31,18,3999,12,1590,6,2409,0,0,16,2797,2,601,16,3398,California
Yuba,2021-02-01,156,4155,75,1665,81,2490,0,0,131,2905,24,625,132,3530,California
Yuba,2021-02-02,127,4282,22,1687,105,2595,0,0,103,2984,24,649,103,3633,California
Yuba,2021-02-03,230,4512,30,1717,200,2795,0,0,116,2987,113,762,116,3749,California
Yuba,2021-02-04,298,4810,120,1837,178,2973,0,0,253,3195,45,807,253,4002,California
Yuba,2021-02-05,148,4958,32,1869,116,3089,0,0,71,3189,77,884,71,4073,California
Yuba,2021-02-06,453,5411,26,1895,427,3516,0,0,445,3626,8,892,445,4518,California
Yuba,2021-02-07,20,5431,13,1908,7,3523,0,0,16,3638,4,896,16,4534,California
Yuba,2021-02-08,98,5529,35,1943,63,3586,0,0,66,3672,32,928,66,4600,California
Yuba,2021-02-09,156,5685,56,1999,100,3686,0,0,85,3686,71,999,85,4685,California
Yuba,2021-02-10,362,6047,176,2175,186,3872,0,0,122,3570,238,1237,122,4807,California
Yuba,2021-02-11,404,6451,67,2242,337,4209,0,0,301,3770,101,1338,301,5108,California
Yuba,2021-02-12,271,6722,28,2270,243,4452,0,0,153,3805,118,1456,153,5261,California
Yuba,2021-02-13,438,7160,36,2306,402,4854,0,0,387,4141,51,1507,387,5648,California
Yuba,2021-02-14,52,7212,10,2316,42,4896,0,0,47,4183,5,1512,47,5695,California
Yuba,2021-02-15,91,7303,36,2352,55,4951,0,0,71,4234,20,1532,71,5766,California
Yuba,2021-02-16,202,7505,55,2407,147,5098,0,0,143,4318,59,1591,143,5909,California
Yuba,2021-02-17,380,7885,158,2565,222,5320,0,0,101,4141,278,1869,101,6010,California
Yuba,2021-02-18,326,8211,49,2614,277,5597,0,0,198,4211,128,1997,198,6208,California
Yuba,2021-02-19,231,8442,82,2696,149,5746,0,0,144,4269,86,2083,144,6352,California
Yuba,2021-02-20,397,8839,30,2726,367,6113,0,0,339,4550,58,2141,339,6691,California
Yuba,2021-02-21,24,8863,14,2740,10,6123,0,0,14,4554,10,2151,14,6705,California
Yuba,2021-02-22,131,8994,82,2822,49,6172,0,0,38,4499,93,2244,38,6743,California
Yuba,2021-02-23,131,9125,28,2850,103,6275,0,0,54,4478,76,2320,55,6798,California
Yuba,2021-02-24,498,9623,143,2993,355,6630,0,0,112,4204,386,2706,112,6910,California
Yuba,2021-02-25,364,9987,145,3138,219,6849,0,0,224,4288,140,2846,224,7134,California
Yuba,2021-02-26,266,10253,70,3208,196,7045,0,0,147,4318,117,2963,147,7281,California
Yuba,2021-02-27,474,10727,47,3255,427,7472,0,0,386,4618,86,3049,386,7667,California
Yuba,2021-02-28,72,10799,23,3278,49,7521,0,0,48,4642,24,3073,48,7715,California
Yuba,2021-03-01,164,10963,43,3321,121,7642,0,0,83,4645,80,3153,83,7798,California
Yuba,2021-03-02,160,11123,36,3357,124,7766,0,0,80,4645,80,3233,80,7878,California
Yuba,2021-03-03,627,11750,158,3515,469,8235,0,0,199,4417,427,3660,199,8077,California
Yuba,2021-03-04,471,12221,274,3789,197,8432,0,0,327,4601,143,3803,327,8404,California
Yuba,2021-03-05,326,12547,60,3849,265,8697,1,1,258,4792,68,3871,259,8663,California
Yuba,2021-03-06,476,13023,35,3884,437,9134,4,5,369,5059,106,3977,373,9036,California
Yuba,2021-03-07,57,13080,28,3912,27,9161,2,7,41,5086,16,3993,43,9079,California
Yuba,2021-03-08,160,13240,48,3960,96,9257,16,23,100,5142,60,4053,116,9195,California
Yuba,2021-03-09,182,13422,49,4009,113,9370,20,43,86,5152,96,4149,106,9301,California
Yuba,2021-03-10,738,14160,234,4243,474,9844,30,73,233,4910,505,4654,263,9564,California
Yuba,2021-03-11,440,14600,198,4441,230,10074,12,85,296,5074,144,4798,308,9872,California
Yuba,2021-03-12,467,15067,87,4528,327,10401,53,138,155,4970,312,5110,208,10080,California
Yuba,2021-03-13,464,15531,338,4866,111,10512,15,153,364,5250,99,5209,379,10459,California
Yuba,2021-03-14,107,15638,20,4886,77,10589,10,163,46,5247,59,5268,56,10515,California
Yuba,2021-03-15,196,15834,50,4936,130,10719,16,179,99,5265,97,5365,115,10630,California
Yuba,2021-03-16,298,16132,74,5010,200,10919,24,203,185,5362,112,5477,209,10839,California
Yuba,2021-03-17,750,16882,165,5175,554,11473,31,234,193,5032,554,6031,224,11063,California
Yuba,2021-03-18,586,17468,161,5336,312,11785,113,347,352,5262,234,6265,464,11527,California
Yuba,2021-03-19,331,17799,119,5455,158,11943,54,401,183,5350,148,6413,236,11763,California
Yuba,2021-03-20,555,18354,81,5536,456,12399,18,419,475,5764,79,6492,493,12256,California
Yuba,2021-03-21,62,18416,36,5572,26,12425,0,419,42,5786,20,6512,42,12298,California
Yuba,2021-03-22,191,18607,70,5642,114,12539,7,426,149,5900,42,6554,156,12454,California
Yuba,2021-03-23,266,18873,79,5721,159,12698,28,454,175,6014,89,6643,203,12657,California
Yuba,2021-03-24,769,19642,253,5974,435,13133,81,535,185,5698,582,7225,266,12923,California
Yuba,2021-03-25,505,20147,269,6243,214,13347,22,557,248,5711,257,7482,270,13193,California
Yuba,2021-03-26,400,20547,143,6386,228,13575,29,586,226,5793,173,7655,255,13448,California
Yuba,2021-03-27,464,21011,28,6414,433,14008,3,589,409,6150,54,7709,411,13859,California
Yuba,2021-03-28,102,21113,42,6456,56,14064,4,593,34,6120,68,7777,38,13897,California
Yuba,2021-03-29,297,21410,87,6543,178,14242,32,625,179,6213,118,7895,211,14108,California
Yuba,2021-03-30,274,21684,70,6613,196,14438,8,633,189,6325,85,7980,197,14305,California
Yuba,2021-03-31,677,22361,115,6728,551,14989,11,644,244,6149,431,8411,255,14560,California
Yuba,2021-04-01,630,22991,291,7019,309,15298,30,674,292,6133,338,8749,322,14882,California
Yuba,2021-04-02,505,23496,96,7115,326,15624,83,757,188,6087,316,9065,270,15152,California
Yuba,2021-04-03,653,24149,55,7170,116,15740,482,1239,87,6091,565,9630,569,15721,California
Yuba,2021-04-04,59,24208,10,7180,42,15782,7,1246,31,6101,28,9658,38,15759,California
Yuba,2021-04-05,250,24458,79,7259,149,15931,22,1268,124,6122,124,9782,145,15904,California
Yuba,2021-04-06,360,24818,116,7375,183,16114,61,1329,174,6171,185,9967,234,16138,California
Yuba,2021-04-07,787,25605,408,7783,327,16441,52,1381,360,6158,424,10391,411,16549,California
Yuba,2021-04-08,753,26358,291,8074,197,16638,265,1646,279,6228,473,10864,543,17092,California
Yuba,2021-04-09,406,26764,172,8246,167,16805,67,1713,172,6234,233,11097,239,17331,California
Yuba,2021-04-10,605,27369,73,8319,82,16887,450,2163,72,6224,531,11628,521,17852,California
Yuba,2021-04-11,102,27471,24,8343,66,16953,12,2175,43,6221,58,11686,55,17907,California
Yuba,2021-04-12,213,27684,46,8389,137,17090,30,2205,80,6198,132,11818,109,18016,California
Yuba,2021-04-13,399,28083,103,8492,296,17386,0,2205,201,6202,197,12015,201,18217,California
Yuba,2021-04-14,719,28802,110,8602,609,17995,0,2205,130,5744,588,12603,130,18347,California
Yuba,2021-04-15,344,29146,134,8736,210,18205,0,2205,150,5700,194,12797,150,18497,California
Yuba,2021-04-16,342,29488,101,8837,241,18446,0,2205,181,5722,159,12956,181,18678,California
Yuba,2021-04-17,407,29895,60,8897,347,18793,0,2205,335,5986,71,13027,335,19013,California
Yuba,2021-04-18,65,29960,20,8917,45,18838,0,2205,33,5988,31,13058,33,19046,California
Yuba,2021-04-19,245,30205,102,9019,143,18981,0,2205,104,5951,141,13199,104,19150,California
Yuba,2021-04-20,341,30546,103,9122,238,19219,0,2205,187,5988,151,13350,188,19338,California
Yuba,2021-04-21,740,31286,322,9444,418,19637,0,2205,321,5890,419,13769,321,19659,California
Yuba,2021-04-22,375,31661,154,9598,221,19858,0,2205,208,5931,167,13936,208,19867,California
Yuba,2021-04-23,364,32025,127,9725,237,20095,0,2205,174,5917,188,14124,174,20041,California
Yuba,2021-04-24,217,32242,69,9794,148,20243,0,2205,123,5946,94,14218,123,20164,California
Yuba,2021-04-25,75,32317,30,9824,45,20288,0,2205,35,5941,40,14258,35,20199,California
Yuba,2021-04-26,249,32566,66,9890,179,20467,4,2209,114,5924,135,14393,118,20317,California
Yuba,2021-04-27,489,33055,173,10063,306,20773,10,2219,242,5931,245,14638,252,20569,California
Yuba,2021-04-28,449,33504,188,10251,256,21029,5,2224,155,5802,289,14927,160,20729,California
Yuba,2021-04-29,455,33959,89,10340,365,21394,1,2225,162,5673,292,15219,163,20892,California
Yuba,2021-04-30,348,34307,108,10448,210,21604,30,2255,151,5659,195,15414,181,21073,California
Yuba,2021-05-01,209,34516,92,10540,98,21702,19,2274,95,5660,113,15527,114,21187,California
Yuba,2021-05-02,70,34586,39,10579,27,21729,4,2278,38,5670,32,15559,42,21229,California
Yuba,2021-05-03,165,34751,66,10645,90,21819,9,2287,51,5618,112,15671,60,21289,California
Yuba,2021-05-04,340,35091,107,10752,212,22031,21,2308,151,5601,189,15860,172,21461,California
Yuba,2021-05-05,333,35424,96,10848,230,22261,7,2315,116,5507,217,16077,123,21584,California
Yuba,2021-05-06,303,35727,126,10974,139,22400,38,2353,102,5449,198,16275,140,21724,California
Yuba,2021-05-07,363,36090,100,11074,235,22635,28,2381,119,5352,243,16518,146,21870,California
Yuba,2021-05-08,130,36220,56,11130,71,22706,3,2384,55,5335,75,16593,58,21928,California
Yuba,2021-05-09,56,36276,25,11155,28,22734,3,2387,34,5350,22,16615,37,21965,California
Yuba,2021-05-10,174,36450,57,11212,99,22833,18,2405,54,5303,119,16734,72,22037,California
Yuba,2021-05-11,389,36839,178,11390,197,23030,14,2419,143,5215,244,16978,156,22193,California
Yuba,2021-05-12,276,37115,145,11535,123,23153,8,2427,103,5153,173,17151,111,22304,California
Yuba,2021-05-13,368,37483,199,11734,125,23278,44,2471,113,5058,252,17403,157,22461,California
Yuba,2021-05-14,368,37851,139,11873,209,23487,20,2491,154,5017,214,17617,173,22634,California
Yuba,2021-05-15,437,38288,113,11986,303,23790,21,2512,113,4828,322,17939,133,22767,California
Yuba,2021-05-16,151,38439,52,12038,90,23880,9,2521,95,4877,55,17994,104,22871,California
Yuba,2021-05-17,216,38655,89,12127,107,23987,20,2541,89,4861,125,18119,109,22980,California
Yuba,2021-05-18,394,39049,163,12290,222,24209,9,2550,165,4806,229,18348,174,23154,California
Yuba,2021-05-19,261,39310,145,12435,110,24319,6,2556,129,4809,132,18480,135,23289,California
Yuba,2021-05-20,432,39742,305,12740,115,24434,12,2568,259,4908,172,18652,271,23560,California
Yuba,2021-05-21,518,40260,272,13012,238,24672,8,2576,307,5014,209,18861,315,23875,California
Yuba,2021-05-22,229,40489,123,13135,97,24769,9,2585,95,4984,134,18995,104,23979,California
Yuba,2021-05-23,73,40562,41,13176,30,24799,2,2587,37,4988,35,19030,39,24018,California
Yuba,2021-05-24,165,40727,55,13231,93,24892,17,2604,49,4940,115,19145,67,24085,California
Yuba,2021-05-25,316,41043,110,13341,189,25081,17,2621,112,4866,202,19347,128,24213,California
Yuba,2021-05-26,232,41275,100,13441,116,25197,16,2637,85,4821,146,19493,101,24314,California
Yuba,2021-05-27,246,41521,76,13517,158,25355,12,2649,97,4783,147,19640,109,24423,California
Yuba,2021-05-28,246,41767,109,13626,130,25485,7,2656,116,4778,128,19768,123,24546,California
Yuba,2021-05-29,165,41932,67,13693,76,25561,22,2678,87,4810,77,19845,109,24655,California
Yuba,2021-05-30,52,41984,22,13715,25,25586,5,2683,21,4805,31,19876,26,24681,California
Yuba,2021-05-31,29,42013,3,13718,19,25605,7,2690,10,4803,19,19895,17,24698,California
Yuba,2021-06-01,247,42260,108,13826,132,25737,7,2697,84,4734,159,20054,90,24788,California
Yuba,2021-06-02,201,42461,82,13908,112,25849,7,2704,60,4662,140,20194,68,24856,California
Yuba,2021-06-03,179,42640,105,14013,68,25917,6,2710,63,4616,115,20309,69,24925,California
Yuba,2021-06-04,243,42883,119,14132,113,26030,11,2721,80,4544,162,20471,90,25015,California
Yuba,2021-06-05,200,43083,151,14283,43,26073,6,2727,90,4531,109,20580,96,25111,California
Yuba,2021-06-06,111,43194,94,14377,14,26087,3,2730,22,4468,88,20668,25,25136,California
Yuba,2021-06-07,114,43308,47,14424,51,26138,16,2746,35,4440,79,20747,51,25187,California
Yuba,2021-06-08,246,43554,115,14539,124,26262,7,2753,72,4347,172,20919,79,25266,California
Yuba,2021-06-09,171,43725,103,14642,62,26324,6,2759,72,4327,98,21017,78,25344,California
Yuba,2021-06-10,378,44103,302,14944,67,26391,9,2768,92,4144,284,21301,101,25445,California
Yuba,2021-06-11,329,44432,235,15179,82,26473,12,2780,65,3958,264,21565,78,25523,California
Yuba,2021-06-12,133,44565,90,15269,37,26510,6,2786,36,3903,97,21662,42,25565,California
Yuba,2021-06-13,47,44612,21,15290,23,26533,3,2789,12,3884,34,21696,15,25580,California
Yuba,2021-06-14,115,44727,55,15345,50,26583,10,2799,34,3848,80,21776,44,25624,California
Yuba,2021-06-15,241,44968,99,15444,134,26717,8,2807,90,3798,148,21924,98,25722,California
Yuba,2021-06-16,155,45123,94,15538,51,26768,10,2817,74,3804,78,22002,84,25806,California
Yuba,2021-06-17,195,45318,114,15652,69,26837,12,2829,83,3787,112,22114,95,25901,California
Yuba,2021-06-18,222,45540,110,15762,90,26927,22,2851,70,3729,150,22264,92,25993,California
Yuba,2021-06-19,139,45679,70,15832,62,26989,7,2858,36,3669,103,22367,43,26036,California
Yuba,2021-06-20,33,45712,19,15851,11,27000,3,2861,13,3665,20,22387,16,26052,California
Yuba,2021-06-21,87,45799,38,15889,40,27040,9,2870,41,3672,42,22429,49,26101,California
Yuba,2021-06-22,174,45973,73,15962,89,27129,12,2882,69,3649,103,22532,80,26181,California
Yuba,2021-06-23,127,46100,71,16033,43,27172,13,2895,52,3639,74,22606,64,26245,California
Yuba,2021-06-24,135,46235,81,16114,47,27219,7,2902,58,3627,77,22683,65,26310,California
Yuba,2021-06-25,169,46404,97,16211,63,27282,9,2911,82,3631,87,22770,91,26401,California
Yuba,2021-06-26,133,46537,106,16317,26,27308,1,2912,44,3588,88,22858,45,26446,California
Yuba,2021-06-27,66,46603,44,16361,20,27328,2,2914,36,3596,30,22888,38,26484,California
Yuba,2021-06-28,61,46664,33,16394,24,27352,4,2918,27,3593,34,22922,31,26515,California
Yuba,2021-06-29,162,46826,86,16480,67,27419,9,2927,61,3563,100,23022,70,26585,California
Yuba,2021-06-30,138,46964,79,16559,52,27471,7,2934,71,3574,67,23089,78,26663,California
Yuba,2021-07-01,120,47084,81,16640,31,27502,8,2942,44,3551,75,23164,52,26715,California
Yuba,2021-07-02,125,47209,52,16692,57,27559,16,2958,40,3522,85,23249,56,26771,California
Yuba,2021-07-03,63,47272,44,16736,19,27578,0,2958,34,3527,29,23278,34,26805,California
Yuba,2021-07-04,6,47278,3,16739,3,27581,0,2958,3,3527,3,23281,3,26808,California
Yuba,2021-07-05,65,47343,43,16782,17,27598,5,2963,35,3537,30,23311,40,26848,California
Yuba,2021-07-06,173,47516,94,16876,65,27663,14,2977,64,3512,103,23414,78,26926,California
Yuba,2021-07-07,141,47657,93,16969,37,27700,11,2988,55,3493,85,23499,66,26992,California
Yuba,2021-07-08,149,47806,87,17056,43,27743,19,3007,57,3477,92,23591,76,27068,California
Yuba,2021-07-09,116,47922,69,17125,40,27783,7,3014,65,3498,51,23642,72,27140,California
