county,administered_date,total_doses,cumulative_total_doses,pfizer_doses,cumulative_pfizer_doses,moderna_doses,cumulative_moderna_doses,jj_doses,cumulative_jj_doses,partially_vaccinated,total_partially_vaccinated,fully_vaccinated,cumulative_fully_vaccinated,at_least_one_dose,cumulative_at_least_one_dose,california_flag
All CA Counties,2020-12-15,1130,1130,1130,1130,0,0,0,0,1130,1130,0,0,1130,1130,
All CA Counties,2020-12-16,8241,9371,8241,9371,0,0,0,0,8241,9371,0,0,8241,9371,
All CA Counties,2020-12-17,25723,35094,25723,35094,0,0,0,0,25758,35129,0,0,25758,35129,
All CA Counties,2020-12-18,43860,78954,43779,78873,81,81,0,0,43910,79038,1,1,43910,79039,
All CA Counties,2020-12-19,25237,104191,25216,104089,21,102,0,0,25236,104273,1,2,25236,104275,
All CA Counties,2020-12-20,18941,123132,18913,123002,28,130,0,0,18940,123212,1,3,18940,123215,
All CA Counties,2020-12-21,49635,172767,49551,172553,84,214,0,0,49675,172886,1,4,49675,172890,
All CA Counties,2020-12-22,49939,222706,47796,220349,2143,2357,0,0,49937,222822,1,5,49937,222827,
All CA Counties,2020-12-23,50270,272976,41581,261930,8689,11046,0,0,50266,273088,0,5,50266,273093,
All CA Counties,2020-12-24,23994,296970,16308,278238,7686,18732,0,0,23991,297078,1,6,23991,297084,
All CA Counties,2020-12-25,2327,299297,2008,280246,319,19051,0,0,2326,299403,1,7,2326,299410,
All CA Counties,2020-12-26,14592,313889,9425,289671,5167,24218,0,0,14590,313992,1,8,14590,314000,
All CA Counties,2020-12-27,9377,323266,5560,295231,3817,28035,0,0,9376,323367,1,9,9376,323376,
All CA Counties,2020-12-28,45616,368882,29252,324483,16364,44399,0,0,45613,368977,3,12,45613,368989,
All CA Counties,2020-12-29,51041,419923,28570,353053,22471,66870,0,0,51037,420011,3,15,51037,420026,
All CA Counties,2020-12-30,62890,482813,35641,388694,27249,94119,0,0,62884,482892,3,18,62884,482910,
All CA Counties,2020-12-31,29184,511997,10745,399439,18439,112558,0,0,29176,512063,5,23,29176,512086,
All CA Counties,2021-01-01,3748,515745,1645,401084,2103,114661,0,0,3745,515807,1,24,3745,515831,
All CA Counties,2021-01-02,18373,534118,10196,411280,8177,122838,0,0,18372,534179,0,24,18372,534203,
All CA Counties,2021-01-03,6098,540216,3458,414738,2640,125478,0,0,6069,540236,12,36,6069,540272,
All CA Counties,2021-01-04,43241,583457,21880,436618,21361,146839,0,0,43164,583357,43,79,43164,583436,
All CA Counties,2021-01-05,56181,639638,29618,466236,26563,173402,0,0,50675,628677,5438,5517,50758,634194,
All CA Counties,2021-01-06,72873,712511,40336,506572,32537,205939,0,0,57567,671155,15117,20634,57595,691789,
All CA Counties,2021-01-07,91564,804075,52113,558685,39451,245390,0,0,61147,702088,30257,50891,61190,752979,
All CA Counties,2021-01-08,106116,910191,64080,622765,42036,287426,0,0,64999,726155,40985,91876,65052,818031,
All CA Counties,2021-01-09,43530,953721,25012,647777,18518,305944,0,0,27455,737576,16055,107931,27476,845507,
All CA Counties,2021-01-10,24172,977893,14794,662571,9378,315322,0,0,12967,739369,11189,119120,12982,858489,
All CA Counties,2021-01-11,103932,1081825,69200,731771,34732,350054,0,0,60276,756124,43616,162736,60371,918860,
All CA Counties,2021-01-12,112414,1194239,66387,798158,46027,396081,0,0,71466,786936,40871,203607,71683,990543,
All CA Counties,2021-01-13,118326,1312565,61280,859438,57046,453127,0,0,84751,838275,33484,237091,84823,1075366,
All CA Counties,2021-01-14,122808,1435373,49251,908689,73557,526684,0,0,103320,922351,19376,256467,103452,1178818,
All CA Counties,2021-01-15,141424,1576797,52002,960691,89422,616106,0,0,126445,1034089,14874,271341,126612,1305430,
All CA Counties,2021-01-16,80360,1657157,27338,988029,53022,669128,0,0,72856,1099513,7479,278820,72903,1378333,
All CA Counties,2021-01-17,48000,1705157,16737,1004766,31263,700391,0,0,44387,1140334,3608,282428,44429,1422762,
All CA Counties,2021-01-18,87585,1792742,45544,1050310,42041,742432,0,0,68482,1189938,19026,301454,68630,1491392,
All CA Counties,2021-01-19,140722,1933464,73260,1123570,67462,809894,0,0,109687,1268994,30943,332397,109999,1601391,
All CA Counties,2021-01-20,157730,2091194,80015,1203585,77715,887609,0,0,124657,1360986,32898,365295,124890,1726281,
All CA Counties,2021-01-21,171765,2262959,76028,1279613,95737,983346,0,0,152963,1495648,18604,383899,153266,1879547,
All CA Counties,2021-01-22,168378,2431337,68642,1348255,99736,1083082,0,0,154245,1636037,14008,397907,154397,2033944,
All CA Counties,2021-01-23,110835,2542172,49299,1397554,61536,1144618,0,0,98360,1722085,12421,410328,98469,2132413,
All CA Counties,2021-01-24,60676,2602848,29359,1426913,31317,1175935,0,0,56075,1773637,4574,414902,56126,2188539,
All CA Counties,2021-01-25,143494,2746342,64729,1491642,78765,1254700,0,0,108931,1848448,34463,449365,109274,2297813,
All CA Counties,2021-01-26,167044,2913386,82048,1573690,84996,1339696,0,0,130082,1942014,36820,486185,130386,2428199,
All CA Counties,2021-01-27,178342,3091728,87349,1661039,90993,1430689,0,0,139626,2043523,38328,524513,139837,2568036,
All CA Counties,2021-01-28,186029,3277757,85571,1746610,100458,1531147,0,0,152350,2162667,33387,557900,152531,2720567,
All CA Counties,2021-01-29,182025,3459782,87613,1834223,94412,1625559,0,0,147815,2276980,33649,591549,147962,2868529,
All CA Counties,2021-01-30,122712,3582494,54980,1889203,67732,1693291,0,0,107840,2370237,14714,606263,107971,2976500,
All CA Counties,2021-01-31,69086,3651580,38828,1928031,30258,1723549,0,0,64095,2429425,4948,611211,64136,3040636,
All CA Counties,2021-02-01,157669,3809249,72638,2000669,85031,1808580,0,0,119735,2511479,37804,649015,119858,3160494,
All CA Counties,2021-02-02,184489,3993738,79257,2079926,105232,1913812,0,0,138977,2605497,45171,694186,139189,3299683,
All CA Counties,2021-02-03,209551,4203289,94734,2174660,114817,2028629,0,0,156123,2708879,52964,747150,156346,3456029,
All CA Counties,2021-02-04,226736,4430025,99671,2274331,127065,2155694,0,0,166557,2816116,59655,806805,166892,3622921,
All CA Counties,2021-02-05,244699,4674724,105964,2380295,138735,2294429,0,0,166696,2906114,77253,884058,167251,3790172,
All CA Counties,2021-02-06,154318,4829042,74545,2454840,79773,2374202,0,0,119815,2992084,34340,918398,120310,3910482,
All CA Counties,2021-02-07,66452,4895494,42940,2497780,23512,2397714,0,0,50140,3026441,16227,934625,50584,3961066,
All CA Counties,2021-02-08,179479,5074973,88086,2585866,91393,2489107,0,0,118725,3085568,60322,994947,119449,4080515,
All CA Counties,2021-02-09,209434,5284407,101357,2687223,108077,2597184,0,0,125757,3129191,83271,1078218,126894,4207409,
All CA Counties,2021-02-10,246901,5531308,119303,2806526,127598,2724782,0,0,137826,3160179,108284,1186502,139272,4346681,
All CA Counties,2021-02-11,261191,5792499,129160,2935686,132031,2856813,0,0,143506,3188738,116713,1303215,145272,4491953,
All CA Counties,2021-02-12,270292,6062791,118548,3054234,151744,3008557,0,0,146561,3214597,123025,1426240,148884,4640837,
All CA Counties,2021-02-13,166135,6228926,76989,3131223,89146,3097703,0,0,91847,3234511,73890,1500130,93804,4734641,
All CA Counties,2021-02-14,94951,6323877,47347,3178570,47604,3145307,0,0,51497,3244376,43317,1543447,53182,4787823,
All CA Counties,2021-02-15,141091,6464968,62069,3240639,79022,3224329,0,0,78301,3263426,62465,1605912,81515,4869338,
All CA Counties,2021-02-16,246287,6711255,117300,3357939,128987,3353316,0,0,132213,3285396,113751,1719663,135721,5005059,
All CA Counties,2021-02-17,256002,6967257,127759,3485698,128243,3481559,0,0,128169,3289888,127370,1847033,131862,5136921,
All CA Counties,2021-02-18,269150,7236407,140398,3626096,128752,3610311,0,0,130840,3287845,137631,1984664,135588,5272509,
All CA Counties,2021-02-19,249507,7485914,144863,3770959,104644,3714955,0,0,129793,3300552,119299,2103963,132006,5404515,
All CA Counties,2021-02-20,150451,7636365,96606,3867565,53845,3768800,0,0,83257,3319140,66986,2170949,85574,5490089,
All CA Counties,2021-02-21,71525,7707890,57688,3925253,13837,3782637,0,0,35312,3320812,36031,2206980,37703,5527792,
All CA Counties,2021-02-22,162262,7870152,109197,4034450,53065,3835702,0,0,81777,3324941,80209,2287189,84338,5612130,
All CA Counties,2021-02-23,220433,8090585,116469,4150919,103964,3939666,0,0,102702,3317461,117244,2404433,109764,5721894,
All CA Counties,2021-02-24,279978,8370563,141435,4292354,138543,4078209,0,0,134224,3315190,145206,2549639,142935,5864829,
All CA Counties,2021-02-25,314207,8684770,154356,4446710,159851,4238060,0,0,164820,3340772,148775,2698414,174357,6039186,
All CA Counties,2021-02-26,348257,9033027,162704,4609414,185553,4423613,0,0,195280,3391202,152191,2850605,202621,6241807,
All CA Counties,2021-02-27,245591,9278618,117206,4726620,128370,4551983,15,15,139255,3429246,105827,2956432,143871,6385678,
All CA Counties,2021-02-28,129045,9407663,76994,4803614,52050,4604033,1,16,75717,3455808,53026,3009458,79588,6465266,
All CA Counties,2021-03-01,234719,9642382,124327,4927941,110369,4714402,23,39,135612,3497807,98571,3108029,140570,6605836,
All CA Counties,2021-03-02,265581,9907963,129688,5057629,135882,4850284,11,50,160588,3561725,104594,3212623,168512,6774348,
All CA Counties,2021-03-03,320892,10228855,158482,5216111,162380,5012664,30,80,183169,3616046,137139,3349762,191460,6965808,
All CA Counties,2021-03-04,334904,10563759,168041,5384152,166784,5179448,79,159,197640,3684697,136676,3486438,205327,7171135,
All CA Counties,2021-03-05,325178,10888937,158368,5542520,165716,5345164,1094,1253,202145,3773715,122335,3608773,211353,7382488,
All CA Counties,2021-03-06,248173,11137110,127585,5670105,112826,5457990,7762,9015,154440,3848061,93416,3702189,167762,7550250,
All CA Counties,2021-03-07,123490,11260600,75175,5745280,44317,5502307,3998,13013,76818,3887871,46534,3748723,86344,7636594,
All CA Counties,2021-03-08,210583,11471183,101680,5846960,98659,5600966,10244,23257,137605,3968022,72689,3821412,152840,7789434,
All CA Counties,2021-03-09,259502,11730685,112136,5959096,131704,5732670,15662,38919,140585,4011996,118526,3939938,162500,7951934,
All CA Counties,2021-03-10,308047,12038732,150814,6109910,133999,5866669,23234,62153,167178,4068084,140376,4080314,196464,8148398,
All CA Counties,2021-03-11,364219,12402951,176030,6285940,156933,6023602,31256,93409,188655,4119150,174792,4255106,225858,8374256,
All CA Counties,2021-03-12,383188,12786139,170731,6456671,167238,6190840,45219,138628,187586,4161078,194955,4450061,236883,8611139,
All CA Counties,2021-03-13,273565,13059704,120270,6576941,122834,6313674,30461,169089,148066,4218786,125148,4575209,182856,8793995,
All CA Counties,2021-03-14,150839,13210543,80989,6657930,55106,6368780,14744,183833,81204,4247746,69414,4644623,98374,8892369,
All CA Counties,2021-03-15,286190,13496733,136392,6794322,129535,6498315,20263,204096,156123,4299954,129489,4774112,181697,9074066,
All CA Counties,2021-03-16,364450,13861183,171219,6965541,176237,6674552,16994,221090,213271,4385313,150529,4924641,235888,9309954,
All CA Counties,2021-03-17,376585,14237768,187207,7152748,171502,6846054,17876,238966,233879,4498411,142036,5066677,255134,9565088,
All CA Counties,2021-03-18,388374,14626142,199088,7351836,171676,7017730,17610,256576,231904,4598098,155589,5222266,255276,9820364,
All CA Counties,2021-03-19,399697,15025839,209558,7561394,168962,7186692,21177,277753,234451,4692078,164442,5386708,258422,10078786,
All CA Counties,2021-03-20,287516,15313355,150833,7712227,121345,7308037,15338,293091,184767,4792250,102189,5488897,202361,10281147,
All CA Counties,2021-03-21,140682,15454037,96904,7809131,36406,7344443,7372,300463,88992,4841365,51449,5540346,100564,10381711,
All CA Counties,2021-03-22,266603,15720640,155764,7964895,100046,7444489,10793,311256,176688,4944441,89346,5629692,192422,10574133,
All CA Counties,2021-03-23,349385,16070025,191889,8156784,146894,7591383,10602,321858,226604,5064815,122038,5751730,242412,10816545,
All CA Counties,2021-03-24,378883,16448908,217713,8374497,149192,7740575,11978,333836,224482,5152979,153463,5905193,241627,11058172,
All CA Counties,2021-03-25,404414,16853322,222423,8596920,168031,7908606,13960,347796,233916,5235613,169434,6074627,252068,11310240,
All CA Counties,2021-03-26,421978,17275300,224726,8821646,181585,8090191,15667,363463,234048,5303424,186927,6261554,254738,11564978,
All CA Counties,2021-03-27,304253,17579553,161554,8983200,131502,8221693,11197,374660,156659,5326631,146934,6408488,170141,11735119,
All CA Counties,2021-03-28,165092,17744645,105664,9088864,55802,8277495,3626,378286,90582,5348546,74209,6482697,96124,11831243,
All CA Counties,2021-03-29,301133,18045778,162855,9251719,129949,8407444,8329,386615,172911,5407078,127624,6610321,186156,12017399,
All CA Counties,2021-03-30,388937,18434715,196690,9448409,175691,8583135,16556,403171,239806,5518202,148540,6758861,259664,12277063,
All CA Counties,2021-03-31,416603,18851318,226767,9675176,168946,8752081,20890,424061,242803,5610024,173024,6931885,264846,12541909,
All CA Counties,2021-04-01,474880,19326198,242786,9917962,193849,8945930,38245,462306,267177,5711418,206852,7138737,308246,12850155,
All CA Counties,2021-04-02,456446,19782644,222480,10140442,193100,9139030,40866,503172,251984,5802699,203444,7342181,294725,13144880,
All CA Counties,2021-04-03,318915,20101559,161828,10302270,117751,9256781,39336,542508,162686,5850653,155716,7497897,203670,13348550,
All CA Counties,2021-04-04,128232,20229791,66606,10368876,43880,9300661,17746,560254,57088,5854789,70959,7568856,75095,13423645,
All CA Counties,2021-04-05,342022,20571813,177315,10546191,126492,9427153,38215,598469,172735,5899812,168807,7737663,213830,13637475,
All CA Counties,2021-04-06,445959,21017772,227177,10773368,155116,9582269,63666,662135,219848,5961164,225345,7963008,286697,13924172,
All CA Counties,2021-04-07,455606,21473378,236456,11009824,152972,9735241,66178,728313,224912,6025101,229907,8192915,293844,14218016,
All CA Counties,2021-04-08,474392,21947770,240545,11250369,153963,9889204,79884,808197,226101,6086715,247381,8440296,308995,14527011,
All CA Counties,2021-04-09,425347,22373117,207279,11457648,149316,10038520,68752,876949,198453,6131923,226051,8666347,271259,14798270,
All CA Counties,2021-04-10,319325,22692442,146650,11604298,105888,10144408,66787,943736,132966,6149596,185838,8852185,203511,15001781,
All CA Counties,2021-04-11,176167,22868609,97603,11701901,46512,10190920,32052,975788,73489,6155627,102416,8954601,108447,15110228,
All CA Counties,2021-04-12,269756,23138365,127850,11829751,110977,10301897,30929,1006717,128076,6176508,140959,9095560,161840,15272068,
All CA Counties,2021-04-13,346421,23484786,180637,12010388,165033,10466930,751,1007468,189329,6214281,156344,9251904,194117,15466185,
All CA Counties,2021-04-14,226180,23710966,115397,12125785,110652,10577582,131,1007599,114991,6221602,110774,9362678,118095,15584280,
All CA and Non-CA Counties,2020-12-15,1137,1137,1137,1137,0,0,0,0,1137,1137,0,0,1137,1137,
All CA and Non-CA Counties,2020-12-16,8374,9511,8374,9511,0,0,0,0,8374,9511,0,0,8374,9511,
All CA and Non-CA Counties,2020-12-17,27291,36802,27291,36802,0,0,0,0,27291,36802,0,0,27291,36802,
All CA and Non-CA Counties,2020-12-18,46289,83091,46204,83006,85,85,0,0,46288,83089,1,1,46288,83090,
All CA and Non-CA Counties,2020-12-19,26300,109391,26278,109284,22,107,0,0,26299,109387,1,2,26299,109389,
All CA and Non-CA Counties,2020-12-20,19609,129000,19579,128863,30,137,0,0,19608,128994,1,3,19608,128997,
All CA and Non-CA Counties,2020-12-21,51741,180741,51656,180519,85,222,0,0,51739,180732,1,4,51739,180736,
All CA and Non-CA Counties,2020-12-22,51868,232609,49691,230210,2177,2399,0,0,51866,232597,1,5,51866,232602,
All CA and Non-CA Counties,2020-12-23,51693,284302,42887,273097,8806,11205,0,0,51689,284286,0,5,51689,284291,
All CA and Non-CA Counties,2020-12-24,24796,309098,16918,290015,7878,19083,0,0,24793,309078,1,6,24793,309084,
All CA and Non-CA Counties,2020-12-25,2359,311457,2036,292051,323,19406,0,0,2358,311435,1,7,2358,311442,
All CA and Non-CA Counties,2020-12-26,14900,326357,9629,301680,5271,24677,0,0,14898,326332,1,8,14898,326340,
All CA and Non-CA Counties,2020-12-27,9564,335921,5632,307312,3932,28609,0,0,9563,335894,1,9,9563,335903,
All CA and Non-CA Counties,2020-12-28,47011,382932,30133,337445,16878,45487,0,0,47008,382899,3,12,47008,382911,
All CA and Non-CA Counties,2020-12-29,52495,435427,29499,366944,22996,68483,0,0,52491,435387,3,15,52491,435402,
All CA and Non-CA Counties,2020-12-30,64797,500224,36891,403835,27906,96389,0,0,64790,500174,3,18,64790,500192,
All CA and Non-CA Counties,2020-12-31,30254,530478,11330,415165,18924,115313,0,0,30244,530412,6,24,30244,530436,
All CA and Non-CA Counties,2021-01-01,3858,534336,1667,416832,2191,117504,0,0,3855,534266,1,25,3855,534291,
All CA and Non-CA Counties,2021-01-02,18613,552949,10328,427160,8285,125789,0,0,18611,552876,1,26,18611,552902,
All CA and Non-CA Counties,2021-01-03,6270,559219,3550,430710,2720,128509,0,0,6241,559105,12,38,6241,559143,
All CA and Non-CA Counties,2021-01-04,44369,603588,22386,453096,21983,150492,0,0,44286,603348,43,81,44286,603429,
All CA and Non-CA Counties,2021-01-05,57622,661210,30368,483464,27254,177746,0,0,51980,649839,5572,5653,52063,655492,
All CA and Non-CA Counties,2021-01-06,75485,736695,41889,525353,33596,211342,0,0,59484,693533,15818,21471,59512,715004,
All CA and Non-CA Counties,2021-01-07,95764,832459,54728,580081,41036,252378,0,0,63676,725328,31926,53397,63721,778725,
All CA and Non-CA Counties,2021-01-08,110413,942872,66802,646883,43611,295989,0,0,67537,750186,42735,96132,67593,846318,
All CA and Non-CA Counties,2021-01-09,44861,987733,25545,672428,19316,315305,0,0,28458,762285,16382,112514,28481,874799,
All CA and Non-CA Counties,2021-01-10,24473,1012206,14972,687400,9501,324806,0,0,13149,764141,11308,123822,13164,887963,
All CA and Non-CA Counties,2021-01-11,107188,1119394,71184,758584,36004,360810,0,0,62210,781508,44938,168760,62305,950268,
All CA and Non-CA Counties,2021-01-12,116192,1235586,68648,827232,47544,408354,0,0,73762,813142,42347,211107,73981,1024249,
All CA and Non-CA Counties,2021-01-13,121838,1357424,63015,890247,58823,467177,0,0,87172,865804,34583,245690,87245,1111494,
All CA and Non-CA Counties,2021-01-14,126447,1483871,50497,940744,75950,543127,0,0,106345,952293,19988,265678,106477,1217971,
All CA and Non-CA Counties,2021-01-15,145423,1629294,52921,993665,92502,635629,0,0,130012,1067170,15303,280981,130180,1348151,
All CA and Non-CA Counties,2021-01-16,82896,1712190,27698,1021363,55198,690827,0,0,75218,1134785,7650,288631,75265,1423416,
All CA and Non-CA Counties,2021-01-17,48451,1760641,16886,1038249,31565,722392,0,0,44788,1175958,3657,292288,44830,1468246,
All CA and Non-CA Counties,2021-01-18,88725,1849366,46333,1084582,42392,764784,0,0,69165,1225790,19482,311770,69314,1537560,
All CA and Non-CA Counties,2021-01-19,144712,1994078,74577,1159159,70135,834919,0,0,112832,1307148,31788,343558,113146,1650706,
All CA and Non-CA Counties,2021-01-20,162096,2156174,81432,1240591,80664,915583,0,0,128091,1401648,33827,377385,128327,1779033,
All CA and Non-CA Counties,2021-01-21,175749,2331923,77068,1317659,98681,1014264,0,0,156432,1539278,19105,396490,156735,1935768,
All CA and Non-CA Counties,2021-01-22,172799,2504722,69670,1387329,103129,1117393,0,0,158271,1683305,14397,410887,158424,2094192,
All CA and Non-CA Counties,2021-01-23,113055,2617777,49634,1436963,63421,1180814,0,0,100413,1771241,12586,423473,100522,2194714,
All CA and Non-CA Counties,2021-01-24,61284,2679061,29609,1466572,31675,1212489,0,0,56605,1823244,4653,428126,56656,2251370,
All CA and Non-CA Counties,2021-01-25,147819,2826880,66644,1533216,81175,1293664,0,0,112417,1900693,35316,463442,112765,2364135,
All CA and Non-CA Counties,2021-01-26,172978,2999858,84989,1618205,87989,1381653,0,0,135227,1998603,37631,501073,135541,2499676,
All CA and Non-CA Counties,2021-01-27,182945,3182803,89956,1708161,92989,1474642,0,0,143687,2103611,38891,539964,143899,2643575,
All CA and Non-CA Counties,2021-01-28,191056,3373859,88392,1796553,102664,1577306,0,0,156896,2226801,33887,573851,157077,2800652,
All CA and Non-CA Counties,2021-01-29,186702,3560561,90611,1887164,96091,1673397,0,0,151786,2344368,34367,608218,151934,2952586,
All CA and Non-CA Counties,2021-01-30,126814,3687375,57302,1944466,69512,1742909,0,0,111725,2441288,14936,623154,111856,3064442,
All CA and Non-CA Counties,2021-01-31,72285,3759660,41622,1986088,30663,1773572,0,0,67242,2503571,5000,628154,67283,3131725,
All CA and Non-CA Counties,2021-02-01,163037,3922697,75139,2061227,87898,1861470,0,0,124448,2589680,38462,666616,124571,3256296,
All CA and Non-CA Counties,2021-02-02,191209,4113906,81412,2142639,109797,1971267,0,0,144997,2689026,45863,712479,145209,3401505,
All CA and Non-CA Counties,2021-02-03,216733,4330639,96771,2239410,119962,2091229,0,0,162482,2797955,53777,766256,162706,3564211,
All CA and Non-CA Counties,2021-02-04,233402,4564041,101790,2341200,131612,2222841,0,0,172274,2909972,60592,826848,172609,3736820,
All CA and Non-CA Counties,2021-02-05,251234,4815275,108041,2449241,143193,2366034,0,0,172245,3004526,78246,905094,172800,3909620,
All CA and Non-CA Counties,2021-02-06,158603,4973878,76711,2525952,81892,2447926,0,0,123667,3093926,34767,939861,124167,4033787,
All CA and Non-CA Counties,2021-02-07,68640,5042518,44739,2570691,23901,2471827,0,0,52247,3130311,16308,956169,52693,4086480,
All CA and Non-CA Counties,2021-02-08,184676,5227194,91388,2662079,93288,2565115,0,0,122853,3192513,61375,1017544,123577,4210057,
All CA and Non-CA Counties,2021-02-09,213585,5440779,103234,2765313,110351,2675466,0,0,128598,3237698,84566,1102110,129751,4339808,
All CA and Non-CA Counties,2021-02-10,252215,5692994,121110,2886423,131105,2806571,0,0,140770,3269312,110646,1212756,142260,4482068,
All CA and Non-CA Counties,2021-02-11,265499,5958493,131107,3017530,134392,2940963,0,0,146658,3299893,117861,1330617,148442,4630510,
All CA and Non-CA Counties,2021-02-12,274967,6233460,120197,3137727,154770,3095733,0,0,149618,3327197,124641,1455258,151945,4782455,
All CA and Non-CA Counties,2021-02-13,168353,6401813,77590,3215317,90763,3186496,0,0,93634,3348476,74322,1529580,95601,4878056,
All CA and Non-CA Counties,2021-02-14,96317,6498130,47753,3263070,48564,3235060,0,0,52628,3359244,43547,1573127,54315,4932371,
All CA and Non-CA Counties,2021-02-15,143561,6641691,63584,3326654,79977,3315037,0,0,79461,3378165,63757,1636884,82678,5015049,
All CA and Non-CA Counties,2021-02-16,252583,6894274,120189,3446843,132394,3447431,0,0,134735,3398895,117517,1754401,138247,5153296,
All CA and Non-CA Counties,2021-02-17,261645,7155919,130542,3577385,131103,3578534,0,0,129836,3401089,131339,1885740,133533,5286829,
All CA and Non-CA Counties,2021-02-18,275208,7431127,143962,3721347,131246,3709780,0,0,132660,3396640,141858,2027598,137409,5424238,
All CA and Non-CA Counties,2021-02-19,254679,7685806,148489,3869836,106190,3815970,0,0,131719,3408032,122541,2150139,133933,5558171,
All CA and Non-CA Counties,2021-02-20,153549,7839355,99205,3969041,54344,3870314,0,0,84335,3425684,69001,2219140,86653,5644824,
All CA and Non-CA Counties,2021-02-21,73335,7912690,59291,4028332,14044,3884358,0,0,35930,3426786,37219,2256359,38321,5683145,
All CA and Non-CA Counties,2021-02-22,164953,8077643,111069,4139401,53884,3938242,0,0,82709,3430093,81967,2338326,85274,5768419,
All CA and Non-CA Counties,2021-02-23,225447,8303090,118970,4258371,106477,4044719,0,0,104224,3420663,120731,2459057,111301,5879720,
All CA and Non-CA Counties,2021-02-24,285155,8588245,143978,4402349,141177,4185896,0,0,135691,3416157,148912,2607969,144406,6024126,
All CA and Non-CA Counties,2021-02-25,319925,8908170,156843,4559192,163082,4348978,0,0,166858,3440122,152436,2760405,176401,6200527,
All CA and Non-CA Counties,2021-02-26,354135,9262305,165639,4724831,188496,4537474,0,0,197678,3489553,155590,2915995,205021,6405548,
All CA and Non-CA Counties,2021-02-27,250067,9512372,119431,4844262,130620,4668094,16,16,140462,3525549,109085,3025080,145081,6550629,
All CA and Non-CA Counties,2021-02-28,131435,9643807,78768,4923030,52666,4720760,1,17,76482,3551256,54647,3079727,80354,6630983,
All CA and Non-CA Counties,2021-03-01,239168,9882975,127250,5050280,111895,4832655,23,40,136715,3591024,101909,3181636,141677,6772660,
All CA and Non-CA Counties,2021-03-02,271390,10154365,131519,5181799,139860,4972515,11,51,162200,3652355,108794,3290430,170125,6942785,
All CA and Non-CA Counties,2021-03-03,327668,10482033,160670,5342469,166967,5139482,31,82,184935,3703430,142157,3432587,193232,7136017,
All CA and Non-CA Counties,2021-03-04,340849,10822882,170320,5512789,170449,5309931,80,162,199435,3769762,140794,3573381,207126,7343143,
All CA and Non-CA Counties,2021-03-05,329379,11152261,160151,5672940,168122,5478053,1106,1268,204213,3858719,124484,3697865,213441,7556584,
All CA and Non-CA Counties,2021-03-06,252106,11404367,129243,5802183,114941,5592994,7922,9190,156314,3933063,95464,3793329,169808,7726392,
All CA and Non-CA Counties,2021-03-07,124988,11529355,76144,5878327,44793,5637787,4051,13241,77695,3973185,47153,3840482,87275,7813667,
All CA and Non-CA Counties,2021-03-08,213207,11742562,103205,5981532,99509,5737296,10493,23734,139442,4054670,73446,3913928,154931,7968598,
All CA and Non-CA Counties,2021-03-09,263363,12005925,113972,6095504,133415,5870711,15976,39710,142753,4099435,120218,4034146,164983,8133581,
All CA and Non-CA Counties,2021-03-10,311552,12317477,152208,6247712,135620,6006331,23724,63434,169157,4156487,141888,4176034,198940,8332521,
All CA and Non-CA Counties,2021-03-11,369697,12687174,178685,6426397,159075,6165406,31937,95371,191518,4208485,177405,4353439,229403,8561924,
All CA and Non-CA Counties,2021-03-12,388505,13075679,173631,6600028,168950,6334356,45924,141295,190497,4251627,197357,4550796,240499,8802423,
All CA and Non-CA Counties,2021-03-13,276936,13352615,122129,6722157,123878,6458234,30929,172224,150310,4310930,126267,4677063,185570,8987993,
All CA and Non-CA Counties,2021-03-14,152726,13505341,81907,6804064,55742,6513976,15077,187301,82332,4340593,70173,4747236,99836,9087829,
All CA and Non-CA Counties,2021-03-15,289345,13794686,137765,6941829,130928,6644904,20652,207953,157987,4393769,130779,4878015,183955,9271784,
All CA and Non-CA Counties,2021-03-16,370579,14165265,174319,7116148,178922,6823826,17338,225291,216855,4480473,153111,5031126,239815,9511599,
All CA and Non-CA Counties,2021-03-17,382994,14548259,190717,7306865,174055,6997881,18222,243513,237839,4595398,144516,5175642,259441,9771040,
All CA and Non-CA Counties,2021-03-18,395003,14943262,202774,7509639,174105,7171986,18124,261637,236016,4697218,158080,5333722,259900,10030940,
All CA and Non-CA Counties,2021-03-19,405420,15348682,212772,7722411,170939,7342925,21709,283346,238016,4793136,166605,5500327,262523,10293463,
All CA and Non-CA Counties,2021-03-20,291252,15639934,153365,7875776,122470,7465395,15417,298763,187801,4895722,102888,5603215,205474,10498937,
All CA and Non-CA Counties,2021-03-21,142419,15782353,98101,7973877,36857,7502252,7461,306224,90341,4945888,51837,5655052,102003,10600940,
All CA and Non-CA Counties,2021-03-22,269298,16051651,157255,8131132,101176,7603428,10867,317091,178472,5049916,90252,5745304,194280,10795220,
All CA and Non-CA Counties,2021-03-23,354916,16406567,194556,8325688,149489,7752917,10871,327962,230481,5172791,123683,5868987,246558,11041778,
All CA and Non-CA Counties,2021-03-24,385190,16791757,220679,8546367,152119,7905036,12392,340354,229288,5264678,154957,6023944,246844,11288622,
All CA and Non-CA Counties,2021-03-25,411645,17203402,225435,8771802,171764,8076800,14446,354800,239511,5351768,171060,6195004,258150,11546772,
All CA and Non-CA Counties,2021-03-26,427968,17631370,227824,8999626,184304,8261104,15840,370640,238297,5422272,188655,6383659,259159,11805931,
All CA and Non-CA Counties,2021-03-27,308472,17939842,164033,9163659,133201,8394305,11238,381878,159627,5447242,148177,6531836,173147,11979078,
All CA and Non-CA Counties,2021-03-28,167613,18107455,106920,9270579,56993,8451298,3700,385578,92239,5470030,75067,6606903,97855,12076933,
All CA and Non-CA Counties,2021-03-29,305571,18413026,164786,9435365,132201,8583499,8584,394162,175664,5529889,129306,6736209,189165,12266098,
All CA and Non-CA Counties,2021-03-30,394962,18807988,199726,9635091,178145,8761644,17091,411253,243572,5643075,150788,6886997,263974,12530072,
All CA and Non-CA Counties,2021-03-31,421947,19229935,229770,9864861,170547,8932191,21630,432883,246014,5736717,175154,7062151,268796,12798868,
All CA and Non-CA Counties,2021-04-01,481035,19710970,246222,10111083,195943,9128134,38870,471753,270854,5839939,209325,7271476,312547,13111415,
All CA and Non-CA Counties,2021-04-02,463869,20174839,226433,10337516,195492,9323626,41944,513697,256047,5933008,206799,7478275,299868,13411283,
All CA and Non-CA Counties,2021-04-03,324654,20499493,165183,10502699,118979,9442605,40492,554189,165732,5982477,158403,7636678,207872,13619155,
All CA and Non-CA Counties,2021-04-04,129852,20629345,67427,10570126,44450,9487055,17975,572164,57982,5987012,71683,7708361,76218,13695373,
All CA and Non-CA Counties,2021-04-05,345766,20975111,179263,10749389,127737,9614792,38766,610930,174628,6032634,170653,7879014,216275,13911648,
All CA and Non-CA Counties,2021-04-06,452587,21427698,230504,10979893,156920,9771712,65163,676093,222746,6094658,229061,8108075,291085,14202733,
All CA and Non-CA Counties,2021-04-07,463521,21891219,240497,11220390,154995,9926707,68029,744122,228410,6159531,234311,8342386,299184,14501917,
All CA and Non-CA Counties,2021-04-08,482503,22373722,244613,11465003,155915,10082622,81975,826097,229719,6222367,251861,8594247,314697,14816614,
All CA and Non-CA Counties,2021-04-09,432065,22805787,210631,11675634,150808,10233430,70626,896723,201260,6268354,229956,8824203,275943,15092557,
All CA and Non-CA Counties,2021-04-10,325440,23131227,149794,11825428,106878,10340308,68768,965491,134943,6285855,189968,9014171,207469,15300026,
All CA and Non-CA Counties,2021-04-11,179178,23310405,99234,11924662,47137,10387445,32807,998298,74724,6292111,104191,9118362,110447,15410473,
All CA and Non-CA Counties,2021-04-12,272990,23583395,129569,12054231,112174,10499619,31247,1029545,129835,6313602,142430,9260792,163921,15574394,
All CA and Non-CA Counties,2021-04-13,351575,23934970,183706,12237937,167091,10666710,778,1030323,192119,6351835,158703,9419495,196936,15771330,
All CA and Non-CA Counties,2021-04-14,228936,24163906,117128,12355065,111675,10778385,133,1030456,116432,6359291,112083,9531578,119539,15890869,
Outside California,2020-12-15,7,7,7,7,0,0,0,0,7,7,0,0,7,7,Not in California
Outside California,2020-12-16,133,140,133,140,0,0,0,0,133,140,0,0,133,140,Not in California
Outside California,2020-12-17,1532,1672,1532,1672,0,0,0,0,1532,1672,0,0,1532,1672,Not in California
Outside California,2020-12-18,2368,4040,2364,4036,4,4,0,0,2367,4039,0,0,2367,4039,Not in California
Outside California,2020-12-19,981,5021,980,5016,1,5,0,0,981,5020,0,0,981,5020,Not in California
Outside California,2020-12-20,643,5664,641,5657,2,7,0,0,643,5663,0,0,643,5663,Not in California
Outside California,2020-12-21,2065,7729,2064,7721,1,8,0,0,2064,7727,0,0,2064,7727,Not in California
Outside California,2020-12-22,1926,9655,1892,9613,34,42,0,0,1926,9653,0,0,1926,9653,Not in California
Outside California,2020-12-23,1423,11078,1306,10919,117,159,0,0,1423,11076,0,0,1423,11076,Not in California
Outside California,2020-12-24,802,11880,610,11529,192,351,0,0,802,11878,0,0,802,11878,Not in California
Outside California,2020-12-25,32,11912,28,11557,4,355,0,0,32,11910,0,0,32,11910,Not in California
Outside California,2020-12-26,307,12219,203,11760,104,459,0,0,307,12217,0,0,307,12217,Not in California
Outside California,2020-12-27,187,12406,72,11832,115,574,0,0,187,12404,0,0,187,12404,Not in California
Outside California,2020-12-28,1391,13797,877,12709,514,1088,0,0,1391,13795,0,0,1391,13795,Not in California
Outside California,2020-12-29,1451,15248,926,13635,525,1613,0,0,1451,15246,0,0,1451,15246,Not in California
Outside California,2020-12-30,1849,17097,1195,14830,654,2267,0,0,1850,17096,0,0,1850,17096,Not in California
Outside California,2020-12-31,1067,18164,585,15415,482,2749,0,0,1067,18162,1,1,1067,18163,Not in California
Outside California,2021-01-01,110,18274,22,15437,88,2837,0,0,110,18272,0,1,110,18273,Not in California
Outside California,2021-01-02,239,18513,132,15569,107,2944,0,0,238,18509,1,2,238,18511,Not in California
Outside California,2021-01-03,172,18685,92,15661,80,3024,0,0,172,18681,0,2,172,18683,Not in California
Outside California,2021-01-04,1125,19810,503,16164,622,3646,0,0,1120,19801,0,2,1120,19803,Not in California
Outside California,2021-01-05,1439,21249,750,16914,689,4335,0,0,1303,20970,134,136,1303,21106,Not in California
Outside California,2021-01-06,2581,23830,1524,18438,1057,5392,0,0,1911,22204,677,813,1911,23017,Not in California
Outside California,2021-01-07,4088,27918,2506,20944,1582,6974,0,0,2457,23034,1629,2442,2459,25476,Not in California
Outside California,2021-01-08,4273,32191,2701,23645,1572,8546,0,0,2534,23842,1729,4171,2537,28013,Not in California
Outside California,2021-01-09,1328,33519,531,24176,797,9343,0,0,999,24516,327,4498,1001,29014,Not in California
Outside California,2021-01-10,301,33820,178,24354,123,9466,0,0,182,24579,119,4617,182,29196,Not in California
Outside California,2021-01-11,3234,37054,1962,26316,1272,10738,0,0,1916,25176,1319,5936,1916,31112,Not in California
Outside California,2021-01-12,3767,40821,2252,28568,1515,12253,0,0,2287,25989,1475,7411,2288,33400,Not in California
Outside California,2021-01-13,3501,44322,1724,30292,1777,14030,0,0,2407,27298,1099,8510,2408,35808,Not in California
Outside California,2021-01-14,3635,47957,1243,31535,2392,16422,0,0,3021,29707,612,9122,3021,38829,Not in California
Outside California,2021-01-15,3995,51952,916,32451,3079,19501,0,0,3562,32841,429,9551,3563,42392,Not in California
Outside California,2021-01-16,2529,54481,353,32804,2176,21677,0,0,2356,35027,170,9721,2356,44748,Not in California
Outside California,2021-01-17,448,54929,146,32950,302,21979,0,0,398,35376,49,9770,398,45146,Not in California
Outside California,2021-01-18,1083,56012,732,33682,351,22330,0,0,628,35551,454,10224,629,45775,Not in California
Outside California,2021-01-19,3964,59976,1292,34974,2672,25002,0,0,3121,37830,844,11068,3123,48898,Not in California
Outside California,2021-01-20,4287,64263,1338,36312,2949,27951,0,0,3407,40363,877,11945,3410,52308,Not in California
Outside California,2021-01-21,3924,68187,982,37294,2942,30893,0,0,3407,43269,501,12446,3407,55715,Not in California
Outside California,2021-01-22,4380,72567,993,38287,3387,34280,0,0,3986,46867,389,12835,3987,59702,Not in California
Outside California,2021-01-23,2207,74774,328,38615,1879,36159,0,0,2041,48743,165,13000,2041,61743,Not in California
Outside California,2021-01-24,606,75380,248,38863,358,36517,0,0,527,49191,79,13079,527,62270,Not in California
Outside California,2021-01-25,4305,79685,1897,40760,2408,38925,0,0,3469,51815,850,13929,3474,65744,Not in California
Outside California,2021-01-26,5839,85524,2846,43606,2993,41918,0,0,5047,56061,811,14740,5057,70801,Not in California
Outside California,2021-01-27,4586,90110,2590,46196,1996,43914,0,0,4045,59545,562,15302,4046,74847,Not in California
Outside California,2021-01-28,4871,94981,2668,48864,2203,46117,0,0,4447,63552,440,15742,4447,79294,Not in California
Outside California,2021-01-29,4528,99509,2850,51714,1678,47795,0,0,3817,66653,717,16459,3818,83112,Not in California
Outside California,2021-01-30,4092,103601,2314,54028,1778,49573,0,0,3872,70304,221,16680,3872,86984,Not in California
Outside California,2021-01-31,3182,106783,2777,56805,405,49978,0,0,3130,73383,51,16731,3130,90114,Not in California
Outside California,2021-02-01,5331,112114,2466,59271,2865,52843,0,0,4691,77433,641,17372,4691,94805,Not in California
Outside California,2021-02-02,6650,118764,2087,61358,4563,57406,0,0,5957,82704,686,18058,5957,100762,Not in California
Outside California,2021-02-03,7132,125896,1990,63348,5142,62548,0,0,6321,88224,802,18860,6322,107084,Not in California
Outside California,2021-02-04,6604,132500,2062,65410,4542,67090,0,0,5660,92952,932,19792,5660,112744,Not in California
Outside California,2021-02-05,6517,139017,2066,67476,4451,71541,0,0,5535,97501,986,20778,5535,118279,Not in California
Outside California,2021-02-06,4266,143283,2152,69628,2114,73655,0,0,3837,100921,420,21198,3840,122119,Not in California
Outside California,2021-02-07,2180,145463,1791,71419,389,74044,0,0,2101,102945,79,21277,2103,124222,Not in California
Outside California,2021-02-08,5142,150605,3250,74669,1892,75936,0,0,4115,106049,1011,22288,4115,128337,Not in California
Outside California,2021-02-09,4128,154733,1855,76524,2273,78209,0,0,2836,107624,1277,23565,2852,131189,Not in California
Outside California,2021-02-10,5277,160010,1775,78299,3502,81711,0,0,2933,108265,2336,25901,2977,134166,Not in California
Outside California,2021-02-11,4215,164225,1855,80154,2360,84071,0,0,3109,110295,1097,26998,3127,137293,Not in California
Outside California,2021-02-12,4627,168852,1611,81765,3016,87087,0,0,3037,111753,1583,28581,3041,140334,Not in California
Outside California,2021-02-13,2204,171056,598,82363,1606,88693,0,0,1771,113103,431,29012,1781,142115,Not in California
Outside California,2021-02-14,1358,172414,405,82768,953,89646,0,0,1125,114001,229,29241,1127,143242,Not in California
Outside California,2021-02-15,2427,174841,1478,84246,949,90595,0,0,1131,113855,1280,30521,1134,144376,Not in California
Outside California,2021-02-16,6191,181032,2793,87039,3398,93993,0,0,2491,112658,3692,34213,2495,146871,Not in California
Outside California,2021-02-17,5633,186665,2775,89814,2858,96851,0,0,1661,110359,3964,38177,1665,148536,Not in California
Outside California,2021-02-18,5952,192617,3463,93277,2489,99340,0,0,1801,108021,4140,42317,1802,150338,Not in California
Outside California,2021-02-19,4972,197589,3432,96709,1540,100880,0,0,1866,106785,3103,45420,1867,152205,Not in California
Outside California,2021-02-20,3086,200675,2594,99303,492,101372,0,0,1073,105849,2010,47430,1074,153279,Not in California
Outside California,2021-02-21,1787,202462,1580,100883,207,101579,0,0,610,105286,1173,48603,610,153889,Not in California
Outside California,2021-02-22,2679,205141,1860,102743,819,102398,0,0,925,104462,1753,50356,929,154818,Not in California
Outside California,2021-02-23,4951,210092,2450,105193,2501,104899,0,0,1507,102544,3439,53795,1521,156339,Not in California
Outside California,2021-02-24,5133,215225,2507,107700,2626,107525,0,0,1452,100324,3676,57471,1456,157795,Not in California
Outside California,2021-02-25,5641,220866,2426,110126,3215,110740,0,0,2011,98730,3611,61082,2017,159812,Not in California
Outside California,2021-02-26,5836,226702,2909,113035,2927,113667,0,0,2370,97716,3386,64468,2372,162184,Not in California
Outside California,2021-02-27,4448,231150,2212,115247,2235,115902,1,1,1187,95656,3250,67718,1190,163374,Not in California
Outside California,2021-02-28,2373,233523,1761,117008,612,116514,0,1,755,94796,1616,69334,756,164130,Not in California
Outside California,2021-03-01,4406,237929,2898,119906,1508,118022,0,1,1079,92560,3319,72653,1083,165213,Not in California
Outside California,2021-03-02,5792,243721,1825,121731,3967,121989,0,1,1603,89970,4194,76847,1604,166817,Not in California
Outside California,2021-03-03,6758,250479,2179,123910,4578,126567,1,2,1753,86716,5013,81860,1759,168576,Not in California
Outside California,2021-03-04,5890,256369,2228,126138,3661,130228,1,3,1770,84403,4087,85947,1774,170350,Not in California
Outside California,2021-03-05,4171,260540,1769,127907,2390,132618,12,15,2033,84313,2143,88090,2053,172403,Not in California
Outside California,2021-03-06,3901,264441,1648,129555,2095,134713,158,173,1852,84297,2038,90128,2022,174425,Not in California
Outside California,2021-03-07,1489,265930,968,130523,468,135181,53,226,872,84607,616,90744,926,175351,Not in California
Outside California,2021-03-08,2590,268520,1501,132024,842,136023,247,473,1827,85955,731,91475,2079,177430,Not in California
Outside California,2021-03-09,3822,272342,1804,133828,1708,137731,310,783,2155,86759,1662,93137,2466,179896,Not in California
Outside California,2021-03-10,3496,275838,1388,135216,1620,139351,488,1271,1973,87720,1507,94644,2468,182364,Not in California
Outside California,2021-03-11,5437,281275,2642,137858,2131,141482,664,1935,2846,88642,2589,97233,3511,185875,Not in California
Outside California,2021-03-12,5219,286494,2844,140702,1686,143168,689,2624,2882,89882,2331,99564,3571,189446,Not in California
Outside California,2021-03-13,3324,289818,1855,142557,1009,144177,460,3084,2217,91461,1100,100664,2679,192125,Not in California
Outside California,2021-03-14,1824,291642,899,143456,597,144774,328,3412,1083,92132,741,101405,1412,193537,Not in California
Outside California,2021-03-15,3125,294767,1361,144817,1377,146151,387,3799,1844,93091,1277,102682,2236,195773,Not in California
Outside California,2021-03-16,6069,300836,3079,147896,2649,148800,341,4140,3536,94403,2564,105246,3876,199649,Not in California
Outside California,2021-03-17,6363,307199,3497,151393,2521,151321,345,4485,3916,96190,2475,107721,4262,203911,Not in California
Outside California,2021-03-18,6584,313783,3664,155057,2406,153727,514,4999,4080,98304,2478,110199,4592,208503,Not in California
Outside California,2021-03-19,5693,319476,3192,158249,1969,155696,532,5531,3544,100233,2151,112350,4080,212583,Not in California
Outside California,2021-03-20,3708,323184,2519,160768,1110,156806,79,5610,3015,102639,688,113038,3094,215677,Not in California
Outside California,2021-03-21,1716,324900,1181,161949,446,157252,89,5699,1330,103674,385,113423,1420,217097,Not in California
Outside California,2021-03-22,2666,327566,1475,163424,1118,158370,73,5772,1765,104618,894,114317,1838,218935,Not in California
Outside California,2021-03-23,5506,333072,2657,166081,2585,160955,264,6036,3861,107109,1634,115951,4125,223060,Not in California
Outside California,2021-03-24,6283,339355,2959,169040,2910,163865,414,6450,4787,110818,1489,117440,5198,228258,Not in California
Outside California,2021-03-25,7186,346541,2982,172022,3718,167583,486,6936,5563,115255,1613,119053,6050,234308,Not in California
Outside California,2021-03-26,5954,352495,3081,175103,2705,170288,168,7104,4229,117939,1712,120765,4396,238704,Not in California
Outside California,2021-03-27,4183,356678,2468,177571,1674,171962,41,7145,2951,119704,1224,121989,2989,241693,Not in California
Outside California,2021-03-28,2505,359183,1248,178819,1183,173145,74,7219,1645,120569,854,122843,1719,243412,Not in California
Outside California,2021-03-29,4388,363571,1901,180720,2232,175377,255,7474,2716,121872,1669,124512,2972,246384,Not in California
Outside California,2021-03-30,5980,369551,3006,183726,2439,177816,535,8009,3733,123913,2236,126748,4277,250661,Not in California
Outside California,2021-03-31,5297,374848,2970,186696,1587,179403,740,8749,3174,125706,2120,128868,3913,254574,Not in California
Outside California,2021-04-01,6121,380969,3416,190112,2080,181483,625,9374,3648,127510,2468,131336,4272,258846,Not in California
Outside California,2021-04-02,7357,388326,3935,194047,2355,183838,1067,10441,4032,129291,3320,134656,5101,263947,Not in California
Outside California,2021-04-03,5712,394038,3337,197384,1219,185057,1156,11597,3030,130801,2676,137332,4186,268133,Not in California
Outside California,2021-04-04,1602,395640,814,198198,559,185616,229,11826,882,131193,719,138051,1111,269244,Not in California
Outside California,2021-04-05,3540,399180,1782,199980,1232,186848,526,12352,1731,131647,1805,139856,2259,271503,Not in California
Outside California,2021-04-06,6207,405387,3079,203059,1670,188518,1458,13810,2541,131986,3653,143509,3992,275495,Not in California
Outside California,2021-04-07,7479,412866,3768,206827,1907,190425,1804,15614,3124,132562,4343,147852,4919,280414,Not in California
Outside California,2021-04-08,7697,420563,3814,210641,1847,192272,2036,17650,3276,133459,4408,152260,5305,285719,Not in California
Outside California,2021-04-09,6368,426931,3127,213768,1404,193676,1837,19487,2503,133943,3859,156119,4343,290062,Not in California
Outside California,2021-04-10,5874,432805,2966,216734,967,194643,1941,21428,1797,133611,4070,160189,3738,293800,Not in California
Outside California,2021-04-11,2711,435516,1489,218223,515,195158,707,22135,1015,133647,1696,161885,1732,295532,Not in California
Outside California,2021-04-12,2885,438401,1512,219735,1071,196229,302,22437,1463,133998,1418,163303,1769,297301,Not in California
Outside California,2021-04-13,4774,443175,2830,222565,1917,198146,27,22464,2449,134156,2320,165623,2478,299779,Not in California
Outside California,2021-04-14,2754,445929,1729,224294,1023,199169,2,22466,1439,134289,1309,166932,1442,301221,Not in California
Unknown,2020-12-17,36,36,36,36,0,0,0,0,1,1,0,0,1,1,Not in California
Unknown,2020-12-18,61,97,61,97,0,0,0,0,11,12,0,0,11,12,Not in California
Unknown,2020-12-19,82,179,82,179,0,0,0,0,82,94,0,0,82,94,Not in California
Unknown,2020-12-20,25,204,25,204,0,0,0,0,25,119,0,0,25,119,Not in California
Unknown,2020-12-21,41,245,41,245,0,0,0,0,0,119,0,0,0,119,Not in California
Unknown,2020-12-22,3,248,3,248,0,0,0,0,3,122,0,0,3,122,Not in California
Unknown,2020-12-26,1,249,1,249,0,0,0,0,1,123,0,0,1,123,Not in California
Unknown,2020-12-28,4,253,4,253,0,0,0,0,4,127,0,0,4,127,Not in California
Unknown,2020-12-29,3,256,3,256,0,0,0,0,3,130,0,0,3,130,Not in California
Unknown,2020-12-30,58,314,55,311,3,3,0,0,56,186,0,0,56,186,Not in California
Unknown,2020-12-31,3,317,0,311,3,6,0,0,1,187,0,0,1,187,Not in California
Unknown,2021-01-02,1,318,0,311,1,7,0,0,1,188,0,0,1,188,Not in California
Unknown,2021-01-04,3,321,3,314,0,7,0,0,2,190,0,0,2,190,Not in California
Unknown,2021-01-05,2,323,0,314,2,9,0,0,2,192,0,0,2,192,Not in California
Unknown,2021-01-06,31,354,29,343,2,11,0,0,6,174,24,24,6,198,Not in California
Unknown,2021-01-07,112,466,109,452,3,14,0,0,72,206,40,64,72,270,Not in California
Unknown,2021-01-08,24,490,21,473,3,17,0,0,4,189,21,85,4,274,Not in California
Unknown,2021-01-09,3,493,2,475,1,18,0,0,4,193,0,85,4,278,Not in California
Unknown,2021-01-11,22,515,22,497,0,18,0,0,18,208,3,88,18,296,Not in California
Unknown,2021-01-12,11,526,9,506,2,20,0,0,9,217,1,89,10,306,Not in California
Unknown,2021-01-13,11,537,11,517,0,20,0,0,14,231,0,89,14,320,Not in California
Unknown,2021-01-14,4,541,3,520,1,21,0,0,4,235,0,89,4,324,Not in California
Unknown,2021-01-15,4,545,3,523,1,22,0,0,5,240,0,89,5,329,Not in California
Unknown,2021-01-16,7,552,7,530,0,22,0,0,6,245,1,90,6,335,Not in California
Unknown,2021-01-17,3,555,3,533,0,22,0,0,3,248,0,90,3,338,Not in California
Unknown,2021-01-18,57,612,57,590,0,22,0,0,55,301,2,92,55,393,Not in California
Unknown,2021-01-19,26,638,25,615,1,23,0,0,24,324,1,93,24,417,Not in California
Unknown,2021-01-20,79,717,79,694,0,23,0,0,27,299,52,145,27,444,Not in California
Unknown,2021-01-21,60,777,58,752,2,25,0,0,62,361,0,145,62,506,Not in California
Unknown,2021-01-22,41,818,35,787,6,31,0,0,40,401,0,145,40,546,Not in California
Unknown,2021-01-23,13,831,7,794,6,37,0,0,12,413,0,145,12,558,Not in California
Unknown,2021-01-24,2,833,2,796,0,37,0,0,3,416,0,145,3,561,Not in California
Unknown,2021-01-25,20,853,18,814,2,39,0,0,17,430,3,148,17,578,Not in California
Unknown,2021-01-26,95,948,95,909,0,39,0,0,98,528,0,148,98,676,Not in California
Unknown,2021-01-27,17,965,17,926,0,39,0,0,16,543,1,149,16,692,Not in California
Unknown,2021-01-28,156,1121,153,1079,3,42,0,0,99,582,60,209,99,791,Not in California
Unknown,2021-01-29,149,1270,148,1227,1,43,0,0,154,735,1,210,154,945,Not in California
Unknown,2021-01-30,10,1280,8,1235,2,45,0,0,13,747,1,211,13,958,Not in California
Unknown,2021-01-31,17,1297,17,1252,0,45,0,0,17,763,1,212,17,975,Not in California
Unknown,2021-02-01,37,1334,35,1287,2,47,0,0,22,768,17,229,22,997,Not in California
Unknown,2021-02-02,70,1404,68,1355,2,49,0,0,63,825,6,235,63,1060,Not in California
Unknown,2021-02-03,50,1454,47,1402,3,52,0,0,38,852,11,246,38,1098,Not in California
Unknown,2021-02-04,62,1516,57,1459,5,57,0,0,57,904,5,251,57,1155,Not in California
Unknown,2021-02-05,18,1534,11,1470,7,64,0,0,14,911,7,258,14,1169,Not in California
Unknown,2021-02-06,19,1553,14,1484,5,69,0,0,15,921,7,265,17,1186,Not in California
Unknown,2021-02-07,8,1561,8,1492,0,69,0,0,6,925,2,267,6,1192,Not in California
Unknown,2021-02-08,55,1616,52,1544,3,72,0,0,13,896,42,309,13,1205,Not in California
Unknown,2021-02-09,23,1639,22,1566,1,73,0,0,5,883,18,327,5,1210,Not in California
Unknown,2021-02-10,37,1676,32,1598,5,78,0,0,11,868,26,353,11,1221,Not in California
Unknown,2021-02-11,93,1769,92,1690,1,79,0,0,43,860,51,404,43,1264,Not in California
Unknown,2021-02-12,48,1817,38,1728,10,89,0,0,20,847,33,437,20,1284,Not in California
Unknown,2021-02-13,14,1831,3,1731,11,100,0,0,16,862,1,438,16,1300,Not in California
Unknown,2021-02-14,8,1839,1,1732,7,107,0,0,6,867,1,439,6,1306,Not in California
Unknown,2021-02-15,43,1882,37,1769,6,113,0,0,29,884,12,451,29,1335,Not in California
Unknown,2021-02-16,105,1987,96,1865,9,122,0,0,31,841,74,525,31,1366,Not in California
Unknown,2021-02-17,10,1997,8,1873,2,124,0,0,6,842,5,530,6,1372,Not in California
Unknown,2021-02-18,106,2103,101,1974,5,129,0,0,19,774,87,617,19,1391,Not in California
Unknown,2021-02-19,200,2303,194,2168,6,135,0,0,60,695,139,756,60,1451,Not in California
Unknown,2021-02-20,12,2315,5,2173,7,142,0,0,5,695,5,761,5,1456,Not in California
Unknown,2021-02-21,23,2338,23,2196,0,142,0,0,8,688,15,776,8,1464,Not in California
Unknown,2021-02-22,12,2350,12,2208,0,142,0,0,7,690,5,781,7,1471,Not in California
Unknown,2021-02-23,63,2413,51,2259,12,154,0,0,15,658,48,829,16,1487,Not in California
Unknown,2021-02-24,44,2457,36,2295,8,162,0,0,15,643,30,859,15,1502,Not in California
Unknown,2021-02-25,77,2534,61,2356,16,178,0,0,27,620,50,909,27,1529,Not in California
Unknown,2021-02-26,42,2576,26,2382,16,194,0,0,28,635,13,922,28,1557,Not in California
Unknown,2021-02-27,28,2604,13,2395,15,209,0,0,20,647,8,930,20,1577,Not in California
Unknown,2021-02-28,17,2621,13,2408,4,213,0,0,10,652,5,935,10,1587,Not in California
Unknown,2021-03-01,43,2664,25,2433,18,231,0,0,24,657,19,954,24,1611,Not in California
Unknown,2021-03-02,17,2681,6,2439,11,242,0,0,9,660,6,960,9,1620,Not in California
Unknown,2021-03-03,18,2699,9,2448,9,251,0,0,13,668,5,965,13,1633,Not in California
Unknown,2021-03-04,55,2754,51,2499,4,255,0,0,25,662,31,996,25,1658,Not in California
Unknown,2021-03-05,30,2784,14,2513,16,271,0,0,35,691,6,1002,35,1693,Not in California
Unknown,2021-03-06,32,2816,10,2523,20,291,2,2,22,705,10,1012,24,1717,Not in California
Unknown,2021-03-07,9,2825,1,2524,8,299,0,2,5,707,3,1015,5,1722,Not in California
Unknown,2021-03-08,34,2859,24,2548,8,307,2,4,10,693,26,1041,12,1734,Not in California
Unknown,2021-03-09,39,2898,32,2580,3,310,4,8,13,680,30,1071,17,1751,Not in California
Unknown,2021-03-10,9,2907,6,2586,1,311,2,10,6,683,5,1076,8,1759,Not in California
Unknown,2021-03-11,41,2948,13,2599,11,322,17,27,17,693,24,1100,34,1793,Not in California
Unknown,2021-03-12,98,3046,56,2655,26,348,16,43,29,667,71,1171,45,1838,Not in California
Unknown,2021-03-13,47,3093,4,2659,35,383,8,51,27,683,19,1190,35,1873,Not in California
Unknown,2021-03-14,63,3156,19,2678,39,422,5,56,45,715,18,1208,50,1923,Not in California
Unknown,2021-03-15,30,3186,12,2690,16,438,2,58,20,724,13,1221,22,1945,Not in California
Unknown,2021-03-16,60,3246,21,2711,36,474,3,61,48,757,18,1239,51,1996,Not in California
Unknown,2021-03-17,46,3292,13,2724,32,506,1,62,44,797,5,1244,45,2041,Not in California
Unknown,2021-03-18,45,3337,22,2746,23,529,0,62,32,816,13,1257,32,2073,Not in California
Unknown,2021-03-19,30,3367,22,2768,8,537,0,62,21,825,12,1269,21,2094,Not in California
Unknown,2021-03-20,28,3395,13,2781,15,552,0,62,19,833,11,1280,19,2113,Not in California
Unknown,2021-03-21,21,3416,16,2797,5,557,0,62,19,849,3,1283,19,2132,Not in California
Unknown,2021-03-22,29,3445,16,2813,12,569,1,63,19,857,12,1295,20,2152,Not in California
Unknown,2021-03-23,25,3470,10,2823,10,579,5,68,16,867,11,1306,21,2173,Not in California
Unknown,2021-03-24,24,3494,7,2830,17,596,0,68,19,881,5,1311,19,2192,Not in California
Unknown,2021-03-25,45,3539,30,2860,15,611,0,68,32,900,13,1324,32,2224,Not in California
Unknown,2021-03-26,36,3575,17,2877,14,625,5,73,20,909,16,1340,25,2249,Not in California
Unknown,2021-03-27,36,3611,11,2888,25,650,0,73,17,907,19,1359,17,2266,Not in California
Unknown,2021-03-28,16,3627,8,2896,8,658,0,73,12,915,4,1363,12,2278,Not in California
Unknown,2021-03-29,50,3677,30,2926,20,678,0,73,37,939,13,1376,37,2315,Not in California
Unknown,2021-03-30,45,3722,30,2956,15,693,0,73,33,960,12,1388,33,2348,Not in California
Unknown,2021-03-31,47,3769,33,2989,14,707,0,73,37,987,10,1398,37,2385,Not in California
Unknown,2021-04-01,34,3803,20,3009,14,721,0,73,29,1011,5,1403,29,2414,Not in California
Unknown,2021-04-02,66,3869,18,3027,37,758,11,84,31,1018,35,1438,42,2456,Not in California
Unknown,2021-04-03,27,3896,18,3045,9,767,0,84,16,1023,11,1449,16,2472,Not in California
Unknown,2021-04-04,18,3914,7,3052,11,778,0,84,12,1030,5,1454,12,2484,Not in California
Unknown,2021-04-05,204,4118,166,3218,13,791,25,109,162,1175,41,1495,186,2670,Not in California
Unknown,2021-04-06,421,4539,248,3466,134,925,39,148,357,1508,63,1558,396,3066,Not in California
Unknown,2021-04-07,436,4975,273,3739,116,1041,47,195,374,1868,61,1619,421,3487,Not in California
Unknown,2021-04-08,414,5389,254,3993,105,1146,55,250,342,2193,72,1691,397,3884,Not in California
Unknown,2021-04-09,350,5739,225,4218,88,1234,37,287,304,2488,46,1737,341,4225,Not in California
Unknown,2021-04-10,241,5980,178,4396,23,1257,40,327,180,2648,60,1797,220,4445,Not in California
Unknown,2021-04-11,300,6280,142,4538,110,1367,48,375,220,2837,79,1876,268,4713,Not in California
Unknown,2021-04-12,349,6629,207,4745,126,1493,16,391,296,3096,53,1929,312,5025,Not in California
Unknown,2021-04-13,380,7009,239,4984,141,1634,0,391,341,3398,39,1968,341,5366,Not in California
Unknown,2021-04-14,2,7011,2,4986,0,1634,0,391,2,3400,0,1968,2,5368,Not in California
Alameda,2020-12-15,36,36,36,36,0,0,0,0,36,36,0,0,36,36,California
Alameda,2020-12-16,201,237,201,237,0,0,0,0,201,237,0,0,201,237,California
Alameda,2020-12-17,396,633,396,633,0,0,0,0,396,633,0,0,396,633,California
Alameda,2020-12-18,1767,2400,1766,2399,1,1,0,0,1767,2400,0,0,1767,2400,California
Alameda,2020-12-19,1358,3758,1358,3757,0,1,0,0,1358,3758,0,0,1358,3758,California
Alameda,2020-12-20,1157,4915,1156,4913,1,2,0,0,1156,4913,1,1,1156,4914,California
Alameda,2020-12-21,1856,6771,1855,6768,1,3,0,0,1855,6768,0,1,1855,6769,California
Alameda,2020-12-22,2093,8864,2042,8810,51,54,0,0,2093,8861,0,1,2093,8862,California
Alameda,2020-12-23,1927,10791,1672,10482,255,309,0,0,1927,10788,0,1,1927,10789,California
Alameda,2020-12-24,1218,12009,759,11241,459,768,0,0,1218,12006,0,1,1218,12007,California
Alameda,2020-12-25,166,12175,129,11370,37,805,0,0,166,12172,0,1,166,12173,California
Alameda,2020-12-26,867,13042,323,11693,544,1349,0,0,867,13039,0,1,867,13040,California
Alameda,2020-12-27,500,13542,256,11949,244,1593,0,0,500,13539,0,1,500,13540,California
Alameda,2020-12-28,1876,15418,949,12898,927,2520,0,0,1876,15415,0,1,1876,15416,California
Alameda,2020-12-29,2420,17838,1019,13917,1401,3921,0,0,2419,17834,0,1,2419,17835,California
Alameda,2020-12-30,3124,20962,1361,15278,1763,5684,0,0,3126,20960,0,1,3126,20961,California
Alameda,2020-12-31,1784,22746,439,15717,1345,7029,0,0,1783,22742,1,2,1783,22744,California
Alameda,2021-01-01,169,22915,69,15786,100,7129,0,0,169,22911,0,2,169,22913,California
Alameda,2021-01-02,717,23632,520,16306,197,7326,0,0,716,23627,0,2,716,23629,California
Alameda,2021-01-03,340,23972,219,16525,121,7447,0,0,337,23961,3,5,337,23966,California
Alameda,2021-01-04,1650,25622,946,17471,704,8151,0,0,1638,25588,11,16,1638,25604,California
Alameda,2021-01-05,2199,27821,1264,18735,935,9086,0,0,1962,27316,234,250,1962,27566,California
Alameda,2021-01-06,3226,31047,1764,20499,1462,10548,0,0,2414,28923,809,1059,2416,29982,California
Alameda,2021-01-07,3743,34790,2099,22598,1644,12192,0,0,2655,30503,1079,2138,2659,32641,California
Alameda,2021-01-08,4722,39512,2695,25293,2027,14219,0,0,3102,31994,1615,3753,3106,35747,California
Alameda,2021-01-09,2032,41544,1390,26683,642,14861,0,0,1168,32298,864,4617,1168,36915,California
Alameda,2021-01-10,1057,42601,839,27522,218,15079,0,0,422,32084,636,5253,422,37337,California
Alameda,2021-01-11,4626,47227,3498,31020,1128,16207,0,0,2841,33146,1785,7038,2847,40184,California
Alameda,2021-01-12,4817,52044,3243,34263,1574,17781,0,0,3428,35188,1388,8426,3430,43614,California
Alameda,2021-01-13,5016,57060,2652,36915,2364,20145,0,0,3838,37853,1174,9600,3839,47453,California
Alameda,2021-01-14,5604,62664,2739,39654,2865,23010,0,0,4716,41692,879,10479,4718,52171,California
Alameda,2021-01-15,5818,68482,2308,41962,3510,26520,0,0,5056,45996,755,11234,5059,57230,California
Alameda,2021-01-16,3011,71493,1414,43376,1597,28117,0,0,2740,48466,271,11505,2741,59971,California
Alameda,2021-01-17,1864,73357,1079,44455,785,28902,0,0,1659,49922,204,11709,1660,61631,California
Alameda,2021-01-18,3188,76545,2048,46503,1140,30042,0,0,2600,51943,584,12293,2605,64236,California
Alameda,2021-01-19,5512,82057,3327,49830,2185,32227,0,0,4328,55091,1182,13475,4330,68566,California
Alameda,2021-01-20,6619,88676,4026,53856,2593,34820,0,0,5325,59138,1282,14757,5329,73895,California
Alameda,2021-01-21,7730,96406,3384,57240,4346,39166,0,0,6904,65225,820,15577,6907,80802,California
Alameda,2021-01-22,6898,103304,2029,59269,4869,44035,0,0,5760,69856,1131,16708,5762,86564,California
Alameda,2021-01-23,3278,106582,942,60211,2336,46371,0,0,2727,72033,552,17260,2729,89293,California
Alameda,2021-01-24,2050,108632,657,60868,1393,47764,0,0,1773,73533,273,17533,1773,91066,California
Alameda,2021-01-25,5216,113848,1989,62857,3227,50991,0,0,3633,75591,1575,19108,3633,94699,California
Alameda,2021-01-26,7232,121080,2270,65127,4962,55953,0,0,5375,79125,1850,20958,5384,100083,California
Alameda,2021-01-27,6667,127747,2080,67207,4587,60540,0,0,4826,82122,1830,22788,4827,104910,California
Alameda,2021-01-28,7827,135574,2509,69716,5318,65858,0,0,5620,85551,2192,24980,5621,110531,California
Alameda,2021-01-29,7892,143466,3176,72892,4716,70574,0,0,6071,89811,1812,26792,6072,116603,California
Alameda,2021-01-30,3405,146871,1663,74555,1742,72316,0,0,2706,91823,694,27486,2706,119309,California
Alameda,2021-01-31,1902,148773,963,75518,939,73255,0,0,1661,93245,239,27725,1661,120970,California
Alameda,2021-02-01,5947,154720,3349,78867,2598,75853,0,0,4313,95931,1628,29353,4314,125284,California
Alameda,2021-02-02,7443,162163,4238,83105,3205,79058,0,0,4657,97814,2775,32128,4658,129942,California
Alameda,2021-02-03,7072,169235,3727,86832,3345,82403,0,0,4405,99564,2661,34789,4411,134353,California
Alameda,2021-02-04,9479,178714,4131,90963,5348,87751,0,0,6438,102983,3024,37813,6443,140796,California
Alameda,2021-02-05,10311,189025,5384,96347,4927,92678,0,0,6450,105585,3855,41668,6457,147253,California
Alameda,2021-02-06,6994,196019,4436,100783,2558,95236,0,0,5874,110340,1120,42788,5875,153128,California
Alameda,2021-02-07,3583,199602,2896,103679,687,95923,0,0,2647,112056,933,43721,2649,155777,California
Alameda,2021-02-08,8077,207679,5777,109456,2300,98223,0,0,5539,115069,2528,46249,5541,161318,California
Alameda,2021-02-09,9694,217373,5853,115309,3841,102064,0,0,6048,117480,3639,49888,6050,167368,California
Alameda,2021-02-10,11439,228812,6766,122075,4673,106737,0,0,6630,119326,4792,54680,6638,174006,California
Alameda,2021-02-11,13830,242642,7903,129978,5927,112664,0,0,8371,122255,5446,60126,8375,182381,California
Alameda,2021-02-12,12494,255136,5684,135662,6810,119474,0,0,7743,125264,4736,64862,7745,190126,California
Alameda,2021-02-13,7793,262929,4061,139723,3732,123206,0,0,5835,129147,1954,66816,5837,195963,California
Alameda,2021-02-14,4019,266948,2536,142259,1483,124689,0,0,2862,130857,1154,67970,2864,198827,California
Alameda,2021-02-15,5704,272652,3222,145481,2482,127171,0,0,3696,132554,2006,69976,3703,202530,California
Alameda,2021-02-16,12504,285156,6943,152424,5561,132732,0,0,9309,138682,3186,73162,9314,211844,California
Alameda,2021-02-17,14087,299243,8343,160767,5744,138476,0,0,10477,145569,3592,76754,10479,222323,California
Alameda,2021-02-18,15829,315072,10052,170819,5777,144253,0,0,11509,152763,4317,81071,11511,233834,California
Alameda,2021-02-19,17611,332683,11427,182246,6184,150437,0,0,11681,158537,5908,86979,11682,245516,California
Alameda,2021-02-20,11840,344523,9597,191843,2243,152680,0,0,9140,164985,2697,89676,9145,254661,California
Alameda,2021-02-21,6167,350690,5240,197083,927,153607,0,0,3714,166257,2444,92120,3716,258377,California
Alameda,2021-02-22,10674,361364,7903,204986,2771,156378,0,0,6723,169052,3938,96058,6733,265110,California
Alameda,2021-02-23,12681,374045,7703,212689,4978,161356,0,0,7892,172170,4780,100838,7898,273008,California
Alameda,2021-02-24,14635,388680,8195,220884,6440,167796,0,0,9491,176579,5087,105925,9496,282504,California
Alameda,2021-02-25,15586,404266,9123,230007,6463,174259,0,0,9937,180906,5617,111542,9944,292448,California
Alameda,2021-02-26,18054,422320,10614,240621,7440,181699,0,0,11691,186281,6322,117864,11697,304145,California
Alameda,2021-02-27,14677,436997,10796,251417,3879,185578,2,2,9090,189809,5565,123429,9093,313238,California
Alameda,2021-02-28,9131,446128,7693,259110,1438,187016,0,2,6064,192826,3048,126477,6065,319303,California
Alameda,2021-03-01,13195,459323,9170,268280,4024,191040,1,3,8191,196059,4964,131441,8197,327500,California
Alameda,2021-03-02,13699,473022,9532,277812,4167,195207,0,3,8809,200004,4871,136312,8816,336316,California
Alameda,2021-03-03,15094,488116,9799,287611,5294,200501,1,4,10272,205483,4796,141108,10275,346591,California
Alameda,2021-03-04,17208,505324,11011,298622,6196,206697,1,5,10834,209978,6340,147448,10835,357426,California
Alameda,2021-03-05,15794,521118,10212,308834,5574,212271,8,13,10598,215431,5158,152606,10611,368037,California
Alameda,2021-03-06,14190,535308,9934,318768,3996,216267,260,273,9323,220192,4823,157429,9584,377621,California
Alameda,2021-03-07,9260,544568,8062,326830,1118,217385,80,353,6544,224127,2691,160120,6626,384247,California
Alameda,2021-03-08,11577,556145,7142,333972,4066,221451,369,722,8627,230226,2896,163016,8995,393242,California
Alameda,2021-03-09,11255,567400,6952,340924,3876,225327,427,1149,6230,231892,4994,168010,6660,399902,California
Alameda,2021-03-10,16576,583976,11281,352205,4748,230075,547,1696,7503,230890,9050,177060,8048,407950,California
Alameda,2021-03-11,19671,603647,11506,363711,6481,236556,1684,3380,6723,226373,12924,189984,8407,416357,California
Alameda,2021-03-12,20912,624559,12191,375902,7101,243657,1620,5000,7398,221889,13495,203479,9011,425368,California
Alameda,2021-03-13,15693,640252,10057,385959,4671,248328,965,5965,5051,217293,10607,214086,6011,431379,California
Alameda,2021-03-14,10660,650912,7798,393757,2079,250407,783,6748,4662,216751,5982,220068,5440,436819,California
Alameda,2021-03-15,14249,665161,9308,403065,4426,254833,515,7263,6331,215704,7890,227958,6843,443662,California
Alameda,2021-03-16,17049,682210,11065,414130,5460,260293,524,7787,7495,214217,9507,237465,8020,451682,California
Alameda,2021-03-17,17272,699482,9728,423858,6854,267147,690,8477,8106,213875,9138,246603,8796,460478,California
Alameda,2021-03-18,18943,718425,10294,434152,7774,274921,875,9352,8689,213211,10228,256831,9564,470042,California
Alameda,2021-03-19,18988,737413,10277,444429,6922,281843,1789,11141,7584,211218,11360,268191,9367,479409,California
Alameda,2021-03-20,15530,752943,10151,454580,4562,286405,817,11958,6486,209502,9018,277209,7302,486711,California
Alameda,2021-03-21,8998,761941,7064,461644,1405,287810,529,12487,3738,208519,5251,282460,4268,490979,California
Alameda,2021-03-22,14808,776749,9975,471619,3856,291666,977,13464,7153,209010,7638,290098,8129,499108,California
Alameda,2021-03-23,18983,795732,11422,483041,6767,298433,794,14258,10671,212207,8273,298371,11470,510578,California
Alameda,2021-03-24,18844,814576,11321,494362,6534,304967,989,15247,8549,211499,10239,308610,9531,520109,California
Alameda,2021-03-25,20209,834785,11134,505496,7700,312667,1375,16622,9497,211712,10649,319259,10862,530971,California
Alameda,2021-03-26,20570,855355,12308,517804,6730,319397,1532,18154,8811,210332,11715,330974,10335,541306,California
Alameda,2021-03-27,18102,873457,12286,530090,4858,324255,958,19112,7803,208822,10255,341229,8745,550051,California
Alameda,2021-03-28,10407,883864,8434,538524,1771,326026,202,19314,3829,206290,6569,347798,4037,554088,California
Alameda,2021-03-29,14540,898404,9254,547778,4295,330321,991,20305,6265,205297,8247,356045,7254,561342,California
Alameda,2021-03-30,18357,916761,9632,557410,7038,337359,1687,21992,10807,210264,7525,363570,12492,573834,California
Alameda,2021-03-31,19108,935869,10032,567442,7024,344383,2052,24044,9568,212368,9513,373083,11617,585451,California
Alameda,2021-04-01,22894,958763,9901,577343,7532,351915,5461,29505,10957,216873,11913,384996,16418,601869,California
Alameda,2021-04-02,23450,982213,9771,587114,8212,360127,5467,34972,11508,221924,11916,396912,16967,618836,California
Alameda,2021-04-03,20024,1002237,9712,596826,5644,365771,4668,39640,10280,227147,9727,406639,14950,633786,California
Alameda,2021-04-04,9651,1011888,3895,600721,2275,368046,3481,43121,3471,227923,6172,412811,6948,640734,California
Alameda,2021-04-05,17599,1029487,7365,608086,5503,373549,4731,47852,7152,229375,10431,423242,11883,652617,California
Alameda,2021-04-06,22150,1051637,10672,618758,5679,379228,5799,53651,10171,233397,11946,435188,15968,668585,California
Alameda,2021-04-07,22403,1074040,11404,630162,5486,384714,5513,59164,11392,239326,10974,446162,16903,685488,California
Alameda,2021-04-08,25068,1099108,11426,641588,5810,390524,7832,66996,10824,243802,14180,460342,18656,704144,California
Alameda,2021-04-09,21029,1120137,9567,651155,7062,397586,4400,71396,11246,249691,9757,470099,15646,719790,California
Alameda,2021-04-10,16586,1136723,5893,657048,4989,402575,5704,77100,6539,251899,10032,480131,12240,732030,California
Alameda,2021-04-11,9960,1146683,3893,660941,2258,404833,3809,80909,3933,253625,6013,486144,7739,739769,California
Alameda,2021-04-12,12363,1159046,6523,667464,4092,408925,1748,82657,5810,254660,6521,492665,7556,747325,California
Alameda,2021-04-13,16360,1175406,9136,676600,7175,416100,49,82706,11462,261314,4865,497530,11519,758844,California
Alameda,2021-04-14,12897,1188303,6920,683520,5976,422076,1,82707,8137,264709,4747,502277,8142,766986,California
Alpine,2020-12-18,2,2,2,2,0,0,0,0,2,2,0,0,2,2,California
Alpine,2020-12-19,2,4,2,4,0,0,0,0,2,4,0,0,2,4,California
Alpine,2020-12-21,2,6,2,6,0,0,0,0,2,6,0,0,2,6,California
Alpine,2020-12-30,15,21,0,6,15,15,0,0,15,21,0,0,15,21,California
Alpine,2020-12-31,1,22,0,6,1,16,0,0,1,22,0,0,1,22,California
Alpine,2021-01-01,1,23,0,6,1,17,0,0,1,23,0,0,1,23,California
Alpine,2021-01-02,1,24,1,7,0,17,0,0,1,24,0,0,1,24,California
Alpine,2021-01-04,10,34,0,7,10,27,0,0,10,34,0,0,10,34,California
Alpine,2021-01-05,9,43,1,8,8,35,0,0,9,43,0,0,9,43,California
Alpine,2021-01-06,31,74,0,8,31,66,0,0,31,74,0,0,31,74,California
Alpine,2021-01-07,8,82,0,8,8,74,0,0,8,82,0,0,8,82,California
Alpine,2021-01-08,4,86,2,10,2,76,0,0,2,82,2,2,2,84,California
Alpine,2021-01-09,2,88,2,12,0,76,0,0,0,80,2,4,0,84,California
Alpine,2021-01-11,32,120,1,13,31,107,0,0,31,110,1,5,31,115,California
Alpine,2021-01-13,35,155,0,13,35,142,0,0,35,145,0,5,35,150,California
Alpine,2021-01-14,2,157,0,13,2,144,0,0,2,147,0,5,2,152,California
Alpine,2021-01-15,1,158,0,13,1,145,0,0,1,148,0,5,1,153,California
Alpine,2021-01-20,21,179,0,13,21,166,0,0,21,169,0,5,21,174,California
Alpine,2021-01-21,1,180,0,13,1,167,0,0,1,170,0,5,1,175,California
Alpine,2021-01-22,32,212,0,13,32,199,0,0,32,202,0,5,32,207,California
Alpine,2021-01-23,1,213,1,14,0,199,0,0,0,201,1,6,0,207,California
Alpine,2021-01-25,16,229,0,14,16,215,0,0,16,217,0,6,16,223,California
Alpine,2021-01-27,1,230,1,15,0,215,0,0,0,216,1,7,0,223,California
Alpine,2021-01-28,12,242,0,15,12,227,0,0,11,226,1,8,11,234,California
Alpine,2021-01-29,1,243,0,15,1,228,0,0,1,227,0,8,1,235,California
Alpine,2021-02-01,26,269,0,15,26,254,0,0,7,215,19,27,7,242,California
Alpine,2021-02-03,34,303,0,15,34,288,0,0,10,201,24,51,10,252,California
Alpine,2021-02-04,9,312,0,15,9,297,0,0,4,200,5,56,4,256,California
Alpine,2021-02-05,31,343,0,15,31,328,0,0,12,193,19,75,12,268,California
Alpine,2021-02-06,1,344,1,16,0,328,0,0,1,194,0,75,1,269,California
Alpine,2021-02-07,1,345,1,17,0,328,0,0,1,195,0,75,1,270,California
Alpine,2021-02-08,32,377,0,17,32,360,0,0,4,171,28,103,4,274,California
Alpine,2021-02-10,34,411,0,17,34,394,0,0,0,137,34,137,0,274,California
Alpine,2021-02-11,6,417,0,17,6,400,0,0,3,137,3,140,3,277,California
Alpine,2021-02-12,1,418,0,17,1,401,0,0,0,136,1,141,0,277,California
Alpine,2021-02-17,23,441,0,17,23,424,0,0,3,119,20,161,3,280,California
Alpine,2021-02-18,2,443,0,17,2,426,0,0,1,119,1,162,1,281,California
Alpine,2021-02-19,34,477,1,18,33,459,0,0,2,89,32,194,2,283,California
Alpine,2021-02-22,28,505,0,18,28,487,0,0,9,79,19,213,9,292,California
Alpine,2021-02-24,1,506,1,19,0,487,0,0,1,80,0,213,1,293,California
Alpine,2021-02-25,17,523,1,20,16,503,0,0,6,75,11,224,6,299,California
Alpine,2021-02-26,29,552,1,21,28,531,0,0,28,102,1,225,28,327,California
Alpine,2021-03-01,35,587,0,21,35,566,0,0,25,117,10,235,25,352,California
Alpine,2021-03-02,1,588,1,22,0,566,0,0,0,116,1,236,0,352,California
Alpine,2021-03-03,30,618,1,23,29,595,0,0,18,122,12,248,18,370,California
Alpine,2021-03-04,13,631,1,24,12,607,0,0,12,133,1,249,12,382,California
Alpine,2021-03-05,30,661,0,24,30,637,0,0,22,147,8,257,22,404,California
Alpine,2021-03-08,32,693,0,24,32,669,0,0,30,175,2,259,30,434,California
Alpine,2021-03-10,76,769,0,24,76,745,0,0,76,251,0,259,76,510,California
Alpine,2021-03-11,36,805,0,24,36,781,0,0,32,279,4,263,32,542,California
Alpine,2021-03-12,20,825,0,24,20,801,0,0,18,295,2,265,18,560,California
Alpine,2021-03-15,21,846,1,25,20,821,0,0,20,314,1,266,20,580,California
Alpine,2021-03-17,22,868,0,25,21,842,1,1,18,329,4,270,19,599,California
Alpine,2021-03-18,40,908,3,28,37,879,0,1,37,363,3,273,37,636,California
Alpine,2021-03-19,2,910,1,29,1,880,0,1,1,363,1,274,1,637,California
Alpine,2021-03-22,25,935,0,29,25,905,0,1,15,368,10,284,15,652,California
Alpine,2021-03-24,19,954,0,29,19,924,0,1,9,367,10,294,9,661,California
Alpine,2021-03-25,38,992,1,30,36,960,1,2,31,392,7,301,32,693,California
Alpine,2021-03-28,1,993,1,31,0,960,0,2,1,393,0,301,1,694,California
Alpine,2021-03-29,20,1013,0,31,19,979,1,3,3,380,17,318,4,698,California
Alpine,2021-04-01,18,1031,0,31,18,997,0,3,8,378,10,328,8,706,California
Alpine,2021-04-02,101,1132,1,32,100,1097,0,3,47,372,53,381,47,753,California
Alpine,2021-04-05,4,1136,1,33,3,1100,0,3,0,368,4,385,0,753,California
Alpine,2021-04-06,3,1139,2,35,1,1101,0,3,2,369,1,386,2,755,California
Alpine,2021-04-07,120,1259,0,35,119,1220,1,4,29,309,90,476,30,785,California
Alpine,2021-04-08,43,1302,0,35,42,1262,1,5,15,297,28,504,16,801,California
Amador,2020-12-16,2,2,2,2,0,0,0,0,2,2,0,0,2,2,California
Amador,2020-12-17,5,7,5,7,0,0,0,0,5,7,0,0,5,7,California
Amador,2020-12-18,44,51,44,51,0,0,0,0,44,51,0,0,44,51,California
Amador,2020-12-19,17,68,17,68,0,0,0,0,17,68,0,0,17,68,California
Amador,2020-12-20,4,72,4,72,0,0,0,0,4,72,0,0,4,72,California
Amador,2020-12-21,33,105,33,105,0,0,0,0,33,105,0,0,33,105,California
Amador,2020-12-22,35,140,34,139,1,1,0,0,35,140,0,0,35,140,California
Amador,2020-12-23,39,179,38,177,1,2,0,0,39,179,0,0,39,179,California
Amador,2020-12-24,5,184,3,180,2,4,0,0,5,184,0,0,5,184,California
Amador,2020-12-26,6,190,5,185,1,5,0,0,6,190,0,0,6,190,California
Amador,2020-12-27,1,191,0,185,1,6,0,0,1,191,0,0,1,191,California
Amador,2020-12-28,31,222,27,212,4,10,0,0,31,222,0,0,31,222,California
Amador,2020-12-29,26,248,19,231,7,17,0,0,26,248,0,0,26,248,California
Amador,2020-12-30,123,371,77,308,46,63,0,0,123,371,0,0,123,371,California
Amador,2020-12-31,193,564,168,476,25,88,0,0,193,564,0,0,193,564,California
Amador,2021-01-01,1,565,0,476,1,89,0,0,1,565,0,0,1,565,California
Amador,2021-01-02,56,621,56,532,0,89,0,0,56,621,0,0,56,621,California
Amador,2021-01-03,65,686,17,549,48,137,0,0,65,686,0,0,65,686,California
Amador,2021-01-04,125,811,1,550,124,261,0,0,124,809,1,1,124,810,California
Amador,2021-01-05,33,844,3,553,30,291,0,0,31,839,2,3,32,842,California
Amador,2021-01-06,40,884,10,563,30,321,0,0,36,871,4,7,36,878,California
Amador,2021-01-07,227,1111,68,631,159,480,0,0,215,1074,12,19,215,1093,California
Amador,2021-01-08,84,1195,70,701,14,494,0,0,40,1071,44,63,41,1134,California
Amador,2021-01-09,11,1206,11,712,0,494,0,0,2,1064,9,72,2,1136,California
Amador,2021-01-10,7,1213,5,717,2,496,0,0,3,1063,4,76,3,1139,California
Amador,2021-01-11,124,1337,44,761,80,576,0,0,89,1117,35,111,89,1228,California
Amador,2021-01-12,63,1400,48,809,15,591,0,0,40,1134,23,134,40,1268,California
Amador,2021-01-13,39,1439,24,833,15,606,0,0,26,1147,13,147,26,1294,California
Amador,2021-01-14,146,1585,20,853,126,732,0,0,136,1273,10,157,136,1430,California
Amador,2021-01-15,54,1639,23,876,31,763,0,0,47,1313,7,164,47,1477,California
Amador,2021-01-16,19,1658,12,888,7,770,0,0,13,1321,6,170,14,1491,California
Amador,2021-01-17,25,1683,5,893,20,790,0,0,25,1346,0,170,25,1516,California
Amador,2021-01-18,31,1714,27,920,4,794,0,0,9,1333,22,192,9,1525,California
Amador,2021-01-19,120,1834,97,1017,23,817,0,0,76,1365,44,236,76,1601,California
Amador,2021-01-20,182,2016,33,1050,149,966,0,0,166,1516,15,251,166,1767,California
Amador,2021-01-21,253,2269,222,1272,31,997,0,0,144,1551,109,360,144,1911,California
Amador,2021-01-22,132,2401,71,1343,61,1058,0,0,126,1671,6,366,126,2037,California
Amador,2021-01-23,52,2453,32,1375,20,1078,0,0,50,1719,2,368,50,2087,California
Amador,2021-01-24,28,2481,12,1387,16,1094,0,0,25,1741,3,371,25,2112,California
Amador,2021-01-25,58,2539,28,1415,30,1124,0,0,41,1765,17,388,41,2153,California
Amador,2021-01-26,243,2782,16,1431,227,1351,0,0,233,1988,10,398,233,2386,California
Amador,2021-01-27,296,3078,30,1461,266,1617,0,0,249,2193,45,443,250,2636,California
Amador,2021-01-28,345,3423,76,1537,269,1886,0,0,284,2417,61,504,285,2921,California
Amador,2021-01-29,95,3518,30,1567,65,1951,0,0,80,2482,15,519,80,3001,California
Amador,2021-01-30,166,3684,32,1599,134,2085,0,0,161,2638,5,524,161,3162,California
Amador,2021-01-31,32,3716,28,1627,4,2089,0,0,31,2668,1,525,31,3193,California
Amador,2021-02-01,63,3779,23,1650,40,2129,0,0,36,2677,27,552,36,3229,California
Amador,2021-02-02,215,3994,65,1715,150,2279,0,0,127,2720,84,636,127,3356,California
Amador,2021-02-03,141,4135,38,1753,103,2382,0,0,90,2760,50,686,90,3446,California
Amador,2021-02-04,247,4382,71,1824,176,2558,0,0,162,2839,85,771,164,3610,California
Amador,2021-02-05,328,4710,61,1885,267,2825,0,0,313,3137,15,786,313,3923,California
Amador,2021-02-06,99,4809,80,1965,19,2844,0,0,95,3228,4,790,95,4018,California
Amador,2021-02-07,38,4847,35,2000,3,2847,0,0,35,3260,3,793,35,4053,California
Amador,2021-02-08,91,4938,63,2063,28,2875,0,0,73,3315,18,811,73,4126,California
Amador,2021-02-09,172,5110,82,2145,90,2965,0,0,108,3359,64,875,108,4234,California
Amador,2021-02-10,713,5823,78,2223,635,3600,0,0,680,4006,33,908,680,4914,California
Amador,2021-02-11,304,6127,118,2341,186,3786,0,0,199,4101,104,1012,199,5113,California
Amador,2021-02-12,322,6449,118,2459,204,3990,0,0,251,4281,71,1083,251,5364,California
Amador,2021-02-13,164,6613,81,2540,83,4073,0,0,138,4393,26,1109,138,5502,California
Amador,2021-02-14,123,6736,54,2594,69,4142,0,0,106,4482,17,1126,106,5608,California
Amador,2021-02-15,186,6922,59,2653,127,4269,0,0,169,4635,16,1142,169,5777,California
Amador,2021-02-16,408,7330,51,2704,357,4626,0,0,371,4970,37,1179,372,6149,California
Amador,2021-02-17,258,7588,80,2784,178,4804,0,0,163,5038,95,1274,163,6312,California
Amador,2021-02-18,398,7986,98,2882,300,5104,0,0,336,5313,62,1336,337,6649,California
Amador,2021-02-19,191,8177,76,2958,115,5219,0,0,110,5342,81,1417,110,6759,California
Amador,2021-02-20,90,8267,29,2987,61,5280,0,0,63,5378,27,1444,63,6822,California
Amador,2021-02-21,45,8312,34,3021,11,5291,0,0,15,5363,30,1474,15,6837,California
Amador,2021-02-22,63,8375,24,3045,39,5330,0,0,32,5365,30,1504,32,6869,California
Amador,2021-02-23,317,8692,55,3100,262,5592,0,0,138,5325,179,1683,139,7008,California
Amador,2021-02-24,396,9088,56,3156,340,5932,0,0,267,5467,125,1808,267,7275,California
Amador,2021-02-25,517,9605,111,3267,406,6338,0,0,280,5511,236,2044,280,7555,California
Amador,2021-02-26,609,10214,75,3342,534,6872,0,0,504,5911,105,2149,505,8060,California
Amador,2021-02-27,287,10501,90,3432,197,7069,0,0,100,5827,186,2335,102,8162,California
Amador,2021-02-28,101,10602,52,3484,49,7118,0,0,55,5840,46,2381,59,8221,California
Amador,2021-03-01,193,10795,66,3550,127,7245,0,0,124,5896,69,2450,125,8346,California
Amador,2021-03-02,385,11180,62,3612,323,7568,0,0,335,6182,50,2500,336,8682,California
Amador,2021-03-03,243,11423,78,3690,165,7733,0,0,168,6277,74,2574,169,8851,California
Amador,2021-03-04,498,11921,116,3806,382,8115,0,0,396,6571,102,2676,396,9247,California
Amador,2021-03-05,514,12435,75,3881,439,8554,0,0,298,6656,215,2891,300,9547,California
Amador,2021-03-06,100,12535,45,3926,54,8608,1,1,55,6667,45,2936,56,9603,California
Amador,2021-03-07,62,12597,42,3968,20,8628,0,1,19,6643,43,2979,19,9622,California
Amador,2021-03-08,154,12751,71,4039,82,8710,1,2,93,6676,61,3040,94,9716,California
Amador,2021-03-09,371,13122,47,4086,324,9034,0,2,312,6932,56,3096,312,10028,California
Amador,2021-03-10,511,13633,74,4160,436,9470,1,3,248,6920,263,3359,251,10279,California
Amador,2021-03-11,473,14106,113,4273,349,9819,11,14,330,7121,143,3502,344,10623,California
Amador,2021-03-12,564,14670,65,4338,491,10310,8,22,350,7271,213,3715,363,10986,California
Amador,2021-03-13,103,14773,17,4355,79,10389,7,29,68,7315,35,3750,79,11065,California
Amador,2021-03-14,88,14861,18,4373,67,10456,3,32,20,7270,68,3818,23,11088,California
Amador,2021-03-15,184,15045,23,4396,148,10604,13,45,54,7209,130,3948,69,11157,California
Amador,2021-03-16,456,15501,55,4451,391,10995,10,55,193,7151,261,4209,203,11360,California
Amador,2021-03-17,193,15694,40,4491,150,11145,3,58,121,7204,72,4281,125,11485,California
Amador,2021-03-18,474,16168,97,4588,373,11518,4,62,254,7245,219,4500,260,11745,California
Amador,2021-03-19,545,16713,57,4645,471,11989,17,79,397,7516,146,4646,417,12162,California
Amador,2021-03-20,109,16822,47,4692,61,12050,1,80,46,7503,62,4708,49,12211,California
Amador,2021-03-21,48,16870,34,4726,13,12063,1,81,31,7521,16,4724,34,12245,California
Amador,2021-03-22,114,16984,34,4760,51,12114,29,110,49,7534,65,4789,78,12323,California
Amador,2021-03-23,440,17424,48,4808,384,12498,8,118,283,7670,155,4944,291,12614,California
Amador,2021-03-24,348,17772,37,4845,58,12556,253,371,40,7656,307,5251,293,12907,California
Amador,2021-03-25,600,18372,81,4926,513,13069,6,377,391,7845,208,5459,397,13304,California
Amador,2021-03-26,742,19114,41,4967,696,13765,5,382,291,7695,449,5908,299,13603,California
Amador,2021-03-27,90,19204,14,4981,74,13839,2,384,27,7663,63,5971,31,13634,California
Amador,2021-03-28,68,19272,15,4996,51,13890,2,386,14,7626,54,6025,17,13651,California
Amador,2021-03-29,185,19457,27,5023,157,14047,1,387,82,7613,101,6126,88,13739,California
Amador,2021-03-30,537,19994,27,5050,509,14556,1,388,300,7678,236,6362,301,14040,California
Amador,2021-03-31,211,20205,59,5109,147,14703,5,393,48,7568,163,6525,53,14093,California
Amador,2021-04-01,614,20819,85,5194,529,15232,0,393,268,7494,344,6869,270,14363,California
Amador,2021-04-02,608,21427,33,5227,563,15795,12,405,384,7669,222,7091,397,14760,California
Amador,2021-04-03,82,21509,19,5246,43,15838,20,425,20,7648,62,7153,41,14801,California
Amador,2021-04-04,38,21547,2,5248,30,15868,6,431,15,7646,23,7176,21,14822,California
Amador,2021-04-05,141,21688,45,5293,79,15947,17,448,45,7613,96,7272,63,14885,California
Amador,2021-04-06,505,22193,37,5330,449,16396,19,467,224,7577,279,7551,243,15128,California
Amador,2021-04-07,105,22298,33,5363,53,16449,19,486,45,7582,59,7610,64,15192,California
Amador,2021-04-08,504,22802,87,5450,395,16844,22,508,226,7553,278,7888,249,15441,California
Amador,2021-04-09,480,23282,21,5471,442,17286,17,525,216,7521,263,8151,231,15672,California
Amador,2021-04-10,50,23332,15,5486,24,17310,11,536,23,7528,27,8178,34,15706,California
Amador,2021-04-11,47,23379,22,5508,21,17331,4,540,23,7531,24,8202,27,15733,California
Amador,2021-04-12,94,23473,25,5533,61,17392,8,548,42,7529,52,8254,50,15783,California
Amador,2021-04-13,349,23822,50,5583,299,17691,0,548,70,7321,278,8532,70,15853,California
Amador,2021-04-14,52,23874,18,5601,34,17725,0,548,17,7304,35,8567,18,15871,California
Butte,2020-12-16,3,3,3,3,0,0,0,0,3,3,0,0,3,3,California
Butte,2020-12-17,21,24,21,24,0,0,0,0,21,24,0,0,21,24,California
Butte,2020-12-18,50,74,50,74,0,0,0,0,50,74,0,0,50,74,California
Butte,2020-12-19,7,81,7,81,0,0,0,0,7,81,0,0,7,81,California
Butte,2020-12-20,10,91,10,91,0,0,0,0,10,91,0,0,10,91,California
Butte,2020-12-21,634,725,634,725,0,0,0,0,634,725,0,0,634,725,California
Butte,2020-12-22,618,1343,616,1341,2,2,0,0,618,1343,0,0,618,1343,California
Butte,2020-12-23,870,2213,854,2195,16,18,0,0,870,2213,0,0,870,2213,California
Butte,2020-12-24,160,2373,157,2352,3,21,0,0,160,2373,0,0,160,2373,California
Butte,2020-12-26,93,2466,91,2443,2,23,0,0,93,2466,0,0,93,2466,California
Butte,2020-12-27,35,2501,34,2477,1,24,0,0,35,2501,0,0,35,2501,California
Butte,2020-12-28,279,2780,273,2750,6,30,0,0,279,2780,0,0,279,2780,California
Butte,2020-12-29,206,2986,182,2932,24,54,0,0,206,2986,0,0,206,2986,California
Butte,2020-12-30,501,3487,290,3222,211,265,0,0,501,3487,0,0,501,3487,California
Butte,2020-12-31,212,3699,18,3240,194,459,0,0,212,3699,0,0,212,3699,California
Butte,2021-01-01,8,3707,1,3241,7,466,0,0,8,3707,0,0,8,3707,California
Butte,2021-01-02,37,3744,36,3277,1,467,0,0,37,3744,0,0,37,3744,California
Butte,2021-01-03,4,3748,1,3278,3,470,0,0,4,3748,0,0,4,3748,California
Butte,2021-01-04,208,3956,174,3452,34,504,0,0,208,3956,0,0,208,3956,California
Butte,2021-01-05,194,4150,150,3602,44,548,0,0,193,4148,1,1,193,4149,California
Butte,2021-01-06,623,4773,396,3998,227,775,0,0,618,4762,5,6,619,4768,California
Butte,2021-01-07,759,5532,369,4367,390,1165,0,0,739,5481,20,26,739,5507,California
Butte,2021-01-08,570,6102,529,4896,41,1206,0,0,524,5959,46,72,524,6031,California
Butte,2021-01-09,12,6114,7,4903,5,1211,0,0,7,5961,5,77,7,6038,California
Butte,2021-01-10,19,6133,5,4908,14,1225,0,0,14,5970,5,82,14,6052,California
Butte,2021-01-11,987,7120,951,5859,36,1261,0,0,358,5702,629,711,361,6413,California
Butte,2021-01-12,696,7816,651,6510,45,1306,0,0,273,5552,423,1134,273,6686,California
Butte,2021-01-13,1451,9267,956,7466,495,1801,0,0,616,5335,835,1969,618,7304,California
Butte,2021-01-14,1637,10904,896,8362,741,2542,0,0,1440,6579,196,2165,1440,8744,California
Butte,2021-01-15,1170,12074,926,9288,244,2786,0,0,1060,7528,111,2276,1060,9804,California
Butte,2021-01-16,585,12659,300,9588,285,3071,0,0,540,8023,45,2321,540,10344,California
Butte,2021-01-17,239,12898,64,9652,175,3246,0,0,202,8188,37,2358,202,10546,California
Butte,2021-01-18,343,13241,303,9955,40,3286,0,0,274,8394,68,2426,274,10820,California
Butte,2021-01-19,491,13732,428,10383,63,3349,0,0,217,8337,274,2700,217,11037,California
Butte,2021-01-20,1346,15078,664,11047,682,4031,0,0,1045,9081,301,3001,1045,12082,California
Butte,2021-01-21,1473,16551,865,11912,608,4639,0,0,1367,10343,105,3106,1367,13449,California
Butte,2021-01-22,992,17543,334,12246,658,5297,0,0,939,11229,53,3159,939,14388,California
Butte,2021-01-23,125,17668,82,12328,43,5340,0,0,100,11304,25,3184,100,14488,California
Butte,2021-01-24,8,17676,6,12334,2,5342,0,0,8,11312,0,3184,8,14496,California
Butte,2021-01-25,653,18329,336,12670,317,5659,0,0,490,11639,163,3347,490,14986,California
Butte,2021-01-26,1465,19794,376,13046,1089,6748,0,0,1329,12832,136,3483,1329,16315,California
Butte,2021-01-27,2079,21873,705,13751,1374,8122,0,0,1363,13480,715,4198,1363,17678,California
Butte,2021-01-28,2262,24135,261,14012,2001,10123,0,0,1951,15121,310,4508,1951,19629,California
Butte,2021-01-29,1673,25808,487,14499,1186,11309,0,0,1294,16037,378,4886,1294,20923,California
Butte,2021-01-30,31,25839,9,14508,22,11331,0,0,28,16062,3,4889,28,20951,California
Butte,2021-01-31,17,25856,15,14523,2,11333,0,0,16,16077,1,4890,16,20967,California
Butte,2021-02-01,1746,27602,406,14929,1340,12673,0,0,1359,17051,385,5275,1359,22326,California
Butte,2021-02-02,1931,29533,362,15291,1569,14242,0,0,1627,18373,305,5580,1627,23953,California
Butte,2021-02-03,2733,32266,772,16063,1961,16203,0,0,1844,19330,887,6467,1844,25797,California
Butte,2021-02-04,2956,35222,325,16388,2631,18834,0,0,2401,21178,553,7020,2401,28198,California
Butte,2021-02-05,1165,36387,662,17050,503,19337,0,0,536,21086,629,7649,537,28735,California
Butte,2021-02-06,144,36531,102,17152,42,19379,0,0,62,21066,82,7731,62,28797,California
Butte,2021-02-07,38,36569,34,17186,4,19383,0,0,14,21056,24,7755,14,28811,California
Butte,2021-02-08,688,37257,539,17725,149,19532,0,0,237,20842,451,8206,237,29048,California
Butte,2021-02-09,948,38205,455,18180,493,20025,0,0,722,21338,226,8432,722,29770,California
Butte,2021-02-10,1707,39912,1189,19369,518,20543,0,0,698,21028,1008,9440,698,30468,California
Butte,2021-02-11,2197,42109,1347,20716,850,21393,0,0,1003,20837,1194,10634,1003,31471,California
Butte,2021-02-12,865,42974,300,21016,565,21958,0,0,317,20607,547,11181,317,31788,California
Butte,2021-02-13,251,43225,45,21061,206,22164,0,0,149,20654,102,11283,149,31937,California
Butte,2021-02-14,160,43385,9,21070,151,22315,0,0,155,20804,5,11288,155,32092,California
Butte,2021-02-15,260,43645,47,21117,213,22528,0,0,198,20940,62,11350,198,32290,California
Butte,2021-02-16,731,44376,428,21545,303,22831,0,0,274,20757,457,11807,274,32564,California
Butte,2021-02-17,1513,45889,846,22391,667,23498,0,0,840,20926,671,12478,840,33404,California
Butte,2021-02-18,1550,47439,759,23150,791,24289,0,0,744,20864,806,13284,744,34148,California
Butte,2021-02-19,1164,48603,387,23537,777,25066,0,0,400,20505,759,14043,400,34548,California
Butte,2021-02-20,473,49076,28,23565,445,25511,0,0,120,20273,352,14395,120,34668,California
Butte,2021-02-21,15,49091,13,23578,2,25513,0,0,11,20280,4,14399,11,34679,California
Butte,2021-02-22,1493,50584,296,23874,1197,26710,0,0,385,19558,1107,15506,385,35064,California
Butte,2021-02-23,1632,52216,298,24172,1334,28044,0,0,462,18855,1165,16671,462,35526,California
Butte,2021-02-24,2129,54345,596,24768,1533,29577,0,0,728,18190,1393,18064,728,36254,California
Butte,2021-02-25,2074,56419,577,25345,1497,31074,0,0,656,17432,1415,19479,657,36911,California
Butte,2021-02-26,921,57340,311,25656,610,31684,0,0,399,17312,519,19998,399,37310,California
Butte,2021-02-27,233,57573,47,25703,186,31870,0,0,186,17453,45,20043,186,37496,California
Butte,2021-02-28,140,57713,17,25720,123,31993,0,0,131,17575,9,20052,131,37627,California
Butte,2021-03-01,1621,59334,176,25896,1444,33437,1,1,326,16608,1294,21346,327,37954,California
Butte,2021-03-02,1731,61065,191,26087,1540,34977,0,1,302,15484,1426,22772,302,38256,California
Butte,2021-03-03,2757,63822,832,26919,1925,36902,0,1,472,13672,2284,25056,472,38728,California
Butte,2021-03-04,3118,66940,659,27578,2459,39361,0,1,609,11773,2508,27564,609,39337,California
Butte,2021-03-05,1326,68266,603,28181,722,40083,1,2,720,11891,603,28167,721,40058,California
Butte,2021-03-06,244,68510,27,28208,194,40277,23,25,184,12039,59,28226,207,40265,California
Butte,2021-03-07,56,68566,3,28211,36,40313,17,42,30,12060,26,28252,47,40312,California
Butte,2021-03-08,1262,69828,127,28338,1058,41371,77,119,1099,13075,161,28413,1176,41488,California
Butte,2021-03-09,1892,71720,276,28614,1513,42884,103,222,1408,14103,483,28896,1511,42999,California
Butte,2021-03-10,2320,74040,965,29579,1255,44139,100,322,1582,15051,733,29629,1681,44680,California
Butte,2021-03-11,2797,76837,1308,30887,1365,45504,124,446,1977,16342,810,30439,2101,46781,California
Butte,2021-03-12,1127,77964,323,31210,458,45962,346,792,354,16275,767,31206,700,47481,California
Butte,2021-03-13,242,78206,69,31279,126,46088,47,839,63,16206,179,31385,110,47591,California
Butte,2021-03-14,159,78365,15,31294,102,46190,42,881,21,16131,138,31523,63,47654,California
Butte,2021-03-15,1715,80080,359,31653,1062,47252,294,1175,1125,16961,588,32111,1418,49072,California
Butte,2021-03-16,1627,81707,415,32068,1134,48386,78,1253,1085,17584,539,32650,1162,50234,California
Butte,2021-03-17,1939,83646,1351,33419,507,48893,81,1334,1121,17974,811,33461,1201,51435,California
Butte,2021-03-18,1795,85441,1451,34870,213,49106,131,1465,1051,18416,739,34200,1181,52616,California
Butte,2021-03-19,692,86133,311,35181,297,49403,84,1549,342,18498,344,34544,426,53042,California
Butte,2021-03-20,206,86339,33,35214,157,49560,16,1565,94,18497,111,34655,110,53152,California
Butte,2021-03-21,57,86396,25,35239,3,49563,29,1594,15,18499,42,34697,44,53196,California
Butte,2021-03-22,1458,87854,352,35591,1012,50575,94,1688,1194,19526,261,34958,1288,54484,California
Butte,2021-03-23,1795,89649,488,36079,1193,51768,114,1802,1454,20754,340,35298,1568,56052,California
Butte,2021-03-24,2238,91887,1257,37336,855,52623,126,1928,1695,22036,538,35836,1820,57872,California
Butte,2021-03-25,1460,93347,1181,38517,190,52813,89,2017,1000,22668,457,36293,1089,58961,California
Butte,2021-03-26,1199,94546,434,38951,519,53332,246,2263,559,22840,633,36926,805,59766,California
Butte,2021-03-27,300,94846,84,39035,192,53524,24,2287,133,22832,164,37090,156,59922,California
Butte,2021-03-28,223,95069,43,39078,172,53696,8,2295,99,22817,121,37211,106,60028,California
Butte,2021-03-29,1718,96787,379,39457,1269,54965,70,2365,1307,23786,408,37619,1377,61405,California
Butte,2021-03-30,1031,97818,465,39922,474,55439,92,2457,492,23836,534,38153,584,61989,California
Butte,2021-03-31,1772,99590,1300,41222,405,55844,67,2524,1091,24317,677,38830,1158,63147,California
Butte,2021-04-01,3276,102866,2660,43882,489,56333,127,2651,2209,25592,1062,39892,2337,65484,California
Butte,2021-04-02,994,103860,413,44295,463,56796,118,2769,564,25852,421,40313,681,66165,California
Butte,2021-04-03,342,104202,46,44341,222,57018,74,2843,164,25912,178,40491,238,66403,California
Butte,2021-04-04,185,104387,22,44363,140,57158,23,2866,108,25967,76,40567,131,66534,California
Butte,2021-04-05,1939,106326,413,44776,1369,58527,157,3023,600,25390,1333,41900,756,67290,California
Butte,2021-04-06,2157,108483,608,45384,1141,59668,408,3431,774,25194,1376,43276,1180,68470,California
Butte,2021-04-07,2938,111421,1262,46646,1300,60968,376,3807,656,23947,2279,45555,1032,69502,California
Butte,2021-04-08,2694,114115,1165,47811,1267,62235,262,4069,421,22364,2266,47821,683,70185,California
Butte,2021-04-09,1179,115294,319,48130,469,62704,391,4460,295,22168,881,48702,685,70870,California
Butte,2021-04-10,205,115499,46,48176,63,62767,96,4556,88,22236,115,48817,183,71053,California
Butte,2021-04-11,88,115587,39,48215,40,62807,9,4565,69,22297,17,48834,78,71131,California
Butte,2021-04-12,540,116127,286,48501,154,62961,100,4665,201,22260,338,49172,301,71432,California
Butte,2021-04-13,739,116866,534,49035,200,63161,5,4670,278,22085,460,49632,285,71717,California
Butte,2021-04-14,1251,118117,1122,50157,129,63290,0,4670,91,21028,1158,50790,101,71818,California
Calaveras,2020-12-16,5,5,5,5,0,0,0,0,5,5,0,0,5,5,California
Calaveras,2020-12-17,3,8,3,8,0,0,0,0,3,8,0,0,3,8,California
Calaveras,2020-12-18,38,46,38,46,0,0,0,0,38,46,0,0,38,46,California
Calaveras,2020-12-19,3,49,3,49,0,0,0,0,3,49,0,0,3,49,California
Calaveras,2020-12-20,3,52,3,52,0,0,0,0,3,52,0,0,3,52,California
Calaveras,2020-12-21,55,107,48,100,7,7,0,0,55,107,0,0,55,107,California
Calaveras,2020-12-22,80,187,76,176,4,11,0,0,81,188,0,0,81,188,California
Calaveras,2020-12-23,76,263,74,250,2,13,0,0,85,273,0,0,85,273,California
Calaveras,2020-12-24,2,265,2,252,0,13,0,0,2,275,0,0,2,275,California
Calaveras,2020-12-26,3,268,3,255,0,13,0,0,3,278,0,0,3,278,California
Calaveras,2020-12-28,22,290,18,273,4,17,0,0,21,298,1,1,21,299,California
Calaveras,2020-12-29,167,457,148,421,19,36,0,0,167,465,0,1,167,466,California
Calaveras,2020-12-30,94,551,82,503,12,48,0,0,94,559,0,1,94,560,California
Calaveras,2020-12-31,35,586,25,528,10,58,0,0,35,594,0,1,35,595,California
Calaveras,2021-01-02,11,597,11,539,0,58,0,0,11,605,0,1,11,606,California
Calaveras,2021-01-03,8,605,3,542,5,63,0,0,8,613,0,1,8,614,California
Calaveras,2021-01-04,33,638,5,547,28,91,0,0,33,646,0,1,33,647,California
Calaveras,2021-01-05,41,679,10,557,31,122,0,0,35,678,8,9,40,687,California
Calaveras,2021-01-06,109,788,30,587,79,201,0,0,99,767,10,19,99,786,California
Calaveras,2021-01-07,106,894,27,614,79,280,0,0,94,851,11,30,95,881,California
Calaveras,2021-01-08,69,963,38,652,31,311,0,0,46,875,23,53,47,928,California
Calaveras,2021-01-09,5,968,5,657,0,311,0,0,2,874,3,56,2,930,California
Calaveras,2021-01-10,2,970,0,657,2,313,0,0,2,876,0,56,2,932,California
Calaveras,2021-01-11,65,1035,59,716,6,319,0,0,28,869,36,92,29,961,California
Calaveras,2021-01-12,86,1121,53,769,33,352,0,0,53,890,33,125,54,1015,California
Calaveras,2021-01-13,107,1228,43,812,64,416,0,0,74,932,33,158,75,1090,California
Calaveras,2021-01-14,135,1363,41,853,94,510,0,0,102,1002,32,190,102,1192,California
Calaveras,2021-01-15,113,1476,51,904,62,572,0,0,87,1063,26,216,87,1279,California
Calaveras,2021-01-16,12,1488,2,906,10,582,0,0,11,1073,1,217,11,1290,California
Calaveras,2021-01-17,10,1498,1,907,9,591,0,0,10,1083,0,217,10,1300,California
Calaveras,2021-01-18,132,1630,20,927,112,703,0,0,119,1192,13,230,122,1422,California
Calaveras,2021-01-19,205,1835,175,1102,30,733,0,0,62,1114,141,371,63,1485,California
Calaveras,2021-01-20,393,2228,81,1183,312,1045,0,0,309,1348,83,454,317,1802,California
Calaveras,2021-01-21,462,2690,40,1223,422,1467,0,0,435,1762,27,481,441,2243,California
Calaveras,2021-01-22,431,3121,23,1246,408,1875,0,0,421,2180,10,491,428,2671,California
Calaveras,2021-01-23,22,3143,10,1256,12,1887,0,0,18,2194,4,495,18,2689,California
Calaveras,2021-01-24,14,3157,8,1264,6,1893,0,0,12,2204,2,497,12,2701,California
Calaveras,2021-01-25,121,3278,7,1271,114,2007,0,0,116,2315,5,502,116,2817,California
Calaveras,2021-01-26,49,3327,18,1289,31,2038,0,0,38,2342,11,513,38,2855,California
Calaveras,2021-01-27,161,3488,44,1333,117,2155,0,0,134,2450,26,539,134,2989,California
Calaveras,2021-01-28,165,3653,23,1356,142,2297,0,0,141,2570,24,563,144,3133,California
Calaveras,2021-01-29,444,4097,33,1389,411,2708,0,0,422,2978,22,585,430,3563,California
Calaveras,2021-01-30,28,4125,10,1399,18,2726,0,0,26,3004,0,585,26,3589,California
Calaveras,2021-01-31,4,4129,2,1401,2,2728,0,0,3,3006,1,586,3,3592,California
Calaveras,2021-02-01,53,4182,41,1442,12,2740,0,0,34,3021,19,605,34,3626,California
Calaveras,2021-02-02,110,4292,24,1466,86,2826,0,0,72,3060,34,639,73,3699,California
Calaveras,2021-02-03,439,4731,44,1510,395,3221,0,0,355,3333,83,722,356,4055,California
Calaveras,2021-02-04,376,5107,23,1533,353,3574,0,0,295,3547,81,803,295,4350,California
Calaveras,2021-02-05,80,5187,23,1556,57,3631,0,0,41,3550,39,842,42,4392,California
Calaveras,2021-02-06,22,5209,13,1569,9,3640,0,0,22,3572,0,842,22,4414,California
Calaveras,2021-02-07,4,5213,1,1570,3,3643,0,0,2,3572,2,844,2,4416,California
Calaveras,2021-02-08,39,5252,18,1588,21,3664,0,0,31,3597,6,850,31,4447,California
Calaveras,2021-02-09,208,5460,93,1681,115,3779,0,0,147,3689,55,905,147,4594,California
Calaveras,2021-02-10,506,5966,28,1709,478,4257,0,0,440,4064,66,971,441,5035,California
Calaveras,2021-02-11,578,6544,77,1786,501,4758,0,0,471,4431,105,1076,472,5507,California
Calaveras,2021-02-12,567,7111,325,2111,242,5000,0,0,493,4852,73,1149,494,6001,California
Calaveras,2021-02-13,192,7303,37,2148,155,5155,0,0,177,5014,15,1164,177,6178,California
Calaveras,2021-02-14,216,7519,71,2219,145,5300,0,0,201,5200,15,1179,201,6379,California
Calaveras,2021-02-15,378,7897,21,2240,357,5657,0,0,261,5347,114,1293,261,6640,California
Calaveras,2021-02-16,299,8196,173,2413,126,5783,0,0,242,5532,57,1350,242,6882,California
Calaveras,2021-02-17,526,8722,37,2450,489,6272,0,0,211,5436,308,1658,212,7094,California
Calaveras,2021-02-18,496,9218,90,2540,406,6678,0,0,98,5146,388,2046,98,7192,California
Calaveras,2021-02-19,438,9656,43,2583,395,7073,0,0,97,4912,331,2377,97,7289,California
Calaveras,2021-02-20,59,9715,15,2598,44,7117,0,0,48,4949,11,2388,48,7337,California
Calaveras,2021-02-21,20,9735,12,2610,8,7125,0,0,18,4965,2,2390,18,7355,California
Calaveras,2021-02-22,64,9799,40,2650,24,7149,0,0,34,4969,30,2420,34,7389,California
Calaveras,2021-02-23,150,9949,68,2718,82,7231,0,0,101,5022,49,2469,102,7491,California
Calaveras,2021-02-24,97,10046,47,2765,50,7281,0,0,66,5058,30,2499,66,7557,California
Calaveras,2021-02-25,551,10597,98,2863,453,7734,0,0,361,5232,187,2686,361,7918,California
Calaveras,2021-02-26,718,11315,45,2908,673,8407,0,0,370,5271,333,3019,372,8290,California
Calaveras,2021-02-27,203,11518,22,2930,181,8588,0,0,179,5426,24,3043,179,8469,California
Calaveras,2021-02-28,95,11613,15,2945,80,8668,0,0,91,5513,4,3047,91,8560,California
Calaveras,2021-03-01,274,11887,59,3004,215,8883,0,0,147,5535,126,3173,148,8708,California
Calaveras,2021-03-02,241,12128,91,3095,150,9033,0,0,201,5698,39,3212,202,8910,California
Calaveras,2021-03-03,500,12628,102,3197,398,9431,0,0,207,5614,291,3503,207,9117,California
Calaveras,2021-03-04,761,13389,59,3256,701,10132,1,1,347,5554,410,3913,350,9467,California
Calaveras,2021-03-05,458,13847,270,3526,183,10315,5,6,143,5389,313,4226,148,9615,California
Calaveras,2021-03-06,155,14002,43,3569,106,10421,6,12,121,5482,34,4260,127,9742,California
Calaveras,2021-03-07,76,14078,32,3601,36,10457,8,20,34,5483,42,4302,43,9785,California
Calaveras,2021-03-08,158,14236,25,3626,126,10583,7,27,125,5583,32,4334,132,9917,California
Calaveras,2021-03-09,374,14610,151,3777,217,10800,6,33,38,5294,333,4667,44,9961,California
Calaveras,2021-03-10,412,15022,24,3801,385,11185,3,36,54,4995,356,5023,57,10018,California
Calaveras,2021-03-11,840,15862,413,4214,414,11599,13,49,426,5022,412,5435,439,10457,California
Calaveras,2021-03-12,384,16246,210,4424,164,11763,10,59,317,5285,67,5502,330,10787,California
Calaveras,2021-03-13,164,16410,16,4440,140,11903,8,67,134,5398,31,5533,144,10931,California
Calaveras,2021-03-14,151,16561,10,4450,140,12043,1,68,18,5291,133,5666,26,10957,California
Calaveras,2021-03-15,330,16891,47,4497,257,12300,26,94,53,5097,277,5943,83,11040,California
Calaveras,2021-03-16,707,17598,570,5067,117,12417,20,114,553,5517,153,6096,573,11613,California
Calaveras,2021-03-17,276,17874,51,5118,212,12629,13,127,49,5355,225,6321,63,11676,California
Calaveras,2021-03-18,663,18537,568,5686,80,12709,15,142,548,5805,115,6436,565,12241,California
Calaveras,2021-03-19,228,18765,47,5733,108,12817,73,215,55,5763,170,6606,128,12369,California
Calaveras,2021-03-20,82,18847,22,5755,59,12876,1,216,26,5735,56,6662,28,12397,California
Calaveras,2021-03-21,48,18895,31,5786,6,12882,11,227,13,5724,35,6697,24,12421,California
Calaveras,2021-03-22,79,18974,36,5822,22,12904,21,248,27,5720,52,6749,48,12469,California
Calaveras,2021-03-23,303,19277,218,6040,75,12979,10,258,123,5679,174,6923,133,12602,California
Calaveras,2021-03-24,132,19409,49,6089,73,13052,10,268,46,5649,86,7009,56,12658,California
Calaveras,2021-03-25,736,20145,101,6190,632,13684,3,271,443,5805,290,7299,446,13104,California
Calaveras,2021-03-26,423,20568,25,6215,392,14076,6,277,87,5567,333,7632,95,13199,California
Calaveras,2021-03-27,210,20778,18,6233,188,14264,4,281,37,5441,170,7802,44,13243,California
Calaveras,2021-03-28,109,20887,12,6245,95,14359,2,283,8,5352,100,7902,11,13254,California
Calaveras,2021-03-29,175,21062,22,6267,151,14510,2,285,59,5300,115,8017,63,13317,California
Calaveras,2021-03-30,528,21590,31,6298,481,14991,16,301,360,5509,168,8185,377,13694,California
Calaveras,2021-03-31,324,21914,144,6442,170,15161,10,311,163,5521,161,8346,173,13867,California
Calaveras,2021-04-01,679,22593,439,6881,239,15400,1,312,187,5220,491,8837,190,14057,California
Calaveras,2021-04-02,394,22987,232,7113,154,15554,8,320,117,5071,275,9112,126,14183,California
Calaveras,2021-04-03,140,23127,29,7142,107,15661,4,324,38,5011,102,9214,42,14225,California
Calaveras,2021-04-04,78,23205,25,7167,53,15714,0,324,50,5033,28,9242,50,14275,California
Calaveras,2021-04-05,217,23422,88,7255,120,15834,9,333,100,5026,117,9359,110,14385,California
Calaveras,2021-04-06,637,24059,563,7818,60,15894,14,347,96,4598,538,9897,110,14495,California
Calaveras,2021-04-07,745,24804,649,8467,62,15956,34,381,611,5110,134,10031,646,15141,California
Calaveras,2021-04-08,935,25739,850,9317,66,16022,19,400,435,5067,499,10530,456,15597,California
Calaveras,2021-04-09,131,25870,42,9359,46,16068,43,443,45,5069,86,10616,88,15685,California
Calaveras,2021-04-10,181,26051,35,9394,130,16198,16,459,142,5189,39,10655,159,15844,California
Calaveras,2021-04-11,65,26116,41,9435,23,16221,1,460,44,5213,21,10676,45,15889,California
Calaveras,2021-04-12,95,26211,47,9482,33,16254,15,475,52,5238,43,10719,68,15957,California
Calaveras,2021-04-13,452,26663,401,9883,51,16305,0,475,387,5564,63,10782,389,16346,California
Calaveras,2021-04-14,134,26797,16,9899,118,16423,0,475,108,5647,26,10808,109,16455,California
Colusa,2020-12-18,1,1,1,1,0,0,0,0,1,1,0,0,1,1,California
Colusa,2020-12-21,2,3,2,3,0,0,0,0,2,3,0,0,2,3,California
Colusa,2020-12-22,10,13,10,13,0,0,0,0,10,13,0,0,10,13,California
Colusa,2020-12-23,10,23,10,23,0,0,0,0,10,23,0,0,10,23,California
Colusa,2020-12-24,2,25,1,24,1,1,0,0,2,25,0,0,2,25,California
Colusa,2020-12-27,1,26,1,25,0,1,0,0,1,26,0,0,1,26,California
Colusa,2020-12-28,7,33,3,28,4,5,0,0,7,33,0,0,7,33,California
Colusa,2020-12-29,10,43,7,35,3,8,0,0,10,43,0,0,10,43,California
Colusa,2020-12-30,50,93,13,48,37,45,0,0,50,93,0,0,50,93,California
Colusa,2020-12-31,18,111,1,49,17,62,0,0,18,111,0,0,18,111,California
Colusa,2021-01-04,4,115,0,49,4,66,0,0,4,115,0,0,4,115,California
Colusa,2021-01-05,67,182,1,50,66,132,0,0,67,182,0,0,67,182,California
Colusa,2021-01-06,15,197,9,59,6,138,0,0,15,197,0,0,15,197,California
Colusa,2021-01-07,38,235,4,63,34,172,0,0,37,233,1,1,37,234,California
Colusa,2021-01-08,9,244,7,70,2,174,0,0,8,240,1,2,8,242,California
Colusa,2021-01-09,2,246,1,71,1,175,0,0,2,242,0,2,2,244,California
Colusa,2021-01-10,1,247,0,71,1,176,0,0,1,243,0,2,1,245,California
Colusa,2021-01-11,12,259,6,77,6,182,0,0,7,245,5,7,7,252,California
Colusa,2021-01-12,11,270,9,86,2,184,0,0,6,246,5,12,6,258,California
Colusa,2021-01-13,21,291,13,99,8,192,0,0,13,251,8,20,13,271,California
Colusa,2021-01-14,35,326,28,127,7,199,0,0,33,282,2,22,33,304,California
Colusa,2021-01-15,41,367,5,132,36,235,0,0,39,319,2,24,39,343,California
Colusa,2021-01-16,12,379,1,133,11,246,0,0,11,329,1,25,11,354,California
Colusa,2021-01-17,3,382,2,135,1,247,0,0,2,330,1,26,2,356,California
Colusa,2021-01-18,4,386,0,135,4,251,0,0,4,334,0,26,4,360,California
Colusa,2021-01-19,9,395,8,143,1,252,0,0,5,335,4,30,5,365,California
Colusa,2021-01-20,115,510,101,244,14,266,0,0,102,424,13,43,102,467,California
Colusa,2021-01-21,56,566,41,285,15,281,0,0,55,478,1,44,55,522,California
Colusa,2021-01-22,40,606,17,302,23,304,0,0,35,508,5,49,35,557,California
Colusa,2021-01-23,35,641,6,308,29,333,0,0,35,543,0,49,35,592,California
Colusa,2021-01-25,7,648,0,308,7,340,0,0,7,550,0,49,7,599,California
Colusa,2021-01-26,8,656,5,313,3,343,0,0,5,552,3,52,5,604,California
Colusa,2021-01-27,107,763,31,344,76,419,0,0,105,655,2,54,105,709,California
Colusa,2021-01-28,79,842,46,390,33,452,0,0,72,720,7,61,72,781,California
Colusa,2021-01-29,40,882,7,397,33,485,0,0,39,758,1,62,39,820,California
Colusa,2021-01-30,27,909,4,401,23,508,0,0,27,785,0,62,27,847,California
Colusa,2021-01-31,7,916,7,408,0,508,0,0,7,792,0,62,7,854,California
Colusa,2021-02-01,27,943,10,418,17,525,0,0,22,809,5,67,22,876,California
Colusa,2021-02-02,42,985,8,426,34,559,0,0,36,839,6,73,36,912,California
Colusa,2021-02-03,69,1054,10,436,59,618,0,0,59,888,10,83,59,971,California
Colusa,2021-02-04,143,1197,81,517,62,680,0,0,115,975,28,111,115,1086,California
Colusa,2021-02-05,32,1229,8,525,24,704,0,0,29,1001,3,114,29,1115,California
Colusa,2021-02-06,284,1513,8,533,276,980,0,0,273,1263,11,125,273,1388,California
Colusa,2021-02-07,2,1515,1,534,1,981,0,0,0,1261,2,127,0,1388,California
Colusa,2021-02-08,40,1555,5,539,35,1016,0,0,37,1295,3,130,37,1425,California
Colusa,2021-02-09,231,1786,14,553,217,1233,0,0,176,1416,55,185,176,1601,California
Colusa,2021-02-10,116,1902,41,594,75,1308,0,0,73,1446,43,228,73,1674,California
Colusa,2021-02-11,97,1999,36,630,61,1369,0,0,72,1493,25,253,72,1746,California
Colusa,2021-02-12,118,2117,9,639,109,1478,0,0,80,1534,39,292,80,1826,California
Colusa,2021-02-13,60,2177,8,647,52,1530,0,0,52,1578,8,300,52,1878,California
Colusa,2021-02-14,20,2197,8,655,12,1542,0,0,14,1586,6,306,14,1892,California
Colusa,2021-02-15,45,2242,10,665,35,1577,0,0,38,1617,7,313,38,1930,California
Colusa,2021-02-16,67,2309,4,669,63,1640,0,0,66,1682,1,314,66,1996,California
Colusa,2021-02-17,206,2515,143,812,63,1703,0,0,60,1596,146,460,60,2056,California
Colusa,2021-02-18,135,2650,35,847,100,1803,0,0,112,1685,23,483,112,2168,California
Colusa,2021-02-19,155,2805,19,866,136,1939,0,0,129,1788,26,509,129,2297,California
Colusa,2021-02-20,28,2833,6,872,22,1961,0,0,12,1784,16,525,12,2309,California
Colusa,2021-02-21,1,2834,1,873,0,1961,0,0,0,1783,1,526,0,2309,California
Colusa,2021-02-22,43,2877,26,899,17,1978,0,0,29,1798,14,540,29,2338,California
Colusa,2021-02-23,22,2899,6,905,16,1994,0,0,18,1812,4,544,18,2356,California
Colusa,2021-02-24,300,3199,54,959,246,2240,0,0,158,1828,142,686,158,2514,California
Colusa,2021-02-25,100,3299,54,1013,46,2286,0,0,65,1858,35,721,65,2579,California
Colusa,2021-02-26,96,3395,12,1025,84,2370,0,0,58,1878,38,759,58,2637,California
Colusa,2021-02-27,55,3450,4,1029,51,2421,0,0,40,1903,15,774,40,2677,California
Colusa,2021-02-28,25,3475,13,1042,12,2433,0,0,17,1912,8,782,17,2694,California
Colusa,2021-03-01,46,3521,15,1057,31,2464,0,0,29,1924,17,799,29,2723,California
Colusa,2021-03-02,47,3568,13,1070,34,2498,0,0,24,1925,23,822,24,2747,California
Colusa,2021-03-03,237,3805,38,1108,199,2697,0,0,180,2048,57,879,180,2927,California
Colusa,2021-03-04,136,3941,58,1166,78,2775,0,0,80,2072,56,935,80,3007,California
Colusa,2021-03-05,98,4039,25,1191,64,2839,9,9,53,2089,45,980,62,3069,California
Colusa,2021-03-06,274,4313,9,1200,265,3104,0,9,37,1889,237,1217,37,3106,California
Colusa,2021-03-07,8,4321,5,1205,3,3107,0,9,6,1893,2,1219,6,3112,California
Colusa,2021-03-08,88,4409,20,1225,33,3140,35,44,44,1928,44,1263,79,3191,California
Colusa,2021-03-09,272,4681,70,1295,179,3319,23,67,83,1845,189,1452,106,3297,California
Colusa,2021-03-10,287,4968,35,1330,216,3535,36,103,201,1996,86,1538,237,3534,California
Colusa,2021-03-11,414,5382,58,1388,335,3870,21,124,332,2266,82,1620,352,3886,California
Colusa,2021-03-12,106,5488,18,1406,75,3945,13,137,20,2213,86,1706,33,3919,California
Colusa,2021-03-13,59,5547,15,1421,35,3980,9,146,17,2197,42,1748,26,3945,California
Colusa,2021-03-14,21,5568,0,1421,19,3999,2,148,7,2193,13,1761,9,3954,California
Colusa,2021-03-15,68,5636,26,1447,34,4033,8,156,13,2159,55,1816,21,3975,California
Colusa,2021-03-16,276,5912,14,1461,216,4249,46,202,169,2267,107,1923,215,4190,California
Colusa,2021-03-17,194,6106,48,1509,146,4395,0,202,110,2293,84,2007,110,4300,California
Colusa,2021-03-18,319,6425,33,1542,215,4610,71,273,196,2437,123,2130,267,4567,California
Colusa,2021-03-19,76,6501,19,1561,55,4665,2,275,53,2469,23,2153,55,4622,California
Colusa,2021-03-20,48,6549,7,1568,40,4705,1,276,35,2492,13,2166,36,4658,California
Colusa,2021-03-21,6,6555,4,1572,2,4707,0,276,4,2494,2,2168,4,4662,California
Colusa,2021-03-22,63,6618,10,1582,44,4751,9,285,41,2522,22,2190,50,4712,California
Colusa,2021-03-23,81,6699,16,1598,63,4814,2,287,54,2551,27,2217,56,4768,California
Colusa,2021-03-24,334,7033,56,1654,272,5086,6,293,69,2360,265,2482,74,4842,California
Colusa,2021-03-25,107,7140,59,1713,43,5129,5,298,50,2358,57,2539,55,4897,California
Colusa,2021-03-26,298,7438,47,1760,247,5376,4,302,245,2554,53,2592,249,5146,California
Colusa,2021-03-27,62,7500,5,1765,57,5433,0,302,24,2540,38,2630,24,5170,California
Colusa,2021-03-28,15,7515,6,1771,9,5442,0,302,7,2539,8,2638,7,5177,California
Colusa,2021-03-29,68,7583,19,1790,44,5486,5,307,30,2536,38,2676,35,5212,California
Colusa,2021-03-30,145,7728,77,1867,66,5552,2,309,76,2545,69,2745,78,5290,California
Colusa,2021-03-31,226,7954,35,1902,191,5743,0,309,72,2464,153,2898,72,5362,California
Colusa,2021-04-01,421,8375,64,1966,302,6045,55,364,300,2699,120,3018,355,5717,California
Colusa,2021-04-02,81,8456,14,1980,54,6099,13,377,39,2709,42,3060,52,5769,California
Colusa,2021-04-03,61,8517,9,1989,29,6128,23,400,14,2699,47,3107,37,5806,California
Colusa,2021-04-04,18,8535,0,1989,8,6136,10,410,3,2697,15,3122,13,5819,California
Colusa,2021-04-05,97,8632,25,2014,57,6193,15,425,40,2695,57,3179,55,5874,California
Colusa,2021-04-06,124,8756,34,2048,42,6235,48,473,40,2699,84,3263,88,5962,California
Colusa,2021-04-07,351,9107,40,2088,291,6526,20,493,133,2636,218,3481,155,6117,California
Colusa,2021-04-08,421,9528,34,2122,361,6887,26,519,120,2485,298,3779,147,6264,California
Colusa,2021-04-09,67,9595,15,2137,32,6919,20,539,26,2490,41,3820,46,6310,California
Colusa,2021-04-10,42,9637,8,2145,15,6934,19,558,11,2489,31,3851,30,6340,California
Colusa,2021-04-11,14,9651,2,2147,12,6946,0,558,7,2489,7,3858,7,6347,California
Colusa,2021-04-12,27,9678,3,2150,24,6970,0,558,23,2508,4,3862,23,6370,California
Colusa,2021-04-13,270,9948,21,2171,249,7219,0,558,87,2428,182,4044,102,6472,California
Colusa,2021-04-14,72,10020,10,2181,62,7281,0,558,23,2402,49,4093,23,6495,California
Contra Costa,2020-12-15,19,19,19,19,0,0,0,0,19,19,0,0,19,19,California
Contra Costa,2020-12-16,523,542,523,542,0,0,0,0,523,542,0,0,523,542,California
Contra Costa,2020-12-17,908,1450,908,1450,0,0,0,0,908,1450,0,0,908,1450,California
Contra Costa,2020-12-18,1590,3040,1589,3039,1,1,0,0,1590,3040,0,0,1590,3040,California
Contra Costa,2020-12-19,1100,4140,1099,4138,1,2,0,0,1100,4140,0,0,1100,4140,California
Contra Costa,2020-12-20,582,4722,581,4719,1,3,0,0,582,4722,0,0,582,4722,California
Contra Costa,2020-12-21,1651,6373,1649,6368,2,5,0,0,1651,6373,0,0,1651,6373,California
Contra Costa,2020-12-22,1669,8042,1564,7932,105,110,0,0,1669,8042,0,0,1669,8042,California
Contra Costa,2020-12-23,1576,9618,1330,9262,246,356,0,0,1576,9618,0,0,1576,9618,California
Contra Costa,2020-12-24,653,10271,335,9597,318,674,0,0,653,10271,0,0,653,10271,California
Contra Costa,2020-12-25,38,10309,16,9613,22,696,0,0,38,10309,0,0,38,10309,California
Contra Costa,2020-12-26,639,10948,130,9743,509,1205,0,0,639,10948,0,0,639,10948,California
Contra Costa,2020-12-27,240,11188,86,9829,154,1359,0,0,240,11188,0,0,240,11188,California
Contra Costa,2020-12-28,1827,13015,861,10690,966,2325,0,0,1827,13015,0,0,1827,13015,California
Contra Costa,2020-12-29,1823,14838,823,11513,1000,3325,0,0,1823,14838,0,0,1823,14838,California
Contra Costa,2020-12-30,2384,17222,1208,12721,1176,4501,0,0,2383,17221,0,0,2383,17221,California
Contra Costa,2020-12-31,911,18133,307,13028,604,5105,0,0,910,18131,0,0,910,18131,California
Contra Costa,2021-01-01,57,18190,23,13051,34,5139,0,0,57,18188,0,0,57,18188,California
Contra Costa,2021-01-02,332,18522,172,13223,160,5299,0,0,332,18520,0,0,332,18520,California
Contra Costa,2021-01-03,174,18696,116,13339,58,5357,0,0,173,18693,0,0,173,18693,California
Contra Costa,2021-01-04,1894,20590,1245,14584,649,6006,0,0,1873,20547,19,19,1873,20566,California
Contra Costa,2021-01-05,2095,22685,1255,15839,840,6846,0,0,1836,22126,258,277,1837,22403,California
Contra Costa,2021-01-06,3264,25949,2240,18079,1024,7870,0,0,2506,23882,753,1030,2509,24912,California
Contra Costa,2021-01-07,3089,29038,2057,20136,1032,8902,0,0,1879,24554,1207,2237,1879,26791,California
Contra Costa,2021-01-08,3364,32402,2377,22513,987,9889,0,0,1805,24809,1553,3790,1808,28599,California
Contra Costa,2021-01-09,1583,33985,1132,23645,451,10340,0,0,749,24726,833,4623,750,29349,California
Contra Costa,2021-01-10,361,34346,288,23933,73,10413,0,0,150,24665,211,4834,150,29499,California
Contra Costa,2021-01-11,3834,38180,3118,27051,716,11129,0,0,2231,25295,1603,6437,2233,31732,California
Contra Costa,2021-01-12,3906,42086,2930,29981,976,12105,0,0,2582,26555,1324,7761,2584,34316,California
Contra Costa,2021-01-13,4664,46750,2880,32861,1784,13889,0,0,3732,29359,928,8689,3732,38048,California
Contra Costa,2021-01-14,4294,51044,1552,34413,2742,16631,0,0,3912,32889,382,9071,3912,41960,California
Contra Costa,2021-01-15,5315,56359,2451,36864,2864,19495,0,0,4993,37566,321,9392,4998,46958,California
Contra Costa,2021-01-16,1704,58063,546,37410,1158,20653,0,0,1630,39122,74,9466,1630,48588,California
Contra Costa,2021-01-17,1631,59694,971,38381,660,21313,0,0,1509,40512,122,9588,1512,50100,California
Contra Costa,2021-01-18,3180,62874,1249,39630,1931,23244,0,0,2557,42453,617,10205,2558,52658,California
Contra Costa,2021-01-19,7052,69926,3151,42781,3901,27145,0,0,6050,47510,999,11204,6056,58714,California
Contra Costa,2021-01-20,6590,76516,4038,46819,2552,29697,0,0,5365,51658,1221,12425,5369,64083,California
Contra Costa,2021-01-21,6949,83465,3084,49903,3865,33562,0,0,6228,57177,716,13141,6235,70318,California
Contra Costa,2021-01-22,6357,89822,2697,52600,3660,37222,0,0,5501,61835,846,13987,5504,75822,California
Contra Costa,2021-01-23,2023,91845,358,52958,1665,38887,0,0,1766,63348,255,14242,1768,77590,California
Contra Costa,2021-01-24,1575,93420,214,53172,1361,40248,0,0,1431,64639,144,14386,1435,79025,California
Contra Costa,2021-01-25,6639,100059,3011,56183,3628,43876,0,0,5082,68169,1555,15941,5085,84110,California
Contra Costa,2021-01-26,8042,108101,4658,60841,3384,47260,0,0,6216,72568,1819,17760,6218,90328,California
Contra Costa,2021-01-27,8220,116321,5483,66324,2737,49997,0,0,6329,77097,1804,19564,6333,96661,California
Contra Costa,2021-01-28,7382,123703,4056,70380,3326,53323,0,0,5789,81303,1587,21151,5793,102454,California
Contra Costa,2021-01-29,7420,131123,3878,74258,3542,56865,0,0,6117,86123,1300,22451,6120,108574,California
Contra Costa,2021-01-30,2080,133203,596,74854,1484,58349,0,0,1714,87478,359,22810,1714,110288,California
Contra Costa,2021-01-31,702,133905,483,75337,219,58568,0,0,575,87929,124,22934,575,110863,California
Contra Costa,2021-02-01,5509,139414,3759,79096,1750,60318,0,0,3884,90196,1620,24554,3887,114750,California
Contra Costa,2021-02-02,7744,147158,5275,84371,2469,62787,0,0,5896,94247,1846,26400,5897,120647,California
Contra Costa,2021-02-03,8262,155420,5457,89828,2805,65592,0,0,5631,97258,2621,29021,5632,126279,California
Contra Costa,2021-02-04,7441,162861,3532,93360,3909,69501,0,0,5726,101274,1712,30733,5728,132007,California
Contra Costa,2021-02-05,8422,171283,4823,98183,3599,73100,0,0,5724,104307,2692,33425,5725,137732,California
Contra Costa,2021-02-06,3461,174744,2150,100333,1311,74411,0,0,2814,106476,646,34071,2815,140547,California
Contra Costa,2021-02-07,976,175720,704,101037,272,74683,0,0,602,106705,373,34444,602,141149,California
Contra Costa,2021-02-08,5788,181508,3430,104467,2358,77041,0,0,4315,109553,1468,35912,4316,145465,California
Contra Costa,2021-02-09,8626,190134,4752,109219,3874,80915,0,0,5752,112438,2869,38781,5754,151219,California
Contra Costa,2021-02-10,8592,198726,4637,113856,3955,84870,0,0,5397,114658,3181,41962,5401,156620,California
Contra Costa,2021-02-11,9207,207933,4191,118047,5016,89886,0,0,5248,115957,3953,45915,5252,161872,California
Contra Costa,2021-02-12,10056,217989,4606,122653,5450,95336,0,0,5457,116825,4592,50507,5460,167332,California
Contra Costa,2021-02-13,4860,222849,1356,124009,3504,98840,0,0,3397,118763,1460,51967,3398,170730,California
Contra Costa,2021-02-14,2078,224927,860,124869,1218,100058,0,0,1219,119124,858,52825,1219,171949,California
Contra Costa,2021-02-15,4432,229359,2460,127329,1972,102030,0,0,2345,119390,2081,54906,2347,174296,California
Contra Costa,2021-02-16,10392,239751,4896,132225,5496,107526,0,0,4633,118275,5752,60658,4637,178933,California
Contra Costa,2021-02-17,12254,252005,6111,138336,6143,113669,0,0,5618,117271,6622,67280,5618,184551,California
Contra Costa,2021-02-18,11433,263438,5943,144279,5490,119159,0,0,5307,116465,6115,73395,5309,189860,California
Contra Costa,2021-02-19,11382,274820,7096,151375,4286,123445,0,0,5166,115431,6202,79597,5168,195028,California
Contra Costa,2021-02-20,6436,281256,2885,154260,3551,126996,0,0,4566,118145,1854,81451,4568,199596,California
Contra Costa,2021-02-21,1790,283046,1244,155504,546,127542,0,0,1081,118518,708,82159,1081,200677,California
Contra Costa,2021-02-22,7526,290572,5094,160598,2432,129974,0,0,3460,117924,4057,86216,3463,204140,California
Contra Costa,2021-02-23,11864,302436,7234,167832,4630,134604,0,0,5904,117885,5947,92163,5908,210048,California
Contra Costa,2021-02-24,10452,312888,7666,175498,2786,137390,0,0,5034,117519,5402,97565,5036,215084,California
Contra Costa,2021-02-25,11429,324317,7196,182694,4233,141623,0,0,5188,116489,6222,103787,5192,220276,California
Contra Costa,2021-02-26,10671,334988,6728,189422,3943,145566,0,0,5286,116405,5371,109158,5287,225563,California
Contra Costa,2021-02-27,6599,341587,4195,193617,2404,147970,0,0,4098,118009,2495,111653,4099,229662,California
Contra Costa,2021-02-28,3778,345365,3112,196729,666,148636,0,0,3185,120605,590,112243,3186,232848,California
Contra Costa,2021-03-01,8071,353436,6068,202797,2002,150638,1,1,4961,122470,3099,115342,4964,237812,California
Contra Costa,2021-03-02,10081,363517,6291,209088,3789,154427,1,2,5225,122855,4841,120183,5226,243038,California
Contra Costa,2021-03-03,10921,374438,6838,215926,4082,158509,1,3,6038,124027,4868,125051,6040,249078,California
Contra Costa,2021-03-04,11843,386281,7059,222985,4784,163293,0,3,6131,124464,5694,130745,6131,255209,California
Contra Costa,2021-03-05,11194,397475,6653,229638,4537,167830,4,7,6366,126020,4814,135559,6370,261579,California
Contra Costa,2021-03-06,7258,404733,3986,233624,2965,170795,307,314,4694,128467,2553,138112,5000,266579,California
Contra Costa,2021-03-07,3603,408336,2258,235882,1286,172081,59,373,2932,130788,670,138782,2991,269570,California
Contra Costa,2021-03-08,8028,416364,3745,239627,3980,176061,303,676,5357,133793,2659,141441,5664,275234,California
Contra Costa,2021-03-09,10141,426505,4975,244602,4872,180933,294,970,5019,133990,5116,146557,5313,280547,California
Contra Costa,2021-03-10,12077,438582,5941,250543,4651,185584,1485,2455,5455,134311,6615,153172,6936,287483,California
Contra Costa,2021-03-11,12412,450994,6527,257070,5333,190917,552,3007,6339,135150,6054,159226,6893,294376,California
Contra Costa,2021-03-12,12442,463436,5092,262162,6825,197742,525,3532,6235,135717,6192,165418,6759,301135,California
Contra Costa,2021-03-13,7665,471101,3035,265197,4220,201962,410,3942,3041,134555,4608,170026,3446,304581,California
Contra Costa,2021-03-14,4322,475423,2530,267727,1312,203274,480,4422,2065,134848,2252,172278,2545,307126,California
Contra Costa,2021-03-15,9369,484792,5049,272776,3568,206842,752,5174,4752,135750,4603,176881,5505,312631,California
Contra Costa,2021-03-16,14244,499036,8462,281238,5387,212229,395,5569,7280,136478,6947,183828,7675,320306,California
Contra Costa,2021-03-17,14959,513995,10332,291570,4417,216646,210,5779,8572,138896,6369,190197,8787,329093,California
Contra Costa,2021-03-18,15335,529330,8525,300095,6331,222977,479,6258,8784,141632,6526,196723,9262,338355,California
Contra Costa,2021-03-19,15469,544799,8868,308963,5211,228188,1390,7648,8297,144161,7160,203883,9689,348044,California
Contra Costa,2021-03-20,10576,555375,6317,315280,3958,232146,301,7949,5213,144326,5348,209231,5513,353557,California
Contra Costa,2021-03-21,4440,559815,3885,319165,470,232616,85,8034,2093,144162,2342,211573,2178,355735,California
Contra Costa,2021-03-22,11494,571309,8659,327824,2587,235203,248,8282,7075,147077,4407,215980,7322,363057,California
Contra Costa,2021-03-23,15584,586893,10734,338558,4681,239884,169,8451,9529,150749,6029,222009,9701,372758,California
Contra Costa,2021-03-24,14890,601783,11627,350185,3050,242934,213,8664,9188,154474,5678,227687,9403,382161,California
Contra Costa,2021-03-25,15148,616931,11806,361991,3069,246003,273,8937,9366,158367,5746,233433,9639,391800,California
Contra Costa,2021-03-26,14877,631808,10673,372664,3809,249812,395,9332,8800,161501,6058,239491,9192,400992,California
Contra Costa,2021-03-27,10397,642205,6730,379394,3158,252970,509,9841,5769,163156,4620,244111,6275,407267,California
Contra Costa,2021-03-28,4111,646316,2913,382307,1145,254115,53,9894,1771,162649,2331,246442,1824,409091,California
Contra Costa,2021-03-29,10823,657139,8461,390768,2248,256363,114,10008,7098,166151,3711,250153,7213,416304,California
Contra Costa,2021-03-30,16719,673858,9112,399880,6255,262618,1352,11360,11072,172941,5632,255785,12422,428726,California
Contra Costa,2021-03-31,17910,691768,12556,412436,3917,266535,1437,12797,11622,179745,6258,262043,13062,441788,California
Contra Costa,2021-04-01,17403,709171,12197,424633,3843,270378,1363,14160,11374,186470,6013,268056,12738,454526,California
Contra Costa,2021-04-02,17317,726488,12805,437438,3515,273893,997,15157,11580,193322,5727,273783,12579,467105,California
Contra Costa,2021-04-03,10766,737254,6428,443866,2810,276703,1528,16685,6206,196508,4548,278331,7734,474839,California
Contra Costa,2021-04-04,3231,740485,1253,445119,1416,278119,562,17247,851,195545,2376,280707,1413,476252,California
Contra Costa,2021-04-05,12008,752493,7863,452982,3213,281332,932,18179,6597,197675,5400,286107,7530,483782,California
Contra Costa,2021-04-06,16925,769418,11710,464692,2993,284325,2222,20401,9486,201962,7422,293529,11709,495491,California
Contra Costa,2021-04-07,17400,786818,11645,476337,3155,287480,2600,23001,9698,206613,7685,301214,12336,507827,California
Contra Costa,2021-04-08,17521,804339,11538,487875,3244,290724,2739,25740,9181,210203,8323,309537,11913,519740,California
Contra Costa,2021-04-09,16729,821068,10596,498471,4024,294748,2109,27849,8803,213210,7904,317441,10911,530651,California
Contra Costa,2021-04-10,8454,829522,3116,501587,1843,296591,3495,31344,2628,213516,5811,323252,6117,536768,California
Contra Costa,2021-04-11,3324,832846,1972,503559,712,297303,640,31984,1181,213204,2136,325388,1824,538592,California
Contra Costa,2021-04-12,10174,843020,6483,510042,2806,300109,885,32869,4682,213292,5482,330870,5570,544162,California
Contra Costa,2021-04-13,15403,858423,9125,519167,6273,306382,5,32874,9914,217743,5472,336342,9923,554085,California
Contra Costa,2021-04-14,13844,872267,8867,528034,4977,311359,0,32874,7503,218915,6334,342676,7506,561591,California
Del Norte,2020-12-21,23,23,23,23,0,0,0,0,23,23,0,0,23,23,California
Del Norte,2020-12-22,46,69,46,69,0,0,0,0,46,69,0,0,46,69,California
Del Norte,2020-12-23,58,127,48,117,10,10,0,0,57,126,0,0,57,126,California
Del Norte,2020-12-28,34,161,34,151,0,10,0,0,34,160,0,0,34,160,California
Del Norte,2020-12-29,4,165,4,155,0,10,0,0,4,164,0,0,4,164,California
Del Norte,2020-12-30,67,232,55,210,12,22,0,0,68,232,0,0,68,232,California
Del Norte,2020-12-31,16,248,13,223,3,25,0,0,16,248,0,0,16,248,California
Del Norte,2021-01-04,102,350,49,272,53,78,0,0,102,350,0,0,102,350,California
Del Norte,2021-01-05,33,383,0,272,33,111,0,0,33,383,0,0,33,383,California
Del Norte,2021-01-06,77,460,18,290,59,170,0,0,77,460,0,0,77,460,California
Del Norte,2021-01-07,21,481,1,291,20,190,0,0,21,481,0,0,21,481,California
Del Norte,2021-01-08,77,558,7,298,70,260,0,0,77,558,0,0,77,558,California
Del Norte,2021-01-11,40,598,21,319,19,279,0,0,18,555,22,22,19,577,California
Del Norte,2021-01-12,50,648,32,351,18,297,0,0,29,563,21,43,29,606,California
Del Norte,2021-01-13,85,733,40,391,45,342,0,0,52,582,33,76,52,658,California
Del Norte,2021-01-14,52,785,14,405,38,380,0,0,46,622,6,82,46,704,California
Del Norte,2021-01-15,107,892,18,423,89,469,0,0,95,705,12,94,95,799,California
Del Norte,2021-01-17,1,893,1,424,0,469,0,0,1,706,0,94,1,800,California
Del Norte,2021-01-18,2,895,0,424,2,471,0,0,2,708,0,94,2,802,California
Del Norte,2021-01-19,119,1014,56,480,63,534,0,0,77,743,42,136,77,879,California
Del Norte,2021-01-20,158,1172,84,564,74,608,0,0,96,777,62,198,96,975,California
Del Norte,2021-01-21,43,1215,40,604,3,611,0,0,32,798,11,209,32,1007,California
Del Norte,2021-01-22,19,1234,16,620,3,614,0,0,12,803,7,216,12,1019,California
Del Norte,2021-01-23,1,1235,0,620,1,615,0,0,1,804,0,216,1,1020,California
Del Norte,2021-01-24,1,1236,0,620,1,616,0,0,1,805,0,216,1,1021,California
Del Norte,2021-01-25,97,1333,79,699,18,634,0,0,53,814,44,260,53,1074,California
Del Norte,2021-01-26,18,1351,11,710,7,641,0,0,7,810,11,271,7,1081,California
Del Norte,2021-01-27,64,1415,21,731,43,684,0,0,61,868,3,274,61,1142,California
Del Norte,2021-01-28,291,1706,20,751,271,955,0,0,287,1151,4,278,287,1429,California
Del Norte,2021-01-29,51,1757,19,770,32,987,0,0,41,1182,10,288,41,1470,California
Del Norte,2021-01-30,8,1765,1,771,7,994,0,0,8,1190,0,288,8,1478,California
Del Norte,2021-02-01,41,1806,1,772,40,1034,0,0,26,1201,15,303,26,1504,California
Del Norte,2021-02-02,142,1948,34,806,108,1142,0,0,73,1206,68,371,73,1577,California
Del Norte,2021-02-03,125,2073,40,846,85,1227,0,0,71,1223,54,425,71,1648,California
Del Norte,2021-02-04,71,2144,29,875,42,1269,0,0,41,1234,30,455,41,1689,California
Del Norte,2021-02-05,181,2325,22,897,159,1428,0,0,118,1290,62,517,118,1807,California
Del Norte,2021-02-06,310,2635,6,903,304,1732,0,0,310,1600,0,517,310,2117,California
Del Norte,2021-02-07,2,2637,1,904,1,1733,0,0,2,1602,0,517,2,2119,California
Del Norte,2021-02-08,36,2673,1,905,35,1768,0,0,32,1630,4,521,32,2151,California
Del Norte,2021-02-09,8,2681,5,910,3,1771,0,0,2,1626,6,527,2,2153,California
Del Norte,2021-02-10,143,2824,20,930,123,1894,0,0,86,1656,56,583,86,2239,California
Del Norte,2021-02-11,175,2999,58,988,117,2011,0,0,63,1607,112,695,63,2302,California
Del Norte,2021-02-12,120,3119,14,1002,106,2117,0,0,66,1619,54,749,66,2368,California
Del Norte,2021-02-13,2,3121,1,1003,1,2118,0,0,2,1621,0,749,2,2370,California
Del Norte,2021-02-14,3,3124,1,1004,2,2120,0,0,2,1622,1,750,2,2372,California
Del Norte,2021-02-15,4,3128,0,1004,4,2124,0,0,2,1622,2,752,2,2374,California
Del Norte,2021-02-16,132,3260,1,1005,131,2255,0,0,13,1516,119,871,13,2387,California
Del Norte,2021-02-17,91,3351,20,1025,71,2326,0,0,24,1473,67,938,24,2411,California
Del Norte,2021-02-18,77,3428,24,1049,53,2379,0,0,51,1498,26,964,51,2462,California
Del Norte,2021-02-19,43,3471,17,1066,26,2405,0,0,33,1521,10,974,33,2495,California
Del Norte,2021-02-20,9,3480,6,1072,3,2408,0,0,7,1526,2,976,7,2502,California
Del Norte,2021-02-22,2,3482,0,1072,2,2410,0,0,2,1528,0,976,2,2504,California
Del Norte,2021-02-23,102,3584,84,1156,18,2428,0,0,31,1488,71,1047,31,2535,California
Del Norte,2021-02-24,152,3736,98,1254,54,2482,0,0,79,1494,73,1120,79,2614,California
Del Norte,2021-02-25,473,4209,130,1384,343,2825,0,0,210,1442,262,1382,210,2824,California
Del Norte,2021-02-26,212,4421,176,1560,36,2861,0,0,166,1562,46,1428,166,2990,California
Del Norte,2021-02-27,151,4572,145,1705,5,2866,1,1,141,1694,10,1438,142,3132,California
Del Norte,2021-02-28,4,4576,1,1706,3,2869,0,1,3,1696,1,1439,3,3135,California
Del Norte,2021-03-01,27,4603,2,1708,25,2894,0,1,4,1677,23,1462,4,3139,California
Del Norte,2021-03-02,218,4821,140,1848,78,2972,0,1,185,1829,33,1495,185,3324,California
Del Norte,2021-03-03,158,4979,90,1938,68,3040,0,1,117,1905,41,1536,117,3441,California
Del Norte,2021-03-04,120,5099,83,2021,37,3077,0,1,91,1968,28,1564,91,3532,California
Del Norte,2021-03-05,92,5191,9,2030,83,3160,0,1,44,1964,48,1612,44,3576,California
Del Norte,2021-03-06,437,5628,77,2107,310,3470,50,51,157,1848,280,1892,164,3740,California
Del Norte,2021-03-07,2,5630,1,2108,1,3471,0,51,1,1848,1,1893,1,3741,California
Del Norte,2021-03-08,28,5658,1,2109,25,3496,2,53,5,1832,23,1916,7,3748,California
Del Norte,2021-03-09,193,5851,112,2221,78,3574,3,56,182,2006,11,1927,185,3933,California
Del Norte,2021-03-10,218,6069,97,2318,93,3667,28,84,132,2080,86,2013,160,4093,California
Del Norte,2021-03-11,146,6215,55,2373,91,3758,0,84,102,2139,43,2056,102,4195,California
Del Norte,2021-03-12,178,6393,91,2464,87,3845,0,84,126,2213,52,2108,126,4321,California
Del Norte,2021-03-13,95,6488,94,2558,1,3846,0,84,91,2300,4,2112,91,4412,California
Del Norte,2021-03-14,1,6489,0,2558,1,3847,0,84,1,2300,1,2113,1,4413,California
Del Norte,2021-03-15,39,6528,0,2558,38,3885,1,85,34,2330,5,2118,35,4448,California
Del Norte,2021-03-16,277,6805,135,2693,142,4027,0,85,256,2565,21,2139,256,4704,California
Del Norte,2021-03-17,285,7090,97,2790,186,4213,2,87,171,2624,114,2253,173,4877,California
Del Norte,2021-03-18,287,7377,109,2899,175,4388,3,90,151,2643,135,2388,154,5031,California
Del Norte,2021-03-19,264,7641,158,3057,100,4488,6,96,90,2565,174,2562,96,5127,California
Del Norte,2021-03-20,158,7799,156,3213,2,4490,0,96,16,2439,142,2704,16,5143,California
Del Norte,2021-03-21,4,7803,2,3215,2,4492,0,96,2,2439,2,2706,2,5145,California
Del Norte,2021-03-22,41,7844,2,3217,38,4530,1,97,38,2475,3,2709,39,5184,California
Del Norte,2021-03-23,329,8173,162,3379,149,4679,18,115,159,2484,168,2877,177,5361,California
Del Norte,2021-03-24,392,8565,107,3486,244,4923,41,156,238,2609,154,3031,279,5640,California
Del Norte,2021-03-25,194,8759,90,3576,104,5027,0,156,87,2590,106,3137,87,5727,California
Del Norte,2021-03-26,227,8986,108,3684,119,5146,0,156,194,2751,33,3170,194,5921,California
Del Norte,2021-03-27,108,9094,87,3771,4,5150,17,173,17,2694,91,3261,34,5955,California
Del Norte,2021-03-28,4,9098,2,3773,2,5152,0,173,1,2692,3,3264,1,5956,California
Del Norte,2021-03-29,57,9155,6,3779,34,5186,17,190,32,2716,25,3289,49,6005,California
Del Norte,2021-03-30,334,9489,118,3897,205,5391,11,201,128,2649,206,3495,139,6144,California
Del Norte,2021-03-31,346,9835,100,3997,229,5620,17,218,190,2702,154,3649,207,6351,California
Del Norte,2021-04-01,165,10000,60,4057,71,5691,34,252,70,2712,94,3743,104,6455,California
Del Norte,2021-04-02,232,10232,80,4137,104,5795,48,300,76,2681,156,3899,125,6580,California
Del Norte,2021-04-03,103,10335,82,4219,2,5797,19,319,4,2606,98,3997,23,6603,California
Del Norte,2021-04-04,4,10339,0,4219,0,5797,4,323,0,2606,4,4001,4,6607,California
Del Norte,2021-04-05,53,10392,5,4224,44,5841,4,327,46,2649,7,4008,50,6657,California
Del Norte,2021-04-06,376,10768,122,4346,220,6061,34,361,147,2608,223,4231,182,6839,California
Del Norte,2021-04-07,410,11178,107,4453,247,6308,56,417,275,2804,135,4366,331,7170,California
Del Norte,2021-04-08,232,11410,54,4507,111,6419,67,484,110,2859,122,4488,177,7347,California
Del Norte,2021-04-09,178,11588,33,4540,74,6493,71,555,87,2925,90,4578,156,7503,California
Del Norte,2021-04-10,45,11633,32,4572,5,6498,8,563,33,2954,12,4590,41,7544,California
Del Norte,2021-04-11,14,11647,4,4576,1,6499,9,572,2,2953,12,4602,11,7555,California
Del Norte,2021-04-12,28,11675,2,4578,11,6510,15,587,4,2949,23,4625,19,7574,California
Del Norte,2021-04-13,292,11967,43,4621,249,6759,0,587,152,2963,140,4765,154,7728,California
Del Norte,2021-04-14,267,12234,1,4622,266,7025,0,587,107,2913,160,4925,110,7838,California
El Dorado,2020-12-15,12,12,12,12,0,0,0,0,12,12,0,0,12,12,California
El Dorado,2020-12-16,40,52,40,52,0,0,0,0,40,52,0,0,40,52,California
El Dorado,2020-12-17,30,82,30,82,0,0,0,0,30,82,0,0,30,82,California
El Dorado,2020-12-18,236,318,236,318,0,0,0,0,236,318,0,0,236,318,California
El Dorado,2020-12-19,116,434,116,434,0,0,0,0,116,434,0,0,116,434,California
El Dorado,2020-12-20,85,519,85,519,0,0,0,0,85,519,0,0,85,519,California
El Dorado,2020-12-21,306,825,305,824,1,1,0,0,306,825,0,0,306,825,California
El Dorado,2020-12-22,239,1064,215,1039,24,25,0,0,239,1064,0,0,239,1064,California
El Dorado,2020-12-23,189,1253,139,1178,50,75,0,0,189,1253,0,0,189,1253,California
El Dorado,2020-12-24,86,1339,65,1243,21,96,0,0,86,1339,0,0,86,1339,California
El Dorado,2020-12-25,8,1347,8,1251,0,96,0,0,8,1347,0,0,8,1347,California
El Dorado,2020-12-26,43,1390,25,1276,18,114,0,0,43,1390,0,0,43,1390,California
El Dorado,2020-12-27,37,1427,33,1309,4,118,0,0,37,1427,0,0,37,1427,California
El Dorado,2020-12-28,217,1644,170,1479,47,165,0,0,217,1644,0,0,217,1644,California
El Dorado,2020-12-29,454,2098,140,1619,314,479,0,0,454,2098,0,0,454,2098,California
El Dorado,2020-12-30,504,2602,136,1755,368,847,0,0,504,2602,0,0,504,2602,California
El Dorado,2020-12-31,108,2710,68,1823,40,887,0,0,108,2710,0,0,108,2710,California
El Dorado,2021-01-01,6,2716,4,1827,2,889,0,0,6,2716,0,0,6,2716,California
El Dorado,2021-01-02,151,2867,140,1967,11,900,0,0,151,2867,0,0,151,2867,California
El Dorado,2021-01-03,90,2957,16,1983,74,974,0,0,90,2957,0,0,90,2957,California
El Dorado,2021-01-04,190,3147,63,2046,127,1101,0,0,190,3147,0,0,190,3147,California
El Dorado,2021-01-05,202,3349,48,2094,154,1255,0,0,186,3317,16,16,186,3333,California
El Dorado,2021-01-06,261,3610,188,2282,73,1328,0,0,198,3452,63,79,198,3531,California
El Dorado,2021-01-07,326,3936,134,2416,192,1520,0,0,256,3638,70,149,256,3787,California
El Dorado,2021-01-08,970,4906,500,2916,470,1990,0,0,767,4203,203,352,768,4555,California
El Dorado,2021-01-09,192,5098,156,3072,36,2026,0,0,124,4259,68,420,124,4679,California
El Dorado,2021-01-10,180,5278,129,3201,51,2077,0,0,111,4301,69,489,111,4790,California
El Dorado,2021-01-11,657,5935,292,3493,365,2442,0,0,459,4563,197,686,459,5249,California
El Dorado,2021-01-12,689,6624,418,3911,271,2713,0,0,441,4756,248,934,441,5690,California
El Dorado,2021-01-13,694,7318,295,4206,399,3112,0,0,535,5132,159,1093,535,6225,California
El Dorado,2021-01-14,678,7996,217,4423,461,3573,0,0,583,5620,95,1188,583,6808,California
El Dorado,2021-01-15,674,8670,184,4607,490,4063,0,0,602,6150,72,1260,602,7410,California
El Dorado,2021-01-16,171,8841,103,4710,68,4131,0,0,144,6267,27,1287,144,7554,California
El Dorado,2021-01-17,98,8939,46,4756,52,4183,0,0,81,6331,17,1304,81,7635,California
El Dorado,2021-01-18,418,9357,138,4894,280,4463,0,0,350,6613,68,1372,350,7985,California
El Dorado,2021-01-19,636,9993,351,5245,285,4748,0,0,487,6952,149,1521,488,8473,California
El Dorado,2021-01-20,1010,11003,685,5930,325,5073,0,0,898,7739,111,1632,898,9371,California
El Dorado,2021-01-21,1151,12154,569,6499,582,5655,0,0,945,8519,165,1797,945,10316,California
El Dorado,2021-01-22,1090,13244,703,7202,387,6042,0,0,1039,9508,50,1847,1039,11355,California
El Dorado,2021-01-23,737,13981,618,7820,119,6161,0,0,626,10023,111,1958,626,11981,California
El Dorado,2021-01-24,126,14107,76,7896,50,6211,0,0,107,10111,19,1977,107,12088,California
El Dorado,2021-01-25,610,14717,204,8100,406,6617,0,0,521,10543,89,2066,521,12609,California
El Dorado,2021-01-26,669,15386,361,8461,308,6925,0,0,566,11007,103,2169,567,13176,California
El Dorado,2021-01-27,926,16312,331,8792,595,7520,0,0,591,11263,336,2505,592,13768,California
El Dorado,2021-01-28,1096,17408,448,9240,648,8168,0,0,739,11645,357,2862,739,14507,California
El Dorado,2021-01-29,965,18373,487,9727,478,8646,0,0,736,12154,228,3090,737,15244,California
El Dorado,2021-01-30,612,18985,361,10088,251,8897,0,0,451,12444,161,3251,451,15695,California
El Dorado,2021-01-31,207,19192,186,10274,21,8918,0,0,178,12593,29,3280,178,15873,California
El Dorado,2021-02-01,786,19978,368,10642,418,9336,0,0,642,13092,143,3423,642,16515,California
El Dorado,2021-02-02,823,20801,364,11006,459,9795,0,0,665,13599,158,3581,665,17180,California
El Dorado,2021-02-03,896,21697,474,11480,422,10217,0,0,685,14073,211,3792,685,17865,California
El Dorado,2021-02-04,1263,22960,720,12200,543,10760,0,0,870,14550,393,4185,870,18735,California
El Dorado,2021-02-05,1475,24435,596,12796,879,11639,0,0,865,14840,575,4760,865,19600,California
El Dorado,2021-02-06,638,25073,334,13130,304,11943,0,0,530,15263,108,4868,531,20131,California
El Dorado,2021-02-07,256,25329,176,13306,80,12023,0,0,192,15391,64,4932,192,20323,California
El Dorado,2021-02-08,878,26207,416,13722,462,12485,0,0,605,15723,273,5205,605,20928,California
El Dorado,2021-02-09,903,27110,488,14210,415,12900,0,0,482,15784,421,5626,482,21410,California
El Dorado,2021-02-10,1237,28347,727,14937,510,13410,0,0,646,15840,590,6216,646,22056,California
El Dorado,2021-02-11,2124,30471,879,15816,1245,14655,0,0,953,15624,1170,7386,954,23010,California
El Dorado,2021-02-12,1559,32030,823,16639,736,15391,0,0,678,15422,881,8267,679,23689,California
El Dorado,2021-02-13,975,33005,669,17308,306,15697,0,0,429,15308,543,8810,429,24118,California
El Dorado,2021-02-14,480,33485,153,17461,327,16024,0,0,397,15622,83,8893,397,24515,California
El Dorado,2021-02-15,1181,34666,387,17848,794,16818,0,0,827,16098,354,9247,830,25345,California
El Dorado,2021-02-16,1171,35837,527,18375,644,17462,0,0,666,16261,504,9751,667,26012,California
El Dorado,2021-02-17,899,36736,371,18746,528,17990,0,0,421,16206,478,10229,423,26435,California
El Dorado,2021-02-18,2074,38810,1005,19751,1069,19059,0,0,1350,16833,723,10952,1350,27785,California
El Dorado,2021-02-19,1156,39966,599,20350,557,19616,0,0,645,16970,511,11463,648,28433,California
El Dorado,2021-02-20,913,40879,435,20785,478,20094,0,0,665,17393,242,11705,665,29098,California
El Dorado,2021-02-21,280,41159,224,21009,56,20150,0,0,100,17314,179,11884,100,29198,California
El Dorado,2021-02-22,862,42021,436,21445,426,20576,0,0,278,17010,583,12467,279,29477,California
El Dorado,2021-02-23,813,42834,470,21915,343,20919,0,0,330,16858,482,12949,330,29807,California
El Dorado,2021-02-24,993,43827,440,22355,553,21472,0,0,401,16668,592,13541,402,30209,California
El Dorado,2021-02-25,1596,45423,880,23235,716,22188,0,0,693,16465,897,14438,694,30903,California
El Dorado,2021-02-26,2325,47748,1483,24718,842,23030,0,0,1570,17282,753,15191,1570,32473,California
El Dorado,2021-02-27,1645,49393,436,25154,1209,24239,0,0,1205,18050,437,15628,1205,33678,California
El Dorado,2021-02-28,568,49961,204,25358,364,24603,0,0,417,18317,151,15779,418,34096,California
El Dorado,2021-03-01,1094,51055,449,25807,645,25248,0,0,601,18426,492,16271,601,34697,California
El Dorado,2021-03-02,877,51932,262,26069,615,25863,0,0,452,18455,423,16694,452,35149,California
El Dorado,2021-03-03,1620,53552,447,26516,1173,27036,0,0,1101,19046,512,17206,1103,36252,California
El Dorado,2021-03-04,2461,56013,1531,28047,930,27966,0,0,1193,18974,1265,18471,1193,37445,California
El Dorado,2021-03-05,1555,57568,421,28468,1129,29095,5,5,1028,19485,522,18993,1033,38478,California
El Dorado,2021-03-06,726,58294,208,28676,485,29580,33,38,383,19558,343,19336,416,38894,California
El Dorado,2021-03-07,396,58690,197,28873,181,29761,18,56,233,19648,161,19497,251,39145,California
El Dorado,2021-03-08,1316,60006,364,29237,881,30642,71,127,845,20096,468,19965,916,40061,California
El Dorado,2021-03-09,944,60950,225,29462,652,31294,67,194,557,20343,377,20342,624,40685,California
El Dorado,2021-03-10,917,61867,342,29804,520,31814,55,249,529,20543,384,20726,584,41269,California
El Dorado,2021-03-11,2977,64844,1826,31630,971,32785,180,429,1366,20489,1599,22325,1545,42814,California
El Dorado,2021-03-12,1735,66579,619,32249,873,33658,243,672,721,20453,1000,23325,964,43778,California
El Dorado,2021-03-13,1029,67608,341,32590,408,34066,280,952,357,20417,670,23995,634,44412,California
El Dorado,2021-03-14,777,68385,209,32799,455,34521,113,1065,261,20275,516,24511,374,44786,California
El Dorado,2021-03-15,1367,69752,297,33096,943,35464,127,1192,581,20201,782,25293,708,45494,California
El Dorado,2021-03-16,1179,70931,402,33498,633,36097,144,1336,541,20254,632,25925,685,46179,California
El Dorado,2021-03-17,1065,71996,352,33850,618,36715,95,1431,683,20648,382,26307,776,46955,California
El Dorado,2021-03-18,2918,74914,1743,35593,1131,37846,44,1475,1936,21652,976,27283,1980,48935,California
El Dorado,2021-03-19,1076,75990,356,35949,576,38422,144,1619,605,21931,471,27754,750,49685,California
El Dorado,2021-03-20,924,76914,261,36210,646,39068,17,1636,351,21737,562,28316,368,50053,California
El Dorado,2021-03-21,1021,77935,415,36625,601,39669,5,1641,935,22592,85,28401,940,50993,California
El Dorado,2021-03-22,1474,79409,486,37111,907,40576,81,1722,1178,23559,292,28693,1259,52252,California
El Dorado,2021-03-23,1085,80494,451,37562,543,41119,91,1813,699,23971,378,29071,790,53042,California
El Dorado,2021-03-24,1405,81899,625,38187,586,41705,194,2007,674,24119,720,29791,868,53910,California
El Dorado,2021-03-25,2452,84351,1661,39848,688,42393,103,2110,1369,24514,1077,30868,1472,55382,California
El Dorado,2021-03-26,1755,86106,680,40528,966,43359,109,2219,936,24754,805,31673,1045,56427,California
El Dorado,2021-03-27,1287,87393,185,40713,1098,44457,4,2223,315,24107,966,32639,319,56746,California
El Dorado,2021-03-28,612,88005,183,40896,419,44876,10,2233,196,23900,413,33052,206,56952,California
El Dorado,2021-03-29,1304,89309,433,41329,857,45733,14,2247,835,24283,466,33518,849,57801,California
El Dorado,2021-03-30,1324,90633,411,41740,823,46556,90,2337,688,24429,631,34149,777,58578,California
El Dorado,2021-03-31,1524,92157,576,42316,885,47441,63,2400,712,24394,809,34958,774,59352,California
El Dorado,2021-04-01,3189,95346,1746,44062,1360,48801,83,2483,1533,24358,1654,36612,1618,60970,California
El Dorado,2021-04-02,1848,97194,556,44618,1199,50000,93,2576,743,24094,1100,37712,836,61806,California
El Dorado,2021-04-03,731,97925,281,44899,331,50331,119,2695,217,23916,514,38226,336,62142,California
El Dorado,2021-04-04,264,98189,83,44982,134,50465,47,2742,94,23888,169,38395,141,62283,California
El Dorado,2021-04-05,1405,99594,427,45409,891,51356,87,2829,593,23759,809,39204,680,62963,California
El Dorado,2021-04-06,1387,100981,511,45920,661,52017,215,3044,445,23478,940,40144,659,63622,California
El Dorado,2021-04-07,1512,102493,543,46463,548,52565,421,3465,529,23445,981,41125,948,64570,California
El Dorado,2021-04-08,2573,105066,1652,48115,685,53250,236,3701,1036,23186,1531,42656,1272,65842,California
El Dorado,2021-04-09,1155,106221,376,48491,592,53842,187,3888,454,23126,700,43356,640,66482,California
El Dorado,2021-04-10,669,106890,184,48675,381,54223,104,3992,370,23303,297,43653,474,66956,California
El Dorado,2021-04-11,677,107567,442,49117,219,54442,16,4008,190,23022,487,44140,206,67162,California
El Dorado,2021-04-12,1170,108737,457,49574,594,55036,119,4127,515,23006,650,44790,634,67796,California
El Dorado,2021-04-13,1050,109787,550,50124,500,55536,0,4127,470,22902,574,45364,470,68266,California
El Dorado,2021-04-14,589,110376,285,50409,303,55839,1,4128,177,22670,410,45774,178,68444,California
Fresno,2020-12-15,2,2,2,2,0,0,0,0,2,2,0,0,2,2,California
Fresno,2020-12-16,121,123,121,123,0,0,0,0,121,123,0,0,121,123,California
Fresno,2020-12-17,120,243,120,243,0,0,0,0,120,243,0,0,120,243,California
Fresno,2020-12-18,345,588,345,588,0,0,0,0,345,588,0,0,345,588,California
Fresno,2020-12-19,157,745,157,745,0,0,0,0,157,745,0,0,157,745,California
Fresno,2020-12-20,256,1001,254,999,2,2,0,0,256,1001,0,0,256,1001,California
Fresno,2020-12-21,924,1925,923,1922,1,3,0,0,956,1957,0,0,956,1957,California
Fresno,2020-12-22,901,2826,872,2794,29,32,0,0,905,2862,0,0,905,2862,California
Fresno,2020-12-23,1084,3910,1049,3843,35,67,0,0,1085,3947,0,0,1085,3947,California
Fresno,2020-12-24,581,4491,562,4405,19,86,0,0,581,4528,0,0,581,4528,California
Fresno,2020-12-25,2,4493,1,4406,1,87,0,0,2,4530,0,0,2,4530,California
Fresno,2020-12-26,720,5213,712,5118,8,95,0,0,720,5250,0,0,720,5250,California
Fresno,2020-12-27,298,5511,204,5322,94,189,0,0,298,5548,0,0,298,5548,California
Fresno,2020-12-28,1061,6572,774,6096,287,476,0,0,1061,6609,0,0,1061,6609,California
Fresno,2020-12-29,1770,8342,1040,7136,730,1206,0,0,1768,8376,1,1,1768,8377,California
Fresno,2020-12-30,978,9320,477,7613,501,1707,0,0,978,9354,0,1,978,9355,California
Fresno,2020-12-31,893,10213,310,7923,583,2290,0,0,892,10246,0,1,892,10247,California
Fresno,2021-01-01,9,10222,3,7926,6,2296,0,0,9,10255,0,1,9,10256,California
Fresno,2021-01-02,1030,11252,717,8643,313,2609,0,0,1030,11285,0,1,1030,11286,California
Fresno,2021-01-03,154,11406,129,8772,25,2634,0,0,154,11439,0,1,154,11440,California
Fresno,2021-01-04,606,12012,373,9145,233,2867,0,0,606,12045,0,1,606,12046,California
Fresno,2021-01-05,776,12788,311,9456,465,3332,0,0,702,12673,74,75,702,12748,California
Fresno,2021-01-06,970,13758,345,9801,625,3957,0,0,798,13299,172,247,798,13546,California
Fresno,2021-01-07,1882,15640,914,10715,968,4925,0,0,1629,14678,253,500,1632,15178,California
Fresno,2021-01-08,1779,17419,616,11331,1163,6088,0,0,1413,15727,364,864,1413,16591,California
Fresno,2021-01-09,629,18048,387,11718,242,6330,0,0,355,15808,274,1138,355,16946,California
Fresno,2021-01-10,515,18563,485,12203,30,6360,0,0,202,15697,313,1451,202,17148,California
Fresno,2021-01-11,2145,20708,1741,13944,404,6764,0,0,1452,16459,693,2144,1455,18603,California
Fresno,2021-01-12,2509,23217,1816,15760,693,7457,0,0,1662,17274,849,2993,1664,20267,California
Fresno,2021-01-13,3526,26743,2414,18174,1112,8569,0,0,2670,19090,856,3849,2672,22939,California
Fresno,2021-01-14,4139,30882,2199,20373,1940,10509,0,0,3668,22288,470,4319,3668,26607,California
Fresno,2021-01-15,3626,34508,2519,22892,1107,11616,0,0,3270,25205,356,4675,3273,29880,California
Fresno,2021-01-16,3136,37644,2294,25186,842,12458,0,0,2673,27417,462,5137,2674,32554,California
Fresno,2021-01-17,975,38619,553,25739,422,12880,0,0,777,27996,198,5335,777,33331,California
Fresno,2021-01-18,3074,41693,2366,28105,708,13588,0,0,2411,29748,661,5996,2413,35744,California
Fresno,2021-01-19,4317,46010,2547,30652,1770,15358,0,0,3669,32772,648,6644,3672,39416,California
Fresno,2021-01-20,2991,49001,1183,31835,1808,17166,0,0,2693,35169,299,6943,2696,42112,California
Fresno,2021-01-21,4348,53349,2002,33837,2346,19512,0,0,4001,38846,329,7272,4006,46118,California
Fresno,2021-01-22,3305,56654,1343,35180,1962,21474,0,0,2918,41395,370,7642,2919,49037,California
Fresno,2021-01-23,3030,59684,1958,37138,1072,22546,0,0,2307,42988,722,8364,2315,51352,California
Fresno,2021-01-24,548,60232,372,37510,176,22722,0,0,345,43133,203,8567,348,51700,California
Fresno,2021-01-25,2334,62566,861,38371,1473,24195,0,0,1848,44499,486,9053,1852,53552,California
Fresno,2021-01-26,2011,64577,582,38953,1429,25624,0,0,1310,45111,699,9752,1311,54863,California
Fresno,2021-01-27,2247,66824,1162,40115,1085,26709,0,0,1728,46324,518,10270,1731,56594,California
Fresno,2021-01-28,4453,71277,3028,43143,1425,28134,0,0,3449,48776,1000,11270,3452,60046,California
Fresno,2021-01-29,1698,72975,985,44128,713,28847,0,0,1400,49882,295,11565,1401,61447,California
Fresno,2021-01-30,1441,74416,550,44678,891,29738,0,0,1027,50495,414,11979,1027,62474,California
Fresno,2021-01-31,226,74642,217,44895,9,29747,0,0,72,50413,154,12133,72,62546,California
Fresno,2021-02-01,3320,77962,1659,46554,1661,31408,0,0,1809,50730,1510,13643,1827,64373,California
Fresno,2021-02-02,2721,80683,553,47107,2168,33576,0,0,1596,51228,1111,14754,1609,65982,California
Fresno,2021-02-03,3499,84182,2063,49170,1436,35012,0,0,1516,50776,1969,16723,1517,67499,California
Fresno,2021-02-04,4198,88380,1901,51071,2297,37309,0,0,1930,50473,2238,18961,1935,69434,California
Fresno,2021-02-05,5201,93581,2599,53670,2602,39911,0,0,2185,49650,3010,21971,2187,71621,California
Fresno,2021-02-06,2931,96512,2044,55714,887,40798,0,0,972,48669,1955,23926,974,72595,California
Fresno,2021-02-07,466,96978,286,56000,180,40978,0,0,272,48748,193,24119,272,72867,California
Fresno,2021-02-08,4274,101252,2295,58295,1979,42957,0,0,1811,48129,2439,26558,1820,74687,California
Fresno,2021-02-09,5327,106579,2084,60379,3243,46200,0,0,3118,49121,2134,28692,3126,77813,California
Fresno,2021-02-10,3862,110441,1234,61613,2628,48828,0,0,1979,49282,1828,30520,1989,79802,California
Fresno,2021-02-11,6446,116887,2091,63704,4355,53183,0,0,3389,49632,3043,33563,3393,83195,California
Fresno,2021-02-12,5370,122257,1380,65084,3990,57173,0,0,2749,49783,2604,36167,2755,85950,California
Fresno,2021-02-13,3724,125981,1543,66627,2181,59354,0,0,2076,50228,1636,37803,2081,88031,California
Fresno,2021-02-14,1561,127542,281,66908,1280,60634,0,0,850,50369,710,38513,851,88882,California
Fresno,2021-02-15,2882,130424,270,67178,2612,63246,0,0,1778,51051,1100,39613,1782,90664,California
Fresno,2021-02-16,6676,137100,2402,69580,4274,67520,0,0,4248,52894,2411,42024,4254,94918,California
Fresno,2021-02-17,5322,142422,2449,72029,2873,70393,0,0,2977,53574,2301,44325,2981,97899,California
Fresno,2021-02-18,6851,149273,2902,74931,3949,74342,0,0,2574,51932,4227,48552,2585,100484,California
Fresno,2021-02-19,3828,153101,1096,76027,2732,77074,0,0,1829,51775,1989,50541,1832,102316,California
Fresno,2021-02-20,4534,157635,2498,78525,2036,79110,0,0,3058,53368,1470,52011,3063,105379,California
Fresno,2021-02-21,186,157821,170,78695,16,79126,0,0,127,53449,46,52057,127,105506,California
Fresno,2021-02-22,2224,160045,999,79694,1225,80351,0,0,1225,53689,992,53049,1232,106738,California
Fresno,2021-02-23,3866,163911,1462,81156,2404,82755,0,0,3011,55854,848,53897,3013,109751,California
Fresno,2021-02-24,4163,168074,1490,82646,2673,85428,0,0,3423,58551,730,54627,3427,113178,California
Fresno,2021-02-25,7451,175525,2499,85145,4952,90380,0,0,6005,63180,1381,56008,6010,119188,California
Fresno,2021-02-26,8275,183800,3011,88156,5264,95644,0,0,7003,68937,1251,57259,7008,126196,California
Fresno,2021-02-27,6272,190072,2188,90344,4084,99728,0,0,5590,73860,673,57932,5596,131792,California
Fresno,2021-02-28,1627,191699,528,90872,1099,100827,0,0,1545,75334,71,58003,1545,133337,California
Fresno,2021-03-01,4882,196581,1283,92155,3599,104426,0,0,3587,77644,1285,59288,3595,136932,California
Fresno,2021-03-02,8397,204978,2293,94448,6104,110530,0,0,7040,83373,1334,60622,7063,143995,California
Fresno,2021-03-03,6559,211537,1566,96014,4992,115522,1,1,5543,88027,1004,61626,5658,149653,California
Fresno,2021-03-04,8394,219931,2506,98520,5888,121410,0,1,6893,93452,1476,63102,6901,156554,California
Fresno,2021-03-05,7874,227805,2690,101210,5182,126592,2,3,6864,99515,878,63980,6941,163495,California
Fresno,2021-03-06,6443,234248,3532,104742,2793,129385,118,121,5507,104212,932,64912,5629,169124,California
Fresno,2021-03-07,1465,235713,671,105413,761,130146,33,154,1242,105265,222,65134,1275,170399,California
Fresno,2021-03-08,4886,240599,1857,107270,2876,133022,153,307,3716,107981,1163,66297,3879,174278,California
Fresno,2021-03-09,6796,247395,2323,109593,4206,137228,267,574,3878,109263,2898,69195,4180,178458,California
Fresno,2021-03-10,6604,253999,2739,112332,3479,140707,386,960,5219,113503,1374,70569,5614,184072,California
Fresno,2021-03-11,11194,265193,4501,116833,6131,146838,562,1522,6189,115357,4972,75541,6826,190898,California
Fresno,2021-03-12,11365,276558,4883,121716,6041,152879,441,1963,8433,121454,2916,78457,9013,199911,California
Fresno,2021-03-13,8040,284598,3882,125598,3146,156025,1012,2975,3869,122255,4151,82608,4952,204863,California
Fresno,2021-03-14,1729,286327,461,126059,988,157013,280,3255,648,122108,1074,83682,927,205790,California
Fresno,2021-03-15,6822,293149,2917,128976,3735,160748,170,3425,4669,124990,2141,85823,5023,210813,California
Fresno,2021-03-16,9998,303147,4389,133365,5219,165967,390,3815,6127,127759,3846,89669,6615,217428,California
Fresno,2021-03-17,8407,311554,3862,137227,3852,169819,693,4508,5641,131726,2748,92417,6715,224143,California
Fresno,2021-03-18,12116,323670,6546,143773,4940,174759,630,5138,7935,136569,4143,96560,8986,233129,California
Fresno,2021-03-19,10829,334499,5601,149374,4614,179373,614,5752,7388,141448,3416,99976,8295,241424,California
Fresno,2021-03-20,7320,341819,4387,153761,2622,181995,311,6063,4494,143713,2810,102786,5075,246499,California
Fresno,2021-03-21,1768,343587,1198,154959,198,182193,372,6435,960,144242,804,103590,1333,247832,California
Fresno,2021-03-22,5598,349185,2884,157843,2120,184313,594,7029,3808,147070,1772,105362,4600,252432,California
Fresno,2021-03-23,10569,359754,5228,163071,4850,189163,491,7520,6130,149698,4420,109782,7048,259480,California
Fresno,2021-03-24,8586,368340,3630,166701,4126,193289,830,8350,4748,151522,3807,113589,5631,265111,California
Fresno,2021-03-25,11984,380324,5555,172256,5647,198936,782,9132,6154,152743,5798,119387,7019,272130,California
Fresno,2021-03-26,11834,392158,5298,177554,5895,204831,641,9773,5264,152145,6525,125912,5927,278057,California
Fresno,2021-03-27,9350,401508,4122,181676,4143,208974,1085,10858,2933,149785,6385,132297,4025,282082,California
Fresno,2021-03-28,3248,404756,1186,182862,1391,210365,671,11529,1249,149973,1991,134288,2179,284261,California
Fresno,2021-03-29,5997,410753,1980,184842,3475,213840,542,12071,2917,150386,3059,137347,3472,287733,California
Fresno,2021-03-30,10678,421431,4180,189022,5626,219466,872,12943,4456,149516,6200,143547,5330,293063,California
Fresno,2021-03-31,9156,430587,3307,192329,4874,224340,975,13918,3876,149128,5242,148789,4854,297917,California
Fresno,2021-04-01,11185,441772,4038,196367,6297,230637,850,14768,3892,146607,7220,156009,4699,302616,California
Fresno,2021-04-02,11170,452942,4381,200748,6023,236660,766,15534,4172,144704,6849,162858,4946,307562,California
Fresno,2021-04-03,6130,459072,3376,204124,2508,239168,246,15780,2217,143307,3897,166755,2500,310062,California
Fresno,2021-04-04,1482,460554,529,204653,911,240079,42,15822,563,142999,913,167668,605,310667,California
Fresno,2021-04-05,8056,468610,4356,209009,2924,243003,776,16598,2487,140774,5559,173227,3334,314001,California
Fresno,2021-04-06,9302,477912,3887,212896,4263,247266,1152,17750,3520,139707,5753,178980,4686,318687,California
Fresno,2021-04-07,9976,487888,5192,218088,3652,250918,1132,18882,3443,137811,6502,185482,4606,323293,California
Fresno,2021-04-08,10538,498426,5018,223106,4388,255306,1132,20014,3338,135166,7157,192639,4512,327805,California
Fresno,2021-04-09,9123,507549,4158,227264,3731,259037,1234,21248,2896,133134,6187,198826,4155,331960,California
Fresno,2021-04-10,6841,514390,4314,231578,2085,261122,442,21690,3229,133197,3607,202433,3670,335630,California
Fresno,2021-04-11,1338,515728,885,232463,364,261486,89,21779,436,132825,895,203328,523,336153,California
Fresno,2021-04-12,6064,521792,3264,235727,2201,263687,599,22378,1882,131144,4162,207490,2481,338634,California
Fresno,2021-04-13,6305,528097,2237,237964,4000,267687,68,22446,2198,129414,4089,211579,2359,340993,California
Fresno,2021-04-14,3617,531714,1397,239361,2220,269907,0,22446,1328,128528,2260,213839,1374,342367,California
Glenn,2020-12-17,1,1,1,1,0,0,0,0,1,1,0,0,1,1,California
Glenn,2020-12-19,1,2,1,2,0,0,0,0,1,2,0,0,1,2,California
Glenn,2020-12-20,1,3,1,3,0,0,0,0,1,3,0,0,1,3,California
Glenn,2020-12-21,11,14,11,14,0,0,0,0,11,14,0,0,11,14,California
Glenn,2020-12-22,59,73,59,73,0,0,0,0,59,73,0,0,59,73,California
Glenn,2020-12-23,26,99,26,99,0,0,0,0,26,99,0,0,26,99,California
Glenn,2020-12-24,9,108,9,108,0,0,0,0,9,108,0,0,9,108,California
Glenn,2020-12-26,2,110,2,110,0,0,0,0,2,110,0,0,2,110,California
Glenn,2020-12-27,4,114,4,114,0,0,0,0,4,114,0,0,4,114,California
Glenn,2020-12-28,21,135,21,135,0,0,0,0,21,135,0,0,21,135,California
Glenn,2020-12-29,82,217,82,217,0,0,0,0,82,217,0,0,82,217,California
Glenn,2020-12-30,128,345,106,323,22,22,0,0,128,345,0,0,128,345,California
Glenn,2020-12-31,38,383,9,332,29,51,0,0,38,383,0,0,38,383,California
Glenn,2021-01-02,2,385,2,334,0,51,0,0,2,385,0,0,2,385,California
Glenn,2021-01-04,7,392,5,339,2,53,0,0,7,392,0,0,7,392,California
Glenn,2021-01-05,9,401,8,347,1,54,0,0,9,401,0,0,9,401,California
Glenn,2021-01-06,61,462,9,356,52,106,0,0,61,462,0,0,61,462,California
Glenn,2021-01-07,66,528,12,368,54,160,0,0,64,524,2,2,64,526,California
Glenn,2021-01-08,11,539,9,377,2,162,0,0,11,535,0,2,11,537,California
Glenn,2021-01-10,1,540,1,378,0,162,0,0,0,534,1,3,0,537,California
Glenn,2021-01-11,30,570,30,408,0,162,0,0,12,528,18,21,12,549,California
Glenn,2021-01-12,42,612,37,445,5,167,0,0,14,514,28,49,14,563,California
Glenn,2021-01-13,152,764,87,532,65,232,0,0,109,580,43,92,109,672,California
Glenn,2021-01-14,184,948,96,628,88,320,0,0,174,744,10,102,174,846,California
Glenn,2021-01-15,42,990,34,662,8,328,0,0,37,776,5,107,37,883,California
Glenn,2021-01-16,34,1024,14,676,20,348,0,0,24,790,10,117,24,907,California
Glenn,2021-01-17,4,1028,2,678,2,350,0,0,2,790,2,119,2,909,California
Glenn,2021-01-18,17,1045,16,694,1,351,0,0,9,791,8,127,9,918,California
Glenn,2021-01-19,30,1075,20,714,10,361,0,0,13,787,17,144,13,931,California
Glenn,2021-01-20,163,1238,94,808,69,430,0,0,82,788,81,225,82,1013,California
Glenn,2021-01-21,124,1362,98,906,26,456,0,0,30,724,94,319,30,1043,California
Glenn,2021-01-22,338,1700,63,969,275,731,0,0,331,1048,7,326,331,1374,California
Glenn,2021-01-23,14,1714,7,976,7,738,0,0,12,1058,2,328,12,1386,California
Glenn,2021-01-24,2,1716,2,978,0,738,0,0,2,1060,0,328,2,1388,California
Glenn,2021-01-25,27,1743,9,987,18,756,0,0,24,1081,3,331,24,1412,California
Glenn,2021-01-26,29,1772,13,1000,16,772,0,0,23,1098,6,337,23,1435,California
Glenn,2021-01-27,188,1960,14,1014,174,946,0,0,166,1242,22,359,166,1601,California
Glenn,2021-01-28,146,2106,8,1022,138,1084,0,0,116,1328,30,389,116,1717,California
Glenn,2021-01-29,297,2403,12,1034,285,1369,0,0,283,1597,14,403,283,2000,California
Glenn,2021-01-30,5,2408,0,1034,5,1374,0,0,5,1602,0,403,5,2005,California
Glenn,2021-01-31,1,2409,0,1034,1,1375,0,0,1,1603,0,403,1,2006,California
Glenn,2021-02-01,28,2437,10,1044,18,1393,0,0,16,1607,12,415,16,2022,California
Glenn,2021-02-02,28,2465,13,1057,15,1408,0,0,19,1617,9,424,19,2041,California
Glenn,2021-02-03,207,2672,58,1115,149,1557,0,0,112,1634,95,519,112,2153,California
Glenn,2021-02-04,149,2821,84,1199,65,1622,0,0,45,1575,104,623,45,2198,California
Glenn,2021-02-05,320,3141,24,1223,296,1918,0,0,301,1857,19,642,301,2499,California
Glenn,2021-02-06,14,3155,2,1225,12,1930,0,0,13,1869,1,643,13,2512,California
Glenn,2021-02-07,2,3157,2,1227,0,1930,0,0,2,1871,0,643,2,2514,California
Glenn,2021-02-08,21,3178,17,1244,4,1934,0,0,4,1858,17,660,4,2518,California
Glenn,2021-02-09,49,3227,20,1264,29,1963,0,0,36,1881,13,673,36,2554,California
Glenn,2021-02-10,138,3365,19,1283,119,2082,0,0,64,1871,74,747,64,2618,California
Glenn,2021-02-11,231,3596,132,1415,99,2181,0,0,149,1938,82,829,149,2767,California
Glenn,2021-02-12,420,4016,99,1514,321,2502,0,0,356,2230,64,893,356,3123,California
Glenn,2021-02-13,34,4050,7,1521,27,2529,0,0,16,2228,18,911,16,3139,California
Glenn,2021-02-14,1,4051,0,1521,1,2530,0,0,1,2229,0,911,1,3140,California
Glenn,2021-02-15,8,4059,0,1521,8,2538,0,0,8,2237,0,911,8,3148,California
Glenn,2021-02-16,39,4098,9,1530,30,2568,0,0,21,2240,18,929,21,3169,California
Glenn,2021-02-17,380,4478,15,1545,365,2933,0,0,302,2464,78,1007,302,3471,California
Glenn,2021-02-18,134,4612,99,1644,35,2968,0,0,110,2550,24,1031,110,3581,California
Glenn,2021-02-19,305,4917,17,1661,288,3256,0,0,30,2305,275,1306,30,3611,California
Glenn,2021-02-20,8,4925,0,1661,8,3264,0,0,0,2297,8,1314,0,3611,California
Glenn,2021-02-22,33,4958,14,1675,19,3283,0,0,17,2298,16,1330,17,3628,California
Glenn,2021-02-23,40,4998,10,1685,30,3313,0,0,28,2314,12,1342,28,3656,California
Glenn,2021-02-24,222,5220,16,1701,206,3519,0,0,48,2188,174,1516,48,3704,California
Glenn,2021-02-25,262,5482,148,1849,114,3633,0,0,118,2162,144,1660,118,3822,California
Glenn,2021-02-26,305,5787,24,1873,281,3914,0,0,20,1898,284,1944,20,3842,California
Glenn,2021-02-27,15,5802,5,1878,10,3924,0,0,5,1894,9,1953,5,3847,California
Glenn,2021-02-28,6,5808,3,1881,3,3927,0,0,3,1895,2,1955,3,3850,California
Glenn,2021-03-01,28,5836,6,1887,22,3949,0,0,12,1891,16,1971,12,3862,California
Glenn,2021-03-02,35,5871,7,1894,28,3977,0,0,17,1890,18,1989,17,3879,California
Glenn,2021-03-03,190,6061,34,1928,156,4133,0,0,98,1897,91,2080,98,3977,California
Glenn,2021-03-04,520,6581,175,2103,345,4478,0,0,376,2129,144,2224,376,4353,California
Glenn,2021-03-05,356,6937,47,2150,309,4787,0,0,34,1841,322,2546,34,4387,California
Glenn,2021-03-06,26,6963,3,2153,22,4809,1,1,9,1834,17,2563,10,4397,California
Glenn,2021-03-07,5,6968,0,2153,5,4814,0,1,3,1836,1,2564,3,4400,California
Glenn,2021-03-08,20,6988,2,2155,17,4831,1,2,18,1853,2,2566,19,4419,California
Glenn,2021-03-09,74,7062,11,2166,60,4891,3,5,50,1881,24,2590,52,4471,California
Glenn,2021-03-10,171,7233,68,2234,101,4992,2,7,95,1902,76,2666,97,4568,California
Glenn,2021-03-11,584,7817,169,2403,391,5383,24,31,454,2250,130,2796,478,5046,California
Glenn,2021-03-12,415,8232,14,2417,340,5723,61,92,39,1974,376,3172,100,5146,California
Glenn,2021-03-13,11,8243,2,2419,1,5724,8,100,1,1973,10,3182,9,5155,California
Glenn,2021-03-14,3,8246,1,2420,2,5726,0,100,2,1974,1,3183,2,5157,California
Glenn,2021-03-15,75,8321,15,2435,55,5781,5,105,60,2024,15,3198,65,5222,California
Glenn,2021-03-16,104,8425,32,2467,61,5842,11,116,63,2057,41,3239,74,5296,California
Glenn,2021-03-17,414,8839,97,2564,310,6152,7,123,111,1871,303,3542,117,5413,California
Glenn,2021-03-18,519,9358,215,2779,49,6201,255,378,144,1895,375,3917,399,5812,California
Glenn,2021-03-19,91,9449,16,2795,69,6270,6,384,70,1951,20,3937,76,5888,California
Glenn,2021-03-20,120,9569,1,2796,118,6388,1,385,118,2068,2,3939,119,6007,California
Glenn,2021-03-21,6,9575,5,2801,0,6388,1,386,3,2070,2,3941,4,6011,California
Glenn,2021-03-22,116,9691,53,2854,55,6443,8,394,96,2156,18,3959,104,6115,California
Glenn,2021-03-23,168,9859,67,2921,50,6493,51,445,95,2230,72,4031,146,6261,California
Glenn,2021-03-24,204,10063,99,3020,100,6593,5,450,133,2298,70,4101,138,6399,California
Glenn,2021-03-25,455,10518,230,3250,131,6724,94,544,326,2590,128,4229,420,6819,California
Glenn,2021-03-26,225,10743,34,3284,155,6879,36,580,175,2751,50,4279,211,7030,California
Glenn,2021-03-27,152,10895,21,3305,126,7005,5,585,142,2888,10,4289,147,7177,California
Glenn,2021-03-28,15,10910,10,3315,5,7010,0,585,10,2893,5,4294,10,7187,California
Glenn,2021-03-29,58,10968,19,3334,36,7046,3,588,44,2926,14,4308,47,7234,California
Glenn,2021-03-30,73,11041,41,3375,31,7077,1,589,43,2941,29,4337,44,7278,California
Glenn,2021-03-31,125,11166,36,3411,88,7165,1,590,55,2927,70,4407,56,7334,California
Glenn,2021-04-01,641,11807,186,3597,446,7611,9,599,231,2758,409,4816,240,7574,California
Glenn,2021-04-02,158,11965,25,3622,121,7732,12,611,122,2856,36,4852,134,7708,California
Glenn,2021-04-03,90,12055,4,3626,79,7811,7,618,79,2931,11,4863,86,7794,California
Glenn,2021-04-04,8,12063,3,3629,3,7814,2,620,4,2933,4,4867,6,7800,California
Glenn,2021-04-05,63,12126,23,3652,27,7841,13,633,26,2935,37,4904,39,7839,California
Glenn,2021-04-06,141,12267,49,3701,50,7891,42,675,36,2908,104,5008,77,7916,California
Glenn,2021-04-07,154,12421,45,3746,53,7944,56,731,72,2954,82,5090,128,8044,California
Glenn,2021-04-08,615,13036,191,3937,392,8336,32,763,140,2652,474,5564,172,8216,California
Glenn,2021-04-09,142,13178,51,3988,71,8407,20,783,89,2708,53,5617,109,8325,California
Glenn,2021-04-10,73,13251,3,3991,61,8468,9,792,63,2770,10,5627,72,8397,California
Glenn,2021-04-11,21,13272,10,4001,5,8473,6,798,9,2774,11,5638,15,8412,California
Glenn,2021-04-12,75,13347,22,4023,21,8494,32,830,18,2767,57,5695,50,8462,California
Glenn,2021-04-13,79,13426,65,4088,14,8508,0,830,26,2740,53,5748,26,8488,California
Glenn,2021-04-14,13,13439,4,4092,9,8517,0,830,3,2733,10,5758,3,8491,California
Humboldt,2020-12-15,2,2,2,2,0,0,0,0,2,2,0,0,2,2,California
Humboldt,2020-12-16,15,17,15,17,0,0,0,0,15,17,0,0,15,17,California
Humboldt,2020-12-17,116,133,116,133,0,0,0,0,116,133,0,0,116,133,California
Humboldt,2020-12-18,176,309,176,309,0,0,0,0,176,309,0,0,176,309,California
Humboldt,2020-12-19,10,319,10,319,0,0,0,0,10,319,0,0,10,319,California
Humboldt,2020-12-20,28,347,28,347,0,0,0,0,28,347,0,0,28,347,California
Humboldt,2020-12-21,165,512,165,512,0,0,0,0,165,512,0,0,165,512,California
Humboldt,2020-12-22,291,803,291,803,0,0,0,0,291,803,0,0,291,803,California
Humboldt,2020-12-23,309,1112,261,1064,48,48,0,0,310,1113,0,0,310,1113,California
Humboldt,2020-12-24,25,1137,2,1066,23,71,0,0,25,1138,0,0,25,1138,California
Humboldt,2020-12-25,2,1139,2,1068,0,71,0,0,2,1140,0,0,2,1140,California
Humboldt,2020-12-26,6,1145,5,1073,1,72,0,0,6,1146,0,0,6,1146,California
Humboldt,2020-12-28,153,1298,144,1217,9,81,0,0,153,1299,0,0,153,1299,California
Humboldt,2020-12-29,165,1463,122,1339,43,124,0,0,165,1464,0,0,165,1464,California
Humboldt,2020-12-30,223,1686,124,1463,99,223,0,0,223,1687,0,0,223,1687,California
Humboldt,2020-12-31,241,1927,79,1542,162,385,0,0,241,1928,0,0,241,1928,California
Humboldt,2021-01-01,2,1929,1,1543,1,386,0,0,2,1930,0,0,2,1930,California
Humboldt,2021-01-02,39,1968,1,1544,38,424,0,0,39,1969,0,0,39,1969,California
Humboldt,2021-01-04,213,2181,140,1684,73,497,0,0,214,2183,0,0,214,2183,California
Humboldt,2021-01-05,126,2307,18,1702,108,605,0,0,125,2307,1,1,125,2308,California
Humboldt,2021-01-06,301,2608,203,1905,98,703,0,0,229,2475,61,62,229,2537,California
Humboldt,2021-01-07,419,3027,306,2211,113,816,0,0,307,2685,97,159,307,2844,California
Humboldt,2021-01-08,417,3444,279,2490,138,954,0,0,282,2836,131,290,282,3126,California
Humboldt,2021-01-09,69,3513,45,2535,24,978,0,0,66,2900,3,293,67,3193,California
Humboldt,2021-01-10,84,3597,84,2619,0,978,0,0,4,2824,80,373,4,3197,California
Humboldt,2021-01-11,288,3885,277,2896,11,989,0,0,74,2688,210,583,74,3271,California
Humboldt,2021-01-12,479,4364,316,3212,163,1152,0,0,297,2825,160,743,297,3568,California
Humboldt,2021-01-13,476,4840,273,3485,203,1355,0,0,300,2953,173,916,301,3869,California
Humboldt,2021-01-14,518,5358,161,3646,357,1712,0,0,462,3360,56,972,463,4332,California
Humboldt,2021-01-15,374,5732,40,3686,334,2046,0,0,356,3699,17,989,356,4688,California
Humboldt,2021-01-16,169,5901,6,3692,163,2209,0,0,168,3866,1,990,168,4856,California
Humboldt,2021-01-17,6,5907,4,3696,2,2211,0,0,6,3872,0,990,6,4862,California
Humboldt,2021-01-18,291,6198,256,3952,35,2246,0,0,142,3865,149,1139,142,5004,California
Humboldt,2021-01-19,616,6814,371,4323,245,2491,0,0,490,4235,120,1259,490,5494,California
Humboldt,2021-01-20,909,7723,399,4722,510,3001,0,0,762,4861,138,1397,764,6258,California
Humboldt,2021-01-21,954,8677,260,4982,694,3695,0,0,913,5733,41,1438,913,7171,California
Humboldt,2021-01-22,674,9351,375,5357,299,3994,0,0,666,6391,8,1446,666,7837,California
Humboldt,2021-01-23,797,10148,269,5626,528,4522,0,0,788,7171,9,1455,789,8626,California
Humboldt,2021-01-24,224,10372,1,5627,223,4745,0,0,224,7395,0,1455,224,8850,California
Humboldt,2021-01-25,302,10674,232,5859,70,4815,0,0,148,7389,154,1609,148,8998,California
Humboldt,2021-01-26,523,11197,141,6000,382,5197,0,0,476,7818,47,1656,476,9474,California
Humboldt,2021-01-27,1254,12451,585,6585,669,5866,0,0,1190,8951,57,1713,1190,10664,California
Humboldt,2021-01-28,1444,13895,626,7211,818,6684,0,0,1308,10128,133,1846,1310,11974,California
Humboldt,2021-01-29,1126,15021,542,7753,584,7268,0,0,709,10421,417,2263,710,12684,California
Humboldt,2021-01-30,971,15992,458,8211,513,7781,0,0,960,11371,11,2274,961,13645,California
Humboldt,2021-01-31,308,16300,307,8518,1,7782,0,0,307,11677,1,2275,307,13952,California
Humboldt,2021-02-01,331,16631,191,8709,140,7922,0,0,189,11725,141,2416,189,14141,California
Humboldt,2021-02-02,440,17071,73,8782,367,8289,0,0,338,11965,100,2516,340,14481,California
Humboldt,2021-02-03,648,17719,259,9041,389,8678,0,0,499,12315,149,2665,499,14980,California
Humboldt,2021-02-04,638,18357,261,9302,377,9055,0,0,442,12564,193,2858,442,15422,California
Humboldt,2021-02-05,807,19164,95,9397,712,9767,0,0,624,13005,183,3041,624,16046,California
Humboldt,2021-02-06,1054,20218,443,9840,611,10378,0,0,1013,13979,40,3081,1014,17060,California
Humboldt,2021-02-07,377,20595,7,9847,370,10748,0,0,373,14349,4,3085,374,17434,California
Humboldt,2021-02-08,323,20918,141,9988,182,10930,0,0,183,14393,139,3224,183,17617,California
Humboldt,2021-02-09,492,21410,217,10205,275,11205,0,0,177,14255,315,3539,177,17794,California
Humboldt,2021-02-10,559,21969,367,10572,192,11397,0,0,231,14163,323,3862,231,18025,California
Humboldt,2021-02-11,1289,23258,391,10963,898,12295,0,0,510,13897,776,4638,510,18535,California
Humboldt,2021-02-12,1142,24400,732,11695,410,12705,0,0,704,14163,438,5076,704,19239,California
Humboldt,2021-02-13,1494,25894,550,12245,944,13649,0,0,909,14489,583,5659,909,20148,California
Humboldt,2021-02-14,113,26007,5,12250,108,13757,0,0,110,14597,2,5661,110,20258,California
Humboldt,2021-02-15,291,26298,77,12327,214,13971,0,0,194,14694,97,5758,194,20452,California
Humboldt,2021-02-16,532,26830,117,12444,415,14386,0,0,250,14663,282,6040,251,20703,California
Humboldt,2021-02-17,448,27278,279,12723,169,14555,0,0,136,14487,312,6352,136,20839,California
Humboldt,2021-02-18,966,28244,595,13318,371,14926,0,0,230,13982,735,7087,230,21069,California
Humboldt,2021-02-19,475,28719,434,13752,41,14967,0,0,89,13688,383,7470,89,21158,California
Humboldt,2021-02-20,1580,30299,975,14727,605,15572,0,0,474,13061,1103,8573,476,21634,California
Humboldt,2021-02-21,477,30776,469,15196,8,15580,0,0,186,12958,290,8863,187,21821,California
Humboldt,2021-02-22,125,30901,91,15287,34,15614,0,0,26,12887,97,8960,26,21847,California
Humboldt,2021-02-23,169,31070,69,15356,100,15714,0,0,39,12798,128,9088,39,21886,California
Humboldt,2021-02-24,1143,32213,685,16041,458,16172,0,0,567,12790,575,9663,567,22453,California
Humboldt,2021-02-25,828,33041,315,16356,513,16685,0,0,226,12416,600,10263,226,22679,California
Humboldt,2021-02-26,2140,35181,106,16462,2034,18719,0,0,454,11190,1681,11944,455,23134,California
Humboldt,2021-02-27,1687,36868,1072,17534,615,19334,0,0,867,11243,818,12762,871,24005,California
Humboldt,2021-02-28,122,36990,12,17546,110,19444,0,0,116,11353,6,12768,116,24121,California
Humboldt,2021-03-01,254,37244,46,17592,208,19652,0,0,178,11455,76,12844,178,24299,California
Humboldt,2021-03-02,284,37528,48,17640,235,19887,1,1,154,11480,130,12974,155,24454,California
Humboldt,2021-03-03,1626,39154,1096,18736,530,20417,0,1,1206,12273,414,13388,1207,25661,California
Humboldt,2021-03-04,878,40032,107,18843,771,21188,0,1,262,11921,616,14004,264,25925,California
Humboldt,2021-03-05,921,40953,179,19022,731,21919,11,12,372,11759,545,14549,383,26308,California
Humboldt,2021-03-06,1684,42637,835,19857,800,22719,49,61,707,11539,976,15525,756,27064,California
Humboldt,2021-03-07,363,43000,295,20152,50,22769,18,79,157,11508,206,15731,175,27239,California
Humboldt,2021-03-08,255,43255,7,20159,170,22939,78,157,161,11653,94,15825,239,27478,California
Humboldt,2021-03-09,454,43709,200,20359,110,23049,144,301,212,11769,240,16065,356,27834,California
Humboldt,2021-03-10,681,44390,464,20823,64,23113,153,454,412,12064,268,16333,563,28397,California
Humboldt,2021-03-11,1325,45715,459,21282,765,23878,101,555,510,11860,814,17147,610,29007,California
Humboldt,2021-03-12,1716,47431,1083,22365,419,24297,214,769,1040,12448,668,17815,1256,30263,California
Humboldt,2021-03-13,1560,48991,1021,23386,488,24785,51,820,679,12303,875,18690,730,30993,California
Humboldt,2021-03-14,139,49130,18,23404,111,24896,10,830,25,12224,114,18804,35,31028,California
Humboldt,2021-03-15,265,49395,50,23454,195,25091,20,850,49,12077,216,19020,69,31097,California
Humboldt,2021-03-16,631,50026,201,23655,170,25261,260,1110,257,12220,373,19393,516,31613,California
Humboldt,2021-03-17,726,50752,397,24052,221,25482,108,1218,333,12269,392,19785,441,32054,California
Humboldt,2021-03-18,1719,52471,1164,25216,513,25995,42,1260,1036,12669,678,20463,1078,33132,California
Humboldt,2021-03-19,1071,53542,58,25274,699,26694,314,1574,439,12794,628,21091,753,33885,California
Humboldt,2021-03-20,1373,54915,752,26026,608,27302,13,1587,428,12293,943,22034,442,34327,California
Humboldt,2021-03-21,243,55158,31,26057,184,27486,28,1615,197,12472,46,22080,225,34552,California
Humboldt,2021-03-22,110,55268,16,26073,45,27531,49,1664,55,12522,54,22134,104,34656,California
Humboldt,2021-03-23,405,55673,39,26112,322,27853,44,1708,315,12793,88,22222,359,35015,California
Humboldt,2021-03-24,1408,57081,385,26497,976,28829,47,1755,1034,13505,367,22589,1079,36094,California
Humboldt,2021-03-25,1770,58851,1170,27667,537,29366,63,1818,888,13576,880,23469,951,37045,California
Humboldt,2021-03-26,2023,60874,424,28091,1543,30909,56,1874,1582,14779,435,23904,1638,38683,California
Humboldt,2021-03-27,1903,62777,1419,29510,316,31225,168,2042,1043,15133,857,24761,1211,39894,California
Humboldt,2021-03-28,262,63039,79,29589,112,31337,71,2113,84,15110,178,24939,155,40049,California
Humboldt,2021-03-29,464,63503,123,29712,246,31583,95,2208,198,15137,265,25204,292,40341,California
Humboldt,2021-03-30,931,64434,300,30012,518,32101,113,2321,559,15441,368,25572,672,41013,California
Humboldt,2021-03-31,1841,66275,510,30522,1235,33336,96,2417,1405,16509,434,26006,1502,42515,California
Humboldt,2021-04-01,2076,68351,688,31210,1300,34636,88,2505,1476,17479,594,26600,1564,44079,California
Humboldt,2021-04-02,1680,70031,1097,32307,481,35117,102,2607,596,17099,1078,27678,698,44777,California
Humboldt,2021-04-03,1642,71673,1488,33795,138,35255,16,2623,666,16815,966,28644,682,45459,California
Humboldt,2021-04-04,468,72141,359,34154,100,35355,9,2632,397,17150,71,28715,406,45865,California
Humboldt,2021-04-05,691,72832,429,34583,219,35574,43,2675,380,17263,310,29025,423,46288,California
Humboldt,2021-04-06,788,73620,304,34887,357,35931,127,2802,557,17720,226,29251,683,46971,California
Humboldt,2021-04-07,1272,74892,923,35810,231,36162,118,2920,807,18182,463,29714,925,47896,California
Humboldt,2021-04-08,1476,76368,1002,36812,361,36523,113,3033,652,18125,822,30536,765,48661,California
Humboldt,2021-04-09,1015,77383,310,37122,573,37096,132,3165,783,18804,231,30767,910,49571,California
Humboldt,2021-04-10,901,78284,123,37245,620,37716,158,3323,719,19498,182,30949,876,50447,California
Humboldt,2021-04-11,584,78868,133,37378,27,37743,424,3747,115,19568,468,31417,538,50985,California
Humboldt,2021-04-12,335,79203,192,37570,69,37812,74,3821,243,19793,92,31509,317,51302,California
Humboldt,2021-04-13,535,79738,290,37860,242,38054,3,3824,501,20265,31,31540,503,51805,California
Humboldt,2021-04-14,293,80031,14,37874,279,38333,0,3824,224,20420,69,31609,224,52029,California
Imperial,2020-12-16,1,1,1,1,0,0,0,0,1,1,0,0,1,1,California
Imperial,2020-12-17,4,5,4,5,0,0,0,0,4,5,0,0,4,5,California
Imperial,2020-12-18,11,16,11,16,0,0,0,0,11,16,0,0,11,16,California
Imperial,2020-12-20,2,18,2,18,0,0,0,0,2,18,0,0,2,18,California
Imperial,2020-12-21,186,204,186,204,0,0,0,0,186,204,0,0,186,204,California
Imperial,2020-12-22,241,445,239,443,2,2,0,0,241,445,0,0,241,445,California
Imperial,2020-12-23,211,656,210,653,1,3,0,0,210,655,0,0,210,655,California
Imperial,2020-12-24,5,661,5,658,0,3,0,0,5,660,0,0,5,660,California
Imperial,2020-12-26,1,662,0,658,1,4,0,0,1,661,0,0,1,661,California
Imperial,2020-12-27,62,724,0,658,62,66,0,0,62,723,0,0,62,723,California
Imperial,2020-12-28,214,938,114,772,100,166,0,0,214,937,0,0,214,937,California
Imperial,2020-12-29,189,1127,36,808,153,319,0,0,189,1126,0,0,189,1126,California
Imperial,2020-12-30,366,1493,50,858,316,635,0,0,366,1492,0,0,366,1492,California
Imperial,2020-12-31,197,1690,26,884,171,806,0,0,197,1689,0,0,197,1689,California
Imperial,2021-01-01,46,1736,5,889,41,847,0,0,46,1735,0,0,46,1735,California
Imperial,2021-01-02,4,1740,0,889,4,851,0,0,4,1739,0,0,4,1739,California
Imperial,2021-01-03,90,1830,0,889,90,941,0,0,90,1829,0,0,90,1829,California
Imperial,2021-01-04,85,1915,5,894,80,1021,0,0,85,1914,0,0,85,1914,California
Imperial,2021-01-05,172,2087,13,907,159,1180,0,0,172,2086,0,0,172,2086,California
Imperial,2021-01-06,190,2277,25,932,165,1345,0,0,189,2274,1,1,189,2275,California
Imperial,2021-01-07,319,2596,9,941,310,1655,0,0,316,2587,3,4,316,2591,California
Imperial,2021-01-08,190,2786,50,991,140,1795,0,0,181,2759,9,13,181,2772,California
Imperial,2021-01-09,24,2810,21,1012,3,1798,0,0,24,2783,0,13,24,2796,California
Imperial,2021-01-10,1,2811,0,1012,1,1799,0,0,1,2784,0,13,1,2797,California
Imperial,2021-01-11,402,3213,244,1256,158,1957,0,0,174,2730,228,241,174,2971,California
Imperial,2021-01-12,404,3617,301,1557,103,2060,0,0,142,2611,261,502,142,3113,California
Imperial,2021-01-13,380,3997,132,1689,248,2308,0,0,281,2793,99,601,281,3394,California
Imperial,2021-01-14,259,4256,151,1840,108,2416,0,0,253,3041,5,606,253,3647,California
Imperial,2021-01-15,239,4495,182,2022,57,2473,0,0,232,3266,7,613,232,3879,California
Imperial,2021-01-16,76,4571,72,2094,4,2477,0,0,75,3340,1,614,75,3954,California
Imperial,2021-01-17,8,4579,2,2096,6,2483,0,0,8,3348,0,614,8,3962,California
Imperial,2021-01-18,1057,5636,402,2498,655,3138,0,0,958,4208,99,713,959,4921,California
Imperial,2021-01-19,164,5800,128,2626,36,3174,0,0,117,4278,47,760,117,5038,California
Imperial,2021-01-20,290,6090,194,2820,96,3270,0,0,252,4492,38,798,252,5290,California
Imperial,2021-01-21,414,6504,183,3003,231,3501,0,0,394,4866,20,818,394,5684,California
Imperial,2021-01-22,456,6960,189,3192,267,3768,0,0,447,5304,9,827,447,6131,California
Imperial,2021-01-23,1041,8001,290,3482,751,4519,0,0,1040,6343,1,828,1040,7171,California
Imperial,2021-01-24,10,8011,3,3485,7,4526,0,0,10,6353,0,828,10,7181,California
Imperial,2021-01-25,213,8224,5,3490,208,4734,0,0,34,6209,178,1006,34,7215,California
Imperial,2021-01-26,359,8583,184,3674,175,4909,0,0,216,6282,143,1149,216,7431,California
Imperial,2021-01-27,570,9153,162,3836,408,5317,0,0,237,6186,333,1482,237,7668,California
Imperial,2021-01-28,632,9785,159,3995,473,5790,0,0,525,6604,107,1589,525,8193,California
Imperial,2021-01-29,421,10206,295,4290,126,5916,0,0,371,6925,50,1639,371,8564,California
Imperial,2021-01-30,55,10261,30,4320,25,5941,0,0,38,6946,17,1656,38,8602,California
Imperial,2021-01-31,16,10277,6,4326,10,5951,0,0,15,6960,1,1657,15,8617,California
Imperial,2021-02-01,418,10695,53,4379,365,6316,0,0,208,6959,209,1866,208,8825,California
Imperial,2021-02-02,677,11372,54,4433,623,6939,0,0,496,7274,181,2047,496,9321,California
Imperial,2021-02-03,456,11828,47,4480,409,7348,0,0,263,7345,192,2239,263,9584,California
Imperial,2021-02-04,1715,13543,1196,5676,519,7867,0,0,1402,8435,312,2551,1402,10986,California
Imperial,2021-02-05,389,13932,241,5917,148,8015,0,0,153,8354,234,2785,153,11139,California
Imperial,2021-02-06,861,14793,838,6755,23,8038,0,0,824,9142,36,2821,824,11963,California
Imperial,2021-02-07,21,14814,9,6764,12,8050,0,0,20,9161,1,2822,20,11983,California
Imperial,2021-02-08,251,15065,42,6806,209,8259,0,0,183,9276,68,2890,183,12166,California
Imperial,2021-02-09,461,15526,145,6951,316,8575,0,0,304,9423,157,3047,304,12470,California
Imperial,2021-02-10,383,15909,54,7005,329,8904,0,0,94,9229,289,3336,95,12565,California
Imperial,2021-02-11,461,16370,258,7263,203,9107,0,0,89,8946,372,3708,89,12654,California
Imperial,2021-02-12,2115,18485,1405,8668,710,9817,0,0,1763,10358,351,4059,1763,14417,California
Imperial,2021-02-13,41,18526,18,8686,23,9840,0,0,34,10386,7,4066,35,14452,California
Imperial,2021-02-14,22,18548,11,8697,11,9851,0,0,20,10404,2,4068,20,14472,California
Imperial,2021-02-15,29,18577,10,8707,19,9870,0,0,22,10419,7,4075,22,14494,California
Imperial,2021-02-16,513,19090,266,8973,247,10117,0,0,293,10492,220,4295,293,14787,California
Imperial,2021-02-17,439,19529,285,9258,154,10271,0,0,84,10221,355,4650,84,14871,California
Imperial,2021-02-18,646,20175,308,9566,338,10609,0,0,141,9859,503,5153,141,15012,California
Imperial,2021-02-19,765,20940,381,9947,384,10993,0,0,192,9479,572,5725,192,15204,California
Imperial,2021-02-20,1040,21980,192,10139,848,11841,0,0,326,9094,713,6438,328,15532,California
Imperial,2021-02-21,589,22569,555,10694,34,11875,0,0,578,9662,10,6448,578,16110,California
Imperial,2021-02-22,809,23378,569,11263,240,12115,0,0,759,10371,50,6498,759,16869,California
Imperial,2021-02-23,935,24313,372,11635,563,12678,0,0,885,11206,50,6548,885,17754,California
Imperial,2021-02-24,700,25013,285,11920,415,13093,0,0,603,11713,96,6644,603,18357,California
Imperial,2021-02-25,814,25827,338,12258,476,13569,0,0,449,11803,364,7008,454,18811,California
Imperial,2021-02-26,1742,27569,1351,13609,391,13960,0,0,1569,13201,171,7179,1569,20380,California
Imperial,2021-02-27,858,28427,809,14418,49,14009,0,0,120,12584,738,7917,121,20501,California
Imperial,2021-02-28,29,28456,19,14437,10,14019,0,0,20,12595,9,7926,20,20521,California
Imperial,2021-03-01,488,28944,290,14727,198,14217,0,0,425,12960,61,7987,426,20947,California
Imperial,2021-03-02,670,29614,245,14972,425,14642,0,0,383,13058,287,8274,385,21332,California
Imperial,2021-03-03,911,30525,36,15008,874,15516,1,1,542,13246,366,8640,554,21886,California
Imperial,2021-03-04,744,31269,75,15083,669,16185,0,1,485,13503,257,8897,514,22400,California
Imperial,2021-03-05,2566,33835,1937,17020,629,16814,0,1,1243,13428,1320,10217,1245,23645,California
Imperial,2021-03-06,686,34521,236,17256,450,17264,0,1,645,14039,38,10255,649,24294,California
Imperial,2021-03-07,73,34594,41,17297,32,17296,0,1,53,14073,20,10275,54,24348,California
Imperial,2021-03-08,409,35003,328,17625,48,17344,33,34,359,14415,50,10325,392,24740,California
Imperial,2021-03-09,680,35683,310,17935,122,17466,248,282,395,14773,285,10610,643,25383,California
Imperial,2021-03-10,677,36360,310,18245,263,17729,104,386,312,14826,364,10974,417,25800,California
Imperial,2021-03-11,1783,38143,477,18722,1113,18842,193,579,1185,15616,598,11572,1388,27188,California
Imperial,2021-03-12,3696,41839,2538,21260,974,19816,184,763,2107,16324,1584,13156,2292,29480,California
Imperial,2021-03-13,1132,42971,89,21349,819,20635,224,987,849,17118,281,13437,1075,30555,California
Imperial,2021-03-14,172,43143,32,21381,128,20763,12,999,141,17241,31,13468,154,30709,California
Imperial,2021-03-15,672,43815,216,21597,197,20960,259,1258,377,17583,294,13762,636,31345,California
Imperial,2021-03-16,1065,44880,275,21872,337,21297,453,1711,528,18029,535,14297,981,32326,California
Imperial,2021-03-17,1547,46427,664,22536,747,22044,136,1847,970,18562,574,14871,1107,33433,California
Imperial,2021-03-18,1776,48203,1174,23710,542,22586,60,1907,1246,19343,528,15399,1309,34742,California
Imperial,2021-03-19,3337,51540,2443,26153,890,23476,4,1911,1501,19020,1829,17228,1506,36248,California
Imperial,2021-03-20,861,52401,551,26704,305,23781,5,1916,417,19008,440,17668,428,36676,California
Imperial,2021-03-21,215,52616,33,26737,178,23959,4,1920,157,19115,58,17726,165,36841,California
Imperial,2021-03-22,1022,53638,316,27053,699,24658,7,1927,603,19308,418,18144,611,37452,California
Imperial,2021-03-23,1379,55017,406,27459,967,25625,6,1933,884,19707,493,18637,892,38344,California
Imperial,2021-03-24,1868,56885,541,28000,901,26526,426,2359,900,20067,966,19603,1326,39670,California
Imperial,2021-03-25,2754,59639,495,28495,870,27396,1389,3748,994,20690,1759,21362,2382,42052,California
Imperial,2021-03-26,2430,62069,834,29329,726,28122,870,4618,760,20657,1664,23026,1631,43683,California
Imperial,2021-03-27,572,62641,262,29591,259,28381,51,4669,414,20967,155,23181,465,44148,California
Imperial,2021-03-28,206,62847,50,29641,154,28535,2,4671,170,21103,36,23217,172,44320,California
Imperial,2021-03-29,1152,63999,346,29987,389,28924,417,5088,313,20997,837,24054,731,45051,California
Imperial,2021-03-30,1402,65401,678,30665,588,29512,136,5224,673,21079,729,24783,811,45862,California
Imperial,2021-03-31,1532,66933,716,31381,809,30321,7,5231,1023,21601,508,25291,1030,46892,California
Imperial,2021-04-01,1725,68658,394,31775,1090,31411,241,5472,803,21727,918,26209,1044,47936,California
Imperial,2021-04-02,1244,69902,445,32220,726,32137,73,5545,731,22019,511,26720,803,48739,California
Imperial,2021-04-03,1456,71358,405,32625,1005,33142,46,5591,685,21983,767,27487,731,49470,California
Imperial,2021-04-04,82,71440,39,32664,27,33169,16,5607,24,21965,58,27545,40,49510,California
Imperial,2021-04-05,1883,73323,1106,33770,721,33890,56,5663,334,20815,1541,29086,391,49901,California
Imperial,2021-04-06,1211,74534,514,34284,544,34434,153,5816,658,21078,550,29636,813,50714,California
Imperial,2021-04-07,2025,76559,540,34824,1138,35572,347,6163,1470,22345,551,30187,1818,52532,California
Imperial,2021-04-08,2022,78581,1075,35899,672,36244,275,6438,984,22570,1035,31222,1260,53792,California
Imperial,2021-04-09,1611,80192,507,36406,613,36857,491,6929,679,22811,930,32152,1171,54963,California
Imperial,2021-04-10,1113,81305,182,36588,679,37536,252,7181,167,22285,943,33095,417,55380,California
Imperial,2021-04-11,198,81503,27,36615,137,37673,34,7215,56,22233,142,33237,90,55470,California
Imperial,2021-04-12,763,82266,299,36914,311,37984,153,7368,258,22143,503,33740,413,55883,California
Imperial,2021-04-13,1270,83536,787,37701,482,38466,1,7369,913,22703,354,34094,914,56797,California
Imperial,2021-04-14,412,83948,22,37723,390,38856,0,7369,393,23077,19,34113,393,57190,California
Inyo,2020-12-19,85,85,85,85,0,0,0,0,85,85,0,0,85,85,California
Inyo,2020-12-20,58,143,58,143,0,0,0,0,58,143,0,0,58,143,California
Inyo,2020-12-21,88,231,85,228,3,3,0,0,88,231,0,0,88,231,California
Inyo,2020-12-22,105,336,105,333,0,3,0,0,105,336,0,0,105,336,California
Inyo,2020-12-23,70,406,67,400,3,6,0,0,70,406,0,0,70,406,California
Inyo,2020-12-24,16,422,16,416,0,6,0,0,16,422,0,0,16,422,California
Inyo,2020-12-25,1,423,0,416,1,7,0,0,1,423,0,0,1,423,California
Inyo,2020-12-26,74,497,74,490,0,7,0,0,74,497,0,0,74,497,California
Inyo,2020-12-28,48,545,36,526,12,19,0,0,48,545,0,0,48,545,California
Inyo,2020-12-29,20,565,20,546,0,19,0,0,20,565,0,0,20,565,California
Inyo,2020-12-30,56,621,54,600,2,21,0,0,56,621,0,0,56,621,California
Inyo,2020-12-31,29,650,0,600,29,50,0,0,29,650,0,0,29,650,California
Inyo,2021-01-01,1,651,0,600,1,51,0,0,1,651,0,0,1,651,California
Inyo,2021-01-03,1,652,0,600,1,52,0,0,1,652,0,0,1,652,California
Inyo,2021-01-04,1,653,1,601,0,52,0,0,1,653,0,0,1,653,California
Inyo,2021-01-05,34,687,0,601,34,86,0,0,34,687,0,0,34,687,California
Inyo,2021-01-06,68,755,0,601,68,154,0,0,68,755,0,0,68,755,California
Inyo,2021-01-07,31,786,1,602,30,184,0,0,31,786,0,0,31,786,California
Inyo,2021-01-08,9,795,8,610,1,185,0,0,4,786,5,5,5,791,California
Inyo,2021-01-09,87,882,86,696,1,186,0,0,1,701,86,91,1,792,California
Inyo,2021-01-10,52,934,52,748,0,186,0,0,0,649,52,143,0,792,California
Inyo,2021-01-11,97,1031,82,830,15,201,0,0,16,584,81,224,16,808,California
Inyo,2021-01-12,139,1170,118,948,21,222,0,0,28,501,111,335,28,836,California
Inyo,2021-01-13,86,1256,68,1016,18,240,0,0,21,458,65,400,22,858,California
Inyo,2021-01-14,59,1315,13,1029,46,286,0,0,49,497,10,410,49,907,California
Inyo,2021-01-15,163,1478,28,1057,135,421,0,0,163,660,0,410,163,1070,California
Inyo,2021-01-16,74,1552,73,1130,1,422,0,0,1,588,73,483,1,1071,California
Inyo,2021-01-18,58,1610,36,1166,22,444,0,0,19,568,39,522,19,1090,California
Inyo,2021-01-19,116,1726,73,1239,43,487,0,0,100,652,16,538,100,1190,California
Inyo,2021-01-20,144,1870,69,1308,75,562,0,0,90,688,54,592,90,1280,California
Inyo,2021-01-21,120,1990,57,1365,63,625,0,0,119,806,1,593,119,1399,California
Inyo,2021-01-22,62,2052,0,1365,62,687,0,0,61,866,1,594,61,1460,California
Inyo,2021-01-23,52,2104,52,1417,0,687,0,0,52,918,0,594,52,1512,California
Inyo,2021-01-25,49,2153,6,1423,43,730,0,0,37,943,12,606,37,1549,California
Inyo,2021-01-26,135,2288,53,1476,82,812,0,0,129,1066,6,612,129,1678,California
Inyo,2021-01-27,23,2311,2,1478,21,833,0,0,22,1087,1,613,22,1700,California
Inyo,2021-01-28,92,2403,2,1480,90,923,0,0,63,1121,29,642,63,1763,California
Inyo,2021-01-29,25,2428,3,1483,22,945,0,0,23,1142,2,644,23,1786,California
Inyo,2021-01-30,11,2439,1,1484,10,955,0,0,11,1153,0,644,11,1797,California
Inyo,2021-01-31,32,2471,4,1488,28,983,0,0,4,1129,28,672,4,1801,California
Inyo,2021-02-01,11,2482,9,1497,2,985,0,0,1,1120,10,682,1,1802,California
Inyo,2021-02-02,129,2611,14,1511,115,1100,0,0,103,1197,26,708,103,1905,California
Inyo,2021-02-03,116,2727,0,1511,116,1216,0,0,74,1229,42,750,74,1979,California
Inyo,2021-02-04,149,2876,31,1542,118,1334,0,0,90,1260,59,809,90,2069,California
Inyo,2021-02-05,118,2994,62,1604,56,1390,0,0,116,1374,2,811,116,2185,California
Inyo,2021-02-06,4,2998,2,1606,2,1392,0,0,3,1376,1,812,3,2188,California
Inyo,2021-02-07,4,3002,2,1608,2,1394,0,0,4,1380,0,812,4,2192,California
Inyo,2021-02-08,117,3119,7,1615,110,1504,0,0,97,1457,20,832,97,2289,California
Inyo,2021-02-09,193,3312,51,1666,142,1646,0,0,122,1508,71,903,122,2411,California
Inyo,2021-02-10,143,3455,17,1683,126,1772,0,0,109,1583,34,937,109,2520,California
Inyo,2021-02-11,219,3674,56,1739,163,1935,0,0,125,1614,94,1031,125,2645,California
Inyo,2021-02-12,299,3973,52,1791,247,2182,0,0,168,1651,131,1162,168,2813,California
Inyo,2021-02-13,60,4033,55,1846,5,2187,0,0,8,1607,52,1214,8,2821,California
Inyo,2021-02-14,1,4034,0,1846,1,2188,0,0,1,1608,0,1214,1,2822,California
Inyo,2021-02-15,29,4063,9,1855,20,2208,0,0,5,1589,24,1238,5,2827,California
Inyo,2021-02-16,180,4243,49,1904,131,2339,0,0,93,1595,87,1325,93,2920,California
Inyo,2021-02-17,37,4280,4,1908,33,2372,0,0,7,1572,30,1355,7,2927,California
Inyo,2021-02-18,121,4401,5,1913,116,2488,0,0,78,1607,43,1398,78,3005,California
Inyo,2021-02-19,52,4453,4,1917,48,2536,0,0,9,1573,43,1441,9,3014,California
Inyo,2021-02-20,503,4956,499,2416,4,2540,0,0,501,2072,2,1443,501,3515,California
Inyo,2021-02-21,267,5223,267,2683,0,2540,0,0,267,2339,0,1443,267,3782,California
Inyo,2021-02-22,61,5284,19,2702,42,2582,0,0,27,2332,34,1477,27,3809,California
Inyo,2021-02-23,198,5482,20,2722,178,2760,0,0,94,2323,103,1580,94,3903,California
Inyo,2021-02-24,116,5598,0,2722,116,2876,0,0,57,2321,59,1639,57,3960,California
Inyo,2021-02-25,131,5729,3,2725,128,3004,0,0,63,2316,68,1707,63,4023,California
Inyo,2021-02-26,104,5833,61,2786,43,3047,0,0,19,2250,85,1792,19,4042,California
Inyo,2021-02-27,15,5848,4,2790,11,3058,0,0,3,2241,12,1804,3,4045,California
Inyo,2021-02-28,3,5851,1,2791,2,3060,0,0,2,2242,1,1805,2,4047,California
Inyo,2021-03-01,20,5871,2,2793,18,3078,0,0,17,2256,3,1808,17,4064,California
Inyo,2021-03-02,191,6062,1,2794,190,3268,0,0,108,2281,83,1891,108,4172,California
Inyo,2021-03-03,83,6145,2,2796,81,3349,0,0,40,2278,43,1934,40,4212,California
Inyo,2021-03-04,128,6273,4,2800,124,3473,0,0,46,2242,82,2016,46,4258,California
Inyo,2021-03-05,142,6415,57,2857,85,3558,0,0,38,2176,104,2120,38,4296,California
Inyo,2021-03-06,31,6446,1,2858,30,3588,0,0,30,2205,1,2121,30,4326,California
Inyo,2021-03-07,7,6453,4,2862,3,3591,0,0,5,2208,2,2123,5,4331,California
Inyo,2021-03-08,181,6634,5,2867,176,3767,0,0,91,2209,90,2213,91,4422,California
Inyo,2021-03-09,185,6819,2,2869,183,3950,0,0,70,2164,115,2328,70,4492,California
Inyo,2021-03-10,70,6889,8,2877,61,4011,1,1,30,2155,40,2368,31,4523,California
Inyo,2021-03-11,203,7092,1,2878,197,4208,5,6,73,2104,129,2497,78,4601,California
Inyo,2021-03-12,173,7265,4,2882,164,4372,5,11,75,2086,98,2595,80,4681,California
Inyo,2021-03-13,575,7840,540,3422,25,4397,10,21,77,1676,497,3092,87,4768,California
Inyo,2021-03-14,431,8271,429,3851,2,4399,0,21,168,1582,262,3354,168,4936,California
Inyo,2021-03-15,51,8322,15,3866,34,4433,2,23,30,1593,21,3375,32,4968,California
Inyo,2021-03-16,163,8485,3,3869,154,4587,6,29,62,1561,100,3475,68,5036,California
Inyo,2021-03-17,107,8592,3,3872,97,4684,7,36,92,1645,15,3490,99,5135,California
Inyo,2021-03-18,182,8774,14,3886,161,4845,7,43,102,1674,80,3570,109,5244,California
Inyo,2021-03-19,45,8819,3,3889,38,4883,4,47,35,1703,10,3580,39,5283,California
Inyo,2021-03-20,21,8840,1,3890,11,4894,9,56,2,1695,19,3599,11,5294,California
Inyo,2021-03-22,60,8900,2,3892,53,4947,5,61,40,1720,20,3619,45,5339,California
Inyo,2021-03-23,193,9093,4,3896,185,5132,4,65,103,1737,90,3709,107,5446,California
Inyo,2021-03-24,139,9232,3,3899,132,5264,4,69,86,1774,53,3762,90,5536,California
Inyo,2021-03-25,324,9556,104,4003,216,5480,4,73,259,1972,65,3827,263,5799,California
Inyo,2021-03-26,90,9646,2,4005,84,5564,4,77,70,2026,20,3847,74,5873,California
Inyo,2021-03-27,51,9697,44,4049,4,5568,3,80,45,2068,6,3853,48,5921,California
Inyo,2021-03-28,4,9701,1,4050,2,5570,1,81,1,2067,3,3856,2,5923,California
Inyo,2021-03-29,109,9810,2,4052,102,5672,5,86,82,2128,26,3882,87,6010,California
Inyo,2021-03-30,209,10019,3,4055,201,5873,5,91,102,2128,107,3989,107,6117,California
Inyo,2021-03-31,145,10164,4,4059,136,6009,5,96,104,2196,41,4030,109,6226,California
Inyo,2021-04-01,165,10329,5,4064,159,6168,1,97,116,2264,49,4079,117,6343,California
Inyo,2021-04-02,81,10410,1,4065,78,6246,2,99,52,2289,29,4108,54,6397,California
Inyo,2021-04-03,94,10504,46,4111,34,6280,14,113,6,2222,86,4194,19,6416,California
Inyo,2021-04-04,5,10509,4,4115,0,6280,1,114,1,2220,4,4198,2,6418,California
Inyo,2021-04-05,117,10626,1,4116,112,6392,4,118,29,2165,88,4286,33,6451,California
Inyo,2021-04-06,226,10852,4,4120,158,6550,64,182,95,2193,131,4417,159,6610,California
Inyo,2021-04-07,195,11047,2,4122,68,6618,125,307,40,2203,155,4572,165,6775,California
Inyo,2021-04-08,173,11220,16,4138,141,6759,16,323,78,2202,95,4667,94,6869,California
Inyo,2021-04-09,96,11316,7,4145,68,6827,21,344,32,2191,64,4731,53,6922,California
Inyo,2021-04-10,45,11361,1,4146,24,6851,20,364,3,2172,42,4773,23,6945,California
Inyo,2021-04-11,2,11363,0,4146,2,6853,0,364,2,2174,0,4773,2,6947,California
Inyo,2021-04-12,80,11443,1,4147,74,6927,5,369,42,2183,38,4811,47,6994,California
Inyo,2021-04-13,57,11500,3,4150,51,6978,3,372,14,2157,43,4854,17,7011,California
Inyo,2021-04-14,7,11507,2,4152,5,6983,0,372,5,2160,2,4856,5,7016,California
Kern,2020-12-15,1,1,1,1,0,0,0,0,1,1,0,0,1,1,California
Kern,2020-12-16,19,20,19,20,0,0,0,0,19,20,0,0,19,20,California
Kern,2020-12-17,164,184,164,184,0,0,0,0,164,184,0,0,164,184,California
Kern,2020-12-18,319,503,319,503,0,0,0,0,319,503,0,0,319,503,California
Kern,2020-12-19,98,601,98,601,0,0,0,0,99,602,0,0,99,602,California
Kern,2020-12-20,61,662,61,662,0,0,0,0,61,663,0,0,61,663,California
Kern,2020-12-21,670,1332,669,1331,1,1,0,0,670,1333,0,0,670,1333,California
Kern,2020-12-22,530,1862,527,1858,3,4,0,0,530,1863,0,0,530,1863,California
Kern,2020-12-23,557,2419,418,2276,139,143,0,0,557,2420,0,0,557,2420,California
Kern,2020-12-24,122,2541,43,2319,79,222,0,0,122,2542,0,0,122,2542,California
Kern,2020-12-25,1,2542,1,2320,0,222,0,0,1,2543,0,0,1,2543,California
Kern,2020-12-26,33,2575,1,2321,32,254,0,0,33,2576,0,0,33,2576,California
Kern,2020-12-27,35,2610,3,2324,32,286,0,0,35,2611,0,0,35,2611,California
Kern,2020-12-28,824,3434,660,2984,164,450,0,0,824,3435,0,0,824,3435,California
Kern,2020-12-29,745,4179,452,3436,293,743,0,0,745,4180,0,0,745,4180,California
Kern,2020-12-30,1199,5378,908,4344,291,1034,0,0,1199,5379,0,0,1199,5379,California
Kern,2020-12-31,277,5655,98,4442,179,1213,0,0,277,5656,0,0,277,5656,California
Kern,2021-01-01,10,5665,6,4448,4,1217,0,0,10,5666,0,0,10,5666,California
Kern,2021-01-02,77,5742,18,4466,59,1276,0,0,77,5743,0,0,77,5743,California
Kern,2021-01-03,23,5765,4,4470,19,1295,0,0,23,5766,0,0,23,5766,California
Kern,2021-01-04,552,6317,359,4829,193,1488,0,0,552,6318,0,0,552,6318,California
Kern,2021-01-05,1129,7446,735,5564,394,1882,0,0,1117,7423,12,12,1117,7435,California
Kern,2021-01-06,1167,8613,455,6019,712,2594,0,0,1136,8528,31,43,1136,8571,California
Kern,2021-01-07,1404,10017,493,6512,911,3505,0,0,1235,9595,168,211,1235,9806,California
Kern,2021-01-08,1627,11644,766,7278,861,4366,0,0,1331,10629,298,509,1332,11138,California
Kern,2021-01-09,225,11869,76,7354,149,4515,0,0,191,10786,34,543,191,11329,California
Kern,2021-01-10,193,12062,147,7501,46,4561,0,0,152,10897,41,584,152,11481,California
Kern,2021-01-11,1551,13613,981,8482,570,5131,0,0,998,11342,553,1137,998,12479,California
Kern,2021-01-12,1871,15484,810,9292,1061,6192,0,0,1361,12193,510,1647,1361,13840,California
Kern,2021-01-13,1856,17340,867,10159,989,7181,0,0,1434,13205,422,2069,1434,15274,California
Kern,2021-01-14,2179,19519,645,10804,1534,8715,0,0,2134,15293,46,2115,2134,17408,California
Kern,2021-01-15,2703,22222,858,11662,1845,10560,0,0,2605,17804,95,2210,2606,20014,California
Kern,2021-01-16,669,22891,212,11874,457,11017,0,0,635,18405,34,2244,635,20649,California
Kern,2021-01-17,72,22963,7,11881,65,11082,0,0,70,18473,2,2246,70,20719,California
Kern,2021-01-18,1642,24605,658,12539,984,12066,0,0,1473,19777,169,2415,1473,22192,California
Kern,2021-01-19,1847,26452,1027,13566,820,12886,0,0,1380,20690,467,2882,1380,23572,California
Kern,2021-01-20,2444,28896,1510,15076,934,13820,0,0,1819,21891,620,3502,1821,25393,California
Kern,2021-01-21,2161,31057,917,15993,1244,15064,0,0,1967,23665,193,3695,1967,27360,California
Kern,2021-01-22,2709,33766,1291,17284,1418,16482,0,0,2433,25824,274,3969,2433,29793,California
Kern,2021-01-23,1247,35013,534,17818,713,17195,0,0,1201,26979,46,4015,1201,30994,California
Kern,2021-01-24,159,35172,19,17837,140,17335,0,0,154,27128,5,4020,154,31148,California
Kern,2021-01-25,2379,37551,1082,18919,1297,18632,0,0,1897,28545,481,4501,1898,33046,California
Kern,2021-01-26,2750,40301,1114,20033,1636,20268,0,0,1899,29594,850,5351,1899,34945,California
Kern,2021-01-27,3551,43852,1896,21929,1655,21923,0,0,2854,31753,695,6046,2854,37799,California
Kern,2021-01-28,2854,46706,1346,23275,1508,23431,0,0,2424,33754,426,6472,2427,40226,California
Kern,2021-01-29,3767,50473,1799,25074,1968,25399,0,0,3228,36446,536,7008,3228,43454,California
Kern,2021-01-30,1322,51795,497,25571,825,26224,0,0,1275,37676,45,7053,1275,44729,California
Kern,2021-01-31,404,52199,277,25848,127,26351,0,0,269,37810,135,7188,269,44998,California
Kern,2021-02-01,2406,54605,815,26663,1591,27942,0,0,1856,39120,547,7735,1857,46855,California
Kern,2021-02-02,2918,57523,972,27635,1946,29888,0,0,2056,40315,862,8597,2057,48912,California
Kern,2021-02-03,3653,61176,1549,29184,2104,31992,0,0,2687,42043,959,9556,2687,51599,California
Kern,2021-02-04,3797,64973,1448,30632,2349,34341,0,0,2583,43423,1203,10759,2583,54182,California
Kern,2021-02-05,4848,69821,1990,32622,2858,37199,0,0,3089,44772,1740,12499,3089,57271,California
Kern,2021-02-06,1734,71555,765,33387,969,38168,0,0,1511,46063,220,12719,1511,58782,California
Kern,2021-02-07,284,71839,151,33538,133,38301,0,0,268,46317,14,12733,268,59050,California
Kern,2021-02-08,2561,74400,788,34326,1773,40074,0,0,1257,46288,1286,14019,1257,60307,California
Kern,2021-02-09,3029,77429,982,35308,2047,42121,0,0,1464,46195,1558,15577,1465,61772,California
Kern,2021-02-10,3782,81211,1655,36963,2127,44248,0,0,1895,46220,1871,17448,1896,63668,California
Kern,2021-02-11,4253,85464,1537,38500,2716,46964,0,0,2230,46440,2010,19458,2230,65898,California
Kern,2021-02-12,4948,90412,1891,40391,3057,50021,0,0,2480,46466,2454,21912,2480,68378,California
Kern,2021-02-13,2007,92419,725,41116,1282,51303,0,0,1166,46793,839,22751,1166,69544,California
Kern,2021-02-14,350,92769,13,41129,337,51640,0,0,269,46982,80,22831,269,69813,California
Kern,2021-02-15,2733,95502,886,42015,1847,53487,0,0,1207,46672,1518,24349,1208,71021,California
Kern,2021-02-16,2946,98448,719,42734,2227,55714,0,0,1661,47059,1275,25624,1662,72683,California
Kern,2021-02-17,4055,102503,2070,44804,1985,57699,0,0,1926,46863,2123,27747,1927,74610,California
Kern,2021-02-18,3748,106251,1473,46277,2275,59974,0,0,1621,46370,2114,29861,1621,76231,California
Kern,2021-02-19,4195,110446,1917,48194,2278,62252,0,0,1739,45661,2449,32310,1740,77971,California
Kern,2021-02-20,2573,113019,969,49163,1604,63856,0,0,1339,45769,1231,33541,1339,79310,California
Kern,2021-02-21,246,113265,140,49303,106,63962,0,0,85,45696,159,33700,86,79396,California
Kern,2021-02-22,2654,115919,1146,50449,1508,65470,0,0,1427,45901,1222,34922,1427,80823,California
Kern,2021-02-23,3533,119452,1115,51564,2418,67888,0,0,1976,46322,1555,36477,1976,82799,California
Kern,2021-02-24,5154,124606,2263,53827,2891,70779,0,0,3073,47318,2077,38554,3073,85872,California
Kern,2021-02-25,5348,129954,2442,56269,2906,73685,0,0,3173,48334,2157,40711,3173,89045,California
Kern,2021-02-26,6879,136833,3514,59783,3365,77050,0,0,4355,50172,2518,43229,4356,93401,California
Kern,2021-02-27,3848,140681,1888,61671,1960,79010,0,0,2514,51360,1326,44555,2514,95915,California
Kern,2021-02-28,906,141587,497,62168,409,79419,0,0,690,51836,214,44769,690,96605,California
Kern,2021-03-01,3973,145560,1802,63970,2171,81590,0,0,2685,53239,1282,46051,2685,99290,California
Kern,2021-03-02,4353,149913,1367,65337,2985,84575,1,1,2854,54603,1490,47541,2854,102144,California
Kern,2021-03-03,5734,155647,2666,68003,3068,87643,0,1,3655,56195,2064,49605,3656,105800,California
Kern,2021-03-04,5505,161152,2121,70124,3382,91025,2,3,3517,57738,1975,51580,3518,109318,California
Kern,2021-03-05,6440,167592,2656,72780,3767,94792,17,20,4026,59374,2407,53987,4043,113361,California
Kern,2021-03-06,4705,172297,1911,74691,2693,97485,101,121,3444,61667,1252,55239,3545,116906,California
Kern,2021-03-07,2037,174334,1582,76273,408,97893,47,168,1848,63374,188,55427,1895,118801,California
Kern,2021-03-08,2797,177131,850,77123,1734,99627,213,381,1452,63695,1342,56769,1663,120464,California
Kern,2021-03-09,3577,180708,763,77886,2431,102058,383,764,2186,64875,1387,58156,2567,123031,California
Kern,2021-03-10,6014,186722,2459,80345,2485,104543,1070,1834,3499,66940,2504,60660,4569,127600,California
Kern,2021-03-11,6258,192980,2395,82740,2848,107391,1015,2849,3724,69154,2523,63183,4737,132337,California
Kern,2021-03-12,7608,200588,2904,85644,3360,110751,1344,4193,4129,71150,3469,66652,5465,137802,California
Kern,2021-03-13,4379,204967,2293,87937,1750,112501,336,4529,2979,73064,1395,68047,3309,141111,California
Kern,2021-03-14,2261,207228,1408,89345,610,113111,243,4772,1741,74528,517,68564,1981,143092,California
Kern,2021-03-15,4221,211449,1068,90413,2442,115553,711,5483,2162,75351,2048,70612,2871,145963,California
Kern,2021-03-16,4304,215753,997,91410,2778,118331,529,6012,2312,76206,1983,72595,2838,148801,California
Kern,2021-03-17,7179,222932,3782,95192,2857,121188,540,6552,4267,78110,2901,75496,4805,153606,California
Kern,2021-03-18,6921,229853,3357,98549,2989,124177,575,7127,4103,79987,2799,78295,4676,158282,California
Kern,2021-03-19,8593,238446,4663,103212,3282,127459,648,7775,4429,80911,4151,82446,5075,163357,California
Kern,2021-03-20,5882,244328,3549,106761,2160,129619,173,7948,3786,82785,2086,84532,3960,167317,California
Kern,2021-03-21,2856,247184,1738,108499,241,129860,877,8825,1686,84184,1165,85697,2564,169881,California
Kern,2021-03-22,3903,251087,1519,110018,2027,131887,357,9182,1891,84427,2004,87701,2247,172128,California
Kern,2021-03-23,4604,255691,1637,111655,2786,134673,181,9363,2443,84918,2131,89832,2622,174750,California
Kern,2021-03-24,6947,262638,3494,115149,2984,137657,469,9832,3645,85743,3288,93120,4113,178863,California
Kern,2021-03-25,6572,269210,2863,118012,3388,141045,321,10153,3285,86076,3273,96393,3606,182469,California
Kern,2021-03-26,9383,278593,4132,122144,4000,145045,1251,11404,4656,87278,4706,101099,5908,188377,California
Kern,2021-03-27,5421,284014,3725,125869,1574,146619,122,11526,3294,88576,2118,103217,3416,191793,California
Kern,2021-03-28,4203,288217,3720,129589,469,147088,14,11540,2659,89712,1537,104754,2673,194466,California
Kern,2021-03-29,4168,292385,1624,131213,2264,149352,280,11820,2605,91046,1550,106304,2884,197350,California
Kern,2021-03-30,5416,297801,1802,133015,3308,152660,306,12126,3074,92089,2335,108639,3378,200728,California
Kern,2021-03-31,8075,305876,4238,137253,3192,155852,645,12771,4291,93257,3768,112407,4936,205664,California
Kern,2021-04-01,7565,313441,3625,140878,3644,159496,296,13067,4095,94192,3453,115860,4388,210052,California
Kern,2021-04-02,8093,321534,4176,145054,3310,162806,607,13674,4076,94870,4001,119861,4679,214731,California
Kern,2021-04-03,5645,327179,3359,148413,2104,164910,182,13856,2568,94553,3066,122927,2749,217480,California
Kern,2021-04-04,1225,328404,768,149181,373,165283,84,13940,448,94310,775,123702,532,218012,California
Kern,2021-04-05,5277,333681,2169,151350,2350,167633,758,14698,2844,95489,2421,126123,3600,221612,California
Kern,2021-04-06,6557,340238,2387,153737,2992,170625,1178,15876,3509,97144,3032,129155,4687,226299,California
Kern,2021-04-07,9175,349413,5360,159097,2871,173496,944,16820,4612,98155,4545,133700,5556,231855,California
Kern,2021-04-08,8474,357887,4698,163795,2880,176376,896,17716,3873,98345,4574,138274,4764,236619,California
Kern,2021-04-09,8371,366258,4223,168018,3274,179650,874,18590,3636,98132,4720,142994,4507,241126,California
Kern,2021-04-10,6307,372565,3376,171394,1725,181375,1206,19796,2242,97519,4057,147051,3444,244570,California
Kern,2021-04-11,3620,376185,2785,174179,347,181722,488,20284,1397,97189,2212,149263,1882,246452,California
Kern,2021-04-12,3364,379549,784,174963,2074,183796,506,20790,1267,96879,2083,151346,1773,248225,California
Kern,2021-04-13,3339,382888,825,175788,2512,186308,2,20792,1428,96413,1897,153243,1431,249656,California
Kern,2021-04-14,1875,384763,415,176203,1440,187748,20,20812,897,96362,968,154211,917,250573,California
Kings,2020-12-16,1,1,1,1,0,0,0,0,1,1,0,0,1,1,California
Kings,2020-12-17,8,9,8,9,0,0,0,0,8,9,0,0,8,9,California
Kings,2020-12-18,12,21,12,21,0,0,0,0,12,21,0,0,12,21,California
Kings,2020-12-19,11,32,11,32,0,0,0,0,11,32,0,0,11,32,California
Kings,2020-12-20,13,45,13,45,0,0,0,0,13,45,0,0,13,45,California
Kings,2020-12-21,155,200,155,200,0,0,0,0,271,316,0,0,271,316,California
Kings,2020-12-22,143,343,143,343,0,0,0,0,140,456,0,0,140,456,California
Kings,2020-12-23,134,477,122,465,12,12,0,0,135,591,0,0,135,591,California
Kings,2020-12-24,11,488,9,474,2,14,0,0,11,602,0,0,11,602,California
Kings,2020-12-26,7,495,4,478,3,17,0,0,7,609,0,0,7,609,California
Kings,2020-12-27,4,499,4,482,0,17,0,0,4,613,0,0,4,613,California
Kings,2020-12-28,131,630,103,585,28,45,0,0,132,745,0,0,132,745,California
Kings,2020-12-29,78,708,51,636,27,72,0,0,79,824,0,0,79,824,California
Kings,2020-12-30,147,855,108,744,39,111,0,0,147,971,0,0,147,971,California
Kings,2020-12-31,43,898,6,750,37,148,0,0,43,1014,0,0,43,1014,California
Kings,2021-01-01,1,899,0,750,1,149,0,0,1,1015,0,0,1,1015,California
Kings,2021-01-02,10,909,9,759,1,150,0,0,10,1025,0,0,10,1025,California
Kings,2021-01-04,113,1022,42,801,71,221,0,0,113,1138,0,0,113,1138,California
Kings,2021-01-05,197,1219,39,840,158,379,0,0,197,1335,0,0,197,1335,California
Kings,2021-01-06,276,1495,177,1017,99,478,0,0,273,1605,3,3,273,1608,California
Kings,2021-01-07,178,1673,81,1098,97,575,0,0,170,1767,8,11,170,1778,California
Kings,2021-01-08,247,1920,54,1152,193,768,0,0,228,1976,19,30,228,2006,California
Kings,2021-01-09,63,1983,9,1161,54,822,0,0,55,2023,8,38,55,2061,California
Kings,2021-01-10,15,1998,3,1164,12,834,0,0,12,2032,3,41,12,2073,California
Kings,2021-01-11,518,2516,356,1520,162,996,0,0,274,2063,244,285,275,2348,California
Kings,2021-01-12,349,2865,252,1772,97,1093,0,0,215,2147,131,416,215,2563,California
Kings,2021-01-13,414,3279,267,2039,147,1240,0,0,323,2379,91,507,323,2886,California
Kings,2021-01-14,208,3487,31,2070,177,1417,0,0,198,2557,21,528,199,3085,California
Kings,2021-01-15,414,3901,28,2098,386,1803,0,0,402,2947,12,540,402,3487,California
Kings,2021-01-16,31,3932,12,2110,19,1822,0,0,30,2976,1,541,30,3517,California
Kings,2021-01-17,8,3940,5,2115,3,1825,0,0,6,2980,2,543,6,3523,California
Kings,2021-01-18,172,4112,40,2155,132,1957,0,0,146,3100,26,569,146,3669,California
Kings,2021-01-19,376,4488,158,2313,218,2175,0,0,248,3220,128,697,248,3917,California
Kings,2021-01-20,225,4713,135,2448,90,2265,0,0,120,3239,101,798,120,4037,California
Kings,2021-01-21,186,4899,32,2480,154,2419,0,0,172,3395,16,814,172,4209,California
Kings,2021-01-22,125,5024,38,2518,87,2506,0,0,125,3515,5,819,125,4334,California
Kings,2021-01-23,26,5050,14,2532,12,2518,0,0,20,3529,6,825,20,4354,California
Kings,2021-01-24,4,5054,4,2536,0,2518,0,0,2,3529,2,827,2,4356,California
Kings,2021-01-25,124,5178,26,2562,98,2616,0,0,90,3585,34,861,90,4446,California
Kings,2021-01-26,153,5331,34,2596,119,2735,0,0,114,3660,39,900,114,4560,California
Kings,2021-01-27,318,5649,34,2630,284,3019,0,0,248,3839,69,969,248,4808,California
Kings,2021-01-28,324,5973,46,2676,278,3297,0,0,271,4057,53,1022,271,5079,California
Kings,2021-01-29,86,6059,26,2702,60,3357,0,0,69,4109,17,1039,69,5148,California
Kings,2021-01-30,1556,7615,31,2733,1525,4882,0,0,1553,5661,3,1042,1555,6703,California
Kings,2021-02-01,199,7814,64,2797,135,5017,0,0,71,5606,126,1168,71,6774,California
Kings,2021-02-02,226,8040,14,2811,212,5229,0,0,81,5543,144,1312,81,6855,California
Kings,2021-02-03,357,8397,192,3003,165,5394,0,0,203,5593,153,1465,203,7058,California
Kings,2021-02-04,393,8790,97,3100,296,5690,0,0,198,5597,194,1659,198,7256,California
Kings,2021-02-05,254,9044,12,3112,242,5932,0,0,100,5545,152,1811,100,7356,California
Kings,2021-02-06,60,9104,10,3122,50,5982,0,0,27,5539,33,1844,27,7383,California
Kings,2021-02-07,5,9109,3,3125,2,5984,0,0,3,5540,2,1846,3,7386,California
Kings,2021-02-08,169,9278,29,3154,140,6124,0,0,68,5507,101,1947,68,7454,California
Kings,2021-02-09,253,9531,57,3211,196,6320,0,0,110,5476,141,2088,110,7564,California
Kings,2021-02-10,286,9817,112,3323,174,6494,0,0,173,5536,113,2201,173,7737,California
Kings,2021-02-11,429,10246,65,3388,364,6858,0,0,318,5744,110,2311,318,8055,California
Kings,2021-02-12,610,10856,36,3424,574,7432,0,0,341,5816,269,2580,341,8396,California
Kings,2021-02-13,102,10958,6,3430,96,7528,0,0,77,5868,25,2605,77,8473,California
Kings,2021-02-14,102,11060,4,3434,98,7626,0,0,94,5954,8,2613,94,8567,California
Kings,2021-02-15,246,11306,5,3439,241,7867,0,0,137,5983,108,2721,137,8704,California
Kings,2021-02-16,483,11789,32,3471,451,8318,0,0,250,6001,232,2953,250,8954,California
Kings,2021-02-17,378,12167,22,3493,356,8674,0,0,241,6106,137,3090,242,9196,California
Kings,2021-02-18,154,12321,23,3516,131,8805,0,0,99,6151,55,3145,100,9296,California
Kings,2021-02-19,157,12478,22,3538,135,8940,0,0,101,6199,53,3198,101,9397,California
Kings,2021-02-20,171,12649,40,3578,131,9071,0,0,134,6296,37,3235,134,9531,California
Kings,2021-02-21,2,12651,1,3579,1,9072,0,0,2,6298,0,3235,2,9533,California
Kings,2021-02-22,110,12761,19,3598,91,9163,0,0,51,6290,59,3294,51,9584,California
Kings,2021-02-23,294,13055,69,3667,225,9388,0,0,177,6350,117,3411,177,9761,California
Kings,2021-02-24,590,13645,152,3819,438,9826,0,0,378,6516,212,3623,378,10139,California
Kings,2021-02-25,662,14307,112,3931,550,10376,0,0,443,6742,217,3840,443,10582,California
Kings,2021-02-26,655,14962,130,4061,525,10901,0,0,592,7272,62,3902,592,11174,California
Kings,2021-02-27,1498,16460,62,4123,1436,12337,0,0,565,6905,932,4834,565,11739,California
Kings,2021-02-28,1170,17630,595,4718,575,12912,0,0,672,7082,495,5329,672,12411,California
Kings,2021-03-01,256,17886,77,4795,179,13091,0,0,212,7250,44,5373,212,12623,California
Kings,2021-03-02,466,18352,204,4999,262,13353,0,0,417,7619,49,5422,418,13041,California
Kings,2021-03-03,610,18962,293,5292,317,13670,0,0,424,7858,185,5607,424,13465,California
Kings,2021-03-04,710,19672,341,5633,369,14039,0,0,616,8381,94,5701,617,14082,California
Kings,2021-03-05,1003,20675,350,5983,644,14683,9,9,887,9162,116,5817,897,14979,California
Kings,2021-03-06,509,21184,183,6166,313,14996,13,22,480,9626,29,5846,493,15472,California
Kings,2021-03-07,366,21550,225,6391,137,15133,4,26,358,9980,8,5854,362,15834,California
Kings,2021-03-08,349,21899,96,6487,200,15333,53,79,240,10163,109,5963,292,16126,California
Kings,2021-03-09,476,22375,201,6688,220,15553,55,134,371,10485,105,6068,427,16553,California
Kings,2021-03-10,497,22872,122,6810,284,15837,91,225,316,10711,180,6248,406,16959,California
Kings,2021-03-11,1008,23880,307,7117,591,16428,110,335,604,11023,402,6650,714,17673,California
Kings,2021-03-12,1262,25142,388,7505,781,17209,93,428,878,11613,383,7033,973,18646,California
Kings,2021-03-13,660,25802,331,7836,285,17494,44,472,541,12080,119,7152,586,19232,California
Kings,2021-03-14,667,26469,102,7938,183,17677,382,854,200,12195,467,7619,582,19814,California
Kings,2021-03-15,605,27074,174,8112,316,17993,115,969,369,12446,235,7854,486,20300,California
Kings,2021-03-16,1040,28114,438,8550,541,18534,61,1030,706,12879,334,8188,767,21067,California
Kings,2021-03-17,1083,29197,417,8967,605,19139,61,1091,768,13400,315,8503,836,21903,California
Kings,2021-03-18,1085,30282,465,9432,400,19539,220,1311,756,14051,328,8831,979,22882,California
Kings,2021-03-19,927,31209,468,9900,374,19913,85,1396,709,14640,218,9049,807,23689,California
Kings,2021-03-20,623,31832,253,10153,340,20253,30,1426,451,14958,170,9219,488,24177,California
Kings,2021-03-21,1396,33228,1088,11241,297,20550,11,1437,842,15257,554,9773,853,25030,California
Kings,2021-03-22,446,33674,201,11442,162,20712,83,1520,274,15446,172,9945,361,25391,California
Kings,2021-03-23,887,34561,488,11930,340,21052,59,1579,571,15765,314,10259,633,26024,California
Kings,2021-03-24,907,35468,467,12397,417,21469,23,1602,504,15893,401,10660,529,26553,California
Kings,2021-03-25,877,36345,442,12839,409,21878,26,1628,439,15922,436,11096,465,27018,California
Kings,2021-03-26,1281,37626,376,13215,820,22698,85,1713,529,15789,747,11843,614,27632,California
Kings,2021-03-27,616,38242,246,13461,358,23056,12,1725,172,15531,442,12285,184,27816,California
Kings,2021-03-28,539,38781,468,13929,64,23120,7,1732,334,15675,205,12490,349,28165,California
Kings,2021-03-29,451,39232,196,14125,195,23315,60,1792,246,15777,203,12693,305,28470,California
Kings,2021-03-30,822,40054,450,14575,334,23649,38,1830,450,15894,371,13064,488,28958,California
Kings,2021-03-31,713,40767,369,14944,279,23928,65,1895,417,16086,290,13354,482,29440,California
Kings,2021-04-01,747,41514,372,15316,295,24223,80,1975,340,16105,401,13755,420,29860,California
Kings,2021-04-02,965,42479,418,15734,426,24649,121,2096,426,16116,535,14290,546,30406,California
Kings,2021-04-03,468,42947,326,16060,136,24785,6,2102,157,15976,305,14595,165,30571,California
Kings,2021-04-04,156,43103,82,16142,68,24853,6,2108,44,15915,111,14706,50,30621,California
Kings,2021-04-05,1038,44141,321,16463,467,25320,250,2358,257,15642,780,15486,507,31128,California
Kings,2021-04-06,1173,45314,451,16914,418,25738,304,2662,292,15359,878,16364,595,31723,California
Kings,2021-04-07,1337,46651,639,17553,512,26250,186,2848,414,15038,921,17285,600,32323,California
Kings,2021-04-08,1557,48208,607,18160,708,26958,242,3090,364,14461,1183,18468,606,32929,California
Kings,2021-04-09,859,49067,385,18545,317,27275,157,3247,169,14097,689,19157,325,33254,California
Kings,2021-04-10,576,49643,322,18867,152,27427,102,3349,170,13965,404,19561,272,33526,California
Kings,2021-04-11,315,49958,77,18944,233,27660,5,3354,187,14029,128,19689,192,33718,California
Kings,2021-04-12,368,50326,125,19069,174,27834,69,3423,60,13853,306,19995,130,33848,California
Kings,2021-04-13,490,50816,268,19337,222,28056,0,3423,116,13599,374,20369,120,33968,California
Kings,2021-04-14,308,51124,38,19375,270,28326,0,3423,87,13467,220,20589,88,34056,California
Lake,2020-12-17,4,4,4,4,0,0,0,0,4,4,0,0,4,4,California
Lake,2020-12-18,51,55,51,55,0,0,0,0,51,55,0,0,51,55,California
Lake,2020-12-19,3,58,3,58,0,0,0,0,3,58,0,0,3,58,California
Lake,2020-12-20,6,64,6,64,0,0,0,0,6,64,0,0,6,64,California
Lake,2020-12-21,86,150,86,150,0,0,0,0,86,150,0,0,86,150,California
Lake,2020-12-22,63,213,60,210,3,3,0,0,63,213,0,0,63,213,California
Lake,2020-12-23,123,336,114,324,9,12,0,0,123,336,0,0,123,336,California
Lake,2020-12-24,2,338,0,324,2,14,0,0,2,338,0,0,2,338,California
Lake,2020-12-26,2,340,2,326,0,14,0,0,2,340,0,0,2,340,California
Lake,2020-12-27,2,342,2,328,0,14,0,0,2,342,0,0,2,342,California
Lake,2020-12-28,52,394,43,371,9,23,0,0,52,394,0,0,52,394,California
Lake,2020-12-29,49,443,44,415,5,28,0,0,49,443,0,0,49,443,California
Lake,2020-12-30,123,566,116,531,7,35,0,0,123,566,0,0,123,566,California
Lake,2020-12-31,67,633,64,595,3,38,0,0,67,633,0,0,67,633,California
Lake,2021-01-01,1,634,0,595,1,39,0,0,1,634,0,0,1,634,California
Lake,2021-01-02,2,636,1,596,1,40,0,0,2,636,0,0,2,636,California
Lake,2021-01-04,86,722,21,617,65,105,0,0,86,722,0,0,86,722,California
Lake,2021-01-05,119,841,59,676,60,165,0,0,117,837,2,2,117,839,California
Lake,2021-01-06,105,946,65,741,40,205,0,0,103,938,2,4,103,942,California
Lake,2021-01-07,103,1049,82,823,21,226,0,0,94,1023,9,13,94,1036,California
Lake,2021-01-08,152,1201,124,947,28,254,0,0,100,1071,52,65,100,1136,California
Lake,2021-01-09,62,1263,60,1007,2,256,0,0,58,1125,4,69,58,1194,California
Lake,2021-01-10,3,1266,3,1010,0,256,0,0,0,1122,3,72,0,1194,California
Lake,2021-01-11,193,1459,152,1162,41,297,0,0,113,1155,80,152,113,1307,California
Lake,2021-01-12,80,1539,48,1210,32,329,0,0,56,1187,24,176,56,1363,California
Lake,2021-01-13,164,1703,112,1322,52,381,0,0,107,1237,57,233,107,1470,California
Lake,2021-01-14,146,1849,46,1368,100,481,0,0,124,1339,22,255,124,1594,California
Lake,2021-01-15,216,2065,92,1460,124,605,0,0,189,1501,27,282,189,1783,California
Lake,2021-01-16,137,2202,83,1543,54,659,0,0,135,1634,2,284,135,1918,California
Lake,2021-01-17,18,2220,6,1549,12,671,0,0,12,1640,6,290,12,1930,California
Lake,2021-01-18,245,2465,224,1773,21,692,0,0,127,1649,118,408,127,2057,California
Lake,2021-01-19,311,2776,117,1890,194,886,0,0,266,1871,45,453,267,2324,California
Lake,2021-01-20,419,3195,79,1969,340,1226,0,0,356,2165,62,515,356,2680,California
Lake,2021-01-21,432,3627,49,2018,383,1609,0,0,397,2527,35,550,397,3077,California
Lake,2021-01-22,315,3942,45,2063,270,1879,0,0,279,2770,36,586,279,3356,California
Lake,2021-01-23,122,4064,5,2068,117,1996,0,0,121,2890,1,587,121,3477,California
Lake,2021-01-24,4,4068,1,2069,3,1999,0,0,4,2894,0,587,4,3481,California
Lake,2021-01-25,256,4324,95,2164,161,2160,0,0,175,2988,81,668,175,3656,California
Lake,2021-01-26,427,4751,35,2199,392,2552,0,0,404,3369,23,691,404,4060,California
Lake,2021-01-27,355,5106,39,2238,316,2868,0,0,328,3671,27,718,329,4389,California
Lake,2021-01-28,499,5605,160,2398,339,3207,0,0,371,3914,128,846,371,4760,California
Lake,2021-01-29,636,6241,83,2481,553,3760,0,0,576,4430,60,906,576,5336,California
Lake,2021-01-30,557,6798,45,2526,512,4272,0,0,550,4974,6,912,550,5886,California
Lake,2021-01-31,13,6811,8,2534,5,4277,0,0,12,4985,1,913,12,5898,California
Lake,2021-02-01,179,6990,18,2552,161,4438,0,0,166,5138,13,926,166,6064,California
Lake,2021-02-02,564,7554,154,2706,410,4848,0,0,398,5370,166,1092,398,6462,California
Lake,2021-02-03,443,7997,33,2739,410,5258,0,0,339,5605,104,1196,339,6801,California
Lake,2021-02-04,118,8115,68,2807,50,5308,0,0,72,5631,46,1242,72,6873,California
Lake,2021-02-05,377,8492,68,2875,309,5617,0,0,288,5832,87,1329,288,7161,California
Lake,2021-02-06,279,8771,42,2917,237,5854,0,0,267,6087,12,1341,267,7428,California
Lake,2021-02-07,2,8773,1,2918,1,5855,0,0,2,6089,0,1341,2,7430,California
Lake,2021-02-08,279,9052,206,3124,73,5928,0,0,160,6130,119,1460,160,7590,California
Lake,2021-02-09,346,9398,25,3149,321,6249,0,0,302,6389,43,1503,302,7892,California
Lake,2021-02-10,352,9750,54,3203,298,6547,0,0,276,6589,76,1579,276,8168,California
Lake,2021-02-11,166,9916,17,3220,149,6696,0,0,55,6533,111,1690,55,8223,California
Lake,2021-02-12,373,10289,28,3248,345,7041,0,0,287,6734,86,1776,287,8510,California
Lake,2021-02-13,248,10537,9,3257,239,7280,0,0,237,6960,11,1787,237,8747,California
Lake,2021-02-14,19,10556,4,3261,15,7295,0,0,6,6953,13,1800,6,8753,California
Lake,2021-02-15,171,10727,13,3274,158,7453,0,0,8,6799,162,1962,8,8761,California
Lake,2021-02-16,418,11145,20,3294,398,7851,0,0,173,6727,245,2207,173,8934,California
Lake,2021-02-17,349,11494,51,3345,298,8149,0,0,69,6517,279,2486,69,9003,California
Lake,2021-02-18,456,11950,69,3414,387,8536,0,0,114,6290,342,2828,115,9118,California
Lake,2021-02-19,413,12363,25,3439,388,8924,0,0,89,6055,324,3152,89,9207,California
Lake,2021-02-20,296,12659,60,3499,236,9160,0,0,253,6266,42,3194,253,9460,California
Lake,2021-02-21,6,12665,6,3505,0,9160,0,0,0,6260,6,3200,0,9460,California
Lake,2021-02-22,138,12803,23,3528,115,9275,0,0,43,6208,95,3295,43,9503,California
Lake,2021-02-23,212,13015,15,3543,197,9472,0,0,26,6048,186,3481,26,9529,California
Lake,2021-02-24,955,13970,378,3921,577,10049,0,0,418,5930,536,4017,418,9947,California
Lake,2021-02-25,731,14701,462,4383,269,10318,0,0,472,6145,257,4274,472,10419,California
Lake,2021-02-26,991,15692,303,4686,688,11006,0,0,346,5849,642,4916,346,10765,California
Lake,2021-02-27,409,16101,97,4783,312,11318,0,0,326,6092,83,4999,326,11091,California
Lake,2021-02-28,19,16120,13,4796,6,11324,0,0,10,6093,9,5008,10,11101,California
Lake,2021-03-01,594,16714,52,4848,542,11866,0,0,442,6383,152,5160,442,11543,California
Lake,2021-03-02,744,17458,18,4866,726,12592,0,0,290,6219,454,5614,290,11833,California
Lake,2021-03-03,357,17815,196,5062,161,12753,0,0,133,6128,224,5838,133,11966,California
Lake,2021-03-04,576,18391,508,5570,68,12821,0,0,562,6676,14,5852,562,12528,California
Lake,2021-03-05,1037,19428,38,5608,999,13820,0,0,174,5991,859,6711,174,12702,California
Lake,2021-03-06,36,19464,11,5619,24,13844,1,1,21,5998,15,6726,22,12724,California
Lake,2021-03-07,7,19471,5,5624,2,13846,0,1,4,5999,3,6729,4,12728,California
Lake,2021-03-08,339,19810,268,5892,62,13908,9,10,299,6267,40,6769,308,13036,California
Lake,2021-03-09,917,20727,27,5919,873,14781,17,27,394,6156,522,7291,411,13447,California
Lake,2021-03-10,202,20929,58,5977,131,14912,13,40,135,6237,67,7358,148,13595,California
Lake,2021-03-11,588,21517,47,6024,65,14977,476,516,52,6229,536,7894,528,14123,California
Lake,2021-03-12,856,22373,205,6229,627,15604,24,540,366,6130,489,8383,390,14513,California
Lake,2021-03-13,276,22649,22,6251,17,15621,237,777,16,6123,259,8642,252,14765,California
Lake,2021-03-14,12,22661,2,6253,10,15631,0,777,7,6125,5,8647,7,14772,California
Lake,2021-03-15,642,23303,14,6267,610,16241,18,795,483,6467,159,8806,501,15273,California
Lake,2021-03-16,1105,24408,829,7096,259,16500,17,812,448,6278,653,9459,464,15737,California
Lake,2021-03-17,245,24653,119,7215,104,16604,22,834,88,6231,157,9616,110,15847,California
Lake,2021-03-18,748,25401,368,7583,343,16947,37,871,374,6268,373,9989,410,16257,California
Lake,2021-03-19,587,25988,321,7904,246,17193,20,891,486,6674,100,10089,506,16763,California
Lake,2021-03-20,250,26238,8,7912,239,17432,3,894,30,6489,218,10307,33,16796,California
Lake,2021-03-21,17,26255,11,7923,5,17437,1,895,12,6497,5,10312,13,16809,California
Lake,2021-03-22,318,26573,239,8162,65,17502,14,909,233,6659,85,10397,247,17056,California
Lake,2021-03-23,412,26985,18,8180,381,17883,13,922,351,6963,60,10457,364,17420,California
Lake,2021-03-24,412,27397,60,8240,344,18227,8,930,316,7193,95,10552,325,17745,California
Lake,2021-03-25,658,28055,469,8709,183,18410,6,936,174,6889,484,11036,180,17925,California
Lake,2021-03-26,71,28126,33,8742,37,18447,1,937,49,6917,22,11058,50,17975,California
Lake,2021-03-27,309,28435,7,8749,299,18746,3,940,18,6649,289,11347,21,17996,California
Lake,2021-03-28,14,28449,5,8754,9,18755,0,940,8,6651,6,11353,8,18004,California
Lake,2021-03-29,899,29348,269,9023,628,19383,2,942,193,6142,704,12057,195,18199,California
Lake,2021-03-30,449,29797,303,9326,144,19527,2,944,364,6423,85,12142,366,18565,California
Lake,2021-03-31,579,30376,61,9387,518,20045,0,944,416,6684,155,12297,416,18981,California
Lake,2021-04-01,426,30802,224,9611,190,20235,12,956,178,6629,245,12542,190,19171,California
Lake,2021-04-02,224,31026,42,9653,154,20389,28,984,102,6637,122,12664,130,19301,California
Lake,2021-04-03,31,31057,8,9661,20,20409,3,987,11,6631,20,12684,14,19315,California
Lake,2021-04-04,19,31076,10,9671,7,20416,2,989,14,6642,5,12689,16,19331,California
Lake,2021-04-05,635,31711,68,9739,546,20962,21,1010,395,6820,237,12926,415,19746,California
Lake,2021-04-06,473,32184,22,9761,424,21386,27,1037,303,6982,168,13094,330,20076,California
Lake,2021-04-07,503,32687,54,9815,406,21792,43,1080,344,7211,158,13252,387,20463,California
Lake,2021-04-08,583,33270,475,10290,49,21841,59,1139,95,6879,486,13738,154,20617,California
Lake,2021-04-09,278,33548,43,10333,169,22010,66,1205,49,6768,226,13964,115,20732,California
Lake,2021-04-10,234,33782,16,10349,8,22018,210,1415,13,6770,221,14185,223,20955,California
Lake,2021-04-11,29,33811,20,10369,5,22023,4,1419,13,6771,16,14201,17,20972,California
Lake,2021-04-12,126,33937,23,10392,76,22099,27,1446,58,6788,68,14269,85,21057,California
Lake,2021-04-13,168,34105,106,10498,61,22160,1,1447,51,6723,117,14386,52,21109,California
Lake,2021-04-14,154,34259,11,10509,143,22303,0,1447,129,6827,25,14411,129,21238,California
Lassen,2020-12-16,8,8,8,8,0,0,0,0,8,8,0,0,8,8,California
Lassen,2020-12-17,6,14,6,14,0,0,0,0,6,14,0,0,6,14,California
Lassen,2020-12-18,1,15,1,15,0,0,0,0,1,15,0,0,1,15,California
Lassen,2020-12-19,5,20,5,20,0,0,0,0,5,20,0,0,5,20,California
Lassen,2020-12-20,2,22,2,22,0,0,0,0,2,22,0,0,2,22,California
Lassen,2020-12-21,11,33,11,33,0,0,0,0,11,33,0,0,11,33,California
Lassen,2020-12-22,23,56,23,56,0,0,0,0,23,56,0,0,23,56,California
Lassen,2020-12-23,6,62,6,62,0,0,0,0,6,62,0,0,6,62,California
Lassen,2020-12-24,11,73,11,73,0,0,0,0,11,73,0,0,11,73,California
Lassen,2020-12-28,3,76,2,75,1,1,0,0,3,76,0,0,3,76,California
Lassen,2020-12-29,35,111,35,110,0,1,0,0,35,111,0,0,35,111,California
Lassen,2020-12-30,37,148,36,146,1,2,0,0,37,148,0,0,37,148,California
Lassen,2020-12-31,49,197,42,188,7,9,0,0,49,197,0,0,49,197,California
Lassen,2021-01-02,1,198,0,188,1,10,0,0,1,198,0,0,1,198,California
Lassen,2021-01-04,15,213,1,189,14,24,0,0,15,213,0,0,15,213,California
Lassen,2021-01-05,194,407,53,242,141,165,0,0,194,407,0,0,194,407,California
Lassen,2021-01-06,95,502,43,285,52,217,0,0,87,487,8,8,88,495,California
Lassen,2021-01-07,43,545,7,292,36,253,0,0,37,518,6,14,37,532,California
Lassen,2021-01-08,50,595,2,294,48,301,0,0,50,568,0,14,50,582,California
Lassen,2021-01-09,12,607,6,300,6,307,0,0,12,580,0,14,12,594,California
Lassen,2021-01-11,27,634,5,305,22,329,0,0,27,607,0,14,27,621,California
Lassen,2021-01-12,49,683,29,334,20,349,0,0,30,618,19,33,30,651,California
Lassen,2021-01-13,161,844,18,352,143,492,0,0,146,749,15,48,146,797,California
Lassen,2021-01-14,163,1007,18,370,145,637,0,0,151,888,12,60,151,948,California
Lassen,2021-01-15,33,1040,6,376,27,664,0,0,33,921,0,60,33,981,California
Lassen,2021-01-16,34,1074,33,409,1,665,0,0,34,955,0,60,34,1015,California
Lassen,2021-01-17,1,1075,0,409,1,666,0,0,1,956,0,60,1,1016,California
Lassen,2021-01-18,5,1080,2,411,3,669,0,0,4,959,1,61,4,1020,California
Lassen,2021-01-19,185,1265,36,447,149,818,0,0,157,1088,28,89,157,1177,California
Lassen,2021-01-20,188,1453,100,547,88,906,0,0,104,1123,69,158,104,1281,California
Lassen,2021-01-21,145,1598,94,641,51,957,0,0,120,1224,19,177,120,1401,California
Lassen,2021-01-22,31,1629,18,659,13,970,0,0,21,1235,10,187,21,1422,California
Lassen,2021-01-23,1,1630,0,659,1,971,0,0,1,1236,0,187,1,1423,California
Lassen,2021-01-24,1,1631,0,659,1,972,0,0,1,1237,0,187,1,1424,California
Lassen,2021-01-25,11,1642,0,659,11,983,0,0,11,1248,0,187,11,1435,California
Lassen,2021-01-26,126,1768,12,671,114,1097,0,0,123,1367,4,191,123,1558,California
Lassen,2021-01-27,82,1850,30,701,52,1149,0,0,67,1419,15,206,67,1625,California
Lassen,2021-01-28,85,1935,14,715,71,1220,0,0,84,1502,1,207,84,1709,California
Lassen,2021-01-29,23,1958,7,722,16,1236,0,0,22,1523,1,208,22,1731,California
Lassen,2021-02-01,62,2020,4,726,58,1294,0,0,36,1533,26,234,36,1767,California
Lassen,2021-02-02,178,2198,12,738,166,1460,0,0,44,1443,134,368,44,1811,California
Lassen,2021-02-03,96,2294,21,759,75,1535,0,0,51,1449,45,413,51,1862,California
Lassen,2021-02-04,112,2406,15,774,97,1632,0,0,63,1463,49,462,63,1925,California
Lassen,2021-02-05,65,2471,12,786,53,1685,0,0,23,1444,42,504,23,1948,California
Lassen,2021-02-06,69,2540,34,820,35,1720,0,0,36,1448,32,536,36,1984,California
Lassen,2021-02-07,1,2541,1,821,0,1720,0,0,1,1449,0,536,1,1985,California
Lassen,2021-02-08,43,2584,4,825,39,1759,0,0,18,1442,25,561,18,2003,California
Lassen,2021-02-09,128,2712,8,833,120,1879,0,0,49,1412,79,640,49,2052,California
Lassen,2021-02-10,182,2894,20,853,162,2041,0,0,75,1380,107,747,75,2127,California
Lassen,2021-02-11,183,3077,16,869,167,2208,0,0,79,1356,103,850,79,2206,California
Lassen,2021-02-12,43,3120,12,881,31,2239,0,0,15,1343,28,878,15,2221,California
Lassen,2021-02-13,11,3131,3,884,8,2247,0,0,9,1350,2,880,9,2230,California
Lassen,2021-02-14,13,3144,0,884,13,2260,0,0,12,1361,1,881,12,2242,California
Lassen,2021-02-15,20,3164,1,885,19,2279,0,0,16,1373,4,885,16,2258,California
Lassen,2021-02-16,193,3357,4,889,189,2468,0,0,32,1246,159,1044,32,2290,California
Lassen,2021-02-17,184,3541,94,983,90,2558,0,0,11,1084,173,1217,11,2301,California
Lassen,2021-02-18,79,3620,22,1005,57,2615,0,0,20,1045,59,1276,20,2321,California
Lassen,2021-02-19,82,3702,62,1067,20,2635,0,0,18,999,64,1340,18,2339,California
Lassen,2021-02-20,7,3709,0,1067,7,2642,0,0,5,1002,2,1342,5,2344,California
Lassen,2021-02-21,22,3731,2,1069,20,2662,0,0,18,1016,4,1346,18,2362,California
Lassen,2021-02-22,23,3754,8,1077,15,2677,0,0,5,1003,18,1364,5,2367,California
Lassen,2021-02-23,152,3906,9,1086,143,2820,0,0,41,933,111,1475,41,2408,California
Lassen,2021-02-24,165,4071,16,1102,149,2969,0,0,107,983,57,1532,107,2515,California
Lassen,2021-02-25,156,4227,19,1121,137,3106,0,0,99,1025,57,1589,99,2614,California
Lassen,2021-02-26,74,4301,16,1137,58,3164,0,0,37,1025,37,1626,37,2651,California
Lassen,2021-02-27,7,4308,7,1144,0,3164,0,0,3,1024,4,1630,3,2654,California
Lassen,2021-02-28,6,4314,1,1145,5,3169,0,0,3,1024,3,1633,3,2657,California
Lassen,2021-03-01,40,4354,4,1149,36,3205,0,0,7,998,33,1666,7,2664,California
Lassen,2021-03-02,104,4458,7,1156,97,3302,0,0,79,1052,25,1691,79,2743,California
Lassen,2021-03-03,168,4626,12,1168,156,3458,0,0,111,1106,57,1748,111,2854,California
Lassen,2021-03-04,147,4773,14,1182,133,3591,0,0,98,1156,48,1796,98,2952,California
Lassen,2021-03-05,47,4820,7,1189,17,3608,23,23,11,1154,36,1832,34,2986,California
Lassen,2021-03-06,54,4874,4,1193,28,3636,22,45,4,1130,50,1882,26,3012,California
Lassen,2021-03-07,56,4930,1,1194,0,3636,55,100,1,1131,55,1937,56,3068,California
Lassen,2021-03-08,89,5019,1,1195,8,3644,80,180,3,1129,85,2022,83,3151,California
Lassen,2021-03-09,136,5155,11,1206,108,3752,17,197,89,1188,47,2069,106,3257,California
Lassen,2021-03-10,172,5327,10,1216,161,3913,1,198,79,1175,93,2162,80,3337,California
Lassen,2021-03-11,185,5512,16,1232,162,4075,7,205,113,1226,69,2231,120,3457,California
Lassen,2021-03-12,34,5546,18,1250,12,4087,4,209,12,1220,22,2253,16,3473,California
Lassen,2021-03-13,49,5595,0,1250,3,4090,46,255,1,1218,48,2301,46,3519,California
Lassen,2021-03-14,14,5609,2,1252,11,4101,1,256,2,1209,12,2313,3,3522,California
Lassen,2021-03-15,31,5640,0,1252,31,4132,0,256,15,1208,16,2329,15,3537,California
Lassen,2021-03-16,91,5731,2,1254,83,4215,6,262,73,1269,18,2347,79,3616,California
Lassen,2021-03-17,1080,6811,8,1262,1067,5282,5,267,1061,2316,19,2366,1066,4682,California
Lassen,2021-03-18,96,6907,10,1272,85,5367,1,268,82,2385,14,2380,83,4765,California
Lassen,2021-03-19,17,6924,11,1283,2,5369,4,272,7,2386,10,2390,11,4776,California
Lassen,2021-03-20,31,6955,3,1286,25,5394,3,275,25,2408,6,2396,28,4804,California
Lassen,2021-03-21,34,6989,0,1286,34,5428,0,275,14,2403,19,2415,14,4818,California
Lassen,2021-03-22,55,7044,0,1286,55,5483,0,275,52,2452,3,2418,52,4870,California
Lassen,2021-03-23,119,7163,9,1295,109,5592,1,276,68,2470,51,2469,69,4939,California
Lassen,2021-03-24,210,7373,12,1307,198,5790,0,276,106,2473,103,2572,106,5045,California
Lassen,2021-03-25,150,7523,21,1328,129,5919,0,276,68,2459,82,2654,68,5113,California
Lassen,2021-03-26,76,7599,12,1340,25,5944,39,315,17,2456,59,2713,56,5169,California
Lassen,2021-03-27,19,7618,3,1343,1,5945,15,330,3,2458,16,2729,18,5187,California
Lassen,2021-03-28,18,7636,3,1346,5,5950,10,340,4,2458,14,2743,14,5201,California
Lassen,2021-03-29,52,7688,1,1347,26,5976,25,365,21,2473,31,2774,46,5247,California
Lassen,2021-03-30,197,7885,9,1356,163,6139,25,390,50,2401,147,2921,75,5322,California
Lassen,2021-03-31,146,8031,12,1368,112,6251,22,412,62,2401,84,3005,84,5406,California
Lassen,2021-04-01,166,8197,16,1384,131,6382,19,431,49,2353,116,3121,68,5474,California
Lassen,2021-04-02,27,8224,3,1387,3,6385,21,452,1,2349,26,3147,22,5496,California
Lassen,2021-04-03,12,8236,0,1387,2,6387,10,462,0,2347,12,3159,10,5506,California
Lassen,2021-04-04,7,8243,2,1389,0,6387,5,467,1,2347,6,3165,6,5512,California
Lassen,2021-04-05,25,8268,5,1394,12,6399,8,475,12,2355,12,3177,20,5532,California
Lassen,2021-04-06,181,8449,8,1402,142,6541,31,506,50,2305,131,3308,81,5613,California
Lassen,2021-04-07,135,8584,7,1409,92,6633,36,542,35,2276,100,3408,71,5684,California
Lassen,2021-04-08,159,8743,8,1417,101,6734,50,592,29,2229,126,3534,79,5763,California
Lassen,2021-04-09,40,8783,3,1420,8,6742,29,621,3,2223,36,3570,30,5793,California
Lassen,2021-04-10,9,8792,0,1420,2,6744,7,628,1,2223,8,3578,8,5801,California
Lassen,2021-04-11,7,8799,2,1422,0,6744,5,633,2,2225,5,3583,7,5808,California
Lassen,2021-04-12,24,8823,2,1424,8,6752,14,647,2,2219,22,3605,16,5824,California
Lassen,2021-04-13,57,8880,4,1428,53,6805,0,647,11,2185,45,3650,11,5835,California
Lassen,2021-04-14,776,9656,11,1439,765,7570,0,647,29,1468,746,4396,29,5864,California
Los Angeles,2020-12-15,392,392,392,392,0,0,0,0,392,392,0,0,392,392,California
Los Angeles,2020-12-16,3361,3753,3361,3753,0,0,0,0,3361,3753,0,0,3361,3753,California
Los Angeles,2020-12-17,10228,13981,10228,13981,0,0,0,0,10229,13982,0,0,10229,13982,California
Los Angeles,2020-12-18,14502,28483,14479,28460,23,23,0,0,14502,28484,0,0,14502,28484,California
Los Angeles,2020-12-19,7215,35698,7208,35668,7,30,0,0,7216,35700,0,0,7216,35700,California
Los Angeles,2020-12-20,4574,40272,4567,40235,7,37,0,0,4576,40276,0,0,4576,40276,California
Los Angeles,2020-12-21,13666,53938,13654,53889,12,49,0,0,13667,53942,1,1,13667,53943,California
Los Angeles,2020-12-22,11496,65434,11117,65006,379,428,0,0,11497,65438,1,2,11497,65440,California
Los Angeles,2020-12-23,11867,77301,10110,75116,1757,2185,0,0,11868,77306,0,2,11868,77308,California
Los Angeles,2020-12-24,7007,84308,4239,79355,2768,4953,0,0,7010,84316,0,2,7010,84318,California
Los Angeles,2020-12-25,521,84829,416,79771,105,5058,0,0,521,84837,0,2,521,84839,California
Los Angeles,2020-12-26,2524,87353,2179,81950,345,5403,0,0,2524,87360,1,3,2524,87363,California
Los Angeles,2020-12-27,1752,89105,1022,82972,730,6133,0,0,1752,89112,0,3,1752,89115,California
Los Angeles,2020-12-28,10256,99361,6357,89329,3899,10032,0,0,10254,99365,1,4,10254,99369,California
Los Angeles,2020-12-29,11574,110935,6058,95387,5516,15548,0,0,11576,110941,0,4,11576,110945,California
Los Angeles,2020-12-30,14843,125778,8078,103465,6765,22313,0,0,14842,125783,0,4,14842,125787,California
Los Angeles,2020-12-31,7896,133674,2742,106207,5154,27467,0,0,7894,133676,1,5,7894,133681,California
Los Angeles,2021-01-01,951,134625,251,106458,700,28167,0,0,951,134627,0,5,951,134632,California
Los Angeles,2021-01-02,4434,139059,1648,108106,2786,30953,0,0,4434,139061,0,5,4434,139066,California
Los Angeles,2021-01-03,918,139977,203,108309,715,31668,0,0,917,139977,1,6,917,139983,California
Los Angeles,2021-01-04,12646,152623,4838,113147,7808,39476,0,0,12632,152606,3,9,12632,152615,California
Los Angeles,2021-01-05,15978,168601,7062,120209,8916,48392,0,0,14072,164806,1873,1882,14073,166688,California
Los Angeles,2021-01-06,22467,191068,12036,132245,10431,58823,0,0,16888,176191,5510,7392,16895,183583,California
Los Angeles,2021-01-07,29310,220378,15781,148026,13529,72352,0,0,18829,184595,10435,17827,18839,202422,California
Los Angeles,2021-01-08,32998,253376,17858,165884,15140,87492,0,0,20806,193242,12167,29994,20814,223236,California
Los Angeles,2021-01-09,12323,265699,7050,172934,5273,92765,0,0,7466,195858,4856,34850,7472,230708,California
Los Angeles,2021-01-10,4643,270342,3626,176560,1017,93782,0,0,1917,195050,2726,37576,1918,232626,California
Los Angeles,2021-01-11,25721,296063,16208,192768,9513,103295,0,0,14807,198959,10904,48480,14813,247439,California
Los Angeles,2021-01-12,29133,325196,16036,208804,13097,116392,0,0,19030,207912,10085,58565,19038,266477,California
Los Angeles,2021-01-13,29193,354389,15593,224397,13600,129992,0,0,20267,219276,8908,67473,20272,286749,California
Los Angeles,2021-01-14,29196,383585,12690,237087,16506,146498,0,0,23703,237513,5475,72948,23712,310461,California
Los Angeles,2021-01-15,33702,417287,12321,249408,21381,167879,0,0,30144,264134,3533,76481,30154,340615,California
Los Angeles,2021-01-16,17508,434795,4953,254361,12555,180434,0,0,15732,278103,1768,78249,15737,356352,California
Los Angeles,2021-01-17,5172,439967,2293,256654,2879,183313,0,0,4927,282788,244,78493,4929,361281,California
Los Angeles,2021-01-18,15551,455518,10044,266698,5507,188820,0,0,10851,288952,4688,83181,10852,372133,California
Los Angeles,2021-01-19,38376,493894,20521,287219,17855,206675,0,0,30610,311845,7725,90906,30618,402751,California
Los Angeles,2021-01-20,45491,539385,23696,310915,21795,228470,0,0,38010,342412,7451,98357,38018,440769,California
Los Angeles,2021-01-21,48453,587838,22330,333245,26123,254593,0,0,44213,382459,4178,102535,44225,484994,California
Los Angeles,2021-01-22,47570,635408,22178,355423,25392,279985,0,0,44173,423285,3354,105889,44180,529174,California
Los Angeles,2021-01-23,33868,669276,15661,371084,18207,298192,0,0,31833,453121,2006,107895,31842,561016,California
Los Angeles,2021-01-24,15669,684945,12158,383242,3511,301703,0,0,15124,467707,539,108434,15125,576141,California
Los Angeles,2021-01-25,38535,723480,16351,399593,22184,323887,0,0,30101,489429,8405,116839,30127,606268,California
Los Angeles,2021-01-26,49022,772502,24310,423903,24712,348599,0,0,40888,522252,8101,124940,40924,647192,California
Los Angeles,2021-01-27,48209,820711,25695,449598,22514,371113,0,0,39070,552349,9006,133946,39103,686295,California
Los Angeles,2021-01-28,48321,869032,23001,472599,25320,396433,0,0,39992,584140,8215,142161,40006,726301,California
Los Angeles,2021-01-29,49039,918071,25283,497882,23756,420189,0,0,39051,613566,9637,151798,39063,765364,California
Los Angeles,2021-01-30,29896,947967,15349,513231,14547,434736,0,0,25785,635317,4037,155835,25788,791152,California
Los Angeles,2021-01-31,12961,960928,10337,523568,2624,437360,0,0,12050,646470,900,156735,12053,803205,California
Los Angeles,2021-02-01,37838,998766,16090,539658,21748,459108,0,0,27627,663924,10182,166917,27636,830841,California
Los Angeles,2021-02-02,44056,1042822,17825,557483,26231,485339,0,0,31928,683765,12091,179008,31932,862773,California
Los Angeles,2021-02-03,51926,1094748,19429,576912,32497,517836,0,0,37286,706650,14407,193415,37292,900065,California
Los Angeles,2021-02-04,57035,1151783,20633,597545,36402,554238,0,0,39032,727995,17698,211113,39043,939108,California
Los Angeles,2021-02-05,60925,1212708,20947,618492,39978,594216,0,0,39151,745804,21360,232473,39169,978277,California
Los Angeles,2021-02-06,35377,1248085,13241,631733,22136,616352,0,0,26992,764504,8313,240786,27013,1005290,California
Los Angeles,2021-02-07,10757,1258842,8347,640080,2410,618762,0,0,8389,770547,2352,243138,8395,1013685,California
Los Angeles,2021-02-08,46585,1305427,21409,661489,25176,643938,0,0,30492,785079,15963,259101,30495,1044180,California
Los Angeles,2021-02-09,55625,1361052,24543,686032,31082,675020,0,0,28349,786227,27219,286320,28367,1072547,California
Los Angeles,2021-02-10,66713,1427765,29319,715351,37394,712414,0,0,30931,781762,35414,321734,30949,1103496,California
Los Angeles,2021-02-11,57774,1485539,30773,746124,27001,739415,0,0,27930,780290,29414,351148,27942,1131438,California
Los Angeles,2021-02-12,59355,1544894,29739,775863,29616,769031,0,0,25936,773153,33090,384238,25953,1157391,California
Los Angeles,2021-02-13,33749,1578643,19596,795459,14153,783184,0,0,15468,770465,18201,402439,15513,1172904,California
Los Angeles,2021-02-14,21852,1600495,14953,810412,6899,790083,0,0,8775,766225,13018,415457,8778,1181682,California
Los Angeles,2021-02-15,32308,1632803,15791,826203,16517,806600,0,0,17750,769483,14502,429959,17760,1199442,California
Los Angeles,2021-02-16,63756,1696559,32406,858609,31350,837950,0,0,29852,765521,33825,463784,29863,1229305,California
Los Angeles,2021-02-17,63787,1760346,34152,892761,29635,867585,0,0,26329,754561,37295,501079,26335,1255640,California
Los Angeles,2021-02-18,67956,1828302,34584,927345,33372,900957,0,0,28580,744022,39131,540210,28592,1284232,California
Los Angeles,2021-02-19,56829,1885131,34913,962258,21916,922873,0,0,28301,743901,28439,568649,28318,1312550,California
Los Angeles,2021-02-20,31990,1917121,23750,986008,8240,931113,0,0,15643,743242,16313,584962,15654,1328204,California
Los Angeles,2021-02-21,16453,1933574,14820,1000828,1633,932746,0,0,8421,743667,8005,592967,8430,1336634,California
Los Angeles,2021-02-22,34020,1967594,24843,1025671,9177,941923,0,0,17626,744977,16329,609296,17639,1354273,California
Los Angeles,2021-02-23,53177,2020771,22602,1048273,30575,972498,0,0,21026,733974,32057,641353,21054,1375327,California
Los Angeles,2021-02-24,63620,2084391,27911,1076184,35709,1008207,0,0,27954,726444,35511,676864,27981,1403308,California
Los Angeles,2021-02-25,72867,2157258,33389,1109573,39478,1047685,0,0,38315,730367,34408,711272,38331,1441639,California
Los Angeles,2021-02-26,82386,2239644,38420,1147993,43966,1091651,0,0,47250,742725,34921,746193,47279,1488918,California
Los Angeles,2021-02-27,58360,2298004,24794,1172787,33563,1125214,3,3,29854,744233,28373,774566,29881,1518799,California
Los Angeles,2021-02-28,26690,2324694,18418,1191205,8272,1133486,0,3,18832,755282,7787,782353,18836,1537635,California
Los Angeles,2021-03-01,55091,2379785,30743,1221948,24338,1157824,10,13,33369,767089,21588,803941,33395,1571030,California
Los Angeles,2021-03-02,70094,2449879,30999,1252947,39093,1196917,2,15,42866,782844,27122,831063,42877,1613907,California
Los Angeles,2021-03-03,80804,2530683,40480,1293427,40319,1237236,5,20,50531,803273,30130,861193,50559,1664466,California
Los Angeles,2021-03-04,88245,2618928,45480,1338907,42756,1279992,9,29,55616,826442,32468,893661,55637,1720103,California
Los Angeles,2021-03-05,86831,2705759,42226,1381133,44584,1324576,21,50,57994,855812,28675,922336,58045,1778148,California
Los Angeles,2021-03-06,65395,2771154,32713,1413846,30875,1355451,1807,1857,42024,876412,23248,945584,43848,1821996,California
Los Angeles,2021-03-07,25488,2796642,19201,1433047,5500,1360951,787,2644,19655,891039,5815,951399,20442,1842438,California
Los Angeles,2021-03-08,50967,2847609,26440,1459487,22593,1383544,1934,4578,38337,918768,12544,963943,40273,1882711,California
Los Angeles,2021-03-09,67988,2915597,25693,1485180,39031,1422575,3264,7842,40654,935480,27202,991145,43914,1926625,California
Los Angeles,2021-03-10,78237,2993834,36903,1522083,36714,1459289,4620,12462,49160,960283,28947,1020092,53750,1980375,California
Los Angeles,2021-03-11,90718,3084552,44111,1566194,40400,1499689,6207,18669,53349,982594,37218,1057310,59529,2039904,California
Los Angeles,2021-03-12,95525,3180077,42398,1608592,39554,1539243,13573,32242,55678,1012125,39686,1096996,69217,2109121,California
Los Angeles,2021-03-13,72145,3252222,33393,1641985,26919,1566162,11833,44075,43031,1037950,29018,1126014,54843,2163964,California
Los Angeles,2021-03-14,37764,3289986,25260,1667245,10098,1576260,2406,46481,25354,1053339,12358,1138372,27747,2191711,California
Los Angeles,2021-03-15,73189,3363175,35380,1702625,32503,1608763,5306,51787,44723,1075050,28311,1166683,50022,2241733,California
Los Angeles,2021-03-16,97328,3460503,41882,1744507,49736,1658499,5710,57497,63468,1110520,33691,1200374,69161,2310894,California
Los Angeles,2021-03-17,94238,3554741,42390,1786897,43913,1702412,7935,65432,63412,1151177,30664,1231038,71321,2382215,California
Los Angeles,2021-03-18,97273,3652014,46287,1833184,45852,1748264,5134,70566,61884,1183036,35151,1266189,67010,2449225,California
Los Angeles,2021-03-19,104366,3756380,54286,1887470,45507,1793771,4573,75139,64866,1213204,39273,1305462,69441,2518666,California
Los Angeles,2021-03-20,73898,3830278,35943,1923413,33711,1827482,4244,79383,51365,1246420,22388,1327850,55604,2574270,California
Los Angeles,2021-03-21,33394,3863672,24666,1948079,7887,1835369,841,80224,21720,1257381,11597,1339447,22558,2596828,California
Los Angeles,2021-03-22,67464,3931136,39998,1988077,25514,1860883,1952,82176,48133,1288325,19140,1358587,50084,2646912,California
Los Angeles,2021-03-23,92618,4023754,50017,2038094,39697,1900580,2904,85080,61887,1322585,30528,1389115,64788,2711700,California
Los Angeles,2021-03-24,101311,4125065,53802,2091896,44661,1945241,2848,87928,60338,1345050,40716,1429831,63181,2774881,California
Los Angeles,2021-03-25,105865,4230930,56597,2148493,45720,1990961,3548,91476,60879,1364720,44750,1474581,64420,2839301,California
Los Angeles,2021-03-26,111025,4341955,60607,2209100,46343,2037304,4075,95551,63560,1385087,47257,1521838,67624,2906925,California
Los Angeles,2021-03-27,80397,4422352,42035,2251135,36272,2073576,2090,97641,42039,1391067,38151,1559989,44131,2951056,California
Los Angeles,2021-03-28,40565,4462917,27163,2278298,12820,2086396,582,98223,20650,1392458,19841,1579830,21232,2972288,California
Los Angeles,2021-03-29,80626,4543543,45518,2323816,33527,2119923,1581,99804,46370,1406298,34109,1613939,47949,3020237,California
Los Angeles,2021-03-30,105652,4649195,49431,2373247,50525,2170448,5696,105500,65254,1437006,40230,1654169,70938,3091175,California
Los Angeles,2021-03-31,118871,4768066,59653,2432900,50745,2221193,8473,113973,70503,1467807,48153,1702322,78954,3170129,California
Los Angeles,2021-04-01,128241,4896307,59231,2492131,54286,2275479,14724,128697,70744,1495968,57278,1759600,85439,3255568,California
Los Angeles,2021-04-02,126470,5022777,55645,2547776,56073,2331552,14752,143449,68381,1521281,57826,1817426,83139,3338707,California
Los Angeles,2021-04-03,94238,5117015,42333,2590109,38950,2370502,12955,156404,47190,1534497,46907,1864333,60123,3398830,California
Los Angeles,2021-04-04,37695,5154710,19712,2609821,11973,2382475,6010,162414,16205,1535263,21436,1885769,22202,3421032,California
Los Angeles,2021-04-05,89844,5244554,43573,2653394,36461,2418936,9810,172224,44224,1543818,45472,1931241,54027,3475059,California
Los Angeles,2021-04-06,118541,5363095,55944,2709338,42837,2461773,19760,191984,55272,1555764,63028,1994269,74974,3550033,California
Los Angeles,2021-04-07,117420,5480515,53687,2763025,43992,2505765,19741,211725,54669,1567581,62539,2056808,74356,3624389,California
Los Angeles,2021-04-08,126711,5607226,56509,2819534,47253,2553018,22949,234674,58157,1580291,68327,2125135,81037,3705426,California
Los Angeles,2021-04-09,109392,5716618,44563,2864097,45089,2598107,19740,254414,47393,1585573,61785,2186920,67067,3772493,California
Los Angeles,2021-04-10,86812,5803430,37367,2901464,27659,2625766,21786,276200,30814,1582296,55839,2242759,52562,3825055,California
Los Angeles,2021-04-11,39649,5843079,21446,2922910,9573,2635339,8630,284830,14106,1579521,25490,2268249,22715,3847770,California
Los Angeles,2021-04-12,55055,5898134,21644,2944554,28397,2663736,5014,289844,25341,1580272,29582,2297831,30333,3878103,California
Los Angeles,2021-04-13,88351,5986485,38413,2982967,49605,2713341,333,290177,44419,1581259,43774,2341605,44761,3922864,California
Los Angeles,2021-04-14,55472,6041957,24299,3007266,31152,2744493,21,290198,30429,1586782,24941,2366546,30464,3953328,California
Madera,2020-12-16,22,22,22,22,0,0,0,0,22,22,0,0,22,22,California
Madera,2020-12-17,13,35,13,35,0,0,0,0,13,35,0,0,13,35,California
Madera,2020-12-18,61,96,61,96,0,0,0,0,61,96,0,0,61,96,California
Madera,2020-12-19,5,101,5,101,0,0,0,0,5,101,0,0,5,101,California
Madera,2020-12-20,14,115,14,115,0,0,0,0,14,115,0,0,14,115,California
Madera,2020-12-21,60,175,60,175,0,0,0,0,60,175,0,0,60,175,California
Madera,2020-12-22,98,273,96,271,2,2,0,0,98,273,0,0,98,273,California
Madera,2020-12-23,69,342,69,340,0,2,0,0,69,342,0,0,69,342,California
Madera,2020-12-24,44,386,39,379,5,7,0,0,44,386,0,0,44,386,California
Madera,2020-12-26,28,414,26,405,2,9,0,0,28,414,0,0,28,414,California
Madera,2020-12-27,30,444,12,417,18,27,0,0,30,444,0,0,30,444,California
Madera,2020-12-28,105,549,36,453,69,96,0,0,105,549,0,0,105,549,California
Madera,2020-12-29,173,722,40,493,133,229,0,0,173,722,0,0,173,722,California
Madera,2020-12-30,217,939,86,579,131,360,0,0,217,939,0,0,217,939,California
Madera,2020-12-31,202,1141,80,659,122,482,0,0,202,1141,0,0,202,1141,California
Madera,2021-01-02,85,1226,30,689,55,537,0,0,85,1226,0,0,85,1226,California
Madera,2021-01-03,5,1231,5,694,0,537,0,0,5,1231,0,0,5,1231,California
Madera,2021-01-04,128,1359,64,758,64,601,0,0,128,1359,0,0,128,1359,California
Madera,2021-01-05,278,1637,142,900,136,737,0,0,274,1629,4,4,274,1633,California
Madera,2021-01-06,183,1820,27,927,156,893,0,0,163,1772,20,24,163,1796,California
Madera,2021-01-07,375,2195,93,1020,282,1175,0,0,353,2103,22,46,353,2149,California
Madera,2021-01-08,417,2612,72,1092,345,1520,0,0,362,2412,54,100,363,2512,California
Madera,2021-01-09,37,2649,14,1106,23,1543,0,0,28,2431,9,109,28,2540,California
Madera,2021-01-10,17,2666,14,1120,3,1546,0,0,5,2424,12,121,5,2545,California
Madera,2021-01-11,230,2896,182,1302,48,1594,0,0,187,2568,43,164,187,2732,California
Madera,2021-01-12,392,3288,159,1461,233,1827,0,0,285,2746,107,271,285,3017,California
Madera,2021-01-13,186,3474,92,1553,94,1921,0,0,129,2819,57,328,130,3147,California
Madera,2021-01-14,555,4029,82,1635,473,2394,0,0,521,3306,34,362,521,3668,California
Madera,2021-01-15,596,4625,158,1793,438,2832,0,0,576,3862,20,382,576,4244,California
Madera,2021-01-16,381,5006,47,1840,334,3166,0,0,352,4185,29,411,352,4596,California
Madera,2021-01-17,334,5340,14,1854,320,3486,0,0,330,4511,4,415,330,4926,California
Madera,2021-01-18,75,5415,59,1913,16,3502,0,0,56,4549,18,433,56,4982,California
Madera,2021-01-19,565,5980,130,2043,435,3937,0,0,538,5061,27,460,539,5521,California
Madera,2021-01-20,234,6214,80,2123,154,4091,0,0,206,5240,27,487,206,5727,California
Madera,2021-01-21,236,6450,129,2252,107,4198,0,0,203,5412,31,518,203,5930,California
Madera,2021-01-22,255,6705,83,2335,172,4370,0,0,242,5641,13,531,242,6172,California
Madera,2021-01-23,100,6805,52,2387,48,4418,0,0,76,5693,24,555,76,6248,California
Madera,2021-01-24,101,6906,82,2469,19,4437,0,0,78,5748,23,578,78,6326,California
Madera,2021-01-25,252,7158,121,2590,131,4568,0,0,140,5776,112,690,140,6466,California
Madera,2021-01-26,480,7638,188,2778,292,4860,0,0,292,5883,187,877,294,6760,California
Madera,2021-01-27,735,8373,63,2841,672,5532,0,0,600,6349,135,1012,601,7361,California
Madera,2021-01-28,536,8909,103,2944,433,5965,0,0,432,6677,104,1116,432,7793,California
Madera,2021-01-29,466,9375,95,3039,371,6336,0,0,410,7031,56,1172,410,8203,California
Madera,2021-01-30,503,9878,15,3054,488,6824,0,0,449,7426,54,1226,449,8652,California
Madera,2021-01-31,9,9887,6,3060,3,6827,0,0,8,7433,1,1227,8,8660,California
Madera,2021-02-01,257,10144,73,3133,184,7011,0,0,199,7574,58,1285,199,8859,California
Madera,2021-02-02,249,10393,86,3219,163,7174,0,0,160,7646,88,1373,160,9019,California
Madera,2021-02-03,590,10983,457,3676,133,7307,0,0,472,8003,116,1489,473,9492,California
Madera,2021-02-04,384,11367,120,3796,264,7571,0,0,110,7841,273,1762,111,9603,California
Madera,2021-02-05,967,12334,293,4089,674,8245,0,0,361,7602,601,2363,362,9965,California
Madera,2021-02-06,359,12693,324,4413,35,8280,0,0,320,7884,38,2401,320,10285,California
Madera,2021-02-07,35,12728,7,4420,28,8308,0,0,30,7909,5,2406,30,10315,California
Madera,2021-02-08,382,13110,306,4726,76,8384,0,0,269,8066,112,2518,269,10584,California
Madera,2021-02-09,474,13584,115,4841,359,8743,0,0,194,7984,277,2795,195,10779,California
Madera,2021-02-10,429,14013,149,4990,280,9023,0,0,323,8201,106,2901,323,11102,California
Madera,2021-02-11,931,14944,303,5293,628,9651,0,0,403,8078,527,3428,404,11506,California
Madera,2021-02-12,838,15782,118,5411,720,10371,0,0,306,7861,526,3954,309,11815,California
Madera,2021-02-13,484,16266,44,5455,440,10811,0,0,140,7660,343,4297,142,11957,California
Madera,2021-02-14,398,16664,75,5530,323,11134,0,0,135,7533,263,4560,136,12093,California
Madera,2021-02-15,241,16905,97,5627,144,11278,0,0,176,7645,64,4624,176,12269,California
Madera,2021-02-16,773,17678,183,5810,590,11868,0,0,229,7334,541,5165,230,12499,California
Madera,2021-02-17,609,18287,273,6083,336,12204,0,0,339,7410,265,5430,341,12840,California
Madera,2021-02-18,1291,19578,535,6618,756,12960,0,0,1116,8353,175,5605,1118,13958,California
Madera,2021-02-19,861,20439,546,7164,315,13275,0,0,719,8932,142,5747,721,14679,California
Madera,2021-02-20,1074,21513,983,8147,91,13366,0,0,1003,9866,70,5817,1004,15683,California
Madera,2021-02-21,962,22475,819,8966,143,13509,0,0,956,10816,6,5823,956,16639,California
Madera,2021-02-22,908,23383,832,9798,76,13585,0,0,854,11616,54,5877,854,17493,California
Madera,2021-02-23,768,24151,496,10294,272,13857,0,0,550,11949,217,6094,550,18043,California
Madera,2021-02-24,906,25057,301,10595,605,14462,0,0,378,11799,528,6622,378,18421,California
Madera,2021-02-25,1019,26076,307,10902,712,15174,0,0,590,11963,426,7048,590,19011,California
Madera,2021-02-26,1069,27145,186,11088,883,16057,0,0,696,12287,372,7420,696,19707,California
Madera,2021-02-27,868,28013,244,11332,624,16681,0,0,448,12321,417,7837,451,20158,California
Madera,2021-02-28,188,28201,29,11361,159,16840,0,0,182,12497,6,7843,182,20340,California
Madera,2021-03-01,367,28568,116,11477,251,17091,0,0,189,12509,177,8020,189,20529,California
Madera,2021-03-02,646,29214,267,11744,379,17470,0,0,535,12934,111,8131,536,21065,California
Madera,2021-03-03,1293,30507,691,12435,602,18072,0,0,895,13458,395,8526,919,21984,California
Madera,2021-03-04,1159,31666,502,12937,657,18729,0,0,918,14137,242,8768,921,22905,California
Madera,2021-03-05,1317,32983,402,13339,903,19632,12,12,1058,14961,257,9025,1081,23986,California
Madera,2021-03-06,803,33786,623,13962,148,19780,32,44,483,15157,320,9345,516,24502,California
Madera,2021-03-07,153,33939,27,13989,104,19884,22,66,103,15232,50,9395,125,24627,California
Madera,2021-03-08,582,34521,324,14313,200,20084,58,124,292,15294,290,9685,352,24979,California
Madera,2021-03-09,436,34957,157,14470,246,20330,33,157,273,15447,161,9846,314,25293,California
Madera,2021-03-10,1128,36085,505,14975,546,20876,77,234,702,15806,421,10267,780,26073,California
Madera,2021-03-11,1648,37733,839,15814,478,21354,331,565,752,16006,894,11161,1094,27167,California
Madera,2021-03-12,1514,39247,775,16589,586,21940,153,718,749,16170,764,11925,928,28095,California
Madera,2021-03-13,1800,41047,1271,17860,331,22271,198,916,740,16067,1058,12983,955,29050,California
Madera,2021-03-14,580,41627,447,18307,101,22372,32,948,294,16109,284,13267,326,29376,California
Madera,2021-03-15,718,42345,210,18517,463,22835,45,993,498,16460,218,13485,569,29945,California
Madera,2021-03-16,817,43162,422,18939,348,23183,47,1040,638,16986,177,13662,703,30648,California
Madera,2021-03-17,1407,44569,930,19869,416,23599,61,1101,854,17446,545,14207,1005,31653,California
Madera,2021-03-18,1861,46430,644,20513,1157,24756,60,1161,905,17544,951,15158,1049,32702,California
Madera,2021-03-19,1495,47925,587,21100,824,25580,84,1245,966,18132,526,15684,1114,33816,California
Madera,2021-03-20,1120,49045,763,21863,308,25888,49,1294,574,18256,545,16229,669,34485,California
Madera,2021-03-21,1064,50109,865,22728,154,26042,45,1339,351,17943,710,16939,397,34882,California
Madera,2021-03-22,1353,51462,853,23581,432,26474,68,1407,681,18065,669,17608,791,35673,California
Madera,2021-03-23,1395,52857,841,24422,463,26937,91,1498,739,18323,654,18262,912,36585,California
Madera,2021-03-24,893,53750,464,24886,398,27335,31,1529,594,18653,298,18560,628,37213,California
Madera,2021-03-25,1114,54864,488,25374,602,27937,24,1553,638,18862,466,19026,675,37888,California
Madera,2021-03-26,1426,56290,508,25882,787,28724,131,1684,673,18920,749,19775,807,38695,California
Madera,2021-03-27,826,57116,527,26409,278,29002,21,1705,373,18865,449,20224,394,39089,California
Madera,2021-03-28,419,57535,136,26545,223,29225,60,1765,230,19019,188,20412,342,39431,California
Madera,2021-03-29,680,58215,179,26724,474,29699,27,1792,493,19359,184,20596,524,39955,California
Madera,2021-03-30,1014,59229,558,27282,423,30122,33,1825,557,19495,455,21051,591,40546,California
Madera,2021-03-31,1292,60521,483,27765,695,30817,114,1939,454,19231,834,21885,570,41116,California
Madera,2021-04-01,1219,61740,531,28296,639,31456,49,1988,434,18933,780,22665,482,41598,California
Madera,2021-04-02,1494,63234,408,28704,1029,32485,57,2045,457,18420,1028,23693,515,42113,California
Madera,2021-04-03,871,64105,680,29384,170,32655,21,2066,378,18335,492,24185,407,42520,California
Madera,2021-04-04,184,64289,65,29449,117,32772,2,2068,85,18323,99,24284,87,42607,California
Madera,2021-04-05,725,65014,248,29697,420,33192,57,2125,335,18340,389,24673,406,43013,California
Madera,2021-04-06,1680,66694,875,30572,456,33648,349,2474,631,18274,1047,25720,981,43994,California
Madera,2021-04-07,1187,67881,372,30944,675,34323,140,2614,465,18165,718,26438,609,44603,California
Madera,2021-04-08,1683,69564,668,31612,764,35087,251,2865,575,17896,1102,27540,833,45436,California
Madera,2021-04-09,1490,71054,647,32259,710,35797,133,2998,883,18313,601,28141,1018,46454,California
Madera,2021-04-10,915,71969,648,32907,207,36004,60,3058,684,18828,231,28372,746,47200,California
Madera,2021-04-11,744,72713,610,33517,66,36070,68,3126,281,18716,461,28833,349,47549,California
Madera,2021-04-12,730,73443,274,33791,409,36479,47,3173,303,18643,427,29260,354,47903,California
Madera,2021-04-13,645,74088,224,34015,381,36860,40,3213,222,18497,420,29680,274,48177,California
Madera,2021-04-14,524,74612,196,34211,328,37188,0,3213,186,18351,338,30018,192,48369,California
Marin,2020-12-15,2,2,2,2,0,0,0,0,2,2,0,0,2,2,California
Marin,2020-12-16,107,109,107,109,0,0,0,0,107,109,0,0,107,109,California
Marin,2020-12-17,260,369,260,369,0,0,0,0,260,369,0,0,260,369,California
Marin,2020-12-18,371,740,371,740,0,0,0,0,371,740,0,0,371,740,California
Marin,2020-12-19,350,1090,349,1089,1,1,0,0,350,1090,0,0,350,1090,California
Marin,2020-12-20,167,1257,166,1255,1,2,0,0,167,1257,0,0,167,1257,California
Marin,2020-12-21,238,1495,235,1490,3,5,0,0,238,1495,0,0,238,1495,California
Marin,2020-12-22,521,2016,318,1808,203,208,0,0,521,2016,0,0,521,2016,California
Marin,2020-12-23,732,2748,324,2132,408,616,0,0,732,2748,0,0,732,2748,California
Marin,2020-12-24,358,3106,160,2292,198,814,0,0,358,3106,0,0,358,3106,California
Marin,2020-12-25,27,3133,0,2292,27,841,0,0,27,3133,0,0,27,3133,California
Marin,2020-12-26,142,3275,93,2385,49,890,0,0,142,3275,0,0,142,3275,California
Marin,2020-12-27,93,3368,56,2441,37,927,0,0,93,3368,0,0,93,3368,California
Marin,2020-12-28,408,3776,99,2540,309,1236,0,0,408,3776,0,0,408,3776,California
Marin,2020-12-29,400,4176,88,2628,312,1548,0,0,400,4176,0,0,400,4176,California
Marin,2020-12-30,624,4800,388,3016,236,1784,0,0,624,4800,0,0,624,4800,California
Marin,2020-12-31,198,4998,33,3049,165,1949,0,0,198,4998,0,0,198,4998,California
Marin,2021-01-01,13,5011,5,3054,8,1957,0,0,13,5011,0,0,13,5011,California
Marin,2021-01-02,103,5114,97,3151,6,1963,0,0,103,5114,0,0,103,5114,California
Marin,2021-01-03,54,5168,36,3187,18,1981,0,0,51,5165,0,0,51,5165,California
Marin,2021-01-04,292,5460,189,3376,103,2084,0,0,291,5455,1,1,291,5456,California
Marin,2021-01-05,366,5826,223,3599,143,2227,0,0,323,5735,43,44,323,5779,California
Marin,2021-01-06,819,6645,317,3916,502,2729,0,0,643,6202,176,220,643,6422,California
Marin,2021-01-07,893,7538,503,4419,390,3119,0,0,545,6399,348,568,545,6967,California
Marin,2021-01-08,970,8508,514,4933,456,3575,0,0,594,6618,375,943,594,7561,California
Marin,2021-01-09,618,9126,222,5155,396,3971,0,0,487,6974,131,1074,487,8048,California
Marin,2021-01-10,128,9254,99,5254,29,4000,0,0,54,6954,74,1148,54,8102,California
Marin,2021-01-11,468,9722,327,5581,141,4141,0,0,249,6985,219,1367,250,8352,California
Marin,2021-01-12,939,10661,541,6122,398,4539,0,0,567,7183,369,1736,567,8919,California
Marin,2021-01-13,1177,11838,501,6623,676,5215,0,0,938,7882,239,1975,938,9857,California
Marin,2021-01-14,1067,12905,319,6942,748,5963,0,0,917,8651,148,2123,917,10774,California
Marin,2021-01-15,1153,14058,354,7296,799,6762,0,0,1023,9546,129,2252,1024,11798,California
Marin,2021-01-16,1109,15167,907,8203,202,6964,0,0,1034,10505,75,2327,1034,12832,California
Marin,2021-01-17,1235,16402,1116,9319,119,7083,0,0,1207,11688,27,2354,1210,14042,California
Marin,2021-01-18,361,16763,159,9478,202,7285,0,0,310,11947,51,2405,310,14352,California
Marin,2021-01-19,1154,17917,913,10391,241,7526,0,0,982,12759,171,2576,983,15335,California
Marin,2021-01-20,1783,19700,1204,11595,579,8105,0,0,1054,13095,718,3294,1054,16389,California
Marin,2021-01-21,1682,21382,1062,12657,620,8725,0,0,1330,14078,349,3643,1332,17721,California
Marin,2021-01-22,1695,23077,1086,13743,609,9334,0,0,1530,15443,165,3808,1530,19251,California
Marin,2021-01-23,1842,24919,1341,15084,501,9835,0,0,1757,17116,84,3892,1757,21008,California
Marin,2021-01-24,611,25530,164,15248,447,10282,0,0,579,17663,32,3924,579,21587,California
Marin,2021-01-25,1120,26650,225,15473,895,11177,0,0,687,17919,432,4356,688,22275,California
Marin,2021-01-26,1498,28148,779,16252,719,11896,0,0,1121,18664,376,4732,1121,23396,California
Marin,2021-01-27,1695,29843,868,17120,827,12723,0,0,1344,19660,349,5081,1345,24741,California
Marin,2021-01-28,2068,31911,1062,18182,1006,13729,0,0,1802,21198,265,5346,1803,26544,California
Marin,2021-01-29,2182,34093,1435,19617,747,14476,0,0,1980,22988,191,5537,1981,28525,California
Marin,2021-01-30,1714,35807,899,20516,815,15291,0,0,1636,24547,78,5615,1637,30162,California
Marin,2021-01-31,452,36259,315,20831,137,15428,0,0,427,24949,25,5640,427,30589,California
Marin,2021-02-01,1087,37346,417,21248,670,16098,0,0,887,25637,200,5840,888,31477,California
Marin,2021-02-02,1354,38700,464,21712,890,16988,0,0,726,25745,618,6458,726,32203,California
Marin,2021-02-03,1778,40478,427,22139,1351,18339,0,0,1252,26473,524,6982,1252,33455,California
Marin,2021-02-04,1538,42016,515,22654,1023,19362,0,0,935,26808,600,7582,935,34390,California
Marin,2021-02-05,2173,44189,680,23334,1493,20855,0,0,1334,27307,835,8417,1334,35724,California
Marin,2021-02-06,1426,45615,851,24185,575,21430,0,0,603,27089,822,9239,604,36328,California
Marin,2021-02-07,1287,46902,1005,25190,282,21712,0,0,487,26777,799,10038,487,36815,California
Marin,2021-02-08,1516,48418,754,25944,762,22474,0,0,724,26712,790,10828,725,37540,California
Marin,2021-02-09,1780,50198,1122,27066,658,23132,0,0,834,26600,946,11774,834,38374,California
Marin,2021-02-10,2334,52532,1488,28554,846,23978,0,0,1220,26709,1112,12886,1221,39595,California
Marin,2021-02-11,2860,55392,1643,30197,1217,25195,0,0,1450,26756,1405,14291,1452,41047,California
Marin,2021-02-12,3058,58450,1538,31735,1520,26715,0,0,1563,26826,1493,15784,1563,42610,California
Marin,2021-02-13,2334,60784,1243,32978,1091,27806,0,0,1129,26752,1203,16987,1129,43739,California
Marin,2021-02-14,810,61594,301,33279,509,28315,0,0,718,27379,92,17079,719,44458,California
Marin,2021-02-15,1210,62804,355,33634,855,29170,0,0,831,27832,378,17457,831,45289,California
Marin,2021-02-16,2461,65265,1056,34690,1405,30575,0,0,1503,28378,957,18414,1503,46792,California
Marin,2021-02-17,2084,67349,929,35619,1155,31730,0,0,1084,28464,999,19413,1085,47877,California
Marin,2021-02-18,2412,69761,1577,37196,835,32565,0,0,1062,28177,1349,20762,1062,48939,California
Marin,2021-02-19,2749,72510,2149,39345,600,33165,0,0,1216,27872,1522,22284,1217,50156,California
Marin,2021-02-20,2563,75073,2109,41454,454,33619,0,0,1215,27744,1343,23627,1215,51371,California
Marin,2021-02-21,1281,76354,1089,42543,192,33811,0,0,907,28281,370,23997,907,52278,California
Marin,2021-02-22,1818,78172,1403,43946,415,34226,0,0,1211,28886,606,24603,1211,53489,California
Marin,2021-02-23,2828,81000,1613,45559,1215,35441,0,0,1905,29878,914,25517,1906,55395,California
Marin,2021-02-24,3498,84498,1600,47159,1898,37339,0,0,2248,30884,1243,26760,2249,57644,California
Marin,2021-02-25,3924,88422,1810,48969,2114,39453,0,0,2767,32502,1150,27910,2768,60412,California
Marin,2021-02-26,3478,91900,1877,50846,1601,41054,0,0,2531,34097,936,28846,2531,62943,California
Marin,2021-02-27,2609,94509,1494,52340,1115,42169,0,0,1776,35045,830,29676,1778,64721,California
Marin,2021-02-28,1378,95887,918,53258,460,42629,0,0,1044,35757,332,30008,1044,65765,California
Marin,2021-03-01,2468,98355,1531,54789,937,43566,0,0,1657,36607,807,30815,1657,67422,California
Marin,2021-03-02,2425,100780,1592,56381,832,44398,1,1,1682,37550,740,31555,1683,69105,California
Marin,2021-03-03,4253,105033,2371,58752,1881,46279,1,2,2745,38793,1503,33058,2746,71851,California
Marin,2021-03-04,3329,108362,1638,60390,1690,47969,1,3,2325,40125,997,34055,2329,74180,California
Marin,2021-03-05,3016,111378,1124,61514,1880,49849,12,15,1772,40668,1241,35296,1784,75964,California
Marin,2021-03-06,3221,114599,2313,63827,829,50678,79,94,2649,42828,567,35863,2727,78691,California
Marin,2021-03-07,1368,115967,1153,64980,192,50870,23,117,982,43450,383,36246,1005,79696,California
Marin,2021-03-08,1867,117834,1365,66345,386,51256,116,233,1404,44510,460,36706,1520,81216,California
Marin,2021-03-09,2098,119932,1215,67560,777,52033,106,339,1429,45377,668,37374,1535,82751,California
Marin,2021-03-10,4402,124334,2457,70017,1663,53696,282,621,3180,47620,1219,38593,3462,86213,California
Marin,2021-03-11,4544,128878,1861,71878,2553,56249,130,751,3264,49741,1273,39866,3394,89607,California
Marin,2021-03-12,3927,132805,1526,73404,2051,58300,350,1101,1544,49262,2372,42238,1893,91500,California
Marin,2021-03-13,4054,136859,2849,76253,1137,59437,68,1169,2408,50088,1645,43883,2471,93971,California
Marin,2021-03-14,2274,139133,1096,77349,1062,60499,116,1285,730,49391,1543,45426,846,94817,California
Marin,2021-03-15,3210,142343,1759,79108,1404,61903,47,1332,1206,48648,1995,47421,1252,96069,California
Marin,2021-03-16,4300,146643,2314,81422,1622,63525,364,1696,1526,47766,2771,50192,1889,97958,California
Marin,2021-03-17,4116,150759,2246,83668,1826,65351,44,1740,2001,47707,2104,52296,2045,100003,California
Marin,2021-03-18,4449,155208,2239,85907,2138,67489,72,1812,2219,47781,2216,54512,2290,102293,California
Marin,2021-03-19,4427,159635,2270,88177,1940,69429,217,2029,2408,48394,2012,56524,2625,104918,California
Marin,2021-03-20,3574,163209,1978,90155,1481,70910,115,2144,2033,49008,1535,58059,2149,107067,California
Marin,2021-03-21,1525,164734,1123,91278,377,71287,25,2169,792,49094,731,58790,817,107884,California
Marin,2021-03-22,2462,167196,2127,93405,170,71457,165,2334,991,48783,1467,60257,1156,109040,California
Marin,2021-03-23,4226,171422,2184,95589,1913,73370,129,2463,1939,48570,2281,62538,2068,111108,California
Marin,2021-03-24,4398,175820,2886,98475,1408,74778,104,2567,1789,47864,2598,65136,1892,113000,California
Marin,2021-03-25,4609,180429,2813,101288,1727,76505,69,2636,2250,47835,2346,67482,2317,115317,California
Marin,2021-03-26,4270,184699,2312,103600,1744,78249,214,2850,2408,48611,1846,69328,2622,117939,California
Marin,2021-03-27,3677,188376,2642,106242,1018,79267,17,2867,1141,47244,2525,71853,1158,119097,California
Marin,2021-03-28,2373,190749,1721,107963,646,79913,6,2873,1100,47082,1268,73121,1106,120203,California
Marin,2021-03-29,2674,193423,2082,110045,567,80480,25,2898,1180,46796,1491,74612,1205,121408,California
Marin,2021-03-30,4647,198070,3646,113691,968,81448,33,2931,3062,48308,1583,76195,3095,124503,California
Marin,2021-03-31,5770,203840,4093,117784,1628,83076,49,2980,2593,47784,3166,79361,2642,127145,California
Marin,2021-04-01,4381,208221,2258,120042,1873,84949,250,3230,2110,47880,2264,81625,2360,129505,California
Marin,2021-04-02,3665,211886,1812,121854,1492,86441,361,3591,1953,48489,1705,83330,2314,131819,California
Marin,2021-04-03,3832,215718,2520,124374,944,87385,368,3959,1469,47973,2353,85683,1837,133656,California
Marin,2021-04-04,1625,217343,1225,125599,202,87587,198,4157,1190,48928,433,86116,1388,135044,California
Marin,2021-04-05,2182,219525,1517,127116,294,87881,371,4528,1258,49633,922,87038,1627,136671,California
Marin,2021-04-06,3911,223436,2071,129187,1288,89169,552,5080,2173,50623,1732,88770,2722,139393,California
Marin,2021-04-07,3913,227349,1990,131177,1299,90468,624,5704,1441,50223,2465,91235,2065,141458,California
Marin,2021-04-08,4946,232295,1949,133126,2405,92873,592,6296,2244,50363,2692,93927,2832,144290,California
Marin,2021-04-09,3393,235688,1204,134330,1550,94423,639,6935,1120,49855,2266,96193,1758,146048,California
Marin,2021-04-10,2854,238542,1363,135693,1072,95495,419,7354,1277,49981,1569,97762,1695,147743,California
Marin,2021-04-11,1023,239565,767,136460,96,95591,160,7514,454,50026,568,98330,613,148356,California
Marin,2021-04-12,1406,240971,947,137407,338,95929,121,7635,784,50312,620,98950,906,149262,California
Marin,2021-04-13,3245,244216,1884,139291,1354,97283,7,7642,1170,49421,2068,101018,1177,150439,California
Marin,2021-04-14,3069,247285,1674,140965,1393,98676,2,7644,1201,48764,1860,102878,1203,151642,California
Mariposa,2020-12-17,3,3,3,3,0,0,0,0,38,38,0,0,38,38,California
Mariposa,2020-12-18,5,8,5,8,0,0,0,0,56,94,0,0,56,94,California
Mariposa,2020-12-20,2,10,2,10,0,0,0,0,2,96,0,0,2,96,California
Mariposa,2020-12-21,3,13,3,13,0,0,0,0,45,141,0,0,45,141,California
Mariposa,2020-12-22,2,15,2,15,0,0,0,0,2,143,0,0,2,143,California
Mariposa,2020-12-23,10,25,10,25,0,0,0,0,1,144,0,0,1,144,California
Mariposa,2020-12-24,1,26,0,25,1,1,0,0,0,144,0,0,0,144,California
Mariposa,2020-12-26,1,27,1,26,0,1,0,0,1,145,0,0,1,145,California
Mariposa,2020-12-27,1,28,0,26,1,2,0,0,1,146,0,0,1,146,California
Mariposa,2020-12-28,4,32,2,28,2,4,0,0,4,150,0,0,4,150,California
Mariposa,2020-12-29,33,65,1,29,32,36,0,0,33,183,0,0,33,183,California
Mariposa,2020-12-30,21,86,0,29,21,57,0,0,20,203,0,0,20,203,California
Mariposa,2020-12-31,22,108,0,29,22,79,0,0,22,225,0,0,22,225,California
Mariposa,2021-01-04,9,117,1,30,8,87,0,0,9,234,0,0,9,234,California
Mariposa,2021-01-05,24,141,14,44,10,97,0,0,12,236,10,10,12,246,California
Mariposa,2021-01-06,5,146,3,47,2,99,0,0,2,235,3,13,2,248,California
Mariposa,2021-01-07,49,195,47,94,2,101,0,0,2,190,47,60,2,250,California
Mariposa,2021-01-08,109,304,81,175,28,129,0,0,33,147,76,136,33,283,California
Mariposa,2021-01-09,1,305,0,175,1,130,0,0,1,148,0,136,1,284,California
Mariposa,2021-01-11,24,329,3,178,21,151,0,0,22,168,2,138,22,306,California
Mariposa,2021-01-12,21,350,3,181,18,169,0,0,18,183,3,141,18,324,California
Mariposa,2021-01-13,22,372,1,182,21,190,0,0,21,203,1,142,21,345,California
Mariposa,2021-01-14,94,466,1,183,93,283,0,0,94,297,0,142,94,439,California
Mariposa,2021-01-15,47,513,2,185,45,328,0,0,45,340,2,144,45,484,California
Mariposa,2021-01-16,19,532,2,187,17,345,0,0,18,357,1,145,18,502,California
Mariposa,2021-01-17,2,534,0,187,2,347,0,0,2,359,0,145,2,504,California
Mariposa,2021-01-18,2,536,2,189,0,347,0,0,1,359,1,146,1,505,California
Mariposa,2021-01-19,1,537,0,189,1,348,0,0,1,360,0,146,1,506,California
Mariposa,2021-01-20,26,563,0,189,26,374,0,0,26,386,0,146,26,532,California
Mariposa,2021-01-21,87,650,1,190,86,460,0,0,87,473,0,146,87,619,California
Mariposa,2021-01-22,77,727,1,191,76,536,0,0,77,550,0,146,77,696,California
Mariposa,2021-01-23,125,852,0,191,125,661,0,0,123,673,0,146,123,819,California
Mariposa,2021-01-25,3,855,1,192,2,663,0,0,0,670,3,149,0,819,California
Mariposa,2021-01-26,32,887,2,194,30,693,0,0,3,648,29,178,7,826,California
Mariposa,2021-01-27,34,921,1,195,33,726,0,0,26,666,8,186,26,852,California
Mariposa,2021-01-28,150,1071,2,197,148,874,0,0,136,789,13,199,136,988,California
Mariposa,2021-01-29,58,1129,0,197,58,932,0,0,58,847,0,199,58,1046,California
Mariposa,2021-01-30,3,1132,1,198,2,934,0,0,2,848,1,200,2,1048,California
Mariposa,2021-01-31,1,1133,0,198,1,935,0,0,1,849,0,200,1,1049,California
Mariposa,2021-02-01,55,1188,0,198,55,990,0,0,48,890,7,207,48,1097,California
Mariposa,2021-02-02,8,1196,0,198,8,998,0,0,2,886,6,213,2,1099,California
Mariposa,2021-02-03,26,1222,1,199,25,1023,0,0,22,904,4,217,22,1121,California
Mariposa,2021-02-04,115,1337,7,206,108,1131,0,0,108,1009,4,221,109,1230,California
Mariposa,2021-02-05,239,1576,4,210,235,1366,0,0,217,1204,22,243,217,1447,California
Mariposa,2021-02-06,2,1578,1,211,1,1367,0,0,1,1204,1,244,1,1448,California
Mariposa,2021-02-08,39,1617,1,212,38,1405,0,0,20,1205,19,263,20,1468,California
Mariposa,2021-02-09,11,1628,3,215,8,1413,0,0,6,1206,5,268,6,1474,California
Mariposa,2021-02-10,17,1645,1,216,16,1429,0,0,9,1213,8,276,15,1489,California
Mariposa,2021-02-11,378,2023,4,220,374,1803,0,0,367,1573,9,285,369,1858,California
Mariposa,2021-02-12,174,2197,1,221,173,1976,0,0,130,1659,44,329,130,1988,California
Mariposa,2021-02-13,5,2202,3,224,2,1978,0,0,4,1662,1,330,4,1992,California
Mariposa,2021-02-14,5,2207,2,226,3,1981,0,0,4,1665,1,331,4,1996,California
Mariposa,2021-02-15,8,2215,2,228,6,1987,0,0,7,1671,1,332,7,2003,California
Mariposa,2021-02-16,20,2235,2,230,18,2005,0,0,19,1689,1,333,19,2022,California
Mariposa,2021-02-17,19,2254,1,231,18,2023,0,0,15,1701,3,336,15,2037,California
Mariposa,2021-02-18,55,2309,2,233,53,2076,0,0,12,1670,43,379,12,2049,California
Mariposa,2021-02-19,75,2384,0,233,75,2151,0,0,74,1743,1,380,74,2123,California
Mariposa,2021-02-20,253,2637,4,237,249,2400,0,0,221,1933,31,411,221,2344,California
Mariposa,2021-02-21,231,2868,2,239,229,2629,0,0,230,2162,1,412,230,2574,California
Mariposa,2021-02-22,14,2882,2,241,12,2641,0,0,14,2176,0,412,14,2588,California
Mariposa,2021-02-23,5,2887,2,243,3,2644,0,0,4,2179,1,413,4,2592,California
Mariposa,2021-02-24,18,2905,1,244,17,2661,0,0,2,2165,16,429,2,2594,California
Mariposa,2021-02-25,5,2910,3,247,2,2663,0,0,2,2164,3,432,2,2596,California
Mariposa,2021-02-26,408,3318,2,249,406,3069,0,0,351,2458,57,489,351,2947,California
Mariposa,2021-02-27,153,3471,3,252,150,3219,0,0,150,2605,3,492,150,3097,California
Mariposa,2021-02-28,2,3473,1,253,1,3220,0,0,0,2603,2,494,0,3097,California
Mariposa,2021-03-01,54,3527,1,254,53,3273,0,0,6,2561,48,542,6,3103,California
Mariposa,2021-03-02,6,3533,5,259,1,3274,0,0,3,2561,3,545,3,3106,California
Mariposa,2021-03-03,68,3601,1,260,67,3341,0,0,66,2625,2,547,66,3172,California
Mariposa,2021-03-04,15,3616,5,265,10,3351,0,0,8,2626,7,554,8,3180,California
Mariposa,2021-03-05,40,3656,6,271,34,3385,0,0,33,2656,7,561,37,3217,California
Mariposa,2021-03-06,4,3660,2,273,2,3387,0,0,4,2660,0,561,4,3221,California
Mariposa,2021-03-08,35,3695,3,276,21,3408,11,11,6,2648,29,590,17,3238,California
Mariposa,2021-03-09,24,3719,2,278,12,3420,10,21,9,2652,15,605,19,3257,California
Mariposa,2021-03-10,14,3733,1,279,3,3423,10,31,2,2652,12,617,12,3269,California
Mariposa,2021-03-11,456,4189,6,285,432,3855,18,49,220,2658,235,852,241,3510,California
Mariposa,2021-03-12,242,4431,3,288,210,4065,29,78,108,2661,134,986,137,3647,California
Mariposa,2021-03-13,26,4457,3,291,8,4073,15,93,7,2664,18,1004,21,3668,California
Mariposa,2021-03-14,16,4473,1,292,4,4077,11,104,2,2663,14,1018,13,3681,California
Mariposa,2021-03-15,75,4548,6,298,31,4108,38,142,31,2688,44,1062,69,3750,California
Mariposa,2021-03-16,42,4590,4,302,4,4112,34,176,5,2690,37,1099,39,3789,California
Mariposa,2021-03-17,53,4643,4,306,43,4155,6,182,45,2734,8,1107,52,3841,California
Mariposa,2021-03-18,45,4688,5,311,31,4186,9,191,33,2764,12,1119,42,3883,California
Mariposa,2021-03-19,331,5019,4,315,318,4504,9,200,297,3036,34,1153,306,4189,California
Mariposa,2021-03-20,419,5438,4,319,414,4918,1,201,46,2712,373,1526,49,4238,California
Mariposa,2021-03-21,8,5446,7,326,0,4918,1,202,5,2715,3,1529,6,4244,California
Mariposa,2021-03-22,33,5479,3,329,19,4937,11,213,21,2736,12,1541,33,4277,California
Mariposa,2021-03-23,21,5500,3,332,4,4941,14,227,3,2735,18,1559,17,4294,California
Mariposa,2021-03-24,49,5549,1,333,46,4987,2,229,47,2782,2,1561,49,4343,California
Mariposa,2021-03-25,58,5607,7,340,43,5030,8,237,46,2824,12,1573,54,4397,California
Mariposa,2021-03-26,471,6078,7,347,462,5492,2,239,243,2841,228,1801,245,4642,California
Mariposa,2021-03-27,213,6291,3,350,210,5702,0,239,85,2799,128,1929,86,4728,California
Mariposa,2021-03-28,4,6295,0,350,1,5703,3,242,0,2798,4,1933,3,4731,California
Mariposa,2021-03-29,12,6307,2,352,10,5713,0,242,7,2800,5,1938,7,4738,California
Mariposa,2021-03-30,19,6326,1,353,2,5715,16,258,1,2799,18,1956,17,4755,California
Mariposa,2021-03-31,72,6398,5,358,66,5781,1,259,62,2852,10,1966,63,4818,California
Mariposa,2021-04-01,7,6405,2,360,4,5785,1,260,3,2852,4,1970,4,4822,California
Mariposa,2021-04-02,32,6437,4,364,27,5812,1,261,9,2839,23,1993,10,4832,California
Mariposa,2021-04-03,5,6442,3,367,2,5814,0,261,3,2840,2,1995,3,4835,California
Mariposa,2021-04-04,2,6444,1,368,0,5814,1,262,0,2839,2,1997,1,4836,California
Mariposa,2021-04-05,13,6457,9,377,2,5816,2,264,6,2840,7,2004,8,4844,California
Mariposa,2021-04-06,23,6480,8,385,1,5817,14,278,1,2834,21,2025,15,4859,California
Mariposa,2021-04-07,25,6505,3,388,6,5823,16,294,1,2827,24,2049,17,4876,California
Mariposa,2021-04-08,36,6541,8,396,9,5832,19,313,9,2828,27,2076,28,4904,California
Mariposa,2021-04-09,25,6566,7,403,6,5838,12,325,6,2827,19,2095,18,4922,California
Mariposa,2021-04-10,10,6576,1,404,1,5839,8,333,1,2826,9,2104,8,4930,California
Mariposa,2021-04-11,7,6583,5,409,2,5841,0,333,2,2823,5,2109,2,4932,California
Mariposa,2021-04-12,30,6613,5,414,23,5864,2,335,4,2803,26,2135,6,4938,California
Mariposa,2021-04-13,5,6618,2,416,3,5867,0,335,2,2802,3,2138,2,4940,California
Mariposa,2021-04-14,2,6620,0,416,2,5869,0,335,0,2800,2,2140,0,4940,California
Mendocino,2020-12-17,70,70,70,70,0,0,0,0,70,70,0,0,70,70,California
Mendocino,2020-12-18,85,155,84,154,1,1,0,0,84,154,0,0,84,154,California
Mendocino,2020-12-19,4,159,4,158,0,1,0,0,4,158,0,0,4,158,California
Mendocino,2020-12-20,7,166,7,165,0,1,0,0,7,165,0,0,7,165,California
Mendocino,2020-12-21,245,411,245,410,0,1,0,0,77,242,0,0,77,242,California
Mendocino,2020-12-22,250,661,189,599,61,62,0,0,250,492,0,0,250,492,California
Mendocino,2020-12-23,270,931,47,646,223,285,0,0,269,761,0,0,269,761,California
Mendocino,2020-12-24,49,980,8,654,41,326,0,0,49,810,0,0,49,810,California
Mendocino,2020-12-25,1,981,0,654,1,327,0,0,1,811,0,0,1,811,California
Mendocino,2020-12-26,2,983,2,656,0,327,0,0,2,813,0,0,2,813,California
Mendocino,2020-12-27,1,984,0,656,1,328,0,0,1,814,0,0,1,814,California
Mendocino,2020-12-28,73,1057,8,664,65,393,0,0,73,887,0,0,73,887,California
Mendocino,2020-12-29,121,1178,61,725,60,453,0,0,121,1008,0,0,121,1008,California
Mendocino,2020-12-30,123,1301,68,793,55,508,0,0,123,1131,0,0,123,1131,California
Mendocino,2020-12-31,130,1431,95,888,35,543,0,0,130,1261,0,0,130,1261,California
Mendocino,2021-01-01,4,1435,2,890,2,545,0,0,4,1265,0,0,4,1265,California
Mendocino,2021-01-02,1,1436,1,891,0,545,0,0,1,1266,0,0,1,1266,California
Mendocino,2021-01-04,841,2277,19,910,822,1367,0,0,841,2107,0,0,841,2107,California
Mendocino,2021-01-05,71,2348,35,945,36,1403,0,0,58,2152,13,13,58,2165,California
Mendocino,2021-01-06,151,2499,129,1074,22,1425,0,0,141,2283,10,23,141,2306,California
Mendocino,2021-01-07,358,2857,237,1311,121,1546,0,0,295,2515,63,86,295,2601,California
Mendocino,2021-01-08,95,2952,82,1393,13,1559,0,0,41,2503,54,140,42,2643,California
Mendocino,2021-01-09,10,2962,6,1399,4,1563,0,0,8,2509,2,142,8,2651,California
Mendocino,2021-01-10,8,2970,8,1407,0,1563,0,0,1,2503,7,149,1,2652,California
Mendocino,2021-01-11,101,3071,92,1499,9,1572,0,0,43,2489,57,206,43,2695,California
Mendocino,2021-01-12,386,3457,376,1875,10,1582,0,0,270,2643,116,322,270,2965,California
Mendocino,2021-01-13,480,3937,144,2019,336,1918,0,0,440,3046,38,360,441,3406,California
Mendocino,2021-01-14,634,4571,20,2039,614,2532,0,0,625,3662,9,369,625,4031,California
Mendocino,2021-01-15,1857,6428,859,2898,998,3530,0,0,1853,5511,4,373,1853,5884,California
Mendocino,2021-01-16,792,7220,50,2948,742,4272,0,0,790,6299,2,375,790,6674,California
Mendocino,2021-01-17,554,7774,1,2949,553,4825,0,0,553,6851,1,376,553,7227,California
Mendocino,2021-01-18,488,8262,463,3412,25,4850,0,0,476,7315,12,388,476,7703,California
Mendocino,2021-01-19,331,8593,146,3558,185,5035,0,0,155,7294,176,564,155,7858,California
Mendocino,2021-01-20,552,9145,405,3963,147,5182,0,0,446,7637,104,668,447,8305,California
Mendocino,2021-01-21,534,9679,222,4185,312,5494,0,0,350,7804,183,851,350,8655,California
Mendocino,2021-01-22,149,9828,58,4243,91,5585,0,0,110,7875,39,890,110,8765,California
Mendocino,2021-01-23,155,9983,83,4326,72,5657,0,0,149,8018,6,896,149,8914,California
Mendocino,2021-01-24,5,9988,3,4329,2,5659,0,0,5,8023,0,896,5,8919,California
Mendocino,2021-01-25,191,10179,18,4347,173,5832,0,0,121,8074,70,966,121,9040,California
Mendocino,2021-01-26,155,10334,57,4404,98,5930,0,0,95,8109,60,1026,95,9135,California
Mendocino,2021-01-27,433,10767,363,4767,70,6000,0,0,173,8029,253,1279,173,9308,California
Mendocino,2021-01-28,584,11351,520,5287,64,6064,0,0,491,8427,93,1372,491,9799,California
Mendocino,2021-01-29,388,11739,348,5635,40,6104,0,0,359,8758,29,1401,360,10159,California
Mendocino,2021-01-30,48,11787,30,5665,18,6122,0,0,41,8792,7,1408,41,10200,California
Mendocino,2021-01-31,274,12061,2,5667,272,6394,0,0,3,8524,271,1679,3,10203,California
Mendocino,2021-02-01,378,12439,50,5717,328,6722,0,0,56,8258,322,2001,56,10259,California
Mendocino,2021-02-02,720,13159,501,6218,219,6941,0,0,362,8262,358,2359,362,10621,California
Mendocino,2021-02-03,391,13550,205,6423,186,7127,0,0,221,8315,168,2527,221,10842,California
Mendocino,2021-02-04,626,14176,530,6953,96,7223,0,0,502,8693,124,2651,502,11344,California
Mendocino,2021-02-05,1300,15476,1212,8165,88,7311,0,0,585,8564,714,3365,585,11929,California
Mendocino,2021-02-06,557,16033,157,8322,400,7711,0,0,542,9091,15,3380,542,12471,California
Mendocino,2021-02-07,31,16064,27,8349,4,7715,0,0,31,9122,0,3380,31,12502,California
Mendocino,2021-02-08,745,16809,714,9063,31,7746,0,0,284,8945,461,3841,284,12786,California
Mendocino,2021-02-09,141,16950,58,9121,83,7829,0,0,89,8982,52,3893,89,12875,California
Mendocino,2021-02-10,1479,18429,921,10042,558,8387,0,0,742,8996,731,4624,745,13620,California
Mendocino,2021-02-11,1133,19562,209,10251,924,9311,0,0,285,8433,848,5472,285,13905,California
Mendocino,2021-02-12,1401,20963,157,10408,1244,10555,0,0,636,8305,764,6236,636,14541,California
Mendocino,2021-02-13,495,21458,12,10420,483,11038,0,0,102,8019,393,6629,107,14648,California
Mendocino,2021-02-14,697,22155,3,10423,694,11732,0,0,136,7594,561,7190,136,14784,California
Mendocino,2021-02-15,327,22482,43,10466,284,12016,0,0,172,7611,155,7345,172,14956,California
Mendocino,2021-02-16,200,22682,50,10516,150,12166,0,0,131,7673,69,7414,131,15087,California
Mendocino,2021-02-17,1349,24031,1187,11703,162,12328,0,0,877,8080,470,7884,877,15964,California
Mendocino,2021-02-18,1778,25809,637,12340,1141,13469,0,0,1213,8728,565,8449,1213,17177,California
Mendocino,2021-02-19,747,26556,145,12485,602,14071,0,0,608,9197,139,8588,608,17785,California
Mendocino,2021-02-20,572,27128,546,13031,26,14097,0,0,542,9711,28,8616,542,18327,California
Mendocino,2021-02-21,326,27454,5,13036,321,14418,0,0,314,10014,11,8627,314,18641,California
Mendocino,2021-02-22,162,27616,30,13066,132,14550,0,0,71,9995,90,8717,71,18712,California
Mendocino,2021-02-23,669,28285,657,13723,12,14562,0,0,610,10547,58,8775,610,19322,California
Mendocino,2021-02-24,1837,30122,1758,15481,79,14641,0,0,1429,11573,405,9180,1431,20753,California
Mendocino,2021-02-25,1703,31825,532,16013,1171,15812,0,0,1285,12441,417,9597,1285,22038,California
Mendocino,2021-02-26,1399,33224,746,16759,653,16465,0,0,1037,13118,360,9957,1037,23075,California
Mendocino,2021-02-27,197,33421,150,16909,47,16512,0,0,76,13074,120,10077,76,23151,California
Mendocino,2021-02-28,33,33454,11,16920,22,16534,0,0,23,13087,10,10087,23,23174,California
Mendocino,2021-03-01,577,34031,534,17454,43,16577,0,0,540,13590,37,10124,540,23714,California
Mendocino,2021-03-02,70,34101,24,17478,46,16623,0,0,41,13603,28,10152,41,23755,California
Mendocino,2021-03-03,1692,35793,1323,18801,369,16992,0,0,1062,14036,629,10781,1062,24817,California
Mendocino,2021-03-04,1766,37559,146,18947,1620,18612,0,0,1549,15371,215,10996,1550,26367,California
Mendocino,2021-03-05,207,37766,144,19091,54,18666,9,9,116,15407,89,11085,125,26492,California
Mendocino,2021-03-06,241,38007,20,19111,196,18862,25,34,201,15594,39,11124,226,26718,California
Mendocino,2021-03-07,502,38509,6,19117,476,19338,20,54,116,15344,385,11509,135,26853,California
Mendocino,2021-03-08,124,38633,29,19146,59,19397,36,90,64,15386,58,11567,100,26953,California
Mendocino,2021-03-09,441,39074,224,19370,176,19573,41,131,346,15678,95,11662,387,27340,California
Mendocino,2021-03-10,1108,40182,979,20349,63,19636,66,197,267,15175,839,12501,336,27676,California
Mendocino,2021-03-11,819,41001,609,20958,157,19793,53,250,398,15207,419,12920,451,28127,California
Mendocino,2021-03-12,2000,43001,1027,21985,879,20672,94,344,1210,15727,784,13704,1304,29431,California
Mendocino,2021-03-13,649,43650,524,22509,68,20740,57,401,98,15335,547,14251,155,29586,California
Mendocino,2021-03-14,104,43754,2,22511,95,20835,7,408,11,15262,91,14342,18,29604,California
Mendocino,2021-03-15,597,44351,52,22563,488,21323,57,465,211,15145,385,14727,268,29872,California
Mendocino,2021-03-16,572,44923,374,22937,153,21476,45,510,141,14902,429,15156,186,30058,California
Mendocino,2021-03-17,1561,46484,1358,24295,56,21532,147,657,215,13927,1344,16500,369,30427,California
Mendocino,2021-03-18,1303,47787,246,24541,1019,22551,38,695,283,13235,1012,17512,320,30747,California
Mendocino,2021-03-19,1756,49543,857,25398,838,23389,61,756,336,12218,1416,18928,399,31146,California
Mendocino,2021-03-20,71,49614,12,25410,38,23427,21,777,15,12198,56,18984,36,31182,California
Mendocino,2021-03-21,9,49623,1,25411,3,23430,5,782,4,12202,5,18989,9,31191,California
Mendocino,2021-03-22,627,50250,583,25994,15,23445,29,811,148,11902,476,19465,176,31367,California
Mendocino,2021-03-23,167,50417,34,26028,103,23548,30,841,117,11999,50,19515,147,31514,California
Mendocino,2021-03-24,900,51317,828,26856,25,23573,47,888,115,11378,783,20298,162,31676,California
Mendocino,2021-03-25,1974,53291,51,26907,1904,25477,19,907,165,9756,1805,22103,183,31859,California
Mendocino,2021-03-26,507,53798,360,27267,123,25600,24,931,329,9931,178,22281,353,32212,California
Mendocino,2021-03-27,141,53939,12,27279,118,25718,11,942,83,9967,57,22338,93,32305,California
Mendocino,2021-03-28,26,53965,5,27284,17,25735,4,946,4,9953,22,22360,8,32313,California
Mendocino,2021-03-29,187,54152,98,27382,47,25782,42,988,96,10000,91,22451,138,32451,California
Mendocino,2021-03-30,684,54836,599,27981,48,25830,37,1025,421,10196,262,22713,458,32909,California
Mendocino,2021-03-31,864,55700,271,28252,534,26364,59,1084,415,10223,447,23160,474,33383,California
Mendocino,2021-04-01,1672,57372,395,28647,1201,27565,76,1160,379,9391,1286,24446,454,33837,California
Mendocino,2021-04-02,1283,58655,1055,29702,155,27720,73,1233,223,8630,1057,25503,296,34133,California
Mendocino,2021-04-03,706,59361,7,29709,678,28398,21,1254,88,8125,614,26117,109,34242,California
Mendocino,2021-04-04,68,59429,33,29742,29,28427,6,1260,53,8169,15,26132,59,34301,California
Mendocino,2021-04-05,198,59627,134,29876,41,28468,23,1283,124,8240,74,26206,145,34446,California
Mendocino,2021-04-06,377,60004,120,29996,180,28648,77,1360,107,8154,270,26476,184,34630,California
Mendocino,2021-04-07,464,60468,166,30162,69,28717,229,1589,118,8156,345,26821,347,34977,California
Mendocino,2021-04-08,1452,61920,889,31051,459,29176,104,1693,976,8767,470,27291,1081,36058,California
Mendocino,2021-04-09,713,62633,400,31451,161,29337,152,1845,370,8948,341,27632,522,36580,California
Mendocino,2021-04-10,148,62781,94,31545,8,29345,46,1891,90,9026,58,27690,136,36716,California
Mendocino,2021-04-11,114,62895,44,31589,18,29363,52,1943,54,9073,59,27749,106,36822,California
Mendocino,2021-04-12,156,63051,72,31661,40,29403,44,1987,79,9119,77,27826,123,36945,California
Mendocino,2021-04-13,99,63150,35,31696,64,29467,0,1987,36,9093,62,27888,36,36981,California
Mendocino,2021-04-14,74,63224,14,31710,60,29527,0,1987,33,9086,40,27928,33,37014,California
Merced,2020-12-16,3,3,3,3,0,0,0,0,3,3,0,0,3,3,California
Merced,2020-12-17,5,8,5,8,0,0,0,0,5,8,0,0,5,8,California
Merced,2020-12-18,144,152,144,152,0,0,0,0,144,152,0,0,144,152,California
Merced,2020-12-19,39,191,39,191,0,0,0,0,39,191,0,0,39,191,California
Merced,2020-12-20,17,208,17,208,0,0,0,0,17,208,0,0,17,208,California
Merced,2020-12-21,129,337,126,334,3,3,0,0,129,337,0,0,129,337,California
Merced,2020-12-22,162,499,162,496,0,3,0,0,162,499,0,0,162,499,California
Merced,2020-12-23,305,804,290,786,15,18,0,0,305,804,0,0,305,804,California
Merced,2020-12-24,71,875,71,857,0,18,0,0,71,875,0,0,71,875,California
Merced,2020-12-25,5,880,5,862,0,18,0,0,5,880,0,0,5,880,California
Merced,2020-12-26,7,887,4,866,3,21,0,0,7,887,0,0,7,887,California
Merced,2020-12-27,12,899,11,877,1,22,0,0,12,899,0,0,12,899,California
Merced,2020-12-28,124,1023,100,977,24,46,0,0,124,1023,0,0,124,1023,California
Merced,2020-12-29,189,1212,135,1112,54,100,0,0,189,1212,0,0,189,1212,California
Merced,2020-12-30,239,1451,93,1205,146,246,0,0,238,1450,0,0,238,1450,California
Merced,2020-12-31,126,1577,39,1244,87,333,0,0,123,1573,0,0,123,1573,California
Merced,2021-01-01,1,1578,0,1244,1,334,0,0,1,1574,0,0,1,1574,California
Merced,2021-01-02,128,1706,117,1361,11,345,0,0,129,1703,0,0,129,1703,California
Merced,2021-01-03,9,1715,5,1366,4,349,0,0,9,1712,0,0,9,1712,California
Merced,2021-01-04,84,1799,41,1407,43,392,0,0,84,1796,0,0,84,1796,California
Merced,2021-01-05,320,2119,231,1638,89,481,0,0,321,2113,6,6,323,2119,California
Merced,2021-01-06,271,2390,97,1735,174,655,0,0,266,2373,6,12,266,2385,California
Merced,2021-01-07,190,2580,79,1814,111,766,0,0,191,2553,11,23,191,2576,California
Merced,2021-01-08,542,3122,400,2214,142,908,0,0,398,2801,150,173,398,2974,California
Merced,2021-01-09,23,3145,10,2224,13,921,0,0,17,2812,6,179,17,2991,California
Merced,2021-01-10,10,3155,6,2230,4,925,0,0,6,2814,4,183,6,2997,California
Merced,2021-01-11,245,3400,169,2399,76,1001,0,0,118,2807,126,309,119,3116,California
Merced,2021-01-12,311,3711,161,2560,150,1151,0,0,258,3009,56,365,258,3374,California
Merced,2021-01-13,450,4161,232,2792,218,1369,0,0,237,3041,207,572,239,3613,California
Merced,2021-01-14,353,4514,213,3005,140,1509,0,0,182,3055,170,742,184,3797,California
Merced,2021-01-15,684,5198,148,3153,536,2045,0,0,661,3679,39,781,663,4460,California
Merced,2021-01-16,242,5440,151,3304,91,2136,0,0,237,3911,5,786,237,4697,California
Merced,2021-01-17,48,5488,11,3315,37,2173,0,0,47,3957,1,787,47,4744,California
Merced,2021-01-18,329,5817,155,3470,174,2347,0,0,307,4245,22,809,310,5054,California
Merced,2021-01-19,731,6548,582,4052,149,2496,0,0,549,4616,182,991,553,5607,California
Merced,2021-01-20,593,7141,484,4536,109,2605,0,0,529,5083,64,1055,531,6138,California
Merced,2021-01-21,1056,8197,686,5222,370,2975,0,0,954,5937,103,1158,957,7095,California
Merced,2021-01-22,1391,9588,709,5931,682,3657,0,0,1367,7290,26,1184,1379,8474,California
Merced,2021-01-23,306,9894,184,6115,122,3779,0,0,203,7388,105,1289,203,8677,California
Merced,2021-01-24,32,9926,15,6130,17,3796,0,0,23,7403,8,1297,23,8700,California
Merced,2021-01-25,780,10706,270,6400,510,4306,0,0,703,8047,59,1356,703,9403,California
Merced,2021-01-26,944,11650,480,6880,464,4770,0,0,688,8527,209,1565,689,10092,California
Merced,2021-01-27,1029,12679,583,7463,446,5216,0,0,840,9205,162,1727,840,10932,California
Merced,2021-01-28,1203,13882,587,8050,616,5832,0,0,1044,10115,135,1862,1045,11977,California
Merced,2021-01-29,907,14789,339,8389,568,6400,0,0,650,10524,244,2106,653,12630,California
Merced,2021-01-30,286,15075,27,8416,259,6659,0,0,270,10778,16,2122,270,12900,California
Merced,2021-01-31,47,15122,10,8426,37,6696,0,0,46,10823,1,2123,46,12946,California
Merced,2021-02-01,374,15496,51,8477,323,7019,0,0,323,11096,50,2173,323,13269,California
Merced,2021-02-02,291,15787,180,8657,111,7130,0,0,172,11152,117,2290,173,13442,California
Merced,2021-02-03,393,16180,69,8726,324,7454,0,0,198,11155,195,2485,198,13640,California
Merced,2021-02-04,429,16609,158,8884,271,7725,0,0,273,11276,153,2638,274,13914,California
Merced,2021-02-05,623,17232,214,9098,409,8134,0,0,322,11312,288,2926,324,14238,California
Merced,2021-02-06,443,17675,248,9346,195,8329,0,0,270,11412,171,3097,271,14509,California
Merced,2021-02-07,20,17695,12,9358,8,8337,0,0,13,11418,7,3104,13,14522,California
Merced,2021-02-08,320,18015,218,9576,102,8439,0,0,180,11462,137,3241,181,14703,California
Merced,2021-02-09,1278,19293,963,10539,315,8754,0,0,805,11812,456,3697,806,15509,California
Merced,2021-02-10,1920,21213,1433,11972,487,9241,0,0,1335,12569,578,4275,1335,16844,California
Merced,2021-02-11,2607,23820,2039,14011,568,9809,0,0,1856,13680,745,5020,1856,18700,California
Merced,2021-02-12,1889,25709,1060,15071,829,10638,0,0,836,13476,1041,6061,837,19537,California
Merced,2021-02-13,363,26072,202,15273,161,10799,0,0,267,13649,96,6157,269,19806,California
Merced,2021-02-14,117,26189,27,15300,90,10889,0,0,95,13723,22,6179,96,19902,California
Merced,2021-02-15,273,26462,41,15341,232,11121,0,0,169,13794,99,6278,170,20072,California
Merced,2021-02-16,1289,27751,862,16203,427,11548,0,0,862,14252,407,6685,865,20937,California
Merced,2021-02-17,1945,29696,1675,17878,270,11818,0,0,1368,15057,565,7250,1370,22307,California
Merced,2021-02-18,1313,31009,854,18732,459,12277,0,0,457,14685,829,8079,457,22764,California
Merced,2021-02-19,1324,32333,439,19171,885,13162,0,0,574,14517,744,8823,576,23340,California
Merced,2021-02-20,275,32608,32,19203,243,13405,0,0,142,14527,132,8955,142,23482,California
Merced,2021-02-21,73,32681,58,19261,15,13420,0,0,29,14512,44,8999,29,23511,California
Merced,2021-02-22,921,33602,373,19634,548,13968,0,0,576,14744,344,9343,576,24087,California
Merced,2021-02-23,1181,34783,487,20121,694,14662,0,0,734,15035,443,9786,734,24821,California
Merced,2021-02-24,849,35632,301,20422,548,15210,0,0,465,15125,375,10161,465,25286,California
Merced,2021-02-25,1925,37557,964,21386,961,16171,0,0,1449,16113,462,10623,1450,26736,California
Merced,2021-02-26,2352,39909,1505,22891,847,17018,0,0,1926,17612,428,11051,1927,28663,California
Merced,2021-02-27,2877,42786,1289,24180,1588,18606,0,0,2567,19873,306,11357,2567,31230,California
Merced,2021-02-28,332,43118,70,24250,262,18868,0,0,287,20116,44,11401,287,31517,California
Merced,2021-03-01,1186,44304,276,24526,910,19778,0,0,856,20646,326,11727,856,32373,California
Merced,2021-03-02,1806,46110,916,25442,890,20668,0,0,1404,21664,386,12113,1404,33777,California
Merced,2021-03-03,2363,48473,1823,27265,539,21207,1,1,1567,22471,762,12875,1569,35346,California
Merced,2021-03-04,3101,51574,2435,29700,664,21871,2,3,2208,23711,970,13845,2210,37556,California
Merced,2021-03-05,2484,54058,1537,31237,924,22795,23,26,1869,25019,585,14430,1893,39449,California
Merced,2021-03-06,1283,55341,747,31984,514,23309,22,48,1007,25770,278,14708,1029,40478,California
Merced,2021-03-07,280,55621,61,32045,194,23503,25,73,251,26017,29,14737,276,40754,California
Merced,2021-03-08,1261,56882,624,32669,572,24075,65,138,1052,26923,209,14946,1115,41869,California
Merced,2021-03-09,1717,58599,1038,33707,566,24641,113,251,1154,27631,560,15506,1268,43137,California
Merced,2021-03-10,2907,61506,2018,35725,675,25316,214,465,1825,28596,1079,16585,2044,45181,California
Merced,2021-03-11,1969,63475,675,36400,1090,26406,204,669,1379,29650,554,17139,1608,46789,California
Merced,2021-03-12,2485,65960,1129,37529,1087,27493,269,938,1721,30888,763,17902,2001,48790,California
Merced,2021-03-13,764,66724,365,37894,157,27650,242,1180,457,31287,301,18203,700,49490,California
Merced,2021-03-14,248,66972,136,38030,82,27732,30,1210,150,31371,97,18300,181,49671,California
Merced,2021-03-15,1571,68543,523,38553,783,28515,265,1475,1043,32157,521,18821,1307,50978,California
Merced,2021-03-16,1604,70147,833,39386,548,29063,223,1698,1055,32952,483,19304,1278,52256,California
Merced,2021-03-17,2249,72396,1296,40682,772,29835,181,1879,1745,34425,455,19759,1928,54184,California
Merced,2021-03-18,2111,74507,1205,41887,747,30582,159,2038,1466,35412,649,20408,1636,55820,California
Merced,2021-03-19,3139,77646,1864,43751,1081,31663,194,2232,1725,35940,1395,21803,1923,57743,California
Merced,2021-03-20,2612,80258,1712,45463,536,32199,364,2596,1175,36051,1431,23234,1542,59285,California
Merced,2021-03-21,673,80931,341,45804,319,32518,13,2609,554,36502,119,23353,570,59855,California
Merced,2021-03-22,1176,82107,537,46341,555,33073,84,2693,787,36992,382,23735,872,60727,California
Merced,2021-03-23,1935,84042,1174,47515,697,33770,64,2757,1476,38070,463,24198,1541,62268,California
Merced,2021-03-24,1408,85450,840,48355,524,34294,44,2801,1049,38813,349,24547,1092,63360,California
Merced,2021-03-25,3546,88996,2462,50817,1062,35356,22,2823,2125,39549,1414,25961,2150,65510,California
Merced,2021-03-26,2169,91165,1282,52099,858,36214,29,2852,942,39302,1218,27179,971,66481,California
Merced,2021-03-27,2936,94101,1517,53616,1352,37566,67,2919,1101,38642,1828,29007,1168,67649,California
Merced,2021-03-28,574,94675,206,53822,361,37927,7,2926,252,38581,322,29329,261,67910,California
Merced,2021-03-29,1650,96325,454,54276,949,38876,247,3173,661,38509,984,30313,912,68822,California
Merced,2021-03-30,2289,98614,855,55131,1376,40252,58,3231,1043,38369,1241,31554,1101,69923,California
Merced,2021-03-31,2398,101012,1654,56785,711,40963,33,3264,1050,38119,1334,32888,1084,71007,California
Merced,2021-04-01,2251,103263,1084,57869,1061,42024,106,3370,822,37626,1423,34311,930,71937,California
Merced,2021-04-02,2702,105965,750,58619,1528,43552,424,3794,975,37318,1710,36021,1402,73339,California
Merced,2021-04-03,896,106861,402,59021,484,44036,10,3804,458,37350,437,36458,469,73808,California
Merced,2021-04-04,457,107318,140,59161,314,44350,3,3807,195,37289,261,36719,200,74008,California
Merced,2021-04-05,1298,108616,522,59683,488,44838,288,4095,410,37100,887,37606,698,74706,California
Merced,2021-04-06,2468,111084,709,60392,733,45571,1026,5121,764,37188,1703,39309,1791,76497,California
Merced,2021-04-07,1542,112626,735,61127,677,46248,130,5251,514,36817,1020,40329,649,77146,California
Merced,2021-04-08,1758,114384,727,61854,814,47062,217,5468,652,36605,1082,41411,870,78016,California
Merced,2021-04-09,1791,116175,505,62359,604,47666,682,6150,520,36555,1255,42666,1205,79221,California
Merced,2021-04-10,718,116893,375,62734,135,47801,208,6358,126,36301,588,43254,334,79555,California
Merced,2021-04-11,445,117338,240,62974,67,47868,138,6496,116,36228,327,43581,254,79809,California
Merced,2021-04-12,1007,118345,604,63578,280,48148,123,6619,629,36634,347,43928,753,80562,California
Merced,2021-04-13,1514,119859,1096,64674,415,48563,3,6622,825,36848,617,44545,831,81393,California
Merced,2021-04-14,713,120572,419,65093,294,48857,0,6622,425,36990,285,44830,427,81820,California
Modoc,2020-12-16,1,1,1,1,0,0,0,0,1,1,0,0,1,1,California
Modoc,2020-12-21,100,101,100,101,0,0,0,0,100,101,0,0,100,101,California
Modoc,2020-12-22,14,115,14,115,0,0,0,0,14,115,0,0,14,115,California
Modoc,2020-12-23,4,119,4,119,0,0,0,0,4,119,0,0,4,119,California
Modoc,2020-12-24,1,120,1,120,0,0,0,0,1,120,0,0,1,120,California
Modoc,2020-12-28,2,122,2,122,0,0,0,0,2,122,0,0,2,122,California
Modoc,2020-12-29,10,132,1,123,9,9,0,0,10,132,0,0,10,132,California
Modoc,2020-12-30,7,139,0,123,7,16,0,0,7,139,0,0,7,139,California
Modoc,2021-01-02,2,141,0,123,2,18,0,0,2,141,0,0,2,141,California
Modoc,2021-01-04,8,149,0,123,8,26,0,0,8,149,0,0,8,149,California
Modoc,2021-01-05,2,151,1,124,1,27,0,0,2,151,0,0,2,151,California
Modoc,2021-01-06,3,154,2,126,1,28,0,0,2,152,1,1,2,153,California
Modoc,2021-01-07,72,226,0,126,72,100,0,0,72,224,0,1,72,225,California
Modoc,2021-01-08,105,331,0,126,105,205,0,0,105,329,0,1,105,330,California
Modoc,2021-01-10,1,332,1,127,0,205,0,0,0,328,1,2,0,330,California
Modoc,2021-01-11,92,424,83,210,9,214,0,0,19,274,73,75,19,349,California
Modoc,2021-01-12,94,518,25,235,69,283,0,0,68,316,26,101,68,417,California
Modoc,2021-01-13,24,542,4,239,20,303,0,0,22,336,2,103,22,439,California
Modoc,2021-01-14,129,671,6,245,123,426,0,0,124,455,5,108,124,563,California
Modoc,2021-01-15,6,677,1,246,5,431,0,0,6,461,0,108,6,569,California
Modoc,2021-01-16,1,678,1,247,0,431,0,0,1,462,0,108,1,570,California
Modoc,2021-01-18,1,679,1,248,0,431,0,0,1,463,0,108,1,571,California
Modoc,2021-01-19,5,684,3,251,2,433,0,0,3,464,2,110,3,574,California
Modoc,2021-01-20,11,695,1,252,10,443,0,0,11,475,0,110,11,585,California
Modoc,2021-01-21,158,853,2,254,156,599,0,0,158,633,0,110,158,743,California
Modoc,2021-01-22,2,855,0,254,2,601,0,0,2,635,0,110,2,745,California
Modoc,2021-01-25,11,866,0,254,11,612,0,0,11,646,0,110,11,756,California
Modoc,2021-01-26,65,931,1,255,64,676,0,0,65,711,0,110,65,821,California
Modoc,2021-01-27,41,972,2,257,39,715,0,0,25,720,16,126,25,846,California
Modoc,2021-01-28,144,1116,1,258,143,858,0,0,144,864,0,126,144,990,California
Modoc,2021-01-29,3,1119,1,259,2,860,0,0,3,867,0,126,3,993,California
Modoc,2021-02-01,25,1144,12,271,13,873,0,0,11,864,14,140,11,1004,California
Modoc,2021-02-02,170,1314,2,273,168,1041,0,0,167,1028,3,143,167,1171,California
Modoc,2021-02-03,18,1332,13,286,5,1046,0,0,11,1032,7,150,11,1182,California
Modoc,2021-02-04,155,1487,4,290,151,1197,0,0,27,931,128,278,27,1209,California
Modoc,2021-02-05,4,1491,3,293,1,1198,0,0,3,933,1,279,3,1212,California
Modoc,2021-02-08,9,1500,2,295,7,1205,0,0,8,940,1,280,8,1220,California
Modoc,2021-02-09,197,1697,13,308,184,1389,0,0,66,875,131,411,66,1286,California
Modoc,2021-02-10,5,1702,2,310,3,1392,0,0,4,878,1,412,4,1290,California
Modoc,2021-02-11,201,1903,3,313,198,1590,0,0,83,843,118,530,83,1373,California
Modoc,2021-02-12,5,1908,1,314,4,1594,0,0,3,844,2,532,3,1376,California
Modoc,2021-02-13,1,1909,0,314,1,1595,0,0,1,845,0,532,1,1377,California
Modoc,2021-02-16,147,2056,6,320,141,1736,0,0,143,984,4,536,143,1520,California
Modoc,2021-02-17,24,2080,1,321,23,1759,0,0,12,984,12,548,12,1532,California
Modoc,2021-02-18,189,2269,2,323,187,1946,0,0,25,847,163,711,26,1558,California
Modoc,2021-02-19,2,2271,2,325,0,1946,0,0,2,849,0,711,2,1560,California
Modoc,2021-02-20,1,2272,1,326,0,1946,0,0,1,850,0,711,1,1561,California
Modoc,2021-02-22,16,2288,8,334,8,1954,0,0,3,840,13,724,3,1564,California
Modoc,2021-02-23,21,2309,3,337,18,1972,0,0,1,821,20,744,1,1565,California
Modoc,2021-02-24,90,2399,1,338,89,2061,0,0,30,791,60,804,30,1595,California
Modoc,2021-02-25,168,2567,0,338,168,2229,0,0,12,647,156,960,12,1607,California
Modoc,2021-02-26,3,2570,0,338,3,2232,0,0,1,646,2,962,1,1608,California
Modoc,2021-02-27,5,2575,5,343,0,2232,0,0,2,645,3,965,2,1610,California
Modoc,2021-03-01,4,2579,0,343,4,2236,0,0,0,641,4,969,0,1610,California
Modoc,2021-03-02,193,2772,12,355,181,2417,0,0,26,500,167,1136,26,1636,California
Modoc,2021-03-03,12,2784,6,361,6,2423,0,0,2,492,10,1146,2,1638,California
Modoc,2021-03-04,175,2959,2,363,173,2596,0,0,148,613,27,1173,148,1786,California
Modoc,2021-03-05,4,2963,3,366,1,2597,0,0,2,613,2,1175,2,1788,California
Modoc,2021-03-06,10,2973,0,366,0,2597,10,10,0,613,10,1185,10,1798,California
Modoc,2021-03-07,6,2979,1,367,0,2597,5,15,1,614,5,1190,6,1804,California
Modoc,2021-03-08,7,2986,1,368,2,2599,4,19,1,613,6,1196,5,1809,California
Modoc,2021-03-09,127,3113,10,378,109,2708,8,27,61,616,66,1262,69,1878,California
Modoc,2021-03-10,9,3122,3,381,2,2710,4,31,4,619,5,1267,8,1886,California
Modoc,2021-03-11,206,3328,0,381,99,2809,107,138,22,564,184,1451,129,2015,California
Modoc,2021-03-12,10,3338,1,382,4,2813,5,143,4,567,6,1457,9,2024,California
Modoc,2021-03-13,4,3342,0,382,1,2814,3,146,1,568,3,1460,4,2028,California
Modoc,2021-03-15,12,3354,1,383,10,2824,1,147,10,577,2,1462,11,2039,California
Modoc,2021-03-16,173,3527,1,384,168,2992,4,151,42,491,131,1593,45,2084,California
Modoc,2021-03-17,10,3537,1,385,4,2996,5,156,2,490,8,1601,7,2091,California
Modoc,2021-03-18,66,3603,1,386,58,3054,7,163,34,499,32,1633,41,2132,California
Modoc,2021-03-19,5,3608,0,386,0,3054,5,168,0,499,5,1638,5,2137,California
Modoc,2021-03-20,6,3614,2,388,1,3055,3,171,1,498,5,1643,4,2141,California
Modoc,2021-03-21,4,3618,1,389,1,3056,2,173,2,500,2,1645,4,2145,California
Modoc,2021-03-22,18,3636,1,390,11,3067,6,179,12,512,6,1651,18,2163,California
Modoc,2021-03-23,32,3668,4,394,25,3092,3,182,24,531,8,1659,27,2190,California
Modoc,2021-03-24,29,3697,1,395,18,3110,10,192,2,516,27,1686,12,2202,California
Modoc,2021-03-25,64,3761,1,396,61,3171,2,194,32,518,32,1718,34,2236,California
Modoc,2021-03-26,7,3768,2,398,2,3173,3,197,2,518,5,1723,5,2241,California
Modoc,2021-03-27,2,3770,0,398,1,3174,1,198,1,519,1,1724,2,2243,California
Modoc,2021-03-28,2,3772,1,399,0,3174,1,199,0,518,2,1726,1,2244,California
Modoc,2021-03-29,14,3786,1,400,5,3179,8,207,5,522,9,1735,13,2257,California
Modoc,2021-03-30,56,3842,11,411,39,3218,6,213,23,518,33,1768,29,2286,California
Modoc,2021-03-31,9,3851,3,414,2,3220,4,217,3,519,6,1774,7,2293,California
Modoc,2021-04-01,170,4021,3,417,162,3382,5,222,35,424,135,1909,40,2333,California
Modoc,2021-04-02,5,4026,0,417,2,3384,3,225,1,425,3,1912,4,2337,California
Modoc,2021-04-03,4,4030,2,419,0,3384,2,227,2,427,2,1914,4,2341,California
Modoc,2021-04-05,9,4039,0,419,9,3393,0,227,9,436,0,1914,9,2350,California
Modoc,2021-04-06,22,4061,5,424,7,3400,10,237,4,432,18,1932,14,2364,California
Modoc,2021-04-07,11,4072,1,425,3,3403,7,244,2,432,9,1941,9,2373,California
Modoc,2021-04-08,96,4168,1,426,93,3496,2,246,26,390,70,2011,28,2401,California
Modoc,2021-04-09,12,4180,1,427,8,3504,3,249,4,388,8,2019,6,2407,California
Modoc,2021-04-10,5,4185,0,427,0,3504,5,254,0,388,5,2024,5,2412,California
Modoc,2021-04-11,4,4189,2,429,0,3504,2,256,1,388,3,2027,3,2415,California
Modoc,2021-04-12,15,4204,1,430,9,3513,5,261,1,382,12,2039,6,2421,California
Modoc,2021-04-13,27,4231,26,456,1,3514,0,261,21,398,5,2044,21,2442,California
Modoc,2021-04-14,1,4232,1,457,0,3514,0,261,0,397,1,2045,0,2442,California
Mono,2020-12-18,1,1,1,1,0,0,0,0,1,1,0,0,1,1,California
Mono,2020-12-19,5,6,5,6,0,0,0,0,5,6,0,0,5,6,California
Mono,2020-12-20,7,13,7,13,0,0,0,0,7,13,0,0,7,13,California
Mono,2020-12-21,24,37,17,30,7,7,0,0,24,37,0,0,24,37,California
Mono,2020-12-22,65,102,64,94,1,8,0,0,65,102,0,0,65,102,California
Mono,2020-12-23,70,172,42,136,28,36,0,0,70,172,0,0,70,172,California
Mono,2020-12-24,3,175,1,137,2,38,0,0,3,175,0,0,3,175,California
Mono,2020-12-26,3,178,3,140,0,38,0,0,3,178,0,0,3,178,California
Mono,2020-12-28,94,272,63,203,31,69,0,0,94,272,0,0,94,272,California
Mono,2020-12-29,29,301,29,232,0,69,0,0,29,301,0,0,29,301,California
Mono,2020-12-30,76,377,35,267,41,110,0,0,76,377,0,0,76,377,California
Mono,2020-12-31,4,381,1,268,3,113,0,0,4,381,0,0,4,381,California
Mono,2021-01-01,4,385,4,272,0,113,0,0,4,385,0,0,4,385,California
Mono,2021-01-02,1,386,1,273,0,113,0,0,1,386,0,0,1,386,California
Mono,2021-01-04,1,387,0,273,1,114,0,0,1,387,0,0,1,387,California
Mono,2021-01-05,45,432,2,275,43,157,0,0,44,430,1,1,44,431,California
Mono,2021-01-06,44,476,0,275,44,201,0,0,44,474,0,1,44,475,California
Mono,2021-01-07,55,531,3,278,52,253,0,0,54,527,1,2,54,529,California
Mono,2021-01-08,2,533,1,279,1,254,0,0,1,527,1,3,1,530,California
Mono,2021-01-09,4,537,4,283,0,254,0,0,0,523,4,7,0,530,California
Mono,2021-01-10,5,542,5,288,0,254,0,0,0,518,5,12,0,530,California
Mono,2021-01-11,7,549,4,292,3,257,0,0,3,517,4,16,3,533,California
Mono,2021-01-12,283,832,75,367,208,465,0,0,219,673,63,79,219,752,California
Mono,2021-01-13,233,1065,73,440,160,625,0,0,178,796,55,134,178,930,California
Mono,2021-01-14,73,1138,71,511,2,627,0,0,73,869,0,134,73,1003,California
Mono,2021-01-15,62,1200,2,513,60,687,0,0,62,931,0,134,62,1065,California
Mono,2021-01-16,4,1204,3,516,1,688,0,0,1,929,3,137,1,1066,California
Mono,2021-01-18,63,1267,54,570,9,697,0,0,2,870,61,198,2,1068,California
Mono,2021-01-19,209,1476,207,777,2,699,0,0,171,1004,38,236,172,1240,California
Mono,2021-01-20,231,1707,200,977,31,730,0,0,170,1113,61,297,170,1410,California
Mono,2021-01-21,3,1710,3,980,0,730,0,0,3,1116,0,297,3,1413,California
Mono,2021-01-22,4,1714,0,980,4,734,0,0,4,1120,0,297,4,1417,California
Mono,2021-01-23,598,2312,598,1578,0,734,0,0,598,1718,0,297,598,2015,California
Mono,2021-01-25,205,2517,167,1745,38,772,0,0,166,1845,39,336,166,2181,California
Mono,2021-01-26,511,3028,509,2254,2,774,0,0,506,2346,5,341,506,2687,California
Mono,2021-01-27,5,3033,1,2255,4,778,0,0,5,2351,0,341,5,2692,California
Mono,2021-01-28,7,3040,3,2258,4,782,0,0,3,2350,4,345,3,2695,California
Mono,2021-01-30,201,3241,199,2457,2,784,0,0,201,2551,0,345,201,2896,California
Mono,2021-01-31,243,3484,138,2595,105,889,0,0,139,2586,104,449,139,3035,California
Mono,2021-02-01,27,3511,27,2622,0,889,0,0,0,2559,27,476,0,3035,California
Mono,2021-02-02,5,3516,0,2622,5,894,0,0,2,2558,3,479,2,3037,California
Mono,2021-02-03,3,3519,1,2623,2,896,0,0,1,2557,2,481,1,3038,California
Mono,2021-02-04,211,3730,158,2781,53,949,0,0,90,2526,121,602,90,3128,California
Mono,2021-02-05,623,4353,617,3398,6,955,0,0,620,3143,3,605,620,3748,California
Mono,2021-02-06,140,4493,139,3537,1,956,0,0,138,3279,2,607,138,3886,California
Mono,2021-02-07,2,4495,0,3537,2,958,0,0,2,3281,0,607,2,3888,California
Mono,2021-02-08,172,4667,172,3709,0,958,0,0,15,3140,156,763,15,3903,California
Mono,2021-02-09,226,4893,5,3714,221,1179,0,0,14,2942,212,975,14,3917,California
Mono,2021-02-10,538,5431,187,3901,351,1530,0,0,196,2796,342,1317,196,4113,California
Mono,2021-02-11,7,5438,4,3905,3,1533,0,0,2,2793,5,1322,2,4115,California
Mono,2021-02-12,84,5522,20,3925,64,1597,0,0,26,2761,58,1380,26,4141,California
Mono,2021-02-13,589,6111,589,4514,0,1597,0,0,25,2222,564,1944,25,4166,California
Mono,2021-02-15,168,6279,166,4680,2,1599,0,0,3,2062,163,2107,3,4169,California
Mono,2021-02-16,520,6799,517,5197,3,1602,0,0,44,1632,474,2581,44,4213,California
Mono,2021-02-17,5,6804,1,5198,4,1606,0,0,1,1629,4,2585,1,4214,California
Mono,2021-02-18,2,6806,2,5200,0,1606,0,0,1,1629,1,2586,1,4215,California
Mono,2021-02-19,54,6860,53,5253,1,1607,0,0,54,1683,0,2586,54,4269,California
Mono,2021-02-20,4,6864,4,5257,0,1607,0,0,4,1687,0,2586,4,4273,California
Mono,2021-02-21,3,6867,3,5260,0,1607,0,0,3,1690,0,2586,3,4276,California
Mono,2021-02-22,285,7152,284,5544,1,1608,0,0,24,1454,260,2846,24,4300,California
Mono,2021-02-23,135,7287,115,5659,20,1628,0,0,22,1363,113,2959,22,4322,California
Mono,2021-02-24,7,7294,2,5661,5,1633,0,0,2,1360,5,2964,2,4324,California
Mono,2021-02-25,5,7299,2,5663,3,1636,0,0,3,1362,1,2965,3,4327,California
Mono,2021-02-26,603,7902,602,6265,1,1637,0,0,20,800,582,3547,20,4347,California
Mono,2021-02-27,142,8044,138,6403,4,1641,0,0,4,669,135,3682,4,4351,California
Mono,2021-03-01,2,8046,2,6405,0,1641,0,0,1,670,0,3682,1,4352,California
Mono,2021-03-02,5,8051,3,6408,2,1643,0,0,3,671,2,3684,3,4355,California
Mono,2021-03-03,81,8132,2,6410,79,1722,0,0,78,747,2,3686,78,4433,California
Mono,2021-03-04,4,8136,0,6410,4,1726,0,0,2,747,2,3688,2,4435,California
Mono,2021-03-05,37,8173,27,6437,10,1736,0,0,14,738,23,3711,14,4449,California
Mono,2021-03-06,510,8683,16,6453,494,2230,0,0,504,1237,5,3716,504,4953,California
Mono,2021-03-07,1,8684,0,6453,1,2231,0,0,0,1236,1,3717,0,4953,California
Mono,2021-03-08,544,9228,11,6464,530,2761,3,3,535,1765,9,3726,538,5491,California
Mono,2021-03-09,7,9235,2,6466,4,2765,1,4,4,1768,2,3728,5,5496,California
Mono,2021-03-10,287,9522,91,6557,193,2958,3,7,10,1505,276,4004,13,5509,California
Mono,2021-03-11,10,9532,0,6557,1,2959,9,16,0,1504,10,4014,9,5518,California
Mono,2021-03-12,6,9538,1,6558,1,2960,4,20,0,1502,6,4020,4,5522,California
Mono,2021-03-13,828,10366,392,6950,436,3396,0,20,820,2314,8,4028,820,6342,California
Mono,2021-03-14,4,10370,4,6954,0,3396,0,20,1,2312,3,4031,1,6343,California
Mono,2021-03-15,29,10399,23,6977,1,3397,5,25,13,2314,16,4047,18,6361,California
Mono,2021-03-16,16,10415,6,6983,4,3401,6,31,8,2320,8,4055,14,6375,California
Mono,2021-03-17,33,10448,4,6987,21,3422,8,39,22,2339,11,4066,30,6405,California
Mono,2021-03-18,19,10467,2,6989,9,3431,8,47,8,2344,11,4077,16,6421,California
Mono,2021-03-19,23,10490,1,6990,18,3449,4,51,18,2362,4,4081,22,6443,California
Mono,2021-03-20,5,10495,4,6994,0,3449,1,52,4,2366,1,4082,5,6448,California
Mono,2021-03-21,1,10496,1,6995,0,3449,0,52,1,2367,0,4082,1,6449,California
Mono,2021-03-22,11,10507,0,6995,6,3455,5,57,5,2371,6,4088,10,6459,California
Mono,2021-03-23,42,10549,5,7000,32,3487,5,62,19,2372,23,4111,24,6483,California
Mono,2021-03-24,12,10561,1,7001,6,3493,5,67,6,2377,6,4117,11,6494,California
Mono,2021-03-25,18,10579,2,7003,12,3505,4,71,12,2387,6,4123,16,6510,California
Mono,2021-03-26,21,10600,3,7006,13,3518,5,76,12,2396,8,4131,17,6527,California
Mono,2021-03-27,354,10954,351,7357,3,3521,0,76,329,2700,25,4156,329,6856,California
Mono,2021-03-28,1,10955,1,7358,0,3521,0,76,1,2701,0,4156,1,6857,California
Mono,2021-03-29,11,10966,4,7362,6,3527,1,77,10,2711,1,4157,11,6868,California
Mono,2021-03-30,15,10981,0,7362,11,3538,4,81,10,2720,5,4162,14,6882,California
Mono,2021-03-31,123,11104,7,7369,115,3653,1,82,46,2691,76,4238,47,6929,California
Mono,2021-04-01,8,11112,0,7369,7,3660,1,83,3,2690,5,4243,4,6933,California
Mono,2021-04-02,17,11129,2,7371,15,3675,0,83,6,2685,11,4254,6,6939,California
Mono,2021-04-03,850,11979,367,7738,483,4158,0,83,35,1906,814,5068,35,6974,California
Mono,2021-04-05,535,12514,17,7755,517,4675,1,84,32,1438,501,5569,33,7007,California
Mono,2021-04-06,25,12539,4,7759,9,4684,12,96,7,1439,18,5587,19,7026,California
Mono,2021-04-07,23,12562,9,7768,3,4687,11,107,10,1447,13,5600,21,7047,California
Mono,2021-04-08,21,12583,4,7772,1,4688,16,123,4,1450,17,5617,20,7067,California
Mono,2021-04-09,28,12611,4,7776,2,4690,22,145,3,1450,25,5642,25,7092,California
Mono,2021-04-10,442,13053,3,7779,433,5123,6,151,27,1068,415,6057,33,7125,California
Mono,2021-04-11,1,13054,1,7780,0,5123,0,151,0,1067,1,6058,0,7125,California
Mono,2021-04-12,9,13063,2,7782,4,5127,3,154,4,1069,5,6063,7,7132,California
Mono,2021-04-13,17,13080,4,7786,12,5139,1,155,12,1077,5,6068,13,7145,California
Mono,2021-04-14,2,13082,0,7786,2,5141,0,155,1,1078,0,6068,1,7146,California
Monterey,2020-12-16,4,4,4,4,0,0,0,0,4,4,0,0,4,4,California
Monterey,2020-12-17,82,86,82,86,0,0,0,0,82,86,0,0,82,86,California
Monterey,2020-12-18,481,567,481,567,0,0,0,0,481,567,0,0,481,567,California
Monterey,2020-12-19,579,1146,579,1146,0,0,0,0,579,1146,0,0,579,1146,California
Monterey,2020-12-20,422,1568,422,1568,0,0,0,0,422,1568,0,0,422,1568,California
Monterey,2020-12-21,720,2288,720,2288,0,0,0,0,720,2288,0,0,720,2288,California
Monterey,2020-12-22,533,2821,520,2808,13,13,0,0,533,2821,0,0,533,2821,California
Monterey,2020-12-23,435,3256,259,3067,176,189,0,0,435,3256,0,0,435,3256,California
Monterey,2020-12-24,84,3340,10,3077,74,263,0,0,84,3340,0,0,84,3340,California
Monterey,2020-12-25,6,3346,0,3077,6,269,0,0,6,3346,0,0,6,3346,California
Monterey,2020-12-26,92,3438,5,3082,87,356,0,0,92,3438,0,0,92,3438,California
Monterey,2020-12-27,7,3445,4,3086,3,359,0,0,7,3445,0,0,7,3445,California
Monterey,2020-12-28,477,3922,25,3111,452,811,0,0,477,3922,0,0,477,3922,California
Monterey,2020-12-29,899,4821,167,3278,732,1543,0,0,899,4821,0,0,899,4821,California
Monterey,2020-12-30,568,5389,98,3376,470,2013,0,0,568,5389,0,0,568,5389,California
Monterey,2020-12-31,35,5424,11,3387,24,2037,0,0,35,5424,0,0,35,5424,California
Monterey,2021-01-01,11,5435,2,3389,9,2046,0,0,11,5435,0,0,11,5435,California
Monterey,2021-01-02,137,5572,134,3523,3,2049,0,0,137,5572,0,0,137,5572,California
Monterey,2021-01-03,30,5602,29,3552,1,2050,0,0,30,5602,0,0,30,5602,California
Monterey,2021-01-04,410,6012,18,3570,392,2442,0,0,410,6012,0,0,410,6012,California
Monterey,2021-01-05,750,6762,326,3896,424,2866,0,0,736,6734,14,14,736,6748,California
Monterey,2021-01-06,655,7417,172,4068,483,3349,0,0,633,7345,22,36,633,7381,California
Monterey,2021-01-07,743,8160,570,4638,173,3522,0,0,420,7444,321,357,420,7801,California
Monterey,2021-01-08,1085,9245,733,5371,352,3874,0,0,393,7145,692,1049,393,8194,California
Monterey,2021-01-09,963,10208,935,6306,28,3902,0,0,313,6808,650,1699,313,8507,California
Monterey,2021-01-10,272,10480,269,6575,3,3905,0,0,7,6550,265,1964,7,8514,California
Monterey,2021-01-11,1064,11544,984,7559,80,3985,0,0,361,6208,703,2667,361,8875,California
Monterey,2021-01-12,463,12007,387,7946,76,4061,0,0,202,6149,261,2928,202,9077,California
Monterey,2021-01-13,1217,13224,590,8536,627,4688,0,0,1173,7278,44,2972,1173,10250,California
Monterey,2021-01-14,1046,14270,93,8629,953,5641,0,0,1028,8291,18,2990,1031,11281,California
Monterey,2021-01-15,1042,15312,43,8672,999,6640,0,0,1029,9307,13,3003,1029,12310,California
Monterey,2021-01-16,359,15671,296,8968,63,6703,0,0,354,9656,5,3008,354,12664,California
Monterey,2021-01-17,312,15983,290,9258,22,6725,0,0,299,9942,13,3021,299,12963,California
Monterey,2021-01-18,401,16384,50,9308,351,7076,0,0,380,10301,21,3042,380,13343,California
Monterey,2021-01-19,574,16958,394,9702,180,7256,0,0,416,10561,156,3198,416,13759,California
Monterey,2021-01-20,530,17488,268,9970,262,7518,0,0,324,10679,206,3404,324,14083,California
Monterey,2021-01-21,839,18327,92,10062,747,8265,0,0,729,11302,110,3514,733,14816,California
Monterey,2021-01-22,1046,19373,191,10253,855,9120,0,0,1007,12270,39,3553,1007,15823,California
Monterey,2021-01-23,240,19613,174,10427,66,9186,0,0,117,12266,122,3675,118,15941,California
Monterey,2021-01-24,56,19669,38,10465,18,9204,0,0,22,12254,34,3709,22,15963,California
Monterey,2021-01-25,781,20450,173,10638,608,9812,0,0,154,11788,620,4329,154,16117,California
Monterey,2021-01-26,923,21373,221,10859,702,10514,0,0,233,11331,690,5019,233,16350,California
Monterey,2021-01-27,858,22231,307,11166,551,11065,0,0,376,11225,482,5501,376,16726,California
Monterey,2021-01-28,2004,24235,734,11900,1270,12335,0,0,1663,12549,341,5842,1665,18391,California
Monterey,2021-01-29,1224,25459,704,12604,520,12855,0,0,1109,13545,114,5956,1110,19501,California
Monterey,2021-01-30,432,25891,285,12889,147,13002,0,0,181,13475,251,6207,181,19682,California
Monterey,2021-01-31,492,26383,70,12959,422,13424,0,0,483,13950,9,6216,484,20166,California
Monterey,2021-02-01,1657,28040,1144,14103,513,13937,0,0,1096,14486,560,6776,1096,21262,California
Monterey,2021-02-02,2144,30184,454,14557,1690,15627,0,0,1538,15418,606,7382,1538,22800,California
Monterey,2021-02-03,2328,32512,1046,15603,1282,16909,0,0,1553,16200,771,8153,1553,24353,California
Monterey,2021-02-04,2700,35212,2021,17624,679,17588,0,0,2439,18380,259,8412,2439,26792,California
Monterey,2021-02-05,3636,38848,2819,20443,817,18405,0,0,3206,21161,425,8837,3206,29998,California
Monterey,2021-02-06,1096,39944,379,20822,717,19122,0,0,755,21577,339,9176,755,30753,California
Monterey,2021-02-07,316,40260,272,21094,44,19166,0,0,95,21451,221,9397,95,30848,California
Monterey,2021-02-08,513,40773,288,21382,225,19391,0,0,428,21794,85,9482,428,31276,California
Monterey,2021-02-09,856,41629,673,22055,183,19574,0,0,546,22032,310,9792,548,31824,California
Monterey,2021-02-10,2011,43640,1042,23097,969,20543,0,0,1161,22343,850,10642,1161,32985,California
Monterey,2021-02-11,2488,46128,963,24060,1525,22068,0,0,1536,22931,950,11592,1538,34523,California
Monterey,2021-02-12,2582,48710,426,24486,2156,24224,0,0,1522,23394,1059,12651,1522,36045,California
Monterey,2021-02-13,1070,49780,49,24535,1021,25245,0,0,979,24282,91,12742,979,37024,California
Monterey,2021-02-14,585,50365,73,24608,512,25757,0,0,511,24719,74,12816,511,37535,California
Monterey,2021-02-15,1349,51714,143,24751,1206,26963,0,0,976,25324,372,13188,977,38512,California
Monterey,2021-02-16,1086,52800,241,24992,845,27808,0,0,866,25970,220,13408,866,39378,California
Monterey,2021-02-17,1933,54733,1161,26153,772,28580,0,0,1635,27312,296,13704,1638,41016,California
Monterey,2021-02-18,2219,56952,1174,27327,1045,29625,0,0,905,26916,1304,15008,908,41924,California
Monterey,2021-02-19,2928,59880,1529,28856,1399,31024,0,0,1340,26668,1588,16596,1340,43264,California
Monterey,2021-02-20,1001,60881,602,29458,399,31423,0,0,949,27566,51,16647,949,44213,California
Monterey,2021-02-21,1236,62117,1208,30666,28,31451,0,0,1169,28669,66,16713,1169,45382,California
Monterey,2021-02-22,971,63088,841,31507,130,31581,0,0,639,28977,331,17044,639,46021,California
Monterey,2021-02-23,946,64034,614,32121,332,31913,0,0,298,28629,647,17691,299,46320,California
Monterey,2021-02-24,2453,66487,1310,33431,1143,33056,0,0,1845,29871,604,18295,1846,48166,California
Monterey,2021-02-25,4340,70827,2394,35825,1946,35002,0,0,1448,28435,2885,21180,1449,49615,California
Monterey,2021-02-26,5244,76071,3080,38905,2164,37166,0,0,2623,28442,2617,23797,2624,52239,California
Monterey,2021-02-27,991,77062,181,39086,810,37976,0,0,803,29061,184,23981,803,53042,California
Monterey,2021-02-28,1524,78586,81,39167,1443,39419,0,0,1065,29671,455,24436,1065,54107,California
Monterey,2021-03-01,1272,79858,136,39303,1133,40552,3,3,741,29886,529,24965,744,54851,California
Monterey,2021-03-02,2717,82575,1713,41016,1004,41556,0,3,1873,30919,840,25805,1873,56724,California
Monterey,2021-03-03,3150,85725,1229,42245,1921,43477,0,3,1261,30294,1887,27692,1262,57986,California
Monterey,2021-03-04,4535,90260,1462,43707,3073,46550,0,3,2974,31711,1557,29249,2974,60960,California
Monterey,2021-03-05,3251,93511,1419,45126,1555,48105,277,280,2623,33984,627,29876,2900,63860,California
Monterey,2021-03-06,4991,98502,1065,46191,3626,51731,300,580,4091,37476,898,30774,4390,68250,California
Monterey,2021-03-07,520,99022,107,46298,167,51898,246,826,231,37663,289,31063,476,68726,California
Monterey,2021-03-08,1617,100639,323,46621,938,52836,356,1182,1111,38622,506,31569,1465,70191,California
Monterey,2021-03-09,1896,102535,673,47294,948,53784,275,1457,1411,39823,483,32052,1684,71875,California
Monterey,2021-03-10,2908,105443,869,48163,1555,55339,484,1941,1358,40121,1544,33596,1842,73717,California
Monterey,2021-03-11,4097,109540,1404,49567,2326,57665,367,2308,2342,41082,1748,35344,2709,76426,California
Monterey,2021-03-12,4209,113749,2006,51573,2097,59762,106,2414,2596,42171,1612,36956,2701,79127,California
Monterey,2021-03-13,5036,118785,960,52533,3730,63492,346,2760,3767,45015,1269,38225,4113,83240,California
Monterey,2021-03-14,2132,120917,1325,53858,783,64275,24,2784,576,44069,1546,39771,600,83840,California
Monterey,2021-03-15,3931,124848,1262,55120,2379,66654,290,3074,2247,44926,1679,41450,2536,86376,California
Monterey,2021-03-16,3452,128300,566,55686,2514,69168,372,3446,2055,45956,1396,42846,2426,88802,California
Monterey,2021-03-17,5646,133946,2306,57992,3091,72259,249,3695,4074,48721,1564,44410,4329,93131,California
Monterey,2021-03-18,4309,138255,2145,60137,1996,74255,168,3863,2988,50600,1316,45726,3195,96326,California
Monterey,2021-03-19,5331,143586,2542,62679,2647,76902,142,4005,4077,53570,1249,46975,4219,100545,California
Monterey,2021-03-20,3206,146792,418,63097,2094,78996,694,4699,2129,55322,1071,48046,2823,103368,California
Monterey,2021-03-21,618,147410,198,63295,413,79409,7,4706,553,55818,64,48110,560,103928,California
Monterey,2021-03-22,2435,149845,1422,64717,952,80361,61,4767,2242,57930,190,48300,2302,106230,California
Monterey,2021-03-23,3961,153806,2345,67062,1574,81935,42,4809,2508,59032,1448,49748,2550,108780,California
Monterey,2021-03-24,4931,158737,2059,69121,2563,84498,309,5118,3608,61630,1319,51067,3917,112697,California
Monterey,2021-03-25,5137,163874,1202,70323,3578,88076,357,5475,2586,62032,2542,53609,2944,115641,California
Monterey,2021-03-26,5281,169155,2596,72919,2619,90695,66,5541,2846,62520,2426,56035,2914,118555,California
Monterey,2021-03-27,4629,173784,1412,74331,2961,93656,256,5797,2922,63996,1702,57737,3178,121733,California
Monterey,2021-03-28,1102,174886,337,74668,757,94413,8,5805,626,64159,471,58208,634,122367,California
Monterey,2021-03-29,3192,178078,1432,76100,1746,96159,14,5819,1979,64949,1206,59414,1996,124363,California
Monterey,2021-03-30,4431,182509,2133,78233,2260,98419,38,5857,2750,66071,1670,61084,2792,127155,California
Monterey,2021-03-31,5274,187783,2373,80606,2109,100528,792,6649,3344,68282,1926,63010,4137,131292,California
Monterey,2021-04-01,6021,193804,2069,82675,3548,104076,404,7053,3034,68746,2973,65983,3437,134729,California
Monterey,2021-04-02,4672,198476,2255,84930,2359,106435,58,7111,3302,70742,1366,67349,3362,138091,California
Monterey,2021-04-03,5267,203743,1114,86044,3509,109944,644,7755,1201,68532,4055,71404,1845,139936,California
Monterey,2021-04-04,758,204501,162,86206,583,110527,13,7768,493,68775,265,71669,508,140444,California
Monterey,2021-04-05,4014,208515,2508,88714,1278,111805,228,7996,1537,68069,2472,74141,1766,142210,California
Monterey,2021-04-06,3014,211529,1319,90033,1283,113088,412,8408,1107,67686,1900,76041,1517,143727,California
Monterey,2021-04-07,5342,216871,1399,91432,3493,116581,450,8858,2629,68066,2699,78740,3079,146806,California
Monterey,2021-04-08,6175,223046,3375,94807,2084,118665,716,9574,3090,68794,3078,81818,3806,150612,California
Monterey,2021-04-09,5113,228159,3173,97980,1374,120039,566,10140,2021,68293,3086,84904,2585,153197,California
Monterey,2021-04-10,8432,236591,4633,102613,1983,122022,1816,11956,4607,70898,3820,88724,6425,159622,California
Monterey,2021-04-11,5168,241759,4037,106650,553,122575,578,12534,4172,74657,991,89715,4750,164372,California
Monterey,2021-04-12,3684,245443,1759,108409,1777,124352,148,12682,795,72839,2759,92474,941,165313,California
Monterey,2021-04-13,2905,248348,646,109055,2255,126607,4,12686,1353,72663,1533,94007,1357,166670,California
Monterey,2021-04-14,4106,252454,2234,111289,1870,128477,2,12688,716,69993,3388,97395,718,167388,California
Napa,2020-12-16,12,12,12,12,0,0,0,0,12,12,0,0,12,12,California
Napa,2020-12-17,44,56,44,56,0,0,0,0,44,56,0,0,44,56,California
Napa,2020-12-18,102,158,102,158,0,0,0,0,102,158,0,0,102,158,California
Napa,2020-12-19,221,379,221,379,0,0,0,0,221,379,0,0,221,379,California
Napa,2020-12-20,189,568,189,568,0,0,0,0,189,568,0,0,189,568,California
Napa,2020-12-21,309,877,309,877,0,0,0,0,310,878,0,0,310,878,California
Napa,2020-12-22,338,1215,329,1206,9,9,0,0,338,1216,0,0,338,1216,California
Napa,2020-12-23,429,1644,320,1526,109,118,0,0,429,1645,0,0,429,1645,California
Napa,2020-12-24,138,1782,77,1603,61,179,0,0,138,1783,0,0,138,1783,California
Napa,2020-12-25,1,1783,1,1604,0,179,0,0,1,1784,0,0,1,1784,California
Napa,2020-12-26,39,1822,11,1615,28,207,0,0,39,1823,0,0,39,1823,California
Napa,2020-12-27,32,1854,16,1631,16,223,0,0,32,1855,0,0,32,1855,California
Napa,2020-12-28,249,2103,184,1815,65,288,0,0,277,2132,0,0,277,2132,California
Napa,2020-12-29,275,2378,216,2031,59,347,0,0,309,2441,0,0,309,2441,California
Napa,2020-12-30,630,3008,486,2517,144,491,0,0,638,3079,0,0,638,3079,California
Napa,2020-12-31,461,3469,373,2890,88,579,0,0,461,3540,0,0,461,3540,California
Napa,2021-01-01,1,3470,1,2891,0,579,0,0,1,3541,0,0,1,3541,California
Napa,2021-01-02,97,3567,92,2983,5,584,0,0,97,3638,0,0,97,3638,California
Napa,2021-01-03,13,3580,11,2994,2,586,0,0,9,3647,0,0,9,3647,California
Napa,2021-01-04,107,3687,64,3058,43,629,0,0,107,3754,0,0,107,3754,California
Napa,2021-01-05,155,3842,85,3143,70,699,0,0,138,3868,24,24,138,3892,California
Napa,2021-01-06,456,4298,114,3257,342,1041,0,0,392,4198,62,86,392,4284,California
Napa,2021-01-07,485,4783,222,3479,263,1304,0,0,385,4484,99,185,385,4669,California
Napa,2021-01-08,442,5225,227,3706,215,1519,0,0,262,4567,179,364,262,4931,California
Napa,2021-01-09,325,5550,299,4005,26,1545,0,0,188,4618,137,501,188,5119,California
Napa,2021-01-10,184,5734,101,4106,83,1628,0,0,109,4652,75,576,109,5228,California
Napa,2021-01-11,878,6612,422,4528,456,2084,0,0,506,4787,373,949,508,5736,California
Napa,2021-01-12,1309,7921,370,4898,939,3023,0,0,994,5466,315,1264,994,6730,California
Napa,2021-01-13,1310,9231,264,5162,1046,4069,0,0,1148,6454,161,1425,1149,7879,California
Napa,2021-01-14,1048,10279,171,5333,877,4946,0,0,932,7272,114,1539,932,8811,California
Napa,2021-01-15,1450,11729,382,5715,1068,6014,0,0,1302,8419,156,1695,1303,10114,California
Napa,2021-01-16,354,12083,133,5848,221,6235,0,0,336,8737,18,1713,336,10450,California
Napa,2021-01-17,339,12422,175,6023,164,6399,0,0,329,9056,10,1723,329,10779,California
Napa,2021-01-18,1081,13503,196,6219,885,7284,0,0,990,9955,91,1814,990,11769,California
Napa,2021-01-19,1009,14512,406,6625,603,7887,0,0,766,10479,242,2056,766,12535,California
Napa,2021-01-20,825,15337,185,6810,640,8527,0,0,643,10942,180,2236,643,13178,California
Napa,2021-01-21,1332,16669,373,7183,959,9486,0,0,1077,11766,254,2490,1078,14256,California
Napa,2021-01-22,1538,18207,411,7594,1127,10613,0,0,1211,12652,326,2816,1212,15468,California
Napa,2021-01-23,396,18603,316,7910,80,10693,0,0,335,12926,61,2877,335,15803,California
Napa,2021-01-24,265,18868,189,8099,76,10769,0,0,207,13075,58,2935,207,16010,California
Napa,2021-01-25,1523,20391,231,8330,1292,12061,0,0,1433,14418,90,3025,1433,17443,California
Napa,2021-01-26,878,21269,283,8613,595,12656,0,0,784,15109,94,3119,785,18228,California
Napa,2021-01-27,624,21893,219,8832,405,13061,0,0,469,15423,155,3274,469,18697,California
Napa,2021-01-28,378,22271,166,8998,212,13273,0,0,199,15444,178,3452,199,18896,California
Napa,2021-01-29,253,22524,65,9063,188,13461,0,0,158,15507,95,3547,158,19054,California
Napa,2021-01-30,804,23328,695,9758,109,13570,0,0,640,15983,164,3711,640,19694,California
Napa,2021-01-31,656,23984,626,10384,30,13600,0,0,630,16587,26,3737,630,20324,California
Napa,2021-02-01,312,24296,108,10492,204,13804,0,0,160,16595,152,3889,160,20484,California
Napa,2021-02-02,589,24885,280,10772,309,14113,0,0,288,16584,299,4188,288,20772,California
Napa,2021-02-03,735,25620,309,11081,426,14539,0,0,424,16697,311,4499,424,21196,California
Napa,2021-02-04,790,26410,374,11455,416,14955,0,0,442,16793,346,4845,442,21638,California
Napa,2021-02-05,703,27113,312,11767,391,15346,0,0,337,16764,366,5211,337,21975,California
Napa,2021-02-06,431,27544,144,11911,287,15633,0,0,327,16987,104,5315,327,22302,California
Napa,2021-02-07,173,27717,160,12071,13,15646,0,0,70,16954,103,5418,70,22372,California
Napa,2021-02-08,830,28547,190,12261,640,16286,0,0,269,16665,558,5976,269,22641,California
Napa,2021-02-09,1072,29619,440,12701,632,16918,0,0,432,16457,640,6616,432,23073,California
Napa,2021-02-10,1713,31332,189,12890,1524,18442,0,0,447,15642,1263,7879,448,23521,California
Napa,2021-02-11,1494,32826,194,13084,1300,19742,0,0,410,14981,1072,8951,411,23932,California
Napa,2021-02-12,2154,34980,836,13920,1318,21060,0,0,720,14270,1431,10382,720,24652,California
Napa,2021-02-13,492,35472,51,13971,441,21501,0,0,311,14401,181,10563,312,24964,California
Napa,2021-02-14,356,35828,91,14062,265,21766,0,0,195,14437,161,10724,197,25161,California
Napa,2021-02-15,873,36701,183,14245,690,22456,0,0,221,14008,650,11374,221,25382,California
Napa,2021-02-16,1285,37986,598,14843,687,23143,0,0,612,13948,672,12046,612,25994,California
Napa,2021-02-17,1047,39033,531,15374,516,23659,0,0,481,13864,565,12611,481,26475,California
Napa,2021-02-18,1897,40930,485,15859,1412,25071,0,0,661,13292,1233,13844,661,27136,California
Napa,2021-02-19,1479,42409,586,16445,893,25964,0,0,679,13172,799,14643,679,27815,California
Napa,2021-02-20,817,43226,593,17038,224,26188,0,0,270,12895,547,15190,270,28085,California
Napa,2021-02-21,797,44023,736,17774,61,26249,0,0,195,12488,602,15792,195,28280,California
Napa,2021-02-22,439,44462,184,17958,255,26504,0,0,136,12321,303,16095,136,28416,California
Napa,2021-02-23,1124,45586,301,18259,823,27327,0,0,307,11811,817,16912,307,28723,California
Napa,2021-02-24,1160,46746,641,18900,519,27846,0,0,573,11800,585,17497,574,29297,California
Napa,2021-02-25,2537,49283,1210,20110,1327,29173,0,0,1823,12911,713,18210,1824,31121,California
Napa,2021-02-26,1498,50781,522,20632,976,30149,0,0,586,12587,910,19120,586,31707,California
Napa,2021-02-27,1098,51879,361,20993,737,30886,0,0,846,13183,250,19370,846,32553,California
Napa,2021-02-28,560,52439,459,21452,101,30987,0,0,461,13547,97,19467,461,33014,California
Napa,2021-03-01,1095,53534,813,22265,282,31269,0,0,829,14111,265,19732,829,33843,California
Napa,2021-03-02,1480,55014,1024,23289,456,31725,0,0,1147,14926,332,20064,1147,34990,California
Napa,2021-03-03,1522,56536,680,23969,842,32567,0,0,1345,16095,176,20240,1345,36335,California
Napa,2021-03-04,1702,58238,777,24746,925,33492,0,0,1464,17324,235,20475,1464,37799,California
Napa,2021-03-05,1893,60131,784,25530,1105,34597,4,4,1478,18393,413,20888,1482,39281,California
Napa,2021-03-06,628,60759,281,25811,317,34914,30,34,520,18837,106,20994,550,39831,California
Napa,2021-03-07,517,61276,320,26131,182,35096,15,49,365,19065,152,21146,380,40211,California
Napa,2021-03-08,690,61966,319,26450,319,35415,52,101,516,19461,172,21318,568,40779,California
Napa,2021-03-09,1632,63598,570,27020,1016,36431,46,147,1202,20282,427,21745,1248,42027,California
Napa,2021-03-10,1470,65068,913,27933,465,36896,92,239,776,20458,692,22437,868,42895,California
Napa,2021-03-11,1821,66889,1037,28970,658,37554,126,365,928,20621,891,23328,1054,43949,California
Napa,2021-03-12,1489,68378,906,29876,489,38043,94,459,792,20810,696,24024,885,44834,California
Napa,2021-03-13,1149,69527,299,30175,826,38869,24,483,822,21331,325,24349,846,45680,California
Napa,2021-03-14,608,70135,329,30504,130,38999,149,632,226,21325,381,24730,375,46055,California
Napa,2021-03-15,941,71076,402,30906,471,39470,68,700,476,21406,463,25193,544,46599,California
Napa,2021-03-16,1832,72908,389,31295,1317,40787,126,826,1372,22449,456,25649,1499,48098,California
Napa,2021-03-17,2465,75373,1841,33136,445,41232,179,1005,1564,23291,901,26550,1743,49841,California
Napa,2021-03-18,2100,77473,913,34049,1177,42409,10,1015,1290,23783,808,27358,1300,51141,California
Napa,2021-03-19,1432,78905,860,34909,545,42954,27,1042,713,23807,716,28074,740,51881,California
Napa,2021-03-20,994,79899,530,35439,311,43265,153,1195,422,23811,571,28645,575,52456,California
Napa,2021-03-21,705,80604,683,36122,20,43285,2,1197,355,23819,349,28994,357,52813,California
Napa,2021-03-22,1078,81682,900,37022,167,43452,11,1208,476,23707,599,29593,487,53300,California
Napa,2021-03-23,1503,83185,814,37836,672,44124,17,1225,998,24219,503,30096,1015,54315,California
Napa,2021-03-24,1685,84870,932,38768,745,44869,8,1233,811,24165,873,30969,819,55134,California
Napa,2021-03-25,1602,86472,1044,39812,504,45373,54,1287,742,24102,859,31828,796,55930,California
Napa,2021-03-26,1246,87718,810,40622,430,45803,6,1293,551,23967,692,32520,557,56487,California
Napa,2021-03-27,945,88663,434,41056,484,46287,27,1320,313,23675,632,33152,340,56827,California
Napa,2021-03-28,482,89145,372,41428,103,46390,7,1327,182,23565,299,33451,189,57016,California
Napa,2021-03-29,1158,90303,856,42284,297,46687,5,1332,710,23833,447,33898,715,57731,California
Napa,2021-03-30,2364,92667,928,43212,1433,48120,3,1335,1585,24642,779,34677,1588,59319,California
Napa,2021-03-31,1956,94623,955,44167,932,49052,69,1404,821,24397,1133,35810,888,60207,California
Napa,2021-04-01,1700,96323,812,44979,773,49825,115,1519,468,23753,1228,37038,584,60791,California
Napa,2021-04-02,1807,98130,811,45790,854,50679,142,1661,454,23000,1349,38387,596,61387,California
Napa,2021-04-03,625,98755,362,46152,203,50882,60,1721,212,22859,413,38800,272,61659,California
Napa,2021-04-04,348,99103,139,46291,151,51033,58,1779,119,22808,228,39028,177,61836,California
Napa,2021-04-05,1264,100367,760,47051,285,51318,219,1998,573,22910,690,39718,792,62628,California
Napa,2021-04-06,1606,101973,561,47612,789,52107,256,2254,523,22609,1080,40798,779,63407,California
Napa,2021-04-07,1702,103675,680,48292,795,52902,227,2481,509,22155,1189,41987,735,64142,California
Napa,2021-04-08,1690,105365,995,49287,330,53232,365,2846,885,22603,801,42788,1249,65391,California
Napa,2021-04-09,1280,106645,784,50071,249,53481,247,3093,563,22698,714,43502,809,66200,California
Napa,2021-04-10,787,107432,328,50399,364,53845,95,3188,227,22461,559,44061,322,66522,California
Napa,2021-04-11,380,107812,295,50694,62,53907,23,3211,159,22422,221,44282,182,66704,California
Napa,2021-04-12,665,108477,260,50954,299,54206,106,3317,253,22369,410,44692,357,67061,California
Napa,2021-04-13,1135,109612,751,51705,384,54590,0,3317,331,21900,800,45492,331,67392,California
Napa,2021-04-14,868,110480,282,51987,586,55176,0,3317,541,22119,322,45814,541,67933,California
Nevada,2020-12-16,3,3,3,3,0,0,0,0,3,3,0,0,3,3,California
Nevada,2020-12-17,6,9,6,9,0,0,0,0,6,9,0,0,6,9,California
Nevada,2020-12-18,51,60,51,60,0,0,0,0,51,60,0,0,51,60,California
Nevada,2020-12-19,55,115,55,115,0,0,0,0,55,115,0,0,55,115,California
Nevada,2020-12-20,12,127,12,127,0,0,0,0,12,127,0,0,12,127,California
Nevada,2020-12-21,69,196,69,196,0,0,0,0,69,196,0,0,69,196,California
Nevada,2020-12-22,91,287,89,285,2,2,0,0,91,287,0,0,91,287,California
Nevada,2020-12-23,234,521,202,487,32,34,0,0,234,521,0,0,234,521,California
Nevada,2020-12-24,13,534,11,498,2,36,0,0,13,534,0,0,13,534,California
Nevada,2020-12-25,2,536,2,500,0,36,0,0,2,536,0,0,2,536,California
Nevada,2020-12-26,6,542,4,504,2,38,0,0,6,542,0,0,6,542,California
Nevada,2020-12-27,88,630,88,592,0,38,0,0,88,630,0,0,88,630,California
Nevada,2020-12-28,170,800,93,685,77,115,0,0,170,800,0,0,170,800,California
Nevada,2020-12-29,100,900,74,759,26,141,0,0,100,900,0,0,100,900,California
Nevada,2020-12-30,85,985,66,825,19,160,0,0,85,985,0,0,85,985,California
Nevada,2020-12-31,39,1024,9,834,30,190,0,0,39,1024,0,0,39,1024,California
Nevada,2021-01-01,1,1025,0,834,1,191,0,0,1,1025,0,0,1,1025,California
Nevada,2021-01-02,1,1026,1,835,0,191,0,0,1,1026,0,0,1,1026,California
Nevada,2021-01-03,129,1155,126,961,3,194,0,0,129,1155,0,0,129,1155,California
Nevada,2021-01-04,71,1226,47,1008,24,218,0,0,71,1226,0,0,71,1226,California
Nevada,2021-01-05,272,1498,130,1138,142,360,0,0,271,1496,1,1,271,1497,California
Nevada,2021-01-06,91,1589,43,1181,48,408,0,0,83,1571,8,9,83,1580,California
Nevada,2021-01-07,215,1804,43,1224,172,580,0,0,208,1774,6,15,209,1789,California
Nevada,2021-01-08,220,2024,126,1350,94,674,0,0,169,1892,51,66,169,1958,California
Nevada,2021-01-09,63,2087,56,1406,7,681,0,0,15,1859,48,114,15,1973,California
Nevada,2021-01-10,17,2104,9,1415,8,689,0,0,9,1860,8,122,9,1982,California
Nevada,2021-01-11,185,2289,131,1546,54,743,0,0,57,1789,128,250,57,2039,California
Nevada,2021-01-12,599,2888,453,1999,146,889,0,0,533,2256,66,316,533,2572,California
Nevada,2021-01-13,259,3147,146,2145,113,1002,0,0,124,2245,135,451,124,2696,California
Nevada,2021-01-14,232,3379,124,2269,108,1110,0,0,214,2442,17,468,214,2910,California
Nevada,2021-01-15,392,3771,168,2437,224,1334,0,0,294,2638,98,566,294,3204,California
Nevada,2021-01-16,295,4066,15,2452,280,1614,0,0,291,2925,4,570,291,3495,California
Nevada,2021-01-17,35,4101,31,2483,4,1618,0,0,33,2956,2,572,33,3528,California
Nevada,2021-01-18,148,4249,40,2523,108,1726,0,0,139,3086,9,581,139,3667,California
Nevada,2021-01-19,234,4483,85,2608,149,1875,0,0,215,3282,19,600,215,3882,California
Nevada,2021-01-20,258,4741,153,2761,105,1980,0,0,245,3514,13,613,245,4127,California
Nevada,2021-01-21,336,5077,207,2968,129,2109,0,0,323,3824,13,626,323,4450,California
Nevada,2021-01-22,342,5419,209,3177,133,2242,0,0,311,4104,31,657,311,4761,California
Nevada,2021-01-23,176,5595,104,3281,72,2314,0,0,176,4280,0,657,176,4937,California
Nevada,2021-01-24,105,5700,98,3379,7,2321,0,0,66,4307,39,696,66,5003,California
Nevada,2021-01-25,264,5964,136,3515,128,2449,0,0,203,4449,61,757,203,5206,California
Nevada,2021-01-26,398,6362,141,3656,257,2706,0,0,297,4645,101,858,297,5503,California
Nevada,2021-01-27,409,6771,242,3898,167,2873,0,0,385,5006,24,882,385,5888,California
Nevada,2021-01-28,460,7231,313,4211,147,3020,0,0,417,5381,42,924,417,6305,California
Nevada,2021-01-29,594,7825,389,4600,205,3225,0,0,571,5930,23,947,572,6877,California
Nevada,2021-01-30,230,8055,103,4703,127,3352,0,0,227,6154,3,950,227,7104,California
Nevada,2021-01-31,103,8158,87,4790,16,3368,0,0,103,6257,0,950,103,7207,California
Nevada,2021-02-01,291,8449,71,4861,220,3588,0,0,277,6520,14,964,277,7484,California
Nevada,2021-02-02,510,8959,171,5032,339,3927,0,0,321,6652,189,1153,321,7805,California
Nevada,2021-02-03,807,9766,569,5601,238,4165,0,0,755,7356,51,1204,755,8560,California
Nevada,2021-02-04,742,10508,393,5994,349,4514,0,0,494,7603,247,1451,494,9054,California
Nevada,2021-02-05,641,11149,363,6357,278,4792,0,0,453,7870,186,1637,453,9507,California
Nevada,2021-02-06,269,11418,83,6440,186,4978,0,0,242,8085,27,1664,242,9749,California
Nevada,2021-02-07,244,11662,191,6631,53,5031,0,0,190,8221,54,1718,190,9939,California
Nevada,2021-02-08,650,12312,407,7038,243,5274,0,0,551,8673,99,1817,551,10490,California
Nevada,2021-02-09,602,12914,338,7376,264,5538,0,0,464,8999,138,1955,464,10954,California
Nevada,2021-02-10,647,13561,323,7699,324,5862,0,0,418,9189,229,2184,419,11373,California
Nevada,2021-02-11,867,14428,501,8200,366,6228,0,0,539,9401,327,2511,539,11912,California
Nevada,2021-02-12,925,15353,433,8633,492,6720,0,0,611,9699,313,2824,611,12523,California
Nevada,2021-02-13,593,15946,233,8866,360,7080,0,0,386,9883,203,3027,387,12910,California
Nevada,2021-02-14,228,16174,119,8985,109,7189,0,0,200,10055,28,3055,200,13110,California
Nevada,2021-02-15,702,16876,437,9422,265,7454,0,0,534,10421,168,3223,534,13644,California
Nevada,2021-02-16,611,17487,197,9619,414,7868,0,0,451,10713,159,3382,451,14095,California
Nevada,2021-02-17,1177,18664,761,10380,416,8284,0,0,860,11256,317,3699,860,14955,California
Nevada,2021-02-18,996,19660,545,10925,451,8735,0,0,600,11461,395,4094,600,15555,California
Nevada,2021-02-19,1002,20662,627,11552,375,9110,0,0,650,11760,352,4446,651,16206,California
Nevada,2021-02-20,294,20956,103,11655,191,9301,0,0,172,11811,121,4567,172,16378,California
Nevada,2021-02-21,89,21045,84,11739,5,9306,0,0,9,11740,80,4647,9,16387,California
Nevada,2021-02-22,491,21536,326,12065,165,9471,0,0,347,11944,143,4790,347,16734,California
Nevada,2021-02-23,458,21994,211,12276,247,9718,0,0,206,11901,249,5039,206,16940,California
Nevada,2021-02-24,471,22465,234,12510,237,9955,0,0,249,11930,222,5261,251,17191,California
Nevada,2021-02-25,856,23321,465,12975,391,10346,0,0,429,11934,425,5686,429,17620,California
Nevada,2021-02-26,1232,24553,881,13856,351,10697,0,0,410,11525,819,6505,410,18030,California
Nevada,2021-02-27,350,24903,109,13965,241,10938,0,0,180,11535,170,6675,180,18210,California
Nevada,2021-02-28,264,25167,153,14118,111,11049,0,0,122,11516,141,6816,122,18332,California
Nevada,2021-03-01,814,25981,420,14538,394,11443,0,0,349,11401,464,7280,349,18681,California
Nevada,2021-03-02,698,26679,258,14796,440,11883,0,0,476,11659,218,7498,476,19157,California
Nevada,2021-03-03,941,27620,485,15281,456,12339,0,0,474,11667,466,7964,474,19631,California
Nevada,2021-03-04,1093,28713,611,15892,482,12821,0,0,459,11495,631,8595,459,20090,California
Nevada,2021-03-05,809,29522,450,16342,349,13170,10,10,354,11406,453,9048,364,20454,California
Nevada,2021-03-06,355,29877,119,16461,209,13379,27,37,143,11364,212,9260,170,20624,California
Nevada,2021-03-07,208,30085,110,16571,78,13457,20,57,66,11307,142,9402,85,20709,California
Nevada,2021-03-08,801,30886,538,17109,218,13675,45,102,355,11263,445,9847,401,21110,California
Nevada,2021-03-09,655,31541,312,17421,293,13968,50,152,358,11375,295,10142,407,21517,California
Nevada,2021-03-10,951,32492,602,18023,292,14260,57,209,317,11118,631,10773,374,21891,California
Nevada,2021-03-11,1086,33578,715,18738,346,14606,25,234,535,11134,544,11317,560,22451,California
Nevada,2021-03-12,1179,34757,724,19462,424,15030,31,265,506,10998,672,11989,536,22987,California
Nevada,2021-03-13,256,35013,51,19513,200,15230,5,270,92,10931,163,12152,96,23083,California
Nevada,2021-03-14,153,35166,22,19535,126,15356,5,275,31,10845,122,12274,36,23119,California
Nevada,2021-03-15,837,36003,451,19986,374,15730,12,287,355,10732,480,12754,367,23486,California
Nevada,2021-03-16,994,36997,464,20450,469,16199,61,348,646,11092,347,13101,707,24193,California
Nevada,2021-03-17,1007,38004,444,20894,553,16752,10,358,579,11256,425,13526,589,24782,California
Nevada,2021-03-18,963,38967,526,21420,414,17166,23,381,475,11270,484,14010,498,25280,California
Nevada,2021-03-19,745,39712,437,21857,277,17443,31,412,349,11256,394,14404,380,25660,California
Nevada,2021-03-20,817,40529,92,21949,303,17746,422,834,233,11330,578,14982,652,26312,California
Nevada,2021-03-21,58,40587,31,21980,26,17772,1,835,41,11355,17,14999,42,26354,California
Nevada,2021-03-22,801,41388,516,22496,280,18052,5,840,544,11649,255,15254,549,26903,California
Nevada,2021-03-23,850,42238,384,22880,440,18492,26,866,642,12112,205,15459,668,27571,California
Nevada,2021-03-24,1015,43253,539,23419,469,18961,7,873,648,12404,363,15822,655,28226,California
Nevada,2021-03-25,888,44141,448,23867,414,19375,26,899,488,12516,400,16222,512,28738,California
Nevada,2021-03-26,1137,45278,431,24298,670,20045,36,935,828,13074,306,16528,864,29602,California
Nevada,2021-03-27,558,45836,69,24367,473,20518,16,951,380,13292,178,16706,396,29998,California
Nevada,2021-03-28,178,46014,58,24425,107,20625,13,964,44,13216,133,16839,57,30055,California
Nevada,2021-03-29,819,46833,503,24928,294,20919,22,986,394,13208,423,17262,415,30470,California
Nevada,2021-03-30,1039,47872,473,25401,532,21451,34,1020,540,13289,493,17755,574,31044,California
Nevada,2021-03-31,1173,49045,666,26067,490,21941,17,1037,717,13576,447,18202,734,31778,California
Nevada,2021-04-01,1227,50272,717,26784,457,22398,53,1090,553,13513,669,18871,606,32384,California
Nevada,2021-04-02,1272,51544,649,27433,587,22985,36,1126,764,13808,505,19376,800,33184,California
Nevada,2021-04-03,284,51828,87,27520,159,23144,38,1164,80,13722,204,19580,118,33302,California
Nevada,2021-04-04,127,51955,42,27562,78,23222,7,1171,78,13758,49,19629,85,33387,California
Nevada,2021-04-05,913,52868,590,28152,302,23524,21,1192,604,14077,306,19935,625,34012,California
Nevada,2021-04-06,1060,53928,666,28818,255,23779,139,1331,469,14099,586,20521,608,34620,California
Nevada,2021-04-07,1107,55035,791,29609,239,24018,77,1408,580,14236,519,21040,656,35276,California
Nevada,2021-04-08,1165,56200,810,30419,285,24303,70,1478,650,14444,512,21552,720,35996,California
Nevada,2021-04-09,976,57176,638,31057,285,24588,53,1531,680,14881,296,21848,733,36729,California
Nevada,2021-04-10,228,57404,75,31132,86,24674,67,1598,100,14921,127,21975,167,36896,California
Nevada,2021-04-11,103,57507,43,31175,59,24733,1,1599,47,14913,56,22031,48,36944,California
Nevada,2021-04-12,450,57957,275,31450,168,24901,7,1606,184,14840,264,22295,191,37135,California
Nevada,2021-04-13,547,58504,116,31566,431,25332,0,1606,299,14893,246,22541,299,37434,California
Nevada,2021-04-14,422,58926,72,31638,350,25682,0,1606,227,14931,189,22730,227,37661,California
Orange,2020-12-15,16,16,16,16,0,0,0,0,16,16,0,0,16,16,California
Orange,2020-12-16,367,383,367,383,0,0,0,0,367,383,0,0,367,383,California
Orange,2020-12-17,3715,4098,3715,4098,0,0,0,0,3714,4097,0,0,3714,4097,California
Orange,2020-12-18,5031,9129,5024,9122,7,7,0,0,5030,9127,0,0,5030,9127,California
Orange,2020-12-19,2224,11353,2217,11339,7,14,0,0,2223,11350,0,0,2223,11350,California
Orange,2020-12-20,1970,13323,1968,13307,2,16,0,0,1971,13321,0,0,1971,13321,California
Orange,2020-12-21,4240,17563,4234,17541,6,22,0,0,4240,17561,0,0,4240,17561,California
Orange,2020-12-22,3972,21535,3939,21480,33,55,0,0,3972,21533,0,0,3972,21533,California
Orange,2020-12-23,3551,25086,3198,24678,353,408,0,0,3553,25086,0,0,3553,25086,California
Orange,2020-12-24,1372,26458,1076,25754,296,704,0,0,1372,26458,0,0,1372,26458,California
Orange,2020-12-25,17,26475,12,25766,5,709,0,0,17,26475,0,0,17,26475,California
Orange,2020-12-26,1018,27493,421,26187,597,1306,0,0,1018,27493,0,0,1018,27493,California
Orange,2020-12-27,580,28073,274,26461,306,1612,0,0,580,28073,0,0,580,28073,California
Orange,2020-12-28,3530,31603,2562,29023,968,2580,0,0,3530,31603,0,0,3530,31603,California
Orange,2020-12-29,3561,35164,2564,31587,997,3577,0,0,3560,35162,1,1,3560,35163,California
Orange,2020-12-30,5115,40279,3552,35139,1563,5140,0,0,5115,40277,0,1,5115,40278,California
Orange,2020-12-31,1454,41733,757,35896,697,5837,0,0,1454,41731,0,1,1454,41732,California
Orange,2021-01-01,451,42184,248,36144,203,6040,0,0,450,42180,1,2,450,42182,California
Orange,2021-01-02,1397,43581,893,37037,504,6544,0,0,1397,43577,0,2,1397,43579,California
Orange,2021-01-03,565,44146,314,37351,251,6795,0,0,565,44142,0,2,565,44144,California
Orange,2021-01-04,2710,46856,1556,38907,1154,7949,0,0,2711,46852,1,3,2711,46855,California
Orange,2021-01-05,3499,50355,2285,41192,1214,9163,0,0,3087,49537,405,408,3090,49945,California
Orange,2021-01-06,4972,55327,3456,44648,1516,10679,0,0,3603,51784,1356,1764,3603,53548,California
Orange,2021-01-07,9229,64556,5145,49793,4084,14763,0,0,5669,53911,3547,5311,5674,59222,California
Orange,2021-01-08,9369,73925,5231,55024,4138,18901,0,0,5632,55818,3727,9038,5634,64856,California
Orange,2021-01-09,4981,78906,1730,56754,3251,22152,0,0,3705,58247,1276,10314,3705,68561,California
Orange,2021-01-10,4228,83134,1040,57794,3188,25340,0,0,3349,60722,878,11192,3353,71914,California
Orange,2021-01-11,9411,92545,4877,62671,4534,29874,0,0,5809,62927,3605,14797,5810,77724,California
Orange,2021-01-12,8767,101312,4707,67378,4060,33934,0,0,5312,64786,3453,18250,5312,83036,California
Orange,2021-01-13,10204,111516,4881,72259,5323,39257,0,0,7015,68623,3185,21435,7022,90058,California
Orange,2021-01-14,9937,121453,3762,76021,6175,45432,0,0,8353,75399,1582,23017,8358,98416,California
Orange,2021-01-15,10137,131590,2616,78637,7521,52953,0,0,9265,83790,879,23896,9270,107686,California
Orange,2021-01-16,8695,140285,2091,80728,6604,59557,0,0,8309,91717,386,24282,8313,115999,California
Orange,2021-01-17,8148,148433,1486,82214,6662,66219,0,0,8003,99584,145,24427,8012,124011,California
Orange,2021-01-18,9740,158173,4454,86668,5286,71505,0,0,7500,104843,2243,26670,7502,131513,California
Orange,2021-01-19,7458,165631,5407,92075,2051,73556,0,0,4834,107054,2624,29294,4835,136348,California
Orange,2021-01-20,8243,173874,5799,97874,2444,76000,0,0,5195,109207,3049,32343,5202,141550,California
Orange,2021-01-21,10826,184700,4803,102677,6023,82023,0,0,10038,118466,787,33130,10046,151596,California
Orange,2021-01-22,13557,198257,5072,107749,8485,90508,0,0,12732,130390,817,33947,12741,164337,California
Orange,2021-01-23,13093,211350,6165,113914,6928,97436,0,0,12126,141559,965,34912,12134,176471,California
Orange,2021-01-24,9799,221149,4280,118194,5519,102955,0,0,9484,150733,313,35225,9487,185958,California
Orange,2021-01-25,10402,231551,5838,124032,4564,107519,0,0,7695,155732,2702,37927,7701,193659,California
Orange,2021-01-26,11834,243385,7686,131718,4148,111667,0,0,9699,163306,2132,40059,9706,203365,California
Orange,2021-01-27,13356,256741,7978,139696,5378,117045,0,0,10689,171345,2656,42715,10695,214060,California
Orange,2021-01-28,12969,269710,7159,146855,5810,122855,0,0,11125,180645,1832,44547,11132,225192,California
Orange,2021-01-29,13544,283254,8391,155246,5153,128008,0,0,10701,188521,2831,47378,10707,235899,California
Orange,2021-01-30,12912,296166,4440,159686,8472,136480,0,0,12191,200008,706,48084,12193,248092,California
Orange,2021-01-31,13708,309874,4941,164627,8767,145247,0,0,13279,212867,424,48508,13283,261375,California
Orange,2021-02-01,13966,323840,5745,170372,8221,153468,0,0,11992,222906,1957,50465,11996,273371,California
Orange,2021-02-02,15364,339204,8356,178728,7008,160476,0,0,12631,232917,2623,53088,12634,286005,California
Orange,2021-02-03,16684,355888,12543,191271,4141,164617,0,0,13692,243698,2916,56004,13697,299702,California
Orange,2021-02-04,19769,375657,12930,204201,6839,171456,0,0,14704,253376,5033,61037,14711,314413,California
Orange,2021-02-05,20711,396368,11990,216191,8721,180177,0,0,14455,261616,6218,67255,14458,328871,California
Orange,2021-02-06,16309,412677,10779,226970,5530,185707,0,0,11062,267665,5231,72486,11280,340151,California
Orange,2021-02-07,11518,424195,8101,235071,3417,189124,0,0,7547,271427,3956,76442,7718,347869,California
Orange,2021-02-08,14769,438964,8443,243514,6326,195450,0,0,8802,274290,5941,82383,8804,356673,California
Orange,2021-02-09,17587,456551,11990,255504,5597,201047,0,0,10718,278215,6797,89180,10722,367395,California
Orange,2021-02-10,20843,477394,11146,266650,9697,210744,0,0,12645,282762,8105,97285,12652,380047,California
Orange,2021-02-11,21943,499337,11367,278017,10576,221320,0,0,12349,285661,9469,106754,12368,392415,California
Orange,2021-02-12,24697,524034,11875,289892,12822,234142,0,0,14608,290239,10035,116789,14613,407028,California
Orange,2021-02-13,21970,546004,11890,301782,10080,244222,0,0,11122,291358,10647,127436,11766,418794,California
Orange,2021-02-14,16145,562149,6553,308335,9592,253814,0,0,9529,294296,6592,134028,9530,428324,California
Orange,2021-02-15,17194,579343,7379,315714,9815,263629,0,0,8869,294890,8285,142313,8879,437203,California
Orange,2021-02-16,19874,599217,8954,324668,10920,274549,0,0,10705,296491,9131,151444,10732,447935,California
Orange,2021-02-17,17761,616978,9310,333978,8451,283000,0,0,9164,297129,8558,160002,9196,457131,California
Orange,2021-02-18,14836,631814,9816,343794,5020,288020,0,0,6777,295900,8016,168018,6787,463918,California
Orange,2021-02-19,17805,649619,10713,354507,7092,295112,0,0,6878,291907,10883,178901,6890,470808,California
Orange,2021-02-20,7370,656989,5554,360061,1816,296928,0,0,3733,292032,3618,182519,3743,474551,California
Orange,2021-02-21,4303,661292,3628,363689,675,297603,0,0,769,289302,3503,186022,773,475324,California
Orange,2021-02-22,9569,670861,7825,371514,1744,299347,0,0,3876,287522,5670,191692,3890,479214,California
Orange,2021-02-23,13188,684049,7206,378720,5982,305329,0,0,3476,281356,9659,201351,3493,482707,California
Orange,2021-02-24,21022,705071,12735,391455,8287,313616,0,0,5359,271128,15607,216958,5379,488086,California
Orange,2021-02-25,22499,727570,12188,403643,10311,323927,0,0,7946,264599,14493,231451,7964,496050,California
Orange,2021-02-26,27545,755115,13951,417594,13594,337521,0,0,11080,259342,16363,247814,11106,507156,California
Orange,2021-02-27,24890,780005,10037,427631,14851,352372,2,2,7226,249014,17575,265389,7247,514403,California
Orange,2021-02-28,18963,798968,7330,434961,11633,364005,0,2,4782,239721,14095,279484,4802,519205,California
Orange,2021-03-01,18222,817190,8297,443258,9923,373928,2,4,7025,235623,11137,290621,7039,526244,California
Orange,2021-03-02,14766,831956,7157,450415,7608,381536,1,5,8651,238217,6083,296704,8677,534921,California
Orange,2021-03-03,19629,851585,9123,459538,10504,392040,2,7,10393,239460,9172,305876,10415,545336,California
Orange,2021-03-04,20967,872552,12124,471662,8831,400871,12,19,11063,240689,9870,315746,11099,556435,California
Orange,2021-03-05,19340,891892,9976,481638,9320,410191,44,63,11998,245478,7309,323055,12098,568533,California
Orange,2021-03-06,20136,912028,11301,492939,7976,418167,859,922,10220,246684,9895,332950,11101,579634,California
Orange,2021-03-07,14697,926725,8269,501208,6053,424220,375,1297,8569,249548,6098,339048,8962,588596,California
Orange,2021-03-08,16034,942759,7344,508552,7434,431654,1256,2553,10322,255480,5676,344724,11608,600204,California
Orange,2021-03-09,19490,962249,8473,517025,8594,440248,2423,4976,11199,260849,8257,352981,13626,613830,California
Orange,2021-03-10,23732,985981,11640,528665,8952,449200,3140,8116,11996,264296,11688,364669,15135,628965,California
Orange,2021-03-11,28530,1014511,15555,544220,8941,458141,4034,12150,13269,266419,15181,379850,17304,646269,California
Orange,2021-03-12,28766,1043277,14082,558302,10929,469070,3755,15905,14499,270492,14203,394053,18276,664545,California
Orange,2021-03-13,27199,1070476,10033,568335,13273,482343,3893,19798,13736,274699,13425,407478,17632,682177,California
Orange,2021-03-14,18663,1089139,8119,576454,8029,490372,2515,22313,11788,282151,6849,414327,14301,696478,California
Orange,2021-03-15,22782,1111921,10048,586502,11983,502355,751,23064,14204,288577,8525,422852,14951,711429,California
Orange,2021-03-16,26156,1138077,11034,597536,14903,517258,219,23283,17014,296744,9074,431926,17241,728670,California
Orange,2021-03-17,27012,1165089,13463,610999,13080,530338,469,23752,19311,308882,7644,439570,19782,748452,California
Orange,2021-03-18,27461,1192550,13824,624823,13370,543708,267,24019,21430,324607,5976,445546,21701,770153,California
Orange,2021-03-19,33013,1225563,18111,642934,14479,558187,423,24442,24632,341389,8286,453832,25068,795221,California
Orange,2021-03-20,25487,1251050,13419,656353,11865,570052,203,24645,21826,359814,3604,457436,22029,817250,California
Orange,2021-03-21,18228,1269278,10579,666932,6922,576974,727,25372,15503,373341,2703,460139,16230,833480,California
Orange,2021-03-22,22467,1291745,11607,678539,10540,587514,320,25692,19043,389349,3362,463501,19370,852850,California
Orange,2021-03-23,25700,1317445,13339,691878,11733,599247,628,26320,20695,405734,4941,468442,21326,874176,California
Orange,2021-03-24,28775,1346220,16056,707934,11839,611086,880,27200,21956,421812,6756,475198,22834,897010,California
Orange,2021-03-25,31600,1377820,16747,724681,14196,625282,657,27857,24005,438949,7527,482725,24664,921674,California
Orange,2021-03-26,34224,1412044,17676,742357,15703,640985,845,28702,24860,455376,9278,492003,25705,947379,California
Orange,2021-03-27,28252,1440296,13500,755857,14438,655423,314,29016,20283,468074,7901,499904,20599,967978,California
Orange,2021-03-28,24511,1464807,12670,768527,11774,667197,67,29083,18538,480758,5924,505828,18608,986586,California
Orange,2021-03-29,26195,1491002,11981,780508,13667,680864,547,29630,17864,490908,8263,514091,18413,1004999,California
Orange,2021-03-30,30374,1521376,13754,794262,16240,697104,380,30010,21554,504078,8765,522856,21935,1026934,California
Orange,2021-03-31,36446,1557822,19057,813319,16809,713913,580,30590,24131,516554,12240,535096,24716,1051650,California
Orange,2021-04-01,38864,1596686,20471,833790,16883,730796,1510,32100,25936,531134,12863,547959,27443,1079093,California
Orange,2021-04-02,38829,1635515,19445,853235,17751,748547,1633,33733,22785,539598,15964,563923,24428,1103521,California
Orange,2021-04-03,29480,1664995,15372,868607,12506,761053,1602,35335,15635,543047,13788,577711,17237,1120758,California
Orange,2021-04-04,18069,1683064,10558,879165,6865,767918,646,35981,8124,541906,9910,587621,8769,1129527,California
Orange,2021-04-05,29197,1712261,13832,892997,12156,780074,3209,39190,13814,543590,15335,602956,17019,1146546,California
Orange,2021-04-06,32901,1745162,15373,908370,14212,794286,3316,42506,14400,542861,18435,621391,17706,1164252,California
Orange,2021-04-07,35113,1780275,19544,927914,11181,805467,4388,46894,15654,543494,19390,640781,20023,1184275,California
Orange,2021-04-08,37179,1817454,20457,948371,11453,816920,5269,52163,18093,547812,19017,659798,23335,1207610,California
Orange,2021-04-09,35687,1853141,20394,968765,10762,827682,4531,56694,15559,547822,20068,679866,20078,1227688,California
Orange,2021-04-10,29784,1882925,15992,984757,10086,837768,3706,60400,12296,546398,17414,697280,15990,1243678,California
Orange,2021-04-11,24781,1907706,13955,998712,7681,845449,3145,63545,9498,543790,15239,712519,12631,1256309,California
Orange,2021-04-12,25297,1933003,12521,1011233,9960,855409,2816,66361,9973,541292,15273,727792,12775,1269084,California
Orange,2021-04-13,28683,1961686,15672,1026905,12952,868361,59,66420,13235,539193,15391,743183,13292,1282376,California
Orange,2021-04-14,19911,1981597,11351,1038256,8543,876904,17,66437,8659,536662,11207,754390,8676,1291052,California
Placer,2020-12-15,29,29,29,29,0,0,0,0,29,29,0,0,29,29,California
Placer,2020-12-16,53,82,53,82,0,0,0,0,53,82,0,0,53,82,California
Placer,2020-12-17,139,221,139,221,0,0,0,0,139,221,0,0,139,221,California
Placer,2020-12-18,330,551,330,551,0,0,0,0,330,551,0,0,330,551,California
Placer,2020-12-19,251,802,251,802,0,0,0,0,251,802,0,0,251,802,California
Placer,2020-12-20,234,1036,234,1036,0,0,0,0,234,1036,0,0,234,1036,California
Placer,2020-12-21,493,1529,492,1528,1,1,0,0,493,1529,0,0,493,1529,California
Placer,2020-12-22,676,2205,669,2197,7,8,0,0,676,2205,0,0,676,2205,California
Placer,2020-12-23,742,2947,657,2854,85,93,0,0,742,2947,0,0,742,2947,California
Placer,2020-12-24,398,3345,346,3200,52,145,0,0,398,3345,0,0,398,3345,California
Placer,2020-12-26,158,3503,113,3313,45,190,0,0,158,3503,0,0,158,3503,California
Placer,2020-12-27,186,3689,163,3476,23,213,0,0,186,3689,0,0,186,3689,California
Placer,2020-12-28,665,4354,538,4014,127,340,0,0,665,4354,0,0,665,4354,California
Placer,2020-12-29,760,5114,512,4526,248,588,0,0,760,5114,0,0,760,5114,California
Placer,2020-12-30,730,5844,454,4980,276,864,0,0,728,5842,0,0,728,5842,California
Placer,2020-12-31,528,6372,343,5323,185,1049,0,0,528,6370,0,0,528,6370,California
Placer,2021-01-01,14,6386,10,5333,4,1053,0,0,14,6384,0,0,14,6384,California
Placer,2021-01-02,184,6570,152,5485,32,1085,0,0,184,6568,0,0,184,6568,California
Placer,2021-01-03,155,6725,79,5564,76,1161,0,0,155,6723,0,0,155,6723,California
Placer,2021-01-04,618,7343,178,5742,440,1601,0,0,618,7341,0,0,618,7341,California
Placer,2021-01-05,722,8065,159,5901,563,2164,0,0,639,7899,82,82,640,7981,California
Placer,2021-01-06,756,8821,243,6144,513,2677,0,0,615,8373,141,223,615,8596,California
Placer,2021-01-07,981,9802,366,6510,615,3292,0,0,776,8944,205,428,776,9372,California
Placer,2021-01-08,1181,10983,527,7037,654,3946,0,0,855,9476,323,751,855,10227,California
Placer,2021-01-09,448,11431,320,7357,128,4074,0,0,232,9493,215,966,232,10459,California
Placer,2021-01-10,329,11760,186,7543,143,4217,0,0,164,9492,165,1131,164,10623,California
Placer,2021-01-11,1423,13183,807,8350,616,4833,0,0,835,9740,588,1719,836,11459,California
Placer,2021-01-12,1643,14826,871,9221,772,5605,0,0,1040,10177,603,2322,1040,12499,California
Placer,2021-01-13,1627,16453,818,10039,809,6414,0,0,1208,10970,417,2739,1210,13709,California
Placer,2021-01-14,1736,18189,653,10692,1083,7497,0,0,1380,11998,353,3092,1381,15090,California
Placer,2021-01-15,1907,20096,722,11414,1185,8682,0,0,1555,13203,351,3443,1556,16646,California
Placer,2021-01-16,1469,21565,719,12133,750,9432,0,0,1348,14431,121,3564,1349,17995,California
Placer,2021-01-17,559,22124,394,12527,165,9597,0,0,427,14726,132,3696,427,18422,California
Placer,2021-01-18,975,23099,538,13065,437,10034,0,0,746,15244,229,3925,747,19169,California
Placer,2021-01-19,2557,25656,1946,15011,611,10645,0,0,2106,16899,451,4376,2106,21275,California
Placer,2021-01-20,2240,27896,1691,16702,549,11194,0,0,1912,18484,328,4704,1913,23188,California
Placer,2021-01-21,2529,30425,1114,17816,1415,12609,0,0,2135,20227,393,5097,2136,25324,California
Placer,2021-01-22,2275,32700,589,18405,1686,14295,0,0,2102,22159,171,5268,2103,27427,California
Placer,2021-01-23,1189,33889,380,18785,809,15104,0,0,1034,23038,155,5423,1034,28461,California
Placer,2021-01-24,508,34397,265,19050,243,15347,0,0,433,23397,75,5498,434,28895,California
Placer,2021-01-25,1647,36044,798,19848,849,16196,0,0,1361,24473,286,5784,1362,30257,California
Placer,2021-01-26,1826,37870,1023,20871,803,16999,0,0,1563,25773,263,6047,1563,31820,California
Placer,2021-01-27,1814,39684,1155,22026,659,17658,0,0,1571,27104,241,6288,1572,33392,California
Placer,2021-01-28,1777,41461,1107,23133,670,18328,0,0,1530,28389,245,6533,1530,34922,California
Placer,2021-01-29,1855,43316,1164,24297,691,19019,0,0,1664,29865,190,6723,1666,36588,California
Placer,2021-01-30,1723,45039,970,25267,753,19772,0,0,1604,31351,118,6841,1604,38192,California
Placer,2021-01-31,779,45818,622,25889,157,19929,0,0,710,31993,69,6910,711,38903,California
Placer,2021-02-01,2064,47882,1086,26975,978,20907,0,0,1748,33425,316,7226,1748,40651,California
Placer,2021-02-02,2365,50247,1535,28510,830,21737,0,0,1883,34829,479,7705,1883,42534,California
Placer,2021-02-03,2907,53154,1872,30382,1035,22772,0,0,2290,36506,613,8318,2290,44824,California
Placer,2021-02-04,2753,55907,1185,31567,1568,24340,0,0,1934,37625,816,9134,1935,46759,California
Placer,2021-02-05,2726,58633,1202,32769,1524,25864,0,0,1399,37702,1322,10456,1399,48158,California
Placer,2021-02-06,1934,60567,1298,34067,636,26500,0,0,1387,38542,547,11003,1387,49545,California
Placer,2021-02-07,1216,61783,907,34974,309,26809,0,0,938,39203,277,11280,938,50483,California
Placer,2021-02-08,3298,65081,1766,36740,1532,28341,0,0,1979,39872,1311,12591,1980,52463,California
Placer,2021-02-09,3533,68614,2164,38904,1369,29710,0,0,1630,39601,1901,14492,1630,54093,California
Placer,2021-02-10,3741,72355,2186,41090,1555,31265,0,0,1745,39355,1993,16485,1747,55840,California
Placer,2021-02-11,3618,75973,1893,42983,1725,32990,0,0,1582,38910,2028,18513,1583,57423,California
Placer,2021-02-12,2753,78726,1316,44299,1437,34427,0,0,1665,39505,1071,19584,1666,59089,California
Placer,2021-02-13,2530,81256,1487,45786,1043,35470,0,0,1879,40733,651,20235,1879,60968,California
Placer,2021-02-14,1074,82330,675,46461,399,35869,0,0,734,41130,337,20572,734,61702,California
Placer,2021-02-15,2174,84504,1042,47503,1132,37001,0,0,1520,41996,655,21227,1521,63223,California
Placer,2021-02-16,3509,88013,1779,49282,1730,38731,0,0,1576,41649,1924,23151,1577,64800,California
Placer,2021-02-17,3486,91499,1958,51240,1528,40259,0,0,1488,41143,1994,25145,1488,66288,California
Placer,2021-02-18,3659,95158,1990,53230,1669,41928,0,0,1557,40612,2092,27237,1561,67849,California
Placer,2021-02-19,3533,98691,1904,55134,1629,43557,0,0,1312,39708,2217,29454,1313,69162,California
Placer,2021-02-20,1963,100654,1223,56357,740,44297,0,0,881,39515,1077,30531,884,70046,California
Placer,2021-02-21,950,101604,726,57083,224,44521,0,0,260,39089,687,31218,261,70307,California
Placer,2021-02-22,2487,104091,1765,58848,722,45243,0,0,601,37805,1885,33103,601,70908,California
Placer,2021-02-23,2502,106593,1561,60409,941,46184,0,0,868,37040,1633,34736,868,71776,California
Placer,2021-02-24,3229,109822,1171,61580,2058,48242,0,0,1781,37385,1438,36174,1783,73559,California
Placer,2021-02-25,3443,113265,1420,63000,2023,50265,0,0,1830,37610,1606,37780,1831,75390,California
Placer,2021-02-26,4057,117322,2374,65374,1683,51948,0,0,2336,38230,1716,39496,2336,77726,California
Placer,2021-02-27,2808,120130,1486,66860,1322,53270,0,0,1450,38331,1352,40848,1453,79179,California
Placer,2021-02-28,1381,121511,789,67649,592,53862,0,0,572,38099,804,41652,572,79751,California
Placer,2021-03-01,2970,124481,1981,69630,989,54851,0,0,1524,38182,1441,43093,1524,81275,California
Placer,2021-03-02,2820,127301,1756,71386,1064,55915,0,0,1853,39074,962,44055,1854,83129,California
Placer,2021-03-03,3220,130521,1382,72768,1838,57753,0,0,1749,39359,1465,45520,1750,84879,California
Placer,2021-03-04,3530,134051,1424,74192,2106,59859,0,0,1842,39526,1676,47196,1843,86722,California
Placer,2021-03-05,2961,137012,1018,75210,1921,61780,22,22,1788,40165,1171,48367,1810,88532,California
Placer,2021-03-06,2370,139382,1462,76672,813,62593,95,117,898,39693,1465,49832,993,89525,California
Placer,2021-03-07,1289,140671,751,77423,499,63092,39,156,522,39489,764,50596,560,90085,California
Placer,2021-03-08,2877,143548,1827,79250,937,64029,113,269,1643,40012,1233,51829,1756,91841,California
Placer,2021-03-09,3119,146667,1674,80924,1356,65385,89,358,1773,40531,1343,53172,1862,93703,California
Placer,2021-03-10,3245,149912,1308,82232,1831,67216,106,464,1694,40784,1546,54718,1799,95502,California
Placer,2021-03-11,3507,153419,1567,83799,1815,69031,125,589,1686,40782,1815,56533,1813,97315,California
Placer,2021-03-12,3602,157021,1474,85273,1354,70385,774,1363,1210,40378,2389,58922,1985,99300,California
Placer,2021-03-13,2059,159080,730,86003,1216,71601,113,1476,1120,40676,936,59858,1234,100534,California
Placer,2021-03-14,1620,160700,668,86671,804,72405,148,1624,879,40961,741,60599,1026,101560,California
Placer,2021-03-15,3152,163852,1521,88192,1500,73905,131,1755,1748,41439,1403,62002,1881,103441,California
Placer,2021-03-16,3530,167382,1899,90091,1497,75402,134,1889,2265,42582,1257,63259,2400,105841,California
Placer,2021-03-17,3396,170778,1728,91819,1568,76970,100,1989,2203,43699,1188,64447,2305,108146,California
Placer,2021-03-18,3943,174721,2204,94023,1702,78672,37,2026,2820,45438,1118,65565,2857,111003,California
Placer,2021-03-19,3410,178131,2071,96094,1078,79750,261,2287,2183,46663,1218,66783,2443,113446,California
Placer,2021-03-20,2132,180263,896,96990,1138,80888,98,2385,1305,47242,823,67606,1402,114848,California
Placer,2021-03-21,1241,181504,567,97557,665,81553,9,2394,951,47915,287,67893,960,115808,California
Placer,2021-03-22,3254,184758,2087,99644,1080,82633,87,2481,2188,49129,1062,68955,2276,118084,California
Placer,2021-03-23,3480,188238,2078,101722,1311,83944,91,2572,2497,50740,978,69933,2589,120673,California
Placer,2021-03-24,3746,191984,1992,103714,1657,85601,97,2669,1958,51019,1776,71709,2055,122728,California
Placer,2021-03-25,3748,195732,1791,105505,1860,87461,97,2766,1724,50823,2016,73725,1820,124548,California
Placer,2021-03-26,3711,199443,1648,107153,1832,89293,231,2997,1574,50501,2127,75852,1805,126353,California
Placer,2021-03-27,1589,201032,470,107623,1099,90392,20,3017,650,50238,933,76785,670,127023,California
Placer,2021-03-28,1077,202109,514,108137,553,90945,10,3027,368,49912,704,77489,378,127401,California
Placer,2021-03-29,3546,205655,1989,110126,1525,92470,32,3059,1734,49878,1801,79290,1767,129168,California
Placer,2021-03-30,3968,209623,2099,112225,1826,94296,43,3102,2112,50189,1843,81133,2154,131322,California
Placer,2021-03-31,4044,213667,1824,114049,2146,96442,74,3176,1711,49646,2327,83460,1784,133106,California
Placer,2021-04-01,2852,216519,1363,115412,1445,97887,44,3220,1595,50031,1254,84714,1639,134745,California
Placer,2021-04-02,2757,219276,1431,116843,1264,99151,62,3282,1553,50448,1198,85912,1615,136360,California
Placer,2021-04-03,1845,221121,976,117819,740,99891,129,3411,889,50517,948,86860,1017,137377,California
Placer,2021-04-04,702,221823,355,118174,294,100185,53,3464,279,50427,422,87282,332,137709,California
Placer,2021-04-05,2958,224781,1882,120056,917,101102,159,3623,1740,51111,1215,88497,1899,139608,California
Placer,2021-04-06,4223,229004,2454,122510,1492,102594,277,3900,1540,50250,2678,91175,1817,141425,California
Placer,2021-04-07,4298,233302,2479,124989,1395,103989,424,4324,1944,50267,2350,93525,2367,143792,California
Placer,2021-04-08,4467,237769,2470,127459,1483,105472,514,4838,1526,49375,2930,96455,2038,145830,California
Placer,2021-04-09,3509,241278,1957,129416,1025,106497,527,5365,998,48393,2506,98961,1524,147354,California
Placer,2021-04-10,1680,242958,714,130130,800,107297,166,5531,689,48260,988,99949,855,148209,California
Placer,2021-04-11,1296,244254,501,130631,765,108062,30,5561,418,47831,876,100825,447,148656,California
Placer,2021-04-12,3569,247823,2307,132938,928,108990,334,5895,2094,48790,1468,102293,2427,151083,California
Placer,2021-04-13,3933,251756,2668,135606,1263,110253,2,5897,1869,48599,2062,104355,1871,152954,California
Placer,2021-04-14,2788,254544,1823,137429,964,111217,1,5898,1037,47888,1748,106103,1037,153991,California
Plumas,2020-12-18,4,4,4,4,0,0,0,0,4,4,0,0,4,4,California
Plumas,2020-12-19,1,5,1,5,0,0,0,0,1,5,0,0,1,5,California
Plumas,2020-12-21,45,50,45,50,0,0,0,0,45,50,0,0,45,50,California
Plumas,2020-12-22,92,142,92,142,0,0,0,0,92,142,0,0,92,142,California
Plumas,2020-12-23,50,192,50,192,0,0,0,0,50,192,0,0,50,192,California
Plumas,2020-12-24,6,198,6,198,0,0,0,0,6,198,0,0,6,198,California
Plumas,2020-12-28,8,206,0,198,8,8,0,0,8,206,0,0,8,206,California
Plumas,2020-12-29,32,238,22,220,10,18,0,0,32,238,0,0,32,238,California
Plumas,2020-12-30,22,260,1,221,21,39,0,0,22,260,0,0,22,260,California
Plumas,2020-12-31,4,264,1,222,3,42,0,0,4,264,0,0,4,264,California
Plumas,2021-01-04,10,274,4,226,6,48,0,0,10,274,0,0,10,274,California
Plumas,2021-01-05,22,296,2,228,20,68,0,0,22,296,0,0,22,296,California
Plumas,2021-01-06,125,421,6,234,119,187,0,0,125,421,0,0,125,421,California
Plumas,2021-01-07,54,475,2,236,52,239,0,0,53,473,1,1,53,474,California
Plumas,2021-01-08,12,487,5,241,7,246,0,0,8,477,4,5,8,482,California
Plumas,2021-01-09,2,489,2,243,0,246,0,0,1,477,1,6,1,483,California
Plumas,2021-01-11,59,548,50,293,9,255,0,0,12,442,47,53,12,495,California
Plumas,2021-01-12,156,704,86,379,70,325,0,0,72,430,84,137,72,567,California
Plumas,2021-01-13,56,760,50,429,6,331,0,0,10,394,46,183,10,577,California
Plumas,2021-01-14,96,856,14,443,82,413,0,0,91,480,5,188,91,668,California
Plumas,2021-01-15,63,919,7,450,56,469,0,0,61,539,2,190,61,729,California
Plumas,2021-01-16,58,977,1,451,57,526,0,0,58,597,0,190,58,787,California
Plumas,2021-01-18,2,979,1,452,1,527,0,0,2,599,0,190,2,789,California
Plumas,2021-01-19,36,1015,5,457,31,558,0,0,32,627,4,194,32,821,California
Plumas,2021-01-20,121,1136,3,460,118,676,0,0,119,744,2,196,119,940,California
Plumas,2021-01-21,113,1249,2,462,111,787,0,0,113,857,0,196,113,1053,California
Plumas,2021-01-22,4,1253,0,462,4,791,0,0,4,861,0,196,4,1057,California
Plumas,2021-01-23,92,1345,1,463,91,882,0,0,92,953,0,196,92,1149,California
Plumas,2021-01-24,1,1346,1,464,0,882,0,0,1,954,0,196,1,1150,California
Plumas,2021-01-25,8,1354,5,469,3,885,0,0,5,956,3,199,5,1155,California
Plumas,2021-01-26,60,1414,2,471,58,943,0,0,51,999,8,207,51,1206,California
Plumas,2021-01-27,25,1439,20,491,5,948,0,0,5,984,20,227,5,1211,California
Plumas,2021-01-28,23,1462,0,491,23,971,0,0,21,1003,2,229,21,1232,California
Plumas,2021-01-29,8,1470,2,493,6,977,0,0,7,1009,1,230,7,1239,California
Plumas,2021-01-30,8,1478,4,497,4,981,0,0,7,1015,1,231,7,1246,California
Plumas,2021-01-31,3,1481,3,500,0,981,0,0,3,1018,0,231,3,1249,California
Plumas,2021-02-01,16,1497,2,502,14,995,0,0,8,1018,8,239,8,1257,California
Plumas,2021-02-02,20,1517,1,503,19,1014,0,0,1,1000,19,258,1,1258,California
Plumas,2021-02-03,128,1645,8,511,120,1134,0,0,13,899,114,372,13,1271,California
Plumas,2021-02-04,102,1747,8,519,94,1228,0,0,23,843,79,451,23,1294,California
Plumas,2021-02-05,25,1772,12,531,13,1241,0,0,10,838,15,466,10,1304,California
Plumas,2021-02-06,7,1779,0,531,7,1248,0,0,7,845,0,466,7,1311,California
Plumas,2021-02-08,16,1795,8,539,8,1256,0,0,4,837,12,478,4,1315,California
Plumas,2021-02-09,173,1968,1,540,172,1428,0,0,112,888,61,539,112,1427,California
Plumas,2021-02-10,90,2058,9,549,81,1509,0,0,82,962,8,547,82,1509,California
Plumas,2021-02-11,322,2380,7,556,315,1824,0,0,263,1166,59,606,263,1772,California
Plumas,2021-02-12,123,2503,3,559,120,1944,0,0,119,1281,4,610,119,1891,California
Plumas,2021-02-13,72,2575,3,562,69,2013,0,0,13,1235,59,669,13,1904,California
Plumas,2021-02-14,7,2582,4,566,3,2016,0,0,7,1242,0,669,7,1911,California
Plumas,2021-02-15,26,2608,3,569,23,2039,0,0,25,1266,1,670,25,1936,California
Plumas,2021-02-16,76,2684,4,573,72,2111,0,0,14,1218,62,732,14,1950,California
Plumas,2021-02-17,137,2821,5,578,132,2243,0,0,12,1105,125,857,12,1962,California
Plumas,2021-02-18,126,2947,6,584,120,2363,0,0,17,1013,109,966,17,1979,California
Plumas,2021-02-19,41,2988,4,588,37,2400,0,0,6,984,35,1001,6,1985,California
Plumas,2021-02-20,103,3091,6,594,97,2497,0,0,11,903,92,1093,11,1996,California
Plumas,2021-02-21,6,3097,5,599,1,2498,0,0,2,901,4,1097,2,1998,California
Plumas,2021-02-22,3,3100,1,600,2,2500,0,0,0,898,3,1100,0,1998,California
Plumas,2021-02-23,24,3124,4,604,20,2520,0,0,16,906,8,1108,16,2014,California
Plumas,2021-02-24,455,3579,6,610,449,2969,0,0,443,1337,12,1120,443,2457,California
Plumas,2021-02-25,230,3809,9,619,221,3190,0,0,170,1447,60,1180,170,2627,California
Plumas,2021-02-26,264,4073,8,627,256,3446,0,0,256,1696,8,1188,257,2884,California
Plumas,2021-02-27,40,4113,4,631,36,3482,0,0,33,1722,7,1195,33,2917,California
Plumas,2021-03-01,13,4126,4,635,9,3491,0,0,7,1724,5,1200,7,2924,California
Plumas,2021-03-02,9,4135,0,635,9,3500,0,0,6,1727,3,1203,6,2930,California
Plumas,2021-03-03,153,4288,10,645,143,3643,0,0,137,1848,16,1219,137,3067,California
Plumas,2021-03-04,250,4538,10,655,240,3883,0,0,228,2054,22,1241,228,3295,California
Plumas,2021-03-05,396,4934,6,661,385,4268,5,5,385,2433,11,1252,390,3685,California
Plumas,2021-03-06,16,4950,1,662,7,4275,8,13,3,2431,13,1265,11,3696,California
Plumas,2021-03-07,13,4963,2,664,2,4277,9,22,3,2433,10,1275,12,3708,California
Plumas,2021-03-08,29,4992,3,667,2,4279,24,46,3,2434,26,1301,27,3735,California
Plumas,2021-03-09,133,5125,1,668,117,4396,15,61,17,2350,116,1417,32,3767,California
Plumas,2021-03-10,254,5379,3,671,237,4633,14,75,106,2322,148,1565,120,3887,California
Plumas,2021-03-11,180,5559,8,679,167,4800,5,80,145,2437,35,1600,150,4037,California
Plumas,2021-03-12,594,6153,2,681,305,5105,287,367,23,2176,571,2171,310,4347,California
Plumas,2021-03-13,23,6176,4,685,8,5113,11,378,4,2172,19,2190,15,4362,California
Plumas,2021-03-14,11,6187,2,687,4,5117,5,383,1,2169,9,2199,6,4368,California
Plumas,2021-03-15,31,6218,1,688,25,5142,5,388,6,2155,25,2224,11,4379,California
Plumas,2021-03-16,57,6275,2,690,54,5196,1,389,47,2193,10,2234,48,4427,California
Plumas,2021-03-17,75,6350,10,700,64,5260,1,390,60,2240,14,2248,61,4488,California
Plumas,2021-03-18,53,6403,6,706,30,5290,17,407,6,2216,47,2295,23,4511,California
Plumas,2021-03-19,162,6565,5,711,155,5445,2,409,153,2365,7,2302,156,4667,California
Plumas,2021-03-20,673,7238,4,715,668,6113,1,410,652,3001,17,2319,653,5320,California
Plumas,2021-03-21,2,7240,1,716,1,6114,0,410,1,3002,0,2319,1,5321,California
Plumas,2021-03-22,180,7420,2,718,178,6292,0,410,173,3168,7,2326,173,5494,California
Plumas,2021-03-23,27,7447,2,720,25,6317,0,410,13,3167,14,2340,13,5507,California
Plumas,2021-03-24,646,8093,7,727,638,6955,1,411,216,2954,430,2770,217,5724,California
Plumas,2021-03-25,189,8282,5,732,182,7137,2,413,52,2869,137,2907,52,5776,California
Plumas,2021-03-26,308,8590,9,741,299,7436,0,413,46,2654,261,3168,46,5822,California
Plumas,2021-03-27,11,8601,1,742,9,7445,1,414,2,2648,9,3177,3,5825,California
Plumas,2021-03-28,5,8606,3,745,1,7446,1,415,3,2650,2,3179,4,5829,California
Plumas,2021-03-29,13,8619,4,749,8,7454,1,416,5,2648,8,3187,6,5835,California
Plumas,2021-03-30,150,8769,3,752,146,7600,1,417,24,2547,126,3313,25,5860,California
Plumas,2021-03-31,277,9046,2,754,274,7874,1,418,258,2787,19,3332,259,6119,California
Plumas,2021-04-01,290,9336,12,766,278,8152,0,418,59,2616,230,3562,59,6178,California
Plumas,2021-04-02,371,9707,4,770,366,8518,1,419,26,2310,333,3895,27,6205,California
Plumas,2021-04-03,14,9721,1,771,5,8523,8,427,2,2308,12,3907,10,6215,California
Plumas,2021-04-04,3,9724,1,772,1,8524,1,428,0,2306,3,3910,1,6216,California
Plumas,2021-04-05,14,9738,3,775,10,8534,1,429,7,2307,7,3917,8,6224,California
Plumas,2021-04-06,116,9854,5,780,83,8617,28,457,12,2239,103,4020,35,6259,California
Plumas,2021-04-07,284,10138,10,790,100,8717,174,631,30,2189,254,4274,204,6463,California
Plumas,2021-04-08,148,10286,1,791,131,8848,16,647,33,2123,114,4388,48,6511,California
Plumas,2021-04-09,41,10327,5,796,23,8871,13,660,16,2127,25,4413,29,6540,California
Plumas,2021-04-10,20,10347,2,798,4,8875,14,674,3,2127,17,4430,17,6557,California
Plumas,2021-04-11,3,10350,2,800,0,8875,1,675,2,2129,1,4431,3,6560,California
Plumas,2021-04-12,5,10355,2,802,2,8877,1,676,4,2133,1,4432,5,6565,California
Plumas,2021-04-13,25,10380,5,807,20,8897,0,676,5,2118,20,4452,5,6570,California
Plumas,2021-04-14,94,10474,1,808,93,8990,0,676,48,2120,46,4498,48,6618,California
Riverside,2020-12-15,4,4,4,4,0,0,0,0,4,4,0,0,4,4,California
Riverside,2020-12-16,63,67,63,67,0,0,0,0,63,67,0,0,63,67,California
Riverside,2020-12-17,805,872,805,872,0,0,0,0,805,872,0,0,805,872,California
Riverside,2020-12-18,1723,2595,1721,2593,2,2,0,0,1723,2595,0,0,1723,2595,California
Riverside,2020-12-19,1022,3617,1020,3613,2,4,0,0,1020,3614,1,1,1020,3615,California
Riverside,2020-12-20,1085,4702,1084,4697,1,5,0,0,1085,4699,0,1,1085,4700,California
Riverside,2020-12-21,2271,6973,2269,6966,2,7,0,0,2271,6970,0,1,2271,6971,California
Riverside,2020-12-22,2248,9221,2209,9175,39,46,0,0,2247,9217,0,1,2247,9218,California
Riverside,2020-12-23,2122,11343,1786,10961,336,382,0,0,2123,11340,0,1,2123,11341,California
Riverside,2020-12-24,826,12169,624,11585,202,584,0,0,826,12166,0,1,826,12167,California
Riverside,2020-12-25,28,12197,5,11590,23,607,0,0,28,12194,0,1,28,12195,California
Riverside,2020-12-26,400,12597,257,11847,143,750,0,0,400,12594,0,1,400,12595,California
Riverside,2020-12-27,361,12958,243,12090,118,868,0,0,361,12955,0,1,361,12956,California
Riverside,2020-12-28,1620,14578,1122,13212,498,1366,0,0,1620,14575,0,1,1620,14576,California
Riverside,2020-12-29,1738,16316,972,14184,766,2132,0,0,1738,16313,0,1,1738,16314,California
Riverside,2020-12-30,2569,18885,1681,15865,888,3020,0,0,2568,18881,0,1,2568,18882,California
Riverside,2020-12-31,1021,19906,395,16260,626,3646,0,0,1023,19904,0,1,1023,19905,California
Riverside,2021-01-01,104,20010,40,16300,64,3710,0,0,104,20008,0,1,104,20009,California
Riverside,2021-01-02,831,20841,691,16991,140,3850,0,0,831,20839,0,1,831,20840,California
Riverside,2021-01-03,346,21187,299,17290,47,3897,0,0,345,21184,0,1,345,21185,California
Riverside,2021-01-04,1257,22444,793,18083,464,4361,0,0,1257,22441,0,1,1257,22442,California
Riverside,2021-01-05,1981,24425,1365,19448,616,4977,0,0,1883,24233,91,92,1883,24325,California
Riverside,2021-01-06,2470,26895,1100,20548,1370,6347,0,0,2165,26097,301,393,2165,26490,California
Riverside,2021-01-07,2763,29658,1812,22360,951,7298,0,0,1701,26743,1058,1451,1704,28194,California
Riverside,2021-01-08,4035,33693,2931,25291,1104,8402,0,0,2229,27170,1802,3253,2229,30423,California
Riverside,2021-01-09,2070,35763,844,26135,1226,9628,0,0,1725,28551,344,3597,1725,32148,California
Riverside,2021-01-10,1661,37424,732,26867,929,10557,0,0,1058,29006,603,4200,1058,33206,California
Riverside,2021-01-11,4510,41934,3088,29955,1422,11979,0,0,2781,30062,1726,5926,2782,35988,California
Riverside,2021-01-12,3396,45330,2726,32681,670,12649,0,0,1710,30091,1681,7607,1710,37698,California
Riverside,2021-01-13,4380,49710,2867,35548,1513,14162,0,0,2778,31270,1599,9206,2778,40476,California
Riverside,2021-01-14,5449,55159,1861,37409,3588,17750,0,0,4864,35549,585,9791,4864,45340,California
Riverside,2021-01-15,6142,61301,2093,39502,4049,21799,0,0,5856,41120,285,10076,5856,51196,California
Riverside,2021-01-16,3603,64904,1015,40517,2588,24387,0,0,3358,44234,245,10321,3359,54555,California
Riverside,2021-01-17,3594,68498,582,41099,3012,27399,0,0,3399,47439,194,10515,3399,57954,California
Riverside,2021-01-18,3714,72212,2017,43116,1697,29096,0,0,2709,49143,1005,11520,2709,60663,California
Riverside,2021-01-19,7395,79607,2636,45752,4759,33855,0,0,6276,54302,1119,12639,6278,66941,California
Riverside,2021-01-20,7956,87563,2869,48621,5087,38942,0,0,6477,59312,1470,14109,6480,73421,California
Riverside,2021-01-21,8193,95756,3363,51984,4830,43772,0,0,7578,66274,616,14725,7578,80999,California
Riverside,2021-01-22,8696,104452,2964,54948,5732,49504,0,0,8269,74117,426,15151,8269,89268,California
Riverside,2021-01-23,5925,110377,2397,57345,3528,53032,0,0,5197,78587,728,15879,5198,94466,California
Riverside,2021-01-24,3033,113410,1433,58778,1600,54632,0,0,2820,81198,210,16089,2821,97287,California
Riverside,2021-01-25,7874,121284,4537,63315,3337,57969,0,0,6752,86831,1120,17209,6753,104040,California
Riverside,2021-01-26,9090,130374,5717,69032,3373,61342,0,0,7581,92909,1507,18716,7585,111625,California
Riverside,2021-01-27,10495,140869,6171,75203,4324,65666,0,0,8983,100388,1509,20225,8988,120613,California
Riverside,2021-01-28,11384,152253,6693,81896,4691,70357,0,0,10232,109477,1144,21369,10233,130846,California
Riverside,2021-01-29,11835,164088,7222,89118,4613,74970,0,0,10468,118609,1340,22709,10472,141318,California
Riverside,2021-01-30,9041,173129,4602,93720,4439,79409,0,0,8581,126734,457,23166,8582,149900,California
Riverside,2021-01-31,5149,178278,4247,97967,902,80311,0,0,5021,131631,127,23293,5024,154924,California
Riverside,2021-02-01,10819,189097,6678,104645,4141,84452,0,0,9045,138910,1768,25061,9047,163971,California
Riverside,2021-02-02,9377,198474,4771,109416,4606,89058,0,0,7900,145342,1470,26531,7902,171873,California
Riverside,2021-02-03,11995,210469,4975,114391,7020,96078,0,0,9766,152890,2218,28749,9766,181639,California
Riverside,2021-02-04,13543,224012,6046,120437,7497,103575,0,0,11458,162272,2078,30827,11460,193099,California
Riverside,2021-02-05,14319,238331,5396,125833,8923,112498,0,0,11283,170533,3028,33855,11289,204388,California
Riverside,2021-02-06,7254,245585,4283,130116,2971,115469,0,0,5620,174529,1627,35482,5623,210011,California
Riverside,2021-02-07,2158,247743,786,130902,1372,116841,0,0,1843,176059,314,35796,1844,211855,California
Riverside,2021-02-08,12438,260181,5525,136427,6913,123754,0,0,10156,183955,2265,38061,10161,222016,California
Riverside,2021-02-09,9636,269817,4517,140944,5119,128873,0,0,7725,189783,1903,39964,7731,229747,California
Riverside,2021-02-10,12008,281825,6980,147924,5028,133901,0,0,8904,195603,3092,43056,8912,238659,California
Riverside,2021-02-11,16477,298302,8980,156904,7497,141398,0,0,12110,203383,4345,47401,12125,250784,California
Riverside,2021-02-12,17642,315944,10801,167705,6841,148239,0,0,12809,211411,4791,52192,12819,263603,California
Riverside,2021-02-13,6300,322244,2110,169815,4190,152429,0,0,3072,211300,3210,55402,3099,266702,California
Riverside,2021-02-14,4925,327169,1122,170937,3803,156232,0,0,2175,210730,2746,58148,2176,268878,California
Riverside,2021-02-15,9809,336978,4998,175935,4811,161043,0,0,5405,211745,4397,62545,5412,274290,California
Riverside,2021-02-16,16102,353080,10108,186043,5994,167037,0,0,9249,214155,6847,69392,9257,283547,California
Riverside,2021-02-17,14984,368064,8182,194225,6802,173839,0,0,7556,214305,7416,76808,7566,291113,California
Riverside,2021-02-18,15452,383516,8924,203149,6528,180367,0,0,8054,214993,7379,84187,8067,299180,California
Riverside,2021-02-19,15225,398741,8205,211354,7020,187387,0,0,7208,214212,7997,92184,7216,306396,California
Riverside,2021-02-20,8050,406791,4249,215603,3801,191188,0,0,2089,210357,5947,98131,2092,308488,California
Riverside,2021-02-21,3394,410185,2884,218487,510,191698,0,0,1025,209025,2359,100490,1027,309515,California
Riverside,2021-02-22,12280,422465,7705,226192,4575,196273,0,0,5090,206945,7175,107665,5095,314610,California
Riverside,2021-02-23,10988,433453,7481,233673,3507,199780,0,0,5352,206690,5612,113277,5357,319967,California
Riverside,2021-02-24,14699,448152,8024,241697,6675,206455,0,0,6408,204861,8253,121530,6424,326391,California
Riverside,2021-02-25,17107,465259,7266,248963,9841,216296,0,0,7973,203743,9114,130644,7996,334387,California
Riverside,2021-02-26,18222,483481,6671,255634,11551,227847,0,0,9098,203804,9069,139713,9130,343517,California
Riverside,2021-02-27,11329,494810,4901,260535,6428,234275,0,0,5663,203859,5634,145347,5689,349206,California
Riverside,2021-02-28,4606,499416,2941,263476,1665,235940,0,0,2377,204024,2220,147567,2385,351591,California
Riverside,2021-03-01,14237,513653,6061,269537,8175,244115,1,1,8405,206654,5805,153372,8435,360026,California
Riverside,2021-03-02,14829,528482,7233,276770,7595,251710,1,2,8806,209484,6003,159375,8833,368859,California
Riverside,2021-03-03,16529,545011,8135,284905,8394,260104,0,2,7056,207238,9427,168802,7181,376040,California
Riverside,2021-03-04,16406,561417,5965,290870,10437,270541,4,6,7958,206939,8405,177207,8106,384146,California
Riverside,2021-03-05,17443,578860,6871,297741,10528,281069,44,50,8755,207371,8640,185847,9072,393218,California
Riverside,2021-03-06,9076,587936,4694,302435,3904,284973,478,528,4624,208064,4439,190286,5132,398350,California
Riverside,2021-03-07,4172,592108,2697,305132,1088,286061,387,915,1962,208217,2202,192488,2355,400705,California
Riverside,2021-03-08,10280,602388,4652,309784,5230,291291,398,1313,4374,207129,5889,198377,4801,405506,California
Riverside,2021-03-09,12782,615170,6012,315796,6317,297608,453,1766,5210,205353,7557,205934,5781,411287,California
Riverside,2021-03-10,13371,628541,6684,322480,5876,303484,811,2577,5537,204045,7804,213738,6496,417783,California
Riverside,2021-03-11,17155,645696,8493,330973,6975,310459,1687,4264,6839,202491,10287,224025,8733,426516,California
Riverside,2021-03-12,20903,666599,7837,338810,8406,318865,4660,8924,7023,200654,13852,237877,12015,438531,California
Riverside,2021-03-13,8029,674628,2447,341257,4435,323300,1147,10071,4193,202250,3824,241701,5420,443951,California
Riverside,2021-03-14,4532,679160,1581,342838,1664,324964,1287,11358,2014,203041,2507,244208,3298,447249,California
Riverside,2021-03-15,18532,697692,7812,350650,9051,334015,1669,13027,9083,204479,9414,253622,10852,458101,California
Riverside,2021-03-16,20828,718520,10089,360739,9926,343941,813,13840,11348,207292,9442,263064,12255,470356,California
Riverside,2021-03-17,21147,739667,10826,371565,9275,353216,1046,14886,12688,212660,8427,271491,13795,484151,California
Riverside,2021-03-18,22463,762130,11676,383241,9137,362353,1650,16536,12468,216834,9953,281444,14127,498278,California
Riverside,2021-03-19,23884,786014,12527,395768,10413,372766,944,17480,13944,222193,9892,291336,15251,513529,California
Riverside,2021-03-20,10515,796529,6810,402578,2548,375314,1157,18637,6752,226367,3736,295072,7910,521439,California
Riverside,2021-03-21,3650,800179,2851,405429,547,375861,252,18889,2504,227992,1133,296205,2758,524197,California
Riverside,2021-03-22,16566,816745,9879,415308,6131,381992,556,19445,10573,233166,5954,302159,11128,535325,California
Riverside,2021-03-23,18498,835243,10468,425776,7609,389601,421,19866,11997,239148,6453,308612,12435,547760,California
Riverside,2021-03-24,18588,853831,10370,436146,8101,397702,117,19983,12868,246461,5680,314292,12993,560753,California
Riverside,2021-03-25,20972,874803,11599,447745,9196,406898,177,20160,14256,254244,6654,320946,14437,575190,California
Riverside,2021-03-26,23999,898802,11853,459598,11976,418874,170,20330,15096,260698,8818,329764,15272,590462,California
Riverside,2021-03-27,9188,907990,4812,464410,3323,422197,1053,21383,4730,262040,4442,334206,5784,596246,California
Riverside,2021-03-28,4707,912697,3102,467512,1514,423711,91,21474,2836,263105,1863,336069,2928,599174,California
Riverside,2021-03-29,15560,928257,7898,475410,7547,431258,115,21589,10034,267763,5501,341570,10159,609333,California
Riverside,2021-03-30,18236,946493,9498,484908,8537,439795,201,21790,11904,273570,6302,347872,12109,621442,California
Riverside,2021-03-31,17966,964459,8370,493278,9295,449090,301,22091,11700,279360,6220,354092,12010,633452,California
Riverside,2021-04-01,25156,989615,12321,505599,12103,461193,732,22823,16795,288578,8311,362403,17529,650981,California
Riverside,2021-04-02,25746,1015361,13849,519448,10971,472164,926,23749,16359,296756,9336,371739,17514,668495,California
Riverside,2021-04-03,9081,1024442,5756,525204,2767,474931,558,24307,5908,300061,3160,374899,6465,674960,California
Riverside,2021-04-04,3287,1027729,1997,527201,1073,476004,217,24524,1710,300415,1573,376472,1927,676887,California
Riverside,2021-04-05,17953,1045682,9249,536450,6883,482887,1821,26345,10452,305215,7475,383947,12275,689162,California
Riverside,2021-04-06,22989,1068671,11881,548331,9071,491958,2037,28382,12837,309979,10106,394053,14870,704032,California
Riverside,2021-04-07,23223,1091894,12433,560764,8490,500448,2300,30682,13304,315708,9877,403930,15606,719638,California
Riverside,2021-04-08,25420,1117314,13789,574553,8866,509314,2765,33447,15724,324541,9646,413576,18479,738117,California
Riverside,2021-04-09,23255,1140569,13756,588309,7334,516648,2165,35612,14195,331908,9014,422590,16381,754498,California
Riverside,2021-04-10,10234,1150803,5635,593944,3354,520002,1245,36857,4365,331686,5831,428421,5609,760107,California
Riverside,2021-04-11,4373,1155176,2557,596501,1272,521274,544,37401,2111,332088,2252,430673,2654,762761,California
Riverside,2021-04-12,17231,1172407,7618,604119,7405,528679,2208,39609,8869,334829,8333,439006,11074,773835,California
Riverside,2021-04-13,16802,1189209,8981,613100,7796,536475,25,39634,9377,336843,7391,446397,9405,783240,California
Riverside,2021-04-14,12523,1201732,6161,619261,6351,542826,11,39645,6372,337099,6129,452526,6385,789625,California
Sacramento,2020-12-15,314,314,314,314,0,0,0,0,314,314,0,0,314,314,California
Sacramento,2020-12-16,645,959,645,959,0,0,0,0,645,959,0,0,645,959,California
Sacramento,2020-12-17,645,1604,645,1604,0,0,0,0,645,1604,0,0,645,1604,California
Sacramento,2020-12-18,972,2576,969,2573,3,3,0,0,972,2576,0,0,972,2576,California
Sacramento,2020-12-19,613,3189,613,3186,0,3,0,0,613,3189,0,0,613,3189,California
Sacramento,2020-12-20,633,3822,633,3819,0,3,0,0,633,3822,0,0,633,3822,California
Sacramento,2020-12-21,1677,5499,1676,5495,1,4,0,0,1678,5500,0,0,1678,5500,California
Sacramento,2020-12-22,2092,7591,2062,7557,30,34,0,0,2092,7592,0,0,2092,7592,California
Sacramento,2020-12-23,2245,9836,2080,9637,165,199,0,0,2245,9837,0,0,2245,9837,California
Sacramento,2020-12-24,1046,10882,834,10471,212,411,0,0,1046,10883,0,0,1046,10883,California
Sacramento,2020-12-25,1,10883,0,10471,1,412,0,0,1,10884,0,0,1,10884,California
Sacramento,2020-12-26,508,11391,291,10762,217,629,0,0,508,11392,0,0,508,11392,California
Sacramento,2020-12-27,350,11741,247,11009,103,732,0,0,350,11742,0,0,350,11742,California
Sacramento,2020-12-28,1901,13642,1321,12330,580,1312,0,0,1900,13641,1,1,1900,13642,California
Sacramento,2020-12-29,1950,15592,1187,13517,763,2075,0,0,1950,15591,0,1,1950,15592,California
Sacramento,2020-12-30,2566,18158,1464,14981,1102,3177,0,0,2567,18158,0,1,2567,18159,California
Sacramento,2020-12-31,1226,19384,694,15675,532,3709,0,0,1226,19384,0,1,1226,19385,California
Sacramento,2021-01-01,69,19453,60,15735,9,3718,0,0,69,19453,0,1,69,19454,California
Sacramento,2021-01-02,565,20018,363,16098,202,3920,0,0,565,20018,0,1,565,20019,California
Sacramento,2021-01-03,410,20428,221,16319,189,4109,0,0,410,20428,0,1,410,20429,California
Sacramento,2021-01-04,1960,22388,846,17165,1114,5223,0,0,1958,22385,1,2,1958,22387,California
Sacramento,2021-01-05,2209,24597,984,18149,1225,6448,0,0,1855,23893,354,356,1862,24249,California
Sacramento,2021-01-06,2730,27327,1624,19773,1106,7554,0,0,1954,25074,773,1129,1954,26203,California
Sacramento,2021-01-07,2832,30159,1507,21280,1325,8879,0,0,1973,26191,856,1985,1973,28176,California
Sacramento,2021-01-08,3285,33444,2089,23369,1196,10075,0,0,2248,27407,1033,3018,2249,30425,California
Sacramento,2021-01-09,1288,34732,797,24166,491,10566,0,0,898,27917,388,3406,898,31323,California
Sacramento,2021-01-10,1245,35977,712,24878,533,11099,0,0,772,28218,472,3878,773,32096,California
Sacramento,2021-01-11,4340,40317,2948,27826,1392,12491,0,0,2413,28707,1926,5804,2415,34511,California
Sacramento,2021-01-12,4417,44734,3033,30859,1384,13875,0,0,2452,29199,1964,7768,2456,36967,California
Sacramento,2021-01-13,3770,48504,2160,33019,1610,15485,0,0,2360,30152,1409,9177,2362,39329,California
Sacramento,2021-01-14,4591,53095,2359,35378,2232,17717,0,0,3668,32901,919,10096,3668,42997,California
Sacramento,2021-01-15,4399,57494,2261,37639,2138,19855,0,0,3678,35860,720,10816,3679,46676,California
Sacramento,2021-01-16,2091,59585,1291,38930,800,20655,0,0,1874,37517,217,11033,1874,48550,California
Sacramento,2021-01-17,1633,61218,951,39881,682,21337,0,0,1456,38798,177,11210,1458,50008,California
Sacramento,2021-01-18,2856,64074,1764,41645,1092,22429,0,0,2331,40606,524,11734,2332,52340,California
Sacramento,2021-01-19,4614,68688,3054,44699,1560,23989,0,0,3349,42691,1265,12999,3350,55690,California
Sacramento,2021-01-20,4761,73449,2818,47517,1943,25932,0,0,3549,45031,1214,14213,3554,59244,California
Sacramento,2021-01-21,5173,78622,2980,50497,2193,28125,0,0,4212,48289,955,15168,4213,63457,California
Sacramento,2021-01-22,4967,83589,2646,53143,2321,30446,0,0,4662,52648,304,15472,4663,68120,California
Sacramento,2021-01-23,3725,87314,1559,54702,2166,32612,0,0,3270,55463,455,15927,3270,71390,California
Sacramento,2021-01-24,1568,88882,982,55684,586,33198,0,0,1330,56556,238,16165,1331,72721,California
Sacramento,2021-01-25,4347,93229,2110,57794,2237,35435,0,0,2930,58071,1417,17582,2932,75653,California
Sacramento,2021-01-26,4698,97927,2129,59923,2569,38004,0,0,3498,60374,1198,18780,3501,79154,California
Sacramento,2021-01-27,5786,103713,3044,62967,2742,40746,0,0,4184,62961,1599,20379,4186,83340,California
Sacramento,2021-01-28,5348,109061,2709,65676,2639,43385,0,0,4250,66115,1097,21476,4251,87591,California
Sacramento,2021-01-29,5375,114436,2926,68602,2449,45834,0,0,4358,69465,1008,22484,4358,91949,California
Sacramento,2021-01-30,4500,118936,2196,70798,2304,48138,0,0,4066,73099,432,22916,4066,96015,California
Sacramento,2021-01-31,2291,121227,1997,72795,294,48432,0,0,2019,74850,270,23186,2021,98036,California
Sacramento,2021-02-01,5897,127124,3009,75804,2888,51320,0,0,4241,77437,1654,24840,4241,102277,California
Sacramento,2021-02-02,6847,133971,3757,79561,3090,54410,0,0,4771,80150,2060,26900,4773,107050,California
Sacramento,2021-02-03,7080,141051,3546,83107,3534,57944,0,0,5225,83531,1846,28746,5227,112277,California
Sacramento,2021-02-04,7685,148736,3620,86727,4065,62009,0,0,5480,86816,2195,30941,5480,117757,California
Sacramento,2021-02-05,7710,156446,4362,91089,3348,65357,0,0,4808,88748,2879,33820,4811,122568,California
Sacramento,2021-02-06,8415,164861,3440,94529,4975,70332,0,0,7083,94505,1328,35148,7085,129653,California
Sacramento,2021-02-07,4034,168895,2152,96681,1882,72214,0,0,2817,96114,1209,36357,2818,132471,California
Sacramento,2021-02-08,6185,175080,3195,99876,2990,75204,0,0,3875,97685,2305,38662,3876,136347,California
Sacramento,2021-02-09,6714,181794,3501,103377,3213,78417,0,0,3924,98830,2781,41443,3926,140273,California
Sacramento,2021-02-10,7645,189439,4174,107551,3471,81888,0,0,4533,100266,3099,44542,4535,144808,California
Sacramento,2021-02-11,8771,198210,4976,112527,3795,85683,0,0,4797,101103,3962,48504,4799,149607,California
Sacramento,2021-02-12,10547,208757,4133,116660,6414,92097,0,0,6368,103334,4140,52644,6371,155978,California
Sacramento,2021-02-13,7584,216341,2984,119644,4600,96697,0,0,6005,107761,1578,54222,6005,161983,California
Sacramento,2021-02-14,3091,219432,1919,121563,1172,97869,0,0,2059,108794,1030,55252,2063,164046,California
Sacramento,2021-02-15,5936,225368,2032,123595,3904,101773,0,0,4144,111155,1785,57037,4146,168192,California
Sacramento,2021-02-16,8841,234209,4193,127788,4648,106421,0,0,5266,112858,3568,60605,5271,173463,California
Sacramento,2021-02-17,8789,242998,4966,132754,3823,110244,0,0,5120,114322,3657,64262,5121,178584,California
Sacramento,2021-02-18,8811,251809,5044,137798,3767,114011,0,0,5072,115666,3733,67995,5077,183661,California
Sacramento,2021-02-19,9972,261781,6120,143918,3852,117863,0,0,5898,117507,4061,72056,5902,189563,California
Sacramento,2021-02-20,7334,269115,5352,149270,1982,119845,0,0,4292,118765,3035,75091,4293,193856,California
Sacramento,2021-02-21,2873,271988,2290,151560,583,120428,0,0,995,117889,1872,76963,996,194852,California
Sacramento,2021-02-22,6141,278129,3720,155280,2421,122849,0,0,2663,117087,3470,80433,2668,197520,California
Sacramento,2021-02-23,7091,285220,4410,159690,2681,125530,0,0,3465,116944,3611,84044,3468,200988,California
Sacramento,2021-02-24,9565,294785,5273,164963,4292,129822,0,0,5239,117876,4312,88356,5244,206232,California
Sacramento,2021-02-25,9968,304753,5374,170337,4594,134416,0,0,5506,118934,4448,92804,5506,211738,California
Sacramento,2021-02-26,13848,318601,6446,176783,7402,141818,0,0,9526,124172,4292,97096,9530,221268,California
Sacramento,2021-02-27,10767,329368,6698,183481,4066,145884,3,3,7918,129262,2832,99928,7922,229190,California
Sacramento,2021-02-28,5536,334904,2178,185659,3358,149242,0,3,2557,128856,2965,102893,2559,231749,California
Sacramento,2021-03-01,7937,342841,3415,189074,4522,153764,0,3,4268,129478,3648,106541,4270,236019,California
Sacramento,2021-03-02,8770,351611,3985,193059,4784,158548,1,4,5479,131683,3277,109818,5482,241501,California
Sacramento,2021-03-03,10610,362221,4884,197943,5723,164271,3,7,6234,133563,4359,114177,6239,247740,California
Sacramento,2021-03-04,12242,374463,5078,203021,7160,171431,4,11,7053,135468,5159,119336,7064,254804,California
Sacramento,2021-03-05,10490,384953,4866,207887,5595,177026,29,40,6965,138957,3506,122842,6995,261799,California
Sacramento,2021-03-06,8032,392985,3088,210975,4821,181847,123,163,4064,139191,3951,126793,4185,265984,California
Sacramento,2021-03-07,7533,400518,2180,213155,5270,187117,83,246,3695,139133,3835,130628,3777,269761,California
Sacramento,2021-03-08,9052,409570,4220,217375,4608,191725,224,470,5931,142176,3110,133738,6153,275914,California
Sacramento,2021-03-09,9451,419021,4502,221877,4681,196406,268,738,5420,143850,4015,137753,5689,281603,California
Sacramento,2021-03-10,11557,430578,7460,229337,3770,200176,327,1065,6746,146142,4783,142536,7075,288678,California
Sacramento,2021-03-11,13754,444332,8825,238162,4153,204329,776,1841,8163,149529,5551,148087,8938,297616,California
Sacramento,2021-03-12,17085,461417,8250,246412,8014,212343,821,2662,8078,149482,8956,157043,8909,306525,California
Sacramento,2021-03-13,12733,474150,3542,249954,8777,221120,414,3076,8026,153228,4695,161738,8441,314966,California
Sacramento,2021-03-14,8233,482383,3442,253396,4165,225285,626,3702,4377,154397,3833,165571,5002,319968,California
Sacramento,2021-03-15,11977,494360,4791,258187,6550,231835,636,4338,6936,156949,5021,170592,7573,327541,California
Sacramento,2021-03-16,13768,508128,6179,264366,6951,238786,638,4976,8467,160783,5268,175860,9102,336643,California
Sacramento,2021-03-17,13388,521516,6532,270898,6248,245034,608,5584,8611,165248,4752,180612,9217,345860,California
Sacramento,2021-03-18,13750,535266,6514,277412,6676,251710,560,6144,9066,170217,4655,185267,9624,355484,California
Sacramento,2021-03-19,14775,550041,7414,284826,5999,257709,1362,7506,7409,171641,7347,192614,8771,364255,California
Sacramento,2021-03-20,12668,562709,7519,292345,4809,262518,340,7846,7974,175285,4671,197285,8315,372570,California
Sacramento,2021-03-21,5531,568240,2749,295094,2743,265261,39,7885,4892,179592,626,197911,4933,377503,California
Sacramento,2021-03-22,9207,577447,4756,299850,3685,268946,766,8651,6227,183634,2953,200864,6995,384498,California
Sacramento,2021-03-23,11141,588588,6695,306545,3638,272584,808,9459,7174,187686,3930,204794,7982,392480,California
Sacramento,2021-03-24,11584,600172,7199,313744,3755,276339,630,10089,6680,190132,4867,209661,7313,399793,California
Sacramento,2021-03-25,12280,612452,6721,320465,4755,281094,804,10893,7113,192913,5135,214796,7916,407709,California
Sacramento,2021-03-26,17366,629818,8251,328716,8627,289721,488,11381,8469,193035,8838,223634,8960,416669,California
Sacramento,2021-03-27,9498,639316,3539,332255,5675,295396,284,11665,5117,194082,4353,227987,5400,422069,California
Sacramento,2021-03-28,6401,645717,3205,335460,2949,298345,247,11912,3059,194060,3332,231319,3310,425379,California
Sacramento,2021-03-29,10702,656419,5871,341331,4634,302979,197,12109,5141,193865,5536,236855,5341,430720,California
Sacramento,2021-03-30,11563,667982,6034,347365,5213,308192,316,12425,6066,194770,5476,242331,6381,437101,California
Sacramento,2021-03-31,13152,681134,7796,355161,4964,313156,392,12817,5697,193426,7430,249761,6086,443187,California
Sacramento,2021-04-01,15311,696445,8643,363804,6449,319605,219,13036,5798,189963,9487,259248,6024,449211,California
Sacramento,2021-04-02,15826,712271,8619,372423,6518,326123,689,13725,7941,190740,7856,267104,8633,457844,California
Sacramento,2021-04-03,10325,722596,6154,378577,3622,329745,549,14274,6372,193729,3929,271033,6918,464762,California
Sacramento,2021-04-04,3601,726197,1486,380063,1929,331674,186,14460,1400,193115,2197,273230,1583,466345,California
Sacramento,2021-04-05,11919,738116,7484,387547,3621,335295,814,15274,5340,192710,6555,279785,6150,472495,California
Sacramento,2021-04-06,15344,753460,8719,396266,5331,340626,1294,16568,6771,192235,8540,288325,8065,480560,California
Sacramento,2021-04-07,14222,767682,7627,403893,5063,345689,1532,18100,6848,193269,7337,295662,8371,488931,California
Sacramento,2021-04-08,14382,782064,6433,410326,5077,350766,2872,20972,5764,193310,8590,304252,8631,497562,California
Sacramento,2021-04-09,14324,796388,7001,417327,5308,356074,2015,22987,5573,192173,8720,312972,7583,505145,California
Sacramento,2021-04-10,9998,806386,2751,420078,6345,362419,902,23889,3983,191057,5995,318967,4879,510024,California
Sacramento,2021-04-11,9342,815728,3007,423085,6091,368510,244,24133,2502,186982,6821,325788,2746,512770,California
Sacramento,2021-04-12,11819,827547,4600,427685,5454,373964,1765,25898,4362,185683,7418,333206,6119,518889,California
Sacramento,2021-04-13,12973,840520,6878,434563,6093,380057,2,25900,4879,182500,8067,341273,4884,523773,California
Sacramento,2021-04-14,9523,850043,4765,439328,4756,384813,2,25902,2907,178807,6603,347876,2910,526683,California
San Benito,2020-12-16,2,2,2,2,0,0,0,0,2,2,0,0,2,2,California
San Benito,2020-12-17,8,10,8,10,0,0,0,0,8,10,0,0,8,10,California
San Benito,2020-12-18,32,42,32,42,0,0,0,0,32,42,0,0,32,42,California
San Benito,2020-12-19,47,89,47,89,0,0,0,0,47,89,0,0,47,89,California
San Benito,2020-12-20,22,111,21,110,1,1,0,0,22,111,0,0,22,111,California
San Benito,2020-12-21,48,159,48,158,0,1,0,0,48,159,0,0,48,159,California
San Benito,2020-12-22,65,224,65,223,0,1,0,0,65,224,0,0,65,224,California
San Benito,2020-12-23,48,272,36,259,12,13,0,0,48,272,0,0,48,272,California
San Benito,2020-12-24,12,284,4,263,8,21,0,0,12,284,0,0,12,284,California
San Benito,2020-12-25,4,288,4,267,0,21,0,0,4,288,0,0,4,288,California
San Benito,2020-12-26,13,301,4,271,9,30,0,0,13,301,0,0,13,301,California
San Benito,2020-12-27,8,309,7,278,1,31,0,0,8,309,0,0,8,309,California
San Benito,2020-12-28,63,372,36,314,27,58,0,0,63,372,0,0,63,372,California
San Benito,2020-12-29,49,421,20,334,29,87,0,0,49,421,0,0,49,421,California
San Benito,2020-12-30,60,481,37,371,23,110,0,0,60,481,0,0,60,481,California
San Benito,2020-12-31,19,500,2,373,17,127,0,0,19,500,0,0,19,500,California
San Benito,2021-01-02,24,524,23,396,1,128,0,0,24,524,0,0,24,524,California
San Benito,2021-01-03,3,527,1,397,2,130,0,0,3,527,0,0,3,527,California
San Benito,2021-01-04,62,589,23,420,39,169,0,0,62,589,0,0,62,589,California
San Benito,2021-01-05,118,707,36,456,82,251,0,0,115,701,3,3,115,704,California
San Benito,2021-01-06,97,804,42,498,55,306,0,0,83,770,14,17,83,787,California
San Benito,2021-01-07,80,884,43,541,37,343,0,0,52,794,28,45,52,839,California
San Benito,2021-01-08,130,1014,67,608,63,406,0,0,87,838,43,88,87,926,California
San Benito,2021-01-09,44,1058,31,639,13,419,0,0,30,854,14,102,30,956,California
San Benito,2021-01-10,15,1073,13,652,2,421,0,0,5,849,10,112,5,961,California
San Benito,2021-01-11,102,1175,59,711,43,464,0,0,49,845,53,165,49,1010,California
San Benito,2021-01-12,155,1330,52,763,103,567,0,0,119,928,36,201,119,1129,California
San Benito,2021-01-13,190,1520,35,798,155,722,0,0,163,1064,27,228,163,1292,California
San Benito,2021-01-14,114,1634,23,821,91,813,0,0,97,1144,17,245,97,1389,California
San Benito,2021-01-15,213,1847,21,842,192,1005,0,0,199,1329,14,259,199,1588,California
San Benito,2021-01-16,27,1874,9,851,18,1023,0,0,21,1344,6,265,21,1609,California
San Benito,2021-01-17,10,1884,5,856,5,1028,0,0,7,1348,3,268,7,1616,California
San Benito,2021-01-18,36,1920,23,879,13,1041,0,0,21,1354,15,283,21,1637,California
San Benito,2021-01-19,150,2070,63,942,87,1128,0,0,124,1452,26,309,124,1761,California
San Benito,2021-01-20,260,2330,80,1022,180,1308,0,0,214,1621,45,354,214,1975,California
San Benito,2021-01-21,124,2454,31,1053,93,1401,0,0,100,1697,24,378,100,2075,California
San Benito,2021-01-22,231,2685,19,1072,212,1613,0,0,221,1908,10,388,221,2296,California
San Benito,2021-01-23,30,2715,16,1088,14,1627,0,0,13,1904,17,405,13,2309,California
San Benito,2021-01-24,11,2726,3,1091,8,1635,0,0,7,1907,4,409,7,2316,California
San Benito,2021-01-25,67,2793,25,1116,42,1677,0,0,22,1884,45,454,22,2338,California
San Benito,2021-01-26,134,2927,41,1157,93,1770,0,0,81,1912,53,507,81,2419,California
San Benito,2021-01-27,231,3158,69,1226,162,1932,0,0,190,2061,41,548,190,2609,California
San Benito,2021-01-28,156,3314,32,1258,124,2056,0,0,124,2154,31,579,124,2733,California
San Benito,2021-01-29,285,3599,32,1290,253,2309,0,0,261,2392,23,602,261,2994,California
San Benito,2021-01-30,49,3648,31,1321,18,2327,0,0,27,2397,22,624,27,3021,California
San Benito,2021-01-31,17,3665,5,1326,12,2339,0,0,12,2404,5,629,12,3033,California
San Benito,2021-02-01,133,3798,28,1354,105,2444,0,0,89,2449,44,673,89,3122,California
San Benito,2021-02-02,224,4022,48,1402,176,2620,0,0,134,2493,90,763,134,3256,California
San Benito,2021-02-03,336,4358,41,1443,295,2915,0,0,272,2701,64,827,272,3528,California
San Benito,2021-02-04,160,4518,24,1467,136,3051,0,0,116,2773,44,871,116,3644,California
San Benito,2021-02-05,289,4807,40,1507,249,3300,0,0,227,2938,62,933,227,3871,California
San Benito,2021-02-06,49,4856,9,1516,40,3340,0,0,32,2953,17,950,32,3903,California
San Benito,2021-02-07,15,4871,7,1523,8,3348,0,0,14,2966,1,951,14,3917,California
San Benito,2021-02-08,137,5008,15,1538,122,3470,0,0,91,3011,46,997,91,4008,California
San Benito,2021-02-09,326,5334,64,1602,262,3732,0,0,195,3075,131,1128,195,4203,California
San Benito,2021-02-10,318,5652,88,1690,230,3962,0,0,124,3005,194,1322,124,4327,California
San Benito,2021-02-11,293,5945,31,1721,262,4224,0,0,195,3102,98,1420,195,4522,California
San Benito,2021-02-12,411,6356,30,1751,381,4605,0,0,207,3106,203,1623,207,4729,California
San Benito,2021-02-13,57,6413,8,1759,49,4654,0,0,43,3135,14,1637,43,4772,California
San Benito,2021-02-14,40,6453,5,1764,35,4689,0,0,30,3155,10,1647,30,4802,California
San Benito,2021-02-15,106,6559,9,1773,97,4786,0,0,95,3239,11,1658,95,4897,California
San Benito,2021-02-16,203,6762,11,1784,192,4978,0,0,103,3242,100,1758,103,5000,California
San Benito,2021-02-17,327,7089,30,1814,297,5275,0,0,279,3473,48,1806,279,5279,California
San Benito,2021-02-18,291,7380,38,1852,253,5528,0,0,70,3322,221,2027,70,5349,California
San Benito,2021-02-19,325,7705,45,1897,280,5808,0,0,158,3313,167,2194,158,5507,California
San Benito,2021-02-20,45,7750,26,1923,19,5827,0,0,36,3340,9,2203,36,5543,California
San Benito,2021-02-21,23,7773,8,1931,15,5842,0,0,14,3345,9,2212,14,5557,California
San Benito,2021-02-22,131,7904,36,1967,95,5937,0,0,97,3409,33,2245,97,5654,California
San Benito,2021-02-23,374,8278,92,2059,282,6219,0,0,263,3561,111,2356,263,5917,California
San Benito,2021-02-24,372,8650,62,2121,310,6529,0,0,235,3659,137,2493,235,6152,California
San Benito,2021-02-25,391,9041,63,2184,328,6857,0,0,270,3806,123,2616,270,6422,California
San Benito,2021-02-26,640,9681,73,2257,567,7424,0,0,398,3962,242,2858,398,6820,California
San Benito,2021-02-27,98,9779,36,2293,62,7486,0,0,83,4030,15,2873,83,6903,California
San Benito,2021-02-28,244,10023,23,2316,221,7707,0,0,235,4256,9,2882,235,7138,California
San Benito,2021-03-01,224,10247,59,2375,165,7872,0,0,155,4341,70,2952,155,7293,California
San Benito,2021-03-02,256,10503,75,2450,181,8053,0,0,188,4461,68,3020,188,7481,California
San Benito,2021-03-03,382,10885,55,2505,327,8380,0,0,208,4497,172,3192,208,7689,California
San Benito,2021-03-04,600,11485,122,2627,464,8844,14,14,422,4745,178,3370,426,8115,California
San Benito,2021-03-05,582,12067,305,2932,264,9108,13,27,373,4923,208,3578,386,8501,California
San Benito,2021-03-06,189,12256,65,2997,110,9218,14,41,138,5024,51,3629,152,8653,California
San Benito,2021-03-07,646,12902,602,3599,22,9240,22,63,614,5628,32,3661,636,9289,California
San Benito,2021-03-08,286,13188,65,3664,174,9414,47,110,165,5719,121,3782,212,9501,California
San Benito,2021-03-09,419,13607,85,3749,235,9649,99,209,135,5644,281,4063,206,9707,California
San Benito,2021-03-10,401,14008,114,3863,193,9842,94,303,232,5801,169,4232,326,10033,California
San Benito,2021-03-11,468,14476,120,3983,197,10039,151,454,210,5904,258,4490,361,10394,California
San Benito,2021-03-12,505,14981,116,4099,296,10335,93,547,228,5951,275,4765,322,10716,California
San Benito,2021-03-13,200,15181,100,4199,82,10417,18,565,128,6027,70,4835,146,10862,California
San Benito,2021-03-14,230,15411,40,4239,170,10587,20,585,178,6174,51,4886,198,11060,California
San Benito,2021-03-15,323,15734,99,4338,205,10792,19,604,189,6248,134,5020,208,11268,California
San Benito,2021-03-16,479,16213,217,4555,231,11023,31,635,339,6477,140,5160,369,11637,California
San Benito,2021-03-17,773,16986,473,5028,278,11301,22,657,554,6831,214,5374,568,12205,California
San Benito,2021-03-18,778,17764,522,5550,200,11501,56,713,565,7232,211,5585,612,12817,California
San Benito,2021-03-19,769,18533,402,5952,344,11845,23,736,588,7663,180,5765,611,13428,California
San Benito,2021-03-20,235,18768,146,6098,77,11922,12,748,179,7798,56,5821,191,13619,California
San Benito,2021-03-21,104,18872,53,6151,46,11968,5,753,77,7853,27,5848,82,13701,California
San Benito,2021-03-22,328,19200,170,6321,133,12101,25,778,226,8002,102,5950,251,13952,California
San Benito,2021-03-23,474,19674,198,6519,266,12367,10,788,222,7981,252,6202,231,14183,California
San Benito,2021-03-24,556,20230,306,6825,243,12610,7,795,361,8153,195,6397,367,14550,California
San Benito,2021-03-25,708,20938,412,7237,292,12902,4,799,415,8280,292,6689,419,14969,California
San Benito,2021-03-26,993,21931,515,7752,475,13377,3,802,327,7945,665,7354,330,15299,California
San Benito,2021-03-27,323,22254,181,7933,109,13486,33,835,207,8070,115,7469,240,15539,California
San Benito,2021-03-28,691,22945,571,8504,115,13601,5,840,127,7638,564,8033,132,15671,California
San Benito,2021-03-29,345,23290,110,8614,215,13816,20,860,150,7612,195,8228,169,15840,California
San Benito,2021-03-30,565,23855,264,8878,210,14026,91,951,286,7710,279,8507,377,16217,California
San Benito,2021-03-31,573,24428,352,9230,197,14223,24,975,329,7821,242,8749,353,16570,California
San Benito,2021-04-01,929,25357,371,9601,520,14743,38,1013,559,8048,369,9118,596,17166,California
San Benito,2021-04-02,537,25894,261,9862,141,14884,135,1148,265,8176,272,9390,400,17566,California
San Benito,2021-04-03,245,26139,90,9952,104,14988,51,1199,79,8140,166,9556,130,17696,California
San Benito,2021-04-04,146,26285,110,10062,30,15018,6,1205,108,8216,38,9594,114,17810,California
San Benito,2021-04-05,347,26632,166,10228,140,15158,41,1246,140,8189,207,9801,180,17990,California
San Benito,2021-04-06,335,26967,159,10387,123,15281,53,1299,166,8239,169,9970,219,18209,California
San Benito,2021-04-07,804,27771,519,10906,221,15502,64,1363,262,8024,541,10511,326,18535,California
San Benito,2021-04-08,714,28485,416,11322,174,15676,124,1487,211,7857,502,11013,335,18870,California
San Benito,2021-04-09,744,29229,439,11761,224,15900,81,1568,243,7680,501,11514,324,19194,California
San Benito,2021-04-10,300,29529,203,11964,55,15955,42,1610,187,7796,112,11626,228,19422,California
San Benito,2021-04-11,407,29936,229,12193,168,16123,10,1620,208,7815,199,11825,218,19640,California
San Benito,2021-04-12,398,30334,179,12372,126,16249,93,1713,175,7862,221,12046,268,19908,California
San Benito,2021-04-13,650,30984,224,12596,426,16675,0,1713,460,8133,189,12235,460,20368,California
San Benito,2021-04-14,219,31203,126,12722,93,16768,0,1713,54,8024,164,12399,55,20423,California
San Bernardino,2020-12-15,13,13,13,13,0,0,0,0,13,13,0,0,13,13,California
San Bernardino,2020-12-16,107,120,107,120,0,0,0,0,107,120,0,0,107,120,California
San Bernardino,2020-12-17,2347,2467,2347,2467,0,0,0,0,2347,2467,0,0,2347,2467,California
San Bernardino,2020-12-18,3142,5609,3139,5606,3,3,0,0,3143,5610,0,0,3143,5610,California
San Bernardino,2020-12-19,1066,6675,1065,6671,1,4,0,0,1067,6677,0,0,1067,6677,California
San Bernardino,2020-12-20,1172,7847,1171,7842,1,5,0,0,1172,7849,0,0,1172,7849,California
San Bernardino,2020-12-21,2454,10301,2449,10291,5,10,0,0,2454,10303,0,0,2454,10303,California
San Bernardino,2020-12-22,2268,12569,2143,12434,125,135,0,0,2269,12572,0,0,2269,12572,California
San Bernardino,2020-12-23,2644,15213,1453,13887,1191,1326,0,0,2643,15215,0,0,2643,15215,California
San Bernardino,2020-12-24,1159,16372,585,14472,574,1900,0,0,1161,16376,0,0,1161,16376,California
San Bernardino,2020-12-25,74,16446,14,14486,60,1960,0,0,74,16450,0,0,74,16450,California
San Bernardino,2020-12-26,461,16907,253,14739,208,2168,0,0,461,16911,0,0,461,16911,California
San Bernardino,2020-12-27,343,17250,160,14899,183,2351,0,0,343,17254,0,0,343,17254,California
San Bernardino,2020-12-28,1560,18810,710,15609,850,3201,0,0,1561,18815,0,0,1561,18815,California
San Bernardino,2020-12-29,2207,21017,1041,16650,1166,4367,0,0,2206,21020,1,1,2206,21021,California
San Bernardino,2020-12-30,2889,23906,1459,18109,1430,5797,0,0,2890,23910,0,1,2890,23911,California
San Bernardino,2020-12-31,1354,25260,439,18548,915,6712,0,0,1352,25262,0,1,1352,25263,California
San Bernardino,2021-01-01,277,25537,148,18696,129,6841,0,0,276,25538,0,1,276,25539,California
San Bernardino,2021-01-02,476,26013,339,19035,137,6978,0,0,476,26014,0,1,476,26015,California
San Bernardino,2021-01-03,135,26148,85,19120,50,7028,0,0,135,26149,0,1,135,26150,California
San Bernardino,2021-01-04,2117,28265,1287,20407,830,7858,0,0,2116,28265,0,1,2116,28266,California
San Bernardino,2021-01-05,2331,30596,1460,21867,871,8729,0,0,2217,30372,110,111,2217,30483,California
San Bernardino,2021-01-06,3424,34020,2353,24220,1071,9800,0,0,2933,32821,485,596,2934,33417,California
San Bernardino,2021-01-07,5400,39420,4493,28713,907,10707,0,0,2473,32386,2908,3504,2473,35890,California
San Bernardino,2021-01-08,5353,44773,4440,33153,913,11620,0,0,2280,31600,3067,6571,2281,38171,California
San Bernardino,2021-01-09,1399,46172,1100,34253,299,11919,0,0,903,32007,496,7067,903,39074,California
San Bernardino,2021-01-10,1020,47192,598,34851,422,12341,0,0,573,32133,447,7514,573,39647,California
San Bernardino,2021-01-11,4984,52176,4082,38933,902,13243,0,0,2769,32690,2212,9726,2769,42416,California
San Bernardino,2021-01-12,4228,56404,3222,42155,1006,14249,0,0,2514,33491,1713,11439,2514,44930,California
San Bernardino,2021-01-13,4553,60957,2848,45003,1705,15954,0,0,3329,35610,1211,12650,3330,48260,California
San Bernardino,2021-01-14,4743,65700,2774,47777,1969,17923,0,0,4161,39193,578,13228,4161,52421,California
San Bernardino,2021-01-15,5971,71671,2974,50751,2997,20920,0,0,5576,44387,385,13613,5579,58000,California
San Bernardino,2021-01-16,2254,73925,1288,52039,966,21886,0,0,2113,46359,141,13754,2113,60113,California
San Bernardino,2021-01-17,1186,75111,515,52554,671,22557,0,0,1096,47368,89,13843,1098,61211,California
San Bernardino,2021-01-18,4264,79375,2636,55190,1628,24185,0,0,3646,50399,617,14460,3648,64859,California
San Bernardino,2021-01-19,6296,85671,3707,58897,2589,26774,0,0,5207,54523,1087,15547,5211,70070,California
San Bernardino,2021-01-20,6795,92466,3726,62623,3069,29843,0,0,4868,57474,1919,17466,4870,74940,California
San Bernardino,2021-01-21,5982,98448,3075,65698,2907,32750,0,0,4868,61239,1105,18571,4870,79810,California
San Bernardino,2021-01-22,6499,104947,3037,68735,3462,36212,0,0,5778,66299,719,19290,5779,85589,California
San Bernardino,2021-01-23,3101,108048,1887,70622,1214,37426,0,0,2714,68627,386,19676,2714,88303,California
San Bernardino,2021-01-24,1193,109241,461,71083,732,38158,0,0,1094,69622,99,19775,1094,89397,California
San Bernardino,2021-01-25,6861,116102,3397,74480,3464,41622,0,0,5018,72802,1841,21616,5021,94418,California
San Bernardino,2021-01-26,7092,123194,3565,78045,3527,45149,0,0,5004,75727,2088,23704,5013,99431,California
San Bernardino,2021-01-27,8265,131459,4105,82150,4160,49309,0,0,5574,78622,2681,26385,5576,105007,California
San Bernardino,2021-01-28,8534,139993,4044,86194,4490,53799,0,0,6230,82552,2300,28685,6230,111237,California
San Bernardino,2021-01-29,8129,148122,3732,89926,4397,58196,0,0,6181,86799,1935,30620,6182,117419,California
San Bernardino,2021-01-30,3080,151202,1895,91821,1185,59381,0,0,2797,89314,282,30902,2797,120216,California
San Bernardino,2021-01-31,923,152125,493,92314,430,59811,0,0,869,90130,53,30955,869,121085,California
San Bernardino,2021-02-01,7524,159649,4225,96539,3299,63110,0,0,4904,92417,2617,33572,4904,125989,California
San Bernardino,2021-02-02,10370,170019,3648,100187,6722,69832,0,0,8320,98691,2047,35619,8321,134310,California
San Bernardino,2021-02-03,8962,178981,4144,104331,4818,74650,0,0,6481,102700,2473,38092,6482,140792,California
San Bernardino,2021-02-04,10508,189489,5202,109533,5306,79956,0,0,7445,107093,3052,41144,7445,148237,California
San Bernardino,2021-02-05,10957,200446,5911,115444,5046,85002,0,0,7443,111035,3503,44647,7445,155682,California
San Bernardino,2021-02-06,5247,205693,2207,117651,3040,88042,0,0,3616,113048,1606,46253,3619,159301,California
San Bernardino,2021-02-07,844,206537,493,118144,351,88393,0,0,467,113142,374,46627,468,159769,California
San Bernardino,2021-02-08,7263,213800,3868,122012,3395,91788,0,0,5600,117083,1659,48286,5600,165369,California
San Bernardino,2021-02-09,9890,223690,5815,127827,4075,95863,0,0,6670,120541,3217,51503,6675,172044,California
San Bernardino,2021-02-10,11994,235684,6529,134356,5465,101328,0,0,7837,124233,4146,55649,7838,179882,California
San Bernardino,2021-02-11,12245,247929,7046,141402,5199,106527,0,0,7815,127644,4408,60057,7819,187701,California
San Bernardino,2021-02-12,10330,258259,5918,147320,4412,110939,0,0,5680,128690,4636,64693,5682,193383,California
San Bernardino,2021-02-13,5999,264258,3986,151306,2013,112952,0,0,3764,130242,2219,66912,3771,197154,California
San Bernardino,2021-02-14,1542,265800,648,151954,894,113846,0,0,866,130440,668,67580,866,198020,California
San Bernardino,2021-02-15,5454,271254,2994,154948,2460,116306,0,0,3056,131113,2384,69964,3057,201077,California
San Bernardino,2021-02-16,12579,283833,7372,162320,5207,121513,0,0,7972,134493,4594,74558,7974,209051,California
San Bernardino,2021-02-17,11776,295609,6454,168774,5322,126835,0,0,7166,137065,4595,79153,7167,216218,California
San Bernardino,2021-02-18,12452,308061,7586,176360,4866,131701,0,0,7715,140066,4721,83874,7722,223940,California
San Bernardino,2021-02-19,11456,319517,5894,182254,5562,137263,0,0,6780,142190,4657,88531,6781,230721,California
San Bernardino,2021-02-20,4496,324013,3456,185710,1040,138303,0,0,2045,141787,2449,90980,2046,232767,California
San Bernardino,2021-02-21,1021,325034,562,186272,459,138762,0,0,321,141410,698,91678,321,233088,California
San Bernardino,2021-02-22,8486,333520,5194,191466,3292,142054,0,0,4024,140983,4452,96130,4025,237113,California
San Bernardino,2021-02-23,8821,342341,5178,196644,3643,145697,0,0,4523,141236,4270,100400,4523,241636,California
San Bernardino,2021-02-24,11990,354331,6843,203487,5147,150844,0,0,6063,141398,5903,106303,6065,247701,California
San Bernardino,2021-02-25,12890,367221,6251,209738,6639,157483,0,0,7512,143552,5362,111665,7516,255217,California
San Bernardino,2021-02-26,13331,380552,6383,216121,6948,164431,0,0,7499,145279,5773,117438,7500,262717,California
San Bernardino,2021-02-27,6590,387142,3663,219784,2927,167358,0,0,4776,148251,1806,119244,4778,267495,California
San Bernardino,2021-02-28,1732,388874,708,220492,1024,168382,0,0,1120,148765,607,119851,1121,268616,California
San Bernardino,2021-03-01,8364,397238,4308,224800,4055,172437,1,1,3825,148081,4518,124369,3834,272450,California
San Bernardino,2021-03-02,13503,410741,5324,230124,8179,180616,0,1,6426,147459,7050,131419,6428,278878,California
San Bernardino,2021-03-03,12401,423142,6282,236406,6118,186734,1,2,5712,146503,6673,138092,5717,284595,California
San Bernardino,2021-03-04,12733,435875,6478,242884,6254,192988,1,3,5762,145315,6953,145045,5765,290360,California
San Bernardino,2021-03-05,13343,449218,6710,249594,6632,199620,1,4,6786,145589,6530,151575,6804,297164,California
San Bernardino,2021-03-06,9496,458714,5261,254855,4020,203640,215,219,4431,145184,5051,156626,4646,301810,California
San Bernardino,2021-03-07,1562,460276,925,255780,582,204222,55,274,994,145667,566,157192,1049,302859,California
San Bernardino,2021-03-08,7232,467508,3104,258884,3967,208189,161,435,3462,145527,3766,160958,3626,306485,California
San Bernardino,2021-03-09,11903,479411,6547,265431,5119,213308,237,672,4777,143428,7114,168072,5015,311500,California
San Bernardino,2021-03-10,13294,492705,7251,272682,5651,218959,392,1064,6141,142839,7128,175200,6539,318039,California
San Bernardino,2021-03-11,13653,506358,6447,279129,6418,225377,788,1852,7159,144314,6474,181674,7949,325988,California
San Bernardino,2021-03-12,15095,521453,6736,285865,6363,231740,1996,3848,7238,145765,7831,189505,9282,335270,California
San Bernardino,2021-03-13,8115,529568,4461,290326,3160,234900,494,4342,4827,147804,3283,192788,5322,340592,California
San Bernardino,2021-03-14,3162,532730,1588,291914,1010,235910,564,4906,1804,148818,1353,194141,2367,342959,California
San Bernardino,2021-03-15,11242,543972,5302,297216,3941,239851,1999,6905,5514,150610,5719,199860,7511,350470,California
San Bernardino,2021-03-16,15973,559945,7894,305110,7137,246988,942,7847,9752,155102,6199,206059,10691,361161,California
San Bernardino,2021-03-17,16784,576729,8442,313552,7597,254585,745,8592,10097,159274,6672,212731,10844,372005,California
San Bernardino,2021-03-18,16221,592950,8051,321603,7787,262372,383,8975,9531,162526,6663,219394,9915,381920,California
San Bernardino,2021-03-19,16611,609561,8177,329780,7850,270222,584,9559,9517,165611,7070,226464,10155,392075,California
San Bernardino,2021-03-20,9359,618920,5904,335684,2872,273094,583,10142,5568,167995,3765,230229,6149,398224,California
San Bernardino,2021-03-21,2736,621656,2233,337917,456,273550,47,10189,2216,169749,509,230738,2263,400487,California
San Bernardino,2021-03-22,9544,631200,4482,342399,4629,278179,433,10622,6935,174525,2593,233331,7369,407856,California
San Bernardino,2021-03-23,15275,646475,8659,351058,5996,284175,620,11242,9542,178972,5713,239044,10160,418016,California
San Bernardino,2021-03-24,14862,661337,7716,358774,6848,291023,298,11540,9943,184326,4888,243932,10242,428258,California
San Bernardino,2021-03-25,16609,677946,8165,366939,8154,299177,290,11830,10566,189177,6002,249934,10853,439111,California
San Bernardino,2021-03-26,17782,695728,8541,375480,8485,307662,756,12586,10850,193884,6903,256837,11610,450721,California
San Bernardino,2021-03-27,10662,706390,6872,382352,3044,310706,746,13332,6116,196215,4531,261368,6862,457583,California
San Bernardino,2021-03-28,3502,709892,2464,384816,928,311634,110,13442,2471,197770,1026,262394,2581,460164,California
San Bernardino,2021-03-29,11250,721142,5941,390757,4912,316546,397,13839,7636,202200,3603,265997,8033,468197,California
San Bernardino,2021-03-30,16728,737870,9388,400145,6634,323180,706,14545,10805,207815,5893,271890,11508,479705,California
San Bernardino,2021-03-31,16115,753985,9116,409261,6393,329573,606,15151,10907,214138,5188,277078,11511,491216,California
San Bernardino,2021-04-01,19353,773338,10248,419509,7761,337334,1344,16495,12666,221486,6659,283737,14007,505223,California
San Bernardino,2021-04-02,18241,791579,9077,428586,7896,345230,1268,17763,11062,226703,7154,290891,12371,517594,California
San Bernardino,2021-04-03,10831,802410,6758,435344,2951,348181,1122,18885,5940,228883,4879,295770,7059,524653,California
San Bernardino,2021-04-04,2404,804814,1445,436789,717,348898,242,19127,1226,229175,1176,296946,1468,526121,California
San Bernardino,2021-04-05,11548,816362,5193,441982,4662,353560,1693,20820,5982,231299,5547,302493,7671,533792,California
San Bernardino,2021-04-06,19399,835761,10890,452872,6465,360025,2044,22864,10362,234696,9005,311498,12402,546194,California
San Bernardino,2021-04-07,20039,855800,10521,463393,7143,367168,2375,25239,10899,238851,9111,320609,13266,559460,California
San Bernardino,2021-04-08,20878,876678,10491,473884,7868,375036,2519,27758,11484,243486,9365,329974,14000,573460,California
San Bernardino,2021-04-09,18965,895643,9327,483211,7370,382406,2268,30026,10403,247618,8533,338507,12665,586125,California
San Bernardino,2021-04-10,14035,909678,7426,490637,3296,385702,3313,33339,7023,250951,6997,345504,10330,596455,California
San Bernardino,2021-04-11,4219,913897,2451,493088,911,386613,857,34196,2001,251597,2209,347713,2855,599310,California
San Bernardino,2021-04-12,10589,924486,4440,497528,4849,391462,1300,35496,4804,251923,5774,353487,6100,605410,California
San Bernardino,2021-04-13,13916,938402,6933,504461,6962,398424,21,35517,6811,251667,7086,360573,6830,612240,California
San Bernardino,2021-04-14,8839,947241,4784,509245,4052,402476,3,35520,4780,252404,4047,364620,4784,617024,California
San Diego,2020-12-15,119,119,119,119,0,0,0,0,119,119,0,0,119,119,California
San Diego,2020-12-16,1101,1220,1101,1220,0,0,0,0,1101,1220,0,0,1101,1220,California
San Diego,2020-12-17,2348,3568,2348,3568,0,0,0,0,2348,3568,0,0,2348,3568,California
San Diego,2020-12-18,3671,7239,3670,7238,1,1,0,0,3671,7239,0,0,3671,7239,California
San Diego,2020-12-19,2310,9549,2310,9548,0,1,0,0,2310,9549,0,0,2310,9549,California
San Diego,2020-12-20,1184,10733,1183,10731,1,2,0,0,1184,10733,0,0,1184,10733,California
San Diego,2020-12-21,3520,14253,3519,14250,1,3,0,0,3520,14253,0,0,3520,14253,California
San Diego,2020-12-22,4055,18308,3412,17662,643,646,0,0,4055,18308,0,0,4055,18308,California
San Diego,2020-12-23,3177,21485,1975,19637,1202,1848,0,0,3177,21485,0,0,3177,21485,California
San Diego,2020-12-24,2733,24218,2217,21854,516,2364,0,0,2733,24218,0,0,2733,24218,California
San Diego,2020-12-25,875,25093,874,22728,1,2365,0,0,874,25091,1,1,874,25092,California
San Diego,2020-12-26,3295,28388,2144,24872,1151,3516,0,0,3294,28385,0,1,3294,28386,California
San Diego,2020-12-27,2508,30896,1618,26490,890,4406,0,0,2507,30891,1,2,2507,30893,California
San Diego,2020-12-28,5900,36796,4212,30702,1688,6094,0,0,5900,36791,0,2,5900,36793,California
San Diego,2020-12-29,5588,42384,3014,33716,2574,8668,0,0,5588,42379,0,2,5588,42381,California
San Diego,2020-12-30,5941,48325,3100,36816,2841,11509,0,0,5941,48320,0,2,5941,48322,California
San Diego,2020-12-31,2984,51309,1005,37821,1979,13488,0,0,2983,51302,1,3,2983,51305,California
San Diego,2021-01-01,1006,52315,452,38273,554,14042,0,0,1005,52307,0,3,1005,52310,California
San Diego,2021-01-02,3762,56077,1321,39594,2441,16483,0,0,3762,56069,0,3,3762,56072,California
San Diego,2021-01-03,859,56936,632,40226,227,16710,0,0,858,56927,0,3,858,56930,California
San Diego,2021-01-04,3700,60636,2052,42278,1648,18358,0,0,3693,60620,0,3,3693,60623,California
San Diego,2021-01-05,4307,64943,2122,44400,2185,20543,0,0,3690,63710,613,616,3703,64326,California
San Diego,2021-01-06,4945,69888,2299,46699,2646,23189,0,0,3710,66212,1212,1828,3714,68040,California
San Diego,2021-01-07,5610,75498,2984,49683,2626,25815,0,0,3455,67525,2148,3976,3461,71501,California
San Diego,2021-01-08,7721,83219,4960,54643,2761,28576,0,0,3935,67706,3769,7745,3950,75451,California
San Diego,2021-01-09,2956,86175,1554,56197,1402,29978,0,0,1788,68345,1157,8902,1796,77247,California
San Diego,2021-01-10,1881,88056,1292,57489,589,30567,0,0,780,68044,1089,9991,788,78035,California
San Diego,2021-01-11,10324,98380,5859,63348,4465,35032,0,0,6799,71339,3518,13509,6813,84848,California
San Diego,2021-01-12,11198,109578,5316,68664,5882,40914,0,0,7826,75916,3363,16872,7940,92788,California
San Diego,2021-01-13,11475,121053,5024,73688,6451,47365,0,0,8930,82337,2532,19404,8953,101741,California
San Diego,2021-01-14,12360,133413,4750,78438,7610,54975,0,0,10194,90408,2157,21561,10228,111969,California
San Diego,2021-01-15,15115,148528,5353,83791,9762,64737,0,0,12471,100307,2624,24185,12523,124492,California
San Diego,2021-01-16,10765,159293,3595,87386,7170,71907,0,0,9320,108218,1440,25625,9351,133843,California
San Diego,2021-01-17,8681,167974,2500,89886,6181,78088,0,0,7843,115241,838,26463,7861,141704,California
San Diego,2021-01-18,12496,180470,5943,95829,6553,84641,0,0,9665,122168,2792,29255,9719,151423,California
San Diego,2021-01-19,14743,195213,5820,101649,8923,93564,0,0,11618,130933,3111,32366,11876,163299,California
San Diego,2021-01-20,18326,213539,6387,108036,11939,105503,0,0,15035,142867,3272,35638,15206,178505,California
San Diego,2021-01-21,17402,230941,5899,113935,11503,117006,0,0,16012,157645,1379,37017,16157,194662,California
San Diego,2021-01-22,17677,248618,4754,118689,12923,129929,0,0,15623,171323,2041,39058,15719,210381,California
San Diego,2021-01-23,14471,263089,5269,123958,9202,139131,0,0,12110,181140,2348,41406,12165,222546,California
San Diego,2021-01-24,11907,274996,3356,127314,8551,147682,0,0,10932,191133,973,42379,10966,233512,California
San Diego,2021-01-25,12211,287207,5741,133055,6470,154152,0,0,9198,197475,3006,45385,9348,242860,California
San Diego,2021-01-26,14906,302113,7612,140667,7294,161446,0,0,11633,206024,3268,48653,11817,254677,California
San Diego,2021-01-27,20750,322863,8110,148777,12640,174086,0,0,17668,220757,3068,51721,17801,272478,California
San Diego,2021-01-28,21249,344112,7597,156374,13652,187738,0,0,18992,237578,2247,53968,19068,291546,California
San Diego,2021-01-29,19659,363771,6420,162794,13239,200977,0,0,17238,252447,2411,56379,17280,308826,California
San Diego,2021-01-30,15896,379667,3669,166463,12227,213204,0,0,13222,263100,2665,59044,13318,322144,California
San Diego,2021-01-31,14800,394467,5762,172225,9038,222242,0,0,14445,277218,351,59395,14469,336613,California
San Diego,2021-02-01,20523,414990,7237,179462,13286,235528,0,0,17334,291453,3175,62570,17410,354023,California
San Diego,2021-02-02,23199,438189,8691,188153,14508,250036,0,0,19669,307768,3520,66090,19835,373858,California
San Diego,2021-02-03,27456,465645,11571,199724,15885,265921,0,0,23285,327081,4153,70243,23466,397324,California
San Diego,2021-02-04,24374,490019,10025,209749,14349,280270,0,0,19676,342357,4680,74923,19956,417280,California
San Diego,2021-02-05,24986,515005,8948,218697,16038,296308,0,0,18441,354765,6522,81445,18930,436210,California
San Diego,2021-02-06,20767,535772,8544,227241,12223,308531,0,0,17568,369363,3193,84638,17791,454001,California
San Diego,2021-02-07,12129,547901,5377,232618,6752,315283,0,0,10264,378034,1845,86483,10516,464517,California
San Diego,2021-02-08,20096,567997,8521,241139,11575,326858,0,0,12685,384013,7393,93876,13372,477889,California
San Diego,2021-02-09,20392,588389,8237,249376,12155,339013,0,0,13198,391104,7174,101050,14265,492154,California
San Diego,2021-02-10,22979,611368,9358,258734,13621,352634,0,0,13882,397288,9053,110103,15237,507391,California
San Diego,2021-02-11,23769,635137,10135,268869,13634,366268,0,0,12730,400678,11013,121116,14403,521794,California
San Diego,2021-02-12,23833,658970,7457,276326,16376,382644,0,0,11927,402969,11887,133003,14178,535972,California
San Diego,2021-02-13,20022,678992,9011,285337,11011,393655,0,0,10895,405941,9119,142122,12091,548063,California
San Diego,2021-02-14,11189,690181,7433,292770,3756,397411,0,0,6339,409095,4846,146968,8000,556063,California
San Diego,2021-02-15,15188,705369,7682,300452,7506,404917,0,0,7845,412769,7323,154291,10997,567060,California
San Diego,2021-02-16,19285,724654,11252,311704,8033,412950,0,0,9241,415383,10033,164324,12647,579707,California
San Diego,2021-02-17,23388,748042,10978,322682,12410,425360,0,0,8154,411909,15225,179549,11751,591458,California
San Diego,2021-02-18,23563,771605,12016,334698,11547,436907,0,0,7798,408595,15758,195307,12444,603902,California
San Diego,2021-02-19,15901,787506,10915,345613,4986,441893,0,0,6634,408113,9248,204555,8766,612668,California
San Diego,2021-02-20,10255,797761,6358,351971,3897,445790,0,0,5821,411768,4431,208986,8086,620754,California
San Diego,2021-02-21,11526,809287,10114,362085,1412,447202,0,0,5200,413021,6301,215287,7554,628308,California
San Diego,2021-02-22,12442,821729,10580,372665,1862,449064,0,0,5805,414678,6632,221919,8289,636597,California
San Diego,2021-02-23,25905,847634,14525,387190,11380,460444,0,0,9681,415112,16219,238138,16653,653250,California
San Diego,2021-02-24,28939,876573,12757,399947,16182,476626,0,0,6874,408546,22045,260183,15479,668729,California
San Diego,2021-02-25,33172,909745,14700,414647,18472,495098,0,0,10161,405140,22992,283175,19586,688315,California
San Diego,2021-02-26,33442,943187,12389,427036,21053,516151,0,0,12178,403266,21237,304412,19363,707678,California
San Diego,2021-02-27,21245,964432,9672,436708,11573,527724,0,0,11461,409414,9780,314192,15928,723606,California
San Diego,2021-02-28,15240,979672,9939,446647,5301,533025,0,0,9493,416983,5745,319937,13314,736920,California
San Diego,2021-03-01,24154,1003826,14232,460879,9921,542946,1,1,14668,427053,9413,329350,19483,756403,California
San Diego,2021-03-02,26054,1029880,13978,474857,12076,555022,0,1,12720,434191,13328,342678,20466,776869,California
San Diego,2021-03-03,33922,1063802,15862,490719,18057,573079,3,4,14031,436262,19878,362556,21949,798818,California
San Diego,2021-03-04,28250,1092052,14050,504769,14200,587279,0,4,12636,440672,15594,378150,20004,818822,California
San Diego,2021-03-05,28871,1120923,14806,519575,13983,601262,82,86,13483,446475,15377,393527,21180,840002,California
San Diego,2021-03-06,23250,1144173,9510,529085,13037,614299,703,789,10283,450043,12959,406486,16527,856529,California
San Diego,2021-03-07,18197,1162370,9294,538379,8333,622632,570,1359,6913,451764,11279,417765,13000,869529,California
San Diego,2021-03-08,22947,1185317,11161,549540,10902,633534,884,2243,11412,457455,11525,429290,17216,886745,California
San Diego,2021-03-09,25732,1211049,11939,561479,12055,645589,1738,3981,10064,459728,15656,444946,17929,904674,California
San Diego,2021-03-10,25178,1236227,10725,572204,12085,657674,2368,6349,9855,462558,15315,460261,18145,922819,California
San Diego,2021-03-11,28559,1264786,10980,583184,13996,671670,3583,9932,9989,463221,18552,478813,19215,942034,California
San Diego,2021-03-12,26937,1291723,9414,592598,14410,686080,3113,13045,9929,462803,16995,495808,16577,958611,California
San Diego,2021-03-13,25789,1317512,7254,599852,16936,703016,1599,14644,9994,462803,15788,511596,15788,974399,California
San Diego,2021-03-14,13687,1331199,5348,605200,7605,710621,734,15378,4773,461845,8909,520505,7951,982350,California
San Diego,2021-03-15,21892,1353091,10155,615355,10970,721591,767,16145,9013,463752,12865,533370,14772,997122,California
San Diego,2021-03-16,29771,1382862,15713,631068,13670,735261,388,16533,15614,471046,14138,547508,21432,1018554,California
San Diego,2021-03-17,26151,1409013,12183,643251,13265,748526,703,17236,16661,481759,9479,556987,20192,1038746,California
San Diego,2021-03-18,31274,1440287,17715,660966,12664,761190,895,18131,16872,490350,14383,571370,22974,1061720,California
San Diego,2021-03-19,30089,1470376,14284,675250,14828,776018,977,19108,19217,501628,10856,582226,22134,1083854,California
San Diego,2021-03-20,27702,1498078,8348,683598,17564,793582,1790,20898,21294,520222,6400,588626,24994,1108848,California
San Diego,2021-03-21,16469,1514547,11995,695593,3758,797340,716,21614,7687,524005,8774,597400,12557,1121405,California
San Diego,2021-03-22,22419,1536966,13087,708680,9091,806431,241,21855,14277,535078,8132,605532,19205,1140610,California
San Diego,2021-03-23,25878,1562844,13621,722301,11996,818427,261,22116,17101,548327,8764,614296,22013,1162623,California
San Diego,2021-03-24,29472,1592316,19717,742018,9392,827819,363,22479,17107,558550,12357,626653,22580,1185203,California
San Diego,2021-03-25,30151,1622467,18158,760176,11335,839154,658,23137,17884,568945,12258,638911,22653,1207856,California
San Diego,2021-03-26,31967,1654434,17809,777985,13611,852765,547,23684,17472,577474,14465,653376,22994,1230850,California
San Diego,2021-03-27,24939,1679373,10973,788958,13572,866337,394,24078,15248,585708,9676,663052,17910,1248760,California
San Diego,2021-03-28,14838,1694211,9164,798122,5618,871955,56,24134,9130,590663,5701,668753,10656,1259416,California
San Diego,2021-03-29,26417,1720628,12721,810843,13099,885054,597,24731,16273,602237,10137,678890,21711,1281127,California
San Diego,2021-03-30,33073,1753701,17837,828680,14468,899522,768,25499,21935,617100,11123,690013,25986,1307113,California
San Diego,2021-03-31,30071,1783772,18658,847338,10778,910300,635,26134,20470,629752,9581,699594,22233,1329346,California
San Diego,2021-04-01,33854,1817626,19936,867274,12571,922871,1347,27481,23008,646097,10823,710417,27168,1356514,California
San Diego,2021-04-02,35354,1852980,20577,887851,12231,935102,2546,30027,24069,662970,11267,721684,28140,1384654,California
San Diego,2021-04-03,30601,1883581,14376,902227,11751,946853,4474,34501,19669,677788,10919,732603,25737,1410391,California
San Diego,2021-04-04,8883,1892464,5057,907284,2927,949780,899,35400,4692,679458,4186,736789,5856,1416247,California
San Diego,2021-04-05,29566,1922030,15363,922647,11672,961452,2531,37931,19406,694052,10148,746937,24742,1440989,California
San Diego,2021-04-06,38630,1960660,20384,943031,12411,973863,5835,43766,22413,709329,16204,763141,31481,1472470,California
San Diego,2021-04-07,35075,1995735,21634,964665,9044,982907,4397,48163,19981,721444,15054,778195,27169,1499639,California
San Diego,2021-04-08,34444,2030179,20847,985512,9659,992566,3938,52101,20998,736090,13418,791613,28064,1527703,California
San Diego,2021-04-09,37321,2067500,22334,1007846,10002,1002568,4985,57086,20492,748946,16733,808346,29589,1557292,California
San Diego,2021-04-10,27650,2095150,11100,1018946,12645,1015213,3905,60991,14451,757976,13188,821534,22218,1579510,California
San Diego,2021-04-11,15273,2110423,9237,1028183,3831,1019044,2205,63196,7196,762264,8075,829609,12363,1591873,California
San Diego,2021-04-12,28989,2139412,11674,1039857,13033,1032077,4282,67478,16830,774114,12136,841745,23986,1615859,California
San Diego,2021-04-13,34675,2174087,16162,1056019,18479,1050556,34,67512,23805,790920,10857,852602,27663,1643522,California
San Diego,2021-04-14,13701,2187788,9600,1065619,4091,1054647,10,67522,9718,799487,3980,856582,12547,1656069,California
San Francisco,2020-12-15,7,7,7,7,0,0,0,0,7,7,0,0,7,7,California
San Francisco,2020-12-16,229,236,229,236,0,0,0,0,229,236,0,0,229,236,California
San Francisco,2020-12-17,395,631,395,631,0,0,0,0,395,631,0,0,395,631,California
San Francisco,2020-12-18,878,1509,877,1508,1,1,0,0,878,1509,0,0,878,1509,California
San Francisco,2020-12-19,601,2110,601,2109,0,1,0,0,601,2110,0,0,601,2110,California
San Francisco,2020-12-20,484,2594,484,2593,0,1,0,0,484,2594,0,0,484,2594,California
San Francisco,2020-12-21,1163,3757,1163,3756,0,1,0,0,1163,3757,0,0,1163,3757,California
San Francisco,2020-12-22,1400,5157,1366,5122,34,35,0,0,1400,5157,0,0,1400,5157,California
San Francisco,2020-12-23,1329,6486,1040,6162,289,324,0,0,1329,6486,0,0,1329,6486,California
San Francisco,2020-12-24,838,7324,502,6664,336,660,0,0,838,7324,0,0,838,7324,California
San Francisco,2020-12-25,33,7357,28,6692,5,665,0,0,33,7357,0,0,33,7357,California
San Francisco,2020-12-26,245,7602,151,6843,94,759,0,0,245,7602,0,0,245,7602,California
San Francisco,2020-12-27,273,7875,60,6903,213,972,0,0,273,7875,0,0,273,7875,California
San Francisco,2020-12-28,1269,9144,686,7589,583,1555,0,0,1269,9144,0,0,1269,9144,California
San Francisco,2020-12-29,1245,10389,622,8211,623,2178,0,0,1245,10389,0,0,1245,10389,California
San Francisco,2020-12-30,1481,11870,777,8988,704,2882,0,0,1481,11870,0,0,1481,11870,California
San Francisco,2020-12-31,962,12832,410,9398,552,3434,0,0,961,12831,0,0,961,12831,California
San Francisco,2021-01-01,69,12901,61,9459,8,3442,0,0,69,12900,0,0,69,12900,California
San Francisco,2021-01-02,333,13234,302,9761,31,3473,0,0,333,13233,0,0,333,13233,California
San Francisco,2021-01-03,293,13527,101,9862,192,3665,0,0,292,13524,1,1,292,13525,California
San Francisco,2021-01-04,1835,15362,1355,11217,480,4145,0,0,1832,15353,3,4,1832,15357,California
San Francisco,2021-01-05,2233,17595,1414,12631,819,4964,0,0,2198,17518,35,39,2200,17557,California
San Francisco,2021-01-06,1872,19467,1165,13796,707,5671,0,0,1607,18863,263,302,1608,19165,California
San Francisco,2021-01-07,2063,21530,1202,14998,861,6532,0,0,1608,20019,452,754,1608,20773,California
San Francisco,2021-01-08,2330,23860,1634,16632,696,7228,0,0,1492,20678,833,1587,1492,22265,California
San Francisco,2021-01-09,1387,25247,892,17524,495,7723,0,0,884,21061,503,2090,886,23151,California
San Francisco,2021-01-10,920,26167,542,18066,378,8101,0,0,460,21062,459,2549,460,23611,California
San Francisco,2021-01-11,2504,28671,1873,19939,631,8732,0,0,1403,21363,1102,3651,1403,25014,California
San Francisco,2021-01-12,3084,31755,2056,21995,1028,9760,0,0,1891,22062,1193,4844,1892,26906,California
San Francisco,2021-01-13,2814,34569,1597,23592,1217,10977,0,0,1987,23222,827,5671,1987,28893,California
San Francisco,2021-01-14,2428,36997,1093,24685,1335,12312,0,0,1869,24533,559,6230,1870,30763,California
San Francisco,2021-01-15,2737,39734,1144,25829,1593,13905,0,0,2346,26492,389,6619,2348,33111,California
San Francisco,2021-01-16,2246,41980,965,26794,1281,15186,0,0,2082,28410,164,6783,2082,35193,California
San Francisco,2021-01-17,1918,43898,532,27326,1386,16572,0,0,1703,29898,215,6998,1703,36896,California
San Francisco,2021-01-18,1375,45273,590,27916,785,17357,0,0,1111,30748,263,7261,1113,38009,California
San Francisco,2021-01-19,2567,47840,1471,29387,1096,18453,0,0,1824,31829,743,8004,1824,39833,California
San Francisco,2021-01-20,2699,50539,1083,30470,1616,20069,0,0,1953,33040,743,8747,1954,41787,California
San Francisco,2021-01-21,3288,53827,928,31398,2360,22429,0,0,2467,34688,819,9566,2467,44254,California
San Francisco,2021-01-22,3165,56992,630,32028,2535,24964,0,0,2725,36975,438,10004,2725,46979,California
San Francisco,2021-01-23,3089,60081,608,32636,2481,27445,0,0,2722,39332,366,10370,2723,49702,California
San Francisco,2021-01-24,2399,62480,335,32971,2064,29509,0,0,2172,41280,224,10594,2172,51874,California
San Francisco,2021-01-25,4570,67050,1777,34748,2793,32302,0,0,3028,42769,1540,12134,3029,54903,California
San Francisco,2021-01-26,4652,71702,2128,36876,2524,34826,0,0,3062,44249,1587,13721,3067,57970,California
San Francisco,2021-01-27,4418,76120,2077,38953,2341,37167,0,0,3069,45973,1345,15066,3069,61039,California
San Francisco,2021-01-28,3753,79873,1557,40510,2196,39363,0,0,2586,47397,1162,16228,2586,63625,California
San Francisco,2021-01-29,4712,84585,1678,42188,3034,42397,0,0,3443,49578,1262,17490,3443,67068,California
San Francisco,2021-01-30,3721,88306,1792,43980,1929,44326,0,0,3277,52415,443,17933,3280,70348,California
San Francisco,2021-01-31,2345,90651,819,44799,1526,45852,0,0,2194,54460,150,18083,2195,72543,California
San Francisco,2021-02-01,3776,94427,1516,46315,2260,48112,0,0,2878,56441,898,18981,2879,75422,California
San Francisco,2021-02-02,4641,99068,1959,48274,2682,50794,0,0,2877,57560,1758,20739,2877,78299,California
San Francisco,2021-02-03,5054,104122,2369,50643,2685,53479,0,0,3752,60014,1299,22038,3753,82052,California
San Francisco,2021-02-04,5015,109137,2432,53075,2583,56062,0,0,3853,62707,1160,23198,3853,85905,California
San Francisco,2021-02-05,5917,115054,3193,56268,2724,58786,0,0,4584,65962,1330,24528,4585,90490,California
San Francisco,2021-02-06,5461,120515,3644,59912,1817,60603,0,0,4561,69628,898,25426,4564,95054,California
San Francisco,2021-02-07,4321,124836,3173,63085,1148,61751,0,0,3746,72803,574,26000,3749,98803,California
San Francisco,2021-02-08,6682,131518,4601,67686,2081,63832,0,0,5477,77094,1188,27188,5479,104282,California
San Francisco,2021-02-09,5914,137432,3984,71670,1930,65762,0,0,4360,79904,1551,28739,4361,108643,California
San Francisco,2021-02-10,6829,144261,4167,75837,2662,68424,0,0,5066,83218,1755,30494,5069,113712,California
San Francisco,2021-02-11,6677,150938,3954,79791,2723,71147,0,0,4869,86282,1806,32300,4870,118582,California
San Francisco,2021-02-12,5299,156237,2660,82451,2639,73786,0,0,3474,87932,1824,34124,3474,122056,California
San Francisco,2021-02-13,4349,160586,2547,84998,1802,75588,0,0,3027,89639,1322,35446,3029,125085,California
San Francisco,2021-02-14,3412,163998,2237,87235,1175,76763,0,0,2292,90813,1119,36565,2293,127378,California
San Francisco,2021-02-15,2750,166748,1487,88722,1263,78026,0,0,1672,91409,1076,37641,1672,129050,California
San Francisco,2021-02-16,4972,171720,2720,91442,2252,80278,0,0,2953,92355,2013,39654,2959,132009,California
San Francisco,2021-02-17,5393,177113,2678,94120,2715,82993,0,0,2956,92885,2428,42082,2958,134967,California
San Francisco,2021-02-18,5365,182478,2625,96745,2740,85733,0,0,2807,93138,2557,44639,2810,137777,California
San Francisco,2021-02-19,5617,188095,2639,99384,2978,88711,0,0,2924,93377,2687,47326,2926,140703,California
San Francisco,2021-02-20,4477,192572,2138,101522,2339,91050,0,0,1697,92303,2772,50098,1698,142401,California
San Francisco,2021-02-21,2730,195302,1360,102882,1370,92420,0,0,1135,91848,1591,51689,1136,143537,California
San Francisco,2021-02-22,5079,200381,3160,106042,1919,94339,0,0,2551,91882,2520,54209,2554,146091,California
San Francisco,2021-02-23,5430,205811,3072,109114,2358,96697,0,0,2757,91971,2668,56877,2757,148848,California
San Francisco,2021-02-24,8948,214759,5066,114180,3882,100579,0,0,4772,92578,4167,61044,4774,153622,California
San Francisco,2021-02-25,9726,224485,6842,121022,2884,103463,0,0,6282,95419,3443,64487,6284,159906,California
San Francisco,2021-02-26,11884,236369,7720,128742,4164,107627,0,0,7041,97620,4846,69333,7047,166953,California
San Francisco,2021-02-27,8860,245229,5633,134375,3226,110853,1,1,4490,97753,4359,73692,4492,171445,California
San Francisco,2021-02-28,7691,252920,5519,139894,2172,113025,0,1,3829,97722,3861,77553,3830,175275,California
San Francisco,2021-03-01,10630,263550,7134,147028,3496,116521,0,1,5140,97392,5473,83026,5143,180418,California
San Francisco,2021-03-02,8799,272349,5612,152640,3187,119708,0,1,5106,98812,3687,86713,5107,185525,California
San Francisco,2021-03-03,10765,283114,6153,158793,4611,124319,1,2,5797,99655,4958,91671,5801,191326,California
San Francisco,2021-03-04,8579,291693,5398,164191,3181,127500,0,2,4840,100763,3732,95403,4840,196166,California
San Francisco,2021-03-05,8610,300303,5106,169297,3502,131002,2,4,5414,102994,3186,98589,5417,201583,California
San Francisco,2021-03-06,6836,307139,4402,173699,2227,133229,207,211,4200,104749,2649,101238,4404,205987,California
San Francisco,2021-03-07,5110,312249,3974,177673,1080,134309,56,267,2878,105437,2246,103484,2934,208921,California
San Francisco,2021-03-08,7090,319339,5139,182812,1768,136077,183,450,5551,109600,1572,105056,5735,214656,California
San Francisco,2021-03-09,6666,326005,3905,186717,2387,138464,374,824,4549,112394,2124,107180,4918,219574,California
San Francisco,2021-03-10,10307,336312,5853,192570,3959,142423,495,1319,6290,115183,3997,111177,6786,226360,California
San Francisco,2021-03-11,9936,346248,6318,198888,2670,145093,948,2267,6510,119225,3411,114588,7453,233813,California
San Francisco,2021-03-12,10647,356895,6211,205099,3139,148232,1297,3564,5925,121748,4697,119285,7220,241033,California
San Francisco,2021-03-13,6519,363414,3816,208915,1658,149890,1045,4609,4055,124389,2457,121742,5098,246131,California
San Francisco,2021-03-14,7468,370882,4839,213754,2395,152285,234,4843,4037,125240,3420,125162,4271,250402,California
San Francisco,2021-03-15,11896,382778,9062,222816,1902,154187,932,5775,8246,130774,3637,128799,9171,259573,California
San Francisco,2021-03-16,12012,394790,8156,230972,3401,157588,455,6230,8738,136706,3259,132058,9191,268764,California
San Francisco,2021-03-17,13163,407953,8116,239088,4503,162091,544,6774,9524,143158,3612,135670,10064,278828,California
San Francisco,2021-03-18,9883,417836,6721,245809,2543,164634,619,7393,5620,145158,4237,139907,6237,285065,California
San Francisco,2021-03-19,11990,429826,8701,254510,2825,167459,464,7857,6394,146440,5575,145482,6857,291922,California
San Francisco,2021-03-20,8656,438482,6392,260902,1808,169267,456,8313,5155,148580,3472,148954,5612,297534,California
San Francisco,2021-03-21,6439,444921,5888,266790,417,169684,134,8447,3683,149653,2744,151698,3817,301351,California
San Francisco,2021-03-22,9655,454576,6818,273608,1996,171680,841,9288,5089,151037,4544,156242,5928,307279,California
San Francisco,2021-03-23,11114,465690,7347,280955,3120,174800,647,9935,6708,154014,4375,160617,7352,314631,California
San Francisco,2021-03-24,12218,477908,9373,290328,2310,177110,535,10470,6343,155050,5839,166456,6875,321506,California
San Francisco,2021-03-25,11717,489625,8617,298945,2547,179657,553,11023,5892,155727,5765,172221,6442,327948,California
San Francisco,2021-03-26,11799,501424,8167,307112,3403,183060,229,11252,6106,156395,5664,177885,6332,334280,California
San Francisco,2021-03-27,8588,510012,5731,312843,2515,185575,342,11594,3898,155961,4674,182559,4240,338520,California
San Francisco,2021-03-28,6542,516554,5222,318065,1279,186854,41,11635,3153,155782,3371,185930,3192,341712,California
San Francisco,2021-03-29,11365,527919,7871,325936,3312,190166,182,11817,5165,154952,6177,192107,5347,347059,California
San Francisco,2021-03-30,11471,539390,7156,333092,4023,194189,292,12109,6891,157578,4557,196664,7183,354242,California
San Francisco,2021-03-31,12076,551466,8011,341103,3771,197960,294,12403,5702,157226,6343,203007,5991,360233,California
San Francisco,2021-04-01,13627,565093,7248,348351,4746,202706,1633,14036,5948,157158,7647,210654,7579,367812,California
San Francisco,2021-04-02,14532,579625,6405,354756,6320,209026,1807,15843,6872,158196,7640,218294,8678,376490,California
San Francisco,2021-04-03,10218,589843,4755,359511,3688,212714,1775,17618,4690,159143,5516,223810,6463,382953,California
San Francisco,2021-04-04,8855,598698,4667,364178,2579,215293,1609,19227,3523,158955,5322,229132,5134,388087,California
San Francisco,2021-04-05,15824,614522,9669,373847,4282,219575,1873,21100,6326,157678,9473,238605,8196,396283,California
San Francisco,2021-04-06,16142,630664,9582,383429,4436,224011,2124,23224,6445,156567,9677,248282,8566,404849,California
San Francisco,2021-04-07,16578,647242,9926,393355,4363,228374,2289,25513,6943,156174,9613,257895,9220,414069,California
San Francisco,2021-04-08,14152,661394,6738,400093,2974,231348,4440,29953,4768,156007,9358,267253,9191,423260,California
San Francisco,2021-04-09,13951,675345,6431,406524,4486,235834,3034,32987,6207,157520,7715,274968,9228,432488,California
San Francisco,2021-04-10,11911,687256,5122,411646,5215,241049,1574,34561,6312,159822,5576,280544,7878,440366,California
San Francisco,2021-04-11,9551,696807,7093,418739,1303,242352,1155,35716,4904,161241,4639,285183,6058,446424,California
San Francisco,2021-04-12,7914,704721,4428,423167,2395,244747,1091,36807,3787,162015,4100,289283,4874,451298,California
San Francisco,2021-04-13,8711,713432,5317,428484,3382,248129,12,36819,4758,162858,3928,293211,4771,456069,California
San Francisco,2021-04-14,8531,721963,3955,432439,4574,252703,2,36821,4156,162656,4362,297573,4160,460229,California
San Joaquin,2020-12-15,12,12,12,12,0,0,0,0,12,12,0,0,12,12,California
San Joaquin,2020-12-16,438,450,438,450,0,0,0,0,438,450,0,0,438,450,California
San Joaquin,2020-12-17,385,835,385,835,0,0,0,0,385,835,0,0,385,835,California
San Joaquin,2020-12-18,573,1408,547,1382,26,26,0,0,573,1408,0,0,573,1408,California
San Joaquin,2020-12-19,200,1608,200,1582,0,26,0,0,200,1608,0,0,200,1608,California
San Joaquin,2020-12-20,114,1722,113,1695,1,27,0,0,114,1722,0,0,114,1722,California
San Joaquin,2020-12-21,554,2276,550,2245,4,31,0,0,554,2276,0,0,554,2276,California
San Joaquin,2020-12-22,1055,3331,896,3141,159,190,0,0,1054,3330,0,0,1054,3330,California
San Joaquin,2020-12-23,1025,4356,958,4099,67,257,0,0,1023,4353,0,0,1023,4353,California
San Joaquin,2020-12-24,222,4578,194,4293,28,285,0,0,221,4574,0,0,221,4574,California
San Joaquin,2020-12-25,14,4592,14,4307,0,285,0,0,14,4588,0,0,14,4588,California
San Joaquin,2020-12-26,101,4693,29,4336,72,357,0,0,101,4689,0,0,101,4689,California
San Joaquin,2020-12-27,40,4733,29,4365,11,368,0,0,40,4729,0,0,40,4729,California
San Joaquin,2020-12-28,649,5382,443,4808,206,574,0,0,649,5378,0,0,649,5378,California
San Joaquin,2020-12-29,877,6259,741,5549,136,710,0,0,877,6255,0,0,877,6255,California
San Joaquin,2020-12-30,1055,7314,748,6297,307,1017,0,0,1054,7309,0,0,1054,7309,California
San Joaquin,2020-12-31,449,7763,200,6497,249,1266,0,0,450,7759,0,0,450,7759,California
San Joaquin,2021-01-01,17,7780,10,6507,7,1273,0,0,17,7776,0,0,17,7776,California
San Joaquin,2021-01-02,254,8034,233,6740,21,1294,0,0,253,8029,0,0,253,8029,California
San Joaquin,2021-01-03,37,8071,19,6759,18,1312,0,0,36,8064,1,1,36,8065,California
San Joaquin,2021-01-04,484,8555,342,7101,142,1454,0,0,481,8545,0,1,481,8546,California
San Joaquin,2021-01-05,1043,9598,712,7813,331,1785,0,0,821,9179,223,224,857,9403,California
San Joaquin,2021-01-06,1308,10906,788,8601,520,2305,0,0,941,9763,360,584,944,10347,California
San Joaquin,2021-01-07,1133,12039,724,9325,409,2714,0,0,809,10253,320,904,810,11157,California
San Joaquin,2021-01-08,1337,13376,946,10271,391,3105,0,0,804,10529,529,1433,805,11962,California
San Joaquin,2021-01-09,378,13754,301,10572,77,3182,0,0,248,10647,130,1563,248,12210,California
San Joaquin,2021-01-10,221,13975,114,10686,107,3289,0,0,169,10764,52,1615,169,12379,California
San Joaquin,2021-01-11,1582,15557,1377,12063,205,3494,0,0,902,11014,679,2294,929,13308,California
San Joaquin,2021-01-12,1514,17071,1073,13136,441,3935,0,0,699,10971,811,3105,768,14076,California
San Joaquin,2021-01-13,1546,18617,851,13987,695,4630,0,0,1015,11461,531,3636,1021,15097,California
San Joaquin,2021-01-14,1654,20271,906,14893,748,5378,0,0,1290,12427,333,3969,1299,16396,California
San Joaquin,2021-01-15,1598,21869,669,15562,929,6307,0,0,1356,13563,222,4191,1358,17754,California
San Joaquin,2021-01-16,1172,23041,191,15753,981,7288,0,0,1147,14685,25,4216,1147,18901,California
San Joaquin,2021-01-17,1651,24692,129,15882,1522,8810,0,0,1616,16268,35,4251,1618,20519,California
San Joaquin,2021-01-18,764,25456,234,16116,530,9340,0,0,647,16802,113,4364,647,21166,California
San Joaquin,2021-01-19,1899,27355,891,17007,1008,10348,0,0,1195,17302,700,5064,1200,22366,California
San Joaquin,2021-01-20,2153,29508,1323,18330,830,11178,0,0,1467,18091,683,5747,1472,23838,California
San Joaquin,2021-01-21,2049,31557,942,19272,1107,12285,0,0,1623,19300,419,6166,1628,25466,California
San Joaquin,2021-01-22,2033,33590,967,20239,1066,13351,0,0,1891,21055,139,6305,1894,27360,California
San Joaquin,2021-01-23,931,34521,401,20640,530,13881,0,0,654,21435,276,6581,656,28016,California
San Joaquin,2021-01-24,357,34878,155,20795,202,14083,0,0,338,21756,17,6598,338,28354,California
San Joaquin,2021-01-25,2042,36920,1174,21969,868,14951,0,0,1465,22651,574,7172,1469,29823,California
San Joaquin,2021-01-26,2221,39141,1165,23134,1056,16007,0,0,1579,23595,639,7811,1583,31406,California
San Joaquin,2021-01-27,1816,40957,824,23958,992,16999,0,0,1303,24394,510,8321,1309,32715,California
San Joaquin,2021-01-28,2149,43106,859,24817,1290,18289,0,0,1460,25170,687,9008,1463,34178,California
San Joaquin,2021-01-29,2257,45363,1140,25957,1117,19406,0,0,1883,26691,369,9377,1890,36068,California
San Joaquin,2021-01-30,2446,47809,392,26349,2054,21460,0,0,2256,28778,171,9548,2258,38326,California
San Joaquin,2021-01-31,1572,49381,177,26526,1395,22855,0,0,1502,30226,55,9603,1503,39829,California
San Joaquin,2021-02-01,2618,51999,1412,27938,1206,24061,0,0,1850,31313,766,10369,1853,41682,California
San Joaquin,2021-02-02,2690,54689,1240,29178,1450,25511,0,0,2059,32803,573,10942,2063,43745,California
San Joaquin,2021-02-03,3178,57867,1308,30486,1870,27381,0,0,2289,34211,885,11827,2293,46038,California
San Joaquin,2021-02-04,3543,61410,1805,32291,1738,29119,0,0,2733,36138,808,12635,2735,48773,California
San Joaquin,2021-02-05,3361,64771,1962,34253,1399,30518,0,0,2493,37769,865,13500,2496,51269,California
San Joaquin,2021-02-06,1138,65909,791,35044,347,30865,0,0,965,38565,171,13671,967,52236,California
San Joaquin,2021-02-07,608,66517,483,35527,125,30990,0,0,411,38787,190,13861,412,52648,California
San Joaquin,2021-02-08,1823,68340,1061,36588,762,31752,0,0,1496,39979,309,14170,1501,54149,California
San Joaquin,2021-02-09,2152,70492,1172,37760,980,32732,0,0,1631,41154,457,14627,1632,55781,California
San Joaquin,2021-02-10,2688,73180,1303,39063,1385,34117,0,0,1392,41278,1268,15895,1392,57173,California
San Joaquin,2021-02-11,2989,76169,1561,40624,1428,35545,0,0,1791,41895,1179,17074,1796,58969,California
San Joaquin,2021-02-12,2851,79020,1196,41820,1655,37200,0,0,1689,42429,1159,18233,1693,60662,California
San Joaquin,2021-02-13,2127,81147,400,42220,1727,38927,0,0,853,42023,1265,19498,859,61521,California
San Joaquin,2021-02-14,1891,83038,258,42478,1633,40560,0,0,682,41514,1192,20690,683,62204,California
San Joaquin,2021-02-15,1989,85027,846,43324,1143,41703,0,0,1203,41957,764,21454,1207,63411,California
San Joaquin,2021-02-16,3190,88217,1454,44778,1736,43439,0,0,1739,42261,1441,22895,1745,65156,California
San Joaquin,2021-02-17,3409,91626,1370,46148,2039,45478,0,0,1942,42755,1452,24347,1946,67102,California
San Joaquin,2021-02-18,3517,95143,1494,47642,2023,47501,0,0,2013,43294,1480,25827,2019,69121,California
San Joaquin,2021-02-19,4697,99840,2779,50421,1918,49419,0,0,2820,44272,1843,27670,2821,71942,California
San Joaquin,2021-02-20,1697,101537,677,51098,1020,50439,0,0,1158,44892,538,28208,1158,73100,California
San Joaquin,2021-02-21,628,102165,472,51570,156,50595,0,0,403,45070,226,28434,404,73504,California
San Joaquin,2021-02-22,4130,106295,3054,54624,1076,51671,0,0,3082,47137,1020,29454,3087,76591,California
San Joaquin,2021-02-23,4886,111181,3279,57903,1607,53278,0,0,3283,48846,1580,31034,3289,79880,California
San Joaquin,2021-02-24,6704,117885,4292,62195,2412,55690,0,0,5015,52194,1671,32705,5019,84899,California
San Joaquin,2021-02-25,7166,125051,4780,66975,2386,58076,0,0,4881,54826,2259,34964,4891,89790,California
San Joaquin,2021-02-26,6010,131061,3371,70346,2639,60715,0,0,4245,57342,1737,36701,4253,94043,California
San Joaquin,2021-02-27,5598,136659,1611,71957,3987,64702,0,0,2642,57082,2917,39618,2657,96700,California
San Joaquin,2021-02-28,3027,139686,1084,73041,1943,66645,0,0,1994,58059,1020,40638,1997,98697,California
San Joaquin,2021-03-01,4133,143819,1811,74852,2322,68967,0,0,2323,58597,1796,42434,2334,101031,California
San Joaquin,2021-03-02,4200,148019,1684,76536,2516,71483,0,0,2614,59698,1572,44006,2673,103704,California
San Joaquin,2021-03-03,6243,154262,3932,80468,2309,73792,2,2,4606,62685,1619,45625,4606,108310,California
San Joaquin,2021-03-04,5308,159570,2469,82937,2837,76629,2,4,3231,63936,1988,47613,3239,111549,California
San Joaquin,2021-03-05,4509,164079,1958,84895,2549,79178,2,6,3078,65597,1422,49035,3083,114632,California
San Joaquin,2021-03-06,3591,167670,2464,87359,998,80176,129,135,3002,68142,589,49624,3134,117766,California
San Joaquin,2021-03-07,1222,168892,549,87908,630,80806,43,178,949,68862,258,49882,978,118744,California
San Joaquin,2021-03-08,3133,172025,1248,89156,1764,82570,121,299,2117,70089,1010,50892,2237,120981,California
San Joaquin,2021-03-09,4135,176160,1866,91022,2142,84712,127,426,2728,71549,1396,52288,2856,123837,California
San Joaquin,2021-03-10,4927,181087,2670,93692,2119,86831,138,564,3652,74075,1264,53552,3790,127627,California
San Joaquin,2021-03-11,5067,186154,2441,96133,2036,88867,590,1154,2985,75551,2103,55655,3579,131206,California
San Joaquin,2021-03-12,6660,192814,3537,99670,2801,91668,322,1476,4233,77697,2410,58065,4556,135762,California
San Joaquin,2021-03-13,3148,195962,1573,101243,1451,93119,124,1600,2400,79485,741,58806,2529,138291,California
San Joaquin,2021-03-14,2145,198107,668,101911,1177,94296,300,1900,1043,79732,1100,59906,1347,139638,California
San Joaquin,2021-03-15,6650,204757,4092,106003,2161,96457,397,2297,3325,80159,3309,63215,3736,143374,California
San Joaquin,2021-03-16,7688,212445,4731,110734,2709,99166,248,2545,4308,81356,3369,66584,4566,147940,California
San Joaquin,2021-03-17,8935,221380,5821,116555,3039,102205,75,2620,4744,82013,4173,70757,4830,152770,California
San Joaquin,2021-03-18,8557,229937,5422,121977,2629,104834,506,3126,3904,81807,4620,75377,4414,157184,California
San Joaquin,2021-03-19,8540,238477,5153,127130,2847,107681,540,3666,4951,83764,3580,78957,5537,162721,California
San Joaquin,2021-03-20,3785,242262,2112,129242,1433,109114,240,3906,1877,84000,1894,80851,2130,164851,California
San Joaquin,2021-03-21,2318,244580,1683,130925,429,109543,206,4112,1414,84767,897,81748,1664,166515,California
San Joaquin,2021-03-22,4303,248883,2350,133275,1539,111082,414,4526,2691,86276,1602,83350,3111,169626,California
San Joaquin,2021-03-23,5584,254467,2851,136126,2568,113650,165,4691,3941,88765,1620,84970,4109,173735,California
San Joaquin,2021-03-24,7494,261961,4852,140978,2556,116206,86,4777,3233,87847,4245,89215,3327,177062,California
San Joaquin,2021-03-25,5833,267794,3551,144529,2241,118447,41,4818,3581,89244,2231,91446,3628,180690,California
San Joaquin,2021-03-26,6317,274111,2639,147168,3532,121979,146,4964,3361,89845,2926,94372,3527,184217,California
San Joaquin,2021-03-27,5079,279190,2904,150072,2134,124113,41,5005,2073,88984,2989,97361,2128,186345,California
San Joaquin,2021-03-28,3004,282194,2088,152160,891,125004,25,5030,1608,89321,1383,98744,1720,188065,California
San Joaquin,2021-03-29,4143,286337,2300,154460,1821,126825,22,5052,2183,89605,1949,100693,2233,190298,California
San Joaquin,2021-03-30,6407,292744,3391,157851,2978,129803,38,5090,3759,90796,2632,103325,3823,194121,California
San Joaquin,2021-03-31,6831,299575,4354,162205,2419,132222,58,5148,3559,91180,3260,106585,3644,197765,California
San Joaquin,2021-04-01,6620,306195,3227,165432,3317,135539,76,5224,3686,92081,2927,109512,3828,201593,California
San Joaquin,2021-04-02,6348,312543,2865,168297,2992,138531,491,5715,2549,91382,3780,113292,3081,204674,California
San Joaquin,2021-04-03,4091,316634,2290,170587,1486,140017,315,6030,1920,91470,2158,115450,2246,206920,California
San Joaquin,2021-04-04,1759,318393,854,171441,717,140734,188,6218,1080,92065,675,116125,1270,208190,California
San Joaquin,2021-04-05,4111,322504,2513,173954,1458,142192,140,6358,2358,92831,1747,117872,2513,210703,California
San Joaquin,2021-04-06,7190,329694,4694,178648,2249,144441,247,6605,3531,92979,3645,121517,3793,214496,California
San Joaquin,2021-04-07,8586,338280,4724,183372,2280,146721,1582,8187,3846,93696,4729,126246,5446,219942,California
San Joaquin,2021-04-08,8356,346636,4334,187706,1998,148719,2024,10211,3282,93950,5061,131307,5315,225257,California
San Joaquin,2021-04-09,7496,354132,2873,190579,3215,151934,1408,11619,3029,93955,4452,135759,4457,229714,California
San Joaquin,2021-04-10,5260,359392,1547,192126,1821,153755,1892,13511,1809,94212,3447,139206,3704,233418,California
San Joaquin,2021-04-11,4276,363668,1606,193732,1504,155259,1166,14677,1792,94694,2476,141682,2958,236376,California
San Joaquin,2021-04-12,4619,368287,1463,195195,1944,157203,1212,15889,1535,94380,3073,144755,2759,239135,California
San Joaquin,2021-04-13,5440,373727,2411,197606,3026,160229,3,15892,3224,95419,2200,146955,3239,242374,California
San Joaquin,2021-04-14,3666,377393,1255,198861,2411,162640,0,15892,2119,96004,1540,148495,2125,244499,California
San Luis Obispo,2020-12-16,4,4,4,4,0,0,0,0,4,4,0,0,4,4,California
San Luis Obispo,2020-12-17,196,200,196,200,0,0,0,0,196,200,0,0,196,200,California
San Luis Obispo,2020-12-18,224,424,224,424,0,0,0,0,224,424,0,0,224,424,California
San Luis Obispo,2020-12-19,162,586,162,586,0,0,0,0,162,586,0,0,162,586,California
San Luis Obispo,2020-12-20,215,801,215,801,0,0,0,0,215,801,0,0,215,801,California
San Luis Obispo,2020-12-21,550,1351,550,1351,0,0,0,0,550,1351,0,0,550,1351,California
San Luis Obispo,2020-12-22,307,1658,303,1654,4,4,0,0,307,1658,0,0,307,1658,California
San Luis Obispo,2020-12-23,681,2339,368,2022,313,317,0,0,681,2339,0,0,681,2339,California
San Luis Obispo,2020-12-24,195,2534,19,2041,176,493,0,0,195,2534,0,0,195,2534,California
San Luis Obispo,2020-12-25,2,2536,1,2042,1,494,0,0,2,2536,0,0,2,2536,California
San Luis Obispo,2020-12-26,90,2626,12,2054,78,572,0,0,90,2626,0,0,90,2626,California
San Luis Obispo,2020-12-27,76,2702,0,2054,76,648,0,0,76,2702,0,0,76,2702,California
San Luis Obispo,2020-12-28,879,3581,430,2484,449,1097,0,0,879,3581,0,0,879,3581,California
San Luis Obispo,2020-12-29,903,4484,502,2986,401,1498,0,0,903,4484,0,0,903,4484,California
San Luis Obispo,2020-12-30,1174,5658,681,3667,493,1991,0,0,1174,5658,0,0,1174,5658,California
San Luis Obispo,2020-12-31,106,5764,4,3671,102,2093,0,0,106,5764,0,0,106,5764,California
San Luis Obispo,2021-01-01,12,5776,8,3679,4,2097,0,0,12,5776,0,0,12,5776,California
San Luis Obispo,2021-01-02,33,5809,8,3687,25,2122,0,0,33,5809,0,0,33,5809,California
San Luis Obispo,2021-01-03,16,5825,6,3693,10,2132,0,0,16,5825,0,0,16,5825,California
San Luis Obispo,2021-01-04,676,6501,524,4217,152,2284,0,0,676,6501,0,0,676,6501,California
San Luis Obispo,2021-01-05,976,7477,758,4975,218,2502,0,0,974,7473,2,2,974,7475,California
San Luis Obispo,2021-01-06,727,8204,482,5457,245,2747,0,0,719,8185,7,9,719,8194,California
San Luis Obispo,2021-01-07,1128,9332,950,6407,178,2925,0,0,686,8429,442,451,686,8880,California
San Luis Obispo,2021-01-08,881,10213,805,7212,76,3001,0,0,512,8573,368,819,512,9392,California
San Luis Obispo,2021-01-09,205,10418,196,7408,9,3010,0,0,28,8424,177,996,28,9420,California
San Luis Obispo,2021-01-10,12,10430,8,7416,4,3014,0,0,8,8428,4,1000,8,9428,California
San Luis Obispo,2021-01-11,524,10954,474,7890,50,3064,0,0,263,8431,260,1260,263,9691,California
San Luis Obispo,2021-01-12,598,11552,380,8270,218,3282,0,0,320,8473,278,1538,320,10011,California
San Luis Obispo,2021-01-13,880,12432,253,8523,627,3909,0,0,642,8879,236,1774,642,10653,California
San Luis Obispo,2021-01-14,729,13161,243,8766,486,4395,0,0,604,9371,112,1886,604,11257,California
San Luis Obispo,2021-01-15,730,13891,288,9054,442,4837,0,0,554,9754,171,2057,554,11811,California
San Luis Obispo,2021-01-16,99,13990,81,9135,18,4855,0,0,94,9843,5,2062,94,11905,California
San Luis Obispo,2021-01-17,66,14056,60,9195,6,4861,0,0,66,9909,0,2062,66,11971,California
San Luis Obispo,2021-01-18,1372,15428,389,9584,983,5844,0,0,1110,10757,262,2324,1110,13081,California
San Luis Obispo,2021-01-19,1584,17012,418,10002,1166,7010,0,0,1177,11527,407,2731,1177,14258,California
San Luis Obispo,2021-01-20,1880,18892,595,10597,1285,8295,0,0,1290,12230,588,3319,1291,15549,California
San Luis Obispo,2021-01-21,1571,20463,466,11063,1105,9400,0,0,1197,13058,370,3689,1198,16747,California
San Luis Obispo,2021-01-22,1520,21983,508,11571,1012,10412,0,0,1205,13950,313,4002,1205,17952,California
San Luis Obispo,2021-01-23,310,22293,292,11863,18,10430,0,0,294,14228,16,4018,294,18246,California
San Luis Obispo,2021-01-24,243,22536,236,12099,7,10437,0,0,237,14459,6,4024,237,18483,California
San Luis Obispo,2021-01-25,2071,24607,606,12705,1465,11902,0,0,1243,14874,828,4852,1243,19726,California
San Luis Obispo,2021-01-26,2004,26611,703,13408,1301,13203,0,0,1137,15145,866,5718,1137,20863,California
San Luis Obispo,2021-01-27,1611,28222,282,13690,1329,14532,0,0,1149,15832,462,6180,1149,22012,California
San Luis Obispo,2021-01-28,1477,29699,334,14024,1143,15675,0,0,1216,16788,260,6440,1216,23228,California
San Luis Obispo,2021-01-29,1731,31430,677,14701,1054,16729,0,0,1447,17951,284,6724,1447,24675,California
San Luis Obispo,2021-01-30,37,31467,18,14719,19,16748,0,0,26,17967,10,6734,26,24701,California
San Luis Obispo,2021-01-31,26,31493,20,14739,6,16754,0,0,23,17987,3,6737,23,24724,California
San Luis Obispo,2021-02-01,1664,33157,703,15442,961,17715,0,0,1395,19114,268,7005,1395,26119,California
San Luis Obispo,2021-02-02,1895,35052,675,16117,1220,18935,0,0,1521,20261,374,7379,1521,27640,California
San Luis Obispo,2021-02-03,1700,36752,727,16844,973,19908,0,0,1288,21137,412,7791,1288,28928,California
San Luis Obispo,2021-02-04,1654,38406,799,17643,855,20763,0,0,1088,21659,566,8357,1088,30016,California
San Luis Obispo,2021-02-05,1603,40009,718,18361,885,21648,0,0,1060,22176,544,8901,1061,31077,California
San Luis Obispo,2021-02-06,160,40169,93,18454,67,21715,0,0,94,22204,66,8967,94,31171,California
San Luis Obispo,2021-02-07,143,40312,98,18552,45,21760,0,0,73,22208,70,9037,74,31245,California
San Luis Obispo,2021-02-08,853,41165,469,19021,384,22144,0,0,495,22346,357,9394,495,31740,California
San Luis Obispo,2021-02-09,1124,42289,448,19469,676,22820,0,0,542,22319,576,9970,549,32289,California
San Luis Obispo,2021-02-10,1423,43712,484,19953,939,23759,0,0,519,21940,901,10871,522,32811,California
San Luis Obispo,2021-02-11,1331,45043,843,20796,488,24247,0,0,655,21922,673,11544,655,33466,California
San Luis Obispo,2021-02-12,781,45824,362,21158,419,24666,0,0,413,21966,369,11913,413,33879,California
San Luis Obispo,2021-02-13,386,46210,124,21282,262,24928,0,0,280,22141,105,12018,280,34159,California
San Luis Obispo,2021-02-14,316,46526,42,21324,274,25202,0,0,279,22384,37,12055,280,34439,California
San Luis Obispo,2021-02-15,722,47248,137,21461,585,25787,0,0,466,22597,253,12308,466,34905,California
San Luis Obispo,2021-02-16,2960,50208,1193,22654,1767,27554,0,0,1358,22359,1596,13904,1358,36263,California
San Luis Obispo,2021-02-17,2771,52979,1237,23891,1534,29088,0,0,1029,21654,1734,15638,1029,37292,California
San Luis Obispo,2021-02-18,2809,55788,1445,25336,1364,30452,0,0,1120,21094,1681,17319,1121,38413,California
San Luis Obispo,2021-02-19,1451,57239,1332,26668,119,30571,0,0,1130,21904,320,17639,1130,39543,California
San Luis Obispo,2021-02-20,245,57484,77,26745,168,30739,0,0,210,22079,35,17674,210,39753,California
San Luis Obispo,2021-02-21,47,57531,44,26789,3,30742,0,0,28,22088,19,17693,28,39781,California
San Luis Obispo,2021-02-22,2402,59933,1858,28647,544,31286,0,0,1461,22609,941,18634,1462,41243,California
San Luis Obispo,2021-02-23,1854,61787,1740,30387,114,31400,0,0,1364,23484,489,19123,1364,42607,California
San Luis Obispo,2021-02-24,2641,64428,1297,31684,1344,32744,0,0,834,22513,1805,20928,834,43441,California
San Luis Obispo,2021-02-25,2119,66547,1236,32920,883,33627,0,0,1201,22804,911,21839,1202,44643,California
San Luis Obispo,2021-02-26,2624,69171,1140,34060,1484,35111,0,0,1318,22820,1302,23141,1318,45961,California
San Luis Obispo,2021-02-27,566,69737,343,34403,223,35334,0,0,519,23292,47,23188,519,46480,California
San Luis Obispo,2021-02-28,195,69932,72,34475,123,35457,0,0,162,23425,29,23217,162,46642,California
San Luis Obispo,2021-03-01,2950,72882,1837,36312,1112,36569,1,1,2032,24541,918,24135,2034,48676,California
San Luis Obispo,2021-03-02,2943,75825,1854,38166,1089,37658,0,1,1826,25253,1115,25250,1827,50503,California
San Luis Obispo,2021-03-03,2238,78063,324,38490,1914,39572,0,1,796,24614,1436,26686,797,51300,California
San Luis Obispo,2021-03-04,2157,80220,1138,39628,1019,40591,0,1,1160,24781,995,27681,1162,52462,California
San Luis Obispo,2021-03-05,2286,82506,1012,40640,1204,41795,70,71,1283,25145,989,28670,1353,53815,California
San Luis Obispo,2021-03-06,830,83336,308,40948,415,42210,107,178,612,25640,218,28888,713,54528,California
San Luis Obispo,2021-03-07,199,83535,32,40980,83,42293,84,262,70,25667,128,29016,155,54683,California
San Luis Obispo,2021-03-08,2720,86255,751,41731,1655,43948,314,576,1537,26337,1181,30197,1851,56534,California
San Luis Obispo,2021-03-09,2906,89161,952,42683,1718,45666,236,812,1503,26680,1397,31594,1740,58274,California
San Luis Obispo,2021-03-10,3166,92327,1240,43923,1656,47322,270,1082,1802,27391,1361,32955,2072,60346,California
San Luis Obispo,2021-03-11,3041,95368,1264,45187,1477,48799,300,1382,1665,27984,1371,34326,1964,62310,California
San Luis Obispo,2021-03-12,3100,98468,1277,46464,1480,50279,343,1725,1516,28269,1577,35903,1862,64172,California
San Luis Obispo,2021-03-13,752,99220,254,46718,390,50669,108,1833,422,28468,330,36233,529,64701,California
San Luis Obispo,2021-03-14,511,99731,55,46773,345,51014,111,1944,137,28343,373,36606,248,64949,California
San Luis Obispo,2021-03-15,3047,102778,1098,47871,1852,52866,97,2041,1528,28452,1516,38122,1625,66574,California
San Luis Obispo,2021-03-16,2818,105596,1500,49371,1219,54085,99,2140,1437,28612,1375,39497,1535,68109,California
San Luis Obispo,2021-03-17,3393,108989,1450,50821,1683,55768,260,2400,1955,29394,1433,40930,2215,70324,California
San Luis Obispo,2021-03-18,2694,111683,1438,52259,1062,56830,194,2594,1249,29394,1443,42373,1443,71767,California
San Luis Obispo,2021-03-19,2559,114242,1563,53822,674,57504,322,2916,940,29042,1616,43989,1264,73031,California
San Luis Obispo,2021-03-20,825,115067,494,54316,295,57799,36,2952,378,29010,446,44435,414,73445,California
San Luis Obispo,2021-03-21,181,115248,43,54359,135,57934,3,2955,152,29136,29,44464,155,73600,California
San Luis Obispo,2021-03-22,2675,117923,1170,55529,1458,59392,47,3002,1861,30234,810,45274,1908,75508,California
San Luis Obispo,2021-03-23,3355,121278,2213,57742,1124,60516,18,3020,2262,31426,1088,46362,2280,77788,California
San Luis Obispo,2021-03-24,3415,124693,2082,59824,1263,61779,70,3090,2570,33226,840,47202,2640,80428,California
San Luis Obispo,2021-03-25,3610,128303,2279,62103,1320,63099,11,3101,2598,34824,1011,48213,2609,83037,California
San Luis Obispo,2021-03-26,3130,131433,1754,63857,954,64053,422,3523,1756,35631,1370,49583,2177,85214,California
San Luis Obispo,2021-03-27,985,132418,503,64360,386,64439,96,3619,443,35630,540,50123,539,85753,California
San Luis Obispo,2021-03-28,442,132860,152,64512,234,64673,56,3675,243,35730,199,50322,299,86052,California
San Luis Obispo,2021-03-29,2575,135435,1273,65785,1168,65841,134,3809,1657,36614,907,51229,1791,87843,California
San Luis Obispo,2021-03-30,3495,138930,1908,67693,1444,67285,143,3952,2349,37961,1143,52372,2490,90333,California
San Luis Obispo,2021-03-31,3805,142735,2444,70137,1216,68501,145,4097,2463,39236,1333,53705,2608,92941,California
San Luis Obispo,2021-04-01,3786,146521,2418,72555,1283,69784,85,4182,2685,40912,1093,54798,2769,95710,California
San Luis Obispo,2021-04-02,1699,148220,679,73234,718,70502,302,4484,916,41347,783,55581,1218,96928,California
San Luis Obispo,2021-04-03,1077,149297,551,73785,408,70910,118,4602,474,41341,598,56179,592,97520,California
San Luis Obispo,2021-04-04,377,149674,130,73915,208,71118,39,4641,231,41465,146,56325,270,97790,California
San Luis Obispo,2021-04-05,3566,153240,1945,75860,1520,72638,101,4742,2046,42092,1519,57844,2146,99936,California
San Luis Obispo,2021-04-06,3986,157226,2149,78009,1544,74182,293,5035,1954,42316,2024,59868,2248,102184,California
San Luis Obispo,2021-04-07,4075,161301,2213,80222,1589,75771,273,5308,2393,43309,1671,61539,2664,104848,California
San Luis Obispo,2021-04-08,3778,165079,2065,82287,1348,77119,365,5673,2063,44029,1708,63247,2428,107276,California
San Luis Obispo,2021-04-09,3143,168222,1445,83732,1057,78176,641,6314,1353,44239,1782,65029,1992,109268,California
San Luis Obispo,2021-04-10,1403,169625,528,84260,302,78478,573,6887,441,44289,957,65986,1007,110275,California
San Luis Obispo,2021-04-11,332,169957,98,84358,179,78657,55,6942,159,44331,172,66158,214,110489,California
San Luis Obispo,2021-04-12,3279,173236,1646,86004,1485,80142,148,7090,1355,43919,1922,68080,1510,111999,California
San Luis Obispo,2021-04-13,2333,175569,1383,87387,945,81087,5,7095,1383,44359,946,69026,1386,113385,California
San Luis Obispo,2021-04-14,326,175895,39,87426,287,81374,0,7095,240,44518,81,69107,240,113625,California
San Mateo,2020-12-15,26,26,26,26,0,0,0,0,26,26,0,0,26,26,California
San Mateo,2020-12-16,109,135,109,135,0,0,0,0,109,135,0,0,109,135,California
San Mateo,2020-12-17,162,297,162,297,0,0,0,0,162,297,0,0,162,297,California
San Mateo,2020-12-18,741,1038,739,1036,2,2,0,0,740,1036,1,1,740,1037,California
San Mateo,2020-12-19,508,1546,508,1544,0,2,0,0,508,1544,0,1,508,1545,California
San Mateo,2020-12-20,508,2054,507,2051,1,3,0,0,508,2052,0,1,508,2053,California
San Mateo,2020-12-21,1152,3206,1152,3203,0,3,0,0,1152,3204,0,1,1152,3205,California
San Mateo,2020-12-22,1513,4719,1506,4709,7,10,0,0,1513,4717,0,1,1513,4718,California
San Mateo,2020-12-23,1573,6292,1387,6096,186,196,0,0,1573,6290,0,1,1573,6291,California
San Mateo,2020-12-24,867,7159,610,6706,257,453,0,0,867,7157,0,1,867,7158,California
San Mateo,2020-12-25,114,7273,110,6816,4,457,0,0,114,7271,0,1,114,7272,California
San Mateo,2020-12-26,560,7833,417,7233,143,600,0,0,560,7831,0,1,560,7832,California
San Mateo,2020-12-27,305,8138,175,7408,130,730,0,0,305,8136,0,1,305,8137,California
San Mateo,2020-12-28,1048,9186,702,8110,346,1076,0,0,1048,9184,0,1,1048,9185,California
San Mateo,2020-12-29,1125,10311,704,8814,421,1497,0,0,1125,10309,0,1,1125,10310,California
San Mateo,2020-12-30,1266,11577,763,9577,503,2000,0,0,1266,11575,0,1,1266,11576,California
San Mateo,2020-12-31,718,12295,233,9810,485,2485,0,0,717,12291,1,2,717,12293,California
San Mateo,2021-01-01,35,12330,30,9840,5,2490,0,0,35,12326,0,2,35,12328,California
San Mateo,2021-01-02,397,12727,268,10108,129,2619,0,0,397,12723,0,2,397,12725,California
San Mateo,2021-01-03,283,13010,208,10316,75,2694,0,0,280,13000,3,5,280,13005,California
San Mateo,2021-01-04,1054,14064,681,10997,373,3067,0,0,1054,14054,0,5,1054,14059,California
San Mateo,2021-01-05,1194,15258,703,11700,491,3558,0,0,1166,15193,28,33,1167,15226,California
San Mateo,2021-01-06,1445,16703,948,12648,497,4055,0,0,1266,16284,176,209,1267,16493,California
San Mateo,2021-01-07,1449,18152,805,13453,644,4699,0,0,1162,17167,280,489,1163,17656,California
San Mateo,2021-01-08,1834,19986,1188,14641,646,5345,0,0,1136,17613,691,1180,1137,18793,California
San Mateo,2021-01-09,1174,21160,773,15414,401,5746,0,0,720,17879,454,1634,720,19513,California
San Mateo,2021-01-10,697,21857,569,15983,128,5874,0,0,262,17706,435,2069,262,19775,California
San Mateo,2021-01-11,2581,24438,1478,17461,1103,6977,0,0,1522,18169,1060,3129,1523,21298,California
San Mateo,2021-01-12,3277,27715,1771,19232,1506,8483,0,0,2096,19088,1179,4308,2098,23396,California
San Mateo,2021-01-13,3466,31181,1748,20980,1718,10201,0,0,2434,20493,1032,5340,2437,25833,California
San Mateo,2021-01-14,3775,34956,1581,22561,2194,12395,0,0,3090,22904,685,6025,3096,28929,California
San Mateo,2021-01-15,4328,39284,1709,24270,2619,15014,0,0,3801,26181,525,6550,3802,32731,California
San Mateo,2021-01-16,3072,42356,774,25044,2298,17312,0,0,2753,28615,319,6869,2753,35484,California
San Mateo,2021-01-17,1309,43665,309,25353,1000,18312,0,0,1101,29508,208,7077,1101,36585,California
San Mateo,2021-01-18,1361,45026,530,25883,831,19143,0,0,988,30130,370,7447,992,37577,California
San Mateo,2021-01-19,2797,47823,1782,27665,1015,20158,0,0,2008,31351,787,8234,2008,39585,California
San Mateo,2021-01-20,2656,50479,1405,29070,1251,21409,0,0,1809,32317,844,9078,1810,41395,California
San Mateo,2021-01-21,2821,53300,1280,30350,1541,22950,0,0,2240,33980,580,9658,2243,43638,California
San Mateo,2021-01-22,2794,56094,1130,31480,1664,24614,0,0,2495,36179,297,9955,2496,46134,California
San Mateo,2021-01-23,2880,58974,1686,33166,1194,25808,0,0,2519,38338,361,10316,2520,48654,California
San Mateo,2021-01-24,1521,60495,374,33540,1147,26955,0,0,1211,39240,309,10625,1211,49865,California
San Mateo,2021-01-25,4427,64922,3148,36688,1279,28234,0,0,3534,41885,891,11516,3536,53401,California
San Mateo,2021-01-26,4284,69206,2979,39667,1305,29539,0,0,3384,44370,899,12415,3384,56785,California
San Mateo,2021-01-27,2774,71980,1457,41124,1317,30856,0,0,1784,45171,984,13399,1785,58570,California
San Mateo,2021-01-28,2783,74763,1343,42467,1440,32296,0,0,1936,46275,832,14231,1936,60506,California
San Mateo,2021-01-29,2967,77730,1327,43794,1640,33936,0,0,2138,47590,826,15057,2141,62647,California
San Mateo,2021-01-30,3369,81099,1471,45265,1898,35834,0,0,2913,50049,455,15512,2914,65561,California
San Mateo,2021-01-31,1684,82783,898,46163,786,36620,0,0,1522,51411,160,15672,1522,67083,California
San Mateo,2021-02-01,2920,85703,1342,47505,1578,38198,0,0,2214,52923,703,16375,2215,69298,California
San Mateo,2021-02-02,3156,88859,1723,49228,1433,39631,0,0,2147,54064,1006,17381,2147,71445,California
San Mateo,2021-02-03,4871,93730,1942,51170,2929,42560,0,0,3822,56841,1046,18427,3823,75268,California
San Mateo,2021-02-04,6275,100005,2582,53752,3693,46253,0,0,4919,60413,1350,19777,4922,80190,California
San Mateo,2021-02-05,6778,106783,2549,56301,4229,50482,0,0,4953,63559,1808,21585,4954,85144,California
San Mateo,2021-02-06,3281,110064,1919,58220,1362,51844,0,0,2619,65522,661,22246,2624,87768,California
San Mateo,2021-02-07,1894,111958,1341,59561,553,52397,0,0,1707,67043,187,22433,1708,89476,California
San Mateo,2021-02-08,5272,117230,2241,61802,3031,55428,0,0,3100,68034,2109,24542,3100,92576,California
San Mateo,2021-02-09,6168,123398,3219,65021,2949,58377,0,0,3334,68538,2830,27372,3334,95910,California
San Mateo,2021-02-10,6487,129885,3272,68293,3215,61592,0,0,3536,69132,2942,30314,3536,99446,California
San Mateo,2021-02-11,7017,136902,3563,71856,3454,65046,0,0,3806,69738,3203,33517,3809,103255,California
San Mateo,2021-02-12,6613,143515,2951,74807,3662,68708,0,0,4707,72546,1902,35419,4710,107965,California
San Mateo,2021-02-13,6079,149594,3987,78794,2092,70800,0,0,2636,71743,3439,38858,2636,110601,California
San Mateo,2021-02-14,4629,154223,3015,81809,1614,72414,0,0,1978,71074,2648,41506,1979,112580,California
San Mateo,2021-02-15,3160,157383,1458,83267,1702,74116,0,0,1785,71488,1372,42878,1786,114366,California
San Mateo,2021-02-16,7139,164522,1867,85134,5272,79388,0,0,5275,74904,1863,44741,5279,119645,California
San Mateo,2021-02-17,7045,171567,1929,87063,5116,84504,0,0,5061,77988,1979,46720,5063,124708,California
San Mateo,2021-02-18,6673,178240,4620,91683,2053,86557,0,0,4437,80194,2233,48953,4439,129147,California
San Mateo,2021-02-19,7807,186047,5605,97288,2202,88759,0,0,5822,84038,1979,50932,5823,134970,California
San Mateo,2021-02-20,3728,189775,2411,99699,1317,90076,0,0,2308,84932,1414,52346,2308,137278,California
San Mateo,2021-02-21,2292,192067,1452,101151,840,90916,0,0,1248,85141,1040,53386,1249,138527,California
San Mateo,2021-02-22,4409,196476,3186,104337,1223,92139,0,0,2781,86301,1622,55008,2782,141309,California
San Mateo,2021-02-23,4281,200757,3042,107379,1239,93378,0,0,2485,86995,1791,56799,2485,143794,California
San Mateo,2021-02-24,7272,208029,3250,110629,4022,97400,0,0,4854,89436,2413,59212,4854,148648,California
San Mateo,2021-02-25,9064,217093,3998,114627,5066,102466,0,0,6008,92403,3041,62253,6008,154656,California
San Mateo,2021-02-26,9735,226828,3698,118325,6037,108503,0,0,6821,96323,2902,65155,6822,161478,California
San Mateo,2021-02-27,6678,233506,3411,121736,3266,111769,1,1,3631,96919,3042,68197,3638,165116,California
San Mateo,2021-02-28,4119,237625,2497,124233,1622,113391,0,1,2553,97911,1562,69759,2554,167670,California
San Mateo,2021-03-01,5615,243240,3508,127741,2107,115498,0,1,2775,97855,2831,72590,2775,170445,California
San Mateo,2021-03-02,5727,248967,3948,131689,1778,117276,1,2,3295,98730,2422,75012,3297,173742,California
San Mateo,2021-03-03,8169,257136,3829,135518,4339,121615,1,3,3486,97543,4674,79686,3487,177229,California
San Mateo,2021-03-04,8336,265472,3923,139441,4411,126026,2,5,3778,96782,4544,84230,3783,181012,California
San Mateo,2021-03-05,9052,274524,5976,145417,3073,129099,3,8,6399,100555,2633,86863,6406,187418,California
San Mateo,2021-03-06,7819,282343,5418,150835,2225,131324,176,184,5718,104355,2093,88956,5893,193311,California
San Mateo,2021-03-07,3459,285802,2305,153140,1087,132411,67,251,2000,104966,1456,90412,2067,195378,California
San Mateo,2021-03-08,4389,290191,2457,155597,1732,134143,200,451,3189,107162,1194,91606,3390,198768,California
San Mateo,2021-03-09,4503,294694,2103,157700,2129,136272,271,722,2968,108873,1528,93134,3239,202007,California
San Mateo,2021-03-10,6931,301625,2630,160330,4018,140290,283,1005,4596,111428,2323,95457,4878,206885,California
San Mateo,2021-03-11,9107,310732,5704,166034,3024,143314,379,1384,3723,110170,5359,100816,4101,210986,California
San Mateo,2021-03-12,10406,321138,6577,172611,3465,146779,364,1748,3473,107086,6922,107738,3838,214824,California
San Mateo,2021-03-13,8014,329152,3396,176007,2993,149772,1625,3373,3872,108445,4134,111872,5493,220317,California
San Mateo,2021-03-14,4911,334063,3296,179303,1508,151280,107,3480,2907,109459,1999,113871,3013,223330,California
San Mateo,2021-03-15,7094,341157,4560,183863,2360,153640,174,3654,3753,110050,3336,117207,3927,227257,California
San Mateo,2021-03-16,11847,353004,4336,188199,7389,161029,122,3776,4816,107975,7016,124223,4941,232198,California
San Mateo,2021-03-17,10724,363728,4347,192546,6253,167282,124,3900,4833,107067,5869,130092,4961,237159,California
San Mateo,2021-03-18,7157,370885,3999,196545,2974,170256,184,4084,4249,108595,2905,132997,4433,241592,California
San Mateo,2021-03-19,7324,378209,4701,201246,1959,172215,664,4748,3585,109113,3732,136729,4250,245842,California
San Mateo,2021-03-20,8213,386422,6406,207652,1474,173689,333,5081,5348,111944,2850,139579,5681,251523,California
San Mateo,2021-03-21,4127,390549,3120,210772,775,174464,232,5313,2329,112712,1788,141367,2556,254079,California
San Mateo,2021-03-22,5171,395720,3521,214293,1231,175695,419,5732,2823,113618,2336,143703,3242,257321,California
San Mateo,2021-03-23,9726,405446,4420,218713,5112,180807,194,5926,4628,113368,5073,148776,4823,262144,California
San Mateo,2021-03-24,9397,414843,5412,224125,3843,184650,142,6068,4084,112341,5252,154028,4225,266369,California
San Mateo,2021-03-25,9868,424711,4819,228944,4796,189446,253,6321,4333,111493,5436,159464,4588,270957,California
San Mateo,2021-03-26,11064,435775,7627,236571,3274,192720,163,6484,4399,109425,6630,166094,4562,275519,California
San Mateo,2021-03-27,10350,446125,7907,244478,2337,195057,106,6590,4619,108436,5711,171805,4722,280241,California
San Mateo,2021-03-28,4188,450313,2701,247179,1376,196433,111,6701,2089,108546,2091,173896,2201,282442,California
San Mateo,2021-03-29,5976,456289,3722,250901,2004,198437,250,6951,2831,108499,3128,177024,3081,285523,California
San Mateo,2021-03-30,7014,463303,3969,254870,2895,201332,150,7101,4455,110558,2547,179571,4606,290129,California
San Mateo,2021-03-31,7148,470451,4525,259395,2486,203818,137,7238,4095,111749,3041,182612,4232,294361,California
San Mateo,2021-04-01,10316,480767,5045,264440,4093,207911,1178,8416,5549,113741,4734,187346,6726,301087,California
San Mateo,2021-04-02,10546,491313,5030,269470,3953,211864,1563,9979,5544,115864,4984,192330,7107,308194,California
San Mateo,2021-04-03,9547,500860,5413,274883,2414,214278,1720,11699,4801,117649,4738,197068,6523,314717,California
San Mateo,2021-04-04,5284,506144,2540,277423,1539,215817,1205,12904,1657,116894,3617,200685,2862,317579,California
San Mateo,2021-04-05,8856,515000,4695,282118,2433,218250,1728,14632,3815,117405,5032,205717,5543,323122,California
San Mateo,2021-04-06,12956,527956,8010,290128,3064,221314,1882,16514,7321,120987,5624,211341,9206,332328,California
San Mateo,2021-04-07,11380,539336,5227,295355,4463,225777,1690,18204,4857,121023,6507,217848,6543,338871,California
San Mateo,2021-04-08,9735,549071,4783,300138,2390,228167,2562,20766,4272,122403,5448,223296,6828,345699,California
San Mateo,2021-04-09,10112,559183,4739,304877,3177,231344,2196,22962,4637,123774,5460,228756,6831,352530,California
San Mateo,2021-04-10,9977,569160,5062,309939,3531,234875,1384,24346,3968,123130,5996,234752,5352,357882,California
San Mateo,2021-04-11,6408,575568,3178,313117,900,235775,2330,26676,2302,123656,4104,238856,4630,362512,California
San Mateo,2021-04-12,6059,581627,3313,316430,1833,237608,913,27589,3111,124749,2931,241787,4024,366536,California
San Mateo,2021-04-13,7273,588900,4231,320661,3035,240643,7,27596,4124,125740,3143,244930,4134,370670,California
San Mateo,2021-04-14,4912,593812,2588,323249,2322,242965,2,27598,2434,125707,2472,247402,2439,373109,California
Santa Barbara,2020-12-15,2,2,2,2,0,0,0,0,2,2,0,0,2,2,California
Santa Barbara,2020-12-16,2,4,2,4,0,0,0,0,2,4,0,0,2,4,California
Santa Barbara,2020-12-17,53,57,53,57,0,0,0,0,53,57,0,0,53,57,California
Santa Barbara,2020-12-18,378,435,377,434,1,1,0,0,378,435,0,0,378,435,California
Santa Barbara,2020-12-19,325,760,325,759,0,1,0,0,325,760,0,0,325,760,California
Santa Barbara,2020-12-20,235,995,235,994,0,1,0,0,235,995,0,0,235,995,California
Santa Barbara,2020-12-21,651,1646,649,1643,2,3,0,0,651,1646,0,0,651,1646,California
Santa Barbara,2020-12-22,243,1889,241,1884,2,5,0,0,243,1889,0,0,243,1889,California
Santa Barbara,2020-12-23,320,2209,202,2086,118,123,0,0,320,2209,0,0,320,2209,California
Santa Barbara,2020-12-24,87,2296,40,2126,47,170,0,0,87,2296,0,0,87,2296,California
Santa Barbara,2020-12-26,326,2622,66,2192,260,430,0,0,326,2622,0,0,326,2622,California
Santa Barbara,2020-12-27,62,2684,1,2193,61,491,0,0,62,2684,0,0,62,2684,California
Santa Barbara,2020-12-28,353,3037,220,2413,133,624,0,0,353,3037,0,0,353,3037,California
Santa Barbara,2020-12-29,552,3589,360,2773,192,816,0,0,552,3589,0,0,552,3589,California
Santa Barbara,2020-12-30,584,4173,404,3177,180,996,0,0,584,4173,0,0,584,4173,California
Santa Barbara,2020-12-31,238,4411,112,3289,126,1122,0,0,238,4411,0,0,238,4411,California
Santa Barbara,2021-01-01,108,4519,107,3396,1,1123,0,0,108,4519,0,0,108,4519,California
Santa Barbara,2021-01-02,586,5105,223,3619,363,1486,0,0,586,5105,0,0,586,5105,California
Santa Barbara,2021-01-03,23,5128,15,3634,8,1494,0,0,23,5128,0,0,23,5128,California
Santa Barbara,2021-01-04,307,5435,244,3878,63,1557,0,0,306,5434,0,0,306,5434,California
Santa Barbara,2021-01-05,751,6186,378,4256,373,1930,0,0,724,6131,27,27,724,6158,California
Santa Barbara,2021-01-06,654,6840,274,4530,380,2310,0,0,595,6668,58,85,595,6753,California
Santa Barbara,2021-01-07,1029,7869,706,5236,323,2633,0,0,524,6691,501,586,524,7277,California
Santa Barbara,2021-01-08,1203,9072,840,6076,363,2996,0,0,709,6906,494,1080,709,7986,California
Santa Barbara,2021-01-09,567,9639,293,6369,274,3270,0,0,321,6981,246,1326,321,8307,California
Santa Barbara,2021-01-10,62,9701,50,6419,12,3282,0,0,46,7011,16,1342,46,8353,California
Santa Barbara,2021-01-11,837,10538,668,7087,169,3451,0,0,614,7403,222,1564,614,8967,California
Santa Barbara,2021-01-12,1427,11965,634,7721,793,4244,0,0,1271,8518,156,1720,1271,10238,California
Santa Barbara,2021-01-13,1226,13191,280,8001,946,5190,0,0,1100,9492,126,1846,1100,11338,California
Santa Barbara,2021-01-14,1247,14438,134,8135,1113,6303,0,0,1193,10633,53,1899,1194,12532,California
Santa Barbara,2021-01-15,1798,16236,418,8553,1380,7683,0,0,1718,12272,79,1978,1718,14250,California
Santa Barbara,2021-01-16,1273,17509,202,8755,1071,8754,0,0,1234,13468,38,2016,1234,15484,California
Santa Barbara,2021-01-17,123,17632,20,8775,103,8857,0,0,120,13585,3,2019,120,15604,California
Santa Barbara,2021-01-18,1147,18779,417,9192,730,9587,0,0,962,14362,185,2204,962,16566,California
Santa Barbara,2021-01-19,1635,20414,566,9758,1069,10656,0,0,1356,15440,278,2482,1356,17922,California
Santa Barbara,2021-01-20,1986,22400,444,10202,1542,12198,0,0,1694,16843,291,2773,1694,19616,California
Santa Barbara,2021-01-21,3085,25485,1817,12019,1268,13466,0,0,2930,19619,155,2928,2931,22547,California
Santa Barbara,2021-01-22,2999,28484,1851,13870,1148,14614,0,0,2854,22331,142,3070,2854,25401,California
Santa Barbara,2021-01-23,1735,30219,1107,14977,628,15242,0,0,1226,23049,508,3578,1226,26627,California
Santa Barbara,2021-01-24,844,31063,753,15730,91,15333,0,0,836,23877,8,3586,836,27463,California
Santa Barbara,2021-01-25,1235,32298,496,16226,739,16072,0,0,999,24640,236,3822,999,28462,California
Santa Barbara,2021-01-26,2037,34335,462,16688,1575,17647,0,0,1652,25910,383,4205,1653,30115,California
Santa Barbara,2021-01-27,1154,35489,398,17086,756,18403,0,0,899,26556,254,4459,900,31015,California
Santa Barbara,2021-01-28,889,36378,294,17380,595,18998,0,0,677,27024,209,4668,677,31692,California
Santa Barbara,2021-01-29,1333,37711,539,17919,794,19792,0,0,980,27656,350,5018,982,32674,California
Santa Barbara,2021-01-30,1889,39600,1418,19337,471,20263,0,0,1485,28741,401,5419,1486,34160,California
Santa Barbara,2021-01-31,1459,41059,1221,20558,238,20501,0,0,1420,30122,39,5458,1420,35580,California
Santa Barbara,2021-02-01,933,41992,517,21075,416,20917,0,0,546,30281,387,5845,546,36126,California
Santa Barbara,2021-02-02,1813,43805,697,21772,1116,22033,0,0,1038,30546,773,6618,1038,37164,California
Santa Barbara,2021-02-03,1941,45746,1076,22848,865,22898,0,0,1500,31615,431,7049,1500,38664,California
Santa Barbara,2021-02-04,2775,48521,1860,24708,915,23813,0,0,2480,33805,290,7339,2480,41144,California
Santa Barbara,2021-02-05,2907,51428,2061,26769,846,24659,0,0,2263,35425,643,7982,2263,43407,California
Santa Barbara,2021-02-06,1208,52636,339,27108,869,25528,0,0,797,35811,411,8393,797,44204,California
Santa Barbara,2021-02-07,298,52934,262,27370,36,25564,0,0,264,36042,33,8426,264,44468,California
Santa Barbara,2021-02-08,956,53890,312,27682,644,26208,0,0,670,36426,286,8712,670,45138,California
Santa Barbara,2021-02-09,2443,56333,315,27997,2128,28336,0,0,1123,36238,1311,10023,1123,46261,California
Santa Barbara,2021-02-10,2757,59090,1494,29491,1263,29599,0,0,800,35089,1949,11972,800,47061,California
Santa Barbara,2021-02-11,4174,63264,2803,32294,1371,30970,0,0,617,32154,3552,15524,617,47678,California
Santa Barbara,2021-02-12,3304,66568,948,33242,2356,33326,0,0,769,30393,2530,18054,769,48447,California
Santa Barbara,2021-02-13,1238,67806,341,33583,897,34223,0,0,563,30284,672,18726,563,49010,California
Santa Barbara,2021-02-14,330,68136,34,33617,296,34519,0,0,284,30522,46,18772,284,49294,California
Santa Barbara,2021-02-15,962,69098,338,33955,624,35143,0,0,490,30544,468,19240,490,49784,California
Santa Barbara,2021-02-16,2110,71208,395,34350,1715,36858,0,0,719,29876,1387,20627,719,50503,California
Santa Barbara,2021-02-17,1430,72638,316,34666,1114,37972,0,0,515,29478,913,21540,515,51018,California
Santa Barbara,2021-02-18,3250,75888,2646,37312,604,38576,0,0,1520,29302,1696,23236,1520,52538,California
Santa Barbara,2021-02-19,3603,79491,2649,39961,954,39530,0,0,2334,30370,1266,24502,2334,54872,California
Santa Barbara,2021-02-20,2219,81710,1432,41393,787,40317,0,0,1667,31494,543,25045,1667,56539,California
Santa Barbara,2021-02-21,126,81836,99,41492,27,40344,0,0,58,31484,68,25113,58,56597,California
Santa Barbara,2021-02-22,935,82771,243,41735,692,41036,0,0,261,31078,667,25780,261,56858,California
Santa Barbara,2021-02-23,3178,85949,1043,42778,2135,43171,0,0,423,28749,2753,28533,424,57282,California
Santa Barbara,2021-02-24,3189,89138,1088,43866,2101,45272,0,0,719,27007,2461,30994,719,58001,California
Santa Barbara,2021-02-25,3448,92586,1913,45779,1535,46807,0,0,984,25535,2457,33451,985,58986,California
Santa Barbara,2021-02-26,3657,96243,2172,47951,1485,48292,0,0,1977,25838,1674,35125,1977,60963,California
Santa Barbara,2021-02-27,1527,97770,561,48512,966,49258,0,0,847,26013,674,35799,849,61812,California
Santa Barbara,2021-02-28,1078,98848,216,48728,862,50120,0,0,888,26716,186,35985,889,62701,California
Santa Barbara,2021-03-01,1614,100462,458,49186,1156,51276,0,0,1077,27261,533,36518,1078,63779,California
Santa Barbara,2021-03-02,2516,102978,397,49583,2119,53395,0,0,2029,28814,477,36995,2030,65809,California
Santa Barbara,2021-03-03,4590,107568,2088,51671,2500,55895,2,2,3998,32234,582,37577,4002,69811,California
Santa Barbara,2021-03-04,3391,110959,2270,53941,1121,57016,0,2,2844,34537,541,38118,2844,72655,California
Santa Barbara,2021-03-05,3800,114759,2149,56090,1592,58608,59,61,3078,36958,716,38834,3137,75792,California
Santa Barbara,2021-03-06,2432,117191,721,56811,1493,60101,218,279,1670,38085,760,39594,1887,77679,California
Santa Barbara,2021-03-07,559,117750,122,56933,308,60409,129,408,382,38421,176,39770,512,78191,California
Santa Barbara,2021-03-08,1569,119319,371,57304,856,61265,342,750,790,38779,773,40543,1131,79322,California
Santa Barbara,2021-03-09,2765,122084,322,57626,1674,62939,769,1519,719,38220,2044,42587,1485,80807,California
Santa Barbara,2021-03-10,2747,124831,540,58166,1160,64099,1047,2566,1031,38586,1712,44299,2078,82885,California
Santa Barbara,2021-03-11,5548,130379,3027,61193,1419,65518,1102,3668,2266,38682,3270,47569,3366,86251,California
Santa Barbara,2021-03-12,3604,133983,2084,63277,1104,66622,416,4084,2168,39837,1429,48998,2584,88835,California
Santa Barbara,2021-03-13,3432,137415,1908,65185,1319,67941,205,4289,2686,41985,744,49742,2892,91727,California
Santa Barbara,2021-03-14,763,138178,360,65545,346,68287,57,4346,448,42175,315,50057,505,92232,California
Santa Barbara,2021-03-15,2091,140269,689,66234,1113,69400,289,4635,1258,42889,831,50888,1545,93777,California
Santa Barbara,2021-03-16,3714,143983,1165,67399,2208,71608,341,4976,2731,44981,980,51868,3072,96849,California
Santa Barbara,2021-03-17,3272,147255,966,68365,1906,73514,400,5376,2287,46684,983,52851,2686,99535,California
Santa Barbara,2021-03-18,4321,151576,2781,71146,1340,74854,200,5576,3123,48819,1188,54039,3323,102858,California
Santa Barbara,2021-03-19,4415,155991,2755,73901,1329,76183,331,5907,3024,50789,1385,55424,3355,106213,California
Santa Barbara,2021-03-20,2146,158137,819,74720,1318,77501,9,5916,1312,51278,832,56256,1321,107534,California
Santa Barbara,2021-03-21,1143,159280,375,75095,739,78240,29,5945,821,51808,320,56576,850,108384,California
Santa Barbara,2021-03-22,2762,162042,1904,76999,815,79055,43,5988,2213,53522,542,57118,2256,110640,California
Santa Barbara,2021-03-23,4449,166491,2236,79235,2116,81171,97,6085,3693,56564,747,57865,3789,114429,California
Santa Barbara,2021-03-24,5362,171853,3138,82373,1491,82662,733,6818,2940,57833,2403,60268,3672,118101,California
Santa Barbara,2021-03-25,5486,177339,3259,85632,2046,84708,181,6999,2736,58014,2736,63004,2917,121018,California
Santa Barbara,2021-03-26,5066,182405,3215,88847,1554,86262,297,7296,2231,57724,2818,65822,2528,123546,California
Santa Barbara,2021-03-27,2926,185331,1220,90067,1664,87926,42,7338,1595,58034,1326,67148,1636,125182,California
Santa Barbara,2021-03-28,2763,188094,1650,91717,1085,89011,28,7366,1883,59068,877,68025,1911,127093,California
Santa Barbara,2021-03-29,4040,192134,2089,93806,1882,90893,69,7435,3236,61574,799,68824,3305,130398,California
Santa Barbara,2021-03-30,6775,198909,3501,97307,3127,94020,147,7582,4556,64071,2205,71029,4702,135100,California
Santa Barbara,2021-03-31,8619,207528,5492,102799,3063,97083,64,7646,5081,65694,3523,74552,5146,140246,California
Santa Barbara,2021-04-01,6883,214411,5078,107877,1548,98631,257,7903,4051,67181,2819,77371,4306,144552,California
Santa Barbara,2021-04-02,6598,221009,4532,112409,1473,100104,593,8496,3392,67966,3199,80570,3984,148536,California
Santa Barbara,2021-04-03,3788,224797,2102,114511,1616,101720,70,8566,2495,69241,1289,81859,2564,151100,California
Santa Barbara,2021-04-04,892,225689,441,114952,413,102133,38,8604,494,69378,395,82254,532,151632,California
Santa Barbara,2021-04-05,3435,229124,2265,117217,912,103045,258,8862,2149,70504,1281,83535,2407,154039,California
Santa Barbara,2021-04-06,5160,234284,2748,119965,1889,104934,523,9385,3139,72156,2006,85541,3658,157697,California
Santa Barbara,2021-04-07,5691,239975,3084,123049,2070,107004,537,9922,3820,74637,1861,87402,4342,162039,California
Santa Barbara,2021-04-08,7055,247030,4804,127853,646,107650,1605,11527,3210,75609,3841,91243,4813,166852,California
Santa Barbara,2021-04-09,6651,253681,4464,132317,925,108575,1262,12789,2950,76125,3694,94937,4210,171062,California
Santa Barbara,2021-04-10,5774,259455,3895,136212,1303,109878,576,13365,3811,78553,1954,96891,4382,175444,California
Santa Barbara,2021-04-11,2452,261907,1772,137984,406,110284,274,13639,1664,79704,785,97676,1936,177380,California
Santa Barbara,2021-04-12,3980,265887,2432,140416,1009,111293,539,14178,1572,79411,2401,100077,2108,179488,California
Santa Barbara,2021-04-13,5860,271747,3771,144187,2078,113371,11,14189,2235,78045,3608,103685,2242,181730,California
Santa Barbara,2021-04-14,2254,274001,1768,145955,486,113857,0,14189,1259,78313,991,104676,1259,182989,California
Santa Clara,2020-12-15,64,64,64,64,0,0,0,0,64,64,0,0,64,64,California
Santa Clara,2020-12-16,135,199,135,199,0,0,0,0,135,199,0,0,135,199,California
Santa Clara,2020-12-17,388,587,388,587,0,0,0,0,388,587,0,0,388,587,California
Santa Clara,2020-12-18,1669,2256,1669,2256,0,0,0,0,1669,2256,0,0,1669,2256,California
Santa Clara,2020-12-19,2073,4329,2073,4329,0,0,0,0,2072,4328,0,0,2072,4328,California
Santa Clara,2020-12-20,1898,6227,1892,6221,6,6,0,0,1895,6223,0,0,1895,6223,California
Santa Clara,2020-12-21,2670,8897,2670,8891,0,6,0,0,2668,8891,0,0,2668,8891,California
Santa Clara,2020-12-22,3126,12023,3117,12008,9,15,0,0,3123,12014,0,0,3123,12014,California
Santa Clara,2020-12-23,3256,15279,3071,15079,185,200,0,0,3254,15268,0,0,3254,15268,California
Santa Clara,2020-12-24,1898,17177,1711,16790,187,387,0,0,1892,17159,1,1,1892,17160,California
Santa Clara,2020-12-25,343,17520,342,17132,1,388,0,0,343,17502,0,1,343,17503,California
Santa Clara,2020-12-26,1263,18783,1031,18163,232,620,0,0,1262,18764,0,1,1262,18765,California
Santa Clara,2020-12-27,646,19429,507,18670,139,759,0,0,646,19410,0,1,646,19411,California
Santa Clara,2020-12-28,2333,21762,1730,20400,603,1362,0,0,2333,21743,0,1,2333,21744,California
Santa Clara,2020-12-29,2325,24087,1464,21864,861,2223,0,0,2323,24066,0,1,2323,24067,California
Santa Clara,2020-12-30,2989,27076,1899,23763,1090,3313,0,0,2987,27051,2,3,2987,27054,California
Santa Clara,2020-12-31,1208,28284,389,24152,819,4132,0,0,1207,28257,1,4,1207,28261,California
Santa Clara,2021-01-01,137,28421,7,24159,130,4262,0,0,137,28394,0,4,137,28398,California
Santa Clara,2021-01-02,1081,29502,813,24972,268,4530,0,0,1081,29475,0,4,1081,29479,California
Santa Clara,2021-01-03,585,30087,370,25342,215,4745,0,0,580,30052,3,7,580,30059,California
Santa Clara,2021-01-04,2465,32552,1664,27006,801,5546,0,0,2463,32515,0,7,2463,32522,California
Santa Clara,2021-01-05,3058,35610,2002,29008,1056,6602,0,0,2871,35204,186,193,2875,35397,California
Santa Clara,2021-01-06,3314,38924,1953,30961,1361,7963,0,0,2740,37375,570,763,2741,38138,California
Santa Clara,2021-01-07,4215,43139,2553,33514,1662,9625,0,0,3152,39479,1053,1816,3157,41295,California
Santa Clara,2021-01-08,5840,48979,3820,37334,2020,11645,0,0,3788,41219,2048,3864,3788,45083,California
Santa Clara,2021-01-09,2966,51945,1860,39194,1106,12751,0,0,1685,41625,1281,5145,1687,46770,California
Santa Clara,2021-01-10,1951,53896,1506,40700,445,13196,0,0,741,41157,1209,6354,741,47511,California
Santa Clara,2021-01-11,5933,59829,3730,44430,2203,15399,0,0,3373,41976,2559,8913,3378,50889,California
Santa Clara,2021-01-12,6793,66622,3394,47824,3399,18798,0,0,4553,44292,2238,11151,4554,55443,California
Santa Clara,2021-01-13,7358,73980,3035,50859,4323,23121,0,0,5191,47320,2164,13315,5192,60635,California
Santa Clara,2021-01-14,8227,82207,2790,53649,5437,28558,0,0,6488,52075,1734,15049,6489,67124,California
Santa Clara,2021-01-15,9447,91654,2682,56331,6765,35323,0,0,8134,58903,1310,16359,8138,75262,California
Santa Clara,2021-01-16,4288,95942,1215,57546,3073,38396,0,0,3456,61532,827,17186,3456,78718,California
Santa Clara,2021-01-17,3211,99153,600,58146,2611,41007,0,0,2715,63751,496,17682,2715,81433,California
Santa Clara,2021-01-18,5089,104242,1149,59295,3940,44947,0,0,4536,67735,553,18235,4537,85970,California
Santa Clara,2021-01-19,8446,112688,2649,61944,5797,50744,0,0,6773,72845,1670,19905,6780,92750,California
Santa Clara,2021-01-20,7988,120676,4015,65959,3973,54717,0,0,6450,77762,1533,21438,6450,99200,California
Santa Clara,2021-01-21,8539,129215,3630,69589,4909,59626,0,0,7389,84005,1148,22586,7391,106591,California
Santa Clara,2021-01-22,8574,137789,3201,72790,5373,64999,0,0,8009,91452,564,23150,8011,114602,California
Santa Clara,2021-01-23,3779,141568,1685,74475,2094,67093,0,0,2822,93318,957,24107,2823,117425,California
Santa Clara,2021-01-24,2821,144389,1420,75895,1401,68494,0,0,2334,95167,485,24592,2334,119759,California
Santa Clara,2021-01-25,8358,152747,3776,79671,4582,73076,0,0,6304,99428,2047,26639,6308,126067,California
Santa Clara,2021-01-26,8233,160980,3760,83431,4473,77549,0,0,6125,103462,2098,28737,6132,132199,California
Santa Clara,2021-01-27,8699,169679,3817,87248,4882,82431,0,0,6783,108354,1895,30632,6787,138986,California
Santa Clara,2021-01-28,9415,179094,3770,91018,5645,88076,0,0,7466,113895,1929,32561,7470,146456,California
Santa Clara,2021-01-29,9469,188563,3918,94936,5551,93627,0,0,7310,119055,2151,34712,7311,153767,California
Santa Clara,2021-01-30,4160,192723,2057,96993,2103,95730,0,0,2959,120818,1197,35909,2960,156727,California
Santa Clara,2021-01-31,2167,194890,1302,98295,865,96595,0,0,1578,121810,586,36495,1578,158305,California
Santa Clara,2021-02-01,7828,202718,3480,101775,4348,100943,0,0,6141,126271,1681,38176,6142,164447,California
Santa Clara,2021-02-02,8072,210790,2867,104642,5205,106148,0,0,6087,130380,1981,40157,6090,170537,California
Santa Clara,2021-02-03,9193,219983,3484,108126,5709,111857,0,0,6926,135050,2262,42419,6932,177469,California
Santa Clara,2021-02-04,10553,230536,4107,112233,6446,118303,0,0,8277,141063,2267,44686,8280,185749,California
Santa Clara,2021-02-05,11895,242431,4335,116568,7560,125863,0,0,8440,146068,3440,48126,8445,194194,California
Santa Clara,2021-02-06,5162,247593,2800,119368,2362,128225,0,0,4007,148925,1152,49278,4009,198203,California
Santa Clara,2021-02-07,3471,251064,2346,121714,1125,129350,0,0,3021,151499,448,49726,3022,201225,California
Santa Clara,2021-02-08,9997,261061,3472,125186,6525,135875,0,0,7289,156095,2694,52420,7290,208515,California
Santa Clara,2021-02-09,10769,271830,3802,128988,6967,142842,0,0,7300,159939,3459,55879,7303,215818,California
Santa Clara,2021-02-10,12620,284450,4890,133878,7730,150572,0,0,6901,161136,5707,61586,6904,222722,California
Santa Clara,2021-02-11,13158,297608,4630,138508,8528,159100,0,0,7422,162838,5721,67307,7423,230145,California
Santa Clara,2021-02-12,14519,312127,4474,142982,10045,169145,0,0,7011,162362,7491,74798,7015,237160,California
Santa Clara,2021-02-13,6066,318193,1446,144428,4620,173765,0,0,2213,160729,3848,78646,2215,239375,California
Santa Clara,2021-02-14,4614,322807,1138,145566,3476,177241,0,0,1476,159070,3137,81783,1478,240853,California
Santa Clara,2021-02-15,6234,329041,2785,148351,3449,180690,0,0,2697,158236,3531,85314,2697,243550,California
Santa Clara,2021-02-16,13570,342611,3985,152336,9585,190275,0,0,6744,158175,6810,92124,6749,250299,California
Santa Clara,2021-02-17,14049,356660,5485,157821,8564,198839,0,0,7040,158230,6992,99116,7047,257346,California
Santa Clara,2021-02-18,13686,370346,8340,166161,5346,204185,0,0,6999,158567,6665,105781,7002,264348,California
Santa Clara,2021-02-19,14672,385018,9514,175675,5158,209343,0,0,8499,160912,6159,111940,8504,272852,California
Santa Clara,2021-02-20,6807,391825,5094,180769,1713,211056,0,0,3674,161461,3125,115065,3674,276526,California
Santa Clara,2021-02-21,3236,395061,2422,183191,814,211870,0,0,1161,160556,2068,117133,1163,277689,California
Santa Clara,2021-02-22,10129,405190,6072,189263,4057,215927,0,0,4731,159903,5388,122521,4735,282424,California
Santa Clara,2021-02-23,11820,417010,7687,196950,4133,220060,0,0,6696,161492,5112,127633,6701,289125,California
Santa Clara,2021-02-24,14089,431099,9082,206032,5007,225067,0,0,8724,164868,5350,132983,8726,297851,California
Santa Clara,2021-02-25,14066,445165,9217,215249,4849,229916,0,0,7652,166129,6396,139379,7657,305508,California
Santa Clara,2021-02-26,14536,459701,8426,223675,6110,236026,0,0,7998,167628,6512,145891,8011,313519,California
Santa Clara,2021-02-27,8033,467734,5487,229162,2545,238571,1,1,4443,168500,3580,149471,4452,317971,California
Santa Clara,2021-02-28,4705,472439,3056,232218,1649,240220,0,1,2200,168204,2497,151968,2201,320172,California
Santa Clara,2021-03-01,14029,486468,7952,240170,6076,246296,1,2,8676,171546,5335,157303,8677,328849,California
Santa Clara,2021-03-02,13721,500189,8217,248387,5504,251800,0,2,9168,176181,4534,161837,9169,338018,California
Santa Clara,2021-03-03,17918,518107,8851,257238,9066,260866,1,3,11004,180315,6877,168714,11011,349029,California
Santa Clara,2021-03-04,15680,533787,8888,266126,6789,267655,3,6,9217,183109,6427,175141,9221,358250,California
Santa Clara,2021-03-05,16172,549959,9113,275239,6934,274589,125,131,8873,184829,7281,182422,9001,367251,California
Santa Clara,2021-03-06,9324,559283,6263,281502,2625,277214,436,567,7043,190037,2269,184691,7477,374728,California
Santa Clara,2021-03-07,6709,565992,4400,285902,2079,279293,230,797,5352,194270,1349,186040,5582,380310,California
Santa Clara,2021-03-08,12836,578828,6674,292576,5600,284893,562,1359,8224,198459,4598,190638,8787,389097,California
Santa Clara,2021-03-09,14272,593100,6202,298778,6741,291634,1329,2688,6249,198029,8006,198644,7576,396673,California
Santa Clara,2021-03-10,14779,607879,6461,305239,6397,298031,1921,4609,6070,197325,8686,207330,7982,404655,California
Santa Clara,2021-03-11,16398,624277,7697,312936,7226,305257,1475,6084,5674,193769,10699,218029,7143,411798,California
Santa Clara,2021-03-12,17435,641712,8994,321930,6901,312158,1540,7624,5880,189666,11518,229547,7415,419213,California
Santa Clara,2021-03-13,10488,652200,6074,328004,2941,315099,1473,9097,4620,189908,5845,235392,6087,425300,California
Santa Clara,2021-03-14,6462,658662,3333,331337,1827,316926,1302,10399,3185,191128,3263,238655,4483,429783,California
Santa Clara,2021-03-15,12682,671344,6446,337783,5969,322895,267,10666,5915,190564,6747,245402,6183,435966,California
Santa Clara,2021-03-16,17498,688842,10233,348016,7059,329954,206,10872,8459,190211,9016,254418,8663,444629,California
Santa Clara,2021-03-17,19579,708421,11196,359212,8219,338173,164,11036,10097,191036,9435,263853,10260,454889,California
Santa Clara,2021-03-18,18116,726537,8848,368060,8111,346284,1157,12193,8399,190923,9668,273521,9555,464444,California
Santa Clara,2021-03-19,18827,745364,9782,377842,8048,354332,997,13190,9791,192724,8981,282502,10782,475226,California
Santa Clara,2021-03-20,11418,756782,6262,384104,4327,358659,829,14019,6707,195574,4683,287185,7533,482759,California
Santa Clara,2021-03-21,8224,765006,3703,387807,3121,361780,1400,15419,5510,199776,2704,289889,6906,489665,California
Santa Clara,2021-03-22,15953,780959,9015,396822,6595,368375,343,15762,9130,202450,6799,296688,9473,499138,California
Santa Clara,2021-03-23,19029,799988,12123,408945,6397,374772,509,16271,11440,206852,7547,304235,11949,511087,California
Santa Clara,2021-03-24,22136,822124,14385,423330,7354,382126,397,16668,14442,214037,7656,311891,14841,525928,California
Santa Clara,2021-03-25,22549,844673,12903,436233,8673,390799,973,17641,14651,221818,7838,319729,15619,541547,California
Santa Clara,2021-03-26,21661,866334,13810,450043,7467,398266,384,18025,13386,227339,8244,327973,13765,555312,California
Santa Clara,2021-03-27,15542,881876,10336,460379,4443,402709,763,18788,8373,229337,7137,335110,9135,564447,California
Santa Clara,2021-03-28,11948,893824,8258,468637,2973,405682,717,19505,6456,231040,5471,340581,7174,571621,California
Santa Clara,2021-03-29,20347,914171,12462,481099,7161,412843,724,20229,11109,233671,9200,349781,11831,583452,California
Santa Clara,2021-03-30,25299,939470,15130,496229,8339,421182,1830,22059,16567,243371,8696,358477,18396,601848,California
Santa Clara,2021-03-31,20139,959609,11732,507961,7305,428487,1102,23161,12768,249893,7342,365819,13864,615712,California
Santa Clara,2021-04-01,31224,990833,19560,527521,8698,437185,2966,26127,19951,261588,11217,377036,22912,638624,California
Santa Clara,2021-04-02,24804,1015637,14152,541673,8553,445738,2099,28226,16426,271764,8345,385381,18521,657145,California
Santa Clara,2021-04-03,14983,1030620,9106,550779,3435,449173,2442,30668,8346,275932,6617,391998,10785,667930,California
Santa Clara,2021-04-04,7516,1038136,3991,554770,2405,451578,1120,31788,3918,277380,3589,395587,5037,672967,California
Santa Clara,2021-04-05,21314,1059450,14174,568944,4710,456288,2430,34218,13853,286226,7435,403022,16281,689248,California
Santa Clara,2021-04-06,28893,1088343,15873,584817,7760,464048,5260,39478,17647,297917,11206,414228,22897,712145,California
Santa Clara,2021-04-07,29577,1117920,15224,600041,8344,472392,6009,45487,18168,310720,11364,425592,24167,736312,California
Santa Clara,2021-04-08,27766,1145686,15583,615624,5573,477965,6610,52097,15603,320822,12095,437687,22197,758509,California
Santa Clara,2021-04-09,25188,1170874,12315,627939,6505,484470,6368,58465,13047,328134,12094,449781,19406,777915,California
Santa Clara,2021-04-10,17945,1188819,10034,637973,3361,487831,4550,63015,9264,333269,8657,458438,13792,791707,California
Santa Clara,2021-04-11,15247,1204066,8908,646881,2656,490487,3683,66698,7744,337212,7481,465919,11424,803131,California
Santa Clara,2021-04-12,23890,1227956,16625,663506,5273,495760,1992,68690,16437,348227,7414,473333,18429,821560,California
Santa Clara,2021-04-13,30770,1258726,24108,687614,6652,502412,10,68700,24291,366124,6424,479757,24321,845881,California
Santa Clara,2021-04-14,15264,1273990,9613,697227,5648,508060,3,68703,10298,371500,4943,484700,10319,856200,California
Santa Cruz,2020-12-15,2,2,2,2,0,0,0,0,2,2,0,0,2,2,California
Santa Cruz,2020-12-16,57,59,57,59,0,0,0,0,57,59,0,0,57,59,California
Santa Cruz,2020-12-17,389,448,389,448,0,0,0,0,389,448,0,0,389,448,California
Santa Cruz,2020-12-18,465,913,465,913,0,0,0,0,465,913,0,0,465,913,California
Santa Cruz,2020-12-19,178,1091,177,1090,1,1,0,0,178,1091,0,0,178,1091,California
Santa Cruz,2020-12-20,95,1186,95,1185,0,1,0,0,95,1186,0,0,95,1186,California
Santa Cruz,2020-12-21,433,1619,433,1618,0,1,0,0,433,1619,0,0,433,1619,California
Santa Cruz,2020-12-22,424,2043,423,2041,1,2,0,0,424,2043,0,0,424,2043,California
Santa Cruz,2020-12-23,370,2413,328,2369,42,44,0,0,370,2413,0,0,370,2413,California
Santa Cruz,2020-12-24,125,2538,50,2419,75,119,0,0,125,2538,0,0,125,2538,California
Santa Cruz,2020-12-25,11,2549,11,2430,0,119,0,0,11,2549,0,0,11,2549,California
Santa Cruz,2020-12-26,64,2613,45,2475,19,138,0,0,64,2613,0,0,64,2613,California
Santa Cruz,2020-12-27,32,2645,27,2502,5,143,0,0,32,2645,0,0,32,2645,California
Santa Cruz,2020-12-28,484,3129,108,2610,376,519,0,0,484,3129,0,0,484,3129,California
Santa Cruz,2020-12-29,797,3926,370,2980,427,946,0,0,797,3926,0,0,797,3926,California
Santa Cruz,2020-12-30,356,4282,164,3144,192,1138,0,0,356,4282,0,0,356,4282,California
Santa Cruz,2020-12-31,312,4594,11,3155,301,1439,0,0,312,4594,0,0,312,4594,California
Santa Cruz,2021-01-01,32,4626,0,3155,32,1471,0,0,32,4626,0,0,32,4626,California
Santa Cruz,2021-01-02,71,4697,57,3212,14,1485,0,0,71,4697,0,0,71,4697,California
Santa Cruz,2021-01-03,15,4712,7,3219,8,1493,0,0,15,4712,0,0,15,4712,California
Santa Cruz,2021-01-04,281,4993,123,3342,158,1651,0,0,279,4991,0,0,279,4991,California
Santa Cruz,2021-01-05,566,5559,428,3770,138,1789,0,0,264,4953,302,302,264,5255,California
Santa Cruz,2021-01-06,803,6362,670,4440,133,1922,0,0,465,5081,337,639,465,5720,California
Santa Cruz,2021-01-07,539,6901,212,4652,327,2249,0,0,386,5315,153,792,387,6107,California
Santa Cruz,2021-01-08,935,7836,561,5213,374,2623,0,0,487,5355,448,1240,488,6595,California
Santa Cruz,2021-01-09,463,8299,123,5336,340,2963,0,0,409,5710,54,1294,409,7004,California
Santa Cruz,2021-01-10,80,8379,70,5406,10,2973,0,0,21,5672,59,1353,21,7025,California
Santa Cruz,2021-01-11,722,9101,587,5993,135,3108,0,0,192,5334,530,1883,192,7217,California
Santa Cruz,2021-01-12,736,9837,532,6525,204,3312,0,0,493,5584,243,2126,493,7710,California
Santa Cruz,2021-01-13,521,10358,228,6753,293,3605,0,0,437,5940,81,2207,437,8147,California
Santa Cruz,2021-01-14,553,10911,101,6854,452,4057,0,0,487,6361,66,2273,487,8634,California
Santa Cruz,2021-01-15,1458,12369,77,6931,1381,5438,0,0,1394,7693,63,2336,1395,10029,California
Santa Cruz,2021-01-16,427,12796,54,6985,373,5811,0,0,408,8082,19,2355,408,10437,California
Santa Cruz,2021-01-17,297,13093,41,7026,256,6067,0,0,272,8329,25,2380,272,10709,California
Santa Cruz,2021-01-18,1016,14109,105,7131,911,6978,0,0,954,9221,62,2442,954,11663,California
Santa Cruz,2021-01-19,1623,15732,524,7655,1099,8077,0,0,1270,10141,351,2793,1271,12934,California
Santa Cruz,2021-01-20,1235,16967,184,7839,1051,9128,0,0,1038,10985,194,2987,1038,13972,California
Santa Cruz,2021-01-21,1707,18674,200,8039,1507,10635,0,0,1602,12482,106,3093,1603,15575,California
Santa Cruz,2021-01-22,1795,20469,531,8570,1264,11899,0,0,1695,14081,97,3190,1696,17271,California
Santa Cruz,2021-01-23,401,20870,146,8716,255,12154,0,0,341,14363,59,3249,341,17612,California
Santa Cruz,2021-01-24,115,20985,20,8736,95,12249,0,0,97,14442,18,3267,97,17709,California
Santa Cruz,2021-01-25,1058,22043,359,9095,699,12948,0,0,548,14480,510,3777,548,18257,California
Santa Cruz,2021-01-26,1688,23731,246,9341,1442,14390,0,0,1177,15146,511,4288,1177,19434,California
Santa Cruz,2021-01-27,1647,25378,445,9786,1202,15592,0,0,1264,16029,381,4669,1264,20698,California
Santa Cruz,2021-01-28,1746,27124,292,10078,1454,17046,0,0,1470,17224,276,4945,1471,22169,California
Santa Cruz,2021-01-29,1736,28860,490,10568,1246,18292,0,0,1606,18701,129,5074,1606,23775,California
Santa Cruz,2021-01-30,1060,29920,308,10876,752,19044,0,0,927,19495,133,5207,927,24702,California
Santa Cruz,2021-01-31,217,30137,111,10987,106,19150,0,0,203,19684,14,5221,203,24905,California
Santa Cruz,2021-02-01,1232,31369,759,11746,473,19623,0,0,826,20104,406,5627,826,25731,California
Santa Cruz,2021-02-02,1005,32374,127,11873,878,20501,0,0,850,20800,154,5781,850,26581,California
Santa Cruz,2021-02-03,2228,34602,954,12827,1274,21775,0,0,1913,22402,311,6092,1913,28494,California
Santa Cruz,2021-02-04,1841,36443,771,13598,1070,22845,0,0,1504,23570,336,6428,1504,29998,California
Santa Cruz,2021-02-05,3173,39616,794,14392,2379,25224,0,0,2853,26104,319,6747,2853,32851,California
Santa Cruz,2021-02-06,2584,42200,164,14556,2420,27644,0,0,2236,27992,348,7095,2236,35087,California
Santa Cruz,2021-02-07,907,43107,121,14677,786,28430,0,0,889,28863,18,7113,889,35976,California
Santa Cruz,2021-02-08,717,43824,204,14881,513,28943,0,0,517,29181,199,7312,517,36493,California
Santa Cruz,2021-02-09,2373,46197,1057,15938,1316,30259,0,0,2108,31028,261,7573,2108,38601,California
Santa Cruz,2021-02-10,2200,48397,580,16518,1620,31879,0,0,1500,31839,690,8263,1501,40102,California
Santa Cruz,2021-02-11,1852,50249,316,16834,1536,33415,0,0,1327,32643,523,8786,1327,41429,California
Santa Cruz,2021-02-12,3218,53467,422,17256,2796,36211,0,0,1813,33061,1397,10183,1815,43244,California
Santa Cruz,2021-02-13,1710,55177,123,17379,1587,37798,0,0,1297,33945,413,10596,1297,44541,California
Santa Cruz,2021-02-14,1402,56579,69,17448,1333,39131,0,0,1139,34821,263,10859,1139,45680,California
Santa Cruz,2021-02-15,1583,58162,279,17727,1304,40435,0,0,566,34371,1017,11876,567,46247,California
Santa Cruz,2021-02-16,1693,59855,202,17929,1491,41926,0,0,536,33771,1136,13012,536,46783,California
Santa Cruz,2021-02-17,2918,62773,974,18903,1944,43870,0,0,1221,33311,1684,14696,1224,48007,California
Santa Cruz,2021-02-18,2880,65653,638,19541,2242,46112,0,0,1231,32896,1646,16342,1231,49238,California
Santa Cruz,2021-02-19,3264,68917,1144,20685,2120,48232,0,0,2009,33651,1254,17596,2009,51247,California
Santa Cruz,2021-02-20,2383,71300,1498,22183,885,49117,0,0,1890,35048,493,18089,1890,53137,California
Santa Cruz,2021-02-21,823,72123,357,22540,466,49583,0,0,699,35625,122,18211,699,53836,California
Santa Cruz,2021-02-22,1252,73375,969,23509,283,49866,0,0,536,35447,714,18925,536,54372,California
Santa Cruz,2021-02-23,2096,75471,939,24448,1157,51023,0,0,710,34772,1385,20310,710,55082,California
Santa Cruz,2021-02-24,3179,78650,1660,26108,1519,52542,0,0,1205,34007,1970,22280,1205,56287,California
Santa Cruz,2021-02-25,3236,81886,1432,27540,1804,54346,0,0,1781,34340,1448,23728,1781,58068,California
Santa Cruz,2021-02-26,2717,84603,758,28298,1959,56305,0,0,1544,34718,1169,24897,1547,59615,California
Santa Cruz,2021-02-27,2639,87242,931,29229,1708,58013,0,0,1839,35758,799,25696,1839,61454,California
Santa Cruz,2021-02-28,1295,88537,359,29588,936,58949,0,0,1085,36636,207,25903,1085,62539,California
Santa Cruz,2021-03-01,1828,90365,1252,30840,576,59525,0,0,687,36185,1138,27041,687,63226,California
Santa Cruz,2021-03-02,1507,91872,339,31179,1168,60693,0,0,837,36357,668,27709,840,64066,California
Santa Cruz,2021-03-03,2316,94188,597,31776,1719,62412,0,0,1250,36544,1063,28772,1250,65316,California
Santa Cruz,2021-03-04,2999,97187,1403,33179,1595,64007,1,1,2028,37612,962,29734,2030,67346,California
Santa Cruz,2021-03-05,2604,99791,481,33660,2105,66112,18,19,1125,37279,1476,31210,1143,68489,California
Santa Cruz,2021-03-06,3866,103657,1347,35007,2415,68527,104,123,2160,37836,1706,32916,2263,70752,California
Santa Cruz,2021-03-07,1344,105001,127,35134,1142,69669,75,198,553,37674,790,33706,628,71380,California
Santa Cruz,2021-03-08,1078,106079,218,35352,734,70403,126,324,651,38025,426,34132,777,72157,California
Santa Cruz,2021-03-09,1763,107842,234,35586,1382,71785,147,471,697,37806,1063,35195,844,73001,California
Santa Cruz,2021-03-10,3851,111693,2086,37672,1617,73402,148,619,1993,38094,1856,37051,2144,75145,California
Santa Cruz,2021-03-11,2792,114485,1215,38887,1410,74812,167,786,1545,38562,1246,38297,1714,76859,California
Santa Cruz,2021-03-12,2736,117221,887,39774,1562,76374,287,1073,904,37923,1829,40126,1190,78049,California
Santa Cruz,2021-03-13,2273,119494,1321,41095,907,77281,45,1118,1154,38005,1118,41244,1200,79249,California
Santa Cruz,2021-03-14,896,120390,214,41309,668,77949,14,1132,437,37999,456,41700,450,79699,California
Santa Cruz,2021-03-15,1344,121734,474,41783,835,78784,35,1167,575,37843,767,42467,611,80310,California
Santa Cruz,2021-03-16,2314,124048,1090,42873,1184,79968,40,1207,1339,38249,972,43439,1378,81688,California
Santa Cruz,2021-03-17,3860,127908,2234,45107,1616,81584,10,1217,2515,39436,1341,44780,2528,84216,California
Santa Cruz,2021-03-18,3859,131767,2095,47202,1645,83229,119,1336,2068,39835,1788,46568,2187,86403,California
Santa Cruz,2021-03-19,3276,135043,1323,48525,1728,84957,225,1561,1654,40097,1617,48185,1879,88282,California
Santa Cruz,2021-03-20,2168,137211,1618,50143,513,85470,37,1598,1097,40163,1068,49253,1134,89416,California
Santa Cruz,2021-03-21,823,138034,436,50579,266,85736,121,1719,442,40348,379,49632,564,89980,California
Santa Cruz,2021-03-22,1361,139395,845,51424,494,86230,22,1741,940,40893,418,50050,963,90943,California
Santa Cruz,2021-03-23,2555,141950,1436,52860,1069,87299,50,1791,1719,41828,834,50884,1769,92712,California
Santa Cruz,2021-03-24,2999,144949,2009,54869,968,88267,22,1813,1985,42825,1009,51893,2006,94718,California
Santa Cruz,2021-03-25,2610,147559,1327,56196,1250,89517,33,1846,1355,42966,1247,53140,1388,96106,California
Santa Cruz,2021-03-26,3033,150592,1821,58017,1185,90702,27,1873,2061,44089,965,54105,2088,98194,California
Santa Cruz,2021-03-27,3216,153808,2013,60030,1178,91880,25,1898,1507,43923,1699,55804,1533,99727,California
Santa Cruz,2021-03-28,921,154729,567,60597,341,92221,13,1911,488,43997,428,56232,502,100229,California
Santa Cruz,2021-03-29,1953,156682,873,61470,1012,93233,68,1979,1250,44618,697,56929,1318,101547,California
Santa Cruz,2021-03-30,2704,159386,819,62289,1725,94958,160,2139,1739,45554,963,57892,1899,103446,California
Santa Cruz,2021-03-31,4061,163447,2722,65011,1289,96247,50,2189,2100,45747,1957,59849,2150,105596,California
Santa Cruz,2021-04-01,4017,167464,2150,67161,1761,98008,106,2295,2029,45898,1983,61832,2134,107730,California
Santa Cruz,2021-04-02,3153,170617,1434,68595,1538,99546,181,2476,1755,46441,1393,63225,1936,109666,California
Santa Cruz,2021-04-03,2240,172857,1233,69828,890,100436,117,2593,892,46104,1345,64570,1008,110674,California
Santa Cruz,2021-04-04,939,173796,493,70321,391,100827,55,2648,556,46332,383,64953,611,111285,California
Santa Cruz,2021-04-05,2264,176060,811,71132,1293,102120,160,2808,1410,47049,853,65806,1570,112855,California
Santa Cruz,2021-04-06,3393,179453,1683,72815,1347,103467,363,3171,2022,48071,1363,67169,2385,115240,California
Santa Cruz,2021-04-07,4121,183574,1634,74449,2152,105619,335,3506,1880,48047,2239,69408,2215,117455,California
Santa Cruz,2021-04-08,4196,187770,2336,76785,1383,107002,477,3983,2487,49310,1700,71108,2963,120418,California
Santa Cruz,2021-04-09,3308,191078,1388,78173,1575,108577,345,4328,1849,50053,1452,72560,2195,122613,California
Santa Cruz,2021-04-10,1984,193062,1020,79193,745,109322,219,4547,979,50247,1002,73562,1196,123809,California
Santa Cruz,2021-04-11,1002,194064,531,79724,382,109704,89,4636,495,50324,507,74069,584,124393,California
Santa Cruz,2021-04-12,2043,196107,651,80375,973,110677,419,5055,905,50523,1124,75193,1323,125716,California
Santa Cruz,2021-04-13,2692,198799,1308,81683,1383,112060,1,5056,1498,50831,1191,76384,1499,127215,California
Santa Cruz,2021-04-14,2832,201631,831,82514,2001,114061,0,5056,1606,51214,1223,77607,1606,128821,California
Shasta,2020-12-16,131,131,131,131,0,0,0,0,131,131,0,0,131,131,California
Shasta,2020-12-17,417,548,417,548,0,0,0,0,417,548,0,0,417,548,California
Shasta,2020-12-18,166,714,166,714,0,0,0,0,166,714,0,0,166,714,California
Shasta,2020-12-19,1,715,1,715,0,0,0,0,1,715,0,0,1,715,California
Shasta,2020-12-21,80,795,80,795,0,0,0,0,80,795,0,0,80,795,California
Shasta,2020-12-22,191,986,186,981,5,5,0,0,191,986,0,0,191,986,California
Shasta,2020-12-23,174,1160,170,1151,4,9,0,0,174,1160,0,0,174,1160,California
Shasta,2020-12-24,18,1178,18,1169,0,9,0,0,18,1178,0,0,18,1178,California
Shasta,2020-12-26,4,1182,1,1170,3,12,0,0,4,1182,0,0,4,1182,California
Shasta,2020-12-27,1,1183,0,1170,1,13,0,0,1,1183,0,0,1,1183,California
Shasta,2020-12-28,40,1223,31,1201,9,22,0,0,40,1223,0,0,40,1223,California
Shasta,2020-12-29,186,1409,185,1386,1,23,0,0,186,1409,0,0,186,1409,California
Shasta,2020-12-30,178,1587,168,1554,10,33,0,0,178,1587,0,0,178,1587,California
Shasta,2020-12-31,83,1670,2,1556,81,114,0,0,83,1670,0,0,83,1670,California
Shasta,2021-01-02,2,1672,0,1556,2,116,0,0,2,1672,0,0,2,1672,California
Shasta,2021-01-03,1,1673,1,1557,0,116,0,0,1,1673,0,0,1,1673,California
Shasta,2021-01-04,346,2019,306,1863,40,156,0,0,347,2020,0,0,347,2020,California
Shasta,2021-01-05,335,2354,314,2177,21,177,0,0,254,2193,81,81,254,2274,California
Shasta,2021-01-06,437,2791,395,2572,42,219,0,0,175,2107,261,342,175,2449,California
Shasta,2021-01-07,116,2907,35,2607,81,300,0,0,95,2181,21,363,95,2544,California
Shasta,2021-01-08,507,3414,447,3054,60,360,0,0,299,2272,208,571,299,2843,California
Shasta,2021-01-09,72,3486,63,3117,9,369,0,0,70,2340,2,573,70,2913,California
Shasta,2021-01-10,5,3491,0,3117,5,374,0,0,4,2344,1,574,5,2918,California
Shasta,2021-01-11,353,3844,185,3302,168,542,0,0,317,2625,36,610,317,3235,California
Shasta,2021-01-12,452,4296,327,3629,125,667,0,0,278,2729,174,784,278,3513,California
Shasta,2021-01-13,541,4837,268,3897,273,940,0,0,371,2930,170,954,371,3884,California
Shasta,2021-01-14,447,5284,51,3948,396,1336,0,0,429,3341,18,972,429,4313,California
Shasta,2021-01-15,634,5918,136,4084,498,1834,0,0,632,3971,2,974,632,4945,California
Shasta,2021-01-16,899,6817,55,4139,844,2678,0,0,896,4864,3,977,896,5841,California
Shasta,2021-01-17,27,6844,6,4145,21,2699,0,0,23,4883,4,981,23,5864,California
Shasta,2021-01-18,600,7444,130,4275,470,3169,0,0,592,5467,8,989,592,6456,California
Shasta,2021-01-19,1018,8462,397,4672,621,3790,0,0,870,6189,148,1137,870,7326,California
Shasta,2021-01-20,676,9138,408,5080,268,4058,0,0,493,6503,179,1316,493,7819,California
Shasta,2021-01-21,629,9767,277,5357,352,4410,0,0,606,7086,23,1339,606,8425,California
Shasta,2021-01-22,445,10212,171,5528,274,4684,0,0,439,7519,6,1345,439,8864,California
Shasta,2021-01-23,68,10280,5,5533,63,4747,0,0,67,7585,1,1346,67,8931,California
Shasta,2021-01-24,25,10305,2,5535,23,4770,0,0,24,7608,1,1347,24,8955,California
Shasta,2021-01-25,749,11054,491,6026,258,5028,0,0,463,7786,285,1632,463,9418,California
Shasta,2021-01-26,707,11761,331,6357,376,5404,0,0,474,8029,231,1863,474,9892,California
Shasta,2021-01-27,459,12220,179,6536,280,5684,0,0,410,8390,49,1912,410,10302,California
Shasta,2021-01-28,854,13074,576,7112,278,5962,0,0,632,8800,222,2134,632,10934,California
Shasta,2021-01-29,831,13905,331,7443,500,6462,0,0,641,9252,190,2324,642,11576,California
Shasta,2021-01-30,618,14523,14,7457,604,7066,0,0,609,9852,9,2333,609,12185,California
Shasta,2021-01-31,28,14551,4,7461,24,7090,0,0,26,9876,2,2335,26,12211,California
Shasta,2021-02-01,508,15059,147,7608,361,7451,0,0,386,10140,122,2457,386,12597,California
Shasta,2021-02-02,937,15996,493,8101,444,7895,0,0,846,10897,89,2546,846,13443,California
Shasta,2021-02-03,676,16672,210,8311,466,8361,0,0,480,11181,196,2742,480,13923,California
Shasta,2021-02-04,1069,17741,663,8974,406,8767,0,0,878,11869,190,2932,878,14801,California
Shasta,2021-02-05,1215,18956,163,9137,1052,9819,0,0,1026,12707,188,3120,1026,15827,California
Shasta,2021-02-06,1729,20685,42,9179,1687,11506,0,0,1704,14387,24,3144,1704,17531,California
Shasta,2021-02-07,25,20710,2,9181,23,11529,0,0,23,14408,2,3146,23,17554,California
Shasta,2021-02-08,541,21251,168,9349,373,11902,0,0,303,14473,238,3384,303,17857,California
Shasta,2021-02-09,1026,22277,651,10000,375,12277,0,0,676,14799,350,3734,676,18533,California
Shasta,2021-02-10,1083,23360,782,10782,301,12578,0,0,593,14902,491,4225,594,19127,California
Shasta,2021-02-11,785,24145,187,10969,598,13176,0,0,304,14730,476,4701,304,19431,California
Shasta,2021-02-12,1663,25808,1144,12113,519,13695,0,0,1170,15407,493,5194,1170,20601,California
Shasta,2021-02-13,1384,27192,368,12481,1016,14711,0,0,572,15166,813,6007,572,21173,California
Shasta,2021-02-14,148,27340,4,12485,144,14855,0,0,124,15266,24,6031,124,21297,California
Shasta,2021-02-15,381,27721,91,12576,290,15145,0,0,212,15309,169,6200,212,21509,California
Shasta,2021-02-16,1085,28806,513,13089,572,15717,0,0,319,14863,765,6965,319,21828,California
Shasta,2021-02-17,994,29800,438,13527,556,16273,0,0,376,14621,618,7583,376,22204,California
Shasta,2021-02-18,875,30675,441,13968,434,16707,0,0,428,14602,447,8030,428,22632,California
Shasta,2021-02-19,1326,32001,934,14902,392,17099,0,0,859,14994,467,8497,859,23491,California
Shasta,2021-02-20,799,32800,87,14989,712,17811,0,0,300,14795,499,8996,300,23791,California
Shasta,2021-02-21,31,32831,2,14991,29,17840,0,0,9,14782,22,9018,9,23800,California
Shasta,2021-02-22,348,33179,74,15065,274,18114,0,0,99,14632,249,9267,99,23899,California
Shasta,2021-02-23,801,33980,466,15531,335,18449,0,0,217,14265,584,9851,217,24116,California
Shasta,2021-02-24,882,34862,504,16035,378,18827,0,0,268,13920,613,10464,268,24384,California
Shasta,2021-02-25,477,35339,157,16192,320,19147,0,0,157,13758,319,10783,157,24541,California
Shasta,2021-02-26,788,36127,91,16283,697,19844,0,0,327,13626,459,11242,327,24868,California
Shasta,2021-02-27,824,36951,27,16310,797,20641,0,0,185,13174,637,11879,185,25053,California
Shasta,2021-02-28,177,37128,4,16314,173,20814,0,0,127,13251,50,11929,127,25180,California
Shasta,2021-03-01,558,37686,60,16374,498,21312,0,0,267,13228,290,12219,267,25447,California
Shasta,2021-03-02,930,38616,465,16839,465,21777,0,0,267,12834,661,12880,267,25714,California
Shasta,2021-03-03,630,39246,145,16984,485,22262,0,0,223,12650,407,13287,223,25937,California
Shasta,2021-03-04,1053,40299,505,17489,548,22810,0,0,647,12893,405,13692,648,26585,California
Shasta,2021-03-05,981,41280,161,17650,791,23601,29,29,322,12584,660,14352,351,26936,California
Shasta,2021-03-06,842,42122,387,18037,408,24009,47,76,207,12203,635,14987,254,27190,California
Shasta,2021-03-07,90,42212,3,18040,55,24064,32,108,36,12217,54,15041,68,27258,California
Shasta,2021-03-08,558,42770,46,18086,373,24437,139,247,145,12090,411,15452,284,27542,California
Shasta,2021-03-09,605,43375,45,18131,382,24819,178,425,232,12127,373,15825,410,27952,California
Shasta,2021-03-10,797,44172,259,18390,335,25154,203,628,134,11800,662,16487,335,28287,California
Shasta,2021-03-11,1045,45217,175,18565,626,25780,244,872,645,12289,400,16887,889,29176,California
Shasta,2021-03-12,809,46026,160,18725,406,26186,243,1115,293,12308,515,17402,534,29710,California
Shasta,2021-03-13,742,46768,423,19148,219,26405,100,1215,474,12614,267,17669,573,30283,California
Shasta,2021-03-14,364,47132,8,19156,334,26739,22,1237,227,12726,137,17806,249,30532,California
Shasta,2021-03-15,493,47625,34,19190,358,27097,101,1338,205,12744,287,18093,305,30837,California
Shasta,2021-03-16,1077,48702,144,19334,866,27963,67,1405,798,13330,279,18372,865,31702,California
Shasta,2021-03-17,693,49395,195,19529,440,28403,58,1463,394,13489,293,18665,452,32154,California
Shasta,2021-03-18,1072,50467,237,19766,732,29135,103,1566,799,14122,269,18934,902,33056,California
Shasta,2021-03-19,625,51092,192,19958,377,29512,56,1622,395,14344,229,19163,451,33507,California
Shasta,2021-03-20,745,51837,488,20446,243,29755,14,1636,598,14809,147,19310,612,34119,California
Shasta,2021-03-21,312,52149,296,20742,4,29759,12,1648,286,15081,26,19336,298,34417,California
Shasta,2021-03-22,342,52491,36,20778,276,30035,30,1678,200,15170,141,19477,230,34647,California
Shasta,2021-03-23,818,53309,157,20935,603,30638,58,1736,626,15667,187,19664,684,35331,California
Shasta,2021-03-24,512,53821,155,21090,320,30958,37,1773,363,15919,148,19812,400,35731,California
Shasta,2021-03-25,762,54583,186,21276,559,31517,17,1790,622,16420,138,19950,639,36370,California
Shasta,2021-03-26,686,55269,260,21536,396,31913,30,1820,332,16429,354,20304,363,36733,California
Shasta,2021-03-27,1556,56825,404,21940,315,32228,837,2657,572,16852,982,21286,1405,38138,California
Shasta,2021-03-28,405,57230,299,22239,96,32324,10,2667,302,17063,101,21387,312,38450,California
Shasta,2021-03-29,415,57645,41,22280,362,32686,12,2679,162,16985,252,21639,174,38624,California
Shasta,2021-03-30,527,58172,185,22465,335,33021,7,2686,321,17110,203,21842,328,38952,California
Shasta,2021-03-31,623,58795,209,22674,409,33430,5,2691,395,17287,223,22065,400,39352,California
Shasta,2021-04-01,778,59573,246,22920,526,33956,6,2697,551,17618,227,22292,558,39910,California
Shasta,2021-04-02,746,60319,202,23122,493,34449,51,2748,414,17753,330,22622,465,40375,California
Shasta,2021-04-03,520,60839,368,23490,133,34582,19,2767,397,18046,123,22745,416,40791,California
Shasta,2021-04-04,291,61130,177,23667,94,34676,20,2787,217,18209,74,22819,237,41028,California
Shasta,2021-04-05,422,61552,56,23723,305,34981,61,2848,254,18356,168,22987,315,41343,California
Shasta,2021-04-06,713,62265,175,23898,374,35355,164,3012,296,18400,416,23403,460,41803,California
Shasta,2021-04-07,663,62928,223,24121,285,35640,155,3167,277,18451,380,23783,431,42234,California
Shasta,2021-04-08,1056,63984,267,24388,634,36274,155,3322,231,18014,822,24605,385,42619,California
Shasta,2021-04-09,1769,65753,1291,25679,292,36566,186,3508,1280,18992,486,25091,1464,44083,California
Shasta,2021-04-10,832,66585,586,26265,132,36698,114,3622,251,18776,581,25672,365,44448,California
Shasta,2021-04-11,447,67032,395,26660,33,36731,19,3641,139,18629,305,25977,158,44606,California
Shasta,2021-04-12,283,67315,15,26675,218,36949,50,3691,75,18546,208,26185,125,44731,California
Shasta,2021-04-13,767,68082,159,26834,608,37557,0,3691,173,18126,593,26778,173,44904,California
Shasta,2021-04-14,262,68344,33,26867,227,37784,2,3693,56,17979,205,26983,58,44962,California
Sierra,2020-12-18,1,1,1,1,0,0,0,0,1,1,0,0,1,1,California
Sierra,2020-12-21,2,3,2,3,0,0,0,0,2,3,0,0,2,3,California
Sierra,2020-12-22,12,15,12,15,0,0,0,0,12,15,0,0,12,15,California
Sierra,2020-12-23,4,19,4,19,0,0,0,0,4,19,0,0,4,19,California
Sierra,2020-12-28,1,20,0,19,1,1,0,0,1,20,0,0,1,20,California
Sierra,2020-12-29,49,69,7,26,42,43,0,0,49,69,0,0,49,69,California
Sierra,2020-12-30,2,71,0,26,2,45,0,0,2,71,0,0,2,71,California
Sierra,2020-12-31,13,84,0,26,13,58,0,0,13,84,0,0,13,84,California
Sierra,2021-01-01,1,85,1,27,0,58,0,0,1,85,0,0,1,85,California
Sierra,2021-01-05,65,150,3,30,62,120,0,0,65,150,0,0,65,150,California
Sierra,2021-01-06,1,151,1,31,0,120,0,0,1,151,0,0,1,151,California
Sierra,2021-01-07,20,171,1,32,19,139,0,0,19,169,1,1,19,170,California
Sierra,2021-01-08,1,172,1,33,0,139,0,0,1,170,0,1,1,171,California
Sierra,2021-01-11,3,175,3,36,0,139,0,0,0,167,3,4,0,171,California
Sierra,2021-01-12,39,214,12,48,27,166,0,0,27,182,12,16,27,198,California
Sierra,2021-01-13,4,218,3,51,1,167,0,0,1,180,3,19,1,199,California
Sierra,2021-01-14,35,253,2,53,33,200,0,0,35,215,0,19,35,234,California
Sierra,2021-01-15,2,255,1,54,1,201,0,0,2,217,0,19,2,236,California
Sierra,2021-01-18,2,257,0,54,2,203,0,0,2,219,0,19,2,238,California
Sierra,2021-01-19,32,289,0,54,32,235,0,0,32,251,0,19,32,270,California
Sierra,2021-01-20,1,290,1,55,0,235,0,0,1,252,0,19,1,271,California
Sierra,2021-01-21,54,344,0,55,54,289,0,0,54,306,0,19,54,325,California
Sierra,2021-01-22,2,346,0,55,2,291,0,0,2,308,0,19,2,327,California
Sierra,2021-01-23,2,348,0,55,2,293,0,0,2,310,0,19,2,329,California
Sierra,2021-01-26,62,410,0,55,62,355,0,0,24,296,38,57,24,353,California
Sierra,2021-01-27,4,414,4,59,0,355,0,0,0,292,4,61,0,353,California
Sierra,2021-01-28,53,467,0,59,53,408,0,0,43,325,10,71,43,396,California
Sierra,2021-01-29,2,469,0,59,2,410,0,0,2,327,0,71,2,398,California
Sierra,2021-01-30,3,472,3,62,0,410,0,0,2,328,1,72,2,400,California
Sierra,2021-02-01,1,473,0,62,1,411,0,0,0,327,1,73,0,400,California
Sierra,2021-02-02,57,530,0,62,57,468,0,0,18,306,39,112,18,418,California
Sierra,2021-02-03,6,536,5,67,1,469,0,0,5,310,1,113,5,423,California
Sierra,2021-02-04,105,641,6,73,99,568,0,0,57,319,48,161,57,480,California
Sierra,2021-02-05,6,647,4,77,2,570,0,0,5,323,1,162,5,485,California
Sierra,2021-02-09,51,698,0,77,51,621,0,0,49,370,2,164,49,534,California
Sierra,2021-02-10,5,703,2,79,3,624,0,0,4,373,1,165,4,538,California
Sierra,2021-02-11,196,899,1,80,195,819,0,0,134,445,62,227,134,672,California
Sierra,2021-02-12,21,920,0,80,21,840,0,0,20,464,1,228,20,692,California
Sierra,2021-02-13,1,921,1,81,0,840,0,0,1,465,0,228,1,693,California
Sierra,2021-02-14,1,922,0,81,1,841,0,0,1,466,0,228,1,694,California
Sierra,2021-02-15,2,924,2,83,0,841,0,0,0,464,2,230,0,694,California
Sierra,2021-02-16,43,967,0,83,43,884,0,0,10,441,33,263,10,704,California
Sierra,2021-02-17,3,970,0,83,3,887,0,0,1,440,2,265,1,705,California
Sierra,2021-02-18,143,1113,0,83,143,1030,0,0,92,481,51,316,92,797,California
Sierra,2021-02-19,2,1115,1,84,1,1031,0,0,1,481,1,317,1,798,California
Sierra,2021-02-20,2,1117,2,86,0,1031,0,0,0,479,2,319,0,798,California
Sierra,2021-02-22,1,1118,1,87,0,1031,0,0,1,480,0,319,1,799,California
Sierra,2021-02-23,4,1122,0,87,4,1035,0,0,4,484,0,319,4,803,California
Sierra,2021-02-24,5,1127,3,90,2,1037,0,0,4,487,1,320,4,807,California
Sierra,2021-02-25,124,1251,1,91,123,1160,0,0,58,480,65,385,58,865,California
Sierra,2021-02-26,10,1261,6,97,4,1164,0,0,4,478,6,391,4,869,California
Sierra,2021-02-27,2,1263,2,99,0,1164,0,0,0,476,2,393,0,869,California
Sierra,2021-03-01,2,1265,2,101,0,1164,0,0,0,474,2,395,0,869,California
Sierra,2021-03-02,56,1321,0,101,56,1220,0,0,38,494,18,413,38,907,California
Sierra,2021-03-03,2,1323,2,103,0,1220,0,0,1,494,1,414,1,908,California
Sierra,2021-03-04,108,1431,0,103,108,1328,0,0,57,500,51,465,57,965,California
Sierra,2021-03-05,13,1444,1,104,12,1340,0,0,11,509,2,467,11,976,California
Sierra,2021-03-07,1,1445,1,105,0,1340,0,0,0,508,1,468,0,976,California
Sierra,2021-03-08,2,1447,2,107,0,1340,0,0,2,510,0,468,2,978,California
Sierra,2021-03-09,56,1503,0,107,56,1396,0,0,11,476,45,513,11,989,California
Sierra,2021-03-10,6,1509,0,107,6,1402,0,0,4,478,2,515,4,993,California
Sierra,2021-03-11,176,1685,0,107,176,1578,0,0,44,391,131,646,44,1037,California
Sierra,2021-03-12,20,1705,1,108,19,1597,0,0,0,371,20,666,0,1037,California
Sierra,2021-03-13,28,1733,0,108,28,1625,0,0,28,399,0,666,28,1065,California
Sierra,2021-03-14,1,1734,0,108,0,1625,1,1,0,399,1,667,1,1066,California
Sierra,2021-03-15,2,1736,1,109,1,1626,0,1,0,397,2,669,0,1066,California
Sierra,2021-03-16,37,1773,0,109,36,1662,1,2,24,409,13,682,25,1091,California
Sierra,2021-03-17,4,1777,3,112,1,1663,0,2,1,407,3,685,1,1092,California
Sierra,2021-03-18,160,1937,0,112,160,1823,0,2,66,379,94,779,66,1158,California
Sierra,2021-03-19,4,1941,2,114,2,1825,0,2,1,377,3,782,1,1159,California
Sierra,2021-03-20,1,1942,0,114,1,1826,0,2,1,378,0,782,1,1160,California
Sierra,2021-03-23,24,1966,0,114,24,1850,0,2,15,384,9,791,15,1175,California
Sierra,2021-03-24,2,1968,1,115,1,1851,0,2,0,382,2,793,0,1175,California
Sierra,2021-03-25,90,2058,0,115,90,1941,0,2,46,384,44,837,46,1221,California
Sierra,2021-03-26,13,2071,1,116,12,1953,0,2,10,391,3,840,10,1231,California
Sierra,2021-03-27,2,2073,1,117,1,1954,0,2,0,389,2,842,0,1231,California
Sierra,2021-03-29,1,2074,1,118,0,1954,0,2,0,388,1,843,0,1231,California
Sierra,2021-03-30,54,2128,0,118,54,2008,0,2,21,376,33,876,21,1252,California
Sierra,2021-03-31,8,2136,0,118,8,2016,0,2,8,384,0,876,8,1260,California
Sierra,2021-04-01,60,2196,2,120,58,2074,0,2,6,336,54,930,6,1266,California
Sierra,2021-04-02,3,2199,2,122,1,2075,0,2,2,337,1,931,2,1268,California
Sierra,2021-04-05,1,2200,1,123,0,2075,0,2,0,336,1,932,0,1268,California
Sierra,2021-04-06,10,2210,0,123,10,2085,0,2,0,326,10,942,0,1268,California
Sierra,2021-04-07,13,2223,1,124,6,2091,6,8,2,324,10,952,8,1276,California
Sierra,2021-04-08,53,2276,1,125,52,2143,0,8,16,303,37,989,16,1292,California
Sierra,2021-04-09,2,2278,2,127,0,2143,0,8,1,303,1,990,1,1293,California
Sierra,2021-04-10,28,2306,1,128,27,2170,0,8,1,277,27,1017,1,1294,California
Sierra,2021-04-12,1,2307,0,128,1,2171,0,8,0,276,1,1018,0,1294,California
Sierra,2021-04-13,41,2348,0,128,41,2212,0,8,1,237,40,1058,1,1295,California
Sierra,2021-04-14,1,2349,0,128,1,2213,0,8,1,238,0,1058,1,1296,California
Siskiyou,2020-12-16,2,2,2,2,0,0,0,0,2,2,0,0,2,2,California
Siskiyou,2020-12-17,4,6,4,6,0,0,0,0,4,6,0,0,4,6,California
Siskiyou,2020-12-18,2,8,2,8,0,0,0,0,2,8,0,0,2,8,California
Siskiyou,2020-12-19,4,12,4,12,0,0,0,0,4,12,0,0,4,12,California
Siskiyou,2020-12-20,1,13,1,13,0,0,0,0,1,13,0,0,1,13,California
Siskiyou,2020-12-21,132,145,132,145,0,0,0,0,132,145,0,0,132,145,California
Siskiyou,2020-12-22,159,304,159,304,0,0,0,0,159,304,0,0,159,304,California
Siskiyou,2020-12-23,142,446,142,446,0,0,0,0,142,446,0,0,142,446,California
Siskiyou,2020-12-24,5,451,5,451,0,0,0,0,5,451,0,0,5,451,California
Siskiyou,2020-12-26,2,453,0,451,2,2,0,0,2,453,0,0,2,453,California
Siskiyou,2020-12-27,2,455,0,451,2,4,0,0,2,455,0,0,2,455,California
Siskiyou,2020-12-28,3,458,1,452,2,6,0,0,3,458,0,0,3,458,California
Siskiyou,2020-12-29,6,464,2,454,4,10,0,0,6,464,0,0,6,464,California
Siskiyou,2020-12-30,98,562,3,457,95,105,0,0,98,562,0,0,98,562,California
Siskiyou,2020-12-31,12,574,0,457,12,117,0,0,12,574,0,0,12,574,California
Siskiyou,2021-01-02,1,575,1,458,0,117,0,0,1,575,0,0,1,575,California
Siskiyou,2021-01-03,1,576,0,458,1,118,0,0,1,576,0,0,1,576,California
Siskiyou,2021-01-04,130,706,3,461,127,245,0,0,130,706,0,0,130,706,California
Siskiyou,2021-01-05,117,823,4,465,113,358,0,0,116,821,1,1,116,822,California
Siskiyou,2021-01-06,60,883,6,471,54,412,0,0,56,873,4,5,56,878,California
Siskiyou,2021-01-07,175,1058,3,474,172,584,0,0,174,1046,1,6,174,1052,California
Siskiyou,2021-01-08,41,1099,3,477,38,622,0,0,39,1083,2,8,39,1091,California
Siskiyou,2021-01-09,2,1101,2,479,0,622,0,0,0,1081,2,10,0,1091,California
Siskiyou,2021-01-11,226,1327,65,544,161,783,0,0,163,1181,63,73,163,1254,California
Siskiyou,2021-01-12,320,1647,273,817,47,830,0,0,87,1035,233,306,87,1341,California
Siskiyou,2021-01-13,157,1804,137,954,20,850,0,0,23,924,134,440,23,1364,California
Siskiyou,2021-01-14,26,1830,1,955,25,875,0,0,25,948,1,441,25,1389,California
Siskiyou,2021-01-15,35,1865,3,958,32,907,0,0,35,983,0,441,35,1424,California
Siskiyou,2021-01-16,7,1872,2,960,5,912,0,0,7,990,0,441,7,1431,California
Siskiyou,2021-01-17,1,1873,1,961,0,912,0,0,0,989,1,442,0,1431,California
Siskiyou,2021-01-18,75,1948,4,965,71,983,0,0,73,1060,2,444,73,1504,California
Siskiyou,2021-01-19,21,1969,1,966,20,1003,0,0,20,1079,1,445,20,1524,California
Siskiyou,2021-01-20,47,2016,35,1001,12,1015,0,0,43,1118,4,449,43,1567,California
Siskiyou,2021-01-21,42,2058,1,1002,41,1056,0,0,42,1160,0,449,42,1609,California
Siskiyou,2021-01-22,1331,3389,1179,2181,152,1208,0,0,1331,2491,0,449,1331,2940,California
Siskiyou,2021-01-23,5,3394,1,2182,4,1212,0,0,2,2490,3,452,2,2942,California
Siskiyou,2021-01-25,182,3576,8,2190,174,1386,0,0,178,2664,4,456,178,3120,California
Siskiyou,2021-01-26,148,3724,3,2193,145,1531,0,0,140,2796,8,464,140,3260,California
Siskiyou,2021-01-27,179,3903,0,2193,179,1710,0,0,125,2867,54,518,125,3385,California
Siskiyou,2021-01-28,232,4135,118,2311,114,1824,0,0,226,3087,6,524,226,3611,California
Siskiyou,2021-01-29,248,4383,2,2313,246,2070,0,0,246,3331,2,526,246,3857,California
Siskiyou,2021-01-30,3,4386,2,2315,1,2071,0,0,3,3334,0,526,3,3860,California
Siskiyou,2021-02-01,195,4581,3,2318,192,2263,0,0,105,3349,90,616,105,3965,California
Siskiyou,2021-02-02,288,4869,44,2362,244,2507,0,0,147,3355,141,757,147,4112,California
Siskiyou,2021-02-03,313,5182,1,2363,312,2819,0,0,264,3570,49,806,264,4376,California
Siskiyou,2021-02-04,318,5500,7,2370,311,3130,0,0,199,3650,119,925,199,4575,California
Siskiyou,2021-02-05,511,6011,4,2374,507,3637,0,0,346,3831,165,1090,346,4921,California
Siskiyou,2021-02-06,15,6026,0,2374,15,3652,0,0,15,3846,0,1090,15,4936,California
Siskiyou,2021-02-07,3,6029,2,2376,1,3653,0,0,3,3849,0,1090,3,4939,California
Siskiyou,2021-02-08,221,6250,5,2381,216,3869,0,0,216,4060,5,1095,216,5155,California
Siskiyou,2021-02-09,194,6444,3,2384,191,4060,0,0,161,4188,33,1128,161,5316,California
Siskiyou,2021-02-10,370,6814,40,2424,330,4390,0,0,316,4451,53,1181,316,5632,California
Siskiyou,2021-02-11,191,7005,1,2425,190,4580,0,0,175,4610,16,1197,175,5807,California
Siskiyou,2021-02-12,1693,8698,1201,3626,492,5072,0,0,500,3917,1193,2390,500,6307,California
Siskiyou,2021-02-13,36,8734,2,3628,34,5106,0,0,32,3945,4,2394,32,6339,California
Siskiyou,2021-02-14,5,8739,1,3629,4,5110,0,0,5,3950,0,2394,5,6344,California
Siskiyou,2021-02-15,108,8847,10,3639,98,5208,0,0,106,4054,2,2396,106,6450,California
Siskiyou,2021-02-16,114,8961,2,3641,112,5320,0,0,99,4138,15,2411,99,6549,California
Siskiyou,2021-02-17,184,9145,15,3656,169,5489,0,0,170,4294,14,2425,170,6719,California
Siskiyou,2021-02-18,221,9366,89,3745,132,5621,0,0,98,4269,123,2548,98,6817,California
Siskiyou,2021-02-19,70,9436,33,3778,37,5658,0,0,34,4267,36,2584,34,6851,California
Siskiyou,2021-02-20,21,9457,3,3781,18,5676,0,0,17,4280,4,2588,17,6868,California
Siskiyou,2021-02-21,2,9459,2,3783,0,5676,0,0,2,4282,0,2588,2,6870,California
Siskiyou,2021-02-22,124,9583,1,3784,123,5799,0,0,18,4194,106,2694,18,6888,California
Siskiyou,2021-02-23,195,9778,15,3799,180,5979,0,0,51,4101,144,2838,51,6939,California
Siskiyou,2021-02-24,147,9925,4,3803,143,6122,0,0,35,4024,112,2950,35,6974,California
Siskiyou,2021-02-25,300,10225,24,3827,276,6398,0,0,154,4032,146,3096,154,7128,California
Siskiyou,2021-02-26,667,10892,9,3836,658,7056,0,0,365,4095,302,3398,365,7493,California
Siskiyou,2021-02-27,32,10924,5,3841,27,7083,0,0,27,4117,5,3403,27,7520,California
Siskiyou,2021-02-28,4,10928,4,3845,0,7083,0,0,3,4119,1,3404,3,7523,California
Siskiyou,2021-03-01,279,11207,5,3850,274,7357,0,0,49,3938,230,3634,49,7572,California
Siskiyou,2021-03-02,190,11397,1,3851,189,7546,0,0,71,3890,119,3753,71,7643,California
Siskiyou,2021-03-03,343,11740,7,3858,336,7882,0,0,153,3853,190,3943,153,7796,California
Siskiyou,2021-03-04,771,12511,600,4458,171,8053,0,0,620,4322,151,4094,620,8416,California
Siskiyou,2021-03-05,321,12832,6,4464,304,8357,11,11,102,4219,216,4310,113,8529,California
Siskiyou,2021-03-06,36,12868,2,4466,27,8384,7,18,26,4242,10,4320,33,8562,California
Siskiyou,2021-03-07,12,12880,4,4470,0,8384,8,26,3,4244,9,4329,11,8573,California
Siskiyou,2021-03-08,359,13239,31,4501,293,8677,35,61,57,4034,302,4631,92,8665,California
Siskiyou,2021-03-09,161,13400,0,4501,108,8785,53,114,56,4038,105,4736,109,8774,California
Siskiyou,2021-03-10,221,13621,7,4508,183,8968,31,145,32,3911,189,4925,62,8836,California
Siskiyou,2021-03-11,468,14089,202,4710,219,9187,47,192,269,4029,198,5123,316,9152,California
Siskiyou,2021-03-12,627,14716,127,4837,461,9648,39,231,178,3799,447,5570,217,9369,California
Siskiyou,2021-03-13,423,15139,379,5216,21,9669,23,254,380,4159,43,5613,403,9772,California
Siskiyou,2021-03-14,23,15162,2,5218,5,9674,16,270,3,4158,20,5633,19,9791,California
Siskiyou,2021-03-15,454,15616,257,5475,177,9851,20,290,321,4366,133,5766,341,10132,California
Siskiyou,2021-03-16,261,15877,37,5512,206,10057,18,308,145,4414,115,5881,163,10295,California
Siskiyou,2021-03-17,197,16074,6,5518,183,10240,8,316,30,4285,167,6048,38,10333,California
Siskiyou,2021-03-18,926,17000,789,6307,125,10365,12,328,810,4991,116,6164,822,11155,California
Siskiyou,2021-03-19,66,17066,9,6316,44,10409,13,341,20,4978,46,6210,33,11188,California
Siskiyou,2021-03-20,30,17096,7,6323,18,10427,5,346,6,4965,24,6234,11,11199,California
Siskiyou,2021-03-21,9,17105,3,6326,1,10428,5,351,3,4967,6,6240,8,11207,California
Siskiyou,2021-03-22,205,17310,19,6345,164,10592,22,373,142,5071,60,6300,164,11371,California
Siskiyou,2021-03-23,190,17500,19,6364,161,10753,10,383,136,5163,54,6354,146,11517,California
Siskiyou,2021-03-24,144,17644,51,6415,93,10846,0,383,119,5257,25,6379,119,11636,California
Siskiyou,2021-03-25,542,18186,292,6707,247,11093,3,386,372,5462,170,6549,375,12011,California
Siskiyou,2021-03-26,294,18480,27,6734,267,11360,0,386,95,5360,197,6746,95,12106,California
Siskiyou,2021-03-27,37,18517,4,6738,28,11388,5,391,9,5346,28,6774,14,12120,California
Siskiyou,2021-03-28,6,18523,6,6744,0,11388,0,391,4,5348,2,6776,4,12124,California
Siskiyou,2021-03-29,105,18628,11,6755,92,11480,2,393,47,5348,49,6825,49,12173,California
Siskiyou,2021-03-30,99,18727,3,6758,95,11575,1,394,38,5326,61,6886,39,12212,California
Siskiyou,2021-03-31,188,18915,22,6780,164,11739,2,396,50,5242,137,7023,53,12265,California
Siskiyou,2021-04-01,817,19732,670,7450,147,11886,0,396,209,4843,608,7631,209,12474,California
Siskiyou,2021-04-02,343,20075,196,7646,143,12029,4,400,64,4634,277,7908,68,12542,California
Siskiyou,2021-04-03,25,20100,4,7650,14,12043,7,407,5,4626,20,7928,12,12554,California
Siskiyou,2021-04-04,2,20102,2,7652,0,12043,0,407,1,4626,1,7929,1,12555,California
Siskiyou,2021-04-05,437,20539,332,7984,79,12122,26,433,26,4268,410,8339,52,12607,California
Siskiyou,2021-04-06,206,20745,36,8020,127,12249,43,476,121,4347,85,8424,164,12771,California
Siskiyou,2021-04-07,106,20851,11,8031,60,12309,35,511,65,4406,41,8465,100,12871,California
Siskiyou,2021-04-08,313,21164,184,8215,86,12395,43,554,52,4240,261,8726,95,12966,California
Siskiyou,2021-04-09,521,21685,370,8585,120,12515,31,585,75,3903,443,9169,106,13072,California
Siskiyou,2021-04-10,41,21726,4,8589,1,12516,36,621,3,3904,38,9207,39,13111,California
Siskiyou,2021-04-11,5,21731,3,8592,0,12516,2,623,1,3903,4,9211,3,13114,California
Siskiyou,2021-04-12,113,21844,16,8608,97,12613,0,623,45,3880,68,9279,45,13159,California
Siskiyou,2021-04-13,192,22036,35,8643,157,12770,0,623,77,3843,114,9393,77,13236,California
Siskiyou,2021-04-14,112,22148,54,8697,58,12828,0,623,62,3856,49,9442,62,13298,California
Solano,2020-12-15,4,4,4,4,0,0,0,0,4,4,0,0,4,4,California
Solano,2020-12-16,71,75,71,75,0,0,0,0,71,75,0,0,71,75,California
Solano,2020-12-17,151,226,151,226,0,0,0,0,151,226,0,0,151,226,California
Solano,2020-12-18,448,674,447,673,1,1,0,0,448,674,0,0,448,674,California
Solano,2020-12-19,516,1190,516,1189,0,1,0,0,516,1190,0,0,516,1190,California
Solano,2020-12-20,353,1543,352,1541,1,2,0,0,353,1543,0,0,353,1543,California
Solano,2020-12-21,572,2115,570,2111,2,4,0,0,572,2115,0,0,572,2115,California
Solano,2020-12-22,662,2777,629,2740,33,37,0,0,662,2777,0,0,662,2777,California
Solano,2020-12-23,856,3633,771,3511,85,122,0,0,855,3632,0,0,855,3632,California
Solano,2020-12-24,420,4053,169,3680,251,373,0,0,420,4052,0,0,420,4052,California
Solano,2020-12-25,10,4063,2,3682,8,381,0,0,10,4062,0,0,10,4062,California
Solano,2020-12-26,175,4238,48,3730,127,508,0,0,175,4237,0,0,175,4237,California
Solano,2020-12-27,104,4342,29,3759,75,583,0,0,104,4341,0,0,104,4341,California
Solano,2020-12-28,861,5203,421,4180,440,1023,0,0,861,5202,0,0,861,5202,California
Solano,2020-12-29,889,6092,374,4554,515,1538,0,0,889,6091,0,0,889,6091,California
Solano,2020-12-30,1208,7300,598,5152,610,2148,0,0,1208,7299,0,0,1208,7299,California
Solano,2020-12-31,533,7833,135,5287,398,2546,0,0,533,7832,0,0,533,7832,California
Solano,2021-01-01,13,7846,12,5299,1,2547,0,0,13,7845,0,0,13,7845,California
Solano,2021-01-02,212,8058,164,5463,48,2595,0,0,212,8057,0,0,212,8057,California
Solano,2021-01-03,57,8115,40,5503,17,2612,0,0,52,8109,0,0,52,8109,California
Solano,2021-01-04,451,8566,246,5749,205,2817,0,0,441,8547,3,3,441,8550,California
Solano,2021-01-05,693,9259,376,6125,317,3134,0,0,539,8937,149,152,539,9089,California
Solano,2021-01-06,822,10081,436,6561,386,3520,0,0,560,9237,260,412,560,9649,California
Solano,2021-01-07,1048,11129,697,7258,351,3871,0,0,591,9374,455,867,592,10241,California
Solano,2021-01-08,1116,12245,774,8032,342,4213,0,0,523,9324,575,1442,525,10766,California
Solano,2021-01-09,885,13130,763,8795,122,4335,0,0,428,9298,454,1896,428,11194,California
Solano,2021-01-10,253,13383,193,8988,60,4395,0,0,152,9349,101,1997,152,11346,California
Solano,2021-01-11,1322,14705,1109,10097,213,4608,0,0,807,9641,515,2512,807,12153,California
Solano,2021-01-12,1556,16261,1160,11257,396,5004,0,0,1009,10105,546,3058,1010,13163,California
Solano,2021-01-13,1429,17690,1000,12257,429,5433,0,0,1169,11016,258,3316,1169,14332,California
Solano,2021-01-14,1849,19539,795,13052,1054,6487,0,0,1536,12239,313,3629,1536,15868,California
Solano,2021-01-15,1685,21224,1057,14109,628,7115,0,0,1387,13328,298,3927,1387,17255,California
Solano,2021-01-16,1290,22514,905,15014,385,7500,0,0,1115,14268,175,4102,1115,18370,California
Solano,2021-01-17,1041,23555,760,15774,281,7781,0,0,1024,15275,17,4119,1024,19394,California
Solano,2021-01-18,1405,24960,856,16630,549,8330,0,0,1287,16447,118,4237,1290,20684,California
Solano,2021-01-19,1641,26601,1337,17967,304,8634,0,0,1370,17547,270,4507,1370,22054,California
Solano,2021-01-20,2027,28628,1420,19387,607,9241,0,0,1545,18613,479,4986,1545,23599,California
Solano,2021-01-21,3105,31733,1000,20387,2105,11346,0,0,2762,21033,343,5329,2763,26362,California
Solano,2021-01-22,1749,33482,842,21229,907,12253,0,0,1559,22402,190,5519,1559,27921,California
Solano,2021-01-23,730,34212,237,21466,493,12746,0,0,527,22726,204,5723,528,28449,California
Solano,2021-01-24,379,34591,60,21526,319,13065,0,0,313,22973,66,5789,313,28762,California
Solano,2021-01-25,1616,36207,620,22146,996,14061,0,0,1069,23496,547,6336,1070,29832,California
Solano,2021-01-26,1675,37882,737,22883,938,14999,0,0,1046,23916,628,6964,1048,30880,California
Solano,2021-01-27,1767,39649,727,23610,1040,16039,0,0,1178,24518,576,7540,1178,32058,California
Solano,2021-01-28,1843,41492,716,24326,1127,17166,0,0,1239,25155,603,8143,1240,33298,California
Solano,2021-01-29,1646,43138,781,25107,865,18031,0,0,1294,26099,350,8493,1294,34592,California
Solano,2021-01-30,712,43850,222,25329,490,18521,0,0,551,26489,161,8654,551,35143,California
Solano,2021-01-31,485,44335,393,25722,92,18613,0,0,230,26465,255,8909,231,35374,California
Solano,2021-02-01,1477,45812,978,26700,499,19112,0,0,739,26467,737,9646,739,36113,California
Solano,2021-02-02,3294,49106,1103,27803,2191,21303,0,0,2503,28183,787,10433,2503,38616,California
Solano,2021-02-03,2223,51329,1300,29103,923,22226,0,0,1149,28262,1070,11503,1149,39765,California
Solano,2021-02-04,1755,53084,905,30008,850,23076,0,0,1044,28600,706,12209,1044,40809,California
Solano,2021-02-05,3048,56132,1407,31415,1641,24717,0,0,2057,29675,982,13191,2057,42866,California
Solano,2021-02-06,3024,59156,1169,32584,1855,26572,0,0,2212,31079,809,14000,2213,45079,California
Solano,2021-02-07,849,60005,786,33370,63,26635,0,0,231,30692,618,14618,231,45310,California
Solano,2021-02-08,1706,61711,1232,34602,474,27109,0,0,676,30340,1028,15646,676,45986,California
Solano,2021-02-09,1894,63605,1469,36071,425,27534,0,0,674,29796,1219,16865,675,46661,California
Solano,2021-02-10,2250,65855,1498,37569,752,28286,0,0,827,29200,1423,18288,827,47488,California
Solano,2021-02-11,2390,68245,1439,39008,951,29237,0,0,1121,29062,1259,19547,1121,48609,California
Solano,2021-02-12,4088,72333,1594,40602,2494,31731,0,0,2779,30539,1302,20849,2779,51388,California
Solano,2021-02-13,2814,75147,241,40843,2573,34304,0,0,2432,32592,379,21228,2432,53820,California
Solano,2021-02-14,688,75835,201,41044,487,34791,0,0,412,32730,274,21502,412,54232,California
Solano,2021-02-15,1291,77126,322,41366,969,35760,0,0,670,32781,619,22121,670,54902,California
Solano,2021-02-16,2388,79514,1226,42592,1162,36922,0,0,1623,33640,764,22885,1623,56525,California
Solano,2021-02-17,2697,82211,1218,43810,1479,38401,0,0,1908,34763,786,23671,1909,58434,California
Solano,2021-02-18,2572,84783,697,44507,1875,40276,0,0,807,33813,1758,25429,808,59242,California
Solano,2021-02-19,2206,86989,1263,45770,943,41219,0,0,1125,33863,1077,26506,1127,60369,California
Solano,2021-02-20,2543,89532,381,46151,2162,43381,0,0,2075,35469,469,26975,2075,62444,California
Solano,2021-02-21,2142,91674,1860,48011,282,43663,0,0,1857,37044,282,27257,1857,64301,California
Solano,2021-02-22,1577,93251,912,48923,665,44328,0,0,816,37102,759,28016,817,65118,California
Solano,2021-02-23,2515,95766,998,49921,1517,45845,0,0,1648,37888,864,28880,1650,66768,California
Solano,2021-02-24,2327,98093,1131,51052,1196,47041,0,0,1299,38161,1026,29906,1299,68067,California
Solano,2021-02-25,2284,100377,1346,52398,938,47979,0,0,1258,38399,1020,30926,1258,69325,California
Solano,2021-02-26,2628,103005,1523,53921,1105,49084,0,0,1377,38530,1246,32172,1377,70702,California
Solano,2021-02-27,3636,106641,1371,55292,2265,51349,0,0,2947,40794,683,32855,2947,73649,California
Solano,2021-02-28,1353,107994,1038,56330,315,51664,0,0,1081,41606,269,33124,1081,74730,California
Solano,2021-03-01,2210,110204,1058,57388,1152,52816,0,0,1604,42609,601,33725,1604,76334,California
Solano,2021-03-02,1941,112145,1228,58616,713,53529,0,0,1204,43076,737,34462,1204,77538,California
Solano,2021-03-03,2093,114238,1181,59797,912,54441,0,0,1291,43573,794,35256,1291,78829,California
Solano,2021-03-04,4201,118439,3277,63074,922,55363,2,2,3118,45618,1078,36334,3123,81952,California
Solano,2021-03-05,4683,123122,1602,64676,3078,58441,3,5,3776,48500,897,37231,3779,85731,California
Solano,2021-03-06,3743,126865,822,65498,2882,61323,39,44,2577,49959,1157,38388,2616,88347,California
Solano,2021-03-07,3472,130337,736,66234,2726,64049,10,54,1921,50350,1541,39929,1932,90279,California
Solano,2021-03-08,1591,131928,812,67046,507,64556,272,326,1086,51205,502,40431,1357,91636,California
Solano,2021-03-09,2898,134826,1333,68379,1513,66069,52,378,2074,52504,824,41255,2123,93759,California
Solano,2021-03-10,2200,137026,1553,69932,562,66631,85,463,1106,52603,1091,42346,1190,94949,California
Solano,2021-03-11,5600,142626,1401,71333,3944,70575,255,718,4614,56487,985,43331,4869,99818,California
Solano,2021-03-12,5724,148350,1383,72716,4176,74751,165,883,3003,56937,2717,46048,3167,102985,California
Solano,2021-03-13,4547,152897,799,73515,3666,78417,82,965,2227,56936,2314,48362,2313,105298,California
Solano,2021-03-14,3988,156885,3110,76625,425,78842,453,1418,1659,56720,2325,50687,2109,107407,California
Solano,2021-03-15,3760,160645,2236,78861,1208,80050,316,1734,2405,58092,1349,52036,2721,110128,California
Solano,2021-03-16,2853,163498,1135,79996,1483,81533,235,1969,1427,58332,1421,53457,1661,111789,California
Solano,2021-03-17,5941,169439,1477,81473,4374,85907,90,2059,4594,61673,1343,54800,4684,116473,California
Solano,2021-03-18,5001,174440,1677,83150,3287,89194,37,2096,3694,64106,1298,56098,3731,120204,California
Solano,2021-03-19,2765,177205,1869,85019,823,90017,73,2169,1519,64458,1241,57339,1593,121797,California
Solano,2021-03-20,5452,182657,1668,86687,3731,93748,53,2222,2796,64661,2646,59985,2849,124646,California
Solano,2021-03-21,1663,184320,1569,88256,70,93818,24,2246,851,64723,811,60796,873,125519,California
Solano,2021-03-22,2389,186709,1776,90032,564,94382,49,2295,1434,65254,949,61745,1480,126999,California
Solano,2021-03-23,3322,190031,1496,91528,1784,96166,42,2337,1515,65008,1803,63548,1557,128556,California
Solano,2021-03-24,2656,192687,1636,93164,986,97152,34,2371,1266,64924,1384,64932,1300,129856,California
Solano,2021-03-25,4537,197224,3668,96832,833,97985,36,2407,2022,64473,2510,67442,2059,131915,California
Solano,2021-03-26,2794,200018,1692,98524,1065,99050,37,2444,1509,64742,1277,68719,1546,133461,California
Solano,2021-03-27,4172,204190,1152,99676,2984,102034,36,2480,1797,64206,2369,71088,1833,135294,California
Solano,2021-03-28,1350,205540,1103,100779,229,102263,18,2498,554,63988,791,71879,573,135867,California
Solano,2021-03-29,2764,208304,1491,102270,1257,103520,16,2514,1547,64339,1212,73091,1563,137430,California
Solano,2021-03-30,2775,211079,1824,104094,865,104385,86,2600,1739,65130,1034,74125,1825,139255,California
Solano,2021-03-31,2917,213996,1921,106015,839,105224,157,2757,1708,65787,1206,75331,1863,141118,California
Solano,2021-04-01,5073,219069,1677,107692,3249,108473,147,2904,3410,67695,1649,76980,3557,144675,California
Solano,2021-04-02,5712,224781,1674,109366,3877,112350,161,3065,2476,67110,3222,80202,2637,147312,California
Solano,2021-04-03,1510,226291,959,110325,399,112749,152,3217,568,66890,940,81142,720,148032,California
Solano,2021-04-04,773,227064,286,110611,187,112936,300,3517,237,66895,532,81674,537,148569,California
Solano,2021-04-05,2818,229882,1889,112500,731,113667,198,3715,1412,67099,1405,83079,1609,150178,California
Solano,2021-04-06,5280,235162,1395,113895,3398,117065,487,4202,1551,65411,3725,86804,2037,152215,California
Solano,2021-04-07,5019,240181,3690,117585,928,117993,401,4603,2884,66570,2129,88933,3288,155503,California
Solano,2021-04-08,5407,245588,1538,119123,3000,120993,869,5472,1563,65169,3828,92761,2427,157930,California
Solano,2021-04-09,4663,250251,1411,120534,2570,123563,682,6154,1273,63745,3378,96139,1954,159884,California
Solano,2021-04-10,1520,251771,826,121360,380,123943,314,6468,693,63926,825,96964,1006,160890,California
Solano,2021-04-11,1169,252940,742,122102,298,124241,129,6597,600,64089,565,97529,728,161618,California
Solano,2021-04-12,2649,255589,1449,123551,951,125192,249,6846,1280,64253,1365,98894,1529,163147,California
Solano,2021-04-13,2121,257710,965,124516,1155,126347,1,6847,1181,64500,935,99829,1182,164329,California
Solano,2021-04-14,3524,261234,1195,125711,2329,128676,0,6847,1149,63280,2369,102198,1149,165478,California
Sonoma,2020-12-15,4,4,4,4,0,0,0,0,4,4,0,0,4,4,California
Sonoma,2020-12-16,27,31,27,31,0,0,0,0,27,31,0,0,27,31,California
Sonoma,2020-12-17,102,133,102,133,0,0,0,0,102,133,0,0,102,133,California
Sonoma,2020-12-18,421,554,421,554,0,0,0,0,421,554,0,0,421,554,California
Sonoma,2020-12-19,111,665,110,664,1,1,0,0,111,665,0,0,111,665,California
Sonoma,2020-12-20,174,839,174,838,0,1,0,0,174,839,0,0,174,839,California
Sonoma,2020-12-21,911,1750,909,1747,2,3,0,0,910,1749,0,0,910,1749,California
Sonoma,2020-12-22,1357,3107,1265,3012,92,95,0,0,1357,3106,0,0,1357,3106,California
Sonoma,2020-12-23,1602,4709,1228,4240,374,469,0,0,1603,4709,0,0,1603,4709,California
Sonoma,2020-12-24,305,5014,101,4341,204,673,0,0,305,5014,0,0,305,5014,California
Sonoma,2020-12-25,8,5022,2,4343,6,679,0,0,8,5022,0,0,8,5022,California
Sonoma,2020-12-26,266,5288,255,4598,11,690,0,0,266,5288,0,0,266,5288,California
Sonoma,2020-12-27,93,5381,80,4678,13,703,0,0,93,5381,0,0,93,5381,California
Sonoma,2020-12-28,991,6372,554,5232,437,1140,0,0,963,6344,0,0,963,6344,California
Sonoma,2020-12-29,1129,7501,776,6008,353,1493,0,0,1095,7439,0,0,1095,7439,California
Sonoma,2020-12-30,1092,8593,478,6486,614,2107,0,0,1084,8523,0,0,1084,8523,California
Sonoma,2020-12-31,517,9110,71,6557,446,2553,0,0,518,9041,0,0,518,9041,California
Sonoma,2021-01-01,10,9120,5,6562,5,2558,0,0,10,9051,0,0,10,9051,California
Sonoma,2021-01-02,132,9252,126,6688,6,2564,0,0,132,9183,0,0,132,9183,California
Sonoma,2021-01-03,25,9277,11,6699,14,2578,0,0,25,9208,0,0,25,9208,California
Sonoma,2021-01-04,341,9618,105,6804,236,2814,0,0,340,9548,0,0,340,9548,California
Sonoma,2021-01-05,440,10058,103,6907,337,3151,0,0,416,9949,15,15,416,9964,California
Sonoma,2021-01-06,946,11004,431,7338,515,3666,0,0,833,10677,105,120,833,10797,California
Sonoma,2021-01-07,1024,12028,532,7870,492,4158,0,0,854,11362,169,289,854,11651,California
Sonoma,2021-01-08,1783,13811,1227,9097,556,4714,0,0,1313,12207,468,757,1313,12964,California
Sonoma,2021-01-09,637,14448,401,9498,236,4950,0,0,589,12748,48,805,589,13553,California
Sonoma,2021-01-10,473,14921,462,9960,11,4961,0,0,280,12835,193,998,280,13833,California
Sonoma,2021-01-11,1382,16303,1236,11196,146,5107,0,0,413,12283,965,1963,413,14246,California
Sonoma,2021-01-12,1546,17849,1293,12489,253,5360,0,0,395,11529,1149,3112,395,14641,California
Sonoma,2021-01-13,2066,19915,1424,13913,642,6002,0,0,1203,11872,860,3972,1203,15844,California
Sonoma,2021-01-14,1530,21445,808,14721,722,6724,0,0,1300,12942,230,4202,1300,17144,California
Sonoma,2021-01-15,1562,23007,634,15355,928,7652,0,0,1342,14074,211,4413,1343,18487,California
Sonoma,2021-01-16,1142,24149,613,15968,529,8181,0,0,897,14730,241,4654,897,19384,California
Sonoma,2021-01-17,667,24816,548,16516,119,8300,0,0,586,15235,81,4735,586,19970,California
Sonoma,2021-01-18,1105,25921,932,17448,173,8473,0,0,614,15359,491,5226,615,20585,California
Sonoma,2021-01-19,2094,28015,1006,18454,1088,9561,0,0,1384,16036,708,5934,1385,21970,California
Sonoma,2021-01-20,2073,30088,623,19077,1450,11011,0,0,1415,16803,649,6583,1416,23386,California
Sonoma,2021-01-21,2227,32315,618,19695,1609,12620,0,0,2008,18595,217,6800,2009,25395,California
Sonoma,2021-01-22,2725,35040,1033,20728,1692,14312,0,0,2577,21025,147,6947,2577,27972,California
Sonoma,2021-01-23,765,35805,593,21321,172,14484,0,0,658,21577,106,7053,658,28630,California
Sonoma,2021-01-24,829,36634,695,22016,134,14618,0,0,814,22376,15,7068,814,29444,California
Sonoma,2021-01-25,2170,38804,519,22535,1651,16269,0,0,1682,23570,488,7556,1682,31126,California
Sonoma,2021-01-26,2004,40808,295,22830,1709,17978,0,0,1548,24663,455,8011,1548,32674,California
Sonoma,2021-01-27,3691,44499,1273,24103,2418,20396,0,0,3119,27215,570,8581,3122,35796,California
Sonoma,2021-01-28,4093,48592,1825,25928,2268,22664,0,0,3428,29982,662,9243,3429,39225,California
Sonoma,2021-01-29,2957,51549,1404,27332,1553,24217,0,0,2128,31284,827,10070,2129,41354,California
Sonoma,2021-01-30,2572,54121,2385,29717,187,24404,0,0,2238,33189,334,10404,2239,43593,California
Sonoma,2021-01-31,775,54896,663,30380,112,24516,0,0,577,33569,197,10601,577,44170,California
Sonoma,2021-02-01,2500,57396,881,31261,1619,26135,0,0,2094,35259,404,11005,2094,46264,California
Sonoma,2021-02-02,3442,60838,1363,32624,2079,28214,0,0,2876,37571,564,11569,2876,49140,California
Sonoma,2021-02-03,4023,64861,1319,33943,2704,30918,0,0,3100,39750,921,12490,3100,52240,California
Sonoma,2021-02-04,4183,69044,1703,35646,2480,33398,0,0,3408,42385,773,13263,3408,55648,California
Sonoma,2021-02-05,4794,73838,1732,37378,3062,36460,0,0,3782,45160,1008,14271,3783,59431,California
Sonoma,2021-02-06,2649,76487,2291,39669,358,36818,0,0,2092,46697,556,14827,2093,61524,California
Sonoma,2021-02-07,1525,78012,1391,41060,134,36952,0,0,1277,47726,248,15075,1277,62801,California
Sonoma,2021-02-08,3248,81260,1030,42090,2218,39170,0,0,2668,49815,579,15654,2668,65469,California
Sonoma,2021-02-09,3547,84807,1694,43784,1853,41023,0,0,3069,52408,476,16130,3069,68538,California
Sonoma,2021-02-10,4400,89207,2357,46141,2043,43066,0,0,3368,54751,1026,17156,3369,71907,California
Sonoma,2021-02-11,5328,94535,2786,48927,2542,45608,0,0,4157,57739,1169,18325,4157,76064,California
Sonoma,2021-02-12,5628,100163,2971,51898,2657,48265,0,0,4215,60547,1409,19734,4217,80281,California
Sonoma,2021-02-13,1983,102146,1152,53050,831,49096,0,0,1206,60980,774,20508,1207,81488,California
Sonoma,2021-02-14,2303,104449,1807,54857,496,49592,0,0,1582,61842,720,21228,1582,83070,California
Sonoma,2021-02-15,2133,106582,786,55643,1347,50939,0,0,1606,62922,526,21754,1606,84676,California
Sonoma,2021-02-16,4609,111191,2047,57690,2562,53501,0,0,3361,65039,1244,22998,3361,88037,California
Sonoma,2021-02-17,5315,116506,2882,60572,2433,55934,0,0,3330,66395,1975,24973,3331,91368,California
Sonoma,2021-02-18,6759,123265,2986,63558,3773,59707,0,0,3872,67389,2879,27852,3873,95241,California
Sonoma,2021-02-19,5353,128618,1650,65208,3703,63410,0,0,3265,68572,2083,29935,3266,98507,California
Sonoma,2021-02-20,3098,131716,2820,68028,278,63688,0,0,1219,67918,1873,31808,1219,99726,California
Sonoma,2021-02-21,515,132231,411,68439,104,63792,0,0,129,67664,383,32191,129,99855,California
Sonoma,2021-02-22,2707,134938,1349,69788,1358,65150,0,0,1038,67038,1664,33855,1038,100893,California
Sonoma,2021-02-23,3075,138013,2049,71837,1026,66176,0,0,1347,66662,1724,35579,1348,102241,California
Sonoma,2021-02-24,5452,143465,2534,74371,2918,69094,0,0,2735,66687,2712,38291,2737,104978,California
Sonoma,2021-02-25,5640,149105,2223,76594,3417,72511,0,0,2970,67008,2649,40940,2970,107948,California
Sonoma,2021-02-26,6000,155105,2732,79326,3268,75779,0,0,3730,68473,2265,43205,3730,111678,California
Sonoma,2021-02-27,3997,159102,1901,81227,2096,77875,0,0,2666,69810,1329,44534,2666,114344,California
Sonoma,2021-02-28,2324,161426,1841,83068,483,78358,0,0,611,68714,1707,46241,611,114955,California
Sonoma,2021-03-01,3654,165080,1121,84189,2533,80891,0,0,1810,68689,1836,48077,1811,116766,California
Sonoma,2021-03-02,4201,169281,1452,85641,2749,83640,0,0,2477,69450,1716,49793,2477,119243,California
Sonoma,2021-03-03,4769,174050,2498,88139,2271,85911,0,0,2189,69066,2573,52366,2189,121432,California
Sonoma,2021-03-04,5671,179721,2433,90572,3238,89149,0,0,2560,68529,3097,55463,2560,123992,California
Sonoma,2021-03-05,6144,185865,2547,93119,3582,92731,15,15,2704,67821,3428,58891,2720,126712,California
Sonoma,2021-03-06,2748,188613,1203,94322,1411,94142,134,149,1891,68993,852,59743,2024,128736,California
Sonoma,2021-03-07,1671,190284,1387,95709,250,94392,34,183,354,68066,1315,61058,388,129124,California
Sonoma,2021-03-08,3881,194165,651,96360,3054,97446,176,359,2218,68805,1653,62711,2392,131516,California
Sonoma,2021-03-09,5398,199563,2996,99356,2162,99608,240,599,2656,68965,2736,65447,2896,134412,California
Sonoma,2021-03-10,5927,205490,3163,102519,2440,102048,324,923,2395,68165,3518,68965,2718,137130,California
Sonoma,2021-03-11,7456,212946,2969,105488,3678,105726,809,1732,2631,66788,4817,73782,3440,140570,California
Sonoma,2021-03-12,7340,220286,2249,107737,3741,109467,1350,3082,2093,64998,5229,79011,3439,144009,California
Sonoma,2021-03-13,3207,223493,1540,109277,1436,110903,231,3313,1839,65699,1367,80378,2068,146077,California
Sonoma,2021-03-14,1372,224865,382,109659,849,111752,141,3454,845,66160,524,80902,985,147062,California
Sonoma,2021-03-15,5207,230072,1486,111145,3336,115088,385,3839,2192,65729,3007,83909,2576,149638,California
Sonoma,2021-03-16,6246,236318,2218,113363,3796,118884,232,4071,3159,66036,3082,86991,3389,153027,California
Sonoma,2021-03-17,6726,243044,3515,116878,3032,121916,179,4250,3541,66581,3176,90167,3721,156748,California
Sonoma,2021-03-18,7062,250106,2917,119795,3535,125451,610,4860,3154,66440,3902,94069,3761,160509,California
Sonoma,2021-03-19,7443,257549,3211,123006,4001,129452,231,5091,3305,65860,4120,98189,3540,164049,California
Sonoma,2021-03-20,3624,261173,1740,124746,1054,130506,830,5921,1968,67009,1649,99838,2798,166847,California
Sonoma,2021-03-21,1372,262545,603,125349,736,131242,33,5954,1207,68087,162,100000,1240,168087,California
Sonoma,2021-03-22,4478,267023,3082,128431,1296,132538,100,6054,3537,70787,938,100938,3638,171725,California
Sonoma,2021-03-23,5764,272787,3583,132014,2106,134644,75,6129,4644,74396,1111,102049,4720,176445,California
Sonoma,2021-03-24,6576,279363,4260,136274,2251,136895,65,6194,4154,76208,2406,104455,4218,180663,California
Sonoma,2021-03-25,6878,286241,4133,140407,2642,139537,103,6297,4272,77999,2584,107039,4375,185038,California
Sonoma,2021-03-26,7224,293465,3425,143832,3712,143249,87,6384,3989,78855,3221,110260,4077,189115,California
Sonoma,2021-03-27,3773,297238,1491,145323,1920,145169,362,6746,1123,77694,2645,112905,1484,190599,California
Sonoma,2021-03-28,1498,298736,943,146266,528,145697,27,6773,944,78112,553,113458,971,191570,California
Sonoma,2021-03-29,2823,301559,1085,147351,1705,147402,33,6806,1616,78561,1200,114658,1649,193219,California
Sonoma,2021-03-30,5630,307189,3112,150463,2457,149859,61,6867,3042,79084,2581,117239,3104,196323,California
Sonoma,2021-03-31,5482,312671,3328,153791,1941,151800,213,7080,3311,80447,2161,119400,3524,199847,California
Sonoma,2021-04-01,6665,319336,3965,157756,2367,154167,333,7413,3588,81300,3064,122464,3917,203764,California
Sonoma,2021-04-02,5894,325230,3536,161292,2250,156417,108,7521,3563,82645,2327,124791,3672,207436,California
Sonoma,2021-04-03,3359,328589,1643,162935,1497,157914,219,7740,1481,82478,1867,126658,1700,209136,California
Sonoma,2021-04-04,1051,329640,681,163616,280,158194,90,7830,665,82849,384,127042,755,209891,California
Sonoma,2021-04-05,4334,333974,577,164193,3429,161623,328,8158,1790,82429,2538,129580,2118,212009,California
Sonoma,2021-04-06,6748,340722,3437,167630,2917,164540,394,8552,3932,83950,2804,132384,4325,216334,California
Sonoma,2021-04-07,6714,347436,3810,171440,2084,166624,820,9372,3261,84582,3445,135829,4077,220411,California
Sonoma,2021-04-08,7377,354813,4081,175521,2531,169155,765,10137,4001,85980,3366,139195,4764,225175,California
Sonoma,2021-04-09,6233,361046,3435,178956,1992,171147,806,10943,3191,86941,3030,142225,3991,229166,California
Sonoma,2021-04-10,3397,364443,1593,180549,1241,172388,563,11506,1056,86219,2336,144561,1614,230780,California
Sonoma,2021-04-11,1259,365702,595,181144,589,172977,75,11581,431,85898,827,145388,506,231286,California
Sonoma,2021-04-12,4368,370070,1656,182800,2251,175228,461,12042,1482,84953,2881,148269,1936,233222,California
Sonoma,2021-04-13,6239,376309,3762,186562,2474,177702,3,12045,1936,82595,4299,152568,1941,235163,California
Sonoma,2021-04-14,3771,380080,2029,188591,1724,179426,18,12063,1229,81309,2534,155102,1248,236411,California
Stanislaus,2020-12-15,2,2,2,2,0,0,0,0,2,2,0,0,2,2,California
Stanislaus,2020-12-16,37,39,37,39,0,0,0,0,37,39,0,0,37,39,California
Stanislaus,2020-12-17,73,112,73,112,0,0,0,0,73,112,0,0,73,112,California
Stanislaus,2020-12-18,428,540,421,533,7,7,0,0,428,540,0,0,428,540,California
Stanislaus,2020-12-19,191,731,191,724,0,7,0,0,191,731,0,0,191,731,California
Stanislaus,2020-12-20,125,856,125,849,0,7,0,0,125,856,0,0,125,856,California
Stanislaus,2020-12-21,1124,1980,1121,1970,3,10,0,0,1123,1979,0,0,1123,1979,California
Stanislaus,2020-12-22,849,2829,837,2807,12,22,0,0,849,2828,0,0,849,2828,California
Stanislaus,2020-12-23,460,3289,443,3250,17,39,0,0,459,3287,0,0,459,3287,California
Stanislaus,2020-12-24,97,3386,88,3338,9,48,0,0,97,3384,0,0,97,3384,California
Stanislaus,2020-12-26,50,3436,8,3346,42,90,0,0,50,3434,0,0,50,3434,California
Stanislaus,2020-12-27,11,3447,6,3352,5,95,0,0,11,3445,0,0,11,3445,California
Stanislaus,2020-12-28,501,3948,405,3757,96,191,0,0,501,3946,0,0,501,3946,California
Stanislaus,2020-12-29,504,4452,429,4186,75,266,0,0,504,4450,0,0,504,4450,California
Stanislaus,2020-12-30,539,4991,283,4469,256,522,0,0,539,4988,1,1,539,4989,California
Stanislaus,2020-12-31,314,5305,171,4640,143,665,0,0,316,5304,0,1,316,5305,California
Stanislaus,2021-01-01,9,5314,2,4642,7,672,0,0,9,5313,0,1,9,5314,California
Stanislaus,2021-01-02,31,5345,24,4666,7,679,0,0,31,5344,0,1,31,5345,California
Stanislaus,2021-01-03,88,5433,85,4751,3,682,0,0,88,5432,0,1,88,5433,California
Stanislaus,2021-01-04,117,5550,33,4784,84,766,0,0,120,5552,0,1,120,5553,California
Stanislaus,2021-01-05,854,6404,337,5121,517,1283,0,0,823,6358,23,24,829,6382,California
Stanislaus,2021-01-06,978,7382,547,5668,431,1714,0,0,903,7198,64,88,904,7286,California
Stanislaus,2021-01-07,1103,8485,712,6380,391,2105,0,0,977,8063,113,201,978,8264,California
Stanislaus,2021-01-08,1320,9805,755,7135,565,2670,0,0,948,8649,366,567,952,9216,California
Stanislaus,2021-01-09,284,10089,141,7276,143,2813,0,0,194,8753,90,657,194,9410,California
Stanislaus,2021-01-10,48,10137,21,7297,27,2840,0,0,29,8763,19,676,29,9439,California
Stanislaus,2021-01-11,1552,11689,1266,8563,286,3126,0,0,606,8443,940,1616,620,10059,California
Stanislaus,2021-01-12,1492,13181,889,9452,603,3729,0,0,831,8624,657,2273,838,10897,California
Stanislaus,2021-01-13,1442,14623,677,10129,765,4494,0,0,1115,9420,326,2599,1122,12019,California
Stanislaus,2021-01-14,2216,16839,280,10409,1936,6430,0,0,2064,11389,150,2749,2119,14138,California
Stanislaus,2021-01-15,2884,19723,1143,11552,1741,8171,0,0,2728,14049,134,2883,2794,16932,California
Stanislaus,2021-01-16,564,20287,49,11601,515,8686,0,0,549,14586,14,2897,551,17483,California
Stanislaus,2021-01-17,241,20528,200,11801,41,8727,0,0,236,14817,5,2902,236,17719,California
Stanislaus,2021-01-18,2178,22706,1018,12819,1160,9887,0,0,1808,16318,367,3269,1868,19587,California
Stanislaus,2021-01-19,1271,23977,738,13557,533,10420,0,0,810,16671,458,3727,811,20398,California
Stanislaus,2021-01-20,995,24972,480,14037,515,10935,0,0,703,17083,291,4018,703,21101,California
Stanislaus,2021-01-21,3674,28646,2959,16996,715,11650,0,0,3357,20212,315,4333,3444,24545,California
Stanislaus,2021-01-22,1094,29740,309,17305,785,12435,0,0,1051,21228,39,4372,1055,25600,California
Stanislaus,2021-01-23,342,30082,38,17343,304,12739,0,0,288,21466,54,4426,292,25892,California
Stanislaus,2021-01-24,289,30371,99,17442,190,12929,0,0,223,21625,66,4492,225,26117,California
Stanislaus,2021-01-25,3144,33515,218,17660,2926,15855,0,0,2840,24291,305,4797,2971,29088,California
Stanislaus,2021-01-26,1731,35246,737,18397,994,16849,0,0,1313,25205,414,5211,1328,30416,California
Stanislaus,2021-01-27,1830,37076,972,19369,858,17707,0,0,1173,25730,649,5860,1174,31590,California
Stanislaus,2021-01-28,2248,39324,1497,20866,751,18458,0,0,1758,27059,479,6339,1808,33398,California
Stanislaus,2021-01-29,2479,41803,1199,22065,1280,19738,0,0,1947,28565,484,6823,1990,35388,California
Stanislaus,2021-01-30,297,42100,121,22186,176,19914,0,0,247,28760,52,6875,247,35635,California
Stanislaus,2021-01-31,364,42464,311,22497,53,19967,0,0,363,29113,10,6885,363,35998,California
Stanislaus,2021-02-01,1261,43725,540,23037,721,20688,0,0,921,29707,327,7212,921,36919,California
Stanislaus,2021-02-02,1246,44971,373,23410,873,21561,0,0,792,30059,444,7656,796,37715,California
Stanislaus,2021-02-03,2491,47462,1072,24482,1419,22980,0,0,1816,31209,671,8327,1821,39536,California
Stanislaus,2021-02-04,2095,49557,716,25198,1379,24359,0,0,1585,32294,504,8831,1589,41125,California
Stanislaus,2021-02-05,2843,52400,1450,26648,1393,25752,0,0,1606,32717,1187,10018,1610,42735,California
Stanislaus,2021-02-06,1009,53409,287,26935,722,26474,0,0,821,33352,187,10205,822,43557,California
Stanislaus,2021-02-07,212,53621,188,27123,24,26498,0,0,42,33226,169,10374,43,43600,California
Stanislaus,2021-02-08,2018,55639,1308,28431,710,27208,0,0,1115,33467,877,11251,1118,44718,California
Stanislaus,2021-02-09,1866,57505,787,29218,1079,28287,0,0,1095,33797,768,12019,1098,45816,California
Stanislaus,2021-02-10,1979,59484,563,29781,1416,29703,0,0,1061,33959,901,12920,1063,46879,California
Stanislaus,2021-02-11,5530,65014,3409,33190,2121,31824,0,0,1404,31402,3965,16885,1408,48287,California
Stanislaus,2021-02-12,3529,68543,1102,34292,2427,34251,0,0,1664,31251,1816,18701,1665,49952,California
Stanislaus,2021-02-13,1532,70075,744,35036,788,35039,0,0,1085,31895,446,19147,1090,51042,California
Stanislaus,2021-02-14,420,70495,169,35205,251,35290,0,0,355,32185,65,19212,355,51397,California
Stanislaus,2021-02-15,1842,72337,254,35459,1588,36878,0,0,630,31705,1115,20327,635,52032,California
Stanislaus,2021-02-16,1385,73722,413,35872,972,37850,0,0,613,31553,767,21094,615,52647,California
Stanislaus,2021-02-17,2743,76465,1661,37533,1082,38932,0,0,1972,32758,774,21868,1979,54626,California
Stanislaus,2021-02-18,3387,79852,1876,39409,1511,40443,0,0,1836,33120,1482,23350,1844,56470,California
Stanislaus,2021-02-19,2780,82632,1044,40453,1736,42179,0,0,1567,33510,1186,24536,1576,58046,California
Stanislaus,2021-02-20,753,83385,369,40822,384,42563,0,0,497,33761,247,24783,498,58544,California
Stanislaus,2021-02-21,867,84252,655,41477,212,42775,0,0,525,33969,328,25111,536,59080,California
Stanislaus,2021-02-22,2367,86619,1675,43152,692,43467,0,0,1659,34944,686,25797,1661,60741,California
Stanislaus,2021-02-23,3699,90318,679,43831,3020,46487,0,0,1751,34883,1816,27613,1755,62496,California
Stanislaus,2021-02-24,4200,94518,2854,46685,1346,47833,0,0,3193,37086,993,28606,3196,65692,California
Stanislaus,2021-02-25,3922,98440,2642,49327,1280,49113,0,0,3123,39426,786,29392,3126,68818,California
Stanislaus,2021-02-26,4236,102676,1213,50540,3023,52136,0,0,2873,40982,1326,30718,2882,71700,California
Stanislaus,2021-02-27,2215,104891,698,51238,1516,53652,1,1,1963,42717,229,30947,1964,73664,California
Stanislaus,2021-02-28,814,105705,264,51502,550,54202,0,1,765,43439,44,30991,766,74430,California
Stanislaus,2021-03-01,2777,108482,1593,53095,1184,55386,0,1,1648,43977,1114,32105,1652,76082,California
Stanislaus,2021-03-02,2400,110882,1421,54516,979,56365,0,1,1665,44911,731,32836,1665,77747,California
Stanislaus,2021-03-03,3758,114640,2255,56771,1500,57865,3,4,2909,46980,840,33676,2909,80656,California
Stanislaus,2021-03-04,5580,120220,3222,59993,2340,60205,18,22,4245,49919,1318,34994,4257,84913,California
Stanislaus,2021-03-05,4270,124490,1309,61302,2944,63149,17,39,3146,51968,1113,36107,3162,88075,California
Stanislaus,2021-03-06,3765,128255,2267,63569,1405,64554,93,132,2744,53785,1021,37128,2838,90913,California
Stanislaus,2021-03-07,842,129097,384,63953,421,64975,37,169,652,54289,184,37312,688,91601,California
Stanislaus,2021-03-08,2056,131153,922,64875,1046,66021,88,257,1324,54977,724,38036,1412,93013,California
Stanislaus,2021-03-09,2258,133411,945,65820,1220,67241,93,350,1698,56218,552,38588,1793,94806,California
Stanislaus,2021-03-10,5091,138502,2509,68329,2359,69600,223,573,3766,58907,1313,39901,4002,98808,California
Stanislaus,2021-03-11,5814,144316,3159,71488,2174,71774,481,1054,4230,62190,1430,41331,4713,103521,California
Stanislaus,2021-03-12,5791,150107,1225,72713,2632,74406,1934,2988,2935,64216,2843,44174,4869,108390,California
Stanislaus,2021-03-13,3447,153554,2147,74860,1233,75639,67,3055,2779,66400,667,44841,2851,111241,California
Stanislaus,2021-03-14,971,154525,578,75438,341,75980,52,3107,485,66455,485,45326,540,111781,California
Stanislaus,2021-03-15,3756,158281,1972,77410,1408,77388,376,3483,1662,66495,2005,47331,2045,113826,California
Stanislaus,2021-03-16,4971,163252,2433,79843,2096,79484,442,3925,3577,69109,1404,48735,4018,117844,California
Stanislaus,2021-03-17,4931,168183,2996,82839,1753,81237,182,4107,3093,70557,1832,50567,3280,121124,California
Stanislaus,2021-03-18,5719,173902,3538,86377,2114,83351,67,4174,3273,71588,2314,52881,3345,124469,California
Stanislaus,2021-03-19,6366,180268,1743,88120,3094,86445,1529,5703,3478,73737,2859,55740,5008,129477,California
Stanislaus,2021-03-20,3996,184264,2955,91075,971,87416,70,5773,3521,76860,469,56209,3592,133069,California
Stanislaus,2021-03-21,990,185254,891,91966,34,87450,65,5838,757,77447,233,56442,820,133889,California
Stanislaus,2021-03-22,2848,188102,1334,93300,787,88237,727,6565,1258,77853,1578,58020,1984,135873,California
Stanislaus,2021-03-23,3954,192056,2008,95308,1684,89921,262,6827,2824,79834,1119,59139,3100,138973,California
Stanislaus,2021-03-24,4548,196604,3193,98501,1286,91207,69,6896,2655,80706,1854,60993,2726,141699,California
Stanislaus,2021-03-25,4425,201029,3025,101526,1383,92590,17,6913,1974,80320,2378,63371,1992,143691,California
Stanislaus,2021-03-26,4793,205822,1386,102912,3332,95922,75,6988,2431,80504,2334,65705,2518,146209,California
Stanislaus,2021-03-27,4408,210230,2709,105621,1676,97598,23,7011,1363,78874,3030,68735,1400,147609,California
Stanislaus,2021-03-28,1183,211413,444,106065,552,98150,187,7198,349,78595,829,69564,550,148159,California
Stanislaus,2021-03-29,3025,214438,1812,107877,1175,99325,38,7236,2027,79675,992,70556,2072,150231,California
Stanislaus,2021-03-30,3678,218116,2070,109947,1578,100903,30,7266,2251,80543,1422,71978,2290,152521,California
Stanislaus,2021-03-31,5483,223599,3858,113805,1487,102390,138,7404,2791,80808,2680,74658,2945,155466,California
Stanislaus,2021-04-01,5797,229396,3811,117616,1897,104287,89,7493,2667,80471,3119,77777,2782,158248,California
Stanislaus,2021-04-02,5070,234466,1266,118882,3643,107930,161,7654,2280,80221,2709,80486,2459,160707,California
Stanislaus,2021-04-03,4517,238983,3244,122126,1236,109166,37,7691,2214,80203,2296,82782,2278,162985,California
Stanislaus,2021-04-04,1314,240297,484,122610,805,109971,25,7716,659,80245,652,83434,694,163679,California
Stanislaus,2021-04-05,3693,243990,2503,125113,881,110852,309,8025,2365,81600,1325,84759,2680,166359,California
Stanislaus,2021-04-06,5741,249731,4150,129263,1298,112150,293,8318,3042,82262,2691,87450,3353,169712,California
Stanislaus,2021-04-07,6237,255968,3492,132755,2307,114457,438,8756,2676,81843,3550,91000,3131,172843,California
Stanislaus,2021-04-08,5569,261537,3241,135996,1853,116310,475,9231,2660,82090,2899,93899,3146,175989,California
Stanislaus,2021-04-09,4553,266090,1946,137942,2227,118537,380,9611,1996,81944,2544,96443,2398,178387,California
Stanislaus,2021-04-10,6455,272545,3813,141755,970,119507,1672,11283,1928,81060,4513,100956,3629,182016,California
Stanislaus,2021-04-11,1398,273943,740,142495,527,120034,131,11414,597,80989,800,101756,729,182745,California
Stanislaus,2021-04-12,3336,277279,1820,144315,1148,121182,368,11782,1769,81571,1562,103318,2144,184889,California
Stanislaus,2021-04-13,4867,282146,3076,147391,1778,122960,13,11795,2666,82102,2170,105488,2701,187590,California
Stanislaus,2021-04-14,3287,285433,2455,149846,832,123792,0,11795,1654,82160,1622,107110,1680,189270,California
Sutter,2020-12-15,1,1,1,1,0,0,0,0,1,1,0,0,1,1,California
Sutter,2020-12-16,4,5,4,5,0,0,0,0,4,5,0,0,4,5,California
Sutter,2020-12-17,2,7,2,7,0,0,0,0,2,7,0,0,2,7,California
Sutter,2020-12-18,20,27,20,27,0,0,0,0,20,27,0,0,20,27,California
Sutter,2020-12-19,44,71,44,71,0,0,0,0,44,71,0,0,44,71,California
Sutter,2020-12-20,42,113,42,113,0,0,0,0,42,113,0,0,42,113,California
Sutter,2020-12-21,100,213,100,213,0,0,0,0,100,213,0,0,100,213,California
Sutter,2020-12-22,172,385,172,385,0,0,0,0,172,385,0,0,172,385,California
Sutter,2020-12-23,115,500,111,496,4,4,0,0,115,500,0,0,115,500,California
Sutter,2020-12-24,17,517,11,507,6,10,0,0,17,517,0,0,17,517,California
Sutter,2020-12-26,39,556,35,542,4,14,0,0,39,556,0,0,39,556,California
Sutter,2020-12-27,24,580,23,565,1,15,0,0,24,580,0,0,24,580,California
Sutter,2020-12-28,83,663,55,620,28,43,0,0,83,663,0,0,83,663,California
Sutter,2020-12-29,100,763,14,634,86,129,0,0,100,763,0,0,100,763,California
Sutter,2020-12-30,136,899,34,668,102,231,0,0,136,899,0,0,136,899,California
Sutter,2020-12-31,70,969,6,674,64,295,0,0,70,969,0,0,70,969,California
Sutter,2021-01-01,3,972,3,677,0,295,0,0,3,972,0,0,3,972,California
Sutter,2021-01-02,133,1105,131,808,2,297,0,0,133,1105,0,0,133,1105,California
Sutter,2021-01-03,1,1106,0,808,1,298,0,0,1,1106,0,0,1,1106,California
Sutter,2021-01-04,249,1355,140,948,109,407,0,0,249,1355,0,0,249,1355,California
Sutter,2021-01-05,99,1454,56,1004,43,450,0,0,97,1450,2,2,97,1452,California
Sutter,2021-01-06,205,1659,51,1055,154,604,0,0,200,1645,5,7,200,1652,California
Sutter,2021-01-07,253,1912,151,1206,102,706,0,0,244,1881,8,15,244,1896,California
Sutter,2021-01-08,146,2058,40,1246,106,812,0,0,129,1993,17,32,129,2025,California
Sutter,2021-01-09,44,2102,43,1289,1,813,0,0,3,1955,41,73,3,2028,California
Sutter,2021-01-10,397,2499,37,1326,360,1173,0,0,359,2277,37,110,359,2387,California
Sutter,2021-01-11,132,2631,114,1440,18,1191,0,0,26,2197,106,216,26,2413,California
Sutter,2021-01-12,200,2831,163,1603,37,1228,0,0,57,2111,143,359,57,2470,California
Sutter,2021-01-13,160,2991,98,1701,62,1290,0,0,71,2093,89,448,71,2541,California
Sutter,2021-01-14,144,3135,49,1750,95,1385,0,0,125,2199,19,467,125,2666,California
Sutter,2021-01-15,432,3567,130,1880,302,1687,0,0,417,2601,15,482,417,3083,California
Sutter,2021-01-16,387,3954,42,1922,345,2032,0,0,355,2925,31,513,355,3438,California
Sutter,2021-01-17,25,3979,23,1945,2,2034,0,0,9,2918,16,529,9,3447,California
Sutter,2021-01-18,116,4095,61,2006,55,2089,0,0,69,2940,47,576,69,3516,California
Sutter,2021-01-19,102,4197,42,2048,60,2149,0,0,77,2992,25,601,77,3593,California
Sutter,2021-01-20,255,4452,191,2239,64,2213,0,0,235,3207,20,621,235,3828,California
Sutter,2021-01-21,436,4888,267,2506,169,2382,0,0,417,3605,19,640,417,4245,California
Sutter,2021-01-22,269,5157,82,2588,187,2569,0,0,260,3856,9,649,260,4505,California
Sutter,2021-01-23,396,5553,40,2628,356,2925,0,0,370,4200,26,675,370,4875,California
Sutter,2021-01-24,17,5570,14,2642,3,2928,0,0,15,4213,2,677,15,4890,California
Sutter,2021-01-25,303,5873,196,2838,107,3035,0,0,150,4211,152,829,150,5040,California
Sutter,2021-01-26,245,6118,104,2942,141,3176,0,0,147,4261,97,926,147,5187,California
Sutter,2021-01-27,384,6502,254,3196,130,3306,0,0,319,4515,65,991,319,5506,California
Sutter,2021-01-28,521,7023,299,3495,222,3528,0,0,392,4778,129,1120,392,5898,California
Sutter,2021-01-29,416,7439,144,3639,272,3800,0,0,252,4866,164,1284,252,6150,California
Sutter,2021-01-30,776,8215,39,3678,737,4537,0,0,765,5620,11,1295,765,6915,California
Sutter,2021-01-31,27,8242,27,3705,0,4537,0,0,27,5647,0,1295,27,6942,California
Sutter,2021-02-01,162,8404,47,3752,115,4652,0,0,131,5747,31,1326,131,7073,California
Sutter,2021-02-02,241,8645,26,3778,215,4867,0,0,211,5928,30,1356,211,7284,California
Sutter,2021-02-03,444,9089,38,3816,406,5273,0,0,209,5902,235,1591,209,7493,California
Sutter,2021-02-04,668,9757,365,4181,303,5576,0,0,618,6470,50,1641,618,8111,California
Sutter,2021-02-05,284,10041,31,4212,253,5829,0,0,134,6454,150,1791,134,8245,California
Sutter,2021-02-06,735,10776,27,4239,708,6537,0,0,716,7151,19,1810,716,8961,California
Sutter,2021-02-07,22,10798,19,4258,3,6540,0,0,19,7167,3,1813,19,8980,California
Sutter,2021-02-08,133,10931,28,4286,105,6645,0,0,97,7228,36,1849,97,9077,California
Sutter,2021-02-09,246,11177,45,4331,201,6846,0,0,185,7352,61,1910,185,9262,California
Sutter,2021-02-10,801,11978,380,4711,421,7267,0,0,175,6902,625,2535,175,9437,California
Sutter,2021-02-11,602,12580,273,4984,329,7596,0,0,373,7046,229,2764,373,9810,California
Sutter,2021-02-12,625,13205,67,5051,558,8154,0,0,309,7039,316,3080,309,10119,California
Sutter,2021-02-13,899,14104,49,5100,850,9004,0,0,783,7706,116,3196,783,10902,California
Sutter,2021-02-14,90,14194,24,5124,66,9070,0,0,80,7776,10,3206,80,10982,California
Sutter,2021-02-15,198,14392,72,5196,126,9196,0,0,121,7820,77,3283,121,11103,California
Sutter,2021-02-16,287,14679,44,5240,243,9439,0,0,204,7942,82,3365,204,11307,California
Sutter,2021-02-17,826,15505,431,5671,395,9834,0,0,126,7368,700,4065,126,11433,California
Sutter,2021-02-18,695,16200,50,5721,645,10479,0,0,485,7644,209,4274,485,11918,California
Sutter,2021-02-19,661,16861,377,6098,284,10763,0,0,461,7907,198,4472,461,12379,California
Sutter,2021-02-20,615,17476,52,6150,563,11326,0,0,512,8316,103,4575,512,12891,California
Sutter,2021-02-21,29,17505,26,6176,3,11329,0,0,6,8299,23,4598,6,12897,California
Sutter,2021-02-22,207,17712,123,6299,84,11413,0,0,87,8266,120,4718,87,12984,California
Sutter,2021-02-23,220,17932,32,6331,188,11601,0,0,97,8240,123,4841,97,13081,California
Sutter,2021-02-24,956,18888,348,6679,608,12209,0,0,189,7663,766,5607,189,13270,California
Sutter,2021-02-25,768,19656,487,7166,281,12490,0,0,591,8080,174,5781,591,13861,California
Sutter,2021-02-26,365,20021,58,7224,307,12797,0,0,151,8019,212,5993,151,14012,California
Sutter,2021-02-27,865,20886,43,7267,822,13619,0,0,709,8571,157,6150,709,14721,California
Sutter,2021-02-28,82,20968,37,7304,45,13664,0,0,65,8619,17,6167,65,14786,California
Sutter,2021-03-01,245,21213,60,7364,185,13849,0,0,149,8672,96,6263,149,14935,California
Sutter,2021-03-02,333,21546,56,7420,277,14126,0,0,160,8660,172,6435,160,15095,California
Sutter,2021-03-03,1371,22917,502,7922,869,14995,0,0,634,8563,731,7166,634,15729,California
Sutter,2021-03-04,1249,24166,860,8782,389,15384,0,0,952,9222,293,7459,952,16681,California
Sutter,2021-03-05,333,24499,75,8857,257,15641,1,1,199,9289,133,7592,200,16881,California
Sutter,2021-03-06,1018,25517,45,8902,968,16609,5,6,857,9990,161,7753,862,17743,California
Sutter,2021-03-07,63,25580,23,8925,39,16648,1,7,43,10014,20,7773,44,17787,California
Sutter,2021-03-08,224,25804,76,9001,135,16783,13,20,157,10117,67,7840,170,17957,California
Sutter,2021-03-09,381,26185,133,9134,235,17018,13,33,178,10106,202,8042,191,18148,California
Sutter,2021-03-10,1564,27749,680,9814,823,17841,61,94,520,9646,1041,9083,581,18729,California
Sutter,2021-03-11,891,28640,437,10251,435,18276,19,113,646,10068,243,9326,665,19394,California
Sutter,2021-03-12,658,29298,108,10359,368,18644,182,295,193,9978,463,9789,373,19767,California
Sutter,2021-03-13,976,30274,749,11108,210,18854,17,312,781,10583,193,9982,798,20565,California
Sutter,2021-03-14,127,30401,20,11128,96,18950,11,323,41,10549,86,10068,52,20617,California
Sutter,2021-03-15,318,30719,68,11196,201,19151,49,372,150,10581,167,10235,199,20816,California
Sutter,2021-03-16,384,31103,86,11282,252,19403,46,418,207,10657,177,10412,253,21069,California
Sutter,2021-03-17,1480,32583,554,11836,907,20310,19,437,306,9816,1166,11578,325,21394,California
Sutter,2021-03-18,958,33541,165,12001,595,20905,198,635,572,10200,385,11963,769,22163,California
Sutter,2021-03-19,455,33996,158,12159,268,21173,29,664,278,10333,174,12137,307,22470,California
Sutter,2021-03-20,946,34942,115,12274,820,21993,11,675,859,11116,87,12224,870,23340,California
Sutter,2021-03-21,63,35005,45,12319,15,22008,3,678,34,11124,29,12253,37,23377,California
Sutter,2021-03-22,286,35291,119,12438,141,22149,26,704,210,11284,76,12329,236,23613,California
Sutter,2021-03-23,349,35640,117,12555,200,22349,32,736,236,11439,113,12442,268,23881,California
Sutter,2021-03-24,1625,37265,719,13274,837,23186,69,805,311,10517,1302,13744,380,24261,California
Sutter,2021-03-25,1013,38278,671,13945,301,23487,41,846,351,10249,660,14404,392,24653,California
Sutter,2021-03-26,481,38759,171,14116,293,23780,17,863,292,10372,186,14590,309,24962,California
Sutter,2021-03-27,932,39691,64,14180,866,24646,2,865,821,11088,107,14697,823,25785,California
Sutter,2021-03-28,126,39817,72,14252,54,24700,0,865,80,11123,45,14742,80,25865,California
Sutter,2021-03-29,421,40238,140,14392,226,24926,55,920,225,11208,195,14937,280,26145,California
Sutter,2021-03-30,475,40713,159,14551,307,25233,9,929,319,11380,156,15093,328,26473,California
Sutter,2021-03-31,1234,41947,174,14725,1043,26276,17,946,457,11085,768,15861,473,26946,California
Sutter,2021-04-01,1364,43311,723,15448,454,26730,187,1133,407,10729,951,16812,595,27541,California
Sutter,2021-04-02,490,43801,94,15542,294,27024,102,1235,201,10741,288,17100,300,27841,California
Sutter,2021-04-03,914,44715,75,15617,209,27233,630,1865,119,10697,793,17893,749,28590,California
Sutter,2021-04-04,116,44831,21,15638,89,27322,6,1871,55,10697,61,17954,61,28651,California
Sutter,2021-04-05,360,45191,140,15778,185,27507,35,1906,170,10715,187,18141,205,28856,California
Sutter,2021-04-06,480,45671,186,15964,236,27743,58,1964,248,10790,231,18372,306,29162,California
Sutter,2021-04-07,1399,47070,844,16808,489,28232,66,2030,566,10593,829,19201,632,29794,California
Sutter,2021-04-08,1006,48076,557,17365,338,28570,111,2141,540,10783,459,19660,649,30443,California
Sutter,2021-04-09,475,48551,212,17577,210,28780,53,2194,201,10766,271,19931,254,30697,California
Sutter,2021-04-10,751,49302,94,17671,88,28868,569,2763,100,10785,649,20580,668,31365,California
Sutter,2021-04-11,95,49397,21,17692,37,28905,37,2800,27,10781,68,20648,64,31429,California
Sutter,2021-04-12,295,49692,90,17782,168,29073,37,2837,123,10770,170,20818,159,31588,California
Sutter,2021-04-13,386,50078,112,17894,274,29347,0,2837,196,10779,187,21005,196,31784,California
Sutter,2021-04-14,1059,51137,37,17931,1021,30368,1,2838,125,9978,928,21933,127,31911,California
Tehama,2020-12-15,1,1,1,1,0,0,0,0,1,1,0,0,1,1,California
Tehama,2020-12-16,2,3,2,3,0,0,0,0,2,3,0,0,2,3,California
Tehama,2020-12-17,12,15,12,15,0,0,0,0,12,15,0,0,12,15,California
Tehama,2020-12-18,2,17,2,17,0,0,0,0,3,18,0,0,3,18,California
Tehama,2020-12-21,33,50,33,50,0,0,0,0,33,51,0,0,33,51,California
Tehama,2020-12-22,68,118,62,112,6,6,0,0,68,119,0,0,68,119,California
Tehama,2020-12-23,48,166,40,152,8,14,0,0,48,167,0,0,48,167,California
Tehama,2020-12-24,5,171,3,155,2,16,0,0,5,172,0,0,5,172,California
Tehama,2020-12-26,3,174,2,157,1,17,0,0,3,175,0,0,3,175,California
Tehama,2020-12-27,2,176,2,159,0,17,0,0,2,177,0,0,2,177,California
Tehama,2020-12-28,56,232,43,202,13,30,0,0,56,233,0,0,56,233,California
Tehama,2020-12-29,31,263,31,233,0,30,0,0,31,264,0,0,31,264,California
Tehama,2020-12-30,54,317,38,271,16,46,0,0,53,317,0,0,53,317,California
Tehama,2020-12-31,14,331,4,275,10,56,0,0,14,331,0,0,14,331,California
Tehama,2021-01-01,2,333,0,275,2,58,0,0,2,333,0,0,2,333,California
Tehama,2021-01-04,31,364,8,283,23,81,0,0,31,364,0,0,31,364,California
Tehama,2021-01-05,71,435,44,327,27,108,0,0,68,429,3,3,68,432,California
Tehama,2021-01-06,71,506,21,348,50,158,0,0,62,483,8,11,62,494,California
Tehama,2021-01-07,56,562,7,355,49,207,0,0,55,537,1,12,55,549,California
Tehama,2021-01-08,30,592,24,379,6,213,0,0,25,557,5,17,25,574,California
Tehama,2021-01-09,7,599,5,384,2,215,0,0,5,560,2,19,5,579,California
Tehama,2021-01-10,1,600,0,384,1,216,0,0,1,561,0,19,1,580,California
Tehama,2021-01-11,47,647,46,430,1,217,0,0,14,542,33,52,14,594,California
Tehama,2021-01-12,115,762,95,525,20,237,0,0,70,567,45,97,70,664,California
Tehama,2021-01-13,72,834,55,580,17,254,0,0,26,547,46,143,26,690,California
Tehama,2021-01-14,224,1058,50,630,174,428,0,0,222,767,2,145,222,912,California
Tehama,2021-01-15,246,1304,74,704,172,600,0,0,242,1005,4,149,242,1154,California
Tehama,2021-01-16,274,1578,27,731,247,847,0,0,271,1273,3,152,271,1425,California
Tehama,2021-01-17,13,1591,9,740,4,851,0,0,11,1282,2,154,11,1436,California
Tehama,2021-01-18,10,1601,6,746,4,855,0,0,5,1282,5,159,5,1441,California
Tehama,2021-01-19,287,1888,61,807,226,1081,0,0,232,1459,55,214,232,1673,California
Tehama,2021-01-20,302,2190,87,894,215,1296,0,0,252,1662,49,263,252,1925,California
Tehama,2021-01-21,214,2404,11,905,203,1499,0,0,204,1856,10,273,204,2129,California
Tehama,2021-01-22,214,2618,12,917,202,1701,0,0,211,2064,3,276,211,2340,California
Tehama,2021-01-23,263,2881,10,927,253,1954,0,0,262,2325,1,277,262,2602,California
Tehama,2021-01-25,30,2911,13,940,17,1971,0,0,13,2321,17,294,13,2615,California
Tehama,2021-01-26,324,3235,42,982,282,2253,0,0,287,2571,37,331,287,2902,California
Tehama,2021-01-27,299,3534,21,1003,278,2531,0,0,279,2830,20,351,279,3181,California
Tehama,2021-01-28,340,3874,29,1032,311,2842,0,0,325,3140,15,366,325,3506,California
Tehama,2021-01-29,321,4195,19,1051,302,3144,0,0,304,3427,17,383,304,3810,California
Tehama,2021-01-30,103,4298,2,1053,101,3245,0,0,102,3528,1,384,102,3912,California
Tehama,2021-01-31,1,4299,0,1053,1,3246,0,0,1,3529,0,384,1,3913,California
Tehama,2021-02-01,77,4376,22,1075,55,3301,0,0,36,3524,41,425,36,3949,California
Tehama,2021-02-02,340,4716,63,1138,277,3578,0,0,243,3673,94,519,243,4192,California
Tehama,2021-02-03,373,5089,12,1150,361,3939,0,0,329,3958,44,563,329,4521,California
Tehama,2021-02-04,461,5550,99,1249,362,4301,0,0,382,4262,79,642,383,4904,California
Tehama,2021-02-05,161,5711,73,1322,88,4389,0,0,102,4305,59,701,102,5006,California
Tehama,2021-02-06,28,5739,13,1335,15,4404,0,0,16,4309,12,713,16,5022,California
Tehama,2021-02-07,5,5744,4,1339,1,4405,0,0,2,4308,3,716,2,5024,California
Tehama,2021-02-08,35,5779,14,1353,21,4426,0,0,27,4327,8,724,27,5051,California
Tehama,2021-02-09,76,5855,33,1386,43,4469,0,0,42,4335,34,758,42,5093,California
Tehama,2021-02-10,232,6087,61,1447,171,4640,0,0,158,4419,74,832,158,5251,California
Tehama,2021-02-11,219,6306,16,1463,203,4843,0,0,80,4362,137,969,80,5331,California
Tehama,2021-02-12,354,6660,57,1520,297,5140,0,0,173,4354,181,1150,173,5504,California
Tehama,2021-02-13,388,7048,13,1533,375,5515,0,0,147,4260,241,1391,147,5651,California
Tehama,2021-02-14,34,7082,0,1533,34,5549,0,0,33,4292,1,1392,33,5684,California
Tehama,2021-02-15,51,7133,9,1542,42,5591,0,0,45,4331,6,1398,45,5729,California
Tehama,2021-02-16,240,7373,16,1558,224,5815,0,0,58,4207,182,1580,58,5787,California
Tehama,2021-02-17,279,7652,11,1569,268,6083,0,0,53,4034,226,1806,53,5840,California
Tehama,2021-02-18,370,8022,33,1602,337,6420,0,0,146,3956,224,2030,146,5986,California
Tehama,2021-02-19,214,8236,19,1621,195,6615,0,0,43,3828,171,2201,43,6029,California
Tehama,2021-02-20,273,8509,6,1627,267,6882,0,0,26,3607,247,2448,26,6055,California
Tehama,2021-02-22,36,8545,13,1640,23,6905,0,0,24,3619,12,2460,24,6079,California
Tehama,2021-02-23,46,8591,19,1659,27,6932,0,0,26,3625,20,2480,26,6105,California
Tehama,2021-02-24,299,8890,12,1671,287,7219,0,0,26,3378,273,2753,26,6131,California
Tehama,2021-02-25,377,9267,61,1732,316,7535,0,0,37,3075,340,3093,37,6168,California
Tehama,2021-02-26,455,9722,19,1751,436,7971,0,0,70,2760,385,3478,70,6238,California
Tehama,2021-02-27,294,10016,5,1756,289,8260,0,0,34,2534,260,3738,34,6272,California
Tehama,2021-02-28,23,10039,2,1758,21,8281,0,0,20,2551,3,3741,20,6292,California
Tehama,2021-03-01,62,10101,8,1766,54,8335,0,0,28,2545,34,3775,28,6320,California
Tehama,2021-03-02,115,10216,17,1783,98,8433,0,0,29,2488,86,3861,29,6349,California
Tehama,2021-03-03,127,10343,34,1817,93,8526,0,0,47,2455,80,3941,47,6396,California
Tehama,2021-03-04,582,10925,22,1839,560,9086,0,0,218,2315,358,4299,218,6614,California
Tehama,2021-03-05,383,11308,18,1857,365,9451,0,0,214,2361,168,4467,214,6828,California
Tehama,2021-03-06,295,11603,17,1874,278,9729,0,0,80,2228,214,4681,81,6909,California
Tehama,2021-03-07,5,11608,1,1875,4,9733,0,0,3,2230,1,4682,3,6912,California
Tehama,2021-03-08,56,11664,12,1887,29,9762,15,15,25,2240,30,4712,40,6952,California
Tehama,2021-03-09,312,11976,5,1892,288,10050,19,34,257,2461,55,4767,276,7228,California
Tehama,2021-03-10,348,12324,11,1903,316,10366,21,55,67,2269,280,5047,88,7316,California
Tehama,2021-03-11,480,12804,15,1918,419,10785,46,101,337,2509,143,5190,383,7699,California
Tehama,2021-03-12,283,13087,16,1934,202,10987,65,166,165,2621,118,5308,230,7929,California
Tehama,2021-03-13,43,13130,8,1942,29,11016,6,172,6,2596,37,5345,12,7941,California
Tehama,2021-03-14,44,13174,3,1945,30,11046,11,183,2,2567,42,5387,13,7954,California
Tehama,2021-03-15,154,13328,21,1966,113,11159,20,203,87,2607,67,5454,107,8061,California
Tehama,2021-03-16,401,13729,14,1980,349,11508,38,241,302,2849,98,5552,340,8401,California
Tehama,2021-03-17,416,14145,23,2003,361,11869,32,273,331,3129,83,5635,363,8764,California
Tehama,2021-03-18,479,14624,24,2027,431,12300,24,297,301,3278,176,5811,325,9089,California
Tehama,2021-03-19,302,14926,23,2050,266,12566,13,310,260,3509,42,5853,273,9362,California
Tehama,2021-03-20,40,14966,8,2058,30,12596,2,312,28,3527,12,5865,30,9392,California
Tehama,2021-03-21,12,14978,5,2063,7,12603,0,312,12,3539,0,5865,12,9404,California
Tehama,2021-03-22,90,15068,7,2070,66,12669,17,329,49,3564,41,5906,66,9470,California
Tehama,2021-03-23,84,15152,23,2093,54,12723,7,336,65,3617,19,5925,72,9542,California
Tehama,2021-03-24,82,15234,15,2108,64,12787,3,339,53,3644,29,5954,56,9598,California
Tehama,2021-03-25,501,15735,340,2448,148,12935,13,352,454,4065,47,6001,468,10066,California
Tehama,2021-03-26,460,16195,352,2800,96,13031,12,364,385,4387,75,6076,397,10463,California
Tehama,2021-03-27,436,16631,347,3147,68,13099,21,385,373,4719,62,6138,394,10857,California
Tehama,2021-03-28,34,16665,13,3160,21,13120,0,385,22,4729,12,6150,22,10879,California
Tehama,2021-03-29,120,16785,30,3190,90,13210,0,385,76,4762,43,6193,76,10955,California
Tehama,2021-03-30,354,17139,206,3396,146,13356,2,387,240,4890,114,6307,242,11197,California
Tehama,2021-03-31,377,17516,276,3672,98,13454,3,390,304,5125,72,6379,307,11504,California
Tehama,2021-04-01,512,18028,237,3909,269,13723,6,396,382,5383,130,6509,388,11892,California
Tehama,2021-04-02,442,18470,204,4113,232,13955,6,402,257,5461,185,6694,263,12155,California
Tehama,2021-04-03,61,18531,3,4116,53,14008,5,407,30,5465,31,6725,35,12190,California
Tehama,2021-04-04,34,18565,6,4122,27,14035,1,408,22,5476,12,6737,23,12213,California
Tehama,2021-04-05,113,18678,19,4141,68,14103,26,434,58,5505,55,6792,84,12297,California
Tehama,2021-04-06,477,19155,100,4241,324,14427,53,487,171,5423,306,7098,224,12521,California
Tehama,2021-04-07,418,19573,281,4522,94,14521,43,530,309,5668,107,7205,352,12873,California
Tehama,2021-04-08,599,20172,172,4694,387,14908,40,570,231,5572,367,7572,271,13144,California
Tehama,2021-04-09,379,20551,170,4864,183,15091,26,596,197,5615,180,7752,223,13367,California
Tehama,2021-04-10,78,20629,12,4876,38,15129,28,624,43,5651,35,7787,71,13438,California
Tehama,2021-04-11,24,20653,8,4884,5,15134,11,635,8,5654,16,7803,19,13457,California
Tehama,2021-04-12,77,20730,9,4893,55,15189,13,648,34,5658,43,7846,47,13504,California
Tehama,2021-04-13,167,20897,22,4915,144,15333,1,649,33,5558,134,7980,34,13538,California
Tehama,2021-04-14,200,21097,15,4930,185,15518,0,649,10,5379,189,8169,10,13548,California
Trinity,2020-12-17,4,4,4,4,0,0,0,0,4,4,0,0,4,4,California
Trinity,2020-12-18,2,6,2,6,0,0,0,0,2,6,0,0,2,6,California
Trinity,2020-12-21,38,44,38,44,0,0,0,0,38,44,0,0,38,44,California
Trinity,2020-12-22,5,49,5,49,0,0,0,0,5,49,0,0,5,49,California
Trinity,2020-12-23,5,54,5,54,0,0,0,0,5,54,0,0,5,54,California
Trinity,2020-12-28,30,84,30,84,0,0,0,0,30,84,0,0,30,84,California
Trinity,2020-12-29,8,92,7,91,1,1,0,0,8,92,0,0,8,92,California
Trinity,2020-12-30,10,102,8,99,2,3,0,0,10,102,0,0,10,102,California
Trinity,2020-12-31,2,104,1,100,1,4,0,0,2,104,0,0,2,104,California
Trinity,2021-01-04,27,131,1,101,26,30,0,0,26,130,0,0,26,130,California
Trinity,2021-01-05,2,133,1,102,1,31,0,0,2,132,0,0,2,132,California
Trinity,2021-01-06,23,156,4,106,19,50,0,0,19,147,4,4,19,151,California
Trinity,2021-01-08,49,205,2,108,47,97,0,0,48,193,2,6,48,199,California
Trinity,2021-01-11,39,244,38,146,1,98,0,0,2,158,37,43,2,201,California
Trinity,2021-01-12,9,253,7,153,2,100,0,0,4,157,5,48,4,205,California
Trinity,2021-01-13,7,260,4,157,3,103,0,0,4,158,3,51,4,209,California
Trinity,2021-01-14,4,264,1,158,3,106,0,0,4,162,0,51,4,213,California
Trinity,2021-01-16,4,268,0,158,4,110,0,0,4,166,0,51,4,217,California
Trinity,2021-01-18,31,299,31,189,0,110,0,0,1,137,30,81,1,218,California
Trinity,2021-01-19,31,330,14,203,17,127,0,0,17,140,14,95,17,235,California
Trinity,2021-01-20,20,350,4,207,16,143,0,0,17,155,2,97,17,252,California
Trinity,2021-01-21,17,367,7,214,10,153,0,0,17,172,0,97,17,269,California
Trinity,2021-01-22,5,372,1,215,4,157,0,0,5,177,0,97,5,274,California
Trinity,2021-01-23,7,379,3,218,4,161,0,0,7,184,0,97,7,281,California
Trinity,2021-01-25,14,393,1,219,13,174,0,0,13,196,1,98,13,294,California
Trinity,2021-01-26,10,403,1,220,9,183,0,0,9,204,1,99,9,303,California
Trinity,2021-01-27,12,415,0,220,12,195,0,0,12,216,0,99,12,315,California
Trinity,2021-01-28,13,428,3,223,10,205,0,0,10,223,3,102,10,325,California
Trinity,2021-01-29,3,431,1,224,2,207,0,0,2,224,1,103,2,327,California
Trinity,2021-01-30,12,443,11,235,1,208,0,0,12,236,0,103,12,339,California
Trinity,2021-02-01,2,445,1,236,1,209,0,0,1,236,1,104,1,340,California
Trinity,2021-02-02,13,458,3,239,10,219,0,0,12,247,1,105,12,352,California
Trinity,2021-02-03,6,464,1,240,5,224,0,0,3,247,3,108,3,355,California
Trinity,2021-02-04,36,500,32,272,4,228,0,0,34,279,2,110,34,389,California
Trinity,2021-02-05,348,848,0,272,348,576,0,0,318,567,30,140,318,707,California
Trinity,2021-02-06,209,1057,5,277,204,780,0,0,202,762,7,147,202,909,California
Trinity,2021-02-07,1,1058,0,277,1,781,0,0,1,763,0,147,1,910,California
Trinity,2021-02-08,23,1081,0,277,23,804,0,0,15,770,8,155,15,925,California
Trinity,2021-02-09,21,1102,2,279,19,823,0,0,6,761,15,170,6,931,California
Trinity,2021-02-10,123,1225,10,289,113,936,0,0,103,844,20,190,103,1034,California
Trinity,2021-02-11,334,1559,2,291,332,1268,0,0,328,1166,6,196,328,1362,California
Trinity,2021-02-12,9,1568,6,297,3,1271,0,0,9,1175,0,196,9,1371,California
Trinity,2021-02-13,12,1580,5,302,7,1278,0,0,5,1173,7,203,5,1376,California
Trinity,2021-02-14,2,1582,2,304,0,1278,0,0,2,1175,0,203,2,1378,California
Trinity,2021-02-15,46,1628,0,304,46,1324,0,0,46,1221,0,203,46,1424,California
Trinity,2021-02-16,7,1635,2,306,5,1329,0,0,4,1222,3,206,4,1428,California
Trinity,2021-02-17,94,1729,2,308,92,1421,0,0,84,1296,10,216,84,1512,California
Trinity,2021-02-18,5,1734,0,308,5,1426,0,0,1,1294,3,219,1,1513,California
Trinity,2021-02-19,211,1945,3,311,208,1634,0,0,198,1479,13,232,198,1711,California
Trinity,2021-02-20,143,2088,14,325,129,1763,0,0,115,1566,28,260,115,1826,California
Trinity,2021-02-22,3,2091,0,325,3,1766,0,0,0,1563,3,263,0,1826,California
Trinity,2021-02-23,8,2099,4,329,4,1770,0,0,3,1561,5,268,3,1829,California
Trinity,2021-02-24,30,2129,8,337,22,1792,0,0,7,1545,23,291,7,1836,California
Trinity,2021-02-25,36,2165,23,360,13,1805,0,0,5,1519,31,322,5,1841,California
Trinity,2021-02-26,11,2176,1,361,10,1815,0,0,5,1518,6,328,5,1846,California
Trinity,2021-02-27,9,2185,7,368,2,1817,0,0,4,1517,5,333,4,1850,California
Trinity,2021-03-01,8,2193,0,368,8,1825,0,0,5,1519,3,336,5,1855,California
Trinity,2021-03-02,8,2201,3,371,5,1830,0,0,1,1513,7,343,1,1856,California
Trinity,2021-03-03,5,2206,0,371,5,1835,0,0,4,1516,1,344,4,1860,California
Trinity,2021-03-04,15,2221,10,381,5,1840,0,0,13,1527,2,346,13,1873,California
Trinity,2021-03-05,284,2505,1,382,283,2123,0,0,32,1312,247,593,32,1905,California
Trinity,2021-03-06,185,2690,6,388,179,2302,0,0,20,1167,165,758,20,1925,California
Trinity,2021-03-07,3,2693,3,391,0,2302,0,0,2,1168,1,759,2,1927,California
Trinity,2021-03-08,3,2696,0,391,2,2304,1,1,1,1168,2,761,2,1929,California
Trinity,2021-03-09,93,2789,0,391,91,2395,2,3,89,1255,4,765,91,2020,California
Trinity,2021-03-10,127,2916,3,394,121,2516,3,6,38,1207,89,854,41,2061,California
Trinity,2021-03-11,7,2923,3,397,2,2518,2,8,3,1208,4,858,5,2066,California
Trinity,2021-03-12,334,3257,3,400,326,2844,5,13,45,969,289,1147,50,2116,California
Trinity,2021-03-13,12,3269,7,407,3,2847,2,15,7,973,5,1152,9,2125,California
Trinity,2021-03-15,67,3336,0,407,66,2913,1,16,15,937,52,1204,16,2141,California
Trinity,2021-03-16,114,3450,6,413,108,3021,0,16,100,1023,14,1218,100,2241,California
Trinity,2021-03-17,100,3550,3,416,97,3118,0,16,26,975,74,1292,26,2267,California
Trinity,2021-03-18,10,3560,2,418,5,3123,3,19,5,978,5,1297,8,2275,California
Trinity,2021-03-19,359,3919,6,424,246,3369,107,126,29,784,330,1627,136,2411,California
Trinity,2021-03-20,104,4023,6,430,98,3467,0,126,67,814,37,1664,67,2478,California
Trinity,2021-03-21,4,4027,0,430,2,3469,2,128,2,816,2,1666,4,2482,California
Trinity,2021-03-22,2,4029,0,430,2,3471,0,128,2,818,0,1666,2,2484,California
Trinity,2021-03-23,96,4125,1,431,95,3566,0,128,79,880,17,1683,79,2563,California
Trinity,2021-03-24,9,4134,1,432,8,3574,0,128,9,889,0,1683,9,2572,California
Trinity,2021-03-25,105,4239,6,438,93,3667,6,134,82,954,23,1706,88,2660,California
Trinity,2021-03-26,15,4254,2,440,13,3680,0,134,9,957,6,1712,9,2669,California
Trinity,2021-03-27,15,4269,3,443,3,3683,9,143,5,961,10,1722,14,2683,California
Trinity,2021-03-28,6,4275,4,447,2,3685,0,143,1,957,5,1727,1,2684,California
Trinity,2021-03-29,4,4279,0,447,4,3689,0,143,1,955,3,1730,1,2685,California
Trinity,2021-03-30,75,4354,4,451,71,3760,0,143,67,1014,8,1738,67,2752,California
Trinity,2021-03-31,56,4410,5,456,19,3779,32,175,21,1031,35,1773,52,2804,California
Trinity,2021-04-01,38,4448,11,467,16,3795,11,186,19,1042,19,1792,30,2834,California
Trinity,2021-04-02,164,4612,6,473,84,3879,74,260,71,1095,92,1884,145,2979,California
Trinity,2021-04-03,19,4631,14,487,5,3884,0,260,9,1094,10,1894,9,2988,California
Trinity,2021-04-04,10,4641,8,495,2,3886,0,260,10,1104,0,1894,10,2998,California
Trinity,2021-04-05,59,4700,7,502,51,3937,1,261,55,1156,4,1898,56,3054,California
Trinity,2021-04-06,106,4806,10,512,93,4030,3,264,19,1091,87,1985,22,3076,California
Trinity,2021-04-07,19,4825,10,522,4,4034,5,269,13,1103,6,1991,18,3094,California
Trinity,2021-04-08,91,4916,13,535,76,4110,2,271,54,1123,36,2027,56,3150,California
Trinity,2021-04-09,56,4972,16,551,36,4146,4,275,38,1147,18,2045,42,3192,California
Trinity,2021-04-10,11,4983,4,555,5,4151,2,277,8,1154,3,2048,10,3202,California
Trinity,2021-04-11,6,4989,3,558,1,4152,2,279,3,1156,3,2051,5,3207,California
Trinity,2021-04-12,77,5066,5,563,71,4223,1,280,64,1208,12,2063,64,3271,California
Trinity,2021-04-13,97,5163,5,568,92,4315,0,280,13,1137,84,2147,13,3284,California
Trinity,2021-04-14,1,5164,0,568,1,4316,0,280,1,1138,0,2147,1,3285,California
Tulare,2020-12-16,3,3,3,3,0,0,0,0,3,3,0,0,3,3,California
Tulare,2020-12-17,110,113,110,113,0,0,0,0,110,113,0,0,110,113,California
Tulare,2020-12-18,290,403,290,403,0,0,0,0,290,403,0,0,290,403,California
Tulare,2020-12-19,327,730,327,730,0,0,0,0,327,730,0,0,327,730,California
Tulare,2020-12-20,167,897,166,896,1,1,0,0,167,897,0,0,167,897,California
Tulare,2020-12-21,422,1319,422,1318,0,1,0,0,442,1339,0,0,442,1339,California
Tulare,2020-12-22,470,1789,468,1786,2,3,0,0,469,1808,0,0,469,1808,California
Tulare,2020-12-23,328,2117,320,2106,8,11,0,0,326,2134,0,0,326,2134,California
Tulare,2020-12-24,18,2135,16,2122,2,13,0,0,18,2152,0,0,18,2152,California
Tulare,2020-12-26,8,2143,7,2129,1,14,0,0,8,2160,0,0,8,2160,California
Tulare,2020-12-27,16,2159,12,2141,4,18,0,0,16,2176,0,0,16,2176,California
Tulare,2020-12-28,484,2643,472,2613,12,30,0,0,483,2659,0,0,483,2659,California
Tulare,2020-12-29,544,3187,477,3090,67,97,0,0,544,3203,0,0,544,3203,California
Tulare,2020-12-30,473,3660,434,3524,39,136,0,0,473,3676,0,0,473,3676,California
Tulare,2020-12-31,94,3754,22,3546,72,208,0,0,94,3770,0,0,94,3770,California
Tulare,2021-01-01,1,3755,0,3546,1,209,0,0,1,3771,0,0,1,3771,California
Tulare,2021-01-02,29,3784,18,3564,11,220,0,0,29,3800,0,0,29,3800,California
Tulare,2021-01-03,22,3806,9,3573,13,233,0,0,22,3822,0,0,22,3822,California
Tulare,2021-01-04,91,3897,16,3589,75,308,0,0,91,3913,0,0,91,3913,California
Tulare,2021-01-05,460,4357,278,3867,182,490,0,0,458,4369,2,2,458,4371,California
Tulare,2021-01-06,865,5222,636,4503,229,719,0,0,855,5214,10,12,855,5226,California
Tulare,2021-01-07,783,6005,585,5088,198,917,0,0,677,5785,106,118,677,5903,California
Tulare,2021-01-08,1263,7268,574,5662,689,1606,0,0,925,6373,337,455,925,6828,California
Tulare,2021-01-09,741,8009,203,5865,538,2144,0,0,554,6740,187,642,554,7382,California
Tulare,2021-01-10,49,8058,43,5908,6,2150,0,0,10,6711,39,681,10,7392,California
Tulare,2021-01-11,1202,9260,765,6673,437,2587,0,0,767,7043,435,1116,767,8159,California
Tulare,2021-01-12,1400,10660,487,7160,913,3500,0,0,993,7630,407,1523,994,9153,California
Tulare,2021-01-13,457,11117,227,7387,230,3730,0,0,383,7939,74,1597,383,9536,California
Tulare,2021-01-14,491,11608,141,7528,350,4080,0,0,465,8389,15,1612,465,10001,California
Tulare,2021-01-15,1617,13225,149,7677,1468,5548,0,0,1608,9988,9,1621,1608,11609,California
Tulare,2021-01-16,1899,15124,114,7791,1785,7333,0,0,1885,11859,14,1635,1885,13494,California
Tulare,2021-01-17,140,15264,121,7912,19,7352,0,0,130,11979,10,1645,130,13624,California
Tulare,2021-01-18,695,15959,662,8574,33,7385,0,0,295,11874,400,2045,295,13919,California
Tulare,2021-01-19,1005,16964,682,9256,323,7708,0,0,578,12025,427,2472,578,14497,California
Tulare,2021-01-20,2375,19339,563,9819,1812,9520,0,0,1990,13630,385,2857,1990,16487,California
Tulare,2021-01-21,1507,20846,150,9969,1357,10877,0,0,1481,15090,21,2878,1481,17968,California
Tulare,2021-01-22,1053,21899,186,10155,867,11744,0,0,1029,16096,23,2901,1029,18997,California
Tulare,2021-01-23,437,22336,156,10311,281,12025,0,0,416,16491,21,2922,416,19413,California
Tulare,2021-01-24,30,22366,27,10338,3,12028,0,0,28,16517,2,2924,28,19441,California
Tulare,2021-01-25,1325,23691,980,11318,345,12373,0,0,1296,17784,29,2953,1296,20737,California
Tulare,2021-01-26,1496,25187,1098,12416,398,12771,0,0,1173,18635,322,3275,1173,21910,California
Tulare,2021-01-27,1456,26643,1070,13486,386,13157,0,0,878,18935,578,3853,878,22788,California
Tulare,2021-01-28,1198,27841,768,14254,430,13587,0,0,802,19341,396,4249,802,23590,California
Tulare,2021-01-29,1128,28969,719,14973,409,13996,0,0,818,19849,310,4559,818,24408,California
Tulare,2021-01-30,1671,30640,1578,16551,93,14089,0,0,1647,21473,24,4583,1648,26056,California
Tulare,2021-01-31,51,30691,47,16598,4,14093,0,0,48,21518,3,4586,48,26104,California
Tulare,2021-02-01,1181,31872,915,17513,266,14359,0,0,832,22002,348,4934,832,26936,California
Tulare,2021-02-02,674,32546,327,17840,347,14706,0,0,443,22217,229,5163,444,27380,California
Tulare,2021-02-03,609,33155,285,18125,324,15030,0,0,334,22278,273,5436,334,27714,California
Tulare,2021-02-04,553,33708,165,18290,388,15418,0,0,268,22262,285,5721,269,27983,California
Tulare,2021-02-05,1228,34936,230,18520,998,16416,0,0,416,21868,810,6531,416,28399,California
Tulare,2021-02-06,835,35771,156,18676,679,17095,0,0,269,21574,564,7095,270,28669,California
Tulare,2021-02-07,78,35849,65,18741,13,17108,0,0,24,21544,54,7149,24,28693,California
Tulare,2021-02-08,947,36796,333,19074,614,17722,0,0,306,21212,638,7787,306,28999,California
Tulare,2021-02-09,1403,38199,325,19399,1078,18800,0,0,359,20532,1039,8826,359,29358,California
Tulare,2021-02-10,2470,40669,1987,21386,483,19283,0,0,2071,22207,396,9222,2071,31429,California
Tulare,2021-02-11,1322,41991,376,21762,946,20229,0,0,937,22759,385,9607,937,32366,California
Tulare,2021-02-12,2779,44770,578,22340,2201,22430,0,0,1218,22423,1554,11161,1218,33584,California
Tulare,2021-02-13,2478,47248,157,22497,2321,24751,0,0,667,21282,1808,12969,667,34251,California
Tulare,2021-02-14,329,47577,36,22533,293,25044,0,0,296,21545,33,13002,296,34547,California
Tulare,2021-02-15,913,48490,291,22824,622,25666,0,0,656,21945,256,13258,656,35203,California
Tulare,2021-02-16,2830,51320,1596,24420,1234,26900,0,0,1081,21277,1749,15007,1081,36284,California
Tulare,2021-02-17,2696,54016,509,24929,2187,29087,0,0,462,19510,2229,17236,462,36746,California
Tulare,2021-02-18,2302,56318,457,25386,1845,30932,0,0,640,18496,1654,18890,640,37386,California
Tulare,2021-02-19,2295,58613,855,26241,1440,32372,0,0,945,18093,1348,20238,945,38331,California
Tulare,2021-02-20,2988,61601,1891,28132,1097,33469,0,0,1267,17644,1716,21954,1267,39598,California
Tulare,2021-02-21,87,61688,83,28215,4,33473,0,0,52,17661,35,21989,52,39650,California
Tulare,2021-02-22,1107,62795,703,28918,404,33877,0,0,214,16983,892,22881,214,39864,California
Tulare,2021-02-23,1943,64738,939,29857,1004,34881,0,0,1455,17951,487,23368,1455,41319,California
Tulare,2021-02-24,2471,67209,1545,31402,926,35807,0,0,2091,19664,379,23747,2092,43411,California
Tulare,2021-02-25,3487,70696,1949,33351,1538,37345,0,0,3070,22321,413,24160,3070,46481,California
Tulare,2021-02-26,3836,74532,1878,35229,1958,39303,0,0,3376,25240,458,24618,3377,49858,California
Tulare,2021-02-27,2892,77424,1386,36615,1506,40809,0,0,2762,27883,119,24737,2762,52620,California
Tulare,2021-02-28,1305,78729,1033,37648,272,41081,0,0,1285,29151,17,24754,1285,53905,California
Tulare,2021-03-01,1737,80466,771,38419,966,42047,0,0,1553,30522,182,24936,1553,55458,California
Tulare,2021-03-02,2670,83136,1185,39604,1485,43532,0,0,2507,32869,161,25097,2508,57966,California
Tulare,2021-03-03,3776,86912,2481,42085,1295,44827,0,0,1831,32758,1944,27041,1833,59799,California
Tulare,2021-03-04,2857,89769,1287,43372,1570,46397,0,0,2545,34994,309,27350,2545,62344,California
Tulare,2021-03-05,3279,93048,1692,45064,1572,47969,15,15,2775,37285,501,27851,2792,65136,California
Tulare,2021-03-06,3058,96106,1430,46494,1569,49538,59,74,2808,39903,247,28098,2865,68001,California
Tulare,2021-03-07,1091,97197,681,47175,390,49928,20,94,1052,40936,39,28137,1072,69073,California
Tulare,2021-03-08,1664,98861,980,48155,516,50444,168,262,1351,42144,310,28447,1518,70591,California
Tulare,2021-03-09,2764,101625,1778,49933,839,51283,147,409,2389,44305,374,28821,2535,73126,California
Tulare,2021-03-10,2778,104403,1381,51314,1222,52505,175,584,2401,46510,369,29190,2574,75700,California
Tulare,2021-03-11,4108,108511,1949,53263,1859,54364,300,884,3170,49048,932,30122,3470,79170,California
Tulare,2021-03-12,4302,112813,2367,55630,1591,55955,344,1228,3057,51217,1234,31356,3403,82573,California
Tulare,2021-03-13,3965,116778,1831,57461,2028,57983,106,1334,3066,53494,894,32250,3171,85744,California
Tulare,2021-03-14,1796,118574,972,58433,605,58588,219,1553,1272,54461,523,32773,1490,87234,California
Tulare,2021-03-15,2689,121263,1577,60010,997,59585,115,1668,1919,55728,768,33541,2035,89269,California
Tulare,2021-03-16,3396,124659,2103,62113,1216,60801,77,1745,1855,56125,1538,35079,1935,91204,California
Tulare,2021-03-17,3973,128632,2588,64701,1308,62109,77,1822,2240,56722,1727,36806,2324,93528,California
Tulare,2021-03-18,4468,133100,3260,67961,1137,63246,71,1893,2364,57062,2097,38903,2437,95965,California
Tulare,2021-03-19,5019,138119,3292,71253,1531,64777,196,2089,2681,57617,2324,41227,2879,98844,California
Tulare,2021-03-20,4269,142388,2614,73867,1284,66061,371,2460,1986,57701,2276,43503,2360,101204,California
Tulare,2021-03-21,1860,144248,1588,75455,246,66307,26,2486,956,57782,901,44404,982,102186,California
Tulare,2021-03-22,2467,146715,1693,77148,663,66970,111,2597,1649,58733,811,45215,1762,103948,California
Tulare,2021-03-23,3637,150352,2057,79205,1530,68500,50,2647,2015,59193,1611,46826,2071,106019,California
Tulare,2021-03-24,3088,153440,1898,81103,1148,69648,42,2689,1816,59785,1266,48092,1858,107877,California
Tulare,2021-03-25,3367,156807,1729,82832,1469,71117,169,2858,1649,59893,1712,49804,1820,109697,California
Tulare,2021-03-26,5074,161881,3000,85832,1964,73081,110,2968,2469,59885,2587,52391,2579,112276,California
Tulare,2021-03-27,3401,165282,1727,87559,1577,74658,97,3065,923,58435,2469,54860,1019,113295,California
Tulare,2021-03-28,1415,166697,1022,88581,362,75020,31,3096,658,58374,756,55616,695,113990,California
Tulare,2021-03-29,2838,169535,1620,90201,1106,76126,112,3208,1211,58076,1623,57239,1325,115315,California
Tulare,2021-03-30,4527,174062,2575,92776,1722,77848,230,3438,1744,57270,2776,60015,1970,117285,California
Tulare,2021-03-31,3708,177770,2165,94941,1433,79281,110,3548,1541,56764,2159,62174,1653,118938,California
Tulare,2021-04-01,4294,182064,2320,97261,1910,81191,64,3612,1505,55550,2784,64958,1570,120508,California
Tulare,2021-04-02,5143,187207,2917,100178,2108,83299,118,3730,1663,53868,3464,68422,1782,122290,California
Tulare,2021-04-03,3427,190634,2004,102182,1112,84411,311,4041,851,52493,2537,70959,1162,123452,California
Tulare,2021-04-04,1576,192210,1115,103297,454,84865,7,4048,381,51688,1193,72152,388,123840,California
Tulare,2021-04-05,3277,195487,2300,105597,718,85583,259,4307,865,50412,2400,74552,1124,124964,California
Tulare,2021-04-06,3232,198719,1465,107062,1285,86868,482,4789,935,49541,2292,76844,1421,126385,California
Tulare,2021-04-07,3730,202449,1794,108856,1529,88397,407,5196,1235,48687,2489,79333,1635,128020,California
Tulare,2021-04-08,4458,206907,2547,111403,1455,89852,456,5652,1496,47682,2955,82288,1950,129970,California
Tulare,2021-04-09,4057,210964,2490,113893,1185,91037,382,6034,1570,47155,2480,84768,1953,131923,California
Tulare,2021-04-10,3580,214544,1870,115763,1390,92427,320,6354,966,45830,2609,87377,1284,133207,California
Tulare,2021-04-11,1520,216064,988,116751,459,92886,73,6427,568,45521,949,88326,640,133847,California
Tulare,2021-04-12,2169,218233,1408,118159,554,93440,207,6634,808,45188,1348,89674,1015,134862,California
Tulare,2021-04-13,1501,219734,793,118952,698,94138,10,6644,650,45006,845,90519,663,135525,California
Tulare,2021-04-14,787,220521,316,119268,471,94609,0,6644,269,44761,516,91035,271,135796,California
Tuolumne,2020-12-16,46,46,46,46,0,0,0,0,46,46,0,0,46,46,California
Tuolumne,2020-12-17,22,68,22,68,0,0,0,0,22,68,0,0,22,68,California
Tuolumne,2020-12-18,174,242,173,241,1,1,0,0,174,242,0,0,174,242,California
Tuolumne,2020-12-19,7,249,7,248,0,1,0,0,7,249,0,0,7,249,California
Tuolumne,2020-12-20,1,250,1,249,0,1,0,0,1,250,0,0,1,250,California
Tuolumne,2020-12-21,116,366,102,351,14,15,0,0,116,366,0,0,116,366,California
Tuolumne,2020-12-22,169,535,169,520,0,15,0,0,169,535,0,0,169,535,California
Tuolumne,2020-12-23,193,728,191,711,2,17,0,0,193,728,0,0,193,728,California
Tuolumne,2020-12-26,3,731,3,714,0,17,0,0,3,731,0,0,3,731,California
Tuolumne,2020-12-28,78,809,77,791,1,18,0,0,78,809,0,0,78,809,California
Tuolumne,2020-12-29,111,920,40,831,71,89,0,0,111,920,0,0,111,920,California
Tuolumne,2020-12-30,82,1002,22,853,60,149,0,0,82,1002,0,0,82,1002,California
Tuolumne,2020-12-31,27,1029,20,873,7,156,0,0,27,1029,0,0,27,1029,California
Tuolumne,2021-01-01,6,1035,5,878,1,157,0,0,6,1035,0,0,6,1035,California
Tuolumne,2021-01-02,118,1153,115,993,3,160,0,0,118,1153,0,0,118,1153,California
Tuolumne,2021-01-03,3,1156,2,995,1,161,0,0,3,1156,0,0,3,1156,California
Tuolumne,2021-01-04,70,1226,27,1022,43,204,0,0,70,1226,0,0,70,1226,California
Tuolumne,2021-01-05,95,1321,26,1048,69,273,0,0,93,1317,2,2,93,1319,California
Tuolumne,2021-01-06,112,1433,52,1100,60,333,0,0,68,1341,44,46,68,1387,California
Tuolumne,2021-01-07,119,1552,61,1161,58,391,0,0,65,1352,54,100,65,1452,California
Tuolumne,2021-01-08,178,1730,153,1314,25,416,0,0,27,1231,150,250,29,1481,California
Tuolumne,2021-01-09,2,1732,1,1315,1,417,0,0,1,1232,1,251,2,1483,California
Tuolumne,2021-01-10,3,1735,1,1316,2,419,0,0,3,1235,0,251,3,1486,California
Tuolumne,2021-01-11,116,1851,90,1406,26,445,0,0,33,1185,83,334,33,1519,California
Tuolumne,2021-01-12,103,1954,87,1493,16,461,0,0,17,1117,86,420,18,1537,California
Tuolumne,2021-01-13,239,2193,129,1622,110,571,0,0,185,1249,54,474,186,1723,California
Tuolumne,2021-01-14,129,2322,91,1713,38,609,0,0,42,1205,86,560,42,1765,California
Tuolumne,2021-01-15,475,2797,73,1786,402,1011,0,0,412,1556,62,622,413,2178,California
Tuolumne,2021-01-16,7,2804,3,1789,4,1015,0,0,6,1561,1,623,6,2184,California
Tuolumne,2021-01-17,5,2809,2,1791,3,1018,0,0,5,1566,0,623,5,2189,California
Tuolumne,2021-01-18,47,2856,39,1830,8,1026,0,0,9,1538,37,660,9,2198,California
Tuolumne,2021-01-19,474,3330,72,1902,402,1428,0,0,430,1924,44,704,430,2628,California
Tuolumne,2021-01-20,77,3407,60,1962,17,1445,0,0,24,1895,53,757,24,2652,California
Tuolumne,2021-01-21,56,3463,22,1984,34,1479,0,0,41,1921,15,772,41,2693,California
Tuolumne,2021-01-22,181,3644,13,1997,168,1647,0,0,175,2090,6,778,175,2868,California
Tuolumne,2021-01-23,664,4308,146,2143,518,2165,0,0,551,2538,113,891,561,3429,California
Tuolumne,2021-01-24,523,4831,1,2144,522,2687,0,0,519,3055,3,894,520,3949,California
Tuolumne,2021-01-25,48,4879,27,2171,21,2708,0,0,22,3052,26,920,23,3972,California
Tuolumne,2021-01-26,80,4959,68,2239,12,2720,0,0,40,3053,40,960,41,4013,California
Tuolumne,2021-01-27,61,5020,4,2243,57,2777,0,0,7,3007,53,1013,7,4020,California
Tuolumne,2021-01-28,27,5047,7,2250,20,2797,0,0,18,3016,9,1022,18,4038,California
Tuolumne,2021-01-29,70,5117,6,2256,64,2861,0,0,32,3010,38,1060,32,4070,California
Tuolumne,2021-01-30,710,5827,552,2808,158,3019,0,0,690,3694,20,1080,704,4774,California
Tuolumne,2021-01-31,8,5835,2,2810,6,3025,0,0,5,3696,3,1083,5,4779,California
Tuolumne,2021-02-01,24,5859,6,2816,18,3043,0,0,21,3714,3,1086,21,4800,California
Tuolumne,2021-02-02,648,6507,36,2852,612,3655,0,0,638,4343,9,1095,638,5438,California
Tuolumne,2021-02-03,239,6746,108,2960,131,3786,0,0,85,4274,154,1249,85,5523,California
Tuolumne,2021-02-04,125,6871,13,2973,112,3898,0,0,64,4275,63,1312,64,5587,California
Tuolumne,2021-02-05,100,6971,12,2985,88,3986,0,0,36,4248,63,1375,36,5623,California
Tuolumne,2021-02-06,856,7827,584,3569,272,4258,0,0,853,5098,3,1378,853,6476,California
Tuolumne,2021-02-07,7,7834,4,3573,3,4261,0,0,3,5097,4,1382,3,6479,California
Tuolumne,2021-02-08,91,7925,40,3613,51,4312,0,0,67,5140,24,1406,67,6546,California
Tuolumne,2021-02-09,867,8792,51,3664,816,5128,0,0,830,5933,37,1443,830,7376,California
Tuolumne,2021-02-10,88,8880,14,3678,74,5202,0,0,26,5899,60,1503,26,7402,California
Tuolumne,2021-02-11,139,9019,65,3743,74,5276,0,0,75,5910,64,1567,75,7477,California
Tuolumne,2021-02-12,640,9659,15,3758,625,5901,0,0,201,5674,438,2005,202,7679,California
Tuolumne,2021-02-13,146,9805,41,3799,105,6006,0,0,115,5764,25,2030,115,7794,California
Tuolumne,2021-02-14,148,9953,12,3811,136,6142,0,0,147,5910,1,2031,147,7941,California
Tuolumne,2021-02-15,184,10137,10,3821,174,6316,0,0,175,6076,9,2040,175,8116,California
Tuolumne,2021-02-16,525,10662,17,3838,508,6824,0,0,122,5799,401,2441,124,8240,California
Tuolumne,2021-02-17,109,10771,63,3901,46,6870,0,0,63,5817,45,2486,63,8303,California
Tuolumne,2021-02-18,680,11451,24,3925,656,7526,0,0,632,6401,48,2534,632,8935,California
Tuolumne,2021-02-19,132,11583,21,3946,111,7637,0,0,43,6355,89,2623,43,8978,California
Tuolumne,2021-02-20,904,12487,341,4287,563,8200,0,0,386,6236,506,3129,387,9365,California
Tuolumne,2021-02-21,974,13461,33,4320,941,9141,0,0,472,6209,499,3628,472,9837,California
Tuolumne,2021-02-22,79,13540,57,4377,22,9163,0,0,48,6227,30,3658,48,9885,California
Tuolumne,2021-02-23,46,13586,23,4400,23,9186,0,0,25,6232,20,3678,25,9910,California
Tuolumne,2021-02-24,89,13675,58,4458,31,9217,0,0,42,6228,46,3724,42,9952,California
Tuolumne,2021-02-25,1054,14729,33,4491,1021,10238,0,0,1023,7220,31,3755,1023,10975,California
Tuolumne,2021-02-26,141,14870,9,4500,132,10370,0,0,120,7319,21,3776,120,11095,California
Tuolumne,2021-02-27,949,15819,575,5075,374,10744,0,0,248,6880,687,4463,248,11343,California
Tuolumne,2021-02-28,55,15874,4,5079,51,10795,0,0,52,6930,2,4465,52,11395,California
Tuolumne,2021-03-01,106,15980,19,5098,87,10882,0,0,72,6970,33,4498,73,11468,California
Tuolumne,2021-03-02,710,16690,75,5173,635,11517,0,0,108,6476,602,5100,108,11576,California
Tuolumne,2021-03-03,87,16777,19,5192,68,11585,0,0,64,6517,23,5123,64,11640,California
Tuolumne,2021-03-04,1168,17945,70,5262,1098,12683,0,0,1105,7559,63,5186,1105,12745,California
Tuolumne,2021-03-05,82,18027,9,5271,73,12756,0,0,47,7573,34,5220,48,12793,California
Tuolumne,2021-03-06,1054,19081,606,5877,446,13202,2,2,204,6930,849,6069,206,12999,California
Tuolumne,2021-03-07,40,19121,12,5889,14,13216,14,16,18,6940,22,6091,32,13031,California
Tuolumne,2021-03-08,211,19332,88,5977,116,13332,7,23,156,7047,56,6147,163,13194,California
Tuolumne,2021-03-09,862,20194,13,5990,838,14170,11,34,76,6349,785,6932,87,13281,California
Tuolumne,2021-03-10,85,20279,13,6003,61,14231,11,45,61,6397,24,6956,72,13353,California
Tuolumne,2021-03-11,1277,21556,31,6034,1242,15473,4,49,1254,7634,23,6979,1260,14613,California
Tuolumne,2021-03-12,295,21851,31,6065,249,15722,15,64,189,7737,104,7083,207,14820,California
Tuolumne,2021-03-13,96,21947,11,6076,85,15807,0,64,79,7800,17,7100,80,14900,California
Tuolumne,2021-03-14,140,22087,8,6084,123,15930,9,73,8,7690,132,7232,22,14922,California
Tuolumne,2021-03-15,309,22396,79,6163,228,16158,2,75,116,7622,193,7425,125,15047,California
Tuolumne,2021-03-16,819,23215,39,6202,769,16927,11,86,683,8181,136,7561,695,15742,California
Tuolumne,2021-03-17,160,23375,30,6232,115,17042,15,101,85,8206,74,7635,99,15841,California
Tuolumne,2021-03-18,961,24336,26,6258,920,17962,15,116,329,7919,632,8267,345,16186,California
Tuolumne,2021-03-19,141,24477,14,6272,94,18056,33,149,79,7970,60,8327,111,16297,California
Tuolumne,2021-03-20,89,24566,6,6278,73,18129,10,159,36,7963,52,8379,45,16342,California
Tuolumne,2021-03-21,834,25400,390,6668,435,18564,9,168,42,7224,790,9169,51,16393,California
Tuolumne,2021-03-22,172,25572,71,6739,82,18646,19,187,106,7283,66,9235,125,16518,California
Tuolumne,2021-03-23,722,26294,636,7375,72,18718,14,201,685,7944,37,9272,698,17216,California
Tuolumne,2021-03-24,118,26412,18,7393,82,18800,18,219,86,8017,31,9303,104,17320,California
Tuolumne,2021-03-25,1292,27704,19,7412,1270,20070,3,222,322,7373,969,10272,325,17645,California
Tuolumne,2021-03-26,285,27989,11,7423,251,20321,23,245,131,7392,135,10407,154,17799,California
Tuolumne,2021-03-27,579,28568,54,7477,525,20846,0,245,317,7448,262,10669,318,18117,California
Tuolumne,2021-03-28,50,28618,7,7484,43,20889,0,245,10,7421,38,10707,11,18128,California
Tuolumne,2021-03-29,229,28847,80,7564,149,21038,0,245,120,7448,93,10800,120,18248,California
Tuolumne,2021-03-30,168,29015,12,7576,155,21193,1,246,125,7532,42,10842,126,18374,California
Tuolumne,2021-03-31,96,29111,13,7589,81,21274,2,248,40,7521,55,10897,44,18418,California
Tuolumne,2021-04-01,1250,30361,24,7613,1226,22500,0,248,233,6739,1016,11913,234,18652,California
Tuolumne,2021-04-02,176,30537,11,7624,139,22639,26,274,104,6797,72,11985,130,18782,California
Tuolumne,2021-04-03,414,30951,32,7656,382,23021,0,274,231,6847,183,12168,233,19015,California
Tuolumne,2021-04-04,32,30983,0,7656,32,23053,0,274,21,6858,10,12178,21,19036,California
Tuolumne,2021-04-05,144,31127,18,7674,120,23173,6,280,62,6844,82,12260,68,19104,California
Tuolumne,2021-04-06,653,31780,510,8184,117,23290,26,306,519,7256,134,12394,546,19650,California
Tuolumne,2021-04-07,133,31913,35,8219,80,23370,18,324,49,7239,84,12478,67,19717,California
Tuolumne,2021-04-08,1418,33331,25,8244,1379,24749,14,338,251,6339,1165,13643,265,19982,California
Tuolumne,2021-04-09,267,33598,42,8286,183,24932,42,380,134,6385,131,13774,177,20159,California
Tuolumne,2021-04-10,51,33649,2,8288,24,24956,25,405,15,6390,35,13809,40,20199,California
Tuolumne,2021-04-11,19,33668,3,8291,13,24969,3,408,13,6400,6,13815,16,20215,California
Tuolumne,2021-04-12,156,33824,66,8357,85,25054,5,413,88,6431,62,13877,93,20308,California
Tuolumne,2021-04-13,657,34481,30,8387,627,25681,0,413,138,6057,512,14389,138,20446,California
Tuolumne,2021-04-14,96,34577,12,8399,84,25765,0,413,43,6049,51,14440,43,20489,California
Ventura,2020-12-15,5,5,5,5,0,0,0,0,5,5,0,0,5,5,California
Ventura,2020-12-16,72,77,72,77,0,0,0,0,72,77,0,0,72,77,California
Ventura,2020-12-17,249,326,249,326,0,0,0,0,249,326,0,0,249,326,California
Ventura,2020-12-18,1410,1736,1410,1736,0,0,0,0,1410,1736,0,0,1410,1736,California
Ventura,2020-12-19,911,2647,911,2647,0,0,0,0,911,2647,0,0,911,2647,California
Ventura,2020-12-20,430,3077,430,3077,0,0,0,0,430,3077,0,0,430,3077,California
Ventura,2020-12-21,1470,4547,1470,4547,0,0,0,0,1470,4547,0,0,1470,4547,California
Ventura,2020-12-22,1105,5652,1100,5647,5,5,0,0,1105,5652,0,0,1105,5652,California
Ventura,2020-12-23,1026,6678,979,6626,47,52,0,0,1026,6678,0,0,1026,6678,California
Ventura,2020-12-24,477,7155,379,7005,98,150,0,0,477,7155,0,0,477,7155,California
Ventura,2020-12-25,11,7166,7,7012,4,154,0,0,11,7166,0,0,11,7166,California
Ventura,2020-12-26,110,7276,89,7101,21,175,0,0,110,7276,0,0,110,7276,California
Ventura,2020-12-27,58,7334,27,7128,31,206,0,0,58,7334,0,0,58,7334,California
Ventura,2020-12-28,1067,8401,929,8057,138,344,0,0,1067,8401,0,0,1067,8401,California
Ventura,2020-12-29,1167,9568,761,8818,406,750,0,0,1167,9568,0,0,1167,9568,California
Ventura,2020-12-30,1984,11552,1517,10335,467,1217,0,0,1984,11552,0,0,1984,11552,California
Ventura,2020-12-31,478,12030,162,10497,316,1533,0,0,478,12030,0,0,478,12030,California
Ventura,2021-01-01,18,12048,4,10501,14,1547,0,0,18,12048,0,0,18,12048,California
Ventura,2021-01-02,171,12219,79,10580,92,1639,0,0,171,12219,0,0,171,12219,California
Ventura,2021-01-03,15,12234,8,10588,7,1646,0,0,15,12234,0,0,15,12234,California
Ventura,2021-01-04,1078,13312,548,11136,530,2176,0,0,1077,13311,0,0,1077,13311,California
Ventura,2021-01-05,1372,14684,777,11913,595,2771,0,0,1332,14603,40,40,1332,14643,California
Ventura,2021-01-06,2055,16739,1178,13091,877,3648,0,0,1624,15807,422,462,1626,16269,California
Ventura,2021-01-07,2071,18810,1330,14421,741,4389,0,0,1184,16106,885,1347,1184,17453,California
Ventura,2021-01-08,2199,21009,1476,15897,723,5112,0,0,906,15722,1291,2638,907,18360,California
Ventura,2021-01-09,722,21731,501,16398,221,5333,0,0,319,15638,403,3041,319,18679,California
Ventura,2021-01-10,336,22067,324,16722,12,5345,0,0,122,15546,214,3255,122,18801,California
Ventura,2021-01-11,2447,24514,1490,18212,957,6302,0,0,1494,16089,953,4208,1496,20297,California
Ventura,2021-01-12,3034,27548,1603,19815,1431,7733,0,0,2012,17079,1022,5230,2012,22309,California
Ventura,2021-01-13,2927,30475,1422,21237,1505,9238,0,0,2044,18243,881,6111,2045,24354,California
Ventura,2021-01-14,2726,33201,1057,22294,1669,10907,0,0,2281,20081,444,6555,2282,26636,California
Ventura,2021-01-15,2887,36088,968,23262,1919,12826,0,0,2675,22545,212,6767,2676,29312,California
Ventura,2021-01-16,485,36573,186,23448,299,13125,0,0,404,22868,81,6848,404,29716,California
Ventura,2021-01-17,260,36833,137,23585,123,13248,0,0,254,23116,6,6854,254,29970,California
Ventura,2021-01-18,2218,39051,1672,25257,546,13794,0,0,1668,24236,549,7403,1669,31639,California
Ventura,2021-01-19,3031,42082,2115,27372,916,14710,0,0,2139,25485,892,8295,2141,33780,California
Ventura,2021-01-20,4054,46136,3104,30476,950,15660,0,0,3019,27473,1032,9327,3020,36800,California
Ventura,2021-01-21,3829,49965,2666,33142,1163,16823,0,0,3160,29968,666,9993,3161,39961,California
Ventura,2021-01-22,3600,53565,2481,35623,1119,17942,0,0,3439,33246,161,10154,3439,43400,California
Ventura,2021-01-23,1183,54748,649,36272,534,18476,0,0,1082,34230,100,10254,1084,44484,California
Ventura,2021-01-24,450,55198,135,36407,315,18791,0,0,437,34654,13,10267,437,44921,California
Ventura,2021-01-25,3145,58343,2026,38433,1119,19910,0,0,2595,36700,549,10816,2595,47516,California
Ventura,2021-01-26,3696,62039,2195,40628,1501,21411,0,0,2701,38412,994,11810,2706,50222,California
Ventura,2021-01-27,3444,65483,1550,42178,1894,23305,0,0,2706,40383,735,12545,2706,52928,California
Ventura,2021-01-28,3851,69334,1979,44157,1872,25177,0,0,3237,43024,597,13142,3238,56166,California
Ventura,2021-01-29,4233,73567,2505,46662,1728,26905,0,0,3739,46281,482,13624,3739,59905,California
Ventura,2021-01-30,3027,76594,1957,48619,1070,27975,0,0,2858,48974,166,13790,2859,62764,California
Ventura,2021-01-31,833,77427,447,49066,386,28361,0,0,749,49639,84,13874,749,63513,California
Ventura,2021-02-01,3924,81351,2104,51170,1820,30181,0,0,3159,52036,763,14637,3160,66673,California
Ventura,2021-02-02,4403,85754,2371,53541,2032,32213,0,0,3381,54400,1018,15655,3382,70055,California
Ventura,2021-02-03,4455,90209,2089,55630,2366,34579,0,0,3447,56845,1003,16658,3448,73503,California
Ventura,2021-02-04,4754,94963,2274,57904,2480,37059,0,0,3507,59114,1240,17898,3509,77012,California
Ventura,2021-02-05,4829,99792,2311,60215,2518,39577,0,0,3337,60974,1479,19377,3339,80351,California
Ventura,2021-02-06,2830,102622,1513,61728,1317,40894,0,0,2430,63004,400,19777,2430,82781,California
Ventura,2021-02-07,708,103330,241,61969,467,41361,0,0,583,63463,125,19902,584,83365,California
Ventura,2021-02-08,3496,106826,1622,63591,1874,43235,0,0,2428,64828,1063,20965,2428,85793,California
Ventura,2021-02-09,4714,111540,1970,65561,2744,45979,0,0,2467,65051,2246,23211,2469,88262,California
Ventura,2021-02-10,4701,116241,2232,67793,2469,48448,0,0,2397,65155,2294,25505,2398,90660,California
Ventura,2021-02-11,4649,120890,1855,69648,2794,51242,0,0,2440,65397,2202,27707,2444,93104,California
Ventura,2021-02-12,6288,127178,2649,72297,3639,54881,0,0,3216,65543,3070,30777,3216,96320,California
Ventura,2021-02-13,3290,130468,1826,74123,1464,56345,0,0,1840,65939,1446,32223,1842,98162,California
Ventura,2021-02-14,1225,131693,123,74246,1102,57447,0,0,1010,66735,215,32438,1011,99173,California
Ventura,2021-02-15,3986,135679,1795,76041,2191,59638,0,0,2116,66984,1867,34305,2116,101289,California
Ventura,2021-02-16,5525,141204,2697,78738,2828,62466,0,0,3012,67489,2507,36812,3012,104301,California
Ventura,2021-02-17,5222,146426,1913,80651,3309,65775,0,0,3263,68801,1951,38763,3263,107564,California
Ventura,2021-02-18,5771,152197,1827,82478,3944,69719,0,0,3632,70306,2129,40892,3634,111198,California
Ventura,2021-02-19,6434,158631,3763,86241,2671,72390,0,0,3003,69886,3424,44316,3004,114202,California
Ventura,2021-02-20,4918,163549,3158,89399,1760,74150,0,0,2764,70503,2150,46466,2767,116969,California
Ventura,2021-02-21,1039,164588,752,90151,287,74437,0,0,427,70322,608,47074,427,117396,California
Ventura,2021-02-22,5364,169952,2409,92560,2955,77392,0,0,3450,71867,1905,48979,3450,120846,California
Ventura,2021-02-23,5919,175871,2963,95523,2956,80348,0,0,3416,72797,2488,51467,3418,124264,California
Ventura,2021-02-24,6984,182855,2603,98126,4381,84729,0,0,4244,74315,2727,54194,4245,128509,California
Ventura,2021-02-25,7467,190322,2563,100689,4904,89633,0,0,4571,76003,2884,57078,4572,133081,California
Ventura,2021-02-26,9330,199652,2758,103447,6572,96205,0,0,6170,79038,3138,60216,6173,139254,California
Ventura,2021-02-27,9978,209630,5265,108712,4713,100918,0,0,7367,83816,2596,62812,7374,146628,California
Ventura,2021-02-28,2556,212186,1630,110342,925,101843,1,1,2094,85452,458,63270,2094,148722,California
Ventura,2021-03-01,6913,219099,2793,113135,4120,105963,0,1,4605,87772,2299,65569,4619,153341,California
Ventura,2021-03-02,7361,226460,3924,117059,3436,109399,1,2,5142,90703,2211,67780,5142,158483,California
Ventura,2021-03-03,8455,234915,3879,120938,4576,113975,0,2,6026,94315,2417,70197,6029,164512,California
Ventura,2021-03-04,8030,242945,3860,124798,4170,118145,0,2,5420,97137,2599,72796,5421,169933,California
Ventura,2021-03-05,9959,252904,4793,129591,5156,123301,10,12,7084,101376,2862,75658,7101,177034,California
Ventura,2021-03-06,7219,260123,4392,133983,2673,125974,154,166,5323,104959,1894,77552,5477,182511,California
Ventura,2021-03-07,1650,261773,603,134586,946,126920,101,267,1234,105878,416,77968,1335,183846,California
Ventura,2021-03-08,6726,268499,3413,137999,3161,130081,152,419,4629,108569,2093,80061,4784,188630,California
Ventura,2021-03-09,6500,274999,2805,140804,3499,133580,196,615,3646,109570,2843,82904,3844,192474,California
Ventura,2021-03-10,6751,281750,2963,143767,3550,137130,238,853,4465,111996,2277,85181,4703,197177,California
Ventura,2021-03-11,6235,287985,2871,146638,3155,140285,209,1062,3403,112785,2823,88004,3612,200789,California
Ventura,2021-03-12,8415,296400,3015,149653,4564,144849,836,1898,4061,113345,4339,92343,4899,205688,California
Ventura,2021-03-13,6578,302978,2469,152122,3272,148121,837,2735,3718,115043,2856,95199,4554,210242,California
Ventura,2021-03-14,2113,305091,467,152589,1152,149273,494,3229,721,114869,1391,96590,1217,211459,California
Ventura,2021-03-15,6897,311988,2042,154631,3508,152781,1347,4576,2965,115269,3912,100502,4312,215771,California
Ventura,2021-03-16,7836,319824,2438,157069,4288,157069,1110,5686,3937,116429,3885,104387,5045,220816,California
Ventura,2021-03-17,7335,327159,2741,159810,4249,161318,345,6031,4392,118239,2927,107314,4737,225553,California
Ventura,2021-03-18,7156,334315,3254,163064,3750,165068,152,6183,4655,120554,2490,109804,4805,230358,California
Ventura,2021-03-19,8265,342580,3749,166813,4406,169474,110,6293,4924,122261,3325,113129,5032,235390,California
Ventura,2021-03-20,8101,350681,5226,172039,2855,172329,20,6313,3871,121943,4210,117339,3892,239282,California
Ventura,2021-03-21,2756,353437,1503,173542,884,173213,369,6682,1306,122174,1444,118783,1675,240957,California
Ventura,2021-03-22,7268,360705,3660,177202,3506,176719,102,6784,4796,124613,2459,121242,4898,245855,California
Ventura,2021-03-23,8087,368792,3858,181060,4160,180879,69,6853,4620,125853,3448,124690,4688,250543,California
Ventura,2021-03-24,8774,377566,3386,184446,5314,186193,74,6927,4369,125920,4377,129067,4444,254987,California
Ventura,2021-03-25,8729,386295,3886,188332,4747,190940,96,7023,4418,126138,4296,133363,4514,259501,California
Ventura,2021-03-26,9626,395921,3315,191647,5660,196600,651,7674,3746,124677,5857,139220,4396,263897,California
Ventura,2021-03-27,8082,404003,3897,195544,4146,200746,39,7713,2382,121416,5684,144904,2423,266320,California
Ventura,2021-03-28,2491,406494,1386,196930,1096,201842,9,7722,1362,121659,1128,146032,1371,267691,California
Ventura,2021-03-29,8428,414922,4255,201185,4128,205970,45,7767,4214,121729,4189,150221,4259,271950,California
Ventura,2021-03-30,8852,423774,4381,205566,4348,210318,123,7890,4568,122145,4274,154495,4690,276640,California
Ventura,2021-03-31,10576,434350,4804,210370,5150,215468,622,8512,4616,121441,5942,160437,5238,281878,California
Ventura,2021-04-01,10548,444898,5163,215533,4524,219992,861,9373,5362,122491,5169,165606,6219,288097,California
Ventura,2021-04-02,11262,456160,4563,220096,5477,225469,1222,10595,5304,123088,5934,171540,6531,294628,California
Ventura,2021-04-03,7961,464121,3927,224023,2927,228396,1107,11702,3348,122940,4603,176143,4455,299083,California
Ventura,2021-04-04,1696,465817,949,224972,620,229016,127,11829,1146,123668,545,176688,1273,300356,California
Ventura,2021-04-05,9109,474926,4840,229812,3279,232295,990,12819,4655,124865,4446,181134,5643,305999,California
Ventura,2021-04-06,10754,485680,5531,235343,3804,236099,1419,14238,5553,126653,5184,186318,6972,312971,California
Ventura,2021-04-07,11174,496854,5409,240752,4322,240421,1443,15681,5110,127154,6047,192365,6548,319519,California
Ventura,2021-04-08,10091,506945,5285,246037,3948,244369,858,16539,5100,128129,4978,197343,5953,325472,California
Ventura,2021-04-09,9461,516406,3505,249542,4624,248993,1332,17871,4001,128015,5443,202786,5329,330801,California
Ventura,2021-04-10,8901,525307,3467,253009,3326,252319,2108,19979,2994,127220,5894,208680,5099,335900,California
Ventura,2021-04-11,2387,527694,854,253863,995,253314,538,20517,689,126754,1691,210371,1225,337125,California
Ventura,2021-04-12,5966,533660,2498,256361,3178,256492,290,20807,1969,125027,3983,214354,2256,339381,California
Ventura,2021-04-13,6898,540558,3161,259522,3731,260223,6,20813,2547,123270,4310,218664,2553,341934,California
Ventura,2021-04-14,4022,544580,1745,261267,2265,262488,12,20825,1186,121653,2815,221479,1198,343132,California
Yolo,2020-12-15,39,39,39,39,0,0,0,0,39,39,0,0,39,39,California
Yolo,2020-12-16,78,117,78,117,0,0,0,0,78,117,0,0,78,117,California
Yolo,2020-12-17,101,218,101,218,0,0,0,0,101,218,0,0,101,218,California
Yolo,2020-12-18,209,427,209,427,0,0,0,0,209,427,0,0,209,427,California
Yolo,2020-12-19,86,513,86,513,0,0,0,0,86,513,0,0,86,513,California
Yolo,2020-12-20,100,613,100,613,0,0,0,0,100,613,0,0,100,613,California
Yolo,2020-12-21,253,866,253,866,0,0,0,0,253,866,0,0,253,866,California
Yolo,2020-12-22,382,1248,381,1247,1,1,0,0,382,1248,0,0,382,1248,California
Yolo,2020-12-23,431,1679,412,1659,19,20,0,0,431,1679,0,0,431,1679,California
Yolo,2020-12-24,151,1830,94,1753,57,77,0,0,151,1830,0,0,151,1830,California
Yolo,2020-12-25,1,1831,1,1754,0,77,0,0,1,1831,0,0,1,1831,California
Yolo,2020-12-26,75,1906,25,1779,50,127,0,0,75,1906,0,0,75,1906,California
Yolo,2020-12-27,46,1952,19,1798,27,154,0,0,46,1952,0,0,46,1952,California
Yolo,2020-12-28,346,2298,178,1976,168,322,0,0,346,2298,0,0,346,2298,California
Yolo,2020-12-29,485,2783,268,2244,217,539,0,0,485,2783,0,0,485,2783,California
Yolo,2020-12-30,621,3404,254,2498,367,906,0,0,621,3404,0,0,621,3404,California
Yolo,2020-12-31,183,3587,94,2592,89,995,0,0,183,3587,0,0,183,3587,California
Yolo,2021-01-01,56,3643,55,2647,1,996,0,0,56,3643,0,0,56,3643,California
Yolo,2021-01-02,68,3711,25,2672,43,1039,0,0,68,3711,0,0,68,3711,California
Yolo,2021-01-03,43,3754,19,2691,24,1063,0,0,43,3754,0,0,43,3754,California
Yolo,2021-01-04,193,3947,43,2734,150,1213,0,0,193,3947,0,0,193,3947,California
Yolo,2021-01-05,610,4557,236,2970,374,1587,0,0,549,4435,61,61,549,4496,California
Yolo,2021-01-06,480,5037,183,3153,297,1884,0,0,349,4653,131,192,349,4845,California
Yolo,2021-01-07,710,5747,234,3387,476,2360,0,0,521,4986,188,380,521,5366,California
Yolo,2021-01-08,628,6375,308,3695,320,2680,0,0,413,5185,214,594,413,5779,California
Yolo,2021-01-09,410,6785,67,3762,343,3023,0,0,365,5505,45,639,365,6144,California
Yolo,2021-01-10,392,7177,80,3842,312,3335,0,0,322,5757,70,709,322,6466,California
Yolo,2021-01-11,559,7736,323,4165,236,3571,0,0,291,5780,268,977,291,6757,California
Yolo,2021-01-12,480,8216,362,4527,118,3689,0,0,173,5647,307,1284,174,6931,California
Yolo,2021-01-13,763,8979,309,4836,454,4143,0,0,514,5912,249,1533,514,7445,California
Yolo,2021-01-14,374,9353,181,5017,193,4336,0,0,270,6078,104,1637,270,7715,California
Yolo,2021-01-15,622,9975,321,5338,301,4637,0,0,544,6544,78,1715,544,8259,California
Yolo,2021-01-16,740,10715,95,5433,645,5282,0,0,709,7222,31,1746,709,8968,California
Yolo,2021-01-17,187,10902,118,5551,69,5351,0,0,180,7395,7,1753,180,9148,California
Yolo,2021-01-18,477,11379,303,5854,174,5525,0,0,379,7676,98,1851,379,9527,California
Yolo,2021-01-19,540,11919,370,6224,170,5695,0,0,366,7868,174,2025,366,9893,California
Yolo,2021-01-20,656,12575,379,6603,277,5972,0,0,472,8157,183,2208,472,10365,California
Yolo,2021-01-21,643,13218,380,6983,263,6235,0,0,456,8426,187,2395,456,10821,California
Yolo,2021-01-22,746,13964,250,7233,496,6731,0,0,628,8938,116,2511,628,11449,California
Yolo,2021-01-23,613,14577,124,7357,489,7220,0,0,566,9457,47,2558,566,12015,California
Yolo,2021-01-24,207,14784,124,7481,83,7303,0,0,166,9582,41,2599,166,12181,California
Yolo,2021-01-25,730,15514,153,7634,577,7880,0,0,514,9881,216,2815,515,12696,California
Yolo,2021-01-26,813,16327,326,7960,487,8367,0,0,426,9920,387,3202,426,13122,California
Yolo,2021-01-27,552,16879,221,8181,331,8698,0,0,379,10126,173,3375,379,13501,California
Yolo,2021-01-28,1046,17925,565,8746,481,9179,0,0,923,10927,122,3497,923,14424,California
Yolo,2021-01-29,863,18788,260,9006,603,9782,0,0,782,11629,80,3577,782,15206,California
Yolo,2021-01-30,1516,20304,917,9923,599,10381,0,0,1408,12935,102,3679,1408,16614,California
Yolo,2021-01-31,248,20552,210,10133,38,10419,0,0,213,13114,34,3713,213,16827,California
Yolo,2021-02-01,838,21390,358,10491,480,10899,0,0,610,13499,225,3938,610,17437,California
Yolo,2021-02-02,1318,22708,745,11236,573,11472,0,0,928,14038,390,4328,929,18366,California
Yolo,2021-02-03,1513,24221,395,11631,1118,12590,0,0,1185,14898,325,4653,1185,19551,California
Yolo,2021-02-04,1790,26011,280,11911,1510,14100,0,0,1241,15602,538,5191,1242,20793,California
Yolo,2021-02-05,1590,27601,896,12807,694,14794,0,0,1192,16397,398,5589,1193,21986,California
Yolo,2021-02-06,1917,29518,1245,14052,672,15466,0,0,1555,17591,362,5951,1556,23542,California
Yolo,2021-02-07,516,30034,248,14300,268,15734,0,0,169,17414,346,6297,169,23711,California
Yolo,2021-02-08,954,30988,331,14631,623,16357,0,0,611,17685,340,6637,611,24322,California
Yolo,2021-02-09,852,31840,382,15013,470,16827,0,0,572,17977,280,6917,572,24894,California
Yolo,2021-02-10,1450,33290,473,15486,977,17804,0,0,816,18161,633,7550,817,25711,California
Yolo,2021-02-11,1538,34828,774,16260,764,18568,0,0,1161,18945,377,7927,1161,26872,California
Yolo,2021-02-12,1902,36730,748,17008,1154,19722,0,0,1439,19924,460,8387,1439,28311,California
Yolo,2021-02-13,2054,38784,712,17720,1342,21064,0,0,1389,20648,665,9052,1389,29700,California
Yolo,2021-02-14,569,39353,152,17872,417,21481,0,0,444,20968,124,9176,444,30144,California
Yolo,2021-02-15,524,39877,187,18059,337,21818,0,0,262,20969,262,9438,263,30407,California
Yolo,2021-02-16,1115,40992,426,18485,689,22507,0,0,809,21472,306,9744,809,31216,California
Yolo,2021-02-17,1380,42372,697,19182,683,23190,0,0,989,22070,391,10135,989,32205,California
Yolo,2021-02-18,2438,44810,758,19940,1680,24870,0,0,1676,22984,762,10897,1676,33881,California
Yolo,2021-02-19,1734,46544,742,20682,992,25862,0,0,1120,23492,612,11509,1120,35001,California
Yolo,2021-02-20,2430,48974,940,21622,1490,27352,0,0,1359,23785,1066,12575,1359,36360,California
Yolo,2021-02-21,281,49255,225,21847,56,27408,0,0,74,23653,206,12781,74,36434,California
Yolo,2021-02-22,1362,50617,600,22447,762,28170,0,0,693,23679,668,13449,694,37128,California
Yolo,2021-02-23,1118,51735,838,23285,280,28450,0,0,438,23439,678,14127,438,37566,California
Yolo,2021-02-24,2094,53829,591,23876,1503,29953,0,0,1387,24121,705,14832,1387,38953,California
Yolo,2021-02-25,1339,55168,441,24317,898,30851,0,0,875,24533,463,15295,875,39828,California
Yolo,2021-02-26,2552,57720,978,25295,1574,32425,0,0,1358,24700,1191,16486,1358,41186,California
Yolo,2021-02-27,1648,59368,765,26060,883,33308,0,0,1199,25450,449,16935,1199,42385,California
Yolo,2021-02-28,1774,61142,1489,27549,285,33593,0,0,683,25044,1089,18024,683,43068,California
Yolo,2021-03-01,1076,62218,351,27900,725,34318,0,0,650,25270,424,18448,650,43718,California
Yolo,2021-03-02,1429,63647,681,28581,748,35066,0,0,908,25657,521,18969,908,44626,California
Yolo,2021-03-03,1801,65448,599,29180,1202,36268,0,0,797,25452,1002,19971,797,45423,California
Yolo,2021-03-04,2844,68292,1400,30580,1444,37712,0,0,1536,25682,1306,21277,1536,46959,California
Yolo,2021-03-05,2336,70628,1391,31971,934,38646,11,11,1467,26292,868,22145,1478,48437,California
Yolo,2021-03-06,1467,72095,1124,33095,314,38960,29,40,835,26526,630,22775,864,49301,California
Yolo,2021-03-07,903,72998,671,33766,218,39178,14,54,770,27177,133,22908,784,50085,California
Yolo,2021-03-08,1079,74077,478,34244,559,39737,42,96,747,27635,331,23239,789,50874,California
Yolo,2021-03-09,1240,75317,667,34911,513,40250,60,156,755,27967,483,23722,815,51689,California
Yolo,2021-03-10,1776,77093,1038,35949,448,40698,290,446,741,27959,1034,24756,1026,52715,California
Yolo,2021-03-11,2269,79362,1536,37485,670,41368,63,509,1564,28883,704,25460,1628,54343,California
Yolo,2021-03-12,2880,82242,1341,38826,1462,42830,77,586,1372,28829,1502,26962,1448,55791,California
Yolo,2021-03-13,1835,84077,731,39557,928,43758,176,762,1009,29191,823,27785,1185,56976,California
Yolo,2021-03-14,1007,85084,208,39765,650,44408,149,911,521,29376,485,28270,670,57646,California
Yolo,2021-03-15,1319,86403,772,40537,371,44779,176,1087,704,29642,613,28883,879,58525,California
Yolo,2021-03-16,1865,88268,718,41255,1074,45853,73,1160,1102,30054,763,29646,1175,59700,California
Yolo,2021-03-17,2474,90742,962,42217,1440,47293,72,1232,1726,31107,745,30391,1798,61498,California
Yolo,2021-03-18,2876,93618,887,43104,1765,49058,224,1456,1165,30786,1709,32100,1388,62886,California
Yolo,2021-03-19,2034,95652,817,43921,1149,50207,68,1524,1073,30972,955,33055,1141,64027,California
Yolo,2021-03-20,2746,98398,814,44735,1891,52098,41,1565,1117,30509,1623,34678,1160,65187,California
Yolo,2021-03-21,316,98714,218,44953,90,52188,8,1573,227,30656,88,34766,235,65422,California
Yolo,2021-03-22,1380,100094,480,45433,848,53036,52,1625,907,31143,471,35237,958,66380,California
Yolo,2021-03-23,1726,101820,929,46362,741,53777,56,1681,1066,31606,659,35896,1122,67502,California
Yolo,2021-03-24,2838,104658,1404,47766,1385,55162,49,1730,1423,31673,1405,37301,1472,68974,California
Yolo,2021-03-25,2397,107055,1274,49040,1096,56258,27,1757,1148,31608,1240,38541,1175,70149,California
Yolo,2021-03-26,2366,109421,1228,50268,1119,57377,19,1776,1018,31304,1340,39881,1036,71185,California
Yolo,2021-03-27,1627,111048,452,50720,1159,58536,16,1792,752,31198,874,40755,768,71953,California
Yolo,2021-03-28,1103,112151,861,51581,224,58760,18,1810,272,30661,827,41582,290,72243,California
Yolo,2021-03-29,1979,114130,810,52391,1155,59915,14,1824,983,30666,992,42574,997,73240,California
Yolo,2021-03-30,2269,116399,1067,53458,1177,61092,25,1849,1198,30823,1066,43640,1223,74463,California
Yolo,2021-03-31,2327,118726,1206,54664,1086,62178,35,1884,1218,30968,1108,44748,1253,75716,California
Yolo,2021-04-01,3742,122468,1762,56426,1507,63685,473,2357,1575,30852,2164,46912,2048,77764,California
Yolo,2021-04-02,3098,125566,1477,57903,1560,65245,61,2418,2031,31883,1061,47973,2092,79856,California
Yolo,2021-04-03,1776,127342,1072,58975,490,65735,214,2632,787,31896,988,48961,1001,80857,California
Yolo,2021-04-04,379,127721,147,59122,170,65905,62,2694,139,31857,240,49201,201,81058,California
Yolo,2021-04-05,1899,129620,723,59845,1080,66985,96,2790,1017,32092,878,50079,1113,82171,California
Yolo,2021-04-06,2538,132158,1300,61145,1067,68052,171,2961,1283,32302,1245,51324,1455,83626,California
Yolo,2021-04-07,2674,134832,1394,62539,1042,69094,238,3199,1766,33404,901,52225,2003,85629,California
Yolo,2021-04-08,2259,137091,970,63509,863,69957,426,3625,945,33463,1311,53536,1370,86999,California
Yolo,2021-04-09,2172,139263,787,64296,959,70916,426,4051,721,33161,1448,54984,1146,88145,California
Yolo,2021-04-10,1490,140753,736,65032,593,71509,161,4212,883,33601,603,55587,1043,89188,California
Yolo,2021-04-11,839,141592,261,65293,538,72047,40,4252,322,33452,511,56098,362,89550,California
Yolo,2021-04-12,1513,143105,496,65789,894,72941,123,4375,919,33903,591,56689,1042,90592,California
Yolo,2021-04-13,1709,144814,728,66517,981,73922,0,4375,822,33840,885,57574,822,91414,California
Yolo,2021-04-14,1293,146107,451,66968,842,74764,0,4375,446,33441,845,58419,446,91860,California
Yuba,2020-12-16,4,4,4,4,0,0,0,0,4,4,0,0,4,4,California
Yuba,2020-12-17,4,8,4,8,0,0,0,0,4,8,0,0,4,8,California
Yuba,2020-12-18,8,16,8,16,0,0,0,0,8,16,0,0,8,16,California
Yuba,2020-12-19,12,28,12,28,0,0,0,0,12,28,0,0,12,28,California
Yuba,2020-12-20,20,48,20,48,0,0,0,0,20,48,0,0,20,48,California
Yuba,2020-12-21,40,88,40,88,0,0,0,0,40,88,0,0,40,88,California
Yuba,2020-12-22,86,174,86,174,0,0,0,0,86,174,0,0,86,174,California
Yuba,2020-12-23,63,237,61,235,2,2,0,0,63,237,0,0,63,237,California
Yuba,2020-12-24,20,257,10,245,10,12,0,0,20,257,0,0,20,257,California
Yuba,2020-12-26,15,272,13,258,2,14,0,0,15,272,0,0,15,272,California
Yuba,2020-12-27,15,287,15,273,0,14,0,0,15,287,0,0,15,287,California
Yuba,2020-12-28,51,338,35,308,16,30,0,0,51,338,0,0,51,338,California
Yuba,2020-12-29,77,415,10,318,67,97,0,0,77,415,0,0,77,415,California
Yuba,2020-12-30,64,479,21,339,43,140,0,0,64,479,0,0,64,479,California
Yuba,2020-12-31,36,515,6,345,30,170,0,0,36,515,0,0,36,515,California
Yuba,2021-01-02,23,538,22,367,1,171,0,0,23,538,0,0,23,538,California
Yuba,2021-01-03,10,548,6,373,4,175,0,0,10,548,0,0,10,548,California
Yuba,2021-01-04,90,638,21,394,69,244,0,0,90,638,0,0,90,638,California
Yuba,2021-01-05,68,706,36,430,32,276,0,0,67,704,1,1,67,705,California
Yuba,2021-01-06,152,858,75,505,77,353,0,0,146,844,6,7,146,851,California
Yuba,2021-01-07,74,932,19,524,55,408,0,0,71,911,4,11,71,922,California
Yuba,2021-01-08,73,1005,25,549,48,456,0,0,66,970,7,18,66,988,California
Yuba,2021-01-09,19,1024,16,565,3,459,0,0,11,973,8,26,11,999,California
Yuba,2021-01-10,117,1141,22,587,95,554,0,0,95,1046,22,48,95,1094,California
Yuba,2021-01-11,73,1214,50,637,23,577,0,0,33,1039,40,88,33,1127,California
Yuba,2021-01-12,109,1323,79,716,30,607,0,0,44,1018,65,153,44,1171,California
Yuba,2021-01-13,118,1441,71,787,47,654,0,0,54,1009,63,216,54,1225,California
Yuba,2021-01-14,109,1550,43,830,66,720,0,0,97,1094,12,228,97,1322,California
Yuba,2021-01-15,206,1756,88,918,118,838,0,0,195,1278,11,239,195,1517,California
Yuba,2021-01-16,185,1941,21,939,164,1002,0,0,173,1438,13,252,173,1690,California
Yuba,2021-01-17,13,1954,9,948,4,1006,0,0,7,1439,6,258,7,1697,California
Yuba,2021-01-18,60,2014,32,980,28,1034,0,0,35,1449,25,283,35,1732,California
Yuba,2021-01-19,80,2094,29,1009,51,1085,0,0,65,1499,15,298,65,1797,California
Yuba,2021-01-20,132,2226,87,1096,45,1130,0,0,109,1585,23,321,109,1906,California
Yuba,2021-01-21,212,2438,96,1192,116,1246,0,0,203,1779,9,330,203,2109,California
Yuba,2021-01-22,103,2541,6,1198,97,1343,0,0,94,1864,9,339,94,2203,California
Yuba,2021-01-23,199,2740,7,1205,192,1535,0,0,196,2057,3,342,196,2399,California
Yuba,2021-01-24,9,2749,6,1211,3,1538,0,0,7,2062,2,344,7,2406,California
Yuba,2021-01-25,83,2832,27,1238,56,1594,0,0,52,2084,30,374,52,2458,California
Yuba,2021-01-26,149,2981,39,1277,110,1704,0,0,93,2121,56,430,93,2551,California
Yuba,2021-01-27,182,3163,128,1405,54,1758,0,0,115,2169,67,497,115,2666,California
Yuba,2021-01-28,215,3378,79,1484,136,1894,0,0,174,2302,41,538,174,2840,California
Yuba,2021-01-29,159,3537,56,1540,103,1997,0,0,112,2367,47,585,112,2952,California
Yuba,2021-01-30,409,3946,23,1563,386,2383,0,0,398,2754,11,596,398,3350,California
Yuba,2021-01-31,17,3963,12,1575,5,2388,0,0,15,2767,2,598,15,3365,California
Yuba,2021-02-01,153,4116,74,1649,79,2467,0,0,130,2876,22,620,131,3496,California
Yuba,2021-02-02,123,4239,23,1672,100,2567,0,0,101,2955,22,642,101,3597,California
Yuba,2021-02-03,226,4465,29,1701,197,2764,0,0,114,2958,111,753,114,3711,California
Yuba,2021-02-04,295,4760,121,1822,174,2938,0,0,253,3169,42,795,253,3964,California
Yuba,2021-02-05,147,4907,32,1854,115,3053,0,0,71,3164,76,871,71,4035,California
Yuba,2021-02-06,447,5354,26,1880,421,3474,0,0,439,3595,8,879,439,4474,California
Yuba,2021-02-07,18,5372,11,1891,7,3481,0,0,15,3607,3,882,15,4489,California
Yuba,2021-02-08,96,5468,35,1926,61,3542,0,0,66,3643,30,912,66,4555,California
Yuba,2021-02-09,153,5621,55,1981,98,3640,0,0,84,3658,69,981,84,4639,California
Yuba,2021-02-10,347,5968,172,2153,175,3815,0,0,113,3538,233,1214,113,4752,California
Yuba,2021-02-11,397,6365,63,2216,334,4149,0,0,301,3745,94,1308,301,5053,California
Yuba,2021-02-12,265,6630,27,2243,238,4387,0,0,152,3784,113,1421,152,5205,California
Yuba,2021-02-13,436,7066,35,2278,401,4788,0,0,388,4124,48,1469,388,5593,California
Yuba,2021-02-14,53,7119,10,2288,43,4831,0,0,49,4169,4,1473,49,5642,California
Yuba,2021-02-15,87,7206,36,2324,51,4882,0,0,68,4218,19,1492,68,5710,California
Yuba,2021-02-16,199,7405,53,2377,146,5028,0,0,141,4302,57,1549,141,5851,California
Yuba,2021-02-17,369,7774,155,2532,214,5242,0,0,98,4129,271,1820,98,5949,California
Yuba,2021-02-18,305,8079,33,2565,272,5514,0,0,181,4186,124,1944,181,6130,California
Yuba,2021-02-19,224,8303,84,2649,140,5654,0,0,141,4244,83,2027,141,6271,California
Yuba,2021-02-20,388,8691,30,2679,358,6012,0,0,335,4526,53,2080,335,6606,California
Yuba,2021-02-21,16,8707,14,2693,2,6014,0,0,6,4522,10,2090,6,6612,California
Yuba,2021-02-22,128,8835,79,2772,49,6063,0,0,38,4471,89,2179,38,6650,California
Yuba,2021-02-23,114,8949,25,2797,89,6152,0,0,46,4450,67,2246,46,6696,California
Yuba,2021-02-24,477,9426,136,2933,341,6493,0,0,105,4183,372,2618,105,6801,California
Yuba,2021-02-25,332,9758,133,3066,199,6692,0,0,204,4259,128,2746,204,7005,California
Yuba,2021-02-26,254,10012,67,3133,187,6879,0,0,141,4289,111,2857,141,7146,California
Yuba,2021-02-27,473,10485,47,3180,426,7305,0,0,385,4587,87,2944,385,7531,California
Yuba,2021-02-28,65,10550,21,3201,44,7349,0,0,44,4610,21,2965,44,7575,California
Yuba,2021-03-01,151,10701,38,3239,113,7462,0,0,75,4610,75,3040,75,7650,California
Yuba,2021-03-02,153,10854,35,3274,118,7580,0,0,76,4609,77,3117,76,7726,California
Yuba,2021-03-03,613,11467,156,3430,457,8037,0,0,192,4381,420,3537,192,7918,California
Yuba,2021-03-04,463,11930,269,3699,194,8231,0,0,323,4565,139,3676,323,8241,California
Yuba,2021-03-05,315,12245,59,3758,255,8486,1,1,249,4749,66,3742,250,8491,California
Yuba,2021-03-06,481,12726,35,3793,442,8928,4,5,375,5022,106,3848,379,8870,California
Yuba,2021-03-07,51,12777,27,3820,23,8951,1,6,34,5040,17,3865,35,8905,California
Yuba,2021-03-08,158,12935,49,3869,93,9044,16,22,99,5096,59,3924,115,9020,California
Yuba,2021-03-09,177,13112,47,3916,111,9155,19,41,85,5108,92,4016,104,9124,California
Yuba,2021-03-10,733,13845,231,4147,472,9627,30,71,229,4864,503,4519,259,9383,California
Yuba,2021-03-11,430,14275,186,4333,232,9859,12,83,297,5040,133,4652,309,9692,California
Yuba,2021-03-12,456,14731,85,4418,318,10177,53,136,149,4935,307,4959,202,9894,California
Yuba,2021-03-13,450,15181,332,4750,103,10280,15,151,359,5219,90,5049,374,10268,California
Yuba,2021-03-14,109,15290,21,4771,78,10358,10,161,48,5217,60,5109,58,10326,California
Yuba,2021-03-15,194,15484,49,4820,128,10486,17,178,99,5238,95,5204,116,10442,California
Yuba,2021-03-16,291,15775,71,4891,195,10681,25,203,177,5327,113,5317,202,10644,California
Yuba,2021-03-17,725,16500,159,5050,537,11218,29,232,185,5003,538,5855,214,10858,California
Yuba,2021-03-18,561,17061,147,5197,301,11519,113,345,338,5231,223,6078,451,11309,California
Yuba,2021-03-19,322,17383,118,5315,155,11674,49,394,184,5327,137,6215,233,11542,California
Yuba,2021-03-20,555,17938,80,5395,457,12131,18,412,474,5739,80,6295,492,12034,California
Yuba,2021-03-21,59,17997,36,5431,23,12154,0,412,47,5774,12,6307,47,12081,California
Yuba,2021-03-22,189,18186,70,5501,112,12266,7,419,147,5886,42,6349,154,12235,California
Yuba,2021-03-23,241,18427,79,5580,135,12401,27,446,162,5997,78,6427,189,12424,California
Yuba,2021-03-24,747,19174,239,5819,427,12828,81,527,185,5703,560,6987,266,12690,California
Yuba,2021-03-25,483,19657,263,6082,198,13026,22,549,239,5720,244,7231,261,12951,California
Yuba,2021-03-26,383,20040,142,6224,214,13240,27,576,219,5803,163,7394,246,13197,California
Yuba,2021-03-27,458,20498,27,6251,429,13669,2,578,405,6157,53,7447,407,13604,California
Yuba,2021-03-28,100,20598,42,6293,54,13723,4,582,38,6137,62,7509,42,13646,California
Yuba,2021-03-29,291,20889,84,6377,176,13899,31,613,179,6235,112,7621,210,13856,California
Yuba,2021-03-30,270,21159,67,6444,195,14094,8,621,191,6355,79,7700,199,14055,California
Yuba,2021-03-31,670,21829,113,6557,545,14639,12,633,249,6196,420,8120,261,14316,California
Yuba,2021-04-01,608,22437,282,6839,297,14936,29,662,277,6171,331,8451,306,14622,California
Yuba,2021-04-02,476,22913,88,6927,307,15243,81,743,179,6135,296,8747,260,14882,California
Yuba,2021-04-03,651,23564,55,6982,115,15358,481,1224,86,6138,564,9311,567,15449,California
Yuba,2021-04-04,56,23620,10,6992,40,15398,6,1230,31,6150,25,9336,37,15486,California
Yuba,2021-04-05,241,23861,78,7070,143,15541,20,1250,119,6168,120,9456,138,15624,California
Yuba,2021-04-06,321,24182,111,7181,157,15698,53,1303,155,6211,165,9621,208,15832,California
Yuba,2021-04-07,749,24931,385,7566,309,16007,55,1358,327,6173,419,10040,381,16213,California
Yuba,2021-04-08,704,25635,286,7852,168,16175,250,1608,254,6228,449,10489,504,16717,California
Yuba,2021-04-09,348,25983,152,8004,144,16319,52,1660,153,6238,195,10684,205,16922,California
Yuba,2021-04-10,553,26536,58,8062,56,16375,439,2099,50,6226,501,11185,489,17411,California
Yuba,2021-04-11,96,26632,21,8083,66,16441,9,2108,37,6213,59,11244,46,17457,California
Yuba,2021-04-12,175,26807,42,8125,110,16551,23,2131,71,6204,103,11347,94,17551,California
Yuba,2021-04-13,338,27145,95,8220,243,16794,0,2131,174,6215,163,11510,174,17725,California
Yuba,2021-04-14,568,27713,51,8271,517,17311,0,2131,56,5760,511,12021,56,17781,California
