county,administered_date,total_doses,cumulative_total_doses,pfizer_doses,cumulative_pfizer_doses,moderna_doses,cumulative_moderna_doses,jj_doses,cumulative_jj_doses,partially_vaccinated,total_partially_vaccinated,fully_vaccinated,cumulative_fully_vaccinated,at_least_one_dose,cumulative_at_least_one_dose,california_flag
All CA Counties,2020-12-15,1142,1142,1142,1142,0,0,0,0,1142,1142,0,0,1142,1142,
All CA Counties,2020-12-16,8432,9574,8432,9574,0,0,0,0,8432,9574,0,0,8432,9574,
All CA Counties,2020-12-17,26292,35866,26292,35866,0,0,0,0,26294,35868,0,0,26294,35868,
All CA Counties,2020-12-18,44731,80597,44675,80541,56,56,0,0,44731,80598,1,1,44731,80599,
All CA Counties,2020-12-19,25327,105924,25302,105843,25,81,0,0,25326,105923,1,2,25326,105925,
All CA Counties,2020-12-20,19006,124930,18980,124823,26,107,0,0,19005,124927,1,3,19005,124930,
All CA Counties,2020-12-21,49663,174593,49574,174397,89,196,0,0,49665,174591,2,5,49666,174596,
All CA Counties,2020-12-22,50061,224654,47932,222329,2129,2325,0,0,50058,224647,2,7,50058,224654,
All CA Counties,2020-12-23,50627,275281,41842,264171,8785,11110,0,0,50623,275269,4,11,50626,275280,
All CA Counties,2020-12-24,24068,299349,16343,280514,7725,18835,0,0,24065,299333,3,14,24067,299347,
All CA Counties,2020-12-25,2342,301691,2019,282533,323,19158,0,0,2342,301675,0,14,2342,301689,
All CA Counties,2020-12-26,14613,316304,9461,291994,5152,24310,0,0,14611,316284,2,16,14611,316300,
All CA Counties,2020-12-27,9441,325745,5594,297588,3847,28157,0,0,9440,325723,1,17,9440,325740,
All CA Counties,2020-12-28,45905,371650,29430,327018,16475,44632,0,0,45902,371622,3,20,45902,371642,
All CA Counties,2020-12-29,51058,422708,28458,355476,22600,67232,0,0,51054,422673,3,23,51054,422696,
All CA Counties,2020-12-30,62955,485663,35545,391021,27410,94642,0,0,62947,485617,6,29,62950,485646,
All CA Counties,2020-12-31,29394,515057,10864,401885,18530,113172,0,0,29385,514996,7,36,29386,515032,
All CA Counties,2021-01-01,4292,519349,1932,403817,2360,115532,0,0,4287,519279,4,40,4287,519319,
All CA Counties,2021-01-02,18481,537830,10212,414029,8269,123801,0,0,18480,537759,0,40,18480,537799,
All CA Counties,2021-01-03,6177,544007,3497,417526,2680,126481,0,0,6141,543884,16,56,6141,543940,
All CA Counties,2021-01-04,43612,587619,22101,439627,21511,147992,0,0,43471,587251,104,160,43471,587411,
All CA Counties,2021-01-05,56560,644179,29807,469434,26753,174745,0,0,51014,632869,5489,5649,51107,638518,
All CA Counties,2021-01-06,73387,717566,40499,509933,32888,207633,0,0,57820,675338,15387,21036,57856,696374,
All CA Counties,2021-01-07,92115,809681,52403,562336,39712,247345,0,0,61042,705543,30901,51937,61106,757480,
All CA Counties,2021-01-08,106875,916556,64231,626567,42644,289989,0,0,65173,729255,41566,93503,65278,822758,
All CA Counties,2021-01-09,44367,960923,25515,652082,18852,308841,0,0,27791,740522,16551,110054,27818,850576,
All CA Counties,2021-01-10,24322,985245,14855,666937,9467,318308,0,0,13081,742398,11224,121278,13100,863676,
All CA Counties,2021-01-11,104528,1089773,69545,736482,34983,353291,0,0,60614,759313,43871,165149,60786,924462,
All CA Counties,2021-01-12,113433,1203206,67116,803598,46317,399608,0,0,72352,790896,41003,206152,72586,997048,
All CA Counties,2021-01-13,119122,1322328,61783,865381,57339,456947,0,0,85335,842610,33702,239854,85416,1082464,
All CA Counties,2021-01-14,123762,1446090,49587,914968,74175,531122,0,0,104171,927457,19489,259343,104336,1186800,
All CA Counties,2021-01-15,141854,1587944,51783,966751,90071,621193,0,0,126765,1039436,14996,274339,126975,1313775,
All CA Counties,2021-01-16,80426,1668370,27334,994085,53092,674285,0,0,72853,1104795,7546,281885,72905,1386680,
All CA Counties,2021-01-17,48235,1716605,16840,1010925,31395,705680,0,0,44577,1145769,3651,285536,44625,1431305,
All CA Counties,2021-01-18,88127,1804732,45984,1056909,42143,747823,0,0,68831,1195544,19221,304757,68996,1500301,
All CA Counties,2021-01-19,141930,1946662,73632,1130541,68298,816121,0,0,110777,1275587,31062,335819,111105,1611406,
All CA Counties,2021-01-20,160274,2106936,81893,1212434,78381,894502,0,0,126691,1369173,33364,369183,126950,1738356,
All CA Counties,2021-01-21,173362,2280298,76873,1289307,96489,990991,0,0,154255,1504887,18897,388080,154611,1892967,
All CA Counties,2021-01-22,169573,2449871,69197,1358504,100376,1091367,0,0,155289,1646177,14147,402227,155437,2048404,
All CA Counties,2021-01-23,111420,2561291,49454,1407958,61966,1153333,0,0,98900,1732733,12462,414689,99018,2147422,
All CA Counties,2021-01-24,60957,2622248,29468,1437426,31489,1184822,0,0,56304,1784476,4622,419311,56365,2203787,
All CA Counties,2021-01-25,145255,2767503,65431,1502857,79824,1264646,0,0,110090,1859887,35038,454349,110449,2314236,
All CA Counties,2021-01-26,168981,2936484,83000,1585857,85981,1350627,0,0,131436,1954171,37412,491761,131696,2445932,
All CA Counties,2021-01-27,182648,3119132,87994,1673851,94654,1445281,0,0,143268,2058595,39056,530817,143480,2589412,
All CA Counties,2021-01-28,187940,3307072,86749,1760600,101191,1546472,0,0,153815,2178791,33838,564655,154034,2743446,
All CA Counties,2021-01-29,183812,3490884,88413,1849013,95399,1641871,0,0,149157,2294046,34082,598737,149337,2892783,
All CA Counties,2021-01-30,123619,3614503,55793,1904806,67826,1709697,0,0,108206,2387146,15247,613984,108347,3001130,
All CA Counties,2021-01-31,69244,3683747,38816,1943622,30428,1740125,0,0,64450,2446906,4745,618729,64505,3065635,
All CA Counties,2021-02-01,161919,3845666,75957,2019579,85962,1826087,0,0,121198,2527682,40557,659286,121333,3186968,
All CA Counties,2021-02-02,185259,4030925,77994,2097573,107265,1933352,0,0,140809,2624542,44173,703459,141033,3328001,
All CA Counties,2021-02-03,210856,4241781,95520,2193093,115336,2048688,0,0,156498,2727425,53863,757322,156746,3484747,
All CA Counties,2021-02-04,227797,4469578,99836,2292929,127961,2176649,0,0,167217,2834963,60043,817365,167581,3652328,
All CA Counties,2021-02-05,245998,4715576,106484,2399413,139514,2316163,0,0,167255,2924785,77971,895336,167793,3820121,
All CA Counties,2021-02-06,154992,4870568,75056,2474469,79936,2396099,0,0,120209,3010873,34615,929951,120703,3940824,
All CA Counties,2021-02-07,67058,4937626,43434,2517903,23624,2419723,0,0,50615,3045576,16363,946314,51066,3991890,
All CA Counties,2021-02-08,181277,5118903,89423,2607326,91854,2511577,0,0,119775,3105026,61072,1007386,120522,4112412,
All CA Counties,2021-02-09,211466,5330369,102317,2709643,109149,2620726,0,0,126860,3148886,84152,1091538,128012,4240424,
All CA Counties,2021-02-10,248623,5578992,119791,2829434,128832,2749558,0,0,138085,3178725,109725,1201263,139564,4379988,
All CA Counties,2021-02-11,265521,5844513,131554,2960988,133967,2883525,0,0,145165,3206436,119245,1320508,146956,4526944,
All CA Counties,2021-02-12,272450,6116963,119383,3080371,153067,3036592,0,0,147128,3231497,124441,1444949,149502,4676446,
All CA Counties,2021-02-13,166711,6283674,77318,3157689,89393,3125985,0,0,92115,3251338,74224,1519173,94065,4770511,
All CA Counties,2021-02-14,95321,6378995,47426,3205115,47895,3173880,0,0,51571,3260869,43583,1562756,53114,4823625,
All CA Counties,2021-02-15,142438,6521433,62496,3267611,79942,3253822,0,0,78797,3279524,63266,1626022,81921,4905546,
All CA Counties,2021-02-16,248971,6770404,118229,3385840,130742,3384564,0,0,133149,3300328,115443,1741465,136247,5041793,
All CA Counties,2021-02-17,259120,7029524,129024,3514864,130096,3514660,0,0,129013,3302987,129561,1871026,132220,5174013,
All CA Counties,2021-02-18,272921,7302445,142400,3657264,130521,3645181,0,0,131934,3298859,140282,2011308,136154,5310167,
All CA Counties,2021-02-19,253337,7555782,146965,3804229,106372,3751553,0,0,130745,3309594,122098,2133406,132833,5443000,
All CA Counties,2021-02-20,153738,7709520,98506,3902735,55232,3806785,0,0,84583,3327266,68892,2202298,86564,5529564,
All CA Counties,2021-02-21,82862,7792382,68629,3971364,14233,3821018,0,0,41667,3329526,40953,2243251,43213,5572777,
All CA Counties,2021-02-22,164807,7957189,110443,4081807,54364,3875382,0,0,82492,3331747,81996,2325247,84217,5656994,
All CA Counties,2021-02-23,226297,8183486,119841,4201648,106456,3981838,0,0,105410,3322855,120290,2445537,111398,5768392,
All CA Counties,2021-02-24,283981,8467467,143693,4345341,140288,4122126,0,0,134857,3316756,148496,2594033,142397,5910789,
All CA Counties,2021-02-25,322682,8790149,159295,4504636,163387,4285513,0,0,169052,3341421,152936,2746969,177601,6088390,
All CA Counties,2021-02-26,357090,9147239,166515,4671151,190575,4476088,0,0,198823,3390166,157352,2904321,206097,6294487,
All CA Counties,2021-02-27,253561,9400800,123456,4794607,130083,4606171,22,22,144125,3429909,108815,3013136,148558,6443045,
All CA Counties,2021-02-28,135225,9536025,81145,4875752,54073,4660244,7,29,79572,3457106,55221,3068357,82418,6525463,
All CA Counties,2021-03-01,244022,9780047,130381,5006133,113537,4773781,104,133,140655,3499275,102597,3170954,144766,6670229,
All CA Counties,2021-03-02,289298,10069345,146397,5152530,142873,4916654,28,161,174479,3566373,114301,3285255,181399,6851628,
All CA Counties,2021-03-03,332383,10401728,164985,5317515,167341,5083995,57,218,191456,3624938,140235,3425490,198800,7050428,
All CA Counties,2021-03-04,351559,10753287,178080,5495595,173388,5257383,91,309,206377,3694008,144430,3569920,213500,7263928,
All CA Counties,2021-03-05,339730,11093017,167198,5662793,171409,5428792,1123,1432,211547,3786573,127370,3697290,219935,7483863,
All CA Counties,2021-03-06,259637,11352654,133330,5796123,118454,5547246,7853,9285,161524,3862960,97692,3794982,174079,7657942,
All CA Counties,2021-03-07,127872,11480526,78581,5874704,45137,5592383,4154,13439,80123,3903351,47562,3842544,87953,7745895,
All CA Counties,2021-03-08,219230,11699756,106414,5981118,102319,5694702,10497,23936,143550,3987071,75293,3917837,159013,7904908,
All CA Counties,2021-03-09,291570,11991326,139400,6120518,136247,5830949,15923,39859,163685,4043332,127395,4045232,183656,8088564,
All CA Counties,2021-03-10,322652,12313978,160982,6281500,137212,5968161,24458,64317,174997,4099955,146997,4192229,203620,8292184,
All CA Counties,2021-03-11,376551,12690529,182002,6463502,161226,6129387,33323,97640,193523,4148917,182094,4374323,231056,8523240,
All CA Counties,2021-03-12,395174,13085703,176653,6640155,172223,6301610,46298,143938,194020,4193069,200351,4574674,244503,8767743,
All CA Counties,2021-03-13,283425,13369128,124916,6765071,127378,6428988,31131,175069,153105,4251694,129864,4704538,188489,8956232,
All CA Counties,2021-03-14,154954,13524082,83300,6848371,56561,6485549,15093,190162,78560,4271506,76106,4780644,95918,9052150,
All CA Counties,2021-03-15,290611,13814693,138883,6987254,131173,6616722,20555,210717,158080,4321729,131785,4912429,182008,9234158,
All CA Counties,2021-03-16,370230,14184923,173917,7161171,179010,6795732,17303,228020,214594,4401931,154898,5067327,235100,9469258,
All CA Counties,2021-03-17,383648,14568571,189756,7350927,175339,6971071,18553,246573,237564,4515305,145259,5212586,258633,9727891,
All CA Counties,2021-03-18,400741,14969312,205293,7556220,177452,7148523,17996,264569,237634,4610995,162012,5374598,257702,9985593,
All CA Counties,2021-03-19,410735,15380047,215943,7772163,173181,7321704,21611,286180,238280,4701378,171476,5546074,261859,10247452,
All CA Counties,2021-03-20,294838,15674885,155079,7927242,123889,7445593,15870,302050,186169,4796850,108008,5654082,203480,10450932,
All CA Counties,2021-03-21,143749,15818634,99373,8026615,36846,7482439,7530,309580,88296,4838941,55089,5709171,97180,10548112,
All CA Counties,2021-03-22,273202,16091836,159055,8185670,102929,7585368,11218,320798,177506,4935756,94914,5804085,191729,10739841,
All CA Counties,2021-03-23,357208,16449044,196619,8382289,149517,7734885,11072,331870,219350,5031820,136939,5941024,233003,10972844,
All CA Counties,2021-03-24,387454,16836498,221928,8604217,153042,7887927,12484,344354,225726,5111634,160490,6101514,240304,11213148,
All CA Counties,2021-03-25,417723,17254221,230213,8834430,172677,8060604,14833,359187,236824,5185864,179585,6281099,253815,11466963,
All CA Counties,2021-03-26,434937,17689158,232705,9067135,186154,8246758,16078,375265,234817,5240693,198912,6480011,253741,11720704,
All CA Counties,2021-03-27,312564,18001722,166260,9233395,134529,8381287,11775,387040,157652,5258269,154097,6634108,171673,11892377,
All CA Counties,2021-03-28,169329,18171051,109031,9342426,56713,8438000,3585,390625,88727,5272350,80147,6714255,94228,11986605,
All CA Counties,2021-03-29,310223,18481274,167017,9509443,134159,8572159,9047,399672,172634,5319720,136814,6851069,184184,12170789,
All CA Counties,2021-03-30,398283,18879557,201845,9711288,178226,8750385,18212,417884,224217,5390646,173269,7024338,244195,12414984,
All CA Counties,2021-03-31,426187,19305744,231958,9943246,172559,8922944,21670,439554,238292,5464762,186869,7211207,260985,12675969,
All CA Counties,2021-04-01,491696,19797440,251867,10195113,199570,9122514,40259,479813,271658,5559136,218700,7429907,313074,12989043,
All CA Counties,2021-04-02,473557,20270997,230912,10426025,199483,9321997,43162,522975,257413,5646418,214910,7644817,302192,13291235,
All CA Counties,2021-04-03,329442,20600439,167803,10593828,120200,9442197,41439,564414,164298,5688778,164501,7809318,206861,13498096,
All CA Counties,2021-04-04,132443,20732882,69104,10662932,44320,9486517,19019,583433,58090,5691980,74050,7883368,77252,13575348,
All CA Counties,2021-04-05,353117,21085999,182051,10844983,131381,9617898,39685,623118,174086,5729826,178340,8061708,216186,13791534,
All CA Counties,2021-04-06,457051,21543050,231627,11076610,159985,9777883,65439,688557,221757,5784567,234358,8296066,289099,14080633,
All CA Counties,2021-04-07,471821,22014871,244823,11321433,157090,9934973,69908,758465,230094,5844829,240772,8536838,301034,14381667,
All CA Counties,2021-04-08,499397,22514268,251792,11573225,163311,10098284,84294,842759,235364,5903869,262863,8799701,321903,14703570,
All CA Counties,2021-04-09,494310,23008578,246408,11819633,168155,10266439,79747,922506,227969,5949420,265277,9064978,310828,15014398,
All CA Counties,2021-04-10,366917,23375495,167889,11987522,124842,10391281,74186,996692,154138,5968395,212028,9277006,231003,15245401,
All CA Counties,2021-04-11,187501,23562996,105241,12092763,48159,10439440,34101,1030793,77663,5973528,109492,9386498,114625,15360026,
All CA Counties,2021-04-12,339446,23902442,174198,12266961,127172,10566612,38076,1068869,157355,5991492,181130,9567628,199094,15559120,
All CA Counties,2021-04-13,432029,24334471,241712,12508673,189374,10755986,943,1069812,241631,6047771,189407,9757035,245686,15804806,
All CA Counties,2021-04-14,450701,24785172,252610,12761283,197805,10953791,286,1070098,235530,6074283,214011,9971046,240523,16045329,
All CA Counties,2021-04-15,490700,25275872,285744,13047027,204694,11158485,262,1070360,275411,6139105,213881,10184927,278703,16324032,
All CA Counties,2021-04-16,474167,25750039,266825,13313852,207036,11365521,306,1070666,253062,6174986,219912,10404839,255793,16579825,
All CA Counties,2021-04-17,340875,26090914,190887,13504739,149931,11515452,57,1070723,193743,6225631,146314,10551153,196959,16776784,
All CA Counties,2021-04-18,154290,26245204,97982,13602721,56291,11571743,17,1070740,79382,6233533,74509,10625662,82411,16859195,
All CA Counties,2021-04-19,317152,26562356,183075,13785796,133987,11705730,90,1070830,150015,6219259,166258,10791920,151984,17011179,
All CA Counties,2021-04-20,406439,26968795,216214,14002010,190155,11895885,70,1070900,202540,6222080,202879,10994799,205700,17216879,
All CA Counties,2021-04-21,419589,27388384,237765,14239775,181561,12077446,263,1071163,201704,6210683,216487,11211286,205090,17421969,
All CA Counties,2021-04-22,445945,27834329,254052,14493827,191817,12269263,76,1071239,199150,6167670,245441,11456727,202428,17624397,
All CA Counties,2021-04-23,437196,28271525,249036,14742863,188072,12457335,88,1071327,197933,6131132,237879,11694606,201341,17825738,
All CA Counties,2021-04-24,324713,28596238,204466,14947329,120075,12577410,172,1071499,165038,6140874,158726,11853332,168468,17994206,
All CA Counties,2021-04-25,149355,28745593,98478,15045807,50810,12628220,67,1071566,80363,6154197,68545,11921877,81868,18076074,
All CA Counties,2021-04-26,293661,29039254,170195,15216002,121954,12750174,1512,1073078,128374,6124282,164315,12086192,134400,18210474,
All CA Counties,2021-04-27,358732,29397986,198690,15414692,153997,12904171,6045,1079123,144551,6064967,213074,12299266,153759,18364233,
All CA Counties,2021-04-28,350599,29748585,201133,15615825,141623,13045794,7843,1086966,144353,6014290,205184,12504450,154507,18518740,
All CA Counties,2021-04-29,359907,30108492,207297,15823122,144751,13190545,7859,1094825,131670,5928551,227108,12731558,141369,18660109,
All CA Counties,2021-04-30,371752,30480244,213128,16036250,149772,13340317,8852,1103677,140460,5849751,230051,12961609,151251,18811360,
All CA Counties,2021-05-01,247082,30727326,158049,16194299,83002,13423319,6031,1109708,89640,5790990,156646,13118255,97885,18909245,
All CA Counties,2021-05-02,116761,30844087,81606,16275905,31288,13454607,3867,1113575,40894,5760647,75481,13193736,45138,18954383,
All CA Counties,2021-05-03,251438,31095525,154865,16430770,87913,13542520,8660,1122235,76289,5672111,174339,13368075,85803,19040186,
All CA Counties,2021-05-04,325021,31420546,198098,16628868,117194,13659714,9729,1131964,96149,5551319,227830,13595905,107038,19147224,
All CA Counties,2021-05-05,328732,31749278,204164,16833032,114579,13774293,9989,1141953,92749,5420236,234796,13830701,103713,19250937,
All CA Counties,2021-05-06,347322,32096600,226474,17059506,110347,13884640,10501,1152454,88452,5264415,257278,14087979,101457,19352394,
All CA Counties,2021-05-07,344316,32440916,215749,17275255,118755,14003395,9812,1162266,93651,5119756,249340,14337319,104681,19457075,
All CA Counties,2021-05-08,223251,32664167,141689,17416944,74886,14078281,6676,1168942,61511,5028527,160853,14498172,69624,19526699,
All CA Counties,2021-05-09,93054,32757221,70057,17487001,20025,14098306,2972,1171914,25461,4990125,67272,14565444,28870,19555569,
All CA Counties,2021-05-10,200365,32957586,114055,17601056,78574,14176880,7736,1179650,49830,4899207,149757,14715201,58839,19614408,
All CA Counties,2021-05-11,258666,33216252,144834,17745890,105719,14282599,8113,1187763,68174,4787548,189598,14904799,77939,19692347,
All CA Counties,2021-05-12,252076,33468328,144636,17890526,99098,14381697,8342,1196105,68866,4683569,182242,15087041,78263,19770610,
All CA Counties,2021-05-13,290301,33758629,186314,18076840,96963,14478660,7024,1203129,108176,4620215,181071,15268112,117717,19888327,
All CA Counties,2021-05-14,331837,34090466,212158,18288998,110954,14589614,8725,1211854,130947,4562243,199743,15467855,141771,20030098,
All CA Counties,2021-05-15,273536,34364002,191174,18480172,76481,14666095,5881,1217735,112328,4521025,160388,15628243,119170,20149268,
All CA Counties,2021-05-16,135330,34499332,103717,18583889,28698,14694793,2915,1220650,54882,4499199,80014,15708257,58188,20207456,
All CA Counties,2021-05-17,237081,34736413,156281,18740170,73480,14768273,7320,1227970,96645,4464449,139584,15847841,104834,20312290,
All CA Counties,2021-05-18,277586,35013999,169460,18909630,100799,14869072,7327,1235297,111614,4419989,164877,16012718,120417,20432707,
All CA Counties,2021-05-19,272147,35286146,170052,19079682,94611,14963683,7484,1242781,114672,4386791,156470,16169188,123272,20555979,
All CA Counties,2021-05-20,223452,35509598,133895,19213577,82207,15045890,7350,1250131,87550,4348001,134962,16304150,96172,20652151,
All CA Counties,2021-05-21,240849,35750447,149215,19362792,84501,15130391,7133,1257264,94294,4304893,145521,16449671,102413,20754564,
All CA Counties,2021-05-22,167721,35918168,113380,19476172,48869,15179260,5472,1262736,73923,4291972,93197,16542868,80276,20834840,
All CA Counties,2021-05-23,61884,35980052,46431,19522603,13317,15192577,2136,1264872,28894,4290521,32706,16575574,31255,20866095,
All CA Counties,2021-05-24,165678,36145730,96347,19618950,61153,15253730,8178,1273050,63455,4261525,101469,16677043,72473,20938568,
All CA Counties,2021-05-25,187464,36333194,110421,19729371,69189,15322919,7854,1280904,73096,4230182,113407,16790450,82064,21020632,
All CA Counties,2021-05-26,181113,36514307,104155,19833526,69288,15392207,7670,1288574,71741,4202139,108329,16898779,80286,21100918,
All CA Counties,2021-05-27,169915,36684222,97147,19930673,64327,15456534,8441,1297015,69718,4182056,99407,16998186,79324,21180242,
All CA Counties,2021-05-28,185712,36869934,107495,20038168,71280,15527814,6937,1303952,81073,4167598,103754,17101940,89296,21269538,
All CA Counties,2021-05-29,105537,36975471,64947,20103115,36853,15564667,3737,1307689,50710,4168310,54314,17156254,55026,21324564,
All CA Counties,2021-05-30,46705,37022176,30853,20133968,13411,15578078,2441,1310130,21068,4166669,25421,17181675,23780,21348344,
All CA Counties,2021-05-31,19741,37041917,11678,20145646,7094,15585172,969,1311099,6581,4161318,13037,17194712,7686,21356030,
All CA Counties,2021-06-01,166260,37208177,97343,20242989,61995,15647167,6922,1318021,63261,4130440,102078,17296790,71200,21427230,
All CA Counties,2021-06-02,140308,37348485,83125,20326114,50181,15697348,7002,1325023,57140,4113044,82323,17379113,64927,21492157,
All CA Counties,2021-06-03,165425,37513910,113318,20439432,45267,15742615,6840,1331863,57547,4071405,107120,17486233,65481,21557638,
All CA Counties,2021-06-04,188698,37702608,133827,20573259,49133,15791748,5738,1337601,59728,4010795,128072,17614305,67462,21625100,
All CA Counties,2021-06-05,147268,37849876,111741,20685000,30632,15822380,4895,1342496,42524,3955170,104109,17718414,48484,21673584,
All CA Counties,2021-06-06,59216,37909092,49826,20734826,7352,15829732,2038,1344534,17527,3934190,41429,17759843,20449,21694033,
All CA Counties,2021-06-07,70835,37979927,51624,20786450,15629,15845361,3582,1348116,18401,3904308,52122,17811965,22240,21716273,
All CA and Non-CA Counties,2020-12-15,1149,1149,1149,1149,0,0,0,0,1149,1149,0,0,1149,1149,
All CA and Non-CA Counties,2020-12-16,8706,9855,8706,9855,0,0,0,0,8706,9855,0,0,8706,9855,
All CA and Non-CA Counties,2020-12-17,27901,37756,27901,37756,0,0,0,0,27901,37756,0,0,27901,37756,
All CA and Non-CA Counties,2020-12-18,47289,85045,47226,84982,63,63,0,0,47288,85043,1,1,47288,85044,
All CA and Non-CA Counties,2020-12-19,26364,111409,26338,111320,26,89,0,0,26363,111405,1,2,26363,111407,
All CA and Non-CA Counties,2020-12-20,19686,131095,19657,130977,29,118,0,0,19685,131089,1,3,19685,131092,
All CA and Non-CA Counties,2020-12-21,51849,182944,51757,182734,92,210,0,0,51847,182935,2,5,51848,182940,
All CA and Non-CA Counties,2020-12-22,52145,235089,49941,232675,2204,2414,0,0,52142,235075,2,7,52142,235082,
All CA and Non-CA Counties,2020-12-23,52162,287251,43235,275910,8927,11341,0,0,52157,287230,5,12,52160,287242,
All CA and Non-CA Counties,2020-12-24,24872,312123,16954,292864,7918,19259,0,0,24869,312098,3,15,24871,312113,
All CA and Non-CA Counties,2020-12-25,2377,314500,2049,294913,328,19587,0,0,2377,314475,0,15,2377,314490,
All CA and Non-CA Counties,2020-12-26,14919,329419,9665,304578,5254,24841,0,0,14917,329390,2,17,14917,329407,
All CA and Non-CA Counties,2020-12-27,9629,339048,5666,310244,3963,28804,0,0,9628,339017,1,18,9628,339035,
All CA and Non-CA Counties,2020-12-28,47319,386367,30329,340573,16990,45794,0,0,47316,386330,3,21,47316,386351,
All CA and Non-CA Counties,2020-12-29,52581,438948,29469,370042,23112,68906,0,0,52577,438904,3,24,52577,438928,
All CA and Non-CA Counties,2020-12-30,64886,503834,36826,406868,28060,96966,0,0,64878,503779,6,30,64881,503809,
All CA and Non-CA Counties,2020-12-31,30487,534321,11465,418333,19022,115988,0,0,30476,534248,8,38,30477,534286,
All CA and Non-CA Counties,2021-01-01,4404,538725,1957,420290,2447,118435,0,0,4399,538643,4,42,4399,538685,
All CA and Non-CA Counties,2021-01-02,18722,557447,10345,430635,8377,126812,0,0,18720,557362,1,43,18720,557405,
All CA and Non-CA Counties,2021-01-03,6349,563796,3588,434223,2761,129573,0,0,6313,563659,16,59,6313,563718,
All CA and Non-CA Counties,2021-01-04,44763,608559,22611,456834,22152,151725,0,0,44616,608170,105,164,44616,608334,
All CA and Non-CA Counties,2021-01-05,58103,666662,30624,487458,27479,179204,0,0,52365,654950,5679,5843,52459,660793,
All CA and Non-CA Counties,2021-01-06,76095,742757,42100,529558,33995,213199,0,0,59785,698644,16127,21970,59821,720614,
All CA and Non-CA Counties,2021-01-07,96320,839077,55001,584559,41319,254518,0,0,63588,729740,32558,54528,63654,784268,
All CA and Non-CA Counties,2021-01-08,111369,950446,67149,651708,44220,298738,0,0,67790,754204,43434,97962,67898,852166,
All CA and Non-CA Counties,2021-01-09,45675,996121,26046,677754,19629,318367,0,0,28772,766127,16878,114840,28801,880967,
All CA and Non-CA Counties,2021-01-10,24622,1020743,15038,692792,9584,327951,0,0,13259,768059,11346,126186,13278,894245,
All CA and Non-CA Counties,2021-01-11,107836,1128579,71568,764360,36268,364219,0,0,62588,785615,45204,171390,62760,957005,
All CA and Non-CA Counties,2021-01-12,117309,1245888,69441,833801,47868,412087,0,0,74668,817963,42558,213948,74906,1031911,
All CA and Non-CA Counties,2021-01-13,122799,1368687,63592,897393,59207,471294,0,0,87829,870990,34886,248834,87913,1119824,
All CA and Non-CA Counties,2021-01-14,127473,1496160,50867,948260,76606,547900,0,0,107240,958279,20118,268952,107407,1227231,
All CA and Non-CA Counties,2021-01-15,146063,1642223,52786,1001046,93277,641177,0,0,130503,1073538,15454,284406,130713,1357944,
All CA and Non-CA Counties,2021-01-16,83122,1725345,27727,1028773,55395,696572,0,0,75373,1141243,7720,292126,75425,1433369,
All CA and Non-CA Counties,2021-01-17,48736,1774081,16994,1045767,31742,728314,0,0,45028,1182618,3701,295827,45076,1478445,
All CA and Non-CA Counties,2021-01-18,89363,1863444,46788,1092555,42575,770889,0,0,69612,1232720,19675,315502,69777,1548222,
All CA and Non-CA Counties,2021-01-19,146007,2009451,74967,1167522,71040,841929,0,0,113966,1315068,31949,347451,114297,1662519,
All CA and Non-CA Counties,2021-01-20,164745,2174196,83370,1250892,81375,923304,0,0,130174,1411152,34350,381801,130434,1792953,
All CA and Non-CA Counties,2021-01-21,177502,2351698,78041,1328933,99461,1022765,0,0,157833,1549895,19446,401247,158189,1951142,
All CA and Non-CA Counties,2021-01-22,174153,2525851,70313,1399246,103840,1126605,0,0,159464,1694961,14548,415795,159614,2110756,
All CA and Non-CA Counties,2021-01-23,113654,2639505,49796,1449042,63858,1190463,0,0,100973,1783429,12623,428418,101091,2211847,
All CA and Non-CA Counties,2021-01-24,61551,2701056,29708,1478750,31843,1222306,0,0,56821,1835611,4700,433118,56882,2268729,
All CA and Non-CA Counties,2021-01-25,149668,2850724,67339,1546089,82329,1304635,0,0,113635,1913703,35903,469021,113995,2382724,
All CA and Non-CA Counties,2021-01-26,174808,3025532,85829,1631918,88979,1393614,0,0,136418,2012129,38259,507280,136685,2519409,
All CA and Non-CA Counties,2021-01-27,187465,3212997,90503,1722421,96962,1490576,0,0,147459,2120124,39678,546958,147673,2667082,
All CA and Non-CA Counties,2021-01-28,193098,3406095,89549,1811970,103549,1594125,0,0,158388,2244315,34416,581374,158607,2825689,
All CA and Non-CA Counties,2021-01-29,188670,3594765,91458,1903428,97212,1691337,0,0,153229,2362860,34866,616240,153411,2979100,
All CA and Non-CA Counties,2021-01-30,127921,3722686,58080,1961508,69841,1761178,0,0,112280,2459805,15477,631717,112422,3091522,
All CA and Non-CA Counties,2021-01-31,72142,3794828,41308,2002816,30834,1792012,0,0,67295,2522358,4798,636515,67351,3158873,
All CA and Non-CA Counties,2021-02-01,167303,3962131,78460,2081276,88843,1880855,0,0,125859,2607078,41274,677789,125994,3284867,
All CA and Non-CA Counties,2021-02-02,191914,4154045,80102,2161378,111812,1992667,0,0,146743,2709159,44886,722675,146967,3431834,
All CA and Non-CA Counties,2021-02-03,218098,4372143,97531,2258909,120567,2113234,0,0,162861,2817534,54735,777410,163110,3594944,
All CA and Non-CA Counties,2021-02-04,234511,4606654,101933,2360842,132578,2245812,0,0,172931,2929796,61034,838444,173296,3768240,
All CA and Non-CA Counties,2021-02-05,252681,4859335,108594,2469436,144087,2389899,0,0,172859,3024148,79045,917489,173397,3941637,
All CA and Non-CA Counties,2021-02-06,159239,5018574,77038,2546474,82201,2472100,0,0,123987,3113555,35077,952566,124484,4066121,
All CA and Non-CA Counties,2021-02-07,69091,5087665,45080,2591554,24011,2496111,0,0,52570,3150137,16441,969007,53023,4119144,
All CA and Non-CA Counties,2021-02-08,186245,5273910,92427,2683981,93818,2589929,0,0,123658,3212396,62146,1031153,124405,4243549,
All CA and Non-CA Counties,2021-02-09,215595,5489505,104093,2788074,111502,2701431,0,0,129681,3257792,85451,1116604,130847,4374396,
All CA and Non-CA Counties,2021-02-10,254109,5743614,121619,2909693,132490,2833921,0,0,141125,3288274,112163,1228767,142645,4517041,
All CA and Non-CA Counties,2021-02-11,270277,6013891,133734,3043427,136543,2970464,0,0,148586,3318098,120571,1349338,150395,4667436,
All CA and Non-CA Counties,2021-02-12,277669,6291560,121304,3164731,156365,3126829,0,0,150504,3344709,126271,1475609,152882,4820318,
All CA and Non-CA Counties,2021-02-13,169088,6460648,78006,3242737,91082,3217911,0,0,93933,3365822,74782,1550391,95895,4916213,
All CA and Non-CA Counties,2021-02-14,96633,6557281,47814,3290551,48819,3266730,0,0,52642,3376189,43820,1594211,54187,4970400,
All CA and Non-CA Counties,2021-02-15,144942,6702223,63992,3354543,80950,3347680,0,0,80027,3394818,64525,1658736,83154,5053554,
All CA and Non-CA Counties,2021-02-16,255315,6957538,121037,3475580,134278,3481958,0,0,135717,3414429,119208,1777944,138819,5192373,
All CA and Non-CA Counties,2021-02-17,264869,7222407,131820,3607400,133049,3615007,0,0,130832,3414988,133485,1911429,134044,5326417,
All CA and Non-CA Counties,2021-02-18,279200,7501607,145981,3753381,133219,3748226,0,0,133990,3408711,144487,2055916,138210,5464627,
All CA and Non-CA Counties,2021-02-19,259008,7760615,150890,3904271,108118,3856344,0,0,133176,3418645,125332,2181248,135266,5599893,
All CA and Non-CA Counties,2021-02-20,156917,7917532,101035,4005306,55882,3912226,0,0,85823,3435623,70827,2252075,87805,5687698,
All CA and Non-CA Counties,2021-02-21,85445,8002977,70995,4076301,14450,3926676,0,0,42512,3436996,42686,2294761,44059,5731757,
All CA and Non-CA Counties,2021-02-22,168184,8171161,112884,4189185,55300,3981976,0,0,84121,3439105,83741,2378502,85850,5817607,
All CA and Non-CA Counties,2021-02-23,232219,8403380,123145,4312330,109074,4091050,0,0,107753,3428999,123861,2502363,113755,5931362,
All CA and Non-CA Counties,2021-02-24,290281,8693661,147153,4459483,143128,4234178,0,0,137318,3421533,152329,2654692,144863,6076225,
All CA and Non-CA Counties,2021-02-25,329503,9023164,162747,4622230,166756,4400934,0,0,172136,3445577,156645,2811337,180689,6256914,
All CA and Non-CA Counties,2021-02-26,363824,9386988,170038,4792268,193786,4594720,0,0,201925,3493875,160902,2972239,209200,6466114,
All CA and Non-CA Counties,2021-02-27,258910,9645898,126087,4918355,132800,4727520,23,23,146013,3532062,112263,3084502,150450,6616564,
All CA and Non-CA Counties,2021-02-28,137512,9783410,82776,5001131,54728,4782248,8,31,80375,3558584,56701,3141203,83223,6699787,
All CA and Non-CA Counties,2021-03-01,248692,10032102,133248,5134379,115339,4897587,105,136,142015,3598818,105898,3247101,146132,6845919,
All CA and Non-CA Counties,2021-03-02,295900,10328002,148771,5283150,147101,5044688,28,164,176546,3663463,118823,3365924,183468,7029387,
All CA and Non-CA Counties,2021-03-03,340184,10668186,167989,5451139,172136,5216824,59,223,194126,3719588,145351,3511275,201476,7230863,
All CA and Non-CA Counties,2021-03-04,358281,11026467,180897,5632036,177287,5394111,97,320,208695,3786597,148817,3660092,215826,7446689,
All CA and Non-CA Counties,2021-03-05,344969,11371436,169823,5801859,174009,5568120,1137,1457,214282,3879424,129865,3789957,222692,7669381,
All CA and Non-CA Counties,2021-03-06,264218,11635654,135442,5937301,120766,5688886,8010,9467,163866,3956080,99931,3889888,176587,7845968,
All CA and Non-CA Counties,2021-03-07,129432,11765086,79580,6016881,45641,5734527,4211,13678,81078,3996881,48166,3938054,88967,7934935,
All CA and Non-CA Counties,2021-03-08,222342,11987428,108269,6125150,103339,5837866,10734,24412,145749,4082160,76177,4014231,161456,8096391,
All CA and Non-CA Counties,2021-03-09,296262,12283690,141825,6266975,138209,5976075,16228,40640,166466,4139598,129304,4143535,186742,8283133,
All CA and Non-CA Counties,2021-03-10,327021,12610711,163080,6430055,138979,6115054,24962,65602,177708,4197793,148647,4292182,206842,8489975,
All CA and Non-CA Counties,2021-03-11,382683,12993394,185140,6615195,163541,6278595,34002,99604,196829,4247921,184914,4477096,235042,8725017,
All CA and Non-CA Counties,2021-03-12,401644,13395038,180563,6795758,174059,6452654,47022,146626,197597,4293490,203236,4680332,248805,8973822,
All CA and Non-CA Counties,2021-03-13,287178,13682216,127098,6922856,128490,6581144,31590,178216,155671,4353963,131044,4811376,191517,9165339,
All CA and Non-CA Counties,2021-03-14,156753,13838969,84232,7007088,57088,6638232,15433,193649,79545,4374287,76920,4888296,97244,9262583,
All CA and Non-CA Counties,2021-03-15,294651,14133620,140999,7148087,132635,6770867,21017,214666,160244,4425268,133657,5021953,184638,9447221,
All CA and Non-CA Counties,2021-03-16,377771,14511391,178301,7326388,181779,6952646,17691,232357,218791,4506711,158238,5180191,239681,9686902,
All CA and Non-CA Counties,2021-03-17,392077,14903468,195214,7521602,177938,7130584,18925,251282,242645,4622196,148602,5328793,264087,9950989,
All CA and Non-CA Counties,2021-03-18,409064,15312532,210434,7732036,180096,7310680,18534,269816,242451,4719745,165508,5494301,263057,10214046,
All CA and Non-CA Counties,2021-03-19,418073,15730605,220294,7952330,175623,7486303,22156,291972,242683,4812149,174407,5668708,266811,10480857,
All CA and Non-CA Counties,2021-03-20,299599,16030204,158223,8110553,125419,7611722,15957,307929,189811,4910243,109116,5777824,207210,10688067,
All CA and Non-CA Counties,2021-03-21,145834,16176038,100807,8211360,37410,7649132,7617,315546,89965,4953676,55503,5833327,98936,10787003,
All CA and Non-CA Counties,2021-03-22,276473,16452511,161022,8372382,104144,7753276,11307,326853,179745,5051798,95935,5929262,194057,10981060,
All CA and Non-CA Counties,2021-03-23,363290,16815801,199714,8572096,152196,7905472,11380,338233,223473,5150349,138883,6068145,237434,11218494,
All CA and Non-CA Counties,2021-03-24,394802,17210603,225697,8797793,156174,8061646,12931,351164,230806,5233427,162751,6230896,245829,11464323,
All CA and Non-CA Counties,2021-03-25,426017,17636620,234071,9031864,176589,8238235,15357,366521,242864,5311980,181826,6412722,260379,11724702,
All CA and Non-CA Counties,2021-03-26,441613,18078233,236237,9268101,189120,8427355,16256,382777,239223,5369149,201155,6613877,258324,11983026,
All CA and Non-CA Counties,2021-03-27,318125,18396358,169387,9437488,136747,8564102,11991,394768,161146,5388372,156159,6770036,175382,12158408,
All CA and Non-CA Counties,2021-03-28,172418,18568776,110684,9548172,57988,8622090,3746,398514,90726,5403528,81232,6851268,96388,12254796,
All CA and Non-CA Counties,2021-03-29,315405,18884181,169317,9717489,136696,8758786,9392,407906,175595,5451987,139031,6990299,187490,12442286,
All CA and Non-CA Counties,2021-03-30,405173,19289354,205474,9922963,180923,8939709,18776,426682,228290,5524750,176076,7166375,248839,12691125,
All CA and Non-CA Counties,2021-03-31,432547,19721901,235757,10158720,174342,9114051,22448,449130,241673,5600049,189842,7356217,265141,12956266,
All CA and Non-CA Counties,2021-04-01,499205,20221106,256356,10415076,201945,9315996,40904,490034,275994,5696231,221864,7578081,318046,13274312,
All CA and Non-CA Counties,2021-04-02,482063,20703169,235449,10650525,202300,9518296,44314,534348,261816,5784972,219004,7797085,307745,13582057,
All CA and Non-CA Counties,2021-04-03,335608,21038777,171465,10821990,121547,9639843,42596,576944,167534,5828802,167423,7964508,211253,13793310,
All CA and Non-CA Counties,2021-04-04,134232,21173009,69981,10891971,44998,9684841,19253,596197,59072,5832413,74855,8039363,78466,13871776,
All CA and Non-CA Counties,2021-04-05,357244,21530253,184045,11076016,132848,9817689,40351,636548,176050,5870731,180497,8219860,218815,14090591,
All CA and Non-CA Counties,2021-04-06,464226,21994479,235493,11311509,161654,9979343,67079,703627,224641,5925715,238634,8458494,293618,14384209,
All CA and Non-CA Counties,2021-04-07,480054,22474533,249458,11560967,158990,10138333,71606,775233,233304,5985860,245788,8704282,305933,14690142,
All CA and Non-CA Counties,2021-04-08,507561,22982094,256030,11816997,165292,10303625,86239,861472,238560,6045072,267822,8972104,327034,15017176,
All CA and Non-CA Counties,2021-04-09,501824,23483918,250272,12067269,169866,10473491,81686,943158,230866,6090860,269885,9241989,315673,15332849,
All CA and Non-CA Counties,2021-04-10,373065,23856983,170933,12238202,126085,10599576,76047,1019205,155867,6109004,216440,9458429,234584,15567433,
All CA and Non-CA Counties,2021-04-11,190341,24047324,106790,12344992,48812,10648388,34739,1053944,78617,6113848,111374,9569803,116218,15683651,
All CA and Non-CA Counties,2021-04-12,343558,24390882,176487,12521479,128446,10776834,38625,1092569,159166,6131879,183424,9753227,201455,15885106,
All CA and Non-CA Counties,2021-04-13,437846,24828728,245433,12766912,191445,10968279,968,1093537,244626,6188364,192223,9945450,248708,16133814,
All CA and Non-CA Counties,2021-04-14,456035,25284763,255983,13022895,199762,11168041,290,1093827,238421,6215336,216449,10161899,243421,16377235,
All CA and Non-CA Counties,2021-04-15,496849,25781612,289623,13312518,206957,11374998,269,1094096,278702,6280652,216687,10378586,282003,16659238,
All CA and Non-CA Counties,2021-04-16,480019,26261631,270176,13582694,209531,11584529,312,1094408,256308,6317192,222507,10601093,259047,16918285,
All CA and Non-CA Counties,2021-04-17,346278,26607909,194250,13776944,151970,11736499,58,1094466,196821,6368601,148629,10749722,200038,17118323,
All CA and Non-CA Counties,2021-04-18,156404,26764313,99158,13876102,57228,11793727,18,1094484,80384,6376400,75616,10825338,83415,17201738,
All CA and Non-CA Counties,2021-04-19,321289,27085602,185074,14061176,136124,11929851,91,1094575,152136,6362246,168263,10993601,154109,17355847,
All CA and Non-CA Counties,2021-04-20,411811,27497413,218658,14279834,193083,12122934,70,1094645,204729,6364080,206055,11199656,207889,17563736,
All CA and Non-CA Counties,2021-04-21,425962,27923375,240421,14520255,185274,12308208,267,1094912,203959,6350841,220588,11420244,207349,17771085,
All CA and Non-CA Counties,2021-04-22,452686,28376061,257486,14777741,195120,12503328,80,1094992,201584,6305973,249736,11669980,204868,17975953,
All CA and Non-CA Counties,2021-04-23,443060,28819121,252015,15029756,190956,12694284,89,1095081,200315,6268356,241344,11911324,203727,18179680,
All CA and Non-CA Counties,2021-04-24,329254,29148375,207411,15237167,121666,12815950,177,1095258,166832,6277157,161469,12072793,170270,18349950,
All CA and Non-CA Counties,2021-04-25,151577,29299952,99730,15336897,51778,12867728,69,1095327,81535,6290610,69592,12142385,83045,18432995,
All CA and Non-CA Counties,2021-04-26,297633,29597585,171933,15508830,124163,12991891,1537,1096864,130177,6260362,166476,12308861,136228,18569223,
All CA and Non-CA Counties,2021-04-27,364207,29961792,200702,15709532,157123,13149014,6382,1103246,146452,6199728,216639,12525500,156005,18725228,
All CA and Non-CA Counties,2021-04-28,355455,30317247,203202,15912734,144015,13293029,8238,1111484,146241,6148379,208140,12733640,156791,18882019,
All CA and Non-CA Counties,2021-04-29,364757,30682004,209519,16122253,146947,13439976,8291,1119775,133490,6061883,230117,12963757,143621,19025640,
All CA and Non-CA Counties,2021-04-30,376650,31058654,215485,16337738,151890,13591866,9275,1129050,142298,5982300,233098,13196855,153515,19179155,
All CA and Non-CA Counties,2021-05-01,250266,31308920,159891,16497629,83916,13675782,6459,1135509,90906,5923326,158553,13355408,99579,19278734,
All CA and Non-CA Counties,2021-05-02,118626,31427546,82689,16580318,31947,13707729,3990,1139499,41730,5892916,76507,13431915,46097,19324831,
All CA and Non-CA Counties,2021-05-03,254314,31681860,156437,16736755,88935,13796664,8942,1148441,77404,5804019,176096,13608011,87199,19412030,
All CA and Non-CA Counties,2021-05-04,328950,32010810,200203,16936958,118573,13915237,10174,1158615,97460,5682367,230444,13838455,108792,19520822,
All CA and Non-CA Counties,2021-05-05,332991,32343801,206466,17143424,116168,14031405,10357,1168972,94248,5550401,237549,14076004,105583,19626405,
All CA and Non-CA Counties,2021-05-06,351646,32695447,229062,17372486,111741,14143146,10843,1179815,89968,5393634,260082,14336086,103315,19729720,
All CA and Non-CA Counties,2021-05-07,348953,33044400,218358,17590844,120393,14263539,10202,1190017,95320,5248075,252299,14588385,106740,19836460,
All CA and Non-CA Counties,2021-05-08,226595,33270995,143905,17734749,75767,14339306,6923,1196940,62718,5156174,162980,14751365,71079,19907539,
All CA and Non-CA Counties,2021-05-09,94432,33365427,70965,17805714,20368,14359674,3099,1200039,26060,5117721,68048,14819413,29595,19937134,
All CA and Non-CA Counties,2021-05-10,202986,33568413,115242,17920956,79681,14439355,8063,1208102,50832,5026521,151370,14970783,60170,19997304,
All CA and Non-CA Counties,2021-05-11,261494,33829907,146152,18067108,106943,14546298,8399,1216501,69251,4914478,191348,15162131,79305,20076609,
All CA and Non-CA Counties,2021-05-12,254947,34084854,145949,18213057,100357,14646655,8641,1225142,69964,4810126,184011,15346142,79659,20156268,
All CA and Non-CA Counties,2021-05-13,293066,34377920,187885,18400942,97952,14744607,7229,1232371,109402,4746664,182610,15528752,119148,20275416,
All CA and Non-CA Counties,2021-05-14,335382,34713302,214154,18615096,112265,14856872,8963,1241334,132580,4688654,201653,15730405,143643,20419059,
All CA and Non-CA Counties,2021-05-15,276183,34989485,192733,18807829,77426,14934298,6024,1247358,113497,4647272,161867,15892272,120485,20539544,
All CA and Non-CA Counties,2021-05-16,136973,35126458,104766,18912595,29222,14963520,2985,1250343,55642,4625395,80895,15973167,59018,20598562,
All CA and Non-CA Counties,2021-05-17,240159,35366617,157924,19070519,74681,15038201,7554,1257897,98035,4590587,141267,16114434,106459,20705021,
All CA and Non-CA Counties,2021-05-18,280826,35647443,171103,19241622,102081,15140282,7642,1265539,113125,4546239,166594,16281028,122246,20827267,
All CA and Non-CA Counties,2021-05-19,275495,35922938,171751,19413373,95992,15236274,7752,1273291,116180,4512984,158303,16439331,125048,20952315,
All CA and Non-CA Counties,2021-05-20,225579,36148517,135099,19548472,82932,15319206,7548,1280839,88559,4474292,136073,16575404,97381,21049696,
All CA and Non-CA Counties,2021-05-21,243095,36391612,150524,19698996,85218,15404424,7353,1288192,95312,4431202,146742,16722146,103652,21153348,
All CA and Non-CA Counties,2021-05-22,169765,36561377,114858,19813854,49259,15453683,5648,1293840,75167,4418904,93992,16816138,81694,21235042,
All CA and Non-CA Counties,2021-05-23,62846,36624223,47157,19861011,13495,15467178,2194,1296034,29414,4417590,33148,16849286,31834,21266876,
All CA and Non-CA Counties,2021-05-24,168108,36792331,97538,19958549,62046,15529224,8524,1304558,64574,4388756,102772,16952058,73938,21340814,
All CA and Non-CA Counties,2021-05-25,189838,36982169,111529,20070078,70122,15599346,8187,1312745,74157,4357502,114710,17066768,83456,21424270,
All CA and Non-CA Counties,2021-05-26,183466,37165635,105241,20175319,70202,15669548,8023,1320768,72739,4329463,109677,17176445,81638,21505908,
All CA and Non-CA Counties,2021-05-27,172109,37337744,98256,20273575,65124,15734672,8729,1329497,70750,4309541,100565,17277010,80643,21586551,
All CA and Non-CA Counties,2021-05-28,188129,37525873,108710,20382285,72128,15806800,7291,1336788,82189,4295260,105048,17382058,90767,21677318,
All CA and Non-CA Counties,2021-05-29,107224,37633097,65805,20448090,37326,15844126,4093,1340881,51452,4296129,55255,17437313,56124,21733442,
All CA and Non-CA Counties,2021-05-30,47622,37680719,31415,20479505,13641,15857767,2566,1343447,21536,4294636,25867,17463180,24374,21757816,
All CA and Non-CA Counties,2021-05-31,20158,37700877,11860,20491365,7290,15865057,1008,1344455,6759,4289276,13264,17476444,7904,21765720,
All CA and Non-CA Counties,2021-06-01,168375,37869252,98457,20589822,62703,15927760,7215,1351670,64336,4258731,103114,17579558,72569,21838289,
All CA and Non-CA Counties,2021-06-02,142381,38011633,84202,20674024,50840,15978600,7339,1359009,58201,4241726,83330,17662888,66325,21904614,
All CA and Non-CA Counties,2021-06-03,167602,38179235,114557,20788581,45907,16024507,7138,1366147,58672,4200464,108166,17771054,66904,21971518,
All CA and Non-CA Counties,2021-06-04,191471,38370706,135472,20924053,49953,16074460,6046,1372193,61066,4140070,129502,17900556,69108,22040626,
All CA and Non-CA Counties,2021-06-05,149344,38520050,113168,21037221,31106,16105566,5070,1377263,43563,4084625,105143,18005699,49698,22090324,
All CA and Non-CA Counties,2021-06-06,60334,38580384,50685,21087906,7515,16113081,2134,1379397,18150,4063870,41923,18047622,21168,22111492,
All CA and Non-CA Counties,2021-06-07,71814,38652198,52050,21139956,15955,16129036,3809,1383206,18706,4033851,52790,18100412,22771,22134263,
Outside California,2020-12-15,7,7,7,7,0,0,0,0,7,7,0,0,7,7,Not in California
Outside California,2020-12-16,274,281,274,281,0,0,0,0,274,281,0,0,274,281,Not in California
Outside California,2020-12-17,1607,1888,1607,1888,0,0,0,0,1607,1888,0,0,1607,1888,Not in California
Outside California,2020-12-18,2557,4445,2550,4438,7,7,0,0,2557,4445,0,0,2557,4445,Not in California
Outside California,2020-12-19,1037,5482,1036,5474,1,8,0,0,1037,5482,0,0,1037,5482,Not in California
Outside California,2020-12-20,680,6162,677,6151,3,11,0,0,680,6162,0,0,680,6162,Not in California
Outside California,2020-12-21,2182,8344,2179,8330,3,14,0,0,2182,8344,0,0,2182,8344,Not in California
Outside California,2020-12-22,2084,10428,2009,10339,75,89,0,0,2084,10428,0,0,2084,10428,Not in California
Outside California,2020-12-23,1535,11963,1393,11732,142,231,0,0,1534,11961,1,1,1534,11962,Not in California
Outside California,2020-12-24,804,12767,611,12343,193,424,0,0,804,12765,0,1,804,12766,Not in California
Outside California,2020-12-25,35,12802,30,12373,5,429,0,0,35,12800,0,1,35,12801,Not in California
Outside California,2020-12-26,306,13108,204,12577,102,531,0,0,306,13106,0,1,306,13107,Not in California
Outside California,2020-12-27,188,13296,72,12649,116,647,0,0,188,13294,0,1,188,13295,Not in California
Outside California,2020-12-28,1412,14708,897,13546,515,1162,0,0,1412,14706,0,1,1412,14707,Not in California
Outside California,2020-12-29,1522,16230,1010,14556,512,1674,0,0,1522,16228,0,1,1522,16229,Not in California
Outside California,2020-12-30,1877,18107,1227,15783,650,2324,0,0,1877,18105,0,1,1877,18106,Not in California
Outside California,2020-12-31,1092,19199,601,16384,491,2815,0,0,1091,19195,1,2,1091,19197,Not in California
Outside California,2021-01-01,112,19311,25,16409,87,2902,0,0,112,19307,0,2,112,19309,Not in California
Outside California,2021-01-02,240,19551,133,16542,107,3009,0,0,239,19545,1,3,239,19548,Not in California
Outside California,2021-01-03,172,19723,91,16633,81,3090,0,0,172,19717,0,3,172,19720,Not in California
Outside California,2021-01-04,1149,20872,508,17141,641,3731,0,0,1144,20860,1,4,1144,20864,Not in California
Outside California,2021-01-05,1543,22415,817,17958,726,4457,0,0,1351,22022,190,194,1352,22216,Not in California
Outside California,2021-01-06,2702,25117,1597,19555,1105,5562,0,0,1959,23241,740,934,1959,24175,Not in California
Outside California,2021-01-07,4136,29253,2530,22085,1606,7168,0,0,2477,24063,1657,2591,2479,26654,Not in California
Outside California,2021-01-08,4494,33747,2918,25003,1576,8744,0,0,2616,24814,1868,4459,2619,29273,Not in California
Outside California,2021-01-09,1307,35054,530,25533,777,9521,0,0,979,25468,327,4786,981,30254,Not in California
Outside California,2021-01-10,300,35354,183,25716,117,9638,0,0,178,25524,122,4908,178,30432,Not in California
Outside California,2021-01-11,3289,38643,2004,27720,1285,10923,0,0,1956,26147,1333,6241,1956,32388,Not in California
Outside California,2021-01-12,3868,42511,2318,30038,1550,12473,0,0,2310,26906,1554,7795,2313,34701,Not in California
Outside California,2021-01-13,3670,46181,1802,31840,1868,14341,0,0,2486,28211,1184,8979,2489,37190,Not in California
Outside California,2021-01-14,3708,49889,1277,33117,2431,16772,0,0,3066,30650,629,9608,3068,40258,Not in California
Outside California,2021-01-15,4204,54093,999,34116,3205,19977,0,0,3733,33925,458,10066,3733,43991,Not in California
Outside California,2021-01-16,2690,56783,387,34503,2303,22280,0,0,2514,36265,174,10240,2514,46505,Not in California
Outside California,2021-01-17,500,57283,153,34656,347,22627,0,0,450,36665,50,10290,450,46955,Not in California
Outside California,2021-01-18,1202,58485,770,35426,432,23059,0,0,748,36960,453,10743,748,47703,Not in California
Outside California,2021-01-19,4064,62549,1322,36748,2742,25801,0,0,3177,39253,887,11630,3180,50883,Not in California
Outside California,2021-01-20,4404,66953,1410,38158,2994,28795,0,0,3466,41786,934,12564,3467,54350,Not in California
Outside California,2021-01-21,4102,71055,1132,39290,2970,31765,0,0,3539,44777,548,13112,3539,57889,Not in California
Outside California,2021-01-22,4557,75612,1098,40388,3459,35224,0,0,4152,48530,401,13513,4154,62043,Not in California
Outside California,2021-01-23,2223,77835,337,40725,1886,37110,0,0,2062,50431,161,13674,2062,64105,Not in California
Outside California,2021-01-24,592,78427,238,40963,354,37464,0,0,514,50867,78,13752,514,64619,Not in California
Outside California,2021-01-25,4400,82827,1897,42860,2503,39967,0,0,3534,53539,863,14615,3535,68154,Not in California
Outside California,2021-01-26,5768,88595,2770,45630,2998,42965,0,0,4920,57619,847,15462,4927,73081,Not in California
Outside California,2021-01-27,4804,93399,2496,48126,2308,45273,0,0,4179,61179,621,16083,4181,77262,Not in California
Outside California,2021-01-28,5041,98440,2685,50811,2356,47629,0,0,4512,65172,519,16602,4512,81774,Not in California
Outside California,2021-01-29,4731,103171,2918,53729,1813,49442,0,0,3941,68332,783,17385,3943,85717,Not in California
Outside California,2021-01-30,4293,107464,2280,56009,2013,51455,0,0,4062,72166,229,17614,4063,89780,Not in California
Outside California,2021-01-31,2888,110352,2482,58491,406,51861,0,0,2834,74948,53,17667,2835,92615,Not in California
Outside California,2021-02-01,5349,115701,2470,60961,2879,54740,0,0,4642,78891,699,18366,4642,97257,Not in California
Outside California,2021-02-02,6613,122314,2067,63028,4546,59286,0,0,5897,84079,709,19075,5897,103154,Not in California
Outside California,2021-02-03,7221,129535,1991,65019,5230,64516,0,0,6350,89566,864,19939,6351,109505,Not in California
Outside California,2021-02-04,6671,136206,2058,67077,4613,69129,0,0,5675,94255,987,20926,5676,115181,Not in California
Outside California,2021-02-05,6667,142873,2098,69175,4569,73698,0,0,5592,98777,1070,21996,5592,120773,Not in California
Outside California,2021-02-06,4237,147110,1972,71147,2265,75963,0,0,3772,102096,456,22452,3775,124548,Not in California
Outside California,2021-02-07,2028,149138,1641,72788,387,76350,0,0,1950,103970,78,22530,1952,126500,Not in California
Outside California,2021-02-08,4937,154075,2975,75763,1962,78312,0,0,3875,106794,1051,23581,3875,130375,Not in California
Outside California,2021-02-09,4116,158191,1763,77526,2353,80665,0,0,2816,108334,1290,24871,2830,133205,Not in California
Outside California,2021-02-10,5466,163657,1812,79338,3654,84319,0,0,3033,108983,2425,27296,3074,136279,Not in California
Outside California,2021-02-11,4708,168365,2133,81471,2575,86894,0,0,3400,111103,1298,28594,3418,139697,Not in California
Outside California,2021-02-12,5198,173563,1904,83375,3294,90188,0,0,3370,112662,1815,30409,3374,143071,Not in California
Outside California,2021-02-13,2368,175931,686,84061,1682,91870,0,0,1811,113929,556,30965,1823,144894,Not in California
Outside California,2021-02-14,1309,177240,387,84448,922,92792,0,0,1069,114764,236,31201,1071,145965,Not in California
Outside California,2021-02-15,2469,179709,1466,85914,1003,93795,0,0,1204,114719,1252,32453,1207,147172,Not in California
Outside California,2021-02-16,6279,185988,2752,88666,3527,97322,0,0,2543,113541,3725,36178,2547,149719,Not in California
Outside California,2021-02-17,5742,191730,2791,91457,2951,100273,0,0,1817,111443,3920,40098,1822,151541,Not in California
Outside California,2021-02-18,6218,197948,3525,94982,2693,102966,0,0,2044,109331,4156,44254,2044,153585,Not in California
Outside California,2021-02-19,5511,203459,3770,98752,1741,104707,0,0,2390,108607,3116,47370,2392,155977,Not in California
Outside California,2021-02-20,3175,206634,2525,101277,650,105357,0,0,1240,107917,1931,49301,1241,157218,Not in California
Outside California,2021-02-21,2574,209208,2357,103634,217,105574,0,0,845,107039,1724,51025,846,158064,Not in California
Outside California,2021-02-22,3375,212583,2439,106073,936,106510,0,0,1628,106927,1744,52769,1632,159696,Not in California
Outside California,2021-02-23,5878,218461,3272,109345,2606,109116,0,0,2331,105732,3540,56309,2345,162041,Not in California
Outside California,2021-02-24,6280,224741,3447,112792,2833,111949,0,0,2451,104365,3823,60132,2456,164497,Not in California
Outside California,2021-02-25,6768,231509,3412,116204,3356,115305,0,0,3064,103758,3675,63807,3068,167565,Not in California
Outside California,2021-02-26,6701,238210,3503,119707,3198,118503,0,0,3084,103306,3537,67344,3085,170650,Not in California
Outside California,2021-02-27,5334,243544,2621,122328,2712,121215,1,1,1879,101745,3444,70788,1883,172533,Not in California
Outside California,2021-02-28,2272,245816,1619,123947,652,121867,1,2,795,101067,1475,72263,797,173330,Not in California
Outside California,2021-03-01,4644,250460,2855,126802,1788,123655,1,3,1347,99131,3289,75552,1353,174683,Not in California
Outside California,2021-03-02,6585,257045,2369,129171,4216,127871,0,3,2056,96672,4517,80069,2058,176741,Not in California
Outside California,2021-03-03,7794,264839,3001,132172,4791,132662,2,5,2665,94228,5115,85184,2671,179412,Not in California
Outside California,2021-03-04,6698,271537,2796,134968,3896,136558,6,11,2309,92172,4373,89557,2317,181729,Not in California
Outside California,2021-03-05,5221,276758,2616,137584,2591,139149,14,25,2719,92422,2491,92048,2741,184470,Not in California
Outside California,2021-03-06,4566,281324,2103,139687,2308,141457,155,180,2328,92678,2236,94284,2492,186962,Not in California
Outside California,2021-03-07,1560,282884,999,140686,504,141961,57,237,955,93088,604,94888,1014,187976,Not in California
Outside California,2021-03-08,3083,285967,1833,142519,1014,142975,236,473,2192,94661,862,95750,2435,190411,Not in California
Outside California,2021-03-09,4666,290633,2404,144923,1960,144935,302,775,2774,95849,1888,97638,3076,193487,Not in California
Outside California,2021-03-10,4361,294994,2093,147016,1766,146701,502,1277,2706,97418,1646,99284,3215,196702,Not in California
Outside California,2021-03-11,6108,301102,3130,150146,2313,149014,665,1942,3300,98582,2802,102086,3966,200668,Not in California
Outside California,2021-03-12,6418,307520,3871,154017,1828,150842,719,2661,3566,100024,2844,104930,4286,204954,Not in California
Outside California,2021-03-13,3739,311259,2179,156196,1105,151947,455,3116,2561,101873,1170,106100,3019,207973,Not in California
Outside California,2021-03-14,1792,313051,930,157126,524,152471,338,3454,982,102384,810,106910,1321,209294,Not in California
Outside California,2021-03-15,4017,317068,2110,159236,1447,153918,460,3914,2149,103134,1863,108773,2613,211907,Not in California
Outside California,2021-03-16,7504,324572,4371,163607,2749,156667,384,4298,4178,104369,3323,112096,4558,216465,Not in California
Outside California,2021-03-17,8396,332968,5446,169053,2579,159246,371,4669,5052,106453,3340,115436,5424,221889,Not in California
Outside California,2021-03-18,8297,341265,5127,174180,2632,161878,538,5207,4803,108308,3486,118922,5341,227230,Not in California
Outside California,2021-03-19,7316,348581,4338,178518,2433,164311,545,5752,4387,110320,2924,121846,4936,232166,Not in California
Outside California,2021-03-20,4742,353323,3133,181651,1522,165833,87,5839,3633,112940,1101,122947,3721,235887,Not in California
Outside California,2021-03-21,2071,355394,1425,183076,559,166392,87,5926,1657,114272,412,123359,1744,237631,Not in California
Outside California,2021-03-22,3246,358640,1958,185034,1200,167592,88,6014,2228,115576,1012,124371,2316,239947,Not in California
Outside California,2021-03-23,6061,364701,3088,188122,2670,170262,303,6317,4113,118058,1934,126305,4416,244363,Not in California
Outside California,2021-03-24,7328,372029,3762,191884,3119,173381,447,6764,5065,121312,2256,128561,5510,249873,Not in California
Outside California,2021-03-25,8270,380299,3846,195730,3900,177281,524,7288,6023,125624,2235,130796,6547,256420,Not in California
Outside California,2021-03-26,6650,386949,3520,199250,2957,180238,173,7461,4393,127957,2232,133028,4565,260985,Not in California
Outside California,2021-03-27,5533,392482,3113,202363,2207,182445,213,7674,3478,129601,2046,135074,3690,264675,Not in California
Outside California,2021-03-28,3076,395558,1648,204011,1267,183712,161,7835,1989,130669,1082,136156,2150,266825,Not in California
Outside California,2021-03-29,5155,400713,2290,206301,2521,186233,344,8179,2943,131747,2209,138365,3287,270112,Not in California
Outside California,2021-03-30,6865,407578,3616,209917,2685,188918,564,8743,4056,133575,2799,141164,4627,274739,Not in California
Outside California,2021-03-31,6334,413912,3785,213702,1771,190689,778,9521,3363,134748,2965,144129,4138,278877,Not in California
Outside California,2021-04-01,7492,421404,4477,218179,2370,193059,645,10166,4323,136546,3161,147290,4959,283836,Not in California
Outside California,2021-04-02,8471,429875,4523,222702,2805,195864,1143,11309,4388,138001,4074,151364,5529,289365,Not in California
Outside California,2021-04-03,6148,436023,3654,226356,1337,197201,1157,12466,3227,139471,2913,154277,4383,293748,Not in California
Outside California,2021-04-04,1776,437799,873,227229,669,197870,234,12700,973,139874,802,155079,1205,294953,Not in California
Outside California,2021-04-05,4104,441903,1983,229212,1456,199326,665,13365,1953,140345,2146,157225,2617,297570,Not in California
Outside California,2021-04-06,7157,449060,3855,233067,1663,200989,1639,15004,2873,140584,4268,161493,4507,302077,Not in California
Outside California,2021-04-07,8202,457262,4615,237682,1890,202879,1697,16701,3185,140447,5010,166503,4873,306950,Not in California
Outside California,2021-04-08,8136,465398,4222,241904,1974,204853,1940,18641,3182,140614,4944,171447,5111,312061,Not in California
Outside California,2021-04-09,7488,472886,3846,245750,1703,206556,1939,20580,2877,140837,4602,176049,4825,316886,Not in California
Outside California,2021-04-10,6140,479026,3037,248787,1242,207798,1861,22441,1724,140006,4407,180456,3576,320462,Not in California
Outside California,2021-04-11,2832,481858,1544,250331,650,208448,638,23079,951,139718,1878,182334,1590,322052,Not in California
Outside California,2021-04-12,4082,485940,2273,252604,1261,209709,548,23627,1797,139787,2277,184611,2346,324398,Not in California
Outside California,2021-04-13,5785,491725,3705,256309,2055,211764,25,23652,2982,139999,2797,187408,3009,327407,Not in California
Outside California,2021-04-14,5313,497038,3369,259678,1940,213704,4,23656,2887,140472,2421,189829,2894,330301,Not in California
Outside California,2021-04-15,6123,503161,3867,263545,2250,215954,6,23662,3282,140973,2789,192618,3290,333591,Not in California
Outside California,2021-04-16,5835,508996,3342,266887,2487,218441,6,23668,3240,141636,2585,195203,3248,336839,Not in California
Outside California,2021-04-17,5385,514381,3351,270238,2033,220474,1,23669,3075,142409,2302,197505,3075,339914,Not in California
Outside California,2021-04-18,2099,516480,1170,271408,928,221402,1,23670,996,142310,1097,198602,998,340912,Not in California
Outside California,2021-04-19,4112,520592,1985,273393,2126,223528,1,23671,2109,142430,1993,200595,2113,343025,Not in California
Outside California,2021-04-20,5353,525945,2434,275827,2919,226447,0,23671,2185,141455,3160,203755,2185,345210,Not in California
Outside California,2021-04-21,6343,532288,2645,278472,3694,230141,4,23675,2242,139620,4081,207836,2246,347456,Not in California
Outside California,2021-04-22,6722,539010,3423,281895,3295,233436,4,23679,2430,137776,4280,212116,2436,349892,Not in California
Outside California,2021-04-23,5834,544844,2965,284860,2868,236304,1,23680,2366,136693,3453,215569,2370,352262,Not in California
Outside California,2021-04-24,4521,549365,2934,287794,1582,237886,5,23685,1782,135749,2734,218303,1790,354052,Not in California
Outside California,2021-04-25,2202,551567,1243,289037,957,238843,2,23687,1162,135880,1036,219339,1167,355219,Not in California
Outside California,2021-04-26,3944,555511,1723,290760,2196,241039,25,23712,1790,135549,2146,221485,1815,357034,Not in California
Outside California,2021-04-27,5446,560957,1998,292758,3113,244152,335,24047,1891,134237,3546,225031,2234,359268,Not in California
Outside California,2021-04-28,4831,565788,2051,294809,2387,246539,393,24440,1881,133574,2938,227969,2275,361543,Not in California
Outside California,2021-04-29,4822,570610,2204,297013,2186,248725,432,24872,1809,132823,2992,230961,2241,363784,Not in California
Outside California,2021-04-30,4873,575483,2345,299358,2109,250834,419,25291,1825,132035,3035,233996,2247,366031,Not in California
Outside California,2021-05-01,3157,578640,1821,301179,908,251742,428,25719,1251,131818,1896,235892,1679,367710,Not in California
Outside California,2021-05-02,1854,580494,1078,302257,653,252395,123,25842,833,131755,1019,236911,956,368666,Not in California
Outside California,2021-05-03,2854,583348,1557,303814,1018,253413,279,26121,1109,131402,1741,238652,1388,370054,Not in California
Outside California,2021-05-04,3911,587259,2097,305911,1373,254786,441,26562,1306,130548,2599,241251,1745,371799,Not in California
Outside California,2021-05-05,4234,591493,2295,308206,1572,256358,367,26929,1485,129663,2740,243991,1855,373654,Not in California
Outside California,2021-05-06,4303,595796,2580,310786,1388,257746,335,27264,1507,128715,2790,246781,1842,375496,Not in California
Outside California,2021-05-07,4614,600410,2597,313383,1630,259376,387,27651,1656,127813,2945,249726,2043,377539,Not in California
Outside California,2021-05-08,3333,603743,2209,315592,879,260255,245,27896,1202,127139,2122,251848,1448,378987,Not in California
Outside California,2021-05-09,1362,605105,904,316496,335,260590,123,28019,590,127083,768,252616,712,379699,Not in California
Outside California,2021-05-10,2606,607711,1178,317674,1103,261693,325,28344,999,126808,1601,254217,1326,381025,Not in California
Outside California,2021-05-11,2816,610527,1312,318986,1222,262915,282,28626,1072,126422,1743,255960,1357,382382,Not in California
Outside California,2021-05-12,2861,613388,1307,320293,1256,264171,298,28924,1093,126049,1763,257723,1390,383772,Not in California
Outside California,2021-05-13,2750,616138,1561,321854,988,265159,201,29125,1212,125928,1533,259256,1412,385184,Not in California
Outside California,2021-05-14,3527,619665,1981,323835,1309,266468,237,29362,1617,125881,1903,261159,1856,387040,Not in California
Outside California,2021-05-15,2631,622296,1545,325380,943,267411,143,29505,1155,125710,1472,262631,1301,388341,Not in California
Outside California,2021-05-16,1623,623919,1035,326415,519,267930,69,29574,746,125651,874,263505,815,389156,Not in California
Outside California,2021-05-17,3058,626977,1628,328043,1198,269128,232,29806,1378,125586,1676,265181,1611,390767,Not in California
Outside California,2021-05-18,3210,630187,1623,329666,1274,270402,313,30119,1491,125686,1707,266888,1807,392574,Not in California
Outside California,2021-05-19,3316,633503,1676,331342,1373,271775,267,30386,1492,125627,1818,268706,1759,394333,Not in California
Outside California,2021-05-20,2121,635624,1198,332540,725,272500,198,30584,1006,125725,1108,269814,1206,395539,Not in California
Outside California,2021-05-21,2242,637866,1306,333846,716,273216,220,30804,1017,125745,1218,271032,1238,396777,Not in California
Outside California,2021-05-22,2032,639898,1467,335313,389,273605,176,30980,1236,126364,791,271823,1410,398187,Not in California
Outside California,2021-05-23,962,640860,726,336039,178,273783,58,31038,520,126501,442,272265,579,398766,Not in California
Outside California,2021-05-24,2422,643282,1186,337225,891,274674,345,31383,1115,126662,1299,273564,1460,400226,Not in California
Outside California,2021-05-25,2357,645639,1102,338327,928,275602,327,31710,1053,126746,1294,274858,1378,401604,Not in California
Outside California,2021-05-26,2343,647982,1079,339406,912,276514,352,32062,993,126749,1343,276201,1346,402950,Not in California
Outside California,2021-05-27,2172,650154,1094,340500,792,277306,286,32348,1023,126911,1146,277347,1308,404258,Not in California
Outside California,2021-05-28,2394,652548,1202,341702,843,278149,349,32697,1103,127080,1284,278631,1453,405711,Not in California
Outside California,2021-05-29,1676,654224,848,342550,472,278621,356,33053,735,127234,937,279568,1091,406802,Not in California
Outside California,2021-05-30,911,655135,558,343108,229,278850,124,33177,465,127381,443,280011,590,407392,Not in California
Outside California,2021-05-31,416,655551,181,343289,196,279046,39,33216,178,127373,226,280237,218,407610,Not in California
Outside California,2021-06-01,2091,657642,1098,344387,702,279748,291,33507,1059,127696,1028,281265,1351,408961,Not in California
Outside California,2021-06-02,2066,659708,1074,345461,655,280403,337,33844,1058,128088,1003,282268,1395,410356,Not in California
Outside California,2021-06-03,2079,661787,1147,346608,634,281037,298,34142,1037,128387,1036,283304,1335,411691,Not in California
Outside California,2021-06-04,2434,664221,1368,347976,763,281800,303,34445,1024,128309,1405,284709,1327,413018,Not in California
Outside California,2021-06-05,1768,665989,1172,349148,429,282229,167,34612,760,128231,1005,285714,927,413945,Not in California
Outside California,2021-06-06,891,666880,655,349803,152,282381,84,34696,432,128289,458,286172,516,414461,Not in California
Outside California,2021-06-07,972,667852,423,350226,323,282704,226,34922,299,128146,667,286839,524,414985,Not in California
Unknown,2020-12-17,2,2,2,2,0,0,0,0,0,0,0,0,0,0,Not in California
Unknown,2020-12-18,1,3,1,3,0,0,0,0,0,0,0,0,0,0,Not in California
Unknown,2020-12-21,4,7,4,7,0,0,0,0,0,0,0,0,0,0,Not in California
Unknown,2020-12-28,2,9,2,9,0,0,0,0,2,2,0,0,2,2,Not in California
Unknown,2020-12-29,1,10,1,10,0,0,0,0,1,3,0,0,1,3,Not in California
Unknown,2020-12-30,54,64,54,64,0,0,0,0,54,57,0,0,54,57,Not in California
Unknown,2020-12-31,1,65,0,64,1,1,0,0,0,57,0,0,0,57,Not in California
Unknown,2021-01-02,1,66,0,64,1,2,0,0,1,58,0,0,1,58,Not in California
Unknown,2021-01-04,2,68,2,66,0,2,0,0,1,59,0,0,1,59,Not in California
Unknown,2021-01-06,6,74,4,70,2,4,0,0,6,65,0,0,6,65,Not in California
Unknown,2021-01-07,69,143,68,138,1,5,0,0,69,134,0,0,69,134,Not in California
Unknown,2021-01-09,1,144,1,139,0,5,0,0,2,136,0,0,2,136,Not in California
Unknown,2021-01-11,19,163,19,158,0,5,0,0,18,154,0,0,18,154,Not in California
Unknown,2021-01-12,8,171,7,165,1,6,0,0,6,160,1,1,7,161,Not in California
Unknown,2021-01-13,7,178,7,172,0,6,0,0,8,168,0,1,8,169,Not in California
Unknown,2021-01-14,3,181,3,175,0,6,0,0,3,171,0,1,3,172,Not in California
Unknown,2021-01-15,5,186,4,179,1,7,0,0,5,176,0,1,5,177,Not in California
Unknown,2021-01-16,6,192,6,185,0,7,0,0,6,182,0,1,6,183,Not in California
Unknown,2021-01-17,1,193,1,186,0,7,0,0,1,183,0,1,1,184,Not in California
Unknown,2021-01-18,34,227,34,220,0,7,0,0,33,215,1,2,33,217,Not in California
Unknown,2021-01-19,13,240,13,233,0,7,0,0,12,227,0,2,12,229,Not in California
Unknown,2021-01-20,67,307,67,300,0,7,0,0,17,192,52,54,17,246,Not in California
Unknown,2021-01-21,38,345,36,336,2,9,0,0,39,230,1,55,39,285,Not in California
Unknown,2021-01-22,23,368,18,354,5,14,0,0,23,253,0,55,23,308,Not in California
Unknown,2021-01-23,11,379,5,359,6,20,0,0,11,264,0,55,11,319,Not in California
Unknown,2021-01-24,2,381,2,361,0,20,0,0,3,267,0,55,3,322,Not in California
Unknown,2021-01-25,13,394,11,372,2,22,0,0,11,276,2,57,11,333,Not in California
Unknown,2021-01-26,59,453,59,431,0,22,0,0,62,338,0,57,62,395,Not in California
Unknown,2021-01-27,13,466,13,444,0,22,0,0,12,349,1,58,12,407,Not in California
Unknown,2021-01-28,117,583,115,559,2,24,0,0,61,351,59,117,61,468,Not in California
Unknown,2021-01-29,127,710,127,686,0,24,0,0,131,481,1,118,131,599,Not in California
Unknown,2021-01-30,9,719,7,693,2,26,0,0,12,492,1,119,12,611,Not in California
Unknown,2021-01-31,10,729,10,703,0,26,0,0,11,503,0,119,11,622,Not in California
Unknown,2021-02-01,35,764,33,736,2,28,0,0,19,504,18,137,19,641,Not in California
Unknown,2021-02-02,42,806,41,777,1,29,0,0,37,537,4,141,37,678,Not in California
Unknown,2021-02-03,21,827,20,797,1,30,0,0,13,542,8,149,13,691,Not in California
Unknown,2021-02-04,43,870,39,836,4,34,0,0,39,577,4,153,39,730,Not in California
Unknown,2021-02-05,16,886,12,848,4,38,0,0,12,585,4,157,12,742,Not in California
Unknown,2021-02-06,10,896,10,858,0,38,0,0,6,585,6,163,6,748,Not in California
Unknown,2021-02-07,5,901,5,863,0,38,0,0,5,590,0,163,5,753,Not in California
Unknown,2021-02-08,31,932,29,892,2,40,0,0,8,575,23,186,8,761,Not in California
Unknown,2021-02-09,13,945,13,905,0,40,0,0,5,571,9,195,5,766,Not in California
Unknown,2021-02-10,20,965,16,921,4,44,0,0,7,565,13,208,7,773,Not in California
Unknown,2021-02-11,48,1013,47,968,1,45,0,0,21,558,28,236,21,794,Not in California
Unknown,2021-02-12,21,1034,17,985,4,49,0,0,6,549,15,251,6,800,Not in California
Unknown,2021-02-13,9,1043,2,987,7,56,0,0,7,554,2,253,7,807,Not in California
Unknown,2021-02-14,3,1046,1,988,2,58,0,0,2,555,1,254,2,809,Not in California
Unknown,2021-02-15,35,1081,30,1018,5,63,0,0,26,574,7,261,26,835,Not in California
Unknown,2021-02-16,65,1146,56,1074,9,72,0,0,25,559,40,301,25,860,Not in California
Unknown,2021-02-17,7,1153,5,1079,2,74,0,0,2,557,4,305,2,862,Not in California
Unknown,2021-02-18,61,1214,56,1135,5,79,0,0,12,520,49,354,12,874,Not in California
Unknown,2021-02-19,160,1374,155,1290,5,84,0,0,41,443,118,472,41,915,Not in California
Unknown,2021-02-20,4,1378,4,1294,0,84,0,0,0,439,4,476,0,915,Not in California
Unknown,2021-02-21,9,1387,9,1303,0,84,0,0,0,430,9,485,0,915,Not in California
Unknown,2021-02-22,2,1389,2,1305,0,84,0,0,1,430,1,486,1,916,Not in California
Unknown,2021-02-23,44,1433,32,1337,12,96,0,0,12,411,31,517,12,928,Not in California
Unknown,2021-02-24,20,1453,13,1350,7,103,0,0,10,411,10,527,10,938,Not in California
Unknown,2021-02-25,53,1506,40,1390,13,116,0,0,20,397,34,561,20,958,Not in California
Unknown,2021-02-26,33,1539,20,1410,13,129,0,0,18,402,13,574,18,976,Not in California
Unknown,2021-02-27,15,1554,10,1420,5,134,0,0,9,407,4,578,9,985,Not in California
Unknown,2021-02-28,15,1569,12,1432,3,137,0,0,8,410,5,583,8,993,Not in California
Unknown,2021-03-01,26,1595,12,1444,14,151,0,0,13,411,12,595,13,1006,Not in California
Unknown,2021-03-02,17,1612,5,1449,12,163,0,0,11,417,5,600,11,1017,Not in California
Unknown,2021-03-03,7,1619,3,1452,4,167,0,0,5,421,1,601,5,1022,Not in California
Unknown,2021-03-04,24,1643,21,1473,3,170,0,0,9,416,14,615,9,1031,Not in California
Unknown,2021-03-05,18,1661,9,1482,9,179,0,0,16,428,4,619,16,1047,Not in California
Unknown,2021-03-06,15,1676,9,1491,4,183,2,2,14,441,3,622,16,1063,Not in California
Unknown,2021-03-08,29,1705,22,1513,6,189,1,3,7,427,22,644,8,1071,Not in California
Unknown,2021-03-09,26,1731,21,1534,2,191,3,6,7,416,21,665,10,1081,Not in California
Unknown,2021-03-10,8,1739,5,1539,1,192,2,8,5,419,4,669,7,1088,Not in California
Unknown,2021-03-11,24,1763,8,1547,2,194,14,22,6,421,18,687,20,1108,Not in California
Unknown,2021-03-12,52,1815,39,1586,8,202,5,27,11,396,41,728,16,1124,Not in California
Unknown,2021-03-13,14,1829,3,1589,7,209,4,31,5,395,10,738,9,1133,Not in California
Unknown,2021-03-14,7,1836,2,1591,3,212,2,33,3,396,4,742,5,1138,Not in California
Unknown,2021-03-15,23,1859,6,1597,15,227,2,35,15,404,9,751,17,1155,Not in California
Unknown,2021-03-16,37,1896,13,1610,20,247,4,39,19,410,17,768,23,1178,Not in California
Unknown,2021-03-17,33,1929,12,1622,20,267,1,40,29,437,3,771,30,1208,Not in California
Unknown,2021-03-18,26,1955,14,1636,12,279,0,40,14,441,10,781,14,1222,Not in California
Unknown,2021-03-19,22,1977,13,1649,9,288,0,40,16,450,7,788,16,1238,Not in California
Unknown,2021-03-20,19,1996,11,1660,8,296,0,40,9,452,7,795,9,1247,Not in California
Unknown,2021-03-21,14,2010,9,1669,5,301,0,40,12,462,2,797,12,1259,Not in California
Unknown,2021-03-22,25,2035,9,1678,15,316,1,41,11,465,9,806,12,1271,Not in California
Unknown,2021-03-23,21,2056,7,1685,9,325,5,46,10,470,10,816,15,1286,Not in California
Unknown,2021-03-24,20,2076,7,1692,13,338,0,46,15,480,5,821,15,1301,Not in California
Unknown,2021-03-25,24,2100,12,1704,12,350,0,46,17,491,6,827,17,1318,Not in California
Unknown,2021-03-26,26,2126,12,1716,9,359,5,51,13,498,11,838,18,1336,Not in California
Unknown,2021-03-27,28,2154,14,1730,11,370,3,54,16,501,16,854,19,1355,Not in California
Unknown,2021-03-28,13,2167,5,1735,8,378,0,54,10,508,3,857,10,1365,Not in California
Unknown,2021-03-29,27,2194,10,1745,16,394,1,55,18,519,8,865,19,1384,Not in California
Unknown,2021-03-30,25,2219,13,1758,12,406,0,55,17,528,8,873,17,1401,Not in California
Unknown,2021-03-31,26,2245,14,1772,12,418,0,55,18,538,8,881,18,1419,Not in California
Unknown,2021-04-01,17,2262,12,1784,5,423,0,55,13,548,3,884,13,1432,Not in California
Unknown,2021-04-02,35,2297,14,1798,12,435,9,64,15,552,20,904,24,1456,Not in California
Unknown,2021-04-03,18,2315,8,1806,10,445,0,64,9,552,9,913,9,1465,Not in California
Unknown,2021-04-04,13,2328,4,1810,9,454,0,64,9,558,3,916,9,1474,Not in California
Unknown,2021-04-05,23,2351,11,1821,11,465,1,65,11,559,11,927,12,1486,Not in California
Unknown,2021-04-06,18,2369,11,1832,6,471,1,66,11,563,8,935,12,1498,Not in California
Unknown,2021-04-07,31,2400,20,1852,10,481,1,67,25,583,6,941,26,1524,Not in California
Unknown,2021-04-08,28,2428,16,1868,7,488,5,72,14,588,15,956,20,1544,Not in California
Unknown,2021-04-09,26,2454,18,1886,8,496,0,72,20,602,6,962,20,1564,Not in California
Unknown,2021-04-10,8,2462,7,1893,1,497,0,72,5,602,5,967,5,1569,Not in California
Unknown,2021-04-11,8,2470,5,1898,3,500,0,72,3,601,4,971,3,1572,Not in California
Unknown,2021-04-12,30,2500,16,1914,13,513,1,73,14,599,17,988,15,1587,Not in California
Unknown,2021-04-13,32,2532,16,1930,16,529,0,73,13,593,19,1007,13,1600,Not in California
Unknown,2021-04-14,21,2553,4,1934,17,546,0,73,4,580,17,1024,4,1604,Not in California
Unknown,2021-04-15,26,2579,12,1946,13,559,1,74,9,573,17,1041,10,1614,Not in California
Unknown,2021-04-16,17,2596,9,1955,8,567,0,74,6,569,10,1051,6,1620,Not in California
Unknown,2021-04-17,18,2614,12,1967,6,573,0,74,3,560,13,1064,4,1624,Not in California
Unknown,2021-04-18,15,2629,6,1973,9,582,0,74,6,556,10,1074,6,1630,Not in California
Unknown,2021-04-19,25,2654,14,1987,11,593,0,74,12,556,12,1086,12,1642,Not in California
Unknown,2021-04-20,19,2673,10,1997,9,602,0,74,4,544,16,1102,4,1646,Not in California
Unknown,2021-04-21,30,2703,11,2008,19,621,0,74,13,537,20,1122,13,1659,Not in California
Unknown,2021-04-22,19,2722,11,2019,8,629,0,74,4,526,15,1137,4,1663,Not in California
Unknown,2021-04-23,30,2752,14,2033,16,645,0,74,16,530,12,1149,16,1679,Not in California
Unknown,2021-04-24,20,2772,11,2044,9,654,0,74,12,533,9,1158,12,1691,Not in California
Unknown,2021-04-25,20,2792,9,2053,11,665,0,74,10,532,11,1169,10,1701,Not in California
Unknown,2021-04-26,28,2820,15,2068,13,678,0,74,13,530,15,1184,13,1714,Not in California
Unknown,2021-04-27,29,2849,14,2082,13,691,2,76,10,523,19,1203,12,1726,Not in California
Unknown,2021-04-28,25,2874,18,2100,5,696,2,78,7,514,18,1221,9,1735,Not in California
Unknown,2021-04-29,28,2902,18,2118,10,706,0,78,11,508,17,1238,11,1746,Not in California
Unknown,2021-04-30,25,2927,12,2130,9,715,4,82,13,513,12,1250,17,1763,Not in California
Unknown,2021-05-01,27,2954,21,2151,6,721,0,82,15,517,11,1261,15,1778,Not in California
Unknown,2021-05-02,11,2965,5,2156,6,727,0,82,3,513,7,1268,3,1781,Not in California
Unknown,2021-05-03,22,2987,15,2171,4,731,3,85,6,505,16,1284,8,1789,Not in California
Unknown,2021-05-04,18,3005,8,2179,6,737,4,89,5,499,15,1299,9,1798,Not in California
Unknown,2021-05-05,25,3030,7,2186,17,754,1,90,14,501,13,1312,15,1813,Not in California
Unknown,2021-05-06,21,3051,8,2194,6,760,7,97,9,503,14,1326,16,1829,Not in California
Unknown,2021-05-07,23,3074,12,2206,8,768,3,100,13,505,14,1340,16,1845,Not in California
Unknown,2021-05-08,11,3085,7,2213,2,770,2,102,5,507,5,1345,7,1852,Not in California
Unknown,2021-05-09,16,3101,4,2217,8,778,4,106,9,512,8,1353,13,1865,Not in California
Unknown,2021-05-10,15,3116,9,2226,4,782,2,108,3,505,12,1365,5,1870,Not in California
Unknown,2021-05-11,12,3128,6,2232,2,784,4,112,5,507,7,1372,9,1879,Not in California
Unknown,2021-05-12,10,3138,6,2238,3,787,1,113,5,507,6,1378,6,1885,Not in California
Unknown,2021-05-13,15,3153,10,2248,1,788,4,117,14,520,6,1384,19,1904,Not in California
Unknown,2021-05-14,18,3171,15,2263,2,790,1,118,16,529,7,1391,16,1920,Not in California
Unknown,2021-05-15,16,3187,14,2277,2,792,0,118,14,536,7,1398,14,1934,Not in California
Unknown,2021-05-16,20,3207,14,2291,5,797,1,119,14,544,7,1405,15,1949,Not in California
Unknown,2021-05-17,20,3227,15,2306,3,800,2,121,12,551,7,1412,14,1963,Not in California
Unknown,2021-05-18,30,3257,20,2326,8,808,2,123,20,563,10,1422,22,1985,Not in California
Unknown,2021-05-19,32,3289,23,2349,8,816,1,124,16,565,15,1437,17,2002,Not in California
Unknown,2021-05-20,6,3295,6,2355,0,816,0,124,3,565,3,1440,3,2005,Not in California
Unknown,2021-05-21,4,3299,3,2358,1,817,0,124,1,563,3,1443,1,2006,Not in California
Unknown,2021-05-22,12,3311,11,2369,1,818,0,124,8,567,4,1447,8,2014,Not in California
Unknown,2021-05-24,8,3319,5,2374,2,820,1,125,4,568,4,1451,5,2019,Not in California
Unknown,2021-05-25,17,3336,6,2380,5,825,6,131,8,573,9,1460,14,2033,Not in California
Unknown,2021-05-26,10,3346,7,2387,2,827,1,132,5,574,5,1465,6,2039,Not in California
Unknown,2021-05-27,22,3368,15,2402,5,832,2,134,9,573,12,1477,11,2050,Not in California
Unknown,2021-05-28,23,3391,13,2415,5,837,5,139,13,581,10,1487,18,2068,Not in California
Unknown,2021-05-29,11,3402,10,2425,1,838,0,139,7,584,4,1491,7,2075,Not in California
Unknown,2021-05-30,6,3408,4,2429,1,839,1,140,3,585,3,1494,4,2079,Not in California
Unknown,2021-05-31,1,3409,1,2430,0,839,0,140,0,584,1,1495,0,2079,Not in California
Unknown,2021-06-01,24,3433,16,2446,6,845,2,142,16,594,8,1503,18,2097,Not in California
Unknown,2021-06-02,7,3440,3,2449,4,849,0,142,3,593,4,1507,3,2100,Not in California
Unknown,2021-06-03,98,3538,92,2541,6,855,0,142,88,671,10,1517,88,2188,Not in California
Unknown,2021-06-04,339,3877,277,2818,57,912,5,147,314,965,25,1542,319,2507,Not in California
Unknown,2021-06-05,308,4185,255,3073,45,957,8,155,279,1223,29,1571,287,2794,Not in California
Unknown,2021-06-06,227,4412,204,3277,11,968,12,167,191,1390,36,1607,203,2997,Not in California
Unknown,2021-06-07,7,4419,3,3280,3,971,1,168,6,1396,1,1608,7,3004,Not in California
Alameda,2020-12-15,37,37,37,37,0,0,0,0,37,37,0,0,37,37,California
Alameda,2020-12-16,207,244,207,244,0,0,0,0,207,244,0,0,207,244,California
Alameda,2020-12-17,506,750,506,750,0,0,0,0,506,750,0,0,506,750,California
Alameda,2020-12-18,1915,2665,1914,2664,1,1,0,0,1915,2665,0,0,1915,2665,California
Alameda,2020-12-19,1426,4091,1426,4090,0,1,0,0,1426,4091,0,0,1426,4091,California
Alameda,2020-12-20,1179,5270,1178,5268,1,2,0,0,1178,5268,1,1,1178,5269,California
Alameda,2020-12-21,1849,7119,1847,7115,2,4,0,0,1848,7116,0,1,1848,7117,California
Alameda,2020-12-22,2097,9216,2044,9159,53,57,0,0,2097,9213,0,1,2097,9214,California
Alameda,2020-12-23,1926,11142,1668,10827,258,315,0,0,1927,11140,0,1,1927,11141,California
Alameda,2020-12-24,1213,12355,756,11583,457,772,0,0,1213,12353,0,1,1213,12354,California
Alameda,2020-12-25,165,12520,128,11711,37,809,0,0,165,12518,0,1,165,12519,California
Alameda,2020-12-26,857,13377,322,12033,535,1344,0,0,857,13375,0,1,857,13376,California
Alameda,2020-12-27,494,13871,253,12286,241,1585,0,0,494,13869,0,1,494,13870,California
Alameda,2020-12-28,1870,15741,957,13243,913,2498,0,0,1870,15739,0,1,1870,15740,California
Alameda,2020-12-29,2471,18212,1073,14316,1398,3896,0,0,2470,18209,0,1,2470,18210,California
Alameda,2020-12-30,3076,21288,1319,15635,1757,5653,0,0,3076,21285,0,1,3076,21286,California
Alameda,2020-12-31,1788,23076,446,16081,1342,6995,0,0,1786,23070,1,2,1786,23072,California
Alameda,2021-01-01,174,23250,72,16153,102,7097,0,0,173,23242,1,3,173,23245,California
Alameda,2021-01-02,728,23978,526,16679,202,7299,0,0,727,23969,0,3,727,23972,California
Alameda,2021-01-03,339,24317,219,16898,120,7419,0,0,333,24296,6,9,333,24305,California
Alameda,2021-01-04,1640,25957,937,17835,703,8122,0,0,1603,25863,36,45,1603,25908,California
Alameda,2021-01-05,2207,28164,1277,19112,930,9052,0,0,1952,27563,252,297,1952,27860,California
Alameda,2021-01-06,3260,31424,1800,20912,1460,10512,0,0,2385,29078,872,1169,2387,30247,California
Alameda,2021-01-07,3810,35234,2145,23057,1665,12177,0,0,2625,30532,1176,2345,2630,32877,California
Alameda,2021-01-08,4761,39995,2722,25779,2039,14216,0,0,3023,31833,1732,4077,3033,35910,California
Alameda,2021-01-09,2020,42015,1374,27153,646,14862,0,0,1165,32143,855,4932,1165,37075,California
Alameda,2021-01-10,1056,43071,839,27992,217,15079,0,0,422,31930,635,5567,422,37497,California
Alameda,2021-01-11,4644,47715,3515,31507,1129,16208,0,0,2843,32980,1800,7367,2850,40347,California
Alameda,2021-01-12,4831,52546,3249,34756,1582,17790,0,0,3450,35053,1380,8747,3453,43800,California
Alameda,2021-01-13,5011,57557,2642,37398,2369,20159,0,0,3826,37699,1182,9929,3828,47628,California
Alameda,2021-01-14,5638,63195,2773,40171,2865,23024,0,0,4754,41581,875,10804,4757,52385,California
Alameda,2021-01-15,5822,69017,2303,42474,3519,26543,0,0,5057,45884,758,11562,5061,57446,California
Alameda,2021-01-16,3004,72021,1403,43877,1601,28144,0,0,2735,48351,269,11831,2736,60182,California
Alameda,2021-01-17,1875,73896,1086,44963,789,28933,0,0,1670,49818,204,12035,1671,61853,California
Alameda,2021-01-18,3175,77071,2033,46996,1142,30075,0,0,2584,51818,586,12621,2586,64439,California
Alameda,2021-01-19,5515,82586,3318,50314,2197,32272,0,0,4324,54955,1189,13810,4326,68765,California
Alameda,2021-01-20,6772,89358,4104,54418,2668,34940,0,0,5479,59158,1280,15090,5483,74248,California
Alameda,2021-01-21,7783,97141,3422,57840,4361,39301,0,0,6941,65268,836,15926,6946,81194,California
Alameda,2021-01-22,6851,103992,2034,59874,4817,44118,0,0,5709,69846,1133,17059,5711,86905,California
Alameda,2021-01-23,3288,107280,958,60832,2330,46448,0,0,2731,72021,556,17615,2731,89636,California
Alameda,2021-01-24,2037,109317,653,61485,1384,47832,0,0,1764,73515,270,17885,1764,91400,California
Alameda,2021-01-25,5194,114511,1976,63461,3218,51050,0,0,3620,75570,1566,19451,3621,95021,California
Alameda,2021-01-26,7322,121833,2319,65780,5003,56053,0,0,5437,79132,1877,21328,5439,100460,California
Alameda,2021-01-27,6690,128523,2072,67852,4618,60671,0,0,4845,82142,1835,23163,4845,105305,California
Alameda,2021-01-28,7868,136391,2556,70408,5312,65983,0,0,5634,85560,2218,25381,5636,110941,California
Alameda,2021-01-29,7977,144368,3199,73607,4778,70761,0,0,6141,89878,1825,27206,6143,117084,California
Alameda,2021-01-30,3428,147796,1685,75292,1743,72504,0,0,2713,91882,709,27915,2713,119797,California
Alameda,2021-01-31,1924,149720,951,76243,973,73477,0,0,1686,93333,235,28150,1686,121483,California
Alameda,2021-02-01,6474,156194,3883,80126,2591,76068,0,0,4333,95535,2132,30282,4334,125817,California
Alameda,2021-02-02,7019,163213,3783,83909,3236,79304,0,0,4695,97913,2317,32599,4695,130512,California
Alameda,2021-02-03,7051,170264,3713,87622,3338,82642,0,0,4364,99602,2680,35279,4369,134881,California
Alameda,2021-02-04,9475,179739,4128,91750,5347,87989,0,0,6365,102875,3097,38376,6370,141251,California
Alameda,2021-02-05,10280,190019,5360,97110,4920,92909,0,0,6413,105433,3861,42237,6419,147670,California
Alameda,2021-02-06,6957,196976,4416,101526,2541,95450,0,0,5827,110130,1130,43367,5827,153497,California
Alameda,2021-02-07,3581,200557,2891,104417,690,96140,0,0,2635,111823,943,44310,2636,156133,California
Alameda,2021-02-08,8096,208653,5801,110218,2295,98435,0,0,5532,114801,2556,46866,5534,161667,California
Alameda,2021-02-09,9676,218329,5823,116041,3853,102288,0,0,6025,117194,3634,50500,6027,167694,California
Alameda,2021-02-10,11460,229789,6773,122814,4687,106975,0,0,6540,118839,4903,55403,6548,174242,California
Alameda,2021-02-11,13957,243746,8028,130842,5929,112904,0,0,8365,121635,5572,60975,8368,182610,California
Alameda,2021-02-12,12519,256265,5694,136536,6825,119729,0,0,7737,124609,4766,65741,7740,190350,California
Alameda,2021-02-13,7796,264061,4058,140594,3738,123467,0,0,5823,128467,1968,67709,5826,196176,California
Alameda,2021-02-14,4051,268112,2552,143146,1499,124966,0,0,2869,130161,1178,68887,2872,199048,California
Alameda,2021-02-15,5669,273781,3187,146333,2482,127448,0,0,3688,131872,1979,70866,3690,202738,California
Alameda,2021-02-16,12525,286306,6970,153303,5555,133003,0,0,9308,137979,3207,74073,9314,212052,California
Alameda,2021-02-17,14163,300469,8413,161716,5750,138753,0,0,10516,144866,3631,77704,10518,222570,California
Alameda,2021-02-18,15894,316363,10100,171816,5794,144547,0,0,11545,152077,4340,82044,11551,234121,California
Alameda,2021-02-19,17849,334212,11588,183404,6261,150808,0,0,11802,157861,6023,88067,11807,245928,California
Alameda,2021-02-20,12027,346239,9715,193119,2312,153120,0,0,9248,164341,2774,90841,9254,255182,California
Alameda,2021-02-21,7809,354048,6846,199965,963,154083,0,0,5289,167122,2508,93349,5289,260471,California
Alameda,2021-02-22,10962,365010,8074,208039,2888,156971,0,0,6880,169942,4069,97418,6889,267360,California
Alameda,2021-02-23,12999,378009,7925,215964,5074,162045,0,0,8089,173138,4900,102318,8096,275456,California
Alameda,2021-02-24,14848,392857,8350,224314,6498,168543,0,0,9606,177571,5179,107497,9612,285068,California
Alameda,2021-02-25,16014,408871,9297,233611,6717,175260,0,0,10127,181852,5855,113352,10136,295204,California
Alameda,2021-02-26,18662,427533,10880,244491,7782,183042,0,0,11848,186936,6768,120120,11852,307056,California
Alameda,2021-02-27,15161,442694,11181,255672,3978,187020,2,2,9373,190550,5763,125883,9377,316433,California
Alameda,2021-02-28,10123,452817,8442,264114,1681,188701,0,2,6555,193564,3542,129425,6556,322989,California
Alameda,2021-03-01,14070,466887,9730,273844,4330,193031,10,12,8601,196763,5421,134846,8620,331609,California
Alameda,2021-03-02,15042,481929,10819,284663,4222,197253,1,13,9848,201445,5174,140020,9856,341465,California
Alameda,2021-03-03,15684,497613,10267,294930,5415,202668,2,15,10721,207236,4936,144956,10727,352192,California
Alameda,2021-03-04,17421,515034,11193,306123,6226,208894,2,17,10976,211802,6412,151368,10978,363170,California
Alameda,2021-03-05,16256,531290,10653,316776,5593,214487,10,27,10979,217566,5232,156600,10996,374166,California
Alameda,2021-03-06,14552,545842,10276,327052,4011,218498,265,292,9644,222616,4859,161459,9909,384075,California
Alameda,2021-03-07,9768,555610,8514,335566,1171,219669,83,375,6960,226881,2780,164239,7045,391120,California
Alameda,2021-03-08,11955,567565,7464,343030,4114,223783,377,752,8947,233247,2958,167197,9324,400444,California
Alameda,2021-03-09,14684,582249,10322,353352,3931,227714,431,1183,8011,235050,6639,173836,8442,408886,California
Alameda,2021-03-10,17491,599740,12144,365496,4791,232505,556,1739,7891,233921,9572,183408,8443,417329,California
Alameda,2021-03-11,19781,619521,11594,377090,6474,238979,1713,3452,6722,229315,13029,196437,8423,425752,California
Alameda,2021-03-12,21380,640901,12538,389628,7136,246115,1706,5158,7372,224403,13978,210415,9066,434818,California
Alameda,2021-03-13,16072,656973,10330,399958,4742,250857,1000,6158,5065,219490,10971,221386,6058,440876,California
Alameda,2021-03-14,10893,667866,8026,407984,2081,252938,786,6944,3300,215996,7571,228957,4077,444953,California
Alameda,2021-03-15,14477,682343,9474,417458,4473,257411,530,7474,6248,214573,8198,237155,6775,451728,California
Alameda,2021-03-16,17225,699568,11193,428651,5496,262907,536,8010,7348,212633,9825,246980,7885,459613,California
Alameda,2021-03-17,17517,717085,9894,438545,6903,269810,720,8730,8065,212005,9409,256389,8781,468394,California
Alameda,2021-03-18,19212,736297,10472,449017,7838,277648,902,9632,8644,211020,10535,266924,9550,477944,California
Alameda,2021-03-19,19429,755726,10670,459687,6961,284609,1798,11430,7565,208560,11815,278739,9355,487299,California
Alameda,2021-03-20,15793,771519,10348,470035,4588,289197,857,12287,6313,206278,9447,288186,7165,494464,California
Alameda,2021-03-21,9235,780754,7263,477298,1419,290616,553,12840,3393,204392,5832,294018,3946,498410,California
Alameda,2021-03-22,15061,795815,10152,487450,3897,294513,1012,13852,6802,203970,8228,302246,7806,506216,California
Alameda,2021-03-23,19339,815154,11732,499182,6791,301304,816,14668,9785,205070,9504,311750,10604,516820,California
Alameda,2021-03-24,19296,834450,11704,510886,6567,307871,1025,15693,8394,203641,10837,322587,9408,526228,California
Alameda,2021-03-25,20572,855022,11438,522324,7725,315596,1409,17102,9386,203309,11115,333702,10783,537011,California
Alameda,2021-03-26,20996,876018,12687,535011,6744,322340,1565,18667,8449,200810,12501,346203,10002,547013,California
Alameda,2021-03-27,18384,894402,12552,547563,4878,327218,954,19621,7534,198484,10802,357005,8476,555489,California
Alameda,2021-03-28,10662,905064,8687,556250,1773,328991,202,19823,3468,194979,7180,364185,3675,559164,California
Alameda,2021-03-29,14752,919816,9455,565705,4301,333292,996,20819,5863,192984,8852,373037,6857,566021,California
Alameda,2021-03-30,18625,938441,9837,575542,7065,340357,1723,22542,9270,194649,9320,382357,10985,577006,California
Alameda,2021-03-31,19404,957845,10246,585788,7049,347406,2109,24651,9097,195564,10279,392636,11194,588200,California
Alameda,2021-04-01,23359,981204,10026,595814,7648,355054,5685,30336,11050,200018,12258,404894,16712,604912,California
Alameda,2021-04-02,24122,1005326,9930,605744,8321,363375,5871,36207,11656,205085,12428,417322,17495,622407,California
Alameda,2021-04-03,20378,1025704,9819,615563,5694,369069,4865,41072,10305,210196,10051,427373,15162,637569,California
Alameda,2021-04-04,9975,1035679,3988,619551,2277,371346,3710,44782,3460,210866,6495,433868,7165,644734,California
Alameda,2021-04-05,17845,1053524,7517,627068,5513,376859,4815,49597,7248,212352,10572,444440,12058,656792,California
Alameda,2021-04-06,22208,1075732,10677,637745,5668,382527,5863,55460,10067,216159,12104,456544,15911,672703,California
Alameda,2021-04-07,22593,1098325,11582,649327,5531,388058,5480,60940,11438,221953,11111,467655,16905,689608,California
Alameda,2021-04-08,25590,1123915,11526,660853,6043,394101,8021,68961,10927,226296,14584,482239,18927,708535,California
Alameda,2021-04-09,23445,1147360,10693,671546,7505,401606,5247,74208,12087,232304,11324,493563,17332,725867,California
Alameda,2021-04-10,19287,1166647,7456,679002,5642,407248,6189,80397,8214,235641,11046,504609,14383,740250,California
Alameda,2021-04-11,11014,1177661,4809,683811,2250,409498,3955,84352,4488,237562,6507,511116,8428,748678,California
Alameda,2021-04-12,18095,1195756,11753,695564,4358,413856,1984,86336,10221,241926,7837,518953,12201,760879,California
Alameda,2021-04-13,23099,1218855,14662,710226,8378,422234,59,86395,17039,253028,6007,524960,17109,777988,California
Alameda,2021-04-14,23152,1242007,15221,725447,7930,430164,1,86396,15661,261247,7453,532413,15672,793660,California
Alameda,2021-04-15,24176,1266183,15441,740888,8733,438897,2,86398,16086,269327,8029,540442,16109,809769,California
Alameda,2021-04-16,24410,1290593,14404,755292,10001,448898,5,86403,15721,276436,8630,549072,15739,825508,California
Alameda,2021-04-17,20876,1311469,14440,769732,6436,455334,0,86403,14439,284486,6403,555475,14453,839961,California
Alameda,2021-04-18,9976,1321445,7645,777377,2331,457665,0,86403,6905,288355,3042,558517,6911,846872,California
Alameda,2021-04-19,15650,1337095,9748,787125,5901,463566,1,86404,9088,290931,6522,565039,9098,855970,California
Alameda,2021-04-20,18152,1355247,11116,798241,7034,470600,2,86406,9985,292818,8122,573161,10009,865979,California
Alameda,2021-04-21,19129,1374376,11191,809432,7927,478527,11,86417,11190,296150,7886,581047,11218,877197,California
Alameda,2021-04-22,21413,1395789,13792,823224,7617,486144,4,86421,11416,297653,9942,590989,11445,888642,California
Alameda,2021-04-23,21824,1417613,14113,837337,7707,493851,4,86425,12249,300419,9514,600503,12280,900922,California
Alameda,2021-04-24,18984,1436597,14429,851766,4547,498398,8,86433,10064,301627,8874,609377,10082,911004,California
Alameda,2021-04-25,8994,1445591,6997,858763,1996,500394,1,86434,5894,304458,3073,612450,5904,916908,California
Alameda,2021-04-26,14217,1459808,9860,868623,4331,504725,26,86460,8857,308023,5327,617777,8892,925800,California
Alameda,2021-04-27,16067,1475875,9522,878145,6204,510929,341,86801,7604,307580,8411,626188,7968,933768,California
Alameda,2021-04-28,16447,1492322,10394,888539,5588,516517,465,87266,6691,305024,9724,635912,7168,940936,California
Alameda,2021-04-29,17197,1509519,10307,898846,6561,523078,329,87595,6407,301046,10735,646647,6757,947693,California
Alameda,2021-04-30,19465,1528984,11995,910841,7128,530206,342,87937,7896,297832,11491,658138,8277,955970,California
Alameda,2021-05-01,13981,1542965,9349,920190,4426,534632,206,88143,5223,294568,8721,666859,5457,961427,California
Alameda,2021-05-02,7071,1550036,4934,925124,1969,536601,168,88311,2893,293473,4161,671020,3066,964493,California
Alameda,2021-05-03,14507,1564543,10921,936045,3266,539867,320,88631,2852,285064,11609,682629,3200,967693,California
Alameda,2021-05-04,18326,1582869,13149,949194,4817,544684,360,88991,3685,274565,14575,697204,4076,971769,California
Alameda,2021-05-05,18341,1601210,13327,962521,4504,549188,510,89501,3723,264256,14555,711759,4246,976015,California
Alameda,2021-05-06,18678,1619888,14124,976645,3859,553047,695,90196,3661,253686,14942,726701,4372,980387,California
Alameda,2021-05-07,19171,1639059,12887,989532,5870,558917,414,90610,4398,243813,14701,741402,4828,985215,California
Alameda,2021-05-08,16471,1655530,11267,1000799,4993,563910,211,90821,3103,233811,13331,754733,3329,988544,California
Alameda,2021-05-09,8520,1664050,6971,1007770,1406,565316,143,90964,1453,228366,7045,761778,1600,990144,California
Alameda,2021-05-10,10101,1674151,6913,1014683,2864,568180,324,91288,2507,223643,7563,769341,2840,992984,California
Alameda,2021-05-11,15004,1689155,8035,1022718,6671,574851,298,91586,2715,214447,12242,781583,3046,996030,California
Alameda,2021-05-12,12613,1701768,8283,1031001,3919,578770,411,91997,2618,207548,9954,791537,3055,999085,California
Alameda,2021-05-13,16768,1718536,11981,1042982,4265,583035,522,92519,5172,201720,11553,803090,5725,1004810,California
Alameda,2021-05-14,20469,1739005,13866,1056848,6137,589172,466,92985,7034,195874,13360,816450,7514,1012324,California
Alameda,2021-05-15,17062,1756067,12418,1069266,4417,593589,227,93212,5772,190633,11245,827695,6004,1018328,California
Alameda,2021-05-16,8380,1764447,7161,1076427,1126,594715,93,93305,2791,187963,5559,833254,2889,1021217,California
Alameda,2021-05-17,13352,1777799,9937,1086364,2886,597601,529,93834,4202,183596,9113,842367,4746,1025963,California
Alameda,2021-05-18,14120,1791919,10254,1096618,3444,601045,422,94256,5074,180091,9005,851372,5500,1031463,California
Alameda,2021-05-19,14400,1806319,9870,1106488,4197,605242,333,94589,5994,178065,8355,859727,6329,1037792,California
Alameda,2021-05-20,11695,1818014,7814,1114302,3384,608626,497,95086,5170,177251,6484,866211,5670,1043462,California
Alameda,2021-05-21,13564,1831578,8929,1123231,4402,613028,233,95319,4553,173086,8952,875163,4787,1048249,California
Alameda,2021-05-22,8944,1840522,6597,1129828,2212,615240,135,95454,3690,171682,5230,880393,3826,1052075,California
Alameda,2021-05-23,3829,1844351,3108,1132936,655,615895,66,95520,1183,170304,2628,883021,1250,1053325,California
Alameda,2021-05-24,6952,1851303,3954,1136890,2747,618642,251,95771,2672,168993,4239,887260,2928,1056253,California
Alameda,2021-05-25,7957,1859260,5146,1142036,2555,621197,256,96027,3604,168528,4321,891581,3856,1060109,California
Alameda,2021-05-26,8220,1867480,5143,1147179,2777,623974,300,96327,3616,167856,4582,896163,3910,1064019,California
Alameda,2021-05-27,8059,1875539,4857,1152036,2854,626828,348,96675,3416,167010,4605,900768,3759,1067778,California
Alameda,2021-05-28,8589,1884128,5036,1157072,3330,630158,223,96898,3645,165962,4918,905686,3870,1071648,California
Alameda,2021-05-29,4889,1889017,2943,1160015,1762,631920,184,97082,2525,166327,2346,908032,2711,1074359,California
Alameda,2021-05-30,2422,1891439,1583,1161598,750,632670,89,97171,964,165930,1450,909482,1053,1075412,California
Alameda,2021-05-31,1153,1892592,854,1162452,244,632914,55,97226,347,165540,792,910274,402,1075814,California
Alameda,2021-06-01,7075,1899667,4974,1167426,1862,634776,239,97465,3112,164955,3938,914212,3353,1079167,California
Alameda,2021-06-02,5781,1905448,3599,1171025,1964,636740,218,97683,2392,164199,3359,917571,2603,1081770,California
Alameda,2021-06-03,8447,1913895,6381,1177406,1786,638526,280,97963,3196,162457,5215,922786,3473,1085243,California
Alameda,2021-06-04,10380,1924275,7643,1185049,2487,641013,250,98213,2981,158324,7364,930150,3231,1088474,California
Alameda,2021-06-05,7950,1932225,5771,1190820,2016,643029,163,98376,1893,154356,6023,936173,2055,1090529,California
Alameda,2021-06-06,3547,1935772,3202,1194022,267,643296,78,98454,1026,152949,2510,938683,1103,1091632,California
Alameda,2021-06-07,3449,1939221,2285,1196307,1071,644367,93,98547,956,151515,2483,941166,1049,1092681,California
Alpine,2020-12-18,2,2,2,2,0,0,0,0,2,2,0,0,2,2,California
Alpine,2020-12-19,2,4,2,4,0,0,0,0,2,4,0,0,2,4,California
Alpine,2020-12-21,2,6,2,6,0,0,0,0,2,6,0,0,2,6,California
Alpine,2020-12-30,14,20,0,6,14,14,0,0,14,20,0,0,14,20,California
Alpine,2020-12-31,1,21,0,6,1,15,0,0,1,21,0,0,1,21,California
Alpine,2021-01-01,1,22,0,6,1,16,0,0,1,22,0,0,1,22,California
Alpine,2021-01-02,1,23,1,7,0,16,0,0,1,23,0,0,1,23,California
Alpine,2021-01-04,10,33,0,7,10,26,0,0,10,33,0,0,10,33,California
Alpine,2021-01-05,9,42,1,8,8,34,0,0,9,42,0,0,9,42,California
Alpine,2021-01-06,31,73,0,8,31,65,0,0,31,73,0,0,31,73,California
Alpine,2021-01-07,8,81,0,8,8,73,0,0,8,81,0,0,8,81,California
Alpine,2021-01-08,4,85,2,10,2,75,0,0,2,81,2,2,2,83,California
Alpine,2021-01-09,2,87,2,12,0,75,0,0,0,79,2,4,0,83,California
Alpine,2021-01-11,32,119,1,13,31,106,0,0,31,109,1,5,31,114,California
Alpine,2021-01-13,35,154,0,13,35,141,0,0,35,144,0,5,35,149,California
Alpine,2021-01-14,1,155,0,13,1,142,0,0,1,145,0,5,1,150,California
Alpine,2021-01-15,1,156,0,13,1,143,0,0,1,146,0,5,1,151,California
Alpine,2021-01-20,21,177,0,13,21,164,0,0,21,167,0,5,21,172,California
Alpine,2021-01-21,1,178,0,13,1,165,0,0,1,168,0,5,1,173,California
Alpine,2021-01-22,33,211,0,13,33,198,0,0,33,201,0,5,33,206,California
Alpine,2021-01-23,1,212,1,14,0,198,0,0,0,200,1,6,0,206,California
Alpine,2021-01-25,16,228,0,14,16,214,0,0,16,216,0,6,16,222,California
Alpine,2021-01-27,1,229,1,15,0,214,0,0,0,215,1,7,0,222,California
Alpine,2021-01-28,1,230,0,15,1,215,0,0,0,214,1,8,0,222,California
Alpine,2021-01-29,1,231,0,15,1,216,0,0,1,215,0,8,1,223,California
Alpine,2021-02-01,25,256,0,15,25,241,0,0,7,204,18,26,7,230,California
Alpine,2021-02-03,34,290,0,15,34,275,0,0,10,190,24,50,10,240,California
Alpine,2021-02-04,8,298,0,15,8,283,0,0,3,188,5,55,3,243,California
Alpine,2021-02-05,31,329,0,15,31,314,0,0,12,181,19,74,12,255,California
Alpine,2021-02-08,32,361,0,15,32,346,0,0,4,157,28,102,4,259,California
Alpine,2021-02-10,34,395,0,15,34,380,0,0,0,123,34,136,0,259,California
Alpine,2021-02-11,6,401,0,15,6,386,0,0,3,123,3,139,3,262,California
Alpine,2021-02-12,1,402,0,15,1,387,0,0,0,122,1,140,0,262,California
Alpine,2021-02-17,23,425,0,15,23,410,0,0,3,105,20,160,3,265,California
Alpine,2021-02-18,2,427,0,15,2,412,0,0,1,105,1,161,1,266,California
Alpine,2021-02-19,34,461,1,16,33,445,0,0,2,75,32,193,2,268,California
Alpine,2021-02-22,27,488,0,16,27,472,0,0,8,64,19,212,8,276,California
Alpine,2021-02-24,1,489,1,17,0,472,0,0,1,65,0,212,1,277,California
Alpine,2021-02-25,6,495,1,18,5,477,0,0,6,71,0,212,6,283,California
Alpine,2021-02-26,30,525,1,19,29,506,0,0,29,99,1,213,29,312,California
Alpine,2021-02-27,1,526,0,19,1,507,0,0,1,100,0,213,1,313,California
Alpine,2021-03-01,36,562,0,19,36,543,0,0,26,116,10,223,26,339,California
Alpine,2021-03-03,29,591,0,19,29,572,0,0,18,123,11,234,18,357,California
Alpine,2021-03-04,11,602,1,20,10,582,0,0,11,134,0,234,11,368,California
Alpine,2021-03-05,30,632,0,20,30,612,0,0,22,148,8,242,22,390,California
Alpine,2021-03-08,31,663,0,20,31,643,0,0,29,175,2,244,29,419,California
Alpine,2021-03-10,73,736,0,20,73,716,0,0,73,248,0,244,73,492,California
Alpine,2021-03-11,35,771,0,20,35,751,0,0,31,275,4,248,31,523,California
Alpine,2021-03-12,19,790,0,20,19,770,0,0,17,290,2,250,17,540,California
Alpine,2021-03-15,20,810,0,20,20,790,0,0,19,308,1,251,19,559,California
Alpine,2021-03-17,23,833,0,20,22,812,1,1,19,324,4,255,20,579,California
Alpine,2021-03-18,38,871,3,23,35,847,0,1,35,356,3,258,35,614,California
Alpine,2021-03-19,2,873,1,24,1,848,0,1,1,356,1,259,1,615,California
Alpine,2021-03-22,24,897,0,24,24,872,0,1,15,362,9,268,15,630,California
Alpine,2021-03-24,19,916,0,24,19,891,0,1,8,359,11,279,8,638,California
Alpine,2021-03-25,35,951,1,25,33,924,1,2,28,381,7,286,29,667,California
Alpine,2021-03-27,1,952,0,25,1,925,0,2,0,380,1,287,0,667,California
Alpine,2021-03-28,1,953,1,26,0,925,0,2,1,381,0,287,1,668,California
Alpine,2021-03-29,19,972,0,26,18,943,1,3,2,367,17,304,3,671,California
Alpine,2021-04-01,18,990,0,26,18,961,0,3,8,365,10,314,8,679,California
Alpine,2021-04-02,100,1090,0,26,100,1061,0,3,45,356,54,368,45,724,California
Alpine,2021-04-05,3,1093,0,26,3,1064,0,3,0,353,3,371,0,724,California
Alpine,2021-04-06,3,1096,2,28,1,1065,0,3,2,354,1,372,2,726,California
Alpine,2021-04-07,117,1213,0,28,116,1181,1,4,30,299,86,458,31,757,California
Alpine,2021-04-08,36,1249,0,28,35,1216,1,5,10,284,26,484,11,768,California
Alpine,2021-04-09,2,1251,0,28,2,1218,0,5,2,286,0,484,2,770,California
Alpine,2021-04-14,47,1298,0,28,47,1265,0,5,10,259,37,521,10,780,California
Alpine,2021-04-15,35,1333,0,28,35,1300,0,5,3,230,32,553,3,783,California
Alpine,2021-04-19,1,1334,0,28,1,1301,0,5,1,231,0,553,1,784,California
Alpine,2021-04-21,31,1365,0,28,31,1332,0,5,15,230,16,569,15,799,California
Alpine,2021-04-22,24,1389,0,28,24,1356,0,5,1,208,23,592,1,800,California
Alpine,2021-04-25,1,1390,1,29,0,1356,0,5,0,207,1,593,0,800,California
Alpine,2021-04-27,2,1392,1,30,1,1357,0,5,1,207,1,594,1,801,California
Alpine,2021-04-28,36,1428,0,30,36,1393,0,5,6,183,30,624,6,807,California
Alpine,2021-04-29,6,1434,0,30,6,1399,0,5,0,177,6,630,0,807,California
Alpine,2021-04-30,2,1436,1,31,0,1399,1,6,1,178,1,631,2,809,California
Alpine,2021-05-02,1,1437,0,31,0,1399,1,7,0,178,1,632,1,810,California
Alpine,2021-05-05,17,1454,0,31,17,1416,0,7,4,169,13,645,4,814,California
Alpine,2021-05-06,8,1462,0,31,8,1424,0,7,0,161,8,653,0,814,California
Alpine,2021-05-07,1,1463,0,31,1,1425,0,7,0,160,1,654,0,814,California
Alpine,2021-05-10,1,1464,0,31,1,1426,0,7,1,161,0,654,1,815,California
Alpine,2021-05-12,1,1465,0,31,0,1426,1,8,0,161,1,655,1,816,California
Alpine,2021-05-13,3,1468,0,31,3,1429,0,8,0,158,3,658,0,816,California
Alpine,2021-05-17,2,1470,0,31,2,1431,0,8,1,158,1,659,1,817,California
Alpine,2021-05-18,1,1471,0,31,1,1432,0,8,1,159,0,659,1,818,California
Alpine,2021-05-19,15,1486,0,31,15,1447,0,8,0,144,15,674,0,818,California
Alpine,2021-05-21,1,1487,1,32,0,1447,0,8,0,143,1,675,0,818,California
Alpine,2021-05-25,1,1488,0,32,1,1448,0,8,0,142,1,676,0,818,California
Alpine,2021-05-27,1,1489,0,32,1,1449,0,8,1,143,0,676,1,819,California
Alpine,2021-05-28,2,1491,1,33,1,1450,0,8,2,145,0,676,2,821,California
Alpine,2021-05-29,1,1492,0,33,1,1451,0,8,1,146,0,676,1,822,California
Alpine,2021-06-02,8,1500,0,33,8,1459,0,8,1,140,7,683,1,823,California
Amador,2020-12-16,2,2,2,2,0,0,0,0,2,2,0,0,2,2,California
Amador,2020-12-17,5,7,5,7,0,0,0,0,5,7,0,0,5,7,California
Amador,2020-12-18,45,52,45,52,0,0,0,0,45,52,0,0,45,52,California
Amador,2020-12-19,16,68,16,68,0,0,0,0,16,68,0,0,16,68,California
Amador,2020-12-20,4,72,4,72,0,0,0,0,4,72,0,0,4,72,California
Amador,2020-12-21,31,103,31,103,0,0,0,0,31,103,0,0,31,103,California
Amador,2020-12-22,35,138,34,137,1,1,0,0,35,138,0,0,35,138,California
Amador,2020-12-23,40,178,39,176,1,2,0,0,40,178,0,0,40,178,California
Amador,2020-12-24,5,183,3,179,2,4,0,0,5,183,0,0,5,183,California
Amador,2020-12-26,5,188,4,183,1,5,0,0,5,188,0,0,5,188,California
Amador,2020-12-27,1,189,0,183,1,6,0,0,1,189,0,0,1,189,California
Amador,2020-12-28,30,219,26,209,4,10,0,0,30,219,0,0,30,219,California
Amador,2020-12-29,26,245,19,228,7,17,0,0,26,245,0,0,26,245,California
Amador,2020-12-30,122,367,76,304,46,63,0,0,122,367,0,0,122,367,California
Amador,2020-12-31,192,559,167,471,25,88,0,0,192,559,0,0,192,559,California
Amador,2021-01-01,2,561,0,471,2,90,0,0,2,561,0,0,2,561,California
Amador,2021-01-02,57,618,57,528,0,90,0,0,57,618,0,0,57,618,California
Amador,2021-01-03,65,683,17,545,48,138,0,0,65,683,0,0,65,683,California
Amador,2021-01-04,124,807,1,546,123,261,0,0,124,807,0,0,124,807,California
Amador,2021-01-05,34,841,3,549,31,292,0,0,32,838,2,2,33,840,California
Amador,2021-01-06,40,881,10,559,30,322,0,0,36,870,4,6,36,876,California
Amador,2021-01-07,229,1110,69,628,160,482,0,0,217,1075,12,18,217,1093,California
Amador,2021-01-08,84,1194,69,697,15,497,0,0,41,1074,43,61,42,1135,California
Amador,2021-01-09,11,1205,11,708,0,497,0,0,2,1067,9,70,2,1137,California
Amador,2021-01-10,6,1211,4,712,2,499,0,0,2,1065,4,74,2,1139,California
Amador,2021-01-11,125,1336,44,756,81,580,0,0,88,1117,37,111,89,1228,California
Amador,2021-01-12,65,1401,50,806,15,595,0,0,41,1134,24,135,41,1269,California
Amador,2021-01-13,40,1441,24,830,16,611,0,0,28,1150,12,147,28,1297,California
Amador,2021-01-14,150,1591,22,852,128,739,0,0,140,1281,10,157,141,1438,California
Amador,2021-01-15,59,1650,25,877,34,773,0,0,51,1324,8,165,51,1489,California
Amador,2021-01-16,17,1667,11,888,6,779,0,0,11,1330,6,171,12,1501,California
Amador,2021-01-17,26,1693,5,893,21,800,0,0,26,1356,0,171,26,1527,California
Amador,2021-01-18,30,1723,26,919,4,804,0,0,9,1344,21,192,9,1536,California
Amador,2021-01-19,126,1849,101,1020,25,829,0,0,82,1382,44,236,82,1618,California
Amador,2021-01-20,182,2031,32,1052,150,979,0,0,168,1537,13,249,168,1786,California
Amador,2021-01-21,258,2289,228,1280,30,1009,0,0,147,1574,111,360,148,1934,California
Amador,2021-01-22,137,2426,74,1354,63,1072,0,0,130,1697,7,367,130,2064,California
Amador,2021-01-23,54,2480,33,1387,21,1093,0,0,51,1745,3,370,51,2115,California
Amador,2021-01-24,29,2509,12,1399,17,1110,0,0,26,1768,3,373,26,2141,California
Amador,2021-01-25,58,2567,28,1427,30,1140,0,0,41,1792,17,390,41,2182,California
Amador,2021-01-26,245,2812,17,1444,228,1368,0,0,235,2017,10,400,235,2417,California
Amador,2021-01-27,301,3113,33,1477,268,1636,0,0,254,2227,45,445,255,2672,California
Amador,2021-01-28,369,3482,97,1574,272,1908,0,0,288,2435,81,526,289,2961,California
Amador,2021-01-29,98,3580,33,1607,65,1973,0,0,83,2503,15,541,83,3044,California
Amador,2021-01-30,168,3748,36,1643,132,2105,0,0,163,2661,5,546,163,3207,California
Amador,2021-01-31,32,3780,28,1671,4,2109,0,0,31,2691,1,547,31,3238,California
Amador,2021-02-01,66,3846,24,1695,42,2151,0,0,39,2703,27,574,39,3277,California
Amador,2021-02-02,214,4060,64,1759,150,2301,0,0,127,2746,84,658,127,3404,California
Amador,2021-02-03,139,4199,38,1797,101,2402,0,0,88,2784,50,708,88,3492,California
Amador,2021-02-04,250,4449,74,1871,176,2578,0,0,164,2864,86,794,166,3658,California
Amador,2021-02-05,333,4782,63,1934,270,2848,0,0,317,3165,16,810,317,3975,California
Amador,2021-02-06,100,4882,81,2015,19,2867,0,0,96,3257,4,814,96,4071,California
Amador,2021-02-07,39,4921,35,2050,4,2871,0,0,35,3289,4,818,36,4107,California
Amador,2021-02-08,91,5012,63,2113,28,2899,0,0,73,3344,18,836,73,4180,California
Amador,2021-02-09,175,5187,82,2195,93,2992,0,0,109,3387,66,902,109,4289,California
Amador,2021-02-10,980,6167,81,2276,899,3891,0,0,946,4299,34,936,946,5235,California
Amador,2021-02-11,309,6476,120,2396,189,4080,0,0,198,4388,109,1045,198,5433,California
Amador,2021-02-12,329,6805,122,2518,207,4287,0,0,255,4569,74,1119,255,5688,California
Amador,2021-02-13,165,6970,82,2600,83,4370,0,0,141,4686,24,1143,141,5829,California
Amador,2021-02-14,123,7093,54,2654,69,4439,0,0,105,4773,18,1161,105,5934,California
Amador,2021-02-15,187,7280,61,2715,126,4565,0,0,170,4927,16,1177,170,6104,California
Amador,2021-02-16,466,7746,54,2769,412,4977,0,0,427,5316,39,1216,428,6532,California
Amador,2021-02-17,262,8008,83,2852,179,5156,0,0,164,5382,98,1314,164,6696,California
Amador,2021-02-18,395,8403,97,2949,298,5454,0,0,331,5649,64,1378,331,7027,California
Amador,2021-02-19,194,8597,77,3026,117,5571,0,0,110,5675,84,1462,110,7137,California
Amador,2021-02-20,95,8692,32,3058,63,5634,0,0,67,5714,28,1490,67,7204,California
Amador,2021-02-21,46,8738,34,3092,12,5646,0,0,14,5696,32,1522,14,7218,California
Amador,2021-02-22,66,8804,26,3118,40,5686,0,0,32,5695,33,1555,32,7250,California
Amador,2021-02-23,318,9122,53,3171,265,5951,0,0,138,5653,180,1735,138,7388,California
Amador,2021-02-24,397,9519,59,3230,338,6289,0,0,265,5790,128,1863,265,7653,California
Amador,2021-02-25,525,10044,120,3350,405,6694,0,0,279,5824,245,2108,279,7932,California
Amador,2021-02-26,628,10672,80,3430,548,7242,0,0,514,6224,114,2222,514,8446,California
Amador,2021-02-27,293,10965,95,3525,198,7440,0,0,101,6136,191,2413,103,8549,California
Amador,2021-02-28,106,11071,55,3580,51,7491,0,0,60,6152,46,2459,62,8611,California
Amador,2021-03-01,198,11269,69,3649,129,7620,0,0,126,6207,72,2531,127,8738,California
Amador,2021-03-02,381,11650,63,3712,318,7938,0,0,332,6491,49,2580,333,9071,California
Amador,2021-03-03,242,11892,81,3793,161,8099,0,0,166,6583,75,2655,167,9238,California
Amador,2021-03-04,495,12387,114,3907,381,8480,0,0,393,6875,101,2756,393,9631,California
Amador,2021-03-05,510,12897,74,3981,436,8916,0,0,290,6948,219,2975,292,9923,California
Amador,2021-03-06,98,12995,45,4026,52,8968,1,1,53,6957,45,3020,54,9977,California
Amador,2021-03-07,65,13060,44,4070,21,8989,0,1,22,6936,43,3063,22,9999,California
Amador,2021-03-08,151,13211,69,4139,81,9070,1,2,90,6966,61,3124,91,10090,California
Amador,2021-03-09,376,13587,51,4190,325,9395,0,2,294,7182,79,3203,295,10385,California
Amador,2021-03-10,512,14099,74,4264,436,9831,2,4,111,6896,401,3604,115,10500,California
Amador,2021-03-11,471,14570,116,4380,345,10176,10,14,299,7037,171,3775,312,10812,California
Amador,2021-03-12,567,15137,66,4446,495,10671,6,20,338,7159,228,4003,350,11162,California
Amador,2021-03-13,116,15253,18,4464,91,10762,7,27,76,7206,40,4043,87,11249,California
Amador,2021-03-14,86,15339,18,4482,66,10828,2,29,20,7162,66,4109,22,11271,California
Amador,2021-03-15,177,15516,25,4507,145,10973,7,36,52,7097,125,4234,60,11331,California
Amador,2021-03-16,450,15966,53,4560,388,11361,9,45,139,6936,309,4543,148,11479,California
Amador,2021-03-17,199,16165,43,4603,153,11514,3,48,120,6980,79,4622,123,11602,California
Amador,2021-03-18,476,16641,101,4704,371,11885,4,52,250,7012,226,4848,258,11860,California
Amador,2021-03-19,538,17179,55,4759,468,12353,15,67,388,7270,148,4996,406,12266,California
Amador,2021-03-20,110,17289,45,4804,64,12417,1,68,45,7254,64,5060,48,12314,California
Amador,2021-03-21,48,17337,34,4838,13,12430,1,69,29,7268,18,5078,32,12346,California
Amador,2021-03-22,112,17449,32,4870,52,12482,28,97,48,7280,64,5142,76,12422,California
Amador,2021-03-23,434,17883,47,4917,380,12862,7,104,275,7405,158,5300,283,12705,California
Amador,2021-03-24,345,18228,38,4955,55,12917,252,356,37,7387,307,5607,289,12994,California
Amador,2021-03-25,608,18836,85,5040,516,13433,7,363,393,7573,214,5821,400,13394,California
Amador,2021-03-26,746,19582,42,5082,698,14131,6,369,283,7404,461,6282,292,13686,California
Amador,2021-03-27,89,19671,15,5097,72,14203,2,371,28,7375,61,6343,32,13718,California
Amador,2021-03-28,69,19740,15,5112,52,14255,2,373,12,7334,56,6399,15,13733,California
Amador,2021-03-29,180,19920,24,5136,155,14410,1,374,78,7318,100,6499,84,13817,California
Amador,2021-03-30,535,20455,28,5164,506,14916,1,375,294,7373,240,6739,295,14112,California
Amador,2021-03-31,199,20654,57,5221,137,15053,5,380,43,7266,155,6894,48,14160,California
Amador,2021-04-01,611,21265,85,5306,526,15579,0,380,263,7185,346,7240,265,14425,California
Amador,2021-04-02,607,21872,38,5344,557,16136,12,392,380,7353,226,7466,394,14819,California
Amador,2021-04-03,84,21956,22,5366,43,16179,19,411,22,7334,62,7528,43,14862,California
Amador,2021-04-04,38,21994,3,5369,29,16208,6,417,15,7332,23,7551,21,14883,California
Amador,2021-04-05,144,22138,52,5421,76,16284,16,433,50,7307,93,7644,68,14951,California
Amador,2021-04-06,502,22640,37,5458,447,16731,18,451,222,7269,278,7922,240,15191,California
Amador,2021-04-07,97,22737,33,5491,45,16776,19,470,41,7275,54,7976,60,15251,California
Amador,2021-04-08,495,23232,85,5576,389,17165,21,491,222,7246,272,8248,243,15494,California
Amador,2021-04-09,482,23714,21,5597,441,17606,20,511,213,7208,268,8516,230,15724,California
Amador,2021-04-10,53,23767,15,5612,29,17635,9,520,22,7208,31,8547,31,15755,California
Amador,2021-04-11,48,23815,23,5635,21,17656,4,524,23,7211,24,8571,27,15782,California
Amador,2021-04-12,97,23912,27,5662,60,17716,10,534,42,7208,55,8626,52,15834,California
Amador,2021-04-13,345,24257,50,5712,295,18011,0,534,68,7001,276,8902,69,15903,California
Amador,2021-04-14,284,24541,28,5740,256,18267,0,534,175,7070,106,9008,175,16078,California
Amador,2021-04-15,330,24871,74,5814,256,18523,0,534,69,6883,256,9264,69,16147,California
Amador,2021-04-16,482,25353,29,5843,453,18976,0,534,386,7174,95,9359,386,16533,California
Amador,2021-04-17,64,25417,36,5879,28,19004,0,534,27,7164,37,9396,27,16560,California
Amador,2021-04-18,29,25446,7,5886,22,19026,0,534,11,7159,17,9413,12,16572,California
Amador,2021-04-19,68,25514,27,5913,41,19067,0,534,31,7156,36,9449,33,16605,California
Amador,2021-04-20,436,25950,55,5968,381,19448,0,534,111,6951,318,9767,113,16718,California
Amador,2021-04-21,87,26037,33,6001,54,19502,0,534,44,6953,42,9809,44,16762,California
Amador,2021-04-22,495,26532,78,6079,416,19918,1,535,103,6672,385,10194,104,16866,California
Amador,2021-04-23,358,26890,45,6124,313,20231,0,535,285,6887,72,10266,287,17153,California
Amador,2021-04-24,48,26938,24,6148,24,20255,0,535,27,6894,20,10286,27,17180,California
Amador,2021-04-25,41,26979,19,6167,22,20277,0,535,29,6911,12,10298,29,17209,California
Amador,2021-04-26,91,27070,28,6195,62,20339,1,536,44,6911,46,10344,46,17255,California
Amador,2021-04-27,493,27563,39,6234,453,20792,1,537,88,6598,403,10747,90,17345,California
Amador,2021-04-28,69,27632,29,6263,36,20828,4,541,41,6615,28,10775,45,17390,California
Amador,2021-04-29,223,27855,70,6333,44,20872,109,650,65,6630,158,10933,173,17563,California
Amador,2021-04-30,339,28194,27,6360,308,21180,4,654,95,6485,244,11177,99,17662,California
Amador,2021-05-01,41,28235,15,6375,22,21202,4,658,21,6492,18,11195,25,17687,California
Amador,2021-05-02,27,28262,14,6389,10,21212,3,661,10,6489,17,11212,14,17701,California
Amador,2021-05-03,67,28329,33,6422,24,21236,10,671,26,6484,41,11253,36,17737,California
Amador,2021-05-04,465,28794,26,6448,432,21668,7,678,68,6162,397,11650,75,17812,California
Amador,2021-05-05,202,28996,153,6601,39,21707,10,688,163,6295,38,11688,171,17983,California
Amador,2021-05-06,109,29105,55,6656,49,21756,5,693,64,6321,43,11731,69,18052,California
Amador,2021-05-07,126,29231,29,6685,90,21846,7,700,66,6334,60,11791,73,18125,California
Amador,2021-05-08,42,29273,9,6694,30,21876,3,703,20,6335,22,11813,23,18148,California
Amador,2021-05-09,15,29288,0,6694,9,21885,6,709,4,6334,11,11824,10,18158,California
Amador,2021-05-10,61,29349,14,6708,44,21929,3,712,25,6326,36,11860,28,18186,California
Amador,2021-05-11,101,29450,34,6742,41,21970,26,738,45,6341,56,11916,71,18257,California
Amador,2021-05-12,63,29513,21,6763,41,22011,1,739,29,6337,34,11950,30,18287,California
Amador,2021-05-13,73,29586,41,6804,26,22037,6,745,37,6346,34,11984,43,18330,California
Amador,2021-05-14,395,29981,34,6838,357,22394,4,749,86,6128,309,12293,91,18421,California
Amador,2021-05-15,52,30033,20,6858,21,22415,11,760,23,6134,29,12322,35,18456,California
Amador,2021-05-16,38,30071,15,6873,23,22438,0,760,17,6130,21,12343,17,18473,California
Amador,2021-05-17,76,30147,23,6896,51,22489,2,762,36,6129,39,12382,38,18511,California
Amador,2021-05-18,246,30393,168,7064,43,22532,35,797,162,6243,83,12465,197,18708,California
Amador,2021-05-19,72,30465,22,7086,47,22579,3,800,33,6243,38,12503,38,18746,California
Amador,2021-05-20,78,30543,46,7132,30,22609,2,802,31,6230,46,12549,33,18779,California
Amador,2021-05-21,265,30808,29,7161,234,22843,2,804,39,6045,226,12775,41,18820,California
Amador,2021-05-22,37,30845,13,7174,19,22862,5,809,13,6039,24,12799,18,18838,California
Amador,2021-05-23,22,30867,4,7178,15,22877,3,812,5,6030,17,12816,8,18846,California
Amador,2021-05-24,90,30957,31,7209,47,22924,12,824,43,6039,46,12862,55,18901,California
Amador,2021-05-25,141,31098,89,7298,27,22951,25,849,82,6089,57,12919,107,19008,California
Amador,2021-05-26,207,31305,163,7461,37,22988,7,856,42,5973,164,13083,48,19056,California
Amador,2021-05-27,81,31386,36,7497,36,23024,9,865,30,5961,51,13134,39,19095,California
Amador,2021-05-28,69,31455,26,7523,39,23063,4,869,29,5954,40,13174,33,19128,California
Amador,2021-05-29,26,31481,2,7525,21,23084,3,872,11,5953,15,13189,14,19142,California
Amador,2021-05-30,17,31498,3,7528,8,23092,6,878,4,5950,13,13202,10,19152,California
Amador,2021-05-31,10,31508,0,7528,9,23101,1,879,2,5945,8,13210,3,19155,California
Amador,2021-06-01,84,31592,61,7589,18,23119,5,884,36,5939,47,13257,41,19196,California
Amador,2021-06-02,39,31631,14,7603,17,23136,8,892,13,5935,26,13283,22,19218,California
Amador,2021-06-03,29,31660,5,7608,22,23158,2,894,8,5924,21,13304,10,19228,California
Amador,2021-06-04,23,31683,15,7623,8,23166,0,894,3,5907,20,13324,3,19231,California
Amador,2021-06-05,25,31708,13,7636,10,23176,2,896,2,5888,23,13347,4,19235,California
Amador,2021-06-06,5,31713,3,7639,1,23177,1,897,3,5890,2,13349,4,19239,California
Amador,2021-06-07,9,31722,3,7642,4,23181,2,899,1,5885,8,13357,3,19242,California
Butte,2020-12-16,3,3,3,3,0,0,0,0,3,3,0,0,3,3,California
Butte,2020-12-17,21,24,21,24,0,0,0,0,21,24,0,0,21,24,California
Butte,2020-12-18,52,76,52,76,0,0,0,0,52,76,0,0,52,76,California
Butte,2020-12-19,7,83,7,83,0,0,0,0,7,83,0,0,7,83,California
Butte,2020-12-20,10,93,10,93,0,0,0,0,10,93,0,0,10,93,California
Butte,2020-12-21,633,726,633,726,0,0,0,0,633,726,0,0,633,726,California
Butte,2020-12-22,618,1344,616,1342,2,2,0,0,618,1344,0,0,618,1344,California
Butte,2020-12-23,876,2220,860,2202,16,18,0,0,876,2220,0,0,876,2220,California
Butte,2020-12-24,159,2379,155,2357,4,22,0,0,159,2379,0,0,159,2379,California
Butte,2020-12-26,90,2469,88,2445,2,24,0,0,90,2469,0,0,90,2469,California
Butte,2020-12-27,35,2504,34,2479,1,25,0,0,35,2504,0,0,35,2504,California
Butte,2020-12-28,279,2783,273,2752,6,31,0,0,279,2783,0,0,279,2783,California
Butte,2020-12-29,201,2984,178,2930,23,54,0,0,201,2984,0,0,201,2984,California
Butte,2020-12-30,513,3497,291,3221,222,276,0,0,513,3497,0,0,513,3497,California
Butte,2020-12-31,211,3708,18,3239,193,469,0,0,211,3708,0,0,211,3708,California
Butte,2021-01-01,8,3716,1,3240,7,476,0,0,8,3716,0,0,8,3716,California
Butte,2021-01-02,40,3756,37,3277,3,479,0,0,40,3756,0,0,40,3756,California
Butte,2021-01-03,3,3759,0,3277,3,482,0,0,3,3759,0,0,3,3759,California
Butte,2021-01-04,209,3968,176,3453,33,515,0,0,209,3968,0,0,209,3968,California
Butte,2021-01-05,197,4165,153,3606,44,559,0,0,196,4163,1,1,196,4164,California
Butte,2021-01-06,626,4791,397,4003,229,788,0,0,621,4780,5,6,622,4786,California
Butte,2021-01-07,761,5552,369,4372,392,1180,0,0,741,5501,20,26,741,5527,California
Butte,2021-01-08,673,6225,532,4904,141,1321,0,0,625,6078,48,74,625,6152,California
Butte,2021-01-09,11,6236,7,4911,4,1325,0,0,6,6079,5,79,6,6158,California
Butte,2021-01-10,19,6255,5,4916,14,1339,0,0,14,6088,5,84,14,6172,California
Butte,2021-01-11,985,7240,950,5866,35,1374,0,0,356,5818,629,713,359,6531,California
Butte,2021-01-12,696,7936,651,6517,45,1419,0,0,274,5670,422,1135,274,6805,California
Butte,2021-01-13,1566,9502,1074,7591,492,1911,0,0,725,5556,841,1976,727,7532,California
Butte,2021-01-14,1634,11136,892,8483,742,2653,0,0,1437,6797,196,2172,1437,8969,California
Butte,2021-01-15,1053,12189,813,9296,240,2893,0,0,943,7630,110,2282,943,9912,California
Butte,2021-01-16,584,12773,299,9595,285,3178,0,0,540,8126,44,2326,540,10452,California
Butte,2021-01-17,238,13011,64,9659,174,3352,0,0,201,8290,37,2363,201,10653,California
Butte,2021-01-18,344,13355,302,9961,42,3394,0,0,276,8499,67,2430,276,10929,California
Butte,2021-01-19,494,13849,431,10392,63,3457,0,0,224,8453,270,2700,224,11153,California
Butte,2021-01-20,1369,15218,689,11081,680,4137,0,0,1066,9216,303,3003,1066,12219,California
Butte,2021-01-21,1475,16693,867,11948,608,4745,0,0,1367,10476,107,3110,1367,13586,California
Butte,2021-01-22,1140,17833,482,12430,658,5403,0,0,1087,11510,53,3163,1087,14673,California
Butte,2021-01-23,125,17958,84,12514,41,5444,0,0,100,11585,25,3188,100,14773,California
Butte,2021-01-24,9,17967,7,12521,2,5446,0,0,9,11594,0,3188,9,14782,California
Butte,2021-01-25,656,18623,337,12858,319,5765,0,0,492,11922,164,3352,492,15274,California
Butte,2021-01-26,1472,20095,378,13236,1094,6859,0,0,1335,13120,137,3489,1335,16609,California
Butte,2021-01-27,2097,22192,705,13941,1392,8251,0,0,1366,13756,730,4219,1366,17975,California
Butte,2021-01-28,2262,24454,262,14203,2000,10251,0,0,1951,15397,310,4529,1951,19926,California
Butte,2021-01-29,1687,26141,487,14690,1200,11451,0,0,1310,16331,376,4905,1310,21236,California
Butte,2021-01-30,30,26171,8,14698,22,11473,0,0,28,16357,2,4907,28,21264,California
Butte,2021-01-31,16,26187,14,14712,2,11475,0,0,15,16371,1,4908,15,21279,California
Butte,2021-02-01,1752,27939,408,15120,1344,12819,0,0,1361,17344,388,5296,1361,22640,California
Butte,2021-02-02,1933,29872,362,15482,1571,14390,0,0,1632,18674,302,5598,1632,24272,California
Butte,2021-02-03,2739,32611,777,16259,1962,16352,0,0,1845,19627,892,6490,1845,26117,California
Butte,2021-02-04,2957,35568,324,16583,2633,18985,0,0,2401,21474,554,7044,2401,28518,California
Butte,2021-02-05,1273,36841,667,17250,606,19591,0,0,552,21306,721,7765,553,29071,California
Butte,2021-02-06,144,36985,103,17353,41,19632,0,0,61,21284,83,7848,61,29132,California
Butte,2021-02-07,38,37023,34,17387,4,19636,0,0,14,21274,24,7872,14,29146,California
Butte,2021-02-08,698,37721,548,17935,150,19786,0,0,242,21060,456,8328,242,29388,California
Butte,2021-02-09,951,38672,459,18394,492,20278,0,0,721,21551,230,8558,721,30109,California
Butte,2021-02-10,1701,40373,1187,19581,514,20792,0,0,671,21194,1028,9586,671,30780,California
Butte,2021-02-11,2202,42575,1346,20927,856,21648,0,0,1004,21000,1198,10784,1004,31784,California
Butte,2021-02-12,1002,43577,435,21362,567,22215,0,0,330,20659,671,11455,330,32114,California
Butte,2021-02-13,247,43824,43,21405,204,22419,0,0,146,20704,101,11556,146,32260,California
Butte,2021-02-14,161,43985,9,21414,152,22571,0,0,157,20857,4,11560,157,32417,California
Butte,2021-02-15,263,44248,47,21461,216,22787,0,0,198,20990,65,11625,198,32615,California
Butte,2021-02-16,730,44978,432,21893,298,23085,0,0,275,20809,456,12081,275,32890,California
Butte,2021-02-17,1515,46493,848,22741,667,23752,0,0,841,20978,672,12753,841,33731,California
Butte,2021-02-18,1559,48052,761,23502,798,24550,0,0,748,20915,811,13564,748,34479,California
Butte,2021-02-19,1171,49223,391,23893,780,25330,0,0,403,20557,761,14325,403,34882,California
Butte,2021-02-20,477,49700,32,23925,445,25775,0,0,126,20333,350,14675,126,35008,California
Butte,2021-02-21,18,49718,16,23941,2,25777,0,0,13,20341,5,14680,13,35021,California
Butte,2021-02-22,1501,51219,297,24238,1204,26981,0,0,378,19599,1120,15800,378,35399,California
Butte,2021-02-23,1635,52854,295,24533,1340,28321,0,0,463,18895,1167,16967,463,35862,California
Butte,2021-02-24,2137,54991,598,25131,1539,29860,0,0,726,18218,1403,18370,726,36588,California
Butte,2021-02-25,2079,57070,578,25709,1501,31361,0,0,656,17458,1417,19787,657,37245,California
Butte,2021-02-26,919,57989,310,26019,609,31970,0,0,396,17334,520,20307,396,37641,California
Butte,2021-02-27,236,58225,48,26067,188,32158,0,0,185,17470,49,20356,185,37826,California
Butte,2021-02-28,143,58368,16,26083,127,32285,0,0,136,17599,7,20363,136,37962,California
Butte,2021-03-01,1627,59995,175,26258,1451,33736,1,1,327,16630,1297,21660,328,38290,California
Butte,2021-03-02,1749,61744,198,26456,1551,35287,0,1,310,15505,1435,23095,310,38600,California
Butte,2021-03-03,2785,64529,849,27305,1936,37223,0,1,481,13684,2302,25397,481,39081,California
Butte,2021-03-04,3150,67679,681,27986,2469,39692,0,1,628,11791,2521,27918,628,39709,California
Butte,2021-03-05,1351,69030,616,28602,734,40426,1,2,734,11913,613,28531,735,40444,California
Butte,2021-03-06,247,69277,25,28627,199,40625,23,25,187,12064,59,28590,210,40654,California
Butte,2021-03-07,53,69330,3,28630,33,40658,17,42,29,12086,24,28614,46,40700,California
Butte,2021-03-08,1266,70596,128,28758,1060,41718,78,120,1100,13101,163,28777,1178,41878,California
Butte,2021-03-09,1907,72503,284,29042,1520,43238,103,223,1416,14132,488,29265,1519,43397,California
Butte,2021-03-10,2318,74821,968,30010,1249,44487,101,324,1578,15075,735,30000,1678,45075,California
Butte,2021-03-11,2812,77633,1318,31328,1367,45854,127,451,1982,16365,819,30819,2109,47184,California
Butte,2021-03-12,1147,78780,332,31660,467,46321,348,799,355,16282,786,31605,703,47887,California
Butte,2021-03-13,253,79033,67,31727,137,46458,49,848,59,16196,194,31799,108,47995,California
Butte,2021-03-14,163,79196,16,31743,105,46563,42,890,20,16116,142,31941,62,48057,California
Butte,2021-03-15,1743,80939,360,32103,1090,47653,293,1183,1147,16968,588,32529,1440,49497,California
Butte,2021-03-16,1652,82591,415,32518,1158,48811,79,1262,1112,17622,536,33065,1190,50687,California
Butte,2021-03-17,1954,84545,1356,33874,517,49328,81,1343,1136,18028,810,33875,1216,51903,California
Butte,2021-03-18,1810,86355,1466,35340,216,49544,128,1471,1063,18477,741,34616,1190,53093,California
Butte,2021-03-19,697,87052,310,35650,303,49847,84,1555,345,18564,342,34958,429,53522,California
Butte,2021-03-20,206,87258,31,35681,159,50006,16,1571,95,18564,111,35069,111,53633,California
Butte,2021-03-21,56,87314,25,35706,2,50008,29,1600,12,18561,44,35113,41,53674,California
Butte,2021-03-22,1481,88795,350,36056,1037,51045,94,1694,1220,19616,259,35372,1314,54988,California
Butte,2021-03-23,1826,90621,493,36549,1219,52264,114,1808,1476,20859,347,35719,1590,56578,California
Butte,2021-03-24,2262,92883,1265,37814,871,53135,126,1934,1713,22153,544,36263,1838,58416,California
Butte,2021-03-25,1483,94366,1198,39012,193,53328,92,2026,1017,22800,462,36725,1109,59525,California
Butte,2021-03-26,1206,95572,438,39450,522,53850,246,2272,559,22966,639,37364,805,60330,California
Butte,2021-03-27,301,95873,83,39533,194,54044,24,2296,135,22960,163,37527,157,60487,California
Butte,2021-03-28,230,96103,45,39578,177,54221,8,2304,103,22946,124,37651,110,60597,California
Butte,2021-03-29,1763,97866,380,39958,1313,55534,70,2374,1345,23948,413,38064,1415,62012,California
Butte,2021-03-30,1034,98900,470,40428,474,56008,90,2464,491,23992,537,38601,581,62593,California
Butte,2021-03-31,1778,100678,1305,41733,406,56414,67,2531,1085,24457,687,39288,1152,63745,California
Butte,2021-04-01,3330,104008,2706,44439,497,56911,127,2658,2260,25781,1064,40352,2388,66133,California
Butte,2021-04-02,1000,105008,416,44855,464,57375,120,2778,564,26035,428,40780,682,66815,California
Butte,2021-04-03,343,105351,45,44900,225,57600,73,2851,163,26091,180,40960,236,67051,California
Butte,2021-04-04,189,105540,25,44925,141,57741,23,2874,111,26149,76,41036,134,67185,California
Butte,2021-04-05,1974,107514,421,45346,1381,59122,172,3046,595,25544,1370,42406,765,67950,California
Butte,2021-04-06,2199,109713,616,45962,1160,60282,423,3469,797,25366,1396,43802,1218,69168,California
Butte,2021-04-07,3038,112751,1321,47283,1325,61607,392,3861,717,24160,2315,46117,1109,70277,California
Butte,2021-04-08,2756,115507,1202,48485,1286,62893,268,4129,459,22594,2293,48410,727,71004,California
Butte,2021-04-09,1376,116883,352,48837,542,63435,482,4611,329,22358,1043,49453,807,71811,California
Butte,2021-04-10,223,117106,47,48884,76,63511,100,4711,100,22434,123,49576,199,72010,California
Butte,2021-04-11,105,117211,42,48926,53,63564,10,4721,82,22504,22,49598,92,72102,California
Butte,2021-04-12,1406,118617,314,49240,960,64524,132,4853,233,21697,1173,50771,366,72468,California
Butte,2021-04-13,1652,120269,575,49815,1071,65595,6,4859,342,20742,1303,52074,348,72816,California
Butte,2021-04-14,2826,123095,2339,52154,487,66082,0,4859,1310,20542,1511,53585,1311,74127,California
Butte,2021-04-15,651,123746,408,52562,243,66325,0,4859,496,20886,152,53737,496,74623,California
Butte,2021-04-16,809,124555,413,52975,396,66721,0,4859,474,21027,333,54070,474,75097,California
Butte,2021-04-17,338,124893,61,53036,277,66998,0,4859,234,21159,102,54172,234,75331,California
Butte,2021-04-18,42,124935,9,53045,33,67031,0,4859,37,21191,5,54177,37,75368,California
Butte,2021-04-19,1561,126496,381,53426,1180,68211,0,4859,429,20491,1129,55306,429,75797,California
Butte,2021-04-20,1969,128465,718,54144,1251,69462,0,4859,752,20034,1209,56515,752,76549,California
Butte,2021-04-21,2042,130507,1161,55305,881,70343,0,4859,462,18923,1573,58088,462,77011,California
Butte,2021-04-22,2218,132725,1941,57246,277,70620,0,4859,612,17932,1603,59691,612,77623,California
Butte,2021-04-23,939,133664,443,57689,496,71116,0,4859,488,17969,451,60142,488,78111,California
Butte,2021-04-24,346,134010,138,57827,208,71324,0,4859,190,18004,155,60297,190,78301,California
Butte,2021-04-25,172,134182,67,57894,105,71429,0,4859,63,17958,109,60406,63,78364,California
Butte,2021-04-26,1541,135723,448,58342,1088,72517,5,4864,397,17219,1141,61547,402,78766,California
Butte,2021-04-27,990,136713,665,59007,298,72815,27,4891,575,17412,409,61956,602,79368,California
Butte,2021-04-28,1387,138100,932,59939,430,73245,25,4916,498,17050,885,62841,523,79891,California
Butte,2021-04-29,888,138988,543,60482,320,73565,25,4941,300,16793,582,63423,325,80216,California
Butte,2021-04-30,892,139880,388,60870,483,74048,21,4962,448,16823,438,63861,468,80684,California
Butte,2021-05-01,240,140120,64,60934,157,74205,19,4981,71,16744,168,64029,89,80773,California
Butte,2021-05-02,150,140270,62,60996,75,74280,13,4994,44,16695,106,64135,57,80830,California
Butte,2021-05-03,634,140904,256,61252,347,74627,31,5025,177,16456,447,64582,208,81038,California
Butte,2021-05-04,818,141722,317,61569,469,75096,32,5057,211,16097,601,65183,242,81280,California
Butte,2021-05-05,1337,143059,1092,62661,209,75305,36,5093,271,15344,1061,66244,308,81588,California
Butte,2021-05-06,933,143992,672,63333,224,75529,37,5130,358,15167,572,66816,395,81983,California
Butte,2021-05-07,561,144553,289,63622,236,75765,36,5166,287,15218,271,67087,322,82305,California
Butte,2021-05-08,169,144722,35,63657,125,75890,9,5175,89,15237,79,67166,98,82403,California
Butte,2021-05-09,93,144815,19,63676,71,75961,3,5178,50,15247,43,67209,53,82456,California
Butte,2021-05-10,514,145329,302,63978,169,76130,43,5221,210,15199,301,67510,253,82709,California
Butte,2021-05-11,864,146193,640,64618,165,76295,59,5280,275,14947,586,68096,334,83043,California
Butte,2021-05-12,728,146921,469,65087,213,76508,46,5326,325,14919,399,68495,371,83414,California
Butte,2021-05-13,850,147771,573,65660,218,76726,59,5385,295,14729,542,69037,352,83766,California
Butte,2021-05-14,831,148602,519,66179,282,77008,30,5415,359,14648,469,69506,388,84154,California
Butte,2021-05-15,480,149082,224,66403,224,77232,32,5447,224,14649,255,69761,256,84410,California
Butte,2021-05-16,167,149249,83,66486,66,77298,18,5465,98,14697,68,69829,116,84526,California
Butte,2021-05-17,754,150003,482,66968,224,77522,48,5513,327,14648,423,70252,374,84900,California
Butte,2021-05-18,1058,151061,726,67694,284,77806,48,5561,476,14596,576,70828,524,85424,California
Butte,2021-05-19,825,151886,533,68227,248,78054,44,5605,330,14479,490,71318,373,85797,California
Butte,2021-05-20,860,152746,596,68823,157,78211,107,5712,337,14402,520,71838,443,86240,California
Butte,2021-05-21,769,153515,474,69297,269,78480,26,5738,264,14189,502,72340,289,86529,California
Butte,2021-05-22,227,153742,108,69405,112,78592,7,5745,114,14200,110,72450,121,86650,California
Butte,2021-05-23,76,153818,49,69454,26,78618,1,5746,46,14217,30,72480,47,86697,California
Butte,2021-05-24,335,154153,149,69603,137,78755,49,5795,168,14268,165,72645,216,86913,California
Butte,2021-05-25,692,154845,443,70046,213,78968,36,5831,344,14307,341,72986,380,87293,California
Butte,2021-05-26,561,155406,181,70227,358,79326,22,5853,254,14285,298,73284,276,87569,California
Butte,2021-05-27,862,156268,621,70848,224,79550,17,5870,428,14302,429,73713,446,88015,California
Butte,2021-05-28,515,156783,139,70987,297,79847,79,5949,214,14296,299,74012,293,88308,California
Butte,2021-05-29,224,157007,116,71103,96,79943,12,5961,149,14382,75,74087,161,88469,California
Butte,2021-05-30,107,157114,56,71159,51,79994,0,5961,61,14397,46,74133,61,88530,California
Butte,2021-05-31,43,157157,23,71182,18,80012,2,5963,25,14406,18,74151,27,88557,California
Butte,2021-06-01,670,157827,422,71604,213,80225,35,5998,255,14284,412,74563,290,88847,California
Butte,2021-06-02,812,158639,571,72175,201,80426,40,6038,364,14244,444,75007,404,89251,California
Butte,2021-06-03,614,159253,412,72587,187,80613,15,6053,234,14116,377,75384,249,89500,California
Butte,2021-06-04,451,159704,257,72844,169,80782,25,6078,142,13979,304,75688,167,89667,California
Butte,2021-06-05,307,160011,197,73041,91,80873,19,6097,94,13879,213,75901,113,89780,California
Butte,2021-06-06,125,160136,90,73131,32,80905,3,6100,25,13808,99,76000,28,89808,California
Butte,2021-06-07,157,160293,110,73241,38,80943,9,6109,76,13813,80,76080,85,89893,California
Calaveras,2020-12-16,5,5,5,5,0,0,0,0,5,5,0,0,5,5,California
Calaveras,2020-12-17,3,8,3,8,0,0,0,0,3,8,0,0,3,8,California
Calaveras,2020-12-18,39,47,39,47,0,0,0,0,39,47,0,0,39,47,California
Calaveras,2020-12-19,3,50,3,50,0,0,0,0,3,50,0,0,3,50,California
Calaveras,2020-12-20,4,54,4,54,0,0,0,0,4,54,0,0,4,54,California
Calaveras,2020-12-21,55,109,48,102,7,7,0,0,55,109,0,0,55,109,California
Calaveras,2020-12-22,82,191,78,180,4,11,0,0,83,192,0,0,83,192,California
Calaveras,2020-12-23,76,267,74,254,2,13,0,0,76,268,0,0,76,268,California
Calaveras,2020-12-24,2,269,2,256,0,13,0,0,2,270,0,0,2,270,California
Calaveras,2020-12-26,3,272,3,259,0,13,0,0,3,273,0,0,3,273,California
Calaveras,2020-12-27,1,273,1,260,0,13,0,0,1,274,0,0,1,274,California
Calaveras,2020-12-28,21,294,17,277,4,17,0,0,20,293,1,1,20,294,California
Calaveras,2020-12-29,159,453,138,415,21,38,0,0,159,452,0,1,159,453,California
Calaveras,2020-12-30,93,546,81,496,12,50,0,0,93,545,0,1,93,546,California
Calaveras,2020-12-31,36,582,25,521,11,61,0,0,36,581,0,1,36,582,California
Calaveras,2021-01-02,11,593,11,532,0,61,0,0,11,592,0,1,11,593,California
Calaveras,2021-01-03,10,603,4,536,6,67,0,0,10,602,0,1,10,603,California
Calaveras,2021-01-04,33,636,5,541,28,95,0,0,33,635,0,1,33,636,California
Calaveras,2021-01-05,41,677,10,551,31,126,0,0,32,663,9,10,37,673,California
Calaveras,2021-01-06,107,784,30,581,77,203,0,0,97,750,10,20,97,770,California
Calaveras,2021-01-07,105,889,26,607,79,282,0,0,92,832,11,31,93,863,California
Calaveras,2021-01-08,69,958,39,646,30,312,0,0,45,854,24,55,46,909,California
Calaveras,2021-01-09,5,963,5,651,0,312,0,0,2,853,3,58,2,911,California
Calaveras,2021-01-10,2,965,0,651,2,314,0,0,2,855,0,58,2,913,California
Calaveras,2021-01-11,65,1030,59,710,6,320,0,0,27,847,37,95,29,942,California
Calaveras,2021-01-12,86,1116,53,763,33,353,0,0,52,866,34,129,53,995,California
Calaveras,2021-01-13,109,1225,45,808,64,417,0,0,75,908,34,163,76,1071,California
Calaveras,2021-01-14,139,1364,43,851,96,513,0,0,106,983,32,195,107,1178,California
Calaveras,2021-01-15,92,1456,28,879,64,577,0,0,72,1035,20,215,72,1250,California
Calaveras,2021-01-16,13,1469,2,881,11,588,0,0,12,1046,1,216,12,1262,California
Calaveras,2021-01-17,10,1479,2,883,8,596,0,0,9,1054,1,217,9,1271,California
Calaveras,2021-01-18,131,1610,19,902,112,708,0,0,118,1162,13,230,121,1392,California
Calaveras,2021-01-19,206,1816,175,1077,31,739,0,0,69,1096,136,366,70,1462,California
Calaveras,2021-01-20,378,2194,82,1159,296,1035,0,0,290,1311,87,453,302,1764,California
Calaveras,2021-01-21,463,2657,40,1199,423,1458,0,0,427,1715,36,489,440,2204,California
Calaveras,2021-01-22,402,3059,23,1222,379,1837,0,0,391,2103,11,500,399,2603,California
Calaveras,2021-01-23,18,3077,8,1230,10,1847,0,0,17,2119,1,501,17,2620,California
Calaveras,2021-01-24,14,3091,8,1238,6,1853,0,0,12,2129,2,503,12,2632,California
Calaveras,2021-01-25,86,3177,8,1246,78,1931,0,0,81,2205,5,508,81,2713,California
Calaveras,2021-01-26,48,3225,16,1262,32,1963,0,0,39,2235,9,517,39,2752,California
Calaveras,2021-01-27,131,3356,44,1306,87,2050,0,0,102,2309,28,545,102,2854,California
Calaveras,2021-01-28,165,3521,25,1331,140,2190,0,0,140,2428,25,570,144,2998,California
Calaveras,2021-01-29,375,3896,12,1343,363,2553,0,0,345,2756,30,600,358,3356,California
Calaveras,2021-01-30,27,3923,10,1353,17,2570,0,0,25,2781,0,600,25,3381,California
Calaveras,2021-01-31,6,3929,4,1357,2,2572,0,0,5,2785,1,601,5,3386,California
Calaveras,2021-02-01,26,3955,11,1368,15,2587,0,0,17,2793,9,610,17,3403,California
Calaveras,2021-02-02,110,4065,22,1390,88,2675,0,0,71,2831,34,644,72,3475,California
Calaveras,2021-02-03,434,4499,44,1434,390,3065,0,0,349,3098,84,728,351,3826,California
Calaveras,2021-02-04,383,4882,26,1460,357,3422,0,0,298,3314,85,813,301,4127,California
Calaveras,2021-02-05,79,4961,22,1482,57,3479,0,0,41,3318,38,851,42,4169,California
Calaveras,2021-02-06,21,4982,12,1494,9,3488,0,0,21,3339,0,851,21,4190,California
Calaveras,2021-02-07,5,4987,1,1495,4,3492,0,0,2,3339,2,853,2,4192,California
Calaveras,2021-02-08,38,5025,17,1512,21,3513,0,0,30,3363,6,859,30,4222,California
Calaveras,2021-02-09,193,5218,77,1589,116,3629,0,0,131,3435,60,919,132,4354,California
Calaveras,2021-02-10,514,5732,31,1620,483,4112,0,0,441,3809,73,992,447,4801,California
Calaveras,2021-02-11,581,6313,81,1701,500,4612,0,0,472,4179,106,1098,476,5277,California
Calaveras,2021-02-12,569,6882,324,2025,245,4857,0,0,492,4599,75,1173,495,5772,California
Calaveras,2021-02-13,200,7082,45,2070,155,5012,0,0,185,4769,15,1188,185,5957,California
Calaveras,2021-02-14,221,7303,71,2141,150,5162,0,0,206,4961,14,1202,206,6163,California
Calaveras,2021-02-15,382,7685,23,2164,359,5521,0,0,262,5106,117,1319,262,6425,California
Calaveras,2021-02-16,267,7952,144,2308,123,5644,0,0,229,5300,38,1357,232,6657,California
Calaveras,2021-02-17,512,8464,38,2346,474,6118,0,0,208,5220,292,1649,212,6869,California
Calaveras,2021-02-18,498,8962,91,2437,407,6525,0,0,95,4932,384,2033,96,6965,California
Calaveras,2021-02-19,438,9400,42,2479,396,6921,0,0,97,4699,330,2363,97,7062,California
Calaveras,2021-02-20,57,9457,15,2494,42,6963,0,0,47,4736,10,2373,47,7109,California
Calaveras,2021-02-21,25,9482,15,2509,10,6973,0,0,18,4748,6,2379,18,7127,California
Calaveras,2021-02-22,62,9544,38,2547,24,6997,0,0,33,4752,29,2408,33,7160,California
Calaveras,2021-02-23,128,9672,43,2590,85,7082,0,0,92,4809,36,2444,93,7253,California
Calaveras,2021-02-24,96,9768,47,2637,49,7131,0,0,66,4846,29,2473,66,7319,California
Calaveras,2021-02-25,552,10320,102,2739,450,7581,0,0,356,5016,191,2664,361,7680,California
Calaveras,2021-02-26,749,11069,46,2785,703,8284,0,0,396,5081,332,2996,397,8077,California
Calaveras,2021-02-27,205,11274,22,2807,183,8467,0,0,181,5238,24,3020,181,8258,California
Calaveras,2021-02-28,97,11371,15,2822,82,8549,0,0,91,5324,5,3025,91,8349,California
Calaveras,2021-03-01,232,11603,42,2864,190,8739,0,0,149,5395,79,3104,150,8499,California
Calaveras,2021-03-02,250,11853,97,2961,153,8892,0,0,204,5557,43,3147,205,8704,California
Calaveras,2021-03-03,515,12368,105,3066,410,9302,0,0,213,5474,296,3443,213,8917,California
Calaveras,2021-03-04,745,13113,69,3135,675,9977,1,1,353,5446,383,3826,355,9272,California
Calaveras,2021-03-05,454,13567,271,3406,179,10156,4,5,140,5281,309,4135,144,9416,California
Calaveras,2021-03-06,154,13721,41,3447,107,10263,6,11,114,5361,40,4175,120,9536,California
Calaveras,2021-03-07,76,13797,32,3479,37,10300,7,18,34,5360,42,4217,41,9577,California
Calaveras,2021-03-08,163,13960,27,3506,128,10428,8,26,129,5464,33,4250,137,9714,California
Calaveras,2021-03-09,360,14320,136,3642,218,10646,6,32,32,5180,322,4572,38,9752,California
Calaveras,2021-03-10,420,14740,32,3674,385,11031,3,35,59,4888,354,4926,62,9814,California
Calaveras,2021-03-11,850,15590,423,4097,414,11445,13,48,431,4921,413,5339,446,10260,California
Calaveras,2021-03-12,401,15991,212,4309,179,11624,10,58,325,5187,75,5414,341,10601,California
Calaveras,2021-03-13,177,16168,15,4324,154,11778,8,66,140,5303,36,5450,152,10753,California
Calaveras,2021-03-14,155,16323,11,4335,143,11921,1,67,17,5190,138,5588,25,10778,California
Calaveras,2021-03-15,329,16652,48,4383,256,12177,25,92,52,4995,276,5864,81,10859,California
Calaveras,2021-03-16,690,17342,554,4937,116,12293,20,112,546,5419,142,6006,566,11425,California
Calaveras,2021-03-17,279,17621,52,4989,213,12506,14,126,49,5258,225,6231,64,11489,California
Calaveras,2021-03-18,665,18286,570,5559,79,12585,16,142,547,5705,118,6349,565,12054,California
Calaveras,2021-03-19,232,18518,50,5609,108,12693,74,216,58,5665,170,6519,130,12184,California
Calaveras,2021-03-20,78,18596,22,5631,55,12748,1,217,21,5631,57,6576,23,12207,California
Calaveras,2021-03-21,46,18642,30,5661,5,12753,11,228,11,5618,35,6611,22,12229,California
Calaveras,2021-03-22,80,18722,36,5697,23,12776,21,249,25,5609,55,6666,46,12275,California
Calaveras,2021-03-23,296,19018,205,5902,81,12857,10,259,118,5569,168,6834,128,12403,California
Calaveras,2021-03-24,136,19154,52,5954,74,12931,10,269,44,5533,90,6924,54,12457,California
Calaveras,2021-03-25,743,19897,103,6057,636,13567,4,273,446,5694,289,7213,450,12907,California
Calaveras,2021-03-26,427,20324,28,6085,393,13960,6,279,88,5454,336,7549,96,13003,California
Calaveras,2021-03-27,211,20535,18,6103,189,14149,4,283,37,5326,171,7720,43,13046,California
Calaveras,2021-03-28,112,20647,12,6115,98,14247,2,285,8,5234,103,7823,11,13057,California
Calaveras,2021-03-29,177,20824,23,6138,151,14398,3,288,57,5177,118,7941,61,13118,California
Calaveras,2021-03-30,538,21362,25,6163,496,14894,17,305,360,5377,177,8118,377,13495,California
Calaveras,2021-03-31,322,21684,142,6305,170,15064,10,315,155,5376,167,8285,166,13661,California
Calaveras,2021-04-01,685,22369,444,6749,240,15304,1,316,186,5071,496,8781,191,13852,California
Calaveras,2021-04-02,392,22761,229,6978,155,15459,8,324,116,4923,273,9054,125,13977,California
Calaveras,2021-04-03,144,22905,33,7011,107,15566,4,328,40,4863,104,9158,44,14021,California
Calaveras,2021-04-04,79,22984,25,7036,54,15620,0,328,50,4884,29,9187,50,14071,California
Calaveras,2021-04-05,213,23197,82,7118,121,15741,10,338,101,4883,112,9299,111,14182,California
Calaveras,2021-04-06,652,23849,574,7692,64,15805,14,352,112,4473,536,9835,126,14308,California
Calaveras,2021-04-07,756,24605,659,8351,61,15866,36,388,619,4992,137,9972,656,14964,California
Calaveras,2021-04-08,946,25551,856,9207,69,15935,21,409,437,4945,506,10478,459,15423,California
Calaveras,2021-04-09,155,25706,59,9266,48,15983,48,457,57,4954,97,10575,106,15529,California
Calaveras,2021-04-10,192,25898,43,9309,131,16114,18,475,149,5080,42,10617,168,15697,California
Calaveras,2021-04-11,68,25966,44,9353,22,16136,2,477,48,5110,20,10637,50,15747,California
Calaveras,2021-04-12,101,26067,46,9399,37,16173,18,495,55,5138,46,10683,74,15821,California
Calaveras,2021-04-13,423,26490,368,9767,55,16228,0,495,364,5446,58,10741,366,16187,California
Calaveras,2021-04-14,181,26671,29,9796,152,16380,0,495,135,5536,46,10787,136,16323,California
Calaveras,2021-04-15,337,27008,288,10084,49,16429,0,495,254,5710,80,10867,254,16577,California
Calaveras,2021-04-16,99,27107,24,10108,75,16504,0,495,46,5707,49,10916,46,16623,California
Calaveras,2021-04-17,330,27437,126,10234,204,16708,0,495,288,5953,42,10958,288,16911,California
Calaveras,2021-04-18,17,27454,6,10240,11,16719,0,495,11,5958,6,10964,11,16922,California
Calaveras,2021-04-19,73,27527,27,10267,46,16765,0,495,45,5977,27,10991,46,16968,California
Calaveras,2021-04-20,261,27788,92,10359,169,16934,0,495,194,6106,65,11056,194,17162,California
Calaveras,2021-04-21,214,28002,144,10503,70,17004,0,495,81,6057,131,11187,82,17244,California
Calaveras,2021-04-22,542,28544,96,10599,446,17450,0,495,141,5801,399,11586,143,17387,California
Calaveras,2021-04-23,157,28701,79,10678,78,17528,0,495,64,5775,90,11676,64,17451,California
Calaveras,2021-04-24,172,28873,36,10714,136,17664,0,495,129,5863,42,11718,130,17581,California
Calaveras,2021-04-25,43,28916,28,10742,15,17679,0,495,22,5866,21,11739,24,17605,California
Calaveras,2021-04-26,107,29023,66,10808,41,17720,0,495,33,5826,74,11813,34,17639,California
Calaveras,2021-04-27,430,29453,66,10874,351,18071,13,508,53,5518,374,12187,66,17705,California
Calaveras,2021-04-28,642,30095,575,11449,36,18107,31,539,51,5017,590,12777,89,17794,California
Calaveras,2021-04-29,512,30607,440,11889,53,18160,19,558,72,4674,439,13216,96,17890,California
Calaveras,2021-04-30,147,30754,58,11947,84,18244,5,563,65,4669,81,13297,76,17966,California
Calaveras,2021-05-01,199,30953,110,12057,87,18331,2,565,132,4741,66,13363,138,18104,California
Calaveras,2021-05-02,51,31004,34,12091,16,18347,1,566,19,4731,31,13394,21,18125,California
Calaveras,2021-05-03,92,31096,68,12159,19,18366,5,571,29,4706,63,13457,38,18163,California
Calaveras,2021-05-04,412,31508,329,12488,46,18412,37,608,41,4415,370,13827,79,18242,California
Calaveras,2021-05-05,112,31620,57,12545,23,18435,32,640,49,4433,62,13889,80,18322,California
Calaveras,2021-05-06,254,31874,194,12739,36,18471,24,664,47,4298,207,14096,72,18394,California
Calaveras,2021-05-07,83,31957,23,12762,54,18525,6,670,54,4329,29,14125,60,18454,California
Calaveras,2021-05-08,290,32247,141,12903,147,18672,2,672,92,4227,196,14321,94,18548,California
Calaveras,2021-05-09,28,32275,12,12915,13,18685,3,675,12,4226,16,14337,15,18563,California
Calaveras,2021-05-10,55,32330,25,12940,29,18714,1,676,24,4223,29,14366,26,18589,California
Calaveras,2021-05-11,128,32458,84,13024,31,18745,13,689,89,4288,38,14404,103,18692,California
Calaveras,2021-05-12,156,32614,36,13060,120,18865,0,689,44,4221,111,14515,44,18736,California
Calaveras,2021-05-13,113,32727,60,13120,38,18903,15,704,60,4244,52,14567,75,18811,California
Calaveras,2021-05-14,150,32877,93,13213,54,18957,3,707,101,4300,48,14615,104,18915,California
Calaveras,2021-05-15,265,33142,92,13305,170,19127,3,710,105,4254,154,14769,108,19023,California
Calaveras,2021-05-16,28,33170,11,13316,17,19144,0,710,13,4253,15,14784,14,19037,California
Calaveras,2021-05-17,87,33257,40,13356,40,19184,7,717,45,4265,41,14825,53,19090,California
Calaveras,2021-05-18,223,33480,60,13416,141,19325,22,739,71,4207,151,14976,93,19183,California
Calaveras,2021-05-19,146,33626,59,13475,82,19407,5,744,71,4210,74,15050,77,19260,California
Calaveras,2021-05-20,184,33810,73,13548,87,19494,24,768,62,4176,119,15169,85,19345,California
Calaveras,2021-05-21,79,33889,49,13597,26,19520,4,772,50,4202,27,15196,53,19398,California
Calaveras,2021-05-22,282,34171,157,13754,125,19645,0,772,141,4204,139,15335,141,19539,California
Calaveras,2021-05-23,18,34189,14,13768,4,19649,0,772,10,4206,8,15343,10,19549,California
Calaveras,2021-05-24,73,34262,37,13805,20,19669,16,788,31,4212,42,15385,48,19597,California
Calaveras,2021-05-25,121,34383,46,13851,58,19727,17,805,59,4226,62,15447,76,19673,California
Calaveras,2021-05-26,119,34502,86,13937,29,19756,4,809,82,4275,36,15483,85,19758,California
Calaveras,2021-05-27,83,34585,43,13980,36,19792,4,813,27,4254,53,15536,32,19790,California
Calaveras,2021-05-28,83,34668,43,14023,36,19828,4,817,41,4257,42,15578,45,19835,California
Calaveras,2021-05-29,68,34736,23,14046,40,19868,5,822,33,4261,34,15612,38,19873,California
Calaveras,2021-05-30,36,34772,14,14060,17,19885,5,827,11,4252,25,15637,16,19889,California
Calaveras,2021-05-31,5,34777,0,14060,3,19888,2,829,0,4249,5,15642,2,19891,California
Calaveras,2021-06-01,144,34921,97,14157,41,19929,6,835,45,4201,99,15741,51,19942,California
Calaveras,2021-06-02,62,34983,32,14189,26,19955,4,839,25,4193,37,15778,29,19971,California
Calaveras,2021-06-03,59,35042,34,14223,21,19976,4,843,27,4195,31,15809,33,20004,California
Calaveras,2021-06-04,50,35092,33,14256,17,19993,0,843,24,4193,26,15835,24,20028,California
Calaveras,2021-06-05,31,35123,18,14274,13,20006,0,843,12,4186,19,15854,12,20040,California
Calaveras,2021-06-06,22,35145,19,14293,3,20009,0,843,14,4192,8,15862,14,20054,California
Calaveras,2021-06-07,1,35146,0,14293,0,20009,1,844,0,4192,1,15863,1,20055,California
Colusa,2020-12-18,1,1,1,1,0,0,0,0,1,1,0,0,1,1,California
Colusa,2020-12-21,2,3,2,3,0,0,0,0,2,3,0,0,2,3,California
Colusa,2020-12-22,10,13,10,13,0,0,0,0,10,13,0,0,10,13,California
Colusa,2020-12-23,10,23,10,23,0,0,0,0,10,23,0,0,10,23,California
Colusa,2020-12-24,2,25,1,24,1,1,0,0,2,25,0,0,2,25,California
Colusa,2020-12-27,1,26,1,25,0,1,0,0,1,26,0,0,1,26,California
Colusa,2020-12-28,7,33,3,28,4,5,0,0,7,33,0,0,7,33,California
Colusa,2020-12-29,11,44,8,36,3,8,0,0,11,44,0,0,11,44,California
Colusa,2020-12-30,50,94,13,49,37,45,0,0,50,94,0,0,50,94,California
Colusa,2020-12-31,18,112,1,50,17,62,0,0,18,112,0,0,18,112,California
Colusa,2021-01-04,4,116,0,50,4,66,0,0,4,116,0,0,4,116,California
Colusa,2021-01-05,68,184,1,51,67,133,0,0,68,184,0,0,68,184,California
Colusa,2021-01-06,15,199,9,60,6,139,0,0,15,199,0,0,15,199,California
Colusa,2021-01-07,38,237,4,64,34,173,0,0,37,235,1,1,37,236,California
Colusa,2021-01-08,9,246,7,71,2,175,0,0,8,242,1,2,8,244,California
Colusa,2021-01-09,2,248,1,72,1,176,0,0,2,244,0,2,2,246,California
Colusa,2021-01-10,1,249,0,72,1,177,0,0,1,245,0,2,1,247,California
Colusa,2021-01-11,12,261,6,78,6,183,0,0,7,247,5,7,7,254,California
Colusa,2021-01-12,11,272,9,87,2,185,0,0,6,248,5,12,6,260,California
Colusa,2021-01-13,21,293,13,100,8,193,0,0,13,253,8,20,13,273,California
Colusa,2021-01-14,35,328,28,128,7,200,0,0,33,284,2,22,33,306,California
Colusa,2021-01-15,43,371,5,133,38,238,0,0,41,323,2,24,41,347,California
Colusa,2021-01-16,12,383,1,134,11,249,0,0,11,333,1,25,11,358,California
Colusa,2021-01-17,3,386,2,136,1,250,0,0,2,334,1,26,2,360,California
Colusa,2021-01-18,4,390,0,136,4,254,0,0,4,338,0,26,4,364,California
Colusa,2021-01-19,9,399,8,144,1,255,0,0,5,339,4,30,5,369,California
Colusa,2021-01-20,114,513,102,246,12,267,0,0,101,427,13,43,101,470,California
Colusa,2021-01-21,58,571,43,289,15,282,0,0,57,483,1,44,57,527,California
Colusa,2021-01-22,37,608,17,306,20,302,0,0,32,510,5,49,32,559,California
Colusa,2021-01-23,35,643,6,312,29,331,0,0,35,545,0,49,35,594,California
Colusa,2021-01-25,7,650,0,312,7,338,0,0,7,552,0,49,7,601,California
Colusa,2021-01-26,8,658,5,317,3,341,0,0,5,554,3,52,5,606,California
Colusa,2021-01-27,109,767,31,348,78,419,0,0,107,659,2,54,107,713,California
Colusa,2021-01-28,79,846,46,394,33,452,0,0,72,724,7,61,72,785,California
Colusa,2021-01-29,40,886,7,401,33,485,0,0,39,762,1,62,39,824,California
Colusa,2021-01-30,27,913,4,405,23,508,0,0,27,789,0,62,27,851,California
Colusa,2021-01-31,7,920,7,412,0,508,0,0,7,796,0,62,7,858,California
Colusa,2021-02-01,27,947,10,422,17,525,0,0,22,813,5,67,22,880,California
Colusa,2021-02-02,44,991,9,431,35,560,0,0,37,843,7,74,37,917,California
Colusa,2021-02-03,70,1061,11,442,59,619,0,0,59,891,11,85,59,976,California
Colusa,2021-02-04,143,1204,81,523,62,681,0,0,115,978,28,113,115,1091,California
Colusa,2021-02-05,29,1233,8,531,21,702,0,0,26,1001,3,116,26,1117,California
Colusa,2021-02-06,283,1516,9,540,274,976,0,0,272,1262,11,127,272,1389,California
Colusa,2021-02-07,2,1518,1,541,1,977,0,0,0,1260,2,129,0,1389,California
Colusa,2021-02-08,40,1558,5,546,35,1012,0,0,37,1294,3,132,37,1426,California
Colusa,2021-02-09,230,1788,14,560,216,1228,0,0,176,1416,54,186,176,1602,California
Colusa,2021-02-10,115,1903,41,601,74,1302,0,0,72,1445,43,229,72,1674,California
Colusa,2021-02-11,102,2005,39,640,63,1365,0,0,75,1493,27,256,75,1749,California
Colusa,2021-02-12,119,2124,9,649,110,1475,0,0,79,1531,41,297,79,1828,California
Colusa,2021-02-13,60,2184,8,657,52,1527,0,0,52,1575,8,305,52,1880,California
Colusa,2021-02-14,21,2205,8,665,13,1540,0,0,15,1584,6,311,15,1895,California
Colusa,2021-02-15,45,2250,10,675,35,1575,0,0,38,1615,7,318,38,1933,California
Colusa,2021-02-16,67,2317,4,679,63,1638,0,0,66,1680,1,319,66,1999,California
Colusa,2021-02-17,203,2520,143,822,60,1698,0,0,58,1593,145,464,58,2057,California
Colusa,2021-02-18,136,2656,36,858,100,1798,0,0,113,1683,23,487,113,2170,California
Colusa,2021-02-19,153,2809,19,877,134,1932,0,0,130,1790,23,510,130,2300,California
Colusa,2021-02-20,27,2836,5,882,22,1954,0,0,11,1785,16,526,11,2311,California
Colusa,2021-02-21,1,2837,1,883,0,1954,0,0,0,1784,1,527,0,2311,California
Colusa,2021-02-22,43,2880,26,909,17,1971,0,0,29,1799,14,541,29,2340,California
Colusa,2021-02-23,22,2902,7,916,15,1986,0,0,17,1811,5,546,17,2357,California
Colusa,2021-02-24,302,3204,55,971,247,2233,0,0,158,1825,144,690,158,2515,California
Colusa,2021-02-25,102,3306,55,1026,47,2280,0,0,66,1855,36,726,66,2581,California
Colusa,2021-02-26,96,3402,14,1040,82,2362,0,0,59,1877,37,763,59,2640,California
Colusa,2021-02-27,55,3457,4,1044,51,2413,0,0,40,1902,15,778,40,2680,California
Colusa,2021-02-28,27,3484,15,1059,12,2425,0,0,18,1911,9,787,18,2698,California
Colusa,2021-03-01,46,3530,15,1074,31,2456,0,0,29,1923,17,804,29,2727,California
Colusa,2021-03-02,49,3579,13,1087,36,2492,0,0,26,1926,23,827,26,2753,California
Colusa,2021-03-03,243,3822,43,1130,200,2692,0,0,186,2055,57,884,186,2939,California
Colusa,2021-03-04,140,3962,60,1190,80,2772,0,0,80,2075,60,944,80,3019,California
Colusa,2021-03-05,95,4057,25,1215,61,2833,9,9,53,2095,42,986,62,3081,California
Colusa,2021-03-06,272,4329,9,1224,263,3096,0,9,37,1897,235,1221,37,3118,California
Colusa,2021-03-07,8,4337,5,1229,3,3099,0,9,6,1901,2,1223,6,3124,California
Colusa,2021-03-08,89,4426,21,1250,33,3132,35,44,45,1937,44,1267,80,3204,California
Colusa,2021-03-09,276,4702,75,1325,178,3310,23,67,86,1856,190,1457,109,3313,California
Colusa,2021-03-10,290,4992,38,1363,216,3526,36,103,204,2010,86,1543,240,3553,California
Colusa,2021-03-11,419,5411,60,1423,338,3864,21,124,337,2284,82,1625,356,3909,California
Colusa,2021-03-12,109,5520,18,1441,78,3942,13,137,19,2226,90,1715,32,3941,California
Colusa,2021-03-13,60,5580,15,1456,36,3978,9,146,18,2211,42,1757,27,3968,California
Colusa,2021-03-14,20,5600,0,1456,18,3996,2,148,6,2206,13,1770,8,3976,California
Colusa,2021-03-15,71,5671,27,1483,36,4032,8,156,15,2173,56,1826,23,3999,California
Colusa,2021-03-16,296,5967,16,1499,234,4266,46,202,189,2301,107,1933,235,4234,California
Colusa,2021-03-17,193,6160,50,1549,143,4409,0,202,108,2324,85,2018,108,4342,California
Colusa,2021-03-18,324,6484,37,1586,216,4625,71,273,201,2473,123,2141,272,4614,California
Colusa,2021-03-19,78,6562,20,1606,56,4681,2,275,53,2503,25,2166,55,4669,California
Colusa,2021-03-20,49,6611,7,1613,41,4722,1,276,36,2527,13,2179,37,4706,California
Colusa,2021-03-21,6,6617,4,1617,2,4724,0,276,3,2527,3,2182,3,4709,California
Colusa,2021-03-22,62,6679,10,1627,43,4767,9,285,40,2554,22,2204,49,4758,California
Colusa,2021-03-23,81,6760,16,1643,63,4830,2,287,55,2585,26,2230,57,4815,California
Colusa,2021-03-24,341,7101,57,1700,278,5108,6,293,68,2385,273,2503,73,4888,California
Colusa,2021-03-25,107,7208,60,1760,42,5150,5,298,50,2383,57,2560,55,4943,California
Colusa,2021-03-26,298,7506,48,1808,246,5396,4,302,246,2581,52,2612,250,5193,California
Colusa,2021-03-27,64,7570,5,1813,59,5455,0,302,26,2569,38,2650,26,5219,California
Colusa,2021-03-28,16,7586,7,1820,9,5464,0,302,8,2569,8,2658,8,5227,California
Colusa,2021-03-29,73,7659,21,1841,46,5510,6,308,33,2568,40,2698,39,5266,California
Colusa,2021-03-30,151,7810,83,1924,66,5576,2,310,71,2561,80,2778,73,5339,California
Colusa,2021-03-31,234,8044,41,1965,193,5769,0,310,73,2474,160,2938,73,5412,California
Colusa,2021-04-01,435,8479,72,2037,308,6077,55,365,312,2718,122,3060,366,5778,California
Colusa,2021-04-02,83,8562,14,2051,55,6132,14,379,39,2727,44,3104,53,5831,California
Colusa,2021-04-03,61,8623,10,2061,28,6160,23,402,14,2716,47,3151,36,5867,California
Colusa,2021-04-04,18,8641,0,2061,8,6168,10,412,3,2714,15,3166,13,5880,California
Colusa,2021-04-05,97,8738,26,2087,55,6223,16,428,39,2711,58,3224,55,5935,California
Colusa,2021-04-06,130,8868,35,2122,45,6268,50,478,43,2717,87,3311,93,6028,California
Colusa,2021-04-07,358,9226,41,2163,294,6562,23,501,131,2645,227,3538,155,6183,California
Colusa,2021-04-08,425,9651,34,2197,365,6927,26,527,121,2491,301,3839,147,6330,California
Colusa,2021-04-09,77,9728,21,2218,32,6959,24,551,28,2494,49,3888,52,6382,California
Colusa,2021-04-10,44,9772,9,2227,14,6973,21,572,11,2493,33,3921,32,6414,California
Colusa,2021-04-11,17,9789,3,2230,12,6985,2,574,8,2494,9,3930,10,6424,California
Colusa,2021-04-12,32,9821,3,2233,29,7014,0,574,25,2512,7,3937,25,6449,California
Colusa,2021-04-13,278,10099,22,2255,256,7270,0,574,93,2421,184,4121,93,6542,California
Colusa,2021-04-14,94,10193,18,2273,76,7346,0,574,33,2393,61,4182,33,6575,California
Colusa,2021-04-15,325,10518,46,2319,279,7625,0,574,133,2334,192,4374,133,6708,California
Colusa,2021-04-16,79,10597,11,2330,68,7693,0,574,35,2326,43,4417,35,6743,California
Colusa,2021-04-17,51,10648,7,2337,44,7737,0,574,29,2333,22,4439,29,6772,California
Colusa,2021-04-18,9,10657,2,2339,7,7744,0,574,7,2338,2,4441,7,6779,California
Colusa,2021-04-19,61,10718,22,2361,39,7783,0,574,16,2309,45,4486,16,6795,California
Colusa,2021-04-20,178,10896,31,2392,147,7930,0,574,129,2389,49,4535,129,6924,California
Colusa,2021-04-21,170,11066,59,2451,111,8041,0,574,110,2439,60,4595,110,7034,California
Colusa,2021-04-22,420,11486,27,2478,392,8433,1,575,218,2456,201,4796,218,7252,California
Colusa,2021-04-23,92,11578,19,2497,73,8506,0,575,36,2436,56,4852,36,7288,California
Colusa,2021-04-24,241,11819,19,2516,221,8727,1,576,209,2613,32,4884,209,7497,California
Colusa,2021-04-25,12,11831,6,2522,6,8733,0,576,8,2617,4,4888,8,7505,California
Colusa,2021-04-26,24,11855,5,2527,18,8751,1,577,6,2606,17,4905,6,7511,California
Colusa,2021-04-27,94,11949,23,2550,67,8818,4,581,44,2604,50,4955,48,7559,California
Colusa,2021-04-28,189,12138,27,2577,159,8977,3,584,139,2697,49,5004,142,7701,California
Colusa,2021-04-29,319,12457,27,2604,288,9265,4,588,47,2478,270,5274,51,7752,California
Colusa,2021-04-30,65,12522,18,2622,47,9312,0,588,41,2495,24,5298,41,7793,California
Colusa,2021-05-01,19,12541,8,2630,8,9320,3,591,9,2497,10,5308,12,7805,California
Colusa,2021-05-02,4,12545,1,2631,2,9322,1,592,2,2498,2,5310,3,7808,California
Colusa,2021-05-03,31,12576,7,2638,24,9346,0,592,15,2497,16,5326,15,7823,California
Colusa,2021-05-04,95,12671,52,2690,42,9388,1,593,68,2539,27,5353,69,7892,California
Colusa,2021-05-05,79,12750,16,2706,62,9450,1,594,34,2529,45,5398,35,7927,California
Colusa,2021-05-06,254,13004,16,2722,236,9686,2,596,111,2499,143,5541,113,8040,California
Colusa,2021-05-07,67,13071,5,2727,58,9744,4,600,31,2498,36,5577,35,8075,California
Colusa,2021-05-08,17,13088,5,2732,12,9756,0,600,9,2499,8,5585,9,8084,California
Colusa,2021-05-09,13,13101,5,2737,5,9761,3,603,6,2501,7,5592,9,8093,California
Colusa,2021-05-10,16,13117,6,2743,10,9771,0,603,7,2499,9,5601,7,8100,California
Colusa,2021-05-11,92,13209,33,2776,59,9830,0,603,50,2507,42,5643,50,8150,California
Colusa,2021-05-12,71,13280,31,2807,36,9866,4,607,20,2480,51,5694,24,8174,California
Colusa,2021-05-13,239,13519,22,2829,216,10082,1,608,76,2394,163,5857,77,8251,California
Colusa,2021-05-14,86,13605,18,2847,53,10135,15,623,33,2390,52,5909,48,8299,California
Colusa,2021-05-15,37,13642,9,2856,26,10161,2,625,19,2393,18,5927,21,8320,California
Colusa,2021-05-16,22,13664,5,2861,10,10171,7,632,9,2396,13,5940,16,8336,California
Colusa,2021-05-17,24,13688,4,2865,18,10189,2,634,12,2398,12,5952,14,8350,California
Colusa,2021-05-18,98,13786,24,2889,72,10261,2,636,43,2388,55,6007,45,8395,California
Colusa,2021-05-19,217,14003,43,2932,154,10415,20,656,67,2325,150,6157,87,8482,California
Colusa,2021-05-20,281,14284,34,2966,243,10658,4,660,69,2186,212,6369,73,8555,California
Colusa,2021-05-21,68,14352,23,2989,43,10701,2,662,36,2192,32,6401,38,8593,California
Colusa,2021-05-22,214,14566,20,3009,194,10895,0,662,28,2034,186,6587,28,8621,California
Colusa,2021-05-23,15,14581,5,3014,6,10901,4,666,3,2029,12,6599,7,8628,California
Colusa,2021-05-24,26,14607,3,3017,18,10919,5,671,15,2038,11,6610,20,8648,California
Colusa,2021-05-25,132,14739,73,3090,57,10976,2,673,50,2008,82,6692,52,8700,California
Colusa,2021-05-26,71,14810,24,3114,47,11023,0,673,32,2001,39,6731,32,8732,California
Colusa,2021-05-27,170,14980,17,3131,153,11176,0,673,54,1939,116,6847,54,8786,California
Colusa,2021-05-28,80,15060,26,3157,53,11229,1,674,40,1940,40,6887,41,8827,California
Colusa,2021-05-29,37,15097,18,3175,18,11247,1,675,29,1962,8,6895,30,8857,California
Colusa,2021-05-30,8,15105,1,3176,2,11249,5,680,1,1961,7,6902,6,8863,California
Colusa,2021-05-31,4,15109,0,3176,4,11253,0,680,1,1959,3,6905,1,8864,California
Colusa,2021-06-01,53,15162,17,3193,35,11288,1,681,28,1964,24,6929,29,8893,California
Colusa,2021-06-02,146,15308,20,3213,124,11412,2,683,52,1925,93,7022,54,8947,California
Colusa,2021-06-03,63,15371,20,3233,42,11454,1,684,28,1922,32,7054,29,8976,California
Colusa,2021-06-04,57,15428,18,3251,36,11490,3,687,19,1907,37,7091,22,8998,California
Colusa,2021-06-05,34,15462,16,3267,17,11507,1,688,17,1908,17,7108,18,9016,California
Colusa,2021-06-06,7,15469,3,3270,3,11510,1,689,4,1910,3,7111,5,9021,California
Colusa,2021-06-07,15,15484,2,3272,13,11523,0,689,9,1913,6,7117,9,9030,California
Contra Costa,2020-12-15,18,18,18,18,0,0,0,0,18,18,0,0,18,18,California
Contra Costa,2020-12-16,523,541,523,541,0,0,0,0,523,541,0,0,523,541,California
Contra Costa,2020-12-17,1047,1588,1047,1588,0,0,0,0,1047,1588,0,0,1047,1588,California
Contra Costa,2020-12-18,1760,3348,1759,3347,1,1,0,0,1760,3348,0,0,1760,3348,California
Contra Costa,2020-12-19,1118,4466,1117,4464,1,2,0,0,1118,4466,0,0,1118,4466,California
Contra Costa,2020-12-20,598,5064,597,5061,1,3,0,0,598,5064,0,0,598,5064,California
Contra Costa,2020-12-21,1668,6732,1666,6727,2,5,0,0,1668,6732,0,0,1668,6732,California
Contra Costa,2020-12-22,1679,8411,1573,8300,106,111,0,0,1679,8411,0,0,1679,8411,California
Contra Costa,2020-12-23,1622,10033,1374,9674,248,359,0,0,1622,10033,0,0,1622,10033,California
Contra Costa,2020-12-24,662,10695,339,10013,323,682,0,0,662,10695,0,0,662,10695,California
Contra Costa,2020-12-25,40,10735,18,10031,22,704,0,0,40,10735,0,0,40,10735,California
Contra Costa,2020-12-26,656,11391,134,10165,522,1226,0,0,656,11391,0,0,656,11391,California
Contra Costa,2020-12-27,243,11634,86,10251,157,1383,0,0,243,11634,0,0,243,11634,California
Contra Costa,2020-12-28,1852,13486,869,11120,983,2366,0,0,1852,13486,0,0,1852,13486,California
Contra Costa,2020-12-29,1846,15332,825,11945,1021,3387,0,0,1846,15332,0,0,1846,15332,California
Contra Costa,2020-12-30,2416,17748,1216,13161,1200,4587,0,0,2415,17747,1,1,2416,17748,California
Contra Costa,2020-12-31,924,18672,307,13468,617,5204,0,0,923,18670,0,1,923,18671,California
Contra Costa,2021-01-01,64,18736,24,13492,40,5244,0,0,64,18734,0,1,64,18735,California
Contra Costa,2021-01-02,339,19075,174,13666,165,5409,0,0,339,19073,0,1,339,19074,California
Contra Costa,2021-01-03,180,19255,122,13788,58,5467,0,0,179,19252,0,1,179,19253,California
Contra Costa,2021-01-04,1918,21173,1256,15044,662,6129,0,0,1889,21114,27,28,1889,21142,California
Contra Costa,2021-01-05,2119,23292,1264,16308,855,6984,0,0,1833,22663,285,313,1834,22976,California
Contra Costa,2021-01-06,3308,26600,2268,18576,1040,8024,0,0,2494,24353,808,1121,2498,25474,California
Contra Costa,2021-01-07,3119,29719,2079,20655,1040,9064,0,0,1797,24833,1319,2440,1799,27273,California
Contra Costa,2021-01-08,3413,33132,2412,23067,1001,10065,0,0,1760,24949,1648,4088,1764,29037,California
Contra Costa,2021-01-09,1603,34735,1149,24216,454,10519,0,0,737,24823,865,4953,739,29776,California
Contra Costa,2021-01-10,368,35103,291,24507,77,10596,0,0,155,24765,213,5166,155,29931,California
Contra Costa,2021-01-11,3856,38959,3157,27664,699,11295,0,0,2230,25372,1626,6792,2233,32164,California
Contra Costa,2021-01-12,3936,42895,2956,30620,980,12275,0,0,2589,26618,1347,8139,2593,34757,California
Contra Costa,2021-01-13,4761,47656,2955,33575,1806,14081,0,0,3800,29462,957,9096,3801,38558,California
Contra Costa,2021-01-14,4340,51996,1574,35149,2766,16847,0,0,3953,33028,387,9483,3953,42511,California
Contra Costa,2021-01-15,5360,57356,2472,37621,2888,19735,0,0,5032,37737,327,9810,5036,47547,California
Contra Costa,2021-01-16,1735,59091,561,38182,1174,20909,0,0,1659,39320,76,9886,1659,49206,California
Contra Costa,2021-01-17,1663,60754,978,39160,685,21594,0,0,1541,40742,122,10008,1544,50750,California
Contra Costa,2021-01-18,3234,63988,1278,40438,1956,23550,0,0,2606,42727,622,10630,2607,53357,California
Contra Costa,2021-01-19,7084,71072,3170,43608,3914,27464,0,0,6075,47801,1006,11636,6080,59437,California
Contra Costa,2021-01-20,6719,77791,4138,47746,2581,30045,0,0,5480,52051,1235,12871,5485,64922,California
Contra Costa,2021-01-21,7007,84798,3111,50857,3896,33941,0,0,6273,57604,728,13599,6281,71203,California
Contra Costa,2021-01-22,6425,91223,2728,53585,3697,37638,0,0,5559,62309,857,14456,5562,76765,California
Contra Costa,2021-01-23,2055,93278,361,53946,1694,39332,0,0,1792,63842,261,14717,1794,78559,California
Contra Costa,2021-01-24,1600,94878,219,54165,1381,40713,0,0,1452,65150,148,14865,1456,80015,California
Contra Costa,2021-01-25,6722,101600,3051,57216,3671,44384,0,0,5137,68708,1583,16448,5141,85156,California
Contra Costa,2021-01-26,8185,109785,4725,61941,3460,47844,0,0,6307,73150,1870,18318,6312,91468,California
Contra Costa,2021-01-27,8257,118042,5437,67378,2820,50664,0,0,6393,77695,1852,20170,6397,97865,California
Contra Costa,2021-01-28,7513,125555,4097,71475,3416,54080,0,0,5889,81970,1618,21788,5893,103758,California
Contra Costa,2021-01-29,7499,133054,3908,75383,3591,57671,0,0,6171,86819,1324,23112,6173,109931,California
Contra Costa,2021-01-30,2155,135209,662,76045,1493,59164,0,0,1746,88163,402,23514,1746,111677,California
Contra Costa,2021-01-31,667,135876,438,76483,229,59393,0,0,574,88647,90,23604,574,112251,California
Contra Costa,2021-02-01,5896,141772,4103,80586,1793,61186,0,0,3984,90730,1904,25508,3987,116238,California
Contra Costa,2021-02-02,7627,149399,5110,85696,2517,63703,0,0,5916,94937,1710,27218,5917,122155,California
Contra Costa,2021-02-03,8339,157738,5509,91205,2830,66533,0,0,5658,97924,2672,29890,5659,127814,California
Contra Costa,2021-02-04,7569,165307,3603,94808,3966,70499,0,0,5799,101958,1768,31658,5802,133616,California
Contra Costa,2021-02-05,8487,173794,4837,99645,3650,74149,0,0,5779,105036,2701,34359,5779,139395,California
Contra Costa,2021-02-06,3510,177304,2174,101819,1336,75485,0,0,2853,107234,656,35015,2854,142249,California
Contra Costa,2021-02-07,993,178297,721,102540,272,75757,0,0,611,107464,381,35396,611,142860,California
Contra Costa,2021-02-08,5923,184220,3514,106054,2409,78166,0,0,4411,110371,1505,36901,4412,147272,California
Contra Costa,2021-02-09,8729,192949,4826,110880,3903,82069,0,0,5817,113284,2905,39806,5818,153090,California
Contra Costa,2021-02-10,8705,201654,4690,115570,4015,86084,0,0,5401,115400,3289,43095,5405,158495,California
Contra Costa,2021-02-11,9396,211050,4240,119810,5156,91240,0,0,5308,116631,4082,47177,5313,163808,California
Contra Costa,2021-02-12,10147,221197,4651,124461,5496,96736,0,0,5492,117478,4648,51825,5495,169303,California
Contra Costa,2021-02-13,4919,226116,1383,125844,3536,100272,0,0,3426,119415,1490,53315,3427,172730,California
Contra Costa,2021-02-14,2108,228224,868,126712,1240,101512,0,0,1226,119761,880,54195,1226,173956,California
Contra Costa,2021-02-15,4496,232720,2482,129194,2014,103526,0,0,2350,119974,2138,56333,2351,176307,California
Contra Costa,2021-02-16,10472,243192,4939,134133,5533,109059,0,0,4666,118846,5798,62131,4670,180977,California
Contra Costa,2021-02-17,12373,255565,6200,140333,6173,115232,0,0,5672,117833,6686,68817,5673,186650,California
Contra Costa,2021-02-18,11555,267120,6008,146341,5547,120779,0,0,5351,116993,6193,75010,5353,192003,California
Contra Costa,2021-02-19,11547,278667,7201,153542,4346,125125,0,0,5233,115928,6300,81310,5235,197238,California
Contra Costa,2021-02-20,6573,285240,2975,156517,3598,128723,0,0,4639,118651,1918,83228,4641,201879,California
Contra Costa,2021-02-21,2338,287578,1756,158273,582,129305,0,0,1579,119472,758,83986,1579,203458,California
Contra Costa,2021-02-22,7775,295353,5258,163531,2517,131822,0,0,3579,118872,4182,88168,3582,207040,California
Contra Costa,2021-02-23,12278,307631,7556,171087,4722,136544,0,0,6185,118985,6079,94247,6192,213232,California
Contra Costa,2021-02-24,10814,318445,7951,179038,2863,139407,0,0,5253,118696,5544,99791,5255,218487,California
Contra Costa,2021-02-25,11969,330414,7597,186635,4372,143779,0,0,5558,117869,6390,106181,5563,224050,California
Contra Costa,2021-02-26,11183,341597,7063,193698,4120,147899,0,0,5544,117790,5624,111805,5545,229595,California
Contra Costa,2021-02-27,6980,348577,4508,198206,2472,150371,0,0,4375,119570,2597,114402,4377,233972,California
Contra Costa,2021-02-28,4364,352941,3621,201827,742,151113,1,1,3683,122577,678,115080,3685,237657,California
Contra Costa,2021-03-01,8700,361641,6599,208426,2096,153209,5,6,5367,124634,3317,118397,5374,243031,California
Contra Costa,2021-03-02,10722,372363,6869,215295,3852,157061,1,7,5749,125428,4957,123354,5751,248782,California
Contra Costa,2021-03-03,11409,383772,7173,222468,4235,161296,1,8,6428,126891,4967,128321,6430,255212,California
Contra Costa,2021-03-04,12095,395867,7231,229699,4863,166159,1,9,6288,127393,5788,134109,6290,261502,California
Contra Costa,2021-03-05,11592,407459,6962,236661,4623,170782,7,16,6670,129166,4904,139013,6677,268179,California
Contra Costa,2021-03-06,7557,415016,4230,240891,3016,173798,311,327,4938,131806,2607,141620,5247,273426,California
Contra Costa,2021-03-07,3863,418879,2470,243361,1331,175129,62,389,3179,134365,682,142302,3241,276667,California
Contra Costa,2021-03-08,8320,427199,3947,247308,4064,179193,309,698,5592,137554,2716,145018,5905,282572,California
Contra Costa,2021-03-09,11234,438433,5964,253272,4973,184166,297,995,5889,138407,5335,150353,6188,288760,California
Contra Costa,2021-03-10,12548,450981,6290,259562,4750,188916,1508,2503,5723,138817,6812,157165,7222,295982,California
Contra Costa,2021-03-11,12628,463609,6639,266201,5423,194339,566,3069,6450,139679,6154,163319,7016,302998,California
Contra Costa,2021-03-12,12741,476350,5249,271450,6926,201265,566,3635,6354,140225,6370,169689,6916,309914,California
Contra Costa,2021-03-13,7935,484285,3190,274640,4314,205579,431,4066,3127,138988,4789,174478,3552,313466,California
Contra Costa,2021-03-14,4478,488763,2646,277286,1340,206919,492,4558,1712,138432,2758,177236,2202,315668,California
Contra Costa,2021-03-15,9542,498305,5181,282467,3595,210514,766,5324,4714,139100,4810,182046,5478,321146,California
Contra Costa,2021-03-16,14466,512771,8624,291091,5433,215947,409,5733,7147,139359,7296,189342,7555,328701,California
Contra Costa,2021-03-17,15197,527968,10510,301601,4468,220415,219,5952,8501,141412,6673,196015,8726,337427,California
Contra Costa,2021-03-18,15552,543520,8687,310288,6383,226798,482,6434,8591,143557,6926,202941,9071,346498,California
Contra Costa,2021-03-19,15767,559287,9115,319403,5237,232035,1415,7849,8169,145563,7580,210521,9586,356084,California
Contra Costa,2021-03-20,10828,570115,6501,325904,4011,236046,316,8165,5112,145295,5695,216216,5427,361511,California
Contra Costa,2021-03-21,4619,574734,4034,329938,487,236533,98,8263,1804,144391,2805,219021,1901,363412,California
Contra Costa,2021-03-22,11747,586481,8869,338807,2623,239156,255,8518,6826,146565,4904,223925,7078,370490,California
Contra Costa,2021-03-23,15783,602264,10890,349697,4722,243878,171,8689,9074,149131,6680,230605,9246,379736,California
Contra Costa,2021-03-24,15151,617415,11827,361524,3110,246988,214,8903,9161,152551,5957,236562,9377,389113,California
Contra Costa,2021-03-25,15486,632901,12088,373612,3107,250095,291,9194,9460,156309,5989,242551,9747,398860,California
Contra Costa,2021-03-26,15180,648081,10903,384515,3872,253967,405,9599,8705,158966,6448,248999,9105,407965,California
Contra Costa,2021-03-27,10641,658722,6923,391438,3203,257170,515,10114,5660,160163,4971,253970,6168,414133,California
Contra Costa,2021-03-28,4275,662997,3046,394484,1175,258345,54,10168,1631,159215,2633,256603,1685,415818,California
Contra Costa,2021-03-29,10998,673995,8584,403068,2296,260641,118,10286,6983,162323,3996,260599,7104,422922,California
Contra Costa,2021-03-30,16939,690934,9273,412341,6305,266946,1361,11647,10453,167666,6466,267065,11809,434731,California
Contra Costa,2021-03-31,18189,709123,12757,425098,3985,270931,1447,13094,11465,173893,6679,273744,12906,447637,California
Contra Costa,2021-04-01,17740,726863,12413,437511,3932,274863,1395,14489,11505,180586,6204,279948,12897,460534,California
Contra Costa,2021-04-02,17633,744496,12983,450494,3616,278479,1034,15523,11675,187346,5946,285894,12706,473240,California
Contra Costa,2021-04-03,10958,755454,6540,457034,2857,281336,1561,17084,6259,190477,4684,290578,7815,481055,California
Contra Costa,2021-04-04,3373,758827,1329,458363,1446,282782,598,17682,852,189412,2513,293091,1448,482503,California
Contra Costa,2021-04-05,12202,771029,7956,466319,3264,286046,982,18664,6626,191458,5562,298653,7608,490111,California
Contra Costa,2021-04-06,17432,788461,12080,478399,3057,289103,2295,20959,9765,195869,7646,306299,12057,502168,California
Contra Costa,2021-04-07,18681,807142,12655,491054,3198,292301,2828,23787,10587,201245,8072,314371,13448,515616,California
Contra Costa,2021-04-08,18826,825968,12547,503601,3346,295647,2933,26720,10085,205538,8714,323085,13007,528623,California
Contra Costa,2021-04-09,18980,844948,12104,515705,4368,300015,2508,29228,10155,209397,8796,331881,12655,541278,California
Contra Costa,2021-04-10,10620,855568,3831,519536,2195,302210,4594,33822,3299,209973,7304,339185,7880,549158,California
Contra Costa,2021-04-11,3385,858953,2019,521555,701,302911,665,34487,1134,209526,2245,341430,1798,550956,California
Contra Costa,2021-04-12,12056,871009,7953,529508,3027,305938,1076,35563,5663,209898,6375,347805,6747,557703,California
Contra Costa,2021-04-13,17902,888911,10990,540498,6905,312843,7,35570,11919,215874,5958,353763,11934,569637,California
Contra Costa,2021-04-14,17787,906698,11163,551661,6623,319466,1,35571,9864,217851,7897,361660,9874,579511,California
Contra Costa,2021-04-15,17618,924316,10825,562486,6792,326258,1,35572,8158,216600,9432,371092,8181,587692,California
Contra Costa,2021-04-16,16921,941237,10555,573041,6365,332623,1,35573,7583,214876,9315,380407,7591,595283,California
Contra Costa,2021-04-17,11483,952720,6320,579361,5163,337786,0,35573,6143,215702,5324,385731,6150,601433,California
Contra Costa,2021-04-18,2773,955493,2134,581495,639,338425,0,35573,1789,216516,975,386706,1789,603222,California
Contra Costa,2021-04-19,11442,966935,8541,590036,2901,341326,0,35573,3579,212262,7836,394542,3582,606804,California
Contra Costa,2021-04-20,16735,983670,10876,600912,5859,347185,0,35573,6252,208067,10452,404994,6257,613061,California
Contra Costa,2021-04-21,17417,1001087,14210,615122,3206,350391,1,35574,6175,203048,11202,416196,6183,619244,California
Contra Costa,2021-04-22,17251,1018338,13970,629092,3279,353670,2,35576,6078,197997,11140,427336,6089,625333,California
Contra Costa,2021-04-23,17085,1035423,13578,642670,3507,357177,0,35576,5506,191968,11543,438879,5514,630847,California
Contra Costa,2021-04-24,11010,1046433,8485,651155,2524,359701,1,35577,4215,189413,6774,445653,4219,635066,California
Contra Costa,2021-04-25,3292,1049725,2213,653368,1077,360778,2,35579,2080,190287,1211,446864,2085,637151,California
Contra Costa,2021-04-26,9999,1059724,8351,661719,1624,362402,24,35603,2982,186306,6999,453863,3018,640169,California
Contra Costa,2021-04-27,14643,1074367,10691,672410,3784,366186,168,35771,3970,179806,10649,464512,4149,644318,California
Contra Costa,2021-04-28,14286,1088653,11124,683534,2874,369060,288,36059,3822,173494,10429,474941,4117,648435,California
Contra Costa,2021-04-29,13486,1102139,10439,693973,2877,371937,170,36229,3219,166648,10240,485181,3394,651829,California
Contra Costa,2021-04-30,13767,1115906,10851,704824,2659,374596,257,36486,3111,159393,10627,495808,3372,655201,California
Contra Costa,2021-05-01,8064,1123970,5867,710691,1874,376470,323,36809,1920,155516,6120,501928,2243,657444,California
Contra Costa,2021-05-02,2347,1126317,1590,712281,675,377145,82,36891,987,155235,1350,503278,1069,658513,California
Contra Costa,2021-05-03,9139,1135456,8035,720316,927,378072,177,37068,1923,150136,7202,510480,2103,660616,California
Contra Costa,2021-05-04,14125,1149581,12190,732506,1606,379678,329,37397,2282,140929,11818,522298,2611,663227,California
Contra Costa,2021-05-05,12552,1162133,10826,743332,1526,381204,200,37597,2407,133420,10117,532415,2608,665835,California
Contra Costa,2021-05-06,10327,1172460,8576,751908,1414,382618,337,37934,1942,127347,8361,540776,2288,668123,California
Contra Costa,2021-05-07,9660,1182120,7760,759668,1674,384292,226,38160,2213,122368,7414,548190,2435,670558,California
Contra Costa,2021-05-08,5315,1187435,3999,763667,1147,385439,169,38329,1248,119738,4051,552241,1421,671979,California
Contra Costa,2021-05-09,2112,1189547,1779,765446,272,385711,61,38390,454,118600,1654,553895,516,672495,California
Contra Costa,2021-05-10,4936,1194483,3947,769393,771,386482,218,38608,1337,116577,3577,557472,1554,674049,California
Contra Costa,2021-05-11,8722,1203205,4538,773931,3955,390437,229,38837,1709,111528,6993,564465,1944,675993,California
Contra Costa,2021-05-12,9030,1212235,4582,778513,4202,394639,246,39083,1543,105863,7460,571925,1795,677788,California
Contra Costa,2021-05-13,11345,1223580,7501,786014,3660,398299,184,39267,3953,102637,7364,579289,4138,681926,California
Contra Costa,2021-05-14,12140,1235720,8083,794097,3780,402079,277,39544,5009,100817,7106,586395,5286,687212,California
Contra Costa,2021-05-15,9982,1245702,7235,801332,2628,404707,119,39663,4387,99744,5581,591976,4508,691720,California
Contra Costa,2021-05-16,2435,1248137,2129,803461,260,404967,46,39709,1090,99540,1339,593315,1135,692855,California
Contra Costa,2021-05-17,7037,1255174,5678,809139,1188,406155,171,39880,3552,99798,3466,596781,3724,696579,California
Contra Costa,2021-05-18,10215,1265389,6979,816118,3018,409173,218,40098,4450,98734,5736,602517,4672,701251,California
Contra Costa,2021-05-19,8449,1273838,6834,822952,1422,410595,193,40291,3834,98169,4596,607113,4031,705282,California
Contra Costa,2021-05-20,6584,1280422,5212,828164,1198,411793,174,40465,3042,97866,3521,610634,3218,708500,California
Contra Costa,2021-05-21,6494,1286916,4972,833136,1324,413117,198,40663,2953,97496,3519,614153,3149,711649,California
Contra Costa,2021-05-22,4570,1291486,3608,836744,794,413911,168,40831,2185,97483,2367,616520,2354,714003,California
Contra Costa,2021-05-23,915,1292401,596,837340,275,414186,44,40875,435,97486,475,616995,478,714481,California
Contra Costa,2021-05-24,4637,1297038,3838,841178,622,414808,177,41052,2183,97404,2444,619439,2362,716843,California
Contra Costa,2021-05-25,6252,1303290,5086,846264,916,415724,250,41302,2649,96717,3586,623025,2899,719742,California
Contra Costa,2021-05-26,5581,1308871,3580,849844,1815,417539,186,41488,1919,95181,3641,626666,2105,721847,California
Contra Costa,2021-05-27,3795,1312666,2685,852529,933,418472,177,41665,1628,94828,2153,628819,1800,723647,California
Contra Costa,2021-05-28,5343,1318009,3733,856262,1437,419909,173,41838,2237,94151,3085,631904,2408,726055,California
Contra Costa,2021-05-29,3236,1321245,2086,858348,1033,420942,117,41955,1614,94272,1610,633514,1731,727786,California
Contra Costa,2021-05-30,922,1322167,581,858929,313,421255,28,41983,361,94102,559,634073,389,728175,California
Contra Costa,2021-05-31,388,1322555,267,859196,110,421365,11,41994,129,93983,259,634332,140,728315,California
Contra Costa,2021-06-01,4783,1327338,3561,862757,1078,422443,144,42138,1729,92817,3039,637371,1873,730188,California
Contra Costa,2021-06-02,3414,1330752,2413,865170,854,423297,147,42285,1454,92467,1950,639321,1600,731788,California
Contra Costa,2021-06-03,5402,1336154,4504,869674,783,424080,115,42400,1600,90388,3794,643115,1715,733503,California
Contra Costa,2021-06-04,6333,1342487,5297,874971,897,424977,139,42539,1614,87444,4694,647809,1750,735253,California
Contra Costa,2021-06-05,5109,1347596,4323,879294,678,425655,108,42647,1085,84619,4017,651826,1192,736445,California
Contra Costa,2021-06-06,1324,1348920,1148,880442,146,425801,30,42677,360,84049,960,652786,390,736835,California
Contra Costa,2021-06-07,3296,1352216,3002,883444,233,426034,61,42738,913,82645,2379,655165,975,737810,California
Del Norte,2020-12-21,23,23,23,23,0,0,0,0,23,23,0,0,23,23,California
Del Norte,2020-12-22,46,69,46,69,0,0,0,0,46,69,0,0,46,69,California
Del Norte,2020-12-23,59,128,48,117,11,11,0,0,57,126,0,0,57,126,California
Del Norte,2020-12-28,34,162,34,151,0,11,0,0,34,160,0,0,34,160,California
Del Norte,2020-12-29,4,166,4,155,0,11,0,0,4,164,0,0,4,164,California
Del Norte,2020-12-30,68,234,56,211,12,23,0,0,68,232,0,0,68,232,California
Del Norte,2020-12-31,16,250,13,224,3,26,0,0,16,248,0,0,16,248,California
Del Norte,2021-01-04,102,352,49,273,53,79,0,0,102,350,0,0,102,350,California
Del Norte,2021-01-05,32,384,0,273,32,111,0,0,31,381,1,1,32,382,California
Del Norte,2021-01-06,77,461,18,291,59,170,0,0,77,458,0,1,77,459,California
Del Norte,2021-01-07,21,482,1,292,20,190,0,0,21,479,0,1,21,480,California
Del Norte,2021-01-08,78,560,7,299,71,261,0,0,78,557,0,1,78,558,California
Del Norte,2021-01-11,40,600,21,320,19,280,0,0,18,554,22,23,19,577,California
Del Norte,2021-01-12,51,651,32,352,19,299,0,0,30,563,21,44,30,607,California
Del Norte,2021-01-13,84,735,40,392,44,343,0,0,51,581,33,77,51,658,California
Del Norte,2021-01-14,53,788,14,406,39,382,0,0,47,622,6,83,47,705,California
Del Norte,2021-01-15,107,895,18,424,89,471,0,0,95,705,12,95,95,800,California
Del Norte,2021-01-17,1,896,1,425,0,471,0,0,1,706,0,95,1,801,California
Del Norte,2021-01-18,2,898,0,425,2,473,0,0,2,708,0,95,2,803,California
Del Norte,2021-01-19,119,1017,56,481,63,536,0,0,77,743,42,137,77,880,California
Del Norte,2021-01-20,160,1177,84,565,76,612,0,0,96,776,63,200,96,976,California
Del Norte,2021-01-21,43,1220,40,605,3,615,0,0,32,797,11,211,32,1008,California
Del Norte,2021-01-22,20,1240,17,622,3,618,0,0,13,803,7,218,13,1021,California
Del Norte,2021-01-23,1,1241,0,622,1,619,0,0,1,804,0,218,1,1022,California
Del Norte,2021-01-24,1,1242,0,622,1,620,0,0,1,805,0,218,1,1023,California
Del Norte,2021-01-25,100,1342,82,704,18,638,0,0,56,817,44,262,56,1079,California
Del Norte,2021-01-26,18,1360,11,715,7,645,0,0,7,813,11,273,7,1086,California
Del Norte,2021-01-27,64,1424,21,736,43,688,0,0,61,871,3,276,61,1147,California
Del Norte,2021-01-28,292,1716,20,756,272,960,0,0,287,1153,5,281,287,1434,California
Del Norte,2021-01-29,61,1777,21,777,40,1000,0,0,43,1178,18,299,43,1477,California
Del Norte,2021-01-30,8,1785,1,778,7,1007,0,0,8,1186,0,299,8,1485,California
Del Norte,2021-02-01,41,1826,1,779,40,1047,0,0,26,1197,15,314,26,1511,California
Del Norte,2021-02-02,140,1966,34,813,106,1153,0,0,73,1204,66,380,73,1584,California
Del Norte,2021-02-03,128,2094,42,855,86,1239,0,0,73,1222,55,435,73,1657,California
Del Norte,2021-02-04,69,2163,27,882,42,1281,0,0,40,1233,29,464,40,1697,California
Del Norte,2021-02-05,184,2347,22,904,162,1443,0,0,118,1286,65,529,118,1815,California
Del Norte,2021-02-06,310,2657,4,908,306,1749,0,0,310,1596,0,529,310,2125,California
Del Norte,2021-02-07,1,2658,0,908,1,1750,0,0,1,1597,0,529,1,2126,California
Del Norte,2021-02-08,36,2694,1,909,35,1785,0,0,32,1625,4,533,32,2158,California
Del Norte,2021-02-09,8,2702,5,914,3,1788,0,0,2,1621,6,539,2,2160,California
Del Norte,2021-02-10,142,2844,20,934,122,1910,0,0,86,1652,55,594,86,2246,California
Del Norte,2021-02-11,176,3020,58,992,118,2028,0,0,63,1602,113,707,63,2309,California
Del Norte,2021-02-12,121,3141,14,1006,107,2135,0,0,67,1615,54,761,67,2376,California
Del Norte,2021-02-13,2,3143,1,1007,1,2136,0,0,2,1617,0,761,2,2378,California
Del Norte,2021-02-14,3,3146,1,1008,2,2138,0,0,2,1618,1,762,2,2380,California
Del Norte,2021-02-15,5,3151,0,1008,5,2143,0,0,3,1619,2,764,3,2383,California
Del Norte,2021-02-16,132,3283,1,1009,131,2274,0,0,13,1513,119,883,13,2396,California
Del Norte,2021-02-17,92,3375,20,1029,72,2346,0,0,25,1471,67,950,25,2421,California
Del Norte,2021-02-18,77,3452,24,1053,53,2399,0,0,51,1496,26,976,51,2472,California
Del Norte,2021-02-19,43,3495,17,1070,26,2425,0,0,33,1519,10,986,33,2505,California
Del Norte,2021-02-20,8,3503,5,1075,3,2428,0,0,6,1523,2,988,6,2511,California
Del Norte,2021-02-22,2,3505,0,1075,2,2430,0,0,2,1525,0,988,2,2513,California
Del Norte,2021-02-23,105,3610,88,1163,17,2447,0,0,29,1479,76,1064,30,2543,California
Del Norte,2021-02-24,154,3764,100,1263,54,2501,0,0,79,1483,75,1139,79,2622,California
Del Norte,2021-02-25,477,4241,131,1394,346,2847,0,0,213,1434,262,1401,213,2835,California
Del Norte,2021-02-26,213,4454,176,1570,37,2884,0,0,167,1555,46,1447,167,3002,California
Del Norte,2021-02-27,149,4603,143,1713,5,2889,1,1,141,1689,8,1455,142,3144,California
Del Norte,2021-02-28,3,4606,0,1713,3,2892,0,1,3,1692,0,1455,3,3147,California
Del Norte,2021-03-01,29,4635,2,1715,27,2919,0,1,4,1672,24,1479,4,3151,California
Del Norte,2021-03-02,222,4857,142,1857,80,2999,0,1,188,1826,34,1513,188,3339,California
Del Norte,2021-03-03,167,5024,99,1956,68,3067,0,1,126,1911,41,1554,126,3465,California
Del Norte,2021-03-04,119,5143,82,2038,37,3104,0,1,91,1975,27,1581,91,3556,California
Del Norte,2021-03-05,122,5265,11,2049,111,3215,0,1,74,2001,48,1629,74,3630,California
Del Norte,2021-03-06,464,5729,77,2126,338,3553,49,50,163,1870,301,1930,170,3800,California
Del Norte,2021-03-07,2,5731,1,2127,1,3554,0,50,1,1870,1,1931,1,3801,California
Del Norte,2021-03-08,28,5759,0,2127,26,3580,2,52,4,1853,23,1954,6,3807,California
Del Norte,2021-03-09,194,5953,113,2240,78,3658,3,55,183,2028,11,1965,186,3993,California
Del Norte,2021-03-10,234,6187,96,2336,110,3768,28,83,134,2090,100,2065,162,4155,California
Del Norte,2021-03-11,151,6338,56,2392,90,3858,5,88,103,2150,48,2113,108,4263,California
Del Norte,2021-03-12,178,6516,89,2481,89,3947,0,88,125,2222,53,2166,125,4388,California
Del Norte,2021-03-13,94,6610,93,2574,1,3948,0,88,91,2310,3,2169,91,4479,California
Del Norte,2021-03-14,1,6611,0,2574,1,3949,0,88,1,2310,1,2170,1,4480,California
Del Norte,2021-03-15,38,6649,0,2574,38,3987,0,88,34,2340,4,2174,34,4514,California
Del Norte,2021-03-16,280,6929,134,2708,146,4133,0,88,260,2580,20,2194,260,4774,California
Del Norte,2021-03-17,284,7213,95,2803,187,4320,2,90,170,2638,114,2308,172,4946,California
Del Norte,2021-03-18,285,7498,107,2910,175,4495,3,93,149,2655,135,2443,152,5098,California
Del Norte,2021-03-19,267,7765,159,3069,102,4597,6,99,91,2576,176,2619,97,5195,California
Del Norte,2021-03-20,157,7922,154,3223,3,4600,0,99,15,2449,142,2761,15,5210,California
Del Norte,2021-03-21,4,7926,2,3225,2,4602,0,99,2,2449,2,2763,2,5212,California
Del Norte,2021-03-22,43,7969,3,3228,39,4641,1,100,39,2486,3,2766,40,5252,California
Del Norte,2021-03-23,333,8302,164,3392,151,4792,18,118,163,2498,168,2934,180,5432,California
Del Norte,2021-03-24,395,8697,106,3498,249,5041,40,158,234,2611,161,3095,274,5706,California
Del Norte,2021-03-25,192,8889,88,3586,104,5145,0,158,84,2588,107,3202,84,5790,California
Del Norte,2021-03-26,232,9121,113,3699,119,5264,0,158,195,2746,37,3239,195,5985,California
Del Norte,2021-03-27,107,9228,86,3785,4,5268,17,175,17,2690,90,3329,34,6019,California
Del Norte,2021-03-28,4,9232,2,3787,2,5270,0,175,1,2688,3,3332,1,6020,California
Del Norte,2021-03-29,57,9289,6,3793,34,5304,17,192,32,2712,25,3357,49,6069,California
Del Norte,2021-03-30,338,9627,119,3912,208,5512,11,203,126,2637,212,3569,137,6206,California
Del Norte,2021-03-31,355,9982,100,4012,238,5750,17,220,199,2699,154,3723,216,6422,California
Del Norte,2021-04-01,164,10146,58,4070,72,5822,34,254,69,2708,94,3817,103,6525,California
Del Norte,2021-04-02,233,10379,79,4149,105,5927,49,303,49,2623,184,4001,99,6624,California
Del Norte,2021-04-03,108,10487,83,4232,2,5929,23,326,5,2549,102,4103,28,6652,California
Del Norte,2021-04-04,4,10491,0,4232,0,5929,4,330,0,2549,4,4107,4,6656,California
Del Norte,2021-04-05,46,10537,5,4237,37,5966,4,334,40,2587,6,4113,44,6700,California
Del Norte,2021-04-06,379,10916,120,4357,222,6188,37,371,146,2542,229,4342,184,6884,California
Del Norte,2021-04-07,438,11354,115,4472,261,6449,62,433,290,2747,148,4490,353,7237,California
Del Norte,2021-04-08,228,11582,54,4526,106,6555,68,501,105,2797,123,4613,173,7410,California
Del Norte,2021-04-09,206,11788,46,4572,83,6638,77,578,99,2865,106,4719,174,7584,California
Del Norte,2021-04-10,47,11835,26,4598,4,6642,17,595,27,2889,20,4739,44,7628,California
Del Norte,2021-04-11,11,11846,3,4601,1,6643,7,602,1,2887,10,4749,8,7636,California
Del Norte,2021-04-12,27,11873,1,4602,9,6652,17,619,1,2880,25,4774,18,7654,California
Del Norte,2021-04-13,298,12171,50,4652,248,6900,0,619,155,2892,143,4917,155,7809,California
Del Norte,2021-04-14,329,12500,23,4675,306,7206,0,619,138,2844,191,5108,143,7952,California
Del Norte,2021-04-15,164,12664,31,4706,133,7339,0,619,45,2771,119,5227,46,7998,California
Del Norte,2021-04-16,162,12826,40,4746,122,7461,0,619,60,2730,102,5329,61,8059,California
Del Norte,2021-04-17,103,12929,72,4818,31,7492,0,619,98,2823,5,5334,98,8157,California
Del Norte,2021-04-18,5,12934,4,4822,1,7493,0,619,4,2826,1,5335,4,8161,California
Del Norte,2021-04-19,50,12984,6,4828,44,7537,0,619,8,2792,42,5377,8,8169,California
Del Norte,2021-04-20,206,13190,40,4868,166,7703,0,619,72,2730,134,5511,72,8241,California
Del Norte,2021-04-21,289,13479,24,4892,265,7968,0,619,65,2574,224,5735,68,8309,California
Del Norte,2021-04-22,114,13593,15,4907,99,8067,0,619,62,2584,52,5787,62,8371,California
Del Norte,2021-04-23,150,13743,22,4929,128,8195,0,619,39,2512,111,5898,39,8410,California
Del Norte,2021-04-24,25,13768,14,4943,11,8206,0,619,20,2527,5,5903,20,8430,California
Del Norte,2021-04-25,2,13770,0,4943,2,8208,0,619,2,2529,0,5903,2,8432,California
Del Norte,2021-04-26,31,13801,0,4943,31,8239,0,619,9,2516,22,5925,9,8441,California
Del Norte,2021-04-27,179,13980,19,4962,155,8394,5,624,49,2440,130,6055,54,8495,California
Del Norte,2021-04-28,351,14331,100,5062,246,8640,5,629,63,2222,287,6342,69,8564,California
Del Norte,2021-04-29,93,14424,6,5068,83,8723,4,633,26,2185,67,6409,30,8594,California
Del Norte,2021-04-30,84,14508,6,5074,68,8791,10,643,45,2201,39,6448,55,8649,California
Del Norte,2021-05-01,8,14516,3,5077,5,8796,0,643,6,2205,2,6450,6,8655,California
Del Norte,2021-05-02,8,14524,0,5077,8,8804,0,643,8,2213,0,6450,8,8663,California
Del Norte,2021-05-03,40,14564,3,5080,34,8838,3,646,2,2181,37,6487,5,8668,California
Del Norte,2021-05-04,222,14786,36,5116,181,9019,5,651,47,2058,175,6662,52,8720,California
Del Norte,2021-05-05,232,15018,19,5135,205,9224,8,659,57,1948,175,6837,65,8785,California
Del Norte,2021-05-06,112,15130,26,5161,73,9297,13,672,26,1901,86,6923,39,8824,California
Del Norte,2021-05-07,151,15281,28,5189,119,9416,4,676,31,1816,120,7043,35,8859,California
Del Norte,2021-05-08,64,15345,55,5244,7,9423,2,678,6,1766,58,7101,8,8867,California
Del Norte,2021-05-09,8,15353,3,5247,2,9425,3,681,2,1765,6,7107,5,8872,California
Del Norte,2021-05-10,25,15378,3,5250,18,9443,4,685,15,1774,10,7117,19,8891,California
Del Norte,2021-05-11,171,15549,49,5299,120,9563,2,687,34,1673,137,7254,36,8927,California
Del Norte,2021-05-12,149,15698,24,5323,115,9678,10,697,27,1589,121,7375,37,8964,California
Del Norte,2021-05-13,61,15759,29,5352,31,9709,1,698,33,1595,28,7403,34,8998,California
Del Norte,2021-05-14,76,15835,26,5378,49,9758,1,699,41,1602,35,7438,42,9040,California
Del Norte,2021-05-15,81,15916,53,5431,28,9786,0,699,53,1627,28,7466,53,9093,California
Del Norte,2021-05-16,11,15927,0,5431,11,9797,0,699,11,1638,0,7466,11,9104,California
Del Norte,2021-05-17,26,15953,3,5434,20,9817,3,702,15,1645,11,7477,18,9122,California
Del Norte,2021-05-18,125,16078,68,5502,57,9874,0,702,80,1680,45,7522,80,9202,California
Del Norte,2021-05-19,97,16175,14,5516,66,9940,17,719,39,1677,58,7580,55,9257,California
Del Norte,2021-05-20,96,16271,30,5546,63,10003,3,722,37,1659,58,7638,40,9297,California
Del Norte,2021-05-21,77,16348,32,5578,42,10045,3,725,40,1665,37,7675,43,9340,California
Del Norte,2021-05-22,22,16370,8,5586,14,10059,0,725,10,1663,12,7687,10,9350,California
Del Norte,2021-05-23,13,16383,5,5591,8,10067,0,725,6,1662,7,7694,6,9356,California
Del Norte,2021-05-24,26,16409,10,5601,16,10083,0,725,17,1670,9,7703,17,9373,California
Del Norte,2021-05-25,43,16452,5,5606,32,10115,6,731,14,1663,27,7730,20,9393,California
Del Norte,2021-05-26,114,16566,35,5641,72,10187,7,738,52,1661,61,7791,59,9452,California
Del Norte,2021-05-27,71,16637,27,5668,40,10227,4,742,34,1662,37,7828,38,9490,California
Del Norte,2021-05-28,50,16687,6,5674,36,10263,8,750,7,1634,43,7871,15,9505,California
Del Norte,2021-05-29,8,16695,0,5674,4,10267,4,754,3,1636,5,7876,7,9512,California
Del Norte,2021-05-30,6,16701,0,5674,6,10273,0,754,1,1632,5,7881,1,9513,California
Del Norte,2021-05-31,4,16705,2,5676,2,10275,0,754,3,1634,1,7882,3,9516,California
Del Norte,2021-06-01,52,16757,6,5682,39,10314,7,761,11,1611,41,7923,18,9534,California
Del Norte,2021-06-02,83,16840,12,5694,68,10382,3,764,20,1571,63,7986,23,9557,California
Del Norte,2021-06-03,59,16899,34,5728,23,10405,2,766,26,1566,33,8019,28,9585,California
Del Norte,2021-06-04,69,16968,24,5752,40,10445,5,771,20,1542,49,8068,25,9610,California
Del Norte,2021-06-05,3,16971,0,5752,1,10446,2,773,0,1541,3,8071,2,9612,California
Del Norte,2021-06-06,8,16979,4,5756,3,10449,1,774,6,1546,2,8073,7,9619,California
Del Norte,2021-06-07,24,17003,6,5762,16,10465,2,776,10,1544,14,8087,12,9631,California
El Dorado,2020-12-15,12,12,12,12,0,0,0,0,12,12,0,0,12,12,California
El Dorado,2020-12-16,40,52,40,52,0,0,0,0,40,52,0,0,40,52,California
El Dorado,2020-12-17,32,84,32,84,0,0,0,0,32,84,0,0,32,84,California
El Dorado,2020-12-18,262,346,262,346,0,0,0,0,262,346,0,0,262,346,California
El Dorado,2020-12-19,119,465,119,465,0,0,0,0,119,465,0,0,119,465,California
El Dorado,2020-12-20,87,552,87,552,0,0,0,0,87,552,0,0,87,552,California
El Dorado,2020-12-21,310,862,309,861,1,1,0,0,310,862,0,0,310,862,California
El Dorado,2020-12-22,242,1104,218,1079,24,25,0,0,242,1104,0,0,242,1104,California
El Dorado,2020-12-23,191,1295,141,1220,50,75,0,0,191,1295,0,0,191,1295,California
El Dorado,2020-12-24,86,1381,65,1285,21,96,0,0,86,1381,0,0,86,1381,California
El Dorado,2020-12-25,8,1389,8,1293,0,96,0,0,8,1389,0,0,8,1389,California
El Dorado,2020-12-26,45,1434,27,1320,18,114,0,0,45,1434,0,0,45,1434,California
El Dorado,2020-12-27,38,1472,34,1354,4,118,0,0,38,1472,0,0,38,1472,California
El Dorado,2020-12-28,215,1687,167,1521,48,166,0,0,215,1687,0,0,215,1687,California
El Dorado,2020-12-29,461,2148,144,1665,317,483,0,0,461,2148,0,0,461,2148,California
El Dorado,2020-12-30,509,2657,139,1804,370,853,0,0,509,2657,0,0,509,2657,California
El Dorado,2020-12-31,113,2770,71,1875,42,895,0,0,113,2770,0,0,113,2770,California
El Dorado,2021-01-01,6,2776,4,1879,2,897,0,0,6,2776,0,0,6,2776,California
El Dorado,2021-01-02,152,2928,140,2019,12,909,0,0,152,2928,0,0,152,2928,California
El Dorado,2021-01-03,93,3021,17,2036,76,985,0,0,93,3021,0,0,93,3021,California
El Dorado,2021-01-04,191,3212,63,2099,128,1113,0,0,189,3208,2,2,189,3210,California
El Dorado,2021-01-05,227,3439,73,2172,154,1267,0,0,210,3401,17,19,210,3420,California
El Dorado,2021-01-06,240,3679,167,2339,73,1340,0,0,175,3511,65,84,175,3595,California
El Dorado,2021-01-07,334,4013,137,2476,197,1537,0,0,257,3691,77,161,257,3852,California
El Dorado,2021-01-08,986,4999,509,2985,477,2014,0,0,765,4236,221,382,766,4618,California
El Dorado,2021-01-09,196,5195,159,3144,37,2051,0,0,125,4290,71,453,125,4743,California
El Dorado,2021-01-10,182,5377,131,3275,51,2102,0,0,109,4327,73,526,110,4853,California
El Dorado,2021-01-11,659,6036,292,3567,367,2469,0,0,459,4588,199,725,460,5313,California
El Dorado,2021-01-12,806,6842,424,3991,382,2851,0,0,556,4894,250,975,556,5869,California
El Dorado,2021-01-13,706,7548,299,4290,407,3258,0,0,542,5272,164,1139,542,6411,California
El Dorado,2021-01-14,795,8343,221,4511,574,3832,0,0,700,5877,95,1234,700,7111,California
El Dorado,2021-01-15,794,9137,185,4696,609,4441,0,0,720,6523,74,1308,720,7831,California
El Dorado,2021-01-16,176,9313,104,4800,72,4513,0,0,149,6645,27,1335,149,7980,California
El Dorado,2021-01-17,107,9420,50,4850,57,4570,0,0,89,6716,18,1353,89,8069,California
El Dorado,2021-01-18,427,9847,144,4994,283,4853,0,0,357,7003,70,1423,357,8426,California
El Dorado,2021-01-19,749,10596,447,5441,302,5155,0,0,598,7451,151,1574,599,9025,California
El Dorado,2021-01-20,1013,11609,689,6130,324,5479,0,0,899,8237,113,1687,899,9924,California
El Dorado,2021-01-21,1269,12878,681,6811,588,6067,0,0,1059,9128,169,1856,1060,10984,California
El Dorado,2021-01-22,1229,14107,833,7644,396,6463,0,0,1175,10250,53,1909,1175,12159,California
El Dorado,2021-01-23,729,14836,608,8252,121,6584,0,0,619,10759,110,2019,619,12778,California
El Dorado,2021-01-24,127,14963,77,8329,50,6634,0,0,107,10846,20,2039,107,12885,California
El Dorado,2021-01-25,703,15666,292,8621,411,7045,0,0,617,11377,86,2125,617,13502,California
El Dorado,2021-01-26,686,16352,372,8993,314,7359,0,0,579,11849,107,2232,579,14081,California
El Dorado,2021-01-27,994,17346,392,9385,602,7961,0,0,655,12164,340,2572,655,14736,California
El Dorado,2021-01-28,1106,18452,452,9837,654,8615,0,0,743,12544,363,2935,743,15479,California
El Dorado,2021-01-29,1049,19501,558,10395,491,9106,0,0,756,13009,292,3227,757,16236,California
El Dorado,2021-01-30,544,20045,289,10684,255,9361,0,0,447,13360,96,3323,447,16683,California
El Dorado,2021-01-31,240,20285,217,10901,23,9384,0,0,187,13495,52,3375,187,16870,California
El Dorado,2021-02-01,799,21084,368,11269,431,9815,0,0,652,14000,147,3522,652,17522,California
El Dorado,2021-02-02,845,21929,368,11637,477,10292,0,0,681,14517,164,3686,681,18203,California
El Dorado,2021-02-03,906,22835,477,12114,429,10721,0,0,696,15003,210,3896,696,18899,California
El Dorado,2021-02-04,1249,24084,703,12817,546,11267,0,0,874,15502,375,4271,874,19773,California
El Dorado,2021-02-05,1496,25580,605,13422,891,12158,0,0,869,15781,590,4861,869,20642,California
El Dorado,2021-02-06,638,26218,334,13756,304,12462,0,0,530,16204,108,4969,531,21173,California
El Dorado,2021-02-07,259,26477,178,13934,81,12543,0,0,193,16331,66,5035,193,21366,California
El Dorado,2021-02-08,890,27367,422,14356,468,13011,0,0,613,16667,277,5312,613,21979,California
El Dorado,2021-02-09,968,28335,543,14899,425,13436,0,0,542,16783,426,5738,542,22521,California
El Dorado,2021-02-10,1263,29598,737,15636,526,13962,0,0,664,16849,598,6336,664,23185,California
El Dorado,2021-02-11,2156,31754,893,16529,1263,15225,0,0,757,16211,1396,7732,758,23943,California
El Dorado,2021-02-12,1580,33334,827,17356,753,15978,0,0,676,15985,903,8635,677,24620,California
El Dorado,2021-02-13,974,34308,662,18018,312,16290,0,0,439,15890,534,9169,439,25059,California
El Dorado,2021-02-14,492,34800,155,18173,337,16627,0,0,401,16200,91,9260,401,25460,California
El Dorado,2021-02-15,1181,35981,383,18556,798,17425,0,0,819,16661,362,9622,823,26283,California
El Dorado,2021-02-16,1216,37197,535,19091,681,18106,0,0,677,16801,538,10160,678,26961,California
El Dorado,2021-02-17,957,38154,422,19513,535,18641,0,0,464,16774,493,10653,466,27427,California
El Dorado,2021-02-18,2096,40250,1024,20537,1072,19713,0,0,1063,16805,1032,11685,1063,28490,California
El Dorado,2021-02-19,1226,41476,657,21194,569,20282,0,0,688,16956,537,12222,688,29178,California
El Dorado,2021-02-20,942,42418,449,21643,493,20775,0,0,680,17379,257,12479,680,29858,California
El Dorado,2021-02-21,292,42710,234,21877,58,20833,0,0,105,17297,187,12666,105,29963,California
El Dorado,2021-02-22,884,43594,439,22316,445,21278,0,0,273,16960,610,13276,273,30236,California
El Dorado,2021-02-23,867,44461,488,22804,379,21657,0,0,355,16804,511,13787,355,30591,California
El Dorado,2021-02-24,1037,45498,446,23250,591,22248,0,0,432,16631,605,14392,432,31023,California
El Dorado,2021-02-25,1919,47417,1154,24404,765,23013,0,0,695,16111,1217,15609,697,31720,California
El Dorado,2021-02-26,2408,49825,1504,25908,904,23917,0,0,1620,16946,785,16394,1620,33340,California
El Dorado,2021-02-27,1709,51534,447,26355,1262,25179,0,0,1258,17756,448,16842,1258,34598,California
El Dorado,2021-02-28,655,52189,223,26578,432,25611,0,0,493,18088,162,17004,494,35092,California
El Dorado,2021-03-01,1168,53357,471,27049,695,26306,2,2,643,18209,524,17528,645,35737,California
El Dorado,2021-03-02,929,54286,273,27322,655,26961,1,3,484,18251,443,17971,485,36222,California
El Dorado,2021-03-03,1704,55990,469,27791,1235,28196,0,3,1160,18876,537,18508,1162,37384,California
El Dorado,2021-03-04,2526,58516,1551,29342,975,29171,0,3,1201,18755,1322,19830,1201,38585,California
El Dorado,2021-03-05,1596,60112,434,29776,1157,30328,5,8,1056,19282,534,20364,1061,39646,California
El Dorado,2021-03-06,743,60855,219,29995,491,30819,33,41,394,19361,348,20712,427,40073,California
El Dorado,2021-03-07,409,61264,199,30194,192,31011,18,59,247,19466,160,20872,265,40338,California
El Dorado,2021-03-08,1335,62599,367,30561,895,31906,73,132,864,19934,468,21340,936,41274,California
El Dorado,2021-03-09,994,63593,231,30792,694,32600,69,201,590,20204,389,21729,659,41933,California
El Dorado,2021-03-10,956,64549,348,31140,551,33151,57,258,552,20414,398,22127,608,42541,California
El Dorado,2021-03-11,3028,67577,1837,32977,1004,34155,187,445,1285,20162,1722,23849,1470,44011,California
El Dorado,2021-03-12,1799,69376,623,33600,926,35081,250,695,742,20115,1039,24888,992,45003,California
El Dorado,2021-03-13,1075,70451,350,33950,441,35522,284,979,371,20067,700,25588,652,45655,California
El Dorado,2021-03-14,796,71247,204,34154,482,36004,110,1089,275,19931,521,26109,385,46040,California
El Dorado,2021-03-15,1404,72651,301,34455,976,36980,127,1216,612,19883,788,26897,740,46780,California
El Dorado,2021-03-16,1233,73884,419,34874,670,37650,144,1360,564,19927,664,27561,708,47488,California
El Dorado,2021-03-17,1131,75015,363,35237,670,38320,98,1458,732,20359,398,27959,830,48318,California
El Dorado,2021-03-18,3010,78025,1783,37020,1184,39504,43,1501,1983,21366,1019,28978,2026,50344,California
El Dorado,2021-03-19,1123,79148,360,37380,611,40115,152,1653,625,21644,498,29476,776,51120,California
El Dorado,2021-03-20,953,80101,267,37647,670,40785,16,1669,369,21457,572,30048,385,51505,California
El Dorado,2021-03-21,1030,81131,422,38069,603,41388,5,1674,918,22270,110,30158,923,52428,California
El Dorado,2021-03-22,1508,82639,488,38557,938,42326,82,1756,1186,23221,317,30475,1268,53696,California
El Dorado,2021-03-23,1162,83801,461,39018,605,42931,96,1852,740,23646,411,30886,836,54532,California
El Dorado,2021-03-24,1464,85265,635,39653,636,43567,193,2045,664,23730,773,31659,857,55389,California
El Dorado,2021-03-25,2516,87781,1687,41340,722,44289,107,2152,1374,24076,1136,32795,1482,56871,California
El Dorado,2021-03-26,1825,89606,702,42042,1013,45302,110,2262,925,24235,877,33672,1036,57907,California
El Dorado,2021-03-27,1338,90944,189,42231,1144,46446,5,2267,317,23542,1015,34687,322,58229,California
El Dorado,2021-03-28,640,91584,184,42415,445,46891,11,2278,166,23249,470,35157,177,58406,California
El Dorado,2021-03-29,1323,92907,432,42847,875,47766,16,2294,826,23597,494,35651,842,59248,California
El Dorado,2021-03-30,1367,94274,416,43263,855,48621,96,2390,686,23703,673,36324,779,60027,California
El Dorado,2021-03-31,1565,95839,582,43845,918,49539,65,2455,695,23593,868,37192,758,60785,California
El Dorado,2021-04-01,3241,99080,1767,45612,1391,50930,83,2538,1538,23514,1701,38893,1622,62407,California
El Dorado,2021-04-02,1897,100977,566,46178,1236,52166,95,2633,748,23214,1143,40036,843,63250,California
El Dorado,2021-04-03,749,101726,297,46475,332,52498,120,2753,228,23044,518,40554,348,63598,California
El Dorado,2021-04-04,272,101998,83,46558,142,52640,47,2800,97,23014,174,40728,144,63742,California
El Dorado,2021-04-05,1422,103420,422,46980,906,53546,94,2894,592,22874,825,41553,685,64427,California
El Dorado,2021-04-06,1417,104837,524,47504,674,54220,219,3113,452,22581,961,42514,668,65095,California
El Dorado,2021-04-07,1599,106436,568,48072,582,54802,449,3562,562,22555,1034,43548,1008,66103,California
El Dorado,2021-04-08,2703,109139,1747,49819,720,55522,236,3798,1124,22344,1571,45119,1360,67463,California
El Dorado,2021-04-09,1435,110574,453,50272,762,56284,220,4018,572,22272,860,45979,788,68251,California
El Dorado,2021-04-10,821,111395,224,50496,487,56771,110,4128,474,22511,344,46323,583,68834,California
El Dorado,2021-04-11,707,112102,456,50952,235,57006,16,4144,209,22239,497,46820,225,69059,California
El Dorado,2021-04-12,1294,113396,504,51456,640,57646,150,4294,568,22238,719,47539,718,69777,California
El Dorado,2021-04-13,1125,114521,615,52071,510,58156,0,4294,508,22133,613,48152,508,70285,California
El Dorado,2021-04-14,1094,115615,468,52539,625,58781,1,4295,387,21827,694,48846,388,70673,California
El Dorado,2021-04-15,2493,118108,1679,54218,814,59595,0,4295,951,21241,1539,50385,953,71626,California
El Dorado,2021-04-16,1477,119585,524,54742,953,60548,0,4295,606,20981,867,51252,607,72233,California
El Dorado,2021-04-17,802,120387,203,54945,599,61147,0,4295,497,21176,302,51554,497,72730,California
El Dorado,2021-04-18,991,121378,88,55033,903,62050,0,4295,393,20972,597,52151,393,73123,California
El Dorado,2021-04-19,1718,123096,437,55470,1281,63331,0,4295,691,20642,1021,53172,691,73814,California
El Dorado,2021-04-20,1107,124203,359,55829,748,64079,0,4295,457,20454,646,53818,458,74272,California
El Dorado,2021-04-21,1160,125363,466,56295,690,64769,4,4299,592,20487,560,54378,593,74865,California
El Dorado,2021-04-22,2551,127914,1679,57974,872,65641,0,4299,1067,20072,1482,55860,1067,75932,California
El Dorado,2021-04-23,1408,129322,499,58473,909,66550,0,4299,720,20108,685,56545,721,76653,California
El Dorado,2021-04-24,973,130295,521,58994,452,67002,0,4299,737,20611,234,56779,737,77390,California
El Dorado,2021-04-25,655,130950,450,59444,205,67207,0,4299,469,20894,186,56965,469,77859,California
El Dorado,2021-04-26,1177,132127,472,59916,688,67895,17,4316,551,20838,623,57588,567,78426,California
El Dorado,2021-04-27,1087,133214,398,60314,658,68553,31,4347,487,20763,593,58181,518,78944,California
El Dorado,2021-04-28,1068,134282,355,60669,673,69226,40,4387,434,20604,633,58814,474,79418,California
El Dorado,2021-04-29,1983,136265,1359,62028,592,69818,32,4419,587,19829,1394,60208,619,80037,California
El Dorado,2021-04-30,2125,138390,1337,63365,747,70565,41,4460,1363,20482,750,60958,1403,81440,California
El Dorado,2021-05-01,612,139002,279,63644,306,70871,27,4487,275,20454,330,61288,302,81742,California
El Dorado,2021-05-02,302,139304,216,63860,57,70928,29,4516,100,20383,199,61487,128,81870,California
El Dorado,2021-05-03,821,140125,399,64259,372,71300,50,4566,274,20165,543,62030,325,82195,California
El Dorado,2021-05-04,881,141006,434,64693,388,71688,59,4625,313,19973,564,62594,372,82567,California
El Dorado,2021-05-05,879,141885,436,65129,370,72058,73,4698,417,20003,460,63054,490,83057,California
El Dorado,2021-05-06,1115,143000,485,65614,583,72641,47,4745,472,19881,637,63691,515,83572,California
El Dorado,2021-05-07,981,143981,375,65989,548,73189,58,4803,401,19759,580,64271,458,84030,California
El Dorado,2021-05-08,488,144469,153,66142,298,73487,37,4840,187,19684,299,64570,224,84254,California
El Dorado,2021-05-09,221,144690,82,66224,112,73599,27,4867,103,19697,117,64687,130,84384,California
El Dorado,2021-05-10,828,145518,273,66497,496,74095,59,4926,240,19415,579,65266,297,84681,California
El Dorado,2021-05-11,663,146181,290,66787,320,74415,53,4979,290,19389,370,65636,344,85025,California
El Dorado,2021-05-12,588,146769,309,67096,244,74659,35,5014,239,19315,349,65985,275,85300,California
El Dorado,2021-05-13,1139,147908,732,67828,370,75029,37,5051,392,19002,741,66726,428,85728,California
El Dorado,2021-05-14,1404,149312,811,68639,510,75539,83,5134,677,19040,722,67448,760,86488,California
El Dorado,2021-05-15,899,150211,553,69192,289,75828,57,5191,316,18830,583,68031,373,86861,California
El Dorado,2021-05-16,662,150873,461,69653,175,76003,26,5217,230,18654,432,68463,256,87117,California
El Dorado,2021-05-17,1565,152438,663,70316,853,76856,49,5266,564,18269,997,69460,612,87729,California
El Dorado,2021-05-18,1013,153451,509,70825,450,77306,54,5320,441,18193,571,70031,495,88224,California
El Dorado,2021-05-19,814,154265,330,71155,431,77737,53,5373,318,18073,490,70521,370,88594,California
El Dorado,2021-05-20,1045,155310,607,71762,389,78126,49,5422,409,17897,633,71154,457,89051,California
El Dorado,2021-05-21,2199,157509,1677,73439,498,78624,24,5446,766,17258,1429,72583,790,89841,California
El Dorado,2021-05-22,578,158087,154,73593,408,79032,16,5462,197,17091,380,72963,213,90054,California
El Dorado,2021-05-23,203,158290,94,73687,89,79121,20,5482,70,17050,131,73094,90,90144,California
El Dorado,2021-05-24,882,159172,452,74139,362,79483,68,5550,317,16872,561,73655,383,90527,California
El Dorado,2021-05-25,606,159778,254,74393,316,79799,36,5586,233,16771,370,74025,269,90796,California
El Dorado,2021-05-26,794,160572,388,74781,382,80181,24,5610,280,16562,513,74538,304,91100,California
El Dorado,2021-05-27,623,161195,245,75026,344,80525,34,5644,317,16608,304,74842,350,91450,California
El Dorado,2021-05-28,729,161924,252,75278,413,80938,64,5708,308,16562,418,75260,372,91822,California
El Dorado,2021-05-29,386,162310,107,75385,263,81201,16,5724,169,16530,217,75477,185,92007,California
El Dorado,2021-05-30,171,162481,100,75485,57,81258,14,5738,83,16539,88,75565,97,92104,California
El Dorado,2021-05-31,36,162517,11,75496,14,81272,11,5749,8,16530,28,75593,19,92123,California
El Dorado,2021-06-01,674,163191,288,75784,348,81620,38,5787,234,16365,437,76030,272,92395,California
El Dorado,2021-06-02,621,163812,297,76081,274,81894,50,5837,268,16331,352,76382,318,92713,California
El Dorado,2021-06-03,724,164536,338,76419,345,82239,41,5878,223,16095,501,76883,265,92978,California
El Dorado,2021-06-04,852,165388,500,76919,319,82558,33,5911,175,15628,675,77558,208,93186,California
El Dorado,2021-06-05,356,165744,204,77123,140,82698,12,5923,74,15434,280,77838,86,93272,California
El Dorado,2021-06-06,251,165995,171,77294,67,82765,13,5936,48,15292,202,78040,60,93332,California
El Dorado,2021-06-07,395,166390,268,77562,119,82884,8,5944,99,15109,290,78330,107,93439,California
Fresno,2020-12-15,2,2,2,2,0,0,0,0,2,2,0,0,2,2,California
Fresno,2020-12-16,125,127,125,127,0,0,0,0,125,127,0,0,125,127,California
Fresno,2020-12-17,123,250,123,250,0,0,0,0,123,250,0,0,123,250,California
Fresno,2020-12-18,348,598,348,598,0,0,0,0,348,598,0,0,348,598,California
Fresno,2020-12-19,161,759,161,759,0,0,0,0,161,759,0,0,161,759,California
Fresno,2020-12-20,258,1017,256,1015,2,2,0,0,258,1017,0,0,258,1017,California
Fresno,2020-12-21,924,1941,922,1937,2,4,0,0,954,1971,0,0,954,1971,California
Fresno,2020-12-22,902,2843,872,2809,30,34,0,0,906,2877,0,0,906,2877,California
Fresno,2020-12-23,1087,3930,1046,3855,41,75,0,0,1088,3965,0,0,1088,3965,California
Fresno,2020-12-24,592,4522,566,4421,26,101,0,0,592,4557,0,0,592,4557,California
Fresno,2020-12-25,2,4524,1,4422,1,102,0,0,2,4559,0,0,2,4559,California
Fresno,2020-12-26,723,5247,714,5136,9,111,0,0,723,5282,0,0,723,5282,California
Fresno,2020-12-27,305,5552,208,5344,97,208,0,0,305,5587,0,0,305,5587,California
Fresno,2020-12-28,1097,6649,804,6148,293,501,0,0,1097,6684,0,0,1097,6684,California
Fresno,2020-12-29,1758,8407,998,7146,760,1261,0,0,1756,8439,1,1,1756,8440,California
Fresno,2020-12-30,982,9389,444,7590,538,1799,0,0,982,9421,0,1,982,9422,California
Fresno,2020-12-31,922,10311,310,7900,612,2411,0,0,921,10342,0,1,921,10343,California
Fresno,2021-01-01,9,10320,3,7903,6,2417,0,0,9,10351,0,1,9,10352,California
Fresno,2021-01-02,1029,11349,714,8617,315,2732,0,0,1029,11380,0,1,1029,11381,California
Fresno,2021-01-03,155,11504,129,8746,26,2758,0,0,155,11535,0,1,155,11536,California
Fresno,2021-01-04,622,12126,377,9123,245,3003,0,0,622,12157,0,1,622,12158,California
Fresno,2021-01-05,780,12906,311,9434,469,3472,0,0,706,12789,74,75,706,12864,California
Fresno,2021-01-06,986,13892,348,9782,638,4110,0,0,810,13423,176,251,810,13674,California
Fresno,2021-01-07,1897,15789,918,10700,979,5089,0,0,1643,14815,254,505,1646,15320,California
Fresno,2021-01-08,1786,17575,612,11312,1174,6263,0,0,1422,15875,362,867,1422,16742,California
Fresno,2021-01-09,638,18213,390,11702,248,6511,0,0,360,15957,278,1145,360,17102,California
Fresno,2021-01-10,517,18730,487,12189,30,6541,0,0,204,15848,313,1458,204,17306,California
Fresno,2021-01-11,2214,20944,1806,13995,408,6949,0,0,1521,16679,693,2151,1524,18830,California
Fresno,2021-01-12,2519,23463,1823,15818,696,7645,0,0,1671,17502,850,3001,1673,20503,California
Fresno,2021-01-13,3556,27019,2436,18254,1120,8765,0,0,2703,19355,853,3854,2706,23209,California
Fresno,2021-01-14,4137,31156,2182,20436,1955,10720,0,0,3664,22547,472,4326,3664,26873,California
Fresno,2021-01-15,3660,34816,2529,22965,1131,11851,0,0,3301,25493,359,4685,3305,30178,California
Fresno,2021-01-16,3138,37954,2300,25265,838,12689,0,0,2672,27702,465,5150,2674,32852,California
Fresno,2021-01-17,979,38933,557,25822,422,13111,0,0,779,28281,200,5350,779,33631,California
Fresno,2021-01-18,3075,42008,2369,28191,706,13817,0,0,2418,30046,655,6005,2420,36051,California
Fresno,2021-01-19,4404,46412,2624,30815,1780,15597,0,0,3686,33018,718,6723,3690,39741,California
Fresno,2021-01-20,3017,49429,1210,32025,1807,17404,0,0,2704,35414,311,7034,2707,42448,California
Fresno,2021-01-21,4388,53817,2031,34056,2357,19761,0,0,4028,39111,337,7371,4034,46482,California
Fresno,2021-01-22,3296,57113,1343,35399,1953,21714,0,0,2912,41656,368,7739,2913,49395,California
Fresno,2021-01-23,3049,60162,1976,37375,1073,22787,0,0,2323,43259,725,8464,2328,51723,California
Fresno,2021-01-24,558,60720,377,37752,181,22968,0,0,352,43407,206,8670,354,52077,California
Fresno,2021-01-25,2440,63160,865,38617,1575,24543,0,0,1864,44698,576,9246,1867,53944,California
Fresno,2021-01-26,2081,65241,589,39206,1492,26035,0,0,1321,45263,758,10004,1323,55267,California
Fresno,2021-01-27,2323,67564,1153,40359,1170,27205,0,0,1746,46436,576,10580,1749,57016,California
Fresno,2021-01-28,4542,72106,3050,43409,1492,28697,0,0,3472,48844,1067,11647,3475,60491,California
Fresno,2021-01-29,1713,73819,983,44392,730,29427,0,0,1413,49962,296,11943,1414,61905,California
Fresno,2021-01-30,1447,75266,546,44938,901,30328,0,0,1029,50573,418,12361,1029,62934,California
Fresno,2021-01-31,229,75495,218,45156,11,30339,0,0,75,50494,154,12515,75,63009,California
Fresno,2021-02-01,3341,78836,1667,46823,1674,32013,0,0,1784,50732,1556,14071,1794,64803,California
Fresno,2021-02-02,2726,81562,555,47378,2171,34184,0,0,1583,51203,1128,15199,1599,66402,California
Fresno,2021-02-03,3556,85118,2104,49482,1452,35636,0,0,1543,50743,2004,17203,1544,67946,California
Fresno,2021-02-04,4191,89309,1891,51373,2300,37936,0,0,1927,50441,2234,19437,1932,69878,California
Fresno,2021-02-05,5343,94652,2727,54100,2616,40552,0,0,2307,49721,3031,22468,2311,72189,California
Fresno,2021-02-06,2928,97580,2039,56139,889,41441,0,0,968,48738,1952,24420,969,73158,California
Fresno,2021-02-07,468,98048,286,56425,182,41623,0,0,273,48817,194,24614,273,73431,California
Fresno,2021-02-08,4276,102324,2288,58713,1988,43611,0,0,1814,48190,2450,27064,1823,75254,California
Fresno,2021-02-09,5327,107651,2090,60803,3237,46848,0,0,3114,49175,2138,29202,3123,78377,California
Fresno,2021-02-10,3891,111542,1235,62038,2656,49504,0,0,1991,49330,1848,31050,2003,80380,California
Fresno,2021-02-11,6449,117991,2089,64127,4360,53864,0,0,3351,49606,3080,34130,3356,83736,California
Fresno,2021-02-12,5396,123387,1384,65511,4012,57876,0,0,2732,49702,2645,36775,2741,86477,California
Fresno,2021-02-13,3741,127128,1560,67071,2181,60057,0,0,2078,50134,1651,38426,2083,88560,California
Fresno,2021-02-14,1565,128693,283,67354,1282,61339,0,0,839,50250,725,39151,841,89401,California
Fresno,2021-02-15,2892,131585,268,67622,2624,63963,0,0,1794,50954,1094,40245,1798,91199,California
Fresno,2021-02-16,6687,138272,2402,70024,4285,68248,0,0,4233,52756,2437,42682,4239,95438,California
Fresno,2021-02-17,5326,143598,2446,72470,2880,71128,0,0,2987,53451,2296,44978,2991,98429,California
Fresno,2021-02-18,6849,150447,2895,75365,3954,75082,0,0,2579,51814,4227,49205,2590,101019,California
Fresno,2021-02-19,3834,154281,1098,76463,2736,77818,0,0,1821,51637,2001,51206,1824,102843,California
Fresno,2021-02-20,4525,158806,2481,78944,2044,79862,0,0,3046,53216,1473,52679,3052,105895,California
Fresno,2021-02-21,189,158995,170,79114,19,79881,0,0,126,53293,49,52728,126,106021,California
Fresno,2021-02-22,2241,161236,998,80112,1243,81124,0,0,1236,53536,995,53723,1238,107259,California
Fresno,2021-02-23,4686,165922,2262,82374,2424,83548,0,0,3806,56476,868,54591,3808,111067,California
Fresno,2021-02-24,4203,170125,1498,83872,2705,86253,0,0,3446,59178,745,55336,3447,114514,California
Fresno,2021-02-25,8708,178833,3745,87617,4963,91216,0,0,7220,64983,1423,56759,7228,121742,California
Fresno,2021-02-26,9026,187859,3704,91321,5322,96538,0,0,7709,71405,1293,58052,7715,129457,California
Fresno,2021-02-27,7290,195149,3168,94489,4121,100659,1,1,6577,77288,697,58749,6580,136037,California
Fresno,2021-02-28,1651,196800,531,95020,1120,101779,0,1,1562,78774,77,58826,1563,137600,California
Fresno,2021-03-01,5088,201888,1319,96339,3769,105548,0,1,3689,81081,1386,60212,3693,141293,California
Fresno,2021-03-02,9860,211748,3384,99723,6476,112024,0,1,8476,88222,1360,61572,8501,149794,California
Fresno,2021-03-03,6936,218684,1689,101412,5246,117270,1,2,5925,93262,997,62569,6037,155831,California
Fresno,2021-03-04,10448,229132,4126,105538,6322,123592,0,2,8709,100269,1711,64280,8718,164549,California
Fresno,2021-03-05,9311,238443,3629,109167,5680,129272,2,4,8031,107228,1148,65428,8107,172656,California
Fresno,2021-03-06,7002,245445,3950,113117,2934,132206,118,122,6009,112374,985,66413,6131,178787,California
Fresno,2021-03-07,1495,246940,682,113799,776,132982,37,159,1265,113450,227,66640,1303,180090,California
Fresno,2021-03-08,5291,252231,2024,115823,3116,136098,151,310,4001,116334,1279,67919,4163,184253,California
Fresno,2021-03-09,8610,260841,3782,119605,4557,140655,271,581,4642,117335,3947,71866,4948,189201,California
Fresno,2021-03-10,6841,267682,2860,122465,3590,144245,391,972,5380,121662,1452,73318,5779,194980,California
Fresno,2021-03-11,11606,279288,4578,127043,6472,150717,556,1528,6310,123336,5269,78587,6943,201923,California
Fresno,2021-03-12,12062,291350,5140,132183,6475,157192,447,1975,9060,129998,2983,81570,9645,211568,California
Fresno,2021-03-13,8346,299696,4058,136241,3256,160448,1032,3007,4025,130832,4299,85869,5133,216701,California
Fresno,2021-03-14,1767,301463,477,136718,1001,161449,289,3296,666,130697,1089,86958,954,217655,California
Fresno,2021-03-15,7135,308598,3175,139893,3787,165236,173,3469,4952,133834,2169,89127,5306,222961,California
Fresno,2021-03-16,10229,318827,4541,144434,5288,170524,400,3869,5423,134979,4774,93901,5919,228880,California
Fresno,2021-03-17,8672,327499,3931,148365,4047,174571,694,4563,5878,139170,2771,96672,6962,235842,California
Fresno,2021-03-18,12452,339951,6737,155102,5074,179645,641,5204,7058,141951,5345,102017,8126,243968,California
Fresno,2021-03-19,11180,351131,5889,160991,4672,184317,619,5823,6934,145581,4217,106234,7847,251815,California
Fresno,2021-03-20,7612,358743,4603,165594,2689,187006,320,6143,3800,146192,3785,110019,4396,256211,California
Fresno,2021-03-21,1793,360536,1206,166800,210,187216,377,6520,967,146718,818,110837,1344,257555,California
Fresno,2021-03-22,5674,366210,2897,169697,2177,189393,600,7120,3837,149535,1821,112658,4638,262193,California
Fresno,2021-03-23,10568,376778,5252,174949,4814,194207,502,7622,5066,150050,5480,118138,5995,268188,California
Fresno,2021-03-24,8851,385629,3822,178771,4197,198404,832,8454,4967,152054,3846,121984,5850,274038,California
Fresno,2021-03-25,12210,397839,5695,184466,5727,204131,788,9242,4765,150294,7395,129379,5635,279673,California
Fresno,2021-03-26,12231,410070,5458,189924,6128,210259,645,9887,4464,147710,7714,137093,5130,284803,California
Fresno,2021-03-27,9741,419811,4464,194388,4192,214451,1085,10972,2951,145000,6752,143845,4042,288845,California
Fresno,2021-03-28,3421,423232,1325,195713,1403,215854,693,11665,1280,145120,2133,145978,2253,291098,California
Fresno,2021-03-29,5994,429226,2003,197716,3442,219296,549,12214,2893,145500,3072,149050,3452,294550,California
Fresno,2021-03-30,10908,440134,4274,201990,5738,225034,896,13110,3851,143218,7028,156078,4746,299296,California
Fresno,2021-03-31,9694,449828,3382,205372,5319,230353,993,14103,3741,142036,5910,161988,4728,304024,California
Fresno,2021-04-01,12117,461945,4203,209575,7053,237406,861,14964,4040,138919,7975,169963,4858,308882,California
Fresno,2021-04-02,12053,473998,4596,214171,6664,244070,793,15757,4254,136336,7637,177600,5054,313936,California
Fresno,2021-04-03,6413,480411,3532,217703,2625,246695,256,16013,2148,134531,4246,181846,2441,316377,California
Fresno,2021-04-04,1499,481910,533,218236,921,247616,45,16058,546,134179,943,182789,591,316968,California
Fresno,2021-04-05,8330,490240,4472,222708,3055,250671,803,16861,2449,131635,5864,188653,3320,320288,California
Fresno,2021-04-06,9608,499848,4020,226728,4402,255073,1186,18047,3543,130356,6025,194678,4746,325034,California
Fresno,2021-04-07,10469,510317,5350,232078,3909,258982,1210,19257,3538,128248,6884,201562,4776,329810,California
Fresno,2021-04-08,10951,521268,5168,237246,4620,263602,1163,20420,3436,125426,7465,209027,4643,334453,California
Fresno,2021-04-09,11253,532521,5350,242596,4504,268106,1399,21819,3621,122884,7585,216612,5043,339496,California
Fresno,2021-04-10,7894,540415,5152,247748,2218,270324,524,22343,3681,122894,4201,220813,4211,343707,California
Fresno,2021-04-11,1395,541810,936,248684,368,270692,91,22434,446,122489,944,221757,539,344246,California
Fresno,2021-04-12,7269,549079,3797,252481,2544,273236,928,23362,2345,120869,4895,226652,3275,347521,California
Fresno,2021-04-13,8916,557995,4265,256746,4583,277819,68,23430,3482,119118,5398,232050,3647,351168,California
Fresno,2021-04-14,9449,567444,5746,262492,3702,281521,1,23431,3738,117236,5669,237719,3787,354955,California
Fresno,2021-04-15,8417,575861,4195,266687,4219,285740,3,23434,3179,115215,5210,242929,3189,358144,California
Fresno,2021-04-16,9370,585231,4636,271323,4732,290472,2,23436,3870,113628,5464,248393,3877,362021,California
Fresno,2021-04-17,5564,590795,3722,275045,1842,292314,0,23436,2646,113378,2898,251291,2648,364669,California
Fresno,2021-04-18,1031,591826,560,275605,471,292785,0,23436,473,113298,553,251844,473,365142,California
Fresno,2021-04-19,5546,597372,3016,278621,2527,295312,3,23439,2249,112292,3260,255104,2254,367396,California
Fresno,2021-04-20,6925,604297,3434,282055,3482,298794,9,23448,2616,110632,4285,259389,2625,370021,California
Fresno,2021-04-21,6371,610668,3525,285580,2838,301632,8,23456,2661,109628,3677,263066,2673,372694,California
Fresno,2021-04-22,6349,617017,3159,288739,3189,304821,1,23457,2310,107962,3980,267046,2314,375008,California
Fresno,2021-04-23,7104,624121,3825,292564,3262,308083,17,23474,2722,106395,4294,271340,2727,377735,California
Fresno,2021-04-24,4173,628294,2494,295058,1679,309762,0,23474,1919,106073,2241,273581,1919,379654,California
Fresno,2021-04-25,1373,629667,557,295615,814,310576,2,23476,692,106092,675,274256,694,380348,California
Fresno,2021-04-26,4138,633805,2085,297700,2008,312584,45,23521,1759,105547,2348,276604,1803,382151,California
Fresno,2021-04-27,4697,638502,2376,300076,2202,314786,119,23640,1854,104698,2821,279425,1972,384123,California
Fresno,2021-04-28,4760,643262,2670,302746,1960,316746,130,23770,1982,104055,2756,282181,2113,386236,California
Fresno,2021-04-29,4777,648039,2654,305400,1985,318731,138,23908,1800,103045,2946,285127,1936,388172,California
Fresno,2021-04-30,5398,653437,3285,308685,1979,320710,134,24042,2141,102092,3227,288354,2274,390446,California
Fresno,2021-05-01,4182,657619,3457,312142,586,321296,139,24181,1224,100513,2940,291294,1361,391807,California
Fresno,2021-05-02,1248,658867,771,312913,426,321722,51,24232,611,100549,625,291919,661,392468,California
Fresno,2021-05-03,4020,662887,2701,315614,1129,322851,190,24422,1298,99338,2694,294613,1483,393951,California
Fresno,2021-05-04,4826,667713,2500,318114,2174,325025,152,24574,1549,97790,3251,297864,1703,395654,California
Fresno,2021-05-05,5080,672793,3145,321259,1710,326735,225,24799,1585,96128,3469,301333,1807,397461,California
Fresno,2021-05-06,4116,676909,2546,323805,1465,328200,105,24904,1405,94956,2682,304015,1510,398971,California
Fresno,2021-05-07,5004,681913,3288,327093,1553,329753,163,25067,1553,93241,3428,307443,1713,400684,California
Fresno,2021-05-08,3897,685810,2492,329585,1257,331010,148,25215,1174,91860,2704,310147,1323,402007,California
Fresno,2021-05-09,678,686488,347,329932,288,331298,43,25258,336,91903,336,310483,379,402386,California
Fresno,2021-05-10,2950,689438,1579,331511,1230,332528,141,25399,917,90936,2025,312508,1058,403444,California
Fresno,2021-05-11,3615,693053,1844,333355,1681,334209,90,25489,1161,89744,2444,314952,1252,404696,California
Fresno,2021-05-12,3718,696771,2350,335705,1218,335427,150,25639,1340,88879,2355,317307,1490,406186,California
Fresno,2021-05-13,3604,700375,1953,337658,1546,336973,105,25744,1591,88600,1975,319282,1696,407882,California
Fresno,2021-05-14,5028,705403,3027,340685,1813,338786,188,25932,2136,88066,2859,322141,2325,410207,California
Fresno,2021-05-15,3577,708980,2672,343357,775,339561,130,26062,1817,88261,1750,323891,1945,412152,California
Fresno,2021-05-16,1443,710423,945,344302,464,340025,34,26096,806,88470,631,324522,840,412992,California
Fresno,2021-05-17,4169,714592,2820,347122,1191,341216,158,26254,2258,89001,1884,326406,2415,415407,California
Fresno,2021-05-18,4080,718672,2518,349640,1411,342627,151,26405,2108,89309,1949,328355,2257,417664,California
Fresno,2021-05-19,4334,723006,2760,352400,1400,344027,174,26579,2103,89376,2209,330564,2276,419940,California
Fresno,2021-05-20,3509,726515,2029,354429,1296,345323,184,26763,1622,89309,1872,332436,1805,421745,California
Fresno,2021-05-21,3826,730341,2469,356898,1266,346589,91,26854,1725,89043,2081,334517,1815,423560,California
Fresno,2021-05-22,3280,733621,2455,359353,654,347243,171,27025,1923,89792,1343,335860,2092,425652,California
Fresno,2021-05-23,537,734158,344,359697,165,347408,28,27053,301,89891,230,336090,329,425981,California
Fresno,2021-05-24,3217,737375,2024,361721,1079,348487,114,27167,1490,89792,1703,337793,1604,427585,California
Fresno,2021-05-25,3202,740577,1928,363649,1151,349638,123,27290,1380,89487,1809,339602,1504,429089,California
Fresno,2021-05-26,3233,743810,2141,365790,988,350626,104,27394,1656,89687,1558,341160,1758,430847,California
Fresno,2021-05-27,3127,746937,1907,367697,1113,351739,107,27501,1410,89513,1692,342852,1518,432365,California
Fresno,2021-05-28,3395,750332,2206,369903,1094,352833,95,27596,1876,89985,1500,344352,1972,434337,California
Fresno,2021-05-29,2271,752603,1654,371557,546,353379,71,27667,1249,90294,1012,345364,1321,435658,California
Fresno,2021-05-30,887,753490,535,372092,317,353696,35,27702,425,90309,445,345809,460,436118,California
Fresno,2021-05-31,315,753805,159,372251,145,353841,11,27713,134,90276,176,345985,143,436261,California
Fresno,2021-06-01,3006,756811,1812,374063,1100,354941,94,27807,1248,89882,1736,347721,1342,437603,California
Fresno,2021-06-02,2653,759464,1712,375775,851,355792,90,27897,1146,89641,1478,349199,1237,438840,California
Fresno,2021-06-03,2912,762376,2003,377778,808,356600,101,27998,1266,89378,1628,350827,1365,440205,California
Fresno,2021-06-04,3186,765562,2335,380113,757,357357,94,28092,1120,88553,2040,352867,1215,441420,California
Fresno,2021-06-05,3058,768620,2281,382394,661,358018,116,28208,1228,88081,1814,354681,1342,442762,California
Fresno,2021-06-06,1127,769747,889,383283,204,358222,34,28242,379,87750,744,355425,413,443175,California
Fresno,2021-06-07,1742,771489,1324,384607,355,358577,63,28305,474,87034,1253,356678,537,443712,California
Glenn,2020-12-17,1,1,1,1,0,0,0,0,1,1,0,0,1,1,California
Glenn,2020-12-20,1,2,1,2,0,0,0,0,1,2,0,0,1,2,California
Glenn,2020-12-21,11,13,11,13,0,0,0,0,11,13,0,0,11,13,California
Glenn,2020-12-22,61,74,61,74,0,0,0,0,61,74,0,0,61,74,California
Glenn,2020-12-23,28,102,28,102,0,0,0,0,28,102,0,0,28,102,California
Glenn,2020-12-24,9,111,9,111,0,0,0,0,9,111,0,0,9,111,California
Glenn,2020-12-26,2,113,2,113,0,0,0,0,2,113,0,0,2,113,California
Glenn,2020-12-27,4,117,4,117,0,0,0,0,4,117,0,0,4,117,California
Glenn,2020-12-28,21,138,21,138,0,0,0,0,21,138,0,0,21,138,California
Glenn,2020-12-29,81,219,81,219,0,0,0,0,81,219,0,0,81,219,California
Glenn,2020-12-30,129,348,106,325,23,23,0,0,129,348,0,0,129,348,California
Glenn,2020-12-31,38,386,9,334,29,52,0,0,38,386,0,0,38,386,California
Glenn,2021-01-02,3,389,3,337,0,52,0,0,3,389,0,0,3,389,California
Glenn,2021-01-04,7,396,5,342,2,54,0,0,7,396,0,0,7,396,California
Glenn,2021-01-05,10,406,8,350,2,56,0,0,10,406,0,0,10,406,California
Glenn,2021-01-06,59,465,8,358,51,107,0,0,59,465,0,0,59,465,California
Glenn,2021-01-07,66,531,11,369,55,162,0,0,65,529,1,1,65,530,California
Glenn,2021-01-08,12,543,9,378,3,165,0,0,12,541,0,1,12,542,California
Glenn,2021-01-10,1,544,1,379,0,165,0,0,0,540,1,2,0,542,California
Glenn,2021-01-11,29,573,29,408,0,165,0,0,12,535,17,19,12,554,California
Glenn,2021-01-12,44,617,39,447,5,170,0,0,14,519,30,49,14,568,California
Glenn,2021-01-13,221,838,156,603,65,235,0,0,177,652,44,93,177,745,California
Glenn,2021-01-14,117,955,28,631,89,324,0,0,107,749,10,103,107,852,California
Glenn,2021-01-15,41,996,34,665,7,331,0,0,36,780,5,108,36,888,California
Glenn,2021-01-16,33,1029,14,679,19,350,0,0,23,793,10,118,23,911,California
Glenn,2021-01-17,4,1033,2,681,2,352,0,0,2,793,2,120,2,913,California
Glenn,2021-01-18,17,1050,16,697,1,353,0,0,9,794,8,128,9,922,California
Glenn,2021-01-19,30,1080,20,717,10,363,0,0,13,790,17,145,13,935,California
Glenn,2021-01-20,164,1244,94,811,70,433,0,0,83,792,81,226,83,1018,California
Glenn,2021-01-21,123,1367,97,908,26,459,0,0,30,729,93,319,30,1048,California
Glenn,2021-01-22,341,1708,64,972,277,736,0,0,334,1056,7,326,334,1382,California
Glenn,2021-01-23,14,1722,8,980,6,742,0,0,11,1064,3,329,11,1393,California
Glenn,2021-01-24,2,1724,2,982,0,742,0,0,2,1066,0,329,2,1395,California
Glenn,2021-01-25,27,1751,9,991,18,760,0,0,24,1087,3,332,24,1419,California
Glenn,2021-01-26,30,1781,14,1005,16,776,0,0,24,1105,6,338,24,1443,California
Glenn,2021-01-27,187,1968,12,1017,175,951,0,0,165,1248,22,360,165,1608,California
Glenn,2021-01-28,147,2115,8,1025,139,1090,0,0,117,1335,30,390,117,1725,California
Glenn,2021-01-29,299,2414,12,1037,287,1377,0,0,285,1606,14,404,285,2010,California
Glenn,2021-01-30,3,2417,0,1037,3,1380,0,0,3,1609,0,404,3,2013,California
Glenn,2021-01-31,1,2418,0,1037,1,1381,0,0,1,1610,0,404,1,2014,California
Glenn,2021-02-01,30,2448,11,1048,19,1400,0,0,18,1616,12,416,18,2032,California
Glenn,2021-02-02,30,2478,15,1063,15,1415,0,0,20,1626,10,426,20,2052,California
Glenn,2021-02-03,273,2751,125,1188,148,1563,0,0,129,1612,144,570,130,2182,California
Glenn,2021-02-04,80,2831,14,1202,66,1629,0,0,25,1582,55,625,25,2207,California
Glenn,2021-02-05,323,3154,25,1227,298,1927,0,0,302,1863,21,646,302,2509,California
Glenn,2021-02-06,16,3170,2,1229,14,1941,0,0,15,1877,1,647,15,2524,California
Glenn,2021-02-07,2,3172,2,1231,0,1941,0,0,2,1879,0,647,2,2526,California
Glenn,2021-02-08,21,3193,17,1248,4,1945,0,0,4,1866,17,664,4,2530,California
Glenn,2021-02-09,48,3241,19,1267,29,1974,0,0,34,1886,14,678,34,2564,California
Glenn,2021-02-10,139,3380,19,1286,120,2094,0,0,66,1879,73,751,66,2630,California
Glenn,2021-02-11,232,3612,132,1418,100,2194,0,0,150,1946,83,834,150,2780,California
Glenn,2021-02-12,419,4031,98,1516,321,2515,0,0,354,2235,65,899,354,3134,California
Glenn,2021-02-13,36,4067,8,1524,28,2543,0,0,17,2233,19,918,17,3151,California
Glenn,2021-02-14,1,4068,0,1524,1,2544,0,0,1,2234,0,918,1,3152,California
Glenn,2021-02-15,8,4076,0,1524,8,2552,0,0,8,2242,0,918,8,3160,California
Glenn,2021-02-16,39,4115,9,1533,30,2582,0,0,21,2245,18,936,21,3181,California
Glenn,2021-02-17,381,4496,13,1546,368,2950,0,0,304,2472,77,1013,304,3485,California
Glenn,2021-02-18,135,4631,100,1646,35,2985,0,0,111,2559,24,1037,111,3596,California
Glenn,2021-02-19,305,4936,16,1662,289,3274,0,0,28,2310,277,1314,28,3624,California
Glenn,2021-02-20,8,4944,0,1662,8,3282,0,0,0,2302,8,1322,0,3624,California
Glenn,2021-02-21,1,4945,1,1663,0,3282,0,0,1,2303,0,1322,1,3625,California
Glenn,2021-02-22,34,4979,15,1678,19,3301,0,0,17,2303,17,1339,17,3642,California
Glenn,2021-02-23,39,5018,10,1688,29,3330,0,0,27,2318,12,1351,27,3669,California
Glenn,2021-02-24,241,5259,39,1727,202,3532,0,0,46,2169,195,1546,46,3715,California
Glenn,2021-02-25,234,5493,120,1847,114,3646,0,0,118,2171,116,1662,118,3833,California
Glenn,2021-02-26,308,5801,24,1871,284,3930,0,0,20,1904,287,1949,20,3853,California
Glenn,2021-02-27,14,5815,5,1876,9,3939,0,0,6,1903,7,1956,6,3859,California
Glenn,2021-02-28,6,5821,3,1879,3,3942,0,0,3,1904,2,1958,3,3862,California
Glenn,2021-03-01,28,5849,6,1885,22,3964,0,0,12,1900,16,1974,12,3874,California
Glenn,2021-03-02,34,5883,7,1892,27,3991,0,0,16,1898,18,1992,16,3890,California
Glenn,2021-03-03,193,6076,38,1930,155,4146,0,0,102,1911,89,2081,102,3992,California
Glenn,2021-03-04,518,6594,174,2104,344,4490,0,0,374,2141,144,2225,374,4366,California
Glenn,2021-03-05,358,6952,47,2151,311,4801,0,0,34,1851,324,2549,34,4400,California
Glenn,2021-03-06,27,6979,2,2153,24,4825,1,1,8,1841,19,2568,9,4409,California
Glenn,2021-03-07,5,6984,0,2153,5,4830,0,1,3,1843,1,2569,3,4412,California
Glenn,2021-03-08,20,7004,2,2155,17,4847,1,2,18,1860,2,2571,19,4431,California
Glenn,2021-03-09,81,7085,11,2166,67,4914,3,5,53,1887,28,2599,55,4486,California
Glenn,2021-03-10,172,7257,69,2235,101,5015,2,7,95,1907,77,2676,97,4583,California
Glenn,2021-03-11,584,7841,169,2404,392,5407,23,30,454,2254,130,2806,477,5060,California
Glenn,2021-03-12,417,8258,13,2417,342,5749,62,92,41,1981,376,3182,103,5163,California
Glenn,2021-03-13,13,8271,1,2418,4,5753,8,100,1,1978,12,3194,9,5172,California
Glenn,2021-03-14,2,8273,1,2419,1,5754,0,100,0,1976,2,3196,0,5172,California
Glenn,2021-03-15,76,8349,15,2434,56,5810,5,105,61,2027,15,3211,66,5238,California
Glenn,2021-03-16,109,8458,34,2468,65,5875,10,115,69,2066,40,3251,79,5317,California
Glenn,2021-03-17,420,8878,99,2567,314,6189,7,122,116,1883,304,3555,121,5438,California
Glenn,2021-03-18,522,9400,217,2784,49,6238,256,378,144,1904,378,3933,399,5837,California
Glenn,2021-03-19,96,9496,16,2800,74,6312,6,384,75,1965,20,3953,81,5918,California
Glenn,2021-03-20,133,9629,2,2802,130,6442,1,385,131,2095,2,3955,132,6050,California
Glenn,2021-03-21,6,9635,5,2807,0,6442,1,386,3,2097,2,3957,4,6054,California
Glenn,2021-03-22,122,9757,54,2861,61,6503,7,393,103,2190,17,3974,110,6164,California
Glenn,2021-03-23,175,9932,66,2927,59,6562,50,443,104,2274,70,4044,154,6318,California
Glenn,2021-03-24,208,10140,101,3028,102,6664,5,448,135,2342,72,4116,140,6458,California
Glenn,2021-03-25,472,10612,230,3258,148,6812,94,542,345,2655,126,4242,439,6897,California
Glenn,2021-03-26,239,10851,36,3294,167,6979,36,578,189,2830,50,4292,225,7122,California
Glenn,2021-03-27,163,11014,19,3313,138,7117,6,584,153,2979,10,4302,159,7281,California
Glenn,2021-03-28,15,11029,10,3323,5,7122,0,584,10,2984,5,4307,10,7291,California
Glenn,2021-03-29,61,11090,20,3343,38,7160,3,587,47,3020,14,4321,50,7341,California
Glenn,2021-03-30,72,11162,41,3384,30,7190,1,588,41,3033,29,4350,42,7383,California
Glenn,2021-03-31,124,11286,35,3419,88,7278,1,589,54,3019,69,4419,55,7438,California
Glenn,2021-04-01,654,11940,188,3607,457,7735,9,598,243,2862,409,4828,252,7690,California
Glenn,2021-04-02,169,12109,26,3633,131,7866,12,610,133,2971,36,4864,145,7835,California
Glenn,2021-04-03,96,12205,4,3637,85,7951,7,617,85,3052,11,4875,92,7927,California
Glenn,2021-04-04,9,12214,3,3640,4,7955,2,619,5,3055,4,4879,7,7934,California
Glenn,2021-04-05,65,12279,25,3665,27,7982,13,632,28,3059,37,4916,41,7975,California
Glenn,2021-04-06,144,12423,52,3717,53,8035,39,671,37,3028,106,5022,75,8050,California
Glenn,2021-04-07,161,12584,47,3764,60,8095,54,725,74,3069,87,5109,128,8178,California
Glenn,2021-04-08,645,13229,191,3955,420,8515,34,759,139,2738,504,5613,173,8351,California
Glenn,2021-04-09,158,13387,57,4012,85,8600,16,775,101,2798,57,5670,117,8468,California
Glenn,2021-04-10,76,13463,1,4013,61,8661,14,789,59,2855,16,5686,73,8541,California
Glenn,2021-04-11,16,13479,8,4021,3,8664,5,794,7,2858,9,5695,12,8553,California
Glenn,2021-04-12,115,13594,25,4046,61,8725,29,823,20,2812,95,5790,49,8602,California
Glenn,2021-04-13,119,13713,63,4109,56,8781,0,823,30,2754,88,5878,30,8632,California
Glenn,2021-04-14,123,13836,46,4155,77,8858,0,823,69,2769,54,5932,69,8701,California
Glenn,2021-04-15,361,14197,276,4431,85,8943,0,823,122,2652,239,6171,122,8823,California
Glenn,2021-04-16,164,14361,41,4472,123,9066,0,823,76,2640,88,6259,76,8899,California
Glenn,2021-04-17,165,14526,16,4488,149,9215,0,823,27,2536,131,6390,27,8926,California
Glenn,2021-04-18,16,14542,3,4491,13,9228,0,823,13,2546,3,6393,13,8939,California
Glenn,2021-04-19,83,14625,17,4508,66,9294,0,823,22,2508,60,6453,22,8961,California
Glenn,2021-04-20,127,14752,82,4590,45,9339,0,823,54,2489,73,6526,54,9015,California
Glenn,2021-04-21,411,15163,310,4900,101,9440,0,823,280,2638,131,6657,280,9295,California
Glenn,2021-04-22,210,15373,48,4948,162,9602,0,823,33,2495,176,6833,33,9328,California
Glenn,2021-04-23,180,15553,24,4972,156,9758,0,823,41,2398,138,6971,41,9369,California
Glenn,2021-04-24,180,15733,32,5004,148,9906,0,823,31,2280,149,7120,31,9400,California
Glenn,2021-04-25,29,15762,18,5022,11,9917,0,823,21,2293,8,7128,21,9421,California
Glenn,2021-04-26,48,15810,12,5034,36,9953,0,823,19,2283,29,7157,19,9440,California
Glenn,2021-04-27,63,15873,49,5083,9,9962,5,828,32,2288,31,7188,36,9476,California
Glenn,2021-04-28,259,16132,180,5263,68,10030,11,839,129,2299,129,7317,140,9616,California
Glenn,2021-04-29,182,16314,23,5286,157,10187,2,841,36,2191,146,7463,38,9654,California
Glenn,2021-04-30,156,16470,35,5321,119,10306,2,843,37,2111,119,7582,39,9693,California
Glenn,2021-05-01,109,16579,13,5334,95,10401,1,844,26,2055,83,7665,27,9720,California
Glenn,2021-05-02,30,16609,12,5346,9,10410,9,853,15,2064,15,7680,24,9744,California
Glenn,2021-05-03,37,16646,23,5369,13,10423,1,854,14,2056,23,7703,15,9759,California
Glenn,2021-05-04,57,16703,33,5402,19,10442,5,859,28,2060,29,7732,33,9792,California
Glenn,2021-05-05,122,16825,35,5437,77,10519,10,869,51,2050,71,7803,61,9853,California
Glenn,2021-05-06,112,16937,41,5478,66,10585,5,874,41,2025,71,7874,46,9899,California
Glenn,2021-05-07,119,17056,32,5510,78,10663,9,883,31,1978,87,7961,40,9939,California
Glenn,2021-05-08,66,17122,12,5522,50,10713,4,887,21,1959,44,8005,25,9964,California
Glenn,2021-05-09,17,17139,11,5533,6,10719,0,887,13,1968,4,8009,13,9977,California
Glenn,2021-05-10,37,17176,15,5548,17,10736,5,892,14,1964,23,8032,19,9996,California
Glenn,2021-05-11,79,17255,56,5604,14,10750,9,901,16,1926,63,8095,25,10021,California
Glenn,2021-05-12,326,17581,245,5849,67,10817,14,915,45,1704,281,8376,59,10080,California
Glenn,2021-05-13,154,17735,59,5908,77,10894,18,933,68,1704,86,8462,86,10166,California
Glenn,2021-05-14,106,17841,25,5933,76,10970,5,938,42,1687,64,8526,47,10213,California
Glenn,2021-05-15,69,17910,40,5973,26,10996,3,941,36,1693,32,8558,38,10251,California
Glenn,2021-05-16,31,17941,18,5991,13,11009,0,941,9,1680,22,8580,9,10260,California
Glenn,2021-05-17,83,18024,58,6049,21,11030,4,945,58,1716,26,8606,62,10322,California
Glenn,2021-05-18,68,18092,49,6098,14,11044,5,950,22,1697,46,8652,27,10349,California
Glenn,2021-05-19,194,18286,114,6212,68,11112,12,962,72,1659,121,8773,83,10432,California
Glenn,2021-05-20,114,18400,72,6284,40,11152,2,964,81,1709,33,8806,83,10515,California
Glenn,2021-05-21,65,18465,22,6306,42,11194,1,965,26,1697,39,8845,27,10542,California
Glenn,2021-05-22,48,18513,18,6324,30,11224,0,965,22,1693,26,8871,22,10564,California
Glenn,2021-05-23,24,18537,14,6338,10,11234,0,965,11,1692,12,8883,11,10575,California
Glenn,2021-05-24,29,18566,10,6348,15,11249,4,969,10,1688,18,8901,14,10589,California
Glenn,2021-05-25,47,18613,36,6384,9,11258,2,971,24,1691,23,8924,26,10615,California
Glenn,2021-05-26,74,18687,15,6399,55,11313,4,975,26,1673,48,8972,30,10645,California
Glenn,2021-05-27,101,18788,62,6461,38,11351,1,976,47,1669,52,9024,48,10693,California
Glenn,2021-05-28,62,18850,18,6479,37,11388,7,983,32,1678,30,9054,39,10732,California
Glenn,2021-05-29,48,18898,11,6490,33,11421,4,987,21,1676,27,9081,25,10757,California
Glenn,2021-05-30,21,18919,13,6503,8,11429,0,987,8,1672,12,9093,8,10765,California
Glenn,2021-05-31,4,18923,0,6503,4,11433,0,987,0,1668,4,9097,0,10765,California
Glenn,2021-06-01,57,18980,31,6534,23,11456,3,990,24,1662,33,9130,27,10792,California
Glenn,2021-06-02,96,19076,48,6582,45,11501,3,993,44,1657,52,9182,47,10839,California
Glenn,2021-06-03,75,19151,42,6624,26,11527,7,1000,18,1627,55,9237,25,10864,California
Glenn,2021-06-04,76,19227,36,6660,37,11564,3,1003,40,1634,36,9273,43,10907,California
Glenn,2021-06-05,58,19285,32,6692,23,11587,3,1006,20,1619,38,9311,23,10930,California
Glenn,2021-06-06,29,19314,26,6718,2,11589,1,1007,13,1618,15,9326,14,10944,California
Glenn,2021-06-07,37,19351,30,6748,7,11596,0,1007,6,1594,30,9356,6,10950,California
Humboldt,2020-12-15,2,2,2,2,0,0,0,0,2,2,0,0,2,2,California
Humboldt,2020-12-16,16,18,16,18,0,0,0,0,16,18,0,0,16,18,California
Humboldt,2020-12-17,117,135,117,135,0,0,0,0,117,135,0,0,117,135,California
Humboldt,2020-12-18,177,312,177,312,0,0,0,0,177,312,0,0,177,312,California
Humboldt,2020-12-19,10,322,10,322,0,0,0,0,10,322,0,0,10,322,California
Humboldt,2020-12-20,27,349,27,349,0,0,0,0,27,349,0,0,27,349,California
Humboldt,2020-12-21,165,514,165,514,0,0,0,0,165,514,0,0,165,514,California
Humboldt,2020-12-22,330,844,330,844,0,0,0,0,330,844,0,0,330,844,California
Humboldt,2020-12-23,321,1165,266,1110,55,55,0,0,323,1167,0,0,323,1167,California
Humboldt,2020-12-24,25,1190,2,1112,23,78,0,0,25,1192,0,0,25,1192,California
Humboldt,2020-12-25,2,1192,2,1114,0,78,0,0,2,1194,0,0,2,1194,California
Humboldt,2020-12-26,6,1198,5,1119,1,79,0,0,6,1200,0,0,6,1200,California
Humboldt,2020-12-28,181,1379,149,1268,32,111,0,0,181,1381,0,0,181,1381,California
Humboldt,2020-12-29,170,1549,123,1391,47,158,0,0,171,1552,0,0,171,1552,California
Humboldt,2020-12-30,228,1777,126,1517,102,260,0,0,228,1780,0,0,228,1780,California
Humboldt,2020-12-31,241,2018,79,1596,162,422,0,0,241,2021,0,0,241,2021,California
Humboldt,2021-01-01,2,2020,1,1597,1,423,0,0,2,2023,0,0,2,2023,California
Humboldt,2021-01-02,39,2059,1,1598,38,461,0,0,39,2062,0,0,39,2062,California
Humboldt,2021-01-04,218,2277,142,1740,76,537,0,0,219,2281,0,0,219,2281,California
Humboldt,2021-01-05,130,2407,18,1758,112,649,0,0,130,2410,1,1,130,2411,California
Humboldt,2021-01-06,309,2716,211,1969,98,747,0,0,236,2585,61,62,236,2647,California
Humboldt,2021-01-07,439,3155,327,2296,112,859,0,0,322,2807,100,162,322,2969,California
Humboldt,2021-01-08,420,3575,282,2578,138,997,0,0,281,2955,133,295,281,3250,California
Humboldt,2021-01-09,68,3643,44,2622,24,1021,0,0,66,3020,2,297,67,3317,California
Humboldt,2021-01-10,84,3727,84,2706,0,1021,0,0,4,2944,80,377,4,3321,California
Humboldt,2021-01-11,289,4016,278,2984,11,1032,0,0,71,2801,214,591,71,3392,California
Humboldt,2021-01-12,486,4502,324,3308,162,1194,0,0,281,2899,183,774,281,3673,California
Humboldt,2021-01-13,497,4999,279,3587,218,1412,0,0,318,3042,176,950,319,3992,California
Humboldt,2021-01-14,526,5525,167,3754,359,1771,0,0,470,3457,56,1006,471,4463,California
Humboldt,2021-01-15,375,5900,39,3793,336,2107,0,0,347,3776,28,1034,347,4810,California
Humboldt,2021-01-16,170,6070,6,3799,164,2271,0,0,169,3944,1,1035,169,4979,California
Humboldt,2021-01-17,6,6076,4,3803,2,2273,0,0,6,3950,0,1035,6,4985,California
Humboldt,2021-01-18,301,6377,266,4069,35,2308,0,0,150,3949,151,1186,150,5135,California
Humboldt,2021-01-19,640,7017,396,4465,244,2552,0,0,512,4339,122,1308,512,5647,California
Humboldt,2021-01-20,907,7924,388,4853,519,3071,0,0,750,4942,149,1457,752,6399,California
Humboldt,2021-01-21,959,8883,261,5114,698,3769,0,0,917,5817,42,1499,917,7316,California
Humboldt,2021-01-22,682,9565,377,5491,305,4074,0,0,672,6481,10,1509,674,7990,California
Humboldt,2021-01-23,868,10433,274,5765,594,4668,0,0,859,7332,9,1518,860,8850,California
Humboldt,2021-01-24,229,10662,1,5766,228,4896,0,0,228,7559,1,1519,228,9078,California
Humboldt,2021-01-25,327,10989,236,6002,91,4987,0,0,151,7534,176,1695,151,9229,California
Humboldt,2021-01-26,532,11521,148,6150,384,5371,0,0,477,7956,55,1750,477,9706,California
Humboldt,2021-01-27,1259,12780,586,6736,673,6044,0,0,1191,9088,61,1811,1193,10899,California
Humboldt,2021-01-28,1459,14239,636,7372,823,6867,0,0,1321,10276,135,1946,1323,12222,California
Humboldt,2021-01-29,1150,15389,548,7920,602,7469,0,0,694,10514,456,2402,694,12916,California
Humboldt,2021-01-30,986,16375,468,8388,518,7987,0,0,973,11475,13,2415,974,13890,California
Humboldt,2021-01-31,315,16690,313,8701,2,7989,0,0,314,11788,1,2416,314,14204,California
Humboldt,2021-02-01,336,17026,193,8894,143,8132,0,0,188,11829,147,2563,188,14392,California
Humboldt,2021-02-02,450,17476,79,8973,371,8503,0,0,345,12074,102,2665,347,14739,California
Humboldt,2021-02-03,671,18147,265,9238,406,8909,0,0,519,12441,152,2817,519,15258,California
Humboldt,2021-02-04,638,18785,260,9498,378,9287,0,0,439,12684,196,3013,439,15697,California
Humboldt,2021-02-05,810,19595,94,9592,716,10003,0,0,626,13126,184,3197,626,16323,California
Humboldt,2021-02-06,1074,20669,462,10054,612,10615,0,0,1028,14110,45,3242,1029,17352,California
Humboldt,2021-02-07,379,21048,9,10063,370,10985,0,0,374,14481,4,3246,375,17727,California
Humboldt,2021-02-08,329,21377,146,10209,183,11168,0,0,180,14513,148,3394,180,17907,California
Humboldt,2021-02-09,501,21878,228,10437,273,11441,0,0,176,14364,325,3719,176,18083,California
Humboldt,2021-02-10,564,22442,372,10809,192,11633,0,0,234,14273,325,4044,234,18317,California
Humboldt,2021-02-11,1302,23744,396,11205,906,12539,0,0,498,13972,801,4845,500,18817,California
Humboldt,2021-02-12,1148,24892,738,11943,410,12949,0,0,707,14238,441,5286,707,19524,California
Humboldt,2021-02-13,1519,26411,568,12511,951,13900,0,0,921,14563,596,5882,921,20445,California
Humboldt,2021-02-14,111,26522,5,12516,106,14006,0,0,108,14669,2,5884,108,20553,California
Humboldt,2021-02-15,295,26817,81,12597,214,14220,0,0,194,14763,100,5984,194,20747,California
Humboldt,2021-02-16,537,27354,121,12718,416,14636,0,0,253,14733,284,6268,254,21001,California
Humboldt,2021-02-17,448,27802,276,12994,172,14808,0,0,131,14548,316,6584,131,21132,California
Humboldt,2021-02-18,973,28775,598,13592,375,15183,0,0,227,14031,744,7328,227,21359,California
Humboldt,2021-02-19,477,29252,435,14027,42,15225,0,0,89,13735,385,7713,89,21448,California
Humboldt,2021-02-20,1640,30892,1010,15037,630,15855,0,0,483,13067,1154,8867,486,21934,California
Humboldt,2021-02-21,479,31371,471,15508,8,15863,0,0,182,12953,297,9164,183,22117,California
Humboldt,2021-02-22,134,31505,94,15602,40,15903,0,0,29,12879,103,9267,29,22146,California
Humboldt,2021-02-23,177,31682,71,15673,106,16009,0,0,40,12784,135,9402,40,22186,California
Humboldt,2021-02-24,1201,32883,741,16414,460,16469,0,0,585,12754,615,10017,585,22771,California
Humboldt,2021-02-25,834,33717,319,16733,515,16984,0,0,232,12386,600,10617,232,23003,California
Humboldt,2021-02-26,2149,35866,106,16839,2043,19027,0,0,448,11140,1695,12312,449,23452,California
Humboldt,2021-02-27,1709,37575,1090,17929,619,19646,0,0,861,11159,846,13158,865,24317,California
Humboldt,2021-02-28,123,37698,11,17940,112,19758,0,0,117,11270,6,13164,117,24434,California
Humboldt,2021-03-01,257,37955,45,17985,212,19970,0,0,183,11379,74,13238,183,24617,California
Humboldt,2021-03-02,296,38251,51,18036,245,20215,0,0,164,11411,132,13370,164,24781,California
Humboldt,2021-03-03,1666,39917,1100,19136,566,20781,0,0,1222,12196,438,13808,1223,26004,California
Humboldt,2021-03-04,906,40823,112,19248,794,21575,0,0,285,11862,621,14429,287,26291,California
Humboldt,2021-03-05,947,41770,187,19435,749,22324,11,11,389,11708,554,14983,400,26691,California
Humboldt,2021-03-06,1799,43569,941,20376,809,23133,49,60,803,11565,995,15978,852,27543,California
Humboldt,2021-03-07,364,43933,294,20670,52,23185,18,78,156,11531,208,16186,174,27717,California
Humboldt,2021-03-08,277,44210,6,20676,192,23377,79,157,182,11697,95,16281,261,27978,California
Humboldt,2021-03-09,490,44700,207,20883,135,23512,148,305,236,11828,252,16533,383,28361,California
Humboldt,2021-03-10,690,45390,466,21349,70,23582,154,459,420,12131,269,16802,572,28933,California
Humboldt,2021-03-11,1463,46853,456,21805,907,24489,100,559,641,12054,817,17619,740,29673,California
Humboldt,2021-03-12,1746,48599,1083,22888,441,24930,222,781,1053,12647,685,18304,1278,30951,California
Humboldt,2021-03-13,1585,50184,1037,23925,496,25426,52,833,668,12456,911,19215,720,31671,California
Humboldt,2021-03-14,141,50325,19,23944,114,25540,8,841,29,12381,112,19327,37,31708,California
Humboldt,2021-03-15,277,50602,51,23995,205,25745,21,862,59,12243,218,19545,80,31788,California
Humboldt,2021-03-16,636,51238,201,24196,174,25919,261,1123,260,12387,375,19920,519,32307,California
Humboldt,2021-03-17,730,51968,394,24590,228,26147,108,1231,340,12446,389,20309,448,32755,California
Humboldt,2021-03-18,1739,53707,1169,25759,527,26674,43,1274,1042,12838,693,21002,1085,33840,California
Humboldt,2021-03-19,1076,54783,61,25820,701,27375,314,1588,441,12960,632,21634,754,34594,California
Humboldt,2021-03-20,1382,56165,754,26574,614,27989,14,1602,424,12443,956,22590,439,35033,California
Humboldt,2021-03-21,250,56415,33,26607,188,28177,29,1631,205,12631,45,22635,233,35266,California
Humboldt,2021-03-22,118,56533,15,26622,53,28230,50,1681,62,12689,54,22689,112,35378,California
Humboldt,2021-03-23,414,56947,43,26665,328,28558,43,1724,320,12960,92,22781,363,35741,California
Humboldt,2021-03-24,1414,58361,388,27053,978,29536,48,1772,1037,13675,369,23150,1084,36825,California
Humboldt,2021-03-25,1835,60196,1209,28262,564,30100,62,1834,945,13794,888,24038,1007,37832,California
Humboldt,2021-03-26,2041,62237,438,28700,1545,31645,58,1892,1594,15004,441,24479,1651,39483,California
Humboldt,2021-03-27,2078,64315,1498,30198,408,32053,172,2064,1100,15302,974,25453,1272,40755,California
Humboldt,2021-03-28,266,64581,81,30279,114,32167,71,2135,83,15275,182,25635,155,40910,California
Humboldt,2021-03-29,467,65048,125,30404,246,32413,96,2231,198,15300,268,25903,293,41203,California
Humboldt,2021-03-30,942,65990,305,30709,523,32936,114,2345,557,15590,380,26283,670,41873,California
Humboldt,2021-03-31,1867,67857,520,31229,1249,34185,98,2443,1410,16647,453,26736,1510,43383,California
Humboldt,2021-04-01,2113,69970,702,31931,1318,35503,93,2536,1482,17599,623,27359,1575,44958,California
Humboldt,2021-04-02,1721,71691,1111,33042,505,36008,105,2641,618,17224,1098,28457,723,45681,California
Humboldt,2021-04-03,1666,73357,1507,34549,145,36153,14,2655,670,16922,986,29443,684,46365,California
Humboldt,2021-04-04,485,73842,371,34920,105,36258,9,2664,406,17258,79,29522,415,46780,California
Humboldt,2021-04-05,777,74619,463,35383,266,36524,48,2712,443,17417,332,29854,491,47271,California
Humboldt,2021-04-06,841,75460,318,35701,389,36913,134,2846,586,17886,249,30103,718,47989,California
Humboldt,2021-04-07,1497,76957,1065,36766,292,37205,140,2986,992,18516,502,30605,1132,49121,California
Humboldt,2021-04-08,1748,78705,1096,37862,494,37699,158,3144,738,18404,1008,31613,896,50017,California
Humboldt,2021-04-09,1440,80145,439,38301,847,38546,154,3298,1152,19416,287,31900,1299,51316,California
Humboldt,2021-04-10,936,81081,139,38440,623,39169,174,3472,737,20128,197,32097,909,52225,California
Humboldt,2021-04-11,645,81726,138,38578,36,39205,471,3943,128,20209,517,32614,598,52823,California
Humboldt,2021-04-12,436,82162,227,38805,84,39289,125,4068,277,20452,159,32773,402,53225,California
Humboldt,2021-04-13,589,82751,323,39128,262,39551,4,4072,555,20979,31,32804,558,53783,California
Humboldt,2021-04-14,1428,84179,1032,40160,396,39947,0,4072,1316,22184,111,32915,1316,55099,California
Humboldt,2021-04-15,1821,86000,1195,41355,622,40569,4,4076,1253,22890,550,33465,1256,56355,California
Humboldt,2021-04-16,1138,87138,523,41878,615,41184,0,4076,552,22859,583,34048,552,56907,California
Humboldt,2021-04-17,1772,88910,1450,43328,322,41506,0,4076,1034,23161,732,34780,1034,57941,California
Humboldt,2021-04-18,661,89571,348,43676,312,41818,1,4077,84,22674,571,35351,84,58025,California
Humboldt,2021-04-19,201,89772,84,43760,117,41935,0,4077,86,22647,113,35464,86,58111,California
Humboldt,2021-04-20,487,90259,127,43887,360,42295,0,4077,241,22643,245,35709,241,58352,California
Humboldt,2021-04-21,1092,91351,381,44268,711,43006,0,4077,433,22427,650,36359,434,58786,California
Humboldt,2021-04-22,878,92229,525,44793,351,43357,2,4079,445,22441,431,36790,445,59231,California
Humboldt,2021-04-23,2164,94393,305,45098,1859,45216,0,4079,315,20911,1845,38635,315,59546,California
Humboldt,2021-04-24,1086,95479,880,45978,201,45417,5,4084,361,20554,723,39358,366,59912,California
Humboldt,2021-04-25,377,95856,240,46218,137,45554,0,4084,193,20566,181,39539,193,60105,California
Humboldt,2021-04-26,339,96195,236,46454,99,45653,4,4088,98,20427,239,39778,100,60205,California
Humboldt,2021-04-27,731,96926,239,46693,469,46122,23,4111,152,20025,577,40355,175,60380,California
Humboldt,2021-04-28,1540,98466,793,47486,702,46824,45,4156,400,19332,1138,41493,445,60825,California
Humboldt,2021-04-29,1737,100203,589,48075,1110,47934,38,4194,290,18217,1443,42936,328,61153,California
Humboldt,2021-04-30,1249,101452,392,48467,823,48757,34,4228,192,17390,1051,43987,224,61377,California
Humboldt,2021-05-01,466,101918,385,48852,59,48816,22,4250,288,17523,177,44164,310,61687,California
Humboldt,2021-05-02,230,102148,184,49036,37,48853,9,4259,114,17532,115,44279,124,61811,California
Humboldt,2021-05-03,612,102760,375,49411,213,49066,24,4283,99,17145,511,44790,124,61935,California
Humboldt,2021-05-04,819,103579,483,49894,290,49356,46,4329,248,16870,568,45358,293,62228,California
Humboldt,2021-05-05,1684,105263,1075,50969,552,49908,57,4386,178,15604,1499,46857,233,62461,California
Humboldt,2021-05-06,1689,106952,1073,52042,364,50272,252,4638,139,14448,1547,48404,391,62852,California
Humboldt,2021-05-07,1417,108369,302,52344,1056,51328,59,4697,234,13559,1180,49584,291,63143,California
Humboldt,2021-05-08,742,109111,147,52491,572,51900,23,4720,91,13023,650,50234,114,63257,California
Humboldt,2021-05-09,908,110019,856,53347,42,51942,10,4730,48,12221,860,51094,58,63315,California
Humboldt,2021-05-10,215,110234,36,53383,141,52083,38,4768,82,12208,133,51227,120,63435,California
Humboldt,2021-05-11,491,110725,146,53529,274,52357,71,4839,183,12154,308,51535,254,63689,California
Humboldt,2021-05-12,581,111306,120,53649,419,52776,42,4881,209,12033,371,51906,250,63939,California
Humboldt,2021-05-13,513,111819,240,53889,248,53024,25,4906,218,11983,293,52199,243,64182,California
Humboldt,2021-05-14,706,112525,140,54029,462,53486,104,5010,231,11845,472,52671,334,64516,California
Humboldt,2021-05-15,780,113305,641,54670,131,53617,8,5018,209,11492,570,53241,217,64733,California
Humboldt,2021-05-16,124,113429,54,54724,66,53683,4,5022,70,11512,54,53295,74,64807,California
Humboldt,2021-05-17,401,113830,213,54937,166,53849,22,5044,223,11580,176,53471,244,65051,California
Humboldt,2021-05-18,661,114491,321,55258,311,54160,29,5073,368,11684,293,53764,397,65448,California
Humboldt,2021-05-19,991,115482,548,55806,400,54560,43,5116,359,11456,628,54392,400,65848,California
Humboldt,2021-05-20,727,116209,550,56356,165,54725,12,5128,539,11823,185,54577,552,66400,California
Humboldt,2021-05-21,797,117006,233,56589,503,55228,61,5189,322,11731,475,55052,383,66783,California
Humboldt,2021-05-22,356,117362,277,56866,71,55299,8,5197,106,11597,248,55300,114,66897,California
Humboldt,2021-05-23,348,117710,302,57168,43,55342,3,5200,57,11366,291,55591,60,66957,California
Humboldt,2021-05-24,324,118034,171,57339,124,55466,29,5229,187,11446,136,55727,216,67173,California
Humboldt,2021-05-25,558,118592,367,57706,167,55633,24,5253,319,11553,236,55963,343,67516,California
Humboldt,2021-05-26,656,119248,320,58026,312,55945,24,5277,322,11565,334,56297,346,67862,California
Humboldt,2021-05-27,461,119709,244,58270,181,56126,36,5313,279,11698,182,56479,315,68177,California
Humboldt,2021-05-28,408,120117,194,58464,167,56293,47,5360,181,11700,226,56705,228,68405,California
Humboldt,2021-05-29,169,120286,102,58566,64,56357,3,5363,96,11726,73,56778,99,68504,California
Humboldt,2021-05-30,104,120390,45,58611,54,56411,5,5368,49,11726,54,56832,54,68558,California
Humboldt,2021-05-31,97,120487,51,58662,40,56451,6,5374,73,11781,23,56855,78,68636,California
Humboldt,2021-06-01,451,120938,268,58930,168,56619,15,5389,203,11752,247,57102,218,68854,California
Humboldt,2021-06-02,529,121467,250,59180,225,56844,54,5443,252,11785,271,57373,304,69158,California
Humboldt,2021-06-03,388,121855,225,59405,141,56985,22,5465,127,11701,233,57606,149,69307,California
Humboldt,2021-06-04,486,122341,305,59710,159,57144,22,5487,128,11537,313,57919,149,69456,California
Humboldt,2021-06-05,392,122733,301,60011,48,57192,43,5530,192,11627,145,58064,235,69691,California
Humboldt,2021-06-06,138,122871,93,60104,35,57227,10,5540,46,11596,87,58151,56,69747,California
Humboldt,2021-06-07,119,122990,59,60163,45,57272,15,5555,37,11566,82,58233,52,69799,California
Imperial,2020-12-16,1,1,1,1,0,0,0,0,1,1,0,0,1,1,California
Imperial,2020-12-17,4,5,4,5,0,0,0,0,4,5,0,0,4,5,California
Imperial,2020-12-18,12,17,12,17,0,0,0,0,12,17,0,0,12,17,California
Imperial,2020-12-20,2,19,2,19,0,0,0,0,2,19,0,0,2,19,California
Imperial,2020-12-21,186,205,186,205,0,0,0,0,186,205,0,0,186,205,California
Imperial,2020-12-22,241,446,239,444,2,2,0,0,241,446,0,0,241,446,California
Imperial,2020-12-23,211,657,210,654,1,3,0,0,210,656,0,0,210,656,California
Imperial,2020-12-24,5,662,5,659,0,3,0,0,5,661,0,0,5,661,California
Imperial,2020-12-26,2,664,1,660,1,4,0,0,2,663,0,0,2,663,California
Imperial,2020-12-27,62,726,0,660,62,66,0,0,62,725,0,0,62,725,California
Imperial,2020-12-28,214,940,114,774,100,166,0,0,214,939,0,0,214,939,California
Imperial,2020-12-29,189,1129,36,810,153,319,0,0,189,1128,0,0,189,1128,California
Imperial,2020-12-30,367,1496,50,860,317,636,0,0,367,1495,0,0,367,1495,California
Imperial,2020-12-31,198,1694,27,887,171,807,0,0,198,1693,0,0,198,1693,California
Imperial,2021-01-01,47,1741,5,892,42,849,0,0,47,1740,0,0,47,1740,California
Imperial,2021-01-02,4,1745,0,892,4,853,0,0,4,1744,0,0,4,1744,California
Imperial,2021-01-03,90,1835,0,892,90,943,0,0,90,1834,0,0,90,1834,California
Imperial,2021-01-04,85,1920,5,897,80,1023,0,0,85,1919,0,0,85,1919,California
Imperial,2021-01-05,172,2092,14,911,158,1181,0,0,172,2091,0,0,172,2091,California
Imperial,2021-01-06,189,2281,25,936,164,1345,0,0,188,2278,1,1,188,2279,California
Imperial,2021-01-07,322,2603,10,946,312,1657,0,0,319,2594,3,4,319,2598,California
Imperial,2021-01-08,192,2795,52,998,140,1797,0,0,182,2766,10,14,182,2780,California
Imperial,2021-01-09,24,2819,21,1019,3,1800,0,0,24,2790,0,14,24,2804,California
Imperial,2021-01-10,2,2821,0,1019,2,1802,0,0,2,2792,0,14,2,2806,California
Imperial,2021-01-11,403,3224,244,1263,159,1961,0,0,175,2739,228,242,175,2981,California
Imperial,2021-01-12,405,3629,302,1565,103,2064,0,0,143,2621,261,503,143,3124,California
Imperial,2021-01-13,378,4007,133,1698,245,2309,0,0,278,2799,100,603,278,3402,California
Imperial,2021-01-14,260,4267,150,1848,110,2419,0,0,254,3048,5,608,254,3656,California
Imperial,2021-01-15,239,4506,181,2029,58,2477,0,0,232,3273,7,615,232,3888,California
Imperial,2021-01-16,80,4586,74,2103,6,2483,0,0,79,3351,1,616,79,3967,California
Imperial,2021-01-17,10,4596,2,2105,8,2491,0,0,10,3361,0,616,10,3977,California
Imperial,2021-01-18,1063,5659,399,2504,664,3155,0,0,965,4229,98,714,966,4943,California
Imperial,2021-01-19,166,5825,130,2634,36,3191,0,0,119,4301,47,761,119,5062,California
Imperial,2021-01-20,295,6120,198,2832,97,3288,0,0,257,4520,38,799,257,5319,California
Imperial,2021-01-21,427,6547,193,3025,234,3522,0,0,405,4903,22,821,405,5724,California
Imperial,2021-01-22,462,7009,191,3216,271,3793,0,0,453,5347,9,830,453,6177,California
Imperial,2021-01-23,1043,8052,291,3507,752,4545,0,0,1042,6388,1,831,1042,7219,California
Imperial,2021-01-24,11,8063,4,3511,7,4552,0,0,11,6399,0,831,11,7230,California
Imperial,2021-01-25,215,8278,5,3516,210,4762,0,0,34,6254,179,1010,34,7264,California
Imperial,2021-01-26,374,8652,188,3704,186,4948,0,0,230,6341,143,1153,230,7494,California
Imperial,2021-01-27,580,9232,166,3870,414,5362,0,0,247,6255,333,1486,247,7741,California
Imperial,2021-01-28,640,9872,163,4033,477,5839,0,0,532,6679,108,1594,532,8273,California
Imperial,2021-01-29,430,10302,298,4331,132,5971,0,0,381,7011,49,1643,381,8654,California
Imperial,2021-01-30,60,10362,33,4364,27,5998,0,0,43,7037,17,1660,43,8697,California
Imperial,2021-01-31,19,10381,9,4373,10,6008,0,0,18,7054,1,1661,18,8715,California
Imperial,2021-02-01,425,10806,57,4430,368,6376,0,0,214,7059,209,1870,214,8929,California
Imperial,2021-02-02,689,11495,59,4489,630,7006,0,0,508,7386,181,2051,508,9437,California
Imperial,2021-02-03,463,11958,52,4541,411,7417,0,0,267,7458,195,2246,267,9704,California
Imperial,2021-02-04,1727,13685,1209,5750,518,7935,0,0,1415,8562,311,2557,1415,11119,California
Imperial,2021-02-05,401,14086,243,5993,158,8093,0,0,168,8496,234,2791,168,11287,California
Imperial,2021-02-06,860,14946,837,6830,23,8116,0,0,825,9284,37,2828,825,12112,California
Imperial,2021-02-07,22,14968,9,6839,13,8129,0,0,21,9304,1,2829,21,12133,California
Imperial,2021-02-08,260,15228,53,6892,207,8336,0,0,191,9426,69,2898,191,12324,California
Imperial,2021-02-09,481,15709,157,7049,324,8660,0,0,321,9587,160,3058,321,12645,California
Imperial,2021-02-10,468,16177,62,7111,406,9066,0,0,104,9328,364,3422,105,12750,California
Imperial,2021-02-11,1043,17220,371,7482,672,9738,0,0,151,8592,887,4309,151,12901,California
Imperial,2021-02-12,2153,19373,1429,8911,724,10462,0,0,1800,10037,356,4665,1801,14702,California
Imperial,2021-02-13,47,19420,17,8928,30,10492,0,0,43,10074,7,4672,44,14746,California
Imperial,2021-02-14,25,19445,12,8940,13,10505,0,0,22,10093,3,4675,22,14768,California
Imperial,2021-02-15,107,19552,19,8959,88,10593,0,0,90,10166,17,4692,90,14858,California
Imperial,2021-02-16,524,20076,273,9232,251,10844,0,0,304,10250,220,4912,304,15162,California
Imperial,2021-02-17,445,20521,288,9520,157,11001,0,0,87,9979,358,5270,87,15249,California
Imperial,2021-02-18,654,21175,316,9836,338,11339,0,0,146,9618,507,5777,146,15395,California
Imperial,2021-02-19,775,21950,384,10220,391,11730,0,0,195,9234,579,6356,195,15590,California
Imperial,2021-02-20,1046,22996,195,10415,851,12581,0,0,330,8852,714,7070,332,15922,California
Imperial,2021-02-21,593,23589,559,10974,34,12615,0,0,581,9422,11,7081,581,16503,California
Imperial,2021-02-22,809,24398,568,11542,241,12856,0,0,759,10131,50,7131,759,17262,California
Imperial,2021-02-23,974,25372,404,11946,570,13426,0,0,917,10992,57,7188,918,18180,California
Imperial,2021-02-24,731,26103,303,12249,428,13854,0,0,630,11522,100,7288,630,18810,California
Imperial,2021-02-25,871,26974,343,12592,528,14382,0,0,499,11656,371,7659,505,19315,California
Imperial,2021-02-26,2296,29270,1355,13947,941,15323,0,0,1812,12986,483,8142,1813,21128,California
Imperial,2021-02-27,870,30140,813,14760,57,15380,0,0,135,12385,737,8879,136,21264,California
Imperial,2021-02-28,33,30173,20,14780,13,15393,0,0,23,12398,10,8889,23,21287,California
Imperial,2021-03-01,520,30693,303,15083,214,15607,3,3,449,12783,68,8957,453,21740,California
Imperial,2021-03-02,691,31384,252,15335,438,16045,1,4,393,12883,296,9253,396,22136,California
Imperial,2021-03-03,932,32316,52,15387,879,16924,1,5,562,13090,367,9620,574,22710,California
Imperial,2021-03-04,773,33089,89,15476,683,17607,1,6,504,13357,267,9887,534,23244,California
Imperial,2021-03-05,3099,36188,2216,17692,883,18490,0,6,1740,13737,1362,11249,1742,24986,California
Imperial,2021-03-06,702,36890,238,17930,464,18954,0,6,658,14358,41,11290,662,25648,California
Imperial,2021-03-07,83,36973,41,17971,42,18996,0,6,58,14393,24,11314,59,25707,California
Imperial,2021-03-08,424,37397,339,18310,50,19046,35,41,366,14737,57,11371,401,26108,California
Imperial,2021-03-09,696,38093,321,18631,128,19174,247,288,404,15095,292,11663,650,26758,California
Imperial,2021-03-10,703,38796,327,18958,271,19445,105,393,329,15156,373,12036,434,27192,California
Imperial,2021-03-11,1806,40602,485,19443,1129,20574,192,585,1199,15954,603,12639,1401,28593,California
Imperial,2021-03-12,4784,45386,3467,22910,1133,21707,184,769,3078,17516,1700,14339,3262,31855,California
Imperial,2021-03-13,1158,46544,95,23005,838,22545,225,994,861,18312,294,14633,1090,32945,California
Imperial,2021-03-14,177,46721,36,23041,127,22672,14,1008,140,18430,37,14670,155,33100,California
Imperial,2021-03-15,696,47417,231,23272,203,22875,262,1270,395,18788,299,14969,657,33757,California
Imperial,2021-03-16,1126,48543,283,23555,373,23248,470,1740,562,19257,562,15531,1031,34788,California
Imperial,2021-03-17,1618,50161,703,24258,778,24026,137,1877,1025,19835,585,16116,1163,35951,California
Imperial,2021-03-18,1825,51986,1208,25466,557,24583,60,1937,1289,20654,532,16648,1351,37302,California
Imperial,2021-03-19,3753,55739,2755,28221,994,25577,4,1941,1892,20698,1853,18501,1897,39199,California
Imperial,2021-03-20,1770,57509,552,28773,1213,26790,5,1946,1320,21585,444,18945,1331,40530,California
Imperial,2021-03-21,218,57727,35,28808,179,26969,4,1950,160,21695,58,19003,168,40698,California
Imperial,2021-03-22,1064,58791,349,29157,707,27676,8,1958,630,21902,433,19436,640,41338,California
Imperial,2021-03-23,1451,60242,452,29609,993,28669,6,1964,942,22346,505,19941,949,42287,California
Imperial,2021-03-24,2162,62404,573,30182,1162,29831,427,2391,1169,22951,990,20931,1595,43882,California
Imperial,2021-03-25,3216,65620,697,30879,896,30727,1623,4014,1207,23767,2003,22934,2819,46701,California
Imperial,2021-03-26,3213,68833,1181,32060,1046,31773,986,5000,923,23396,2279,25213,1908,48609,California
Imperial,2021-03-27,621,69454,287,32347,282,32055,52,5052,449,23728,169,25382,501,49110,California
Imperial,2021-03-28,215,69669,54,32401,159,32214,2,5054,174,23864,40,25422,176,49286,California
Imperial,2021-03-29,1482,71151,361,32762,397,32611,724,5778,331,23770,1148,26570,1054,50340,California
Imperial,2021-03-30,2108,73259,693,33455,601,33212,814,6592,694,23863,1414,27984,1507,51847,California
Imperial,2021-03-31,1551,74810,734,34189,811,34023,6,6598,1028,24376,520,28504,1033,52880,California
Imperial,2021-04-01,2055,76865,435,34624,1375,35398,245,6843,883,24337,1166,29670,1127,54007,California
Imperial,2021-04-02,1947,78812,485,35109,1387,36785,75,6918,1325,25119,616,30286,1398,55405,California
Imperial,2021-04-03,1526,80338,436,35545,1011,37796,79,6997,708,25091,815,31101,787,56192,California
Imperial,2021-04-04,89,80427,45,35590,27,37823,17,7014,25,25069,64,31165,42,56234,California
Imperial,2021-04-05,3412,83839,2323,37913,924,38747,165,7179,808,23448,2594,33759,973,57207,California
Imperial,2021-04-06,1321,85160,535,38448,594,39341,192,7371,687,23699,629,34388,880,58087,California
Imperial,2021-04-07,2170,87330,561,39009,1233,40574,376,7747,1564,25027,611,34999,1939,60026,California
Imperial,2021-04-08,2218,89548,1086,40095,836,41410,296,8043,1075,25257,1139,36138,1369,61395,California
Imperial,2021-04-09,3220,92768,1661,41756,940,42350,619,8662,1511,25684,1701,37839,2128,63523,California
Imperial,2021-04-10,1300,94068,200,41956,826,43176,274,8936,236,25128,1061,38900,505,64028,California
Imperial,2021-04-11,220,94288,31,41987,157,43333,32,8968,76,25092,144,39044,108,64136,California
Imperial,2021-04-12,1455,95743,780,42767,454,43787,221,9189,825,25514,625,39669,1047,65183,California
Imperial,2021-04-13,2937,98680,1910,44677,1025,44812,2,9191,2042,26668,891,40560,2045,67228,California
Imperial,2021-04-14,2045,100725,957,45634,1088,45900,0,9191,1392,27413,648,41208,1393,68621,California
Imperial,2021-04-15,1981,102706,908,46542,1073,46973,0,9191,1357,28153,619,41827,1359,69980,California
Imperial,2021-04-16,3446,106152,1796,48338,1650,48623,0,9191,2152,29026,1280,43107,2153,72133,California
Imperial,2021-04-17,1819,107971,935,49273,882,49505,2,9193,1416,30047,398,43505,1419,73552,California
Imperial,2021-04-18,256,108227,74,49347,182,49687,0,9193,89,29971,165,43670,89,73641,California
Imperial,2021-04-19,849,109076,271,49618,578,50265,0,9193,472,30073,374,44044,476,74117,California
Imperial,2021-04-20,1334,110410,536,50154,798,51063,0,9193,747,30236,585,44629,748,74865,California
Imperial,2021-04-21,1387,111797,344,50498,1042,52105,1,9194,804,30463,577,45206,804,75669,California
Imperial,2021-04-22,2334,114131,819,51317,1515,53620,0,9194,1607,31356,716,45922,1609,77278,California
Imperial,2021-04-23,2828,116959,537,51854,2291,55911,0,9194,1093,30749,1704,47626,1097,78375,California
Imperial,2021-04-24,557,117516,332,52186,225,56136,0,9194,202,30599,352,47978,202,78577,California
Imperial,2021-04-25,269,117785,100,52286,169,56305,0,9194,136,30604,131,48109,136,78713,California
Imperial,2021-04-26,1227,119012,486,52772,737,57042,4,9198,708,30802,513,48622,711,79424,California
Imperial,2021-04-27,1101,120113,361,53133,730,57772,10,9208,546,30809,549,49171,556,79980,California
Imperial,2021-04-28,1495,121608,650,53783,816,58588,29,9237,678,30704,812,49983,707,80687,California
Imperial,2021-04-29,1847,123455,867,54650,933,59521,47,9284,819,30553,1018,51001,867,81554,California
Imperial,2021-04-30,3253,126708,1680,56330,1540,61061,33,9317,1576,30497,1666,52667,1610,83164,California
Imperial,2021-05-01,335,127043,140,56470,192,61253,3,9320,163,30492,172,52839,167,83331,California
Imperial,2021-05-02,85,127128,27,56497,56,61309,2,9322,51,30512,34,52873,54,83385,California
Imperial,2021-05-03,1639,128767,553,57050,1038,62347,48,9370,376,29683,1252,54125,423,83808,California
Imperial,2021-05-04,1760,130527,968,58018,765,63112,27,9397,541,29040,1211,55336,568,84376,California
Imperial,2021-05-05,1505,132032,894,58912,590,63702,21,9418,440,28449,1053,56389,462,84838,California
Imperial,2021-05-06,1686,133718,1110,60022,537,64239,39,9457,544,27896,1136,57525,583,85421,California
Imperial,2021-05-07,2432,136150,1348,61370,1039,65278,45,9502,840,27209,1575,59100,888,86309,California
Imperial,2021-05-08,562,136712,429,61799,125,65403,8,9510,166,26990,393,59493,174,86483,California
Imperial,2021-05-09,94,136806,63,61862,30,65433,1,9511,27,26954,64,59557,28,86511,California
Imperial,2021-05-10,1104,137910,282,62144,699,66132,123,9634,327,26633,770,60327,449,86960,California
Imperial,2021-05-11,1456,139366,466,62610,971,67103,19,9653,484,26176,964,61291,507,87467,California
Imperial,2021-05-12,846,140212,267,62877,541,67644,38,9691,295,25962,546,61837,332,87799,California
Imperial,2021-05-13,1699,141911,1107,63984,520,68164,72,9763,741,25825,949,62786,812,88611,California
Imperial,2021-05-14,1755,143666,967,64951,729,68893,59,9822,1153,26445,592,63378,1212,89823,California
Imperial,2021-05-15,1225,144891,470,65421,735,69628,20,9842,468,26182,751,64129,488,90311,California
Imperial,2021-05-16,121,145012,81,65502,37,69665,3,9845,48,26161,72,64201,51,90362,California
Imperial,2021-05-17,1918,146930,712,66214,1164,70829,42,9887,679,25650,1233,65434,722,91084,California
Imperial,2021-05-18,1591,148521,803,67017,716,71545,72,9959,870,25877,715,66149,942,92026,California
Imperial,2021-05-19,1282,149803,604,67621,609,72154,69,10028,611,25893,664,66813,680,92706,California
Imperial,2021-05-20,1465,151268,931,68552,468,72622,66,10094,672,25850,782,67595,739,93445,California
Imperial,2021-05-21,1741,153009,1104,69656,575,73197,62,10156,886,25952,847,68442,949,94394,California
Imperial,2021-05-22,240,153249,161,69817,63,73260,16,10172,127,25987,108,68550,143,94537,California
Imperial,2021-05-23,65,153314,17,69834,39,73299,9,10181,20,25973,43,68593,29,94566,California
Imperial,2021-05-24,1248,154562,614,70448,578,73877,56,10237,519,25826,722,69315,575,95141,California
Imperial,2021-05-25,1354,155916,460,70908,861,74738,33,10270,501,25516,844,70159,534,95675,California
Imperial,2021-05-26,931,156847,486,71394,404,75142,41,10311,397,25423,531,70690,438,96113,California
Imperial,2021-05-27,1309,158156,717,72111,522,75664,70,10381,636,25462,667,71357,706,96819,California
Imperial,2021-05-28,992,159148,570,72681,352,76016,70,10451,375,25297,610,71967,445,97264,California
Imperial,2021-05-29,215,159363,119,72800,90,76106,6,10457,109,25306,106,72073,115,97379,California
Imperial,2021-05-30,95,159458,27,72827,66,76172,2,10459,64,25341,31,72104,66,97445,California
Imperial,2021-05-31,77,159535,19,72846,52,76224,6,10465,35,25340,42,72146,41,97486,California
Imperial,2021-06-01,1149,160684,524,73370,562,76786,63,10528,454,25170,688,72834,518,98004,California
Imperial,2021-06-02,1042,161726,568,73938,387,77173,87,10615,526,25269,512,73346,611,98615,California
Imperial,2021-06-03,1129,162855,662,74600,380,77553,87,10702,545,25323,578,73924,632,99247,California
Imperial,2021-06-04,1691,164546,1175,75775,427,77980,89,10791,731,25190,952,74876,819,100066,California
Imperial,2021-06-05,322,164868,203,75978,107,78087,12,10803,157,25198,161,75037,169,100235,California
Imperial,2021-06-06,77,164945,44,76022,22,78109,11,10814,43,25218,34,75071,54,100289,California
Imperial,2021-06-07,506,165451,319,76341,146,78255,41,10855,229,25213,276,75347,271,100560,California
Inyo,2020-12-19,85,85,85,85,0,0,0,0,85,85,0,0,85,85,California
Inyo,2020-12-20,58,143,58,143,0,0,0,0,58,143,0,0,58,143,California
Inyo,2020-12-21,88,231,85,228,3,3,0,0,88,231,0,0,88,231,California
Inyo,2020-12-22,104,335,104,332,0,3,0,0,104,335,0,0,104,335,California
Inyo,2020-12-23,69,404,66,398,3,6,0,0,69,404,0,0,69,404,California
Inyo,2020-12-24,16,420,16,414,0,6,0,0,16,420,0,0,16,420,California
Inyo,2020-12-25,1,421,0,414,1,7,0,0,1,421,0,0,1,421,California
Inyo,2020-12-26,74,495,74,488,0,7,0,0,74,495,0,0,74,495,California
Inyo,2020-12-28,48,543,36,524,12,19,0,0,48,543,0,0,48,543,California
Inyo,2020-12-29,19,562,19,543,0,19,0,0,19,562,0,0,19,562,California
Inyo,2020-12-30,56,618,54,597,2,21,0,0,56,618,0,0,56,618,California
Inyo,2020-12-31,29,647,0,597,29,50,0,0,29,647,0,0,29,647,California
Inyo,2021-01-01,1,648,0,597,1,51,0,0,1,648,0,0,1,648,California
Inyo,2021-01-03,1,649,0,597,1,52,0,0,1,649,0,0,1,649,California
Inyo,2021-01-04,2,651,1,598,1,53,0,0,2,651,0,0,2,651,California
Inyo,2021-01-05,34,685,0,598,34,87,0,0,34,685,0,0,34,685,California
Inyo,2021-01-06,64,749,0,598,64,151,0,0,64,749,0,0,64,749,California
Inyo,2021-01-07,31,780,1,599,30,181,0,0,31,780,0,0,31,780,California
Inyo,2021-01-08,9,789,8,607,1,182,0,0,4,780,5,5,5,785,California
Inyo,2021-01-09,87,876,86,693,1,183,0,0,1,695,86,91,1,786,California
Inyo,2021-01-10,52,928,52,745,0,183,0,0,0,643,52,143,0,786,California
Inyo,2021-01-11,97,1025,82,827,15,198,0,0,16,578,81,224,16,802,California
Inyo,2021-01-12,137,1162,116,943,21,219,0,0,27,495,110,334,27,829,California
Inyo,2021-01-13,86,1248,68,1011,18,237,0,0,21,452,65,399,22,851,California
Inyo,2021-01-14,59,1307,13,1024,46,283,0,0,49,491,10,409,49,900,California
Inyo,2021-01-15,160,1467,28,1052,132,415,0,0,160,651,0,409,160,1060,California
Inyo,2021-01-16,74,1541,73,1125,1,416,0,0,1,579,73,482,1,1061,California
Inyo,2021-01-18,58,1599,36,1161,22,438,0,0,19,559,39,521,19,1080,California
Inyo,2021-01-19,112,1711,71,1232,41,479,0,0,95,637,17,538,95,1175,California
Inyo,2021-01-20,146,1857,70,1302,76,555,0,0,92,675,54,592,92,1267,California
Inyo,2021-01-21,117,1974,57,1359,60,615,0,0,116,790,1,593,116,1383,California
Inyo,2021-01-22,62,2036,0,1359,62,677,0,0,61,850,1,594,61,1444,California
Inyo,2021-01-23,52,2088,51,1410,1,678,0,0,52,902,0,594,52,1496,California
Inyo,2021-01-25,49,2137,6,1416,43,721,0,0,37,927,12,606,37,1533,California
Inyo,2021-01-26,134,2271,53,1469,81,802,0,0,128,1049,6,612,128,1661,California
Inyo,2021-01-27,24,2295,2,1471,22,824,0,0,23,1071,1,613,23,1684,California
Inyo,2021-01-28,92,2387,2,1473,90,914,0,0,63,1105,29,642,63,1747,California
Inyo,2021-01-29,25,2412,3,1476,22,936,0,0,23,1126,2,644,23,1770,California
Inyo,2021-01-30,10,2422,0,1476,10,946,0,0,10,1136,0,644,10,1780,California
Inyo,2021-01-31,28,2450,3,1479,25,971,0,0,3,1114,25,669,3,1783,California
Inyo,2021-02-01,10,2460,9,1488,1,972,0,0,0,1104,10,679,0,1783,California
Inyo,2021-02-02,130,2590,14,1502,116,1088,0,0,104,1182,26,705,104,1887,California
Inyo,2021-02-03,114,2704,0,1502,114,1202,0,0,73,1214,41,746,73,1960,California
Inyo,2021-02-04,148,2852,32,1534,116,1318,0,0,89,1244,59,805,89,2049,California
Inyo,2021-02-05,114,2966,58,1592,56,1374,0,0,112,1354,2,807,112,2161,California
Inyo,2021-02-06,4,2970,2,1594,2,1376,0,0,3,1356,1,808,3,2164,California
Inyo,2021-02-07,4,2974,2,1596,2,1378,0,0,4,1360,0,808,4,2168,California
Inyo,2021-02-08,116,3090,6,1602,110,1488,0,0,97,1438,19,827,97,2265,California
Inyo,2021-02-09,195,3285,52,1654,143,1631,0,0,124,1491,71,898,124,2389,California
Inyo,2021-02-10,140,3425,16,1670,124,1755,0,0,107,1565,33,931,107,2496,California
Inyo,2021-02-11,220,3645,56,1726,164,1919,0,0,126,1597,94,1025,126,2622,California
Inyo,2021-02-12,296,3941,51,1777,245,2164,0,0,167,1635,129,1154,167,2789,California
Inyo,2021-02-13,57,3998,52,1829,5,2169,0,0,6,1590,51,1205,6,2795,California
Inyo,2021-02-14,1,3999,0,1829,1,2170,0,0,1,1591,0,1205,1,2796,California
Inyo,2021-02-15,28,4027,9,1838,19,2189,0,0,5,1573,23,1228,5,2801,California
Inyo,2021-02-16,177,4204,49,1887,128,2317,0,0,91,1579,85,1313,91,2892,California
Inyo,2021-02-17,38,4242,4,1891,34,2351,0,0,8,1557,30,1343,8,2900,California
Inyo,2021-02-18,119,4361,6,1897,113,2464,0,0,79,1596,40,1383,79,2979,California
Inyo,2021-02-19,52,4413,5,1902,47,2511,0,0,9,1562,43,1426,9,2988,California
Inyo,2021-02-20,505,4918,500,2402,5,2516,0,0,503,2063,2,1428,503,3491,California
Inyo,2021-02-21,441,5359,441,2843,0,2516,0,0,441,2504,0,1428,441,3932,California
Inyo,2021-02-22,60,5419,18,2861,42,2558,0,0,26,2496,34,1462,26,3958,California
Inyo,2021-02-23,197,5616,18,2879,179,2737,0,0,94,2488,102,1564,94,4052,California
Inyo,2021-02-24,118,5734,0,2879,118,2855,0,0,57,2484,61,1625,57,4109,California
Inyo,2021-02-25,130,5864,3,2882,127,2982,0,0,61,2476,69,1694,61,4170,California
Inyo,2021-02-26,100,5964,57,2939,43,3025,0,0,19,2414,81,1775,19,4189,California
Inyo,2021-02-27,14,5978,3,2942,11,3036,0,0,2,2404,12,1787,2,4191,California
Inyo,2021-02-28,3,5981,1,2943,2,3038,0,0,2,2405,1,1788,2,4193,California
Inyo,2021-03-01,19,6000,2,2945,17,3055,0,0,17,2420,2,1790,17,4210,California
Inyo,2021-03-02,193,6193,0,2945,193,3248,0,0,108,2443,85,1875,108,4318,California
Inyo,2021-03-03,83,6276,3,2948,80,3328,0,0,41,2442,42,1917,41,4359,California
Inyo,2021-03-04,125,6401,3,2951,122,3450,0,0,45,2407,80,1997,45,4404,California
Inyo,2021-03-05,140,6541,54,3005,86,3536,0,0,39,2345,101,2098,39,4443,California
Inyo,2021-03-06,23,6564,1,3006,22,3558,0,0,22,2366,1,2099,22,4465,California
Inyo,2021-03-07,6,6570,3,3009,3,3561,0,0,4,2368,2,2101,4,4469,California
Inyo,2021-03-08,173,6743,5,3014,168,3729,0,0,82,2359,91,2192,82,4551,California
Inyo,2021-03-09,190,6933,3,3017,187,3916,0,0,74,2317,116,2308,74,4625,California
Inyo,2021-03-10,71,7004,9,3026,61,3977,1,1,30,2307,41,2349,31,4656,California
Inyo,2021-03-11,204,7208,1,3027,198,4175,5,6,74,2256,130,2479,79,4735,California
Inyo,2021-03-12,176,7384,4,3031,167,4342,5,11,78,2241,98,2577,83,4818,California
Inyo,2021-03-13,576,7960,542,3573,25,4367,9,20,67,1809,508,3085,76,4894,California
Inyo,2021-03-14,440,8400,439,4012,1,4368,0,20,5,1380,434,3519,5,4899,California
Inyo,2021-03-15,50,8450,14,4026,34,4402,2,22,30,1392,20,3539,32,4931,California
Inyo,2021-03-16,162,8612,3,4029,153,4555,6,28,63,1363,98,3637,69,5000,California
Inyo,2021-03-17,108,8720,3,4032,98,4653,7,35,92,1446,16,3653,99,5099,California
Inyo,2021-03-18,183,8903,15,4047,161,4814,7,42,103,1476,80,3733,110,5209,California
Inyo,2021-03-19,44,8947,3,4050,37,4851,4,46,35,1506,9,3742,39,5248,California
Inyo,2021-03-20,19,8966,1,4051,9,4860,9,55,0,1496,19,3761,9,5257,California
Inyo,2021-03-22,58,9024,2,4053,51,4911,5,60,38,1519,20,3781,43,5300,California
Inyo,2021-03-23,194,9218,3,4056,187,5098,4,64,105,1539,89,3870,109,5409,California
Inyo,2021-03-24,140,9358,3,4059,133,5231,4,68,86,1575,54,3924,90,5499,California
Inyo,2021-03-25,329,9687,109,4168,217,5448,3,71,264,1777,65,3989,267,5766,California
Inyo,2021-03-26,92,9779,3,4171,85,5533,4,75,71,1832,21,4010,76,5842,California
Inyo,2021-03-27,50,9829,42,4213,5,5538,3,78,44,1873,6,4016,47,5889,California
Inyo,2021-03-28,3,9832,0,4213,2,5540,1,79,1,1873,2,4018,2,5891,California
Inyo,2021-03-29,108,9940,2,4215,101,5641,5,84,81,1933,26,4044,86,5977,California
Inyo,2021-03-30,218,10158,2,4217,211,5852,5,89,108,1936,110,4154,113,6090,California
Inyo,2021-03-31,150,10308,3,4220,141,5993,6,95,108,2008,42,4196,114,6204,California
Inyo,2021-04-01,166,10474,4,4224,161,6154,1,96,117,2077,49,4245,118,6322,California
Inyo,2021-04-02,79,10553,1,4225,76,6230,2,98,49,2098,30,4275,51,6373,California
Inyo,2021-04-03,79,10632,40,4265,26,6256,13,111,3,2039,74,4349,15,6388,California
Inyo,2021-04-04,5,10637,4,4269,0,6256,1,112,1,2037,4,4353,2,6390,California
Inyo,2021-04-05,108,10745,1,4270,103,6359,4,116,29,1991,79,4432,33,6423,California
Inyo,2021-04-06,234,10979,4,4274,167,6526,63,179,103,2026,131,4563,166,6589,California
Inyo,2021-04-07,206,11185,2,4276,76,6602,128,307,47,2042,159,4722,175,6764,California
Inyo,2021-04-08,181,11366,15,4291,149,6751,17,324,81,2040,100,4822,98,6862,California
Inyo,2021-04-09,125,11491,6,4297,96,6847,23,347,37,2013,87,4909,60,6922,California
Inyo,2021-04-10,41,11532,1,4298,23,6870,17,364,3,1995,38,4947,20,6942,California
Inyo,2021-04-11,1,11533,0,4298,1,6871,0,364,1,1996,0,4947,1,6943,California
Inyo,2021-04-12,79,11612,0,4298,74,6945,5,369,41,2004,38,4985,46,6989,California
Inyo,2021-04-13,121,11733,4,4302,114,7059,3,372,62,2011,58,5043,65,7054,California
Inyo,2021-04-14,130,11863,2,4304,128,7187,0,372,45,1971,85,5128,45,7099,California
Inyo,2021-04-15,273,12136,116,4420,157,7344,0,372,78,1854,195,5323,78,7177,California
Inyo,2021-04-16,46,12182,5,4425,41,7385,0,372,18,1844,28,5351,18,7195,California
Inyo,2021-04-17,2,12184,1,4426,1,7386,0,372,1,1844,1,5352,1,7196,California
Inyo,2021-04-19,122,12306,39,4465,83,7469,0,372,41,1804,81,5433,41,7237,California
Inyo,2021-04-20,163,12469,2,4467,161,7630,0,372,79,1799,84,5517,79,7316,California
Inyo,2021-04-21,112,12581,3,4470,109,7739,0,372,32,1751,80,5597,32,7348,California
Inyo,2021-04-22,196,12777,1,4471,195,7934,0,372,51,1657,145,5742,51,7399,California
Inyo,2021-04-23,95,12872,4,4475,91,8025,0,372,22,1606,73,5815,22,7421,California
Inyo,2021-04-24,309,13181,308,4783,1,8026,0,372,305,1907,4,5819,305,7726,California
Inyo,2021-04-25,133,13314,132,4915,1,8027,0,372,133,2040,0,5819,133,7859,California
Inyo,2021-04-26,91,13405,1,4916,89,8116,1,373,10,1971,80,5899,11,7870,California
Inyo,2021-04-27,183,13588,6,4922,172,8288,5,378,47,1887,136,6035,52,7922,California
Inyo,2021-04-28,122,13710,2,4924,118,8406,2,380,20,1807,102,6137,22,7944,California
Inyo,2021-04-29,170,13880,55,4979,115,8521,0,380,76,1789,94,6231,76,8020,California
Inyo,2021-04-30,82,13962,5,4984,76,8597,1,381,23,1754,59,6290,24,8044,California
Inyo,2021-05-01,12,13974,3,4987,9,8606,0,381,10,1762,2,6292,10,8054,California
Inyo,2021-05-02,7,13981,3,4990,2,8608,2,383,4,1765,3,6295,6,8060,California
Inyo,2021-05-03,38,14019,1,4991,33,8641,4,387,5,1741,33,6328,9,8069,California
Inyo,2021-05-04,122,14141,2,4993,116,8757,4,391,21,1665,101,6429,25,8094,California
Inyo,2021-05-05,36,14177,0,4993,34,8791,2,393,11,1653,25,6454,13,8107,California
Inyo,2021-05-06,92,14269,4,4997,80,8871,8,401,12,1593,80,6534,20,8127,California
Inyo,2021-05-07,49,14318,4,5001,37,8908,8,409,24,1601,24,6558,32,8159,California
Inyo,2021-05-08,11,14329,2,5003,4,8912,5,414,4,1603,7,6565,9,8168,California
Inyo,2021-05-09,1,14330,0,5003,1,8913,0,414,0,1602,1,6566,0,8168,California
Inyo,2021-05-10,69,14399,1,5004,66,8979,2,416,30,1596,39,6605,33,8201,California
Inyo,2021-05-11,87,14486,1,5005,83,9062,3,419,20,1552,67,6672,23,8224,California
Inyo,2021-05-12,43,14529,1,5006,40,9102,2,421,11,1533,32,6704,13,8237,California
Inyo,2021-05-13,74,14603,1,5007,72,9174,1,422,11,1482,63,6767,12,8249,California
Inyo,2021-05-14,25,14628,3,5010,17,9191,5,427,12,1486,13,6780,17,8266,California
Inyo,2021-05-15,377,15005,365,5375,10,9201,2,429,85,1281,292,7072,87,8353,California
Inyo,2021-05-16,198,15203,198,5573,0,9201,0,429,71,1225,127,7199,71,8424,California
Inyo,2021-05-17,62,15265,3,5576,55,9256,4,433,19,1206,42,7241,23,8447,California
Inyo,2021-05-18,83,15348,2,5578,80,9336,1,434,17,1158,66,7307,18,8465,California
Inyo,2021-05-19,47,15395,2,5580,40,9376,5,439,13,1142,34,7341,18,8483,California
Inyo,2021-05-20,143,15538,80,5660,62,9438,1,440,34,1068,109,7450,35,8518,California
Inyo,2021-05-21,47,15585,18,5678,25,9463,4,444,19,1063,28,7478,23,8541,California
Inyo,2021-05-22,25,15610,15,5693,7,9470,3,447,18,1077,7,7485,21,8562,California
Inyo,2021-05-23,2,15612,1,5694,0,9470,1,448,0,1076,2,7487,1,8563,California
Inyo,2021-05-24,33,15645,6,5700,24,9494,3,451,13,1072,20,7507,16,8579,California
Inyo,2021-05-25,82,15727,39,5739,41,9535,2,453,47,1086,35,7542,49,8628,California
Inyo,2021-05-26,32,15759,5,5744,25,9560,2,455,10,1076,22,7564,12,8640,California
Inyo,2021-05-27,40,15799,11,5755,21,9581,8,463,13,1071,26,7590,21,8661,California
Inyo,2021-05-28,26,15825,6,5761,15,9596,5,468,8,1066,18,7608,13,8674,California
Inyo,2021-05-29,15,15840,5,5766,10,9606,0,468,6,1063,9,7617,6,8680,California
Inyo,2021-05-30,2,15842,0,5766,2,9608,0,468,0,1061,2,7619,0,8680,California
Inyo,2021-06-01,53,15895,16,5782,31,9639,6,474,23,1060,30,7649,29,8709,California
Inyo,2021-06-02,9,15904,7,5789,1,9640,1,475,8,1068,1,7650,9,8718,California
Inyo,2021-06-03,25,15929,0,5789,18,9658,7,482,1,1052,24,7674,8,8726,California
Inyo,2021-06-04,33,15962,7,5796,22,9680,4,486,13,1049,20,7694,17,8743,California
Inyo,2021-06-05,20,15982,11,5807,8,9688,1,487,6,1042,14,7708,7,8750,California
Inyo,2021-06-06,2,15984,2,5809,0,9688,0,487,2,1044,0,7708,2,8752,California
Inyo,2021-06-07,20,16004,0,5809,17,9705,3,490,1,1029,19,7727,4,8756,California
Kern,2020-12-15,1,1,1,1,0,0,0,0,1,1,0,0,1,1,California
Kern,2020-12-16,18,19,18,19,0,0,0,0,18,19,0,0,18,19,California
Kern,2020-12-17,163,182,163,182,0,0,0,0,163,182,0,0,163,182,California
Kern,2020-12-18,323,505,323,505,0,0,0,0,323,505,0,0,323,505,California
Kern,2020-12-19,99,604,99,604,0,0,0,0,100,605,0,0,100,605,California
Kern,2020-12-20,61,665,61,665,0,0,0,0,61,666,0,0,61,666,California
Kern,2020-12-21,670,1335,669,1334,1,1,0,0,670,1336,0,0,670,1336,California
Kern,2020-12-22,530,1865,528,1862,2,3,0,0,530,1866,0,0,530,1866,California
Kern,2020-12-23,556,2421,418,2280,138,141,0,0,556,2422,0,0,556,2422,California
Kern,2020-12-24,122,2543,43,2323,79,220,0,0,122,2544,0,0,122,2544,California
Kern,2020-12-25,1,2544,1,2324,0,220,0,0,1,2545,0,0,1,2545,California
Kern,2020-12-26,33,2577,1,2325,32,252,0,0,33,2578,0,0,33,2578,California
Kern,2020-12-27,35,2612,3,2328,32,284,0,0,35,2613,0,0,35,2613,California
Kern,2020-12-28,825,3437,661,2989,164,448,0,0,825,3438,0,0,825,3438,California
Kern,2020-12-29,743,4180,450,3439,293,741,0,0,742,4179,1,1,742,4180,California
Kern,2020-12-30,1204,5384,912,4351,292,1033,0,0,1204,5383,0,1,1204,5384,California
Kern,2020-12-31,277,5661,99,4450,178,1211,0,0,277,5660,0,1,277,5661,California
Kern,2021-01-01,16,5677,9,4459,7,1218,0,0,16,5676,0,1,16,5677,California
Kern,2021-01-02,79,5756,18,4477,61,1279,0,0,79,5755,0,1,79,5756,California
Kern,2021-01-03,23,5779,4,4481,19,1298,0,0,23,5778,0,1,23,5779,California
Kern,2021-01-04,556,6335,361,4842,195,1493,0,0,556,6334,0,1,556,6335,California
Kern,2021-01-05,1133,7468,738,5580,395,1888,0,0,1121,7443,12,13,1121,7456,California
Kern,2021-01-06,1161,8629,449,6029,712,2600,0,0,1131,8544,30,43,1131,8587,California
Kern,2021-01-07,1403,10032,486,6515,917,3517,0,0,1235,9612,167,210,1235,9822,California
Kern,2021-01-08,1625,11657,766,7281,859,4376,0,0,1328,10643,298,508,1329,11151,California
Kern,2021-01-09,228,11885,78,7359,150,4526,0,0,193,10801,35,543,193,11344,California
Kern,2021-01-10,194,12079,149,7508,45,4571,0,0,153,10913,41,584,153,11497,California
Kern,2021-01-11,1559,13638,987,8495,572,5143,0,0,1001,11356,558,1142,1001,12498,California
Kern,2021-01-12,1867,15505,812,9307,1055,6198,0,0,1355,12199,512,1654,1355,13853,California
Kern,2021-01-13,1852,17357,869,10176,983,7181,0,0,1433,13213,419,2073,1433,15286,California
Kern,2021-01-14,2188,19545,646,10822,1542,8723,0,0,2142,15309,46,2119,2142,17428,California
Kern,2021-01-15,2710,22255,854,11676,1856,10579,0,0,2613,17828,95,2214,2614,20042,California
Kern,2021-01-16,671,22926,211,11887,460,11039,0,0,636,18429,35,2249,636,20678,California
Kern,2021-01-17,73,22999,7,11894,66,11105,0,0,71,18498,2,2251,71,20749,California
Kern,2021-01-18,1646,24645,657,12551,989,12094,0,0,1480,19812,166,2417,1480,22229,California
Kern,2021-01-19,1853,26498,1032,13583,821,12915,0,0,1390,20740,463,2880,1391,23620,California
Kern,2021-01-20,2617,29115,1682,15265,935,13850,0,0,1913,21956,699,3579,1915,25535,California
Kern,2021-01-21,2111,31226,867,16132,1244,15094,0,0,1915,23676,195,3774,1915,27450,California
Kern,2021-01-22,2713,33939,1299,17431,1414,16508,0,0,2435,25834,277,4051,2435,29885,California
Kern,2021-01-23,1248,35187,541,17972,707,17215,0,0,1202,26990,46,4097,1202,31087,California
Kern,2021-01-24,152,35339,11,17983,141,17356,0,0,146,27130,6,4103,146,31233,California
Kern,2021-01-25,2387,37726,1087,19070,1300,18656,0,0,1902,28549,484,4587,1903,33136,California
Kern,2021-01-26,2771,40497,1128,20198,1643,20299,0,0,1911,29601,859,5446,1911,35047,California
Kern,2021-01-27,3558,44055,1903,22101,1655,21954,0,0,2860,31766,695,6141,2860,37907,California
Kern,2021-01-28,2874,46929,1358,23459,1516,23470,0,0,2443,33786,426,6567,2446,40353,California
Kern,2021-01-29,3785,50714,1799,25258,1986,25456,0,0,3239,36482,543,7110,3239,43592,California
Kern,2021-01-30,1329,52043,500,25758,829,26285,0,0,1279,37713,48,7158,1279,44871,California
Kern,2021-01-31,403,52446,276,26034,127,26412,0,0,268,37846,135,7293,268,45139,California
Kern,2021-02-01,2598,55044,990,27024,1608,28020,0,0,1885,39022,710,8003,1886,47025,California
Kern,2021-02-02,2752,57796,798,27822,1954,29974,0,0,2050,40371,702,8705,2051,49076,California
Kern,2021-02-03,3664,61460,1553,29375,2111,32085,0,0,2693,42100,964,9669,2693,51769,California
Kern,2021-02-04,3805,65265,1452,30827,2353,34438,0,0,2587,43479,1208,10877,2587,54356,California
Kern,2021-02-05,4854,70119,1989,32816,2865,37303,0,0,3094,44832,1741,12618,3094,57450,California
Kern,2021-02-06,1742,71861,769,33585,973,38276,0,0,1516,46125,223,12841,1516,58966,California
Kern,2021-02-07,284,72145,151,33736,133,38409,0,0,267,46377,15,12856,267,59233,California
Kern,2021-02-08,2562,74707,784,34520,1778,40187,0,0,1256,46346,1288,14144,1257,60490,California
Kern,2021-02-09,3039,77746,987,35507,2052,42239,0,0,1464,46244,1566,15710,1464,61954,California
Kern,2021-02-10,3793,81539,1661,37168,2132,44371,0,0,1873,46215,1903,17613,1874,63828,California
Kern,2021-02-11,4266,85805,1535,38703,2731,47102,0,0,2223,46409,2030,19643,2224,66052,California
Kern,2021-02-12,4951,90756,1891,40594,3060,50162,0,0,2468,46408,2469,22112,2468,68520,California
Kern,2021-02-13,2009,92765,727,41321,1282,51444,0,0,1161,46723,846,22958,1161,69681,California
Kern,2021-02-14,351,93116,12,41333,339,51783,0,0,269,46911,81,23039,269,69950,California
Kern,2021-02-15,2744,95860,896,42229,1848,53631,0,0,1211,46598,1524,24563,1211,71161,California
Kern,2021-02-16,2936,98796,711,42940,2225,55856,0,0,1647,46966,1280,25843,1648,72809,California
Kern,2021-02-17,4069,102865,2077,45017,1992,57848,0,0,1924,46752,2139,27982,1925,74734,California
Kern,2021-02-18,3762,106627,1487,46504,2275,60123,0,0,1628,46256,2124,30106,1628,76362,California
Kern,2021-02-19,4190,110817,1914,48418,2276,62399,0,0,1735,45543,2448,32554,1735,78097,California
Kern,2021-02-20,2580,113397,967,49385,1613,64012,0,0,1347,45661,1229,33783,1347,79444,California
Kern,2021-02-21,258,113655,152,49537,106,64118,0,0,89,45583,167,33950,89,79533,California
Kern,2021-02-22,2670,116325,1154,50691,1516,65634,0,0,1431,45780,1234,35184,1431,80964,California
Kern,2021-02-23,3565,119890,1131,51822,2434,68068,0,0,1993,46204,1570,36754,1994,82958,California
Kern,2021-02-24,5200,125090,2289,54111,2911,70979,0,0,3103,47214,2093,38847,3103,86061,California
Kern,2021-02-25,5375,130465,2457,56568,2918,73897,0,0,3194,48246,2162,41009,3194,89255,California
Kern,2021-02-26,6910,137375,3537,60105,3373,77270,0,0,4355,50054,2548,43557,4356,93611,California
Kern,2021-02-27,3952,141327,1982,62087,1970,79240,0,0,2613,51336,1331,44888,2613,96224,California
Kern,2021-02-28,916,142243,503,62590,412,79652,1,1,695,51813,219,45107,696,96920,California
Kern,2021-03-01,4006,146249,1820,64410,2182,81834,4,5,2692,53205,1304,46411,2696,99616,California
Kern,2021-03-02,4475,150724,1412,65822,3061,84895,2,7,2952,54646,1512,47923,2953,102569,California
Kern,2021-03-03,5939,156663,2814,68636,3125,88020,0,7,3841,56404,2084,50007,3842,106411,California
Kern,2021-03-04,5617,162280,2212,70848,3402,91422,3,10,3620,58043,1983,51990,3622,110033,California
Kern,2021-03-05,6654,168934,2860,73708,3775,95197,19,29,4216,59850,2428,54418,4235,114268,California
Kern,2021-03-06,4749,173683,1926,75634,2716,97913,107,136,3471,62157,1270,55688,3577,117845,California
Kern,2021-03-07,2064,175747,1596,77230,412,98325,56,192,1865,63880,198,55886,1921,119766,California
Kern,2021-03-08,2902,178649,924,78154,1756,100081,222,414,1526,64253,1373,57259,1746,121512,California
Kern,2021-03-09,3717,182366,804,78958,2531,102612,382,796,2319,65561,1390,58649,2698,124210,California
Kern,2021-03-10,6134,188500,2561,81519,2499,105111,1074,1870,3594,67702,2525,61174,4666,128876,California
Kern,2021-03-11,6336,194836,2444,83963,2866,107977,1026,2896,3777,69952,2548,63722,4798,133674,California
Kern,2021-03-12,7833,202669,3073,87036,3408,111385,1352,4248,4322,72118,3498,67220,5664,139338,California
Kern,2021-03-13,4667,207336,2529,89565,1802,113187,336,4584,3246,74280,1414,68634,3576,142914,California
Kern,2021-03-14,2295,209631,1519,91084,535,113722,241,4825,1774,75771,521,69155,2012,144926,California
Kern,2021-03-15,4271,213902,1103,92187,2455,116177,713,5538,2202,76622,2057,71212,2908,147834,California
Kern,2021-03-16,4342,218244,1013,93200,2793,118970,536,6074,2331,77484,2001,73213,2863,150697,California
Kern,2021-03-17,7492,225736,4058,97258,2885,121855,549,6623,4529,79611,2950,76163,5077,155774,California
Kern,2021-03-18,7278,233014,3684,100942,3007,124862,587,7210,4406,81748,2852,79015,4989,160763,California
Kern,2021-03-19,8987,242001,4988,105930,3345,128207,654,7864,4715,82856,4255,83270,5363,166126,California
Kern,2021-03-20,6174,248175,3821,109751,2179,130386,174,8038,3915,84698,2248,85518,4090,170216,California
Kern,2021-03-21,3051,251226,1933,111684,236,130622,882,8920,1847,86229,1197,86715,2728,172944,California
Kern,2021-03-22,3990,255216,1568,113252,2068,132690,354,9274,1938,86486,2035,88750,2292,175236,California
Kern,2021-03-23,4739,259955,1676,114928,2866,135556,197,9471,2487,86945,2223,90973,2682,177918,California
Kern,2021-03-24,7183,267138,3678,118606,3028,138584,477,9948,3655,87564,3510,94483,4129,182047,California
Kern,2021-03-25,6768,273906,3005,121611,3433,142017,330,10278,3277,87694,3474,97957,3604,185651,California
Kern,2021-03-26,9873,283779,4412,126023,4203,146220,1258,11536,4737,88570,5118,103075,5994,191645,California
Kern,2021-03-27,5709,289488,3998,130021,1583,147803,128,11664,3447,89885,2259,105334,3574,195219,California
Kern,2021-03-28,4693,294181,4202,134223,477,148280,14,11678,2958,91124,1733,107067,2972,198191,California
Kern,2021-03-29,4257,298438,1682,135905,2298,150578,277,11955,2612,92378,1632,108699,2886,201077,California
Kern,2021-03-30,5598,304036,1870,137775,3343,153921,385,12340,3069,93306,2524,111223,3452,204529,California
Kern,2021-03-31,8407,312443,4537,142312,3222,157143,648,12988,4340,94241,4051,115274,4986,209515,California
Kern,2021-04-01,7897,320340,3874,146186,3723,160866,300,13288,4229,95119,3647,118921,4525,214040,California
Kern,2021-04-02,8454,328794,4463,150649,3382,164248,609,13897,4225,95732,4213,123134,4826,218866,California
Kern,2021-04-03,5996,334790,3671,154320,2142,166390,183,14080,2662,95249,3325,126459,2842,221708,California
Kern,2021-04-04,1334,336124,871,155191,379,166769,84,14164,473,94948,858,127317,557,222265,California
Kern,2021-04-05,5368,341492,2221,157412,2376,169145,771,14935,2902,96140,2452,129769,3644,225909,California
Kern,2021-04-06,7114,348606,2465,159877,3273,172418,1376,16311,3568,97558,3523,133292,4941,230850,California
Kern,2021-04-07,9374,357980,5467,165344,2944,175362,963,17274,4568,98301,4788,138080,5531,236381,California
Kern,2021-04-08,8668,366648,4798,170142,2957,178319,913,18187,3730,98021,4914,142994,4634,241015,California
Kern,2021-04-09,10255,376903,5136,175278,4128,182447,991,19178,4339,97488,5891,148885,5358,246373,California
Kern,2021-04-10,6574,383477,3453,178731,1874,184321,1247,20425,2130,96426,4434,153319,3372,249745,California
Kern,2021-04-11,3874,387351,2908,181639,358,184679,608,21033,1257,95691,2604,155923,1869,251614,California
Kern,2021-04-12,4399,391750,989,182628,2437,187116,973,22006,1578,95440,2801,158724,2550,254164,California
Kern,2021-04-13,4282,396032,1410,184038,2847,189963,25,22031,2109,95415,2161,160885,2136,256300,California
Kern,2021-04-14,6044,402076,2968,187006,3054,193017,22,22053,2989,95388,3038,163923,3011,259311,California
Kern,2021-04-15,5276,407352,2473,189479,2801,195818,2,22055,2510,95155,2749,166672,2516,261827,California
Kern,2021-04-16,7245,414597,3433,192912,3811,199629,1,22056,2952,93841,4268,170940,2954,264781,California
Kern,2021-04-17,5892,420489,3848,196760,2044,201673,0,22056,2097,92158,3781,174721,2098,266879,California
Kern,2021-04-18,3774,424263,3538,200298,236,201909,0,22056,911,90214,2855,177576,911,267790,California
Kern,2021-04-19,3815,428078,1729,202027,2084,203993,2,22058,1412,89243,2383,179959,1412,269202,California
Kern,2021-04-20,4352,432430,1571,203598,2779,206772,2,22060,1641,88191,2694,182653,1642,270844,California
Kern,2021-04-21,5857,438287,3147,206745,2705,209477,5,22065,2133,86626,3701,186354,2136,272980,California
Kern,2021-04-22,4803,443090,2331,209076,2472,211949,0,22065,1707,85260,3074,189428,1708,274688,California
Kern,2021-04-23,6141,449231,3021,212097,3119,215068,1,22066,1918,82994,4185,193613,1919,276607,California
Kern,2021-04-24,4014,453245,2806,214903,1197,216265,11,22077,1445,81899,2550,196163,1455,278062,California
Kern,2021-04-25,1394,454639,1116,216019,278,216543,0,22077,819,82149,569,196732,819,278881,California
Kern,2021-04-26,3848,458487,1833,217852,1963,218506,52,22129,1061,80487,2777,199509,1115,279996,California
Kern,2021-04-27,4731,463218,2305,220157,2321,220827,105,22234,1440,78752,3278,202787,1543,281539,California
Kern,2021-04-28,6297,469515,3715,223872,2458,223285,124,22358,1794,76183,4484,207271,1915,283454,California
Kern,2021-04-29,5506,475021,3061,226933,2345,225630,100,22458,1613,74025,3872,211143,1714,285168,California
Kern,2021-04-30,5590,480611,3121,230054,2309,227939,160,22618,1609,71828,3965,215108,1768,286936,California
Kern,2021-05-01,2711,483322,1929,231983,722,228661,60,22678,1078,71343,1622,216730,1137,288073,California
Kern,2021-05-02,1889,485211,1602,233585,265,228926,22,22700,692,70867,1190,217920,714,288787,California
Kern,2021-05-03,2534,487745,1030,234615,1373,230299,131,22831,783,70047,1735,219655,915,289702,California
Kern,2021-05-04,3619,491364,1290,235905,2219,232518,110,22941,1269,69088,2336,221991,1377,291079,California
Kern,2021-05-05,4148,495512,2136,238041,1862,234380,150,23091,1374,67851,2759,224750,1522,292601,California
Kern,2021-05-06,3554,499066,1593,239634,1817,236197,144,23235,1106,66667,2430,227180,1246,293847,California
Kern,2021-05-07,4574,503640,2297,241931,2102,238299,175,23410,1285,64862,3263,230443,1458,295305,California
Kern,2021-05-08,2894,506534,1823,243754,956,239255,115,23525,899,63893,1981,232424,1012,296317,California
Kern,2021-05-09,1295,507829,1121,244875,145,239400,29,23554,448,63530,840,233264,477,296794,California
Kern,2021-05-10,2212,510041,848,245723,1265,240665,99,23653,644,62720,1551,234815,741,297535,California
Kern,2021-05-11,2597,512638,906,246629,1568,242233,123,23776,943,62143,1644,236459,1067,298602,California
Kern,2021-05-12,3516,516154,1392,248021,1975,244208,149,23925,1109,61006,2395,238854,1258,299860,California
Kern,2021-05-13,3334,519488,1734,249755,1459,245667,141,24066,1553,60927,1769,240623,1690,301550,California
Kern,2021-05-14,4281,523769,2533,252288,1525,247192,223,24289,1978,60845,2282,242905,2200,303750,California
Kern,2021-05-15,2915,526684,1899,254187,929,248121,87,24376,1547,61124,1355,244260,1634,305384,California
Kern,2021-05-16,1544,528228,1321,255508,184,248305,39,24415,888,61400,651,244911,927,306311,California
Kern,2021-05-17,2309,530537,996,256504,1167,249472,146,24561,1176,61600,1121,246032,1321,307632,California
Kern,2021-05-18,3127,533664,1422,257926,1575,251047,130,24691,1603,61823,1510,247542,1733,309365,California
Kern,2021-05-19,3804,537468,2371,260297,1306,252353,127,24818,1839,61834,1954,249496,1965,311330,California
Kern,2021-05-20,2909,540377,1576,261873,1203,253556,130,24948,1325,61724,1563,251059,1453,312783,California
Kern,2021-05-21,3400,543777,2083,263956,1197,254753,120,25068,1734,61934,1644,252703,1854,314637,California
Kern,2021-05-22,2592,546369,2015,265971,545,255298,32,25100,1221,61824,1362,254065,1252,315889,California
Kern,2021-05-23,1162,547531,1014,266985,131,255429,17,25117,614,61913,541,254606,630,316519,California
Kern,2021-05-24,1828,549359,771,267756,946,256375,111,25228,864,61929,958,255564,974,317493,California
Kern,2021-05-25,2389,551748,1107,268863,1198,257573,84,25312,1135,61907,1241,256805,1219,318712,California
Kern,2021-05-26,2746,554494,1578,270441,1069,258642,99,25411,1185,61643,1546,258351,1282,319994,California
Kern,2021-05-27,2319,556813,1160,271601,1054,259696,105,25516,1198,61842,1103,259454,1302,321296,California
Kern,2021-05-28,2725,559538,1387,272988,1229,260925,109,25625,1273,61782,1440,260894,1380,322676,California
Kern,2021-05-29,1895,561433,1258,274246,591,261516,46,25671,931,61809,950,261844,977,323653,California
Kern,2021-05-30,860,562293,704,274950,137,261653,19,25690,438,61850,415,262259,456,324109,California
Kern,2021-05-31,130,562423,40,274990,79,261732,11,25701,45,61823,82,262341,55,324164,California
Kern,2021-06-01,2260,564683,938,275928,1255,262987,67,25768,999,61643,1246,263587,1066,325230,California
Kern,2021-06-02,2207,566890,1278,277206,827,263814,102,25870,944,61434,1254,264841,1045,326275,California
Kern,2021-06-03,2345,569235,1312,278518,881,264695,152,26022,897,61044,1438,266279,1048,327323,California
Kern,2021-06-04,2829,572064,1883,280401,839,265534,107,26129,861,60057,1953,268232,966,328289,California
Kern,2021-06-05,2493,574557,2030,282431,431,265965,32,26161,783,59170,1702,269934,815,329104,California
Kern,2021-06-06,1147,575704,1043,283474,79,266044,25,26186,377,58806,766,270700,402,329506,California
Kern,2021-06-07,1010,576714,581,284055,379,266423,50,26236,371,58599,627,271327,420,329926,California
Kings,2020-12-16,1,1,1,1,0,0,0,0,1,1,0,0,1,1,California
Kings,2020-12-17,8,9,8,9,0,0,0,0,8,9,0,0,8,9,California
Kings,2020-12-18,13,22,13,22,0,0,0,0,13,22,0,0,13,22,California
Kings,2020-12-19,11,33,11,33,0,0,0,0,11,33,0,0,11,33,California
Kings,2020-12-20,13,46,13,46,0,0,0,0,13,46,0,0,13,46,California
Kings,2020-12-21,156,202,156,202,0,0,0,0,269,315,0,0,269,315,California
Kings,2020-12-22,143,345,143,345,0,0,0,0,140,455,0,0,140,455,California
Kings,2020-12-23,136,481,122,467,14,14,0,0,137,592,0,0,137,592,California
Kings,2020-12-24,11,492,9,476,2,16,0,0,11,603,0,0,11,603,California
Kings,2020-12-26,7,499,4,480,3,19,0,0,7,610,0,0,7,610,California
Kings,2020-12-27,4,503,4,484,0,19,0,0,4,614,0,0,4,614,California
Kings,2020-12-28,132,635,103,587,29,48,0,0,133,747,0,0,133,747,California
Kings,2020-12-29,80,715,52,639,28,76,0,0,81,828,0,0,81,828,California
Kings,2020-12-30,150,865,109,748,41,117,0,0,150,978,0,0,150,978,California
Kings,2020-12-31,47,912,6,754,41,158,0,0,47,1025,0,0,47,1025,California
Kings,2021-01-01,1,913,0,754,1,159,0,0,1,1026,0,0,1,1026,California
Kings,2021-01-02,10,923,9,763,1,160,0,0,10,1036,0,0,10,1036,California
Kings,2021-01-04,111,1034,41,804,70,230,0,0,111,1147,0,0,111,1147,California
Kings,2021-01-05,196,1230,40,844,156,386,0,0,196,1343,0,0,196,1343,California
Kings,2021-01-06,276,1506,177,1021,99,485,0,0,273,1613,3,3,273,1616,California
Kings,2021-01-07,181,1687,82,1103,99,584,0,0,173,1778,8,11,173,1789,California
Kings,2021-01-08,249,1936,56,1159,193,777,0,0,229,1987,20,31,229,2018,California
Kings,2021-01-09,63,1999,9,1168,54,831,0,0,55,2034,8,39,55,2073,California
Kings,2021-01-10,15,2014,3,1171,12,843,0,0,12,2043,3,42,12,2085,California
Kings,2021-01-11,518,2532,354,1525,164,1007,0,0,276,2078,242,284,277,2362,California
Kings,2021-01-12,348,2880,251,1776,97,1104,0,0,215,2163,130,414,215,2577,California
Kings,2021-01-13,421,3301,275,2051,146,1250,0,0,330,2402,91,505,330,2907,California
Kings,2021-01-14,210,3511,30,2081,180,1430,0,0,200,2582,21,526,201,3108,California
Kings,2021-01-15,420,3931,31,2112,389,1819,0,0,408,2978,12,538,408,3516,California
Kings,2021-01-16,28,3959,9,2121,19,1838,0,0,27,3004,1,539,27,3543,California
Kings,2021-01-17,9,3968,6,2127,3,1841,0,0,7,3009,2,541,7,3550,California
Kings,2021-01-18,173,4141,40,2167,133,1974,0,0,147,3130,26,567,147,3697,California
Kings,2021-01-19,380,4521,161,2328,219,2193,0,0,251,3252,129,696,251,3948,California
Kings,2021-01-20,235,4756,146,2474,89,2282,0,0,125,3272,105,801,125,4073,California
Kings,2021-01-21,213,4969,57,2531,156,2438,0,0,196,3449,19,820,196,4269,California
Kings,2021-01-22,106,5075,18,2549,88,2526,0,0,105,3549,5,825,105,4374,California
Kings,2021-01-23,27,5102,14,2563,13,2539,0,0,21,3564,6,831,21,4395,California
Kings,2021-01-24,4,5106,4,2567,0,2539,0,0,2,3564,2,833,2,4397,California
Kings,2021-01-25,131,5237,27,2594,104,2643,0,0,95,3623,36,869,95,4492,California
Kings,2021-01-26,154,5391,34,2628,120,2763,0,0,114,3697,40,909,114,4606,California
Kings,2021-01-27,325,5716,35,2663,290,3053,0,0,250,3873,74,983,250,4856,California
Kings,2021-01-28,331,6047,45,2708,286,3339,0,0,274,4090,57,1040,274,5130,California
Kings,2021-01-29,109,6156,26,2734,83,3422,0,0,92,4165,17,1057,92,5222,California
Kings,2021-01-30,1562,7718,26,2760,1536,4958,0,0,1559,5723,3,1060,1561,6783,California
Kings,2021-02-01,218,7936,65,2825,153,5111,0,0,89,5685,127,1187,89,6872,California
Kings,2021-02-02,245,8181,16,2841,229,5340,0,0,93,5627,151,1338,93,6965,California
Kings,2021-02-03,387,8568,192,3033,195,5535,0,0,231,5703,155,1493,231,7196,California
Kings,2021-02-04,408,8976,99,3132,309,5844,0,0,210,5716,197,1690,210,7406,California
Kings,2021-02-05,332,9308,53,3185,279,6123,0,0,172,5730,158,1848,172,7578,California
Kings,2021-02-06,61,9369,10,3195,51,6174,0,0,28,5725,33,1881,28,7606,California
Kings,2021-02-07,5,9374,3,3198,2,6176,0,0,3,5726,2,1883,3,7609,California
Kings,2021-02-08,174,9548,29,3227,145,6321,0,0,67,5686,107,1990,67,7676,California
Kings,2021-02-09,255,9803,57,3284,198,6519,0,0,111,5655,142,2132,111,7787,California
Kings,2021-02-10,373,10176,112,3396,261,6780,0,0,256,5794,117,2249,256,8043,California
Kings,2021-02-11,452,10628,65,3461,387,7167,0,0,336,6015,115,2364,336,8379,California
Kings,2021-02-12,624,11252,38,3499,586,7753,0,0,347,6086,276,2640,347,8726,California
Kings,2021-02-13,143,11395,6,3505,137,7890,0,0,117,6177,26,2666,117,8843,California
Kings,2021-02-14,102,11497,4,3509,98,7988,0,0,94,6263,8,2674,94,8937,California
Kings,2021-02-15,250,11747,5,3514,245,8233,0,0,138,6290,111,2785,138,9075,California
Kings,2021-02-16,517,12264,35,3549,482,8715,0,0,281,6336,235,3020,281,9356,California
Kings,2021-02-17,438,12702,25,3574,413,9128,0,0,300,6500,138,3158,302,9658,California
Kings,2021-02-18,238,12940,23,3597,215,9343,0,0,180,6622,58,3216,180,9838,California
Kings,2021-02-19,167,13107,24,3621,143,9486,0,0,112,6682,52,3268,112,9950,California
Kings,2021-02-20,168,13275,35,3656,133,9619,0,0,135,6784,33,3301,135,10085,California
Kings,2021-02-21,2,13277,1,3657,1,9620,0,0,2,6786,0,3301,2,10087,California
Kings,2021-02-22,114,13391,19,3676,95,9715,0,0,50,6772,64,3365,50,10137,California
Kings,2021-02-23,412,13803,70,3746,342,10057,0,0,295,6950,117,3482,295,10432,California
Kings,2021-02-24,652,14455,154,3900,498,10555,0,0,439,7176,213,3695,439,10871,California
Kings,2021-02-25,691,15146,134,4034,557,11112,0,0,471,7429,218,3913,471,11342,California
Kings,2021-02-26,757,15903,137,4171,620,11732,0,0,692,8056,65,3978,692,12034,California
Kings,2021-02-27,1524,17427,66,4237,1458,13190,0,0,582,7697,941,4919,582,12616,California
Kings,2021-02-28,1172,18599,598,4835,574,13764,0,0,675,7878,494,5413,675,13291,California
Kings,2021-03-01,272,18871,87,4922,185,13949,0,0,220,8046,52,5465,220,13511,California
Kings,2021-03-02,577,19448,255,5177,322,14271,0,0,513,8496,64,5529,514,14025,California
Kings,2021-03-03,695,20143,313,5490,382,14653,0,0,502,8808,190,5719,502,14527,California
Kings,2021-03-04,751,20894,356,5846,395,15048,0,0,649,9356,102,5821,650,15177,California
Kings,2021-03-05,1116,22010,368,6214,739,15787,9,9,977,10204,139,5960,987,16164,California
Kings,2021-03-06,517,22527,187,6401,317,16104,13,22,487,10674,30,5990,500,16664,California
Kings,2021-03-07,359,22886,218,6619,137,16241,4,26,351,11021,8,5998,355,17019,California
Kings,2021-03-08,374,23260,96,6715,225,16466,53,79,262,11224,112,6110,315,17334,California
Kings,2021-03-09,555,23815,256,6971,244,16710,55,134,444,11614,110,6220,500,17834,California
Kings,2021-03-10,596,24411,128,7099,376,17086,92,226,408,11926,187,6407,499,18333,California
Kings,2021-03-11,1042,25453,302,7401,630,17716,110,336,624,12245,416,6823,735,19068,California
Kings,2021-03-12,1394,26847,452,7853,849,18565,93,429,989,12926,403,7226,1084,20152,California
Kings,2021-03-13,677,27524,328,8181,305,18870,44,473,550,13395,127,7353,596,20748,California
Kings,2021-03-14,675,28199,102,8283,184,19054,389,862,202,13513,473,7826,591,21339,California
Kings,2021-03-15,704,28903,266,8549,323,19377,115,977,465,13858,238,8064,583,21922,California
Kings,2021-03-16,1066,29969,448,8997,554,19931,64,1041,724,14304,342,8406,788,22710,California
Kings,2021-03-17,1111,31080,424,9421,625,20556,62,1103,788,14838,323,8729,857,23567,California
Kings,2021-03-18,1131,32211,476,9897,432,20988,223,1326,776,15485,354,9083,1001,24568,California
Kings,2021-03-19,968,33179,469,10366,414,21402,85,1411,739,16094,228,9311,837,25405,California
Kings,2021-03-20,641,33820,254,10620,356,21758,31,1442,465,16423,174,9485,503,25908,California
Kings,2021-03-21,1420,35240,1088,11708,319,22077,13,1455,862,16740,558,10043,875,26783,California
Kings,2021-03-22,448,35688,200,11908,164,22241,84,1539,273,16927,174,10217,361,27144,California
Kings,2021-03-23,920,36608,508,12416,349,22590,63,1602,556,17189,362,10579,624,27768,California
Kings,2021-03-24,968,37576,489,12905,456,23046,23,1625,515,17278,451,11030,540,28308,California
Kings,2021-03-25,925,38501,468,13373,429,23475,28,1653,448,17279,475,11505,476,28784,California
Kings,2021-03-26,1304,39805,382,13755,837,24312,85,1738,521,17106,778,12283,605,29389,California
Kings,2021-03-27,645,40450,260,14015,373,24685,12,1750,160,16795,483,12766,172,29561,California
Kings,2021-03-28,671,41121,600,14615,64,24749,7,1757,409,16957,262,13028,424,29985,California
Kings,2021-03-29,469,41590,213,14828,195,24944,61,1818,260,17070,207,13235,320,30305,California
Kings,2021-03-30,864,42454,477,15305,349,25293,38,1856,429,17103,434,13669,467,30772,California
Kings,2021-03-31,772,43226,380,15685,319,25612,73,1929,423,17258,341,14010,496,31268,California
Kings,2021-04-01,786,44012,392,16077,305,25917,89,2018,359,17285,421,14431,448,31716,California
Kings,2021-04-02,1035,45047,451,16528,460,26377,124,2142,395,17169,634,15065,518,32234,California
Kings,2021-04-03,492,45539,346,16874,137,26514,9,2151,170,17033,316,15381,180,32414,California
Kings,2021-04-04,157,45696,84,16958,67,26581,6,2157,42,16967,114,15495,48,32462,California
Kings,2021-04-05,1060,46756,327,17285,481,27062,252,2409,241,16641,818,16313,492,32954,California
Kings,2021-04-06,1198,47954,448,17733,440,27502,310,2719,281,16317,914,17227,590,33544,California
Kings,2021-04-07,1369,49323,652,18385,531,28033,186,2905,358,15853,1008,18235,544,34088,California
Kings,2021-04-08,1630,50953,635,19020,741,28774,254,3159,376,15237,1247,19482,631,34719,California
Kings,2021-04-09,1162,52115,546,19566,437,29211,179,3338,235,14722,925,20407,410,35129,California
Kings,2021-04-10,596,52711,331,19897,162,29373,103,3441,173,14577,421,20828,276,35405,California
Kings,2021-04-11,357,53068,75,19972,275,29648,7,3448,198,14625,157,20985,205,35610,California
Kings,2021-04-12,704,53772,312,20284,190,29838,202,3650,196,14517,506,21491,398,36008,California
Kings,2021-04-13,912,54684,522,20806,390,30228,0,3650,290,14193,620,22111,296,36304,California
Kings,2021-04-14,1047,55731,580,21386,467,30695,0,3650,376,13899,671,22782,377,36681,California
Kings,2021-04-15,1053,56784,522,21908,530,31225,1,3651,449,13748,603,23385,452,37133,California
Kings,2021-04-16,774,57558,362,22270,412,31637,0,3651,259,13493,514,23899,259,37392,California
Kings,2021-04-17,465,58023,251,22521,214,31851,0,3651,190,13410,273,24172,190,37582,California
Kings,2021-04-18,562,58585,239,22760,323,32174,0,3651,39,12926,523,24695,39,37621,California
Kings,2021-04-19,531,59116,294,23054,237,32411,0,3651,285,12967,244,24939,285,37906,California
Kings,2021-04-20,744,59860,452,23506,292,32703,0,3651,237,12698,506,25445,237,38143,California
Kings,2021-04-21,646,60506,307,23813,339,33042,0,3651,222,12504,416,25861,222,38365,California
Kings,2021-04-22,559,61065,279,24092,280,33322,0,3651,205,12359,351,26212,206,38571,California
Kings,2021-04-23,673,61738,291,24383,382,33704,0,3651,329,12348,340,26552,329,38900,California
Kings,2021-04-24,248,61986,180,24563,67,33771,1,3652,120,12342,127,26679,121,39021,California
Kings,2021-04-25,200,62186,181,24744,19,33790,0,3652,164,12470,36,26715,164,39185,California
Kings,2021-04-26,309,62495,166,24910,140,33930,3,3655,194,12553,114,26829,197,39382,California
Kings,2021-04-27,415,62910,181,25091,215,34145,19,3674,176,12510,238,27067,195,39577,California
Kings,2021-04-28,513,63423,255,25346,238,34383,20,3694,267,12551,246,27313,287,39864,California
Kings,2021-04-29,288,63711,110,25456,166,34549,12,3706,133,12543,153,27466,145,40009,California
Kings,2021-04-30,367,64078,163,25619,187,34736,17,3723,152,12501,211,27677,169,40178,California
Kings,2021-05-01,225,64303,164,25783,51,34787,10,3733,70,12427,154,27831,80,40258,California
Kings,2021-05-02,169,64472,147,25930,22,34809,0,3733,127,12512,42,27873,127,40385,California
Kings,2021-05-03,473,64945,252,26182,208,35017,13,3746,120,12293,352,28225,133,40518,California
Kings,2021-05-04,519,65464,262,26444,237,35254,20,3766,159,12112,360,28585,179,40697,California
Kings,2021-05-05,551,66015,285,26729,246,35500,20,3786,136,11853,415,29000,156,40853,California
Kings,2021-05-06,548,66563,270,26999,255,35755,23,3809,122,11574,424,29424,145,40998,California
Kings,2021-05-07,366,66929,211,27210,139,35894,16,3825,147,11520,217,29641,163,41161,California
Kings,2021-05-08,233,67162,167,27377,54,35948,12,3837,74,11447,158,29799,85,41246,California
Kings,2021-05-09,190,67352,61,27438,129,36077,0,3837,40,11337,150,29949,40,41286,California
Kings,2021-05-10,339,67691,262,27700,67,36144,10,3847,115,11238,223,30172,124,41410,California
Kings,2021-05-11,373,68064,230,27930,115,36259,28,3875,116,11126,257,30429,145,41555,California
Kings,2021-05-12,372,68436,140,28070,219,36478,13,3888,160,11089,210,30639,173,41728,California
Kings,2021-05-13,378,68814,137,28207,233,36711,8,3896,151,11021,227,30866,159,41887,California
Kings,2021-05-14,467,69281,319,28526,117,36828,31,3927,242,11070,224,31090,273,42160,California
Kings,2021-05-15,352,69633,251,28777,83,36911,18,3945,194,11125,157,31247,212,42372,California
Kings,2021-05-16,247,69880,221,28998,25,36936,1,3946,76,11031,171,31418,77,42449,California
Kings,2021-05-17,400,70280,319,29317,64,37000,17,3963,214,11077,185,31603,231,42680,California
Kings,2021-05-18,391,70671,273,29590,105,37105,13,3976,223,11147,168,31771,238,42918,California
Kings,2021-05-19,577,71248,284,29874,269,37374,24,4000,231,11058,344,32115,255,43173,California
Kings,2021-05-20,398,71646,194,30068,177,37551,27,4027,242,11172,156,32271,270,43443,California
Kings,2021-05-21,464,72110,224,30292,230,37781,10,4037,237,11196,223,32494,247,43690,California
Kings,2021-05-22,255,72365,205,30497,39,37820,11,4048,194,11342,59,32553,205,43895,California
Kings,2021-05-23,201,72566,200,30697,1,37821,0,4048,95,11331,106,32659,95,43990,California
Kings,2021-05-24,248,72814,164,30861,70,37891,14,4062,121,11339,127,32786,135,44125,California
Kings,2021-05-25,406,73220,268,31129,105,37996,33,4095,242,11452,162,32948,275,44400,California
Kings,2021-05-26,303,73523,124,31253,162,38158,17,4112,129,11425,173,33121,146,44546,California
Kings,2021-05-27,321,73844,174,31427,129,38287,18,4130,172,11469,146,33267,190,44736,California
Kings,2021-05-28,288,74132,140,31567,131,38418,17,4147,140,11481,145,33412,157,44893,California
Kings,2021-05-29,174,74306,101,31668,62,38480,11,4158,92,11503,81,33493,103,44996,California
Kings,2021-05-30,130,74436,113,31781,15,38495,2,4160,70,11515,60,33553,72,45068,California
Kings,2021-05-31,42,74478,23,31804,16,38511,3,4163,15,11506,27,33580,18,45086,California
Kings,2021-06-01,315,74793,188,31992,111,38622,16,4179,122,11454,189,33769,137,45223,California
Kings,2021-06-02,273,75066,125,32117,140,38762,8,4187,89,11369,182,33951,97,45320,California
Kings,2021-06-03,227,75293,125,32242,91,38853,11,4198,93,11344,129,34080,104,45424,California
Kings,2021-06-04,421,75714,276,32518,132,38985,13,4211,153,11250,260,34340,166,45590,California
Kings,2021-06-05,249,75963,219,32737,25,39010,5,4216,63,11145,173,34513,68,45658,California
Kings,2021-06-06,159,76122,152,32889,3,39013,4,4220,81,11154,76,34589,85,45743,California
Kings,2021-06-07,177,76299,117,33006,52,39065,8,4228,52,11089,125,34714,60,45803,California
Lake,2020-12-17,4,4,4,4,0,0,0,0,4,4,0,0,4,4,California
Lake,2020-12-18,49,53,49,53,0,0,0,0,49,53,0,0,49,53,California
Lake,2020-12-19,3,56,3,56,0,0,0,0,3,56,0,0,3,56,California
Lake,2020-12-20,6,62,6,62,0,0,0,0,6,62,0,0,6,62,California
Lake,2020-12-21,87,149,87,149,0,0,0,0,87,149,0,0,87,149,California
Lake,2020-12-22,63,212,60,209,3,3,0,0,63,212,0,0,63,212,California
Lake,2020-12-23,124,336,115,324,9,12,0,0,124,336,0,0,124,336,California
Lake,2020-12-24,2,338,0,324,2,14,0,0,2,338,0,0,2,338,California
Lake,2020-12-26,2,340,2,326,0,14,0,0,2,340,0,0,2,340,California
Lake,2020-12-27,2,342,2,328,0,14,0,0,2,342,0,0,2,342,California
Lake,2020-12-28,52,394,43,371,9,23,0,0,52,394,0,0,52,394,California
Lake,2020-12-29,52,446,47,418,5,28,0,0,52,446,0,0,52,446,California
Lake,2020-12-30,132,578,124,542,8,36,0,0,132,578,0,0,132,578,California
Lake,2020-12-31,67,645,64,606,3,39,0,0,67,645,0,0,67,645,California
Lake,2021-01-01,1,646,0,606,1,40,0,0,1,646,0,0,1,646,California
Lake,2021-01-02,2,648,1,607,1,41,0,0,2,648,0,0,2,648,California
Lake,2021-01-04,90,738,21,628,69,110,0,0,90,738,0,0,90,738,California
Lake,2021-01-05,120,858,59,687,61,171,0,0,118,854,2,2,118,856,California
Lake,2021-01-06,104,962,65,752,39,210,0,0,102,954,2,4,102,958,California
Lake,2021-01-07,109,1071,85,837,24,234,0,0,100,1045,9,13,100,1058,California
Lake,2021-01-08,155,1226,126,963,29,263,0,0,104,1098,51,64,104,1162,California
Lake,2021-01-09,63,1289,61,1024,2,265,0,0,59,1153,4,68,59,1221,California
Lake,2021-01-10,3,1292,3,1027,0,265,0,0,0,1150,3,71,0,1221,California
Lake,2021-01-11,189,1481,149,1176,40,305,0,0,110,1181,79,150,110,1331,California
Lake,2021-01-12,82,1563,49,1225,33,338,0,0,58,1215,24,174,58,1389,California
Lake,2021-01-13,167,1730,114,1339,53,391,0,0,108,1264,59,233,108,1497,California
Lake,2021-01-14,147,1877,48,1387,99,490,0,0,125,1367,22,255,125,1622,California
Lake,2021-01-15,216,2093,92,1479,124,614,0,0,189,1529,27,282,189,1811,California
Lake,2021-01-16,133,2226,81,1560,52,666,0,0,131,1658,2,284,131,1942,California
Lake,2021-01-17,16,2242,6,1566,10,676,0,0,10,1662,6,290,10,1952,California
Lake,2021-01-18,247,2489,229,1795,18,694,0,0,124,1663,123,413,124,2076,California
Lake,2021-01-19,313,2802,120,1915,193,887,0,0,266,1883,47,460,267,2343,California
Lake,2021-01-20,423,3225,81,1996,342,1229,0,0,358,2177,64,524,358,2701,California
Lake,2021-01-21,434,3659,48,2044,386,1615,0,0,398,2539,36,560,398,3099,California
Lake,2021-01-22,317,3976,47,2091,270,1885,0,0,281,2784,36,596,281,3380,California
Lake,2021-01-23,124,4100,6,2097,118,2003,0,0,123,2906,1,597,123,3503,California
Lake,2021-01-24,5,4105,2,2099,3,2006,0,0,5,2911,0,597,5,3508,California
Lake,2021-01-25,258,4363,95,2194,163,2169,0,0,176,3005,82,679,176,3684,California
Lake,2021-01-26,428,4791,34,2228,394,2563,0,0,404,3385,24,703,404,4088,California
Lake,2021-01-27,361,5152,41,2269,320,2883,0,0,333,3691,28,731,334,4422,California
Lake,2021-01-28,494,5646,159,2428,335,3218,0,0,365,3927,129,860,365,4787,California
Lake,2021-01-29,634,6280,84,2512,550,3768,0,0,573,4439,61,921,573,5360,California
Lake,2021-01-30,553,6833,40,2552,513,4281,0,0,547,4980,6,927,547,5907,California
Lake,2021-01-31,14,6847,8,2560,6,4287,0,0,12,4990,2,929,12,5919,California
Lake,2021-02-01,176,7023,14,2574,162,4449,0,0,162,5138,14,943,162,6081,California
Lake,2021-02-02,562,7585,150,2724,412,4861,0,0,396,5368,166,1109,396,6477,California
Lake,2021-02-03,443,8028,32,2756,411,5272,0,0,338,5601,105,1214,338,6815,California
Lake,2021-02-04,122,8150,70,2826,52,5324,0,0,72,5623,50,1264,72,6887,California
Lake,2021-02-05,380,8530,70,2896,310,5634,0,0,288,5821,90,1354,288,7175,California
Lake,2021-02-06,276,8806,39,2935,237,5871,0,0,265,6075,11,1365,265,7440,California
Lake,2021-02-07,2,8808,1,2936,1,5872,0,0,2,6077,0,1365,2,7442,California
Lake,2021-02-08,277,9085,206,3142,71,5943,0,0,159,6118,118,1483,159,7601,California
Lake,2021-02-09,345,9430,24,3166,321,6264,0,0,301,6376,43,1526,301,7902,California
Lake,2021-02-10,348,9778,51,3217,297,6561,0,0,270,6568,78,1604,270,8172,California
Lake,2021-02-11,175,9953,18,3235,157,6718,0,0,58,6509,117,1721,58,8230,California
Lake,2021-02-12,373,10326,28,3263,345,7063,0,0,286,6709,86,1807,286,8516,California
Lake,2021-02-13,250,10576,8,3271,242,7305,0,0,239,6937,11,1818,239,8755,California
Lake,2021-02-14,17,10593,4,3275,13,7318,0,0,5,6930,12,1830,5,8760,California
Lake,2021-02-15,169,10762,11,3286,158,7476,0,0,8,6778,160,1990,8,8768,California
Lake,2021-02-16,425,11187,22,3308,403,7879,0,0,178,6709,247,2237,178,8946,California
Lake,2021-02-17,348,11535,53,3361,295,8174,0,0,69,6500,278,2515,69,9015,California
Lake,2021-02-18,457,11992,71,3432,386,8560,0,0,114,6271,343,2858,114,9129,California
Lake,2021-02-19,426,12418,26,3458,400,8960,0,0,93,6031,333,3191,93,9222,California
Lake,2021-02-20,289,12707,56,3514,233,9193,0,0,250,6243,38,3229,250,9472,California
Lake,2021-02-21,6,12713,6,3520,0,9193,0,0,0,6237,6,3235,0,9472,California
Lake,2021-02-22,135,12848,17,3537,118,9311,0,0,40,6182,95,3330,40,9512,California
Lake,2021-02-23,216,13064,16,3553,200,9511,0,0,30,6026,186,3516,30,9542,California
Lake,2021-02-24,1003,14067,423,3976,580,10091,0,0,463,5950,539,4055,463,10005,California
Lake,2021-02-25,733,14800,468,4444,265,10356,0,0,474,6168,256,4311,474,10479,California
Lake,2021-02-26,995,15795,303,4747,692,11048,0,0,350,5875,643,4954,350,10829,California
Lake,2021-02-27,409,16204,98,4845,311,11359,0,0,327,6120,82,5036,327,11156,California
Lake,2021-02-28,19,16223,10,4855,9,11368,0,0,12,6125,7,5043,12,11168,California
Lake,2021-03-01,595,16818,53,4908,542,11910,0,0,443,6416,152,5195,443,11611,California
Lake,2021-03-02,745,17563,17,4925,728,12638,0,0,289,6249,456,5651,289,11900,California
Lake,2021-03-03,368,17931,194,5119,174,12812,0,0,146,6173,222,5873,146,12046,California
Lake,2021-03-04,577,18508,506,5625,71,12883,0,0,560,6716,17,5890,560,12606,California
Lake,2021-03-05,1051,19559,52,5677,999,13882,0,0,186,6041,861,6751,186,12792,California
Lake,2021-03-06,35,19594,9,5686,25,13907,1,1,22,6051,13,6764,23,12815,California
Lake,2021-03-07,6,19600,4,5690,2,13909,0,1,4,6053,2,6766,4,12819,California
Lake,2021-03-08,340,19940,267,5957,64,13973,9,10,300,6322,40,6806,309,13128,California
Lake,2021-03-09,930,20870,43,6000,870,14843,17,27,407,6224,522,7328,424,13552,California
Lake,2021-03-10,204,21074,58,6058,133,14976,13,40,136,6306,68,7396,150,13702,California
Lake,2021-03-11,588,21662,49,6107,62,15038,477,517,47,6289,541,7937,524,14226,California
Lake,2021-03-12,854,22516,203,6310,625,15663,26,543,362,6186,491,8428,388,14614,California
Lake,2021-03-13,278,22794,20,6330,22,15685,236,779,17,6178,260,8688,252,14866,California
Lake,2021-03-14,11,22805,2,6332,9,15694,0,779,7,6181,4,8692,7,14873,California
Lake,2021-03-15,641,23446,11,6343,613,16307,17,796,481,6519,160,8852,498,15371,California
Lake,2021-03-16,1119,24565,839,7182,263,16570,17,813,406,6232,709,9561,422,15793,California
Lake,2021-03-17,244,24809,120,7302,102,16672,22,835,89,6188,155,9716,111,15904,California
Lake,2021-03-18,746,25555,375,7677,335,17007,36,871,369,6217,375,10091,404,16308,California
Lake,2021-03-19,583,26138,315,7992,248,17255,20,891,478,6611,104,10195,498,16806,California
Lake,2021-03-20,249,26387,8,8000,238,17493,3,894,31,6429,216,10411,34,16840,California
Lake,2021-03-21,16,26403,11,8011,4,17497,1,895,11,6436,5,10416,12,16852,California
Lake,2021-03-22,338,26741,256,8267,67,17564,15,910,250,6613,88,10504,265,17117,California
Lake,2021-03-23,435,27176,23,8290,399,17963,13,923,369,6930,65,10569,382,17499,California
Lake,2021-03-24,422,27598,60,8350,354,18317,8,931,327,7172,94,10663,336,17835,California
Lake,2021-03-25,672,28270,480,8830,186,18503,6,937,174,6853,498,11161,179,18014,California
Lake,2021-03-26,68,28338,32,8862,35,18538,1,938,31,6848,37,11198,32,18046,California
Lake,2021-03-27,307,28645,7,8869,297,18835,3,941,16,6578,289,11487,19,18065,California
Lake,2021-03-28,16,28661,7,8876,9,18844,0,941,8,6578,8,11495,8,18073,California
Lake,2021-03-29,989,29650,287,9163,700,19544,2,943,205,6003,782,12277,207,18280,California
Lake,2021-03-30,468,30118,318,9481,148,19692,2,945,369,6276,98,12375,371,18651,California
Lake,2021-03-31,617,30735,59,9540,558,20250,0,945,434,6536,174,12549,434,19085,California
Lake,2021-04-01,449,31184,235,9775,202,20452,12,957,189,6481,256,12805,201,19286,California
Lake,2021-04-02,220,31404,38,9813,154,20606,28,985,94,6477,126,12931,122,19408,California
Lake,2021-04-03,32,31436,5,9818,24,20630,3,988,12,6472,20,12951,15,19423,California
Lake,2021-04-04,19,31455,11,9829,7,20637,1,989,15,6484,4,12955,16,19439,California
Lake,2021-04-05,646,32101,71,9900,556,21193,19,1008,406,6671,237,13192,424,19863,California
Lake,2021-04-06,479,32580,18,9918,435,21628,26,1034,306,6831,172,13364,332,20195,California
Lake,2021-04-07,523,33103,57,9975,415,22043,51,1085,352,7065,169,13533,403,20598,California
Lake,2021-04-08,606,33709,494,10469,46,22089,66,1151,103,6734,500,14033,169,20767,California
Lake,2021-04-09,279,33988,38,10507,173,22262,68,1219,47,6619,229,14262,114,20881,California
Lake,2021-04-10,253,34241,13,10520,13,22275,227,1446,8,6609,245,14507,235,21116,California
Lake,2021-04-11,22,34263,17,10537,3,22278,2,1448,7,6603,15,14522,9,21125,California
Lake,2021-04-12,1072,35335,232,10769,807,23085,33,1481,240,6046,831,15353,274,21399,California
Lake,2021-04-13,180,35515,110,10879,70,23155,0,1481,52,5970,128,15481,52,21451,California
Lake,2021-04-14,610,36125,35,10914,575,23730,0,1481,547,6454,63,15544,547,21998,California
Lake,2021-04-15,635,36760,191,11105,444,24174,0,1481,328,6475,307,15851,328,22326,California
Lake,2021-04-16,266,37026,28,11133,237,24411,1,1482,74,6358,191,16042,74,22400,California
Lake,2021-04-17,43,37069,11,11144,32,24443,0,1482,32,6379,11,16053,32,22432,California
Lake,2021-04-18,7,37076,4,11148,3,24446,0,1482,0,6372,7,16060,0,22432,California
Lake,2021-04-19,299,37375,40,11188,259,24705,0,1482,248,6569,51,16111,248,22680,California
Lake,2021-04-20,698,38073,280,11468,418,25123,0,1482,92,6057,605,16716,93,22773,California
Lake,2021-04-21,531,38604,62,11530,469,25592,0,1482,197,5920,334,17050,197,22970,California
Lake,2021-04-22,466,39070,48,11578,418,26010,0,1482,320,6095,145,17195,320,23290,California
Lake,2021-04-23,114,39184,56,11634,58,26068,0,1482,68,6118,45,17240,68,23358,California
Lake,2021-04-24,54,39238,9,11643,45,26113,0,1482,40,6144,14,17254,40,23398,California
Lake,2021-04-25,36,39274,19,11662,17,26130,0,1482,24,6156,12,17266,24,23422,California
Lake,2021-04-26,291,39565,82,11744,208,26338,1,1483,86,6038,205,17471,87,23509,California
Lake,2021-04-27,245,39810,22,11766,205,26543,18,1501,81,5973,164,17635,99,23608,California
Lake,2021-04-28,511,40321,49,11815,447,26990,15,1516,90,5658,419,18054,104,23712,California
Lake,2021-04-29,212,40533,83,11898,113,27103,16,1532,113,5687,99,18153,128,23840,California
Lake,2021-04-30,286,40819,43,11941,212,27315,31,1563,148,5728,138,18291,179,24019,California
Lake,2021-05-01,49,40868,28,11969,19,27334,2,1565,35,5751,14,18305,37,24056,California
Lake,2021-05-02,18,40886,9,11978,8,27342,1,1566,9,5752,9,18314,10,24066,California
Lake,2021-05-03,415,41301,28,12006,352,27694,35,1601,65,5503,349,18663,100,24166,California
Lake,2021-05-04,403,41704,216,12222,139,27833,48,1649,123,5395,279,18942,171,24337,California
Lake,2021-05-05,629,42333,44,12266,573,28406,12,1661,86,4952,540,19482,97,24434,California
Lake,2021-05-06,142,42475,19,12285,94,28500,29,1690,73,4984,69,19551,101,24535,California
Lake,2021-05-07,165,42640,29,12314,116,28616,20,1710,103,5047,60,19611,123,24658,California
Lake,2021-05-08,42,42682,6,12320,36,28652,0,1710,35,5075,7,19618,35,24693,California
Lake,2021-05-09,17,42699,2,12322,10,28662,5,1715,10,5083,7,19625,15,24708,California
Lake,2021-05-10,245,42944,11,12333,207,28869,27,1742,58,4982,186,19811,85,24793,California
Lake,2021-05-11,193,43137,25,12358,151,29020,17,1759,115,5037,78,19889,133,24926,California
Lake,2021-05-12,541,43678,32,12390,489,29509,20,1779,54,4623,487,20376,73,24999,California
Lake,2021-05-13,300,43978,58,12448,229,29738,13,1792,66,4470,232,20608,79,25078,California
Lake,2021-05-14,263,44241,79,12527,165,29903,19,1811,160,4547,101,20709,178,25256,California
Lake,2021-05-15,45,44286,19,12546,23,29926,3,1814,28,4561,17,20726,31,25287,California
Lake,2021-05-16,32,44318,18,12564,13,29939,1,1815,17,4564,15,20741,18,25305,California
Lake,2021-05-17,314,44632,42,12606,257,30196,15,1830,83,4434,228,20969,98,25403,California
Lake,2021-05-18,301,44933,65,12671,217,30413,19,1849,174,4501,126,21095,193,25596,California
Lake,2021-05-19,311,45244,57,12728,239,30652,15,1864,87,4380,223,21318,102,25698,California
Lake,2021-05-20,227,45471,59,12787,157,30809,11,1875,89,4342,138,21456,100,25798,California
Lake,2021-05-21,257,45728,47,12834,187,30996,23,1898,100,4310,155,21611,123,25921,California
Lake,2021-05-22,83,45811,48,12882,32,31028,3,1901,40,4310,43,21654,43,25964,California
Lake,2021-05-23,49,45860,25,12907,23,31051,1,1902,26,4314,23,21677,27,25991,California
Lake,2021-05-24,155,46015,35,12942,106,31157,14,1916,72,4317,83,21760,86,26077,California
Lake,2021-05-25,204,46219,55,12997,137,31294,12,1928,75,4276,128,21888,87,26164,California
Lake,2021-05-26,149,46368,44,13041,94,31388,11,1939,54,4248,93,21981,65,26229,California
Lake,2021-05-27,173,46541,47,13088,112,31500,14,1953,61,4212,111,22092,75,26304,California
Lake,2021-05-28,221,46762,19,13107,164,31664,38,1991,49,4129,169,22261,86,26390,California
Lake,2021-05-29,37,46799,10,13117,21,31685,6,1997,14,4126,23,22284,20,26410,California
Lake,2021-05-30,22,46821,6,13123,14,31699,2,1999,12,4130,10,22294,14,26424,California
Lake,2021-05-31,63,46884,21,13144,40,31739,2,2001,54,4177,9,22303,56,26480,California
Lake,2021-06-01,196,47080,37,13181,150,31889,9,2010,69,4129,126,22429,78,26558,California
Lake,2021-06-02,133,47213,46,13227,75,31964,12,2022,55,4118,78,22507,67,26625,California
Lake,2021-06-03,177,47390,54,13281,104,32068,19,2041,85,4130,92,22599,104,26729,California
Lake,2021-06-04,178,47568,51,13332,114,32182,13,2054,45,4057,131,22730,58,26787,California
Lake,2021-06-05,93,47661,58,13390,28,32210,7,2061,54,4079,39,22769,61,26848,California
Lake,2021-06-06,65,47726,35,13425,30,32240,0,2061,22,4058,43,22812,22,26870,California
Lake,2021-06-07,47,47773,3,13428,36,32276,8,2069,10,4040,36,22848,18,26888,California
Lassen,2020-12-16,7,7,7,7,0,0,0,0,7,7,0,0,7,7,California
Lassen,2020-12-17,2,9,2,9,0,0,0,0,2,9,0,0,2,9,California
Lassen,2020-12-18,1,10,1,10,0,0,0,0,1,10,0,0,1,10,California
Lassen,2020-12-19,5,15,5,15,0,0,0,0,5,15,0,0,5,15,California
Lassen,2020-12-20,2,17,2,17,0,0,0,0,2,17,0,0,2,17,California
Lassen,2020-12-21,11,28,11,28,0,0,0,0,11,28,0,0,11,28,California
Lassen,2020-12-22,21,49,21,49,0,0,0,0,21,49,0,0,21,49,California
Lassen,2020-12-23,5,54,5,54,0,0,0,0,5,54,0,0,5,54,California
Lassen,2020-12-24,8,62,8,62,0,0,0,0,8,62,0,0,8,62,California
Lassen,2020-12-28,3,65,2,64,1,1,0,0,3,65,0,0,3,65,California
Lassen,2020-12-29,35,100,35,99,0,1,0,0,35,100,0,0,35,100,California
Lassen,2020-12-30,31,131,30,129,1,2,0,0,31,131,0,0,31,131,California
Lassen,2020-12-31,49,180,42,171,7,9,0,0,49,180,0,0,49,180,California
Lassen,2021-01-02,1,181,0,171,1,10,0,0,1,181,0,0,1,181,California
Lassen,2021-01-04,14,195,2,173,12,22,0,0,14,195,0,0,14,195,California
Lassen,2021-01-05,192,387,52,225,140,162,0,0,192,387,0,0,192,387,California
Lassen,2021-01-06,94,481,43,268,51,213,0,0,86,466,8,8,87,474,California
Lassen,2021-01-07,39,520,3,271,36,249,0,0,37,501,2,10,37,511,California
Lassen,2021-01-08,49,569,2,273,47,296,0,0,49,550,0,10,49,560,California
Lassen,2021-01-09,12,581,6,279,6,302,0,0,12,562,0,10,12,572,California
Lassen,2021-01-11,27,608,5,284,22,324,0,0,27,589,0,10,27,599,California
Lassen,2021-01-12,47,655,27,311,20,344,0,0,29,600,18,28,29,628,California
Lassen,2021-01-13,159,814,16,327,143,487,0,0,146,733,13,41,146,774,California
Lassen,2021-01-14,158,972,16,343,142,629,0,0,148,871,10,51,148,922,California
Lassen,2021-01-15,22,994,3,346,19,648,0,0,22,893,0,51,22,944,California
Lassen,2021-01-16,34,1028,33,379,1,649,0,0,34,927,0,51,34,978,California
Lassen,2021-01-17,1,1029,0,379,1,650,0,0,1,928,0,51,1,979,California
Lassen,2021-01-18,4,1033,2,381,2,652,0,0,3,930,1,52,3,982,California
Lassen,2021-01-19,183,1216,35,416,148,800,0,0,155,1057,28,80,155,1137,California
Lassen,2021-01-20,169,1385,94,510,75,875,0,0,91,1085,63,143,91,1228,California
Lassen,2021-01-21,139,1524,89,599,50,925,0,0,115,1182,18,161,115,1343,California
Lassen,2021-01-22,30,1554,17,616,13,938,0,0,20,1192,10,171,20,1363,California
Lassen,2021-01-23,2,1556,0,616,2,940,0,0,2,1194,0,171,2,1365,California
Lassen,2021-01-24,1,1557,0,616,1,941,0,0,1,1195,0,171,1,1366,California
Lassen,2021-01-25,12,1569,1,617,11,952,0,0,11,1205,1,172,11,1377,California
Lassen,2021-01-26,119,1688,6,623,113,1065,0,0,116,1318,3,175,116,1493,California
Lassen,2021-01-27,72,1760,24,647,48,1113,0,0,55,1356,17,192,55,1548,California
Lassen,2021-01-28,83,1843,14,661,69,1182,0,0,82,1437,1,193,82,1630,California
Lassen,2021-01-29,17,1860,4,665,13,1195,0,0,16,1452,1,194,16,1646,California
Lassen,2021-02-01,51,1911,2,667,49,1244,0,0,27,1455,24,218,27,1673,California
Lassen,2021-02-02,169,2080,8,675,161,1405,0,0,37,1360,132,350,37,1710,California
Lassen,2021-02-03,91,2171,18,693,73,1478,0,0,47,1363,44,394,47,1757,California
Lassen,2021-02-04,107,2278,13,706,94,1572,0,0,58,1372,49,443,58,1815,California
Lassen,2021-02-05,57,2335,8,714,49,1621,0,0,19,1353,38,481,19,1834,California
Lassen,2021-02-06,69,2404,34,748,35,1656,0,0,36,1357,32,513,36,1870,California
Lassen,2021-02-08,41,2445,4,752,37,1693,0,0,15,1346,26,539,15,1885,California
Lassen,2021-02-09,124,2569,5,757,119,1812,0,0,46,1314,78,617,46,1931,California
Lassen,2021-02-10,166,2735,17,774,149,1961,0,0,60,1268,106,723,60,1991,California
Lassen,2021-02-11,160,2895,11,785,149,2110,0,0,62,1233,97,820,62,2053,California
Lassen,2021-02-12,33,2928,10,795,23,2133,0,0,14,1228,19,839,14,2067,California
Lassen,2021-02-13,10,2938,2,797,8,2141,0,0,8,1234,2,841,8,2075,California
Lassen,2021-02-14,13,2951,0,797,13,2154,0,0,12,1245,1,842,12,2087,California
Lassen,2021-02-15,21,2972,2,799,19,2173,0,0,17,1259,3,845,17,2104,California
Lassen,2021-02-16,185,3157,3,802,182,2355,0,0,25,1126,158,1003,25,2129,California
Lassen,2021-02-17,157,3314,82,884,75,2430,0,0,7,983,150,1153,7,2136,California
Lassen,2021-02-18,72,3386,18,902,54,2484,0,0,17,945,55,1208,17,2153,California
Lassen,2021-02-19,72,3458,53,955,19,2503,0,0,13,899,59,1267,13,2166,California
Lassen,2021-02-20,8,3466,0,955,8,2511,0,0,6,903,2,1269,6,2172,California
Lassen,2021-02-21,22,3488,2,957,20,2531,0,0,18,917,4,1273,18,2190,California
Lassen,2021-02-22,23,3511,10,967,13,2544,0,0,5,904,18,1291,5,2195,California
Lassen,2021-02-23,151,3662,7,974,144,2688,0,0,43,839,108,1399,43,2238,California
Lassen,2021-02-24,148,3810,14,988,134,2822,0,0,94,880,53,1452,94,2332,California
Lassen,2021-02-25,144,3954,16,1004,128,2950,0,0,90,916,54,1506,90,2422,California
Lassen,2021-02-26,68,4022,16,1020,52,3002,0,0,34,916,34,1540,34,2456,California
Lassen,2021-02-27,8,4030,7,1027,1,3003,0,0,3,914,5,1545,3,2459,California
Lassen,2021-02-28,4,4034,0,1027,4,3007,0,0,2,914,2,1547,2,2461,California
Lassen,2021-03-01,32,4066,3,1030,29,3036,0,0,6,895,25,1572,6,2467,California
Lassen,2021-03-02,99,4165,6,1036,93,3129,0,0,78,953,20,1592,78,2545,California
Lassen,2021-03-03,144,4309,9,1045,135,3264,0,0,91,991,53,1645,91,2636,California
Lassen,2021-03-04,145,4454,16,1061,129,3393,0,0,95,1037,49,1694,95,2731,California
Lassen,2021-03-05,47,4501,7,1068,16,3409,24,24,11,1036,36,1730,35,2766,California
Lassen,2021-03-06,54,4555,3,1071,29,3438,22,46,5,1014,49,1779,27,2793,California
Lassen,2021-03-07,56,4611,1,1072,0,3438,55,101,1,1015,55,1834,56,2849,California
Lassen,2021-03-08,86,4697,2,1074,6,3444,78,179,3,1013,83,1917,81,2930,California
Lassen,2021-03-09,131,4828,7,1081,107,3551,17,196,84,1067,47,1964,101,3031,California
Lassen,2021-03-10,141,4969,8,1089,132,3683,1,197,75,1078,65,2029,76,3107,California
Lassen,2021-03-11,170,5139,10,1099,153,3836,7,204,100,1118,67,2096,107,3214,California
Lassen,2021-03-12,25,5164,11,1110,11,3847,3,207,10,1116,15,2111,13,3227,California
Lassen,2021-03-13,48,5212,0,1110,2,3849,46,253,1,1115,47,2158,46,3273,California
Lassen,2021-03-14,13,5225,1,1111,11,3860,1,254,1,1105,12,2170,2,3275,California
Lassen,2021-03-15,32,5257,3,1114,29,3889,0,254,14,1101,18,2188,14,3289,California
Lassen,2021-03-16,89,5346,2,1116,82,3971,5,259,72,1161,17,2205,77,3366,California
Lassen,2021-03-17,1085,6431,9,1125,1071,5042,5,264,1066,2213,19,2224,1071,4437,California
Lassen,2021-03-18,88,6519,8,1133,79,5121,1,265,77,2280,11,2235,78,4515,California
Lassen,2021-03-19,14,6533,9,1142,2,5123,3,268,5,2279,9,2244,8,4523,California
Lassen,2021-03-20,17,6550,3,1145,12,5135,2,270,11,2286,6,2250,13,4536,California
Lassen,2021-03-21,33,6583,0,1145,33,5168,0,270,13,2280,19,2269,13,4549,California
Lassen,2021-03-22,49,6632,1,1146,48,5216,0,270,46,2323,3,2272,46,4595,California
Lassen,2021-03-23,116,6748,9,1155,106,5322,1,271,63,2334,53,2325,64,4659,California
Lassen,2021-03-24,188,6936,8,1163,179,5501,1,272,98,2345,88,2413,99,4758,California
Lassen,2021-03-25,147,7083,18,1181,129,5630,0,272,67,2332,80,2493,67,4825,California
Lassen,2021-03-26,73,7156,9,1190,26,5656,38,310,15,2327,57,2550,52,4877,California
Lassen,2021-03-27,19,7175,3,1193,1,5657,15,325,2,2327,17,2567,17,4894,California
Lassen,2021-03-28,13,7188,2,1195,2,5659,9,334,1,2325,12,2579,10,4904,California
Lassen,2021-03-29,51,7239,0,1195,26,5685,25,359,20,2340,30,2609,45,4949,California
Lassen,2021-03-30,178,7417,6,1201,147,5832,25,384,51,2289,127,2736,76,5025,California
Lassen,2021-03-31,143,7560,10,1211,111,5943,22,406,59,2287,83,2819,81,5106,California
Lassen,2021-04-01,153,7713,9,1220,124,6067,20,426,44,2243,108,2927,64,5170,California
Lassen,2021-04-02,27,7740,3,1223,2,6069,22,448,1,2240,26,2953,23,5193,California
Lassen,2021-04-03,12,7752,0,1223,2,6071,10,458,0,2238,12,2965,10,5203,California
Lassen,2021-04-04,6,7758,1,1224,0,6071,5,463,1,2239,5,2970,6,5209,California
Lassen,2021-04-05,21,7779,3,1227,11,6082,7,470,10,2245,11,2981,17,5226,California
Lassen,2021-04-06,175,7954,8,1235,137,6219,30,500,51,2202,124,3105,81,5307,California
Lassen,2021-04-07,126,8080,5,1240,87,6306,34,534,32,2176,94,3199,68,5375,California
Lassen,2021-04-08,157,8237,8,1248,97,6403,52,586,28,2131,125,3324,80,5455,California
Lassen,2021-04-09,49,8286,6,1254,9,6412,34,620,8,2132,40,3364,41,5496,California
Lassen,2021-04-10,9,8295,0,1254,2,6414,7,627,0,2131,8,3372,7,5503,California
Lassen,2021-04-11,5,8300,2,1256,0,6414,3,630,2,2133,3,3375,5,5508,California
Lassen,2021-04-12,30,8330,4,1260,13,6427,13,643,4,2124,26,3401,17,5525,California
Lassen,2021-04-13,122,8452,5,1265,117,6544,0,643,33,2069,88,3489,33,5558,California
Lassen,2021-04-14,983,9435,11,1276,972,7516,0,643,48,1183,934,4423,48,5606,California
Lassen,2021-04-15,137,9572,12,1288,125,7641,0,643,14,1074,123,4546,14,5620,California
Lassen,2021-04-16,10,9582,2,1290,8,7649,0,643,6,1076,4,4550,6,5626,California
Lassen,2021-04-17,11,9593,2,1292,9,7658,0,643,3,1071,8,4558,3,5629,California
Lassen,2021-04-18,4,9597,1,1293,3,7661,0,643,1,1069,3,4561,1,5630,California
Lassen,2021-04-19,30,9627,0,1293,30,7691,0,643,14,1067,16,4577,14,5644,California
Lassen,2021-04-20,132,9759,6,1299,126,7817,0,643,48,1031,84,4661,48,5692,California
Lassen,2021-04-21,153,9912,7,1306,146,7963,0,643,32,944,119,4780,32,5724,California
Lassen,2021-04-22,98,10010,14,1320,84,8047,0,643,31,908,67,4847,31,5755,California
Lassen,2021-04-23,22,10032,0,1320,22,8069,0,643,18,922,4,4851,18,5773,California
Lassen,2021-04-24,9,10041,5,1325,4,8073,0,643,3,919,6,4857,3,5776,California
Lassen,2021-04-25,5,10046,0,1325,4,8077,1,644,3,921,2,4859,4,5780,California
Lassen,2021-04-26,40,10086,1,1326,35,8112,4,648,8,901,32,4891,12,5792,California
Lassen,2021-04-27,115,10201,7,1333,105,8217,3,651,61,911,54,4945,64,5856,California
Lassen,2021-04-28,82,10283,6,1339,74,8291,2,653,30,891,52,4997,32,5888,California
Lassen,2021-04-29,61,10344,6,1345,52,8343,3,656,21,876,39,5036,24,5912,California
Lassen,2021-04-30,12,10356,7,1352,2,8345,3,659,3,873,9,5045,6,5918,California
Lassen,2021-05-01,4,10360,0,1352,3,8348,1,660,3,876,1,5046,4,5922,California
Lassen,2021-05-02,10,10370,6,1358,4,8352,0,660,6,878,4,5050,6,5928,California
Lassen,2021-05-03,19,10389,2,1360,10,8362,7,667,3,872,16,5066,10,5938,California
Lassen,2021-05-04,69,10458,4,1364,58,8420,7,674,19,848,50,5116,26,5964,California
Lassen,2021-05-05,80,10538,4,1368,66,8486,10,684,26,831,53,5169,36,6000,California
Lassen,2021-05-06,73,10611,20,1388,32,8518,21,705,19,817,54,5223,40,6040,California
Lassen,2021-05-07,49,10660,33,1421,11,8529,5,710,41,855,8,5231,46,6086,California
Lassen,2021-05-08,11,10671,0,1421,5,8534,6,716,4,858,7,5238,10,6096,California
Lassen,2021-05-09,2,10673,0,1421,0,8534,2,718,0,858,2,5240,2,6098,California
Lassen,2021-05-10,11,10684,1,1422,7,8541,3,721,5,860,6,5246,8,6106,California
Lassen,2021-05-11,60,10744,0,1422,52,8593,8,729,18,844,42,5288,26,6132,California
Lassen,2021-05-12,40,10784,4,1426,31,8624,5,734,12,833,28,5316,17,6149,California
Lassen,2021-05-13,29,10813,9,1435,15,8639,5,739,9,827,20,5336,14,6163,California
Lassen,2021-05-14,22,10835,4,1439,10,8649,8,747,12,837,10,5346,20,6183,California
Lassen,2021-05-15,16,10851,2,1441,4,8653,10,757,4,839,12,5358,14,6197,California
Lassen,2021-05-16,7,10858,2,1443,3,8656,2,759,2,839,4,5362,4,6201,California
Lassen,2021-05-17,35,10893,4,1447,19,8675,12,771,11,838,24,5386,23,6224,California
Lassen,2021-05-18,89,10982,10,1457,67,8742,12,783,27,815,62,5448,39,6263,California
Lassen,2021-05-19,58,11040,3,1460,44,8786,11,794,8,784,49,5497,18,6281,California
Lassen,2021-05-20,33,11073,8,1468,16,8802,9,803,12,784,21,5518,21,6302,California
Lassen,2021-05-21,62,11135,28,1496,20,8822,14,817,33,802,29,5547,47,6349,California
Lassen,2021-05-22,17,11152,2,1498,7,8829,8,825,7,807,10,5557,15,6364,California
Lassen,2021-05-23,5,11157,3,1501,1,8830,1,826,0,803,5,5562,1,6365,California
Lassen,2021-05-24,12,11169,1,1502,9,8839,2,828,6,806,5,5567,8,6373,California
Lassen,2021-05-25,93,11262,6,1508,78,8917,9,837,32,786,61,5628,41,6414,California
Lassen,2021-05-26,59,11321,0,1508,43,8960,16,853,11,765,48,5676,27,6441,California
Lassen,2021-05-27,41,11362,17,1525,18,8978,6,859,12,755,28,5704,18,6459,California
Lassen,2021-05-28,71,11433,45,1570,18,8996,8,867,29,750,42,5746,37,6496,California
Lassen,2021-05-29,15,11448,1,1571,12,9008,2,869,9,755,6,5752,11,6507,California
Lassen,2021-05-30,2,11450,0,1571,1,9009,1,870,1,756,1,5753,2,6509,California
Lassen,2021-05-31,7,11457,0,1571,6,9015,1,871,1,752,6,5759,2,6511,California
Lassen,2021-06-01,43,11500,1,1572,36,9051,6,877,16,747,27,5786,22,6533,California
Lassen,2021-06-02,54,11554,2,1574,37,9088,15,892,13,735,40,5826,28,6561,California
Lassen,2021-06-03,20,11574,3,1577,8,9096,9,901,7,738,13,5839,16,6577,California
Lassen,2021-06-04,39,11613,3,1580,26,9122,10,911,15,739,24,5863,25,6602,California
Lassen,2021-06-05,13,11626,3,1583,7,9129,3,914,4,737,9,5872,7,6609,California
Lassen,2021-06-06,6,11632,1,1584,2,9131,3,917,2,738,4,5876,5,6614,California
Lassen,2021-06-07,8,11640,0,1584,4,9135,4,921,0,734,8,5884,4,6618,California
Los Angeles,2020-12-15,397,397,397,397,0,0,0,0,397,397,0,0,397,397,California
Los Angeles,2020-12-16,3581,3978,3581,3978,0,0,0,0,3581,3978,0,0,3581,3978,California
Los Angeles,2020-12-17,10308,14286,10308,14286,0,0,0,0,10309,14287,0,0,10309,14287,California
Los Angeles,2020-12-18,14569,28855,14546,28832,23,23,0,0,14569,28856,0,0,14569,28856,California
Los Angeles,2020-12-19,7236,36091,7227,36059,9,32,0,0,7238,36094,0,0,7238,36094,California
Los Angeles,2020-12-20,4612,40703,4604,40663,8,40,0,0,4614,40708,0,0,4614,40708,California
Los Angeles,2020-12-21,13732,54435,13715,54378,17,57,0,0,13732,54439,1,1,13732,54440,California
Los Angeles,2020-12-22,11559,65994,11166,65544,393,450,0,0,11559,65996,2,3,11559,65999,California
Los Angeles,2020-12-23,11978,77972,10208,75752,1770,2220,0,0,11978,77974,0,3,11978,77977,California
Los Angeles,2020-12-24,7044,85016,4269,80021,2775,4995,0,0,7047,85021,0,3,7047,85024,California
Los Angeles,2020-12-25,529,85545,422,80443,107,5102,0,0,529,85550,0,3,529,85553,California
Los Angeles,2020-12-26,2535,88080,2189,82632,346,5448,0,0,2534,88082,2,5,2534,88087,California
Los Angeles,2020-12-27,1773,89853,1036,83668,737,6185,0,0,1773,89855,0,5,1773,89860,California
Los Angeles,2020-12-28,10329,100182,6400,90068,3929,10114,0,0,10326,100180,1,6,10326,100186,California
Los Angeles,2020-12-29,11626,111808,6091,96159,5535,15649,0,0,11627,111807,0,6,11627,111813,California
Los Angeles,2020-12-30,14897,126705,8104,104263,6793,22442,0,0,14896,126703,0,6,14896,126709,California
Los Angeles,2020-12-31,7966,134671,2763,107026,5203,27645,0,0,7963,134664,2,8,7963,134672,California
Los Angeles,2021-01-01,1056,135727,300,107326,756,28401,0,0,1056,135720,0,8,1056,135728,California
Los Angeles,2021-01-02,4504,140231,1682,109008,2822,31223,0,0,4504,140224,0,8,4504,140232,California
Los Angeles,2021-01-03,958,141189,222,109230,736,31959,0,0,956,141178,2,10,956,141188,California
Los Angeles,2021-01-04,12727,153916,4894,114124,7833,39792,0,0,12713,153889,2,12,12713,153901,California
Los Angeles,2021-01-05,16098,170014,7112,121236,8986,48778,0,0,14183,166191,1886,1898,14188,168089,California
Los Angeles,2021-01-06,22750,192764,12118,133354,10632,59410,0,0,17097,177714,5584,7482,17107,185196,California
Los Angeles,2021-01-07,29444,222208,15843,149197,13601,73011,0,0,18872,186078,10524,18006,18888,204084,California
Los Angeles,2021-01-08,33213,255421,17949,167146,15264,88275,0,0,20929,194760,12257,30263,20939,225023,California
Los Angeles,2021-01-09,12409,267830,7103,174249,5306,93581,0,0,7523,197407,4883,35146,7530,232553,California
Los Angeles,2021-01-10,4704,272534,3648,177897,1056,94637,0,0,1966,196636,2738,37884,1967,234520,California
Los Angeles,2021-01-11,25891,298425,16292,194189,9599,104236,0,0,14922,200610,10958,48842,14932,249452,California
Los Angeles,2021-01-12,29403,327828,16225,210414,13178,117414,0,0,19247,209731,10139,58981,19260,268712,California
Los Angeles,2021-01-13,29355,357183,15664,226078,13691,131105,0,0,20371,221140,8967,67948,20376,289088,California
Los Angeles,2021-01-14,29322,386505,12707,238785,16615,147720,0,0,23780,239410,5522,73470,23792,312880,California
Los Angeles,2021-01-15,33875,420380,12360,251145,21515,169235,0,0,30286,266143,3562,77032,30295,343175,California
Los Angeles,2021-01-16,17632,438012,4975,256120,12657,181892,0,0,15840,280205,1784,78816,15846,359021,California
Los Angeles,2021-01-17,5206,443218,2316,258436,2890,184782,0,0,4959,284920,246,79062,4961,363982,California
Los Angeles,2021-01-18,15664,458882,10116,268552,5548,190330,0,0,10924,291119,4728,83790,10927,374909,California
Los Angeles,2021-01-19,38703,497585,20644,289196,18059,208389,0,0,30881,314232,7781,91571,30894,405803,California
Los Angeles,2021-01-20,46390,543975,24188,313384,22202,230591,0,0,38897,345678,7461,99032,38907,444710,California
Los Angeles,2021-01-21,48917,592892,22407,335791,26510,257101,0,0,44618,386079,4233,103265,44634,489344,California
Los Angeles,2021-01-22,48304,641196,22375,358166,25929,283030,0,0,44864,427562,3393,106658,44876,534220,California
Los Angeles,2021-01-23,34214,675410,15760,373926,18454,301484,0,0,32141,457677,2041,108699,32156,566376,California
Los Angeles,2021-01-24,15755,691165,12227,386153,3528,305012,0,0,15204,472341,543,109242,15207,581583,California
Los Angeles,2021-01-25,39544,730709,16701,402854,22843,327855,0,0,30890,494623,8624,117866,30906,612489,California
Los Angeles,2021-01-26,49779,780488,24703,427557,25076,352931,0,0,41541,527981,8203,126069,41561,654050,California
Los Angeles,2021-01-27,51233,831721,26078,453635,25155,378086,0,0,41810,560534,9282,135351,41835,695885,California
Los Angeles,2021-01-28,49152,880873,23569,477204,25583,403669,0,0,40693,592906,8336,143687,40708,736593,California
Los Angeles,2021-01-29,49900,930773,25794,502998,24106,427775,0,0,39773,622929,9773,153460,39796,776389,California
Los Angeles,2021-01-30,30492,961265,15763,518761,14729,442504,0,0,26177,644877,4234,157694,26182,802571,California
Los Angeles,2021-01-31,13163,974428,10498,529259,2665,445169,0,0,12342,656416,807,158501,12346,814917,California
Los Angeles,2021-02-01,38851,1013279,16653,545912,22198,467367,0,0,28279,674171,10535,169036,28290,843207,California
Los Angeles,2021-02-02,44818,1058097,18065,563977,26753,494120,0,0,32606,694613,12170,181206,32612,875819,California
Los Angeles,2021-02-03,52349,1110446,19680,583657,32669,526789,0,0,37433,717379,14673,195879,37439,913258,California
Los Angeles,2021-02-04,57355,1167801,20806,604463,36549,563338,0,0,39261,738870,17784,213663,39275,952533,California
Los Angeles,2021-02-05,61552,1229353,21259,625722,40293,603631,0,0,39558,756868,21571,235234,39569,992102,California
Los Angeles,2021-02-06,35832,1265185,13570,639292,22262,625893,0,0,27358,775851,8397,243631,27380,1019482,California
Los Angeles,2021-02-07,11065,1276250,8627,647919,2438,628331,0,0,8669,782147,2380,246011,8676,1028158,California
Los Angeles,2021-02-08,47334,1323584,22063,669982,25271,653602,0,0,31077,797104,16122,262133,31079,1059237,California
Los Angeles,2021-02-09,56121,1379705,24855,694837,31266,684868,0,0,28594,798263,27443,289576,28602,1087839,California
Los Angeles,2021-02-10,67119,1446824,29476,724313,37643,722511,0,0,30783,793104,35952,325528,30793,1118632,California
Los Angeles,2021-02-11,58507,1505331,31307,755620,27200,749711,0,0,28300,791651,29757,355285,28304,1146936,California
Los Angeles,2021-02-12,60025,1565356,29950,785570,30075,779786,0,0,26269,784554,33384,388669,26287,1173223,California
Los Angeles,2021-02-13,33930,1599286,19777,805347,14153,793939,0,0,15486,781723,18355,407024,15524,1188747,California
Los Angeles,2021-02-14,21832,1621118,14901,820248,6931,800870,0,0,8776,777510,12992,420016,8779,1197526,California
Los Angeles,2021-02-15,33001,1654119,16059,836307,16942,817812,0,0,18097,780775,14838,434854,18103,1215629,California
Los Angeles,2021-02-16,64527,1718646,32874,869181,31653,849465,0,0,29945,776251,34482,469336,29958,1245587,California
Los Angeles,2021-02-17,65213,1783859,34829,904010,30384,879849,0,0,26550,764340,38467,507803,26556,1272143,California
Los Angeles,2021-02-18,68929,1852788,35101,939111,33828,913677,0,0,28704,753015,40039,547842,28714,1300857,California
Los Angeles,2021-02-19,58680,1911468,36285,975396,22395,936072,0,0,28680,751816,29896,577738,28697,1329554,California
Los Angeles,2021-02-20,33178,1944646,24197,999593,8981,945053,0,0,15913,750522,17216,594954,15922,1345476,California
Los Angeles,2021-02-21,22449,1967095,20777,1020370,1672,946725,0,0,11112,750357,11280,606234,11115,1356591,California
Los Angeles,2021-02-22,34781,2001876,25362,1045732,9419,956144,0,0,17905,751478,16796,623030,17917,1374508,California
Los Angeles,2021-02-23,55148,2057024,23867,1069599,31281,987425,0,0,21637,739737,33389,656419,21648,1396156,California
Los Angeles,2021-02-24,65240,2122264,29087,1098686,36153,1023578,0,0,28124,730942,36937,693356,28142,1424298,California
Los Angeles,2021-02-25,74402,2196666,34106,1132792,40296,1063874,0,0,38309,733337,35927,729283,38322,1462620,California
Los Angeles,2021-02-26,83984,2280650,38933,1171725,45051,1108925,0,0,47075,743763,36678,765961,47104,1509724,California
Los Angeles,2021-02-27,60506,2341156,26682,1198407,33818,1142743,6,6,30861,745175,29478,795439,30890,1540614,California
Los Angeles,2021-02-28,27084,2368240,18713,1217120,8368,1151111,3,9,18933,756074,8043,803482,18942,1559556,California
Los Angeles,2021-03-01,57325,2425565,32677,1249797,24618,1175729,30,39,34305,767594,22833,826315,34353,1593909,California
Los Angeles,2021-03-02,77863,2503428,37870,1287667,39984,1215713,9,48,49020,787937,28698,855013,49041,1642950,California
Los Angeles,2021-03-03,84935,2588363,43376,1331043,41544,1257257,15,63,53670,810561,31086,886099,53710,1696660,California
Los Angeles,2021-03-04,90876,2679239,46724,1377767,44138,1301395,14,77,57333,834571,33356,919455,57366,1754026,California
Los Angeles,2021-03-05,90101,2769340,44503,1422270,45567,1346962,31,108,60344,865424,29558,949013,60411,1814437,California
Los Angeles,2021-03-06,67412,2836752,34358,1456628,31224,1378186,1830,1938,43465,886920,23801,972814,45297,1859734,California
Los Angeles,2021-03-07,27283,2864035,20789,1477417,5662,1383848,832,2770,21108,902708,6145,978959,21933,1881667,California
Los Angeles,2021-03-08,52830,2916865,27919,1505336,22941,1406789,1970,4740,39913,931777,12811,991770,41880,1923547,California
Los Angeles,2021-03-09,81501,2998366,38727,1544063,39487,1446276,3287,8027,51897,957498,29451,1021221,55172,1978719,California
Los Angeles,2021-03-10,83159,3081525,40928,1584991,37344,1483620,4887,12914,52619,984594,30369,1051590,57465,2036184,California
Los Angeles,2021-03-11,92861,3174386,45360,1630351,40806,1524426,6695,19609,54368,1007311,38299,1089889,61016,2097200,California
Los Angeles,2021-03-12,98993,3273379,44573,1674924,40501,1564927,13919,33528,57662,1037709,41125,1131014,71523,2168723,California
Los Angeles,2021-03-13,75773,3349152,35822,1710746,27976,1592903,11975,45503,45274,1064523,30382,1161396,57196,2225919,California
Los Angeles,2021-03-14,39119,3388271,26299,1737045,10271,1603174,2549,48052,24013,1076026,15037,1176433,26540,2252459,California
Los Angeles,2021-03-15,74990,3463261,36573,1773618,32964,1636138,5453,53505,45413,1097479,29386,1205819,50839,2303298,California
Los Angeles,2021-03-16,99978,3563239,43726,1817344,50362,1686500,5890,59395,64736,1133011,35048,1240867,70580,2373878,California
Los Angeles,2021-03-17,97277,3660516,44092,1861436,44863,1731363,8322,67717,65074,1174276,31996,1272863,73261,2447139,California
Los Angeles,2021-03-18,101943,3762459,48744,1910180,47864,1779227,5335,73052,64691,1207324,36959,1309822,70007,2517146,California
Los Angeles,2021-03-19,109242,3871701,56976,1967156,47486,1826713,4780,77832,67322,1237729,41647,1351469,72052,2589198,California
Los Angeles,2021-03-20,76405,3948106,37754,2004910,34066,1860779,4585,82417,51856,1269789,24363,1375832,56423,2645621,California
Los Angeles,2021-03-21,34645,3982751,25758,2030668,7986,1868765,901,83318,22229,1280621,12296,1388128,23128,2668749,California
Los Angeles,2021-03-22,70884,4053635,41621,2072289,27091,1895856,2172,85490,49726,1311619,20896,1409024,51894,2720643,California
Los Angeles,2021-03-23,96439,4150074,52141,2124430,41052,1936908,3246,88736,58371,1335425,37796,1446820,61602,2782245,California
Los Angeles,2021-03-24,105045,4255119,55720,2180150,46158,1983066,3167,91903,60811,1355479,43909,1490729,63963,2846208,California
Los Angeles,2021-03-25,110704,4365823,59282,2239432,47516,2030582,3906,95809,62191,1373343,48212,1538941,66076,2912284,California
Los Angeles,2021-03-26,115343,4481166,63225,2302657,47937,2078519,4181,99990,63606,1389652,51449,1590390,67758,2980042,California
Los Angeles,2021-03-27,83639,4564805,44023,2346680,37481,2116000,2135,102125,42712,1393829,40665,1631055,44842,3024884,California
Los Angeles,2021-03-28,42215,4607020,28632,2375312,12998,2128998,585,102710,20070,1392472,22010,1653065,20653,3045537,California
Los Angeles,2021-03-29,83064,4690084,46708,2422020,34583,2163581,1773,104483,46110,1403604,36742,1689807,47874,3093411,California
Los Angeles,2021-03-30,108971,4799055,51937,2473957,51090,2214671,5944,110427,56937,1414655,51793,1741600,62844,3156255,California
Los Angeles,2021-03-31,122710,4921765,62008,2535965,51871,2266542,8831,119258,68621,1438276,53776,1795376,77397,3233652,California
Los Angeles,2021-04-01,133433,5055198,62356,2598321,55643,2322185,15434,134692,71946,1464434,61147,1856523,87305,3320957,California
Los Angeles,2021-04-02,132372,5187570,58947,2657268,57859,2380044,15566,150258,70425,1488775,61602,1918125,85943,3406900,California
Los Angeles,2021-04-03,98672,5286242,45179,2702447,39843,2419887,13650,163908,48514,1500906,49967,1968092,62098,3468998,California
Los Angeles,2021-04-04,39227,5325469,20529,2722976,12062,2431949,6636,170544,16371,1501100,22772,1990864,22966,3491964,California
Los Angeles,2021-04-05,93972,5419441,44458,2767434,39226,2471175,10288,180832,44562,1506682,49199,2040063,54781,3546745,California
Los Angeles,2021-04-06,121176,5540617,56991,2824425,43846,2515021,20339,201171,55521,1517025,65394,2105457,75737,3622482,California
Los Angeles,2021-04-07,120381,5660998,54509,2878934,44664,2559685,21208,222379,54414,1526829,65702,2171159,75506,3697988,California
Los Angeles,2021-04-08,133083,5794081,58403,2937337,50530,2610215,24150,246529,60130,1538313,72638,2243797,84122,3782110,California
Los Angeles,2021-04-09,131736,5925817,56879,2994216,50844,2661059,24013,270542,56448,1543656,74980,2318777,80323,3862433,California
Los Angeles,2021-04-10,101664,6027481,42960,3037176,34586,2695645,24118,294660,37193,1540617,64224,2383001,61185,3923618,California
Los Angeles,2021-04-11,41869,6069350,22620,3059796,9740,2705385,9509,304169,14285,1536860,27502,2410503,23745,3947363,California
Los Angeles,2021-04-12,79077,6148427,38580,3098376,34106,2739491,6391,310560,32335,1529040,46530,2457033,38710,3986073,California
Los Angeles,2021-04-13,117657,6266084,59101,3157477,58124,2797615,432,310992,62072,1536240,55338,2512371,62538,4048611,California
Los Angeles,2021-04-14,119093,6385177,59367,3216844,59594,2857209,132,311124,64560,1546697,54259,2566630,64716,4113327,California
Los Angeles,2021-04-15,130018,6515195,70131,3286975,59711,2916920,176,311300,74444,1565915,55291,2621921,74509,4187836,California
Los Angeles,2021-04-16,130214,6645409,68617,3355592,61455,2978375,142,311442,68519,1573099,61409,2683330,68593,4256429,California
Los Angeles,2021-04-17,98378,6743787,51417,3407009,46933,3025308,28,311470,56138,1587246,42018,2725348,56165,4312594,California
Los Angeles,2021-04-18,34117,6777904,22608,3429617,11508,3036816,1,311471,18659,1590531,15380,2740728,18665,4331259,California
Los Angeles,2021-04-19,74950,6852854,39710,3469327,35227,3072043,13,311484,33280,1582358,41475,2782203,33302,4364561,California
Los Angeles,2021-04-20,103007,6955861,50106,3519433,52878,3124921,23,311507,51170,1581961,51592,2833795,51195,4415756,California
Los Angeles,2021-04-21,109593,7065454,52411,3571844,56993,3181914,189,311696,48287,1569460,60976,2894771,48475,4464231,California
Los Angeles,2021-04-22,116372,7181826,59634,3631478,56705,3238619,33,311729,51307,1556056,64748,2959519,51344,4515575,California
Los Angeles,2021-04-23,114437,7296263,62462,3693940,51954,3290573,21,311750,54264,1550468,59871,3019390,54283,4569858,California
Los Angeles,2021-04-24,90194,7386457,57387,3751327,32771,3323344,36,311786,50433,1561418,39529,3058919,50479,4620337,California
Los Angeles,2021-04-25,37788,7424245,25025,3776352,12757,3336101,6,311792,20355,1564453,17325,3076244,20360,4640697,California
Los Angeles,2021-04-26,75671,7499916,39240,3815592,35933,3372034,498,312290,37499,1564489,37955,3114199,37991,4678688,California
Los Angeles,2021-04-27,90093,7590009,43170,3858762,45066,3417100,1857,314147,34376,1545269,55441,3169640,36221,4714909,California
Los Angeles,2021-04-28,84927,7674936,40777,3899539,42107,3459207,2043,316190,33119,1528932,51488,3221128,35151,4750060,California
Los Angeles,2021-04-29,91450,7766386,45213,3944752,44084,3503291,2153,318343,32407,1504813,58670,3279798,34551,4784611,California
Los Angeles,2021-04-30,99247,7865633,48974,3993726,47861,3551152,2412,320755,35796,1479977,63026,3342824,38190,4822801,California
Los Angeles,2021-05-01,75278,7940911,42117,4035843,31659,3582811,1502,322257,28335,1463164,46644,3389468,29831,4852632,California
Los Angeles,2021-05-02,27968,7968879,17951,4053794,9283,3592094,734,322991,10124,1456287,17731,3407199,10854,4863486,California
Los Angeles,2021-05-03,60833,8029712,29696,4083490,28975,3621069,2162,325153,21536,1440923,39048,3446247,23684,4887170,California
Los Angeles,2021-05-04,85621,8115333,47116,4130606,36261,3657330,2244,327397,26346,1410528,58967,3505214,28572,4915742,California
Los Angeles,2021-05-05,88552,8203885,51393,4181999,34818,3692148,2341,329738,24323,1373277,63903,3569117,26652,4942394,California
Los Angeles,2021-05-06,96300,8300185,57842,4239841,35960,3728108,2498,332236,23003,1325840,72920,3642037,25483,4967877,California
Los Angeles,2021-05-07,95575,8395760,56817,4296658,36419,3764527,2339,334575,26113,1285142,69123,3711160,28425,4996302,California
Los Angeles,2021-05-08,63699,8459459,42060,4338718,20024,3784551,1615,336190,17363,1258077,46031,3757191,18966,5015268,California
Los Angeles,2021-05-09,23709,8483168,18034,4356752,4936,3789487,739,336929,6047,1247290,17567,3774758,6780,5022048,California
Los Angeles,2021-05-10,48476,8531644,25483,4382235,21147,3810634,1846,338775,14601,1230068,33658,3808416,16436,5038484,California
Los Angeles,2021-05-11,66887,8598531,35778,4418013,29104,3839738,2005,340780,17102,1199615,49538,3857954,19085,5057569,California
Los Angeles,2021-05-12,66949,8665480,35995,4454008,28832,3868570,2122,342902,18801,1172662,47860,3905814,20907,5078476,California
Los Angeles,2021-05-13,69967,8735447,42189,4496197,26144,3894714,1634,344536,24531,1153734,45077,3950891,26149,5104625,California
Los Angeles,2021-05-14,86832,8822279,55054,4551251,29962,3924676,1816,346352,32774,1134578,53735,4004626,34579,5139204,California
Los Angeles,2021-05-15,73735,8896014,52133,4603384,20109,3944785,1493,347845,28363,1119316,45107,4049733,29845,5169049,California
Los Angeles,2021-05-16,30430,8926444,24056,4627440,5770,3950555,604,348449,12011,1113603,18325,4068058,12612,5181661,California
Los Angeles,2021-05-17,61196,8987640,39889,4667329,19574,3970129,1733,350182,25468,1105283,35500,4103558,27180,5208841,California
Los Angeles,2021-05-18,63877,9051517,38108,4705437,23985,3994114,1784,351966,26295,1096041,37322,4140880,28080,5236921,California
Los Angeles,2021-05-19,66890,9118407,40335,4745772,24732,4018846,1823,353789,29327,1089872,37304,4178184,31135,5268056,California
Los Angeles,2021-05-20,53050,9171457,29853,4775625,21358,4040204,1839,355628,20871,1080696,31883,4210067,22707,5290763,California
Los Angeles,2021-05-21,55760,9227217,34533,4810158,19403,4059607,1824,357452,23124,1073284,32355,4242422,24943,5315706,California
Los Angeles,2021-05-22,44609,9271826,30169,4840327,12965,4072572,1475,358927,19155,1068619,25284,4267706,20619,5336325,California
Los Angeles,2021-05-23,14542,9286368,11337,4851664,2535,4075107,670,359597,7474,1069760,6999,4274705,8140,5344465,California
Los Angeles,2021-05-24,47876,9334244,26345,4878009,19696,4094803,1835,361432,18407,1060737,29256,4303961,20233,5364698,California
Los Angeles,2021-05-25,49325,9383569,28600,4906609,18971,4113774,1754,363186,19567,1052525,29525,4333486,21313,5386011,California
Los Angeles,2021-05-26,46478,9430047,26279,4932888,18389,4132163,1810,364996,19886,1047924,26178,4359664,21577,5407588,California
Los Angeles,2021-05-27,44941,9474988,25073,4957961,18001,4150164,1867,366863,18962,1042955,25751,4385415,20782,5428370,California
Los Angeles,2021-05-28,51432,9526420,29200,4987161,20384,4170548,1848,368711,23130,1039890,28029,4413444,24964,5453334,California
Los Angeles,2021-05-29,30131,9556551,17433,5004594,11673,4182221,1025,369736,14233,1039423,15714,4429158,15247,5468581,California
Los Angeles,2021-05-30,12440,9568991,8179,5012773,3536,4185757,725,370461,5945,1039641,6446,4435604,6664,5475245,California
Los Angeles,2021-05-31,5991,9574982,3712,5016485,1975,4187732,304,370765,1732,1037468,4207,4439811,2034,5477279,California
Los Angeles,2021-06-01,45590,9620572,25575,5042060,18467,4206199,1548,372313,18012,1029752,27254,4467065,19538,5496817,California
Los Angeles,2021-06-02,37949,9658521,22003,5064063,14511,4220710,1435,373748,16062,1025619,21606,4488671,17473,5514290,California
Los Angeles,2021-06-03,41978,9700499,27768,5091831,12664,4233374,1546,375294,16621,1018658,25093,4513764,18132,5532422,California
Los Angeles,2021-06-04,50729,9751228,34305,5126136,14813,4248187,1611,376905,17317,1004449,33114,4546878,18905,5551327,California
Los Angeles,2021-06-05,40585,9791813,29348,5155484,9908,4258095,1329,378234,12295,989939,28116,4574994,13606,5564933,California
Los Angeles,2021-06-06,14434,9806247,11946,5167430,1792,4259887,696,378930,4053,984371,10311,4585305,4743,5569676,California
Los Angeles,2021-06-07,19965,9826212,14516,5181946,4615,4264502,834,379764,5738,976811,14119,4599424,6559,5576235,California
Madera,2020-12-16,21,21,21,21,0,0,0,0,21,21,0,0,21,21,California
Madera,2020-12-17,13,34,13,34,0,0,0,0,13,34,0,0,13,34,California
Madera,2020-12-18,60,94,60,94,0,0,0,0,60,94,0,0,60,94,California
Madera,2020-12-19,5,99,5,99,0,0,0,0,5,99,0,0,5,99,California
Madera,2020-12-20,14,113,14,113,0,0,0,0,14,113,0,0,14,113,California
Madera,2020-12-21,60,173,60,173,0,0,0,0,60,173,0,0,60,173,California
Madera,2020-12-22,95,268,93,266,2,2,0,0,95,268,0,0,95,268,California
Madera,2020-12-23,68,336,68,334,0,2,0,0,68,336,0,0,68,336,California
Madera,2020-12-24,43,379,38,372,5,7,0,0,43,379,0,0,43,379,California
Madera,2020-12-26,27,406,26,398,1,8,0,0,27,406,0,0,27,406,California
Madera,2020-12-27,29,435,12,410,17,25,0,0,29,435,0,0,29,435,California
Madera,2020-12-28,107,542,36,446,71,96,0,0,107,542,0,0,107,542,California
Madera,2020-12-29,173,715,37,483,136,232,0,0,173,715,0,0,173,715,California
Madera,2020-12-30,223,938,87,570,136,368,0,0,223,938,0,0,223,938,California
Madera,2020-12-31,201,1139,80,650,121,489,0,0,201,1139,0,0,201,1139,California
Madera,2021-01-01,1,1140,1,651,0,489,0,0,1,1140,0,0,1,1140,California
Madera,2021-01-02,88,1228,33,684,55,544,0,0,88,1228,0,0,88,1228,California
Madera,2021-01-03,4,1232,4,688,0,544,0,0,4,1232,0,0,4,1232,California
Madera,2021-01-04,129,1361,65,753,64,608,0,0,129,1361,0,0,129,1361,California
Madera,2021-01-05,280,1641,143,896,137,745,0,0,276,1633,4,4,276,1637,California
Madera,2021-01-06,183,1824,26,922,157,902,0,0,164,1778,19,23,164,1801,California
Madera,2021-01-07,399,2223,116,1038,283,1185,0,0,376,2132,23,46,377,2178,California
Madera,2021-01-08,421,2644,72,1110,349,1534,0,0,366,2445,54,100,367,2545,California
Madera,2021-01-09,36,2680,14,1124,22,1556,0,0,27,2463,9,109,27,2572,California
Madera,2021-01-10,17,2697,14,1138,3,1559,0,0,5,2456,12,121,5,2577,California
Madera,2021-01-11,239,2936,191,1329,48,1607,0,0,198,2613,41,162,198,2775,California
Madera,2021-01-12,390,3326,159,1488,231,1838,0,0,285,2793,105,267,285,3060,California
Madera,2021-01-13,182,3508,90,1578,92,1930,0,0,127,2866,55,322,128,3188,California
Madera,2021-01-14,551,4059,79,1657,472,2402,0,0,519,3353,32,354,519,3707,California
Madera,2021-01-15,597,4656,158,1815,439,2841,0,0,576,3908,21,375,576,4283,California
Madera,2021-01-16,384,5040,48,1863,336,3177,0,0,356,4236,28,403,356,4639,California
Madera,2021-01-17,337,5377,15,1878,322,3499,0,0,333,4565,4,407,333,4972,California
Madera,2021-01-18,78,5455,62,1940,16,3515,0,0,59,4606,18,425,59,5031,California
Madera,2021-01-19,573,6028,136,2076,437,3952,0,0,546,5126,27,452,547,5578,California
Madera,2021-01-20,236,6264,80,2156,156,4108,0,0,208,5307,27,479,208,5786,California
Madera,2021-01-21,237,6501,128,2284,109,4217,0,0,203,5478,32,511,203,5989,California
Madera,2021-01-22,256,6757,81,2365,175,4392,0,0,241,5704,15,526,241,6230,California
Madera,2021-01-23,101,6858,53,2418,48,4440,0,0,77,5757,24,550,77,6307,California
Madera,2021-01-24,99,6957,81,2499,18,4458,0,0,78,5814,21,571,78,6385,California
Madera,2021-01-25,269,7226,126,2625,143,4601,0,0,147,5839,122,693,147,6532,California
Madera,2021-01-26,490,7716,189,2814,301,4902,0,0,299,5949,190,883,300,6832,California
Madera,2021-01-27,741,8457,63,2877,678,5580,0,0,604,6418,137,1020,606,7438,California
Madera,2021-01-28,546,9003,108,2985,438,6018,0,0,441,6755,105,1125,442,7880,California
Madera,2021-01-29,467,9470,94,3079,373,6391,0,0,412,7112,55,1180,412,8292,California
Madera,2021-01-30,504,9974,16,3095,488,6879,0,0,451,7510,53,1233,451,8743,California
Madera,2021-01-31,9,9983,6,3101,3,6882,0,0,8,7517,1,1234,8,8751,California
Madera,2021-02-01,332,10315,147,3248,185,7067,0,0,206,7597,126,1360,206,8957,California
Madera,2021-02-02,256,10571,88,3336,168,7235,0,0,162,7667,93,1453,163,9120,California
Madera,2021-02-03,597,11168,462,3798,135,7370,0,0,477,8027,118,1571,478,9598,California
Madera,2021-02-04,393,11561,126,3924,267,7637,0,0,115,7866,277,1848,116,9714,California
Madera,2021-02-05,976,12537,298,4222,678,8315,0,0,371,7639,599,2447,372,10086,California
Madera,2021-02-06,363,12900,329,4551,34,8349,0,0,323,7923,39,2486,323,10409,California
Madera,2021-02-07,34,12934,6,4557,28,8377,0,0,29,7947,5,2491,29,10438,California
Madera,2021-02-08,387,13321,311,4868,76,8453,0,0,270,8101,116,2607,270,10708,California
Madera,2021-02-09,479,13800,118,4986,361,8814,0,0,198,8022,278,2885,199,10907,California
Madera,2021-02-10,436,14236,148,5134,288,9102,0,0,332,8250,104,2989,332,11239,California
Madera,2021-02-11,937,15173,308,5442,629,9731,0,0,406,8127,530,3519,407,11646,California
Madera,2021-02-12,839,16012,117,5559,722,10453,0,0,311,7919,522,4041,314,11960,California
Madera,2021-02-13,485,16497,44,5603,441,10894,0,0,137,7712,347,4388,140,12100,California
Madera,2021-02-14,400,16897,74,5677,326,11220,0,0,135,7583,265,4653,136,12236,California
Madera,2021-02-15,246,17143,100,5777,146,11366,0,0,175,7688,70,4723,175,12411,California
Madera,2021-02-16,780,17923,182,5959,598,11964,0,0,231,7373,547,5270,232,12643,California
Madera,2021-02-17,613,18536,276,6235,337,12301,0,0,341,7451,265,5535,343,12986,California
Madera,2021-02-18,1301,19837,537,6772,764,13065,0,0,1122,8396,178,5713,1123,14109,California
Madera,2021-02-19,859,20696,542,7314,317,13382,0,0,717,8972,142,5855,718,14827,California
Madera,2021-02-20,1076,21772,985,8299,91,13473,0,0,1003,9904,72,5927,1004,15831,California
Madera,2021-02-21,962,22734,819,9118,143,13616,0,0,957,10856,5,5932,957,16788,California
Madera,2021-02-22,915,23649,837,9955,78,13694,0,0,858,11657,57,5989,858,17646,California
Madera,2021-02-23,773,24422,500,10455,273,13967,0,0,545,11977,225,6214,545,18191,California
Madera,2021-02-24,915,25337,302,10757,613,14580,0,0,383,11829,531,6745,383,18574,California
Madera,2021-02-25,1035,26372,317,11074,718,15298,0,0,599,11994,434,7179,599,19173,California
Madera,2021-02-26,1082,27454,198,11272,884,16182,0,0,701,12316,379,7558,701,19874,California
Madera,2021-02-27,900,28354,265,11537,635,16817,0,0,474,12370,423,7981,477,20351,California
Madera,2021-02-28,194,28548,29,11566,165,16982,0,0,189,12554,5,7986,189,20540,California
Madera,2021-03-01,380,28928,121,11687,259,17241,0,0,197,12570,181,8167,197,20737,California
Madera,2021-03-02,752,29680,349,12036,403,17644,0,0,638,13097,113,8280,640,21377,California
Madera,2021-03-03,1352,31032,724,12760,628,18272,0,0,945,13664,404,8684,971,22348,California
Madera,2021-03-04,1206,32238,529,13289,677,18949,0,0,953,14366,254,8938,956,23304,California
Madera,2021-03-05,1366,33604,421,13710,932,19881,13,13,1086,15198,278,9216,1110,24414,California
Madera,2021-03-06,823,34427,640,14350,151,20032,32,45,503,15415,319,9535,536,24950,California
Madera,2021-03-07,154,34581,27,14377,105,20137,22,67,105,15493,49,9584,127,25077,California
Madera,2021-03-08,605,35186,337,14714,209,20346,59,126,310,15569,295,9879,371,25448,California
Madera,2021-03-09,600,35786,296,15010,270,20616,34,160,410,15833,188,10067,452,25900,California
Madera,2021-03-10,1193,36979,560,15570,554,21170,79,239,758,16241,430,10497,838,26738,California
Madera,2021-03-11,1685,38664,865,16435,491,21661,329,568,770,16438,913,11410,1110,27848,California
Madera,2021-03-12,1577,40241,814,17249,609,22270,154,722,798,16642,777,12187,981,28829,California
Madera,2021-03-13,1881,42122,1330,18579,355,22625,196,918,813,16602,1065,13252,1025,29854,California
Madera,2021-03-14,587,42709,450,19029,104,22729,33,951,295,16641,289,13541,328,30182,California
Madera,2021-03-15,743,43452,228,19257,469,23198,46,997,517,17009,223,13764,591,30773,California
Madera,2021-03-16,933,44385,527,19784,359,23557,47,1044,742,17627,188,13952,806,31579,California
Madera,2021-03-17,1468,45853,982,20766,423,23980,63,1107,912,18143,547,14499,1063,32642,California
Madera,2021-03-18,1956,47809,683,21449,1207,25187,66,1173,977,18295,974,15473,1126,33768,California
Madera,2021-03-19,1587,49396,588,22037,919,26106,80,1253,1046,18951,537,16010,1193,34961,California
Madera,2021-03-20,1189,50585,777,22814,359,26465,53,1306,622,19108,565,16575,722,35683,California
Madera,2021-03-21,1105,51690,903,23717,157,26622,45,1351,383,18818,719,17294,429,36112,California
Madera,2021-03-22,1364,53054,857,24574,441,27063,66,1417,691,18947,670,17964,799,36911,California
Madera,2021-03-23,1419,54473,864,25438,467,27530,88,1505,677,19055,740,18704,848,37759,California
Madera,2021-03-24,955,55428,514,25952,409,27939,32,1537,618,19375,334,19038,654,38413,California
Madera,2021-03-25,1173,56601,532,26484,617,28556,24,1561,647,19543,516,19554,684,39097,California
Madera,2021-03-26,1514,58115,578,27062,802,29358,134,1695,712,19594,798,20352,849,39946,California
Madera,2021-03-27,926,59041,602,27664,301,29659,23,1718,415,19526,507,20859,439,40385,California
Madera,2021-03-28,440,59481,151,27815,228,29887,61,1779,245,19692,194,21053,360,40745,California
Madera,2021-03-29,695,60176,183,27998,482,30369,30,1809,499,20033,192,21245,533,41278,California
Madera,2021-03-30,1075,61251,605,28603,439,30808,31,1840,481,19955,591,21836,513,41791,California
Madera,2021-03-31,1390,62641,545,29148,716,31524,129,1969,429,19560,955,22791,560,42351,California
Madera,2021-04-01,1378,64019,621,29769,706,32230,51,2020,482,19205,887,23678,532,42883,California
Madera,2021-04-02,1608,65627,459,30228,1090,33320,59,2079,479,18626,1118,24796,539,43422,California
Madera,2021-04-03,960,66587,762,30990,179,33499,19,2098,393,18483,565,25361,422,43844,California
Madera,2021-04-04,187,66774,65,31055,120,33619,2,2100,87,18472,100,25461,89,43933,California
Madera,2021-04-05,741,67515,257,31312,425,34044,59,2159,342,18489,398,25859,415,44348,California
Madera,2021-04-06,1712,69227,892,32204,467,34511,353,2512,536,18204,1174,27033,889,45237,California
Madera,2021-04-07,1223,70450,379,32583,696,35207,148,2660,425,17988,795,27828,579,45816,California
Madera,2021-04-08,1731,72181,668,33251,802,36009,261,2921,559,17649,1165,28993,826,46642,California
Madera,2021-04-09,1638,73819,688,33939,801,36810,149,3070,944,18058,689,29682,1098,47740,California
Madera,2021-04-10,973,74792,684,34623,221,37031,68,3138,710,18575,264,29946,781,48521,California
Madera,2021-04-11,810,75602,656,35279,75,37106,79,3217,287,18419,520,30466,364,48885,California
Madera,2021-04-12,778,76380,268,35547,435,37541,75,3292,299,18315,479,30945,375,49260,California
Madera,2021-04-13,1238,77618,609,36156,587,38128,42,3334,720,18570,516,31461,771,50031,California
Madera,2021-04-14,1386,79004,857,37013,529,38657,0,3334,569,18328,817,32278,575,50606,California
Madera,2021-04-15,1163,80167,501,37514,661,39318,1,3335,421,18023,730,33008,425,51031,California
Madera,2021-04-16,1312,81479,532,38046,780,40098,0,3335,361,17446,939,33947,362,51393,California
Madera,2021-04-17,1276,82755,1073,39119,203,40301,0,3335,760,17691,515,34462,760,52153,California
Madera,2021-04-18,245,83000,206,39325,39,40340,0,3335,87,17622,156,34618,87,52240,California
Madera,2021-04-19,808,83808,239,39564,568,40908,1,3336,278,17376,524,35142,278,52518,California
Madera,2021-04-20,871,84679,426,39990,445,41353,0,3336,216,16942,652,35794,218,52736,California
Madera,2021-04-21,859,85538,454,40444,405,41758,0,3336,290,16665,569,36363,292,53028,California
Madera,2021-04-22,1074,86612,511,40955,563,42321,0,3336,372,16340,698,37061,373,53401,California
Madera,2021-04-23,963,87575,307,41262,656,42977,0,3336,334,16050,624,37685,334,53735,California
Madera,2021-04-24,707,88282,466,41728,241,43218,0,3336,248,15844,455,38140,249,53984,California
Madera,2021-04-25,267,88549,160,41888,104,43322,3,3339,118,15821,145,38285,122,54106,California
Madera,2021-04-26,550,89099,101,41989,443,43765,6,3345,127,15534,420,38705,133,54239,California
Madera,2021-04-27,611,89710,274,42263,313,44078,24,3369,309,15567,301,39006,334,54573,California
Madera,2021-04-28,495,90205,197,42460,279,44357,19,3388,243,15578,250,39256,261,54834,California
Madera,2021-04-29,550,90755,244,42704,278,44635,28,3416,258,15579,285,39541,286,55120,California
Madera,2021-04-30,933,91688,505,43209,412,45047,16,3432,264,15196,663,40204,280,55400,California
Madera,2021-05-01,961,92649,867,44076,81,45128,13,3445,385,15019,575,40779,398,55798,California
Madera,2021-05-02,398,93047,351,44427,43,45171,4,3449,145,14915,253,41032,149,55947,California
Madera,2021-05-03,498,93545,197,44624,261,45432,40,3489,100,14660,395,41427,140,56087,California
Madera,2021-05-04,902,94447,433,45057,425,45857,44,3533,213,14228,689,42116,257,56344,California
Madera,2021-05-05,1011,95458,477,45534,473,46330,61,3594,280,13841,728,42844,341,56685,California
Madera,2021-05-06,697,96155,247,45781,419,46749,31,3625,153,13486,539,43383,184,56869,California
Madera,2021-05-07,806,96961,277,46058,508,47257,21,3646,195,13096,605,43988,215,57084,California
Madera,2021-05-08,969,97930,757,46815,201,47458,11,3657,185,12509,783,44771,196,57280,California
Madera,2021-05-09,146,98076,20,46835,115,47573,11,3668,35,12445,110,44881,46,57326,California
Madera,2021-05-10,359,98435,73,46908,274,47847,12,3680,99,12297,259,45140,111,57437,California
Madera,2021-05-11,527,98962,177,47085,342,48189,8,3688,172,12124,353,45493,180,57617,California
Madera,2021-05-12,492,99454,222,47307,234,48423,36,3724,119,11908,371,45864,155,57772,California
Madera,2021-05-13,477,99931,287,47594,158,48581,32,3756,155,11775,320,46184,187,57959,California
Madera,2021-05-14,526,100457,264,47858,238,48819,24,3780,233,11742,290,46474,257,58216,California
Madera,2021-05-15,561,101018,476,48334,77,48896,8,3788,363,11917,196,46670,371,58587,California
Madera,2021-05-16,255,101273,186,48520,37,48933,32,3820,104,11902,151,46821,136,58723,California
Madera,2021-05-17,453,101726,188,48708,236,49169,29,3849,207,11895,243,47064,236,58959,California
Madera,2021-05-18,545,102271,364,49072,158,49327,23,3872,287,11951,254,47318,310,59269,California
Madera,2021-05-19,486,102757,225,49297,239,49566,22,3894,215,11918,270,47588,237,59506,California
Madera,2021-05-20,542,103299,243,49540,261,49827,38,3932,202,11824,334,47922,240,59746,California
Madera,2021-05-21,458,103757,168,49708,263,50090,27,3959,166,11730,287,48209,193,59939,California
Madera,2021-05-22,876,104633,802,50510,62,50152,12,3971,522,11911,353,48562,534,60473,California
Madera,2021-05-23,244,104877,228,50738,6,50158,10,3981,129,11936,114,48676,139,60612,California
Madera,2021-05-24,299,105176,135,50873,123,50281,41,4022,118,11915,180,48856,159,60771,California
Madera,2021-05-25,380,105556,167,51040,180,50461,33,4055,154,11878,224,49080,187,60958,California
Madera,2021-05-26,441,105997,257,51297,162,50623,22,4077,237,11935,202,49282,259,61217,California
Madera,2021-05-27,375,106372,136,51433,201,50824,38,4115,133,11868,238,49520,171,61388,California
Madera,2021-05-28,448,106820,174,51607,246,51070,28,4143,180,11810,266,49786,208,61596,California
Madera,2021-05-29,306,107126,215,51822,73,51143,18,4161,168,11858,138,49924,186,61782,California
Madera,2021-05-30,62,107188,27,51849,31,51174,4,4165,29,11859,32,49956,33,61815,California
Madera,2021-05-31,26,107214,9,51858,13,51187,4,4169,12,11861,14,49970,16,61831,California
Madera,2021-06-01,287,107501,144,52002,120,51307,23,4192,108,11814,178,50148,131,61962,California
Madera,2021-06-02,382,107883,126,52128,233,51540,23,4215,118,11692,263,50411,141,62103,California
Madera,2021-06-03,271,108154,147,52275,110,51650,14,4229,98,11631,173,50584,112,62215,California
Madera,2021-06-04,330,108484,208,52483,110,51760,12,4241,123,11559,207,50791,135,62350,California
Madera,2021-06-05,503,108987,379,52862,111,51871,13,4254,146,11366,352,51143,159,62509,California
Madera,2021-06-06,134,109121,112,52974,14,51885,8,4262,37,11314,97,51240,45,62554,California
Madera,2021-06-07,127,109248,88,53062,27,51912,12,4274,13,11225,114,51354,25,62579,California
Marin,2020-12-15,2,2,2,2,0,0,0,0,2,2,0,0,2,2,California
Marin,2020-12-16,109,111,109,111,0,0,0,0,109,111,0,0,109,111,California
Marin,2020-12-17,272,383,272,383,0,0,0,0,272,383,0,0,272,383,California
Marin,2020-12-18,386,769,386,769,0,0,0,0,386,769,0,0,386,769,California
Marin,2020-12-19,348,1117,347,1116,1,1,0,0,348,1117,0,0,348,1117,California
Marin,2020-12-20,165,1282,164,1280,1,2,0,0,165,1282,0,0,165,1282,California
Marin,2020-12-21,238,1520,235,1515,3,5,0,0,238,1520,0,0,238,1520,California
Marin,2020-12-22,521,2041,317,1832,204,209,0,0,521,2041,0,0,521,2041,California
Marin,2020-12-23,735,2776,323,2155,412,621,0,0,735,2776,0,0,735,2776,California
Marin,2020-12-24,357,3133,159,2314,198,819,0,0,357,3133,0,0,357,3133,California
Marin,2020-12-25,26,3159,0,2314,26,845,0,0,26,3159,0,0,26,3159,California
Marin,2020-12-26,143,3302,94,2408,49,894,0,0,143,3302,0,0,143,3302,California
Marin,2020-12-27,90,3392,54,2462,36,930,0,0,90,3392,0,0,90,3392,California
Marin,2020-12-28,408,3800,99,2561,309,1239,0,0,408,3800,0,0,408,3800,California
Marin,2020-12-29,402,4202,87,2648,315,1554,0,0,402,4202,0,0,402,4202,California
Marin,2020-12-30,628,4830,388,3036,240,1794,0,0,628,4830,0,0,628,4830,California
Marin,2020-12-31,199,5029,34,3070,165,1959,0,0,199,5029,0,0,199,5029,California
Marin,2021-01-01,24,5053,12,3082,12,1971,0,0,24,5053,0,0,24,5053,California
Marin,2021-01-02,113,5166,107,3189,6,1977,0,0,113,5166,0,0,113,5166,California
Marin,2021-01-03,49,5215,31,3220,18,1995,0,0,45,5211,0,0,45,5211,California
Marin,2021-01-04,295,5510,192,3412,103,2098,0,0,294,5504,1,1,294,5505,California
Marin,2021-01-05,366,5876,219,3631,147,2245,0,0,323,5784,43,44,323,5828,California
Marin,2021-01-06,814,6690,316,3947,498,2743,0,0,634,6238,180,224,634,6462,California
Marin,2021-01-07,885,7575,499,4446,386,3129,0,0,528,6409,357,581,528,6990,California
Marin,2021-01-08,964,8539,510,4956,454,3583,0,0,581,6608,382,963,581,7571,California
Marin,2021-01-09,622,9161,223,5179,399,3982,0,0,490,6966,132,1095,490,8061,California
Marin,2021-01-10,129,9290,100,5279,29,4011,0,0,55,6947,74,1169,55,8116,California
Marin,2021-01-11,466,9756,324,5603,142,4153,0,0,246,6975,220,1389,248,8364,California
Marin,2021-01-12,939,10695,544,6147,395,4548,0,0,569,7177,367,1756,569,8933,California
Marin,2021-01-13,1177,11872,496,6643,681,5229,0,0,940,7880,237,1993,940,9873,California
Marin,2021-01-14,1068,12940,316,6959,752,5981,0,0,917,8648,149,2142,917,10790,California
Marin,2021-01-15,1153,14093,350,7309,803,6784,0,0,1023,9544,129,2271,1025,11815,California
Marin,2021-01-16,1122,15215,915,8224,207,6991,0,0,1047,10516,75,2346,1047,12862,California
Marin,2021-01-17,1231,16446,1112,9336,119,7110,0,0,1202,11693,28,2374,1205,14067,California
Marin,2021-01-18,362,16808,160,9496,202,7312,0,0,311,11953,51,2425,311,14378,California
Marin,2021-01-19,1151,17959,910,10406,241,7553,0,0,981,12765,169,2594,981,15359,California
Marin,2021-01-20,1792,19751,1208,11614,584,8137,0,0,1063,13111,718,3312,1064,16423,California
Marin,2021-01-21,1679,21430,1062,12676,617,8754,0,0,1325,14087,351,3663,1327,17750,California
Marin,2021-01-22,1707,23137,1093,13769,614,9368,0,0,1535,15451,172,3835,1536,19286,California
Marin,2021-01-23,1844,24981,1344,15113,500,9868,0,0,1757,17121,87,3922,1757,21043,California
Marin,2021-01-24,615,25596,166,15279,449,10317,0,0,583,17672,32,3954,583,21626,California
Marin,2021-01-25,1126,26722,231,15510,895,11212,0,0,690,17927,436,4390,691,22317,California
Marin,2021-01-26,1521,28243,783,16293,738,11950,0,0,1137,18681,383,4773,1137,23454,California
Marin,2021-01-27,1727,29970,887,17180,840,12790,0,0,1362,19681,363,5136,1363,24817,California
Marin,2021-01-28,2083,32053,1069,18249,1014,13804,0,0,1820,21240,262,5398,1821,26638,California
Marin,2021-01-29,2199,34252,1436,19685,763,14567,0,0,2002,23058,185,5583,2003,28641,California
Marin,2021-01-30,1724,35976,909,20594,815,15382,0,0,1645,24625,79,5662,1646,30287,California
Marin,2021-01-31,459,36435,322,20916,137,15519,0,0,433,25032,26,5688,433,30720,California
Marin,2021-02-01,1094,37529,416,21332,678,16197,0,0,894,25728,199,5887,895,31615,California
Marin,2021-02-02,1414,38943,494,21826,920,17117,0,0,752,25829,651,6538,752,32367,California
Marin,2021-02-03,1780,40723,424,22250,1356,18473,0,0,1278,26606,501,7039,1278,33645,California
Marin,2021-02-04,1522,42245,499,22749,1023,19496,0,0,927,26941,592,7631,927,34572,California
Marin,2021-02-05,2166,44411,675,23424,1491,20987,0,0,1331,27441,831,8462,1331,35903,California
Marin,2021-02-06,1427,45838,848,24272,579,21566,0,0,603,27221,823,9285,603,36506,California
Marin,2021-02-07,1289,47127,1006,25278,283,21849,0,0,489,26911,799,10084,489,36995,California
Marin,2021-02-08,1533,48660,756,26034,777,22626,0,0,732,26844,799,10883,732,37727,California
Marin,2021-02-09,1783,50443,1124,27158,659,23285,0,0,836,26733,947,11830,836,38563,California
Marin,2021-02-10,2336,52779,1487,28645,849,24134,0,0,1214,26828,1120,12950,1215,39778,California
Marin,2021-02-11,2871,55650,1643,30288,1228,25362,0,0,1447,26859,1419,14369,1450,41228,California
Marin,2021-02-12,3057,58707,1536,31824,1521,26883,0,0,1555,26916,1499,15868,1556,42784,California
Marin,2021-02-13,2333,61040,1242,33066,1091,27974,0,0,1127,26839,1204,17072,1127,43911,California
Marin,2021-02-14,813,61853,301,33367,512,28486,0,0,719,27465,94,17166,720,44631,California
Marin,2021-02-15,1218,63071,355,33722,863,29349,0,0,839,27927,378,17544,840,45471,California
Marin,2021-02-16,2469,65540,1054,34776,1415,30764,0,0,1503,28465,965,18509,1503,46974,California
Marin,2021-02-17,2100,67640,942,35718,1158,31922,0,0,1084,28536,1014,19523,1085,48059,California
Marin,2021-02-18,2416,70056,1585,37303,831,32753,0,0,1058,28238,1356,20879,1058,49117,California
Marin,2021-02-19,2781,72837,2170,39473,611,33364,0,0,1234,27939,1534,22413,1235,50352,California
Marin,2021-02-20,2622,75459,2154,41627,468,33832,0,0,1254,27834,1360,23773,1255,51607,California
Marin,2021-02-21,1329,76788,1128,42755,201,34033,0,0,944,28397,381,24154,944,52551,California
Marin,2021-02-22,1858,78646,1425,44180,433,34466,0,0,1231,29003,625,24779,1231,53782,California
Marin,2021-02-23,2909,81555,1677,45857,1232,35698,0,0,1951,30010,945,25724,1952,55734,California
Marin,2021-02-24,3537,85092,1633,47490,1904,37602,0,0,2260,31002,1269,26993,2261,57995,California
Marin,2021-02-25,4091,89183,1929,49419,2162,39764,0,0,2892,32706,1190,28183,2894,60889,California
Marin,2021-02-26,3674,92857,2004,51423,1670,41434,0,0,2648,34341,1014,29197,2649,63538,California
Marin,2021-02-27,2743,95600,1614,53037,1129,42563,0,0,1900,35403,840,30037,1902,65440,California
Marin,2021-02-28,1644,97244,924,53961,720,43283,0,0,1298,36358,343,30380,1298,66738,California
Marin,2021-03-01,2686,99930,1666,55627,1019,44302,1,1,1809,37300,868,31248,1810,68548,California
Marin,2021-03-02,2530,102460,1689,57316,840,45142,1,2,1735,38245,791,32039,1736,70284,California
Marin,2021-03-03,4342,106802,2412,59728,1926,47068,4,6,2809,39531,1527,33566,2813,73097,California
Marin,2021-03-04,3395,110197,1665,61393,1729,48797,1,7,2373,40892,1015,34581,2376,75473,California
Marin,2021-03-05,3070,113267,1173,62566,1885,50682,12,19,1800,41439,1265,35846,1812,77285,California
Marin,2021-03-06,3239,116506,2326,64892,835,51517,78,97,2665,43612,569,36415,2742,80027,California
Marin,2021-03-07,1393,117899,1174,66066,195,51712,24,121,1001,44250,387,36802,1025,81052,California
Marin,2021-03-08,1889,119788,1387,67453,385,52097,117,238,1413,45307,473,37275,1530,82582,California
Marin,2021-03-09,2220,122008,1337,68790,774,52871,109,347,1542,46282,675,37950,1650,84232,California
Marin,2021-03-10,4459,126467,2506,71296,1659,54530,294,641,3216,48556,1238,39188,3512,87744,California
Marin,2021-03-11,4584,131051,1877,73173,2572,57102,135,776,3293,50700,1284,40472,3428,91172,California
Marin,2021-03-12,3977,135028,1544,74717,2082,59184,351,1127,1561,50207,2405,42877,1912,93084,California
Marin,2021-03-13,4100,139128,2867,77584,1161,60345,72,1199,2384,50944,1714,44591,2451,95535,California
Marin,2021-03-14,2283,141411,1102,78686,1063,61408,118,1317,696,50172,1585,46176,813,96348,California
Marin,2021-03-15,3250,144661,1779,80465,1423,62831,48,1365,1212,49405,2026,48202,1259,97607,California
Marin,2021-03-16,4304,148965,2320,82785,1618,64449,366,1731,1463,48395,2837,51039,1827,99434,California
Marin,2021-03-17,4210,153175,2279,85064,1880,66329,51,1782,2055,48357,2143,53182,2105,101539,California
Marin,2021-03-18,4489,157664,2263,87327,2151,68480,75,1857,2134,48225,2338,55520,2206,103745,California
Marin,2021-03-19,4476,162140,2290,89617,1966,70446,220,2077,2326,48629,2139,57659,2543,106288,California
Marin,2021-03-20,3602,165742,1996,91613,1491,71937,115,2192,1932,49016,1661,59320,2048,108336,California
Marin,2021-03-21,1539,167281,1138,92751,378,72315,23,2215,796,49095,740,60060,819,109155,California
Marin,2021-03-22,2481,169762,2138,94889,175,72490,168,2383,896,48580,1579,61639,1064,110219,California
Marin,2021-03-23,4246,174008,2202,97091,1916,74406,128,2511,1863,48195,2376,64015,1991,112210,California
Marin,2021-03-24,4442,178450,2898,99989,1438,75844,106,2617,1805,47480,2624,66639,1909,114119,California
Marin,2021-03-25,4653,183103,2845,102834,1739,77583,69,2686,2249,47406,2390,69029,2316,116435,California
Marin,2021-03-26,4308,187411,2346,105180,1749,79332,213,2899,2399,48125,1893,70922,2612,119047,California
Marin,2021-03-27,3711,191122,2667,107847,1025,80357,19,2918,1139,46720,2562,73484,1157,120204,California
Marin,2021-03-28,2389,193511,1728,109575,655,81012,6,2924,839,46022,1543,75027,845,121049,California
Marin,2021-03-29,2689,196200,2092,111667,571,81583,26,2950,1136,45634,1550,76577,1162,122211,California
Marin,2021-03-30,4668,200868,3649,115316,985,82568,34,2984,2952,46907,1713,78290,2986,125197,California
Marin,2021-03-31,5837,206705,4133,119449,1655,84223,49,3033,2550,46231,3275,81565,2599,127796,California
Marin,2021-04-01,4454,211159,2286,121735,1913,86136,255,3288,2112,46266,2331,83896,2366,130162,California
Marin,2021-04-02,3729,214888,1856,123591,1502,87638,371,3659,1989,46886,1732,85628,2352,132514,California
Marin,2021-04-03,3863,218751,2515,126106,971,88609,377,4036,1463,46338,2388,88016,1840,134354,California
Marin,2021-04-04,1645,220396,1240,127346,204,88813,201,4237,1200,47296,443,88459,1401,135755,California
Marin,2021-04-05,2210,222606,1533,128879,301,89114,376,4613,1266,47998,938,89397,1640,137395,California
Marin,2021-04-06,3965,226571,2109,130988,1304,90418,552,5165,2205,48998,1754,91151,2754,140149,California
Marin,2021-04-07,3964,230535,2000,132988,1322,91740,642,5807,1451,48588,2505,93656,2095,142244,California
Marin,2021-04-08,5055,235590,1975,134963,2470,94210,610,6417,2302,48749,2741,96397,2902,145146,California
Marin,2021-04-09,3992,239582,1556,136519,1705,95915,731,7148,1316,48122,2671,99068,2044,147190,California
Marin,2021-04-10,3214,242796,1483,138002,1298,97213,433,7581,1446,48244,1753,100821,1875,149065,California
Marin,2021-04-11,1059,243855,806,138808,92,97305,161,7742,474,48295,583,101404,634,149699,California
Marin,2021-04-12,1730,245585,1233,140041,339,97644,158,7900,917,48562,809,102213,1076,150775,California
Marin,2021-04-13,3744,249329,2289,142330,1448,99092,7,7907,1367,47577,2366,104579,1381,152156,California
Marin,2021-04-14,4203,253532,2515,144845,1685,100777,3,7910,1707,46819,2471,107050,1713,153869,California
Marin,2021-04-15,5592,259124,3960,148805,1632,102409,0,7910,3210,47662,2369,109419,3212,157081,California
Marin,2021-04-16,4258,263382,2238,151043,2017,104426,3,7913,2072,47568,2170,111589,2076,159157,California
Marin,2021-04-17,3533,266915,2157,153200,1376,105802,0,7913,1764,47568,1764,113353,1764,160921,California
Marin,2021-04-18,3168,270083,3070,156270,98,105900,0,7913,2535,49473,630,113983,2535,163456,California
Marin,2021-04-19,2036,272119,1867,158137,169,106069,0,7913,1153,49750,878,114861,1155,164611,California
Marin,2021-04-20,3683,275802,2545,160682,1138,107207,0,7913,1463,49001,2213,117074,1464,166075,California
Marin,2021-04-21,4001,279803,2935,163617,1063,108270,3,7916,1351,47719,2634,119708,1352,167427,California
Marin,2021-04-22,4221,284024,3221,166838,1000,109270,0,7916,1488,46487,2723,122431,1491,168918,California
Marin,2021-04-23,3212,287236,1806,168644,1406,110676,0,7916,1225,45735,1978,124409,1226,170144,California
Marin,2021-04-24,2505,289741,1673,170317,832,111508,0,7916,913,45068,1580,125989,913,171057,California
Marin,2021-04-25,1379,291120,1263,171580,116,111624,0,7916,304,44305,1067,127056,304,171361,California
Marin,2021-04-26,1596,292716,1381,172961,212,111836,3,7919,377,43471,1215,128271,381,171742,California
Marin,2021-04-27,3006,295722,2185,175146,776,112612,45,7964,966,42447,2031,130302,1007,172749,California
Marin,2021-04-28,2302,298024,1584,176730,668,113280,50,8014,729,41654,1570,131872,777,173526,California
Marin,2021-04-29,2896,300920,1984,178714,850,114130,62,8076,800,40431,2085,133957,862,174388,California
Marin,2021-04-30,1952,302872,1274,179988,590,114720,88,8164,698,39972,1245,135202,786,175174,California
Marin,2021-05-01,1827,304699,1017,181005,787,115507,23,8187,538,39251,1281,136483,560,175734,California
Marin,2021-05-02,725,305424,587,181592,109,115616,29,8216,201,38962,518,137001,229,175963,California
Marin,2021-05-03,1211,306635,987,182579,167,115783,57,8273,260,38330,948,137949,316,176279,California
Marin,2021-05-04,2926,309561,1966,184545,869,116652,91,8364,470,36443,2448,140397,561,176840,California
Marin,2021-05-05,2722,312283,1997,186542,603,117255,122,8486,441,34731,2275,142672,563,177403,California
Marin,2021-05-06,3263,315546,2535,189077,640,117895,88,8574,425,32413,2829,145501,511,177914,California
Marin,2021-05-07,2031,317577,1543,190620,403,118298,85,8659,376,31223,1648,147149,458,178372,California
Marin,2021-05-08,2473,320050,1866,192486,485,118783,122,8781,342,29564,2123,149272,464,178836,California
Marin,2021-05-09,983,321033,898,193384,65,118848,20,8801,118,28841,862,150134,139,178975,California
Marin,2021-05-10,1407,322440,1151,194535,186,119034,70,8871,199,27906,1203,151337,268,179243,California
Marin,2021-05-11,2281,324721,1831,196366,397,119431,53,8924,292,26263,1987,153324,344,179587,California
Marin,2021-05-12,1389,326110,1029,197395,293,119724,67,8991,278,25500,1107,154431,344,179931,California
Marin,2021-05-13,2498,328608,2165,199560,279,120003,54,9045,1345,25752,1146,155577,1398,181329,California
Marin,2021-05-14,2201,330809,1452,201012,650,120653,99,9144,881,25418,1314,156891,980,182309,California
Marin,2021-05-15,2718,333527,2253,203265,385,121038,80,9224,1648,26077,1069,157960,1728,184037,California
Marin,2021-05-16,1641,335168,1587,204852,49,121087,5,9229,1328,27098,311,158271,1332,185369,California
Marin,2021-05-17,2124,337292,1978,206830,103,121190,43,9272,1699,28422,418,158689,1742,187111,California
Marin,2021-05-18,1524,338816,1183,208013,286,121476,55,9327,803,28564,715,159404,857,187968,California
Marin,2021-05-19,1533,340349,1235,209248,228,121704,70,9397,772,28650,755,160159,841,188809,California
Marin,2021-05-20,1693,342042,1406,210654,201,121905,86,9483,691,28433,994,161153,777,189586,California
Marin,2021-05-21,1341,343383,762,211416,530,122435,49,9532,373,27893,963,162116,423,190009,California
Marin,2021-05-22,1334,344717,1017,212433,261,122696,56,9588,916,28450,415,162531,972,190981,California
Marin,2021-05-23,415,345132,382,212815,24,122720,9,9597,193,28432,220,162751,202,191183,California
Marin,2021-05-24,643,345775,492,213307,110,122830,41,9638,355,28542,285,163036,395,191578,California
Marin,2021-05-25,992,346767,623,213930,324,123154,45,9683,315,28231,669,163705,358,191936,California
Marin,2021-05-26,707,347474,485,214415,176,123330,46,9729,259,28092,444,164149,305,192241,California
Marin,2021-05-27,1032,348506,664,215079,289,123619,79,9808,346,27833,684,164833,425,192666,California
Marin,2021-05-28,1096,349602,714,215793,303,123922,79,9887,321,27460,771,165604,398,193064,California
Marin,2021-05-29,373,349975,216,216009,147,124069,10,9897,214,27525,159,165763,224,193288,California
Marin,2021-05-30,100,350075,59,216068,36,124105,5,9902,58,27547,41,165804,63,193351,California
Marin,2021-05-31,27,350102,13,216081,13,124118,1,9903,14,27549,13,165817,15,193366,California
Marin,2021-06-01,752,350854,550,216631,159,124277,43,9946,329,27499,421,166238,371,193737,California
Marin,2021-06-02,622,351476,472,217103,98,124375,52,9998,222,27375,396,166634,272,194009,California
Marin,2021-06-03,1492,352968,1324,218427,112,124487,56,10054,278,26499,1211,167845,335,194344,California
Marin,2021-06-04,978,353946,828,219255,118,124605,32,10086,190,25934,787,168632,222,194566,California
Marin,2021-06-05,1829,355775,1620,220875,163,124768,46,10132,315,24788,1507,170139,361,194927,California
Marin,2021-06-06,1351,357126,1314,222189,15,124783,22,10154,165,23790,1185,171324,187,195114,California
Marin,2021-06-07,1654,358780,1597,223786,15,124798,42,10196,183,22544,1469,172793,223,195337,California
Mariposa,2020-12-17,36,36,36,36,0,0,0,0,38,38,0,0,38,38,California
Mariposa,2020-12-18,55,91,55,91,0,0,0,0,56,94,0,0,56,94,California
Mariposa,2020-12-20,2,93,2,93,0,0,0,0,2,96,0,0,2,96,California
Mariposa,2020-12-21,49,142,49,142,0,0,0,0,53,149,0,0,53,149,California
Mariposa,2020-12-22,5,147,5,147,0,0,0,0,5,154,0,0,5,154,California
Mariposa,2020-12-23,17,164,17,164,0,0,0,0,17,171,0,0,17,171,California
Mariposa,2020-12-24,1,165,0,164,1,1,0,0,0,171,1,1,1,172,California
Mariposa,2020-12-26,1,166,1,165,0,1,0,0,1,172,0,1,1,173,California
Mariposa,2020-12-27,1,167,0,165,1,2,0,0,1,173,0,1,1,174,California
Mariposa,2020-12-28,6,173,3,168,3,5,0,0,6,179,0,1,6,180,California
Mariposa,2020-12-29,33,206,3,171,30,35,0,0,33,212,0,1,33,213,California
Mariposa,2020-12-30,26,232,4,175,22,57,0,0,26,238,0,1,26,239,California
Mariposa,2020-12-31,17,249,0,175,17,74,0,0,17,255,0,1,17,256,California
Mariposa,2021-01-02,1,250,1,176,0,74,0,0,1,256,0,1,1,257,California
Mariposa,2021-01-04,9,259,1,177,8,82,0,0,9,265,0,1,9,266,California
Mariposa,2021-01-05,24,283,14,191,10,92,0,0,14,269,10,11,14,280,California
Mariposa,2021-01-06,7,290,4,195,3,95,0,0,4,270,3,14,4,284,California
Mariposa,2021-01-07,50,340,45,240,5,100,0,0,5,230,45,59,5,289,California
Mariposa,2021-01-08,109,449,79,319,30,130,0,0,34,189,75,134,34,323,California
Mariposa,2021-01-11,31,480,10,329,21,151,0,0,23,204,8,142,23,346,California
Mariposa,2021-01-12,19,499,4,333,15,166,0,0,15,215,4,146,15,361,California
Mariposa,2021-01-13,22,521,5,338,17,183,0,0,18,229,4,150,18,379,California
Mariposa,2021-01-14,73,594,7,345,66,249,0,0,67,290,6,156,67,446,California
Mariposa,2021-01-15,68,662,27,372,41,290,0,0,58,338,10,166,58,504,California
Mariposa,2021-01-16,14,676,2,374,12,302,0,0,13,350,1,167,13,517,California
Mariposa,2021-01-17,3,679,0,374,3,305,0,0,3,353,0,167,3,520,California
Mariposa,2021-01-18,3,682,3,377,0,305,0,0,1,352,2,169,1,521,California
Mariposa,2021-01-19,8,690,4,381,4,309,0,0,5,355,2,171,5,526,California
Mariposa,2021-01-20,23,713,1,382,22,331,0,0,22,376,1,172,22,548,California
Mariposa,2021-01-21,66,779,8,390,58,389,0,0,62,434,4,176,62,610,California
Mariposa,2021-01-22,56,835,2,392,54,443,0,0,56,490,0,176,56,666,California
Mariposa,2021-01-23,116,951,2,394,114,557,0,0,114,602,2,178,114,780,California
Mariposa,2021-01-24,2,953,2,396,0,557,0,0,2,604,0,178,2,782,California
Mariposa,2021-01-25,4,957,1,397,3,560,0,0,0,600,4,182,0,782,California
Mariposa,2021-01-26,38,995,4,401,34,594,0,0,6,578,32,214,10,792,California
Mariposa,2021-01-27,26,1021,2,403,24,618,0,0,12,577,13,227,12,804,California
Mariposa,2021-01-28,126,1147,3,406,123,741,0,0,113,678,12,239,113,917,California
Mariposa,2021-01-29,83,1230,22,428,61,802,0,0,82,759,1,240,82,999,California
Mariposa,2021-01-30,9,1239,1,429,8,810,0,0,8,766,1,241,8,1007,California
Mariposa,2021-01-31,1,1240,0,429,1,811,0,0,1,767,0,241,1,1008,California
Mariposa,2021-02-01,89,1329,30,459,59,870,0,0,67,812,22,263,67,1075,California
Mariposa,2021-02-02,15,1344,3,462,12,882,0,0,9,815,6,269,9,1084,California
Mariposa,2021-02-03,21,1365,1,463,20,902,0,0,14,822,7,276,14,1098,California
Mariposa,2021-02-04,99,1464,8,471,91,993,0,0,94,913,4,280,95,1193,California
Mariposa,2021-02-05,192,1656,5,476,187,1180,0,0,166,1053,26,306,166,1359,California
Mariposa,2021-02-06,11,1667,4,480,7,1187,0,0,10,1062,1,307,10,1369,California
Mariposa,2021-02-07,1,1668,0,480,1,1188,0,0,1,1063,0,307,1,1370,California
Mariposa,2021-02-08,41,1709,2,482,39,1227,0,0,22,1066,19,326,22,1392,California
Mariposa,2021-02-09,42,1751,24,506,18,1245,0,0,36,1096,6,332,36,1428,California
Mariposa,2021-02-10,28,1779,5,511,23,1268,0,0,17,1109,10,342,23,1451,California
Mariposa,2021-02-11,375,2154,5,516,370,1638,0,0,361,1459,14,356,364,1815,California
Mariposa,2021-02-12,185,2339,8,524,177,1815,0,0,141,1556,44,400,141,1956,California
Mariposa,2021-02-13,11,2350,3,527,8,1823,0,0,9,1563,2,402,9,1965,California
Mariposa,2021-02-14,9,2359,4,531,5,1828,0,0,5,1564,4,406,5,1970,California
Mariposa,2021-02-15,9,2368,3,534,6,1834,0,0,7,1569,2,408,7,1977,California
Mariposa,2021-02-16,57,2425,34,568,23,1857,0,0,34,1580,23,431,34,2011,California
Mariposa,2021-02-17,37,2462,9,577,28,1885,0,0,27,1599,9,440,28,2039,California
Mariposa,2021-02-18,58,2520,7,584,51,1936,0,0,21,1583,37,477,21,2060,California
Mariposa,2021-02-19,83,2603,3,587,80,2016,0,0,77,1654,6,483,77,2137,California
Mariposa,2021-02-20,254,2857,5,592,249,2265,0,0,224,1849,29,512,224,2361,California
Mariposa,2021-02-21,238,3095,4,596,234,2499,0,0,236,2084,1,513,236,2597,California
Mariposa,2021-02-22,22,3117,7,603,15,2514,0,0,20,2102,2,515,20,2617,California
Mariposa,2021-02-23,44,3161,37,640,7,2521,0,0,26,2110,18,533,26,2643,California
Mariposa,2021-02-24,21,3182,3,643,18,2539,0,0,8,2106,12,545,8,2651,California
Mariposa,2021-02-25,18,3200,9,652,9,2548,0,0,12,2112,6,551,12,2663,California
Mariposa,2021-02-26,429,3629,7,659,422,2970,0,0,369,2422,60,611,370,3033,California
Mariposa,2021-02-27,174,3803,4,663,170,3140,0,0,163,2574,11,622,163,3196,California
Mariposa,2021-02-28,2,3805,1,664,1,3141,0,0,0,2572,2,624,0,3196,California
Mariposa,2021-03-01,81,3886,26,690,55,3196,0,0,16,2524,64,688,16,3212,California
Mariposa,2021-03-02,20,3906,13,703,7,3203,0,0,11,2527,8,696,11,3223,California
Mariposa,2021-03-03,71,3977,5,708,66,3269,0,0,65,2587,6,702,66,3289,California
Mariposa,2021-03-04,42,4019,10,718,32,3301,0,0,21,2588,21,723,22,3311,California
Mariposa,2021-03-05,58,4077,9,727,49,3350,0,0,40,2616,18,741,46,3357,California
Mariposa,2021-03-06,15,4092,6,733,9,3359,0,0,7,2615,8,749,7,3364,California
Mariposa,2021-03-07,1,4093,1,734,0,3359,0,0,0,2614,1,750,0,3364,California
Mariposa,2021-03-08,38,4131,4,738,23,3382,11,11,9,2605,29,779,20,3384,California
Mariposa,2021-03-09,46,4177,18,756,18,3400,10,21,15,2599,31,810,25,3409,California
Mariposa,2021-03-10,31,4208,9,765,12,3412,10,31,10,2598,21,831,20,3429,California
Mariposa,2021-03-11,468,4676,6,771,443,3855,19,50,226,2605,241,1072,248,3677,California
Mariposa,2021-03-12,256,4932,8,779,222,4077,26,76,118,2610,138,1210,143,3820,California
Mariposa,2021-03-13,33,4965,7,786,11,4088,15,91,11,2613,22,1232,25,3845,California
Mariposa,2021-03-14,16,4981,2,788,3,4091,11,102,2,2612,14,1246,13,3858,California
Mariposa,2021-03-15,76,5057,7,795,31,4122,38,140,31,2636,45,1291,69,3927,California
Mariposa,2021-03-16,83,5140,33,828,15,4137,35,175,24,2636,59,1350,59,3986,California
Mariposa,2021-03-17,73,5213,10,838,55,4192,8,183,52,2676,20,1370,60,4046,California
Mariposa,2021-03-18,66,5279,15,853,42,4234,9,192,40,2699,26,1396,49,4095,California
Mariposa,2021-03-19,343,5622,11,864,325,4559,7,199,304,2971,39,1435,311,4406,California
Mariposa,2021-03-20,424,6046,4,868,418,4977,2,201,46,2642,378,1813,49,4455,California
Mariposa,2021-03-21,16,6062,9,877,6,4983,1,202,10,2648,5,1818,11,4466,California
Mariposa,2021-03-22,39,6101,8,885,23,5006,8,210,27,2672,12,1830,36,4502,California
Mariposa,2021-03-23,53,6154,33,918,10,5016,10,220,32,2693,21,1851,42,4544,California
Mariposa,2021-03-24,55,6209,5,923,48,5064,2,222,50,2740,5,1856,52,4596,California
Mariposa,2021-03-25,76,6285,15,938,53,5117,8,230,53,2780,21,1877,61,4657,California
Mariposa,2021-03-26,494,6779,9,947,484,5601,1,231,251,2789,243,2120,252,4909,California
Mariposa,2021-03-27,232,7011,8,955,224,5825,0,231,94,2747,138,2258,96,5005,California
Mariposa,2021-03-28,5,7016,0,955,2,5827,3,234,1,2747,4,2262,4,5009,California
Mariposa,2021-03-29,19,7035,6,961,13,5840,0,234,12,2752,7,2269,12,5021,California
Mariposa,2021-03-30,36,7071,13,974,7,5847,16,250,13,2758,23,2292,29,5050,California
Mariposa,2021-03-31,89,7160,15,989,67,5914,7,257,68,2812,21,2313,75,5125,California
Mariposa,2021-04-01,54,7214,10,999,36,5950,8,265,34,2834,20,2333,42,5167,California
Mariposa,2021-04-02,349,7563,11,1010,336,6286,2,267,307,3102,41,2374,309,5476,California
Mariposa,2021-04-03,10,7573,7,1017,3,6289,0,267,5,3102,5,2379,5,5481,California
Mariposa,2021-04-04,2,7575,1,1018,0,6289,1,268,0,3101,2,2381,1,5482,California
Mariposa,2021-04-05,33,7608,22,1040,7,6296,4,272,16,3104,17,2398,20,5502,California
Mariposa,2021-04-06,45,7653,20,1060,9,6305,16,288,14,3104,30,2428,30,5532,California
Mariposa,2021-04-07,99,7752,7,1067,73,6378,19,307,29,3082,70,2498,48,5580,California
Mariposa,2021-04-08,281,8033,13,1080,249,6627,19,326,143,3109,136,2634,163,5743,California
Mariposa,2021-04-09,37,8070,9,1089,13,6640,15,341,10,3107,27,2661,25,5768,California
Mariposa,2021-04-10,202,8272,4,1093,188,6828,10,351,187,3290,13,2674,196,5964,California
Mariposa,2021-04-11,123,8395,4,1097,117,6945,2,353,57,3284,66,2740,60,6024,California
Mariposa,2021-04-12,42,8437,13,1110,27,6972,2,355,13,3270,29,2769,15,6039,California
Mariposa,2021-04-13,55,8492,47,1157,8,6980,0,355,35,3285,20,2789,35,6074,California
Mariposa,2021-04-14,114,8606,8,1165,106,7086,0,355,58,3288,55,2844,58,6132,California
Mariposa,2021-04-15,58,8664,16,1181,42,7128,0,355,44,3321,11,2855,44,6176,California
Mariposa,2021-04-16,382,9046,11,1192,371,7499,0,355,106,3151,276,3131,106,6282,California
Mariposa,2021-04-17,10,9056,6,1198,4,7503,0,355,7,3155,3,3134,7,6289,California
Mariposa,2021-04-18,7,9063,0,1198,7,7510,0,355,3,3154,4,3138,3,6292,California
Mariposa,2021-04-19,58,9121,26,1224,32,7542,0,355,30,3158,26,3164,30,6322,California
Mariposa,2021-04-20,62,9183,49,1273,13,7555,0,355,39,3176,21,3185,39,6361,California
Mariposa,2021-04-21,92,9275,14,1287,78,7633,0,355,43,3171,48,3233,43,6404,California
Mariposa,2021-04-22,47,9322,8,1295,39,7672,0,355,37,3199,9,3242,37,6441,California
Mariposa,2021-04-23,315,9637,70,1365,245,7917,0,355,144,3174,171,3413,146,6587,California
Mariposa,2021-04-24,107,9744,10,1375,97,8014,0,355,43,3154,63,3476,43,6630,California
Mariposa,2021-04-26,16,9760,11,1386,5,8019,0,355,5,3148,11,3487,5,6635,California
Mariposa,2021-04-27,33,9793,17,1403,14,8033,2,357,15,3150,15,3502,17,6652,California
Mariposa,2021-04-28,73,9866,14,1417,52,8085,7,364,27,3138,46,3548,34,6686,California
Mariposa,2021-04-29,84,9950,12,1429,71,8156,1,365,79,3213,5,3553,80,6766,California
Mariposa,2021-04-30,209,10159,3,1432,201,8357,5,370,62,3133,147,3700,67,6833,California
Mariposa,2021-05-01,3,10162,2,1434,1,8358,0,370,0,3130,3,3703,0,6833,California
Mariposa,2021-05-02,3,10165,2,1436,0,8358,1,371,0,3128,3,3706,1,6834,California
Mariposa,2021-05-03,16,10181,12,1448,3,8361,1,372,7,3128,8,3714,8,6842,California
Mariposa,2021-05-04,52,10233,32,1480,16,8377,4,376,36,3152,16,3730,40,6882,California
Mariposa,2021-05-05,56,10289,8,1488,46,8423,2,378,17,3132,39,3769,19,6901,California
Mariposa,2021-05-06,56,10345,37,1525,14,8437,5,383,40,3161,16,3785,45,6946,California
Mariposa,2021-05-07,27,10372,7,1532,17,8454,3,386,13,3163,14,3799,16,6962,California
Mariposa,2021-05-08,283,10655,7,1539,276,8730,0,386,33,2948,250,4049,35,6997,California
Mariposa,2021-05-09,2,10657,1,1540,1,8731,0,386,0,2946,2,4051,0,6997,California
Mariposa,2021-05-10,19,10676,8,1548,9,8740,2,388,4,2937,15,4066,6,7003,California
Mariposa,2021-05-11,28,10704,18,1566,9,8749,1,389,19,2949,8,4074,20,7023,California
Mariposa,2021-05-12,66,10770,4,1570,59,8808,3,392,6,2898,60,4134,9,7032,California
Mariposa,2021-05-13,47,10817,7,1577,38,8846,2,394,13,2879,34,4168,15,7047,California
Mariposa,2021-05-14,250,11067,122,1699,121,8967,7,401,118,2872,132,4300,125,7172,California
Mariposa,2021-05-15,18,11085,8,1707,8,8975,2,403,10,2877,6,4306,11,7183,California
Mariposa,2021-05-16,3,11088,1,1708,1,8976,1,404,1,2877,2,4308,2,7185,California
Mariposa,2021-05-17,16,11104,7,1715,6,8982,3,407,7,2878,9,4317,10,7195,California
Mariposa,2021-05-18,61,11165,41,1756,15,8997,5,412,44,2911,16,4333,49,7244,California
Mariposa,2021-05-19,70,11235,32,1788,37,9034,1,413,51,2945,18,4351,52,7296,California
Mariposa,2021-05-20,36,11271,20,1808,14,9048,2,415,15,2941,21,4372,17,7313,California
Mariposa,2021-05-21,92,11363,8,1816,82,9130,2,417,42,2937,48,4420,44,7357,California
Mariposa,2021-05-22,48,11411,6,1822,41,9171,1,418,17,2924,31,4451,18,7375,California
Mariposa,2021-05-23,4,11415,2,1824,1,9172,1,419,2,2925,2,4453,3,7378,California
Mariposa,2021-05-24,13,11428,8,1832,3,9175,2,421,9,2932,4,4457,11,7389,California
Mariposa,2021-05-25,27,11455,17,1849,10,9185,0,421,19,2943,8,4465,19,7408,California
Mariposa,2021-05-26,34,11489,3,1852,27,9212,4,425,28,2969,6,4471,32,7440,California
Mariposa,2021-05-27,119,11608,64,1916,55,9267,0,425,62,2974,57,4528,62,7502,California
Mariposa,2021-05-28,64,11672,4,1920,56,9323,4,429,23,2960,41,4569,27,7529,California
Mariposa,2021-05-29,8,11680,2,1922,5,9328,1,430,3,2961,3,4572,4,7533,California
Mariposa,2021-05-30,1,11681,0,1922,0,9328,1,431,0,2961,1,4573,1,7534,California
Mariposa,2021-05-31,2,11683,0,1922,1,9329,1,432,0,2960,2,4575,1,7535,California
Mariposa,2021-06-01,14,11697,3,1925,11,9340,0,432,5,2956,9,4584,5,7540,California
Mariposa,2021-06-02,11,11708,1,1926,5,9345,5,437,4,2958,7,4591,9,7549,California
Mariposa,2021-06-03,9,11717,6,1932,3,9348,0,437,2,2953,7,4598,2,7551,California
Mariposa,2021-06-04,7,11724,3,1935,3,9351,1,438,1,2948,6,4604,1,7552,California
Mariposa,2021-06-05,5,11729,1,1936,3,9354,1,439,1,2946,4,4608,2,7554,California
Mariposa,2021-06-06,1,11730,1,1937,0,9354,0,439,0,2945,1,4609,0,7554,California
Mendocino,2020-12-17,70,70,70,70,0,0,0,0,70,70,0,0,70,70,California
Mendocino,2020-12-18,85,155,84,154,1,1,0,0,84,154,0,0,84,154,California
Mendocino,2020-12-19,4,159,4,158,0,1,0,0,4,158,0,0,4,158,California
Mendocino,2020-12-20,7,166,7,165,0,1,0,0,7,165,0,0,7,165,California
Mendocino,2020-12-21,240,406,240,405,0,1,0,0,77,242,0,0,77,242,California
Mendocino,2020-12-22,251,657,190,595,61,62,0,0,251,493,0,0,251,493,California
Mendocino,2020-12-23,271,928,48,643,223,285,0,0,270,763,0,0,270,763,California
Mendocino,2020-12-24,48,976,8,651,40,325,0,0,48,811,0,0,48,811,California
Mendocino,2020-12-25,1,977,0,651,1,326,0,0,1,812,0,0,1,812,California
Mendocino,2020-12-26,2,979,2,653,0,326,0,0,2,814,0,0,2,814,California
Mendocino,2020-12-27,1,980,0,653,1,327,0,0,1,815,0,0,1,815,California
Mendocino,2020-12-28,74,1054,9,662,65,392,0,0,74,889,0,0,74,889,California
Mendocino,2020-12-29,120,1174,59,721,61,453,0,0,120,1009,0,0,120,1009,California
Mendocino,2020-12-30,119,1293,66,787,53,506,0,0,119,1128,0,0,119,1128,California
Mendocino,2020-12-31,132,1425,97,884,35,541,0,0,132,1260,0,0,132,1260,California
Mendocino,2021-01-01,9,1434,6,890,3,544,0,0,9,1269,0,0,9,1269,California
Mendocino,2021-01-04,838,2272,18,908,820,1364,0,0,838,2107,0,0,838,2107,California
Mendocino,2021-01-05,74,2346,36,944,38,1402,0,0,61,2155,13,13,61,2168,California
Mendocino,2021-01-06,156,2502,134,1078,22,1424,0,0,146,2291,10,23,146,2314,California
Mendocino,2021-01-07,360,2862,238,1316,122,1546,0,0,297,2525,63,86,297,2611,California
Mendocino,2021-01-08,95,2957,82,1398,13,1559,0,0,41,2513,54,140,42,2653,California
Mendocino,2021-01-09,10,2967,6,1404,4,1563,0,0,8,2519,2,142,8,2661,California
Mendocino,2021-01-10,9,2976,8,1412,1,1564,0,0,2,2514,7,149,2,2663,California
Mendocino,2021-01-11,101,3077,92,1504,9,1573,0,0,43,2500,57,206,43,2706,California
Mendocino,2021-01-12,387,3464,377,1881,10,1583,0,0,271,2655,116,322,271,2977,California
Mendocino,2021-01-13,494,3958,147,2028,347,1930,0,0,451,3066,41,363,452,3429,California
Mendocino,2021-01-14,651,4609,20,2048,631,2561,0,0,642,3699,9,372,642,4071,California
Mendocino,2021-01-15,1873,6482,862,2910,1011,3572,0,0,1868,5563,5,377,1869,5940,California
Mendocino,2021-01-16,793,7275,50,2960,743,4315,0,0,791,6352,2,379,791,6731,California
Mendocino,2021-01-17,554,7829,1,2961,553,4868,0,0,553,6904,1,380,553,7284,California
Mendocino,2021-01-18,486,8315,461,3422,25,4893,0,0,476,7370,10,390,476,7760,California
Mendocino,2021-01-19,330,8645,145,3567,185,5078,0,0,156,7352,174,564,156,7916,California
Mendocino,2021-01-20,555,9200,407,3974,148,5226,0,0,449,7698,104,668,450,8366,California
Mendocino,2021-01-21,538,9738,225,4199,313,5539,0,0,352,7865,185,853,352,8718,California
Mendocino,2021-01-22,152,9890,59,4258,93,5632,0,0,113,7939,39,892,113,8831,California
Mendocino,2021-01-23,156,10046,84,4342,72,5704,0,0,150,8083,6,898,150,8981,California
Mendocino,2021-01-24,5,10051,3,4345,2,5706,0,0,5,8088,0,898,5,8986,California
Mendocino,2021-01-25,192,10243,18,4363,174,5880,0,0,122,8140,70,968,122,9108,California
Mendocino,2021-01-26,153,10396,53,4416,100,5980,0,0,94,8175,59,1027,94,9202,California
Mendocino,2021-01-27,441,10837,371,4787,70,6050,0,0,176,8093,258,1285,176,9378,California
Mendocino,2021-01-28,592,11429,528,5315,64,6114,0,0,498,8498,93,1378,498,9876,California
Mendocino,2021-01-29,392,11821,352,5667,40,6154,0,0,363,8833,29,1407,364,10240,California
Mendocino,2021-01-30,50,11871,33,5700,17,6171,0,0,43,8869,7,1414,43,10283,California
Mendocino,2021-01-31,275,12146,2,5702,273,6444,0,0,4,8602,271,1685,4,10287,California
Mendocino,2021-02-01,382,12528,52,5754,330,6774,0,0,59,8338,323,2008,59,10346,California
Mendocino,2021-02-02,737,13265,517,6271,220,6994,0,0,376,8353,361,2369,376,10722,California
Mendocino,2021-02-03,393,13658,208,6479,185,7179,0,0,223,8408,168,2537,223,10945,California
Mendocino,2021-02-04,627,14285,531,7010,96,7275,0,0,502,8785,125,2662,502,11447,California
Mendocino,2021-02-05,1306,15591,1216,8226,90,7365,0,0,585,8651,719,3381,585,12032,California
Mendocino,2021-02-06,555,16146,154,8380,401,7766,0,0,540,9176,15,3396,540,12572,California
Mendocino,2021-02-07,33,16179,29,8409,4,7770,0,0,33,9209,0,3396,33,12605,California
Mendocino,2021-02-08,748,16927,716,9125,32,7802,0,0,285,9031,463,3859,285,12890,California
Mendocino,2021-02-09,140,17067,58,9183,82,7884,0,0,88,9067,52,3911,88,12978,California
Mendocino,2021-02-10,1489,18556,924,10107,565,8449,0,0,742,9069,740,4651,742,13720,California
Mendocino,2021-02-11,1210,19766,208,10315,1002,9451,0,0,300,8459,910,5561,300,14020,California
Mendocino,2021-02-12,1459,21225,163,10478,1296,10747,0,0,658,8317,800,6361,658,14678,California
Mendocino,2021-02-13,504,21729,15,10493,489,11236,0,0,106,8031,397,6758,111,14789,California
Mendocino,2021-02-14,696,22425,4,10497,692,11928,0,0,136,7607,560,7318,136,14925,California
Mendocino,2021-02-15,330,22755,42,10539,288,12216,0,0,174,7625,156,7474,174,15099,California
Mendocino,2021-02-16,199,22954,52,10591,147,12363,0,0,128,7682,71,7545,128,15227,California
Mendocino,2021-02-17,1356,24310,1193,11784,163,12526,0,0,879,8086,475,8020,879,16106,California
Mendocino,2021-02-18,1787,26097,645,12429,1142,13668,0,0,1220,8741,565,8585,1220,17326,California
Mendocino,2021-02-19,755,26852,147,12576,608,14276,0,0,613,9213,142,8727,614,17940,California
Mendocino,2021-02-20,581,27433,555,13131,26,14302,0,0,548,9730,31,8758,548,18488,California
Mendocino,2021-02-21,325,27758,6,13137,319,14621,0,0,313,10032,11,8769,313,18801,California
Mendocino,2021-02-22,161,27919,29,13166,132,14753,0,0,69,10011,90,8859,69,18870,California
Mendocino,2021-02-23,858,28777,845,14011,13,14766,0,0,646,10447,210,9069,646,19516,California
Mendocino,2021-02-24,1854,30631,1771,15782,83,14849,0,0,1441,11482,408,9477,1443,20959,California
Mendocino,2021-02-25,1709,32340,534,16316,1175,16024,0,0,1285,12344,423,9900,1285,22244,California
Mendocino,2021-02-26,1417,33757,751,17067,666,16690,0,0,1054,13038,360,10260,1054,23298,California
Mendocino,2021-02-27,198,33955,148,17215,50,16740,0,0,77,12995,120,10380,77,23375,California
Mendocino,2021-02-28,35,33990,13,17228,22,16762,0,0,24,13008,11,10391,24,23399,California
Mendocino,2021-03-01,592,34582,550,17778,42,16804,0,0,552,13523,37,10428,552,23951,California
Mendocino,2021-03-02,76,34658,27,17805,49,16853,0,0,41,13530,34,10462,41,23992,California
Mendocino,2021-03-03,2035,36693,1334,19139,701,17554,0,0,1383,14264,649,11111,1383,25375,California
Mendocino,2021-03-04,1851,38544,149,19288,1702,19256,0,0,1633,15683,215,11326,1634,27009,California
Mendocino,2021-03-05,473,39017,415,19703,49,19305,9,9,371,15965,98,11424,380,27389,California
Mendocino,2021-03-06,247,39264,24,19727,197,19502,26,35,203,16151,43,11467,229,27618,California
Mendocino,2021-03-07,507,39771,8,19735,479,19981,20,55,117,15898,389,11856,136,27754,California
Mendocino,2021-03-08,123,39894,27,19762,58,20039,38,93,63,15941,58,11914,101,27855,California
Mendocino,2021-03-09,938,40832,600,20362,297,20336,41,134,832,16708,106,12020,873,28728,California
Mendocino,2021-03-10,1147,41979,984,21346,98,20434,65,199,271,16175,872,12892,339,29067,California
Mendocino,2021-03-11,843,42822,628,21974,162,20596,53,252,401,16190,439,13331,454,29521,California
Mendocino,2021-03-12,2067,44889,1054,23028,899,21495,114,366,1235,16714,825,14156,1349,30870,California
Mendocino,2021-03-13,705,45594,572,23600,75,21570,58,424,105,16281,596,14752,163,31033,California
Mendocino,2021-03-14,106,45700,4,23604,95,21665,7,431,12,16210,90,14842,19,31052,California
Mendocino,2021-03-15,604,46304,51,23655,494,22159,59,490,214,16094,388,15230,272,31324,California
Mendocino,2021-03-16,580,46884,386,24041,148,22307,46,536,117,15796,461,15691,163,31487,California
Mendocino,2021-03-17,1586,48470,1384,25425,53,22360,149,685,217,14803,1365,17056,372,31859,California
Mendocino,2021-03-18,1311,49781,248,25673,1026,23386,37,722,284,14104,1019,18075,320,32179,California
Mendocino,2021-03-19,1780,51561,857,26530,863,24249,60,782,332,13055,1443,19518,394,32573,California
Mendocino,2021-03-20,67,51628,10,26540,37,24286,20,802,11,13030,56,19574,31,32604,California
Mendocino,2021-03-21,8,51636,1,26541,2,24288,5,807,3,13033,5,19579,8,32612,California
Mendocino,2021-03-22,660,52296,616,27157,15,24303,29,836,146,12697,510,20089,174,32786,California
Mendocino,2021-03-23,163,52459,32,27189,101,24404,30,866,112,12789,50,20139,142,32928,California
Mendocino,2021-03-24,913,53372,841,28030,25,24429,47,913,109,12143,802,20941,156,33084,California
Mendocino,2021-03-25,2018,55390,55,28085,1943,26372,20,933,178,10505,1834,22775,196,33280,California
Mendocino,2021-03-26,544,55934,393,28478,126,26498,25,958,113,10212,431,23206,138,33418,California
Mendocino,2021-03-27,144,56078,14,28492,118,26616,12,970,80,10240,63,23269,91,33509,California
Mendocino,2021-03-28,25,56103,5,28497,16,26632,4,974,4,10228,20,23289,8,33517,California
Mendocino,2021-03-29,189,56292,99,28596,46,26678,44,1018,96,10275,93,23382,140,33657,California
Mendocino,2021-03-30,716,57008,631,29227,48,26726,37,1055,104,9806,610,23992,141,33798,California
Mendocino,2021-03-31,914,57922,280,29507,573,27299,61,1116,153,9261,759,24751,214,34012,California
Mendocino,2021-04-01,1749,59671,420,29927,1248,28547,81,1197,379,8360,1360,26111,459,34471,California
Mendocino,2021-04-02,1307,60978,1075,31002,159,28706,73,1270,158,7445,1146,27257,231,34702,California
Mendocino,2021-04-03,710,61688,11,31013,678,29384,21,1291,87,6935,618,27875,108,34810,California
Mendocino,2021-04-04,71,61759,35,31048,30,29414,6,1297,55,6980,16,27891,61,34871,California
Mendocino,2021-04-05,211,61970,141,31189,46,29460,24,1321,125,7040,86,27977,146,35017,California
Mendocino,2021-04-06,395,62365,122,31311,178,29638,95,1416,106,6952,289,28266,201,35218,California
Mendocino,2021-04-07,489,62854,178,31489,65,29703,246,1662,115,6941,371,28637,360,35578,California
Mendocino,2021-04-08,1502,64356,922,32411,465,30168,115,1777,1009,7580,486,29123,1125,36703,California
Mendocino,2021-04-09,762,65118,429,32840,172,30340,161,1938,398,7776,363,29486,559,37262,California
Mendocino,2021-04-10,409,65527,92,32932,272,30612,45,1983,100,7612,309,29795,145,37407,California
Mendocino,2021-04-11,121,65648,47,32979,19,30631,55,2038,59,7664,62,29857,114,37521,California
Mendocino,2021-04-12,623,66271,514,33493,49,30680,60,2098,408,7917,215,30072,468,37989,California
Mendocino,2021-04-13,289,66560,227,33720,62,30742,0,2098,222,8072,67,30139,222,38211,California
Mendocino,2021-04-14,521,67081,427,34147,94,30836,0,2098,421,8393,100,30239,421,38632,California
Mendocino,2021-04-15,663,67744,330,34477,333,31169,0,2098,388,8513,270,30509,390,39022,California
Mendocino,2021-04-16,123,67867,53,34530,69,31238,1,2099,76,8543,46,30555,76,39098,California
Mendocino,2021-04-17,195,68062,13,34543,182,31420,0,2099,68,8486,125,30680,68,39166,California
Mendocino,2021-04-18,14,68076,6,34549,8,31428,0,2099,7,8488,5,30685,7,39173,California
Mendocino,2021-04-19,539,68615,515,35064,23,31451,1,2100,427,8805,111,30796,428,39601,California
Mendocino,2021-04-20,419,69034,291,35355,128,31579,0,2100,263,8913,155,30951,263,39864,California
Mendocino,2021-04-21,191,69225,134,35489,56,31635,1,2101,115,8954,74,31025,115,39979,California
Mendocino,2021-04-22,488,69713,314,35803,173,31808,1,2102,315,9099,170,31195,315,40294,California
Mendocino,2021-04-23,853,70566,703,36506,150,31958,0,2102,697,9643,153,31348,697,40991,California
Mendocino,2021-04-24,107,70673,14,36520,93,32051,0,2102,100,9736,7,31355,100,41091,California
Mendocino,2021-04-25,58,70731,34,36554,20,32071,4,2106,19,9720,39,31394,23,41114,California
Mendocino,2021-04-26,307,71038,239,36793,63,32134,5,2111,200,9819,106,31500,205,41319,California
Mendocino,2021-04-27,205,71243,90,36883,88,32222,27,2138,94,9829,110,31610,120,41439,California
Mendocino,2021-04-28,222,71465,150,37033,53,32275,19,2157,127,9881,95,31705,147,41586,California
Mendocino,2021-04-29,1144,72609,842,37875,287,32562,15,2172,108,8972,1032,32737,123,41709,California
Mendocino,2021-04-30,608,73217,384,38259,214,32776,10,2182,228,8831,379,33116,238,41947,California
Mendocino,2021-05-01,472,73689,433,38692,33,32809,6,2188,368,9102,103,33219,374,42321,California
Mendocino,2021-05-02,55,73744,45,38737,7,32816,3,2191,8,9066,47,33266,11,42332,California
Mendocino,2021-05-03,147,73891,85,38822,40,32856,22,2213,43,9029,102,33368,65,42397,California
Mendocino,2021-05-04,378,74269,252,39074,92,32948,34,2247,140,8965,238,33606,174,42571,California
Mendocino,2021-05-05,874,75143,788,39862,71,33019,15,2262,220,8546,653,34259,234,42805,California
Mendocino,2021-05-06,632,75775,381,40243,229,33248,22,2284,155,8248,475,34734,177,42982,California
Mendocino,2021-05-07,187,75962,35,40278,128,33376,24,2308,123,8332,63,34797,147,43129,California
Mendocino,2021-05-08,125,76087,4,40282,120,33496,1,2309,109,8427,15,34812,110,43239,California
Mendocino,2021-05-09,20,76107,5,40287,14,33510,1,2310,3,8414,17,34829,4,43243,California
Mendocino,2021-05-10,246,76353,163,40450,78,33588,5,2315,152,8477,94,34923,157,43400,California
Mendocino,2021-05-11,275,76628,141,40591,116,33704,18,2333,127,8473,147,35070,143,43543,California
Mendocino,2021-05-12,136,76764,80,40671,48,33752,8,2341,41,8429,93,35163,49,43592,California
Mendocino,2021-05-13,1212,77976,1108,41779,87,33839,17,2358,306,7846,906,36069,323,43915,California
Mendocino,2021-05-14,716,78692,489,42268,163,34002,64,2422,245,7689,466,36535,309,44224,California
Mendocino,2021-05-15,85,78777,29,42297,52,34054,4,2426,40,7688,45,36580,44,44268,California
Mendocino,2021-05-16,116,78893,103,42400,11,34065,2,2428,100,7774,16,36596,102,44370,California
Mendocino,2021-05-17,172,79065,84,42484,72,34137,16,2444,95,7808,77,36673,111,44481,California
Mendocino,2021-05-18,244,79309,118,42602,98,34235,28,2472,107,7806,136,36809,134,44615,California
Mendocino,2021-05-19,329,79638,194,42796,114,34349,21,2493,242,7984,85,36894,263,44878,California
Mendocino,2021-05-20,285,79923,113,42909,130,34479,42,2535,104,7952,178,37072,146,45024,California
Mendocino,2021-05-21,625,80548,459,43368,153,34632,13,2548,491,8323,133,37205,504,45528,California
Mendocino,2021-05-22,776,81324,674,44042,94,34726,8,2556,241,8038,534,37739,249,45777,California
Mendocino,2021-05-23,18,81342,9,44051,2,34728,7,2563,10,8046,8,37747,16,45793,California
Mendocino,2021-05-24,126,81468,43,44094,62,34790,21,2584,60,8062,65,37812,81,45874,California
Mendocino,2021-05-25,294,81762,176,44270,89,34879,29,2613,134,8065,160,37972,163,46037,California
Mendocino,2021-05-26,321,82083,242,44512,68,34947,11,2624,130,8016,190,38162,141,46178,California
Mendocino,2021-05-27,245,82328,112,44624,111,35058,22,2646,102,7998,141,38303,123,46301,California
Mendocino,2021-05-28,235,82563,97,44721,126,35184,12,2658,154,8085,79,38382,166,46467,California
Mendocino,2021-05-29,47,82610,16,44737,26,35210,5,2663,27,8097,20,38402,32,46499,California
Mendocino,2021-05-30,15,82625,2,44739,12,35222,1,2664,10,8103,5,38407,11,46510,California
Mendocino,2021-05-31,5,82630,0,44739,4,35226,1,2665,2,8103,3,38410,3,46513,California
Mendocino,2021-06-01,297,82927,91,44830,198,35424,8,2673,81,7976,216,38626,89,46602,California
Mendocino,2021-06-02,158,83085,60,44890,90,35514,8,2681,57,7943,98,38724,65,46667,California
Mendocino,2021-06-03,554,83639,453,45343,92,35606,9,2690,130,7665,417,39141,139,46806,California
Mendocino,2021-06-04,310,83949,187,45530,101,35707,22,2712,82,7541,228,39369,104,46910,California
Mendocino,2021-06-05,113,84062,60,45590,36,35743,17,2729,52,7550,60,39429,69,46979,California
Mendocino,2021-06-06,59,84121,54,45644,2,35745,3,2732,2,7498,57,39486,5,46984,California
Mendocino,2021-06-07,51,84172,25,45669,19,35764,7,2739,28,7510,23,39509,35,47019,California
Merced,2020-12-16,3,3,3,3,0,0,0,0,3,3,0,0,3,3,California
Merced,2020-12-17,7,10,7,10,0,0,0,0,7,10,0,0,7,10,California
Merced,2020-12-18,145,155,145,155,0,0,0,0,145,155,0,0,145,155,California
Merced,2020-12-19,37,192,37,192,0,0,0,0,37,192,0,0,37,192,California
Merced,2020-12-20,18,210,18,210,0,0,0,0,18,210,0,0,18,210,California
Merced,2020-12-21,124,334,121,331,3,3,0,0,124,334,0,0,124,334,California
Merced,2020-12-22,152,486,152,483,0,3,0,0,152,486,0,0,152,486,California
Merced,2020-12-23,249,735,243,726,6,9,0,0,249,735,0,0,249,735,California
Merced,2020-12-24,72,807,72,798,0,9,0,0,72,807,0,0,72,807,California
Merced,2020-12-25,4,811,4,802,0,9,0,0,4,811,0,0,4,811,California
Merced,2020-12-26,6,817,3,805,3,12,0,0,6,817,0,0,6,817,California
Merced,2020-12-27,12,829,11,816,1,13,0,0,12,829,0,0,12,829,California
Merced,2020-12-28,122,951,97,913,25,38,0,0,122,951,0,0,122,951,California
Merced,2020-12-29,181,1132,124,1037,57,95,0,0,181,1132,0,0,181,1132,California
Merced,2020-12-30,216,1348,89,1126,127,222,0,0,216,1348,0,0,216,1348,California
Merced,2020-12-31,103,1451,34,1160,69,291,0,0,103,1451,0,0,103,1451,California
Merced,2021-01-01,5,1456,1,1161,4,295,0,0,5,1456,0,0,5,1456,California
Merced,2021-01-02,129,1585,118,1279,11,306,0,0,129,1585,0,0,129,1585,California
Merced,2021-01-03,9,1594,5,1284,4,310,0,0,9,1594,0,0,9,1594,California
Merced,2021-01-04,81,1675,43,1327,38,348,0,0,81,1675,0,0,81,1675,California
Merced,2021-01-05,321,1996,232,1559,89,437,0,0,315,1986,6,6,317,1992,California
Merced,2021-01-06,256,2252,104,1663,152,589,0,0,251,2232,5,11,251,2243,California
Merced,2021-01-07,186,2438,83,1746,103,692,0,0,175,2395,12,23,175,2418,California
Merced,2021-01-08,527,2965,394,2140,133,825,0,0,374,2617,152,175,374,2792,California
Merced,2021-01-09,22,2987,9,2149,13,838,0,0,17,2629,5,180,17,2809,California
Merced,2021-01-10,11,2998,7,2156,4,842,0,0,7,2632,4,184,7,2816,California
Merced,2021-01-11,230,3228,171,2327,59,901,0,0,103,2610,127,311,105,2921,California
Merced,2021-01-12,291,3519,168,2495,123,1024,0,0,243,2804,49,360,243,3164,California
Merced,2021-01-13,377,3896,175,2670,202,1226,0,0,225,2880,152,512,228,3392,California
Merced,2021-01-14,322,4218,200,2870,122,1348,0,0,157,2874,164,676,158,3550,California
Merced,2021-01-15,585,4803,129,2999,456,1804,0,0,546,3383,40,716,549,4099,California
Merced,2021-01-16,213,5016,129,3128,84,1888,0,0,196,3562,17,733,196,4295,California
Merced,2021-01-17,50,5066,12,3140,38,1926,0,0,49,3610,1,734,49,4344,California
Merced,2021-01-18,262,5328,126,3266,136,2062,0,0,239,3830,23,757,243,4587,California
Merced,2021-01-19,713,6041,589,3855,124,2186,0,0,541,4204,172,929,546,5133,California
Merced,2021-01-20,572,6613,467,4322,105,2291,0,0,515,4665,57,986,518,5651,California
Merced,2021-01-21,1011,7624,651,4973,360,2651,0,0,911,5479,100,1086,914,6565,California
Merced,2021-01-22,1312,8936,692,5665,620,3271,0,0,1284,6748,27,1113,1296,7861,California
Merced,2021-01-23,325,9261,198,5863,127,3398,0,0,218,6859,107,1220,218,8079,California
Merced,2021-01-24,37,9298,15,5878,22,3420,0,0,28,6879,8,1228,28,8107,California
Merced,2021-01-25,729,10027,241,6119,488,3908,0,0,669,7490,59,1287,670,8777,California
Merced,2021-01-26,919,10946,488,6607,431,4339,0,0,676,7951,216,1503,677,9454,California
Merced,2021-01-27,985,11931,588,7195,397,4736,0,0,816,8600,167,1670,816,10270,California
Merced,2021-01-28,1141,13072,595,7790,546,5282,0,0,1017,9495,123,1793,1018,11288,California
Merced,2021-01-29,853,13925,323,8113,530,5812,0,0,599,9856,241,2034,602,11890,California
Merced,2021-01-30,260,14185,28,8141,232,6044,0,0,243,10082,17,2051,243,12133,California
Merced,2021-01-31,47,14232,11,8152,36,6080,0,0,46,10127,1,2052,46,12179,California
Merced,2021-02-01,378,14610,55,8207,323,6403,0,0,327,10405,50,2102,328,12507,California
Merced,2021-02-02,296,14906,179,8386,117,6520,0,0,176,10465,117,2219,177,12684,California
Merced,2021-02-03,350,15256,72,8458,278,6798,0,0,169,10453,181,2400,169,12853,California
Merced,2021-02-04,370,15626,145,8603,225,7023,0,0,239,10563,130,2530,240,13093,California
Merced,2021-02-05,508,16134,169,8772,339,7362,0,0,271,10600,236,2766,273,13366,California
Merced,2021-02-06,389,16523,218,8990,171,7533,0,0,245,10705,141,2907,246,13612,California
Merced,2021-02-07,20,16543,12,9002,8,7541,0,0,13,10711,7,2914,13,13625,California
Merced,2021-02-08,283,16826,198,9200,85,7626,0,0,171,10772,111,3025,172,13797,California
Merced,2021-02-09,1216,18042,956,10156,260,7886,0,0,772,11109,436,3461,773,14570,California
Merced,2021-02-10,1857,19899,1433,11589,424,8310,0,0,1274,11810,573,4034,1274,15844,California
Merced,2021-02-11,2506,22405,2012,13601,494,8804,0,0,1815,12946,679,4713,1815,17659,California
Merced,2021-02-12,1718,24123,1016,14617,702,9506,0,0,746,12740,955,5668,749,18408,California
Merced,2021-02-13,361,24484,207,14824,154,9660,0,0,262,12909,95,5763,264,18672,California
Merced,2021-02-14,118,24602,26,14850,92,9752,0,0,96,12984,22,5785,97,18769,California
Merced,2021-02-15,274,24876,42,14892,232,9984,0,0,169,13056,98,5883,170,18939,California
Merced,2021-02-16,1216,26092,844,15736,372,10356,0,0,834,13531,363,6246,838,19777,California
Merced,2021-02-17,1886,27978,1640,17376,246,10602,0,0,1311,14291,560,6806,1320,21097,California
Merced,2021-02-18,1214,29192,823,18199,391,10993,0,0,404,13909,789,7595,407,21504,California
Merced,2021-02-19,1264,30456,415,18614,849,11842,0,0,539,13731,719,8314,541,22045,California
Merced,2021-02-20,278,30734,31,18645,247,12089,0,0,139,13733,137,8451,139,22184,California
Merced,2021-02-21,77,30811,62,18707,15,12104,0,0,31,13719,45,8496,31,22215,California
Merced,2021-02-22,831,31642,294,19001,537,12641,0,0,481,13853,348,8844,482,22697,California
Merced,2021-02-23,1082,32724,422,19423,660,13301,0,0,638,14054,438,9282,639,23336,California
Merced,2021-02-24,819,33543,302,19725,517,13818,0,0,448,14141,362,9644,449,23785,California
Merced,2021-02-25,1770,35313,879,20604,891,14709,0,0,1316,15009,451,10095,1319,25104,California
Merced,2021-02-26,2155,37468,1379,21983,776,15485,0,0,1740,16342,408,10503,1741,26845,California
Merced,2021-02-27,2609,40077,1183,23166,1426,16911,0,0,2326,18386,282,10785,2326,29171,California
Merced,2021-02-28,310,40387,73,23239,237,17148,0,0,256,18592,50,10835,256,29427,California
Merced,2021-03-01,1123,41510,283,23522,839,17987,1,1,780,19039,334,11169,781,30208,California
Merced,2021-03-02,1756,43266,911,24433,844,18831,1,2,1362,20017,387,11556,1365,31573,California
Merced,2021-03-03,2231,45497,1734,26167,496,19327,1,3,1469,20745,743,12299,1471,33044,California
Merced,2021-03-04,2900,48397,2275,28442,623,19950,2,5,1925,21716,957,13256,1928,34972,California
Merced,2021-03-05,2076,50473,1198,29640,854,20804,24,29,1533,22745,529,13785,1558,36530,California
Merced,2021-03-06,1166,51639,663,30303,481,21285,22,51,910,23422,255,14040,932,37462,California
Merced,2021-03-07,231,51870,67,30370,139,21424,25,76,202,23620,29,14069,227,37689,California
Merced,2021-03-08,1406,53276,808,31178,533,21957,65,141,1190,24659,215,14284,1254,38943,California
Merced,2021-03-09,1697,54973,1003,32181,586,22543,108,249,1100,25276,591,14875,1208,40151,California
Merced,2021-03-10,2708,57681,1874,34055,633,23176,201,450,1631,26049,1062,15937,1835,41986,California
Merced,2021-03-11,1948,59629,699,34754,1047,24223,202,652,1231,26802,702,16639,1455,43441,California
Merced,2021-03-12,2217,61846,903,35657,1042,25265,272,924,1497,27868,715,17354,1781,45222,California
Merced,2021-03-13,884,62730,310,35967,333,25598,241,1165,580,28394,296,17650,822,46044,California
Merced,2021-03-14,251,62981,137,36104,84,25682,30,1195,150,28474,100,17750,180,46224,California
Merced,2021-03-15,1523,64504,496,36600,770,26452,257,1452,1002,29218,514,18264,1258,47482,California
Merced,2021-03-16,1469,65973,713,37313,529,26981,227,1679,978,29944,480,18744,1206,48688,California
Merced,2021-03-17,1969,67942,1064,38377,727,27708,178,1857,1513,31191,446,19190,1693,50381,California
Merced,2021-03-18,2124,70066,1251,39628,727,28435,146,2003,1397,32035,712,19902,1556,51937,California
Merced,2021-03-19,2667,72733,1455,41083,1017,29452,195,2198,1384,32342,1272,21174,1579,53516,California
Merced,2021-03-20,2449,75182,1519,42602,535,29987,395,2593,957,32211,1488,22662,1357,54873,California
Merced,2021-03-21,556,75738,343,42945,201,30188,12,2605,437,32543,119,22781,451,55324,California
Merced,2021-03-22,1264,77002,630,43575,557,30745,77,2682,885,33136,371,23152,964,56288,California
Merced,2021-03-23,1836,78838,1108,44683,664,31409,64,2746,1354,34078,476,23628,1418,57706,California
Merced,2021-03-24,1470,80308,930,45613,505,31914,35,2781,990,34629,474,24102,1025,58731,California
Merced,2021-03-25,3323,83631,2280,47893,1020,32934,23,2804,2083,35510,1228,25330,2109,60840,California
Merced,2021-03-26,1939,85570,1091,48984,814,33748,34,2838,893,35400,1036,26366,926,61766,California
Merced,2021-03-27,3563,89133,1906,50890,1240,34988,417,3255,1553,35374,1997,28363,1971,63737,California
Merced,2021-03-28,523,89656,216,51106,299,35287,8,3263,214,35289,307,28670,222,63959,California
Merced,2021-03-29,1829,91485,780,51886,882,36169,167,3430,670,34980,1150,29820,841,64800,California
Merced,2021-03-30,2148,93633,803,52689,1286,37455,59,3489,990,34879,1152,30972,1051,65851,California
Merced,2021-03-31,2149,95782,1412,54101,699,38154,38,3527,954,34692,1180,32152,993,66844,California
Merced,2021-04-01,2274,98056,1028,55129,1118,39272,128,3655,1018,34590,1250,33402,1148,67992,California
Merced,2021-04-02,2334,100390,638,55767,1292,40564,404,4059,782,34242,1535,34937,1187,69179,California
Merced,2021-04-03,917,101307,439,56206,463,41027,15,4074,506,34358,407,35344,523,69702,California
Merced,2021-04-04,369,101676,143,56349,223,41250,3,4077,141,34277,227,35571,146,69848,California
Merced,2021-04-05,1273,102949,608,56957,453,41703,212,4289,418,34058,848,36419,629,70477,California
Merced,2021-04-06,2419,105368,893,57850,698,42401,828,5117,889,34248,1525,37944,1715,72192,California
Merced,2021-04-07,1663,107031,892,58742,663,43064,108,5225,588,33890,1057,39001,699,72891,California
Merced,2021-04-08,2328,109359,1197,59939,916,43980,215,5440,842,33490,1455,40456,1055,73946,California
Merced,2021-04-09,1693,111052,471,60410,646,44626,576,6016,566,33523,1111,41567,1144,75090,California
Merced,2021-04-10,853,111905,366,60776,300,44926,187,6203,175,33211,672,42239,360,75450,California
Merced,2021-04-11,488,112393,282,61058,72,44998,134,6337,148,33156,338,42577,283,75733,California
Merced,2021-04-12,1460,113853,944,62002,392,45390,124,6461,828,33512,596,43173,952,76685,California
Merced,2021-04-13,2044,115897,1464,63466,577,45967,3,6464,939,33444,1014,44187,946,77631,California
Merced,2021-04-14,2051,117948,1219,64685,832,46799,0,6464,904,33335,1015,45202,906,78537,California
Merced,2021-04-15,3019,120967,1976,66661,1043,47842,0,6464,953,32460,1834,47036,959,79496,California
Merced,2021-04-16,2378,123345,1165,67826,1213,49055,0,6464,969,32119,1310,48346,969,80465,California
Merced,2021-04-17,1989,125334,1331,69157,657,49712,1,6465,595,31329,1387,49733,597,81062,California
Merced,2021-04-18,470,125804,248,69405,222,49934,0,6465,191,31269,251,49984,191,81253,California
Merced,2021-04-19,1337,127141,751,70156,586,50520,0,6465,707,31442,535,50519,708,81961,California
Merced,2021-04-20,1472,128613,739,70895,733,51253,0,6465,802,31644,600,51119,802,82763,California
Merced,2021-04-21,1478,130091,890,71785,588,51841,0,6465,752,31782,614,51733,752,83515,California
Merced,2021-04-22,1616,131707,743,72528,873,52714,0,6465,782,31812,753,52486,783,84298,California
Merced,2021-04-23,1647,133354,684,73212,963,53677,0,6465,887,31986,714,53200,888,85186,California
Merced,2021-04-24,575,133929,405,73617,170,53847,0,6465,390,32195,181,53381,390,85576,California
Merced,2021-04-25,325,134254,185,73802,140,53987,0,6465,191,32255,131,53512,191,85767,California
Merced,2021-04-26,1212,135466,529,74331,683,54670,0,6465,634,32346,545,54057,636,86403,California
Merced,2021-04-27,1750,137216,883,75214,857,55527,10,6475,705,32084,978,55035,716,87119,California
Merced,2021-04-28,1370,138586,678,75892,683,56210,9,6484,783,32312,565,55600,793,87912,California
Merced,2021-04-29,1412,139998,601,76493,786,56996,25,6509,657,32250,746,56346,684,88596,California
Merced,2021-04-30,1456,141454,615,77108,797,57793,44,6553,749,32341,703,57049,794,89390,California
Merced,2021-05-01,557,142011,240,77348,312,58105,5,6558,258,32308,295,57344,262,89652,California
Merced,2021-05-02,296,142307,121,77469,160,58265,15,6573,132,32294,163,57507,149,89801,California
Merced,2021-05-03,839,143146,548,78017,221,58486,70,6643,298,32125,538,58045,369,90170,California
Merced,2021-05-04,1014,144160,543,78560,419,58905,52,6695,373,31912,638,58683,425,90595,California
Merced,2021-05-05,1209,145369,714,79274,419,59324,76,6771,530,31851,668,59351,607,91202,California
Merced,2021-05-06,905,146274,471,79745,384,59708,50,6821,303,31610,594,59945,353,91555,California
Merced,2021-05-07,929,147203,291,80036,596,60304,42,6863,392,31513,533,60478,436,91991,California
Merced,2021-05-08,396,147599,202,80238,158,60462,36,6899,180,31514,215,60693,216,92207,California
Merced,2021-05-09,213,147812,107,80345,99,60561,7,6906,102,31513,110,60803,109,92316,California
Merced,2021-05-10,692,148504,355,80700,301,60862,36,6942,191,31241,500,61303,228,92544,California
Merced,2021-05-11,1111,149615,654,81354,404,61266,53,6995,427,31043,678,61981,480,93024,California
Merced,2021-05-12,985,150600,526,81880,420,61686,39,7034,314,30728,668,62649,353,93377,California
Merced,2021-05-13,799,151399,401,82281,356,62042,42,7076,296,30568,499,63148,339,93716,California
Merced,2021-05-14,1005,152404,615,82896,350,62392,40,7116,526,30661,473,63621,566,94282,California
Merced,2021-05-15,747,153151,565,83461,163,62555,19,7135,443,30827,297,63918,463,94745,California
Merced,2021-05-16,347,153498,232,83693,107,62662,8,7143,200,30892,144,64062,209,94954,California
Merced,2021-05-17,1046,154544,666,84359,350,63012,30,7173,501,30883,541,64603,532,95486,California
Merced,2021-05-18,1264,155808,844,85203,389,63401,31,7204,718,31093,539,65142,749,96235,California
Merced,2021-05-19,1089,156897,740,85943,342,63743,7,7211,612,31243,473,65615,623,96858,California
Merced,2021-05-20,907,157804,467,86410,385,64128,55,7266,335,31063,570,66185,390,97248,California
Merced,2021-05-21,1062,158866,607,87017,429,64557,26,7292,433,30903,619,66804,459,97707,California
Merced,2021-05-22,596,159462,413,87430,170,64727,13,7305,346,31014,248,67052,359,98066,California
Merced,2021-05-23,275,159737,204,87634,60,64787,11,7316,196,31142,79,67131,207,98273,California
Merced,2021-05-24,525,160262,239,87873,256,65043,30,7346,213,31077,309,67440,244,98517,California
Merced,2021-05-25,757,161019,428,88301,295,65338,34,7380,402,31161,352,67792,436,98953,California
Merced,2021-05-26,834,161853,509,88810,292,65630,33,7413,321,31003,512,68304,354,99307,California
Merced,2021-05-27,922,162775,651,89461,238,65868,33,7446,574,31268,343,68647,608,99915,California
Merced,2021-05-28,760,163535,345,89806,368,66236,47,7493,338,31239,415,69062,386,100301,California
Merced,2021-05-29,393,163928,273,90079,112,66348,8,7501,174,31206,216,69278,183,100484,California
Merced,2021-05-30,213,164141,145,90224,57,66405,11,7512,135,31274,78,69356,146,100630,California
Merced,2021-05-31,110,164251,24,90248,80,66485,6,7518,31,31235,77,69433,38,100668,California
Merced,2021-06-01,777,165028,466,90714,282,66767,29,7547,341,31172,433,69866,370,101038,California
Merced,2021-06-02,627,165655,450,91164,155,66922,22,7569,346,31265,275,70141,368,101406,California
Merced,2021-06-03,305,165960,147,91311,141,67063,17,7586,147,31272,157,70298,164,101570,California
Merced,2021-06-04,141,166101,84,91395,52,67115,5,7591,72,31284,69,70367,81,101651,California
Merced,2021-06-05,97,166198,61,91456,33,67148,3,7594,58,31306,39,70406,61,101712,California
Merced,2021-06-06,56,166254,42,91498,13,67161,1,7595,31,31313,25,70431,32,101744,California
Merced,2021-06-07,27,166281,16,91514,11,67172,0,7595,7,31300,20,70451,7,101751,California
Modoc,2020-12-16,1,1,1,1,0,0,0,0,1,1,0,0,1,1,California
Modoc,2020-12-21,100,101,100,101,0,0,0,0,100,101,0,0,100,101,California
Modoc,2020-12-22,14,115,14,115,0,0,0,0,14,115,0,0,14,115,California
Modoc,2020-12-23,4,119,4,119,0,0,0,0,4,119,0,0,4,119,California
Modoc,2020-12-24,1,120,1,120,0,0,0,0,1,120,0,0,1,120,California
Modoc,2020-12-28,2,122,2,122,0,0,0,0,2,122,0,0,2,122,California
Modoc,2020-12-29,9,131,1,123,8,8,0,0,9,131,0,0,9,131,California
Modoc,2020-12-30,8,139,1,124,7,15,0,0,8,139,0,0,8,139,California
Modoc,2021-01-02,3,142,1,125,2,17,0,0,3,142,0,0,3,142,California
Modoc,2021-01-04,8,150,0,125,8,25,0,0,8,150,0,0,8,150,California
Modoc,2021-01-05,3,153,2,127,1,26,0,0,3,153,0,0,3,153,California
Modoc,2021-01-06,3,156,2,129,1,27,0,0,2,154,1,1,2,155,California
Modoc,2021-01-07,73,229,0,129,73,100,0,0,73,227,0,1,73,228,California
Modoc,2021-01-08,106,335,0,129,106,206,0,0,106,333,0,1,106,334,California
Modoc,2021-01-10,1,336,1,130,0,206,0,0,0,332,1,2,0,334,California
Modoc,2021-01-11,91,427,82,212,9,215,0,0,19,279,72,74,19,353,California
Modoc,2021-01-12,94,521,25,237,69,284,0,0,68,321,26,100,68,421,California
Modoc,2021-01-13,24,545,4,241,20,304,0,0,22,341,2,102,22,443,California
Modoc,2021-01-14,129,674,6,247,123,427,0,0,124,460,5,107,124,567,California
Modoc,2021-01-15,6,680,1,248,5,432,0,0,6,466,0,107,6,573,California
Modoc,2021-01-16,1,681,1,249,0,432,0,0,1,467,0,107,1,574,California
Modoc,2021-01-18,1,682,1,250,0,432,0,0,1,468,0,107,1,575,California
Modoc,2021-01-19,5,687,3,253,2,434,0,0,3,469,2,109,3,578,California
Modoc,2021-01-20,13,700,3,256,10,444,0,0,12,480,1,110,12,590,California
Modoc,2021-01-21,158,858,2,258,156,600,0,0,158,638,0,110,158,748,California
Modoc,2021-01-22,3,861,1,259,2,602,0,0,3,641,0,110,3,751,California
Modoc,2021-01-25,11,872,0,259,11,613,0,0,11,652,0,110,11,762,California
Modoc,2021-01-26,90,962,1,260,89,702,0,0,90,742,0,110,90,852,California
Modoc,2021-01-27,40,1002,3,263,37,739,0,0,25,752,15,125,25,877,California
Modoc,2021-01-28,148,1150,3,266,145,884,0,0,147,898,1,126,147,1024,California
Modoc,2021-01-29,4,1154,1,267,3,887,0,0,4,902,0,126,4,1028,California
Modoc,2021-02-01,26,1180,13,280,13,900,0,0,12,900,14,140,12,1040,California
Modoc,2021-02-02,171,1351,2,282,169,1069,0,0,168,1065,3,143,168,1208,California
Modoc,2021-02-03,18,1369,13,295,5,1074,0,0,11,1069,7,150,11,1219,California
Modoc,2021-02-04,158,1527,3,298,155,1229,0,0,29,969,129,279,29,1248,California
Modoc,2021-02-05,3,1530,2,300,1,1230,0,0,2,970,1,280,2,1250,California
Modoc,2021-02-08,10,1540,2,302,8,1238,0,0,9,978,1,281,9,1259,California
Modoc,2021-02-09,198,1738,12,314,186,1424,0,0,65,910,133,414,65,1324,California
Modoc,2021-02-10,6,1744,3,317,3,1427,0,0,4,912,2,416,4,1328,California
Modoc,2021-02-11,201,1945,3,320,198,1625,0,0,83,877,118,534,83,1411,California
Modoc,2021-02-12,7,1952,1,321,6,1631,0,0,3,876,4,538,3,1414,California
Modoc,2021-02-13,1,1953,0,321,1,1632,0,0,1,877,0,538,1,1415,California
Modoc,2021-02-16,147,2100,6,327,141,1773,0,0,143,1016,4,542,143,1558,California
Modoc,2021-02-17,25,2125,2,329,23,1796,0,0,12,1015,13,555,12,1570,California
Modoc,2021-02-18,189,2314,3,332,186,1982,0,0,23,875,165,720,25,1595,California
Modoc,2021-02-19,3,2317,3,335,0,1982,0,0,2,876,1,721,2,1597,California
Modoc,2021-02-20,1,2318,1,336,0,1982,0,0,0,875,1,722,0,1597,California
Modoc,2021-02-22,17,2335,9,345,8,1990,0,0,3,864,14,736,3,1600,California
Modoc,2021-02-23,52,2387,2,347,50,2040,0,0,8,828,44,780,8,1608,California
Modoc,2021-02-24,90,2477,1,348,89,2129,0,0,31,800,59,839,31,1639,California
Modoc,2021-02-25,170,2647,0,348,170,2299,0,0,12,654,158,997,12,1651,California
Modoc,2021-02-26,3,2650,0,348,3,2302,0,0,1,653,2,999,1,1652,California
Modoc,2021-02-27,3,2653,3,351,0,2302,0,0,2,654,1,1000,2,1654,California
Modoc,2021-03-01,5,2658,0,351,5,2307,0,0,0,650,4,1004,0,1654,California
Modoc,2021-03-02,194,2852,12,363,182,2489,0,0,26,508,168,1172,26,1680,California
Modoc,2021-03-03,12,2864,6,369,6,2495,0,0,2,500,10,1182,2,1682,California
Modoc,2021-03-04,176,3040,2,371,174,2669,0,0,147,618,29,1211,147,1829,California
Modoc,2021-03-05,3,3043,2,373,1,2670,0,0,2,619,1,1212,2,1831,California
Modoc,2021-03-06,11,3054,0,373,1,2671,10,10,1,620,10,1222,11,1842,California
Modoc,2021-03-07,8,3062,2,375,0,2671,6,16,2,622,6,1228,8,1850,California
Modoc,2021-03-08,8,3070,1,376,3,2674,4,20,1,621,6,1234,5,1855,California
Modoc,2021-03-09,127,3197,10,386,109,2783,8,28,61,624,66,1300,69,1924,California
Modoc,2021-03-10,9,3206,3,389,2,2785,4,32,4,627,5,1305,8,1932,California
Modoc,2021-03-11,207,3413,0,389,99,2884,108,140,22,572,185,1490,130,2062,California
Modoc,2021-03-12,10,3423,1,390,4,2888,5,145,4,575,6,1496,9,2071,California
Modoc,2021-03-13,4,3427,0,390,1,2889,3,148,1,576,3,1499,4,2075,California
Modoc,2021-03-15,14,3441,1,391,12,2901,1,149,12,587,2,1501,13,2088,California
Modoc,2021-03-16,173,3614,1,392,168,3069,4,153,42,501,131,1632,45,2133,California
Modoc,2021-03-17,10,3624,1,393,4,3073,5,158,2,500,8,1640,7,2140,California
Modoc,2021-03-18,67,3691,2,395,58,3131,7,165,36,512,31,1671,43,2183,California
Modoc,2021-03-19,5,3696,0,395,0,3131,5,170,0,512,5,1676,5,2188,California
Modoc,2021-03-20,5,3701,2,397,0,3131,3,173,0,510,5,1681,3,2191,California
Modoc,2021-03-21,4,3705,1,398,1,3132,2,175,2,512,2,1683,4,2195,California
Modoc,2021-03-22,17,3722,1,399,11,3143,5,180,12,524,5,1688,17,2212,California
Modoc,2021-03-23,54,3776,7,406,44,3187,3,183,39,551,15,1703,42,2254,California
Modoc,2021-03-24,29,3805,1,407,18,3205,10,193,1,534,28,1731,11,2265,California
Modoc,2021-03-25,78,3883,2,409,74,3279,2,195,46,550,32,1763,48,2313,California
Modoc,2021-03-26,7,3890,2,411,2,3281,3,198,2,550,5,1768,5,2318,California
Modoc,2021-03-27,2,3892,0,411,1,3282,1,199,1,551,1,1769,2,2320,California
Modoc,2021-03-28,2,3894,1,412,0,3282,1,200,0,550,2,1771,1,2321,California
Modoc,2021-03-29,15,3909,1,413,6,3288,8,208,6,555,9,1780,14,2335,California
Modoc,2021-03-30,54,3963,9,422,38,3326,7,215,20,548,34,1814,27,2362,California
Modoc,2021-03-31,9,3972,3,425,2,3328,4,219,3,549,6,1820,7,2369,California
Modoc,2021-04-01,169,4141,2,427,162,3490,5,224,34,453,135,1955,39,2408,California
Modoc,2021-04-02,5,4146,0,427,2,3492,3,227,1,454,3,1958,4,2412,California
Modoc,2021-04-03,4,4150,1,428,0,3492,3,230,1,455,2,1960,3,2415,California
Modoc,2021-04-05,10,4160,0,428,9,3501,1,231,9,464,1,1961,10,2425,California
Modoc,2021-04-06,24,4184,5,433,9,3510,10,241,6,462,18,1979,16,2441,California
Modoc,2021-04-07,12,4196,1,434,4,3514,7,248,3,463,9,1988,10,2451,California
Modoc,2021-04-08,96,4292,1,435,92,3606,3,251,26,422,70,2058,29,2480,California
Modoc,2021-04-09,11,4303,2,437,6,3612,3,254,2,417,9,2067,4,2484,California
Modoc,2021-04-10,5,4308,0,437,1,3613,4,258,0,416,5,2072,4,2488,California
Modoc,2021-04-11,2,4310,2,439,0,3613,0,258,1,416,1,2073,1,2489,California
Modoc,2021-04-12,14,4324,0,439,10,3623,4,262,1,410,11,2084,5,2494,California
Modoc,2021-04-13,33,4357,30,469,3,3626,0,262,22,421,11,2095,22,2516,California
Modoc,2021-04-14,2,4359,2,471,0,3626,0,262,1,421,1,2096,1,2517,California
Modoc,2021-04-15,101,4460,0,471,101,3727,0,262,28,376,73,2169,28,2545,California
Modoc,2021-04-16,6,4466,4,475,2,3729,0,262,5,380,1,2170,5,2550,California
Modoc,2021-04-17,2,4468,2,477,0,3729,0,262,2,382,0,2170,2,2552,California
Modoc,2021-04-18,1,4469,0,477,1,3730,0,262,1,383,0,2170,1,2553,California
Modoc,2021-04-19,6,4475,0,477,6,3736,0,262,1,379,5,2175,1,2554,California
Modoc,2021-04-20,40,4515,2,479,38,3774,0,262,9,357,31,2206,9,2563,California
Modoc,2021-04-21,3,4518,3,482,0,3774,0,262,1,356,2,2208,1,2564,California
Modoc,2021-04-22,96,4614,2,484,94,3868,0,262,38,336,58,2266,38,2602,California
Modoc,2021-04-23,4,4618,0,484,4,3872,0,262,3,338,1,2267,3,2605,California
Modoc,2021-04-24,2,4620,0,484,1,3873,1,263,1,339,1,2268,2,2607,California
Modoc,2021-04-25,1,4621,1,485,0,3873,0,263,1,340,0,2268,1,2608,California
Modoc,2021-04-26,8,4629,0,485,8,3881,0,263,2,336,6,2274,2,2610,California
Modoc,2021-04-27,5,4634,4,489,0,3881,1,264,0,332,5,2279,1,2611,California
Modoc,2021-04-28,6,4640,1,490,4,3885,1,265,2,331,4,2283,3,2614,California
Modoc,2021-04-29,65,4705,1,491,64,3949,0,265,21,308,44,2327,21,2635,California
Modoc,2021-04-30,3,4708,2,493,1,3950,0,265,1,307,2,2329,1,2636,California
Modoc,2021-05-01,1,4709,1,494,0,3950,0,265,0,306,1,2330,0,2636,California
Modoc,2021-05-02,4,4713,3,497,1,3951,0,265,3,308,1,2331,3,2639,California
Modoc,2021-05-03,13,4726,0,497,12,3963,1,266,3,302,10,2341,4,2643,California
Modoc,2021-05-04,11,4737,3,500,6,3969,2,268,5,303,6,2347,7,2650,California
Modoc,2021-05-05,28,4765,25,525,2,3971,1,269,8,292,20,2367,9,2659,California
Modoc,2021-05-06,54,4819,3,528,49,4020,2,271,21,282,33,2400,23,2682,California
Modoc,2021-05-07,8,4827,3,531,3,4023,2,273,2,280,6,2406,4,2686,California
Modoc,2021-05-08,3,4830,2,533,0,4023,1,274,1,280,2,2408,2,2688,California
Modoc,2021-05-09,1,4831,1,534,0,4023,0,274,0,279,1,2409,0,2688,California
Modoc,2021-05-10,2,4833,0,534,1,4024,1,275,1,280,1,2410,2,2690,California
Modoc,2021-05-11,3,4836,2,536,0,4024,1,276,0,278,3,2413,1,2691,California
Modoc,2021-05-12,2,4838,0,536,0,4024,2,278,0,278,2,2415,2,2693,California
Modoc,2021-05-13,43,4881,0,536,39,4063,4,282,14,267,29,2444,18,2711,California
Modoc,2021-05-14,9,4890,3,539,1,4064,5,287,4,271,5,2449,9,2720,California
Modoc,2021-05-15,4,4894,3,542,1,4065,0,287,4,275,0,2449,4,2724,California
Modoc,2021-05-16,2,4896,1,543,1,4066,0,287,0,273,2,2451,0,2724,California
Modoc,2021-05-17,7,4903,3,546,4,4070,0,287,4,274,3,2454,4,2728,California
Modoc,2021-05-18,25,4928,12,558,11,4081,2,289,14,279,11,2465,16,2744,California
Modoc,2021-05-19,8,4936,1,559,3,4084,4,293,4,283,4,2469,8,2752,California
Modoc,2021-05-20,58,4994,3,562,46,4130,9,302,8,250,50,2519,17,2769,California
Modoc,2021-05-21,5,4999,3,565,1,4131,1,303,2,250,3,2522,3,2772,California
Modoc,2021-05-22,2,5001,2,567,0,4131,0,303,1,250,1,2523,1,2773,California
Modoc,2021-05-23,2,5003,2,569,0,4131,0,303,0,248,2,2525,0,2773,California
Modoc,2021-05-24,4,5007,1,570,1,4132,2,305,2,250,2,2527,4,2777,California
Modoc,2021-05-25,2,5009,1,571,1,4133,0,305,1,250,1,2528,1,2778,California
Modoc,2021-05-26,35,5044,32,603,3,4136,0,305,25,266,10,2538,26,2804,California
Modoc,2021-05-27,30,5074,2,605,22,4158,6,311,7,256,23,2561,13,2817,California
Modoc,2021-05-28,8,5082,1,606,4,4162,3,314,3,257,5,2566,6,2823,California
Modoc,2021-05-29,1,5083,1,607,0,4162,0,314,0,256,1,2567,0,2823,California
Modoc,2021-06-01,7,5090,0,607,6,4168,1,315,2,254,5,2572,3,2826,California
Modoc,2021-06-02,11,5101,0,607,9,4177,2,317,5,255,6,2578,7,2833,California
Modoc,2021-06-03,25,5126,1,608,22,4199,2,319,4,240,21,2599,6,2839,California
Modoc,2021-06-04,2,5128,1,609,1,4200,0,319,0,238,2,2601,0,2839,California
Modoc,2021-06-07,3,5131,3,612,0,4200,0,319,0,235,3,2604,0,2839,California
Mono,2020-12-18,1,1,1,1,0,0,0,0,1,1,0,0,1,1,California
Mono,2020-12-19,5,6,5,6,0,0,0,0,5,6,0,0,5,6,California
Mono,2020-12-20,7,13,7,13,0,0,0,0,7,13,0,0,7,13,California
Mono,2020-12-21,24,37,17,30,7,7,0,0,24,37,0,0,24,37,California
Mono,2020-12-22,67,104,66,96,1,8,0,0,67,104,0,0,67,104,California
Mono,2020-12-23,71,175,43,139,28,36,0,0,71,175,0,0,71,175,California
Mono,2020-12-24,3,178,1,140,2,38,0,0,3,178,0,0,3,178,California
Mono,2020-12-26,3,181,3,143,0,38,0,0,3,181,0,0,3,181,California
Mono,2020-12-27,1,182,0,143,1,39,0,0,1,182,0,0,1,182,California
Mono,2020-12-28,94,276,63,206,31,70,0,0,94,276,0,0,94,276,California
Mono,2020-12-29,29,305,29,235,0,70,0,0,29,305,0,0,29,305,California
Mono,2020-12-30,77,382,36,271,41,111,0,0,77,382,0,0,77,382,California
Mono,2020-12-31,4,386,1,272,3,114,0,0,4,386,0,0,4,386,California
Mono,2021-01-01,4,390,4,276,0,114,0,0,4,390,0,0,4,390,California
Mono,2021-01-02,2,392,2,278,0,114,0,0,2,392,0,0,2,392,California
Mono,2021-01-04,2,394,0,278,2,116,0,0,2,394,0,0,2,394,California
Mono,2021-01-05,45,439,2,280,43,159,0,0,44,437,1,1,44,438,California
Mono,2021-01-06,48,487,0,280,48,207,0,0,48,485,0,1,48,486,California
Mono,2021-01-07,55,542,3,283,52,259,0,0,53,537,2,3,54,540,California
Mono,2021-01-08,2,544,1,284,1,260,0,0,1,537,1,4,1,541,California
Mono,2021-01-09,4,548,4,288,0,260,0,0,0,533,4,8,0,541,California
Mono,2021-01-10,5,553,5,293,0,260,0,0,0,528,5,13,0,541,California
Mono,2021-01-11,8,561,5,298,3,263,0,0,4,528,4,17,4,545,California
Mono,2021-01-12,285,846,77,375,208,471,0,0,220,684,64,81,220,765,California
Mono,2021-01-13,233,1079,73,448,160,631,0,0,178,807,55,136,178,943,California
Mono,2021-01-14,74,1153,71,519,3,634,0,0,74,881,0,136,74,1017,California
Mono,2021-01-15,66,1219,2,521,64,698,0,0,66,947,0,136,66,1083,California
Mono,2021-01-16,4,1223,3,524,1,699,0,0,1,945,3,139,1,1084,California
Mono,2021-01-18,64,1287,55,579,9,708,0,0,2,885,62,201,2,1086,California
Mono,2021-01-19,211,1498,209,788,2,710,0,0,173,1021,38,239,174,1260,California
Mono,2021-01-20,231,1729,199,987,32,742,0,0,170,1130,61,300,170,1430,California
Mono,2021-01-21,6,1735,3,990,3,745,0,0,6,1136,0,300,6,1436,California
Mono,2021-01-22,4,1739,0,990,4,749,0,0,4,1140,0,300,4,1440,California
Mono,2021-01-23,591,2330,591,1581,0,749,0,0,590,1729,1,301,590,2030,California
Mono,2021-01-24,1,2331,0,1581,1,750,0,0,0,1728,1,302,0,2030,California
Mono,2021-01-25,202,2533,164,1745,38,788,0,0,163,1852,39,341,163,2193,California
Mono,2021-01-26,505,3038,503,2248,2,790,0,0,499,2345,6,347,499,2692,California
Mono,2021-01-27,5,3043,1,2249,4,794,0,0,5,2350,0,347,5,2697,California
Mono,2021-01-28,6,3049,2,2251,4,798,0,0,2,2348,4,351,2,2699,California
Mono,2021-01-30,200,3249,198,2449,2,800,0,0,199,2546,1,352,199,2898,California
Mono,2021-01-31,246,3495,138,2587,108,908,0,0,139,2578,107,459,139,3037,California
Mono,2021-02-01,27,3522,27,2614,0,908,0,0,0,2551,27,486,0,3037,California
Mono,2021-02-02,5,3527,0,2614,5,913,0,0,2,2550,3,489,2,3039,California
Mono,2021-02-03,5,3532,2,2616,3,916,0,0,2,2549,3,492,2,3041,California
Mono,2021-02-04,212,3744,158,2774,54,970,0,0,91,2520,120,612,91,3132,California
Mono,2021-02-05,619,4363,613,3387,6,976,0,0,616,3133,3,615,616,3748,California
Mono,2021-02-06,138,4501,137,3524,1,977,0,0,137,3269,1,616,137,3885,California
Mono,2021-02-07,2,4503,0,3524,2,979,0,0,2,3271,0,616,2,3887,California
Mono,2021-02-08,173,4676,173,3697,0,979,0,0,15,3129,157,773,15,3902,California
Mono,2021-02-09,227,4903,6,3703,221,1200,0,0,14,2930,213,986,14,3916,California
Mono,2021-02-10,537,5440,187,3890,350,1550,0,0,193,2780,344,1330,194,4110,California
Mono,2021-02-11,8,5448,4,3894,4,1554,0,0,2,2776,6,1336,2,4112,California
Mono,2021-02-12,89,5537,21,3915,68,1622,0,0,27,2741,62,1398,27,4139,California
Mono,2021-02-13,584,6121,584,4499,0,1622,0,0,27,2212,556,1954,27,4166,California
Mono,2021-02-15,166,6287,164,4663,2,1624,0,0,3,2054,161,2115,3,4169,California
Mono,2021-02-16,518,6805,514,5177,4,1628,0,0,46,1631,469,2584,46,4215,California
Mono,2021-02-17,6,6811,2,5179,4,1632,0,0,2,1629,4,2588,2,4217,California
Mono,2021-02-18,6,6817,2,5181,4,1636,0,0,2,1627,4,2592,2,4219,California
Mono,2021-02-19,53,6870,52,5233,1,1637,0,0,53,1680,0,2592,53,4272,California
Mono,2021-02-20,5,6875,5,5238,0,1637,0,0,5,1685,0,2592,5,4277,California
Mono,2021-02-21,6,6881,6,5244,0,1637,0,0,4,1687,2,2594,4,4281,California
Mono,2021-02-22,283,7164,282,5526,1,1638,0,0,24,1453,258,2852,24,4305,California
Mono,2021-02-23,138,7302,118,5644,20,1658,0,0,22,1359,116,2968,22,4327,California
Mono,2021-02-24,11,7313,3,5647,8,1666,0,0,4,1356,7,2975,4,4331,California
Mono,2021-02-25,5,7318,2,5649,3,1669,0,0,3,1358,1,2976,3,4334,California
Mono,2021-02-26,599,7917,597,6246,2,1671,0,0,20,800,578,3554,20,4354,California
Mono,2021-02-27,141,8058,137,6383,4,1675,0,0,4,669,135,3689,4,4358,California
Mono,2021-03-01,2,8060,2,6385,0,1675,0,0,1,670,0,3689,1,4359,California
Mono,2021-03-02,8,8068,4,6389,4,1679,0,0,6,674,2,3691,6,4365,California
Mono,2021-03-03,113,8181,2,6391,111,1790,0,0,110,782,2,3693,110,4475,California
Mono,2021-03-04,6,8187,1,6392,5,1795,0,0,3,782,3,3696,3,4478,California
Mono,2021-03-05,38,8225,29,6421,9,1804,0,0,12,768,26,3722,12,4490,California
Mono,2021-03-06,513,8738,18,6439,495,2299,0,0,504,1266,7,3729,505,4995,California
Mono,2021-03-07,1,8739,0,6439,1,2300,0,0,0,1265,1,3730,0,4995,California
Mono,2021-03-08,544,9283,11,6450,530,2830,3,3,535,1794,9,3739,538,5533,California
Mono,2021-03-09,6,9289,2,6452,3,2833,1,4,3,1796,2,3741,4,5537,California
Mono,2021-03-10,285,9574,89,6541,193,3026,3,7,9,1535,273,4014,12,5549,California
Mono,2021-03-11,10,9584,0,6541,1,3027,9,16,0,1534,10,4024,9,5558,California
Mono,2021-03-12,7,9591,1,6542,1,3028,5,21,0,1532,7,4031,5,5563,California
Mono,2021-03-13,831,10422,394,6936,436,3464,1,22,821,2344,10,4041,822,6385,California
Mono,2021-03-14,5,10427,5,6941,0,3464,0,22,1,2341,4,4045,1,6386,California
Mono,2021-03-15,31,10458,23,6964,3,3467,5,27,14,2344,16,4061,19,6405,California
Mono,2021-03-16,17,10475,6,6970,5,3472,6,33,8,2349,9,4070,14,6419,California
Mono,2021-03-17,32,10507,4,6974,20,3492,8,41,20,2365,12,4082,28,6447,California
Mono,2021-03-18,21,10528,2,6976,11,3503,8,49,9,2370,12,4094,17,6464,California
Mono,2021-03-19,21,10549,1,6977,17,3520,3,52,17,2387,3,4097,20,6484,California
Mono,2021-03-20,5,10554,3,6980,1,3521,1,53,4,2391,1,4098,5,6489,California
Mono,2021-03-22,11,10565,0,6980,6,3527,5,58,5,2395,6,4104,10,6499,California
Mono,2021-03-23,43,10608,6,6986,32,3559,5,63,17,2391,26,4130,22,6521,California
Mono,2021-03-24,13,10621,1,6987,7,3566,5,68,5,2393,8,4138,10,6531,California
Mono,2021-03-25,18,10639,2,6989,12,3578,4,72,12,2403,6,4144,16,6547,California
Mono,2021-03-26,19,10658,3,6992,11,3589,5,77,10,2410,8,4152,15,6562,California
Mono,2021-03-27,359,11017,356,7348,3,3592,0,77,333,2717,26,4178,333,6895,California
Mono,2021-03-29,11,11028,3,7351,7,3599,1,78,9,2725,2,4180,10,6905,California
Mono,2021-03-30,14,11042,0,7351,10,3609,4,82,7,2729,7,4187,11,6916,California
Mono,2021-03-31,134,11176,8,7359,125,3734,1,83,22,2641,111,4298,23,6939,California
Mono,2021-04-01,9,11185,0,7359,8,3742,1,84,4,2641,5,4303,5,6944,California
Mono,2021-04-02,18,11203,2,7361,16,3758,0,84,8,2639,10,4313,8,6952,California
Mono,2021-04-03,879,12082,380,7741,499,4257,0,84,51,1864,826,5139,51,7003,California
Mono,2021-04-04,1,12083,1,7742,0,4257,0,84,0,1863,1,5140,0,7003,California
Mono,2021-04-05,541,12624,18,7760,522,4779,1,85,34,1392,506,5646,35,7038,California
Mono,2021-04-06,19,12643,1,7761,5,4784,13,98,1,1388,18,5664,14,7052,California
Mono,2021-04-07,24,12667,3,7764,2,4786,19,117,3,1389,21,5685,22,7074,California
Mono,2021-04-08,23,12690,4,7768,2,4788,17,134,5,1393,18,5703,22,7096,California
Mono,2021-04-09,37,12727,4,7772,4,4792,29,163,7,1399,30,5733,36,7132,California
Mono,2021-04-10,452,13179,2,7774,443,5235,7,170,30,1014,422,6155,37,7169,California
Mono,2021-04-12,6,13185,0,7774,3,5238,3,173,3,1017,3,6158,6,7175,California
Mono,2021-04-13,20,13205,2,7776,17,5255,1,174,14,1026,6,6164,15,7190,California
Mono,2021-04-14,25,13230,1,7777,24,5279,0,174,7,1015,18,6182,7,7197,California
Mono,2021-04-15,20,13250,5,7782,15,5294,0,174,11,1017,9,6191,11,7208,California
Mono,2021-04-16,17,13267,1,7783,16,5310,0,174,6,1012,11,6202,6,7214,California
Mono,2021-04-17,51,13318,2,7785,49,5359,0,174,44,1049,7,6209,44,7258,California
Mono,2021-04-18,1,13319,0,7785,1,5360,0,174,1,1050,0,6209,1,7259,California
Mono,2021-04-19,533,13852,324,8109,209,5569,0,174,202,923,329,6538,202,7461,California
Mono,2021-04-20,15,13867,2,8111,13,5582,0,174,10,928,5,6543,10,7471,California
Mono,2021-04-21,8,13875,1,8112,7,5589,0,174,2,924,6,6549,2,7473,California
Mono,2021-04-22,25,13900,11,8123,14,5603,0,174,11,921,14,6563,11,7484,California
Mono,2021-04-23,22,13922,2,8125,20,5623,0,174,12,923,10,6573,12,7496,California
Mono,2021-04-24,36,13958,22,8147,14,5637,0,174,21,929,15,6588,21,7517,California
Mono,2021-04-25,5,13963,4,8151,1,5638,0,174,5,934,0,6588,5,7522,California
Mono,2021-04-26,12,13975,1,8152,11,5649,0,174,3,928,9,6597,3,7525,California
Mono,2021-04-27,66,14041,40,8192,19,5668,7,181,50,969,16,6613,57,7582,California
Mono,2021-04-28,64,14105,41,8233,18,5686,5,186,48,1008,14,6627,53,7635,California
Mono,2021-04-29,10,14115,3,8236,4,5690,3,189,3,1007,7,6634,6,7641,California
Mono,2021-04-30,18,14133,3,8239,12,5702,3,192,8,1008,10,6644,11,7652,California
Mono,2021-05-01,108,14241,4,8243,104,5806,0,192,96,1092,12,6656,96,7748,California
Mono,2021-05-02,1,14242,1,8244,0,5806,0,192,1,1093,0,6656,1,7749,California
Mono,2021-05-03,1,14243,0,8244,1,5807,0,192,0,1092,1,6657,0,7749,California
Mono,2021-05-04,18,14261,0,8244,13,5820,5,197,10,1099,8,6665,15,7764,California
Mono,2021-05-05,52,14313,8,8252,40,5860,4,201,45,1141,7,6672,49,7813,California
Mono,2021-05-06,12,14325,2,8254,9,5869,1,202,8,1146,4,6676,9,7822,California
Mono,2021-05-07,29,14354,22,8276,7,5876,0,202,25,1167,4,6680,25,7847,California
Mono,2021-05-08,52,14406,7,8283,45,5921,0,202,22,1159,30,6710,22,7869,California
Mono,2021-05-09,1,14407,1,8284,0,5921,0,202,0,1159,0,6710,0,7869,California
Mono,2021-05-10,17,14424,1,8285,12,5933,4,206,9,1164,8,6718,13,7882,California
Mono,2021-05-11,16,14440,2,8287,11,5944,3,209,5,1161,11,6729,8,7890,California
Mono,2021-05-12,12,14452,0,8287,11,5955,1,210,4,1158,8,6737,5,7895,California
Mono,2021-05-13,44,14496,31,8318,13,5968,0,210,36,1186,8,6745,36,7931,California
Mono,2021-05-14,10,14506,1,8319,8,5976,1,211,5,1187,5,6750,6,7937,California
Mono,2021-05-15,70,14576,28,8347,35,6011,7,218,20,1164,50,6800,27,7964,California
Mono,2021-05-16,6,14582,5,8352,1,6012,0,218,3,1164,3,6803,3,7967,California
Mono,2021-05-17,248,14830,33,8385,208,6220,7,225,53,1031,194,6997,61,8028,California
Mono,2021-05-18,133,14963,109,8494,23,6243,1,226,87,1073,46,7043,88,8116,California
Mono,2021-05-19,118,15081,112,8606,1,6244,5,231,75,1110,43,7086,80,8196,California
Mono,2021-05-20,69,15150,54,8660,10,6254,5,236,52,1150,17,7103,57,8253,California
Mono,2021-05-21,24,15174,4,8664,17,6271,3,239,11,1151,13,7116,14,8267,California
Mono,2021-05-22,19,15193,10,8674,7,6278,2,241,13,1160,6,7122,15,8282,California
Mono,2021-05-23,2,15195,0,8674,2,6280,0,241,1,1160,1,7123,1,8283,California
Mono,2021-05-24,16,15211,2,8676,13,6293,1,242,9,1164,7,7130,11,8294,California
Mono,2021-05-25,14,15225,5,8681,9,6302,0,242,7,1164,7,7137,7,8301,California
Mono,2021-05-26,18,15243,2,8683,15,6317,1,243,7,1161,11,7148,8,8309,California
Mono,2021-05-27,9,15252,0,8683,9,6326,0,243,6,1165,2,7150,6,8315,California
Mono,2021-05-28,41,15293,28,8711,13,6339,0,243,10,1144,31,7181,10,8325,California
Mono,2021-05-29,128,15421,27,8738,98,6437,3,246,32,1083,96,7277,35,8360,California
Mono,2021-06-01,15,15436,7,8745,8,6445,0,246,8,1084,7,7284,8,8368,California
Mono,2021-06-02,48,15484,4,8749,44,6489,0,246,11,1058,37,7321,11,8379,California
Mono,2021-06-03,11,15495,1,8750,7,6496,3,249,1,1052,10,7331,4,8383,California
Mono,2021-06-04,12,15507,1,8751,10,6506,1,250,3,1047,9,7340,4,8387,California
Mono,2021-06-05,40,15547,22,8773,18,6524,0,250,4,1015,36,7376,4,8391,California
Mono,2021-06-06,1,15548,0,8773,1,6525,0,250,0,1014,1,7377,0,8391,California
Mono,2021-06-07,88,15636,82,8855,2,6527,4,254,11,952,77,7454,15,8406,California
Monterey,2020-12-16,5,5,5,5,0,0,0,0,5,5,0,0,5,5,California
Monterey,2020-12-17,87,92,87,92,0,0,0,0,87,92,0,0,87,92,California
Monterey,2020-12-18,491,583,491,583,0,0,0,0,491,583,0,0,491,583,California
Monterey,2020-12-19,583,1166,582,1165,1,1,0,0,582,1165,0,0,582,1165,California
Monterey,2020-12-20,421,1587,421,1586,0,1,0,0,421,1586,0,0,421,1586,California
Monterey,2020-12-21,725,2312,725,2311,0,1,0,0,725,2311,0,0,725,2311,California
Monterey,2020-12-22,540,2852,527,2838,13,14,0,0,540,2851,0,0,540,2851,California
Monterey,2020-12-23,443,3295,266,3104,177,191,0,0,443,3294,0,0,443,3294,California
Monterey,2020-12-24,84,3379,10,3114,74,265,0,0,84,3378,0,0,84,3378,California
Monterey,2020-12-25,6,3385,0,3114,6,271,0,0,6,3384,0,0,6,3384,California
Monterey,2020-12-26,92,3477,5,3119,87,358,0,0,92,3476,0,0,92,3476,California
Monterey,2020-12-27,6,3483,3,3122,3,361,0,0,6,3482,0,0,6,3482,California
Monterey,2020-12-28,483,3966,25,3147,458,819,0,0,483,3965,0,0,483,3965,California
Monterey,2020-12-29,904,4870,168,3315,736,1555,0,0,904,4869,0,0,904,4869,California
Monterey,2020-12-30,572,5442,100,3415,472,2027,0,0,572,5441,0,0,572,5441,California
Monterey,2020-12-31,33,5475,11,3426,22,2049,0,0,33,5474,0,0,33,5474,California
Monterey,2021-01-01,13,5488,3,3429,10,2059,0,0,13,5487,0,0,13,5487,California
Monterey,2021-01-02,138,5626,135,3564,3,2062,0,0,138,5625,0,0,138,5625,California
Monterey,2021-01-03,31,5657,30,3594,1,2063,0,0,31,5656,0,0,31,5656,California
Monterey,2021-01-04,414,6071,19,3613,395,2458,0,0,414,6070,0,0,414,6070,California
Monterey,2021-01-05,760,6831,331,3944,429,2887,0,0,746,6802,14,14,746,6816,California
Monterey,2021-01-06,665,7496,177,4121,488,3375,0,0,642,7421,23,37,642,7458,California
Monterey,2021-01-07,754,8250,575,4696,179,3554,0,0,428,7525,324,361,428,7886,California
Monterey,2021-01-08,1102,9352,743,5439,359,3913,0,0,399,7221,703,1064,399,8285,California
Monterey,2021-01-09,968,10320,936,6375,32,3945,0,0,315,6885,651,1715,315,8600,California
Monterey,2021-01-10,275,10595,272,6647,3,3948,0,0,9,6628,266,1981,9,8609,California
Monterey,2021-01-11,1076,11671,991,7638,85,4033,0,0,368,6288,708,2689,368,8977,California
Monterey,2021-01-12,476,12147,394,8032,82,4115,0,0,214,6240,262,2951,214,9191,California
Monterey,2021-01-13,1221,13368,594,8626,627,4742,0,0,1175,7369,46,2997,1175,10366,California
Monterey,2021-01-14,1131,14499,169,8795,962,5704,0,0,1112,8466,19,3016,1116,11482,California
Monterey,2021-01-15,1064,15563,46,8841,1018,6722,0,0,1051,9504,13,3029,1051,12533,California
Monterey,2021-01-16,366,15929,301,9142,65,6787,0,0,361,9860,5,3034,361,12894,California
Monterey,2021-01-17,312,16241,292,9434,20,6807,0,0,300,10148,12,3046,300,13194,California
Monterey,2021-01-18,410,16651,49,9483,361,7168,0,0,388,10514,22,3068,388,13582,California
Monterey,2021-01-19,585,17236,397,9880,188,7356,0,0,425,10781,158,3226,425,14007,California
Monterey,2021-01-20,547,17783,270,10150,277,7633,0,0,339,10912,208,3434,339,14346,California
Monterey,2021-01-21,868,18651,94,10244,774,8407,0,0,756,11560,112,3546,760,15106,California
Monterey,2021-01-22,1066,19717,197,10441,869,9276,0,0,1027,12548,39,3585,1027,16133,California
Monterey,2021-01-23,246,19963,177,10618,69,9345,0,0,121,12547,124,3709,123,16256,California
Monterey,2021-01-24,57,20020,38,10656,19,9364,0,0,23,12536,34,3743,23,16279,California
Monterey,2021-01-25,822,20842,180,10836,642,10006,0,0,188,12097,627,4370,188,16467,California
Monterey,2021-01-26,968,21810,230,11066,738,10744,0,0,266,11661,702,5072,266,16733,California
Monterey,2021-01-27,893,22703,319,11385,574,11318,0,0,410,11588,483,5555,410,17143,California
Monterey,2021-01-28,2045,24748,743,12128,1302,12620,0,0,1703,12951,342,5897,1705,18848,California
Monterey,2021-01-29,1289,26037,713,12841,576,13196,0,0,1171,14006,117,6014,1172,20020,California
Monterey,2021-01-30,477,26514,297,13138,180,13376,0,0,220,13969,257,6271,220,20240,California
Monterey,2021-01-31,501,27015,76,13214,425,13801,0,0,490,14449,11,6282,491,20731,California
Monterey,2021-02-01,1668,28683,1155,14369,513,14314,0,0,1099,14980,568,6850,1099,21830,California
Monterey,2021-02-02,2183,30866,463,14832,1720,16034,0,0,1573,15944,609,7459,1573,23403,California
Monterey,2021-02-03,2361,33227,1068,15900,1293,17327,0,0,1579,16745,778,8237,1579,24982,California
Monterey,2021-02-04,2812,36039,2094,17994,718,18045,0,0,2498,18932,311,8548,2498,27480,California
Monterey,2021-02-05,3702,39741,2852,20846,850,18895,0,0,3260,21755,437,8985,3260,30740,California
Monterey,2021-02-06,1126,40867,380,21226,746,19641,0,0,778,22187,346,9331,778,31518,California
Monterey,2021-02-07,322,41189,270,21496,52,19693,0,0,104,22073,218,9549,104,31622,California
Monterey,2021-02-08,529,41718,292,21788,237,19930,0,0,434,22412,95,9644,434,32056,California
Monterey,2021-02-09,897,42615,692,22480,205,20135,0,0,582,22681,315,9959,584,32640,California
Monterey,2021-02-10,2121,44736,1113,23593,1008,21143,0,0,1267,23096,854,10813,1269,33909,California
Monterey,2021-02-11,2519,47255,973,24566,1546,22689,0,0,1553,23687,964,11777,1555,35464,California
Monterey,2021-02-12,2621,49876,435,25001,2186,24875,0,0,1538,24144,1082,12859,1539,37003,California
Monterey,2021-02-13,1090,50966,47,25048,1043,25918,0,0,1000,25055,89,12948,1000,38003,California
Monterey,2021-02-14,611,51577,74,25122,537,26455,0,0,538,25520,73,13021,538,38541,California
Monterey,2021-02-15,1390,52967,165,25287,1225,27680,0,0,993,26119,395,13416,994,39535,California
Monterey,2021-02-16,1104,54071,245,25532,859,28539,0,0,876,26767,228,13644,876,40411,California
Monterey,2021-02-17,1979,56050,1175,26707,804,29343,0,0,1660,28113,316,13960,1662,42073,California
Monterey,2021-02-18,2265,58315,1183,27890,1082,30425,0,0,918,27700,1333,15293,920,42993,California
Monterey,2021-02-19,2968,61283,1543,29433,1425,31850,0,0,1363,27460,1604,16897,1364,44357,California
Monterey,2021-02-20,1054,62337,643,30076,411,32261,0,0,992,28391,61,16958,992,45349,California
Monterey,2021-02-21,1261,63598,1230,31306,31,32292,0,0,1188,29508,71,17029,1188,46537,California
Monterey,2021-02-22,1031,64629,875,32181,156,32448,0,0,657,29793,372,17401,657,47194,California
Monterey,2021-02-23,988,65617,625,32806,363,32811,0,0,308,29423,679,18080,309,47503,California
Monterey,2021-02-24,2522,68139,1346,34152,1176,33987,0,0,1866,30639,651,18731,1867,49370,California
Monterey,2021-02-25,4463,72602,2444,36596,2019,36006,0,0,1506,29196,2950,21681,1507,50877,California
Monterey,2021-02-26,5323,77925,3099,39695,2224,38230,0,0,2642,29161,2678,24359,2643,53520,California
Monterey,2021-02-27,1047,78972,190,39885,857,39087,0,0,822,29763,220,24579,822,54342,California
Monterey,2021-02-28,1552,80524,87,39972,1465,40552,0,0,1084,30384,463,25042,1084,55426,California
Monterey,2021-03-01,1310,81834,157,40129,1150,41702,3,3,760,30603,545,25587,764,56190,California
Monterey,2021-03-02,2822,84656,1743,41872,1079,42781,0,3,1948,31681,870,26457,1948,58138,California
Monterey,2021-03-03,3237,87893,1250,43122,1987,44768,0,3,1292,31032,1942,28399,1293,59431,California
Monterey,2021-03-04,4636,92529,1487,44609,3149,47917,0,3,3000,32401,1631,30030,3000,62431,California
Monterey,2021-03-05,3697,96226,1628,46237,1791,49708,278,281,3021,35025,675,30705,3299,65730,California
Monterey,2021-03-06,5164,101390,1127,47364,3728,53436,309,590,4234,38639,927,31632,4541,70271,California
Monterey,2021-03-07,528,101918,106,47470,172,53608,250,840,231,38821,297,31929,479,70750,California
Monterey,2021-03-08,1671,103589,329,47799,954,54562,388,1228,1120,39776,551,32480,1506,72256,California
Monterey,2021-03-09,2010,105599,696,48495,1040,55602,274,1502,1506,41051,503,32983,1778,74034,California
Monterey,2021-03-10,3240,108839,1045,49540,1706,57308,489,1991,1491,41286,1745,34728,1980,76014,California
Monterey,2021-03-11,4195,113034,1420,50960,2400,59708,375,2366,2412,42297,1776,36504,2787,78801,California
Monterey,2021-03-12,4462,117496,2058,53018,2257,61965,147,2513,2752,43488,1707,38211,2898,81699,California
Monterey,2021-03-13,5351,122847,989,54007,4014,65979,348,2861,4002,46490,1348,39559,4350,86049,California
Monterey,2021-03-14,2178,125025,1346,55353,807,66786,25,2886,585,45517,1583,41142,610,86659,California
Monterey,2021-03-15,3987,129012,1276,56629,2421,69207,290,3176,2282,46387,1701,42843,2571,89230,California
Monterey,2021-03-16,3551,132563,585,57214,2589,71796,377,3553,2123,47457,1426,44269,2496,91726,California
Monterey,2021-03-17,5893,138456,2395,59609,3241,75037,257,3810,4271,50375,1615,45884,4533,96259,California
Monterey,2021-03-18,4509,142965,2194,61803,2144,77181,171,3981,3130,52339,1374,47258,3338,99597,California
Monterey,2021-03-19,5525,148490,2573,64376,2802,79983,150,4131,4226,55422,1294,48552,4377,103974,California
Monterey,2021-03-20,3373,151863,426,64802,2253,82236,694,4825,2281,57309,1088,49640,2975,106949,California
Monterey,2021-03-21,639,152502,207,65009,423,82659,9,4834,568,57816,69,49709,576,107525,California
Monterey,2021-03-22,2501,155003,1445,66454,993,83652,63,4897,2281,59942,216,49925,2342,109867,California
Monterey,2021-03-23,4059,159062,2383,68837,1633,85285,43,4940,2579,61090,1474,51399,2622,112489,California
Monterey,2021-03-24,5177,164239,2167,71004,2695,87980,315,5255,3804,63836,1370,52769,4116,116605,California
Monterey,2021-03-25,5353,169592,1240,72244,3754,91734,359,5614,2692,64235,2653,55422,3052,119657,California
Monterey,2021-03-26,5497,175089,2647,74891,2773,94507,77,5691,2827,64482,2659,58081,2906,122563,California
Monterey,2021-03-27,4943,180032,1514,76405,3172,97679,257,5948,3150,66101,1790,59871,3409,125972,California
Monterey,2021-03-28,1128,181160,350,76755,769,98448,9,5957,633,66253,490,60361,642,126614,California
Monterey,2021-03-29,3254,184414,1435,78190,1805,100253,14,5971,2023,67072,1223,61584,2042,128656,California
Monterey,2021-03-30,4560,188974,2148,80338,2359,102612,53,6024,2805,68188,1745,63329,2861,131517,California
Monterey,2021-03-31,5492,194466,2457,82795,2236,104848,799,6823,3487,70463,2002,65331,4277,135794,California
Monterey,2021-04-01,6228,200694,2092,84887,3724,108572,412,7235,3146,70949,3067,68398,3553,139347,California
Monterey,2021-04-02,4776,205470,2226,87113,2481,111053,69,7304,3205,72659,1568,69966,3278,142625,California
Monterey,2021-04-03,5976,211446,1131,88244,3796,114849,1049,8353,1242,70218,4725,74691,2284,144909,California
Monterey,2021-04-04,778,212224,166,88410,599,115448,13,8366,501,70458,277,74968,517,145426,California
Monterey,2021-04-05,4027,216251,2485,90895,1309,116757,233,8599,1497,69661,2525,77493,1728,147154,California
Monterey,2021-04-06,3476,219727,1361,92256,1638,118395,477,9076,1191,69045,2282,79775,1666,148820,California
Monterey,2021-04-07,5692,225419,1404,93660,3770,122165,518,9594,2719,69315,2962,82737,3232,152052,California
Monterey,2021-04-08,6774,232193,3559,97219,2398,124563,817,10411,3350,70068,3419,86156,4172,156224,California
Monterey,2021-04-09,5808,238001,3459,100678,1706,126269,643,11054,2315,69534,3490,89646,2956,159180,California
Monterey,2021-04-10,10296,248297,4989,105667,3120,129389,2187,13241,5020,71476,5264,94910,7206,166386,California
Monterey,2021-04-11,5551,253848,4366,110033,575,129964,610,13851,4495,75526,1050,95960,5100,171486,California
Monterey,2021-04-12,4174,258022,1891,111924,1957,131921,326,14177,962,73749,3073,99033,1296,172782,California
Monterey,2021-04-13,3244,261266,748,112672,2491,134412,5,14182,1563,73660,1662,100695,1573,174355,California
Monterey,2021-04-14,6853,268119,3189,115861,3661,138073,3,14185,1858,70558,4976,105671,1874,176229,California
Monterey,2021-04-15,5895,274014,3889,119750,2006,140079,0,14185,3846,72386,2020,107691,3848,180077,California
Monterey,2021-04-16,4920,278934,2488,122238,2421,142500,11,14196,2281,72052,2627,110318,2293,182370,California
Monterey,2021-04-17,5794,284728,1367,123605,4427,146927,0,14196,3741,73754,2039,112357,3741,186111,California
Monterey,2021-04-18,854,285582,263,123868,591,147518,0,14196,241,73386,609,112966,241,186352,California
Monterey,2021-04-19,3751,289333,1299,125167,2452,149970,0,14196,1779,73201,1964,114930,1779,188131,California
Monterey,2021-04-20,3880,293213,1603,126770,2277,152247,0,14196,1589,72524,2267,117197,1590,189721,California
Monterey,2021-04-21,6004,299217,3233,130003,2771,155018,0,14196,2893,72345,3074,120271,2895,192616,California
Monterey,2021-04-22,4878,304095,1058,131061,3820,158838,0,14196,2008,71525,2828,123099,2008,194624,California
Monterey,2021-04-23,5679,309774,2650,133711,3028,161866,1,14197,2244,70358,3417,126516,2250,196874,California
Monterey,2021-04-24,4327,314101,593,134304,3734,165600,0,14197,1563,69176,2745,129261,1563,198437,California
Monterey,2021-04-25,1248,315349,618,134922,630,166230,0,14197,797,69532,441,129702,797,199234,California
Monterey,2021-04-26,3697,319046,2212,137134,1468,167698,17,14214,968,67813,2704,132406,985,200219,California
Monterey,2021-04-27,2758,321804,924,138058,1708,169406,126,14340,1200,67584,1554,133960,1325,201544,California
Monterey,2021-04-28,3666,325470,1397,139455,2116,171522,153,14493,2270,68619,1383,135343,2418,203962,California
Monterey,2021-04-29,4568,330038,2461,141916,2032,173554,75,14568,1673,67485,2883,138226,1749,205711,California
Monterey,2021-04-30,3217,333255,1664,143580,1478,175032,75,14643,810,65971,2397,140623,883,206594,California
Monterey,2021-05-01,5653,338908,4260,147840,1352,176384,41,14684,684,61745,4949,145572,723,207317,California
Monterey,2021-05-02,4378,343286,3948,151788,403,176787,27,14711,315,58038,4049,149621,342,207659,California
Monterey,2021-05-03,2556,345842,1572,153360,867,177654,117,14828,597,56803,1949,151570,714,208373,California
Monterey,2021-05-04,1815,347657,624,153984,1101,178755,90,14918,647,56387,1154,152724,738,209111,California
Monterey,2021-05-05,3363,351020,1225,155209,2052,180807,86,15004,1065,55252,2287,155011,1152,210263,California
Monterey,2021-05-06,4203,355223,2762,157971,1221,182028,220,15224,1132,53547,3057,158068,1352,211615,California
Monterey,2021-05-07,2012,357235,990,158961,922,182950,100,15324,701,53044,1303,159371,800,212415,California
Monterey,2021-05-08,2614,359849,1379,160340,911,183861,324,15648,940,52640,1663,161034,1259,213674,California
Monterey,2021-05-09,405,360254,120,160460,259,184120,26,15674,146,52554,258,161292,172,213846,California
Monterey,2021-05-10,2610,362864,1869,162329,692,184812,49,15723,334,50673,2265,163557,384,214230,California
Monterey,2021-05-11,1790,364654,925,163254,800,185612,65,15788,741,50444,1036,164593,807,215037,California
Monterey,2021-05-12,3735,368389,1981,165235,1678,187290,76,15864,794,48387,2928,167521,871,215908,California
Monterey,2021-05-13,2311,370700,1318,166553,937,188227,56,15920,1273,48686,1028,168549,1327,217235,California
Monterey,2021-05-14,1780,372480,511,167064,1192,189419,77,15997,706,48403,1065,169614,782,218017,California
Monterey,2021-05-15,3042,375522,534,167598,2266,191685,242,16239,659,46930,2372,171986,899,218916,California
Monterey,2021-05-16,900,376422,546,168144,282,191967,72,16311,232,46571,662,172648,303,219219,California
Monterey,2021-05-17,2204,378626,1299,169443,826,192793,79,16390,1036,46530,1156,173804,1115,220334,California
Monterey,2021-05-18,1756,380382,684,170127,1027,193820,45,16435,811,46453,936,174740,859,221193,California
Monterey,2021-05-19,3637,384019,2362,172489,1185,195005,90,16525,1949,46813,1681,176421,2041,223234,California
Monterey,2021-05-20,2363,386382,848,173337,1406,196411,109,16634,764,46102,1586,178007,875,224109,California
Monterey,2021-05-21,2849,389231,1211,174548,1541,197952,97,16731,876,45112,1962,179969,972,225081,California
Monterey,2021-05-22,1726,390957,622,175170,823,198775,281,17012,648,44966,1073,181042,927,226008,California
Monterey,2021-05-23,553,391510,415,175585,122,198897,16,17028,390,45214,158,181200,406,226414,California
Monterey,2021-05-24,1679,393189,502,176087,1117,200014,60,17088,560,44720,1115,182315,621,227035,California
Monterey,2021-05-25,1437,394626,543,176630,825,200839,69,17157,582,44531,840,183155,651,227686,California
Monterey,2021-05-26,2627,397253,1037,177667,1536,202375,54,17211,1017,44011,1593,184748,1073,228759,California
Monterey,2021-05-27,2482,399735,1352,179019,1074,203449,56,17267,901,43405,1564,186312,958,229717,California
Monterey,2021-05-28,1735,401470,574,179593,1104,204553,57,17324,760,43260,963,187275,818,230535,California
Monterey,2021-05-29,977,402447,628,180221,319,204872,30,17354,413,43143,560,187835,443,230978,California
Monterey,2021-05-30,379,402826,161,180382,203,205075,15,17369,148,43076,230,188065,163,231141,California
Monterey,2021-05-31,184,403010,32,180414,143,205218,9,17378,54,43009,130,188195,63,231204,California
Monterey,2021-06-01,1718,404728,927,181341,659,205877,132,17510,710,42855,992,189187,838,232042,California
Monterey,2021-06-02,1672,406400,970,182311,652,206529,50,17560,719,42675,949,190136,769,232811,California
Monterey,2021-06-03,2018,408418,1220,183531,763,207292,35,17595,606,41912,1403,191539,640,233451,California
Monterey,2021-06-04,1322,409740,688,184219,603,207895,31,17626,564,41758,749,192288,595,234046,California
Monterey,2021-06-05,1400,411140,577,184796,680,208575,143,17769,469,41444,926,193214,612,234658,California
Monterey,2021-06-06,470,411610,390,185186,71,208646,9,17778,283,41549,186,193400,291,234949,California
Monterey,2021-06-07,338,411948,133,185319,182,208828,23,17801,154,41547,178,193578,176,235125,California
Napa,2020-12-16,12,12,12,12,0,0,0,0,12,12,0,0,12,12,California
Napa,2020-12-17,47,59,47,59,0,0,0,0,47,59,0,0,47,59,California
Napa,2020-12-18,107,166,107,166,0,0,0,0,107,166,0,0,107,166,California
Napa,2020-12-19,221,387,221,387,0,0,0,0,221,387,0,0,221,387,California
Napa,2020-12-20,191,578,191,578,0,0,0,0,191,578,0,0,191,578,California
Napa,2020-12-21,314,892,314,892,0,0,0,0,315,893,0,0,315,893,California
Napa,2020-12-22,342,1234,333,1225,9,9,0,0,342,1235,0,0,342,1235,California
Napa,2020-12-23,436,1670,324,1549,112,121,0,0,436,1671,0,0,436,1671,California
Napa,2020-12-24,139,1809,77,1626,62,183,0,0,139,1810,0,0,139,1810,California
Napa,2020-12-25,1,1810,1,1627,0,183,0,0,1,1811,0,0,1,1811,California
Napa,2020-12-26,40,1850,11,1638,29,212,0,0,40,1851,0,0,40,1851,California
Napa,2020-12-27,32,1882,16,1654,16,228,0,0,32,1883,0,0,32,1883,California
Napa,2020-12-28,252,2134,185,1839,67,295,0,0,281,2164,0,0,281,2164,California
Napa,2020-12-29,272,2406,216,2055,56,351,0,0,305,2469,0,0,305,2469,California
Napa,2020-12-30,635,3041,489,2544,146,497,0,0,643,3112,0,0,643,3112,California
Napa,2020-12-31,460,3501,372,2916,88,585,0,0,460,3572,0,0,460,3572,California
Napa,2021-01-01,1,3502,1,2917,0,585,0,0,1,3573,0,0,1,3573,California
Napa,2021-01-02,98,3600,93,3010,5,590,0,0,98,3671,0,0,98,3671,California
Napa,2021-01-03,14,3614,12,3022,2,592,0,0,9,3680,0,0,9,3680,California
Napa,2021-01-04,105,3719,63,3085,42,634,0,0,105,3785,0,0,105,3785,California
Napa,2021-01-05,161,3880,85,3170,76,710,0,0,145,3906,24,24,145,3930,California
Napa,2021-01-06,463,4343,114,3284,349,1059,0,0,398,4241,63,87,398,4328,California
Napa,2021-01-07,499,4842,235,3519,264,1323,0,0,397,4537,101,188,397,4725,California
Napa,2021-01-08,448,5290,232,3751,216,1539,0,0,260,4610,187,375,260,4985,California
Napa,2021-01-09,328,5618,302,4053,26,1565,0,0,191,4664,137,512,191,5176,California
Napa,2021-01-10,185,5803,102,4155,83,1648,0,0,108,4695,77,589,108,5284,California
Napa,2021-01-11,880,6683,426,4581,454,2102,0,0,507,4830,374,963,509,5793,California
Napa,2021-01-12,1323,8006,377,4958,946,3048,0,0,1003,5513,320,1283,1003,6796,California
Napa,2021-01-13,1317,9323,268,5226,1049,4097,0,0,1153,6504,163,1446,1154,7950,California
Napa,2021-01-14,1052,10375,169,5395,883,4980,0,0,935,7324,115,1561,935,8885,California
Napa,2021-01-15,1465,11840,387,5782,1078,6058,0,0,1316,8484,157,1718,1317,10202,California
Napa,2021-01-16,355,12195,131,5913,224,6282,0,0,338,8805,17,1735,338,10540,California
Napa,2021-01-17,340,12535,176,6089,164,6446,0,0,330,9125,10,1745,330,10870,California
Napa,2021-01-18,1079,13614,197,6286,882,7328,0,0,988,10022,91,1836,988,11858,California
Napa,2021-01-19,1013,14627,410,6696,603,7931,0,0,766,10542,246,2082,766,12624,California
Napa,2021-01-20,832,15459,188,6884,644,8575,0,0,644,11000,186,2268,644,13268,California
Napa,2021-01-21,1327,16786,367,7251,960,9535,0,0,1073,11821,253,2521,1074,14342,California
Napa,2021-01-22,1547,18333,417,7668,1130,10665,0,0,1218,12712,328,2849,1219,15561,California
Napa,2021-01-23,398,18731,319,7987,79,10744,0,0,336,12986,62,2911,336,15897,California
Napa,2021-01-24,264,18995,186,8173,78,10822,0,0,206,13134,58,2969,206,16103,California
Napa,2021-01-25,1523,20518,229,8402,1294,12116,0,0,1434,14479,89,3058,1434,17537,California
Napa,2021-01-26,880,21398,285,8687,595,12711,0,0,787,15174,93,3151,788,18325,California
Napa,2021-01-27,628,22026,222,8909,406,13117,0,0,467,15480,162,3313,468,18793,California
Napa,2021-01-28,386,22412,176,9085,210,13327,0,0,195,15486,189,3502,195,18988,California
Napa,2021-01-29,260,22672,65,9150,195,13522,0,0,163,15552,97,3599,163,19151,California
Napa,2021-01-30,815,23487,703,9853,112,13634,0,0,646,16029,169,3768,646,19797,California
Napa,2021-01-31,692,24179,660,10513,32,13666,0,0,668,16673,24,3792,668,20465,California
Napa,2021-02-01,324,24503,114,10627,210,13876,0,0,165,16679,159,3951,165,20630,California
Napa,2021-02-02,612,25115,281,10908,331,14207,0,0,299,16668,310,4261,299,20929,California
Napa,2021-02-03,750,25865,311,11219,439,14646,0,0,432,16783,317,4578,432,21361,California
Napa,2021-02-04,783,26648,368,11587,415,15061,0,0,435,16872,346,4924,435,21796,California
Napa,2021-02-05,713,27361,311,11898,402,15463,0,0,341,16841,372,5296,341,22137,California
Napa,2021-02-06,437,27798,143,12041,294,15757,0,0,332,17068,105,5401,332,22469,California
Napa,2021-02-07,176,27974,163,12204,13,15770,0,0,69,17030,107,5508,69,22538,California
Napa,2021-02-08,834,28808,191,12395,643,16413,0,0,274,16746,558,6066,274,22812,California
Napa,2021-02-09,1085,29893,449,12844,636,17049,0,0,440,16542,644,6710,440,23252,California
Napa,2021-02-10,1726,31619,190,13034,1536,18585,0,0,451,15722,1272,7982,452,23704,California
Napa,2021-02-11,1490,33109,187,13221,1303,19888,0,0,402,15049,1075,9057,402,24106,California
Napa,2021-02-12,2157,35266,837,14058,1320,21208,0,0,718,14332,1435,10492,718,24824,California
Napa,2021-02-13,507,35773,54,14112,453,21661,0,0,320,14465,187,10679,320,25144,California
Napa,2021-02-14,344,36117,77,14189,267,21928,0,0,182,14485,162,10841,182,25326,California
Napa,2021-02-15,876,36993,182,14371,694,22622,0,0,224,14059,650,11491,224,25550,California
Napa,2021-02-16,1293,38286,599,14970,694,23316,0,0,618,14004,673,12164,618,26168,California
Napa,2021-02-17,1049,39335,529,15499,520,23836,0,0,478,13914,569,12733,479,26647,California
Napa,2021-02-18,1901,41236,481,15980,1420,25256,0,0,659,13334,1239,13972,659,27306,California
Napa,2021-02-19,1492,42728,585,16565,907,26163,0,0,679,13201,812,14784,679,27985,California
Napa,2021-02-20,865,43593,633,17198,232,26395,0,0,280,12896,585,15369,280,28265,California
Napa,2021-02-21,886,44479,817,18015,69,26464,0,0,191,12392,695,16064,191,28456,California
Napa,2021-02-22,477,44956,198,18213,279,26743,0,0,147,12209,330,16394,147,28603,California
Napa,2021-02-23,1154,46110,308,18521,846,27589,0,0,326,11707,828,17222,326,28929,California
Napa,2021-02-24,1172,47282,648,19169,524,28113,0,0,581,11699,589,17811,581,29510,California
Napa,2021-02-25,2587,49869,1247,20416,1340,29453,0,0,1875,12863,711,18522,1875,31385,California
Napa,2021-02-26,1550,51419,545,20961,1005,30458,0,0,615,12545,933,19455,615,32000,California
Napa,2021-02-27,1170,52589,426,21387,744,31202,0,0,912,13201,256,19711,912,32912,California
Napa,2021-02-28,725,53314,606,21993,119,31321,0,0,608,13694,115,19826,608,33520,California
Napa,2021-03-01,1172,54486,878,22871,294,31615,0,0,896,14315,275,20101,896,34416,California
Napa,2021-03-02,1511,55997,1052,23923,459,32074,0,0,1167,15139,343,20444,1167,35583,California
Napa,2021-03-03,1563,57560,689,24612,874,32948,0,0,1375,16327,187,20631,1375,36958,California
Napa,2021-03-04,1716,59276,788,25400,928,33876,0,0,1478,17570,235,20866,1478,38436,California
Napa,2021-03-05,1904,61180,785,26185,1115,34991,4,4,1489,18650,413,21279,1493,39929,California
Napa,2021-03-06,660,61840,290,26475,339,35330,31,35,548,19119,110,21389,579,40508,California
Napa,2021-03-07,522,62362,311,26786,196,35526,15,50,384,19381,137,21526,399,40907,California
Napa,2021-03-08,714,63076,335,27121,325,35851,54,104,538,19799,174,21700,592,41499,California
Napa,2021-03-09,1687,64763,611,27732,1030,36881,46,150,1249,20659,435,22135,1295,42794,California
Napa,2021-03-10,1501,66264,923,28655,484,37365,94,244,800,20853,697,22832,891,43685,California
Napa,2021-03-11,1888,68152,1064,29719,694,38059,130,374,994,21082,894,23726,1123,44808,California
Napa,2021-03-12,1507,69659,918,30637,497,38556,92,466,805,21279,700,24426,897,45705,California
Napa,2021-03-13,1182,70841,311,30948,846,39402,25,491,835,21794,345,24771,860,46565,California
Napa,2021-03-14,619,71460,334,31282,134,39536,151,642,209,21744,409,25180,359,46924,California
Napa,2021-03-15,956,72416,410,31692,476,40012,70,712,477,21814,477,25657,547,47471,California
Napa,2021-03-16,1848,74264,389,32081,1331,41343,128,840,1372,22842,473,26130,1501,48972,California
Napa,2021-03-17,2508,76772,1845,33926,484,41827,179,1019,1591,23696,916,27046,1770,50742,California
Napa,2021-03-18,2132,78904,943,34869,1176,43003,13,1032,1276,24132,853,27899,1289,52031,California
Napa,2021-03-19,1454,80358,880,35749,547,43550,27,1059,699,24106,752,28651,726,52757,California
Napa,2021-03-20,1011,81369,533,36282,324,43874,154,1213,382,24014,628,29279,536,53293,California
Napa,2021-03-21,710,82079,687,36969,20,43894,3,1216,217,23742,492,29771,220,53513,California
Napa,2021-03-22,1302,83381,1121,38090,169,44063,12,1228,440,23337,857,30628,452,53965,California
Napa,2021-03-23,1883,85264,1188,39278,678,44741,17,1245,996,23467,883,31511,1013,54978,California
Napa,2021-03-24,1704,86968,942,40220,754,45495,8,1253,811,23394,892,32403,819,55797,California
Napa,2021-03-25,1926,88894,1051,41271,821,46316,54,1307,762,23052,1158,33561,816,56613,California
Napa,2021-03-26,1312,90206,840,42111,466,46782,6,1313,589,22929,718,34279,595,57208,California
Napa,2021-03-27,938,91144,437,42548,474,47256,27,1340,296,22610,642,34921,323,57531,California
Napa,2021-03-28,490,91634,381,42929,102,47358,7,1347,178,22485,310,35231,185,57716,California
Napa,2021-03-29,1204,92838,875,43804,324,47682,5,1352,728,22743,475,35706,733,58449,California
Napa,2021-03-30,2743,95581,933,44737,1806,49488,4,1356,1919,23842,824,36530,1923,60372,California
Napa,2021-03-31,1985,97566,969,45706,947,50435,69,1425,812,23551,1170,37700,879,61251,California
Napa,2021-04-01,1758,99324,844,46550,798,51233,116,1541,485,22885,1266,38966,600,61851,California
Napa,2021-04-02,1867,101191,837,47387,888,52121,142,1683,476,22114,1388,40354,617,62468,California
Napa,2021-04-03,635,101826,371,47758,207,52328,57,1740,210,21956,424,40778,266,62734,California
Napa,2021-04-04,355,102181,142,47900,155,52483,58,1798,121,21902,233,41011,179,62913,California
Napa,2021-04-05,1271,103452,757,48657,296,52779,218,2016,570,21991,699,41710,788,63701,California
Napa,2021-04-06,2249,105701,560,49217,1428,54207,261,2277,520,21045,1726,43436,780,64481,California
Napa,2021-04-07,1749,107450,712,49929,817,55024,220,2497,526,20573,1217,44653,745,65226,California
Napa,2021-04-08,1866,109316,1065,50994,424,55448,377,2874,958,21004,903,45556,1334,66560,California
Napa,2021-04-09,1555,110871,934,51928,318,55766,303,3177,682,21117,871,46427,984,67544,California
Napa,2021-04-10,1041,111912,345,52273,595,56361,101,3278,241,20659,799,47226,341,67885,California
Napa,2021-04-11,386,112298,301,52574,62,56423,23,3301,159,20614,227,47453,182,68067,California
Napa,2021-04-12,791,113089,301,52875,365,56788,125,3426,291,20529,497,47950,412,68479,California
Napa,2021-04-13,2554,115643,855,53730,1699,58487,0,3426,931,19844,1618,49568,933,69412,California
Napa,2021-04-14,2082,117725,981,54711,1101,59588,0,3426,1010,19791,1064,50632,1011,70423,California
Napa,2021-04-15,2042,119767,524,55235,1518,61106,0,3426,870,19495,1166,51798,870,71293,California
Napa,2021-04-16,2921,122688,1594,56829,1327,62433,0,3426,2203,20982,716,52514,2203,73496,California
Napa,2021-04-17,1128,123816,270,57099,858,63291,0,3426,831,21517,296,52810,831,74327,California
Napa,2021-04-18,267,124083,173,57272,94,63385,0,3426,119,21488,148,52958,119,74446,California
Napa,2021-04-19,609,124692,337,57609,272,63657,0,3426,263,21406,345,53303,263,74709,California
Napa,2021-04-20,3046,127738,2070,59679,976,64633,0,3426,2094,22551,950,54253,2095,76804,California
Napa,2021-04-21,2935,130673,2169,61848,766,65399,0,3426,1866,23355,1063,55316,1867,78671,California
Napa,2021-04-22,1727,132400,1206,63054,521,65920,0,3426,837,23307,885,56201,837,79508,California
Napa,2021-04-23,1632,134032,1254,64308,376,66296,2,3428,1155,23989,473,56674,1155,80663,California
Napa,2021-04-24,559,134591,317,64625,242,66538,0,3428,283,23999,273,56947,283,80946,California
Napa,2021-04-25,247,134838,189,64814,58,66596,0,3428,129,24011,117,57064,129,81075,California
Napa,2021-04-26,531,135369,278,65092,253,66849,0,3428,272,24029,254,57318,272,81347,California
Napa,2021-04-27,1760,137129,447,65539,1301,68150,12,3440,601,23487,1155,58473,613,81960,California
Napa,2021-04-28,1008,138137,460,65999,531,68681,17,3457,341,23180,665,59138,358,82318,California
Napa,2021-04-29,707,138844,349,66348,339,69020,19,3476,250,22998,450,59588,268,82586,California
Napa,2021-04-30,607,139451,305,66653,237,69257,65,3541,249,22954,357,59945,313,82899,California
Napa,2021-05-01,321,139772,265,66918,45,69302,11,3552,120,22884,201,60146,131,83030,California
Napa,2021-05-02,240,140012,195,67113,39,69341,6,3558,100,22851,139,60285,106,83136,California
Napa,2021-05-03,621,140633,497,67610,89,69430,35,3593,103,22477,513,60798,139,83275,California
Napa,2021-05-04,1131,141764,718,68328,302,69732,111,3704,298,22057,829,61627,409,83684,California
Napa,2021-05-05,1013,142777,683,69011,294,70026,36,3740,253,21589,757,62384,289,83973,California
Napa,2021-05-06,713,143490,318,69329,372,70398,23,3763,368,21644,336,62720,391,84364,California
Napa,2021-05-07,1065,144555,842,70171,160,70558,63,3826,200,21059,847,63567,262,84626,California
Napa,2021-05-08,254,144809,163,70334,80,70638,11,3837,88,20993,165,63732,99,84725,California
Napa,2021-05-09,107,144916,76,70410,31,70669,0,3837,50,20986,57,63789,50,84775,California
Napa,2021-05-10,415,145331,141,70551,255,70924,19,3856,105,20801,309,64098,124,84899,California
Napa,2021-05-11,2170,147501,1790,72341,354,71278,26,3882,370,19403,1794,65892,396,85295,California
Napa,2021-05-12,2167,149668,1357,73698,755,72033,55,3937,298,17892,1864,67756,353,85648,California
Napa,2021-05-13,1820,151488,1131,74829,650,72683,39,3976,767,17652,1046,68802,806,86454,California
Napa,2021-05-14,1911,153399,1143,75972,682,73365,86,4062,511,16856,1394,70196,598,87052,California
Napa,2021-05-15,1051,154450,346,76318,694,74059,11,4073,261,16342,787,70983,273,87325,California
Napa,2021-05-16,240,154690,160,76478,78,74137,2,4075,67,16238,173,71156,69,87394,California
Napa,2021-05-17,877,155567,347,76825,500,74637,30,4105,304,16061,511,71667,334,87728,California
Napa,2021-05-18,1038,156605,545,77370,436,75073,57,4162,501,16087,532,72199,558,88286,California
Napa,2021-05-19,933,157538,551,77921,352,75425,30,4192,502,16190,428,72627,531,88817,California
Napa,2021-05-20,574,158112,382,78303,163,75588,29,4221,356,16357,218,72845,385,89202,California
Napa,2021-05-21,430,158542,213,78516,187,75775,30,4251,185,16327,245,73090,215,89417,California
Napa,2021-05-22,395,158937,219,78735,169,75944,7,4258,165,16270,230,73320,173,89590,California
Napa,2021-05-23,353,159290,321,79056,22,75966,10,4268,275,16477,78,73398,285,89875,California
Napa,2021-05-24,361,159651,178,79234,163,76129,20,4288,147,16431,213,73611,167,90042,California
Napa,2021-05-25,420,160071,174,79408,176,76305,70,4358,147,16375,273,73884,217,90259,California
Napa,2021-05-26,544,160615,353,79761,166,76471,25,4383,315,16489,226,74110,340,90599,California
Napa,2021-05-27,362,160977,157,79918,177,76648,28,4411,130,16415,232,74342,158,90757,California
Napa,2021-05-28,386,161363,199,80117,163,76811,24,4435,160,16375,222,74564,182,90939,California
Napa,2021-05-29,129,161492,79,80196,46,76857,4,4439,76,16403,52,74616,80,91019,California
Napa,2021-05-30,97,161589,60,80256,32,76889,5,4444,32,16376,64,74680,37,91056,California
Napa,2021-05-31,43,161632,17,80273,19,76908,7,4451,9,16358,34,74714,16,91072,California
Napa,2021-06-01,598,162230,310,80583,264,77172,24,4475,268,16325,324,75038,291,91363,California
Napa,2021-06-02,410,162640,240,80823,147,77319,23,4498,203,16346,205,75243,226,91589,California
Napa,2021-06-03,713,163353,429,81252,261,77580,23,4521,219,16095,492,75735,241,91830,California
Napa,2021-06-04,662,164015,498,81750,132,77712,32,4553,150,15767,510,76245,182,92012,California
Napa,2021-06-05,304,164319,246,81996,46,77758,12,4565,77,15629,227,76472,89,92101,California
Napa,2021-06-06,138,164457,119,82115,19,77777,0,4565,47,15585,91,76563,47,92148,California
Napa,2021-06-07,223,164680,149,82264,61,77838,13,4578,53,15481,170,76733,66,92214,California
Nevada,2020-12-16,3,3,3,3,0,0,0,0,3,3,0,0,3,3,California
Nevada,2020-12-17,6,9,6,9,0,0,0,0,6,9,0,0,6,9,California
Nevada,2020-12-18,58,67,58,67,0,0,0,0,58,67,0,0,58,67,California
Nevada,2020-12-19,55,122,55,122,0,0,0,0,55,122,0,0,55,122,California
Nevada,2020-12-20,14,136,14,136,0,0,0,0,14,136,0,0,14,136,California
Nevada,2020-12-21,70,206,70,206,0,0,0,0,70,206,0,0,70,206,California
Nevada,2020-12-22,90,296,88,294,2,2,0,0,90,296,0,0,90,296,California
Nevada,2020-12-23,240,536,208,502,32,34,0,0,240,536,0,0,240,536,California
Nevada,2020-12-24,13,549,11,513,2,36,0,0,13,549,0,0,13,549,California
Nevada,2020-12-25,3,552,3,516,0,36,0,0,3,552,0,0,3,552,California
Nevada,2020-12-26,6,558,4,520,2,38,0,0,6,558,0,0,6,558,California
Nevada,2020-12-27,90,648,90,610,0,38,0,0,90,648,0,0,90,648,California
Nevada,2020-12-28,173,821,93,703,80,118,0,0,173,821,0,0,173,821,California
Nevada,2020-12-29,98,919,72,775,26,144,0,0,98,919,0,0,98,919,California
Nevada,2020-12-30,89,1008,67,842,22,166,0,0,89,1008,0,0,89,1008,California
Nevada,2020-12-31,41,1049,8,850,33,199,0,0,41,1049,0,0,41,1049,California
Nevada,2021-01-01,2,1051,0,850,2,201,0,0,2,1051,0,0,2,1051,California
Nevada,2021-01-02,2,1053,1,851,1,202,0,0,2,1053,0,0,2,1053,California
Nevada,2021-01-03,131,1184,126,977,5,207,0,0,131,1184,0,0,131,1184,California
Nevada,2021-01-04,68,1252,43,1020,25,232,0,0,68,1252,0,0,68,1252,California
Nevada,2021-01-05,279,1531,132,1152,147,379,0,0,278,1529,1,1,278,1530,California
Nevada,2021-01-06,91,1622,43,1195,48,427,0,0,83,1604,8,9,83,1613,California
Nevada,2021-01-07,220,1842,44,1239,176,603,0,0,212,1810,7,16,213,1826,California
Nevada,2021-01-08,231,2073,132,1371,99,702,0,0,171,1922,60,76,172,1998,California
Nevada,2021-01-09,62,2135,55,1426,7,709,0,0,14,1888,48,124,14,2012,California
Nevada,2021-01-10,19,2154,10,1436,9,718,0,0,10,1889,9,133,10,2022,California
Nevada,2021-01-11,188,2342,133,1569,55,773,0,0,58,1817,130,263,58,2080,California
Nevada,2021-01-12,597,2939,449,2018,148,921,0,0,531,2282,66,329,531,2611,California
Nevada,2021-01-13,269,3208,151,2169,118,1039,0,0,131,2275,138,467,131,2742,California
Nevada,2021-01-14,238,3446,125,2294,113,1152,0,0,220,2478,17,484,220,2962,California
Nevada,2021-01-15,403,3849,171,2465,232,1384,0,0,303,2681,100,584,303,3265,California
Nevada,2021-01-16,315,4164,16,2481,299,1683,0,0,310,2986,5,589,310,3575,California
Nevada,2021-01-17,43,4207,38,2519,5,1688,0,0,41,3025,2,591,41,3616,California
Nevada,2021-01-18,157,4364,47,2566,110,1798,0,0,145,3158,12,603,145,3761,California
Nevada,2021-01-19,250,4614,90,2656,160,1958,0,0,228,3364,22,625,228,3989,California
Nevada,2021-01-20,275,4889,166,2822,109,2067,0,0,262,3613,13,638,262,4251,California
Nevada,2021-01-21,338,5227,202,3024,136,2203,0,0,325,3925,13,651,325,4576,California
Nevada,2021-01-22,378,5605,234,3258,144,2347,0,0,347,4241,31,682,347,4923,California
Nevada,2021-01-23,181,5786,105,3363,76,2423,0,0,181,4422,0,682,181,5104,California
Nevada,2021-01-24,109,5895,100,3463,9,2432,0,0,70,4453,39,721,70,5174,California
Nevada,2021-01-25,268,6163,135,3598,133,2565,0,0,204,4593,64,785,204,5378,California
Nevada,2021-01-26,410,6573,144,3742,266,2831,0,0,306,4795,104,889,306,5684,California
Nevada,2021-01-27,436,7009,259,4001,177,3008,0,0,412,5183,24,913,412,6096,California
Nevada,2021-01-28,484,7493,329,4330,155,3163,0,0,436,5572,47,960,436,6532,California
Nevada,2021-01-29,619,8112,401,4731,218,3381,0,0,590,6135,28,988,591,7123,California
Nevada,2021-01-30,243,8355,114,4845,129,3510,0,0,240,6372,3,991,240,7363,California
Nevada,2021-01-31,107,8462,89,4934,18,3528,0,0,103,6473,3,994,104,7467,California
Nevada,2021-02-01,293,8755,73,5007,220,3748,0,0,280,6740,13,1007,280,7747,California
Nevada,2021-02-02,531,9286,190,5197,341,4089,0,0,328,6865,203,1210,328,8075,California
Nevada,2021-02-03,817,10103,562,5759,255,4344,0,0,761,7571,55,1265,761,8836,California
Nevada,2021-02-04,757,10860,390,6149,367,4711,0,0,506,7827,250,1515,506,9342,California
Nevada,2021-02-05,677,11537,383,6532,294,5005,0,0,481,8114,194,1709,481,9823,California
Nevada,2021-02-06,280,11817,91,6623,189,5194,0,0,253,8340,27,1736,253,10076,California
Nevada,2021-02-07,282,12099,225,6848,57,5251,0,0,223,8504,59,1795,223,10299,California
Nevada,2021-02-08,673,12772,411,7259,262,5513,0,0,568,8967,105,1900,568,10867,California
Nevada,2021-02-09,623,13395,352,7611,271,5784,0,0,479,9302,144,2044,479,11346,California
Nevada,2021-02-10,663,14058,331,7942,332,6116,0,0,433,9506,230,2274,434,11780,California
Nevada,2021-02-11,897,14955,515,8457,382,6498,0,0,565,9740,331,2605,565,12345,California
Nevada,2021-02-12,973,15928,450,8907,523,7021,0,0,646,10062,324,2929,646,12991,California
Nevada,2021-02-13,635,16563,249,9156,386,7407,0,0,403,10238,228,3157,404,13395,California
Nevada,2021-02-14,238,16801,124,9280,114,7521,0,0,207,10414,31,3188,207,13602,California
Nevada,2021-02-15,732,17533,447,9727,285,7806,0,0,556,10794,176,3364,556,14158,California
Nevada,2021-02-16,644,18177,211,9938,433,8239,0,0,473,11097,170,3534,473,14631,California
Nevada,2021-02-17,1207,19384,784,10722,423,8662,0,0,867,11624,340,3874,867,15498,California
Nevada,2021-02-18,1027,20411,565,11287,462,9124,0,0,607,11813,418,4292,607,16105,California
Nevada,2021-02-19,1030,21441,644,11931,386,9510,0,0,658,12102,370,4662,659,16764,California
Nevada,2021-02-20,309,21750,111,12042,198,9708,0,0,176,12146,132,4794,176,16940,California
Nevada,2021-02-21,101,21851,93,12135,8,9716,0,0,7,12062,91,4885,7,16947,California
Nevada,2021-02-22,505,22356,340,12475,165,9881,0,0,355,12268,149,5034,355,17302,California
Nevada,2021-02-23,500,22856,242,12717,258,10139,0,0,225,12221,272,5306,225,17527,California
Nevada,2021-02-24,482,23338,245,12962,237,10376,0,0,252,12246,229,5535,254,17781,California
Nevada,2021-02-25,881,24219,481,13443,400,10776,0,0,441,12249,438,5973,441,18222,California
Nevada,2021-02-26,1276,25495,889,14332,387,11163,0,0,443,11862,830,6803,443,18665,California
Nevada,2021-02-27,385,25880,121,14453,264,11427,0,0,202,11881,183,6986,202,18867,California
Nevada,2021-02-28,313,26193,187,14640,126,11553,0,0,137,11843,175,7161,137,19004,California
Nevada,2021-03-01,850,27043,445,15085,405,11958,0,0,375,11745,473,7634,375,19379,California
Nevada,2021-03-02,761,27804,308,15393,453,12411,0,0,519,12027,237,7871,519,19898,California
Nevada,2021-03-03,995,28799,505,15898,489,12900,1,1,513,12061,481,8352,515,20413,California
Nevada,2021-03-04,1135,29934,628,16526,507,13407,0,1,482,11894,649,9001,482,20895,California
Nevada,2021-03-05,869,30803,492,17018,367,13774,10,11,387,11811,480,9481,397,21292,California
Nevada,2021-03-06,374,31177,130,17148,217,13991,27,38,147,11757,227,9708,173,21465,California
Nevada,2021-03-07,215,31392,111,17259,84,14075,20,58,71,11704,144,9852,91,21556,California
Nevada,2021-03-08,841,32233,564,17823,229,14304,48,106,378,11669,462,10314,427,21983,California
Nevada,2021-03-09,809,33042,411,18234,347,14651,51,157,465,11843,341,10655,515,22498,California
Nevada,2021-03-10,1025,34067,659,18893,308,14959,58,215,347,11574,673,11328,404,22902,California
Nevada,2021-03-11,1124,35191,730,19623,368,15327,26,241,554,11592,562,11890,580,23482,California
Nevada,2021-03-12,1220,36411,732,20355,458,15785,30,271,507,11419,709,12599,536,24018,California
Nevada,2021-03-13,296,36707,58,20413,233,16018,5,276,114,11357,180,12779,118,24136,California
Nevada,2021-03-14,158,36865,23,20436,130,16148,5,281,35,11274,123,12902,40,24176,California
Nevada,2021-03-15,869,37734,470,20906,387,16535,12,293,366,11152,500,13402,378,24554,California
Nevada,2021-03-16,1001,38735,468,21374,472,17007,61,354,642,11497,357,13759,702,25256,California
Nevada,2021-03-17,1030,39765,455,21829,565,17572,10,364,586,11652,441,14200,596,25852,California
Nevada,2021-03-18,1000,40765,548,22377,429,18001,23,387,490,11659,506,14706,513,26365,California
Nevada,2021-03-19,766,41531,450,22827,280,18281,36,423,365,11663,397,15103,401,26766,California
Nevada,2021-03-20,833,42364,94,22921,307,18588,432,855,232,11729,594,15697,660,27426,California
Nevada,2021-03-21,62,42426,33,22954,28,18616,1,856,43,11755,18,15715,44,27470,California
Nevada,2021-03-22,812,43238,523,23477,284,18900,5,861,540,12030,270,15985,545,28015,California
Nevada,2021-03-23,868,44106,396,23873,446,19346,26,887,625,12441,240,16225,651,28666,California
Nevada,2021-03-24,1025,45131,549,24422,469,19815,7,894,639,12708,378,16603,645,29311,California
Nevada,2021-03-25,924,46055,473,24895,426,20241,25,919,503,12816,419,17022,527,29838,California
Nevada,2021-03-26,1181,47236,453,25348,689,20930,39,958,836,13347,343,17365,874,30712,California
Nevada,2021-03-27,585,47821,72,25420,497,21427,16,974,390,13558,195,17560,406,31118,California
Nevada,2021-03-28,192,48013,51,25471,128,21555,13,987,38,13458,151,17711,51,31169,California
Nevada,2021-03-29,846,48859,509,25980,315,21870,22,1009,382,13400,461,18172,403,31572,California
Nevada,2021-03-30,1069,49928,486,26466,549,22419,34,1043,491,13355,570,18742,525,32097,California
Nevada,2021-03-31,1194,51122,666,27132,511,22930,17,1060,685,13556,500,19242,701,32798,California
Nevada,2021-04-01,1251,52373,728,27860,471,23401,52,1112,553,13472,689,19931,605,33403,California
Nevada,2021-04-02,1318,53691,667,28527,616,24017,35,1147,789,13771,525,20456,824,34227,California
Nevada,2021-04-03,297,53988,92,28619,168,24185,37,1184,86,13684,210,20666,123,34350,California
Nevada,2021-04-04,133,54121,45,28664,81,24266,7,1191,80,13718,53,20719,87,34437,California
Nevada,2021-04-05,947,55068,627,29291,298,24564,22,1213,626,14048,317,21036,647,35084,California
Nevada,2021-04-06,1088,56156,670,29961,273,24837,145,1358,444,13999,637,21673,588,35672,California
Nevada,2021-04-07,1167,57323,828,30789,252,25089,87,1445,624,14173,536,22209,710,36382,California
Nevada,2021-04-08,1304,58627,904,31693,313,25402,87,1532,711,14384,588,22797,799,37181,California
Nevada,2021-04-09,1267,59894,863,32556,331,25733,73,1605,844,14880,421,23218,917,38098,California
Nevada,2021-04-10,280,60174,79,32635,123,25856,78,1683,113,14905,166,23384,191,38289,California
Nevada,2021-04-11,101,60275,34,32669,63,25919,4,1687,39,14886,62,23446,43,38332,California
Nevada,2021-04-12,760,61035,549,33218,194,26113,17,1704,324,14796,431,23877,341,38673,California
Nevada,2021-04-13,900,61935,365,33583,535,26648,0,1704,472,14843,425,24302,472,39145,California
Nevada,2021-04-14,1057,62992,578,34161,479,27127,0,1704,533,14859,517,24819,533,39678,California
Nevada,2021-04-15,1096,64088,715,34876,381,27508,0,1704,630,15035,454,25273,630,40308,California
Nevada,2021-04-16,912,65000,704,35580,208,27716,0,1704,527,15178,384,25657,527,40835,California
Nevada,2021-04-17,196,65196,50,35630,146,27862,0,1704,83,15150,111,25768,83,40918,California
Nevada,2021-04-18,188,65384,22,35652,166,28028,0,1704,101,15164,87,25855,101,41019,California
Nevada,2021-04-19,776,66160,499,36151,277,28305,0,1704,315,15027,452,26307,315,41334,California
Nevada,2021-04-20,798,66958,315,36466,483,28788,0,1704,304,14844,487,26794,304,41638,California
Nevada,2021-04-21,911,67869,500,36966,411,29199,0,1704,278,14498,624,27418,278,41916,California
Nevada,2021-04-22,1006,68875,622,37588,384,29583,0,1704,343,14190,651,28069,343,42259,California
Nevada,2021-04-23,1232,70107,551,38139,681,30264,0,1704,398,13765,823,28892,398,42657,California
Nevada,2021-04-24,526,70633,75,38214,451,30715,0,1704,172,13585,352,29244,172,42829,California
Nevada,2021-04-25,120,70753,61,38275,54,30769,5,1709,55,13580,64,29308,59,42888,California
Nevada,2021-04-26,749,71502,565,38840,175,30944,9,1718,216,13282,523,29831,225,43113,California
Nevada,2021-04-27,812,72314,372,39212,435,31379,5,1723,414,13311,390,30221,419,43532,California
Nevada,2021-04-28,999,73313,586,39798,408,31787,5,1728,387,13096,607,30828,392,43924,California
Nevada,2021-04-29,1020,74333,714,40512,302,32089,4,1732,284,12650,734,31562,288,44212,California
Nevada,2021-04-30,1245,75578,733,41245,503,32592,9,1741,207,11830,1036,32598,216,44428,California
Nevada,2021-05-01,149,75727,63,41308,82,32674,4,1745,66,11819,81,32679,70,44498,California
Nevada,2021-05-02,62,75789,31,41339,27,32701,4,1749,21,11803,41,32720,25,44523,California
Nevada,2021-05-03,615,76404,413,41752,183,32884,19,1768,182,11574,429,33149,200,44723,California
Nevada,2021-05-04,594,76998,175,41927,401,33285,18,1786,334,11670,256,33405,352,45075,California
Nevada,2021-05-05,742,77740,385,42312,343,33628,14,1800,321,11593,412,33817,335,45410,California
Nevada,2021-05-06,812,78552,569,42881,232,33860,11,1811,201,11203,602,34419,212,45622,California
Nevada,2021-05-07,886,79438,494,43375,356,34216,36,1847,194,10746,687,35106,230,45852,California
Nevada,2021-05-08,178,79616,21,43396,137,34353,20,1867,83,10755,94,35200,103,45955,California
Nevada,2021-05-09,42,79658,7,43403,33,34386,2,1869,18,10751,24,35224,20,45975,California
Nevada,2021-05-10,398,80056,256,43659,117,34503,25,1894,76,10531,321,35545,101,46076,California
Nevada,2021-05-11,512,80568,155,43814,342,34845,15,1909,129,10300,375,35920,144,46220,California
Nevada,2021-05-12,531,81099,233,44047,287,35132,11,1920,151,10090,372,36292,162,46382,California
Nevada,2021-05-13,820,81919,544,44591,267,35399,9,1929,420,10127,392,36684,429,46811,California
Nevada,2021-05-14,777,82696,579,45170,181,35580,17,1946,427,10224,347,37031,444,47255,California
Nevada,2021-05-15,183,82879,86,45256,89,35669,8,1954,85,10220,97,37128,93,47348,California
Nevada,2021-05-16,153,83032,50,45306,103,35772,0,1954,52,10171,101,37229,52,47400,California
Nevada,2021-05-17,502,83534,319,45625,153,35925,30,1984,217,10144,274,37503,247,47647,California
Nevada,2021-05-18,417,83951,253,45878,159,36084,5,1989,221,10175,194,37697,225,47872,California
Nevada,2021-05-19,493,84444,353,46231,135,36219,5,1994,254,10204,230,37927,259,48131,California
Nevada,2021-05-20,566,85010,323,46554,232,36451,11,2005,197,10048,364,38291,208,48339,California
Nevada,2021-05-21,460,85470,293,46847,158,36609,9,2014,204,10009,252,38543,213,48552,California
Nevada,2021-05-22,215,85685,20,46867,106,36715,89,2103,41,9965,174,38717,130,48682,California
Nevada,2021-05-23,27,85712,5,46872,22,36737,0,2103,7,9953,19,38736,7,48689,California
Nevada,2021-05-24,313,86025,219,47091,79,36816,15,2118,106,9870,204,38940,121,48810,California
Nevada,2021-05-25,343,86368,83,47174,247,37063,13,2131,86,9717,252,39192,99,48909,California
Nevada,2021-05-26,430,86798,183,47357,240,37303,7,2138,118,9537,305,39497,125,49034,California
Nevada,2021-05-27,433,87231,230,47587,183,37486,20,2158,183,9494,246,39743,203,49237,California
Nevada,2021-05-28,342,87573,217,47804,114,37600,11,2169,200,9566,139,39882,211,49448,California
Nevada,2021-05-29,66,87639,12,47816,54,37654,0,2169,41,9582,25,39907,41,49489,California
Nevada,2021-05-30,38,87677,19,47835,17,37671,2,2171,25,9596,13,39920,27,49516,California
Nevada,2021-05-31,6,87683,4,47839,0,37671,2,2173,2,9596,4,39924,4,49520,California
Nevada,2021-06-01,394,88077,128,47967,257,37928,9,2182,101,9422,284,40208,110,49630,California
Nevada,2021-06-02,400,88477,163,48130,230,38158,7,2189,102,9240,291,40499,109,49739,California
Nevada,2021-06-03,564,89041,406,48536,153,38311,5,2194,106,8898,453,40952,111,49850,California
Nevada,2021-06-04,540,89581,431,48967,105,38416,4,2198,112,8590,424,41376,116,49966,California
Nevada,2021-06-05,162,89743,74,49041,86,38502,2,2200,58,8548,102,41478,60,50026,California
Nevada,2021-06-06,51,89794,40,49081,11,38513,0,2200,11,8519,40,41518,11,50037,California
Nevada,2021-06-07,194,89988,160,49241,14,38527,20,2220,44,8438,145,41663,64,50101,California
Orange,2020-12-15,16,16,16,16,0,0,0,0,16,16,0,0,16,16,California
Orange,2020-12-16,390,406,390,406,0,0,0,0,390,406,0,0,390,406,California
Orange,2020-12-17,3741,4147,3741,4147,0,0,0,0,3740,4146,0,0,3740,4146,California
Orange,2020-12-18,5064,9211,5056,9203,8,8,0,0,5062,9207,1,1,5062,9208,California
Orange,2020-12-19,2225,11436,2218,11421,7,15,0,0,2224,11431,0,1,2224,11432,California
Orange,2020-12-20,1987,13423,1984,13405,3,18,0,0,1988,13419,0,1,1988,13420,California
Orange,2020-12-21,4269,17692,4263,17668,6,24,0,0,4269,17688,0,1,4269,17689,California
Orange,2020-12-22,3981,21673,3947,21615,34,58,0,0,3981,21669,0,1,3981,21670,California
Orange,2020-12-23,3586,25259,3219,24834,367,425,0,0,3588,25257,0,1,3588,25258,California
Orange,2020-12-24,1378,26637,1076,25910,302,727,0,0,1378,26635,0,1,1378,26636,California
Orange,2020-12-25,19,26656,14,25924,5,732,0,0,19,26654,0,1,19,26655,California
Orange,2020-12-26,997,27653,420,26344,577,1309,0,0,997,27651,0,1,997,27652,California
Orange,2020-12-27,584,28237,276,26620,308,1617,0,0,584,28235,0,1,584,28236,California
Orange,2020-12-28,3616,31853,2636,29256,980,2597,0,0,3616,31851,0,1,3616,31852,California
Orange,2020-12-29,3497,35350,2485,31741,1012,3609,0,0,3496,35346,1,2,3496,35348,California
Orange,2020-12-30,5121,40471,3542,35283,1579,5188,0,0,5121,40467,0,2,5121,40469,California
Orange,2020-12-31,1503,41974,804,36087,699,5887,0,0,1502,41968,1,3,1502,41971,California
Orange,2021-01-01,652,42626,358,36445,294,6181,0,0,650,42616,2,5,650,42621,California
Orange,2021-01-02,1357,43983,842,37287,515,6696,0,0,1357,43973,0,5,1357,43978,California
Orange,2021-01-03,583,44566,323,37610,260,6956,0,0,583,44556,0,5,583,44561,California
Orange,2021-01-04,2757,47323,1567,39177,1190,8146,0,0,2758,47313,1,6,2758,47319,California
Orange,2021-01-05,3541,50864,2305,41482,1236,9382,0,0,3128,50035,409,415,3131,50450,California
Orange,2021-01-06,5001,55865,3454,44936,1547,10929,0,0,3637,52320,1352,1767,3637,54087,California
Orange,2021-01-07,9285,65150,5178,50114,4107,15036,0,0,5700,54455,3571,5338,5706,59793,California
Orange,2021-01-08,9430,74580,5267,55381,4163,19199,0,0,5660,56360,3759,9097,5664,65457,California
Orange,2021-01-09,5031,79611,1748,57129,3283,22482,0,0,3748,58825,1283,10380,3748,69205,California
Orange,2021-01-10,4253,83864,1044,58173,3209,25691,0,0,3373,61323,879,11259,3377,72582,California
Orange,2021-01-11,9467,93331,4913,63086,4554,30245,0,0,5837,63528,3633,14892,5838,78420,California
Orange,2021-01-12,8939,102270,4832,67918,4107,34352,0,0,5466,65524,3471,18363,5467,83887,California
Orange,2021-01-13,10265,112535,4922,72840,5343,39695,0,0,7053,69376,3208,21571,7060,90947,California
Orange,2021-01-14,10004,122539,3787,76627,6217,45912,0,0,8409,76198,1593,23164,8415,99362,California
Orange,2021-01-15,10206,132745,2634,79261,7572,53484,0,0,9325,84640,889,24053,9331,108693,California
Orange,2021-01-16,8706,141451,2086,81347,6620,60104,0,0,8310,92560,395,24448,8315,117008,California
Orange,2021-01-17,8176,149627,1485,82832,6691,66795,0,0,8026,100446,150,24598,8036,125044,California
Orange,2021-01-18,9693,159320,4400,87232,5293,72088,0,0,7438,105632,2255,26853,7441,132485,California
Orange,2021-01-19,7530,166850,5455,92687,2075,74163,0,0,4897,107897,2633,29486,4898,137383,California
Orange,2021-01-20,8386,175236,5910,98597,2476,76639,0,0,5333,110185,3052,32538,5340,142723,California
Orange,2021-01-21,11032,186268,4911,103508,6121,82760,0,0,10207,119580,823,33361,10218,152941,California
Orange,2021-01-22,13709,199977,5167,108675,8542,91302,0,0,12845,131577,856,34217,12853,165794,California
Orange,2021-01-23,13152,213129,6187,114862,6965,98267,0,0,12218,142872,932,35149,12227,178021,California
Orange,2021-01-24,9828,222957,4295,119157,5533,103800,0,0,9494,152039,331,35480,9498,187519,California
Orange,2021-01-25,10466,233423,5871,125028,4595,108395,0,0,7722,157030,2736,38216,7727,195246,California
Orange,2021-01-26,11914,245337,7722,132750,4192,112587,0,0,9740,164605,2169,40385,9744,204990,California
Orange,2021-01-27,13499,258836,8020,140770,5479,118066,0,0,10781,172685,2706,43091,10786,215776,California
Orange,2021-01-28,13071,271907,7222,147992,5849,123915,0,0,11183,182003,1873,44964,11191,226967,California
Orange,2021-01-29,13673,285580,8479,156471,5194,129109,0,0,10771,189891,2886,47850,10774,237741,California
Orange,2021-01-30,12977,298557,4481,160952,8496,137605,0,0,12200,201332,762,48612,12203,249944,California
Orange,2021-01-31,13705,312262,4920,165872,8785,146390,0,0,13256,214153,443,49055,13264,263208,California
Orange,2021-02-01,14864,327126,6516,172388,8348,154738,0,0,12382,224084,2457,51512,12388,275596,California
Orange,2021-02-02,15047,342173,7973,180361,7074,161812,0,0,12575,234222,2441,53953,12579,288175,California
Orange,2021-02-03,16608,358781,12415,192776,4193,166005,0,0,13654,245007,2875,56828,13660,301835,California
Orange,2021-02-04,19961,378742,13065,205841,6896,172901,0,0,14850,254786,5079,61907,14858,316693,California
Orange,2021-02-05,20776,399518,12019,217860,8757,181658,0,0,14455,262969,6277,68184,14460,331153,California
Orange,2021-02-06,16403,415921,10843,228703,5560,187218,0,0,11119,269038,5269,73453,11338,342491,California
Orange,2021-02-07,11558,427479,8123,236826,3435,190653,0,0,7572,272810,3969,77422,7741,350232,California
Orange,2021-02-08,15065,442544,8676,245502,6389,197042,0,0,9026,275825,6012,83434,9027,359259,California
Orange,2021-02-09,17798,460342,12117,257619,5681,202723,0,0,10744,279594,6981,90415,10750,370009,California
Orange,2021-02-10,20917,481259,11182,268801,9735,212458,0,0,12698,284174,8127,98542,12707,382716,California
Orange,2021-02-11,22197,503456,11550,280351,10647,223105,0,0,12434,286996,9630,108172,12452,395168,California
Orange,2021-02-12,24899,528355,11998,292349,12901,236006,0,0,14642,291454,10190,118362,14648,409816,California
Orange,2021-02-13,22006,550361,11904,304253,10102,246108,0,0,11151,292546,10700,129062,11792,421608,California
Orange,2021-02-14,16189,566550,6541,310794,9648,255756,0,0,9542,295471,6618,135680,9543,431151,California
Orange,2021-02-15,17282,583832,7408,318202,9874,265630,0,0,8911,296068,8326,144006,8923,440074,California
Orange,2021-02-16,19992,603824,9003,327205,10989,276619,0,0,10769,297690,9171,153177,10793,450867,California
Orange,2021-02-17,17973,621797,9384,336589,8589,285208,0,0,9228,298259,8690,161867,9259,460126,California
Orange,2021-02-18,15075,636872,9890,346479,5185,290393,0,0,6809,296868,8210,170077,6819,466945,California
Orange,2021-02-19,18226,655098,10900,357379,7326,297719,0,0,6936,292580,11236,181313,6948,473893,California
Orange,2021-02-20,7542,662640,5627,363006,1915,299634,0,0,3790,292654,3727,185040,3801,477694,California
Orange,2021-02-21,4597,667237,3906,366912,691,300325,0,0,940,289978,3616,188656,940,478634,California
Orange,2021-02-22,9716,676953,7925,374837,1791,302116,0,0,3920,288150,5763,194419,3935,482569,California
Orange,2021-02-23,13364,690317,7328,382165,6036,308152,0,0,3510,281884,9788,204207,3522,486091,California
Orange,2021-02-24,21208,711525,12862,395027,8346,316498,0,0,5396,271556,15742,219949,5414,491505,California
Orange,2021-02-25,22750,734275,12322,407349,10428,326926,0,0,8005,264908,14669,234618,8021,499526,California
Orange,2021-02-26,27876,762151,14111,421460,13765,340691,0,0,11240,259672,16500,251118,11264,510790,California
Orange,2021-02-27,25156,787307,10229,431689,14924,355615,3,3,7334,249317,17707,268825,7352,518142,California
Orange,2021-02-28,19156,806463,7441,439130,11715,367330,0,3,4836,239975,14195,283020,4853,522995,California
Orange,2021-03-01,18674,825137,8530,447660,10133,377463,11,14,7238,235903,11335,294355,7263,530258,California
Orange,2021-03-02,19348,844485,9340,457000,10005,387468,3,17,9462,235566,9830,304185,9493,539751,California
Orange,2021-03-03,20811,865296,9832,466832,10974,398442,5,22,11162,237189,9564,313749,11187,550938,California
Orange,2021-03-04,22622,887918,13030,479862,9578,408020,14,36,11684,238016,10897,324646,11724,562662,California
Orange,2021-03-05,21126,909044,11031,490893,10048,418068,47,83,12964,242975,8114,332760,13073,575735,California
Orange,2021-03-06,24190,933234,13319,504212,9996,428064,875,958,12782,245292,11362,344122,13679,589414,California
Orange,2021-03-07,15279,948513,8580,512792,6287,434351,412,1370,8933,248353,6304,350426,9365,598779,California
Orange,2021-03-08,16786,965299,7737,520529,7734,442085,1315,2685,10781,254524,5951,356377,12122,610901,California
Orange,2021-03-09,21092,986391,9742,530271,8877,450962,2473,5158,12468,260880,8580,364957,14936,625837,California
Orange,2021-03-10,24806,1011197,12178,542449,9167,460129,3461,8619,12522,264637,12220,377177,15977,641814,California
Orange,2021-03-11,29101,1040298,15738,558187,9133,469262,4230,12849,13491,266842,15509,392686,17714,659528,California
Orange,2021-03-12,29452,1069750,14329,572516,11243,480505,3880,16729,14784,270946,14580,407266,18684,678212,California
Orange,2021-03-13,27888,1097638,10261,582777,13675,494180,3952,20681,14107,275282,13718,420984,18054,696266,California
Orange,2021-03-14,18934,1116572,8231,591008,8157,502337,2546,23227,11825,282562,7076,428060,14356,710622,California
Orange,2021-03-15,23116,1139688,10178,601186,12175,514512,763,23990,14413,289115,8614,436674,15167,725789,California
Orange,2021-03-16,26444,1166132,11178,612364,15038,529550,228,24218,17163,297312,9199,445873,17396,743185,California
Orange,2021-03-17,27407,1193539,13600,625964,13216,542766,591,24809,19479,309527,7851,453724,20066,763251,California
Orange,2021-03-18,27824,1221363,13981,639945,13566,556332,277,25086,21636,325323,6120,459844,21916,785167,California
Orange,2021-03-19,33647,1255010,18467,658412,14728,571060,452,25538,24962,342182,8566,468410,25425,810592,California
Orange,2021-03-20,25842,1280852,13608,672020,12026,583086,208,25746,22021,360663,3755,472165,22236,832828,California
Orange,2021-03-21,18558,1299410,10726,682746,7094,590180,738,26484,15753,374379,2773,474938,16489,849317,California
Orange,2021-03-22,22776,1322186,11790,694536,10665,600845,321,26805,19183,390397,3496,478434,19514,868831,California
Orange,2021-03-23,26061,1348247,13547,708083,11870,612715,644,27449,20686,406439,5292,483726,21334,890165,California
Orange,2021-03-24,29191,1377438,16313,724396,11952,624667,926,28375,22009,422288,7087,490813,22936,913101,California
Orange,2021-03-25,32489,1409927,17243,741639,14535,639202,711,29086,24255,439120,8134,498947,24966,938067,California
Orange,2021-03-26,34945,1444872,18144,759783,15935,655137,866,29952,24880,454923,9947,508894,25750,963817,California
Orange,2021-03-27,28527,1473399,13668,773451,14543,669680,316,30268,19790,466388,8642,517536,20107,983924,California
Orange,2021-03-28,24917,1498316,12943,786394,11906,681586,68,30336,18623,478867,6215,523751,18694,1002618,California
Orange,2021-03-29,26555,1524871,12158,798552,13831,695417,566,30902,17802,488583,8656,532407,18372,1020990,California
Orange,2021-03-30,30909,1555780,13969,812521,16309,711726,631,31533,20441,499278,10376,542783,21071,1042061,California
Orange,2021-03-31,37183,1592963,19519,832040,16952,728678,712,32245,23788,510504,13279,556062,24505,1066566,California
Orange,2021-04-01,40583,1633546,21309,853349,17396,746074,1878,34123,26209,524366,14218,570280,28080,1094646,California
Orange,2021-04-02,40199,1673745,20291,873640,18090,764164,1818,35941,22724,531546,17366,587646,24546,1119192,California
Orange,2021-04-03,30227,1703972,15734,889374,12747,776911,1746,37687,14279,531694,15868,603514,16016,1135208,California
Orange,2021-04-04,18474,1722446,10734,900108,6973,783884,767,38454,8161,530366,10253,613767,8925,1144133,California
Orange,2021-04-05,30041,1752487,14033,914141,12607,796491,3401,41855,13803,531398,16156,629923,17188,1161321,California
Orange,2021-04-06,33464,1785951,15649,929790,14380,810871,3435,45290,14361,530165,19009,648932,17776,1179097,California
Orange,2021-04-07,36204,1822155,20156,949946,11460,822331,4588,49878,15976,530557,20139,669071,20531,1199628,California
Orange,2021-04-08,39234,1861389,21714,971660,12040,834371,5480,55358,19025,534935,20095,689166,24473,1224101,California
Orange,2021-04-09,41096,1902485,23910,995570,11952,846323,5234,60592,18172,535500,22825,711991,23390,1247491,California
Orange,2021-04-10,34618,1937103,18319,1013889,12053,858376,4246,64838,14344,533880,20181,732172,18561,1266052,California
Orange,2021-04-11,25773,1962876,14593,1028482,7910,866286,3270,68108,9883,531180,15836,748008,13136,1279188,California
Orange,2021-04-12,30634,1993510,15497,1043979,11543,877829,3594,71702,12053,528298,18509,766517,15627,1294815,California
Orange,2021-04-13,32420,2025930,18269,1062248,14083,891912,68,71770,15103,526229,17246,783763,15177,1309992,California
Orange,2021-04-14,34768,2060698,20393,1082641,14341,906253,34,71804,15183,522032,19484,803247,15287,1325279,California
Orange,2021-04-15,40430,2101128,24624,1107265,15792,922045,14,71818,18782,519419,21537,824784,18924,1344203,California
Orange,2021-04-16,41289,2142417,24268,1131533,16993,939038,28,71846,18623,515522,22554,847338,18657,1362860,California
Orange,2021-04-17,30237,2172654,17123,1148656,13109,952147,5,71851,13228,511874,16885,864223,13237,1376097,California
Orange,2021-04-18,21472,2194126,13000,1161656,8472,960619,0,71851,8482,507423,12937,877160,8486,1384583,California
Orange,2021-04-19,32448,2226574,17928,1179584,14518,975137,2,71853,14910,504898,17442,894602,14917,1399500,California
Orange,2021-04-20,35207,2261781,18284,1197868,16917,992054,6,71859,17618,505019,17503,912105,17624,1417124,California
Orange,2021-04-21,40692,2302473,23452,1221320,17231,1009285,9,71868,19302,503054,21278,933383,19313,1436437,California
Orange,2021-04-22,39261,2341734,20724,1242044,18528,1027813,9,71877,16325,496585,22807,956190,16338,1452775,California
Orange,2021-04-23,40165,2381899,20788,1262832,19370,1047183,7,71884,17929,492407,22118,978308,17940,1470715,California
Orange,2021-04-24,31975,2413874,16712,1279544,15229,1062412,34,71918,13399,487351,18492,996800,13436,1484151,California
Orange,2021-04-25,22944,2436818,12948,1292492,9981,1072393,15,71933,9800,484089,13082,1009882,9820,1493971,California
Orange,2021-04-26,27876,2464694,13611,1306103,14068,1086461,197,72130,12143,480805,15622,1025504,12338,1506309,California
Orange,2021-04-27,30003,2494697,14049,1320152,15386,1101847,568,72698,11433,474399,18412,1043916,12006,1518315,California
Orange,2021-04-28,30867,2525564,15462,1335614,14526,1116373,879,73577,12387,469304,18356,1062272,13261,1531576,California
Orange,2021-04-29,31881,2557445,17411,1353025,13508,1129881,962,74539,11331,461137,20451,1082723,12284,1543860,California
Orange,2021-04-30,29811,2587256,17012,1370037,11858,1141739,941,75480,12680,457719,17033,1099756,13615,1557475,California
Orange,2021-05-01,22708,2609964,15551,1385588,6171,1147910,986,76466,8712,453509,13897,1113653,9687,1567162,California
Orange,2021-05-02,15390,2625354,10238,1395826,4507,1152417,645,77111,5369,449563,9955,1123608,6009,1573171,California
Orange,2021-05-03,20579,2645933,12564,1408390,7258,1159675,757,77868,6476,442772,14023,1137631,7232,1580403,California
Orange,2021-05-04,23603,2669536,13466,1421856,9228,1168903,909,78777,8173,436513,15326,1152957,9067,1589470,California
Orange,2021-05-05,24730,2694266,13798,1435654,10037,1178940,895,79672,8010,428822,16595,1169552,8904,1598374,California
Orange,2021-05-06,26393,2720659,15967,1451621,9424,1188364,1002,80674,7283,418119,18981,1188533,8278,1606652,California
Orange,2021-05-07,28386,2749045,16865,1468486,10474,1198838,1047,81721,8022,407024,20159,1208692,9064,1615716,California
Orange,2021-05-08,18368,2767413,12135,1480621,5458,1204296,775,82496,5402,400344,12851,1221543,6171,1621887,California
Orange,2021-05-09,10959,2778372,8333,1488954,2255,1206551,371,82867,2878,395560,8033,1229576,3249,1625136,California
Orange,2021-05-10,18988,2797360,11561,1500515,6656,1213207,771,83638,4270,385973,14627,1244203,5040,1630176,California
Orange,2021-05-11,21252,2818612,11733,1512248,8845,1222052,674,84312,5043,375572,16113,1260316,5712,1635888,California
Orange,2021-05-12,22524,2841136,13848,1526096,7921,1229973,755,85067,6266,366455,16138,1276454,7021,1642909,California
Orange,2021-05-13,19893,2861029,12131,1538227,7228,1237201,534,85601,7199,361595,12594,1289048,7734,1650643,California
Orange,2021-05-14,25637,2886666,16734,1554961,8101,1245302,802,86403,10402,357655,15136,1304184,11196,1661839,California
Orange,2021-05-15,19880,2906546,14340,1569301,4991,1250293,549,86952,8024,354426,11799,1315983,8570,1670409,California
Orange,2021-05-16,15095,2921641,12405,1581706,2349,1252642,341,87293,6489,352698,8555,1324538,6827,1677236,California
Orange,2021-05-17,19294,2940935,12640,1594346,5956,1258598,698,87991,7017,348187,12215,1336753,7704,1684940,California
Orange,2021-05-18,20409,2961344,11912,1606258,7829,1266427,668,88659,8241,345014,12078,1348831,8905,1693845,California
Orange,2021-05-19,22415,2983759,12814,1619072,8933,1275360,668,89327,7957,339288,14344,1363175,8618,1702463,California
Orange,2021-05-20,18170,3001929,10425,1629497,7158,1282518,587,89914,6176,334143,11906,1375081,6761,1709224,California
Orange,2021-05-21,21180,3023109,11836,1641333,8716,1291234,628,90542,6791,327260,14303,1389384,7420,1716644,California
Orange,2021-05-22,14308,3037417,9688,1651021,4157,1295391,463,91005,5535,324547,8710,1398094,5997,1722641,California
Orange,2021-05-23,6741,3044158,4781,1655802,1750,1297141,210,91215,2306,322653,4409,1402503,2515,1725156,California
Orange,2021-05-24,15328,3059486,9003,1664805,5708,1302849,617,91832,5740,319503,9501,1412004,6351,1731507,California
Orange,2021-05-25,15587,3075073,9185,1673990,5886,1308735,516,92348,5735,316003,9746,1421750,6246,1737753,California
Orange,2021-05-26,15173,3090246,8510,1682500,6173,1314908,490,92838,5717,312832,9374,1431124,6203,1743956,California
Orange,2021-05-27,14346,3104592,8625,1691125,5168,1320076,553,93391,6398,311884,7882,1439006,6934,1750890,California
Orange,2021-05-28,16653,3121245,9829,1700954,6201,1326277,623,94014,7378,310691,9185,1448191,7992,1758882,California
Orange,2021-05-29,8936,3130181,5231,1706185,3349,1329626,356,94370,4132,310423,4750,1452941,4482,1763364,California
Orange,2021-05-30,5975,3136156,3881,1710066,1820,1331446,274,94644,2163,309079,3778,1456719,2434,1765798,California
Orange,2021-05-31,1701,3137857,1049,1711115,606,1332052,46,94690,555,308547,1133,1457852,601,1766399,California
Orange,2021-06-01,13320,3151177,7713,1718828,5122,1337174,485,95175,5263,306330,7960,1465812,5743,1772142,California
Orange,2021-06-02,12938,3164115,8015,1726843,4509,1341683,414,95589,4758,303459,8038,1473850,5167,1777309,California
Orange,2021-06-03,12795,3176910,8828,1735671,3515,1345198,452,96041,5000,301169,7734,1481584,5444,1782753,California
Orange,2021-06-04,16645,3193555,11751,1747422,4334,1349532,560,96601,5286,295730,11283,1492867,5844,1788597,California
Orange,2021-06-05,12669,3206224,9540,1756962,2743,1352275,386,96987,3902,291298,8714,1501581,4282,1792879,California
Orange,2021-06-06,5240,3211464,4467,1761429,586,1352861,187,97174,1917,290098,3304,1504885,2104,1794983,California
Orange,2021-06-07,4697,3216161,2859,1764288,1601,1354462,237,97411,1194,288049,3476,1508361,1427,1796410,California
Placer,2020-12-15,29,29,29,29,0,0,0,0,29,29,0,0,29,29,California
Placer,2020-12-16,55,84,55,84,0,0,0,0,55,84,0,0,55,84,California
Placer,2020-12-17,149,233,149,233,0,0,0,0,149,233,0,0,149,233,California
Placer,2020-12-18,422,655,422,655,0,0,0,0,422,655,0,0,422,655,California
Placer,2020-12-19,253,908,253,908,0,0,0,0,253,908,0,0,253,908,California
Placer,2020-12-20,231,1139,231,1139,0,0,0,0,231,1139,0,0,231,1139,California
Placer,2020-12-21,499,1638,497,1636,2,2,0,0,499,1638,0,0,499,1638,California
Placer,2020-12-22,679,2317,672,2308,7,9,0,0,679,2317,0,0,679,2317,California
Placer,2020-12-23,753,3070,666,2974,87,96,0,0,753,3070,0,0,753,3070,California
Placer,2020-12-24,410,3480,358,3332,52,148,0,0,410,3480,0,0,410,3480,California
Placer,2020-12-26,162,3642,117,3449,45,193,0,0,162,3642,0,0,162,3642,California
Placer,2020-12-27,183,3825,161,3610,22,215,0,0,183,3825,0,0,183,3825,California
Placer,2020-12-28,672,4497,548,4158,124,339,0,0,672,4497,0,0,672,4497,California
Placer,2020-12-29,769,5266,520,4678,249,588,0,0,769,5266,0,0,769,5266,California
Placer,2020-12-30,727,5993,455,5133,272,860,0,0,726,5992,0,0,726,5992,California
Placer,2020-12-31,540,6533,354,5487,186,1046,0,0,540,6532,0,0,540,6532,California
Placer,2021-01-01,16,6549,12,5499,4,1050,0,0,16,6548,0,0,16,6548,California
Placer,2021-01-02,187,6736,155,5654,32,1082,0,0,187,6735,0,0,187,6735,California
Placer,2021-01-03,153,6889,78,5732,75,1157,0,0,153,6888,0,0,153,6888,California
Placer,2021-01-04,628,7517,187,5919,441,1598,0,0,625,7510,3,3,625,7513,California
Placer,2021-01-05,730,8247,159,6078,571,2169,0,0,643,8068,86,89,644,8157,California
Placer,2021-01-06,764,9011,246,6324,518,2687,0,0,613,8530,151,240,613,8770,California
Placer,2021-01-07,982,9993,369,6693,613,3300,0,0,755,9058,227,467,755,9525,California
Placer,2021-01-08,1180,11173,527,7220,653,3953,0,0,792,9465,385,852,792,10317,California
Placer,2021-01-09,456,11629,325,7545,131,4084,0,0,236,9482,219,1071,236,10553,California
Placer,2021-01-10,333,11962,187,7732,146,4230,0,0,165,9479,168,1239,165,10718,California
Placer,2021-01-11,1431,13393,809,8541,622,4852,0,0,839,9727,592,1831,840,11558,California
Placer,2021-01-12,1657,15050,876,9417,781,5633,0,0,1055,10180,602,2433,1055,12613,California
Placer,2021-01-13,1631,16681,819,10236,812,6445,0,0,1208,10970,421,2854,1211,13824,California
Placer,2021-01-14,1804,18485,679,10915,1125,7570,0,0,1429,12028,372,3226,1430,15254,California
Placer,2021-01-15,1937,20422,726,11641,1211,8781,0,0,1582,13257,354,3580,1583,16837,California
Placer,2021-01-16,1446,21868,714,12355,732,9513,0,0,1325,14462,121,3701,1326,18163,California
Placer,2021-01-17,569,22437,397,12752,172,9685,0,0,431,14755,138,3839,431,18594,California
Placer,2021-01-18,993,23430,554,13306,439,10124,0,0,750,15263,243,4082,751,19345,California
Placer,2021-01-19,2639,26069,1973,15279,666,10790,0,0,2180,16985,459,4541,2181,21526,California
Placer,2021-01-20,2284,28353,1712,16991,572,11362,0,0,1948,18598,336,4877,1949,23475,California
Placer,2021-01-21,2578,30931,1133,18124,1445,12807,0,0,2184,20390,393,5270,2185,25660,California
Placer,2021-01-22,2350,33281,648,18772,1702,14509,0,0,2174,22391,174,5444,2175,27835,California
Placer,2021-01-23,1187,34468,382,19154,805,15314,0,0,1029,23262,158,5602,1029,28864,California
Placer,2021-01-24,500,34968,257,19411,243,15557,0,0,427,23617,73,5675,428,29292,California
Placer,2021-01-25,1680,36648,812,20223,868,16425,0,0,1386,24710,294,5969,1387,30679,California
Placer,2021-01-26,1866,38514,1038,21261,828,17253,0,0,1602,26048,264,6233,1602,32281,California
Placer,2021-01-27,1839,40353,1154,22415,685,17938,0,0,1590,27392,247,6480,1591,33872,California
Placer,2021-01-28,1804,42157,1115,23530,689,18627,0,0,1557,28704,245,6725,1557,35429,California
Placer,2021-01-29,1891,44048,1168,24698,723,19350,0,0,1696,30208,194,6919,1698,37127,California
Placer,2021-01-30,1713,45761,969,25667,744,20094,0,0,1592,31680,120,7039,1592,38719,California
Placer,2021-01-31,785,46546,626,26293,159,20253,0,0,714,32324,71,7110,715,39434,California
Placer,2021-02-01,2073,48619,1090,27383,983,21236,0,0,1756,33764,316,7426,1756,41190,California
Placer,2021-02-02,2394,51013,1541,28924,853,22089,0,0,1893,35159,498,7924,1893,43083,California
Placer,2021-02-03,2926,53939,1889,30813,1037,23126,0,0,2299,36835,623,8547,2299,45382,California
Placer,2021-02-04,2738,56677,1187,32000,1551,24677,0,0,1910,37922,824,9371,1911,47293,California
Placer,2021-02-05,2711,59388,1207,33207,1504,26181,0,0,1378,37972,1328,10699,1378,48671,California
Placer,2021-02-06,1949,61337,1313,34520,636,26817,0,0,1402,38827,547,11246,1402,50073,California
Placer,2021-02-07,1194,62531,882,35402,312,27129,0,0,909,39452,284,11530,909,50982,California
Placer,2021-02-08,3300,65831,1770,37172,1530,28659,0,0,1939,40038,1354,12884,1940,52922,California
Placer,2021-02-09,3544,69375,2178,39350,1366,30025,0,0,1627,39751,1914,14798,1627,54549,California
Placer,2021-02-10,3763,73138,2207,41557,1556,31581,0,0,1753,39499,2007,16805,1755,56304,California
Placer,2021-02-11,3701,76839,1912,43469,1789,33370,0,0,1566,38944,2122,18927,1567,57871,California
Placer,2021-02-12,2842,79681,1323,44792,1519,34889,0,0,1658,39456,1147,20074,1659,59530,California
Placer,2021-02-13,2510,82191,1463,46255,1047,35936,0,0,1883,40712,627,20701,1883,61413,California
Placer,2021-02-14,1088,83279,681,46936,407,36343,0,0,739,41104,347,21048,739,62152,California
Placer,2021-02-15,2239,85518,1037,47973,1202,37545,0,0,1522,41911,717,21765,1524,63676,California
Placer,2021-02-16,3577,89095,1783,49756,1794,39339,0,0,1582,41508,1986,23751,1583,65259,California
Placer,2021-02-17,3541,92636,1960,51716,1581,40920,0,0,1508,40987,2029,25780,1508,66767,California
Placer,2021-02-18,3816,96452,2061,53777,1755,42675,0,0,1630,40441,2177,27957,1631,68398,California
Placer,2021-02-19,3627,100079,1936,55713,1691,44366,0,0,1354,39528,2268,30225,1355,69753,California
Placer,2021-02-20,2033,102112,1277,56990,756,45122,0,0,922,39348,1105,31330,925,70678,California
Placer,2021-02-21,992,103104,732,57722,260,45382,0,0,286,38932,703,32033,287,70965,California
Placer,2021-02-22,2550,105654,1790,59512,760,46142,0,0,618,37618,1932,33965,618,71583,California
Placer,2021-02-23,2574,108228,1599,61111,975,47117,0,0,889,36823,1684,35649,889,72472,California
Placer,2021-02-24,3327,111555,1191,62302,2136,49253,0,0,1827,37161,1491,37140,1829,74301,California
Placer,2021-02-25,3742,115297,1545,63847,2197,51450,0,0,2056,37541,1678,38818,2058,76359,California
Placer,2021-02-26,4251,119548,2452,66299,1799,53249,0,0,2458,38210,1789,40607,2458,78817,California
Placer,2021-02-27,2873,122421,1518,67817,1355,54604,0,0,1480,38306,1387,41994,1483,80300,California
Placer,2021-02-28,1560,123981,854,68671,706,55310,0,0,728,38207,827,42821,728,81028,California
Placer,2021-03-01,3184,127165,2122,70793,1062,56372,0,0,1620,38270,1557,44378,1620,82648,California
Placer,2021-03-02,2871,130036,1768,72561,1103,57475,0,0,1878,39160,988,45366,1878,84526,California
Placer,2021-03-03,3337,133373,1439,74000,1898,59373,0,0,1822,39474,1509,46875,1823,86349,California
Placer,2021-03-04,3607,136980,1453,75453,2154,61527,0,0,1882,39644,1713,48588,1883,88232,California
Placer,2021-03-05,2993,139973,1030,76483,1942,63469,21,21,1806,40287,1184,49772,1827,90059,California
Placer,2021-03-06,2431,142404,1504,77987,830,64299,97,118,935,39831,1488,51260,1032,91091,California
Placer,2021-03-07,1311,143715,761,78748,512,64811,38,156,538,39637,770,52030,576,91667,California
Placer,2021-03-08,2896,146611,1820,80568,964,65775,112,268,1644,40143,1250,53280,1756,93423,California
Placer,2021-03-09,3176,149787,1694,82262,1393,67168,89,357,1829,40716,1345,54625,1918,95341,California
Placer,2021-03-10,3302,153089,1334,83596,1863,69031,105,462,1728,40981,1568,56193,1833,97174,California
Placer,2021-03-11,3655,156744,1665,85261,1864,70895,126,588,1754,40972,1891,58084,1882,99056,California
Placer,2021-03-12,3708,160452,1505,86766,1417,72312,786,1374,1256,40569,2446,60530,2043,101099,California
Placer,2021-03-13,2128,162580,742,87508,1262,73574,124,1498,1109,40786,1016,61546,1233,102332,California
Placer,2021-03-14,1657,164237,680,88188,826,74400,151,1649,900,41080,757,62303,1051,103383,California
Placer,2021-03-15,3193,167430,1543,89731,1521,75921,129,1778,1761,41543,1428,63731,1891,105274,California
Placer,2021-03-16,3594,171024,1929,91660,1531,77452,134,1912,2282,42658,1300,65031,2415,107689,California
Placer,2021-03-17,3455,174479,1745,93405,1606,79058,104,2016,2220,43751,1232,66263,2325,110014,California
Placer,2021-03-18,4102,178581,2330,95735,1731,80789,41,2057,2856,45408,1239,67502,2896,112910,California
Placer,2021-03-19,3445,182026,2064,97799,1114,81903,267,2324,2146,46528,1291,68793,2411,115321,California
Placer,2021-03-20,2145,184171,904,98703,1146,83049,95,2419,1305,47092,835,69628,1399,116720,California
Placer,2021-03-21,1266,185437,579,99282,677,83726,10,2429,881,47601,382,70010,891,117611,California
Placer,2021-03-22,3291,188728,2112,101394,1087,84813,92,2521,2134,48674,1153,71163,2226,119837,California
Placer,2021-03-23,3542,192270,2103,103497,1350,86163,89,2610,2524,50275,1013,72176,2614,122451,California
Placer,2021-03-24,3812,196082,2005,105502,1710,87873,97,2707,1946,50473,1845,74021,2043,124494,California
Placer,2021-03-25,3861,199943,1858,107360,1904,89777,99,2806,1726,50173,2124,76145,1824,126318,California
Placer,2021-03-26,3765,203708,1667,109027,1864,91641,234,3040,1503,49663,2247,78392,1737,128055,California
Placer,2021-03-27,1578,205286,465,109492,1094,92735,19,3059,605,49321,966,79358,624,128679,California
Placer,2021-03-28,1099,206385,528,110020,562,93297,9,3068,305,48846,789,80147,314,128993,California
Placer,2021-03-29,3561,209946,1992,112012,1535,94832,34,3102,1726,48783,1826,81973,1763,130756,California
Placer,2021-03-30,3980,213926,2099,114111,1837,96669,44,3146,2082,49024,1884,83857,2125,132881,California
Placer,2021-03-31,4106,218032,1835,115946,2197,98866,74,3220,1693,48384,2406,86263,1766,134647,California
Placer,2021-04-01,2987,221019,1440,117386,1499,100365,48,3268,1660,48770,1322,87585,1708,136355,California
Placer,2021-04-02,2836,223855,1465,118851,1306,101671,65,3333,1576,49157,1253,88838,1640,137995,California
Placer,2021-04-03,1845,225700,986,119837,731,102402,128,3461,886,49218,951,89789,1012,139007,California
Placer,2021-04-04,708,226408,360,120197,295,102697,53,3514,281,49128,424,90213,334,139341,California
Placer,2021-04-05,3023,229431,1913,122110,927,103624,183,3697,1754,49801,1263,91476,1936,141277,California
Placer,2021-04-06,4291,233722,2488,124598,1502,105126,301,3998,1519,48856,2764,94240,1819,143096,California
Placer,2021-04-07,4550,238272,2598,127196,1497,106623,455,4453,2072,48908,2471,96711,2523,145619,California
Placer,2021-04-08,4728,243000,2611,129807,1576,108199,541,4994,1587,47905,3130,99841,2127,147746,California
Placer,2021-04-09,4135,247135,2275,132082,1239,109438,621,5615,1247,46895,2880,102721,1870,149616,California
Placer,2021-04-10,2039,249174,890,132972,967,110405,182,5797,866,46772,1170,103891,1047,150663,California
Placer,2021-04-11,1369,250543,532,133504,804,111209,33,5830,461,46361,904,104795,493,151156,California
Placer,2021-04-12,4114,254657,2653,136157,1077,112286,384,6214,2478,47596,1627,106422,2862,154018,California
Placer,2021-04-13,4362,259019,2999,139156,1362,113648,1,6215,2206,47653,2152,108574,2209,156227,California
Placer,2021-04-14,4152,263171,2573,141729,1578,115226,1,6216,1855,47222,2287,110861,1856,158083,California
Placer,2021-04-15,4494,267665,2510,144239,1983,117209,1,6217,2341,47424,2142,113003,2344,160427,California
Placer,2021-04-16,3663,271328,2176,146415,1487,118696,0,6217,1421,46609,2236,115239,1421,161848,California
Placer,2021-04-17,2423,273751,843,147258,1580,120276,0,6217,1515,47221,903,116142,1515,163363,California
Placer,2021-04-18,1188,274939,255,147513,933,121209,0,6217,412,46859,774,116916,412,163775,California
Placer,2021-04-19,2928,277867,1797,149310,1131,122340,0,6217,1157,46249,1768,118684,1158,164933,California
Placer,2021-04-20,3814,281681,2467,151777,1347,123687,0,6217,2425,47294,1380,120064,2425,167358,California
Placer,2021-04-21,3665,285346,2397,154174,1267,124954,1,6218,2385,48403,1277,121341,2386,169744,California
Placer,2021-04-22,3661,289007,2271,156445,1390,126344,0,6218,1746,48237,1912,123253,1746,171490,California
Placer,2021-04-23,3503,292510,2318,158763,1184,127528,1,6219,1374,47490,2122,125375,1375,172865,California
Placer,2021-04-24,2087,294597,1266,160029,820,128348,1,6220,1220,47852,858,126233,1220,174085,California
Placer,2021-04-25,913,295510,501,160530,412,128760,0,6220,564,48067,349,126582,564,174649,California
Placer,2021-04-26,2435,297945,1299,161829,1113,129873,23,6243,1185,48033,1241,127823,1207,175856,California
Placer,2021-04-27,2691,300636,1408,163237,1243,131116,40,6283,1534,48455,1153,128976,1575,177431,California
Placer,2021-04-28,3002,303638,1881,165118,1084,132200,37,6320,1602,48703,1391,130367,1639,179070,California
Placer,2021-04-29,3378,307016,2186,167304,1139,133339,53,6373,1416,48216,1956,132323,1469,180539,California
Placer,2021-04-30,2975,309991,1798,169102,1128,134467,49,6422,1184,47664,1785,134108,1233,181772,California
Placer,2021-05-01,1327,311318,932,170034,369,134836,26,6448,602,47572,719,134827,627,182399,California
Placer,2021-05-02,730,312048,572,170606,136,134972,22,6470,331,47528,397,135224,353,182752,California
Placer,2021-05-03,1610,313658,989,171595,554,135526,67,6537,441,46869,1166,136390,507,183259,California
Placer,2021-05-04,2296,315954,1292,172887,838,136364,166,6703,858,46461,1432,137822,1024,184283,California
Placer,2021-05-05,3668,319622,2480,175367,1083,137447,105,6808,963,44831,2698,140520,1068,185351,California
Placer,2021-05-06,3091,322713,1887,177254,1127,138574,77,6885,813,43468,2253,142773,890,186241,California
Placer,2021-05-07,2811,325524,1890,179144,830,139404,91,6976,797,42352,2004,144777,888,187129,California
Placer,2021-05-08,1323,326847,706,179850,576,139980,41,7017,391,41852,930,145707,430,187559,California
Placer,2021-05-09,439,327286,204,180054,215,140195,20,7037,217,41866,222,145929,236,187795,California
Placer,2021-05-10,1923,329209,1023,181077,804,140999,96,7133,430,40903,1489,147418,526,188321,California
Placer,2021-05-11,2831,332040,2043,183120,684,141683,104,7237,584,39354,2237,149655,688,189009,California
Placer,2021-05-12,2771,334811,1915,185035,808,142491,48,7285,657,37952,2108,151763,706,189715,California
Placer,2021-05-13,2694,337505,1749,186784,899,143390,46,7331,950,37205,1742,153505,995,190710,California
Placer,2021-05-14,2742,340247,1816,188600,796,144186,130,7461,1343,37289,1386,154891,1470,192180,California
Placer,2021-05-15,2053,342300,1347,189947,682,144868,24,7485,906,37078,1141,156032,930,193110,California
Placer,2021-05-16,1012,343312,528,190475,465,145333,19,7504,343,36773,667,156699,362,193472,California
Placer,2021-05-17,2348,345660,1559,192034,713,146046,76,7580,1026,36557,1318,158017,1102,194574,California
Placer,2021-05-18,2490,348150,1675,193709,736,146782,79,7659,1127,36404,1359,159376,1206,195780,California
Placer,2021-05-19,2510,350660,1591,195300,874,147656,45,7704,880,35704,1625,161001,925,196705,California
Placer,2021-05-20,2266,352926,1498,196798,734,148390,34,7738,770,35017,1489,162490,802,197507,California
Placer,2021-05-21,2184,355110,1384,198182,665,149055,135,7873,969,34912,1207,163697,1102,198609,California
Placer,2021-05-22,1387,356497,973,199155,375,149430,39,7912,706,34981,676,164373,745,199354,California
Placer,2021-05-23,382,356879,233,199388,138,149568,11,7923,216,35044,165,164538,228,199582,California
Placer,2021-05-24,1463,358342,744,200132,604,150172,115,8038,435,34569,1025,165563,550,200132,California
Placer,2021-05-25,1783,360125,938,201070,746,150918,99,8137,662,34216,1114,166677,761,200893,California
Placer,2021-05-26,1558,361683,899,201969,629,151547,30,8167,606,33905,948,167625,637,201530,California
Placer,2021-05-27,1442,363125,708,202677,690,152237,44,8211,655,33826,778,168403,699,202229,California
Placer,2021-05-28,1676,364801,852,203529,735,152972,89,8300,719,33682,952,169355,808,203037,California
Placer,2021-05-29,721,365522,400,203929,291,153263,30,8330,363,33719,355,169710,392,203429,California
Placer,2021-05-30,343,365865,232,204161,97,153360,14,8344,221,33833,121,169831,235,203664,California
Placer,2021-05-31,145,366010,67,204228,61,153421,17,8361,28,33761,116,169947,44,203708,California
Placer,2021-06-01,1665,367675,877,205105,717,154138,71,8432,631,33434,1029,170976,702,204410,California
Placer,2021-06-02,1486,369161,757,205862,662,154800,67,8499,522,33060,963,171939,589,204999,California
Placer,2021-06-03,1675,370836,1023,206885,594,155394,58,8557,473,32392,1198,173137,530,205529,California
Placer,2021-06-04,1835,372671,1299,208184,481,155875,55,8612,456,31531,1370,174507,509,206038,California
Placer,2021-06-05,1051,373722,754,208938,260,156135,37,8649,264,31050,782,175289,301,206339,California
Placer,2021-06-06,462,374184,328,209266,117,156252,17,8666,124,30854,337,175626,141,206480,California
Placer,2021-06-07,378,374562,286,209552,85,156337,7,8673,49,30583,327,175953,56,206536,California
Plumas,2020-12-18,4,4,4,4,0,0,0,0,4,4,0,0,4,4,California
Plumas,2020-12-19,1,5,1,5,0,0,0,0,1,5,0,0,1,5,California
Plumas,2020-12-21,45,50,45,50,0,0,0,0,45,50,0,0,45,50,California
Plumas,2020-12-22,93,143,93,143,0,0,0,0,93,143,0,0,93,143,California
Plumas,2020-12-23,50,193,50,193,0,0,0,0,50,193,0,0,50,193,California
Plumas,2020-12-24,6,199,6,199,0,0,0,0,6,199,0,0,6,199,California
Plumas,2020-12-28,8,207,0,199,8,8,0,0,8,207,0,0,8,207,California
Plumas,2020-12-29,32,239,22,221,10,18,0,0,32,239,0,0,32,239,California
Plumas,2020-12-30,23,262,1,222,22,40,0,0,23,262,0,0,23,262,California
Plumas,2020-12-31,4,266,1,223,3,43,0,0,4,266,0,0,4,266,California
Plumas,2021-01-02,1,267,0,223,1,44,0,0,1,267,0,0,1,267,California
Plumas,2021-01-04,10,277,3,226,7,51,0,0,10,277,0,0,10,277,California
Plumas,2021-01-05,22,299,1,227,21,72,0,0,22,299,0,0,22,299,California
Plumas,2021-01-06,121,420,5,232,116,188,0,0,121,420,0,0,121,420,California
Plumas,2021-01-07,52,472,2,234,50,238,0,0,51,470,1,1,51,471,California
Plumas,2021-01-08,12,484,5,239,7,245,0,0,8,474,4,5,8,479,California
Plumas,2021-01-09,1,485,1,240,0,245,0,0,0,473,1,6,0,479,California
Plumas,2021-01-11,58,543,50,290,8,253,0,0,11,437,47,53,11,490,California
Plumas,2021-01-12,156,699,87,377,69,322,0,0,71,423,85,138,71,561,California
Plumas,2021-01-13,55,754,50,427,5,327,0,0,9,386,46,184,9,570,California
Plumas,2021-01-14,98,852,14,441,84,411,0,0,93,474,5,189,93,663,California
Plumas,2021-01-15,62,914,7,448,55,466,0,0,60,532,2,191,60,723,California
Plumas,2021-01-16,58,972,1,449,57,523,0,0,58,590,0,191,58,781,California
Plumas,2021-01-18,2,974,1,450,1,524,0,0,2,592,0,191,2,783,California
Plumas,2021-01-19,37,1011,5,455,32,556,0,0,33,621,4,195,33,816,California
Plumas,2021-01-20,130,1141,2,457,128,684,0,0,128,747,2,197,128,944,California
Plumas,2021-01-21,111,1252,2,459,109,793,0,0,111,858,0,197,111,1055,California
Plumas,2021-01-22,5,1257,1,460,4,797,0,0,5,863,0,197,5,1060,California
Plumas,2021-01-23,94,1351,2,462,92,889,0,0,94,957,0,197,94,1154,California
Plumas,2021-01-24,1,1352,1,463,0,889,0,0,1,958,0,197,1,1155,California
Plumas,2021-01-25,9,1361,6,469,3,892,0,0,7,963,2,199,7,1162,California
Plumas,2021-01-26,59,1420,2,471,57,949,0,0,51,1006,8,207,51,1213,California
Plumas,2021-01-27,27,1447,22,493,5,954,0,0,7,993,20,227,7,1220,California
Plumas,2021-01-28,24,1471,1,494,23,977,0,0,22,1013,2,229,22,1242,California
Plumas,2021-01-29,8,1479,2,496,6,983,0,0,7,1019,1,230,7,1249,California
Plumas,2021-01-30,7,1486,3,499,4,987,0,0,7,1026,0,230,7,1256,California
Plumas,2021-01-31,3,1489,3,502,0,987,0,0,3,1029,0,230,3,1259,California
Plumas,2021-02-01,16,1505,2,504,14,1001,0,0,8,1029,8,238,8,1267,California
Plumas,2021-02-02,23,1528,2,506,21,1022,0,0,2,1010,21,259,2,1269,California
Plumas,2021-02-03,126,1654,8,514,118,1140,0,0,13,911,112,371,13,1282,California
Plumas,2021-02-04,102,1756,8,522,94,1234,0,0,23,855,79,450,23,1305,California
Plumas,2021-02-05,27,1783,12,534,15,1249,0,0,12,852,15,465,12,1317,California
Plumas,2021-02-06,7,1790,0,534,7,1256,0,0,7,859,0,465,7,1324,California
Plumas,2021-02-08,14,1804,5,539,9,1265,0,0,2,849,12,477,2,1326,California
Plumas,2021-02-09,173,1977,3,542,170,1435,0,0,113,902,60,537,113,1439,California
Plumas,2021-02-10,98,2075,8,550,90,1525,0,0,92,989,6,543,93,1532,California
Plumas,2021-02-11,337,2412,6,556,331,1856,0,0,277,1206,60,603,277,1809,California
Plumas,2021-02-12,123,2535,4,560,119,1975,0,0,117,1317,6,609,117,1926,California
Plumas,2021-02-13,76,2611,6,566,70,2045,0,0,16,1273,60,669,16,1942,California
Plumas,2021-02-14,8,2619,5,571,3,2048,0,0,8,1281,0,669,8,1950,California
Plumas,2021-02-15,26,2645,5,576,21,2069,0,0,23,1301,3,672,23,1973,California
Plumas,2021-02-16,80,2725,5,581,75,2144,0,0,16,1253,64,736,16,1989,California
Plumas,2021-02-17,146,2871,5,586,141,2285,0,0,12,1131,134,870,12,2001,California
Plumas,2021-02-18,130,3001,7,593,123,2408,0,0,21,1044,109,979,22,2023,California
Plumas,2021-02-19,43,3044,6,599,37,2445,0,0,8,1017,35,1014,8,2031,California
Plumas,2021-02-20,105,3149,7,606,98,2543,0,0,13,938,92,1106,13,2044,California
Plumas,2021-02-21,6,3155,5,611,1,2544,0,0,2,936,4,1110,2,2046,California
Plumas,2021-02-22,3,3158,1,612,2,2546,0,0,0,933,3,1113,0,2046,California
Plumas,2021-02-23,24,3182,5,617,19,2565,0,0,17,943,7,1120,17,2063,California
Plumas,2021-02-24,470,3652,7,624,463,3028,0,0,457,1387,13,1133,457,2520,California
Plumas,2021-02-25,237,3889,12,636,225,3253,0,0,174,1498,63,1196,174,2694,California
Plumas,2021-02-26,267,4156,8,644,259,3512,0,0,258,1748,9,1205,259,2953,California
Plumas,2021-02-27,40,4196,4,648,36,3548,0,0,33,1774,7,1212,33,2986,California
Plumas,2021-02-28,2,4198,0,648,2,3550,0,0,2,1776,0,1212,2,2988,California
Plumas,2021-03-01,15,4213,2,650,13,3563,0,0,10,1782,4,1216,10,2998,California
Plumas,2021-03-02,11,4224,1,651,10,3573,0,0,7,1786,3,1219,7,3005,California
Plumas,2021-03-03,170,4394,9,660,161,3734,0,0,154,1924,16,1235,154,3159,California
Plumas,2021-03-04,251,4645,8,668,243,3977,0,0,229,2131,22,1257,229,3388,California
Plumas,2021-03-05,400,5045,6,674,389,4366,5,5,389,2514,11,1268,394,3782,California
Plumas,2021-03-06,20,5065,3,677,9,4375,8,13,3,2508,17,1285,11,3793,California
Plumas,2021-03-07,14,5079,3,680,2,4377,9,22,4,2511,10,1295,13,3806,California
Plumas,2021-03-08,30,5109,3,683,2,4379,25,47,3,2512,27,1322,28,3834,California
Plumas,2021-03-09,136,5245,3,686,118,4497,15,62,20,2431,116,1438,35,3869,California
Plumas,2021-03-10,284,5529,4,690,266,4763,14,76,110,2382,173,1611,124,3993,California
Plumas,2021-03-11,183,5712,9,699,169,4932,5,81,148,2500,35,1646,153,4146,California
Plumas,2021-03-12,594,6306,5,704,302,5234,287,368,23,2239,571,2217,310,4456,California
Plumas,2021-03-13,25,6331,4,708,10,5244,11,379,4,2233,21,2238,15,4471,California
Plumas,2021-03-14,12,6343,3,711,4,5248,5,384,1,2229,10,2248,6,4477,California
Plumas,2021-03-15,31,6374,0,711,24,5272,7,391,6,2217,25,2273,13,4490,California
Plumas,2021-03-16,61,6435,3,714,57,5329,1,392,49,2255,12,2285,50,4540,California
Plumas,2021-03-17,70,6505,8,722,61,5390,1,393,55,2297,14,2299,56,4596,California
Plumas,2021-03-18,61,6566,6,728,39,5429,16,409,11,2274,50,2349,27,4623,California
Plumas,2021-03-19,163,6729,5,733,156,5585,2,411,155,2426,6,2355,158,4781,California
Plumas,2021-03-20,709,7438,4,737,704,6289,1,412,688,3096,19,2374,689,5470,California
Plumas,2021-03-21,2,7440,1,738,1,6290,0,412,1,3097,0,2374,1,5471,California
Plumas,2021-03-22,191,7631,2,740,189,6479,0,412,184,3274,7,2381,184,5655,California
Plumas,2021-03-23,28,7659,2,742,26,6505,0,412,14,3274,14,2395,14,5669,California
Plumas,2021-03-24,673,8332,6,748,666,7171,1,413,226,3055,446,2841,227,5896,California
Plumas,2021-03-25,305,8637,7,755,296,7467,2,415,161,3072,144,2985,161,6057,California
Plumas,2021-03-26,316,8953,10,765,306,7773,0,415,47,2851,268,3253,47,6104,California
Plumas,2021-03-27,13,8966,1,766,11,7784,1,416,3,2845,10,3263,4,6108,California
Plumas,2021-03-28,8,8974,4,770,3,7787,1,417,4,2846,4,3267,5,6113,California
Plumas,2021-03-29,12,8986,4,774,7,7794,1,418,4,2843,8,3275,5,6118,California
Plumas,2021-03-30,169,9155,3,777,164,7958,2,420,26,2728,143,3418,28,6146,California
Plumas,2021-03-31,290,9445,3,780,286,8244,1,421,268,2975,22,3440,269,6415,California
Plumas,2021-04-01,302,9747,11,791,290,8534,1,422,59,2794,240,3680,59,6474,California
Plumas,2021-04-02,377,10124,4,795,371,8905,2,424,30,2490,336,4016,32,6506,California
Plumas,2021-04-03,15,10139,3,798,5,8910,7,431,4,2490,11,4027,11,6517,California
Plumas,2021-04-04,3,10142,1,799,1,8911,1,432,0,2488,3,4030,1,6518,California
Plumas,2021-04-05,12,10154,4,803,7,8918,1,433,4,2486,7,4037,5,6523,California
Plumas,2021-04-06,128,10282,6,809,96,9014,26,459,15,2414,113,4150,41,6564,California
Plumas,2021-04-07,287,10569,7,816,102,9116,178,637,28,2361,259,4409,206,6770,California
Plumas,2021-04-08,153,10722,3,819,134,9250,16,653,37,2298,115,4524,52,6822,California
Plumas,2021-04-09,50,10772,9,828,24,9274,17,670,17,2298,33,4557,33,6855,California
Plumas,2021-04-10,23,10795,2,830,5,9279,16,686,5,2301,18,4575,21,6876,California
Plumas,2021-04-11,2,10797,1,831,0,9279,1,687,1,2302,1,4576,2,6878,California
Plumas,2021-04-12,12,10809,4,835,5,9284,3,690,6,2305,6,4582,9,6887,California
Plumas,2021-04-13,210,11019,4,839,206,9490,0,690,145,2385,65,4647,145,7032,California
Plumas,2021-04-14,108,11127,6,845,102,9592,0,690,55,2387,53,4700,55,7087,California
Plumas,2021-04-15,52,11179,2,847,50,9642,0,690,34,2403,18,4718,34,7121,California
Plumas,2021-04-16,143,11322,3,850,140,9782,0,690,2,2264,141,4859,2,7123,California
Plumas,2021-04-17,679,12001,2,852,677,10459,0,690,19,1625,658,5517,19,7142,California
Plumas,2021-04-18,3,12004,3,855,0,10459,0,690,0,1622,3,5520,0,7142,California
Plumas,2021-04-19,38,12042,2,857,36,10495,0,690,5,1594,33,5553,5,7147,California
Plumas,2021-04-20,43,12085,5,862,38,10533,0,690,28,1608,14,5567,28,7175,California
Plumas,2021-04-21,318,12403,5,867,312,10845,1,691,17,1324,301,5868,17,7192,California
Plumas,2021-04-22,275,12678,7,874,268,11113,0,691,129,1307,146,6014,129,7321,California
Plumas,2021-04-23,74,12752,5,879,69,11182,0,691,16,1265,58,6072,16,7337,California
Plumas,2021-04-24,171,12923,5,884,166,11348,0,691,145,1385,25,6097,145,7482,California
Plumas,2021-04-26,31,12954,4,888,27,11375,0,691,8,1371,22,6119,8,7490,California
Plumas,2021-04-27,98,13052,4,892,94,11469,0,691,61,1395,37,6156,61,7551,California
Plumas,2021-04-28,284,13336,4,896,280,11749,0,691,38,1188,245,6401,38,7589,California
Plumas,2021-04-29,172,13508,68,964,104,11853,0,691,119,1254,53,6454,119,7708,California
Plumas,2021-04-30,22,13530,11,975,11,11864,0,691,7,1246,15,6469,7,7715,California
Plumas,2021-05-01,4,13534,1,976,2,11866,1,692,1,1246,2,6471,2,7717,California
Plumas,2021-05-02,1,13535,1,977,0,11866,0,692,1,1247,0,6471,1,7718,California
Plumas,2021-05-03,18,13553,6,983,6,11872,6,698,6,1248,11,6482,12,7730,California
Plumas,2021-05-04,31,13584,3,986,21,11893,7,705,18,1261,12,6494,25,7755,California
Plumas,2021-05-05,48,13632,4,990,43,11936,1,706,22,1258,26,6520,23,7778,California
Plumas,2021-05-06,65,13697,2,992,57,11993,6,712,20,1239,45,6565,26,7804,California
Plumas,2021-05-07,22,13719,5,997,16,12009,1,713,8,1234,14,6579,9,7813,California
Plumas,2021-05-08,6,13725,0,997,4,12013,2,715,4,1238,2,6581,6,7819,California
Plumas,2021-05-10,50,13775,0,997,27,12040,23,738,23,1257,27,6608,46,7865,California
Plumas,2021-05-11,171,13946,3,1000,149,12189,19,757,15,1135,156,6764,34,7899,California
Plumas,2021-05-12,100,14046,2,1002,91,12280,7,764,37,1117,62,6826,44,7943,California
Plumas,2021-05-13,37,14083,3,1005,32,12312,2,766,13,1108,24,6850,15,7958,California
Plumas,2021-05-14,19,14102,3,1008,11,12323,5,771,9,1112,10,6860,14,7972,California
Plumas,2021-05-15,10,14112,4,1012,4,12327,2,773,4,1112,6,6866,6,7978,California
Plumas,2021-05-16,1,14113,1,1013,0,12327,0,773,1,1113,0,6866,1,7979,California
Plumas,2021-05-17,14,14127,0,1013,5,12332,9,782,4,1116,10,6876,13,7992,California
Plumas,2021-05-18,45,14172,7,1020,37,12369,1,783,25,1122,20,6896,26,8018,California
Plumas,2021-05-19,47,14219,3,1023,30,12399,14,797,12,1114,35,6931,27,8045,California
Plumas,2021-05-20,187,14406,133,1156,43,12442,11,808,77,1092,110,7041,88,8133,California
Plumas,2021-05-21,30,14436,9,1165,15,12457,6,814,15,1098,15,7056,21,8154,California
Plumas,2021-05-22,136,14572,2,1167,134,12591,0,814,6,975,129,7185,6,8160,California
Plumas,2021-05-23,1,14573,1,1168,0,12591,0,814,0,974,1,7186,0,8160,California
Plumas,2021-05-24,50,14623,37,1205,12,12603,1,815,41,1007,9,7195,42,8202,California
Plumas,2021-05-25,73,14696,3,1208,69,12672,1,816,16,967,57,7252,17,8219,California
Plumas,2021-05-26,42,14738,7,1215,28,12700,7,823,17,966,25,7277,24,8243,California
Plumas,2021-05-27,102,14840,26,1241,63,12763,13,836,42,962,59,7336,55,8298,California
Plumas,2021-05-28,42,14882,16,1257,24,12787,2,838,23,968,19,7355,25,8323,California
Plumas,2021-05-29,8,14890,0,1257,8,12795,0,838,6,973,2,7357,7,8330,California
Plumas,2021-05-31,5,14895,0,1257,2,12797,3,841,0,972,4,7361,3,8333,California
Plumas,2021-06-01,34,14929,8,1265,20,12817,6,847,9,963,25,7386,16,8349,California
Plumas,2021-06-02,60,14989,5,1270,34,12851,21,868,10,944,50,7436,31,8380,California
Plumas,2021-06-03,64,15053,16,1286,38,12889,10,878,26,942,38,7474,36,8416,California
Plumas,2021-06-04,13,15066,2,1288,9,12898,2,880,7,945,6,7480,9,8425,California
Plumas,2021-06-05,6,15072,2,1290,4,12902,0,880,1,941,5,7485,1,8426,California
Plumas,2021-06-06,2,15074,1,1291,1,12903,0,880,0,939,2,7487,0,8426,California
Plumas,2021-06-07,34,15108,5,1296,22,12925,7,887,6,924,28,7515,13,8439,California
Riverside,2020-12-15,5,5,5,5,0,0,0,0,5,5,0,0,5,5,California
Riverside,2020-12-16,70,75,70,75,0,0,0,0,70,75,0,0,70,75,California
Riverside,2020-12-17,814,889,814,889,0,0,0,0,814,889,0,0,814,889,California
Riverside,2020-12-18,1729,2618,1728,2617,1,1,0,0,1729,2618,0,0,1729,2618,California
Riverside,2020-12-19,1029,3647,1026,3643,3,4,0,0,1027,3644,1,1,1027,3645,California
Riverside,2020-12-20,1086,4733,1085,4728,1,5,0,0,1086,4730,0,1,1086,4731,California
Riverside,2020-12-21,2274,7007,2272,7000,2,7,0,0,2274,7004,0,1,2274,7005,California
Riverside,2020-12-22,2259,9266,2220,9220,39,46,0,0,2259,9263,0,1,2259,9264,California
Riverside,2020-12-23,2147,11413,1805,11025,342,388,0,0,2148,11411,0,1,2148,11412,California
Riverside,2020-12-24,822,12235,619,11644,203,591,0,0,822,12233,0,1,822,12234,California
Riverside,2020-12-25,28,12263,5,11649,23,614,0,0,28,12261,0,1,28,12262,California
Riverside,2020-12-26,400,12663,257,11906,143,757,0,0,400,12661,0,1,400,12662,California
Riverside,2020-12-27,368,13031,247,12153,121,878,0,0,368,13029,0,1,368,13030,California
Riverside,2020-12-28,1636,14667,1131,13284,505,1383,0,0,1637,14666,0,1,1637,14667,California
Riverside,2020-12-29,1741,16408,971,14255,770,2153,0,0,1741,16407,0,1,1741,16408,California
Riverside,2020-12-30,2578,18986,1682,15937,896,3049,0,0,2578,18985,0,1,2578,18986,California
Riverside,2020-12-31,1023,20009,396,16333,627,3676,0,0,1025,20010,0,1,1025,20011,California
Riverside,2021-01-01,123,20132,47,16380,76,3752,0,0,123,20133,0,1,123,20134,California
Riverside,2021-01-02,835,20967,694,17074,141,3893,0,0,835,20968,0,1,835,20969,California
Riverside,2021-01-03,344,21311,298,17372,46,3939,0,0,343,21311,0,1,343,21312,California
Riverside,2021-01-04,1267,22578,794,18166,473,4412,0,0,1267,22578,0,1,1267,22579,California
Riverside,2021-01-05,1990,24568,1366,19532,624,5036,0,0,1895,24383,90,91,1895,24474,California
Riverside,2021-01-06,2497,27065,1113,20645,1384,6420,0,0,2187,26264,306,397,2187,26661,California
Riverside,2021-01-07,2787,29852,1829,22474,958,7378,0,0,1720,26924,1061,1458,1721,28382,California
Riverside,2021-01-08,4069,33921,2938,25412,1131,8509,0,0,2252,27363,1813,3271,2252,30634,California
Riverside,2021-01-09,2077,35998,848,26260,1229,9738,0,0,1725,28737,351,3622,1725,32359,California
Riverside,2021-01-10,1669,37667,734,26994,935,10673,0,0,1068,29204,601,4223,1068,33427,California
Riverside,2021-01-11,4522,42189,3095,30089,1427,12100,0,0,2788,30261,1732,5955,2789,36216,California
Riverside,2021-01-12,3417,45606,2742,32831,675,12775,0,0,1721,30291,1691,7646,1721,37937,California
Riverside,2021-01-13,4463,50069,2944,35775,1519,14294,0,0,2844,31519,1616,9262,2844,40781,California
Riverside,2021-01-14,5525,55594,1917,37692,3608,17902,0,0,4942,35879,582,9844,4942,45723,California
Riverside,2021-01-15,6087,61681,2006,39698,4081,21983,0,0,5796,41385,290,10134,5796,51519,California
Riverside,2021-01-16,3616,65297,1020,40718,2596,24579,0,0,3369,44508,247,10381,3370,54889,California
Riverside,2021-01-17,3596,68893,588,41306,3008,27587,0,0,3397,47708,197,10578,3397,58286,California
Riverside,2021-01-18,3755,72648,2047,43353,1708,29295,0,0,2743,49439,1012,11590,2743,61029,California
Riverside,2021-01-19,7424,80072,2649,46002,4775,34070,0,0,6301,54618,1123,12713,6302,67331,California
Riverside,2021-01-20,8233,88305,3139,49141,5094,39164,0,0,6567,59535,1654,14367,6571,73902,California
Riverside,2021-01-21,8348,96653,3504,52645,4844,44008,0,0,7696,66579,653,15020,7697,81599,California
Riverside,2021-01-22,8732,105385,2964,55609,5768,49776,0,0,8300,74450,430,15450,8301,89900,California
Riverside,2021-01-23,5902,111287,2364,57973,3538,53314,0,0,5181,78912,720,16170,5182,95082,California
Riverside,2021-01-24,3041,114328,1436,59409,1605,54919,0,0,2826,81527,212,16382,2827,97909,California
Riverside,2021-01-25,7892,122220,4540,63949,3352,58271,0,0,6766,87169,1125,17507,6767,104676,California
Riverside,2021-01-26,9153,131373,5725,69674,3428,61699,0,0,7642,93304,1508,19015,7643,112319,California
Riverside,2021-01-27,10931,142304,6395,76069,4536,66235,0,0,9316,101013,1610,20625,9319,121638,California
Riverside,2021-01-28,11510,153814,6791,82860,4719,70954,0,0,10340,110192,1162,21787,10341,131979,California
Riverside,2021-01-29,11944,165758,7287,90147,4657,75611,0,0,10566,119411,1352,23139,10571,142550,California
Riverside,2021-01-30,9068,174826,4617,94764,4451,80062,0,0,8606,127558,460,23599,8607,151157,California
Riverside,2021-01-31,5172,179998,4260,99024,912,80974,0,0,5041,132473,130,23729,5045,156202,California
Riverside,2021-02-01,10985,190983,6790,105814,4195,85169,0,0,9134,139766,1844,25573,9137,165339,California
Riverside,2021-02-02,9480,200463,4820,110634,4660,89829,0,0,8012,146321,1460,27033,8015,173354,California
Riverside,2021-02-03,12195,212658,5148,115782,7047,96876,0,0,9824,153783,2362,29395,9824,183178,California
Riverside,2021-02-04,13520,226178,6010,121792,7510,104386,0,0,11432,163138,2080,31475,11435,194613,California
Riverside,2021-02-05,14327,240505,5391,127183,8936,113322,0,0,11276,171374,3044,34519,11280,205893,California
Riverside,2021-02-06,7233,247738,4264,131447,2969,116291,0,0,5592,175335,1634,36153,5595,211488,California
Riverside,2021-02-07,2167,249905,796,132243,1371,117662,0,0,1846,176863,319,36472,1847,213335,California
Riverside,2021-02-08,12475,262380,5551,137794,6924,124586,0,0,10160,184727,2300,38772,10164,223499,California
Riverside,2021-02-09,9638,272018,4516,142310,5122,129708,0,0,7693,190487,1938,40710,7698,231197,California
Riverside,2021-02-10,12084,284102,6972,149282,5112,134820,0,0,8911,196244,3163,43873,8920,240117,California
Riverside,2021-02-11,16634,300736,9062,158344,7572,142392,0,0,12114,203875,4498,48371,12129,252246,California
Riverside,2021-02-12,17720,318456,10797,169141,6923,149315,0,0,12831,211873,4845,53216,12843,265089,California
Riverside,2021-02-13,6314,324770,2133,171274,4181,153496,0,0,3091,211777,3208,56424,3112,268201,California
Riverside,2021-02-14,4920,329690,1118,172392,3802,157298,0,0,2178,211217,2738,59162,2178,270379,California
Riverside,2021-02-15,9819,339509,4999,177391,4820,162118,0,0,5400,212215,4410,63572,5408,275787,California
Riverside,2021-02-16,16130,355639,10117,187508,6013,168131,0,0,9252,214605,6870,70442,9260,285047,California
Riverside,2021-02-17,15034,370673,8214,195722,6820,174951,0,0,7446,214487,7574,78016,7456,292503,California
Riverside,2021-02-18,15556,386229,8985,204707,6571,181522,0,0,8019,215007,7514,85530,8034,300537,California
Riverside,2021-02-19,15307,401536,8225,212932,7082,188604,0,0,7228,214183,8060,93590,7236,307773,California
Riverside,2021-02-20,8320,409856,4500,217432,3820,192424,0,0,2162,210208,6141,99731,2166,309939,California
Riverside,2021-02-21,4405,414261,3883,221315,522,192946,0,0,1234,208286,3156,102887,1234,311173,California
Riverside,2021-02-22,12388,426649,7780,229095,4608,197554,0,0,5109,206137,7263,110150,5114,316287,California
Riverside,2021-02-23,11127,437776,7573,236668,3554,201108,0,0,5397,205835,5703,115853,5401,321688,California
Riverside,2021-02-24,14808,452584,8102,244770,6706,207814,0,0,6292,203666,8478,124331,6309,327997,California
Riverside,2021-02-25,17368,469952,7405,252175,9963,217777,0,0,8076,202498,9268,133599,8100,336097,California
Riverside,2021-02-26,18648,488600,6737,258912,11911,229688,0,0,9306,202554,9284,142883,9340,345437,California
Riverside,2021-02-27,12094,500694,5606,264518,6488,236176,0,0,5763,202046,6298,149181,5790,351227,California
Riverside,2021-02-28,4889,505583,3226,267744,1663,237839,0,0,2407,201991,2469,151650,2414,353641,California
Riverside,2021-03-01,14382,519965,6116,273860,8263,246102,3,3,8455,204588,5889,157539,8486,362127,California
Riverside,2021-03-02,15385,535350,7520,281380,7864,253966,1,4,9021,207297,6342,163881,9051,371178,California
Riverside,2021-03-03,16936,552286,8385,289765,8551,262517,0,4,7305,205150,9580,173461,7433,378611,California
Riverside,2021-03-04,18759,571045,7477,297242,11277,273794,5,9,8905,204401,9809,183270,9060,387671,California
Riverside,2021-03-05,18924,589969,7608,304850,11272,285066,44,53,9377,204603,9496,192766,9698,397369,California
Riverside,2021-03-06,9528,599497,5080,309930,3967,289033,481,534,4752,205100,4763,197529,5260,402629,California
Riverside,2021-03-07,4262,603759,2753,312683,1120,290153,389,923,2010,205260,2243,199772,2403,405032,California
Riverside,2021-03-08,11968,615727,4757,317440,6801,296954,410,1333,5342,204452,6606,206378,5798,410830,California
Riverside,2021-03-09,14799,630526,6895,324335,7402,304356,502,1835,5898,202110,8878,215256,6536,417366,California
Riverside,2021-03-10,15915,646441,8514,332849,6474,310830,927,2762,6213,199745,9657,224913,7292,424658,California
Riverside,2021-03-11,19313,665754,9470,342319,7993,318823,1850,4612,7612,197748,11666,236579,9669,434327,California
Riverside,2021-03-12,21202,686956,7933,350252,8524,327347,4745,9357,7063,195781,14100,250679,12133,446460,California
Riverside,2021-03-13,8516,695472,2547,352799,4738,332085,1231,10588,4371,197336,4123,254802,5678,452138,California
Riverside,2021-03-14,4748,700220,1621,354420,1755,333840,1372,11960,2088,198143,2649,257451,3456,455594,California
Riverside,2021-03-15,18701,718921,7871,362291,9164,343004,1666,13626,9210,199672,9447,266898,10976,466570,California
Riverside,2021-03-16,20902,739823,10145,372436,9944,352948,813,14439,11391,202494,9474,276372,12296,478866,California
Riverside,2021-03-17,21341,761164,10950,383386,9331,362279,1060,15499,12826,207960,8479,284851,13945,492811,California
Riverside,2021-03-18,22622,783786,11772,395158,9181,371460,1669,17168,12548,212163,10022,294873,14225,507036,California
Riverside,2021-03-19,24163,807949,12686,407844,10506,381966,971,18139,14108,217613,9995,304868,15445,522481,California
Riverside,2021-03-20,10688,818637,6898,414742,2607,384573,1183,19322,6875,221888,3782,308650,8057,530538,California
Riverside,2021-03-21,3748,822385,2922,417664,560,385133,266,19588,2556,223537,1174,309824,2823,533361,California
Riverside,2021-03-22,16647,839032,9930,427594,6166,391299,551,20139,10598,228691,5992,315816,11146,544507,California
Riverside,2021-03-23,18571,857603,10515,438109,7634,398933,422,20561,11933,234483,6577,322393,12369,556876,California
Riverside,2021-03-24,18733,876336,10457,448566,8155,407088,121,20682,12861,241649,5822,328215,12988,569864,California
Riverside,2021-03-25,21165,897501,11677,460243,9310,416398,178,20860,14184,249109,6906,335121,14366,584230,California
Riverside,2021-03-26,24155,921656,11941,472184,12049,428447,165,21025,15023,255270,9030,344151,15191,599421,California
Riverside,2021-03-27,9350,931006,4910,477094,3388,431835,1052,22077,4825,256648,4501,348652,5879,605300,California
Riverside,2021-03-28,4774,935780,3139,480233,1542,433377,93,22170,2841,257663,1920,350572,2935,608235,California
Riverside,2021-03-29,17664,953444,8449,488682,9096,442473,119,22289,10920,262016,6698,357270,11051,619286,California
Riverside,2021-03-30,18369,971813,9559,498241,8603,451076,207,22496,11711,267319,6617,363887,11920,631206,California
Riverside,2021-03-31,18157,989970,8447,506688,9403,460479,307,22803,11463,272453,6646,370533,11780,642986,California
Riverside,2021-04-01,25569,1015539,12497,519185,12294,472773,778,23581,16506,280744,8992,379525,17283,660269,California
Riverside,2021-04-02,26152,1041691,14074,533259,11126,483899,952,24533,16380,288589,9709,389234,17554,677823,California
Riverside,2021-04-03,9390,1051081,5968,539227,2829,486728,593,25126,6049,291907,3320,392554,6638,684461,California
Riverside,2021-04-04,3401,1054482,2067,541294,1090,487818,244,25370,1717,292194,1675,394229,1962,686423,California
Riverside,2021-04-05,18481,1072963,9463,550757,7157,494975,1861,27231,9943,295501,8496,402725,11803,698226,California
Riverside,2021-04-06,23807,1096770,12370,563127,9299,504274,2138,29369,13276,300427,10479,413204,15405,713631,California
Riverside,2021-04-07,24895,1121665,13436,576563,8937,513211,2522,31891,13851,305803,10994,424198,16370,730001,California
Riverside,2021-04-08,27462,1149127,15191,591754,9287,522498,2984,34875,16785,314948,10606,434804,19751,749752,California
Riverside,2021-04-09,26302,1175429,15460,607214,8382,530880,2460,37335,16044,323259,10211,445015,18522,768274,California
Riverside,2021-04-10,12029,1187458,6745,613959,3888,534768,1396,38731,5261,323185,6724,451739,6650,774924,California
Riverside,2021-04-11,4639,1192097,2759,616718,1260,536028,620,39351,2193,323562,2434,454173,2811,777735,California
Riverside,2021-04-12,20193,1212290,8987,625705,8559,544587,2647,41998,10119,326299,10035,464208,12772,790507,California
Riverside,2021-04-13,20042,1232332,11218,636923,8797,553384,27,42025,11469,329270,8534,472742,11505,802012,California
Riverside,2021-04-14,22167,1254499,12203,649126,9949,563333,15,42040,10878,328970,11220,483962,10920,812932,California
Riverside,2021-04-15,21985,1276484,12454,661580,9523,572856,8,42048,11578,330230,10340,494302,11600,824532,California
Riverside,2021-04-16,24898,1301382,14409,675989,10483,583339,6,42054,11511,328422,13332,507634,11524,836056,California
Riverside,2021-04-17,9871,1311253,6504,682493,3367,586706,0,42054,4959,328492,4896,512530,4966,841022,California
Riverside,2021-04-18,3851,1315104,2806,685299,1038,587744,7,42061,1808,328281,2029,514559,1818,842840,California
Riverside,2021-04-19,19461,1334565,11574,696873,7884,595628,3,42064,6955,322779,12465,527024,6963,849803,California
Riverside,2021-04-20,18878,1353443,9958,706831,8911,604539,9,42073,7733,319423,11101,538125,7745,857548,California
Riverside,2021-04-21,19849,1373292,11422,718253,8418,612957,9,42082,7989,315634,11793,549918,8004,865552,California
Riverside,2021-04-22,23245,1396537,13573,731826,9668,622625,4,42086,8670,309809,14504,564422,8679,874231,California
Riverside,2021-04-23,23312,1419849,13721,745547,9577,632202,14,42100,9137,304850,14118,578540,9159,883390,California
Riverside,2021-04-24,10471,1430320,7299,752846,3169,635371,3,42103,4817,304054,5616,584156,4820,888210,California
Riverside,2021-04-25,4214,1434534,2818,755664,1395,636766,1,42104,2185,304231,2010,586166,2187,890397,California
Riverside,2021-04-26,16918,1451452,10595,766259,6278,643044,45,42149,5729,298863,11146,597312,5778,896175,California
Riverside,2021-04-27,18024,1469476,10304,776563,7538,650582,182,42331,6251,293566,11730,609042,6433,902608,California
Riverside,2021-04-28,16477,1485953,8862,785425,7360,657942,255,42586,5548,288498,10871,619913,5803,908411,California
Riverside,2021-04-29,18715,1504668,11445,796870,6924,664866,346,42932,5379,280948,13272,633185,5722,914133,California
Riverside,2021-04-30,19786,1524454,11426,808296,7979,672845,381,43313,6374,274348,13358,646543,6758,920891,California
Riverside,2021-05-01,6755,1531209,4866,813162,1722,674567,167,43480,2323,272428,4408,650951,2488,923379,California
Riverside,2021-05-02,3352,1534561,2183,815345,961,675528,208,43688,1068,271443,2267,653218,1282,924661,California
Riverside,2021-05-03,17992,1552553,11051,826396,6452,681980,489,44177,4161,262321,13769,666987,4647,929308,California
Riverside,2021-05-04,17238,1569791,10947,837343,5874,687854,417,44594,4863,255289,12308,679295,5276,934584,California
Riverside,2021-05-05,15776,1585567,8926,846269,6490,694344,360,44954,4548,249029,11168,690463,4908,939492,California
Riverside,2021-05-06,17756,1603323,9944,856213,7403,701747,409,45363,4500,240754,13185,703648,4910,944402,California
Riverside,2021-05-07,20296,1623619,11570,867783,8297,710044,429,45792,5347,231655,14871,718519,5772,950174,California
Riverside,2021-05-08,6813,1630432,4534,872317,2051,712095,228,46020,2555,230209,4228,722747,2782,952956,California
Riverside,2021-05-09,2306,1632738,1511,873828,640,712735,155,46175,853,229772,1445,724192,1008,953964,California
Riverside,2021-05-10,10023,1642761,5140,878968,4513,717248,370,46545,2854,225876,7120,731312,3224,957188,California
Riverside,2021-05-11,13572,1656333,8149,887117,4931,722179,492,47037,3690,220257,9802,741114,4183,961371,California
Riverside,2021-05-12,11932,1668265,5821,892938,5825,728004,286,47323,3611,215883,8269,749383,3895,965266,California
Riverside,2021-05-13,13753,1682018,8159,901097,5330,733334,264,47587,4864,212177,8838,758221,5132,970398,California
Riverside,2021-05-14,17717,1699735,11195,912292,5731,739065,791,48378,6921,209159,10728,768949,7710,978108,California
Riverside,2021-05-15,9672,1709407,6926,919218,2349,741414,397,48775,4936,209787,4705,773654,5333,983441,California
Riverside,2021-05-16,3462,1712869,2513,921731,839,742253,110,48885,1707,209858,1744,775398,1815,985256,California
Riverside,2021-05-17,11735,1724604,7561,929292,3836,746089,338,49223,5177,208852,6525,781923,5519,990775,California
Riverside,2021-05-18,15018,1739622,9292,938584,5383,751472,343,49566,6176,206577,8795,790718,6520,997295,California
Riverside,2021-05-19,12109,1751731,7665,946249,4219,755691,225,49791,5987,206716,6074,796792,6213,1003508,California
Riverside,2021-05-20,10136,1761867,6214,952463,3672,759363,250,50041,4475,205826,5619,802411,4729,1008237,California
Riverside,2021-05-21,12615,1774482,7719,960182,4589,763952,307,50348,5373,204316,7190,809601,5680,1013917,California
Riverside,2021-05-22,5651,1780133,3879,964061,1585,765537,187,50535,3175,205235,2445,812046,3364,1017281,California
Riverside,2021-05-23,1554,1781687,1051,965112,430,765967,73,50608,836,205437,707,812753,909,1018190,California
Riverside,2021-05-24,8604,1790291,5557,970669,2739,768706,308,50916,3853,204879,4718,817471,4160,1022350,California
Riverside,2021-05-25,9625,1799916,5750,976419,3614,772320,261,51177,3935,203421,5655,823126,4197,1026547,California
Riverside,2021-05-26,8829,1808745,5471,981890,3033,775353,325,51502,3980,202930,4799,827925,4308,1030855,California
Riverside,2021-05-27,8491,1817236,5087,986977,3171,778524,233,51735,4027,202773,4416,832341,4259,1035114,California
Riverside,2021-05-28,10606,1827842,6479,993456,3827,782351,300,52035,5011,202556,5530,837871,5313,1040427,California
Riverside,2021-05-29,4967,1832809,3386,996842,1458,783809,123,52158,2837,203409,2109,839980,2962,1043389,California
Riverside,2021-05-30,1946,1834755,1405,998247,477,784286,64,52222,1069,203672,870,840850,1133,1044522,California
Riverside,2021-05-31,866,1835621,491,998738,342,784628,33,52255,333,203508,530,841380,366,1044888,California
Riverside,2021-06-01,9114,1844735,5642,1004380,3239,787867,233,52488,3654,201986,5409,846789,3887,1048775,California
Riverside,2021-06-02,7060,1851795,4295,1008675,2492,790359,273,52761,3051,201334,3976,850765,3324,1052099,California
Riverside,2021-06-03,7853,1859648,5234,1013909,2363,792722,256,53017,3086,199943,4731,855496,3340,1055439,California
Riverside,2021-06-04,10329,1869977,7380,1021289,2709,795431,240,53257,3754,197410,6527,862023,3994,1059433,California
Riverside,2021-06-05,6807,1876784,5003,1026292,1266,796697,538,53795,2200,195572,4578,866601,2740,1062173,California
Riverside,2021-06-06,2182,1878966,1845,1028137,285,796982,52,53847,803,195056,1372,867973,856,1063029,California
Riverside,2021-06-07,3413,1882379,2497,1030634,780,797762,136,53983,979,193747,2423,870396,1114,1064143,California
Sacramento,2020-12-15,314,314,314,314,0,0,0,0,314,314,0,0,314,314,California
Sacramento,2020-12-16,647,961,647,961,0,0,0,0,647,961,0,0,647,961,California
Sacramento,2020-12-17,702,1663,702,1663,0,0,0,0,702,1663,0,0,702,1663,California
Sacramento,2020-12-18,1115,2778,1115,2778,0,0,0,0,1115,2778,0,0,1115,2778,California
Sacramento,2020-12-19,611,3389,611,3389,0,0,0,0,611,3389,0,0,611,3389,California
Sacramento,2020-12-20,636,4025,636,4025,0,0,0,0,636,4025,0,0,636,4025,California
Sacramento,2020-12-21,1678,5703,1678,5703,0,0,0,0,1679,5704,0,0,1679,5704,California
Sacramento,2020-12-22,2100,7803,2066,7769,34,34,0,0,2100,7804,0,0,2100,7804,California
Sacramento,2020-12-23,2257,10060,2083,9852,174,208,0,0,2257,10061,0,0,2257,10061,California
Sacramento,2020-12-24,1040,11100,828,10680,212,420,0,0,1040,11101,0,0,1040,11101,California
Sacramento,2020-12-25,1,11101,0,10680,1,421,0,0,1,11102,0,0,1,11102,California
Sacramento,2020-12-26,507,11608,288,10968,219,640,0,0,507,11609,0,0,507,11609,California
Sacramento,2020-12-27,357,11965,251,11219,106,746,0,0,357,11966,0,0,357,11966,California
Sacramento,2020-12-28,1897,13862,1322,12541,575,1321,0,0,1896,13861,1,1,1896,13862,California
Sacramento,2020-12-29,1957,15819,1193,13734,764,2085,0,0,1957,15818,0,1,1957,15819,California
Sacramento,2020-12-30,2558,18377,1456,15190,1102,3187,0,0,2559,18377,0,1,2559,18378,California
Sacramento,2020-12-31,1222,19599,688,15878,534,3721,0,0,1223,19600,0,1,1223,19601,California
Sacramento,2021-01-01,82,19681,71,15949,11,3732,0,0,82,19682,0,1,82,19683,California
Sacramento,2021-01-02,567,20248,365,16314,202,3934,0,0,567,20249,0,1,567,20250,California
Sacramento,2021-01-03,413,20661,224,16538,189,4123,0,0,413,20662,0,1,413,20663,California
Sacramento,2021-01-04,1949,22610,842,17380,1107,5230,0,0,1940,22594,8,9,1940,22603,California
Sacramento,2021-01-05,2213,24823,987,18367,1226,6456,0,0,1849,24086,364,373,1856,24459,California
Sacramento,2021-01-06,2732,27555,1620,19987,1112,7568,0,0,1933,25223,796,1169,1933,26392,California
Sacramento,2021-01-07,2839,30394,1511,21498,1328,8896,0,0,1910,26207,926,2095,1910,28302,California
Sacramento,2021-01-08,3286,33680,2085,23583,1201,10097,0,0,2168,27262,1114,3209,2169,30471,California
Sacramento,2021-01-09,1291,34971,798,24381,493,10590,0,0,896,27765,393,3602,896,31367,California
Sacramento,2021-01-10,1232,36203,709,25090,523,11113,0,0,764,28063,467,4069,765,32132,California
Sacramento,2021-01-11,4350,40553,2962,28052,1388,12501,0,0,2409,28544,1940,6009,2421,34553,California
Sacramento,2021-01-12,4578,45131,3200,31252,1378,13879,0,0,2607,29184,1971,7980,2611,37164,California
Sacramento,2021-01-13,3839,48970,2215,33467,1624,15503,0,0,2422,30191,1416,9396,2423,39587,California
Sacramento,2021-01-14,4612,53582,2323,35790,2289,17792,0,0,3703,32988,906,10302,3703,43290,California
Sacramento,2021-01-15,4435,58017,2251,38041,2184,19976,0,0,3724,36002,711,11013,3725,47015,California
Sacramento,2021-01-16,2082,60099,1276,39317,806,20782,0,0,1864,37648,218,11231,1864,48879,California
Sacramento,2021-01-17,1675,61774,979,40296,696,21478,0,0,1490,38956,185,11416,1493,50372,California
Sacramento,2021-01-18,2825,64599,1728,42024,1097,22575,0,0,2247,40627,577,11993,2248,52620,California
Sacramento,2021-01-19,4970,69569,3023,45047,1947,24522,0,0,3733,43125,1237,13230,3735,56355,California
Sacramento,2021-01-20,4816,74385,2847,47894,1969,26491,0,0,3593,45499,1225,14455,3599,59954,California
Sacramento,2021-01-21,5204,79589,3005,50899,2199,28690,0,0,4234,48772,964,15419,4237,64191,California
Sacramento,2021-01-22,5017,84606,2686,53585,2331,31021,0,0,4716,53189,300,15719,4717,68908,California
Sacramento,2021-01-23,3752,88358,1568,55153,2184,33205,0,0,3291,56019,461,16180,3291,72199,California
Sacramento,2021-01-24,1620,89978,1009,56162,611,33816,0,0,1377,57155,242,16422,1378,73577,California
Sacramento,2021-01-25,4411,94389,2163,58325,2248,36064,0,0,2947,58640,1464,17886,2949,76526,California
Sacramento,2021-01-26,4740,99129,2152,60477,2588,38652,0,0,3542,60988,1196,19082,3544,80070,California
Sacramento,2021-01-27,5851,104980,3051,63528,2800,41452,0,0,4233,63608,1615,20697,4235,84305,California
Sacramento,2021-01-28,5401,110381,2737,66265,2664,44116,0,0,4301,66811,1099,21796,4302,88607,California
Sacramento,2021-01-29,5409,115790,2937,69202,2472,46588,0,0,4390,70191,1010,22806,4390,92997,California
Sacramento,2021-01-30,4503,120293,2196,71398,2307,48895,0,0,4075,73840,426,23232,4075,97072,California
Sacramento,2021-01-31,2335,122628,2035,73433,300,49195,0,0,2056,75621,277,23509,2058,99130,California
Sacramento,2021-02-01,5939,128567,3034,76467,2905,52100,0,0,4257,78199,1679,25188,4257,103387,California
Sacramento,2021-02-02,7015,135582,3787,80254,3228,55328,0,0,4860,80924,2137,27325,4862,108249,California
Sacramento,2021-02-03,7147,142729,3606,83860,3541,58869,0,0,5283,84354,1855,29180,5285,113534,California
Sacramento,2021-02-04,7767,150496,3681,87541,4086,62955,0,0,5526,87648,2232,31412,5526,119060,California
Sacramento,2021-02-05,7858,158354,4482,92023,3376,66331,0,0,4921,89658,2914,34326,4924,123984,California
Sacramento,2021-02-06,8480,166834,3477,95500,5003,71334,0,0,7126,95433,1352,35678,7127,131111,California
Sacramento,2021-02-07,4063,170897,2188,97688,1875,73209,0,0,2875,97127,1183,36861,2877,133988,California
Sacramento,2021-02-08,6258,177155,3256,100944,3002,76211,0,0,3907,98687,2347,39208,3907,137895,California
Sacramento,2021-02-09,6768,183923,3552,104496,3216,79427,0,0,3994,99917,2765,41973,3995,141890,California
Sacramento,2021-02-10,7687,191610,4198,108694,3489,82916,0,0,4523,101292,3150,45123,4525,146415,California
Sacramento,2021-02-11,9604,201214,5738,114432,3866,86782,0,0,5510,102725,4079,49202,5512,151927,California
Sacramento,2021-02-12,10691,211905,4154,118586,6537,93319,0,0,6411,104920,4219,53421,6414,158341,California
Sacramento,2021-02-13,7687,219592,2992,121578,4695,98014,0,0,6091,109421,1591,55012,6092,164433,California
Sacramento,2021-02-14,3194,222786,1961,123539,1233,99247,0,0,2094,110421,1098,56110,2098,166531,California
Sacramento,2021-02-15,6011,228797,2057,125596,3954,103201,0,0,4177,112773,1828,57938,4180,170711,California
Sacramento,2021-02-16,9245,238042,4210,129806,5035,108236,0,0,5310,114159,3928,61866,5314,176025,California
Sacramento,2021-02-17,8849,246891,4995,134801,3854,112090,0,0,5147,115618,3690,65556,5149,181174,California
Sacramento,2021-02-18,9597,256488,5762,140563,3835,115925,0,0,5733,117500,3855,69411,5737,186911,California
Sacramento,2021-02-19,10087,266575,6183,146746,3904,119829,0,0,5977,119384,4099,73510,5983,192894,California
Sacramento,2021-02-20,7853,274428,5793,152539,2060,121889,0,0,4753,121044,3094,76604,4754,197648,California
Sacramento,2021-02-21,3059,277487,2419,154958,640,122529,0,0,1085,120161,1968,78572,1085,198733,California
Sacramento,2021-02-22,6326,283813,3824,158782,2502,125031,0,0,2785,119421,3529,82101,2789,201522,California
Sacramento,2021-02-23,7271,291084,4509,163291,2762,127793,0,0,3549,119269,3705,85806,3553,205075,California
Sacramento,2021-02-24,9838,300922,5422,168713,4416,132209,0,0,5372,120197,4450,90256,5378,210453,California
Sacramento,2021-02-25,11288,312210,6476,175189,4812,137021,0,0,6636,122197,4636,94892,6636,217089,California
Sacramento,2021-02-26,14413,326623,6800,181989,7613,144634,0,0,9882,127583,4500,99392,9886,226975,California
Sacramento,2021-02-27,11085,337708,6876,188865,4206,148840,3,3,8202,132928,2860,102252,8205,235180,California
Sacramento,2021-02-28,6198,343906,2336,191201,3862,152702,0,3,3105,132955,3079,105331,3106,238286,California
Sacramento,2021-03-01,8623,352529,3621,194822,5001,157703,1,4,4701,133760,3899,109230,4704,242990,California
Sacramento,2021-03-02,9296,361825,4048,198870,5247,162950,1,5,5698,135881,3581,112811,5702,248692,California
Sacramento,2021-03-03,10977,372802,5011,203881,5963,168913,3,8,6553,138036,4403,117214,6558,255250,California
Sacramento,2021-03-04,13486,386288,6201,210082,7281,176194,4,12,7497,139586,5957,123171,7507,262757,California
Sacramento,2021-03-05,10635,396923,4913,214995,5692,181886,30,42,7070,143143,3544,126715,7101,269858,California
Sacramento,2021-03-06,8134,405057,3120,218115,4892,186778,122,164,4125,143395,3994,130709,4246,274104,California
Sacramento,2021-03-07,7622,412679,2217,220332,5316,192094,89,253,3754,143373,3863,134572,3841,277945,California
Sacramento,2021-03-08,9119,421798,4264,224596,4631,196725,224,477,5958,146404,3149,137721,6180,284125,California
Sacramento,2021-03-09,9611,431409,4557,229153,4763,201488,291,768,5532,148166,4061,141782,5823,289948,California
Sacramento,2021-03-10,11790,443199,7529,236682,3908,205396,353,1121,6892,150550,4863,146645,7247,297195,California
Sacramento,2021-03-11,15061,458260,10004,246686,4232,209628,825,1946,8927,154203,6095,152740,9748,306943,California
Sacramento,2021-03-12,18052,476312,8345,255031,8846,218474,861,2807,8837,154743,9165,161905,9705,316648,California
Sacramento,2021-03-13,13026,489338,3583,258614,9014,227488,429,3236,7864,157880,5152,167057,8289,324937,California
Sacramento,2021-03-14,8399,497737,3474,262088,4290,231778,635,3871,4430,158999,3944,171001,5063,330000,California
Sacramento,2021-03-15,12239,509976,4863,266951,6714,238492,662,4533,7041,161530,5173,176174,7704,337704,California
Sacramento,2021-03-16,14022,523998,6230,273181,7141,245633,651,5184,8627,165443,5359,181533,9272,346976,California
Sacramento,2021-03-17,13762,537760,6618,279799,6508,252141,636,5820,8783,169910,4954,186487,9421,356397,California
Sacramento,2021-03-18,15697,553457,8223,288022,6882,259023,592,6412,9956,174750,5708,192195,10548,366945,California
Sacramento,2021-03-19,15625,569082,7988,296010,6263,265286,1374,7786,7896,176306,7703,199898,9259,376204,California
Sacramento,2021-03-20,12935,582017,7548,303558,5047,270333,340,8126,8050,179842,4856,204754,8392,384596,California
Sacramento,2021-03-21,5592,587609,2759,306317,2795,273128,38,8164,4858,184019,721,205475,4898,389494,California
Sacramento,2021-03-22,9389,596998,4809,311126,3728,276856,852,9016,6191,187892,3170,208645,7043,396537,California
Sacramento,2021-03-23,11353,608351,6764,317890,3779,280635,810,9826,7264,191915,4047,212692,8070,404607,California
Sacramento,2021-03-24,11863,620214,7266,325156,3966,284601,631,10457,6724,194214,5057,217749,7356,411963,California
Sacramento,2021-03-25,14168,634382,8359,333515,4985,289586,824,11281,8520,197950,5603,223352,9339,421302,California
Sacramento,2021-03-26,18264,652646,8927,342442,8846,298432,491,11772,9160,198568,9036,232388,9654,430956,California
Sacramento,2021-03-27,9691,662337,3576,346018,5825,304257,290,12062,5099,199392,4561,236949,5385,436341,California
Sacramento,2021-03-28,6530,668867,3226,349244,3055,307312,249,12311,2706,198535,3813,240762,2956,439297,California
Sacramento,2021-03-29,11019,679886,5900,355144,4744,312056,375,12686,4950,197821,6040,246802,5326,444623,California
Sacramento,2021-03-30,11855,691741,6087,361231,5379,317435,389,13075,6019,198417,5812,252614,6408,451031,California
Sacramento,2021-03-31,13453,705194,7873,369104,5182,322617,398,13473,5666,196716,7759,260373,6058,457089,California
Sacramento,2021-04-01,17447,722641,10474,379578,6745,329362,228,13701,7322,194192,10080,270453,7556,464645,California
Sacramento,2021-04-02,17131,739772,9700,389278,6694,336056,737,14438,9010,195849,8089,278542,9746,474391,California
Sacramento,2021-04-03,10454,750226,6247,395525,3659,339715,548,14986,6416,198800,4008,282550,6959,481350,California
Sacramento,2021-04-04,3710,753936,1530,397055,1989,341704,191,15177,1449,198180,2255,284805,1635,482985,California
Sacramento,2021-04-05,12047,765983,7565,404620,3652,345356,830,16007,5382,197756,6630,291435,6206,489191,California
Sacramento,2021-04-06,15642,781625,8875,413495,5438,350794,1329,17336,6926,197322,8683,300118,8249,497440,California
Sacramento,2021-04-07,14830,796455,8025,421520,5215,356009,1590,18926,7156,198424,7633,307751,8735,506175,California
Sacramento,2021-04-08,15054,811509,6777,428297,5303,361312,2974,21900,5995,198356,9024,316775,8956,515131,California
Sacramento,2021-04-09,18291,829800,9369,437666,6720,368032,2202,24102,7423,197142,10829,327604,9615,524746,California
Sacramento,2021-04-10,12839,842639,3836,441502,7784,375816,1219,25321,5319,196165,7490,335094,6513,531259,California
Sacramento,2021-04-11,10779,853418,4335,445837,6218,382034,226,25547,3841,193318,6914,342008,4067,535326,California
Sacramento,2021-04-12,12975,866393,5055,450892,6054,388088,1866,27413,4954,192169,7959,349967,6810,542136,California
Sacramento,2021-04-13,16256,882649,9943,460835,6310,394398,3,27416,7563,191077,8664,358631,7572,549708,California
Sacramento,2021-04-14,14901,897550,7939,468774,6960,401358,2,27418,5876,187964,8997,367628,5884,555592,California
Sacramento,2021-04-15,16349,913899,8398,477172,7948,409306,3,27421,6638,184938,9672,377300,6646,562238,California
Sacramento,2021-04-16,17382,931281,9606,486778,7776,417082,0,27421,7870,183338,9472,386772,7872,570110,California
Sacramento,2021-04-17,15297,946578,6143,492921,9154,426236,0,27421,11079,190223,4199,390971,11084,581194,California
Sacramento,2021-04-18,8438,955016,3067,495988,5371,431607,0,27421,3744,189293,4675,395646,3745,584939,California
Sacramento,2021-04-19,10559,965575,5717,501705,4837,436444,5,27426,4684,188129,5854,401500,4690,589629,California
Sacramento,2021-04-20,11104,976679,6743,508448,4358,440802,3,27429,5910,188874,5172,406672,5917,595546,California
Sacramento,2021-04-21,11481,988160,6638,515086,4841,445643,2,27431,6207,189834,5250,411922,6210,601756,California
Sacramento,2021-04-22,14816,1002976,9893,524979,4919,450562,4,27435,6811,188678,7973,419895,6817,608573,California
Sacramento,2021-04-23,15849,1018825,10011,534990,5838,456400,0,27435,7341,187547,8473,428368,7342,615915,California
Sacramento,2021-04-24,11329,1030154,7006,541996,4322,460722,1,27436,5931,188119,5361,433729,5933,621848,California
Sacramento,2021-04-25,7995,1038149,4482,546478,3513,464235,0,27436,4166,188471,3815,437544,4167,626015,California
Sacramento,2021-04-26,10477,1048626,6558,553036,3895,468130,24,27460,4901,187849,5547,443091,4925,630940,California
Sacramento,2021-04-27,11836,1060462,7765,560801,3934,472064,137,27597,5763,187710,6041,449132,5902,636842,California
Sacramento,2021-04-28,10474,1070936,5861,566662,4411,476475,202,27799,5815,189102,4630,453762,6022,642864,California
Sacramento,2021-04-29,10862,1081798,7310,573972,3247,479722,305,28104,6008,190595,4820,458582,6313,649177,California
Sacramento,2021-04-30,12458,1094256,7820,581792,4377,484099,261,28365,5870,190183,6544,465126,6132,655309,California
Sacramento,2021-05-01,7569,1101825,5475,587267,1922,486021,172,28537,2752,188323,4782,469908,2922,658231,California
Sacramento,2021-05-02,4983,1106808,4290,591557,542,486563,151,28688,2222,187957,2737,472645,2371,660602,California
Sacramento,2021-05-03,9115,1115923,7288,598845,1545,488108,282,28970,3959,187061,5133,477778,4237,664839,California
Sacramento,2021-05-04,9370,1125293,5692,604537,3368,491476,310,29280,3789,185622,5537,483315,4098,668937,California
Sacramento,2021-05-05,11056,1136349,5993,610530,4611,496087,452,29732,4514,184084,6499,489814,4961,673898,California
Sacramento,2021-05-06,11188,1147537,6200,616730,4686,500773,302,30034,4623,182761,6246,496060,4923,678821,California
Sacramento,2021-05-07,10604,1158141,6164,622894,4066,504839,374,30408,4467,181514,6088,502148,4841,683662,California
Sacramento,2021-05-08,8160,1166301,3815,626709,4115,508954,230,30638,2699,179011,5425,507573,2922,686584,California
Sacramento,2021-05-09,3149,1169450,1654,628363,1381,510335,114,30752,1173,178333,1965,509538,1287,687871,California
Sacramento,2021-05-10,8071,1177521,3741,632104,4063,514398,267,31019,1971,174505,6069,515607,2241,690112,California
Sacramento,2021-05-11,8096,1185617,5053,637157,2800,517198,243,31262,2798,172277,5267,520874,3039,693151,California
Sacramento,2021-05-12,8063,1193680,4792,641949,3033,520231,238,31500,2762,170006,5270,526144,2999,696150,California
Sacramento,2021-05-13,10870,1204550,6916,648865,3696,523927,258,31758,4085,167596,6753,532897,4343,700493,California
Sacramento,2021-05-14,12172,1216722,6881,655746,5005,528932,286,32044,5028,165820,7089,539986,5313,705806,California
Sacramento,2021-05-15,13065,1229787,7897,663643,5025,533957,143,32187,5793,164514,7238,547224,5932,711738,California
Sacramento,2021-05-16,7831,1237618,4078,667721,3640,537597,113,32300,2115,161052,5692,552916,2230,713968,California
Sacramento,2021-05-17,10384,1248002,6310,674031,3786,541383,288,32588,4024,159041,6326,559242,4315,718283,California
Sacramento,2021-05-18,9689,1257691,6083,680114,3397,544780,209,32797,3766,157140,5883,565125,3982,722265,California
Sacramento,2021-05-19,9744,1267435,6244,686358,3238,548018,262,33059,4525,156756,5177,570302,4793,727058,California
Sacramento,2021-05-20,8941,1276376,6075,692433,2644,550662,222,33281,3552,155181,5349,575651,3774,730832,California
Sacramento,2021-05-21,9367,1285743,6113,698546,2986,553648,268,33549,4255,154633,5077,580728,4529,735361,California
Sacramento,2021-05-22,6296,1292039,4012,702558,2151,555799,133,33682,3152,154795,3124,583852,3286,738647,California
Sacramento,2021-05-23,3367,1295406,2512,705070,792,556591,63,33745,1761,155030,1590,585442,1825,740472,California
Sacramento,2021-05-24,7616,1303022,4567,709637,2741,559332,308,34053,2427,152618,5146,590588,2734,743206,California
Sacramento,2021-05-25,6622,1309644,3846,713483,2485,561817,291,34344,2402,151113,4197,594785,2692,745898,California
Sacramento,2021-05-26,8406,1318050,4670,718153,3427,565244,309,34653,2788,148638,5568,600353,3093,748991,California
Sacramento,2021-05-27,6643,1324693,3626,721779,2776,568020,241,34894,2970,148214,3635,603988,3211,752202,California
Sacramento,2021-05-28,8208,1332901,4566,726345,3281,571301,361,35255,3493,147391,4678,608666,3855,756057,California
Sacramento,2021-05-29,4358,1337259,2668,729013,1534,572835,156,35411,2233,147679,2101,610767,2389,758446,California
Sacramento,2021-05-30,1649,1338908,1036,730049,574,573409,39,35450,764,147604,878,611645,803,759249,California
Sacramento,2021-05-31,883,1339791,443,730492,427,573836,13,35463,315,147365,567,612212,328,759577,California
Sacramento,2021-06-01,6932,1346723,4168,734660,2559,576395,205,35668,2738,146153,4152,616364,2940,762517,California
Sacramento,2021-06-02,6064,1352787,3343,738003,2508,578903,213,35881,2449,145242,3571,619935,2660,765177,California
Sacramento,2021-06-03,7347,1360134,5024,743027,2147,581050,176,36057,2424,142956,4884,624819,2598,767775,California
Sacramento,2021-06-04,6938,1367072,4461,747488,2274,583324,203,36260,2294,140839,4614,629433,2497,770272,California
Sacramento,2021-06-05,6063,1373135,4474,751962,1453,584777,136,36396,1773,138480,4267,633700,1908,772180,California
Sacramento,2021-06-06,2223,1375358,1770,753732,405,585182,48,36444,752,137814,1466,635166,800,772980,California
Sacramento,2021-06-07,3547,1378905,2360,756092,1076,586258,111,36555,803,135998,2728,637894,912,773892,California
San Benito,2020-12-16,29,29,29,29,0,0,0,0,29,29,0,0,29,29,California
San Benito,2020-12-17,48,77,48,77,0,0,0,0,48,77,0,0,48,77,California
San Benito,2020-12-18,72,149,72,149,0,0,0,0,72,149,0,0,72,149,California
San Benito,2020-12-19,47,196,47,196,0,0,0,0,47,196,0,0,47,196,California
San Benito,2020-12-20,23,219,23,219,0,0,0,0,23,219,0,0,23,219,California
San Benito,2020-12-21,78,297,78,297,0,0,0,0,78,297,0,0,78,297,California
San Benito,2020-12-22,102,399,102,399,0,0,0,0,102,399,0,0,102,399,California
San Benito,2020-12-23,86,485,74,473,12,12,0,0,86,485,0,0,86,485,California
San Benito,2020-12-24,13,498,5,478,8,20,0,0,13,498,0,0,13,498,California
San Benito,2020-12-25,3,501,3,481,0,20,0,0,3,501,0,0,3,501,California
San Benito,2020-12-26,13,514,4,485,9,29,0,0,13,514,0,0,13,514,California
San Benito,2020-12-27,8,522,7,492,1,30,0,0,8,522,0,0,8,522,California
San Benito,2020-12-28,63,585,36,528,27,57,0,0,63,585,0,0,63,585,California
San Benito,2020-12-29,49,634,21,549,28,85,0,0,49,634,0,0,49,634,California
San Benito,2020-12-30,59,693,37,586,22,107,0,0,59,693,0,0,59,693,California
San Benito,2020-12-31,19,712,2,588,17,124,0,0,19,712,0,0,19,712,California
San Benito,2021-01-02,24,736,23,611,1,125,0,0,24,736,0,0,24,736,California
San Benito,2021-01-03,3,739,1,612,2,127,0,0,3,739,0,0,3,739,California
San Benito,2021-01-04,62,801,24,636,38,165,0,0,62,801,0,0,62,801,California
San Benito,2021-01-05,121,922,37,673,84,249,0,0,118,916,3,3,118,919,California
San Benito,2021-01-06,102,1024,42,715,60,309,0,0,87,988,15,18,87,1006,California
San Benito,2021-01-07,104,1128,67,782,37,346,0,0,52,988,52,70,52,1058,California
San Benito,2021-01-08,181,1309,89,871,92,438,0,0,116,1039,65,135,116,1174,California
San Benito,2021-01-09,44,1353,31,902,13,451,0,0,31,1057,13,148,31,1205,California
San Benito,2021-01-10,17,1370,15,917,2,453,0,0,5,1050,12,160,5,1210,California
San Benito,2021-01-11,172,1542,107,1024,65,518,0,0,72,1022,100,260,72,1282,California
San Benito,2021-01-12,160,1702,56,1080,104,622,0,0,121,1104,39,299,121,1403,California
San Benito,2021-01-13,221,1923,64,1144,157,779,0,0,174,1231,47,346,174,1577,California
San Benito,2021-01-14,117,2040,23,1167,94,873,0,0,99,1312,18,364,99,1676,California
San Benito,2021-01-15,217,2257,21,1188,196,1069,0,0,203,1501,14,378,203,1879,California
San Benito,2021-01-16,25,2282,8,1196,17,1086,0,0,20,1516,5,383,20,1899,California
San Benito,2021-01-17,11,2293,5,1201,6,1092,0,0,8,1521,3,386,8,1907,California
San Benito,2021-01-18,37,2330,23,1224,14,1106,0,0,22,1528,15,401,22,1929,California
San Benito,2021-01-19,151,2481,65,1289,86,1192,0,0,124,1625,27,428,124,2053,California
San Benito,2021-01-20,276,2757,95,1384,181,1373,0,0,230,1810,45,473,230,2283,California
San Benito,2021-01-21,124,2881,32,1416,92,1465,0,0,99,1884,25,498,99,2382,California
San Benito,2021-01-22,236,3117,19,1435,217,1682,0,0,226,2100,10,508,226,2608,California
San Benito,2021-01-23,30,3147,16,1451,14,1696,0,0,12,2094,18,526,12,2620,California
San Benito,2021-01-24,9,3156,3,1454,6,1702,0,0,5,2095,4,530,5,2625,California
San Benito,2021-01-25,66,3222,24,1478,42,1744,0,0,20,2069,46,576,20,2645,California
San Benito,2021-01-26,136,3358,41,1519,95,1839,0,0,84,2101,52,628,84,2729,California
San Benito,2021-01-27,230,3588,70,1589,160,1999,0,0,190,2251,40,668,190,2919,California
San Benito,2021-01-28,153,3741,32,1621,121,2120,0,0,122,2343,30,698,122,3041,California
San Benito,2021-01-29,291,4032,33,1654,258,2378,0,0,267,2587,23,721,267,3308,California
San Benito,2021-01-30,52,4084,33,1687,19,2397,0,0,28,2591,24,745,28,3336,California
San Benito,2021-01-31,15,4099,4,1691,11,2408,0,0,10,2596,5,750,10,3346,California
San Benito,2021-02-01,133,4232,28,1719,105,2513,0,0,90,2643,43,793,90,3436,California
San Benito,2021-02-02,231,4463,49,1768,182,2695,0,0,137,2686,94,887,137,3573,California
San Benito,2021-02-03,343,4806,43,1811,300,2995,0,0,273,2889,70,957,273,3846,California
San Benito,2021-02-04,167,4973,25,1836,142,3137,0,0,122,2966,45,1002,122,3968,California
San Benito,2021-02-05,297,5270,40,1876,257,3394,0,0,234,3137,63,1065,234,4202,California
San Benito,2021-02-06,46,5316,8,1884,38,3432,0,0,29,3149,17,1082,29,4231,California
San Benito,2021-02-07,15,5331,6,1890,9,3441,0,0,14,3162,1,1083,14,4245,California
San Benito,2021-02-08,139,5470,16,1906,123,3564,0,0,93,3209,46,1129,93,4338,California
San Benito,2021-02-09,326,5796,61,1967,265,3829,0,0,193,3269,133,1262,193,4531,California
San Benito,2021-02-10,323,6119,88,2055,235,4064,0,0,114,3175,208,1470,114,4645,California
San Benito,2021-02-11,298,6417,33,2088,265,4329,0,0,199,3275,99,1569,199,4844,California
San Benito,2021-02-12,420,6837,31,2119,389,4718,0,0,211,3278,208,1777,211,5055,California
San Benito,2021-02-13,55,6892,7,2126,48,4766,0,0,44,3311,11,1788,44,5099,California
San Benito,2021-02-14,40,6932,5,2131,35,4801,0,0,30,3331,10,1798,30,5129,California
San Benito,2021-02-15,106,7038,10,2141,96,4897,0,0,95,3415,11,1809,95,5224,California
San Benito,2021-02-16,209,7247,11,2152,198,5095,0,0,104,3415,105,1914,105,5329,California
San Benito,2021-02-17,330,7577,30,2182,300,5395,0,0,281,3647,49,1963,281,5610,California
San Benito,2021-02-18,292,7869,36,2218,256,5651,0,0,70,3495,222,2185,70,5680,California
San Benito,2021-02-19,350,8219,50,2268,300,5951,0,0,181,3507,169,2354,181,5861,California
San Benito,2021-02-20,45,8264,24,2292,21,5972,0,0,35,3532,10,2364,35,5896,California
San Benito,2021-02-21,25,8289,11,2303,14,5986,0,0,17,3541,8,2372,17,5913,California
San Benito,2021-02-22,135,8424,36,2339,99,6085,0,0,101,3609,33,2405,101,6014,California
San Benito,2021-02-23,375,8799,93,2432,282,6367,0,0,261,3756,114,2519,261,6275,California
San Benito,2021-02-24,384,9183,67,2499,317,6684,0,0,245,3862,139,2658,245,6520,California
San Benito,2021-02-25,396,9579,68,2567,328,7012,0,0,275,4014,123,2781,275,6795,California
San Benito,2021-02-26,657,10236,75,2642,582,7594,0,0,409,4175,248,3029,409,7204,California
San Benito,2021-02-27,109,10345,45,2687,64,7658,0,0,91,4248,18,3047,91,7295,California
San Benito,2021-02-28,254,10599,29,2716,225,7883,0,0,245,4484,9,3056,245,7540,California
San Benito,2021-03-01,232,10831,60,2776,172,8055,0,0,162,4575,71,3127,162,7702,California
San Benito,2021-03-02,280,11111,93,2869,187,8242,0,0,211,4717,69,3196,211,7913,California
San Benito,2021-03-03,404,11515,59,2928,345,8587,0,0,226,4767,176,3372,226,8139,California
San Benito,2021-03-04,620,12135,128,3056,477,9064,15,15,433,5017,187,3559,437,8576,California
San Benito,2021-03-05,587,12722,306,3362,269,9333,12,27,372,5188,213,3772,384,8960,California
San Benito,2021-03-06,198,12920,72,3434,112,9445,14,41,147,5298,51,3823,161,9121,California
San Benito,2021-03-07,646,13566,602,4036,21,9466,23,64,614,5903,32,3855,637,9758,California
San Benito,2021-03-08,293,13859,68,4104,178,9644,47,111,169,5995,124,3979,216,9974,California
San Benito,2021-03-09,428,14287,84,4188,244,9888,100,211,139,5919,288,4267,212,10186,California
San Benito,2021-03-10,406,14693,116,4304,194,10082,96,307,233,6075,173,4440,329,10515,California
San Benito,2021-03-11,475,15168,121,4425,199,10281,155,462,210,6175,265,4705,365,10880,California
San Benito,2021-03-12,521,15689,122,4547,306,10587,93,555,232,6214,287,4992,326,11206,California
San Benito,2021-03-13,199,15888,98,4645,83,10670,18,573,128,6292,68,5060,146,11352,California
San Benito,2021-03-14,233,16121,40,4685,173,10843,20,593,179,6438,53,5113,199,11551,California
San Benito,2021-03-15,323,16444,100,4785,204,11047,19,612,191,6516,132,5245,210,11761,California
San Benito,2021-03-16,506,16950,220,5005,254,11301,32,644,353,6746,153,5398,383,12144,California
San Benito,2021-03-17,798,17748,482,5487,294,11595,22,666,565,7096,229,5627,579,12723,California
San Benito,2021-03-18,789,18537,529,6016,207,11802,53,719,573,7498,215,5842,617,13340,California
San Benito,2021-03-19,776,19313,402,6418,351,12153,23,742,573,7891,203,6045,596,13936,California
San Benito,2021-03-20,250,19563,152,6570,85,12238,13,755,187,8028,63,6108,200,14136,California
San Benito,2021-03-21,111,19674,58,6628,48,12286,5,760,81,8084,30,6138,86,14222,California
San Benito,2021-03-22,355,20029,173,6801,157,12443,25,785,222,8198,133,6271,247,14469,California
San Benito,2021-03-23,482,20511,204,7005,268,12711,10,795,221,8167,261,6532,230,14699,California
San Benito,2021-03-24,583,21094,310,7315,266,12977,7,802,366,8324,216,6748,373,15072,California
San Benito,2021-03-25,747,21841,445,7760,298,13275,4,806,442,8469,301,7049,446,15518,California
San Benito,2021-03-26,1025,22866,521,8281,499,13774,5,811,337,8124,687,7736,342,15860,California
San Benito,2021-03-27,342,23208,192,8473,117,13891,33,844,220,8255,122,7858,253,16113,California
San Benito,2021-03-28,731,23939,604,9077,121,14012,6,850,128,7786,603,8461,134,16247,California
San Benito,2021-03-29,345,24284,110,9187,215,14227,20,870,144,7748,201,8662,163,16410,California
San Benito,2021-03-30,581,24865,273,9460,212,14439,96,966,294,7851,287,8949,390,16800,California
San Benito,2021-03-31,600,25465,369,9829,207,14646,24,990,343,7964,254,9203,367,17167,California
San Benito,2021-04-01,958,26423,385,10214,534,15180,39,1029,572,8184,385,9588,605,17772,California
San Benito,2021-04-02,538,26961,260,10474,142,15322,136,1165,263,8309,274,9862,399,18171,California
San Benito,2021-04-03,260,27221,88,10562,107,15429,65,1230,75,8264,185,10047,140,18311,California
San Benito,2021-04-04,143,27364,107,10669,30,15459,6,1236,105,8337,38,10085,111,18422,California
San Benito,2021-04-05,357,27721,170,10839,143,15602,44,1280,146,8315,211,10296,189,18611,California
San Benito,2021-04-06,469,28190,165,11004,126,15728,178,1458,160,8344,309,10605,338,18949,California
San Benito,2021-04-07,949,29139,530,11534,230,15958,189,1647,268,8122,679,11284,457,19406,California
San Benito,2021-04-08,862,30001,431,11965,179,16137,252,1899,225,7963,636,11920,477,19883,California
San Benito,2021-04-09,850,30851,502,12467,256,16393,92,1991,295,7795,555,12475,387,20270,California
San Benito,2021-04-10,347,31198,208,12675,77,16470,62,2053,193,7896,154,12629,255,20525,California
San Benito,2021-04-11,477,31675,273,12948,170,16640,34,2087,269,7970,208,12837,282,20807,California
San Benito,2021-04-12,533,32208,284,13232,134,16774,115,2202,279,8107,253,13090,390,21197,California
San Benito,2021-04-13,757,32965,296,13528,438,17212,23,2225,523,8421,233,13323,547,21744,California
San Benito,2021-04-14,839,33804,660,14188,179,17391,0,2225,397,8381,437,13760,397,22141,California
San Benito,2021-04-15,947,34751,737,14925,209,17600,1,2226,471,8378,475,14235,472,22613,California
San Benito,2021-04-16,700,35451,365,15290,324,17924,11,2237,293,8279,404,14639,305,22918,California
San Benito,2021-04-17,321,35772,224,15514,97,18021,0,2237,128,8212,195,14834,128,23046,California
San Benito,2021-04-18,490,36262,409,15923,81,18102,0,2237,233,8190,257,15091,235,23281,California
San Benito,2021-04-19,740,37002,592,16515,148,18250,0,2237,420,8292,319,15410,421,23702,California
San Benito,2021-04-20,774,37776,402,16917,370,18620,2,2239,490,8504,279,15689,491,24193,California
San Benito,2021-04-21,957,38733,702,17619,255,18875,0,2239,516,8593,427,16116,516,24709,California
San Benito,2021-04-22,900,39633,694,18313,206,19081,0,2239,568,8837,324,16440,568,25277,California
San Benito,2021-04-23,633,40266,399,18712,233,19314,1,2240,343,8939,241,16681,343,25620,California
San Benito,2021-04-24,366,40632,204,18916,162,19476,0,2240,172,8956,155,16836,172,25792,California
San Benito,2021-04-25,205,40837,127,19043,78,19554,0,2240,94,8957,93,16929,94,25886,California
San Benito,2021-04-26,490,41327,387,19430,103,19657,0,2240,256,9040,173,17102,256,26142,California
San Benito,2021-04-27,547,41874,279,19709,261,19918,7,2247,405,9320,132,17234,412,26554,California
San Benito,2021-04-28,554,42428,390,20099,155,20073,9,2256,392,9563,157,17391,400,26954,California
San Benito,2021-04-29,634,43062,232,20331,392,20465,10,2266,256,9468,378,17769,283,27237,California
San Benito,2021-04-30,378,43440,210,20541,161,20626,7,2273,204,9507,172,17941,211,27448,California
San Benito,2021-05-01,199,43639,144,20685,46,20672,9,2282,65,9449,132,18073,74,27522,California
San Benito,2021-05-02,191,43830,163,20848,24,20696,4,2286,59,9380,132,18205,63,27585,California
San Benito,2021-05-03,361,44191,284,21132,67,20763,10,2296,86,9203,275,18480,98,27683,California
San Benito,2021-05-04,407,44598,246,21378,153,20916,8,2304,151,9107,254,18734,158,27841,California
San Benito,2021-05-05,604,45202,421,21799,167,21083,16,2320,211,8944,390,19124,227,28068,California
San Benito,2021-05-06,614,45816,487,22286,112,21195,15,2335,223,8795,387,19511,238,28306,California
San Benito,2021-05-07,448,46264,282,22568,155,21350,11,2346,174,8709,272,19783,186,28492,California
San Benito,2021-05-08,275,46539,225,22793,45,21395,5,2351,157,8753,118,19901,162,28654,California
San Benito,2021-05-09,101,46640,76,22869,22,21417,3,2354,48,8751,53,19954,51,28705,California
San Benito,2021-05-10,413,47053,325,23194,64,21481,24,2378,51,8465,362,20316,76,28781,California
San Benito,2021-05-11,810,47863,406,23600,391,21872,13,2391,181,8033,627,20943,195,28976,California
San Benito,2021-05-12,483,48346,385,23985,85,21957,13,2404,113,7792,368,21311,127,29103,California
San Benito,2021-05-13,665,49011,569,24554,86,22043,10,2414,169,7477,493,21804,178,29281,California
San Benito,2021-05-14,596,49607,441,24995,148,22191,7,2421,232,7353,363,22167,239,29520,California
San Benito,2021-05-15,229,49836,173,25168,50,22241,6,2427,127,7384,102,22269,133,29653,California
San Benito,2021-05-16,168,50004,140,25308,26,22267,2,2429,93,7404,75,22344,95,29748,California
San Benito,2021-05-17,390,50394,315,25623,65,22332,10,2439,180,7386,208,22552,190,29938,California
San Benito,2021-05-18,667,51061,348,25971,314,22646,5,2444,209,7143,458,23010,215,30153,California
San Benito,2021-05-19,570,51631,417,26388,145,22791,8,2452,229,7039,341,23351,237,30390,California
San Benito,2021-05-20,569,52200,460,26848,98,22889,11,2463,310,7102,258,23609,321,30711,California
San Benito,2021-05-21,447,52647,271,27119,161,23050,15,2478,212,7096,233,23842,227,30938,California
San Benito,2021-05-22,280,52927,219,27338,56,23106,5,2483,177,7177,102,23944,183,31121,California
San Benito,2021-05-23,72,52999,50,27388,18,23124,4,2487,30,7168,42,23986,33,31154,California
San Benito,2021-05-24,298,53297,250,27638,41,23165,7,2494,186,7249,112,24098,193,31347,California
San Benito,2021-05-25,527,53824,241,27879,279,23444,7,2501,173,7077,352,24450,180,31527,California
San Benito,2021-05-26,294,54118,178,28057,110,23554,6,2507,116,7021,177,24627,121,31648,California
San Benito,2021-05-27,405,54523,309,28366,73,23627,23,2530,149,6940,256,24883,175,31823,California
San Benito,2021-05-28,286,54809,176,28542,103,23730,7,2537,111,6884,174,25057,118,31941,California
San Benito,2021-05-29,148,54957,126,28668,20,23750,2,2539,63,6864,85,25142,65,32006,California
San Benito,2021-05-30,271,55228,256,28924,15,23765,0,2539,94,6782,176,25318,94,32100,California
San Benito,2021-05-31,102,55330,89,29013,11,23776,2,2541,45,6773,56,25374,47,32147,California
San Benito,2021-06-01,267,55597,120,29133,121,23897,26,2567,98,6728,168,25542,123,32270,California
San Benito,2021-06-02,322,55919,242,29375,77,23974,3,2570,119,6648,203,25745,123,32393,California
San Benito,2021-06-03,339,56258,288,29663,44,24018,7,2577,134,6587,202,25947,141,32534,California
San Benito,2021-06-04,265,56523,197,29860,68,24086,0,2577,84,6491,180,26127,84,32618,California
San Benito,2021-06-05,92,56615,74,29934,17,24103,1,2578,20,6442,70,26197,21,32639,California
San Benito,2021-06-06,59,56674,50,29984,7,24110,2,2580,16,6418,42,26239,18,32657,California
San Benito,2021-06-07,155,56829,135,30119,16,24126,4,2584,39,6347,114,26353,43,32700,California
San Bernardino,2020-12-15,13,13,13,13,0,0,0,0,13,13,0,0,13,13,California
San Bernardino,2020-12-16,113,126,113,126,0,0,0,0,113,126,0,0,113,126,California
San Bernardino,2020-12-17,2369,2495,2369,2495,0,0,0,0,2369,2495,0,0,2369,2495,California
San Bernardino,2020-12-18,3155,5650,3152,5647,3,3,0,0,3156,5651,0,0,3156,5651,California
San Bernardino,2020-12-19,1074,6724,1073,6720,1,4,0,0,1075,6726,0,0,1075,6726,California
San Bernardino,2020-12-20,1174,7898,1171,7891,3,7,0,0,1174,7900,0,0,1174,7900,California
San Bernardino,2020-12-21,2464,10362,2459,10350,5,12,0,0,2464,10364,0,0,2464,10364,California
San Bernardino,2020-12-22,2284,12646,2154,12504,130,142,0,0,2284,12648,0,0,2284,12648,California
San Bernardino,2020-12-23,2671,15317,1468,13972,1203,1345,0,0,2669,15317,0,0,2669,15317,California
San Bernardino,2020-12-24,1165,16482,586,14558,579,1924,0,0,1166,16483,0,0,1166,16483,California
San Bernardino,2020-12-25,75,16557,14,14572,61,1985,0,0,75,16558,0,0,75,16558,California
San Bernardino,2020-12-26,462,17019,254,14826,208,2193,0,0,462,17020,0,0,462,17020,California
San Bernardino,2020-12-27,346,17365,160,14986,186,2379,0,0,346,17366,0,0,346,17366,California
San Bernardino,2020-12-28,1575,18940,715,15701,860,3239,0,0,1576,18942,0,0,1576,18942,California
San Bernardino,2020-12-29,2213,21153,1041,16742,1172,4411,0,0,2213,21155,0,0,2213,21155,California
San Bernardino,2020-12-30,2894,24047,1456,18198,1438,5849,0,0,2894,24049,0,0,2894,24049,California
San Bernardino,2020-12-31,1357,25404,438,18636,919,6768,0,0,1355,25404,0,0,1355,25404,California
San Bernardino,2021-01-01,285,25689,153,18789,132,6900,0,0,284,25688,0,0,284,25688,California
San Bernardino,2021-01-02,480,26169,340,19129,140,7040,0,0,480,26168,0,0,480,26168,California
San Bernardino,2021-01-03,138,26307,87,19216,51,7091,0,0,138,26306,0,0,138,26306,California
San Bernardino,2021-01-04,2131,28438,1291,20507,840,7931,0,0,2130,28436,0,0,2130,28436,California
San Bernardino,2021-01-05,2339,30777,1464,21971,875,8806,0,0,2229,30556,109,109,2229,30665,California
San Bernardino,2021-01-06,3449,34226,2355,24326,1094,9900,0,0,2950,33014,493,602,2951,33616,California
San Bernardino,2021-01-07,5435,39661,4516,28842,919,10819,0,0,2481,32561,2935,3537,2482,36098,California
San Bernardino,2021-01-08,5370,45031,4445,33287,925,11744,0,0,2288,31773,3078,6615,2290,38388,California
San Bernardino,2021-01-09,1404,46435,1101,34388,303,12047,0,0,905,32179,499,7114,905,39293,California
San Bernardino,2021-01-10,1025,47460,599,34987,426,12473,0,0,575,32304,450,7564,575,39868,California
San Bernardino,2021-01-11,4985,52445,4082,39069,903,13376,0,0,2760,32843,2221,9785,2760,42628,California
San Bernardino,2021-01-12,4231,56676,3210,42279,1021,14397,0,0,2508,33631,1720,11505,2508,45136,California
San Bernardino,2021-01-13,4582,61258,2854,45133,1728,16125,0,0,3354,35770,1216,12721,3355,48491,California
San Bernardino,2021-01-14,4818,66076,2841,47974,1977,18102,0,0,4232,39420,582,13303,4232,52723,California
San Bernardino,2021-01-15,5990,72066,2977,50951,3013,21115,0,0,5592,44625,390,13693,5595,58318,California
San Bernardino,2021-01-16,2258,74324,1289,52240,969,22084,0,0,2116,46599,142,13835,2116,60434,California
San Bernardino,2021-01-17,1180,75504,506,52746,674,22758,0,0,1096,47614,83,13918,1098,61532,California
San Bernardino,2021-01-18,4272,79776,2638,55384,1634,24392,0,0,3650,50644,622,14540,3652,65184,California
San Bernardino,2021-01-19,6327,86103,3717,59101,2610,27002,0,0,5237,54795,1088,15628,5239,70423,California
San Bernardino,2021-01-20,6837,92940,3760,62861,3077,30079,0,0,4891,57749,1939,17567,4893,75316,California
San Bernardino,2021-01-21,5991,98931,3080,65941,2911,32990,0,0,4876,61521,1107,18674,4879,80195,California
San Bernardino,2021-01-22,6522,105453,3053,68994,3469,36459,0,0,5798,66598,722,19396,5799,85994,California
San Bernardino,2021-01-23,3123,108576,1898,70892,1225,37684,0,0,2731,68938,391,19787,2731,88725,California
San Bernardino,2021-01-24,1198,109774,462,71354,736,38420,0,0,1095,69930,103,19890,1095,89820,California
San Bernardino,2021-01-25,6893,116667,3408,74762,3485,41905,0,0,5052,73147,1838,21728,5055,94875,California
San Bernardino,2021-01-26,7054,123721,3513,78275,3541,45446,0,0,4950,75995,2103,23831,4951,99826,California
San Bernardino,2021-01-27,8534,132255,4156,82431,4378,49824,0,0,5721,78911,2805,26636,5721,105547,California
San Bernardino,2021-01-28,8589,140844,4080,86511,4509,54333,0,0,6268,82863,2316,28952,6268,111815,California
San Bernardino,2021-01-29,8205,149049,3778,90289,4427,58760,0,0,6229,87131,1962,30914,6230,118045,California
San Bernardino,2021-01-30,3094,152143,1896,92185,1198,59958,0,0,2803,89645,289,31203,2803,120848,California
San Bernardino,2021-01-31,928,153071,491,92676,437,60395,0,0,874,90466,53,31256,874,121722,California
San Bernardino,2021-02-01,7582,160653,4254,96930,3328,63723,0,0,4950,92788,2629,33885,4951,126673,California
San Bernardino,2021-02-02,10467,171120,3656,100586,6811,70534,0,0,8403,99132,2060,35945,8404,135077,California
San Bernardino,2021-02-03,9020,180140,4156,104742,4864,75398,0,0,6516,103152,2497,38442,6517,141594,California
San Bernardino,2021-02-04,10511,190651,5172,109914,5339,80737,0,0,7414,107480,3086,41528,7414,149008,California
San Bernardino,2021-02-05,11036,201687,5924,115838,5112,85849,0,0,7492,111440,3533,45061,7493,156501,California
San Bernardino,2021-02-06,5279,206966,2216,118054,3063,88912,0,0,3645,113478,1610,46671,3648,160149,California
San Bernardino,2021-02-07,846,207812,492,118546,354,89266,0,0,470,113576,373,47044,471,160620,California
San Bernardino,2021-02-08,7294,215106,3890,122436,3404,92670,0,0,5624,117531,1669,48713,5624,166244,California
San Bernardino,2021-02-09,10159,225265,5916,128352,4243,96913,0,0,6856,121089,3301,52014,6859,173103,California
San Bernardino,2021-02-10,12098,237363,6461,134813,5637,102550,0,0,7976,124952,4114,56128,7977,181080,California
San Bernardino,2021-02-11,12467,249830,7154,141967,5313,107863,0,0,7943,128397,4501,60629,7946,189026,California
San Bernardino,2021-02-12,10426,260256,5951,147918,4475,112338,0,0,5686,129360,4723,65352,5686,194712,California
San Bernardino,2021-02-13,6058,266314,4032,151950,2026,114364,0,0,3811,130945,2231,67583,3816,198528,California
San Bernardino,2021-02-14,1554,267868,649,152599,905,115269,0,0,874,131146,673,68256,874,199402,California
San Bernardino,2021-02-15,5484,273352,3000,155599,2484,117753,0,0,3067,131810,2403,70659,3067,202469,California
San Bernardino,2021-02-16,12601,285953,7354,162953,5247,123000,0,0,7964,135151,4624,75283,7965,210434,California
San Bernardino,2021-02-17,11818,297771,6469,169422,5349,128349,0,0,7154,137662,4645,79928,7156,217590,California
San Bernardino,2021-02-18,12493,310264,7590,177012,4903,133252,0,0,7709,140602,4770,84698,7710,225300,California
San Bernardino,2021-02-19,11556,321820,5959,182971,5597,138849,0,0,6838,142742,4698,89396,6838,232138,California
San Bernardino,2021-02-20,4531,326351,3477,186448,1054,139903,0,0,2046,142309,2481,91877,2048,234186,California
San Bernardino,2021-02-21,1137,327488,678,187126,459,140362,0,0,396,141964,741,92618,396,234582,California
San Bernardino,2021-02-22,8685,336173,5351,192477,3334,143696,0,0,4050,141391,4624,97242,4051,238633,California
San Bernardino,2021-02-23,9171,345344,5454,197931,3717,147413,0,0,4635,141515,4511,101753,4635,243268,California
San Bernardino,2021-02-24,12482,357826,7181,205112,5301,152714,0,0,6173,141400,6289,108042,6174,249442,California
San Bernardino,2021-02-25,13124,370950,6292,211404,6832,159546,0,0,7657,143612,5448,113490,7660,257102,California
San Bernardino,2021-02-26,13615,384565,6385,217789,7230,166776,0,0,7589,145239,5964,119454,7591,264693,California
San Bernardino,2021-02-27,6669,391234,3730,221519,2938,169714,1,1,4814,148207,1847,121301,4815,269508,California
San Bernardino,2021-02-28,1777,393011,740,222259,1037,170751,0,1,1140,148717,630,121931,1140,270648,California
San Bernardino,2021-03-01,8468,401479,4369,226628,4096,174847,3,4,3850,147984,4594,126525,3861,274509,California
San Bernardino,2021-03-02,13889,415368,5557,232185,8332,183179,0,4,6558,147244,7301,133826,6561,281070,California
San Bernardino,2021-03-03,12904,428272,6557,238742,6344,189523,3,7,6033,146437,6849,140675,6042,287112,California
San Bernardino,2021-03-04,13796,442068,6930,245672,6866,196389,0,7,5999,144664,7776,148451,6003,293115,California
San Bernardino,2021-03-05,14428,456496,7538,253210,6889,203278,1,8,7041,144369,7355,155806,7060,300175,California
San Bernardino,2021-03-06,9745,466241,5462,258672,4059,207337,224,232,4549,143962,5178,160984,4771,304946,California
San Bernardino,2021-03-07,1665,467906,1004,259676,590,207927,71,303,1048,144466,615,161599,1119,306065,California
San Bernardino,2021-03-08,8114,476020,3589,263265,4354,212281,171,474,3604,143742,4502,166101,3778,309843,California
San Bernardino,2021-03-09,13090,489110,7486,270751,5357,217638,247,721,5282,141479,7793,173894,5530,315373,California
San Bernardino,2021-03-10,14234,503344,7859,278610,5820,223458,555,1276,6375,140579,7832,181726,6932,322305,California
San Bernardino,2021-03-11,15646,518990,7253,285863,6800,230258,1593,2869,7405,141354,8218,189944,8993,331298,California
San Bernardino,2021-03-12,15573,534563,6948,292811,6577,236835,2048,4917,7359,142622,8184,198128,9452,340750,California
San Bernardino,2021-03-13,8406,542969,4584,297395,3305,240140,517,5434,4986,144718,3409,201537,5505,346255,California
San Bernardino,2021-03-14,3297,546266,1671,299066,1045,241185,581,6015,1843,145689,1447,202984,2418,348673,California
San Bernardino,2021-03-15,11420,557686,5386,304452,4001,245186,2033,8048,5603,147515,5802,208786,7628,356301,California
San Bernardino,2021-03-16,16230,573916,8035,312487,7251,252437,944,8992,9919,152091,6284,215070,10860,367161,California
San Bernardino,2021-03-17,17395,591311,8637,321124,8009,260446,749,9741,10543,156550,6834,221904,11293,378454,California
San Bernardino,2021-03-18,16675,607986,8252,329376,8035,268481,388,10129,9859,160005,6790,228694,10245,388699,California
San Bernardino,2021-03-19,17017,625003,8441,337817,7981,276462,595,10724,9770,163200,7222,235916,10417,399116,California
San Bernardino,2021-03-20,9464,634467,5972,343789,2898,279360,594,11318,5604,165557,3836,239752,6193,405309,California
San Bernardino,2021-03-21,2806,637273,2283,346072,472,279832,51,11369,2259,167333,534,240286,2310,407619,California
San Bernardino,2021-03-22,9629,646902,4523,350595,4669,284501,437,11806,6975,172112,2633,242919,7412,415031,California
San Bernardino,2021-03-23,15531,662433,8807,359402,6104,290605,620,12426,9607,176435,5903,248822,10226,425257,California
San Bernardino,2021-03-24,15193,677626,7843,367245,7045,297650,305,12731,10095,181773,5063,253885,10401,435658,California
San Bernardino,2021-03-25,17056,694682,8370,375615,8385,306035,301,13032,10804,186671,6202,260087,11100,446758,California
San Bernardino,2021-03-26,18250,712932,8693,384308,8787,314822,770,13802,10918,191059,7300,267387,11688,458446,California
San Bernardino,2021-03-27,10867,723799,7019,391327,3094,317916,754,14556,6200,193365,4647,272034,6953,465399,California
San Bernardino,2021-03-28,3626,727425,2553,393880,960,318876,113,14669,2516,194893,1100,273134,2628,468027,California
San Bernardino,2021-03-29,11799,739224,6131,400011,5267,324143,401,15070,7971,199456,3810,276944,8373,476400,California
San Bernardino,2021-03-30,17017,756241,9501,409512,6800,330943,716,15786,10543,204269,6437,283381,11250,487650,California
San Bernardino,2021-03-31,16614,772855,9360,418872,6616,337559,638,16424,10932,210185,5652,289033,11568,499218,California
San Bernardino,2021-04-01,19858,792713,10488,429360,7944,345503,1426,17850,12785,217356,7031,296064,14202,513420,California
San Bernardino,2021-04-02,18931,811644,9542,438902,8099,353602,1290,19140,11443,222671,7459,303523,12774,526194,California
San Bernardino,2021-04-03,11178,822822,6990,445892,3050,356652,1138,20278,6076,224797,5082,308605,7208,533402,California
San Bernardino,2021-04-04,2504,825326,1508,447400,746,357398,250,20528,1264,225078,1233,309838,1514,534916,California
San Bernardino,2021-04-05,11802,837128,5301,452701,4764,362162,1737,22265,6021,227070,5760,315598,7752,542668,California
San Bernardino,2021-04-06,19786,856914,11135,463836,6532,368694,2119,24384,10452,230344,9288,324886,12562,555230,California
San Bernardino,2021-04-07,21051,877965,11257,475093,7305,375999,2489,26873,11482,234763,9539,334425,13958,569188,California
San Bernardino,2021-04-08,21991,899956,11257,486350,8115,384114,2619,29492,12095,239600,9870,344295,14707,583895,California
San Bernardino,2021-04-09,21849,921805,11119,497469,8150,392264,2580,32072,11886,244131,9927,354222,14458,598353,California
San Bernardino,2021-04-10,15729,937534,8140,505609,3853,396117,3736,35808,7784,247713,7923,362145,11505,609858,California
San Bernardino,2021-04-11,4457,941991,2594,508203,895,397012,968,36776,2040,248305,2411,364556,3003,612861,California
San Bernardino,2021-04-12,13483,955474,6227,514430,5588,402600,1668,38444,6375,249261,7087,371643,8043,620904,California
San Bernardino,2021-04-13,19357,974831,11036,525466,8302,410902,19,38463,11092,252141,8239,379882,11119,632023,California
San Bernardino,2021-04-14,19332,994163,10342,535808,8987,419889,3,38466,10935,254721,8365,388247,10945,642968,California
San Bernardino,2021-04-15,20319,1014482,11354,547162,8959,428848,6,38472,10782,256012,9498,397745,10789,653757,California
San Bernardino,2021-04-16,18608,1033090,10560,557722,8047,436895,1,38473,9138,255721,9429,407174,9138,662895,California
San Bernardino,2021-04-17,11943,1045033,7860,565582,4083,440978,0,38473,6249,256310,5660,412834,6249,669144,California
San Bernardino,2021-04-18,2907,1047940,1997,567579,910,441888,0,38473,1281,255977,1614,414448,1281,670425,California
San Bernardino,2021-04-19,12535,1060475,6685,574264,5850,447738,0,38473,4860,253187,7654,422102,4864,675289,California
San Bernardino,2021-04-20,17633,1078108,9820,584084,7810,455548,3,38476,8052,251686,9557,431659,8056,683345,California
San Bernardino,2021-04-21,18135,1096243,10330,594414,7802,463350,3,38479,7938,249490,10137,441796,7941,691286,California
San Bernardino,2021-04-22,19210,1115453,10977,605391,8229,471579,4,38483,7801,245939,11356,453152,7805,699091,California
San Bernardino,2021-04-23,18479,1133932,10575,615966,7903,479482,1,38484,8043,243595,10390,463542,8046,707137,California
San Bernardino,2021-04-24,12874,1146806,9503,625469,3369,482851,2,38486,6923,244586,5934,469476,6925,714062,California
San Bernardino,2021-04-25,3398,1150204,2227,627696,1171,484022,0,38486,1674,244552,1709,471185,1675,715737,California
San Bernardino,2021-04-26,10911,1161115,5874,633570,4947,488969,90,38576,4659,243085,6214,477399,4747,720484,California
San Bernardino,2021-04-27,16212,1177327,9783,643353,6244,495213,185,38761,6647,240394,9521,486920,6830,727314,California
San Bernardino,2021-04-28,14689,1192016,8718,652071,5695,500908,276,39037,5274,236545,9390,496310,5541,732855,California
San Bernardino,2021-04-29,16193,1208209,9319,661390,6604,507512,270,39307,5363,231378,10796,507106,5629,738484,California
San Bernardino,2021-04-30,16559,1224768,10450,671840,5829,513341,280,39587,6095,227322,10428,517534,6372,744856,California
San Bernardino,2021-05-01,10752,1235520,8419,680259,2019,515360,314,39901,3710,224301,7041,524575,4020,748876,California
San Bernardino,2021-05-02,2932,1238452,2118,682377,682,516042,132,40033,1045,223597,1879,526454,1175,750051,California
San Bernardino,2021-05-03,10041,1248493,5763,688140,3876,519918,402,40435,2898,219765,7131,533585,3299,753350,California
San Bernardino,2021-05-04,15683,1264176,9541,697681,5690,525608,452,40887,4561,213693,11082,544667,5010,758360,California
San Bernardino,2021-05-05,15344,1279520,8823,706504,6106,531714,415,41302,4332,207470,10965,555632,4742,763102,California
San Bernardino,2021-05-06,15781,1295301,8998,715502,6369,538083,414,41716,4299,200739,11442,567074,4711,767813,California
San Bernardino,2021-05-07,15445,1310746,8666,724168,6405,544488,374,42090,4622,194963,10767,577841,4991,772804,California
San Bernardino,2021-05-08,9210,1319956,6130,730298,2839,547327,241,42331,3152,192333,6022,583863,3392,776196,California
San Bernardino,2021-05-09,1822,1321778,1127,731425,606,547933,89,42420,733,192073,1082,584945,822,777018,California
San Bernardino,2021-05-10,7430,1329208,3418,734843,3697,551630,315,42735,2281,189559,5107,590052,2593,779611,California
San Bernardino,2021-05-11,11900,1341108,6557,741400,5016,556646,327,43062,3736,185498,8124,598176,4063,783674,California
San Bernardino,2021-05-12,12029,1353137,6407,747807,5333,561979,289,43351,3431,180662,8552,606728,3716,787390,California
San Bernardino,2021-05-13,12484,1365621,7427,755234,4719,566698,338,43689,4782,178115,7662,614390,5115,792505,California
San Bernardino,2021-05-14,13597,1379218,9036,764270,4230,570928,331,44020,5669,176237,7877,622267,5999,798504,California
San Bernardino,2021-05-15,11251,1390469,8344,772614,2719,573647,188,44208,4517,174238,6700,628967,4701,803205,California
San Bernardino,2021-05-16,2776,1393245,2044,774658,671,574318,61,44269,1310,174159,1449,630416,1370,804575,California
San Bernardino,2021-05-17,9946,1403191,6753,781411,2902,577220,291,44560,4548,173632,5364,635780,4837,809412,California
San Bernardino,2021-05-18,13362,1416553,8781,790192,4333,581553,248,44808,6098,172743,7232,643012,6343,815755,California
San Bernardino,2021-05-19,11474,1428027,7179,797371,3917,585470,378,45186,5325,172331,6112,649124,5700,821455,California
San Bernardino,2021-05-20,9988,1438015,5913,803284,3776,589246,299,45485,4522,171719,5432,654556,4820,826275,California
San Bernardino,2021-05-21,10896,1448911,7209,810493,3328,592574,359,45844,4813,170849,6040,660596,5170,831445,California
San Bernardino,2021-05-22,7363,1456274,5615,816108,1554,594128,194,46038,3699,171106,3633,664229,3890,835335,California
San Bernardino,2021-05-23,1303,1457577,835,816943,395,594523,73,46111,663,171208,633,664862,735,836070,California
San Bernardino,2021-05-24,6565,1464142,4119,821062,2149,596672,297,46408,2887,170756,3636,668498,3184,839254,California
San Bernardino,2021-05-25,9261,1473403,5681,826743,3326,599998,254,46662,4167,170116,5063,673561,4423,843677,California
San Bernardino,2021-05-26,8156,1481559,5173,831916,2737,602735,246,46908,3769,169776,4351,677912,4011,847688,California
San Bernardino,2021-05-27,7599,1489158,4620,836536,2750,605485,229,47137,3492,169429,4068,681980,3721,851409,California
San Bernardino,2021-05-28,8746,1497904,5448,841984,3029,608514,269,47406,4390,169773,4313,686293,4657,856066,California
San Bernardino,2021-05-29,4983,1502887,3339,845323,1532,610046,112,47518,2621,170161,2344,688637,2732,858798,California
San Bernardino,2021-05-30,1757,1504644,1244,846567,432,610478,81,47599,914,170318,837,689474,994,859792,California
San Bernardino,2021-05-31,888,1505532,562,847129,310,610788,16,47615,318,170085,567,690041,334,860126,California
San Bernardino,2021-06-01,8608,1514140,5566,852695,2799,613587,243,47858,3608,168991,4944,694985,3850,863976,California
San Bernardino,2021-06-02,6820,1520960,4295,856990,2281,615868,244,48102,3135,168717,3651,698636,3377,867353,California
San Bernardino,2021-06-03,7884,1528844,5336,862326,2366,618234,182,48284,3015,167069,4844,703480,3196,870549,California
San Bernardino,2021-06-04,8983,1537827,6122,868448,2569,620803,292,48576,3272,164962,5669,709149,3562,874111,California
San Bernardino,2021-06-05,6374,1544201,4900,873348,1349,622152,125,48701,2294,163321,4059,713208,2418,876529,California
San Bernardino,2021-06-06,1965,1546166,1649,874997,252,622404,64,48765,808,163044,1149,714357,872,877401,California
San Bernardino,2021-06-07,3370,1549536,2607,877604,617,623021,146,48911,870,161565,2493,716850,1014,878415,California
San Diego,2020-12-15,119,119,119,119,0,0,0,0,119,119,0,0,119,119,California
San Diego,2020-12-16,1103,1222,1103,1222,0,0,0,0,1103,1222,0,0,1103,1222,California
San Diego,2020-12-17,2351,3573,2351,3573,0,0,0,0,2351,3573,0,0,2351,3573,California
San Diego,2020-12-18,3672,7245,3671,7244,1,1,0,0,3672,7245,0,0,3672,7245,California
San Diego,2020-12-19,2313,9558,2313,9557,0,1,0,0,2313,9558,0,0,2313,9558,California
San Diego,2020-12-20,1186,10744,1185,10742,1,2,0,0,1186,10744,0,0,1186,10744,California
San Diego,2020-12-21,3522,14266,3520,14262,2,4,0,0,3522,14266,0,0,3522,14266,California
San Diego,2020-12-22,4062,18328,3418,17680,644,648,0,0,4062,18328,0,0,4062,18328,California
San Diego,2020-12-23,3179,21507,1977,19657,1202,1850,0,0,3179,21507,0,0,3179,21507,California
San Diego,2020-12-24,2736,24243,2219,21876,517,2367,0,0,2736,24243,0,0,2736,24243,California
San Diego,2020-12-25,876,25119,875,22751,1,2368,0,0,876,25119,0,0,876,25119,California
San Diego,2020-12-26,3290,28409,2141,24892,1149,3517,0,0,3290,28409,0,0,3290,28409,California
San Diego,2020-12-27,2510,30919,1619,26511,891,4408,0,0,2509,30917,1,1,2509,30918,California
San Diego,2020-12-28,5911,36830,4225,30736,1686,6094,0,0,5911,36828,0,1,5911,36829,California
San Diego,2020-12-29,5574,42404,3001,33737,2573,8667,0,0,5574,42402,0,1,5574,42403,California
San Diego,2020-12-30,5947,48351,3102,36839,2845,11512,0,0,5947,48349,0,1,5947,48350,California
San Diego,2020-12-31,3035,51386,1053,37892,1982,13494,0,0,3035,51384,0,1,3035,51385,California
San Diego,2021-01-01,1006,52392,452,38344,554,14048,0,0,1006,52390,0,1,1006,52391,California
San Diego,2021-01-02,3746,56138,1303,39647,2443,16491,0,0,3746,56136,0,1,3746,56137,California
San Diego,2021-01-03,858,56996,633,40280,225,16716,0,0,857,56993,0,1,857,56994,California
San Diego,2021-01-04,3706,60702,2053,42333,1653,18369,0,0,3699,60692,0,1,3699,60693,California
San Diego,2021-01-05,4381,65083,2186,44519,2195,20564,0,0,3765,63857,612,613,3777,64470,California
San Diego,2021-01-06,4946,70029,2289,46808,2657,23221,0,0,3713,66364,1210,1823,3717,68187,California
San Diego,2021-01-07,5664,75693,2984,49792,2680,25901,0,0,3504,67722,2153,3976,3511,71698,California
San Diego,2021-01-08,7861,83554,4940,54732,2921,28822,0,0,4077,68050,3767,7743,4095,75793,California
San Diego,2021-01-09,3503,87057,1943,56675,1560,30382,0,0,1952,68474,1539,9282,1963,77756,California
San Diego,2021-01-10,1881,88938,1294,57969,587,30969,0,0,777,68169,1092,10374,787,78543,California
San Diego,2021-01-11,10335,99273,5859,63828,4476,35445,0,0,6805,71470,3523,13897,6824,85367,California
San Diego,2021-01-12,11205,110478,5316,69144,5889,41334,0,0,7826,76040,3370,17267,7940,93307,California
San Diego,2021-01-13,11514,121992,5056,74200,6458,47792,0,0,8969,82500,2533,19800,8993,102300,California
San Diego,2021-01-14,12370,134362,4748,78948,7622,55414,0,0,10200,90575,2162,21962,10237,112537,California
San Diego,2021-01-15,15133,149495,5356,84304,9777,65191,0,0,12485,100486,2629,24591,12540,125077,California
San Diego,2021-01-16,10775,160270,3593,87897,7182,72373,0,0,9330,108407,1440,26031,9361,134438,California
San Diego,2021-01-17,8687,168957,2500,90397,6187,78560,0,0,7846,115433,841,26872,7867,142305,California
San Diego,2021-01-18,12885,181842,6318,96715,6567,85127,0,0,10035,122711,2818,29690,10096,152401,California
San Diego,2021-01-19,14602,196444,5671,102386,8931,94058,0,0,11489,131365,3103,32793,11757,164158,California
San Diego,2021-01-20,18331,214775,6388,108774,11943,106001,0,0,15010,143257,3301,36094,15193,179351,California
San Diego,2021-01-21,17304,232079,5782,114556,11522,117523,0,0,15917,157939,1378,37472,16060,195411,California
San Diego,2021-01-22,17579,249658,4654,119210,12925,130448,0,0,15545,171546,2020,39492,15627,211038,California
San Diego,2021-01-23,14488,264146,5275,124485,9213,139661,0,0,12128,181387,2349,41841,12190,223228,California
San Diego,2021-01-24,11867,276013,3309,127794,8558,148219,0,0,10893,191348,972,42813,10933,234161,California
San Diego,2021-01-25,12256,288269,5783,133577,6473,154692,0,0,9234,197724,3014,45827,9390,243551,California
San Diego,2021-01-26,15139,303408,7842,141419,7297,161989,0,0,11748,206269,3389,49216,11934,255485,California
San Diego,2021-01-27,20580,323988,7930,149349,12650,174639,0,0,17559,220961,3012,52228,17704,273189,California
San Diego,2021-01-28,21299,345287,7637,156986,13662,188301,0,0,19023,237807,2265,54493,19111,292300,California
San Diego,2021-01-29,19656,364943,6402,163388,13254,201555,0,0,17213,252639,2433,56926,17265,309565,California
San Diego,2021-01-30,15836,380779,3595,166983,12241,213796,0,0,13152,263216,2674,59600,13251,322816,California
San Diego,2021-01-31,14775,395554,5724,172707,9051,222847,0,0,14414,277305,357,59957,14446,337262,California
San Diego,2021-02-01,20877,416431,7582,180289,13295,236142,0,0,17318,291162,3546,63503,17403,354665,California
San Diego,2021-02-02,22911,439342,8375,188664,14536,250678,0,0,19637,307705,3265,66768,19808,374473,California
San Diego,2021-02-03,27499,466841,11597,200261,15902,266580,0,0,23183,326784,4297,71065,23376,397849,California
San Diego,2021-02-04,24183,491024,9818,210079,14365,280945,0,0,19547,342002,4619,75684,19837,417686,California
San Diego,2021-02-05,24892,515916,8848,218927,16044,296989,0,0,18195,353990,6673,82357,18661,436347,California
San Diego,2021-02-06,20765,536681,8542,227469,12223,309212,0,0,17512,368477,3250,85607,17737,454084,California
San Diego,2021-02-07,12142,548823,5377,232846,6765,315977,0,0,10256,377118,1875,87482,10516,464600,California
San Diego,2021-02-08,20119,568942,8523,241369,11596,327573,0,0,12665,383031,7443,94925,13356,477956,California
San Diego,2021-02-09,20493,589435,8320,249689,12173,339746,0,0,13184,390009,7288,102213,14266,492222,California
San Diego,2021-02-10,22967,612402,9331,259020,13636,353382,0,0,13835,396151,9077,111290,15219,507441,California
San Diego,2021-02-11,23845,636247,10181,269201,13664,367046,0,0,12756,399543,11062,122352,14454,521895,California
San Diego,2021-02-12,23823,660070,7429,276630,16394,383440,0,0,11854,401727,11952,134304,14136,536031,California
San Diego,2021-02-13,20025,680095,9019,285649,11006,394446,0,0,10890,404695,9128,143432,12096,548127,California
San Diego,2021-02-14,11186,691281,7430,293079,3756,398202,0,0,6318,407667,4864,148296,7836,555963,California
San Diego,2021-02-15,15249,706530,7737,300816,7512,405714,0,0,7803,411114,7424,155720,10871,566834,California
San Diego,2021-02-16,19296,725826,11269,312085,8027,413741,0,0,9213,413247,10071,165791,12204,579038,California
San Diego,2021-02-17,23414,749240,10998,323083,12416,426157,0,0,8114,409171,15285,181076,11209,590247,California
San Diego,2021-02-18,23579,772819,12008,335091,11571,437728,0,0,7763,405225,15805,196881,11859,602106,California
San Diego,2021-02-19,15904,788723,10911,346002,4993,442721,0,0,6615,404559,9271,206152,8605,610711,California
San Diego,2021-02-20,10263,798986,6361,352363,3902,446623,0,0,5790,407801,4470,210622,7712,618423,California
San Diego,2021-02-21,11572,810558,10157,362520,1415,448038,0,0,5177,408110,6390,217012,6699,625122,California
San Diego,2021-02-22,12452,823010,10590,373110,1862,449900,0,0,5743,408807,6704,223716,7401,632523,California
San Diego,2021-02-23,25868,848878,14485,387595,11383,461283,0,0,9612,408082,16247,239963,15522,648045,California
San Diego,2021-02-24,28946,877824,12751,400346,16195,477478,0,0,6831,400266,22095,262058,14279,662324,California
San Diego,2021-02-25,33187,911011,14704,415050,18483,495961,0,0,10094,395709,23073,285131,18516,680840,California
San Diego,2021-02-26,33482,944493,12401,427451,21081,517042,0,0,12098,393581,21354,306485,19226,700066,California
San Diego,2021-02-27,21240,965733,9680,437131,11560,528602,0,0,11428,399487,9806,316291,15712,715778,California
San Diego,2021-02-28,15281,981014,9985,447116,5296,533898,0,0,9509,406021,5771,322062,12305,728083,California
San Diego,2021-03-01,24250,1005264,14314,461430,9934,543832,2,2,14712,415153,9460,331522,18592,746675,California
San Diego,2021-03-02,26168,1031432,14085,475515,12083,555915,0,2,12734,421175,13423,344945,19445,766120,California
San Diego,2021-03-03,34029,1065461,15952,491467,18074,573989,3,5,14066,422226,19944,364889,20995,787115,California
San Diego,2021-03-04,28313,1093774,14107,505574,14206,588195,0,5,12596,425904,15695,380584,19373,806488,California
San Diego,2021-03-05,29003,1122777,14908,520482,14013,602208,82,87,13495,430740,15483,396067,20319,826807,California
San Diego,2021-03-06,23431,1146208,9586,530068,13144,615352,701,788,10328,433379,13091,409158,15730,842537,California
San Diego,2021-03-07,18235,1164443,9327,539395,8337,623689,571,1359,6909,433215,11318,420476,11154,853691,California
San Diego,2021-03-08,23110,1187553,11233,550628,10968,634657,909,2268,11441,438810,11648,432124,17243,870934,California
San Diego,2021-03-09,25886,1213439,11972,562600,12155,646812,1759,4027,10107,438852,15764,447888,15806,886740,California
San Diego,2021-03-10,25527,1238966,10782,573382,12347,659159,2398,6425,10082,439992,15430,463318,16570,903310,California
San Diego,2021-03-11,28642,1267608,11003,584385,14041,673200,3598,10023,9956,438863,18663,481981,17534,920844,California
San Diego,2021-03-12,27324,1294932,9557,593942,14627,687827,3140,13163,10025,438447,17287,499268,16871,937715,California
San Diego,2021-03-13,26218,1321150,7283,601225,17143,704970,1792,14955,10114,438438,16098,515366,16089,953804,California
San Diego,2021-03-14,13878,1335028,5496,606721,7642,712612,740,15695,4802,437250,9068,524434,7880,961684,California
San Diego,2021-03-15,22034,1357062,10171,616892,11082,723694,781,16476,9014,437148,13007,537441,12905,974589,California
San Diego,2021-03-16,30001,1387063,15789,632681,13801,737495,411,16887,15723,442095,14256,551697,19203,993792,California
San Diego,2021-03-17,26329,1413392,12235,644916,13374,750869,720,17607,16766,452094,9547,561244,19546,1013338,California
San Diego,2021-03-18,31520,1444912,17810,662726,12791,763660,919,18526,17010,457084,14476,575720,19466,1032804,California
San Diego,2021-03-19,30359,1475271,14405,677131,14914,778574,1040,19566,19394,467780,10944,586664,21640,1054444,California
San Diego,2021-03-20,27905,1503176,8459,685590,17642,796216,1804,21370,21432,485663,6462,593126,24345,1078789,California
San Diego,2021-03-21,16578,1519754,12102,697692,3759,799975,717,22087,7700,486547,8864,601990,9748,1088537,California
San Diego,2021-03-22,22549,1542303,13152,710844,9120,809095,277,22364,14325,495705,8213,610203,17371,1105908,California
San Diego,2021-03-23,25998,1568301,13635,724479,12084,821179,279,22643,17109,506264,8873,619076,19432,1125340,California
San Diego,2021-03-24,29581,1597882,19777,744256,9422,830601,382,23025,17084,513313,12484,631560,19533,1144873,California
San Diego,2021-03-25,30403,1628285,18319,762575,11400,842001,684,23709,17988,521717,12399,643959,20803,1165676,California
San Diego,2021-03-26,32168,1660453,17946,780521,13649,855650,573,24282,17495,527975,14648,658607,20906,1186582,California
San Diego,2021-03-27,25518,1685971,11047,791568,14077,869727,394,24676,15689,536501,9813,668420,18339,1204921,California
San Diego,2021-03-28,15086,1701057,9241,800809,5788,875515,57,24733,9258,541472,5822,674242,10793,1215714,California
San Diego,2021-03-29,26745,1727802,12930,813739,13182,888697,633,25366,16444,550711,10290,684532,19529,1235243,California
San Diego,2021-03-30,33252,1761054,17904,831643,14558,903255,790,26156,22015,564120,11222,695754,24631,1259874,California
San Diego,2021-03-31,30487,1791541,18805,850448,10976,914231,706,26862,20635,576731,9836,705590,22447,1282321,California
San Diego,2021-04-01,34361,1825902,20067,870515,12791,927022,1503,28365,23241,591701,11099,716689,26069,1308390,California
San Diego,2021-04-02,35813,1861715,20679,891194,12326,939348,2808,31173,24112,608373,11683,728372,28355,1336745,California
San Diego,2021-04-03,30891,1892606,14472,905666,11802,951150,4617,35790,19730,622772,11149,739521,25548,1362293,California
San Diego,2021-04-04,9061,1901667,5207,910873,2926,954076,928,36718,4814,624456,4242,743763,5926,1368219,California
San Diego,2021-04-05,29767,1931434,15408,926281,11705,965781,2654,39372,19382,638617,10370,754133,24531,1392750,California
San Diego,2021-04-06,38760,1970194,20392,946673,12450,978231,5918,45290,22323,652553,16421,770554,30357,1423107,California
San Diego,2021-04-07,35862,2006056,21992,968665,9292,987523,4578,49868,20314,663134,15526,786080,26107,1449214,California
San Diego,2021-04-08,35265,2041321,21380,990045,9713,997236,4172,54040,21298,677242,13949,800029,28057,1477271,California
San Diego,2021-04-09,38447,2079768,22936,1012981,10294,1007530,5217,59257,20786,688967,17596,817625,29321,1506592,California
San Diego,2021-04-10,29201,2108969,11789,1024770,13403,1020933,4009,63266,15092,697001,14100,831725,22134,1528726,California
San Diego,2021-04-11,16262,2125231,10078,1034848,3870,1024803,2314,65580,7236,700539,9022,840747,12560,1541286,California
San Diego,2021-04-12,30865,2156096,12867,1047715,13665,1038468,4333,69913,17159,712022,13691,854438,25174,1566460,California
San Diego,2021-04-13,37231,2193327,17796,1065511,19399,1057867,36,69949,24772,727233,12437,866875,27648,1594108,California
San Diego,2021-04-14,33098,2226425,18933,1084444,14152,1072019,13,69962,17881,734299,15206,882081,22272,1616380,California
San Diego,2021-04-15,39585,2266010,20388,1104832,19193,1091212,4,69966,24115,745827,15451,897532,26979,1643359,California
San Diego,2021-04-16,33851,2299861,18590,1123422,15258,1106470,3,69969,19611,753661,14180,911712,22014,1665373,California
San Diego,2021-04-17,27909,2327770,13543,1136965,14366,1120836,0,69969,12353,753618,15463,927175,15420,1680793,California
San Diego,2021-04-18,14489,2342259,8903,1145868,5583,1126419,3,69972,6744,755594,7732,934907,9708,1690501,California
San Diego,2021-04-19,26606,2368865,13578,1159446,13027,1139446,1,69973,12513,755795,14075,948982,14276,1704777,California
San Diego,2021-04-20,39087,2407952,17812,1177258,21273,1160719,2,69975,19925,759567,19142,968124,22914,1727691,California
San Diego,2021-04-21,35055,2443007,20940,1198198,14115,1174834,0,69975,16955,761488,18064,986188,19985,1747676,California
San Diego,2021-04-22,44696,2487703,22960,1221158,21732,1196566,4,69979,22424,764716,22237,1008425,25465,1773141,California
San Diego,2021-04-23,42289,2529992,26039,1247197,16248,1212814,2,69981,15768,757171,26491,1034916,18946,1792087,California
San Diego,2021-04-24,34969,2564961,18868,1266065,16086,1228900,15,69996,15606,756639,19327,1054243,18795,1810882,California
San Diego,2021-04-25,12652,2577613,7711,1273776,4941,1233841,0,69996,5915,757197,6729,1060972,7287,1818169,California
San Diego,2021-04-26,32429,2610042,16202,1289978,16096,1249937,131,70127,11256,751872,21158,1082130,15833,1834002,California
San Diego,2021-04-27,43805,2653847,24110,1314088,19206,1269143,489,70616,19290,750251,24480,1106610,22859,1856861,California
San Diego,2021-04-28,38350,2692197,22635,1336723,15041,1284184,674,71290,17360,749563,20956,1127566,20268,1877129,California
San Diego,2021-04-29,38145,2730342,24294,1361017,13198,1297382,653,71943,15430,744678,22678,1150244,17793,1894922,California
San Diego,2021-04-30,38176,2768518,23150,1384167,13972,1311354,1054,72997,14950,739318,23190,1173434,17830,1912752,California
San Diego,2021-05-01,24353,2792871,10730,1394897,12980,1324334,643,73640,9568,736897,14776,1188210,12355,1925107,California
San Diego,2021-05-02,10726,2803597,7537,1402434,2603,1326937,586,74226,3282,733661,7440,1195650,4204,1929311,California
San Diego,2021-05-03,25343,2828940,12481,1414915,11704,1338641,1158,75384,9358,729010,15966,1211616,11315,1940626,California
San Diego,2021-05-04,31986,2860926,17652,1432567,13004,1351645,1330,76714,11543,722576,20417,1232033,13983,1954609,California
San Diego,2021-05-05,27746,2888672,17044,1449611,9413,1361058,1289,78003,10606,718305,17120,1249153,12849,1967458,California
San Diego,2021-05-06,28458,2917130,18833,1468444,8712,1369770,913,78916,10839,714947,17592,1266745,14234,1981692,California
San Diego,2021-05-07,29714,2946844,19534,1487978,9129,1378899,1051,79967,11065,709653,18613,1285358,13319,1995011,California
San Diego,2021-05-08,22650,2969494,10763,1498741,11175,1390074,712,80679,7272,703696,15357,1300715,9400,2004411,California
San Diego,2021-05-09,7556,2977050,5681,1504422,1467,1391541,408,81087,2667,702310,4883,1305598,3497,2007908,California
San Diego,2021-05-10,21663,2998713,8448,1512870,12399,1403940,816,81903,5938,694621,15698,1321296,8009,2015917,California
San Diego,2021-05-11,27716,3026429,11258,1524128,15682,1419622,776,82679,9672,688644,18023,1339319,12046,2027963,California
San Diego,2021-05-12,21972,3048401,11706,1535834,9473,1429095,793,83472,8018,684547,13930,1353249,9833,2037796,California
San Diego,2021-05-13,29765,3078166,17739,1553573,11415,1440510,611,84083,12319,682562,17393,1370642,15408,2053204,California
San Diego,2021-05-14,30775,3108941,19689,1573262,10239,1450749,847,84930,14034,682816,16707,1387349,16961,2070165,California
San Diego,2021-05-15,26268,3135209,16498,1589760,8938,1459687,832,85762,10939,680236,15280,1402629,12700,2082865,California
San Diego,2021-05-16,12976,3148185,9704,1599464,2699,1462386,573,86335,6476,681171,6489,1409118,7424,2090289,California
San Diego,2021-05-17,21460,3169645,13035,1612499,7668,1470054,757,87092,9186,679743,12239,1421357,10811,2101100,California
San Diego,2021-05-18,34276,3203921,19394,1631893,14006,1484060,876,87968,13651,675119,20593,1441950,15969,2117069,California
San Diego,2021-05-19,28520,3232441,17931,1649824,9778,1493838,811,88779,12249,673046,16243,1458193,14170,2131239,California
San Diego,2021-05-20,30650,3263091,16352,1666176,13530,1507368,768,89547,10363,665203,20259,1478452,12416,2143655,California
San Diego,2021-05-21,22884,3285975,14381,1680557,7563,1514931,940,90487,9460,663199,13396,1491848,11392,2155047,California
San Diego,2021-05-22,17416,3303391,9662,1690219,6659,1521590,1095,91582,7436,662650,9962,1501810,9413,2164460,California
San Diego,2021-05-23,4825,3308216,3591,1693810,948,1522538,286,91868,2578,663516,2226,1504036,3092,2167552,California
San Diego,2021-05-24,17692,3325908,9014,1702824,6776,1529314,1902,93770,6443,661473,11232,1515268,9189,2176741,California
San Diego,2021-05-25,24250,3350158,13267,1716091,9154,1538468,1829,95599,8696,657612,15524,1530792,11663,2188404,California
San Diego,2021-05-26,19217,3369375,10673,1726764,6530,1544998,2014,97613,6710,654877,12476,1543268,9741,2198145,California
San Diego,2021-05-27,20641,3390016,12065,1738829,6180,1551178,2396,100009,7045,651984,13578,1556846,10685,2208830,California
San Diego,2021-05-28,21209,3411225,13299,1752128,7189,1558367,721,100730,8445,649706,12749,1569595,10471,2219301,California
San Diego,2021-05-29,12009,3423234,7654,1759782,3862,1562229,493,101223,5269,649340,6727,1576322,6361,2225662,California
San Diego,2021-05-30,4723,3427957,3229,1763011,1108,1563337,386,101609,2081,649452,2638,1578960,2750,2228412,California
San Diego,2021-05-31,2610,3430567,1765,1764776,674,1564011,171,101780,881,648923,1725,1580685,1196,2229608,California
San Diego,2021-06-01,21357,3451924,11433,1776209,8287,1572298,1637,103417,6200,642679,15134,1595819,8890,2238498,California
San Diego,2021-06-02,17071,3468995,8830,1785039,6164,1578462,2077,105494,5823,640203,11225,1607044,8749,2247247,California
San Diego,2021-06-03,18993,3487988,11912,1796951,5281,1583743,1800,107294,5687,635551,13286,1620330,8634,2255881,California
San Diego,2021-06-04,19698,3507686,13862,1810813,5231,1588974,605,107899,6016,630565,13656,1633986,8670,2264551,California
San Diego,2021-06-05,15730,3523416,11981,1822794,2967,1591941,782,108681,4534,625792,11180,1645166,6407,2270958,California
San Diego,2021-06-06,5335,3528751,4316,1827110,709,1592650,310,108991,1884,625439,3445,1648611,3092,2274050,California
San Diego,2021-06-07,5166,3533917,3023,1830133,1001,1593651,1142,110133,1208,624130,3951,1652562,2642,2276692,California
San Francisco,2020-12-15,8,8,8,8,0,0,0,0,8,8,0,0,8,8,California
San Francisco,2020-12-16,230,238,230,238,0,0,0,0,230,238,0,0,230,238,California
San Francisco,2020-12-17,417,655,417,655,0,0,0,0,417,655,0,0,417,655,California
San Francisco,2020-12-18,907,1562,906,1561,1,1,0,0,907,1562,0,0,907,1562,California
San Francisco,2020-12-19,607,2169,607,2168,0,1,0,0,607,2169,0,0,607,2169,California
San Francisco,2020-12-20,483,2652,483,2651,0,1,0,0,483,2652,0,0,483,2652,California
San Francisco,2020-12-21,1163,3815,1163,3814,0,1,0,0,1163,3815,0,0,1163,3815,California
San Francisco,2020-12-22,1403,5218,1369,5183,34,35,0,0,1403,5218,0,0,1403,5218,California
San Francisco,2020-12-23,1359,6577,1062,6245,297,332,0,0,1359,6577,0,0,1359,6577,California
San Francisco,2020-12-24,846,7423,505,6750,341,673,0,0,846,7423,0,0,846,7423,California
San Francisco,2020-12-25,33,7456,28,6778,5,678,0,0,33,7456,0,0,33,7456,California
San Francisco,2020-12-26,249,7705,154,6932,95,773,0,0,249,7705,0,0,249,7705,California
San Francisco,2020-12-27,274,7979,60,6992,214,987,0,0,274,7979,0,0,274,7979,California
San Francisco,2020-12-28,1279,9258,691,7683,588,1575,0,0,1279,9258,0,0,1279,9258,California
San Francisco,2020-12-29,1255,10513,629,8312,626,2201,0,0,1255,10513,0,0,1255,10513,California
San Francisco,2020-12-30,1492,12005,781,9093,711,2912,0,0,1492,12005,0,0,1492,12005,California
San Francisco,2020-12-31,971,12976,412,9505,559,3471,0,0,970,12975,0,0,970,12975,California
San Francisco,2021-01-01,98,13074,73,9578,25,3496,0,0,98,13073,0,0,98,13073,California
San Francisco,2021-01-02,340,13414,306,9884,34,3530,0,0,340,13413,0,0,340,13413,California
San Francisco,2021-01-03,299,13713,106,9990,193,3723,0,0,298,13710,1,1,298,13711,California
San Francisco,2021-01-04,1848,15561,1362,11352,486,4209,0,0,1842,15546,6,7,1842,15553,California
San Francisco,2021-01-05,2235,17796,1422,12774,813,5022,0,0,2196,17705,39,46,2198,17751,California
San Francisco,2021-01-06,1874,19670,1161,13935,713,5735,0,0,1606,19046,266,312,1607,19358,California
San Francisco,2021-01-07,2073,21743,1207,15142,866,6601,0,0,1600,20176,470,782,1600,20958,California
San Francisco,2021-01-08,2345,24088,1648,16790,697,7298,0,0,1480,20797,860,1642,1481,22439,California
San Francisco,2021-01-09,1395,25483,897,17687,498,7796,0,0,887,21178,508,2150,889,23328,California
San Francisco,2021-01-10,921,26404,541,18228,380,8176,0,0,462,21182,458,2608,462,23790,California
San Francisco,2021-01-11,2514,28918,1875,20103,639,8815,0,0,1408,21483,1107,3715,1408,25198,California
San Francisco,2021-01-12,3093,32011,2057,22160,1036,9851,0,0,1897,22186,1196,4911,1899,27097,California
San Francisco,2021-01-13,2834,34845,1608,23768,1226,11077,0,0,1996,23344,838,5749,1996,29093,California
San Francisco,2021-01-14,2444,37289,1102,24870,1342,12419,0,0,1884,24668,560,6309,1884,30977,California
San Francisco,2021-01-15,2753,40042,1148,26018,1605,14024,0,0,2362,26643,389,6698,2364,33341,California
San Francisco,2021-01-16,2263,42305,971,26989,1292,15316,0,0,2094,28569,169,6867,2095,35436,California
San Francisco,2021-01-17,1941,44246,535,27524,1406,16722,0,0,1724,30076,217,7084,1724,37160,California
San Francisco,2021-01-18,1381,45627,596,28120,785,17507,0,0,1115,30927,265,7349,1116,38276,California
San Francisco,2021-01-19,2589,48216,1478,29598,1111,18618,0,0,1834,32006,755,8104,1834,40110,California
San Francisco,2021-01-20,2766,50982,1130,30728,1636,20254,0,0,2008,33260,755,8859,2009,42119,California
San Francisco,2021-01-21,3330,54312,945,31673,2385,22639,0,0,2494,34919,835,9694,2494,44613,California
San Francisco,2021-01-22,3202,57514,647,32320,2555,25194,0,0,2759,37237,441,10135,2759,47372,California
San Francisco,2021-01-23,3094,60608,611,32931,2483,27677,0,0,2723,39591,370,10505,2724,50096,California
San Francisco,2021-01-24,2436,63044,366,33297,2070,29747,0,0,2203,41564,230,10735,2203,52299,California
San Francisco,2021-01-25,4648,67692,1833,35130,2815,32562,0,0,3058,43035,1588,12323,3059,55358,California
San Francisco,2021-01-26,4735,72427,2182,37312,2553,35115,0,0,3093,44491,1639,13962,3095,58453,California
San Francisco,2021-01-27,4390,76817,2006,39318,2384,37499,0,0,3087,46277,1301,15263,3087,61540,California
San Francisco,2021-01-28,3772,80589,1555,40873,2217,39716,0,0,2609,47729,1158,16421,2610,64150,California
San Francisco,2021-01-29,4748,85337,1690,42563,3058,42774,0,0,3467,49922,1275,17696,3468,67618,California
San Francisco,2021-01-30,3796,89133,1849,44412,1947,44721,0,0,3336,52803,459,18155,3340,70958,California
San Francisco,2021-01-31,2362,91495,827,45239,1535,46256,0,0,2210,54863,151,18306,2211,73169,California
San Francisco,2021-02-01,3984,95479,1705,46944,2279,48535,0,0,2911,56702,1073,19379,2912,76081,California
San Francisco,2021-02-02,4518,99997,1806,48750,2712,51247,0,0,2921,58031,1592,20971,2921,79002,California
San Francisco,2021-02-03,5072,105069,2378,51128,2694,53941,0,0,3757,60476,1313,22284,3758,82760,California
San Francisco,2021-02-04,5033,110102,2428,53556,2605,56546,0,0,3863,63171,1168,23452,3863,86623,California
San Francisco,2021-02-05,5994,116096,3239,56795,2755,59301,0,0,4642,66464,1350,24802,4643,91266,California
San Francisco,2021-02-06,5525,121621,3703,60498,1822,61123,0,0,4620,70184,902,25704,4622,95888,California
San Francisco,2021-02-07,4392,126013,3243,63741,1149,62272,0,0,3813,73424,576,26280,3816,99704,California
San Francisco,2021-02-08,6813,132826,4701,68442,2112,64384,0,0,5581,77791,1216,27496,5583,105287,California
San Francisco,2021-02-09,5982,138808,4034,72476,1948,66332,0,0,4426,80655,1563,29059,4427,109714,California
San Francisco,2021-02-10,6925,145733,4220,76696,2705,69037,0,0,5118,83974,1802,30861,5121,114835,California
San Francisco,2021-02-11,6762,152495,4022,80718,2740,71777,0,0,4936,87090,1821,32682,4937,119772,California
San Francisco,2021-02-12,5357,157852,2697,83415,2660,74437,0,0,3509,88750,1849,34531,3509,123281,California
San Francisco,2021-02-13,4399,162251,2578,85993,1821,76258,0,0,3062,90477,1337,35868,3064,126345,California
San Francisco,2021-02-14,3441,165692,2262,88255,1179,77437,0,0,2309,91657,1131,36999,2311,128656,California
San Francisco,2021-02-15,2776,168468,1507,89762,1269,78706,0,0,1673,92229,1101,38100,1673,130329,California
San Francisco,2021-02-16,5091,173559,2797,92559,2294,81000,0,0,2988,93127,2096,40196,2994,133323,California
San Francisco,2021-02-17,5343,178902,2612,95171,2731,83731,0,0,2954,93703,2379,42575,2955,136278,California
San Francisco,2021-02-18,5387,184289,2628,97799,2759,86490,0,0,2801,93922,2585,45160,2804,139082,California
San Francisco,2021-02-19,5676,189965,2658,100457,3018,89508,0,0,2941,94134,2730,47890,2942,142024,California
San Francisco,2021-02-20,4554,194519,2191,102648,2363,91871,0,0,1708,93006,2837,50727,1709,143733,California
San Francisco,2021-02-21,2898,197417,1526,104174,1372,93243,0,0,1286,92690,1603,52330,1287,145020,California
San Francisco,2021-02-22,5192,202609,3238,107412,1954,95197,0,0,2615,92739,2569,54899,2618,147638,California
San Francisco,2021-02-23,5611,208220,3199,110611,2412,97609,0,0,2868,92871,2736,57635,2868,150506,California
San Francisco,2021-02-24,9134,217354,5169,115780,3965,101574,0,0,4880,93509,4243,61878,4881,155387,California
San Francisco,2021-02-25,10044,227398,7022,122802,3022,104596,0,0,6453,96376,3588,65466,6455,161842,California
San Francisco,2021-02-26,12383,239781,8047,130849,4336,108932,0,0,7313,98621,5069,70535,7314,169156,California
San Francisco,2021-02-27,9414,249195,6063,136912,3350,112282,1,1,4684,98590,4717,75252,4686,173842,California
San Francisco,2021-02-28,7940,257135,5686,142598,2254,114536,0,1,3868,98390,4069,79321,3869,177711,California
San Francisco,2021-03-01,11435,268570,7729,150327,3702,118238,4,5,5552,98092,5856,85177,5558,183269,California
San Francisco,2021-03-02,10023,278593,6766,157093,3257,121495,0,5,5658,99397,4354,89531,5659,188928,California
San Francisco,2021-03-03,11326,289919,6592,163685,4733,126228,1,6,6162,100413,5150,94681,6166,195094,California
San Francisco,2021-03-04,8825,298744,5552,169237,3273,129501,0,6,4971,101540,3844,98525,4971,200065,California
San Francisco,2021-03-05,9246,307990,5682,174919,3560,133061,4,10,5780,103873,3452,101977,5785,205850,California
San Francisco,2021-03-06,7151,315141,4688,179607,2254,135315,209,219,4461,105837,2703,104680,4667,210517,California
San Francisco,2021-03-07,5409,320550,4232,183839,1118,136433,59,278,3107,106688,2315,106995,3166,213683,California
San Francisco,2021-03-08,7550,328100,5483,189322,1879,138312,188,466,5970,111234,1611,108606,6157,219840,California
San Francisco,2021-03-09,8352,336452,5536,194858,2440,140752,376,842,6100,115449,2256,110862,6471,226311,California
San Francisco,2021-03-10,11252,347704,6620,201478,4133,144885,499,1341,7058,118834,4172,115034,7557,233868,California
San Francisco,2021-03-11,10126,357830,6387,207865,2772,147657,967,2308,6648,122980,3461,118495,7607,241475,California
San Francisco,2021-03-12,10893,368723,6367,214232,3181,150838,1345,3653,6069,125589,4801,123296,7410,248885,California
San Francisco,2021-03-13,6714,375437,3944,218176,1708,152546,1062,4715,4179,128301,2526,125822,5238,254123,California
San Francisco,2021-03-14,7586,383023,4934,223110,2407,154953,245,4960,3983,128942,3586,129408,4227,258350,California
San Francisco,2021-03-15,12129,395152,9284,232394,1900,156853,945,5905,8402,134565,3711,133119,9334,267684,California
San Francisco,2021-03-16,12242,407394,8352,240746,3430,160283,460,6365,8818,140441,3401,136520,9277,276961,California
San Francisco,2021-03-17,13379,420773,8294,249040,4518,164801,567,6932,9623,146900,3727,140247,10186,287147,California
San Francisco,2021-03-18,10114,430887,6871,255911,2621,167422,622,7554,5723,148871,4367,144614,6338,293485,California
San Francisco,2021-03-19,12418,443305,9073,264984,2876,170298,469,8023,6453,149846,5939,150553,6914,300399,California
San Francisco,2021-03-20,8917,452222,6562,271546,1887,172185,468,8491,5181,151792,3705,154258,5651,306050,California
San Francisco,2021-03-21,6621,458843,6065,277611,418,172603,138,8629,3730,152785,2873,157131,3866,309916,California
San Francisco,2021-03-22,9877,468720,6859,284470,2177,174780,841,9470,5072,153911,4780,161911,5906,315822,California
San Francisco,2021-03-23,11293,480013,7488,291958,3153,177933,652,10122,6265,155825,4998,166909,6912,322734,California
San Francisco,2021-03-24,12407,492420,9511,301469,2361,180294,535,10657,6187,156362,6177,173086,6714,329448,California
San Francisco,2021-03-25,11983,504403,8758,310227,2661,182955,564,11221,5820,156651,6091,179177,6380,335828,California
San Francisco,2021-03-26,12048,516451,8361,318588,3454,186409,233,11454,5841,156549,6172,185349,6070,341898,California
San Francisco,2021-03-27,8811,525262,5911,324499,2550,188959,350,11804,3763,155635,5027,190376,4113,346011,California
San Francisco,2021-03-28,6694,531956,5347,329846,1305,190264,42,11846,3000,155006,3668,194044,3039,349050,California
San Francisco,2021-03-29,11623,543579,8009,337855,3430,193694,184,12030,4806,153207,6787,200831,4988,354038,California
San Francisco,2021-03-30,11680,555259,7325,345180,4065,197759,290,12320,5514,152870,6141,206972,5804,359842,California
San Francisco,2021-03-31,12312,567571,8197,353377,3816,201575,299,12619,4959,150804,7318,214290,5252,365094,California
San Francisco,2021-04-01,14009,581580,7440,360817,4870,206445,1699,14318,6017,150550,7953,222243,7699,372793,California
San Francisco,2021-04-02,14879,596459,6574,367391,6417,212862,1888,16206,6957,151484,7898,230141,8832,381625,California
San Francisco,2021-04-03,10609,607068,4925,372316,3857,216719,1827,18033,4863,152442,5727,235868,6685,388310,California
San Francisco,2021-04-04,9049,616117,4799,377115,2593,219312,1657,19690,3576,152213,5458,241326,5229,393539,California
San Francisco,2021-04-05,16076,632193,9847,386962,4339,223651,1890,21580,6261,150571,9785,251111,8143,401682,California
San Francisco,2021-04-06,16097,648290,9532,396494,4500,228151,2065,23645,6249,149056,9820,260931,8305,409987,California
San Francisco,2021-04-07,16873,665163,10038,406532,4600,232751,2235,25880,6993,148412,9854,270785,9210,419197,California
San Francisco,2021-04-08,14220,679383,6751,413283,3035,235786,4434,30314,4624,147881,9561,280346,9030,428227,California
San Francisco,2021-04-09,15864,695247,7662,420945,4835,240621,3367,33681,6600,148598,9231,289577,9948,438175,California
San Francisco,2021-04-10,13343,708590,5704,426649,5878,246499,1761,35442,7108,151247,6208,295785,8857,447032,California
San Francisco,2021-04-11,10049,718639,7529,434178,1346,247845,1174,36616,5203,152787,4832,300617,6372,453404,California
San Francisco,2021-04-12,10618,729257,6893,441071,2572,250417,1153,37769,4860,153060,5736,306353,6009,459413,California
San Francisco,2021-04-13,10836,740093,7344,448415,3480,253897,12,37781,5471,153211,5339,311692,5490,464903,California
San Francisco,2021-04-14,13332,753425,8032,456447,5299,259196,1,37782,6410,152746,6883,318575,6418,471321,California
San Francisco,2021-04-15,13779,767204,9547,465994,4231,263427,1,37783,8106,155215,5642,324217,8111,479432,California
San Francisco,2021-04-16,12944,780148,8702,474696,4198,267625,44,37827,7634,157616,5281,329498,7682,487114,California
San Francisco,2021-04-17,10088,790236,7308,482004,2779,270404,1,37828,7111,161773,2959,332457,7116,494230,California
San Francisco,2021-04-18,6609,796845,5050,487054,1557,271961,2,37830,4088,163362,2503,334960,4092,498322,California
San Francisco,2021-04-19,10884,807729,8179,495233,2700,274661,5,37835,6995,166500,3872,338832,7010,505332,California
San Francisco,2021-04-20,12339,820068,7220,502453,5117,279778,2,37837,8510,171211,3802,342634,8513,513845,California
San Francisco,2021-04-21,10584,830652,7565,510018,3014,282792,5,37842,6450,173562,4108,346742,6459,520304,California
San Francisco,2021-04-22,10462,841114,7740,517758,2721,285513,1,37843,6045,175224,4391,351133,6053,526357,California
San Francisco,2021-04-23,10354,851468,5932,523690,4422,289935,0,37843,6151,177209,4173,355306,6158,532515,California
San Francisco,2021-04-24,7962,859430,5480,529170,2482,292417,0,37843,4704,178685,3236,358542,4712,537227,California
San Francisco,2021-04-25,5046,864476,4341,533511,699,293116,6,37849,2953,179566,2081,360623,2962,540189,California
San Francisco,2021-04-26,8126,872602,5751,539262,2363,295479,12,37861,4032,179554,4068,364691,4056,544245,California
San Francisco,2021-04-27,8593,881195,5787,545049,2649,298128,157,38018,4271,179695,4297,368988,4438,548683,California
San Francisco,2021-04-28,9483,890678,6566,551615,2726,300854,191,38209,4969,180377,4482,373470,5164,553847,California
San Francisco,2021-04-29,9360,900038,5438,557053,3729,304583,193,38402,4597,180441,4738,378208,4802,558649,California
San Francisco,2021-04-30,10880,910918,5191,562244,5488,310071,201,38603,3978,177764,6861,385069,4184,562833,California
San Francisco,2021-05-01,6948,917866,3594,565838,3239,313310,115,38718,1705,174375,5210,390279,1821,564654,California
San Francisco,2021-05-02,5315,923181,3083,568921,2134,315444,98,38816,964,171098,4343,394622,1066,565720,California
San Francisco,2021-05-03,9669,932850,6585,575506,2922,318366,162,38978,2456,166538,7185,401807,2625,568345,California
San Francisco,2021-05-04,9356,942206,5994,581500,3112,321478,250,39228,2280,162030,7043,408850,2535,570880,California
San Francisco,2021-05-05,8770,950976,6128,587628,2333,323811,309,39537,2145,157906,6581,415431,2457,573337,California
San Francisco,2021-05-06,10728,961704,8572,596200,1683,325494,473,40010,1850,151386,8844,424275,2324,575661,California
San Francisco,2021-05-07,10109,971813,6472,602672,3366,328860,271,40281,1640,144854,8442,432717,1910,577571,California
San Francisco,2021-05-08,8363,980176,3553,606225,4680,333540,130,40411,973,138599,7359,440076,1104,578675,California
San Francisco,2021-05-09,6684,986860,5825,612050,777,334317,82,40493,1215,134444,5446,445522,1291,579966,California
San Francisco,2021-05-10,6978,993838,4940,616990,1787,336104,251,40744,1045,129833,5905,451427,1294,581260,California
San Francisco,2021-05-11,7153,1000991,5127,622117,1822,337926,204,40948,1375,125668,5745,457172,1580,582840,California
San Francisco,2021-05-12,7422,1008413,5333,627450,1656,339582,433,41381,1502,121705,5890,463062,1927,584767,California
San Francisco,2021-05-13,10382,1018795,7564,635014,2604,342186,214,41595,3828,119226,6527,469589,4048,588815,California
San Francisco,2021-05-14,9285,1028080,6579,641593,2535,344721,171,41766,3003,116157,6252,475841,3183,591998,California
San Francisco,2021-05-15,7900,1035980,6254,647847,1590,346311,56,41822,3112,114565,4772,480613,3180,595178,California
San Francisco,2021-05-16,4956,1040936,4176,652023,722,347033,58,41880,1836,113359,3101,483714,1895,597073,California
San Francisco,2021-05-17,7231,1048167,5384,657407,1681,348714,166,42046,2499,111315,4712,488426,2668,599741,California
San Francisco,2021-05-18,8659,1056826,4969,662376,3515,352229,175,42221,1985,106848,6629,495055,2162,601903,California
San Francisco,2021-05-19,7443,1064269,5530,667906,1681,353910,232,42453,2433,104530,4982,500037,2664,604567,California
San Francisco,2021-05-20,5381,1069650,3665,671571,1517,355427,199,42652,1537,102453,3811,503848,1734,606301,California
San Francisco,2021-05-21,6641,1076291,3749,675320,2750,358177,142,42794,1702,99399,4894,508742,1840,608141,California
San Francisco,2021-05-22,4334,1080625,3369,678689,920,359097,45,42839,2077,99283,2239,510981,2123,610264,California
San Francisco,2021-05-23,1522,1082147,1236,679925,256,359353,30,42869,767,99331,751,511732,799,611063,California
San Francisco,2021-05-24,4032,1086179,2852,682777,1017,360370,163,43032,1205,97898,2802,514534,1369,612432,California
San Francisco,2021-05-25,3670,1089849,2394,685171,1058,361428,218,43250,1104,96668,2548,517082,1318,613750,California
San Francisco,2021-05-26,3911,1093760,2533,687704,1232,362660,146,43396,1140,95207,2747,519829,1286,615036,California
San Francisco,2021-05-27,3689,1097449,2133,689837,1380,364040,176,43572,1199,94102,2480,522309,1375,616411,California
San Francisco,2021-05-28,3760,1101209,2151,691988,1449,365489,160,43732,1347,93220,2388,524697,1506,617917,California
San Francisco,2021-05-29,2021,1103230,1466,693454,455,365944,100,43832,881,93075,1120,525817,975,618892,California
San Francisco,2021-05-30,962,1104192,692,694146,233,366177,37,43869,403,92960,555,526372,440,619332,California
San Francisco,2021-05-31,253,1104445,206,694352,40,366217,7,43876,86,92887,166,526538,93,619425,California
San Francisco,2021-06-01,3557,1108002,2149,696501,1221,367438,187,44063,1278,92086,2263,528801,1462,620887,California
San Francisco,2021-06-02,2423,1110425,1747,698248,552,367990,124,44187,1019,91830,1393,530194,1137,622024,California
San Francisco,2021-06-03,3941,1114366,2713,700961,1028,369018,200,44387,1263,90626,2663,532857,1459,623483,California
San Francisco,2021-06-04,5613,1119979,4735,705696,738,369756,140,44527,1420,88024,4159,537016,1557,625040,California
San Francisco,2021-06-05,3661,1123640,3107,708803,412,370168,142,44669,966,86443,2684,539700,1103,626143,California
San Francisco,2021-06-06,2315,1125955,2168,710971,110,370278,37,44706,523,85218,1785,541485,560,626703,California
San Francisco,2021-06-07,2284,1128239,1905,712876,308,370586,71,44777,533,84079,1740,543225,601,627304,California
San Joaquin,2020-12-15,12,12,12,12,0,0,0,0,12,12,0,0,12,12,California
San Joaquin,2020-12-16,309,321,309,321,0,0,0,0,309,321,0,0,309,321,California
San Joaquin,2020-12-17,320,641,320,641,0,0,0,0,320,641,0,0,320,641,California
San Joaquin,2020-12-18,533,1174,529,1170,4,4,0,0,533,1174,0,0,533,1174,California
San Joaquin,2020-12-19,190,1364,190,1360,0,4,0,0,190,1364,0,0,190,1364,California
San Joaquin,2020-12-20,116,1480,115,1475,1,5,0,0,116,1480,0,0,116,1480,California
San Joaquin,2020-12-21,495,1975,494,1969,1,6,0,0,495,1975,0,0,495,1975,California
San Joaquin,2020-12-22,972,2947,853,2822,119,125,0,0,971,2946,0,0,971,2946,California
San Joaquin,2020-12-23,981,3928,922,3744,59,184,0,0,979,3925,2,2,981,3927,California
San Joaquin,2020-12-24,217,4145,188,3932,29,213,0,0,216,4141,1,3,217,4144,California
San Joaquin,2020-12-25,15,4160,15,3947,0,213,0,0,15,4156,0,3,15,4159,California
San Joaquin,2020-12-26,104,4264,32,3979,72,285,0,0,104,4260,0,3,104,4263,California
San Joaquin,2020-12-27,44,4308,31,4010,13,298,0,0,44,4304,0,3,44,4307,California
San Joaquin,2020-12-28,626,4934,423,4433,203,501,0,0,626,4930,0,3,626,4933,California
San Joaquin,2020-12-29,791,5725,664,5097,127,628,0,0,791,5721,0,3,791,5724,California
San Joaquin,2020-12-30,1011,6736,718,5815,293,921,0,0,1009,6730,2,5,1011,6735,California
San Joaquin,2020-12-31,455,7191,203,6018,252,1173,0,0,455,7185,1,6,456,7191,California
San Joaquin,2021-01-01,23,7214,13,6031,10,1183,0,0,23,7208,0,6,23,7214,California
San Joaquin,2021-01-02,266,7480,243,6274,23,1206,0,0,266,7474,0,6,266,7480,California
San Joaquin,2021-01-03,38,7518,20,6294,18,1224,0,0,37,7510,1,7,37,7517,California
San Joaquin,2021-01-04,478,7996,339,6633,139,1363,0,0,475,7983,2,9,475,7992,California
San Joaquin,2021-01-05,982,8978,647,7280,335,1698,0,0,811,8660,171,180,848,8840,California
San Joaquin,2021-01-06,1225,10203,710,7990,515,2213,0,0,920,9284,300,480,924,9764,California
San Joaquin,2021-01-07,1084,11287,685,8675,399,2612,0,0,787,9778,294,774,788,10552,California
San Joaquin,2021-01-08,1203,12490,823,9498,380,2992,0,0,710,10000,492,1266,714,11266,California
San Joaquin,2021-01-09,379,12869,300,9798,79,3071,0,0,247,10116,132,1398,248,11514,California
San Joaquin,2021-01-10,224,13093,116,9914,108,3179,0,0,171,10235,52,1450,171,11685,California
San Joaquin,2021-01-11,1533,14626,1325,11239,208,3387,0,0,866,10503,666,2116,934,12619,California
San Joaquin,2021-01-12,1475,16101,1060,12299,415,3802,0,0,698,10499,773,2889,769,13388,California
San Joaquin,2021-01-13,1534,17635,900,13199,634,4436,0,0,957,10887,574,3463,962,14350,California
San Joaquin,2021-01-14,1752,19387,973,14172,779,5215,0,0,1408,11989,323,3786,1425,15775,California
San Joaquin,2021-01-15,1532,20919,546,14718,986,6201,0,0,1302,13093,215,4001,1319,17094,California
San Joaquin,2021-01-16,1130,22049,180,14898,950,7151,0,0,1099,14162,30,4031,1099,18193,California
San Joaquin,2021-01-17,1621,23670,135,15033,1486,8637,0,0,1580,15703,41,4072,1582,19775,California
San Joaquin,2021-01-18,740,24410,238,15271,502,9139,0,0,619,16205,117,4189,619,20394,California
San Joaquin,2021-01-19,1875,26285,900,16171,975,10114,0,0,1193,16729,677,4866,1201,21595,California
San Joaquin,2021-01-20,2089,28374,1285,17456,804,10918,0,0,1441,17535,641,5507,1447,23042,California
San Joaquin,2021-01-21,1976,30350,898,18354,1078,11996,0,0,1577,18728,392,5899,1585,24627,California
San Joaquin,2021-01-22,1952,32302,894,19248,1058,13054,0,0,1810,20403,137,6036,1812,26439,California
San Joaquin,2021-01-23,896,33198,396,19644,500,13554,0,0,611,20732,284,6320,613,27052,California
San Joaquin,2021-01-24,352,33550,135,19779,217,13771,0,0,329,21041,20,6340,329,27381,California
San Joaquin,2021-01-25,2000,35550,1146,20925,854,14625,0,0,1433,21912,564,6904,1435,28816,California
San Joaquin,2021-01-26,2158,37708,1115,22040,1043,15668,0,0,1545,22856,606,7510,1550,30366,California
San Joaquin,2021-01-27,1738,39446,770,22810,968,16636,0,0,1239,23608,494,8004,1246,31612,California
San Joaquin,2021-01-28,2041,41487,768,23578,1273,17909,0,0,1386,24351,651,8655,1394,33006,California
San Joaquin,2021-01-29,2160,43647,1048,24626,1112,19021,0,0,1809,25824,345,9000,1818,34824,California
San Joaquin,2021-01-30,2173,45820,354,24980,1819,20840,0,0,1995,27644,177,9177,1997,36821,California
San Joaquin,2021-01-31,1558,47378,180,25160,1378,22218,0,0,1493,29074,64,9241,1494,38315,California
San Joaquin,2021-02-01,2528,49906,1341,26501,1187,23405,0,0,1769,30087,759,10000,1772,40087,California
San Joaquin,2021-02-02,2586,52492,1154,27655,1432,24837,0,0,1975,31515,551,10551,1979,42066,California
San Joaquin,2021-02-03,3077,55569,1213,28868,1864,26701,0,0,2208,32867,862,11413,2214,44280,California
San Joaquin,2021-02-04,3544,59113,1816,30684,1728,28429,0,0,2647,34628,892,12305,2653,46933,California
San Joaquin,2021-02-05,3168,62281,1807,32491,1361,29790,0,0,2342,36167,816,13121,2355,49288,California
San Joaquin,2021-02-06,1086,63367,747,33238,339,30129,0,0,943,36971,140,13261,944,50232,California
San Joaquin,2021-02-07,620,63987,491,33729,129,30258,0,0,416,37189,199,13460,417,50649,California
San Joaquin,2021-02-08,1787,65774,1037,34766,750,31008,0,0,1445,38321,319,13779,1451,52100,California
San Joaquin,2021-02-09,2128,67902,1156,35922,972,31980,0,0,1583,39432,475,14254,1586,53686,California
San Joaquin,2021-02-10,2563,70465,1248,37170,1315,33295,0,0,1342,39576,1199,15453,1343,55029,California
San Joaquin,2021-02-11,2917,73382,1484,38654,1433,34728,0,0,1702,40102,1183,16636,1709,56738,California
San Joaquin,2021-02-12,2816,76198,1127,39781,1689,36417,0,0,1597,40506,1198,17834,1602,58340,California
San Joaquin,2021-02-13,2116,78314,396,40177,1720,38137,0,0,853,40116,1249,19083,859,59199,California
San Joaquin,2021-02-14,1903,80217,260,40437,1643,39780,0,0,691,39625,1183,20266,692,59891,California
San Joaquin,2021-02-15,1988,82205,834,41271,1154,40934,0,0,1194,40059,764,21030,1198,61089,California
San Joaquin,2021-02-16,3162,85367,1375,42646,1787,42721,0,0,1750,40423,1397,22427,1761,62850,California
San Joaquin,2021-02-17,3275,88642,1265,43911,2010,44731,0,0,1865,40895,1397,23824,1869,64719,California
San Joaquin,2021-02-18,3349,91991,1381,45292,1968,46699,0,0,1910,41406,1404,25228,1915,66634,California
San Joaquin,2021-02-19,4272,96263,2414,47706,1858,48557,0,0,2391,41971,1826,27054,2391,69025,California
San Joaquin,2021-02-20,1557,97820,662,48368,895,49452,0,0,1060,42535,496,27550,1060,70085,California
San Joaquin,2021-02-21,673,98493,509,48877,164,49616,0,0,422,42711,248,27798,424,70509,California
San Joaquin,2021-02-22,3549,102042,2504,51381,1045,50661,0,0,2534,44265,985,28783,2539,73048,California
San Joaquin,2021-02-23,4311,106353,2622,54003,1689,52350,0,0,2651,45290,1632,30415,2657,75705,California
San Joaquin,2021-02-24,5766,112119,3423,57426,2343,54693,0,0,4141,47835,1599,32014,4144,79849,California
San Joaquin,2021-02-25,6355,118474,3928,61354,2427,57120,0,0,4102,49734,2214,34228,4113,83962,California
San Joaquin,2021-02-26,5513,123987,2861,64215,2652,59772,0,0,3783,51827,1696,35924,3789,87751,California
San Joaquin,2021-02-27,5480,129467,1632,65847,3848,63620,0,0,2645,51704,2780,38704,2657,90408,California
San Joaquin,2021-02-28,3104,132571,1120,66967,1984,65604,0,0,2053,52733,1026,39730,2055,92463,California
San Joaquin,2021-03-01,4136,136707,1827,68794,2307,67911,2,2,2343,53312,1775,41505,2354,94817,California
San Joaquin,2021-03-02,4212,140919,1682,70476,2530,70441,0,2,2644,54466,1545,43050,2699,97516,California
San Joaquin,2021-03-03,5799,146718,3443,73919,2354,72795,2,4,4181,57054,1594,44644,4182,101698,California
San Joaquin,2021-03-04,5722,152440,2271,76190,3448,76243,3,7,3741,58833,1966,46610,3745,105443,California
San Joaquin,2021-03-05,4464,156904,1900,78090,2559,78802,5,12,3082,60558,1366,47976,3091,108534,California
San Joaquin,2021-03-06,3298,160202,2172,80262,996,79798,130,142,2717,62831,577,48553,2850,111384,California
San Joaquin,2021-03-07,1221,161423,563,80825,610,80408,48,190,936,63533,267,48820,969,112353,California
San Joaquin,2021-03-08,3153,164576,1263,82088,1765,82173,125,315,2140,64796,1001,49821,2264,114617,California
San Joaquin,2021-03-09,4033,168609,1829,83917,2073,84246,131,446,2674,66262,1344,51165,2810,117427,California
San Joaquin,2021-03-10,4643,173252,2467,86384,2036,86282,140,586,3416,68606,1212,52377,3556,120983,California
San Joaquin,2021-03-11,4955,178207,2358,88742,1997,88279,600,1186,2940,70147,2003,54380,3544,124527,California
San Joaquin,2021-03-12,6295,184502,3143,91885,2815,91094,337,1523,4162,72546,2107,56487,4506,129033,California
San Joaquin,2021-03-13,3068,187570,1458,93343,1485,92579,125,1648,2286,74190,774,57261,2418,131451,California
San Joaquin,2021-03-14,2166,189736,674,94017,1189,93768,303,1951,1027,74392,1132,58393,1334,132785,California
San Joaquin,2021-03-15,6079,195815,3500,97517,2175,95943,404,2355,3176,75115,2870,61263,3593,136378,California
San Joaquin,2021-03-16,6858,202673,3903,101420,2698,98641,257,2612,4041,76624,2794,64057,4303,140681,California
San Joaquin,2021-03-17,7810,210483,4679,106099,3061,101702,70,2682,4340,77612,3431,67488,4419,145100,California
San Joaquin,2021-03-18,7640,218123,4495,110594,2640,104342,505,3187,3762,78053,3834,71322,4275,149375,California
San Joaquin,2021-03-19,7947,226070,4659,115253,2744,107086,544,3731,4809,80339,3114,74436,5400,154775,California
San Joaquin,2021-03-20,3687,229757,2127,117380,1317,108403,243,3974,1831,80586,1839,76275,2086,156861,California
San Joaquin,2021-03-21,2120,231877,1505,118885,408,108811,207,4181,1184,81097,924,77199,1435,158296,California
San Joaquin,2021-03-22,3981,235858,2042,120927,1523,110334,416,4597,2348,82251,1616,78815,2770,161066,California
San Joaquin,2021-03-23,5388,241246,2645,123572,2575,112909,168,4765,3712,84483,1655,80470,3887,164953,California
San Joaquin,2021-03-24,6846,248092,4249,127821,2511,115420,86,4851,3021,83811,3787,84257,3115,168068,California
San Joaquin,2021-03-25,5569,253661,3308,131129,2217,117637,44,4895,3299,84913,2248,86505,3350,171418,California
San Joaquin,2021-03-26,6185,259846,2562,133691,3472,121109,151,5046,3233,85389,2926,89431,3402,174820,California
San Joaquin,2021-03-27,4671,264517,2624,136315,1974,123083,73,5119,1807,84439,2841,92272,1891,176711,California
San Joaquin,2021-03-28,2730,267247,1808,138123,897,123980,25,5144,1292,84419,1418,93690,1398,178109,California
San Joaquin,2021-03-29,4045,271292,2185,140308,1838,125818,22,5166,2020,84467,2009,95699,2057,180166,California
San Joaquin,2021-03-30,6233,277525,3175,143483,2965,128783,93,5259,3436,85247,2768,98467,3548,183714,California
San Joaquin,2021-03-31,6600,284125,4153,147636,2387,131170,60,5319,3342,85433,3240,101707,3426,187140,California
San Joaquin,2021-04-01,6427,290552,2986,150622,3354,134524,87,5406,2840,84854,3564,105271,2985,190125,California
San Joaquin,2021-04-02,6345,296897,2882,153504,2970,137494,493,5899,2532,84122,3788,109059,3056,193181,California
San Joaquin,2021-04-03,4145,301042,2337,155841,1483,138977,325,6224,2001,84332,2128,111187,2338,195519,California
San Joaquin,2021-04-04,2288,303330,1366,157207,718,139695,204,6428,1551,85376,728,111915,1772,197291,California
San Joaquin,2021-04-05,4779,308109,2833,160040,1711,141406,235,6663,2637,86127,2131,114046,2882,200173,California
San Joaquin,2021-04-06,7060,315169,4541,164581,2251,143657,268,6931,3339,86058,3692,117738,3623,203796,California
San Joaquin,2021-04-07,8331,323500,4529,169110,2216,145873,1586,8517,3501,86344,4814,122552,5100,208896,California
San Joaquin,2021-04-08,8758,332258,4703,173813,1938,147811,2117,10634,3312,86354,5419,127971,5429,214325,California
San Joaquin,2021-04-09,8884,341142,4282,178095,3039,150850,1563,12197,3218,85511,5643,133614,4800,219125,California
San Joaquin,2021-04-10,5221,346363,1629,179724,1683,152533,1909,14106,1761,85731,3448,137062,3668,222793,California
San Joaquin,2021-04-11,4084,350447,1555,181279,1363,153896,1166,15272,1771,86360,2303,139365,2932,225725,California
San Joaquin,2021-04-12,5988,356435,2387,183666,2061,155957,1540,16812,2338,86616,3629,142994,3885,229610,California
San Joaquin,2021-04-13,7473,363908,4298,187964,3168,159125,7,16819,4580,88342,2870,145864,4596,234206,California
San Joaquin,2021-04-14,7476,371384,3736,191700,3739,162864,1,16820,4472,89841,2986,148850,4485,238691,California
San Joaquin,2021-04-15,7823,379207,4616,196316,3207,166071,0,16820,4373,90805,3417,152267,4381,243072,California
San Joaquin,2021-04-16,7641,386848,4080,200396,3558,169629,3,16823,4575,92355,3039,155306,4589,247661,California
San Joaquin,2021-04-17,5164,392012,2788,203184,2374,172003,2,16825,3666,94554,1487,156793,3686,251347,California
San Joaquin,2021-04-18,2474,394486,1374,204558,1100,173103,0,16825,1315,94732,1145,157938,1323,252670,California
San Joaquin,2021-04-19,5189,399675,2804,207362,2385,175488,0,16825,2770,95118,2394,160332,2780,255450,California
San Joaquin,2021-04-20,6238,405913,3291,210653,2947,178435,0,16825,2956,94828,3256,163588,2966,258416,California
San Joaquin,2021-04-21,5652,411565,3129,213782,2523,180958,0,16825,2924,95081,2679,166267,2932,261348,California
San Joaquin,2021-04-22,5304,416869,3140,216922,2162,183120,2,16827,3066,95954,2212,168479,3085,264433,California
San Joaquin,2021-04-23,5915,422784,2840,219762,3074,186194,1,16828,3752,97571,2142,170621,3759,268192,California
San Joaquin,2021-04-24,5245,428029,3614,223376,1630,187824,1,16829,3416,99191,1804,172425,3424,271616,California
San Joaquin,2021-04-25,3058,431087,2574,225950,484,188308,0,16829,2027,100214,1011,173436,2034,273650,California
San Joaquin,2021-04-26,3995,435082,2626,228576,1365,189673,4,16833,2117,100475,1866,175302,2127,275777,California
San Joaquin,2021-04-27,4571,439653,2641,231217,1876,191549,54,16887,1945,99877,2604,177906,2006,277783,California
San Joaquin,2021-04-28,5566,445219,3350,234567,2141,193690,75,16962,2762,99948,2776,180682,2847,280630,California
San Joaquin,2021-04-29,4906,450125,2873,237440,1977,195667,56,17018,2513,100158,2371,183053,2581,283211,California
San Joaquin,2021-04-30,4969,455094,2425,239865,2477,198144,67,17085,2576,100434,2377,185430,2653,285864,California
San Joaquin,2021-05-01,3342,458436,1911,241776,1372,199516,59,17144,2130,101433,1204,186634,2203,288067,California
San Joaquin,2021-05-02,2301,460737,1601,243377,644,200160,56,17200,1174,101541,1123,187757,1231,289298,California
San Joaquin,2021-05-03,3324,464061,2254,245631,996,201156,74,17274,1403,101120,1905,189662,1484,290782,California
San Joaquin,2021-05-04,4842,468903,3298,248929,1388,202544,156,17430,1782,100030,3039,192701,1949,292731,California
San Joaquin,2021-05-05,4928,473831,3370,252299,1396,203940,162,17592,2139,99577,2762,195463,2309,295040,California
San Joaquin,2021-05-06,4631,478462,3096,255395,1407,205347,128,17720,2034,99170,2580,198043,2173,297213,California
San Joaquin,2021-05-07,5078,483540,2946,258341,1980,207327,152,17872,1885,98045,3171,201214,2046,299259,California
San Joaquin,2021-05-08,3270,486810,2104,260445,1065,208392,101,17973,1207,97313,2049,203263,1317,300576,California
San Joaquin,2021-05-09,1486,488296,849,261294,567,208959,70,18043,596,97098,887,204150,672,301248,California
San Joaquin,2021-05-10,2809,491105,1475,262769,1209,210168,125,18168,927,96287,1868,206018,1057,302305,California
San Joaquin,2021-05-11,4084,495189,2161,264930,1807,211975,116,18284,1302,94967,2766,208784,1446,303751,California
San Joaquin,2021-05-12,4096,499285,1895,266825,2086,214061,115,18399,1300,93613,2782,211566,1428,305179,California
San Joaquin,2021-05-13,4271,503556,2406,269231,1781,215842,84,18483,1579,92611,2678,214244,1676,306855,California
San Joaquin,2021-05-14,5719,509275,3403,272634,2208,218050,108,18591,2404,91842,3289,217533,2520,309375,California
San Joaquin,2021-05-15,5219,514494,3096,275730,2044,220094,79,18670,1632,90002,3555,221088,1715,311090,California
San Joaquin,2021-05-16,3536,518030,2761,278491,726,220820,49,18719,1428,89392,2096,223184,1486,312576,California
San Joaquin,2021-05-17,4110,522140,2456,280947,1557,222377,97,18816,1785,88973,2310,225494,1891,314467,California
San Joaquin,2021-05-18,3934,526074,2267,283214,1548,223925,119,18935,1880,88944,2037,227531,2008,316475,California
San Joaquin,2021-05-19,4718,530792,2733,285947,1853,225778,132,19067,2077,88553,2610,230141,2219,318694,California
San Joaquin,2021-05-20,3500,534292,2156,288103,1258,227036,86,19153,1587,88331,1895,232036,1673,320367,California
San Joaquin,2021-05-21,4428,538720,2656,290759,1667,228703,105,19258,2077,88198,2322,234358,2189,322556,California
San Joaquin,2021-05-22,3520,542240,2253,293012,1190,229893,77,19335,1624,88022,1882,236240,1706,324262,California
San Joaquin,2021-05-23,2092,544332,1805,294817,253,230146,34,19369,1297,88565,790,237030,1333,325595,California
San Joaquin,2021-05-24,2933,547265,1678,296495,1164,231310,91,19460,1382,88508,1534,238564,1477,327072,California
San Joaquin,2021-05-25,3028,550293,1915,298410,1014,232324,99,19559,1474,88546,1534,240098,1572,328644,California
San Joaquin,2021-05-26,3142,553435,1666,300076,1401,233725,75,19634,1329,88153,1802,241900,1409,330053,California
San Joaquin,2021-05-27,2883,556318,1472,301548,1333,235058,78,19712,1131,87626,1739,243639,1212,331265,California
San Joaquin,2021-05-28,3010,559328,1588,303136,1334,236392,88,19800,1396,87529,1592,245231,1495,332760,California
San Joaquin,2021-05-29,2111,561439,1157,304293,918,237310,36,19836,948,87358,1160,246391,989,333749,California
San Joaquin,2021-05-30,960,562399,507,304800,427,237737,26,19862,398,87228,557,246948,427,334176,California
San Joaquin,2021-05-31,618,563017,258,305058,353,238090,7,19869,237,87096,377,247325,245,334421,California
San Joaquin,2021-06-01,2383,565400,1458,306516,837,238927,88,19957,1170,87157,1203,248528,1264,335685,California
San Joaquin,2021-06-02,2600,568000,1524,308040,1029,239956,47,20004,1168,86957,1418,249946,1218,336903,California
San Joaquin,2021-06-03,1701,569701,1090,309130,564,240520,47,20051,725,86762,971,250917,776,337679,California
San Joaquin,2021-06-04,498,570199,264,309394,219,240739,15,20066,244,86769,254,251171,261,337940,California
San Joaquin,2021-06-05,510,570709,320,309714,173,240912,17,20083,273,86836,233,251404,300,338240,California
San Joaquin,2021-06-06,279,570988,184,309898,88,241000,7,20090,136,86838,142,251546,144,338384,California
San Joaquin,2021-06-07,130,571118,77,309975,51,241051,2,20092,55,86822,75,251621,59,338443,California
San Luis Obispo,2020-12-16,4,4,4,4,0,0,0,0,4,4,0,0,4,4,California
San Luis Obispo,2020-12-17,196,200,196,200,0,0,0,0,196,200,0,0,196,200,California
San Luis Obispo,2020-12-18,224,424,224,424,0,0,0,0,224,424,0,0,224,424,California
San Luis Obispo,2020-12-19,164,588,164,588,0,0,0,0,164,588,0,0,164,588,California
San Luis Obispo,2020-12-20,215,803,215,803,0,0,0,0,215,803,0,0,215,803,California
San Luis Obispo,2020-12-21,550,1353,549,1352,1,1,0,0,550,1353,0,0,550,1353,California
San Luis Obispo,2020-12-22,311,1664,307,1659,4,5,0,0,311,1664,0,0,311,1664,California
San Luis Obispo,2020-12-23,682,2346,368,2027,314,319,0,0,682,2346,0,0,682,2346,California
San Luis Obispo,2020-12-24,194,2540,19,2046,175,494,0,0,194,2540,0,0,194,2540,California
San Luis Obispo,2020-12-25,2,2542,1,2047,1,495,0,0,2,2542,0,0,2,2542,California
San Luis Obispo,2020-12-26,90,2632,13,2060,77,572,0,0,90,2632,0,0,90,2632,California
San Luis Obispo,2020-12-27,76,2708,0,2060,76,648,0,0,76,2708,0,0,76,2708,California
San Luis Obispo,2020-12-28,879,3587,429,2489,450,1098,0,0,879,3587,0,0,879,3587,California
San Luis Obispo,2020-12-29,903,4490,503,2992,400,1498,0,0,903,4490,0,0,903,4490,California
San Luis Obispo,2020-12-30,1171,5661,679,3671,492,1990,0,0,1171,5661,0,0,1171,5661,California
San Luis Obispo,2020-12-31,107,5768,4,3675,103,2093,0,0,107,5768,0,0,107,5768,California
San Luis Obispo,2021-01-01,14,5782,9,3684,5,2098,0,0,14,5782,0,0,14,5782,California
San Luis Obispo,2021-01-02,34,5816,8,3692,26,2124,0,0,34,5816,0,0,34,5816,California
San Luis Obispo,2021-01-03,17,5833,6,3698,11,2135,0,0,17,5833,0,0,17,5833,California
San Luis Obispo,2021-01-04,681,6514,524,4222,157,2292,0,0,681,6514,0,0,681,6514,California
San Luis Obispo,2021-01-05,973,7487,752,4974,221,2513,0,0,971,7483,2,2,971,7485,California
San Luis Obispo,2021-01-06,725,8212,479,5453,246,2759,0,0,717,8193,7,9,717,8202,California
San Luis Obispo,2021-01-07,1127,9339,949,6402,178,2937,0,0,684,8434,443,452,684,8886,California
San Luis Obispo,2021-01-08,880,10219,802,7204,78,3015,0,0,511,8577,368,820,511,9397,California
San Luis Obispo,2021-01-09,206,10425,196,7400,10,3025,0,0,28,8427,178,998,28,9425,California
San Luis Obispo,2021-01-10,12,10437,8,7408,4,3029,0,0,8,8431,4,1002,8,9433,California
San Luis Obispo,2021-01-11,560,10997,509,7917,51,3080,0,0,298,8468,261,1263,298,9731,California
San Luis Obispo,2021-01-12,598,11595,382,8299,216,3296,0,0,318,8506,280,1543,318,10049,California
San Luis Obispo,2021-01-13,890,12485,260,8559,630,3926,0,0,651,8920,237,1780,651,10700,California
San Luis Obispo,2021-01-14,725,13210,238,8797,487,4413,0,0,603,9410,113,1893,603,11303,California
San Luis Obispo,2021-01-15,734,13944,292,9089,442,4855,0,0,555,9791,174,2067,555,11858,California
San Luis Obispo,2021-01-16,100,14044,81,9170,19,4874,0,0,94,9879,6,2073,94,11952,California
San Luis Obispo,2021-01-17,65,14109,58,9228,7,4881,0,0,65,9944,0,2073,65,12017,California
San Luis Obispo,2021-01-18,1371,15480,388,9616,983,5864,0,0,1108,10789,263,2336,1108,13125,California
San Luis Obispo,2021-01-19,1578,17058,415,10031,1163,7027,0,0,1171,11554,407,2743,1172,14297,California
San Luis Obispo,2021-01-20,1887,18945,598,10629,1289,8316,0,0,1296,12262,589,3332,1297,15594,California
San Luis Obispo,2021-01-21,1576,20521,469,11098,1107,9423,0,0,1204,13099,368,3700,1205,16799,California
San Luis Obispo,2021-01-22,1517,22038,503,11601,1014,10437,0,0,1202,13988,313,4013,1202,18001,California
San Luis Obispo,2021-01-23,314,22352,295,11896,19,10456,0,0,298,14270,16,4029,298,18299,California
San Luis Obispo,2021-01-24,248,22600,240,12136,8,10464,0,0,242,14506,6,4035,242,18541,California
San Luis Obispo,2021-01-25,2077,24677,601,12737,1476,11940,0,0,1248,14925,829,4864,1248,19789,California
San Luis Obispo,2021-01-26,2001,26678,698,13435,1303,13243,0,0,1140,15204,861,5725,1140,20929,California
San Luis Obispo,2021-01-27,1612,28290,286,13721,1326,14569,0,0,1155,15902,457,6182,1155,22084,California
San Luis Obispo,2021-01-28,1499,29789,344,14065,1155,15724,0,0,1236,16877,261,6443,1236,23320,California
San Luis Obispo,2021-01-29,1740,31529,682,14747,1058,16782,0,0,1454,18045,286,6729,1454,24774,California
San Luis Obispo,2021-01-30,36,31565,18,14765,18,16800,0,0,25,18060,10,6739,25,24799,California
San Luis Obispo,2021-01-31,27,31592,19,14784,8,16808,0,0,25,18083,2,6741,25,24824,California
San Luis Obispo,2021-02-01,1710,33302,742,15526,968,17776,0,0,1406,19186,303,7044,1406,26230,California
San Luis Obispo,2021-02-02,1899,35201,679,16205,1220,18996,0,0,1522,20332,377,7421,1523,27753,California
San Luis Obispo,2021-02-03,1713,36914,730,16935,983,19979,0,0,1297,21213,416,7837,1297,29050,California
San Luis Obispo,2021-02-04,1661,38575,803,17738,858,20837,0,0,1094,21740,567,8404,1094,30144,California
San Luis Obispo,2021-02-05,1605,40180,715,18453,890,21727,0,0,1060,22255,546,8950,1061,31205,California
San Luis Obispo,2021-02-06,174,40354,107,18560,67,21794,0,0,94,22269,80,9030,94,31299,California
San Luis Obispo,2021-02-07,125,40479,80,18640,45,21839,0,0,72,22289,53,9083,73,31372,California
San Luis Obispo,2021-02-08,863,41342,473,19113,390,22229,0,0,503,22433,359,9442,503,31875,California
San Luis Obispo,2021-02-09,1127,42469,449,19562,678,22907,0,0,544,22407,577,10019,551,32426,California
San Luis Obispo,2021-02-10,1445,43914,492,20054,953,23860,0,0,529,22025,914,10933,532,32958,California
San Luis Obispo,2021-02-11,1330,45244,844,20898,486,24346,0,0,656,22009,672,11605,656,33614,California
San Luis Obispo,2021-02-12,788,46032,363,21261,425,24771,0,0,422,22065,366,11971,422,34036,California
San Luis Obispo,2021-02-13,391,46423,127,21388,264,25035,0,0,283,22241,107,12078,283,34319,California
San Luis Obispo,2021-02-14,318,46741,41,21429,277,25312,0,0,282,22488,36,12114,283,34602,California
San Luis Obispo,2021-02-15,729,47470,138,21567,591,25903,0,0,474,22708,254,12368,474,35076,California
San Luis Obispo,2021-02-16,2965,50435,1197,22764,1768,27671,0,0,1358,22459,1607,13975,1358,36434,California
San Luis Obispo,2021-02-17,2780,53215,1244,24008,1536,29207,0,0,1029,21744,1744,15719,1029,37463,California
San Luis Obispo,2021-02-18,2827,56042,1461,25469,1366,30573,0,0,1135,21196,1684,17403,1136,38599,California
San Luis Obispo,2021-02-19,1463,57505,1342,26811,121,30694,0,0,1136,22007,325,17728,1136,39735,California
San Luis Obispo,2021-02-20,254,57759,80,26891,174,30868,0,0,215,22183,39,17767,215,39950,California
San Luis Obispo,2021-02-21,57,57816,53,26944,4,30872,0,0,32,22190,25,17792,32,39982,California
San Luis Obispo,2021-02-22,2417,60233,1868,28812,549,31421,0,0,1468,22710,949,18741,1469,41451,California
San Luis Obispo,2021-02-23,1863,62096,1748,30560,115,31536,0,0,1367,23583,495,19236,1368,42819,California
San Luis Obispo,2021-02-24,2643,64739,1299,31859,1344,32880,0,0,836,22615,1804,21040,836,43655,California
San Luis Obispo,2021-02-25,2136,66875,1244,33103,892,33772,0,0,1207,22900,923,21963,1208,44863,California
San Luis Obispo,2021-02-26,2649,69524,1150,34253,1499,35271,0,0,1326,22912,1314,23277,1326,46189,California
San Luis Obispo,2021-02-27,576,70100,350,34603,226,35497,0,0,527,23390,49,23326,527,46716,California
San Luis Obispo,2021-02-28,196,70296,69,34672,127,35624,0,0,161,23517,34,23360,161,46877,California
San Luis Obispo,2021-03-01,3005,73301,1881,36553,1122,36746,2,2,2074,24662,932,24292,2077,48954,California
San Luis Obispo,2021-03-02,3029,76330,1910,38463,1119,37865,0,2,1875,25389,1149,25441,1876,50830,California
San Luis Obispo,2021-03-03,2346,78676,338,38801,2008,39873,0,2,849,24748,1491,26932,850,51680,California
San Luis Obispo,2021-03-04,2199,80875,1161,39962,1038,40911,0,2,1183,24920,1013,27945,1185,52865,California
San Luis Obispo,2021-03-05,2302,83177,1022,40984,1210,42121,70,72,1298,25298,990,28935,1368,54233,California
San Luis Obispo,2021-03-06,842,84019,311,41295,423,42544,108,180,621,25800,221,29156,723,54956,California
San Luis Obispo,2021-03-07,201,84220,32,41327,85,42629,84,264,73,25830,127,29283,157,55113,California
San Luis Obispo,2021-03-08,2742,86962,760,42087,1666,44295,316,580,1545,26499,1192,30475,1861,56974,California
San Luis Obispo,2021-03-09,2950,89912,968,43055,1734,46029,248,828,1524,26849,1422,31897,1772,58746,California
San Luis Obispo,2021-03-10,3198,93110,1239,44294,1675,47704,284,1112,1814,27568,1379,33276,2098,60844,California
San Luis Obispo,2021-03-11,3297,96407,1273,45567,1702,49406,322,1434,1805,28212,1482,34758,2126,62970,California
San Luis Obispo,2021-03-12,3251,99658,1283,46850,1629,51035,339,1773,1616,28541,1629,36387,1958,64928,California
San Luis Obispo,2021-03-13,796,100454,262,47112,426,51461,108,1881,431,28715,364,36751,538,65466,California
San Luis Obispo,2021-03-14,513,100967,53,47165,350,51811,110,1991,134,28581,378,37129,244,65710,California
San Luis Obispo,2021-03-15,3059,104026,1098,48263,1863,53674,98,2089,1531,28687,1524,38653,1630,67340,California
San Luis Obispo,2021-03-16,2852,106878,1511,49774,1231,54905,110,2199,1436,28822,1410,40063,1545,68885,California
San Luis Obispo,2021-03-17,3436,110314,1449,51223,1726,56631,261,2460,1990,29638,1434,41497,2250,71135,California
San Luis Obispo,2021-03-18,2812,113126,1447,52670,1151,57782,214,2674,1339,29722,1468,42965,1552,72687,California
San Luis Obispo,2021-03-19,2595,115721,1568,54238,705,58487,322,2996,960,29379,1627,44592,1284,73971,California
San Luis Obispo,2021-03-20,841,116562,501,54739,303,58790,37,3033,387,29350,453,45045,424,74395,California
San Luis Obispo,2021-03-21,188,116750,45,54784,140,58930,3,3036,158,29482,29,45074,161,74556,California
San Luis Obispo,2021-03-22,2699,119449,1173,55957,1478,60408,48,3084,1865,30565,830,45904,1913,76469,California
San Luis Obispo,2021-03-23,3384,122833,2211,58168,1142,61550,31,3115,2267,31751,1112,47016,2298,78767,California
San Luis Obispo,2021-03-24,3528,126361,2146,60314,1297,62847,85,3200,2624,33562,897,47913,2708,81475,California
San Luis Obispo,2021-03-25,3691,130052,2304,62618,1375,64222,12,3212,2641,35168,1046,48959,2652,84127,California
San Luis Obispo,2021-03-26,3241,133293,1795,64413,1013,65235,433,3645,1811,35987,1425,50384,2244,86371,California
San Luis Obispo,2021-03-27,994,134287,508,64921,395,65630,91,3736,452,35990,540,50924,543,86914,California
San Luis Obispo,2021-03-28,446,134733,152,65073,238,65868,56,3792,245,36091,200,51124,301,87215,California
San Luis Obispo,2021-03-29,2615,137348,1313,66386,1168,67036,134,3926,1671,36966,930,52054,1805,89020,California
San Luis Obispo,2021-03-30,3526,140874,1934,68320,1450,68486,142,4068,2350,38287,1169,53223,2490,91510,California
San Luis Obispo,2021-03-31,3888,144762,2475,70795,1267,69753,146,4214,2509,39573,1368,54591,2654,94164,California
San Luis Obispo,2021-04-01,3888,148650,2461,73256,1308,71061,119,4333,2717,41250,1157,55748,2834,96998,California
San Luis Obispo,2021-04-02,1752,150402,689,73945,750,71811,313,4646,951,41713,799,56547,1262,98260,California
San Luis Obispo,2021-04-03,1113,151515,558,74503,428,72239,127,4773,494,41719,615,57162,621,98881,California
San Luis Obispo,2021-04-04,387,151902,133,74636,214,72453,40,4813,238,41848,149,57311,278,99159,California
San Luis Obispo,2021-04-05,3614,155516,1943,76579,1560,74013,111,4924,2018,42383,1592,58903,2127,101286,California
San Luis Obispo,2021-04-06,4059,159575,2163,78742,1572,75585,324,5248,1942,42539,2109,61012,2265,103551,California
San Luis Obispo,2021-04-07,4310,163885,2345,81087,1599,77184,366,5614,2460,43530,1835,62847,2826,106377,California
San Luis Obispo,2021-04-08,4059,167944,2212,83299,1441,78625,406,6020,2162,44209,1889,64736,2568,108945,California
San Luis Obispo,2021-04-09,3686,171630,1753,85052,1171,79796,762,6782,1509,44311,2166,66902,2268,111213,California
San Luis Obispo,2021-04-10,1591,173221,565,85617,357,80153,669,7451,495,44378,1096,67998,1163,112376,California
San Luis Obispo,2021-04-11,314,173535,62,85679,187,80340,65,7516,125,44381,187,68185,190,112566,California
San Luis Obispo,2021-04-12,3407,176942,1714,87393,1531,81871,162,7678,1420,43979,1987,70172,1585,114151,California
San Luis Obispo,2021-04-13,3658,180600,2112,89505,1545,83416,1,7679,1971,44268,1684,71856,1973,116124,California
San Luis Obispo,2021-04-14,3552,184152,2015,91520,1532,84948,5,7684,1776,44285,1761,73617,1778,117902,California
San Luis Obispo,2021-04-15,3679,187831,2396,93916,1282,86230,1,7685,1979,44584,1682,75299,1981,119883,California
San Luis Obispo,2021-04-16,3633,191464,2216,96132,1413,87643,4,7689,1781,44522,1846,77145,1784,121667,California
San Luis Obispo,2021-04-17,1095,192559,433,96565,660,88303,2,7691,709,44848,385,77530,711,122378,California
San Luis Obispo,2021-04-18,320,192879,98,96663,221,88524,1,7692,110,44751,207,77737,110,122488,California
San Luis Obispo,2021-04-19,3191,196070,1347,98010,1806,90330,38,7730,1105,43813,2082,79819,1144,123632,California
San Luis Obispo,2021-04-20,3618,199688,2012,100022,1606,91936,0,7730,1334,42873,2274,82093,1334,124966,California
San Luis Obispo,2021-04-21,3926,203614,1810,101832,2116,94052,0,7730,1586,42139,2320,84413,1586,126552,California
San Luis Obispo,2021-04-22,4588,208202,2060,103892,2528,96580,0,7730,1425,40420,3146,87559,1427,127979,California
San Luis Obispo,2021-04-23,1462,209664,845,104737,613,97193,4,7734,704,40382,753,88312,715,128694,California
San Luis Obispo,2021-04-24,1083,210747,440,105177,624,97817,19,7753,508,40327,582,88894,527,129221,California
San Luis Obispo,2021-04-25,346,211093,162,105339,184,98001,0,7753,111,40205,233,89127,111,129332,California
San Luis Obispo,2021-04-26,1041,212134,375,105714,649,98650,17,7770,382,39956,647,89774,398,129730,California
San Luis Obispo,2021-04-27,3851,215985,1962,107676,1814,100464,75,7845,1512,39211,2331,92105,1586,131316,California
San Luis Obispo,2021-04-28,3803,219788,2101,109777,1631,102095,71,7916,1350,38192,2440,94545,1421,132737,California
San Luis Obispo,2021-04-29,3702,223490,2117,111894,1516,103611,69,7985,1240,37055,2447,96992,1310,134047,California
San Luis Obispo,2021-04-30,2977,226467,1665,113559,1238,104849,74,8059,926,36020,2033,99025,998,135045,California
San Luis Obispo,2021-05-01,468,226935,158,113717,274,105123,36,8095,97,35785,367,99392,132,135177,California
San Luis Obispo,2021-05-02,171,227106,52,113769,99,105222,20,8115,42,35718,129,99521,62,135239,California
San Luis Obispo,2021-05-03,884,227990,288,114057,494,105716,102,8217,224,35383,659,100180,324,135563,California
San Luis Obispo,2021-05-04,2932,230922,1903,115960,966,106682,63,8280,868,34255,2057,102237,929,136492,California
San Luis Obispo,2021-05-05,2804,233726,1851,117811,887,107569,66,8346,686,32901,2107,104344,753,137245,California
San Luis Obispo,2021-05-06,2814,236540,1894,119705,860,108429,60,8406,732,31628,2065,106409,792,138037,California
San Luis Obispo,2021-05-07,2323,238863,1761,121466,501,108930,61,8467,607,30603,1694,108103,669,138706,California
San Luis Obispo,2021-05-08,567,239430,333,121799,210,109140,24,8491,191,30460,358,108461,215,138921,California
San Luis Obispo,2021-05-09,163,239593,40,121839,104,109244,19,8510,46,30409,116,108577,65,138986,California
San Luis Obispo,2021-05-10,723,240316,154,121993,521,109765,48,8558,154,30046,564,109141,201,139187,California
San Luis Obispo,2021-05-11,1164,241480,593,122586,501,110266,70,8628,355,29667,804,109945,425,139612,California
San Luis Obispo,2021-05-12,2378,243858,1591,124177,705,110971,82,8710,659,28704,1704,111649,741,140353,California
San Luis Obispo,2021-05-13,1041,244899,651,124828,331,111302,59,8769,445,28615,592,112241,503,140856,California
San Luis Obispo,2021-05-14,2210,247109,1624,126452,542,111844,44,8813,913,28293,1279,113520,957,141813,California
San Luis Obispo,2021-05-15,991,248100,458,126910,499,112343,34,8847,468,28275,521,114041,503,142316,California
San Luis Obispo,2021-05-16,302,248402,162,127072,134,112477,6,8853,171,28322,130,114171,177,142493,California
San Luis Obispo,2021-05-17,1663,250065,966,128038,645,113122,52,8905,661,28042,993,115164,713,143206,California
San Luis Obispo,2021-05-18,1885,251950,1149,129187,704,113826,32,8937,718,27632,1161,116325,751,143957,California
San Luis Obispo,2021-05-19,1450,253400,624,129811,764,114590,62,8999,411,27072,1033,117358,473,144430,California
San Luis Obispo,2021-05-20,969,254369,441,130252,498,115088,30,9029,273,26690,685,118043,303,144733,California
San Luis Obispo,2021-05-21,887,255256,506,130758,343,115431,38,9067,428,26705,451,118494,466,145199,California
San Luis Obispo,2021-05-22,541,255797,292,131050,226,115657,23,9090,292,26777,243,118737,315,145514,California
San Luis Obispo,2021-05-23,71,255868,38,131088,27,115684,6,9096,29,26770,42,118779,35,145549,California
San Luis Obispo,2021-05-24,565,256433,266,131354,265,115949,34,9130,208,26657,355,119134,242,145791,California
San Luis Obispo,2021-05-25,872,257305,431,131785,414,116363,27,9157,355,26530,509,119643,382,146173,California
San Luis Obispo,2021-05-26,2139,259444,987,132772,1097,117460,55,9212,671,25793,1462,121105,725,146898,California
San Luis Obispo,2021-05-27,1872,261316,660,133432,1179,118639,33,9245,482,24922,1385,122490,514,147412,California
San Luis Obispo,2021-05-28,882,262198,451,133883,410,119049,21,9266,465,24992,416,122906,486,147898,California
San Luis Obispo,2021-05-29,374,262572,150,134033,213,119262,11,9277,211,25053,162,123068,223,148121,California
San Luis Obispo,2021-05-30,89,262661,36,134069,45,119307,8,9285,34,25040,54,123122,41,148162,California
San Luis Obispo,2021-05-31,43,262704,5,134074,24,119331,14,9299,16,25044,25,123147,29,148191,California
San Luis Obispo,2021-06-01,752,263456,327,134401,394,119725,31,9330,272,24871,476,123623,303,148494,California
San Luis Obispo,2021-06-02,633,264089,288,134689,306,120031,39,9369,193,24669,434,124057,232,148726,California
San Luis Obispo,2021-06-03,901,264990,443,135132,425,120456,33,9402,257,24318,641,124698,290,149016,California
San Luis Obispo,2021-06-04,2429,267419,1502,136634,887,121343,40,9442,702,23344,1714,126412,740,149756,California
San Luis Obispo,2021-06-05,656,268075,287,136921,346,121689,23,9465,323,23357,333,126745,346,150102,California
San Luis Obispo,2021-06-06,187,268262,140,137061,38,121727,9,9474,48,23275,139,126884,57,150159,California
San Luis Obispo,2021-06-07,161,268423,88,137149,64,121791,9,9483,67,23258,93,126977,76,150235,California
San Mateo,2020-12-15,26,26,26,26,0,0,0,0,26,26,0,0,26,26,California
San Mateo,2020-12-16,111,137,111,137,0,0,0,0,111,137,0,0,111,137,California
San Mateo,2020-12-17,171,308,171,308,0,0,0,0,171,308,0,0,171,308,California
San Mateo,2020-12-18,786,1094,784,1092,2,2,0,0,786,1094,0,0,786,1094,California
San Mateo,2020-12-19,510,1604,510,1602,0,2,0,0,510,1604,0,0,510,1604,California
San Mateo,2020-12-20,507,2111,506,2108,1,3,0,0,507,2111,0,0,507,2111,California
San Mateo,2020-12-21,1151,3262,1150,3258,1,4,0,0,1151,3262,0,0,1151,3262,California
San Mateo,2020-12-22,1526,4788,1518,4776,8,12,0,0,1526,4788,0,0,1526,4788,California
San Mateo,2020-12-23,1582,6370,1393,6169,189,201,0,0,1582,6370,0,0,1582,6370,California
San Mateo,2020-12-24,863,7233,611,6780,252,453,0,0,863,7233,0,0,863,7233,California
San Mateo,2020-12-25,115,7348,111,6891,4,457,0,0,115,7348,0,0,115,7348,California
San Mateo,2020-12-26,563,7911,421,7312,142,599,0,0,563,7911,0,0,563,7911,California
San Mateo,2020-12-27,307,8218,176,7488,131,730,0,0,307,8218,0,0,307,8218,California
San Mateo,2020-12-28,1057,9275,710,8198,347,1077,0,0,1057,9275,0,0,1057,9275,California
San Mateo,2020-12-29,1125,10400,704,8902,421,1498,0,0,1125,10400,0,0,1125,10400,California
San Mateo,2020-12-30,1254,11654,756,9658,498,1996,0,0,1254,11654,0,0,1254,11654,California
San Mateo,2020-12-31,709,12363,229,9887,480,2476,0,0,708,12361,1,1,708,12362,California
San Mateo,2021-01-01,98,12461,67,9954,31,2507,0,0,98,12459,0,1,98,12460,California
San Mateo,2021-01-02,395,12856,267,10221,128,2635,0,0,395,12854,0,1,395,12855,California
San Mateo,2021-01-03,285,13141,209,10430,76,2711,0,0,282,13133,3,4,282,13137,California
San Mateo,2021-01-04,1046,14187,674,11104,372,3083,0,0,1045,14177,1,5,1045,14182,California
San Mateo,2021-01-05,1214,15401,715,11819,499,3582,0,0,1182,15328,32,37,1183,15365,California
San Mateo,2021-01-06,1456,16857,958,12777,498,4080,0,0,1263,16402,190,227,1264,16629,California
San Mateo,2021-01-07,1456,18313,814,13591,642,4722,0,0,1149,17252,300,527,1150,17779,California
San Mateo,2021-01-08,1872,20185,1224,14815,648,5370,0,0,1152,17699,714,1241,1161,18940,California
San Mateo,2021-01-09,1161,21346,766,15581,395,5765,0,0,708,17954,453,1694,708,19648,California
San Mateo,2021-01-10,706,22052,578,16159,128,5893,0,0,264,17776,442,2136,264,19912,California
San Mateo,2021-01-11,2600,24652,1496,17655,1104,6997,0,0,1528,18233,1073,3209,1530,21442,California
San Mateo,2021-01-12,3402,28054,1890,19545,1512,8509,0,0,2215,19267,1185,4394,2219,23661,California
San Mateo,2021-01-13,3387,31441,1650,21195,1737,10246,0,0,2356,20594,1031,5425,2358,26019,California
San Mateo,2021-01-14,3788,35229,1592,22787,2196,12442,0,0,3102,23015,686,6111,3107,29126,California
San Mateo,2021-01-15,4325,39554,1708,24495,2617,15059,0,0,3792,26278,531,6642,3794,32920,California
San Mateo,2021-01-16,3071,42625,764,25259,2307,17366,0,0,2747,28703,323,6965,2748,35668,California
San Mateo,2021-01-17,1318,43943,308,25567,1010,18376,0,0,1110,29605,208,7173,1110,36778,California
San Mateo,2021-01-18,1368,45311,538,26105,830,19206,0,0,990,30220,375,7548,990,37768,California
San Mateo,2021-01-19,2794,48105,1791,27896,1003,20209,0,0,1994,31417,797,8345,1994,39762,California
San Mateo,2021-01-20,2794,50899,1543,29439,1251,21460,0,0,1953,32533,838,9183,1954,41716,California
San Mateo,2021-01-21,2849,53748,1296,30735,1553,23013,0,0,2263,34215,584,9767,2266,43982,California
San Mateo,2021-01-22,2807,56555,1142,31877,1665,24678,0,0,2510,36431,295,10062,2511,46493,California
San Mateo,2021-01-23,2878,59433,1680,33557,1198,25876,0,0,2521,38596,357,10419,2522,49015,California
San Mateo,2021-01-24,1515,60948,377,33934,1138,27014,0,0,1204,39491,310,10729,1205,50220,California
San Mateo,2021-01-25,4426,65374,3153,37087,1273,28287,0,0,3529,42129,895,11624,3533,53753,California
San Mateo,2021-01-26,4313,69687,2996,40083,1317,29604,0,0,3385,44588,927,12551,3386,57139,California
San Mateo,2021-01-27,2814,72501,1479,41562,1335,30939,0,0,1812,45405,996,13547,1813,58952,California
San Mateo,2021-01-28,2794,75295,1354,42916,1440,32379,0,0,1941,46508,838,14385,1941,60893,California
San Mateo,2021-01-29,3003,78298,1356,44272,1647,34026,0,0,2163,47836,837,15222,2165,63058,California
San Mateo,2021-01-30,3428,81726,1479,45751,1949,35975,0,0,2972,50354,455,15677,2973,66031,California
San Mateo,2021-01-31,1687,83413,899,46650,788,36763,0,0,1527,51722,159,15836,1527,67558,California
San Mateo,2021-02-01,2943,86356,1361,48011,1582,38345,0,0,2220,53224,719,16555,2221,69779,California
San Mateo,2021-02-02,3221,89577,1738,49749,1483,39828,0,0,2190,54387,1027,17582,2190,71969,California
San Mateo,2021-02-03,4998,94575,2059,51808,2939,42767,0,0,3852,57097,1143,18725,3853,75822,California
San Mateo,2021-02-04,6202,100777,2502,54310,3700,46467,0,0,4921,60746,1276,20001,4925,80747,California
San Mateo,2021-02-05,6788,107565,2550,56860,4238,50705,0,0,4964,63903,1807,21808,4964,85711,California
San Mateo,2021-02-06,3277,110842,1919,58779,1358,52063,0,0,2623,65876,652,22460,2625,88336,California
San Mateo,2021-02-07,1898,112740,1349,60128,549,52612,0,0,1707,67392,191,22651,1707,90043,California
San Mateo,2021-02-08,5304,118044,2275,62403,3029,55641,0,0,3131,68414,2109,24760,3131,93174,California
San Mateo,2021-02-09,6172,124216,3216,65619,2956,58597,0,0,3334,68916,2832,27592,3334,96508,California
San Mateo,2021-02-10,6517,130733,3278,68897,3239,61836,0,0,3429,69268,3077,30669,3429,99937,California
San Mateo,2021-02-11,7047,137780,3573,72470,3474,65310,0,0,3789,69810,3249,33918,3791,103728,California
San Mateo,2021-02-12,6639,144419,2986,75456,3653,68963,0,0,4700,72577,1935,35853,4702,108430,California
San Mateo,2021-02-13,6122,150541,4030,79486,2092,71055,0,0,2646,71752,3471,39324,2646,111076,California
San Mateo,2021-02-14,4631,155172,3022,82508,1609,72664,0,0,1970,71069,2654,41978,1971,113047,California
San Mateo,2021-02-15,3155,158327,1452,83960,1703,74367,0,0,1779,71479,1370,43348,1780,114827,California
San Mateo,2021-02-16,7150,165477,1882,85842,5268,79635,0,0,5275,74883,1873,45221,5277,120104,California
San Mateo,2021-02-17,7067,172544,1943,87785,5124,84759,0,0,5043,77908,2020,47241,5045,125149,California
San Mateo,2021-02-18,6661,179205,4598,92383,2063,86822,0,0,4430,80114,2227,49468,4433,129582,California
San Mateo,2021-02-19,7827,187032,5613,97996,2214,89036,0,0,5796,83886,2024,51492,5796,135378,California
San Mateo,2021-02-20,3777,190809,2434,100430,1343,90379,0,0,2334,84784,1436,52928,2334,137712,California
San Mateo,2021-02-21,2640,193449,1792,102222,848,91227,0,0,1578,85307,1055,53983,1578,139290,California
San Mateo,2021-02-22,4472,197921,3245,105467,1227,92454,0,0,2824,86490,1642,55625,2825,142115,California
San Mateo,2021-02-23,4382,202303,3143,108610,1239,93693,0,0,2558,87232,1816,57441,2558,144673,California
San Mateo,2021-02-24,7364,209667,3312,111922,4052,97745,0,0,4889,89656,2466,59907,4890,149563,California
San Mateo,2021-02-25,9290,218957,4133,116055,5157,102902,0,0,6121,92626,3152,63059,6122,155685,California
San Mateo,2021-02-26,10035,228992,3871,119926,6164,109066,0,0,6954,96518,3066,66125,6958,162643,California
San Mateo,2021-02-27,6934,235926,3572,123498,3361,112427,1,1,3736,97069,3191,69316,3742,166385,California
San Mateo,2021-02-28,4451,240377,2754,126252,1697,114124,0,1,2673,97971,1772,71088,2674,169059,California
San Mateo,2021-03-01,6012,246389,3793,130045,2217,116341,2,3,2971,97917,3027,74115,2973,172032,California
San Mateo,2021-03-02,6249,252638,4442,134487,1806,118147,1,4,3591,98860,2650,76765,3593,175625,California
San Mateo,2021-03-03,8437,261075,3964,138451,4471,122618,2,6,3634,97705,4791,81556,3636,179261,California
San Mateo,2021-03-04,8516,269591,4001,142452,4512,127130,3,9,3839,96892,4657,86213,3844,183105,California
San Mateo,2021-03-05,9347,278938,6233,148685,3110,130240,4,13,6551,100674,2776,88989,6558,189663,California
San Mateo,2021-03-06,7976,286914,5561,154246,2240,132480,175,188,5847,104577,2118,91107,6021,195684,California
San Mateo,2021-03-07,3595,290509,2447,156693,1077,133557,71,259,2123,105303,1468,92575,2194,197878,California
San Mateo,2021-03-08,4530,295039,2570,159263,1743,135300,217,476,3310,107615,1213,93788,3525,201403,California
San Mateo,2021-03-09,5356,300395,2859,162122,2222,137522,275,751,3763,110069,1581,95369,4035,205438,California
San Mateo,2021-03-10,7202,307597,2900,165022,4017,141539,285,1036,4812,112788,2377,97746,5096,210534,California
San Mateo,2021-03-11,9118,316715,5735,170757,2990,144529,393,1429,3709,111509,5379,103125,4100,214634,California
San Mateo,2021-03-12,10602,327317,6694,177451,3524,148053,384,1813,3591,108491,6993,110118,3975,218609,California
San Mateo,2021-03-13,8226,335543,3511,180962,3087,151140,1628,3441,3988,109874,4224,114342,5607,224216,California
San Mateo,2021-03-14,5003,340546,3383,184345,1513,152653,107,3548,2649,110283,2346,116688,2755,226971,California
San Mateo,2021-03-15,7195,347741,4652,188997,2367,155020,176,3724,3766,110803,3423,120111,3943,230914,California
San Mateo,2021-03-16,11975,359716,4402,193399,7450,162470,123,3847,4805,108581,7152,127263,4930,235844,California
San Mateo,2021-03-17,10848,370564,4413,197812,6310,168780,125,3972,4874,107638,5945,133208,5002,240846,California
San Mateo,2021-03-18,7290,377854,4094,201906,3012,171792,184,4156,4308,109154,2975,136183,4491,245337,California
San Mateo,2021-03-19,7471,385325,4833,206739,1965,173757,673,4829,3562,109490,3899,140082,4235,249572,California
San Mateo,2021-03-20,8434,393759,6545,213284,1552,175309,337,5166,5385,112178,3033,143115,5721,255293,California
San Mateo,2021-03-21,4250,398009,3222,216506,795,176104,233,5399,2278,112725,1961,145076,2508,257801,California
San Mateo,2021-03-22,5275,403284,3590,220096,1259,177363,426,5825,2751,113392,2509,147585,3176,260977,California
San Mateo,2021-03-23,9812,413096,4487,224583,5130,182493,195,6020,4380,112567,5400,152985,4575,265552,California
San Mateo,2021-03-24,9507,422603,5489,230072,3871,186364,147,6167,4046,111367,5390,158375,4190,269742,California
San Mateo,2021-03-25,10136,432739,4965,235037,4881,191245,290,6457,4401,110431,5630,164005,4694,274436,California
San Mateo,2021-03-26,11276,444015,7768,242805,3340,194585,168,6625,4296,107957,6940,170945,4466,278902,California
San Mateo,2021-03-27,10597,454612,8125,250930,2370,196955,102,6727,4688,106856,5890,176835,4789,283691,California
San Mateo,2021-03-28,4296,458908,2791,253721,1393,198348,112,6839,2005,106694,2281,179116,2119,285810,California
San Mateo,2021-03-29,6057,464965,3771,257492,2032,200380,254,7093,2691,106293,3346,182462,2945,288755,California
San Mateo,2021-03-30,7151,472116,4082,261574,2916,203296,153,7246,3835,106982,3299,185761,3988,292743,California
San Mateo,2021-03-31,7279,479395,4604,266178,2533,205829,142,7388,3842,107548,3418,189179,3984,296727,California
San Mateo,2021-04-01,10609,490004,5244,271422,4152,209981,1213,8601,5690,109575,4872,194051,6899,303626,California
San Mateo,2021-04-02,10881,500885,5201,276623,4050,214031,1630,10231,5678,111698,5182,199233,7305,310931,California
San Mateo,2021-04-03,10007,510892,5744,282367,2466,216497,1797,12028,5085,113667,4913,204146,6882,317813,California
San Mateo,2021-04-04,5448,516340,2625,284992,1567,218064,1256,13284,1698,112884,3735,207881,2952,320765,California
San Mateo,2021-04-05,8964,525304,4777,289769,2452,220516,1735,15019,3826,113320,5121,213002,5557,326322,California
San Mateo,2021-04-06,13240,538544,8248,298017,3138,223654,1854,16873,7511,116977,5713,218715,9370,335692,California
San Mateo,2021-04-07,11417,549961,5267,303284,4458,228112,1692,18565,4831,116928,6565,225280,6516,342208,California
San Mateo,2021-04-08,10157,560118,5038,308322,2511,230623,2608,21173,4487,118357,5652,230932,7081,349289,California
San Mateo,2021-04-09,11379,571497,5543,313865,3353,233976,2483,23656,5107,119671,6269,237201,7583,356872,California
San Mateo,2021-04-10,11290,582787,5724,319589,4120,238096,1446,25102,4662,119175,6599,243800,6103,362975,California
San Mateo,2021-04-11,6652,589439,3297,322886,875,238971,2480,27582,2310,119625,4335,248135,4785,367760,California
San Mateo,2021-04-12,7349,596788,4479,327365,1899,240870,971,28553,3556,120377,3772,251907,4524,372284,California
San Mateo,2021-04-13,8225,605013,5123,332488,3092,243962,10,28563,4368,120913,3847,255754,4383,376667,California
San Mateo,2021-04-14,8329,613342,5400,337888,2928,246890,1,28564,4277,121165,4034,259788,4286,380953,California
San Mateo,2021-04-15,11149,624491,7421,345309,3726,250616,2,28566,7302,124649,3822,263610,7306,388259,California
San Mateo,2021-04-16,9960,634451,6866,352175,3078,253694,16,28582,6312,127355,3627,267237,6333,394592,California
San Mateo,2021-04-17,9773,644224,6495,358670,3276,256970,2,28584,6140,129880,3623,270860,6148,400740,California
San Mateo,2021-04-18,5431,649655,2592,361262,2839,259809,0,28584,3658,131784,1760,272620,3664,404404,California
San Mateo,2021-04-19,8352,658007,5434,366696,2918,262727,0,28584,5434,134323,2904,275524,5443,409847,California
San Mateo,2021-04-20,10319,668326,5758,372454,4560,267287,1,28585,6639,137314,3659,279183,6650,416497,California
San Mateo,2021-04-21,9014,677340,6094,378548,2920,270207,0,28585,5575,139474,3421,282604,5581,422078,California
San Mateo,2021-04-22,9582,686922,6405,384953,3176,273383,1,28586,5315,140559,4235,286839,5320,427398,California
San Mateo,2021-04-23,9432,696354,6196,391149,3236,276619,0,28586,5285,141738,4121,290960,5300,432698,California
San Mateo,2021-04-24,11276,707630,8033,399182,3243,279862,0,28586,5822,142137,5431,296391,5830,438528,California
San Mateo,2021-04-25,5537,713167,3857,403039,1678,281540,2,28588,3941,144508,1580,297971,3951,442479,California
San Mateo,2021-04-26,6559,719726,4750,407789,1801,283341,8,28596,3822,145625,2725,300696,3842,446321,California
San Mateo,2021-04-27,11194,730920,7929,415718,3134,286475,131,28727,4542,143680,6622,307318,4677,450998,California
San Mateo,2021-04-28,7873,738793,4498,420216,3170,289645,205,28932,4213,144454,3648,310966,4422,455420,California
San Mateo,2021-04-29,8083,746876,3751,423967,4158,293803,174,29106,3656,143897,4399,315365,3842,459262,California
San Mateo,2021-04-30,8054,754930,5053,429020,2848,296651,153,29259,3412,142859,4617,319982,3579,462841,California
San Mateo,2021-05-01,6159,761089,4131,433151,1910,298561,118,29377,2677,142199,3466,323448,2806,465647,California
San Mateo,2021-05-02,3186,764275,1746,434897,1370,299931,70,29447,1156,141407,2022,325470,1230,466877,California
San Mateo,2021-05-03,5976,770251,4455,439352,1377,301308,144,29591,1841,139265,4127,329597,1985,468862,California
San Mateo,2021-05-04,7285,777536,4948,444300,2166,303474,171,29762,2490,137158,4780,334377,2673,471535,California
San Mateo,2021-05-05,6877,784413,4499,448799,2219,305693,159,29921,2388,135247,4461,338838,2550,474085,California
San Mateo,2021-05-06,8554,792967,6677,455476,1701,307394,176,30097,1742,130376,6793,345631,1922,476007,California
San Mateo,2021-05-07,8207,801174,5866,461342,2057,309451,284,30381,1828,126145,6354,351985,2123,478130,California
San Mateo,2021-05-08,6642,807816,4020,465362,2382,311833,240,30621,1834,123429,4795,356780,2079,480209,California
San Mateo,2021-05-09,3117,810933,2427,467789,616,312449,74,30695,1061,122518,2047,358827,1136,481345,California
San Mateo,2021-05-10,4616,815549,3318,471107,1128,313577,170,30865,764,119618,3842,362669,942,482287,California
San Mateo,2021-05-11,6508,822057,4876,475983,1517,315094,115,30980,1677,116593,4818,367487,1793,484080,California
San Mateo,2021-05-12,6399,828456,4618,480601,1590,316684,191,31171,1525,113448,4863,372350,1718,485798,California
San Mateo,2021-05-13,8980,837436,6726,487327,2166,318850,88,31259,3318,111233,5631,377981,3416,489214,California
San Mateo,2021-05-14,8332,845768,6155,493482,2065,320915,112,31371,2704,108443,5613,383594,2823,492037,California
San Mateo,2021-05-15,10386,856154,8102,501584,2184,323099,100,31471,4556,107302,5818,389412,4677,496714,California
San Mateo,2021-05-16,7158,863312,5093,506677,1996,325095,69,31540,2186,104605,4954,394366,2257,498971,California
San Mateo,2021-05-17,7028,870340,4974,511651,1945,327040,109,31649,2152,102008,4861,399227,2264,501235,California
San Mateo,2021-05-18,8456,878796,5830,517481,2529,329569,97,31746,3121,100021,5209,404436,3222,504457,California
San Mateo,2021-05-19,7853,886649,5878,523359,1854,331423,121,31867,3677,99691,4129,408565,3799,508256,California
San Mateo,2021-05-20,4789,891438,3078,526437,1617,333040,94,31961,2008,99029,2763,411328,2101,510357,California
San Mateo,2021-05-21,6139,897577,4361,530798,1675,334715,103,32064,1765,96540,4355,415683,1866,512223,California
San Mateo,2021-05-22,5441,903018,3821,534619,1581,336296,39,32103,2218,95593,3206,418889,2259,514482,California
San Mateo,2021-05-23,2449,905467,1440,536059,951,337247,58,32161,997,95206,1442,420331,1055,515537,California
San Mateo,2021-05-24,3385,908852,2225,538284,1012,338259,148,32309,1121,94225,2247,422578,1266,516803,California
San Mateo,2021-05-25,4705,913557,2980,541264,1556,339815,169,32478,1635,92981,3050,425628,1806,518609,California
San Mateo,2021-05-26,5612,919169,3033,544297,2474,342289,105,32583,1781,91055,3812,429440,1886,520495,California
San Mateo,2021-05-27,3772,922941,2223,546520,1460,343749,89,32672,1290,89973,2457,431897,1375,521870,California
San Mateo,2021-05-28,3473,926414,2205,548725,1191,344940,77,32749,1346,89306,2088,433985,1421,523291,California
San Mateo,2021-05-29,3222,929636,2297,551022,873,345813,52,32801,1329,88818,1868,435853,1380,524671,California
San Mateo,2021-05-30,1654,931290,1123,552145,470,346283,61,32862,676,88586,969,436822,737,525408,California
San Mateo,2021-05-31,496,931786,332,552477,155,346438,9,32871,223,88547,271,437093,232,525640,California
San Mateo,2021-06-01,3395,935181,2042,554519,1259,347697,94,32965,1145,87547,2238,439331,1238,526878,California
San Mateo,2021-06-02,2753,937934,1830,556349,848,348545,75,33040,1190,87262,1548,440879,1263,528141,California
San Mateo,2021-06-03,3781,941715,2980,559329,694,349239,107,33147,993,85581,2777,443656,1096,529237,California
San Mateo,2021-06-04,4160,945875,3225,562554,855,350094,80,33227,1294,84094,2848,446504,1361,530598,California
San Mateo,2021-06-05,4991,950866,4367,566921,525,350619,99,33326,1105,81444,3854,450358,1204,531802,California
San Mateo,2021-06-06,2416,953282,1979,568900,374,350993,63,33389,540,80186,1857,452215,599,532401,California
San Mateo,2021-06-07,1607,954889,1336,570236,245,351238,26,33415,354,79314,1251,453466,379,532780,California
Santa Barbara,2020-12-15,2,2,2,2,0,0,0,0,2,2,0,0,2,2,California
Santa Barbara,2020-12-16,2,4,2,4,0,0,0,0,2,4,0,0,2,4,California
Santa Barbara,2020-12-17,56,60,56,60,0,0,0,0,56,60,0,0,56,60,California
Santa Barbara,2020-12-18,380,440,379,439,1,1,0,0,380,440,0,0,380,440,California
Santa Barbara,2020-12-19,325,765,325,764,0,1,0,0,325,765,0,0,325,765,California
Santa Barbara,2020-12-20,235,1000,235,999,0,1,0,0,235,1000,0,0,235,1000,California
Santa Barbara,2020-12-21,652,1652,650,1649,2,3,0,0,652,1652,0,0,652,1652,California
Santa Barbara,2020-12-22,245,1897,243,1892,2,5,0,0,245,1897,0,0,245,1897,California
Santa Barbara,2020-12-23,324,2221,206,2098,118,123,0,0,324,2221,0,0,324,2221,California
Santa Barbara,2020-12-24,88,2309,40,2138,48,171,0,0,88,2309,0,0,88,2309,California
Santa Barbara,2020-12-26,326,2635,66,2204,260,431,0,0,326,2635,0,0,326,2635,California
Santa Barbara,2020-12-27,62,2697,1,2205,61,492,0,0,62,2697,0,0,62,2697,California
Santa Barbara,2020-12-28,358,3055,225,2430,133,625,0,0,358,3055,0,0,358,3055,California
Santa Barbara,2020-12-29,552,3607,357,2787,195,820,0,0,552,3607,0,0,552,3607,California
Santa Barbara,2020-12-30,577,4184,395,3182,182,1002,0,0,577,4184,0,0,577,4184,California
Santa Barbara,2020-12-31,240,4424,114,3296,126,1128,0,0,240,4424,0,0,240,4424,California
Santa Barbara,2021-01-01,116,4540,110,3406,6,1134,0,0,116,4540,0,0,116,4540,California
Santa Barbara,2021-01-02,590,5130,224,3630,366,1500,0,0,590,5130,0,0,590,5130,California
Santa Barbara,2021-01-03,23,5153,15,3645,8,1508,0,0,23,5153,0,0,23,5153,California
Santa Barbara,2021-01-04,305,5458,242,3887,63,1571,0,0,304,5457,0,0,304,5457,California
Santa Barbara,2021-01-05,750,6208,379,4266,371,1942,0,0,722,6151,28,28,722,6179,California
Santa Barbara,2021-01-06,657,6865,277,4543,380,2322,0,0,596,6687,60,88,596,6775,California
Santa Barbara,2021-01-07,1034,7899,711,5254,323,2645,0,0,529,6715,501,589,529,7304,California
Santa Barbara,2021-01-08,1204,9103,845,6099,359,3004,0,0,710,6931,494,1083,710,8014,California
Santa Barbara,2021-01-09,566,9669,293,6392,273,3277,0,0,320,7005,246,1329,320,8334,California
Santa Barbara,2021-01-10,62,9731,50,6442,12,3289,0,0,46,7035,16,1345,46,8380,California
Santa Barbara,2021-01-11,839,10570,670,7112,169,3458,0,0,614,7425,224,1569,614,8994,California
Santa Barbara,2021-01-12,1435,12005,640,7752,795,4253,0,0,1277,8544,158,1727,1277,10271,California
Santa Barbara,2021-01-13,1218,13223,270,8022,948,5201,0,0,1091,9508,127,1854,1091,11362,California
Santa Barbara,2021-01-14,1252,14475,136,8158,1116,6317,0,0,1197,10652,54,1908,1198,12560,California
Santa Barbara,2021-01-15,1801,16276,421,8579,1380,7697,0,0,1720,12292,80,1988,1720,14280,California
Santa Barbara,2021-01-16,1270,17546,200,8779,1070,8767,0,0,1231,13485,38,2026,1231,15511,California
Santa Barbara,2021-01-17,123,17669,20,8799,103,8870,0,0,120,13602,3,2029,120,15631,California
Santa Barbara,2021-01-18,1156,18825,419,9218,737,9607,0,0,970,14386,186,2215,970,16601,California
Santa Barbara,2021-01-19,1637,20462,571,9789,1066,10673,0,0,1358,15466,278,2493,1358,17959,California
Santa Barbara,2021-01-20,2099,22561,547,10336,1552,12225,0,0,1744,16856,354,2847,1744,19703,California
Santa Barbara,2021-01-21,3185,25746,1913,12249,1272,13497,0,0,3026,19724,159,3006,3027,22730,California
Santa Barbara,2021-01-22,2926,28672,1774,14023,1152,14649,0,0,2762,22326,161,3167,2763,25493,California
Santa Barbara,2021-01-23,1731,30403,1102,15125,629,15278,0,0,1222,23040,508,3675,1222,26715,California
Santa Barbara,2021-01-24,843,31246,751,15876,92,15370,0,0,834,23865,9,3684,834,27549,California
Santa Barbara,2021-01-25,1242,32488,498,16374,744,16114,0,0,1005,24633,237,3921,1005,28554,California
Santa Barbara,2021-01-26,2062,34550,482,16856,1580,17694,0,0,1679,25931,381,4302,1679,30233,California
Santa Barbara,2021-01-27,1165,35715,399,17255,766,18460,0,0,903,26575,261,4563,905,31138,California
Santa Barbara,2021-01-28,891,36606,295,17550,596,19056,0,0,677,27041,211,4774,677,31815,California
Santa Barbara,2021-01-29,1333,37939,535,18085,798,19854,0,0,979,27671,351,5125,981,32796,California
Santa Barbara,2021-01-30,1894,39833,1420,19505,474,20328,0,0,1489,28758,402,5527,1489,34285,California
Santa Barbara,2021-01-31,1455,41288,1217,20722,238,20566,0,0,1416,30135,39,5566,1416,35701,California
Santa Barbara,2021-02-01,956,42244,529,21251,427,20993,0,0,557,30293,399,5965,557,36258,California
Santa Barbara,2021-02-02,1808,44052,679,21930,1129,22122,0,0,1043,30574,762,6727,1043,37301,California
Santa Barbara,2021-02-03,1945,45997,1080,23010,865,22987,0,0,1505,31650,429,7156,1505,38806,California
Santa Barbara,2021-02-04,2779,48776,1867,24877,912,23899,0,0,2481,33839,292,7448,2481,41287,California
Santa Barbara,2021-02-05,2901,51677,2058,26935,843,24742,0,0,2258,35456,641,8089,2258,43545,California
Santa Barbara,2021-02-06,1203,52880,338,27273,865,25607,0,0,793,35839,410,8499,793,44338,California
Santa Barbara,2021-02-07,302,53182,263,27536,39,25646,0,0,267,36072,34,8533,267,44605,California
Santa Barbara,2021-02-08,954,54136,309,27845,645,26291,0,0,664,36446,290,8823,664,45269,California
Santa Barbara,2021-02-09,2436,56572,313,28158,2123,28414,0,0,1119,36257,1308,10131,1119,46388,California
Santa Barbara,2021-02-10,2756,59328,1494,29652,1262,29676,0,0,778,35064,1971,12102,778,47166,California
Santa Barbara,2021-02-11,4196,63524,2812,32464,1384,31060,0,0,629,32136,3557,15659,629,47795,California
Santa Barbara,2021-02-12,3310,66834,948,33412,2362,33422,0,0,777,30386,2527,18186,777,48572,California
Santa Barbara,2021-02-13,1230,68064,339,33751,891,34313,0,0,559,30276,669,18855,559,49131,California
Santa Barbara,2021-02-14,336,68400,40,33791,296,34609,0,0,289,30518,47,18902,289,49420,California
Santa Barbara,2021-02-15,969,69369,338,34129,631,35240,0,0,495,30542,471,19373,495,49915,California
Santa Barbara,2021-02-16,2134,71503,421,34550,1713,36953,0,0,721,29854,1409,20782,721,50636,California
Santa Barbara,2021-02-17,1432,72935,319,34869,1113,38066,0,0,520,29466,908,21690,520,51156,California
Santa Barbara,2021-02-18,3254,76189,2650,37519,604,38670,0,0,1522,29292,1696,23386,1522,52678,California
Santa Barbara,2021-02-19,3591,79780,2638,40157,953,39623,0,0,2327,30358,1261,24647,2327,55005,California
Santa Barbara,2021-02-20,2228,82008,1443,41600,785,40408,0,0,1670,31480,548,25195,1670,56675,California
Santa Barbara,2021-02-21,138,82146,109,41709,29,40437,0,0,61,31466,75,25270,61,56736,California
Santa Barbara,2021-02-22,934,83080,244,41953,690,41127,0,0,269,31073,662,25932,269,57005,California
Santa Barbara,2021-02-23,3189,86269,1046,42999,2143,43270,0,0,421,28730,2764,28696,421,57426,California
Santa Barbara,2021-02-24,3218,89487,1099,44098,2119,45389,0,0,723,26968,2485,31181,723,58149,California
Santa Barbara,2021-02-25,3457,92944,1922,46020,1535,46924,0,0,993,25506,2456,33637,994,59143,California
Santa Barbara,2021-02-26,3662,96606,2177,48197,1485,48409,0,0,1972,25796,1682,35319,1972,61115,California
Santa Barbara,2021-02-27,1536,98142,563,48760,973,49382,0,0,855,25976,677,35996,857,61972,California
Santa Barbara,2021-02-28,1087,99229,221,48981,866,50248,0,0,894,26684,187,36183,895,62867,California
Santa Barbara,2021-03-01,1650,100879,470,49451,1178,51426,2,2,1090,27234,543,36726,1093,63960,California
Santa Barbara,2021-03-02,2650,103529,423,49874,2227,53653,0,2,2149,28896,488,37214,2150,66110,California
Santa Barbara,2021-03-03,4630,108159,2099,51973,2529,56182,2,4,4034,32350,585,37799,4039,70149,California
Santa Barbara,2021-03-04,3417,111576,2280,54253,1137,57319,0,4,2863,34667,546,38345,2863,73012,California
Santa Barbara,2021-03-05,3818,115394,2165,56418,1594,58913,59,63,3093,37099,720,39065,3152,76164,California
Santa Barbara,2021-03-06,2433,117827,726,57144,1487,60400,220,283,1668,38223,761,39826,1885,78049,California
Santa Barbara,2021-03-07,565,118392,124,57268,310,60710,131,414,384,38559,180,40006,516,78565,California
Santa Barbara,2021-03-08,1579,119971,379,57647,857,61567,343,757,796,38921,777,40783,1139,79704,California
Santa Barbara,2021-03-09,2804,122775,348,57995,1684,63251,772,1529,744,38376,2057,42840,1512,81216,California
Santa Barbara,2021-03-10,2770,125545,556,58551,1164,64415,1050,2579,1048,38754,1717,44557,2095,83311,California
Santa Barbara,2021-03-11,5582,131127,3028,61579,1437,65852,1117,3696,2277,38850,3291,47848,3387,86698,California
Santa Barbara,2021-03-12,3686,134813,2101,63680,1155,67007,430,4126,2183,39965,1495,49343,2610,89308,California
Santa Barbara,2021-03-13,3492,138305,1935,65615,1349,68356,208,4334,2697,42078,792,50135,2905,92213,California
Santa Barbara,2021-03-14,801,139106,387,66002,358,68714,56,4390,480,42294,320,50455,536,92749,California
Santa Barbara,2021-03-15,2114,141220,696,66698,1127,69841,291,4681,1268,43013,838,51293,1557,94306,California
Santa Barbara,2021-03-16,3722,144942,1172,67870,2207,72048,343,5024,2734,45106,984,52277,3077,97383,California
Santa Barbara,2021-03-17,3313,148255,973,68843,1935,73983,405,5429,2321,46838,990,53267,2722,100105,California
Santa Barbara,2021-03-18,5228,153483,2800,71643,2226,76209,202,5631,4003,49834,1209,54476,4205,104310,California
Santa Barbara,2021-03-19,4448,157931,2770,74413,1345,77554,333,5964,3056,51834,1388,55864,3388,107698,California
Santa Barbara,2021-03-20,2178,160109,835,75248,1328,78882,15,5979,1330,52333,845,56709,1344,109042,California
Santa Barbara,2021-03-21,1167,161276,384,75632,753,79635,30,6009,840,52878,325,57034,870,109912,California
Santa Barbara,2021-03-22,2778,164054,1914,77546,820,80455,44,6053,2223,54599,546,57580,2267,112179,California
Santa Barbara,2021-03-23,4488,168542,2257,79803,2130,82585,101,6154,3713,57648,765,58345,3814,115993,California
Santa Barbara,2021-03-24,5420,173962,3154,82957,1515,84100,751,6905,2973,58944,2424,60769,3720,119713,California
Santa Barbara,2021-03-25,5567,179529,3275,86232,2100,86200,192,7097,2789,59163,2762,63531,2981,122694,California
Santa Barbara,2021-03-26,5096,184625,3232,89464,1565,87765,299,7396,2245,58874,2833,66364,2544,125238,California
Santa Barbara,2021-03-27,2958,187583,1224,90688,1691,89456,43,7439,1624,59209,1330,67694,1665,126903,California
Santa Barbara,2021-03-28,2781,190364,1656,92344,1097,90553,28,7467,1893,60247,884,68578,1922,128825,California
Santa Barbara,2021-03-29,4043,194407,2085,94429,1887,92440,71,7538,3229,62737,810,69388,3300,132125,California
Santa Barbara,2021-03-30,6804,201211,3514,97943,3139,95579,151,7689,4543,65182,2246,71634,4691,136816,California
Santa Barbara,2021-03-31,8692,209903,5534,103477,3092,98671,66,7755,5064,66705,3607,75241,5130,141946,California
Santa Barbara,2021-04-01,7048,216951,5214,108691,1575,100246,259,8014,4183,68300,2846,78087,4441,146387,California
Santa Barbara,2021-04-02,6650,223601,4563,113254,1492,101738,595,8609,3425,69103,3217,81304,4020,150407,California
Santa Barbara,2021-04-03,3812,227413,2116,115370,1631,103369,65,8674,2523,70405,1285,82589,2587,152994,California
Santa Barbara,2021-04-04,900,228313,444,115814,416,103785,40,8714,500,70547,398,82987,540,153534,California
Santa Barbara,2021-04-05,3465,231778,2291,118105,916,104701,258,8972,2170,71687,1288,84275,2428,155962,California
Santa Barbara,2021-04-06,5488,237266,2828,120933,2122,106823,538,9510,3360,73470,2112,86387,3895,159857,California
Santa Barbara,2021-04-07,6018,243284,3285,124218,2191,109014,542,10052,4085,76174,1923,88310,4627,164484,California
Santa Barbara,2021-04-08,7426,250710,5050,129268,646,109660,1730,11782,3430,77342,3990,92300,5158,169642,California
Santa Barbara,2021-04-09,7333,258043,4884,134152,1091,110751,1358,13140,3308,77986,4016,96316,4660,174302,California
Santa Barbara,2021-04-10,6723,264766,4659,138811,1446,112197,618,13758,4577,81042,2137,98453,5193,179495,California
Santa Barbara,2021-04-11,2687,267453,1971,140782,413,112610,303,14061,1861,82382,820,99273,2160,181655,California
Santa Barbara,2021-04-12,4426,271879,2850,143632,1023,113633,553,14614,1918,82350,2501,101774,2469,184124,California
Santa Barbara,2021-04-13,6354,278233,4188,147820,2160,115793,6,14620,2652,81312,3697,105471,2659,186783,California
Santa Barbara,2021-04-14,6742,284975,4400,152220,2340,118133,2,14622,4206,82997,2525,107996,4210,190993,California
Santa Barbara,2021-04-15,6946,291921,4082,156302,2863,120996,1,14623,3754,83572,3182,111178,3757,194750,California
Santa Barbara,2021-04-16,6373,298294,3741,160043,2621,123617,11,14634,4382,85989,1975,113153,4392,199142,California
Santa Barbara,2021-04-17,5305,303599,3853,163896,1452,125069,0,14634,4087,88870,1206,114359,4087,203229,California
Santa Barbara,2021-04-18,2134,305733,1481,165377,653,125722,0,14634,373,87487,1757,116116,374,203603,California
Santa Barbara,2021-04-19,3230,308963,2224,167601,1000,126722,6,14640,1026,86321,2199,118315,1033,204636,California
Santa Barbara,2021-04-20,5875,314838,3950,171551,1924,128646,1,14641,1651,83760,4212,122527,1651,206287,California
Santa Barbara,2021-04-21,5476,320314,3632,175183,1844,130490,0,14641,1738,81773,3725,126252,1738,208025,California
Santa Barbara,2021-04-22,5093,325407,2555,177738,2537,133027,1,14642,1455,79609,3622,129874,1458,209483,California
Santa Barbara,2021-04-23,5582,330989,3875,181613,1707,134734,0,14642,1964,77968,3605,133479,1964,211447,California
Santa Barbara,2021-04-24,4427,335416,2875,184488,1547,136281,5,14647,1631,76828,2777,136256,1637,213084,California
Santa Barbara,2021-04-25,1836,337252,1185,185673,651,136932,0,14647,499,75998,1329,137585,499,213583,California
Santa Barbara,2021-04-26,3156,340408,1928,187601,1207,138139,21,14668,529,73927,2621,140206,550,214133,California
Santa Barbara,2021-04-27,3843,344251,2105,189706,1642,139781,96,14764,1142,72472,2692,142898,1237,215370,California
Santa Barbara,2021-04-28,4906,349157,2858,192564,1931,141712,117,14881,1398,70495,3495,146393,1518,216888,California
Santa Barbara,2021-04-29,5250,354407,3800,196364,1223,142935,227,15108,1439,68364,3795,150188,1664,218552,California
Santa Barbara,2021-04-30,4943,359350,3695,200059,1084,144019,164,15272,1412,66424,3515,153703,1575,220127,California
Santa Barbara,2021-05-01,5250,364600,4068,204127,1148,145167,34,15306,887,62996,4350,158053,922,221049,California
Santa Barbara,2021-05-02,1132,365732,667,204794,337,145504,128,15434,308,62608,824,158877,436,221485,California
Santa Barbara,2021-05-03,2204,367936,1478,206272,587,146091,139,15573,442,61431,1756,160633,579,222064,California
Santa Barbara,2021-05-04,3285,371221,1664,207936,1550,147641,71,15644,1144,60517,2128,162761,1214,223278,California
Santa Barbara,2021-05-05,5428,376649,3669,211605,1612,149253,147,15791,622,56495,4793,167554,771,224049,California
Santa Barbara,2021-05-06,5051,381700,3912,215517,1035,150288,104,15895,964,53493,4070,171624,1068,225117,California
Santa Barbara,2021-05-07,4662,386362,3649,219166,833,151121,180,16075,1003,51024,3649,175273,1180,226297,California
Santa Barbara,2021-05-08,4238,390600,3158,222324,982,152103,98,16173,892,48681,3333,178606,990,227287,California
Santa Barbara,2021-05-09,700,391300,110,222434,550,152653,40,16213,466,48956,232,178838,507,227794,California
Santa Barbara,2021-05-10,1318,392618,621,223055,614,153267,83,16296,364,48450,952,179790,446,228240,California
Santa Barbara,2021-05-11,1822,394440,767,223822,764,154031,291,16587,410,47743,1405,181195,698,228938,California
Santa Barbara,2021-05-12,1549,395989,688,224510,659,154690,202,16789,443,47291,1097,182292,645,229583,California
Santa Barbara,2021-05-13,3571,399560,2713,227223,665,155355,193,16982,1177,46277,2383,184675,1369,230952,California
Santa Barbara,2021-05-14,4146,403706,2529,229752,1523,156878,94,17076,1634,45506,2497,187172,1726,232678,California
Santa Barbara,2021-05-15,3507,407213,2567,232319,921,157799,19,17095,1844,45718,1652,188824,1864,234542,California
Santa Barbara,2021-05-16,1065,408278,466,232785,484,158283,115,17210,470,45712,591,189415,585,235127,California
Santa Barbara,2021-05-17,1635,409913,931,233716,641,158924,63,17273,880,45905,749,190164,942,236069,California
Santa Barbara,2021-05-18,1842,411755,1162,234878,585,159509,95,17368,994,46163,832,190996,1090,237159,California
Santa Barbara,2021-05-19,1755,413510,967,235845,747,160256,41,17409,814,46084,933,191929,854,238013,California
Santa Barbara,2021-05-20,1267,414777,647,236492,503,160759,117,17526,665,46274,591,192520,781,238794,California
Santa Barbara,2021-05-21,2997,417774,2034,238526,909,161668,54,17580,1118,45581,1866,194386,1173,239967,California
Santa Barbara,2021-05-22,2202,419976,1559,240085,599,162267,44,17624,1309,46046,889,195275,1354,241321,California
Santa Barbara,2021-05-23,559,420535,204,240289,327,162594,28,17652,317,46149,242,195517,345,241666,California
Santa Barbara,2021-05-24,999,421534,584,240873,352,162946,63,17715,488,46193,507,196024,551,242217,California
Santa Barbara,2021-05-25,1399,422933,568,241441,762,163708,69,17784,462,45793,931,196955,531,242748,California
Santa Barbara,2021-05-26,2993,425926,1702,243143,1171,164879,120,17904,827,44588,2151,199106,946,243694,California
Santa Barbara,2021-05-27,1952,427878,1209,244352,599,165478,144,18048,826,44439,1119,200225,970,244664,California
Santa Barbara,2021-05-28,1510,429388,705,245057,654,166132,151,18199,624,44332,883,201108,776,245440,California
Santa Barbara,2021-05-29,896,430284,315,245372,544,166676,37,18236,367,44210,526,201634,404,245844,California
Santa Barbara,2021-05-30,499,430783,179,245551,223,166899,97,18333,186,44181,311,201945,282,246126,California
Santa Barbara,2021-05-31,95,430878,43,245594,42,166941,10,18343,23,44142,71,202016,32,246158,California
Santa Barbara,2021-06-01,1131,432009,594,246188,479,167420,58,18401,467,44009,658,202674,525,246683,California
Santa Barbara,2021-06-02,980,432989,586,246774,312,167732,82,18483,460,44035,515,203189,541,247224,California
Santa Barbara,2021-06-03,2049,435038,1544,248318,450,168182,55,18538,639,43323,1405,204594,693,247917,California
Santa Barbara,2021-06-04,1443,436481,663,248981,643,168825,137,18675,488,43000,948,205542,625,248542,California
Santa Barbara,2021-06-05,2910,439391,2203,251184,656,169481,51,18726,501,41155,2396,207938,551,249093,California
Santa Barbara,2021-06-06,895,440286,472,251656,407,169888,16,18742,253,40785,639,208577,269,249362,California
Santa Barbara,2021-06-07,539,440825,361,252017,162,170050,16,18758,105,40473,433,209010,121,249483,California
Santa Clara,2020-12-15,67,67,67,67,0,0,0,0,67,67,0,0,67,67,California
Santa Clara,2020-12-16,147,214,147,214,0,0,0,0,147,214,0,0,147,214,California
Santa Clara,2020-12-17,407,621,407,621,0,0,0,0,407,621,0,0,407,621,California
Santa Clara,2020-12-18,1764,2385,1764,2385,0,0,0,0,1764,2385,0,0,1764,2385,California
Santa Clara,2020-12-19,2088,4473,2088,4473,0,0,0,0,2087,4472,0,0,2087,4472,California
Santa Clara,2020-12-20,1899,6372,1898,6371,1,1,0,0,1896,6368,0,0,1896,6368,California
Santa Clara,2020-12-21,2683,9055,2683,9054,0,1,0,0,2682,9050,0,0,2682,9050,California
Santa Clara,2020-12-22,3155,12210,3148,12202,7,8,0,0,3152,12202,0,0,3152,12202,California
Santa Clara,2020-12-23,3303,15513,3113,15315,190,198,0,0,3302,15504,0,0,3302,15504,California
Santa Clara,2020-12-24,1901,17414,1711,17026,190,388,0,0,1896,17399,1,1,1896,17400,California
Santa Clara,2020-12-25,346,17760,345,17371,1,389,0,0,346,17745,0,1,346,17746,California
Santa Clara,2020-12-26,1274,19034,1039,18410,235,624,0,0,1273,19018,0,1,1273,19019,California
Santa Clara,2020-12-27,653,19687,511,18921,142,766,0,0,653,19671,0,1,653,19672,California
Santa Clara,2020-12-28,2342,22029,1731,20652,611,1377,0,0,2342,22013,0,1,2342,22014,California
Santa Clara,2020-12-29,2364,24393,1496,22148,868,2245,0,0,2363,24376,0,1,2363,24377,California
Santa Clara,2020-12-30,2994,27387,1896,24044,1098,3343,0,0,2992,27366,2,3,2992,27369,California
Santa Clara,2020-12-31,1221,28608,390,24434,831,4174,0,0,1220,28585,1,4,1220,28589,California
Santa Clara,2021-01-01,145,28753,11,24445,134,4308,0,0,144,28728,1,5,144,28733,California
Santa Clara,2021-01-02,1091,29844,816,25261,275,4583,0,0,1091,29819,0,5,1091,29824,California
Santa Clara,2021-01-03,583,30427,367,25628,216,4799,0,0,578,30394,3,8,578,30402,California
Santa Clara,2021-01-04,2479,32906,1674,27302,805,5604,0,0,2475,32868,1,9,2475,32877,California
Santa Clara,2021-01-05,3089,35995,2025,29327,1064,6668,0,0,2896,35578,192,201,2902,35779,California
Santa Clara,2021-01-06,3352,39347,1980,31307,1372,8040,0,0,2749,37731,598,799,2751,38530,California
Santa Clara,2021-01-07,4256,43603,2588,33895,1668,9708,0,0,3162,39820,1084,1883,3173,41703,California
Santa Clara,2021-01-08,5951,49554,3918,37813,2033,11741,0,0,3825,41546,2122,4005,3848,45551,California
Santa Clara,2021-01-09,2996,52550,1880,39693,1116,12857,0,0,1696,41945,1300,5305,1699,47250,California
Santa Clara,2021-01-10,1967,54517,1519,41212,448,13305,0,0,749,41477,1217,6522,749,47999,California
Santa Clara,2021-01-11,5964,60481,3762,44974,2202,15507,0,0,3376,42272,2587,9109,3382,51381,California
Santa Clara,2021-01-12,6815,67296,3415,48389,3400,18907,0,0,4558,44574,2257,11366,4559,55940,California
Santa Clara,2021-01-13,7390,74686,3063,51452,4327,23234,0,0,5204,47596,2184,13550,5206,61146,California
Santa Clara,2021-01-14,8244,82930,2808,54260,5436,28670,0,0,6493,52345,1746,15296,6495,67641,California
Santa Clara,2021-01-15,9482,92412,2688,56948,6794,35464,0,0,8153,59178,1325,16621,8158,75799,California
Santa Clara,2021-01-16,4307,96719,1231,58179,3076,38540,0,0,3467,61809,836,17457,3467,79266,California
Santa Clara,2021-01-17,3235,99954,610,58789,2625,41165,0,0,2732,64038,503,17960,2732,81998,California
Santa Clara,2021-01-18,5119,105073,1165,59954,3954,45119,0,0,4561,68042,558,18518,4562,86560,California
Santa Clara,2021-01-19,8524,113597,2695,62649,5829,50948,0,0,6833,73190,1688,20206,6836,93396,California
Santa Clara,2021-01-20,8103,121700,4129,66778,3974,54922,0,0,6554,78202,1544,21750,6556,99952,California
Santa Clara,2021-01-21,8727,130427,3792,70570,4935,59857,0,0,7515,84512,1210,22960,7520,107472,California
Santa Clara,2021-01-22,8646,139073,3247,73817,5399,65256,0,0,8073,92016,572,23532,8076,115548,California
Santa Clara,2021-01-23,3804,142877,1693,75510,2111,67367,0,0,2838,93889,966,24498,2839,118387,California
Santa Clara,2021-01-24,2841,145718,1423,76933,1418,68785,0,0,2356,95763,482,24980,2356,120743,California
Santa Clara,2021-01-25,8412,154130,3806,80739,4606,73391,0,0,6331,100023,2073,27053,6333,127076,California
Santa Clara,2021-01-26,8329,162459,3809,84548,4520,77911,0,0,6185,104076,2134,29187,6187,133263,California
Santa Clara,2021-01-27,8762,171221,3860,88408,4902,82813,0,0,6837,109009,1905,31092,6838,140101,California
Santa Clara,2021-01-28,9548,180769,3832,92240,5716,88529,0,0,7573,114634,1954,33046,7579,147680,California
Santa Clara,2021-01-29,9556,190325,3947,96187,5609,94138,0,0,7376,119840,2171,35217,7377,155057,California
Santa Clara,2021-01-30,4152,194477,2077,98264,2075,96213,0,0,2934,121564,1211,36428,2935,157992,California
Santa Clara,2021-01-31,2188,196665,1307,99571,881,97094,0,0,1590,122560,594,37022,1590,159582,California
Santa Clara,2021-02-01,7871,204536,3519,103090,4352,101446,0,0,6162,127023,1701,38723,6164,165746,California
Santa Clara,2021-02-02,8631,213167,2891,105981,5740,107186,0,0,6607,131616,2017,40740,6610,172356,California
Santa Clara,2021-02-03,9232,222399,3500,109481,5732,112918,0,0,6942,136282,2282,43022,6948,179304,California
Santa Clara,2021-02-04,10986,233385,4161,113642,6825,119743,0,0,8682,142673,2294,45316,8685,187989,California
Santa Clara,2021-02-05,11969,245354,4362,118004,7607,127350,0,0,8504,147727,3451,48767,8505,196494,California
Santa Clara,2021-02-06,5226,250580,2836,120840,2390,129740,0,0,4052,150610,1171,49938,4054,200548,California
Santa Clara,2021-02-07,3489,254069,2353,123193,1136,130876,0,0,3032,153187,456,50394,3033,203581,California
Santa Clara,2021-02-08,10069,264138,3525,126718,6544,137420,0,0,7346,157825,2709,53103,7347,210928,California
Santa Clara,2021-02-09,11192,275330,3828,130546,7364,144784,0,0,7686,162021,3494,56597,7690,218618,California
Santa Clara,2021-02-10,12695,288025,4946,135492,7749,152533,0,0,6860,163059,5824,62421,6862,225480,California
Santa Clara,2021-02-11,13611,301636,4774,140266,8837,161370,0,0,7736,164936,5860,68281,7737,233217,California
Santa Clara,2021-02-12,14610,316246,4500,144766,10110,171480,0,0,7014,164377,7575,75856,7016,240233,California
Santa Clara,2021-02-13,6101,322347,1470,146236,4631,176111,0,0,2228,162741,3866,79722,2230,242463,California
Santa Clara,2021-02-14,4628,326975,1149,147385,3479,179590,0,0,1477,161071,3149,82871,1479,243942,California
Santa Clara,2021-02-15,6282,333257,2795,150180,3487,183077,0,0,2710,160215,3566,86437,2710,246652,California
Santa Clara,2021-02-16,13851,347108,4044,154224,9807,192884,0,0,6952,160286,6882,93319,6953,253605,California
Santa Clara,2021-02-17,14118,361226,5519,159743,8599,201483,0,0,7055,160301,7045,100364,7060,260665,California
Santa Clara,2021-02-18,14301,375527,8433,168176,5868,207351,0,0,7288,160618,6974,107338,7291,267956,California
Santa Clara,2021-02-19,14959,390486,9595,177771,5364,212715,0,0,8712,163104,6231,113569,8717,276673,California
Santa Clara,2021-02-20,6960,397446,5199,182970,1761,214476,0,0,3754,163662,3196,116765,3754,280427,California
Santa Clara,2021-02-21,3388,400834,2517,185487,871,215347,0,0,1256,162796,2124,118889,1258,281685,California
Santa Clara,2021-02-22,10335,411169,6176,191663,4159,219506,0,0,4808,162089,5516,124405,4809,286494,California
Santa Clara,2021-02-23,12045,423214,7800,199463,4245,223751,0,0,6816,163694,5215,129620,6820,293314,California
Santa Clara,2021-02-24,14308,437522,9241,208704,5067,228818,0,0,8851,167104,5441,135061,8851,302165,California
Santa Clara,2021-02-25,15085,452607,9627,218331,5458,234276,0,0,8225,168499,6835,141896,8230,310395,California
Santa Clara,2021-02-26,15033,467640,8716,227047,6317,240593,0,0,8207,169908,6801,148697,8210,318605,California
Santa Clara,2021-02-27,8275,475915,5732,232779,2542,243135,1,1,4633,170917,3632,152329,4641,323246,California
Santa Clara,2021-02-28,5371,481286,3664,236443,1707,244842,0,1,2666,170887,2696,155025,2666,325912,California
Santa Clara,2021-03-01,14561,495847,8379,244822,6177,251019,5,6,9032,174415,5509,160534,9037,334949,California
Santa Clara,2021-03-02,16109,511956,9554,254376,6554,257573,1,7,10261,178856,5823,166357,10264,345213,California
Santa Clara,2021-03-03,18544,530500,9127,263503,9414,266987,3,10,11500,183357,7006,173363,11507,356720,California
Santa Clara,2021-03-04,16569,547069,9038,272541,7528,274515,3,13,9639,186153,6848,180211,9644,366364,California
Santa Clara,2021-03-05,16646,563715,9266,281807,7254,281769,126,139,9247,188154,7377,187588,9378,375742,California
Santa Clara,2021-03-06,9481,573196,6339,288146,2689,284458,453,592,7108,193354,2360,189948,7560,383302,California
Santa Clara,2021-03-07,6844,580040,4479,292625,2121,286579,244,836,5447,197656,1388,191336,5690,388992,California
Santa Clara,2021-03-08,12952,592992,6749,299374,5627,292206,576,1412,8315,201927,4619,195955,8890,397882,California
Santa Clara,2021-03-09,15268,608260,6527,305901,7403,299609,1338,2750,6842,201695,8406,204361,8174,406056,California
Santa Clara,2021-03-10,15167,623427,6606,312507,6442,306051,2119,4869,6230,201109,8909,213270,8323,414379,California
Santa Clara,2021-03-11,17107,640534,7781,320288,7817,313868,1509,6378,6055,197635,11023,224293,7549,421928,California
Santa Clara,2021-03-12,17774,658308,9132,329420,7066,320934,1576,7954,5973,193403,11760,236053,7528,429456,California
Santa Clara,2021-03-13,10794,669102,6251,335671,3045,323979,1498,9452,4783,193674,5988,242041,6259,435715,California
Santa Clara,2021-03-14,6538,675640,3383,339054,1847,325826,1308,10760,3164,194777,3357,245398,4460,440175,California
Santa Clara,2021-03-15,12843,688483,6565,345619,6004,331830,274,11034,5970,194170,6850,252248,6243,446418,California
Santa Clara,2021-03-16,18243,706726,10320,355939,7715,339545,208,11242,8807,193776,9407,261655,9013,455431,California
Santa Clara,2021-03-17,19996,726722,11326,367265,8502,348047,168,11410,10285,194563,9660,271315,10447,465878,California
Santa Clara,2021-03-18,19138,745860,8961,376226,9007,357054,1170,12580,8947,194538,10135,281450,10110,475988,California
Santa Clara,2021-03-19,19364,765224,9963,386189,8394,365448,1007,13587,9854,195938,9451,290901,10851,486839,California
Santa Clara,2021-03-20,11523,776747,6344,392533,4347,369795,832,14419,6693,198660,4800,295701,7522,494361,California
Santa Clara,2021-03-21,8337,785084,3783,396316,3151,372946,1403,15822,5323,202370,3001,298702,6711,501072,California
Santa Clara,2021-03-22,16373,801457,9149,405465,6873,379819,351,16173,9002,204375,7344,306046,9349,510421,California
Santa Clara,2021-03-23,19273,820730,12254,417719,6493,386312,526,16699,11082,207838,8144,314190,11607,522028,California
Santa Clara,2021-03-24,22654,843384,14596,432315,7642,393954,416,17115,14620,214885,7992,322182,15039,537067,California
Santa Clara,2021-03-25,22999,866383,13197,445512,8828,402782,974,18089,14770,222447,8165,330347,15727,552794,California
Santa Clara,2021-03-26,22001,888384,14007,459519,7605,410387,389,18478,13501,227867,8462,338809,13882,566676,California
Santa Clara,2021-03-27,15749,904133,10472,469991,4504,414891,773,19251,8423,229777,7281,346090,9191,575867,California
Santa Clara,2021-03-28,12100,916233,8389,478380,2996,417887,715,19966,6492,231397,5581,351671,7201,583068,California
Santa Clara,2021-03-29,20627,936860,12652,491032,7248,425135,727,20693,11138,233809,9447,361118,11859,594927,California
Santa Clara,2021-03-30,25708,962568,15288,506320,8468,433603,1952,22645,16187,242458,9480,370598,18129,613056,California
Santa Clara,2021-03-31,20539,983107,11936,518256,7473,441076,1130,23775,12626,248328,7870,378468,13740,626796,California
Santa Clara,2021-04-01,31910,1015017,19897,538153,8944,450020,3069,26844,20163,259848,11681,390149,23201,649997,California
Santa Clara,2021-04-02,25246,1040263,14401,552554,8690,458710,2155,28999,16502,269787,8702,398851,18641,668638,California
Santa Clara,2021-04-03,15326,1055589,9294,561848,3519,462229,2513,31512,8527,274034,6778,405629,11025,679663,California
Santa Clara,2021-04-04,7664,1063253,4053,565901,2440,464669,1171,32683,3978,275502,3675,409304,5143,684806,California
Santa Clara,2021-04-05,21934,1085187,14606,580507,4841,469510,2487,35170,14318,284705,7589,416893,16792,701598,California
Santa Clara,2021-04-06,29612,1114799,16325,596832,7831,477341,5456,40626,17805,296182,11760,428653,23237,724835,California
Santa Clara,2021-04-07,30971,1145770,15970,612802,8481,485822,6520,47146,18897,309546,12018,440671,25382,750217,California
Santa Clara,2021-04-08,30025,1175795,16415,629217,6006,491828,7604,54750,16382,319917,13571,454242,23942,774159,California
Santa Clara,2021-04-09,28128,1203923,13931,643148,6915,498743,7282,62032,14377,327847,13684,467926,21614,795773,California
Santa Clara,2021-04-10,21513,1225436,12438,655586,3766,502509,5309,67341,11504,334635,9976,477902,16764,812537,California
Santa Clara,2021-04-11,16077,1241513,9640,665226,2666,505175,3771,71112,8342,339022,7701,485603,12088,824625,California
Santa Clara,2021-04-12,27064,1268577,19051,684277,5574,510749,2439,73551,18475,351396,8529,494132,20903,845528,California
Santa Clara,2021-04-13,34430,1303007,27070,711347,7330,518079,30,73581,26552,370203,7803,501935,26610,872138,California
Santa Clara,2021-04-14,36883,1339890,27941,739288,8938,527017,4,73585,26218,385857,10601,512536,26255,898393,California
Santa Clara,2021-04-15,44116,1384006,34201,773489,9911,536928,4,73589,34019,409914,9992,522528,34049,932442,California
Santa Clara,2021-04-16,38442,1422448,26317,799806,12122,549050,3,73592,27563,426685,10817,533345,27588,960030,California
Santa Clara,2021-04-17,22002,1444450,15027,814833,6973,556023,2,73594,15105,434960,6847,540192,15122,975152,California
Santa Clara,2021-04-18,16433,1460883,10691,825524,5742,561765,0,73594,10265,439099,6138,546330,10277,985429,California
Santa Clara,2021-04-19,28835,1489718,20872,846396,7962,569727,1,73595,17261,444885,11506,557836,17292,1002721,California
Santa Clara,2021-04-20,36924,1526642,22467,868863,14456,584183,1,73596,22550,453199,14268,572104,22582,1025303,California
Santa Clara,2021-04-21,36830,1563472,21363,890226,15465,599648,2,73598,24365,465221,12376,584480,24398,1049701,California
Santa Clara,2021-04-22,37259,1600731,24845,915071,12413,612061,1,73599,17603,463331,19560,604040,17670,1067371,California
Santa Clara,2021-04-23,32075,1632806,19496,934567,12578,624639,1,73600,15065,461539,16909,620949,15117,1082488,California
Santa Clara,2021-04-24,21140,1653946,15478,950045,5661,630300,1,73601,11987,464476,9081,630030,12018,1094506,California
Santa Clara,2021-04-25,13616,1667562,9849,959894,3761,634061,6,73607,8689,468310,4885,634915,8719,1103225,California
Santa Clara,2021-04-26,24759,1692321,19169,979063,5532,639593,58,73665,10300,464330,14362,649277,10382,1113607,California
Santa Clara,2021-04-27,27158,1719479,19431,998494,7392,646985,335,74000,11869,461378,15197,664474,12245,1125852,California
Santa Clara,2021-04-28,25959,1745438,19244,1017738,6277,653262,438,74438,11015,458027,14861,679335,11510,1137362,California
Santa Clara,2021-04-29,23900,1769338,17477,1035215,6025,659287,398,74836,8969,452598,14860,694195,9431,1146793,California
Santa Clara,2021-04-30,22992,1792330,15748,1050963,6880,666167,364,75200,9751,449633,13154,707349,10189,1156982,California
Santa Clara,2021-05-01,17462,1809792,14520,1065483,2682,668849,260,75460,5470,443462,11943,719292,5772,1162754,California
Santa Clara,2021-05-02,11292,1821084,9369,1074852,1693,670542,230,75690,3483,439430,7767,727059,3735,1166489,California
Santa Clara,2021-05-03,22822,1843906,19376,1094228,3014,673556,432,76122,5130,427406,17621,744680,5597,1172086,California
Santa Clara,2021-05-04,30520,1874426,23874,1118102,6103,679659,543,76665,5481,408527,24942,769622,6063,1178149,California
Santa Clara,2021-05-05,32151,1906577,24402,1142504,7204,686863,545,77210,5434,387907,26623,796245,6003,1184152,California
Santa Clara,2021-05-06,35405,1941982,29508,1172012,5423,692286,474,77684,4682,362489,30594,826839,5176,1189328,California
Santa Clara,2021-05-07,32535,1974517,26164,1198176,5877,698163,494,78178,4639,339897,27765,854604,5173,1194501,California
Santa Clara,2021-05-08,16473,1990990,13398,1211574,2653,700816,422,78600,3477,330902,12910,867514,3915,1198416,California
Santa Clara,2021-05-09,10336,2001326,8968,1220542,1180,701996,188,78788,2457,325717,7842,875356,2657,1201073,California
Santa Clara,2021-05-10,20774,2022100,16645,1237187,3727,705723,402,79190,2728,310900,17969,893325,3152,1204225,California
Santa Clara,2021-05-11,21690,2043790,16317,1253504,4956,710679,417,79607,3917,297557,17684,911009,4341,1208566,California
Santa Clara,2021-05-12,20189,2063979,14800,1268304,4927,715606,462,80069,4185,286294,15925,926934,4662,1213228,California
Santa Clara,2021-05-13,26998,2090977,21990,1290294,4717,720323,291,80360,10759,281192,16158,943092,11056,1224284,California
Santa Clara,2021-05-14,27502,2118479,19163,1309457,7953,728276,386,80746,9595,273368,17816,960908,9992,1234276,California
Santa Clara,2021-05-15,20721,2139200,16621,1326078,3819,732095,281,81027,8069,269152,12571,973479,8355,1242631,California
Santa Clara,2021-05-16,16060,2155260,13061,1339139,2823,734918,176,81203,5242,263835,10738,984217,5421,1248052,California
Santa Clara,2021-05-17,20146,2175406,15846,1354985,3936,738854,364,81567,6872,257871,13202,997419,7238,1255290,California
Santa Clara,2021-05-18,26015,2201421,16592,1371577,9007,747861,416,81983,7305,247021,18574,1015993,7724,1263014,California
Santa Clara,2021-05-19,24472,2225893,14260,1385837,9791,757652,421,82404,7477,238039,16888,1032881,7906,1270920,California
Santa Clara,2021-05-20,16888,2242781,11367,1397204,5133,762785,388,82792,5611,232837,11198,1044079,5996,1276916,California
Santa Clara,2021-05-21,20673,2263454,14011,1411215,6238,769023,424,83216,7059,226813,13520,1057599,7496,1284412,California
Santa Clara,2021-05-22,11457,2274911,8945,1420160,2215,771238,297,83513,4921,225556,6478,1064077,5221,1289633,California
Santa Clara,2021-05-23,7054,2281965,5481,1425641,1419,772657,154,83667,2732,224160,4282,1068359,2886,1292519,California
Santa Clara,2021-05-24,10257,2292222,7268,1432909,2541,775198,448,84115,3574,221559,6623,1074982,4022,1296541,California
Santa Clara,2021-05-25,11231,2303453,7724,1440633,3090,778288,417,84532,4433,219682,6725,1081707,4848,1301389,California
Santa Clara,2021-05-26,10320,2313773,6701,1447334,3291,781579,328,84860,3983,217750,6238,1087945,4306,1305695,California
Santa Clara,2021-05-27,9269,2323042,5904,1453238,2891,784470,474,85334,3517,216048,5686,1093631,3984,1309679,California
Santa Clara,2021-05-28,10663,2333705,6888,1460126,3349,787819,426,85760,4324,214521,6278,1099909,4751,1314430,California
Santa Clara,2021-05-29,6290,2339995,4303,1464429,1707,789526,280,86040,2890,214327,3359,1103268,3165,1317595,California
Santa Clara,2021-05-30,3792,2343787,2844,1467273,738,790264,210,86250,1829,214428,1937,1105205,2038,1319633,California
Santa Clara,2021-05-31,1094,2344881,631,1467904,354,790618,109,86359,442,214333,646,1105851,551,1320184,California
Santa Clara,2021-06-01,9021,2353902,6354,1474258,2287,792905,380,86739,3296,212355,5654,1111505,3676,1323860,California
Santa Clara,2021-06-02,7625,2361527,5497,1479755,1778,794683,350,87089,3088,211298,4486,1115991,3429,1327289,California
Santa Clara,2021-06-03,12171,2373698,10087,1489842,1716,796399,368,87457,2990,205532,9128,1125119,3362,1330651,California
Santa Clara,2021-06-04,13385,2387083,11220,1501062,1843,798242,322,87779,3395,199318,9925,1135044,3711,1334362,California
Santa Clara,2021-06-05,9486,2396569,8045,1509107,1185,799427,256,88035,2180,194498,7255,1142299,2435,1336797,California
Santa Clara,2021-06-06,5826,2402395,5099,1514206,579,800006,148,88183,1379,191632,4392,1146691,1526,1338323,California
Santa Clara,2021-06-07,6766,2409161,5718,1519924,897,800903,151,88334,1336,187711,5406,1152097,1485,1339808,California
Santa Cruz,2020-12-15,2,2,2,2,0,0,0,0,2,2,0,0,2,2,California
Santa Cruz,2020-12-16,57,59,57,59,0,0,0,0,57,59,0,0,57,59,California
Santa Cruz,2020-12-17,385,444,385,444,0,0,0,0,385,444,0,0,385,444,California
Santa Cruz,2020-12-18,456,900,456,900,0,0,0,0,456,900,0,0,456,900,California
Santa Cruz,2020-12-19,177,1077,176,1076,1,1,0,0,177,1077,0,0,177,1077,California
Santa Cruz,2020-12-20,92,1169,92,1168,0,1,0,0,92,1169,0,0,92,1169,California
Santa Cruz,2020-12-21,433,1602,433,1601,0,1,0,0,433,1602,0,0,433,1602,California
Santa Cruz,2020-12-22,413,2015,412,2013,1,2,0,0,413,2015,0,0,413,2015,California
Santa Cruz,2020-12-23,358,2373,318,2331,40,42,0,0,358,2373,0,0,358,2373,California
Santa Cruz,2020-12-24,123,2496,47,2378,76,118,0,0,123,2496,0,0,123,2496,California
Santa Cruz,2020-12-25,9,2505,9,2387,0,118,0,0,9,2505,0,0,9,2505,California
Santa Cruz,2020-12-26,61,2566,43,2430,18,136,0,0,61,2566,0,0,61,2566,California
Santa Cruz,2020-12-27,31,2597,26,2456,5,141,0,0,31,2597,0,0,31,2597,California
Santa Cruz,2020-12-28,475,3072,107,2563,368,509,0,0,475,3072,0,0,475,3072,California
Santa Cruz,2020-12-29,782,3854,363,2926,419,928,0,0,782,3854,0,0,782,3854,California
Santa Cruz,2020-12-30,345,4199,157,3083,188,1116,0,0,345,4199,0,0,345,4199,California
Santa Cruz,2020-12-31,309,4508,10,3093,299,1415,0,0,309,4508,0,0,309,4508,California
Santa Cruz,2021-01-01,33,4541,1,3094,32,1447,0,0,33,4541,0,0,33,4541,California
Santa Cruz,2021-01-02,65,4606,52,3146,13,1460,0,0,65,4606,0,0,65,4606,California
Santa Cruz,2021-01-03,14,4620,6,3152,8,1468,0,0,14,4620,0,0,14,4620,California
Santa Cruz,2021-01-04,276,4896,122,3274,154,1622,0,0,274,4894,0,0,274,4894,California
Santa Cruz,2021-01-05,556,5452,423,3697,133,1755,0,0,258,4854,298,298,258,5152,California
Santa Cruz,2021-01-06,791,6243,662,4359,129,1884,0,0,455,4974,335,633,455,5607,California
Santa Cruz,2021-01-07,528,6771,210,4569,318,2202,0,0,373,5193,155,788,374,5981,California
Santa Cruz,2021-01-08,921,7692,553,5122,368,2570,0,0,482,5237,439,1227,483,6464,California
Santa Cruz,2021-01-09,461,8153,123,5245,338,2908,0,0,405,5586,56,1283,405,6869,California
Santa Cruz,2021-01-10,73,8226,64,5309,9,2917,0,0,19,5551,54,1337,19,6888,California
Santa Cruz,2021-01-11,711,8937,580,5889,131,3048,0,0,186,5213,525,1862,187,7075,California
Santa Cruz,2021-01-12,713,9650,520,6409,193,3241,0,0,471,5442,242,2104,471,7546,California
Santa Cruz,2021-01-13,503,10153,223,6632,280,3521,0,0,423,5788,77,2181,423,7969,California
Santa Cruz,2021-01-14,539,10692,98,6730,441,3962,0,0,478,6205,61,2242,478,8447,California
Santa Cruz,2021-01-15,1427,12119,71,6801,1356,5318,0,0,1366,7512,61,2303,1368,9815,California
Santa Cruz,2021-01-16,417,12536,49,6850,368,5686,0,0,401,7897,16,2319,401,10216,California
Santa Cruz,2021-01-17,296,12832,41,6891,255,5941,0,0,272,8145,24,2343,272,10488,California
Santa Cruz,2021-01-18,986,13818,99,6990,887,6828,0,0,925,9009,61,2404,925,11413,California
Santa Cruz,2021-01-19,1596,15414,513,7503,1083,7911,0,0,1252,9920,342,2746,1253,12666,California
Santa Cruz,2021-01-20,1222,16636,176,7679,1046,8957,0,0,1029,10759,190,2936,1029,13695,California
Santa Cruz,2021-01-21,1669,18305,194,7873,1475,10432,0,0,1563,12218,106,3042,1565,15260,California
Santa Cruz,2021-01-22,1759,20064,516,8389,1243,11675,0,0,1657,13778,98,3140,1658,16918,California
Santa Cruz,2021-01-23,393,20457,140,8529,253,11928,0,0,337,14060,55,3195,337,17255,California
Santa Cruz,2021-01-24,113,20570,18,8547,95,12023,0,0,95,14137,18,3213,95,17350,California
Santa Cruz,2021-01-25,1036,21606,352,8899,684,12707,0,0,537,14175,499,3712,537,17887,California
Santa Cruz,2021-01-26,1657,23263,241,9140,1416,14123,0,0,1157,14832,500,4212,1157,19044,California
Santa Cruz,2021-01-27,1627,24890,438,9578,1189,15312,0,0,1245,15697,380,4592,1245,20289,California
Santa Cruz,2021-01-28,1724,26614,284,9862,1440,16752,0,0,1450,16874,274,4866,1451,21740,California
Santa Cruz,2021-01-29,1715,28329,479,10341,1236,17988,0,0,1586,18332,128,4994,1586,23326,California
Santa Cruz,2021-01-30,1047,29376,309,10650,738,18726,0,0,915,19115,132,5126,915,24241,California
Santa Cruz,2021-01-31,218,29594,111,10761,107,18833,0,0,204,19305,14,5140,204,24445,California
Santa Cruz,2021-02-01,1202,30796,738,11499,464,19297,0,0,809,19721,393,5533,809,25254,California
Santa Cruz,2021-02-02,976,31772,122,11621,854,20151,0,0,826,20398,149,5682,826,26080,California
Santa Cruz,2021-02-03,2179,33951,934,12555,1245,21396,0,0,1873,21968,303,5985,1873,27953,California
Santa Cruz,2021-02-04,1815,35766,755,13310,1060,22456,0,0,1483,23120,331,6316,1483,29436,California
Santa Cruz,2021-02-05,3099,38865,756,14066,2343,24799,0,0,2788,25598,310,6626,2788,32224,California
Santa Cruz,2021-02-06,2537,41402,151,14217,2386,27185,0,0,2194,27449,343,6969,2194,34418,California
Santa Cruz,2021-02-07,901,42303,124,14341,777,27962,0,0,883,28314,18,6987,883,35301,California
Santa Cruz,2021-02-08,681,42984,192,14533,489,28451,0,0,490,28614,190,7177,490,35791,California
Santa Cruz,2021-02-09,2336,45320,1048,15581,1288,29739,0,0,2080,30438,256,7433,2080,37871,California
Santa Cruz,2021-02-10,2127,47447,560,16141,1567,31306,0,0,1444,31212,671,8104,1445,39316,California
Santa Cruz,2021-02-11,1805,49252,301,16442,1504,32810,0,0,1300,32009,503,8607,1300,40616,California
Santa Cruz,2021-02-12,3142,52394,408,16850,2734,35544,0,0,1758,32394,1375,9982,1760,42376,California
Santa Cruz,2021-02-13,1671,54065,119,16969,1552,37096,0,0,1266,33255,405,10387,1266,43642,California
Santa Cruz,2021-02-14,1387,55452,68,17037,1319,38415,0,0,1125,34118,262,10649,1125,44767,California
Santa Cruz,2021-02-15,1544,56996,274,17311,1270,39685,0,0,549,33673,995,11644,550,45317,California
Santa Cruz,2021-02-16,1656,58652,200,17511,1456,41141,0,0,513,33065,1121,12765,513,45830,California
Santa Cruz,2021-02-17,2862,61514,957,18468,1905,43046,0,0,1181,32581,1668,14433,1184,47014,California
Santa Cruz,2021-02-18,2819,64333,618,19086,2201,45247,0,0,1212,32190,1603,16036,1212,48226,California
Santa Cruz,2021-02-19,3194,67527,1113,20199,2081,47328,0,0,1964,32927,1227,17263,1964,50190,California
Santa Cruz,2021-02-20,2341,69868,1467,21666,874,48202,0,0,1846,34278,495,17758,1846,52036,California
Santa Cruz,2021-02-21,828,70696,364,22030,464,48666,0,0,699,34850,127,17885,699,52735,California
Santa Cruz,2021-02-22,1211,71907,931,22961,280,48946,0,0,517,34675,692,18577,517,53252,California
Santa Cruz,2021-02-23,2059,73966,918,23879,1141,50087,0,0,692,34001,1366,19943,692,53944,California
Santa Cruz,2021-02-24,3119,77085,1627,25506,1492,51579,0,0,1178,33243,1936,21879,1178,55122,California
Santa Cruz,2021-02-25,3169,80254,1389,26895,1780,53359,0,0,1744,33571,1417,23296,1745,56867,California
Santa Cruz,2021-02-26,2698,82952,742,27637,1956,55315,0,0,1538,33956,1155,24451,1540,58407,California
Santa Cruz,2021-02-27,2610,85562,919,28556,1691,57006,0,0,1825,34998,783,25234,1825,60232,California
Santa Cruz,2021-02-28,1278,86840,361,28917,917,57923,0,0,1067,35857,208,25442,1067,61299,California
Santa Cruz,2021-03-01,1875,88715,1232,30149,643,58566,0,0,697,35378,1176,26618,697,61996,California
Santa Cruz,2021-03-02,1503,90218,352,30501,1151,59717,0,0,851,35581,651,27269,854,62850,California
Santa Cruz,2021-03-03,2301,92519,609,31110,1692,61409,0,0,1254,35791,1044,28313,1254,64104,California
Santa Cruz,2021-03-04,2925,95444,1383,32493,1541,62950,1,1,1968,36815,946,29259,1970,66074,California
Santa Cruz,2021-03-05,2573,98017,468,32961,2088,65038,17,18,1116,36494,1454,30713,1133,67207,California
Santa Cruz,2021-03-06,3742,101759,1268,34229,2375,67413,99,117,2070,36990,1672,32385,2168,69375,California
Santa Cruz,2021-03-07,1332,103091,122,34351,1140,68553,70,187,552,36833,779,33164,622,69997,California
Santa Cruz,2021-03-08,1066,104157,215,34566,722,69275,129,316,644,37182,422,33586,771,70768,California
Santa Cruz,2021-03-09,1743,105900,253,34819,1345,70620,145,461,691,36969,1049,34635,836,71604,California
Santa Cruz,2021-03-10,3787,109687,2068,36887,1577,72197,142,603,1977,37282,1808,36443,2121,73725,California
Santa Cruz,2021-03-11,2764,112451,1202,38089,1392,73589,170,773,1529,37749,1234,37677,1701,75426,California
Santa Cruz,2021-03-12,2696,115147,866,38955,1545,75134,285,1058,903,37146,1789,39466,1186,76612,California
Santa Cruz,2021-03-13,2253,117400,1303,40258,910,76044,40,1098,1152,37242,1098,40564,1194,77806,California
Santa Cruz,2021-03-14,879,118279,201,40459,665,76709,13,1111,419,37215,458,41022,431,78237,California
Santa Cruz,2021-03-15,1300,119579,456,40915,810,77519,34,1145,555,37064,741,41763,590,78827,California
Santa Cruz,2021-03-16,2260,121839,1070,41985,1149,78668,41,1186,1307,37463,948,42711,1347,80174,California
Santa Cruz,2021-03-17,3858,125697,2275,44260,1573,80241,10,1196,2539,38702,1314,44025,2553,82727,California
Santa Cruz,2021-03-18,3784,129481,2034,46294,1633,81874,117,1313,2023,39084,1758,45783,2140,84867,California
Santa Cruz,2021-03-19,3301,132782,1290,47584,1792,83666,219,1532,1715,39436,1581,47364,1933,86800,California
Santa Cruz,2021-03-20,2136,134918,1602,49186,499,84165,35,1567,1068,39472,1067,48431,1103,87903,California
Santa Cruz,2021-03-21,813,135731,435,49621,254,84419,124,1691,423,39633,387,48818,548,88451,California
Santa Cruz,2021-03-22,1318,137049,815,50436,481,84900,22,1713,917,40175,398,49216,940,89391,California
Santa Cruz,2021-03-23,2496,139545,1397,51833,1050,85950,49,1762,1653,41035,842,50058,1702,91093,California
Santa Cruz,2021-03-24,3012,142557,2045,53878,946,86896,21,1783,1998,42045,1008,51066,2018,93111,California
Santa Cruz,2021-03-25,2575,145132,1290,55168,1250,88146,35,1818,1298,42108,1270,52336,1333,94444,California
Santa Cruz,2021-03-26,3044,148176,1760,56928,1256,89402,28,1846,2074,43246,963,53299,2101,96545,California
Santa Cruz,2021-03-27,3114,151290,1932,58860,1157,90559,25,1871,1462,43092,1642,54941,1488,98033,California
Santa Cruz,2021-03-28,902,152192,555,59415,333,90892,14,1885,472,43152,426,55367,486,98519,California
Santa Cruz,2021-03-29,1949,154141,850,60265,1032,91924,67,1952,1231,43735,715,56082,1298,99817,California
Santa Cruz,2021-03-30,2636,156777,791,61056,1695,93619,150,2102,1682,44614,952,57034,1831,101648,California
Santa Cruz,2021-03-31,4100,160877,2781,63837,1273,94892,46,2148,2147,44859,1948,58982,2193,103841,California
Santa Cruz,2021-04-01,3935,164812,2107,65944,1720,96612,108,2256,1988,45015,1940,60922,2096,105937,California
Santa Cruz,2021-04-02,3229,168041,1381,67325,1672,98284,176,2432,1837,45639,1389,62311,2013,107950,California
Santa Cruz,2021-04-03,2206,170247,1204,68529,876,99160,126,2558,863,45286,1341,63652,988,108938,California
Santa Cruz,2021-04-04,922,171169,480,69009,386,99546,56,2614,538,45496,384,64036,594,109532,California
Santa Cruz,2021-04-05,2227,173396,763,69772,1300,100846,164,2778,1378,46191,848,64884,1543,111075,California
Santa Cruz,2021-04-06,3331,176727,1614,71386,1344,102190,373,3151,1931,47100,1390,66274,2299,113374,California
Santa Cruz,2021-04-07,4060,180787,1599,72985,2111,104301,350,3501,1754,46900,2303,68577,2103,115477,California
Santa Cruz,2021-04-08,4172,184959,2284,75269,1388,105689,500,4001,2456,48147,1707,70284,2954,118431,California
Santa Cruz,2021-04-09,3654,188613,1474,76743,1785,107474,395,4396,2052,49000,1595,71879,2448,120879,California
Santa Cruz,2021-04-10,2199,190812,1045,77788,915,108389,239,4635,1030,49102,1165,73044,1267,122146,California
Santa Cruz,2021-04-11,965,191777,502,78290,374,108763,89,4724,462,49150,503,73547,551,122697,California
Santa Cruz,2021-04-12,2264,194041,795,79085,1058,109821,411,5135,1091,49494,1159,74706,1503,124200,California
Santa Cruz,2021-04-13,2857,196898,1415,80500,1441,111262,1,5136,1624,49894,1225,75931,1625,125825,California
Santa Cruz,2021-04-14,4540,201438,2173,82673,2367,113629,0,5136,2231,49828,2301,78232,2235,128060,California
Santa Cruz,2021-04-15,4954,206392,3138,85811,1816,115445,0,5136,3147,51180,1796,80028,3148,131208,California
Santa Cruz,2021-04-16,4388,210780,2411,88222,1975,117420,2,5138,2393,51589,1987,82015,2396,133604,California
Santa Cruz,2021-04-17,2199,212979,870,89092,1329,118749,0,5138,1461,52314,736,82751,1461,135065,California
Santa Cruz,2021-04-18,1034,214013,495,89587,538,119287,1,5139,578,52439,454,83205,579,135644,California
Santa Cruz,2021-04-19,2499,216512,1480,91067,1018,120305,1,5140,1594,53131,902,84107,1594,137238,California
Santa Cruz,2021-04-20,3076,219588,1619,92686,1457,121762,0,5140,1785,53634,1283,85390,1786,139024,California
Santa Cruz,2021-04-21,4142,223730,2768,95454,1374,123136,0,5140,2240,53991,1884,87274,2241,141265,California
Santa Cruz,2021-04-22,4214,227944,2844,98298,1370,124506,0,5140,2378,54542,1827,89101,2378,143643,California
Santa Cruz,2021-04-23,3115,231059,1680,99978,1434,125940,1,5141,1348,54133,1757,90858,1348,144991,California
Santa Cruz,2021-04-24,2194,233253,1060,101038,1131,127071,3,5144,685,53322,1499,92357,688,145679,California
Santa Cruz,2021-04-25,1066,234319,679,101717,375,127446,12,5156,436,53147,622,92979,447,146126,California
Santa Cruz,2021-04-26,2004,236323,969,102686,1021,128467,14,5170,824,52816,1170,94149,839,146965,California
Santa Cruz,2021-04-27,2852,239175,906,103592,1867,130334,79,5249,1424,52897,1422,95571,1503,148468,California
Santa Cruz,2021-04-28,3387,242562,1879,105471,1433,131767,75,5324,1782,53158,1593,97164,1854,150322,California
Santa Cruz,2021-04-29,3692,246254,2458,107929,1172,132939,62,5386,1306,52153,2375,99539,1370,151692,California
Santa Cruz,2021-04-30,2341,248595,1182,109111,1116,134055,43,5429,992,51848,1341,100880,1036,152728,California
Santa Cruz,2021-05-01,1255,249850,992,110103,231,134286,32,5461,594,51815,659,101539,626,153354,California
Santa Cruz,2021-05-02,624,250474,442,110545,157,134443,25,5486,212,51641,412,101951,238,153592,California
Santa Cruz,2021-05-03,1881,252355,963,111508,854,135297,64,5550,653,51142,1217,103168,718,154310,California
Santa Cruz,2021-05-04,2623,254978,1512,113020,1041,136338,70,5620,856,50302,1764,104932,924,155234,California
Santa Cruz,2021-05-05,2703,257681,1337,114357,1287,137625,79,5699,710,49144,1951,106883,793,156027,California
Santa Cruz,2021-05-06,3762,261443,2389,116746,1157,138782,216,5915,844,47301,2900,109783,1057,157084,California
Santa Cruz,2021-05-07,2682,264125,1203,117949,1399,140181,80,5995,427,45559,2250,112033,508,157592,California
Santa Cruz,2021-05-08,1330,265455,659,118608,643,140824,28,6023,371,45001,959,112992,401,157993,California
Santa Cruz,2021-05-09,500,265955,323,118931,155,140979,22,6045,153,44831,345,113337,175,158168,California
Santa Cruz,2021-05-10,2015,267970,1195,120126,759,141738,61,6106,409,43703,1598,114935,470,158638,California
Santa Cruz,2021-05-11,2282,270252,1273,121399,932,142670,77,6183,630,42762,1647,116582,706,159344,California
Santa Cruz,2021-05-12,3021,273273,1263,122662,1687,144357,71,6254,519,40860,2493,119075,591,159935,California
Santa Cruz,2021-05-13,3705,276978,2504,125166,1112,145469,89,6343,1305,39860,2396,121471,1396,161331,California
Santa Cruz,2021-05-14,2942,279920,1613,126779,1291,146760,38,6381,1151,39268,1783,123254,1191,162522,California
Santa Cruz,2021-05-15,2259,282179,1315,128094,932,147692,12,6393,1107,39238,1149,124403,1119,163641,California
Santa Cruz,2021-05-16,707,282886,359,128453,327,148019,21,6414,202,38958,504,124907,224,163865,California
Santa Cruz,2021-05-17,1509,284395,787,129240,656,148675,66,6480,549,38614,959,125866,615,164480,California
Santa Cruz,2021-05-18,2280,286675,1399,130639,858,149533,23,6503,1125,38615,1147,127013,1148,165628,California
Santa Cruz,2021-05-19,3021,289696,1825,132464,1162,150695,34,6537,1292,38220,1721,128734,1326,166954,California
Santa Cruz,2021-05-20,2949,292645,2194,134658,609,151304,146,6683,1432,38288,1510,130244,1578,168532,California
Santa Cruz,2021-05-21,1344,293989,710,135368,549,151853,85,6768,517,38067,823,131067,602,169134,California
Santa Cruz,2021-05-22,1394,295383,1182,136550,206,152059,6,6774,526,37735,865,131932,533,169667,California
Santa Cruz,2021-05-23,218,295601,166,136716,36,152095,16,6790,93,37721,123,132055,109,169776,California
Santa Cruz,2021-05-24,1154,296755,664,137380,413,152508,77,6867,311,37274,835,132890,388,170164,California
Santa Cruz,2021-05-25,2263,299018,1302,138682,915,153423,46,6913,489,36181,1628,134518,535,170699,California
Santa Cruz,2021-05-26,1701,300719,796,139478,862,154285,43,6956,492,35519,1197,135715,535,171234,California
Santa Cruz,2021-05-27,1274,301993,674,140152,497,154782,103,7059,463,35281,804,136519,566,171800,California
Santa Cruz,2021-05-28,849,302842,379,140531,440,155222,30,7089,372,35216,468,136987,403,172203,California
Santa Cruz,2021-05-29,574,303416,326,140857,238,155460,10,7099,323,35300,250,137237,334,172537,California
Santa Cruz,2021-05-30,238,303654,121,140978,105,155565,12,7111,97,35270,138,137375,108,172645,California
Santa Cruz,2021-05-31,143,303797,64,141042,78,155643,1,7112,46,35221,96,137471,47,172692,California
Santa Cruz,2021-06-01,911,304708,560,141602,339,155982,12,7124,349,35021,560,138031,360,173052,California
Santa Cruz,2021-06-02,886,305594,530,142132,316,156298,40,7164,375,34930,506,138537,415,173467,California
Santa Cruz,2021-06-03,2245,307839,1527,143659,679,156977,39,7203,587,33908,1648,140185,626,174093,California
Santa Cruz,2021-06-04,1032,308871,720,144379,280,157257,32,7235,250,33412,777,140962,281,174374,California
Santa Cruz,2021-06-05,979,309850,797,145176,175,157432,7,7242,188,32821,786,141748,195,174569,California
Santa Cruz,2021-06-06,375,310225,298,145474,63,157495,14,7256,145,32753,227,141975,159,174728,California
Santa Cruz,2021-06-07,404,310629,307,145781,84,157579,13,7269,55,32473,348,142323,68,174796,California
Shasta,2020-12-16,130,130,130,130,0,0,0,0,130,130,0,0,130,130,California
Shasta,2020-12-17,421,551,421,551,0,0,0,0,421,551,0,0,421,551,California
Shasta,2020-12-18,164,715,164,715,0,0,0,0,164,715,0,0,164,715,California
Shasta,2020-12-19,1,716,1,716,0,0,0,0,1,716,0,0,1,716,California
Shasta,2020-12-21,75,791,75,791,0,0,0,0,75,791,0,0,75,791,California
Shasta,2020-12-22,190,981,185,976,5,5,0,0,190,981,0,0,190,981,California
Shasta,2020-12-23,170,1151,166,1142,4,9,0,0,170,1151,0,0,170,1151,California
Shasta,2020-12-24,21,1172,21,1163,0,9,0,0,21,1172,0,0,21,1172,California
Shasta,2020-12-26,4,1176,1,1164,3,12,0,0,4,1176,0,0,4,1176,California
Shasta,2020-12-27,1,1177,0,1164,1,13,0,0,1,1177,0,0,1,1177,California
Shasta,2020-12-28,38,1215,29,1193,9,22,0,0,38,1215,0,0,38,1215,California
Shasta,2020-12-29,179,1394,178,1371,1,23,0,0,179,1394,0,0,179,1394,California
Shasta,2020-12-30,179,1573,169,1540,10,33,0,0,179,1573,0,0,179,1573,California
Shasta,2020-12-31,83,1656,2,1542,81,114,0,0,83,1656,0,0,83,1656,California
Shasta,2021-01-02,2,1658,0,1542,2,116,0,0,2,1658,0,0,2,1658,California
Shasta,2021-01-03,1,1659,1,1543,0,116,0,0,1,1659,0,0,1,1659,California
Shasta,2021-01-04,365,2024,302,1845,63,179,0,0,366,2025,0,0,366,2025,California
Shasta,2021-01-05,332,2356,312,2157,20,199,0,0,252,2197,80,80,252,2277,California
Shasta,2021-01-06,461,2817,390,2547,71,270,0,0,201,2139,259,339,201,2478,California
Shasta,2021-01-07,129,2946,40,2587,89,359,0,0,104,2218,25,364,104,2582,California
Shasta,2021-01-08,521,3467,446,3033,75,434,0,0,313,2323,208,572,313,2895,California
Shasta,2021-01-09,72,3539,63,3096,9,443,0,0,70,2391,2,574,70,2965,California
Shasta,2021-01-10,5,3544,0,3096,5,448,0,0,3,2394,2,576,5,2970,California
Shasta,2021-01-11,399,3943,182,3278,217,665,0,0,366,2727,33,609,366,3336,California
Shasta,2021-01-12,479,4422,322,3600,157,822,0,0,309,2866,170,779,309,3645,California
Shasta,2021-01-13,596,5018,267,3867,329,1151,0,0,427,3124,169,948,427,4072,California
Shasta,2021-01-14,493,5511,54,3921,439,1590,0,0,473,3577,20,968,473,4545,California
Shasta,2021-01-15,678,6189,137,4058,541,2131,0,0,676,4251,2,970,676,5221,California
Shasta,2021-01-16,889,7078,53,4111,836,2967,0,0,886,5134,3,973,886,6107,California
Shasta,2021-01-17,27,7105,6,4117,21,2988,0,0,23,5153,4,977,23,6130,California
Shasta,2021-01-18,596,7701,127,4244,469,3457,0,0,589,5735,7,984,589,6719,California
Shasta,2021-01-19,1049,8750,392,4636,657,4114,0,0,906,6498,143,1127,906,7625,California
Shasta,2021-01-20,675,9425,413,5049,262,4376,0,0,488,6804,182,1309,488,8113,California
Shasta,2021-01-21,617,10042,279,5328,338,4714,0,0,596,7379,21,1330,596,8709,California
Shasta,2021-01-22,433,10475,174,5502,259,4973,0,0,427,7800,6,1336,427,9136,California
Shasta,2021-01-23,62,10537,5,5507,57,5030,0,0,61,7860,1,1337,61,9197,California
Shasta,2021-01-24,25,10562,2,5509,23,5053,0,0,24,7883,1,1338,24,9221,California
Shasta,2021-01-25,742,11304,485,5994,257,5310,0,0,460,8062,281,1619,460,9681,California
Shasta,2021-01-26,695,11999,336,6330,359,5669,0,0,461,8291,232,1851,461,10142,California
Shasta,2021-01-27,456,12455,187,6517,269,5938,0,0,407,8649,49,1900,407,10549,California
Shasta,2021-01-28,876,13331,571,7088,305,6243,0,0,657,9087,219,2119,657,11206,California
Shasta,2021-01-29,814,14145,330,7418,484,6727,0,0,626,9526,188,2307,627,11833,California
Shasta,2021-01-30,611,14756,15,7433,596,7323,0,0,601,10117,10,2317,601,12434,California
Shasta,2021-01-31,27,14783,3,7436,24,7347,0,0,26,10142,1,2318,26,12460,California
Shasta,2021-02-01,535,15318,149,7585,386,7733,0,0,392,10392,143,2461,393,12853,California
Shasta,2021-02-02,985,16303,499,8084,486,8219,0,0,895,11199,88,2549,895,13748,California
Shasta,2021-02-03,704,17007,211,8295,493,8712,0,0,471,11437,233,2782,471,14219,California
Shasta,2021-02-04,1089,18096,676,8971,413,9125,0,0,898,12145,190,2972,898,15117,California
Shasta,2021-02-05,1254,19350,166,9137,1088,10213,0,0,1046,12984,207,3179,1046,16163,California
Shasta,2021-02-06,1737,21087,40,9177,1697,11910,0,0,1714,14675,23,3202,1714,17877,California
Shasta,2021-02-07,25,21112,3,9180,22,11932,0,0,23,14696,2,3204,23,17900,California
Shasta,2021-02-08,592,21704,167,9347,425,12357,0,0,305,14714,287,3491,305,18205,California
Shasta,2021-02-09,1121,22825,647,9994,474,12831,0,0,732,15058,389,3880,733,18938,California
Shasta,2021-02-10,1124,23949,792,10786,332,13163,0,0,601,15136,524,4404,602,19540,California
Shasta,2021-02-11,877,24826,184,10970,693,13856,0,0,360,14984,512,4916,360,19900,California
Shasta,2021-02-12,1770,26596,1203,12173,567,14423,0,0,1228,15670,542,5458,1228,21128,California
Shasta,2021-02-13,1364,27960,365,12538,999,15422,0,0,558,15422,807,6265,559,21687,California
Shasta,2021-02-14,148,28108,4,12542,144,15566,0,0,125,15524,23,6288,125,21812,California
Shasta,2021-02-15,377,28485,95,12637,282,15848,0,0,210,15567,167,6455,210,22022,California
Shasta,2021-02-16,1190,29675,517,13154,673,16521,0,0,421,15220,768,7223,421,22443,California
Shasta,2021-02-17,1038,30713,451,13605,587,17108,0,0,420,15022,618,7841,420,22863,California
Shasta,2021-02-18,937,31650,469,14074,468,17576,0,0,455,14996,482,8323,456,23319,California
Shasta,2021-02-19,1334,32984,951,15025,383,17959,0,0,876,15414,458,8781,876,24195,California
Shasta,2021-02-20,792,33776,88,15113,704,18663,0,0,299,15220,493,9274,299,24494,California
Shasta,2021-02-21,31,33807,3,15116,28,18691,0,0,9,15207,22,9296,9,24503,California
Shasta,2021-02-22,430,34237,80,15196,350,19041,0,0,181,15140,248,9544,181,24684,California
Shasta,2021-02-23,909,35146,470,15666,439,19480,0,0,327,14885,582,10126,327,25011,California
Shasta,2021-02-24,871,36017,502,16168,369,19849,0,0,268,14551,602,10728,268,25279,California
Shasta,2021-02-25,521,36538,173,16341,348,20197,0,0,168,14367,352,11080,168,25447,California
Shasta,2021-02-26,775,37313,94,16435,681,20878,0,0,332,14257,442,11522,332,25779,California
Shasta,2021-02-27,808,38121,26,16461,782,21660,0,0,187,13825,619,12141,187,25966,California
Shasta,2021-02-28,177,38298,4,16465,173,21833,0,0,127,13902,50,12191,127,26093,California
Shasta,2021-03-01,588,38886,57,16522,531,22364,0,0,296,13907,291,12482,296,26389,California
Shasta,2021-03-02,1031,39917,473,16995,558,22922,0,0,340,13558,689,13171,340,26729,California
Shasta,2021-03-03,673,40590,174,17169,499,23421,0,0,242,13369,431,13602,242,26971,California
Shasta,2021-03-04,2990,43580,2401,19570,589,24010,0,0,1722,13825,1267,14869,1723,28694,California
Shasta,2021-03-05,1542,45122,159,19729,1354,25364,29,29,777,13865,766,15635,806,29500,California
Shasta,2021-03-06,2722,47844,383,20112,2294,27658,45,74,851,12892,1869,17504,896,30396,California
Shasta,2021-03-07,92,47936,4,20116,56,27714,32,106,38,12908,54,17558,70,30466,California
Shasta,2021-03-08,571,48507,52,20168,381,28095,138,244,157,12791,412,17970,295,30761,California
Shasta,2021-03-09,1235,49742,595,20763,464,28559,176,420,679,13090,555,18525,854,31615,California
Shasta,2021-03-10,798,50540,256,21019,340,28899,202,622,139,12771,658,19183,339,31954,California
Shasta,2021-03-11,1537,52077,471,21490,800,29699,266,888,926,13355,608,19791,1192,33146,California
Shasta,2021-03-12,1553,53630,850,22340,457,30156,246,1134,404,12855,1148,20939,648,33794,California
Shasta,2021-03-13,755,54385,424,22764,229,30385,102,1236,474,13149,280,21219,574,34368,California
Shasta,2021-03-14,1010,55395,8,22772,980,31365,22,1258,873,13908,137,21356,896,35264,California
Shasta,2021-03-15,493,55888,38,22810,356,31721,99,1357,209,13931,284,21640,307,35571,California
Shasta,2021-03-16,1132,57020,145,22955,919,32640,68,1425,848,14563,284,21924,916,36487,California
Shasta,2021-03-17,723,57743,184,23139,481,33121,58,1483,386,14677,330,22254,444,36931,California
Shasta,2021-03-18,1528,59271,584,23723,841,33962,103,1586,1104,15464,420,22674,1207,38138,California
Shasta,2021-03-19,635,59906,196,23919,383,34345,56,1642,402,15690,232,22906,458,38596,California
Shasta,2021-03-20,737,60643,485,24404,241,34586,11,1653,594,16152,143,23049,605,39201,California
Shasta,2021-03-21,313,60956,298,24702,4,34590,11,1664,286,16423,26,23075,297,39498,California
Shasta,2021-03-22,344,61300,37,24739,271,34861,36,1700,196,16508,147,23222,232,39730,California
Shasta,2021-03-23,1308,62608,652,25391,596,35457,60,1760,756,16777,547,23769,816,40546,California
Shasta,2021-03-24,612,63220,161,25552,414,35871,37,1797,371,16945,240,24009,408,40954,California
Shasta,2021-03-25,1117,64337,430,25982,666,36537,21,1818,802,17457,312,24321,824,41778,California
Shasta,2021-03-26,1809,66146,1381,27363,397,36934,31,1849,1452,18584,357,24678,1484,43262,California
Shasta,2021-03-27,1570,67716,387,27750,315,37249,868,2717,556,18992,1012,25690,1420,44682,California
Shasta,2021-03-28,402,68118,297,28047,95,37344,10,2727,299,19200,101,25791,309,44991,California
Shasta,2021-03-29,418,68536,40,28087,367,37711,11,2738,165,19124,252,26043,176,45167,California
Shasta,2021-03-30,1230,69766,756,28843,457,38168,17,2755,612,19138,615,26658,629,45796,California
Shasta,2021-03-31,614,70380,203,29046,405,38573,6,2761,374,19283,235,26893,380,46176,California
Shasta,2021-04-01,885,71265,237,29283,636,39209,12,2773,560,19532,323,27216,572,46748,California
Shasta,2021-04-02,733,71998,185,29468,495,39704,53,2826,398,19650,333,27549,451,47199,California
Shasta,2021-04-03,509,72507,362,29830,129,39833,18,2844,387,19933,122,27671,405,47604,California
Shasta,2021-04-04,289,72796,176,30006,94,39927,19,2863,217,20097,72,27743,236,47840,California
Shasta,2021-04-05,435,73231,68,30074,309,40236,58,2921,251,20222,184,27927,309,48149,California
Shasta,2021-04-06,1131,74362,485,30559,480,40716,166,3087,536,20333,590,28517,701,48850,California
Shasta,2021-04-07,645,75007,202,30761,281,40997,162,3249,249,20351,392,28909,410,49260,California
Shasta,2021-04-08,1134,76141,257,31018,722,41719,155,3404,212,19798,920,29829,367,49627,California
Shasta,2021-04-09,2566,78707,2054,33072,303,42022,209,3613,1992,21430,567,30396,2199,51826,California
Shasta,2021-04-10,873,79580,587,33659,158,42180,128,3741,263,21209,610,31006,389,52215,California
Shasta,2021-04-11,1244,80824,397,34056,827,43007,20,3761,143,20275,1097,32103,163,52378,California
Shasta,2021-04-12,335,81159,7,34063,267,43274,61,3822,96,20193,238,32341,156,52534,California
Shasta,2021-04-13,1262,82421,365,34428,895,44169,2,3824,338,19613,920,33261,340,52874,California
Shasta,2021-04-14,588,83009,148,34576,438,44607,2,3826,219,19466,368,33629,221,53095,California
Shasta,2021-04-15,1061,84070,253,34829,808,45415,0,3826,299,19006,759,34388,299,53394,California
Shasta,2021-04-16,2302,86372,1824,36653,478,45893,0,3826,928,18562,1372,35760,928,54322,California
Shasta,2021-04-17,619,86991,396,37049,223,46116,0,3826,178,18300,441,36201,179,54501,California
Shasta,2021-04-18,264,87255,239,37288,25,46141,0,3826,32,18102,230,36431,32,54533,California
Shasta,2021-04-19,376,87631,27,37315,349,46490,0,3826,160,18046,216,36647,160,54693,California
Shasta,2021-04-20,980,88611,231,37546,749,47239,0,3826,363,17793,616,37263,363,55056,California
Shasta,2021-04-21,587,89198,206,37752,381,47620,0,3826,299,17804,288,37551,299,55355,California
Shasta,2021-04-22,950,90148,269,38021,681,48301,0,3826,297,17450,651,38202,297,55652,California
Shasta,2021-04-23,641,90789,250,38271,391,48692,0,3826,323,17456,317,38519,323,55975,California
Shasta,2021-04-24,596,91385,357,38628,238,48930,1,3827,107,17076,487,39006,107,56082,California
Shasta,2021-04-25,209,91594,180,38808,28,48958,1,3828,36,16940,173,39179,37,56119,California
Shasta,2021-04-26,492,92086,51,38859,436,49394,5,3833,344,17142,146,39325,348,56467,California
Shasta,2021-04-27,531,92617,172,39031,322,49716,37,3870,295,17239,233,39558,330,56797,California
Shasta,2021-04-28,565,93182,144,39175,389,50105,32,3902,251,17207,314,39872,282,57079,California
Shasta,2021-04-29,767,93949,111,39286,633,50738,23,3925,180,16824,586,40458,203,57282,California
Shasta,2021-04-30,2236,96185,1818,41104,388,51126,30,3955,256,15131,1979,42437,286,57568,California
Shasta,2021-05-01,221,96406,19,41123,126,51252,76,4031,94,15174,127,42564,170,57738,California
Shasta,2021-05-02,46,96452,16,41139,17,51269,13,4044,19,15179,27,42591,32,57770,California
Shasta,2021-05-03,344,96796,93,41232,226,51495,25,4069,107,15075,236,42827,132,57902,California
Shasta,2021-05-04,522,97318,192,41424,293,51788,37,4106,253,15099,266,43093,290,58192,California
Shasta,2021-05-05,432,97750,140,41564,275,52063,17,4123,198,15080,234,43327,215,58407,California
Shasta,2021-05-06,686,98436,259,41823,389,52452,38,4161,291,15022,386,43713,328,58735,California
Shasta,2021-05-07,1102,99538,729,42552,335,52787,38,4199,299,14557,802,44515,337,59072,California
Shasta,2021-05-08,166,99704,82,42634,73,52860,11,4210,97,14595,69,44584,107,59179,California
Shasta,2021-05-09,64,99768,14,42648,45,52905,5,4215,34,14604,30,44614,39,59218,California
Shasta,2021-05-10,256,100024,19,42667,188,53093,49,4264,112,14621,141,44755,158,59376,California
Shasta,2021-05-11,495,100519,149,42816,199,53292,147,4411,175,14624,319,45074,322,59698,California
Shasta,2021-05-12,360,100879,138,42954,200,53492,22,4433,116,14519,243,45317,138,59836,California
Shasta,2021-05-13,536,101415,226,43180,295,53787,15,4448,197,14394,337,45654,212,60048,California
Shasta,2021-05-14,636,102051,270,43450,341,54128,25,4473,293,14371,342,45996,319,60367,California
Shasta,2021-05-15,382,102433,120,43570,161,54289,101,4574,159,14408,222,46218,259,60626,California
Shasta,2021-05-16,220,102653,154,43724,56,54345,10,4584,162,14522,58,46276,172,60798,California
Shasta,2021-05-17,526,103179,238,43962,229,54574,59,4643,280,14616,245,46521,339,61137,California
Shasta,2021-05-18,605,103784,290,44252,290,54864,25,4668,323,14682,282,46803,348,61485,California
Shasta,2021-05-19,586,104370,276,44528,243,55107,67,4735,286,14738,297,47100,353,61838,California
Shasta,2021-05-20,511,104881,232,44760,260,55367,19,4754,240,14729,268,47368,259,62097,California
Shasta,2021-05-21,553,105434,251,45011,283,55650,19,4773,295,14787,256,47624,314,62411,California
Shasta,2021-05-22,199,105633,113,45124,77,55727,9,4782,127,14853,70,47694,136,62547,California
Shasta,2021-05-23,93,105726,44,45168,41,55768,8,4790,61,14890,32,47726,69,62616,California
Shasta,2021-05-24,523,106249,162,45330,331,56099,30,4820,187,14772,335,48061,217,62833,California
Shasta,2021-05-25,461,106710,196,45526,220,56319,45,4865,158,14675,299,48360,202,63035,California
Shasta,2021-05-26,369,107079,142,45668,202,56521,25,4890,147,14625,222,48582,172,63207,California
Shasta,2021-05-27,420,107499,155,45823,256,56777,9,4899,157,14531,260,48842,166,63373,California
Shasta,2021-05-28,438,107937,197,46020,212,56989,29,4928,206,14537,229,49071,235,63608,California
Shasta,2021-05-29,223,108160,63,46083,130,57119,30,4958,94,14530,129,49200,122,63730,California
Shasta,2021-05-30,85,108245,49,46132,34,57153,2,4960,57,14561,28,49228,59,63789,California
Shasta,2021-05-31,35,108280,9,46141,25,57178,1,4961,12,14552,22,49250,13,63802,California
Shasta,2021-06-01,523,108803,153,46294,226,57404,144,5105,137,14455,379,49629,282,64084,California
Shasta,2021-06-02,291,109094,118,46412,164,57568,9,5114,124,14423,165,49794,133,64217,California
Shasta,2021-06-03,366,109460,157,46569,202,57770,7,5121,123,14311,242,50036,130,64347,California
Shasta,2021-06-04,573,110033,288,46857,256,58026,29,5150,204,14176,368,50404,233,64580,California
Shasta,2021-06-05,250,110283,149,47006,85,58111,16,5166,86,14115,163,50567,102,64682,California
Shasta,2021-06-06,162,110445,128,47134,31,58142,3,5169,47,14050,115,50682,50,64732,California
Shasta,2021-06-07,187,110632,109,47243,72,58214,6,5175,46,13961,141,50823,52,64784,California
Sierra,2020-12-18,1,1,1,1,0,0,0,0,1,1,0,0,1,1,California
Sierra,2020-12-21,2,3,2,3,0,0,0,0,2,3,0,0,2,3,California
Sierra,2020-12-22,12,15,12,15,0,0,0,0,12,15,0,0,12,15,California
Sierra,2020-12-23,4,19,4,19,0,0,0,0,4,19,0,0,4,19,California
Sierra,2020-12-28,1,20,0,19,1,1,0,0,1,20,0,0,1,20,California
Sierra,2020-12-29,49,69,7,26,42,43,0,0,49,69,0,0,49,69,California
Sierra,2020-12-30,2,71,0,26,2,45,0,0,2,71,0,0,2,71,California
Sierra,2020-12-31,13,84,0,26,13,58,0,0,13,84,0,0,13,84,California
Sierra,2021-01-01,1,85,1,27,0,58,0,0,1,85,0,0,1,85,California
Sierra,2021-01-05,63,148,2,29,61,119,0,0,63,148,0,0,63,148,California
Sierra,2021-01-06,1,149,1,30,0,119,0,0,1,149,0,0,1,149,California
Sierra,2021-01-07,21,170,1,31,20,139,0,0,20,168,1,1,20,169,California
Sierra,2021-01-08,1,171,1,32,0,139,0,0,1,169,0,1,1,170,California
Sierra,2021-01-11,3,174,3,35,0,139,0,0,0,166,3,4,0,170,California
Sierra,2021-01-12,38,212,12,47,26,165,0,0,26,180,12,16,26,196,California
Sierra,2021-01-13,3,215,3,50,0,165,0,0,0,177,3,19,0,196,California
Sierra,2021-01-14,35,250,2,52,33,198,0,0,35,212,0,19,35,231,California
Sierra,2021-01-15,3,253,1,53,2,200,0,0,3,215,0,19,3,234,California
Sierra,2021-01-18,2,255,0,53,2,202,0,0,2,217,0,19,2,236,California
Sierra,2021-01-19,32,287,0,53,32,234,0,0,32,249,0,19,32,268,California
Sierra,2021-01-20,1,288,1,54,0,234,0,0,1,250,0,19,1,269,California
Sierra,2021-01-21,53,341,0,54,53,287,0,0,53,303,0,19,53,322,California
Sierra,2021-01-22,2,343,0,54,2,289,0,0,2,305,0,19,2,324,California
Sierra,2021-01-23,2,345,0,54,2,291,0,0,2,307,0,19,2,326,California
Sierra,2021-01-26,62,407,0,54,62,353,0,0,24,293,38,57,24,350,California
Sierra,2021-01-27,4,411,4,58,0,353,0,0,0,289,4,61,0,350,California
Sierra,2021-01-28,53,464,0,58,53,406,0,0,43,322,10,71,43,393,California
Sierra,2021-01-29,1,465,0,58,1,407,0,0,1,323,0,71,1,394,California
Sierra,2021-01-30,3,468,3,61,0,407,0,0,2,324,1,72,2,396,California
Sierra,2021-02-01,1,469,0,61,1,408,0,0,0,323,1,73,0,396,California
Sierra,2021-02-02,59,528,1,62,58,466,0,0,21,306,38,111,21,417,California
Sierra,2021-02-03,6,534,5,67,1,467,0,0,5,310,1,112,5,422,California
Sierra,2021-02-04,101,635,4,71,97,564,0,0,52,313,49,161,52,474,California
Sierra,2021-02-05,5,640,3,74,2,566,0,0,4,316,1,162,4,478,California
Sierra,2021-02-09,54,694,0,74,54,620,0,0,51,364,3,165,51,529,California
Sierra,2021-02-10,3,697,1,75,2,622,0,0,3,367,0,165,3,532,California
Sierra,2021-02-11,194,891,1,76,193,815,0,0,134,441,60,225,134,666,California
Sierra,2021-02-12,20,911,0,76,20,835,0,0,20,461,0,225,20,686,California
Sierra,2021-02-13,1,912,1,77,0,835,0,0,1,462,0,225,1,687,California
Sierra,2021-02-15,2,914,2,79,0,835,0,0,0,460,2,227,0,687,California
Sierra,2021-02-16,43,957,0,79,43,878,0,0,10,437,33,260,10,697,California
Sierra,2021-02-17,4,961,0,79,4,882,0,0,1,435,3,263,1,698,California
Sierra,2021-02-18,143,1104,0,79,143,1025,0,0,93,478,50,313,93,791,California
Sierra,2021-02-19,2,1106,1,80,1,1026,0,0,1,478,1,314,1,792,California
Sierra,2021-02-20,2,1108,2,82,0,1026,0,0,0,476,2,316,0,792,California
Sierra,2021-02-23,4,1112,0,82,4,1030,0,0,4,480,0,316,4,796,California
Sierra,2021-02-24,1,1113,0,82,1,1031,0,0,1,481,0,316,1,797,California
Sierra,2021-02-25,125,1238,1,83,124,1155,0,0,59,475,65,381,59,856,California
Sierra,2021-02-26,11,1249,6,89,5,1160,0,0,4,472,7,388,4,860,California
Sierra,2021-02-27,2,1251,2,91,0,1160,0,0,0,470,2,390,0,860,California
Sierra,2021-03-01,1,1252,1,92,0,1160,0,0,0,469,1,391,0,860,California
Sierra,2021-03-02,58,1310,0,92,58,1218,0,0,39,489,19,410,39,899,California
Sierra,2021-03-03,2,1312,2,94,0,1218,0,0,1,489,1,411,1,900,California
Sierra,2021-03-04,108,1420,0,94,108,1326,0,0,60,501,48,459,60,960,California
Sierra,2021-03-05,13,1433,1,95,12,1338,0,0,11,510,2,461,11,971,California
Sierra,2021-03-07,1,1434,1,96,0,1338,0,0,0,509,1,462,0,971,California
Sierra,2021-03-08,2,1436,2,98,0,1338,0,0,2,511,0,462,2,973,California
Sierra,2021-03-09,58,1494,0,98,58,1396,0,0,11,475,47,509,11,984,California
Sierra,2021-03-10,6,1500,0,98,6,1402,0,0,4,477,2,511,4,988,California
Sierra,2021-03-11,176,1676,0,98,176,1578,0,0,44,389,132,643,44,1032,California
Sierra,2021-03-12,20,1696,1,99,19,1597,0,0,0,369,20,663,0,1032,California
Sierra,2021-03-13,28,1724,0,99,28,1625,0,0,28,397,0,663,28,1060,California
Sierra,2021-03-15,2,1726,0,99,0,1625,2,2,0,397,2,665,2,1062,California
Sierra,2021-03-16,36,1762,0,99,35,1660,1,3,22,406,14,679,23,1085,California
Sierra,2021-03-17,1,1763,0,99,1,1661,0,3,0,405,1,680,0,1085,California
Sierra,2021-03-18,160,1923,0,99,160,1821,0,3,65,375,95,775,65,1150,California
Sierra,2021-03-19,4,1927,2,101,2,1823,0,3,1,373,3,778,1,1151,California
Sierra,2021-03-20,1,1928,0,101,1,1824,0,3,1,374,0,778,1,1152,California
Sierra,2021-03-23,22,1950,0,101,22,1846,0,3,13,378,9,787,13,1165,California
Sierra,2021-03-24,3,1953,1,102,2,1848,0,3,1,377,2,789,1,1166,California
Sierra,2021-03-25,99,2052,1,103,98,1946,0,3,50,378,49,838,50,1216,California
Sierra,2021-03-26,12,2064,1,104,11,1957,0,3,8,382,4,842,8,1224,California
Sierra,2021-03-27,1,2065,0,104,1,1958,0,3,0,381,1,843,0,1224,California
Sierra,2021-03-29,1,2066,1,105,0,1958,0,3,0,380,1,844,0,1224,California
Sierra,2021-03-30,56,2122,1,106,55,2013,0,3,22,368,34,878,22,1246,California
Sierra,2021-03-31,8,2130,0,106,8,2021,0,3,8,376,0,878,8,1254,California
Sierra,2021-04-01,63,2193,1,107,62,2083,0,3,5,325,56,934,5,1259,California
Sierra,2021-04-02,3,2196,2,109,1,2084,0,3,2,326,1,935,2,1261,California
Sierra,2021-04-04,1,2197,0,109,1,2085,0,3,0,326,0,935,0,1261,California
Sierra,2021-04-06,11,2208,0,109,11,2096,0,3,1,317,10,945,1,1262,California
Sierra,2021-04-07,14,2222,3,112,6,2102,5,8,3,315,10,955,8,1270,California
Sierra,2021-04-08,53,2275,2,114,51,2153,0,8,16,294,37,992,16,1286,California
Sierra,2021-04-09,2,2277,2,116,0,2153,0,8,1,294,1,993,1,1287,California
Sierra,2021-04-10,27,2304,0,116,27,2180,0,8,0,267,27,1020,0,1287,California
Sierra,2021-04-12,1,2305,0,116,0,2180,1,9,0,267,1,1021,1,1288,California
Sierra,2021-04-13,45,2350,0,116,45,2225,0,9,5,232,40,1061,5,1293,California
Sierra,2021-04-14,1,2351,0,116,1,2226,0,9,1,233,0,1061,1,1294,California
Sierra,2021-04-15,49,2400,1,117,48,2274,0,9,2,188,47,1108,2,1296,California
Sierra,2021-04-17,2,2402,1,118,1,2275,0,9,1,188,1,1109,1,1297,California
Sierra,2021-04-18,1,2403,0,118,1,2276,0,9,0,188,0,1109,0,1297,California
Sierra,2021-04-19,2,2405,1,119,1,2277,0,9,1,188,1,1110,1,1298,California
Sierra,2021-04-20,33,2438,1,120,32,2309,0,9,6,167,27,1137,6,1304,California
Sierra,2021-04-21,2,2440,1,121,1,2310,0,9,1,167,1,1138,1,1305,California
Sierra,2021-04-22,64,2504,1,122,63,2373,0,9,5,114,58,1196,5,1310,California
Sierra,2021-04-23,12,2516,0,122,12,2385,0,9,4,110,8,1204,4,1314,California
Sierra,2021-04-24,4,2520,0,122,4,2389,0,9,4,114,0,1204,4,1318,California
Sierra,2021-04-27,27,2547,0,122,27,2416,0,9,4,95,23,1227,4,1322,California
Sierra,2021-04-28,10,2557,2,124,8,2424,0,9,1,87,9,1236,1,1323,California
Sierra,2021-04-29,20,2577,2,126,18,2442,0,9,14,95,6,1242,14,1337,California
Sierra,2021-04-30,3,2580,1,127,2,2444,0,9,1,94,2,1244,1,1338,California
Sierra,2021-05-03,1,2581,1,128,0,2444,0,9,1,95,0,1244,1,1339,California
Sierra,2021-05-04,2,2583,0,128,1,2445,1,10,0,94,2,1246,1,1340,California
Sierra,2021-05-05,23,2606,1,129,22,2467,0,10,8,87,15,1261,8,1348,California
Sierra,2021-05-06,1,2607,1,130,0,2467,0,10,0,86,1,1262,0,1348,California
Sierra,2021-05-07,1,2608,1,131,0,2467,0,10,1,87,0,1262,1,1349,California
Sierra,2021-05-08,1,2609,0,131,0,2467,1,11,0,87,1,1263,1,1350,California
Sierra,2021-05-11,11,2620,0,131,4,2471,7,18,0,83,11,1274,7,1357,California
Sierra,2021-05-12,10,2630,1,132,9,2480,0,18,7,87,3,1277,7,1364,California
Sierra,2021-05-13,3,2633,2,134,1,2481,0,18,2,88,1,1278,2,1366,California
Sierra,2021-05-14,3,2636,1,135,2,2483,0,18,3,91,0,1278,3,1369,California
Sierra,2021-05-17,1,2637,1,136,0,2483,0,18,1,92,0,1278,1,1370,California
Sierra,2021-05-18,1,2638,0,136,0,2483,1,19,0,92,1,1279,1,1371,California
Sierra,2021-05-19,6,2644,3,139,3,2486,0,19,2,90,4,1283,2,1373,California
Sierra,2021-05-20,9,2653,8,147,0,2486,1,20,8,98,1,1284,9,1382,California
Sierra,2021-05-21,3,2656,1,148,2,2488,0,20,1,97,2,1286,1,1383,California
Sierra,2021-05-22,4,2660,0,148,4,2492,0,20,0,93,4,1290,0,1383,California
Sierra,2021-05-23,1,2661,0,148,1,2493,0,20,1,94,0,1290,1,1384,California
Sierra,2021-05-24,3,2664,1,149,2,2495,0,20,2,95,1,1291,2,1386,California
Sierra,2021-05-25,3,2667,0,149,3,2498,0,20,1,94,2,1293,1,1387,California
Sierra,2021-05-26,8,2675,0,149,8,2506,0,20,4,94,4,1297,4,1391,California
Sierra,2021-05-27,9,2684,1,150,7,2513,1,21,2,90,7,1304,3,1394,California
Sierra,2021-05-28,4,2688,2,152,2,2515,0,21,2,90,2,1306,2,1396,California
Sierra,2021-05-29,2,2690,0,152,2,2517,0,21,2,92,0,1306,2,1398,California
Sierra,2021-05-30,1,2691,1,153,0,2517,0,21,1,93,0,1306,1,1399,California
Sierra,2021-06-01,1,2692,0,153,1,2518,0,21,0,92,1,1307,0,1399,California
Sierra,2021-06-02,22,2714,0,153,21,2539,1,22,0,72,21,1328,1,1400,California
Sierra,2021-06-03,2,2716,2,155,0,2539,0,22,0,70,2,1330,0,1400,California
Sierra,2021-06-04,2,2718,2,157,0,2539,0,22,1,70,1,1331,1,1401,California
Sierra,2021-06-07,1,2719,0,157,1,2540,0,22,1,71,0,1331,1,1402,California
Siskiyou,2020-12-16,2,2,2,2,0,0,0,0,2,2,0,0,2,2,California
Siskiyou,2020-12-17,4,6,4,6,0,0,0,0,4,6,0,0,4,6,California
Siskiyou,2020-12-18,2,8,2,8,0,0,0,0,2,8,0,0,2,8,California
Siskiyou,2020-12-19,4,12,4,12,0,0,0,0,4,12,0,0,4,12,California
Siskiyou,2020-12-20,1,13,1,13,0,0,0,0,1,13,0,0,1,13,California
Siskiyou,2020-12-21,131,144,131,144,0,0,0,0,131,144,0,0,131,144,California
Siskiyou,2020-12-22,158,302,158,302,0,0,0,0,158,302,0,0,158,302,California
Siskiyou,2020-12-23,142,444,142,444,0,0,0,0,142,444,0,0,142,444,California
Siskiyou,2020-12-24,5,449,5,449,0,0,0,0,5,449,0,0,5,449,California
Siskiyou,2020-12-26,2,451,0,449,2,2,0,0,2,451,0,0,2,451,California
Siskiyou,2020-12-27,2,453,0,449,2,4,0,0,2,453,0,0,2,453,California
Siskiyou,2020-12-28,3,456,1,450,2,6,0,0,3,456,0,0,3,456,California
Siskiyou,2020-12-29,6,462,2,452,4,10,0,0,6,462,0,0,6,462,California
Siskiyou,2020-12-30,98,560,3,455,95,105,0,0,98,560,0,0,98,560,California
Siskiyou,2020-12-31,12,572,0,455,12,117,0,0,12,572,0,0,12,572,California
Siskiyou,2021-01-02,1,573,1,456,0,117,0,0,1,573,0,0,1,573,California
Siskiyou,2021-01-03,1,574,0,456,1,118,0,0,1,574,0,0,1,574,California
Siskiyou,2021-01-04,129,703,3,459,126,244,0,0,129,703,0,0,129,703,California
Siskiyou,2021-01-05,118,821,4,463,114,358,0,0,117,819,1,1,117,820,California
Siskiyou,2021-01-06,59,880,6,469,53,411,0,0,55,870,4,5,55,875,California
Siskiyou,2021-01-07,174,1054,4,473,170,581,0,0,173,1042,1,6,173,1048,California
Siskiyou,2021-01-08,40,1094,3,476,37,618,0,0,38,1078,2,8,38,1086,California
Siskiyou,2021-01-09,2,1096,2,478,0,618,0,0,0,1076,2,10,0,1086,California
Siskiyou,2021-01-11,225,1321,64,542,161,779,0,0,163,1177,62,72,163,1249,California
Siskiyou,2021-01-12,323,1644,274,816,49,828,0,0,90,1035,233,305,91,1340,California
Siskiyou,2021-01-13,157,1801,137,953,20,848,0,0,23,924,134,439,23,1363,California
Siskiyou,2021-01-14,25,1826,1,954,24,872,0,0,24,947,1,440,24,1387,California
Siskiyou,2021-01-15,35,1861,3,957,32,904,0,0,35,982,0,440,35,1422,California
Siskiyou,2021-01-16,7,1868,2,959,5,909,0,0,7,989,0,440,7,1429,California
Siskiyou,2021-01-17,1,1869,1,960,0,909,0,0,0,988,1,441,0,1429,California
Siskiyou,2021-01-18,76,1945,3,963,73,982,0,0,74,1060,2,443,74,1503,California
Siskiyou,2021-01-19,21,1966,1,964,20,1002,0,0,20,1079,1,444,20,1523,California
Siskiyou,2021-01-20,47,2013,35,999,12,1014,0,0,43,1118,4,448,43,1566,California
Siskiyou,2021-01-21,42,2055,1,1000,41,1055,0,0,42,1160,0,448,42,1608,California
Siskiyou,2021-01-22,1327,3382,1175,2175,152,1207,0,0,1327,2487,0,448,1327,2935,California
Siskiyou,2021-01-23,6,3388,2,2177,4,1211,0,0,3,2487,3,451,3,2938,California
Siskiyou,2021-01-25,182,3570,8,2185,174,1385,0,0,178,2661,4,455,178,3116,California
Siskiyou,2021-01-26,119,3689,3,2188,116,1501,0,0,111,2764,8,463,111,3227,California
Siskiyou,2021-01-27,182,3871,1,2189,181,1682,0,0,127,2836,55,518,127,3354,California
Siskiyou,2021-01-28,231,4102,117,2306,114,1796,0,0,225,3055,6,524,225,3579,California
Siskiyou,2021-01-29,249,4351,3,2309,246,2042,0,0,247,3300,2,526,247,3826,California
Siskiyou,2021-01-30,4,4355,3,2312,1,2043,0,0,4,3304,0,526,4,3830,California
Siskiyou,2021-02-01,194,4549,3,2315,191,2234,0,0,105,3320,89,615,105,3935,California
Siskiyou,2021-02-02,289,4838,45,2360,244,2478,0,0,146,3323,143,758,146,4081,California
Siskiyou,2021-02-03,315,5153,1,2361,314,2792,0,0,264,3536,51,809,264,4345,California
Siskiyou,2021-02-04,317,5470,7,2368,310,3102,0,0,196,3611,121,930,196,4541,California
Siskiyou,2021-02-05,511,5981,4,2372,507,3609,0,0,349,3798,162,1092,349,4890,California
Siskiyou,2021-02-06,15,5996,0,2372,15,3624,0,0,15,3813,0,1092,15,4905,California
Siskiyou,2021-02-07,3,5999,2,2374,1,3625,0,0,3,3816,0,1092,3,4908,California
Siskiyou,2021-02-08,218,6217,4,2378,214,3839,0,0,214,4026,4,1096,214,5122,California
Siskiyou,2021-02-09,217,6434,3,2381,214,4053,0,0,184,4177,33,1129,184,5306,California
Siskiyou,2021-02-10,371,6805,41,2422,330,4383,0,0,318,4443,52,1181,318,5624,California
Siskiyou,2021-02-11,189,6994,1,2423,188,4571,0,0,174,4602,15,1196,174,5798,California
Siskiyou,2021-02-12,1687,8681,1198,3621,489,5060,0,0,498,3911,1189,2385,498,6296,California
Siskiyou,2021-02-13,37,8718,2,3623,35,5095,0,0,32,3938,5,2390,32,6328,California
Siskiyou,2021-02-14,5,8723,1,3624,4,5099,0,0,5,3943,0,2390,5,6333,California
Siskiyou,2021-02-15,102,8825,4,3628,98,5197,0,0,100,4041,2,2392,100,6433,California
Siskiyou,2021-02-16,114,8939,2,3630,112,5309,0,0,99,4125,15,2407,99,6532,California
Siskiyou,2021-02-17,176,9115,8,3638,168,5477,0,0,162,4273,14,2421,162,6694,California
Siskiyou,2021-02-18,221,9336,88,3726,133,5610,0,0,98,4248,123,2544,98,6792,California
Siskiyou,2021-02-19,71,9407,34,3760,37,5647,0,0,34,4245,37,2581,34,6826,California
Siskiyou,2021-02-20,22,9429,3,3763,19,5666,0,0,17,4257,5,2586,17,6843,California
Siskiyou,2021-02-21,1,9430,1,3764,0,5666,0,0,1,4258,0,2586,1,6844,California
Siskiyou,2021-02-22,125,9555,2,3766,123,5789,0,0,19,4171,106,2692,19,6863,California
Siskiyou,2021-02-23,161,9716,15,3781,146,5935,0,0,46,4102,115,2807,46,6909,California
Siskiyou,2021-02-24,151,9867,5,3786,146,6081,0,0,38,4027,113,2920,38,6947,California
Siskiyou,2021-02-25,294,10161,18,3804,276,6357,0,0,148,4029,146,3066,148,7095,California
Siskiyou,2021-02-26,669,10830,9,3813,660,7017,0,0,367,4094,302,3368,367,7462,California
Siskiyou,2021-02-27,32,10862,5,3818,27,7044,0,0,28,4118,4,3372,28,7490,California
Siskiyou,2021-02-28,6,10868,5,3823,1,7045,0,0,4,4120,2,3374,4,7494,California
Siskiyou,2021-03-01,280,11148,6,3829,274,7319,0,0,50,3940,230,3604,50,7544,California
Siskiyou,2021-03-02,189,11337,1,3830,188,7507,0,0,70,3891,119,3723,70,7614,California
Siskiyou,2021-03-03,347,11684,10,3840,337,7844,0,0,153,3850,194,3917,153,7767,California
Siskiyou,2021-03-04,787,12471,617,4457,170,8014,0,0,632,4327,155,4072,632,8399,California
Siskiyou,2021-03-05,326,12797,5,4462,310,8324,11,11,106,4227,217,4289,117,8516,California
Siskiyou,2021-03-06,43,12840,3,4465,33,8357,7,18,28,4247,15,4304,35,8551,California
Siskiyou,2021-03-07,10,12850,2,4467,0,8357,8,26,1,4247,9,4313,9,8560,California
Siskiyou,2021-03-08,353,13203,24,4491,295,8652,34,60,59,4046,294,4607,93,8653,California
Siskiyou,2021-03-09,163,13366,2,4493,106,8758,55,115,38,4014,125,4732,93,8746,California
Siskiyou,2021-03-10,220,13586,6,4499,184,8942,30,145,24,3872,196,4928,54,8800,California
Siskiyou,2021-03-11,476,14062,206,4705,223,9165,47,192,276,3996,199,5127,323,9123,California
Siskiyou,2021-03-12,652,14714,141,4846,472,9637,39,231,184,3754,466,5593,224,9347,California
Siskiyou,2021-03-13,429,15143,380,5226,26,9663,23,254,380,4108,49,5642,403,9750,California
Siskiyou,2021-03-14,20,15163,1,5227,3,9666,16,270,2,4108,18,5660,18,9768,California
Siskiyou,2021-03-15,455,15618,258,5485,175,9841,22,292,320,4315,135,5795,342,10110,California
Siskiyou,2021-03-16,257,15875,34,5519,207,10048,16,308,141,4357,115,5910,157,10267,California
Siskiyou,2021-03-17,200,16075,9,5528,183,10231,8,316,34,4233,166,6076,42,10309,California
Siskiyou,2021-03-18,925,17000,787,6315,126,10357,12,328,810,4940,115,6191,822,11131,California
Siskiyou,2021-03-19,66,17066,7,6322,46,10403,13,341,19,4925,47,6238,32,11163,California
Siskiyou,2021-03-20,29,17095,7,6329,18,10421,4,345,6,4912,23,6261,10,11173,California
Siskiyou,2021-03-21,10,17105,4,6333,1,10422,5,350,4,4915,6,6267,9,11182,California
Siskiyou,2021-03-22,208,17313,21,6354,165,10587,22,372,145,5022,60,6327,167,11349,California
Siskiyou,2021-03-23,176,17489,19,6373,148,10735,9,381,128,5111,48,6375,137,11486,California
Siskiyou,2021-03-24,143,17632,47,6420,96,10831,0,381,116,5200,27,6402,116,11602,California
Siskiyou,2021-03-25,566,18198,316,6736,247,11078,3,384,396,5429,170,6572,399,12001,California
Siskiyou,2021-03-26,305,18503,35,6771,270,11348,0,384,104,5334,199,6771,104,12105,California
Siskiyou,2021-03-27,39,18542,6,6777,28,11376,5,389,11,5322,28,6799,16,12121,California
Siskiyou,2021-03-28,7,18549,6,6783,1,11377,0,389,5,5325,2,6801,5,12126,California
Siskiyou,2021-03-29,95,18644,10,6793,83,11460,2,391,45,5322,50,6851,47,12173,California
Siskiyou,2021-03-30,102,18746,6,6799,95,11555,1,392,41,5303,61,6912,42,12215,California
Siskiyou,2021-03-31,181,18927,12,6811,166,11721,3,395,48,5223,132,7044,52,12267,California
Siskiyou,2021-04-01,827,19754,669,7480,158,11879,0,395,214,4824,613,7657,214,12481,California
Siskiyou,2021-04-02,348,20102,197,7677,147,12026,4,399,66,4614,280,7937,70,12551,California
Siskiyou,2021-04-03,26,20128,5,7682,14,12040,7,406,5,4605,21,7958,12,12563,California
Siskiyou,2021-04-04,2,20130,1,7683,1,12041,0,406,1,4605,1,7959,1,12564,California
Siskiyou,2021-04-05,437,20567,332,8015,80,12121,25,431,27,4248,409,8368,52,12616,California
Siskiyou,2021-04-06,220,20787,36,8051,131,12252,53,484,126,4333,93,8461,178,12794,California
Siskiyou,2021-04-07,114,20901,10,8061,63,12315,41,525,65,4390,49,8510,106,12900,California
Siskiyou,2021-04-08,349,21250,179,8240,127,12442,43,568,64,4212,285,8795,107,13007,California
Siskiyou,2021-04-09,546,21796,378,8618,130,12572,38,606,84,3874,461,9256,123,13130,California
Siskiyou,2021-04-10,46,21842,6,8624,3,12575,37,643,7,3879,39,9295,44,13174,California
Siskiyou,2021-04-11,7,21849,5,8629,1,12576,1,644,2,3877,5,9300,3,13177,California
Siskiyou,2021-04-12,128,21977,24,8653,103,12679,1,645,48,3846,80,9380,49,13226,California
Siskiyou,2021-04-13,206,22183,37,8690,168,12847,1,646,82,3805,124,9504,83,13309,California
Siskiyou,2021-04-14,155,22338,64,8754,91,12938,0,646,84,3820,69,9573,84,13393,California
Siskiyou,2021-04-15,1116,23454,957,9711,159,13097,0,646,437,3578,679,10252,437,13830,California
Siskiyou,2021-04-16,300,23754,208,9919,92,13189,0,646,268,3815,31,10283,268,14098,California
Siskiyou,2021-04-17,12,23766,9,9928,3,13192,0,646,7,3817,5,10288,7,14105,California
Siskiyou,2021-04-18,5,23771,3,9931,2,13194,0,646,1,3814,4,10292,1,14106,California
Siskiyou,2021-04-19,127,23898,24,9955,103,13297,0,646,45,3777,82,10374,45,14151,California
Siskiyou,2021-04-20,220,24118,4,9959,216,13513,0,646,91,3739,129,10503,91,14242,California
Siskiyou,2021-04-21,95,24213,10,9969,85,13598,0,646,25,3694,70,10573,25,14267,California
Siskiyou,2021-04-22,410,24623,298,10267,112,13710,0,646,50,3384,360,10933,50,14317,California
Siskiyou,2021-04-23,181,24804,15,10282,166,13876,0,646,159,3522,21,10954,159,14476,California
Siskiyou,2021-04-24,28,24832,4,10286,24,13900,0,646,20,3534,8,10962,20,14496,California
Siskiyou,2021-04-25,2,24834,0,10286,2,13902,0,646,2,3536,0,10962,2,14498,California
Siskiyou,2021-04-26,102,24936,6,10292,91,13993,5,651,26,3491,76,11038,31,14529,California
Siskiyou,2021-04-27,112,25048,4,10296,106,14099,2,653,85,3553,25,11063,87,14616,California
Siskiyou,2021-04-28,109,25157,7,10303,94,14193,8,661,52,3556,57,11120,60,14676,California
Siskiyou,2021-04-29,143,25300,14,10317,129,14322,0,661,27,3467,116,11236,27,14703,California
Siskiyou,2021-04-30,103,25403,21,10338,81,14403,1,662,45,3457,55,11291,45,14748,California
Siskiyou,2021-05-01,11,25414,7,10345,1,14404,3,665,7,3463,4,11295,10,14758,California
Siskiyou,2021-05-02,10,25424,4,10349,6,14410,0,665,8,3469,2,11297,8,14766,California
Siskiyou,2021-05-03,108,25532,24,10373,82,14492,2,667,45,3453,63,11360,47,14813,California
Siskiyou,2021-05-04,121,25653,6,10379,113,14605,2,669,60,3455,60,11420,62,14875,California
Siskiyou,2021-05-05,114,25767,19,10398,86,14691,9,678,39,3429,74,11494,48,14923,California
Siskiyou,2021-05-06,367,26134,296,10694,65,14756,6,684,190,3448,177,11671,196,15119,California
Siskiyou,2021-05-07,309,26443,219,10913,85,14841,5,689,33,3211,275,11946,38,15157,California
Siskiyou,2021-05-08,25,26468,4,10917,20,14861,1,690,18,3223,7,11953,19,15176,California
Siskiyou,2021-05-09,1,26469,0,10917,1,14862,0,690,0,3222,1,11954,0,15176,California
Siskiyou,2021-05-10,99,26568,68,10985,30,14892,1,691,22,3168,77,12031,23,15199,California
Siskiyou,2021-05-11,86,26654,8,10993,73,14965,5,696,51,3189,35,12066,56,15255,California
Siskiyou,2021-05-12,53,26707,4,10997,45,15010,4,700,15,3170,38,12104,19,15274,California
Siskiyou,2021-05-13,76,26783,31,11028,36,15046,9,709,34,3171,42,12146,43,15317,California
Siskiyou,2021-05-14,169,26952,81,11109,87,15133,1,710,102,3208,66,12212,103,15420,California
Siskiyou,2021-05-15,44,26996,14,11123,28,15161,2,712,37,3241,6,12218,39,15459,California
Siskiyou,2021-05-16,6,27002,2,11125,4,15165,0,712,4,3243,2,12220,4,15463,California
Siskiyou,2021-05-17,64,27066,2,11127,39,15204,23,735,11,3224,53,12273,34,15497,California
Siskiyou,2021-05-18,216,27282,81,11208,131,15335,4,739,122,3257,93,12366,126,15623,California
Siskiyou,2021-05-19,155,27437,97,11305,57,15392,1,740,124,3351,31,12397,125,15748,California
Siskiyou,2021-05-20,493,27930,422,11727,69,15461,2,742,226,3312,267,12664,228,15976,California
Siskiyou,2021-05-21,181,28111,95,11822,86,15547,0,742,108,3348,72,12736,108,16084,California
Siskiyou,2021-05-22,41,28152,19,11841,22,15569,0,742,26,3359,15,12751,26,16110,California
Siskiyou,2021-05-23,4,28156,3,11844,1,15570,0,742,2,3359,2,12753,2,16112,California
Siskiyou,2021-05-24,18,28174,3,11847,15,15585,0,742,5,3352,12,12765,5,16117,California
Siskiyou,2021-05-25,156,28330,16,11863,120,15705,20,762,51,3320,103,12868,71,16188,California
Siskiyou,2021-05-26,75,28405,19,11882,56,15761,0,762,41,3327,34,12902,41,16229,California
Siskiyou,2021-05-27,129,28534,93,11975,35,15796,1,763,56,3311,73,12975,57,16286,California
Siskiyou,2021-05-28,153,28687,57,12032,95,15891,1,764,101,3362,51,13026,102,16388,California
Siskiyou,2021-05-29,16,28703,9,12041,4,15895,3,767,5,3359,11,13037,8,16396,California
Siskiyou,2021-05-31,2,28705,1,12042,0,15895,1,768,1,3360,1,13038,2,16398,California
Siskiyou,2021-06-01,86,28791,20,12062,66,15961,0,768,29,3333,56,13094,29,16427,California
Siskiyou,2021-06-02,121,28912,35,12097,86,16047,0,768,44,3300,77,13171,44,16471,California
Siskiyou,2021-06-03,148,29060,103,12200,40,16087,5,773,35,3227,113,13284,40,16511,California
Siskiyou,2021-06-04,103,29163,81,12281,22,16109,0,773,22,3168,81,13365,22,16533,California
Siskiyou,2021-06-05,35,29198,16,12297,18,16127,1,774,13,3160,22,13387,14,16547,California
Siskiyou,2021-06-06,3,29201,2,12299,0,16127,1,775,0,3158,3,13390,1,16548,California
Siskiyou,2021-06-07,22,29223,3,12302,18,16145,1,776,18,3173,4,13394,19,16567,California
Solano,2020-12-15,4,4,4,4,0,0,0,0,4,4,0,0,4,4,California
Solano,2020-12-16,70,74,70,74,0,0,0,0,70,74,0,0,70,74,California
Solano,2020-12-17,171,245,171,245,0,0,0,0,171,245,0,0,171,245,California
Solano,2020-12-18,477,722,476,721,1,1,0,0,477,722,0,0,477,722,California
Solano,2020-12-19,521,1243,521,1242,0,1,0,0,521,1243,0,0,521,1243,California
Solano,2020-12-20,353,1596,351,1593,2,3,0,0,353,1596,0,0,353,1596,California
Solano,2020-12-21,577,2173,575,2168,2,5,0,0,577,2173,0,0,577,2173,California
Solano,2020-12-22,662,2835,629,2797,33,38,0,0,662,2835,0,0,662,2835,California
Solano,2020-12-23,864,3699,772,3569,92,130,0,0,863,3697,1,1,863,3698,California
Solano,2020-12-24,422,4121,171,3740,251,381,0,0,422,4119,0,1,422,4120,California
Solano,2020-12-25,9,4130,1,3741,8,389,0,0,9,4128,0,1,9,4129,California
Solano,2020-12-26,172,4302,47,3788,125,514,0,0,172,4300,0,1,172,4301,California
Solano,2020-12-27,105,4407,29,3817,76,590,0,0,105,4405,0,1,105,4406,California
Solano,2020-12-28,868,5275,423,4240,445,1035,0,0,868,5273,0,1,868,5274,California
Solano,2020-12-29,906,6181,371,4611,535,1570,0,0,906,6179,0,1,906,6180,California
Solano,2020-12-30,1231,7412,593,5204,638,2208,0,0,1231,7410,0,1,1231,7411,California
Solano,2020-12-31,542,7954,138,5342,404,2612,0,0,542,7952,0,1,542,7953,California
Solano,2021-01-01,15,7969,14,5356,1,2613,0,0,15,7967,0,1,15,7968,California
Solano,2021-01-02,216,8185,167,5523,49,2662,0,0,216,8183,0,1,216,8184,California
Solano,2021-01-03,56,8241,40,5563,16,2678,0,0,50,8233,0,1,50,8234,California
Solano,2021-01-04,454,8695,246,5809,208,2886,0,0,437,8660,10,11,437,8671,California
Solano,2021-01-05,734,9429,379,6188,355,3241,0,0,574,9079,155,166,574,9245,California
Solano,2021-01-06,845,10274,437,6625,408,3649,0,0,573,9382,270,436,573,9818,California
Solano,2021-01-07,1068,11342,685,7310,383,4032,0,0,590,9497,476,912,591,10409,California
Solano,2021-01-08,1148,12490,781,8091,367,4399,0,0,550,9469,580,1492,552,10961,California
Solano,2021-01-09,886,13376,763,8854,123,4522,0,0,427,9440,456,1948,427,11388,California
Solano,2021-01-10,259,13635,193,9047,66,4588,0,0,158,9497,101,2049,158,11546,California
Solano,2021-01-11,1339,14974,1125,10172,214,4802,0,0,816,9791,522,2571,816,12362,California
Solano,2021-01-12,1569,16543,1167,11339,402,5204,0,0,1020,10264,548,3119,1021,13383,California
Solano,2021-01-13,1470,18013,1006,12345,464,5668,0,0,1210,11216,258,3377,1210,14593,California
Solano,2021-01-14,1891,19904,811,13156,1080,6748,0,0,1579,12484,311,3688,1579,16172,California
Solano,2021-01-15,1717,21621,1056,14212,661,7409,0,0,1422,13611,295,3983,1422,17594,California
Solano,2021-01-16,1297,22918,909,15121,388,7797,0,0,1122,14558,175,4158,1122,18716,California
Solano,2021-01-17,1055,23973,759,15880,296,8093,0,0,1035,15574,20,4178,1036,19752,California
Solano,2021-01-18,1423,25396,850,16730,573,8666,0,0,1307,16766,116,4294,1308,21060,California
Solano,2021-01-19,1657,27053,1340,18070,317,8983,0,0,1389,17888,267,4561,1389,22449,California
Solano,2021-01-20,2030,29083,1420,19490,610,9593,0,0,1544,18949,483,5044,1544,23993,California
Solano,2021-01-21,3208,32291,1018,20508,2190,11783,0,0,2855,21452,353,5397,2856,26849,California
Solano,2021-01-22,1773,34064,846,21354,927,12710,0,0,1579,22837,194,5591,1579,28428,California
Solano,2021-01-23,742,34806,243,21597,499,13209,0,0,536,23167,207,5798,537,28965,California
Solano,2021-01-24,408,35214,62,21659,346,13555,0,0,340,23439,68,5866,340,29305,California
Solano,2021-01-25,1679,36893,632,22291,1047,14602,0,0,1118,23998,560,6426,1119,30424,California
Solano,2021-01-26,1796,38689,742,23033,1054,15656,0,0,1157,24517,639,7065,1158,31582,California
Solano,2021-01-27,1812,40501,725,23758,1087,16743,0,0,1194,25100,611,7676,1194,32776,California
Solano,2021-01-28,1967,42468,712,24470,1255,17998,0,0,1371,25877,595,8271,1372,34148,California
Solano,2021-01-29,1725,44193,789,25259,936,18934,0,0,1357,26868,366,8637,1357,35505,California
Solano,2021-01-30,963,45156,461,25720,502,19436,0,0,618,27142,345,8982,619,36124,California
Solano,2021-01-31,248,45404,157,25877,91,19527,0,0,173,27240,75,9057,173,36297,California
Solano,2021-02-01,1557,46961,1032,26909,525,20052,0,0,777,27240,777,9834,777,37074,California
Solano,2021-02-02,3372,50333,1093,28002,2279,22331,0,0,2559,28990,809,10643,2559,39633,California
Solano,2021-02-03,2272,52605,1314,29316,958,23289,0,0,1169,29059,1100,11743,1169,40802,California
Solano,2021-02-04,1807,54412,907,30223,900,24189,0,0,1075,29407,727,12470,1075,41877,California
Solano,2021-02-05,3117,57529,1421,31644,1696,25885,0,0,2107,30512,1002,13472,2107,43984,California
Solano,2021-02-06,3073,60602,1173,32817,1900,27785,0,0,2250,31943,819,14291,2250,46234,California
Solano,2021-02-07,851,61453,783,33600,68,27853,0,0,235,31563,615,14906,235,46469,California
Solano,2021-02-08,1764,63217,1235,34835,529,28382,0,0,719,31239,1043,15949,719,47188,California
Solano,2021-02-09,1953,65170,1490,36325,463,28845,0,0,698,30683,1254,17203,698,47886,California
Solano,2021-02-10,2275,67445,1500,37825,775,29620,0,0,831,30070,1444,18647,831,48717,California
Solano,2021-02-11,2523,69968,1494,39319,1029,30649,0,0,1198,29954,1314,19961,1198,49915,California
Solano,2021-02-12,4258,74226,1628,40947,2630,33279,0,0,2904,31511,1347,21308,2904,52819,California
Solano,2021-02-13,2865,77091,243,41190,2622,35901,0,0,2451,33551,411,21719,2451,55270,California
Solano,2021-02-14,728,77819,205,41395,523,36424,0,0,406,33638,320,22039,407,55677,California
Solano,2021-02-15,1334,79153,328,41723,1006,37430,0,0,686,33677,647,22686,686,56363,California
Solano,2021-02-16,2560,81713,1385,43108,1175,38605,0,0,1665,34449,894,23580,1666,58029,California
Solano,2021-02-17,3227,84940,1451,44559,1776,40381,0,0,2188,35602,1036,24616,2189,60218,California
Solano,2021-02-18,2913,87853,845,45404,2068,42449,0,0,863,34422,2044,26660,864,61082,California
Solano,2021-02-19,2472,90325,1456,46860,1016,43465,0,0,1174,34305,1293,27953,1176,62258,California
Solano,2021-02-20,2749,93074,389,47249,2360,45825,0,0,2232,36019,518,28471,2232,64490,California
Solano,2021-02-21,2323,95397,1998,49247,325,46150,0,0,1998,37696,321,28792,1998,66488,California
Solano,2021-02-22,1806,97203,1064,50311,742,46892,0,0,941,37775,863,29655,942,67430,California
Solano,2021-02-23,2887,100090,1087,51398,1800,48692,0,0,1964,38821,918,30573,1964,69394,California
Solano,2021-02-24,2536,102626,1266,52664,1270,49962,0,0,1412,39112,1122,31695,1413,70807,California
Solano,2021-02-25,2573,105199,1568,54232,1005,50967,0,0,1424,39392,1144,32839,1424,72231,California
Solano,2021-02-26,3396,108595,2152,56384,1244,52211,0,0,1952,39906,1438,34277,1952,74183,California
Solano,2021-02-27,3981,112576,1531,57915,2449,54660,1,1,3217,42369,755,35032,3218,77401,California
Solano,2021-02-28,1941,114517,1564,59479,376,55036,1,2,1613,43658,325,35357,1614,79015,California
Solano,2021-03-01,2642,117159,1223,60702,1418,56454,1,3,1975,44974,660,36017,1976,80991,California
Solano,2021-03-02,2268,119427,1405,62107,863,57317,0,3,1292,45291,975,36992,1292,82283,California
Solano,2021-03-03,2248,121675,1266,63373,982,58299,0,3,1390,45833,849,37841,1391,83674,California
Solano,2021-03-04,4389,126064,3435,66808,952,59251,2,5,3159,47777,1220,39061,3164,86838,California
Solano,2021-03-05,4944,131008,1685,68493,3254,62505,5,10,3975,50798,959,40020,3980,90818,California
Solano,2021-03-06,3857,134865,829,69322,2989,65494,39,49,2650,52292,1195,41215,2689,93507,California
Solano,2021-03-07,3591,138456,760,70082,2821,68315,10,59,1968,52661,1610,42825,1979,95486,California
Solano,2021-03-08,2140,140596,1346,71428,526,68841,268,327,1618,54028,517,43342,1884,97370,California
Solano,2021-03-09,3231,143827,1569,72997,1608,70449,54,381,2332,55512,898,44240,2382,99752,California
Solano,2021-03-10,2426,146253,1762,74759,579,71028,85,466,1272,55719,1149,45389,1356,101108,California
Solano,2021-03-11,6030,152283,1757,76516,4020,75048,253,719,4979,59905,1047,46436,5233,106341,California
Solano,2021-03-12,6032,158315,1569,78085,4285,79333,178,897,3166,60386,2862,49298,3343,109684,California
Solano,2021-03-13,4587,162902,804,78889,3703,83036,80,977,2232,60353,2348,51646,2315,111999,California
Solano,2021-03-14,4016,166918,3137,82026,423,83459,456,1433,1548,59891,2463,54109,2001,114000,California
Solano,2021-03-15,4026,170944,2457,84483,1243,84702,326,1759,2509,61214,1510,55619,2833,116833,California
Solano,2021-03-16,3078,174022,1318,85801,1521,86223,239,1998,1560,61497,1514,57133,1797,118630,California
Solano,2021-03-17,6470,180492,1666,87467,4713,90936,91,2089,4941,65003,1526,58659,5032,123662,California
Solano,2021-03-18,5227,185719,1848,89315,3340,94276,39,2128,3749,67322,1470,60129,3789,127451,California
Solano,2021-03-19,3571,189290,2640,91955,855,95131,76,2204,1718,67274,1845,61974,1797,129248,California
Solano,2021-03-20,5594,194884,1681,93636,3860,98991,53,2257,2647,67037,2937,64911,2700,131948,California
Solano,2021-03-21,1685,196569,1579,95215,81,99072,25,2282,372,66122,1310,66221,395,132343,California
Solano,2021-03-22,2671,199240,2040,97255,580,99652,51,2333,1542,66588,1123,67344,1589,133932,California
Solano,2021-03-23,3564,202804,1682,98937,1840,101492,42,2375,1409,65886,2152,69496,1450,135382,California
Solano,2021-03-24,2832,205636,1773,100710,1024,102516,35,2410,1359,65811,1467,70963,1392,136774,California
Solano,2021-03-25,4879,210515,4005,104715,839,103355,35,2445,2272,65515,2603,73566,2307,139081,California
Solano,2021-03-26,3239,213754,2111,106826,1090,104445,38,2483,1739,65801,1491,75057,1777,140858,California
Solano,2021-03-27,4215,217969,1157,107983,3020,107465,38,2521,1660,64948,2549,77606,1696,142554,California
Solano,2021-03-28,1425,219394,1117,109100,290,107755,18,2539,545,64635,876,78482,563,143117,California
Solano,2021-03-29,3528,222922,2047,111147,1465,109220,16,2555,1577,64292,1936,80418,1593,144710,California
Solano,2021-03-30,3036,225958,2014,113161,928,110148,94,2649,1886,65123,1148,81566,1979,146689,California
Solano,2021-03-31,3139,229097,2137,115298,843,110991,159,2808,1837,65816,1299,82865,1992,148681,California
Solano,2021-04-01,5559,234656,2107,117405,3298,114289,154,2962,3511,67446,2035,84900,3665,152346,California
Solano,2021-04-02,6629,241285,2229,119634,4234,118523,166,3128,2552,66101,4062,88962,2717,155063,California
Solano,2021-04-03,1526,242811,963,120597,410,118933,153,3281,569,65867,955,89917,721,155784,California
Solano,2021-04-04,781,243592,291,120888,189,119122,301,3582,240,65871,537,90454,541,156325,California
Solano,2021-04-05,2980,246572,2039,122927,734,119856,207,3789,1512,66122,1466,91920,1717,158042,California
Solano,2021-04-06,6083,252655,1640,124567,3955,123811,488,4277,1651,63834,4425,96345,2137,160179,California
Solano,2021-04-07,5959,258614,4612,129179,947,124758,400,4677,3391,65076,2548,98893,3790,163969,California
Solano,2021-04-08,6473,265087,1792,130971,3808,128566,873,5550,1809,63117,4635,103528,2676,166645,California
Solano,2021-04-09,6296,271383,1664,132635,3778,132344,854,6404,1515,60725,4756,108284,2364,169009,California
Solano,2021-04-10,1744,273127,964,133599,450,132794,330,6734,803,60917,940,109224,1132,170141,California
Solano,2021-04-11,1217,274344,765,134364,333,133127,119,6853,641,61104,573,109797,760,170901,California
Solano,2021-04-12,3272,277616,1687,136051,1222,134349,363,7216,1350,60902,1917,111714,1715,172616,California
Solano,2021-04-13,2532,280148,1092,137143,1439,135788,1,7217,1319,61013,1210,112924,1321,173937,California
Solano,2021-04-14,6476,286624,1950,139093,4526,140314,0,7217,1815,58177,4653,117577,1817,175754,California
Solano,2021-04-15,5703,292327,2150,141243,3553,143867,0,7217,1729,55947,3960,121537,1730,177484,California
Solano,2021-04-16,3668,295995,2582,143825,1084,144951,2,7219,2276,56839,1386,122923,2278,179762,California
Solano,2021-04-17,3256,299251,1059,144884,2197,147148,0,7219,1111,55814,2137,125060,1112,180874,California
Solano,2021-04-18,1009,300260,618,145502,391,147539,0,7219,527,55860,481,125541,527,181401,California
Solano,2021-04-19,2140,302400,1156,146658,984,148523,0,7219,1171,56070,963,126504,1173,182574,California
Solano,2021-04-20,3004,305404,1828,148486,1176,149699,0,7219,1662,56396,1336,127840,1662,184236,California
Solano,2021-04-21,3815,309219,2333,150819,1482,151181,0,7219,2013,56615,1794,129634,2013,186249,California
Solano,2021-04-22,2991,312210,1487,152306,1504,152685,0,7219,1788,57203,1201,130835,1789,188038,California
Solano,2021-04-23,4150,316360,2095,154401,2055,154740,0,7219,2504,58067,1641,132476,2505,190543,California
Solano,2021-04-24,3886,320246,2344,156745,1540,156280,2,7221,2583,59436,1216,133692,2585,193128,California
Solano,2021-04-25,1425,321671,1110,157855,315,156595,0,7221,1125,60268,293,133985,1125,194253,California
Solano,2021-04-26,2549,324220,1648,159503,897,157492,4,7225,1398,60531,1139,135124,1402,195655,California
Solano,2021-04-27,2545,326765,1266,160769,1251,158743,28,7253,1440,60905,1095,136219,1469,197124,California
Solano,2021-04-28,6032,332797,4987,165756,999,159742,46,7299,3777,62484,2244,138463,3823,200947,California
Solano,2021-04-29,4520,337317,1433,167189,3055,162797,32,7331,2041,62086,2471,140934,2073,203020,California
Solano,2021-04-30,4107,341424,2183,169372,1786,164583,138,7469,1897,61925,2196,143130,2035,205055,California
Solano,2021-05-01,2176,343600,1677,171049,298,164881,201,7670,1292,62539,879,144009,1493,206548,California
Solano,2021-05-02,1198,344798,939,171988,233,165114,26,7696,663,62698,530,144539,689,207237,California
Solano,2021-05-03,1455,346253,1013,173001,355,165469,87,7783,596,62524,858,145397,684,207921,California
Solano,2021-05-04,1800,348053,1047,174048,687,166156,66,7849,812,62415,987,146384,878,208799,California
Solano,2021-05-05,2264,350317,1417,175465,733,166889,114,7963,1087,62441,1173,147557,1199,209998,California
Solano,2021-05-06,1997,352314,1190,176655,597,167486,210,8173,730,62123,1257,148814,939,210937,California
Solano,2021-05-07,2790,355104,1936,178591,734,168220,120,8293,965,61389,1817,150631,1083,212020,California
Solano,2021-05-08,1421,356525,881,179472,425,168645,115,8408,529,61144,889,151520,644,212664,California
Solano,2021-05-09,418,356943,241,179713,166,168811,11,8419,153,61047,262,151782,165,212829,California
Solano,2021-05-10,1322,358265,606,180319,611,169422,105,8524,383,60601,934,152716,488,213317,California
Solano,2021-05-11,2232,360497,1123,181442,1025,170447,84,8608,634,59726,1593,154309,718,214035,California
Solano,2021-05-12,2047,362544,1154,182596,724,171171,169,8777,672,59205,1360,155669,839,214874,California
Solano,2021-05-13,2889,365433,1985,184581,694,171865,210,8987,1526,59581,1360,157029,1736,216610,California
Solano,2021-05-14,2407,367840,1624,186205,662,172527,121,9108,1001,59306,1397,158426,1122,217732,California
Solano,2021-05-15,2863,370703,2232,188437,569,173096,62,9170,1124,58765,1727,160153,1186,218918,California
Solano,2021-05-16,1481,372184,1087,189524,361,173457,33,9203,242,57803,1236,161389,274,219192,California
Solano,2021-05-17,2447,374631,1400,190924,960,174417,87,9290,888,57235,1539,162928,971,220163,California
Solano,2021-05-18,2908,377539,1618,192542,1201,175618,89,9379,1472,57371,1424,164352,1560,221723,California
Solano,2021-05-19,4945,382484,3410,195952,1429,177047,106,9485,1910,56363,3025,167377,2017,223740,California
Solano,2021-05-20,2242,384726,1350,197302,843,177890,49,9534,836,55848,1400,168777,885,224625,California
Solano,2021-05-21,3171,387897,1625,198927,1490,179380,56,9590,1266,55276,1894,170671,1322,225947,California
Solano,2021-05-22,2155,390052,1669,200596,429,179809,57,9647,917,55020,1230,171901,974,226921,California
Solano,2021-05-23,1225,391277,1062,201658,152,179961,11,9658,691,55191,531,172432,702,227623,California
Solano,2021-05-24,1840,393117,1042,202700,726,180687,72,9730,624,54676,1210,173642,695,228318,California
Solano,2021-05-25,1627,394744,823,203523,746,181433,58,9788,594,54301,1027,174669,652,228970,California
Solano,2021-05-26,1878,396622,1079,204602,745,182178,54,9842,708,53900,1163,175832,762,229732,California
Solano,2021-05-27,1843,398465,822,205424,947,183125,74,9916,700,53538,1135,176967,773,230505,California
Solano,2021-05-28,1906,400371,918,206342,937,184062,51,9967,659,53010,1239,178206,711,231216,California
Solano,2021-05-29,648,401019,320,206662,298,184360,30,9997,322,53037,324,178530,351,231567,California
Solano,2021-05-30,323,401342,155,206817,143,184503,25,10022,119,52980,201,178731,144,231711,California
Solano,2021-05-31,127,401469,18,206835,100,184603,9,10031,24,52910,103,178834,33,231744,California
Solano,2021-06-01,1820,403289,1163,207998,579,185182,78,10109,754,52680,1061,179895,831,232575,California
Solano,2021-06-02,1550,404839,1020,209018,466,185648,64,10173,705,52608,838,180733,766,233341,California
Solano,2021-06-03,1690,406529,1246,210264,363,186011,81,10254,566,52137,1119,181852,648,233989,California
Solano,2021-06-04,1627,408156,1124,211388,436,186447,67,10321,539,51659,1083,182935,605,234594,California
Solano,2021-06-05,1288,409444,1002,212390,238,186685,48,10369,424,51270,860,183795,471,235065,California
Solano,2021-06-06,375,409819,275,212665,82,186767,18,10387,131,51175,244,184039,149,235214,California
Solano,2021-06-07,729,410548,581,213246,109,186876,39,10426,264,51015,463,184502,303,235517,California
Sonoma,2020-12-15,4,4,4,4,0,0,0,0,4,4,0,0,4,4,California
Sonoma,2020-12-16,28,32,28,32,0,0,0,0,28,32,0,0,28,32,California
Sonoma,2020-12-17,110,142,110,142,0,0,0,0,110,142,0,0,110,142,California
Sonoma,2020-12-18,436,578,436,578,0,0,0,0,436,578,0,0,436,578,California
Sonoma,2020-12-19,113,691,112,690,1,1,0,0,113,691,0,0,113,691,California
Sonoma,2020-12-20,175,866,175,865,0,1,0,0,175,866,0,0,175,866,California
Sonoma,2020-12-21,910,1776,908,1773,2,3,0,0,909,1775,0,0,909,1775,California
Sonoma,2020-12-22,1358,3134,1267,3040,91,94,0,0,1358,3133,0,0,1358,3133,California
Sonoma,2020-12-23,1606,4740,1232,4272,374,468,0,0,1607,4740,0,0,1607,4740,California
Sonoma,2020-12-24,309,5049,102,4374,207,675,0,0,309,5049,0,0,309,5049,California
Sonoma,2020-12-25,9,5058,2,4376,7,682,0,0,9,5058,0,0,9,5058,California
Sonoma,2020-12-26,268,5326,257,4633,11,693,0,0,268,5326,0,0,268,5326,California
Sonoma,2020-12-27,96,5422,81,4714,15,708,0,0,96,5422,0,0,96,5422,California
Sonoma,2020-12-28,987,6409,551,5265,436,1144,0,0,958,6380,0,0,958,6380,California
Sonoma,2020-12-29,1133,7542,780,6045,353,1497,0,0,1099,7479,0,0,1099,7479,California
Sonoma,2020-12-30,1097,8639,480,6525,617,2114,0,0,1089,8568,0,0,1089,8568,California
Sonoma,2020-12-31,521,9160,71,6596,450,2564,0,0,522,9090,0,0,522,9090,California
Sonoma,2021-01-01,21,9181,12,6608,9,2573,0,0,21,9111,0,0,21,9111,California
Sonoma,2021-01-02,132,9313,126,6734,6,2579,0,0,132,9243,0,0,132,9243,California
Sonoma,2021-01-03,25,9338,10,6744,15,2594,0,0,25,9268,0,0,25,9268,California
Sonoma,2021-01-04,342,9680,106,6850,236,2830,0,0,341,9609,0,0,341,9609,California
Sonoma,2021-01-05,431,10111,101,6951,330,3160,0,0,404,9997,16,16,404,10013,California
Sonoma,2021-01-06,952,11063,434,7385,518,3678,0,0,838,10727,108,124,838,10851,California
Sonoma,2021-01-07,1034,12097,538,7923,496,4174,0,0,859,11412,174,298,859,11710,California
Sonoma,2021-01-08,1797,13894,1236,9159,561,4735,0,0,1314,12245,481,779,1314,13024,California
Sonoma,2021-01-09,642,14536,404,9563,238,4973,0,0,593,12789,49,828,593,13617,California
Sonoma,2021-01-10,474,15010,463,10026,11,4984,0,0,278,12871,196,1024,278,13895,California
Sonoma,2021-01-11,1389,16399,1241,11267,148,5132,0,0,415,12317,969,1993,415,14310,California
Sonoma,2021-01-12,1547,17946,1291,12558,256,5388,0,0,397,11566,1148,3141,397,14707,California
Sonoma,2021-01-13,2048,19994,1371,13929,677,6065,0,0,1179,11880,866,4007,1180,15887,California
Sonoma,2021-01-14,1539,21533,806,14735,733,6798,0,0,1310,12961,229,4236,1310,17197,California
Sonoma,2021-01-15,1562,23095,628,15363,934,7732,0,0,1339,14087,214,4450,1340,18537,California
Sonoma,2021-01-16,1148,24243,618,15981,530,8262,0,0,900,14743,244,4694,900,19437,California
Sonoma,2021-01-17,673,24916,552,16533,121,8383,0,0,593,15256,80,4774,593,20030,California
Sonoma,2021-01-18,1108,26024,937,17470,171,8554,0,0,619,15387,489,5263,620,20650,California
Sonoma,2021-01-19,2100,28124,1003,18473,1097,9651,0,0,1387,16064,711,5974,1388,22038,California
Sonoma,2021-01-20,2095,30219,631,19104,1464,11115,0,0,1425,16830,660,6634,1426,23464,California
Sonoma,2021-01-21,2268,32487,647,19751,1621,12736,0,0,2048,18661,218,6852,2049,25513,California
Sonoma,2021-01-22,2744,35231,1046,20797,1698,14434,0,0,2594,21106,149,7001,2594,28107,California
Sonoma,2021-01-23,766,35997,592,21389,174,14608,0,0,658,21657,107,7108,658,28765,California
Sonoma,2021-01-24,848,36845,719,22108,129,14737,0,0,830,22469,18,7126,830,29595,California
Sonoma,2021-01-25,2183,39028,520,22628,1663,16400,0,0,1695,23676,488,7614,1695,31290,California
Sonoma,2021-01-26,2046,41074,302,22930,1744,18144,0,0,1586,24803,459,8073,1586,32876,California
Sonoma,2021-01-27,3748,44822,1285,24215,2463,20607,0,0,3166,27391,580,8653,3168,36044,California
Sonoma,2021-01-28,4134,48956,1850,26065,2284,22891,0,0,3452,30166,679,9332,3454,39498,California
Sonoma,2021-01-29,3009,51965,1420,27485,1589,24480,0,0,2163,31486,844,10176,2164,41662,California
Sonoma,2021-01-30,2593,54558,2405,29890,188,24668,0,0,2248,33390,345,10521,2249,43911,California
Sonoma,2021-01-31,813,55371,698,30588,115,24783,0,0,582,33742,230,10751,582,44493,California
Sonoma,2021-02-01,2483,57854,854,31442,1629,26412,0,0,2102,35467,377,11128,2102,46595,California
Sonoma,2021-02-02,3597,61451,1396,32838,2201,28613,0,0,3019,37911,575,11703,3019,49614,California
Sonoma,2021-02-03,4053,65504,1328,34166,2725,31338,0,0,3113,40088,936,12639,3113,52727,California
Sonoma,2021-02-04,4220,69724,1730,35896,2490,33828,0,0,3423,42717,795,13434,3424,56151,California
Sonoma,2021-02-05,4834,74558,1751,37647,3083,36911,0,0,3806,45500,1024,14458,3807,59958,California
Sonoma,2021-02-06,2650,77208,2289,39936,361,37272,0,0,2117,47085,532,14990,2117,62075,California
Sonoma,2021-02-07,1549,78757,1411,41347,138,37410,0,0,1292,48120,257,15247,1292,63367,California
Sonoma,2021-02-08,3279,82036,1042,42389,2237,39647,0,0,2685,50212,593,15840,2685,66052,California
Sonoma,2021-02-09,3583,85619,1703,44092,1880,41527,0,0,3102,52836,479,16319,3103,69155,California
Sonoma,2021-02-10,4561,90180,2492,46584,2069,43596,0,0,3553,55388,1002,17321,3554,72709,California
Sonoma,2021-02-11,5595,95775,3030,49614,2565,46161,0,0,4406,58607,1187,18508,4406,77115,California
Sonoma,2021-02-12,5935,101710,3263,52877,2672,48833,0,0,4497,61674,1434,19942,4501,81616,California
Sonoma,2021-02-13,1997,103707,1155,54032,842,49675,0,0,1204,62088,790,20732,1204,82820,California
Sonoma,2021-02-14,2322,106029,1830,55862,492,50167,0,0,1580,62927,741,21473,1580,84400,California
Sonoma,2021-02-15,2150,108179,798,56660,1352,51519,0,0,1612,64001,538,22011,1612,86012,California
Sonoma,2021-02-16,4918,113097,2057,58717,2861,54380,0,0,3648,66384,1266,23277,3649,89661,California
Sonoma,2021-02-17,5615,118712,2908,61625,2707,57087,0,0,3576,67932,2030,25307,3578,93239,California
Sonoma,2021-02-18,6961,125673,3144,64769,3817,60904,0,0,4017,69017,2933,28240,4018,97257,California
Sonoma,2021-02-19,5580,131253,1681,66450,3899,64803,0,0,3459,70362,2116,30356,3461,100718,California
Sonoma,2021-02-20,3135,134388,2842,69292,293,65096,0,0,1217,69667,1912,32268,1217,101935,California
Sonoma,2021-02-21,538,134926,429,69721,109,65205,0,0,142,69417,392,32660,142,102077,California
Sonoma,2021-02-22,2959,137885,1405,71126,1554,66759,0,0,1230,68923,1724,34384,1230,103307,California
Sonoma,2021-02-23,3443,141328,2113,73239,1330,68089,0,0,1609,68702,1830,36214,1609,104916,California
Sonoma,2021-02-24,5721,147049,2575,75814,3146,71235,0,0,2938,68865,2777,38991,2940,107856,California
Sonoma,2021-02-25,6020,153069,2354,78168,3666,74901,0,0,3233,69334,2764,41755,3233,111089,California
Sonoma,2021-02-26,6648,159717,2939,81107,3709,78610,0,0,4222,71137,2419,44174,4222,115311,California
Sonoma,2021-02-27,4211,163928,1967,83074,2244,80854,0,0,2840,72608,1369,45543,2840,118151,California
Sonoma,2021-02-28,2511,166439,1860,84934,651,81505,0,0,770,71651,1727,47270,770,118921,California
Sonoma,2021-03-01,4122,170561,1316,86250,2805,84310,1,1,2166,71873,1946,49216,2168,121089,California
Sonoma,2021-03-02,4411,174972,1521,87771,2889,87199,1,2,2549,72568,1855,51071,2550,123639,California
Sonoma,2021-03-03,5073,180045,2649,90420,2424,89623,0,2,2336,72175,2729,53800,2336,125975,California
Sonoma,2021-03-04,5977,186022,2696,93116,3281,92904,0,2,2599,71410,3364,57164,2599,128574,California
Sonoma,2021-03-05,6504,192526,2871,95987,3618,96522,15,17,2741,70418,3749,60913,2757,131331,California
Sonoma,2021-03-06,2793,195319,1222,97209,1436,97958,135,152,1921,71608,865,61778,2055,133386,California
Sonoma,2021-03-07,1730,197049,1414,98623,280,98238,36,188,384,70684,1344,63122,420,133806,California
Sonoma,2021-03-08,4084,201133,663,99286,3246,101484,175,363,2402,71588,1671,64793,2575,136381,California
Sonoma,2021-03-09,5613,206746,3092,102378,2251,103735,270,633,2762,71764,2843,67636,3019,139400,California
Sonoma,2021-03-10,6032,212778,3198,105576,2484,106219,350,983,2437,70968,3581,71217,2785,142185,California
Sonoma,2021-03-11,7569,220347,3029,108605,3714,109933,826,1809,2575,69385,4982,76199,3399,145584,California
Sonoma,2021-03-12,7428,227775,2266,110871,3795,113728,1367,3176,2102,67542,5307,81506,3464,149048,California
Sonoma,2021-03-13,3430,231205,1695,112566,1496,115224,239,3415,2006,68359,1423,82929,2240,151288,California
Sonoma,2021-03-14,1387,232592,381,112947,864,116088,142,3557,847,68810,537,83466,988,152276,California
Sonoma,2021-03-15,5252,237844,1519,114466,3348,119436,385,3942,2170,68292,3071,86537,2553,154829,California
Sonoma,2021-03-16,6305,244149,2255,116721,3820,123256,230,4172,2900,68023,3397,89934,3128,157957,California
Sonoma,2021-03-17,6804,250953,3561,120282,3063,126319,180,4352,3292,67994,3499,93433,3470,161427,California
Sonoma,2021-03-18,7145,258098,2944,123226,3585,129904,616,4968,3122,67715,4013,97446,3734,165161,California
Sonoma,2021-03-19,7530,265628,3269,126495,4033,133937,228,5196,3059,66554,4452,101898,3291,168452,California
Sonoma,2021-03-20,3720,269348,1755,128250,1138,135075,827,6023,2015,67694,1697,103595,2837,171289,California
Sonoma,2021-03-21,1385,270733,598,128848,752,135827,35,6058,1203,68755,177,103772,1238,172527,California
Sonoma,2021-03-22,4584,275317,3124,131972,1359,137186,101,6159,3340,70957,1238,105010,3440,175967,California
Sonoma,2021-03-23,5874,281191,3645,135617,2158,139344,71,6230,4434,74033,1430,106440,4506,180473,California
Sonoma,2021-03-24,6849,288040,4302,139919,2478,141822,69,6299,4180,75632,2649,109089,4248,184721,California
Sonoma,2021-03-25,7146,295186,4216,144135,2818,144640,112,6411,4294,77213,2826,111915,4407,189128,California
Sonoma,2021-03-26,7455,302641,3468,147603,3894,148534,93,6504,3812,77495,3622,115537,3904,193032,California
Sonoma,2021-03-27,3879,306520,1506,149109,2009,150543,364,6868,1037,76062,2832,118369,1399,194431,California
Sonoma,2021-03-28,1516,308036,950,150059,539,151082,27,6895,800,76176,713,119082,827,195258,California
Sonoma,2021-03-29,2968,311004,1107,151166,1828,152910,33,6928,1534,76317,1426,120508,1567,196825,California
Sonoma,2021-03-30,5866,316870,3225,154391,2579,155489,62,6990,3051,76622,2808,123316,3113,199938,California
Sonoma,2021-03-31,5625,322495,3411,157802,1998,157487,216,7206,3247,77721,2364,125680,3463,203401,California
Sonoma,2021-04-01,6940,329435,4071,161873,2525,160012,344,7550,3764,78671,3149,128829,4099,207500,California
Sonoma,2021-04-02,5962,335397,3571,165444,2281,162293,110,7660,3582,79991,2371,131200,3691,211191,California
Sonoma,2021-04-03,3649,339046,1824,167268,1602,163895,223,7883,1607,79789,2030,133230,1828,213019,California
Sonoma,2021-04-04,1069,340115,695,167963,283,164178,91,7974,664,80144,400,133630,755,213774,California
Sonoma,2021-04-05,4443,344558,648,168611,3451,167629,344,8318,1676,79403,2760,136390,2019,215793,California
Sonoma,2021-04-06,6908,351466,3496,172107,3005,170634,407,8725,4015,80944,2879,139269,4420,220213,California
Sonoma,2021-04-07,6859,358325,3875,175982,2145,172779,839,9564,3337,81603,3511,142780,4170,224383,California
Sonoma,2021-04-08,7657,365982,4151,180133,2732,175511,774,10338,4194,83112,3454,146234,4963,229346,California
Sonoma,2021-04-09,6867,372849,3830,183963,2147,177658,890,11228,3539,84220,3314,149548,4422,233768,California
Sonoma,2021-04-10,3908,376757,1703,185666,1646,179304,559,11787,1141,83156,2758,152306,1694,235462,California
Sonoma,2021-04-11,1284,378041,606,186272,597,179901,81,11868,439,82832,844,153150,520,235982,California
Sonoma,2021-04-12,4966,383007,2064,188336,2413,182314,489,12357,1849,82058,3105,156255,2331,238313,California
Sonoma,2021-04-13,7864,390871,4659,192995,3203,185517,2,12359,2993,80193,4861,161116,2996,241309,California
Sonoma,2021-04-14,6579,397450,3744,196739,2815,188332,20,12379,2523,78693,4043,165159,2543,243852,California
Sonoma,2021-04-15,7253,404703,4110,200849,3143,191475,0,12379,3586,78626,3655,168814,3588,247440,California
Sonoma,2021-04-16,6785,411488,3402,204251,3381,194856,2,12381,3831,79514,2945,171759,3833,251273,California
Sonoma,2021-04-17,3197,414685,1560,205811,1637,196493,0,12381,1545,79422,1638,173397,1546,252819,California
Sonoma,2021-04-18,1286,415971,892,206703,394,196887,0,12381,450,79037,835,174232,450,253269,California
Sonoma,2021-04-19,3320,419291,1881,208584,1438,198325,1,12382,1446,78614,1870,176102,1447,254716,California
Sonoma,2021-04-20,6274,425565,3467,212051,2807,201132,0,12382,2339,77030,3924,180026,2340,257056,California
Sonoma,2021-04-21,6615,432180,4230,216281,2383,203515,2,12384,3036,76508,3559,183585,3037,260093,California
Sonoma,2021-04-22,6251,438431,4483,220764,1768,205283,0,12384,2520,75314,3714,187299,2520,262613,California
Sonoma,2021-04-23,7431,445862,4631,225395,2794,208077,6,12390,3630,75164,3787,191086,3637,266250,California
Sonoma,2021-04-24,2777,448639,1507,226902,1255,209332,15,12405,1547,75501,1225,192311,1562,267812,California
Sonoma,2021-04-25,1086,449725,790,227692,296,209628,0,12405,430,75278,653,192964,430,268242,California
Sonoma,2021-04-26,2888,452613,1379,229071,1481,211109,28,12433,1582,75590,1298,194262,1610,269852,California
Sonoma,2021-04-27,5420,458033,3693,232764,1615,212724,112,12545,2222,74737,3187,197449,2334,272186,California
Sonoma,2021-04-28,4896,462929,3229,235993,1470,214194,197,12742,2095,74240,2784,200233,2287,274473,California
Sonoma,2021-04-29,5081,468010,3585,239578,1351,215545,145,12887,1911,73137,3159,203392,2056,276529,California
Sonoma,2021-04-30,5456,473466,3632,243210,1530,217075,294,13181,1811,71612,3630,207022,2105,278634,California
Sonoma,2021-05-01,2483,475949,1786,244996,592,217667,105,13286,1233,71704,1242,208264,1334,279968,California
Sonoma,2021-05-02,865,476814,645,245641,169,217836,51,13337,551,71993,314,208578,603,280571,California
Sonoma,2021-05-03,3183,479997,1682,247323,1356,219192,145,13482,1049,71060,2125,210703,1192,281763,California
Sonoma,2021-05-04,4587,484584,2404,249727,2005,221197,178,13660,1460,69587,3106,213809,1633,283396,California
Sonoma,2021-05-05,3670,488254,2179,251906,1297,222494,194,13854,1312,68745,2346,216155,1504,284900,California
Sonoma,2021-05-06,4548,492802,2408,254314,2012,224506,128,13982,1339,67041,3168,219323,1464,286364,California
Sonoma,2021-05-07,3598,496400,2314,256628,1161,225667,123,14105,1085,65745,2503,221826,1207,287571,California
Sonoma,2021-05-08,1850,498250,1260,257888,498,226165,92,14197,752,65496,1093,222919,844,288415,California
Sonoma,2021-05-09,500,498750,284,258172,175,226340,41,14238,172,65384,325,223244,213,288628,California
Sonoma,2021-05-10,2315,501065,1042,259214,1139,227479,134,14372,289,63792,2012,225256,420,289048,California
Sonoma,2021-05-11,3488,504553,1879,261093,1494,228973,115,14487,932,62298,2541,227797,1047,290095,California
Sonoma,2021-05-12,3892,508445,2415,263508,1338,230311,139,14626,813,60180,3069,230866,951,291046,California
Sonoma,2021-05-13,4740,513185,2723,266231,1902,232213,115,14741,1566,58697,3162,234028,1679,292725,California
Sonoma,2021-05-14,5808,518993,3609,269840,2061,234274,138,14879,2219,57480,3575,237603,2358,295083,California
Sonoma,2021-05-15,2923,521916,2151,271991,711,234985,61,14940,1846,58317,1069,238672,1906,296989,California
Sonoma,2021-05-16,1314,523230,1097,273088,158,235143,59,14999,979,59024,331,239003,1038,298027,California
Sonoma,2021-05-17,2458,525688,1833,274921,530,235673,95,15094,935,58535,1518,240521,1029,299056,California
Sonoma,2021-05-18,4331,530019,2858,277779,1364,237037,109,15203,1494,57326,2819,243340,1610,300666,California
Sonoma,2021-05-19,3736,533755,2402,280181,1219,238256,115,15318,1489,56695,2235,245575,1604,302270,California
Sonoma,2021-05-20,3038,536793,2073,282254,873,239129,92,15410,1240,56235,1787,247362,1327,303597,California
Sonoma,2021-05-21,3846,540639,2202,284456,1515,240644,129,15539,1390,55305,2436,249798,1506,305103,California
Sonoma,2021-05-22,2070,542709,1120,285576,910,241554,40,15579,560,54406,1499,251297,600,305703,California
Sonoma,2021-05-23,1225,543934,1079,286655,133,241687,13,15592,686,54571,534,251831,699,306402,California
Sonoma,2021-05-24,1961,545895,1246,287901,585,242272,130,15722,660,54090,1271,253102,790,307192,California
Sonoma,2021-05-25,2916,548811,1796,289697,1032,243304,88,15810,755,52784,2148,255250,842,308034,California
Sonoma,2021-05-26,2456,551267,1724,291421,626,243930,106,15916,1000,52441,1446,256696,1103,309137,California
Sonoma,2021-05-27,2074,553341,1134,292555,844,244774,96,16012,700,51870,1366,258062,795,309932,California
Sonoma,2021-05-28,2143,555484,1127,293682,924,245698,92,16104,621,51073,1510,259572,713,310645,California
Sonoma,2021-05-29,1333,556817,913,294595,353,246051,67,16171,646,51108,678,260250,713,311358,California
Sonoma,2021-05-30,340,557157,211,294806,119,246170,10,16181,136,51054,200,260450,146,311504,California
Sonoma,2021-05-31,71,557228,26,294832,44,246214,1,16182,17,51018,54,260504,18,311522,California
Sonoma,2021-06-01,1911,559139,1091,295923,743,246957,77,16259,693,50578,1205,261709,765,312287,California
Sonoma,2021-06-02,1571,560710,961,296884,496,247453,114,16373,685,50494,882,262591,798,313085,California
Sonoma,2021-06-03,1992,562702,1387,298271,525,247978,80,16453,506,49600,1478,264069,584,313669,California
Sonoma,2021-06-04,2667,565369,2181,300452,376,248354,110,16563,533,48115,2127,266196,642,314311,California
Sonoma,2021-06-05,1788,567157,1485,301937,273,248627,30,16593,295,46952,1488,267684,325,314636,California
Sonoma,2021-06-06,998,568155,919,302856,69,248696,10,16603,156,46279,839,268523,166,314802,California
Sonoma,2021-06-07,882,569037,794,303650,65,248761,23,16626,150,45725,725,269248,171,314973,California
Stanislaus,2020-12-15,3,3,3,3,0,0,0,0,3,3,0,0,3,3,California
Stanislaus,2020-12-16,37,40,37,40,0,0,0,0,37,40,0,0,37,40,California
Stanislaus,2020-12-17,74,114,74,114,0,0,0,0,74,114,0,0,74,114,California
Stanislaus,2020-12-18,341,455,335,449,6,6,0,0,341,455,0,0,341,455,California
Stanislaus,2020-12-19,132,587,132,581,0,6,0,0,132,587,0,0,132,587,California
Stanislaus,2020-12-20,86,673,86,667,0,6,0,0,86,673,0,0,86,673,California
Stanislaus,2020-12-21,996,1669,995,1662,1,7,0,0,995,1668,1,1,996,1669,California
Stanislaus,2020-12-22,793,2462,781,2443,12,19,0,0,793,2461,0,1,793,2462,California
Stanislaus,2020-12-23,448,2910,430,2873,18,37,0,0,447,2908,1,2,448,2910,California
Stanislaus,2020-12-24,97,3007,88,2961,9,46,0,0,97,3005,0,2,97,3007,California
Stanislaus,2020-12-26,52,3059,9,2970,43,89,0,0,52,3057,0,2,52,3059,California
Stanislaus,2020-12-27,11,3070,6,2976,5,94,0,0,11,3068,0,2,11,3070,California
Stanislaus,2020-12-28,487,3557,394,3370,93,187,0,0,487,3555,0,2,487,3557,California
Stanislaus,2020-12-29,495,4052,415,3785,80,267,0,0,495,4050,0,2,495,4052,California
Stanislaus,2020-12-30,532,4584,279,4064,253,520,0,0,531,4580,1,3,531,4583,California
Stanislaus,2020-12-31,277,4861,157,4221,120,640,0,0,277,4857,0,3,277,4860,California
Stanislaus,2021-01-01,14,4875,5,4226,9,649,0,0,14,4871,0,3,14,4874,California
Stanislaus,2021-01-02,33,4908,26,4252,7,656,0,0,33,4904,0,3,33,4907,California
Stanislaus,2021-01-03,90,4998,87,4339,3,659,0,0,90,4994,0,3,90,4997,California
Stanislaus,2021-01-04,232,5230,153,4492,79,738,0,0,231,5224,1,4,231,5228,California
Stanislaus,2021-01-05,838,6068,346,4838,492,1230,0,0,813,6021,24,28,821,6049,California
Stanislaus,2021-01-06,1001,7069,597,5435,404,1634,0,0,928,6882,70,98,931,6980,California
Stanislaus,2021-01-07,1077,8146,703,6138,374,2008,0,0,884,7582,187,285,887,7867,California
Stanislaus,2021-01-08,1272,9418,718,6856,554,2562,0,0,927,8173,342,627,933,8800,California
Stanislaus,2021-01-09,289,9707,141,6997,148,2710,0,0,200,8284,89,716,200,9000,California
Stanislaus,2021-01-10,47,9754,20,7017,27,2737,0,0,29,8295,18,734,29,9029,California
Stanislaus,2021-01-11,1496,11250,1213,8230,283,3020,0,0,572,7966,918,1652,589,9618,California
Stanislaus,2021-01-12,1472,12722,866,9096,606,3626,0,0,830,8168,638,2290,840,10458,California
Stanislaus,2021-01-13,1445,14167,687,9783,758,4384,0,0,1122,8979,322,2612,1133,11591,California
Stanislaus,2021-01-14,2240,16407,284,10067,1956,6340,0,0,2067,10947,170,2782,2138,13729,California
Stanislaus,2021-01-15,2824,19231,1158,11225,1666,8006,0,0,2667,13544,153,2935,2750,16479,California
Stanislaus,2021-01-16,472,19703,50,11275,422,8428,0,0,453,13981,18,2953,455,16934,California
Stanislaus,2021-01-17,244,19947,202,11477,42,8470,0,0,237,14212,6,2959,237,17171,California
Stanislaus,2021-01-18,2188,22135,1022,12499,1166,9636,0,0,1796,15697,387,3346,1872,19043,California
Stanislaus,2021-01-19,1253,23388,723,13222,530,10166,0,0,804,16057,445,3791,805,19848,California
Stanislaus,2021-01-20,1009,24397,489,13711,520,10686,0,0,715,16479,293,4084,715,20563,California
Stanislaus,2021-01-21,3693,28090,2978,16689,715,11401,0,0,3363,19626,326,4410,3473,24036,California
Stanislaus,2021-01-22,1097,29187,308,16997,789,12190,0,0,1052,20640,41,4451,1055,25091,California
Stanislaus,2021-01-23,356,29543,42,17039,314,12504,0,0,297,20880,58,4509,298,25389,California
Stanislaus,2021-01-24,302,29845,100,17139,202,12706,0,0,236,21052,66,4575,238,25627,California
Stanislaus,2021-01-25,3158,33003,227,17366,2931,15637,0,0,2828,23737,294,4869,2979,28606,California
Stanislaus,2021-01-26,1727,34730,747,18113,980,16617,0,0,1298,24630,422,5291,1315,29921,California
Stanislaus,2021-01-27,1892,36622,1051,19164,841,17458,0,0,1188,25161,658,5949,1189,31110,California
Stanislaus,2021-01-28,2208,38830,1511,20675,697,18155,0,0,1717,26458,482,6431,1779,32889,California
Stanislaus,2021-01-29,2445,41275,1197,21872,1248,19403,0,0,1912,27934,487,6918,1963,34852,California
Stanislaus,2021-01-30,293,41568,132,22004,161,19564,0,0,229,28110,53,6971,229,35081,California
Stanislaus,2021-01-31,368,41936,314,22318,54,19618,0,0,353,28451,12,6983,353,35434,California
Stanislaus,2021-02-01,1295,43231,585,22903,710,20328,0,0,941,29050,343,7326,942,36376,California
Stanislaus,2021-02-02,1211,44442,347,23250,864,21192,0,0,775,29402,425,7751,777,37153,California
Stanislaus,2021-02-03,2612,47054,1232,24482,1380,22572,0,0,1915,30639,692,8443,1929,39082,California
Stanislaus,2021-02-04,2090,49144,711,25193,1379,23951,0,0,1581,31731,495,8938,1587,40669,California
Stanislaus,2021-02-05,2852,51996,1470,26663,1382,25333,0,0,1591,32136,1199,10137,1604,42273,California
Stanislaus,2021-02-06,885,52881,299,26962,586,25919,0,0,692,32639,191,10328,694,42967,California
Stanislaus,2021-02-07,232,53113,207,27169,25,25944,0,0,43,32497,186,10514,44,43011,California
Stanislaus,2021-02-08,2037,55150,1336,28505,701,26645,0,0,1098,32723,896,11410,1122,44133,California
Stanislaus,2021-02-09,1839,56989,783,29288,1056,27701,0,0,1042,33001,774,12184,1052,45185,California
Stanislaus,2021-02-10,1934,58923,533,29821,1401,29102,0,0,1011,33113,901,13085,1013,46198,California
Stanislaus,2021-02-11,5398,64321,3275,33096,2123,31225,0,0,1231,30398,3952,17037,1237,47435,California
Stanislaus,2021-02-12,3300,67621,915,34011,2385,33610,0,0,1450,30089,1768,18805,1459,48894,California
Stanislaus,2021-02-13,1352,68973,650,34661,702,34312,0,0,983,30713,363,19168,987,49881,California
Stanislaus,2021-02-14,417,69390,165,34826,252,34564,0,0,350,30998,65,19233,350,50231,California
Stanislaus,2021-02-15,1816,71206,229,35055,1587,36151,0,0,580,30460,1122,20355,584,50815,California
Stanislaus,2021-02-16,1362,72568,423,35478,939,37090,0,0,578,30268,772,21127,580,51395,California
Stanislaus,2021-02-17,2754,75322,1686,37164,1068,38158,0,0,1920,31370,829,21956,1931,53326,California
Stanislaus,2021-02-18,3362,78684,1901,39065,1461,39619,0,0,1780,31690,1494,23450,1814,55140,California
Stanislaus,2021-02-19,2766,81450,1070,40135,1696,41315,0,0,1514,32020,1208,24658,1538,56678,California
Stanislaus,2021-02-20,753,82203,383,40518,370,41685,0,0,477,32242,256,24914,478,57156,California
Stanislaus,2021-02-21,906,83109,692,41210,214,41899,0,0,545,32461,337,25251,556,57712,California
Stanislaus,2021-02-22,2350,85459,1697,42907,653,42552,0,0,1632,33396,698,25949,1633,59345,California
Stanislaus,2021-02-23,3748,89207,680,43587,3068,45620,0,0,1741,33301,1847,27796,1752,61097,California
Stanislaus,2021-02-24,4186,93393,2853,46440,1333,46953,0,0,3125,35389,1040,28836,3128,64225,California
Stanislaus,2021-02-25,3952,97345,2718,49158,1234,48187,0,0,3150,37758,784,29620,3153,67378,California
Stanislaus,2021-02-26,4211,101556,1215,50373,2996,51183,0,0,2836,39287,1319,30939,2848,70226,California
Stanislaus,2021-02-27,2093,103649,711,51084,1381,52564,1,1,1860,40945,204,31143,1862,72088,California
Stanislaus,2021-02-28,825,104474,262,51346,563,53127,0,1,775,41682,39,31182,776,72864,California
Stanislaus,2021-03-01,2784,107258,1641,52987,1141,54268,2,3,1635,42223,1108,32290,1649,74513,California
Stanislaus,2021-03-02,2396,109654,1425,54412,970,55238,1,4,1660,43164,722,33012,1663,76176,California
Stanislaus,2021-03-03,3712,113366,2228,56640,1480,56718,4,8,2904,45280,791,33803,2907,79083,California
Stanislaus,2021-03-04,5439,118805,3104,59744,2319,59037,16,24,4190,48265,1217,35020,4202,83285,California
Stanislaus,2021-03-05,4080,122885,1117,60861,2947,61984,16,40,3084,50397,967,35987,3099,86384,California
Stanislaus,2021-03-06,3577,126462,2230,63091,1254,63238,93,133,2722,52363,851,36838,2817,89201,California
Stanislaus,2021-03-07,850,127312,387,63478,427,63665,36,169,664,52882,181,37019,700,89901,California
Stanislaus,2021-03-08,1990,129302,861,64339,1040,64705,89,258,1331,53661,640,37659,1419,91320,California
Stanislaus,2021-03-09,2178,131480,903,65242,1183,65888,92,350,1636,54864,530,38189,1733,93053,California
Stanislaus,2021-03-10,5065,136545,2503,67745,2339,68227,223,573,3737,57528,1309,39498,3973,97026,California
Stanislaus,2021-03-11,5717,142262,3140,70885,2101,70328,476,1049,4120,60701,1427,40925,4600,101626,California
Stanislaus,2021-03-12,5766,148028,1228,72113,2616,72944,1922,2971,2913,62706,2828,43753,4833,106459,California
Stanislaus,2021-03-13,3392,151420,2180,74293,1142,74086,70,3041,2694,64786,691,44444,2771,109230,California
Stanislaus,2021-03-14,989,152409,595,74888,343,74429,51,3092,485,64823,501,44945,538,109768,California
Stanislaus,2021-03-15,3689,156098,1975,76863,1353,75782,361,3453,1602,64802,1990,46935,1969,111737,California
Stanislaus,2021-03-16,4926,161024,2456,79319,2058,77840,412,3865,3545,67398,1360,48295,3956,115693,California
Stanislaus,2021-03-17,4720,165744,2854,82173,1688,79528,178,4043,2878,68648,1812,50107,3062,118755,California
Stanislaus,2021-03-18,5421,171165,3422,85595,1933,81461,66,4109,2928,69307,2340,52447,2999,121754,California
Stanislaus,2021-03-19,5924,177089,1539,87134,2864,84325,1521,5630,3104,71149,2780,55227,4622,126376,California
Stanislaus,2021-03-20,3841,180930,3007,90141,766,85091,68,5698,3364,74112,470,55697,3433,129809,California
Stanislaus,2021-03-21,1005,181935,903,91044,37,85128,65,5763,765,74705,237,55934,830,130639,California
Stanislaus,2021-03-22,2819,184754,1327,92371,767,85895,725,6488,1237,75116,1553,57487,1964,132603,California
Stanislaus,2021-03-23,3945,188699,2021,94392,1664,87559,260,6748,2804,77075,1124,58611,3083,135686,California
Stanislaus,2021-03-24,4550,193249,3221,97613,1261,88820,68,6816,2634,77911,1869,60480,2705,138391,California
Stanislaus,2021-03-25,4252,197501,2925,100538,1311,90131,16,6832,1818,77390,2356,62836,1835,140226,California
Stanislaus,2021-03-26,4748,202249,1335,101873,3338,93469,75,6907,2377,77517,2338,65174,2465,142691,California
Stanislaus,2021-03-27,4401,206650,2741,104614,1578,95047,82,6989,1379,75982,3004,68178,1469,144160,California
Stanislaus,2021-03-28,1105,207755,438,105052,559,95606,108,7097,317,75637,776,68954,431,144591,California
Stanislaus,2021-03-29,2976,210731,1825,106877,1112,96718,39,7136,1978,76672,988,69942,2023,146614,California
Stanislaus,2021-03-30,3676,214407,2064,108941,1586,98304,26,7162,2230,77497,1437,71379,2262,148876,California
Stanislaus,2021-03-31,5425,219832,3853,112794,1453,99757,119,7281,2771,77758,2633,74012,2894,151770,California
Stanislaus,2021-04-01,5734,225566,3836,116630,1809,101566,89,7370,2631,77406,3083,77095,2731,154501,California
Stanislaus,2021-04-02,5008,230574,1210,117840,3644,105210,154,7524,2235,77124,2683,79778,2401,156902,California
Stanislaus,2021-04-03,4542,235116,3299,121139,1206,106416,37,7561,2240,77122,2292,82070,2290,159192,California
Stanislaus,2021-04-04,1323,236439,473,121612,820,107236,30,7591,651,77142,665,82735,685,159877,California
Stanislaus,2021-04-05,3630,240069,2529,124141,853,108089,248,7839,2354,78482,1266,84001,2606,162483,California
Stanislaus,2021-04-06,5746,245815,4170,128311,1301,109390,275,8114,3074,79179,2658,86659,3355,165838,California
Stanislaus,2021-04-07,6344,252159,3596,131907,2325,111715,423,8537,2826,78936,3500,90159,3257,169095,California
Stanislaus,2021-04-08,5679,257838,3323,135230,1923,113638,433,8970,2772,79260,2884,93043,3208,172303,California
Stanislaus,2021-04-09,4819,262657,2103,137333,2344,115982,372,9342,2183,79216,2612,95655,2568,174871,California
Stanislaus,2021-04-10,6488,269145,3983,141316,866,116848,1639,10981,1997,78380,4465,100120,3629,178500,California
Stanislaus,2021-04-11,1518,270663,847,142163,538,117386,133,11114,664,78326,852,100972,798,179298,California
Stanislaus,2021-04-12,3590,274253,2046,144209,1099,118485,445,11559,1872,78953,1698,102670,2325,181623,California
Stanislaus,2021-04-13,5191,279444,3418,147627,1760,120245,13,11572,2917,79643,2234,104904,2924,184547,California
Stanislaus,2021-04-14,4645,284089,3248,150875,1395,121640,2,11574,2255,79547,2358,107262,2262,186809,California
Stanislaus,2021-04-15,5389,289478,3317,154192,2070,123710,2,11576,3239,80678,2111,109373,3242,190051,California
Stanislaus,2021-04-16,4304,293782,992,155184,3311,127021,1,11577,1816,80051,2446,111819,1819,191870,California
Stanislaus,2021-04-17,3162,296944,2127,157311,1035,128056,0,11577,1838,80580,1312,113131,1841,193711,California
Stanislaus,2021-04-18,532,297476,217,157528,314,128370,1,11578,409,80875,116,113247,411,194122,California
Stanislaus,2021-04-19,3455,300931,2448,159976,1006,129376,1,11579,1636,80733,1787,115034,1645,195767,California
Stanislaus,2021-04-20,3968,304899,2409,162385,1559,130935,0,11579,1731,80259,2207,117241,1733,197500,California
Stanislaus,2021-04-21,3825,308724,2558,164943,1266,132201,1,11580,1599,79679,2186,119427,1606,199106,California
Stanislaus,2021-04-22,3950,312674,2405,167348,1545,133746,0,11580,1571,78921,2334,121761,1576,200682,California
Stanislaus,2021-04-23,3584,316258,843,168191,2740,136486,1,11581,1462,78360,2031,123792,1470,202152,California
Stanislaus,2021-04-24,3783,320041,2928,171119,855,137341,0,11581,1790,78179,1976,125768,1795,203947,California
Stanislaus,2021-04-25,937,320978,480,171599,457,137798,0,11581,688,78628,243,126011,692,204639,California
Stanislaus,2021-04-26,3326,324304,2337,173936,983,138781,6,11587,1023,77380,2282,128293,1034,205673,California
Stanislaus,2021-04-27,3997,328301,2776,176712,1177,139958,44,11631,1142,75740,2830,131123,1190,206863,California
Stanislaus,2021-04-28,4255,332556,3023,179735,1170,141128,62,11693,1837,75250,2399,133522,1909,208772,California
Stanislaus,2021-04-29,3631,336187,2253,181988,1330,142458,48,11741,1445,74580,2173,135695,1503,210275,California
Stanislaus,2021-04-30,4492,340679,2042,184030,2366,144824,84,11825,1776,73744,2704,138399,1868,212143,California
Stanislaus,2021-05-01,2706,343385,1924,185954,742,145566,40,11865,1015,73123,1684,140083,1063,213206,California
Stanislaus,2021-05-02,1074,344459,614,186568,424,145990,36,11901,521,73139,547,140630,563,213769,California
Stanislaus,2021-05-03,2412,346871,1926,188494,415,146405,71,11972,910,72633,1490,142120,984,214753,California
Stanislaus,2021-05-04,3469,350340,2467,190961,912,147317,90,12062,1066,71407,2391,144511,1165,215918,California
Stanislaus,2021-05-05,3184,353524,2130,193091,979,148296,75,12137,1085,70492,2079,146590,1164,217082,California
Stanislaus,2021-05-06,3152,356676,2338,195429,690,148986,124,12261,1017,69524,2116,148706,1148,218230,California
Stanislaus,2021-05-07,2300,358976,882,196311,1255,150241,163,12424,937,69271,1355,150061,1102,219332,California
Stanislaus,2021-05-08,1959,360935,1341,197652,585,150826,33,12457,713,68793,1231,151292,753,220085,California
Stanislaus,2021-05-09,710,361645,340,197992,344,151170,26,12483,306,68724,402,151694,333,220418,California
Stanislaus,2021-05-10,1668,363313,1136,199128,445,151615,87,12570,449,68054,1208,152902,538,220956,California
Stanislaus,2021-05-11,2328,365641,1471,200599,703,152318,154,12724,658,67211,1659,154561,816,221772,California
Stanislaus,2021-05-12,2144,367785,1220,201819,824,153142,100,12824,829,66840,1302,155863,931,222703,California
Stanislaus,2021-05-13,1847,369632,1021,202840,712,153854,114,12938,843,66799,999,156862,958,223661,California
Stanislaus,2021-05-14,2593,372225,1155,203995,1302,155156,136,13074,1195,66748,1383,158245,1332,224993,California
Stanislaus,2021-05-15,2473,374698,1768,205763,655,155811,50,13124,1198,66738,1266,159511,1256,226249,California
Stanislaus,2021-05-16,1020,375718,665,206428,347,156158,8,13132,554,66845,459,159970,566,226815,California
Stanislaus,2021-05-17,1927,377645,1294,207722,552,156710,81,13213,943,66893,978,160948,1026,227841,California
Stanislaus,2021-05-18,2197,379842,1501,209223,582,157292,114,13327,1161,67143,1024,161972,1274,229115,California
Stanislaus,2021-05-19,3015,382857,2062,211285,803,158095,150,13477,1346,66984,1660,163632,1501,230616,California
Stanislaus,2021-05-20,1844,384701,961,212246,783,158878,100,13577,757,66764,1080,164712,860,231476,California
Stanislaus,2021-05-21,2063,386764,961,213207,1010,159888,92,13669,847,66503,1201,165913,940,232416,California
Stanislaus,2021-05-22,1671,388435,1007,214214,597,160485,67,13736,739,66384,925,166838,806,233222,California
Stanislaus,2021-05-23,863,389298,557,214771,294,160779,12,13748,401,66339,458,167296,413,233635,California
Stanislaus,2021-05-24,1574,390872,1082,215853,417,161196,75,13823,610,66072,960,168256,693,234328,California
Stanislaus,2021-05-25,1692,392564,1163,217016,433,161629,96,13919,831,66144,857,169113,929,235257,California
Stanislaus,2021-05-26,1875,394439,1177,218193,649,162278,49,13968,894,66115,972,170085,943,236200,California
Stanislaus,2021-05-27,1709,396148,940,219133,694,162972,75,14043,640,65770,1060,171145,715,236915,California
Stanislaus,2021-05-28,1946,398094,884,220017,983,163955,79,14122,856,65621,1084,172229,935,237850,California
Stanislaus,2021-05-29,1310,399404,843,220860,426,164381,41,14163,611,65580,695,172924,654,238504,California
Stanislaus,2021-05-30,453,399857,273,221133,146,164527,34,14197,215,65594,235,173159,249,238753,California
Stanislaus,2021-05-31,259,400116,122,221255,130,164657,7,14204,97,65537,161,173320,104,238857,California
Stanislaus,2021-06-01,1530,401646,971,222226,519,165176,40,14244,627,65309,898,174218,670,239527,California
Stanislaus,2021-06-02,1664,403310,1078,223304,522,165698,64,14308,766,65253,889,175107,833,240360,California
Stanislaus,2021-06-03,903,404213,486,223790,376,166074,41,14349,369,65137,529,175636,413,240773,California
Stanislaus,2021-06-04,441,404654,294,224084,140,166214,7,14356,233,65177,206,175842,246,241019,California
Stanislaus,2021-06-05,290,404944,194,224278,92,166306,4,14360,129,65154,158,176000,135,241154,California
Stanislaus,2021-06-06,158,405102,122,224400,35,166341,1,14361,82,65162,76,176076,84,241238,California
Stanislaus,2021-06-07,32,405134,14,224414,14,166355,4,14365,11,65155,20,176096,13,241251,California
Sutter,2020-12-15,1,1,1,1,0,0,0,0,1,1,0,0,1,1,California
Sutter,2020-12-16,4,5,4,5,0,0,0,0,4,5,0,0,4,5,California
Sutter,2020-12-17,2,7,2,7,0,0,0,0,2,7,0,0,2,7,California
Sutter,2020-12-18,22,29,22,29,0,0,0,0,22,29,0,0,22,29,California
Sutter,2020-12-19,44,73,44,73,0,0,0,0,44,73,0,0,44,73,California
Sutter,2020-12-20,43,116,43,116,0,0,0,0,43,116,0,0,43,116,California
Sutter,2020-12-21,100,216,100,216,0,0,0,0,100,216,0,0,100,216,California
Sutter,2020-12-22,171,387,171,387,0,0,0,0,171,387,0,0,171,387,California
Sutter,2020-12-23,118,505,113,500,5,5,0,0,118,505,0,0,118,505,California
Sutter,2020-12-24,17,522,11,511,6,11,0,0,17,522,0,0,17,522,California
Sutter,2020-12-26,38,560,34,545,4,15,0,0,38,560,0,0,38,560,California
Sutter,2020-12-27,24,584,23,568,1,16,0,0,24,584,0,0,24,584,California
Sutter,2020-12-28,84,668,56,624,28,44,0,0,84,668,0,0,84,668,California
Sutter,2020-12-29,102,770,14,638,88,132,0,0,102,770,0,0,102,770,California
Sutter,2020-12-30,137,907,34,672,103,235,0,0,137,907,0,0,137,907,California
Sutter,2020-12-31,69,976,6,678,63,298,0,0,69,976,0,0,69,976,California
Sutter,2021-01-01,3,979,3,681,0,298,0,0,3,979,0,0,3,979,California
Sutter,2021-01-02,131,1110,129,810,2,300,0,0,131,1110,0,0,131,1110,California
Sutter,2021-01-03,1,1111,0,810,1,301,0,0,1,1111,0,0,1,1111,California
Sutter,2021-01-04,246,1357,138,948,108,409,0,0,246,1357,0,0,246,1357,California
Sutter,2021-01-05,100,1457,57,1005,43,452,0,0,97,1451,3,3,97,1454,California
Sutter,2021-01-06,204,1661,50,1055,154,606,0,0,199,1645,5,8,199,1653,California
Sutter,2021-01-07,253,1914,151,1206,102,708,0,0,244,1881,8,16,244,1897,California
Sutter,2021-01-08,152,2066,41,1247,111,819,0,0,134,1997,18,34,134,2031,California
Sutter,2021-01-09,44,2110,43,1290,1,820,0,0,3,1959,41,75,3,2034,California
Sutter,2021-01-10,395,2505,37,1327,358,1178,0,0,357,2279,37,112,357,2391,California
Sutter,2021-01-11,133,2638,116,1443,17,1195,0,0,25,2196,108,220,25,2416,California
Sutter,2021-01-12,201,2839,164,1607,37,1232,0,0,58,2111,143,363,58,2474,California
Sutter,2021-01-13,165,3004,101,1708,64,1296,0,0,74,2095,90,453,74,2548,California
Sutter,2021-01-14,148,3152,51,1759,97,1393,0,0,129,2205,19,472,129,2677,California
Sutter,2021-01-15,437,3589,132,1891,305,1698,0,0,422,2612,15,487,422,3099,California
Sutter,2021-01-16,384,3973,41,1932,343,2041,0,0,354,2936,30,517,354,3453,California
Sutter,2021-01-17,26,3999,24,1956,2,2043,0,0,10,2930,16,533,10,3463,California
Sutter,2021-01-18,119,4118,64,2020,55,2098,0,0,70,2951,49,582,70,3533,California
Sutter,2021-01-19,103,4221,42,2062,61,2159,0,0,79,3006,24,606,79,3612,California
Sutter,2021-01-20,270,4491,206,2268,64,2223,0,0,250,3236,20,626,250,3862,California
Sutter,2021-01-21,485,4976,316,2584,169,2392,0,0,466,3683,19,645,466,4328,California
Sutter,2021-01-22,242,5218,53,2637,189,2581,0,0,233,3907,9,654,233,4561,California
Sutter,2021-01-23,398,5616,39,2676,359,2940,0,0,372,4253,26,680,372,4933,California
Sutter,2021-01-24,16,5632,14,2690,2,2942,0,0,14,4265,2,682,14,4947,California
Sutter,2021-01-25,307,5939,195,2885,112,3054,0,0,152,4264,154,836,153,5100,California
Sutter,2021-01-26,249,6188,108,2993,141,3195,0,0,144,4304,104,940,144,5244,California
Sutter,2021-01-27,387,6575,255,3248,132,3327,0,0,321,4559,66,1006,321,5565,California
Sutter,2021-01-28,585,7160,361,3609,224,3551,0,0,410,4795,174,1180,410,5975,California
Sutter,2021-01-29,361,7521,85,3694,276,3827,0,0,242,4918,119,1299,242,6217,California
Sutter,2021-01-30,780,8301,39,3733,741,4568,0,0,769,5676,11,1310,769,6986,California
Sutter,2021-01-31,26,8327,25,3758,1,4569,0,0,26,5702,0,1310,26,7012,California
Sutter,2021-02-01,168,8495,51,3809,117,4686,0,0,137,5808,31,1341,137,7149,California
Sutter,2021-02-02,241,8736,24,3833,217,4903,0,0,208,5983,33,1374,208,7357,California
Sutter,2021-02-03,446,9182,39,3872,407,5310,0,0,211,5959,235,1609,211,7568,California
Sutter,2021-02-04,673,9855,363,4235,310,5620,0,0,620,6526,53,1662,620,8188,California
Sutter,2021-02-05,291,10146,32,4267,259,5879,0,0,139,6513,152,1814,139,8327,California
Sutter,2021-02-06,736,10882,31,4298,705,6584,0,0,716,7209,20,1834,716,9043,California
Sutter,2021-02-07,23,10905,20,4318,3,6587,0,0,19,7224,4,1838,19,9062,California
Sutter,2021-02-08,133,11038,29,4347,104,6691,0,0,98,7287,35,1873,98,9160,California
Sutter,2021-02-09,248,11286,45,4392,203,6894,0,0,185,7409,63,1936,185,9345,California
Sutter,2021-02-10,819,12105,381,4773,438,7332,0,0,179,6949,639,2575,179,9524,California
Sutter,2021-02-11,602,12707,270,5043,332,7664,0,0,344,7035,258,2833,344,9868,California
Sutter,2021-02-12,637,13344,67,5110,570,8234,0,0,312,7023,324,3157,312,10180,California
Sutter,2021-02-13,900,14244,48,5158,852,9086,0,0,784,7691,116,3273,784,10964,California
Sutter,2021-02-14,92,14336,26,5184,66,9152,0,0,81,7761,11,3284,81,11045,California
Sutter,2021-02-15,200,14536,73,5257,127,9279,0,0,121,7803,79,3363,121,11166,California
Sutter,2021-02-16,290,14826,45,5302,245,9524,0,0,206,7926,83,3446,206,11372,California
Sutter,2021-02-17,825,15651,430,5732,395,9919,0,0,131,7363,694,4140,131,11503,California
Sutter,2021-02-18,708,16359,56,5788,652,10571,0,0,493,7642,214,4354,493,11996,California
Sutter,2021-02-19,664,17023,378,6166,286,10857,0,0,460,7900,202,4556,460,12456,California
Sutter,2021-02-20,623,17646,56,6222,567,11424,0,0,518,8314,104,4660,518,12974,California
Sutter,2021-02-21,27,17673,25,6247,2,11426,0,0,8,8303,19,4679,8,12982,California
Sutter,2021-02-22,208,17881,122,6369,86,11512,0,0,88,8271,120,4799,88,13070,California
Sutter,2021-02-23,222,18103,32,6401,190,11702,0,0,97,8244,124,4923,97,13167,California
Sutter,2021-02-24,972,19075,347,6748,625,12327,0,0,198,7669,773,5696,198,13365,California
Sutter,2021-02-25,790,19865,502,7250,288,12615,0,0,607,8096,180,5876,607,13972,California
Sutter,2021-02-26,374,20239,61,7311,313,12928,0,0,154,8032,218,6094,154,14126,California
Sutter,2021-02-27,873,21112,49,7360,824,13752,0,0,713,8583,162,6256,713,14839,California
Sutter,2021-02-28,86,21198,42,7402,44,13796,0,0,66,8630,19,6275,66,14905,California
Sutter,2021-03-01,249,21447,61,7463,188,13984,0,0,152,8685,97,6372,152,15057,California
Sutter,2021-03-02,336,21783,59,7522,277,14261,0,0,162,8674,173,6545,162,15219,California
Sutter,2021-03-03,1387,23170,514,8036,873,15134,0,0,644,8581,737,7282,644,15863,California
Sutter,2021-03-04,1255,24425,862,8898,393,15527,0,0,946,9222,305,7587,946,16809,California
Sutter,2021-03-05,339,24764,78,8976,260,15787,1,1,208,9300,131,7718,209,17018,California
Sutter,2021-03-06,1024,25788,47,9023,972,16759,5,6,859,9999,165,7883,864,17882,California
Sutter,2021-03-07,65,25853,23,9046,41,16800,1,7,44,10023,21,7904,45,17927,California
Sutter,2021-03-08,229,26082,80,9126,137,16937,12,19,159,10124,70,7974,171,18098,California
Sutter,2021-03-09,392,26474,142,9268,237,17174,13,32,189,10123,203,8177,202,18300,California
Sutter,2021-03-10,1575,28049,684,9952,828,18002,63,95,527,9668,1045,9222,590,18890,California
Sutter,2021-03-11,892,28941,441,10393,433,18435,18,113,647,10091,242,9464,665,19555,California
Sutter,2021-03-12,682,29623,111,10504,388,18823,183,296,200,9993,479,9943,381,19936,California
Sutter,2021-03-13,993,30616,752,11256,223,19046,18,314,784,10587,207,10150,801,20737,California
Sutter,2021-03-14,132,30748,22,11278,99,19145,11,325,45,10556,87,10237,56,20793,California
Sutter,2021-03-15,325,31073,66,11344,210,19355,49,374,155,10592,168,10405,204,20997,California
Sutter,2021-03-16,393,31466,86,11430,260,19615,47,421,212,10669,181,10586,258,21255,California
Sutter,2021-03-17,1498,32964,562,11992,915,20530,21,442,313,9826,1176,11762,333,21588,California
Sutter,2021-03-18,973,33937,178,12170,595,21125,200,642,568,10190,403,12165,767,22355,California
Sutter,2021-03-19,462,34399,165,12335,268,21393,29,671,284,10327,176,12341,313,22668,California
Sutter,2021-03-20,948,35347,117,12452,820,22213,11,682,857,11104,91,12432,868,23536,California
Sutter,2021-03-21,68,35415,47,12499,18,22231,3,685,32,11103,36,12468,35,23571,California
Sutter,2021-03-22,291,35706,121,12620,143,22374,27,712,213,11266,77,12545,240,23811,California
Sutter,2021-03-23,375,36081,115,12735,228,22602,32,744,253,11428,122,12667,284,24095,California
Sutter,2021-03-24,1684,37765,768,13503,845,23447,71,815,312,10454,1357,14024,383,24478,California
Sutter,2021-03-25,1043,38808,681,14184,319,23766,43,858,369,10195,671,14695,412,24890,California
Sutter,2021-03-26,493,39301,176,14360,300,24066,17,875,294,10310,196,14891,311,25201,California
Sutter,2021-03-27,925,40226,63,14423,860,24926,2,877,819,11028,103,14994,821,26022,California
Sutter,2021-03-28,124,40350,71,14494,53,24979,0,877,77,11060,45,15039,77,26099,California
Sutter,2021-03-29,426,40776,143,14637,227,25206,56,933,223,11138,201,15240,279,26378,California
Sutter,2021-03-30,477,41253,162,14799,305,25511,10,943,315,11301,162,15402,325,26703,California
Sutter,2021-03-31,1260,42513,180,14979,1065,26576,15,958,457,10982,792,16194,473,27176,California
Sutter,2021-04-01,1387,43900,740,15719,459,27035,188,1146,429,10648,950,17144,616,27792,California
Sutter,2021-04-02,517,44417,101,15820,298,27333,118,1264,204,10655,311,17455,318,28110,California
Sutter,2021-04-03,917,45334,78,15898,210,27543,629,1893,121,10612,793,18248,750,28860,California
Sutter,2021-04-04,117,45451,22,15920,89,27632,6,1899,54,10609,63,18311,60,28920,California
Sutter,2021-04-05,370,45821,145,16065,189,27821,36,1935,178,10634,189,18500,214,29134,California
Sutter,2021-04-06,513,46334,199,16264,258,28079,56,1991,275,10728,237,18737,331,29465,California
Sutter,2021-04-07,1483,47817,886,17150,521,28600,76,2067,610,10550,865,19602,687,30152,California
Sutter,2021-04-08,1051,48868,582,17732,355,28955,114,2181,579,10772,469,20071,691,30843,California
Sutter,2021-04-09,570,49438,249,17981,256,29211,65,2246,240,10751,326,20397,305,31148,California
Sutter,2021-04-10,831,50269,109,18090,92,29303,630,2876,112,10770,715,21112,734,31882,California
Sutter,2021-04-11,115,50384,28,18118,41,29344,46,2922,34,10768,81,21193,79,31961,California
Sutter,2021-04-12,346,50730,95,18213,197,29541,54,2976,139,10756,206,21399,194,32155,California
Sutter,2021-04-13,437,51167,129,18342,308,29849,0,2976,217,10755,218,21617,217,32372,California
Sutter,2021-04-14,1308,52475,160,18502,1147,30996,1,2977,219,9897,1083,22700,225,32597,California
Sutter,2021-04-15,535,53010,171,18673,364,31360,0,2977,214,9792,319,23019,214,32811,California
Sutter,2021-04-16,393,53403,124,18797,269,31629,0,2977,180,9760,212,23231,180,32991,California
Sutter,2021-04-17,575,53978,84,18881,491,32120,0,2977,504,10194,70,23301,504,33495,California
Sutter,2021-04-18,70,54048,12,18893,58,32178,0,2977,42,10209,27,23328,42,33537,California
Sutter,2021-04-19,288,54336,110,19003,178,32356,0,2977,119,10161,167,23495,119,33656,California
Sutter,2021-04-20,411,54747,133,19136,278,32634,0,2977,203,10156,208,23703,203,33859,California
Sutter,2021-04-21,1232,55979,420,19556,812,33446,0,2977,475,9884,747,24450,475,34334,California
Sutter,2021-04-22,483,56462,164,19720,319,33765,0,2977,251,9905,230,24680,251,34585,California
Sutter,2021-04-23,398,56860,116,19836,282,34047,0,2977,184,9877,212,24892,184,34769,California
Sutter,2021-04-24,326,57186,106,19942,219,34266,1,2978,186,9924,139,25031,186,34955,California
Sutter,2021-04-25,157,57343,75,20017,82,34348,0,2978,86,9941,69,25100,86,35041,California
Sutter,2021-04-26,300,57643,89,20106,209,34557,2,2980,127,9899,171,25271,129,35170,California
Sutter,2021-04-27,531,58174,264,20370,263,34820,4,2984,246,9867,282,25553,250,35420,California
Sutter,2021-04-28,813,58987,341,20711,464,35284,8,2992,254,9575,554,26107,262,35682,California
Sutter,2021-04-29,778,59765,140,20851,637,35921,1,2993,312,9425,463,26570,313,35995,California
Sutter,2021-04-30,359,60124,109,20960,237,36158,13,3006,145,9371,211,26781,157,36152,California
Sutter,2021-05-01,293,60417,105,21065,148,36306,40,3046,125,9371,165,26946,165,36317,California
Sutter,2021-05-02,82,60499,54,21119,26,36332,2,3048,46,9383,36,26982,48,36365,California
Sutter,2021-05-03,217,60716,109,21228,99,36431,9,3057,86,9347,131,27113,95,36460,California
Sutter,2021-05-04,540,61256,237,21465,238,36669,65,3122,226,9326,311,27424,290,36750,California
Sutter,2021-05-05,534,61790,143,21608,383,37052,8,3130,155,9116,373,27797,163,36913,California
Sutter,2021-05-06,420,62210,227,21835,175,37227,18,3148,189,9092,231,28028,207,37120,California
Sutter,2021-05-07,408,62618,146,21981,241,37468,21,3169,153,9013,253,28281,174,37294,California
Sutter,2021-05-08,195,62813,48,22029,142,37610,5,3174,106,9035,89,28370,111,37405,California
Sutter,2021-05-09,82,62895,53,22082,24,37634,5,3179,56,9070,26,28396,61,37466,California
Sutter,2021-05-10,189,63084,42,22124,129,37763,18,3197,47,8995,140,28536,65,37531,California
Sutter,2021-05-11,433,63517,212,22336,202,37965,19,3216,179,8941,251,28787,197,37728,California
Sutter,2021-05-12,396,63913,209,22545,178,38143,9,3225,134,8826,258,29045,143,37871,California
Sutter,2021-05-13,442,64355,228,22773,192,38335,22,3247,171,8750,269,29314,193,38064,California
Sutter,2021-05-14,435,64790,186,22959,233,38568,16,3263,215,8766,215,29529,231,38295,California
Sutter,2021-05-15,840,65630,307,23266,502,39070,31,3294,305,8568,534,30063,336,38631,California
Sutter,2021-05-16,136,65766,82,23348,46,39116,8,3302,74,8589,61,30124,82,38713,California
Sutter,2021-05-17,292,66058,116,23464,162,39278,14,3316,155,8622,136,30260,169,38882,California
Sutter,2021-05-18,540,66598,310,23774,225,39503,5,3321,296,8682,241,30501,301,39183,California
Sutter,2021-05-19,463,67061,265,24039,191,39694,7,3328,245,8719,215,30716,252,39435,California
Sutter,2021-05-20,408,67469,224,24263,172,39866,12,3340,200,8725,206,30922,212,39647,California
Sutter,2021-05-21,453,67922,209,24472,232,40098,12,3352,221,8728,229,31151,232,39879,California
Sutter,2021-05-22,319,68241,184,24656,132,40230,3,3355,162,8740,152,31303,164,40043,California
Sutter,2021-05-23,163,68404,79,24735,76,40306,8,3363,85,8761,72,31375,93,40136,California
Sutter,2021-05-24,241,68645,89,24824,129,40435,23,3386,106,8757,133,31508,129,40265,California
Sutter,2021-05-25,400,69045,195,25019,192,40627,13,3399,169,8712,226,31734,181,40446,California
Sutter,2021-05-26,318,69363,157,25176,152,40779,9,3408,119,8645,195,31929,128,40574,California
Sutter,2021-05-27,432,69795,115,25291,298,41077,19,3427,126,8488,302,32231,145,40719,California
Sutter,2021-05-28,335,70130,164,25455,157,41234,14,3441,179,8530,151,32382,193,40912,California
Sutter,2021-05-29,252,70382,118,25573,119,41353,15,3456,140,8577,108,32490,155,41067,California
Sutter,2021-05-30,85,70467,61,25634,21,41374,3,3459,50,8596,34,32524,53,41120,California
Sutter,2021-05-31,19,70486,2,25636,13,41387,4,3463,5,8591,14,32538,9,41129,California
Sutter,2021-06-01,308,70794,133,25769,167,41554,8,3471,135,8562,172,32710,143,41272,California
Sutter,2021-06-02,282,71076,120,25889,156,41710,6,3477,119,8530,157,32867,125,41397,California
Sutter,2021-06-03,340,71416,225,26114,106,41816,9,3486,133,8471,201,33068,142,41539,California
Sutter,2021-06-04,339,71755,201,26315,131,41947,7,3493,128,8398,208,33276,135,41674,California
Sutter,2021-06-05,435,72190,365,26680,67,42014,3,3496,157,8284,274,33550,160,41834,California
Sutter,2021-06-06,134,72324,118,26798,15,42029,1,3497,58,8269,74,33624,59,41893,California
Sutter,2021-06-07,67,72391,18,26816,46,42075,3,3500,24,8253,43,33667,27,41920,California
Tehama,2020-12-15,1,1,1,1,0,0,0,0,1,1,0,0,1,1,California
Tehama,2020-12-16,4,5,4,5,0,0,0,0,4,5,0,0,4,5,California
Tehama,2020-12-17,15,20,15,20,0,0,0,0,15,20,0,0,15,20,California
Tehama,2020-12-18,4,24,4,24,0,0,0,0,5,25,0,0,5,25,California
Tehama,2020-12-21,37,61,37,61,0,0,0,0,37,62,0,0,37,62,California
Tehama,2020-12-22,71,132,65,126,6,6,0,0,71,133,0,0,71,133,California
Tehama,2020-12-23,52,184,44,170,8,14,0,0,52,185,0,0,52,185,California
Tehama,2020-12-24,5,189,3,173,2,16,0,0,5,190,0,0,5,190,California
Tehama,2020-12-26,4,193,3,176,1,17,0,0,4,194,0,0,4,194,California
Tehama,2020-12-27,2,195,2,178,0,17,0,0,2,196,0,0,2,196,California
Tehama,2020-12-28,58,253,45,223,13,30,0,0,58,254,0,0,58,254,California
Tehama,2020-12-29,39,292,39,262,0,30,0,0,39,293,0,0,39,293,California
Tehama,2020-12-30,57,349,40,302,17,47,0,0,56,349,0,0,56,349,California
Tehama,2020-12-31,14,363,4,306,10,57,0,0,14,363,0,0,14,363,California
Tehama,2021-01-01,2,365,0,306,2,59,0,0,2,365,0,0,2,365,California
Tehama,2021-01-04,40,405,13,319,27,86,0,0,40,405,0,0,40,405,California
Tehama,2021-01-05,75,480,46,365,29,115,0,0,70,470,5,5,70,475,California
Tehama,2021-01-06,80,560,27,392,53,168,0,0,68,527,11,16,68,543,California
Tehama,2021-01-07,58,618,7,399,51,219,0,0,57,583,1,17,57,600,California
Tehama,2021-01-08,36,654,25,424,11,230,0,0,31,609,5,22,31,631,California
Tehama,2021-01-09,8,662,6,430,2,232,0,0,6,613,2,24,6,637,California
Tehama,2021-01-10,1,663,0,430,1,233,0,0,1,614,0,24,1,638,California
Tehama,2021-01-11,55,718,49,479,6,239,0,0,19,597,36,60,19,657,California
Tehama,2021-01-12,140,858,120,599,20,259,0,0,90,637,50,110,90,747,California
Tehama,2021-01-13,79,937,58,657,21,280,0,0,31,620,48,158,31,778,California
Tehama,2021-01-14,235,1172,50,707,185,465,0,0,233,851,2,160,233,1011,California
Tehama,2021-01-15,269,1441,75,782,194,659,0,0,265,1112,4,164,265,1276,California
Tehama,2021-01-16,272,1713,20,802,252,911,0,0,269,1378,3,167,269,1545,California
Tehama,2021-01-17,6,1719,2,804,4,915,0,0,4,1380,2,169,4,1549,California
Tehama,2021-01-18,13,1732,7,811,6,921,0,0,7,1381,6,175,7,1556,California
Tehama,2021-01-19,305,2037,73,884,232,1153,0,0,244,1564,61,236,244,1800,California
Tehama,2021-01-20,319,2356,95,979,224,1377,0,0,266,1778,52,288,266,2066,California
Tehama,2021-01-21,235,2591,15,994,220,1597,0,0,222,1987,13,301,222,2288,California
Tehama,2021-01-22,239,2830,21,1015,218,1815,0,0,236,2220,3,304,236,2524,California
Tehama,2021-01-23,265,3095,7,1022,258,2073,0,0,264,2483,1,305,264,2788,California
Tehama,2021-01-24,1,3096,1,1023,0,2073,0,0,1,2484,0,305,1,2789,California
Tehama,2021-01-25,40,3136,19,1042,21,2094,0,0,18,2480,22,327,18,2807,California
Tehama,2021-01-26,344,3480,44,1086,300,2394,0,0,306,2748,38,365,306,3113,California
Tehama,2021-01-27,316,3796,22,1108,294,2688,0,0,295,3022,21,386,295,3408,California
Tehama,2021-01-28,355,4151,36,1144,319,3007,0,0,336,3339,19,405,336,3744,California
Tehama,2021-01-29,344,4495,22,1166,322,3329,0,0,326,3647,18,423,326,4070,California
Tehama,2021-01-30,108,4603,2,1168,106,3435,0,0,107,3753,1,424,107,4177,California
Tehama,2021-01-31,1,4604,0,1168,1,3436,0,0,1,3754,0,424,1,4178,California
Tehama,2021-02-01,83,4687,22,1190,61,3497,0,0,38,3747,45,469,38,4216,California
Tehama,2021-02-02,364,5051,69,1259,295,3792,0,0,265,3913,99,568,265,4481,California
Tehama,2021-02-03,418,5469,15,1274,403,4195,0,0,367,4229,51,619,367,4848,California
Tehama,2021-02-04,509,5978,103,1377,406,4601,0,0,426,4573,83,702,427,5275,California
Tehama,2021-02-05,189,6167,73,1450,116,4717,0,0,125,4634,64,766,125,5400,California
Tehama,2021-02-06,37,6204,15,1465,22,4739,0,0,25,4647,12,778,25,5425,California
Tehama,2021-02-07,5,6209,4,1469,1,4740,0,0,2,4646,3,781,2,5427,California
Tehama,2021-02-08,42,6251,14,1483,28,4768,0,0,30,4664,12,793,30,5457,California
Tehama,2021-02-09,86,6337,41,1524,45,4813,0,0,47,4672,39,832,47,5504,California
Tehama,2021-02-10,244,6581,67,1591,177,4990,0,0,160,4748,84,916,160,5664,California
Tehama,2021-02-11,238,6819,18,1609,220,5210,0,0,90,4692,146,1062,90,5754,California
Tehama,2021-02-12,394,7213,74,1683,320,5530,0,0,186,4670,208,1270,186,5940,California
Tehama,2021-02-13,403,7616,16,1699,387,5917,0,0,159,4585,244,1514,159,6099,California
Tehama,2021-02-14,37,7653,2,1701,35,5952,0,0,34,4616,3,1517,34,6133,California
Tehama,2021-02-15,59,7712,10,1711,49,6001,0,0,51,4659,8,1525,51,6184,California
Tehama,2021-02-16,254,7966,19,1730,235,6236,0,0,66,4537,188,1713,66,6250,California
Tehama,2021-02-17,299,8265,15,1745,284,6520,0,0,57,4352,242,1955,57,6307,California
Tehama,2021-02-18,385,8650,33,1778,352,6872,0,0,147,4261,238,2193,147,6454,California
Tehama,2021-02-19,229,8879,22,1800,207,7079,0,0,45,4122,184,2377,45,6499,California
Tehama,2021-02-20,283,9162,8,1808,275,7354,0,0,31,3901,252,2629,31,6530,California
Tehama,2021-02-21,2,9164,1,1809,1,7355,0,0,2,3903,0,2629,2,6532,California
Tehama,2021-02-22,44,9208,15,1824,29,7384,0,0,27,3913,17,2646,27,6559,California
Tehama,2021-02-23,53,9261,23,1847,30,7414,0,0,27,3914,26,2672,27,6586,California
Tehama,2021-02-24,324,9585,20,1867,304,7718,0,0,33,3656,291,2963,33,6619,California
Tehama,2021-02-25,388,9973,60,1927,328,8046,0,0,41,3350,347,3310,41,6660,California
Tehama,2021-02-26,477,10450,20,1947,457,8503,0,0,73,3019,404,3714,73,6733,California
Tehama,2021-02-27,314,10764,6,1953,308,8811,0,0,35,2775,279,3993,35,6768,California
Tehama,2021-02-28,23,10787,2,1955,21,8832,0,0,20,2792,3,3996,20,6788,California
Tehama,2021-03-01,70,10857,8,1963,62,8894,0,0,33,2788,37,4033,33,6821,California
Tehama,2021-03-02,150,11007,19,1982,131,9025,0,0,31,2700,119,4152,31,6852,California
Tehama,2021-03-03,158,11165,33,2015,125,9150,0,0,53,2648,105,4257,53,6905,California
Tehama,2021-03-04,684,11849,54,2069,630,9780,0,0,244,2459,433,4690,244,7149,California
Tehama,2021-03-05,424,12273,23,2092,401,10181,0,0,224,2484,199,4889,224,7373,California
Tehama,2021-03-06,319,12592,16,2108,301,10482,2,2,84,2337,234,5123,87,7460,California
Tehama,2021-03-07,5,12597,1,2109,4,10486,0,2,3,2339,1,5124,3,7463,California
Tehama,2021-03-08,63,12660,11,2120,36,10522,16,18,26,2345,36,5160,42,7505,California
Tehama,2021-03-09,388,13048,11,2131,356,10878,21,39,330,2638,58,5218,351,7856,California
Tehama,2021-03-10,361,13409,17,2148,323,11201,21,60,73,2445,287,5505,94,7950,California
Tehama,2021-03-11,520,13929,20,2168,447,11648,53,113,366,2710,154,5659,419,8369,California
Tehama,2021-03-12,323,14252,24,2192,230,11878,69,182,188,2833,135,5794,258,8627,California
Tehama,2021-03-13,49,14301,9,2201,34,11912,6,188,5,2800,44,5838,11,8638,California
Tehama,2021-03-14,59,14360,3,2204,45,11957,11,199,15,2782,44,5882,26,8664,California
Tehama,2021-03-15,160,14520,21,2225,118,12075,21,220,85,2813,75,5957,106,8770,California
Tehama,2021-03-16,427,14947,18,2243,371,12446,38,258,322,3069,104,6061,360,9130,California
Tehama,2021-03-17,452,15399,28,2271,392,12838,32,290,365,3381,85,6146,397,9527,California
Tehama,2021-03-18,509,15908,33,2304,451,13289,25,315,326,3551,181,6327,351,9878,California
Tehama,2021-03-19,334,16242,26,2330,295,13584,13,328,290,3810,44,6371,303,10181,California
Tehama,2021-03-20,49,16291,12,2342,32,13616,5,333,33,3832,16,6387,38,10219,California
Tehama,2021-03-21,12,16303,5,2347,7,13623,0,333,12,3844,0,6387,12,10231,California
Tehama,2021-03-22,97,16400,8,2355,72,13695,17,350,55,3874,42,6429,72,10303,California
Tehama,2021-03-23,98,16498,31,2386,60,13755,7,357,74,3931,24,6453,81,10384,California
Tehama,2021-03-24,91,16589,16,2402,72,13827,3,360,57,3957,34,6487,60,10444,California
Tehama,2021-03-25,545,17134,378,2780,154,13981,13,373,493,4412,51,6538,506,10950,California
Tehama,2021-03-26,543,17677,428,3208,103,14084,12,385,462,4807,79,6617,474,11424,California
Tehama,2021-03-27,483,18160,380,3588,74,14158,29,414,412,5178,70,6687,441,11865,California
Tehama,2021-03-28,38,18198,15,3603,23,14181,0,414,24,5188,14,6701,24,11889,California
Tehama,2021-03-29,128,18326,31,3634,95,14276,2,416,80,5222,47,6748,81,11970,California
Tehama,2021-03-30,397,18723,237,3871,158,14434,2,418,270,5367,127,6875,272,12242,California
Tehama,2021-03-31,412,19135,307,4178,102,14536,3,421,335,5628,76,6951,337,12579,California
Tehama,2021-04-01,545,19680,260,4438,279,14815,6,427,407,5904,137,7088,413,12992,California
Tehama,2021-04-02,481,20161,230,4668,244,15059,7,434,290,6009,191,7279,296,13288,California
Tehama,2021-04-03,69,20230,6,4674,57,15116,6,440,35,6016,34,7313,41,13329,California
Tehama,2021-04-04,37,20267,6,4680,28,15144,3,443,23,6028,14,7327,26,13355,California
Tehama,2021-04-05,124,20391,21,4701,72,15216,31,474,63,6061,61,7388,94,13449,California
Tehama,2021-04-06,528,20919,114,4815,354,15570,60,534,144,5881,384,7772,204,13653,California
Tehama,2021-04-07,435,21354,295,5110,92,15662,48,582,313,6120,121,7893,360,14013,California
Tehama,2021-04-08,634,21988,186,5296,406,16068,42,624,237,6003,396,8289,279,14292,California
Tehama,2021-04-09,460,22448,213,5509,212,16280,35,659,233,6045,226,8515,268,14560,California
Tehama,2021-04-10,85,22533,17,5526,38,16318,30,689,45,6080,40,8555,75,14635,California
Tehama,2021-04-11,40,22573,8,5534,21,16339,11,700,9,6069,31,8586,20,14655,California
Tehama,2021-04-12,116,22689,6,5540,89,16428,21,721,41,6056,75,8661,62,14717,California
Tehama,2021-04-13,397,23086,69,5609,328,16756,0,721,67,5793,330,8991,67,14784,California
Tehama,2021-04-14,416,23502,53,5662,363,17119,0,721,49,5477,365,9356,49,14833,California
Tehama,2021-04-15,531,24033,200,5862,331,17450,0,721,81,5108,450,9806,81,14914,California
Tehama,2021-04-16,637,24670,368,6230,269,17719,0,721,81,4633,556,10362,81,14995,California
Tehama,2021-04-17,371,25041,283,6513,88,17807,0,721,51,4367,318,10680,52,15047,California
Tehama,2021-04-18,18,25059,4,6517,14,17821,0,721,12,4373,6,10686,12,15059,California
Tehama,2021-04-19,99,25158,7,6524,92,17913,0,721,41,4356,58,10744,41,15100,California
Tehama,2021-04-20,559,25717,462,6986,97,18010,0,721,161,4124,395,11139,163,15263,California
Tehama,2021-04-21,518,26235,442,7428,76,18086,0,721,168,3944,348,11487,168,15431,California
Tehama,2021-04-22,535,26770,381,7809,154,18240,0,721,153,3718,379,11866,153,15584,California
Tehama,2021-04-23,466,27236,363,8172,103,18343,0,721,205,3664,260,12126,206,15790,California
Tehama,2021-04-24,110,27346,20,8192,90,18433,0,721,27,3608,83,12209,27,15817,California
Tehama,2021-04-25,29,27375,18,8210,11,18444,0,721,10,3599,19,12228,10,15827,California
Tehama,2021-04-26,90,27465,12,8222,78,18522,0,721,51,3611,39,12267,51,15878,California
Tehama,2021-04-27,263,27728,214,8436,46,18568,3,724,95,3541,168,12435,98,15976,California
Tehama,2021-04-28,413,28141,334,8770,61,18629,18,742,70,3286,343,12778,88,16064,California
Tehama,2021-04-29,372,28513,178,8948,188,18817,6,748,73,3067,298,13076,79,16143,California
Tehama,2021-04-30,359,28872,264,9212,88,18905,7,755,126,2967,233,13309,133,16276,California
Tehama,2021-05-01,72,28944,3,9215,66,18971,3,758,13,2924,59,13368,16,16292,California
Tehama,2021-05-02,46,28990,24,9239,10,18981,12,770,26,2942,20,13388,38,16330,California
Tehama,2021-05-03,123,29113,40,9279,74,19055,9,779,65,2958,58,13446,74,16404,California
Tehama,2021-05-04,164,29277,57,9336,98,19153,9,788,68,2939,96,13542,77,16481,California
Tehama,2021-05-05,87,29364,22,9358,55,19208,10,798,40,2942,47,13589,50,16531,California
Tehama,2021-05-06,171,29535,95,9453,59,19267,17,815,104,2996,67,13656,121,16652,California
Tehama,2021-05-07,185,29720,77,9530,96,19363,12,827,52,2929,131,13787,64,16716,California
Tehama,2021-05-08,52,29772,7,9537,44,19407,1,828,14,2906,38,13825,15,16731,California
Tehama,2021-05-09,17,29789,4,9541,13,19420,0,828,7,2903,10,13835,7,16738,California
Tehama,2021-05-10,79,29868,6,9547,66,19486,7,835,38,2907,40,13875,44,16782,California
Tehama,2021-05-11,178,30046,126,9673,39,19525,13,848,33,2808,145,14020,46,16828,California
Tehama,2021-05-12,207,30253,135,9808,62,19587,10,858,45,2702,161,14181,55,16883,California
Tehama,2021-05-13,243,30496,166,9974,68,19655,9,867,109,2687,133,14314,118,17001,California
Tehama,2021-05-14,250,30746,137,10111,92,19747,21,888,59,2577,190,14504,80,17081,California
Tehama,2021-05-15,238,30984,139,10250,60,19807,39,927,167,2713,70,14574,206,17287,California
Tehama,2021-05-16,28,31012,7,10257,18,19825,3,930,16,2720,12,14586,19,17306,California
Tehama,2021-05-17,121,31133,33,10290,72,19897,16,946,59,2734,61,14647,75,17381,California
Tehama,2021-05-18,157,31290,82,10372,60,19957,15,961,49,2692,106,14753,64,17445,California
Tehama,2021-05-19,131,31421,57,10429,63,20020,11,972,44,2660,87,14840,55,17500,California
Tehama,2021-05-20,314,31735,229,10658,62,20082,23,995,222,2814,91,14931,245,17745,California
Tehama,2021-05-21,215,31950,104,10762,98,20180,13,1008,71,2756,142,15073,84,17829,California
Tehama,2021-05-22,58,32008,30,10792,24,20204,4,1012,36,2774,22,15095,40,17869,California
Tehama,2021-05-23,42,32050,22,10814,10,20214,10,1022,13,2768,29,15124,23,17892,California
Tehama,2021-05-24,101,32151,29,10843,63,20277,9,1031,32,2740,69,15193,41,17933,California
Tehama,2021-05-25,77,32228,18,10861,51,20328,8,1039,47,2765,29,15222,54,17987,California
Tehama,2021-05-26,81,32309,31,10892,47,20375,3,1042,53,2794,27,15249,56,18043,California
Tehama,2021-05-27,155,32464,98,10990,53,20428,4,1046,50,2745,103,15352,54,18097,California
Tehama,2021-05-28,141,32605,38,11028,95,20523,8,1054,65,2743,75,15427,73,18170,California
Tehama,2021-05-29,54,32659,8,11036,40,20563,6,1060,35,2765,19,15446,41,18211,California
Tehama,2021-05-30,13,32672,3,11039,9,20572,1,1061,5,2763,8,15454,6,18217,California
Tehama,2021-05-31,17,32689,1,11040,15,20587,1,1062,4,2755,13,15467,5,18222,California
Tehama,2021-06-01,100,32789,19,11059,62,20649,19,1081,33,2740,67,15534,52,18274,California
Tehama,2021-06-02,90,32879,32,11091,53,20702,5,1086,38,2731,52,15586,43,18317,California
Tehama,2021-06-03,135,33014,102,11193,24,20726,9,1095,34,2673,101,15687,43,18360,California
Tehama,2021-06-04,133,33147,31,11224,91,20817,11,1106,56,2662,76,15763,65,18425,California
Tehama,2021-06-05,157,33304,132,11356,22,20839,3,1109,31,2571,125,15888,34,18459,California
Tehama,2021-06-06,19,33323,11,11367,1,20840,7,1116,5,2569,13,15901,11,18470,California
Tehama,2021-06-07,48,33371,16,11383,32,20872,0,1116,11,2543,37,15938,11,18481,California
Trinity,2020-12-17,4,4,4,4,0,0,0,0,4,4,0,0,4,4,California
Trinity,2020-12-18,2,6,2,6,0,0,0,0,2,6,0,0,2,6,California
Trinity,2020-12-21,39,45,39,45,0,0,0,0,39,45,0,0,39,45,California
Trinity,2020-12-22,4,49,4,49,0,0,0,0,4,49,0,0,4,49,California
Trinity,2020-12-23,6,55,5,54,1,1,0,0,6,55,0,0,6,55,California
Trinity,2020-12-28,31,86,31,85,0,1,0,0,31,86,0,0,31,86,California
Trinity,2020-12-29,8,94,7,92,1,2,0,0,8,94,0,0,8,94,California
Trinity,2020-12-30,10,104,8,100,2,4,0,0,10,104,0,0,10,104,California
Trinity,2020-12-31,2,106,1,101,1,5,0,0,2,106,0,0,2,106,California
Trinity,2021-01-04,28,134,0,101,28,33,0,0,27,133,0,0,27,133,California
Trinity,2021-01-05,2,136,1,102,1,34,0,0,2,135,0,0,2,135,California
Trinity,2021-01-06,24,160,4,106,20,54,0,0,20,151,4,4,20,155,California
Trinity,2021-01-08,49,209,2,108,47,101,0,0,48,197,2,6,48,203,California
Trinity,2021-01-11,41,250,38,146,3,104,0,0,4,164,37,43,4,207,California
Trinity,2021-01-12,9,259,6,152,3,107,0,0,4,163,5,48,4,211,California
Trinity,2021-01-13,7,266,4,156,3,110,0,0,4,164,3,51,4,215,California
Trinity,2021-01-14,4,270,1,157,3,113,0,0,4,168,0,51,4,219,California
Trinity,2021-01-15,5,275,0,157,5,118,0,0,5,173,0,51,5,224,California
Trinity,2021-01-16,3,278,0,157,3,121,0,0,3,176,0,51,3,227,California
Trinity,2021-01-18,31,309,31,188,0,121,0,0,0,145,31,82,0,227,California
Trinity,2021-01-19,35,344,15,203,20,141,0,0,21,152,14,96,21,248,California
Trinity,2021-01-20,20,364,3,206,17,158,0,0,17,166,3,99,17,265,California
Trinity,2021-01-21,18,382,7,213,11,169,0,0,18,184,0,99,18,283,California
Trinity,2021-01-22,5,387,1,214,4,173,0,0,5,189,0,99,5,288,California
Trinity,2021-01-23,7,394,3,217,4,177,0,0,7,196,0,99,7,295,California
Trinity,2021-01-25,14,408,1,218,13,190,0,0,13,208,1,100,13,308,California
Trinity,2021-01-26,10,418,1,219,9,199,0,0,9,216,1,101,9,317,California
Trinity,2021-01-27,12,430,0,219,12,211,0,0,12,228,0,101,12,329,California
Trinity,2021-01-28,13,443,3,222,10,221,0,0,10,235,3,104,10,339,California
Trinity,2021-01-29,2,445,0,222,2,223,0,0,1,235,1,105,1,340,California
Trinity,2021-01-30,12,457,11,233,1,224,0,0,12,247,0,105,12,352,California
Trinity,2021-02-01,2,459,1,234,1,225,0,0,1,247,1,106,1,353,California
Trinity,2021-02-02,15,474,3,237,12,237,0,0,14,260,1,107,14,367,California
Trinity,2021-02-03,6,480,1,238,5,242,0,0,4,262,2,109,4,371,California
Trinity,2021-02-04,41,521,32,270,9,251,0,0,34,289,7,116,34,405,California
Trinity,2021-02-05,351,872,0,270,351,602,0,0,320,578,31,147,320,725,California
Trinity,2021-02-06,210,1082,5,275,205,807,0,0,203,774,7,154,203,928,California
Trinity,2021-02-07,1,1083,0,275,1,808,0,0,1,775,0,154,1,929,California
Trinity,2021-02-08,28,1111,1,276,27,835,0,0,16,779,12,166,16,945,California
Trinity,2021-02-09,27,1138,2,278,25,860,0,0,11,774,16,182,11,956,California
Trinity,2021-02-10,122,1260,10,288,112,972,0,0,102,856,20,202,102,1058,California
Trinity,2021-02-11,339,1599,2,290,337,1309,0,0,332,1181,7,209,332,1390,California
Trinity,2021-02-12,19,1618,10,300,9,1318,0,0,14,1190,5,214,14,1404,California
Trinity,2021-02-13,11,1629,5,305,6,1324,0,0,5,1189,6,220,5,1409,California
Trinity,2021-02-14,2,1631,2,307,0,1324,0,0,2,1191,0,220,2,1411,California
Trinity,2021-02-15,47,1678,0,307,47,1371,0,0,47,1238,0,220,47,1458,California
Trinity,2021-02-16,4,1682,1,308,3,1374,0,0,2,1238,2,222,2,1460,California
Trinity,2021-02-17,94,1776,2,310,92,1466,0,0,84,1312,10,232,84,1544,California
Trinity,2021-02-18,4,1780,0,310,4,1470,0,0,1,1310,3,235,1,1545,California
Trinity,2021-02-19,306,2086,2,312,304,1774,0,0,292,1588,14,249,292,1837,California
Trinity,2021-02-20,140,2226,14,326,126,1900,0,0,112,1672,28,277,112,1949,California
Trinity,2021-02-21,1,2227,1,327,0,1900,0,0,1,1673,0,277,1,1950,California
Trinity,2021-02-22,8,2235,0,327,8,1908,0,0,5,1675,3,280,5,1955,California
Trinity,2021-02-23,10,2245,3,330,7,1915,0,0,5,1675,5,285,5,1960,California
Trinity,2021-02-24,30,2275,8,338,22,1937,0,0,7,1659,23,308,7,1967,California
Trinity,2021-02-25,37,2312,23,361,14,1951,0,0,5,1632,32,340,5,1972,California
Trinity,2021-02-26,11,2323,1,362,10,1961,0,0,5,1631,6,346,5,1977,California
Trinity,2021-02-27,10,2333,8,370,2,1963,0,0,4,1629,6,352,4,1981,California
Trinity,2021-03-01,10,2343,0,370,10,1973,0,0,5,1629,5,357,5,1986,California
Trinity,2021-03-02,9,2352,3,373,6,1979,0,0,2,1624,7,364,2,1988,California
Trinity,2021-03-03,5,2357,0,373,5,1984,0,0,4,1627,1,365,4,1992,California
Trinity,2021-03-04,23,2380,19,392,4,1988,0,0,10,1624,13,378,10,2002,California
Trinity,2021-03-05,388,2768,1,393,387,2375,0,0,121,1482,263,641,121,2123,California
Trinity,2021-03-06,202,2970,7,400,195,2570,0,0,27,1334,175,816,27,2150,California
Trinity,2021-03-07,4,2974,3,403,1,2571,0,0,3,1336,1,817,3,2153,California
Trinity,2021-03-08,4,2978,0,403,3,2574,1,1,1,1335,3,820,2,2155,California
Trinity,2021-03-09,98,3076,1,404,95,2669,2,3,93,1425,5,825,95,2250,California
Trinity,2021-03-10,126,3202,3,407,120,2789,3,6,38,1378,88,913,41,2291,California
Trinity,2021-03-11,16,3218,4,411,10,2799,2,8,5,1374,11,924,7,2298,California
Trinity,2021-03-12,399,3617,5,416,388,3187,6,14,97,1175,302,1226,103,2401,California
Trinity,2021-03-13,12,3629,7,423,3,3190,2,16,7,1179,5,1231,9,2410,California
Trinity,2021-03-14,4,3633,1,424,3,3193,0,16,3,1181,1,1232,3,2413,California
Trinity,2021-03-15,67,3700,0,424,66,3259,1,17,14,1143,53,1285,15,2428,California
Trinity,2021-03-16,115,3815,7,431,108,3367,0,17,102,1232,13,1298,102,2530,California
Trinity,2021-03-17,100,3915,3,434,97,3464,0,17,26,1184,74,1372,26,2556,California
Trinity,2021-03-18,9,3924,1,435,5,3469,3,20,4,1186,5,1377,7,2563,California
Trinity,2021-03-19,459,4383,4,439,345,3814,110,130,36,909,423,1800,146,2709,California
Trinity,2021-03-20,107,4490,7,446,100,3914,0,130,72,947,34,1834,72,2781,California
Trinity,2021-03-21,4,4494,0,446,3,3917,1,131,3,950,1,1835,4,2785,California
Trinity,2021-03-22,2,4496,0,446,2,3919,0,131,2,952,0,1835,2,2787,California
Trinity,2021-03-23,96,4592,2,448,94,4013,0,131,78,1012,18,1853,78,2865,California
Trinity,2021-03-24,12,4604,1,449,11,4024,0,131,9,1018,3,1856,9,2874,California
Trinity,2021-03-25,111,4715,8,457,97,4121,6,137,85,1083,26,1882,91,2965,California
Trinity,2021-03-26,84,4799,8,465,76,4197,0,137,77,1153,7,1889,77,3042,California
Trinity,2021-03-27,20,4819,4,469,7,4204,9,146,9,1160,11,1900,18,3060,California
Trinity,2021-03-28,5,4824,3,472,2,4206,0,146,1,1157,4,1904,1,3061,California
Trinity,2021-03-29,5,4829,0,472,5,4211,0,146,2,1156,3,1907,2,3063,California
Trinity,2021-03-30,78,4907,6,478,72,4283,0,146,67,1212,11,1918,67,3130,California
Trinity,2021-03-31,56,4963,5,483,18,4301,33,179,20,1228,36,1954,52,3182,California
Trinity,2021-04-01,40,5003,10,493,19,4320,11,190,21,1241,19,1973,32,3214,California
Trinity,2021-04-02,254,5257,5,498,174,4494,75,265,81,1225,172,2145,156,3370,California
Trinity,2021-04-03,17,5274,12,510,5,4499,0,265,7,1222,10,2155,7,3377,California
Trinity,2021-04-04,10,5284,8,518,2,4501,0,265,8,1228,2,2157,8,3385,California
Trinity,2021-04-05,59,5343,6,524,51,4552,2,267,54,1279,5,2162,56,3441,California
Trinity,2021-04-06,122,5465,15,539,104,4656,3,270,29,1218,93,2255,32,3473,California
Trinity,2021-04-07,26,5491,11,550,10,4666,5,275,19,1235,7,2262,24,3497,California
Trinity,2021-04-08,90,5581,11,561,77,4743,2,277,53,1253,37,2299,55,3552,California
Trinity,2021-04-09,166,5747,19,580,143,4886,4,281,88,1267,78,2377,92,3644,California
Trinity,2021-04-10,11,5758,7,587,4,4890,0,281,10,1276,1,2378,10,3654,California
Trinity,2021-04-11,10,5768,5,592,3,4893,2,283,4,1276,6,2384,6,3660,California
Trinity,2021-04-12,77,5845,5,597,71,4964,1,284,64,1328,12,2396,64,3724,California
Trinity,2021-04-13,98,5943,5,602,93,5057,0,284,10,1250,88,2484,10,3734,California
Trinity,2021-04-14,10,5953,5,607,5,5062,0,284,6,1252,4,2488,6,3740,California
Trinity,2021-04-15,44,5997,10,617,34,5096,0,284,14,1237,29,2517,14,3754,California
Trinity,2021-04-16,153,6150,13,630,140,5236,0,284,78,1241,74,2591,78,3832,California
Trinity,2021-04-17,11,6161,5,635,6,5242,0,284,9,1248,2,2593,9,3841,California
Trinity,2021-04-18,3,6164,1,636,2,5244,0,284,0,1245,3,2596,0,3841,California
Trinity,2021-04-19,67,6231,2,638,65,5309,0,284,66,1310,1,2597,66,3907,California
Trinity,2021-04-20,93,6324,8,646,85,5394,0,284,21,1259,72,2669,21,3928,California
Trinity,2021-04-21,22,6346,9,655,13,5407,0,284,9,1255,13,2682,9,3937,California
Trinity,2021-04-22,92,6438,5,660,87,5494,0,284,14,1191,78,2760,14,3951,California
Trinity,2021-04-23,183,6621,6,666,177,5671,0,284,114,1236,69,2829,114,4065,California
Trinity,2021-04-24,22,6643,12,678,10,5681,0,284,5,1224,17,2846,5,4070,California
Trinity,2021-04-25,10,6653,9,687,1,5682,0,284,3,1221,6,2852,3,4073,California
Trinity,2021-04-26,46,6699,7,694,39,5721,0,284,40,1255,6,2858,40,4113,California
Trinity,2021-04-27,87,6786,11,705,76,5797,0,284,23,1214,64,2922,23,4136,California
Trinity,2021-04-28,33,6819,11,716,22,5819,0,284,12,1205,21,2943,12,4148,California
Trinity,2021-04-29,34,6853,13,729,21,5840,0,284,12,1195,22,2965,12,4160,California
Trinity,2021-04-30,27,6880,22,751,5,5845,0,284,10,1189,16,2981,10,4170,California
Trinity,2021-05-01,14,6894,8,759,1,5846,5,289,4,1188,10,2991,9,4179,California
Trinity,2021-05-02,8,6902,5,764,1,5847,2,291,2,1186,6,2997,4,4183,California
Trinity,2021-05-03,58,6960,13,777,44,5891,1,292,9,1148,48,3045,10,4193,California
Trinity,2021-05-04,25,6985,11,788,13,5904,1,293,8,1140,17,3062,9,4202,California
Trinity,2021-05-05,11,6996,7,795,4,5908,0,293,4,1137,7,3069,4,4206,California
Trinity,2021-05-06,75,7071,11,806,62,5970,2,295,16,1096,59,3128,18,4224,California
Trinity,2021-05-07,178,7249,12,818,132,6102,34,329,14,980,164,3292,48,4272,California
Trinity,2021-05-08,6,7255,2,820,4,6106,0,329,2,978,4,3296,2,4274,California
Trinity,2021-05-09,11,7266,8,828,3,6109,0,329,7,981,4,3300,7,4281,California
Trinity,2021-05-10,15,7281,5,833,9,6118,1,330,8,983,7,3307,9,4290,California
Trinity,2021-05-11,8,7289,4,837,4,6122,0,330,6,987,2,3309,6,4296,California
Trinity,2021-05-12,17,7306,14,851,2,6124,1,331,13,997,4,3313,14,4310,California
Trinity,2021-05-13,10,7316,7,858,2,6126,1,332,7,1002,3,3316,8,4318,California
Trinity,2021-05-14,138,7454,19,877,91,6217,28,360,39,970,99,3415,67,4385,California
Trinity,2021-05-15,14,7468,9,886,4,6221,1,361,6,970,7,3422,7,4392,California
Trinity,2021-05-16,7,7475,6,892,1,6222,0,361,5,973,2,3424,5,4397,California
Trinity,2021-05-17,108,7583,20,912,86,6308,2,363,42,951,66,3490,44,4441,California
Trinity,2021-05-18,37,7620,7,919,29,6337,1,364,11,937,26,3516,12,4453,California
Trinity,2021-05-19,148,7768,16,935,103,6440,29,393,30,879,117,3633,59,4512,California
Trinity,2021-05-20,12,7780,6,941,3,6443,3,396,6,882,6,3639,9,4521,California
Trinity,2021-05-21,12,7792,3,944,9,6452,0,396,4,878,8,3647,4,4525,California
Trinity,2021-05-22,3,7795,2,946,1,6453,0,396,2,879,1,3648,2,4527,California
Trinity,2021-05-23,2,7797,2,948,0,6453,0,396,0,877,2,3650,0,4527,California
Trinity,2021-05-24,109,7906,12,960,96,6549,1,397,8,786,100,3750,9,4536,California
Trinity,2021-05-25,38,7944,13,973,25,6574,0,397,16,780,22,3772,16,4552,California
Trinity,2021-05-26,11,7955,5,978,6,6580,0,397,3,775,8,3780,3,4555,California
Trinity,2021-05-27,30,7985,13,991,12,6592,5,402,7,764,23,3803,12,4567,California
Trinity,2021-05-28,13,7998,10,1001,2,6594,1,403,6,764,7,3810,7,4574,California
Trinity,2021-05-29,10,8008,7,1008,2,6596,1,404,7,769,3,3813,8,4582,California
Trinity,2021-05-30,5,8013,4,1012,1,6597,0,404,0,764,5,3818,0,4582,California
Trinity,2021-05-31,4,8017,3,1015,1,6598,0,404,2,764,2,3820,2,4584,California
Trinity,2021-06-01,16,8033,9,1024,5,6603,2,406,5,761,10,3830,7,4591,California
Trinity,2021-06-02,24,8057,19,1043,3,6606,2,408,9,757,15,3845,11,4602,California
Trinity,2021-06-03,39,8096,13,1056,26,6632,0,408,16,750,23,3868,16,4618,California
Trinity,2021-06-04,29,8125,21,1077,8,6640,0,408,8,737,21,3889,8,4626,California
Trinity,2021-06-05,17,8142,16,1093,1,6641,0,408,11,742,6,3895,11,4637,California
Trinity,2021-06-06,8,8150,6,1099,2,6643,0,408,2,738,6,3901,2,4639,California
Trinity,2021-06-07,1,8151,1,1100,0,6643,0,408,0,737,1,3902,0,4639,California
Tulare,2020-12-15,1,1,1,1,0,0,0,0,1,1,0,0,1,1,California
Tulare,2020-12-16,4,5,4,5,0,0,0,0,4,5,0,0,4,5,California
Tulare,2020-12-17,110,115,110,115,0,0,0,0,110,115,0,0,110,115,California
Tulare,2020-12-18,290,405,289,404,1,1,0,0,290,405,0,0,290,405,California
Tulare,2020-12-19,325,730,325,729,0,1,0,0,325,730,0,0,325,730,California
Tulare,2020-12-20,165,895,165,894,0,1,0,0,165,895,0,0,165,895,California
Tulare,2020-12-21,421,1316,421,1315,0,1,0,0,441,1336,0,0,441,1336,California
Tulare,2020-12-22,472,1788,470,1785,2,3,0,0,471,1807,0,0,471,1807,California
Tulare,2020-12-23,327,2115,319,2104,8,11,0,0,325,2132,0,0,325,2132,California
Tulare,2020-12-24,18,2133,16,2120,2,13,0,0,18,2150,0,0,18,2150,California
Tulare,2020-12-26,8,2141,7,2127,1,14,0,0,8,2158,0,0,8,2158,California
Tulare,2020-12-27,16,2157,12,2139,4,18,0,0,16,2174,0,0,16,2174,California
Tulare,2020-12-28,477,2634,465,2604,12,30,0,0,476,2650,0,0,476,2650,California
Tulare,2020-12-29,547,3181,476,3080,71,101,0,0,547,3197,0,0,547,3197,California
Tulare,2020-12-30,469,3650,425,3505,44,145,0,0,469,3666,0,0,469,3666,California
Tulare,2020-12-31,100,3750,22,3527,78,223,0,0,100,3766,0,0,100,3766,California
Tulare,2021-01-01,2,3752,1,3528,1,224,0,0,2,3768,0,0,2,3768,California
Tulare,2021-01-02,32,3784,19,3547,13,237,0,0,32,3800,0,0,32,3800,California
Tulare,2021-01-03,23,3807,9,3556,14,251,0,0,23,3823,0,0,23,3823,California
Tulare,2021-01-04,92,3899,16,3572,76,327,0,0,92,3915,0,0,92,3915,California
Tulare,2021-01-05,465,4364,278,3850,187,514,0,0,463,4376,2,2,463,4378,California
Tulare,2021-01-06,866,5230,635,4485,231,745,0,0,856,5222,10,12,856,5234,California
Tulare,2021-01-07,785,6015,587,5072,198,943,0,0,678,5793,107,119,678,5912,California
Tulare,2021-01-08,1292,7307,573,5645,719,1662,0,0,955,6412,336,455,955,6867,California
Tulare,2021-01-09,802,8109,203,5848,599,2261,0,0,615,6840,187,642,615,7482,California
Tulare,2021-01-10,50,8159,43,5891,7,2268,0,0,12,6814,38,680,12,7494,California
Tulare,2021-01-11,1273,9432,769,6660,504,2772,0,0,837,7215,436,1116,837,8331,California
Tulare,2021-01-12,1423,10855,505,7165,918,3690,0,0,1011,7816,411,1527,1012,9343,California
Tulare,2021-01-13,428,11283,200,7365,228,3918,0,0,353,8094,75,1602,353,9696,California
Tulare,2021-01-14,492,11775,142,7507,350,4268,0,0,466,8545,15,1617,466,10162,California
Tulare,2021-01-15,1677,13452,158,7665,1519,5787,0,0,1668,10204,9,1626,1668,11830,California
Tulare,2021-01-16,1913,15365,121,7786,1792,7579,0,0,1899,12089,14,1640,1899,13729,California
Tulare,2021-01-17,141,15506,121,7907,20,7599,0,0,131,12210,10,1650,131,13860,California
Tulare,2021-01-18,692,16198,660,8567,32,7631,0,0,296,12110,396,2046,296,14156,California
Tulare,2021-01-19,1014,17212,688,9255,326,7957,0,0,588,12272,426,2472,588,14744,California
Tulare,2021-01-20,2432,19644,612,9867,1820,9777,0,0,2021,13908,385,2857,2021,16765,California
Tulare,2021-01-21,1560,21204,184,10051,1376,11153,0,0,1534,15421,21,2878,1534,18299,California
Tulare,2021-01-22,1070,22274,191,10242,879,12032,0,0,1043,16438,26,2904,1043,19342,California
Tulare,2021-01-23,440,22714,157,10399,283,12315,0,0,420,16838,20,2924,420,19762,California
Tulare,2021-01-24,30,22744,27,10426,3,12318,0,0,28,16864,2,2926,28,19790,California
Tulare,2021-01-25,1352,24096,983,11409,369,12687,0,0,1304,18120,48,2974,1304,21094,California
Tulare,2021-01-26,1509,25605,1098,12507,411,13098,0,0,1171,18954,337,3311,1171,22265,California
Tulare,2021-01-27,1505,27110,1076,13583,429,13527,0,0,926,19302,578,3889,926,23191,California
Tulare,2021-01-28,1219,28329,779,14362,440,13967,0,0,819,19721,400,4289,819,24010,California
Tulare,2021-01-29,1133,29462,723,15085,410,14377,0,0,824,20236,309,4598,824,24834,California
Tulare,2021-01-30,1683,31145,1588,16673,95,14472,0,0,1659,21872,24,4622,1660,26494,California
Tulare,2021-01-31,67,31212,62,16735,5,14477,0,0,64,21933,3,4625,64,26558,California
Tulare,2021-02-01,1195,32407,919,17654,276,14753,0,0,833,22405,361,4986,833,27391,California
Tulare,2021-02-02,699,33106,348,18002,351,15104,0,0,456,22621,241,5227,457,27848,California
Tulare,2021-02-03,572,33678,240,18242,332,15436,0,0,327,22723,225,5452,327,28175,California
Tulare,2021-02-04,567,34245,169,18411,398,15834,0,0,279,22716,287,5739,280,28455,California
Tulare,2021-02-05,1239,35484,237,18648,1002,16836,0,0,405,22289,832,6571,405,28860,California
Tulare,2021-02-06,842,36326,164,18812,678,17514,0,0,209,21867,631,7202,209,29069,California
Tulare,2021-02-07,83,36409,70,18882,13,17527,0,0,23,21830,60,7262,23,29092,California
Tulare,2021-02-08,946,37355,327,19209,619,18146,0,0,242,21370,702,7964,242,29334,California
Tulare,2021-02-09,1425,38780,335,19544,1090,19236,0,0,378,20706,1042,9006,378,29712,California
Tulare,2021-02-10,2476,41256,1989,21533,487,19723,0,0,2076,22383,399,9405,2076,31788,California
Tulare,2021-02-11,1334,42590,379,21912,955,20678,0,0,912,22873,422,9827,912,32700,California
Tulare,2021-02-12,2790,45380,576,22488,2214,22892,0,0,1194,22478,1589,11416,1194,33894,California
Tulare,2021-02-13,2480,47860,157,22645,2323,25215,0,0,658,21318,1818,13234,658,34552,California
Tulare,2021-02-14,335,48195,39,22684,296,25511,0,0,298,21579,37,13271,298,34850,California
Tulare,2021-02-15,920,49115,293,22977,627,26138,0,0,663,21986,256,13527,663,35513,California
Tulare,2021-02-16,2844,51959,1600,24577,1244,27382,0,0,1087,21317,1756,15283,1087,36600,California
Tulare,2021-02-17,2721,54680,517,25094,2204,29586,0,0,469,19540,2246,17529,469,37069,California
Tulare,2021-02-18,2332,57012,458,25552,1874,31460,0,0,643,18502,1681,19210,643,37712,California
Tulare,2021-02-19,2326,59338,877,26429,1449,32909,0,0,955,18087,1370,20580,955,38667,California
Tulare,2021-02-20,2997,62335,1892,28321,1105,34014,0,0,1266,17627,1726,22306,1266,39933,California
Tulare,2021-02-21,93,62428,90,28411,3,34017,0,0,47,17629,45,22351,47,39980,California
Tulare,2021-02-22,1111,63539,703,29114,408,34425,0,0,210,16939,900,23251,210,40190,California
Tulare,2021-02-23,1965,65504,951,30065,1014,35439,0,0,1471,17917,493,23744,1471,41661,California
Tulare,2021-02-24,2491,67995,1554,31619,937,36376,0,0,2115,19658,375,24119,2116,43777,California
Tulare,2021-02-25,3521,71516,1980,33599,1541,37917,0,0,3105,22351,412,24531,3105,46882,California
Tulare,2021-02-26,3867,75383,1895,35494,1972,39889,0,0,3399,25284,466,24997,3399,50281,California
Tulare,2021-02-27,3009,78392,1497,36991,1512,41401,0,0,2875,28037,122,25119,2875,53156,California
Tulare,2021-02-28,1312,79704,1040,38031,272,41673,0,0,1292,29312,17,25136,1292,54448,California
Tulare,2021-03-01,1791,81495,799,38830,992,42665,0,0,1594,30711,195,25331,1594,56042,California
Tulare,2021-03-02,2780,84275,1274,40104,1506,44171,0,0,2607,33148,171,25502,2608,58650,California
Tulare,2021-03-03,3983,88258,2635,42739,1348,45519,0,0,2028,33227,1952,27454,2031,60681,California
Tulare,2021-03-04,2971,91229,1342,44081,1629,47148,0,0,2633,35527,333,27787,2633,63314,California
Tulare,2021-03-05,3446,94675,1765,45846,1666,48814,15,15,2928,37958,515,28302,2946,66260,California
Tulare,2021-03-06,3100,97775,1446,47292,1594,50408,60,75,2848,40615,249,28551,2906,69166,California
Tulare,2021-03-07,1139,98914,704,47996,414,50822,21,96,1099,41696,39,28590,1120,70286,California
Tulare,2021-03-08,1723,100637,1008,49004,546,51368,169,265,1395,42936,323,28913,1563,71849,California
Tulare,2021-03-09,3280,103917,2252,51256,880,52248,148,413,2858,45520,421,29334,3005,74854,California
Tulare,2021-03-10,2977,106894,1404,52660,1398,53646,175,588,2573,47871,395,29729,2746,77600,California
Tulare,2021-03-11,4217,111111,1990,54650,1923,55569,304,892,3266,50491,951,30680,3571,81171,California
Tulare,2021-03-12,4432,115543,2434,57084,1645,57214,353,1245,3148,52717,1276,31956,3502,84673,California
Tulare,2021-03-13,4167,119710,1959,59043,2103,59317,105,1350,3216,55093,945,32901,3321,87994,California
Tulare,2021-03-14,1864,121574,989,60032,655,59972,220,1570,1339,56125,524,33425,1556,89550,California
Tulare,2021-03-15,2757,124331,1637,61669,1004,60976,116,1686,1980,57449,774,34199,2098,91648,California
Tulare,2021-03-16,3451,127782,2125,63794,1248,62224,78,1764,1890,57863,1557,35756,1971,93619,California
Tulare,2021-03-17,4061,131843,2643,66437,1343,63567,75,1839,2312,58513,1743,37499,2393,96012,California
Tulare,2021-03-18,4645,136488,3390,69827,1184,64751,71,1910,2461,58872,2177,39676,2536,98548,California
Tulare,2021-03-19,5118,141606,3363,73190,1558,66309,197,2107,2734,59440,2365,42041,2933,101481,California
Tulare,2021-03-20,4502,146108,2800,75990,1330,67639,372,2479,2071,59463,2423,44464,2446,103927,California
Tulare,2021-03-21,1996,148104,1707,77697,263,67902,26,2505,1054,59604,938,45402,1079,105006,California
Tulare,2021-03-22,2566,150670,1778,79475,677,68579,111,2616,1695,60547,865,46267,1808,106814,California
Tulare,2021-03-23,3765,154435,2158,81633,1555,70134,52,2668,2066,60981,1689,47956,2123,108937,California
Tulare,2021-03-24,3217,157652,2003,83636,1172,71306,42,2710,1808,61431,1401,49357,1851,110788,California
Tulare,2021-03-25,3495,161147,1823,85459,1500,72806,172,2882,1693,61504,1794,51151,1867,112655,California
Tulare,2021-03-26,5280,166427,3149,88608,2021,74827,110,2992,2559,61470,2703,53854,2669,115324,California
Tulare,2021-03-27,3552,169979,1823,90431,1630,76457,99,3091,995,60014,2549,56403,1093,116417,California
Tulare,2021-03-28,1475,171454,1070,91501,374,76831,31,3122,679,59936,794,57197,716,117133,California
Tulare,2021-03-29,2898,174352,1676,93177,1109,77940,113,3235,1231,59619,1663,58860,1346,118479,California
Tulare,2021-03-30,4849,179201,2794,95971,1824,79764,231,3466,1537,58078,3303,62163,1762,120241,California
Tulare,2021-03-31,3974,183175,2351,98322,1509,81273,114,3580,1578,57383,2389,64552,1694,121935,California
Tulare,2021-04-01,4531,187706,2455,100777,2009,83282,67,3647,1562,56054,2959,67511,1630,123565,California
Tulare,2021-04-02,5368,193074,3072,103849,2176,85458,120,3767,1590,54003,3762,71273,1711,125276,California
Tulare,2021-04-03,3638,196712,2102,105951,1163,86621,373,4140,842,52457,2759,74032,1213,126489,California
Tulare,2021-04-04,1635,198347,1149,107100,479,87100,7,4147,360,51553,1271,75303,367,126856,California
Tulare,2021-04-05,3366,201713,2346,109446,750,87850,270,4417,854,50179,2499,77802,1125,127981,California
Tulare,2021-04-06,3439,205152,1470,110916,1472,89322,497,4914,923,49093,2508,80310,1422,129403,California
Tulare,2021-04-07,3912,209064,1844,112760,1630,90952,438,5352,1188,47997,2713,83023,1617,131020,California
Tulare,2021-04-08,4799,213863,2627,115387,1709,92661,463,5815,1536,46741,3251,86274,1995,133015,California
Tulare,2021-04-09,4865,218728,3008,118395,1419,94080,438,6253,1838,46001,3018,89292,2278,135293,California
Tulare,2021-04-10,3870,222598,2089,120484,1458,95538,323,6576,951,44363,2910,92202,1272,136565,California
Tulare,2021-04-11,1593,224191,1053,121537,466,96004,74,6650,494,43835,1096,93298,568,137133,California
Tulare,2021-04-12,3403,227594,2126,123663,681,96685,596,7246,1066,43170,2329,95627,1664,138797,California
Tulare,2021-04-13,2414,230008,1592,125255,812,97497,10,7256,904,42588,1499,97126,917,139714,California
Tulare,2021-04-14,2862,232870,1687,126942,1175,98672,0,7256,912,41555,1946,99072,913,140627,California
Tulare,2021-04-15,3303,236173,2152,129094,1151,99823,0,7256,1481,41230,1811,100883,1486,142113,California
Tulare,2021-04-16,3653,239826,2214,131308,1439,101262,0,7256,1477,40542,2165,103048,1477,143590,California
Tulare,2021-04-17,2219,242045,1302,132610,917,102179,0,7256,1172,40672,1043,104091,1173,144763,California
Tulare,2021-04-18,1525,243570,1194,133804,331,102510,0,7256,818,40784,706,104797,818,145581,California
Tulare,2021-04-19,2133,245703,1225,135029,906,103416,2,7258,899,40455,1230,106027,901,146482,California
Tulare,2021-04-20,2336,248039,1314,136343,1022,104438,0,7258,993,40118,1330,107357,993,147475,California
Tulare,2021-04-21,2213,250252,1333,137676,880,105318,0,7258,811,39568,1362,108719,812,148287,California
Tulare,2021-04-22,2118,252370,1177,138853,941,106259,0,7258,730,38929,1369,110088,730,149017,California
Tulare,2021-04-23,2592,254962,1590,140443,1001,107260,1,7259,1022,38391,1560,111648,1022,150039,California
Tulare,2021-04-24,1644,256606,1053,141496,589,107849,2,7261,849,38452,790,112438,851,150890,California
Tulare,2021-04-25,698,257304,525,142021,173,108022,0,7261,267,38288,431,112869,267,151157,California
Tulare,2021-04-26,1504,258808,901,142922,584,108606,19,7280,628,38064,869,113738,645,151802,California
Tulare,2021-04-27,1637,260445,659,143581,940,109546,38,7318,694,37856,939,114677,731,152533,California
Tulare,2021-04-28,1715,262160,975,144556,698,110244,42,7360,675,37538,1035,115712,717,153250,California
Tulare,2021-04-29,2004,264164,1200,145756,765,111009,39,7399,774,37129,1220,116932,811,154061,California
Tulare,2021-04-30,2451,266615,1785,147541,616,111625,50,7449,906,36546,1538,118470,955,155016,California
Tulare,2021-05-01,1423,268038,1226,148767,185,111810,12,7461,726,36596,688,119158,738,155754,California
Tulare,2021-05-02,589,268627,500,149267,73,111883,16,7477,189,36404,397,119555,205,155959,California
Tulare,2021-05-03,1621,270248,1095,150362,401,112284,125,7602,348,35611,1266,120821,473,156432,California
Tulare,2021-05-04,1561,271809,836,151198,655,112939,70,7672,631,35387,922,121743,698,157130,California
Tulare,2021-05-05,1280,273089,620,151818,570,113509,90,7762,443,35094,826,122569,533,157663,California
Tulare,2021-05-06,1962,275051,1325,153143,588,114097,49,7811,586,34361,1368,123937,635,158298,California
Tulare,2021-05-07,1838,276889,1247,154390,523,114620,68,7879,525,33647,1306,125243,592,158890,California
Tulare,2021-05-08,1234,278123,806,155196,403,115023,25,7904,525,33495,702,125945,550,159440,California
Tulare,2021-05-09,592,278715,468,155664,103,115126,21,7925,115,33159,473,126418,137,159577,California
Tulare,2021-05-10,1018,279733,587,156251,366,115492,65,7990,308,32824,708,127126,373,159950,California
Tulare,2021-05-11,1213,280946,614,156865,521,116013,78,8068,503,32702,703,127829,581,160531,California
Tulare,2021-05-12,1514,282460,972,157837,490,116503,52,8120,404,32062,1095,128924,455,160986,California
Tulare,2021-05-13,1457,283917,908,158745,512,117015,37,8157,649,31943,804,129728,685,161671,California
Tulare,2021-05-14,1931,285848,1242,159987,626,117641,63,8220,861,31808,1058,130786,923,162594,California
Tulare,2021-05-15,1560,287408,876,160863,638,118279,46,8266,662,31625,890,131676,707,163301,California
Tulare,2021-05-16,697,288105,557,161420,128,118407,12,8278,324,31589,372,132048,336,163637,California
Tulare,2021-05-17,1542,289647,957,162377,512,118919,73,8351,744,31615,791,132839,817,164454,California
Tulare,2021-05-18,1579,291226,852,163229,673,119592,54,8405,797,31687,777,133616,849,165303,California
Tulare,2021-05-19,1470,292696,950,164179,487,120079,33,8438,765,31785,700,134316,798,166101,California
Tulare,2021-05-20,1359,294055,926,165105,347,120426,86,8524,658,31830,699,135015,744,166845,California
Tulare,2021-05-21,1683,295738,1267,166372,376,120802,40,8564,947,32089,728,135743,987,167832,California
Tulare,2021-05-22,1416,297154,1034,167406,359,121161,23,8587,535,31772,876,136619,559,168391,California
Tulare,2021-05-23,294,297448,251,167657,34,121195,9,8596,146,31780,147,136766,155,168546,California
Tulare,2021-05-24,905,298353,551,168208,294,121489,60,8656,408,31753,495,137261,468,169014,California
Tulare,2021-05-25,1187,299540,710,168918,445,121934,32,8688,517,31638,664,137925,549,169563,California
Tulare,2021-05-26,872,300412,485,169403,346,122280,41,8729,399,31609,468,138393,439,170002,California
Tulare,2021-05-27,1270,301682,808,170211,431,122711,31,8760,594,31563,673,139066,627,170629,California
Tulare,2021-05-28,1180,302862,655,170866,476,123187,49,8809,629,31696,544,139610,677,171306,California
Tulare,2021-05-29,868,303730,641,171507,208,123395,19,8828,500,31849,366,139976,519,171825,California
Tulare,2021-05-30,285,304015,206,171713,71,123466,8,8836,166,31906,117,140093,174,171999,California
Tulare,2021-05-31,129,304144,50,171763,68,123534,11,8847,54,31896,75,140168,65,172064,California
Tulare,2021-06-01,1046,305190,623,172386,393,123927,30,8877,412,31713,625,140793,442,172506,California
Tulare,2021-06-02,795,305985,468,172854,295,124222,32,8909,373,31706,410,141203,403,172909,California
Tulare,2021-06-03,1129,307114,806,173660,266,124488,57,8966,455,31563,654,141857,511,173420,California
Tulare,2021-06-04,1157,308271,827,174487,295,124783,35,9001,387,31219,766,142623,422,173842,California
Tulare,2021-06-05,856,309127,672,175159,169,124952,15,9016,295,30971,557,143180,309,174151,California
Tulare,2021-06-06,412,309539,347,175506,46,124998,19,9035,135,30849,276,143456,154,174305,California
Tulare,2021-06-07,486,310025,361,175867,98,125096,27,9062,131,30656,350,143806,157,174462,California
Tuolumne,2020-12-16,47,47,47,47,0,0,0,0,47,47,0,0,47,47,California
Tuolumne,2020-12-17,18,65,18,65,0,0,0,0,18,65,0,0,18,65,California
Tuolumne,2020-12-18,101,166,100,165,1,1,0,0,101,166,0,0,101,166,California
Tuolumne,2020-12-19,4,170,4,169,0,1,0,0,4,170,0,0,4,170,California
Tuolumne,2020-12-20,2,172,2,171,0,1,0,0,2,172,0,0,2,172,California
Tuolumne,2020-12-21,115,287,101,272,14,15,0,0,115,287,0,0,115,287,California
Tuolumne,2020-12-22,171,458,171,443,0,15,0,0,171,458,0,0,171,458,California
Tuolumne,2020-12-23,185,643,183,626,2,17,0,0,185,643,0,0,185,643,California
Tuolumne,2020-12-26,2,645,2,628,0,17,0,0,2,645,0,0,2,645,California
Tuolumne,2020-12-28,77,722,75,703,2,19,0,0,77,722,0,0,77,722,California
Tuolumne,2020-12-29,102,824,39,742,63,82,0,0,102,824,0,0,102,824,California
Tuolumne,2020-12-30,80,904,22,764,58,140,0,0,80,904,0,0,80,904,California
Tuolumne,2020-12-31,27,931,20,784,7,147,0,0,27,931,0,0,27,931,California
Tuolumne,2021-01-01,6,937,5,789,1,148,0,0,6,937,0,0,6,937,California
Tuolumne,2021-01-02,118,1055,115,904,3,151,0,0,118,1055,0,0,118,1055,California
Tuolumne,2021-01-03,2,1057,2,906,0,151,0,0,2,1057,0,0,2,1057,California
Tuolumne,2021-01-04,69,1126,26,932,43,194,0,0,69,1126,0,0,69,1126,California
Tuolumne,2021-01-05,93,1219,27,959,66,260,0,0,90,1214,3,3,91,1217,California
Tuolumne,2021-01-06,131,1350,71,1030,60,320,0,0,67,1217,64,67,67,1284,California
Tuolumne,2021-01-07,119,1469,63,1093,56,376,0,0,64,1226,55,122,64,1348,California
Tuolumne,2021-01-08,105,1574,81,1174,24,400,0,0,27,1177,77,199,28,1376,California
Tuolumne,2021-01-09,2,1576,0,1174,2,402,0,0,2,1179,0,199,2,1378,California
Tuolumne,2021-01-10,3,1579,1,1175,2,404,0,0,3,1182,0,199,3,1381,California
Tuolumne,2021-01-11,115,1694,89,1264,26,430,0,0,34,1135,81,280,34,1415,California
Tuolumne,2021-01-12,102,1796,86,1350,16,446,0,0,18,1069,84,364,18,1433,California
Tuolumne,2021-01-13,231,2027,125,1475,106,552,0,0,182,1203,49,413,183,1616,California
Tuolumne,2021-01-14,147,2174,108,1583,39,591,0,0,42,1141,104,517,42,1658,California
Tuolumne,2021-01-15,475,2649,73,1656,402,993,0,0,413,1494,61,578,414,2072,California
Tuolumne,2021-01-16,7,2656,3,1659,4,997,0,0,6,1499,1,579,6,2078,California
Tuolumne,2021-01-17,7,2663,4,1663,3,1000,0,0,7,1506,0,579,7,2085,California
Tuolumne,2021-01-18,46,2709,38,1701,8,1008,0,0,9,1479,36,615,9,2094,California
Tuolumne,2021-01-19,478,3187,73,1774,405,1413,0,0,432,1865,46,661,432,2526,California
Tuolumne,2021-01-20,76,3263,58,1832,18,1431,0,0,24,1838,51,712,24,2550,California
Tuolumne,2021-01-21,56,3319,23,1855,33,1464,0,0,40,1862,16,728,40,2590,California
Tuolumne,2021-01-22,169,3488,16,1871,153,1617,0,0,162,2017,7,735,162,2752,California
Tuolumne,2021-01-23,653,4141,134,2005,519,2136,0,0,548,2472,105,840,560,3312,California
Tuolumne,2021-01-24,523,4664,2,2007,521,2657,0,0,520,2991,3,843,522,3834,California
Tuolumne,2021-01-25,50,4714,28,2035,22,2679,0,0,24,2990,26,869,25,3859,California
Tuolumne,2021-01-26,80,4794,68,2103,12,2691,0,0,40,2991,40,909,41,3900,California
Tuolumne,2021-01-27,61,4855,4,2107,57,2748,0,0,8,2947,52,961,8,3908,California
Tuolumne,2021-01-28,27,4882,7,2114,20,2768,0,0,18,2956,9,970,18,3926,California
Tuolumne,2021-01-29,71,4953,5,2119,66,2834,0,0,33,2951,38,1008,33,3959,California
Tuolumne,2021-01-30,711,5664,553,2672,158,2992,0,0,688,3633,23,1031,705,4664,California
Tuolumne,2021-01-31,8,5672,2,2674,6,2998,0,0,5,3635,3,1034,5,4669,California
Tuolumne,2021-02-01,26,5698,7,2681,19,3017,0,0,23,3655,3,1037,23,4692,California
Tuolumne,2021-02-02,647,6345,40,2721,607,3624,0,0,635,4280,10,1047,635,5327,California
Tuolumne,2021-02-03,241,6586,112,2833,129,3753,0,0,88,4215,153,1200,88,5415,California
Tuolumne,2021-02-04,123,6709,13,2846,110,3863,0,0,60,4212,63,1263,60,5475,California
Tuolumne,2021-02-05,101,6810,14,2860,87,3950,0,0,35,4182,65,1328,35,5510,California
Tuolumne,2021-02-06,857,7667,583,3443,274,4224,0,0,848,5027,9,1337,854,6364,California
Tuolumne,2021-02-07,8,7675,4,3447,4,4228,0,0,4,5027,4,1341,4,6368,California
Tuolumne,2021-02-08,91,7766,40,3487,51,4279,0,0,67,5070,24,1365,67,6435,California
Tuolumne,2021-02-09,861,8627,52,3539,809,5088,0,0,820,5849,41,1406,820,7255,California
Tuolumne,2021-02-10,92,8719,17,3556,75,5163,0,0,31,5820,60,1466,31,7286,California
Tuolumne,2021-02-11,143,8862,68,3624,75,5238,0,0,78,5833,65,1531,78,7364,California
Tuolumne,2021-02-12,647,9509,19,3643,628,5866,0,0,206,5599,440,1971,206,7570,California
Tuolumne,2021-02-13,150,9659,41,3684,109,5975,0,0,120,5690,29,2000,120,7690,California
Tuolumne,2021-02-14,152,9811,14,3698,138,6113,0,0,150,5838,2,2002,150,7840,California
Tuolumne,2021-02-15,187,9998,10,3708,177,6290,0,0,178,6007,9,2011,178,8018,California
Tuolumne,2021-02-16,531,10529,18,3726,513,6803,0,0,122,5726,405,2416,124,8142,California
Tuolumne,2021-02-17,111,10640,63,3789,48,6851,0,0,61,5738,49,2465,61,8203,California
Tuolumne,2021-02-18,680,11320,26,3815,654,7505,0,0,629,6317,51,2516,630,8833,California
Tuolumne,2021-02-19,142,11462,22,3837,120,7625,0,0,42,6259,100,2616,42,8875,California
Tuolumne,2021-02-20,905,12367,341,4178,564,8189,0,0,385,6139,506,3122,386,9261,California
Tuolumne,2021-02-21,977,13344,39,4217,938,9127,0,0,470,6107,505,3627,473,9734,California
Tuolumne,2021-02-22,80,13424,57,4274,23,9150,0,0,46,6120,33,3660,46,9780,California
Tuolumne,2021-02-23,48,13472,24,4298,24,9174,0,0,26,6125,21,3681,26,9806,California
Tuolumne,2021-02-24,104,13576,58,4356,46,9220,0,0,43,6108,60,3741,43,9849,California
Tuolumne,2021-02-25,1051,14627,35,4391,1016,10236,0,0,1020,7097,31,3772,1020,10869,California
Tuolumne,2021-02-26,150,14777,11,4402,139,10375,0,0,124,7196,26,3798,125,10994,California
Tuolumne,2021-02-27,955,15732,579,4981,376,10751,0,0,250,6762,687,4485,253,11247,California
Tuolumne,2021-02-28,56,15788,4,4985,52,10803,0,0,52,6811,3,4488,52,11299,California
Tuolumne,2021-03-01,114,15902,22,5007,91,10894,1,1,77,6854,36,4524,79,11378,California
Tuolumne,2021-03-02,705,16607,73,5080,632,11526,0,1,106,6361,599,5123,106,11484,California
Tuolumne,2021-03-03,89,16696,21,5101,68,11594,0,1,64,6400,25,5148,64,11548,California
Tuolumne,2021-03-04,1172,17868,75,5176,1097,12691,0,1,1107,7442,65,5213,1107,12655,California
Tuolumne,2021-03-05,87,17955,11,5187,76,12767,0,1,50,7457,36,5249,51,12706,California
Tuolumne,2021-03-06,1059,19014,606,5793,451,13218,2,3,205,6818,848,6097,209,12915,California
Tuolumne,2021-03-07,41,19055,12,5805,14,13232,15,18,18,6828,23,6120,33,12948,California
Tuolumne,2021-03-08,196,19251,90,5895,99,13331,7,25,139,6917,57,6177,146,13094,California
Tuolumne,2021-03-09,857,20108,16,5911,830,14161,11,36,68,6213,784,6961,80,13174,California
Tuolumne,2021-03-10,78,20186,12,5923,55,14216,11,47,53,6252,25,6986,64,13238,California
Tuolumne,2021-03-11,1283,21469,37,5960,1241,15457,5,52,1256,7488,27,7013,1263,14501,California
Tuolumne,2021-03-12,298,21767,34,5994,249,15706,15,67,189,7587,108,7121,207,14708,California
Tuolumne,2021-03-13,114,21881,13,6007,101,15807,0,67,84,7643,29,7150,85,14793,California
Tuolumne,2021-03-14,146,22027,8,6015,129,15936,9,76,7,7525,139,7289,21,14814,California
Tuolumne,2021-03-15,301,22328,82,6097,216,16152,3,79,105,7445,195,7484,115,14929,California
Tuolumne,2021-03-16,803,23131,40,6137,752,16904,11,90,666,7986,136,7620,677,15606,California
Tuolumne,2021-03-17,152,23283,32,6169,107,17011,13,103,79,8006,72,7692,92,15698,California
Tuolumne,2021-03-18,947,24230,27,6196,907,17918,13,116,317,7709,627,8319,330,16028,California
Tuolumne,2021-03-19,135,24365,18,6214,87,18005,30,146,74,7753,60,8379,104,16132,California
Tuolumne,2021-03-20,92,24457,7,6221,75,18080,10,156,38,7747,53,8432,47,16179,California
Tuolumne,2021-03-21,833,25290,389,6610,434,18514,10,166,41,7015,784,9216,52,16231,California
Tuolumne,2021-03-22,164,25454,73,6683,72,18586,19,185,97,7065,66,9282,116,16347,California
Tuolumne,2021-03-23,706,26160,636,7319,56,18642,14,199,668,7708,38,9320,681,17028,California
Tuolumne,2021-03-24,111,26271,20,7339,73,18715,18,217,77,7770,33,9353,95,17123,California
Tuolumne,2021-03-25,1299,27570,24,7363,1272,19987,3,220,327,7130,970,10323,330,17453,California
Tuolumne,2021-03-26,275,27845,16,7379,236,20223,23,243,116,7121,149,10472,140,17593,California
Tuolumne,2021-03-27,581,28426,54,7433,527,20750,0,243,316,7176,263,10735,318,17911,California
Tuolumne,2021-03-28,47,28473,6,7439,41,20791,0,243,8,7147,38,10773,9,17920,California
Tuolumne,2021-03-29,206,28679,83,7522,123,20914,0,243,109,7162,94,10867,109,18029,California
Tuolumne,2021-03-30,162,28841,9,7531,152,21066,1,244,119,7240,42,10909,120,18149,California
Tuolumne,2021-03-31,95,28936,14,7545,79,21145,2,246,38,7225,55,10964,40,18189,California
Tuolumne,2021-04-01,1251,30187,30,7575,1221,22366,0,246,228,6433,1020,11984,228,18417,California
Tuolumne,2021-04-02,164,30351,11,7586,127,22493,26,272,91,6479,71,12055,117,18534,California
Tuolumne,2021-04-03,427,30778,35,7621,391,22884,1,273,238,6530,188,12243,239,18773,California
Tuolumne,2021-04-04,33,30811,3,7624,30,22914,0,273,21,6540,11,12254,21,18794,California
Tuolumne,2021-04-05,132,30943,19,7643,106,23020,7,280,59,6534,72,12326,66,18860,California
Tuolumne,2021-04-06,648,31591,516,8159,105,23125,27,307,513,6941,134,12460,541,19401,California
Tuolumne,2021-04-07,128,31719,37,8196,75,23200,16,323,50,6929,78,12538,66,19467,California
Tuolumne,2021-04-08,1446,33165,33,8229,1398,24598,15,338,247,5996,1195,13733,262,19729,California
Tuolumne,2021-04-09,274,33439,41,8270,189,24787,44,382,131,6032,143,13876,179,19908,California
Tuolumne,2021-04-10,55,33494,2,8272,33,24820,20,402,22,6042,32,13908,42,19950,California
Tuolumne,2021-04-11,18,33512,3,8275,12,24832,3,405,12,6051,6,13914,15,19965,California
Tuolumne,2021-04-12,165,33677,66,8341,94,24926,5,410,90,6076,70,13984,95,20060,California
Tuolumne,2021-04-13,784,34461,35,8376,749,25675,0,410,169,5638,607,14591,169,20229,California
Tuolumne,2021-04-14,156,34617,29,8405,127,25802,0,410,79,5644,74,14665,80,20309,California
Tuolumne,2021-04-15,344,34961,21,8426,323,26125,0,410,60,5426,278,14943,60,20369,California
Tuolumne,2021-04-16,249,35210,48,8474,201,26326,0,410,140,5465,102,15045,141,20510,California
Tuolumne,2021-04-17,42,35252,5,8479,37,26363,0,410,26,5475,16,15061,26,20536,California
Tuolumne,2021-04-18,9,35261,3,8482,6,26369,0,410,4,5475,5,15066,5,20541,California
Tuolumne,2021-04-19,170,35431,78,8560,92,26461,0,410,92,5491,76,15142,92,20633,California
Tuolumne,2021-04-20,710,36141,614,9174,96,26557,0,410,77,4943,625,15767,77,20710,California
Tuolumne,2021-04-21,118,36259,25,9199,93,26650,0,410,62,4954,51,15818,62,20772,California
Tuolumne,2021-04-22,711,36970,46,9245,665,27315,0,410,431,5114,271,16089,431,21203,California
Tuolumne,2021-04-23,175,37145,31,9276,144,27459,0,410,83,5108,90,16179,84,21287,California
Tuolumne,2021-04-24,78,37223,17,9293,61,27520,0,410,50,5130,28,16207,50,21337,California
Tuolumne,2021-04-25,25,37248,9,9302,16,27536,0,410,22,5149,3,16210,22,21359,California
Tuolumne,2021-04-26,157,37405,56,9358,101,27637,0,410,74,5142,82,16292,75,21434,California
Tuolumne,2021-04-27,138,37543,23,9381,108,27745,7,417,64,5141,72,16364,71,21505,California
Tuolumne,2021-04-28,114,37657,23,9404,80,27825,11,428,61,5161,52,16416,72,21577,California
Tuolumne,2021-04-29,277,37934,16,9420,253,28078,8,436,53,5000,222,16638,61,21638,California
Tuolumne,2021-04-30,354,38288,22,9442,320,28398,12,448,68,4798,282,16920,80,21718,California
Tuolumne,2021-05-01,25,38313,7,9449,13,28411,5,453,16,4810,9,16929,21,21739,California
Tuolumne,2021-05-02,26,38339,3,9452,21,28432,2,455,19,4824,7,16936,21,21760,California
Tuolumne,2021-05-03,101,38440,14,9466,82,28514,5,460,29,4788,70,17006,34,21794,California
Tuolumne,2021-05-04,694,39134,600,10066,90,28604,4,464,208,4514,485,17491,211,22005,California
Tuolumne,2021-05-05,107,39241,25,10091,76,28680,6,470,56,4527,49,17540,62,22067,California
Tuolumne,2021-05-06,285,39526,12,10103,259,28939,14,484,41,4342,239,17779,54,22121,California
Tuolumne,2021-05-07,325,39851,26,10129,291,29230,8,492,67,4160,257,18036,75,22196,California
Tuolumne,2021-05-08,45,39896,6,10135,35,29265,4,496,30,4179,15,18051,34,22230,California
Tuolumne,2021-05-09,15,39911,2,10137,11,29276,2,498,2,4170,13,18064,4,22234,California
Tuolumne,2021-05-10,112,40023,44,10181,62,29338,6,504,31,4127,80,18144,37,22271,California
Tuolumne,2021-05-11,196,40219,62,10243,122,29460,12,516,56,4056,139,18283,68,22339,California
Tuolumne,2021-05-12,126,40345,18,10261,105,29565,3,519,49,4031,77,18360,52,22391,California
Tuolumne,2021-05-13,109,40454,18,10279,83,29648,8,527,68,4067,41,18401,77,22468,California
Tuolumne,2021-05-14,207,40661,75,10354,120,29768,12,539,106,4086,99,18500,118,22586,California
Tuolumne,2021-05-15,56,40717,14,10368,35,29803,7,546,19,4076,37,18537,27,22613,California
Tuolumne,2021-05-16,25,40742,7,10375,16,29819,2,548,12,4077,13,18550,14,22627,California
Tuolumne,2021-05-17,110,40852,29,10404,78,29897,3,551,47,4065,63,18613,51,22678,California
Tuolumne,2021-05-18,176,41028,54,10458,75,29972,47,598,58,4052,118,18731,105,22783,California
Tuolumne,2021-05-19,118,41146,20,10478,65,30037,33,631,47,4062,70,18801,80,22863,California
Tuolumne,2021-05-20,395,41541,19,10497,371,30408,5,636,51,3775,343,19144,56,22919,California
Tuolumne,2021-05-21,189,41730,89,10586,95,30503,5,641,115,3823,72,19216,120,23039,California
Tuolumne,2021-05-22,51,41781,15,10601,31,30534,5,646,21,3819,29,19245,25,23064,California
Tuolumne,2021-05-23,18,41799,5,10606,13,30547,0,646,9,3819,9,19254,9,23073,California
Tuolumne,2021-05-24,127,41926,40,10646,81,30628,6,652,52,3803,74,19328,58,23131,California
Tuolumne,2021-05-25,282,42208,217,10863,59,30687,6,658,108,3744,173,19501,114,23245,California
Tuolumne,2021-05-26,83,42291,22,10885,60,30747,1,659,35,3732,48,19549,36,23281,California
Tuolumne,2021-05-27,73,42364,14,10899,56,30803,3,662,29,3721,43,19592,32,23313,California
Tuolumne,2021-05-28,107,42471,53,10952,53,30856,1,663,65,3747,40,19632,66,23379,California
Tuolumne,2021-05-29,37,42508,7,10959,24,30880,6,669,16,3748,21,19653,22,23401,California
Tuolumne,2021-05-30,18,42526,1,10960,14,30894,3,672,4,3741,14,19667,7,23408,California
Tuolumne,2021-05-31,10,42536,2,10962,7,30901,1,673,2,3736,8,19675,3,23411,California
Tuolumne,2021-06-01,71,42607,19,10981,48,30949,4,677,22,3713,49,19724,26,23437,California
Tuolumne,2021-06-02,53,42660,4,10985,43,30992,6,683,15,3696,37,19761,20,23457,California
Tuolumne,2021-06-03,44,42704,16,11001,15,31007,13,696,10,3685,34,19795,23,23480,California
Tuolumne,2021-06-04,25,42729,2,11003,22,31029,1,697,6,3675,17,19812,7,23487,California
Tuolumne,2021-06-05,13,42742,6,11009,7,31036,0,697,5,3672,8,19820,5,23492,California
Tuolumne,2021-06-06,4,42746,3,11012,1,31037,0,697,1,3670,3,19823,1,23493,California
Tuolumne,2021-06-07,3,42749,1,11013,2,31039,0,697,1,3669,2,19825,1,23494,California
Ventura,2020-12-15,5,5,5,5,0,0,0,0,5,5,0,0,5,5,California
Ventura,2020-12-16,74,79,74,79,0,0,0,0,74,79,0,0,74,79,California
Ventura,2020-12-17,246,325,246,325,0,0,0,0,246,325,0,0,246,325,California
Ventura,2020-12-18,1416,1741,1416,1741,0,0,0,0,1416,1741,0,0,1416,1741,California
Ventura,2020-12-19,911,2652,911,2652,0,0,0,0,911,2652,0,0,911,2652,California
Ventura,2020-12-20,430,3082,430,3082,0,0,0,0,430,3082,0,0,430,3082,California
Ventura,2020-12-21,1467,4549,1467,4549,0,0,0,0,1467,4549,0,0,1467,4549,California
Ventura,2020-12-22,1107,5656,1103,5652,4,4,0,0,1107,5656,0,0,1107,5656,California
Ventura,2020-12-23,1037,6693,987,6639,50,54,0,0,1037,6693,0,0,1037,6693,California
Ventura,2020-12-24,476,7169,378,7017,98,152,0,0,476,7169,0,0,476,7169,California
Ventura,2020-12-25,12,7181,7,7024,5,157,0,0,12,7181,0,0,12,7181,California
Ventura,2020-12-26,116,7297,95,7119,21,178,0,0,116,7297,0,0,116,7297,California
Ventura,2020-12-27,60,7357,29,7148,31,209,0,0,60,7357,0,0,60,7357,California
Ventura,2020-12-28,1066,8423,926,8074,140,349,0,0,1066,8423,0,0,1066,8423,California
Ventura,2020-12-29,1172,9595,766,8840,406,755,0,0,1172,9595,0,0,1172,9595,California
Ventura,2020-12-30,1988,11583,1523,10363,465,1220,0,0,1988,11583,0,0,1988,11583,California
Ventura,2020-12-31,476,12059,161,10524,315,1535,0,0,476,12059,0,0,476,12059,California
Ventura,2021-01-01,33,12092,12,10536,21,1556,0,0,33,12092,0,0,33,12092,California
Ventura,2021-01-02,172,12264,77,10613,95,1651,0,0,172,12264,0,0,172,12264,California
Ventura,2021-01-03,17,12281,8,10621,9,1660,0,0,17,12281,0,0,17,12281,California
Ventura,2021-01-04,1094,13375,554,11175,540,2200,0,0,1093,13374,0,0,1093,13374,California
Ventura,2021-01-05,1376,14751,781,11956,595,2795,0,0,1332,14662,44,44,1332,14706,California
Ventura,2021-01-06,2053,16804,1174,13130,879,3674,0,0,1626,15872,418,462,1628,16334,California
Ventura,2021-01-07,2067,18871,1320,14450,747,4421,0,0,1181,16171,883,1345,1182,17516,California
Ventura,2021-01-08,2197,21068,1473,15923,724,5145,0,0,906,15789,1289,2634,907,18423,California
Ventura,2021-01-09,722,21790,499,16422,223,5368,0,0,318,15703,404,3038,318,18741,California
Ventura,2021-01-10,340,22130,323,16745,17,5385,0,0,127,15617,213,3251,127,18868,California
Ventura,2021-01-11,2439,24569,1492,18237,947,6332,0,0,1483,16148,956,4207,1487,20355,California
Ventura,2021-01-12,3042,27611,1609,19846,1433,7765,0,0,2012,17130,1030,5237,2012,22367,California
Ventura,2021-01-13,2940,30551,1438,21284,1502,9267,0,0,2048,18290,889,6126,2049,24416,California
Ventura,2021-01-14,2729,33280,1056,22340,1673,10940,0,0,2282,20127,446,6572,2283,26699,California
Ventura,2021-01-15,2889,36169,966,23306,1923,12863,0,0,2674,22587,215,6787,2675,29374,California
Ventura,2021-01-16,481,36650,186,23492,295,13158,0,0,402,22910,79,6866,402,29776,California
Ventura,2021-01-17,262,36912,142,23634,120,13278,0,0,254,23156,8,6874,254,30030,California
Ventura,2021-01-18,2208,39120,1664,25298,544,13822,0,0,1665,24280,542,7416,1666,31696,California
Ventura,2021-01-19,3045,42165,2125,27423,920,14742,0,0,2149,25536,896,8312,2152,33848,California
Ventura,2021-01-20,4086,46251,3142,30565,944,15686,0,0,3032,27518,1051,9363,3033,36881,California
Ventura,2021-01-21,3848,50099,2686,33251,1162,16848,0,0,3171,30017,674,10037,3173,40054,California
Ventura,2021-01-22,3591,53690,2479,35730,1112,17960,0,0,3425,33277,166,10203,3426,43480,California
Ventura,2021-01-23,1163,54853,638,36368,525,18485,0,0,1065,34247,97,10300,1067,44547,California
Ventura,2021-01-24,451,55304,134,36502,317,18802,0,0,438,34672,13,10313,438,44985,California
Ventura,2021-01-25,3137,58441,2019,38521,1118,19920,0,0,2582,36701,554,10867,2583,47568,California
Ventura,2021-01-26,3693,62134,2207,40728,1486,21406,0,0,2695,38400,997,11864,2696,50264,California
Ventura,2021-01-27,3447,65581,1548,42276,1899,23305,0,0,2702,40362,742,12606,2704,52968,California
Ventura,2021-01-28,3852,69433,1987,44263,1865,25170,0,0,3234,42994,603,13209,3235,56203,California
Ventura,2021-01-29,4256,73689,2519,46782,1737,26907,0,0,3758,46266,486,13695,3758,59961,California
Ventura,2021-01-30,3029,76718,1964,48746,1065,27972,0,0,2859,48960,166,13861,2860,62821,California
Ventura,2021-01-31,815,77533,432,49178,383,28355,0,0,729,49604,85,13946,729,63550,California
Ventura,2021-02-01,3957,81490,2113,51291,1844,30199,0,0,3179,52013,772,14718,3181,66731,California
Ventura,2021-02-02,4388,85878,2353,53644,2035,32234,0,0,3363,54357,1021,15739,3365,70096,California
Ventura,2021-02-03,4437,90315,2084,55728,2353,34587,0,0,3423,56772,1009,16748,3424,73520,California
Ventura,2021-02-04,4791,95106,2290,58018,2501,37088,0,0,3514,59021,1269,18017,3518,77038,California
Ventura,2021-02-05,4840,99946,2328,60346,2512,39600,0,0,3342,60880,1485,19502,3344,80382,California
Ventura,2021-02-06,2818,102764,1503,61849,1315,40915,0,0,2418,62899,399,19901,2418,82800,California
Ventura,2021-02-07,714,103478,240,62089,474,41389,0,0,585,63356,129,20030,586,83386,California
Ventura,2021-02-08,3521,106999,1642,63731,1879,43268,0,0,2440,64721,1076,21106,2441,85827,California
Ventura,2021-02-09,4710,111709,1969,65700,2741,46009,0,0,2456,64929,2251,23357,2459,88286,California
Ventura,2021-02-10,4696,116405,2225,67925,2471,48480,0,0,2381,65007,2304,25661,2382,90668,California
Ventura,2021-02-11,4654,121059,1866,69791,2788,51268,0,0,2438,65240,2208,27869,2441,93109,California
Ventura,2021-02-12,6291,127350,2650,72441,3641,54909,0,0,3221,65397,3064,30933,3221,96330,California
Ventura,2021-02-13,3285,130635,1821,74262,1464,56373,0,0,1836,65790,1445,32378,1838,98168,California
Ventura,2021-02-14,1213,131848,121,74383,1092,57465,0,0,1001,66580,212,32590,1002,99170,California
Ventura,2021-02-15,3978,135826,1790,76173,2188,59653,0,0,2113,66831,1862,34452,2113,101283,California
Ventura,2021-02-16,5536,141362,2698,78871,2838,62491,0,0,3004,67313,2522,36974,3004,104287,California
Ventura,2021-02-17,5281,146643,1909,80780,3372,65863,0,0,3330,68701,1942,38916,3330,107617,California
Ventura,2021-02-18,5772,152415,1825,82605,3947,69810,0,0,3637,70216,2122,41038,3637,111254,California
Ventura,2021-02-19,6462,158877,3758,86363,2704,72514,0,0,3009,69782,3446,44484,3012,114266,California
Ventura,2021-02-20,4925,163802,3167,89530,1758,74272,0,0,2762,70392,2156,46640,2766,117032,California
Ventura,2021-02-21,1091,164893,803,90333,288,74560,0,0,451,70208,635,47275,451,117483,California
Ventura,2021-02-22,5401,170294,2408,92741,2993,77553,0,0,3461,71741,1930,49205,3463,120946,California
Ventura,2021-02-23,5935,176229,2952,95693,2983,80536,0,0,3412,72649,2506,51711,3414,124360,California
Ventura,2021-02-24,7058,183287,2613,98306,4445,84981,0,0,4253,74115,2789,54500,4255,128615,California
Ventura,2021-02-25,7553,190840,2563,100869,4990,89971,0,0,4572,75721,2968,57468,4574,133189,California
Ventura,2021-02-26,9441,200281,2765,103634,6676,96647,0,0,6171,78651,3245,60713,6175,139364,California
Ventura,2021-02-27,10571,210852,5271,108905,5300,101947,0,0,7949,84006,2604,63317,7959,147323,California
Ventura,2021-02-28,2533,213385,1621,110526,911,102858,1,1,2072,85625,453,63770,2072,149395,California
Ventura,2021-03-01,7130,220515,2838,113364,4290,107148,2,3,4732,87990,2382,66152,4747,154142,California
Ventura,2021-03-02,7696,228211,4034,117398,3660,110808,2,5,5395,91095,2290,68442,5395,159537,California
Ventura,2021-03-03,8647,236858,3905,121303,4739,115547,3,8,6103,94678,2527,70969,6110,165647,California
Ventura,2021-03-04,8242,245100,3872,125175,4370,119917,0,8,5543,97539,2684,73653,5545,171192,California
Ventura,2021-03-05,10081,255181,4816,129991,5255,125172,10,18,7192,101876,2873,76526,7210,178402,California
Ventura,2021-03-06,7753,262934,4392,134383,3209,128381,152,170,5795,105875,1950,78476,5949,184351,California
Ventura,2021-03-07,1650,264584,613,134996,937,129318,100,270,1241,106807,409,78885,1341,185692,California
Ventura,2021-03-08,6835,271419,3437,138433,3244,132562,154,424,4726,109588,2102,80987,4883,190575,California
Ventura,2021-03-09,6839,278258,3016,141449,3627,136189,196,620,3969,110900,2857,83844,4169,194744,California
Ventura,2021-03-10,6996,285254,3012,144461,3745,139934,239,859,4678,113513,2303,86147,4916,199660,California
Ventura,2021-03-11,6518,291772,2890,147351,3315,143249,313,1172,3557,114434,2947,89094,3868,203528,California
Ventura,2021-03-12,8672,300444,3042,150393,4789,148038,841,2013,4249,115116,4406,93500,5088,208616,California
Ventura,2021-03-13,7243,307687,2506,152899,3900,151938,837,2850,4309,117338,2925,96425,5147,213763,California
Ventura,2021-03-14,2125,309812,477,153376,1149,153087,499,3349,715,117144,1409,97834,1215,214978,California
Ventura,2021-03-15,7065,316877,2045,155421,3673,156760,1347,4696,3122,117689,3920,101754,4465,219443,California
Ventura,2021-03-16,8111,324988,2455,157876,4544,161304,1112,5808,4175,119052,3922,105676,5285,224728,California
Ventura,2021-03-17,7700,332688,2769,160645,4584,165888,347,6155,4695,121113,2982,108658,5043,229771,California
Ventura,2021-03-18,7388,340076,3269,163914,3970,169858,149,6304,4821,123528,2554,111212,4969,234740,California
Ventura,2021-03-19,8630,348706,3781,167695,4738,174596,111,6415,5238,125507,3368,114580,5347,240087,California
Ventura,2021-03-20,8692,357398,5745,173440,2924,177520,23,6438,4433,125727,4237,118817,4457,244544,California
Ventura,2021-03-21,2786,360184,1518,174958,896,178416,372,6810,1314,125951,1458,120275,1682,246226,California
Ventura,2021-03-22,7412,367596,3689,178647,3620,182036,103,6913,4896,128455,2497,122772,5001,251227,California
Ventura,2021-03-23,8243,375839,3926,182573,4247,186283,70,6983,4630,129570,3584,126356,4699,255926,California
Ventura,2021-03-24,8924,384763,3407,185980,5441,191724,76,7059,4473,129700,4420,130776,4550,260476,California
Ventura,2021-03-25,8832,393595,3909,189889,4822,196546,101,7160,4475,129939,4337,135113,4576,265052,California
Ventura,2021-03-26,9926,403521,3367,193256,5904,202450,655,7815,3977,128651,5918,141031,4630,269682,California
Ventura,2021-03-27,8490,412011,3925,197181,4527,206977,38,7853,2411,125053,6048,147079,2450,272132,California
Ventura,2021-03-28,2526,414537,1420,198601,1098,208075,8,7861,1365,125271,1155,148234,1373,273505,California
Ventura,2021-03-29,8569,423106,4299,202900,4225,212300,45,7906,4261,125300,4280,152514,4309,277814,California
Ventura,2021-03-30,8994,432100,4465,207365,4401,216701,128,8034,4393,125234,4586,157100,4520,282334,California
Ventura,2021-03-31,10789,442889,4866,212231,5292,221993,631,8665,4674,124446,6091,163191,5303,287637,California
Ventura,2021-04-01,10840,453729,5281,217512,4681,226674,878,9543,5499,125513,5305,168496,6372,294009,California
Ventura,2021-04-02,11780,465509,4633,222145,5804,232478,1343,10886,5625,126362,6122,174618,6971,300980,California
Ventura,2021-04-03,8105,473614,4020,226165,2910,235388,1175,12061,3424,126284,4669,179287,4591,305571,California
Ventura,2021-04-04,1708,475322,956,227121,617,236005,135,12196,1144,127005,558,179845,1279,306850,California
Ventura,2021-04-05,9405,484727,4863,231984,3426,239431,1116,13312,4797,128318,4598,184443,5911,312761,California
Ventura,2021-04-06,10931,495658,5565,237549,3875,243306,1491,14803,5627,130156,5277,189720,7115,319876,California
Ventura,2021-04-07,11480,507138,5392,242941,4578,247884,1510,16313,5255,130712,6208,195928,6764,326640,California
Ventura,2021-04-08,10440,517578,5279,248220,4176,252060,985,17298,5210,131690,5209,201137,6187,332827,California
Ventura,2021-04-09,11311,528889,4365,252585,5223,257283,1723,19021,4938,131997,6348,207485,6655,339482,California
Ventura,2021-04-10,9561,538450,3884,256469,3518,260801,2159,21180,3138,130886,6404,213889,5293,344775,California
Ventura,2021-04-11,2446,540896,857,257326,1015,261816,574,21754,686,130402,1751,215640,1267,346042,California
Ventura,2021-04-12,9023,549919,4501,261827,3695,265511,827,22581,3769,129778,5235,220875,4611,350653,California
Ventura,2021-04-13,8870,558789,4501,266328,4363,269874,6,22587,3769,128493,5062,225937,3777,354430,California
Ventura,2021-04-14,8759,567548,4090,270418,4654,274528,15,22602,3363,126525,5360,231297,3392,357822,California
Ventura,2021-04-15,9351,576899,4535,274953,4792,279320,24,22626,4086,125400,5237,236534,4112,361934,California
Ventura,2021-04-16,10090,586989,4443,279396,5645,284965,2,22628,4762,124857,5311,241845,4768,366702,California
Ventura,2021-04-17,8758,595747,5321,284717,3425,288390,12,22640,5091,126308,3652,245497,5103,371805,California
Ventura,2021-04-18,2126,597873,1009,285726,1117,289507,0,22640,908,126004,1212,246709,908,372713,California
Ventura,2021-04-19,8059,605932,4838,290564,3219,292726,2,22642,4629,127225,3410,250119,4631,377344,California
Ventura,2021-04-20,9297,615229,4912,295476,4381,297107,4,22646,4365,126682,4912,255031,4369,381713,California
Ventura,2021-04-21,8919,624148,4569,300045,4345,301452,5,22651,4247,126277,4658,259689,4253,385966,California
Ventura,2021-04-22,10052,634200,5479,305524,4573,306025,0,22651,4467,125179,5566,265255,4468,390434,California
Ventura,2021-04-23,10848,645048,5381,310905,5466,311491,1,22652,5416,125191,5405,270660,5417,395851,California
Ventura,2021-04-24,10437,655485,5890,316795,4547,316038,0,22652,6139,127046,4285,274945,6140,401991,California
Ventura,2021-04-25,2461,657946,1697,318492,764,316802,0,22652,1147,126882,1311,276256,1147,403138,California
Ventura,2021-04-26,7692,665638,4392,322884,3234,320036,66,22718,3196,125669,4470,280726,3257,406395,California
Ventura,2021-04-27,8801,674439,4888,327772,3712,323748,201,22919,3328,123739,5457,286183,3527,409922,California
Ventura,2021-04-28,8302,682741,4822,332594,3164,326912,316,23235,3261,122297,5020,291203,3578,413500,California
Ventura,2021-04-29,7823,690564,4222,336816,3338,330250,263,23498,2797,120357,4999,296202,3059,416559,California
Ventura,2021-04-30,9379,699943,5439,342255,3667,333917,273,23771,3896,119066,5449,301651,4158,420717,California
Ventura,2021-05-01,5026,704969,3623,345878,1300,335217,103,23874,1948,118060,3056,304707,2050,422767,California
Ventura,2021-05-02,2118,707087,1420,347298,610,335827,88,23962,1028,118090,1087,305794,1117,423884,California
Ventura,2021-05-03,6245,713332,3864,351162,2102,337929,279,24241,1968,116076,4259,310053,2245,426129,California
Ventura,2021-05-04,6304,719636,3287,354449,2722,340651,295,24536,2308,114697,3982,314035,2603,428732,California
Ventura,2021-05-05,5316,724952,2966,357415,2091,342742,259,24795,1921,113501,3369,317404,2173,430905,California
Ventura,2021-05-06,6141,731093,3151,360566,2721,345463,269,25064,1971,111590,4152,321556,2241,433146,California
Ventura,2021-05-07,6755,737848,3376,363942,3108,348571,271,25335,2330,109794,4397,325953,2601,435747,California
Ventura,2021-05-08,5298,743146,4114,368056,1030,349601,154,25489,1219,107099,4066,330019,1371,437118,California
Ventura,2021-05-09,1040,744186,728,368784,267,349868,45,25534,394,106897,640,330659,438,437556,California
Ventura,2021-05-10,6068,750254,4069,372853,1790,351658,209,25743,1400,103847,4658,335317,1608,439164,California
Ventura,2021-05-11,5157,755411,3204,376057,1742,353400,211,25954,1506,101922,3641,338958,1716,440880,California
Ventura,2021-05-12,4784,760195,2770,378827,1809,355209,205,26159,1475,100308,3294,342252,1680,442560,California
Ventura,2021-05-13,5702,765897,3355,382182,2141,357350,206,26365,1929,98684,3760,346012,2136,444696,California
Ventura,2021-05-14,7243,773140,4459,386641,2581,359931,203,26568,2757,97174,4467,350479,2957,447653,California
Ventura,2021-05-15,6625,779765,5364,392005,1176,361107,85,26653,2836,96325,3771,354250,2922,450575,California
Ventura,2021-05-16,2157,781922,1669,393674,436,361543,52,26705,1025,96275,1127,355377,1077,451652,California
Ventura,2021-05-17,5835,787757,3548,397222,2074,363617,213,26918,2499,95668,3318,358695,2711,454363,California
Ventura,2021-05-18,5362,793119,3169,400391,2013,365630,180,27098,2225,94956,3117,361812,2405,456768,California
Ventura,2021-05-19,5797,798916,3519,403910,2068,367698,210,27308,2405,94201,3366,365178,2611,459379,California
Ventura,2021-05-20,4348,803264,2296,406206,1896,369594,156,27464,1774,93580,2547,367725,1926,461305,California
Ventura,2021-05-21,6757,810021,3690,409896,2894,372488,173,27637,2164,91355,4561,372286,2336,463641,California
Ventura,2021-05-22,4770,814791,2318,412214,2379,374867,73,27710,1498,89661,3265,375551,1571,465212,California
Ventura,2021-05-23,1276,816067,1066,413280,139,375006,71,27781,500,89458,774,376325,571,465783,California
Ventura,2021-05-24,4510,820577,2434,415714,1909,376915,167,27948,1482,88093,3011,379336,1646,467429,California
Ventura,2021-05-25,4265,824842,2207,417921,1908,378823,150,28098,1443,86880,2805,382141,1592,469021,California
Ventura,2021-05-26,4245,829087,2262,420183,1827,380650,156,28254,1665,86139,2563,384704,1822,470843,California
Ventura,2021-05-27,3799,832886,1847,422030,1828,382478,124,28378,1390,85257,2396,387100,1514,472357,California
Ventura,2021-05-28,4468,837354,2452,424482,1824,384302,192,28570,1982,84956,2472,389572,2171,474528,California
Ventura,2021-05-29,2139,839493,1335,425817,737,385039,67,28637,1053,85002,1074,390646,1120,475648,California
Ventura,2021-05-30,905,840398,581,426398,271,385310,53,28690,377,84906,526,391172,430,476078,California
Ventura,2021-05-31,255,840653,137,426535,109,385419,9,28699,60,84780,195,391367,69,476147,California
Ventura,2021-06-01,3895,844548,2262,428797,1471,386890,162,28861,1312,83686,2569,393936,1475,477622,California
Ventura,2021-06-02,2917,847465,1623,430420,1163,388053,131,28992,1067,83044,1840,395776,1198,478820,California
Ventura,2021-06-03,3166,850631,1980,432400,1051,389104,135,29127,1090,82202,2067,397843,1225,480045,California
Ventura,2021-06-04,4417,855048,2940,435340,1322,390426,155,29282,1489,80928,2918,400761,1644,481689,California
Ventura,2021-06-05,3696,858744,3088,438428,548,390974,60,29342,1135,79574,2549,403310,1195,482884,California
Ventura,2021-06-06,1234,859978,1056,439484,140,391114,38,29380,299,78985,924,404234,335,483219,California
Ventura,2021-06-07,1613,861591,1106,440590,454,391568,53,29433,496,78427,1107,405341,549,483768,California
Yolo,2020-12-15,39,39,39,39,0,0,0,0,39,39,0,0,39,39,California
Yolo,2020-12-16,78,117,78,117,0,0,0,0,78,117,0,0,78,117,California
Yolo,2020-12-17,105,222,105,222,0,0,0,0,105,222,0,0,105,222,California
Yolo,2020-12-18,228,450,228,450,0,0,0,0,228,450,0,0,228,450,California
Yolo,2020-12-19,87,537,87,537,0,0,0,0,87,537,0,0,87,537,California
Yolo,2020-12-20,101,638,101,638,0,0,0,0,101,638,0,0,101,638,California
Yolo,2020-12-21,250,888,250,888,0,0,0,0,250,888,0,0,250,888,California
Yolo,2020-12-22,381,1269,380,1268,1,1,0,0,381,1269,0,0,381,1269,California
Yolo,2020-12-23,436,1705,416,1684,20,21,0,0,436,1705,0,0,436,1705,California
Yolo,2020-12-24,152,1857,95,1779,57,78,0,0,152,1857,0,0,152,1857,California
Yolo,2020-12-25,1,1858,1,1780,0,78,0,0,1,1858,0,0,1,1858,California
Yolo,2020-12-26,75,1933,25,1805,50,128,0,0,75,1933,0,0,75,1933,California
Yolo,2020-12-27,46,1979,19,1824,27,155,0,0,46,1979,0,0,46,1979,California
Yolo,2020-12-28,353,2332,180,2004,173,328,0,0,353,2332,0,0,353,2332,California
Yolo,2020-12-29,487,2819,267,2271,220,548,0,0,487,2819,0,0,487,2819,California
Yolo,2020-12-30,628,3447,258,2529,370,918,0,0,628,3447,0,0,628,3447,California
Yolo,2020-12-31,183,3630,94,2623,89,1007,0,0,183,3630,0,0,183,3630,California
Yolo,2021-01-01,57,3687,55,2678,2,1009,0,0,57,3687,0,0,57,3687,California
Yolo,2021-01-02,70,3757,27,2705,43,1052,0,0,70,3757,0,0,70,3757,California
Yolo,2021-01-03,45,3802,19,2724,26,1078,0,0,45,3802,0,0,45,3802,California
Yolo,2021-01-04,193,3995,43,2767,150,1228,0,0,190,3989,3,3,190,3992,California
Yolo,2021-01-05,614,4609,237,3004,377,1605,0,0,552,4479,62,65,552,4544,California
Yolo,2021-01-06,482,5091,183,3187,299,1904,0,0,344,4685,138,203,344,4888,California
Yolo,2021-01-07,712,5803,231,3418,481,2385,0,0,523,5020,188,391,523,5411,California
Yolo,2021-01-08,635,6438,312,3730,323,2708,0,0,412,5210,222,613,412,5823,California
Yolo,2021-01-09,415,6853,70,3800,345,3053,0,0,369,5533,46,659,369,6192,California
Yolo,2021-01-10,399,7252,79,3879,320,3373,0,0,330,5794,69,728,330,6522,California
Yolo,2021-01-11,564,7816,324,4203,240,3613,0,0,292,5816,272,1000,294,6816,California
Yolo,2021-01-12,486,8302,367,4570,119,3732,0,0,179,5689,307,1307,180,6996,California
Yolo,2021-01-13,767,9069,311,4881,456,4188,0,0,517,5956,250,1557,517,7513,California
Yolo,2021-01-14,382,9451,183,5064,199,4387,0,0,278,6130,104,1661,278,7791,California
Yolo,2021-01-15,631,10082,324,5388,307,4694,0,0,549,6598,82,1743,550,8341,California
Yolo,2021-01-16,742,10824,94,5482,648,5342,0,0,711,7278,31,1774,711,9052,California
Yolo,2021-01-17,190,11014,117,5599,73,5415,0,0,184,7456,6,1780,184,9236,California
Yolo,2021-01-18,484,11498,305,5904,179,5594,0,0,380,7732,104,1884,380,9616,California
Yolo,2021-01-19,558,12056,372,6276,186,5780,0,0,385,7944,173,2057,385,10001,California
Yolo,2021-01-20,659,12715,380,6656,279,6059,0,0,474,8234,184,2241,474,10475,California
Yolo,2021-01-21,647,13362,384,7040,263,6322,0,0,461,8509,186,2427,461,10936,California
Yolo,2021-01-22,750,14112,251,7291,499,6821,0,0,633,9027,115,2542,633,11569,California
Yolo,2021-01-23,616,14728,123,7414,493,7314,0,0,568,9547,48,2590,568,12137,California
Yolo,2021-01-24,208,14936,123,7537,85,7399,0,0,167,9673,41,2631,167,12304,California
Yolo,2021-01-25,733,15669,157,7694,576,7975,0,0,511,9962,222,2853,511,12815,California
Yolo,2021-01-26,827,16496,327,8021,500,8475,0,0,431,9997,396,3249,431,13246,California
Yolo,2021-01-27,553,17049,219,8240,334,8809,0,0,378,10200,175,3424,378,13624,California
Yolo,2021-01-28,1049,18098,564,8804,485,9294,0,0,924,11000,124,3548,924,14548,California
Yolo,2021-01-29,903,19001,268,9072,635,9929,0,0,817,11732,85,3633,817,15365,California
Yolo,2021-01-30,1528,20529,928,10000,600,10529,0,0,1406,13022,116,3749,1406,16771,California
Yolo,2021-01-31,239,20768,200,10200,39,10568,0,0,212,13208,26,3775,212,16983,California
Yolo,2021-02-01,849,21617,364,10564,485,11053,0,0,614,13591,231,4006,614,17597,California
Yolo,2021-02-02,1339,22956,755,11319,584,11637,0,0,930,14113,409,4415,931,18528,California
Yolo,2021-02-03,1524,24480,397,11716,1127,12764,0,0,1186,14964,335,4750,1186,19714,California
Yolo,2021-02-04,1789,26269,281,11997,1508,14272,0,0,1236,15659,542,5292,1237,20951,California
Yolo,2021-02-05,1596,27865,908,12905,688,14960,0,0,1195,16455,400,5692,1196,22147,California
Yolo,2021-02-06,1943,29808,1266,14171,677,15637,0,0,1577,17667,366,6058,1578,23725,California
Yolo,2021-02-07,525,30333,248,14419,277,15914,0,0,169,17481,355,6413,169,23894,California
Yolo,2021-02-08,949,31282,331,14750,618,16532,0,0,603,17741,343,6756,603,24497,California
Yolo,2021-02-09,859,32141,389,15139,470,17002,0,0,574,18030,285,7041,574,25071,California
Yolo,2021-02-10,1466,33607,481,15620,985,17987,0,0,825,18216,641,7682,827,25898,California
Yolo,2021-02-11,1581,35188,811,16431,770,18757,0,0,1186,19007,395,8077,1186,27084,California
Yolo,2021-02-12,1923,37111,762,17193,1161,19918,0,0,1446,19980,473,8550,1446,28530,California
Yolo,2021-02-13,2055,39166,712,17905,1343,21261,0,0,1385,20695,670,9220,1385,29915,California
Yolo,2021-02-14,569,39735,152,18057,417,21678,0,0,441,21009,127,9347,441,30356,California
Yolo,2021-02-15,535,40270,194,18251,341,22019,0,0,266,21007,269,9616,267,30623,California
Yolo,2021-02-16,1131,41401,425,18676,706,22725,0,0,809,21495,322,9938,810,31433,California
Yolo,2021-02-17,1392,42793,701,19377,691,23416,0,0,996,22095,396,10334,996,32429,California
Yolo,2021-02-18,2489,45282,812,20189,1677,25093,0,0,1717,23042,771,11105,1718,34147,California
Yolo,2021-02-19,1754,47036,751,20940,1003,26096,0,0,1130,23550,622,11727,1130,35277,California
Yolo,2021-02-20,2460,49496,957,21897,1503,27599,0,0,1374,23844,1081,12808,1375,36652,California
Yolo,2021-02-21,286,49782,225,22122,61,27660,0,0,74,23707,211,13019,74,36726,California
Yolo,2021-02-22,1369,51151,599,22721,770,28430,0,0,695,23729,673,13692,695,37421,California
Yolo,2021-02-23,1147,52298,856,23577,291,28721,0,0,444,23472,701,14393,444,37865,California
Yolo,2021-02-24,2090,54388,593,24170,1497,30218,0,0,1382,24148,706,15099,1382,39247,California
Yolo,2021-02-25,1395,55783,487,24657,908,31126,0,0,922,24598,472,15571,922,40169,California
Yolo,2021-02-26,2625,58408,1028,25685,1597,32723,0,0,1384,24744,1238,16809,1384,41553,California
Yolo,2021-02-27,1686,60094,786,26471,900,33623,0,0,1229,25516,457,17266,1229,42782,California
Yolo,2021-02-28,1838,61932,1537,28008,301,33924,0,0,720,25121,1116,18382,721,43503,California
Yolo,2021-03-01,1129,63061,374,28382,755,34679,0,0,679,25352,448,18830,679,44182,California
Yolo,2021-03-02,1476,64537,696,29078,780,35459,0,0,943,25762,533,19363,943,45125,California
Yolo,2021-03-03,1857,66394,638,29716,1219,36678,0,0,832,25571,1023,20386,832,45957,California
Yolo,2021-03-04,2923,69317,1477,31193,1446,38124,0,0,1567,25785,1353,21739,1567,47524,California
Yolo,2021-03-05,2361,71678,1412,32605,938,39062,11,11,1470,26377,889,22628,1481,49005,California
Yolo,2021-03-06,1495,73173,1144,33749,322,39384,29,40,851,26615,642,23270,880,49885,California
Yolo,2021-03-07,916,74089,680,34429,222,39606,14,54,784,27281,132,23402,798,50683,California
Yolo,2021-03-08,1097,75186,490,34919,564,40170,43,97,763,27756,332,23734,807,51490,California
Yolo,2021-03-09,1272,76458,682,35601,527,40697,63,160,780,28109,490,24224,843,52333,California
Yolo,2021-03-10,1817,78275,1062,36663,465,41162,290,450,752,28083,1061,25285,1035,53368,California
Yolo,2021-03-11,2348,80623,1608,38271,672,41834,68,518,1609,29023,738,26023,1678,55046,California
Yolo,2021-03-12,2907,83530,1355,39626,1471,43305,81,599,1373,28950,1526,27549,1453,56499,California
Yolo,2021-03-13,1848,85378,731,40357,941,44246,176,775,1002,29285,843,28392,1178,57677,California
Yolo,2021-03-14,1016,86394,208,40565,660,44906,148,923,536,29484,479,28871,678,58355,California
Yolo,2021-03-15,1324,87718,772,41337,370,45276,182,1105,710,29761,612,29483,889,59244,California
Yolo,2021-03-16,1878,89596,720,42057,1086,46362,72,1177,1110,30175,768,30251,1182,60426,California
Yolo,2021-03-17,2509,92105,980,43037,1457,47819,72,1249,1720,31213,786,31037,1824,62250,California
Yolo,2021-03-18,3031,95136,1039,44076,1770,49589,222,1471,1260,30927,1767,32804,1481,63731,California
Yolo,2021-03-19,2098,97234,874,44950,1156,50745,68,1539,1091,31086,1000,33804,1159,64890,California
Yolo,2021-03-20,2779,100013,822,45772,1914,52659,43,1582,1096,30550,1677,35481,1141,66031,California
Yolo,2021-03-21,318,100331,215,45987,95,52754,8,1590,208,30657,109,35590,216,66247,California
Yolo,2021-03-22,1408,101739,490,46477,857,53611,61,1651,919,31150,486,36076,979,67226,California
Yolo,2021-03-23,1741,103480,937,47414,746,54357,58,1709,1066,31599,674,36750,1123,68349,California
Yolo,2021-03-24,2882,106362,1410,48824,1422,55779,50,1759,1406,31592,1464,38214,1457,69806,California
Yolo,2021-03-25,2552,108914,1415,50239,1109,56888,28,1787,1251,31581,1290,39504,1279,71085,California
Yolo,2021-03-26,2390,111304,1256,51495,1115,58003,19,1806,1018,31252,1365,40869,1036,72121,California
Yolo,2021-03-27,1657,112961,463,51958,1176,59179,18,1824,752,31118,904,41773,770,72891,California
Yolo,2021-03-28,1107,114068,865,52823,224,59403,18,1842,249,30531,853,42626,266,73157,California
Yolo,2021-03-29,2013,116081,819,53642,1164,60567,30,1872,963,30478,1046,43672,993,74150,California
Yolo,2021-03-30,2277,118358,1084,54726,1171,61738,22,1894,1167,30562,1105,44777,1189,75339,California
Yolo,2021-03-31,2357,120715,1229,55955,1092,62830,36,1930,1193,30628,1163,45940,1229,76568,California
Yolo,2021-04-01,3850,124565,1862,57817,1514,64344,474,2404,1614,30482,2233,48173,2087,78655,California
Yolo,2021-04-02,3394,127959,1517,59334,1730,66074,147,2551,2105,31451,1283,49456,2252,80907,California
Yolo,2021-04-03,1822,129781,1097,60431,504,66578,221,2772,812,31475,1009,50465,1033,81940,California
Yolo,2021-04-04,395,130176,156,60587,178,66756,61,2833,146,31433,249,50714,207,82147,California
Yolo,2021-04-05,1929,132105,742,61329,1087,67843,100,2933,1021,31652,903,51617,1122,83269,California
Yolo,2021-04-06,2580,134685,1320,62649,1091,68934,169,3102,1303,31857,1268,52885,1473,84742,California
Yolo,2021-04-07,2990,137675,1524,64173,1109,70043,357,3459,1926,33086,1058,53943,2287,87029,California
Yolo,2021-04-08,2422,140097,1007,65180,941,70984,474,3933,1024,33185,1395,55338,1494,88523,California
Yolo,2021-04-09,2578,142675,920,66100,1089,72073,569,4502,850,32872,1725,57063,1412,89935,California
Yolo,2021-04-10,1759,144434,828,66928,749,72822,182,4684,1039,33375,717,57780,1220,91155,California
Yolo,2021-04-11,915,145349,286,67214,575,73397,54,4738,372,33261,540,58320,426,91581,California
Yolo,2021-04-12,1764,147113,522,67736,1100,74497,142,4880,1096,33834,665,58985,1238,92819,California
Yolo,2021-04-13,1983,149096,915,68651,1068,75565,0,4880,1047,33946,935,59920,1047,93866,California
Yolo,2021-04-14,2782,151878,766,69417,2016,77581,0,4880,1371,33912,1406,61326,1372,95238,California
Yolo,2021-04-15,3322,155200,1139,70556,2183,79764,0,4880,2282,35160,1035,62361,2283,97521,California
Yolo,2021-04-16,3042,158242,1968,72524,1074,80838,0,4880,1943,36010,1093,63454,1943,99464,California
Yolo,2021-04-17,1606,159848,470,72994,1136,81974,0,4880,834,36075,769,64223,834,100298,California
Yolo,2021-04-18,629,160477,301,73295,328,82302,0,4880,351,36152,274,64497,351,100649,California
Yolo,2021-04-19,1669,162146,714,74009,954,83256,1,4881,765,36019,899,65396,766,101415,California
Yolo,2021-04-20,2005,164151,1017,75026,988,84244,0,4881,1076,36168,927,66323,1076,102491,California
Yolo,2021-04-21,1980,166131,985,76011,995,85239,0,4881,1071,36335,904,67227,1071,103562,California
Yolo,2021-04-22,1942,168073,879,76890,1063,86302,0,4881,964,36327,973,68200,965,104527,California
Yolo,2021-04-23,2614,170687,1530,78420,1084,87386,0,4881,1164,36052,1439,69639,1164,105691,California
Yolo,2021-04-24,1165,171852,644,79064,519,87905,2,4883,461,35818,697,70336,463,106154,California
Yolo,2021-04-25,951,172803,410,79474,541,88446,0,4883,731,36330,219,70555,731,106885,California
Yolo,2021-04-26,1207,174010,474,79948,730,89176,3,4886,511,36152,693,71248,515,107400,California
Yolo,2021-04-27,1520,175530,718,80666,791,89967,11,4897,595,35835,925,72173,608,108008,California
Yolo,2021-04-28,2048,177578,1010,81676,1011,90978,27,4924,742,35302,1302,73475,769,108777,California
Yolo,2021-04-29,1753,179331,817,82493,854,91832,82,5006,693,35019,1057,74532,774,109551,California
Yolo,2021-04-30,2007,181338,990,83483,959,92791,58,5064,957,34990,1043,75575,1014,110565,California
Yolo,2021-05-01,1288,182626,998,84481,270,93061,20,5084,378,34479,909,76484,398,110963,California
Yolo,2021-05-02,523,183149,430,84911,70,93131,23,5107,326,34631,197,76681,349,111312,California
Yolo,2021-05-03,1120,184269,407,85318,680,93811,33,5140,300,34145,818,77499,332,111644,California
Yolo,2021-05-04,1452,185721,675,85993,754,94565,23,5163,503,33726,945,78444,526,112170,California
Yolo,2021-05-05,1554,187275,426,86419,1063,95628,65,5228,444,33132,1103,79547,509,112679,California
Yolo,2021-05-06,1502,188777,702,87121,719,96347,81,5309,490,32703,1000,80547,571,113250,California
Yolo,2021-05-07,2317,191094,1395,88516,871,97218,51,5360,466,31375,1843,82390,515,113765,California
Yolo,2021-05-08,844,191938,363,88879,424,97642,57,5417,315,31220,526,82916,371,114136,California
Yolo,2021-05-09,393,192331,162,89041,218,97860,13,5430,90,31021,302,83218,103,114239,California
Yolo,2021-05-10,898,193229,353,89394,500,98360,45,5475,151,30471,745,83963,195,114434,California
Yolo,2021-05-11,1123,194352,650,90044,452,98812,21,5496,272,29916,848,84811,293,114727,California
Yolo,2021-05-12,1501,195853,663,90707,809,99621,29,5525,281,29012,1217,86028,313,115040,California
Yolo,2021-05-13,2077,197930,789,91496,1236,100857,52,5577,591,28173,1482,87510,643,115683,California
Yolo,2021-05-14,2036,199966,1519,93015,486,101343,31,5608,1159,28489,874,88384,1190,116873,California
Yolo,2021-05-15,1244,201210,704,93719,493,101836,47,5655,641,28574,603,88987,688,117561,California
Yolo,2021-05-16,1411,202621,1199,94918,206,102042,6,5661,987,29149,418,89405,993,118554,California
Yolo,2021-05-17,1083,203704,393,95311,671,102713,19,5680,322,28733,757,90162,341,118895,California
Yolo,2021-05-18,1688,205392,1107,96418,562,103275,19,5699,922,28913,761,90923,941,119836,California
Yolo,2021-05-19,996,206388,582,97000,378,103653,36,5735,487,28929,507,91430,523,120359,California
Yolo,2021-05-20,931,207319,618,97618,291,103944,22,5757,351,28728,574,92004,373,120732,California
Yolo,2021-05-21,1254,208573,841,98459,394,104338,19,5776,322,28140,927,92931,339,121071,California
Yolo,2021-05-22,670,209243,467,98926,196,104534,7,5783,258,27996,409,93340,265,121336,California
Yolo,2021-05-23,511,209754,113,99039,384,104918,14,5797,90,27680,420,93760,104,121440,California
Yolo,2021-05-24,704,210458,347,99386,338,105256,19,5816,218,27435,483,94243,238,121678,California
Yolo,2021-05-25,879,211337,509,99895,348,105604,22,5838,348,27280,525,94768,370,122048,California
Yolo,2021-05-26,799,212136,258,100153,509,106113,32,5870,246,27009,549,95317,278,122326,California
Yolo,2021-05-27,757,212893,379,100532,327,106440,51,5921,303,26913,450,95767,354,122680,California
Yolo,2021-05-28,865,213758,393,100925,444,106884,28,5949,369,26817,492,96259,396,123076,California
Yolo,2021-05-29,593,214351,342,101267,214,107098,37,5986,272,26805,319,96578,307,123383,California
Yolo,2021-05-30,127,214478,70,101337,51,107149,6,5992,54,26794,71,96649,60,123443,California
Yolo,2021-05-31,68,214546,18,101355,48,107197,2,5994,16,26759,52,96701,17,123460,California
Yolo,2021-06-01,748,215294,321,101676,402,107599,25,6019,261,26564,481,97182,286,123746,California
Yolo,2021-06-02,757,216051,302,101978,434,108033,21,6040,249,26329,505,97687,270,124016,California
Yolo,2021-06-03,923,216974,593,102571,307,108340,23,6063,250,25932,670,98357,273,124289,California
Yolo,2021-06-04,1484,218458,1218,103789,245,108585,21,6084,379,25230,1102,99459,400,124689,California
Yolo,2021-06-05,713,219171,546,104335,151,108736,16,6100,170,24874,541,100000,185,124874,California
Yolo,2021-06-06,1108,220279,1041,105376,59,108795,8,6108,181,24137,926,100926,189,125063,California
Yolo,2021-06-07,370,220649,168,105544,185,108980,17,6125,103,23991,264,101190,118,125181,California
Yuba,2020-12-16,4,4,4,4,0,0,0,0,4,4,0,0,4,4,California
Yuba,2020-12-17,4,8,4,8,0,0,0,0,4,8,0,0,4,8,California
Yuba,2020-12-18,8,16,8,16,0,0,0,0,8,16,0,0,8,16,California
Yuba,2020-12-19,12,28,12,28,0,0,0,0,12,28,0,0,12,28,California
Yuba,2020-12-20,19,47,19,47,0,0,0,0,19,47,0,0,19,47,California
Yuba,2020-12-21,40,87,40,87,0,0,0,0,40,87,0,0,40,87,California
Yuba,2020-12-22,86,173,86,173,0,0,0,0,86,173,0,0,86,173,California
Yuba,2020-12-23,65,238,63,236,2,2,0,0,65,238,0,0,65,238,California
Yuba,2020-12-24,20,258,10,246,10,12,0,0,20,258,0,0,20,258,California
Yuba,2020-12-26,14,272,13,259,1,13,0,0,14,272,0,0,14,272,California
Yuba,2020-12-27,15,287,15,274,0,13,0,0,15,287,0,0,15,287,California
Yuba,2020-12-28,50,337,34,308,16,29,0,0,50,337,0,0,50,337,California
Yuba,2020-12-29,76,413,10,318,66,95,0,0,76,413,0,0,76,413,California
Yuba,2020-12-30,66,479,21,339,45,140,0,0,66,479,0,0,66,479,California
Yuba,2020-12-31,37,516,6,345,31,171,0,0,37,516,0,0,37,516,California
Yuba,2021-01-02,23,539,22,367,1,172,0,0,23,539,0,0,23,539,California
Yuba,2021-01-03,10,549,6,373,4,176,0,0,10,549,0,0,10,549,California
Yuba,2021-01-04,93,642,23,396,70,246,0,0,93,642,0,0,93,642,California
Yuba,2021-01-05,71,713,38,434,33,279,0,0,70,711,1,1,70,712,California
Yuba,2021-01-06,154,867,76,510,78,357,0,0,148,853,6,7,148,860,California
Yuba,2021-01-07,75,942,19,529,56,413,0,0,72,921,4,11,72,932,California
Yuba,2021-01-08,73,1015,24,553,49,462,0,0,66,980,7,18,66,998,California
Yuba,2021-01-09,18,1033,16,569,2,464,0,0,10,982,8,26,10,1008,California
Yuba,2021-01-10,117,1150,22,591,95,559,0,0,95,1055,22,48,95,1103,California
Yuba,2021-01-11,72,1222,50,641,22,581,0,0,32,1047,40,88,32,1135,California
Yuba,2021-01-12,107,1329,78,719,29,610,0,0,42,1024,65,153,42,1177,California
Yuba,2021-01-13,119,1448,72,791,47,657,0,0,54,1014,64,217,54,1231,California
Yuba,2021-01-14,112,1560,43,834,69,726,0,0,100,1102,12,229,100,1331,California
Yuba,2021-01-15,202,1762,87,921,115,841,0,0,191,1282,11,240,191,1522,California
Yuba,2021-01-16,186,1948,21,942,165,1006,0,0,173,1442,13,253,173,1695,California
Yuba,2021-01-17,13,1961,9,951,4,1010,0,0,7,1443,6,259,7,1702,California
Yuba,2021-01-18,61,2022,31,982,30,1040,0,0,37,1456,24,283,37,1739,California
Yuba,2021-01-19,82,2104,32,1014,50,1090,0,0,66,1506,16,299,66,1805,California
Yuba,2021-01-20,135,2239,87,1101,48,1138,0,0,112,1595,23,322,112,1917,California
Yuba,2021-01-21,215,2454,98,1199,117,1255,0,0,207,1794,8,330,207,2124,California
Yuba,2021-01-22,104,2558,6,1205,98,1353,0,0,95,1880,9,339,95,2219,California
Yuba,2021-01-23,201,2759,7,1212,194,1547,0,0,199,2077,2,341,199,2418,California
Yuba,2021-01-24,10,2769,7,1219,3,1550,0,0,8,2083,2,343,8,2426,California
Yuba,2021-01-25,86,2855,30,1249,56,1606,0,0,53,2104,32,375,53,2479,California
Yuba,2021-01-26,148,3003,39,1288,109,1715,0,0,90,2136,58,433,90,2569,California
Yuba,2021-01-27,186,3189,130,1418,56,1771,0,0,117,2184,69,502,117,2686,California
Yuba,2021-01-28,225,3414,89,1507,136,1907,0,0,173,2305,52,554,173,2859,California
Yuba,2021-01-29,152,3566,46,1553,106,2013,0,0,113,2379,39,593,113,2972,California
Yuba,2021-01-30,414,3980,23,1576,391,2404,0,0,403,2771,11,604,403,3375,California
Yuba,2021-01-31,18,3998,12,1588,6,2410,0,0,16,2785,2,606,16,3391,California
Yuba,2021-02-01,156,4154,75,1663,81,2491,0,0,131,2893,24,630,132,3523,California
Yuba,2021-02-02,123,4277,21,1684,102,2593,0,0,101,2972,22,652,101,3624,California
Yuba,2021-02-03,227,4504,30,1714,197,2790,0,0,115,2976,111,763,115,3739,California
Yuba,2021-02-04,294,4798,118,1832,176,2966,0,0,250,3182,44,807,250,3989,California
Yuba,2021-02-05,150,4948,33,1865,117,3083,0,0,73,3178,77,884,73,4062,California
Yuba,2021-02-06,448,5396,23,1888,425,3508,0,0,441,3612,7,891,441,4503,California
Yuba,2021-02-07,19,5415,13,1901,6,3514,0,0,15,3623,4,895,15,4518,California
Yuba,2021-02-08,97,5512,37,1938,60,3574,0,0,68,3662,29,924,68,4586,California
Yuba,2021-02-09,155,5667,57,1995,98,3672,0,0,86,3679,69,993,86,4672,California
Yuba,2021-02-10,361,6028,175,2170,186,3858,0,0,120,3559,240,1233,120,4792,California
Yuba,2021-02-11,398,6426,66,2236,332,4190,0,0,301,3765,95,1328,301,5093,California
Yuba,2021-02-12,263,6689,25,2261,238,4428,0,0,150,3802,113,1441,150,5243,California
Yuba,2021-02-13,434,7123,35,2296,399,4827,0,0,383,4134,51,1492,383,5626,California
Yuba,2021-02-14,51,7174,10,2306,41,4868,0,0,46,4175,5,1497,46,5672,California
Yuba,2021-02-15,88,7262,36,2342,52,4920,0,0,68,4223,20,1517,68,5740,California
Yuba,2021-02-16,199,7461,52,2394,147,5067,0,0,140,4305,58,1575,140,5880,California
Yuba,2021-02-17,380,7841,157,2551,223,5290,0,0,102,4130,277,1852,102,5982,California
Yuba,2021-02-18,314,8155,48,2599,266,5556,0,0,192,4200,122,1974,192,6174,California
Yuba,2021-02-19,226,8381,82,2681,144,5700,0,0,142,4258,84,2058,142,6316,California
Yuba,2021-02-20,391,8772,30,2711,361,6061,0,0,337,4541,54,2112,337,6653,California
Yuba,2021-02-21,17,8789,14,2725,3,6064,0,0,7,4538,10,2122,7,6660,California
Yuba,2021-02-22,128,8917,79,2804,49,6113,0,0,39,4489,88,2210,39,6699,California
Yuba,2021-02-23,116,9033,26,2830,90,6203,0,0,49,4472,66,2276,49,6748,California
Yuba,2021-02-24,485,9518,137,2967,348,6551,0,0,106,4199,379,2655,106,6854,California
Yuba,2021-02-25,340,9858,136,3103,204,6755,0,0,215,4289,125,2780,215,7069,California
Yuba,2021-02-26,264,10122,71,3174,193,6948,0,0,147,4321,115,2895,147,7216,California
Yuba,2021-02-27,470,10592,46,3220,424,7372,0,0,384,4621,84,2979,384,7600,California
Yuba,2021-02-28,69,10661,21,3241,48,7420,0,0,48,4648,21,3000,48,7648,California
Yuba,2021-03-01,161,10822,44,3285,117,7537,0,0,80,4648,80,3080,80,7728,California
Yuba,2021-03-02,163,10985,37,3322,126,7663,0,0,82,4649,81,3161,82,7810,California
Yuba,2021-03-03,631,11616,159,3481,472,8135,0,0,203,4425,427,3588,203,8013,California
Yuba,2021-03-04,471,12087,272,3753,199,8334,0,0,326,4607,144,3732,326,8339,California
Yuba,2021-03-05,319,12406,57,3810,261,8595,1,1,253,4795,66,3798,254,8593,California
Yuba,2021-03-06,474,12880,33,3843,437,9032,4,5,368,5062,105,3903,372,8965,California
Yuba,2021-03-07,52,12932,28,3871,23,9055,1,6,38,5087,14,3917,39,9004,California
Yuba,2021-03-08,161,13093,50,3921,95,9150,16,22,100,5142,61,3978,116,9120,California
Yuba,2021-03-09,176,13269,45,3966,111,9261,20,42,83,5152,93,4071,103,9223,California
Yuba,2021-03-10,741,14010,235,4201,476,9737,30,72,232,4906,508,4579,262,9485,California
Yuba,2021-03-11,440,14450,196,4397,231,9968,13,85,294,5067,146,4725,307,9792,California
Yuba,2021-03-12,462,14912,84,4481,324,10292,54,139,152,4963,310,5035,206,9998,California
Yuba,2021-03-13,459,15371,342,4823,102,10394,15,154,362,5244,96,5131,377,10375,California
Yuba,2021-03-14,107,15478,20,4843,77,10471,10,164,48,5244,58,5189,58,10433,California
Yuba,2021-03-15,193,15671,51,4894,126,10597,16,180,100,5267,93,5282,116,10549,California
Yuba,2021-03-16,299,15970,73,4967,202,10799,24,204,184,5361,114,5396,208,10757,California
Yuba,2021-03-17,748,16718,166,5133,552,11351,30,234,198,5041,548,5944,228,10985,California
Yuba,2021-03-18,583,17301,158,5291,310,11661,115,349,354,5280,229,6173,468,11453,California
Yuba,2021-03-19,330,17631,119,5410,161,11822,50,399,187,5375,142,6315,237,11690,California
Yuba,2021-03-20,559,18190,82,5492,460,12282,17,416,479,5792,79,6394,496,12186,California
Yuba,2021-03-21,62,18252,36,5528,26,12308,0,416,49,5828,13,6407,49,12235,California
Yuba,2021-03-22,194,18446,72,5600,115,12423,7,423,152,5945,42,6449,159,12394,California
Yuba,2021-03-23,266,18712,79,5679,159,12582,28,451,178,6065,86,6535,206,12600,California
Yuba,2021-03-24,768,19480,257,5936,432,13014,79,530,188,5754,578,7113,267,12867,California
Yuba,2021-03-25,511,19991,271,6207,218,13232,22,552,255,5775,256,7369,277,13144,California
Yuba,2021-03-26,397,20388,141,6348,227,13459,29,581,225,5858,171,7540,254,13398,California
Yuba,2021-03-27,460,20848,29,6377,428,13887,3,584,406,6213,53,7593,408,13806,California
Yuba,2021-03-28,101,20949,42,6419,55,13942,4,588,34,6184,67,7660,38,13844,California
Yuba,2021-03-29,298,21247,88,6507,178,14120,32,620,182,6282,116,7776,214,14058,California
Yuba,2021-03-30,276,21523,67,6574,201,14321,8,628,190,6394,86,7862,198,14256,California
Yuba,2021-03-31,678,22201,113,6687,553,14874,12,640,242,6214,434,8296,254,14510,California
Yuba,2021-04-01,623,22824,288,6975,307,15181,28,668,291,6201,332,8628,319,14829,California
Yuba,2021-04-02,502,23326,96,7071,322,15503,84,752,187,6157,314,8942,270,15099,California
Yuba,2021-04-03,657,23983,56,7127,117,15620,484,1236,88,6161,568,9510,572,15671,California
Yuba,2021-04-04,62,24045,11,7138,44,15664,7,1243,33,6172,29,9539,40,15711,California
Yuba,2021-04-05,249,24294,83,7221,145,15809,21,1264,125,6195,122,9661,145,15856,California
Yuba,2021-04-06,353,24647,113,7334,179,15988,61,1325,170,6243,182,9843,230,16086,California
Yuba,2021-04-07,789,25436,409,7743,326,16314,54,1379,357,6224,429,10272,410,16496,California
Yuba,2021-04-08,752,26188,293,8036,194,16508,265,1644,280,6298,471,10743,545,17041,California
Yuba,2021-04-09,407,26595,171,8207,168,16676,68,1712,171,6302,235,10978,239,17280,California
Yuba,2021-04-10,599,27194,72,8279,78,16754,449,2161,71,6295,526,11504,519,17799,California
Yuba,2021-04-11,108,27302,28,8307,68,16822,12,2173,46,6292,61,11565,58,17857,California
Yuba,2021-04-12,213,27515,46,8353,137,16959,30,2203,79,6268,133,11698,109,17966,California
Yuba,2021-04-13,400,27915,103,8456,297,17256,0,2203,203,6275,196,11894,203,18169,California
Yuba,2021-04-14,705,28620,110,8566,595,17851,0,2203,123,5820,580,12474,125,18294,California
Yuba,2021-04-15,342,28962,133,8699,209,18060,0,2203,150,5778,192,12666,150,18444,California
Yuba,2021-04-16,335,29297,96,8795,239,18299,0,2203,178,5800,156,12822,178,18622,California
Yuba,2021-04-17,407,29704,60,8855,347,18646,0,2203,333,6060,73,12895,333,18955,California
Yuba,2021-04-18,55,29759,10,8865,45,18691,0,2203,25,6055,30,12925,25,18980,California
Yuba,2021-04-19,249,30008,105,8970,144,18835,0,2203,104,6014,145,13070,104,19084,California
Yuba,2021-04-20,321,30329,81,9051,240,19075,0,2203,180,6055,140,13210,181,19265,California
Yuba,2021-04-21,698,31027,279,9330,419,19494,0,2203,295,5947,403,13613,295,19560,California
Yuba,2021-04-22,359,31386,138,9468,221,19715,0,2203,203,5994,156,13769,203,19763,California
Yuba,2021-04-23,352,31738,115,9583,237,19952,0,2203,167,5978,183,13952,167,19930,California
Yuba,2021-04-24,214,31952,67,9650,147,20099,0,2203,120,6004,94,14046,120,20050,California
Yuba,2021-04-25,73,32025,30,9680,43,20142,0,2203,36,6003,37,14083,36,20086,California
Yuba,2021-04-26,234,32259,56,9736,174,20316,4,2207,106,5985,128,14211,110,20196,California
Yuba,2021-04-27,480,32739,163,9899,307,20623,10,2217,239,5995,239,14450,249,20445,California
Yuba,2021-04-28,434,33173,175,10074,254,20877,5,2222,149,5870,279,14729,154,20599,California
Yuba,2021-04-29,438,33611,71,10145,366,21243,1,2223,152,5738,285,15014,153,20752,California
Yuba,2021-04-30,324,33935,90,10235,204,21447,30,2253,137,5720,185,15199,167,20919,California
Yuba,2021-05-01,206,34141,91,10326,96,21543,19,2272,92,5718,113,15312,111,21030,California
Yuba,2021-05-02,73,34214,43,10369,26,21569,4,2276,38,5725,35,15347,42,21072,California
Yuba,2021-05-03,163,34377,65,10434,90,21659,8,2284,52,5676,109,15456,60,21132,California
Yuba,2021-05-04,323,34700,94,10528,208,21867,21,2305,145,5664,178,15634,166,21298,California
Yuba,2021-05-05,315,35015,77,10605,231,22098,7,2312,112,5580,203,15837,119,21417,California
Yuba,2021-05-06,275,35290,102,10707,134,22232,39,2351,89,5525,183,16020,128,21545,California
Yuba,2021-05-07,357,35647,91,10798,238,22470,28,2379,120,5435,237,16257,147,21692,California
Yuba,2021-05-08,107,35754,32,10830,70,22540,5,2384,46,5425,61,16318,51,21743,California
Yuba,2021-05-09,52,35806,23,10853,26,22566,3,2387,37,5450,15,16333,40,21783,California
Yuba,2021-05-10,172,35978,56,10909,98,22664,18,2405,54,5405,117,16450,72,21855,California
Yuba,2021-05-11,371,36349,166,11075,192,22856,13,2418,137,5322,232,16682,149,22004,California
Yuba,2021-05-12,251,36600,126,11201,118,22974,7,2425,99,5276,152,16834,106,22110,California
Yuba,2021-05-13,347,36947,190,11391,114,23088,43,2468,110,5194,235,17069,153,22263,California
Yuba,2021-05-14,369,37316,140,11531,208,23296,21,2489,160,5165,209,17278,180,22443,California
Yuba,2021-05-15,435,37751,110,11641,304,23600,21,2510,111,4974,322,17600,131,22574,California
Yuba,2021-05-16,140,37891,44,11685,87,23687,9,2519,85,5014,54,17654,94,22668,California
Yuba,2021-05-17,215,38106,90,11775,105,23792,20,2539,93,5007,120,17774,113,22781,California
Yuba,2021-05-18,388,38494,159,11934,220,24012,9,2548,165,4958,223,17997,174,22955,California
Yuba,2021-05-19,261,38755,144,12078,111,24123,6,2554,135,4973,126,18123,141,23096,California
Yuba,2021-05-20,407,39162,290,12368,106,24229,11,2565,255,5088,151,18274,266,23362,California
Yuba,2021-05-21,476,39638,253,12621,216,24445,7,2572,299,5219,175,18449,306,23668,California
Yuba,2021-05-22,202,39840,116,12737,76,24521,10,2582,88,5203,114,18563,98,23766,California
Yuba,2021-05-23,38,39878,24,12761,12,24533,2,2584,28,5223,10,18573,30,23796,California
Yuba,2021-05-24,151,40029,47,12808,90,24623,14,2598,46,5179,104,18677,60,23856,California
Yuba,2021-05-25,314,40343,108,12916,190,24813,16,2614,116,5114,197,18874,132,23988,California
Yuba,2021-05-26,231,40574,100,13016,117,24930,14,2628,91,5080,139,19013,105,24093,California
Yuba,2021-05-27,248,40822,76,13092,160,25090,12,2640,109,5063,138,19151,121,24214,California
Yuba,2021-05-28,245,41067,113,13205,130,25220,2,2642,124,5070,119,19270,126,24340,California
Yuba,2021-05-29,161,41228,65,13270,74,25294,22,2664,92,5116,68,19338,114,24454,California
Yuba,2021-05-30,50,41278,20,13290,25,25319,5,2669,20,5111,30,19368,25,24479,California
Yuba,2021-05-31,31,41309,3,13293,21,25340,7,2676,11,5109,20,19388,18,24497,California
Yuba,2021-06-01,244,41553,106,13399,132,25472,6,2682,90,5054,150,19538,95,24592,California
Yuba,2021-06-02,198,41751,78,13477,113,25585,7,2689,71,5006,126,19664,78,24670,California
Yuba,2021-06-03,174,41925,101,13578,68,25653,5,2694,68,4973,106,19770,73,24743,California
Yuba,2021-06-04,248,42173,122,13700,115,25768,11,2705,83,4902,165,19935,94,24837,California
Yuba,2021-06-05,194,42367,148,13848,42,25810,4,2709,90,4893,103,20038,94,24931,California
Yuba,2021-06-06,106,42473,89,13937,13,25823,4,2713,22,4836,83,20121,26,24957,California
Yuba,2021-06-07,61,42534,10,13947,43,25866,8,2721,17,4817,44,20165,25,24982,California
